return {
  ["KeyframeSequence"] = {
    {Time = 0.000, Data = {
      ["Head"] = CFrame.new(-0.000977, 0.067360, -0.024537, 0.999864, 0.006038, -0.015367, -0.005978, 0.999974, 0.003996, 0.015391, -0.003903, 0.999874),
      ["LeftFoot"] = CFrame.new(0.000000, -0.084112, -0.000004, 0.997668, -0.052213, -0.043962, 0.054580, 0.997022, 0.054482, 0.040994, -0.056755, 0.997547),
      ["LeftHand"] = CFrame.new(0.000500, 0.000101, 0.000000, 0.998554, 0.049751, -0.020374, -0.049329, 0.998568, 0.020722, 0.021375, -0.019686, 0.999578),
      ["LeftLowerArm"] = CFrame.new(0.005666, -0.026591, 0.010735, 1.000000, -0.000000, -0.000000, 0.000000, 0.997995, -0.063290, 0.000000, 0.063290, 0.997995),
      ["LeftLowerLeg"] = CFrame.new(-0.000000, -0.083424, -0.001005, 1.000000, -0.000000, -0.000000, 0.000000, 1.000000, -0.000007, -0.000000, -0.000011, 1.000000),
      ["LeftUpperArm"] = CFrame.new(0.056978, 0.066198, 0.021086, 0.992567, 0.079771, -0.091904, -0.075460, 0.995921, 0.049464, 0.095475, -0.042161, 0.994539),
      ["LeftUpperLeg"] = CFrame.new(-0.000723, -0.097399, -0.061041, 0.995008, 0.055408, 0.082996, -0.045201, 0.991725, -0.120139, -0.088977, 0.115810, 0.989282),
      ["LowerTorso"] = CFrame.new(0.414860, 1.845770, 0.248095, 0.998325, 0.014473, -0.056019, -0.011143, 0.998178, 0.059294, 0.056775, -0.058571, 0.996668),
      ["RightFoot"] = CFrame.new(0.000000, -0.088644, -0.000104, 0.999999, -0.000778, -0.000654, 0.000844, 0.995576, 0.093972, 0.000613, -0.093954, 0.995575),
      ["RightHand"] = CFrame.new(-0.000500, 0.000000, -0.000000, 0.999992, -0.003397, 0.002252, 0.003462, 0.999559, -0.029487, -0.002151, 0.029495, 0.999563),
      ["RightLowerArm"] = CFrame.new(-0.011635, -0.042652, -0.003746, 1.000000, 0.000000, 0.000000, -0.000000, 0.999962, 0.008770, -0.000000, -0.008770, 0.999962),
      ["RightLowerLeg"] = CFrame.new(0.000000, -0.087963, -0.001121, 1.000000, -0.000000, 0.000000, 0.000000, 1.000000, -0.000018, -0.000000, -0.000021, 1.000000),
      ["RightUpperArm"] = CFrame.new(-0.880051, -1.589325, -0.665637, 0.999305, -0.017000, 0.033178, 0.032597, -0.033404, -0.998910, 0.018090, 0.999297, -0.032827),
      ["RightUpperLeg"] = CFrame.new(-0.016717, -0.066244, -0.093048, 0.997931, 0.005192, 0.064047, 0.001521, 0.994534, -0.104373, -0.064275, 0.104281, 0.992474),
      ["UpperTorso"] = CFrame.new(-0.021286, 0.007112, 0.095159, 0.997984, 0.033823, 0.053711, -0.035229, 0.999055, 0.025445, -0.052799, -0.027286, 0.998232)
    }},
    {Time = 0.017, Data = {
      ["Head"] = CFrame.new(-0.000977, 0.067360, -0.024537, 0.999864, 0.006038, -0.015367, -0.005978, 0.999974, 0.003996, 0.015391, -0.003903, 0.999874),
      ["LeftFoot"] = CFrame.new(-0.000000, -0.083806, -0.000004, 0.997654, -0.052368, -0.044092, 0.054516, 0.997309, 0.049025, 0.041414, -0.051315, 0.997824),
      ["LeftHand"] = CFrame.new(0.000500, 0.000100, 0.000000, 0.998554, 0.049751, -0.020374, -0.049329, 0.998568, 0.020722, 0.021375, -0.019686, 0.999578),
      ["LeftLowerArm"] = CFrame.new(0.005666, -0.026591, 0.010735, 1.000000, -0.000000, -0.000000, 0.000000, 0.997995, -0.063290, 0.000000, 0.063290, 0.997995),
      ["LeftLowerLeg"] = CFrame.new(-0.000000, -0.083120, -0.001001, 1.000000, -0.000000, 0.000000, 0.000000, 1.000000, -0.000008, -0.000000, -0.000011, 1.000000),
      ["LeftUpperArm"] = CFrame.new(0.056978, 0.066198, 0.021086, 0.992567, 0.079771, -0.091904, -0.075460, 0.995921, 0.049464, 0.095475, -0.042161, 0.994539),
      ["LeftUpperLeg"] = CFrame.new(-0.000723, -0.097399, -0.061041, 0.994988, 0.055114, 0.083420, -0.045347, 0.992359, -0.114726, -0.089116, 0.110390, 0.989888),
      ["LowerTorso"] = CFrame.new(0.414860, 1.845770, 0.237604, 0.998325, 0.014473, -0.056019, -0.011143, 0.998178, 0.059294, 0.056775, -0.058571, 0.996668),
      ["RightFoot"] = CFrame.new(-0.000000, -0.088415, -0.000104, 0.999999, -0.000816, -0.000686, 0.000881, 0.996073, 0.088552, 0.000646, -0.088533, 0.996071),
      ["RightHand"] = CFrame.new(-0.000500, 0.000001, 0.000000, 0.999992, -0.003397, 0.002252, 0.003462, 0.999559, -0.029487, -0.002151, 0.029495, 0.999563),
      ["RightLowerArm"] = CFrame.new(-0.011635, -0.042652, -0.003746, 1.000000, 0.000000, 0.000000, -0.000000, 0.999962, 0.008770, -0.000000, -0.008770, 0.999962),
      ["RightLowerLeg"] = CFrame.new(0.000000, -0.087734, -0.001118, 1.000000, -0.000000, 0.000000, 0.000000, 1.000000, -0.000018, -0.000000, -0.000021, 1.000000),
      ["RightUpperArm"] = CFrame.new(-0.880049, -1.589355, -0.665279, 0.999305, -0.017000, 0.033178, 0.032597, -0.033404, -0.998910, 0.018090, 0.999297, -0.032827),
      ["RightUpperLeg"] = CFrame.new(-0.016717, -0.066244, -0.093048, 0.997929, 0.004884, 0.064103, 0.001484, 0.995088, -0.098958, -0.064307, 0.098874, 0.993025),
      ["UpperTorso"] = CFrame.new(-0.021359, 0.007188, 0.093868, 0.997984, 0.033823, 0.053711, -0.035229, 0.999055, 0.025445, -0.052799, -0.027286, 0.998232)
    }},
    {Time = 0.033, Data = {
      ["Head"] = CFrame.new(-0.000977, 0.067360, -0.024537, 0.999864, 0.006038, -0.015367, -0.005978, 0.999974, 0.003996, 0.015391, -0.003903, 0.999874),
      ["LeftFoot"] = CFrame.new(0.000000, -0.083100, -0.000004, 0.997614, -0.052812, -0.044466, 0.054329, 0.997956, 0.033644, 0.042606, -0.035982, 0.998444),
      ["LeftHand"] = CFrame.new(0.000500, 0.000101, 0.000000, 0.998554, 0.049751, -0.020374, -0.049329, 0.998568, 0.020722, 0.021375, -0.019686, 0.999578),
      ["LeftLowerArm"] = CFrame.new(0.005666, -0.026591, 0.010735, 1.000000, -0.000000, -0.000000, 0.000000, 0.997995, -0.063290, 0.000000, 0.063290, 0.997995),
      ["LeftLowerLeg"] = CFrame.new(0.000000, -0.082417, -0.000992, 1.000000, -0.000000, 0.000000, 0.000000, 1.000000, -0.000008, -0.000000, -0.000011, 1.000000),
      ["LeftUpperArm"] = CFrame.new(0.056978, 0.066197, 0.021086, 0.992567, 0.079771, -0.091904, -0.075460, 0.995921, 0.049464, 0.095475, -0.042161, 0.994539),
      ["LeftUpperLeg"] = CFrame.new(-0.000723, -0.097399, -0.061041, 0.994933, 0.054279, 0.084615, -0.045766, 0.993986, -0.099458, -0.089515, 0.095104, 0.991437),
      ["LowerTorso"] = CFrame.new(0.414860, 1.845770, 0.208085, 0.998325, 0.014473, -0.056019, -0.011143, 0.998178, 0.059294, 0.056775, -0.058571, 0.996668),
      ["RightFoot"] = CFrame.new(0.000000, -0.087921, -0.000104, 0.999999, -0.000924, -0.000777, 0.000987, 0.997313, 0.073272, 0.000742, -0.073254, 0.997312),
      ["RightHand"] = CFrame.new(-0.000500, 0.000000, -0.000000, 0.999992, -0.003397, 0.002252, 0.003462, 0.999559, -0.029487, -0.002151, 0.029495, 0.999563),
      ["RightLowerArm"] = CFrame.new(-0.011635, -0.042652, -0.003746, 1.000000, 0.000000, 0.000000, -0.000000, 0.999962, 0.008770, -0.000000, -0.008770, 0.999962),
      ["RightLowerLeg"] = CFrame.new(0.000000, -0.087243, -0.001112, 1.000000, -0.000000, 0.000000, 0.000000, 1.000000, -0.000018, -0.000000, -0.000021, 1.000000),
      ["RightUpperArm"] = CFrame.new(-0.880042, -1.589440, -0.664269, 0.999305, -0.017000, 0.033178, 0.032597, -0.033404, -0.998910, 0.018090, 0.999297, -0.032827),
      ["RightUpperLeg"] = CFrame.new(-0.016717, -0.066244, -0.093048, 0.997923, 0.004016, 0.064253, 0.001376, 0.996489, -0.083693, -0.064399, 0.083633, 0.994418),
      ["UpperTorso"] = CFrame.new(-0.021566, 0.007401, 0.090236, 0.997984, 0.033823, 0.053711, -0.035229, 0.999055, 0.025445, -0.052799, -0.027286, 0.998232)
    }},
    {Time = 0.050, Data = {
      ["Head"] = CFrame.new(-0.000977, 0.067361, -0.024537, 0.999864, 0.006038, -0.015367, -0.005978, 0.999974, 0.003996, 0.015391, -0.003903, 0.999874),
      ["LeftFoot"] = CFrame.new(0.000000, -0.082456, -0.000004, 0.997549, -0.053520, -0.045062, 0.054013, 0.998492, 0.009821, 0.044476, -0.012235, 0.998936),
      ["LeftHand"] = CFrame.new(0.000500, 0.000100, -0.000000, 0.998554, 0.049751, -0.020374, -0.049329, 0.998568, 0.020722, 0.021375, -0.019686, 0.999578),
      ["LeftLowerArm"] = CFrame.new(0.005666, -0.026591, 0.010735, 1.000000, -0.000000, -0.000000, 0.000000, 0.997995, -0.063290, 0.000000, 0.063290, 0.997995),
      ["LeftLowerLeg"] = CFrame.new(0.000000, -0.081774, -0.000983, 1.000000, -0.000000, 0.000000, -0.000000, 1.000000, -0.000008, -0.000000, -0.000011, 1.000000),
      ["LeftUpperArm"] = CFrame.new(0.056978, 0.066198, 0.021086, 0.992567, 0.079771, -0.091904, -0.075460, 0.995921, 0.049464, 0.095475, -0.042161, 0.994539),
      ["LeftUpperLeg"] = CFrame.new(-0.000723, -0.097399, -0.061041, 0.994845, 0.052961, 0.086470, -0.046435, 0.996041, -0.075783, -0.090152, 0.071399, 0.993368),
      ["LowerTorso"] = CFrame.new(0.414860, 1.845770, 0.162463, 0.998325, 0.014473, -0.056019, -0.011143, 0.998178, 0.059294, 0.056775, -0.058571, 0.996668),
      ["RightFoot"] = CFrame.new(0.000000, -0.087605, -0.000104, 0.999999, -0.001097, -0.000922, 0.001149, 0.998769, 0.049601, 0.000902, -0.049585, 0.998769),
      ["RightHand"] = CFrame.new(-0.000500, 0.000000, 0.000000, 0.999992, -0.003397, 0.002252, 0.003462, 0.999559, -0.029487, -0.002151, 0.029495, 0.999563),
      ["RightLowerArm"] = CFrame.new(-0.011635, -0.042652, -0.003746, 1.000000, 0.000000, 0.000000, -0.000000, 0.999962, 0.008770, -0.000000, -0.008770, 0.999962),
      ["RightLowerLeg"] = CFrame.new(0.000000, -0.086928, -0.001108, 1.000000, -0.000000, 0.000000, 0.000000, 1.000000, -0.000017, -0.000000, -0.000020, 1.000000),
      ["RightUpperArm"] = CFrame.new(-0.880033, -1.589571, -0.662709, 0.999305, -0.017000, 0.033178, 0.032597, -0.033404, -0.998910, 0.018090, 0.999297, -0.032827),
      ["RightUpperLeg"] = CFrame.new(-0.016717, -0.066244, -0.093048, 0.997914, 0.002670, 0.064467, 0.001204, 0.998194, -0.060039, -0.064546, 0.060016, 0.996112),
      ["UpperTorso"] = CFrame.new(-0.021886, 0.007731, 0.084623, 0.997984, 0.033823, 0.053711, -0.035229, 0.999055, 0.025445, -0.052799, -0.027286, 0.998232)
    }},
    {Time = 0.067, Data = {
      ["Head"] = CFrame.new(-0.000977, 0.067360, -0.024537, 0.999864, 0.006038, -0.015367, -0.005978, 0.999974, 0.003996, 0.015391, -0.003903, 0.999874),
      ["LeftFoot"] = CFrame.new(0.000000, -0.082428, -0.000004, 0.997461, -0.054475, -0.045866, 0.053561, 0.998346, -0.020916, 0.046937, 0.018401, 0.998729),
      ["LeftHand"] = CFrame.new(0.000500, 0.000100, 0.000000, 0.998554, 0.049751, -0.020374, -0.049329, 0.998568, 0.020722, 0.021375, -0.019686, 0.999578),
      ["LeftLowerArm"] = CFrame.new(0.005666, -0.026591, 0.010735, 1.000000, -0.000000, -0.000000, 0.000000, 0.997995, -0.063290, 0.000000, 0.063290, 0.997995),
      ["LeftLowerLeg"] = CFrame.new(0.000000, -0.081745, -0.000983, 1.000000, -0.000000, -0.000000, -0.000000, 1.000000, -0.000008, -0.000000, -0.000011, 1.000000),
      ["LeftUpperArm"] = CFrame.new(0.056978, 0.066198, 0.021086, 0.992567, 0.079771, -0.091904, -0.075460, 0.995921, 0.049464, 0.095475, -0.042161, 0.994539),
      ["LeftUpperLeg"] = CFrame.new(-0.000723, -0.097399, -0.061041, 0.994724, 0.051216, 0.088877, -0.047337, 0.997855, -0.045186, -0.091012, 0.040763, 0.995017),
      ["LowerTorso"] = CFrame.new(0.414860, 1.845770, 0.103667, 0.998325, 0.014473, -0.056019, -0.011143, 0.998178, 0.059294, 0.056775, -0.058571, 0.996668),
      ["RightFoot"] = CFrame.new(0.000000, -0.087995, -0.000104, 0.999998, -0.001329, -0.001118, 0.001357, 0.999818, 0.019051, 0.001127, -0.019037, 0.999818),
      ["RightHand"] = CFrame.new(-0.000500, 0.000000, 0.000000, 0.999992, -0.003397, 0.002252, 0.003462, 0.999559, -0.029487, -0.002151, 0.029495, 0.999563),
      ["RightLowerArm"] = CFrame.new(-0.011635, -0.042652, -0.003746, 1.000000, 0.000000, 0.000000, -0.000000, 0.999962, 0.008770, -0.000000, -0.008770, 0.999962),
      ["RightLowerLeg"] = CFrame.new(-0.000000, -0.087315, -0.001113, 1.000000, -0.000000, 0.000000, 0.000000, 1.000000, -0.000017, -0.000000, -0.000020, 1.000000),
      ["RightUpperArm"] = CFrame.new(-0.880020, -1.589740, -0.660699, 0.999305, -0.017000, 0.033178, 0.032597, -0.033404, -0.998910, 0.018090, 0.999297, -0.032827),
      ["RightUpperLeg"] = CFrame.new(-0.016717, -0.066244, -0.093048, 0.997901, 0.000933, 0.064708, 0.000973, 0.999564, -0.029503, -0.064743, 0.029528, 0.997468),
      ["UpperTorso"] = CFrame.new(-0.022298, 0.008156, 0.077389, 0.997984, 0.033823, 0.053711, -0.035229, 0.999055, 0.025445, -0.052799, -0.027286, 0.998232)
    }},
    {Time = 0.083, Data = {
      ["Head"] = CFrame.new(-0.000977, 0.067360, -0.024537, 0.999864, 0.006038, -0.015367, -0.005978, 0.999974, 0.003996, 0.015391, -0.003903, 0.999874),
      ["LeftFoot"] = CFrame.new(0.000000, -0.083546, -0.000004, 0.997349, -0.055663, -0.046866, 0.052965, 0.996971, -0.056951, 0.049902, 0.054310, 0.997276),
      ["LeftHand"] = CFrame.new(0.000500, 0.000100, 0.000000, 0.998554, 0.049751, -0.020374, -0.049329, 0.998568, 0.020722, 0.021375, -0.019686, 0.999578),
      ["LeftLowerArm"] = CFrame.new(0.005666, -0.026591, 0.010735, 1.000000, -0.000000, -0.000000, 0.000000, 0.997995, -0.063290, 0.000000, 0.063290, 0.997995),
      ["LeftLowerLeg"] = CFrame.new(-0.000000, -0.082860, -0.000997, 1.000000, -0.000000, -0.000000, -0.000000, 1.000000, -0.000008, -0.000000, -0.000011, 1.000000),
      ["LeftUpperArm"] = CFrame.new(0.056978, 0.066198, 0.021086, 0.992567, 0.079771, -0.091904, -0.075460, 0.995921, 0.049464, 0.095475, -0.042161, 0.994539),
      ["LeftUpperLeg"] = CFrame.new(-0.000723, -0.097399, -0.061041, 0.994572, 0.049107, 0.091727, -0.048460, 0.998782, -0.009245, -0.092080, 0.004771, 0.995741),
      ["LowerTorso"] = CFrame.new(0.414860, 1.845770, 0.034625, 0.998325, 0.014473, -0.056019, -0.011143, 0.998178, 0.059294, 0.056775, -0.058571, 0.996668),
      ["RightFoot"] = CFrame.new(-0.000000, -0.089598, -0.000103, 0.999998, -0.001616, -0.001359, 0.001600, 0.999858, -0.016779, 0.001421, 0.016791, 0.999858),
      ["RightHand"] = CFrame.new(-0.000500, 0.000000, 0.000000, 0.999992, -0.003397, 0.002252, 0.003462, 0.999559, -0.029487, -0.002151, 0.029495, 0.999563),
      ["RightLowerArm"] = CFrame.new(-0.011635, -0.042652, -0.003746, 1.000000, 0.000000, 0.000000, -0.000000, 0.999962, 0.008770, -0.000000, -0.008770, 0.999962),
      ["RightLowerLeg"] = CFrame.new(0.000000, -0.088911, -0.001134, 1.000000, -0.000000, 0.000000, 0.000000, 1.000000, -0.000017, -0.000000, -0.000020, 1.000000),
      ["RightUpperArm"] = CFrame.new(-0.880006, -1.589939, -0.658338, 0.999305, -0.017000, 0.033178, 0.032597, -0.033404, -0.998910, 0.018090, 0.999297, -0.032827),
      ["RightUpperLeg"] = CFrame.new(-0.016716, -0.066244, -0.093048, 0.997886, -0.001103, 0.064946, 0.000687, 0.999980, 0.006323, -0.064986, -0.006243, 0.997869),
      ["UpperTorso"] = CFrame.new(-0.022782, 0.008655, 0.068895, 0.997984, 0.033823, 0.053711, -0.035229, 0.999055, 0.025445, -0.052799, -0.027286, 0.998232)
    }},
    {Time = 0.100, Data = {
      ["Head"] = CFrame.new(-0.000977, 0.067361, -0.024537, 0.999864, 0.006038, -0.015367, -0.005978, 0.999974, 0.003996, 0.015391, -0.003903, 0.999874),
      ["LeftFoot"] = CFrame.new(0.000000, -0.086227, -0.000004, 0.997213, -0.057069, -0.048050, 0.052228, 0.993956, -0.096571, 0.053278, 0.093782, 0.994166),
      ["LeftHand"] = CFrame.new(0.000500, 0.000101, 0.000000, 0.998554, 0.049751, -0.020374, -0.049329, 0.998568, 0.020722, 0.021375, -0.019686, 0.999578),
      ["LeftLowerArm"] = CFrame.new(0.005666, -0.026591, 0.010735, 1.000000, -0.000000, -0.000000, 0.000000, 0.997995, -0.063290, 0.000000, 0.063290, 0.997995),
      ["LeftLowerLeg"] = CFrame.new(0.000000, -0.085533, -0.001033, 1.000000, -0.000000, -0.000000, -0.000000, 1.000000, -0.000008, -0.000000, -0.000011, 1.000000),
      ["LeftUpperArm"] = CFrame.new(0.056978, 0.066198, 0.021086, 0.992567, 0.079771, -0.091904, -0.075460, 0.995921, 0.049464, 0.095475, -0.042161, 0.994539),
      ["LeftUpperLeg"] = CFrame.new(-0.000723, -0.097399, -0.061041, 0.994388, 0.046709, 0.094914, -0.049788, 0.998299, 0.030360, -0.093345, -0.034894, 0.995022),
      ["LowerTorso"] = CFrame.new(0.414860, 1.845770, -0.041736, 0.998325, 0.014473, -0.056019, -0.011143, 0.998178, 0.059294, 0.056775, -0.058571, 0.996668),
      ["RightFoot"] = CFrame.new(0.000000, -0.092822, -0.000103, 0.999997, -0.001953, -0.001643, 0.001865, 0.998417, -0.056195, 0.001785, 0.056202, 0.998419),
      ["RightHand"] = CFrame.new(-0.000500, 0.000000, 0.000000, 0.999992, -0.003397, 0.002252, 0.003462, 0.999559, -0.029487, -0.002151, 0.029495, 0.999563),
      ["RightLowerArm"] = CFrame.new(-0.011635, -0.042652, -0.003746, 1.000000, 0.000000, 0.000000, -0.000000, 0.999962, 0.008770, -0.000000, -0.008770, 0.999962),
      ["RightLowerLeg"] = CFrame.new(-0.000000, -0.092118, -0.001176, 1.000000, -0.000000, 0.000000, 0.000000, 1.000000, -0.000016, -0.000000, -0.000019, 1.000000),
      ["RightUpperArm"] = CFrame.new(-0.879990, -1.590158, -0.655726, 0.999305, -0.017000, 0.033178, 0.032597, -0.033404, -0.998910, 0.018090, 0.999297, -0.032827),
      ["RightUpperLeg"] = CFrame.new(-0.016717, -0.066244, -0.093048, 0.997867, -0.003343, 0.065153, 0.000352, 0.998954, 0.045748, -0.065273, -0.045607, 0.996826),
      ["UpperTorso"] = CFrame.new(-0.023317, 0.009208, 0.059500, 0.997984, 0.033823, 0.053711, -0.035229, 0.999055, 0.025445, -0.052799, -0.027286, 0.998232)
    }},
    {Time = 0.117, Data = {
      ["Head"] = CFrame.new(-0.000977, 0.067361, -0.024537, 0.999864, 0.006038, -0.015367, -0.005978, 0.999974, 0.003996, 0.015391, -0.003903, 0.999874),
      ["LeftFoot"] = CFrame.new(0.000000, -0.090716, -0.000004, 0.997054, -0.058672, -0.049400, 0.051366, 0.989100, -0.138005, 0.056965, 0.135049, 0.989199),
      ["LeftHand"] = CFrame.new(0.000500, 0.000101, 0.000000, 0.998554, 0.049751, -0.020374, -0.049329, 0.998568, 0.020722, 0.021375, -0.019686, 0.999578),
      ["LeftLowerArm"] = CFrame.new(0.005666, -0.026591, 0.010735, 1.000000, -0.000000, -0.000000, 0.000000, 0.997995, -0.063290, 0.000000, 0.063290, 0.997995),
      ["LeftLowerLeg"] = CFrame.new(0.000000, -0.090006, -0.001092, 1.000000, -0.000000, 0.000000, 0.000000, 1.000000, -0.000008, -0.000000, -0.000011, 1.000000),
      ["LeftUpperArm"] = CFrame.new(0.056978, 0.066198, 0.021086, 0.992567, 0.079771, -0.091904, -0.075460, 0.995921, 0.049464, 0.095475, -0.042161, 0.994539),
      ["LeftUpperLeg"] = CFrame.new(-0.000723, -0.097400, -0.061041, 0.994175, 0.044111, 0.098331, -0.051303, 0.996095, 0.071875, -0.094787, -0.076480, 0.992555),
      ["LowerTorso"] = CFrame.new(0.414860, 1.845770, -0.122489, 0.998325, 0.014473, -0.056019, -0.011143, 0.998178, 0.059294, 0.056775, -0.058571, 0.996668),
      ["RightFoot"] = CFrame.new(0.000000, -0.097837, -0.000103, 0.999995, -0.002334, -0.001964, 0.002139, 0.995238, -0.097440, 0.002217, 0.097444, 0.995239),
      ["RightHand"] = CFrame.new(-0.000500, 0.000000, 0.000000, 0.999992, -0.003397, 0.002252, 0.003462, 0.999559, -0.029487, -0.002151, 0.029495, 0.999563),
      ["RightLowerArm"] = CFrame.new(-0.011635, -0.042652, -0.003746, 1.000000, 0.000000, 0.000000, -0.000000, 0.999962, 0.008770, -0.000000, -0.008770, 0.999962),
      ["RightLowerLeg"] = CFrame.new(0.000000, -0.097109, -0.001241, 1.000000, -0.000000, 0.000000, 0.000000, 1.000000, -0.000016, -0.000000, -0.000019, 1.000000),
      ["RightUpperArm"] = CFrame.new(-0.879973, -1.590390, -0.652965, 0.999305, -0.017000, 0.033178, 0.032597, -0.033404, -0.998910, 0.018090, 0.999297, -0.032827),
      ["RightUpperLeg"] = CFrame.new(-0.016716, -0.066244, -0.093048, 0.997846, -0.005688, 0.065315, -0.000027, 0.996208, 0.087022, -0.065597, -0.086818, 0.994063),
      ["UpperTorso"] = CFrame.new(-0.023883, 0.009791, 0.049564, 0.997984, 0.033823, 0.053711, -0.035229, 0.999055, 0.025445, -0.052799, -0.027286, 0.998232)
    }},
    {Time = 0.133, Data = {
      ["Head"] = CFrame.new(-0.000977, 0.067360, -0.024537, 0.999864, 0.006038, -0.015367, -0.005978, 0.999974, 0.003996, 0.015391, -0.003903, 0.999874),
      ["LeftFoot"] = CFrame.new(0.000000, -0.096991, -0.000004, 0.996873, -0.060443, -0.050891, 0.050406, 0.982470, -0.179491, 0.060855, 0.176350, 0.982442),
      ["LeftHand"] = CFrame.new(0.000500, 0.000100, 0.000000, 0.998554, 0.049751, -0.020374, -0.049329, 0.998568, 0.020722, 0.021375, -0.019686, 0.999578),
      ["LeftLowerArm"] = CFrame.new(0.005666, -0.026591, 0.010735, 1.000000, -0.000000, -0.000000, 0.000000, 0.997995, -0.063290, 0.000000, 0.063290, 0.997995),
      ["LeftLowerLeg"] = CFrame.new(0.000000, -0.096260, -0.001175, 1.000000, -0.000000, -0.000000, -0.000000, 1.000000, -0.000008, -0.000000, -0.000011, 1.000000),
      ["LeftUpperArm"] = CFrame.new(0.056978, 0.066198, 0.021086, 0.992567, 0.079771, -0.091904, -0.075460, 0.995921, 0.049464, 0.095475, -0.042161, 0.994539),
      ["LeftUpperLeg"] = CFrame.new(-0.000723, -0.097399, -0.061041, 0.993934, 0.041416, 0.101874, -0.052976, 0.992122, 0.113540, -0.096379, -0.118227, 0.988297),
      ["LowerTorso"] = CFrame.new(0.414860, 1.845770, -0.204705, 0.998325, 0.014473, -0.056019, -0.011143, 0.998178, 0.059294, 0.056775, -0.058571, 0.996668),
      ["RightFoot"] = CFrame.new(-0.000000, -0.104643, -0.000103, 0.999993, -0.002752, -0.002316, 0.002411, 0.990321, -0.138769, 0.002710, 0.138768, 0.990322),
      ["RightHand"] = CFrame.new(-0.000500, 0.000001, 0.000000, 0.999992, -0.003397, 0.002252, 0.003462, 0.999559, -0.029487, -0.002151, 0.029495, 0.999563),
      ["RightLowerArm"] = CFrame.new(-0.011635, -0.042653, -0.003746, 1.000000, 0.000000, 0.000000, -0.000000, 0.999962, 0.008770, -0.000000, -0.008770, 0.999962),
      ["RightLowerLeg"] = CFrame.new(0.000000, -0.103888, -0.001331, 1.000000, -0.000000, 0.000000, 0.000000, 1.000000, -0.000015, -0.000000, -0.000018, 1.000000),
      ["RightUpperArm"] = CFrame.new(-0.879956, -1.590627, -0.650154, 0.999305, -0.017000, 0.033178, 0.032597, -0.033404, -0.998910, 0.018090, 0.999297, -0.032827),
      ["RightUpperLeg"] = CFrame.new(-0.016716, -0.066243, -0.093048, 0.997823, -0.008036, 0.065428, -0.000443, 0.991725, 0.128397, -0.065951, -0.128129, 0.989562),
      ["UpperTorso"] = CFrame.new(-0.024459, 0.010386, 0.039449, 0.997984, 0.033823, 0.053711, -0.035229, 0.999055, 0.025445, -0.052799, -0.027286, 0.998232)
    }},
    {Time = 0.150, Data = {
      ["Head"] = CFrame.new(-0.000977, 0.067360, -0.024537, 0.999864, 0.006038, -0.015367, -0.005978, 0.999974, 0.003996, 0.015391, -0.003903, 0.999874),
      ["LeftFoot"] = CFrame.new(0.000000, -0.104799, -0.000004, 0.996674, -0.062337, -0.052486, 0.049391, 0.974396, -0.219360, 0.064822, 0.216023, 0.974231),
      ["LeftHand"] = CFrame.new(0.000500, 0.000100, 0.000000, 0.998554, 0.049751, -0.020374, -0.049329, 0.998568, 0.020722, 0.021375, -0.019686, 0.999578),
      ["LeftLowerArm"] = CFrame.new(0.005666, -0.026591, 0.010735, 1.000000, -0.000000, -0.000000, 0.000000, 0.997995, -0.063290, 0.000000, 0.063290, 0.997995),
      ["LeftLowerLeg"] = CFrame.new(0.000000, -0.104041, -0.001278, 1.000000, -0.000000, 0.000000, -0.000000, 1.000000, -0.000008, -0.000000, -0.000011, 1.000000),
      ["LeftUpperArm"] = CFrame.new(0.056978, 0.066198, 0.021086, 0.992567, 0.079771, -0.091904, -0.075460, 0.995921, 0.049464, 0.095475, -0.042161, 0.994539),
      ["LeftUpperLeg"] = CFrame.new(-0.000723, -0.097400, -0.061041, 0.993670, 0.038737, 0.105436, -0.054765, 0.986606, 0.153673, -0.098082, -0.158454, 0.982480),
      ["LowerTorso"] = CFrame.new(0.414860, 1.845770, -0.285458, 0.998325, 0.014473, -0.056019, -0.011143, 0.998178, 0.059294, 0.056775, -0.058571, 0.996668),
      ["RightFoot"] = CFrame.new(-0.000000, -0.112950, -0.000103, 0.999991, -0.003194, -0.002688, 0.002671, 0.983932, -0.178523, 0.003250, 0.178516, 0.983932),
      ["RightHand"] = CFrame.new(-0.000500, 0.000000, 0.000000, 0.999992, -0.003397, 0.002252, 0.003462, 0.999559, -0.029487, -0.002151, 0.029495, 0.999563),
      ["RightLowerArm"] = CFrame.new(-0.011635, -0.042652, -0.003746, 1.000000, 0.000000, 0.000000, -0.000000, 0.999962, 0.008770, -0.000000, -0.008770, 0.999962),
      ["RightLowerLeg"] = CFrame.new(0.000000, -0.112167, -0.001441, 1.000000, -0.000000, 0.000000, 0.000000, 1.000000, -0.000014, -0.000000, -0.000018, 1.000000),
      ["RightUpperArm"] = CFrame.new(-0.879939, -1.590859, -0.647392, 0.999305, -0.017000, 0.033178, 0.032597, -0.033404, -0.998910, 0.018090, 0.999297, -0.032827),
      ["RightUpperLeg"] = CFrame.new(-0.016716, -0.066244, -0.093048, 0.997798, -0.010296, 0.065496, -0.000883, 0.985753, 0.168212, -0.066327, -0.167884, 0.983573),
      ["UpperTorso"] = CFrame.new(-0.025025, 0.010970, 0.029514, 0.997984, 0.033823, 0.053711, -0.035229, 0.999055, 0.025445, -0.052799, -0.027286, 0.998232)
    }},
    {Time = 0.167, Data = {
      ["Head"] = CFrame.new(-0.000977, 0.067360, -0.024537, 0.999864, 0.006038, -0.015367, -0.005978, 0.999974, 0.003996, 0.015391, -0.003903, 0.999874),
      ["LeftFoot"] = CFrame.new(-0.000000, -0.113645, -0.000004, 0.996462, -0.064287, -0.054128, 0.048373, 0.965441, -0.256110, 0.068728, 0.252568, 0.965131),
      ["LeftHand"] = CFrame.new(0.000500, 0.000101, 0.000000, 0.998554, 0.049751, -0.020374, -0.049329, 0.998568, 0.020722, 0.021375, -0.019686, 0.999578),
      ["LeftLowerArm"] = CFrame.new(0.005666, -0.026592, 0.010735, 1.000000, -0.000000, -0.000000, 0.000000, 0.997995, -0.063290, 0.000000, 0.063290, 0.997995),
      ["LeftLowerLeg"] = CFrame.new(0.000000, -0.112858, -0.001395, 1.000000, -0.000000, -0.000000, 0.000000, 1.000000, -0.000008, -0.000000, -0.000011, 1.000000),
      ["LeftUpperArm"] = CFrame.new(0.056978, 0.066198, 0.021086, 0.992567, 0.079771, -0.091904, -0.075460, 0.995921, 0.049464, 0.095475, -0.042161, 0.994539),
      ["LeftUpperLeg"] = CFrame.new(-0.000723, -0.097399, -0.061041, 0.993392, 0.036186, 0.108904, -0.056607, 0.980011, 0.190741, -0.099835, -0.195626, 0.975581),
      ["LowerTorso"] = CFrame.new(0.414860, 1.845770, -0.361819, 0.998325, 0.014473, -0.056019, -0.011143, 0.998178, 0.059294, 0.056775, -0.058571, 0.996668),
      ["RightFoot"] = CFrame.new(0.000000, -0.122249, -0.000103, 0.999988, -0.003645, -0.003068, 0.002907, 0.976566, -0.215200, 0.003815, 0.215189, 0.976565),
      ["RightHand"] = CFrame.new(-0.000500, 0.000000, 0.000000, 0.999992, -0.003397, 0.002252, 0.003462, 0.999559, -0.029487, -0.002151, 0.029495, 0.999563),
      ["RightLowerArm"] = CFrame.new(-0.011635, -0.042652, -0.003746, 1.000000, 0.000000, 0.000000, -0.000000, 0.999962, 0.008770, -0.000000, -0.008770, 0.999962),
      ["RightLowerLeg"] = CFrame.new(0.000000, -0.121435, -0.001564, 1.000000, -0.000000, 0.000000, 0.000000, 1.000000, -0.000014, -0.000000, -0.000017, 1.000000),
      ["RightUpperArm"] = CFrame.new(-0.879923, -1.591079, -0.644781, 0.999305, -0.017000, 0.033178, 0.032597, -0.033404, -0.998910, 0.018090, 0.999297, -0.032827),
      ["RightUpperLeg"] = CFrame.new(-0.016716, -0.066244, -0.093048, 0.997772, -0.012380, 0.065532, -0.001331, 0.978772, 0.204961, -0.066710, -0.204578, 0.976574),
      ["UpperTorso"] = CFrame.new(-0.025561, 0.011522, 0.020119, 0.997984, 0.033823, 0.053711, -0.035229, 0.999055, 0.025445, -0.052799, -0.027286, 0.998232)
    }},
    {Time = 0.183, Data = {
      ["Head"] = CFrame.new(-0.000977, 0.067360, -0.024537, 0.999864, 0.006038, -0.015367, -0.005978, 0.999974, 0.003996, 0.015391, -0.003903, 0.999874),
      ["LeftFoot"] = CFrame.new(-0.000000, -0.122839, -0.000004, 0.996248, -0.066202, -0.055740, 0.047410, 0.956330, -0.288436, 0.072407, 0.284693, 0.955875),
      ["LeftHand"] = CFrame.new(0.000500, 0.000100, 0.000000, 0.998554, 0.049751, -0.020374, -0.049329, 0.998568, 0.020722, 0.021375, -0.019686, 0.999578),
      ["LeftLowerArm"] = CFrame.new(0.005666, -0.026591, 0.010735, 1.000000, -0.000000, -0.000000, 0.000000, 0.997995, -0.063290, 0.000000, 0.063290, 0.997995),
      ["LeftLowerLeg"] = CFrame.new(-0.000000, -0.122020, -0.001516, 1.000000, -0.000000, -0.000000, -0.000000, 1.000000, -0.000008, -0.000000, -0.000011, 1.000000),
      ["LeftUpperArm"] = CFrame.new(0.056978, 0.066198, 0.021086, 0.992567, 0.079771, -0.091904, -0.075460, 0.995921, 0.049464, 0.095475, -0.042161, 0.994539),
      ["LeftUpperLeg"] = CFrame.new(-0.000723, -0.097399, -0.061041, 0.993113, 0.033878, 0.112144, -0.058416, 0.972978, 0.223406, -0.101556, -0.228399, 0.968253),
      ["LowerTorso"] = CFrame.new(0.414860, 1.845770, -0.430861, 0.998325, 0.014473, -0.056019, -0.011143, 0.998178, 0.059294, 0.056775, -0.058571, 0.996668),
      ["RightFoot"] = CFrame.new(0.000000, -0.131834, -0.000103, 0.999986, -0.004084, -0.003438, 0.003114, 0.968885, -0.247495, 0.004376, 0.247478, 0.968883),
      ["RightHand"] = CFrame.new(-0.000500, 0.000000, 0.000000, 0.999992, -0.003397, 0.002252, 0.003462, 0.999559, -0.029487, -0.002151, 0.029495, 0.999563),
      ["RightLowerArm"] = CFrame.new(-0.011635, -0.042652, -0.003746, 1.000000, 0.000000, 0.000000, -0.000000, 0.999962, 0.008770, -0.000000, -0.008770, 0.999962),
      ["RightLowerLeg"] = CFrame.new(-0.000000, -0.130987, -0.001690, 1.000000, -0.000000, 0.000000, 0.000000, 1.000000, -0.000013, -0.000000, -0.000016, 1.000000),
      ["RightUpperArm"] = CFrame.new(-0.879909, -1.591277, -0.642420, 0.999305, -0.017000, 0.033178, 0.032597, -0.033404, -0.998910, 0.018090, 0.999297, -0.032827),
      ["RightUpperLeg"] = CFrame.new(-0.016716, -0.066243, -0.093048, 0.997746, -0.014215, 0.065550, -0.001767, 0.971430, 0.237332, -0.067083, -0.236900, 0.969215),
      ["UpperTorso"] = CFrame.new(-0.026045, 0.012021, 0.011624, 0.997984, 0.033823, 0.053711, -0.035229, 0.999055, 0.025445, -0.052799, -0.027286, 0.998232)
    }},
    {Time = 0.200, Data = {
      ["Head"] = CFrame.new(-0.000977, 0.067360, -0.024537, 0.999864, 0.006038, -0.015367, -0.005978, 0.999974, 0.003996, 0.015391, -0.003903, 0.999874),
      ["LeftFoot"] = CFrame.new(-0.000000, -0.131538, -0.000004, 0.996045, -0.067960, -0.057220, 0.046563, 0.947879, -0.315231, 0.075666, 0.311300, 0.947288),
      ["LeftHand"] = CFrame.new(0.000500, 0.000100, 0.000000, 0.998554, 0.049751, -0.020374, -0.049329, 0.998568, 0.020722, 0.021375, -0.019686, 0.999578),
      ["LeftLowerArm"] = CFrame.new(0.005666, -0.026592, 0.010735, 1.000000, -0.000000, -0.000000, 0.000000, 0.997995, -0.063290, 0.000000, 0.063290, 0.997995),
      ["LeftLowerLeg"] = CFrame.new(0.000000, -0.130692, -0.001631, 1.000000, -0.000000, 0.000000, -0.000000, 1.000000, -0.000008, -0.000000, -0.000011, 1.000000),
      ["LeftUpperArm"] = CFrame.new(0.056978, 0.066198, 0.021086, 0.992567, 0.079771, -0.091904, -0.075460, 0.995921, 0.049464, 0.095475, -0.042161, 0.994539),
      ["LeftUpperLeg"] = CFrame.new(-0.000723, -0.097399, -0.061041, 0.992851, 0.031916, 0.115002, -0.060077, 0.966250, 0.250521, -0.103136, -0.255620, 0.961256),
      ["LowerTorso"] = CFrame.new(0.414860, 1.845770, -0.489657, 0.998325, 0.014473, -0.056019, -0.011143, 0.998178, 0.059294, 0.056775, -0.058571, 0.996668),
      ["RightFoot"] = CFrame.new(-0.000000, -0.140854, -0.000103, 0.999983, -0.004483, -0.003774, 0.003284, 0.961643, -0.274290, 0.004893, 0.274268, 0.961640),
      ["RightHand"] = CFrame.new(-0.000500, 0.000000, -0.000000, 0.999992, -0.003397, 0.002252, 0.003462, 0.999559, -0.029487, -0.002151, 0.029495, 0.999563),
      ["RightLowerArm"] = CFrame.new(-0.011635, -0.042652, -0.003746, 1.000000, 0.000000, 0.000000, -0.000000, 0.999962, 0.008770, -0.000000, -0.008770, 0.999962),
      ["RightLowerLeg"] = CFrame.new(0.000000, -0.139976, -0.001810, 1.000000, -0.000000, 0.000000, 0.000000, 1.000000, -0.000013, -0.000000, -0.000016, 1.000000),
      ["RightUpperArm"] = CFrame.new(-0.879896, -1.591446, -0.640410, 0.999305, -0.017000, 0.033178, 0.032597, -0.033404, -0.998910, 0.018090, 0.999297, -0.032827),
      ["RightUpperLeg"] = CFrame.new(-0.016716, -0.066244, -0.093048, 0.997722, -0.015738, 0.065562, -0.002163, 0.964469, 0.264197, -0.067422, -0.263726, 0.962238),
      ["UpperTorso"] = CFrame.new(-0.026457, 0.012446, 0.004390, 0.997984, 0.033823, 0.053711, -0.035229, 0.999055, 0.025445, -0.052799, -0.027286, 0.998232)
    }},
    {Time = 0.217, Data = {
      ["Head"] = CFrame.new(-0.000977, 0.067360, -0.024537, 0.999864, 0.006038, -0.015367, -0.005978, 0.999974, 0.003996, 0.015391, -0.003903, 0.999874),
      ["LeftFoot"] = CFrame.new(-0.000000, -0.138813, -0.000004, 0.995874, -0.069413, -0.058444, 0.045890, 0.940919, -0.335529, 0.078286, 0.331442, 0.940215),
      ["LeftHand"] = CFrame.new(0.000500, 0.000100, 0.000000, 0.998554, 0.049751, -0.020374, -0.049329, 0.998568, 0.020722, 0.021375, -0.019686, 0.999578),
      ["LeftLowerArm"] = CFrame.new(0.005666, -0.026592, 0.010735, 1.000000, -0.000000, -0.000000, 0.000000, 0.997995, -0.063290, 0.000000, 0.063290, 0.997995),
      ["LeftLowerLeg"] = CFrame.new(0.000000, -0.137942, -0.001728, 1.000000, -0.000000, 0.000000, 0.000000, 1.000000, -0.000008, -0.000000, -0.000011, 1.000000),
      ["LeftUpperArm"] = CFrame.new(0.056978, 0.066198, 0.021086, 0.992567, 0.079771, -0.091904, -0.075460, 0.995921, 0.049464, 0.095475, -0.042161, 0.994539),
      ["LeftUpperLeg"] = CFrame.new(-0.000723, -0.097400, -0.061041, 0.992631, 0.030401, 0.117294, -0.061450, 0.960598, 0.271084, -0.104442, -0.276275, 0.955383),
      ["LowerTorso"] = CFrame.new(0.414860, 1.845770, -0.535279, 0.998325, 0.014473, -0.056019, -0.011143, 0.998178, 0.059294, 0.056775, -0.058571, 0.996668),
      ["RightFoot"] = CFrame.new(-0.000000, -0.148385, -0.000102, 0.999980, -0.004811, -0.004049, 0.003412, 0.955615, -0.294605, 0.005321, 0.294579, 0.955611),
      ["RightHand"] = CFrame.new(-0.000500, 0.000000, -0.000000, 0.999992, -0.003397, 0.002252, 0.003462, 0.999559, -0.029487, -0.002151, 0.029495, 0.999563),
      ["RightLowerArm"] = CFrame.new(-0.011635, -0.042652, -0.003746, 1.000000, 0.000000, 0.000000, -0.000000, 0.999962, 0.008770, -0.000000, -0.008770, 0.999962),
      ["RightLowerLeg"] = CFrame.new(-0.000000, -0.147481, -0.001909, 1.000000, -0.000000, 0.000000, 0.000000, 1.000000, -0.000012, -0.000000, -0.000015, 1.000000),
      ["RightUpperArm"] = CFrame.new(-0.879887, -1.591577, -0.638850, 0.999305, -0.017000, 0.033178, 0.032597, -0.033404, -0.998910, 0.018090, 0.999297, -0.032827),
      ["RightUpperLeg"] = CFrame.new(-0.016716, -0.066244, -0.093048, 0.997703, -0.016892, 0.065573, -0.002488, 0.958655, 0.284571, -0.067700, -0.284070, 0.956410),
      ["UpperTorso"] = CFrame.new(-0.026776, 0.012776, -0.001223, 0.997984, 0.033823, 0.053711, -0.035229, 0.999055, 0.025445, -0.052799, -0.027286, 0.998232)
    }},
    {Time = 0.233, Data = {
      ["Head"] = CFrame.new(-0.000977, 0.067360, -0.024537, 0.999864, 0.006038, -0.015367, -0.005978, 0.999974, 0.003996, 0.015391, -0.003903, 0.999874),
      ["LeftFoot"] = CFrame.new(-0.000000, -0.143781, -0.000004, 0.995756, -0.070399, -0.059274, 0.045449, 0.936242, -0.348425, 0.080029, 0.344231, 0.935461),
      ["LeftHand"] = CFrame.new(0.000500, 0.000100, 0.000000, 0.998554, 0.049751, -0.020374, -0.049329, 0.998568, 0.020722, 0.021375, -0.019686, 0.999578),
      ["LeftLowerArm"] = CFrame.new(0.005666, -0.026591, 0.010735, 1.000000, -0.000000, -0.000000, 0.000000, 0.997995, -0.063290, 0.000000, 0.063290, 0.997995),
      ["LeftLowerLeg"] = CFrame.new(0.000000, -0.142894, -0.001793, 1.000000, -0.000000, -0.000000, 0.000000, 1.000000, -0.000008, -0.000000, -0.000011, 1.000000),
      ["LeftUpperArm"] = CFrame.new(0.056978, 0.066198, 0.021086, 0.992567, 0.079771, -0.091904, -0.075460, 0.995921, 0.049464, 0.095475, -0.042161, 0.994539),
      ["LeftUpperLeg"] = CFrame.new(-0.000723, -0.097399, -0.061040, 0.992479, 0.029424, 0.118816, -0.062381, 0.956752, 0.284158, -0.105327, -0.289414, 0.951387),
      ["LowerTorso"] = CFrame.new(0.414860, 1.845770, -0.564798, 0.998325, 0.014473, -0.056019, -0.011143, 0.998178, 0.059294, 0.056775, -0.058571, 0.996668),
      ["RightFoot"] = CFrame.new(-0.000000, -0.153503, -0.000102, 0.999978, -0.005031, -0.004235, 0.003493, 0.951538, -0.307520, 0.005611, 0.307492, 0.951532),
      ["RightHand"] = CFrame.new(-0.000500, 0.000000, -0.000000, 0.999992, -0.003397, 0.002252, 0.003462, 0.999559, -0.029487, -0.002151, 0.029495, 0.999563),
      ["RightLowerArm"] = CFrame.new(-0.011635, -0.042653, -0.003746, 1.000000, 0.000000, 0.000000, -0.000000, 0.999962, 0.008770, -0.000000, -0.008770, 0.999962),
      ["RightLowerLeg"] = CFrame.new(0.000000, -0.152583, -0.001977, 1.000000, -0.000000, 0.000000, 0.000000, 1.000000, -0.000012, -0.000000, -0.000015, 1.000000),
      ["RightUpperArm"] = CFrame.new(-0.879881, -1.591662, -0.637840, 0.999305, -0.017000, 0.033178, 0.032597, -0.033404, -0.998910, 0.018090, 0.999297, -0.032827),
      ["RightUpperLeg"] = CFrame.new(-0.016716, -0.066243, -0.093048, 0.997689, -0.017626, 0.065582, -0.002708, 0.954713, 0.297527, -0.067887, -0.297007, 0.952458),
      ["UpperTorso"] = CFrame.new(-0.026983, 0.012990, -0.004855, 0.997984, 0.033823, 0.053711, -0.035229, 0.999055, 0.025445, -0.052799, -0.027286, 0.998232)
    }},
    {Time = 0.250, Data = {
      ["Head"] = CFrame.new(-0.000977, 0.067360, -0.024537, 0.999864, 0.006038, -0.015367, -0.005978, 0.999974, 0.003996, 0.015391, -0.003903, 0.999874),
      ["LeftFoot"] = CFrame.new(0.000000, -0.145587, -0.000004, 0.995712, -0.070758, -0.059577, 0.045291, 0.934549, -0.352963, 0.080657, 0.348730, 0.933739),
      ["LeftHand"] = CFrame.new(0.000500, 0.000100, 0.000000, 0.998554, 0.049751, -0.020374, -0.049329, 0.998568, 0.020722, 0.021375, -0.019686, 0.999578),
      ["LeftLowerArm"] = CFrame.new(0.005666, -0.026592, 0.010735, 1.000000, -0.000000, -0.000000, 0.000000, 0.997995, -0.063290, 0.000000, 0.063290, 0.997995),
      ["LeftLowerLeg"] = CFrame.new(0.000000, -0.144693, -0.001817, 1.000000, -0.000000, -0.000000, 0.000000, 1.000000, -0.000008, 0.000000, -0.000011, 1.000000),
      ["LeftUpperArm"] = CFrame.new(0.056978, 0.066198, 0.021086, 0.992567, 0.079771, -0.091904, -0.075460, 0.995921, 0.049464, 0.095475, -0.042161, 0.994539),
      ["LeftUpperLeg"] = CFrame.new(-0.000723, -0.097399, -0.061040, 0.992423, 0.029078, 0.119366, -0.062721, 0.955351, 0.288759, -0.105650, -0.294040, 0.949932),
      ["LowerTorso"] = CFrame.new(0.414860, 1.845770, -0.575289, 0.998325, 0.014473, -0.056019, -0.011143, 0.998178, 0.059294, 0.056775, -0.058571, 0.996668),
      ["RightFoot"] = CFrame.new(0.000000, -0.155361, -0.000102, 0.999977, -0.005111, -0.004303, 0.003521, 0.950056, -0.312066, 0.005717, 0.312036, 0.950051),
      ["RightHand"] = CFrame.new(-0.000500, 0.000001, 0.000000, 0.999992, -0.003397, 0.002252, 0.003462, 0.999559, -0.029487, -0.002151, 0.029495, 0.999563),
      ["RightLowerArm"] = CFrame.new(-0.011635, -0.042652, -0.003746, 1.000000, 0.000000, 0.000000, -0.000000, 0.999962, 0.008770, -0.000000, -0.008770, 0.999962),
      ["RightLowerLeg"] = CFrame.new(-0.000000, -0.154435, -0.002002, 1.000000, -0.000000, 0.000000, 0.000000, 1.000000, -0.000012, -0.000000, -0.000015, 1.000000),
      ["RightUpperArm"] = CFrame.new(-0.879878, -1.591693, -0.637481, 0.999305, -0.017000, 0.033178, 0.032597, -0.033404, -0.998910, 0.018090, 0.999297, -0.032827),
      ["RightUpperLeg"] = CFrame.new(-0.016716, -0.066243, -0.093048, 0.997684, -0.017885, 0.065586, -0.002787, 0.953279, 0.302087, -0.067955, -0.301561, 0.951021),
      ["UpperTorso"] = CFrame.new(-0.027057, 0.013065, -0.006146, 0.997984, 0.033823, 0.053711, -0.035229, 0.999055, 0.025445, -0.052799, -0.027286, 0.998232)
    }},
    {Time = 0.267, Data = {
      ["Head"] = CFrame.new(-0.000977, 0.067360, -0.024537, 0.999864, 0.006038, -0.015367, -0.005978, 0.999974, 0.003996, 0.015391, -0.003903, 0.999874),
      ["LeftFoot"] = CFrame.new(-0.000000, -0.143781, -0.000004, 0.995756, -0.070399, -0.059274, 0.045449, 0.936242, -0.348425, 0.080029, 0.344231, 0.935461),
      ["LeftHand"] = CFrame.new(0.000500, 0.000100, 0.000000, 0.998554, 0.049751, -0.020374, -0.049329, 0.998568, 0.020722, 0.021375, -0.019686, 0.999578),
      ["LeftLowerArm"] = CFrame.new(0.005666, -0.026591, 0.010735, 1.000000, -0.000000, -0.000000, 0.000000, 0.997995, -0.063290, 0.000000, 0.063290, 0.997995),
      ["LeftLowerLeg"] = CFrame.new(0.000000, -0.142893, -0.001793, 1.000000, -0.000000, 0.000000, 0.000000, 1.000000, -0.000008, -0.000000, -0.000011, 1.000000),
