return {
    ["100% Pure Love"] = {
        {Time = 0.000, Data = {
            ["RightFoot"] = CFrame.new(-4.470348358154297e-08, 2.384185791015625e-07, 4.456524038687348e-09, 0.7368401288986206, 0.6758411526679993, 0.017488596960902214, -0.6712594032287598, 0.7282756567001343, 0.13793151080608368, 0.0804830864071846, -0.11337242275476456, 0.9902874231338501),
            ["LeftLowerArm"] = CFrame.new(2.086162567138672e-07, 1.1920928955078125e-07, 1.1920928955078125e-07, 1, 2.6077039194660756e-08, 3.5390250729960826e-08, 1.527368311826649e-07, 1, 3.948806863718346e-07, 1.1641526498351595e-07, 7.003547466410964e-07, 1),
            ["RightUpperArm"] = CFrame.new(0.011463761329650879, -0.004183650016784668, 0.030171304941177368, 0.8520241379737854, 0.06918330490589142, 0.5189108848571777, -0.5139548182487488, 0.2989928424358368, 0.8040235638618469, -0.09952592849731445, -0.9517442584037781, 0.29030609130859375),
            ["Head"] = CFrame.new(2.421438694000244e-08, -1.1920928955078125e-07, -8.940696716308594e-08, 0.3643670380115509, 0.055103909224271774, 0.9296238422393799, 0.36049386858940125, 0.9120739102363586, -0.19535958766937256, -0.8586505651473999, 0.4063062071800232, 0.31246471405029297),
            ["RightHand"] = CFrame.new(5.960464477539063e-08, 0, 2.5704503059387207e-07, 0.4996657967567444, -0.34587904810905457, -0.7941672801971436, 0.5464848279953003, 0.8372106552124023, -0.020793987438082695, 0.6720777750015259, -0.4236106872558594, 0.6073434948921204),
            ["UpperTorso"] = CFrame.new(-8.940696716308594e-08, 2.086162567138672e-07, -4.470348358154297e-08, 0.6798073053359985, -0.21656613051891327, -0.7006861567497253, 0.07903552055358887, 0.9714758396148682, -0.2235804796218872, 0.7291197776794434, 0.0966126099228859, 0.6775328516960144),
            ["HumanoidRootPart"] = CFrame.new(0, 0, 0, 1, 0, 0, 0, 1, 0, 0, 0, 1),
            ["RightUpperLeg"] = CFrame.new(-1.4901161193847656e-07, 2.0023435354232788e-08, 1.7567799659445882e-08, 0.43049442768096924, -0.7570062279701233, 0.49154484272003174, 0.8281367421150208, 0.11467870324850082, -0.5486695766448975, 0.3589766025543213, 0.6432654857635498, 0.6762731671333313),
            ["LeftUpperArm"] = CFrame.new(-0.01934802532196045, -0.002089381217956543, 0.029993325471878052, 0.6103401780128479, 0.4581036865711212, 0.6462400555610657, -0.7916380167007446, 0.3237198293209076, 0.5181840062141418, 0.028181184083223343, -0.8278566002845764, 0.5602313280105591),
            ["RightLowerArm"] = CFrame.new(0, 2.384185791015625e-07, -1.7881393432617188e-07, 1, -4.097820749393577e-08, 1.1362143226278931e-07, 6.332992796842518e-08, 1, 1.527370159237762e-07, 8.00937343115038e-08, 2.9802333756379085e-07, 1),
            ["LeftHand"] = CFrame.new(-1.043081283569336e-07, 1.7881393432617188e-07, 5.960464477539063e-08, 0.5736836791038513, 0.3887101113796234, -0.7209654450416565, -0.3345929682254791, 0.9146413207054138, 0.22689063847064972, 0.7476193308830261, 0.11106602847576141, 0.6547743082046509),
            ["LeftFoot"] = CFrame.new(5.168840289115906e-08, -5.960464477539063e-08, -1.8105993149220012e-08, 0.9990043044090271, -0.029200458899140358, 0.033730294555425644, 0.04221449792385101, 0.8633007407188416, -0.5029211640357971, -0.014433861710131168, 0.5038444995880127, 0.8636739253997803),
            ["LowerTorso"] = CFrame.new(-0.6205485463142395, -0.434822678565979, -0.1246754452586174, 0.7935970425605774, 0.44401100277900696, -0.4160023629665375, -0.36552461981773376, 0.8944978713989258, 0.25742068886756897, 0.48641085624694824, -0.052229177206754684, 0.872167706489563),
            ["RightLowerLeg"] = CFrame.new(-5.587935447692871e-09, 1.1920928955078125e-07, 1.0397343430668116e-08, 1, -5.811452297166397e-07, -4.693866912930389e-07, 5.811454002468963e-07, 0.8318281769752502, 0.5550329089164734, -1.3411047916633834e-07, -0.555033266544342, 0.8318284153938293),
            ["LeftUpperLeg"] = CFrame.new(-5.960464477539063e-08, 2.421438694000244e-08, -8.940696716308594e-08, 0.940622866153717, -0.29995378851890564, 0.1589229553937912, 0.3163590133190155, 0.6048867106437683, -0.730772852897644, 0.12306780368089676, 0.7376583218574524, 0.6638633608818054),
            ["LeftLowerLeg"] = CFrame.new(1.434236764907837e-07, 2.384185791015625e-07, -6.265682372941228e-08, 1, -1.4342366227992898e-07, -5.35510537247319e-07, 4.973263685315032e-07, 0.44827744364738464, 0.8938945531845093, 1.4901164746561335e-08, -0.8938944935798645, 0.4482773542404175),
        }},
        {Time = 0.033, Data = {
            ["RightFoot"] = CFrame.new(0, 2.384185791015625e-07, -2.9940565582364798e-09, 0.7371602058410645, 0.6741653680801392, 0.04578738659620285, -0.6448500752449036, 0.6816218495368958, 0.34577468037605286, 0.20189933478832245, -0.28441664576530457, 0.9371997714042664),
            ["LeftLowerArm"] = CFrame.new(2.384185791015625e-07, 0, 2.9802322387695312e-08, 1, 3.091991231940483e-07, 1.6670672664531594e-07, 3.2410011385763937e-07, 1, 2.682208730675484e-07, 8.568163423205988e-08, 5.364418598219345e-07, 1),
            ["RightUpperArm"] = CFrame.new(0.013119101524353027, -0.004805088043212891, 0.02863897755742073, 0.8338584303855896, -0.03518648073077202, 0.5508557558059692, -0.4999231696128845, 0.3749294579029083, 0.7807080149650574, -0.2340019941329956, -0.9263854026794434, 0.2950475513935089),
            ["Head"] = CFrame.new(-2.9802322387695312e-08, -1.1920928955078125e-07, -5.21540641784668e-08, 0.29954949021339417, 0.08567919582128525, 0.9502258896827698, 0.3958102762699127, 0.8950488567352295, -0.20547938346862793, -0.8681039214134216, 0.4376603960990906, 0.23419873416423798),
            ["RightHand"] = CFrame.new(2.9802322387695312e-08, 1.1920928955078125e-07, 1.3783574104309082e-07, 0.5524488687515259, -0.17284604907035828, -0.8154289126396179, 0.4884352684020996, 0.8598452806472778, 0.14865176379680634, 0.6754489541053772, -0.4804065525531769, 0.559444785118103),
            ["UpperTorso"] = CFrame.new(-5.960464477539063e-08, 8.940696716308594e-08, -7.450580596923828e-08, 0.6794451475143433, -0.17379511892795563, -0.7128461599349976, 0.05928579345345497, 0.9813694953918457, -0.18275415897369385, 0.7313272356987, 0.08190985023975372, 0.6770904660224915),
            ["HumanoidRootPart"] = CFrame.new(0, 0, 0, 1, 0, 0, 0, 1, 0, 0, 0, 1),
            ["RightUpperLeg"] = CFrame.new(0, 1.5739351511001587e-07, -4.7839421313256025e-09, 0.4818473160266876, -0.7280061841011047, 0.4876787066459656, 0.8347966074943542, 0.212219700217247, -0.5080130100250244, 0.2663416266441345, 0.6518970727920532, 0.7099945545196533),
            ["LeftUpperArm"] = CFrame.new(-0.017713308334350586, -0.0035856962203979492, 0.02854238450527191, 0.7059145569801331, 0.36905643343925476, 0.6045509576797485, -0.7082224488258362, 0.3801637291908264, 0.5948923230171204, -0.010279364883899689, -0.8480996489524841, 0.5297371745109558),
            ["RightLowerArm"] = CFrame.new(2.980232238769531e-07, 5.960464477539063e-08, -1.695007085800171e-07, 1, 2.2351754580540728e-07, 1.9976872067672957e-07, 4.693866912930389e-07, 1, 1.0430814256778831e-07, 1.8300492854450567e-07, 2.719463623179763e-07, 1),
            ["LeftHand"] = CFrame.new(-4.6193599700927734e-07, 0, 5.960464477539063e-08, 0.4999007284641266, 0.435128778219223, -0.7488402724266052, -0.27070102095603943, 0.8998109102249146, 0.34214332699775696, 0.8226909041404724, 0.03167392686009407, 0.5676057934761047),
            ["LeftFoot"] = CFrame.new(5.745096132159233e-08, 0, 2.6597490432322957e-08, 0.9994977116584778, 0.0027458355762064457, 0.03157315030694008, 0.014723489060997963, 0.8419674038887024, -0.5393267869949341, -0.028064247220754623, 0.5395215749740601, 0.8415044546127319),
            ["LowerTorso"] = CFrame.new(-0.6471144556999207, -0.40852272510528564, -0.15627989172935486, 0.751798152923584, 0.40362581610679626, -0.5214267373085022, -0.3117695152759552, 0.914377748966217, 0.2582888901233673, 0.5810329914093018, -0.03161614388227463, 0.8132657408714294),
            ["RightLowerLeg"] = CFrame.new(-2.0489096641540527e-08, 1.1920928955078125e-07, -3.803143044933677e-08, 1, -5.885959808438201e-07, -4.0233155118585273e-07, 6.109478363214293e-07, 0.9373574256896973, 0.34836894273757935, -1.5646224937881925e-07, -0.34836941957473755, 0.937357485294342),
            ["LeftUpperLeg"] = CFrame.new(-5.960464477539063e-08, -1.955777406692505e-08, -2.9802322387695312e-08, 0.9464012384414673, -0.23439499735832214, 0.22222450375556946, 0.32283082604408264, 0.6646302342414856, -0.6738298535346985, 0.010245556943118572, 0.7094545364379883, 0.7046769261360168),
            ["LeftLowerLeg"] = CFrame.new(-1.816079020500183e-08, -5.960464477539063e-08, -3.285450134171697e-08, 1, -1.1408697098147513e-08, -7.298079935935675e-07, 4.2375208408884646e-07, 0.4512639343738556, 0.8923905491828918, -2.004673262945289e-07, -0.8923905491828918, 0.45126408338546753),
        }},
        {Time = 0.067, Data = {
            ["RightFoot"] = CFrame.new(4.470348358154297e-08, 4.172325134277344e-07, -2.9071088647469878e-08, 0.7547501921653748, 0.6490837335586548, 0.09509001672267914, -0.5555611848831177, 0.5553457140922546, 0.618824303150177, 0.3488609194755554, -0.5198859572410583, 0.779752790927887),
            ["LeftLowerArm"] = CFrame.new(-4.172325134277344e-07, 0, 5.662441253662109e-07, 1, 1.8626447229053156e-07, 1.396983151380482e-07, 4.50759955583635e-07, 1, -1.4901154088420299e-08, 1.0244544768056585e-07, 2.533196834519913e-07, 1),
            ["RightUpperArm"] = CFrame.new(0.014281630516052246, -0.005977511405944824, 0.027218196541070938, 0.8747321963310242, -0.09799613058567047, 0.4745948612689972, -0.3551991283893585, 0.5365623831748962, 0.7654635310173035, -0.32966217398643494, -0.8381513357162476, 0.43454039096832275),
            ["Head"] = CFrame.new(-2.7939677238464355e-09, 0, -2.421438694000244e-08, 0.2745935618877411, 0.10804744064807892, 0.955470621585846, 0.43221211433410645, 0.8737587928771973, -0.2230210304260254, -0.85894775390625, 0.4742060601711273, 0.1932290941476822),
            ["RightHand"] = CFrame.new(1.043081283569336e-07, -1.1920928955078125e-07, -8.940696716308594e-08, 0.6423925757408142, -0.0830211192369461, -0.7618659138679504, 0.43165168166160583, 0.8606282472610474, 0.27017828822135925, 0.6332525014877319, -0.5024207830429077, 0.5886970162391663),
            ["UpperTorso"] = CFrame.new(-5.960464477539063e-08, 2.9802322387695312e-08, 5.960464477539063e-08, 0.711153507232666, -0.124153733253479, -0.6919873952865601, 0.04151046276092529, 0.989981472492218, -0.1349584460258484, 0.7018102407455444, 0.0672515407204628, 0.7091823816299438),
            ["HumanoidRootPart"] = CFrame.new(0, 0, 0, 1, 0, 0, 0, 1, 0, 0, 0, 1),
            ["RightUpperLeg"] = CFrame.new(-2.9802322387695312e-08, -7.543712854385376e-08, 2.501838025636971e-08, 0.54737788438797, -0.6797298789024353, 0.4882057309150696, 0.8201271295547485, 0.3195264935493469, -0.474651962518692, 0.1666402816772461, 0.6602046489715576, 0.7323665618896484),
            ["LeftUpperArm"] = CFrame.new(-0.01655888557434082, -0.005373954772949219, 0.027173705399036407, 0.821849524974823, 0.3556673526763916, 0.44504380226135254, -0.5696547627449036, 0.5233889222145081, 0.6336858868598938, -0.007549449801445007, -0.7743157744407654, 0.6327544450759888),
            ["RightLowerArm"] = CFrame.new(-2.384185791015625e-07, 1.1920928955078125e-07, 1.341104507446289e-07, 1, 0, 5.215405707303944e-08, 2.1606686573250045e-07, 1, 7.4505797087454084e-09, 9.685756197086448e-08, 2.4586927338532405e-07, 1),
            ["LeftHand"] = CFrame.new(2.980232238769531e-07, 1.1920928955078125e-07, 4.172325134277344e-07, 0.5032948851585388, 0.38688230514526367, -0.772668182849884, -0.220648854970932, 0.922069787979126, 0.31796500086784363, 0.8354689478874207, 0.010458041913807392, 0.5494379997253418),
            ["LeftFoot"] = CFrame.new(1.364387571811676e-07, -1.1920928955078125e-07, -4.7908315536915325e-08, 0.9992155432701111, 0.02991647645831108, 0.02594858594238758, -0.01076220441609621, 0.8357011079788208, -0.549079179763794, -0.03811189532279968, 0.5483691096305847, 0.8353675007820129),
            ["LowerTorso"] = CFrame.new(-0.6733087301254272, -0.3523975610733032, -0.19042935967445374, 0.6963712573051453, 0.3604726195335388, -0.6205856800079346, -0.2512511909008026, 0.9324371218681335, 0.2596804201602936, 0.6722647547721863, -0.024911098182201385, 0.7398915886878967),
            ["RightLowerLeg"] = CFrame.new(-1.1175870895385742e-08, 1.7881393432617188e-07, -4.5482011046260595e-08, 1, -6.59376723888272e-07, -2.980232949312267e-08, 6.742776008650253e-07, 0.9923025965690613, 0.12383674830198288, 2.980232594040899e-08, -0.12383682280778885, 0.992302656173706),
            ["LeftUpperLeg"] = CFrame.new(-1.1920928955078125e-07, -2.3283064365386963e-08, -8.940696716308594e-08, 0.9423271417617798, -0.173292338848114, 0.2863377332687378, 0.3163931369781494, 0.7402446866035461, -0.5932397246360779, -0.10915623605251312, 0.6496211886405945, 0.7523812055587769),
            ["LeftLowerLeg"] = CFrame.new(3.91155481338501e-08, -3.5762786865234375e-07, -3.052178954021656e-09, 1, -2.1792953930344083e-07, -3.688036542826012e-07, 6.295741172834823e-07, 0.5153398513793945, 0.8569857478141785, 3.3527616238870905e-08, -0.8569859862327576, 0.5153402090072632),
        }},
        {Time = 0.100, Data = {
            ["RightFoot"] = CFrame.new(6.705522537231445e-08, 2.980232238769531e-07, 6.778645911253989e-08, 0.8139691352844238, 0.5707835555076599, 0.10798662900924683, -0.45278117060661316, 0.5069209337234497, 0.7334983348846436, 0.3639279305934906, -0.6459391713142395, 0.671058177947998),
            ["LeftLowerArm"] = CFrame.new(-1.1920928955078125e-07, -5.960464477539063e-08, 4.172325134277344e-07, 1, -2.2351745343485163e-08, 1.1175872316471214e-07, 2.980229965032777e-07, 0.9991645812988281, -0.04086669161915779, -3.725287633926655e-09, 0.04086751118302345, 0.9991647005081177),
            ["RightUpperArm"] = CFrame.new(0.015137314796447754, -0.00683748722076416, 0.026237230747938156, 0.9920920133590698, -0.12232357263565063, -0.02811555378139019, 0.1091744676232338, 0.7305028438568115, 0.6741266250610352, -0.061922915279865265, -0.6718649864196777, 0.7380805611610413),
            ["Head"] = CFrame.new(2.2351741790771484e-08, -2.384185791015625e-07, -2.253800630569458e-07, 0.2907509207725525, 0.11140075325965881, 0.9502915143966675, 0.46203702688217163, 0.8533734083175659, -0.24140384793281555, -0.8378458619117737, 0.5092581510543823, 0.19664788246154785),
            ["RightHand"] = CFrame.new(8.940696716308594e-08, 1.1920928955078125e-07, -1.1548399925231934e-07, 0.8885665535926819, -0.44577279686927795, -0.10833321511745453, 0.45859837532043457, 0.8691812753677368, 0.18496336042881012, 0.011709481477737427, -0.21403385698795319, 0.9767561554908752),
            ["UpperTorso"] = CFrame.new(1.341104507446289e-07, 1.7881393432617188e-07, 1.4901161193847656e-08, 0.7788006067276001, -0.07374610751867294, -0.6229215264320374, 0.025859657675027847, 0.9959954619407654, -0.08558263629674911, 0.6267383694648743, 0.05054327845573425, 0.7775889039039612),
            ["HumanoidRootPart"] = CFrame.new(0, 0, 0, 1, 0, 0, 0, 1, 0, 0, 0, 1),
            ["RightUpperLeg"] = CFrame.new(2.384185791015625e-07, -1.8766149878501892e-07, -4.203684511594474e-08, 0.663163959980011, -0.6018953919410706, 0.44489967823028564, 0.7340094447135925, 0.40669092535972595, -0.5439048409461975, 0.14643727242946625, 0.6872587203979492, 0.7114996910095215),
            ["LeftUpperArm"] = CFrame.new(-0.015705347061157227, -0.006687760353088379, 0.0262269526720047, 0.8924645185470581, 0.3716302514076233, 0.25573065876960754, -0.44916483759880066, 0.6793373227119446, 0.5803033113479614, 0.041931021958589554, -0.6327652335166931, 0.7732075452804565),
            ["RightLowerArm"] = CFrame.new(1.1920928955078125e-07, 1.1920928955078125e-07, -4.023313522338867e-07, 1, -5.2154096152889906e-08, -7.078055119791316e-08, 8.940695295223122e-08, 1, 1.0803346839338701e-07, 2.2351738238057806e-08, 3.981406280217925e-07, 1),
            ["LeftHand"] = CFrame.new(0, 1.7881393432617188e-07, -4.172325134277344e-07, 0.5379642248153687, 0.2710522413253784, -0.7982009649276733, -0.2798044979572296, 0.9506268501281738, 0.13423332571983337, 0.7951754331588745, 0.15112709999084473, 0.5872451066970825),
            ["LeftFoot"] = CFrame.new(-7.450580596923828e-08, 5.960464477539063e-08, 1.16963292384753e-08, 0.9986633658409119, 0.04805205389857292, 0.019039276987314224, -0.02989889681339264, 0.8375447988510132, -0.5455504655838013, -0.04216114059090614, 0.5442516207695007, 0.8378617763519287),
            ["LowerTorso"] = CFrame.new(-0.6994102001190186, -0.29135119915008545, -0.21779228746891022, 0.627737820148468, 0.3188697099685669, -0.7101178169250488, -0.18845953047275543, 0.947365939617157, 0.2588065266609192, 0.7552670240402222, -0.02863418683409691, 0.6547914743423462),
            ["RightLowerLeg"] = CFrame.new(-2.2351741790771484e-08, 1.7881393432617188e-07, -6.038317224010825e-08, 1, -4.7590577878509066e-07, -1.7881393432617188e-07, 5.159529905540694e-07, 0.9999839067459106, 0.0056822532787919044, -1.4901170075631853e-08, -0.0056825983338057995, 0.9999839067459106),
            ["LeftUpperLeg"] = CFrame.new(1.7881393432617188e-07, -2.60770320892334e-08, 0, 0.9265428781509399, -0.11581599712371826, 0.3579174280166626, 0.29781782627105713, 0.8070995807647705, -0.5097988247871399, -0.22983232140541077, 0.5789446234703064, 0.782304584980011),
            ["LeftLowerLeg"] = CFrame.new(-1.9371509552001953e-07, 1.1920928955078125e-07, -9.24591461171076e-08, 1, -2.868473814032768e-07, -3.5390249308875354e-07, 5.885962082174956e-07, 0.5934843420982361, 0.8048455119132996, 4.47035120032524e-08, -0.8048455119132996, 0.5934844017028809),
        }},
        {Time = 0.133, Data = {
            ["RightFoot"] = CFrame.new(1.6391277313232422e-07, 4.172325134277344e-07, -6.632399163208902e-08, 0.8795273900032043, 0.4644225537776947, 0.10365305840969086, -0.3566854000091553, 0.49925947189331055, 0.7896295785903931, 0.3149714767932892, -0.7314722537994385, 0.6047654151916504),
            ["LeftLowerArm"] = CFrame.new(-1.1920928955078125e-07, 3.5762786865234375e-07, 2.384185791015625e-07, 1, -4.4703494239684005e-08, 1.154839708306099e-07, 1.452862647965958e-07, 0.9782811403274536, -0.20728203654289246, 8.940693874137651e-08, 0.20728272199630737, 0.9782812595367432),
            ["RightUpperArm"] = CFrame.new(0.0161362886428833, -0.006632447242736816, 0.025883913040161133, 0.8878663182258606, -0.1501229852437973, -0.4349215030670166, 0.35270896553993225, 0.829072117805481, 0.4338614344596863, 0.2954484820365906, -0.5386117100715637, 0.7890548706054688),
            ["Head"] = CFrame.new(-3.725290298461914e-09, -1.1920928955078125e-07, -1.4668330550193787e-07, 0.2890755534172058, 0.11955968290567398, 0.9498110413551331, 0.47865718603134155, 0.841190755367279, -0.2515663206577301, -0.829049289226532, 0.5273553133010864, 0.18593956530094147),
            ["RightHand"] = CFrame.new(1.4901161193847656e-07, 2.384185791015625e-07, 5.960464477539063e-08, 0.738368570804596, -0.2485910952091217, 0.6269080638885498, 0.24716123938560486, 0.9646528363227844, 0.09141372889280319, -0.6274735927581787, 0.08744987100362778, 0.7737118005752563),
            ["UpperTorso"] = CFrame.new(0, -2.086162567138672e-07, 1.4901161193847656e-08, 0.8388090133666992, -0.027354426681995392, -0.543738067150116, 0.006118701305240393, 0.9991475343704224, -0.040825799107551575, 0.5443913340568542, 0.03091827966272831, 0.8382614254951477),
            ["HumanoidRootPart"] = CFrame.new(0, 0, 0, 1, 0, 0, 0, 1, 0, 0, 0, 1),
            ["RightUpperLeg"] = CFrame.new(-8.940696716308594e-08, -2.8638169169425964e-07, -3.4586264519020915e-08, 0.781755805015564, -0.4817337095737457, 0.39596834778785706, 0.6117634177207947, 0.4694203734397888, -0.6367020606994629, 0.1208452582359314, 0.7399846315383911, 0.6616793274879456),
            ["LeftUpperArm"] = CFrame.new(-0.014705538749694824, -0.007013440132141113, 0.025910548865795135, 0.9228724837303162, 0.3743950426578522, 0.09019382297992706, -0.3825139105319977, 0.8640384674072266, 0.3272927403450012, 0.044605839997529984, -0.3365498483181, 0.9406086206436157),
            ["RightLowerArm"] = CFrame.new(1.1920928955078125e-07, 1.1920928955078125e-07, -2.384185791015625e-07, 1, -1.6391287260830723e-07, 0, 3.725288166833707e-08, 0.9847838878631592, -0.17378312349319458, 7.45057615603173e-09, 0.1737838238477707, 0.9847840070724487),
            ["LeftHand"] = CFrame.new(1.6391277313232422e-07, 1.1920928955078125e-07, -1.564621925354004e-07, 0.43716856837272644, 0.23619818687438965, -0.8678098917007446, -0.16172370314598083, 0.9698156118392944, 0.1824924796819687, 0.8847198486328125, 0.06056510657072067, 0.4621715247631073),
            ["LeftFoot"] = CFrame.new(-7.450580596923828e-09, 1.7881393432617188e-07, -3.204831955372356e-09, 0.9983693957328796, 0.05548239126801491, 0.013431785628199577, -0.03944569081068039, 0.8405896425247192, -0.5402342081069946, -0.041264042258262634, 0.5388236045837402, 0.8414075374603271),
            ["LowerTorso"] = CFrame.new(-0.7257435321807861, -0.24095046520233154, -0.22898289561271667, 0.5485111474990845, 0.2811354696750641, -0.7874632477760315, -0.128211110830307, 0.9589220285415649, 0.2530425786972046, 0.8262550830841064, -0.03783513233065605, 0.5620241165161133),
            ["RightLowerLeg"] = CFrame.new(8.940696716308594e-08, 1.1920928955078125e-07, 6.627669790759683e-08, 1, -5.403999807640503e-07, -1.9371512394172896e-07, 5.819532589157461e-07, 0.9999843239784241, 0.005606635008007288, 4.47035120032524e-08, -0.005607190076261759, 0.9999843835830688),
            ["LeftUpperLeg"] = CFrame.new(0, -2.4959444999694824e-07, -8.940696716308594e-08, 0.8988848924636841, -0.057256437838077545, 0.43442845344543457, 0.26923230290412903, 0.854377269744873, -0.4444698393344879, -0.3457167446613312, 0.5164893269538879, 0.7834019660949707),
            ["LeftLowerLeg"] = CFrame.new(-1.3783574104309082e-07, 0, 2.6750143433673657e-08, 1, -3.091990095072106e-07, -6.426125764846802e-07, 4.395843689053436e-07, 0.6520556807518005, 0.7581712007522583, -3.166497464235363e-08, -0.7581711411476135, 0.652055561542511),
        }},
        {Time = 0.167, Data = {
            ["RightFoot"] = CFrame.new(-8.940696716308594e-08, 1.1920928955078125e-07, 1.563239493407309e-08, 0.9448151588439941, 0.3182862102985382, 0.07757571339607239, -0.2870512008666992, 0.690197765827179, 0.6642505526542664, 0.15787965059280396, -0.6498622298240662, 0.7434737086296082),
            ["LeftLowerArm"] = CFrame.new(-3.2782554626464844e-07, 3.5762786865234375e-07, -5.960464477539063e-08, 1, -2.6728960733635176e-07, 1.2200321464206354e-07, -1.3038513202445756e-07, 0.9466874003410339, -0.32215315103530884, 5.5879340266073996e-08, 0.32215380668640137, 0.9466875195503235),
            ["RightUpperArm"] = CFrame.new(0.016442298889160156, -0.004255175590515137, 0.0271795354783535, 0.9775808453559875, -0.19021634757518768, -0.0902971550822258, 0.20828817784786224, 0.9364311695098877, 0.28233450651168823, 0.030852261930704117, -0.2948126494884491, 0.95505690574646),
            ["Head"] = CFrame.new(2.2351741790771484e-08, 2.384185791015625e-07, -3.725290298461914e-09, 0.2957461178302765, 0.11152146756649017, 0.9487345218658447, 0.47567668557167053, 0.844082236289978, -0.2475011646747589, -0.8284116387367249, 0.5244884490966797, 0.19658580422401428),
            ["RightHand"] = CFrame.new(8.940696716308594e-08, 0, 8.195638656616211e-08, 0.4271124005317688, -0.011367575265467167, 0.9041271209716797, 0.1515338122844696, 0.986678957939148, -0.05917959660291672, -0.8914103507995605, 0.1622820794582367, 0.42314544320106506),
            ["UpperTorso"] = CFrame.new(7.450580596923828e-08, 0, 8.195638656616211e-08, 0.9015915393829346, 0.0029582399874925613, -0.4325781762599945, -0.0031858922448009253, 0.9999949932098389, 0.0001983850816031918, 0.4325768053531647, 0.0011992387007921934, 0.9015964269638062),
            ["HumanoidRootPart"] = CFrame.new(0, 0, 0, 1, 0, 0, 0, 1, 0, 0, 0, 1),
            ["RightUpperLeg"] = CFrame.new(-5.960464477539063e-08, 1.5832483768463135e-07, 4.7370122047141194e-08, 0.8879182934761047, -0.2784230411052704, 0.36617136001586914, 0.45073068141937256, 0.3675895929336548, -0.8134617209434509, 0.09188594669103622, 0.8873322606086731, 0.4518834352493286),
            ["LeftUpperArm"] = CFrame.new(-0.014398694038391113, -0.00479888916015625, 0.02722007781267166, 0.9494988918304443, 0.3126937747001648, 0.025975510478019714, -0.3070835471153259, 0.9430736303329468, -0.12771828472614288, -0.06443371623754501, 0.1132916510105133, 0.9914702773094177),
            ["RightLowerArm"] = CFrame.new(-5.960464477539063e-08, -4.76837158203125e-07, -1.4156103134155273e-07, 1, -8.195643630415361e-08, 7.450584149637507e-08, 1.4528632164001465e-07, 0.9526757001876831, -0.3039882481098175, 9.313225746154785e-08, 0.30398863554000854, 0.9526758193969727),
            ["LeftHand"] = CFrame.new(-1.1362135410308838e-07, 2.384185791015625e-07, -4.470348358154297e-08, 0.46017223596572876, 0.3215029239654541, -0.8275732398033142, 0.00952471885830164, 0.9302892088890076, 0.36670371890068054, 0.8877785801887512, -0.17662926018238068, 0.4250307083129883),
            ["LeftFoot"] = CFrame.new(5.4016709327697754e-08, 2.384185791015625e-07, 2.6597490432322957e-08, 0.9983744621276855, 0.056086793541908264, 0.010143048129975796, -0.04208365082740784, 0.8453996181488037, -0.5324742197990417, -0.03843972831964493, 0.5311815142631531, 0.8463854789733887),
            ["LowerTorso"] = CFrame.new(-0.7529133558273315, -0.20552313327789307, -0.22517457604408264, 0.472566157579422, 0.24393081665039062, -0.8468642830848694, -0.08400394767522812, 0.9690238237380981, 0.23224183917045593, 0.8772825598716736, -0.03860968351364136, 0.4784189462661743),
            ["RightLowerLeg"] = CFrame.new(1.862645149230957e-08, 1.7881393432617188e-07, -7.900962373241782e-08, 1, -7.152560783652007e-07, -5.96046959344676e-07, 5.513430210157821e-07, 0.8798338174819946, 0.47528135776519775, -1.3411046495548362e-07, -0.47528165578842163, 0.8798339366912842),
            ["LeftUpperLeg"] = CFrame.new(2.384185791015625e-07, 1.601874828338623e-07, 1.4901161193847656e-07, 0.8646188974380493, -0.009912814944982529, 0.5023304224014282, 0.23876197636127472, 0.8878045082092285, -0.39344096183776855, -0.44207140803337097, 0.4601139724254608, 0.7699794769287109),
            ["LeftLowerLeg"] = CFrame.new(-2.5704503059387207e-07, 0, -1.222614685048029e-07, 1, -2.71946277052848e-07, -3.1106176834327925e-07, 6.929039386704972e-07, 0.6894479990005493, 0.724335253238678, 2.2351738238057806e-08, -0.7243351340293884, 0.6894479990005493),
        }},
        {Time = 0.200, Data = {
            ["RightFoot"] = CFrame.new(0, 4.76837158203125e-07, 2.308297553099692e-08, 0.9860814809799194, 0.16154009103775024, 0.039347413927316666, -0.15200510621070862, 0.7800238132476807, 0.607006847858429, 0.06736385077238083, -0.6045392155647278, 0.7937219738960266),
            ["LeftLowerArm"] = CFrame.new(-1.7881393432617188e-07, 4.76837158203125e-07, -1.1920928955078125e-07, 1, -1.0430815677864302e-07, -3.3527587817161475e-08, -1.676381167214913e-08, 0.9281521439552307, -0.3722005784511566, -7.07805440924858e-08, 0.37220120429992676, 0.928152322769165),
            ["RightUpperArm"] = CFrame.new(0.014968156814575195, 0.000996708869934082, 0.027954280376434326, 0.9786736369132996, -0.2029104232788086, 0.03202037885785103, 0.200847789645195, 0.9778969287872314, 0.058117303997278214, -0.04310533031821251, -0.05044703558087349, 0.9977961182594299),
            ["Head"] = CFrame.new(0, -1.1920928955078125e-07, -5.587935447692871e-08, 0.37466874718666077, 0.058975521475076675, 0.9252810478210449, 0.4421147406101227, 0.8658408522605896, -0.2342100292444229, -0.8149588704109192, 0.49683165550231934, 0.2983298599720001),
            ["RightHand"] = CFrame.new(3.725290298461914e-09, -3.5762786865234375e-07, 1.4901161193847656e-08, 0.5621815919876099, 0.06492685526609421, 0.8244615197181702, 0.07684875279664993, 0.9884989857673645, -0.13024607300758362, -0.8234356641769409, 0.13658075034618378, 0.550726056098938),
            ["UpperTorso"] = CFrame.new(2.2351741790771484e-08, 8.940696716308594e-08, 2.9802322387695312e-08, 0.9748876690864563, 0.010130120441317558, -0.22246652841567993, -0.002338181249797344, 0.9993754029273987, 0.03526102751493454, 0.22268469631671906, -0.03385521471500397, 0.9743024706840515),
            ["HumanoidRootPart"] = CFrame.new(0, 0, 0, 1, 0, 0, 0, 1, 0, 0, 0, 1),
            ["RightUpperLeg"] = CFrame.new(1.1920928955078125e-07, 6.845220923423767e-08, 1.2187592801637948e-07, 0.9566514492034912, -0.17816640436649323, 0.23037955164909363, 0.28325772285461426, 0.3853304088115692, -0.8782286643981934, 0.06769845634698868, 0.9054155349731445, 0.4190940260887146),
            ["LeftUpperArm"] = CFrame.new(-0.015874385833740234, 0.001236557960510254, 0.027936160564422607, 0.9765246510505676, 0.15890690684318542, -0.14542460441589355, -0.21214842796325684, 0.8264608383178711, -0.5214937925338745, 0.03731910139322281, 0.5401028990745544, 0.8407710790634155),
            ["RightLowerArm"] = CFrame.new(1.7881393432617188e-07, 1.7881393432617188e-07, -5.960464477539063e-08, 1, -7.450586281265714e-08, 2.8125955964242166e-07, 1.266599838345428e-07, 0.9122902154922485, -0.4095441997051239, 2.4586938707216177e-07, 0.40954452753067017, 0.9122902750968933),
            ["LeftHand"] = CFrame.new(-2.4051405489444733e-07, -2.384185791015625e-07, 9.313225746154785e-09, 0.4690067768096924, 0.34672024846076965, -0.8122916221618652, 0.0781581774353981, 0.8998180031776428, 0.42920833826065063, 0.8797294497489929, -0.2647880017757416, 0.3949209153652191),
            ["LeftFoot"] = CFrame.new(1.7415732145309448e-07, 0, -3.204831955372356e-09, 0.9985371828079224, 0.0533781424164772, 0.008621908724308014, -0.04092128574848175, 0.8502695560455322, -0.5247542262077332, -0.03534119203686714, 0.5236340165138245, 0.8512101173400879),
            ["LowerTorso"] = CFrame.new(-0.7805008292198181, -0.18245160579681396, -0.21304534375667572, 0.4016999304294586, 0.19383007287979126, -0.8950235247612, -0.055772703140974045, 0.9807077646255493, 0.18735456466674805, 0.9140714406967163, -0.025342432782053947, 0.4047606587409973),
            ["RightLowerLeg"] = CFrame.new(-3.725290298461914e-09, 0, -8.229108061641455e-09, 1, -4.023314090773056e-07, -2.831221763699432e-07, 8.493664722664107e-07, 0.7465972900390625, 0.6652758717536926, -2.980233304583635e-08, -0.665276288986206, 0.7465975880622864),
            ["LeftUpperLeg"] = CFrame.new(-5.960464477539063e-08, 1.0989606380462646e-07, -2.9802322387695312e-08, 0.8273594975471497, 0.026359880343079567, 0.561053991317749, 0.20159819722175598, 0.918401300907135, -0.3404364287853241, -0.5242465138435364, 0.39477092027664185, 0.7545338869094849),
            ["LeftLowerLeg"] = CFrame.new(6.332993507385254e-08, 1.7881393432617188e-07, -1.222614685048029e-07, 1, -3.241002275444771e-07, -4.880130859419296e-07, 5.885958671569824e-07, 0.7116963267326355, 0.7024873495101929, -4.0046870708465576e-08, -0.7024874091148376, 0.7116961479187012),
        }},
        {Time = 0.233, Data = {
            ["RightFoot"] = CFrame.new(2.1420419216156006e-08, 2.384185791015625e-07, 2.5938788894563913e-09, 0.999969482421875, 0.000865109555888921, -0.007776416838169098, 0.002869613468647003, 0.8840576410293579, 0.4673689603805542, 0.007279104553163052, -0.4673771858215332, 0.8840281367301941),
            ["LeftLowerArm"] = CFrame.new(-3.5762786865234375e-07, 1.1920928955078125e-07, 2.5331974029541016e-07, 1, 7.450584149637507e-09, 1.0058282384761696e-07, 1.713632116207009e-07, 0.713196337223053, -0.7009639739990234, 1.3422675237961812e-07, 0.7009643912315369, 0.7131966948509216),
            ["RightUpperArm"] = CFrame.new(0.013970613479614258, 0.005567431449890137, 0.029545709490776062, 0.9651865363121033, -0.235837921500206, 0.11311750113964081, 0.2515923082828522, 0.9553520679473877, -0.15493141114711761, -0.07152847945690155, 0.17799678444862366, 0.9814279675483704),
            ["Head"] = CFrame.new(-4.470348358154297e-08, -3.5762786865234375e-07, 3.3527612686157227e-08, 0.3852536082267761, 0.0628102570772171, 0.920670747756958, 0.39403781294822693, 0.8909593820571899, -0.2256678193807602, -0.8344542384147644, 0.4497182071208954, 0.3184957206249237),
            ["RightHand"] = CFrame.new(-2.2351741790771484e-08, -1.7881393432617188e-07, -1.1920928955078125e-07, 0.31224754452705383, 0.23580537736415863, 0.9202702045440674, 0.04320035129785538, 0.964178204536438, -0.2617141008377075, -0.9490180611610413, 0.12147564440965652, 0.2908754348754883),
            ["UpperTorso"] = CFrame.new(4.470348358154297e-08, 3.5762786865234375e-07, 1.043081283569336e-07, 0.9970280528068542, 0.0013280888088047504, -0.07702793926000595, 0.00464549520984292, 0.9969955682754517, 0.07732046395540237, 0.07689917087554932, -0.07744835317134857, 0.9940263628959656),
            ["HumanoidRootPart"] = CFrame.new(0, 0, 0, 1, 0, 0, 0, 1, 0, 0, 0, 1),
            ["RightUpperLeg"] = CFrame.new(0, 1.7957063391804695e-07, 1.293265086133033e-07, 0.9905128479003906, -0.11134902387857437, 0.08053479343652725, 0.11903795599937439, 0.40241172909736633, -0.9076865911483765, 0.06866186112165451, 0.9086618423461914, 0.4118488132953644),
            ["LeftUpperArm"] = CFrame.new(-0.016868233680725098, 0.006336569786071777, 0.029482215642929077, 0.9757845401763916, 0.0954120010137558, -0.19682788848876953, -0.2061125785112381, 0.7023270726203918, -0.6813622713088989, 0.07322745025157928, 0.7054312229156494, 0.7049852609634399),
            ["RightLowerArm"] = CFrame.new(-2.384185791015625e-07, 1.1920928955078125e-07, 1.4901161193847656e-08, 1, -1.601875823098453e-07, 5.215408194203519e-08, 2.607703493140434e-07, 0.8729531168937683, -0.48780393600463867, 1.0244549741855735e-07, 0.4878041744232178, 0.8729531764984131),
            ["LeftHand"] = CFrame.new(-3.203749656677246e-07, 0, -3.8743019104003906e-07, 0.6848375201225281, 0.19155055284500122, -0.7030689716339111, 0.20123252272605896, 0.8775988817214966, 0.43511611223220825, 0.7003592252731323, -0.43946391344070435, 0.562466025352478),
            ["LeftFoot"] = CFrame.new(-3.166496753692627e-08, -5.960464477539063e-08, -3.204831955372356e-09, 0.9988553524017334, 0.04707985743880272, 0.008456248790025711, -0.035912059247493744, 0.8548811674118042, -0.5175793766975403, -0.03159651160240173, 0.5166835188865662, 0.8555934429168701),
            ["LowerTorso"] = CFrame.new(-0.8080884218215942, -0.16623914241790771, -0.19977903366088867, 0.31961512565612793, 0.1332467496395111, -0.9381319284439087, -0.03973039612174034, 0.9910771250724792, 0.12723089754581451, 0.9467141628265381, -0.0033925704192370176, 0.32205718755722046),
            ["RightLowerLeg"] = CFrame.new(-5.029141902923584e-08, 0, 4.57876012660563e-08, 1, -4.1956070617743535e-07, -5.77653054278926e-07, 7.338823593272537e-07, 0.48949068784713745, 0.8720083832740784, -7.4505820180093e-08, -0.8720086216926575, 0.4894911050796509),
            ["LeftUpperLeg"] = CFrame.new(5.960464477539063e-08, 5.51808625459671e-08, 1.043081283569336e-07, 0.7791627049446106, 0.0517704114317894, 0.62468022108078, 0.15664419531822205, 0.9488811492919922, -0.2740204632282257, -0.6069332957267761, 0.31135907769203186, 0.7312232851982117),
            ["LeftLowerLeg"] = CFrame.new(-1.1920928955078125e-07, -2.384185791015625e-07, -6.265682372941228e-08, 1, -2.570449453287438e-07, -5.308538675308228e-07, 4.4703477897201083e-07, 0.7323427200317383, 0.6809364557266235, 0, -0.680936336517334, 0.7323424816131592),
        }},
        {Time = 0.267, Data = {
            ["RightFoot"] = CFrame.new(5.587935447692871e-09, 2.384185791015625e-07, -8.581992005929351e-09, 0.9915738105773926, -0.11872667074203491, -0.05182144045829773, 0.12756168842315674, 0.9645793437957764, 0.23089998960494995, 0.022571928799152374, -0.23556481301784515, 0.9715965390205383),
            ["LeftLowerArm"] = CFrame.new(5.960464477539063e-08, -4.76837158203125e-07, -1.2852251529693604e-07, 1, 1.5646217832454568e-07, -2.793966302760964e-07, 5.438922698886017e-07, 0.5307935476303101, -0.8475010991096497, 5.820764670261269e-08, 0.8475010991096497, 0.5307937860488892),
            ["RightUpperArm"] = CFrame.new(0.011130452156066895, 0.006500601768493652, 0.03192470967769623, 0.9420859217643738, -0.27650830149650574, 0.18978241086006165, 0.31946346163749695, 0.9121080636978149, -0.2569084167480469, -0.10206503421068192, 0.30265817046165466, 0.9476184844970703),
            ["Head"] = CFrame.new(-8.940696716308594e-08, 0, -4.470348358154297e-08, 0.42851516604423523, 0.06088556721806526, 0.9014809131622314, 0.34474995732307434, 0.9112263321876526, -0.22541920840740204, -0.8351779580116272, 0.40738117694854736, 0.36948394775390625),
            ["RightHand"] = CFrame.new(1.4901161193847656e-07, -1.1920928955078125e-07, 7.644625506630354e-20, 0.3896818161010742, 0.03607667610049248, 0.9202427268028259, -0.17163915932178497, 0.9845701456069946, 0.03408273681998253, -0.904813826084137, -0.17123115062713623, 0.389861136674881),
            ["UpperTorso"] = CFrame.new(-2.9802322387695312e-08, -5.662441253662109e-07, 1.1175870895385742e-08, 0.9965345859527588, -0.025400495156645775, 0.07920666038990021, 0.016042402014136314, 0.9930469989776611, 0.11662030220031738, -0.0816180557012558, -0.1149454414844513, 0.9900131821632385),
            ["HumanoidRootPart"] = CFrame.new(0, 0, 0, 1, 0, 0, 0, 1, 0, 0, 0, 1),
            ["RightUpperLeg"] = CFrame.new(-5.960464477539063e-08, -3.478489816188812e-07, -8.674032869748771e-08, 0.9932557940483093, -0.10707983374595642, -0.04446163773536682, 0.012203595601022243, 0.4778986871242523, -0.8783300518989563, 0.1152995228767395, 0.8718639612197876, 0.47598257660865784),
            ["LeftUpperArm"] = CFrame.new(-0.01967597007751465, 0.008771419525146484, 0.03171640634536743, 0.973406195640564, 0.0045638130977749825, -0.2290409654378891, -0.18922585248947144, 0.5795739889144897, -0.7926458716392517, 0.12912830710411072, 0.814906895160675, 0.5650246143341064),
            ["RightLowerArm"] = CFrame.new(-1.7881393432617188e-07, 2.384185791015625e-07, -8.940696716308594e-08, 1, 1.6391278734317893e-07, 1.6391287260830723e-07, 2.235174747511337e-07, 0.6652476787567139, -0.7466226816177368, 2.421439262434433e-07, 0.7466226816177368, 0.6652478575706482),
            ["LeftHand"] = CFrame.new(1.341104507446289e-07, -5.960464477539063e-08, -1.6763806343078613e-07, 0.6980189681053162, 0.00918042752891779, -0.7160206437110901, 0.33149877190589905, 0.8821763396263123, 0.3344760835170746, 0.634726881980896, -0.4708298146724701, 0.6127316951751709),
            ["LeftFoot"] = CFrame.new(1.4901161193847656e-08, -1.1920928955078125e-07, -3.300715434306767e-08, 0.9991081357002258, 0.041578080505132675, 0.007361038587987423, -0.03242378309369087, 0.8671259880065918, -0.49703243374824524, -0.027048680931329727, 0.49635061621665955, 0.8677008748054504),
            ["LowerTorso"] = CFrame.new(-0.8357688784599304, -0.15332448482513428, -0.18600736558437347, 0.24907945096492767, 0.08191177994012833, -0.9650129079818726, -0.0448998361825943, 0.9963222742080688, 0.07298026978969574, 0.9674416780471802, 0.02515103481709957, 0.2518412172794342),
            ["RightLowerLeg"] = CFrame.new(-1.6298145055770874e-08, 2.384185791015625e-07, -2.8110662242397666e-07, 1, -2.775341272354126e-07, -7.366764975813567e-07, 7.655471563339233e-07, 0.20099125802516937, 0.97959303855896, -1.2293457984924316e-07, -0.97959303855896, 0.2009914219379425),
