return {
    ["15 MINUTES"] = {
        {Time = 0.000, Data = {
            ["RightFoot"] = CFrame.new(1.1175870895385742e-07, 4.172325134277344e-07, -2.9071088647469878e-08, 0.9282025694847107, 0.36673545837402344, -0.06281143426895142, -0.36311233043670654, 0.8560121655464172, -0.3679567575454712, -0.08117566257715225, 0.36434653401374817, 0.9277190566062927),
            ["LeftLowerArm"] = CFrame.new(2.9802322387695312e-08, -4.76837158203125e-07, -5.960464477539063e-08, 1, 5.960467319710006e-08, 1.4901152667334827e-07, 2.0861612881617475e-07, 0.045634325593709946, -0.9989582300186157, 2.495943078884011e-07, 0.9989582300186157, 0.045635104179382324),
            ["RightUpperArm"] = CFrame.new(0.007671952247619629, 0.017600059509277344, 0.02105652168393135, 0.9044226408004761, -0.020966138690710068, 0.4261223077774048, 0.247016042470932, 0.8400879502296448, -0.4829446077346802, -0.3478546738624573, 0.542044997215271, 0.7649734020233154),
            ["Head"] = CFrame.new(-8.09086486697197e-09, -2.384185791015625e-07, -3.958120942115784e-09, 0.9989248514175415, -0.029244301840662956, -0.03597277030348778, 0.02800847217440605, 0.9990159273147583, -0.03439177945256233, 0.036943111568689346, 0.033347226679325104, 0.9987608790397644),
            ["RightHand"] = CFrame.new(0, 1.1920928955078125e-07, -5.960464477539063e-08, 0.01043623872101307, -0.30001920461654663, 0.9538761973381042, 0.9507389664649963, 0.29853641986846924, 0.08349542319774628, -0.30981695652008057, 0.9060158133506775, 0.2883554697036743),
            ["UpperTorso"] = CFrame.new(1.7695128917694092e-08, 3.2782554626464844e-07, 6.53672032058239e-08, 0.9950007796287537, 0.09901265054941177, -0.013045639730989933, -0.09981424361467361, 0.981638491153717, -0.16255183517932892, -0.0032885773107409477, 0.1630413979291916, 0.9866138100624084),
            ["HumanoidRootPart"] = CFrame.new(0, 0, 0, 1, 0, 0, 0, 1, 0, 0, 0, 1),
            ["RightUpperLeg"] = CFrame.new(0, 1.9185245037078857e-07, 3.572858986444771e-08, 0.8348924517631531, -0.494377464056015, -0.24196191132068634, 0.2275824397802353, 0.7103263139724731, -0.6660651564598083, 0.5011595487594604, 0.5010265707969666, 0.7055577635765076),
            ["LeftUpperArm"] = CFrame.new(-0.023053288459777832, 0.021678447723388672, 0.02085142955183983, 0.9001137614250183, -0.12742500007152557, -0.4166032075881958, -0.06895244866609573, 0.9025457501411438, -0.42503732442855835, 0.43016380071640015, 0.4113077223300934, 0.8036075830459595),
            ["RightLowerArm"] = CFrame.new(0, 0, -1.4901161193847656e-07, 1, -6.705524668859653e-08, 2.495945921054954e-07, 6.204938074461097e-08, 0.17136450111865997, -0.9852077960968018, 1.49011640360186e-07, 0.985207736492157, 0.17136439681053162),
            ["LeftHand"] = CFrame.new(2.9802322387695312e-08, -1.1920928955078125e-07, 2.60770320892334e-07, 0.028691662475466728, 0.17827795445919037, -0.9835617542266846, -0.8527365922927856, 0.5177672505378723, 0.0689743384718895, 0.5215527415275574, 0.8367401361465454, 0.16687993705272675),
            ["LeftFoot"] = CFrame.new(8.940696716308594e-08, 5.960464477539063e-08, 5.639981282001827e-08, 0.941107988357544, -0.3380790650844574, 0.004283124580979347, 0.29206982254981995, 0.806519627571106, -0.5140248537063599, 0.17032669484615326, 0.4850039482116699, 0.8577646017074585),
            ["LowerTorso"] = CFrame.new(-0.09506506472826004, -0.36474645137786865, 0.17993101477622986, 0.9977304935455322, -0.0669962465763092, -0.006740051321685314, 0.06714804470539093, 0.9825289249420166, 0.17357471585273743, -0.005006559658795595, -0.1736333668231964, 0.9847976565361023),
            ["RightLowerLeg"] = CFrame.new(-6.705522537231445e-08, 1.1920928955078125e-07, 1.2588134268298745e-07, 1, -3.3527609843986284e-07, -6.556513199029723e-07, 7.301571827156295e-07, 0.5125797390937805, 0.8586395382881165, -1.192093321833454e-07, -0.858639657497406, 0.5125799179077148),
            ["LeftUpperLeg"] = CFrame.new(-5.960464477539063e-08, 2.086162567138672e-07, 7.217749953269958e-08, 0.8636665344238281, 0.5039418339729309, 0.011079217307269573, -0.33702120184898376, 0.5936598181724548, -0.7307425141334534, -0.37482917308807373, 0.6273840665817261, 0.6825632452964783),
            ["LeftLowerLeg"] = CFrame.new(1.2665987014770508e-07, -2.384185791015625e-07, 1.929956283674983e-08, 1, -2.3096805534805753e-07, -3.5762795391747204e-07, 5.513427936421067e-07, 0.331408828496933, 0.9434873461723328, 2.3096791323951038e-07, -0.943487286567688, 0.331408828496933),
        }},
        {Time = 0.033, Data = {
            ["RightFoot"] = CFrame.new(1.4901161193847656e-08, 5.364418029785156e-07, 5.288529791869223e-08, 0.9189690947532654, 0.3903826177120209, -0.05565217137336731, -0.38163429498672485, 0.8449581265449524, -0.37470120191574097, -0.09925322979688644, 0.3655779957771301, 0.9254739284515381),
            ["LeftLowerArm"] = CFrame.new(-2.9802322387695312e-08, 1.7881393432617188e-07, 2.9802322387695312e-08, 1, -6.332991375757047e-08, 1.6018736914702458e-07, 9.313229298868464e-08, -0.00009688358841231093, -1, 1.1548404188488348e-07, 1, -0.00009656132169766352),
            ["RightUpperArm"] = CFrame.new(0.009030342102050781, 0.016875863075256348, 0.016350189223885536, 0.8935451507568359, 0.004135100170969963, 0.44895458221435547, 0.23912422358989716, 0.8419466614723206, -0.4836789667606354, -0.37999585270881653, 0.5395450592041016, 0.7513284683227539),
            ["Head"] = CFrame.new(1.4202669262886047e-08, 1.1920928955078125e-07, -1.0331859812140465e-08, 0.9980239868164062, -0.038437455892562866, -0.04970788583159447, 0.03902147337794304, 0.9991797208786011, 0.010831802152097225, 0.049250755459070206, -0.012750044465065002, 0.9987050890922546),
            ["RightHand"] = CFrame.new(-2.9802322387695312e-08, 1.1920928955078125e-07, -3.3527612686157227e-07, -0.01459477748721838, -0.2764376103878021, 0.9609211683273315, 0.9535955190658569, 0.28519782423973083, 0.09652901440858841, -0.3007368743419647, 0.9177388548851013, 0.2594471871852875),
            ["UpperTorso"] = CFrame.new(-1.100124791264534e-08, 4.470348358154297e-07, 5.005858838558197e-08, 0.9971187710762024, 0.07540692389011383, 0.008255349472165108, -0.07351724058389664, 0.9874404668807983, -0.13984528183937073, -0.018696971237659454, 0.13883540034294128, 0.9901390075683594),
            ["HumanoidRootPart"] = CFrame.new(0, 0, 0, 1, 0, 0, 0, 1, 0, 0, 0, 1),
            ["RightUpperLeg"] = CFrame.new(-5.960464477539063e-08, 3.501772880554199e-07, 3.9686710806563497e-08, 0.81792813539505, -0.5410642027854919, -0.19555918872356415, 0.29070520401000977, 0.6820116639137268, -0.6710816025733948, 0.4964717626571655, 0.4920463562011719, 0.715126633644104),
            ["LeftUpperArm"] = CFrame.new(-0.021732687950134277, 0.020240306854248047, 0.016240157186985016, 0.9347209334373474, -0.09100543707609177, -0.3435327708721161, -0.06695631146430969, 0.9042473435401917, -0.4217264652252197, 0.34901800751686096, 0.4171987771987915, 0.8391258120536804),
            ["RightLowerArm"] = CFrame.new(0, 0, -8.940696716308594e-08, 1, 7.450584149637507e-09, 1.1175878711355836e-07, 2.1234161806660268e-07, 0.16798922419548035, -0.985788881778717, 1.713634105726669e-07, 0.9857889413833618, 0.16798928380012512),
            ["LeftHand"] = CFrame.new(0, 1.1920928955078125e-07, -1.862645149230957e-07, 0.015731612220406532, 0.19287769496440887, -0.981096625328064, -0.8451561331748962, 0.5268836617469788, 0.09003034979104996, 0.5342879295349121, 0.8277631402015686, 0.17130066454410553),
            ["LeftFoot"] = CFrame.new(-7.450580596923828e-09, -1.1920928955078125e-07, 2.6597490432322957e-08, 0.9470507502555847, -0.32103094458580017, 0.005854927934706211, 0.27381348609924316, 0.7979661226272583, -0.5369134545326233, 0.1676938533782959, 0.5100874304771423, 0.8436170816421509),
            ["LowerTorso"] = CFrame.new(-0.12778779864311218, -0.38169610500335693, 0.17285913228988647, 0.9992919564247131, -0.0367891900241375, -0.007891871966421604, 0.0375460721552372, 0.9886605739593506, 0.14539834856987, 0.0024532945826649666, -0.14559169113636017, 0.9893417358398438),
            ["RightLowerLeg"] = CFrame.new(1.043081283569336e-07, 1.1920928955078125e-07, 3.6474375519901514e-08, 1, -2.98023280720372e-07, -4.4703500634568627e-07, 7.59959391416487e-07, 0.4786742329597473, 0.8779924511909485, -2.3841863594498136e-07, -0.8779926300048828, 0.47867462038993835),
            ["LeftUpperLeg"] = CFrame.new(8.940696716308594e-08, 3.1478703022003174e-07, 0, 0.8793089985847473, 0.4740312099456787, 0.04593569412827492, -0.30421775579452515, 0.6332717537879944, -0.7116308212280273, -0.3664250373840332, 0.6117691397666931, 0.7010502815246582),
            ["LeftLowerLeg"] = CFrame.new(1.6391277313232422e-07, -2.384185791015625e-07, 7.890420761214045e-08, 1, -5.960463766996327e-08, -4.917382625535538e-07, 5.364418598219345e-07, 0.3108311593532562, 0.9504651427268982, -7.823110337312755e-08, -0.9504651427268982, 0.31083106994628906),
        }},
        {Time = 0.067, Data = {
            ["RightFoot"] = CFrame.new(0, 2.980232238769531e-07, -3.6521669244393706e-08, 0.9085620641708374, 0.4170333445072174, -0.024462422356009483, -0.39528539776802063, 0.8392847180366516, -0.37329643964767456, -0.13514591753482819, 0.3488328754901886, 0.9273896217346191),
            ["LeftLowerArm"] = CFrame.new(-2.384185791015625e-07, -2.384185791015625e-07, -8.940696716308594e-08, 1, 4.321337314650009e-07, 5.0291376396671694e-08, 2.328307004972885e-07, -0.04865036532282829, -0.9988158345222473, 5.699695293515106e-07, 0.9988159537315369, -0.048650797456502914),
            ["RightUpperArm"] = CFrame.new(0.013524293899536133, 0.01606285572052002, 0.009722140617668629, 0.8915320634841919, -0.023122308775782585, 0.4523666799068451, 0.24794180691242218, 0.8607015013694763, -0.4446546733379364, -0.3790718913078308, 0.5085845589637756, 0.7730761766433716),
            ["Head"] = CFrame.new(-3.725290298461914e-09, 2.384185791015625e-07, 8.381903171539307e-09, 0.9959689378738403, -0.041340421885252, -0.07960515469312668, 0.04576095566153526, 0.9974629878997803, 0.05453076958656311, 0.07714887708425522, -0.05795374512672424, 0.9953339099884033),
            ["RightHand"] = CFrame.new(2.9802322387695312e-08, 5.960464477539063e-08, -4.731118679046631e-07, -0.026708899065852165, -0.2656334936618805, 0.963703989982605, 0.948883593082428, 0.2965587377548218, 0.10804189741611481, -0.31449419260025024, 0.9173287153244019, 0.24413453042507172),
            ["UpperTorso"] = CFrame.new(-1.0943040251731873e-08, -5.960464477539063e-08, -5.587935447692871e-08, 0.9974402785301208, 0.028321290388703346, 0.06565748900175095, -0.023181362077593803, 0.9967021942138672, -0.07776503264904022, -0.06764328479766846, 0.0760439857840538, 0.9948074221611023),
            ["HumanoidRootPart"] = CFrame.new(0, 0, 0, 1, 0, 0, 0, 1, 0, 0, 0, 1),
            ["RightUpperLeg"] = CFrame.new(5.960464477539063e-08, -3.972090780735016e-07, -6.252594175748527e-08, 0.7853142023086548, -0.6055461764335632, -0.1288241147994995, 0.39117875695228577, 0.6466251611709595, -0.6548702716827393, 0.4798550009727478, 0.46388569474220276, 0.7446807026863098),
            ["LeftUpperArm"] = CFrame.new(-0.017311453819274902, 0.017063498497009277, 0.009714155457913876, 0.9791385531425476, -0.026036778464913368, -0.20151883363723755, -0.06598200649023056, 0.8972702622413635, -0.4365231692790985, 0.192182719707489, 0.44071319699287415, 0.8768340349197388),
            ["RightLowerArm"] = CFrame.new(-1.1920928955078125e-07, 7.152557373046875e-07, -2.9802322387695312e-08, 1, -4.246833498200431e-07, -2.7939684343891713e-08, 3.1292464086618565e-07, 0.10562683641910553, -0.9944059252738953, -2.756717094598571e-07, 0.9944059252738953, 0.10562656819820404),
            ["LeftHand"] = CFrame.new(2.086162567138672e-07, -1.1920928955078125e-07, 1.9185245037078857e-07, -0.021340643987059593, 0.21998652815818787, -0.9752693176269531, -0.8343546390533447, 0.5335190892219543, 0.1386018842458725, 0.5508149266242981, 0.8166782259941101, 0.17216113209724426),
            ["LeftFoot"] = CFrame.new(1.1920928955078125e-07, 0, 4.894923222309444e-08, 0.9547019004821777, -0.29746195673942566, 0.007809069938957691, 0.25115966796875, 0.791467010974884, -0.557223916053772, 0.15957221388816833, 0.5339441895484924, 0.8303256630897522),
            ["LowerTorso"] = CFrame.new(-0.17124101519584656, -0.391743540763855, 0.1593955010175705, 0.9994606971740723, 0.01554043497890234, -0.028927305713295937, -0.013243753463029861, 0.9968686103820801, 0.0779595822095871, 0.030048241838812828, -0.07753442972898483, 0.9965367913246155),
            ["RightLowerLeg"] = CFrame.new(-2.2351741790771484e-08, 2.980232238769531e-07, -3.803143044933677e-08, 1, -2.4586910285506747e-07, -7.599593345730682e-07, 8.195644340958097e-07, 0.4492368996143341, 0.8934125900268555, -1.564623062222381e-07, -0.8934126496315002, 0.44923722743988037),
            ["LeftUpperLeg"] = CFrame.new(-1.1920928955078125e-07, -3.082677721977234e-07, -5.4016709327697754e-08, 0.8945575952529907, 0.4289875030517578, 0.1254461258649826, -0.2579851746559143, 0.7247854471206665, -0.638850212097168, -0.3649801015853882, 0.5391251444816589, 0.7590346932411194),
            ["LeftLowerLeg"] = CFrame.new(1.4156103134155273e-07, 5.960464477539063e-08, -3.052178954021656e-09, 1, -1.862644793959589e-08, -4.917383193969727e-07, 4.619361675395339e-07, 0.3195399343967438, 0.9475728273391724, -4.4703497792397684e-08, -0.9475728273391724, 0.3195400536060333),
        }},
        {Time = 0.100, Data = {
            ["RightFoot"] = CFrame.new(3.725290298461914e-08, 2.980232238769531e-07, -3.6521669244393706e-08, 0.9024189114570618, 0.4223426282405853, 0.08524689823389053, -0.3806341588497162, 0.8741702437400818, -0.3015683889389038, -0.20188570022583008, 0.23969385027885437, 0.9496259689331055),
            ["LeftLowerArm"] = CFrame.new(-5.960464477539063e-08, 1.7881393432617188e-07, -1.4156103134155273e-07, 1, -6.89179060486822e-08, 4.0046842286756146e-08, 2.66358199496608e-07, -0.04070288687944412, -0.9991713166236877, 2.2351736106429598e-07, 0.9991713762283325, -0.040701720863580704),
            ["RightUpperArm"] = CFrame.new(0.019081830978393555, 0.015783309936523438, 0.002895943820476532, 0.8825173377990723, -0.06740643084049225, 0.4654243290424347, 0.2667672336101532, 0.8867946267127991, -0.3773997128009796, -0.3872963488101959, 0.45722171664237976, 0.8005933165550232),
            ["Head"] = CFrame.new(1.862645149230957e-09, -1.1920928955078125e-07, -1.210719347000122e-08, 0.9925665855407715, -0.036363162100315094, -0.11614425480365753, 0.05009009316563606, 0.9918030500411987, 0.11754915118217468, 0.11091778427362442, -0.12249303609132767, 0.986251950263977),
            ["RightHand"] = CFrame.new(-1.1920928955078125e-07, 0, 3.029126673936844e-07, -0.04787326604127884, -0.2599865794181824, 0.9644249081611633, 0.9443256855010986, 0.3028709888458252, 0.12852253019809723, -0.3255106508731842, 0.9168839454650879, 0.2310124784708023),
            ["UpperTorso"] = CFrame.new(1.955777406692505e-08, 3.5762786865234375e-07, -4.6566128730773926e-09, 0.9892953634262085, -0.026294946670532227, 0.14353831112384796, 0.02817050740122795, 0.9995421171188354, -0.011049819178879261, -0.14318214356899261, 0.014975124970078468, 0.9895831346511841),
            ["HumanoidRootPart"] = CFrame.new(0, 0, 0, 1, 0, 0, 0, 1, 0, 0, 0, 1),
            ["RightUpperLeg"] = CFrame.new(-2.9802322387695312e-08, 6.973277777433395e-08, -4.203684511594474e-08, 0.7234300971031189, -0.6862362027168274, -0.0756884515285492, 0.4770456552505493, 0.57610684633255, -0.6637232899665833, 0.49907562136650085, 0.4440505802631378, 0.7441388964653015),
            ["LeftUpperArm"] = CFrame.new(-0.011734604835510254, 0.013840794563293457, 0.002862151712179184, 0.9957468509674072, 0.04573001712560654, -0.07998116314411163, -0.07807943224906921, 0.8796866536140442, -0.46910011768341064, 0.04890640079975128, 0.47335007786750793, 0.8795159459114075),
            ["RightLowerArm"] = CFrame.new(1.1920928955078125e-07, -2.384185791015625e-07, 5.960464477539063e-08, 1, -6.70552680048786e-08, 2.55648188840496e-07, 3.81842291119483e-08, 0.017700256779789925, -0.999843418598175, 1.4901162614933128e-07, 0.9998433589935303, 0.01770050823688507),
            ["LeftHand"] = CFrame.new(-1.434236764907837e-07, 2.384185791015625e-07, -2.980232238769531e-07, -0.0057028126902878284, 0.2665455937385559, -0.9638054370880127, -0.8303993940353394, 0.5357292294502258, 0.1530725210905075, 0.5571393966674805, 0.8012163639068604, 0.21828414499759674),
            ["LeftFoot"] = CFrame.new(-8.940696716308594e-08, 0, 4.245748641551472e-09, 0.962664008140564, -0.27054715156555176, 0.009075223468244076, 0.23003093898296356, 0.7999054193496704, -0.5542897582054138, 0.14270226657390594, 0.5356824398040771, 0.832274317741394),
            ["LowerTorso"] = CFrame.new(-0.2158210724592209, -0.373996376991272, 0.1445271074771881, 0.9947680234909058, 0.07340172678232193, -0.07105549424886703, -0.07277173548936844, 0.9972832798957825, 0.011418003588914871, 0.0717005580663681, -0.006187433376908302, 0.9974070191383362),
            ["RightLowerLeg"] = CFrame.new(0, 5.960464477539063e-08, -7.785274647176266e-10, 1, -4.3958425521850586e-07, -7.599595619467436e-07, 5.960466751275817e-07, 0.4259023666381836, 0.9047690033912659, -2.0861632776814076e-07, -0.9047691822052002, 0.42590269446372986),
            ["LeftUpperLeg"] = CFrame.new(0, 7.008202373981476e-08, 0, 0.9006532430648804, 0.36500808596611023, 0.23578114807605743, -0.20117048919200897, 0.8311944007873535, -0.5183112025260925, -0.38516783714294434, 0.41938650608062744, 0.8220467567443848),
            ["LeftLowerLeg"] = CFrame.new(1.341104507446289e-07, -2.384185791015625e-07, -6.265682372941228e-08, 1, -1.7136335372924805e-07, -3.427267358802055e-07, 5.513428504855256e-07, 0.3933713436126709, 0.9193795919418335, 2.9802315282267955e-08, -0.9193796515464783, 0.39337158203125),
        }},
        {Time = 0.133, Data = {
            ["RightFoot"] = CFrame.new(-7.450580596923828e-08, 2.384185791015625e-07, -7.377457222901285e-08, 0.9009177088737488, 0.40014344453811646, 0.1680263727903366, -0.3646344542503357, 0.9078651666641235, -0.20693548023700714, -0.23534922301769257, 0.1251644343137741, 0.9638179540634155),
            ["LeftLowerArm"] = CFrame.new(2.9802322387695312e-08, -8.344650268554688e-07, 2.7101486921310425e-07, 1, 2.2165482960190275e-07, 2.533195697651536e-07, 7.450582373280668e-09, -0.04535658657550812, -0.9989708662033081, 4.563481752484222e-07, 0.9989709258079529, -0.045356761664152145),
            ["RightUpperArm"] = CFrame.new(0.024051189422607422, 0.015803098678588867, -0.0028789229691028595, 0.8793545961380005, -0.10343535989522934, 0.46479731798171997, 0.2708839178085327, 0.9114468097686768, -0.3096558749675751, -0.3916087746620178, 0.39820337295532227, 0.8295038342475891),
            ["Head"] = CFrame.new(2.9802322387695312e-08, -1.1920928955078125e-07, -1.862645149230957e-09, 0.988504946231842, -0.026707617565989494, -0.14881141483783722, 0.05167032405734062, 0.9846861362457275, 0.1665038764476776, 0.14208559691905975, -0.17227903008460999, 0.9747470021247864),
            ["RightHand"] = CFrame.new(-5.960464477539063e-08, 1.1920928955078125e-07, 4.256144165992737e-07, -0.035601988434791565, -0.24342311918735504, 0.9692665934562683, 0.9467605352401733, 0.30230849981307983, 0.1106974184513092, -0.3199639320373535, 0.9216045141220093, 0.21970060467720032),
            ["UpperTorso"] = CFrame.new(-2.2351741790771484e-08, 5.960464477539063e-08, 0, 0.9715474843978882, -0.06774699687957764, 0.22694900631904602, 0.06360705196857452, 0.9976488947868347, 0.025514012202620506, -0.22814391553401947, -0.01035244856029749, 0.9735724329948425),
            ["HumanoidRootPart"] = CFrame.new(0, 0, 0, 1, 0, 0, 0, 1, 0, 0, 0, 1),
            ["RightUpperLeg"] = CFrame.new(0, 8.754432201385498e-08, 8.254573913291097e-09, 0.6809937357902527, -0.7317913770675659, -0.0269913487136364, 0.5192645788192749, 0.5085526704788208, -0.6868323087692261, 0.5163447856903076, 0.4537131190299988, 0.7263145446777344),
            ["LeftUpperArm"] = CFrame.new(-0.006642460823059082, 0.0112074613571167, -0.0030595138669013977, 0.9890697598457336, 0.14234653115272522, -0.03845372051000595, -0.14266659319400787, 0.8579948544502258, -0.4934483468532562, -0.0372474230825901, 0.4935406446456909, 0.868924617767334),
            ["RightLowerArm"] = CFrame.new(5.960464477539063e-08, 1.1920928955078125e-07, 2.9802322387695312e-08, 1, -3.7252920748187535e-08, 8.102509951868342e-08, 2.1979221287438122e-07, -0.06390143930912018, -0.9979562759399414, 1.713634105726669e-07, 0.9979562759399414, -0.06390132755041122),
            ["LeftHand"] = CFrame.new(-6.705522537231445e-08, -1.1920928955078125e-07, -3.5762786865234375e-07, 0.012381704524159431, 0.3618479073047638, -0.9321547150611877, -0.8029989004135132, 0.5591100454330444, 0.2063724845647812, 0.5958520174026489, 0.7459638714790344, 0.29748618602752686),
            ["LeftFoot"] = CFrame.new(-2.2351741790771484e-08, 1.1920928955078125e-07, 1.16963292384753e-08, 0.9671168923377991, -0.25407087802886963, 0.011531712487339973, 0.21904928982257843, 0.8090540766716003, -0.5453888177871704, 0.12923768162727356, 0.5299807786941528, 0.8381039500236511),
            ["LowerTorso"] = CFrame.new(-0.24983063340187073, -0.3508952856063843, 0.12614195048809052, 0.9856250286102295, 0.11346539109945297, -0.12517569959163666, -0.1175827905535698, 0.9927230477333069, -0.025986220687627792, 0.12131626904010773, 0.04033117741346359, 0.991794228553772),
            ["RightLowerLeg"] = CFrame.new(-2.2351741790771484e-08, -5.960464477539063e-08, 1.7803540686145425e-07, 1, -3.129242998056725e-07, -9.01520763818553e-07, 4.619362243829528e-07, 0.4114658236503601, 0.9114250540733337, -2.086163561898502e-07, -0.9114251732826233, 0.4114663004875183),
            ["LeftUpperLeg"] = CFrame.new(0, 6.961636245250702e-08, -3.725290298461914e-09, 0.8917855620384216, 0.30651530623435974, 0.3328164517879486, -0.1613876223564148, 0.9026792049407959, -0.39890390634536743, -0.42269670963287354, 0.3020241856575012, 0.8544641733169556),
            ["LeftLowerLeg"] = CFrame.new(-2.3096799850463867e-07, 5.960464477539063e-08, -3.285450134171697e-08, 1, -2.402812526725029e-07, -5.811453434034775e-07, 5.587935447692871e-07, 0.4779495894908905, 0.8783872723579407, 4.470348358154297e-08, -0.8783873319625854, 0.47794967889785767),
        }},
        {Time = 0.167, Data = {
            ["RightFoot"] = CFrame.new(7.450580596923828e-09, 3.5762786865234375e-07, 8.181814337149262e-09, 0.91582852602005, 0.34153568744659424, 0.21121419966220856, -0.32374289631843567, 0.9391477704048157, -0.11485709995031357, -0.2375892698764801, 0.03681062161922455, 0.9706680774688721),
            ["LeftLowerArm"] = CFrame.new(-4.172325134277344e-07, 1.1920928955078125e-07, -2.2351741790771484e-07, 1, 5.2154096152889906e-08, 3.278253473126824e-07, -7.450577044210149e-08, -0.07997556030750275, -0.9967969059944153, 2.682207878024201e-07, 0.9967969059944153, -0.07997483015060425),
            ["RightUpperArm"] = CFrame.new(0.02832961082458496, 0.01586782932281494, -0.006812070496380329, 0.8856561779975891, -0.1200781911611557, 0.4485471546649933, 0.25932732224464417, 0.9292086362838745, -0.2632884085178375, -0.38517865538597107, 0.3495032489299774, 0.8540987372398376),
            ["Head"] = CFrame.new(0, 1.1920928955078125e-07, -8.381903171539307e-09, 0.9831669330596924, -0.02070038579404354, -0.18153321743011475, 0.053460996598005295, 0.9826704859733582, 0.17748472094535828, 0.17471322417259216, -0.1842019259929657, 0.9672356843948364),
            ["RightHand"] = CFrame.new(0, 0, -2.8312206268310547e-07, 0.010044584982097149, -0.21050605177879333, 0.9775409698486328, 0.9508585929870605, 0.304553359746933, 0.055813148617744446, -0.30946239829063416, 0.9289426803588867, 0.2032204568386078),
            ["UpperTorso"] = CFrame.new(-2.421438694000244e-08, 8.940696716308594e-08, 3.725290298461914e-09, 0.9440237879753113, -0.09696339070796967, 0.3153051435947418, 0.09179241955280304, 0.9952877759933472, 0.03124648705124855, -0.31684908270835876, -0.0005548401386477053, 0.9484757781028748),
            ["HumanoidRootPart"] = CFrame.new(0, 0, 0, 1, 0, 0, 0, 1, 0, 0, 0, 1),
            ["RightUpperLeg"] = CFrame.new(5.960464477539063e-08, -1.3317912817001343e-07, 1.3842509360983968e-08, 0.6546474099159241, -0.7558732032775879, -0.009629340842366219, 0.49507197737693787, 0.43832919001579285, -0.7501809000968933, 0.5712623000144958, 0.4863366484642029, 0.6611625552177429),
            ["LeftUpperArm"] = CFrame.new(-0.00217592716217041, 0.00897061824798584, -0.007187661714851856, 0.9687782526016235, 0.24625810980796814, -0.028736887499690056, -0.22586755454540253, 0.8288289904594421, -0.5118852853775024, -0.10223786532878876, 0.5023938417434692, 0.8585731387138367),
            ["RightLowerArm"] = CFrame.new(-1.4901161193847656e-07, 0, 2.9802322387695312e-08, 1, -9.68576259197107e-08, 3.0174859944054333e-07, 4.8428766774577525e-08, -0.16011007130146027, -0.9870992302894592, 5.960463766996327e-08, 0.9870991706848145, -0.16011036932468414),
            ["LeftHand"] = CFrame.new(5.960464477539063e-08, -2.980232238769531e-07, 7.644625506630354e-20, 0.045564956963062286, 0.47683900594711304, -0.8778086304664612, -0.7690397500991821, 0.5775771141052246, 0.27383023500442505, 0.6375747919082642, 0.6625927686691284, 0.3930255174636841),
            ["LeftFoot"] = CFrame.new(-1.4901161193847656e-08, -1.1920928955078125e-07, 9.365271580463741e-08, 0.9680218696594238, -0.25043484568595886, 0.014699408784508705, 0.21964308619499207, 0.8177757859230042, -0.5319774746894836, 0.12120477110147476, 0.518194317817688, 0.846630871295929),
            ["LowerTorso"] = CFrame.new(-0.26683536171913147, -0.32972753047943115, 0.10962646454572678, 0.9733927845954895, 0.1400604397058487, -0.18135498464107513, -0.14727675914764404, 0.9887298345565796, -0.026887577027082443, 0.17554518580436707, 0.05288154259324074, 0.9830501079559326),
            ["RightLowerLeg"] = CFrame.new(-8.195638656616211e-08, 5.960464477539063e-08, -6.038317224010825e-08, 1, -4.3585896492004395e-07, -5.96046561440744e-07, 7.450581733792205e-07, 0.379302442073822, 0.9252726435661316, -1.1920930376163597e-07, -0.9252727627754211, 0.37930282950401306),
            ["LeftUpperLeg"] = CFrame.new(-5.960464477539063e-08, -1.3969838619232178e-08, 6.332993507385254e-08, 0.8727606534957886, 0.2616707682609558, 0.41208887100219727, -0.1360514611005783, 0.9411290287971497, -0.30946120619773865, -0.46880587935447693, 0.21402019262313843, 0.856981098651886),
            ["LeftLowerLeg"] = CFrame.new(5.960464477539063e-08, -1.1920928955078125e-07, -1.7953340147869312e-08, 1, -3.036112730114837e-07, -3.7252897300277255e-07, 5.736947059631348e-07, 0.5577371120452881, 0.830017626285553, 1.2665987014770508e-07, -0.8300176858901978, 0.5577371716499329),
        }},
        {Time = 0.200, Data = {
            ["RightFoot"] = CFrame.new(-1.4901161193847656e-08, 4.172325134277344e-07, -3.6521669244393706e-08, 0.9338828325271606, 0.24761924147605896, 0.2579686641693115, -0.26403459906578064, 0.9640311598777771, 0.030488356947898865, -0.2411402016878128, -0.09658515453338623, 0.9656721353530884),
            ["LeftLowerArm"] = CFrame.new(0, -5.960464477539062e-07, -1.9371509552001953e-07, 1, 2.2444876890403975e-07, 4.1723231447576836e-07, -1.4901162970204496e-08, -0.12121908366680145, -0.9926258325576782, 3.4645202617866744e-07, 0.992625892162323, -0.12121890485286713),
            ["RightUpperArm"] = CFrame.new(0.03301382064819336, 0.016173601150512695, -0.010122448205947876, 0.90220707654953, -0.128360316157341, 0.4117595851421356, 0.23830634355545044, 0.9440842270851135, -0.2278488576412201, -0.359489381313324, 0.3036917746067047, 0.8823486566543579),
            ["Head"] = CFrame.new(-3.725290298461914e-09, 2.384185791015625e-07, 9.313225746154785e-09, 0.9749159216880798, -0.019612031057476997, -0.22170811891555786, 0.0612666942179203, 0.9812754988670349, 0.18260543048381805, 0.21397551894187927, -0.19160839915275574, 0.9578626155853271),
            ["RightHand"] = CFrame.new(-5.960464477539063e-08, -5.960464477539063e-08, -3.0547380447387695e-07, 0.03524380549788475, -0.19556660950183868, 0.9800570011138916, 0.9609209895133972, 0.2760601341724396, 0.020531482994556427, -0.2745700776576996, 0.9410337209701538, 0.1976536214351654),
            ["UpperTorso"] = CFrame.new(3.725290298461914e-09, -8.940696716308594e-08, -3.725290298461914e-09, 0.9061253070831299, -0.1251915544271469, 0.40405961871147156, 0.11940541118383408, 0.9920555353164673, 0.0396001897752285, -0.40580710768699646, 0.012364241294562817, 0.9138750433921814),
            ["HumanoidRootPart"] = CFrame.new(0, 0, 0, 1, 0, 0, 0, 1, 0, 0, 0, 1),
            ["RightUpperLeg"] = CFrame.new(-8.940696716308594e-08, -6.798654794692993e-08, 2.6666384655982256e-09, 0.6240045428276062, -0.781404972076416, 0.004994141403585672, 0.4421209990978241, 0.34777921438217163, -0.8267881274223328, 0.6443194150924683, 0.5181273818016052, 0.5624914765357971),
            ["LeftUpperArm"] = CFrame.new(0.0028052926063537598, 0.006734490394592285, -0.010759906843304634, 0.9404119253158569, 0.33364763855934143, -0.0656108632683754, -0.3163222372531891, 0.7875901460647583, -0.5288115739822388, -0.12476225197315216, 0.5180552005767822, 0.8461994528770447),
            ["RightLowerArm"] = CFrame.new(1.1920928955078125e-07, 1.7881393432617188e-07, 5.960464477539063e-08, 1, -2.3096814061318582e-07, 9.685756907629184e-08, 3.613532157942245e-07, -0.2272775024175644, -0.9738300442695618, 0, 0.9738300442695618, -0.2272774875164032),
            ["LeftHand"] = CFrame.new(2.8312206268310547e-07, 5.960464477539063e-08, 2.5331974029541016e-07, 0.06308770179748535, 0.5929734706878662, -0.802746593952179, -0.7412804961204529, 0.5664000511169434, 0.36013227701187134, 0.6682239770889282, 0.5723404884338379, 0.47529223561286926),
            ["LeftFoot"] = CFrame.new(-8.195638656616211e-08, -1.1920928955078125e-07, -4.0457734939991497e-08, 0.967511773109436, -0.2521877884864807, 0.017957648262381554, 0.22591157257556915, 0.8304431438446045, -0.5092423558235168, 0.11351213604211807, 0.49675509333610535, 0.8604357242584229),
            ["LowerTorso"] = CFrame.new(-0.2732696533203125, -0.31059229373931885, 0.10036705434322357, 0.9587816596031189, 0.1628144532442093, -0.23287183046340942, -0.17305368185043335, 0.9846177101135254, -0.02409348264336586, 0.22536695003509521, 0.06339971721172333, 0.9722089767456055),
            ["RightLowerLeg"] = CFrame.new(5.960464477539063e-08, 5.960464477539063e-08, 7.745256880298257e-08, 1, -2.2165474433677446e-07, -6.370250389409193e-07, 9.38773723646591e-07, 0.3298673629760742, 0.9440272450447083, -1.4901169720360485e-07, -0.944027304649353, 0.32986775040626526),
            ["LeftUpperLeg"] = CFrame.new(2.9802322387695312e-08, 2.3981556296348572e-08, 1.210719347000122e-08, 0.8517873287200928, 0.21681298315525055, 0.47691771388053894, -0.11892032623291016, 0.96659916639328, -0.22703324258327484, -0.5102120041847229, 0.13666896522045135, 0.8491204380989075),
            ["LeftLowerLeg"] = CFrame.new(2.2351741790771484e-08, -1.1920928955078125e-07, -4.7755662535564625e-08, 1, -2.3841855067985307e-07, -6.407501018657058e-07, 5.736949901802291e-07, 0.6345845460891724, 0.772853434085846, -1.043081780949251e-07, -0.7728534936904907, 0.6345847249031067),
        }},
        {Time = 0.233, Data = {
            ["RightFoot"] = CFrame.new(1.4901161193847656e-08, 4.172325134277344e-07, 7.312337402254343e-10, 0.945566713809967, 0.14225907623767853, 0.29268768429756165, -0.21306169033050537, 0.9504554271697998, 0.22636114060878754, -0.24598458409309387, -0.2763999104499817, 0.9290288686752319),
            ["LeftLowerArm"] = CFrame.new(5.960464477539063e-08, -4.172325134277344e-07, -1.2665987014770508e-07, 1, 1.8812724533745495e-07, 8.195633540708513e-07, -2.8312203426139604e-07, -0.14785625040531158, -0.989008903503418, 4.0233129539046786e-07, 0.9890089631080627, -0.14785584807395935),
            ["RightUpperArm"] = CFrame.new(0.03715813159942627, 0.016551494598388672, -0.012538354843854904, 0.9194119572639465, -0.1364663541316986, 0.36886149644851685, 0.2206583321094513, 0.9553394317626953, -0.19656239449977875, -0.3255637586116791, 0.2621138095855713, 0.9084627628326416),
            ["Head"] = CFrame.new(1.4901161193847656e-08, 3.5762786865234375e-07, -2.60770320892334e-08, 0.9631611704826355, -0.04801155626773834, -0.26460447907447815, 0.09660734981298447, 0.9800258874893188, 0.17382881045341492, 0.25097334384918213, -0.19298771023750305, 0.9485611319541931),
            ["RightHand"] = CFrame.new(2.384185791015625e-07, -1.1920928955078125e-07, 2.2351741790771484e-07, 0.04920510947704315, -0.20428544282913208, 0.9776739478111267, 0.9735491275787354, 0.22847376763820648, -0.00125732715241611, -0.2231164127588272, 0.9518756866455078, 0.2101239711046219),
            ["UpperTorso"] = CFrame.new(7.450580596923828e-09, -8.940696716308594e-08, 2.60770320892334e-08, 0.8661834001541138, -0.15172602236270905, 0.47613605856895447, 0.1463969498872757, 0.9880350828170776, 0.04852413386106491, -0.47780144214630127, 0.027674095705151558, 0.8780319094657898),
            ["HumanoidRootPart"] = CFrame.new(0, 0, 0, 1, 0, 0, 0, 1, 0, 0, 0, 1),
            ["RightUpperLeg"] = CFrame.new(0, 1.601874828338623e-07, 3.246896085329354e-08, 0.5929611921310425, -0.8046558499336243, 0.03043172135949135, 0.3843403458595276, 0.2496110200881958, -0.8888064622879028, 0.7075870633125305, 0.538723886013031, 0.4572713077068329),
            ["LeftUpperArm"] = CFrame.new(0.007295191287994385, 0.004843950271606445, -0.013444025069475174, 0.9163007736206055, 0.3826267421245575, -0.11827956140041351, -0.3833630084991455, 0.7525412440299988, -0.5354573130607605, -0.11586976051330566, 0.535983681678772, 0.8362388610839844),
            ["RightLowerArm"] = CFrame.new(2.384185791015625e-07, 7.748603820800781e-07, -1.1920928955078125e-07, 1, -2.5331993924737617e-07, 2.3096805534805753e-07, 1.7881393432617188e-07, -0.2637350261211395, -0.9645952582359314, -1.0803341865539551e-07, 0.9645951986312866, -0.26373475790023804),
            ["LeftHand"] = CFrame.new(1.4901161193847656e-08, 5.960464477539063e-08, -4.470348358154297e-08, 0.0526651032269001, 0.6782376170158386, -0.7329526543617249, -0.7429072856903076, 0.5170841813087463, 0.42510396242141724, 0.6673193573951721, 0.5221279859542847, 0.5310998558998108),
            ["LeftFoot"] = CFrame.new(7.450580596923828e-09, 1.1920928955078125e-07, 6.38503934169421e-08, 0.9670097827911377, -0.2538876533508301, 0.020815787836909294, 0.23188777267932892, 0.8434938192367554, -0.48450589179992676, 0.10545220971107483, 0.47334882616996765, 0.874540388584137),
            ["LowerTorso"] = CFrame.new(-0.2769463360309601, -0.29681122303009033, 0.09631610661745071, 0.9449728727340698, 0.18483541905879974, -0.2699301242828369, -0.19653330743312836, 0.9803545475006104, -0.01672421209514141, 0.26153597235679626, 0.06885417550802231, 0.9627346396446228),
            ["RightLowerLeg"] = CFrame.new(0, 5.960464477539063e-08, 2.2460153559222817e-07, 1, -2.5867481667773973e-07, -5.904585123062134e-07, 8.866196026247053e-07, 0.2937732934951782, 0.9558750987052917, -1.788140480130096e-07, -0.9558751583099365, 0.2937736213207245),
            ["LeftUpperLeg"] = CFrame.new(5.960464477539063e-08, -7.008202373981476e-08, 3.725290298461914e-08, 0.8353590369224548, 0.17189490795135498, 0.5221374034881592, -0.10074301809072495, 0.9816363453865051, -0.16199062764644623, -0.5403943657875061, 0.08271867781877518, 0.8373361229896545),
            ["LeftLowerLeg"] = CFrame.new(-1.7136335372924805e-07, 1.1920928955078125e-07, -1.7953340147869312e-08, 1, -3.7252908668961027e-07, -4.917384330838104e-07, 5.587937721429626e-07, 0.6965500712394714, 0.7175083160400391, -2.458692449636146e-07, -0.7175082564353943, 0.6965500712394714),
        }},
        {Time = 0.267, Data = {
            ["RightFoot"] = CFrame.new(2.2351741790771484e-08, 2.980232238769531e-07, 6.778645911253989e-08, 0.9485935568809509, 0.0848953053355217, 0.30489861965179443, -0.19213536381721497, 0.9199941754341125, 0.34160587191581726, -0.25150418281555176, -0.3826272487640381, 0.8890119791030884),
            ["LeftLowerArm"] = CFrame.new(1.1920928955078125e-07, 0, -7.644625506630354e-20, 1, -1.452863784834335e-07, 2.831218921528489e-07, 5.960462345910855e-08, -0.2173694521188736, -0.9760895371437073, 7.078048724906694e-08, 0.9760894179344177, -0.2173691987991333),
            ["RightUpperArm"] = CFrame.new(0.039963483810424805, 0.016989588737487793, -0.014106005430221558, 0.9331430792808533, -0.1392502635717392, 0.3314414322376251, 0.20576342940330505, 0.9628683924674988, -0.17477373778820038, -0.2947971224784851, 0.23128759860992432, 0.9271466732025146),
            ["Head"] = CFrame.new(0, 1.1920928955078125e-07, -2.60770320892334e-08, 0.9527959823608398, -0.06837009638547897, -0.2958128750324249, 0.11396977305412292, 0.9836055636405945, 0.13975317776203156, 0.2814083695411682, -0.16686992347240448, 0.9449675679206848),
            ["RightHand"] = CFrame.new(5.960464477539063e-08, -3.5762786865234375e-07, -1.564621925354004e-07, 0.05242125689983368, -0.2114512175321579, 0.9759817719459534, 0.9785597324371338, 0.20580892264842987, -0.007969955913722515, -0.19918036460876465, 0.955474317073822, 0.21770642697811127),
            ["UpperTorso"] = CFrame.new(-3.725290298461914e-09, -2.086162567138672e-07, 5.587935447692871e-09, 0.8376978635787964, -0.17676103115081787, 0.5167375206947327, 0.17272605001926422, 0.9833557605743408, 0.056366533041000366, -0.518100380897522, 0.04203580319881439, 0.8542864322662354),
            ["HumanoidRootPart"] = CFrame.new(0, 0, 0, 1, 0, 0, 0, 1, 0, 0, 0, 1),
            ["RightUpperLeg"] = CFrame.new(0, -1.3597309589385986e-07, -2.9212969820946455e-09, 0.5733490586280823, -0.8171454071998596, 0.05953262001276016, 0.3584582507610321, 0.18484535813331604, -0.9150628447532654, 0.7367351055145264, 0.5459905862808228, 0.3988933861255646),
            ["LeftUpperArm"] = CFrame.new(0.010380208492279053, 0.003735780715942383, -0.015217706561088562, 0.8970097303390503, 0.42149069905281067, -0.13311390578746796, -0.42335614562034607, 0.7326989769935608, -0.5328430533409119, -0.127055823802948, 0.5343199372291565, 0.83567875623703),
            ["RightLowerArm"] = CFrame.new(0, 3.5762786865234375e-07, -5.960464477539063e-08, 1, -1.937151665742931e-07, 1.341105360097572e-07, 3.166497890561004e-07, -0.29165592789649963, -0.9565232992172241, -3.725291630729544e-09, 0.9565232992172241, -0.2916563153266907),
            ["LeftHand"] = CFrame.new(1.4901161193847656e-07, 2.384185791015625e-07, 4.023313522338867e-07, 0.0246856939047575, 0.7342860698699951, -0.6783909201622009, -0.7817034125328064, 0.43718332052230835, 0.4447595179080963, 0.6231615543365479, 0.5193213820457458, 0.584786057472229),
            ["LeftFoot"] = CFrame.new(0, 5.960464477539063e-08, -1.0655412552296184e-08, 0.9671133756637573, -0.2532811760902405, 0.023250794038176537, 0.23469772934913635, 0.8534366488456726, -0.46536317467689514, 0.09802477061748505, 0.45551586151123047, 0.8848145008087158),
            ["LowerTorso"] = CFrame.new(-0.2799336612224579, -0.29150664806365967, 0.09538125991821289, 0.9362910389900208, 0.20658284425735474, -0.2840469777584076, -0.21807798743247986, 0.9758890271186829, -0.009091856889426708, 0.2753201127052307, 0.07045701891183853, 0.9587672352790833),
            ["RightLowerLeg"] = CFrame.new(-4.6566128730773926e-08, 0, -9.763607522472739e-08, 1, -4.0233121012533957e-07, -6.388874567164748e-07, 7.003546329542587e-07, 0.28029194474220276, 0.9599147439002991, -5.2154071283894154e-08, -0.9599148035049438, 0.28029218316078186),
