return {
    ["360"] = {
        {Time = 0.000, Data = {
            ["RightFoot"] = CFrame.new(2.2491440176963806e-07, 5.960464477539063e-08, 7.283233571797609e-09, 0.9996609091758728, -0.015904048457741737, 0.020618414506316185, 0.02301904745399952, 0.9098920822143555, -0.41420650482177734, -0.012172969989478588, 0.41454026103019714, 0.9099494218826294),
            ["LeftLowerArm"] = CFrame.new(0.0000014901161193847656, -4.172325134277344e-07, 0.000004477798938751221, 1, 1.341104365337742e-07, 2.980232594040899e-08, -1.862645149230957e-07, 0.8650158643722534, -0.5017445087432861, -8.195638656616211e-08, 0.5017444491386414, 0.865015983581543),
            ["RightUpperArm"] = CFrame.new(-0.031263649463653564, 0.004308104515075684, -0.021047968417406082, 0.5293043851852417, 0.39563870429992676, 0.7505378127098083, 0.6497684121131897, 0.37980103492736816, -0.6584469079971313, -0.5455620288848877, 0.8361943960189819, -0.05604322999715805),
            ["Head"] = CFrame.new(0, -4.76837158203125e-07, 5.704350769519806e-09, 0.9931150078773499, 0.027052268385887146, 0.11397793889045715, 0.008031344972550869, 0.9549573063850403, -0.2966347932815552, -0.11686874181032181, 0.29550766944885254, 0.9481649994850159),
            ["RightHand"] = CFrame.new(2.980232238769531e-07, 0.0000010728836059570312, -2.980232238769531e-07, 0.47004055976867676, 0.616116464138031, 0.6320297718048096, -0.8499237298965454, 0.12277766317129135, 0.5124017000198364, 0.23810003697872162, -0.7780271172523499, 0.5813629031181335),
            ["UpperTorso"] = CFrame.new(2.764863893389702e-09, -8.940696716308594e-08, -2.2000619992468273e-08, 0.9930425882339478, 0.011114859953522682, -0.11723048239946365, -0.002009372925385833, 0.996989905834198, 0.07750553637742996, 0.11773910373449326, -0.07673073559999466, 0.9900757670402527),
            ["HumanoidRootPart"] = CFrame.new(0, 0, 0, 1, 0, 0, 0, 1, 0, 0, 0, 1),
            ["RightUpperLeg"] = CFrame.new(5.960464477539063e-08, -6.600748747587204e-08, -9.677023626863956e-10, 0.9971668124198914, -0.006708707194775343, -0.07492195814847946, -0.016543231904506683, 0.952070415019989, -0.30543139576911926, 0.07338005304336548, 0.3058054745197296, 0.9492619633674622),
            ["LeftUpperArm"] = CFrame.new(0.029787003993988037, 0.015726923942565918, -0.020995650440454483, 0.4245021939277649, -0.01414158008992672, -0.9053164720535278, -0.7350137829780579, 0.5785001516342163, -0.3536839783191681, 0.5287273526191711, 0.8155596852302551, 0.2351803332567215),
            ["RightLowerArm"] = CFrame.new(-7.450580596923828e-07, 9.5367431640625e-07, -0.0000041835010051727295, 1, -0.000019326807887409814, 0.0000018030409592029173, 0.000018909577192971483, 0.9504006505012512, -0.31102830171585083, 0.000004291535333322827, 0.31102824211120605, 0.9504006505012512),
            ["LeftHand"] = CFrame.new(-0.0000015944242477416992, -0.0000013113021850585938, 4.76837158203125e-07, 0.6795503497123718, -0.6549423336982727, -0.330547034740448, 0.6869832277297974, 0.4099940061569214, 0.5999661087989807, -0.25742101669311523, -0.6347877383232117, 0.728546142578125),
            ["LeftFoot"] = CFrame.new(4.0046870708465576e-08, -5.960464477539063e-08, -1.862645149230957e-08, 0.9985303282737732, 0.045519277453422546, -0.02941787615418434, -0.05372173339128494, 0.9030641317367554, -0.4261331558227539, 0.007168984040617943, 0.42708703875541687, 0.9041820764541626),
            ["LowerTorso"] = CFrame.new(-0.00017836314509622753, -0.1457606554031372, 0.062188610434532166, 0.9999952912330627, -0.0030356282368302345, 0.0006236190092749894, 0.003071086946874857, 0.9976677894592285, -0.06818853318691254, -0.0004151695466134697, 0.06819011270999908, 0.9976722598075867),
            ["RightLowerLeg"] = CFrame.new(-1.0617077350616455e-07, -0.0007264018058776855, 0.00004604628338711336, 1, 1.285225721403549e-07, -3.073364140959711e-08, -6.612389569227162e-08, 0.6821483373641968, 0.7312138080596924, 1.0151414642223244e-07, -0.7312138080596924, 0.6821483969688416),
            ["LeftUpperLeg"] = CFrame.new(-5.960464477539063e-08, -1.8277205526828766e-08, -3.4633558243513107e-09, 0.995907723903656, -0.00836610235273838, 0.08998889476060867, 0.03508678451180458, 0.9533975124359131, -0.2996699810028076, -0.08328819274902344, 0.3016010522842407, 0.9497894644737244),
            ["LeftLowerLeg"] = CFrame.new(5.960464477539063e-08, -0.0007266402244567871, 0.00008095428347587585, 1, 4.8428795196286956e-08, 5.960465188081798e-08, -6.239861960466442e-08, 0.6851347088813782, 0.7284165620803833, 2.980232594040899e-08, -0.7284164428710938, 0.6851344704627991),
        }},
        {Time = 0.033, Data = {
            ["RightFoot"] = CFrame.new(2.0489096641540527e-07, 5.960464477539063e-08, 7.283233571797609e-09, 0.9997565150260925, -0.013681418262422085, 0.017316380515694618, 0.019726648926734924, 0.9057947397232056, -0.4232577681541443, -0.009894308634102345, 0.423495888710022, 0.9058437943458557),
            ["LeftLowerArm"] = CFrame.new(0.0000016987323760986328, -2.384185791015625e-07, 0.000004850327968597412, 1, 1.9371509552001953e-07, 5.960465188081798e-08, -1.1920930376163597e-07, 0.8779502511024475, -0.47875210642814636, -1.1920930376163597e-07, 0.4787519574165344, 0.8779501914978027),
            ["RightUpperArm"] = CFrame.new(-0.033145785331726074, 0.005077958106994629, -0.020443078130483627, 0.5239765048027039, 0.38570404052734375, 0.759395182132721, 0.6319667100906372, 0.42168569564819336, -0.6502302289009094, -0.5710224509239197, 0.8206179141998291, -0.022798733785748482),
            ["Head"] = CFrame.new(-2.7939677238464355e-09, -4.76837158203125e-07, -2.0372681319713593e-09, 0.9941847324371338, 0.023846810683608055, 0.10501445829868317, 0.004438453353941441, 0.9652706980705261, -0.26121434569358826, -0.1075964942574501, 0.26016131043434143, 0.9595515131950378),
            ["RightHand"] = CFrame.new(1.1920928955078125e-07, 0.0000010728836059570312, -7.152557373046875e-07, 0.3840830326080322, 0.587462842464447, 0.7122970223426819, -0.9089064598083496, 0.10488659888505936, 0.4035938084125519, 0.1623859703540802, -0.8024253249168396, 0.5742343068122864),
            ["UpperTorso"] = CFrame.new(-1.964508555829525e-09, -5.066394805908203e-07, 1.0167241271119565e-08, 0.9939965009689331, 0.015076639130711555, -0.10836833715438843, -0.006336580961942673, 0.996730625629425, 0.08054760843515396, 0.10922838747501373, -0.07937728613615036, 0.9908422827720642),
            ["HumanoidRootPart"] = CFrame.new(0, 0, 0, 1, 0, 0, 0, 1, 0, 0, 0, 1),
            ["RightUpperLeg"] = CFrame.new(-5.960464477539063e-08, -2.658925950527191e-07, 7.210473995655775e-09, 0.9972547292709351, -0.0011119438568130136, -0.07403934001922607, -0.02100050449371338, 0.9545851349830627, -0.2971973717212677, 0.07100733369588852, 0.297936350107193, 0.9519411325454712),
            ["LeftUpperArm"] = CFrame.new(0.027843236923217773, 0.009136080741882324, -0.020434319972991943, 0.4018878936767578, -0.04641127586364746, -0.9145119190216064, -0.7123293876647949, 0.6117143630981445, -0.3440820574760437, 0.5753893256187439, 0.7897161245346069, 0.21278055012226105),
            ["RightLowerArm"] = CFrame.new(5.960464477539062e-07, 5.960464477539062e-07, -0.000003822147846221924, 1, -0.00001944601535797119, 1.1175870895385742e-07, 0.000018924474716186523, 0.9741573333740234, -0.22587047517299652, 0.000004328787326812744, 0.2258705496788025, 0.9741573333740234),
            ["LeftHand"] = CFrame.new(-0.0000014156103134155273, -0.0000010728836059570312, 1.4901161193847656e-07, 0.7049863338470459, -0.6366250514984131, -0.31257364153862, 0.6766002774238586, 0.4715915620326996, 0.5655208230018616, -0.2126176804304123, -0.6101721525192261, 0.7632064819335938),
            ["LeftFoot"] = CFrame.new(-2.8870999813079834e-08, -1.7881393432617188e-07, 9.313225746154785e-09, 0.9985035061836243, 0.04801033064723015, -0.02618679776787758, -0.05462094396352768, 0.899167001247406, -0.4341837167739868, 0.002701028250157833, 0.4349641501903534, 0.9004437327384949),
            ["LowerTorso"] = CFrame.new(-0.0003033903776668012, -0.14886975288391113, 0.05995216965675354, 0.9999695420265198, -0.0075469487346708775, 0.001990325516089797, 0.007664875127375126, 0.9976540207862854, -0.06802845001220703, -0.0014722490450367332, 0.06804162263870239, 0.9976814389228821),
            ["RightLowerLeg"] = CFrame.new(-5.960464477539063e-08, -0.0007264614105224609, 0.00004596805229084566, 1, 1.1362138252479781e-07, -2.4214383387288763e-08, -6.42612434376133e-08, 0.6898313164710999, 0.7239704132080078, 9.313223614526578e-08, -0.7239702343940735, 0.6898311376571655),
            ["LeftUpperLeg"] = CFrame.new(0, -2.314336597919464e-07, 1.2281816452741623e-08, 0.9964060187339783, -0.005585166160017252, 0.08452209085226059, 0.03139086440205574, 0.9511246085166931, -0.3072079122066498, -0.07867524772882462, 0.30875709652900696, 0.9478815793991089),
            ["LeftLowerLeg"] = CFrame.new(-5.4016709327697754e-08, -0.0007266402244567871, 0.00008096545934677124, 1, 6.332994928470725e-08, 2.0489098417897367e-08, -6.519258732851085e-08, 0.6734395623207092, 0.7392425537109375, 3.725290653733282e-08, -0.7392423748970032, 0.6734392642974854),
        }},
        {Time = 0.067, Data = {
            ["RightFoot"] = CFrame.new(1.7974525690078735e-07, -1.1920928955078125e-07, -2.438173396512866e-08, 0.9998040795326233, -0.013679531402885914, 0.014306087046861649, 0.018387939780950546, 0.9094129204750061, -0.4154878854751587, -0.007326425984501839, 0.4156694710254669, 0.9094862937927246),
            ["LeftLowerArm"] = CFrame.new(0.0000016689300537109375, -7.152557373046875e-07, 0.000004872679710388184, 1, 1.341104365337742e-07, 1.4901159417490817e-08, -7.078052988163108e-08, 0.8787029981613159, -0.47736886143684387, -1.5646223516796454e-07, 0.4773688018321991, 0.8787029981613159),
            ["RightUpperArm"] = CFrame.new(-0.03536456823348999, 0.006137490272521973, -0.022794313728809357, 0.5245009660720825, 0.35641491413116455, 0.7732186317443848, 0.6216070652008057, 0.46029001474380493, -0.6338281631469727, -0.5818105340003967, 0.8130814433097839, 0.0198725163936615),
            ["Head"] = CFrame.new(9.313225746154785e-10, -9.5367431640625e-07, -9.255018085241318e-09, 0.9952324032783508, 0.019773125648498535, 0.0955071821808815, -0.0008142028236761689, 0.9808842539787292, -0.19459107518196106, -0.09752915054559708, 0.19358542561531067, 0.9762237668037415),
            ["RightHand"] = CFrame.new(3.8743019104003906e-07, 0.0000010728836059570312, -6.593763828277588e-07, 0.4649299085140228, 0.5513333082199097, 0.6927273869514465, -0.8825046420097351, 0.35124993324279785, 0.31274494528770447, -0.07089390605688095, -0.7567398548126221, 0.6498610377311707),
            ["UpperTorso"] = CFrame.new(4.089088179171085e-09, 0, -6.282789399847388e-09, 0.9950368404388428, 0.017018593847751617, -0.09804167598485947, -0.008921366184949875, 0.9965558052062988, 0.08244344592094421, 0.0991070419549942, -0.08115959912538528, 0.9917615056037903),
            ["HumanoidRootPart"] = CFrame.new(0, 0, 0, 1, 0, 0, 0, 1, 0, 0, 0, 1),
            ["RightUpperLeg"] = CFrame.new(2.9802322387695312e-08, -3.119930624961853e-07, -2.1609594114124775e-09, 0.9973338842391968, 0.003478727536275983, -0.07289116829633713, -0.024490125477313995, 0.956889271736145, -0.2894189655780792, 0.06874192506074905, 0.2904322147369385, 0.954423189163208),
            ["LeftUpperArm"] = CFrame.new(0.02562582492828369, 0.001772761344909668, -0.02277754247188568, 0.3813360631465912, -0.05252624303102493, -0.9229429960250854, -0.7032976746559143, 0.6314710378646851, -0.32652249932289124, 0.5999626517295837, 0.7736183404922485, 0.20386111736297607),
            ["RightLowerArm"] = CFrame.new(-5.960464477539063e-08, 4.76837158203125e-07, -0.00000356137752532959, 1, -0.000019416218492551707, -0.0000010561199133007904, 0.000018984081179951318, 0.9866296648979187, -0.16297824680805206, 0.0000043772165554401, 0.16297824680805206, 0.9866296648979187),
            ["LeftHand"] = CFrame.new(-0.0000012814998626708984, -0.0000013113021850585938, 1.4901161193847656e-07, 0.7507146596908569, -0.6122477650642395, -0.248152956366539, 0.623760998249054, 0.5331863760948181, 0.5715197920799255, -0.21759986877441406, -0.583836555480957, 0.7821671366691589),
            ["LeftFoot"] = CFrame.new(-4.842877388000488e-08, -5.960464477539063e-08, 9.313225746154785e-09, 0.9983132481575012, 0.05183811113238335, -0.02614373341202736, -0.05804525315761566, 0.9004775881767273, -0.431011825799942, 0.0011990285711362958, 0.43180209398269653, 0.901967465877533),
            ["LowerTorso"] = CFrame.new(-0.0007637465023435652, -0.14346551895141602, 0.05855952203273773, 0.9999380111694336, -0.01079268753528595, 0.0027427480090409517, 0.010947010479867458, 0.9978621602058411, -0.06443052738904953, -0.0020415058825165033, 0.06445655226707458, 0.997918426990509),
            ["RightLowerLeg"] = CFrame.new(-7.729977369308472e-08, -0.0007264614105224609, 0.00004606118454830721, 1, 1.0244549741855735e-07, -1.6763802790364934e-08, -6.61238814814169e-08, 0.7043060064315796, 0.709896445274353, 8.428466458099138e-08, -0.7098965644836426, 0.7043060064315796),
            ["LeftUpperLeg"] = CFrame.new(0, -7.82310962677002e-08, -9.89530235528946e-09, 0.9965537190437317, -0.003680288791656494, 0.08286784589290619, 0.02891654148697853, 0.9517607092857361, -0.30547603964805603, -0.07774612307548523, 0.3068195581436157, 0.9485870599746704),
            ["LeftLowerLeg"] = CFrame.new(3.91155481338501e-08, -0.0007265210151672363, 0.00008102878928184509, 1, 7.078051567077637e-08, 2.4214381610931923e-08, -6.798653373607522e-08, 0.6804292798042297, 0.7328140735626221, 4.2840827774170975e-08, -0.732813835144043, 0.6804289817810059),
        }},
        {Time = 0.100, Data = {
            ["RightFoot"] = CFrame.new(1.8207356333732605e-07, 0, -1.5068508218973875e-08, 0.9998350143432617, -0.0135462312027812, 0.012107349000871181, 0.017280520871281624, 0.9148123860359192, -0.4035091698169708, -0.005609926301985979, 0.4036518633365631, 0.9148954749107361),
            ["LeftLowerArm"] = CFrame.new(0.0000014007091522216797, -3.5762786865234375e-07, 0.000004842877388000488, 1, 1.341104507446289e-07, 5.960464477539063e-08, -5.960465188081798e-08, 0.8772315382957458, -0.480067640542984, -1.1175872316471214e-07, 0.48006755113601685, 0.8772315382957458),
            ["RightUpperArm"] = CFrame.new(-0.0380973219871521, 0.007732748985290527, -0.0274883434176445, 0.5327709317207336, 0.3309573829174042, 0.7788599133491516, 0.6227594017982483, 0.46983757615089417, -0.625637948513031, -0.5729972720146179, 0.8183640837669373, 0.04420892894268036),
            ["Head"] = CFrame.new(2.3283064365386963e-10, -5.960464477539062e-07, -1.1419615475460887e-08, 0.9961257576942444, 0.017321640625596046, 0.08621736615896225, -0.007540039252489805, 0.9936219453811646, -0.11251015961170197, -0.08761636167764664, 0.11142411828041077, 0.9899031519889832),
            ["RightHand"] = CFrame.new(2.682209014892578e-07, 9.5367431640625e-07, -6.48200511932373e-07, 0.59294593334198, 0.46100008487701416, 0.6602222323417664, -0.7568830251693726, 0.598930835723877, 0.2615535259246826, -0.27485141158103943, -0.6547982692718506, 0.704056978225708),
            ["UpperTorso"] = CFrame.new(-4.089088179171085e-09, 3.5762786865234375e-07, -5.347828846424818e-09, 0.9960238337516785, 0.017278173938393593, -0.08739624172449112, -0.010021282359957695, 0.996515691280365, 0.08280155807733536, 0.08852242678403854, -0.08159647136926651, 0.9927265048027039),
            ["HumanoidRootPart"] = CFrame.new(0, 0, 0, 1, 0, 0, 0, 1, 0, 0, 0, 1),
            ["RightUpperLeg"] = CFrame.new(0, 1.2014061212539673e-07, -2.0445440895855427e-09, 0.9973909258842468, 0.007181322667747736, -0.07183274626731873, -0.027224397286772728, 0.9589882493019104, -0.28213566541671753, 0.06686068326234818, 0.28335487842559814, 0.9566815495491028),
            ["LeftUpperArm"] = CFrame.new(0.02298438549041748, -0.005959868431091309, -0.027299784123897552, 0.3693915605545044, -0.048887792974710464, -0.9279871582984924, -0.7032994627952576, 0.6380025148391724, -0.3135639727115631, 0.6073876619338989, 0.7684808373451233, 0.20129001140594482),
            ["RightLowerArm"] = CFrame.new(3.5762786865234375e-07, 5.960464477539063e-08, -0.0000035315752029418945, 1, -0.00001929700556502212, -0.000002473592758178711, 0.000018864871890400536, 0.9954986572265625, -0.09477624297142029, 0.0000042617325561877806, 0.09477626532316208, 0.9954986572265625),
            ["LeftHand"] = CFrame.new(-0.0000013560056686401367, -0.0000014901161193847656, 1.1920928955078125e-07, 0.8086864352226257, -0.5727800130844116, -0.13397440314292908, 0.5277302265167236, 0.6058204174041748, 0.5953847169876099, -0.259860098361969, -0.5521819591522217, 0.7921919226646423),
            ["LeftFoot"] = CFrame.new(-1.1175870895385742e-08, -1.1920928955078125e-07, 2.60770320892334e-08, 0.9980979561805725, 0.05529917776584625, -0.027249736711382866, -0.061636537313461304, 0.90384840965271, -0.4233899414539337, 0.0012165583902969956, 0.42426422238349915, 0.9055377244949341),
            ["LowerTorso"] = CFrame.new(-0.0013617192162200809, -0.1351335048675537, 0.05838407576084137, 0.9999074935913086, -0.013243833556771278, 0.003131694858893752, 0.013401019386947155, 0.9982803463935852, -0.05706781893968582, -0.0023705128114670515, 0.05710449442267418, 0.9983654618263245),
            ["RightLowerLeg"] = CFrame.new(-8.847564458847046e-08, -0.0007263422012329102, 0.000046148728870321065, 1, 1.0244549741855735e-07, -1.7695128917694092e-08, -6.193295831735668e-08, 0.7239297032356262, 0.6898735165596008, 8.149073238428173e-08, -0.6898737549781799, 0.7239299416542053),
            ["LeftUpperLeg"] = CFrame.new(5.960464477539063e-08, 1.0873191058635712e-07, 1.3969838619232178e-09, 0.9965585470199585, -0.0023021288216114044, 0.08286092430353165, 0.02743731439113617, 0.9524287581443787, -0.3035237491130829, -0.0782204419374466, 0.30475252866744995, 0.9492141604423523),
            ["LeftLowerLeg"] = CFrame.new(3.5390257835388184e-08, -0.0007263422012329102, 0.00008097290992736816, 1, 4.842877388000488e-08, 4.0978196835794733e-08, -6.332993507385254e-08, 0.6936675906181335, 0.7202953696250916, 2.2351741790771484e-08, -0.7202953696250916, 0.6936674118041992),
        }},
        {Time = 0.133, Data = {
            ["RightFoot"] = CFrame.new(1.1781230568885803e-07, 0, 1.6952981241047382e-09, 0.9998481869697571, -0.015883777290582657, 0.007166407071053982, 0.017422115430235863, 0.9194381237030029, -0.39284852147102356, -0.00034914372372440994, 0.39291369915008545, 0.9195753335952759),
            ["LeftLowerArm"] = CFrame.new(0.0000013113021850585938, -2.384185791015625e-07, 0.000004932284355163574, 1, 1.4901162614933128e-07, 1.4901162970204496e-08, -7.078052277620372e-08, 0.872908890247345, -0.48788338899612427, -9.685756197086448e-08, 0.4878833293914795, 0.872908890247345),
            ["RightUpperArm"] = CFrame.new(-0.04140174388885498, 0.010281801223754883, -0.033867187798023224, 0.5657551884651184, 0.27365168929100037, 0.7778407335281372, 0.6270802021026611, 0.4697589576244354, -0.6213666200637817, -0.5354357361793518, 0.8393100500106812, 0.09416703134775162),
            ["Head"] = CFrame.new(4.656612873077393e-10, -5.960464477539062e-07, -2.5029294192790985e-08, 0.9967962503433228, 0.01774631254374981, 0.07799019664525986, -0.015298808924853802, 0.99937504529953, -0.031868431717157364, -0.07850699126720428, 0.0305730439722538, 0.9964446425437927),
            ["RightHand"] = CFrame.new(1.4901161193847656e-07, 0.0000010728836059570312, -4.842877388000488e-07, 0.7767988443374634, 0.35286492109298706, 0.5216025114059448, -0.573239803314209, 0.7391259670257568, 0.3536796271800995, -0.2607291340827942, -0.5737414956092834, 0.776428759098053),
            ["UpperTorso"] = CFrame.new(-1.5861587598919868e-09, 4.470348358154297e-07, 7.712515071034431e-10, 0.9968684911727905, 0.016409017145633698, -0.0773560181260109, -0.010122371837496758, 0.9966650009155273, 0.08097141981124878, 0.07842668145895004, -0.07993476092815399, 0.9937101006507874),
            ["HumanoidRootPart"] = CFrame.new(0, 0, 0, 1, 0, 0, 0, 1, 0, 0, 0, 1),
            ["RightUpperLeg"] = CFrame.new(2.9802322387695312e-08, -1.257285475730896e-08, -4.140019882470369e-09, 0.9975388050079346, 0.010814257897436619, -0.06927771121263504, -0.03015035204589367, 0.9581820964813232, -0.28456681966781616, 0.06330326199531555, 0.28595495223999023, 0.9561497569084167),
            ["LeftUpperArm"] = CFrame.new(0.019882917404174805, -0.013420581817626953, -0.03328314423561096, 0.375988245010376, -0.04359724000096321, -0.9255983233451843, -0.7064828276634216, 0.6328709125518799, -0.31679031252861023, 0.5995956659317017, 0.7730289101600647, 0.20715133845806122),
            ["RightLowerArm"] = CFrame.new(7.152557373046875e-07, 7.152557373046875e-07, -0.0000037997961044311523, 1, -0.000019311912183184177, -0.0000019185249584552366, 0.000018939377696369775, 0.9921522736549377, -0.12503637373447418, 0.000004269183136784704, 0.125036358833313, 0.992152214050293),
            ["LeftHand"] = CFrame.new(-0.0000014603137969970703, -0.0000010728836059570312, 2.9802322387695312e-08, 0.876157820224762, -0.4791377782821655, 0.052669841796159744, 0.37105274200439453, 0.7401576042175293, 0.5607912540435791, -0.3076804578304291, -0.47179847955703735, 0.8262802958488464),
            ["LeftFoot"] = CFrame.new(-2.421438694000244e-08, -5.960464477539063e-08, 1.6763806343078613e-08, 0.9979037046432495, 0.058883149176836014, -0.026850590482354164, -0.0647154375910759, 0.9059942960739136, -0.41831350326538086, -0.0003051776729989797, 0.41917458176612854, 0.9079057574272156),
            ["LowerTorso"] = CFrame.new(-0.0019308498594909906, -0.12960588932037354, 0.05979713797569275, 0.9998756647109985, -0.015396356582641602, 0.0034094767179340124, 0.01553596556186676, 0.9988376498222351, -0.04563048854470253, -0.0027029700577259064, 0.045677781105041504, 0.9989526271820068),
            ["RightLowerLeg"] = CFrame.new(-1.601874828338623e-07, -0.0007260441780090332, 0.000046050008677411824, 1, 9.872024264723223e-08, -2.7939687896605392e-08, -5.937182123716411e-08, 0.7362748980522156, 0.6766823530197144, 1.0244549741855735e-07, -0.6766825914382935, 0.7362751960754395),
            ["LeftUpperLeg"] = CFrame.new(0, 1.0989606380462646e-07, -3.6088749766349792e-09, 0.9966586232185364, -0.0015620803460478783, 0.08166591823101044, 0.026886049658060074, 0.9503755569458008, -0.3099415600299835, -0.07712909579277039, 0.31110134720802307, 0.9472417831420898),
            ["LeftLowerLeg"] = CFrame.new(-1.30385160446167e-08, -0.0007266998291015625, 0.00008097663521766663, 1, 5.960464477539063e-08, 2.421439049271612e-08, -6.239861249923706e-08, 0.7013922929763794, 0.7127754092216492, 2.7939677238464355e-08, -0.712775468826294, 0.7013922929763794),
        }},
        {Time = 0.167, Data = {
            ["RightFoot"] = CFrame.new(1.4994293451309204e-07, -5.960464477539063e-08, -3.55576048605144e-08, 0.999809741973877, -0.019502989947795868, -0.0004870555130764842, 0.017788076773285866, 0.9215800166130066, -0.38778093457221985, 0.008011752739548683, 0.38769829273223877, 0.9217515587806702),
            ["LeftLowerArm"] = CFrame.new(0.0000012218952178955078, -1.7881393432617188e-07, 0.000004664063453674316, 1, 8.940696716308594e-08, 1.341104365337742e-07, -1.564622067462551e-07, 0.8610538244247437, -0.5085139274597168, -9.685756197086448e-08, 0.5085139274597168, 0.8610537052154541),
            ["RightUpperArm"] = CFrame.new(-0.04552680253982544, 0.014713406562805176, -0.03718630224466324, 0.6138176321983337, 0.19927531480789185, 0.7638828754425049, 0.6272690892219543, 0.4644024074077606, -0.6251912117004395, -0.47933441400527954, 0.8629136085510254, 0.16005924344062805),
            ["Head"] = CFrame.new(-7.566995918750763e-10, -8.344650268554688e-07, -1.3387762010097504e-08, 0.9973103404045105, 0.022122519090771675, 0.06987614184617996, -0.024072138592600822, 0.9993405938148499, 0.027182912454009056, -0.06922875344753265, -0.0287920068949461, 0.997185230255127),
            ["RightHand"] = CFrame.new(6.556510925292969e-07, 0.0000011920928955078125, -0.0000010728836059570312, 0.9507527947425842, 0.20269005000591278, 0.2344903200864792, -0.2880842387676239, 0.8569962382316589, 0.42727622389793396, -0.11435287445783615, -0.47378718852996826, 0.8731834888458252),
            ["UpperTorso"] = CFrame.new(3.7834979593753815e-10, 0, -1.1386873666197062e-09, 0.9976190328598022, 0.014756446704268456, -0.06736882776021957, -0.009928678162395954, 0.9973953366279602, 0.0714421272277832, 0.06824759393930435, -0.07060310989618301, 0.995167076587677),
            ["HumanoidRootPart"] = CFrame.new(0, 0, 0, 1, 0, 0, 0, 1, 0, 0, 0, 1),
            ["RightUpperLeg"] = CFrame.new(-2.9802322387695312e-08, -2.4796463549137115e-07, -1.042644726112485e-08, 0.9977576732635498, 0.015988603234291077, -0.06499207019805908, -0.03485563397407532, 0.9531031250953674, -0.3006320297718048, 0.05713744834065437, 0.30222317576408386, 0.9515232443809509),
            ["LeftUpperArm"] = CFrame.new(0.01611506938934326, -0.020212292671203613, -0.03609496355056763, 0.40784430503845215, -0.03704484552145004, -0.912299633026123, -0.7052069306373596, 0.6218781471252441, -0.34051549434661865, 0.5799537301063538, 0.7822374105453491, 0.22750534117221832),
            ["RightLowerArm"] = CFrame.new(-5.960464477539063e-08, 1.1920928955078125e-07, -0.000003427267074584961, 1, -0.00001946091651916504, -6.519258590742538e-07, 0.000018917025954579003, 0.9821421504020691, -0.18814049661159515, 0.000004269183136784704, 0.18814045190811157, 0.9821421504020691),
            ["LeftHand"] = CFrame.new(-0.0000014007091522216797, -0.0000013709068298339844, 0, 0.9162576794624329, -0.3151836693286896, 0.2472463697195053, 0.18974630534648895, 0.8850497603416443, 0.4250689446926117, -0.3528004586696625, -0.34255850315093994, 0.8707385659217834),
            ["LeftFoot"] = CFrame.new(1.862645149230957e-08, -1.1920928955078125e-07, -2.0489096641540527e-08, 0.9977407455444336, 0.06319089233875275, -0.022811980918049812, -0.06695760041475296, 0.9075659513473511, -0.41453686356544495, -0.005491644609719515, 0.41512784361839294, 0.9097465872764587),
            ["LowerTorso"] = CFrame.new(-0.002285153139382601, -0.12774348258972168, 0.06316284090280533, 0.9998349547386169, -0.017764799296855927, 0.0038121112156659365, 0.017870532348752022, 0.9993969798088074, -0.029773058369755745, -0.003280899254605174, 0.029836267232894897, 0.9995495080947876),
            ["RightLowerLeg"] = CFrame.new(-1.2479722499847412e-07, -0.0007264614105224609, 0.00004607608570950106, 1, 1.0058287358560847e-07, -2.7008354663848877e-08, -5.406037217881021e-08, 0.7377294301986694, 0.6750963926315308, 1.0011719098201866e-07, -0.6750965714454651, 0.737729549407959),
            ["LeftUpperLeg"] = CFrame.new(-2.9802322387695312e-08, -2.873130142688751e-07, -3.3760443329811096e-09, 0.9970199465751648, -0.0014600497670471668, 0.07713083177804947, 0.026916831731796265, 0.9435707926750183, -0.3300751745700836, -0.07229643315076828, 0.331167608499527, 0.9407982230186462),
            ["LeftLowerLeg"] = CFrame.new(7.264316082000732e-08, -0.000726163387298584, 0.00008103623986244202, 1, 5.587936158235607e-08, 3.3527616238870905e-08, -6.146729703004894e-08, 0.6979694962501526, 0.7161274552345276, 2.7939680791178034e-08, -0.7161275148391724, 0.6979696154594421),
        }},
        {Time = 0.200, Data = {
            ["RightFoot"] = CFrame.new(1.0896474123001099e-07, 0, 5.420588422566652e-09, 0.9993287324905396, -0.03442232683300972, -0.012542840093374252, 0.02709794044494629, 0.9248899817466736, -0.37926816940307617, 0.024656061083078384, 0.37867340445518494, 0.9252017736434937),
            ["LeftLowerArm"] = CFrame.new(0.000001341104507446289, -7.152557373046875e-07, 0.000004991888999938965, 1, 1.49011640360186e-07, 1.4901164746561335e-08, -1.266598843585598e-07, 0.8625849485397339, -0.5059124231338501, -5.960465188081798e-08, 0.5059123635292053, 0.8625848889350891),
            ["RightUpperArm"] = CFrame.new(-0.050882816314697266, 0.020881056785583496, -0.03672051429748535, 0.658726155757904, 0.14628560841083527, 0.7380246520042419, 0.6239745020866394, 0.44187694787979126, -0.6445158123970032, -0.42039963603019714, 0.8850679993629456, 0.19979749619960785),
            ["Head"] = CFrame.new(2.7794158086180687e-09, -2.384185791015625e-07, 1.862645149230957e-09, 0.997709333896637, 0.030278194695711136, 0.06049343943595886, -0.033928193151950836, 0.9976065158843994, 0.060250453650951385, -0.05852438509464264, -0.06216497719287872, 0.9963486194610596),
            ["RightHand"] = CFrame.new(5.960464477539063e-08, 0.0000010132789611816406, -6.854534149169922e-07, 0.9968365430831909, 0.043034061789512634, -0.06682154536247253, -0.018395565450191498, 0.9428277611732483, 0.3327721357345581, 0.07732181251049042, -0.3304902911186218, 0.9406368732452393),
            ["UpperTorso"] = CFrame.new(2.7066562324762344e-09, -1.1920928955078125e-07, -4.496541805565357e-09, 0.9983230829238892, 0.012796278111636639, -0.056457482278347015, -0.009817059151828289, 0.99856036901474, 0.05273503437638283, 0.057051002979278564, -0.05209238454699516, 0.9970113635063171),
            ["HumanoidRootPart"] = CFrame.new(0, 0, 0, 1, 0, 0, 0, 1, 0, 0, 0, 1),
            ["RightUpperLeg"] = CFrame.new(-2.9802322387695312e-08, -9.132781997323036e-08, -4.0236045606434345e-09, 0.9977598190307617, 0.022614050656557083, -0.06296082586050034, -0.042081721127033234, 0.9437744617462158, -0.32790079712867737, 0.05200564116239548, 0.32981565594673157, 0.942611813545227),
            ["LeftUpperArm"] = CFrame.new(0.011347055435180664, -0.027115225791931152, -0.03516500070691109, 0.4456768035888672, -0.03722591698169708, -0.8944196105003357, -0.6913870573043823, 0.6203555464744568, -0.37032800912857056, 0.5686440467834473, 0.7834368944168091, 0.2507406175136566),
            ["RightLowerArm"] = CFrame.new(6.556510925292969e-07, 5.364418029785156e-07, -0.00000356137752532959, 1, -0.000019386412532185204, -7.264317787303298e-07, 0.000018872320652008057, 0.9826710224151611, -0.18535839021205902, 0.000004336237907409668, 0.1853584349155426, 0.9826710820198059),
            ["LeftHand"] = CFrame.new(-0.000001519918441772461, -0.0000011920928955078125, -2.9802322387695312e-08, 0.9208838939666748, -0.11493992805480957, 0.3725067973136902, 0.031166601926088333, 0.9741947054862976, 0.22354771196842194, -0.38858911395072937, -0.19425149261951447, 0.9007025361061096),
            ["LeftFoot"] = CFrame.new(-3.3527612686157227e-08, -1.7881393432617188e-07, 1.862645149230957e-09, 0.997624933719635, 0.06645352393388748, -0.018127039074897766, -0.06806135922670364, 0.9105110168457031, -0.40784522891044617, -0.01059787068516016, 0.408110111951828, 0.9128711819648743),
            ["LowerTorso"] = CFrame.new(-0.002266273368149996, -0.12526023387908936, 0.06889797747135162, 0.999772310256958, -0.02085927687585354, 0.004498502239584923, 0.020899830386042595, 0.9997396469116211, -0.009164051152765751, -0.00430617481470108, 0.009255984798073769, 0.9999479055404663),
            ["RightLowerLeg"] = CFrame.new(-5.681067705154419e-08, -0.0007264614105224609, 0.00004608167364494875, 1, 1.0989611354261797e-07, -3.259629366425543e-08, -5.867331509534779e-08, 0.7315694689750671, 0.6817669868469238, 8.242204074804249e-08, -0.6817669868469238, 0.7315694093704224),
            ["LeftUpperLeg"] = CFrame.new(-2.9802322387695312e-08, -7.89295881986618e-08, -1.6065314412117004e-08, 0.9974520206451416, -0.000808525423053652, 0.07133694738149643, 0.026208339259028435, 0.9341703057289124, -0.3558637797832489, -0.06635315716266632, 0.35682687163352966, 0.9318110942840576),
            ["LeftLowerLeg"] = CFrame.new(-5.4016709327697754e-08, -0.0007264614105224609, 0.00008095055818557739, 1, 6.146728992462158e-08, 3.3527612686157227e-08, -6.891787762697277e-08, 0.694799542427063, 0.7192036509513855, 2.980232594040899e-08, -0.7192034125328064, 0.6947993636131287),
        }},
        {Time = 0.233, Data = {
            ["RightFoot"] = CFrame.new(1.9837170839309692e-07, 5.960464477539063e-08, -9.480572771281004e-09, 0.9982448220252991, -0.05339210107922554, -0.02562163583934307, 0.04058528319001198, 0.9318404793739319, -0.360591322183609, 0.043127987533807755, 0.35891857743263245, 0.9323720335960388),
            ["LeftLowerArm"] = CFrame.new(0.0000017285346984863281, -4.76837158203125e-07, 0.0000050514936447143555, 1, 1.3411046495548362e-07, 2.980232594040899e-08, -1.5273694486950262e-07, 0.872027575969696, -0.48945704102516174, -7.4505820180093e-08, 0.4894568920135498, 0.8720275163650513),
            ["RightUpperArm"] = CFrame.new(-0.057662367820739746, 0.028158068656921387, -0.03709600865840912, 0.7031193971633911, 0.18842051923274994, 0.6856533288955688, 0.6112849712371826, 0.3324264883995056, -0.7182087898254395, -0.36325448751449585, 0.9241160750389099, 0.11855689436197281),
            ["Head"] = CFrame.new(8.853930921759456e-09, -5.960464477539062e-07, 1.7535057850182056e-09, 0.9979187846183777, 0.04150461405515671, 0.049350399523973465, -0.04459000751376152, 0.9970070123672485, 0.0631563812494278, -0.04658139497041702, -0.06522557139396667, 0.9967827200889587),
            ["RightHand"] = CFrame.new(0, 7.748603820800781e-07, -7.450580596923828e-07, 0.9559317231178284, -0.07223979383707047, -0.2845623195171356, 0.11239638179540634, 0.9854623079299927, 0.1274011731147766, 0.27122241258621216, -0.15377062559127808, 0.9501543641090393),
            ["UpperTorso"] = CFrame.new(1.3096723705530167e-09, -2.9802322387695312e-08, 1.3009412214159966e-08, 0.9989277720451355, 0.011321669444441795, -0.04489119350910187, -0.010047011077404022, 0.9995427131652832, 0.02851969003677368, 0.04519353434443474, -0.02803805097937584, 0.9985846877098083),
            ["HumanoidRootPart"] = CFrame.new(0, 0, 0, 1, 0, 0, 0, 1, 0, 0, 0, 1),
            ["RightUpperLeg"] = CFrame.new(5.960464477539063e-08, -5.78584149479866e-08, 6.330083124339581e-10, 0.9974894523620605, 0.030566515401005745, -0.06388016790151596, -0.05165599659085274, 0.9311040639877319, -0.36107757687568665, 0.04844225198030472, 0.3634707033634186, 0.9303452968597412),
            ["LeftUpperArm"] = CFrame.new(0.0054708123207092285, -0.03481161594390869, -0.035045333206653595, 0.4764498770236969, -0.03252179175615311, -0.8785997629165649, -0.6589699983596802, 0.6483315229415894, -0.38134682178497314, 0.582025945186615, 0.7606633305549622, 0.2874665856361389),
            ["RightLowerArm"] = CFrame.new(-3.2782554626464844e-07, 2.980232238769531e-07, -0.000003859400749206543, 1, -0.000018917025954579003, -0.000004284084752725903, 0.000018939377696369775, 0.9999971985816956, -0.002373755443841219, 0.000004291534878575476, 0.0023737105075269938, 0.9999971985816956),
            ["LeftHand"] = CFrame.new(-0.0000014603137969970703, -0.0000013113021850585938, 1.043081283569336e-07, 0.9157388806343079, 0.0615968331694603, 0.39702391624450684, -0.09681227058172226, 0.9928904175758362, 0.06925469636917114, -0.389935702085495, -0.10185576975345612, 0.9151917099952698),
            ["LeftFoot"] = CFrame.new(1.30385160446167e-08, -5.960464477539063e-08, 1.6763806343078613e-08, 0.9974856972694397, 0.06941132992506027, -0.014294899068772793, -0.0694044977426529, 0.9160231947898865, -0.39507555961608887, -0.01432828325778246, 0.3950742185115814, 0.918537437915802),
            ["LowerTorso"] = CFrame.new(-0.001692580059170723, -0.11949336528778076, 0.07730057090520859, 0.9996664524078369, -0.02521788701415062, 0.0055716270580887794, 0.025122934952378273, 0.9995482563972473, 0.016500715166330338, -0.00598522275686264, -0.0163552388548851, 0.9998483657836914),
            ["RightLowerLeg"] = CFrame.new(-5.122274160385132e-08, -0.0007264018058776855, 0.000046146866225171834, 1, 9.126965494488104e-08, -2.2351747119842003e-08, -5.960463766996327e-08, 0.7255082726478577, 0.6882134675979614, 7.171183113996449e-08, -0.6882135272026062, 0.7255083918571472),
            ["LeftUpperLeg"] = CFrame.new(-2.9802322387695312e-08, -5.902256816625595e-08, 1.0011717677116394e-08, 0.9978625178337097, 0.0012520995223894715, 0.06533632427453995, 0.024077683687210083, 0.9224317669868469, -0.3854089379310608, -0.060750868171453476, 0.38615840673446655, 0.9204298853874207),
            ["LeftLowerLeg"] = CFrame.new(3.073364496231079e-08, -0.0007268190383911133, 0.00008094310760498047, 1, 5.02914261346632e-08, 4.470347647611561e-08, -5.774198541530495e-08, 0.6954700350761414, 0.7185552716255188, 2.4214381610931923e-08, -0.7185551524162292, 0.695469856262207),
        }},
        {Time = 0.267, Data = {
            ["RightFoot"] = CFrame.new(1.448206603527069e-07, -1.1920928955078125e-07, 1.1008523870259523e-08, 0.9965383410453796, -0.07256680727005005, -0.040565572679042816, 0.05641338974237442, 0.9486698508262634, -0.3111964464187622, 0.06106589734554291, 0.30783066153526306, 0.9494795203208923),
            ["LeftLowerArm"] = CFrame.new(0.0000016689300537109375, -5.364418029785156e-07, 0.000004589557647705078, 1, 1.7881393432617188e-07, 3.5390257835388184e-08, -5.5879368687783426e-08, 0.8834130167961121, -0.4685952663421631, -5.960465898624534e-08, 0.4685952365398407, 0.8834130764007568),
            ["RightUpperArm"] = CFrame.new(-0.06564587354660034, 0.035108327865600586, -0.046629078686237335, 0.7638710737228394, 0.12469503283500671, 0.6332078576087952, 0.5901440382003784, 0.2621575891971588, -0.7635467052459717, -0.26121070981025696, 0.9569349884986877, 0.1266666203737259),
            ["Head"] = CFrame.new(-9.022187441587448e-10, -4.76837158203125e-07, -3.3760443329811096e-09, 0.9978687763214111, 0.0557611808180809, 0.033891405910253525, -0.05659494176506996, 0.9981048703193665, 0.024161724373698235, -0.03247988224029541, -0.026028430089354515, 0.9991334676742554),
            ["RightHand"] = CFrame.new(2.9802322387695312e-08, 0.0000010728836059570312, -6.109476089477539e-07, 0.8906187415122986, -0.12684093415737152, -0.4367026686668396, 0.17879119515419006, 0.9806456565856934, 0.07979971915483475, 0.4181291162967682, -0.14914973080158234, 0.8960596323013306),
            ["UpperTorso"] = CFrame.new(3.14321368932724e-09, -1.4901161193847656e-07, -1.1874362826347351e-08, 0.9994282126426697, 0.011084603145718575, -0.031945694237947464, -0.01131014060229063, 0.999912440776825, -0.006885593291372061, 0.03186655044555664, 0.007242968771606684, 0.9994659423828125),
            ["HumanoidRootPart"] = CFrame.new(0, 0, 0, 1, 0, 0, 0, 1, 0, 0, 0, 1),
            ["RightUpperLeg"] = CFrame.new(8.940696716308594e-08, -9.173527359962463e-08, 4.001776687800884e-10, 0.996881902217865, 0.039979759603738785, -0.06803160160779953, -0.06491423398256302, 0.9056776762008667, -0.41896820068359375, 0.04486443102359772, 0.4220777750015259, 0.9054486751556396),
            ["LeftUpperArm"] = CFrame.new(-0.0013405680656433105, -0.043116211891174316, -0.043736524879932404, 0.5182837843894958, -0.022374045103788376, -0.854915976524353, -0.5730819702148438, 0.7329235076904297, -0.3666064441204071, 0.6347905397415161, 0.6799430251121521, 0.3670402765274048),
            ["RightLowerArm"] = CFrame.new(5.364418029785156e-07, 3.5762786865234375e-07, -0.0000035762786865234375, 1, -0.000019267203242634423, -0.0000022873282432556152, 0.000018924476535175927, 0.9944595694541931, -0.10511995851993561, 0.000004343688942753943, 0.105119988322258, 0.9944595694541931),
            ["LeftHand"] = CFrame.new(-0.0000012218952178955078, -0.0000013113021850585938, 4.842877388000488e-08, 0.9292060136795044, 0.20947915315628052, 0.30445772409439087, -0.22349944710731506, 0.9746359586715698, 0.011532101780176163, -0.29431986808776855, -0.07876172661781311, 0.9524561166763306),
