return {
["5x30 down"] = {

          {Time = 0.000, Data = {

              ["Head"] = CFrame.new(0.000000, 0.000000, -0.000000, 0.999900, -0.012772, 0.006058, 0.006660, 0.047612, -0.998844, 0.012468, 0.998784, 0.047692),

              ["LeftFoot"] = CFrame.new(0.000000, 0.006233, -0.000003, 0.947573, -0.244434, -0.205820, 0.237977, 0.969657, -0.055960, 0.213241, 0.004049, 0.976989),

              ["LeftHand"] = CFrame.new(0.000481, 0.029176, 0.000000, 0.969191, -0.212428, 0.124672, 0.169095, 0.941873, 0.290317, -0.179095, -0.260289, 0.948774),

              ["LeftLowerArm"] = CFrame.new(-0.000497, 0.086693, 0.169117, 1.000000, -0.000000, 0.000000, 0.000000, -0.752593, -0.658485, 0.000000, 0.658486, -0.752594),

              ["LeftLowerLeg"] = CFrame.new(-0.000000, 0.028342, -0.002290, 1.000000, -0.000000, -0.000000, 0.000000, 0.975576, 0.219647, -0.000000, -0.219663, 0.975580),

              ["LeftUpperArm"] = CFrame.new(0.281554, -0.098191, 0.039300, 0.973656, 0.204896, -0.100055, -0.195187, 0.522087, -0.830257, -0.117879, 0.827915, 0.548326),

              ["LeftUpperLeg"] = CFrame.new(0.000000, -0.000000, -0.000100, 0.947572, 0.279006, 0.155768, -0.293819, 0.952381, 0.081509, -0.125609, -0.122991, 0.984425),

              ["LowerTorso"] = CFrame.new(-0.000000, -1.545821, 0.416033, 1.000000, 0.000000, -0.000000, 0.000000, 0.226854, 0.973929, 0.000000, -0.973929, 0.226854),

              ["RightFoot"] = CFrame.new(-0.000000, 0.007010, -0.000103, 0.966874, 0.195258, 0.164412, -0.191227, 0.980724, -0.040161, -0.169075, 0.007394, 0.985574),

              ["RightHand"] = CFrame.new(-0.000481, 0.029004, 0.000000, 0.986479, 0.141497, -0.082688, -0.071801, 0.826693, 0.558057, 0.147320, -0.544571, 0.825672),

              ["RightLowerArm"] = CFrame.new(-0.000003, 0.087741, 0.168322, 1.000000, 0.000000, -0.000000, -0.000000, -0.744328, -0.667813, -0.000000, 0.667814, -0.744329),

              ["RightLowerLeg"] = CFrame.new(-0.000000, 0.031155, -0.002976, 1.000000, 0.000000, 0.000000, -0.000000, 0.969649, 0.244486, 0.000000, -0.244501, 0.969653),

              ["RightUpperArm"] = CFrame.new(-0.246829, -0.097975, 0.048064, 0.977890, -0.137774, 0.157323, 0.194904, 0.327797, -0.924425, 0.075792, 0.934648, 0.347401),

              ["RightUpperLeg"] = CFrame.new(0.000000, -0.000000, 0.000000, 0.966874, -0.226762, -0.117196, 0.237052, 0.967963, 0.082798, 0.094667, -0.107824, 0.989651),

              ["UpperTorso"] = CFrame.new(0.000000, -0.069767, 0.016251, 1.000000, -0.000000, 0.000000, 0.000000, 0.980805, 0.194993, -0.000000, -0.194993, 0.980805)

          }},

          {Time = 0.017, Data = {

              ["Head"] = CFrame.new(-0.000000, 0.000000, -0.000000, 0.999900, -0.012772, 0.006058, 0.006786, 0.057707, -0.998311, 0.012400, 0.998252, 0.057788),

              ["LeftFoot"] = CFrame.new(-0.000000, 0.006246, -0.000003, 0.948023, -0.243412, -0.204959, 0.238181, 0.969922, -0.050210, 0.211004, -0.001213, 0.977482),

              ["LeftHand"] = CFrame.new(0.000481, 0.029129, -0.000000, 0.969915, -0.209952, 0.123232, 0.170261, 0.946816, 0.273044, -0.174002, -0.243845, 0.954076),

              ["LeftLowerArm"] = CFrame.new(-0.000497, 0.087309, 0.168603, 1.000000, -0.000000, 0.000000, 0.000000, -0.747253, -0.664539, 0.000000, 0.664540, -0.747254),

              ["LeftLowerLeg"] = CFrame.new(-0.000000, 0.028412, -0.002303, 1.000000, -0.000000, 0.000000, 0.000000, 0.975448, 0.220216, 0.000000, -0.220231, 0.975451),

              ["LeftUpperArm"] = CFrame.new(0.281391, -0.099983, 0.036667, 0.973332, 0.206016, -0.100911, -0.197565, 0.529218, -0.825165, -0.116593, 0.823095, 0.555806),

              ["LeftUpperLeg"] = CFrame.new(0.000000, -0.000000, -0.000100, 0.948022, 0.278803, 0.153378, -0.292907, 0.952934, 0.078261, -0.124340, -0.119106, 0.985064),

              ["LowerTorso"] = CFrame.new(0.000000, -1.535528, 0.416005, 1.000000, -0.000000, -0.000000, 0.000000, 0.229328, 0.973349, 0.000000, -0.973349, 0.229328),

              ["RightFoot"] = CFrame.new(-0.000000, 0.007019, -0.000103, 0.967149, 0.194460, 0.163740, -0.191422, 0.980909, -0.034290, -0.167273, 0.001824, 0.985907),

              ["RightHand"] = CFrame.new(-0.000481, 0.028972, 0.000000, 0.986436, 0.141713, -0.082842, -0.075195, 0.838716, 0.539356, 0.145913, -0.525807, 0.837993),

              ["RightLowerArm"] = CFrame.new(-0.000003, 0.088172, 0.167954, 1.000000, 0.000000, -0.000000, -0.000000, -0.740500, -0.672055, -0.000000, 0.672056, -0.740501),

              ["RightLowerLeg"] = CFrame.new(-0.000000, 0.031201, -0.002985, 1.000000, 0.000000, 0.000000, -0.000000, 0.969554, 0.244862, 0.000000, -0.244877, 0.969558),

              ["RightUpperArm"] = CFrame.new(-0.247716, -0.097697, 0.044868, 0.977916, -0.140484, 0.154743, 0.194615, 0.342154, -0.919269, 0.076197, 0.929083, 0.361938),

              ["RightUpperLeg"] = CFrame.new(0.000000, -0.000000, -0.000000, 0.967148, -0.226556, -0.115313, 0.236322, 0.968425, 0.079418, 0.093680, -0.104047, 0.990149),

              ["UpperTorso"] = CFrame.new(0.000000, -0.069029, 0.017455, 1.000000, -0.000000, 0.000000, -0.000000, 0.980075, 0.198630, -0.000000, -0.198630, 0.980075)

          }},

          {Time = 0.033, Data = {

              ["Head"] = CFrame.new(-0.000000, 0.000000, -0.000000, 0.999900, -0.012772, 0.006058, 0.007027, 0.077207, -0.996990, 0.012265, 0.996933, 0.077289),

              ["LeftFoot"] = CFrame.new(0.000000, 0.006393, -0.000003, 0.949248, -0.240602, -0.202593, 0.238491, 0.970509, -0.035143, 0.205062, -0.014953, 0.978632),

              ["LeftHand"] = CFrame.new(0.000481, 0.029023, 0.000000, 0.971372, -0.204870, 0.120268, 0.172406, 0.956236, 0.236412, -0.163437, -0.208907, 0.964181),

              ["LeftLowerArm"] = CFrame.new(-0.000497, 0.088737, 0.167377, 1.000000, -0.000000, 0.000000, 0.000000, -0.734507, -0.678601, 0.000000, 0.678602, -0.734507),

              ["LeftLowerLeg"] = CFrame.new(0.000000, 0.029179, -0.002446, 1.000000, -0.000000, 0.000000, 0.000000, 0.974000, 0.226534, 0.000000, -0.226549, 0.974003),

              ["LeftUpperArm"] = CFrame.new(0.281045, -0.103857, 0.028440, 0.972640, 0.208270, -0.102933, -0.201956, 0.539003, -0.817735, -0.114829, 0.816149, 0.566316),

              ["LeftUpperLeg"] = CFrame.new(0.000000, -0.000000, -0.000100, 0.949247, 0.278747, 0.145709, -0.289889, 0.955088, 0.061419, -0.122046, -0.100529, 0.987419),

              ["LowerTorso"] = CFrame.new(0.000000, -1.504705, 0.417472, 1.000000, -0.000000, -0.000000, 0.000000, 0.232213, 0.972665, 0.000000, -0.972665, 0.232213),

              ["RightFoot"] = CFrame.new(0.000000, 0.007146, -0.000103, 0.967896, 0.192274, 0.161900, -0.191778, 0.981258, -0.018838, -0.162478, -0.012811, 0.986627),

              ["RightHand"] = CFrame.new(-0.000481, 0.028896, 0.000000, 0.986114, 0.143348, -0.083853, -0.083233, 0.863527, 0.497391, 0.143708, -0.483501, 0.863465),

              ["RightLowerArm"] = CFrame.new(-0.000003, 0.089201, 0.167056, 1.000000, 0.000000, -0.000000, -0.000000, -0.731172, -0.682192, -0.000000, 0.682193, -0.731173),

              ["RightLowerLeg"] = CFrame.new(-0.000000, 0.031880, -0.003127, 1.000000, 0.000000, 0.000000, -0.000000, 0.968116, 0.250488, 0.000000, -0.250503, 0.968120),

              ["RightUpperArm"] = CFrame.new(-0.250252, -0.096299, 0.035308, 0.978126, -0.146379, 0.147793, 0.192562, 0.368471, -0.909477, 0.078671, 0.918043, 0.388598),

              ["RightUpperLeg"] = CFrame.new(0.000000, -0.000000, -0.000000, 0.967895, -0.226365, -0.109264, 0.233939, 0.970260, 0.062209, 0.091933, -0.085759, 0.992064),

              ["UpperTorso"] = CFrame.new(-0.000000, -0.066696, 0.020407, 1.000000, -0.000000, 0.000000, -0.000000, 0.978114, 0.208069, -0.000000, -0.208069, 0.978114)

          }},

          {Time = 0.050, Data = {

              ["Head"] = CFrame.new(-0.000000, -0.000000, -0.000000, 0.999900, -0.012772, 0.006058, 0.007183, 0.089962, -0.995919, 0.012174, 0.995863, 0.090045),

              ["LeftFoot"] = CFrame.new(-0.000000, 0.006777, -0.000003, 0.951027, -0.236455, -0.199101, 0.238730, 0.971001, -0.012859, 0.196356, -0.035297, 0.979895),

              ["LeftHand"] = CFrame.new(0.000481, 0.028904, -0.000000, 0.972503, -0.200840, 0.117905, 0.174330, 0.963476, 0.203282, -0.154425, -0.177135, 0.971995),

              ["LeftLowerArm"] = CFrame.new(-0.000497, 0.090357, 0.165925, 1.000000, -0.000000, 0.000000, 0.000000, -0.719414, -0.694580, 0.000000, 0.694581, -0.719415),

              ["LeftLowerLeg"] = CFrame.new(-0.000000, 0.031181, -0.002840, 1.000000, -0.000000, -0.000000, 0.000000, 0.970012, 0.243043, 0.000000, -0.243058, 0.970016),

              ["LeftUpperArm"] = CFrame.new(0.280760, -0.107488, 0.014066, 0.972068, 0.209837, -0.105127, -0.204111, 0.534724, -0.820006, -0.115854, 0.818559, 0.562618),

              ["LeftUpperLeg"] = CFrame.new(0.000000, -0.000000, -0.000100, 0.951026, 0.279297, 0.132452, -0.284459, 0.958449, 0.021422, -0.120966, -0.058036, 0.990958),

              ["LowerTorso"] = CFrame.new(0.000000, -1.453540, 0.422933, 1.000000, -0.000000, -0.000000, 0.000000, 0.228712, 0.973494, 0.000000, -0.973494, 0.228712),

              ["RightFoot"] = CFrame.new(-0.000000, 0.007503, -0.000103, 0.968976, 0.189065, 0.159197, -0.192112, 0.981366, 0.003834, -0.155497, -0.034294, 0.987239),

              ["RightHand"] = CFrame.new(-0.000481, 0.028807, 0.000000, 0.985172, 0.148074, -0.086661, -0.093168, 0.885865, 0.454495, 0.144067, -0.439678, 0.886523),

              ["RightLowerArm"] = CFrame.new(-0.000003, 0.090421, 0.165958, 1.000000, 0.000000, -0.000000, -0.000000, -0.719754, -0.694228, -0.000000, 0.694229, -0.719755),

              ["RightLowerLeg"] = CFrame.new(0.000000, 0.033783, -0.003545, 1.000000, 0.000000, 0.000000, -0.000000, 0.963891, 0.266284, 0.000000, -0.266299, 0.963895),

              ["RightUpperArm"] = CFrame.new(-0.254248, -0.092792, 0.019410, 0.978725, -0.152216, 0.137579, 0.186679, 0.382388, -0.904948, 0.085139, 0.911378, 0.402668),

              ["RightUpperLeg"] = CFrame.new(0.000000, -0.000000, 0.000000, 0.968975, -0.226585, -0.098730, 0.229708, 0.973026, 0.021368, 0.091226, -0.043370, 0.994885),

              ["UpperTorso"] = CFrame.new(-0.000000, -0.062637, 0.024209, 1.000000, -0.000000, 0.000000, -0.000000, 0.975244, 0.221133, -0.000000, -0.221133, 0.975244)

          }},

          {Time = 0.067, Data = {

              ["Head"] = CFrame.new(-0.000000, 0.000000, 0.000000, 0.999900, -0.012772, 0.006058, 0.007102, 0.083305, -0.996499, 0.012222, 0.996442, 0.083387),

              ["LeftFoot"] = CFrame.new(0.000000, 0.007321, -0.000003, 0.953205, -0.231266, -0.194732, 0.239198, 0.970806, 0.017922, 0.184891, -0.063656, 0.980693),

              ["LeftHand"] = CFrame.new(0.000481, 0.028805, -0.000000, 0.972654, -0.200305, 0.117566, 0.176096, 0.966051, 0.189040, -0.151439, -0.163166, 0.974906),

              ["LeftLowerArm"] = CFrame.new(-0.000497, 0.091697, 0.164672, 1.000000, -0.000000, 0.000000, 0.000000, -0.706393, -0.707818, 0.000000, 0.707819, -0.706394),

              ["LeftLowerLeg"] = CFrame.new(-0.000000, 0.034083, -0.003468, 1.000000, -0.000000, -0.000000, 0.000000, 0.963659, 0.267121, 0.000000, -0.267135, 0.963663),

              ["LeftUpperArm"] = CFrame.new(0.280722, -0.109169, -0.006413, 0.971994, 0.209441, -0.106597, -0.201012, 0.505950, -0.838814, -0.121749, 0.836749, 0.533880),

              ["LeftUpperLeg"] = CFrame.new(0.000000, -0.000000, -0.000100, 0.953204, 0.279897, 0.114283, -0.276306, 0.959946, -0.046447, -0.122706, 0.012710, 0.992362),

              ["LowerTorso"] = CFrame.new(0.000000, -1.382302, 0.433525, 1.000000, -0.000000, -0.000000, 0.000000, 0.213255, 0.976997, 0.000000, -0.976997, 0.213255),

              ["RightFoot"] = CFrame.new(0.000000, 0.007989, -0.000103, 0.970294, 0.185064, 0.155829, -0.192770, 0.980593, 0.035753, -0.146179, -0.064724, 0.987137),

              ["RightHand"] = CFrame.new(-0.000481, 0.028729, 0.000000, 0.983319, 0.156978, -0.091883, -0.103385, 0.897972, 0.427739, 0.149652, -0.411101, 0.899220),

              ["RightLowerArm"] = CFrame.new(-0.000003, 0.091463, 0.164989, 1.000000, 0.000000, -0.000000, -0.000000, -0.709691, -0.704512, -0.000000, 0.704513, -0.709692),

              ["RightLowerLeg"] = CFrame.new(0.000000, 0.036403, -0.004166, 1.000000, 0.000000, -0.000000, -0.000000, 0.957598, 0.288095, 0.000000, -0.288109, 0.957602),

              ["RightUpperArm"] = CFrame.new(-0.259452, -0.086360, -0.002317, 0.979779, -0.156238, 0.124994, 0.175244, 0.368621, -0.912912, 0.096556, 0.916356, 0.388547),

              ["RightUpperLeg"] = CFrame.new(0.000000, -0.000000, 0.000000, 0.970294, -0.226713, -0.084449, 0.223404, 0.973597, -0.046878, 0.092848, 0.026634, 0.995325),

              ["UpperTorso"] = CFrame.new(-0.000000, -0.056699, 0.028092, 1.000000, -0.000000, 0.000000, -0.000000, 0.971841, 0.235639, -0.000000, -0.235639, 0.971841)

          }},

          {Time = 0.083, Data = {

              ["Head"] = CFrame.new(-0.000000, -0.000000, -0.000000, 0.999900, -0.012772, 0.006058, 0.006794, 0.058322, -0.998275, 0.012396, 0.998216, 0.058403),

              ["LeftFoot"] = CFrame.new(0.000000, 0.007718, -0.000003, 0.955683, -0.225201, -0.189625, 0.240706, 0.968562, 0.062852, 0.169499, -0.105702, 0.979843),

              ["LeftHand"] = CFrame.new(0.000481, 0.028722, -0.000000, 0.971876, -0.203117, 0.119166, 0.178300, 0.965242, 0.191098, -0.153838, -0.164474, 0.974311),

              ["LeftLowerArm"] = CFrame.new(-0.000497, 0.092875, 0.163517, 1.000000, -0.000000, 0.000000, 0.000000, -0.694370, -0.719617, 0.000000, 0.719618, -0.694372),

              ["LeftLowerLeg"] = CFrame.new(-0.000000, 0.036230, -0.003975, 1.000000, -0.000000, 0.000000, 0.000000, 0.958522, 0.285006, 0.000000, -0.285020, 0.958526),

              ["LeftUpperArm"] = CFrame.new(0.280927, -0.108691, -0.031470, 0.972402, 0.207195, -0.107256, -0.192640, 0.453680, -0.870095, -0.131620, 0.866744, 0.481073),

              ["LeftUpperLeg"] = CFrame.new(0.000000, -0.000000, -0.000100, 0.955683, 0.279033, 0.093871, -0.265536, 0.954681, -0.134426, -0.127127, 0.103557, 0.986467),

              ["LowerTorso"] = CFrame.new(0.000000, -1.292709, 0.448235, 1.000000, -0.000000, -0.000000, 0.000000, 0.185254, 0.982691, 0.000000, -0.982691, 0.185254),

              ["RightFoot"] = CFrame.new(0.000000, 0.008349, -0.000103, 0.971797, 0.180393, 0.151896, -0.194201, 0.977573, 0.081484, -0.133782, -0.108676, 0.985032),

              ["RightHand"] = CFrame.new(-0.000481, 0.028661, -0.000000, 0.980537, 0.169451, -0.099166, -0.113846, 0.902218, 0.415985, 0.159957, -0.396596, 0.903948),

              ["RightLowerArm"] = CFrame.new(-0.000003, 0.092414, 0.164072, 1.000000, 0.000000, -0.000000, -0.000000, -0.700150, -0.713995, -0.000000, 0.713996, -0.700151),

              ["RightLowerLeg"] = CFrame.new(0.000000, 0.038367, -0.004669, 1.000000, 0.000000, -0.000000, -0.000000, 0.952500, 0.304525, -0.000000, -0.304538, 0.952505),

              ["RightUpperArm"] = CFrame.new(-0.265470, -0.077090, -0.028121, 0.981080, -0.158818, 0.110719, 0.158345, 0.329189, -0.930893, 0.111395, 0.930812, 0.348108),

              ["RightUpperLeg"] = CFrame.new(0.000000, -0.000000, -0.000000, 0.971796, -0.225719, -0.068292, 0.215090, 0.967111, -0.135755, 0.096689, 0.117251, 0.988386),

              ["UpperTorso"] = CFrame.new(-0.000000, -0.048617, 0.031435, 1.000000, -0.000000, 0.000000, -0.000000, 0.968415, 0.249345, -0.000000, -0.249345, 0.968415)

          }},

          {Time = 0.100, Data = {

              ["Head"] = CFrame.new(0.000000, 0.000000, 0.000000, 0.999900, -0.012772, 0.006058, 0.006307, 0.019545, -0.999789, 0.012650, 0.999727, 0.019624),

              ["LeftFoot"] = CFrame.new(-0.000000, 0.007636, -0.000003, 0.958391, -0.218363, -0.183867, 0.243573, 0.961426, 0.127809, 0.148857, -0.167264, 0.974607),

              ["LeftHand"] = CFrame.new(0.000481, 0.028630, 0.000000, 0.970462, -0.208116, 0.122028, 0.180990, 0.962490, 0.202132, -0.159516, -0.174073, 0.971726),

              ["LeftLowerArm"] = CFrame.new(-0.000497, 0.094195, 0.162172, 1.000000, -0.000000, 0.000000, 0.000000, -0.680373, -0.732865, 0.000000, 0.732866, -0.680374),

              ["LeftLowerLeg"] = CFrame.new(0.000000, 0.035783, -0.003866, 1.000000, -0.000000, 0.000000, 0.000000, 0.959621, 0.281283, -0.000000, -0.281296, 0.959625),

              ["LeftUpperArm"] = CFrame.new(0.281276, -0.106441, -0.059079, 0.973101, 0.203672, -0.107668, -0.180169, 0.381535, -0.906626, -0.143575, 0.901637, 0.407967),

              ["LeftUpperLeg"] = CFrame.new(-0.000000, -0.000000, -0.000100, 0.958391, 0.275611, 0.074338, -0.252276, 0.939616, -0.231241, -0.133582, 0.202879, 0.970052),

              ["LowerTorso"] = CFrame.new(0.000000, -1.186685, 0.465267, 1.000000, -0.000000, -0.000000, 0.000000, 0.145346, 0.989381, -0.000000, -0.989381, 0.145346),

              ["RightFoot"] = CFrame.new(-0.000000, 0.008246, -0.000103, 0.973444, 0.175119, 0.147455, -0.196664, 0.969380, 0.147070, -0.117178, -0.172150, 0.978074),

              ["RightHand"] = CFrame.new(-0.000481, 0.028584, 0.000000, 0.977018, 0.183986, -0.107636, -0.124374, 0.902144, 0.413123, 0.173110, -0.390238, 0.904292),

              ["RightLowerArm"] = CFrame.new(-0.000003, 0.093516, 0.162972, 1.000000, 0.000000, -0.000000, -0.000000, -0.688704, -0.725042, -0.000000, 0.725043, -0.688705),

              ["RightLowerLeg"] = CFrame.new(-0.000000, 0.037804, -0.004522, 1.000000, 0.000000, -0.000000, -0.000000, 0.953993, 0.299817, 0.000000, -0.299830, 0.953997),

              ["RightUpperArm"] = CFrame.new(-0.271868, -0.065631, -0.055823, 0.982334, -0.160651, 0.095972, 0.137191, 0.269449, -0.953193, 0.127272, 0.949520, 0.286728),

              ["RightUpperLeg"] = CFrame.new(0.000000, -0.000000, -0.000000, 0.973443, -0.222750, -0.052827, 0.204833, 0.950527, -0.233530, 0.102233, 0.216521, 0.970914),

              ["UpperTorso"] = CFrame.new(-0.000000, -0.037955, 0.033794, 1.000000, -0.000000, 0.000000, -0.000000, 0.965627, 0.259933, -0.000000, -0.259933, 0.965627)

          }},

          {Time = 0.117, Data = {

              ["Head"] = CFrame.new(0.000000, 0.000000, 0.000000, 0.999900, -0.012772, 0.006058, 0.005694, -0.028363, -0.999581, 0.012938, 0.999516, -0.028288),

              ["LeftFoot"] = CFrame.new(-0.000000, 0.006635, -0.000003, 0.961273, -0.210820, -0.177515, 0.247443, 0.943816, 0.219071, 0.121350, -0.254493, 0.959425),

              ["LeftHand"] = CFrame.new(0.000481, 0.028513, 0.000000, 0.968898, -0.213504, 0.125109, 0.184113, 0.959764, 0.212030, -0.165343, -0.182399, 0.969222),

              ["LeftLowerArm"] = CFrame.new(-0.000498, 0.095878, 0.160376, 1.000000, -0.000000, 0.000000, 0.000000, -0.661690, -0.749776, 0.000000, 0.749777, -0.661692),

              ["LeftLowerLeg"] = CFrame.new(0.000000, 0.030436, -0.002690, 1.000000, -0.000000, 0.000000, 0.000000, 0.971532, 0.236892, -0.000000, -0.236907, 0.971536),

              ["LeftUpperArm"] = CFrame.new(0.281634, -0.103276, -0.087166, 0.973817, 0.199794, -0.108456, -0.165710, 0.297255, -0.940309, -0.155629, 0.933661, 0.322579),

              ["LeftUpperLeg"] = CFrame.new(0.000000, -0.000000, -0.000100, 0.961273, 0.269148, 0.059281, -0.236595, 0.916225, -0.323337, -0.141341, 0.296801, 0.944425),

              ["LowerTorso"] = CFrame.new(0.000000, -1.065979, 0.482439, 1.000000, -0.000000, -0.000000, 0.000000, 0.094195, 0.995554, -0.000000, -0.995554, 0.094195),

              ["RightFoot"] = CFrame.new(0.000000, 0.007271, -0.000103, 0.975207, 0.169281, 0.142539, -0.199796, 0.950449, 0.238195, -0.095148, -0.260750, 0.960701),

              ["RightHand"] = CFrame.new(-0.000481, 0.028484, -0.000000, 0.973226, 0.198412, -0.116034, -0.134945, 0.901892, 0.410346, 0.186066, -0.383698, 0.904518),

              ["RightLowerArm"] = CFrame.new(-0.000003, 0.094952, 0.161483, 1.000000, 0.000000, -0.000000, -0.000000, -0.673205, -0.739455, -0.000000, 0.739456, -0.673206),

              ["RightLowerLeg"] = CFrame.new(-0.000000, 0.032545, -0.003270, 1.000000, 0.000000, 0.000000, -0.000000, 0.966670, 0.256010, 0.000000, -0.256024, 0.966674),

              ["RightUpperArm"] = CFrame.new(-0.278233, -0.053199, -0.083237, 0.983296, -0.162400, 0.082187, 0.114125, 0.198352, -0.973464, 0.141789, 0.966583, 0.213572),

              ["RightUpperLeg"] = CFrame.new(0.000000, -0.000000, -0.000000, 0.975207, -0.217498, -0.040830, 0.192652, 0.925184, -0.326975, 0.108892, 0.311014, 0.944151),

              ["UpperTorso"] = CFrame.new(-0.000000, -0.024062, 0.034946, 1.000000, 0.000000, 0.000000, -0.000000, 0.964244, 0.265016, -0.000000, -0.265016, 0.964244)

          }},

          {Time = 0.133, Data = {

              ["Head"] = CFrame.new(-0.000000, -0.000000, 0.000000, 0.999900, -0.012772, 0.006058, 0.005010, -0.080572, -0.996736, 0.013218, 0.996667, -0.080500),

              ["LeftFoot"] = CFrame.new(-0.000000, 0.003730, -0.000003, 0.964277, -0.202634, -0.170621, 0.251092, 0.904405, 0.344998, 0.084399, -0.375488, 0.922965),

              ["LeftHand"] = CFrame.new(0.000481, 0.028365, 0.000000, 0.967831, -0.217109, 0.127154, 0.187752, 0.959627, 0.209442, -0.167491, -0.178828, 0.969518),

              ["LeftLowerArm"] = CFrame.new(-0.000498, 0.098002, 0.157968, 1.000000, -0.000000, 0.000000, 0.000000, -0.636645, -0.771156, 0.000000, 0.771157, -0.636647),

              ["LeftLowerLeg"] = CFrame.new(0.000000, 0.016112, -0.000603, 1.000000, -0.000000, 0.000000, 0.000000, 0.992672, 0.120819, -0.000000, -0.120836, 0.992675),

              ["LeftUpperArm"] = CFrame.new(0.281864, -0.100452, -0.113867, 0.974277, 0.196573, -0.110201, -0.152174, 0.213182, -0.965089, -0.166218, 0.957033, 0.237611),

              ["LeftUpperLeg"] = CFrame.new(-0.000000, -0.000000, -0.000100, 0.964277, 0.259449, 0.053444, -0.218590, 0.893309, -0.392698, -0.149628, 0.366996, 0.918114),

              ["LowerTorso"] = CFrame.new(0.000000, -0.932281, 0.497299, 1.000000, -0.000000, -0.000000, 0.000000, 0.032575, 0.999469, -0.000000, -0.999469, 0.032575),

              ["RightFoot"] = CFrame.new(0.000000, 0.004491, -0.000103, 0.977057, 0.162917, 0.137179, -0.202636, 0.909379, 0.363303, -0.065557, -0.382738, 0.921517),

              ["RightHand"] = CFrame.new(-0.000481, 0.028358, 0.000000, 0.969892, 0.210241, -0.122919, -0.145982, 0.905889, 0.397563, 0.194933, -0.367645, 0.909305),

              ["RightLowerArm"] = CFrame.new(-0.000002, 0.096778, 0.159488, 1.000000, 0.000000, -0.000000, -0.000000, -0.652456, -0.757826, -0.000000, 0.757827, -0.652457),

              ["RightLowerLeg"] = CFrame.new(-0.000000, 0.018519, -0.000973, 1.000000, 0.000000, -0.000000, -0.000000, 0.989928, 0.141558, 0.000000, -0.141575, 0.989930),

              ["RightUpperArm"] = CFrame.new(-0.284231, -0.041466, -0.108481, 0.983872, -0.164320, 0.070677, 0.092404, 0.128585, -0.987384, 0.153159, 0.977990, 0.141694),

              ["RightUpperLeg"] = CFrame.new(0.000000, -0.000000, -0.000000, 0.977057, -0.209875, -0.036212, 0.178588, 0.900002, -0.397612, 0.116040, 0.382032, 0.916839),

              ["UpperTorso"] = CFrame.new(-0.000000, -0.006072, 0.034957, 1.000000, 0.000000, 0.000000, -0.000000, 0.965024, 0.262162, -0.000000, -0.262162, 0.965024)

          }},

          {Time = 0.150, Data = {

              ["Head"] = CFrame.new(0.000000, 0.000000, -0.000000, 0.999900, -0.012772, 0.006058, 0.004318, -0.132183, -0.991216, 0.013460, 0.991143, -0.132114),

              ["LeftFoot"] = CFrame.new(0.000000, -0.010969, -0.000003, 0.967346, -0.193887, -0.163254, 0.248933, 0.847962, 0.467998, 0.047694, -0.493324, 0.868520),

              ["LeftHand"] = CFrame.new(0.000481, 0.028187, 0.000000, 0.967793, -0.217255, 0.127194, 0.191838, 0.963597, 0.186225, -0.163020, -0.155824, 0.974239),

              ["LeftLowerArm"] = CFrame.new(-0.000498, 0.100513, 0.154893, 1.000000, -0.000000, 0.000000, 0.000000, -0.604667, -0.796477, 0.000000, 0.796478, -0.604668),

              ["LeftLowerLeg"] = CFrame.new(-0.000000, -0.010530, -0.000039, 1.000000, 0.000000, -0.000000, 0.000000, 1.000000, -0.000007, 0.000000, -0.000010, 1.000000),

              ["LeftUpperArm"] = CFrame.new(0.281875, -0.099104, -0.137770, 0.974300, 0.194654, -0.113356, -0.142227, 0.141372, -0.979686, -0.174675, 0.970631, 0.165424),

              ["LeftUpperLeg"] = CFrame.new(-0.000000, -0.000000, -0.000100, 0.967346, 0.248932, 0.047694, -0.198446, 0.860910, -0.468452, -0.157674, 0.443696, 0.882201),

              ["LowerTorso"] = CFrame.new(0.000000, -0.787332, 0.507238, 1.000000, -0.000000, -0.000000, 0.000000, -0.038557, 0.999256, -0.000000, -0.999256, -0.038557),

              ["RightFoot"] = CFrame.new(-0.000000, -0.008908, -0.000103, 0.978963, 0.156080, 0.131420, -0.201176, 0.845869, 0.494030, -0.034056, -0.510044, 0.859455),

              ["RightHand"] = CFrame.new(-0.000481, 0.028204, 0.000000, 0.967730, 0.217544, -0.127175, -0.157823, 0.916686, 0.367125, 0.196443, -0.335204, 0.921437),

              ["RightLowerArm"] = CFrame.new(-0.000002, 0.098956, 0.156952, 1.000000, 0.000000, -0.000000, -0.000000, -0.626084, -0.779755, -0.000000, 0.779756, -0.626085),

              ["RightLowerLeg"] = CFrame.new(0.000000, -0.008876, -0.000114, 1.000000, 0.000000, -0.000000, 0.000000, 1.000000, -0.000007, 0.000000, -0.000010, 1.000000),

              ["RightUpperArm"] = CFrame.new(-0.289608, -0.032022, -0.130260, 0.984130, -0.166138, 0.062344, 0.075121, 0.071763, -0.994589, 0.160765, 0.983488, 0.083104),

              ["RightUpperLeg"] = CFrame.new(0.000000, -0.000000, -0.000000, 0.978963, -0.201175, -0.034056, 0.162757, 0.870604, -0.464279, 0.123051, 0.448974, 0.885034),

              ["UpperTorso"] = CFrame.new(-0.000000, 0.016123, 0.033713, 1.000000, 0.000000, 0.000000, -0.000000, 0.968527, 0.248908, -0.000000, -0.248908, 0.968527)

          }},

          {Time = 0.167, Data = {

              ["Head"] = CFrame.new(0.000000, 0.000000, -0.000000, 0.999900, -0.012772, 0.006058, 0.003683, -0.178409, -0.983950, 0.013647, 0.983874, -0.178344),

              ["LeftFoot"] = CFrame.new(0.000000, -0.044388, -0.000003, 0.970417, -0.184687, -0.155506, 0.239885, 0.810398, 0.534550, 0.027299, -0.556009, 0.830707),

              ["LeftHand"] = CFrame.new(0.000482, 0.027986, 0.000000, 0.968712, -0.214193, 0.125373, 0.195955, 0.970090, 0.143274, -0.152310, -0.114222, 0.981710),

              ["LeftLowerArm"] = CFrame.new(-0.000498, 0.103314, 0.151120, 1.000000, -0.000000, 0.000000, 0.000000, -0.565439, -0.824790, 0.000000, 0.824790, -0.565440),

              ["LeftLowerLeg"] = CFrame.new(-0.000000, -0.043833, -0.000480, 1.000000, -0.000000, 0.000000, -0.000000, 1.000000, -0.000007, -0.000000, -0.000010, 1.000000),

              ["LeftUpperArm"] = CFrame.new(0.281686, -0.099303, -0.157942, 0.973921, 0.193865, -0.117872, -0.136412, 0.085199, -0.986982, -0.181299, 0.977322, 0.109422),

              ["LeftUpperLeg"] = CFrame.new(0.000000, 0.000000, -0.000100, 0.970418, 0.239884, 0.027298, -0.176470, 0.781919, -0.597876, -0.164766, 0.575376, 0.801124),

              ["LowerTorso"] = CFrame.new(0.000000, -0.633007, 0.509580, 1.000000, -0.000000, -0.000000, 0.000000, -0.118001, 0.993013, -0.000000, -0.993013, -0.118001),

              ["RightFoot"] = CFrame.new(0.000000, -0.042688, -0.000103, 0.980886, 0.148850, 0.125332, -0.193774, 0.805979, 0.559360, -0.017755, -0.572923, 0.819395),

              ["RightHand"] = CFrame.new(-0.000481, 0.028028, 0.000000, 0.966946, 0.220128, -0.128685, -0.169810, 0.932411, 0.319023, 0.190212, -0.286623, 0.938970),

              ["RightLowerArm"] = CFrame.new(-0.000002, 0.101448, 0.153810, 1.000000, 0.000000, -0.000000, -0.000000, -0.593400, -0.804907, -0.000000, 0.804907, -0.593401),

              ["RightLowerLeg"] = CFrame.new(-0.000000, -0.042539, -0.000560, 1.000000, 0.000000, 0.000000, -0.000000, 1.000000, -0.000007, 0.000000, -0.000010, 1.000000),

              ["RightUpperArm"] = CFrame.new(-0.294142, -0.025539, -0.147910, 0.984203, -0.167422, 0.057577, 0.063529, 0.030415, -0.997516, 0.165255, 0.985416, 0.040570),

              ["RightUpperLeg"] = CFrame.new(0.000000, -0.000000, -0.000000, 0.980886, -0.193773, -0.017755, 0.145380, 0.790434, -0.595041, 0.129337, 0.581091, 0.803499),

              ["UpperTorso"] = CFrame.new(-0.000000, 0.039328, 0.028782, 1.000000, 0.000000, 0.000000, -0.000000, 0.974872, 0.222765, -0.000000, -0.222765, 0.974872)

          }},

          {Time = 0.183, Data = {

              ["Head"] = CFrame.new(0.000000, 0.000000, -0.000000, 0.999900, -0.012772, 0.006058, 0.003175, -0.214718, -0.976671, 0.013774, 0.976593, -0.214656),

              ["LeftFoot"] = CFrame.new(0.000000, -0.089019, -0.000003, 0.973427, -0.175176, -0.147498, 0.228789, 0.771581, 0.593594, 0.009825, -0.611536, 0.791133),

              ["LeftHand"] = CFrame.new(0.000482, 0.027762, 0.000000, 0.970391, -0.208464, 0.122002, 0.199047, 0.976297, 0.084996, -0.136828, -0.058195, 0.988884),

              ["LeftLowerArm"] = CFrame.new(-0.000498, 0.106243, 0.146685, 1.000000, -0.000000, 0.000000, 0.000000, -0.519333, -0.854571, 0.000000, 0.854572, -0.519334),

              ["LeftLowerLeg"] = CFrame.new(-0.000000, -0.088311, -0.001070, 1.000000, 0.000000, -0.000000, -0.000000, 1.000000, -0.000007, -0.000000, -0.000010, 1.000000),

              ["LeftUpperArm"] = CFrame.new(0.281312, -0.100924, -0.173453, 0.973174, 0.193892, -0.123848, -0.134875, 0.044694, -0.989854, -0.186389, 0.980004, 0.069646),

              ["LeftUpperLeg"] = CFrame.new(-0.000000, -0.000000, -0.000100, 0.973427, 0.228788, 0.009824, -0.153095, 0.682075, -0.715074, -0.170302, 0.694572, 0.698979),

              ["LowerTorso"] = CFrame.new(0.000000, -0.471399, 0.501681, 1.000000, -0.000000, -0.000000, 0.000000, -0.204270, 0.978914, -0.000000, -0.978914, -0.204270),

              ["RightFoot"] = CFrame.new(0.000000, -0.087697, -0.000103, 0.982783, 0.141335, 0.119004, -0.184722, 0.764974, 0.617032, -0.003828, -0.628362, 0.777888),

              ["RightHand"] = CFrame.new(-0.000482, 0.027831, 0.000000, 0.967503, 0.218294, -0.127618, -0.180397, 0.949540, 0.256579, 0.177186, -0.225217, 0.958061),

              ["RightLowerArm"] = CFrame.new(-0.000002, 0.104159, 0.150047, 1.000000, 0.000000, -0.000000, -0.000000, -0.554292, -0.832322, -0.000000, 0.832322, -0.554293),

              ["RightLowerLeg"] = CFrame.new(0.000000, -0.087394, -0.001155, 1.000000, 0.000000, -0.000000, -0.000000, 1.000000, -0.000007, 0.000000, -0.000010, 1.000000),

              ["RightUpperArm"] = CFrame.new(-0.297575, -0.022336, -0.160887, 0.984151, -0.168021, 0.056703, 0.058180, 0.003874, -0.998299, 0.167515, 0.985776, 0.013587),

              ["RightUpperLeg"] = CFrame.new(0.000000, -0.000000, -0.000000, 0.982784, -0.184721, -0.003827, 0.126788, 0.689331, -0.713262, 0.134393, 0.700500, 0.700887),

              ["UpperTorso"] = CFrame.new(-0.000000, 0.060740, 0.015998, 1.000000, 0.000000, 0.000000, -0.000000, 0.983443, 0.181217, -0.000000, -0.181217, 0.983443)

          }},

          {Time = 0.200, Data = {

              ["Head"] = CFrame.new(-0.000000, -0.000000, -0.000000, 0.999900, -0.012772, 0.006058, 0.002862, -0.236833, -0.971546, 0.013843, 0.971466, -0.236773),

              ["LeftFoot"] = CFrame.new(0.000000, -0.144573, -0.000003, 0.976310, -0.165519, -0.139366, 0.216336, 0.734462, 0.643273, -0.004112, -0.658155, 0.752846),

              ["LeftHand"] = CFrame.new(0.000482, 0.027527, 0.000000, 0.972648, -0.200479, 0.117321, 0.200085, 0.979660, 0.015249, -0.117991, 0.008643, 0.992977),

              ["LeftLowerArm"] = CFrame.new(-0.000498, 0.109077, 0.141757, 1.000000, -0.000000, 0.000000, 0.000000, -0.468073, -0.883689, 0.000000, 0.883690, -0.468074),

              ["LeftLowerLeg"] = CFrame.new(0.000000, -0.143680, -0.001804, 1.000000, -0.000000, -0.000000, 0.000000, 1.000000, -0.000007, 0.000000, -0.000010, 1.000000),

              ["LeftUpperArm"] = CFrame.new(0.280754, -0.103883, -0.183253, 0.972057, 0.194742, -0.131076, -0.137849, 0.021585, -0.990218, -0.190008, 0.980617, 0.047826),

              ["LeftUpperLeg"] = CFrame.new(0.000000, -0.000000, -0.000100, 0.976310, 0.216335, -0.004113, -0.128853, 0.566021, -0.814256, -0.173825, 0.795499, 0.580491),

              ["LowerTorso"] = CFrame.new(0.000000, -0.304864, 0.481018, 1.000000, -0.000000, -0.000000, 0.000000, -0.295579, 0.955318, -0.000000, -0.955318, -0.295579),

              ["RightFoot"] = CFrame.new(-0.000000, -0.143690, -0.000103, 0.984616, 0.133666, 0.112545, -0.174585, 0.725899, 0.665302, 0.007229, -0.674688, 0.738042),

              ["RightHand"] = CFrame.new(-0.000482, 0.027616, 0.000000, 0.969252, 0.212430, -0.124198, -0.187954, 0.964878, 0.183535, 0.158822, -0.154546, 0.975136),

              ["RightLowerArm"] = CFrame.new(-0.000002, 0.106914, 0.145747, 1.000000, 0.000000, -0.000000, -0.000000, -0.509568, -0.860430, -0.000000, 0.860431, -0.509569),

              ["RightLowerLeg"] = CFrame.new(0.000000, -0.143199, -0.001895, 1.000000, 0.000000, 0.000000, -0.000000, 1.000000, -0.000007, -0.000000, -0.000010, 1.000000),

              ["RightUpperArm"] = CFrame.new(-0.299609, -0.022587, -0.168555, 0.983957, -0.168090, 0.059792, 0.059334, -0.007748, -0.998208, 0.168252, 0.985741, 0.002349),

              ["RightUpperLeg"] = CFrame.new(0.000000, -0.000000, -0.000000, 0.984616, -0.174584, 0.007230, 0.107401, 0.572035, -0.813165, 0.137830, 0.801434, 0.581988),

              ["UpperTorso"] = CFrame.new(-0.000000, 0.079456, -0.010021, 1.000000, 0.000000, 0.000000, -0.000000, 0.992561, 0.121748, -0.000000, -0.121748, 0.992561)

          }},

          {Time = 0.217, Data = {

              ["Head"] = CFrame.new(-0.000000, 0.000000, 0.000000, 0.999900, -0.012772, 0.006058, 0.002781, -0.242472, -0.970155, 0.013859, 0.970074, -0.242412),

              ["LeftFoot"] = CFrame.new(0.000000, -0.207266, -0.000004, 0.978908, -0.156285, -0.131590, 0.203823, 0.702934, 0.681451, -0.013998, -0.693872, 0.719936),

              ["LeftHand"] = CFrame.new(0.000482, 0.027298, 0.000000, 0.975263, -0.190781, 0.111646, 0.198193, 0.978358, -0.059458, -0.097885, 0.080115, 0.991968),

              ["LeftLowerArm"] = CFrame.new(-0.000498, 0.111588, 0.136707, 1.000000, -0.000000, 0.000000, 0.000000, -0.415571, -0.909560, 0.000000, 0.909561, -0.415572),

              ["LeftLowerLeg"] = CFrame.new(0.000000, -0.206167, -0.002633, 1.000000, 0.000000, 0.000000, 0.000000, 1.000000, -0.000007, -0.000000, -0.000010, 1.000000),

              ["LeftUpperArm"] = CFrame.new(0.280017, -0.108003, -0.186606, 0.970584, 0.196416, -0.139237, -0.145227, 0.016357, -0.989263, -0.192029, 0.980384, 0.044401),

              ["LeftUpperLeg"] = CFrame.new(-0.000000, -0.000000, -0.000100, 0.978908, 0.203822, -0.014000, -0.105379, 0.445024, -0.889296, -0.175029, 0.872015, 0.457118),

              ["LowerTorso"] = CFrame.new(0.000000, -0.143181, 0.446971, 1.000000, -0.000000, -0.000000, 0.000000, -0.385751, 0.922603, -0.000000, -0.922603, -0.385751),

              ["RightFoot"] = CFrame.new(-0.000000, -0.206800, -0.000103, 0.986277, 0.126298, 0.106341, -0.164418, 0.692763, 0.702198, 0.015014, -0.710020, 0.703996),

              ["RightHand"] = CFrame.new(-0.000482, 0.027403, 0.000000, 0.971867, 0.203325, -0.118885, -0.191257, 0.975856, 0.105481, 0.137460, -0.079775, 0.987289),

              ["RightLowerArm"] = CFrame.new(-0.000002, 0.109453, 0.141236, 1.000000, 0.000000, -0.000000, -0.000000, -0.462650, -0.886541, -0.000000, 0.886541, -0.462651),

              ["RightLowerLeg"] = CFrame.new(-0.000000, -0.206102, -0.002730, 1.000000, 0.000000, 0.000000, 0.000000, 1.000000, -0.000007, 0.000000, -0.000010, 1.000000),

              ["RightUpperArm"] = CFrame.new(-0.300036, -0.026082, -0.170512, 0.983560, -0.168013, 0.066194, 0.066515, -0.003719, -0.997779, 0.167886, 0.985778, 0.007517),

              ["RightUpperLeg"] = CFrame.new(0.000000, -0.000000, -0.000000, 0.986277, -0.164417, 0.015015, 0.088535, 0.449929, -0.888664, 0.139356, 0.877799, 0.458314),

              ["UpperTorso"] = CFrame.new(-0.000000, 0.096502, -0.050461, 1.000000, 0.000000, 0.000000, -0.000000, 0.998888, 0.047143, -0.000000, -0.047143, 0.998888)

          }},

          {Time = 0.233, Data = {

              ["Head"] = CFrame.new(0.000000, 0.000000, -0.000000, 0.999900, -0.012772, 0.006058, 0.002862, -0.236833, -0.971546, 0.013843, 0.971466, -0.236773),

              ["LeftFoot"] = CFrame.new(0.000000, -0.260309, -0.000004, 0.980757, -0.149348, -0.125749, 0.194315, 0.684259, 0.702899, -0.018928, -0.713782, 0.700086),

              ["LeftHand"] = CFrame.new(0.000482, 0.027124, 0.000000, 0.977863, -0.180590, 0.105693, 0.193311, 0.973016, -0.125980, -0.080089, 0.143623, 0.986386),

              ["LeftLowerArm"] = CFrame.new(-0.000499, 0.113318, 0.132711, 1.000000, -0.000000, 0.000000, 0.000000, -0.374039, -0.927412, 0.000000, 0.927413, -0.374040),

              ["LeftLowerLeg"] = CFrame.new(-0.000000, -0.259040, -0.003335, 1.000000, 0.000000, -0.000000, -0.000000, 1.000000, -0.000007, -0.000000, -0.000010, 1.000000),

              ["LeftUpperArm"] = CFrame.new(0.279176, -0.112705, -0.184494, 0.968901, 0.199170, -0.146840, -0.155494, 0.028440, -0.987427, -0.192489, 0.979552, 0.058525),

              ["LeftUpperLeg"] = CFrame.new(0.000000, -0.000000, -0.000100, 0.980757, 0.194314, -0.018930, -0.087978, 0.353311, -0.931359, -0.174289, 0.915103, 0.363610),

              ["LowerTorso"] = CFrame.new(0.000000, -0.024312, 0.407372, 1.000000, -0.000000, -0.000000, 0.000000, -0.453328, 0.891344, -0.000000, -0.891344, -0.453328),

              ["RightFoot"] = CFrame.new(0.000000, -0.260166, -0.000104, 0.987466, 0.120736, 0.101658, -0.156703, 0.673083, 0.722799, 0.018840, -0.729645, 0.683541),

              ["RightHand"] = CFrame.new(-0.000482, 0.027238, 0.000000, 0.974668, 0.193067, -0.112903, -0.190152, 0.981089, 0.036150, 0.117746, -0.013764, 0.992948),

              ["RightLowerArm"] = CFrame.new(-0.000001, 0.111269, 0.137605, 1.000000, 0.000000, -0.000000, -0.000000, -0.424905, -0.905237, -0.000000, 0.905238, -0.424906),

              ["RightLowerLeg"] = CFrame.new(0.000000, -0.259297, -0.003436, 1.000000, 0.000000, -0.000000, -0.000000, 1.000000, -0.000007, 0.000000, -0.000010, 1.000000),

              ["RightUpperArm"] = CFrame.new(-0.299119, -0.031481, -0.167813, 0.982975, -0.168350, 0.073606, 0.077122, 0.014439, -0.996917, 0.166768, 0.985622, 0.027176),

              ["RightUpperLeg"] = CFrame.new(0.000000, 0.000000, 0.000000, 0.987466, -0.156702, 0.018842, 0.074490, 0.357459, -0.930953, 0.139148, 0.920689, 0.364653),

              ["UpperTorso"] = CFrame.new(-0.000000, 0.108223, -0.087489, 1.000000, 0.000000, 0.000000, -0.000000, 0.999827, -0.018623, -0.000000, 0.018623, 0.999827)

          }},

          {Time = 0.250, Data = {

              ["Head"] = CFrame.new(0.000000, 0.000000, 0.000000, 0.999900, -0.012772, 0.006058, 0.003018, -0.225830, -0.974162, 0.013810, 0.974083, -0.225769),

              ["LeftFoot"] = CFrame.new(0.000000, -0.286597, -0.000004, 0.981612, -0.146022, -0.122949, 0.189922, 0.682449, 0.705853, -0.019160, -0.716199, 0.697607),

              ["LeftHand"] = CFrame.new(0.000482, 0.027047, 0.000000, 0.980217, -0.170810, 0.099996, 0.186282, 0.966887, -0.174441, -0.066888, 0.189616, 0.979577),

              ["LeftLowerArm"] = CFrame.new(-0.000499, 0.114023, 0.130920, 1.000000, -0.000000, 0.000000, 0.000000, -0.355436, -0.934700, 0.000000, 0.934701, -0.355437),

              ["LeftLowerLeg"] = CFrame.new(-0.000000, -0.285246, -0.003683, 1.000000, 0.000000, -0.000000, 0.000000, 1.000000, -0.000007, -0.000000, -0.000010, 1.000000),

              ["LeftUpperArm"] = CFrame.new(0.278304, -0.117557, -0.178104, 0.967156, 0.203461, -0.152359, -0.167338, 0.058469, -0.984164, -0.191331, 0.977336, 0.090595),

