return {
    ["A Bar Song"] = {
        {Time = 0.000, Data = {
            ["RightFoot"] = CFrame.new(2.4586915969848633e-07, 0, 4.639878170564771e-08, 0.9939610362052917, -0.07613364607095718, 0.07902679592370987, 0.052454229444265366, 0.9622031450271606, 0.26723363995552063, -0.09638529270887375, -0.2614744007587433, 0.960385799407959),
            ["LeftLowerArm"] = CFrame.new(0.0000013113021850585938, -5.960464477539062e-07, 0.000005058944225311279, 1, 8.940695295223122e-08, -2.6077035641947077e-08, -1.0186340659856796e-07, 0.5223293900489807, -0.8527438640594482, -7.450580596923828e-08, 0.8527438044548035, 0.5223293900489807),
            ["RightUpperArm"] = CFrame.new(-0.026842117309570312, 0.007888317108154297, -0.11042411625385284, 0.9109573364257812, -0.32796910405158997, -0.25018569827079773, 0.34123775362968445, 0.93992018699646, 0.010344778187572956, 0.2317618429660797, -0.09479659795761108, 0.9681426882743835),
            ["Head"] = CFrame.new(-1.3969838619232178e-09, -4.76837158203125e-07, 9.115319699048996e-08, 0.9949527382850647, -0.03926489129662514, 0.09234382957220078, 0.06365494430065155, 0.958369791507721, -0.2783442437648773, -0.07757040113210678, 0.2828172445297241, 0.9560319781303406),
            ["RightHand"] = CFrame.new(2.086162567138672e-07, 0.0000011920928955078125, -5.960464477539062e-07, 0.9908151030540466, -0.013083988800644875, -0.13458864390850067, -0.007297936361283064, 0.98868328332901, -0.14984017610549927, 0.13502629101276398, 0.14944617450237274, 0.9795070290565491),
            ["UpperTorso"] = CFrame.new(2.7939677238464355e-08, 1.7881393432617188e-07, 4.1676685214042664e-08, 0.9980092644691467, 0.05967707186937332, -0.020403485745191574, -0.05466780066490173, 0.9798749685287476, 0.19198104739189148, 0.03144972398877144, -0.19048327207565308, 0.9811865091323853),
            ["HumanoidRootPart"] = CFrame.new(0, 0, 0, 1, 0, 0, 0, 1, 0, 0, 0, 1),
            ["RightUpperLeg"] = CFrame.new(5.960464477539063e-08, 1.4994293451309204e-07, 2.2519088815897703e-08, 0.9853839874267578, -0.1681705266237259, -0.02715032547712326, 0.05425296723842621, 0.46089857816696167, -0.8857929706573486, 0.16147786378860474, 0.8713731169700623, 0.46328574419021606),
            ["LeftUpperArm"] = CFrame.new(0.034151554107666016, 0.012893080711364746, -0.11065123975276947, 0.22286923229694366, 0.613272488117218, -0.7577770352363586, -0.3810580372810364, 0.770287275314331, 0.5113244652748108, 0.8972870707511902, 0.17479842901229858, 0.4053657352924347),
            ["RightLowerArm"] = CFrame.new(5.066394805908203e-07, 4.76837158203125e-07, -0.000003814697265625, 1, -0.00001887977123260498, -0.000004209578492009314, 0.000018924471078207716, 0.9999897480010986, -0.0045350720174610615, 0.000004284082933736499, 0.004535086452960968, 0.9999898076057434),
            ["LeftHand"] = CFrame.new(-0.000001475214958190918, -0.0000010132789611816406, 1.7136335372924805e-07, 0.8815112709999084, 0.016650062054395676, -0.47186893224716187, -0.00812250841408968, 0.9997649192810059, 0.020103201270103455, 0.4720931649208069, -0.013888323679566383, 0.8814395666122437),
            ["LeftFoot"] = CFrame.new(-3.725290298461914e-08, -5.960464477539063e-08, 6.705522537231445e-08, 0.9914016723632812, 0.1150149330496788, -0.062404997646808624, -0.13022291660308838, 0.9139834046363831, -0.38428694009780884, 0.012838448397815228, 0.3891092538833618, 0.9211021661758423),
            ["LowerTorso"] = CFrame.new(-0.04475734382867813, -0.14759111404418945, 0.5401571989059448, 0.9987373948097229, -0.02912202849984169, -0.04093537479639053, 0.03270476683974266, 0.9954257011413574, 0.08976729214191437, 0.03813391551375389, -0.09099273383617401, 0.9951211810112),
            ["RightLowerLeg"] = CFrame.new(5.029141902923584e-08, -0.0007264614105224609, 0.00004618505045073107, 1, 1.322478482279621e-07, 9.3132300094112e-08, -7.078052277620372e-08, 0.0016143090324476361, 0.9999987483024597, 1.7508865823856468e-07, -0.9999987483024597, 0.0016143316170200706),
            ["LeftUpperLeg"] = CFrame.new(2.9802322387695312e-08, 1.1641532182693481e-07, 7.636845111846924e-08, 0.9665966629981995, 0.04699035733938217, 0.25195804238319397, 0.08804390579462051, 0.8623519539833069, -0.49859538674354553, -0.24070575833320618, 0.5041239857673645, 0.8294093012809753),
            ["LeftLowerLeg"] = CFrame.new(-2.60770320892334e-08, -0.0007262825965881348, 0.00008095800876617432, 1, 6.705523247774181e-08, 2.980232594040899e-08, -8.253846317529678e-08, 0.5970240235328674, 0.8022233247756958, 4.842877388000488e-08, -0.8022233843803406, 0.5970242023468018),
        }},
        {Time = 0.033, Data = {
            ["RightFoot"] = CFrame.new(1.5273690223693848e-07, -5.960464477539063e-08, 1.0600342648103833e-07, 0.9963508248329163, -0.06911218166351318, 0.0500873364508152, 0.05012403056025505, 0.948747992515564, 0.3120340406894684, -0.06908559054136276, -0.3083844780921936, 0.9487497806549072),
            ["LeftLowerArm"] = CFrame.new(0.0000011920928955078125, -7.152557373046875e-07, 0.00000486522912979126, 1, 1.1175872316471214e-07, -3.3527619791584584e-08, -8.195638656616211e-08, 0.35119977593421936, -0.9363006949424744, -4.470348358154297e-08, 0.9363006353378296, 0.3511996865272522),
            ["RightUpperArm"] = CFrame.new(-0.02329164743423462, 0.010555505752563477, -0.11403122544288635, 0.9000715017318726, -0.39652320742607117, -0.18066738545894623, 0.4044189751148224, 0.9145424962043762, 0.007575248368084431, 0.16222432255744934, -0.07988350093364716, 0.9835150837898254),
            ["Head"] = CFrame.new(-1.3969838619232178e-09, -0.0000010728836059570312, 5.436595529317856e-08, 0.9949043989181519, -0.059070292860269547, 0.08170724660158157, 0.08138550817966461, 0.9488674998283386, -0.3050030767917633, -0.05951277166604996, 0.31009867787361145, 0.9488398432731628),
            ["RightHand"] = CFrame.new(4.246830940246582e-07, 0.0000011324882507324219, -8.344650268554688e-07, 0.9939732551574707, -0.009739676490426064, -0.1091899573802948, -0.005270054098218679, 0.9906481504440308, -0.1363394409418106, 0.10949689894914627, 0.1360931694507599, 0.9846264719963074),
            ["UpperTorso"] = CFrame.new(-3.725290298461914e-09, -2.384185791015625e-07, 9.42964106798172e-08, 0.9960080981254578, 0.0888916552066803, -0.008131803944706917, -0.08488252758979797, 0.971381425857544, 0.22184041142463684, 0.027618858963251114, -0.22026467323303223, 0.9750490784645081),
            ["HumanoidRootPart"] = CFrame.new(0, 0, 0, 1, 0, 0, 0, 1, 0, 0, 0, 1),
            ["RightUpperLeg"] = CFrame.new(-2.9802322387695312e-08, -2.0489096641540527e-08, 1.673470251262188e-10, 0.989503026008606, -0.14417578279972076, -0.009857425466179848, 0.040195319801568985, 0.34010371565818787, -0.9395284056663513, 0.13880980014801025, 0.9292700886726379, 0.3423290252685547),
            ["LeftUpperArm"] = CFrame.new(0.03770071268081665, 0.015293598175048828, -0.11423714458942413, 0.16030479967594147, 0.6541182994842529, -0.7392101287841797, -0.42187395691871643, 0.7224514484405518, 0.5478013753890991, 0.892370343208313, 0.22403840720653534, 0.39176803827285767),
            ["RightLowerArm"] = CFrame.new(4.76837158203125e-07, 8.940696716308594e-07, -0.0000036954879760742188, 1, -0.000018924476535175927, -0.000004254281520843506, 0.000018909571736003272, 0.9999972581863403, -0.002373725175857544, 0.000004298984549677698, 0.0023737626615911722, 0.9999972581863403),
            ["LeftHand"] = CFrame.new(-0.0000015422701835632324, -0.0000015497207641601562, 9.220093488693237e-08, 0.8417627811431885, -0.08422046154737473, -0.533237099647522, 0.10286211222410202, 0.994681715965271, 0.005275185685604811, 0.5299574136734009, -0.05929020792245865, 0.8459493517875671),
            ["LeftFoot"] = CFrame.new(4.0978193283081055e-08, -1.7881393432617188e-07, 3.725290298461914e-09, 0.992280125617981, 0.1057928204536438, -0.06471618264913559, -0.12401735037565231, 0.8469285368919373, -0.5170415639877319, 0.00011074364010710269, 0.5210758447647095, 0.8535103797912598),
            ["LowerTorso"] = CFrame.new(-0.04865068942308426, -0.21843934059143066, 0.5566600561141968, 0.9981315732002258, -0.04884554073214531, -0.036707207560539246, 0.051627859473228455, 0.9955272078514099, 0.07912173867225647, 0.0326782763004303, -0.08086901903152466, 0.9961889982223511),
            ["RightLowerLeg"] = CFrame.new(-1.30385160446167e-07, -0.0007264018058776855, 0.00004571659519569948, 1, 1.4342370491249312e-07, 1.1920937481590954e-07, -9.685756907629184e-08, -0.1625162810087204, 0.9867058992385864, 1.583248803171955e-07, -0.9867058992385864, -0.16251613199710846),
            ["LeftUpperLeg"] = CFrame.new(0, -2.7567148208618164e-07, -1.0617077350616455e-07, 0.9706301689147949, 0.06587329506874084, 0.23138242959976196, 0.07233783602714539, 0.8373607397079468, -0.5418431758880615, -0.22944360971450806, 0.5426672101020813, 0.8080025911331177),
            ["LeftLowerLeg"] = CFrame.new(-5.029141902923584e-08, -0.0007265210151672363, 0.00008095055818557739, 1, 5.960465188081798e-08, 3.72529100900465e-08, -7.124616985265675e-08, 0.5077133774757385, 0.8615261316299438, 2.607702853651972e-08, -0.8615260720252991, 0.5077133774757385),
        }},
        {Time = 0.067, Data = {
            ["RightFoot"] = CFrame.new(1.4156103134155273e-07, -1.1920928955078125e-07, 6.875052349641919e-08, 0.9991059899330139, -0.03908717259764671, 0.01611250452697277, 0.03023688867688179, 0.9269938468933105, 0.373855859041214, -0.029549185186624527, -0.37303441762924194, 0.9273468255996704),
            ["LeftLowerArm"] = CFrame.new(0.0000014901161193847656, -7.748603820800781e-07, 0.000004664063453674316, 1, 5.5879347371501353e-08, -7.450581307466564e-08, -5.5879347371501353e-08, 0.1925687938928604, -0.9812834858894348, -5.215405707303944e-08, 0.9812834858894348, 0.19256894290447235),
            ["RightUpperArm"] = CFrame.new(-0.020946145057678223, 0.013650298118591309, -0.11942756175994873, 0.8438923954963684, -0.43729546666145325, -0.3108351528644562, 0.43053680658340454, 0.8976649641990662, -0.09399845451116562, 0.3201307952404022, -0.05450119823217392, 0.9458043575286865),
            ["Head"] = CFrame.new(6.984919309616089e-09, -8.344650268554688e-07, -1.3562384992837906e-08, 0.9937250018119812, -0.07935435324907303, 0.07882584631443024, 0.10029646009206772, 0.9441325664520264, -0.313933789730072, -0.049510013312101364, 0.3198696970939636, 0.9461671113967896),
            ["RightHand"] = CFrame.new(3.5762786865234375e-07, 0.0000011920928955078125, -8.344650268554688e-07, 0.9942464232444763, -0.031241945922374725, -0.10245963931083679, 0.020738236606121063, 0.9945659041404724, -0.10202248394489288, 0.10509036481380463, 0.09931069612503052, 0.9894915223121643),
            ["UpperTorso"] = CFrame.new(2.60770320892334e-08, -2.682209014892578e-07, 1.4435499906539917e-08, 0.9936321973800659, 0.11267035454511642, 0.0006842352449893951, -0.10839906334877014, 0.9542717933654785, 0.27859461307525635, 0.030736427754163742, -0.27689483761787415, 0.960408627986908),
            ["HumanoidRootPart"] = CFrame.new(0, 0, 0, 1, 0, 0, 0, 1, 0, 0, 0, 1),
            ["RightUpperLeg"] = CFrame.new(2.9802322387695312e-08, -2.0675361156463623e-07, 4.207686288282275e-08, 0.9936815500259399, -0.11197803169488907, 0.007619887590408325, 0.03789333254098892, 0.27080705761909485, -0.961887538433075, 0.1056467667222023, 0.9560986161231995, 0.2733392119407654),
            ["LeftUpperArm"] = CFrame.new(0.04004061222076416, 0.017222166061401367, -0.11957598477602005, 0.14782245457172394, 0.676364004611969, -0.7215818166732788, -0.4629019796848297, 0.6920645236968994, 0.5538668632507324, 0.8739967346191406, 0.2521476745605469, 0.4153928756713867),
            ["RightLowerArm"] = CFrame.new(2.980232238769531e-07, 7.152557373046875e-07, -0.0000039637088775634766, 1, -0.000018902122974395752, -0.000004284084297978552, 0.000018931925296783447, 0.9999971985816956, -0.0023737105075269938, 0.00000432133674621582, 0.0023737549781799316, 0.9999971985816956),
            ["LeftHand"] = CFrame.new(-0.0000014603137969970703, -8.940696716308594e-07, 6.705522537231445e-08, 0.8571001887321472, -0.1802041381597519, -0.48260268568992615, 0.19849973917007446, 0.9800094366073608, -0.01340180728584528, 0.4753706753253937, -0.08430980890989304, 0.8757368922233582),
            ["LeftFoot"] = CFrame.new(3.5390257835388184e-08, -1.1920928955078125e-07, -3.725290298461914e-09, 0.9918214082717896, 0.1128825917840004, -0.059565044939517975, -0.1269226223230362, 0.8230903744697571, -0.5535458922386169, -0.013458185829222202, 0.5565786361694336, 0.8306858539581299),
            ["LowerTorso"] = CFrame.new(-0.05159272998571396, -0.26083290576934814, 0.5686294436454773, 0.9972632527351379, -0.06573713570833206, -0.03383202850818634, 0.06719997525215149, 0.9967650175094604, 0.04408801719546318, 0.030824359506368637, -0.04624086990952492, 0.9984546303749084),
            ["RightLowerLeg"] = CFrame.new(-1.6763806343078613e-08, -0.0007264018058776855, 0.000046087261580396444, 1, 1.192093321833454e-07, 1.4528639269428822e-07, -5.587936158235607e-08, -0.2662968933582306, 0.9638910889625549, 1.8253925304634322e-07, -0.9638910889625549, -0.26629695296287537),
            ["LeftUpperLeg"] = CFrame.new(5.960464477539063e-08, -2.812594175338745e-07, 0, 0.9726887941360474, 0.08422521501779556, 0.21629288792610168, 0.055821288377046585, 0.8196119070053101, -0.5701932907104492, -0.22530090808868408, 0.566694438457489, 0.7925257086753845),
            ["LeftLowerLeg"] = CFrame.new(7.264316082000732e-08, -0.0007265210151672363, 0.00008109211921691895, 1, 8.195640788244418e-08, 5.587935447692871e-08, -7.823110337312755e-08, 0.41234585642814636, 0.9110275506973267, 7.078052277620372e-08, -0.9110274314880371, 0.4123454988002777),
        }},
        {Time = 0.100, Data = {
            ["RightFoot"] = CFrame.new(1.862645149230957e-07, -1.7881393432617188e-07, -1.2496457202360034e-07, 0.9999502897262573, -0.004641128238290548, -0.008826986886560917, 0.007993437349796295, 0.9022542238235474, 0.4311303496360779, 0.005963265895843506, -0.43117958307266235, 0.9022465944290161),
            ["LeftLowerArm"] = CFrame.new(0.0000012814998626708984, -5.364418029785156e-07, 0.000004582107067108154, 1, 6.33299421792799e-08, -7.078052988163108e-08, -4.470348358154297e-08, 0.10547085106372833, -0.9944224953651428, -4.0978193283081055e-08, 0.994422435760498, 0.10547088831663132),
            ["RightUpperArm"] = CFrame.new(-0.018732309341430664, 0.016220808029174805, -0.12605030834674835, 0.7872457504272461, -0.47229263186454773, -0.3964637517929077, 0.4370126724243164, 0.880922257900238, -0.1816478669643402, 0.4350447952747345, -0.030258119106292725, 0.8999003171920776),
            ["Head"] = CFrame.new(-1.932494342327118e-08, -3.5762786865234375e-07, -1.3969838619232178e-09, 0.9921699166297913, -0.09735583513975143, 0.07823581248521805, 0.11708824336528778, 0.9430484771728516, -0.3113681674003601, -0.04346669092774391, 0.3180905282497406, 0.9470633864402771),
            ["RightHand"] = CFrame.new(3.2782554626464844e-07, 0.0000011920928955078125, -7.897615432739258e-07, 0.9938787221908569, -0.05376317352056503, -0.09651142358779907, 0.04650966078042984, 0.9960305094718933, -0.07589586079120636, 0.10020893067121506, 0.07094261050224304, 0.9924340844154358),
            ["UpperTorso"] = CFrame.new(3.5390257835388184e-08, -5.960464477539063e-08, 1.578591763973236e-07, 0.9916327595710754, 0.12889158725738525, 0.007170442491769791, -0.12364190816879272, 0.9323416948318481, 0.339781790971756, 0.03710971400141716, -0.33782532811164856, 0.9404769539833069),
            ["HumanoidRootPart"] = CFrame.new(0, 0, 0, 1, 0, 0, 0, 1, 0, 0, 0, 1),
            ["RightUpperLeg"] = CFrame.new(8.940696716308594e-08, -3.739260137081146e-07, 1.6757257981225848e-07, 0.9959926009178162, -0.0862044245004654, 0.023826954886317253, 0.04242008924484253, 0.22079141438007355, -0.974398136138916, 0.07873661071062088, 0.9715040326118469, 0.22356323897838593),
            ["LeftUpperArm"] = CFrame.new(0.04226040840148926, 0.02104055881500244, -0.12626463174819946, 0.16003677248954773, 0.676323413848877, -0.7190094590187073, -0.4927211403846741, 0.68589848279953, 0.5355085730552673, 0.8553444743156433, 0.268570214509964, 0.4430079460144043),
            ["RightLowerArm"] = CFrame.new(-8.940696716308594e-08, 5.364418029785156e-07, -0.0000039637088775634766, 1, -0.00001892447289719712, -0.000004291534878575476, 0.000018894672393798828, 0.9999971985816956, -0.0023736956063658, 0.0000042691826820373535, 0.0023737249430269003, 0.9999972581863403),
            ["LeftHand"] = CFrame.new(-0.0000013634562492370605, -0.000001430511474609375, 3.166496753692627e-07, 0.8838996887207031, -0.24562865495681763, -0.3979793190956116, 0.26058194041252136, 0.9653016328811646, -0.017030315473675728, 0.3883536756038666, -0.08865313231945038, 0.917236328125),
            ["LeftFoot"] = CFrame.new(1.1175870895385742e-08, -1.1920928955078125e-07, 1.0058283805847168e-07, 0.9913548827171326, 0.11862215399742126, -0.056075576692819595, -0.12901835143566132, 0.8035334944725037, -0.5811097025871277, -0.02387385070323944, 0.5833204388618469, 0.8118910789489746),
            ["LowerTorso"] = CFrame.new(-0.05327829718589783, -0.2988041639328003, 0.5784176588058472, 0.9966152906417847, -0.07676975429058075, -0.029400136321783066, 0.07686274498701096, 0.9970396757125854, 0.0020444116089493036, 0.029156146571040154, -0.004297267179936171, 0.9995657205581665),
            ["RightLowerLeg"] = CFrame.new(-6.146728992462158e-08, -0.0007262229919433594, 0.000046228822611737996, 1, 1.3783576946480025e-07, 1.1920936060505483e-07, -8.38190601371025e-08, -0.34787002205848694, 0.937542736530304, 1.67638120274205e-07, -0.9375427961349487, -0.3478701412677765),
            ["LeftUpperLeg"] = CFrame.new(-2.9802322387695312e-08, -1.6763806343078613e-07, 4.377216100692749e-08, 0.974037230014801, 0.09562687575817108, 0.20519974827766418, 0.04253295809030533, 0.8129680752754211, -0.5807527303695679, -0.22235633432865143, 0.5744026899337769, 0.7877939343452454),
            ["LeftLowerLeg"] = CFrame.new(3.725290298461914e-08, -0.0007268786430358887, 0.00008098781108856201, 1, 8.195639367158947e-08, 2.9802318834981634e-08, -1.0151414642223244e-07, 0.3334108293056488, 0.9427816867828369, 2.9802318834981634e-08, -0.9427816867828369, 0.33341071009635925),
        }},
        {Time = 0.133, Data = {
            ["RightFoot"] = CFrame.new(1.0617077350616455e-07, -5.960464477539063e-08, 6.129994289949536e-08, 0.9993413686752319, 0.026536958292126656, -0.024752628058195114, -0.011674699373543262, 0.880934476852417, 0.47309428453445435, 0.03435998782515526, -0.4724935293197632, 0.8806641101837158),
            ["LeftLowerArm"] = CFrame.new(0.0000013709068298339844, -4.76837158203125e-07, 0.0000048354268074035645, 1, 7.4505820180093e-08, -8.195640788244418e-08, -6.33299421792799e-08, 0.0982070118188858, -0.9951660633087158, -2.980232594040899e-08, 0.9951660633087158, 0.09820713847875595),
            ["RightUpperArm"] = CFrame.new(-0.016920506954193115, 0.01826000213623047, -0.13066281378269196, 0.7538864016532898, -0.4951065182685852, -0.43188536167144775, 0.434857577085495, 0.8687833547592163, -0.2368846833705902, 0.4924980700016022, -0.009224602952599525, 0.8702647089958191),
            ["Head"] = CFrame.new(7.683411240577698e-09, -4.76837158203125e-07, 2.852175384759903e-08, 0.9908327460289001, -0.11042071878910065, 0.07783260941505432, 0.12955166399478912, 0.9399754405021667, -0.31569400429725647, -0.03830156847834587, 0.3228832483291626, 0.9456635117530823),
            ["RightHand"] = CFrame.new(7.450580596923828e-07, 0.0000013113021850585938, -9.797513484954834e-07, 0.9922444820404053, -0.07680363953113556, -0.09773468971252441, 0.07093311101198196, 0.9955403804779053, -0.06219233199954033, 0.10207560658454895, 0.054777324199676514, 0.9932673573493958),
            ["UpperTorso"] = CFrame.new(-1.4901161193847656e-08, 3.5762786865234375e-07, -1.2968666851520538e-07, 0.9911528825759888, 0.1323508620262146, 0.009962176904082298, -0.12527687847614288, 0.9081005454063416, 0.3995738923549652, 0.04383724555373192, -0.39728671312332153, 0.9166468381881714),
            ["HumanoidRootPart"] = CFrame.new(0, 0, 0, 1, 0, 0, 0, 1, 0, 0, 0, 1),
            ["RightUpperLeg"] = CFrame.new(2.9802322387695312e-08, 1.7695128917694092e-07, -1.4791294233873487e-07, 0.9969968795776367, -0.06420847028493881, 0.04329746589064598, 0.05411069467663765, 0.17760153114795685, -0.9826138019561768, 0.05540240928530693, 0.9820056557655334, 0.1805422008037567),
            ["LeftUpperArm"] = CFrame.new(0.04410064220428467, 0.026981115341186523, -0.131041020154953, 0.17070206999778748, 0.6689261794090271, -0.7234629988670349, -0.5070013403892517, 0.6892103552818298, 0.5176278948783875, 0.8448730111122131, 0.2784366011619568, 0.45679613947868347),
            ["RightLowerArm"] = CFrame.new(2.384185791015625e-07, 5.960464477539062e-07, -0.0000036656856536865234, 1, -0.000018998982341145165, -0.000004243106104695471, 0.0000189170241355896, 0.9999972581863403, -0.0023737179581075907, 0.000004306435585021973, 0.002373777562752366, 0.9999971985816956),
            ["LeftHand"] = CFrame.new(-0.0000012516975402832031, -0.0000010728836059570312, -1.862645149230957e-08, 0.8979811668395996, -0.2566482126712799, -0.3574368953704834, 0.2686809301376343, 0.9630876779556274, -0.01651918888092041, 0.34848302602767944, -0.0812026858329773, 0.9337912201881409),
            ["LeftFoot"] = CFrame.new(2.0489096641540527e-08, -1.7881393432617188e-07, -2.0489096641540527e-08, 0.99092036485672, 0.1237008273601532, -0.05267864838242531, -0.1301727294921875, 0.7846387624740601, -0.6061329245567322, -0.03364548459649086, 0.6074867248535156, 0.7936169505119324),
            ["LowerTorso"] = CFrame.new(-0.05326317250728607, -0.34175121784210205, 0.5877788066864014, 0.9966959953308105, -0.0776028260588646, -0.02397690899670124, 0.07654380053281784, 0.9961680173873901, -0.04231374338269234, 0.027168693020939827, 0.04033864662051201, 0.998816728591919),
            ["RightLowerLeg"] = CFrame.new(5.774199962615967e-08, -0.0007262229919433594, 0.000045994129322934896, 1, 1.192093463942001e-07, 1.5646226358967397e-07, -7.450579886381092e-08, -0.4214280843734741, 0.9068619012832642, 1.853331639267708e-07, -0.9068619012832642, -0.42142802476882935),
            ["LeftUpperLeg"] = CFrame.new(-8.940696716308594e-08, 2.2165477275848389e-07, -1.1641532182693481e-07, 0.9749969244003296, 0.09826476126909256, 0.19931186735630035, 0.038158953189849854, 0.8095598220825195, -0.5857959985733032, -0.2189178764820099, 0.5787546634674072, 0.7855685949325562),
            ["LeftLowerLeg"] = CFrame.new(-6.239861249923706e-08, -0.0007262825965881348, 0.00008087232708930969, 1, 8.940698137394065e-08, 4.470347647611561e-08, -7.078051567077637e-08, 0.2561022639274597, 0.9666497111320496, 2.2351741790771484e-08, -0.9666497707366943, 0.25610223412513733),
        }},
        {Time = 0.167, Data = {
            ["RightFoot"] = CFrame.new(6.705522537231445e-08, -1.1920928955078125e-07, -6.535992724820971e-08, 0.9984652996063232, 0.03942456096410751, -0.03889595344662666, -0.015000822022557259, 0.8685835003852844, 0.4953156113624573, 0.053312018513679504, -0.49397218227386475, 0.8678419589996338),
            ["LeftLowerArm"] = CFrame.new(0.0000014901161193847656, -3.5762786865234375e-07, 0.000004544854164123535, 1, 5.587936158235607e-08, -7.450583439094771e-08, -6.705523247774181e-08, 0.14445644617080688, -0.989511251449585, -3.725290653733282e-08, 0.989511251449585, 0.14445646107196808),
            ["RightUpperArm"] = CFrame.new(-0.016152620315551758, 0.020264744758605957, -0.13032564520835876, 0.7420297861099243, -0.5076961517333984, -0.4377633035182953, 0.4401964843273163, 0.86152184009552, -0.2529959976673126, 0.5055875778198242, -0.004971357062458992, 0.8627609610557556),
            ["Head"] = CFrame.new(1.1874362826347351e-08, -5.960464477539062e-07, -9.057112038135529e-08, 0.9902688264846802, -0.11578203737735748, 0.07721494138240814, 0.1345992088317871, 0.9378131031990051, -0.31998392939567566, -0.03536476194858551, 0.32726308703422546, 0.9442712068557739),
            ["RightHand"] = CFrame.new(1.4901161193847656e-07, 0.0000010728836059570312, -7.37607479095459e-07, 0.9891931414604187, -0.09990312159061432, -0.10731373727321625, 0.09417280554771423, 0.9939106106758118, -0.05721287429332733, 0.1123761385679245, 0.046488549560308456, 0.9925776720046997),
            ["UpperTorso"] = CFrame.new(-3.725290298461914e-09, -2.682209014892578e-07, -3.7834979593753815e-08, 0.9910393357276917, 0.13314275443553925, 0.010681436397135258, -0.12455163151025772, 0.8922755718231201, 0.43397170305252075, 0.04824939742684364, -0.4314132332801819, 0.9008632898330688),
            ["HumanoidRootPart"] = CFrame.new(0, 0, 0, 1, 0, 0, 0, 1, 0, 0, 0, 1),
            ["RightUpperLeg"] = CFrame.new(-5.960464477539063e-08, -4.805624485015869e-07, -1.0077201295644045e-08, 0.9979569315910339, -0.04624584689736366, 0.0440828762948513, 0.05146726593375206, 0.1730702668428421, -0.9835638999938965, 0.03785628080368042, 0.9838231801986694, 0.17509661614894867),
            ["LeftUpperArm"] = CFrame.new(0.044893622398376465, 0.031363487243652344, -0.1307772547006607, 0.16820816695690155, 0.6626058220863342, -0.729835569858551, -0.5012415051460266, 0.6950157880783081, 0.5154703855514526, 0.8488009572029114, 0.2791174352169037, 0.4490327537059784),
            ["RightLowerArm"] = CFrame.new(1.1920928955078125e-07, 7.152557373046875e-07, -0.0000037550926208496094, 1, -0.00001895427703857422, -0.000004265457391738892, 0.000018924476535175927, 0.9999972581863403, -0.0023737549781799316, 0.0000043511395233508665, 0.002373732626438141, 0.9999971985816956),
            ["LeftHand"] = CFrame.new(-0.0000015273690223693848, -0.0000010728836059570312, -1.0244548320770264e-07, 0.9095275402069092, -0.23182103037834167, -0.34499046206474304, 0.23565050959587097, 0.9713295102119446, -0.031433094292879105, 0.3423866927623749, -0.052707940340042114, 0.9380797743797302),
            ["LeftFoot"] = CFrame.new(-5.21540641784668e-08, -1.1920928955078125e-07, 4.0978193283081055e-08, 0.9907042980194092, 0.12586012482643127, -0.0516170971095562, -0.13094410300254822, 0.7795029282569885, -0.6125591993331909, -0.036861103028059006, 0.613624095916748, 0.7887375354766846),
            ["LowerTorso"] = CFrame.new(-0.05241268128156662, -0.35878729820251465, 0.5962283611297607, 0.9967550039291382, -0.07800425589084625, -0.019874149933457375, 0.0762411504983902, 0.9940491318702698, -0.0778057724237442, 0.02582506649196148, 0.07603804767131805, 0.9967705011367798),
            ["RightLowerLeg"] = CFrame.new(-2.2351741790771484e-08, -0.0007265806198120117, 0.00004598109080689028, 1, 1.4528633585086936e-07, 1.7136345320523105e-07, -8.66129994392395e-08, -0.4477987587451935, 0.8941343426704407, 1.6577541828155518e-07, -0.8941344618797302, -0.4477989077568054),
            ["LeftUpperLeg"] = CFrame.new(5.960464477539063e-08, -3.501772880554199e-07, -3.259629011154175e-08, 0.9754025936126709, 0.09942933917045593, 0.19673258066177368, 0.032938361167907715, 0.8167259693145752, -0.5760849714279175, -0.21795636415481567, 0.5683947205543518, 0.793361485004425),
            ["LeftLowerLeg"] = CFrame.new(4.6566128730773926e-09, -0.0007264614105224609, 0.00008097290992736816, 1, 8.940695295223122e-08, 5.2154071283894154e-08, -8.754432201385498e-08, 0.2259366512298584, 0.9741419553756714, 2.9802322387695312e-08, -0.9741420149803162, 0.22593680024147034),
        }},
        {Time = 0.200, Data = {
            ["RightFoot"] = CFrame.new(1.601874828338623e-07, -1.7881393432617188e-07, -7.653579814359546e-08, 0.9991527199745178, 0.02673034556210041, -0.03129459545016289, -0.008455842733383179, 0.8774834871292114, 0.4795320928096771, 0.04027842357754707, -0.47886136174201965, 0.8769661784172058),
            ["LeftLowerArm"] = CFrame.new(0.0000011920928955078125, -6.556510925292969e-07, 0.000005193054676055908, 1, 7.450581307466564e-08, -7.078052277620372e-08, -7.823110337312755e-08, 0.19907118380069733, -0.9799850583076477, -8.195639367158947e-08, 0.9799850583076477, 0.19907115399837494),
            ["RightUpperArm"] = CFrame.new(-0.016287028789520264, 0.020032882690429688, -0.12793122231960297, 0.7621513605117798, -0.4995822608470917, -0.4117561876773834, 0.44335585832595825, 0.8662383556365967, -0.2303619086742401, 0.4717635214328766, -0.006983984261751175, 0.8816972970962524),
            ["Head"] = CFrame.new(7.916241884231567e-09, -9.5367431640625e-07, -9.150244295597076e-08, 0.9911173582077026, -0.11039682477712631, 0.07415470480918884, 0.12824951112270355, 0.9409610629081726, -0.3132801353931427, -0.03519152104854584, 0.32000747323036194, 0.9467611908912659),
            ["RightHand"] = CFrame.new(4.76837158203125e-07, 0.0000010728836059570312, -7.7858567237854e-07, 0.9840503931045532, -0.11927933990955353, -0.1319744735956192, 0.11178769916296005, 0.991744875907898, -0.06281545013189316, 0.13837791979312897, 0.047060467302799225, 0.9892608523368835),
            ["UpperTorso"] = CFrame.new(1.1175870895385742e-08, 2.9802322387695312e-08, -1.0349322110414505e-07, 0.9933684468269348, 0.11492940038442612, 0.003221109975129366, -0.10421453416347504, 0.8882152438163757, 0.4474520683288574, 0.0485643707215786, -0.4448203146457672, 0.8943021297454834),
            ["HumanoidRootPart"] = CFrame.new(0, 0, 0, 1, 0, 0, 0, 1, 0, 0, 0, 1),
            ["RightUpperLeg"] = CFrame.new(0, -1.30385160446167e-07, -6.875052349641919e-08, 0.9989097714424133, -0.03648047149181366, 0.02913001924753189, 0.03622725233435631, 0.2121848165988922, -0.9765579700469971, 0.029444409534335136, 0.976548433303833, 0.21327482163906097),
            ["LeftUpperArm"] = CFrame.new(0.0448230504989624, 0.03552520275115967, -0.12852256000041962, 0.15882186591625214, 0.6605351567268372, -0.7338046431541443, -0.4923965334892273, 0.6972013115882874, 0.5210141539573669, 0.8557577133178711, 0.2785743176937103, 0.43597596883773804),
            ["RightLowerArm"] = CFrame.new(5.364418029785156e-07, 4.76837158203125e-07, -0.000003857538104057312, 1, -0.00001890212115540635, -0.000004291533969080774, 0.000018902119336416945, 0.9999972581863403, -0.002373754745349288, 0.0000042766323531395756, 0.002373732393607497, 0.9999971985816956),
            ["LeftHand"] = CFrame.new(-0.00000130385160446167, -0.0000015497207641601562, 1.4062970876693726e-07, 0.9175034165382385, -0.20074741542339325, -0.3433476984500885, 0.19665534794330597, 0.9793413281440735, -0.047090500593185425, 0.34570828080177307, -0.024315383285284042, 0.9380272030830383),
            ["LeftFoot"] = CFrame.new(1.862645149230957e-09, -1.1920928955078125e-07, -9.872019290924072e-08, 0.9908174276351929, 0.1248202919960022, -0.05196883901953697, -0.13073909282684326, 0.7864875793457031, -0.6036095023155212, -0.03446991369128227, 0.6048613786697388, 0.7955845594406128),
            ["LowerTorso"] = CFrame.new(-0.04987155646085739, -0.35882139205932617, 0.6026582717895508, 0.9978712797164917, -0.06279470026493073, -0.017605941742658615, 0.06075693666934967, 0.9932348728179932, -0.09896072000265121, 0.023701045662164688, 0.09768035262823105, 0.9949356913566589),
            ["RightLowerLeg"] = CFrame.new(-5.122274160385132e-08, -0.0007264614105224609, 0.000046010893129277974, 1, 1.4342370491249312e-07, 1.6018753967728117e-07, -8.47503613954359e-08, -0.42457979917526245, 0.9053904414176941, 1.9231814007980574e-07, -0.9053906202316284, -0.42458006739616394),
            ["LeftUpperLeg"] = CFrame.new(-8.940696716308594e-08, -5.960464477539063e-08, 3.725290298461914e-08, 0.9749599695205688, 0.08688312768936157, 0.20470553636550903, 0.042474642395973206, 0.830818772315979, -0.5549198985099792, -0.2182864099740982, 0.5497193932533264, 0.80632483959198),
            ["LeftLowerLeg"] = CFrame.new(8.381903171539307e-09, -0.0007267594337463379, 0.00008098781108856201, 1, 6.70552182668871e-08, 7.4505820180093e-08, -8.568167686462402e-08, 0.23811250925064087, 0.9712375402450562, 2.9802322387695312e-08, -0.9712375998497009, 0.238112673163414),
        }},
        {Time = 0.233, Data = {
            ["RightFoot"] = CFrame.new(1.3969838619232178e-07, -5.960464477539063e-08, 1.845910446718335e-08, 0.9991631507873535, 0.03553047776222229, -0.020266130566596985, -0.0228183101862669, 0.8953625559806824, 0.44475266337394714, 0.03394782170653343, -0.44391825795173645, 0.8954241275787354),
            ["LeftLowerArm"] = CFrame.new(0.0000012218952178955078, -1.7881393432617188e-07, 0.000005200505256652832, 1, 7.078051567077637e-08, -7.729978079851207e-08, -8.568168397005138e-08, 0.23951181769371033, -0.9708935022354126, -7.450581307466564e-08, 0.9708935022354126, 0.2395119071006775),
            ["RightUpperArm"] = CFrame.new(-0.016141653060913086, 0.015952587127685547, -0.12421546876430511, 0.7828809022903442, -0.48656219244003296, -0.3877561390399933, 0.4430268108844757, 0.8735350966453552, -0.20165233314037323, 0.4368351101875305, -0.013916248455643654, 0.8994340896606445),
            ["Head"] = CFrame.new(-2.3283064365386963e-09, -4.76837158203125e-07, 2.280576154589653e-07, 0.9925671219825745, -0.10021921992301941, 0.06904055923223495, 0.11653401702642441, 0.9462072253227234, -0.301846981048584, -0.03507576882839203, 0.3076491951942444, 0.9508532881736755),
            ["RightHand"] = CFrame.new(5.364418029785156e-07, 9.5367431640625e-07, -8.046627044677734e-07, 0.9783951044082642, -0.1382480263710022, -0.15372155606746674, 0.12906372547149658, 0.9892848134040833, -0.06825071573257446, 0.161510169506073, 0.04693625867366791, 0.9857543110847473),
            ["UpperTorso"] = CFrame.new(5.587935447692871e-09, 8.940696716308594e-08, 3.294553607702255e-08, 0.9966554641723633, 0.08118077367544174, -0.009364385157823563, -0.06858309358358383, 0.8932456970214844, 0.4443066120147705, 0.04443385452032089, -0.4421786963939667, 0.8958258628845215),
            ["HumanoidRootPart"] = CFrame.new(0, 0, 0, 1, 0, 0, 0, 1, 0, 0, 0, 1),
            ["RightUpperLeg"] = CFrame.new(-2.9802322387695312e-08, 1.9185245037078857e-07, 6.675691111013293e-08, 0.9990056753158569, -0.0101944450289011, 0.04340415820479393, 0.04452972486615181, 0.2767280638217926, -0.9599159955978394, -0.002225346164777875, 0.9608942270278931, 0.2769070267677307),
            ["LeftUpperArm"] = CFrame.new(0.0451655387878418, 0.040506958961486816, -0.1251256912946701, 0.15211056172847748, 0.6624525189399719, -0.7334977388381958, -0.4816211760044098, 0.6977407932281494, 0.5302817821502686, 0.8630778193473816, 0.27260684967041016, 0.4251851737499237),
            ["RightLowerArm"] = CFrame.new(5.960464477539063e-08, 4.76837158203125e-07, -0.000003829598426818848, 1, -0.000018917025954579003, -0.000004254281520843506, 0.000018969178199768066, 0.9999972581863403, -0.002373717725276947, 0.000004336237907409668, 0.0023737328592687845, 0.9999971985816956),
            ["LeftHand"] = CFrame.new(-0.0000011920928955078125, -0.0000018477439880371094, 1.1827796697616577e-07, 0.9202688932418823, -0.17987115681171417, -0.34749269485473633, 0.1720888912677765, 0.983632504940033, -0.05340903624892235, 0.35141226649284363, -0.01064891368150711, 0.9361604452133179),
            ["LeftFoot"] = CFrame.new(3.91155481338501e-08, -1.7881393432617188e-07, -3.91155481338501e-08, 0.9912279844284058, 0.12101631611585617, -0.0531243197619915, -0.12890344858169556, 0.7965111136436462, -0.5907236933708191, -0.029173025861382484, 0.5923895239830017, 0.8051232695579529),
            ["LowerTorso"] = CFrame.new(-0.04597746208310127, -0.35368049144744873, 0.6014451384544373, 0.9992677569389343, -0.03425358235836029, -0.017048830166459084, 0.032212767750024796, 0.9936032891273499, -0.10823571681976318, 0.020647231489419937, 0.10760726779699326, 0.9939791560173035),
            ["RightLowerLeg"] = CFrame.new(-8.381903171539307e-09, -0.0007265210151672363, 0.00004603883280651644, 1, 1.3317908553744928e-07, 1.3969848566830478e-07, -7.63684582238966e-08, -0.37184348702430725, 0.9282954931259155, 1.778826259624111e-07, -0.9282954335212708, -0.3718435764312744),
            ["LeftUpperLeg"] = CFrame.new(2.9802322387695312e-08, -2.7939677238464355e-08, 6.891787052154541e-08, 0.9734803438186646, 0.06266868114471436, 0.22001954913139343, 0.06451445072889328, 0.8475102186203003, -0.5268434286117554, -0.21948549151420593, 0.5270664691925049, 0.8209916949272156),
            ["LeftLowerLeg"] = CFrame.new(5.029141902923584e-08, -0.0007266998291015625, 0.00008099526166915894, 1, 1.1175873737556685e-07, 5.21540641784668e-08, -8.195639367158947e-08, 0.270487904548645, 0.9627234935760498, 4.4703490686970326e-08, -0.9627233743667603, 0.2704876959323883),
        }},
        {Time = 0.267, Data = {
            ["RightFoot"] = CFrame.new(2.0524021238088608e-07, 0, 1.0879739420488477e-07, 0.999279260635376, 0.03792233765125275, -0.001736352453008294, -0.034054264426231384, 0.9156903624534607, 0.40043941140174866, 0.016775503754615784, -0.4000915288925171, 0.9163216352462769),
            ["LeftLowerArm"] = CFrame.new(0.0000013113021850585938, -7.748603820800781e-07, 0.000004410743713378906, 1, 9.685754776000977e-08, -6.728806312139568e-08, -8.195637946073475e-08, 0.26760873198509216, -0.9635277390480042, -5.960463766996327e-08, 0.9635276794433594, 0.2676087021827698),
            ["RightUpperArm"] = CFrame.new(-0.015687286853790283, 0.010802268981933594, -0.11953727900981903, 0.8016883134841919, -0.4725249707698822, -0.36608219146728516, 0.4414338171482086, 0.880963146686554, -0.1704118698835373, 0.40302857756614685, -0.024983718991279602, 0.9148462414741516),
            ["Head"] = CFrame.new(-4.656612873077393e-10, -7.152557373046875e-07, 2.153683453798294e-08, 0.9938549995422363, -0.08996070176362991, 0.06449238210916519, 0.10466284304857254, 0.953387975692749, -0.28301456570625305, -0.036026082932949066, 0.28802523016929626, 0.9569448232650757),
            ["RightHand"] = CFrame.new(3.5762786865234375e-07, 0.0000011920928955078125, -7.897615432739258e-07, 0.9729040861129761, -0.1573237031698227, -0.16943074762821198, 0.14688873291015625, 0.98649001121521, -0.07253481447696686, 0.17855329811573029, 0.045681994408369064, 0.9828692674636841),
            ["UpperTorso"] = CFrame.new(1.3969838619232178e-08, -1.7881393432617188e-07, -1.4959368854761124e-08, 0.9983016848564148, 0.054534394294023514, -0.020493414252996445, -0.04052836447954178, 0.9028009176254272, 0.42814481258392334, 0.04185012727975845, -0.42658716440200806, 0.9034778475761414),
            ["HumanoidRootPart"] = CFrame.new(0, 0, 0, 1, 0, 0, 0, 1, 0, 0, 0, 1),
            ["RightUpperLeg"] = CFrame.new(-1.1920928955078125e-07, -3.119930624961853e-07, 4.358298610895872e-09, 0.9981570243835449, 0.00792760495096445, 0.06016545370221138, 0.05352786183357239, 0.3520960509777069, -0.9344319701194763, -0.028591744601726532, 0.9359302520751953, 0.3510230481624603),
            ["LeftUpperArm"] = CFrame.new(0.04586249589920044, 0.04321181774139404, -0.1207873523235321, 0.15361572802066803, 0.6656264662742615, -0.7303038835525513, -0.4675966501235962, 0.7000552415847778, 0.5397001504898071, 0.8704915642738342, 0.25858113169670105, 0.4187840521335602),
            ["RightLowerArm"] = CFrame.new(7.152557373046875e-07, 2.980232238769531e-07, -0.000004082918167114258, 1, -0.00001889467421278823, -0.000004291534878575476, 0.000018917025954579003, 0.9999972581863403, -0.002373799914494157, 0.000004269183136784704, 0.0023737254086881876, 0.9999972581863403),
            ["LeftHand"] = CFrame.new(-0.000001341104507446289, -0.0000011920928955078125, 3.597233444452286e-07, 0.9183807373046875, -0.17323435842990875, -0.3557615876197815, 0.1651153564453125, 0.9848321080207825, -0.05331715568900108, 0.35960227251052856, -0.009776274673640728, 0.9330546259880066),
