return {
    ["¡DICE!"] = {
        {Time = 0.000, Data = {
            ["RightFoot"] = CFrame.new(-1.1175870895385742e-07, 2.980232238769531e-07, 5.3849362302571535e-08, 0.9779282808303833, 0.20287293195724487, -0.04999071732163429, -0.2066902369260788, 0.9042689800262451, -0.37359949946403503, -0.030588094145059586, 0.3756861984729767, 0.9262421131134033),
            ["LeftLowerArm"] = CFrame.new(0, 2.384185791015625e-07, -1.043081283569336e-07, 1, -1.1257361620664597e-07, 9.96515154838562e-08, 8.84756374830431e-08, -0.08241938799619675, -0.9965978264808655, 1.374864808667553e-07, 0.9965977668762207, -0.08241938799619675),
            ["RightUpperArm"] = CFrame.new(-5.960464477539063e-08, -1.1920928955078125e-07, -5.960464477539063e-08, 0.42212942242622375, -0.6033434271812439, -0.6765970587730408, 0.057333022356033325, 0.7626287937164307, -0.6442906856536865, 0.9047207832336426, 0.23318256437778473, 0.35651955008506775),
            ["Head"] = CFrame.new(2.2351741790771484e-08, -2.384185791015625e-07, 1.4901161193847656e-08, 0.9991903305053711, -0.026396967470645905, -0.03036554716527462, 0.03133535757660866, 0.9839338660240173, 0.17576242983341217, 0.025237997993826866, -0.17657147347927094, 0.9839642643928528),
            ["RightHand"] = CFrame.new(-8.940696716308594e-08, 0, 2.7567148208618164e-07, 0.9992737770080566, -0.03461459279060364, 0.01593604125082493, 0.017135746777057648, 0.7816988825798035, 0.6234206557273865, -0.03403664752840996, -0.6226947903633118, 0.7817242741584778),
            ["UpperTorso"] = CFrame.new(9.313225746154785e-09, 5.960464477539063e-08, -3.725290298461914e-08, 0.999491810798645, 5.587936335871291e-09, 0.03187669441103935, 0.004180358722805977, 0.9913637638092041, -0.13107478618621826, -0.03160136938095093, 0.13114143908023834, 0.990859866142273),
            ["HumanoidRootPart"] = CFrame.new(0, 0, 0, 1, 0, 0, 0, 1, 0, 0, 0, 1),
            ["RightUpperLeg"] = CFrame.new(0, -2.60770320892334e-08, -3.149762051180005e-08, 0.983033299446106, -0.13805963099002838, 0.12076905369758606, 0.18321877717971802, 0.770449161529541, -0.6106054782867432, -0.008746352978050709, 0.6223725080490112, 0.7826721668243408),
            ["LeftUpperArm"] = CFrame.new(0, -2.384185791015625e-07, 5.960464477539063e-08, -0.1841917335987091, 0.0009156089508906007, 0.9828898906707764, -0.2583019435405731, 0.9648053646087646, -0.04930400475859642, -0.948342502117157, -0.26296377182006836, -0.17747265100479126),
            ["RightLowerArm"] = CFrame.new(1.1920928955078125e-07, 1.1920928955078125e-07, -5.960464477539063e-08, 1, -6.565824151039124e-08, 1.7229467630386353e-08, 4.190951585769653e-08, 0.7512993216514587, -0.6599615812301636, 1.4901161193847656e-08, 0.6599616408348083, 0.7512993216514587),
            ["LeftHand"] = CFrame.new(-4.470348358154297e-08, 0, 6.351619958877563e-07, 0.9986788034439087, -0.04152696579694748, 0.030270148068666458, 0.0506262332201004, 0.8961334824562073, -0.44088760018348694, -0.008817365393042564, 0.44183751940727234, 0.8970518708229065),
            ["LeftFoot"] = CFrame.new(-6.332993507385254e-08, 0, 2.9802322387695312e-08, 0.9669228792190552, -0.18357166647911072, 0.17709200084209442, 0.25222915410995483, 0.5848261713981628, -0.7709468603134155, 0.0379558689892292, 0.7901138067245483, 0.6117839217185974),
            ["LowerTorso"] = CFrame.new(-0.09168130159378052, -0.3878607749938965, 0.015167411416769028, 0.8015888333320618, -0.11953072994947433, -0.5858052372932434, 0.02127961814403534, 0.9848942756652832, -0.17184484004974365, 0.5974968671798706, 0.12528321146965027, 0.7920237183570862),
            ["RightLowerLeg"] = CFrame.new(-4.470348358154297e-08, 0.000019729137420654297, -0.000021478328562807292, 1, -2.0116564769523393e-07, -2.1606686573250045e-07, 1.0430809993522416e-07, 0.32466748356819153, 0.9458281993865967, -1.1920926112907182e-07, -0.9458281993865967, 0.3246677815914154),
            ["LeftUpperLeg"] = CFrame.new(0, 1.9744038581848145e-07, -5.960464477539063e-08, 0.9781338572502136, 0.2040480524301529, -0.04023326188325882, -0.19481803476810455, 0.9666573405265808, 0.16619080305099487, 0.07280275970697403, -0.15471872687339783, 0.9852724671363831),
            ["LeftLowerLeg"] = CFrame.new(4.470348358154297e-08, -0.000019788742065429688, 0.000021589454263448715, 1, 5.960465188081798e-08, 2.9802318834981634e-08, -5.960463056453591e-08, 0.5896169543266296, 0.8076831698417664, -1.6065310859403326e-08, -0.8076831102371216, 0.5896168351173401),
        }},
        {Time = 0.042, Data = {
            ["RightFoot"] = CFrame.new(-2.9802322387695312e-08, 3.5762786865234375e-07, -1.3205863069742918e-08, 0.9801019430160522, 0.1911303997039795, -0.05356673151254654, -0.19751973450183868, 0.9123823046684265, -0.35853078961372375, -0.019652724266052246, 0.36197763681411743, 0.9319798350334167),
            ["LeftLowerArm"] = CFrame.new(-5.960464477539063e-08, -2.384185791015625e-07, -1.341104507446289e-07, 1, -1.3317915659172286e-07, 6.519259443393821e-08, 8.568167686462402e-08, 0.23178058862686157, -0.9727681875228882, 7.497146725654602e-08, 0.9727681875228882, 0.23178057372570038),
            ["RightUpperArm"] = CFrame.new(-5.960464477539063e-08, -1.1920928955078125e-07, -2.9802322387695312e-08, 0.4522165358066559, -0.44572579860687256, -0.7725470066070557, 0.09107858687639236, 0.8847228288650513, -0.4571327567100525, 0.8872457146644592, 0.13636048138141632, 0.44068241119384766),
            ["Head"] = CFrame.new(-1.9674189388751984e-08, -1.1920928955078125e-07, -2.9802322387695312e-08, 0.9965920448303223, -0.04431641101837158, 0.06957405060529709, 0.03216864541172981, 0.9854474663734436, 0.1669086515903473, -0.07595822960138321, -0.16410163044929504, 0.9835146069526672),
            ["RightHand"] = CFrame.new(8.940696716308594e-08, -5.960464477539063e-08, 1.043081283569336e-07, 0.9990612268447876, 0.017694996669888496, 0.03954160958528519, -0.0298171304166317, 0.9430365562438965, 0.33135026693344116, -0.03142595291137695, -0.3322181701660156, 0.9426788687705994),
            ["UpperTorso"] = CFrame.new(-5.587935447692871e-09, -2.086162567138672e-07, 7.450580596923828e-09, 0.9975928664207458, -1.862645149230957e-08, -0.06934478878974915, -0.00909397192299366, 0.9913637042045593, -0.13082574307918549, 0.06874584406614304, 0.13114139437675476, 0.988977313041687),
            ["HumanoidRootPart"] = CFrame.new(0, 0, 0, 1, 0, 0, 0, 1, 0, 0, 0, 1),
            ["RightUpperLeg"] = CFrame.new(0, -2.8312206268310547e-07, 1.3205863069742918e-08, 0.9850745797157288, -0.13607190549373627, 0.10541624575853348, 0.17183656990528107, 0.8130432367324829, -0.5562670230865479, -0.010015718638896942, 0.566078782081604, 0.8242903351783752),
            ["LeftUpperArm"] = CFrame.new(0, 0, -4.470348358154297e-08, -0.1848921775817871, 0.12877658009529114, 0.9742851853370667, -0.2582903504371643, 0.9501577615737915, -0.17460386455059052, -0.9482094049453735, -0.28393134474754333, -0.14241500198841095),
            ["RightLowerArm"] = CFrame.new(-8.940696716308594e-08, 5.960464477539063e-08, 2.9802322387695312e-08, 1, -5.587935447692871e-08, 5.960465188081798e-08, 8.754432201385498e-08, 0.5061852931976318, -0.8624247908592224, 4.470348358154297e-08, 0.8624247312545776, 0.5061853528022766),
            ["LeftHand"] = CFrame.new(7.450580596923828e-09, 2.384185791015625e-07, 9.499490261077881e-08, 0.998641848564148, -0.05077381804585457, 0.011690126731991768, 0.051035404205322266, 0.998425304889679, -0.023291030898690224, -0.010489149950444698, 0.02385604940354824, 0.9996604323387146),
            ["LeftFoot"] = CFrame.new(6.332993507385254e-08, 5.960464477539063e-08, -5.21540641784668e-08, 0.967207670211792, -0.18284249305725098, 0.17628999054431915, 0.253267765045166, 0.6421021819114685, -0.723574697971344, 0.0191041249781847, 0.7444953918457031, 0.6673540472984314),
            ["LowerTorso"] = CFrame.new(-0.06983073055744171, -0.33742475509643555, 0.00048234660062007606, 0.8017293810844421, -0.11890355497598648, -0.5857405662536621, 0.020472200587391853, 0.9848999381065369, -0.17191046476364136, 0.5973365306854248, 0.12583430111408234, 0.7920573353767395),
            ["RightLowerLeg"] = CFrame.new(2.2351741790771484e-08, 0.00002002716064453125, -0.00002159381256205961, 1, -1.043081283569336e-07, -1.7136345320523105e-07, 1.6391277313232422e-07, 0.40525075793266296, 0.9142053723335266, -7.450580596923828e-08, -0.9142055511474609, 0.405251145362854),
            ["LeftUpperLeg"] = CFrame.new(0, -2.5704503059387207e-07, 2.9802322387695312e-08, 0.9784736633300781, 0.20511780679225922, -0.022718464955687523, -0.19342777132987976, 0.9499008655548096, 0.2455078810453415, 0.0719381645321846, -0.23582851886749268, 0.969128429889679),
            ["LeftLowerLeg"] = CFrame.new(0, -0.000019669532775878906, 0.000021569430828094482, 1, 1.266598843585598e-07, -1.4901162970204496e-08, -5.5879347371501353e-08, 0.7087846994400024, 0.7054248452186584, 2.7939672797572257e-09, -0.7054249048233032, 0.7087847590446472),
        }},
        {Time = 0.083, Data = {
            ["RightFoot"] = CFrame.new(-5.960464477539063e-08, 3.5762786865234375e-07, 5.3849362302571535e-08, 0.9818016886711121, 0.17975647747516632, -0.061261992901563644, -0.18980957567691803, 0.9183884263038635, -0.3471814692020416, -0.006145775318145752, 0.3524917662143707, 0.9357949495315552),
            ["LeftLowerArm"] = CFrame.new(2.9802322387695312e-08, -5.960464477539063e-08, -7.450580596923828e-08, 1, -9.126962652317161e-08, 7.078052988163108e-08, 8.195639367158947e-08, 0.1357567310333252, -0.9907422661781311, 1.4249236812702293e-07, 0.9907422065734863, 0.1357567459344864),
            ["RightUpperArm"] = CFrame.new(-5.960464477539063e-08, -2.384185791015625e-07, -1.7881393432617188e-07, 0.4936266243457794, -0.27215608954429626, -0.8259925842285156, 0.11728611588478088, 0.9619290232658386, -0.24685350060462952, 0.8617289066314697, 0.024976041167974472, 0.5067538619041443),
            ["Head"] = CFrame.new(5.4016709327697754e-08, -7.152557373046875e-07, 4.470348358154297e-08, 0.9980785846710205, -0.05301688611507416, -0.032068103551864624, 0.057166919112205505, 0.9875459671020508, 0.14657782018184662, 0.023897523060441017, -0.14812929928302765, 0.9886792898178101),
            ["RightHand"] = CFrame.new(2.9802322387695312e-08, 0, 2.086162567138672e-07, 0.9962749481201172, 0.0734599232673645, 0.045164793729782104, -0.0714685469865799, 0.9964616894721985, -0.044230349361896515, -0.04825413599610329, 0.04083770513534546, 0.997999906539917),
            ["UpperTorso"] = CFrame.new(-1.3969838619232178e-08, -1.1920928955078125e-07, 5.774199962615967e-08, 0.999491810798645, 6.28642737865448e-09, 0.03187672048807144, 0.004180358722805977, 0.9913637042045593, -0.13107478618621826, -0.031601522117853165, 0.13114140927791595, 0.9908599257469177),
            ["HumanoidRootPart"] = CFrame.new(0, 0, 0, 1, 0, 0, 0, 1, 0, 0, 0, 1),
            ["RightUpperLeg"] = CFrame.new(1.1920928955078125e-07, 8.195638656616211e-08, -1.6596459317952394e-08, 0.982855498790741, -0.1540045291185379, 0.10137927532196045, 0.18386442959308624, 0.8596605062484741, -0.47663164138793945, -0.013748452998697758, 0.48710018396377563, 0.8732380270957947),
            ["LeftUpperArm"] = CFrame.new(0, -3.5762786865234375e-07, 5.960464477539063e-08, -0.18419185280799866, 0.38075798749923706, 0.9061439037322998, -0.2583020329475403, 0.8707613945007324, -0.4183953106403351, -0.9483425617218018, -0.3111238479614258, -0.06203668564558029),
            ["RightLowerArm"] = CFrame.new(-5.960464477539063e-08, 1.1920928955078125e-07, -5.960464477539063e-08, 1, -8.195637946073475e-08, 7.450579886381092e-08, 9.313225746154785e-08, 0.20834855735301971, -0.9780547022819519, 7.82310962677002e-08, 0.9780547022819519, 0.2083485722541809),
            ["LeftHand"] = CFrame.new(1.4901161193847656e-08, 2.384185791015625e-07, 7.450580596923828e-08, 0.9986394643783569, -0.05135444179177284, -0.009055603295564651, 0.05070461705327034, 0.9157133102416992, 0.3986204266548157, -0.012178562581539154, -0.3985372483730316, 0.9170712828636169),
            ["LeftFoot"] = CFrame.new(-5.587935447692871e-08, 0, 1.1920928955078125e-07, 0.9689453840255737, -0.18370531499385834, 0.16552138328552246, 0.24692758917808533, 0.7543116211891174, -0.6083096861839294, -0.013104857876896858, 0.6302906274795532, 0.7762486338615417),
            ["LowerTorso"] = CFrame.new(-0.03806760162115097, -0.2689824104309082, -0.027098894119262695, 0.8057039380073547, -0.10002323240041733, -0.5838121175765991, -0.003760482184588909, 0.9847551584243774, -0.17390568554401398, 0.5923065543174744, 0.14231190085411072, 0.793044924736023),
            ["RightLowerLeg"] = CFrame.new(-1.862645149230957e-08, 0.00002002716064453125, -0.000021508130885194987, 1, -2.011657045386528e-07, 3.7252920748187535e-08, 1.3411042232291948e-07, 0.49715474247932434, 0.8676618933677673, -8.195636524988004e-08, -0.8676620125770569, 0.49715492129325867),
            ["LeftUpperLeg"] = CFrame.new(-1.1920928955078125e-07, 1.30385160446167e-07, 8.940696716308594e-08, 0.9831113219261169, 0.18258874118328094, 0.0123978853225708, -0.17152805626392365, 0.8957025408744812, 0.41023778915405273, 0.06379960477352142, -0.4054359495639801, 0.9118943810462952),
            ["LeftLowerLeg"] = CFrame.new(-1.043081283569336e-07, -0.000019788742065429688, 0.00002148747444152832, 1, 7.450581307466564e-08, -4.470348358154297e-08, -3.352760913344355e-08, 0.9031281471252441, 0.4293711185455322, 7.078050856534901e-08, -0.4293712377548218, 0.9031281471252441),
        }},
        {Time = 0.125, Data = {
            ["RightFoot"] = CFrame.new(3.725290298461914e-08, 1.7881393432617188e-07, 4.639878170564771e-08, 0.9822975397109985, 0.17686444520950317, -0.06172982230782509, -0.18732759356498718, 0.9275639057159424, -0.3233167231082916, 0.00007525086402893066, 0.3291568458080292, 0.9442752599716187),
            ["LeftLowerArm"] = CFrame.new(-5.960464477539063e-08, 5.960464477539063e-08, -2.9802322387695312e-08, 1, -8.381903882082042e-08, 1.2107194891086692e-07, 8.568167686462402e-08, -0.12723411619663239, -0.9918727278709412, 1.4156103134155273e-07, 0.9918727278709412, -0.12723416090011597),
            ["RightUpperArm"] = CFrame.new(-1.1920928955078125e-07, -1.1920928955078125e-07, 1.1920928955078125e-07, 0.53173828125, -0.4191800355911255, -0.7358956336975098, 0.11636478453874588, 0.8968402147293091, -0.4267750382423401, 0.8388764262199402, 0.1413002461194992, 0.5256620645523071),
            ["Head"] = CFrame.new(3.725290298461914e-09, -2.384185791015625e-07, 1.4901161193847656e-07, 0.9905474781990051, -0.041636835783720016, -0.13069847226142883, 0.05716690421104431, 0.9914358854293823, 0.11741757392883301, 0.12469036877155304, -0.12377917766571045, 0.9844445586204529),
            ["RightHand"] = CFrame.new(-1.1920928955078125e-07, 1.1920928955078125e-07, 2.5331974029541016e-07, 0.9996829628944397, 0.02164130099117756, 0.0128730284050107, -0.01751641556620598, 0.9649337530136108, -0.26190871000289917, -0.018089646473526955, 0.26160016655921936, 0.9650068879127502),
            ["UpperTorso"] = CFrame.new(1.1175870895385742e-08, -1.4901161193847656e-07, 0, 0.9911467432975769, 6.28642737865448e-09, 0.13277147710323334, 0.017411820590496063, 0.9913637042045593, -0.12998038530349731, -0.13162487745285034, 0.13114140927791595, 0.9825868606567383),
            ["HumanoidRootPart"] = CFrame.new(0, 0, 0, 1, 0, 0, 0, 1, 0, 0, 0, 1),
            ["RightUpperLeg"] = CFrame.new(1.1920928955078125e-07, -2.980232238769531e-07, -3.149762051180005e-08, 0.9833983778953552, -0.15480147302150726, 0.09467906504869461, 0.1809442639350891, 0.8758382797241211, -0.4473995864391327, -0.013665598817169666, 0.45710375905036926, 0.889308512210846),
            ["LeftUpperArm"] = CFrame.new(0, -1.1920928955078125e-07, 5.960464477539063e-08, -0.18349383771419525, 0.3775583505630493, 0.9076231122016907, -0.25835120677948, 0.8723207712173462, -0.41510385274887085, -0.9484643936157227, -0.31065455079078674, -0.06252273917198181),
            ["RightLowerArm"] = CFrame.new(5.960464477539063e-08, 5.960464477539063e-08, 6.51925802230835e-08, 1, -6.658956408500671e-08, 3.073364851502447e-08, 4.470348358154297e-08, 0.6428108215332031, -0.7660250067710876, 2.421438694000244e-08, 0.7660250067710876, 0.6428107619285583),
            ["LeftHand"] = CFrame.new(-3.725290298461914e-09, -3.5762786865234375e-07, 1.4808028936386108e-07, 0.9986363053321838, -0.0521627813577652, -0.002186046913266182, 0.050895050168037415, 0.9633246660232544, 0.26346805691719055, -0.01163733284920454, -0.263219952583313, 0.9646656513214111),
            ["LeftFoot"] = CFrame.new(-1.4901161193847656e-08, -5.960464477539063e-08, 6.705522537231445e-08, 0.9695405960083008, -0.18078705668449402, 0.1652492731809616, 0.24280624091625214, 0.7980992794036865, -0.5514370799064636, -0.03219253197312355, 0.5747639536857605, 0.817685604095459),
            ["LowerTorso"] = CFrame.new(-0.0382952056825161, -0.24307596683502197, -0.026945708319544792, 0.8057039380073547, -0.10002323240041733, -0.5838121175765991, -0.003760482184588909, 0.9847551584243774, -0.17390568554401398, 0.5923065543174744, 0.14231190085411072, 0.793044924736023),
            ["RightLowerLeg"] = CFrame.new(-2.2351741790771484e-08, 0.00001996755599975586, -0.000021545383788179606, 1, -1.6391281576488836e-07, 2.6077035641947077e-08, 1.0430809993522416e-07, 0.5479127168655396, 0.8365355730056763, -4.470347292340193e-08, -0.8365355730056763, 0.5479127168655396),
            ["LeftUpperLeg"] = CFrame.new(-1.1920928955078125e-07, -3.650784492492676e-07, 8.940696716308594e-08, 0.98365318775177, 0.17848007380962372, 0.023903528228402138, -0.1687130630016327, 0.8670390248298645, 0.4688062071800232, 0.06294699013233185, -0.46517542004585266, 0.8829776048660278),
            ["LeftLowerLeg"] = CFrame.new(-5.960464477539063e-08, -0.000019609928131103516, 0.00002156198024749756, 1, 5.960465188081798e-08, -7.450580596923828e-09, -1.4901159417490817e-08, 0.953667163848877, 0.30086371302604675, -7.4505797087454084e-09, -0.30086371302604675, 0.9536672234535217),
        }},
        {Time = 0.167, Data = {
            ["RightFoot"] = CFrame.new(1.862645149230957e-08, 2.980232238769531e-07, 2.4047039914876223e-08, 0.9824890494346619, 0.17575959861278534, -0.06183798983693123, -0.18629013001918793, 0.9326589107513428, -0.3089389204978943, 0.0033750240691006184, 0.3150492012500763, 0.9490695595741272),
            ["LeftLowerArm"] = CFrame.new(5.960464477539063e-08, -2.384185791015625e-07, -8.195638656616211e-08, 1, -1.005828522693264e-07, 9.685756197086448e-08, 7.823110337312755e-08, -0.08241938054561615, -0.9965977668762207, 1.1269004573932762e-07, 0.9965977668762207, -0.08241937309503555),
            ["RightUpperArm"] = CFrame.new(-5.960464477539063e-08, 1.1920928955078125e-07, -1.4901161193847656e-07, 0.5678309798240662, -0.5663784742355347, -0.5973135232925415, 0.1262013465166092, 0.7769700884819031, -0.6167582273483276, 0.8134133815765381, 0.2748326063156128, 0.5126653909683228),
            ["Head"] = CFrame.new(4.6566128730773926e-08, 0, -4.470348358154297e-08, 0.9980786442756653, -0.054813675582408905, -0.028889572247862816, 0.057166922837495804, 0.9944649934768677, 0.08815525472164154, 0.023897552862763405, -0.08963729441165924, 0.99568772315979),
            ["RightHand"] = CFrame.new(-4.470348358154297e-08, 1.7881393432617188e-07, 1.5366822481155396e-07, 0.998346209526062, -0.05347378924489021, -0.021105468273162842, 0.05699281021952629, 0.8725410103797913, 0.48520520329475403, -0.007530380040407181, -0.48560550808906555, 0.8741456866264343),
            ["UpperTorso"] = CFrame.new(1.862645149230957e-08, -2.9802322387695312e-08, -7.450580596923828e-09, 0.9994918704032898, 6.28642737865448e-09, 0.031876690685749054, 0.004180363845080137, 0.9913637042045593, -0.13107478618621826, -0.03160146251320839, 0.13114140927791595, 0.9908599257469177),
            ["HumanoidRootPart"] = CFrame.new(0, 0, 0, 1, 0, 0, 0, 1, 0, 0, 0, 1),
            ["RightUpperLeg"] = CFrame.new(1.1920928955078125e-07, -7.078051567077637e-08, -9.110226528719068e-08, 0.9836021661758423, -0.1554899513721466, 0.09137651324272156, 0.17984096705913544, 0.8837145566940308, -0.432094544172287, -0.01356456894427538, 0.44144243001937866, 0.8971871733665466),
            ["LeftUpperArm"] = CFrame.new(0, 0, 1.341104507446289e-07, -0.18419203162193298, 0.21583965420722961, 0.958898663520813, -0.2583019435405731, 0.9306697845458984, -0.259101927280426, -0.948342502117157, -0.2954099178314209, -0.11567017436027527),
            ["RightLowerArm"] = CFrame.new(1.1920928955078125e-07, -1.7881393432617188e-07, 2.0116567611694336e-07, 1, -6.33299421792799e-08, 3.2785468562224196e-08, 5.3551048040390015e-08, 0.7468237280845642, -0.665022075176239, 1.3969838619232178e-08, 0.6650221347808838, 0.7468237280845642),
            ["LeftHand"] = CFrame.new(5.960464477539063e-08, 1.1920928955078125e-07, 1.1920928955078125e-07, 0.9986787438392639, -0.041526909917593, 0.030270181596279144, 0.050626229494810104, 0.896133542060852, -0.44088757038116455, -0.008817336522042751, 0.4418375790119171, 0.8970518112182617),
            ["LeftFoot"] = CFrame.new(-1.1175870895385742e-08, 1.1920928955078125e-07, 1.4901161193847656e-08, 0.9698982238769531, -0.17898885905742645, 0.16510768234729767, 0.2393368035554886, 0.8256896138191223, -0.5108374357223511, -0.04489336535334587, 0.5349764823913574, 0.8436733484268188),
            ["LowerTorso"] = CFrame.new(-0.039888449013233185, -0.229772686958313, -0.02587341144680977, 0.8057039380073547, -0.10002323240041733, -0.5838121175765991, -0.003760482184588909, 0.9847551584243774, -0.17390568554401398, 0.5923065543174744, 0.14231190085411072, 0.793044924736023),
            ["RightLowerLeg"] = CFrame.new(3.166496753692627e-08, 0.00002002716064453125, -0.000021537933207582682, 1, -1.6391277313232422e-07, -4.097821459936313e-08, 1.341104365337742e-07, 0.5750288367271423, 0.8181331157684326, 7.4505797087454084e-09, -0.8181332349777222, 0.5750290751457214),
            ["LeftUpperLeg"] = CFrame.new(-5.960464477539063e-08, 9.685754776000977e-08, 0, 0.9839816689491272, 0.17543527483940125, 0.03166426345705986, -0.16697385907173157, 0.8447573781013489, 0.5084335207939148, 0.062448203563690186, -0.5055763125419617, 0.8605189919471741),
            ["LeftLowerLeg"] = CFrame.new(-7.450580596923828e-09, -0.000019609928131103516, 0.000021502375602722168, 1, 8.940698137394065e-08, -8.940696716308594e-08, 7.4505797087454084e-09, 0.9779887199401855, 0.20865805447101593, -3.725289943190546e-08, -0.20865797996520996, 0.9779887199401855),
        }},
        {Time = 0.208, Data = {
            ["RightFoot"] = CFrame.new(-9.313225746154785e-08, 3.5762786865234375e-07, 3.149762051180005e-08, 0.9824228882789612, 0.17622514069080353, -0.061563316732645035, -0.18660950660705566, 0.9354963898658752, -0.3000386357307434, 0.0047179763205349445, 0.3062534034252167, 0.9519385099411011),
            ["LeftLowerArm"] = CFrame.new(-8.940696716308594e-08, -3.5762786865234375e-07, -1.4901161193847656e-08, 1, -7.869676466043529e-08, 6.100164284816856e-08, 9.685754776000977e-08, 0.23178055882453918, -0.9727681279182434, 1.19674950838089e-07, 0.9727681875228882, 0.23178058862686157),
            ["RightUpperArm"] = CFrame.new(0, 1.1920928955078125e-07, 2.9802322387695312e-08, 0.560166597366333, -0.49387460947036743, -0.665057361125946, 0.13594341278076172, 0.846763014793396, -0.5143072009086609, 0.8171492218971252, 0.1976875215768814, 0.5414673686027527),
            ["Head"] = CFrame.new(-3.725290298461914e-08, 2.384185791015625e-07, 5.960464477539063e-08, 0.9953799843788147, -0.06194981932640076, 0.07335437834262848, 0.05716686323285103, 0.9962071776390076, 0.0656004473567009, -0.07714015245437622, -0.061103858053684235, 0.9951461553573608),
            ["RightHand"] = CFrame.new(-1.6391277313232422e-07, 1.1920928955078125e-07, 3.5762786865234375e-07, 0.9975486993789673, -0.06997490674257278, 0.00049453234532848, 0.06229729950428009, 0.8912729024887085, 0.449167937040329, -0.031871248036623, -0.4480360746383667, 0.8934473395347595),
            ["UpperTorso"] = CFrame.new(-3.725290298461914e-09, 8.940696716308594e-08, 3.166496753692627e-08, 0.9975928068161011, -8.614733815193176e-09, -0.0693446695804596, -0.009093953296542168, 0.9913637042045593, -0.1308256983757019, 0.06874574720859528, 0.13114139437675476, 0.9889772534370422),
            ["HumanoidRootPart"] = CFrame.new(0, 0, 0, 1, 0, 0, 0, 1, 0, 0, 0, 1),
            ["RightUpperLeg"] = CFrame.new(1.1920928955078125e-07, 6.332993507385254e-08, -1.6596459317952394e-08, 0.983512282371521, -0.15647079050540924, 0.09066730737686157, 0.18034577369689941, 0.8857355117797852, -0.4277242422103882, -0.013381063006818295, 0.4370236396789551, 0.899350643157959),
            ["LeftUpperArm"] = CFrame.new(0, -1.1920928955078125e-07, 1.4901161193847656e-08, -0.18489214777946472, 0.12877659499645233, 0.9742851257324219, -0.2582903504371643, 0.9501577615737915, -0.17460384964942932, -0.9482094645500183, -0.28393131494522095, -0.14241495728492737),
            ["RightLowerArm"] = CFrame.new(1.1920928955078125e-07, 1.1920928955078125e-07, 1.4901161193847656e-07, 1, -8.195637946073475e-08, 3.5390254282674505e-08, 7.078051567077637e-08, 0.492024302482605, -0.8705814480781555, 3.725290298461914e-08, 0.8705815076828003, 0.4920242428779602),
            ["LeftHand"] = CFrame.new(-9.685754776000977e-08, -5.960464477539063e-08, -4.75090928375721e-07, 0.9986468553543091, -0.05067896842956543, 0.011667129583656788, 0.050939690321683884, 0.9984312057495117, -0.023247966542840004, -0.010470644570887089, 0.023810861632227898, 0.9996616840362549),
            ["LeftFoot"] = CFrame.new(1.4901161193847656e-08, 0, 7.450580596923828e-09, 0.970223069190979, -0.17773757874965668, 0.16454997658729553, 0.23736253380775452, 0.8329793214797974, -0.4998047351837158, -0.048232533037662506, 0.523979902267456, 0.8503637909889221),
            ["LowerTorso"] = CFrame.new(-0.044212955981492996, -0.22487139701843262, -0.022962890565395355, 0.8057039380073547, -0.10002323240041733, -0.5838121175765991, -0.003760482184588909, 0.9847551584243774, -0.17390568554401398, 0.5923065543174744, 0.14231190085411072, 0.793044924736023),
            ["RightLowerLeg"] = CFrame.new(-9.872019290924072e-08, 0.000019848346710205078, -0.000021577048755716532, 1, -1.564621925354004e-07, -3.725291630729544e-09, 1.3411042232291948e-07, 0.5866426229476929, 0.8098458647727966, -3.725289587919178e-08, -0.8098459839820862, 0.5866428017616272),
            ["LeftUpperLeg"] = CFrame.new(-1.1920928955078125e-07, 3.501772880554199e-07, 8.940696716308594e-08, 0.9842234253883362, 0.1738252341747284, 0.033002495765686035, -0.16584452986717224, 0.8413774371147156, 0.5143730640411377, 0.0616430938243866, -0.5117312669754028, 0.856931209564209),
            ["LeftLowerLeg"] = CFrame.new(-2.2351741790771484e-08, -0.000019729137420654297, 0.00002148747444152832, 1, 0, -6.705522537231445e-08, -7.450580596923828e-09, 0.9820345640182495, 0.1887013465166092, -2.2351741790771484e-08, -0.18870136141777039, 0.9820345640182495),
        }},
        {Time = 0.250, Data = {
            ["RightFoot"] = CFrame.new(7.82310962677002e-08, 4.172325134277344e-07, 3.149762051180005e-08, 0.9821293950080872, 0.17809434235095978, -0.060862649232149124, -0.18813568353652954, 0.9379080533981323, -0.2914332449436188, 0.005181044340133667, 0.297675758600235, 0.9546531438827515),
            ["LeftLowerArm"] = CFrame.new(2.9802322387695312e-08, -5.960464477539063e-08, 2.5331974029541016e-07, 1, -9.126962652317161e-08, 7.078052988163108e-08, 8.195639367158947e-08, 0.1357567310333252, -0.9907422661781311, 1.4249236812702293e-07, 0.9907422065734863, 0.1357567459344864),
            ["RightUpperArm"] = CFrame.new(0, -2.384185791015625e-07, -5.960464477539063e-08, 0.5327950119972229, -0.4116860032081604, -0.7393538951873779, 0.14037957787513733, 0.9045806527137756, -0.4025265574455261, 0.8345197439193726, 0.1106739193201065, 0.5397483110427856),
            ["Head"] = CFrame.new(7.82310962677002e-08, -4.76837158203125e-07, -4.470348358154297e-08, 0.9980785846710205, -0.055702339857816696, -0.027136769145727158, 0.057166971266269684, 0.9967606067657471, 0.05657186359167099, 0.02389764040708542, -0.058014363050460815, 0.9980297684669495),
            ["RightHand"] = CFrame.new(-9.685754776000977e-08, -1.7881393432617188e-07, -1.6391277313232422e-07, 0.9996544718742371, 0.0216076597571373, 0.014973491430282593, -0.019022531807422638, 0.9876823425292969, -0.1553117334842682, -0.018144987523555756, 0.15497325360774994, 0.9877520799636841),
            ["UpperTorso"] = CFrame.new(-1.5832483768463135e-08, -8.940696716308594e-08, -2.9802322387695312e-08, 0.999491810798645, 6.28642737865448e-09, 0.03187672048807144, 0.004180358722805977, 0.9913637042045593, -0.13107478618621826, -0.031601522117853165, 0.13114140927791595, 0.9908599257469177),
            ["HumanoidRootPart"] = CFrame.new(0, 0, 0, 1, 0, 0, 0, 1, 0, 0, 0, 1),
            ["RightUpperLeg"] = CFrame.new(5.960464477539063e-08, -2.5704503059387207e-07, -6.129994289949536e-08, 0.9831560254096985, -0.15813514590263367, 0.09163840860128403, 0.1823025643825531, 0.8842554688453674, -0.4299509823322296, -0.013041540049016476, 0.4394148886203766, 0.8981896042823792),
            ["LeftUpperArm"] = CFrame.new(1.1920928955078125e-07, -3.5762786865234375e-07, -2.9802322387695312e-08, -0.18419185280799866, 0.38075798749923706, 0.9061439037322998, -0.2583020329475403, 0.8707613945007324, -0.4183953106403351, -0.9483425617218018, -0.3111238479614258, -0.06203668564558029),
            ["RightLowerArm"] = CFrame.new(0, -4.172325134277344e-07, 1.1920928955078125e-07, 1, -8.195639367158947e-08, 8.009374852235851e-08, 8.940696716308594e-08, 0.18400870263576508, -0.9829246401786804, 5.960464477539063e-08, 0.9829246401786804, 0.18400870263576508),
            ["LeftHand"] = CFrame.new(2.2351741790771484e-08, 1.1920928955078125e-07, -7.450580596923828e-08, 0.9986394643783569, -0.05135444179177284, -0.009055603295564651, 0.05070461705327034, 0.9157133102416992, 0.3986204266548157, -0.012178562581539154, -0.3985372483730316, 0.9170712828636169),
            ["LeftFoot"] = CFrame.new(-1.1920928955078125e-07, 0, 1.4901161193847656e-08, 0.970643162727356, -0.176094651222229, 0.1638372391462326, 0.2363635152578354, 0.8244927525520325, -0.5141441822052002, -0.04454443231225014, 0.537775456905365, 0.8419103622436523),
            ["LowerTorso"] = CFrame.new(-0.05263436958193779, -0.22417128086090088, -0.017295032739639282, 0.8057039380073547, -0.10002323240041733, -0.5838121175765991, -0.003760482184588909, 0.9847551584243774, -0.17390568554401398, 0.5923065543174744, 0.14231190085411072, 0.793044924736023),
            ["RightLowerLeg"] = CFrame.new(4.284083843231201e-08, 0.000019788742065429688, -0.000021424311853479594, 1, -1.2665987014770508e-07, 1.1175873559921001e-08, 7.450579175838357e-08, 0.5917266011238098, 0.8061385750770569, -5.215404996761208e-08, -0.8061386942863464, 0.5917267799377441),
            ["LeftUpperLeg"] = CFrame.new(-5.960464477539063e-08, -2.123415470123291e-07, 4.470348358154297e-08, 0.9845371246337891, 0.1729155033826828, 0.02805304154753685, -0.16435807943344116, 0.8564106225967407, 0.48943570256233215, 0.06060574948787689, -0.486478328704834, 0.8715880513191223),
            ["LeftLowerLeg"] = CFrame.new(3.725290298461914e-08, -0.000019729137420654297, 0.000021591782569885254, 1, 5.960464477539063e-08, -5.215405707303944e-08, 7.450580596923828e-09, 0.9723326563835144, 0.2336006909608841, -7.450580596923828e-08, -0.2336006760597229, 0.9723327159881592),
        }},
        {Time = 0.292, Data = {
            ["RightFoot"] = CFrame.new(2.2351741790771484e-08, 2.980232238769531e-07, 4.639878170564771e-08, 0.9802070260047913, 0.19056442379951477, -0.05366016924381256, -0.1976972073316574, 0.9278267621994019, -0.31631189584732056, -0.010490299202501774, 0.32065996527671814, 0.9471365213394165),
            ["LeftLowerArm"] = CFrame.new(-2.9802322387695312e-08, -1.1920928955078125e-07, 3.725290298461914e-08, 1, -6.332994928470725e-08, 1.2479725342018355e-07, 9.685754776000977e-08, -0.1272341012954712, -0.9918727874755859, 9.033828973770142e-08, 0.9918727874755859, -0.12723416090011597),
            ["RightUpperArm"] = CFrame.new(0, 0, -2.9802322387695312e-08, 0.4657738208770752, -0.509137749671936, -0.7237635254859924, 0.09969837963581085, 0.8428860306739807, -0.5287752747535706, 0.8792695999145508, 0.17413173615932465, 0.4433544874191284),
            ["Head"] = CFrame.new(1.30385160446167e-08, 0, -2.9802322387695312e-08, 0.9911147952079773, -0.02898399904370308, -0.12981310486793518, 0.044255249202251434, 0.9922221899032593, 0.11634784936904907, 0.12543104588985443, -0.1210588738322258, 0.9846887588500977),
            ["RightHand"] = CFrame.new(-8.381903171539307e-08, -1.1920928955078125e-07, -2.980232238769531e-07, 0.9997478723526001, 0.002373812021687627, 0.022331757470965385, 0.0007084981189109385, 0.9905690550804138, -0.13701267540454865, -0.022446375340223312, 0.13699392974376678, 0.9903175830841064),
            ["UpperTorso"] = CFrame.new(0, -1.1920928955078125e-07, 1.4901161193847656e-08, 0.9911466836929321, 1.3038517820973539e-08, 0.13277147710323334, 0.017411816865205765, 0.9913637042045593, -0.12998037040233612, -0.13162483274936676, 0.13114143908023834, 0.9825869202613831),
            ["HumanoidRootPart"] = CFrame.new(0, 0, 0, 1, 0, 0, 0, 1, 0, 0, 0, 1),
            ["RightUpperLeg"] = CFrame.new(-8.940696716308594e-08, -2.5331974029541016e-07, -1.6952981241047382e-09, 0.9830452799797058, -0.14711420238018036, 0.1094503179192543, 0.18313349783420563, 0.8175670504570007, -0.545936107635498, -0.00916812103241682, 0.5567240715026855, 0.8306469321250916),
            ["LeftUpperArm"] = CFrame.new(-1.1920928955078125e-07, 0, -3.725290298461914e-08, -0.18349380791187286, 0.3775583505630493, 0.9076231718063354, -0.25835120677948, 0.8723207116127014, -0.41510385274887085, -0.9484643936157227, -0.31065458059310913, -0.06252279132604599),
            ["RightLowerArm"] = CFrame.new(0, 2.384185791015625e-07, 2.9802322387695312e-08, 1, -8.102507109697399e-08, 4.237518069771795e-08, 7.357449050005016e-08, 0.49599215388298035, -0.8683270812034607, 2.6077035641947077e-08, 0.8683270812034607, 0.49599212408065796),
            ["LeftHand"] = CFrame.new(6.705522537231445e-08, -1.7881393432617188e-07, 1.3224780559539795e-07, 0.9986362457275391, -0.05216280370950699, -0.002186058321967721, 0.0508950874209404, 0.9633246064186096, 0.26346805691719055, -0.01163736917078495, -0.263219952583313, 0.9646656513214111),
            ["LeftFoot"] = CFrame.new(1.862645149230957e-08, 5.960464477539063e-08, 7.450580596923828e-08, 0.9689426422119141, -0.18139544129371643, 0.16806520521640778, 0.24696846306324005, 0.6754487752914429, -0.6948207020759583, 0.012517871335148811, 0.7147480249404907, 0.6992698907852173),
            ["LowerTorso"] = CFrame.new(-0.09348941594362259, -0.31147241592407227, 0.02592250145971775, 0.8037099242210388, -0.10979077219963074, -0.5848045945167542, 0.008758557960391045, 0.9849060773849487, -0.17286843061447144, 0.5949568748474121, 0.1338140219449997, 0.792540431022644),
            ["RightLowerLeg"] = CFrame.new(0, 0.000020265579223632812, -0.000021560284949373454, 1, -7.450581307466564e-08, -1.9371513815258368e-07, 1.3411046495548362e-07, 0.45498961210250854, 0.8904966711997986, -8.940698137394065e-08, -0.8904968500137329, 0.4549899697303772),
            ["LeftUpperLeg"] = CFrame.new(0, -3.725290298461914e-09, 4.470348358154297e-08, 0.9812545776367188, 0.19160519540309906, -0.020662745460867882, -0.18155962228775024, 0.955070972442627, 0.23425523936748505, 0.06461886316537857, -0.22611258924007416, 0.9719555974006653),
            ["LeftLowerLeg"] = CFrame.new(1.043081283569336e-07, -0.000019729137420654297, 0.000021614134311676025, 1, 1.0430815677864302e-07, -5.960463766996327e-08, -2.2351748896198842e-08, 0.731658935546875, 0.6816709041595459, 4.842879164357328e-08, -0.6816710233688354, 0.731658935546875),
        }},
    }
}