return {
    ["A Tear In Space (Airlock)"] = {
        {Time = 0.000, Data = {
            ["RightFoot"] = CFrame.new(-8.940696716308594e-08, 3.5762786865234375e-07, 5.288529791869223e-08, 0.9801223278045654, 0.12132281810045242, 0.1569749414920807, -0.09396599233150482, 0.9807306528091431, -0.17128269374370575, -0.17473061382770538, 0.15312807261943817, 0.9726361632347107),
            ["LeftLowerArm"] = CFrame.new(3.2782554626464844e-07, 1.1920928955078125e-07, 2.086162567138672e-07, 1, -5.96046660916727e-08, 9.872017869838601e-08, 2.663582847617363e-07, -0.06565092504024506, -0.9978427290916443, 1.6391278734317893e-07, 0.9978426694869995, -0.06565093994140625),
            ["RightUpperArm"] = CFrame.new(0.000635981559753418, 0.010767698287963867, 0.0003784745931625366, 0.948573648929596, -0.30585139989852905, 0.0816272646188736, 0.3030095398426056, 0.9519010782241821, 0.04549188166856766, -0.09161466360092163, -0.018418796360492706, 0.9956241846084595),
            ["Head"] = CFrame.new(-2.2351741790771484e-08, -1.1920928955078125e-07, -7.450580596923828e-09, 0.6796445846557617, -0.013263080269098282, -0.7334218621253967, -0.1257200837135315, 0.9829365015029907, -0.13427695631980896, 0.722687840461731, 0.18346652388572693, 0.6663799285888672),
            ["RightHand"] = CFrame.new(-5.960464477539063e-08, 1.7881393432617188e-07, -1.4901161193847656e-08, 0.19277423620224, -0.369175523519516, 0.9091466069221497, 0.9786544442176819, 0.13959357142448425, -0.1508275866508484, -0.07122957706451416, 0.9188161492347717, 0.3882055878639221),
            ["UpperTorso"] = CFrame.new(4.842877388000488e-08, 4.470348358154297e-07, 5.587935447692871e-09, 0.9945670962333679, 0.025250544771552086, 0.10098893195390701, -0.04287870600819588, 0.9833835363388062, 0.17640359699726105, -0.09485659003257751, -0.17977556586265564, 0.979123592376709),
            ["HumanoidRootPart"] = CFrame.new(0, 0, 0, 1, 0, 0, 0, 1, 0, 0, 0, 1),
            ["RightUpperLeg"] = CFrame.new(1.1920928955078125e-07, 2.3469328880310059e-07, -1.223452272824943e-08, 0.9951503276824951, -0.09483374655246735, -0.026124391704797745, 0.057815730571746826, 0.7787685990333557, -0.6246412992477417, 0.0795818492770195, 0.6201016902923584, 0.7804747819900513),
            ["LeftUpperArm"] = CFrame.new(-0.0006984472274780273, -0.011824488639831543, -0.00041559338569641113, 0.22710363566875458, 0.7942619323730469, -0.5635353922843933, -0.8908303380012512, 0.40323856472969055, 0.20933237671852112, 0.3935038447380066, 0.45447400212287903, 0.7991294264793396),
            ["RightLowerArm"] = CFrame.new(-5.960464477539063e-08, 7.152557373046875e-07, 2.384185791015625e-07, 1, -3.65078676622943e-07, 1.2665995541283337e-07, 1.4901159772762185e-07, 0.20780280232429504, -0.9781708121299744, -1.9557771224754106e-07, 0.9781707525253296, 0.20780260860919952),
            ["LeftHand"] = CFrame.new(-2.9802322387695312e-08, 0, 1.8067657947540283e-07, 0.8803672194480896, -0.2855786085128784, 0.37867969274520874, 0.3533443808555603, 0.9275048971176147, -0.12199466675519943, -0.3163880705833435, 0.24120427668094635, 0.9174525141716003),
            ["LeftFoot"] = CFrame.new(5.3551048040390015e-08, -5.960464477539063e-08, 7.971038940013386e-09, 0.9695968627929688, 0.02476436272263527, -0.24345195293426514, -0.16364404559135437, 0.8053056001663208, -0.5698278546333313, 0.18194153904914856, 0.5923424959182739, 0.7848741412162781),
            ["LowerTorso"] = CFrame.new(-0.042510416358709335, -0.3350752592086792, 0.04744303226470947, 0.747158408164978, 0.03524846211075783, 0.6637107133865356, 0.08733494579792023, 0.984727680683136, -0.15061257779598236, -0.6588830947875977, 0.1704965978860855, 0.7326691150665283),
            ["RightLowerLeg"] = CFrame.new(4.470348358154297e-08, -5.960464477539063e-08, -6.597110768780112e-08, 1, -1.415610029198433e-07, -7.82311360580934e-07, 8.12113398751535e-07, 0.016833554953336716, 0.9998583793640137, -1.6391278734317893e-07, -0.9998583197593689, 0.01683375984430313),
            ["LeftUpperLeg"] = CFrame.new(-5.960464477539063e-08, 3.2223761081695557e-07, 4.470348358154297e-08, 0.9399747848510742, 0.26937374472618103, 0.2094879001379013, -0.10774341970682144, 0.8167707920074463, -0.5668126940727234, -0.32378828525543213, 0.5102188587188721, 0.7967673540115356),
            ["LeftLowerLeg"] = CFrame.new(7.450580596923828e-08, -5.960464477539063e-08, 6.027775611983088e-08, 1, -6.891788473240013e-08, -4.693865207627823e-07, 6.09084963798523e-07, 0.21408258378505707, 0.9768156409263611, 4.842877388000488e-08, -0.9768156409263611, 0.2140825241804123),
        }},
        {Time = 0.033, Data = {
            ["RightFoot"] = CFrame.new(-2.2351741790771484e-08, 4.172325134277344e-07, 2.308297553099692e-08, 0.9778206944465637, 0.1409018188714981, 0.15496307611465454, -0.11725714802742004, 0.9813388586044312, -0.15239661931991577, -0.17354407906532288, 0.13084645569324493, 0.9760951995849609),
            ["LeftLowerArm"] = CFrame.new(3.5762786865234375e-07, -2.980232238769531e-07, -1.4901161193847656e-07, 1, -5.2154071283894154e-08, -1.8905836896010442e-07, 4.45172076979361e-07, 0.03070433810353279, -0.9995285272598267, 5.774198541530495e-08, 0.9995285868644714, 0.03070412576198578),
            ["RightUpperArm"] = CFrame.new(0.0008248090744018555, 0.012917280197143555, 0.0005070269107818604, 0.9416206479072571, -0.3352968692779541, -0.030445832759141922, 0.33604785799980164, 0.9304901957511902, 0.14580775797367096, -0.020558910444378853, -0.14752711355686188, 0.9888444542884827),
            ["Head"] = CFrame.new(-9.313225746154785e-09, 0, -7.450580596923828e-09, 0.6208566427230835, -0.014069238677620888, -0.783798098564148, -0.13068130612373352, 0.9839911460876465, -0.12117721140384674, 0.772955060005188, 0.1776614636182785, 0.6090787053108215),
            ["RightHand"] = CFrame.new(1.7881393432617188e-07, 2.384185791015625e-07, 1.862645149230957e-08, 0.20180314779281616, -0.3655184805393219, 0.9086648225784302, 0.9754446744918823, 0.15857447683811188, -0.15284627676010132, -0.08822278678417206, 0.9171971082687378, 0.38854390382766724),
            ["UpperTorso"] = CFrame.new(-7.078051567077637e-08, 8.940696716308594e-08, -5.587935447692871e-09, 0.9928342700004578, 0.030823320150375366, 0.11545629799365997, -0.05053609237074852, 0.983813464641571, 0.17192183434963226, -0.1082887127995491, -0.17652453482151031, 0.978321373462677),
            ["HumanoidRootPart"] = CFrame.new(0, 0, 0, 1, 0, 0, 0, 1, 0, 0, 0, 1),
            ["RightUpperLeg"] = CFrame.new(-5.960464477539063e-08, -2.0209699869155884e-07, -4.203684511594474e-08, 0.9943292140960693, -0.10206514596939087, -0.029870882630348206, 0.06207903474569321, 0.7851247191429138, -0.6162189841270447, 0.08634702861309052, 0.6108698844909668, 0.7870081663131714),
            ["LeftUpperArm"] = CFrame.new(-0.0009534358978271484, -0.014932513236999512, -0.000586196780204773, 0.18204174935817719, 0.7858597636222839, -0.5910038948059082, -0.9281644821166992, 0.3357546925544739, 0.16055960953235626, 0.32460981607437134, 0.5193200707435608, 0.790528416633606),
            ["RightLowerArm"] = CFrame.new(4.172325134277344e-07, 7.152557373046875e-07, -7.644625506630354e-20, 1, 1.4901168299275014e-08, 4.842880230171431e-08, 2.6822092991096724e-07, 0.26640892028808594, -0.9638602137565613, 3.725290653733282e-08, 0.9638602137565613, 0.2664088308811188),
            ["LeftHand"] = CFrame.new(1.955777406692505e-07, -1.1920928955078125e-07, -2.5331974029541016e-07, 0.8770222067832947, -0.33319613337516785, 0.3461390435695648, 0.38678693771362305, 0.9170243740081787, -0.09727685153484344, -0.285005122423172, 0.2191959172487259, 0.9331265091896057),
            ["LeftFoot"] = CFrame.new(-1.3969838619232178e-09, 0, -1.4380702850758098e-08, 0.9725562334060669, 0.02681695483624935, -0.23111772537231445, -0.15518513321876526, 0.8148747682571411, -0.5584772825241089, 0.17335514724254608, 0.5790164470672607, 0.7966728806495667),
            ["LowerTorso"] = CFrame.new(-0.04142644628882408, -0.33201873302459717, 0.04109413921833038, 0.6979130506515503, 0.035276148468256, 0.7153132557868958, 0.09847652167081833, 0.9845724105834961, -0.1446359008550644, -0.7093798518180847, 0.17138484120368958, 0.6836720705032349),
            ["RightLowerLeg"] = CFrame.new(-1.4901161193847656e-08, -5.960464477539063e-08, 1.2495002010837197e-07, 1, -8.195635814445268e-08, -9.9092767413822e-07, 5.43892554105696e-07, 0.023299001157283783, 0.9997285604476929, -2.0116574717121694e-07, -0.9997285604476929, 0.02329949662089348),
            ["LeftUpperLeg"] = CFrame.new(-5.960464477539063e-08, 7.171183824539185e-08, 0, 0.9552522897720337, 0.24735987186431885, 0.16219140589237213, -0.1086900383234024, 0.8035064935684204, -0.5852898359298706, -0.27509912848472595, 0.5414705872535706, 0.7944368720054626),
            ["LeftLowerLeg"] = CFrame.new(5.774199962615967e-08, -5.960464477539063e-08, 1.198824008952215e-07, 1, -6.332996349556197e-08, -3.9208680391311646e-07, 5.196781103222747e-07, 0.20992812514305115, 0.9777168035507202, 2.7939684343891713e-08, -0.9777169227600098, 0.20992830395698547),
        }},
        {Time = 0.067, Data = {
            ["RightFoot"] = CFrame.new(2.9802322387695312e-08, 2.384185791015625e-07, -6.719346856698394e-09, 0.9702243804931641, 0.18875442445278168, 0.151777982711792, -0.16793705523014069, 0.9758041501045227, -0.14001265168190002, -0.1745333969593048, 0.11035474389791489, 0.9784477949142456),
            ["LeftLowerArm"] = CFrame.new(-2.086162567138672e-07, -2.384185791015625e-07, -4.470348358154297e-08, 1, 3.874304184137145e-07, -3.2037470987233974e-07, 8.102505262286286e-07, 0.12964868545532227, -0.9915599822998047, 5.178152946427872e-07, 0.9915600419044495, 0.12964922189712524),
            ["RightUpperArm"] = CFrame.new(0.001226186752319336, 0.01737511157989502, 0.0007215067744255066, 0.9285160303115845, -0.3439199924468994, -0.13991858065128326, 0.3684068024158478, 0.9002698063850403, 0.2319279909133911, 0.04619975760579109, -0.26689600944519043, 0.9626173973083496),
            ["Head"] = CFrame.new(-3.725290298461914e-09, -1.1920928955078125e-07, 1.4901161193847656e-08, 0.5689135193824768, -0.015726154670119286, -0.8222472071647644, -0.13609541952610016, 0.9842314720153809, -0.1129886731505394, 0.8110583424568176, 0.17618492245674133, 0.557802140712738),
            ["RightHand"] = CFrame.new(8.940696716308594e-08, 1.1920928955078125e-07, -1.1920928955078125e-07, 0.24072253704071045, -0.3736811876296997, 0.8957762122154236, 0.9660800695419312, 0.18115383386611938, -0.18404537439346313, -0.09349903464317322, 0.9096954464912415, 0.40461376309394836),
            ["UpperTorso"] = CFrame.new(-2.421438694000244e-08, -5.960464477539063e-08, 9.313225746154785e-09, 0.9923558235168457, 0.03966117277741432, 0.11686313152313232, -0.05901157855987549, 0.984173595905304, 0.16709302365779877, -0.10838642716407776, -0.17271201312541962, 0.9789908528327942),
            ["HumanoidRootPart"] = CFrame.new(0, 0, 0, 1, 0, 0, 0, 1, 0, 0, 0, 1),
            ["RightUpperLeg"] = CFrame.new(-1.1920928955078125e-07, 4.470348358154297e-08, -2.7135683922097087e-08, 0.9934665560722351, -0.11267387121915817, -0.018138425424695015, 0.08145791292190552, 0.8114027380943298, -0.5787830352783203, 0.07993146777153015, 0.5735244154930115, 0.8152799010276794),
            ["LeftUpperArm"] = CFrame.new(-0.0012052059173583984, -0.01707911491394043, -0.0007092133164405823, 0.19714896380901337, 0.7604217529296875, -0.618782103061676, -0.9532774090766907, 0.2960577607154846, 0.06010333448648453, 0.2288987934589386, 0.5780213475227356, 0.7832601070404053),
            ["RightLowerArm"] = CFrame.new(1.7881393432617188e-07, 2.384185791015625e-07, 1.1920928955078125e-07, 1, -7.450584860180243e-08, 1.2665995541283337e-07, 2.980233659855003e-07, 0.34508535265922546, -0.9385713338851929, 5.960467319710006e-08, 0.9385712742805481, 0.3450852930545807),
            ["LeftHand"] = CFrame.new(-3.8743019104003906e-07, 5.960464477539063e-08, 5.960464477539063e-08, 0.8781031370162964, -0.39497318863868713, 0.2700573205947876, 0.420902818441391, 0.9060667753219604, -0.043412089347839355, -0.22754305601119995, 0.1517874151468277, 0.9618650674819946),
            ["LeftFoot"] = CFrame.new(-7.450580596923828e-08, 0, -2.2735093807568774e-09, 0.9802151322364807, 0.025364086031913757, -0.19630327820777893, -0.13194996118545532, 0.822976291179657, -0.552539050579071, 0.14753791689872742, 0.5675092935562134, 0.8100405335426331),
            ["LowerTorso"] = CFrame.new(-0.040150828659534454, -0.3240915536880493, 0.030935918912291527, 0.634984016418457, 0.035542115569114685, 0.7717072367668152, 0.1141594797372818, 0.9836567640304565, -0.13923762738704681, -0.7640438079833984, 0.17651137709617615, 0.6205487847328186),
            ["RightLowerLeg"] = CFrame.new(1.0058283805847168e-07, 1.7881393432617188e-07, 7.931521395221353e-08, 1, 5.960463056453591e-08, -7.674100857002486e-07, 6.705524242534011e-07, 0.049067962914705276, 0.9987955093383789, -4.246832077114959e-07, -0.9987955093383789, 0.04906769469380379),
            ["LeftUpperLeg"] = CFrame.new(5.960464477539063e-08, 5.494803190231323e-08, 5.960464477539063e-08, 0.9622281789779663, 0.2414974570274353, 0.12568198144435883, -0.12044477462768555, 0.7916392683982849, -0.5989992022514343, -0.24415184557437897, 0.5612363815307617, 0.7908250093460083),
            ["LeftLowerLeg"] = CFrame.new(-2.0489096641540527e-08, 1.1920928955078125e-07, -9.24591461171076e-08, 1, -2.0489103746967885e-08, -4.4796615839004517e-07, 4.898756742477417e-07, 0.21066917479038239, 0.9775574207305908, 3.3527612686157227e-08, -0.9775574803352356, 0.21066918969154358),
        }},
        {Time = 0.100, Data = {
            ["RightFoot"] = CFrame.new(-7.450580596923828e-08, 2.384185791015625e-07, -8.122515282593668e-08, 0.9561166763305664, 0.2534947097301483, 0.14690665900707245, -0.23520681262016296, 0.9630731344223022, -0.13102641701698303, -0.1746961772441864, 0.09072351455688477, 0.9804339408874512),
            ["LeftLowerArm"] = CFrame.new(3.2782554626464844e-07, -3.5762786865234375e-07, 1.4901161193847656e-07, 1, 1.322478624388168e-07, -3.278253473126824e-07, 6.183983600749343e-07, 0.28790104389190674, -0.9576601386070251, 1.3411047916633834e-07, 0.9576602578163147, 0.2879013419151306),
            ["RightUpperArm"] = CFrame.new(0.001827836036682129, 0.02378380298614502, 0.0010642260313034058, 0.9126084446907043, -0.3317733407020569, -0.23889780044555664, 0.3939773440361023, 0.8697746396064758, 0.29710936546325684, 0.10921428352594376, -0.3652653396129608, 0.9244748950004578),
            ["Head"] = CFrame.new(-7.450580596923828e-09, -3.5762786865234375e-07, 0, 0.523730993270874, -0.032703835517168045, -0.8512556552886963, -0.14289620518684387, 0.9817317724227905, -0.12563273310661316, 0.8398134708404541, 0.18743887543678284, 0.5094902515411377),
            ["RightHand"] = CFrame.new(-2.384185791015625e-07, -5.960464477539063e-08, 2.9802322387695312e-08, 0.27182498574256897, -0.3849451243877411, 0.8820025324821472, 0.9556139707565308, 0.21619534492492676, -0.20015375316143036, -0.11363621056079865, 0.8972607851028442, 0.4266262650489807),
            ["UpperTorso"] = CFrame.new(2.1420419216156006e-08, -1.1920928955078125e-07, -1.30385160446167e-08, 0.9931926131248474, 0.050147783011198044, 0.10513681173324585, -0.06665267795324326, 0.9848838448524475, 0.1598794013261795, -0.09552992135286331, -0.16579850018024445, 0.9815217852592468),
            ["HumanoidRootPart"] = CFrame.new(0, 0, 0, 1, 0, 0, 0, 1, 0, 0, 0, 1),
            ["RightUpperLeg"] = CFrame.new(1.1920928955078125e-07, 2.4121254682540894e-07, -2.7135683922097087e-08, 0.992206335067749, -0.12460546940565109, 0.0004124566912651062, 0.10720541328191757, 0.8519572615623474, -0.5125192403793335, 0.06351152062416077, 0.5085688829421997, 0.8586757183074951),
            ["LeftUpperArm"] = CFrame.new(-0.0013953447341918945, -0.01815485954284668, -0.000812336802482605, 0.30797484517097473, 0.7088385820388794, -0.6345857977867126, -0.9456163644790649, 0.30146417021751404, -0.12218493968248367, 0.10469546914100647, 0.6377046704292297, 0.7631329298019409),
            ["RightLowerArm"] = CFrame.new(5.960464477539063e-08, 7.152557373046875e-07, -5.960464477539063e-08, 1, -2.533198824039573e-07, 1.6391287260830723e-07, -6.70552680048786e-08, 0.45571523904800415, -0.8901260495185852, -5.960468030252741e-08, 0.8901256322860718, 0.455714613199234),
            ["LeftHand"] = CFrame.new(5.960464477539063e-08, 0, -5.960464477539063e-08, 0.861752986907959, -0.48122209310531616, 0.16064530611038208, 0.4952733814716339, 0.8666042685508728, -0.06084214150905609, -0.10993670672178268, 0.1319938451051712, 0.9851352572441101),
            ["LeftFoot"] = CFrame.new(0, -5.960464477539063e-08, -3.859508979076054e-08, 0.9900618195533752, 0.020626939833164215, -0.13911181688308716, -0.09445798397064209, 0.830378532409668, -0.5491352081298828, 0.1041884571313858, 0.5568179488182068, 0.8240742683410645),
            ["LowerTorso"] = CFrame.new(-0.03858446702361107, -0.31228888034820557, 0.014513468369841576, 0.5547802448272705, 0.03509923443198204, 0.8312562704086304, 0.13066866993904114, 0.9830349683761597, -0.12871623039245605, -0.8216719627380371, 0.18002833425998688, 0.5407820343971252),
            ["RightLowerLeg"] = CFrame.new(6.332993507385254e-08, 1.7881393432617188e-07, 8.117785910144448e-08, 1, -5.960463056453591e-08, -9.238723350790679e-07, 6.705524242534011e-07, 0.09574639052152634, 0.9954057931900024, -3.427267927236244e-07, -0.9954057931900024, 0.09574664384126663),
            ["LeftUpperLeg"] = CFrame.new(5.960464477539063e-08, 1.9278377294540405e-07, 5.960464477539063e-08, 0.9633049964904785, 0.2488415688276291, 0.10060463100671768, -0.13728924095630646, 0.7788797616958618, -0.6119625568389893, -0.23064060509204865, 0.5756945610046387, 0.7844619750976562),
            ["LeftLowerLeg"] = CFrame.new(-3.91155481338501e-08, -1.7881393432617188e-07, 7.517891731367854e-08, 1, -9.12696123123169e-08, -4.740431336358597e-07, 5.252659889265487e-07, 0.2175319790840149, 0.9760531783103943, 2.0395967226249923e-07, -0.9760532379150391, 0.2175319492816925),
        }},
        {Time = 0.133, Data = {
            ["RightFoot"] = CFrame.new(1.4901161193847656e-08, 4.172325134277344e-07, -2.162050805054605e-08, 0.9355517029762268, 0.327837198972702, 0.13140004873275757, -0.32043787837028503, 0.9443290829658508, -0.07457908987998962, -0.1485346108675003, 0.02766735665500164, 0.9885202050209045),
            ["LeftLowerArm"] = CFrame.new(-6.854534149169922e-07, 1.1920928955078125e-07, -1.7881393432617188e-07, 1, -1.415610881849716e-07, 2.0861612881617475e-07, -1.4901159417490817e-08, 0.4500880837440491, -0.8929842114448547, 1.7136333951839333e-07, 0.89298415184021, 0.4500880241394043),
            ["RightUpperArm"] = CFrame.new(0.003174304962158203, 0.03530120849609375, 0.0015859231352806091, 0.9046957492828369, -0.32557815313339233, -0.27481749653816223, 0.40748047828674316, 0.8495842814445496, 0.3349120020866394, 0.12444040179252625, -0.4149765074253082, 0.901282012462616),
            ["Head"] = CFrame.new(-7.450580596923828e-09, 1.1920928955078125e-07, 7.450580596923828e-09, 0.5226127505302429, -0.0446670800447464, -0.851399302482605, -0.15622830390930176, 0.9767001271247864, -0.14713789522647858, 0.8381339907646179, 0.20990879833698273, 0.5034577250480652),
            ["RightHand"] = CFrame.new(2.086162567138672e-07, 0, 1.4901161193847656e-07, 0.29090699553489685, -0.45631712675094604, 0.8409210443496704, 0.947039008140564, 0.26225748658180237, -0.18530583381652832, -0.13597916066646576, 0.8502916693687439, 0.5084424018859863),
            ["UpperTorso"] = CFrame.new(3.259629011154175e-08, 4.470348358154297e-07, -1.30385160446167e-08, 0.9950047731399536, 0.068465955555439, 0.07265006750822067, -0.0787624940276146, 0.9855549335479736, 0.1499263495206833, -0.06133556738495827, -0.1548994928598404, 0.9860243797302246),
            ["HumanoidRootPart"] = CFrame.new(0, 0, 0, 1, 0, 0, 0, 1, 0, 0, 0, 1),
            ["RightUpperLeg"] = CFrame.new(0, 4.949979484081268e-07, -1.223452272824943e-08, 0.994911253452301, -0.0845576673746109, 0.05478757619857788, 0.10003282129764557, 0.8939900398254395, -0.4367782473564148, -0.012046441435813904, 0.44003617763519287, 0.897899329662323),
            ["LeftUpperArm"] = CFrame.new(-0.001832127571105957, -0.020373821258544922, -0.0009153559803962708, 0.4460325241088867, 0.6688534021377563, -0.5947186946868896, -0.8944153785705566, 0.30874237418174744, -0.32357296347618103, -0.032807935029268265, 0.6762495040893555, 0.7359417080879211),
            ["RightLowerArm"] = CFrame.new(0, 5.960464477539062e-07, 1.7881393432617188e-07, 1, -2.8312211952652433e-07, 2.5331991082566674e-07, 0, 0.6215174198150635, -0.7834004759788513, 7.450584860180243e-08, 0.7834004163742065, 0.6215173006057739),
            ["LeftHand"] = CFrame.new(0, 0, -1.341104507446289e-07, 0.8619970083236694, -0.5007116794586182, -0.0790468230843544, 0.5029075145721436, 0.8642893433570862, 0.009422489441931248, 0.063601054251194, -0.047874681651592255, 0.9968264102935791),
            ["LeftFoot"] = CFrame.new(3.8067810237407684e-08, 0, 5.2674522521556355e-08, 0.999503493309021, 0.0026205817703157663, -0.03140018507838249, -0.019885165616869926, 0.8254854083061218, -0.5640732645988464, 0.024441871792078018, 0.5644175410270691, 0.8251274228096008),
            ["LowerTorso"] = CFrame.new(-0.035881251096725464, -0.29508936405181885, -0.022818008437752724, 0.46741530299186707, 0.027663161978125572, 0.8836050033569336, 0.160394549369812, 0.9802678823471069, -0.11553600430488586, -0.8693655729293823, 0.19572870433330536, 0.4537551701068878),
            ["RightLowerLeg"] = CFrame.new(1.4901161193847656e-08, 1.7881393432617188e-07, -4.5482011046260595e-08, 1, -4.4703469370688254e-08, -8.940701263782103e-07, 5.811456276205718e-07, 0.16655579209327698, 0.9860321283340454, -3.2782574521661445e-07, -0.9860320091247559, 0.16655592620372772),
            ["LeftUpperLeg"] = CFrame.new(0, 1.9278377294540405e-07, 1.4901161193847656e-08, 0.9372852444648743, 0.32724541425704956, 0.12002896517515182, -0.18550032377243042, 0.7598415017127991, -0.6230814456939697, -0.2951034605503082, 0.5617395639419556, 0.772892415523529),
            ["LeftLowerLeg"] = CFrame.new(-6.239861249923706e-08, 5.960464477539063e-08, 1.6086059417830256e-07, 1, 4.423782229423523e-08, -6.168848472043464e-07, 5.732292720495025e-07, 0.22039952874183655, 0.975409746170044, 7.450583261459087e-09, -0.9754096865653992, 0.22039949893951416),
        }},
        {Time = 0.167, Data = {
            ["RightFoot"] = CFrame.new(5.960464477539063e-08, 3.5762786865234375e-07, -2.162050805054605e-08, 0.9209598898887634, 0.36628785729408264, 0.13291583955287933, -0.3599950969219208, 0.930361270904541, -0.06950623542070389, -0.14911916851997375, 0.016163785010576248, 0.9886871576309204),
            ["LeftLowerArm"] = CFrame.new(-1.1920928955078125e-07, 2.384185791015625e-07, 2.384185791015625e-07, 1, -3.874302478834579e-07, 1.8998976258899347e-07, -1.0430809993522416e-07, 0.6071497797966003, -0.7945871949195862, -2.0489092378284113e-07, 0.7945874333381653, 0.6071500778198242),
            ["RightUpperArm"] = CFrame.new(0.0046160221099853516, 0.04345238208770752, 0.0020582154393196106, 0.9033993482589722, -0.3086003363132477, -0.2977173924446106, 0.41196638345718384, 0.8172671794891357, 0.4029366374015808, 0.11896812170743942, -0.48666244745254517, 0.8654515743255615),
            ["Head"] = CFrame.new(0, -1.1920928955078125e-07, 1.1175870895385742e-08, 0.5016478896141052, -0.0530637763440609, -0.8634430170059204, -0.1724272072315216, 0.9719555377960205, -0.15991002321243286, 0.8477135896682739, 0.2290996015071869, 0.47842976450920105),
            ["RightHand"] = CFrame.new(2.384185791015625e-07, -2.980232238769531e-07, 5.960464477539063e-08, 0.3555544316768646, -0.5693153142929077, 0.7412564754486084, 0.9234018921852112, 0.33666643500328064, -0.18434904515743256, -0.14460346102714539, 0.7500238418579102, 0.6454101800918579),
            ["UpperTorso"] = CFrame.new(-5.029141902923584e-08, -5.960464477539063e-08, 2.7939677238464355e-08, 0.9961282014846802, 0.07536490261554718, 0.04526485875248909, -0.0810077041387558, 0.9868950843811035, 0.1395561397075653, -0.03415399044752121, -0.14268265664577484, 0.9891791343688965),
            ["HumanoidRootPart"] = CFrame.new(0, 0, 0, 1, 0, 0, 0, 1, 0, 0, 0, 1),
            ["RightUpperLeg"] = CFrame.new(-5.960464477539063e-08, 1.601874828338623e-07, 1.7567799659445882e-08, 0.995573103427887, -0.07664214819669724, 0.05440951883792877, 0.09016004204750061, 0.9423078298568726, -0.32237717509269714, -0.026562565937638283, 0.3258557617664337, 0.9450464248657227),
            ["LeftUpperArm"] = CFrame.new(-0.002714395523071289, -0.02555215358734131, -0.0012103542685508728, 0.5824878811836243, 0.5831061005592346, -0.5662997364997864, -0.7994831204414368, 0.2852143943309784, -0.5286582112312317, -0.1467467099428177, 0.7606839537620544, 0.6323172450065613),
            ["RightLowerArm"] = CFrame.new(5.960464477539063e-08, 6.556510925292969e-07, -1.7881393432617188e-07, 1, -2.854505112281913e-07, 2.0861639882241434e-07, -1.3411050758804777e-07, 0.7199910879135132, -0.693983256816864, 2.980233659855003e-08, 0.6939834356307983, 0.7199912071228027),
            ["LeftHand"] = CFrame.new(-2.2351741790771484e-07, 1.1920928955078125e-07, 5.960464477539063e-08, 0.8434459567070007, -0.4941117763519287, -0.2108367681503296, 0.4874503016471863, 0.868880033493042, -0.08625751733779907, 0.22581206262111664, -0.030018825083971024, 0.9737082123756409),
            ["LeftFoot"] = CFrame.new(5.122274160385132e-09, 0, 2.4734845283092e-08, 0.999481737613678, -0.019239189103245735, 0.025807494297623634, 0.03041665256023407, 0.8268665671348572, -0.5615745186805725, -0.01053532026708126, 0.5620689988136292, 0.8270236253738403),
            ["LowerTorso"] = CFrame.new(-0.033693548291921616, -0.2917255163192749, -0.07090020924806595, 0.3747728765010834, 0.023830756545066833, 0.9268103241920471, 0.18210209906101227, 0.9783042669296265, -0.09879115223884583, -0.9090567231178284, 0.20579837262630463, 0.3623022735118866),
            ["RightLowerLeg"] = CFrame.new(1.1175870895385742e-08, 0, 6.6720531322062016e-09, 1, -1.8626440123625798e-07, -8.493664722664107e-07, 6.780028911634872e-07, 0.24264922738075256, 0.9701141119003296, -2.533197687171196e-07, -0.9701141119003296, 0.24264922738075256),
            ["LeftUpperLeg"] = CFrame.new(5.960464477539063e-08, -7.776543498039246e-08, -1.4901161193847656e-08, 0.9209039211273193, 0.37585464119911194, 0.10329323261976242, -0.22335629165172577, 0.7260048985481262, -0.6504062414169312, -0.3194495439529419, 0.5758907198905945, 0.7525306940078735),
            ["LeftLowerLeg"] = CFrame.new(-5.587935447692871e-09, -1.7881393432617188e-07, -1.2412411365403386e-07, 1, 5.215404996761208e-08, -6.370246978804062e-07, 4.963950459568878e-07, 0.2080627679824829, 0.9781154990196228, -5.494804611316795e-08, -0.9781154990196228, 0.20806287229061127),
        }},
        {Time = 0.200, Data = {
            ["RightFoot"] = CFrame.new(2.9802322387695312e-08, 1.7881393432617188e-07, -5.142283043824136e-08, 0.9197531938552856, 0.36595025658607483, 0.14189599454402924, -0.35553881525993347, 0.9299456477165222, -0.09377329051494598, -0.16627177596092224, 0.035799410194158554, 0.9854300022125244),
            ["LeftLowerArm"] = CFrame.new(-3.8743019104003906e-07, -1.1920928955078125e-07, 5.960464477539063e-08, 1, -3.2782557468635787e-07, 1.6763800658736727e-07, 2.235172580355993e-08, 0.6714605689048767, -0.7410402297973633, -5.401667024784729e-08, 0.7410403490066528, 0.671460747718811),
            ["RightUpperArm"] = CFrame.new(0.006503462791442871, 0.050393104553222656, 0.002536974847316742, 0.9019147157669067, -0.2736685872077942, -0.334149032831192, 0.4103349447250366, 0.7843993902206421, 0.46512678265571594, 0.1348154991865158, -0.5566174983978271, 0.8197570443153381),
            ["Head"] = CFrame.new(-1.862645149230957e-08, 2.384185791015625e-07, 1.4901161193847656e-08, 0.4656241536140442, -0.05569973587989807, -0.8832281827926636, -0.19197221100330353, 0.9678964018821716, -0.16224388778209686, 0.8639102578163147, 0.2451000213623047, 0.43998289108276367),
            ["RightHand"] = CFrame.new(2.384185791015625e-07, 1.7881393432617188e-07, 6.705522537231445e-08, 0.48579350113868713, -0.6112784147262573, 0.6247749924659729, 0.8578917980194092, 0.4703494906425476, -0.20686466991901398, -0.16741082072257996, 0.6364827156066895, 0.7529032826423645),
            ["UpperTorso"] = CFrame.new(3.026798367500305e-08, 8.940696716308594e-08, -2.0489096641540527e-08, 0.9981074929237366, 0.0577583909034729, 0.021106671541929245, -0.06004106625914574, 0.9894940853118896, 0.13151632249355316, -0.013288730755448341, -0.13253477215766907, 0.9910893440246582),
            ["HumanoidRootPart"] = CFrame.new(0, 0, 0, 1, 0, 0, 0, 1, 0, 0, 0, 1),
            ["RightUpperLeg"] = CFrame.new(-2.9802322387695312e-08, 1.203734427690506e-07, -4.7839421313256025e-09, 0.9962894916534424, -0.08583198487758636, 0.006335380021482706, 0.08559107035398483, 0.9803869724273682, -0.17752613127231598, 0.009026049636304379, 0.17740970849990845, 0.9840956926345825),
            ["LeftUpperArm"] = CFrame.new(-0.004217267036437988, -0.03267848491668701, -0.001645214855670929, 0.668862521648407, 0.5105444192886353, -0.5403405427932739, -0.7134131193161011, 0.2365245521068573, -0.6596194505691528, -0.20896102488040924, 0.8266803622245789, 0.5224312543869019),
            ["RightLowerArm"] = CFrame.new(-2.384185791015625e-07, 1.7881393432617188e-07, 5.960464477539063e-08, 1, -3.166498743212287e-07, 2.644956964559242e-07, -1.0430814256778831e-07, 0.763878345489502, -0.6453602910041809, 8.940698137394065e-08, 0.6453603506088257, 0.7638784646987915),
            ["LeftHand"] = CFrame.new(-2.2351741790771484e-08, 1.1920928955078125e-07, 1.1920928955078125e-07, 0.8136953711509705, -0.5024378895759583, -0.292327880859375, 0.4618101418018341, 0.8641723394393921, -0.19984634220600128, 0.35303160548210144, 0.02761380933225155, 0.9352036714553833),
            ["LeftFoot"] = CFrame.new(4.237517714500427e-08, 0, 3.591071617847774e-08, 0.9985209107398987, -0.0477176196873188, 0.02606065757572651, 0.05423270910978317, 0.8400775790214539, -0.5397484302520752, 0.0038624147418886423, 0.540363609790802, 0.8414229154586792),
            ["LowerTorso"] = CFrame.new(-0.03255019336938858, -0.2910236120223999, -0.1271091252565384, 0.29282745718955994, 0.02598533406853676, 0.9558121562004089, 0.1858561635017395, 0.9790177941322327, -0.08355605602264404, -0.9379283785820007, 0.2021111100912094, 0.2818537652492523),
            ["RightLowerLeg"] = CFrame.new(1.424923539161682e-07, -1.1920928955078125e-07, -7.900962373241782e-08, 1, -2.756714536644722e-07, -7.59959391416487e-07, 6.295740035966446e-07, 0.33335554599761963, 0.9428011178970337, -1.639127589214695e-07, -0.9428012371063232, 0.3333558738231659),
            ["LeftUpperLeg"] = CFrame.new(1.1920928955078125e-07, 2.076849341392517e-07, -2.9802322387695312e-08, 0.9230844378471375, 0.38069769740104675, 0.05463011562824249, -0.24903148412704468, 0.6998937726020813, -0.669426679611206, -0.29308441281318665, 0.604332685470581, 0.7408667206764221),
            ["LeftLowerLeg"] = CFrame.new(-3.632158041000366e-08, -2.980232238769531e-07, 3.047543373213557e-08, 1, 1.043081283569336e-07, -5.094335051580856e-07, 5.234034006207366e-07, 0.21105042099952698, 0.9774752855300903, -1.0244550452398471e-07, -0.9774752259254456, 0.2110503911972046),
        }},
        {Time = 0.233, Data = {
            ["RightFoot"] = CFrame.new(1.4901161193847656e-08, 2.980232238769531e-07, 3.7984136724844575e-08, 0.9235563278198242, 0.3552529215812683, 0.1443590223789215, -0.3424569070339203, 0.9334975481033325, -0.10632700473070145, -0.17253153026103973, 0.0487622395157814, 0.9837962985038757),
            ["LeftLowerArm"] = CFrame.new(-2.086162567138672e-07, 1.1920928955078125e-07, -1.7881393432617188e-07, 1, -1.9744045687275502e-07, -2.1420412110728648e-08, 1.825391535703602e-07, 0.6645901203155518, -0.7472081184387207, -1.350417289103234e-08, 0.7472081780433655, 0.6645901799201965),
            ["RightUpperArm"] = CFrame.new(0.00865030288696289, 0.056488037109375, 0.003222145140171051, 0.8964884877204895, -0.20931747555732727, -0.3905060589313507, 0.4034797251224518, 0.7498450875282288, 0.524343729019165, 0.18306474387645721, -0.6276293992996216, 0.7566826939582825),
            ["Head"] = CFrame.new(0, -1.1920928955078125e-07, 7.450580596923828e-09, 0.41078343987464905, -0.05370168760418892, -0.9101501107215881, -0.21345072984695435, 0.9648565053939819, -0.15326717495918274, 0.8863949179649353, 0.2572316527366638, 0.3848842978477478),
            ["RightHand"] = CFrame.new(5.960464477539063e-08, 1.7881393432617188e-07, 8.195638656616211e-08, 0.569920539855957, -0.5773200392723083, 0.5847154259681702, 0.7910604476928711, 0.5779964923858643, -0.2003587931394577, -0.2222924828529358, 0.5767336487770081, 0.786107063293457),
            ["UpperTorso"] = CFrame.new(1.5366822481155396e-08, 5.960464477539063e-08, 0, 0.9987502098083496, 0.03166971355676651, 0.03866889327764511, -0.03620227798819542, 0.9917723536491394, 0.12278904765844345, -0.03446197882294655, -0.12403541803359985, 0.9916791915893555),
            ["HumanoidRootPart"] = CFrame.new(0, 0, 0, 1, 0, 0, 0, 1, 0, 0, 0, 1),
            ["RightUpperLeg"] = CFrame.new(0, 3.1315721571445465e-07, -4.7839421313256025e-09, 0.996405303478241, -0.07772931456565857, -0.03368617594242096, 0.07629676908254623, 0.9962038993835449, -0.04191186651587486, 0.036816276609897614, 0.039191022515296936, 0.9985532760620117),
            ["LeftUpperArm"] = CFrame.new(-0.00615847110748291, -0.0402148962020874, -0.002293907105922699, 0.7048951983451843, 0.4569762349128723, -0.5424900650978088, -0.6719603538513184, 0.18530559539794922, -0.7170295119285583, -0.22713880240917206, 0.8699623942375183, 0.4376908838748932),
            ["RightLowerArm"] = CFrame.new(-2.980232238769531e-07, 2.384185791015625e-07, -5.960464477539063e-08, 1, 2.0489103746967885e-07, 1.0244555426197621e-08, 3.129244134925102e-07, 0.7826586961746216, -0.6224509477615356, 2.980232594040899e-08, 0.6224511861801147, 0.7826588153839111),
            ["LeftHand"] = CFrame.new(-1.7136335372924805e-07, 0, -1.1920928955078125e-07, 0.8076609373092651, -0.49231958389282227, -0.3245072662830353, 0.4288480281829834, 0.8681634068489075, -0.2497648000717163, 0.40468913316726685, 0.06256083399057388, 0.9123117923736572),
            ["LeftFoot"] = CFrame.new(9.313225746154785e-10, 1.1920928955078125e-07, -1.0655412552296184e-08, 0.9965661764144897, -0.07867699861526489, 0.025804011151194572, 0.08059860020875931, 0.8503680229187012, -0.5199791789054871, 0.018967436626553535, 0.5202733278274536, 0.8537890315055847),
            ["LowerTorso"] = CFrame.new(-0.03223293274641037, -0.29092133045196533, -0.18094754219055176, 0.2393658310174942, 0.026064420118927956, 0.9705795645713806, 0.18437467515468597, 0.9802303910255432, -0.07179436087608337, -0.9532628655433655, 0.19613541662693024, 0.22982802987098694),
            ["RightLowerLeg"] = CFrame.new(-6.984919309616089e-08, -1.7881393432617188e-07, -2.6855559553951025e-08, 1, -2.756713399776345e-07, -8.046629886848677e-07, 6.156044491945067e-07, 0.429630845785141, 0.9030045866966248, -2.29105438620536e-07, -0.9030046463012695, 0.4296310245990753),
            ["LeftUpperLeg"] = CFrame.new(8.940696716308594e-08, 2.3562461137771606e-07, -2.2351741790771484e-08, 0.9229575395584106, 0.3846341669559479, 0.014353437349200249, -0.2737158536911011, 0.6821056604385376, -0.6780940294265747, -0.27060869336128235, 0.6219232678413391, 0.7348350286483765),
            ["LeftLowerLeg"] = CFrame.new(5.587935447692871e-08, 5.960464477539063e-08, -6.358814630402776e-08, 1, -4.6566135836201283e-08, -4.619360538526962e-07, 5.103648277327011e-07, 0.22043626010417938, 0.9754014015197754, -2.0489098417897367e-08, -0.9754014015197754, 0.22043628990650177),
        }},
        {Time = 0.267, Data = {
            ["RightFoot"] = CFrame.new(-2.9802322387695312e-08, 3.5762786865234375e-07, 3.7984136724844575e-08, 0.9231480956077576, 0.353360652923584, 0.15143939852714539, -0.33856070041656494, 0.9338634014129639, -0.11522069573402405, -0.18213820457458496, 0.05509480461478233, 0.9817282557487488),
            ["LeftLowerArm"] = CFrame.new(5.960464477539063e-08, 0, -4.470348358154297e-07, 1, -2.8684749509011453e-07, 7.729974527137529e-07, -5.215405849412491e-07, 0.6730919480323792, -0.7395583987236023, 4.0233129539046786e-07, 0.7395588755607605, 0.6730923652648926),
            ["RightUpperArm"] = CFrame.new(0.009845972061157227, 0.05900764465332031, 0.004008261486887932, 0.8778122663497925, -0.15361031889915466, -0.45370662212371826, 0.421042799949646, 0.6990873217582703, 0.5779274702072144, 0.22840489447116852, -0.6983415484428406, 0.6783437132835388),
            ["Head"] = CFrame.new(-2.60770320892334e-08, -3.5762786865234375e-07, -1.7695128917694092e-08, 0.3422546982765198, -0.06185763329267502, -0.9375689029693604, -0.22560279071331024, 0.9632315635681152, -0.14590586721897125, 0.9121212363243103, 0.2614549696445465, 0.31571513414382935),
            ["RightHand"] = CFrame.new(-3.5762786865234375e-07, 5.960464477539063e-08, 5.960464477539063e-08, 0.7168893218040466, -0.5251628160476685, 0.45855551958084106, 0.6769654750823975, 0.6816014051437378, -0.27773648500442505, -0.16669590771198273, 0.5095327496528625, 0.8441500663757324),
            ["UpperTorso"] = CFrame.new(3.864988684654236e-08, 3.5762786865234375e-07, 3.3527612686157227e-08, 0.9965412020683289, -0.0012984983623027802, 0.08308981359004974, -0.008530624210834503, 0.9929971694946289, 0.11783039569854736, -0.08266103267669678, -0.1181315928697586, 0.9895514845848083),
            ["HumanoidRootPart"] = CFrame.new(0, 0, 0, 1, 0, 0, 0, 1, 0, 0, 0, 1),
            ["RightUpperLeg"] = CFrame.new(1.1920928955078125e-07, -8.777715265750885e-08, 5.482070264406502e-08, 0.9936612844467163, -0.09086229652166367, -0.0661926418542862, 0.09589150547981262, 0.9923901557922363, 0.07724426686763763, 0.0586700439453125, -0.08310195058584213, 0.9948124885559082),
            ["LeftUpperArm"] = CFrame.new(-0.0073201656341552734, -0.043871164321899414, -0.002980045974254608, 0.8107750415802002, 0.34228065609931946, -0.47485610842704773, -0.5521162152290344, 0.17768314480781555, -0.8146142959594727, -0.19445203244686127, 0.9226444959640503, 0.33303967118263245),
            ["RightLowerArm"] = CFrame.new(7.152557373046875e-07, 2.384185791015625e-07, -2.682209014892578e-07, 1, -8.940703111193216e-08, 2.6449586698618077e-07, -2.2351738238057806e-08, 0.785611629486084, -0.618719756603241, 2.9802318834981634e-08, 0.6187198758125305, 0.7856118083000183),
            ["LeftHand"] = CFrame.new(2.5331974029541016e-07, -1.1920928955078125e-07, -2.980232238769531e-07, 0.7496030330657959, -0.4963870048522949, -0.4378299117088318, 0.3857995271682739, 0.8651739954948425, -0.32036468386650085, 0.5378233790397644, 0.07123184204101562, 0.8400425910949707),
            ["LeftFoot"] = CFrame.new(-1.955777406692505e-08, -1.7881393432617188e-07, -1.0378767001384404e-07, 0.9953990578651428, -0.09239184111356735, 0.025390001013875008, 0.09261319786310196, 0.859778881072998, -0.5021981000900269, 0.0245691929012537, 0.5022389888763428, 0.8643798232078552),
            ["LowerTorso"] = CFrame.new(-0.03233871981501579, -0.29090654850006104, -0.20778213441371918, 0.20802487432956696, 0.027782315388321877, 0.9777289628982544, 0.1679234355688095, 0.9837411046028137, -0.06368111073970795, -0.963601291179657, 0.17743085324764252, 0.19997729361057281),
