return {
    ["A Vlog"] = {
        [1] = {Time = 0.000, Data = {
            ["LeftLowerArm"] = CFrame.new(-0.0000011622905731201172, 0, -2.2351741790771484e-07, 1, -6.332992938951065e-07, 2.682209014892578e-07, 6.332992938951065e-07, 0.7526711225509644, -0.6583966016769409, 2.4400648612754594e-07, 0.6583966016769409, 0.7526712417602539),
            ["LeftFoot"] = CFrame.new(0.0000116005539894104, -0.00011664628982543945, 0.0009910687804222107, 0.9810261726379395, -0.19296859204769135, -0.018735093995928764, 0.18336032330989838, 0.9548686742782593, -0.23367778956890106, 0.06298138946294785, 0.22580765187740326, 0.9721336364746094),
            ["RightHand"] = CFrame.new(-7.869675755500793e-08, -2.980232238769531e-07, -2.2351741790771484e-08, 0.8045110106468201, -0.15674686431884766, 0.5728810429573059, 0.15677928924560547, 0.9863815307617188, 0.049716487526893616, -0.5728721022605896, 0.04981838911771774, 0.8181293606758118),
            ["HumanoidRootPart"] = CFrame.new(0, 0, 0, 1, 0, 0, 0, 1, 0, 0, 0, 1),
            ["CamPart"] = CFrame.new(0.6346293091773987, 2.1405348777770996, 0.2038109302520752, -0.9198066592216492, 0.24002188444137573, 0.3103953003883362, 0.259561151266098, 0.9654622673988342, 0.022597001865506172, -0.2942511737346649, 0.10135143250226974, -0.9503389596939087),
            ["RightLowerLeg"] = CFrame.new(-3.725290298461914e-09, -0.000011026859283447266, -0.000013439152098726481, 1, -5.811456276205718e-07, -0.0000011622908004937926, 8.195642635655531e-07, 0.9473572373390198, 0.3201768398284912, 9.238724487659056e-07, -0.3201786279678345, 0.9473578333854675),
            ["RightFoot"] = CFrame.new(-0.000005681067705154419, -0.00005161762237548828, -0.0000084342245827429, 0.946938693523407, 0.3041374981403351, 0.10395779460668564, -0.31765609979629517, 0.9348798394203186, 0.15841540694236755, -0.0490083172917366, -0.18302994966506958, 0.9818846583366394),
            ["LeftLowerLeg"] = CFrame.new(1.4901161193847656e-07, -0.00003719329833984375, -0.0009868144989013672, 1, -0.0000013336539268493652, -7.674096309528977e-07, 0.0000015422701835632324, 0.761901319026947, 0.6476937532424927, -3.203749656677246e-07, -0.6476932168006897, 0.7619008421897888),
            ["RightUpperArm"] = CFrame.new(-0.0000011920928955078125, -0.0000015497207641601562, -2.2351741790771484e-08, 0.988764762878418, -0.08591539412736893, -0.12232288718223572, 0.08407742530107498, 0.9962561726570129, -0.020118165761232376, 0.12359340488910675, 0.009607509709894657, 0.9922865033149719),
            ["Head"] = CFrame.new(-5.960464477539063e-08, -0.0000015497207641601562, -1.4901161193847656e-08, 0.834775447845459, -0.10706109553575516, 0.5400813221931458, -0.08553468436002731, 0.9437874555587769, 0.31929484009742737, -0.5439060926437378, -0.3127351999282837, 0.7786931395530701),
            ["UpperTorso"] = CFrame.new(1.4901161193847656e-07, -5.066394805908203e-07, -2.9802322387695312e-08, 0.983596682548523, 0.17243532836437225, -0.0529506653547287, -0.17027229070663452, 0.9844589233398438, 0.042987722903490067, 0.05954038351774216, -0.033266548067331314, 0.9976714253425598),
            ["LeftUpperArm"] = CFrame.new(0.0000010728836059570312, -0.0000015497207641601562, 7.450580596923828e-09, 0.6330533623695374, 0.7358924150466919, -0.24022091925144196, -0.7453457713127136, 0.49563655257225037, -0.44587442278862, -0.20905329287052155, 0.46130985021591187, 0.8622586727142334),
            ["RightLowerArm"] = CFrame.new(-0.0000011026859283447266, 0.0000018477439880371094, 1.4901161193847656e-07, 1, -5.587933173956117e-07, 1.0803341865539551e-07, 5.210749236539414e-07, 0.981447696685791, -0.19173011183738708, -1.0244547432591844e-08, 0.19173012673854828, 0.981447696685791),
            ["LeftHand"] = CFrame.new(6.034970283508301e-07, 0.0000017881393432617188, -1.4901161193847656e-08, 0.048197634518146515, -0.4559706747531891, 0.888688862323761, 0.7495249509811401, 0.604606032371521, 0.2695625424385071, -0.660219132900238, 0.6531020998954773, 0.370901882648468),
            ["LowerTorso"] = CFrame.new(-0.5370912551879883, -0.1637030839920044, -0.6789835095405579, 0.3605126142501831, -0.04840736836194992, -0.9314973950386047, -0.07085973769426346, 0.9943452477455139, -0.07909787446260452, 0.9300588965415955, 0.09452144056558609, 0.35504385828971863),
            ["RightUpperLeg"] = CFrame.new(-5.662441253662109e-07, -1.3597309589385986e-07, -3.149762051180005e-08, 0.9290493726730347, -0.3351867198944092, 0.1565793752670288, 0.36991646885871887, 0.8354781866073608, -0.40637022256851196, 0.005391471553593874, 0.43546098470687866, 0.9001923203468323),
            ["LeftUpperLeg"] = CFrame.new(4.76837158203125e-07, -8.940696716308594e-08, 0, 0.8248283267021179, 0.287375271320343, 0.4869023561477661, -0.13741670548915863, 0.9372639060020447, -0.32039591670036316, -0.5484296083450317, 0.19736231863498688, 0.8125715851783752)
        }},
        [2] = {Time = 0.033, Data = {
            ["LeftLowerArm"] = CFrame.new(0.000002086162567138672, 3.5762786865234375e-07, -6.556510925292969e-07, 1, -6.332994075819443e-07, 2.235174747511337e-07, 5.885959808438201e-07, 0.7554022669792175, -0.6552613973617554, 2.458692165419052e-07, 0.6552614569664001, 0.7554023265838623),
            ["LeftFoot"] = CFrame.new(0.00001130625605583191, -0.00011646747589111328, 0.0009910613298416138, 0.9810720682144165, -0.19274914264678955, -0.018595591187477112, 0.183136448264122, 0.9547538161277771, -0.23432140052318573, 0.06291931122541428, 0.22647972404956818, 0.9719812870025635),
            ["RightHand"] = CFrame.new(1.2293457984924316e-07, -2.980232238769531e-07, 2.9802322387695312e-08, 0.805126428604126, -0.1576474905014038, 0.5717679858207703, 0.15727975964546204, 0.9862640500068665, 0.05046096444129944, -0.5718692541122437, 0.04930007457733154, 0.8188620805740356),
            ["HumanoidRootPart"] = CFrame.new(0, 0, 0, 1, 0, 0, 0, 1, 0, 0, 0, 1),
            ["CamPart"] = CFrame.new(0.6344276070594788, 2.14152193069458, 0.20808076858520508, -0.918529748916626, 0.24466995894908905, 0.31054753065109253, 0.2648347318172455, 0.9639996290206909, 0.023818625137209892, -0.29354000091552734, 0.10412187874317169, -0.9502593874931335),
            ["RightLowerLeg"] = CFrame.new(1.1175870895385742e-08, -0.000011026859283447266, -0.000013528559065889567, 1, -5.513431347026199e-07, -0.00000122189510420867, 8.493660743624787e-07, 0.9434235095977783, 0.3315886855125427, 8.493660743624787e-07, -0.331590473651886, 0.9434241056442261),
            ["RightFoot"] = CFrame.new(-0.000005681067705154419, -0.00005161762237548828, -0.000008467752195429057, 0.9467058777809143, 0.305007666349411, 0.1035272479057312, -0.31804969906806946, 0.9360087513923645, 0.15077531337738037, -0.05091471970081329, -0.17566417157649994, 0.9831323027610779),
            ["LeftLowerLeg"] = CFrame.new(3.2782554626464844e-07, -0.00003707408905029297, -0.0009863674640655518, 1, -0.000001385807991027832, -7.823108489901642e-07, 0.0000015720730743851163, 0.7618020176887512, 0.6478102803230286, -2.831221763699432e-07, -0.6478099226951599, 0.7618017196655273),
            ["RightUpperArm"] = CFrame.new(-0.0000011920928955078125, -0.0000016689300537109375, 2.9802322387695312e-08, 0.9889729022979736, -0.08417823165655136, -0.12184684723615646, 0.0834922194480896, 0.9964507222175598, -0.010734057985246181, 0.12231793999671936, 0.00044239877024665475, 0.9924909472465515),
            ["Head"] = CFrame.new(-1.1920928955078125e-07, -0.0000017881393432617188, 0, 0.8111209273338318, -0.14970993995666504, 0.5653935074806213, -0.049186524003744125, 0.9458007216453552, 0.32100117206573486, -0.5828065276145935, -0.28818055987358093, 0.7597950100898743),
            ["UpperTorso"] = CFrame.new(-1.4901161193847656e-07, -2.980232238769531e-07, -4.470348358154297e-08, 0.983643114566803, 0.17243120074272156, -0.05209347605705261, -0.170370951294899, 0.9844962358474731, 0.041725773364305496, 0.0584806427359581, -0.03216805309057236, 0.9977701902389526),
            ["LeftUpperArm"] = CFrame.new(0.0000013113021850585938, -0.0000016689300537109375, -7.450580596923828e-08, 0.6321917772293091, 0.7336804866790771, -0.24909186363220215, -0.7473043203353882, 0.4924764037132263, -0.44609737396240234, -0.20462116599082947, 0.4681665301322937, 0.8596222996711731),
            ["RightLowerArm"] = CFrame.new(-0.0000014603137969970703, 0.00000286102294921875, 0.0000012926757335662842, 1, -5.364418029785156e-07, 1.30385160446167e-07, 5.597249241873214e-07, 0.9794958829879761, -0.20146429538726807, -9.546057277987074e-09, 0.20146428048610687, 0.9794959425926208),
            ["LeftHand"] = CFrame.new(-3.5762786865234375e-07, 0.0000011920928955078125, 7.450580596923828e-09, 0.04763234406709671, -0.4587966799736023, 0.8872637152671814, 0.7482211589813232, 0.6048589944839478, 0.2725996673107147, -0.6617373824119568, 0.6508849859237671, 0.37209224700927734),
            ["LowerTorso"] = CFrame.new(-0.5353139638900757, -0.16404259204864502, -0.6806350350379944, 0.3635915517807007, -0.04911727458238602, -0.9302626848220825, -0.07168290764093399, 0.994172990322113, -0.08050884306430817, 0.9287963509559631, 0.09595628827810287, 0.3579520285129547),
            ["RightUpperLeg"] = CFrame.new(-7.748603820800781e-07, 2.849847078323364e-07, -9.110226528719068e-08, 0.9283000230789185, -0.3373779356479645, 0.15631797909736633, 0.3717566430568695, 0.833625078201294, -0.40849146246910095, 0.007505251094698906, 0.4373161792755127, 0.8992772102355957),
            ["LeftUpperLeg"] = CFrame.new(4.76837158203125e-07, 3.986060619354248e-07, -4.470348358154297e-08, 0.8268423676490784, 0.2852458953857422, 0.48473310470581055, -0.13692604005336761, 0.9380096793174744, -0.31841763854026794, -0.5455116629600525, 0.19690778851509094, 0.8146435022354126)
        }},
        [3] = {Time = 0.067, Data = {
            ["LeftLowerArm"] = CFrame.new(9.834766387939453e-07, 4.76837158203125e-07, -4.470348358154297e-08, 1, -6.07222318649292e-07, 2.086162567138672e-07, 6.10947552104335e-07, 0.7579132318496704, -0.6523553729057312, 2.3096797008292924e-07, 0.6523553729057312, 0.7579132318496704),
            ["LeftFoot"] = CFrame.new(0.000011578202247619629, -0.00011664628982543945, 0.0009911656379699707, 0.9810917377471924, -0.1926574558019638, -0.018503032624721527, 0.18302564322948456, 0.954612672328949, -0.23498167097568512, 0.06293413043022156, 0.22715161740779877, 0.9718236923217773),
            ["RightHand"] = CFrame.new(-8.381903171539307e-09, -6.556510925292969e-07, -3.725290298461914e-08, 0.8057690262794495, -0.16161413490772247, 0.5697519779205322, 0.15693409740924835, 0.9859209656715393, 0.057720161974430084, -0.5710588097572327, 0.04290437325835228, 0.8197872638702393),
            ["HumanoidRootPart"] = CFrame.new(0, 0, 0, 1, 0, 0, 0, 1, 0, 0, 0, 1),
            ["CamPart"] = CFrame.new(0.6332430243492126, 2.1451292037963867, 0.2159891128540039, -0.9168729186058044, 0.24584640562534332, 0.3144894540309906, 0.2664315402507782, 0.9635671377182007, 0.02351244166493416, -0.2972511947154999, 0.10534783452749252, -0.948969841003418),
            ["RightLowerLeg"] = CFrame.new(-4.0978193283081055e-08, -0.000011324882507324219, -0.00001351365790469572, 1, -6.482009666797239e-07, -0.0000010654329116732697, 0.0000010132789611816406, 0.9381391406059265, 0.3462564945220947, 8.493661880493164e-07, -0.34625840187072754, 0.9381398558616638),
            ["RightFoot"] = CFrame.new(-0.0000056140124797821045, -0.00005143880844116211, -0.00000851431832415983, 0.9465045928955078, 0.3058346211910248, 0.1029258742928505, -0.3182518780231476, 0.9374488592147827, 0.14109143614768982, -0.053337689489126205, -0.16629727184772491, 0.9846316576004028),
            ["LeftLowerLeg"] = CFrame.new(-4.470348358154297e-08, -0.00003713369369506836, -0.0009864568710327148, 1, -0.0000013858081047146698, -7.934866630421311e-07, 0.0000015795234276083647, 0.7614438533782959, 0.6482309103012085, -3.2782563152977673e-07, -0.6482309699058533, 0.7614437937736511),
            ["RightUpperArm"] = CFrame.new(-0.0000011324882507324219, -0.0000019073486328125, 0, 0.9893417954444885, -0.08173461258411407, -0.12050846964120865, 0.08215638250112534, 0.996618390083313, -0.0014727369416505098, 0.1202213317155838, -0.008443520404398441, 0.9927112460136414),
            ["Head"] = CFrame.new(-1.6391277313232422e-07, -0.0000017881393432617188, -1.4901161193847656e-08, 0.78397136926651, -0.19129624962806702, 0.5905884504318237, -0.010599788278341293, 0.947075605392456, 0.32083579897880554, -0.6207064986228943, -0.25778621435165405, 0.7404523491859436),
            ["UpperTorso"] = CFrame.new(-2.9802322387695312e-08, -2.980232238769531e-07, -5.960464477539063e-08, 0.9839557409286499, 0.17122213542461395, -0.05014165863394737, -0.16934165358543396, 0.9847596287727356, 0.0396464578807354, 0.05616588890552521, -0.030519280582666397, 0.9979549646377563),
            ["LeftUpperArm"] = CFrame.new(0.0000011324882507324219, -0.0000016689300537109375, -1.1920928955078125e-07, 0.6322193741798401, 0.7297101616859436, -0.2604270279407501, -0.7485119700431824, 0.48844367265701294, -0.4484999477863312, -0.2000710517168045, 0.4784829616546631, 0.8550004363059998),
            ["RightLowerArm"] = CFrame.new(-0.0000012516975402832031, 0.0000019669532775878906, 3.7997961044311523e-07, 1, -5.178154651730438e-07, 1.3783575525394554e-07, 5.108305458634277e-07, 0.9778169989585876, -0.20946092903614044, -3.9581220079298873e-08, 0.20946098864078522, 0.9778171181678772),
            ["LeftHand"] = CFrame.new(3.2782554626464844e-07, 9.5367431640625e-07, 1.1920928955078125e-07, 0.044291380792856216, -0.4615289270877838, 0.8860189318656921, 0.7478598356246948, 0.6033499836921692, 0.2769012153148651, -0.6623774766921997, 0.6503536701202393, 0.3718820810317993),
            ["LowerTorso"] = CFrame.new(-0.5330706834793091, -0.164589524269104, -0.6821427941322327, 0.3675863742828369, -0.04944199323654175, -0.9286742210388184, -0.07258351892232895, 0.9940145015716553, -0.08165056258440018, 0.9271525740623474, 0.09742007404565811, 0.3617975115776062),
            ["RightUpperLeg"] = CFrame.new(-5.960464477539062e-07, 6.332993507385254e-08, -9.145878721028566e-09, 0.9274934530258179, -0.33979475498199463, 0.15586984157562256, 0.37369245290756226, 0.8310081362724304, -0.4120416045188904, 0.010480748489499092, 0.44041454792022705, 0.8977341055870056),
            ["LeftUpperLeg"] = CFrame.new(5.364418029785156e-07, 1.1175870895385742e-07, -7.450580596923828e-08, 0.8293682932853699, 0.283074289560318, 0.4816814959049225, -0.136244535446167, 0.9385883212089539, -0.31700125336647034, -0.541835367679596, 0.19728367030620575, 0.8170026540756226)
        }},
        [4] = {Time = 0.100, Data = {
            ["LeftLowerArm"] = CFrame.new(0.0000016689300537109375, 0.0000010132789611816406, 6.407499313354492e-07, 1, -5.81145513933734e-07, 2.235174747511337e-07, 5.960465045973251e-07, 0.760418176651001, -0.6494339108467102, 1.8626454334480513e-07, 0.6494339108467102, 0.7604181170463562),
            ["LeftFoot"] = CFrame.new(0.000011675059795379639, -0.00011658668518066406, 0.0009910762310028076, 0.9810433387756348, -0.1928970068693161, -0.018572136759757996, 0.1833726018667221, 0.9550372958183289, -0.23297706246376038, 0.06267774105072021, 0.2251545488834381, 0.9723048806190491),
            ["RightHand"] = CFrame.new(-8.847564458847046e-08, -2.384185791015625e-07, -6.705522537231445e-08, 0.8080083727836609, -0.1651609092950821, 0.5655478835105896, 0.1602828949689865, 0.9853211045265198, 0.058751195669174194, -0.5669496655464172, 0.04317610338330269, 0.822620153427124),
            ["HumanoidRootPart"] = CFrame.new(0, 0, 0, 1, 0, 0, 0, 1, 0, 0, 0, 1),
            ["CamPart"] = CFrame.new(0.6285311579704285, 2.1504416465759277, 0.2258312702178955, -0.915340781211853, 0.24567203223705292, 0.3190557062625885, 0.2678879201412201, 0.9630722999572754, 0.02698233164846897, -0.3006448447704315, 0.11016920953989029, -0.9473518133163452),
            ["RightLowerLeg"] = CFrame.new(7.078051567077637e-08, -0.000011205673217773438, -0.000013454053259920329, 1, -5.81145513933734e-07, -0.0000010952354614346405, 9.83476752480783e-07, 0.9338549375534058, 0.35764986276626587, 8.046628181546112e-07, -0.3576520085334778, 0.9338558316230774),
            ["RightFoot"] = CFrame.new(-0.000005621463060379028, -0.00005143880844116211, -0.000008464026905130595, 0.946607768535614, 0.3059428930282593, 0.10164795070886612, -0.31764376163482666, 0.9389959573745728, 0.13187280297279358, -0.055101994425058365, -0.15711653232574463, 0.986041247844696),
            ["LeftLowerLeg"] = CFrame.new(8.940696716308594e-08, -0.00003701448440551758, -0.0009865760803222656, 1, -0.0000013634559081765474, -8.419154937655549e-07, 0.000001400709038534842, 0.7639887928962708, 0.6452295184135437, -3.3527609843986284e-07, -0.6452294588088989, 0.763988733291626),
            ["RightUpperArm"] = CFrame.new(-0.0000010132789611816406, -0.0000020265579223632812, -1.4901161193847656e-08, 0.9898087978363037, -0.07878956198692322, -0.11862096190452576, 0.08036467432975769, 0.9967289566993713, 0.008546583354473114, 0.11755961924791336, -0.017992457374930382, 0.9929028153419495),
            ["Head"] = CFrame.new(0, -0.0000017881393432617188, -1.4901161193847656e-08, 0.7571361064910889, -0.22736963629722595, 0.6124116778373718, 0.025586329400539398, 0.9470762610435486, 0.3199874460697174, -0.6527559757232666, -0.2266046702861786, 0.7228831052780151),
            ["UpperTorso"] = CFrame.new(-1.4901161193847656e-08, -3.2782554626464844e-07, -2.9802322387695312e-08, 0.9844940304756165, 0.1687164306640625, -0.04802433028817177, -0.16705743968486786, 0.9852635264396667, 0.036711856722831726, 0.05351054668426514, -0.028119787573814392, 0.9981712698936462),
            ["LeftUpperArm"] = CFrame.new(0.0000011920928955078125, -0.0000019073486328125, -4.470348358154297e-08, 0.6334776282310486, 0.7234731316566467, -0.274395614862442, -0.7488012909889221, 0.4838552176952362, -0.4529685974121094, -0.19494283199310303, 0.49241331219673157, 0.848249077796936),
            ["RightLowerArm"] = CFrame.new(-0.000001043081283569336, 0.0000012516975402832031, 8.735805749893188e-07, 1, -5.327165695234726e-07, 1.266598985694145e-07, 5.769544486611267e-07, 0.9769487380981445, -0.2134741097688675, -1.187436549088261e-08, 0.21347415447235107, 0.9769487977027893),
            ["LeftHand"] = CFrame.new(-3.7997961044311523e-07, 0.0000011920928955078125, 4.470348358154297e-08, 0.045275621116161346, -0.4669017493724823, 0.8831495046615601, 0.7472728490829468, 0.6025362014770508, 0.2802378833293915, -0.662973165512085, 0.6472657918930054, 0.3761831820011139),
            ["LowerTorso"] = CFrame.new(-0.5297973155975342, -0.1637643575668335, -0.6826797723770142, 0.3736858069896698, -0.050868310034275055, -0.9261595010757446, -0.07311470806598663, 0.9937728643417358, -0.08408214896917343, 0.9246692657470703, 0.09913618862628937, 0.36763957142829895),
            ["RightUpperLeg"] = CFrame.new(-6.556510925292969e-07, 3.4458935260772705e-07, -5.3849362302571535e-08, 0.9270171523094177, -0.3426138162612915, 0.15249568223953247, 0.37473851442337036, 0.83055579662323, -0.41200321912765503, 0.014502102509140968, 0.4390817880630493, 0.8983309864997864),
            ["LeftUpperLeg"] = CFrame.new(5.364418029785156e-07, 1.601874828338623e-07, -4.470348358154297e-08, 0.8329823613166809, 0.28009140491485596, 0.47716787457466125, -0.13665805757045746, 0.9398337006568909, -0.31310972571372986, -0.5361577272415161, 0.1956053376197815, 0.8211414217948914)
        }},
        [5] = {Time = 0.133, Data = {
            ["LeftLowerArm"] = CFrame.new(0.0000018477439880371094, 5.960464477539062e-07, 4.76837158203125e-07, 1, -6.9662968371631e-07, 1.6391281576488836e-07, 5.736949333368102e-07, 0.7623588442802429, -0.647154688835144, 2.514571804113075e-07, 0.6471546292304993, 0.7623588442802429),
            ["LeftFoot"] = CFrame.new(0.000011529773473739624, -0.00011676549911499023, 0.0009912624955177307, 0.981029212474823, -0.19294771552085876, -0.018792493268847466, 0.18346284329891205, 0.9553612470626831, -0.2315743863582611, 0.06263505667448044, 0.22373253107070923, 0.9726356863975525),
            ["RightHand"] = CFrame.new(-1.0244548320770264e-07, -5.364418029785156e-07, -4.470348358154297e-08, 0.8104371428489685, -0.17061416804790497, 0.5604304671287537, 0.16561733186244965, 0.9843527674674988, 0.060171738266944885, -0.5619274377822876, 0.04405155032873154, 0.8260128498077393),
            ["HumanoidRootPart"] = CFrame.new(0, 0, 0, 1, 0, 0, 0, 1, 0, 0, 0, 1),
            ["CamPart"] = CFrame.new(0.621006965637207, 2.1594443321228027, 0.238311767578125, -0.9143975973129272, 0.23982863128185272, 0.32612764835357666, 0.26441171765327454, 0.9638603925704956, 0.0325520895421505, -0.3065345883369446, 0.11599752306938171, -0.9447650909423828),
            ["RightLowerLeg"] = CFrame.new(-2.2351741790771484e-08, -0.000010967254638671875, -0.00001351365790469572, 1, -6.929043365744292e-07, -0.0000012516975402832031, 9.536740890325746e-07, 0.9276425242424011, 0.3734669089317322, 7.450578891621262e-07, -0.37346944212913513, 0.9276435375213623),
            ["RightFoot"] = CFrame.new(-0.000005647540092468262, -0.0000514984130859375, -0.000008460301614832133, 0.9467558860778809, 0.3060448169708252, 0.09994662553071976, -0.3167661428451538, 0.9409788846969604, 0.11924494057893753, -0.05755387246608734, -0.14455188810825348, 0.9878215193748474),
            ["LeftLowerLeg"] = CFrame.new(2.682209014892578e-07, -0.00003701448440551758, -0.0009869039058685303, 1, -0.000001333653585788852, -6.966292289689591e-07, 0.0000015273690223693848, 0.7644832730293274, 0.6446441411972046, -2.905726432800293e-07, -0.6446435451507568, 0.764482855796814),
            ["RightUpperArm"] = CFrame.new(-0.0000010728836059570312, -0.0000016689300537109375, 1.4901161193847656e-07, 0.9901209473609924, -0.0752662718296051, -0.11830293387174606, 0.07802709937095642, 0.9967725872993469, 0.01887468248605728, 0.11650052666664124, -0.02791912481188774, 0.9927982091903687),
            ["Head"] = CFrame.new(2.384185791015625e-07, -0.0000025033950805664062, 0, 0.7325109839439392, -0.2560340166091919, 0.6307727694511414, 0.058753639459609985, 0.9468979835510254, 0.3161207437515259, -0.6782151460647583, -0.1945018321275711, 0.7086560130119324),
            ["UpperTorso"] = CFrame.new(-1.341104507446289e-07, -4.470348358154297e-07, -2.9802322387695312e-08, 0.9851312637329102, 0.16551904380321503, -0.04604250565171242, -0.16413818299770355, 0.9859073162078857, 0.03233405947685242, 0.05074553191661835, -0.024295954033732414, 0.9984161257743835),
            ["LeftUpperArm"] = CFrame.new(0.0000011920928955078125, -0.0000016689300537109375, 4.470348358154297e-08, 0.6356299519538879, 0.7147737145423889, -0.2916736900806427, -0.7485945820808411, 0.4783623516559601, -0.4591028690338135, -0.18862904608249664, 0.510164737701416, 0.8391371369361877),
            ["RightLowerArm"] = CFrame.new(-6.854534149169922e-07, 0.000002205371856689453, 0.000001950189471244812, 1, -5.438922698886017e-07, 1.7136335372924805e-07, 5.522741162167222e-07, 0.9765285849571228, -0.21538755297660828, -2.90456121376792e-08, 0.21538762748241425, 0.9765287041664124),
            ["LeftHand"] = CFrame.new(-5.438923835754395e-07, 0.0000013113021850585938, -4.470348358154297e-07, 0.04674785956740379, -0.4702664613723755, 0.8812854886054993, 0.7479171752929688, 0.6012940406799316, 0.28118574619293213, -0.6621440052986145, 0.6459837555885315, 0.37982967495918274),
            ["LowerTorso"] = CFrame.new(-0.5260041952133179, -0.1634610891342163, -0.6830319762229919, 0.3830758333206177, -0.051877208054065704, -0.9222589731216431, -0.07271554321050644, 0.9936296939849854, -0.08609545975923538, 0.9208503365516663, 0.10004366934299469, 0.3768632411956787),
            ["RightUpperLeg"] = CFrame.new(-5.960464477539062e-07, 6.332993507385254e-08, 1.3205863069742918e-08, 0.9266982078552246, -0.3461025655269623, 0.1464356780052185, 0.3751789629459381, 0.8295226097106934, -0.4136802554130554, 0.021704237908124924, 0.43829819560050964, 0.8985684514045715),
            ["LeftUpperLeg"] = CFrame.new(5.364418029785156e-07, 1.6763806343078613e-07, -4.470348358154297e-08, 0.8383143544197083, 0.27810123562812805, 0.4689229130744934, -0.13703282177448273, 0.9399846792221069, -0.31249186396598816, -0.5276846885681152, 0.19770808517932892, 0.8261114954948425)
        }},
        [6] = {Time = 0.167, Data = {
            ["LeftLowerArm"] = CFrame.new(-0.0000014603137969970703, -2.384185791015625e-07, -6.705522537231445e-07, 1, -6.482007961494674e-07, 2.0861628513557662e-07, 5.811452865600586e-07, 0.7657984495162964, -0.6430807709693909, 1.7136335372924805e-07, 0.6430807709693909, 0.7657983899116516),
            ["LeftFoot"] = CFrame.new(0.00001155957579612732, -0.00011646747589111328, 0.0009911730885505676, 0.9808444976806641, -0.19385236501693726, -0.019120650365948677, 0.18429237604141235, 0.9552831649780273, -0.23123757541179657, 0.06309092044830322, 0.22328326106071472, 0.9727094173431396),
            ["RightHand"] = CFrame.new(-5.774199962615967e-08, -4.172325134277344e-07, -5.21540641784668e-08, 0.813328742980957, -0.1746649444103241, 0.5549672245979309, 0.1699247509241104, 0.9835959672927856, 0.06053534150123596, -0.5564368963241577, 0.04506750777363777, 0.829666793346405),
            ["HumanoidRootPart"] = CFrame.new(0, 0, 0, 1, 0, 0, 0, 1, 0, 0, 0, 1),
            ["CamPart"] = CFrame.new(0.6110483407974243, 2.1684494018554688, 0.2500474452972412, -0.9135819673538208, 0.23383602499961853, 0.332699179649353, 0.2607954144477844, 0.9646402597427368, 0.0381435789167881, -0.3120156526565552, 0.12161369621753693, -0.9422613978385925),
            ["RightLowerLeg"] = CFrame.new(-2.9802322387695312e-08, -0.000010907649993896484, -0.00001351365790469572, 1, -6.705523105665634e-07, -0.0000011920930091946502, 0.0000011511145885378937, 0.9212448596954346, 0.38898104429244995, 8.195637519747834e-07, -0.3889833688735962, 0.9212458729743958),
            ["RightFoot"] = CFrame.new(-0.000005636364221572876, -0.00005137920379638672, -0.000008486378646921366, 0.9471465945243835, 0.3055476248264313, 0.09774190932512283, -0.31517261266708374, 0.9431099891662598, 0.10588192939758301, -0.05982990190386772, -0.13108855485916138, 0.9895634055137634),
            ["LeftLowerLeg"] = CFrame.new(1.043081283569336e-07, -0.00003707408905029297, -0.0009868741035461426, 1, -0.0000013113022987454315, -6.966290584387025e-07, 0.0000015795230865478516, 0.7633212208747864, 0.6460195779800415, -2.8312206268310547e-07, -0.6460191607475281, 0.763320803642273),
            ["RightUpperArm"] = CFrame.new(-0.0000013709068298339844, -0.0000019073486328125, -1.4901161193847656e-08, 0.9902119040489197, -0.07151301950216293, -0.11985991895198822, 0.07535341382026672, 0.9967688918113708, 0.027814611792564392, 0.11748364567756653, -0.03657421097159386, 0.9924011826515198),
            ["Head"] = CFrame.new(0, -0.0000019073486328125, 0, 0.7111260890960693, -0.2772667109966278, 0.6460827589035034, 0.08650296181440353, 0.9464753866195679, 0.31096887588500977, -0.6977227926254272, -0.16524995863437653, 0.6970475912094116),
            ["UpperTorso"] = CFrame.new(-1.1920928955078125e-07, -1.4901161193847656e-07, 2.60770320892334e-08, 0.985687792301178, 0.1627507358789444, -0.04395196959376335, -0.16163553297519684, 0.9864572882652283, 0.027858108282089233, 0.04789068549871445, -0.020355191081762314, 0.9986451864242554),
            ["LeftUpperArm"] = CFrame.new(9.5367431640625e-07, -0.0000019073486328125, -7.450580596923828e-08, 0.6370919346809387, 0.7052257061004639, -0.3110802471637726, -0.7491528391838074, 0.4715902805328369, -0.4651583731174469, -0.18133920431137085, 0.5293951630592346, 0.8287683129310608),
            ["RightLowerArm"] = CFrame.new(-8.642673492431641e-07, 0.000002205371856689453, 7.296912372112274e-07, 1, -5.513430210157821e-07, 1.4901158351676713e-07, 5.606559625448426e-07, 0.9772659540176392, -0.21201752126216888, 6.810294106429637e-09, 0.2120174914598465, 0.9772658348083496),
            ["LeftHand"] = CFrame.new(7.897615432739258e-07, 0.0000010132789611816406, 0, 0.047960348427295685, -0.47407111525535583, 0.8791794180870056, 0.7486904263496399, 0.5997004508972168, 0.2825284004211426, -0.6611826419830322, 0.6446829438209534, 0.3836941719055176),
            ["LowerTorso"] = CFrame.new(-0.5208457112312317, -0.16328322887420654, -0.6826773881912231, 0.3932061195373535, -0.054646529257297516, -0.9178249835968018, -0.07057664543390274, 0.9934932589530945, -0.08938755840063095, 0.9167376160621643, 0.09992476552724838, 0.3867908716201782),
            ["RightUpperLeg"] = CFrame.new(-6.258487701416016e-07, 3.2223761081695557e-07, 2.438173396512866e-08, 0.9271742701530457, -0.3480389416217804, 0.13862493634223938, 0.3735179901123047, 0.8303074836730957, -0.4136090874671936, 0.028850765898823738, 0.4352681338787079, 0.8998392224311829),
            ["LeftUpperLeg"] = CFrame.new(5.662441253662109e-07, 4.023313522338867e-07, 7.078051567077637e-08, 0.8437307476997375, 0.27882495522499084, 0.45866668224334717, -0.14028805494308472, 0.9393459558486938, -0.3129684031009674, -0.5181098580360413, 0.199714794754982, 0.8316704034805298)
        }},
        [7] = {Time = 0.200, Data = {
            ["LeftLowerArm"] = CFrame.new(0.000002771615982055664, 4.76837158203125e-07, 4.76837158203125e-07, 1, -6.183984169183532e-07, 1.3411046495548362e-07, 5.736948196499725e-07, 0.7690149545669556, -0.6392309069633484, 2.9429799042191007e-07, 0.6392309069633484, 0.7690148949623108),
            ["LeftFoot"] = CFrame.new(0.000011485069990158081, -0.00011640787124633789, 0.0009913444519042969, 0.9805587530136108, -0.1952659636735916, -0.019390031695365906, 0.18564854562282562, 0.9551673531532288, -0.23062913119792938, 0.06355435401201248, 0.22254541516304016, 0.9728484749794006),
            ["RightHand"] = CFrame.new(1.3783574104309082e-07, 5.960464477539063e-08, 2.2351741790771484e-08, 0.8165271878242493, -0.1774623692035675, 0.549354612827301, 0.177546888589859, 0.982654869556427, 0.05354004353284836, -0.5493273735046387, 0.05381929874420166, 0.8338722586631775),
            ["HumanoidRootPart"] = CFrame.new(0, 0, 0, 1, 0, 0, 0, 1, 0, 0, 0, 1),
            ["CamPart"] = CFrame.new(0.6001066565513611, 2.176816463470459, 0.26087164878845215, -0.9125372171401978, 0.22864866256713867, 0.3391103446483612, 0.25773024559020996, 0.9652730226516724, 0.0427001528441906, -0.3175707161426544, 0.12636446952819824, -0.9397770166397095),
            ["RightLowerLeg"] = CFrame.new(-9.313225746154785e-08, -0.000010967254638671875, -0.000013461503840517253, 1, -6.854536422906676e-07, -0.0000014081597328186035, 0.000001098960524359427, 0.9148907661437988, 0.40369912981987, 6.705521968797257e-07, -0.4037015736103058, 0.9148918390274048),
            ["RightFoot"] = CFrame.new(-0.000005640089511871338, -0.00005143880844116211, -0.000008482653356622905, 0.9475772976875305, 0.30495187640190125, 0.09539931267499924, -0.3134636878967285, 0.9450839757919312, 0.09251020103693008, -0.06194958835840225, -0.1175612211227417, 0.9911311864852905),
            ["LeftLowerLeg"] = CFrame.new(5.21540641784668e-07, -0.00003707408905029297, -0.0009861886501312256, 1, -0.0000014007094932821929, -6.929038249836594e-07, 0.000001654029233577603, 0.7633259892463684, 0.646013617515564, -2.756715389296005e-07, -0.6460135579109192, 0.7633259892463684),
            ["RightUpperArm"] = CFrame.new(-0.0000011324882507324219, -0.0000021457672119140625, 1.4901161193847656e-08, 0.9904791712760925, -0.06780357658863068, -0.11980771273374557, 0.07260763645172119, 0.9967036247253418, 0.03619421645998955, 0.11695869266986847, -0.04454857483506203, 0.9921371340751648),
            ["Head"] = CFrame.new(-1.4901161193847656e-08, -0.0000021457672119140625, 7.450580596923828e-09, 0.6936516761779785, -0.2921070456504822, 0.6584230661392212, 0.10843134671449661, 0.9460107088088989, 0.30546122789382935, -0.7121025919914246, -0.14049005508422852, 0.6878753900527954),
            ["UpperTorso"] = CFrame.new(-7.450580596923828e-08, -2.086162567138672e-07, -1.1175870895385742e-08, 0.9864377379417419, 0.1589096635580063, -0.041089627891778946, -0.15805348753929138, 0.987155020236969, 0.023327438160777092, 0.04426879435777664, -0.016516704112291336, 0.9988831281661987),
            ["LeftUpperArm"] = CFrame.new(0.0000010728836059570312, -0.0000025033950805664062, 2.9802322387695312e-08, 0.6372684240341187, 0.6961907744407654, -0.3304661214351654, -0.7508251070976257, 0.4642774164676666, -0.46979549527168274, -0.17363931238651276, 0.5475079417228699, 0.8185868263244629),
            ["RightLowerArm"] = CFrame.new(-0.0000011324882507324219, 0.0000013113021850585938, 9.94652509689331e-07, 1, -5.401672069638153e-07, 1.1175872316471214e-07, 5.541369318962097e-07, 0.9783786535263062, -0.2068217545747757, -4.621688276529312e-08, 0.2068217396736145, 0.9783787131309509),
            ["LeftHand"] = CFrame.new(-5.364418029785156e-07, 0.0000011920928955078125, -1.4901161193847656e-08, 0.04762745276093483, -0.4780084788799286, 0.8770630359649658, 0.7493686079978943, 0.5976619124412537, 0.28503870964050293, -0.6604380011558533, 0.6436677575111389, 0.3866696059703827),
            ["LowerTorso"] = CFrame.new(-0.514777660369873, -0.1627739667892456, -0.6824485659599304, 0.4026489853858948, -0.05754879489541054, -0.9135435819625854, -0.06869635730981827, 0.9933072924613953, -0.09285179525613785, 0.912773072719574, 0.10014382004737854, 0.3960007429122925),
            ["RightUpperLeg"] = CFrame.new(-5.066394805908203e-07, 3.501772880554199e-07, -7.992639439180493e-08, 0.9275736808776855, -0.34979546070098877, 0.13133983314037323, 0.37198492884635925, 0.8314788341522217, -0.4126363694667816, 0.03513224422931671, 0.43160882592201233, 0.9013773798942566),
            ["LeftUpperLeg"] = CFrame.new(5.364418029785156e-07, 3.427267074584961e-07, -7.078051567077637e-08, 0.8487162590026855, 0.27912119030952454, 0.44919031858444214, -0.14395292103290558, 0.9392333626747131, -0.31163859367370605, -0.5088793635368347, 0.19982995092868805, 0.8373227715492249)
        }},
        [8] = {Time = 0.233, Data = {
            ["LeftLowerArm"] = CFrame.new(5.364418029785156e-07, 2.384185791015625e-07, 3.8743019104003906e-07, 1, -6.034970851942489e-07, 2.2351744632942427e-07, 6.25848599611345e-07, 0.7718713879585266, -0.6357786059379578, 1.7508860139514582e-07, 0.6357787251472473, 0.7718715667724609),
            ["LeftFoot"] = CFrame.new(0.000011485069990158081, -0.00011652708053588867, 0.0009912103414535522, 0.9801254272460938, -0.19739599525928497, -0.01973022148013115, 0.18763233721256256, 0.9547231197357178, -0.23086410760879517, 0.06440840661525726, 0.2225729376077652, 0.9727858901023865),
            ["RightHand"] = CFrame.new(7.82310962677002e-08, -5.364418029785156e-07, 1.4901161193847656e-08, 0.815472424030304, -0.18369507789611816, 0.5488724112510681, 0.1843501776456833, 0.9813462495803833, 0.05454098805785179, -0.5486528277397156, 0.05670805275440216, 0.8341249823570251),
            ["HumanoidRootPart"] = CFrame.new(0, 0, 0, 1, 0, 0, 0, 1, 0, 0, 0, 1),
            ["CamPart"] = CFrame.new(0.5881261229515076, 2.1834850311279297, 0.26953625679016113, -0.9113950133323669, 0.22464005649089813, 0.34481295943260193, 0.2552424669265747, 0.9658088684082031, 0.04543721303343773, -0.3228163719177246, 0.1294221431016922, -0.9375711679458618),
            ["RightLowerLeg"] = CFrame.new(-3.3527612686157227e-08, -0.000010907649993896484, -0.000013662669516634196, 1, -5.736947628065536e-07, -0.000001236796947523544, 0.0000011622911415543058, 0.9098799824714661, 0.4148699641227722, 7.897619411778578e-07, -0.41487187147140503, 0.9098806977272034),
            ["RightFoot"] = CFrame.new(-0.000005666166543960571, -0.00005167722702026367, -0.00000849382922751829, 0.9482146501541138, 0.30369582772254944, 0.09304676949977875, -0.3112451732158661, 0.9468346238136292, 0.08143435418605804, -0.06336896121501923, -0.10617530345916748, 0.992326021194458),
            ["LeftLowerLeg"] = CFrame.new(2.8312206268310547e-07, -0.00003701448440551758, -0.000986635684967041, 1, -0.0000014081600738791167, -8.195637519747834e-07, 0.0000015050170532049378, 0.76217120885849, 0.6473758816719055, -3.203749372460152e-07, -0.6473755836486816, 0.7621708512306213),
            ["RightUpperArm"] = CFrame.new(-0.0000015497207641601562, -0.0000017881393432617188, -7.450580596923828e-09, 0.9906007647514343, -0.06333735585212708, -0.12123719602823257, 0.06913913786411285, 0.9966248869895935, 0.04425771161913872, 0.11802488565444946, -0.05222400650382042, 0.9916363954544067),
            ["Head"] = CFrame.new(-1.1920928955078125e-07, -0.0000026226043701171875, 3.725290298461914e-08, 0.6786884069442749, -0.30111998319625854, 0.6698573231697083, 0.12443358451128006, 0.9460424780845642, 0.2991989850997925, -0.723808228969574, -0.11971012502908707, 0.6795374155044556),
            ["UpperTorso"] = CFrame.new(-7.450580596923828e-08, -5.066394805908203e-07, 1.30385160446167e-08, 0.9871367812156677, 0.15535685420036316, -0.037753403186798096, -0.1547463834285736, 0.9877790808677673, 0.01860600709915161, 0.04018263518810272, -0.012524452991783619, 0.999113917350769),
            ["LeftUpperArm"] = CFrame.new(0.0000011920928955078125, -0.0000025033950805664062, -2.2351741790771484e-08, 0.6357759833335876, 0.6886727809906006, -0.3485960364341736, -0.7537462711334229, 0.4566214084625244, -0.47261300683021545, -0.16629938781261444, 0.5632289052009583, 0.8093934655189514),
            ["RightLowerArm"] = CFrame.new(-0.0000011324882507324219, 0.0000024437904357910156, 0.000001017935574054718, 1, -5.550683681576629e-07, 9.685756907629184e-08, 5.364420303521911e-07, 0.9793136119842529, -0.20234821736812592, -2.3108452040787597e-08, 0.2023482471704483, 0.9793136715888977),
            ["LeftHand"] = CFrame.new(-4.6938657760620117e-07, 0.0000016093254089355469, -2.384185791015625e-07, 0.04541342705488205, -0.4819341003894806, 0.8750298619270325, 0.7496287226676941, 0.5954157114028931, 0.289027601480484, -0.6602988243103027, 0.642821729183197, 0.3883114457130432),
            ["LowerTorso"] = CFrame.new(-0.508543074131012, -0.16235268115997314, -0.6813029646873474, 0.41052740812301636, -0.06079384684562683, -0.909819483757019, -0.06557013094425201, 0.9932239055633545, -0.09595335274934769, 0.9094877243041992, 0.09904845058917999, 0.40375933051109314),
            ["RightUpperLeg"] = CFrame.new(-6.854534149169922e-07, 8.195638656616211e-08, 4.1145540308207273e-08, 0.9287495017051697, -0.3493313789367676, 0.12406516820192337, 0.36853405833244324, 0.8338687419891357, -0.4109063744544983, 0.04008849710226059, 0.42735302448272705, 0.9031964540481567),
            ["LeftUpperLeg"] = CFrame.new(5.066394805908203e-07, 1.7136335372924805e-07, -1.6763806343078613e-08, 0.8525320291519165, 0.2820170521736145, 0.44006291031837463, -0.1493721902370453, 0.9382896423339844, -0.3119312822818756, -0.5008763074874878, 0.20019759237766266, 0.8420473337173462)
        }},
        [9] = {Time = 0.267, Data = {
            ["LeftLowerArm"] = CFrame.new(0.0000018477439880371094, 7.748603820800781e-07, 1.4901161193847656e-07, 1, -5.885960945306579e-07, 2.384186927884002e-07, 6.407499881788681e-07, 0.7729611992835999, -0.6344533562660217, 2.048909948371147e-07, 0.6344534158706665, 0.7729611992835999),
            ["LeftFoot"] = CFrame.new(0.000011596828699111938, -0.00011652708053588867, 0.0009911879897117615, 0.979611873626709, -0.19989845156669617, -0.020035414025187492, 0.18996462225914001, 0.9541268944740295, -0.23142090439796448, 0.06537662446498871, 0.22289572656154633, 0.9726474285125732),
