return {
    ["A Warrior Prepares"] = {
        {Time = 0.000, Data = {
            ["RightFoot"] = CFrame.new(-5.960464477539063e-08, 2.980232238769531e-07, 1.6952981241047382e-09, 0.9878398180007935, 0.15539151430130005, 0.005094611551612616, -0.13861605525016785, 0.8950895667076111, -0.4237923324108124, -0.07041363418102264, 0.4179331362247467, 0.9057450890541077),
            ["LeftLowerArm"] = CFrame.new(-5.960464477539063e-08, -2.384185791015625e-07, 2.980232238769531e-07, 1, -1.4901161193847656e-08, 1.862645149230957e-08, 1.7193087842315435e-08, 0.8923854231834412, -0.451274037361145, -6.332993507385254e-08, 0.4512740671634674, 0.8923854231834412),
            ["RightUpperArm"] = CFrame.new(-1.1920928955078125e-07, 2.384185791015625e-07, 0, 0.9715169072151184, -0.14917394518852234, 0.1841251254081726, 0.12029397487640381, 0.9798951148986816, 0.15916980803012848, -0.20416733622550964, -0.13248705863952637, 0.9699293375015259),
            ["Head"] = CFrame.new(-1.0058283805847168e-07, 1.1920928955078125e-07, 7.264316082000732e-08, 0.91669100522995, 0.029461808502674103, 0.3985094130039215, -0.020977171137928963, 0.9994512796401978, -0.02563565783202648, -0.39904603362083435, 0.015140341594815254, 0.9168059825897217),
            ["RightHand"] = CFrame.new(4.991888999938965e-07, -5.960464477539063e-08, 9.685754776000977e-08, 0.9923198819160461, 0.11871454119682312, -0.03475873917341232, -0.12288297712802887, 0.9782726764678955, -0.1669800877571106, 0.014180556870996952, 0.16996890306472778, 0.9853474497795105),
            ["UpperTorso"] = CFrame.new(5.398760549724102e-09, -6.258487701416016e-07, 5.587935447692871e-09, 0.9903784394264221, 0.013685704208910465, -0.1377076953649521, 0.013904211111366749, 0.980221688747406, 0.19741414487361908, 0.1376858651638031, -0.19742944836616516, 0.9705999493598938),
            ["HumanoidRootPart"] = CFrame.new(0, 0, 0, 1, 0, 0, 0, 1, 0, 0, 0, 1),
            ["RightUpperLeg"] = CFrame.new(1.1920928955078125e-07, -3.6135315895080566e-07, 5.75528247281909e-09, 0.9206271171569824, -0.2004181444644928, -0.33507969975471497, 0.17629913985729218, 0.9791154265403748, -0.10125008225440979, 0.34837377071380615, 0.034139204770326614, 0.9367337226867676),
            ["LeftUpperArm"] = CFrame.new(0, -1.1920928955078125e-07, 0, 0.8001399040222168, 0.24833986163139343, -0.5459885597229004, -0.23136812448501587, 0.9676048755645752, 0.10104247182607651, 0.553394079208374, 0.045476265251636505, 0.8316771388053894),
            ["RightLowerArm"] = CFrame.new(3.5762786865234375e-07, 3.5762786865234375e-07, -8.940696716308594e-08, 1, -3.725290298461914e-08, 4.6566133171666024e-09, 3.91155481338501e-08, 0.9060731530189514, -0.4231211841106415, -1.4901161193847656e-08, 0.4231211841106415, 0.9060731530189514),
            ["LeftHand"] = CFrame.new(2.384185791015625e-07, -4.172325134277344e-07, -5.587935447692871e-08, 0.986247718334198, -0.1376030147075653, 0.09154801815748215, 0.14435921609401703, 0.9869188666343689, -0.07177529484033585, -0.08047399669885635, 0.08400406688451767, 0.9932106137275696),
            ["LeftFoot"] = CFrame.new(5.587935447692871e-08, -5.960464477539063e-08, 4.0978193283081055e-08, 0.9914606213569641, -0.12744782865047455, -0.02762083150446415, 0.12993721663951874, 0.9834315180778503, 0.1264076977968216, 0.01105278730392456, -0.12891732156276703, 0.9915938377380371),
            ["LowerTorso"] = CFrame.new(-0.05992240831255913, -0.11310124397277832, 0.03319256752729416, 0.963486909866333, -0.011908813379704952, -0.267490416765213, 0.00008108061592793092, 0.9990233778953552, -0.04418499767780304, 0.2677553594112396, 0.0425499826669693, 0.9625469446182251),
            ["RightLowerLeg"] = CFrame.new(-6.705522537231445e-08, -0.00012242794036865234, -0.00007740238652331755, 1, -7.450579886381092e-08, -3.725289943190546e-08, 8.661299233381214e-08, 0.8411668539047241, 0.5407754778862, -6.70552182668871e-08, -0.5407757759094238, 0.8411669731140137),
            ["LeftUpperLeg"] = CFrame.new(-1.7881393432617188e-07, -4.1816383600234985e-07, 3.725290298461914e-08, 0.9845557808876038, 0.16973915696144104, 0.04287758469581604, -0.1376514881849289, 0.9018738269805908, -0.40948227047920227, -0.10817540436983109, 0.39725613594055176, 0.9113099575042725),
            ["LeftLowerLeg"] = CFrame.new(-3.725290298461914e-08, 0.0001227259635925293, 0.00007756054401397705, 1, -5.587932783157612e-09, 8.940696716308594e-08, 2.2351741790771484e-08, 0.9461029171943665, 0.32386621832847595, 4.470348358154297e-08, -0.3238661289215088, 0.9461029767990112),
        }},
        {Time = 0.033, Data = {
            ["RightFoot"] = CFrame.new(7.450580596923828e-09, 2.980232238769531e-07, 7.620110409334302e-08, 0.9884882569313049, 0.15123313665390015, 0.004450690932571888, -0.1351490467786789, 0.8958204388618469, -0.42336785793304443, -0.0680142194032669, 0.4178926944732666, 0.9059470295906067),
            ["LeftLowerArm"] = CFrame.new(-1.4901161193847656e-07, 2.384185791015625e-07, 5.960464477539063e-08, 1, -5.960462345910855e-08, -4.0978189730367376e-08, 2.9685907065868378e-08, 0.8934720158576965, -0.449118971824646, -5.960464477539063e-08, 0.449118971824646, 0.8934719562530518),
            ["RightUpperArm"] = CFrame.new(0, -2.384185791015625e-07, 8.940696716308594e-08, 0.9698385000228882, -0.14768846333026886, 0.19391077756881714, 0.1168515756726265, 0.9798693656921387, 0.16186945140361786, -0.2139134705066681, -0.1343284249305725, 0.9675726890563965),
            ["Head"] = CFrame.new(-3.632158041000366e-08, -2.384185791015625e-07, 1.1175870895385742e-07, 0.9186618328094482, 0.030362918972969055, 0.39387640357017517, -0.022248100489377975, 0.9994360208511353, -0.02515339106321335, -0.394417941570282, 0.014344470575451851, 0.9188191890716553),
            ["RightHand"] = CFrame.new(4.842877388000488e-07, 1.1920928955078125e-07, -7.078051567077637e-08, 0.9905788898468018, 0.1307307630777359, -0.04077896475791931, -0.13562996685504913, 0.9777132272720337, -0.1602538824081421, 0.01892000436782837, 0.16427497565746307, 0.986233115196228),
            ["UpperTorso"] = CFrame.new(1.862645149230957e-09, 2.9802322387695312e-08, -1.862645149230957e-09, 0.9903784394264221, 0.013685805723071098, -0.13770751655101776, 0.013904091902077198, 0.9802216291427612, 0.19741424918174744, 0.13768568634986877, -0.19742950797080994, 0.9705999493598938),
            ["HumanoidRootPart"] = CFrame.new(0, 0, 0, 1, 0, 0, 0, 1, 0, 0, 0, 1),
            ["RightUpperLeg"] = CFrame.new(5.960464477539063e-08, -1.94646418094635e-07, 2.2519088815897703e-08, 0.9222754836082458, -0.19560843706130981, -0.33338463306427, 0.17030905187129974, 0.9799080491065979, -0.10380309075117111, 0.34699103236198425, 0.03895644471049309, 0.9370591044425964),
            ["LeftUpperArm"] = CFrame.new(0, 4.76837158203125e-07, 1.4901161193847656e-07, 0.800473690032959, 0.246163010597229, -0.5464848875999451, -0.2302526831626892, 0.9681011438369751, 0.09881243109703064, 0.5533765554428101, 0.046732883900403976, 0.8316192030906677),
            ["RightLowerArm"] = CFrame.new(-2.9802322387695312e-08, 5.960464477539063e-08, 1.4901161193847656e-07, 1, -4.0978196835794733e-08, 3.725291186640334e-09, 4.0978196835794733e-08, 0.9069195985794067, -0.42130377888679504, 3.725290742551124e-09, 0.4213038682937622, 0.9069195985794067),
            ["LeftHand"] = CFrame.new(-2.682209014892578e-07, -2.384185791015625e-07, 1.2246891856193542e-07, 0.986411988735199, -0.13554410636425018, 0.09283975511789322, 0.1427936553955078, 0.9867942333221436, -0.07646768540143967, -0.08124895393848419, 0.08868560194969177, 0.9927404522895813),
            ["LeftFoot"] = CFrame.new(1.4901161193847656e-08, 0, 1.4901161193847656e-08, 0.9913091063499451, -0.12899203598499298, -0.02583286352455616, 0.13127095997333527, 0.9827796220779419, 0.13004758954048157, 0.008613012731075287, -0.13230827450752258, 0.9911711812019348),
            ["LowerTorso"] = CFrame.new(-0.05510785058140755, -0.11256814002990723, 0.037416018545627594, 0.9630342721939087, -0.012559999711811543, -0.26908624172210693, 0.001240781624801457, 0.9991086721420288, -0.042194243520498276, 0.26937633752822876, 0.04030062258243561, 0.9621914625167847),
            ["RightLowerLeg"] = CFrame.new(-1.1920928955078125e-07, -0.00012236833572387695, -0.00007743218884570524, 1, -8.940698137394065e-08, -1.4901159417490817e-08, 1.0337681999317283e-07, 0.840797483921051, 0.5413495898246765, -3.166497108963995e-08, -0.5413498878479004, 0.8407976031303406),
            ["LeftUpperLeg"] = CFrame.new(0, -1.3550743460655212e-07, -2.7939677238464355e-08, 0.9838535189628601, 0.17411868274211884, 0.04141336306929588, -0.14111457765102386, 0.8969994187355042, -0.4189019203186035, -0.11008642613887787, 0.4062941372394562, 0.9070866703987122),
            ["LeftLowerLeg"] = CFrame.new(5.960464477539063e-08, 0.0001226663589477539, 0.00007747858762741089, 1, 4.0978196835794733e-08, -7.450577932388569e-09, -7.450580596923828e-09, 0.942546010017395, 0.3340761959552765, -2.9802322387695312e-08, -0.3340764045715332, 0.9425460696220398),
        }},
        {Time = 0.067, Data = {
            ["RightFoot"] = CFrame.new(-7.450580596923828e-09, 3.5762786865234375e-07, -3.55576048605144e-08, 0.9900959730148315, 0.1403648853302002, 0.002805397380143404, -0.12609095871448517, 0.8978434205055237, -0.4218745231628418, -0.06173493340611458, 0.41734275221824646, 0.9066498875617981),
            ["LeftLowerArm"] = CFrame.new(-2.980232238769531e-07, -8.344650268554688e-07, 1.7881393432617188e-07, 1, -1.4901161193847656e-08, 2.980232594040899e-08, 2.8405342078485774e-08, 0.89616858959198, -0.4437136650085449, -6.33299421792799e-08, 0.4437136948108673, 0.8961686491966248),
            ["RightUpperArm"] = CFrame.new(-1.7881393432617188e-07, 4.76837158203125e-07, 1.043081283569336e-07, 0.9674067497253418, -0.14390921592712402, 0.2083612084388733, 0.10974756628274918, 0.979800820350647, 0.16717059910297394, -0.22820983827114105, -0.1388547718524933, 0.9636594653129578),
            ["Head"] = CFrame.new(-2.8870999813079834e-08, 2.384185791015625e-07, 1.5087425708770752e-07, 0.924285888671875, 0.03283638507127762, 0.38028591871261597, -0.025969231501221657, 0.9993940591812134, -0.023175964131951332, -0.3808165192604065, 0.01154546719044447, 0.9245785474777222),
            ["RightHand"] = CFrame.new(3.0547380447387695e-07, -1.1920928955078125e-07, 7.450580596923828e-08, 0.9876050353050232, 0.1480177789926529, -0.05222104489803314, -0.15432707965373993, 0.9764005541801453, -0.15107980370521545, 0.02862614393234253, 0.1572662740945816, 0.9871412515640259),
            ["UpperTorso"] = CFrame.new(0, 2.086162567138672e-07, -4.6566128730773926e-09, 0.9903783798217773, 0.013686064630746841, -0.13770747184753418, 0.013903842307627201, 0.9802216291427612, 0.19741438329219818, 0.13768574595451355, -0.1974295824766159, 0.9706000089645386),
            ["HumanoidRootPart"] = CFrame.new(0, 0, 0, 1, 0, 0, 0, 1, 0, 0, 0, 1),
            ["RightUpperLeg"] = CFrame.new(0, -3.119930624961853e-08, 6.815389497205615e-08, 0.9264872074127197, -0.1828734278678894, -0.3289053440093994, 0.1547720730304718, 0.9818161725997925, -0.10992150753736496, 0.3430262506008148, 0.050935570150613785, 0.9379437565803528),
            ["LeftUpperArm"] = CFrame.new(0, 3.5762786865234375e-07, 1.4901161193847656e-07, 0.8012515306472778, 0.24087245762348175, -0.5477011799812317, -0.22767028212547302, 0.9692673087120056, 0.09320531785488129, 0.5533193945884705, 0.0500144362449646, 0.8314663171768188),
            ["RightLowerArm"] = CFrame.new(5.960464477539063e-08, 5.960464477539063e-08, 2.9802322387695312e-08, 1, -4.190951941041021e-08, 7.450577932388569e-09, 3.539026138810186e-08, 0.9089488387107849, -0.41690778732299805, 1.1175872671742582e-08, 0.4169079065322876, 0.9089487791061401),
            ["LeftHand"] = CFrame.new(1.7881393432617188e-07, 3.5762786865234375e-07, 1.9185245037078857e-07, 0.9868394136428833, -0.13125552237033844, 0.0944453626871109, 0.13950854539871216, 0.9864060282707214, -0.08683642745018005, -0.08176377415657043, 0.09886959940195084, 0.9917356371879578),
            ["LeftFoot"] = CFrame.new(-1.1175870895385742e-08, 5.960464477539063e-08, 6.332993507385254e-08, 0.9908828735351562, -0.13302557170391083, -0.021339477971196175, 0.13470588624477386, 0.9809727668762207, 0.13980965316295624, 0.0023349947296082973, -0.1414097100496292, 0.9899484515190125),
            ["LowerTorso"] = CFrame.new(-0.042459141463041306, -0.1110537052154541, 0.0482935756444931, 0.9617710709571838, -0.014202681370079517, -0.27348625659942627, 0.00419944291934371, 0.9993017315864563, -0.03712749853730202, 0.2738226056098938, 0.03455965965986252, 0.9611591100692749),
            ["RightLowerLeg"] = CFrame.new(-1.564621925354004e-07, -0.00012218952178955078, -0.0000775141452322714, 1, -1.266598985694145e-07, -9.313227167240257e-08, 5.5879368687783426e-08, 0.8403358459472656, 0.5420655608177185, -8.381905303167514e-08, -0.5420661568641663, 0.840336263179779),
            ["LeftUpperLeg"] = CFrame.new(-5.960464477539063e-08, 2.0489096641540527e-07, -2.7008354663848877e-08, 0.9819484949111938, 0.18537698686122894, 0.03758486360311508, -0.1499491184949875, 0.8840428590774536, -0.442700058221817, -0.11529291421175003, 0.4290729761123657, 0.8958816528320312),
            ["LeftLowerLeg"] = CFrame.new(2.2351741790771484e-08, 0.0001226663589477539, 0.00007743388414382935, 1, 2.048909131247001e-08, 7.823111758398227e-08, 0, 0.9329836964607239, 0.3599187433719635, 1.4901164746561335e-08, -0.35991859436035156, 0.9329837560653687),
        }},
        {Time = 0.100, Data = {
            ["RightFoot"] = CFrame.new(2.60770320892334e-08, 2.980232238769531e-07, -7.281050784513354e-08, 0.9921309947967529, 0.12520365417003632, 0.0005763256922364235, -0.11345016211271286, 0.9009222984313965, -0.41888871788978577, -0.05296572670340538, 0.41552746295928955, 0.9080374240875244),
            ["LeftLowerArm"] = CFrame.new(-2.682209014892578e-07, 5.364418029785156e-07, 2.980232238769531e-07, 1, -3.725290298461914e-08, -1.676381167214913e-08, 3.725290653733282e-08, 0.9006046652793884, -0.4346392750740051, 5.587936335871291e-09, 0.4346393942832947, 0.9006046056747437),
            ["RightUpperArm"] = CFrame.new(0, 5.960464477539062e-07, -1.341104507446289e-07, 0.9645206332206726, -0.13823889195919037, 0.2249222993850708, 0.09986714273691177, 0.9796914458274841, 0.17387136816978455, -0.24439024925231934, -0.14524012804031372, 0.9587381482124329),
            ["Head"] = CFrame.new(-4.470348358154297e-08, 5.960464477539062e-07, 1.4901161193847656e-08, 0.9329346418380737, 0.03660096600651741, 0.35818082094192505, -0.03196905180811882, 0.9993111491203308, -0.018847238272428513, -0.3586239516735077, 0.006132550537586212, 0.9334619641304016),
            ["RightHand"] = CFrame.new(1.4156103134155273e-07, -5.960464477539063e-08, 1.4901161193847656e-08, 0.9854162931442261, 0.15667365491390228, -0.06639473885297775, -0.1650567501783371, 0.9749442934989929, -0.14913049340248108, 0.04136635363101959, 0.15791450440883636, 0.9865859746932983),
            ["UpperTorso"] = CFrame.new(9.313225746154785e-10, 0, -5.587935447692871e-09, 0.9903783798217773, 0.013686413876712322, -0.13770757615566254, 0.01390354335308075, 0.9802215695381165, 0.19741465151309967, 0.1376858353614807, -0.197429820895195, 0.970599889755249),
            ["HumanoidRootPart"] = CFrame.new(0, 0, 0, 1, 0, 0, 0, 1, 0, 0, 0, 1),
            ["RightUpperLeg"] = CFrame.new(2.384185791015625e-07, -3.580935299396515e-07, 8.549250196665525e-09, 0.9321122169494629, -0.1647128462791443, -0.3225468397140503, 0.13335201144218445, 0.9841163158416748, -0.11718511581420898, 0.3367256820201874, 0.06621713936328888, 0.9392716288566589),
            ["LeftUpperArm"] = CFrame.new(5.960464477539063e-08, 1.1920928955078125e-07, 5.960464477539063e-08, 0.7997133731842041, 0.23239101469516754, -0.5535820126533508, -0.2235235571861267, 0.9710097908973694, 0.08471950143575668, 0.557221531867981, 0.05598730221390724, 0.8284742832183838),
            ["RightLowerArm"] = CFrame.new(-3.5762786865234375e-07, -3.5762786865234375e-07, 2.9802322387695312e-08, 1, -3.9115558791991134e-08, 2.0489094865183688e-08, 4.004688136660661e-08, 0.9121897220611572, -0.40976834297180176, 7.450582373280668e-09, 0.40976837277412415, 0.9121896624565125),
            ["LeftHand"] = CFrame.new(-1.1920928955078125e-07, 1.1920928955078125e-07, -3.166496753692627e-08, 0.9874712228775024, -0.1259324550628662, 0.0950872153043747, 0.13549010455608368, 0.9855326414108276, -0.10182270407676697, -0.08088889718055725, 0.11343041807413101, 0.9902477264404297),
            ["LeftFoot"] = CFrame.new(-4.470348358154297e-08, 5.960464477539063e-08, -6.332993507385254e-08, 0.990155816078186, -0.13905030488967896, -0.016018414869904518, 0.13983546197414398, 0.9776915311813354, 0.15673334896564484, -0.00613312516361475, -0.1574304848909378, 0.9875110983848572),
            ["LowerTorso"] = CFrame.new(-0.024666352197527885, -0.1086738109588623, 0.0631403774023056, 0.9598336219787598, -0.01636015810072422, -0.2800927460193634, 0.00818080734461546, 0.9995059370994568, -0.030346602201461792, 0.28045082092285156, 0.026836302131414413, 0.9594931602478027),
            ["RightLowerLeg"] = CFrame.new(-2.9802322387695312e-08, -0.00012224912643432617, -0.00007736513362033293, 1, -1.043081283569336e-07, 1.1175872671742582e-08, 9.872017159295865e-08, 0.8408702611923218, 0.5412366390228271, -2.7939670133036998e-08, -0.5412368774414062, 0.8408703804016113),
            ["LeftUpperLeg"] = CFrame.new(-1.1920928955078125e-07, -4.5890919864177704e-07, 2.8870999813079834e-08, 0.9789565801620483, 0.20141811668872833, 0.03278644010424614, -0.16252194344997406, 0.8666823506355286, -0.47164443135261536, -0.12341288477182388, 0.4563907980918884, 0.88117915391922),
            ["LeftLowerLeg"] = CFrame.new(9.685754776000977e-08, 0.00012284517288208008, 0.0000774189829826355, 1, -9.313223969797946e-09, 9.499491682163352e-08, -4.0978189730367376e-08, 0.9212384819984436, 0.3889985978603363, 8.940695295223122e-08, -0.3889983296394348, 0.921238362789154),
        }},
        {Time = 0.133, Data = {
            ["RightFoot"] = CFrame.new(-9.313225746154785e-09, 2.384185791015625e-07, -5.75528247281909e-09, 0.9941293597221375, 0.1081833615899086, -0.0017777514876797795, -0.09919856488704681, 0.9047577381134033, -0.41421350836753845, -0.0432024784386158, 0.41195860505104065, 0.9101780652999878),
            ["LeftLowerArm"] = CFrame.new(-2.384185791015625e-07, -1.7881393432617188e-07, -1.1920928955078125e-07, 1, -5.2154071283894154e-08, -9.313227522511625e-09, 5.1222748709278676e-08, 0.9061770439147949, -0.4228987395763397, 1.4901162970204496e-08, 0.42289870977401733, 0.9061770439147949),
            ["RightUpperArm"] = CFrame.new(0, 2.384185791015625e-07, -5.960464477539063e-08, 0.9616777896881104, -0.13177454471588135, 0.24043995141983032, 0.08921165764331818, 0.9796018004417419, 0.18006032705307007, -0.2592628002166748, -0.15170998871326447, 0.9538170099258423),
            ["Head"] = CFrame.new(-4.470348358154297e-08, 1.1920928955078125e-07, 8.754432201385498e-08, 0.9438273310661316, 0.04159555956721306, 0.3278106153011322, -0.04010298103094101, 0.9991315007209778, -0.011314836330711842, -0.3279966711997986, -0.002466876059770584, 0.9446756839752197),
            ["RightHand"] = CFrame.new(1.341104507446289e-07, -3.5762786865234375e-07, 5.960464477539063e-08, 0.9835700988769531, 0.16198961436748505, -0.07968275994062424, -0.17251300811767578, 0.9734449982643127, -0.15047961473464966, 0.053190674632787704, 0.1617535501718521, 0.9853966236114502),
            ["UpperTorso"] = CFrame.new(-8.381903171539307e-09, -8.940696716308594e-08, 1.0710209608078003e-08, 0.9903784394264221, 0.013686904683709145, -0.13770724833011627, 0.013903098180890083, 0.9802213311195374, 0.19741538166999817, 0.1376856118440628, -0.19743049144744873, 0.9705997705459595),
            ["HumanoidRootPart"] = CFrame.new(0, 0, 0, 1, 0, 0, 0, 1, 0, 0, 0, 1),
            ["RightUpperLeg"] = CFrame.new(1.7881393432617188e-07, 2.514570951461792e-08, 4.300818545743823e-08, 0.9381142854690552, -0.14378231763839722, -0.31506872177124023, 0.10973907262086868, 0.9862777590751648, -0.12334353476762772, 0.32847967743873596, 0.08113495260477066, 0.9410197138786316),
            ["LeftUpperArm"] = CFrame.new(1.1920928955078125e-07, 0, 5.960464477539063e-08, 0.7945869565010071, 0.22146081924438477, -0.5653199553489685, -0.2183074802160263, 0.9730443358421326, 0.07434175908565521, 0.5665450692176819, 0.06434261053800583, 0.8215149641036987),
            ["RightLowerArm"] = CFrame.new(-1.4901161193847656e-07, -2.384185791015625e-07, 5.960464477539063e-08, 1, -4.5634816814299484e-08, -5.8207669795251604e-09, 4.284083843231201e-08, 0.9162397980690002, -0.4006304144859314, -9.313225746154785e-09, 0.400630384683609, 0.9162397980690002),
            ["LeftHand"] = CFrame.new(7.450580596923828e-08, -2.384185791015625e-07, -2.2351741790771484e-08, 0.9882839918136597, -0.12098794430494308, 0.0930418148636818, 0.13159134984016418, 0.9842749834060669, -0.1178414598107338, -0.07732131332159042, 0.12870435416698456, 0.9886641502380371),
            ["LeftFoot"] = CFrame.new(4.470348358154297e-08, 1.1920928955078125e-07, 2.60770320892334e-08, 0.9892573356628418, -0.1457647979259491, -0.011074937880039215, 0.14537625014781952, 0.9730004072189331, 0.17926527559757233, -0.015354955568909645, -0.17894941568374634, 0.9837384819984436),
            ["LowerTorso"] = CFrame.new(-0.004419501405209303, -0.10555171966552734, 0.07927297800779343, 0.9573611617088318, -0.018575847148895264, -0.2882959246635437, 0.012405028566718102, 0.9996535181999207, -0.023216836154460907, 0.2886272966861725, 0.01865057833492756, 0.9572598934173584),
            ["RightLowerLeg"] = CFrame.new(2.2351741790771484e-08, -0.00012218952178955078, -0.00007736513362033293, 1, -9.685752644372769e-08, -2.2351747119842003e-08, 6.705523247774181e-08, 0.8432380557060242, 0.5375403761863708, -4.6566135836201283e-08, -0.5375404357910156, 0.8432379961013794),
            ["LeftUpperLeg"] = CFrame.new(-1.1920928955078125e-07, 1.8568243831396103e-07, 3.725290298461914e-09, 0.9752241373062134, 0.21940302848815918, 0.028290947899222374, -0.1763487607240677, 0.84824538230896, -0.4993804693222046, -0.13356296718120575, 0.48201876878738403, 0.8659207820892334),
            ["LeftLowerLeg"] = CFrame.new(0, 0.0001227259635925293, 0.00007727742195129395, 1, 1.1175872671742582e-08, 3.725290653733282e-08, -7.450581307466564e-08, 0.9101225733757019, 0.41433900594711304, 5.960465188081798e-08, -0.41433918476104736, 0.9101226329803467),
        }},
        {Time = 0.167, Data = {
            ["RightFoot"] = CFrame.new(-1.862645149230957e-09, 2.980232238769531e-07, -1.3205863069742918e-08, 0.9957748055458069, 0.09174513071775436, -0.003925155382603407, -0.08535929769277573, 0.909011960029602, -0.4079349637031555, -0.03385809808969498, 0.4065466523170471, 0.9130025506019592),
            ["LeftLowerArm"] = CFrame.new(-1.7881393432617188e-07, 2.384185791015625e-07, 8.940696716308594e-08, 1, -4.470347292340193e-08, 3.9115551686563776e-08, 3.6321576857289983e-08, 0.9111602306365967, -0.412052184343338, -1.862644971595273e-08, 0.4120521545410156, 0.9111602902412415),
            ["RightUpperArm"] = CFrame.new(-5.960464477539063e-08, 0, -5.960464477539063e-08, 0.9589513540267944, -0.1258263885974884, 0.2541261315345764, 0.07966818660497665, 0.9796151518821716, 0.18441039323806763, -0.2721494734287262, -0.15659484267234802, 0.949427604675293),
            ["Head"] = CFrame.new(-7.450580596923828e-08, -1.1920928955078125e-07, 1.862645149230957e-08, 0.9559643268585205, 0.04776743799448013, 0.2895697355270386, -0.05001262575387955, 0.9987485408782959, 0.0003544795326888561, -0.28919047117233276, -0.014821033924818039, 0.9571568965911865),
            ["RightHand"] = CFrame.new(2.682209014892578e-07, 1.1920928955078125e-07, 4.470348358154297e-08, 0.9825434684753418, 0.16430461406707764, -0.08724852651357651, -0.1763029247522354, 0.97208571434021, -0.15481199324131012, 0.059376735240221024, 0.16749168932437897, 0.9840838313102722),
            ["UpperTorso"] = CFrame.new(2.7939677238464355e-09, 2.980232238769531e-07, 1.4202669262886047e-08, 0.9903783798217773, 0.01368749514222145, -0.13770753145217896, 0.01390262320637703, 0.9802213907241821, 0.1974157691001892, 0.1376861184835434, -0.1974307894706726, 0.9705996513366699),
            ["HumanoidRootPart"] = CFrame.new(0, 0, 0, 1, 0, 0, 0, 1, 0, 0, 0, 1),
            ["RightUpperLeg"] = CFrame.new(1.1920928955078125e-07, -3.2456591725349426e-07, 4.300818545743823e-08, 0.943721354007721, -0.12295942008495331, -0.3070356547832489, 0.08759644627571106, 0.9880959391593933, -0.12646500766277313, 0.3189307749271393, 0.09245236217975616, 0.9432579874992371),
            ["LeftUpperArm"] = CFrame.new(5.960464477539063e-08, -1.1920928955078125e-07, -5.960464477539063e-08, 0.7864116430282593, 0.209303617477417, -0.581161618232727, -0.21242186427116394, 0.9750974178314209, 0.06373511999845505, 0.5800291299819946, 0.07332942634820938, 0.811288595199585),
            ["RightLowerArm"] = CFrame.new(5.960464477539063e-08, -3.5762786865234375e-07, -4.470348358154297e-08, 1, -3.119931335504589e-08, 6.28642649047606e-09, 3.2363466573315236e-08, 0.9203231930732727, -0.3911590278148651, 1.1175873559921001e-08, 0.3911590278148651, 0.9203230738639832),
            ["LeftHand"] = CFrame.new(-1.341104507446289e-07, 3.5762786865234375e-07, 1.4901161193847656e-07, 0.9892542958259583, -0.1160842776298523, 0.08888445049524307, 0.12701760232448578, 0.9834398031234741, -0.12927761673927307, -0.07240547239780426, 0.13917838037014008, 0.987616777420044),
            ["LeftFoot"] = CFrame.new(7.82310962677002e-08, 0, -2.2351741790771484e-08, 0.9882552027702332, -0.1526147425174713, -0.007781336084008217, 0.1509893238544464, 0.967350959777832, 0.20355449616909027, -0.02353828400373459, -0.20233865082263947, 0.9790327548980713),
            ["LowerTorso"] = CFrame.new(0.015591321513056755, -0.1018056869506836, 0.0940026193857193, 0.954521119594574, -0.020457562059164047, -0.29744091629981995, 0.016095688566565514, 0.9997241497039795, -0.017106743529438972, 0.2977088391780853, 0.011541229672729969, 0.9545869827270508),
            ["RightLowerLeg"] = CFrame.new(7.450580596923828e-09, -0.00012230873107910156, -0.00007732043013675138, 1, -1.0430815677864302e-07, 1.4901161193847656e-08, 8.568167686462402e-08, 0.8477899432182312, 0.5303318500518799, -2.7939677238464355e-08, -0.5303322672843933, 0.8477901220321655),
            ["LeftUpperLeg"] = CFrame.new(-5.960464477539063e-08, -2.3399479687213898e-08, -1.862645149230957e-08, 0.9710759520530701, 0.23739784955978394, 0.0255719106644392, -0.18974144756793976, 0.8322495818138123, -0.5209208726882935, -0.14494767785072327, 0.5010018348693848, 0.8532218933105469),
            ["LeftLowerLeg"] = CFrame.new(-5.960464477539063e-08, 0.0001226663589477539, 0.00007725507020950317, 1, 2.2351747119842003e-08, 5.401669156412936e-08, -2.9802322387695312e-08, 0.9018206596374512, 0.43211033940315247, 1.4901161193847656e-07, -0.43211066722869873, 0.9018207788467407),
        }},
        {Time = 0.200, Data = {
            ["RightFoot"] = CFrame.new(1.862645149230957e-08, 3.5762786865234375e-07, -1.3205863069742918e-08, 0.9969152212142944, 0.07829597592353821, -0.00546389352530241, -0.07391983270645142, 0.9132360816001892, -0.4006686210632324, -0.02638099528849125, 0.3998369872570038, 0.9162067770957947),
            ["LeftLowerArm"] = CFrame.new(-2.384185791015625e-07, 2.980232238769531e-07, 2.9802322387695312e-08, 1, -4.470347647611561e-08, -3.725291630729544e-09, 3.3527616238870905e-08, 0.9180648922920227, -0.3964301645755768, -9.313226634333205e-09, 0.396430104970932, 0.9180650115013123),
            ["RightUpperArm"] = CFrame.new(1.1920928955078125e-07, -2.384185791015625e-07, -1.4901161193847656e-07, 0.9572418928146362, -0.12056374549865723, 0.2629684507846832, 0.07201360911130905, 0.9797110557556152, 0.18703071773052216, -0.28018221259117126, -0.16009631752967834, 0.9465026259422302),
            ["Head"] = CFrame.new(-3.725290298461914e-08, 0, -5.960464477539063e-08, 0.9682919979095459, 0.05509187653660774, 0.2436712235212326, -0.061055973172187805, 0.99798983335495, 0.016985401511192322, -0.24224556982517242, -0.031324438750743866, 0.9697092175483704),
            ["RightHand"] = CFrame.new(2.905726432800293e-07, 1.1920928955078125e-07, 3.3527612686157227e-08, 0.9821741580963135, 0.16542468965053558, -0.08926760405302048, -0.1780332773923874, 0.9710325002670288, -0.15937423706054688, 0.06031730771064758, 0.17242586612701416, 0.9831740260124207),
            ["UpperTorso"] = CFrame.new(-1.30385160446167e-08, 0, 6.984919309616089e-09, 0.9903785586357117, 0.013688016682863235, -0.13770681619644165, 0.013902057893574238, 0.9802212119102478, 0.1974162757396698, 0.13768546283245087, -0.19743125140666962, 0.9705996513366699),
            ["HumanoidRootPart"] = CFrame.new(0, 0, 0, 1, 0, 0, 0, 1, 0, 0, 0, 1),
            ["RightUpperLeg"] = CFrame.new(1.1920928955078125e-07, 3.9639417082071304e-07, 2.8107024263590574e-08, 0.9484578967094421, -0.10534414649009705, -0.29888150095939636, 0.07051362842321396, 0.9896421432495117, -0.12504544854164124, 0.30895861983299255, 0.09752492606639862, 0.9460621476173401),
            ["LeftUpperArm"] = CFrame.new(0, 2.384185791015625e-07, 0, 0.7763233184814453, 0.19611424207687378, -0.5990504026412964, -0.2072281837463379, 0.9769479036331177, 0.05127668008208275, 0.59529709815979, 0.08433284610509872, 0.7990678548812866),
            ["RightLowerArm"] = CFrame.new(-1.4901161193847656e-07, -9.5367431640625e-07, 2.9802322387695312e-08, 1, -3.341119381161661e-08, 1.7578713595867157e-08, 3.818422555923462e-08, 0.924112856388092, -0.3821198344230652, -1.1175870895385742e-08, 0.3821198642253876, 0.9241127967834473),
            ["LeftHand"] = CFrame.new(-1.6391277313232422e-07, 1.1920928955078125e-07, 8.568167686462402e-08, 0.990384578704834, -0.11565479636192322, 0.07591070979833603, 0.12543673813343048, 0.9821499586105347, -0.1401679515838623, -0.05834473669528961, 0.14834220707416534, 0.9872136116027832),
            ["LeftFoot"] = CFrame.new(-1.1175870895385742e-08, -1.1920928955078125e-07, -1.4901161193847656e-08, 0.9872862696647644, -0.15880131721496582, -0.006937263533473015, 0.156280979514122, 0.9617995023727417, 0.2247621715068817, -0.029020382091403008, -0.22298875451087952, 0.9743889570236206),
            ["LowerTorso"] = CFrame.new(0.03267611190676689, -0.09755396842956543, 0.10464724898338318, 0.9515023827552795, -0.021688837558031082, -0.306876003742218, 0.01847185380756855, 0.9997398257255554, -0.01338384859263897, 0.30708640813827515, 0.00706619443371892, 0.951655387878418),
            ["RightLowerLeg"] = CFrame.new(1.4901161193847656e-08, -0.00012236833572387695, -0.0000775737498770468, 1, -9.685751223287298e-08, 1.1175870895385742e-08, 9.313223614526578e-08, 0.8543063998222351, 0.5197696089744568, -1.2107190627830278e-07, -0.5197697877883911, 0.8543065190315247),
            ["LeftUpperLeg"] = CFrame.new(-5.960464477539063e-08, 1.6205012798309326e-07, -4.842877388000488e-08, 0.9670522212982178, 0.25324782729148865, 0.025994494557380676, -0.2007678747177124, 0.8214425444602966, -0.533782958984375, -0.1565321683883667, 0.5109772682189941, 0.845221996307373),
            ["LeftLowerLeg"] = CFrame.new(1.043081283569336e-07, 0.00012224912643432617, 0.00007735937833786011, 1, 3.5390254282674505e-08, 5.587935447692871e-08, -2.980232594040899e-08, 0.897047221660614, 0.44193464517593384, 7.450581485102248e-09, -0.4419347047805786, 0.8970472812652588),
        }},
        {Time = 0.233, Data = {
            ["RightFoot"] = CFrame.new(7.450580596923828e-08, 2.384185791015625e-07, 6.875052349641919e-08, 0.9977116584777832, 0.06732989847660065, -0.006185140926390886, -0.064413882791996, 0.9187091588973999, -0.3896465599536896, -0.02055247686803341, 0.3891533315181732, 0.9209437966346741),
            ["LeftLowerArm"] = CFrame.new(-2.384185791015625e-07, -1.7881393432617188e-07, 1.7881393432617188e-07, 1, -2.9802318834981634e-08, 2.887101047122087e-08, 3.958120942115784e-08, 0.9293909668922424, -0.3690967857837677, 6.51925802230835e-09, 0.36909669637680054, 0.9293910264968872),
            ["RightUpperArm"] = CFrame.new(-5.960464477539063e-08, -2.384185791015625e-07, -1.4901161193847656e-07, 0.9560445547103882, -0.11719679832458496, 0.26878225803375244, 0.06742522120475769, 0.97995525598526, 0.1874607354402542, -0.28536438941955566, -0.16109809279441833, 0.9447829127311707),
            ["Head"] = CFrame.new(-5.960464477539063e-08, -1.1920928955078125e-07, -3.725290298461914e-08, 0.9824709892272949, 0.06730036437511444, 0.1738436371088028, -0.07629605382680893, 0.9960426092147827, 0.0455847904086113, -0.17008762061595917, -0.05804930999875069, 0.983717679977417),
            ["RightHand"] = CFrame.new(3.5762786865234375e-07, -3.5762786865234375e-07, -9.313225746154785e-09, 0.9822477102279663, 0.16732445359230042, -0.08480630815029144, -0.1792299896478653, 0.9705480337142944, -0.16097573935985565, 0.0553734190762043, 0.1733178347349167, 0.9833080172538757),
            ["UpperTorso"] = CFrame.new(0, -2.9802322387695312e-08, -1.862645149230957e-09, 0.9903784394264221, 0.013688620179891586, -0.13770692050457, 0.013901558704674244, 0.9802210927009583, 0.1974169909954071, 0.13768555223941803, -0.19743189215660095, 0.9705994725227356),
            ["HumanoidRootPart"] = CFrame.new(0, 0, 0, 1, 0, 0, 0, 1, 0, 0, 0, 1),
            ["RightUpperLeg"] = CFrame.new(2.384185791015625e-07, -4.016328603029251e-08, -1.845910446718335e-08, 0.9528161883354187, -0.08973019570112228, -0.28998228907585144, 0.05823645368218422, 0.9916009902954102, -0.1154823750257492, 0.2979089915752411, 0.09314574301242828, 0.9500389695167542),
            ["LeftUpperArm"] = CFrame.new(2.384185791015625e-07, -3.5762786865234375e-07, -1.1920928955078125e-07, 0.7653892636299133, 0.1823706477880478, -0.6171873807907104, -0.20459820330142975, 0.978208601474762, 0.03532034903764725, 0.6101794242858887, 0.09924159944057465, 0.7860230803489685),
            ["RightLowerArm"] = CFrame.new(-1.7881393432617188e-07, 3.5762786865234375e-07, 5.960464477539063e-08, 1, -3.7369321859159754e-08, -1.7258571460843086e-08, 2.980232594040899e-08, 0.9270021915435791, -0.37505605816841125, 5.587936335871291e-09, 0.37505605816841125, 0.9270021915435791),
            ["LeftHand"] = CFrame.new(-8.940696716308594e-08, 2.980232238769531e-07, -1.7881393432617188e-07, 0.9909771680831909, -0.12571550905704498, 0.04647393897175789, 0.13149498403072357, 0.9790405035018921, -0.15552754700183868, -0.025947675108909607, 0.16023540496826172, 0.9867377281188965),
            ["LeftFoot"] = CFrame.new(2.2351741790771484e-08, -5.960464477539063e-08, 2.2351741790771484e-08, 0.9859129190444946, -0.16717299818992615, -0.005380619317293167, 0.16359366476535797, 0.9571056365966797, 0.23913605511188507, -0.034827250987291336, -0.23664750158786774, 0.9709711670875549),
            ["LowerTorso"] = CFrame.new(0.047951310873031616, -0.09116625785827637, 0.11086733639240265, 0.9479833245277405, -0.022619647905230522, -0.3175155222415924, 0.019454145804047585, 0.9997244477272034, -0.013137024827301502, 0.31772518157958984, 0.006276685744524002, 0.9481621384620667),
            ["RightLowerLeg"] = CFrame.new(-2.9802322387695312e-08, -0.00012230873107910156, -0.00007735023245913908, 1, -5.215408194203519e-08, -8.381898908282892e-08, 6.705522537231445e-08, 0.8649793863296509, 0.5018067955970764, -5.4016709327697754e-08, -0.5018075108528137, 0.8649796843528748),
            ["LeftUpperLeg"] = CFrame.new(-1.1920928955078125e-07, -2.4400651454925537e-07, 5.587935447692871e-09, 0.9649026393890381, 0.26201796531677246, 0.017594866454601288, -0.21242783963680267, 0.818162202835083, -0.5343079566955566, -0.15439383685588837, 0.5118175745010376, 0.8451067805290222),
            ["LeftLowerLeg"] = CFrame.new(-1.4901161193847656e-08, 0.00012248754501342773, 0.00007737427949905396, 1, 1.1175873559921001e-08, 8.754429359214555e-08, -5.960462345910855e-08, 0.8952819108963013, 0.44550007581710815, 7.450577754752885e-08, -0.44550031423568726, 0.8952820301055908),
        }},
        {Time = 0.267, Data = {
            ["RightFoot"] = CFrame.new(6.332993507385254e-08, 4.76837158203125e-07, -4.300818545743823e-08, 0.9983165860176086, 0.05765186622738838, -0.006358204409480095, -0.05584061145782471, 0.9256877303123474, -0.3741442561149597, -0.015684306621551514, 0.37386977672576904, 0.9273488521575928),
            ["LeftLowerArm"] = CFrame.new(-2.086162567138672e-07, -2.384185791015625e-07, 0, 1, -4.0978196835794733e-08, -1.0244548320770264e-08, 2.8405345631199452e-08, 0.9410368800163269, -0.3383041024208069, -5.587936779960501e-09, 0.3383041322231293, 0.9410368204116821),
            ["RightUpperArm"] = CFrame.new(-1.7881393432617188e-07, 4.76837158203125e-07, -2.9802322387695312e-08, 0.95527184009552, -0.11500266194343567, 0.2724522352218628, 0.06478921324014664, 0.9802934527397156, 0.18662020564079285, -0.2885448932647705, -0.16062098741531372, 0.9438977241516113),
            ["Head"] = CFrame.new(-6.705522537231445e-08, -2.384185791015625e-07, 5.960464477539063e-08, 0.9929124712944031, 0.08884259313344955, 0.07894294708967209, -0.09566371142864227, 0.9915786385536194, 0.08729412406682968, -0.07052258402109146, -0.09422735869884491, 0.9930498003959656),
            ["RightHand"] = CFrame.new(3.129243850708008e-07, -2.384185791015625e-07, 1.0617077350616455e-07, 0.9823792576789856, 0.17004846036434174, -0.07755379378795624, -0.18062946200370789, 0.9704015851020813, -0.16029314696788788, 0.048000700771808624, 0.17147715389728546, 0.984018087387085),
            ["UpperTorso"] = CFrame.new(0, 2.384185791015625e-07, 1.862645149230957e-09, 0.9903784394264221, 0.013689476996660233, -0.13770692050457, 0.01390082947909832, 0.9802209138870239, 0.19741784036159515, 0.13768571615219116, -0.19743262231349945, 0.970599353313446),
            ["HumanoidRootPart"] = CFrame.new(0, 0, 0, 1, 0, 0, 0, 1, 0, 0, 0, 1),
            ["RightUpperLeg"] = CFrame.new(1.1920928955078125e-07, -6.908085197210312e-07, -1.287116901949048e-08, 0.9573662877082825, -0.07486765086650848, -0.2790067791938782, 0.04872749373316765, 0.9938452839851379, -0.0994846373796463, 0.2847377359867096, 0.08164782077074051, 0.9551219940185547),
            ["LeftUpperArm"] = CFrame.new(-1.1920928955078125e-07, 5.960464477539062e-07, -8.940696716308594e-08, 0.7548167109489441, 0.1687360554933548, -0.6338611245155334, -0.2028379887342453, 0.9790265560150146, 0.019076166674494743, 0.6237857341766357, 0.11417209357023239, 0.7732115983963013),
            ["RightLowerArm"] = CFrame.new(-8.940696716308594e-08, -5.960464477539063e-08, 8.940696716308594e-08, 1, -3.253808600334196e-08, 7.392372047831941e-09, 3.166497464235363e-08, 0.9294073581695557, -0.36905547976493835, 9.313227522511625e-09, 0.36905544996261597, 0.9294073581695557),
            ["LeftHand"] = CFrame.new(7.450580596923828e-08, -2.384185791015625e-07, -5.029141902923584e-08, 0.9904109239578247, -0.13746289908885956, 0.01379338651895523, 0.13778187334537506, 0.9754987955093384, -0.17151795327663422, 0.01012191642075777, 0.17177383601665497, 0.9850844144821167),
            ["LeftFoot"] = CFrame.new(4.470348358154297e-08, -5.960464477539063e-08, -2.60770320892334e-08, 0.9837788939476013, -0.17938552796840668, 0.0001132842298829928, 0.17394639551639557, 0.9541032910346985, 0.2437819540500641, -0.04383910074830055, -0.23980778455734253, 0.9698300957679749),
