return {
    ["Accolades"] = {
        {Time = 0.000, Data = {
            ["RightFoot"] = CFrame.new(1.862645149230957e-09, 2.384185791015625e-07, 3.26617737300694e-08, 0.9992473125457764, 0.03803842514753342, -0.0076052420772612095, -0.0376259908080101, 0.9027336239814758, -0.4285512864589691, -0.009436122141778469, 0.42851513624191284, 0.9034855365753174),
            ["LeftLowerArm"] = CFrame.new(-1.4901161193847656e-07, -0.0000010728836059570312, 0.0000013820827007293701, 1, -2.980233304583635e-08, 5.960465898624534e-08, -4.4703497792397684e-08, 0.9866033792495728, -0.16313765943050385, 1.4901166522918174e-08, 0.16313765943050385, 0.986603319644928),
            ["RightUpperArm"] = CFrame.new(1.1920928955078125e-07, 0, -1.6391277313232422e-07, 0.32651999592781067, -0.7559148669242859, 0.5674307942390442, 0.7168483138084412, -0.19323177635669708, -0.6699179410934448, 0.6160464882850647, 0.6255033612251282, 0.47878214716911316),
            ["Head"] = CFrame.new(1.0477378964424133e-08, -2.384185791015625e-07, -7.252674549818039e-08, 0.9959596991539001, 0.08961945027112961, -0.005712996236979961, -0.08934549987316132, 0.9824946522712708, -0.1634676456451416, -0.009036896750330925, 0.16331759095191956, 0.9865321516990662),
            ["RightHand"] = CFrame.new(1.4901161193847656e-07, -1.1920928955078125e-07, 2.0116567611694336e-07, 0.09918061643838882, -0.34991493821144104, -0.9315164685249329, 0.15824344754219055, 0.9297653436660767, -0.3324085772037506, 0.9824063777923584, -0.11443798243999481, 0.1475864052772522),
            ["UpperTorso"] = CFrame.new(-3.026798367500305e-09, -5.960464477539063e-08, 5.158653948456049e-09, 0.9992672801017761, 0.011847533285617828, -0.0363965667784214, -0.01563573256134987, 0.9942829012870789, -0.10562747716903687, 0.034937065094709396, 0.10611917078495026, 0.9937394261360168),
            ["HumanoidRootPart"] = CFrame.new(0, 0, 0, 1, 0, 0, 0, 1, 0, 0, 0, 1),
            ["RightUpperLeg"] = CFrame.new(0, 3.958120942115784e-08, 6.955087883397937e-08, 0.964887797832489, -0.08973592519760132, -0.24685823917388916, 0.08733103424310684, 0.9959643483161926, -0.020696556195616722, 0.24771930277347565, -0.0015885639004409313, 0.9688305258750916),
            ["LeftUpperArm"] = CFrame.new(5.960464477539063e-08, 2.384185791015625e-07, -1.5273690223693848e-07, 0.4478832483291626, 0.7237399220466614, -0.5249773263931274, -0.6412807106971741, -0.1491142213344574, -0.7526779174804688, -0.623024582862854, 0.6737696528434753, 0.39733463525772095),
            ["RightLowerArm"] = CFrame.new(-2.086162567138672e-07, 8.344650268554688e-07, 8.055940270423889e-08, 1, -2.980232594040899e-08, -2.9802318834981634e-08, 7.450581307466564e-08, 0.9875258803367615, -0.1574568748474121, 4.4703490686970326e-08, 0.1574568897485733, 0.9875258207321167),
            ["LeftHand"] = CFrame.new(0, -2.384185791015625e-07, 2.2351741790771484e-08, 0.16392913460731506, 0.30544066429138184, 0.9379943609237671, -0.2860422432422638, 0.9247238636016846, -0.25112903118133545, -0.944090723991394, -0.22713865339756012, 0.23895803093910217),
            ["LeftFoot"] = CFrame.new(4.6566128730773926e-08, 0, 4.0978193283081055e-08, 0.9995008707046509, -0.031210709363222122, 0.004898599814623594, 0.030726365745067596, 0.9242771863937378, -0.38048315048217773, 0.007347786799073219, 0.38044384121894836, 0.9247748851776123),
            ["LowerTorso"] = CFrame.new(-0.011182982474565506, -0.08008742332458496, -0.3102419376373291, 0.9998793005943298, 0.008785701356828213, -0.012817450799047947, -0.009874754585325718, 0.9961122870445251, -0.08753827959299088, 0.011998534202575684, 0.08765428513288498, 0.9960787296295166),
            ["RightLowerLeg"] = CFrame.new(3.725290298461914e-08, -0.0000036954879760742188, -0.000013252887583803385, 1, -1.229346224818073e-07, 9.126964783945368e-08, 1.3224781980625266e-07, 0.855987548828125, 0.5169960260391235, 6.612390990312633e-08, -0.5169963836669922, 0.8559877872467041),
            ["LeftUpperLeg"] = CFrame.new(5.960464477539063e-08, 3.6228448152542114e-07, -3.725290298461914e-08, 0.9905369281768799, 0.04482816159725189, 0.1297190636396408, -0.038674551993608475, 0.9980213046073914, -0.04957587644457817, -0.13168498873710632, 0.044089820235967636, 0.9903106689453125),
            ["LeftLowerLeg"] = CFrame.new(-4.470348358154297e-08, 0.0000040531158447265625, 0.000013358891010284424, 1, 9.12696123123169e-08, -5.6810662840689474e-08, -4.842878098543224e-08, 0.8686802983283997, 0.49537307024002075, -4.982576484735546e-08, -0.4953732192516327, 0.8686804175376892),
        }},
        {Time = 0.033, Data = {
            ["RightFoot"] = CFrame.new(1.5366822481155396e-08, 4.76837158203125e-07, -3.892637323588133e-09, 0.9993038773536682, 0.036540184170007706, -0.0075325313955545425, -0.03624425455927849, 0.902923047542572, -0.4282713234424591, -0.00884755328297615, 0.4282461404800415, 0.9036188125610352),
            ["LeftLowerArm"] = CFrame.new(5.960464477539063e-08, -4.172325134277344e-07, 2.384185791015625e-07, 1, -2.9802315282267955e-08, -1.1175868230850483e-08, 2.980232594040899e-08, 0.971182107925415, -0.2383386641740799, 1.4901162970204496e-08, 0.23833869397640228, 0.9711821675300598),
            ["RightUpperArm"] = CFrame.new(-5.960464477539063e-08, 3.5762786865234375e-07, -6.705522537231445e-08, 0.3696434199810028, -0.7444702982902527, 0.5559927225112915, 0.6959196329116821, -0.17466965317726135, -0.696553111076355, 0.6156781911849976, 0.6444025039672852, 0.4535260498523712),
            ["Head"] = CFrame.new(2.0954757928848267e-09, 2.384185791015625e-07, -1.664739102125168e-08, 0.9957950115203857, 0.09141441434621811, -0.005974126048386097, -0.0911482721567154, 0.982138454914093, -0.16460920870304108, -0.009180231019854546, 0.16446156799793243, 0.9863408207893372),
            ["RightHand"] = CFrame.new(3.2782554626464844e-07, 1.1920928955078125e-07, -4.76837158203125e-07, 0.10310100018978119, -0.35807210206985474, -0.9279841780662537, 0.19864138960838318, 0.9215746521949768, -0.33352941274642944, 0.9746342301368713, -0.14994879066944122, 0.16614319384098053),
            ["UpperTorso"] = CFrame.new(-4.889443516731262e-09, -2.9802322387695312e-08, 2.9802322387695312e-08, 0.999262273311615, 0.011235062032938004, -0.03672441467642784, -0.015004262328147888, 0.994461178779602, -0.10402775555849075, 0.03535224869847298, 0.10450204461812973, 0.9938961863517761),
            ["HumanoidRootPart"] = CFrame.new(0, 0, 0, 1, 0, 0, 0, 1, 0, 0, 0, 1),
            ["RightUpperLeg"] = CFrame.new(0, 3.403984010219574e-07, -6.595655577257276e-08, 0.9649963974952698, -0.08538033813238144, -0.2479761242866516, 0.08570503443479538, 0.9962751865386963, -0.009505998343229294, 0.24786381423473358, -0.012079688720405102, 0.9687195420265198),
            ["LeftUpperArm"] = CFrame.new(0, 5.960464477539062e-07, 1.1175870895385742e-07, 0.4716445505619049, 0.7075585126876831, -0.5262247920036316, -0.6381285190582275, -0.1379777491092682, -0.7574656009674072, -0.6085585355758667, 0.6930536031723022, 0.3864368498325348),
            ["RightLowerArm"] = CFrame.new(3.5762786865234375e-07, 4.172325134277344e-07, 5.051842890679836e-07, 1, -5.960464477539063e-08, 7.450581485102248e-09, 0, 0.958051323890686, -0.28659698367118835, 2.980232594040899e-08, 0.28659695386886597, 0.958051323890686),
            ["LeftHand"] = CFrame.new(-1.1920928955078125e-07, 2.980232238769531e-07, 5.587935447692871e-09, 0.19028985500335693, 0.3217189610004425, 0.9275165796279907, -0.27287185192108154, 0.9248836636543274, -0.2648230791091919, -0.9430434107780457, -0.20270012319087982, 0.26378390192985535),
            ["LeftFoot"] = CFrame.new(-2.0489096641540527e-08, -5.960464477539063e-08, 1.1175870895385742e-08, 0.999457061290741, -0.032548937946558, 0.005120535846799612, 0.0320427343249321, 0.9239379167556763, -0.38119810819625854, 0.007676309905946255, 0.38115522265434265, 0.9244793057441711),
            ["LowerTorso"] = CFrame.new(-0.00905629713088274, -0.07976388931274414, -0.3116587698459625, 0.9998897314071655, 0.007538150530308485, -0.012794540263712406, -0.008661788888275623, 0.9958888292312622, -0.09016934037208557, 0.012062229216098785, 0.09027022123336792, 0.9958442449569702),
            ["RightLowerLeg"] = CFrame.new(-8.195638656616211e-08, -0.000003635883331298828, -0.0000133199428091757, 1, -1.8626462860993342e-07, -6.705523958316917e-08, 1.3038518886787642e-07, 0.8623368144035339, 0.5063351392745972, -6.705523958316917e-08, -0.5063352584838867, 0.8623368144035339),
            ["LeftUpperLeg"] = CFrame.new(5.960464477539063e-08, -5.844049155712128e-08, -1.019798219203949e-07, 0.990484893321991, 0.047242771834135056, 0.1292591691017151, -0.041540153324604034, 0.9980558156967163, -0.04646546021103859, -0.13120263814926147, 0.04065379500389099, 0.9905216097831726),
            ["LeftLowerLeg"] = CFrame.new(-7.450580596923828e-09, 0.0000036954879760742188, 0.000013366341590881348, 1, 4.936010356004772e-08, -4.749745841081676e-08, -3.53902720462429e-08, 0.8686094880104065, 0.4954974353313446, -4.190953006855125e-08, -0.49549737572669983, 0.8686094284057617),
        }},
        {Time = 0.067, Data = {
            ["RightFoot"] = CFrame.new(-3.725290298461914e-09, 3.5762786865234375e-07, -3.276363713666797e-08, 0.9993553757667542, 0.03515854477882385, -0.007264923304319382, -0.03488858789205551, 0.9033485651016235, -0.4274856448173523, -0.008467014878988266, 0.4274638593196869, 0.9039928913116455),
            ["LeftLowerArm"] = CFrame.new(5.364418029785156e-07, -7.152557373046875e-07, 5.178153514862061e-07, 1, -8.940696716308594e-08, 1.4901161193847656e-08, 4.470348358154297e-08, 0.9207394123077393, -0.39017823338508606, -7.450580596923828e-09, 0.39017820358276367, 0.9207393527030945),
            ["RightUpperArm"] = CFrame.new(0, 3.5762786865234375e-07, -2.9802322387695312e-08, 0.42652466893196106, -0.7360450029373169, 0.52565598487854, 0.6698242425918579, -0.1334892362356186, -0.7304219603538513, 0.6077927947044373, 0.6636402010917664, 0.43608441948890686),
            ["Head"] = CFrame.new(8.614733815193176e-09, 0, -2.9685907065868378e-08, 0.9956242442131042, 0.09325993061065674, -0.0059303538873791695, -0.09295031428337097, 0.9817792773246765, -0.16573970019817352, -0.009634575806558132, 0.16556568443775177, 0.9861516952514648),
            ["RightHand"] = CFrame.new(1.7881393432617188e-07, -4.172325134277344e-07, -9.313225746154785e-09, 0.12569154798984528, -0.36371538043022156, -0.9229912757873535, 0.23424336314201355, 0.9149439334869385, -0.3286453187465668, 0.9640185236930847, -0.1748967170715332, 0.20019866526126862),
            ["UpperTorso"] = CFrame.new(-9.313225746154785e-10, 1.7881393432617188e-07, -3.426248440518975e-08, 0.9992574453353882, 0.009748085401952267, -0.0372791662812233, -0.013541465625166893, 0.9945997595787048, -0.10289835184812546, 0.03607478365302086, 0.10332676023244858, 0.9939931035041809),
            ["HumanoidRootPart"] = CFrame.new(0, 0, 0, 1, 0, 0, 0, 1, 0, 0, 0, 1),
            ["RightUpperLeg"] = CFrame.new(-8.940696716308594e-08, 9.476207196712494e-08, 2.6244379114359617e-08, 0.9650349617004395, -0.08347142487764359, -0.2484755665063858, 0.08431048691272736, 0.996412992477417, -0.007282473612576723, 0.2481921911239624, -0.013921409845352173, 0.9686108231544495),
            ["LeftUpperArm"] = CFrame.new(5.960464477539063e-08, 4.76837158203125e-07, 1.862645149230957e-08, 0.5316676497459412, 0.6644750833511353, -0.5251685976982117, -0.6269735097885132, -0.10809826105833054, -0.7715046405792236, -0.5694153904914856, 0.7394509315490723, 0.3591357469558716),
            ["RightLowerArm"] = CFrame.new(-4.470348358154297e-07, 6.556510925292969e-07, 3.841705620288849e-07, 1, -4.4703490686970326e-08, 7.078051567077637e-08, 2.980232594040899e-08, 0.8611676096916199, -0.5083211660385132, 0, 0.508321225643158, 0.8611675500869751),
            ["LeftHand"] = CFrame.new(3.5762786865234375e-07, 2.384185791015625e-07, 7.37607479095459e-07, 0.24590115249156952, 0.3459266722202301, 0.9054653644561768, -0.2423449605703354, 0.9264215230941772, -0.28811824321746826, -0.9385103583335876, -0.14858633279800415, 0.311641663312912),
            ["LeftFoot"] = CFrame.new(1.4901161193847656e-08, 1.7881393432617188e-07, 2.60770320892334e-08, 0.999412477016449, -0.03386104106903076, 0.0053003146313130856, 0.03333181515336037, 0.9242546558380127, -0.38031870126724243, 0.007979082874953747, 0.3802720904350281, 0.9248403906822205),
            ["LowerTorso"] = CFrame.new(-0.006733495742082596, -0.07935738563537598, -0.31120699644088745, 0.9998923540115356, 0.007213990204036236, -0.012778237462043762, -0.008349987678229809, 0.9957973957061768, -0.09120333194732666, 0.012066594325006008, 0.09130022674798965, 0.9957503080368042),
            ["RightLowerLeg"] = CFrame.new(-5.587935447692871e-08, -0.0000035762786865234375, -0.00001328268990619108, 1, -9.685758328714655e-08, -2.6077035641947077e-08, 7.823110337312755e-08, 0.863377034664154, 0.5045589804649353, -5.681068415697155e-08, -0.5045593976974487, 0.8633772730827332),
            ["LeftUpperLeg"] = CFrame.new(2.384185791015625e-07, 1.9185245037078857e-07, 5.122274160385132e-09, 0.9904578924179077, 0.04880460351705551, 0.12888500094413757, -0.04327690601348877, 0.9980334043502808, -0.045348651707172394, -0.1308445781469345, 0.03933818265795708, 0.9906221628189087),
            ["LeftLowerLeg"] = CFrame.new(-3.725290298461914e-09, 0.000004291534423828125, 0.000013269484043121338, 1, 7.916241884231567e-08, -3.725290653733282e-08, -7.4505820180093e-08, 0.8691332340240479, 0.4945783317089081, 3.073365206773815e-08, -0.4945780634880066, 0.8691330552101135),
        }},
        {Time = 0.100, Data = {
            ["RightFoot"] = CFrame.new(-1.4901161193847656e-08, 4.76837158203125e-07, -8.549250196665525e-09, 0.9994216561317444, 0.03330932557582855, -0.006851842161267996, -0.03304433450102806, 0.9036237597465515, -0.42705053091049194, -0.008033418096601963, 0.4270299971103668, 0.9042018055915833),
            ["LeftLowerArm"] = CFrame.new(-1.7881393432617188e-07, -7.152557373046875e-07, -2.7939677238464355e-07, 1, -2.2351738238057806e-08, 0, -3.725290298461914e-08, 0.8370272517204285, -0.547161340713501, 7.450580596923828e-09, 0.5471612811088562, 0.8370271921157837),
            ["RightUpperArm"] = CFrame.new(-1.7881393432617188e-07, -2.384185791015625e-07, 3.725290298461914e-08, 0.49144598841667175, -0.7246823310852051, 0.4830283224582672, 0.6397800445556641, -0.07589980214834213, -0.7648012638092041, 0.5908997058868408, 0.6848903298377991, 0.4263366460800171),
            ["Head"] = CFrame.new(-4.6566128730773926e-09, 2.384185791015625e-07, 7.846392691135406e-08, 0.9954302310943604, 0.09531231969594955, -0.005856736097484827, -0.0949004516005516, 0.9805838465690613, -0.1716078519821167, -0.010613316670060158, 0.1713794618844986, 0.985148012638092),
            ["RightHand"] = CFrame.new(-1.1920928955078125e-07, 5.960464477539063e-08, 1.1920928955078125e-07, 0.1646021604537964, -0.33991310000419617, -0.9259402751922607, 0.24117638170719147, 0.9241200685501099, -0.29637160897254944, 0.9564204812049866, -0.17453162372112274, 0.2340911626815796),
            ["UpperTorso"] = CFrame.new(-2.7939677238464355e-09, 2.9802322387695312e-08, 1.7869751900434494e-08, 0.9992601275444031, 0.007508506998419762, -0.03771985322237015, -0.01135331578552723, 0.9946399331092834, -0.10277502238750458, 0.03674598038196564, 0.10312724858522415, 0.9939892888069153),
            ["HumanoidRootPart"] = CFrame.new(0, 0, 0, 1, 0, 0, 0, 1, 0, 0, 0, 1),
            ["RightUpperLeg"] = CFrame.new(-8.940696716308594e-08, -2.6309862732887268e-08, 6.582558853551745e-08, 0.9650227427482605, -0.08265691995620728, -0.24879515171051025, 0.08249837905168533, 0.9965296387672424, -0.011083172634243965, 0.24884791672229767, -0.009829702787101269, 0.9684927463531494),
            ["LeftUpperArm"] = CFrame.new(1.7881393432617188e-07, 2.384185791015625e-07, -2.2351741790771484e-08, 0.6061400771141052, 0.6023134589195251, -0.5194349884986877, -0.6108261942863464, -0.06575240194797516, -0.7890299558639526, -0.5093973875045776, 0.7955471277236938, 0.3280535638332367),
            ["RightLowerArm"] = CFrame.new(-3.2782554626464844e-07, 5.960464477539062e-07, 2.0116567611694336e-07, 1, -7.450580596923828e-08, 1.4901161193847656e-08, 3.72529100900465e-08, 0.7226446270942688, -0.691219687461853, -2.980232949312267e-08, 0.6912197470664978, 0.7226447463035583),
            ["LeftHand"] = CFrame.new(4.76837158203125e-07, 0.0000011324882507324219, -2.980232238769531e-07, 0.31405431032180786, 0.36043626070022583, 0.8783255219459534, -0.20114099979400635, 0.9293918609619141, -0.30947211384773254, -0.9278536438941956, -0.07947618514299393, 0.3643779456615448),
            ["LeftFoot"] = CFrame.new(2.7008354663848877e-08, 1.1920928955078125e-07, -3.725290298461914e-09, 0.9993717074394226, -0.03503074496984482, 0.005396964959800243, 0.03446906805038452, 0.9250715374946594, -0.37822580337524414, 0.008256985805928707, 0.37817415595054626, 0.9256976842880249),
            ["LowerTorso"] = CFrame.new(-0.004314993973821402, -0.07903933525085449, -0.307926207780838, 0.9998897910118103, 0.007534376811236143, -0.01279358472675085, -0.008655860088765621, 0.9959045052528381, -0.0899972915649414, 0.01206311397254467, 0.09009812027215958, 0.9958598613739014),
            ["RightLowerLeg"] = CFrame.new(-2.2351741790771484e-08, -0.000003814697265625, -0.0000133199428091757, 1, -1.788139627478813e-07, 3.3527616238870905e-08, 8.754431490842762e-08, 0.8623576164245605, 0.5062998533248901, -1.2665985593685036e-07, -0.5062996745109558, 0.862357497215271),
            ["LeftUpperLeg"] = CFrame.new(2.086162567138672e-07, 8.684583008289337e-08, 3.958120942115784e-08, 0.9904429912567139, 0.04989195987582207, 0.12858307361602783, -0.04397419095039368, 0.997856616973877, -0.04846102371811867, -0.13072526454925537, 0.04234350100159645, 0.9905139803886414),
            ["LeftLowerLeg"] = CFrame.new(-7.450580596923828e-09, 0.0000040531158447265625, 0.000013336539268493652, 1, 6.379558925573292e-08, 3.259628300611439e-08, -5.5879347371501353e-08, 0.8692759275436401, 0.4943274259567261, 2.7939672797572257e-09, -0.4943271279335022, 0.8692758083343506),
        }},
        {Time = 0.133, Data = {
            ["RightFoot"] = CFrame.new(-5.029141902923584e-08, 2.384185791015625e-07, -4.32410161010921e-08, 0.99950110912323, 0.03095417469739914, -0.0062832157127559185, -0.030675766989588737, 0.9039215445518494, -0.4265964925289154, -0.00752537976950407, 0.4265768229961395, 0.9044201970100403),
            ["LeftLowerArm"] = CFrame.new(4.76837158203125e-07, -1.7881393432617188e-07, 7.636845111846924e-07, 1, -6.891789183782748e-08, 1.4901164746561335e-08, 9.685756907629184e-08, 0.7129191756248474, -0.7012462615966797, 2.6077039194660756e-08, 0.7012463212013245, 0.7129192352294922),
            ["RightUpperArm"] = CFrame.new(-1.1920928955078125e-07, -1.1920928955078125e-07, 8.940696716308594e-08, 0.5593262910842896, -0.70465087890625, 0.4366019368171692, 0.6077836751937866, -0.00955404806882143, -0.7940451502799988, 0.5636959075927734, 0.7094899415969849, 0.42293140292167664),
            ["Head"] = CFrame.new(2.176966518163681e-08, -5.960464477539062e-07, 5.832407623529434e-08, 0.9952405691146851, 0.09724441170692444, -0.006316365674138069, -0.09663131088018417, 0.9764302372932434, -0.19299374520778656, -0.012600068002939224, 0.1926855593919754, 0.9811796545982361),
            ["RightHand"] = CFrame.new(-1.1920928955078125e-07, -2.384185791015625e-07, 4.470348358154297e-08, 0.21599480509757996, -0.29771578311920166, -0.9298987984657288, 0.2317545861005783, 0.9407956004142761, -0.24737311899662018, 0.9484914541244507, -0.16207703948020935, 0.2722039520740509),
            ["UpperTorso"] = CFrame.new(-3.4924596548080444e-10, -1.4901161193847656e-07, 5.093352228868753e-08, 0.9992610216140747, 0.004945267923176289, -0.03811735659837723, -0.008808894082903862, 0.9947587251663208, -0.1018705666065216, 0.037413790822029114, 0.10213103890419006, 0.9940671324729919),
            ["HumanoidRootPart"] = CFrame.new(0, 0, 0, 1, 0, 0, 0, 1, 0, 0, 0, 1),
            ["RightUpperLeg"] = CFrame.new(-5.960464477539063e-08, 3.5529956221580505e-07, -1.892476575449109e-08, 0.9649696946144104, -0.08268928527832031, -0.24899014830589294, 0.0800807774066925, 0.9965754151344299, -0.02060552127659321, 0.24984125792980194, -0.000055795364460209385, 0.9682868719100952),
            ["LeftUpperArm"] = CFrame.new(0, 0, 7.82310962677002e-08, 0.6758505702018738, 0.5322405695915222, -0.5098490715026855, -0.5936529040336609, -0.016863929107785225, -0.8045446276664734, -0.4368093013763428, 0.8464252352714539, 0.3045685887336731),
            ["RightLowerArm"] = CFrame.new(-2.086162567138672e-07, 8.344650268554688e-07, 8.363276720046997e-07, 1, -8.195637946073475e-08, 4.4703490686970326e-08, 6.705522537231445e-08, 0.5339949131011963, -0.8454877734184265, 8.940696716308594e-08, 0.8454877734184265, 0.5339949131011963),
            ["LeftHand"] = CFrame.new(7.450580596923828e-07, 3.5762786865234375e-07, 0, 0.38972193002700806, 0.37130966782569885, 0.8427609801292419, -0.15713098645210266, 0.9285081624984741, -0.3364260196685791, -0.9074286222457886, -0.0013110787840560079, 0.420204222202301),
            ["LeftFoot"] = CFrame.new(-2.3283064365386963e-08, -1.1920928955078125e-07, 7.450580596923828e-09, 0.9993394613265991, -0.03594117984175682, 0.005374593194574118, 0.03533157706260681, 0.9262905716896057, -0.375150203704834, 0.008504797704517841, 0.3750922679901123, 0.9269485473632812),
            ["LowerTorso"] = CFrame.new(-0.001928563229739666, -0.07887077331542969, -0.30113568902015686, 0.9998849630355835, 0.008172883652150631, -0.01277804933488369, -0.009256688877940178, 0.9961480498313904, -0.08719822764396667, 0.012016166001558304, 0.08730647712945938, 0.9961090683937073),
            ["RightLowerLeg"] = CFrame.new(7.450580596923828e-08, -0.0000036954879760742188, -0.00001326033816440031, 1, -1.7881401959130017e-07, -1.3038522261865637e-08, 1.8067662210796698e-07, 0.859257698059082, 0.5115424394607544, -4.656613938891496e-08, -0.5115430951118469, 0.8592581152915955),
            ["LeftUpperLeg"] = CFrame.new(1.1920928955078125e-07, 2.6775524020195007e-07, 8.847564458847046e-09, 0.9904354214668274, 0.05084935948252678, 0.1282653957605362, -0.04391869157552719, 0.9974477291107178, -0.05629640072584152, -0.13080044090747833, 0.05012474209070206, 0.9901407957077026),
            ["LeftLowerLeg"] = CFrame.new(-1.1175870895385742e-08, 0.0000040531158447265625, 0.000013232231140136719, 1, 3.585591912269592e-08, -5.867330798992043e-08, -1.862645149230957e-08, 0.868369460105896, 0.4959178566932678, -9.313225746154785e-08, -0.4959179162979126, 0.868369460105896),
        }},
        {Time = 0.167, Data = {
            ["RightFoot"] = CFrame.new(2.7939677238464355e-08, 2.384185791015625e-07, -4.32410161010921e-08, 0.9995719790458679, 0.028691932559013367, -0.0057082027196884155, -0.02838560938835144, 0.904041051864624, -0.42650240659713745, -0.007076332811266184, 0.4264817237854004, 0.9044684171676636),
            ["LeftLowerArm"] = CFrame.new(-1.1920928955078125e-07, -2.384185791015625e-07, 8.493661880493164e-07, 1, -1.0430811414607888e-07, 1.4901162970204496e-08, 2.980232594040899e-08, 0.5465730428695679, -0.8374114632606506, -4.4703490686970326e-08, 0.8374114036560059, 0.5465730428695679),
            ["RightUpperArm"] = CFrame.new(-5.960464477539063e-08, 3.5762786865234375e-07, -5.21540641784668e-08, 0.6256483793258667, -0.6712608337402344, 0.3974582254886627, 0.578632652759552, 0.05760478600859642, -0.8135516047477722, 0.5232096910476685, 0.7389794588088989, 0.4244537651538849),
            ["Head"] = CFrame.new(9.080395102500916e-09, 3.5762786865234375e-07, -2.5727786123752594e-08, 0.9951379299163818, 0.09822075068950653, -0.007297400385141373, -0.09736155718564987, 0.9698266386985779, -0.22351068258285522, -0.014876166358590126, 0.2231343686580658, 0.9746742248535156),
            ["RightHand"] = CFrame.new(-1.4901161193847656e-07, 1.1920928955078125e-07, -1.7881393432617188e-07, 0.2711401879787445, -0.2709631025791168, -0.9236135482788086, 0.1988798826932907, 0.9546236991882324, -0.2216765284538269, 0.9417695999145508, -0.12358267605304718, 0.3127260208129883),
            ["UpperTorso"] = CFrame.new(-5.3551048040390015e-09, 2.086162567138672e-07, 4.519461072050035e-08, 0.9992666244506836, 0.003483467036858201, -0.03813349828124046, -0.007296155672520399, 0.9949299693107605, -0.10030541568994522, 0.03759075328707695, 0.10051005333662033, 0.9942257404327393),
            ["HumanoidRootPart"] = CFrame.new(0, 0, 0, 1, 0, 0, 0, 1, 0, 0, 0, 1),
            ["RightUpperLeg"] = CFrame.new(-1.4901161193847656e-07, -2.337619662284851e-07, 2.7175701688975096e-08, 0.9649122953414917, -0.08359161019325256, -0.24891142547130585, 0.07724718749523163, 0.9963916540145874, -0.03516584634780884, 0.25095251202583313, 0.01470418181270361, 0.9678876399993896),
            ["LeftUpperArm"] = CFrame.new(5.960464477539063e-08, 5.960464477539062e-07, 1.4901161193847656e-08, 0.7270082235336304, 0.4704732894897461, -0.5001139044761658, -0.5816184878349304, 0.03483971580862999, -0.812715470790863, -0.3649369776248932, 0.8817262649536133, 0.29896461963653564),
            ["RightLowerArm"] = CFrame.new(-1.4901161193847656e-07, -3.5762786865234375e-07, 0.0000010691583156585693, 1, -5.960463766996327e-08, 8.195639367158947e-08, -3.725290742551124e-09, 0.30632567405700684, -0.9519268274307251, 8.940698137394065e-08, 0.9519267678260803, 0.3063257336616516),
            ["LeftHand"] = CFrame.new(3.5762786865234375e-07, -4.76837158203125e-07, -1.1920928955078125e-07, 0.4541625380516052, 0.37717530131340027, 0.8071401715278625, -0.11899316310882568, 0.9235270023345947, -0.36460745334625244, -0.8829365968704224, 0.0695468857884407, 0.46431267261505127),
            ["LeftFoot"] = CFrame.new(1.0244548320770264e-08, -5.960464477539063e-08, -3.725290298461914e-08, 0.9993285536766052, -0.03626585379242897, 0.005219134036451578, 0.03559866175055504, 0.9273231625556946, -0.3725646138191223, 0.008671634830534458, 0.3725004196166992, 0.9279915690422058),
            ["LowerTorso"] = CFrame.new(-0.0003088903904426843, -0.0792379379272461, -0.292108416557312, 0.9998801350593567, 0.008783425204455853, -0.01275043748319149, -0.009807250462472439, 0.9965353012084961, -0.08259200304746628, 0.011980817653238773, 0.08270716667175293, 0.9965019226074219),
            ["RightLowerLeg"] = CFrame.new(-2.9802322387695312e-08, -0.000003933906555175781, -0.000013245437003206462, 1, -6.705525379402388e-08, -5.401671643312511e-08, 1.0803341865539551e-07, 0.8542037606239319, 0.519938588142395, -1.648440957069397e-07, -0.5199384093284607, 0.8542036414146423),
            ["LeftUpperLeg"] = CFrame.new(8.940696716308594e-08, 1.1920928955078125e-07, 3.91155481338501e-08, 0.9904263615608215, 0.05170559883117676, 0.12799301743507385, -0.04310247302055359, 0.996678352355957, -0.06909843534231186, -0.13114061951637268, 0.06292007118463516, 0.9893650412559509),
            ["LeftLowerLeg"] = CFrame.new(8.568167686462402e-08, 0.000003874301910400391, 0.000013358891010284424, 1, -8.847564458847046e-09, -4.377216455964117e-08, 5.587936335871291e-09, 0.865613579750061, 0.5007126927375793, -6.146729703004894e-08, -0.5007125735282898, 0.8656136393547058),
        }},
        {Time = 0.200, Data = {
            ["RightFoot"] = CFrame.new(-5.122274160385132e-08, 2.980232238769531e-07, 9.968061931431293e-10, 0.9996422529220581, 0.02626202628016472, -0.005077418405562639, -0.025919469073414803, 0.9041635990142822, -0.42639920115470886, -0.006607644259929657, 0.42637836933135986, 0.9045208692550659),
            ["LeftLowerArm"] = CFrame.new(-8.940696716308594e-08, -5.960464477539062e-07, 2.7567148208618164e-07, 1, -1.1920928955078125e-07, -5.960465188081798e-08, 1.1548402767402877e-07, 0.31064486503601074, -0.9505260586738586, 1.3038518886787642e-07, 0.9505261182785034, 0.31064489483833313),
            ["RightUpperArm"] = CFrame.new(-1.7881393432617188e-07, 3.5762786865234375e-07, 2.9802322387695312e-08, 0.6841742396354675, -0.6037472486495972, 0.4091394245624542, 0.6024570465087891, 0.15168964862823486, -0.7836042642593384, 0.4110366404056549, 0.7826108336448669, 0.46751391887664795),
            ["Head"] = CFrame.new(-1.6298145055770874e-09, 4.76837158203125e-07, 1.548323780298233e-08, 0.9950997233390808, 0.09852563589811325, -0.008319596759974957, -0.09737274795770645, 0.9618754386901855, -0.25556668639183044, -0.01717745140194893, 0.2551244795322418, 0.9667556285858154),
            ["RightHand"] = CFrame.new(2.384185791015625e-07, 0, -1.1920928955078125e-07, 0.33784255385398865, -0.26784032583236694, -0.9022881984710693, 0.13166996836662292, 0.9626771211624146, -0.23646539449691772, 0.9319471716880798, -0.038916170597076416, 0.3604997992515564),
            ["UpperTorso"] = CFrame.new(-6.984919309616089e-10, -2.9802322387695312e-08, 2.0991137716919184e-09, 0.9992724061012268, 0.002865317976102233, -0.038034405559301376, -0.006579853594303131, 0.9951745271682739, -0.09790020436048508, 0.03757035732269287, 0.09807922691106796, 0.9944692254066467),
            ["HumanoidRootPart"] = CFrame.new(0, 0, 0, 1, 0, 0, 0, 1, 0, 0, 0, 1),
            ["RightUpperLeg"] = CFrame.new(0, -6.007030606269836e-08, 1.1332303984090686e-07, 0.9648542404174805, -0.08521439880132675, -0.2485855221748352, 0.07350779324769974, 0.9957200884819031, -0.05601930245757103, 0.2522953450679779, 0.03577742725610733, 0.9669886827468872),
            ["LeftUpperArm"] = CFrame.new(1.1920928955078125e-07, 4.76837158203125e-07, 4.470348358154297e-08, 0.7387468814849854, 0.42485445737838745, -0.5232128500938416, -0.618712306022644, 0.11961428821086884, -0.7764584422111511, -0.2672980725765228, 0.8973243832588196, 0.3512273132801056),
            ["RightLowerArm"] = CFrame.new(-5.364418029785156e-07, -1.1920928955078125e-07, 1.6391277313232422e-07, 1, -1.1920926112907182e-07, 2.7939670133036998e-08, 9.965152969471092e-08, 0.013097678311169147, -0.999914288520813, 1.1920930376163597e-07, 0.9999142289161682, 0.013097693212330341),
            ["LeftHand"] = CFrame.new(1.7881393432617188e-07, 0.0000010728836059570312, 8.940696716308594e-08, 0.4976555109024048, 0.37892913818359375, 0.7802253365516663, -0.09045383334159851, 0.917293131351471, -0.3878035545349121, -0.8626454472541809, 0.12241826951503754, 0.4907715916633606),
            ["LeftFoot"] = CFrame.new(7.450580596923828e-09, -1.1920928955078125e-07, 1.862645149230957e-08, 0.9993366599082947, -0.03608262911438942, 0.004930068738758564, 0.03534518927335739, 0.9283542037010193, -0.3700122833251953, 0.008774243295192719, 0.36994126439094543, 0.9290137887001038),
            ["LowerTorso"] = CFrame.new(0.000781495647970587, -0.08010625839233398, -0.2800203859806061, 0.9998754262924194, 0.009366781450808048, -0.012705085799098015, -0.010297859087586403, 0.9971066117286682, -0.07531607896089554, 0.011962855234742165, 0.075437530875206, 0.9970787763595581),
            ["RightLowerLeg"] = CFrame.new(-3.725290298461914e-09, -0.0000035762786865234375, -0.00001326033816440031, 1, -1.7508870087112882e-07, 3.9115551686563776e-08, 1.0989606380462646e-07, 0.8470926880836487, 0.5314450263977051, -1.7695128917694092e-08, -0.5314451456069946, 0.8470928072929382),
            ["LeftUpperLeg"] = CFrame.new(-1.1920928955078125e-07, -2.789311110973358e-07, 3.91155481338501e-08, 0.9904115796089172, 0.052617788314819336, 0.12773552536964417, -0.041494403034448624, 0.9952352046966553, -0.08823393285274506, -0.13176950812339783, 0.08208751678466797, 0.987875759601593),
            ["LeftLowerLeg"] = CFrame.new(1.0058283805847168e-07, 0.0000040531158447265625, 0.000013299286365509033, 1, 8.754434333013705e-08, -2.7939681679356454e-09, -1.043081283569336e-07, 0.8609365224838257, 0.5087123513221741, -5.122274160385132e-08, -0.5087124705314636, 0.8609366416931152),
        }},
        {Time = 0.233, Data = {
            ["RightFoot"] = CFrame.new(-3.259629011154175e-09, 5.960464477539063e-08, -3.532477421686053e-08, 0.9997148513793945, 0.023472726345062256, -0.004383904859423637, -0.023106712847948074, 0.9046585559844971, -0.42550989985466003, -0.0060219005681574345, 0.4254903495311737, 0.9049431681632996),
            ["LeftLowerArm"] = CFrame.new(-0.0000016093254089355469, -4.172325134277344e-07, 0.000001087784767150879, 1, -2.2351734685344127e-08, 6.332992796842518e-08, 1.043081283569336e-07, 0.0245379451662302, -0.9996988773345947, 8.940696716308594e-08, 0.9996988773345947, 0.024537932127714157),
            ["RightUpperArm"] = CFrame.new(-5.960464477539063e-08, 4.76837158203125e-07, 5.587935447692871e-08, 0.7184858918190002, -0.5013465285301208, 0.48210957646369934, 0.6577603220939636, 0.2644151747226715, -0.7052915692329407, 0.22611841559410095, 0.8238545060157776, 0.5197444558143616),
            ["Head"] = CFrame.new(3.841705620288849e-09, 3.5762786865234375e-07, 1.4889519661664963e-07, 0.9950656890869141, 0.09875768423080444, -0.009552085772156715, -0.09728004038333893, 0.9521544575691223, -0.28972136974334717, -0.01951715350151062, 0.28922098875045776, 0.9570633769035339),
            ["RightHand"] = CFrame.new(-1.7881393432617188e-07, 1.1920928955078125e-07, 8.940696716308594e-08, 0.4129353165626526, -0.26798149943351746, -0.8704426288604736, 0.047726333141326904, 0.9607856869697571, -0.27315405011177063, 0.909509003162384, 0.07125197350978851, 0.4095321297645569),
            ["UpperTorso"] = CFrame.new(-1.3969838619232178e-09, 1.1920928955078125e-07, 5.2532413974404335e-09, 0.9992822408676147, 0.002373837400227785, -0.03780835494399071, -0.005961410701274872, 0.9954536557197571, -0.09506068378686905, 0.037410806864500046, 0.09521784633398056, 0.9947533011436462),
            ["HumanoidRootPart"] = CFrame.new(0, 0, 0, 1, 0, 0, 0, 1, 0, 0, 0, 1),
            ["RightUpperLeg"] = CFrame.new(0, 2.561137080192566e-07, 1.2403324944898486e-07, 0.9648045897483826, -0.08686405420303345, -0.24820761382579803, 0.06881801038980484, 0.994376540184021, -0.0804954543709755, 0.2538036108016968, 0.06058112159371376, 0.965356707572937),
            ["LeftUpperArm"] = CFrame.new(0, 5.960464477539062e-07, 1.6391277313232422e-07, 0.7199514508247375, 0.3840987980365753, -0.5780467987060547, -0.6808682680130005, 0.22949057817459106, -0.6955232620239258, -0.13449333608150482, 0.8943166732788086, 0.4267426133155823),
            ["RightLowerArm"] = CFrame.new(-5.960464477539063e-08, 1.1920928955078125e-07, 5.21540641784668e-07, 1, -1.341104365337742e-07, 1.0803340444454079e-07, 7.450583439094771e-08, -0.287862628698349, -0.9576717615127563, 4.4703497792397684e-08, 0.9576717019081116, -0.287862628698349),
            ["LeftHand"] = CFrame.new(6.258487701416016e-07, 7.152557373046875e-07, 5.960464477539063e-08, 0.5304494500160217, 0.37664520740509033, 0.7594484090805054, -0.06331987679004669, 0.9109768867492676, -0.4075681269168854, -0.8453484773635864, 0.1681060642004013, 0.5070762634277344),
            ["LeftFoot"] = CFrame.new(9.313225746154785e-09, -1.1920928955078125e-07, 7.450580596923828e-09, 0.9993513226509094, -0.03572408854961395, 0.004573367536067963, 0.03491300716996193, 0.9297252297401428, -0.3665953278541565, 0.008844029158353806, 0.3665173053741455, 0.9303692579269409),
            ["LowerTorso"] = CFrame.new(0.001847720006480813, -0.08098936080932617, -0.26566335558891296, 0.9998713731765747, 0.009872203692793846, -0.012641653418540955, -0.010687545873224735, 0.9977530241012573, -0.06614246964454651, 0.01196027360856533, 0.06626906991004944, 0.9977301359176636),
            ["RightLowerLeg"] = CFrame.new(6.705522537231445e-08, -0.000003337860107421875, -0.000013424250937532634, 1, -1.1175870895385742e-07, 1.657754324924099e-07, 5.21540641784668e-08, 0.8392992615699768, 0.5436694025993347, 1.0291114449501038e-07, -0.5436697602272034, 0.8392994403839111),
            ["LeftUpperLeg"] = CFrame.new(-1.1920928955078125e-07, 6.365589797496796e-07, 9.685754776000977e-08, 0.990387499332428, 0.05370267480611801, 0.1274702399969101, -0.03955787420272827, 0.99303138256073, -0.11101250350475311, -0.13254335522651672, 0.10490301996469498, 0.9856102466583252),
            ["LeftLowerLeg"] = CFrame.new(2.2351741790771484e-08, 0.000003933906555175781, 0.000013336539268493652, 1, 2.3283066585833012e-09, 4.749746196353044e-08, -4.6566128730773926e-08, 0.8557345271110535, 0.5174151062965393, 3.026798367500305e-08, -0.5174152255058289, 0.8557345271110535),
        }},
        {Time = 0.267, Data = {
            ["RightFoot"] = CFrame.new(9.778887033462524e-08, 4.172325134277344e-07, -4.001776687800884e-10, 0.9997705221176147, 0.02108227275311947, -0.0038164586294442415, -0.020712362602353096, 0.9054810404777527, -0.423880934715271, -0.00548049109056592, 0.42386290431022644, 0.9057099223136902),
            ["LeftLowerArm"] = CFrame.new(-5.662441253662109e-07, -4.172325134277344e-07, -4.470348358154297e-08, 1, -5.774199252073231e-08, 1.0151418194936923e-07, 8.195639367158947e-08, -0.20682895183563232, -0.9783771634101868, 1.4156104555240745e-07, 0.978377103805542, -0.2068289816379547),
            ["RightUpperArm"] = CFrame.new(1.1920928955078125e-07, 2.384185791015625e-07, -3.725290298461914e-09, 0.7402422428131104, -0.40994322299957275, 0.5329051613807678, 0.6664950251579285, 0.3431330621242523, -0.6618489623069763, 0.08846321702003479, 0.8451071977615356, 0.5272268056869507),
            ["Head"] = CFrame.new(1.076841726899147e-08, 0, 6.658956408500671e-08, 0.9950435757637024, 0.09887829422950745, -0.010563644580543041, -0.09707509726285934, 0.9428386688232422, -0.31879723072052, -0.021562306210398674, 0.3182426691055298, 0.9477640986442566),
            ["RightHand"] = CFrame.new(5.289912223815918e-07, -1.1920928955078125e-07, -1.4901161193847656e-08, 0.4723987877368927, -0.2667960524559021, -0.8400352597236633, -0.015607818961143494, 0.9504039883613586, -0.310626357793808, 0.8812467455863953, 0.15985067188739777, 0.4448056221008301),
            ["UpperTorso"] = CFrame.new(-4.423782229423523e-09, 1.4901161193847656e-07, -3.055902197957039e-09, 0.9992939233779907, 0.0023576640523970127, -0.03750064969062805, -0.005829846952110529, 0.9956722259521484, -0.09275224804878235, 0.037119679152965546, 0.09290539473295212, 0.9949827790260315),
            ["HumanoidRootPart"] = CFrame.new(0, 0, 0, 1, 0, 0, 0, 1, 0, 0, 0, 1),
            ["RightUpperLeg"] = CFrame.new(-2.9802322387695312e-08, 5.383044481277466e-07, -1.5199475456029177e-08, 0.9647624492645264, -0.08807730674743652, -0.24794350564479828, 0.0643027275800705, 0.9926608800888062, -0.10241913050413132, 0.2551443576812744, 0.08286671340465546, 0.9633454084396362),
            ["LeftUpperArm"] = CFrame.new(0, 0, 5.960464477539063e-08, 0.7167283892631531, 0.3468380868434906, -0.6049824953079224, -0.6962474584579468, 0.3070894479751587, -0.6487956047058105, -0.03924327716231346, 0.8862276673316956, 0.4615849256515503),
            ["RightLowerArm"] = CFrame.new(-0.0000011324882507324219, -1.1920928955078125e-07, 1.7881393432617188e-07, 1, -8.550705388188362e-08, 1.1175868053214799e-07, 8.940696716308594e-08, -0.46209490299224854, -0.8868304491043091, 1.564621925354004e-07, 0.8868305683135986, -0.46209481358528137),
            ["LeftHand"] = CFrame.new(0.0000011920928955078125, 4.172325134277344e-07, 2.9802322387695312e-08, 0.5623592734336853, 0.36858853697776794, 0.7401990294456482, -0.026161527261137962, 0.9026395678520203, -0.42960137128829956, -0.8264791369438171, 0.2222256064414978, 0.5172505378723145),
            ["LeftFoot"] = CFrame.new(-1.30385160446167e-08, 5.960464477539063e-08, -1.4901161193847656e-08, 0.999369740486145, -0.03524403274059296, 0.004239922855049372, 0.03437736630439758, 0.9311068058013916, -0.3631231486797333, 0.008850141428411007, 0.3630400002002716, 0.9317315220832825),
