return {
    ["Act Like A Robot"] = {
        {Time = 0.000, Data = {
            ["RightFoot"] = CFrame.new(-5.8673322200775146e-08, 5.960464477539063e-08, 1.6952981241047382e-09, 0.9750787615776062, 0.07538323104381561, -0.20866000652313232, -0.1926496922969818, 0.7541503310203552, -0.6278080940246582, 0.11003445833921432, 0.6523608565330505, 0.7498787641525269),
            ["LeftLowerArm"] = CFrame.new(1.4901161193847656e-07, -2.384185791015625e-07, -8.940696716308594e-08, 1, 4.0978189730367376e-08, -2.468004822731018e-08, -8.940695295223122e-08, 0.7294936180114746, -0.6839877367019653, 2.9802318834981634e-08, 0.6839877963066101, 0.7294935584068298),
            ["RightUpperArm"] = CFrame.new(2.384185791015625e-07, 3.5762786865234375e-07, -2.3469328880310059e-07, 0.8565545678138733, -0.407505065202713, 0.31662896275520325, 0.47826385498046875, 0.8573212027549744, -0.19043153524398804, -0.19385087490081787, 0.31454741954803467, 0.9292373061180115),
            ["Head"] = CFrame.new(-4.470348358154297e-08, 5.960464477539062e-07, -1.1920928955078125e-07, 0.8549349904060364, 0.41278529167175293, 0.3141571581363678, -0.5067142844200134, 0.5349277257919312, 0.6760864853858948, 0.1110270768404007, -0.7371978759765625, 0.6664925217628479),
            ["RightHand"] = CFrame.new(-2.4586915969848633e-07, -5.960464477539063e-08, -3.3527612686157227e-08, 0.9176887273788452, 0.18261219561100006, -0.3528459966182709, -0.08170230686664581, 0.9558680057525635, 0.282207727432251, 0.3888087570667267, -0.23015041649341583, 0.8921090364456177),
            ["UpperTorso"] = CFrame.new(1.3000317267142236e-08, 3.2782554626464844e-07, 3.725290298461914e-09, 0.9946302175521851, -0.0020995372906327248, -0.10347184538841248, 0.03392624482512474, 0.9511624574661255, 0.30682092905044556, 0.09777453541755676, -0.3086837828159332, 0.9461261034011841),
            ["HumanoidRootPart"] = CFrame.new(0, 0, 0, 1, 0, 0, 0, 1, 0, 0, 0, 1),
            ["RightUpperLeg"] = CFrame.new(5.960464477539063e-08, 2.9802322387695312e-08, 5.75528247281909e-09, 0.8771023154258728, -0.43468257784843445, -0.20430992543697357, -0.2364598512649536, -0.020538704469799995, -0.9714242219924927, 0.41806498169898987, 0.9003496170043945, -0.12079963088035583),
            ["LeftUpperArm"] = CFrame.new(-1.1920928955078125e-07, -1.1920928955078125e-07, -2.8312206268310547e-07, 0.9096149206161499, 0.21525228023529053, -0.3553410768508911, -0.27100229263305664, 0.9557098150253296, -0.11478865891695023, 0.3148944079875946, 0.20071180164813995, 0.9276617169380188),
            ["RightLowerArm"] = CFrame.new(1.1920928955078125e-07, 1.1920928955078125e-07, 8.940696716308594e-08, 1, 5.5879368687783426e-08, 7.636845111846924e-08, 1.0710209608078003e-08, 0.6579180955886841, -0.7530896663665771, -8.940696716308594e-08, 0.7530896067619324, 0.6579179763793945),
            ["LeftHand"] = CFrame.new(3.5762786865234375e-07, -1.1920928955078125e-07, -1.0395888239145279e-07, 0.9982386827468872, 0.05667462944984436, 0.01753791980445385, -0.05605151131749153, 0.9978427290916443, -0.03417952358722687, -0.0194373968988657, 0.03313622623682022, 0.9992618560791016),
            ["LeftFoot"] = CFrame.new(-4.470348358154297e-08, 1.7881393432617188e-07, -2.9802322387695312e-08, 0.9533720016479492, 0.13263355195522308, 0.2710910439491272, 0.001190684619359672, 0.8965930342674255, -0.44285351037979126, -0.30179527401924133, 0.4225272238254547, 0.85462886095047),
            ["LowerTorso"] = CFrame.new(-0.22059157490730286, -0.6008487939834595, 0.3673877418041229, 0.7819530963897705, 0.37270182371139526, -0.4996424913406372, -0.000012233535017003305, 0.8015697002410889, 0.5979012846946716, 0.6233372092247009, -0.4675246775150299, 0.6267945170402527),
            ["RightLowerLeg"] = CFrame.new(-1.1175870895385742e-07, -0.0001226663589477539, -0.00007739493594272062, 1, 5.960462345910855e-08, 7.450581485102248e-09, -3.725289587919178e-08, -0.12750349938869476, 0.9918382167816162, 6.705521116145974e-08, -0.9918380975723267, -0.12750326097011566),
            ["LeftUpperLeg"] = CFrame.new(0, -2.7939677238464355e-08, 1.4901161193847656e-08, 0.9715640544891357, 0.20419156551361084, 0.119871124625206, 0.1594538688659668, -0.18999040126800537, -0.9687507748603821, -0.17503637075424194, 0.9603173732757568, -0.21714700758457184),
            ["LeftLowerLeg"] = CFrame.new(3.3527612686157227e-08, 0.00012242794036865234, 0.00007764250040054321, 1, 8.195637946073475e-08, -3.166496753692627e-08, 3.352762334429826e-08, -0.10792046785354614, 0.9941595792770386, 9.872022843637751e-08, -0.9941595792770386, -0.10792043805122375),
        }},
        {Time = 0.042, Data = {
            ["RightFoot"] = CFrame.new(-2.60770320892334e-08, 2.384185791015625e-07, -5.75528247281909e-09, 0.9753680229187012, 0.07561776041984558, -0.2072179764509201, -0.1923898160457611, 0.7511625289916992, -0.6314591765403748, 0.10790467262268066, 0.6557720303535461, 0.7472081184387207),
            ["LeftLowerArm"] = CFrame.new(2.384185791015625e-07, -2.980232238769531e-07, -4.76837158203125e-07, 1, 4.284083487959833e-08, -1.1385418474674225e-07, -7.450580596923828e-08, 0.75211101770401, -0.6590365767478943, 2.2351741790771484e-08, 0.6590365171432495, 0.7521108984947205),
            ["RightUpperArm"] = CFrame.new(1.1920928955078125e-07, 2.384185791015625e-07, -1.9278377294540405e-07, 0.8574768304824829, -0.4053906500339508, 0.3168466091156006, 0.4766576290130615, 0.8577494025230408, -0.19251897931098938, -0.1937296837568283, 0.3161083161830902, 0.9287329316139221),
            ["Head"] = CFrame.new(5.960464477539063e-08, 4.76837158203125e-07, -2.9802322387695312e-08, 0.8551558256149292, 0.41347426176071167, 0.3126468062400818, -0.5054067373275757, 0.5310021638870239, 0.6801474690437317, 0.11520713567733765, -0.739645779132843, 0.6630622148513794),
            ["RightHand"] = CFrame.new(2.3096799850463867e-07, 0, -1.4901161193847656e-08, 0.9169806838035583, 0.18371142446994781, -0.35411396622657776, -0.09079316258430481, 0.9604669809341431, 0.26317283511161804, 0.38846272230148315, -0.20917324721813202, 0.8974093198776245),
            ["UpperTorso"] = CFrame.new(-3.254172042943537e-08, 1.4901161193847656e-07, 0, 0.994549036026001, -0.0019302540458738804, -0.10425198823213577, 0.034117192029953, 0.9508160352706909, 0.30787160992622375, 0.0985303446650505, -0.3097503185272217, 0.9456989765167236),
            ["HumanoidRootPart"] = CFrame.new(0, 0, 0, 1, 0, 0, 0, 1, 0, 0, 0, 1),
            ["RightUpperLeg"] = CFrame.new(0, 2.2351741790771484e-08, -3.894820110872388e-08, 0.8763855695724487, -0.43751537799835205, -0.2013177126646042, -0.23775865137577057, -0.029516011476516724, -0.9708757400512695, 0.41883084177970886, 0.8987264037132263, -0.12989060580730438),
            ["LeftUpperArm"] = CFrame.new(0, 1.1920928955078125e-07, -3.725290298461914e-09, 0.9106915593147278, 0.21364495158195496, -0.35354918241500854, -0.26947155594825745, 0.9559405446052551, -0.11645852029323578, 0.31309106945991516, 0.20132936537265778, 0.9281380772590637),
            ["RightLowerArm"] = CFrame.new(0, 1.7881393432617188e-07, -1.1920928955078125e-07, 1, 7.869676466043529e-08, 7.916241884231567e-08, 2.7939680791178034e-08, 0.6763837933540344, -0.736549437046051, -1.1920930376163597e-07, 0.7365493178367615, 0.6763837337493896),
            ["LeftHand"] = CFrame.new(1.4901161193847656e-08, -1.7881393432617188e-07, -1.5273690223693848e-07, 0.9982088208198547, 0.056990090757608414, 0.018205344676971436, -0.055685579776763916, 0.9962956309318542, -0.06552987545728683, -0.02187248133122921, 0.06439865380525589, 0.9976845383644104),
            ["LeftFoot"] = CFrame.new(-1.3969838619232178e-08, 1.7881393432617188e-07, -2.9802322387695312e-08, 0.9539297223091125, 0.1336752474308014, 0.2686063349246979, 0.00036005672882311046, 0.8947518467903137, -0.4465632736682892, -0.3000301420688629, 0.42608699202537537, 0.8534822463989258),
            ["LowerTorso"] = CFrame.new(-0.2206202894449234, -0.6092529296875, 0.3675382435321808, 0.7819530963897705, 0.3735024034976959, -0.4990443289279938, -0.000012243357559782453, 0.8006101250648499, 0.5991857051849365, 0.6233372688293457, -0.46852901577949524, 0.6260441541671753),
            ["RightLowerLeg"] = CFrame.new(-6.705522537231445e-08, -0.00012236833572387695, -0.00007740238652331755, 1, 5.5879340266073996e-08, 4.4703490686970326e-08, -2.0489094865183688e-08, -0.14013680815696716, 0.990132212638855, 7.450579886381092e-08, -0.990132212638855, -0.14013664424419403),
            ["LeftUpperLeg"] = CFrame.new(-1.1920928955078125e-07, -9.685754776000977e-08, 4.0978193283081055e-08, 0.9709222316741943, 0.20726892352104187, 0.11979007720947266, 0.16188165545463562, -0.19980287551879883, -0.9663711786270142, -0.17636428773403168, 0.9576630592346191, -0.22754602134227753),
            ["LeftLowerLeg"] = CFrame.new(2.2351741790771484e-08, 0.00012230873107910156, 0.00007770583033561707, 1, 1.0430809993522416e-07, -3.166496398421259e-08, 4.842879164357328e-08, -0.1203986331820488, 0.9927256107330322, 1.0989610643719061e-07, -0.992725670337677, -0.12039859592914581),
        }},
        {Time = 0.083, Data = {
            ["RightFoot"] = CFrame.new(-2.7939677238464355e-08, 0, 6.875052349641919e-08, 0.9759202599525452, 0.07574868947267532, -0.20455323159694672, -0.19120243191719055, 0.7484093308448792, -0.6350785493850708, 0.10498286783695221, 0.6588973999023438, 0.7448713183403015),
            ["LeftLowerArm"] = CFrame.new(2.384185791015625e-07, -1.1920928955078125e-07, -8.940696716308594e-08, 1, 9.313224325069314e-08, -1.0058283805847168e-07, -1.043081283569336e-07, 0.8094438314437866, -0.5871973633766174, 2.9802322387695312e-08, 0.5871973633766174, 0.8094437718391418),
            ["RightUpperArm"] = CFrame.new(0, 2.384185791015625e-07, -8.475035429000854e-08, 0.8598607182502747, -0.39989590644836426, 0.3173682987689972, 0.47247499227523804, 0.8588284850120544, -0.19794218242168427, -0.19340869784355164, 0.32015156745910645, 0.927413821220398),
            ["Head"] = CFrame.new(-4.470348358154297e-08, 4.76837158203125e-07, -1.1920928955078125e-07, 0.855712354183197, 0.41528281569480896, 0.30870169401168823, -0.5018659234046936, 0.5207503437995911, 0.6906154751777649, 0.12604403495788574, -0.7458950281143188, 0.6540287137031555),
            ["RightHand"] = CFrame.new(2.0116567611694336e-07, -5.960464477539063e-08, -1.2060627341270447e-07, 0.9151266813278198, 0.18658699095249176, -0.3573913276195526, -0.11578734964132309, 0.9707501530647278, 0.2103273570537567, 0.38618189096450806, -0.15109474956989288, 0.9099636077880859),
            ["UpperTorso"] = CFrame.new(1.489934220444411e-08, 1.1920928955078125e-07, 3.725290298461914e-09, 0.9943351745605469, -0.0014846168924123049, -0.10627942532300949, 0.03461682051420212, 0.9499093294143677, 0.31060293316841125, 0.10049482434988022, -0.31252235174179077, 0.9445796012878418),
            ["HumanoidRootPart"] = CFrame.new(0, 0, 0, 1, 0, 0, 0, 1, 0, 0, 0, 1),
            ["RightUpperLeg"] = CFrame.new(1.1920928955078125e-07, -1.1920928955078125e-07, 1.3205863069742918e-08, 0.8750715255737305, -0.4411236345767975, -0.19914743304252625, -0.24091851711273193, -0.04013529792428017, -0.9697151184082031, 0.4197714924812317, 0.8965483903884888, -0.14139623939990997),
            ["LeftUpperArm"] = CFrame.new(0, -1.1920928955078125e-07, -1.6391277313232422e-07, 0.9134668111801147, 0.20948225259780884, -0.34884941577911377, -0.26548171043395996, 0.9565203189849854, -0.12078206241130829, 0.3083797097206116, 0.20294350385665894, 0.9293631315231323),
            ["RightLowerArm"] = CFrame.new(-1.7881393432617188e-07, 1.7881393432617188e-07, 2.9802322387695312e-08, 1, 3.725290653733282e-08, 7.462222839649257e-08, 2.398155984906225e-08, 0.7246479392051697, -0.6891193389892578, -1.0430814256778831e-07, 0.689119279384613, 0.7246479392051697),
            ["LeftHand"] = CFrame.new(1.341104507446289e-07, 0, -8.940696716308594e-08, 0.9981290698051453, 0.05779977887868881, 0.01994236186146736, -0.05414145439863205, 0.987051784992218, -0.15098874270915985, -0.028411420062184334, 0.14962650835514069, 0.9883342981338501),
            ["LeftFoot"] = CFrame.new(-2.7474015951156616e-08, -5.960464477539063e-08, -1.4901161193847656e-08, 0.9548711776733398, 0.13503187894821167, 0.2645516097545624, -0.0014980135019868612, 0.8928626775741577, -0.4503262937068939, -0.29701659083366394, 0.42960748076438904, 0.8527712225914001),
            ["LowerTorso"] = CFrame.new(-0.22067731618881226, -0.6172364950180054, 0.3676810562610626, 0.7819531559944153, 0.37557876110076904, -0.4974835216999054, -0.000012288993275433313, 0.7981062531471252, 0.602516770362854, 0.6233372688293457, -0.471133828163147, 0.624086320400238),
            ["RightLowerLeg"] = CFrame.new(0, -0.00012242794036865234, -0.00007726827607257292, 1, 8.940694584680386e-08, 2.2351745343485163e-08, -4.656612162534657e-08, -0.152052640914917, 0.9883725047111511, 9.313224325069314e-08, -0.9883724451065063, -0.1520523875951767),
            ["LeftUpperLeg"] = CFrame.new(-5.960464477539063e-08, -1.1734664440155029e-07, 8.195638656616211e-08, 0.9699524641036987, 0.2112802416086197, 0.12063617259263992, 0.16586320102214813, -0.21148213744163513, -0.9632054567337036, -0.17799387872219086, 0.9542725086212158, -0.24017123878002167),
            ["LeftLowerLeg"] = CFrame.new(7.450580596923828e-08, 0.00012248754501342773, 0.00007763504981994629, 1, 1.3597311010471458e-07, -3.3527616238870905e-08, 2.2351748896198842e-08, -0.13213004171848297, 0.9912324547767639, 9.49949381379156e-08, -0.9912324547767639, -0.13213004171848297),
        }},
        {Time = 0.125, Data = {
            ["RightFoot"] = CFrame.new(-5.587935447692871e-08, 1.1920928955078125e-07, 8.365168469026685e-08, 0.9766216278076172, 0.07585275173187256, -0.20113888382911682, -0.18939393758773804, 0.7462274432182312, -0.6381803750991821, 0.10168737173080444, 0.6613554954528809, 0.7431480884552002),
            ["LeftLowerArm"] = CFrame.new(2.086162567138672e-07, -2.384185791015625e-07, -2.682209014892578e-07, 1, 6.332992086299782e-08, -1.1175870895385742e-07, -8.940695295223122e-08, 0.881400465965271, -0.4723697304725647, 7.450579886381092e-08, 0.4723696708679199, 0.8814005851745605),
            ["RightUpperArm"] = CFrame.new(1.1920928955078125e-07, 2.384185791015625e-07, -9.499490261077881e-08, 0.8631312251091003, -0.3922889828681946, 0.3179836869239807, 0.4666633903980255, 0.8602431416511536, -0.20544341206550598, -0.19295021891593933, 0.32571643590927124, 0.9255698323249817),
            ["Head"] = CFrame.new(-5.960464477539063e-08, 3.5762786865234375e-07, -1.1920928955078125e-07, 0.8564372658729553, 0.41782426834106445, 0.30321377515792847, -0.49663490056991577, 0.5064454674720764, 0.7048876285552979, 0.14095765352249146, -0.7542783617973328, 0.6412448883056641),
            ["RightHand"] = CFrame.new(4.470348358154297e-08, -1.1920928955078125e-07, 7.450580596923828e-08, 0.9125322699546814, 0.19061312079429626, -0.3618723154067993, -0.15280678868293762, 0.979581356048584, 0.13065363466739655, 0.37938782572746277, -0.06392915546894073, 0.9230266213417053),
            ["UpperTorso"] = CFrame.new(-2.3268512450158596e-08, 1.7881393432617188e-07, -4.842877388000488e-08, 0.9940314292907715, -0.0008548637852072716, -0.10909060388803482, 0.03531705215573311, 0.948641300201416, 0.3143763542175293, 0.10321936011314392, -0.3163526952266693, 0.9430094957351685),
            ["HumanoidRootPart"] = CFrame.new(0, 0, 0, 1, 0, 0, 0, 1, 0, 0, 0, 1),
            ["RightUpperLeg"] = CFrame.new(-2.9802322387695312e-08, -3.725290298461914e-08, -6.875052349641919e-08, 0.8733767867088318, -0.445179283618927, -0.19755622744560242, -0.2452201098203659, -0.051474377512931824, -0.9680999517440796, 0.4208090305328369, 0.89396071434021, -0.15412355959415436),
            ["LeftUpperArm"] = CFrame.new(-1.1920928955078125e-07, -1.1920928955078125e-07, -7.078051567077637e-08, 0.9172544479370117, 0.20375964045524597, -0.34223777055740356, -0.2599303722381592, 0.9572765231132507, -0.12671956419944763, 0.30179569125175476, 0.20519223809242249, 0.931029200553894),
            ["RightLowerArm"] = CFrame.new(5.960464477539063e-08, -5.960464477539063e-08, 2.9802322387695312e-08, 1, 6.891787762697277e-08, 9.313224325069314e-08, 2.1420419216156006e-08, 0.7897192239761353, -0.613468587398529, -1.1175870895385742e-07, 0.613468587398529, 0.7897191047668457),
            ["LeftHand"] = CFrame.new(5.960464477539063e-08, 1.7881393432617188e-07, -5.960464477539063e-08, 0.998013436794281, 0.058904584497213364, 0.022352278232574463, -0.050495922565460205, 0.9600241184234619, -0.27532505989074707, -0.03767643868923187, 0.2736493647098541, 0.9610913395881653),
            ["LeftFoot"] = CFrame.new(-2.0023435354232788e-08, 0, -1.4901161193847656e-08, 0.955843985080719, 0.13671447336673737, 0.26013806462287903, -0.003973804414272308, 0.8911306262016296, -0.4537290930747986, -0.293847918510437, 0.4326607584953308, 0.8523251414299011),
            ["LowerTorso"] = CFrame.new(-0.220725879073143, -0.6243799924850464, 0.3678089380264282, 0.7819530367851257, 0.3784424662590027, -0.49530869722366333, -0.00001223620984092122, 0.7946171164512634, 0.6071109175682068, 0.6233373880386353, -0.47472622990608215, 0.6213578581809998),
            ["RightLowerLeg"] = CFrame.new(2.2351741790771484e-08, -0.00012242794036865234, -0.00007739493594272062, 1, 9.313224325069314e-08, 1.4901166522918174e-08, 9.313224857976365e-09, -0.16258114576339722, 0.9866952896118164, 7.078050856534901e-08, -0.9866951704025269, -0.16258099675178528),
            ["LeftUpperLeg"] = CFrame.new(-5.960464477539063e-08, -7.078051567077637e-08, -1.1175870895385742e-08, 0.968757688999176, 0.2160027176141739, 0.1218661218881607, 0.17058393359184265, -0.22364795207977295, -0.959626317024231, -0.18002678453922272, 0.9504338502883911, -0.25350722670555115),
            ["LeftLowerLeg"] = CFrame.new(8.195638656616211e-08, 0.00012242794036865234, 0.00007759034633636475, 1, 1.1362132568137895e-07, -3.166496398421259e-08, 3.7252917195473856e-08, -0.14255887269973755, 0.9897863268852234, 1.080334541825323e-07, -0.9897863268852234, -0.14255881309509277),
        }},
        {Time = 0.167, Data = {
            ["RightFoot"] = CFrame.new(-1.3783574104309082e-07, 1.1920928955078125e-07, 2.4047039914876223e-08, 0.9773737788200378, 0.07575899362564087, -0.19748719036579132, -0.187260240316391, 0.7440670728683472, -0.6413246989250183, 0.09835737943649292, 0.6637957692146301, 0.7414185404777527),
            ["LeftLowerArm"] = CFrame.new(3.2782554626464844e-07, -1.1920928955078125e-07, -2.9802322387695312e-08, 1, 2.9802318834981634e-08, -1.2665985593685036e-07, -7.450580596923828e-08, 0.9441720247268677, -0.32945287227630615, 7.450580596923828e-08, 0.32945290207862854, 0.9441720247268677),
            ["RightUpperArm"] = CFrame.new(2.384185791015625e-07, 1.1920928955078125e-07, -4.1909515857696533e-07, 0.8667211532592773, -0.38384291529655457, 0.3185260593891144, 0.4601820111274719, 0.8617058992385864, -0.21376480162143707, -0.1924237161874771, 0.33185482025146484, 0.9234966039657593),
            ["Head"] = CFrame.new(2.9802322387695312e-08, 2.384185791015625e-07, -2.086162567138672e-07, 0.8571823239326477, 0.4206945300102234, 0.2970772683620453, -0.4903731942176819, 0.4904128611087799, 0.7204368114471436, 0.15739315748214722, -0.7632243633270264, 0.6266705393791199),
            ["RightHand"] = CFrame.new(-1.043081283569336e-07, -5.960464477539063e-08, -5.960464477539063e-08, 0.9096117615699768, 0.19514432549476624, -0.36677685379981995, -0.19509832561016083, 0.9800628423690796, 0.03759758174419403, 0.3668014109134674, 0.03735823556780815, 0.9295489192008972),
            ["UpperTorso"] = CFrame.new(-3.219611244276166e-09, 1.1920928955078125e-07, -1.1920928955078125e-07, 0.9936832785606384, -0.0001354810519842431, -0.1122216284275055, 0.03610507771372795, 0.9472156167030334, 0.31855759024620056, 0.10625509172677994, -0.32059717178344727, 0.941237211227417),
            ["HumanoidRootPart"] = CFrame.new(0, 0, 0, 1, 0, 0, 0, 1, 0, 0, 0, 1),
            ["RightUpperLeg"] = CFrame.new(-2.9802322387695312e-08, -7.450580596923828e-09, -1.0600342648103833e-07, 0.8715549111366272, -0.4489904046058655, -0.19697676599025726, -0.2501159906387329, -0.061605341732501984, -0.9662540555000305, 0.42170393466949463, 0.8914104104042053, -0.16599217057228088),
            ["LeftUpperArm"] = CFrame.new(0, -4.76837158203125e-07, -1.5273690223693848e-07, 0.9213849902153015, 0.1974591314792633, -0.33475345373153687, -0.2537291347980499, 0.9580529928207397, -0.13325093686580658, 0.29439979791641235, 0.20771215856075287, 0.9328367710113525),
            ["RightLowerArm"] = CFrame.new(1.1920928955078125e-07, 5.960464477539063e-08, 8.940696716308594e-08, 1, 7.823108916227284e-08, 1.1175866632129328e-07, -1.8626449271863521e-09, 0.8549066185951233, -0.5187819004058838, -1.0430811414607888e-07, 0.518781840801239, 0.8549066185951233),
            ["LeftHand"] = CFrame.new(1.7881393432617188e-07, 5.960464477539063e-08, -2.9802322387695312e-08, 0.9978776574134827, 0.060107726603746414, 0.025044994428753853, -0.044415973126888275, 0.9095476269721985, -0.4132196009159088, -0.047617144882678986, 0.4112301468849182, 0.9102869629859924),
            ["LeftFoot"] = CFrame.new(-1.955777406692505e-08, -5.960464477539063e-08, -2.9802322387695312e-08, 0.9565718770027161, 0.13876686990261078, 0.25634801387786865, -0.006773039698600769, 0.8897618651390076, -0.45637479424476624, -0.2914179861545563, 0.43481919169425964, 0.8520609140396118),
            ["LowerTorso"] = CFrame.new(-0.22075672447681427, -0.6302629709243774, 0.3679142892360687, 0.7819530963897705, 0.3816099762916565, -0.49287232756614685, -0.000012237729606567882, 0.7907087802886963, 0.6121925115585327, 0.6233372688293457, -0.47869977355003357, 0.6183018088340759),
            ["RightLowerLeg"] = CFrame.new(-4.842877388000488e-08, -0.00012242794036865234, -0.00007748434290988371, 1, 8.568165554834195e-08, 2.2351747119842003e-08, -1.1175868230850483e-08, -0.17131532728672028, 0.9852163791656494, 8.195636524988004e-08, -0.9852162599563599, -0.17131516337394714),
            ["LeftUpperLeg"] = CFrame.new(0, -5.587935447692871e-08, -9.313225746154785e-08, 0.9675282835960388, 0.2206067442893982, 0.12337631732225418, 0.17549052834510803, -0.23499445617198944, -0.9560233950614929, -0.18191249668598175, 0.9466310739517212, -0.2660781741142273),
            ["LeftLowerLeg"] = CFrame.new(2.421438694000244e-08, 0.00012242794036865234, 0.00007776916027069092, 1, 9.313222193441106e-08, 1.6763802790364934e-08, 3.72529100900465e-08, -0.15113255381584167, 0.9885135889053345, 1.0430815677864302e-07, -0.9885135293006897, -0.15113255381584167),
        }},
        {Time = 0.208, Data = {
            ["RightFoot"] = CFrame.new(-1.3504177331924438e-07, 0, 5.3849362302571535e-08, 0.9780587553977966, 0.07567474246025085, -0.19409947097301483, -0.185172438621521, 0.7426948547363281, -0.6435175538063049, 0.09545822441577911, 0.6653403043746948, 0.7404124736785889),
            ["LeftLowerArm"] = CFrame.new(2.980232238769531e-07, -1.1920928955078125e-07, -8.940696716308594e-08, 1, 5.960463766996327e-08, -9.685756197086448e-08, -1.043081283569336e-07, 0.9821337461471558, -0.18818414211273193, 8.940696716308594e-08, 0.18818412721157074, 0.9821338653564453),
            ["RightUpperArm"] = CFrame.new(0, 2.384185791015625e-07, -3.166496753692627e-07, 0.8700892925262451, -0.37582772970199585, 0.3189011514186859, 0.4540015459060669, 0.8629897832870483, -0.22165556252002716, -0.19190417230129242, 0.3376421630382538, 0.9215047955513),
            ["Head"] = CFrame.new(-7.450580596923828e-08, 4.76837158203125e-07, -2.086162567138672e-07, 0.8578285574913025, 0.42347097396850586, 0.2912091612815857, -0.4839910864830017, 0.47505658864974976, 0.7348970174789429, 0.1728665679693222, -0.7713582515716553, 0.6124734282493591),
            ["RightHand"] = CFrame.new(2.2351741790771484e-07, -5.960464477539063e-08, -1.4901161193847656e-07, 0.9068008661270142, 0.19950534403324127, -0.37136203050613403, -0.2338552325963974, 0.9710168838500977, -0.049378108233213425, 0.350747674703598, 0.13162089884281158, 0.9271742105484009),
            ["UpperTorso"] = CFrame.new(-1.2427335605025291e-08, 2.086162567138672e-07, 1.862645149230957e-08, 0.9933420419692993, 0.0005666567594744265, -0.11520136892795563, 0.036863941699266434, 0.9458447098731995, 0.3225196599960327, 0.10914555191993713, -0.3246190845966339, 0.9395264387130737),
            ["HumanoidRootPart"] = CFrame.new(0, 0, 0, 1, 0, 0, 0, 1, 0, 0, 0, 1),
            ["RightUpperLeg"] = CFrame.new(0, 9.685754776000977e-08, 1.1751399142667651e-07, 0.8698359727859497, -0.4523668587207794, -0.1968490183353424, -0.2547522485256195, -0.07016457617282867, -0.9644574522972107, 0.42247697710990906, 0.8890676498413086, -0.17627328634262085),
            ["LeftUpperArm"] = CFrame.new(-1.1920928955078125e-07, 0, -1.8998980522155762e-07, 0.9252325296401978, 0.1915297657251358, -0.3275080621242523, -0.2478046715259552, 0.9587297439575195, -0.13939188420772552, 0.2872940003871918, 0.21012817323207855, 0.9345096349716187),
            ["RightLowerArm"] = CFrame.new(-8.940696716308594e-08, -1.7881393432617188e-07, 1.4901161193847656e-07, 1, 5.21540641784668e-08, 1.378357126213814e-07, 1.862645149230957e-09, 0.9057497382164001, -0.4238128662109375, -1.2665987014770508e-07, 0.4238129258155823, 0.9057497382164001),
            ["LeftHand"] = CFrame.new(2.9802322387695312e-08, 0, -1.1920928955078125e-07, 0.9977420568466187, 0.06122593581676483, 0.02760806493461132, -0.03703952953219414, 0.8445075750350952, -0.534261167049408, -0.05602571368217468, 0.5320322513580322, 0.8448686003684998),
            ["LeftFoot"] = CFrame.new(-1.5832483768463135e-08, 1.7881393432617188e-07, 5.960464477539063e-08, 0.9575648307800293, 0.14011713862419128, 0.2518671452999115, -0.009257182478904724, 0.8883764743804932, -0.45902219414711, -0.28806930780410767, 0.4372122883796692, 0.8519750833511353),
            ["LowerTorso"] = CFrame.new(-0.2207675278186798, -0.6344649791717529, 0.36798951029777527, 0.7819530963897705, 0.3846045136451721, -0.49053919315338135, -0.00001224494099005824, 0.7869658470153809, 0.6169965863227844, 0.6233372688293457, -0.48245641589164734, 0.6153751015663147),
            ["RightLowerLeg"] = CFrame.new(-2.9802322387695312e-08, -0.00012242794036865234, -0.0000772310231695883, 1, 1.1175866632129328e-07, 4.842877388000488e-08, 2.7939673685750677e-08, -0.17748260498046875, 0.984123945236206, 7.078050856534901e-08, -0.984123945236206, -0.17748244106769562),
            ["LeftUpperLeg"] = CFrame.new(-5.960464477539063e-08, -7.450580596923828e-09, 1.341104507446289e-07, 0.9664363265037537, 0.22437505424022675, 0.1251267045736313, 0.18007907271385193, -0.24427582323551178, -0.9528383016586304, -0.18322771787643433, 0.9433902502059937, -0.2764822542667389),
            ["LeftLowerLeg"] = CFrame.new(1.2293457984924316e-07, 0.00012242794036865234, 0.00007764995098114014, 1, 1.1734663019069558e-07, -7.450579886381092e-08, 2.980232949312267e-08, -0.15727616846561432, 0.987554669380188, 1.098960922263359e-07, -0.9875547289848328, -0.15727616846561432),
        }},
        {Time = 0.250, Data = {
            ["RightFoot"] = CFrame.new(8.381903171539307e-09, 1.7881393432617188e-07, -2.8107024263590574e-08, 0.9785463213920593, 0.07564615458250046, -0.19163748621940613, -0.18364538252353668, 0.7418836951255798, -0.6448892951011658, 0.09338899701833725, 0.6662479043006897, 0.7398601174354553),
            ["LeftLowerArm"] = CFrame.new(1.1920928955078125e-07, -2.384185791015625e-07, -1.4901161193847656e-07, 1, 8.940694584680386e-08, -7.450581307466564e-08, -8.940696716308594e-08, 0.9968271255493164, -0.07959669083356857, 5.960464477539063e-08, 0.07959669828414917, 0.996827244758606),
            ["RightUpperArm"] = CFrame.new(1.1920928955078125e-07, 4.76837158203125e-07, -1.6577541828155518e-07, 0.8727186322212219, -0.36950668692588806, 0.31910309195518494, 0.4491068720817566, 0.8639304637908936, -0.2278749644756317, -0.19148167967796326, 0.34218254685401917, 0.9199164509773254),
            ["Head"] = CFrame.new(-1.043081283569336e-07, 5.960464477539062e-07, 2.9802322387695312e-08, 0.8582963943481445, 0.42569684982299805, 0.28654745221138, -0.4786539375782013, 0.4628535807132721, 0.7460945248603821, 0.18498045206069946, -0.7775274515151978, 0.6010270714759827),
            ["RightHand"] = CFrame.new(-7.450580596923828e-08, -1.7881393432617188e-07, -5.960464477539063e-08, 0.9045577049255371, 0.20298588275909424, -0.37492960691452026, -0.26208752393722534, 0.9583505392074585, -0.1134658008813858, 0.3362821340560913, 0.20090052485466003, 0.9200834035873413),
            ["UpperTorso"] = CFrame.new(3.3362084650434554e-08, 8.940696716308594e-08, 1.4901161193847656e-08, 0.9930654168128967, 0.0011336704483255744, -0.11755801737308502, 0.03747014328837395, 0.9447512626647949, 0.32563963532447815, 0.1114325076341629, -0.32778632640838623, 0.938157320022583),
            ["HumanoidRootPart"] = CFrame.new(0, 0, 0, 1, 0, 0, 0, 1, 0, 0, 0, 1),
            ["RightUpperLeg"] = CFrame.new(5.960464477539063e-08, -2.086162567138672e-07, -1.5815749065950513e-07, 0.868546724319458, -0.4546756148338318, -0.19722233712673187, -0.2583053410053253, -0.07567253708839417, -0.9630950689315796, 0.42297160625457764, 0.8874366879463196, -0.1831703931093216),
            ["LeftUpperArm"] = CFrame.new(0, 0, -5.21540641784668e-08, 0.9282152652740479, 0.18689031898975372, -0.32169634103775024, -0.243107408285141, 0.9592218995094299, -0.14419426023960114, 0.2816295325756073, 0.2120501697063446, 0.9357988238334656),
            ["RightLowerArm"] = CFrame.new(-1.7881393432617188e-07, -1.1920928955078125e-07, 5.960464477539063e-08, 1, 4.0978193283081055e-08, 1.2665985593685036e-07, -2.980232594040899e-08, 0.9369670748710632, -0.34941771626472473, -1.0430814256778831e-07, 0.34941768646240234, 0.9369670748710632),
            ["LeftHand"] = CFrame.new(-2.9802322387695312e-08, -2.384185791015625e-07, -5.960464477539063e-08, 0.9976300597190857, 0.0620938204228878, 0.029641294851899147, -0.030526217073202133, 0.7855079174041748, -0.618098258972168, -0.06166341155767441, 0.6157286763191223, 0.785541832447052),
            ["LeftFoot"] = CFrame.new(3.725290298461914e-09, 1.7881393432617188e-07, 1.4901161193847656e-08, 0.9580864906311035, 0.14151351153850555, 0.24908746778964996, -0.011460789479315281, 0.8877137899398804, -0.46025288105010986, -0.28624996542930603, 0.4381076693534851, 0.8521283864974976),
            ["LowerTorso"] = CFrame.new(-0.22075803577899933, -0.6365659236907959, 0.3679884076118469, 0.7819530963897705, 0.3869584798812866, -0.48868435621261597, -0.000011280502803856507, 0.7839895486831665, 0.6207740306854248, 0.6233372092247009, -0.4854107201099396, 0.6130474209785461),
            ["RightLowerLeg"] = CFrame.new(4.842877388000488e-08, -0.00012230873107910156, -0.00007730552897555754, 1, 7.078050856534901e-08, 9.313229298868464e-08, 3.166496753692627e-08, -0.18057484924793243, 0.9835613369941711, 9.313225746154785e-08, -0.9835612177848816, -0.1805746853351593),
            ["LeftUpperLeg"] = CFrame.new(0, -1.8067657947540283e-07, -6.705522537231445e-08, 0.9655400514602661, 0.22735336422920227, 0.12666039168834686, 0.1836434304714203, -0.2503320872783661, -0.9505834579467773, -0.18441113829612732, 0.9410867691040039, -0.2834576666355133),
            ["LeftLowerLeg"] = CFrame.new(9.313225746154785e-09, 0.00012242794036865234, 0.00007759779691696167, 1, 1.0989603538291703e-07, -9.313224857976365e-09, 4.097821459936313e-08, -0.16035838425159454, 0.9870588183403015, 1.0803346839338701e-07, -0.9870588183403015, -0.16035841405391693),
        }},
        {Time = 0.292, Data = {
            ["RightFoot"] = CFrame.new(-3.818422555923462e-08, 1.7881393432617188e-07, -3.55576048605144e-08, 0.9788083434104919, 0.0754498541355133, -0.1903723180294037, -0.18264122307300568, 0.7420755624771118, -0.6449539065361023, 0.09260860830545425, 0.6660565137863159, 0.7401303052902222),
            ["LeftLowerArm"] = CFrame.new(1.1920928955078125e-07, -3.5762786865234375e-07, -8.940696716308594e-08, 1, 8.940696716308594e-08, -8.940696716308594e-08, -1.1920928955078125e-07, 0.9997036457061768, -0.02434660494327545, 5.960464477539063e-08, 0.02434658259153366, 0.9997036457061768),
            ["RightUpperArm"] = CFrame.new(2.384185791015625e-07, 1.1920928955078125e-07, -1.341104507446289e-07, 0.8741103410720825, -0.36613863706588745, 0.31917667388916016, 0.4464912414550781, 0.8644055128097534, -0.23118941485881805, -0.19125062227249146, 0.34459489583969116, 0.9190635681152344),
            ["Head"] = CFrame.new(-1.6391277313232422e-07, 4.76837158203125e-07, 1.1920928955078125e-07, 0.8584948182106018, 0.4269237816333771, 0.2841176390647888, -0.47576653957366943, 0.4562767446041107, 0.7519691586494446, 0.19139711558818817, -0.7807352542877197, 0.59482741355896),
            ["RightHand"] = CFrame.new(2.9802322387695312e-08, 5.960464477539063e-08, -5.960464477539063e-08, 0.9033524394035339, 0.20485565066337585, -0.37681376934051514, -0.2760402262210846, 0.9501099586486816, -0.14523398876190186, 0.3282626271247864, 0.23521307110786438, 0.9148324728012085),
            ["UpperTorso"] = CFrame.new(7.215930963866413e-09, 1.1920928955078125e-07, 0, 0.992915153503418, 0.0014404491521418095, -0.11881667375564575, 0.03779652342200279, 0.9441635012626648, 0.3273021876811981, 0.1126539558172226, -0.32947421073913574, 0.9374198317527771),
            ["HumanoidRootPart"] = CFrame.new(0, 0, 0, 1, 0, 0, 0, 1, 0, 0, 0, 1),
            ["RightUpperLeg"] = CFrame.new(0, -8.195638656616211e-08, 8.77116690389812e-08, 0.8678377866744995, -0.4556211531162262, -0.1981590986251831, -0.26038265228271484, -0.07739293575286865, -0.9623987078666687, 0.42315322160720825, 0.886803150177002, -0.1858004927635193),
            ["LeftUpperArm"] = CFrame.new(-1.1920928955078125e-07, 0, 7.078051567077637e-08, 0.9297861456871033, 0.1844305694103241, -0.3185644745826721, -0.24059440195560455, 0.9594694375991821, -0.1467396467924118, 0.27858954668045044, 0.21308153867721558, 0.9364743232727051),
            ["RightLowerArm"] = CFrame.new(5.960464477539063e-08, 0, 1.4901161193847656e-07, 1, 2.2351741790771484e-08, 9.685754776000977e-08, -1.1175872671742582e-08, 0.9504179358482361, -0.31097543239593506, -8.940698137394065e-08, 0.31097546219825745, 0.9504179954528809),
            ["LeftHand"] = CFrame.new(2.9802322387695312e-08, 5.960464477539063e-08, -5.960464477539063e-08, 0.997568666934967, 0.06255081295967102, 0.030727017670869827, -0.02693302184343338, 0.7526812553405762, -0.6578339338302612, -0.06427562236785889, 0.6554070711135864, 0.7525359392166138),
            ["LeftFoot"] = CFrame.new(2.7939677238464355e-09, 2.384185791015625e-07, 0, 0.958474338054657, 0.14171139895915985, 0.24747788906097412, -0.012341165915131569, 0.8875945806503296, -0.46045997738838196, -0.2849120795726776, 0.43828508257865906, 0.8524854183197021),
            ["LowerTorso"] = CFrame.new(-0.2207350730895996, -0.636145830154419, 0.36798059940338135, 0.7819530963897705, 0.3882107734680176, -0.48769018054008484, -0.000012248274288140237, 0.7823953628540039, 0.6227821111679077, 0.6233372688293457, -0.4869804382324219, 0.6118012070655823),
            ["RightLowerLeg"] = CFrame.new(-1.862645149230957e-08, -0.00012242794036865234, -0.00007732043013675138, 1, 9.685751223287298e-08, 5.21540641784668e-08, -2.4214381610931923e-08, -0.1799432933330536, 0.9836770296096802, 8.940694584680386e-08, -0.9836769700050354, -0.17994314432144165),
            ["LeftUpperLeg"] = CFrame.new(-5.960464477539063e-08, -1.1548399925231934e-07, 8.195638656616211e-08, 0.9652144908905029, 0.22827351093292236, 0.1274840235710144, 0.18509754538536072, -0.25221550464630127, -0.949803352355957, -0.18466156721115112, 0.9403609037399292, -0.2856949269771576),
            ["LeftLowerLeg"] = CFrame.new(1.210719347000122e-07, 0.00012242794036865234, 0.00007756054401397705, 1, 8.940698137394065e-08, -2.6077035641947077e-08, 5.5879372240497105e-09, -0.15970517694950104, 0.9871647953987122, 1.0058287358560847e-07, -0.9871648550033569, -0.15970516204833984),
        }},
        {Time = 0.333, Data = {
            ["RightFoot"] = CFrame.new(-2.123415470123291e-07, 5.960464477539063e-08, 6.129994289949536e-08, 0.9786558747291565, 0.07536245137453079, -0.19118930399417877, -0.1829793006181717, 0.7430459856987, -0.6437394618988037, 0.09354838728904724, 0.6649835705757141, 0.7409764528274536),
            ["LeftLowerArm"] = CFrame.new(1.7881393432617188e-07, -2.384185791015625e-07, -2.384185791015625e-07, 1, 7.450580596923828e-08, -4.4703490686970326e-08, -8.940698137394065e-08, 0.9992798566818237, -0.03794391080737114, 4.4703490686970326e-08, 0.03794381767511368, 0.9992798566818237),
            ["RightUpperArm"] = CFrame.new(1.1920928955078125e-07, 2.384185791015625e-07, -2.2165477275848389e-07, 0.8737629652023315, -0.36698076128959656, 0.31916022300720215, 0.44714587926864624, 0.8642883896827698, -0.23036102950572968, -0.19130849838256836, 0.34399232268333435, 0.9192773103713989),
            ["Head"] = CFrame.new(-1.1920928955078125e-07, 4.76837158203125e-07, 2.9802322387695312e-08, 0.8584460020065308, 0.4266165494918823, 0.2847258746623993, -0.47649550437927246, 0.4579222798347473, 0.7505059838294983, 0.18979588150978088, -0.7799394130706787, 0.5963824391365051),
            ["RightHand"] = CFrame.new(7.450580596923828e-08, 0, 5.960464477539063e-08, 0.9036548733711243, 0.20438754558563232, -0.3763425052165985, -0.2726289629936218, 0.9522479772567749, -0.13746753334999084, 0.33027487993240356, 0.22682495415210724, 0.9162253737449646),
            ["UpperTorso"] = CFrame.new(-3.761670086532831e-08, 1.1920928955078125e-07, 7.450580596923828e-08, 0.9929529428482056, 0.0013636511284857988, -0.11850205808877945, 0.037714634090662, 0.9443106651306152, 0.32688677310943604, 0.11234864592552185, -0.32905247807502747, 0.937604546546936),
            ["HumanoidRootPart"] = CFrame.new(0, 0, 0, 1, 0, 0, 0, 1, 0, 0, 0, 1),
            ["RightUpperLeg"] = CFrame.new(0, -2.9802322387695312e-08, -1.6596459317952394e-08, 0.8681356906890869, -0.45450103282928467, -0.1994227170944214, -0.25984618067741394, -0.07386874407529831, -0.9628205895423889, 0.42287182807922363, 0.8876780271530151, -0.18222863972187042),
            ["LeftUpperArm"] = CFrame.new(0, -1.1920928955078125e-07, -1.862645149230957e-08, 0.9293949604034424, 0.18504394590854645, -0.31934911012649536, -0.24122264981269836, 0.9594086408615112, -0.14610479772090912, 0.2793503403663635, 0.212823286652565, 0.936306357383728),
            ["RightLowerArm"] = CFrame.new(-1.1920928955078125e-07, -5.960464477539063e-08, 3.5762786865234375e-07, 1, 5.960464477539063e-08, 9.685753354915505e-08, 3.725290298461914e-09, 0.947256326675415, -0.3204769492149353, -8.940696716308594e-08, 0.3204769790172577, 0.9472563862800598),
            ["LeftHand"] = CFrame.new(2.9802322387695312e-08, 1.1920928955078125e-07, -2.9802322387695312e-08, 0.9975841641426086, 0.06243697553873062, 0.030454883351922035, -0.027835458517074585, 0.7609312534332275, -0.6482352018356323, -0.06364787369966507, 0.6458214521408081, 0.760830819606781),
            ["LeftFoot"] = CFrame.new(2.7939677238464355e-09, 5.960464477539063e-08, -1.4901161193847656e-08, 0.9582894444465637, 0.14129064977169037, 0.24843226373195648, -0.01195596158504486, 0.8883092999458313, -0.4590896964073181, -0.28554946184158325, 0.43697085976600647, 0.8529468178749084),
            ["LowerTorso"] = CFrame.new(-0.2207069844007492, -0.6327841281890869, 0.3679594397544861, 0.7819530963897705, 0.38789811730384827, -0.48793885111808777, -0.000012261279152880888, 0.7827943563461304, 0.6222805380821228, 0.6233372688293457, -0.4865882396697998, 0.6121132373809814),
