return {
    ["Addendum"] = {
        {Time = 0.000, Data = {
            ["RightFoot"] = CFrame.new(-1.1175870895385742e-08, 2.980232238769531e-07, -1.3205863069742918e-08, 0.9901764988899231, -0.11927668750286102, 0.07296431809663773, 0.13967585563659668, 0.8677750825881958, -0.4769241213798523, -0.006430592853575945, 0.4824307858943939, 0.8759108185768127),
            ["LeftLowerArm"] = CFrame.new(-1.1920928955078125e-07, -2.384185791015625e-07, -1.1920928955078125e-07, 1, -2.0954757928848267e-08, 1.043081283569336e-07, 8.195637946073475e-08, -0.24473980069160461, -0.9695888757705688, 1.2852250108608132e-07, 0.9695888757705688, -0.244739830493927),
            ["RightUpperArm"] = CFrame.new(0.029307007789611816, -0.11477231979370117, -0.006579483859241009, 0.3044285476207733, -0.8023489117622375, 0.5133805274963379, 0.9265028834342957, 0.12427966296672821, -0.35517197847366333, 0.22116895020008087, 0.5837730169296265, 0.7812128663063049),
            ["Head"] = CFrame.new(-0.02156851440668106, 0.0009696483612060547, -0.001004282385110855, 0.9992014765739441, -0.0028398092836141586, 0.03985392302274704, 0.0029059136286377907, 0.9999945759773254, -0.0016009453684091568, -0.03984912857413292, 0.0017154654487967491, 0.9992042183876038),
            ["RightHand"] = CFrame.new(3.427267074584961e-07, -1.1920928955078125e-07, 2.086162567138672e-07, 1, 1.4901161193847656e-08, 0, -1.4901161193847656e-08, 1, -3.725290298461914e-09, -7.450580596923828e-09, 0, 1),
            ["UpperTorso"] = CFrame.new(-2.0372681319713593e-09, 1.7881393432617188e-07, 6.984919309616089e-10, 0.9972798228263855, -0.07135862857103348, 0.018467867746949196, 0.07258322834968567, 0.9943510293960571, -0.07744643092155457, -0.01283708494156599, 0.0785762220621109, 0.9968255162239075),
            ["HumanoidRootPart"] = CFrame.new(0, 0, 0, 1, 0, 0, 0, 1, 0, 0, 0, 1),
            ["RightUpperLeg"] = CFrame.new(-2.9802322387695312e-08, 1.8472201190888882e-07, -5.420588422566652e-09, 0.9870394468307495, 0.16032567620277405, -0.007003735285252333, -0.15970449149608612, 0.9770606756210327, -0.14087966084480286, -0.015743546187877655, 0.14017215371131897, 0.9900020360946655),
            ["LeftUpperArm"] = CFrame.new(-0.002493619918823242, -0.05674862861633301, -0.0012489408254623413, 0.8161002397537231, -0.1037369966506958, 0.5685235261917114, -0.058293551206588745, 0.9639632105827332, 0.2595706880092621, -0.574962854385376, -0.2449769228696823, 0.7806434631347656),
            ["RightLowerArm"] = CFrame.new(1.1920928955078125e-07, 5.960464477539063e-08, -5.960464477539063e-08, 1, -3.725290298461914e-08, 1.0430811414607888e-07, 8.195638656616211e-08, -0.2904047667980194, -0.956903874874115, 1.043081283569336e-07, 0.9569039344787598, -0.290404736995697),
            ["LeftHand"] = CFrame.new(-1.4901161193847656e-08, -1.1920928955078125e-07, 2.1746382117271423e-07, 1, 7.043127681072292e-08, 0, -5.098990385477009e-08, 1, 2.421438694000244e-08, 9.313224857976365e-09, 3.725290742551124e-09, 1),
            ["LeftFoot"] = CFrame.new(2.229444362455979e-08, 0, 3.362492861924693e-08, 0.9999579787254333, 0.006458297371864319, 0.006516658701002598, -0.005889402236789465, 0.9964635968208313, -0.08381941169500351, -0.0070350877940654755, 0.0837775319814682, 0.9964596629142761),
            ["LowerTorso"] = CFrame.new(0.0017820788780227304, -0.17235195636749268, 0, 0.9925631284713745, -0.04959102347493172, 0.1111716628074646, 0.05012013390660286, 0.9987412691116333, -0.001968099270015955, -0.11093413084745407, 0.007525401655584574, 0.9937992691993713),
            ["RightLowerLeg"] = CFrame.new(-3.5390257835388184e-08, -0.000003635883331298828, -0.000013293865777086467, 1, -5.168839720681717e-07, -2.1606683731079102e-07, 4.898756742477417e-07, 0.6949377059936523, 0.7190695405006409, -2.2351741790771484e-07, -0.7190700769424438, 0.6949381828308105),
            ["LeftUpperLeg"] = CFrame.new(0, 1.3649696484208107e-08, 7.450580596923828e-09, 0.9698413014411926, 0.23977580666542053, 0.04376578330993652, -0.06735089421272278, 0.4362064301967621, -0.8973226547241211, -0.23424702882766724, 0.8673128485679626, 0.43920016288757324),
            ["LeftLowerLeg"] = CFrame.new(2.2351741790771484e-08, 0.000003993511199951172, 0.00001341104507446289, 1, 7.357446918376809e-08, 5.681068415697155e-08, -2.7939684343891713e-08, -0.3394412100315094, 0.9406273365020752, 9.313227877782992e-08, -0.9406273365020752, -0.3394412100315094),
        }},
        {Time = 0.033, Data = {
            ["RightFoot"] = CFrame.new(-4.516914486885071e-08, 2.384185791015625e-07, 4.267349140718579e-08, 0.9998972415924072, 0.01397298276424408, -0.0032311705872416496, -0.013264261186122894, 0.8153263926506042, -0.5788492560386658, -0.005453815218061209, 0.5788330435752869, 0.8154281973838806),
            ["LeftLowerArm"] = CFrame.new(-2.682209014892578e-07, -3.5762786865234375e-07, 2.9802322387695312e-08, 1, -1.4156104555240745e-07, 7.82310962677002e-08, 8.940696716308594e-08, 0.03792385011911392, -0.9992806315422058, 5.029141902923584e-08, 0.9992806911468506, 0.037923842668533325),
            ["RightUpperArm"] = CFrame.new(0.06038486957550049, -0.11144793033599854, -0.0069982148706912994, 0.1910417228937149, -0.7943881750106812, 0.5765852928161621, 0.9460179209709167, -0.007676613517105579, -0.3240233063697815, 0.2618265748023987, 0.607361912727356, 0.7500388622283936),
            ["Head"] = CFrame.new(-0.021507229655981064, 0.0009937286376953125, -0.0009997077286243439, 0.9990950226783752, -0.0043173483572900295, 0.04231587424874306, 0.003958791494369507, 0.9999556541442871, 0.008553236722946167, -0.04235093668103218, -0.008377980440855026, 0.9990676641464233),
            ["RightHand"] = CFrame.new(1.7136335372924805e-07, 0, 1.7881393432617188e-07, 1, 7.450580596923828e-09, -1.4901161193847656e-08, -7.450580596923828e-09, 1, 3.725290298461914e-08, 2.2351741790771484e-08, 1.4901161193847656e-08, 1),
            ["UpperTorso"] = CFrame.new(-7.53789208829403e-09, -0.0000801384449005127, 1.7462298274040222e-09, 0.9983673095703125, -0.05476292222738266, 0.01624506525695324, 0.05572216585278511, 0.9962586760520935, -0.06605994701385498, -0.012566642835736275, 0.06685730069875717, 0.9976834058761597),
            ["HumanoidRootPart"] = CFrame.new(0, 0, 0, 1, 0, 0, 0, 1, 0, 0, 0, 1),
            ["RightUpperLeg"] = CFrame.new(-8.940696716308594e-08, 2.8588692657649517e-07, -6.548361852765083e-11, 0.9867767691612244, 0.01663125306367874, -0.1612299531698227, -0.03238019719719887, 0.994897723197937, -0.09555084258317947, 0.15881823003292084, 0.0995078906416893, 0.9822804927825928),
            ["LeftUpperArm"] = CFrame.new(-0.001661062240600586, -0.05709648132324219, 0.05103987455368042, 0.8187792897224426, 0.07713968306779861, 0.5689024329185486, -0.20339453220367432, 0.9656358361244202, 0.1617964804172516, -0.5368716716766357, -0.24818728864192963, 0.8063324093818665),
            ["RightLowerArm"] = CFrame.new(1.7881393432617188e-07, 2.384185791015625e-07, -7.450580596923828e-08, 1, -1.2665987014770508e-07, 1.043081283569336e-07, 8.940695295223122e-08, -0.11296014487743378, -0.993599534034729, 1.0430811414607888e-07, 0.993599534034729, -0.11296021193265915),
            ["LeftHand"] = CFrame.new(1.1920928955078125e-07, 0, -1.1175870895385742e-08, 1, -9.12696123123169e-08, 3.725290298461914e-09, -2.9802322387695312e-08, 1, 2.60770320892334e-08, 1.1175870895385742e-08, 2.2351741790771484e-08, 1),
            ["LeftFoot"] = CFrame.new(1.862645149230957e-08, 5.960464477539063e-08, 1.4901161193847656e-08, 0.9951125979423523, 0.08172782510519028, 0.05542157590389252, -0.07698172330856323, 0.9935759902000427, -0.08294954895973206, -0.061845071613788605, 0.07827779650688171, 0.9950115084648132),
            ["LowerTorso"] = CFrame.new(0.0038859080523252487, -0.2151867151260376, 3.165376938341069e-07, 0.9925631284713745, -0.04959102347493172, 0.1111716628074646, 0.05012013390660286, 0.9987412691116333, -0.001968099270015955, -0.11093413084745407, 0.007525401655584574, 0.9937992691993713),
            ["RightLowerLeg"] = CFrame.new(-2.0489096641540527e-08, -0.000003814697265625, -0.00001329945371253416, 1, -1.6484408149608498e-07, -7.916244015859775e-08, 1.6903504729270935e-07, 0.6724960207939148, 0.7401003241539001, -7.415656000375748e-08, -0.7401008009910583, 0.6724966168403625),
            ["LeftUpperLeg"] = CFrame.new(0, 2.3210304789245129e-07, 8.847564458847046e-09, 0.9553356170654297, 0.24289163947105408, 0.1683381050825119, 0.021649891510605812, 0.5105735063552856, -0.859561562538147, -0.2947291433811188, 0.8248141407966614, 0.4825104773044586),
            ["LeftLowerLeg"] = CFrame.new(0, 0.0000036954879760742188, 0.000013232231140136719, 1, 4.4703469370688254e-08, 8.940695295223122e-08, -4.470348358154297e-08, 0.11031267046928406, 0.9938969612121582, 9.685754776000977e-08, -0.9938969016075134, 0.11031275987625122),
        }},
        {Time = 0.067, Data = {
            ["RightFoot"] = CFrame.new(7.450580596923828e-09, 1.1920928955078125e-07, -4.300818545743823e-08, 0.9818711876869202, 0.18949346244335175, -0.004610015079379082, -0.16323429346084595, 0.8329441547393799, -0.5287324786186218, -0.09635145962238312, 0.5199002623558044, 0.8487760424613953),
            ["LeftLowerArm"] = CFrame.new(1.4901161193847656e-07, 4.76837158203125e-07, 2.682209014892578e-07, 1, -7.450579886381092e-08, 8.940694584680386e-08, 1.4901159417490817e-08, 0.654495358467102, -0.756066083908081, -2.7008351111135198e-08, 0.7560660243034363, 0.6544952392578125),
            ["RightUpperArm"] = CFrame.new(0.12193429470062256, -0.10489630699157715, -0.007760845124721527, -0.03671588376164436, -0.7269473671913147, 0.6857109069824219, 0.9339750409126282, -0.2690248191356659, -0.23519404232501984, 0.355446994304657, 0.6318014860153198, 0.6888282895088196),
            ["Head"] = CFrame.new(-0.02144591510295868, 0.001017928123474121, -0.000995120033621788, 0.9987523555755615, -0.006072883494198322, 0.04956596717238426, 0.004718493204563856, 0.9996134638786316, 0.027396325021982193, -0.04971318691968918, -0.02712826430797577, 0.9983951449394226),
            ["RightHand"] = CFrame.new(9.685754776000977e-08, 0, -5.960464477539063e-08, 1, -3.725290298461914e-09, 1.1175872671742582e-08, -2.0489098417897367e-08, 1, 0, -7.450581485102248e-09, -4.470348358154297e-08, 1),
            ["UpperTorso"] = CFrame.new(-2.0372681319713593e-09, 1.4901161193847656e-07, 0, 0.999555230140686, -0.026924312114715576, 0.012831284664571285, 0.027478449046611786, 0.9986014366149902, -0.045168500393629074, -0.011597217060625553, 0.0455009900033474, 0.9988970160484314),
            ["HumanoidRootPart"] = CFrame.new(0, 0, 0, 1, 0, 0, 0, 1, 0, 0, 0, 1),
            ["RightUpperLeg"] = CFrame.new(0, 2.6368070393800735e-08, -7.05040292814374e-09, 0.7674925923347473, -0.29148298501968384, -0.5709578394889832, 0.1586475819349289, 0.9493072032928467, -0.27137938141822815, 0.6211168766021729, 0.11770050972700119, 0.7748293280601501),
            ["LeftUpperArm"] = CFrame.new(-0.000009298324584960938, -0.0577845573425293, 0.1546207070350647, 0.7424423098564148, 0.4221644401550293, 0.5201506614685059, -0.4803142845630646, 0.8767117857933044, -0.025975072756409645, -0.4669879674911499, -0.23055078089237213, 0.8536794781684875),
            ["RightLowerArm"] = CFrame.new(-2.9802322387695312e-08, -2.384185791015625e-07, 4.284083843231201e-08, 1, -5.5879347371501353e-08, 5.960464477539063e-08, 9.313225746154785e-08, 0.5522703528404236, -0.8336650729179382, 5.587935447692871e-08, 0.8336650729179382, 0.5522704124450684),
            ["LeftHand"] = CFrame.new(-2.9802322387695312e-08, -5.960464477539063e-08, -1.4901161193847656e-07, 1, -5.960465188081798e-08, -4.470347647611561e-08, 4.470348358154297e-08, 1, 6.70552182668871e-08, 2.2351741790771484e-08, -1.4901162970204496e-08, 1),
            ["LeftFoot"] = CFrame.new(1.4901161193847656e-08, 0, 4.0978193283081055e-08, 0.9884778261184692, 0.1426597386598587, 0.05059630051255226, -0.13738848268985748, 0.9858860373497009, -0.0956721380352974, -0.06353078037500381, 0.08761854469776154, 0.9941262602806091),
            ["LowerTorso"] = CFrame.new(0.007811694405972958, -0.26551353931427, 0, 0.9925631284713745, -0.04959102347493172, 0.1111716628074646, 0.05012013390660286, 0.9987412691116333, -0.001968099270015955, -0.11093413084745407, 0.007525401655584574, 0.9937992691993713),
            ["RightLowerLeg"] = CFrame.new(1.4901161193847656e-08, -0.0000037550926208496094, -0.000013364646292757243, 1, -2.086161856595936e-07, -1.3411049337719305e-07, 1.7136333951839333e-07, 0.4144061505794525, 0.9100918173789978, -1.9744035739677201e-07, -0.9100921154022217, 0.41440677642822266),
            ["LeftUpperLeg"] = CFrame.new(0, -2.3603206500411034e-08, 5.587935447692871e-09, 0.9349893927574158, 0.19721566140651703, 0.29478955268859863, 0.10089883208274841, 0.6489090919494629, -0.754146158695221, -0.3400209844112396, 0.7348625659942627, 0.5868242979049683),
            ["LeftLowerLeg"] = CFrame.new(1.4901161193847656e-08, 0.0000040531158447265625, 0.000013172626495361328, 1, 4.2607997130517106e-08, 4.377216100692749e-08, -5.215407838932151e-08, 0.6011866927146912, 0.7991085648536682, 1.4901164746561335e-08, -0.799108624458313, 0.6011868119239807),
        }},
        {Time = 0.100, Data = {
            ["RightFoot"] = CFrame.new(-1.7136335372924805e-07, 1.7881393432617188e-07, -1.3205863069742918e-08, 0.9829001426696777, 0.18410322070121765, -0.003642213996499777, -0.16103872656822205, 0.849834144115448, -0.5018447041511536, -0.08929599076509476, 0.49385032057762146, 0.8649500608444214),
            ["LeftLowerArm"] = CFrame.new(-1.4901161193847656e-07, -1.7881393432617188e-07, -1.4901161193847656e-07, 1, 1.862645149230957e-08, -1.4901159417490817e-08, -1.4901161193847656e-08, 0.9842418432235718, -0.17682768404483795, -1.4901161193847656e-08, 0.17682769894599915, 0.9842418432235718),
            ["RightUpperArm"] = CFrame.new(0.1664295196533203, -0.1002497673034668, -0.008126914501190186, -0.19423367083072662, -0.6380341649055481, 0.7451079487800598, 0.8802323341369629, -0.44862067699432373, -0.15469513833522797, 0.43297141790390015, 0.625821053981781, 0.6487554311752319),
            ["Head"] = CFrame.new(-0.02156846597790718, 0.0009701251983642578, -0.001004318706691265, 0.9980978965759277, -0.003994175232946873, 0.06151997298002243, 0.00168960215523839, 0.9992964863777161, 0.03746723383665085, -0.06162633001804352, -0.03729201853275299, 0.9974023699760437),
            ["RightHand"] = CFrame.new(2.384185791015625e-07, -1.7881393432617188e-07, 5.960464477539063e-08, 1, -5.21540641784668e-08, -7.4505797087454084e-09, 7.4505797087454084e-09, 1, 2.2351738238057806e-08, -2.2351738238057806e-08, -1.4901161193847656e-08, 1),
            ["UpperTorso"] = CFrame.new(-3.055902197957039e-09, 0.00040075182914733887, -4.656612873077393e-10, 0.9998447895050049, -0.013587778434157372, 0.011221586726605892, 0.013933828100562096, 0.9994111061096191, -0.03135747089982033, -0.010788903571665287, 0.03150895982980728, 0.9994452595710754),
            ["HumanoidRootPart"] = CFrame.new(0, 0, 0, 1, 0, 0, 0, 1, 0, 0, 0, 1),
            ["RightUpperLeg"] = CFrame.new(5.960464477539063e-08, 3.329478204250336e-08, 7.617927622050047e-09, 0.7664628028869629, -0.2724369168281555, -0.5816466808319092, 0.1537715345621109, 0.9570830464363098, -0.2456553727388382, 0.623609721660614, 0.09884492307901382, 0.7754614949226379),
            ["LeftUpperArm"] = CFrame.new(0.0011922121047973633, -0.05827939510345459, 0.22956526279449463, 0.63353031873703, 0.6202404499053955, 0.4625377953052521, -0.638282835483551, 0.7568445801734924, -0.1406460404396057, -0.4373035132884979, -0.2061263769865036, 0.8753728866577148),
            ["RightLowerArm"] = CFrame.new(1.1920928955078125e-07, 3.5762786865234375e-07, -1.6391277313232422e-07, 1, 3.725290298461914e-08, 7.450580596923828e-09, 1.4901161193847656e-08, 0.9999927878379822, 0.0038032978773117065, -1.4901161193847656e-08, -0.0038032233715057373, 0.999992847442627),
            ["LeftHand"] = CFrame.new(1.7881393432617188e-07, 1.7881393432617188e-07, -5.960464477539063e-08, 1, -1.4901161193847656e-08, -4.470347647611561e-08, 9.313225746154785e-08, 1, 0, -7.450580596923828e-08, -7.450580596923828e-09, 1),
            ["LeftFoot"] = CFrame.new(6.705522537231445e-08, 1.1920928955078125e-07, 8.009374141693115e-08, 0.9891414642333984, 0.13877269625663757, 0.048387154936790466, -0.13537347316741943, 0.9884856343269348, -0.06760357320308685, -0.057211704552173615, 0.06031922250986099, 0.9965382814407349),
            ["LowerTorso"] = CFrame.new(0.01096988283097744, -0.23663735389709473, -0.0000020577895156748127, 0.9925631284713745, -0.04959102347493172, 0.1111716628074646, 0.05012013390660286, 0.9987412691116333, -0.001968099270015955, -0.11093413084745407, 0.007525401655584574, 0.9937992691993713),
            ["RightLowerLeg"] = CFrame.new(-5.21540641784668e-08, -0.000003516674041748047, -0.000013230535842012614, 1, -2.533196834519913e-07, -1.1920931797249068e-07, 1.7881390590446244e-07, 0.4673563539981842, 0.8840688467025757, -8.940695295223122e-08, -0.8840689659118652, 0.46735692024230957),
            ["LeftUpperLeg"] = CFrame.new(5.960464477539063e-08, -1.673470251262188e-08, 9.313225746154785e-09, 0.9345507621765137, 0.1881873607635498, 0.30199429392814636, 0.09704457223415375, 0.6817337870597839, -0.7251355051994324, -0.3423409163951874, 0.7069827914237976, 0.6188521981239319),
            ["LeftLowerLeg"] = CFrame.new(1.4901161193847656e-08, 0.0000040531158447265625, 0.000013321638107299805, 1, 3.77185607192132e-08, 5.8673322200775146e-08, -3.72529100900465e-08, 0.6569687724113464, 0.7539178133010864, 7.450582373280668e-09, -0.7539178729057312, 0.6569688320159912),
        }},
        {Time = 0.133, Data = {
            ["RightFoot"] = CFrame.new(7.450580596923828e-09, 1.7881393432617188e-07, -7.281050784513354e-08, 0.9848335385322571, 0.17349685728549957, -0.0013224896974861622, -0.1576216071844101, 0.8914822340011597, -0.42475229501724243, -0.07251415401697159, 0.41851940751075745, 0.9053086638450623),
            ["LeftLowerArm"] = CFrame.new(-5.960464477539063e-08, 0, -1.4901161193847656e-07, 1, 0, -7.450581485102248e-09, -1.4901161193847656e-08, 0.9992629885673523, -0.03838783875107765, 4.470348358154297e-08, 0.03838783875107765, 0.9992629885673523),
            ["RightUpperArm"] = CFrame.new(0.16642940044403076, -0.10024964809417725, -0.008126936852931976, -0.19503933191299438, -0.6383662223815918, 0.7446128129959106, 0.8713181018829346, -0.4613284170627594, -0.1672750860452652, 0.45029371976852417, 0.6161693334579468, 0.6461973190307617),
            ["Head"] = CFrame.new(-0.021980153396725655, 0.0008094310760498047, -0.0010352414101362228, 0.9969956278800964, 0.0046386984176933765, 0.07731945812702179, -0.006656973157078028, 0.9996432662010193, 0.025865931063890457, -0.07717189937829971, -0.02630292810499668, 0.9966708421707153),
            ["RightHand"] = CFrame.new(2.9802322387695312e-08, 3.5762786865234375e-07, -8.940696716308594e-08, 1, -7.450581485102248e-09, 2.2351745343485163e-08, -3.725290653733282e-08, 1, -2.980232594040899e-08, -2.980232594040899e-08, 0, 1),
            ["UpperTorso"] = CFrame.new(-6.955815479159355e-09, 2.9802322387695312e-08, 7.566995918750763e-10, 0.9998798966407776, -0.010750045999884605, 0.011170214042067528, 0.011046492494642735, 0.9995791912078857, -0.026824509724974632, -0.010877168737351894, 0.026944678276777267, 0.9995778203010559),
            ["HumanoidRootPart"] = CFrame.new(0, 0, 0, 1, 0, 0, 0, 1, 0, 0, 0, 1),
            ["RightUpperLeg"] = CFrame.new(-5.960464477539063e-08, 5.100737325847149e-07, -3.092281986027956e-09, 0.764103353023529, -0.2208409607410431, -0.6061148643493652, 0.14430277049541473, 0.974281370639801, -0.17306792736053467, 0.6287469267845154, 0.044777657836675644, 0.776319682598114),
            ["LeftUpperArm"] = CFrame.new(0.0011921525001525879, -0.05827927589416504, 0.22956526279449463, 0.6476187109947205, 0.580763578414917, 0.4932583272457123, -0.605597734451294, 0.7851852774620056, -0.129365473985672, -0.46242982149124146, -0.2149365246295929, 0.8602097630500793),
            ["RightLowerArm"] = CFrame.new(1.7881393432617188e-07, 0, -5.960464477539063e-08, 1, -8.940698137394065e-08, -2.980232594040899e-08, 2.980232949312267e-08, 0.9999498128890991, -0.01002457831054926, 7.450582373280668e-09, 0.01002457831054926, 0.9999498128890991),
            ["LeftHand"] = CFrame.new(5.960464477539063e-08, 0, -2.9802322387695312e-08, 1, -7.450580596923828e-08, -7.450578820566989e-09, 4.470348358154297e-08, 1, 2.9802315282267955e-08, -2.2351741790771484e-08, -4.470348358154297e-08, 1),
            ["LeftFoot"] = CFrame.new(1.1175870895385742e-08, 0, -2.7939677238464355e-09, 0.9903308749198914, 0.1316070705652237, 0.04386695846915245, -0.1325106918811798, 0.9910116195678711, 0.018359558656811714, -0.04105652868747711, -0.02399478852748871, 0.9988687634468079),
            ["LowerTorso"] = CFrame.new(0.014726915396749973, -0.16414642333984375, -0.000003800807007792173, 0.9925631284713745, -0.04959102347493172, 0.1111716628074646, 0.05012013390660286, 0.9987412691116333, -0.001968099270015955, -0.11093413084745407, 0.007525401655584574, 0.9937992691993713),
            ["RightLowerLeg"] = CFrame.new(-5.21540641784668e-08, -0.000003933906555175781, -0.00001328268990619108, 1, -2.682208730675484e-07, -1.1920931797249068e-07, 1.9371509552001953e-07, 0.6048991084098816, 0.7963017821311951, -1.2665987014770508e-07, -0.796302080154419, 0.6048996448516846),
            ["LeftUpperLeg"] = CFrame.new(0, 4.581816028803587e-07, 9.778887033462524e-09, 0.9335354566574097, 0.15613509714603424, 0.32269737124443054, 0.08995211869478226, 0.7693465352058411, -0.6324670910835266, -0.347016304731369, 0.6194576025009155, 0.7041675448417664),
            ["LeftLowerLeg"] = CFrame.new(2.9802322387695312e-08, 0.000003874301910400391, 0.00001329183578491211, 1, 2.2351738238057806e-08, 1.6298143279414035e-08, -7.450581307466564e-08, 0.8017991185188293, 0.5975936651229858, 7.450581485102248e-09, -0.5975936651229858, 0.8017991781234741),
        }},
        {Time = 0.167, Data = {
            ["RightFoot"] = CFrame.new(3.725290298461914e-08, 4.172325134277344e-07, 7.620110409334302e-08, 0.9849525094032288, 0.17213505506515503, 0.015437625348567963, -0.1589948683977127, 0.9375200271606445, -0.3094780147075653, -0.06774511933326721, 0.30236729979515076, 0.9507813453674316),
            ["LeftLowerArm"] = CFrame.new(-2.980232238769531e-07, 0, -8.940696716308594e-08, 1, -2.980232594040899e-08, 3.725290742551124e-09, 1.4901162970204496e-08, 0.9997642636299133, -0.021716276183724403, 1.1175872671742582e-08, 0.021716298535466194, 0.9997642040252686),
            ["RightUpperArm"] = CFrame.new(0.1621159315109253, -0.09985566139221191, -0.009838126599788666, -0.14714670181274414, -0.6545047760009766, 0.7416005730628967, 0.8685740828514099, -0.4442010223865509, -0.21969228982925415, 0.47320932149887085, 0.6118080019950867, 0.6338484287261963),
            ["Head"] = CFrame.new(-0.02247268706560135, 0.000616908073425293, -0.001072225160896778, 0.995555579662323, 0.015531662851572037, 0.09288683533668518, -0.015439245849847794, 0.9998794198036194, -0.001713479869067669, -0.09290223568677902, 0.00027176973526366055, 0.9956752061843872),
            ["RightHand"] = CFrame.new(0, -3.5762786865234375e-07, 5.960464477539063e-08, 1, 7.450580596923828e-09, 1.4901161193847656e-08, 7.450580596923828e-09, 1, -2.9802322387695312e-08, 2.2351741790771484e-08, -7.450580596923828e-09, 1),
            ["UpperTorso"] = CFrame.new(2.5029294192790985e-09, -0.0021503865718841553, -1.2223608791828156e-09, 0.9998860955238342, -0.00902455486357212, 0.012099312618374825, 0.009366988204419613, 0.9995485544204712, -0.028550252318382263, -0.01183619536459446, 0.028660336509346962, 0.9995191693305969),
            ["HumanoidRootPart"] = CFrame.new(0, 0, 0, 1, 0, 0, 0, 1, 0, 0, 0, 1),
            ["RightUpperLeg"] = CFrame.new(-1.1920928955078125e-07, 1.760781742632389e-07, -1.6829289961606264e-08, 0.7364611029624939, -0.20695506036281586, -0.6440455913543701, 0.14748325943946838, 0.9782728552818298, -0.14570848643779755, 0.6602073311805725, 0.012322586961090565, 0.7509822845458984),
            ["LeftUpperArm"] = CFrame.new(0.0010059475898742676, -0.0582582950592041, 0.22169604897499084, 0.6996514797210693, 0.5227583050727844, 0.4870437979698181, -0.5562275648117065, 0.8263654112815857, -0.0879262164235115, -0.448440283536911, -0.20938953757286072, 0.8689403533935547),
            ["RightLowerArm"] = CFrame.new(-4.172325134277344e-07, 5.364418029785156e-07, 2.980232238769531e-07, 1, 2.6077035641947077e-08, 2.980232594040899e-08, 7.450581485102248e-09, 0.9931272268295288, -0.11704006791114807, 1.4901162970204496e-08, 0.11704002320766449, 0.9931272268295288),
            ["LeftHand"] = CFrame.new(5.960464477539063e-08, -5.960464477539063e-08, 2.086162567138672e-07, 1, 6.705523247774181e-08, -3.725290298461914e-09, 1.4901162970204496e-08, 1, 1.4901161193847656e-08, -5.587936158235607e-08, 0, 1),
            ["LeftFoot"] = CFrame.new(-1.1175870895385742e-08, -5.960464477539063e-08, 5.587935447692871e-08, 0.9913431406021118, 0.12487509101629257, 0.04055957868695259, -0.12853460013866425, 0.9860522150993347, 0.10573580116033554, -0.026790186762809753, -0.11003375053405762, 0.9935668110847473),
            ["LowerTorso"] = CFrame.new(0.021438229829072952, -0.11419963836669922, -0.000002381980948484852, 0.9925631284713745, -0.04959102347493172, 0.1111716628074646, 0.05012013390660286, 0.9987412691116333, -0.001968099270015955, -0.11093413084745407, 0.007525401655584574, 0.9937992691993713),
            ["RightLowerLeg"] = CFrame.new(1.0058283805847168e-07, -0.0000037550926208496094, -0.000013372096873354167, 1, -2.2351738948600541e-07, -6.705523958316917e-08, 1.862645149230957e-07, 0.65299391746521, 0.7573627233505249, -1.341104507446289e-07, -0.7573632001876831, 0.6529945731163025),
            ["LeftUpperLeg"] = CFrame.new(2.9802322387695312e-08, 1.3387762010097504e-09, 7.2177499532699585e-09, 0.9328524470329285, 0.12489785254001617, 0.3379157781600952, 0.08326954394578934, 0.8378282785415649, -0.5395461916923523, -0.3505033850669861, 0.5314550399780273, 0.771169900894165),
            ["LeftLowerLeg"] = CFrame.new(1.4901161193847656e-08, 0.000003814697265625, 0.0000133514404296875, 1, 2.607702853651972e-08, 2.1420419216156006e-08, -3.72529100900465e-08, 0.9058066606521606, 0.42369112372398376, 1.4901164746561335e-08, -0.4236912429332733, 0.9058067202568054),
        }},
        {Time = 0.200, Data = {
            ["RightFoot"] = CFrame.new(-7.450580596923828e-08, 3.5762786865234375e-07, -1.3205863069742918e-08, 0.9859176278114319, 0.16440273821353912, 0.030630316585302353, -0.14994512498378754, 0.9501495957374573, -0.27337145805358887, -0.07404650002717972, 0.26492974162101746, 0.9614207744598389),
            ["LeftLowerArm"] = CFrame.new(1.4901161193847656e-07, -3.5762786865234375e-07, 0, 1, -2.9802322387695312e-08, -2.2351741790771484e-08, 0, 0.9997149109840393, -0.02387920767068863, -4.0978193283081055e-08, 0.023879215121269226, 0.9997149109840393),
            ["RightUpperArm"] = CFrame.new(0.1628890037536621, -0.09874987602233887, -0.01196378841996193, -0.09746953845024109, -0.6685684323310852, 0.7372352480888367, 0.8618841767311096, -0.4271075427532196, -0.2733769416809082, 0.4976499676704407, 0.6087655425071716, 0.6178585886955261),
            ["Head"] = CFrame.new(-0.022759366780519485, 0.0005056858062744141, -0.0010937592014670372, 0.9943624138832092, 0.022148190066218376, 0.10369592905044556, -0.018642596900463104, 0.9992254376411438, -0.03465455397963524, -0.10438317060470581, 0.03252602741122246, 0.9940052032470703),
            ["RightHand"] = CFrame.new(-1.043081283569336e-07, -1.1920928955078125e-07, 2.9802322387695312e-08, 1, 1.4901162970204496e-08, -1.4901161193847656e-08, -7.450581485102248e-09, 1, -2.2351741790771484e-08, -1.4901162970204496e-08, -2.2351745343485163e-08, 1),
            ["UpperTorso"] = CFrame.new(7.101334631443024e-09, -0.0050220787525177, -1.1641532182693481e-09, 0.9998846054077148, -0.007571063935756683, 0.01317534502595663, 0.007930579595267773, 0.9995917081832886, -0.027451548725366592, -0.012962142936885357, 0.02755286544561386, 0.999536395072937),
            ["HumanoidRootPart"] = CFrame.new(0, 0, 0, 1, 0, 0, 0, 1, 0, 0, 0, 1),
            ["RightUpperLeg"] = CFrame.new(0, 5.030306056141853e-07, 2.9613147489726543e-09, 0.7646074891090393, -0.2283092737197876, -0.6027024984359741, 0.1377791315317154, 0.9714377522468567, -0.19319891929626465, 0.629597008228302, 0.06468138098716736, 0.7742246389389038),
            ["LeftUpperArm"] = CFrame.new(0.000941932201385498, -0.05829811096191406, 0.22226564586162567, 0.7668514251708984, 0.4984337389469147, 0.4043547213077545, -0.5257031917572021, 0.8492090106010437, -0.04980325326323509, -0.36820533871650696, -0.1743788719177246, 0.9132452607154846),
            ["RightLowerArm"] = CFrame.new(5.960464477539063e-08, -2.384185791015625e-07, 1.0803341865539551e-07, 1, -2.2351745343485163e-08, -1.4901161193847656e-08, -4.0978193283081055e-08, 0.9926367402076721, -0.1211300864815712, -2.9802322387695312e-08, 0.12113000452518463, 0.9926366806030273),
            ["LeftHand"] = CFrame.new(-5.960464477539063e-08, 0, 1.6391277313232422e-07, 1, -7.450581485102248e-09, -3.725290298461914e-08, 7.450580596923828e-09, 1, 2.2351741790771484e-08, -4.842877388000488e-08, 7.450581485102248e-09, 1),
            ["LeftFoot"] = CFrame.new(3.725290298461914e-08, -5.960464477539063e-08, -2.2351741790771484e-08, 0.9918700456619263, 0.12076640129089355, 0.04011622816324234, -0.1234273836016655, 0.9897184371948242, 0.07227101176977158, -0.030975915491580963, -0.07663492113351822, 0.9965780377388),
            ["LowerTorso"] = CFrame.new(0.03211347013711929, -0.13367927074432373, 0.0000018812854705174686, 0.9925633072853088, -0.04959006607532501, 0.11117049306631088, 0.05011914297938347, 0.9987413287162781, -0.0019678985700011253, -0.11093297600746155, 0.007525033783167601, 0.9937993884086609),
            ["RightLowerLeg"] = CFrame.new(5.960464477539063e-08, -0.0000037550926208496094, -0.000013357195712160319, 1, -2.3841846541472478e-07, -4.4703494239684005e-08, 1.8626454334480513e-07, 0.5576477646827698, 0.8300771117210388, -7.823110337312755e-08, -0.8300777673721313, 0.5576485991477966),
            ["LeftUpperLeg"] = CFrame.new(2.9802322387695312e-08, 4.1662133298814297e-07, 3.958120942115784e-09, 0.9329680800437927, 0.1458747386932373, 0.32907634973526, 0.07915627211332321, 0.8086832761764526, -0.5828943848609924, -0.3511480689048767, 0.569870114326477, 0.7429286241531372),
            ["LeftLowerLeg"] = CFrame.new(-4.470348358154297e-08, 0.0000037550926208496094, 0.000013142824172973633, 1, 9.685753354915505e-08, 2.0489094865183688e-08, -7.450580596923828e-08, 0.8659389019012451, 0.5001495480537415, 7.450580596923828e-09, -0.5001497864723206, 0.8659390211105347),
        }},
        {Time = 0.233, Data = {
            ["RightFoot"] = CFrame.new(-3.725290298461914e-08, 4.172325134277344e-07, 1.6596459317952394e-08, 0.9916107654571533, 0.12857267260551453, 0.01331536564975977, -0.11333154886960983, 0.9143285155296326, -0.3887915015220642, -0.06216273456811905, 0.38402143120765686, 0.9212296009063721),
            ["LeftLowerArm"] = CFrame.new(6.258487701416016e-07, -1.1920928955078125e-07, 5.960464477539063e-08, 1, 1.862645371275562e-09, -6.332993507385254e-08, 2.2351745343485163e-08, 0.9953427910804749, -0.09639868885278702, 2.3283067918100642e-08, 0.09639869630336761, 0.9953427910804749),
            ["RightUpperArm"] = CFrame.new(0.16543233394622803, -0.09839439392089844, -0.012171028181910515, -0.06622689217329025, -0.6919889450073242, 0.7188640236854553, 0.8648765683174133, -0.3990905284881592, -0.30449166893959045, 0.497596800327301, 0.6015630960464478, 0.624915599822998),
            ["Head"] = CFrame.new(-0.022553542628884315, 0.0005857944488525391, -0.0010783085599541664, 0.9942314028739929, 0.017403649166226387, 0.10583505034446716, -0.010847782716155052, 0.9980042576789856, -0.06220736727118492, -0.10670645534992218, 0.0607004389166832, 0.9924360513687134),
            ["RightHand"] = CFrame.new(1.4156103134155273e-07, 2.384185791015625e-07, 0, 1, -5.587935447692871e-09, 0, 5.029141192380848e-08, 1, 1.4901161193847656e-08, 7.4505797087454084e-09, 3.725290298461914e-08, 1),
            ["UpperTorso"] = CFrame.new(6.257323548197746e-09, -0.007093161344528198, 4.656612873077393e-10, 0.9998793601989746, -0.0077008893713355064, 0.013493042439222336, 0.007875430397689342, 0.9998854398727417, -0.012930285185575485, -0.013391932472586632, 0.013034987263381481, 0.9998253583908081),
            ["HumanoidRootPart"] = CFrame.new(0, 0, 0, 1, 0, 0, 0, 1, 0, 0, 0, 1),
            ["RightUpperLeg"] = CFrame.new(1.1920928955078125e-07, -1.1117663234472275e-08, 8.658389560878277e-10, 0.9164276719093323, -0.14585766196250916, -0.37267419695854187, 0.06668268889188766, 0.9738532900810242, -0.2171713411808014, 0.3946061134338379, 0.17417079210281372, 0.9021920561790466),
            ["LeftUpperArm"] = CFrame.new(0.0010030865669250488, -0.05832946300506592, 0.226485013961792, 0.8419081568717957, 0.48550906777381897, 0.23552420735359192, -0.49570709466934204, 0.8683040738105774, -0.01795847713947296, -0.21322564780712128, -0.10163164883852005, 0.9717026352882385),
            ["RightLowerArm"] = CFrame.new(-6.258487701416016e-07, -2.980232238769531e-07, 1.043081283569336e-07, 1, -9.313225746154785e-09, 7.450581485102248e-09, 3.3527619791584584e-08, 0.9813633561134338, -0.1921616792678833, -7.450582373280668e-09, 0.19216175377368927, 0.9813632965087891),
            ["LeftHand"] = CFrame.new(-1.7881393432617188e-07, -2.980232238769531e-07, -5.960464477539063e-08, 1, -1.862645593320167e-09, 5.2154071283894154e-08, 7.63684582238966e-08, 1, 3.3527616238870905e-08, 5.960465188081798e-08, 7.450582373280668e-09, 1),
            ["LeftFoot"] = CFrame.new(-1.862645149230957e-08, 5.960464477539063e-08, 4.016328603029251e-08, 0.9919992685317993, 0.11921213567256927, 0.041544247418642044, -0.11898171901702881, 0.9928643703460693, -0.00798369012773037, -0.04219970107078552, 0.002976916264742613, 0.9991048574447632),
            ["LowerTorso"] = CFrame.new(0.04237908497452736, -0.19236040115356445, -0.000003986324827565113, 0.9925631284713745, -0.04959102347493172, 0.1111716628074646, 0.05012013390660286, 0.9987412691116333, -0.001968099270015955, -0.11093413084745407, 0.007525401655584574, 0.9937992691993713),
            ["RightLowerLeg"] = CFrame.new(-8.195638656616211e-08, -0.0000037550926208496094, -0.000013290140486788005, 1, -1.9371505288745539e-07, -8.195641498787154e-08, 2.086162567138672e-07, 0.4795158803462982, 0.8775327801704407, -1.30385160446167e-07, -0.8775332570075989, 0.4795166552066803),
            ["LeftUpperLeg"] = CFrame.new(2.9802322387695312e-08, -1.746811904013157e-07, 2.561137080192566e-09, 0.9335725903511047, 0.18531665205955505, 0.30675745010375977, 0.07756166905164719, 0.7311781048774719, -0.6777631640434265, -0.34989500045776367, 0.6565336585044861, 0.6682342290878296),
            ["LeftLowerLeg"] = CFrame.new(1.4901161193847656e-08, 0.000003814697265625, 0.000013381242752075195, 1, 8.009372010064908e-08, 3.78931837019536e-08, -4.4703494239684005e-08, 0.7471261024475098, 0.6646822690963745, 2.980232949312267e-08, -0.6646822690963745, 0.7471262216567993),
        }},
        {Time = 0.267, Data = {
            ["RightFoot"] = CFrame.new(2.7939677238464355e-09, 3.5762786865234375e-07, -7.617927622050047e-09, 0.9992835521697998, 0.03783068060874939, -0.0010947728296741843, -0.03284497559070587, 0.8524941802024841, -0.5217037796974182, -0.018803199753165245, 0.5213661789894104, 0.853126049041748),
            ["LeftLowerArm"] = CFrame.new(2.682209014892578e-07, 1.7881393432617188e-07, -7.450580596923828e-09, 1, -5.587936158235607e-08, 1.1175873559921001e-08, 1.3038517820973539e-08, 0.957848310470581, -0.28727465867996216, 2.0489098417897367e-08, 0.28727462887763977, 0.9578483700752258),
            ["RightUpperArm"] = CFrame.new(0.1664295196533203, -0.1002497673034668, -0.00812695175409317, -0.07065671682357788, -0.7354589700698853, 0.6738752126693726, 0.891872763633728, -0.3491317629814148, -0.28752401471138, 0.44673335552215576, 0.5806954503059387, 0.6806043386459351),
            ["Head"] = CFrame.new(-0.021568482741713524, 0.0009703636169433594, -0.0010043121874332428, 0.9954036474227905, -0.006007083225995302, 0.09557996690273285, 0.013118447735905647, 0.9971757531166077, -0.07394900918006897, -0.09486578404903412, 0.07486295700073242, 0.9926711916923523),
            ["RightHand"] = CFrame.new(-2.7567148208618164e-07, 1.1920928955078125e-07, -1.4901161193847656e-08, 1, -1.862645326866641e-08, -3.725290742551124e-09, -1.4901162970204496e-08, 1, 9.313226634333205e-09, 5.587936335871291e-09, -4.6566133171666024e-09, 1),
            ["UpperTorso"] = CFrame.new(1.3242242857813835e-08, -0.00684008002281189, 1.1641532182693481e-09, 0.9998701214790344, -0.0106826676055789, 0.012066112831234932, 0.010377569124102592, 0.9996318817138672, 0.02507137693464756, -0.01232949923723936, -0.024942904710769653, 0.9996128082275391),
            ["HumanoidRootPart"] = CFrame.new(0, 0, 0, 1, 0, 0, 0, 1, 0, 0, 0, 1),
            ["RightUpperLeg"] = CFrame.new(-2.9802322387695312e-08, 1.5849946066737175e-07, 3.194145392626524e-09, 0.9973100423812866, 0.002113131107762456, -0.07326887547969818, -0.01860520988702774, 0.9741458296775818, -0.22515250742435455, 0.0708988681435585, 0.22591009736061096, 0.9715647101402283),
            ["LeftUpperArm"] = CFrame.new(0.0011920332908630371, -0.05827939510345459, 0.22956527769565582, 0.8940501809120178, 0.4466612935066223, -0.03417405113577843, -0.4469227194786072, 0.8945725560188293, -0.000012130940376664512, 0.030565736815333366, 0.015283996239304543, 0.9994158744812012),
            ["RightLowerArm"] = CFrame.new(5.960464477539063e-08, 1.1920928955078125e-07, 8.195638656616211e-08, 1, -5.029141902923584e-08, 9.313226634333205e-09, 5.21540641784668e-08, 0.8756098747253418, -0.48301905393600464, 3.725290298461914e-09, 0.48301905393600464, 0.8756099343299866),
            ["LeftHand"] = CFrame.new(-1.862645149230957e-08, -1.1920928955078125e-07, 0, 1, -2.2351745343485163e-08, 1.862645149230957e-09, 0, 1, 1.7695128917694092e-08, -1.1175872671742582e-08, -8.381904059717726e-09, 1),
            ["LeftFoot"] = CFrame.new(-2.2941094357520342e-08, -1.1920928955078125e-07, 1.019798219203949e-07, 0.99997878074646, -0.006083277519792318, -0.002369167283177376, 0.005997569300234318, 0.9993816614151001, -0.03464799001812935, 0.0025784014724195004, 0.03463280200958252, 0.9993968605995178),
            ["LowerTorso"] = CFrame.new(0.04826183244585991, -0.2435222864151001, 0, 0.9925618767738342, -0.049597907811403275, 0.11118015646934509, 0.050127290189266205, 0.9987409114837646, -0.001969546778127551, -0.11094248294830322, 0.0075280568562448025, 0.9937983155250549),
            ["RightLowerLeg"] = CFrame.new(9.592622518539429e-08, -0.000003516674041748047, -0.000013275239325594157, 1, -2.495944215752388e-07, -1.1082741480095137e-07, 2.2351744632942427e-07, 0.4573703110218048, 0.8892763257026672, -9.82545458327877e-08, -0.8892763257026672, 0.4573706090450287),
            ["LeftUpperLeg"] = CFrame.new(0, 1.998268999159336e-07, -5.3551048040390015e-09, 0.9980964064598083, 0.060222651809453964, -0.013302097097039223, -0.050144921988248825, 0.6668466925621033, -0.7435056567192078, -0.0359053835272789, 0.7427576184272766, 0.6685974597930908),
