return {
    ["Advanced Math"] = {
        {Time = 0.000, Data = {
            ["LeftFoot"] = CFrame.new(8.940696716308594e-08, 0, 2.9802322387695312e-08, 0.9282864928245544, -0.23049432039260864, -0.2918159067630768, 0.21369720995426178, 0.9728696346282959, -0.0886475220322609, 0.30433160066604614, 0.019930148497223854, 0.9523577094078064),
            ["LeftLowerArm"] = CFrame.new(2.682209014892578e-07, 1.7881393432617188e-07, 4.470348358154297e-08, 1, -9.033831105398349e-08, 1.0477377543338662e-07, 7.380731403827667e-08, -0.05944215506315231, -0.9982317686080933, 8.42846930027008e-08, 0.998231828212738, -0.05944214016199112),
            ["LowerTorso"] = CFrame.new(-0.2467602640390396, -0.24098896980285645, 0.020445870235562325, 0.7362423539161682, 0.07876070588827133, -0.6721190810203552, -0.05492943897843361, 0.9968820810317993, 0.05664768069982529, 0.6744850873947144, -0.004787502344697714, 0.738273024559021),
            ["Head"] = CFrame.new(2.60770320892334e-08, -2.384185791015625e-07, 1.1175870895385742e-08, 0.9705916047096252, 0.16561509668827057, 0.17471005022525787, -0.13642190396785736, 0.9763617515563965, -0.16765141487121582, -0.19834572076797485, 0.1388869434595108, 0.9702419638633728),
            ["RightUpperArm"] = CFrame.new(0, -4.76837158203125e-07, 0, 0.8646723031997681, 0.34931960701942444, 0.36099550127983093, 0.3291763961315155, 0.14882300794124603, -0.932466983795166, -0.37945324182510376, 0.9251095652580261, 0.013695335015654564),
            ["UpperTorso"] = CFrame.new(-5.587935447692871e-09, -5.960464477539063e-08, -9.313225746154785e-09, 0.9625297784805298, 0.10723763704299927, 0.24907170236110687, -0.12248493731021881, 0.9913803339004517, 0.04650161787867546, -0.24193799495697021, -0.07526666671037674, 0.9673680067062378),
            ["HumanoidRootPart"] = CFrame.new(0, 0, 0, 1, 0, 0, 0, 1, 0, 0, 0, 1),
            ["RightHand"] = CFrame.new(-1.671724021434784e-07, 4.172325134277344e-07, -2.2351741790771484e-08, 0.9992714524269104, 0.011446486227214336, -0.03641006350517273, -0.006014792714267969, 0.9892774224281311, 0.1459246575832367, 0.037689827382564545, -0.14559949934482574, 0.9886255264282227),
            ["LeftUpperArm"] = CFrame.new(0, -4.76837158203125e-07, -5.960464477539063e-08, 0.11983229964971542, 0.4265688955783844, -0.8964815735816956, -0.9828061461448669, -0.07679567486047745, -0.1679127812385559, -0.1404723823070526, 0.9011889100074768, 0.4100317358970642),
            ["RightLowerArm"] = CFrame.new(5.960464477539063e-08, -1.1920928955078125e-07, 6.370246410369873e-07, 1, -1.1920931797249068e-07, 1.0989603538291703e-07, 6.332993507385254e-08, -0.2976994216442108, -0.9546597003936768, 1.1734664440155029e-07, 0.9546597599983215, -0.2976992428302765),
            ["LeftHand"] = CFrame.new(5.143810994923115e-07, -5.960464477539063e-08, -7.916241884231567e-09, 0.9898903965950012, 0.04801501706242561, -0.1334601640701294, -0.027076266705989838, 0.9876234531402588, 0.15448904037475586, 0.13922619819641113, -0.14931362867355347, 0.9789390563964844),
            ["RightUpperLeg"] = CFrame.new(0, -5.273614078760147e-08, 2.8107024263590574e-08, 0.6874962449073792, -0.5457876920700073, -0.479024738073349, 0.31473028659820557, 0.8184126019477844, -0.48077642917633057, 0.6544415950775146, 0.17976820468902588, 0.7344313859939575),
            ["LeftUpperLeg"] = CFrame.new(5.960464477539063e-08, 4.784669727087021e-08, -7.450580596923828e-08, 0.973773717880249, 0.10895382612943649, -0.1997346729040146, -0.21783678233623505, 0.699845552444458, -0.6802673935890198, 0.06566563248634338, 0.7059358358383179, 0.7052251696586609),
            ["RightLowerLeg"] = CFrame.new(-7.450580596923828e-08, -0.0000603795051574707, -0.00007203051791293547, 1, -1.6763806343078613e-07, -5.960465188081798e-08, 1.1548401346317405e-07, 0.5775337815284729, 0.8163665533065796, -3.725290653733282e-08, -0.8163668513298035, 0.5775341987609863),
            ["RightFoot"] = CFrame.new(9.406358003616333e-08, 2.384185791015625e-07, 1.7993443179875612e-08, 0.92207270860672, 0.30628836154937744, 0.24560321867465973, -0.13382212817668915, 0.828949511051178, -0.5452243685722351, -0.3631438612937927, 0.4680066406726837, 0.801504373550415),
            ["LeftLowerLeg"] = CFrame.new(-1.043081283569336e-07, 0.00006079673767089844, 0.00007210671901702881, 1, 2.9802322387695312e-08, 9.685754776000977e-08, -1.4901161193847656e-08, 0.6687098741531372, 0.7435234189033508, 1.4901161193847656e-08, -0.7435234785079956, 0.6687099933624268),
        }},
        {Time = 0.033, Data = {
            ["LeftFoot"] = CFrame.new(2.2351741790771484e-08, 5.960464477539063e-08, 3.3527612686157227e-08, 0.9239176511764526, -0.25103041529655457, -0.28872039914131165, 0.22071576118469238, 0.96612948179245, -0.13371095061302185, 0.31250709295272827, 0.05981309711933136, 0.9480305910110474),
            ["LeftLowerArm"] = CFrame.new(7.152557373046875e-07, -5.960464477539063e-08, 1.1548399925231934e-07, 1, -8.055940980966625e-08, 9.732319483646279e-08, 8.568168397005138e-08, -0.0931333377957344, -0.9956536293029785, 8.300413156803188e-08, 0.9956536889076233, -0.093133345246315),
            ["LowerTorso"] = CFrame.new(-0.23764537274837494, -0.26876330375671387, 0.03310643509030342, 0.7437496185302734, 0.02386738918721676, -0.668032169342041, -0.01688668504357338, 0.9997143745422363, 0.016917362809181213, 0.6682450771331787, -0.0013016387820243835, 0.7439401149749756),
            ["Head"] = CFrame.new(5.21540641784668e-08, 1.1920928955078125e-07, -3.725290298461914e-09, 0.9762817025184631, 0.15837723016738892, 0.14761660993099213, -0.13321621716022491, 0.9769033193588257, -0.1670731157064438, -0.17066772282123566, 0.14344564080238342, 0.974831223487854),
            ["RightUpperArm"] = CFrame.new(1.1920928955078125e-07, 2.384185791015625e-07, -2.9802322387695312e-08, 0.8600102663040161, 0.3225422203540802, 0.3954099118709564, 0.3411445915699005, 0.21283741295337677, -0.9155985713005066, -0.37947699427604675, 0.9223160743713379, 0.07300876826047897),
            ["UpperTorso"] = CFrame.new(-1.30385160446167e-08, 2.9802322387695312e-08, -1.862645149230957e-08, 0.957549512386322, 0.13793179392814636, 0.2531282901763916, -0.15952619910240173, 0.9849331974983215, 0.0667676106095314, -0.2401050627231598, -0.10431383550167084, 0.9651260375976562),
            ["HumanoidRootPart"] = CFrame.new(0, 0, 0, 1, 0, 0, 0, 1, 0, 0, 0, 1),
            ["RightHand"] = CFrame.new(-1.4528632164001465e-07, 1.7881393432617188e-07, 2.9802322387695312e-08, 0.9999058842658997, -0.007987353019416332, -0.011161665432155132, 0.009151874110102654, 0.9940537214279175, 0.1085062325000763, 0.010228492319583893, -0.10859829932451248, 0.9940330982208252),
            ["LeftUpperArm"] = CFrame.new(1.1920928955078125e-07, 0, -2.9802322387695312e-08, 0.12772329151630402, 0.4371204078197479, -0.8902879953384399, -0.9859806299209595, -0.041217878460884094, -0.16168934106826782, -0.10737356543540955, 0.8984581232070923, 0.42572763562202454),
            ["RightLowerArm"] = CFrame.new(-1.4901161193847656e-07, -5.960464477539063e-08, 6.51925802230835e-07, 1, -1.1175869474300271e-07, 1.098960922263359e-07, 8.195639367158947e-08, -0.2801637053489685, -0.9599522948265076, 1.2572856178394431e-07, 0.9599522948265076, -0.28016385436058044),
            ["LeftHand"] = CFrame.new(-1.1734664440155029e-07, 0, 1.3224780559539795e-07, 0.9851815104484558, 0.06300418823957443, -0.1595243513584137, -0.02727678045630455, 0.9758040904998779, 0.21693888306617737, 0.1693325787782669, -0.2093728929758072, 0.963062584400177),
            ["RightUpperLeg"] = CFrame.new(0, 1.1557131074368954e-07, 2.8107024263590574e-08, 0.6955136656761169, -0.5152162313461304, -0.5008125901222229, 0.309303879737854, 0.843813955783844, -0.4385305345058441, 0.6485305428504944, 0.15010066330432892, 0.7462424635887146),
            ["LeftUpperLeg"] = CFrame.new(0, -5.908077582716942e-08, -2.421438694000244e-08, 0.9593333601951599, 0.12833471596240997, -0.2514156103134155, -0.269675076007843, 0.679828405380249, -0.6819888353347778, 0.08339657634496689, 0.7220550775527954, 0.6867907643318176),
            ["RightLowerLeg"] = CFrame.new(0, -0.00006031990051269531, -0.00007214227662188932, 1, -1.3038511781360285e-07, -8.195641498787154e-08, 1.3411042232291948e-07, 0.5554555058479309, 0.8315457701683044, 7.450578820566989e-09, -0.8315462470054626, 0.555456280708313),
            ["RightFoot"] = CFrame.new(-3.3993273973464966e-08, 5.364418029785156e-07, 5.734182195737958e-08, 0.9235360622406006, 0.3016606569290161, 0.2458336055278778, -0.12256010621786118, 0.8204136490821838, -0.5605544447898865, -0.36340054869651794, 0.4857184588909149, 0.7907872796058655),
            ["LeftLowerLeg"] = CFrame.new(0, 0.00006085634231567383, 0.00007207691669464111, 1, -2.2351741790771484e-08, 7.078052277620372e-08, -8.940695295223122e-08, 0.5962827205657959, 0.8027744293212891, 8.940695295223122e-08, -0.8027745485305786, 0.5962828397750854),
        }},
        {Time = 0.067, Data = {
            ["LeftFoot"] = CFrame.new(-1.4901161193847656e-08, 5.960464477539063e-08, -8.195638656616211e-08, 0.9185542464256287, -0.2855075001716614, -0.27339282631874084, 0.22889693081378937, 0.9480348229408264, -0.22098982334136963, 0.3222798705101013, 0.14041206240653992, 0.9361729621887207),
            ["LeftLowerArm"] = CFrame.new(5.960464477539063e-08, 2.980232238769531e-07, -6.146728992462158e-08, 1, -8.728240885602645e-08, 9.589713556579227e-08, 8.693314867969093e-08, -0.10055018216371536, -0.9949320554733276, 9.559882130361075e-08, 0.9949319958686829, -0.10055015981197357),
            ["LowerTorso"] = CFrame.new(-0.21792764961719513, -0.29830288887023926, 0.04527255520224571, 0.7529397010803223, -0.05137709155678749, -0.6560810208320618, 0.018314098939299583, 0.998197615146637, -0.057149726897478104, 0.6578347086906433, 0.03101455606520176, 0.7525235414505005),
            ["Head"] = CFrame.new(0, -2.384185791015625e-07, 1.862645149230957e-09, 0.9803917407989502, 0.16359025239944458, 0.10986451059579849, -0.1449047178030014, 0.9763132333755493, -0.1606709510087967, -0.13354641199111938, 0.14160069823265076, 0.9808744192123413),
            ["RightUpperArm"] = CFrame.new(0, -2.384185791015625e-07, 0, 0.8413161635398865, 0.35421985387802124, 0.4083080291748047, 0.31799378991127014, 0.2864975929260254, -0.9037694931030273, -0.43711230158805847, 0.8901951313018799, 0.12839533388614655),
            ["UpperTorso"] = CFrame.new(2.9802322387695312e-08, 3.2782554626464844e-07, -3.3527612686157227e-08, 0.9552130103111267, 0.1542697250843048, 0.2525252401828766, -0.1875932514667511, 0.9756602644920349, 0.1135602742433548, -0.2288598269224167, -0.1558462232351303, 0.9609032869338989),
            ["HumanoidRootPart"] = CFrame.new(0, 0, 0, 1, 0, 0, 0, 1, 0, 0, 0, 1),
            ["RightHand"] = CFrame.new(-7.101334631443024e-08, 1.1920928955078125e-07, -4.0745362639427185e-09, 0.9993931651115417, -0.012449613772332668, 0.03253459557890892, 0.012405713088810444, 0.9999219179153442, 0.0015520642045885324, -0.03255149722099304, -0.0011476376093924046, 0.9994693994522095),
            ["LeftUpperArm"] = CFrame.new(0, -3.5762786865234375e-07, -1.4901161193847656e-08, 0.15339936316013336, 0.40593284368515015, -0.9009368419647217, -0.9861075282096863, 0.004089890047907829, -0.1660585105419159, -0.06372396647930145, 0.9138938188552856, 0.4009207487106323),
            ["RightLowerArm"] = CFrame.new(0, -1.7881393432617188e-07, 7.487833499908447e-07, 1, -4.7904904931783676e-08, 1.1036173930278892e-07, 9.685756907629184e-08, -0.23802243173122406, -0.9712596535682678, 1.1478553574306716e-07, 0.9712596535682678, -0.23802249133586884),
            ["LeftHand"] = CFrame.new(1.0599615052342415e-07, 5.960464477539063e-08, 5.494803190231323e-08, 0.9753362536430359, 0.10378776490688324, -0.19480110704898834, -0.04326412081718445, 0.9553260803222656, 0.29237011075019836, 0.2164430469274521, -0.2767312526702881, 0.9362543821334839),
            ["RightUpperLeg"] = CFrame.new(5.960464477539063e-08, 2.1792948246002197e-07, -1.6952981241047382e-09, 0.705681324005127, -0.48090407252311707, -0.5203315019607544, 0.32789909839630127, 0.8726696968078613, -0.3618428707122803, 0.628089189529419, 0.08472929894924164, 0.7735146284103394),
            ["LeftUpperLeg"] = CFrame.new(1.1920928955078125e-07, 1.8067657947540283e-07, -6.705522537231445e-08, 0.9416455030441284, 0.15304091572761536, -0.2998037040233612, -0.31610268354415894, 0.7081520557403564, -0.6313478350639343, 0.11568467319011688, 0.6892744302749634, 0.715204656124115),
            ["RightLowerLeg"] = CFrame.new(-6.705522537231445e-08, -0.00006026029586791992, -0.00007204541907412931, 1, -1.7508864402770996e-07, -4.4703494239684005e-08, 1.1920928955078125e-07, 0.530525803565979, 0.8476685881614685, -5.960464477539063e-08, -0.8476688861846924, 0.5305261611938477),
            ["RightFoot"] = CFrame.new(-3.166496753692627e-08, 3.5762786865234375e-07, 2.6266206987202168e-09, 0.9274650812149048, 0.29747599363327026, 0.23565247654914856, -0.11369973421096802, 0.8050132989883423, -0.5842686891555786, -0.3562033474445343, 0.5132852792739868, 0.776593804359436),
            ["LeftLowerLeg"] = CFrame.new(1.4901161193847656e-08, 0.000060677528381347656, 0.00007191300392150879, 1, 9.685753354915505e-08, 7.823108916227284e-08, -1.1920928955078125e-07, 0.5570548176765442, 0.8304756283760071, 5.960464477539063e-08, -0.8304756879806519, 0.557054877281189),
        }},
        {Time = 0.100, Data = {
            ["LeftFoot"] = CFrame.new(7.450580596923828e-08, 5.960464477539063e-08, -4.842877388000488e-08, 0.9092473983764648, -0.3156246840953827, -0.2713857591152191, 0.23892714083194733, 0.929600179195404, -0.2806375026702881, 0.3408564329147339, 0.19032803177833557, 0.920647919178009),
            ["LeftLowerArm"] = CFrame.new(0, -5.960464477539063e-08, -1.30385160446167e-08, 1, -8.684585139917544e-08, 9.709037840366364e-08, 8.41682563645918e-08, -0.06367484480142593, -0.9979707598686218, 9.429638936353513e-08, 0.997970700263977, -0.06367485225200653),
            ["LowerTorso"] = CFrame.new(-0.2010173350572586, -0.34035277366638184, 0.06431280821561813, 0.7553890347480774, -0.11475685983896255, -0.6451499462127686, 0.0314326174557209, 0.9897582530975342, -0.1392504721879959, 0.6545223593711853, 0.08490932732820511, 0.751259446144104),
            ["Head"] = CFrame.new(-2.7008354663848877e-08, -2.384185791015625e-07, -3.3527612686157227e-08, 0.9849691390991211, 0.16079118847846985, 0.06310270726680756, -0.14922979474067688, 0.9761139750480652, -0.1578991711139679, -0.0869842916727066, 0.14610910415649414, 0.9854369759559631),
            ["RightUpperArm"] = CFrame.new(0, -1.1920928955078125e-07, -7.450580596923828e-08, 0.8533301949501038, 0.3336385190486908, 0.40064090490341187, 0.2927405536174774, 0.329266220331192, -0.8977121114730835, -0.4314285218715668, 0.8833284378051758, 0.18330314755439758),
            ["UpperTorso"] = CFrame.new(1.1175870895385742e-08, -2.9802322387695312e-08, 1.4901161193847656e-08, 0.9528337717056274, 0.15411913394927979, 0.2614485025405884, -0.20445258915424347, 0.9626175165176392, 0.17767034471035004, -0.2242923527956009, -0.22274406254291534, 0.9487243890762329),
            ["HumanoidRootPart"] = CFrame.new(0, 0, 0, 1, 0, 0, 0, 1, 0, 0, 0, 1),
            ["RightHand"] = CFrame.new(-9.080395102500916e-08, 2.980232238769531e-07, 3.4924596548080444e-08, 0.9981582760810852, -0.012711047194898129, 0.05931722745299339, 0.01871725544333458, 0.9946262836456299, -0.1018255278468132, -0.05770428851246834, 0.10274804383516312, 0.9930322766304016),
            ["LeftUpperArm"] = CFrame.new(0, -2.384185791015625e-07, -1.4901161193847656e-08, 0.15844936668872833, 0.3741752505302429, -0.9137213826179504, -0.9873499870300293, 0.06550020724534988, -0.14439480006694794, 0.005819839891046286, 0.9250419735908508, 0.3798200786113739),
            ["RightLowerArm"] = CFrame.new(-5.960464477539063e-08, 0, 2.60770320892334e-07, 1, -1.1915111031157721e-07, 9.82545458327877e-08, 1.005828522693264e-07, -0.2450401335954666, -0.9695129990577698, 9.5926239396249e-08, 0.9695129990577698, -0.24503999948501587),
            ["LeftHand"] = CFrame.new(-1.7066486179828644e-07, -5.960464477539063e-08, 1.0244548320770264e-07, 0.9613001942634583, 0.1840226799249649, -0.20503082871437073, -0.09751879423856735, 0.9233061671257019, 0.3714779019355774, 0.25766661763191223, -0.3371073603630066, 0.9055200815200806),
            ["RightUpperLeg"] = CFrame.new(-5.960464477539063e-08, -1.30385160446167e-08, 1.3205863069742918e-08, 0.7172572612762451, -0.4789671301841736, -0.5060951113700867, 0.3622075915336609, 0.8767473101615906, -0.3164176344871521, 0.5952712297439575, 0.04364122822880745, 0.8023388385772705),
            ["LeftUpperLeg"] = CFrame.new(2.9802322387695312e-08, -1.4901161193847656e-08, 7.450580596923828e-09, 0.9303299784660339, 0.17008079588413239, -0.3248981237411499, -0.3398853838443756, 0.7325831055641174, -0.5897457599639893, 0.13771022856235504, 0.6590861678123474, 0.7393519282341003),
            ["RightLowerLeg"] = CFrame.new(-3.725290298461914e-08, -0.00006031990051269531, -0.00007204541907412931, 1, -1.8626447229053156e-07, -9.685758328714655e-08, 9.313225746154785e-08, 0.4552391767501831, 0.8903689384460449, -5.21540641784668e-08, -0.890369176864624, 0.45523980259895325),
            ["RightFoot"] = CFrame.new(1.1082738637924194e-07, 4.172325134277344e-07, -2.8107024263590574e-08, 0.9325010180473328, 0.29118937253952026, 0.22291359305381775, -0.09711472690105438, 0.7759736180305481, -0.625121533870697, -0.3478657603263855, 0.5595300197601318, 0.7480191588401794),
            ["LeftLowerLeg"] = CFrame.new(1.341104507446289e-07, 0.000060677528381347656, 0.0000721365213394165, 1, 8.568168397005138e-08, 2.9802322387695312e-08, -1.0430815677864302e-07, 0.505450427532196, 0.8628555536270142, 1.6391281576488836e-07, -0.8628556728363037, 0.5054506659507751),
        }},
        {Time = 0.133, Data = {
            ["LeftFoot"] = CFrame.new(3.725290298461914e-08, -1.1920928955078125e-07, 1.4901161193847656e-08, 0.8989971876144409, -0.342922180891037, -0.2724120020866394, 0.249807208776474, 0.912415087223053, -0.3241836130619049, 0.3597226142883301, 0.22339002788066864, 0.905923068523407),
            ["LeftLowerArm"] = CFrame.new(0, -1.1920928955078125e-07, 1.6391277313232422e-07, 1, -8.847566590475253e-08, 8.894128455949613e-08, 1.0244548320770264e-07, -0.011400503106415272, -0.9999350309371948, 9.033828973770142e-08, 0.9999350309371948, -0.011400473304092884),
            ["LowerTorso"] = CFrame.new(-0.18776150047779083, -0.3921992778778076, 0.08031155169010162, 0.7568824887275696, -0.16508637368679047, -0.632357120513916, 0.031077120453119278, 0.9755678772926331, -0.21748937666416168, 0.6528117656707764, 0.1449618935585022, 0.7435205578804016),
            ["Head"] = CFrame.new(-1.4901161193847656e-08, 5.960464477539062e-07, 2.9802322387695312e-08, 0.9874700903892517, 0.15645428001880646, 0.020613813772797585, -0.15126799046993256, 0.975656270980835, -0.15878579020500183, -0.04495459422469139, 0.15367814898490906, 0.9870977997779846),
            ["RightUpperArm"] = CFrame.new(-5.960464477539063e-08, 3.5762786865234375e-07, 7.450580596923828e-08, 0.8596291542053223, 0.309383749961853, 0.4065951108932495, 0.28264090418815613, 0.3749842047691345, -0.8828936219215393, -0.4256194233894348, 0.8738813400268555, 0.23490279912948608),
            ["UpperTorso"] = CFrame.new(-1.1175870895385742e-08, 0, 0, 0.9502978324890137, 0.148032084107399, 0.27389898896217346, -0.21816875040531158, 0.9442364573478699, 0.2466168999671936, -0.22211819887161255, -0.29411569237709045, 0.929601788520813),
            ["HumanoidRootPart"] = CFrame.new(0, 0, 0, 1, 0, 0, 0, 1, 0, 0, 0, 1),
            ["RightHand"] = CFrame.new(5.797483026981354e-08, 0, -4.9476511776447296e-08, 0.9970915913581848, -0.011436245404183865, 0.07534965127706528, 0.027609942480921745, 0.9757220149040222, -0.2172659933567047, -0.07103569805622101, 0.21871428191661835, 0.9731998443603516),
            ["LeftUpperArm"] = CFrame.new(-1.1920928955078125e-07, 5.960464477539062e-07, 5.960464477539063e-08, 0.12899664044380188, 0.3323274552822113, -0.9343011379241943, -0.9877305030822754, 0.12669381499290466, -0.09130920469760895, 0.08802547305822372, 0.9346161484718323, 0.34459277987480164),
            ["RightLowerArm"] = CFrame.new(-5.960464477539063e-08, 0, 1.0058283805847168e-07, 1, -8.242204074804249e-08, 1.1478550732135773e-07, 9.313224325069314e-08, -0.25123316049575806, -0.9679266810417175, 1.0244546899684792e-07, 0.9679266214370728, -0.2512331008911133),
            ["LeftHand"] = CFrame.new(-1.1175870895385742e-07, -5.960464477539063e-08, -1.1175870895385742e-08, 0.9462419152259827, 0.24227002263069153, -0.2143164575099945, -0.13847342133522034, 0.9021978974342346, 0.40849024057388306, 0.29232075810432434, -0.35685333609580994, 0.8872453570365906),
            ["RightUpperLeg"] = CFrame.new(-5.960464477539063e-08, 1.2293457984924316e-07, -5.3849362302571535e-08, 0.728283703327179, -0.495379239320755, -0.47350016236305237, 0.4034298360347748, 0.8684735298156738, -0.28809380531311035, 0.5539380311965942, 0.018789885565638542, 0.8323457837104797),
            ["LeftUpperLeg"] = CFrame.new(-5.960464477539063e-08, 6.332993507385254e-08, 0, 0.9241931438446045, 0.17593254148960114, -0.33899107575416565, -0.34933775663375854, 0.7481539249420166, -0.5641176104545593, 0.154370978474617, 0.6397761702537537, 0.752898633480072),
            ["RightLowerLeg"] = CFrame.new(-6.705522537231445e-08, -0.0000603795051574707, -0.0000721646283636801, 1, -7.450579886381092e-08, -8.940699558479537e-08, 1.6391281576488836e-07, 0.353280633687973, 0.9355171322822571, -1.49011640360186e-07, -0.9355174899101257, 0.3532813489437103),
            ["RightFoot"] = CFrame.new(-3.4458935260772705e-08, 3.5762786865234375e-07, -6.908521754667163e-08, 0.9371761083602905, 0.28864923119544983, 0.2053774744272232, -0.08380801230669022, 0.7362216711044312, -0.6732743978500366, -0.3386399745941162, 0.6120941042900085, 0.7102969288825989),
            ["LeftLowerLeg"] = CFrame.new(-1.4901161193847656e-08, 0.00006073713302612305, 0.00007207691669464111, 1, 1.788139627478813e-07, 5.960465898624534e-08, -1.043081283569336e-07, 0.4373430013656616, 0.8992948532104492, 2.9802322387695312e-08, -0.8992948532104492, 0.43734297156333923),
        }},
        {Time = 0.167, Data = {
            ["LeftFoot"] = CFrame.new(-4.470348358154297e-08, 5.960464477539063e-08, 1.043081283569336e-07, 0.8811571598052979, -0.35561349987983704, -0.3116103410720825, 0.24580703675746918, 0.9075136184692383, -0.3405851423740387, 0.4039071202278137, 0.22351305186748505, 0.88707435131073),
            ["LeftLowerArm"] = CFrame.new(3.2782554626464844e-07, 1.7881393432617188e-07, -8.940696716308594e-08, 1, -7.63684582238966e-08, 1.0151417484394187e-07, 5.21540641784668e-08, 0.004965734202414751, -0.9999876618385315, 7.264316082000732e-08, 0.9999877214431763, 0.004965727683156729),
            ["LowerTorso"] = CFrame.new(-0.17817164957523346, -0.4582664966583252, 0.08122915774583817, 0.7540121674537659, -0.20879752933979034, -0.622791588306427, 0.03034317120909691, 0.9581933617591858, -0.2845078408718109, 0.6561591625213623, 0.19562466442584991, 0.7288251519203186),
            ["Head"] = CFrame.new(-4.0978193283081055e-08, 1.1920928955078125e-07, 7.450580596923828e-09, 0.9845702648162842, 0.17482243478298187, 0.0076491618528962135, -0.17114105820655823, 0.9711121320724487, -0.16628924012184143, -0.03649932146072388, 0.16241440176963806, 0.9860473275184631),
            ["RightUpperArm"] = CFrame.new(0, -1.1920928955078125e-07, 5.960464477539063e-08, 0.857370138168335, 0.28614541888237, 0.4278285801410675, 0.28600406646728516, 0.4262162744998932, -0.858220100402832, -0.4279231131076813, 0.8581727147102356, 0.2835862934589386),
            ["UpperTorso"] = CFrame.new(-5.960464477539063e-08, 5.960464477539063e-08, 7.450580596923828e-09, 0.9479557275772095, 0.1385163962841034, 0.2866937518119812, -0.22986964881420135, 0.920766294002533, 0.31519752740859985, -0.22031795978546143, -0.36469537019729614, 0.9046862125396729),
            ["HumanoidRootPart"] = CFrame.new(0, 0, 0, 1, 0, 0, 0, 1, 0, 0, 0, 1),
            ["RightHand"] = CFrame.new(-3.818422555923462e-08, 3.5762786865234375e-07, 2.1653249859809875e-08, 0.9959160089492798, -0.026254571974277496, 0.08638300001621246, 0.049659136682748795, 0.9583491683006287, -0.28124889731407166, -0.07540109008550644, 0.2843899130821228, 0.9557390809059143),
            ["LeftUpperArm"] = CFrame.new(-1.1920928955078125e-07, 0, -1.4901161193847656e-08, 0.10724801570177078, 0.30112507939338684, -0.947534441947937, -0.9828919172286987, 0.17564480006694794, -0.055430587381124496, 0.14973783493041992, 0.9372687339782715, 0.3148108422756195),
            ["RightLowerArm"] = CFrame.new(1.1920928955078125e-07, -1.7881393432617188e-07, 4.5821070671081543e-07, 1, -1.2572853336223488e-07, 1.1269004573932762e-07, 8.940696716308594e-08, -0.26044705510139465, -0.9654881954193115, 1.0151416063308716e-07, 0.9654881358146667, -0.26044711470603943),
            ["LeftHand"] = CFrame.new(1.4156103134155273e-07, 0, 2.7939677238464355e-09, 0.9398919939994812, 0.2128126621246338, -0.26704689860343933, -0.10530448704957962, 0.9245694875717163, 0.36617234349250793, 0.32482948899269104, -0.3160412609577179, 0.8914055824279785),
            ["RightUpperLeg"] = CFrame.new(-5.960464477539063e-08, 2.682209014892578e-07, -1.6596459317952394e-08, 0.7390636801719666, -0.5199109315872192, -0.4283428490161896, 0.44499072432518005, 0.8541812300682068, -0.26899394392967224, 0.5057352185249329, 0.008195136673748493, 0.8626498579978943),
            ["LeftUpperLeg"] = CFrame.new(-1.1920928955078125e-07, -5.960464477539063e-08, 7.450580596923828e-08, 0.923879086971283, 0.20150892436504364, -0.3253333270549774, -0.3650098443031311, 0.719394326210022, -0.5909649729728699, 0.1149582788348198, 0.6647300720214844, 0.7381860613822937),
            ["RightLowerLeg"] = CFrame.new(5.960464477539063e-08, -0.00006031990051269531, -0.00007206032023532316, 1, -1.1175869474300271e-07, -1.4901162614933128e-07, 2.309680269263481e-07, 0.23691020905971527, 0.9715315699577332, -1.266598843585598e-07, -0.9715316295623779, 0.23691046237945557),
            ["RightFoot"] = CFrame.new(1.1175870895385742e-08, 2.980232238769531e-07, -2.029992174357176e-09, 0.9375713467597961, 0.2977713346481323, 0.18941278755664825, -0.07767613232135773, 0.6885516047477722, -0.7226550579071045, -0.3390078544616699, 0.6612329483032227, 0.6647499799728394),
            ["LeftLowerLeg"] = CFrame.new(-8.940696716308594e-08, 0.00006085634231567383, 0.0000721961259841919, 1, 1.5925617447010154e-07, 3.725289587919178e-08, -4.470347292340193e-08, 0.2828940153121948, 0.9591511487960815, 1.0430809993522416e-07, -0.9591512680053711, 0.2828940749168396),
        }},
        {Time = 0.200, Data = {
            ["LeftFoot"] = CFrame.new(4.470348358154297e-08, 5.960464477539063e-08, 3.725290298461914e-08, 0.8648943901062012, -0.34626156091690063, -0.3634018301963806, 0.21268914639949799, 0.9085744023323059, -0.35952192544937134, 0.454665869474411, 0.23365692794322968, 0.8594667911529541),
            ["LeftLowerArm"] = CFrame.new(4.470348358154297e-07, 1.1920928955078125e-07, -1.862645149230957e-07, 1, -8.754435043556441e-08, 7.636847243475131e-08, 4.5634816814299484e-08, 0.0005863739643245935, -0.9999998807907104, 9.685756907629184e-08, 0.9999998807907104, 0.0005863663973286748),
            ["LowerTorso"] = CFrame.new(-0.17800089716911316, -0.527463436126709, 0.08237217366695404, 0.752440869808197, -0.24415701627731323, -0.611735463142395, 0.03051082417368889, 0.9406811594963074, -0.3379175066947937, 0.6579528450965881, 0.2355981469154358, 0.71525639295578),
            ["Head"] = CFrame.new(3.725290298461914e-09, 0, 1.30385160446167e-08, 0.9809308052062988, 0.19433553516864777, 0.0028810806106776, -0.19057051837444305, 0.964626133441925, -0.1821519434452057, -0.038177698850631714, 0.17812953889369965, 0.9832662343978882),
            ["RightUpperArm"] = CFrame.new(1.1920928955078125e-07, 3.5762786865234375e-07, -2.9802322387695312e-08, 0.8545004725456238, 0.2647142708301544, 0.4469399154186249, 0.2908517122268677, 0.46906620264053345, -0.8338959217071533, -0.4303884208202362, 0.8425575494766235, 0.3238247036933899),
            ["UpperTorso"] = CFrame.new(1.862645149230957e-08, -8.940696716308594e-08, -2.9802322387695312e-08, 0.9448913335800171, 0.13324812054634094, 0.2990405857563019, -0.24564631283283234, 0.8923919200897217, 0.3785427212715149, -0.21642133593559265, -0.43113982677459717, 0.8759453296661377),
            ["HumanoidRootPart"] = CFrame.new(0, 0, 0, 1, 0, 0, 0, 1, 0, 0, 0, 1),
            ["RightHand"] = CFrame.new(-8.940696716308594e-08, -1.7881393432617188e-07, -2.0489096641540527e-08, 0.993906557559967, -0.047310926020145416, 0.09955707937479019, 0.07622946798801422, 0.9474151134490967, -0.3107953667640686, -0.07961808145046234, 0.31649088859558105, 0.9452484846115112),
            ["LeftUpperArm"] = CFrame.new(-1.1920928955078125e-07, 4.76837158203125e-07, 5.960464477539063e-08, 0.1292542964220047, 0.2912805378437042, -0.9478654861450195, -0.9760997295379639, 0.20578698813915253, -0.06986593455076218, 0.17470771074295044, 0.9342415928840637, 0.31091758608818054),
            ["RightLowerArm"] = CFrame.new(5.960464477539063e-08, 0, 5.21540641784668e-08, 1, -8.102507109697399e-08, 1.0896479096800249e-07, 8.195639367158947e-08, -0.27959272265434265, -0.9601187109947205, 1.2852252950779075e-07, 0.9601187109947205, -0.2795928418636322),
            ["LeftHand"] = CFrame.new(4.1443854570388794e-07, -5.960464477539063e-08, -3.91155481338501e-08, 0.9342272877693176, 0.1360129863023758, -0.3297271132469177, -0.03606729581952095, 0.955723762512207, 0.2920468747615814, 0.354850172996521, -0.2609458267688751, 0.8977687954902649),
            ["RightUpperLeg"] = CFrame.new(0, -6.332993507385254e-08, 4.300818545743823e-08, 0.7369553446769714, -0.5525011420249939, -0.38940879702568054, 0.4846223294734955, 0.8334837555885315, -0.2654169499874115, 0.4712090492248535, 0.006884102243930101, 0.8819947242736816),
            ["LeftUpperLeg"] = CFrame.new(5.960464477539063e-08, -1.30385160446167e-07, 1.4901161193847656e-08, 0.9185463786125183, 0.26886817812919617, -0.28979742527008057, -0.3944612443447113, 0.6715027689933777, -0.62728351354599, 0.025943392887711525, 0.6905027031898499, 0.7228643894195557),
            ["RightLowerLeg"] = CFrame.new(2.2351741790771484e-08, -0.0000603795051574707, -0.00007220933184726164, 1, -1.3411040811206476e-07, -2.1606696520848345e-07, 1.9371509552001953e-07, 0.12094084173440933, 0.9926596879959106, -1.1175870895385742e-07, -0.9926596879959106, 0.12094129621982574),
            ["RightFoot"] = CFrame.new(1.0244548320770264e-08, 3.5762786865234375e-07, -1.879379851743579e-08, 0.9329972863197327, 0.3120133578777313, 0.18909846246242523, -0.06649737805128098, 0.6451672911643982, -0.7626427412033081, -0.35368648171424866, 0.6974287629127502, 0.6185610294342041),
            ["LeftLowerLeg"] = CFrame.new(8.940696716308594e-08, 0.00006073713302612305, 0.00007208436727523804, 1, 8.195637946073475e-08, 1.4901162970204496e-08, -2.980232594040899e-08, 0.09616822004318237, 0.9953652024269104, 7.450581307466564e-08, -0.9953650832176208, 0.09616824984550476),
        }},
        {Time = 0.233, Data = {
            ["LeftFoot"] = CFrame.new(2.9802322387695312e-08, 5.960464477539063e-08, 0, 0.8750137090682983, -0.3341914415359497, -0.3502388596534729, 0.135633647441864, 0.8637529611587524, -0.4853188693523407, 0.4647091031074524, 0.3771566152572632, 0.8011232614517212),
            ["LeftLowerArm"] = CFrame.new(2.9802322387695312e-08, 0, 8.195638656616211e-08, 1, -7.07805440924858e-08, 3.911553392299538e-08, 8.800998330116272e-08, -0.0038318014703691006, -0.9999927282333374, 8.940696716308594e-08, 0.9999926686286926, -0.003831785637885332),
            ["LowerTorso"] = CFrame.new(-0.19355891644954681, -0.5899617671966553, 0.0936879888176918, 0.7542687058448792, -0.2563514709472656, -0.6044525504112244, 0.0188518688082695, 0.9287036657333374, -0.37034329771995544, 0.6562952399253845, 0.2679431140422821, 0.7053247690200806),
            ["Head"] = CFrame.new(-2.9802322387695312e-08, 0, 3.725290298461914e-09, 0.9766688346862793, 0.21469086408615112, 0.0050852480344474316, -0.20917482674121857, 0.956402599811554, -0.20381399989128113, -0.04862053319811821, 0.19799518585205078, 0.9789963960647583),
            ["RightUpperArm"] = CFrame.new(-1.1920928955078125e-07, 2.384185791015625e-07, 0, 0.8443999886512756, 0.2639271914958954, 0.4661880433559418, 0.3011496365070343, 0.4858473837375641, -0.8205251693725586, -0.44305485486984253, 0.8332436084747314, 0.3307678699493408),
            ["UpperTorso"] = CFrame.new(3.725290298461914e-09, -1.1920928955078125e-07, -1.4901161193847656e-08, 0.9467584490776062, 0.1141834706068039, 0.3010164797306061, -0.2421049326658249, 0.8688174486160278, 0.4319044351577759, -0.21221190690994263, -0.4817866086959839, 0.8502044081687927),
            ["HumanoidRootPart"] = CFrame.new(0, 0, 0, 1, 0, 0, 0, 1, 0, 0, 0, 1),
            ["RightHand"] = CFrame.new(-5.029141902923584e-08, 5.960464477539063e-08, -2.60770320892334e-08, 0.9931893944740295, -0.04723326116800308, 0.10650810599327087, 0.0792510062456131, 0.9439629316329956, -0.32039588689804077, -0.08540650457143784, 0.3266545832157135, 0.9412771463394165),
            ["LeftUpperArm"] = CFrame.new(0, 0, -5.960464477539063e-08, 0.17137263715267181, 0.2960165739059448, -0.9396837949752808, -0.9686041474342346, 0.22498542070388794, -0.10577281564474106, 0.18010450899600983, 0.9283080101013184, 0.3252790570259094),
            ["RightLowerArm"] = CFrame.new(-1.7881393432617188e-07, 5.960464477539063e-08, 3.3527612686157227e-08, 1, -8.940696716308594e-08, 1.1920928955078125e-07, 6.519258732851085e-08, -0.30389413237571716, -0.9527058601379395, 1.2293459406009788e-07, 0.9527058601379395, -0.30389404296875),
            ["LeftHand"] = CFrame.new(1.0803341865539551e-07, -1.1920928955078125e-07, 1.3224780559539795e-07, 0.9333827495574951, 0.03824002295732498, -0.3568393886089325, 0.032408446073532104, 0.9812634587287903, 0.18992583453655243, 0.35741615295410156, -0.18883800506591797, 0.9146551489830017),
            ["RightUpperLeg"] = CFrame.new(-2.9802322387695312e-08, 3.725290298461914e-09, 5.790934665128589e-08, 0.7287828326225281, -0.5944344997406006, -0.3398871421813965, 0.5188577771186829, 0.8033047318458557, -0.29238349199295044, 0.44683584570884705, 0.036730680614709854, 0.893861711025238),
            ["LeftUpperLeg"] = CFrame.new(8.940696716308594e-08, -5.21540641784668e-08, 0, 0.9068701267242432, 0.3571903109550476, -0.22361092269420624, -0.4159153401851654, 0.6732341647148132, -0.6113675832748413, -0.06783197820186615, 0.6474341750144958, 0.7590967416763306),
            ["RightLowerLeg"] = CFrame.new(-5.960464477539063e-08, -0.000060439109802246094, -0.00007183680281741545, 1, -2.086161856595936e-07, -1.5646224937881925e-07, 1.4156103134155273e-07, 0.00550689734518528, 0.999984860420227, -2.2351741790771484e-08, -0.999984860420227, 0.005507124587893486),
            ["RightFoot"] = CFrame.new(-8.568167686462402e-08, 3.5762786865234375e-07, -3.742025000974536e-08, 0.9292598366737366, 0.3230367600917816, 0.1890152543783188, -0.056500956416130066, 0.6099007725715637, -0.7918388843536377, -0.36508065462112427, 0.7236493229866028, 0.5807446837425232),
            ["LeftLowerLeg"] = CFrame.new(2.9802322387695312e-08, 0.000060617923736572266, 0.0000721663236618042, 1, 1.3411046495548362e-07, 1.341104507446289e-07, -2.980232594040899e-08, -0.0824585035443306, 0.9965945482254028, 8.940698137394065e-08, -0.9965945482254028, -0.0824584811925888),
        }},
        {Time = 0.267, Data = {
            ["LeftFoot"] = CFrame.new(-8.195638656616211e-08, 5.960464477539063e-08, 0, 0.8794454336166382, -0.36512061953544617, -0.3053891956806183, 0.09817936271429062, 0.7669191360473633, -0.6341891884803772, 0.465764582157135, 0.5277519822120667, 0.7103108763694763),
            ["LeftLowerArm"] = CFrame.new(-5.662441253662109e-07, -1.1920928955078125e-07, 3.5390257835388184e-08, 1, -9.033830394855613e-08, 7.729980211479415e-08, 8.754432201385498e-08, -0.005648354534059763, -0.9999841451644897, 8.870847523212433e-08, 0.999984085559845, -0.0056483568623661995),
            ["LowerTorso"] = CFrame.new(-0.19455793499946594, -0.6403182744979858, 0.11759310960769653, 0.7609148621559143, -0.264999121427536, -0.5922704339027405, 0.0213185865432024, 0.922515332698822, -0.3853711485862732, 0.648501455783844, 0.28060805797576904, 0.7076050639152527),
            ["Head"] = CFrame.new(7.450580596923828e-09, 1.1920928955078125e-07, 8.195638656616211e-08, 0.9688320159912109, 0.24770328402519226, 0.0027572251856327057, -0.2403261512517929, 0.942560076713562, -0.23200008273124695, -0.06006603688001633, 0.2241065800189972, 0.9727119207382202),
            ["RightUpperArm"] = CFrame.new(-5.960464477539063e-08, 1.1920928955078125e-07, 8.940696716308594e-08, 0.835899293422699, 0.26714202761650085, 0.479486882686615, 0.3121097683906555, 0.487257182598114, -0.8155783414840698, -0.451508492231369, 0.8313937783241272, 0.3239203989505768),
            ["UpperTorso"] = CFrame.new(-1.4901161193847656e-08, -1.7881393432617188e-07, 5.960464477539063e-08, 0.9523605108261108, 0.09036237746477127, 0.29128047823905945, -0.22525925934314728, 0.8522778153419495, 0.4721027612686157, -0.20559147000312805, -0.5152255892753601, 0.8320305347442627),
            ["HumanoidRootPart"] = CFrame.new(0, 0, 0, 1, 0, 0, 0, 1, 0, 0, 0, 1),
            ["RightHand"] = CFrame.new(1.2665987014770508e-07, 5.960464477539063e-08, -1.4901161193847656e-08, 0.9940975308418274, -0.021028345450758934, 0.10643278807401657, 0.05319029092788696, 0.9495059847831726, -0.3092072904109955, -0.09455662220716476, 0.313043475151062, 0.9450200796127319),
            ["LeftUpperArm"] = CFrame.new(0, -1.1920928955078125e-07, 7.450580596923828e-08, 0.21890293061733246, 0.30571335554122925, -0.9266179800033569, -0.9589900970458984, 0.24264657497406006, -0.1464957296848297, 0.18005484342575073, 0.9206857085227966, 0.3462919592857361),
            ["RightLowerArm"] = CFrame.new(5.960464477539063e-08, 1.7881393432617188e-07, 8.940696716308594e-08, 1, -7.264316792543468e-08, 9.685759039257391e-08, 7.17118453508192e-08, -0.32921236753463745, -0.9442559480667114, 1.1920930376163597e-07, 0.9442559480667114, -0.3292125463485718),
            ["LeftHand"] = CFrame.new(-5.231704562902451e-07, 1.1920928955078125e-07, 3.4458935260772705e-08, 0.9367606043815613, -0.047315772622823715, -0.3467573821544647, 0.09805705398321152, 0.986617386341095, 0.13027316331863403, 0.335953027009964, -0.15603682398796082, 0.9288639426231384),
            ["RightUpperLeg"] = CFrame.new(-2.9802322387695312e-08, -2.682209014892578e-07, 2.8107024263590574e-08, 0.7369246482849121, -0.597661018371582, -0.3158223330974579, 0.517225444316864, 0.7993473410606384, -0.3058132827281952, 0.43522408604621887, 0.062009893357753754, 0.898184061050415),
            ["LeftUpperLeg"] = CFrame.new(0, -2.682209014892578e-07, 1.1920928955078125e-07, 0.8708509802818298, 0.45884260535240173, -0.17630161345005035, -0.47653257846832275, 0.700107753276825, -0.5317574143409729, -0.12056291103363037, 0.5470947027206421, 0.8283427953720093),
            ["RightLowerLeg"] = CFrame.new(-7.450580596923828e-08, -0.00006031990051269531, -0.0000721050237189047, 1, -1.192092469182171e-07, -2.086163561898502e-07, 1.3411047916633834e-07, -0.07844027876853943, 0.9969188570976257, -1.0430815677864302e-07, -0.9969188570976257, -0.07844019681215286),
