return {
    ["Ain’t It Fun"] = {
        {Time = 0.000, Data = {
            ["RightFoot"] = CFrame.new(2.5331974029541016e-07, 0, 1.2835516827180982e-07, 0.7967039346694946, 0.6012157201766968, 0.06166324019432068, -0.5199719667434692, 0.7338743805885315, -0.4371015727519989, -0.30804556608200073, 0.3161773383617401, 0.8972958922386169),
            ["LeftLowerArm"] = CFrame.new(0.0000011324882507324219, -1.1920928955078125e-07, 0.000004857778549194336, 1, 1.8626455755565985e-07, -5.122274604474342e-09, -1.266598843585598e-07, 0.7862330079078674, -0.6179301738739014, -1.0430814256778831e-07, 0.6179301738739014, 0.7862330675125122),
            ["RightUpperArm"] = CFrame.new(-0.08422237634658813, 0.01796138286590576, -0.1883651316165924, 0.7502347230911255, -0.6011335253715515, 0.2752932012081146, 0.5566530823707581, 0.798956573009491, 0.22760820388793945, -0.3567703664302826, -0.017516938969492912, 0.934027910232544),
            ["Head"] = CFrame.new(-7.450580596923828e-09, -7.152557373046875e-07, -1.1175870895385742e-07, 0.6652660965919495, 0.14463648200035095, 0.7324624061584473, 0.03585716336965561, 0.9737342000007629, -0.22484704852104187, -0.7457448244094849, 0.17584700882434845, 0.6426061391830444),
            ["RightHand"] = CFrame.new(2.086162567138672e-07, 0.0000010728836059570312, -6.556510925292969e-07, 0.9685251116752625, 0.18022935092449188, 0.17168715596199036, -0.1407340168952942, 0.9654029011726379, -0.21952477097511292, -0.2053123265504837, 0.18845321238040924, 0.9603814482688904),
            ["UpperTorso"] = CFrame.new(3.725290298461914e-09, -1.1920928955078125e-07, 7.450580596923828e-09, 0.958514392375946, 0.07042891532182693, -0.2762065827846527, -0.010116769932210445, 0.9767899513244629, 0.2139604687690735, 0.2848648428916931, -0.2022896558046341, 0.9369797706604004),
            ["HumanoidRootPart"] = CFrame.new(0, 0, 0, 1, 0, 0, 0, 1, 0, 0, 0, 1),
            ["RightUpperLeg"] = CFrame.new(-2.9802322387695312e-08, -4.796311259269714e-07, -6.129994289949536e-08, 0.790122389793396, -0.6129409670829773, 0.003131326986476779, 0.4990117847919464, 0.6402766108512878, -0.5839803814888, 0.35594069957733154, 0.4629785716533661, 0.8117616772651672),
            ["LeftUpperArm"] = CFrame.new(-0.020585477352142334, -0.05104649066925049, -0.17671748995780945, 0.5140119194984436, 0.7416514158248901, -0.43098145723342896, -0.6783136129379272, 0.6589825749397278, 0.3250114321708679, 0.5250546336174011, 0.12528076767921448, 0.8417973518371582),
            ["RightLowerArm"] = CFrame.new(-5.960464477539063e-08, 5.960464477539062e-07, -0.000003874301910400391, 1, -0.00001738779064908158, 0.000008687376976013184, 0.000018961729438160546, 0.7721442580223083, -0.6354472041130066, 0.000004321337200963171, 0.6354472637176514, 0.7721443176269531),
            ["LeftHand"] = CFrame.new(-0.00000130385160446167, -9.5367431640625e-07, 2.6635825634002686e-07, 0.9637037515640259, 0.2147074192762375, -0.1586681455373764, -0.19315345585346222, 0.9710129499435425, 0.1408046931028366, 0.18430079519748688, -0.10504655539989471, 0.9772403240203857),
            ["LeftFoot"] = CFrame.new(5.960464477539063e-08, -1.1920928955078125e-07, 6.332993507385254e-08, 0.8587969541549683, -0.508084774017334, -0.06571033596992493, 0.5082848072052002, 0.8610604405403137, -0.01488848589360714, 0.06414494663476944, -0.020613260567188263, 0.9977276921272278),
            ["LowerTorso"] = CFrame.new(-0.07292485237121582, -0.5312488079071045, 0.32840681076049805, 0.870854914188385, 0.022894874215126038, -0.4910067319869995, 0.03483399748802185, 0.9935286641120911, 0.10810863971710205, 0.4903043806552887, -0.11125067621469498, 0.8644217848777771),
            ["RightLowerLeg"] = CFrame.new(0, -0.0007262229919433594, 0.00004606118454830721, 1, 1.3876713467197987e-07, 1.4901166522918174e-08, -2.7939673685750677e-08, 0.506091833114624, 0.862479567527771, 8.940695295223122e-08, -0.8624796867370605, 0.5060918927192688),
            ["LeftUpperLeg"] = CFrame.new(5.960464477539063e-08, -3.3248215913772583e-07, -2.2351741790771484e-08, 0.8024888634681702, 0.5105159282684326, -0.30884498357772827, -0.5229395627975464, 0.3525330722332001, -0.7760506868362427, -0.2873079478740692, 0.7842793464660645, 0.5498726963996887),
            ["LeftLowerLeg"] = CFrame.new(1.4901161193847656e-08, -0.0007266998291015625, 0.00008088350296020508, 1, 3.073364140959711e-08, 6.70552182668871e-08, -8.568165554834195e-08, 0.37398192286491394, 0.927436113357544, 5.960463056453591e-08, -0.9274360537528992, 0.3739818334579468),
        }},
        {Time = 0.033, Data = {
            ["RightFoot"] = CFrame.new(1.043081283569336e-07, 0, -4.300818545743823e-08, 0.8060405850410461, 0.5740289688110352, 0.14418533444404602, -0.45784714818000793, 0.7591254115104675, -0.4627142548561096, -0.3750664293766022, 0.30695170164108276, 0.8747034668922424),
            ["LeftLowerArm"] = CFrame.new(0.0000014007091522216797, -5.364418029785156e-07, 0.00000476837158203125, 1, 9.406359424701805e-08, -9.499492392706088e-08, -8.38190601371025e-08, 0.33452561497688293, -0.9423867464065552, -3.911556234470481e-08, 0.9423867464065552, 0.33452561497688293),
            ["RightUpperArm"] = CFrame.new(-0.09149229526519775, 0.02797532081604004, -0.1769600510597229, 0.7192453742027283, -0.6935630440711975, 0.040699731558561325, 0.5934625864028931, 0.643784761428833, 0.4830561876296997, -0.36123165488243103, -0.32328227162361145, 0.8746429681777954),
            ["Head"] = CFrame.new(-3.725290298461914e-08, -9.5367431640625e-07, 4.0978193283081055e-08, 0.5975176692008972, 0.15564003586769104, 0.7866058349609375, 0.04837297275662422, 0.9721986651420593, -0.22910676896572113, -0.8003953695297241, 0.1749458760023117, 0.5733771920204163),
            ["RightHand"] = CFrame.new(5.960464477539063e-08, 0.0000010728836059570312, -9.238719940185547e-07, 0.9977131485939026, -0.028421465307474136, 0.06132522225379944, 0.043071724474430084, 0.9665637016296387, -0.2527832090854645, -0.05209038406610489, 0.2548467814922333, 0.9655775427818298),
            ["UpperTorso"] = CFrame.new(3.3527612686157227e-08, -2.086162567138672e-07, 3.5390257835388184e-08, 0.9369561076164246, 0.06769216060638428, -0.34282830357551575, 0.01055909600108862, 0.9751262068748474, 0.22139917314052582, 0.3492875397205353, -0.21106131374835968, 0.9129354953765869),
            ["HumanoidRootPart"] = CFrame.new(0, 0, 0, 1, 0, 0, 0, 1, 0, 0, 0, 1),
            ["RightUpperLeg"] = CFrame.new(5.960464477539063e-08, -6.239861249923706e-08, -6.129994289949536e-08, 0.7709937691688538, -0.6359400749206543, 0.033896028995513916, 0.48872366547584534, 0.5567094683647156, -0.6717320680618286, 0.40831103920936584, 0.5344669222831726, 0.7400183081626892),
            ["LeftUpperArm"] = CFrame.new(-0.02626359462738037, -0.059302330017089844, -0.162552148103714, 0.6505311727523804, 0.7413902878761292, -0.16477172076702118, -0.6556941270828247, 0.6577341556549072, 0.37074366211891174, 0.38324183225631714, -0.13314025104045868, 0.9140019416809082),
            ["RightLowerArm"] = CFrame.new(2.086162567138672e-07, 2.384185791015625e-07, -0.000004112720489501953, 1, -0.000011964875739067793, 0.000015418983821291476, 0.000018987804651260376, 0.4187329113483429, -0.9081094861030579, 0.00000432133674621582, 0.9081094264984131, 0.41873297095298767),
            ["LeftHand"] = CFrame.new(-0.000001301988959312439, -0.0000016093254089355469, 2.7194619178771973e-07, 0.9048650860786438, 0.2378455102443695, -0.3530559837818146, -0.12131367623806, 0.9390415549278259, 0.3216893970966339, 0.4080468714237213, -0.2482548952102661, 0.878559947013855),
            ["LeftFoot"] = CFrame.new(-1.1920928955078125e-07, -5.960464477539063e-08, -5.587935447692871e-08, 0.8127896785736084, -0.5713112354278564, -0.1139148473739624, 0.5724768042564392, 0.8195253014564514, -0.025464337319135666, 0.10790416598320007, -0.04451650008559227, 0.9931641221046448),
            ["LowerTorso"] = CFrame.new(-0.06344757974147797, -0.5631833076477051, 0.34796661138534546, 0.8508760333061218, 0.0400199331343174, -0.523840069770813, 0.02459638938307762, 0.9929666519165039, 0.11581193655729294, 0.5247904658317566, -0.11142618954181671, 0.8439071774482727),
            ["RightLowerLeg"] = CFrame.new(-8.940696716308594e-08, -0.0007263422012329102, 0.000046150591515470296, 1, 6.891787052154541e-08, 2.980233304583635e-08, -8.195637946073475e-08, 0.40975064039230347, 0.912197470664978, 1.341104365337742e-07, -0.9121975898742676, 0.4097510576248169),
            ["LeftUpperLeg"] = CFrame.new(0, -2.7008354663848877e-08, 2.9802322387695312e-08, 0.7706000208854675, 0.5273969769477844, -0.35781028866767883, -0.5862559080123901, 0.36640170216560364, -0.7225329875946045, -0.24995945394039154, 0.766552209854126, 0.5915385484695435),
            ["LeftLowerLeg"] = CFrame.new(-5.960464477539063e-08, -0.0007265806198120117, 0.00008097290992736816, 1, 8.61473310465044e-08, 5.21540641784668e-08, -4.842877388000488e-08, 0.41439780592918396, 0.9100958704948425, 0, -0.9100958108901978, 0.41439783573150635),
        }},
        {Time = 0.067, Data = {
            ["RightFoot"] = CFrame.new(2.384185791015625e-07, 0, 9.85528458841145e-08, 0.8074259161949158, 0.550963282585144, 0.2109576016664505, -0.3989908993244171, 0.773353636264801, -0.49267709255218506, -0.4345915615558624, 0.31363004446029663, 0.8442548513412476),
            ["LeftLowerArm"] = CFrame.new(0.000001519918441772461, -1.7881393432617188e-07, 0.00000476837158203125, 1, -2.2817403078079224e-08, -4.7963112592697144e-08, -5.8207668018894765e-08, -0.21962517499923706, -0.9755843281745911, -3.9581212973871516e-08, 0.9755843877792358, -0.21962518990039825),
            ["RightUpperArm"] = CFrame.new(-0.09480798244476318, 0.045006752014160156, -0.1462441086769104, 0.6980020999908447, -0.6320136189460754, -0.336677610874176, 0.7066085934638977, 0.5316048264503479, 0.46701285243034363, -0.1161789819598198, -0.5638750791549683, 0.817647397518158),
            ["Head"] = CFrame.new(-2.60770320892334e-08, -7.152557373046875e-07, 7.450580596923828e-08, 0.5350250601768494, 0.15206170082092285, 0.8310388922691345, 0.05382180213928223, 0.9755354523658752, -0.21315208077430725, -0.8431201577186584, 0.1587696671485901, 0.5137515068054199),
            ["RightHand"] = CFrame.new(2.980232238769531e-07, 0.0000010132789611816406, -6.556510925292969e-07, 0.9886117577552795, 0.13264809548854828, 0.07107283174991608, -0.11120070517063141, 0.9621249437332153, -0.24889755249023438, -0.10139685869216919, 0.23815971612930298, 0.9659186005592346),
            ["UpperTorso"] = CFrame.new(-3.5390257835388184e-08, -1.7881393432617188e-07, -4.842877388000488e-08, 0.9114097356796265, 0.06594784557819366, -0.4061811864376068, 0.025594469159841537, 0.976078450679779, 0.2159070074558258, 0.41070353984832764, -0.20717592537403107, 0.887919545173645),
            ["HumanoidRootPart"] = CFrame.new(0, 0, 0, 1, 0, 0, 0, 1, 0, 0, 0, 1),
            ["RightUpperLeg"] = CFrame.new(-1.1920928955078125e-07, -1.30385160446167e-07, -3.149762051180005e-08, 0.7525798082351685, -0.6532343029975891, 0.08311866223812103, 0.4815428853034973, 0.4598424434661865, -0.7460973858833313, 0.44915494322776794, 0.6015229821205139, 0.6606283783912659),
            ["LeftUpperArm"] = CFrame.new(-0.027495205402374268, -0.06194198131561279, -0.1316874623298645, 0.6989985108375549, 0.6991472840309143, 0.150313600897789, -0.6651656031608582, 0.5584595203399658, 0.49565938115119934, 0.2625945806503296, -0.44644835591316223, 0.8554108142852783),
            ["RightLowerArm"] = CFrame.new(1.1920928955078125e-07, 4.76837158203125e-07, -0.000004137400537729263, 1, -0.0000046622008085250854, 0.000018894676031777635, 0.00001899898416013457, 0.012997310608625412, -0.9999155402183533, 0.0000043350746636861, 0.999915599822998, 0.012997324578464031),
            ["LeftHand"] = CFrame.new(-0.000001371605321764946, -0.0000014901161193847656, 1.043081283569336e-07, 0.8837189674377441, -0.05501391738653183, -0.4647730588912964, 0.13439646363258362, 0.9810715913772583, 0.13941410183906555, 0.44830623269081116, -0.18566663563251495, 0.8743853569030762),
            ["LeftFoot"] = CFrame.new(-1.4901161193847656e-08, -1.1920928955078125e-07, 4.842877388000488e-08, 0.7598583698272705, -0.6348473429679871, -0.1399422287940979, 0.6325817108154297, 0.7716818451881409, -0.06593924015760422, 0.14985214173793793, -0.03842037916183472, 0.9879617094993591),
            ["LowerTorso"] = CFrame.new(-0.053273558616638184, -0.6129015684127808, 0.3631531000137329, 0.8312686681747437, 0.0570165254175663, -0.5529390573501587, 0.01509595662355423, 0.9920432567596436, 0.12498963624238968, 0.555665910243988, -0.11224709451198578, 0.8237937092781067),
            ["RightLowerLeg"] = CFrame.new(0, -0.0007263422012329102, 0.000045971777581144124, 1, 1.6950075121258124e-07, 2.980232949312267e-08, -5.587935447692871e-08, 0.2945389151573181, 0.9556394815444946, 2.9802322387695312e-08, -0.9556396007537842, 0.29453903436660767),
            ["LeftUpperLeg"] = CFrame.new(5.960464477539063e-08, -2.3748725652694702e-07, -2.2351741790771484e-08, 0.7332497239112854, 0.5401796698570251, -0.4129778742790222, -0.6485803127288818, 0.37325620651245117, -0.6633425354957581, -0.20417770743370056, 0.7542451620101929, 0.6240400075912476),
            ["LeftLowerLeg"] = CFrame.new(-2.9802322387695312e-08, -0.0007265210151672363, 0.00008095800876617432, 1, 6.705524668859653e-08, 2.2351738238057806e-08, -6.33299421792799e-08, 0.4356791079044342, 0.9001021981239319, 8.195639367158947e-08, -0.9001020193099976, 0.4356788396835327),
        }},
        {Time = 0.100, Data = {
            ["RightFoot"] = CFrame.new(1.4901161193847656e-08, 0, 8.365168469026685e-08, 0.7712439894676208, 0.5822456479072571, 0.25724130868911743, -0.40449294447898865, 0.7603281736373901, -0.5082191228866577, -0.49149593710899353, 0.28790831565856934, 0.8219126462936401),
            ["LeftLowerArm"] = CFrame.new(0.0000014007091522216797, -1.7881393432617188e-07, 0.000005066394805908203, 1, 2.3283067918100642e-08, -2.1420419216156006e-08, -7.916241884231567e-08, -0.438038170337677, -0.8989563584327698, 1.1641532182693481e-09, 0.8989564776420593, -0.4380382299423218),
            ["RightUpperArm"] = CFrame.new(-0.09551095962524414, 0.05814385414123535, -0.1223243772983551, 0.607649564743042, -0.5828202962875366, -0.5395209193229675, 0.7941237688064575, 0.4361400902271271, 0.4232599437236786, -0.011377984657883644, -0.6856401562690735, 0.7278517484664917),
            ["Head"] = CFrame.new(-4.0978193283081055e-08, -9.5367431640625e-07, -2.421438694000244e-08, 0.4993654489517212, 0.1142820492386818, 0.8588213920593262, 0.0529317706823349, 0.9853863716125488, -0.16190126538276672, -0.8647730946540833, 0.12630684673786163, 0.48601841926574707),
            ["RightHand"] = CFrame.new(0, 0.0000010728836059570312, -7.748603820800781e-07, 0.9898471236228943, 0.01841767691075802, 0.1409377008676529, 0.026575306430459023, 0.9501021504402161, -0.31080496311187744, -0.13962972164154053, 0.3113947808742523, 0.9399664998054504),
            ["UpperTorso"] = CFrame.new(-1.210719347000122e-08, 3.8743019104003906e-07, 5.8673322200775146e-08, 0.8919651508331299, 0.06428613513708115, -0.44751009345054626, 0.03128274902701378, 0.9786905646324158, 0.2029436230659485, 0.45102083683013916, -0.19501803815364838, 0.8709469437599182),
            ["HumanoidRootPart"] = CFrame.new(0, 0, 0, 1, 0, 0, 0, 1, 0, 0, 0, 1),
            ["RightUpperLeg"] = CFrame.new(5.960464477539063e-08, 1.695007085800171e-07, 8.77116690389812e-08, 0.7359430193901062, -0.6647014021873474, 0.12868525087833405, 0.48396241664886475, 0.38355761766433716, -0.7865519523620605, 0.47346413135528564, 0.6411362886428833, 0.6039669513702393),
            ["LeftUpperArm"] = CFrame.new(-0.025898098945617676, -0.06701993942260742, -0.10836266726255417, 0.7042374610900879, 0.5965784192085266, 0.384894996881485, -0.6850950121879578, 0.42880356311798096, 0.5888737440109253, 0.18626461923122406, -0.6783964037895203, 0.7106924057006836),
            ["RightLowerArm"] = CFrame.new(2.086162567138672e-07, 3.5762786865234375e-07, -0.000003635883331298828, 1, 3.0174854259712447e-07, 0.00001952052662090864, 0.000019021334082935937, -0.2403806746006012, -0.9706787467002869, 0.000004410744168126257, 0.9706788063049316, -0.24038070440292358),
            ["LeftHand"] = CFrame.new(-0.0000013534445315599442, -0.0000010728836059570312, 1.1920928955078125e-07, 0.8648682236671448, -0.2302255928516388, -0.4460926949977875, 0.17568406462669373, 0.9712506532669067, -0.16064688563346863, 0.4702532887458801, 0.060566939413547516, 0.8804510235786438),
            ["LeftFoot"] = CFrame.new(2.9802322387695312e-08, -1.1920928955078125e-07, -2.2351741790771484e-08, 0.7120471596717834, -0.6865593194961548, -0.1470559984445572, 0.6767846345901489, 0.7268867492675781, -0.11661093682050705, 0.18695323169231415, -0.016492873430252075, 0.9822303056716919),
            ["LowerTorso"] = CFrame.new(-0.041299015283584595, -0.6683148145675659, 0.3697989583015442, 0.8161832690238953, 0.07169438153505325, -0.5733279585838318, 0.0061250124126672745, 0.9911425709724426, 0.132661372423172, 0.5777608156204224, -0.11178763210773468, 0.8085147142410278),
            ["RightLowerLeg"] = CFrame.new(5.960464477539063e-08, -0.0007264018058776855, 0.000046031382225919515, 1, 1.0430815677864302e-07, 0, -5.960464477539063e-08, 0.2136806696653366, 0.9769036173820496, 7.450580596923828e-08, -0.9769035577774048, 0.21368072926998138),
            ["LeftUpperLeg"] = CFrame.new(-1.1920928955078125e-07, 4.3120235204696655e-07, 0, 0.6980370283126831, 0.5470814108848572, -0.4620024263858795, -0.697559118270874, 0.3738071918487549, -0.611293613910675, -0.16172738373279572, 0.7489795088768005, 0.6425526142120361),
            ["LeftLowerLeg"] = CFrame.new(-2.2351741790771484e-07, -0.0007265210151672363, 0.00008095800876617432, 1, 9.685756197086448e-08, 7.450581307466564e-08, -1.1734665861240501e-07, 0.4343118667602539, 0.9007627367973328, 6.705523247774181e-08, -0.9007626175880432, 0.43431171774864197),
        }},
        {Time = 0.133, Data = {
            ["RightFoot"] = CFrame.new(2.2351741790771484e-07, 0, -5.75528247281909e-09, 0.7421256303787231, 0.610604465007782, 0.27642667293548584, -0.4200909733772278, 0.7450947165489197, -0.5180324912071228, -0.5222769379615784, 0.26832082867622375, 0.8094632029533386),
            ["LeftLowerArm"] = CFrame.new(9.238719940185547e-07, -4.172325134277344e-07, 0.00000432133674621582, 1, -9.825451741107827e-08, -9.40636013524454e-08, -8.102506399154663e-08, -0.49885955452919006, -0.8666828870773315, 4.0745362639427185e-08, 0.8666828274726868, -0.4988595247268677),
            ["RightUpperArm"] = CFrame.new(-0.09469449520111084, 0.05681967735290527, -0.1302417516708374, 0.6112824082374573, -0.48806583881378174, -0.6229972243309021, 0.7870268821716309, 0.4576483964920044, 0.41369885206222534, 0.08320148289203644, -0.7432023882865906, 0.6638733148574829),
            ["Head"] = CFrame.new(3.725290298461914e-08, -5.960464477539062e-07, 6.891787052154541e-08, 0.48045045137405396, 0.07963354885578156, 0.8733989596366882, 0.06002342700958252, 0.9905484318733215, -0.12333342432975769, -0.8749655485153198, 0.11167995631694794, 0.47112956643104553),
            ["RightHand"] = CFrame.new(0, 9.5367431640625e-07, -9.238719940185547e-07, 0.9649312496185303, -0.04392440617084503, 0.25880154967308044, 0.15407247841358185, 0.8929856419563293, -0.4228930175304413, -0.2125309854745865, 0.44793686270713806, 0.8684373497962952),
            ["UpperTorso"] = CFrame.new(9.778887033462524e-09, -8.940696716308594e-08, 2.0954757928848267e-09, 0.8781954050064087, 0.06032255291938782, -0.47448301315307617, 0.04437509924173355, 0.9774612188339233, 0.20639917254447937, 0.4762392044067383, -0.20231403410434723, 0.8557250499725342),
            ["HumanoidRootPart"] = CFrame.new(0, 0, 0, 1, 0, 0, 0, 1, 0, 0, 0, 1),
            ["RightUpperLeg"] = CFrame.new(8.940696716308594e-08, -7.078051567077637e-08, 1.3205863069742918e-08, 0.7272741794586182, -0.6696653962135315, 0.1504017859697342, 0.48853930830955505, 0.35117247700691223, -0.7987537384033203, 0.4820806086063385, 0.6543898582458496, 0.5825563073158264),
            ["LeftUpperArm"] = CFrame.new(-0.024611949920654297, -0.07155990600585938, -0.11481742560863495, 0.6939613819122314, 0.5058631896972656, 0.5123669505119324, -0.705954372882843, 0.3381098508834839, 0.6223426461219788, 0.14158391952514648, -0.7935894727706909, 0.5917515158653259),
            ["RightLowerArm"] = CFrame.new(3.8743019104003906e-07, 4.172325134277344e-07, -0.0000037550926208496094, 1, 0.000002792104851323529, 0.000019311910364194773, 0.000019006431102752686, -0.3613918721675873, -0.9324141144752502, 0.000004455447196960449, 0.9324139952659607, -0.36139193177223206),
            ["LeftHand"] = CFrame.new(-0.0000011860392987728119, -0.0000011324882507324219, 3.725290298461914e-07, 0.8867169618606567, -0.23691949248313904, -0.3969908058643341, 0.09082046151161194, 0.9312434196472168, -0.3528989255428314, 0.45330414175987244, 0.27686652541160583, 0.8472666144371033),
            ["LeftFoot"] = CFrame.new(1.9371509552001953e-07, -1.1920928955078125e-07, -2.2351741790771484e-08, 0.6861022710800171, -0.7144246697425842, -0.13733671605587006, 0.7016799449920654, 0.6997001767158508, -0.13440588116645813, 0.19211728870868683, -0.004150264896452427, 0.9813631772994995),
            ["LowerTorso"] = CFrame.new(-0.026468366384506226, -0.6944761276245117, 0.37275850772857666, 0.8101546764373779, 0.08168237656354904, -0.5804976224899292, -0.0025249819736927748, 0.9907219409942627, 0.13588152825832367, 0.5862107872962952, -0.1086193174123764, 0.8028442859649658),
            ["RightLowerLeg"] = CFrame.new(2.9802322387695312e-08, -0.0007262229919433594, 0.00004621019616024569, 1, 2.5331982556053845e-07, 1.0430816388407038e-07, -9.685754776000977e-08, 0.17739668488502502, 0.9841395020484924, 1.341104507446289e-07, -0.9841395020484924, 0.17739681899547577),
            ["LeftUpperLeg"] = CFrame.new(-5.960464477539063e-08, -6.51925802230835e-08, -5.21540641784668e-08, 0.6813032627105713, 0.5465545654296875, -0.4869330823421478, -0.7209022641181946, 0.385587602853775, -0.57586669921875, -0.12698720395565033, 0.7433710098266602, 0.6567143201828003),
            ["LeftLowerLeg"] = CFrame.new(-2.9802322387695312e-08, -0.0007264614105224609, 0.00008097290992736816, 1, 3.3527619791584584e-08, 4.470347647611561e-08, -5.7742006731587026e-08, 0.4405924677848816, 0.8977073431015015, 1.0430814256778831e-07, -0.8977073431015015, 0.44059237837791443),
        }},
        {Time = 0.167, Data = {
            ["RightFoot"] = CFrame.new(2.8312206268310547e-07, 1.1920928955078125e-07, 1.2835516827180982e-07, 0.7474207282066345, 0.6137110590934753, 0.25440341234207153, -0.4284268021583557, 0.7379278540611267, -0.5214526653289795, -0.5077526569366455, 0.28075119853019714, 0.8144728541374207),
            ["LeftLowerArm"] = CFrame.new(0.0000014603137969970703, -4.172325134277344e-07, 0.0000044852495193481445, 1, -2.1886080503463745e-08, -8.66129994392395e-08, -7.729976658765736e-08, -0.4363380968570709, -0.8997828364372253, 2.7590427720269872e-08, 0.8997827768325806, -0.4363381266593933),
            ["RightUpperArm"] = CFrame.new(-0.09173107147216797, 0.05979037284851074, -0.12246450781822205, 0.6898225545883179, -0.4125751256942749, -0.5949174165725708, 0.7108315229415894, 0.5418615937232971, 0.4484470784664154, 0.13734467327594757, -0.7322348356246948, 0.667059600353241),
            ["Head"] = CFrame.new(-2.60770320892334e-08, -4.76837158203125e-07, 1.7695128917694092e-08, 0.4994501769542694, 0.03178528696298599, 0.865759551525116, 0.07707536965608597, 0.9937337636947632, -0.08094803988933563, -0.862907350063324, 0.10715818405151367, 0.49387040734291077),
            ["RightHand"] = CFrame.new(3.5762786865234375e-07, 0.0000010728836059570312, -8.344650268554688e-07, 0.9343964457511902, 0.032572191208601, 0.35474252700805664, 0.1266683042049408, 0.9003536105155945, -0.4163154363632202, -0.33295443654060364, 0.43393826484680176, 0.8371614217758179),
            ["UpperTorso"] = CFrame.new(3.725290298461914e-09, 1.7881393432617188e-07, 3.91155481338501e-08, 0.8729121685028076, 0.05873728543519974, -0.48432862758636475, 0.04705025255680084, 0.9779640436172485, 0.2034025341272354, 0.4856034517288208, -0.20034033060073853, 0.8509132266044617),
            ["HumanoidRootPart"] = CFrame.new(0, 0, 0, 1, 0, 0, 0, 1, 0, 0, 0, 1),
            ["RightUpperLeg"] = CFrame.new(5.960464477539063e-08, 1.0617077350616455e-07, 1.3205863069742918e-08, 0.7220942974090576, -0.6811461448669434, 0.12091090530157089, 0.5165265798568726, 0.4145848751068115, -0.7492127418518066, 0.4601956605911255, 0.6034562587738037, 0.6511995792388916),
            ["LeftUpperArm"] = CFrame.new(-0.0215112566947937, -0.06971371173858643, -0.10835713148117065, 0.6885558366775513, 0.509376049041748, 0.5161656141281128, -0.7068378329277039, 0.3123270273208618, 0.6346907019615173, 0.16208356618881226, -0.8018652200698853, 0.5751007199287415),
            ["RightLowerArm"] = CFrame.new(3.2782554626464844e-07, 7.748603820800781e-07, -0.000003993511199951172, 1, 0.0000023059544673742494, 0.000019371515008970164, 0.000018998980522155762, -0.34053555130958557, -0.9402316808700562, 0.000004395842552185059, 0.9402316808700562, -0.34053561091423035),
            ["LeftHand"] = CFrame.new(-0.000001362524926662445, -0.0000013113021850585938, 2.682209014892578e-07, 0.8911033272743225, -0.1496305763721466, -0.42842161655426025, -0.012447160668671131, 0.9356617331504822, -0.35267895460128784, 0.4536297023296356, 0.3196059465408325, 0.8319089412689209),
            ["LeftFoot"] = CFrame.new(-5.960464477539063e-08, 0, -1.4901161193847656e-08, 0.6965060830116272, -0.7086878418922424, -0.11243237555027008, 0.6989047527313232, 0.7055150866508484, -0.11739066243171692, 0.16251611709594727, 0.0031837529968470335, 0.9867007732391357),
            ["LowerTorso"] = CFrame.new(-0.0079227015376091, -0.6660358905792236, 0.3524160087108612, 0.8275433778762817, 0.07069005072116852, -0.5569336414337158, -0.011798080988228321, 0.9940115809440613, 0.10863648355007172, 0.5612779855728149, -0.08333063870668411, 0.8234215378761292),
            ["RightLowerLeg"] = CFrame.new(2.9802322387695312e-08, -0.0007262825965881348, 0.0000461207891930826, 1, 2.6449563961250533e-07, 5.960467319710006e-08, -7.078051567077637e-08, 0.2138398140668869, 0.976868748664856, 1.1920928955078125e-07, -0.976868748664856, 0.21383991837501526),
            ["LeftUpperLeg"] = CFrame.new(-2.9802322387695312e-08, 6.984919309616089e-09, 8.940696716308594e-08, 0.6938669681549072, 0.5168890357017517, -0.5013722777366638, -0.7179077863693237, 0.442211389541626, -0.5376409292221069, -0.05618823319673538, 0.7329902648925781, 0.677914559841156),
            ["LeftLowerLeg"] = CFrame.new(2.9802322387695312e-08, -0.0007265806198120117, 0.00008098781108856201, 1, 1.005828522693264e-07, 5.960463056453591e-08, -3.725290298461914e-08, 0.4713035225868225, 0.8819711804389954, -1.4901161193847656e-08, -0.8819711804389954, 0.4713033437728882),
        }},
        {Time = 0.200, Data = {
            ["RightFoot"] = CFrame.new(1.341104507446289e-07, 0, -1.696680556051433e-07, 0.7632254362106323, 0.6164560317993164, 0.19356928765773773, -0.4603002071380615, 0.7289844751358032, -0.5066611170768738, -0.4534432888031006, 0.2975965738296509, 0.8401342630386353),
            ["LeftLowerArm"] = CFrame.new(0.000001817941665649414, -3.5762786865234375e-07, 0.000004902482032775879, 1, -3.818422555923462e-08, -3.3527616238870905e-08, -6.146729703004894e-08, -0.23872318863868713, -0.9710876941680908, -2.3283066585833012e-09, 0.9710876941680908, -0.23872321844100952),
            ["RightUpperArm"] = CFrame.new(-0.08543246984481812, 0.06712865829467773, -0.08300250768661499, 0.7541183829307556, -0.3733237385749817, -0.5403095483779907, 0.6396802663803101, 0.6038382649421692, 0.475593239068985, 0.1487094759941101, -0.7042788863182068, 0.6941733956336975),
            ["Head"] = CFrame.new(1.1175870895385742e-08, -7.152557373046875e-07, 8.568167686462402e-08, 0.5469791293144226, -0.034940410405397415, 0.8364166021347046, 0.10516795516014099, 0.9940811395645142, -0.02724863402545452, -0.8305139541625977, 0.10286863148212433, 0.5474165081977844),
            ["RightHand"] = CFrame.new(5.662441253662109e-07, 9.5367431640625e-07, -5.662441253662109e-07, 0.903523862361908, 0.16850246489048004, 0.3940192461013794, -0.02881983295083046, 0.9412621855735779, -0.33644455671310425, -0.4275675117969513, 0.2926301658153534, 0.8553093075752258),
            ["UpperTorso"] = CFrame.new(2.0489096641540527e-08, 2.9802322387695312e-08, -1.30385160446167e-08, 0.8694995641708374, 0.051429931074380875, -0.49124908447265625, 0.05090231075882912, 0.9799390435218811, 0.19268769025802612, 0.4913039803504944, -0.19254757463932037, 0.849438488483429),
            ["HumanoidRootPart"] = CFrame.new(0, 0, 0, 1, 0, 0, 0, 1, 0, 0, 0, 1),
            ["RightUpperLeg"] = CFrame.new(2.9802322387695312e-08, -1.2665987014770508e-07, -3.894820110872388e-08, 0.7226988673210144, -0.6897502541542053, 0.044169191271066666, 0.5622494220733643, 0.549534797668457, -0.61797034740448, 0.40197262167930603, 0.47144049406051636, 0.7849597334861755),
            ["LeftUpperArm"] = CFrame.new(-0.01603555679321289, -0.05702352523803711, -0.07584165036678314, 0.674045979976654, 0.5971997380256653, 0.4347575306892395, -0.7044702172279358, 0.34263649582862854, 0.6215483546257019, 0.22222472727298737, -0.7252260446548462, 0.6516621708869934),
            ["RightLowerArm"] = CFrame.new(1.7881393432617188e-07, 1.7881393432617188e-07, -0.000003933906555175781, 1, -5.234031732470612e-07, 0.000019371511370991357, 0.00001898407754197251, -0.19875438511371613, -0.9800493717193604, 0.000004351138613856165, 0.9800493121147156, -0.19875440001487732),
            ["LeftHand"] = CFrame.new(-0.0000016223639249801636, -0.0000011920928955078125, 3.203749656677246e-07, 0.925071656703949, -0.04877094179391861, -0.37664794921875, -0.035567302256822586, 0.976237416267395, -0.21376541256904602, 0.37812361121177673, 0.21114453673362732, 0.901354968547821),
            ["LeftFoot"] = CFrame.new(-1.4901161193847656e-07, -2.384185791015625e-07, 2.2351741790771484e-08, 0.7297965884208679, -0.6791331768035889, -0.07858506590127945, 0.6768034100532532, 0.7339276075363159, -0.05733519047498703, 0.09661389142274857, -0.01134361233562231, 0.9952573180198669),
            ["LowerTorso"] = CFrame.new(0.014911293983459473, -0.5905759334564209, 0.3172299265861511, 0.8674151301383972, 0.04234727844595909, -0.49577993154525757, -0.021057717502117157, 0.9986035227775574, 0.04845364764332771, 0.49713945388793945, -0.031589433550834656, 0.8670954704284668),
            ["RightLowerLeg"] = CFrame.new(-1.1920928955078125e-07, -0.0007264018058776855, 0.00004626980080502108, 1, -3.725290742551124e-09, 7.4505820180093e-08, -9.313224325069314e-08, 0.3135082721710205, 0.949585497379303, 2.2351738948600541e-07, -0.949585497379303, 0.313508540391922),
            ["LeftUpperLeg"] = CFrame.new(-8.940696716308594e-08, 1.5087425708770752e-07, 7.450580596923828e-09, 0.7165247201919556, 0.4565370976924896, -0.5274149775505066, -0.6940311789512634, 0.542548656463623, -0.4732459783554077, 0.07009384781122208, 0.7051346302032471, 0.7056002616882324),
            ["LeftLowerLeg"] = CFrame.new(-8.940696716308594e-08, -0.0007264018058776855, 0.00008101761341094971, 1, -1.1175870895385742e-08, 7.450579175838357e-08, 2.2351736461700966e-08, 0.5445744395256042, 0.8387126326560974, 0, -0.8387125730514526, 0.5445743203163147),
        }},
        {Time = 0.233, Data = {
            ["RightFoot"] = CFrame.new(2.086162567138672e-07, -1.1920928955078125e-07, -1.2496457202360034e-07, 0.7872527241706848, 0.6066582202911377, 0.11044706404209137, -0.5032330751419067, 0.7355998754501343, -0.45348602533340454, -0.3563562035560608, 0.3014276325702667, 0.884393572807312),
            ["LeftLowerArm"] = CFrame.new(0.0000012516975402832031, -4.172325134277344e-07, 0.00000476837158203125, 1, 3.539026138810186e-08, -2.9802322387695312e-08, -8.195637946073475e-08, 0.019603991881012917, -0.9998078346252441, -7.450579886381092e-08, 0.9998078942298889, 0.019604019820690155),
            ["RightUpperArm"] = CFrame.new(-0.07700717449188232, 0.061536431312561035, -0.04939413070678711, 0.7387127876281738, -0.34579211473464966, -0.5785596370697021, 0.6516950726509094, 0.5855200290679932, 0.48214107751846313, 0.17203794419765472, -0.7332081198692322, 0.6578821539878845),
            ["Head"] = CFrame.new(2.60770320892334e-08, -5.960464477539062e-07, 4.842877388000488e-08, 0.601902186870575, -0.07584387063980103, 0.794960081577301, 0.12535874545574188, 0.9921115636825562, -0.00026195409009233117, -0.788669228553772, 0.09981263428926468, 0.606661856174469),
            ["RightHand"] = CFrame.new(2.9802322387695312e-08, 0.0000011324882507324219, -4.172325134277344e-07, 0.9110745787620544, 0.3189135491847992, 0.2612219750881195, -0.2410985827445984, 0.926201343536377, -0.2898670732975006, -0.3343870937824249, 0.20111015439033508, 0.9207280874252319),
            ["UpperTorso"] = CFrame.new(-2.9802322387695312e-08, 2.086162567138672e-07, -3.5390257835388184e-08, 0.8679493069648743, 0.02801736444234848, -0.49586251378059387, 0.07241993397474289, 0.9805967807769775, 0.18216869235038757, 0.49134451150894165, -0.19402334094047546, 0.849078893661499),
            ["HumanoidRootPart"] = CFrame.new(0, 0, 0, 1, 0, 0, 0, 1, 0, 0, 0, 1),
            ["RightUpperLeg"] = CFrame.new(5.960464477539063e-08, 8.102506399154663e-08, 2.8107024263590574e-08, 0.7398390769958496, -0.6685927510261536, -0.074979268014431, 0.58195561170578, 0.691892683506012, -0.4273317754268646, 0.33758842945098877, 0.27252197265625, 0.9009804129600525),
            ["LeftUpperArm"] = CFrame.new(-0.010408103466033936, -0.040138959884643555, -0.04763880372047424, 0.6496994495391846, 0.6764630675315857, 0.34682604670524597, -0.7084242105484009, 0.3732909858226776, 0.5989900827407837, 0.27572792768478394, -0.6348633766174316, 0.7217497825622559),
            ["RightLowerArm"] = CFrame.new(3.5762786865234375e-07, 9.5367431640625e-07, -0.0000037848949432373047, 1, -0.0000032261018532153685, 0.00001922249975905288, 0.000019013879864360206, -0.0589161217212677, -0.9982629418373108, 0.0000043213362914684694, 0.9982630014419556, -0.05891609191894531),
            ["LeftHand"] = CFrame.new(-0.0000017136335372924805, -0.0000010728836059570312, 2.5331974029541016e-07, 0.9983943700790405, 0.047908633947372437, 0.030225396156311035, -0.04202152043581009, 0.9842053651809692, -0.17197132110595703, -0.03798701614141464, 0.17042499780654907, 0.9846382737159729),
            ["LeftFoot"] = CFrame.new(-7.450580596923828e-08, -1.7881393432617188e-07, 3.725290298461914e-09, 0.7651271224021912, -0.6428192853927612, -0.03692929819226265, 0.643738865852356, 0.7625032067298889, 0.06472667306661606, -0.013448824174702168, -0.07329683750867844, 0.9972195625305176),
            ["LowerTorso"] = CFrame.new(0.04207353666424751, -0.4823317527770996, 0.282647967338562, 0.9113970994949341, 0.020811527967453003, -0.41100144386291504, -0.02818899415433407, 0.9995318651199341, -0.01189675834029913, 0.4105614125728607, 0.02242838591337204, 0.911557137966156),
            ["RightLowerLeg"] = CFrame.new(-5.960464477539063e-08, -0.0007262825965881348, 0.00004606118454830721, 1, 2.7939684343891713e-08, 1.3411047916633834e-07, -8.14907039625723e-08, 0.4767581522464752, 0.8790343999862671, 1.1920926112907182e-07, -0.8790346384048462, 0.4767583906650543),
            ["LeftUpperLeg"] = CFrame.new(-8.940696716308594e-08, 1.3969838619232178e-07, -2.60770320892334e-08, 0.7310430407524109, 0.3954077363014221, -0.5560835599899292, -0.6495475172996521, 0.6528629064559937, -0.38968995213508606, 0.2089599072933197, 0.6460828185081482, 0.7341068387031555),
            ["LeftLowerLeg"] = CFrame.new(5.960464477539063e-08, -0.0007268786430358887, 0.00008092820644378662, 1, 4.4703494239684005e-08, 1.0430814256778831e-07, -7.078051567077637e-08, 0.6650815010070801, 0.7467706799507141, -2.9802322387695312e-08, -0.7467708587646484, 0.6650815606117249),
        }},
        {Time = 0.267, Data = {
            ["RightFoot"] = CFrame.new(2.2351741790771484e-07, -5.960464477539063e-08, 6.875052349641919e-08, 0.8129987716674805, 0.5781472325325012, 0.06912777572870255, -0.5296048521995544, 0.7835784554481506, -0.32484427094459534, -0.2419748455286026, 0.22748760879039764, 0.9432379007339478),
            ["LeftLowerArm"] = CFrame.new(0.0000012814998626708984, 0, 0.000004798173904418945, 1, 1.1175868053214799e-07, -8.940698847936801e-08, -6.705522537231445e-08, 0.20989541709423065, -0.9777238965034485, -1.4901161193847656e-08, 0.9777238368988037, 0.2098952978849411),
            ["RightUpperArm"] = CFrame.new(-0.06634771823883057, 0.04425919055938721, -0.04142490029335022, 0.718186616897583, -0.3892943263053894, -0.5767651200294495, 0.695190966129303, 0.4374889135360718, 0.5703619122505188, 0.030289888381958008, -0.8105883002281189, 0.5848327279090881),
            ["Head"] = CFrame.new(3.3527612686157227e-08, -5.960464477539062e-07, -4.0978193283081055e-08, 0.6632601618766785, -0.07159276306629181, 0.7449564933776855, 0.10246892273426056, 0.9947267174720764, 0.004364758729934692, -0.7413407564163208, 0.0734398365020752, 0.6670988202095032),
            ["RightHand"] = CFrame.new(5.960464477539063e-08, 9.5367431640625e-07, -8.419156074523926e-07, 0.9306327104568481, 0.36594194173812866, 0.0030342191457748413, -0.3512856364250183, 0.8956221342086792, -0.2728729248046875, -0.1025732234120369, 0.2528786063194275, 0.9620453119277954),
            ["UpperTorso"] = CFrame.new(-7.450580596923828e-09, 2.384185791015625e-07, -3.166496753692627e-08, 0.8743048906326294, -0.00892482977360487, -0.48529544472694397, 0.09490691125392914, 0.9836750030517578, 0.15289337933063507, 0.4760081171989441, -0.17973323166370392, 0.8608786463737488),
            ["HumanoidRootPart"] = CFrame.new(0, 0, 0, 1, 0, 0, 0, 1, 0, 0, 0, 1),
            ["RightUpperLeg"] = CFrame.new(-5.960464477539063e-08, 2.3562461137771606e-07, -3.149762051180005e-08, 0.7599725723266602, -0.6156628131866455, -0.20832830667495728, 0.5652469396591187, 0.7842777371406555, -0.255743145942688, 0.3208387494087219, 0.07660075277090073, 0.9440311789512634),
            ["LeftUpperArm"] = CFrame.new(-0.003118157386779785, -0.020130038261413574, -0.040218234062194824, 0.6372418999671936, 0.6977851390838623, 0.3271372616291046, -0.7315073013305664, 0.4140784442424774, 0.5416970252990723, 0.2425280213356018, -0.5844954252243042, 0.7743033766746521),
            ["RightLowerArm"] = CFrame.new(4.172325134277344e-07, 2.980232238769531e-07, -0.000003591179847717285, 1, -0.000005267560027277796, 0.000018715862097451463, 0.000019028782844543457, 0.04776123911142349, -0.9988588094711304, 0.000004343688488006592, 0.9988588094711304, 0.04776129499077797),
            ["LeftHand"] = CFrame.new(-0.0000011026859283447266, -0.000001430511474609375, 4.023313522338867e-07, 0.9986841082572937, 0.012107770889997482, 0.04983435198664665, -0.005559325683861971, 0.9915633797645569, -0.1295030266046524, -0.05098205432295799, 0.12905588746070862, 0.9903259873390198),
            ["LeftFoot"] = CFrame.new(1.4901161193847656e-08, -1.7881393432617188e-07, -4.842877388000488e-08, 0.7904132604598999, -0.6125661730766296, -0.0030507892370224, 0.5894313454627991, 0.7591866850852966, 0.2760559320449829, -0.166786327958107, -0.21999631822109222, 0.9611368179321289),
