return {
    ["Air Guitar"] = {
        {Time = 0.000, Data = {
            ["RightFoot"] = CFrame.new(2.2351741790771484e-08, 3.5762786865234375e-07, 1.6952981241047382e-09, 0.9287580847740173, 0.2395952194929123, -0.28284770250320435, -0.3392840325832367, 0.8568080067634583, -0.3882859945297241, 0.14931468665599823, 0.45658981800079346, 0.8770583271980286),
            ["LeftLowerArm"] = CFrame.new(-2.086162567138672e-07, -5.960464477539062e-07, -2.9802322387695312e-08, 1, -1.1455266246684914e-07, 2.1606683731079102e-07, 1.7508864402770996e-07, -0.3112407624721527, -0.9503310918807983, 1.4901161193847656e-07, 0.9503311514854431, -0.3112407922744751),
            ["RightUpperArm"] = CFrame.new(-5.960464477539063e-08, 0, 3.725290298461914e-08, 0.5515270233154297, -0.34317460656166077, 0.7602954506874084, 0.2296566218137741, 0.9386985301971436, 0.2571049928665161, -0.8019201755523682, 0.03280651941895485, 0.5965299606323242),
            ["Head"] = CFrame.new(-1.6763806343078613e-08, 3.5762786865234375e-07, 9.313225746154785e-09, 0.9108204245567322, -0.046941373497247696, 0.41012534499168396, 0.008730964735150337, 0.9954820275306702, 0.09454913437366486, -0.41271066665649414, -0.08253636956214905, 0.9071151614189148),
            ["RightHand"] = CFrame.new(7.450580596923828e-09, 5.960464477539063e-08, 3.792811185121536e-07, 0.9489265084266663, 0.2960864007472992, -0.10895606130361557, -0.27849289774894714, 0.9483768939971924, 0.15173348784446716, 0.14825770258903503, -0.11364048719406128, 0.9823979139328003),
            ["UpperTorso"] = CFrame.new(5.587935447692871e-09, 6.258487701416016e-07, -7.450580596923828e-09, 0.992089033126831, 0.0578048937022686, -0.11143648624420166, -0.057315893471241, 0.9983272552490234, 0.007589463144540787, 0.11168873310089111, -0.0011423351243138313, 0.9937426447868347),
            ["HumanoidRootPart"] = CFrame.new(0, 0, 0, 1, 0, 0, 0, 1, 0, 0, 0, 1),
            ["RightUpperLeg"] = CFrame.new(0, 3.8463622331619263e-07, -2.4047039914876223e-08, 0.9296351075172424, -0.2558784782886505, -0.26515039801597595, 0.210096076130867, 0.9592245221138, -0.18907120823860168, 0.30271801352500916, 0.12006005644798279, 0.945487916469574),
            ["LeftUpperArm"] = CFrame.new(0, 1.1920928955078125e-07, 1.4901161193847656e-08, 0.8649141788482666, 0.31405550241470337, -0.39152586460113525, -0.16446183621883392, 0.9143202900886536, 0.3700956106185913, 0.4742107093334198, -0.25570985674858093, 0.8424588441848755),
            ["RightLowerArm"] = CFrame.new(-4.172325134277344e-07, 4.76837158203125e-07, -1.1920928955078125e-07, 1, -2.9336655416045687e-07, 1.4016404747962952e-07, 1.266598843585598e-07, -0.20229913294315338, -0.9793238043785095, 2.7567151050789107e-07, 0.9793238043785095, -0.202299103140831),
            ["LeftHand"] = CFrame.new(5.960464477539063e-08, -2.980232238769531e-07, -2.2351741790771484e-08, 0.9254921674728394, -0.35950812697410583, -0.11923947930335999, 0.36219650506973267, 0.932101309299469, 0.0009383854921907187, 0.11080577224493027, -0.04405643790960312, 0.9928650856018066),
            ["LeftFoot"] = CFrame.new(-1.043081283569336e-07, -5.960464477539063e-08, -7.450580596923828e-09, 0.9538578987121582, -0.28483548760414124, 0.09499553591012955, 0.2996901273727417, 0.9226089119911194, -0.24285545945167542, -0.018469776958227158, 0.2601188123226166, 0.965399980545044),
            ["LowerTorso"] = CFrame.new(-0.12124388664960861, -0.19471311569213867, 0.07375357300043106, 0.8980994820594788, -0.03268919140100479, -0.43857577443122864, 0.047781892120838165, 0.9985832571983337, 0.023416735231876373, 0.4371889531612396, -0.04198653995990753, 0.8983891010284424),
            ["RightLowerLeg"] = CFrame.new(-1.043081283569336e-07, -0.000060439109802246094, -0.0000721348260412924, 1, -1.043081283569336e-07, 7.450582373280668e-09, 1.3224780559539795e-07, 0.7641709446907043, 0.6450133919715881, -7.078051567077637e-08, -0.6450137495994568, 0.7641713619232178),
            ["LeftUpperLeg"] = CFrame.new(5.960464477539063e-08, 5.145557224750519e-07, 2.2351741790771484e-08, 0.9424715638160706, 0.27829694747924805, -0.185198113322258, -0.3342783451080322, 0.7807067036628723, -0.5279726386070251, -0.0023477759677916765, 0.5595068335533142, 0.8288223743438721),
            ["LeftLowerLeg"] = CFrame.new(-2.9802322387695312e-08, 0.000060677528381347656, 0.00007209181785583496, 1, 3.725290742551124e-09, 7.450581307466564e-08, -7.63684582238966e-08, 0.6616709232330322, 0.7497943043708801, -4.4703490686970326e-08, -0.7497943043708801, 0.6616709232330322),
        }},
        {Time = 0.033, Data = {
            ["RightFoot"] = CFrame.new(9.685754776000977e-08, 4.172325134277344e-07, 3.149762051180005e-08, 0.9271339774131775, 0.23982496559619904, -0.2879355847835541, -0.34190624952316284, 0.8558716773986816, -0.38805073499679565, 0.153371661901474, 0.4582223892211914, 0.8755054473876953),
            ["LeftLowerArm"] = CFrame.new(-2.682209014892578e-07, -8.940696716308594e-07, 1.1920928955078125e-07, 1, -1.378357126213814e-07, 2.2351741790771484e-07, 1.9371509552001953e-07, -0.28383341431617737, -0.9588736295700073, 1.341104507446289e-07, 0.9588736295700073, -0.28383341431617737),
            ["RightUpperArm"] = CFrame.new(0, -5.960464477539062e-07, 1.4901161193847656e-08, 0.5834470987319946, -0.3091947138309479, 0.7509915232658386, 0.19802553951740265, 0.9509457945823669, 0.237672358751297, -0.7876390814781189, 0.010046306997537613, 0.616054892539978),
            ["Head"] = CFrame.new(-1.30385160446167e-08, -2.384185791015625e-07, 1.30385160446167e-08, 0.9149734377861023, -0.044755708426237106, 0.4010244607925415, 0.008171346969902515, 0.9956812262535095, 0.09247789531946182, -0.4034315049648285, -0.08133779466152191, 0.91138756275177),
            ["RightHand"] = CFrame.new(-1.564621925354004e-07, -5.960464477539063e-08, 5.960464477539063e-08, 0.9551194310188293, 0.2773269712924957, -0.10409901291131973, -0.25761762261390686, 0.9511350393295288, 0.17022176086902618, 0.1462194174528122, -0.13576439023017883, 0.979891836643219),
            ["UpperTorso"] = CFrame.new(3.725290298461914e-09, 8.940696716308594e-08, 7.450580596923828e-09, 0.9914814233779907, 0.06059239059686661, -0.11529699712991714, -0.05935734137892723, 0.9981369972229004, 0.014118371531367302, 0.11593761295080185, -0.007154382765293121, 0.9932307600975037),
            ["HumanoidRootPart"] = CFrame.new(0, 0, 0, 1, 0, 0, 0, 1, 0, 0, 0, 1),
            ["RightUpperLeg"] = CFrame.new(5.960464477539063e-08, -5.681067705154419e-08, 9.480572771281004e-09, 0.9279313683509827, -0.256637841463089, -0.2703339755535126, 0.21018977463245392, 0.9591954350471497, -0.1891147345304489, 0.30783697962760925, 0.11866400390863419, 0.9440101385116577),
            ["LeftUpperArm"] = CFrame.new(0, -4.76837158203125e-07, 2.2351741790771484e-08, 0.8638153076171875, 0.31563833355903625, -0.39267751574516296, -0.16446040570735931, 0.913382351398468, 0.3724049925804138, 0.4762099087238312, -0.25710928440093994, 0.840903639793396),
            ["RightLowerArm"] = CFrame.new(-2.384185791015625e-07, 7.748603820800781e-07, -5.960464477539063e-08, 1, -2.1420416373985063e-07, 1.6810372471809387e-07, 1.0430815677864302e-07, -0.17100901901721954, -0.9852694869041443, 2.495945068403671e-07, 0.9852694869041443, -0.17100901901721954),
            ["LeftHand"] = CFrame.new(0, -1.1920928955078125e-07, -4.6938657760620117e-07, 0.9312490820884705, -0.35308974981307983, -0.09001529961824417, 0.3555879294872284, 0.9345540404319763, 0.012881351634860039, 0.07957594841718674, -0.044004276394844055, 0.9958570599555969),
            ["LeftFoot"] = CFrame.new(-2.2351741790771484e-08, 0, -1.862645149230957e-08, 0.9537777900695801, -0.2833060026168823, 0.10022836178541183, 0.2993113100528717, 0.9253650307655334, -0.23262034356594086, -0.02684495411813259, 0.25186753273010254, 0.9673893451690674),
            ["LowerTorso"] = CFrame.new(-0.1265752911567688, -0.19644403457641602, 0.08013580739498138, 0.9031399488449097, -0.034667376428842545, -0.4279443621635437, 0.04835708066821098, 0.9986060261726379, 0.021157333627343178, 0.42661434412002563, -0.03980217128992081, 0.9035574197769165),
            ["RightLowerLeg"] = CFrame.new(-1.1920928955078125e-07, -0.000060439109802246094, -0.0000721050237189047, 1, -9.685756197086448e-08, 7.450582373280668e-09, 1.005828522693264e-07, 0.760905921459198, 0.6488620042800903, -3.3527616238870905e-08, -0.648862361907959, 0.7609061002731323),
            ["LeftUpperLeg"] = CFrame.new(2.9802322387695312e-08, 2.2724270820617676e-07, 2.60770320892334e-08, 0.9414697289466858, 0.2695089876651764, -0.20248399674892426, -0.33696404099464417, 0.7693160772323608, -0.5427780151367188, 0.009490584954619408, 0.5792389512062073, 0.8151025772094727),
            ["LeftLowerLeg"] = CFrame.new(-8.940696716308594e-08, 0.000060617923736572266, 0.00007218122482299805, 1, -3.725290298461914e-08, 1.2665987014770508e-07, -9.499490261077881e-08, 0.6187724471092224, 0.7855702638626099, -4.470348358154297e-08, -0.7855702638626099, 0.6187724471092224),
        }},
        {Time = 0.067, Data = {
            ["RightFoot"] = CFrame.new(1.9371509552001953e-07, 2.980232238769531e-07, 4.639878170564771e-08, 0.9224217534065247, 0.2404138445854187, -0.3022242784500122, -0.34929773211479187, 0.8531717658042908, -0.3874129354953766, 0.1647098958492279, 0.4629247188568115, 0.8709602355957031),
            ["LeftLowerArm"] = CFrame.new(-1.4901161193847656e-07, -0.0000010132789611816406, 1.7881393432617188e-07, 1, -6.332992086299782e-08, 1.9557771224754106e-07, 2.0116567611694336e-07, -0.2161606401205063, -0.9763578176498413, 1.6391277313232422e-07, 0.9763578176498413, -0.2161606103181839),
            ["RightUpperArm"] = CFrame.new(0, 0, 8.940696716308594e-08, 0.635923445224762, -0.2739267349243164, 0.7215021848678589, 0.16376201808452606, 0.961494505405426, 0.22070464491844177, -0.7541772723197937, -0.022196607664227486, 0.6562957167625427),
            ["Head"] = CFrame.new(-1.30385160446167e-08, 2.384185791015625e-07, 4.0978193283081055e-08, 0.9260104298591614, -0.03903420269489288, 0.37547457218170166, 0.006763214711099863, 0.9961954355239868, 0.08688454329967499, -0.37743762135505676, -0.0779164507985115, 0.9227513074874878),
            ["RightHand"] = CFrame.new(-1.1175870895385742e-08, 1.1920928955078125e-07, 5.476176738739014e-07, 0.9685871005058289, 0.23122963309288025, -0.09149883687496185, -0.21153350174427032, 0.9595664739608765, 0.18570342659950256, 0.13073937594890594, -0.16051480174064636, 0.9783364534378052),
            ["UpperTorso"] = CFrame.new(9.313225746154785e-09, 3.2782554626464844e-07, -1.1175870895385742e-08, 0.9898773431777954, 0.0678384080529213, -0.12466282397508621, -0.0644030049443245, 0.9974302053451538, 0.03138872981071472, 0.12647174298763275, -0.02304231934249401, 0.9917025566101074),
            ["HumanoidRootPart"] = CFrame.new(0, 0, 0, 1, 0, 0, 0, 1, 0, 0, 0, 1),
            ["RightUpperLeg"] = CFrame.new(0, 3.818422555923462e-08, -2.2184394765645266e-08, 0.9235080480575562, -0.2587050497531891, -0.2832042872905731, 0.21082285046577454, 0.9591402411460876, -0.18869002163410187, 0.32044756412506104, 0.11455068737268448, 0.9403145909309387),
            ["LeftUpperArm"] = CFrame.new(0, -1.1920928955078125e-07, -2.9802322387695312e-08, 0.8607116937637329, 0.3200385868549347, -0.39591750502586365, -0.1646888703107834, 0.9109130501747131, 0.37830549478530884, 0.4817188084125519, -0.26040875911712646, 0.8367403745651245),
            ["RightLowerArm"] = CFrame.new(-2.086162567138672e-07, 6.556510925292969e-07, 5.960464477539063e-08, 1, -2.0489096641540527e-07, 1.0803343286625022e-07, 1.2293459406009788e-07, -0.05615653470158577, -0.9984220266342163, 2.440065429709648e-07, 0.9984219670295715, -0.05615653097629547),
            ["LeftHand"] = CFrame.new(5.960464477539063e-08, -1.7881393432617188e-07, -7.450580596923828e-08, 0.9417566657066345, -0.33603864908218384, -0.013135871849954128, 0.3362819254398346, 0.9406507015228271, 0.045725930482149124, -0.0030095726251602173, -0.04747997224330902, 0.9988676905632019),
            ["LeftFoot"] = CFrame.new(6.705522537231445e-08, -5.960464477539063e-08, 1.1175870895385742e-08, 0.9533764123916626, -0.2784442603588104, 0.11637154966592789, 0.2974725365638733, 0.9320241212844849, -0.20698101818561554, -0.05082837864756584, 0.23194816708564758, 0.9713992476463318),
            ["LowerTorso"] = CFrame.new(-0.1412186622619629, -0.20109295845031738, 0.09696979820728302, 0.9158706068992615, -0.039763398468494415, -0.3994995951652527, 0.049931153655052185, 0.998638927936554, 0.015071853995323181, 0.39835652709007263, -0.033751342445611954, 0.9166094660758972),
            ["RightLowerLeg"] = CFrame.new(-1.341104507446289e-07, -0.000060439109802246094, -0.00007203051791293547, 1, -1.2665987014770508e-07, 4.4703494239684005e-08, 8.754432201385498e-08, 0.7522232532501221, 0.6589081287384033, -3.725290298461914e-09, -0.6589083671569824, 0.7522234916687012),
            ["LeftUpperLeg"] = CFrame.new(2.9802322387695312e-08, 2.9546208679676056e-07, 3.3527612686157227e-08, 0.9392910599708557, 0.24652183055877686, -0.23866155743598938, -0.34092503786087036, 0.7491068840026855, -0.5679869055747986, 0.03876178339123726, 0.6148706674575806, 0.7876747846603394),
            ["LeftLowerLeg"] = CFrame.new(-2.9802322387695312e-08, 0.0000603795051574707, 0.00007215142250061035, 1, -2.2351741790771484e-08, 7.450580596923828e-08, -5.587936158235607e-08, 0.530121386051178, 0.8479217886924744, -1.4901162970204496e-08, -0.8479218482971191, 0.5301213264465332),
        }},
        {Time = 0.100, Data = {
            ["RightFoot"] = CFrame.new(9.685754776000977e-08, 2.980232238769531e-07, 3.149762051180005e-08, 0.9145658612251282, 0.24215053021907806, -0.3239331543445587, -0.36118245124816895, 0.8494102954864502, -0.3847713768482208, 0.18197938799858093, 0.46889808773994446, 0.8643022775650024),
            ["LeftLowerArm"] = CFrame.new(-1.1920928955078125e-07, -3.5762786865234375e-07, 5.960464477539063e-08, 1, -1.4901159417490817e-08, 2.086162567138672e-07, 2.0116567611694336e-07, -0.1270943433046341, -0.9918907284736633, 8.195638656616211e-08, 0.9918907284736633, -0.1270942986011505),
            ["RightUpperArm"] = CFrame.new(-5.960464477539063e-08, -1.1920928955078125e-07, 1.4901161193847656e-08, 0.6871894598007202, -0.3147630989551544, 0.6547479033470154, 0.17552193999290466, 0.9464983940124512, 0.2708004117012024, -0.7049558162689209, -0.07116854935884476, 0.7056716084480286),
            ["Head"] = CFrame.new(-1.862645149230957e-08, 2.384185791015625e-07, 7.450580596923828e-08, 0.9396011233329773, -0.03197431191802025, 0.34077486395835876, 0.00409949105232954, 0.9966068863868713, 0.08220669627189636, -0.3422470986843109, -0.07584435492753983, 0.9365439414978027),
            ["RightHand"] = CFrame.new(-1.564621925354004e-07, -5.960464477539063e-08, 2.3096799850463867e-07, 0.9819388389587402, 0.17419956624507904, -0.07382956892251968, -0.15753069519996643, 0.96888667345047, 0.19089989364147186, 0.10478723794221878, -0.17582173645496368, 0.9788291454315186),
            ["UpperTorso"] = CFrame.new(1.862645149230957e-09, 4.76837158203125e-07, -3.725290298461914e-09, 0.9875675439834595, 0.0774187222123146, -0.1368095427751541, -0.07031337916851044, 0.995949923992157, 0.0560339093208313, 0.1405935138463974, -0.04571772739291191, 0.989011287689209),
            ["HumanoidRootPart"] = CFrame.new(0, 0, 0, 1, 0, 0, 0, 1, 0, 0, 0, 1),
            ["RightUpperLeg"] = CFrame.new(0, 2.896413207054138e-07, 2.9613147489726543e-09, 0.9172795414924622, -0.2624075710773468, -0.29956740140914917, 0.21286378800868988, 0.9588088393211365, -0.18808163702487946, 0.33658191561698914, 0.10875626653432846, 0.9353526830673218),
            ["LeftUpperArm"] = CFrame.new(0, -2.384185791015625e-07, 7.450580596923828e-08, 0.8563711643218994, 0.3264700770378113, -0.40005728602409363, -0.16498421132564545, 0.9071493744850159, 0.3871181011199951, 0.48929423093795776, -0.2655136287212372, 0.8307188153266907),
            ["RightLowerArm"] = CFrame.new(0, 9.5367431640625e-07, -5.960464477539063e-08, 1, -2.272427366278862e-07, 1.1175872316471214e-07, 1.1920930376163597e-07, 0.11940452456474304, -0.9928457140922546, 2.79396800806353e-07, 0.9928457736968994, 0.11940447241067886),
            ["LeftHand"] = CFrame.new(-2.9802322387695312e-08, -3.5762786865234375e-07, -3.166496753692627e-07, 0.9455240964889526, -0.31152981519699097, 0.094515860080719, 0.30334264039993286, 0.9484679698944092, 0.09160760045051575, -0.11818377673625946, -0.057946547865867615, 0.991299569606781),
            ["LeftFoot"] = CFrame.new(8.195638656616211e-08, -5.960464477539063e-08, -7.450580596923828e-09, 0.9521892666816711, -0.2722349464893341, 0.1386505514383316, 0.2948784828186035, 0.9376355409622192, -0.18408234417438507, -0.07988996058702469, 0.21616625785827637, 0.9730826616287231),
            ["LowerTorso"] = CFrame.new(-0.16313345730304718, -0.20785903930664062, 0.12080752104520798, 0.9324344992637634, -0.04673388972878456, -0.35830411314964294, 0.052425190806388855, 0.9986057281494141, 0.0061800191178917885, 0.35751572251319885, -0.02454662322998047, 0.933584451675415),
            ["RightLowerLeg"] = CFrame.new(-2.2351741790771484e-07, -0.000060498714447021484, -0.0000721646283636801, 1, -4.470348358154297e-08, -1.4901164746561335e-08, 8.195638656616211e-08, 0.7406793832778931, 0.6718584299087524, -7.078051567077637e-08, -0.6718586683273315, 0.7406796216964722),
            ["LeftUpperLeg"] = CFrame.new(0, 4.129251465201378e-07, 3.5390257835388184e-08, 0.9366941452026367, 0.21873587369918823, -0.27342045307159424, -0.3424077332019806, 0.7354980111122131, -0.5846363306045532, 0.07321923226118088, 0.6412466764450073, 0.7638334631919861),
            ["LeftLowerLeg"] = CFrame.new(-7.450580596923828e-08, 0.000060677528381347656, 0.00007212162017822266, 1, 7.450581485102248e-09, 8.195639367158947e-08, -1.1175873737556685e-07, 0.4523504674434662, 0.8918403387069702, 0, -0.8918403387069702, 0.45235031843185425),
        }},
        {Time = 0.133, Data = {
            ["RightFoot"] = CFrame.new(1.9371509552001953e-07, 4.172325134277344e-07, -5.790934665128589e-08, 0.9034338593482971, 0.24570824205875397, -0.3513331115245819, -0.37706252932548523, 0.8453726768493652, -0.37837618589401245, 0.20403717458248138, 0.4743126630783081, 0.8563858270645142),
            ["LeftLowerArm"] = CFrame.new(-2.086162567138672e-07, -4.172325134277344e-07, 1.4901161193847656e-07, 1, -3.725289943190546e-08, 2.0116567611694336e-07, 2.0861622829215776e-07, -0.0335531122982502, -0.9994369745254517, 5.215405707303944e-08, 0.9994370341300964, -0.033553071320056915),
            ["RightUpperArm"] = CFrame.new(-5.960464477539063e-08, 2.384185791015625e-07, 0, 0.7458646297454834, -0.324494332075119, 0.5817124843597412, 0.17627082765102386, 0.9383351802825928, 0.2974154055118561, -0.6423508524894714, -0.119292713701725, 0.7570698857307434),
            ["Head"] = CFrame.new(-1.862645149230957e-08, 2.384185791015625e-07, -2.9802322387695312e-08, 0.9536727666854858, -0.025156568735837936, 0.2997922897338867, 0.0014009299920871854, 0.9968582987785339, 0.07919327169656754, -0.3008427023887634, -0.07510434091091156, 0.9507119059562683),
            ["RightHand"] = CFrame.new(-3.4924596548080444e-08, 0, 2.2631138563156128e-07, 0.9915270805358887, 0.11958286166191101, -0.05073641240596771, -0.10625699907541275, 0.9713076949119568, 0.21276919543743134, 0.0747242122888565, -0.20557552576065063, 0.975784420967102),
            ["UpperTorso"] = CFrame.new(0, 2.384185791015625e-07, 2.7939677238464355e-09, 0.984969437122345, 0.08791103959083557, -0.1486840844154358, -0.07587885111570358, 0.9935082793235779, 0.08475691825151443, 0.15516991913318634, -0.07220099866390228, 0.9852458238601685),
            ["HumanoidRootPart"] = CFrame.new(0, 0, 0, 1, 0, 0, 0, 1, 0, 0, 0, 1),
            ["RightUpperLeg"] = CFrame.new(-5.960464477539063e-08, 2.3562461137771606e-07, 1.4137185644358397e-08, 0.9103934168815613, -0.2669655382633209, -0.31609079241752625, 0.21670663356781006, 0.9584770202636719, -0.18536467850208282, 0.3524516224861145, 0.10025569796562195, 0.9304442405700684),
            ["LeftUpperArm"] = CFrame.new(0, 0, 0, 0.855549693107605, 0.3304011821746826, -0.3985847532749176, -0.16770856082439423, 0.905239462852478, 0.3904043734073639, 0.4898046851158142, -0.2671642601490021, 0.8298884034156799),
            ["RightLowerArm"] = CFrame.new(0, 7.152557373046875e-07, 1.1920928955078125e-07, 1, -2.2351736106429598e-07, 5.960464477539063e-08, 1.4156104555240745e-07, 0.2967974841594696, -0.9549404978752136, 1.8626454334480513e-07, 0.9549404382705688, 0.2967974543571472),
            ["LeftHand"] = CFrame.new(2.9802322387695312e-08, -4.172325134277344e-07, -2.8312206268310547e-07, 0.9341642260551453, -0.2832152843475342, 0.2170858085155487, 0.2576056718826294, 0.9562059044837952, 0.1389600783586502, -0.24693432450294495, -0.07388880103826523, 0.966211199760437),
            ["LeftFoot"] = CFrame.new(2.9802322387695312e-08, -1.7881393432617188e-07, 1.4901161193847656e-08, 0.950756311416626, -0.2640523612499237, 0.1622929573059082, 0.292019784450531, 0.9386298656463623, -0.18357163667678833, -0.10386043041944504, 0.22192469239234924, 0.9695166349411011),
            ["LowerTorso"] = CFrame.new(-0.19030781090259552, -0.21593093872070312, 0.14818893373012543, 0.9492839574813843, -0.054324086755514145, -0.30969154834747314, 0.05565542355179787, 0.9984397292137146, -0.004541696514934301, 0.3094550371170044, -0.012924651615321636, 0.9508263468742371),
            ["RightLowerLeg"] = CFrame.new(-1.1920928955078125e-07, -0.00006026029586791992, -0.00007203051791293547, 1, -1.1175872316471214e-07, 7.450583439094771e-08, 1.3432874368390912e-07, 0.7284490466117859, 0.6850996613502502, 2.980232594040899e-08, -0.6850999593734741, 0.7284494042396545),
            ["LeftUpperLeg"] = CFrame.new(0, 2.1648156689479947e-07, 3.259629011154175e-08, 0.9341956973075867, 0.1945633888244629, -0.299037903547287, -0.3410612642765045, 0.7329724431037903, -0.588581919670105, 0.10467002540826797, 0.65184086561203, 0.7510976195335388),
            ["LeftLowerLeg"] = CFrame.new(8.940696716308594e-08, 0.000060439109802246094, 0.00007221102714538574, 1, -7.450581485102248e-09, 5.960465188081798e-08, -7.4505820180093e-08, 0.3976922631263733, 0.9175189733505249, 2.980232949312267e-08, -0.9175189137458801, 0.3976922631263733),
        }},
        {Time = 0.167, Data = {
            ["RightFoot"] = CFrame.new(2.2351741790771484e-08, 2.980232238769531e-07, 3.149762051180005e-08, 0.8895846605300903, 0.25128498673439026, -0.3814384937286377, -0.39558127522468567, 0.8413490653038025, -0.3683026134967804, 0.22837381064891815, 0.4785267114639282, 0.8478548526763916),
            ["LeftLowerArm"] = CFrame.new(-2.682209014892578e-07, -5.364418029785156e-07, 0, 1, -8.940698137394065e-08, 1.9371513815258368e-07, 2.086162567138672e-07, 0.04818342626094818, -0.998838484287262, 1.043081283569336e-07, 0.9988385438919067, 0.048183467239141464),
            ["RightUpperArm"] = CFrame.new(0, -2.384185791015625e-07, 0, 0.8025611639022827, -0.3332025110721588, 0.49484512209892273, 0.18538202345371246, 0.9277122616767883, 0.3240116834640503, -0.5670353770256042, -0.16830384731292725, 0.8063156008720398),
            ["Head"] = CFrame.new(-2.0489096641540527e-08, -2.384185791015625e-07, -1.4901161193847656e-08, 0.9652578830718994, -0.019308334216475487, 0.2605849504470825, -0.0015862241853028536, 0.9968148469924927, 0.07973585277795792, -0.26129451394081116, -0.07737889885902405, 0.9621526598930359),
            ["RightHand"] = CFrame.new(-1.2665987014770508e-07, 0, 3.2782554626464844e-07, 0.9968169331550598, 0.07659490406513214, -0.022122304886579514, -0.06913404166698456, 0.9686446785926819, 0.23863786458969116, 0.03970713913440704, -0.23634907603263855, 0.9708566069602966),
            ["UpperTorso"] = CFrame.new(1.862645149230957e-08, 1.4901161193847656e-07, -7.450580596923828e-09, 0.9827330112457275, 0.09720759093761444, -0.15743756294250488, -0.0797310322523117, 0.9903033971786499, 0.11376374959945679, 0.16696962714195251, -0.09924674034118652, 0.9809542894363403),
            ["HumanoidRootPart"] = CFrame.new(0, 0, 0, 1, 0, 0, 0, 1, 0, 0, 0, 1),
            ["RightUpperLeg"] = CFrame.new(5.960464477539063e-08, 1.6877311281859875e-07, 5.75528247281909e-09, 0.9041808247566223, -0.2726244628429413, -0.3288358151912689, 0.2229643315076828, 0.9578652381896973, -0.18105533719062805, 0.36434048414230347, 0.09038802236318588, 0.9268689751625061),
            ["LeftUpperArm"] = CFrame.new(5.960464477539063e-08, 0, -2.9802322387695312e-08, 0.8590552806854248, 0.33417120575904846, -0.3877548277378082, -0.17532548308372498, 0.9037732481956482, 0.39045485854148865, 0.4809211790561676, -0.26743897795677185, 0.834979772567749),
            ["RightLowerArm"] = CFrame.new(-1.7881393432617188e-07, 3.5762786865234375e-07, -1.4901161193847656e-07, 1, -2.0489093799369584e-07, 7.450581307466564e-08, 1.266598843585598e-07, 0.45819514989852905, -0.8888517022132874, 1.6391278734317893e-07, 0.8888515830039978, 0.4581950902938843),
            ["LeftHand"] = CFrame.new(1.4901161193847656e-07, 3.5762786865234375e-07, -5.21540641784668e-07, 0.9061363339424133, -0.2547205984592438, 0.33768951892852783, 0.2040269672870636, 0.9625405669212341, 0.17857424914836884, -0.37052664160728455, -0.0929146409034729, 0.9241629838943481),
            ["LeftFoot"] = CFrame.new(3.725290298461914e-09, -5.960464477539063e-08, 0, 0.94999760389328, -0.25102466344833374, 0.1857186108827591, 0.2874833941459656, 0.935286283493042, -0.2063804417848587, -0.12189345061779022, 0.2494519203901291, 0.9606850743293762),
            ["LowerTorso"] = CFrame.new(-0.2207154929637909, -0.22450828552246094, 0.175665944814682, 0.9638180732727051, -0.061286989599466324, -0.25941982865333557, 0.05908183380961418, 0.998120129108429, -0.016296517103910446, 0.25993087887763977, 0.0003798786783590913, 0.9656272530555725),
            ["RightLowerLeg"] = CFrame.new(-5.960464477539063e-08, -0.00006031990051269531, -0.0000721646283636801, 1, -6.705522537231445e-08, 2.980233304583635e-08, 1.4528632164001465e-07, 0.7172338962554932, 0.6968323588371277, -2.60770320892334e-08, -0.696832537651062, 0.7172341346740723),
            ["LeftUpperLeg"] = CFrame.new(2.9802322387695312e-08, 2.05713149625808e-07, 3.725290298461914e-08, 0.9328426122665405, 0.1791665256023407, -0.3125764727592468, -0.33724913001060486, 0.7394769191741943, -0.582612156867981, 0.12675851583480835, 0.6489017009735107, 0.7502392530441284),
            ["LeftLowerLeg"] = CFrame.new(4.470348358154297e-08, 0.000060617923736572266, 0.00007203221321105957, 1, 5.960465188081798e-08, 1.1920930376163597e-07, -1.0058285937475375e-07, 0.3513557016849518, 0.9362421035766602, 5.960465898624534e-08, -0.9362421035766602, 0.35135558247566223),
        }},
        {Time = 0.200, Data = {
            ["RightFoot"] = CFrame.new(2.9802322387695312e-08, 2.980232238769531e-07, -5.790934665128589e-08, 0.8728349804878235, 0.2583286464214325, -0.4140357971191406, -0.41625574231147766, 0.8369455337524414, -0.35532107949256897, 0.2547355890274048, 0.48248186707496643, 0.838046133518219),
            ["LeftLowerArm"] = CFrame.new(-3.2782554626464844e-07, -8.940696716308594e-07, 2.086162567138672e-07, 1, -1.4156104555240745e-07, 1.49011640360186e-07, 1.9371509552001953e-07, 0.12184574455022812, -0.9925490617752075, 4.470348358154297e-08, 0.9925490617752075, 0.12184576690196991),
            ["RightUpperArm"] = CFrame.new(0, -1.1920928955078125e-07, 5.960464477539063e-08, 0.8435351848602295, -0.36404451727867126, 0.3948671817779541, 0.21786437928676605, 0.9039512276649475, 0.3679773807525635, -0.49090075492858887, -0.22437435388565063, 0.8418270349502563),
            ["Head"] = CFrame.new(-2.7939677238464355e-08, -1.1920928955078125e-07, 0, 0.9738161563873291, -0.016810273751616478, 0.2267148345708847, -0.002764761680737138, 0.9963129758834839, 0.08574952185153961, -0.22732043266296387, -0.0841309130191803, 0.9701791405677795),
            ["RightHand"] = CFrame.new(0, -4.172325134277344e-07, 8.940696716308594e-08, 0.9986417293548584, 0.049708109349012375, 0.015614546835422516, -0.052079763263463974, 0.9612343907356262, 0.2707692086696625, -0.0015498439315706491, -0.2712149918079376, 0.9625177383422852),
            ["UpperTorso"] = CFrame.new(0, 5.960464477539063e-08, -2.2351741790771484e-08, 0.9814706444740295, 0.10438273847103119, -0.16068530082702637, -0.08207909762859344, 0.986788272857666, 0.13968561589717865, 0.17314302921295166, -0.12390843033790588, 0.9770712852478027),
            ["HumanoidRootPart"] = CFrame.new(0, 0, 0, 1, 0, 0, 0, 1, 0, 0, 0, 1),
            ["RightUpperLeg"] = CFrame.new(0, 1.7229467630386353e-08, -1.6952981241047382e-09, 0.9002684354782104, -0.2792111337184906, -0.3340032398700714, 0.23189935088157654, 0.9568943381309509, -0.17486031353473663, 0.36842867732048035, 0.07996595650911331, 0.9262104034423828),
            ["LeftUpperArm"] = CFrame.new(5.960464477539063e-08, -2.384185791015625e-07, 0, 0.8696569800376892, 0.33364197611808777, -0.3638404309749603, -0.18827596306800842, 0.9054902791976929, 0.38031524419784546, 0.4563431441783905, -0.2622414529323578, 0.850282609462738),
            ["RightLowerArm"] = CFrame.new(-5.960464477539063e-08, 7.748603820800781e-07, 6.705522537231445e-08, 1, -1.8626448650138627e-07, 4.4703490686970326e-08, 1.4901162614933128e-07, 0.5711877942085266, -0.8208195567131042, 1.564622067462551e-07, 0.8208194375038147, 0.5711877346038818),
            ["LeftHand"] = CFrame.new(0, -1.7881393432617188e-07, -4.172325134277344e-07, 0.8593552112579346, -0.24104765057563782, 0.45100387930870056, 0.16343605518341064, 0.9651424884796143, 0.20442315936088562, -0.48455896973609924, -0.10196147114038467, 0.868796169757843),
            ["LeftFoot"] = CFrame.new(-1.7881393432617188e-07, -5.960464477539063e-08, 1.1175870895385742e-08, 0.9495345950126648, -0.23713570833206177, 0.2053069919347763, 0.28480562567710876, 0.9260601997375488, -0.24758519232273102, -0.1314152628183365, 0.29356318712234497, 0.9468635320663452),
            ["LowerTorso"] = CFrame.new(-0.2523159384727478, -0.23278307914733887, 0.19977258145809174, 0.9746589064598083, -0.06637708842754364, -0.21362142264842987, 0.06168719008564949, 0.997687041759491, -0.028553277254104614, 0.21502260863780975, 0.014651999808847904, 0.9764991402626038),
            ["RightLowerLeg"] = CFrame.new(-1.341104507446289e-07, -0.00006031990051269531, -0.0000721348260412924, 1, -5.960465898624534e-08, -7.450583439094771e-08, 1.0244548320770264e-07, 0.7079740166664124, 0.7062382698059082, -1.4901161193847656e-08, -0.7062385678291321, 0.7079742550849915),
            ["LeftUpperLeg"] = CFrame.new(0, 9.12696123123169e-08, -3.725290298461914e-09, 0.9337711334228516, 0.17807278037071228, -0.31042182445526123, -0.3322429656982422, 0.7537027597427368, -0.5670509338378906, 0.1329893320798874, 0.6326311826705933, 0.7629493474960327),
            ["LeftLowerLeg"] = CFrame.new(-1.341104507446289e-07, 0.000060677528381347656, 0.00007212162017822266, 1, 1.4901161193847656e-08, 5.960464477539063e-08, -8.009374852235851e-08, 0.3192291855812073, 0.9476775527000427, 1.0430814256778831e-07, -0.9476776123046875, 0.3192291557788849),
        }},
        {Time = 0.233, Data = {
            ["RightFoot"] = CFrame.new(-7.450580596923828e-09, 3.5762786865234375e-07, -1.3205863069742918e-08, 0.8548163175582886, 0.26664406061172485, -0.4451855719089508, -0.43696990609169006, 0.832594096660614, -0.34035876393318176, 0.2799040377140045, 0.4854772686958313, 0.8282305002212524),
            ["LeftLowerArm"] = CFrame.new(-1.7881393432617188e-07, -5.364418029785156e-07, 2.682209014892578e-07, 1, -1.3411042232291948e-07, 1.341104507446289e-07, 1.7881390590446244e-07, 0.19818896055221558, -0.9801638722419739, 9.685753354915505e-08, 0.9801638126373291, 0.19818909466266632),
            ["RightUpperArm"] = CFrame.new(0, -2.384185791015625e-07, 0, 0.8686870336532593, -0.3934795558452606, 0.3009263873100281, 0.253743052482605, 0.87519371509552, 0.4118865132331848, -0.4254378378391266, -0.2814424932003021, 0.8601121306419373),
            ["Head"] = CFrame.new(2.421438694000244e-08, -2.384185791015625e-07, -3.725290298461914e-08, 0.9782976508140564, -0.01806311309337616, 0.20641611516475677, -0.0020786563400179148, 0.9952873587608337, 0.09694772958755493, -0.20719461143016815, -0.09527265280485153, 0.9736496806144714),
            ["RightHand"] = CFrame.new(-1.564621925354004e-07, -5.960464477539063e-08, 2.384185791015625e-07, 0.9973635077476501, 0.0349881649017334, 0.06357521563768387, -0.05259094387292862, 0.9521642327308655, 0.3010270297527313, -0.0500015951693058, -0.30357715487480164, 0.9514941573143005),
            ["UpperTorso"] = CFrame.new(2.2351741790771484e-08, 2.384185791015625e-07, 7.450580596923828e-09, 0.982006847858429, 0.10760746151208878, -0.15518783032894135, -0.08267351984977722, 0.9838067889213562, 0.15902656316757202, 0.16978725790977478, -0.1433352380990982, 0.9750012755393982),
            ["HumanoidRootPart"] = CFrame.new(0, 0, 0, 1, 0, 0, 0, 1, 0, 0, 0, 1),
            ["RightUpperLeg"] = CFrame.new(0, -1.6763806343078613e-08, 1.3205863069742918e-08, 0.9000007510185242, -0.28698083758354187, -0.3280864655971527, 0.2437054067850113, 0.9553420543670654, -0.16712026298046112, 0.361395001411438, 0.07045182585716248, 0.9297472834587097),
            ["LeftUpperArm"] = CFrame.new(-1.1920928955078125e-07, -2.384185791015625e-07, -4.470348358154297e-08, 0.8902122974395752, 0.3271123468875885, -0.31704840064048767, -0.20843671262264252, 0.9113308191299438, 0.3550075590610504, 0.40506309270858765, -0.24994763731956482, 0.8794601559638977),
            ["RightLowerArm"] = CFrame.new(-1.1920928955078125e-07, 8.344650268554688e-07, 4.842877388000488e-08, 1, -2.1234151859061967e-07, 2.980232594040899e-08, 1.3783575525394554e-07, 0.6209582686424255, -0.7838436365127563, 1.4714898100010032e-07, 0.7838436961174011, 0.6209582686424255),
            ["LeftHand"] = CFrame.new(-1.1920928955078125e-07, 5.960464477539063e-08, -2.682209014892578e-07, 0.7966130971908569, -0.23484110832214355, 0.5570074319839478, 0.12676024436950684, 0.9658609628677368, 0.22593069076538086, -0.5910494923591614, -0.10937288403511047, 0.7991859316825867),
            ["LeftFoot"] = CFrame.new(3.91155481338501e-08, 0, 7.450580596923828e-08, 0.949015200138092, -0.2250491976737976, 0.2207331359386444, 0.28484416007995605, 0.9121641516685486, -0.2946529686450958, -0.13503338396549225, 0.34250473976135254, 0.9297615885734558),
            ["LowerTorso"] = CFrame.new(-0.2830827832221985, -0.23994779586791992, 0.21706674993038177, 0.9815359115600586, -0.0683516189455986, -0.17864912748336792, 0.06198400631546974, 0.997235119342804, -0.04099157080054283, 0.18095700442790985, 0.02916130982339382, 0.9830586910247803),
            ["RightLowerLeg"] = CFrame.new(-1.4901161193847656e-07, -0.000060498714447021484, -0.0000721348260412924, 1, -1.0430811414607888e-07, -2.980232949312267e-08, 1.3597308168300515e-07, 0.7005051374435425, 0.713647186756134, -7.4505797087454084e-09, -0.7136473655700684, 0.7005054354667664),
            ["LeftUpperLeg"] = CFrame.new(0, 1.1548399925231934e-07, 2.2351741790771484e-08, 0.9374575018882751, 0.1900152713060379, -0.29166364669799805, -0.3258800804615021, 0.7736162543296814, -0.543433666229248, 0.12237496674060822, 0.6044933199882507, 0.787154495716095),
            ["LeftLowerLeg"] = CFrame.new(2.9802322387695312e-08, 0.000060558319091796875, 0.00007221102714538574, 1, 0, 1.1175872316471214e-07, -1.0430815677864302e-07, 0.3012669086456299, 0.9535399079322815, 4.4703494239684005e-08, -0.9535398483276367, 0.3012669086456299),
        }},
        {Time = 0.267, Data = {
            ["RightFoot"] = CFrame.new(3.725290298461914e-08, 4.172325134277344e-07, -5.790934665128589e-08, 0.8296931385993958, 0.2761791944503784, -0.4851132035255432, -0.46311813592910767, 0.8257458806037903, -0.32197025418281555, 0.311658650636673, 0.49180155992507935, 0.813019335269928),
            ["LeftLowerArm"] = CFrame.new(1.1920928955078125e-07, -4.172325134277344e-07, -5.960464477539063e-08, 1, -7.450579886381092e-08, 1.4901161193847656e-07, 1.862645149230957e-07, 0.27271029353141785, -0.9620962142944336, 2.2351741790771484e-08, 0.9620962142944336, 0.27271029353141785),
            ["RightUpperArm"] = CFrame.new(-5.960464477539063e-08, -5.960464477539062e-07, 0, 0.8870487809181213, -0.4074099659919739, 0.21716751158237457, 0.280267596244812, 0.848997175693512, 0.4479442238807678, -0.3668714761734009, -0.3364832401275635, 0.8672856092453003),
            ["Head"] = CFrame.new(1.862645149230957e-09, -1.1920928955078125e-07, -7.450580596923828e-09, 0.9813637733459473, -0.02452312782406807, 0.19058817625045776, 0.0009619510965421796, 0.9924378991127014, 0.12274463474750519, -0.19215701520442963, -0.12027361989021301, 0.9739660620689392),
            ["RightHand"] = CFrame.new(-1.6391277313232422e-07, -5.960464477539063e-08, 2.3096799850463867e-07, 0.993025541305542, 0.020431429147720337, 0.11611562222242355, -0.05786728858947754, 0.9425424337387085, 0.3290363848209381, -0.10272127389907837, -0.33346104621887207, 0.9371511936187744),
            ["UpperTorso"] = CFrame.new(4.470348358154297e-08, 8.940696716308594e-08, -7.450580596923828e-09, 0.9838205575942993, 0.10808294266462326, -0.14288215339183807, -0.08256347477436066, 0.9813109636306763, 0.1738167703151703, 0.15899837017059326, -0.15920765697956085, 0.974357545375824),
            ["HumanoidRootPart"] = CFrame.new(0, 0, 0, 1, 0, 0, 0, 1, 0, 0, 0, 1),
            ["RightUpperLeg"] = CFrame.new(0, 1.0523945093154907e-07, -2.032174961641431e-08, 0.9050448536872864, -0.29809078574180603, -0.303373783826828, 0.26097384095191956, 0.9524434208869934, -0.15730303525924683, 0.3358369469642639, 0.06319356709718704, 0.9397979378700256),
            ["LeftUpperArm"] = CFrame.new(5.960464477539063e-08, -2.384185791015625e-07, -1.4901161193847656e-08, 0.9222838878631592, 0.30979859828948975, -0.23112213611602783, -0.2351212501525879, 0.924287736415863, 0.30068308115005493, 0.3067745268344879, -0.22297340631484985, 0.925295889377594),
            ["RightLowerArm"] = CFrame.new(0, 5.960464477539062e-07, -1.2665987014770508e-07, 1, -1.899897767998482e-07, 3.725290298461914e-08, 1.3411046495548362e-07, 0.6265643239021301, -0.7793697118759155, 1.4156104555240745e-07, 0.7793697714805603, 0.6265643239021301),
            ["LeftHand"] = CFrame.new(-5.960464477539063e-08, -1.1920928955078125e-07, 2.9802322387695312e-08, 0.7190828323364258, -0.22634373605251312, 0.6570301055908203, 0.0864330306649208, 0.9672590494155884, 0.23862002789974213, -0.6895283460617065, -0.1147984117269516, 0.7151027917861938),
            ["LeftFoot"] = CFrame.new(-4.0978193283081055e-08, -5.960464477539063e-08, 3.725290298461914e-08, 0.9287519454956055, -0.2327134758234024, 0.28855592012405396, 0.32738324999809265, 0.8800562024116516, -0.3439786434173584, -0.1738968938589096, 0.4139390289783478, 0.8935403227806091),
            ["LowerTorso"] = CFrame.new(-0.3159765601158142, -0.24624419212341309, 0.22886905074119568, 0.9863929748535156, -0.06381341814994812, -0.15151485800743103, 0.056014783680438995, 0.996903121471405, -0.05519716441631317, 0.15456794202327728, 0.045959025621414185, 0.9869126081466675),
            ["RightLowerLeg"] = CFrame.new(-7.450580596923828e-08, -0.0000603795051574707, -0.0000721348260412924, 1, -1.266598843585598e-07, 0, 9.499490261077881e-08, 0.6916521191596985, 0.7222305536270142, -5.960464477539063e-08, -0.7222307920455933, 0.6916524767875671),
