return {
    ["Air Shredder"] = {
        {Time = 0.000, Data = {
            ["LeftFoot"] = CFrame.new(1.862645149230957e-08, 0, -4.0978193283081055e-08, 0.9881355166435242, -0.132676362991333, -0.07736379653215408, 0.13822528719902039, 0.9878233671188354, 0.07140785455703735, 0.06694793701171875, -0.08125384151935577, 0.9944424629211426),
            ["LeftLowerArm"] = CFrame.new(-0.00048553943634033203, -0.0000978708267211914, -9.5367431640625e-07, 1, 1.4342361964736483e-07, 1.4901157641133977e-08, -5.21540464148984e-08, 0.3004860281944275, -0.9537862539291382, -1.1548395661975519e-07, 0.9537862539291382, 0.3004860281944275),
            ["LowerTorso"] = CFrame.new(-0.1521977186203003, -0.3858215808868408, 0.11234249919652939, 0.9973035454750061, -0.07330964505672455, -0.003369471523910761, 0.06893397122621536, 0.920049786567688, 0.3856896162033081, -0.025174688547849655, -0.3848818838596344, 0.9226224422454834),
            ["Head"] = CFrame.new(-1.6391277313232422e-07, -4.76837158203125e-07, -1.1920928955078125e-07, 0.9550574421882629, 0.057905420660972595, 0.290709912776947, 0.14585641026496887, 0.7619866132736206, -0.6309534311294556, -0.2580527663230896, 0.6449986696243286, 0.7192951440811157),
            ["RightUpperArm"] = CFrame.new(0.008115291595458984, -0.023646950721740723, 7.450580596923828e-08, 0.8688017725944519, -0.18970192968845367, 0.4574032723903656, 0.2336900532245636, 0.971444845199585, -0.04099498316645622, -0.43654611706733704, 0.1425069272518158, 0.888313889503479),
            ["UpperTorso"] = CFrame.new(1.3969838619232178e-09, 6.258487701416016e-07, -3.480818122625351e-08, 0.9648828506469727, 0.012793106958270073, 0.26236870884895325, -0.046771805733442307, 0.9912198781967163, 0.1236753836274147, -0.25848284363746643, -0.13160371780395508, 0.9570095539093018),
            ["HumanoidRootPart"] = CFrame.new(0, 0, 0, 1, 0, 0, 0, 1, 0, 0, 0, 1),
            ["RightHand"] = CFrame.new(5.960464477539063e-08, -1.1920928955078125e-07, -2.086162567138672e-07, 0.8967674970626831, 0.06630425155162811, -0.43750637769699097, -0.20243433117866516, 0.9406543374061584, -0.2723780870437622, 0.39348238706588745, 0.33282607793807983, 0.8569704294204712),
            ["LeftUpperArm"] = CFrame.new(-0.008115530014038086, -0.023646950721740723, 1.1920928955078125e-07, 0.8892039656639099, -0.024401282891631126, 0.45688149333000183, 0.37318727374076843, 0.6163452863693237, -0.6934242248535156, -0.26466497778892517, 0.7870978713035583, 0.5571553707122803),
            ["RightLowerArm"] = CFrame.new(-0.000013977289199829102, 7.152557373046875e-07, 4.172325134277344e-07, 1, -2.1606686573250045e-07, 2.421439226907296e-08, 1.5646223516796454e-07, 0.7947774529457092, -0.6069009900093079, 2.421439262434433e-07, 0.6069009900093079, 0.7947774529457092),
            ["LeftHand"] = CFrame.new(6.854534149169922e-07, 0.0000997781753540039, -4.917383193969727e-07, 0.21842743456363678, -0.26087498664855957, 0.9403370022773743, 0.8239437341690063, 0.5656221508979797, -0.034471917897462845, -0.5228825807571411, 0.7823144197463989, 0.3384937345981598),
            ["RightUpperLeg"] = CFrame.new(0, -4.284083843231201e-07, 1.0622170520946383e-07, 0.7247720956802368, -0.6396559476852417, -0.25601905584335327, 0.2495577037334442, 0.5900769233703613, -0.7678087949752808, 0.6422044038772583, 0.4925946295261383, 0.5873023271560669),
            ["LeftUpperLeg"] = CFrame.new(-2.384185791015625e-07, -8.568167686462402e-08, 1.4202669262886047e-07, 0.8951524496078491, 0.4447118639945984, 0.03055196814239025, -0.028796402737498283, 0.1260872334241867, -0.9916011691093445, -0.4448291063308716, 0.8867544531822205, 0.12567327916622162),
            ["RightLowerLeg"] = CFrame.new(1.4156103134155273e-07, -0.0000036954879760742188, -0.000013267788744997233, 1, -1.937150670983101e-07, -1.4901168299275014e-08, 2.011657045386528e-07, 0.558824360370636, 0.8292855620384216, -1.6391278734317893e-07, -0.8292860388755798, 0.5588251948356628),
            ["RightFoot"] = CFrame.new(-2.9802322387695312e-08, 3.5762786865234375e-07, 9.145878721028566e-09, 0.9610387086868286, 0.2633189558982849, 0.08407003432512283, -0.2480507344007492, 0.9557698965072632, -0.15803338587284088, -0.12196509540081024, 0.13102328777313232, 0.9838484525680542),
            ["LeftLowerLeg"] = CFrame.new(-7.450580596923828e-08, 0.000003814697265625, 0.000013336539268493652, 1, 3.166496753692627e-08, -4.936010356004772e-08, 0, 0.5714840292930603, 0.820612907409668, -9.685754776000977e-08, -0.8206132650375366, 0.5714844465255737),
        }},
        {Time = 0.033, Data = {
            ["LeftFoot"] = CFrame.new(-3.725290298461914e-09, -1.1920928955078125e-07, -2.60770320892334e-08, 0.989901602268219, -0.12044176459312439, -0.0747566819190979, 0.12389881908893585, 0.9913429021835327, 0.04345643147826195, 0.068875752389431, -0.052279770374298096, 0.996254563331604),
            ["LeftLowerArm"] = CFrame.new(-0.0004852116107940674, -0.00009888410568237305, -0.0000013113021850585938, 1, 6.798650531436579e-08, -2.6077019654735523e-08, -4.4703469370688254e-08, 0.3841979503631592, -0.9232507944107056, -3.352760202801619e-08, 0.9232507348060608, 0.38419800996780396),
            ["LowerTorso"] = CFrame.new(-0.1743660718202591, -0.4341583251953125, 0.1283620297908783, 0.9946847558021545, -0.10234849154949188, -0.011270076967775822, 0.0985371321439743, 0.9144116044044495, 0.39260900020599365, -0.029877448454499245, -0.39163273572921753, 0.9196364283561707),
            ["Head"] = CFrame.new(-1.7881393432617188e-07, -3.5762786865234375e-07, 7.450580596923828e-08, 0.9744474291801453, -0.007153273560106754, 0.22450211644172668, 0.05245184153318405, 0.979106068611145, -0.19646909832954407, -0.21840597689151764, 0.20322440564632416, 0.9544625282287598),
            ["RightUpperArm"] = CFrame.new(0.008115172386169434, -0.023646950721740723, 1.4901161193847656e-07, 0.8226051330566406, -0.2110399305820465, 0.5280231237411499, 0.2702596187591553, 0.9620924592018127, -0.03651845082640648, -0.5002804398536682, 0.17274360358715057, 0.848444402217865),
            ["UpperTorso"] = CFrame.new(-4.0745362639427185e-10, 3.5762786865234375e-07, -8.917413651943207e-08, 0.9641128182411194, 0.016670359298586845, 0.26496919989585876, -0.07022804021835327, 0.9784905910491943, 0.19396963715553284, -0.25603631138801575, -0.2056168168783188, 0.9445460438728333),
            ["HumanoidRootPart"] = CFrame.new(0, 0, 0, 1, 0, 0, 0, 1, 0, 0, 0, 1),
            ["RightHand"] = CFrame.new(-8.940696716308594e-08, -2.980232238769531e-07, -1.341104507446289e-07, 0.8330571055412292, -0.43342119455337524, -0.3437468111515045, 0.3932683765888214, 0.9010259509086609, -0.1830088198184967, 0.38904470205307007, 0.01727205514907837, 0.9210569858551025),
            ["LeftUpperArm"] = CFrame.new(-0.008115410804748535, -0.023647308349609375, 2.682209014892578e-07, 0.9037237763404846, -0.02036440372467041, 0.4276527762413025, 0.38171815872192383, 0.4905909299850464, -0.7833250164985657, -0.1938420683145523, 0.8711519837379456, 0.4511265754699707),
            ["RightLowerArm"] = CFrame.new(-0.000014156103134155273, 9.5367431640625e-07, 4.76837158203125e-07, 1, -2.1606689415420988e-07, -1.0617080903330134e-07, 1.4156104555240745e-07, 0.8599709272384644, -0.510343074798584, 1.788139627478813e-07, 0.5103431344032288, 0.8599709868431091),
            ["LeftHand"] = CFrame.new(4.172325134277344e-07, 0.00009965896606445312, -5.364418029785156e-07, 0.21634763479232788, -0.2629741430282593, 0.9402331709861755, 0.8288106918334961, 0.5584636926651001, -0.03451243042945862, -0.5160102248191833, 0.7867419719696045, 0.3387780785560608),
            ["RightUpperLeg"] = CFrame.new(1.1920928955078125e-07, -5.066394805908203e-07, 1.1495285434648395e-07, 0.7229036688804626, -0.6401641368865967, -0.26000064611434937, 0.23201467096805573, 0.5793490409851074, -0.781360387802124, 0.6508299112319946, 0.5045242309570312, 0.5673408508300781),
            ["LeftUpperLeg"] = CFrame.new(-2.980232238769531e-07, -3.129243850708008e-07, 5.587935447692871e-09, 0.8945500254631042, 0.4459034204483032, -0.030829425901174545, -0.041074030101299286, 0.013326349668204784, -0.9990673065185547, -0.44507676362991333, 0.894981861114502, 0.030235979706048965),
            ["RightLowerLeg"] = CFrame.new(-5.960464477539063e-08, -0.0000037550926208496094, -0.000013372096873354167, 1, -1.49011640360186e-07, 5.960465898624534e-08, 1.86264600188224e-07, 0.5366945266723633, 0.8437764644622803, -4.470350489782504e-08, -0.8437765836715698, 0.5366947054862976),
            ["RightFoot"] = CFrame.new(2.2351741790771484e-07, 4.172325134277344e-07, -1.3205863069742918e-08, 0.9552426338195801, 0.2830013334751129, 0.08615102618932724, -0.26385563611984253, 0.9467647075653076, -0.18443663418293, -0.13376061618328094, 0.1534503847360611, 0.9790614247322083),
            ["LeftLowerLeg"] = CFrame.new(2.9802322387695312e-08, 0.000003933906555175781, 0.000013388693332672119, 1, 2.6961782850776217e-07, 1.206063018344139e-07, -2.086162567138672e-07, 0.4673079252243042, 0.8840944170951843, 9.685754776000977e-08, -0.8840946555137634, 0.4673084616661072),
        }},
        {Time = 0.067, Data = {
            ["LeftFoot"] = CFrame.new(-6.332993507385254e-08, 5.960464477539063e-08, -2.0489096641540527e-08, 0.9916867017745972, -0.10757925361394882, -0.07059858739376068, 0.10997816920280457, 0.9934501051902771, 0.03101094625890255, 0.06680024415254593, -0.03851740434765816, 0.9970226287841797),
            ["LeftLowerArm"] = CFrame.new(-0.00048542022705078125, -0.00009846687316894531, -8.344650268554688e-07, 1, 3.8184204242952546e-08, 2.9802308176840597e-08, -4.4703469370688254e-08, 0.45782357454299927, -0.8890430927276611, -8.940693874137651e-08, 0.8890430331230164, 0.45782360434532166),
            ["LowerTorso"] = CFrame.new(-0.19501221179962158, -0.47206687927246094, 0.1461632400751114, 0.9918736815452576, -0.12613673508167267, -0.01662333868443966, 0.12288069725036621, 0.9159126877784729, 0.3821050226688385, -0.032971952110528946, -0.38104256987571716, 0.9239693880081177),
            ["Head"] = CFrame.new(-1.1920928955078125e-07, -3.5762786865234375e-07, -9.685754776000977e-08, 0.9855979681015015, -0.031880468130111694, 0.1660732477903366, 0.024317480623722076, 0.9985811114311218, 0.047376424074172974, -0.1673479676246643, -0.042655568569898605, 0.9849746823310852),
            ["RightUpperArm"] = CFrame.new(0.008115291595458984, -0.023646831512451172, -5.960464477539063e-08, 0.7628803253173828, -0.2762109935283661, 0.5845948457717896, 0.33067432045936584, 0.943632960319519, 0.0143201295286417, -0.5555791854858398, 0.18238531053066254, 0.8111989498138428),
            ["UpperTorso"] = CFrame.new(-1.979060471057892e-09, 4.76837158203125e-07, 5.029141902923584e-08, 0.9650121927261353, 0.01572338119149208, 0.26173314452171326, -0.09316808730363846, 0.9536225199699402, 0.28622347116470337, -0.2450942099094391, -0.3005942702293396, 0.9217222929000854),
            ["HumanoidRootPart"] = CFrame.new(0, 0, 0, 1, 0, 0, 0, 1, 0, 0, 0, 1),
            ["RightHand"] = CFrame.new(1.4901161193847656e-07, -2.980232238769531e-07, 5.21540641784668e-08, 0.8531176447868347, -0.2173154652118683, -0.47430408000946045, 0.1252189725637436, 0.9678345322608948, -0.2182120978832245, 0.5064687728881836, 0.12676875293254852, 0.8528886437416077),
            ["LeftUpperArm"] = CFrame.new(-0.008115291595458984, -0.023647308349609375, -8.940696716308594e-08, 0.9227059483528137, 0.0021541747264564037, 0.385518878698349, 0.361240416765213, 0.3443325459957123, -0.8665602803230286, -0.13460710644721985, 0.9388452768325806, 0.31693628430366516),
            ["RightLowerArm"] = CFrame.new(-0.000014066696166992188, 0.0000010728836059570312, 4.172325134277344e-07, 1, -2.5704508743729093e-07, -6.891787762697277e-08, 1.7881399116959074e-07, 0.8041046857833862, -0.594487726688385, 1.6391282997574308e-07, 0.5944876670837402, 0.8041046857833862),
            ["LeftHand"] = CFrame.new(6.854534149169922e-07, 0.00009948015213012695, -7.301568984985352e-07, 0.2061699479818344, -0.2398720681667328, 0.9486597776412964, 0.7824530601501465, 0.6225814819335938, -0.012626780197024345, -0.5875891447067261, 0.7448850274085999, 0.3160461187362671),
            ["RightUpperLeg"] = CFrame.new(1.7881393432617188e-07, -3.3155083656311035e-07, 1.375374267809093e-07, 0.720740795135498, -0.6401166319847107, -0.26605117321014404, 0.22689427435398102, 0.5804986953735352, -0.7820104956626892, 0.6550204753875732, 0.503261387348175, 0.5636277794837952),
            ["LeftUpperLeg"] = CFrame.new(-2.384185791015625e-07, -8.940696716308594e-08, 1.4808028936386108e-07, 0.89497309923172, 0.43950679898262024, -0.07653017342090607, -0.057047564536333084, -0.057389501482248306, -0.9967206716537476, -0.4424576461315155, 0.8964041471481323, -0.02628924325108528),
            ["RightLowerLeg"] = CFrame.new(1.4528632164001465e-07, -0.0000035762786865234375, -0.000013334843970369548, 1, -2.235174747511337e-07, -2.6822095833267667e-07, 3.427266221933678e-07, 0.5261150598526001, 0.8504133224487305, -2.607702640489151e-07, -0.8504133820533752, 0.5261151194572449),
            ["RightFoot"] = CFrame.new(2.086162567138672e-07, 2.980232238769531e-07, 3.149762051180005e-08, 0.9503475427627563, 0.29870590567588806, 0.08725892007350922, -0.27674710750579834, 0.9394804239273071, -0.2019600123167038, -0.14230488240718842, 0.1677837371826172, 0.9754988551139832),
            ["LeftLowerLeg"] = CFrame.new(0, 0.0000040531158447265625, 0.000013295561075210571, 1, 3.9592856637682416e-07, 2.1792958193600498e-07, -3.3900150242516247e-07, 0.3917240798473358, 0.920082688331604, 1.8253926725719793e-07, -0.9200828075408936, 0.3917244076728821),
        }},
        {Time = 0.100, Data = {
            ["LeftFoot"] = CFrame.new(-6.705522537231445e-08, 5.960464477539063e-08, 4.0978193283081055e-08, 0.9933547377586365, -0.09493879228830338, -0.06506232172250748, 0.09695199131965637, 0.9948806166648865, 0.02851102314889431, 0.06202264875173569, -0.03462982177734375, 0.9974738359451294),
            ["LeftLowerArm"] = CFrame.new(-0.00048533082008361816, -0.00009846687316894531, -0.0000011920928955078125, 1, 4.656610741449185e-08, 1.4901157641133977e-08, -5.960463766996327e-08, 0.511451780796051, -0.8593120574951172, -8.195637946073475e-08, 0.8593119978904724, 0.5114518404006958),
            ["LowerTorso"] = CFrame.new(-0.2135971188545227, -0.49820518493652344, 0.16365806758403778, 0.9896278381347656, -0.14245395362377167, -0.01853668875992298, 0.13937395811080933, 0.9208434224128723, 0.3641734719276428, -0.034808557480573654, -0.3629797399044037, 0.9311466813087463),
            ["Head"] = CFrame.new(-1.6391277313232422e-07, -5.960464477539062e-07, -1.9371509552001953e-07, 0.9930241703987122, -0.03086337260901928, 0.11380012333393097, 0.030761949717998505, 0.9995232820510864, 0.0026475160848349333, -0.11382754147052765, 0.0008716211887076497, 0.9935002326965332),
            ["RightUpperArm"] = CFrame.new(0.008115291595458984, -0.023647069931030273, -5.960464477539063e-08, 0.716240406036377, -0.3030674159526825, 0.6286347508430481, 0.3660375475883484, 0.9300684928894043, 0.03133425489068031, -0.5941516757011414, 0.20766018331050873, 0.7770691514015198),
            ["UpperTorso"] = CFrame.new(4.220055416226387e-08, 6.258487701416016e-07, 2.8870999813079834e-08, 0.9645122289657593, -0.013379924930632114, 0.2636992335319519, -0.09174755960702896, 0.9195001721382141, 0.3822327256202698, -0.24758575856685638, -0.39286181330680847, 0.8856415748596191),
            ["HumanoidRootPart"] = CFrame.new(0, 0, 0, 1, 0, 0, 0, 1, 0, 0, 0, 1),
            ["RightHand"] = CFrame.new(1.4901161193847656e-07, -3.5762786865234375e-07, 2.1420419216156006e-08, 0.7109578251838684, 0.22321027517318726, -0.6668704748153687, -0.4422597289085388, 0.8792045712471008, -0.1772167682647705, 0.5467588901519775, 0.4209236204624176, 0.7237942218780518),
            ["LeftUpperArm"] = CFrame.new(-0.008115530014038086, -0.023647308349609375, 5.960464477539063e-08, 0.9451285004615784, 0.017159640789031982, 0.3262662887573242, 0.3160440921783447, 0.2049311250448227, -0.9263411164283752, -0.08275376260280609, 0.978626012802124, 0.18826168775558472),
            ["RightLowerArm"] = CFrame.new(-0.00001424551010131836, 5.960464477539062e-07, 1.4901161193847656e-07, 1, -1.937151665742931e-07, -2.2351741790771484e-08, 1.49011640360186e-07, 0.7749143838882446, -0.6320662498474121, 1.6391281576488836e-07, 0.6320663094520569, 0.7749143242835999),
            ["LeftHand"] = CFrame.new(4.76837158203125e-07, 0.00009965896606445312, -5.289912223815918e-07, 0.1850622296333313, -0.19951602816581726, 0.9622606039047241, 0.6809026002883911, 0.732077419757843, 0.020838109776377678, -0.7086069583892822, 0.6513494253158569, 0.2713307738304138),
            ["RightUpperLeg"] = CFrame.new(5.960464477539063e-08, -1.6391277313232422e-07, 2.8980866773054004e-07, 0.7178676724433899, -0.6416878700256348, -0.27000463008880615, 0.23046673834323883, 0.5850151181221008, -0.7775878310203552, 0.6569255590438843, 0.49597790837287903, 0.5678509473800659),
            ["LeftUpperLeg"] = CFrame.new(-2.384185791015625e-07, 4.470348358154297e-08, 2.0489096641540527e-07, 0.8970382213592529, 0.42947250604629517, -0.10428698360919952, -0.0704788938164711, -0.09393586963415146, -0.9930804371833801, -0.43629711866378784, 0.898181140422821, -0.053995415568351746),
            ["RightLowerLeg"] = CFrame.new(7.450580596923828e-09, -0.000003635883331298828, -0.00001326033816440031, 1, 1.043081283569336e-07, 4.4703497792397684e-08, -1.3411042232291948e-07, 0.5227268934249878, 0.8524999022483826, 3.725289587919178e-08, -0.8525002002716064, 0.5227274894714355),
            ["RightFoot"] = CFrame.new(7.450580596923828e-08, 3.5762786865234375e-07, 6.129994289949536e-08, 0.9467020034790039, 0.3095329999923706, 0.0891319215297699, -0.2861877679824829, 0.9352684617042542, -0.20825324952602386, -0.14782404899597168, 0.1716456562280655, 0.9740052223205566),
            ["LeftLowerLeg"] = CFrame.new(1.6391277313232422e-07, 0.000003993511199951172, 0.0000131949782371521, 1, 1.8889844000113953e-07, 9.173530912676142e-08, -1.8067662210796698e-07, 0.34458503127098083, 0.938755214214325, 1.1548402767402877e-07, -0.9387551546096802, 0.34458494186401367),
        }},
        {Time = 0.133, Data = {
            ["LeftFoot"] = CFrame.new(-1.5087425708770752e-07, -5.960464477539063e-08, 1.210719347000122e-08, 0.9947293996810913, -0.08358725905418396, -0.05938474461436272, 0.0853937417268753, 0.9959379434585571, 0.028558194637298584, 0.05675668269395828, -0.03347872197628021, 0.9978266358375549),
            ["LeftLowerArm"] = CFrame.new(-0.00048547983169555664, -0.0000979304313659668, -0.0000010132789611816406, 1, 5.227046173672534e-08, -7.450578820566989e-09, -5.960462345910855e-08, 0.5497564673423767, -0.8353250622749329, -1.1175866632129328e-07, 0.8353250622749329, 0.5497564077377319),
            ["LowerTorso"] = CFrame.new(-0.22958314418792725, -0.5227272510528564, 0.1787583976984024, 0.9886660575866699, -0.1490761637687683, -0.01776992902159691, 0.14565317332744598, 0.9237382411956787, 0.35424959659576416, -0.03639541193842888, -0.35282281041145325, 0.9349820613861084),
            ["Head"] = CFrame.new(-1.564621925354004e-07, -1.1920928955078125e-07, 3.725290298461914e-08, 0.9923587441444397, -0.08967045694589615, 0.0847553163766861, 0.09661581367254257, 0.9919595122337341, -0.08174191415309906, -0.07674403488636017, 0.08930604159832001, 0.9930432438850403),
            ["RightUpperArm"] = CFrame.new(0.008115291595458984, -0.02364671230316162, 1.564621925354004e-07, 0.6888982057571411, -0.29106128215789795, 0.6638785004615784, 0.390863835811615, 0.9204423427581787, -0.0020551346242427826, -0.6104463338851929, 0.26090097427368164, 0.7478376626968384),
            ["UpperTorso"] = CFrame.new(-1.955777406692505e-08, 3.8743019104003906e-07, 5.2619725465774536e-08, 0.9662296772003174, -0.016682656481862068, 0.2571418881416321, -0.09805598855018616, 0.8990243673324585, 0.4267788529396057, -0.23829659819602966, -0.4375806748867035, 0.8670281767845154),
            ["HumanoidRootPart"] = CFrame.new(0, 0, 0, 1, 0, 0, 0, 1, 0, 0, 0, 1),
            ["RightHand"] = CFrame.new(-2.9802322387695312e-08, -3.5762786865234375e-07, -1.4528632164001465e-07, 0.8799916505813599, -0.037144266068935394, -0.47353455424308777, -0.10111740976572037, 0.959435760974884, -0.2631697952747345, 0.46410128474235535, 0.279469758272171, 0.8405395150184631),
            ["LeftUpperArm"] = CFrame.new(-0.008115410804748535, -0.023646950721740723, 2.682209014892578e-07, 0.9554961919784546, 0.020176807418465614, 0.2943301498889923, 0.2883933484554291, 0.14612843096256256, -0.9462905526161194, -0.06210005655884743, 0.9890598058700562, 0.1338055282831192),
            ["RightLowerArm"] = CFrame.new(-0.000014275312423706055, 8.344650268554688e-07, 2.682209014892578e-07, 1, -1.750886866602741e-07, -1.0943043093902816e-07, 1.9371512394172896e-07, 0.8482877016067505, -0.5295355319976807, 1.4901162614933128e-07, 0.5295355916023254, 0.8482877016067505),
            ["LeftHand"] = CFrame.new(7.897615432739258e-07, 0.0000998377799987793, -2.905726432800293e-07, 0.17312420904636383, -0.17940108478069305, 0.968423068523407, 0.6184971332550049, 0.7850136756896973, 0.03485614433884621, -0.7664785385131836, 0.5929322838783264, 0.2468639314174652),
            ["RightUpperLeg"] = CFrame.new(1.1920928955078125e-07, -4.3585896492004395e-07, 3.2892421586439013e-07, 0.7105478048324585, -0.651747465133667, -0.26523086428642273, 0.2365216612815857, 0.5762271285057068, -0.7823169231414795, 0.6627061367034912, 0.49314066767692566, 0.563589334487915),
            ["LeftUpperLeg"] = CFrame.new(-2.980232238769531e-07, -1.862645149230957e-07, 2.775341272354126e-07, 0.9010034203529358, 0.4173547029495239, -0.118354931473732, -0.07275759428739548, -0.12357993423938751, -0.9896637201309204, -0.4276672899723053, 0.9003016948699951, -0.08098011463880539),
            ["RightLowerLeg"] = CFrame.new(9.313225746154785e-08, -0.000003814697265625, -0.000013346019841264933, 1, -2.8312206268310547e-07, -1.6391278734317893e-07, 3.2782554626464844e-07, 0.5110010504722595, 0.8595800399780273, -1.2665987014770508e-07, -0.8595800995826721, 0.5110011696815491),
            ["RightFoot"] = CFrame.new(1.043081283569336e-07, 3.5762786865234375e-07, 8.365168469026685e-08, 0.9427743554115295, 0.3207705616950989, 0.09101010859012604, -0.29527443647384644, 0.9299742579460144, -0.21899965405464172, -0.1548856794834137, 0.17959432303905487, 0.9714713096618652),
            ["LeftLowerLeg"] = CFrame.new(-2.2351741790771484e-07, 0.000003933906555175781, 0.00001321360468864441, 1, 3.64845703870742e-07, 1.8975700299961318e-07, -3.613532157942245e-07, 0.30858877301216125, 0.9511955976486206, 2.3469331722481002e-07, -0.9511956572532654, 0.30858877301216125),
        }},
        {Time = 0.167, Data = {
            ["LeftFoot"] = CFrame.new(-1.73225998878479e-07, 5.960464477539063e-08, -4.563480615615845e-08, 0.9957378506660461, -0.07451366633176804, -0.05434944108128548, 0.07612913846969604, 0.996696949005127, 0.02827860228717327, 0.052062973380088806, -0.0322955846786499, 0.9981215596199036),
            ["LeftLowerArm"] = CFrame.new(-0.00048530101776123047, -0.0000985860824584961, -0.0000013709068298339844, 1, 1.7462287615899186e-08, 2.793966835668016e-09, -3.725289943190546e-08, 0.5746903419494629, -0.8183709979057312, -1.0803340444454079e-07, 0.8183709979057312, 0.5746903419494629),
            ["LowerTorso"] = CFrame.new(-0.24243120849132538, -0.5440263748168945, 0.1893761307001114, 0.9887362718582153, -0.14870984852313995, -0.016909021884202957, 0.14481814205646515, 0.9220442175865173, 0.3589738607406616, -0.03779207915067673, -0.3573791980743408, 0.9331944584846497),
            ["Head"] = CFrame.new(-1.1175870895385742e-07, -2.384185791015625e-07, -3.725290298461914e-08, 0.9889123439788818, -0.12713946402072906, 0.07673276215791702, 0.13852529227733612, 0.9759758114814758, -0.16817297041416168, -0.053507935255765915, 0.17693786323070526, 0.9827665686607361),
            ["RightUpperArm"] = CFrame.new(0.008115291595458984, -0.023646831512451172, 1.6391277313232422e-07, 0.728309690952301, -0.25746920704841614, 0.6350632309913635, 0.3815286159515381, 0.9221564531326294, -0.063692606985569, -0.5692106485366821, 0.2886819839477539, 0.7698298096656799),
            ["UpperTorso"] = CFrame.new(-1.3504177331924438e-08, 5.960464477539062e-07, 5.820766091346741e-08, 0.9700272679328918, -0.025817517191171646, 0.24162065982818604, -0.0812191292643547, 0.9027056097984314, 0.4225235879421234, -0.22902080416679382, -0.42948344349861145, 0.8735522031784058),
            ["HumanoidRootPart"] = CFrame.new(0, 0, 0, 1, 0, 0, 0, 1, 0, 0, 0, 1),
            ["RightHand"] = CFrame.new(-4.470348358154297e-08, 5.960464477539063e-08, -1.7881393432617188e-07, 0.9102520942687988, -0.29884815216064453, -0.2865850329399109, 0.24513056874275208, 0.9467625021934509, -0.20869077742099762, 0.33369478583335876, 0.11971048265695572, 0.9350493550300598),
            ["LeftUpperArm"] = CFrame.new(-0.008115410804748535, -0.023647069931030273, 1.9371509552001953e-07, 0.963609516620636, 0.03328594192862511, 0.2652501165866852, 0.257934033870697, 0.14476531744003296, -0.955251157283783, -0.07019183039665222, 0.9889060258865356, 0.13091085851192474),
            ["RightLowerArm"] = CFrame.new(-0.000014424324035644531, 8.344650268554688e-07, 1.7881393432617188e-07, 1, -1.9313308996515843e-07, -8.009376983864058e-08, 1.6391281576488836e-07, 0.9075474143028259, -0.41994956135749817, 8.195640788244418e-08, 0.41994962096214294, 0.9075474143028259),
            ["LeftHand"] = CFrame.new(8.940696716308594e-07, 0.00009953975677490234, -2.868473529815674e-07, 0.18104787170886993, -0.1836780458688736, 0.9661698341369629, 0.636719822883606, 0.770615816116333, 0.02718815766274929, -0.7495396137237549, 0.610257089138031, 0.2564697861671448),
            ["RightUpperLeg"] = CFrame.new(5.960464477539063e-08, -2.682209014892578e-07, 1.5709520084783435e-07, 0.7002524733543396, -0.6653077602386475, -0.25886714458465576, 0.23676618933677673, 0.558523952960968, -0.794979989528656, 0.6734897494316101, 0.49539533257484436, 0.5486298203468323),
            ["LeftUpperLeg"] = CFrame.new(-2.980232238769531e-07, 1.341104507446289e-07, 1.341104507446289e-07, 0.9056049585342407, 0.4059792160987854, -0.12272146344184875, -0.06410374492406845, -0.15500804781913757, -0.9858312606811523, -0.4192498028278351, 0.9006406664848328, -0.11435121297836304),
            ["RightLowerLeg"] = CFrame.new(-1.043081283569336e-07, -0.0000037550926208496094, -0.000013230535842012614, 1, -2.533197118737007e-07, -1.4901168299275014e-07, 1.9371513815258368e-07, 0.4992946982383728, 0.8664317727088928, -7.4505820180093e-08, -0.8664321899414062, 0.49929553270339966),
            ["RightFoot"] = CFrame.new(2.9802322387695312e-08, 2.980232238769531e-07, -3.55576048605144e-08, 0.9385608434677124, 0.33306974172592163, 0.09037776291370392, -0.30461275577545166, 0.9225979447364807, -0.23669323325157166, -0.16221776604652405, 0.1946214735507965, 0.9673718810081482),
            ["LeftLowerLeg"] = CFrame.new(-4.470348358154297e-08, 0.0000035762786865234375, 0.000013345852494239807, 1, -1.6973352501281624e-07, -1.2433156371116638e-07, 2.0489096641540527e-08, 0.2810594141483307, 0.9596903920173645, -8.009374141693115e-08, -0.9596904516220093, 0.281059592962265),
        }},
        {Time = 0.200, Data = {
            ["LeftFoot"] = CFrame.new(6.332993507385254e-08, -5.960464477539063e-08, 5.3085386753082275e-08, 0.9963363409042358, -0.06872285902500153, -0.05090339109301567, 0.07007895410060883, 0.9972193241119385, 0.025349458679556847, 0.04902010038495064, -0.028824351727962494, 0.9983819127082825),
            ["LeftLowerArm"] = CFrame.new(-0.00048542022705078125, -0.00009834766387939453, -0.0000010728836059570312, 1, 4.749743354182101e-08, 2.747400351665874e-08, -4.470347292340193e-08, 0.5877823829650879, -0.8090190887451172, -1.0058281674218961e-07, 0.809019148349762, 0.5877823829650879),
            ["LowerTorso"] = CFrame.new(-0.25160205364227295, -0.5604960918426514, 0.19369569420814514, 0.9891223311424255, -0.14615292847156525, -0.01662360690534115, 0.14183175563812256, 0.9176571369171143, 0.3711996376514435, -0.03899713233113289, -0.36951959133148193, 0.9284042716026306),
            ["Head"] = CFrame.new(-1.5087425708770752e-07, -2.384185791015625e-07, -1.862645149230957e-07, 0.9879472851753235, -0.14067471027374268, 0.06458251923322678, 0.15223219990730286, 0.9585575461387634, -0.24081715941429138, -0.028029214590787888, 0.24774612486362457, 0.9684194922447205),
            ["RightUpperArm"] = CFrame.new(0.008115291595458984, -0.02364671230316162, -2.2351741790771484e-08, 0.7445284128189087, -0.2773796319961548, 0.6072632074356079, 0.36060550808906555, 0.9325749278068542, -0.01615261659026146, -0.5618194937705994, 0.23100781440734863, 0.7943365573883057),
            ["UpperTorso"] = CFrame.new(2.2817403078079224e-08, 5.066394805908203e-07, 5.4016709327697754e-08, 0.9715636372566223, -0.03167128935456276, 0.23465105891227722, -0.06547633558511734, 0.9164332151412964, 0.39479494094848633, -0.22754566371440887, -0.39893242716789246, 0.8882994055747986),
            ["HumanoidRootPart"] = CFrame.new(0, 0, 0, 1, 0, 0, 0, 1, 0, 0, 0, 1),
            ["RightHand"] = CFrame.new(-7.450580596923828e-08, -2.384185791015625e-07, -2.9802322387695312e-08, 0.9054816365242004, 0.028622450307011604, -0.42341914772987366, -0.13891930878162384, 0.9627450108528137, -0.2319987714290619, 0.40100422501564026, 0.26889169216156006, 0.8757241368293762),
            ["LeftUpperArm"] = CFrame.new(-0.008115410804748535, -0.023646831512451172, 4.470348358154297e-08, 0.9679186344146729, 0.03438187763094902, 0.2489161193370819, 0.24003396928310394, 0.16631753742694855, -0.9564073085784912, -0.07427843660116196, 0.9854726791381836, 0.1527283489704132),
            ["RightLowerArm"] = CFrame.new(-0.000014126300811767578, 7.152557373046875e-07, 2.086162567138672e-07, 1, -1.7508870087112882e-07, -3.632159462085838e-08, 1.0430814256778831e-07, 0.8554455041885376, -0.5178929567337036, 1.8626454334480513e-07, 0.5178928375244141, 0.8554455041885376),
            ["LeftHand"] = CFrame.new(8.046627044677734e-07, 0.0000997781753540039, -4.1350722312927246e-07, 0.19576495885849, -0.19152401387691498, 0.9617664813995361, 0.6760119795799255, 0.7368341088294983, 0.009131076745688915, -0.7104110717773438, 0.6483780145645142, 0.27371880412101746),
            ["RightUpperLeg"] = CFrame.new(5.960464477539063e-08, -3.986060619354248e-07, 1.7339334590360522e-07, 0.6911559700965881, -0.6779307723045349, -0.2504267692565918, 0.23421575129032135, 0.5379248857498169, -0.8098025321960449, 0.6837006211280823, 0.5010457038879395, 0.5305717587471008),
            ["LeftUpperLeg"] = CFrame.new(-2.384185791015625e-07, -4.470348358154297e-08, 1.7881393432617188e-07, 0.909173309803009, 0.3976191282272339, -0.12370536476373672, -0.05265650898218155, -0.18490898609161377, -0.9813439249992371, -0.4130755066871643, 0.898725688457489, -0.14717748761177063),
            ["RightLowerLeg"] = CFrame.new(9.685754776000977e-08, -0.000003635883331298828, -0.00001337954745395109, 1, -1.3411040811206476e-07, -2.980233304583635e-08, 1.788139627478813e-07, 0.48671895265579224, 0.8735583424568176, -7.450581307466564e-08, -0.8735587000846863, 0.48671960830688477),
            ["RightFoot"] = CFrame.new(0, 3.5762786865234375e-07, 9.110226528719068e-08, 0.9347856640815735, 0.34340760111808777, 0.09081490337848663, -0.312408983707428, 0.9164900779724121, -0.2498926818370819, -0.16904573142528534, 0.2052251696586609, 0.9640053510665894),
            ["LeftLowerLeg"] = CFrame.new(1.6391277313232422e-07, 0.000003814697265625, 0.00001341104507446289, 1, 1.252629147074913e-07, 1.8067657947540283e-07, -1.3411047916633834e-07, 0.25886479020118713, 0.9659135937690735, 8.195640788244418e-08, -0.9659135937690735, 0.2588646709918976),
        }},
        {Time = 0.233, Data = {
            ["LeftFoot"] = CFrame.new(5.960464477539063e-08, 0, -1.862645149230957e-09, 0.9966769814491272, -0.06540064513683319, -0.04855837672948837, 0.06641548871994019, 0.9975997805595398, 0.019586952403187752, 0.04716087132692337, -0.022746795788407326, 0.9986283183097839),
            ["LeftLowerArm"] = CFrame.new(-0.0004857182502746582, -0.00009834766387939453, -0.0000010132789611816406, 1, 1.1967490820552484e-07, 3.597233089180918e-08, -3.725289587919178e-08, 0.5900130271911621, -0.8073936700820923, -8.568165554834195e-08, 0.8073937296867371, 0.5900130271911621),
            ["LowerTorso"] = CFrame.new(-0.2583715319633484, -0.5705300569534302, 0.19215203821659088, 0.9899256825447083, -0.14071714878082275, -0.015678400173783302, 0.1358143538236618, 0.9124213457107544, 0.3860592246055603, -0.040019843727350235, -0.38429930806159973, 0.9223407506942749),
            ["Head"] = CFrame.new(-8.172355592250824e-08, -1.1920928955078125e-07, -1.4156103134155273e-07, 0.9878940582275391, -0.14662525057792664, 0.050659388303756714, 0.1548667550086975, 0.9511681199073792, -0.26701197028160095, -0.009034872055053711, 0.2716250419616699, 0.9623608589172363),
            ["RightUpperArm"] = CFrame.new(0.008115291595458984, -0.02364659309387207, 1.4156103134155273e-07, 0.7973083853721619, -0.27728837728500366, 0.5361329913139343, 0.3450041115283966, 0.9381840825080872, -0.027854425832629204, -0.49524909257888794, 0.20717602968215942, 0.8436738848686218),
            ["UpperTorso"] = CFrame.new(6.28642737865448e-09, 4.172325134277344e-07, 5.9138983488082886e-08, 0.9728740453720093, -0.04112428054213524, 0.22765101492404938, -0.048286326229572296, 0.9262978434562683, 0.3736853003501892, -0.2262401580810547, -0.3745410740375519, 0.8991854190826416),
            ["HumanoidRootPart"] = CFrame.new(0, 0, 0, 1, 0, 0, 0, 1, 0, 0, 0, 1),
            ["RightHand"] = CFrame.new(-1.4901161193847656e-08, -3.5762786865234375e-07, -2.3469328880310059e-07, 0.723987877368927, 0.3914162218570709, -0.5680097341537476, -0.5290282368659973, 0.8434868454933167, -0.09305409342050552, 0.44268590211868286, 0.3678632378578186, 0.8177444934844971),
            ["LeftUpperArm"] = CFrame.new(-0.008115291595458984, -0.023646831512451172, 1.4901161193847656e-07, 0.9711268544197083, 0.028341619297862053, 0.23688969016075134, 0.22795216739177704, 0.18261007964611053, -0.9563915729522705, -0.07036041468381882, 0.9827768206596375, 0.17087619006633759),
            ["RightLowerArm"] = CFrame.new(-0.000014007091522216797, 5.960464477539062e-07, 2.980232238769531e-07, 1, -2.5331982556053845e-07, -3.213063237694769e-08, 1.8626458597736928e-07, 0.7921192049980164, -0.6103664040565491, 2.5331982556053845e-07, 0.6103664636611938, 0.7921192049980164),
            ["LeftHand"] = CFrame.new(5.21540641784668e-07, 0.00009971857070922852, -4.023313522338867e-07, 0.212357759475708, -0.19539843499660492, 0.9574569463729858, 0.7127461433410645, 0.701262354850769, -0.01496847067028284, -0.6685035824775696, 0.6856023669242859, 0.2881879508495331),
            ["RightUpperLeg"] = CFrame.new(1.1920928955078125e-07, -4.6938657760620117e-07, 2.709493855945766e-07, 0.6848317980766296, -0.6924355030059814, -0.22702151536941528, 0.23757001757621765, 0.5066770911216736, -0.8287574648857117, 0.6888874769210815, 0.5136258006095886, 0.5114902853965759),
            ["LeftUpperLeg"] = CFrame.new(-4.172325134277344e-07, -1.9371509552001953e-07, 1.862645149230957e-07, 0.9122766852378845, 0.39180105924606323, -0.11934558302164078, -0.039367519319057465, -0.20615868270397186, -0.9777263402938843, -0.4076783359050751, 0.896655261516571, -0.17264963686466217),
            ["RightLowerLeg"] = CFrame.new(2.60770320892334e-08, -0.0000037550926208496094, -0.000013208184100221843, 1, -3.7252888773764425e-07, -1.0430815677864302e-07, 2.3841860752327193e-07, 0.4616154134273529, 0.8870800137519836, -8.940698137394065e-08, -0.887080192565918, 0.46161574125289917),
            ["RightFoot"] = CFrame.new(-2.9802322387695312e-08, 2.384185791015625e-07, 2.4047039914876223e-08, 0.9323132038116455, 0.34702643752098083, 0.10180822759866714, -0.3157901167869568, 0.9183646440505981, -0.2385014146566391, -0.17626328766345978, 0.19020843505859375, 0.9657909870147705),
            ["LeftLowerLeg"] = CFrame.new(4.470348358154297e-08, 0.000003933906555175781, 0.000013304874300956726, 1, -7.695049220046712e-08, -6.682240183408794e-08, 7.171183824539185e-08, 0.2439073622226715, 0.9697985053062439, -5.4016709327697754e-08, -0.9697985053062439, 0.24390773475170135),
        }},
        {Time = 0.267, Data = {
            ["LeftFoot"] = CFrame.new(2.421438694000244e-08, 5.960464477539063e-08, -3.5390257835388184e-08, 0.9968899488449097, -0.06350032240152359, -0.046670012176036835, 0.06405030190944672, 0.9978926777839661, 0.010379990562796593, 0.045912496745586395, -0.013336854055523872, 0.9988564252853394),
            ["LeftLowerArm"] = CFrame.new(-0.0004856288433074951, -0.00009822845458984375, -7.152557373046875e-07, 1, 1.117586450050112e-07, 1.1641526853622963e-08, -2.2351736461700966e-08, 0.582030177116394, -0.813167154788971, -2.607702498380604e-08, 0.813167154788971, 0.5820302367210388),
            ["LowerTorso"] = CFrame.new(-0.26450660824775696, -0.5751980543136597, 0.18537332117557526, 0.9911684989929199, -0.1319686472415924, -0.013009857386350632, 0.1261768788099289, 0.90836501121521, 0.39868858456611633, -0.04079669713973999, -0.3968091905117035, 0.9169940948486328),
            ["Head"] = CFrame.new(-1.4528632164001465e-07, -5.960464477539062e-07, 4.470348358154297e-08, 0.9874377846717834, -0.1519148349761963, 0.04345659911632538, 0.15798674523830414, 0.9537608623504639, -0.25569605827331543, -0.002603233093395829, 0.2593494951725006, 0.9657800197601318),
            ["RightUpperArm"] = CFrame.new(0.008115172386169434, -0.023647308349609375, -1.6391277313232422e-07, 0.7883215546607971, -0.2526921033859253, 0.561002790927887, 0.32623183727264404, 0.944713830947876, -0.032904982566833496, -0.5216530561447144, 0.20895598828792572, 0.8271597623825073),
            ["UpperTorso"] = CFrame.new(2.468004822731018e-08, 3.2782554626464844e-07, -8.42846930027008e-08, 0.9751071929931641, -0.05091613903641701, 0.21580930054187775, -0.031984973698854446, 0.93080073595047, 0.36412498354911804, -0.21941526234149933, -0.3619634807109833, 0.9060019254684448),
            ["HumanoidRootPart"] = CFrame.new(0, 0, 0, 1, 0, 0, 0, 1, 0, 0, 0, 1),
            ["RightHand"] = CFrame.new(-1.4901161193847656e-07, -1.7881393432617188e-07, -2.384185791015625e-07, 0.8777309656143188, 0.33717042207717896, -0.3404475748538971, -0.40241292119026184, 0.904412567615509, -0.14178124070167542, 0.2601006031036377, 0.2614462375640869, 0.9295125603675842),
            ["LeftUpperArm"] = CFrame.new(-0.008115410804748535, -0.023647189140319824, 2.086162567138672e-07, 0.9720997214317322, 0.01615215465426445, 0.2340262532234192, 0.22606664896011353, 0.2016398012638092, -0.9530104398727417, -0.0625789612531662, 0.979326605796814, 0.1923617720603943),
            ["RightLowerArm"] = CFrame.new(-0.000014156103134155273, 0.0000010132789611816406, 4.76837158203125e-07, 1, -2.1234157543403853e-07, -1.1548402767402877e-07, 1.6391281576488836e-07, 0.8491145968437195, -0.5282087922096252, 1.8626455755565985e-07, 0.52820885181427, 0.8491145372390747),
            ["LeftHand"] = CFrame.new(6.705522537231445e-07, 0.00009953975677490234, -2.1606683731079102e-07, 0.22632485628128052, -0.1865537166595459, 0.9560203552246094, 0.7275657653808594, 0.6849521398544312, -0.03858287259936333, -0.6476303339004517, 0.7042999863624573, 0.29075172543525696),
