return {
    ["Alibi"] = {
        {Time = 0.000, Data = {
            ["RightFoot"] = CFrame.new(-4.470348358154297e-08, 2.384185791015625e-07, -5.045876605436206e-08, 0.9893319606781006, -0.11493299156427383, 0.08951642364263535, 0.06883502751588821, 0.9103550314903259, 0.40806326270103455, -0.12839007377624512, -0.3975476622581482, 0.9085544347763062),
            ["LeftLowerArm"] = CFrame.new(5.960464477539063e-08, 1.1920928955078125e-07, 1.7881393432617188e-07, 1, 7.450577044210149e-09, -8.940693874137651e-08, 3.725289587919178e-08, 0.9852595925331116, -0.17106613516807556, -1.3411042232291948e-07, 0.17106594145298004, 0.9852595329284668),
            ["RightUpperArm"] = CFrame.new(0, -0.06523764133453369, 5.9371814131736755e-08, 0.7989547252655029, 0.08847852796316147, 0.5948472619056702, 0.4673905670642853, -0.7137817740440369, -0.5215951800346375, 0.37844106554985046, 0.6947569251060486, -0.6116332411766052),
            ["Head"] = CFrame.new(3.725290298461914e-09, -1.1920928955078125e-07, -1.2185773812234402e-07, 0.9985560178756714, -0.02203938737511635, 0.048993274569511414, 0.053059570491313934, 0.5474010705947876, -0.8351864814758301, -0.00841195322573185, 0.836580216884613, 0.5477803349494934),
            ["RightHand"] = CFrame.new(8.940696716308594e-08, -5.960464477539063e-08, 1.564621925354004e-07, 0.8728031516075134, -0.37921443581581116, 0.3072650730609894, 0.38774043321609497, 0.921089231967926, 0.03537290170788765, -0.29643237590789795, 0.08826731890439987, 0.9509663581848145),
            ["UpperTorso"] = CFrame.new(-9.313225746154785e-10, 2.086162567138672e-07, 3.14321368932724e-08, 0.9855822920799255, 0.14772680401802063, 0.08249108493328094, -0.16827256977558136, 0.9067102670669556, 0.3867311179637909, -0.017664995044469833, -0.3950360417366028, 0.9184956550598145),
            ["HumanoidRootPart"] = CFrame.new(0, 0, 0, 1, 0, 0, 0, 1, 0, 0, 0, 1),
            ["RightUpperLeg"] = CFrame.new(-0.000025570392608642578, -0.00012559816241264343, -0.004997555166482925, 0.9456024169921875, 0.099819116294384, -0.30963489413261414, -0.31798309087753296, 0.48464471101760864, -0.8148654699325562, 0.06872356683015823, 0.8689969778060913, 0.49002110958099365),
            ["LeftUpperArm"] = CFrame.new(5.960464477539063e-08, -0.06523799896240234, -2.742744982242584e-07, 0.881514310836792, 0.010348853655159473, -0.4720437824726105, -0.2893947958946228, -0.7781122326850891, -0.5574869513511658, -0.3730725347995758, 0.6280400156974792, -0.68292236328125),
            ["RightLowerArm"] = CFrame.new(2.384185791015625e-07, -5.960464477539063e-08, -8.940696716308594e-08, 1, 4.6938646391936345e-07, 2.8917554573126836e-07, 4.023314090773056e-07, 0.980820894241333, -0.19491323828697205, 4.5076018295731046e-07, 0.19491137564182281, 0.9808204770088196),
            ["LeftHand"] = CFrame.new(1.1920928955078125e-07, 0, 7.450580596923828e-08, 0.9222614169120789, 0.36005041003227234, -0.14070594310760498, -0.36926665902137756, 0.9282259345054626, -0.045148760080337524, 0.11435091495513916, 0.09359735995531082, 0.9890214204788208),
            ["LeftFoot"] = CFrame.new(4.284083843231201e-08, -1.1920928955078125e-07, 5.122274160385132e-09, 0.9980480074882507, 0.04783805087208748, -0.040145207196474075, -0.03599396347999573, 0.9659421443939209, 0.25624287128448486, 0.051036059856414795, -0.2542979121208191, 0.9657785296440125),
            ["LowerTorso"] = CFrame.new(0, -0.03853774070739746, 0, 0.9929253458976746, -0.11250469833612442, -0.037977829575538635, 0.11373473703861237, 0.8092135787010193, 0.5764005184173584, -0.034115053713321686, -0.5766421556472778, 0.8162843585014343),
            ["RightLowerLeg"] = CFrame.new(-5.21540641784668e-08, -1.1920928955078125e-07, 1.7305865185335279e-07, 1, 1.2107190805465962e-08, 3.352760558072987e-08, 6.51925802230835e-09, 0.9999856948852539, 0.0053639342077076435, -3.725290298461914e-09, -0.005364046897739172, 0.9999856948852539),
            ["LeftUpperLeg"] = CFrame.new(0.000025540590286254883, 0.00012589804828166962, 0.0049975160509347916, 0.9976489543914795, 0.060440726578235626, 0.032309845089912415, -0.062466368079185486, 0.9958643317222595, 0.06597068905830383, -0.028188971802592278, -0.06783334910869598, 0.9972983598709106),
            ["LeftLowerLeg"] = CFrame.new(-1.7695128917694092e-08, -2.980232238769531e-07, 4.423782229423523e-08, 1, 1.6763808119435453e-08, 9.31322685637781e-10, -8.381902283360887e-09, 0.999986469745636, 0.0052046626806259155, -2.7939672797572257e-09, -0.005204732529819012, 0.9999865293502808),
        }},
        {Time = 0.033, Data = {
            ["RightFoot"] = CFrame.new(-2.421438694000244e-08, 2.384185791015625e-07, 2.032174961641431e-08, 0.9943078756332397, -0.054288361221551895, 0.0916786640882492, 0.03778526932001114, 0.984198808670044, 0.17298832535743713, -0.09962000697851181, -0.16853924095630646, 0.9806478023529053),
            ["LeftLowerArm"] = CFrame.new(2.682209014892578e-07, 0, -7.82310962677002e-08, 1, -1.583248945280502e-07, -2.277082842283562e-07, -1.4901166878189542e-07, 0.9996032118797302, -0.028169436380267143, -1.792796666677532e-07, 0.028168778866529465, 0.9996032118797302),
            ["RightUpperArm"] = CFrame.new(0, -0.06523799896240234, 2.2351741790771484e-08, 0.8026206493377686, 0.1560090184211731, 0.5757269859313965, 0.4199746549129486, -0.8332064151763916, -0.3597063720226288, 0.4235817492008209, 0.5304983258247375, -0.7342682480812073),
            ["Head"] = CFrame.new(-1.1175870895385742e-08, -1.1920928955078125e-07, -3.6729034036397934e-08, 0.9988181591033936, 0.003703792579472065, 0.048461947590112686, 0.039776936173439026, 0.5106862187385559, -0.8588465452194214, -0.027929866686463356, 0.8597592711448669, 0.5099354982376099),
            ["RightHand"] = CFrame.new(4.172325134277344e-07, 1.7881393432617188e-07, 4.023313522338867e-07, 0.8535215258598328, -0.4218829274177551, 0.30580583214759827, 0.42557206749916077, 0.9030598998069763, 0.05804309993982315, -0.3006484806537628, 0.08060824126005173, 0.9503231048583984),
            ["UpperTorso"] = CFrame.new(-1.1175870895385742e-08, -8.940696716308594e-08, -2.0221341401338577e-07, 0.9947137236595154, 0.09739984571933746, -0.03252752870321274, -0.08237670361995697, 0.9460000991821289, 0.3135250508785248, 0.061308372765779495, -0.30918797850608826, 0.9490227699279785),
            ["HumanoidRootPart"] = CFrame.new(0, 0, 0, 1, 0, 0, 0, 1, 0, 0, 0, 1),
            ["RightUpperLeg"] = CFrame.new(-0.000025600194931030273, -0.00012576766312122345, -0.004997512325644493, 0.9630123972892761, 0.012917259708046913, -0.26914918422698975, -0.22098538279533386, 0.6094001531600952, -0.7614437937736511, 0.15418386459350586, 0.7927575707435608, 0.5897136330604553),
            ["LeftUpperArm"] = CFrame.new(1.1920928955078125e-07, -0.0652381181716919, 3.5762786865234375e-07, 0.7737616300582886, 0.045163579285144806, -0.6318647265434265, -0.27013829350471497, -0.8786908984184265, -0.3936087489128113, -0.5729905366897583, 0.47525012493133545, -0.6676968932151794),
            ["RightLowerArm"] = CFrame.new(-2.682209014892578e-07, 1.7881393432617188e-07, -1.2293457984924316e-07, 1, 0.0000026086386242241133, 0.0000012870867749370518, 0.0000025685860691737616, 0.999603807926178, -0.02815493755042553, 0.000001484527274442371, 0.02814764901995659, 0.9996035695075989),
            ["LeftHand"] = CFrame.new(-1.6391277313232422e-07, -5.960464477539063e-08, 3.427267074584961e-07, 0.9261590242385864, 0.36263981461524963, -0.10354866087436676, -0.3703213036060333, 0.9264287352561951, -0.06776189059019089, 0.07135709375143051, 0.1011049896478653, 0.9923135638237),
            ["LeftFoot"] = CFrame.new(-3.725290298461914e-08, 0, -1.0011717677116394e-07, 0.9972378611564636, 0.050946738570928574, -0.05404521897435188, -0.049604710191488266, 0.9984326362609863, 0.025921734049916267, 0.0552811436355114, -0.02316923625767231, 0.9982019662857056),
            ["LowerTorso"] = CFrame.new(0, 0.07956647872924805, 0, 0.9985331296920776, -0.043675635010004044, 0.03200212121009827, 0.010827368125319481, 0.740180492401123, 0.6723211407661438, -0.05305078253149986, -0.6709883809089661, 0.7395676374435425),
            ["RightLowerLeg"] = CFrame.new(6.332993507385254e-08, 5.960464477539063e-08, -5.75528247281909e-09, 1, 1.862644793959589e-08, -4.656612428988183e-09, 1.6763808119435453e-08, 0.9999829530715942, 0.005848283413797617, -2.3283067918100642e-08, -0.005848307628184557, 0.9999828934669495),
            ["LeftUpperLeg"] = CFrame.new(0.000025510787963867188, 0.00012535415589809418, 0.004997119307518005, 0.9991824626922607, -0.0031777210533618927, -0.04030353203415871, 0.006133796647191048, 0.9972860813140869, 0.07336866110563278, 0.039960864931344986, -0.07355571538209915, 0.9964901804924011),
            ["LeftLowerLeg"] = CFrame.new(7.450580596923828e-09, 1.7881393432617188e-07, -9.359791874885559e-08, 1, -1.862644971595273e-08, 3.725290298461914e-09, 1.4901159417490817e-08, 0.9999865889549255, 0.005189196672290564, -4.656612428988183e-09, -0.005189326126128435, 0.9999865889549255),
        }},
        {Time = 0.067, Data = {
            ["RightFoot"] = CFrame.new(-2.7939677238464355e-09, 4.172325134277344e-07, 2.032174961641431e-08, 0.9939116835594177, 0.006879859603941441, 0.10996600240468979, -0.001738984603434801, 0.9989032745361328, -0.046788811683654785, -0.11016611009836197, 0.04631286486983299, 0.9928334355354309),
            ["LeftLowerArm"] = CFrame.new(-3.5762786865234375e-07, -2.980232238769531e-07, -7.35744833946228e-08, 1, 1.4901152667334827e-07, 2.0547294354855694e-07, 1.5646212148112681e-07, 0.9996038675308228, -0.02814636565744877, 1.4118261049134162e-07, 0.028146810829639435, 0.9996038675308228),
            ["RightUpperArm"] = CFrame.new(0, -0.06523787975311279, -2.8312206268310547e-07, 0.805696964263916, 0.1532759815454483, 0.5721527934074402, 0.39624038338661194, -0.8574556708335876, -0.3282731771469116, 0.440279483795166, 0.49119889736175537, -0.7515835762023926),
            ["Head"] = CFrame.new(8.381903171539307e-09, -1.1920928955078125e-07, -3.708992153406143e-07, 0.9980649948120117, 0.02027597464621067, 0.05878050625324249, 0.04178280010819435, 0.48139527440071106, -0.875507116317749, -0.04604838415980339, 0.8762691020965576, 0.4796167016029358),
            ["RightHand"] = CFrame.new(-1.4901161193847656e-07, -1.1920928955078125e-07, -2.9802322387695312e-08, 0.8283072710037231, -0.43723154067993164, 0.35033804178237915, 0.44479596614837646, 0.8933884501457214, 0.06333787739276886, -0.3406812250614166, 0.10337189584970474, 0.9344793558120728),
            ["UpperTorso"] = CFrame.new(1.0244548320770264e-08, 1.7881393432617188e-07, 1.368753146380186e-07, 0.9891703724861145, 0.0782584697008133, -0.12416791170835495, -0.048983100801706314, 0.9735087752342224, 0.22334079444408417, 0.1383567899465561, -0.21483998000621796, 0.9667995572090149),
            ["HumanoidRootPart"] = CFrame.new(0, 0, 0, 1, 0, 0, 0, 1, 0, 0, 0, 1),
            ["RightUpperLeg"] = CFrame.new(-0.000025480985641479492, -0.00012552086263895035, -0.004997510462999344, 0.9524974822998047, -0.05262472480535507, -0.29996657371520996, -0.17684818804264069, 0.706295907497406, -0.6854708790779114, 0.2479381263256073, 0.7059580087661743, 0.6634379029273987),
            ["LeftUpperArm"] = CFrame.new(0, -0.06523787975311279, -3.8370490074157715e-07, 0.6875050663948059, 0.11786314100027084, -0.7165508270263672, -0.21839934587478638, -0.9074973464012146, -0.3588176965713501, -0.6925593614578247, 0.40318337082862854, -0.5981679558753967),
            ["RightLowerArm"] = CFrame.new(5.960464477539063e-08, -1.1920928955078125e-07, -2.9802322387695312e-08, 1, 0.000002427960225759307, 0.000001173930741060758, 0.0000023692812192166457, 0.9996032118797302, -0.02817455306649208, 0.0000013535590142055298, 0.028167756274342537, 0.9996030926704407),
            ["LeftHand"] = CFrame.new(-7.450580596923828e-08, 2.384185791015625e-07, 5.21540641784668e-08, 0.9250116348266602, 0.35890868306159973, -0.1246529072523117, -0.370376855134964, 0.9249616861343384, -0.0852467492222786, 0.08470316231250763, 0.12502242624759674, 0.9885315299034119),
            ["LeftFoot"] = CFrame.new(4.470348358154297e-08, 1.1920928955078125e-07, -5.029141902923584e-08, 0.9964272379875183, -0.08221063017845154, -0.019355153664946556, 0.08195372670888901, 0.8857882022857666, 0.4567963778972626, -0.02040894143283367, -0.45675012469291687, 0.8893607258796692),
            ["LowerTorso"] = CFrame.new(0, 0.2229785919189453, 0, 0.9954138994216919, -0.009879815392196178, 0.09515061974525452, -0.06669290363788605, 0.6414052844047546, 0.764298141002655, -0.0685805007815361, -0.7671386003494263, 0.6378046274185181),
            ["RightLowerLeg"] = CFrame.new(-2.514570951461792e-08, 1.7881393432617188e-07, -5.418405635282397e-08, 1, -9.313223525708736e-10, 4.9592916440133195e-08, 4.656612873077393e-10, 0.9999856352806091, 0.005376098677515984, 3.1315721571445465e-08, -0.00537619786337018, 0.9999856352806091),
            ["LeftUpperLeg"] = CFrame.new(0.000025480985641479492, 0.00012592878192663193, 0.004997769370675087, 0.9979986548423767, -0.027411988005042076, -0.05698394030332565, 0.02998075634241104, 0.9985517263412476, 0.04467478767037392, 0.05567668005824089, -0.04629392921924591, 0.9973750710487366),
            ["LeftLowerLeg"] = CFrame.new(-5.681067705154419e-08, -5.960464477539063e-08, 7.264316082000732e-08, 1, 2.561137080192566e-09, -1.3737009751935148e-08, -4.190951585769653e-09, 0.9999872446060181, 0.005059658084064722, 1.4202669262886047e-08, -0.005059681832790375, 0.9999872446060181),
        }},
        {Time = 0.100, Data = {
            ["RightFoot"] = CFrame.new(4.0978193283081055e-08, 3.5762786865234375e-07, 1.6596459317952394e-08, 0.9927244186401367, 0.05356037989258766, 0.10784082859754562, -0.07028312981128693, 0.9849698543548584, 0.15778182446956635, -0.09776798635721207, -0.1642124503850937, 0.9815677404403687),
            ["LeftLowerArm"] = CFrame.new(-5.960464477539063e-08, 1.7881393432617188e-07, -2.980232238769531e-07, 1, -3.3900130347319646e-07, 6.589105794319039e-08, -3.343446053349908e-07, 0.9996036887168884, -0.02815268747508526, 9.592616834197543e-08, 0.02815270982682705, 0.9996036291122437),
            ["RightUpperArm"] = CFrame.new(-5.960464477539063e-08, -0.06523776054382324, -1.4901161193847656e-08, 0.7896894812583923, 0.14164793491363525, 0.5969312191009521, 0.35509011149406433, -0.898973286151886, -0.25643396377563477, 0.5003014206886292, 0.4144672453403473, -0.7602070569992065),
            ["Head"] = CFrame.new(5.587935447692871e-09, -3.5762786865234375e-07, -2.0489096641540527e-07, 0.9979554414749146, 0.029078420251607895, 0.0569152794778347, 0.03945691138505936, 0.42025133967399597, -0.9065496921539307, -0.05027971789240837, 0.9069417715072632, 0.4182446002960205),
            ["RightHand"] = CFrame.new(-1.7881393432617188e-07, -1.7881393432617188e-07, -1.564621925354004e-07, 0.8047579526901245, -0.44818034768104553, 0.3892293870449066, 0.4602603316307068, 0.8852016925811768, 0.06765104085206985, -0.37486663460731506, 0.12470924854278564, 0.9186533093452454),
            ["UpperTorso"] = CFrame.new(-3.91155481338501e-08, 1.7881393432617188e-07, -1.8044374883174896e-08, 0.9835583567619324, 0.05715753883123398, -0.1713070422410965, -0.027109792456030846, 0.984574556350708, 0.1728525310754776, 0.1785443127155304, -0.16536645591259003, 0.9699360132217407),
            ["HumanoidRootPart"] = CFrame.new(0, 0, 0, 1, 0, 0, 0, 1, 0, 0, 0, 1),
            ["RightUpperLeg"] = CFrame.new(-0.000025570392608642578, -0.00012511946260929108, -0.00499764084815979, 0.9485856890678406, -0.11237820237874985, -0.29590022563934326, -0.1300673484802246, 0.7138729095458984, -0.6880902647972107, 0.2885616421699524, 0.6911994218826294, 0.662551760673523),
            ["LeftUpperArm"] = CFrame.new(1.1920928955078125e-07, -0.06523787975311279, -1.7136335372924805e-07, 0.6064457893371582, 0.16099955141544342, -0.7786543965339661, -0.18444278836250305, -0.9240900874137878, -0.33472180366516113, -0.7734368443489075, 0.3466075658798218, -0.5307151079177856),
            ["RightLowerArm"] = CFrame.new(-2.9802322387695312e-08, 0, -3.511086106300354e-07, 1, 0.0000024810462946334155, 8.221244911510439e-07, 0.0000024698647393961437, 0.999603271484375, -0.028171824291348457, 9.890053433991852e-07, 0.0281656626611948, 0.9996031522750854),
            ["LeftHand"] = CFrame.new(-5.960464477539063e-08, -1.1920928955078125e-07, -3.2782554626464844e-07, 0.9217038154602051, 0.3548536002635956, -0.1566568911075592, -0.37120166420936584, 0.9241078495979309, -0.09074139595031738, 0.11256767064332962, 0.1417875587940216, 0.9834758043289185),
            ["LeftFoot"] = CFrame.new(7.450580596923828e-09, 0, 7.82310962677002e-08, 0.9992027282714844, -0.03969273716211319, -0.004320432431995869, 0.03776472434401512, 0.904464066028595, 0.4248751103878021, -0.012957054190337658, -0.42469915747642517, 0.9052417874336243),
            ["LowerTorso"] = CFrame.new(0, 0.379044771194458, 0, 0.990673303604126, 0.011655248701572418, 0.13575904071331024, -0.12190627306699753, 0.5209123492240906, 0.8448606133460999, -0.0608706958591938, -0.8535306453704834, 0.5174748301506042),
            ["RightLowerLeg"] = CFrame.new(-5.587935447692871e-08, 5.960464477539063e-08, 6.875052349641919e-08, 1, -1.8626444830971423e-09, -2.7008351111135198e-08, 6.519259798665189e-09, 0.999987006187439, 0.0051000830717384815, 9.313227966600834e-10, -0.005100151989609003, 0.9999870657920837),
            ["LeftUpperLeg"] = CFrame.new(0.000025540590286254883, 0.0001261131837964058, 0.0049971044063568115, 0.9991129636764526, -0.022445179522037506, -0.03562723845243454, 0.029030142351984978, 0.9800549745559692, 0.19659531116485596, 0.030503973364830017, -0.19745498895645142, 0.9798372387886047),
            ["LeftLowerLeg"] = CFrame.new(1.4901161193847656e-08, -5.960464477539063e-08, -1.7881393432617188e-07, 1, 1.4901161193847656e-08, -1.1175870895385742e-08, -3.7252898543727042e-09, 0.9999851584434509, 0.005447327625006437, 3.7252898543727042e-09, -0.0054473187774419785, 0.9999851584434509),
        }},
        {Time = 0.133, Data = {
            ["RightFoot"] = CFrame.new(-1.4901161193847656e-08, 3.5762786865234375e-07, 9.110226528719068e-08, 0.9806158542633057, -0.03194597736001015, 0.19331946969032288, -0.011991043575108051, 0.9749882817268372, 0.22193308174610138, -0.1955731064081192, -0.21994832158088684, 0.9557057619094849),
            ["LeftLowerArm"] = CFrame.new(-8.940696716308594e-08, -1.1920928955078125e-07, -2.9802322387695312e-08, 1, -4.414469003677368e-07, 3.650784492492676e-07, -4.544850469301309e-07, 0.9996033310890198, -0.028163373470306396, 3.1013016155156947e-07, 0.028163902461528778, 0.9996033906936646),
            ["RightUpperArm"] = CFrame.new(-2.384185791015625e-07, -0.06523823738098145, -3.259629011154175e-07, 0.7591157555580139, 0.12777765095233917, 0.6382922530174255, 0.28434687852859497, -0.9471403956413269, -0.1485666185617447, 0.585568368434906, 0.2942754328250885, -0.7553219199180603),
            ["Head"] = CFrame.new(5.587935447692871e-09, 0, -2.3702159523963928e-07, 0.9979667663574219, 0.028084350749850273, 0.0572170726954937, 0.04525471106171608, 0.31993424892425537, -0.9463583827018738, -0.04488347843289375, 0.9470234513282776, 0.31801286339759827),
            ["RightHand"] = CFrame.new(-1.4901161193847656e-07, 5.960464477539063e-08, -3.6135315895080566e-07, 0.7862416505813599, -0.4537442624568939, 0.41945236921310425, 0.4695436954498291, 0.8799847364425659, 0.07179205864667892, -0.4016873836517334, 0.14050990343093872, 0.9049341678619385),
            ["UpperTorso"] = CFrame.new(-1.862645149230957e-09, -8.940696716308594e-08, 5.972106009721756e-08, 0.9807116389274597, 0.0535534992814064, -0.18798089027404785, -0.019937314093112946, 0.9841262698173523, 0.17634639143943787, 0.1944407969713211, -0.1691969931125641, 0.9662117958068848),
            ["HumanoidRootPart"] = CFrame.new(0, 0, 0, 1, 0, 0, 0, 1, 0, 0, 0, 1),
            ["RightUpperLeg"] = CFrame.new(-0.000025451183319091797, -0.00012578163295984268, -0.004997476935386658, 0.9510681629180908, -0.0787452980875969, -0.298779159784317, -0.10674531757831573, 0.8236986398696899, -0.5568898320198059, 0.2899567484855652, 0.561533510684967, 0.7749868631362915),
            ["LeftUpperArm"] = CFrame.new(5.960464477539063e-08, -0.06523799896240234, -4.246830940246582e-07, 0.5338062047958374, 0.20958977937698364, -0.8192213773727417, -0.10705171525478363, -0.944252073764801, -0.31133273243904114, -0.8388033509254456, 0.25389033555984497, -0.48161017894744873),
            ["RightLowerArm"] = CFrame.new(-1.7881393432617188e-07, -3.5762786865234375e-07, 7.040798664093018e-07, 1, 0.0000023916393274703296, 7.25267000234453e-07, 0.0000023692821287113475, 0.9996036887168884, -0.028159385547041893, 9.526255553282681e-07, 0.028153585270047188, 0.9996034502983093),
            ["LeftHand"] = CFrame.new(4.470348358154297e-08, 2.384185791015625e-07, 0, 0.9189679622650146, 0.3379659354686737, -0.20316766202449799, -0.3609188199043274, 0.9284281134605408, -0.08808466792106628, 0.15885697305202484, 0.15427322685718536, 0.975173830986023),
            ["LeftFoot"] = CFrame.new(-2.9802322387695312e-08, 5.960464477539063e-08, -1.4901161193847656e-07, 0.9998652935028076, -0.014983151108026505, 0.006700583733618259, 0.011477011255919933, 0.9301390051841736, 0.36702874302864075, -0.011732270941138268, -0.36690202355384827, 0.9301855564117432),
            ["LowerTorso"] = CFrame.new(0, 0.5351109504699707, 0, 0.9868229627609253, 0.02563634142279625, 0.15975995361804962, -0.15717121958732605, 0.3864591717720032, 0.9088160991668701, -0.03844110667705536, -0.9219502210617065, 0.38539594411849976),
            ["RightLowerLeg"] = CFrame.new(1.4901161193847656e-08, -2.384185791015625e-07, -2.8107024263590574e-08, 1, 1.4901157641133977e-08, 2.9802322387695312e-08, -7.450578820566989e-09, 0.9999851584434509, 0.005457146093249321, -7.450578820566989e-09, -0.0054573011584579945, 0.9999850988388062),
            ["LeftUpperLeg"] = CFrame.new(0.000025570392608642578, 0.00012557394802570343, 0.004997624084353447, 0.9998393058776855, -0.016710611060261726, -0.006495480425655842, 0.017841139808297157, 0.9635208249092102, 0.2670382559299469, 0.0017963037826120853, -0.26711153984069824, 0.9636641144752502),
            ["LeftLowerLeg"] = CFrame.new(8.568167686462402e-08, 0, 1.4156103134155273e-07, 1, -9.313225746154785e-09, -8.847562682490206e-09, 1.6763806343078613e-08, 0.9999867081642151, 0.005170511081814766, 1.0244548320770264e-08, -0.005170461256057024, 0.9999866485595703),
        }},
        {Time = 0.167, Data = {
            ["RightFoot"] = CFrame.new(-4.470348358154297e-08, 4.172325134277344e-07, -5.790934665128589e-08, 0.9775913953781128, -0.030857190489768982, 0.20823831856250763, -0.008938193321228027, 0.9822237491607666, 0.18750207126140594, -0.21032163500785828, -0.1851605474948883, 0.959937334060669),
            ["LeftLowerArm"] = CFrame.new(2.9802322387695312e-08, 1.1920928955078125e-07, -5.960464477539063e-08, 1, 4.2840824221457297e-08, -1.5273684539351962e-07, 1.6763804566721774e-08, 0.9996032118797302, -0.028170159086585045, -5.261971836034718e-08, 0.02816980890929699, 0.9996032118797302),
            ["RightUpperArm"] = CFrame.new(-5.960464477539063e-08, -0.0652381181716919, 2.2444874048233032e-07, 0.7276272177696228, 0.10772822797298431, 0.6774612665176392, 0.21684469282627106, -0.9730716347694397, -0.07816676050424576, 0.6507973074913025, 0.20378030836582184, -0.7313933372497559),
            ["Head"] = CFrame.new(0, -2.384185791015625e-07, -1.4621764421463013e-07, 0.9983445405960083, 0.02530648373067379, 0.05165132135152817, 0.044039249420166016, 0.24131585657596588, -0.9694468379020691, -0.03699750825762749, 0.9701167345046997, 0.23980218172073364),
            ["RightHand"] = CFrame.new(-5.960464477539063e-08, 1.7881393432617188e-07, -1.1920928955078125e-07, 0.7744315266609192, -0.4544130861759186, 0.44018790125846863, 0.4731983244419098, 0.877864420413971, 0.0737268403172493, -0.419927716255188, 0.151204451918602, 0.8948737382888794),
            ["UpperTorso"] = CFrame.new(-1.0803341865539551e-07, 1.4901161193847656e-07, 3.0174851417541504e-07, 0.9812365770339966, 0.0433950275182724, -0.1878611296415329, -0.01200637873262167, 0.986204981803894, 0.16509240865707397, 0.1924336552619934, -0.15973901748657227, 0.9682214856147766),
            ["HumanoidRootPart"] = CFrame.new(0, 0, 0, 1, 0, 0, 0, 1, 0, 0, 0, 1),
            ["RightUpperLeg"] = CFrame.new(-0.00002568960189819336, -0.0001254766248166561, -0.0049971118569374084, 0.9354511499404907, -0.08213450014591217, -0.34378090500831604, -0.07418438792228699, 0.905336320400238, -0.4181665778160095, 0.34558340907096863, 0.41667747497558594, 0.8408040404319763),
            ["LeftUpperArm"] = CFrame.new(0, -0.0652381181716919, 2.2165477275848389e-07, 0.48410260677337646, 0.238267183303833, -0.8419463634490967, -0.0600830540060997, -0.9508892893791199, -0.3036440312862396, -0.87294602394104, 0.19758182764053345, -0.44601187109947205),
            ["RightLowerArm"] = CFrame.new(3.5762786865234375e-07, 3.5762786865234375e-07, 3.8743019104003906e-07, 1, 0.0000017397120473106042, 0.0000011799844514825963, 0.000001758335997692484, 0.9996044635772705, -0.02813166007399559, 0.0000011594959232752444, 0.028126100078225136, 0.9996042847633362),
            ["LeftHand"] = CFrame.new(-3.948807716369629e-07, -1.1920928955078125e-07, 0, 0.9127256870269775, 0.3164450526237488, -0.25844642519950867, -0.34645235538482666, 0.9347326159477234, -0.07902833074331284, 0.21657010912895203, 0.16167080402374268, 0.9627876877784729),
            ["LeftFoot"] = CFrame.new(1.1920928955078125e-07, 0, -5.364418029785156e-07, 0.9998697638511658, -0.004603010136634111, 0.015470211394131184, -0.000009768174095370341, 0.9583341479301453, 0.2856500744819641, -0.016140982508659363, -0.2856128215789795, 0.958209216594696),
            ["LowerTorso"] = CFrame.new(0, 0.678523063659668, 0, 0.9847148656845093, 0.03469472751021385, 0.17068353295326233, -0.1740143746137619, 0.23794932663440704, 0.9555622935295105, -0.007460157852619886, -0.9706577658653259, 0.24034951627254486),
            ["RightLowerLeg"] = CFrame.new(-6.705522537231445e-08, 5.960464477539063e-08, -5.790934665128589e-08, 1, 1.4901159417490817e-08, 7.4505797087454084e-09, -5.587936335871291e-09, 0.9999850392341614, 0.005472997203469276, 7.450581485102248e-09, -0.0054732454009354115, 0.9999850392341614),
            ["LeftUpperLeg"] = CFrame.new(0.000025331974029541016, 0.00012591341510415077, 0.004998275078833103, 0.999379575252533, -0.01863706298172474, 0.029887374490499496, 0.01030473131686449, 0.9660997986793518, 0.2579633593559265, -0.03368186950683594, -0.2574955224990845, 0.965692400932312),
            ["LeftLowerLeg"] = CFrame.new(3.725290298461914e-08, 5.960464477539063e-08, 1.387670636177063e-07, 1, -1.74623018267539e-08, -1.8742872143207023e-08, -1.5599654901166105e-08, 0.9999843239784241, 0.005607111379504204, 1.2689271855492734e-08, -0.005607166793197393, 0.9999843239784241),
        }},
        {Time = 0.200, Data = {
            ["RightFoot"] = CFrame.new(1.4901161193847656e-08, 2.980232238769531e-07, -4.300818545743823e-08, 0.9758263826370239, -0.031252291053533554, 0.216301828622818, -0.010360599495470524, 0.9819961786270142, 0.1886175125837326, -0.21830175817012787, -0.1862981915473938, 0.9579337239265442),
            ["LeftLowerArm"] = CFrame.new(-5.066394805908203e-07, -2.384185791015625e-07, -5.960464477539063e-08, 1, -2.607702640489151e-07, 3.5390269204071956e-07, -2.905725295931916e-07, 0.9996032118797302, -0.028166549280285835, 3.203748519808869e-07, 0.028167560696601868, 0.999603271484375),
            ["RightUpperArm"] = CFrame.new(-5.960464477539063e-08, -0.06523787975311279, 4.416797310113907e-07, 0.693505048751831, 0.07138697803020477, 0.7169066071510315, 0.17088495194911957, -0.9829813241958618, -0.06742517650127411, 0.6998922228813171, 0.16926805675029755, -0.6939011216163635),
            ["Head"] = CFrame.new(-4.6566128730773926e-09, 1.1920928955078125e-07, 1.2949749361723661e-07, 0.9991510510444641, 0.02157076634466648, 0.035098668187856674, 0.030359311029314995, 0.19038188457489014, -0.9812405705451965, -0.027848243713378906, 0.9814730882644653, 0.1895652562379837),
            ["RightHand"] = CFrame.new(5.960464477539063e-08, 0, 1.7881393432617188e-07, 0.7706857323646545, -0.4488474130630493, 0.4523051977157593, 0.47004011273384094, 0.8796972632408142, 0.07206692546606064, -0.43023914098739624, 0.1570633202791214, 0.8889468312263489),
            ["UpperTorso"] = CFrame.new(-1.862645149230957e-09, 2.9802322387695312e-08, -1.932494342327118e-07, 0.9840133786201477, 0.021778885275125504, -0.1767585277557373, 0.0037460613530129194, 0.9897447228431702, 0.1427980661392212, 0.1780557483434677, -0.14117741584777832, 0.9738404750823975),
            ["HumanoidRootPart"] = CFrame.new(0, 0, 0, 1, 0, 0, 0, 1, 0, 0, 0, 1),
            ["RightUpperLeg"] = CFrame.new(-0.000025570392608642578, -0.00012563727796077728, -0.004997577518224716, 0.9223929643630981, -0.07763689756393433, -0.3783700466156006, -0.050066687166690826, 0.9472931623458862, -0.3164324462413788, 0.3829942047595978, 0.3108188509941101, 0.869888961315155),
            ["LeftUpperArm"] = CFrame.new(0, -0.06523787975311279, 4.479952622205019e-07, 0.4647781550884247, 0.24586132168769836, -0.8506077527999878, -0.06348670274019241, -0.9489487409591675, -0.30897584557533264, -0.8831482529640198, 0.19760744273662567, -0.4254414737224579),
            ["RightLowerArm"] = CFrame.new(-4.172325134277344e-07, 1.1920928955078125e-07, -2.980232238769531e-07, 1, 0.0000018104930177287315, 3.818422555923462e-07, 0.0000018253911093779607, 0.9994516372680664, -0.03311840444803238, 3.1292418611883477e-07, 0.03311476483941078, 0.9994514584541321),
            ["LeftHand"] = CFrame.new(-2.086162567138672e-07, 0, 0, 0.8987243175506592, 0.30004510283470154, -0.3197934627532959, -0.3359280228614807, 0.9398263096809387, -0.062280766665935516, 0.28186336159706116, 0.16339951753616333, 0.9454380869865417),
            ["LeftFoot"] = CFrame.new(-5.587935447692871e-08, 1.7881393432617188e-07, 7.599592208862305e-07, 0.9996188879013062, -0.0033218602184206247, 0.027404000982642174, -0.0009312941692769527, 0.98811936378479, 0.15368597209453583, -0.027589324861764908, -0.15365302562713623, 0.9877396821975708),
            ["LowerTorso"] = CFrame.new(0, 0.7966270446777344, 0, 0.9840752482414246, 0.03996956720948219, 0.17320039868354797, -0.1761103719472885, 0.08709409832954407, 0.9805099964141846, 0.024106750264763832, -0.9953979253768921, 0.09274616092443466),
            ["RightLowerLeg"] = CFrame.new(2.2351741790771484e-08, -1.7881393432617188e-07, 9.85528458841145e-08, 1, -2.4214378058218244e-08, -2.607702853651972e-08, -7.450578820566989e-09, 0.9999867677688599, 0.0051419432274997234, 7.450578820566989e-09, -0.005142106208950281, 0.9999868273735046),
            ["LeftUpperLeg"] = CFrame.new(0.000025510787963867188, 0.00012568850070238113, 0.0049976930022239685, 0.9972457885742188, -0.022190818563103676, 0.0707702562212944, 0.005892032757401466, 0.9748708605766296, 0.22269314527511597, -0.07393370568752289, -0.22166284918785095, 0.972316563129425),
            ["LeftLowerLeg"] = CFrame.new(7.636845111846924e-08, 5.960464477539063e-08, 1.4156103134155273e-07, 1, -1.0244549208948683e-08, -7.334164386918474e-09, -7.450580596923828e-09, 0.9999837279319763, 0.005715663079172373, -1.1175870895385742e-08, -0.005715744104236364, 0.9999836683273315),
        }},
        {Time = 0.233, Data = {
            ["RightFoot"] = CFrame.new(4.470348358154297e-08, 3.5762786865234375e-07, 1.8795981304720044e-07, 0.9754276871681213, -0.03329266980290413, 0.21779000759124756, -0.01401280052959919, 0.9771422147750854, 0.21212558448314667, -0.2198738008737564, -0.2099638730287552, 0.952664852142334),
            ["LeftLowerArm"] = CFrame.new(1.7881393432617188e-07, -4.76837158203125e-07, -1.1920928955078125e-07, 1, -3.129244134925102e-07, -2.16066737834808e-07, -3.0547380447387695e-07, 0.9996035099029541, -0.028158100321888924, -4.470348358154297e-08, 0.02815696969628334, 0.9996034502983093),
            ["RightUpperArm"] = CFrame.new(2.384185791015625e-07, -0.06523764133453369, -2.4959444999694824e-07, 0.6542404294013977, 0.011788285337388515, 0.756195068359375, 0.14472605288028717, -0.9833514094352722, -0.1098838597536087, 0.7423098683357239, 0.18133139610290527, -0.6450539827346802),
            ["Head"] = CFrame.new(0, 1.1920928955078125e-07, -3.245077095925808e-07, 0.9999195337295532, 0.009505984373390675, 0.008411859162151814, 0.006802643649280071, 0.15818051993846893, -0.9873867630958557, -0.010716701857745647, 0.9873644709587097, 0.15810313820838928),
            ["RightHand"] = CFrame.new(-1.7881393432617188e-07, -1.1920928955078125e-07, -5.960464477539063e-08, 0.784673810005188, -0.42968207597732544, 0.4468345046043396, 0.4536997973918915, 0.8892398476600647, 0.058374255895614624, -0.4224258065223694, 0.15692667663097382, 0.8927102088928223),
            ["UpperTorso"] = CFrame.new(0, 5.960464477539063e-08, 8.405186235904694e-08, 0.9880212545394897, -0.00012053737009409815, -0.15431824326515198, 0.022027788683772087, 0.9898704886436462, 0.14025406539440155, 0.15273813903331757, -0.14197316765785217, 0.978015661239624),
            ["HumanoidRootPart"] = CFrame.new(0, 0, 0, 1, 0, 0, 0, 1, 0, 0, 0, 1),
            ["RightUpperLeg"] = CFrame.new(-0.000025540590286254883, -0.0001256316900253296, -0.004997660871595144, 0.9107791781425476, -0.06626328825950623, -0.4075424373149872, -0.032120391726493835, 0.9726752042770386, -0.22993850708007812, 0.41164278984069824, 0.2225133627653122, 0.883763313293457),
            ["LeftUpperArm"] = CFrame.new(-1.1920928955078125e-07, -0.06523764133453369, -1.0989606380462646e-07, 0.46285805106163025, 0.2357759326696396, -0.8545013666152954, -0.084991954267025, -0.9477323889732361, -0.30753830075263977, -0.8823485374450684, 0.21497231721878052, -0.4186260402202606),
            ["RightLowerArm"] = CFrame.new(-1.1920928955078125e-07, -2.980232238769531e-07, -2.384185791015625e-07, 1, 0.0000016782440752649563, 3.8743010577491077e-07, 0.000001760052441568405, 0.9990489482879639, -0.04360686242580414, 3.576275275918306e-07, 0.04360324144363403, 0.9990488290786743),
            ["LeftHand"] = CFrame.new(-2.384185791015625e-07, -1.1920928955078125e-07, 0, 0.8751489520072937, 0.3004792332649231, -0.3792458474636078, -0.33176881074905396, 0.9431828260421753, -0.01830129325389862, 0.35219860076904297, 0.14183904230594635, 0.9251149892807007),
            ["LeftFoot"] = CFrame.new(-1.2665987014770508e-07, 5.960464477539063e-08, 8.940696716308594e-08, 0.9995799660682678, -0.0008572639198973775, 0.028967836871743202, -0.0011670361272990704, 0.9975650906562805, 0.06973236054182053, -0.02895733341574669, -0.06973712891340256, 0.9971450567245483),
            ["LowerTorso"] = CFrame.new(0, 0.8767695426940918, 0, 0.9843282699584961, 0.041270166635513306, 0.17144860327243805, -0.16979946196079254, -0.04063090682029724, 0.9846407175064087, 0.047603268176317215, -0.9983215928077698, -0.03298654034733772),
            ["RightLowerLeg"] = CFrame.new(-1.6763806343078613e-07, -5.960464477539063e-08, -5.75528247281909e-09, 1, -2.3283064365386963e-08, 2.2351741790771484e-08, -3.725290653733282e-08, 0.9999856948852539, 0.005354138091206551, 1.0244549208948683e-08, -0.005354366265237331, 0.9999857544898987),
            ["LeftUpperLeg"] = CFrame.new(0.000025540590286254883, 0.00012565962970256805, 0.0049972389824688435, 0.9926579594612122, -0.021528296172618866, 0.11902452260255814, -0.002216377528384328, 0.9806264042854309, 0.19587548077106476, -0.12093523144721985, -0.19470107555389404, 0.9733786582946777),
            ["LeftLowerLeg"] = CFrame.new(6.705522537231445e-08, -1.1920928955078125e-07, 5.960464477539063e-08, 1, 1.862645149230957e-09, -2.9802322387695312e-08, 2.7939681679356454e-09, 0.999984085559845, 0.005644305609166622, -4.842878098543224e-08, -0.0056443060748279095, 0.999984085559845),
        }},
        {Time = 0.300, Data = {
            ["RightFoot"] = CFrame.new(5.587935447692871e-09, 3.5762786865234375e-07, -1.582593540661037e-07, 0.9756693243980408, -0.03358243405818939, 0.21666036546230316, -0.01832227036356926, 0.9722558259963989, 0.23320209980010986, -0.21848057210445404, -0.23149697482585907, 0.9479847550392151),
            ["LeftLowerArm"] = CFrame.new(0, 2.384185791015625e-07, 1.7881393432617188e-07, 1, -4.02331437499015e-07, -2.980232594040899e-08, -3.8743010577491077e-07, 0.9996040463447571, -0.028139088302850723, -5.960463056453591e-08, 0.0281386598944664, 0.9996041059494019),
            ["RightUpperArm"] = CFrame.new(-1.1920928955078125e-07, -0.06523799896240234, 4.172325134277344e-07, 0.6210736036300659, -0.045950282365083694, 0.7824043035507202, 0.11901302635669708, -0.9811739921569824, -0.1520967334508896, 0.774663507938385, 0.18757981061935425, -0.6039124727249146),
            ["Head"] = CFrame.new(-1.4901161193847656e-08, 1.1920928955078125e-07, 2.4400651454925537e-07, 0.9996908903121948, -0.009014992043375969, -0.023170778527855873, -0.021871956065297127, 0.12427876144647598, -0.9920063018798828, 0.011822560802102089, 0.9922064542770386, 0.12404359877109528),
            ["RightHand"] = CFrame.new(-5.960464477539063e-08, -5.960464477539063e-08, 5.960464477539063e-08, 0.816378653049469, -0.40610459446907043, 0.41061586141586304, 0.4307577311992645, 0.9017707109451294, 0.03543746471405029, -0.3846735656261444, 0.1479484736919403, 0.9111196398735046),
            ["UpperTorso"] = CFrame.new(-3.91155481338501e-08, 0, -3.057066351175308e-07, 0.9925839900970459, -0.010558395646512508, -0.1211010217666626, 0.035285551100969315, 0.9783546328544617, 0.2039054036140442, 0.11632674932479858, -0.20666593313217163, 0.9714716672897339),
            ["HumanoidRootPart"] = CFrame.new(0, 0, 0, 1, 0, 0, 0, 1, 0, 0, 0, 1),
            ["RightUpperLeg"] = CFrame.new(-0.000025510787963867188, -0.0001256689429283142, -0.004997813608497381, 0.9010046720504761, -0.050950679928064346, -0.4308071732521057, -0.006428227294236422, 0.9914010763168335, -0.13070128858089447, 0.43376198410987854, 0.12053178995847702, 0.8929290771484375),
            ["LeftUpperArm"] = CFrame.new(0, -0.06523799896240234, 1.4901161193847656e-07, 0.5039082169532776, 0.1981736421585083, -0.8407163023948669, -0.09258328378200531, -0.9553250670433044, -0.28068190813064575, -0.858781099319458, 0.2192744016647339, -0.46304836869239807),
            ["RightLowerArm"] = CFrame.new(1.1920928955078125e-07, 5.960464477539063e-08, -2.384185791015625e-07, 1, 0.0000016494894907737034, 5.364418029785156e-07, 0.0000016801043329905951, 0.999183177947998, -0.040415287017822266, 6.034964599166415e-07, 0.04041179269552231, 0.9991829991340637),
            ["LeftHand"] = CFrame.new(1.7881393432617188e-07, 2.384185791015625e-07, 3.5762786865234375e-07, 0.8402729034423828, 0.32760316133499146, -0.4319930374622345, -0.33519247174263, 0.9401729106903076, 0.060996465384960175, 0.4261307418346405, 0.09354723244905472, 0.8998119235038757),
            ["LeftFoot"] = CFrame.new(5.960464477539063e-08, 1.1920928955078125e-07, -2.2351741790771484e-07, 0.9999198913574219, 0.0006158128380775452, 0.012643618509173393, -0.0013162355171516538, 0.9984680414199829, 0.05531621724367142, -0.012590681202709675, -0.05532877892255783, 0.9983888864517212),
            ["LowerTorso"] = CFrame.new(0, 0.9062952995300293, 0, 0.9854800701141357, 0.040865566581487656, 0.1647997945547104, -0.15890657901763916, -0.11993822455406189, 0.9799814224243164, 0.05981418862938881, -0.991939902305603, -0.11170291155576706),
