return {
    ["All I Want For Christmas Is You"] = {
        {Time = 0.000, Data = {
            ["RightFoot"] = CFrame.new(1.7508864402770996e-07, -2.384185791015625e-07, 4.639878170564771e-08, 0.9751260280609131, 0.22139935195446014, -0.010563788004219532, -0.184157595038414, 0.8357795476913452, 0.5172604918479919, 0.12335027009248734, -0.5024490356445312, 0.8557628393173218),
            ["LeftLowerArm"] = CFrame.new(0.0000011026859283447266, -4.172325134277344e-07, 0.000005122274160385132, 1, -1.30385160446167e-08, -6.589107925947246e-08, -8.102506399154663e-08, -0.3210597038269043, -0.9470590353012085, -1.1175870895385742e-08, 0.9470590353012085, -0.3210596740245819),
            ["RightUpperArm"] = CFrame.new(-0.15743619203567505, 0.11230480670928955, 0.021945346146821976, -0.11987423151731491, -0.9410056471824646, -0.31644657254219055, 0.5044223666191101, 0.21680748462677002, -0.8357946276664734, 0.8550954461097717, -0.25981298089027405, 0.44867464900016785),
            ["Head"] = CFrame.new(0, -5.960464477539062e-07, 1.5832483768463135e-08, 0.9432212114334106, 0.21579048037528992, -0.25252360105514526, -0.1695023775100708, 0.9664911031723022, 0.19277934730052948, 0.28566181659698486, -0.13903026282787323, 0.9481919407844543),
            ["RightHand"] = CFrame.new(3.0547380447387695e-07, 0.0000010728836059570312, -9.57399606704712e-07, 0.5249411463737488, -0.3287641406059265, 0.7850799560546875, -0.4749516546726227, 0.652276337146759, 0.590725839138031, -0.7062987089157104, -0.6829713582992554, 0.18625977635383606),
            ["UpperTorso"] = CFrame.new(-2.2351741790771484e-08, 2.086162567138672e-07, 9.313225746154785e-09, 0.9286174178123474, -0.1257821023464203, -0.3490680456161499, 0.11161275207996368, 0.9919083714485168, -0.06050047278404236, 0.3538534343242645, 0.017221257090568542, 0.9351423978805542),
            ["HumanoidRootPart"] = CFrame.new(0, 0, 0, 1, 0, 0, 0, 1, 0, 0, 0, 1),
            ["RightUpperLeg"] = CFrame.new(8.940696716308594e-08, -1.387670636177063e-07, 4.1145540308207273e-08, 0.992260754108429, -0.03393235802650452, 0.11944528669118881, 0.11488187313079834, 0.615935742855072, -0.7793751955032349, -0.047124531120061874, 0.7870652675628662, 0.6150667667388916),
            ["LeftUpperArm"] = CFrame.new(-0.06231975555419922, -0.13628363609313965, 0.014894451014697552, 0.4096476435661316, 0.8295059204101562, 0.379616379737854, -0.08475658297538757, 0.44894325733184814, -0.8895315527915955, -0.9082978963851929, 0.3322196304798126, 0.2542146146297455),
            ["RightLowerArm"] = CFrame.new(1.1920928955078125e-07, 3.5762786865234375e-07, -0.0000037886202335357666, 1, -0.00001900643292174209, -0.000003979540906584589, 0.000018887221813201904, 0.999871015548706, -0.016061054542660713, 0.0000042458996176719666, 0.01606099307537079, 0.999871015548706),
            ["LeftHand"] = CFrame.new(-0.0000013522803783416748, -0.0000010132789611816406, 2.8312206268310547e-07, -0.14139242470264435, -0.47012779116630554, 0.8711989521980286, 0.9675649404525757, 0.12047534435987473, 0.2220449298620224, -0.20934751629829407, 0.8743373155593872, 0.4378452003002167),
            ["LeftFoot"] = CFrame.new(2.60770320892334e-08, -2.384185791015625e-07, 1.862645149230957e-08, 0.8981115221977234, 0.06510312110185623, -0.4349219799041748, -0.165287047624588, 0.96644127368927, -0.19665098190307617, 0.4075241684913635, 0.24850155413150787, 0.8787328600883484),
            ["LowerTorso"] = CFrame.new(0.04268213361501694, -0.14247560501098633, 0.135269895195961, 0.6297051906585693, 0.04174931347370148, 0.7757114768028259, -0.04949071630835533, 0.9986823201179504, -0.013574306853115559, -0.7752560973167419, -0.02984270639717579, 0.6309416890144348),
            ["RightLowerLeg"] = CFrame.new(-4.470348358154297e-08, -0.0007265806198120117, 0.00004600157990353182, 1, 1.4528632164001465e-07, 7.823110337312755e-08, -6.332993507385254e-08, 0.11084562540054321, 0.9938375949859619, 1.4156103134155273e-07, -0.9938376545906067, 0.11084593832492828),
            ["LeftUpperLeg"] = CFrame.new(-8.940696716308594e-08, 4.284083843231201e-08, 2.7939677238464355e-08, 0.9924407005310059, -0.10204783827066422, 0.06817448884248734, 0.1214195191860199, 0.8972679376602173, -0.4244616627693176, -0.017855284735560417, 0.42953070998191833, 0.9028757810592651),
            ["LeftLowerLeg"] = CFrame.new(-1.1175870895385742e-07, -0.0007263422012329102, 0.00008089840412139893, 1, 4.470348358154297e-08, 4.284083843231201e-08, -6.70552182668871e-08, 0.7549779415130615, 0.6557500958442688, -1.1175869119028903e-08, -0.6557502150535583, 0.7549780607223511),
        }},
        {Time = 0.033, Data = {
            ["RightFoot"] = CFrame.new(2.60770320892334e-07, 5.960464477539063e-08, -4.300818545743823e-08, 0.9742180109024048, 0.22553183138370514, 0.00588413467630744, -0.19325843453407288, 0.8207831978797913, 0.5375559329986572, 0.11640642583370209, -0.5248337984085083, 0.8432076573371887),
            ["LeftLowerArm"] = CFrame.new(0.0000012516975402832031, -5.364418029785156e-07, 0.000004798173904418945, 1, -1.4435498130183078e-08, -7.35744833946228e-08, -7.543712854385376e-08, -0.31646206974983215, -0.9486052393913269, -8.381903171539307e-09, 0.9486051201820374, -0.31646203994750977),
            ["RightUpperArm"] = CFrame.new(-0.15922528505325317, 0.11320745944976807, 0.021575625985860825, -0.11168850213289261, -0.9401776194572449, -0.32185670733451843, 0.5180737376213074, 0.22129753232002258, -0.8262125253677368, 0.8480125069618225, -0.2590242028236389, 0.46236488223075867),
            ["Head"] = CFrame.new(1.1175870895385742e-08, -4.76837158203125e-07, -1.7695128917694092e-08, 0.9432623982429504, 0.22084319591522217, -0.24796055257320404, -0.17623579502105713, 0.9658710956573486, 0.18982596695423126, 0.281419962644577, -0.13535623252391815, 0.9499903917312622),
            ["RightHand"] = CFrame.new(4.3958425521850586e-07, 0.0000011324882507324219, -9.648501873016357e-07, 0.5601117014884949, -0.29009395837783813, 0.7759637236595154, -0.5173242092132568, 0.6091088056564331, 0.6011343002319336, -0.6470321416854858, -0.7381273508071899, 0.19109651446342468),
            ["UpperTorso"] = CFrame.new(-3.3527612686157227e-08, -3.8743019104003906e-07, 1.4901161193847656e-08, 0.9265373945236206, -0.13126949965953827, -0.3525579273700714, 0.12888826429843903, 0.9911950826644897, -0.03033207729458809, 0.3534349799156189, -0.01733674667775631, 0.9352983832359314),
            ["HumanoidRootPart"] = CFrame.new(0, 0, 0, 1, 0, 0, 0, 1, 0, 0, 0, 1),
            ["RightUpperLeg"] = CFrame.new(2.9802322387695312e-08, -1.8486753106117249e-07, -1.6952981241047382e-09, 0.9904762506484985, -0.04334605485200882, 0.13068275153636932, 0.12930211424827576, 0.6189531087875366, -0.7747116684913635, -0.04730609059333801, 0.7842309474945068, 0.6186628937721252),
            ["LeftUpperArm"] = CFrame.new(-0.06421506404876709, -0.13496804237365723, 0.013482596725225449, 0.41043660044670105, 0.8241907358169556, 0.3901938498020172, -0.08590664714574814, 0.4609406590461731, -0.883263111114502, -0.9078335762023926, 0.3290034234523773, 0.2599905729293823),
            ["RightLowerArm"] = CFrame.new(4.172325134277344e-07, 5.364418029785156e-07, -0.0000037550926208496094, 1, -0.000018931928934762254, -0.000004171859927737387, 0.000018864870071411133, 0.9999972581863403, -0.002373738447204232, 0.000004287343472242355, 0.0023736790753901005, 0.9999972581863403),
            ["LeftHand"] = CFrame.new(-0.0000013783574104309082, -6.556510925292969e-07, 2.384185791015625e-07, -0.18608775734901428, -0.4550890326499939, 0.8707841038703918, 0.9641551971435547, 0.0860334262251854, 0.25100430846214294, -0.18914592266082764, 0.8862800598144531, 0.4227670133113861),
            ["LeftFoot"] = CFrame.new(9.313225746154785e-09, -1.1920928955078125e-07, -1.1175870895385742e-08, 0.8960734009742737, 0.07001862674951553, -0.43834924697875977, -0.17193743586540222, 0.9651458859443665, -0.19730927050113678, 0.4092554450035095, 0.2521723210811615, 0.8768803477287292),
            ["LowerTorso"] = CFrame.new(0.04284186661243439, -0.1518949270248413, 0.14476656913757324, 0.6286421418190002, 0.06646829098463058, 0.7748491168022156, -0.055895350873470306, 0.9976258277893066, -0.04023017734289169, -0.7756834030151367, -0.01802007667720318, 0.6308649182319641),
            ["RightLowerLeg"] = CFrame.new(-6.705522537231445e-08, -0.0007263422012329102, 0.00004601648106472567, 1, 1.7881399116959074e-07, 7.450583439094771e-08, -8.195638656616211e-08, 0.09504539519548416, 0.9954730272293091, 9.313225746154785e-08, -0.9954729676246643, 0.09504549950361252),
            ["LeftUpperLeg"] = CFrame.new(-8.940696716308594e-08, -8.102506399154663e-08, 1.4901161193847656e-08, 0.9909484386444092, -0.10986477136611938, 0.07714257389307022, 0.1319979727268219, 0.9020889401435852, -0.41086748242378235, -0.024449821561574936, 0.41733115911483765, 0.908425509929657),
            ["LeftLowerLeg"] = CFrame.new(-2.9802322387695312e-08, -0.0007263422012329102, 0.00008103251457214355, 1, 9.685753354915505e-08, -3.166496398421259e-08, -3.725289943190546e-08, 0.7439380288124084, 0.6682485938072205, 7.078050856534901e-08, -0.6682485938072205, 0.7439380288124084),
        }},
        {Time = 0.067, Data = {
            ["RightFoot"] = CFrame.new(1.5273690223693848e-07, -1.7881393432617188e-07, -1.3205863069742918e-08, 0.9733710885047913, 0.22842729091644287, 0.019229255616664886, -0.20061208307743073, 0.8082398176193237, 0.5536272525787354, 0.11092191934585571, -0.5427424311637878, 0.8325425386428833),
            ["LeftLowerArm"] = CFrame.new(0.000001341104507446289, -5.364418029785156e-07, 0.000004857778549194336, 1, -1.5366820704798556e-08, -6.053598156086082e-08, -7.63684582238966e-08, -0.31451407074928284, -0.9492528438568115, -1.6763808119435453e-08, 0.9492527842521667, -0.3145141303539276),
            ["RightUpperArm"] = CFrame.new(-0.15997731685638428, 0.11347675323486328, 0.021959662437438965, -0.10497713834047318, -0.9420467019081116, -0.3186348080635071, 0.5282570719718933, 0.21864034235477448, -0.8204516768455505, 0.8425700664520264, -0.25444942712783813, 0.4746904969215393),
            ["Head"] = CFrame.new(7.450580596923828e-09, -3.5762786865234375e-07, -2.7008354663848877e-08, 0.9428836107254028, 0.22673478722572327, -0.2440536618232727, -0.18200768530368805, 0.9642418026924133, 0.19264186918735504, 0.2790050208568573, -0.13721929490566254, 0.9504351615905762),
            ["RightHand"] = CFrame.new(2.60770320892334e-07, 0.0000011324882507324219, -7.655471563339233e-07, 0.5663148164749146, -0.2601824402809143, 0.78204345703125, -0.552960991859436, 0.5836715698242188, 0.5946108102798462, -0.6111642122268677, -0.7691765427589417, 0.18667133152484894),
            ["UpperTorso"] = CFrame.new(1.1175870895385742e-08, -1.4901161193847656e-07, -1.4901161193847656e-08, 0.9254885315895081, -0.135952889919281, -0.3535362482070923, 0.13994398713111877, 0.9900550842285156, -0.014381148852407932, 0.35197561979293823, -0.036165762692689896, 0.9353103041648865),
            ["HumanoidRootPart"] = CFrame.new(0, 0, 0, 1, 0, 0, 0, 1, 0, 0, 0, 1),
            ["RightUpperLeg"] = CFrame.new(2.9802322387695312e-08, -2.2747553884983063e-07, -2.4047039914876223e-08, 0.9887658357620239, -0.04945604130625725, 0.14105400443077087, 0.14130473136901855, 0.616956889629364, -0.7742075324058533, -0.04873516783118248, 0.7854414582252502, 0.6170141696929932),
            ["LeftUpperArm"] = CFrame.new(-0.06524872779846191, -0.13366734981536865, 0.013198599219322205, 0.4118238389492035, 0.8202599287033081, 0.3969575762748718, -0.08860760182142258, 0.4695928990840912, -0.8784254789352417, -0.9069452881813049, 0.3265828490257263, 0.266070693731308),
            ["RightLowerArm"] = CFrame.new(3.5762786865234375e-07, 5.960464477539063e-08, -0.000004231929779052734, 1, -0.00001896173125714995, -0.0000041923490243789274, 0.0000189468282769667, 0.9999972581863403, -0.002373715164139867, 0.000004252186499797972, 0.0023737256415188313, 0.9999972581863403),
            ["LeftHand"] = CFrame.new(-0.0000014156103134155273, -0.0000012516975402832031, 2.4586915969848633e-07, -0.20783378183841705, -0.4362432360649109, 0.8754978179931641, 0.9629482626914978, 0.06600727140903473, 0.26148393750190735, -0.17185986042022705, 0.8974046111106873, 0.4063616096973419),
            ["LeftFoot"] = CFrame.new(-2.0489096641540527e-08, -5.960464477539063e-08, 1.1175870895385742e-08, 0.895171582698822, 0.07463182508945465, -0.43942907452583313, -0.17711879312992096, 0.9642626643180847, -0.1970444917678833, 0.40901926159858704, 0.2542199194431305, 0.8763992786407471),
            ["LowerTorso"] = CFrame.new(0.0431695282459259, -0.15907049179077148, 0.15413972735404968, 0.6291717290878296, 0.08140967041254044, 0.7729911804199219, -0.06056595966219902, 0.9966109991073608, -0.05566347762942314, -0.7749029994010925, -0.01179506629705429, 0.6319701075553894),
            ["RightLowerLeg"] = CFrame.new(-2.086162567138672e-07, -0.0007265806198120117, 0.000046187844418454915, 1, 1.713633963618122e-07, 1.9371518078514782e-07, -7.450579886381092e-08, 0.08456464856863022, 0.9964180588722229, 1.4156101713069802e-07, -0.9964179992675781, 0.08456476777791977),
            ["LeftUpperLeg"] = CFrame.new(-5.960464477539063e-08, -3.543682396411896e-07, 2.2351741790771484e-08, 0.9896287322044373, -0.11618511378765106, 0.08447476476430893, 0.14063768088817596, 0.9034211039543152, -0.40503257513046265, -0.02925781160593033, 0.4127121567726135, 0.9103915691375732),
            ["LeftLowerLeg"] = CFrame.new(2.2351741790771484e-08, -0.0007268190383911133, 0.00008106231689453125, 1, 8.940696716308594e-08, -4.0978189730367376e-08, -7.450580596923828e-08, 0.7356892824172974, 0.6773192286491394, 3.725290298461914e-08, -0.6773192882537842, 0.7356893420219421),
        }},
        {Time = 0.100, Data = {
            ["RightFoot"] = CFrame.new(1.1548399925231934e-07, -3.5762786865234375e-07, 3.149762051180005e-08, 0.9727476835250854, 0.22992601990699768, 0.029937773942947388, -0.20605306327342987, 0.7980108261108398, 0.5663221478462219, 0.10632120817899704, -0.5570573210716248, 0.8236401081085205),
            ["LeftLowerArm"] = CFrame.new(0.0000012516975402832031, -4.76837158203125e-07, 0.000005185604095458984, 1, -1.2107191693644381e-08, -7.310883631816978e-08, -8.381902460996571e-08, -0.31264275312423706, -0.9498708844184875, -1.303851426825986e-08, 0.949870765209198, -0.31264278292655945),
            ["RightUpperArm"] = CFrame.new(-0.16028732061386108, 0.11359179019927979, 0.022360727190971375, -0.0995524451136589, -0.9453927278518677, -0.3103576600551605, 0.5343925356864929, 0.21230880916118622, -0.8181379437446594, 0.8393532633781433, -0.24730037152767181, 0.48407498002052307),
            ["Head"] = CFrame.new(-1.862645149230957e-09, -4.76837158203125e-07, 3.725290298461914e-09, 0.9427112936973572, 0.2314349263906479, -0.24027767777442932, -0.18633805215358734, 0.9626989960670471, 0.19618582725524902, 0.27671924233436584, -0.1401737481355667, 0.9506722688674927),
            ["RightHand"] = CFrame.new(2.2351741790771484e-07, 0.0000011920928955078125, -8.763745427131653e-07, 0.5523560047149658, -0.22149357199668884, 0.8036434054374695, -0.5927839875221252, 0.5734472870826721, 0.5654784440994263, -0.586097240447998, -0.7887324094772339, 0.18544934689998627),
            ["UpperTorso"] = CFrame.new(-1.862645149230957e-08, -8.940696716308594e-08, -9.313225746154785e-09, 0.9250442981719971, -0.13840101659297943, -0.3537486493587494, 0.14539361000061035, 0.9893500208854675, -0.006873677484691143, 0.35093268752098083, -0.04507448151707649, 0.9353153109550476),
            ["HumanoidRootPart"] = CFrame.new(0, 0, 0, 1, 0, 0, 0, 1, 0, 0, 0, 1),
            ["RightUpperLeg"] = CFrame.new(0, -3.1956005841493607e-07, -1.1008523870259523e-08, 0.987407386302948, -0.05329999700188637, 0.14894916117191315, 0.15015873312950134, 0.6121038198471069, -0.7763899564743042, -0.04979052022099495, 0.7889790534973145, 0.6123991012573242),
            ["LeftUpperArm"] = CFrame.new(-0.06570017337799072, -0.13302624225616455, 0.013183489441871643, 0.4106089174747467, 0.8186537623405457, 0.4015052318572998, -0.09336995333433151, 0.47577396035194397, -0.8745977282524109, -0.9070184230804443, 0.321629136800766, 0.27179455757141113),
            ["RightLowerArm"] = CFrame.new(4.172325134277344e-07, 8.940696716308594e-07, -0.000003855131581076421, 1, -0.000018939379515359178, -0.000004198751867079409, 0.000018887221813201904, 0.9999971985816956, -0.002373726340010762, 0.000004315050773584517, 0.002373727271333337, 0.9999972581863403),
            ["LeftHand"] = CFrame.new(-0.0000013336539268493652, -0.0000010132789611816406, 1.4901161193847656e-07, -0.20752058923244476, -0.41734158992767334, 0.8847376704216003, 0.9656208753585815, 0.0573563389480114, 0.25354811549186707, -0.15656165778636932, 0.906937837600708, 0.39109164476394653),
            ["LeftFoot"] = CFrame.new(1.6763806343078613e-08, -5.960464477539063e-08, -7.450580596923828e-09, 0.8948789834976196, 0.07878277450799942, -0.4393005967140198, -0.18125900626182556, 0.963620126247406, -0.1964217722415924, 0.4078441858291626, 0.25540080666542053, 0.876603364944458),
            ["LowerTorso"] = CFrame.new(0.04345382750034332, -0.16422033309936523, 0.16276118159294128, 0.6305078864097595, 0.0885615348815918, 0.7711138725280762, -0.06310901790857315, 0.9960293769836426, -0.06279119104146957, -0.7736129760742188, -0.009073895402252674, 0.6335934400558472),
            ["RightLowerLeg"] = CFrame.new(2.9802322387695312e-08, -0.0007263422012329102, 0.000046009030484128743, 1, 1.4901162614933128e-07, 8.195639367158947e-08, -1.0803340444454079e-07, 0.07864203304052353, 0.9969029426574707, 1.639127589214695e-07, -0.9969029426574707, 0.07864222675561905),
            ["LeftUpperLeg"] = CFrame.new(-2.9802322387695312e-08, -2.775341272354126e-07, -1.6763806343078613e-08, 0.988615870475769, -0.12048627436161041, 0.09012047201395035, 0.1469041258096695, 0.9024191498756409, -0.40504202246665955, -0.03252439200878143, 0.41366997361183167, 0.909845769405365),
            ["LeftLowerLeg"] = CFrame.new(-1.1920928955078125e-07, -0.0007269382476806641, 0.00008098036050796509, 1, 4.470347647611561e-08, 1.0244546899684792e-07, -7.450579886381092e-08, 0.7294004559516907, 0.6840870976448059, 1.862644971595273e-08, -0.6840870380401611, 0.7294004559516907),
        }},
        {Time = 0.133, Data = {
            ["RightFoot"] = CFrame.new(2.0116567611694336e-07, -1.7881393432617188e-07, 4.639878170564771e-08, 0.9722156524658203, 0.23090778291225433, 0.03844833001494408, -0.20993191003799438, 0.7873870134353638, 0.5796121954917908, 0.10356342047452927, -0.5715795755386353, 0.8139848709106445),
            ["LeftLowerArm"] = CFrame.new(0.0000012814998626708984, -4.172325134277344e-07, 0.00000494346022605896, 1, -1.5832481992106295e-08, -7.450580596923828e-08, -8.568167686462402e-08, -0.30872422456741333, -0.9511516094207764, -1.6763806343078613e-08, 0.9511516690254211, -0.30872416496276855),
            ["RightUpperArm"] = CFrame.new(-0.1602807641029358, 0.11339402198791504, 0.022886276245117188, -0.09704840183258057, -0.9470385313034058, -0.3061041533946991, 0.5370058417320251, 0.2091226428747177, -0.8172470331192017, 0.8379775881767273, -0.24369218945503235, 0.488270103931427),
            ["Head"] = CFrame.new(-1.862645149230957e-09, -0.0000010728836059570312, -9.313225746154785e-09, 0.9430842399597168, 0.23376813530921936, -0.23652657866477966, -0.18887151777744293, 0.9619114995002747, 0.19762077927589417, 0.2737150192260742, -0.14169998466968536, 0.9513155221939087),
            ["RightHand"] = CFrame.new(5.21540641784668e-08, 0.0000010728836059570312, -5.364418029785156e-07, 0.5245471000671387, -0.18065856397151947, 0.8319929242134094, -0.6284953951835632, 0.5770459175109863, 0.5215476751327515, -0.574320375919342, -0.7964800000190735, 0.18914490938186646),
            ["UpperTorso"] = CFrame.new(-1.1175870895385742e-08, -1.1920928955078125e-07, 9.313225746154785e-09, 0.9244165420532227, -0.14184367656707764, -0.3540261387825012, 0.15048612654209137, 0.9886071085929871, -0.0031520873308181763, 0.3504399359226227, -0.05036214739084244, 0.9352301955223083),
            ["HumanoidRootPart"] = CFrame.new(0, 0, 0, 1, 0, 0, 0, 1, 0, 0, 0, 1),
            ["RightUpperLeg"] = CFrame.new(8.940696716308594e-08, -2.6158522814512253e-07, 3.3694959711283445e-08, 0.9861981868743896, -0.057801101356744766, 0.15515254437923431, 0.15817640721797943, 0.6058083176612854, -0.7797285318374634, -0.04892351105809212, 0.7935082316398621, 0.6065897941589355),
            ["LeftUpperArm"] = CFrame.new(-0.0659869909286499, -0.13215112686157227, 0.01338888704776764, 0.39921683073043823, 0.8243100643157959, 0.4014212489128113, -0.10203326493501663, 0.4750465154647827, -0.8740252256393433, -0.9111614227294922, 0.30796724557876587, 0.2737535536289215),
            ["RightLowerArm"] = CFrame.new(3.5762786865234375e-07, 1.1920928955078125e-07, -0.000003936700522899628, 1, -0.000018939383153337985, -0.000004248927325534169, 0.000018917025954579003, 0.9999971985816956, -0.0023737046867609024, 0.000004297239229344996, 0.002373737283051014, 0.9999972581863403),
            ["LeftHand"] = CFrame.new(-0.0000014156103134155273, -0.0000013113021850585938, 3.5762786865234375e-07, -0.1647016853094101, -0.3927173316478729, 0.9047906398773193, 0.9759324193000793, 0.06804405152797699, 0.20718598365783691, -0.14293119311332703, 0.9171386361122131, 0.3720589876174927),
            ["LeftFoot"] = CFrame.new(2.7939677238464355e-08, 0, 3.725290298461914e-09, 0.8941565752029419, 0.08218692988157272, -0.4401468336582184, -0.18443261086940765, 0.9633488059043884, -0.19479168951511383, 0.4080057740211487, 0.2553517818450928, 0.8765426874160767),
            ["LowerTorso"] = CFrame.new(0.04368060082197189, -0.1678171157836914, 0.1697642207145691, 0.6324567794799805, 0.09381751716136932, 0.7688932418823242, -0.0662200078368187, 0.9955528378486633, -0.06700410693883896, -0.7717600464820862, -0.008538912050426006, 0.6358566880226135),
            ["RightLowerLeg"] = CFrame.new(-8.195638656616211e-08, -0.0007264018058776855, 0.00004598667874233797, 1, 1.5646223516796454e-07, 4.8428795196286956e-08, -1.5646214990283625e-07, 0.07420575618743896, 0.9972429871559143, 4.470347292340193e-08, -0.9972429871559143, 0.07420582324266434),
            ["LeftUpperLeg"] = CFrame.new(0, -3.487803041934967e-07, -1.862645149230957e-09, 0.9875351786613464, -0.12399496883153915, 0.09695196896791458, 0.1529139280319214, 0.9017816781997681, -0.4042367935180664, -0.03730615973472595, 0.4140232801437378, 0.9095014333724976),
            ["LeftLowerLeg"] = CFrame.new(5.21540641784668e-08, -0.0007264614105224609, 0.00008106976747512817, 1, 5.960464477539063e-08, -2.607702853651972e-08, -1.1175869474300271e-07, 0.7264775037765503, 0.6871902942657471, 0, -0.6871902942657471, 0.7264776229858398),
        }},
        {Time = 0.167, Data = {
            ["RightFoot"] = CFrame.new(2.3469328880310059e-07, 1.1920928955078125e-07, 6.129994289949536e-08, 0.9719244837760925, 0.23139110207557678, 0.04267542436718941, -0.21189391613006592, 0.7819012403488159, 0.5862859487533569, 0.10229352861642838, -0.5788684487342834, 0.8089793920516968),
            ["LeftLowerArm"] = CFrame.new(0.0000013709068298339844, -5.960464477539063e-08, 0.000004708766937255859, 1, -1.303851426825986e-08, -6.519259443393821e-08, -7.450580596923828e-08, -0.30663296580314636, -0.951827883720398, -1.6763806343078613e-08, 0.951827883720398, -0.306632936000824),
            ["RightUpperArm"] = CFrame.new(-0.1602298617362976, 0.11327850818634033, 0.023173488676548004, -0.09572964906692505, -0.9479756951332092, -0.3036077916622162, 0.5385767221450806, 0.20717953145503998, -0.8167077898979187, 0.8371206521987915, -0.2416996955871582, 0.4907246232032776),
            ["Head"] = CFrame.new(1.6763806343078613e-08, -7.152557373046875e-07, -1.0244548320770264e-08, 0.9435344934463501, 0.23346325755119324, -0.23502640426158905, -0.18881550431251526, 0.961941659450531, 0.1975269615650177, 0.2721974551677704, -0.1419970542192459, 0.9517067074775696),
            ["RightHand"] = CFrame.new(1.341104507446289e-07, 0.000001430511474609375, -7.115304470062256e-07, 0.5107212066650391, -0.1611175835132599, 0.8445144891738892, -0.6448882818222046, 0.5778264999389648, 0.5002357363700867, -0.568579912185669, -0.8000985383987427, 0.1912056803703308),
            ["UpperTorso"] = CFrame.new(4.470348358154297e-08, 0, -4.842877388000488e-08, 0.9241114258766174, -0.1436125934123993, -0.35410961508750916, 0.1525021493434906, 0.9882991313934326, -0.0028332381043583155, 0.35037291049957275, -0.05138418450951576, 0.9351996779441833),
            ["HumanoidRootPart"] = CFrame.new(0, 0, 0, 1, 0, 0, 0, 1, 0, 0, 0, 1),
            ["RightUpperLeg"] = CFrame.new(0, -1.979060471057892e-09, 9.480572771281004e-09, 0.9855530261993408, -0.060618460178375244, 0.1581474393606186, 0.16252128779888153, 0.6012745499610901, -0.7823401093482971, -0.04766564443707466, 0.7967398762702942, 0.6024394631385803),
            ["LeftUpperArm"] = CFrame.new(-0.06607913970947266, -0.1317427158355713, 0.013568729162216187, 0.3921535611152649, 0.8280600309371948, 0.40066438913345337, -0.1072063222527504, 0.47372370958328247, -0.8741238713264465, -0.9136314988136292, 0.2998374402523041, 0.2745459973812103),
            ["RightLowerArm"] = CFrame.new(4.172325134277344e-07, 4.76837158203125e-07, -0.000003777444362640381, 1, -0.00001887232247099746, -0.000004250789061188698, 0.00001890957537398208, 0.9999972581863403, -0.002373717725276947, 0.000004250091024005087, 0.0023737207520753145, 0.9999971985816956),
            ["LeftHand"] = CFrame.new(-0.000001385807991027832, -0.0000011324882507324219, 1.4901161193847656e-07, -0.13671205937862396, -0.3799862563610077, 0.9148332476615906, 0.9811375141143799, 0.07547303289175034, 0.1779693067073822, -0.1366713047027588, 0.9219079613685608, 0.36250123381614685),
            ["LeftFoot"] = CFrame.new(-5.587935447692871e-09, 0, -3.3527612686157227e-08, 0.8938716650009155, 0.08421295136213303, -0.44034290313720703, -0.18625392019748688, 0.9631817936897278, -0.19388236105442047, 0.40780285000801086, 0.2553214132785797, 0.8766458630561829),
            ["LowerTorso"] = CFrame.new(0.04374096542596817, -0.1698164939880371, 0.17389726638793945, 0.6335664391517639, 0.09550587832927704, 0.7677710056304932, -0.06775412708520889, 0.9953882694244385, -0.06790917366743088, -0.7707158327102661, -0.00899467896670103, 0.6371155381202698),
            ["RightLowerLeg"] = CFrame.new(0, -0.0007263422012329102, 0.00004620274557964876, 1, 1.564621925354004e-07, 3.7252920748187535e-08, -1.1175869474300271e-07, 0.07177853584289551, 0.9974206686019897, 2.1606680888908159e-07, -0.9974206686019897, 0.07177882641553879),
            ["LeftUpperLeg"] = CFrame.new(8.940696716308594e-08, -1.8486753106117249e-07, -6.332993507385254e-08, 0.986929714679718, -0.12597142159938812, 0.10050357133150101, 0.1562422215938568, 0.900739848613739, -0.40528520941734314, -0.03947307914495468, 0.4156908392906189, 0.9086489677429199),
            ["LeftLowerLeg"] = CFrame.new(-2.2351741790771484e-08, -0.0007265806198120117, 0.00008101016283035278, 1, 1.4156105976326216e-07, -1.1734665861240501e-07, -6.705522537231445e-08, 0.7247011661529541, 0.6890634894371033, 8.195638656616211e-08, -0.6890634298324585, 0.7247009873390198),
        }},
        {Time = 0.200, Data = {
            ["RightFoot"] = CFrame.new(1.1920928955078125e-07, -1.7881393432617188e-07, -2.8107024263590574e-08, 0.9716893434524536, 0.23225247859954834, 0.043340813368558884, -0.2123122215270996, 0.7778932452201843, 0.5914438366889954, 0.10364995896816254, -0.5839013457298279, 0.805180549621582),
            ["LeftLowerArm"] = CFrame.new(0.0000014603137969970703, -3.5762786865234375e-07, 0.000004820525646209717, 1, -5.587935447692871e-09, -6.519259443393821e-08, -8.381905303167514e-08, -0.305783748626709, -0.9521010518074036, -1.5832487321176814e-08, 0.9521010518074036, -0.3057837188243866),
            ["RightUpperArm"] = CFrame.new(-0.15985238552093506, 0.11293220520019531, 0.0234173983335495, -0.09406179189682007, -0.9487724304199219, -0.3016345202922821, 0.5400432348251343, 0.20590299367904663, -0.816062331199646, 0.8363646268844604, -0.23965565860271454, 0.49301016330718994),
            ["Head"] = CFrame.new(-9.313225746154785e-09, -3.5762786865234375e-07, 3.259629011154175e-08, 0.9444398880004883, 0.2317865490913391, -0.2330419421195984, -0.18750807642936707, 0.9622688889503479, 0.19717860221862793, 0.26995202898979187, -0.14252609014511108, 0.9522668719291687),
            ["RightHand"] = CFrame.new(1.1920928955078125e-07, 0.0000013113021850585938, -7.82310962677002e-07, 0.5037789940834045, -0.15029773116111755, 0.8506568074226379, -0.6529818773269653, 0.5784296989440918, 0.4889110326766968, -0.565527617931366, -0.8017666339874268, 0.19325923919677734),
            ["UpperTorso"] = CFrame.new(-4.0978193283081055e-08, 0, 1.1175870895385742e-08, 0.9238063097000122, -0.14481225609779358, -0.3544168770313263, 0.153669536113739, 0.9881172180175781, -0.0031903123017400503, 0.35066744685173035, -0.05151583254337311, 0.9350820779800415),
            ["HumanoidRootPart"] = CFrame.new(0, 0, 0, 1, 0, 0, 0, 1, 0, 0, 0, 1),
            ["RightUpperLeg"] = CFrame.new(0, 2.153683453798294e-08, 2.438173396512866e-08, 0.9852697253227234, -0.06246797740459442, 0.1591900736093521, 0.16465409100055695, 0.5979342460632324, -0.7844511866569519, -0.0461823046207428, 0.7991072535514832, 0.5994120240211487),
            ["LeftUpperArm"] = CFrame.new(-0.06598114967346191, -0.13107037544250488, 0.013735644519329071, 0.37990912795066833, 0.8384469747543335, 0.3907378911972046, -0.11435506492853165, 0.4617380201816559, -0.8796140551567078, -0.917928159236908, 0.2894902229309082, 0.271298885345459),
            ["RightLowerArm"] = CFrame.new(-1.1920928955078125e-07, 6.556510925292969e-07, -0.000003528781235218048, 1, -0.000018894676031777635, -0.00000421772801928455, 0.000018931925296783447, 0.9999972581863403, -0.0023737368173897266, 0.000004305504262447357, 0.002373758237808943, 0.9999972581863403),
            ["LeftHand"] = CFrame.new(-0.0000013560056686401367, -0.0000010132789611816406, 8.940696716308594e-08, -0.0352591946721077, -0.35343265533447266, 0.934795081615448, 0.9905794858932495, 0.11148754507303238, 0.07951522618532181, -0.13232147693634033, 0.9287927150726318, 0.34617260098457336),
            ["LeftFoot"] = CFrame.new(-2.2351741790771484e-08, -1.7881393432617188e-07, 3.725290298461914e-08, 0.8935202956199646, 0.08535728603601456, -0.440835565328598, -0.1870756447315216, 0.9632665514945984, -0.19266599416732788, 0.4081965386867523, 0.2546207010746002, 0.8766663074493408),
            ["LowerTorso"] = CFrame.new(0.04371228814125061, -0.1704699993133545, 0.17573150992393494, 0.6354014277458191, 0.09652888029813766, 0.7661247849464417, -0.06918717920780182, 0.9952821135520935, -0.06802002340555191, -0.7690761685371399, -0.009785990230739117, 0.6390821933746338),
            ["RightLowerLeg"] = CFrame.new(1.9371509552001953e-07, -0.0007262825965881348, 0.00004595687641995028, 1, 1.86264600188224e-07, 2.980233304583635e-08, -1.8253918199206964e-07, 0.07017017900943756, 0.9975351095199585, 4.470347292340193e-08, -0.9975350499153137, 0.07017024606466293),
            ["LeftUpperLeg"] = CFrame.new(0, 7.171183824539185e-08, 2.60770320892334e-08, 0.986477792263031, -0.1266993135213852, 0.10396639257669449, 0.15832558274269104, 0.9006481170654297, -0.40468037128448486, -0.04236452281475067, 0.41566863656044006, 0.9085289835929871),
            ["LeftLowerLeg"] = CFrame.new(-1.4901161193847656e-08, -0.0007262825965881348, 0.00008106231689453125, 1, 5.960465898624534e-08, 1.0989607801548118e-07, -5.215407838932151e-08, 0.7250513434410095, 0.6886948943138123, 7.823111758398227e-08, -0.6886948943138123, 0.7250512838363647),
        }},
        {Time = 0.233, Data = {
            ["RightFoot"] = CFrame.new(1.4156103134155273e-07, -5.960464477539063e-08, 7.620110409334302e-08, 0.9711438417434692, 0.2345784604549408, 0.04304270073771477, -0.2126961648464203, 0.7702286243438721, 0.6012555360794067, 0.10788887739181519, -0.5930606126785278, 0.7978967428207397),
            ["LeftLowerArm"] = CFrame.new(0.0000010728836059570312, -4.76837158203125e-07, 0.000005123205482959747, 1, -9.313224857976365e-09, -4.4703490686970326e-08, -4.6566128730773926e-08, -0.3052859902381897, -0.9522607922554016, -6.05359673500061e-09, 0.9522606730461121, -0.3052860200405121),
            ["RightUpperArm"] = CFrame.new(-0.1589718461036682, 0.11211848258972168, 0.023905232548713684, -0.09069141745567322, -0.9499588012695312, -0.29892054200172424, 0.5430985689163208, 0.20441752672195435, -0.8144059777259827, 0.8347568511962891, -0.2362028807401657, 0.4973824918270111),
            ["Head"] = CFrame.new(-2.9802322387695312e-08, -5.960464477539062e-07, 1.0244548320770264e-08, 0.9461786150932312, 0.2285863757133484, -0.22911688685417175, -0.18507280945777893, 0.9629029035568237, 0.1963820904493332, 0.2655075192451477, -0.1434093713760376, 0.9533831477165222),
            ["RightHand"] = CFrame.new(-2.2351741790771484e-08, 0.0000010728836059570312, -7.152557373046875e-07, 0.49238142371177673, -0.13262416422367096, 0.8602157235145569, -0.6638303995132446, 0.5819887518882751, 0.4697006344795227, -0.5629297494888306, -0.8023091554641724, 0.19852067530155182),
            ["UpperTorso"] = CFrame.new(-1.862645149230957e-08, -1.1920928955078125e-07, 2.0489096641540527e-08, 0.9233757257461548, -0.14714515209197998, -0.3545781075954437, 0.1560303121805191, 0.9877458810806274, -0.003574375296011567, 0.35075902938842773, -0.0520244799554348, 0.9350196719169617),
            ["HumanoidRootPart"] = CFrame.new(0, 0, 0, 1, 0, 0, 0, 1, 0, 0, 0, 1),
            ["RightUpperLeg"] = CFrame.new(0, -2.023298293352127e-07, 1.1343217920511961e-08, 0.9848338961601257, -0.06418341398239136, 0.16119201481342316, 0.16754114627838135, 0.5932105779647827, -0.7874205112457275, -0.04508144408464432, 0.8024848103523254, 0.594967246055603),
            ["LeftUpperArm"] = CFrame.new(-0.06575798988342285, -0.129469633102417, 0.014108851552009583, 0.35396456718444824, 0.8615201711654663, 0.3639949560165405, -0.1283678412437439, 0.43026071786880493, -0.8935308456420898, -0.926407516002655, 0.26955297589302063, 0.2628885805606842),
            ["RightLowerArm"] = CFrame.new(5.960464477539062e-07, 5.960464477539062e-07, -0.000003648921847343445, 1, -0.000018879774870583788, -0.000004255911790096434, 0.000018917025954579003, 0.9999971985816956, -0.0023737505543977022, 0.000004293863185012015, 0.002373762894421816, 0.9999971985816956),
            ["LeftHand"] = CFrame.new(-0.0000013113021850585938, -8.940696716308594e-07, 5.364418029785156e-07, 0.3560650050640106, -0.2271566092967987, 0.9064310193061829, 0.9243728518486023, 0.22776931524276733, -0.3060329854488373, -0.1369398832321167, 0.9468479752540588, 0.29107847809791565),
            ["LeftFoot"] = CFrame.new(-2.7939677238464355e-08, -1.7881393432617188e-07, -4.470348358154297e-08, 0.8925643563270569, 0.08701474219560623, -0.4424448311328888, -0.1883939504623413, 0.9634245038032532, -0.19058099389076233, 0.40967869758605957, 0.2534596025943756, 0.8763113021850586),
            ["LowerTorso"] = CFrame.new(0.04368859529495239, -0.17049717903137207, 0.17739400267601013, 0.6397794485092163, 0.09871694445610046, 0.7621924877166748, -0.07179822027683258, 0.9950566291809082, -0.06860987842082977, -0.7651975154876709, -0.01082887127995491, 0.6437044739723206),
            ["RightLowerLeg"] = CFrame.new(0, -0.0007265210151672363, 0.00004607608570950106, 1, 4.4703494239684005e-08, 1.0430816388407038e-07, -1.043081283569336e-07, 0.0687694251537323, 0.997632622718811, 1.7136335372924805e-07, -0.9976326823234558, 0.06876956671476364),
            ["LeftUpperLeg"] = CFrame.new(-5.960464477539063e-08, -2.919696271419525e-07, -1.6763806343078613e-08, 0.9856895804405212, -0.12669306993484497, 0.11119797825813293, 0.16120167076587677, 0.9013388156890869, -0.4019979238510132, -0.04929684102535248, 0.41417062282562256, 0.908863365650177),
            ["LeftLowerLeg"] = CFrame.new(7.450580596923828e-09, -0.0007266402244567871, 0.00008109211921691895, 1, 8.195639367158947e-08, -8.940696716308594e-08, -8.195636524988004e-08, 0.7261444330215454, 0.6875424981117249, -7.078050145992165e-08, -0.6875422596931458, 0.7261441349983215),
        }},
        {Time = 0.267, Data = {
            ["RightFoot"] = CFrame.new(1.6763806343078613e-07, -4.172325134277344e-07, -1.3205863069742918e-08, 0.9709040522575378, 0.23595070838928223, 0.040894947946071625, -0.21133436262607574, 0.7639368772506714, 0.6097030639648438, 0.11261899769306183, -0.6006060838699341, 0.7915742993354797),
            ["LeftLowerArm"] = CFrame.new(0.0000011026859283447266, -2.980232238769531e-07, 0.000004828907549381256, 1, -1.8626449271863521e-09, -6.053597445543346e-08, -4.470348358154297e-08, -0.30573704838752747, -0.9521160125732422, -7.916241884231567e-09, 0.9521159529685974, -0.30573707818984985),
            ["RightUpperArm"] = CFrame.new(-0.15758031606674194, 0.11097884178161621, 0.02435550093650818, -0.08930794149637222, -0.951416552066803, -0.2946702241897583, 0.5364699959754944, 0.2033197283744812, -0.8190609216690063, 0.8391806483268738, -0.23123064637184143, 0.4922485649585724),
            ["Head"] = CFrame.new(1.6763806343078613e-08, -7.152557373046875e-07, -4.6566128730773926e-09, 0.9485648274421692, 0.22340260446071625, -0.22431263327598572, -0.1808934360742569, 0.9639588594436646, 0.19509197771549225, 0.25981244444847107, -0.14448091387748718, 0.9547894597053528),
            ["RightHand"] = CFrame.new(4.023313522338867e-07, 9.5367431640625e-07, -7.525086402893066e-07, 0.48076096177101135, -0.12893535196781158, 0.8673200607299805, -0.6672029495239258, 0.5880165696144104, 0.45724940299987793, -0.5689544081687927, -0.7985062599182129, 0.19666963815689087),
            ["UpperTorso"] = CFrame.new(3.3527612686157227e-08, 2.980232238769531e-07, 5.587935447692871e-09, 0.9232197403907776, -0.14845092594623566, -0.3544398248195648, 0.15684941411018372, 0.9876093864440918, -0.005092388950288296, 0.35080403089523315, -0.050892334431409836, 0.9350650310516357),
            ["HumanoidRootPart"] = CFrame.new(0, 0, 0, 1, 0, 0, 0, 1, 0, 0, 0, 1),
            ["RightUpperLeg"] = CFrame.new(5.960464477539063e-08, 8.800998330116272e-08, 3.3694959711283445e-08, 0.9847233891487122, -0.06543660908937454, 0.16136278212070465, 0.16868695616722107, 0.5883099436759949, -0.7908456325531006, -0.043180957436561584, 0.8059836030006409, 0.5903603434562683),
            ["LeftUpperArm"] = CFrame.new(-0.06522274017333984, -0.12742722034454346, 0.014521807432174683, 0.3162108063697815, 0.8921293020248413, 0.32266995310783386, -0.14513565599918365, 0.3816099166870117, -0.9128578901290894, -0.9375214576721191, 0.24182483553886414, 0.2501491606235504),
            ["RightLowerArm"] = CFrame.new(-5.960464477539063e-08, 7.748603820800781e-07, -0.0000036563724279403687, 1, -0.00001886487370938994, -0.000004262664333509747, 0.000018909573554992676, 0.9999971985816956, -0.002373740542680025, 0.0000043155159801244736, 0.002373787108808756, 0.9999972581863403),
            ["LeftHand"] = CFrame.new(-0.0000012516975402832031, -0.0000013113021850585938, 2.086162567138672e-07, 0.8965266346931458, 0.025109585374593735, 0.44227734208106995, 0.3826892077922821, 0.4589919447898865, -0.8017953038215637, -0.22313472628593445, 0.8880855441093445, 0.40188947319984436),
            ["LeftFoot"] = CFrame.new(-2.7939677238464355e-08, -1.7881393432617188e-07, -3.3527612686157227e-08, 0.8917548656463623, 0.08899806439876556, -0.44368061423301697, -0.19004583358764648, 0.9634680151939392, -0.18871118128299713, 0.41067734360694885, 0.25260382890701294, 0.8760910630226135),
