return {
    ["All About The Bass"] = {
        {Time = 0.000, Data = {
            ["RightFoot"] = CFrame.new(-1.4901161193847656e-08, 2.384185791015625e-07, 3.894820110872388e-08, 0.9987668395042419, -0.04770905151963234, 0.01373324729502201, 0.04838405176997185, 0.8734182119369507, -0.4845617711544037, 0.011123008094727993, 0.48462843894958496, 0.8746492862701416),
            ["LeftLowerArm"] = CFrame.new(2.980232238769531e-07, -1.7881393432617188e-07, -3.2782554626464844e-07, 1, -1.192092469182171e-07, 8.195632972274325e-08, 5.21540641784668e-08, -0.12771494686603546, -0.9918109178543091, 1.043081283569336e-07, 0.9918109178543091, -0.1277148425579071),
            ["RightUpperArm"] = CFrame.new(0, 7.152557373046875e-07, -5.21540641784668e-08, 0.38770559430122375, -0.7880176901817322, 0.4782392084598541, 0.048624102026224136, 0.5355808138847351, 0.8430829644203186, -0.9204999804496765, -0.3036140203475952, 0.24596428871154785),
            ["Head"] = CFrame.new(1.1408701539039612e-07, 3.5762786865234375e-07, -4.9301888793706894e-08, 0.9931892156600952, 0.020469896495342255, 0.11470045894384384, -0.019755389541387558, 0.9997777342796326, -0.007362730335444212, -0.11482567340135574, 0.005046625155955553, 0.9933728575706482),
            ["RightHand"] = CFrame.new(-2.086162567138672e-07, 0.0000010728836059570312, 3.725290298461914e-08, 0.5367001295089722, -0.5398446321487427, 0.648475706577301, 0.7232041358947754, 0.690218985080719, -0.02395264431834221, -0.43465951085090637, 0.48183563351631165, 0.760858416557312),
            ["UpperTorso"] = CFrame.new(-4.540197551250458e-09, -5.066394805908203e-07, 1.9565050024539232e-08, 0.9997373819351196, 0.022662468254566193, 0.0033990268129855394, -0.02207244373857975, 0.9921594262123108, -0.12301461398601532, -0.006160201970487833, 0.12290728092193604, 0.9923990368843079),
            ["HumanoidRootPart"] = CFrame.new(0, 0, 0, 1, 0, 0, 0, 1, 0, 0, 0, 1),
            ["RightUpperLeg"] = CFrame.new(5.960464477539063e-08, 7.408380042761564e-08, -1.8004357116296887e-07, 0.9972424507141113, 0.03960079699754715, -0.06276470422744751, -0.06022997200489044, 0.925982654094696, -0.3727312684059143, 0.04335854947566986, 0.3754836618900299, 0.9258142709732056),
            ["LeftUpperArm"] = CFrame.new(1.1920928955078125e-07, -2.384185791015625e-07, 4.284083843231201e-08, 0.41858214139938354, 0.74977046251297, -0.5124775171279907, -0.0499039851129055, 0.5824277997016907, 0.8113491535186768, 0.9068068861961365, -0.31404152512550354, 0.28121042251586914),
            ["RightLowerArm"] = CFrame.new(1.7881393432617188e-07, 1.1920928955078125e-07, -0.000001043081283569336, 1, -1.564621925354004e-07, 1.1920936060505483e-07, 8.195642919872625e-08, -0.12166492640972137, -0.9925712943077087, 9.685759039257391e-08, 0.992571234703064, -0.12166497856378555),
            ["LeftHand"] = CFrame.new(5.960464477539063e-08, -2.980232238769531e-07, -2.2351741790771484e-08, 0.541812002658844, 0.5210170745849609, -0.6595310568809509, -0.6938616037368774, 0.7201074361801147, -0.0011438876390457153, 0.47433727979660034, 0.4582429826259613, 0.7516764998435974),
            ["LeftFoot"] = CFrame.new(-1.6298145055770874e-08, -5.960464477539063e-08, 2.60770320892334e-08, 0.991625189781189, -0.009534593671560287, 0.12879638373851776, 0.07487859576940536, 0.8549911379814148, -0.5132091641426086, -0.105226531624794, 0.5185551643371582, 0.8485445380210876),
            ["LowerTorso"] = CFrame.new(0.0014840771909803152, -0.14693403244018555, -0.03358432650566101, 0.9970551133155823, -0.00565261859446764, -0.0764804407954216, 0.009763960726559162, 0.9985207319259644, 0.053490158170461655, 0.07606494426727295, -0.05407939478754997, 0.9956352710723877),
            ["RightLowerLeg"] = CFrame.new(-5.587935447692871e-08, -0.0000035762786865234375, -0.000013275239325594157, 1, -1.1175875158642157e-07, -5.02914261346632e-08, 1.2759120693317527e-07, 0.6703479886054993, 0.7420469522476196, -2.7008358216562556e-08, -0.7420468926429749, 0.6703478693962097),
            ["LeftUpperLeg"] = CFrame.new(-5.960464477539063e-08, 2.016313374042511e-07, -1.1548399925231934e-07, 0.9982635378837585, 0.002254887716844678, -0.05886249616742134, -0.0239018015563488, 0.9288135766983032, -0.3697757422924042, 0.05383845418691635, 0.370540589094162, 0.9272546768188477),
            ["LeftLowerLeg"] = CFrame.new(-3.632158041000366e-08, 0.000003993511199951172, 0.000013299286365509033, 1, 6.239859118295499e-08, 3.818421490109358e-08, -6.146727571376687e-08, 0.6508330702781677, 0.7592210173606873, 5.494801769145852e-08, -0.7592207789421082, 0.6508329510688782),
        }},
        {Time = 0.033, Data = {
            ["RightFoot"] = CFrame.new(-1.1175870895385742e-08, 3.5762786865234375e-07, -4.300818545743823e-08, 0.9987779855728149, -0.04708296060562134, 0.015027644112706184, 0.04846672713756561, 0.8735598921775818, -0.4842979311943054, 0.00967452023178339, 0.4844341576099396, 0.8747740983963013),
            ["LeftLowerArm"] = CFrame.new(2.9802322387695312e-08, 4.172325134277344e-07, 0.0000011324882507324219, 1, -8.195638656616211e-08, 9.685752644372769e-08, 1.0430816388407038e-07, -0.128200963139534, -0.9917482137680054, 1.1175875158642157e-07, 0.9917482137680054, -0.1282009482383728),
            ["RightUpperArm"] = CFrame.new(1.1920928955078125e-07, 3.5762786865234375e-07, -1.4901161193847656e-08, 0.3871956169605255, -0.7875415682792664, 0.479434996843338, 0.0477963387966156, 0.5364416837692261, 0.8425828218460083, -0.9207579493522644, -0.3033292591571808, 0.2453494668006897),
            ["Head"] = CFrame.new(1.2014061212539673e-07, 3.5762786865234375e-07, -2.270098775625229e-09, 0.9929708242416382, 0.022632423788309097, 0.1161753460764885, -0.021794844418764114, 0.9997265338897705, -0.008475051261484623, -0.11633539199829102, 0.005883457139134407, 0.9931926131248474),
            ["RightHand"] = CFrame.new(-2.980232238769531e-07, 4.76837158203125e-07, 2.2351741790771484e-08, 0.5369154214859009, -0.5428508520126343, 0.6457823514938354, 0.7244544625282288, 0.6889321208000183, -0.023201996460556984, -0.43230509757995605, 0.4802974462509155, 0.7631688714027405),
            ["UpperTorso"] = CFrame.new(2.3283064365386963e-09, -1.4901161193847656e-07, 7.566995918750763e-09, 0.9997389912605286, 0.02254488132894039, 0.003696013707667589, -0.02192464843392372, 0.9922656416893005, -0.1221812441945076, -0.006421993486583233, 0.12206830829381943, 0.992500901222229),
            ["HumanoidRootPart"] = CFrame.new(0, 0, 0, 1, 0, 0, 0, 1, 0, 0, 0, 1),
            ["RightUpperLeg"] = CFrame.new(1.1920928955078125e-07, -2.1088635548949242e-07, -1.6886770026758313e-07, 0.9972996711730957, 0.039411019533872604, -0.06196970492601395, -0.05973745882511139, 0.9261624813079834, -0.37236329913139343, 0.04271881654858589, 0.37505966424942017, 0.9260158538818359),
            ["LeftUpperArm"] = CFrame.new(1.7881393432617188e-07, -1.1920928955078125e-07, 4.0978193283081055e-08, 0.41979315876960754, 0.7498870491981506, -0.511315107345581, -0.05157763510942459, 0.5821578502655029, 0.811438262462616, 0.9061530828475952, -0.3142639100551605, 0.2830633521080017),
            ["RightLowerArm"] = CFrame.new(4.172325134277344e-07, -1.1920928955078125e-07, -5.364418029785156e-07, 1, -8.940694584680386e-08, 1.3411050758804777e-07, 1.2665992699112394e-07, -0.1204456314444542, -0.9927200078964233, 8.940700979565008e-08, 0.9927199482917786, -0.12044564634561539),
            ["LeftHand"] = CFrame.new(-8.940696716308594e-08, 2.384185791015625e-07, -4.0978193283081055e-07, 0.5428517460823059, 0.5200366377830505, -0.6594499945640564, -0.6932474374771118, 0.7206958532333374, -0.0023389009293168783, 0.47404640913009644, 0.4584316611289978, 0.7517448663711548),
            ["LeftFoot"] = CFrame.new(1.0989606380462646e-07, 0, 1.862645149230957e-08, 0.9915204644203186, -0.008719457313418388, 0.1296580284833908, 0.07477501779794693, 0.8543033003807068, -0.5143678188323975, -0.10628224909305573, 0.5197016596794128, 0.847711443901062),
            ["LowerTorso"] = CFrame.new(0.0008080690167844296, -0.14682483673095703, -0.03399335592985153, 0.9969524145126343, -0.00577857531607151, -0.07779871672391891, 0.009942553006112576, 0.998532235622406, 0.05324200540781021, 0.07737685739994049, -0.053853269666433334, 0.9955464005470276),
            ["RightLowerLeg"] = CFrame.new(-7.450580596923828e-09, -0.0000033974647521972656, -0.000013357195712160319, 1, -1.0803344707710494e-07, -5.4016709327697754e-08, 1.234002411365509e-07, 0.6706440448760986, 0.7417795062065125, -5.029141902923584e-08, -0.7417793869972229, 0.6706438660621643),
            ["LeftUpperLeg"] = CFrame.new(-5.960464477539063e-08, 2.866145223379135e-07, -1.043081283569336e-07, 0.9983062744140625, 0.001970531651750207, -0.058145273476839066, -0.023190639913082123, 0.9300723671913147, -0.36664366722106934, 0.05335681885480881, 0.3673710823059082, 0.9285427331924438),
            ["LeftLowerLeg"] = CFrame.new(-4.6566128730773926e-09, 0.000003933906555175781, 0.000013317912817001343, 1, 8.568164844291459e-08, 3.725291186640334e-09, -6.332991375757047e-08, 0.6519662737846375, 0.7582480311393738, -2.3283056038714278e-10, -0.7582480311393738, 0.6519663333892822),
        }},
        {Time = 0.067, Data = {
            ["RightFoot"] = CFrame.new(2.7939677238464355e-09, 2.384185791015625e-07, -3.9282895158976316e-08, 0.998802661895752, -0.04603644832968712, 0.01655401848256588, 0.0483042374253273, 0.8744010329246521, -0.4827935993671417, 0.00775109650567174, 0.48301512002944946, 0.8755778074264526),
            ["LeftLowerArm"] = CFrame.new(-2.682209014892578e-07, 5.960464477539062e-07, -7.078051567077637e-07, 1, -1.043081283569336e-07, 1.192092469182171e-07, 7.450584149637507e-08, -0.12832993268966675, -0.9917315244674683, 9.685759039257391e-08, 0.991731584072113, -0.12833000719547272),
            ["RightUpperArm"] = CFrame.new(0, 7.152557373046875e-07, -3.725290298461914e-08, 0.38565340638160706, -0.7854401469230652, 0.48410269618034363, 0.04557083547115326, 0.5402657985687256, 0.8402595520019531, -0.9215176701545715, -0.30198803544044495, 0.2441484034061432),
            ["Head"] = CFrame.new(1.2991949915885925e-07, 9.5367431640625e-07, -4.132743924856186e-08, 0.9925829172134399, 0.02719464711844921, 0.11848924309015274, -0.026120558381080627, 0.9996025562286377, -0.01060877088457346, -0.11873063445091248, 0.007435068488121033, 0.99289870262146),
            ["RightHand"] = CFrame.new(-1.7881393432617188e-07, 3.5762786865234375e-07, 2.60770320892334e-07, 0.5333370566368103, -0.5445060133934021, 0.6473522186279297, 0.7267042398452759, 0.6866241097450256, -0.021174324676394463, -0.43295809626579285, 0.4817265570163727, 0.7618967890739441),
            ["UpperTorso"] = CFrame.new(-3.958120942115784e-09, -3.2782554626464844e-07, -4.685716703534126e-09, 0.9997385144233704, 0.022232534363865852, 0.005370292346924543, -0.021408606320619583, 0.992251455783844, -0.12238828837871552, -0.00804967898875475, 0.1222413033246994, 0.9924678206443787),
            ["HumanoidRootPart"] = CFrame.new(0, 0, 0, 1, 0, 0, 0, 1, 0, 0, 0, 1),
            ["RightUpperLeg"] = CFrame.new(-2.9802322387695312e-08, -5.975889507681131e-07, -1.8237187759950757e-07, 0.9973618984222412, 0.03885634243488312, -0.06131495535373688, -0.05901544913649559, 0.9258628487586975, -0.37322279810905457, 0.04226730018854141, 0.37585651874542236, 0.9257134199142456),
            ["LeftUpperArm"] = CFrame.new(1.7881393432617188e-07, -1.1920928955078125e-07, 4.470348358154297e-08, 0.423190176486969, 0.7500492334365845, -0.5082677602767944, -0.05556673929095268, 0.5814062356948853, 0.8117138147354126, 0.9043354392051697, -0.31526651978492737, 0.287723183631897),
            ["RightLowerArm"] = CFrame.new(1.7881393432617188e-07, -4.172325134277344e-07, 2.60770320892334e-08, 1, -1.4156101713069802e-07, 6.705523958316917e-08, 5.215408194203519e-08, -0.1158948466181755, -0.9932615160942078, 8.195641498787154e-08, 0.993261456489563, -0.11589489877223969),
            ["LeftHand"] = CFrame.new(-2.9802322387695312e-08, 1.1920928955078125e-07, -4.470348358154297e-08, 0.5446690917015076, 0.5123857259750366, -0.6639257669448853, -0.6897731423377991, 0.7239904999732971, -0.00713281100615859, 0.4770207405090332, 0.46184274554252625, 0.7477645874023438),
            ["LeftFoot"] = CFrame.new(3.864988684654236e-08, -2.384185791015625e-07, 2.2351741790771484e-08, 0.9913589358329773, -0.007475795224308968, 0.13096420466899872, 0.07445402443408966, 0.854045569896698, -0.5148427486419678, -0.10800056159496307, 0.5201446413993835, 0.8472221493721008),
            ["LowerTorso"] = CFrame.new(-0.0005603462923318148, -0.14656472206115723, -0.034692466259002686, 0.996741771697998, -0.006043146830052137, -0.08043307065963745, 0.010312913917005062, 0.9985531568527222, 0.05277566611766815, 0.07999776303768158, -0.05343320593237877, 0.995361864566803),
            ["RightLowerLeg"] = CFrame.new(2.2351741790771484e-08, -0.0000034570693969726562, -0.000013305041647981852, 1, -1.0058285937475375e-07, -4.4703490686970326e-08, 1.1222438445201988e-07, 0.6708341836929321, 0.7416073083877563, -3.259629366425543e-08, -0.7416074872016907, 0.6708341836929321),
            ["LeftUpperLeg"] = CFrame.new(-1.7881393432617188e-07, -1.6833655536174774e-07, -1.0058283805847168e-07, 0.9984013438224792, 0.001703868038021028, -0.05649803578853607, -0.022362619638442993, 0.9298986792564392, -0.3671354353427887, 0.051911886781454086, 0.3678118586540222, 0.9284500479698181),
            ["LeftLowerLeg"] = CFrame.new(-8.102506399154663e-08, 0.000003993511199951172, 0.000013381242752075195, 1, 7.91623975260336e-08, 1.7695121812266734e-08, -6.053593182286932e-08, 0.651526153087616, 0.7586265802383423, 2.3283051042710667e-09, -0.7586262226104736, 0.6515256762504578),
        }},
        {Time = 0.100, Data = {
            ["RightFoot"] = CFrame.new(-5.681067705154419e-08, 2.980232238769531e-07, -2.438173396512866e-08, 0.9988518953323364, -0.04417872056365013, 0.018530435860157013, 0.047626398503780365, 0.8738742470741272, -0.48381340503692627, 0.005181009881198406, 0.48414063453674316, 0.8749750256538391),
            ["LeftLowerArm"] = CFrame.new(8.940696716308594e-08, -2.384185791015625e-07, -7.152557373046875e-07, 1, -1.3411039390121005e-07, 1.4156096028727916e-07, 1.0430815677864302e-07, -0.12988004088401794, -0.9915297031402588, 1.1920931797249068e-07, 0.9915297031402588, -0.12988007068634033),
            ["RightUpperArm"] = CFrame.new(-5.960464477539063e-08, 3.5762786865234375e-07, -1.4901161193847656e-08, 0.3811159133911133, -0.7840964794158936, 0.4898403286933899, 0.03988518565893173, 0.5432789325714111, 0.8386043310165405, -0.9236665964126587, -0.3000680208206177, 0.2383260428905487),
            ["Head"] = CFrame.new(1.2130476534366608e-07, 3.5762786865234375e-07, -1.7171259969472885e-08, 0.9921751618385315, 0.03147910162806511, 0.120820552110672, -0.03039689175784588, 0.9994797110557556, -0.010790261439979076, -0.12109734863042831, 0.007033250294625759, 0.9926157593727112),
            ["RightHand"] = CFrame.new(-2.980232238769531e-07, 4.172325134277344e-07, 2.905726432800293e-07, 0.5355708003044128, -0.5607596635818481, 0.6314370036125183, 0.7324793338775635, 0.6805802583694458, -0.016870364546775818, -0.42028334736824036, 0.4715498387813568, 0.7752436995506287),
            ["UpperTorso"] = CFrame.new(-4.656612873077393e-10, -5.364418029785156e-07, 2.35741026699543e-09, 0.9997747540473938, 0.0200397577136755, 0.00699869217351079, -0.019034892320632935, 0.9923220872879028, -0.12220721691846848, -0.00939394161105156, 0.12204647064208984, 0.9924799799919128),
            ["HumanoidRootPart"] = CFrame.new(0, 0, 0, 1, 0, 0, 0, 1, 0, 0, 0, 1),
            ["RightUpperLeg"] = CFrame.new(5.960464477539063e-08, -4.1641760617494583e-07, -1.6747071640565991e-07, 0.9974644184112549, 0.036524876952171326, -0.06107912212610245, -0.05671413242816925, 0.9264225363731384, -0.3721892833709717, 0.04299084097146988, 0.37470948696136475, 0.9261449575424194),
            ["LeftUpperArm"] = CFrame.new(1.7881393432617188e-07, -0.0000010728836059570312, 3.725290298461914e-08, 0.4280101954936981, 0.7508931756019592, -0.5029581189155579, -0.05988430231809616, 0.5788484811782837, 0.8132331967353821, 0.9017878174781799, -0.31795281171798706, 0.2927197515964508),
            ["RightLowerArm"] = CFrame.new(-2.9802322387695312e-08, 1.1920928955078125e-07, -9.909272193908691e-07, 1, -1.1920928955078125e-07, 7.4505820180093e-08, 8.94070240065048e-08, -0.11184216290712357, -0.9937260150909424, 8.94070240065048e-08, 0.9937260150909424, -0.11184220761060715),
            ["LeftHand"] = CFrame.new(8.940696716308594e-08, -1.7881393432617188e-07, 8.940696716308594e-08, 0.5458580255508423, 0.5006241202354431, -0.6718743443489075, -0.6845086812973022, 0.7288882732391357, -0.01301672775298357, 0.4832049012184143, 0.4670090675354004, 0.7405507564544678),
            ["LeftFoot"] = CFrame.new(-2.0489096641540527e-08, -5.960464477539063e-08, 0, 0.9909635782241821, -0.005624216515570879, 0.1340131014585495, 0.07454933226108551, 0.8536834716796875, -0.5154290199279785, -0.11150610446929932, 0.5207617878913879, 0.8463885188102722),
            ["LowerTorso"] = CFrame.new(-0.002774124965071678, -0.14648938179016113, -0.03507193922996521, 0.9965060949325562, -0.005433949176222086, -0.08334418386220932, 0.00984290149062872, 0.9985682368278503, 0.05258128419518471, 0.08293911069631577, -0.053217917680740356, 0.9951327443122864),
            ["RightLowerLeg"] = CFrame.new(-3.725290298461914e-09, -0.000003516674041748047, -0.000013386998034548014, 1, -1.1175869474300271e-07, -4.284084909045305e-08, 1.2556846229472285e-07, 0.6706423163414001, 0.7417804598808289, -5.308537964765492e-08, -0.7417809367179871, 0.6706429123878479),
            ["LeftUpperLeg"] = CFrame.new(-1.7881393432617188e-07, -4.1653402149677277e-07, -1.30385160446167e-07, 0.9984207153320312, -0.0004592231707647443, -0.05617672950029373, -0.020131025463342667, 0.9306355118751526, -0.36539334058761597, 0.0524478405714035, 0.3659473657608032, 0.9291565418243408),
            ["LeftLowerLeg"] = CFrame.new(4.936009645462036e-08, 0.000003933906555175781, 0.00001329183578491211, 1, 5.494801058603116e-08, 2.677551691476765e-08, -6.007027053556158e-08, 0.6525061726570129, 0.7577838897705078, 5.541366121519786e-08, -0.7577834725379944, 0.6525056958198547),
        }},
        {Time = 0.133, Data = {
            ["RightFoot"] = CFrame.new(-1.862645149230957e-08, 3.5762786865234375e-07, 1.6596459317952394e-08, 0.9988953471183777, -0.04254698380827904, 0.019948216155171394, 0.04689052700996399, 0.8747047185897827, -0.48238232731819153, 0.0030750285368412733, 0.482785165309906, 0.8757336139678955),
            ["LeftLowerArm"] = CFrame.new(2.384185791015625e-07, -5.960464477539063e-08, -5.587935447692871e-07, 1, -1.1920926112907182e-07, 1.266597990934315e-07, 6.705523958316917e-08, -0.1313573271036148, -0.9913351535797119, 1.3411047916633834e-07, 0.9913351535797119, -0.13135729730129242),
            ["RightUpperArm"] = CFrame.new(0, 3.5762786865234375e-07, 7.450580596923828e-09, 0.3774140179157257, -0.7822725772857666, 0.4955888092517853, 0.035807956010103226, 0.547095000743866, 0.8363043069839478, -0.9253520965576172, -0.2978869080543518, 0.23449289798736572),
            ["Head"] = CFrame.new(1.2223608791828156e-07, 4.76837158203125e-07, -4.802132025361061e-10, 0.9920594692230225, 0.031729940325021744, 0.12170129269361496, -0.030827855691313744, 0.9994815587997437, -0.009288489818572998, -0.12193292379379272, 0.005462939850986004, 0.9925233721733093),
            ["RightHand"] = CFrame.new(-1.7881393432617188e-07, 7.748603820800781e-07, 2.9802322387695312e-08, 0.5323531031608582, -0.567888617515564, 0.6277759671211243, 0.736855685710907, 0.6759169697761536, -0.013415366411209106, -0.4167060852050781, 0.4697219431400299, 0.7782785296440125),
            ["UpperTorso"] = CFrame.new(2.3283064365386963e-09, -2.9802322387695312e-08, -7.159542292356491e-09, 0.9997904896736145, 0.018173009157180786, 0.009423230774700642, -0.016890594735741615, 0.9924079179763794, -0.12182464450597763, -0.011565608903765678, 0.12163995206356049, 0.9925069808959961),
            ["HumanoidRootPart"] = CFrame.new(0, 0, 0, 1, 0, 0, 0, 1, 0, 0, 0, 1),
            ["RightUpperLeg"] = CFrame.new(5.960464477539063e-08, -2.493034116923809e-07, -1.9121944205835462e-07, 0.9976465106010437, 0.03490057215094566, -0.059021227061748505, -0.054516762495040894, 0.9258009791374207, -0.37405961751937866, 0.041587088257074356, 0.3763965964317322, 0.9255247712135315),
            ["LeftUpperArm"] = CFrame.new(0, -5.960464477539062e-07, 8.568167686462402e-08, 0.4324266314506531, 0.7513564229011536, -0.49846839904785156, -0.06405363231897354, 0.5770299434661865, 0.8142074346542358, 0.8993911147117615, -0.32015615701675415, 0.29765018820762634),
            ["RightLowerArm"] = CFrame.new(1.7881393432617188e-07, -4.76837158203125e-07, 2.2724270820617676e-07, 1, -1.1920927533992653e-07, 8.195640788244418e-08, 1.0430816388407038e-07, -0.10772816836833954, -0.99418044090271, 9.685758328714655e-08, 0.99418044090271, -0.10772819072008133),
            ["LeftHand"] = CFrame.new(5.960464477539063e-08, -3.5762786865234375e-07, -1.862645149230957e-07, 0.5460449457168579, 0.4905378520488739, -0.679123044013977, -0.6804633736610413, 0.7325612306594849, -0.017985576763749123, 0.4886763095855713, 0.4719392657279968, 0.7338041067123413),
            ["LeftFoot"] = CFrame.new(-3.8533471524715424e-08, 2.384185791015625e-07, 7.450580596923828e-09, 0.9904590249061584, -0.003480491926893592, 0.1377643644809723, 0.07473769783973694, 0.8534632921218872, -0.5157661437988281, -0.11578167229890823, 0.5211414098739624, 0.8455804586410522),
            ["LowerTorso"] = CFrame.new(-0.005126724950969219, -0.14613914489746094, -0.03513774275779724, 0.9962860345840454, -0.004897681530565023, -0.0859665498137474, 0.009385181590914726, 0.9986095428466797, 0.05187429487705231, 0.08559295535087585, -0.05248844251036644, 0.9949466586112976),
            ["RightLowerLeg"] = CFrame.new(-8.195638656616211e-08, -0.0000035762786865234375, -0.000013275239325594157, 1, -1.303851746570217e-07, -2.793969144931907e-08, 1.2922103564960707e-07, 0.6698572635650635, 0.7424896955490112, -5.494804611316795e-08, -0.7424898743629456, 0.6698576211929321),
            ["LeftUpperLeg"] = CFrame.new(-1.7881393432617188e-07, 6.938353180885315e-08, -1.0803341865539551e-07, 0.9984117150306702, -0.003000520169734955, -0.0562596432864666, -0.01766110397875309, 0.9315800666809082, -0.3631070554256439, 0.053499966859817505, 0.3635238707065582, 0.9300474524497986),
            ["LeftLowerLeg"] = CFrame.new(6.379559636116028e-08, 0.000003874301910400391, 0.000013373792171478271, 1, 7.916239042060624e-08, 2.7241181754789068e-08, -6.89178563106907e-08, 0.6539003252983093, 0.7565808892250061, -5.238688149944437e-09, -0.756580650806427, 0.6539002060890198),
        }},
        {Time = 0.167, Data = {
            ["RightFoot"] = CFrame.new(-6.51925802230835e-09, 2.980232238769531e-07, -2.8107024263590574e-08, 0.9989228844642639, -0.041502099484205246, 0.02075652964413166, 0.046368684619665146, 0.8755279779434204, -0.48093724250793457, 0.0017869649454951286, 0.4813818633556366, 0.876509428024292),
            ["LeftLowerArm"] = CFrame.new(3.2782554626464844e-07, -2.384185791015625e-07, -5.289912223815918e-07, 1, -9.685753354915505e-08, 1.1175863079415649e-07, 1.0430814256778831e-07, -0.13129916787147522, -0.9913428425788879, 1.266598843585598e-07, 0.9913427829742432, -0.13129909336566925),
            ["RightUpperArm"] = CFrame.new(1.1920928955078125e-07, 1.1920928955078125e-07, -1.4901161193847656e-08, 0.37424445152282715, -0.7809423208236694, 0.500070333480835, 0.03081400878727436, 0.5494329333305359, 0.8349695205688477, -0.9268180727958679, -0.29707351326942444, 0.22968608140945435),
            ["Head"] = CFrame.new(1.1781230568885803e-07, 2.384185791015625e-07, -5.50062395632267e-08, 0.992111086845398, 0.03347611799836159, 0.12080946564674377, -0.032655663788318634, 0.9994282722473145, -0.008765222504734993, -0.12103382498025894, 0.004750960040837526, 0.992637038230896),
            ["RightHand"] = CFrame.new(-2.682209014892578e-07, 0.0000011920928955078125, -9.685754776000977e-08, 0.5294256210327148, -0.5770875215530396, 0.621834933757782, 0.7414628267288208, 0.6709386706352234, -0.008618252351880074, -0.41223955154418945, 0.46563008427619934, 0.783100962638855),
            ["UpperTorso"] = CFrame.new(9.313225746154785e-10, -3.2782554626464844e-07, 1.3213139027357101e-08, 0.9997671246528625, 0.01717256009578705, 0.01307372935116291, -0.015445159748196602, 0.9923640489578247, -0.12237260490655899, -0.015075345523655415, 0.12214219570159912, 0.9923980832099915),
            ["HumanoidRootPart"] = CFrame.new(0, 0, 0, 1, 0, 0, 0, 1, 0, 0, 0, 1),
            ["RightUpperLeg"] = CFrame.new(1.1920928955078125e-07, -6.669433787465096e-07, -1.6095145838335156e-07, 0.9977697730064392, 0.03486301749944687, -0.056923363357782364, -0.053721923381090164, 0.9255490303039551, -0.37479740381240845, 0.03961877524852753, 0.3770192563533783, 0.9253576397895813),
            ["LeftUpperArm"] = CFrame.new(1.1920928955078125e-07, -5.960464477539062e-07, -7.450580596923828e-09, 0.4348876178264618, 0.752181351184845, -0.49507179856300354, -0.06948837637901306, 0.5761764645576477, 0.8143659830093384, 0.8977996110916138, -0.3197559714317322, 0.3028399646282196),
            ["RightLowerArm"] = CFrame.new(4.76837158203125e-07, 0, -6.51925802230835e-07, 1, -1.043081283569336e-07, 1.6018752546642645e-07, 7.078055830334051e-08, -0.10515878349542618, -0.9944554567337036, 1.0430819230577981e-07, 0.9944554567337036, -0.10515867173671722),
            ["LeftHand"] = CFrame.new(-8.940696716308594e-08, 0, -5.960464477539063e-08, 0.5477725267410278, 0.480716735124588, -0.6847314834594727, -0.6761412024497986, 0.7363837361335754, -0.023921126499772072, 0.49272555112838745, 0.4760782718658447, 0.7284026741981506),
            ["LeftFoot"] = CFrame.new(1.3969838619232178e-09, 5.960464477539063e-08, -1.4901161193847656e-08, 0.9901268482208252, -0.001682527014054358, 0.14016476273536682, 0.07461410015821457, 0.8528250455856323, -0.5168389678001404, -0.11866619437932968, 0.5221940279006958, 0.8445302248001099),
            ["LowerTorso"] = CFrame.new(-0.007126388140022755, -0.14579200744628906, -0.03484846279025078, 0.9960069060325623, -0.005113241262733936, -0.08913001418113708, 0.009749585762619972, 0.9986171126365662, 0.051660310477018356, 0.08874260634183884, -0.052323002368211746, 0.9946793913841248),
            ["RightLowerLeg"] = CFrame.new(9.313225746154785e-08, -0.0000036954879760742188, -0.000013349745131563395, 1, -1.1175869474300271e-07, -4.0978196835794733e-08, 1.0943038830646401e-07, 0.6703293919563293, 0.7420633435249329, -4.656612162534657e-08, -0.7420638203620911, 0.6703298091888428),
            ["LeftUpperLeg"] = CFrame.new(8.940696716308594e-08, -5.383044481277466e-07, -1.341104507446289e-07, 0.9984537363052368, -0.004018603824079037, -0.055445022881031036, -0.016345923766493797, 0.9320687055587769, -0.3619125187397003, 0.053132932633161545, 0.3622591495513916, 0.9305617809295654),
            ["LeftLowerLeg"] = CFrame.new(-5.3551048040390015e-08, 0.0000040531158447265625, 0.000013262033462524414, 1, 4.9592919992846873e-08, 4.516911644714128e-08, -7.916239042060624e-08, 0.6543504595756531, 0.7561918497085571, 1.2456434994589927e-08, -0.7561913728713989, 0.6543499827384949),
        }},
        {Time = 0.200, Data = {
            ["RightFoot"] = CFrame.new(3.5390257835388184e-08, 3.5762786865234375e-07, -3.9282895158976316e-08, 0.9990266561508179, -0.040923550724983215, 0.016465898603200912, 0.0438048355281353, 0.8763987421989441, -0.4795896112918854, 0.005195750389248133, 0.479844331741333, 0.8773385286331177),
            ["LeftLowerArm"] = CFrame.new(5.960464477539063e-08, -2.980232238769531e-07, -3.3527612686157227e-07, 1, -1.043080928297968e-07, 1.266597990934315e-07, 1.0430814256778831e-07, -0.12998659908771515, -0.9915157556533813, 5.960465188081798e-08, 0.9915158152580261, -0.12998656928539276),
            ["RightUpperArm"] = CFrame.new(-5.960464477539063e-08, 3.5762786865234375e-07, 4.470348358154297e-08, 0.37272635102272034, -0.7799364328384399, 0.5027666091918945, 0.02827027440071106, 0.5511013269424438, 0.8339593410491943, -0.9275105595588684, -0.2966252267360687, 0.22745896875858307),
            ["Head"] = CFrame.new(1.1594966053962708e-07, 8.344650268554688e-07, 3.434251993894577e-09, 0.992318332195282, 0.0353069044649601, 0.11856570839881897, -0.034919947385787964, 0.9993758797645569, -0.005340243689715862, -0.11868025362491608, 0.0011589067289605737, 0.9929319620132446),
            ["RightHand"] = CFrame.new(-2.5331974029541016e-07, 9.5367431640625e-07, -6.705522537231445e-08, 0.5294730067253113, -0.5822222232818604, 0.616989254951477, 0.7429588437080383, 0.6693103909492493, -0.005979440174996853, -0.4094759523868561, 0.4615635573863983, 0.7869488596916199),
            ["UpperTorso"] = CFrame.new(-4.656612873077393e-10, -1.1920928955078125e-07, 8.032657206058502e-09, 0.9997668862342834, 0.01646129973232746, 0.013973919674754143, -0.014621023088693619, 0.9923135638237, -0.1228828951716423, -0.015889307484030724, 0.12264995276927948, 0.9923228621482849),
            ["HumanoidRootPart"] = CFrame.new(0, 0, 0, 1, 0, 0, 0, 1, 0, 0, 0, 1),
            ["RightUpperLeg"] = CFrame.new(-2.9802322387695312e-08, -6.666523404419422e-07, -1.7771526472643018e-07, 0.9979721307754517, 0.03629765659570694, -0.05228888615965843, -0.053343579173088074, 0.9251214861869812, -0.3759051561355591, 0.034729182720184326, 0.37793204188346863, 0.9251816868782043),
            ["LeftUpperArm"] = CFrame.new(-1.1920928955078125e-07, -2.384185791015625e-07, 7.450580596923828e-08, 0.4334608316421509, 0.7539832592010498, -0.49357980489730835, -0.0713944062590599, 0.5747185945510864, 0.8152309060096741, 0.8983399271965027, -0.31813180446624756, 0.30294814705848694),
            ["RightLowerArm"] = CFrame.new(2.980232238769531e-07, -4.76837158203125e-07, -4.3585896492004395e-07, 1, -1.043081283569336e-07, 8.195642919872625e-08, 1.192093321833454e-07, -0.10436034947633743, -0.9945396184921265, 8.195641498787154e-08, 0.9945396184921265, -0.1043602004647255),
            ["LeftHand"] = CFrame.new(5.960464477539063e-08, 3.5762786865234375e-07, -1.341104507446289e-07, 0.5479952096939087, 0.4788668751716614, -0.6858487129211426, -0.6755309104919434, 0.7368994951248169, -0.025240084156394005, 0.4933147728443146, 0.4771432876586914, 0.7273063659667969),
            ["LeftFoot"] = CFrame.new(-3.480818122625351e-08, -5.960464477539063e-08, 3.725290298461914e-08, 0.990229070186615, -0.0004696083487942815, 0.13944968581199646, 0.07336173951625824, 0.852186381816864, -0.5180703997612, -0.11859381198883057, 0.5232381224632263, 0.843893826007843),
            ["LowerTorso"] = CFrame.new(-0.008997284807264805, -0.14539265632629395, -0.03373203054070473, 0.9959437251091003, -0.0054773143492639065, -0.08981189876794815, 0.010183186270296574, 0.9985939860343933, 0.05202279984951019, 0.08940067887306213, -0.05272635072469711, 0.9945991635322571),
            ["RightLowerLeg"] = CFrame.new(5.21540641784668e-08, -0.000003516674041748047, -0.00001341680035693571, 1, -7.823110337312755e-08, -6.519261575022028e-08, 1.0035002162567253e-07, 0.6710637211799622, 0.7413992881774902, -6.053597445543346e-08, -0.7413997054100037, 0.6710641980171204),
            ["LeftUpperLeg"] = CFrame.new(-1.1920928955078125e-07, -1.7881393432617188e-07, -1.341104507446289e-07, 0.9985318183898926, -0.004160778131335974, -0.05400910973548889, -0.015743447467684746, 0.9317160844802856, -0.3628460764884949, 0.051831018179655075, 0.3631635904312134, 0.9302825927734375),
            ["LeftLowerLeg"] = CFrame.new(-2.6542693376541138e-08, 0.000003993511199951172, 0.000013366341590881348, 1, 8.614734525735912e-08, 1.5948891984862712e-08, -6.37955750448782e-08, 0.6540891528129578, 0.7564180493354797, 2.5262115954660658e-08, -0.7564175724983215, 0.65408855676651),
        }},
        {Time = 0.233, Data = {
            ["RightFoot"] = CFrame.new(6.51925802230835e-09, 2.384185791015625e-07, -9.480572771281004e-09, 0.9991228580474854, -0.04176793992519379, 0.00299118016846478, 0.03809215873479843, 0.8768804669380188, -0.4791969656944275, 0.017392069101333618, 0.47889047861099243, 0.8777022957801819),
            ["LeftLowerArm"] = CFrame.new(6.854534149169922e-07, -3.5762786865234375e-07, -4.6938657760620117e-07, 1, -8.940692453052179e-08, 1.1920921849650767e-07, 7.450581307466564e-08, -0.1255759596824646, -0.9920840859413147, 1.3411046495548362e-07, 0.9920840263366699, -0.1255759447813034),
            ["RightUpperArm"] = CFrame.new(0, 4.76837158203125e-07, -7.450580596923828e-09, 0.3721916377544403, -0.7818638682365417, 0.5001624822616577, 0.02902393601834774, 0.5484183430671692, 0.835700273513794, -0.927702009677887, -0.2965239882469177, 0.22680942714214325),
            ["Head"] = CFrame.new(1.1874362826347351e-07, 4.76837158203125e-07, -1.0186340659856796e-08, 0.9926676154136658, 0.03235886991024017, 0.1164645105600357, -0.032447490841150284, 0.9994728565216064, -0.001135424361564219, -0.11643986403942108, -0.0026518693193793297, 0.9931942224502563),
            ["RightHand"] = CFrame.new(-3.2782554626464844e-07, 6.556510925292969e-07, 9.685754776000977e-08, 0.533231258392334, -0.5834119915962219, 0.6126131415367126, 0.7403182983398438, 0.672243595123291, -0.004188425838947296, -0.409381628036499, 0.45576211810112, 0.7903718948364258),
            ["UpperTorso"] = CFrame.new(-4.6566128730773926e-09, 0, -2.293381839990616e-08, 0.9997589588165283, 0.01723378337919712, 0.013607735745608807, -0.015392214059829712, 0.9919806718826294, -0.12544900178909302, -0.01566057652235031, 0.1252092868089676, 0.9920068383216858),
            ["HumanoidRootPart"] = CFrame.new(0, 0, 0, 1, 0, 0, 0, 1, 0, 0, 0, 1),
            ["RightUpperLeg"] = CFrame.new(5.960464477539063e-08, -5.689798854291439e-07, -1.898224581964314e-07, 0.9982269406318665, 0.04153861477971077, -0.04263481870293617, -0.054661985486745834, 0.9232339262962341, -0.38033053278923035, 0.023563524708151817, 0.3819866478443146, 0.9238674640655518),
            ["LeftUpperArm"] = CFrame.new(0, -3.5762786865234375e-07, 4.842877388000488e-08, 0.4298495054244995, 0.7534536719322205, -0.49753087759017944, -0.06935923546552658, 0.5769627690315247, 0.8138201236724854, 0.9002326130867004, -0.31531190872192383, 0.30026617646217346),
            ["RightLowerArm"] = CFrame.new(2.384185791015625e-07, -3.5762786865234375e-07, -2.7194619178771973e-07, 1, -8.940695295223122e-08, 1.5646226358967397e-07, 1.4528640690514294e-07, -0.10913900285959244, -0.9940265417098999, 9.685760460342863e-08, 0.9940265417098999, -0.10913898795843124),
            ["LeftHand"] = CFrame.new(-8.940696716308594e-08, 3.5762786865234375e-07, 1.6391277313232422e-07, 0.547835111618042, 0.4823867082595825, -0.6835060715675354, -0.6780550479888916, 0.7345846891403198, -0.02503059245646, 0.4900185465812683, 0.47716718912124634, 0.729515552520752),
            ["LeftFoot"] = CFrame.new(1.8102582544088364e-08, -5.960464477539063e-08, -1.4901161193847656e-08, 0.9912511706352234, -0.00041965924901887774, 0.13198891282081604, 0.06988444179296494, 0.8499940633773804, -0.5221365094184875, -0.11197077482938766, 0.5267921686172485, 0.8425866961479187),
            ["LowerTorso"] = CFrame.new(-0.010351541452109814, -0.14603900909423828, -0.030982334166765213, 0.9961622357368469, -0.0063623180612921715, -0.08729526400566101, 0.011163262650370598, 0.9984448552131653, 0.0546191930770874, 0.08681200444698334, -0.0553840734064579, 0.9946840405464172),
            ["RightLowerLeg"] = CFrame.new(-1.862645149230957e-09, -0.000003337860107421875, -0.000013401899195741862, 1, -1.0430814256778831e-07, -3.911554458113642e-08, 1.136213683139431e-07, 0.6702855229377747, 0.7421035766601562, -4.284084198502569e-08, -0.7421033382415771, 0.6702853441238403),
            ["LeftUpperLeg"] = CFrame.new(-1.1920928955078125e-07, 1.3154931366443634e-07, -1.601874828338623e-07, 0.9987742304801941, -0.001465779496356845, -0.04947609081864357, -0.016977982595562935, 0.928776741027832, -0.3702504336833954, 0.04649495333433151, 0.37063664197921753, 0.9276134967803955),
            ["LeftLowerLeg"] = CFrame.new(-1.5832483768463135e-08, 0.000003933906555175781, 0.00001333281397819519, 1, 5.820766091346741e-08, 3.6088742660922435e-08, -6.75208511324854e-08, 0.6496603488922119, 0.7602249979972839, 1.3154925149194696e-08, -0.7602246403694153, 0.6496598720550537),
        }},
        {Time = 0.267, Data = {
            ["RightFoot"] = CFrame.new(1.0244548320770264e-08, 2.980232238769531e-07, -1.0633812053129077e-07, 0.9988337755203247, -0.04414670541882515, -0.01955220475792885, 0.02926498092710972, 0.8756389617919922, -0.4820784628391266, 0.038402728736400604, 0.48094430565834045, 0.8759098649024963),
            ["LeftLowerArm"] = CFrame.new(-1.1920928955078125e-07, -3.5762786865234375e-07, 7.003545761108398e-07, 1, -1.3411039390121005e-07, 1.266597848825768e-07, 9.685756197086448e-08, -0.11743592470884323, -0.9930804371833801, 1.3411046495548362e-07, 0.9930804371833801, -0.11743592470884323),
            ["RightUpperArm"] = CFrame.new(-5.960464477539063e-08, 3.5762786865234375e-07, 4.470348358154297e-08, 0.37619850039482117, -0.7864975333213806, 0.48979222774505615, 0.03455767780542374, 0.5401681661605835, 0.8408473134040833, -0.9258944392204285, -0.29939940571784973, 0.23038998246192932),
            ["Head"] = CFrame.new(1.2386590242385864e-07, 2.384185791015625e-07, 6.056507118046284e-08, 0.9936986565589905, 0.024527553468942642, 0.10936848819255829, -0.025247054174542427, 0.9996677041053772, 0.005198544356971979, -0.10920463502407074, -0.00792701542377472, 0.9939877986907959),
            ["RightHand"] = CFrame.new(-4.470348358154297e-07, 7.748603820800781e-07, 3.725290298461914e-08, 0.5358701944351196, -0.5678504705429077, 0.6248111724853516, 0.729490339756012, 0.683979332447052, -0.004023976624011993, -0.4250728189945221, 0.45795005559921265, 0.7807655334472656),
            ["UpperTorso"] = CFrame.new(-3.725290298461914e-09, -5.662441253662109e-07, -1.2922100722789764e-08, 0.9996262192726135, 0.025967061519622803, 0.008555847220122814, -0.02464284375309944, 0.9912858605384827, -0.12940284609794617, -0.01184149831533432, 0.1291436403989792, 0.9915552735328674),
            ["HumanoidRootPart"] = CFrame.new(0, 0, 0, 1, 0, 0, 0, 1, 0, 0, 0, 1),
            ["RightUpperLeg"] = CFrame.new(-2.9802322387695312e-08, -3.7619611248373985e-07, -1.6002013580873609e-07, 0.9981932640075684, 0.05129120498895645, -0.03129631653428078, -0.059417277574539185, 0.9200761914253235, -0.3872075080871582, 0.008934710174798965, 0.38836729526519775, 0.921461284160614),
            ["LeftUpperArm"] = CFrame.new(1.1920928955078125e-07, -3.5762786865234375e-07, 5.21540641784668e-08, 0.4225068986415863, 0.7503648400306702, -0.5083704590797424, -0.057658374309539795, 0.5820085406303406, 0.8111360669136047, 0.9045239090919495, -0.31339865922927856, 0.2891674339771271),
            ["RightLowerArm"] = CFrame.new(5.960464477539062e-07, 1.7881393432617188e-07, -7.636845111846924e-07, 1, -1.0430811414607888e-07, 1.2665991278026922e-07, 9.3132300094112e-08, -0.1199173629283905, -0.9927839040756226, 9.685759039257391e-08, 0.9927838444709778, -0.11991741508245468),
            ["LeftHand"] = CFrame.new(0, -1.1920928955078125e-07, -1.862645149230957e-07, 0.5424195528030396, 0.49484285712242126, -0.6789052486419678, -0.6888223886489868, 0.7245899438858032, -0.02220139652490616, 0.480941504240036, 0.47968751192092896, 0.7338902354240417),
