return {
    ["All For You"] = {
        {Time = 0.000, Data = {
            ["LeftFoot"] = CFrame.new(-3.8708094507455826e-08, 0, 1.0564690455794334e-08, 0.9995012283325195, 0.031547218561172485, 0.0015166627708822489, -0.026164468377828598, 0.8539440631866455, -0.519706666469574, -0.017690414562821388, 0.5194076895713806, 0.8543434739112854),
            ["LeftLowerArm"] = CFrame.new(5.960464477539063e-08, 2.384185791015625e-07, 2.1606683731079102e-07, 1, -9.918585419654846e-08, 7.497146725654602e-08, 7.392372225467625e-08, 0.3805261254310608, -0.924770176410675, 5.774199252073231e-08, 0.924770176410675, 0.38052621483802795),
            ["LowerTorso"] = CFrame.new(-0.27019068598747253, -0.2484344244003296, 0.016901344060897827, 0.9748821258544922, -0.15477074682712555, 0.16015945374965668, 0.19463972747325897, 0.9415752291679382, -0.27486634254455566, -0.10826092958450317, 0.29913565516471863, 0.9480493068695068),
            ["Head"] = CFrame.new(2.9802322387695312e-08, 3.5762786865234375e-07, -4.842877388000488e-08, 0.9736443758010864, 0.0890006348490715, 0.20998945832252502, -0.12381751835346222, 0.9794908761978149, 0.1589554399251938, -0.1915355771780014, -0.18076643347740173, 0.9646956920623779),
            ["RightUpperArm"] = CFrame.new(0, 1.1920928955078125e-07, -5.587935447692871e-08, 0.5942913889884949, -0.7372310757637024, -0.3214157521724701, 0.20420093834400177, 0.5248682498931885, -0.8263263702392578, 0.7778944969177246, 0.4254453182220459, 0.4624679982662201),
            ["UpperTorso"] = CFrame.new(5.681067705154419e-08, 2.9802322387695312e-08, -4.0978193283081055e-08, 0.9629905819892883, 0.16430428624153137, -0.21366630494594574, -0.16099074482917786, 0.986406147480011, 0.03294007480144501, 0.21617391705513, 0.00267726369202137, 0.976351261138916),
            ["HumanoidRootPart"] = CFrame.new(0, 0, 0, 1, 0, 0, 0, 1, 0, 0, 0, 1),
            ["RightHand"] = CFrame.new(1.043081283569336e-07, 2.384185791015625e-07, 8.940696716308594e-08, 0.8538821935653687, 0.39812928438186646, -0.33522891998291016, -0.45198506116867065, 0.8865888118743896, -0.09833558648824692, 0.25805985927581787, 0.23548555374145508, 0.9369908571243286),
            ["LeftUpperArm"] = CFrame.new(0, 2.384185791015625e-07, -7.450580596923828e-08, 0.42246633768081665, 0.8663366436958313, 0.26642683148384094, -0.23699522018432617, 0.3893044590950012, -0.8900985717773438, -0.8748459815979004, 0.312894731760025, 0.3697856068611145),
            ["RightLowerArm"] = CFrame.new(0, 3.5762786865234375e-07, 4.76837158203125e-07, 1, -5.401672709126615e-08, 7.07805440924858e-08, 1.2852252950779075e-07, 0.36399734020233154, -0.9314001202583313, 7.078052277620372e-08, 0.9314000606536865, 0.36399731040000916),
            ["LeftHand"] = CFrame.new(-1.043081283569336e-07, 5.960464477539063e-08, 1.1920928955078125e-07, 0.898233950138092, -0.4114822447299957, 0.15446129441261292, 0.4195188581943512, 0.9074773192405701, -0.022111443802714348, -0.13107167184352875, 0.08466080576181412, 0.9877513647079468),
            ["RightUpperLeg"] = CFrame.new(1.7881393432617188e-07, -6.51925802230835e-09, -5.012407200410962e-08, 0.9221368432044983, -0.3280085623264313, -0.20511940121650696, 0.1776924878358841, 0.8300870060920715, -0.5285648703575134, 0.34364089369773865, 0.45096105337142944, 0.8237385749816895),
            ["LeftUpperLeg"] = CFrame.new(5.960464477539063e-08, -1.1175870895385742e-08, -7.450580596923828e-08, 0.986224353313446, 0.10552043467760086, -0.12738510966300964, -0.15002724528312683, 0.8949524760246277, -0.4201805889606476, 0.06966591626405716, 0.43350377678871155, 0.898455023765564),
            ["RightLowerLeg"] = CFrame.new(-5.960464477539063e-08, -0.0000034570693969726562, -0.000013440083421301097, 1, -1.564622067462551e-07, -1.4901164746561335e-08, 1.3411046495548362e-07, 0.20620059967041016, 0.978509783744812, -9.126962652317161e-08, -0.9785098433494568, 0.2062007486820221),
            ["RightFoot"] = CFrame.new(4.470348358154297e-08, 2.980232238769531e-07, -1.3205863069742918e-08, 0.9441303610801697, 0.2902299463748932, 0.1561560332775116, -0.26572489738464355, 0.9506367444992065, -0.16024939715862274, -0.19495689868927002, 0.10980189591646194, 0.9746463298797607),
            ["LeftLowerLeg"] = CFrame.new(1.4901161193847656e-08, 0.000004351139068603516, 0.000013299286365509033, 1, 3.259630148022552e-07, 2.1420419216156006e-07, -3.296882198355888e-07, 0.28902027010917664, 0.9573230147361755, 2.6449563961250533e-07, -0.9573230147361755, 0.289020299911499),
        }},
        {Time = 0.017, Data = {
            ["LeftFoot"] = CFrame.new(5.0120092964789364e-08, -1.1920928955078125e-07, -3.3602191251702607e-08, 0.9994689226150513, 0.03255373612046242, 0.001496962970122695, -0.027179893106222153, 0.8580631613731384, -0.5128242373466492, -0.017978794872760773, 0.5125113129615784, 0.8584923148155212),
            ["LeftLowerArm"] = CFrame.new(-8.940696716308594e-08, -1.7881393432617188e-07, -4.470348358154297e-08, 1, -9.313224325069314e-08, 8.009374141693115e-08, 8.102506399154663e-08, 0.38063889741897583, -0.924723744392395, 5.774199962615967e-08, 0.924723744392395, 0.3806390166282654),
            ["LowerTorso"] = CFrame.new(-0.27114567160606384, -0.2396794557571411, 0.01918548345565796, 0.9769459962844849, -0.1521388739347458, 0.14976803958415985, 0.1890249252319336, 0.9425056576728821, -0.27559512853622437, -0.09922851622104645, 0.2975514233112335, 0.949535071849823),
            ["Head"] = CFrame.new(2.2351741790771484e-08, 2.384185791015625e-07, 5.587935447692871e-09, 0.9740129709243774, 0.08655013144016266, 0.20930328965187073, -0.11754541099071503, 0.983079731464386, 0.14049027860164642, -0.19360233843326569, -0.16144201159477234, 0.9677058458328247),
            ["RightUpperArm"] = CFrame.new(0, 2.384185791015625e-07, 1.4901161193847656e-08, 0.6040934920310974, -0.7387915849685669, -0.2987607717514038, 0.20562559366226196, 0.506706953048706, -0.8372372388839722, 0.769927978515625, 0.44433677196502686, 0.45801281929016113),
            ["UpperTorso"] = CFrame.new(1.1175870895385742e-08, 1.4901161193847656e-07, -5.21540641784668e-08, 0.9650903344154358, 0.16649547219276428, -0.20218795537948608, -0.15878310799598694, 0.9858411550521851, 0.05390030890703201, 0.20829936861991882, -0.019914701581001282, 0.9778624176979065),
            ["HumanoidRootPart"] = CFrame.new(0, 0, 0, 1, 0, 0, 0, 1, 0, 0, 0, 1),
            ["RightHand"] = CFrame.new(1.0058283805847168e-07, 3.5762786865234375e-07, 3.725290298461914e-08, 0.8559224605560303, 0.4134759306907654, -0.3105388581752777, -0.4422639012336731, 0.8965286612510681, -0.025280684232711792, 0.2679540514945984, 0.15897858142852783, 0.9502244591712952),
            ["LeftUpperArm"] = CFrame.new(0, 1.1920928955078125e-07, 2.2351741790771484e-08, 0.4384918510913849, 0.8635939955711365, 0.24885772168636322, -0.24624796211719513, 0.3817477226257324, -0.8908594846725464, -0.8643417954444885, 0.3293539881706238, 0.38005149364471436),
            ["RightLowerArm"] = CFrame.new(-2.9802322387695312e-08, -2.384185791015625e-07, 3.427267074584961e-07, 1, -6.798654794692993e-08, 2.2351745343485163e-08, 8.381903882082042e-08, 0.37306761741638184, -0.9278042316436768, 5.308539385850963e-08, 0.927804172039032, 0.37306755781173706),
            ["LeftHand"] = CFrame.new(-1.341104507446289e-07, 2.384185791015625e-07, 2.7567148208618164e-07, 0.8981290459632874, -0.4163842499256134, 0.14138060808181763, 0.4152795970439911, 0.908872127532959, 0.038657188415527344, -0.14459308981895447, 0.023993423208594322, 0.989200234413147),
            ["RightUpperLeg"] = CFrame.new(-5.960464477539063e-08, 4.284083843231201e-08, -4.453613655641675e-08, 0.9047123193740845, -0.37730103731155396, -0.19783717393875122, 0.1912802904844284, 0.7746933102607727, -0.6027125716209412, 0.380667120218277, 0.5074390172958374, 0.7730447053909302),
            ["LeftUpperLeg"] = CFrame.new(2.9802322387695312e-08, 2.1606683731079102e-07, -5.960464477539063e-08, 0.9874880909919739, 0.10835474729537964, -0.11457125097513199, -0.14629319310188293, 0.9006993174552917, -0.40907102823257446, 0.05886942148208618, 0.42071378231048584, 0.9052813649177551),
            ["RightLowerLeg"] = CFrame.new(5.960464477539063e-08, -0.0000034570693969726562, -0.000013346019841264933, 1, -3.725290298461914e-07, -2.831222047916526e-07, 3.576279254957626e-07, 0.05763227120041847, 0.998337984085083, -3.2875689726097335e-07, -0.9983379244804382, 0.05763246864080429),
            ["RightFoot"] = CFrame.new(2.2351741790771484e-08, 4.172325134277344e-07, 9.145878721028566e-09, 0.9415180087089539, 0.27738887071609497, 0.19130969047546387, -0.25771012902259827, 0.9585477113723755, -0.12153885513544083, -0.21709299087524414, 0.0651286169886589, 0.9739758968353271),
            ["LeftLowerLeg"] = CFrame.new(5.960464477539063e-08, 0.000003874301910400391, 0.000013425946235656738, 1, -1.7695120391181263e-07, -9.126959099603482e-08, 1.341104365337742e-07, 0.31026992201805115, 0.9506485462188721, -9.872017869838601e-08, -0.9506484866142273, 0.31026995182037354),
        }},
        {Time = 0.034, Data = {
            ["LeftFoot"] = CFrame.new(2.8876513624709332e-08, 0, 1.1154043022543192e-08, 0.9994199275970459, 0.03402895852923393, 0.0013783724280074239, -0.028932731598615646, 0.8697039484977722, -0.49272510409355164, -0.01796569488942623, 0.49239930510520935, 0.8701839447021484),
            ["LeftLowerArm"] = CFrame.new(-1.1920928955078125e-07, -2.980232238769531e-07, -1.4901161193847656e-08, 1, -4.4703490686970326e-08, 6.33299421792799e-08, 6.146728992462158e-08, 0.38282138109207153, -0.9238224625587463, 6.705522537231445e-08, 0.9238224625587463, 0.38282135128974915),
            ["LowerTorso"] = CFrame.new(-0.2723127007484436, -0.21567416191101074, 0.025487516075372696, 0.9820215106010437, -0.14479397237300873, 0.12111422419548035, 0.17352993786334991, 0.9449924826622009, -0.2772662341594696, -0.07430554926395416, 0.2932983338832855, 0.9531289339065552),
            ["Head"] = CFrame.new(1.1175870895385742e-08, -1.1920928955078125e-07, 3.166496753692627e-08, 0.9747827053070068, 0.0792132019996643, 0.20862410962581635, -0.10655244439840317, 0.9866402745246887, 0.12323863059282303, -0.19607479870319366, -0.14236034452915192, 0.9702001214027405),
            ["RightUpperArm"] = CFrame.new(0, 0, 4.0978193283081055e-08, 0.6363146901130676, -0.7320323586463928, -0.24337691068649292, 0.2193366438150406, 0.4741479158401489, -0.8526871204376221, 0.7395911812782288, 0.4891957640647888, 0.46226879954338074),
            ["UpperTorso"] = CFrame.new(3.3527612686157227e-08, 1.4901161193847656e-07, -3.725290298461914e-09, 0.9705523252487183, 0.16701152920722961, -0.1735953390598297, -0.15668214857578278, 0.9850436449050903, 0.07169216126203537, 0.18297237157821655, -0.042381685227155685, 0.9822041392326355),
            ["HumanoidRootPart"] = CFrame.new(0, 0, 0, 1, 0, 0, 0, 1, 0, 0, 0, 1),
            ["RightHand"] = CFrame.new(9.685754776000977e-08, 5.960464477539063e-08, -2.2351741790771484e-08, 0.8590828776359558, 0.4260610044002533, -0.2836349308490753, -0.4327617585659027, 0.9005311131477356, 0.04196551442146301, 0.27330198884010315, 0.08669450134038925, 0.958013653755188),
            ["LeftUpperArm"] = CFrame.new(0, -1.1920928955078125e-07, 1.4901161193847656e-08, 0.4817391633987427, 0.8534116148948669, 0.19903799891471863, -0.27220430970191956, 0.3616240322589874, -0.8917022943496704, -0.8329659700393677, 0.3753888010978699, 0.40651074051856995),
            ["RightLowerArm"] = CFrame.new(0, -4.76837158203125e-07, 1.7881393432617188e-07, 1, -9.778887033462524e-08, 6.239861249923706e-08, 2.0489096641540527e-08, 0.38694220781326294, -0.9221040606498718, 7.450580596923828e-08, 0.9221039414405823, 0.386942058801651),
            ["LeftHand"] = CFrame.new(1.1920928955078125e-07, -6.556510925292969e-07, -2.0116567611694336e-07, 0.8982142806053162, -0.42020681500434875, 0.12898609042167664, 0.41065797209739685, 0.9068618416786194, 0.09466668963432312, -0.15675224363803864, -0.0320618636906147, 0.9871174097061157),
            ["RightUpperLeg"] = CFrame.new(0, 3.2177194952964783e-07, -8.214556146413088e-09, 0.892998456954956, -0.4139804542064667, -0.17656104266643524, 0.2009761929512024, 0.7178231477737427, -0.6665873527526855, 0.40269383788108826, 0.5597769618034363, 0.724215030670166),
            ["LeftUpperLeg"] = CFrame.new(-5.960464477539063e-08, 1.0803341865539551e-07, 3.725290298461914e-08, 0.9901103973388672, 0.11544577777385712, -0.07971027493476868, -0.13716484606266022, 0.91588294506073, -0.37728551030158997, 0.02944924309849739, 0.3844877779483795, 0.922660231590271),
            ["RightLowerLeg"] = CFrame.new(-1.4901161193847656e-08, -0.0000036954879760742188, -0.00001328920916421339, 1, -5.951150683358719e-07, -6.482006824626296e-07, 4.991888999938965e-07, -0.059748388826847076, 0.9982134699821472, -6.230548024177551e-07, -0.998213529586792, -0.05974822863936424),
            ["RightFoot"] = CFrame.new(2.9802322387695312e-08, 1.1920928955078125e-07, 2.2184394765645266e-08, 0.9429821968078613, 0.2513458728790283, 0.21819762885570526, -0.24313120543956757, 0.9678686857223511, -0.06416752934455872, -0.2273147702217102, 0.007458332926034927, 0.9737928509712219),
            ["LeftLowerLeg"] = CFrame.new(-6.705522537231445e-08, 0.000003874301910400391, 0.000013142824172973633, 1, -1.6950066594745294e-07, -1.0803339023368608e-07, 1.6018744020129816e-07, 0.36953261494636536, 0.9292178153991699, -1.1734661597984086e-07, -0.9292176961898804, 0.36953267455101013),
        }},
        {Time = 0.051, Data = {
            ["LeftFoot"] = CFrame.new(2.7794840207207017e-08, 0, 2.2815584088675678e-08, 0.9993768930435181, 0.03527924418449402, 0.0011558682890608907, -0.030811835080385208, 0.8878649473190308, -0.45907118916511536, -0.017222022637724876, 0.4587497413158417, 0.8883987665176392),
            ["LeftLowerArm"] = CFrame.new(1.1920928955078125e-07, 2.384185791015625e-07, 4.6938657760620117e-07, 1, -1.0430814256778831e-07, 7.450581307466564e-08, 5.960465188081798e-08, 0.3890940546989441, -0.9211981296539307, 6.33299421792799e-08, 0.9211981296539307, 0.3890939950942993),
            ["LowerTorso"] = CFrame.new(-0.273627907037735, -0.17980730533599854, 0.034981872886419296, 0.9879752993583679, -0.1335124522447586, 0.07796958088874817, 0.15018922090530396, 0.9484988451004028, -0.2789141833782196, -0.036715541034936905, 0.28727051615715027, 0.9571455717086792),
            ["Head"] = CFrame.new(1.862645149230957e-09, 0, -1.6763806343078613e-08, 0.9758417010307312, 0.06889479607343674, 0.20733220875263214, -0.09263721108436584, 0.989926815032959, 0.1070670560002327, -0.19786733388900757, -0.12368714064359665, 0.9723939895629883),
            ["RightUpperArm"] = CFrame.new(-5.960464477539063e-08, 1.1920928955078125e-07, 3.3527612686157227e-08, 0.6831915974617004, -0.7123507261276245, -0.16064146161079407, 0.24468982219696045, 0.4305844008922577, -0.8687485456466675, 0.6880233287811279, 0.554214358329773, 0.46847665309906006),
            ["UpperTorso"] = CFrame.new(-1.862645149230957e-08, -2.9802322387695312e-08, -1.862645149230957e-08, 0.9777066707611084, 0.1642412394285202, -0.1308228224515915, -0.15371765196323395, 0.9842855334281921, 0.08690766990184784, 0.14304083585739136, -0.06486044079065323, 0.9875892996788025),
            ["HumanoidRootPart"] = CFrame.new(0, 0, 0, 1, 0, 0, 0, 1, 0, 0, 0, 1),
            ["RightHand"] = CFrame.new(-2.086162567138672e-07, 2.980232238769531e-07, -1.0058283805847168e-07, 0.8631972074508667, 0.43551310896873474, -0.25538012385368347, -0.4242633879184723, 0.8999266624450684, 0.10066097974777222, 0.2736625671386719, 0.02145814150571823, 0.9615863561630249),
            ["LeftUpperArm"] = CFrame.new(0, -1.1920928955078125e-07, 7.450580596923828e-09, 0.5434360504150391, 0.8307804465293884, 0.12033781409263611, -0.31262966990470886, 0.3333379030227661, -0.88946533203125, -0.7790635228157043, 0.4457463324069977, 0.44087451696395874),
            ["RightLowerArm"] = CFrame.new(-2.086162567138672e-07, 0, 3.650784492492676e-07, 1, -8.195639367158947e-08, 2.60770320892334e-08, 3.539026138810186e-08, 0.40990322828292847, -0.9121289849281311, 5.587936158235607e-08, 0.9121290445327759, 0.40990328788757324),
            ["LeftHand"] = CFrame.new(3.3527612686157227e-08, -5.960464477539063e-08, 8.754432201385498e-08, 0.8984680771827698, -0.4229882061481476, 0.11762726306915283, 0.4060169458389282, 0.9024545550346375, 0.14396558701992035, -0.16704899072647095, -0.08158978819847107, 0.9825669527053833),
            ["RightUpperLeg"] = CFrame.new(-5.960464477539063e-08, -2.952292561531067e-07, -7.283233571797609e-09, 0.8883453011512756, -0.43514007329940796, -0.1466144174337387, 0.20524261891841888, 0.6619145274162292, -0.7209332585334778, 0.41075313091278076, 0.6103460192680359, 0.6773179173469543),
            ["LeftUpperLeg"] = CFrame.new(0, -1.51805579662323e-07, -1.4901161193847656e-08, 0.9921563267707825, 0.12206078320741653, -0.026965733617544174, -0.12416312098503113, 0.9373019337654114, -0.32565104961395264, -0.014474192634224892, 0.32644492387771606, 0.9451054930686951),
            ["RightLowerLeg"] = CFrame.new(0, -0.000003635883331298828, -0.000013494798622559756, 1, 1.4156103134155273e-07, 1.266599838345428e-07, -6.705523247774181e-08, -0.1496153026819229, 0.98874431848526, 1.1292287638298149e-07, -0.9887443780899048, -0.14961554110050201),
            ["RightFoot"] = CFrame.new(7.078051567077637e-08, 3.5762786865234375e-07, 8.365168469026685e-08, 0.9480816125869751, 0.21675227582454681, 0.2327221930027008, -0.22362998127937317, 0.9746687412261963, 0.003256262047216296, -0.22612155973911285, -0.05513118579983711, 0.9725378155708313),
            ["LeftLowerLeg"] = CFrame.new(7.82310962677002e-08, 0.0000040531158447265625, 0.000013381242752075195, 1, 3.427267358802055e-07, 1.91852478792498e-07, -2.6822092991096724e-07, 0.46086403727531433, 0.8874707818031311, 1.9744041424019088e-07, -0.8874708414077759, 0.46086421608924866),
        }},
        {Time = 0.068, Data = {
            ["LeftFoot"] = CFrame.new(-3.5252526231488446e-08, 5.960464477539063e-08, 8.942606655182317e-09, 0.9993628263473511, 0.03568262979388237, 0.0008518696995452046, -0.03219608962535858, 0.9115025997161865, -0.4100324213504791, -0.015407534316182137, 0.40974369645118713, 0.912070631980896),
            ["LeftLowerArm"] = CFrame.new(2.980232238769531e-07, 3.5762786865234375e-07, -3.2782554626464844e-07, 1, -7.450581307466564e-08, 1.1920931797249068e-07, 6.705523247774181e-08, 0.4014988839626312, -0.915859580039978, 4.0978196835794733e-08, 0.915859580039978, 0.4014988839626312),
            ["LowerTorso"] = CFrame.new(-0.27502748370170593, -0.13546812534332275, 0.04684297740459442, 0.9925855398178101, -0.1191023662686348, 0.024260612204670906, 0.12112061679363251, 0.9524659514427185, -0.2795325815677643, 0.010185587219893932, 0.280398428440094, 0.9598297476768494),
            ["Head"] = CFrame.new(-1.1175870895385742e-08, 2.384185791015625e-07, -4.284083843231201e-08, 0.9770993590354919, 0.05771081894636154, 0.20480820536613464, -0.0778731107711792, 0.9927291870117188, 0.0917862206697464, -0.1980220377445221, -0.10563329607248306, 0.9744890928268433),
            ["RightUpperArm"] = CFrame.new(0, 1.1920928955078125e-07, 0, 0.73552405834198, -0.6750743985176086, -0.05726219713687897, 0.28058093786239624, 0.380452960729599, -0.8812093734741211, 0.6166674494743347, 0.6320839524269104, 0.4692452549934387),
            ["UpperTorso"] = CFrame.new(4.4587068259716034e-08, 0, 1.3969838619232178e-08, 0.9846469759941101, 0.15669061243534088, -0.07693179696798325, -0.14872446656227112, 0.9837881922721863, 0.10020941495895386, 0.09138647466897964, -0.08722928166389465, 0.9919877648353577),
            ["HumanoidRootPart"] = CFrame.new(0, 0, 0, 1, 0, 0, 0, 1, 0, 0, 0, 1),
            ["RightHand"] = CFrame.new(2.3096799850463867e-07, -2.980232238769531e-07, -1.1920928955078125e-07, 0.868047297000885, 0.4417370557785034, -0.22663268446922302, -0.41747352480888367, 0.8964929580688477, 0.1483788639307022, 0.2687191367149353, -0.03418667986989021, 0.9626117944717407),
            ["LeftUpperArm"] = CFrame.new(5.960464477539063e-08, 2.384185791015625e-07, -7.450580596923828e-09, 0.6128703355789185, 0.7899948358535767, 0.017267748713493347, -0.3646681010723114, 0.30215734243392944, -0.8807486295700073, -0.7010043859481812, 0.5334877371788025, 0.47326913475990295),
            ["RightLowerArm"] = CFrame.new(5.960464477539063e-08, -1.1920928955078125e-07, 1.862645149230957e-07, 1, -1.1175872316471214e-07, 7.450579886381092e-08, 3.725290298461914e-08, 0.44606447219848633, -0.8950008749961853, 5.960464477539063e-08, 0.8950009346008301, 0.4460643529891968),
            ["LeftHand"] = CFrame.new(-2.0116567611694336e-07, 4.172325134277344e-07, 2.0489096641540527e-07, 0.898855447769165, -0.4248219430446625, 0.10763558745384216, 0.40177011489868164, 0.8969017267227173, 0.18479233980178833, -0.17504234611988068, -0.12285683304071426, 0.9768655896186829),
            ["RightUpperLeg"] = CFrame.new(5.960464477539063e-08, -4.032626748085022e-07, 7.327616913244128e-08, 0.8910724520683289, -0.43950262665748596, -0.11325738579034805, 0.20415237545967102, 0.6110069751739502, -0.7648477554321289, 0.40535375475883484, 0.6584132313728333, 0.6341771483421326),
            ["LeftUpperLeg"] = CFrame.new(1.7881393432617188e-07, -3.5762786865234375e-07, 7.264316082000732e-08, 0.9916954636573792, 0.1225314512848854, 0.03906507417559624, -0.10878035426139832, 0.9612099528312683, -0.25346022844314575, -0.06860662251710892, 0.24710595607757568, 0.9665566682815552),
            ["RightLowerLeg"] = CFrame.new(5.960464477539063e-08, -0.0000036954879760742188, -0.000013237287930678576, 1, -1.7136329688582919e-07, -2.4586918812019576e-07, 1.4901159772762185e-07, -0.21389617025852203, 0.9768564701080322, -2.0954755086677324e-07, -0.9768564105033875, -0.21389605104923248),
            ["RightFoot"] = CFrame.new(-4.842877388000488e-08, 3.5762786865234375e-07, -5.75528247281909e-09, 0.9555426239967346, 0.17959840595722198, 0.23384368419647217, -0.20139481127262115, 0.9768059253692627, 0.07273618131875992, -0.21535661816596985, -0.11659688502550125, 0.9695497751235962),
            ["LeftLowerLeg"] = CFrame.new(5.21540641784668e-08, 0.000003874301910400391, 0.0000133514404296875, 1, 2.8312203426139604e-07, 1.2572853336223488e-07, -2.542510344483162e-07, 0.5781164765357971, 0.8159542679786682, 1.5832482347377663e-07, -0.8159542679786682, 0.5781165361404419),
        }},
        {Time = 0.085, Data = {
            ["LeftFoot"] = CFrame.new(4.7904904931783676e-08, -1.7881393432617188e-07, -1.862645149230957e-09, 0.999403715133667, 0.03452795371413231, 0.0004840706242248416, -0.03213312476873398, 0.935034990310669, -0.35309651494026184, -0.012644347734749317, 0.3528704345226288, 0.9355868101119995),
            ["LeftLowerArm"] = CFrame.new(-8.940696716308594e-08, 0, -6.407499313354492e-07, 1, -1.4156103134155273e-07, 1.1920928955078125e-07, 1.005828522693264e-07, 0.43053674697875977, -0.9025730490684509, 7.450581307466564e-08, 0.9025731086730957, 0.4305367171764374),
            ["LowerTorso"] = CFrame.new(-0.276447594165802, -0.0860452651977539, 0.06024526059627533, 0.9940873384475708, -0.10251031816005707, -0.035804588347673416, 0.0885964035987854, 0.9563824534416199, -0.27835822105407715, 0.06277747452259064, 0.2735402286052704, 0.9598097205162048),
            ["Head"] = CFrame.new(5.587935447692871e-08, 1.1920928955078125e-07, 5.029141902923584e-08, 0.9785211682319641, 0.047998979687690735, 0.20048096776008606, -0.06457880139350891, 0.9949380159378052, 0.07699328660964966, -0.1957705020904541, -0.0882863849401474, 0.976667582988739),
            ["RightUpperArm"] = CFrame.new(0, 2.384185791015625e-07, -3.725290298461914e-09, 0.7841386198997498, -0.6179130673408508, 0.05753335356712341, 0.32443535327911377, 0.3291432857513428, -0.8867956399917603, 0.5290259122848511, 0.7140365839004517, 0.4585667550563812),
            ["UpperTorso"] = CFrame.new(1.5832483768463135e-08, 1.7881393432617188e-07, -4.842877388000488e-08, 0.9896023869514465, 0.14301474392414093, -0.015294025652110577, -0.14042328298091888, 0.9836906790733337, 0.11240099370479584, 0.03111959621310234, -0.10908467322587967, 0.9935452938079834),
            ["HumanoidRootPart"] = CFrame.new(0, 0, 0, 1, 0, 0, 0, 1, 0, 0, 0, 1),
            ["RightHand"] = CFrame.new(1.4901161193847656e-07, 1.1920928955078125e-07, -1.4901161193847656e-07, 0.8733900785446167, 0.44488048553466797, -0.19816914200782776, -0.41293132305145264, 0.8921864032745361, 0.18300628662109375, 0.25821977853775024, -0.07800569385290146, 0.9629318714141846),
            ["LeftUpperArm"] = CFrame.new(0, 0, 1.4901161193847656e-08, 0.6784788966178894, 0.7274653315544128, -0.1022772565484047, -0.4237332344055176, 0.2738092839717865, -0.8634110689163208, -0.6000971794128418, 0.6291444897651672, 0.4940250813961029),
            ["RightLowerArm"] = CFrame.new(2.980232238769531e-07, 5.960464477539063e-08, 4.861503839492798e-07, 1, -4.470347647611561e-08, 1.4901159417490817e-08, 2.9802318834981634e-08, 0.49789881706237793, -0.8672351837158203, 3.911554458113642e-08, 0.8672351241111755, 0.4978988468647003),
            ["LeftHand"] = CFrame.new(2.8312206268310547e-07, -1.1920928955078125e-07, -2.5331974029541016e-07, 0.8993344902992249, -0.42583340406417847, 0.09931488335132599, 0.3983416259288788, 0.8915477991104126, 0.21556076407432556, -0.1803368330001831, -0.15429994463920593, 0.9714268445968628),
            ["RightUpperLeg"] = CFrame.new(0, 4.079192876815796e-07, -6.129994289949536e-08, 0.9002286791801453, -0.42789968848228455, -0.08056273311376572, 0.19922012090682983, 0.5692986845970154, -0.7976281046867371, 0.38716909289360046, 0.7019977569580078, 0.5977450609207153),
            ["LeftUpperLeg"] = CFrame.new(8.940696716308594e-08, 6.51925802230835e-08, -1.1175870895385742e-08, 0.9874457120895386, 0.11293821781873703, 0.11043551564216614, -0.09221652150154114, 0.9797981977462769, -0.17745931446552277, -0.1282464563846588, 0.16504745185375214, 0.9779122471809387),
            ["RightLowerLeg"] = CFrame.new(-2.9802322387695312e-08, -0.000003814697265625, -0.0000133199428091757, 1, -1.4901154088420299e-07, -2.6077037773575285e-07, 1.7881393432617188e-07, -0.25470757484436035, 0.9670181274414062, -2.5331974029541016e-07, -0.9670181274414062, -0.2547076642513275),
            ["RightFoot"] = CFrame.new(3.91155481338501e-08, 2.384185791015625e-07, -8.398637874051929e-08, 0.9637189507484436, 0.14546892046928406, 0.22379636764526367, -0.1788271814584732, 0.9743305444717407, 0.13675083220005035, -0.19815859198570251, -0.1718105673789978, 0.964994490146637),
            ["LeftLowerLeg"] = CFrame.new(2.2165477275848389e-07, 0.000004112720489501953, 0.000013269484043121338, 1, 2.048909131247001e-08, 1.4901159417490817e-08, 0, 0.6965216994285583, 0.7175358533859253, 8.381902283360887e-09, -0.717535674571991, 0.6965216398239136),
        }},
        {Time = 0.102, Data = {
            ["LeftFoot"] = CFrame.new(3.4458935260772705e-08, 2.384185791015625e-07, 2.9802322387695312e-08, 0.999505877494812, 0.031435638666152954, 0.00007478369661839679, -0.02994394674897194, 0.9527977705001831, -0.3021259009838104, -0.009568792767822742, 0.30197402834892273, 0.9532681107521057),
            ["LeftLowerArm"] = CFrame.new(2.9802322387695312e-08, 3.5762786865234375e-07, -4.796311259269714e-07, 1, -1.1920927533992653e-07, 4.470348358154297e-08, 7.078050856534901e-08, 0.48219233751296997, -0.8760654330253601, 5.960463766996327e-08, 0.8760654330253601, 0.4821922779083252),
            ["LowerTorso"] = CFrame.new(-0.27782443165779114, -0.034928083419799805, 0.07436314225196838, 0.9915825128555298, -0.08485972881317139, -0.09779123216867447, 0.055015210062265396, 0.959846556186676, -0.2750779688358307, 0.11720763891935349, 0.2673824727535248, 0.9564355611801147),
            ["Head"] = CFrame.new(-1.862645149230957e-08, -3.5762786865234375e-07, -6.146728992462158e-08, 0.9800659418106079, 0.04222441837191582, 0.19413408637046814, -0.05521655082702637, 0.9965473413467407, 0.06200466305017471, -0.19084568321704865, -0.07148806005716324, 0.9790135025978088),
            ["RightUpperArm"] = CFrame.new(-5.960464477539063e-08, -1.1920928955078125e-07, -1.1175870895385742e-08, 0.8220073580741882, -0.5427306890487671, 0.1724742352962494, 0.37187162041664124, 0.28218960762023926, -0.8843532800674438, 0.431295245885849, 0.791083037853241, 0.4337880611419678),
            ["UpperTorso"] = CFrame.new(4.842877388000488e-08, 0, 1.862645149230957e-08, 0.9912530779838562, 0.12210094928741455, 0.05008648708462715, -0.12749695777893066, 0.9839963316917419, 0.1244826391339302, -0.0340854711830616, -0.129779651761055, 0.9909569025039673),
            ["HumanoidRootPart"] = CFrame.new(0, 0, 0, 1, 0, 0, 0, 1, 0, 0, 0, 1),
            ["RightHand"] = CFrame.new(2.9802322387695312e-08, 5.960464477539063e-08, 3.427267074584961e-07, 0.8789842128753662, 0.44527584314346313, -0.1706346571445465, -0.4109371602535248, 0.8888558745384216, 0.20264726877212524, 0.24190357327461243, -0.10800366848707199, 0.9642707109451294),
            ["LeftUpperArm"] = CFrame.new(0, -1.1920928955078125e-07, -2.2351741790771484e-08, 0.7304688692092896, 0.6442441344261169, -0.2266380786895752, -0.4833945631980896, 0.25330886244773865, -0.8379524946212769, -0.48243656754493713, 0.7216537594795227, 0.49645835161209106),
            ["RightLowerArm"] = CFrame.new(0, -1.1920928955078125e-07, 7.82310962677002e-07, 1, -4.4703490686970326e-08, 4.4703490686970326e-08, 5.960464477539063e-08, 0.562393307685852, -0.8268699645996094, 4.470348358154297e-08, 0.8268698453903198, 0.562393307685852),
            ["LeftHand"] = CFrame.new(4.470348358154297e-07, 3.5762786865234375e-07, 2.9802322387695312e-08, 0.8998665809631348, -0.4261487126350403, 0.0929386243224144, 0.39612340927124023, 0.8876703381538391, 0.23479297757148743, -0.182555690407753, -0.17446710169315338, 0.9675922393798828),
            ["RightUpperLeg"] = CFrame.new(0, -3.4458935260772705e-07, 2.029992174357176e-09, 0.9137531518936157, -0.40303120017051697, -0.05119592323899269, 0.19278615713119507, 0.5410674810409546, -0.8185839653015137, 0.3576154410839081, 0.7381137609481812, 0.5721008777618408),
            ["LeftUpperLeg"] = CFrame.new(2.9802322387695312e-08, -3.9907172322273254e-07, -3.818422555923462e-08, 0.9791116118431091, 0.09629441797733307, 0.17907536029815674, -0.07560132443904877, 0.9900115728378296, -0.11900258809328079, -0.18874594569206238, 0.10297881066799164, 0.9766117334365845),
            ["RightLowerLeg"] = CFrame.new(1.4901161193847656e-08, -0.0000034570693969726562, -0.000013481992937158793, 1, -1.3411040811206476e-07, -2.682209867543861e-07, 1.7881393432617188e-07, -0.27347391843795776, 0.9618794322013855, -1.341104507446289e-07, -0.9618794322013855, -0.27347394824028015),
            ["RightFoot"] = CFrame.new(-5.774199962615967e-08, 2.980232238769531e-07, -2.029992174357176e-09, 0.971135139465332, 0.11830075085163116, 0.20712697505950928, -0.15835586190223694, 0.9691351056098938, 0.1889461725950241, -0.17838154733181, -0.21629206836223602, 0.9598947763442993),
            ["LeftLowerLeg"] = CFrame.new(1.862645149230957e-09, 0.000004112720489501953, 0.00001325458288192749, 1, 1.7322601308933372e-07, 7.543710722757169e-08, -1.670560294542156e-07, 0.7903267741203308, 0.6126857399940491, 7.729979500936679e-08, -0.6126857399940491, 0.7903266549110413),
        }},
        {Time = 0.119, Data = {
            ["LeftFoot"] = CFrame.new(-4.284083843231201e-08, 0, 1.1175870895385742e-08, 0.9996445178985596, 0.026659850031137466, -0.0002918059763032943, -0.025779664516448975, 0.9637345671653748, -0.2656150460243225, -0.006800088565796614, 0.2655281126499176, 0.9640791416168213),
            ["LeftLowerArm"] = CFrame.new(-3.2782554626464844e-07, -1.7881393432617188e-07, 5.960464477539063e-08, 1, -7.82310962677002e-08, 7.450580596923828e-08, 1.0058282384761696e-07, 0.5510351061820984, -0.8344821333885193, 1.4901159417490817e-08, 0.8344821333885193, 0.5510350465774536),
            ["LowerTorso"] = CFrame.new(-0.27909404039382935, 0.014494657516479492, 0.08837105333805084, 0.9852569699287415, -0.0674242377281189, -0.15723437070846558, 0.02279641292989254, 0.9626089930534363, -0.26993370056152344, 0.16955529153347015, 0.26236969232559204, 0.9499542713165283),
            ["Head"] = CFrame.new(5.4016709327697754e-08, -2.384185791015625e-07, 3.5390257835388184e-08, 0.9816059470176697, 0.04094531014561653, 0.18647630512714386, -0.050414517521858215, 0.9976536631584167, 0.046321988105773926, -0.1841420829296112, -0.054871056228876114, 0.9813668727874756),
            ["RightUpperArm"] = CFrame.new(0, -1.1920928955078125e-07, 1.1175870895385742e-08, 0.8461650609970093, -0.4557487368583679, 0.2762206196784973, 0.4172200560569763, 0.2440534383058548, -0.8754229545593262, 0.33156031370162964, 0.8559970855712891, 0.39665693044662476),
            ["UpperTorso"] = CFrame.new(1.4901161193847656e-08, -2.384185791015625e-07, 4.842877388000488e-08, 0.9889233708381653, 0.09504523128271103, 0.11400505900382996, -0.11046247184276581, 0.9843119382858276, 0.1375795155763626, -0.09914027899503708, -0.14864887297153473, 0.98390793800354),
            ["HumanoidRootPart"] = CFrame.new(0, 0, 0, 1, 0, 0, 0, 1, 0, 0, 0, 1),
            ["RightHand"] = CFrame.new(1.043081283569336e-07, 0, -2.086162567138672e-07, 0.8846078515052795, 0.44337478280067444, -0.14452607929706573, -0.41148436069488525, 0.8879556059837341, 0.20546415448188782, 0.21943050622940063, -0.12228497117757797, 0.967934250831604),
            ["LeftUpperArm"] = CFrame.new(1.1920928955078125e-07, 0, 3.725290298461914e-08, 0.7639766335487366, 0.5469003319740295, -0.3424031138420105, -0.5364596843719482, 0.2434980720281601, -0.8080344200134277, -0.358539879322052, 0.801004946231842, 0.4794168174266815),
            ["RightLowerArm"] = CFrame.new(-3.2782554626464844e-07, 5.960464477539063e-08, 4.959292709827423e-08, 1, -7.4505797087454084e-09, 7.450580596923828e-08, 8.195637946073475e-08, 0.6346874833106995, -0.772769033908844, 7.450579886381092e-08, 0.7727688550949097, 0.6346874833106995),
            ["LeftHand"] = CFrame.new(-6.258487701416016e-07, -3.5762786865234375e-07, -2.9802322387695312e-08, 0.9004231095314026, -0.425865113735199, 0.08875371515750885, 0.39543282985687256, 0.8863088488578796, 0.2410179227590561, -0.18130429089069366, -0.18192192912101746, 0.9664539694786072),
            ["RightUpperLeg"] = CFrame.new(0, -2.8219074010849e-07, 4.6733475755900145e-08, 0.9290788769721985, -0.3689524531364441, -0.026202712208032608, 0.18714407086372375, 0.5299968719482422, -0.82709139585495, 0.3190447688102722, 0.7635296583175659, 0.5614563822746277),
            ["LeftUpperLeg"] = CFrame.new(-5.960464477539063e-08, -1.8818536773324013e-07, -8.544884622097015e-08, 0.9674228429794312, 0.07936129719018936, 0.24040593206882477, -0.0601428747177124, 0.9944556355476379, -0.08626113086938858, -0.24591881036758423, 0.06899227201938629, 0.9668319821357727),
            ["RightLowerLeg"] = CFrame.new(0, -0.0000035762786865234375, -0.000013256612874101847, 1, -4.4703490686970326e-08, -6.332996349556197e-08, 5.960465188081798e-08, -0.27119067311286926, 0.9625257253646851, -1.4901162614933128e-07, -0.9625256657600403, -0.27119073271751404),
            ["RightFoot"] = CFrame.new(2.1420419216156006e-08, 2.980232238769531e-07, 5.012407200410962e-08, 0.9768542647361755, 0.10007674992084503, 0.18905122578144073, -0.14216741919517517, 0.9641096591949463, 0.22423489391803741, -0.15982550382614136, -0.2459215670824051, 0.9560222029685974),
            ["LeftLowerLeg"] = CFrame.new(-3.91155481338501e-08, 0.000004112720489501953, 0.000013373792171478271, 1, -5.02914261346632e-08, 4.656612428988183e-09, 2.8900103643536568e-08, 0.8528055548667908, 0.5222286581993103, 2.0489096641540527e-08, -0.5222285985946655, 0.8528055548667908),
        }},
        {Time = 0.136, Data = {
            ["LeftFoot"] = CFrame.new(2.8870999813079834e-08, -5.960464477539063e-08, 7.450580596923828e-09, 0.9997860193252563, 0.020683158189058304, -0.0005199879524298012, -0.020129360258579254, 0.9665904641151428, -0.25553420186042786, -0.0047826338559389114, 0.25548988580703735, 0.9667999148368835),
            ["LeftLowerArm"] = CFrame.new(3.5762786865234375e-07, 2.384185791015625e-07, 2.4586915969848633e-07, 1, -5.215407838932151e-08, 7.450581307466564e-08, 4.4703490686970326e-08, 0.6305930018424988, -0.776113748550415, -2.980232594040899e-08, 0.7761138081550598, 0.6305930018424988),
            ["LowerTorso"] = CFrame.new(-0.28019267320632935, 0.058834075927734375, 0.10144342482089996, 0.9763674736022949, -0.051559384912252426, -0.20987658202648163, -0.005748399533331394, 0.9645856022834778, -0.26370733976364136, 0.21604052186012268, 0.2586817145347595, 0.9414936304092407),
            ["Head"] = CFrame.new(-1.955777406692505e-08, 2.384185791015625e-07, -4.563480615615845e-08, 0.9829685091972351, 0.04385526850819588, 0.1784648597240448, -0.04991450905799866, 0.9983147978782654, 0.02960245870053768, -0.17686587572097778, -0.03800623491406441, 0.9835008978843689),
            ["RightUpperArm"] = CFrame.new(-5.960464477539063e-08, 0, -4.470348358154297e-08, 0.8583170771598816, -0.36601656675338745, 0.35961613059043884, 0.45455223321914673, 0.21721112728118896, -0.8638297319412231, 0.23806333541870117, 0.9049040675163269, 0.3528096675872803),
            ["UpperTorso"] = CFrame.new(-9.313225746154785e-09, -1.7881393432617188e-07, -5.21540641784668e-08, 0.9831586480140686, 0.0641499012708664, 0.1711251437664032, -0.09076156467199326, 0.9841224551200867, 0.1525297313928604, -0.1586233228445053, -0.16549253463745117, 0.9733709096908569),
            ["HumanoidRootPart"] = CFrame.new(0, 0, 0, 1, 0, 0, 0, 1, 0, 0, 0, 1),
            ["RightHand"] = CFrame.new(1.9371509552001953e-07, 1.1920928955078125e-07, -5.960464477539063e-08, 0.8948056697845459, 0.4302191734313965, -0.11930796504020691, -0.40310174226760864, 0.8934057354927063, 0.19833120703697205, 0.19191628694534302, -0.1293746381998062, 0.972846508026123),
            ["LeftUpperArm"] = CFrame.new(-1.1920928955078125e-07, 0, -1.862645149230957e-08, 0.7807380557060242, 0.44594088196754456, -0.43770402669906616, -0.5766127705574036, 0.24426589906215668, -0.7796485424041748, -0.24076101183891296, 0.8610870838165283, 0.4478428363800049),
            ["RightLowerArm"] = CFrame.new(-1.1920928955078125e-07, -2.384185791015625e-07, 1.30385160446167e-07, 1, -8.195638656616211e-08, 4.470348358154297e-08, 5.960465188081798e-08, 0.7094641327857971, -0.7047415375709534, 3.725290653733282e-08, 0.7047415375709534, 0.7094641327857971),
            ["LeftHand"] = CFrame.new(-5.960464477539063e-08, 1.7881393432617188e-07, 0, 0.9054204225540161, -0.41560816764831543, 0.0865088552236557, 0.3863137364387512, 0.8911373019218445, 0.23798340559005737, -0.17599917948246002, -0.18205542862415314, 0.967409074306488),
            ["RightUpperLeg"] = CFrame.new(-5.960464477539063e-08, 1.2386590242385864e-07, -8.737697498872876e-08, 0.9438979625701904, -0.3301922380924225, -0.005458236206322908, 0.18371723592281342, 0.538770854473114, -0.8221763372421265, 0.27441710233688354, 0.7750477194786072, 0.5692066550254822),
            ["LeftUpperLeg"] = CFrame.new(0, -1.200241968035698e-07, -6.472691893577576e-08, 0.9540533423423767, 0.0721062496304512, 0.2908318042755127, -0.046877749264240265, 0.9945799112319946, -0.09280810505151749, -0.29594749212265015, 0.07491034269332886, 0.9522624015808105),
            ["RightLowerLeg"] = CFrame.new(7.450580596923828e-08, -0.0000036954879760742188, -0.00001306662306888029, 1, -2.756714536644722e-07, -4.2840849800995784e-07, 2.9802325229866256e-07, -0.2482648491859436, 0.9686922430992126, -3.799796672865341e-07, -0.9686922430992126, -0.24826471507549286),
