return {
    ["All I Want For Christmas"] = {
        {Time = 0.000, Data = {
            ["RightFoot"] = CFrame.new(-1.862645149230957e-08, 2.980232238769531e-07, 1.6952981241047382e-09, 0.9567212462425232, 0.24239949882030487, 0.1610180139541626, -0.19962136447429657, 0.949273407459259, -0.24296365678310394, -0.21174487471580505, 0.20030593872070312, 0.9565783143043518),
            ["LeftLowerArm"] = CFrame.new(-5.960464477539063e-08, 1.1920928955078125e-07, 1.4901161193847656e-07, 1, -1.8626464282078814e-07, -1.4156104555240745e-07, 1.6391261681292235e-07, 0.5538952946662903, -0.8325862884521484, -5.2154014440475294e-08, 0.832586407661438, 0.5538954734802246),
            ["RightUpperArm"] = CFrame.new(-0.0014069676399230957, 0.0010695457458496094, 0.0005949437618255615, 0.9804692268371582, -0.07303892821073532, -0.1826075315475464, 0.15674419701099396, 0.8510072827339172, 0.501216471195221, 0.11879179626703262, -0.520050048828125, 0.8458348512649536),
            ["Head"] = CFrame.new(-1.862645149230957e-09, 0, -2.7939677238464355e-08, 0.912081778049469, -0.04229123517870903, 0.40782108902931213, 0.0232363510876894, 0.9983991980552673, 0.051567088812589645, -0.40934938192367554, -0.037557005882263184, 0.911604642868042),
            ["LowerTorso"] = CFrame.new(-0.06946422159671783, -0.19679474830627441, 0.03971376642584801, 0.9534602165222168, 0.007999624125659466, -0.30141299962997437, -0.0003057249414268881, 0.9996731281280518, 0.025564244017004967, 0.3015187680721283, -0.02428239956498146, 0.9531509876251221),
            ["UpperTorso"] = CFrame.new(-9.19681042432785e-09, 1.4901161193847656e-07, -1.1175870895385742e-08, 0.9952881932258606, 0.009441075846552849, -0.09650075435638428, -0.0033691590651869774, 0.9980146884918213, 0.0628921166062355, 0.09690327197313309, -0.06227055937051773, 0.9933440089225769),
            ["HumanoidRootPart"] = CFrame.new(0, 0, 0, 1, 0, 0, 0, 1, 0, 0, 0, 1),
            ["RightUpperLeg"] = CFrame.new(-0.000025570392608642578, -0.00012533646076917648, -0.004997504875063896, 0.8983940482139587, -0.3247973620891571, -0.2956256568431854, 0.2332303673028946, 0.9231848120689392, -0.3055052161216736, 0.37214505672454834, 0.20551498234272003, 0.9051365256309509),
            ["LeftUpperArm"] = CFrame.new(-0.0016382932662963867, 0.01197350025177002, 0.0006927549839019775, 0.9779124855995178, 0.17659029364585876, 0.11181699484586716, -0.20483799278736115, 0.9161155819892883, 0.344635933637619, -0.04157762974500656, -0.35992804169654846, 0.9320531487464905),
            ["RightLowerArm"] = CFrame.new(1.1920928955078125e-07, 3.5762786865234375e-07, 3.5762786865234375e-07, 1, -2.9057267170173873e-07, 1.0931394456292765e-07, -1.043081283569336e-07, 0.8105227947235107, -0.5857073068618774, -7.450580596923828e-09, 0.5857072472572327, 0.8105225563049316),
            ["LeftHand"] = CFrame.new(-1.1920928955078125e-07, 3.5762786865234375e-07, -5.960464477539063e-08, 0.9603703618049622, -0.18497395515441895, -0.20850247144699097, 0.1833757907152176, 0.9826682209968567, -0.02714865282177925, 0.20991012454032898, -0.012161679565906525, 0.9776449799537659),
            ["LeftFoot"] = CFrame.new(9.313225746154785e-08, -5.960464477539063e-08, 2.9802322387695312e-08, 0.9805932641029358, -0.1942533403635025, 0.026503868401050568, 0.18651467561721802, 0.9659745097160339, 0.1791801154613495, -0.06040893495082855, -0.1707596331834793, 0.9834592342376709),
            ["RightHand"] = CFrame.new(-0.07841330766677856, -0.02659553289413452, -0.00035403016954660416, 0.5910836458206177, -0.05567251890897751, -0.8046867251396179, 0.10980018228292465, 0.9938826560974121, 0.011891466565430164, 0.7991020679473877, -0.09538324177265167, 0.5935805439949036),
            ["RightLowerLeg"] = CFrame.new(-1.341104507446289e-07, -2.384185791015625e-07, 3.894820110872388e-08, 1, 2.048908953611317e-07, 4.097817196679898e-08, 4.135071662858536e-07, 0.8761138319969177, 0.48210397362709045, -3.725289943190546e-08, -0.48210442066192627, 0.876114010810852),
            ["LeftUpperLeg"] = CFrame.new(0.000025510787963867188, 0.0001257886178791523, 0.004997510462999344, 0.9657374024391174, 0.2544902265071869, 0.05085238814353943, -0.18866753578186035, 0.8230116367340088, -0.5357765555381775, -0.17820149660110474, 0.5078254342079163, 0.8428271412849426),
            ["LeftLowerLeg"] = CFrame.new(-2.9802322387695312e-08, -1.1920928955078125e-07, -1.1920928955078125e-07, 1, 5.774199962615967e-08, -7.450582373280668e-09, -4.470348358154297e-08, 0.9312344789505005, 0.3644202947616577, 0, -0.36442068219184875, 0.9312346577644348),
        }},
        {Time = 0.033, Data = {
            ["RightFoot"] = CFrame.new(5.960464477539063e-08, 4.76837158203125e-07, 7.24758137948811e-08, 0.9589141607284546, 0.24956218898296356, 0.13491517305374146, -0.20804756879806519, 0.9419203996658325, -0.2636328935623169, -0.19287246465682983, 0.22473284602165222, 0.9551416635513306),
            ["LeftLowerArm"] = CFrame.new(-1.1920928955078125e-07, 1.1920928955078125e-07, 0, 1, 4.097820394122209e-08, 1.266598843585598e-07, 4.470347647611561e-08, 0.5502856969833374, -0.834976315498352, 2.0861622829215776e-07, 0.8349764347076416, 0.5502859950065613),
            ["RightUpperArm"] = CFrame.new(-0.0014069080352783203, 0.0010696649551391602, 0.0005949437618255615, 0.9850876331329346, -0.07931405305862427, -0.15268220007419586, 0.14690081775188446, 0.849698007106781, 0.5063926577568054, 0.08956951647996902, -0.5212702751159668, 0.8486782312393188),
            ["Head"] = CFrame.new(-8.614733815193176e-09, 3.5762786865234375e-07, 1.280568540096283e-08, 0.9199118614196777, -0.029258236289024353, 0.3910321295261383, 0.016505442559719086, 0.9992178082466125, 0.03593534231185913, -0.3917776942253113, -0.02660307101905346, 0.919675350189209),
            ["LowerTorso"] = CFrame.new(-0.06981658935546875, -0.20511913299560547, 0.025873558595776558, 0.9548670053482056, 0.004147837404161692, -0.2970048487186432, -0.0002275894657941535, 0.999912440776825, 0.013232209719717503, 0.2970336377620697, -0.012567472644150257, 0.9547843337059021),
            ["UpperTorso"] = CFrame.new(9.313225746154785e-10, -2.9802322387695312e-08, -1.862645149230957e-09, 0.9961541891098022, 0.007372104562819004, -0.08730784803628922, 0.0000957601223490201, 0.9963618516921997, 0.0852247104048729, 0.08761868625879288, -0.08490520715713501, 0.9925292134284973),
            ["HumanoidRootPart"] = CFrame.new(0, 0, 0, 1, 0, 0, 0, 1, 0, 0, 0, 1),
            ["RightUpperLeg"] = CFrame.new(-0.000025570392608642578, -0.0001257247058674693, -0.004997469484806061, 0.9046398401260376, -0.32691583037376404, -0.2734096944332123, 0.24517777562141418, 0.9239656329154968, -0.2935563921928406, 0.3485897481441498, 0.19852890074253082, 0.9160086512565613),
            ["LeftUpperArm"] = CFrame.new(-0.0016382932662963867, 0.01197350025177002, 0.0006927847862243652, 0.9788504838943481, 0.18154025077819824, 0.09431285411119461, -0.20275822281837463, 0.9222439527511597, 0.3291739225387573, -0.02722143940627575, -0.3413347899913788, 0.9395476579666138),
            ["RightLowerArm"] = CFrame.new(1.1920928955078125e-07, -4.172325134277344e-07, 2.980232238769531e-07, 1, 7.4505820180093e-08, -2.6542690534370195e-07, 2.831220058396866e-07, 0.8094543814659119, -0.587182879447937, -8.940694584680386e-08, 0.587182879447937, 0.8094543218612671),
            ["LeftHand"] = CFrame.new(-8.940696716308594e-08, -1.1920928955078125e-07, -1.7881393432617188e-07, 0.9613956809043884, -0.168287456035614, -0.2177104651927948, 0.17748920619487762, 0.9838475584983826, 0.023277858272194862, 0.21027612686157227, -0.06102066487073898, 0.9757358431816101),
            ["LeftFoot"] = CFrame.new(3.3527612686157227e-08, -5.960464477539063e-08, -3.725290298461914e-09, 0.9804674386978149, -0.19456535577774048, 0.02877018228173256, 0.18862074613571167, 0.9716190099716187, 0.14275436103343964, -0.055728841572999954, -0.13453935086727142, 0.9893398880958557),
            ["RightHand"] = CFrame.new(-0.07841351628303528, -0.026595592498779297, -0.00035413727164268494, 0.5947786569595337, -0.06458942592144012, -0.8012906908988953, 0.1415320336818695, 0.9896107316017151, 0.025287238880991936, 0.791332483291626, -0.12844806909561157, 0.597740650177002),
            ["RightLowerLeg"] = CFrame.new(8.568167686462402e-08, 0, -6.535992724820971e-08, 1, 3.3155066603285377e-07, 2.2351734685344127e-08, 4.880128585682542e-07, 0.8633043169975281, 0.504683256149292, -8.940693874137651e-08, -0.5046837329864502, 0.863304615020752),
            ["LeftUpperLeg"] = CFrame.new(0.000025540590286254883, 0.00012593006249517202, 0.004997517913579941, 0.9668503403663635, 0.25270578265190125, 0.03661039471626282, -0.1913638561964035, 0.8120311498641968, -0.5513489246368408, -0.16905763745307922, 0.5260659456253052, 0.8334711194038391),
            ["LeftLowerLeg"] = CFrame.new(8.195638656616211e-08, 3.5762786865234375e-07, -2.9802322387695312e-08, 1, 3.5390257835388184e-08, 1.862645149230957e-08, -3.725290298461914e-08, 0.9038380980491638, 0.4278745949268341, 7.450580596923828e-09, -0.42787471413612366, 0.9038380980491638),
        }},
        {Time = 0.067, Data = {
            ["RightFoot"] = CFrame.new(9.313225746154785e-08, 4.172325134277344e-07, -2.029992174357176e-09, 0.9607649445533752, 0.2643541395664215, 0.08394787460565567, -0.22062267363071442, 0.9118044972419739, -0.34632086753845215, -0.1680959016084671, 0.31421253085136414, 0.9343525171279907),
            ["LeftLowerArm"] = CFrame.new(-1.7881393432617188e-07, 1.1920928955078125e-07, -5.960464477539063e-08, 1, -1.937150670983101e-07, 5.960463056453591e-08, -2.2351736461700966e-08, 0.5353898406028748, -0.8446051478385925, 6.705521116145974e-08, 0.8446050882339478, 0.5353899002075195),
            ["RightUpperArm"] = CFrame.new(-0.0014066696166992188, 0.0010695457458496094, 0.0005949884653091431, 0.9911468625068665, -0.0936465710401535, -0.09411940723657608, 0.12845413386821747, 0.8556380271911621, 0.5013810992240906, 0.033579517155885696, -0.5090321898460388, 0.8600921630859375),
            ["Head"] = CFrame.new(-6.51925802230835e-09, 0, -2.3748725652694702e-08, 0.9314629435539246, -0.0024771573953330517, 0.36382797360420227, 0.000782460963819176, 0.9999881982803345, 0.004805430304259062, -0.36383548378944397, -0.004191315732896328, 0.9314538836479187),
            ["LowerTorso"] = CFrame.new(-0.07020099461078644, -0.25039100646972656, 0.00431827874854207, 0.9565961360931396, -0.008853994309902191, -0.2912825345993042, -0.0007534599280916154, 0.9994598627090454, -0.032855015248060226, 0.29141607880592346, 0.03164839744567871, 0.9560727477073669),
            ["UpperTorso"] = CFrame.new(3.958120942115784e-09, -1.7881393432617188e-07, -1.30385160446167e-08, 0.9974938631057739, 0.004332219250500202, -0.07062184810638428, 0.006305433344095945, 0.9887093901634216, 0.1497136652469635, 0.07047310471534729, -0.14978356659412384, 0.9862040281295776),
            ["HumanoidRootPart"] = CFrame.new(0, 0, 0, 1, 0, 0, 0, 1, 0, 0, 0, 1),
            ["RightUpperLeg"] = CFrame.new(-0.000025480985641479492, -0.00012570316903293133, -0.004997489973902702, 0.9159144759178162, -0.3441440463066101, -0.2065565586090088, 0.27479562163352966, 0.9127606153488159, -0.302250474691391, 0.29255446791648865, 0.22007472813129425, 0.9305799007415771),
            ["LeftUpperArm"] = CFrame.new(-0.0016385316848754883, 0.011973738670349121, 0.0006927847862243652, 0.981924295425415, 0.1779278665781021, 0.06454827636480331, -0.18906128406524658, 0.9381962418556213, 0.28990286588668823, -0.008976943790912628, -0.29686617851257324, 0.9548769593238831),
            ["RightLowerArm"] = CFrame.new(1.1920928955078125e-07, 0, 8.940696716308594e-08, 1, 1.3038523150044057e-07, 6.51925802230835e-09, 2.756714536644722e-07, 0.8197578191757202, -0.5727106332778931, 5.960463766996327e-08, 0.5727105140686035, 0.8197575807571411),
            ["LeftHand"] = CFrame.new(-1.4901161193847656e-07, -1.1920928955078125e-07, -5.960464477539063e-08, 0.9623787999153137, -0.1608656495809555, -0.21897359192371368, 0.18331147730350494, 0.9792646765708923, 0.0862424448132515, 0.20055915415287018, -0.12313809245824814, 0.9719119668006897),
            ["LeftFoot"] = CFrame.new(2.60770320892334e-08, 0, 6.05359673500061e-08, 0.979579746723175, -0.1986338496208191, 0.031114429235458374, 0.19715091586112976, 0.9793342351913452, 0.04512319713830948, -0.039434414356946945, -0.0380675233900547, 0.9984967708587646),
            ["RightHand"] = CFrame.new(-0.07841357588768005, -0.02659553289413452, -0.0003539249300956726, 0.57982337474823, -0.06871171295642853, -0.8118396997451782, 0.17878535389900208, 0.9828811287879944, 0.04450260475277901, 0.7948840856552124, -0.17094838619232178, 0.5821820497512817),
            ["RightLowerLeg"] = CFrame.new(7.264316082000732e-08, 1.7881393432617188e-07, 2.9634975362569094e-08, 1, 1.6205002850711026e-07, 2.235172900100224e-07, 4.768370445162873e-07, 0.7751365900039673, 0.6317934989929199, 2.9802315282267955e-08, -0.6317937970161438, 0.7751367688179016),
            ["LeftUpperLeg"] = CFrame.new(0.000025480985641479492, 0.00012562470510601997, 0.0049974992871284485, 0.9674997925758362, 0.2528717517852783, 0.00027492555091157556, -0.20222026109695435, 0.774355411529541, -0.5995672941207886, -0.15182645618915558, 0.5800255537033081, 0.8003243207931519),
            ["LeftLowerLeg"] = CFrame.new(2.9802322387695312e-08, 1.1920928955078125e-07, 8.940696716308594e-08, 1, 5.8673329306202504e-08, 3.2596297216969106e-08, -2.980232949312267e-08, 0.7962450385093689, 0.6049743294715881, 0, -0.6049743294715881, 0.7962449789047241),
        }},
        {Time = 0.100, Data = {
            ["RightFoot"] = CFrame.new(-1.4901161193847656e-07, 3.5762786865234375e-07, 1.6952981241047382e-09, 0.9614199995994568, 0.2750471234321594, 0.004524617455899715, -0.25046855211257935, 0.882070004940033, -0.3990216851234436, -0.11374159902334213, 0.3824940323829651, 0.9169304370880127),
            ["LeftLowerArm"] = CFrame.new(-5.960464477539063e-08, -1.7881393432617188e-07, -2.384185791015625e-07, 1, 2.2351741790771484e-08, -2.9802315282267955e-08, 2.0861619987044833e-07, 0.5054198503494263, -0.8628736138343811, 2.1979207076583407e-07, 0.8628736138343811, 0.5054197907447815),
            ["RightUpperArm"] = CFrame.new(-0.0014069080352783203, 0.0010695457458496094, 0.0005948841571807861, 0.9927295446395874, -0.12021538615226746, -0.006031051743775606, 0.10766024142503738, 0.8644105792045593, 0.49112457036972046, -0.05382750555872917, -0.4882035255432129, 0.87106853723526),
            ["Head"] = CFrame.new(-1.862645149230957e-09, -2.384185791015625e-07, -2.7939677238464355e-08, 0.940137505531311, 0.02222835086286068, 0.3400699496269226, -0.014855382032692432, 0.999595046043396, -0.024269191548228264, -0.3404715955257416, 0.017764559015631676, 0.9400870203971863),
            ["LowerTorso"] = CFrame.new(-0.07138621807098389, -0.28357529640197754, -0.017184868454933167, 0.9575795531272888, -0.00800833385437727, -0.28805795311927795, -0.002412156667560339, 0.9993559718132019, -0.03580230474472046, 0.288159042596817, 0.034978318959474564, 0.9569435119628906),
            ["UpperTorso"] = CFrame.new(1.210719347000122e-08, -2.9802322387695312e-08, -1.5366822481155396e-08, 0.9984672665596008, 0.0021384665742516518, -0.05530529096722603, 0.006877368316054344, 0.9867147207260132, 0.16231702268123627, 0.05491774529218674, -0.16244840621948242, 0.9851875901222229),
            ["HumanoidRootPart"] = CFrame.new(0, 0, 0, 1, 0, 0, 0, 1, 0, 0, 0, 1),
            ["RightUpperLeg"] = CFrame.new(-0.000025510787963867188, -0.00012583797797560692, -0.004997486248612404, 0.9334771037101746, -0.3364472985267639, -0.12419208884239197, 0.2852611839771271, 0.9064308404922485, -0.3114628493785858, 0.21736295521259308, 0.25531619787216187, 0.9421079158782959),
            ["LeftUpperArm"] = CFrame.new(-0.001638174057006836, 0.011973381042480469, 0.0006925761699676514, 0.9842174649238586, 0.15061281621456146, 0.09290675073862076, -0.16822904348373413, 0.9592229723930359, 0.22713495790958405, -0.05490879714488983, -0.23917995393276215, 0.9694215655326843),
            ["RightLowerArm"] = CFrame.new(0, 1.7881393432617188e-07, 5.662441253662109e-07, 1, -3.3527616238870905e-08, -1.2014064054710616e-07, 1.4156101713069802e-07, 0.8689521551132202, -0.4948965609073639, 0, 0.4948962926864624, 0.8689518570899963),
            ["LeftHand"] = CFrame.new(-1.4901161193847656e-07, -1.1920928955078125e-07, 1.7881393432617188e-07, 0.9513767957687378, -0.18575455248355865, -0.24571825563907623, 0.22047626972198486, 0.9677228331565857, 0.12207771837711334, 0.21511033177375793, -0.17031696438789368, 0.9616234302520752),
            ["LeftFoot"] = CFrame.new(0, 0, 4.284083843231201e-08, 0.9787761569023132, -0.20173946022987366, 0.036032889038324356, 0.20242024958133698, 0.9791628122329712, -0.016324004158377647, -0.03198898956179619, 0.023271242156624794, 0.9992173314094543),
            ["RightHand"] = CFrame.new(-0.07841341197490692, -0.026595354080200195, -0.0003541707992553711, 0.5538598895072937, -0.07019229233264923, -0.8296458721160889, 0.18900299072265625, 0.9810269474983215, 0.04317612573504448, 0.8108742237091064, -0.1807185709476471, 0.5566180348396301),
            ["RightLowerLeg"] = CFrame.new(4.842877388000488e-08, 1.1920928955078125e-07, -4.6733475755900145e-08, 1, 2.3748717126181873e-07, 2.384184938364342e-07, 4.3213341882619716e-07, 0.7137928009033203, 0.7003567218780518, -6.705518273975031e-08, -0.7003570795059204, 0.7137930393218994),
            ["LeftUpperLeg"] = CFrame.new(0.000025510787963867188, 0.0001254570670425892, 0.004997476935386658, 0.9685007929801941, 0.2480204850435257, -0.02217860147356987, -0.20390871167182922, 0.7388076186180115, -0.642327606678009, -0.1429244726896286, 0.6266172528266907, 0.7661092281341553),
            ["LeftLowerLeg"] = CFrame.new(-8.195638656616211e-08, -5.960464477539063e-08, -1.4901161193847656e-07, 1, 7.858034933860836e-08, 4.4237832952376266e-08, -8.940698847936801e-08, 0.7162340879440308, 0.697860062122345, 7.450582373280668e-09, -0.6978601217269897, 0.7162341475486755),
        }},
        {Time = 0.133, Data = {
            ["RightFoot"] = CFrame.new(7.078051567077637e-08, 2.980232238769531e-07, -3.183231456205249e-08, 0.957262396812439, 0.268174409866333, -0.1083109900355339, -0.2892207205295563, 0.8872309327125549, -0.35940584540367126, -0.00028725105221383274, 0.3753715753555298, 0.9268743991851807),
            ["LeftLowerArm"] = CFrame.new(2.384185791015625e-07, -2.980232238769531e-07, -1.4901161193847656e-08, 1, 3.725291630729544e-09, 8.195639367158947e-08, 2.42143840978315e-07, 0.4177662432193756, -0.9085546135902405, -7.4505797087454084e-09, 0.9085546135902405, 0.41776612401008606),
            ["RightUpperArm"] = CFrame.new(-0.0014070868492126465, 0.0010694265365600586, 0.0005950853228569031, 0.9872192144393921, -0.14150798320770264, 0.0733068510890007, 0.09456366300582886, 0.8903873562812805, 0.44527286291122437, -0.1282811164855957, -0.43264997005462646, 0.8923890590667725),
            ["Head"] = CFrame.new(1.7229467630386353e-08, -1.1920928955078125e-07, 1.0011717677116394e-07, 0.9448069930076599, 0.038007527589797974, 0.3254152834415436, -0.022562675178050995, 0.99843829870224, -0.05110625922679901, -0.3268495202064514, 0.04094339907169342, 0.944189190864563),
            ["LowerTorso"] = CFrame.new(-0.07394887506961823, -0.25301384925842285, -0.030608052387833595, 0.95798259973526, 0.004424368031322956, -0.28679215908050537, -0.005021950230002403, 0.9999865293502808, -0.0013485741801559925, 0.28678226470947266, 0.0027320990338921547, 0.9579919576644897),
            ["UpperTorso"] = CFrame.new(-1.0244548320770264e-08, -1.4901161193847656e-07, -1.3969838619232178e-09, 0.9991581439971924, 0.0010838970774784684, -0.04101159796118736, 0.004441227298229933, 0.9909181594848633, 0.13439282774925232, 0.0407848097383976, -0.1344616860151291, 0.9900791049003601),
            ["HumanoidRootPart"] = CFrame.new(0, 0, 0, 1, 0, 0, 0, 1, 0, 0, 0, 1),
            ["RightUpperLeg"] = CFrame.new(-0.0000254213809967041, -0.00012569795944727957, -0.004997486248612404, 0.9547441005706787, -0.29411762952804565, -0.044257283210754395, 0.27313506603240967, 0.9259015321731567, -0.2609666883945465, 0.117732934653759, 0.23706822097301483, 0.9643328785896301),
            ["LeftUpperArm"] = CFrame.new(-0.001638174057006836, 0.011972904205322266, 0.0006928443908691406, 0.9787979125976562, 0.09095107764005661, 0.18352800607681274, -0.1207096129655838, 0.9800164103507996, 0.1581047624349594, -0.16548047959804535, -0.1769062876701355, 0.9702167510986328),
            ["RightLowerArm"] = CFrame.new(-5.960464477539063e-08, -5.364418029785156e-07, -5.960464477539063e-08, 1, 3.0547388973900524e-07, -8.847565169389782e-08, 3.9860611877884367e-07, 0.8988522291183472, -0.43825244903564453, 2.2351745343485163e-08, 0.43825215101242065, 0.8988519310951233),
            ["LeftHand"] = CFrame.new(1.4901161193847656e-08, 0, 2.682209014892578e-07, 0.9079716205596924, -0.2545791268348694, -0.33283165097236633, 0.3156505823135376, 0.9379339814186096, 0.14368486404418945, 0.27559468150138855, -0.2355196475982666, 0.931975245475769),
            ["LeftFoot"] = CFrame.new(2.2351741790771484e-08, -5.960464477539063e-08, 1.2136297300457954e-08, 0.9789111614227295, -0.19866369664669037, 0.047599755227565765, 0.1985265612602234, 0.9800658226013184, 0.007643569726496935, -0.0481695681810379, 0.001967574004083872, 0.9988372325897217),
            ["RightHand"] = CFrame.new(-0.07841354608535767, -0.026595115661621094, -0.0003539621829986572, 0.5413852334022522, -0.04953860118985176, -0.8393138647079468, 0.1678054928779602, 0.9845447540283203, 0.05013024061918259, 0.8238588571548462, -0.16798067092895508, 0.5413309931755066),
            ["RightLowerLeg"] = CFrame.new(-1.909211277961731e-08, 5.960464477539063e-08, -8.864299161359668e-08, 1, -3.7252889661942845e-09, 2.0861619987044833e-07, 3.948805726849969e-07, 0.7802607417106628, 0.6254539489746094, 1.2665981330428622e-07, -0.6254544854164124, 0.7802611589431763),
            ["LeftUpperLeg"] = CFrame.new(0.000025480985641479492, 0.0001256904797628522, 0.004997418262064457, 0.971505343914032, 0.2365725189447403, -0.014513802714645863, -0.19332323968410492, 0.7554925680160522, -0.6259851455688477, -0.13712570071220398, 0.610953688621521, 0.7796999216079712),
            ["LeftLowerLeg"] = CFrame.new(-1.4901161193847656e-08, -2.384185791015625e-07, -7.450580596923828e-08, 1, 5.913897638265553e-08, 4.249158891411753e-08, -5.587935447692871e-08, 0.7696673274040222, 0.6384449601173401, 7.450580596923828e-09, -0.6384450793266296, 0.7696674466133118),
        }},
        {Time = 0.167, Data = {
            ["RightFoot"] = CFrame.new(-7.450580596923828e-09, 2.980232238769531e-07, 3.149762051180005e-08, 0.9379976987838745, 0.27068254351615906, -0.21654433012008667, -0.31193432211875916, 0.9315767288208008, -0.18671351671218872, 0.15118636190891266, 0.24268455803394318, 0.9582518935203552),
            ["LeftLowerArm"] = CFrame.new(-5.960464477539063e-08, -4.76837158203125e-07, 9.685754776000977e-08, 1, 1.4435503459253596e-08, -1.1548402767402877e-07, 2.7380869482840353e-07, 0.3413352966308594, -0.9399415254592896, 1.8998971995642933e-07, 0.9399416446685791, 0.3413357138633728),
            ["RightUpperArm"] = CFrame.new(-0.0014067888259887695, 0.0010694265365600586, 0.0005948618054389954, 0.9757024049758911, -0.16588620841503143, 0.14313091337680817, 0.09845778346061707, 0.9155589938163757, 0.38994622230529785, -0.1957317590713501, -0.3663789629936218, 0.9096457958221436),
            ["Head"] = CFrame.new(1.3969838619232178e-08, 1.1920928955078125e-07, 3.608874976634979e-08, 0.9466912150382996, 0.027967479079961777, 0.32092610001564026, -0.01104122493416071, 0.9984559416770935, -0.054441213607788086, -0.3219533860683441, 0.047995615750551224, 0.9455382823944092),
            ["LowerTorso"] = CFrame.new(-0.07788895815610886, -0.1801457405090332, -0.037306610494852066, 0.9562204480171204, 0.018785884603857994, -0.2920442223548889, -0.009249644353985786, 0.99937903881073, 0.033999670296907425, 0.292501300573349, -0.029809897765517235, 0.9558002948760986),
            ["UpperTorso"] = CFrame.new(-3.725290298461914e-09, 3.2782554626464844e-07, 1.862645149230957e-09, 0.9997202754020691, 0.0040076677687466145, -0.023311343044042587, -0.0017695813439786434, 0.9954515099525452, 0.09525328874588013, 0.02358751744031906, -0.09518523514270782, 0.9951801300048828),
            ["HumanoidRootPart"] = CFrame.new(0, 0, 0, 1, 0, 0, 0, 1, 0, 0, 0, 1),
            ["RightUpperLeg"] = CFrame.new(-0.000025540590286254883, -0.00012574042193591595, -0.004997482523322105, 0.9648455381393433, -0.2556667923927307, 0.06089165061712265, 0.2625548839569092, 0.9480136036872864, -0.17981961369514465, -0.011751051060855389, 0.18948538601398468, 0.9818132519721985),
            ["LeftUpperArm"] = CFrame.new(-0.001638174057006836, 0.01197350025177002, 0.0006927549839019775, 0.9675287008285522, 0.0656169056892395, 0.24409525096416473, -0.09521157294511795, 0.9891951084136963, 0.11148075014352798, -0.23414288461208344, -0.1311013102531433, 0.9633221626281738),
            ["RightLowerArm"] = CFrame.new(-8.940696716308594e-08, 4.76837158203125e-07, 0, 1, 2.0489103746967885e-08, -5.122274604474342e-09, 3.678724880273876e-08, 0.9104161262512207, -0.4136940538883209, 4.097820394122209e-08, 0.4136936664581299, 0.9104160070419312),
            ["LeftHand"] = CFrame.new(5.960464477539063e-08, 0, 3.2782554626464844e-07, 0.8297151327133179, -0.3444448411464691, -0.4392378330230713, 0.4273795485496521, 0.8981901407241821, 0.1029641181230545, 0.35905376076698303, -0.2731522023677826, 0.8924509286880493),
            ["LeftFoot"] = CFrame.new(6.332993507385254e-08, 0, -5.4016709327697754e-08, 0.9769411683082581, -0.20307935774326324, 0.0659131109714508, 0.19123615324497223, 0.9695722460746765, 0.1528349369764328, -0.09494605660438538, -0.13670577108860016, 0.9860512018203735),
            ["RightHand"] = CFrame.new(-0.07841339707374573, -0.026595354080200195, -0.00035403668880462646, 0.5401465892791748, -0.02208038419485092, -0.8412812948226929, 0.17682577669620514, 0.9803180694580078, 0.08780220150947571, 0.8227845430374146, -0.19618608057498932, 0.5334197282791138),
            ["RightLowerLeg"] = CFrame.new(-2.8870999813079834e-08, 0, -2.0656443666666746e-08, 1, 3.650783924058487e-07, 1.0430805730266002e-07, 5.271284635455231e-07, 0.8786421418190002, 0.47748062014579773, -2.533196834519913e-07, -0.477480947971344, 0.8786422610282898),
            ["LeftUpperLeg"] = CFrame.new(0.000025451183319091797, 0.00012563681229948997, 0.00499749556183815, 0.9747656583786011, 0.22322990000247955, 0.0006238543428480625, -0.1818513572216034, 0.7956922650337219, -0.5777577757835388, -0.12946811318397522, 0.5630650520324707, 0.8162080645561218),
            ["LeftLowerLeg"] = CFrame.new(3.725290298461914e-08, -1.7881393432617188e-07, -5.960464477539063e-08, 1, 1.862645149230957e-08, 2.1420424545226524e-08, -7.078052277620372e-08, 0.865563690662384, 0.5007988214492798, 5.960465188081798e-08, -0.5007989406585693, 0.8655637502670288),
        }},
        {Time = 0.200, Data = {
            ["RightFoot"] = CFrame.new(3.3527612686157227e-08, 2.980232238769531e-07, -2.438173396512866e-08, 0.9190618991851807, 0.28372907638549805, -0.2735389471054077, -0.2630583345890045, 0.9584529399871826, 0.11031069606542587, 0.2934717833995819, -0.029425572603940964, 0.9555146098136902),
            ["LeftLowerArm"] = CFrame.new(0, -2.384185791015625e-07, 0, 1, 1.881272027048908e-07, -2.235172757991677e-08, 1.6018744020129816e-07, 0.23086172342300415, -0.9729864001274109, 3.166495901041344e-07, 0.9729865789413452, 0.23086236417293549),
            ["RightUpperArm"] = CFrame.new(-0.0014067888259887695, 0.0010694265365600586, 0.0005948394536972046, 0.957675039768219, -0.20908352732658386, 0.19784435629844666, 0.13287368416786194, 0.9308066368103027, 0.3405052125453949, -0.255348801612854, -0.29980534315109253, 0.9191919565200806),
            ["Head"] = CFrame.new(-5.587935447692871e-09, -1.1920928955078125e-07, -9.313225746154785e-10, 0.9388517737388611, -0.014312181621789932, 0.34402379393577576, 0.01893458515405655, 0.9997699856758118, -0.010080238804221153, -0.3438006043434143, 0.01597782038152218, 0.9389068484306335),
            ["LowerTorso"] = CFrame.new(-0.08397528529167175, -0.06747865676879883, -0.03741087391972542, 0.9456425309181213, 0.03369230404496193, -0.32345810532569885, -0.011330480687320232, 0.9974283576011658, 0.07076945155858994, 0.32501059770584106, -0.06325774639844894, 0.943592369556427),
            ["UpperTorso"] = CFrame.new(-1.30385160446167e-08, 2.086162567138672e-07, -9.313225746154785e-09, 0.9998594522476196, 0.016316842287778854, 0.0038689393550157547, -0.016451075673103333, 0.9991562962532043, 0.03763057291507721, -0.0032515274360775948, -0.037688761949539185, 0.9992842674255371),
            ["HumanoidRootPart"] = CFrame.new(0, 0, 0, 1, 0, 0, 0, 1, 0, 0, 0, 1),
            ["RightUpperLeg"] = CFrame.new(-0.000025540590286254883, -0.0001254095695912838, -0.00499747134745121, 0.951768696308136, -0.23214779794216156, 0.20060931146144867, 0.25776031613349915, 0.9596489667892456, -0.11239773780107498, -0.16642142832279205, 0.15868593752384186, 0.9732022881507874),
            ["LeftUpperArm"] = CFrame.new(-0.0016382932662963867, 0.011973381042480469, 0.0006927847862243652, 0.9679830074310303, 0.09234818071126938, 0.23341110348701477, -0.13625656068325043, 0.9742558598518372, 0.17961007356643677, -0.2108156383037567, -0.2056633085012436, 0.9556460976600647),
            ["RightLowerArm"] = CFrame.new(-3.2782554626464844e-07, 5.960464477539063e-08, -8.940696716308594e-08, 1, -1.369044611010395e-07, -4.889444227273998e-08, 3.725292518907963e-09, 0.8730342388153076, -0.4876590371131897, -1.341105360097572e-07, 0.4876590967178345, 0.8730342984199524),
            ["LeftHand"] = CFrame.new(-1.4901161193847656e-08, -5.960464477539063e-08, 3.2782554626464844e-07, 0.7878010272979736, -0.40968260169029236, -0.45992302894592285, 0.49462437629699707, 0.8657748699188232, 0.07603855431079865, 0.36703741550445557, -0.2873920798301697, 0.8846971392631531),
            ["LeftFoot"] = CFrame.new(5.960464477539063e-08, 1.1920928955078125e-07, -1.4901161193847656e-08, 0.9628854393959045, -0.2334137111902237, 0.13553433120250702, 0.15799477696418762, 0.8945482969284058, 0.41811609268188477, -0.21883626282215118, -0.38118430972099304, 0.8982257843017578),
            ["RightHand"] = CFrame.new(-0.07841353118419647, -0.026595711708068848, -0.00035408884286880493, 0.5852237343788147, 0.0017544901929795742, -0.8108699917793274, 0.25510215759277344, 0.9488230347633362, 0.1861666440963745, 0.7696987986564636, -0.3158036470413208, 0.554826021194458),
            ["RightLowerLeg"] = CFrame.new(6.239861249923706e-08, -5.960464477539063e-08, 1.6952981241047382e-09, 1, 2.384184938364342e-07, 2.1234147595805553e-07, 3.838212307982758e-07, 0.9589871764183044, 0.28344935178756714, 1.667066982236065e-07, -0.283449649810791, 0.9589871764183044),
            ["LeftUpperLeg"] = CFrame.new(0.000025451183319091797, 0.0001259567216038704, 0.004997476935386658, 0.977124810218811, 0.21023863554000854, 0.032046519219875336, -0.1671646684408188, 0.8524397611618042, -0.49538108706474304, -0.13146574795246124, 0.47869232296943665, 0.8680844902992249),
            ["LeftLowerLeg"] = CFrame.new(-8.195638656616211e-08, -5.960464477539063e-08, 1.043081283569336e-07, 1, 1.4901159417490817e-08, -2.7939673685750677e-08, -2.980232594040899e-08, 0.9561885595321655, 0.2927515208721161, 7.450581485102248e-09, -0.29275161027908325, 0.9561885595321655),
        }},
        {Time = 0.233, Data = {
            ["RightFoot"] = CFrame.new(-3.725290298461914e-08, 3.5762786865234375e-07, -1.673470251262188e-10, 0.9281091690063477, 0.24620430171489716, -0.27927932143211365, -0.1803141087293625, 0.9535316228866577, 0.241379976272583, 0.32573020458221436, -0.1736689805984497, 0.9293755292892456),
            ["LeftLowerArm"] = CFrame.new(5.960464477539063e-08, 2.980232238769531e-07, 1.4901161193847656e-08, 1, 4.4703490686970326e-08, 2.9802311729554276e-08, 1.4901158351676713e-07, 0.09477992355823517, -0.9954982399940491, 2.9802316703353426e-07, 0.9954982399940491, 0.09478013962507248),
            ["RightUpperArm"] = CFrame.new(-0.0014069676399230957, 0.0010699033737182617, 0.0005949735641479492, 0.9326952695846558, -0.2689428925514221, 0.24031095206737518, 0.19063477218151093, 0.9332307577133179, 0.3045308589935303, -0.30616679787635803, -0.23822267353534698, 0.9216896295547485),
            ["Head"] = CFrame.new(-1.4901161193847656e-08, 1.1920928955078125e-07, 1.862645149230957e-08, 0.9215954542160034, -0.08880497515201569, 0.37785643339157104, 0.06923200935125351, 0.9954741597175598, 0.06510203331708908, -0.3819277584552765, -0.03383781760931015, 0.9235725998878479),
            ["LowerTorso"] = CFrame.new(-0.09073430299758911, 0.007898330688476562, -0.03334483504295349, 0.9304555654525757, 0.05544518679380417, -0.3621855676174164, -0.01448777411133051, 0.9932787418365479, 0.11483658850193024, 0.3661183714866638, -0.10160316526889801, 0.9250049591064453),
            ["UpperTorso"] = CFrame.new(-2.9802322387695312e-08, 3.5762786865234375e-07, 3.725290298461914e-08, 0.9989107251167297, 0.035741668194532394, 0.029999908059835434, -0.03469211608171463, 0.9987918138504028, -0.0348079614341259, -0.03120776265859604, 0.03372938558459282, 0.9989436268806458),
            ["HumanoidRootPart"] = CFrame.new(0, 0, 0, 1, 0, 0, 0, 1, 0, 0, 0, 1),
            ["RightUpperLeg"] = CFrame.new(-0.000025510787963867188, -0.00012562330812215805, -0.004997448995709419, 0.9258803725242615, -0.2224917709827423, 0.30535730719566345, 0.250650018453598, 0.9664677977561951, -0.05580710247159004, -0.2827014625072479, 0.12820886075496674, 0.9506011009216309),
            ["LeftUpperArm"] = CFrame.new(-0.0016382932662963867, 0.01197350025177002, 0.0006927698850631714, 0.966866135597229, 0.16434283554553986, 0.1953495293855667, -0.2222493290901184, 0.9183785319328308, 0.32739341259002686, -0.1255999207496643, -0.35996168851852417, 0.9244740009307861),
            ["RightLowerArm"] = CFrame.new(-1.7881393432617188e-07, -1.7881393432617188e-07, 1.4901161193847656e-08, 1, -3.3853578429443587e-07, 8.3819010399111e-08, -2.086163561898502e-07, 0.8140754103660583, -0.5807591080665588, -1.2107199154343107e-07, 0.5807593464851379, 0.8140755295753479),
            ["LeftHand"] = CFrame.new(-1.4901161193847656e-07, -1.1920928955078125e-07, -3.5762786865234375e-07, 0.826565146446228, -0.3746688961982727, -0.4200156033039093, 0.4530888497829437, 0.8856555819511414, 0.1016143336892128, 0.33391696214675903, -0.27429452538490295, 0.9018101692199707),
            ["LeftFoot"] = CFrame.new(-5.960464477539063e-08, -1.7881393432617188e-07, -3.91155481338501e-08, 0.9595677852630615, -0.23799876868724823, 0.15028662979602814, 0.1522396355867386, 0.8879122734069824, 0.4340907633304596, -0.23675452172756195, -0.393660306930542, 0.8882449865341187),
            ["RightHand"] = CFrame.new(-0.07841330766677856, -0.02659541368484497, -0.00035405345261096954, 0.6962579488754272, 0.03228726238012314, -0.7170650959014893, 0.25751686096191406, 0.9212483167648315, 0.29152482748031616, 0.6700074672698975, -0.3876327574253082, 0.6331121921539307),
            ["RightLowerLeg"] = CFrame.new(6.51925802230835e-09, 0, -9.480572771281004e-09, 1, 2.7054906581724936e-07, -2.2351738238057806e-08, 2.5588090579731215e-07, 0.9999849796295166, 0.005486058536916971, 9.313226634333205e-09, -0.005486113019287586, 0.9999850392341614),
            ["LeftUpperLeg"] = CFrame.new(0.000025391578674316406, 0.0001256316900253296, 0.0049974918365478516, 0.9802186489105225, 0.18722105026245117, 0.0641850084066391, -0.12372253835201263, 0.832763135433197, -0.5396276116371155, -0.1544806808233261, 0.5210123658180237, 0.8394535183906555),
            ["LeftLowerLeg"] = CFrame.new(8.940696716308594e-08, -1.1920928955078125e-07, 2.2351741790771484e-07, 1, 2.2351745343485163e-08, -1.8626460374093767e-08, -2.421439226907296e-08, 0.9171167612075806, 0.3986184895038605, -2.2351747119842003e-08, -0.3986186385154724, 0.9171168804168701),
        }},
        {Time = 0.267, Data = {
            ["RightFoot"] = CFrame.new(3.632158041000366e-08, 2.980232238769531e-07, -1.879379851743579e-08, 0.9803217053413391, 0.13569514453411102, -0.1433752030134201, -0.11404182761907578, 0.9821233749389648, 0.14976076781749725, 0.16113337874412537, -0.13046298921108246, 0.9782716631889343),
            ["LeftLowerArm"] = CFrame.new(5.960464477539063e-08, -1.1920928955078125e-07, -2.086162567138672e-07, 1, 5.960465188081798e-08, 2.9802318834981634e-08, 1.490115550950577e-07, -0.0032336791045963764, -0.9999947547912598, 2.384184938364342e-07, 0.9999948143959045, -0.0032334360294044018),
            ["RightUpperArm"] = CFrame.new(-0.0014069676399230957, 0.001069188117980957, 0.0005949810147285461, 0.9133601784706116, -0.3220060467720032, 0.24916872382164001, 0.2548658847808838, 0.9294216632843018, 0.2668687105178833, -0.3175162672996521, -0.18024276196956635, 0.9309651851654053),
            ["Head"] = CFrame.new(-4.0978193283081055e-08, 0, 2.2351741790771484e-08, 0.9035261869430542, -0.17807693779468536, 0.3897809684276581, 0.14169541001319885, 0.9825562238693237, 0.12043985724449158, -0.4044290781021118, -0.05359029024839401, 0.9129977822303772),
            ["LowerTorso"] = CFrame.new(-0.0942259356379509, 0.025915861129760742, -0.02492602728307247, 0.929528534412384, 0.09746875613927841, -0.35563549399375916, -0.04878877475857735, 0.9884633421897888, 0.14338724315166473, 0.3655083179473877, -0.11593156307935715, 0.9235602617263794),
            ["UpperTorso"] = CFrame.new(2.9802322387695312e-08, -2.9802322387695312e-08, 1.6763806343078613e-08, 0.9992066621780396, 0.024978330358862877, 0.031018048524856567, -0.022640157490968704, 0.9970327019691467, -0.07357454299926758, -0.03276392072439194, 0.0728139579296112, 0.9968072772026062),
            ["HumanoidRootPart"] = CFrame.new(0, 0, 0, 1, 0, 0, 0, 1, 0, 0, 0, 1),
            ["RightUpperLeg"] = CFrame.new(-0.000025510787963867188, -0.00012581422924995422, -0.004997478798031807, 0.9338399767875671, -0.09973946213722229, 0.3435043692588806, 0.2192476987838745, 0.9183899164199829, -0.32937848567962646, -0.28261882066726685, 0.3828994035720825, 0.8794968724250793),
            ["LeftUpperArm"] = CFrame.new(-0.0016384124755859375, 0.01197350025177002, 0.0006927624344825745, 0.9490898847579956, 0.25168174505233765, 0.18943245708942413, -0.3113536238670349, 0.8408136963844299, 0.4428219795227051, -0.04782722145318985, -0.47925835847854614, 0.8763697743415833),
            ["RightLowerArm"] = CFrame.new(-2.9802322387695312e-08, 1.1920928955078125e-07, 7.450580596923828e-08, 1, -1.0959774954244494e-07, 9.854558413735504e-08, -1.0925575111286889e-07, 0.7469593286514282, -0.6648699641227722, 1.4028043437974702e-07, 0.6648697257041931, 0.7469591498374939),
            ["LeftHand"] = CFrame.new(-8.940696716308594e-08, 0, 0, 0.8556231260299683, -0.3512781262397766, -0.38014817237854004, 0.42421749234199524, 0.8967253565788269, 0.12618723511695862, 0.29656141996383667, -0.26923465728759766, 0.9162773489952087),
            ["LeftFoot"] = CFrame.new(3.5390257835388184e-08, -5.960464477539063e-08, -7.450580596923828e-09, 0.986103355884552, -0.1226542592048645, 0.11205410212278366, 0.09118214249610901, 0.9633939266204834, 0.25210750102996826, -0.13887417316436768, -0.23838664591312408, 0.9611898064613342),
