return {
    ["All About That Bass"] = {
        {Time = 0.000, Data = {
            ["RightFoot"] = CFrame.new(-8.96397978067398e-09, 1.7881393432617188e-07, -1.4169927453622222e-08, 0.9997076988220215, -0.023732708767056465, 0.004616056103259325, 0.023457758128643036, 0.9058689475059509, -0.4229079484939575, 0.005855195224285126, 0.42289283871650696, 0.9061609506607056),
            ["LeftLowerArm"] = CFrame.new(8.940696716308594e-08, 5.960464477539063e-08, 1.30385160446167e-08, 1, -8.03265933768671e-08, -5.774197120445024e-08, 7.543712854385376e-08, 1, 1.648440104418114e-07, -4.190951585769653e-08, 4.677568767874618e-07, 1),
            ["RightUpperArm"] = CFrame.new(0.015303969383239746, 0.021679401397705078, 0.03330815210938454, 0.9658084511756897, -0.25566336512565613, 0.04301773011684418, 0.25810256600379944, 0.96382075548172, -0.06657889485359192, -0.02443961799144745, 0.07540524750947952, 0.9968534708023071),
            ["Head"] = CFrame.new(-1.1641532182693481e-09, 2.384185791015625e-07, -6.344635039567947e-09, 0.998600423336029, -0.013871820643544197, 0.05103810876607895, 0.01578081026673317, 0.9991835355758667, -0.03719233721494675, -0.05048051476478577, 0.03794575482606888, 0.9980040192604065),
            ["RightHand"] = CFrame.new(5.098991096019745e-08, -5.960464477539063e-08, 2.0489096641540527e-08, 0.42143794894218445, -0.8865436315536499, -0.19086767733097076, 0.9045060276985168, 0.3957834541797638, 0.1588216871023178, -0.06526020169258118, -0.23957431316375732, 0.9686822891235352),
            ["UpperTorso"] = CFrame.new(-1.1641532182693481e-09, 5.960464477539063e-08, 1.6589183360338211e-09, 0.9994576573371887, -0.015131058171391487, -0.02925027906894684, 0.013663195073604584, 0.998668372631073, -0.049747534096241, 0.029964065179228783, 0.04932088404893875, 0.9983333945274353),
            ["HumanoidRootPart"] = CFrame.new(0, 0, 0, 1, 0, 0, 0, 1, 0, 0, 0, 1),
            ["RightUpperLeg"] = CFrame.new(0, 2.5815097615122795e-07, 1.0117219062522054e-08, 0.9997472763061523, -0.0007299724384211004, -0.022471925243735313, -0.010866733267903328, 0.8592982292175293, -0.5113596320152283, 0.019683364778757095, 0.5114743709564209, 0.8590730428695679),
            ["LeftUpperArm"] = CFrame.new(-0.015539050102233887, 0.02174067497253418, 0.033302418887615204, 0.9741714000701904, 0.2173732966184616, 0.06114868447184563, -0.21424967050552368, 0.9752980470657349, -0.053765635937452316, -0.07132541388273239, 0.03927578777074814, 0.9966795444488525),
            ["RightLowerArm"] = CFrame.new(-1.4901161193847656e-07, 2.980232238769531e-07, 8.381903171539307e-09, 1, 2.4214401150857157e-08, -2.5145714843688438e-08, 1.6926792056892737e-07, 1, 1.1851082604152907e-07, 3.2596298993325945e-09, 2.8009543484586175e-07, 1),
            ["LeftHand"] = CFrame.new(-9.895302355289459e-08, -1.1920928955078125e-07, -9.313225746154785e-09, 0.42189234495162964, 0.8863314390182495, 0.19084958732128143, -0.9042076468467712, 0.3959025740623474, 0.16021820902824402, 0.06644891947507858, -0.24016208946704865, 0.9684557914733887),
            ["LeftFoot"] = CFrame.new(3.69182089343667e-08, -5.960464477539063e-08, -2.3693928596912883e-08, 0.9996001124382019, 0.010136937722563744, 0.02639905922114849, -0.006201752461493015, 0.9894002079963684, -0.14508168399333954, -0.02758982591331005, 0.14486025273799896, 0.9890674948692322),
            ["LowerTorso"] = CFrame.new(0.012096641585230827, -0.1843026876449585, 0.04126628860831261, 0.9996805787086487, 0.013492049649357796, -0.021370884031057358, -0.01319828163832426, 0.9998173713684082, 0.013828016817569733, 0.02155354619026184, -0.01354154571890831, 0.999675989151001),
            ["RightLowerLeg"] = CFrame.new(1.6763806343078613e-08, 5.960464477539063e-08, -3.803143044933677e-08, 1, -4.805624485015869e-07, -4.526228281065414e-07, 6.739285254298011e-07, 0.5739022493362427, 0.8189234733581543, -1.192093321833454e-07, -0.818923830986023, 0.5739029049873352),
            ["LeftUpperLeg"] = CFrame.new(2.9802322387695312e-08, 1.1632801033556461e-07, 1.862645149230957e-09, 0.9992740750312805, 0.004015038255602121, 0.03788423910737038, 0.020465748384594917, 0.7821763157844543, -0.6227211952209473, -0.03213244676589966, 0.6230442523956299, 0.7815261483192444),
            ["LeftLowerLeg"] = CFrame.new(1.210719347000122e-08, -5.960464477539063e-08, 6.40030464182928e-08, 1, -2.8684740982498624e-07, -5.464536343424697e-07, 4.4261093989916844e-07, 0.36938801407814026, 0.9292750954627991, 1.522711983170666e-07, -0.9292752742767334, 0.36938855051994324),
        }},
        {Time = 0.033, Data = {
            ["RightFoot"] = CFrame.new(4.44706529378891e-08, 3.5762786865234375e-07, 1.563239493407309e-08, 0.999197244644165, -0.024071242660284042, 0.03202375769615173, 0.03495519235730171, 0.9143751859664917, -0.40335604548454285, -0.019572623074054718, 0.40415167808532715, 0.9144826531410217),
            ["LeftLowerArm"] = CFrame.new(-5.960464477539063e-08, 2.980232238769531e-07, -4.6566128730773926e-09, 1, -1.0570514064056624e-07, -5.5879315397078244e-08, 4.98257577419281e-08, 1, 2.202576325771588e-07, -6.146728992462158e-08, 4.90574279865541e-07, 1),
            ["RightUpperArm"] = CFrame.new(0.015932917594909668, 0.023651838302612305, 0.03123006969690323, 0.9637490510940552, -0.2624918818473816, 0.047809045761823654, 0.26474529504776, 0.9630632400512695, -0.04918637499213219, -0.03313208743929863, 0.06006034463644028, 0.9976447820663452),
            ["Head"] = CFrame.new(0, 1.1920928955078125e-07, -3.7834979593753815e-09, 0.9981145262718201, -0.019273681566119194, 0.05827462300658226, 0.019830618053674698, 0.999763011932373, -0.008993773721158504, -0.05808742716908455, 0.010132353752851486, 0.9982601404190063),
            ["RightHand"] = CFrame.new(-2.0721927285194397e-07, -4.172325134277344e-07, -9.313225746154785e-09, 0.40582260489463806, -0.8930369019508362, -0.19440509378910065, 0.9117840528488159, 0.38095271587371826, 0.1533782184123993, -0.06291306763887405, -0.23949970304965973, 0.9688559770584106),
            ["UpperTorso"] = CFrame.new(-1.6298145055770874e-09, 5.960464477539063e-08, 2.7939677238464355e-09, 0.9998201727867126, 0.008833658881485462, -0.016784310340881348, -0.009583929553627968, 0.9989339113235474, -0.04515860974788666, 0.016367487609386444, 0.04531146213412285, 0.9988388419151306),
            ["HumanoidRootPart"] = CFrame.new(0, 0, 0, 1, 0, 0, 0, 1, 0, 0, 0, 1),
            ["RightUpperLeg"] = CFrame.new(0, 1.701992005109787e-07, -1.7571437638252974e-09, 0.9991934299468994, 0.013773469254374504, -0.037719812244176865, -0.02987402118742466, 0.8826640248298645, -0.46905452013015747, 0.02683340758085251, 0.4698026478290558, 0.8823634386062622),
            ["LeftUpperArm"] = CFrame.new(-0.01490926742553711, 0.023378372192382812, 0.03125479072332382, 0.9738314747810364, 0.21606099605560303, 0.07049926370382309, -0.21375766396522522, 0.9761154055595398, -0.03881198912858963, -0.07720108330249786, 0.022726355120539665, 0.9967564940452576),
            ["RightLowerArm"] = CFrame.new(0, 2.384185791015625e-07, -3.166496753692627e-08, 1, -3.0407690587708203e-07, -1.443550274871086e-07, -1.6228297283760185e-07, 1, -3.320165831155464e-07, -1.1920930376163597e-07, -1.0640363257152785e-07, 1),
            ["LeftHand"] = CFrame.new(-1.0011717677116394e-08, -5.960464477539063e-08, 2.60770320892334e-08, 0.4041706323623657, 0.8937763571739197, 0.19444836676120758, -0.9124038219451904, 0.378947913646698, 0.15465420484542847, 0.064540795981884, -0.2399214655160904, 0.968644380569458),
            ["LeftFoot"] = CFrame.new(5.471520125865936e-09, -1.1920928955078125e-07, -6.280947673076298e-08, 0.999411940574646, 0.025490975007414818, 0.02293696254491806, -0.02795024961233139, 0.9930636882781982, 0.11420749127864838, -0.01986677013337612, -0.11478141695261002, 0.9931921362876892),
            ["LowerTorso"] = CFrame.new(0.013475188985466957, -0.17154133319854736, 0.023564593866467476, 0.9991055727005005, -0.005611250177025795, -0.04191190376877785, 0.005699957255274057, 0.9999817609786987, 0.0019973143935203552, 0.04189993441104889, -0.002234421204775572, 0.9991193413734436),
            ["RightLowerLeg"] = CFrame.new(9.685754776000977e-08, -5.960464477539063e-08, -7.528433343395591e-08, 1, -5.550682544708252e-07, -4.5076006927047274e-07, 7.869677460803359e-07, 0.6193763613700867, 0.7850939631462097, -1.3969842171945857e-08, -0.7850942611694336, 0.6193767189979553),
            ["LeftUpperLeg"] = CFrame.new(-1.1920928955078125e-07, 2.3237089408212341e-07, 4.190951585769653e-09, 0.99812251329422, 0.040347956120967865, 0.0460827499628067, 0.0021934090182185173, 0.7283417582511902, -0.685210645198822, -0.061210837215185165, 0.6840251088142395, 0.7268857359886169),
            ["LeftLowerLeg"] = CFrame.new(-8.381903171539307e-09, -5.960464477539063e-08, 3.3269401455982006e-08, 1, -2.1420420992512845e-08, -4.7078361831154325e-07, 6.156042218208313e-07, 0.2817942798137665, 0.9594749212265015, 7.729977369308472e-08, -0.9594748616218567, 0.28179433941841125),
        }},
        {Time = 0.067, Data = {
            ["RightFoot"] = CFrame.new(2.491287887096405e-08, 3.5762786865234375e-07, 3.053355612792075e-08, 0.9983929395675659, -0.023361463099718094, 0.051633089780807495, 0.04164820909500122, 0.9203258752822876, -0.3889283835887909, -0.03843318298459053, 0.39045435190200806, 0.9198200106620789),
            ["LeftLowerArm"] = CFrame.new(1.4901161193847656e-07, -7.152557373046875e-07, 6.51925802230835e-09, 1, -2.984889988510986e-07, -5.681068415697155e-08, -7.613559205310594e-08, 1, 4.55183965186734e-07, -5.308536898951388e-08, 7.478523116333236e-07, 1),
            ["RightUpperArm"] = CFrame.new(0.01641547679901123, 0.025429368019104004, 0.02478807419538498, 0.961122989654541, -0.2715712785720825, 0.04991787299513817, 0.27308186888694763, 0.961630642414093, -0.026323391124606133, -0.04085395112633705, 0.03893120586872101, 0.9984063506126404),
            ["Head"] = CFrame.new(-2.7939677238464355e-09, 2.384185791015625e-07, -1.2456439435482025e-08, 0.997728705406189, -0.023311886936426163, 0.06319893151521683, 0.022607605904340744, 0.999674379825592, 0.011836236342787743, -0.0634542927145958, -0.01038049254566431, 0.9979307651519775),
            ["RightHand"] = CFrame.new(-5.098991096019745e-08, -1.1920928955078125e-07, -2.2351741790771484e-08, 0.3902723491191864, -0.8993710875511169, -0.19702549278736115, 0.918612539768219, 0.3659673035144806, 0.1490609347820282, -0.06195676326751709, -0.23916468024253845, 0.969000518321991),
            ["UpperTorso"] = CFrame.new(2.3283064365386963e-09, -5.960464477539063e-08, -2.648448571562767e-09, 0.9995967149734497, 0.027193091809749603, -0.008177652023732662, -0.027460675686597824, 0.9990233778953552, -0.03461688011884689, 0.007228318601846695, 0.03482750803232193, 0.9993671774864197),
            ["HumanoidRootPart"] = CFrame.new(0, 0, 0, 1, 0, 0, 0, 1, 0, 0, 0, 1),
            ["RightUpperLeg"] = CFrame.new(-5.960464477539063e-08, 2.287561073899269e-08, 4.529283614829183e-09, 0.9985407590866089, 0.025324584916234016, -0.04769740626215935, -0.04293172061443329, 0.9080514907836914, -0.4166524112224579, 0.032760124653577805, 0.4180923104286194, 0.9078137874603271),
            ["LeftUpperArm"] = CFrame.new(-0.014425396919250488, 0.024899601936340332, 0.02482278272509575, 0.9725205898284912, 0.2195458859205246, 0.07748176902532578, -0.21885496377944946, 0.9756022691726685, -0.017402708530426025, -0.079412080347538, -0.00003291575194452889, 0.9968419075012207),
            ["RightLowerArm"] = CFrame.new(1.7881393432617188e-07, 9.5367431640625e-07, 1.862645149230957e-09, 1, 1.1362141094650724e-07, 1.1734671545582387e-07, 1.4202666420715104e-07, 1, 5.59259547117108e-07, 1.3411042232291948e-07, 7.313213927773177e-07, 1),
            ["LeftHand"] = CFrame.new(1.7904676496982574e-07, 0, 3.725290298461914e-09, 0.38876262307167053, 0.8999305367469788, 0.19745534658432007, -0.9191863536834717, 0.364205002784729, 0.14983825385570526, 0.06293035298585892, -0.2397497445344925, 0.9687930345535278),
            ["LeftFoot"] = CFrame.new(3.236345946788788e-08, 2.384185791015625e-07, -9.724089977680705e-09, 0.9984239935874939, 0.026205705478787422, 0.0496276393532753, -0.03531411662697792, 0.9806346297264099, 0.19263584911823273, -0.04361872747540474, -0.19408480823040009, 0.9800145626068115),
            ["LowerTorso"] = CFrame.new(0.01432353351265192, -0.1593230962753296, 0.002322574146091938, 0.9982087016105652, -0.021120542660355568, -0.05597634240984917, 0.020124513655900955, 0.9996300935745239, -0.018298210576176643, 0.05634210258722305, 0.01713893562555313, 0.9982644319534302),
            ["RightLowerLeg"] = CFrame.new(6.51925802230835e-08, 0, -5.2932591643184423e-08, 1, -3.874300489314919e-07, -6.23054859261174e-07, 7.320197141780227e-07, 0.65970379114151, 0.7515254616737366, -2.5983905516113737e-07, -0.7515257000923157, 0.6597040891647339),
            ["LeftUpperLeg"] = CFrame.new(2.9802322387695312e-08, 3.1548552215099335e-08, -5.587935447692871e-09, 0.9965036511421204, 0.06655468791723251, 0.050508543848991394, -0.013516061007976532, 0.7249815464019775, -0.688635528087616, -0.08244962245225906, 0.6855453252792358, 0.7233465313911438),
            ["LeftLowerLeg"] = CFrame.new(-2.7939677238464355e-09, -1.1920928955078125e-07, 7.797288503752497e-08, 1, 3.5390257835388184e-08, -4.218892399876495e-07, 5.853366360497603e-07, 0.2339630424976349, 0.9722456336021423, 8.707872467539346e-08, -0.9722455143928528, 0.23396269977092743),
        }},
        {Time = 0.100, Data = {
            ["RightFoot"] = CFrame.new(3.9814040064811707e-08, 2.384185791015625e-07, 1.9357685232535005e-08, 0.9972615838050842, -0.022103188559412956, 0.07057564705610275, 0.04711145907640457, 0.9254786968231201, -0.37585845589637756, -0.057008516043424606, 0.378154456615448, 0.9239857196807861),
            ["LeftLowerArm"] = CFrame.new(0, -3.5762786865234375e-07, 1.6763806343078613e-08, 1, -1.7578719280209043e-07, -8.940694584680386e-08, -7.450579886381092e-08, 1, 4.568136091620545e-07, -7.823108916227284e-08, 7.334168117267836e-07, 1),
            ["RightUpperArm"] = CFrame.new(0.016799092292785645, 0.026449084281921387, 0.015394382178783417, 0.9581736326217651, -0.2817588746547699, 0.05015449970960617, 0.2824370563030243, 0.9592614769935608, -0.006846607197076082, -0.046182237565517426, 0.020725449547171593, 0.9987179636955261),
            ["Head"] = CFrame.new(-4.656612873077393e-10, -3.5762786865234375e-07, 2.35741026699543e-08, 0.9974565505981445, -0.026196392253041267, 0.06628970056772232, 0.02490333840250969, 0.9994845986366272, 0.020258087664842606, -0.06678622961044312, -0.018555665388703346, 0.9975947737693787),
            ["RightHand"] = CFrame.new(-9.872019290924072e-08, -1.7881393432617188e-07, -2.2351741790771484e-08, 0.37865689396858215, -0.9044523239135742, -0.1964292973279953, 0.9231966733932495, 0.35401132702827454, 0.1496131718158722, -0.06578032672405243, -0.23799563944339752, 0.9690364599227905),
            ["UpperTorso"] = CFrame.new(-1.792795956134796e-08, -4.76837158203125e-07, 2.0381776266731322e-08, 0.9990869760513306, 0.04264763742685318, 0.0025651659816503525, -0.04264948517084122, 0.9990898966789246, 0.0006706409039907157, -0.00253423023968935, -0.0007793683907948434, 0.9999964833259583),
            ["HumanoidRootPart"] = CFrame.new(0, 0, 0, 1, 0, 0, 0, 1, 0, 0, 0, 1),
            ["RightUpperLeg"] = CFrame.new(-8.940696716308594e-08, 4.225876182317734e-08, 2.6666384655982256e-09, 0.997871458530426, 0.0349903404712677, -0.05502936989068985, -0.051971931010484695, 0.9364202618598938, -0.34701037406921387, 0.039388615638017654, 0.3491315543651581, 0.9362455606460571),
            ["LeftUpperArm"] = CFrame.new(-0.014040231704711914, 0.02571737766265869, 0.015416048467159271, 0.9705814123153687, 0.22635136544704437, 0.08207882940769196, -0.22723257541656494, 0.973839521408081, 0.0014375728787854314, -0.07960617542266846, -0.02004646509885788, 0.9966248273849487),
            ["RightLowerArm"] = CFrame.new(0, 2.384185791015625e-07, 2.7939677238464355e-08, 1, 1.320150033734535e-07, 1.8626471476324014e-09, 2.968589285501366e-07, 1, 4.7311237949543283e-07, 1.4901154088420299e-08, 6.705524242534011e-07, 1),
            ["LeftHand"] = CFrame.new(-1.0553048923611641e-07, 0, 5.587935447692871e-09, 0.3778153359889984, 0.9041234254837036, 0.19954076409339905, -0.9238178730010986, 0.35373595356941223, 0.14639559388160706, 0.061775486916303635, -0.2396494448184967, 0.9688921570777893),
            ["LeftFoot"] = CFrame.new(3.259629011154175e-09, -5.960464477539063e-08, -9.819973456615116e-08, 0.9924759864807129, 0.013679292052984238, 0.12167360633611679, -0.052562762051820755, 0.9451118111610413, 0.32249194383621216, -0.11058354377746582, -0.32646098732948303, 0.9387196898460388),
            ["LowerTorso"] = CFrame.new(0.014800707809627056, -0.14900553226470947, -0.018034346401691437, 0.9969547986984253, -0.036197952926158905, -0.06907209008932114, 0.032104190438985825, 0.9977127909660339, -0.059484802186489105, 0.07106734067201614, 0.057086143642663956, 0.9958366751670837),
            ["RightLowerLeg"] = CFrame.new(5.960464477539063e-08, 1.1920928955078125e-07, 2.1573214326053858e-08, 1, -5.103647708892822e-07, -5.494803758665512e-07, 6.202608915373276e-07, 0.6941365599632263, 0.7198430299758911, -7.823110337312755e-08, -0.719843327999115, 0.6941369771957397),
            ["LeftUpperLeg"] = CFrame.new(-5.960464477539063e-08, -7.776543498039246e-08, 1.862645149230957e-08, 0.9948948621749878, 0.08896522969007492, 0.0476391576230526, -0.029523147270083427, 0.7079926133155823, -0.7056025266647339, -0.09650231897830963, 0.7005938291549683, 0.7070046067237854),
            ["LeftLowerLeg"] = CFrame.new(4.936009645462036e-08, -2.980232238769531e-07, -1.329672727479192e-08, 1, 8.288771624620495e-08, -5.406328114077041e-07, 4.093163568086311e-07, 0.11417996138334274, 0.9934600591659546, 8.195640788244418e-08, -0.9934600591659546, 0.11418017745018005),
        }},
        {Time = 0.133, Data = {
            ["RightFoot"] = CFrame.new(-1.1175870895385742e-08, 2.980232238769531e-07, 1.3769749784842134e-08, 0.9963206052780151, -0.020730217918753624, 0.08316067606210709, 0.049831822514534, 0.9295549392700195, -0.3652999997138977, -0.06972955912351608, 0.36810049414634705, 0.9271679520606995),
            ["LeftLowerArm"] = CFrame.new(-4.470348358154297e-07, -4.76837158203125e-07, 1.1175870895385742e-08, 1, 3.9697614084843735e-08, 2.0023435354232788e-07, 2.4167800916075066e-07, 1, 2.7334317564964294e-07, 1.8533303602907836e-07, 5.811451728732209e-07, 1),
            ["RightUpperArm"] = CFrame.new(0.017110824584960938, 0.026929259300231934, 0.005388736724853516, 0.9538819193840027, -0.296172171831131, 0.048901669681072235, 0.296235054731369, 0.9550954103469849, 0.006123782135546207, -0.04851951822638512, 0.00864461250603199, 0.9987848997116089),
            ["Head"] = CFrame.new(-2.3283064365386963e-09, 2.384185791015625e-07, -4.94765117764473e-09, 0.9972918033599854, -0.028165627270936966, 0.06793953478336334, 0.02697405405342579, 0.9994669556617737, 0.01839296519756317, -0.0684213638305664, -0.016510596498847008, 0.9975199103355408),
            ["RightHand"] = CFrame.new(-1.2712553143501282e-07, -5.960464477539063e-08, 7.644625506630354e-20, 0.3742440342903137, -0.9067915081977844, -0.19408905506134033, 0.924599289894104, 0.3488263487815857, 0.15308938920497894, -0.07111693918704987, -0.23674750328063965, 0.9689650535583496),
            ["UpperTorso"] = CFrame.new(-6.344635039567947e-09, 5.364418029785156e-07, 2.1507730707526207e-08, 0.9984081387519836, 0.05517258122563362, 0.011717939749360085, -0.05569233372807503, 0.9971956610679626, 0.04999244958162308, -0.008926824666559696, -0.050565365701913834, 0.9986809492111206),
            ["HumanoidRootPart"] = CFrame.new(0, 0, 0, 1, 0, 0, 0, 1, 0, 0, 0, 1),
            ["RightUpperLeg"] = CFrame.new(-1.1920928955078125e-07, 3.6205165088176727e-07, 1.803346094675362e-08, 0.9973446726799011, 0.043627142906188965, -0.05831356719136238, -0.05798836797475815, 0.9601332545280457, -0.27346208691596985, 0.044058527797460556, 0.27611738443374634, 0.9601135849952698),
            ["LeftUpperArm"] = CFrame.new(-0.013726472854614258, 0.02603316307067871, 0.005381610244512558, 0.9684209227561951, 0.2339763045310974, 0.08611664175987244, -0.2361372709274292, 0.9715932011604309, 0.0156819149851799, -0.0800011083483696, -0.03552217036485672, 0.9961616396903992),
            ["RightLowerArm"] = CFrame.new(-2.682209014892578e-07, 2.384185791015625e-07, 3.725290298461914e-09, 1, -3.1373949127555534e-07, 2.980233659855003e-08, -1.0419173435138873e-07, 1, 1.1269008837189176e-07, 2.421439226907296e-08, 2.5983914042626566e-07, 1),
            ["LeftHand"] = CFrame.new(1.3888347893953323e-07, -5.960464477539063e-08, -1.0244548320770264e-08, 0.37367090582847595, 0.9056811928749084, 0.2002788931131363, -0.925530731678009, 0.34977808594703674, 0.145080104470253, 0.061343561857938766, -0.23957689106464386, 0.9689376354217529),
            ["LeftFoot"] = CFrame.new(2.468004822731018e-08, 0, 3.4513732316554524e-08, 0.9798927903175354, -0.008135199546813965, 0.19935886561870575, -0.07398539781570435, 0.9131232500076294, 0.4009144604206085, -0.18530073761940002, -0.4076026380062103, 0.8941609859466553),
            ["LowerTorso"] = CFrame.new(0.014853722415864468, -0.14181029796600342, -0.03343481197953224, 0.9957168102264404, -0.050518061965703964, -0.07743396610021591, 0.041778564453125, 0.9929866194725037, -0.11059926450252533, 0.08247814327478409, 0.10689046233892441, 0.9908440113067627),
            ["RightLowerLeg"] = CFrame.new(-2.60770320892334e-08, -2.384185791015625e-07, 4.392495611682534e-08, 1, -5.476175601870636e-07, -4.959293278261612e-07, 5.997716812089493e-07, 0.719889223575592, 0.6940886378288269, -1.5366821060069924e-07, -0.6940890550613403, 0.7198896408081055),
            ["LeftUpperLeg"] = CFrame.new(2.9802322387695312e-08, 3.157183527946472e-07, 1.862645149230957e-08, 0.9941741228103638, 0.10171840339899063, 0.03565382957458496, -0.04469949007034302, 0.6900802850723267, -0.7223511934280396, -0.09808041155338287, 0.7165492177009583, 0.6906066536903381),
            ["LeftLowerLeg"] = CFrame.new(1.30385160446167e-08, -5.960464477539063e-08, -1.306433716763422e-07, 1, 2.3655593395233154e-07, -5.643814233735611e-07, 4.945324008076568e-07, -0.05253031477332115, 0.9986193776130676, -4.4237832952376266e-08, -0.9986193776130676, -0.05253014340996742),
        }},
        {Time = 0.167, Data = {
            ["RightFoot"] = CFrame.new(2.0489096641540527e-08, 2.980232238769531e-07, -1.1314114090055227e-09, 0.9961158633232117, -0.019974656403064728, 0.0857570543885231, 0.049559738487005234, 0.9321990013122559, -0.3585370182991028, -0.07278087735176086, 0.3613947331905365, 0.9295681715011597),
            ["LeftLowerArm"] = CFrame.new(0, 5.960464477539062e-07, -3.166496753692627e-08, 1, 1.0896474123001099e-07, 1.5087421445514337e-07, 1.3853416191977885e-07, 1, -8.055938138795682e-08, 1.5832476663035777e-07, 2.05356627702713e-07, 1),
            ["RightUpperArm"] = CFrame.new(0.017311930656433105, 0.026843905448913574, -0.0024001747369766235, 0.9520142674446106, -0.30237290263175964, 0.04732159152626991, 0.30212342739105225, 0.9531867504119873, 0.012514818459749222, -0.048890501260757446, 0.0023824318777769804, 0.9988012909889221),
            ["Head"] = CFrame.new(5.122274160385132e-09, 1.1920928955078125e-07, 8.294591680169106e-09, 0.9972227811813354, -0.028947141021490097, 0.06862235069274902, 0.02834678255021572, 0.9995510578155518, 0.009707179851830006, -0.06887254863977432, -0.007735146675258875, 0.997595489025116),
            ["RightHand"] = CFrame.new(2.561137080192566e-08, 5.960464477539063e-08, -3.725290298461914e-09, 0.3812401592731476, -0.9041661024093628, -0.19271735846996307, 0.9216786623001099, 0.3555313050746918, 0.1552606225013733, -0.07186418026685715, -0.23681490123271942, 0.9688933491706848),
            ["UpperTorso"] = CFrame.new(5.820766091346741e-09, 3.2782554626464844e-07, -2.898741513490677e-08, 0.997812032699585, 0.06433970481157303, 0.015223066322505474, -0.06531590968370438, 0.9949650168418884, 0.0760161280632019, -0.010255521163344383, -0.07684392482042313, 0.996990442276001),
            ["HumanoidRootPart"] = CFrame.new(0, 0, 0, 1, 0, 0, 0, 1, 0, 0, 0, 1),
            ["RightUpperLeg"] = CFrame.new(-8.940696716308594e-08, 6.775371730327606e-08, -2.0150764612480998e-08, 0.9969733357429504, 0.051364462822675705, -0.058359839022159576, -0.06369929760694504, 0.9700475335121155, -0.23441475629806519, 0.04457121342420578, 0.23742295801639557, 0.9703834056854248),
            ["LeftUpperArm"] = CFrame.new(-0.013524055480957031, 0.025843024253845215, -0.0024373959749937057, 0.9672449827194214, 0.23818376660346985, 0.08778250217437744, -0.24074405431747437, 0.9703891277313232, 0.019680270925164223, -0.08049562573432922, -0.04016882926225662, 0.9959453344345093),
            ["RightLowerArm"] = CFrame.new(0, 0.0000010728836059570312, -2.9802322387695312e-08, 1, -2.4528725361960824e-07, -1.080334541825323e-07, -3.344613901390403e-07, 1, -2.514571804113075e-07, -6.798658347406672e-08, -6.23986551318012e-08, 1),
            ["LeftHand"] = CFrame.new(-9.578070603311062e-08, -3.5762786865234375e-07, 1.862645149230957e-08, 0.3804953396320343, 0.90311598777771, 0.19900967180728912, -0.9226989150047302, 0.35630443692207336, 0.1472207009792328, 0.062049463391304016, -0.23964270949363708, 0.968876302242279),
            ["LeftFoot"] = CFrame.new(1.2456439435482025e-08, 0, 1.271496330446098e-08, 0.9707018733024597, -0.022072773426771164, 0.23927126824855804, -0.07550778239965439, 0.9173098206520081, 0.3909490406513214, -0.22811533510684967, -0.3975619077682495, 0.8887677788734436),
            ["LowerTorso"] = CFrame.new(0.014641639776527882, -0.13909494876861572, -0.03945333510637283, 0.994985818862915, -0.06059799715876579, -0.07956808060407639, 0.0492648184299469, 0.9892921447753906, -0.13738326728343964, 0.0870412215590477, 0.1327745020389557, 0.9873169660568237),
            ["RightLowerLeg"] = CFrame.new(-9.313225746154785e-09, 2.384185791015625e-07, -9.018549462780356e-08, 1, -4.377214963824372e-07, -3.394670784473419e-07, 7.878992960286268e-07, 0.7337729334831238, 0.679394543170929, -1.5273697329121205e-07, -0.6793947815895081, 0.7337731719017029),
            ["LeftUpperLeg"] = CFrame.new(1.1920928955078125e-07, 1.5459954738616943e-07, -2.2351741790771484e-08, 0.9946401119232178, 0.10114501416683197, 0.021469181403517723, -0.052671078592538834, 0.6743035316467285, -0.7365735173225403, -0.08897750079631805, 0.731494665145874, 0.6760166883468628),
            ["LeftLowerLeg"] = CFrame.new(4.656612873077393e-10, 0, 1.0591256227598933e-07, 1, 2.924353168509697e-07, -5.469192956297775e-07, 5.0745433100019e-07, -0.17398087680339813, 0.9847491383552551, 5.261971836034718e-08, -0.9847491383552551, -0.17398053407669067),
        }},
        {Time = 0.200, Data = {
            ["RightFoot"] = CFrame.new(3.003515303134918e-08, 4.172325134277344e-07, 3.984678187407553e-08, 0.9962400794029236, -0.019985759630799294, 0.08429984003305435, 0.04925781488418579, 0.9311203360557556, -0.3613702654838562, -0.0712708830833435, 0.3641643226146698, 0.9286038875579834),
            ["LeftLowerArm"] = CFrame.new(-2.9802322387695312e-08, 7.748603820800781e-07, -1.0244548320770264e-08, 1, 5.378388578947124e-08, 6.519254913683881e-09, 8.009371299522172e-08, 1, 3.958119165758944e-08, 3.352760202801619e-08, 3.0361118774635543e-07, 1),
            ["RightUpperArm"] = CFrame.new(0.017382264137268066, 0.024602174758911133, -0.005861356854438782, 0.9511620998382568, -0.30506861209869385, 0.047156885266304016, 0.30510321259498596, 0.952296257019043, 0.006647250149399042, -0.046935226768255234, 0.008064726367592812, 0.9988654255867004),
            ["Head"] = CFrame.new(-5.122274160385132e-09, 2.384185791015625e-07, -1.2078089639544487e-08, 0.9972257614135742, -0.02809549868106842, 0.06893084943294525, 0.02900123968720436, 0.999505341053009, -0.01217364240437746, -0.06855472922325134, 0.014138855040073395, 0.9975471496582031),
            ["RightHand"] = CFrame.new(3.259629011154175e-07, 0, 1.1175870895385742e-08, 0.39745697379112244, -0.8978486657142639, -0.18946190178394318, 0.9146662354469299, 0.37108510732650757, 0.16025348007678986, -0.07357709109783173, -0.23698873817920685, 0.968722403049469),
            ["UpperTorso"] = CFrame.new(2.0954757928848267e-09, 1.1920928955078125e-07, -5.820766091346741e-10, 0.9974848031997681, 0.06998616456985474, 0.011227395385503769, -0.07064482569694519, 0.9945306777954102, 0.07692891359329224, -0.005782032385468483, -0.07752840965986252, 0.99697345495224),
            ["HumanoidRootPart"] = CFrame.new(0, 0, 0, 1, 0, 0, 0, 1, 0, 0, 0, 1),
            ["RightUpperLeg"] = CFrame.new(-8.940696716308594e-08, 2.0244624465703964e-07, 1.197986421175301e-08, 0.9965016841888428, 0.055003900080919266, -0.06292079389095306, -0.06883909553289413, 0.9671291708946228, -0.24479056894779205, 0.04738805443048477, 0.24826551973819733, 0.9675322771072388),
            ["LeftUpperArm"] = CFrame.new(-0.013453125953674316, 0.023564696311950684, -0.00591338612139225, 0.966560423374176, 0.24054336547851562, 0.08888176083564758, -0.24272605776786804, 0.969987154006958, 0.014462394639849663, -0.08273529261350632, -0.03555281460285187, 0.995937168598175),
            ["RightLowerArm"] = CFrame.new(0, 0, -1.1175870895385742e-08, 1, -4.739269456877082e-07, -6.332997770641668e-08, -2.734595909714699e-07, 1, 2.2258625165250123e-07, -6.798654794692993e-08, 3.6554425264512247e-07, 1),
            ["LeftHand"] = CFrame.new(-4.1763996705412865e-08, 4.172325134277344e-07, -3.725290298461914e-09, 0.396718293428421, 0.8967915177345276, 0.195907860994339, -0.9157238006591797, 0.3718191981315613, 0.1523173302412033, 0.06375468522310257, -0.23982419073581696, 0.9687206149101257),
            ["LeftFoot"] = CFrame.new(3.416789695620537e-08, -1.7881393432617188e-07, -7.538233148807194e-08, 0.9756227731704712, -0.017388418316841125, 0.21876461803913116, -0.04457257688045502, 0.9603776335716248, 0.27511468529701233, -0.2148805558681488, -0.2781592011451721, 0.936191201210022),
            ["LowerTorso"] = CFrame.new(0.013952364213764668, -0.14574706554412842, -0.032903727144002914, 0.9950186610221863, -0.06534402072429657, -0.0752863734960556, 0.05468377470970154, 0.9892182946205139, -0.1358562409877777, 0.08335204422473907, 0.13106253743171692, 0.9878638982772827),
            ["RightLowerLeg"] = CFrame.new(-5.587935447692871e-09, 0, 6.6720531322062016e-09, 1, -5.457550287246704e-07, -4.4796621523346403e-07, 5.792827550976654e-07, 0.7251617908477783, 0.6885782480239868, -1.3038518886787642e-07, -0.6885785460472107, 0.7251620292663574),
            ["LeftUpperLeg"] = CFrame.new(2.9802322387695312e-08, 2.5425106287002563e-07, 2.2351741790771484e-08, 0.9959294199943542, 0.08982523530721664, 0.007484714034944773, -0.05496525391936302, 0.6710328459739685, -0.7393874526023865, -0.07143809646368027, 0.7359663844108582, 0.6732385754585266),
            ["LeftLowerLeg"] = CFrame.new(6.193295121192932e-08, 0, 1.2780304814441479e-08, 1, 2.998858690261841e-07, -4.419125048116257e-07, 5.410985295384307e-07, -0.20752336084842682, 0.9782300591468811, 5.238690903297538e-08, -0.9782300591468811, -0.20752345025539398),
        }},
        {Time = 0.233, Data = {
            ["RightFoot"] = CFrame.new(6.076879799365997e-08, 2.980232238769531e-07, 6.319169187918305e-09, 0.9972676038742065, -0.020390992984175682, 0.07100428640842438, 0.0454704612493515, 0.926939845085144, -0.37244418263435364, -0.05822203308343887, 0.37465569376945496, 0.9253344535827637),
            ["LeftLowerArm"] = CFrame.new(-1.7881393432617188e-07, -5.364418029785156e-07, -7.644625506630354e-20, 1, -3.9115556660362927e-07, -1.0430807861894209e-07, -2.476153326824715e-07, 1, 2.9802308176840597e-07, -9.313223614526578e-08, 5.764887873738189e-07, 1),
            ["RightUpperArm"] = CFrame.new(0.017329096794128418, 0.0214921236038208, -0.0035919807851314545, 0.9511653184890747, -0.30719512701034546, 0.03026007115840912, 0.30762606859207153, 0.9514474868774414, -0.01067713275551796, -0.025510946288704872, 0.019464368000626564, 0.9994850158691406),
            ["Head"] = CFrame.new(-2.3283064365386963e-09, 3.5762786865234375e-07, -9.866198524832726e-09, 0.9983536601066589, -0.02789400890469551, 0.050118956714868546, 0.030068734660744667, 0.9986149668693542, -0.043174952268600464, -0.048845261335372925, 0.04461093991994858, 0.997809648513794),
            ["RightHand"] = CFrame.new(-2.3562461137771606e-07, -1.7881393432617188e-07, -7.450580596923828e-09, 0.4165506660938263, -0.8899845480918884, -0.18550772964954376, 0.9059663414955139, 0.3894137740135193, 0.1660778969526291, -0.07556775212287903, -0.23724378645420074, 0.9685066342353821),
            ["UpperTorso"] = CFrame.new(4.400499165058136e-08, 2.682209014892578e-07, -4.877801984548569e-08, 0.997068464756012, 0.07350492477416992, 0.02125273272395134, -0.0748913586139679, 0.9944292306900024, 0.07417497038841248, -0.015682069584727287, -0.0755491554737091, 0.9970188140869141),
            ["HumanoidRootPart"] = CFrame.new(0, 0, 0, 1, 0, 0, 0, 1, 0, 0, 0, 1),
            ["RightUpperLeg"] = CFrame.new(5.960464477539063e-08, -7.636845111846924e-08, -1.0371877579018474e-08, 0.9963468313217163, 0.05831173434853554, -0.06239153444766998, -0.07358503341674805, 0.956969141960144, -0.2807050049304962, 0.043338432908058167, 0.284270703792572, 0.9577641487121582),
            ["LeftUpperArm"] = CFrame.new(-0.013506412506103516, 0.020482540130615234, -0.0036340132355690002, 0.9682765603065491, 0.24041326344013214, 0.06813348084688187, -0.24072183668613434, 0.9705868363380432, -0.00376427685841918, -0.06703448295593262, -0.012756469659507275, 0.9976692199707031),
            ["RightLowerArm"] = CFrame.new(-5.960464477539063e-08, 3.5762786865234375e-07, -1.862645149230957e-08, 1, -6.379562478286971e-08, -4.6566150047056e-08, 1.3550744881740684e-07, 1, 1.1455273352112272e-07, -4.0978196835794733e-08, 3.175811400524253e-07, 1),
            ["LeftHand"] = CFrame.new(-1.3413955457508564e-07, -2.384185791015625e-07, 3.725290298461914e-09, 0.4158952832221985, 0.8888971209526062, 0.19207538664340973, -0.9070289731025696, 0.3901662826538086, 0.15833264589309692, 0.06580043584108353, -0.24006737768650055, 0.9685236215591431),
            ["LeftFoot"] = CFrame.new(-1.635635271668434e-08, -5.960464477539063e-08, -4.0923396227299236e-08, 0.9870082139968872, -0.005479734856635332, 0.16057616472244263, -0.006529293023049831, 0.9972248673439026, 0.07416265457868576, -0.16053715348243713, -0.07424777001142502, 0.9842333197593689),
            ["LowerTorso"] = CFrame.new(0.012467778287827969, -0.160544753074646, -0.016795197501778603, 0.995560884475708, -0.06695428490638733, -0.06614840030670166, 0.05813992768526077, 0.9901711344718933, -0.1272042691707611, 0.07401509582996368, 0.12279373407363892, 0.9896684288978577),
            ["RightLowerLeg"] = CFrame.new(4.470348358154297e-08, 5.960464477539063e-08, -3.803143044933677e-08, 1, -4.4517193487081386e-07, -4.833564730688522e-07, 7.02217562320584e-07, 0.6970762610435486, 0.7169969081878662, -1.7043211641976086e-07, -0.716996967792511, 0.6970763802528381),
            ["LeftUpperLeg"] = CFrame.new(0, -1.2852251529693604e-07, 7.450580596923828e-09, 0.9970102906227112, 0.07687439024448395, -0.007811942603439093, -0.05906858667731285, 0.6930738091468811, -0.7184423804283142, -0.049815427511930466, 0.7167559266090393, 0.6955426931381226),
            ["LeftLowerLeg"] = CFrame.new(1.0710209608078003e-08, -5.960464477539063e-08, -9.105775689022266e-09, 1, 3.4319239716751326e-07, -4.3772155322585604e-07, 5.70202530525421e-07, -0.16921959817409515, 0.9855782985687256, -6.379562478286971e-08, -0.9855784773826599, -0.16922001540660858),
        }},
        {Time = 0.267, Data = {
            ["RightFoot"] = CFrame.new(-5.21540641784668e-08, 3.5762786865234375e-07, 2.5938788894563913e-09, 0.9984617233276367, -0.020277589559555054, 0.0516040101647377, 0.03855321183800697, 0.9228047728538513, -0.383333683013916, -0.039847202599048615, 0.38473403453826904, 0.9221673011779785),
            ["LeftLowerArm"] = CFrame.new(-1.4901161193847656e-07, -2.384185791015625e-07, 1.1175870895385742e-08, 1, 5.09899358291932e-08, 6.332990665214311e-08, 1.3899989426136017e-07, 1, 7.031481885633184e-08, 7.35744833946228e-08, 3.669412649287551e-07, 1),
            ["RightUpperArm"] = CFrame.new(0.017176032066345215, 0.018640637397766113, 0.003041396848857403, 0.9527617692947388, -0.3037027418613434, -0.0031372294761240482, 0.30338525772094727, 0.952147901058197, -0.03704169765114784, 0.0142367510125041, 0.034339964389801025, 0.9993088841438293),
            ["Head"] = CFrame.new(-1.7462298274040222e-09, 1.1920928955078125e-07, -1.1183146852999926e-08, 0.9994623064994812, -0.030251357704401016, 0.012650280259549618, 0.031047888100147247, 0.9971749186515808, -0.06839830428361893, -0.010545406490564346, 0.06875431537628174, 0.9975779056549072),
            ["RightHand"] = CFrame.new(1.069856807589531e-07, -5.960464477539063e-08, 5.587935447692871e-09, 0.43237248063087463, -0.8831045627593994, -0.18215538561344147, 0.898388683795929, 0.404620885848999, 0.170820415019989, -0.07714845985174179, -0.23750467598438263, 0.9683181047439575),
            ["UpperTorso"] = CFrame.new(3.026798367500305e-09, 0, 3.183959051966667e-08, 0.9961727857589722, 0.07481605559587479, 0.04519277811050415, -0.07773732393980026, 0.9947354197502136, 0.06677162647247314, -0.039959244430065155, -0.07002921402454376, 0.9967443346977234),
            ["HumanoidRootPart"] = CFrame.new(0, 0, 0, 1, 0, 0, 0, 1, 0, 0, 0, 1),
            ["RightUpperLeg"] = CFrame.new(0, 9.709037840366364e-08, 1.5705154510214925e-08, 0.9963840842247009, 0.059836383908987045, -0.06031925976276398, -0.0763099268078804, 0.9423984885215759, -0.3256717026233673, 0.03735784441232681, 0.32909709215164185, 0.9435568451881409),
            ["LeftUpperArm"] = CFrame.new(-0.013660788536071777, 0.017709970474243164, 0.0030258186161518097, 0.9717794060707092, 0.23424032330513, 0.027866289019584656, -0.23335881531238556, 0.9718783497810364, -0.03156373277306557, -0.03447612002491951, 0.02417001500725746, 0.9991132020950317),
            ["RightLowerArm"] = CFrame.new(-2.682209014892578e-07, -5.960464477539063e-08, 1.30385160446167e-08, 1, -5.313197561918059e-07, -1.201406689688156e-07, -2.151354863144661e-07, 1, 2.188609116160478e-08, -1.1920927533992653e-07, 1.792796808786079e-07, 1),
            ["LeftHand"] = CFrame.new(-3.979948814958334e-07, 4.172325134277344e-07, -9.313225746154785e-09, 0.43183454871177673, 0.8819761276245117, 0.18877831101417542, -0.899423360824585, 0.405422180891037, 0.16331100463867188, 0.06750166416168213, -0.24031443893909454, 0.9683451056480408),
            ["LeftFoot"] = CFrame.new(9.19681042432785e-09, -5.960464477539063e-08, 1.798275661712978e-08, 0.995331346988678, -0.0009633441804908216, 0.09651245921850204, 0.015770643949508667, 0.9881343841552734, -0.15277984738349915, -0.09522031992673874, 0.15358911454677582, 0.9835363030433655),
            ["LowerTorso"] = CFrame.new(0.010028798133134842, -0.1761571168899536, 0.004092775750905275, 0.9964249134063721, -0.06599926948547363, -0.05274036526679993, 0.059765808284282684, 0.991897702217102, -0.1121034026145935, 0.05971178039908409, 0.1085505411028862, 0.9922959804534912),
            ["RightLowerLeg"] = CFrame.new(-9.12696123123169e-08, 0, 7.745256880298257e-08, 1, -5.811452865600586e-07, -5.280601271806518e-07, 5.904585123062134e-07, 0.6657261252403259, 0.7461958527565002, -1.3783574104309082e-07, -0.7461961507797241, 0.6657266020774841),
