return {
    ["AllowSleep's Vibe"] = {
        {Time = 0.000, Data = {
            ["RightFoot"] = CFrame.new(5.2619725465774536e-08, 2.980232238769531e-07, 5.420588422566652e-09, 0.9132554531097412, 0.10718865692615509, -0.39303353428840637, -0.3181210160255432, 0.7903066277503967, -0.5236544609069824, 0.2544870674610138, 0.6032627820968628, 0.7558510303497314),
            ["LeftLowerArm"] = CFrame.new(0, 7.152557373046875e-07, 5.960464477539063e-08, 1, -9.313223614526578e-08, 1.527369164477932e-07, 5.960464477539063e-08, -0.661801815032959, -0.7496789693832397, 1.5832483768463135e-07, 0.749678909778595, -0.6618017554283142),
            ["RightUpperArm"] = CFrame.new(-1.1920928955078125e-07, 1.1920928955078125e-07, 2.9802322387695312e-08, 0.9332259893417358, -0.2937717139720917, 0.20685124397277832, 0.3554442822933197, 0.8388891816139221, -0.4122188985347748, -0.05242697894573212, 0.4582175612449646, 0.8872926235198975),
            ["Head"] = CFrame.new(-1.6763806343078613e-08, 0, -2.60770320892334e-08, 0.9866089224815369, 0.15611878037452698, 0.047220807522535324, -0.16285990178585052, 0.9587731957435608, 0.2328748106956482, -0.008917896077036858, -0.23744678497314453, 0.9713596105575562),
            ["RightHand"] = CFrame.new(-2.4586915969848633e-07, -2.384185791015625e-07, -1.4901161193847656e-07, 0.9610109329223633, -0.2177971601486206, -0.1703600436449051, 0.22536182403564453, 0.9739238023757935, 0.026164010167121887, 0.1602192521095276, -0.06353647261857986, 0.9850345253944397),
            ["UpperTorso"] = CFrame.new(2.2351741790771484e-08, 2.384185791015625e-07, -1.7695128917694092e-08, 0.9972851872444153, -0.020940734073519707, -0.07059615850448608, 0.014687202870845795, 0.9960153102874756, -0.08796487748622894, 0.0721568763256073, 0.08668918162584305, 0.993618905544281),
            ["HumanoidRootPart"] = CFrame.new(0, 0, 0, 1, 0, 0, 0, 1, 0, 0, 0, 1),
            ["RightUpperLeg"] = CFrame.new(-5.960464477539063e-08, -1.4831312000751495e-07, -9.145878721028566e-09, 0.9217538833618164, -0.09810978174209595, -0.37515929341316223, -0.07021366059780121, 0.9092461466789246, -0.41029447317123413, 0.3813658356666565, 0.4045317769050598, 0.8312123417854309),
            ["LeftUpperArm"] = CFrame.new(-1.1920928955078125e-07, 4.76837158203125e-07, 0, 0.7839585542678833, 0.30882710218429565, 0.5385489463806152, -0.24483707547187805, 0.9509793519973755, -0.1889263093471527, -0.5704944133758545, 0.016253607347607613, 0.821140706539154),
            ["RightLowerArm"] = CFrame.new(1.7881393432617188e-07, -4.172325134277344e-07, 2.444721758365631e-07, 1, -5.960463056453591e-08, 1.043080928297968e-07, 2.9802318834981634e-08, -0.44986072182655334, -0.8930987119674683, 1.3038514623531228e-07, 0.893098771572113, -0.4498607814311981),
            ["LeftHand"] = CFrame.new(-7.450580596923828e-08, -4.172325134277344e-07, 5.960464477539063e-08, 0.8850740790367126, 0.3362686038017273, 0.3218189477920532, -0.26454851031303406, 0.9323095679283142, -0.2466028481721878, -0.38295963406562805, 0.13312499225139618, 0.9141223430633545),
            ["LeftFoot"] = CFrame.new(-1.210719347000122e-08, 0, 4.470348358154297e-08, 0.9395101070404053, 0.024013018235564232, -0.3416789174079895, -0.120212621986866, 0.9572016000747681, -0.263276070356369, 0.3207330107688904, 0.2884244918823242, 0.9021869897842407),
            ["LowerTorso"] = CFrame.new(0.09293070435523987, -0.3531244993209839, -0.24297505617141724, 0.9716402888298035, -0.10928395390510559, -0.2096954733133316, 0.10228095203638077, 0.9937824606895447, -0.04398846998810768, 0.21319891512393951, 0.021293120458722115, 0.9767767786979675),
            ["RightLowerLeg"] = CFrame.new(1.3504177331924438e-08, -0.00012218952178955078, -0.00007738003478152677, 1, -1.6763801014008095e-08, -1.904554949305748e-07, 1.7322601308933372e-07, 0.31071364879608154, 0.950503408908844, 1.4202671039242887e-08, -0.9505035877227783, 0.31071409583091736),
            ["LeftUpperLeg"] = CFrame.new(5.960464477539063e-08, 1.9883736968040466e-07, 2.2351741790771484e-08, 0.9436547756195068, 0.3297177851200104, -0.0283159539103508, -0.24183234572410583, 0.6286495327949524, -0.7391325235366821, -0.22590437531471252, 0.7043337821960449, 0.6729645729064941),
            ["LeftLowerLeg"] = CFrame.new(3.166496753692627e-08, 0.0001226663589477539, 0.00007748976349830627, 1, 5.774198541530495e-08, 9.313223614526578e-08, -9.49948883999241e-08, -0.018672186881303787, 0.999825656414032, 9.685753354915505e-08, -0.9998257160186768, -0.018672261387109756),
        }},
        {Time = 0.033, Data = {
            ["RightFoot"] = CFrame.new(-2.2351741790771484e-08, 3.5762786865234375e-07, 7.992639439180493e-08, 0.9138934016227722, 0.10032305866479874, -0.39336252212524414, -0.30594661831855774, 0.8071024417877197, -0.5049574375152588, 0.26682519912719727, 0.5818254947662354, 0.7682994604110718),
            ["LeftLowerArm"] = CFrame.new(-2.384185791015625e-07, 7.152557373046875e-07, -1.7881393432617188e-07, 1, -5.2154071283894154e-08, 1.8626454334480513e-07, 5.215405707303944e-08, -0.6578909754753113, -0.7531131505966187, 1.5646217832454568e-07, 0.7531132698059082, -0.657891035079956),
            ["RightUpperArm"] = CFrame.new(2.384185791015625e-07, 1.1920928955078125e-07, -7.450580596923828e-08, 0.9391635656356812, -0.2846413254737854, 0.19222712516784668, 0.33983537554740906, 0.8512753844261169, -0.39980265498161316, -0.04983789473772049, 0.44080567359924316, 0.8962180018424988),
            ["Head"] = CFrame.new(2.0489096641540527e-08, 1.1920928955078125e-07, -4.0978193283081055e-08, 0.9849828481674194, 0.14457809925079346, 0.09437163174152374, -0.16416509449481964, 0.9535416960716248, 0.25260263681411743, -0.05346653610467911, -0.2643018364906311, 0.9629568457603455),
            ["RightHand"] = CFrame.new(9.685754776000977e-08, -7.748603820800781e-07, -1.7881393432617188e-07, 0.9579312205314636, -0.22007977962493896, -0.18420813977718353, 0.22861014306545258, 0.9731666445732117, 0.02615804225206375, 0.17350833117961884, -0.06716945767402649, 0.9825391173362732),
            ["UpperTorso"] = CFrame.new(0, 5.960464477539063e-08, -5.21540641784668e-08, 0.9978874921798706, -0.03588932007551193, -0.05415297672152519, 0.030408740043640137, 0.9946388006210327, -0.09883876144886017, 0.05740980803966522, 0.09698323905467987, 0.993628978729248),
            ["HumanoidRootPart"] = CFrame.new(0, 0, 0, 1, 0, 0, 0, 1, 0, 0, 0, 1),
            ["RightUpperLeg"] = CFrame.new(1.1920928955078125e-07, -9.883660823106766e-08, -5.757465260103345e-08, 0.9388282299041748, -0.11037202179431915, -0.32622021436691284, -0.04956762120127678, 0.8940824270248413, -0.4451514780521393, 0.34079983830451965, 0.4340907633304596, 0.8339188694953918),
            ["LeftUpperArm"] = CFrame.new(5.960464477539063e-08, -3.5762786865234375e-07, -1.1920928955078125e-07, 0.7736684679985046, 0.30637237429618835, 0.5545927882194519, -0.26021069288253784, 0.951734185218811, -0.16276487708091736, -0.5776915550231934, -0.018384922295808792, 0.8160480856895447),
            ["RightLowerArm"] = CFrame.new(1.1920928955078125e-07, -1.7881393432617188e-07, 2.9802322387695312e-08, 1, -8.940696716308594e-08, 1.1920931797249068e-07, 8.195639367158947e-08, -0.4719335436820984, -0.8816342353820801, 1.1734665861240501e-07, 0.8816341161727905, -0.4719335734844208),
            ["LeftHand"] = CFrame.new(2.9802322387695312e-08, -5.960464477539063e-08, -2.980232238769531e-07, 0.8747721314430237, 0.2948162853717804, 0.3845217823982239, -0.22040846943855286, 0.9488481879234314, -0.22606948018074036, -0.43150168657302856, 0.11300741136074066, 0.8950059413909912),
            ["LeftFoot"] = CFrame.new(2.9336661100387573e-08, -5.960464477539063e-08, -7.078051567077637e-08, 0.9635318517684937, -0.020633097738027573, -0.26679715514183044, -0.03960581123828888, 0.9750460982322693, -0.21844135224819183, 0.2646465003490448, 0.2210417538881302, 0.9386707544326782),
            ["LowerTorso"] = CFrame.new(0.07819938659667969, -0.32259809970855713, -0.23428189754486084, 0.9673279523849487, -0.07563456892967224, -0.24198360741138458, 0.06984379142522812, 0.9970305562019348, -0.032432474195957184, 0.24371805787086487, 0.014471790753304958, 0.9697381854057312),
            ["RightLowerLeg"] = CFrame.new(-5.587935447692871e-09, -0.0001220703125, -0.00007726082549197599, 1, -2.5262116309932026e-07, -1.1129309029911383e-07, 1.4249232549445878e-07, 0.3262057602405548, 0.9452987909317017, -5.192122287667189e-08, -0.9452987313270569, 0.3262060880661011),
            ["LeftUpperLeg"] = CFrame.new(-5.960464477539063e-08, -2.6170164346694946e-07, -4.470348358154297e-08, 0.9510242342948914, 0.3079308271408081, 0.027049094438552856, -0.1967257857322693, 0.6704195141792297, -0.7154276967048645, -0.23843640089035034, 0.6750677227973938, 0.6981630921363831),
            ["LeftLowerLeg"] = CFrame.new(-5.052424967288971e-08, 0.0001227855682373047, 0.00007759779691696167, 1, 1.5541451148237684e-07, 6.938352470342579e-08, -7.194466888904572e-08, 0.05695831775665283, 0.9983766078948975, 5.587935447692871e-08, -0.9983766674995422, 0.05695822089910507),
        }},
        {Time = 0.067, Data = {
            ["RightFoot"] = CFrame.new(-3.259629011154175e-09, 2.980232238769531e-07, 9.145878721028566e-09, 0.9121055603027344, 0.103117935359478, -0.3967750072479248, -0.29625430703163147, 0.8347851634025574, -0.46407613158226013, 0.2833673059940338, 0.5408331751823425, 0.7919614911079407),
            ["LeftLowerArm"] = CFrame.new(5.960464477539062e-07, 2.384185791015625e-07, -1.1920928955078125e-07, 1, -8.940696716308594e-08, 2.0116564769523393e-07, 6.705522537231445e-08, -0.6513380408287048, -0.7587876319885254, 1.4901161193847656e-07, 0.7587877511978149, -0.6513380408287048),
            ["RightUpperArm"] = CFrame.new(1.1920928955078125e-07, 4.76837158203125e-07, -5.960464477539063e-08, 0.9434245824813843, -0.2876260280609131, 0.16498883068561554, 0.3298208713531494, 0.8652770519256592, -0.37751007080078125, -0.034179408103227615, 0.4105689823627472, 0.9111887812614441),
            ["Head"] = CFrame.new(-5.587935447692871e-09, 7.152557373046875e-07, -2.9802322387695312e-08, 0.9825074672698975, 0.1168237030506134, 0.14502228796482086, -0.15531370043754578, 0.943720281124115, 0.29201000928878784, -0.10274679958820343, -0.309425950050354, 0.9453563690185547),
            ["RightHand"] = CFrame.new(2.2351741790771484e-08, -2.384185791015625e-07, 8.940696716308594e-08, 0.9572306871414185, -0.20834943652153015, -0.2007487416267395, 0.21680444478988647, 0.9759925603866577, 0.020843692123889923, 0.1915864497423172, -0.06347537040710449, 0.979421079158783),
            ["UpperTorso"] = CFrame.new(1.1175870895385742e-08, -5.960464477539063e-08, -1.30385160446167e-08, 0.998056173324585, -0.049849286675453186, -0.037403903901576996, 0.045289184898138046, 0.9924276471138, -0.11417696624994278, 0.04281231015920639, 0.11226102709770203, 0.9927561283111572),
            ["HumanoidRootPart"] = CFrame.new(0, 0, 0, 1, 0, 0, 0, 1, 0, 0, 0, 1),
            ["RightUpperLeg"] = CFrame.new(1.1920928955078125e-07, 1.155422069132328e-08, -3.5222910810261965e-08, 0.9543197751045227, -0.13019192218780518, -0.26893118023872375, -0.01465865969657898, 0.8785905838012695, -0.4773508608341217, 0.29842737317085266, 0.4594874978065491, 0.8365477919578552),
            ["LeftUpperArm"] = CFrame.new(2.384185791015625e-07, 7.152557373046875e-07, 5.960464477539063e-08, 0.7655373215675354, 0.2948720157146454, 0.5718420147895813, -0.26453521847724915, 0.9544477462768555, -0.13802470266819, -0.5864928364753723, -0.04560929909348488, 0.8086692690849304),
            ["RightLowerArm"] = CFrame.new(6.556510925292969e-07, -1.1920928955078125e-07, -2.2351741790771484e-08, 1, -1.0430814256778831e-07, 1.3411042232291948e-07, 8.195638656616211e-08, -0.4854657053947449, -0.8742557168006897, 1.1175870895385742e-07, 0.8742558360099792, -0.4854657053947449),
            ["LeftHand"] = CFrame.new(1.7881393432617188e-07, 4.172325134277344e-07, 0, 0.8536344170570374, 0.24791084229946136, 0.4580923914909363, -0.17318087816238403, 0.9645214676856995, -0.19926579296588898, -0.4912399649620056, 0.09076739102602005, 0.866282045841217),
            ["LeftFoot"] = CFrame.new(-8.847564458847046e-09, -5.960464477539063e-08, 5.960464477539063e-08, 0.9682400226593018, -0.0549250990152359, -0.2439151108264923, 0.0030628186650574207, 0.9781044721603394, -0.20809157192707062, 0.2500041723251343, 0.20073603093624115, 0.9472082853317261),
            ["LowerTorso"] = CFrame.new(0.051456499844789505, -0.2727013826370239, -0.22260801494121552, 0.9630222320556641, -0.031937047839164734, -0.26752230525016785, 0.029415421187877655, 0.9994770884513855, -0.01342931017279625, 0.26781129837036133, 0.005063442979007959, 0.9634580612182617),
            ["RightLowerLeg"] = CFrame.new(-2.9802322387695312e-08, -0.0001221299171447754, -0.00007738003478152677, 1, -1.0803339023368608e-07, -1.052394793532585e-07, 1.564621925354004e-07, 0.3678954839706421, 0.9298670291900635, -1.4202669262886047e-07, -0.9298672080039978, 0.36789581179618835),
            ["LeftUpperLeg"] = CFrame.new(-5.960464477539063e-08, 3.3422838896512985e-07, -8.009374141693115e-08, 0.950774610042572, 0.28692910075187683, 0.11704457551240921, -0.13903242349624634, 0.7325327396392822, -0.6663822531700134, -0.2769436836242676, 0.617306649684906, 0.7363663911819458),
            ["LeftLowerLeg"] = CFrame.new(-8.009374141693115e-08, 0.00012248754501342773, 0.00007745623588562012, 1, 1.1734663019069558e-07, 7.823107495141812e-08, -7.543710012214433e-08, 0.17555618286132812, 0.984469473361969, 6.332991375757047e-08, -0.984469473361969, 0.17555609345436096),
        }},
        {Time = 0.100, Data = {
            ["RightFoot"] = CFrame.new(-4.1443854570388794e-08, 5.364418029785156e-07, 4.639878170564771e-08, 0.8982796669006348, 0.11173759400844574, -0.4249807596206665, -0.3017539083957672, 0.8598975539207458, -0.4117283821105957, 0.31943437457084656, 0.49808740615844727, 0.8061458468437195),
            ["LeftLowerArm"] = CFrame.new(3.5762786865234375e-07, 5.960464477539063e-08, -2.682209014892578e-07, 1, -9.685758328714655e-08, 1.5646224937881925e-07, 8.940698847936801e-08, -0.6468533277511597, -0.7626144289970398, 1.5087429972027167e-07, 0.7626144886016846, -0.6468534469604492),
            ["RightUpperArm"] = CFrame.new(-5.960464477539063e-08, -1.1920928955078125e-07, 1.4901161193847656e-08, 0.9436767101287842, -0.3006349802017212, 0.13817743957042694, 0.33072227239608765, 0.8695082068443298, -0.3668493926525116, -0.009858713485300541, 0.39188551902770996, 0.9199612140655518),
            ["Head"] = CFrame.new(-3.725290298461914e-09, 2.384185791015625e-07, -3.725290298461914e-09, 0.978687584400177, 0.06767876446247101, 0.19388233125209808, -0.13107910752296448, 0.9326596260070801, 0.3361017107963562, -0.1580793559551239, -0.3543524444103241, 0.9216535687446594),
            ["RightHand"] = CFrame.new(4.76837158203125e-07, 2.384185791015625e-07, 1.6391277313232422e-07, 0.9637561440467834, -0.18855050206184387, -0.18874038755893707, 0.19569945335388184, 0.9804638028144836, 0.01981390453875065, 0.18131719529628754, -0.05603215843439102, 0.9818271994590759),
            ["UpperTorso"] = CFrame.new(6.51925802230835e-09, -5.662441253662109e-07, -4.190951585769653e-09, 0.9980518221855164, -0.05715574324131012, -0.025018498301506042, 0.0533246286213398, 0.989607572555542, -0.13354191184043884, 0.03239121288061142, 0.13194766640663147, 0.9907273650169373),
            ["HumanoidRootPart"] = CFrame.new(0, 0, 0, 1, 0, 0, 0, 1, 0, 0, 0, 1),
            ["RightUpperLeg"] = CFrame.new(0, -3.608874976634979e-07, -1.287116901949048e-08, 0.9711828231811523, -0.13388261198997498, -0.19717808067798615, 0.01720850169658661, 0.8645449280738831, -0.5022606253623962, 0.23771381378173828, 0.4843939542770386, 0.8419353365898132),
            ["LeftUpperArm"] = CFrame.new(0, -1.1920928955078125e-07, 2.9802322387695312e-08, 0.7554711699485779, 0.2808122932910919, 0.5919525027275085, -0.262776643037796, 0.9575074911117554, -0.11886035650968552, -0.6001763939857483, -0.0657556876540184, 0.7971602082252502),
            ["RightLowerArm"] = CFrame.new(1.1920928955078125e-07, -3.5762786865234375e-07, 0, 1, -1.1920928955078125e-07, 1.4901161193847656e-07, 8.195639367158947e-08, -0.4973248243331909, -0.8675644397735596, 1.1175872316471214e-07, 0.8675644993782043, -0.49732473492622375),
            ["LeftHand"] = CFrame.new(8.940696716308594e-08, -1.7881393432617188e-07, 2.384185791015625e-07, 0.8272981643676758, 0.20336110889911652, 0.5236622095108032, -0.12915217876434326, 0.9760594367980957, -0.1750081330537796, -0.5467151999473572, 0.07715176790952682, 0.8337566256523132),
            ["LeftFoot"] = CFrame.new(6.51925802230835e-08, -1.1920928955078125e-07, 6.705522537231445e-08, 0.9596291184425354, -0.07946012914180756, -0.2698115408420563, 0.013644067570567131, 0.9712871313095093, -0.23751865327358246, 0.2809375524520874, 0.2242487221956253, 0.933159589767456),
            ["LowerTorso"] = CFrame.new(0.021272145211696625, -0.22158467769622803, -0.20906490087509155, 0.959330141544342, 0.009206792339682579, -0.2821366488933563, -0.005739626474678516, 0.9998975992202759, 0.013112983666360378, 0.2822284698486328, -0.010960320942103863, 0.9592846035957336),
            ["RightLowerLeg"] = CFrame.new(-2.60770320892334e-08, -0.00012218952178955078, -0.00007758865103824064, 1, -1.3969835777061235e-07, -1.0337685552030962e-07, 1.2852252950779075e-07, 0.4230450689792633, 0.9061084985733032, -9.35979329597103e-08, -0.9061086177825928, 0.4230453073978424),
            ["LeftUpperLeg"] = CFrame.new(5.960464477539063e-08, -4.2421743273735046e-07, -4.284083843231201e-08, 0.9483641386032104, 0.2485543191432953, 0.19704395532608032, -0.08463294059038162, 0.7970026135444641, -0.5980163812637329, -0.30568429827690125, 0.5504613518714905, 0.7768848538398743),
            ["LeftLowerLeg"] = CFrame.new(1.043081283569336e-07, 0.0001226663589477539, 0.00007750466465950012, 1, 8.847565169389782e-08, 8.754432911928234e-08, -8.754434333013705e-08, 0.3055124580860138, 0.9521881341934204, 8.754434333013705e-08, -0.9521881341934204, 0.3055126368999481),
        }},
        {Time = 0.133, Data = {
            ["RightFoot"] = CFrame.new(-4.889443516731262e-08, 2.384185791015625e-07, -2.029992174357176e-09, 0.8872119784355164, 0.11489018052816391, -0.44682860374450684, -0.29962366819381714, 0.8799472451210022, -0.3686710000038147, 0.35082849860191345, 0.46096980571746826, 0.8151232004165649),
            ["LeftLowerArm"] = CFrame.new(5.960464477539063e-08, -1.1920928955078125e-07, 1.4901161193847656e-07, 1, -1.1175869474300271e-07, 2.0116563348437921e-07, 7.823110337312755e-08, -0.6488102078437805, -0.7609502673149109, 1.303851746570217e-07, 0.7609503269195557, -0.6488102078437805),
            ["RightUpperArm"] = CFrame.new(-1.1920928955078125e-07, 0, 2.9802322387695312e-08, 0.9383575320243835, -0.31986820697784424, 0.1310325711965561, 0.34564244747161865, 0.8638126850128174, -0.36655011773109436, 0.004060138016939163, 0.38924551010131836, 0.9211251735687256),
            ["Head"] = CFrame.new(-5.587935447692871e-09, -1.1920928955078125e-07, 9.313225746154785e-09, 0.9683441519737244, 0.004890501964837313, 0.24957111477851868, -0.0992661714553833, 0.9248966574668884, 0.3670320510864258, -0.2290324568748474, -0.38018736243247986, 0.8961036801338196),
            ["RightHand"] = CFrame.new(6.48200511932373e-07, 0, -1.1920928955078125e-07, 0.9755723476409912, -0.1342885047197342, -0.17385441064834595, 0.14188037812709808, 0.9893682599067688, 0.03194497898221016, 0.16771619021892548, -0.055831070989370346, 0.9842531681060791),
            ["UpperTorso"] = CFrame.new(1.5832483768463135e-08, 1.7881393432617188e-07, 2.9802322387695312e-08, 0.9984663128852844, -0.05303831398487091, -0.015879645943641663, 0.050062138587236404, 0.987394392490387, -0.15015387535095215, 0.02364337258040905, 0.14912860095500946, 0.9885351061820984),
            ["HumanoidRootPart"] = CFrame.new(0, 0, 0, 1, 0, 0, 0, 1, 0, 0, 0, 1),
            ["RightUpperLeg"] = CFrame.new(0, -8.207280188798904e-08, -1.6952981241047382e-09, 0.9830807447433472, -0.12115862965583801, -0.13737864792346954, 0.03301448002457619, 0.8549116253852844, -0.5177223086357117, 0.1801731139421463, 0.5044270753860474, 0.8444470167160034),
            ["LeftUpperArm"] = CFrame.new(0, -2.384185791015625e-07, 2.9802322387695312e-08, 0.7424554228782654, 0.2850874662399292, 0.6062055230140686, -0.27568531036376953, 0.9547750353813171, -0.11136544495820999, -0.6105387210845947, -0.08443806320428848, 0.7874723076820374),
            ["RightLowerArm"] = CFrame.new(-1.1920928955078125e-07, 5.960464477539063e-08, -1.7881393432617188e-07, 1, -7.450580596923828e-08, 7.450580596923828e-08, 9.685756907629184e-08, -0.5189031958580017, -0.8548330068588257, 1.1175873737556685e-07, 0.8548330664634705, -0.5189032554626465),
            ["LeftHand"] = CFrame.new(8.940696716308594e-08, 5.960464477539063e-08, 1.1920928955078125e-07, 0.7885580062866211, 0.1667143851518631, 0.5919312834739685, -0.09632524847984314, 0.9841556549072266, -0.14885984361171722, -0.6073695421218872, 0.06036665290594101, 0.792122483253479),
            ["LeftFoot"] = CFrame.new(5.587935447692871e-09, 1.1920928955078125e-07, 4.7031790018081665e-08, 0.9428653120994568, -0.10183428972959518, -0.3172304332256317, 0.003412381513044238, 0.9550463557243347, -0.29643744230270386, 0.33315685391426086, 0.27841782569885254, 0.9008272290229797),
            ["LowerTorso"] = CFrame.new(0.0025824233889579773, -0.18625175952911377, -0.19278483092784882, 0.9535055160522461, 0.03255223482847214, -0.2996123135089874, -0.023911811411380768, 0.9991869330406189, 0.03246103227138519, 0.30042538046836853, -0.023787502199411392, 0.953508734703064),
            ["RightLowerLeg"] = CFrame.new(-7.82310962677002e-08, -0.00012230873107910156, -0.00007743963942630216, 1, -2.393499300978874e-07, -1.3969840395589017e-08, 1.3224783401710738e-07, 0.46742358803749084, 0.8840332627296448, -1.0244550452398471e-07, -0.8840335607528687, 0.4674241840839386),
            ["LeftUpperLeg"] = CFrame.new(-5.960464477539063e-08, 4.284083843231201e-08, 5.21540641784668e-08, 0.9435532093048096, 0.21947139501571655, 0.2480718344449997, -0.061325252056121826, 0.8517698645591736, -0.5203147530555725, -0.3254943788051605, 0.4757315516471863, 0.81714928150177),
            ["LeftLowerLeg"] = CFrame.new(6.891787052154541e-08, 0.00012260675430297852, 0.00007736030966043472, 1, 8.754430069757291e-08, 4.097817907222634e-08, -8.661300654466686e-08, 0.4028245508670807, 0.9152773022651672, 3.166497108963995e-08, -0.9152771830558777, 0.40282461047172546),
        }},
        {Time = 0.167, Data = {
            ["RightFoot"] = CFrame.new(-2.8405338525772095e-08, 3.5762786865234375e-07, 2.4047039914876223e-08, 0.8756343722343445, 0.11813660711050034, -0.46830400824546814, -0.29619845747947693, 0.8972257971763611, -0.3274933099746704, 0.3814854323863983, 0.4254756569862366, 0.8206337094306946),
            ["LeftLowerArm"] = CFrame.new(0, 0, -1.7881393432617188e-07, 1, -6.705522537231445e-08, 1.8626448650138627e-07, 7.82310962677002e-08, -0.6539078950881958, -0.7565741539001465, 1.3783574104309082e-07, 0.7565742135047913, -0.6539079546928406),
            ["RightUpperArm"] = CFrame.new(-1.1920928955078125e-07, 2.384185791015625e-07, 0, 0.9384825825691223, -0.33503586053848267, 0.08367571979761124, 0.34097039699554443, 0.8606611490249634, -0.3781556487083435, 0.054679203778505325, 0.38342341780662537, 0.9219527244567871),
            ["Head"] = CFrame.new(2.1420419216156006e-08, 3.5762786865234375e-07, -2.2351741790771484e-08, 0.9511436223983765, -0.03590104356408119, 0.30665451288223267, -0.08772200345993042, 0.9208613634109497, 0.3798937201499939, -0.2960248291492462, -0.38823387026786804, 0.8727221488952637),
            ["RightHand"] = CFrame.new(2.1606683731079102e-07, -3.5762786865234375e-07, -1.6391277313232422e-07, 0.9761815667152405, -0.10607615113258362, -0.18925493955612183, 0.1145898625254631, 0.9928103685379028, 0.03459376469254494, 0.18422478437423706, -0.055456455796957016, 0.9813184142112732),
            ["UpperTorso"] = CFrame.new(6.984919309616089e-09, 5.960464477539063e-08, -1.1874362826347351e-08, 0.9987942576408386, -0.04809892177581787, -0.009833871386945248, 0.04598050191998482, 0.9866916537284851, -0.15596625208854675, 0.017204800620675087, 0.1553260236978531, 0.9877134561538696),
            ["HumanoidRootPart"] = CFrame.new(0, 0, 0, 1, 0, 0, 0, 1, 0, 0, 0, 1),
            ["RightUpperLeg"] = CFrame.new(-2.9802322387695312e-08, 1.7369166016578674e-07, -1.845910446718335e-08, 0.9911341071128845, -0.09969615936279297, -0.08782834559679031, 0.039548613131046295, 0.8524413108825684, -0.5213251113891602, 0.12684276700019836, 0.5132294297218323, 0.8488264679908752),
            ["LeftUpperArm"] = CFrame.new(1.1920928955078125e-07, 1.1920928955078125e-07, 5.960464477539063e-08, 0.7417078614234924, 0.2929416298866272, 0.6033694744110107, -0.2841116487979889, 0.9521083831787109, -0.11300595104694366, -0.6075773239135742, -0.08760690689086914, 0.7894144058227539),
            ["RightLowerArm"] = CFrame.new(0, 1.7881393432617188e-07, -2.9802322387695312e-08, 1, -8.195638656616211e-08, 1.3411046495548362e-07, 7.450580596923828e-08, -0.5328294634819031, -0.8462227582931519, 1.341104507446289e-07, 0.8462226986885071, -0.5328294038772583),
            ["LeftHand"] = CFrame.new(-2.384185791015625e-07, 1.1920928955078125e-07, 0, 0.7515369653701782, 0.1342780888080597, 0.6458805799484253, -0.07309650629758835, 0.9899864196777344, -0.12076344341039658, -0.6556288003921509, 0.043546680361032486, 0.7538265585899353),
            ["LeftFoot"] = CFrame.new(4.656612873077393e-10, 5.960464477539063e-08, 3.725290298461914e-09, 0.9472454786300659, -0.10947046428918839, -0.30123448371887207, -0.0009947903454303741, 0.9388540983200073, -0.3443133533000946, 0.32050734758377075, 0.3264491558074951, 0.8892166018486023),
            ["LowerTorso"] = CFrame.new(-0.012306660413742065, -0.15780866146087646, -0.17732328176498413, 0.9487343430519104, 0.04292011260986328, -0.31314703822135925, -0.029698802158236504, 0.9984593391418457, 0.046871647238731384, 0.31467631459236145, -0.03516864776611328, 0.9485473036766052),
            ["RightLowerLeg"] = CFrame.new(2.0489096641540527e-08, -0.00012248754501342773, -0.00007749924407107756, 1, -1.4528629321830522e-07, -1.1082740059009666e-07, 1.3038513202445756e-07, 0.5137237906455994, 0.8579553365707397, 4.656611762854368e-10, -0.8579556941986084, 0.5137245059013367),
            ["LeftUpperLeg"] = CFrame.new(0, -6.705522537231445e-08, -5.21540641784668e-08, 0.9420827627182007, 0.17642588913440704, 0.2852262556552887, -0.03719659894704819, 0.9001728296279907, -0.4339413642883301, -0.33331140875816345, 0.3981994390487671, 0.8545997738838196),
            ["LeftLowerLeg"] = CFrame.new(-8.381903171539307e-09, 0.0001227855682373047, 0.00007738638669252396, 1, 1.0523943672069436e-07, 1.4901162970204496e-08, -8.24220549588972e-08, 0.5046660304069519, 0.8633148074150085, 9.313226634333205e-09, -0.8633146286010742, 0.5046658515930176),
        }},
        {Time = 0.200, Data = {
            ["RightFoot"] = CFrame.new(-1.955777406692505e-08, 2.980232238769531e-07, 3.149762051180005e-08, 0.8667119741439819, 0.12065134942531586, -0.4839981198310852, -0.2912363111972809, 0.9101459383964539, -0.29464513063430786, 0.4049590528011322, 0.3963302671909332, 0.8239721655845642),
            ["LeftLowerArm"] = CFrame.new(-2.384185791015625e-07, -2.384185791015625e-07, 0, 1, -7.450581307466564e-08, 1.341104365337742e-07, 9.313225746154785e-08, -0.6615064144134521, -0.749939501285553, 1.5273690223693848e-07, 0.749939501285553, -0.6615064740180969),
            ["RightUpperArm"] = CFrame.new(0, 4.76837158203125e-07, 0, 0.9367197155952454, -0.34597665071487427, 0.053446490317583084, 0.3389045298099518, 0.8579177260398865, -0.38616183400154114, 0.08775029331445694, 0.37983861565589905, 0.9208813905715942),
            ["Head"] = CFrame.new(-9.313225746154785e-09, 0, 1.1175870895385742e-08, 0.9316155910491943, -0.06627879291772842, 0.3573508560657501, -0.08197984844446182, 0.919570803642273, 0.3842770755290985, -0.35407885909080505, -0.38729405403137207, 0.8512529134750366),
            ["RightHand"] = CFrame.new(2.7567148208618164e-07, 0, -9.685754776000977e-08, 0.9716684222221375, -0.08934900909662247, -0.2188091278076172, 0.09909587353467941, 0.9944981932640076, 0.03396056964993477, 0.21457092463970184, -0.05468152463436127, 0.9751765727996826),
            ["UpperTorso"] = CFrame.new(5.820766091346741e-09, 2.086162567138672e-07, -1.979060471057892e-09, 0.9991887807846069, -0.04022341966629028, -0.001991468481719494, 0.03939581289887428, 0.9864998459815979, -0.15895281732082367, 0.008358237333595753, 0.1587454229593277, 0.987284243106842),
            ["HumanoidRootPart"] = CFrame.new(0, 0, 0, 1, 0, 0, 0, 1, 0, 0, 0, 1),
            ["RightUpperLeg"] = CFrame.new(-8.940696716308594e-08, 5.420224624685943e-08, -1.8779246602207422e-08, 0.9958625435829163, -0.07710026949644089, -0.048098184168338776, 0.040489912033081055, 0.8503190875053406, -0.5247077941894531, 0.08135418593883514, 0.5205891132354736, 0.8499225974082947),
            ["LeftUpperArm"] = CFrame.new(-1.1920928955078125e-07, 7.152557373046875e-07, 0, 0.7431506514549255, 0.30216550827026367, 0.597011923789978, -0.2912192642688751, 0.9493522644042969, -0.11799044162034988, -0.6024271249771118, -0.08617668598890305, 0.7935081124305725),
            ["RightLowerArm"] = CFrame.new(-2.384185791015625e-07, -3.5762786865234375e-07, -1.4901161193847656e-08, 1, -6.332992086299782e-08, 1.7881389169360773e-07, 5.960463766996327e-08, -0.5461227297782898, -0.8377052545547485, 1.1920927533992653e-07, 0.8377052545547485, -0.5461226105690002),
            ["LeftHand"] = CFrame.new(0, 3.5762786865234375e-07, 0, 0.7153609991073608, 0.10669132322072983, 0.690561830997467, -0.05681162327528, 0.9938832521438599, -0.09470241516828537, -0.6964417695999146, 0.028514541685581207, 0.7170466184616089),
            ["LeftFoot"] = CFrame.new(-5.167385097593069e-08, -1.1920928955078125e-07, 3.91155481338501e-08, 0.9666785597801208, -0.0994301587343216, -0.23589518666267395, 0.0006814972148276865, 0.9224838614463806, -0.38603535294532776, 0.2559926211833954, 0.3730112314224243, 0.891812801361084),
            ["LowerTorso"] = CFrame.new(-0.022777169942855835, -0.13911187648773193, -0.16357986629009247, 0.9441120624542236, 0.046745315194129944, -0.3262934684753418, -0.02895250916481018, 0.9978275299072266, 0.05917787179350853, 0.32835090160369873, -0.046423524618148804, 0.9434143304824829),
            ["RightLowerLeg"] = CFrame.new(6.705522537231445e-08, -0.00012236833572387695, -0.00007715651736361906, 1, -1.6763808119435453e-08, -1.9185245037078857e-07, 7.916241884231567e-08, 0.5498032569885254, 0.835293710231781, -2.6170164346694946e-07, -0.835294246673584, 0.5498039722442627),
            ["LeftUpperLeg"] = CFrame.new(1.7881393432617188e-07, 4.470348358154297e-08, 3.725290298461914e-08, 0.941973865032196, 0.1270488202571869, 0.3107149600982666, -0.013284166343510151, 0.9389948844909668, -0.34367451071739197, -0.33542317152023315, 0.31960487365722656, 0.8861963748931885),
            ["LeftLowerLeg"] = CFrame.new(-1.6298145055770874e-09, 0.00012254714965820312, 0.00007742643356323242, 1, 7.35744833946228e-08, 2.1886078727106906e-08, -7.124616985265675e-08, 0.6029871702194214, 0.7977508902549744, 8.847563570668626e-09, -0.7977508902549744, 0.6029871106147766),
        }},
        {Time = 0.233, Data = {
            ["RightFoot"] = CFrame.new(3.4458935260772705e-08, 2.980232238769531e-07, -1.3205863069742918e-08, 0.8637181520462036, 0.12176889181137085, -0.48904359340667725, -0.28494417667388916, 0.9183750152587891, -0.27458035945892334, 0.4156897962093353, 0.37650996446609497, 0.827914297580719),
            ["LeftLowerArm"] = CFrame.new(-1.7881393432617188e-07, 1.7881393432617188e-07, -2.086162567138672e-07, 1, -2.6077019654735523e-08, 1.3411040811206476e-07, 7.450580596923828e-08, -0.6708092093467712, -0.7416300177574158, 1.5273690223693848e-07, 0.7416300177574158, -0.6708091497421265),
            ["RightUpperArm"] = CFrame.new(1.1920928955078125e-07, 2.384185791015625e-07, 2.9802322387695312e-08, 0.9347883462905884, -0.3515740633010864, 0.05066144838929176, 0.3426661193370819, 0.8550080060958862, -0.38928303122520447, 0.09354584664106369, 0.38125720620155334, 0.9197239279747009),
            ["Head"] = CFrame.new(8.381903171539307e-09, -2.384185791015625e-07, 1.1175870895385742e-08, 0.9116678833961487, -0.0871124118566513, 0.40158823132514954, -0.07985109090805054, 0.921088695526123, 0.38107672333717346, -0.40309494733810425, -0.3794827163219452, 0.8327710032463074),
            ["RightHand"] = CFrame.new(-5.885958671569824e-07, 1.7881393432617188e-07, -6.705522537231445e-08, 0.9628787040710449, -0.08151059597730637, -0.257333904504776, 0.09247757494449615, 0.9952387809753418, 0.03078553080558777, 0.25359928607940674, -0.0534403994679451, 0.9658321142196655),
            ["UpperTorso"] = CFrame.new(3.259629011154175e-08, -5.960464477539063e-08, -9.546056389808655e-09, 0.9995126128196716, -0.03052596189081669, 0.0065407659858465195, 0.031178444623947144, 0.9867194294929504, -0.1594136655330658, -0.0015876921825110912, 0.15953987836837769, 0.987190306186676),
            ["HumanoidRootPart"] = CFrame.new(0, 0, 0, 1, 0, 0, 0, 1, 0, 0, 0, 1),
            ["RightUpperLeg"] = CFrame.new(1.1920928955078125e-07, 1.9185245037078857e-07, -6.81757228448987e-09, 0.9982640147209167, -0.055432695895433426, -0.019904280081391335, 0.03624439239501953, 0.8445435166358948, -0.5342594981193542, 0.04642552509903908, 0.5326101183891296, 0.8450861573219299),
            ["LeftUpperArm"] = CFrame.new(0, -1.1920928955078125e-07, 0, 0.7452741861343384, 0.31316596269607544, 0.5886370539665222, -0.2979585826396942, 0.9462060332298279, -0.1261536329984665, -0.5964789390563965, -0.08137042820453644, 0.7984934449195862),
            ["RightLowerArm"] = CFrame.new(-1.4901161193847656e-07, -8.344650268554688e-07, -2.086162567138672e-07, 1, -1.229345230058243e-07, 8.940695295223122e-08, 2.980232594040899e-08, -0.5590892434120178, -0.8291074633598328, 1.1920930376163597e-07, 0.8291075229644775, -0.5590892434120178),
            ["LeftHand"] = CFrame.new(-5.960464477539063e-08, 3.5762786865234375e-07, 5.960464477539063e-08, 0.6842209100723267, 0.08508580923080444, 0.7242941856384277, -0.04652216657996178, 0.9962401390075684, -0.07308434695005417, -0.727789580821991, 0.01630992256104946, 0.6856067776679993),
            ["LeftFoot"] = CFrame.new(7.596099749207497e-09, 1.1920928955078125e-07, 4.0978193283081055e-08, 0.9812757968902588, -0.07791992276906967, -0.17614339292049408, -0.007405848242342472, 0.898575484752655, -0.43875715136528015, 0.192465677857399, 0.4318458139896393, 0.8811729550361633),
            ["LowerTorso"] = CFrame.new(-0.028623364865779877, -0.13302385807037354, -0.15226931869983673, 0.9382765889167786, 0.04556554555892944, -0.34287163615226746, -0.023257948458194733, 0.9973527193069458, 0.06889612972736359, 0.34510326385498047, -0.05666913092136383, 0.9368523955345154),
            ["RightLowerLeg"] = CFrame.new(1.30385160446167e-08, -0.00012236833572387695, -0.00007738003478152677, 1, -1.5459954738616943e-07, -1.955776696149769e-08, 1.2852250108608132e-07, 0.5674248933792114, 0.8234248161315918, -1.3923271069415932e-07, -0.8234252333641052, 0.5674253702163696),
            ["LeftUpperLeg"] = CFrame.new(-1.7881393432617188e-07, 3.166496753692627e-07, -4.0512531995773315e-08, 0.9358879327774048, 0.08519375324249268, 0.34184205532073975, 0.005514427088201046, 0.9666590690612793, -0.25600767135620117, -0.3522550165653229, 0.24147945642471313, 0.90421462059021),
            ["LeftLowerLeg"] = CFrame.new(1.6996636986732483e-08, 0.00012242794036865234, 0.0000774786458350718, 1, 5.541370029504833e-08, 4.0046845839469825e-08, -5.983746831361714e-08, 0.6942305564880371, 0.7197522521018982, 1.5017574739317752e-08, -0.7197527289390564, 0.6942310333251953),
        }},
        {Time = 0.267, Data = {
            ["RightFoot"] = CFrame.new(5.541369318962097e-08, 2.980232238769531e-07, -4.6733475755900145e-08, 0.8589032292366028, 0.12170247733592987, -0.4974677562713623, -0.2839469909667969, 0.9215511679649353, -0.2647969424724579, 0.4262152314186096, 0.368689626455307, 0.8260802030563354),
            ["LeftLowerArm"] = CFrame.new(-5.960464477539063e-08, 4.172325134277344e-07, -2.9802322387695312e-08, 1, -6.705523247774181e-08, 1.788139627478813e-07, 7.450580596923828e-08, -0.6810406446456909, -0.732245683670044, 1.4528632164001465e-07, 0.732245683670044, -0.6810406446456909),
            ["RightUpperArm"] = CFrame.new(0, -1.1920928955078125e-07, 5.960464477539063e-08, 0.9309696555137634, -0.35795390605926514, 0.07186456769704819, 0.35692888498306274, 0.850934624671936, -0.3853725790977478, 0.0767936035990715, 0.3844207525253296, 0.9199584722518921),
            ["Head"] = CFrame.new(7.450580596923828e-09, -3.5762786865234375e-07, 2.9802322387695312e-08, 0.8977306485176086, -0.09764474630355835, 0.42958739399909973, -0.07899635285139084, 0.9236425757408142, 0.37502560019493103, -0.4334043860435486, -0.37060776352882385, 0.8214685916900635),
            ["RightHand"] = CFrame.new(-1.4156103134155273e-07, 3.5762786865234375e-07, -1.564621925354004e-07, 0.9507207274436951, -0.07973875105381012, -0.2996194064617157, 0.0916099101305008, 0.9954617023468018, 0.025761283934116364, 0.29620543122291565, -0.05193992704153061, 0.9537110328674316),
            ["UpperTorso"] = CFrame.new(-1.0244548320770264e-08, -2.9802322387695312e-08, 6.05359673500061e-09, 0.9997507929801941, -0.021560190245509148, 0.0057932729832828045, 0.022199397906661034, 0.9875566363334656, -0.15568907558918, -0.0023645376786589622, 0.1557788848876953, 0.9877892136573792),
            ["HumanoidRootPart"] = CFrame.new(0, 0, 0, 1, 0, 0, 0, 1, 0, 0, 0, 1),
            ["RightUpperLeg"] = CFrame.new(5.960464477539063e-08, -1.9534491002559662e-07, 1.6931153368204832e-08, 0.9993472695350647, -0.035944439470767975, -0.0036173532716929913, 0.028259269893169403, 0.8401796221733093, -0.5415714979171753, 0.022505830973386765, 0.5411157608032227, 0.8406469821929932),
            ["LeftUpperArm"] = CFrame.new(0, -2.384185791015625e-07, -5.960464477539063e-08, 0.7534881830215454, 0.3246094882488251, 0.5717380046844482, -0.3045298755168915, 0.9430199861526489, -0.13407108187675476, -0.5826811194419861, -0.0730903223156929, 0.8094075322151184),
            ["RightLowerArm"] = CFrame.new(-2.086162567138672e-07, -3.5762786865234375e-07, 5.21540641784668e-07, 1, -8.940696716308594e-08, 1.7881393432617188e-07, 4.470348358154297e-08, -0.5720312595367432, -0.8202319145202637, 1.7881393432617188e-07, 0.8202318549156189, -0.5720312595367432),
            ["LeftHand"] = CFrame.new(-4.76837158203125e-07, 3.5762786865234375e-07, 5.960464477539063e-08, 0.6623711585998535, 0.0706665962934494, 0.7458354830741882, -0.041154008358716965, 0.9974703788757324, -0.05795998126268387, -0.7480446696281433, 0.00769694522023201, 0.6636039614677429),
            ["LeftFoot"] = CFrame.new(-1.8975697457790375e-08, 5.960464477539063e-08, -3.91155481338501e-08, 0.9852268695831299, -0.057503823190927505, -0.16131120920181274, -0.028299620375037193, 0.8743227124214172, -0.48451948165893555, 0.16889983415603638, 0.4819265305995941, 0.8597788214683533),
            ["LowerTorso"] = CFrame.new(-0.029707960784435272, -0.1352764368057251, -0.14074327051639557, 0.936526894569397, 0.039993949234485626, -0.34830713272094727, -0.01590358093380928, 0.9972957372665405, 0.07175180315971375, 0.35023486614227295, -0.061658166348934174, 0.9346303343772888),
