return {
    ["Altima Shuffle"] = {
        {Time = 0.000, Data = {
            ["RightFoot"] = CFrame.new(-2.1187588572502136e-08, 4.172325134277344e-07, -8.993083611130714e-09, 0.9913473129272461, 0.12631584703922272, -0.03570840135216713, -0.1283484548330307, 0.9897936582565308, -0.06192877143621445, 0.027521349489688873, 0.06597588211297989, 0.9974415898323059),
            ["LeftLowerArm"] = CFrame.new(0, -5.960464477539063e-08, -7.450580596923828e-08, 1, 8.19563368281706e-08, -7.450580596923828e-08, -1.0430811414607888e-07, 0.5693588256835938, -0.822089433670044, -7.450579886381092e-08, 0.8220890760421753, 0.5693584084510803),
            ["RightUpperArm"] = CFrame.new(5.960464477539063e-08, -3.5762786865234375e-07, -5.21540641784668e-08, 0.922910749912262, -0.26881229877471924, -0.2756369411945343, 0.19801858067512512, 0.9453758001327515, -0.25894665718078613, 0.3301887810230255, 0.18440355360507965, 0.9257272481918335),
            ["Head"] = CFrame.new(7.450580596923828e-09, -2.384185791015625e-07, -3.6961864680051804e-09, 0.9922444820404053, -0.07935573160648346, -0.09567520767450333, 0.09466926753520966, 0.9812405109405518, 0.16794316470623016, 0.08055318146944046, -0.17569808661937714, 0.9811429381370544),
            ["RightHand"] = CFrame.new(-1.341104507446289e-07, 5.960464477539063e-08, 2.1047890186309814e-07, 0.9945045113563538, -0.10098357498645782, -0.02762804739177227, 0.10418383032083511, 0.9806066751480103, 0.16600117087364197, 0.010328994132578373, -0.16796709597110748, 0.9857385158538818),
            ["UpperTorso"] = CFrame.new(-6.51925802230835e-09, 0, -1.4901161193847656e-08, 0.9921055436134338, 0.12316901236772537, -0.023579910397529602, -0.12017740309238434, 0.9875115752220154, 0.10187388211488724, 0.03583309054374695, -0.0982358455657959, 0.9945178627967834),
            ["HumanoidRootPart"] = CFrame.new(0, 0, 0, 1, 0, 0, 0, 1, 0, 0, 0, 1),
            ["RightUpperLeg"] = CFrame.new(-2.9802322387695312e-08, 7.203780114650726e-07, 5.762558430433273e-09, 0.9800940155982971, -0.050116416066884995, 0.19210463762283325, 0.11521188914775848, 0.9315929412841797, -0.34476205706596375, -0.16168509423732758, 0.36003175377845764, 0.9188225865364075),
            ["LeftUpperArm"] = CFrame.new(5.960464477539063e-08, -2.384185791015625e-07, 8.940696716308594e-08, 0.8260276317596436, 0.015464359894394875, 0.5634175539016724, -0.16170774400234222, 0.9641010165214539, 0.21061791479587555, -0.5399343371391296, -0.2650854289531708, 0.7988747358322144),
            ["RightLowerArm"] = CFrame.new(-5.960464477539063e-08, 5.364418029785156e-07, -8.940696716308594e-08, 1, -8.940695295223122e-08, 1.2665984172599565e-07, 4.842878098543224e-08, -0.21176165342330933, -0.9773213267326355, 6.891787762697277e-08, 0.9773213863372803, -0.2117616981267929),
            ["LeftHand"] = CFrame.new(8.195638656616211e-08, 3.5762786865234375e-07, 2.9802322387695312e-08, 0.9995631575584412, -0.027441764250397682, 0.010981868021190166, 0.027682889252901077, 0.9993647933006287, -0.02244524657726288, -0.010358872823417187, 0.022739779204130173, 0.9996877908706665),
            ["LeftFoot"] = CFrame.new(-6.51925802230835e-08, 5.960464477539063e-08, 1.1175870895385742e-08, 0.9865594506263733, -0.13495372235774994, 0.09213027358055115, 0.15261363983154297, 0.9624752402305603, -0.22438879311084747, -0.058390919119119644, 0.235433429479599, 0.970134973526001),
            ["LowerTorso"] = CFrame.new(-0.1980930119752884, -0.0983048677444458, -0.008885924704372883, 0.9150041937828064, -0.06124739348888397, -0.3987683057785034, 0.07879825681447983, 0.9965041875839233, 0.027754100039601326, 0.3956744074821472, -0.05681736022233963, 0.9166316390037537),
            ["RightLowerLeg"] = CFrame.new(-1.30385160446167e-08, -0.00001519918441772461, -0.0000351725029759109, 1, -1.8626458597736928e-08, -5.308540096393699e-08, 5.960465898624534e-08, 0.9416584372520447, 0.336570143699646, 3.3527619791584584e-08, -0.33657026290893555, 0.9416584372520447),
            ["LeftUpperLeg"] = CFrame.new(1.1920928955078125e-07, 4.246830940246582e-07, -3.725290298461914e-08, 0.992705762386322, 0.12056045979261398, 0.0007358196889981627, -0.09812148660421371, 0.8114580512046814, -0.5761150121688843, -0.07005394250154495, 0.5718401074409485, 0.8173683881759644),
            ["LeftLowerLeg"] = CFrame.new(-8.568167686462402e-08, 0.00001519918441772461, 0.00003509223461151123, 1, 9.126959099603482e-08, 6.239862671009178e-08, -9.872019290924072e-08, 0.34288638830184937, 0.9393767714500427, 5.029141902923584e-08, -0.939376950263977, 0.34288695454597473),
        }},
        {Time = 0.034, Data = {
            ["RightFoot"] = CFrame.new(-3.259629011154175e-09, 4.172325134277344e-07, 3.338209353387356e-08, 0.9916283488273621, 0.1288319230079651, -0.00870686024427414, -0.1271371692419052, 0.9623470902442932, -0.24025869369506836, -0.02257392182946205, 0.2393544614315033, 0.9706699252128601),
            ["LeftLowerArm"] = CFrame.new(-3.2782554626464844e-07, -1.1920928955078125e-07, -8.940696716308594e-08, 1, 1.4901158351676713e-07, -1.415610029198433e-07, -1.0430814256778831e-07, 0.3487793207168579, -0.9372049570083618, -8.195639367158947e-08, 0.937204897403717, 0.34877926111221313),
            ["RightUpperArm"] = CFrame.new(1.7881393432617188e-07, 4.76837158203125e-07, -3.725290298461914e-08, 0.9113907217979431, -0.2881507873535156, -0.29382991790771484, 0.16557000577449799, 0.9103736877441406, -0.37921860814094543, 0.37676721811294556, 0.29696643352508545, 0.8774151802062988),
            ["Head"] = CFrame.new(-7.450580596923828e-09, 2.384185791015625e-07, -5.558831617236137e-09, 0.992064356803894, -0.07591080665588379, -0.10022872686386108, 0.09186697751283646, 0.9818993210792542, 0.16563297808170319, 0.08584127575159073, -0.1735260933637619, 0.9810810685157776),
            ["RightHand"] = CFrame.new(-1.4156103134155273e-07, 5.960464477539063e-08, 3.3527612686157227e-07, 0.9967243671417236, -0.07324078679084778, -0.03429955244064331, 0.07953700423240662, 0.9645220637321472, 0.25173550844192505, 0.014645161107182503, -0.25363945960998535, 0.9671881198883057),
            ["UpperTorso"] = CFrame.new(4.6566128730773926e-09, 1.7881393432617188e-07, 1.1175870895385742e-08, 0.9959750175476074, 0.08538458496332169, -0.027263563126325607, -0.08265586942434311, 0.992588996887207, 0.08907940238714218, 0.03466751426458359, -0.08646738529205322, 0.9956513047218323),
            ["HumanoidRootPart"] = CFrame.new(0, 0, 0, 1, 0, 0, 0, 1, 0, 0, 0, 1),
            ["RightUpperLeg"] = CFrame.new(-2.9802322387695312e-08, 4.854518920183182e-07, 5.762558430433273e-09, 0.9761718511581421, -0.03672696650028229, 0.21386878192424774, 0.14837411046028137, 0.832152783870697, -0.5343285202980042, -0.1583472192287445, 0.5533291101455688, 0.8177733421325684),
            ["LeftUpperArm"] = CFrame.new(-1.1920928955078125e-07, 0, -8.940696716308594e-08, 0.7291558980941772, -0.003381127957254648, 0.684339165687561, -0.22219224274158478, 0.9446436166763306, 0.2414105236530304, -0.647273063659668, -0.3280807435512543, 0.6880413293838501),
            ["RightLowerArm"] = CFrame.new(5.960464477539063e-08, -2.980232238769531e-07, -7.450580596923828e-08, 1, -6.705522537231445e-08, 8.940699558479537e-08, 4.097820394122209e-08, -0.1936468780040741, -0.9810713529586792, 1.1920931797249068e-07, 0.9810713529586792, -0.19364698231220245),
            ["LeftHand"] = CFrame.new(2.5331974029541016e-07, 2.384185791015625e-07, 9.685754776000977e-08, 0.9986142516136169, -0.03481189161539078, 0.039468783885240555, 0.03669799864292145, 0.9981678128242493, -0.04810856655240059, -0.03772151470184326, 0.04949053004384041, 0.998062014579773),
            ["LeftFoot"] = CFrame.new(-1.7695128917694092e-08, 1.1920928955078125e-07, -4.470348358154297e-08, 0.9956223368644714, -0.07168664783239365, -0.059976726770401, 0.06612030416727066, 0.9937315583229065, -0.09014258533716202, 0.06606265157461166, 0.0857822597026825, 0.9941213726997375),
            ["LowerTorso"] = CFrame.new(-0.1825651228427887, -0.17510724067687988, -0.008041401393711567, 0.9181254506111145, -0.028092416003346443, -0.39529290795326233, 0.04753457382321358, 0.9980893135070801, 0.03947443515062332, 0.3934286832809448, -0.05503256246447563, 0.9177065491676331),
            ["RightLowerLeg"] = CFrame.new(6.332993507385254e-08, -0.000014662742614746094, -0.00003518740413710475, 1, -4.8428766774577525e-08, -1.1548401346317405e-07, 9.685756907629184e-08, 0.7455726861953735, 0.6664240956306458, -5.960465898624534e-08, -0.6664243340492249, 0.7455728650093079),
            ["LeftUpperLeg"] = CFrame.new(1.1920928955078125e-07, 2.2258609533309937e-07, -7.450580596923828e-09, 0.9683524370193481, 0.22463750839233398, 0.10877317935228348, -0.0588434562087059, 0.6290079951286316, -0.7751686573028564, -0.2425510734319687, 0.7442358136177063, 0.6223198771476746),
            ["LeftLowerLeg"] = CFrame.new(1.1175870895385742e-08, 0.0000152587890625, 0.000034961849451065063, 1, 7.823108916227284e-08, 6.519256601222878e-08, -9.313227167240257e-08, 0.1893691122531891, 0.981905996799469, 1.0617078771701927e-07, -0.981905996799469, 0.18936917185783386),
        }},
        {Time = 0.069, Data = {
            ["RightFoot"] = CFrame.new(2.8172507882118225e-08, 5.960464477539063e-08, 7.8580342233181e-10, 0.9921309351921082, 0.12442784756422043, 0.013925164937973022, -0.111264668405056, 0.9272012710571289, -0.357656329870224, -0.05741384997963905, 0.3532925844192505, 0.9337494969367981),
            ["LeftLowerArm"] = CFrame.new(5.960464477539063e-08, 0, -5.21540641784668e-08, 1, 1.5646212148112681e-07, -1.4901161193847656e-07, -1.4901159772762185e-07, 0.16034957766532898, -0.9870603084564209, -1.0803340444454079e-07, 0.9870603084564209, 0.16034971177577972),
            ["RightUpperArm"] = CFrame.new(1.1920928955078125e-07, 2.384185791015625e-07, 2.2351741790771484e-08, 0.8877371549606323, -0.367867112159729, -0.2767610251903534, 0.1465616524219513, 0.7957625985145569, -0.5876065492630005, 0.43639710545539856, 0.4810776710510254, 0.7603432536125183),
            ["Head"] = CFrame.new(0, 1.1920928955078125e-07, 2.3312168195843697e-08, 0.9910679459571838, -0.08095388114452362, -0.10597534477710724, 0.09694097936153412, 0.9830461144447327, 0.15563687682151794, 0.09157928079366684, -0.16451996564865112, 0.982113242149353),
            ["RightHand"] = CFrame.new(7.450580596923828e-08, 1.1920928955078125e-07, 2.7194619178771973e-07, 0.9953299760818481, -0.05212278291583061, -0.08125044405460358, 0.07465130090713501, 0.9492492079734802, 0.3055376410484314, 0.06120140105485916, -0.3101760447025299, 0.948707103729248),
            ["UpperTorso"] = CFrame.new(2.561137080192566e-09, 1.1920928955078125e-07, -1.862645149230957e-09, 0.9990176558494568, 0.031656939536333084, -0.031009137630462646, -0.029506657272577286, 0.9972825646400452, 0.06750426441431046, 0.033061880618333817, -0.06652294099330902, 0.9972370862960815),
            ["HumanoidRootPart"] = CFrame.new(0, 0, 0, 1, 0, 0, 0, 1, 0, 0, 0, 1),
            ["RightUpperLeg"] = CFrame.new(1.1920928955078125e-07, 1.7904676496982574e-07, 3.5564880818128586e-08, 0.9688428640365601, -0.0335814543068409, 0.24538931250572205, 0.19131936132907867, 0.7306743264198303, -0.6553716659545898, -0.15729141235351562, 0.6818997859954834, 0.7143332362174988),
            ["LeftUpperArm"] = CFrame.new(-5.960464477539063e-08, 5.960464477539062e-07, 1.1920928955078125e-07, 0.4621155560016632, 0.08850140124559402, 0.8823926448822021, -0.31687742471694946, 0.9457986354827881, 0.07109013944864273, -0.8282740712165833, -0.31246230006217957, 0.4651122987270355),
            ["RightLowerArm"] = CFrame.new(-1.7881393432617188e-07, 2.384185791015625e-07, 1.4901161193847656e-08, 1, -1.1920926112907182e-07, 7.450579175838357e-08, 1.043081283569336e-07, -0.03114653378725052, -0.9995148181915283, 1.1175870895385742e-07, 0.9995148181915283, -0.03114665299654007),
            ["LeftHand"] = CFrame.new(2.980232238769531e-07, 4.172325134277344e-07, -2.9802322387695312e-08, 0.9945118427276611, -0.05950067192316055, 0.08605878055095673, 0.06252771615982056, 0.9975003600120544, -0.03291615471243858, -0.0838850662112236, 0.038116537034511566, 0.9957461357116699),
            ["LeftFoot"] = CFrame.new(-5.587935447692871e-09, -1.1920928955078125e-07, -2.9802322387695312e-08, 0.9992472529411316, -0.03874865174293518, -0.0018815305083990097, 0.0384395532310009, 0.9954872131347656, -0.08676187694072723, 0.005234897136688232, 0.08662404119968414, 0.9962273836135864),
            ["LowerTorso"] = CFrame.new(-0.1546851396560669, -0.2519097328186035, -0.007534687872976065, 0.9191107153892517, 0.02286927029490471, -0.39333534240722656, 0.0013454253785312176, 0.9981260299682617, 0.061176836490631104, 0.3939973711967468, -0.05675748363137245, 0.9173574447631836),
            ["RightLowerLeg"] = CFrame.new(8.195638656616211e-08, -0.000014901161193847656, -0.00003513152478262782, 1, -1.6391277313232422e-07, -1.4901164746561335e-08, 1.341104507446289e-07, 0.5448465943336487, 0.8385355472564697, -8.195638656616211e-08, -0.838535726070404, 0.5448469519615173),
            ["LeftUpperLeg"] = CFrame.new(-2.9802322387695312e-08, -1.862645149230957e-08, 1.4901161193847656e-08, 0.9699081182479858, 0.19770030677318573, 0.14210166037082672, 0.04247796908020973, 0.43729087710380554, -0.8983163833618164, -0.2397371232509613, 0.8773204684257507, 0.4157339632511139),
            ["LeftLowerLeg"] = CFrame.new(1.1175870895385742e-08, 0.00001531839370727539, 0.000034864991903305054, 1, 7.264317503086204e-08, 8.475035429000854e-08, -1.1641533603778953e-07, -0.03945177420973778, 0.9992215633392334, 1.303851746570217e-07, -0.9992215037345886, -0.039451733231544495),
        }},
        {Time = 0.103, Data = {
            ["RightFoot"] = CFrame.new(-8.35862010717392e-08, 3.5762786865234375e-07, -9.458744898438454e-09, 0.99322509765625, 0.11254710704088211, 0.028931930661201477, -0.09553850442171097, 0.9325954914093018, -0.348049134016037, -0.06615365296602249, 0.3429271876811981, 0.9370298385620117),
            ["LeftLowerArm"] = CFrame.new(-2.980232238769531e-07, 1.7881393432617188e-07, -1.9371509552001953e-07, 1, 2.123414475363461e-07, -1.341104507446289e-07, -1.639127589214695e-07, 0.2753989100456238, -0.9613300561904907, -1.7881390590446244e-07, 0.9613300561904907, 0.275398850440979),
            ["RightUpperArm"] = CFrame.new(5.960464477539063e-08, 3.5762786865234375e-07, 1.564621925354004e-07, 0.8716188669204712, -0.405671626329422, -0.2751561999320984, 0.05241003632545471, 0.6352401971817017, -0.7705345153808594, 0.48737433552742004, 0.6571913957595825, 0.5749485492706299),
            ["Head"] = CFrame.new(1.7695128917694092e-08, 0, 9.176437743008137e-08, 0.9890412092208862, -0.09564848244190216, -0.11246740818023682, 0.11102254688739777, 0.9839776158332825, 0.1395064890384674, 0.09732185304164886, -0.1504639834165573, 0.9838135242462158),
            ["RightHand"] = CFrame.new(-7.450580596923828e-08, -1.7881393432617188e-07, -3.986060619354248e-07, 0.9979724287986755, -0.019361775368452072, -0.06063231825828552, 0.03231672942638397, 0.9748236536979675, 0.22062315046787262, 0.054834190756082535, -0.22213523089885712, 0.9734727740287781),
            ["UpperTorso"] = CFrame.new(-4.6566128730773926e-09, 1.1920928955078125e-07, 7.450580596923828e-09, 0.9985871911048889, -0.037014156579971313, -0.03812633827328682, 0.03856047987937927, 0.9984289407730103, 0.04065390303730965, 0.03656155243515968, -0.042066629976034164, 0.9984456896781921),
            ["HumanoidRootPart"] = CFrame.new(0, 0, 0, 1, 0, 0, 0, 1, 0, 0, 0, 1),
            ["RightUpperLeg"] = CFrame.new(0, 2.1187588572502136e-07, 5.762558430433273e-09, 0.9574254155158997, -0.07445007562637329, 0.27891528606414795, 0.2431957721710205, 0.7285791039466858, -0.6403346061706543, -0.1555389165878296, 0.6809035539627075, 0.7156661152839661),
            ["LeftUpperArm"] = CFrame.new(-5.960464477539063e-08, 1.1920928955078125e-07, 2.9802322387695312e-08, 0.1410854458808899, 0.3764541447162628, 0.9156293272972107, -0.288320392370224, 0.9004132151603699, -0.32577210664749146, -0.947083055973053, -0.21803268790245056, 0.23557476699352264),
            ["RightLowerArm"] = CFrame.new(0, 1.1920928955078125e-07, 7.450580596923828e-09, 1, -1.0058282384761696e-07, 5.215405707303944e-08, 1.4156104555240745e-07, 0.28755345940589905, -0.9577646255493164, 8.940698137394065e-08, 0.9577646255493164, 0.2875533401966095),
            ["LeftHand"] = CFrame.new(0, 2.384185791015625e-07, 1.4901161193847656e-07, 0.9934037923812866, -0.037338316440582275, 0.10841931402683258, 0.047221168875694275, 0.9948159456253052, -0.09006413072347641, -0.10449449717998505, 0.09458994120359421, 0.9900170564651489),
            ["LeftFoot"] = CFrame.new(-7.450580596923828e-09, 5.960464477539063e-08, 7.450580596923828e-09, 0.9845340251922607, -0.08596951514482498, 0.15265017747879028, 0.11190749704837799, 0.9789987206459045, -0.17040646076202393, -0.13479465246200562, 0.18485361337661743, 0.9734781384468079),
            ["LowerTorso"] = CFrame.new(-0.13593678176403046, -0.20990538597106934, -0.007631636690348387, 0.917402446269989, 0.09018395096063614, -0.38760754466056824, -0.06046799570322037, 0.9942643046379089, 0.08821602910757065, 0.39333999156951904, -0.057491742074489594, 0.9175938963890076),
            ["RightLowerLeg"] = CFrame.new(7.450580596923828e-09, -0.000014841556549072266, -0.00003516505239531398, 1, -9.685754776000977e-08, -8.568171949718817e-08, 1.043081283569336e-07, 0.5776879787445068, 0.8162574172019958, -1.341104507446289e-07, -0.816257655620575, 0.577688455581665),
            ["LeftUpperLeg"] = CFrame.new(-2.9802322387695312e-08, 2.561137080192566e-07, 1.4901161193847656e-08, 0.9832267165184021, 0.08552353829145432, 0.16109278798103333, 0.12457382678985596, 0.3302203416824341, -0.9356474280357361, -0.133215993642807, 0.9400214552879333, 0.31402748823165894),
            ["LeftLowerLeg"] = CFrame.new(-1.4901161193847656e-08, 0.000015139579772949219, 0.000035181641578674316, 1, 1.1548401346317405e-07, 1.080334541825323e-07, -9.313227877782992e-08, -0.22189052402973175, 0.9750716686248779, 1.0058285937475375e-07, -0.9750716686248779, -0.2218906581401825),
        }},
        {Time = 0.138, Data = {
            ["RightFoot"] = CFrame.new(-2.7706846594810486e-08, 1.7881393432617188e-07, -7.596099749207497e-09, 0.9944759011268616, 0.09842641651630402, 0.03646943345665932, -0.08498837053775787, 0.9589470028877258, -0.27055007219314575, -0.0616016611456871, 0.26595649123191833, 0.96201491355896),
            ["LeftLowerArm"] = CFrame.new(-5.960464477539063e-08, 0, 5.364418029785156e-07, 1, 1.2665981330428622e-07, 0, -1.2665985593685036e-07, 0.5242015719413757, -0.8515942096710205, -1.0430811414607888e-07, 0.8515942692756653, 0.5242016911506653),
            ["RightUpperArm"] = CFrame.new(5.960464477539063e-08, 2.384185791015625e-07, -5.960464477539063e-08, 0.8547293543815613, -0.4566572606563568, -0.24678367376327515, -0.027332289144396782, 0.4351760447025299, -0.8999304175376892, 0.5183539390563965, 0.7759419679641724, 0.3594762980937958),
            ["Head"] = CFrame.new(1.4901161193847656e-08, 3.5762786865234375e-07, 3.7282006815075874e-08, 0.9854775071144104, -0.12110143899917603, -0.11903166025876999, 0.13522210717201233, 0.9836745262145996, 0.11874135583639145, 0.10270868241786957, -0.1331125944852829, 0.9857646822929382),
            ["RightHand"] = CFrame.new(6.705522537231445e-08, 0, 3.762543201446533e-07, 0.9992268681526184, 0.0023264205083251, -0.03924838453531265, 0.0000389586239180062, 0.9981890916824341, 0.06015519052743912, 0.03931718319654465, -0.06011024862527847, 0.9974172115325928),
            ["UpperTorso"] = CFrame.new(-4.190951585769653e-08, -2.9802322387695312e-08, -1.6763806343078613e-08, 0.9941345453262329, -0.09831616282463074, -0.04506031051278114, 0.09917835891246796, 0.9949191808700562, 0.017310872673988342, 0.04312943294644356, -0.02167835831642151, 0.9988342523574829),
            ["HumanoidRootPart"] = CFrame.new(0, 0, 0, 1, 0, 0, 0, 1, 0, 0, 0, 1),
            ["RightUpperLeg"] = CFrame.new(0, 2.407468855381012e-07, 3.5564880818128586e-08, 0.9454659223556519, -0.13777263462543488, 0.2951492369174957, 0.28713226318359375, 0.7803505659103394, -0.5555251836776733, -0.15378355979919434, 0.6099767684936523, 0.7773537039756775),
            ["LeftUpperArm"] = CFrame.new(0, 2.384185791015625e-07, 2.9802322387695312e-08, -0.07514950633049011, 0.6828353404998779, 0.7266969680786133, -0.16404661536216736, 0.7103626728057861, -0.6844514012336731, -0.9835860133171082, -0.17064838111400604, 0.058633409440517426),
            ["RightLowerArm"] = CFrame.new(5.960464477539063e-08, 3.5762786865234375e-07, 4.284083843231201e-08, 1, -6.612390279769897e-08, 9.313223969797946e-09, 2.421439049271612e-08, 0.635303258895874, -0.7722626328468323, 3.725290653733282e-08, 0.7722628116607666, 0.6353034973144531),
            ["LeftHand"] = CFrame.new(1.4901161193847656e-07, 2.980232238769531e-07, 5.21540641784668e-08, 0.997260332107544, -0.005126211326569319, 0.07379387319087982, 0.018075881525874138, 0.9842406511306763, -0.1759079545736313, -0.07172920554876328, 0.17675992846488953, 0.9816368818283081),
            ["LeftFoot"] = CFrame.new(2.9802322387695312e-08, -1.7881393432617188e-07, -5.21540641784668e-08, 0.9454352855682373, -0.13490837812423706, 0.29656678438186646, 0.2187088429927826, 0.9374690651893616, -0.27077367901802063, -0.24149253964424133, 0.3208606243133545, 0.9158219695091248),
            ["LowerTorso"] = CFrame.new(-0.1215168684720993, -0.11439943313598633, -0.008310277946293354, 0.912626326084137, 0.15077272057533264, -0.37997469305992126, -0.11668284237384796, 0.9869072437286377, 0.11135176569223404, 0.3917885720729828, -0.05728602036833763, 0.9182701110839844),
            ["RightLowerLeg"] = CFrame.new(1.862645149230957e-08, -0.000014901161193847656, -0.00003510917304083705, 1, -1.0058283805847168e-07, -1.0803344707710494e-07, 8.940698137394065e-08, 0.7274061441421509, 0.6862066984176636, -5.2154071283894154e-08, -0.6862071752548218, 0.7274066805839539),
            ["LeftUpperLeg"] = CFrame.new(2.9802322387695312e-08, -6.51925802230835e-09, -7.450580596923828e-08, 0.9792435169219971, -0.011750100180506706, 0.2023468017578125, 0.1978524625301361, 0.272169291973114, -0.941689133644104, -0.04400750249624252, 0.9621776938438416, 0.2688448131084442),
            ["LeftLowerLeg"] = CFrame.new(-1.4901161193847656e-08, 0.000015139579772949219, 0.00003524217754602432, 1, 1.1920930376163597e-07, 1.0430814256778831e-07, -1.2293459406009788e-07, -0.37230968475341797, 0.9281086325645447, 1.6018749704471702e-07, -0.9281086325645447, -0.37230974435806274),
        }},
        {Time = 0.172, Data = {
            ["RightFoot"] = CFrame.new(2.9569491744041443e-08, 1.1920928955078125e-07, -2.0081643015146255e-09, 0.9962281584739685, 0.07929631322622299, 0.03523840382695198, -0.07478632777929306, 0.990572452545166, -0.11477506160736084, -0.0440073236823082, 0.11170694231987, 0.9927663803100586),
            ["LeftLowerArm"] = CFrame.new(2.9802322387695312e-08, 0, -2.0116567611694336e-07, 1, 1.192092469182171e-07, -2.9802315282267955e-08, -8.195638656616211e-08, 0.7003526091575623, -0.7137971520423889, -6.705522537231445e-08, 0.7137970924377441, 0.7003524303436279),
            ["RightUpperArm"] = CFrame.new(0, 0, 9.685754776000977e-08, 0.842173159122467, -0.5084155201911926, -0.1796049028635025, -0.04672597721219063, 0.2630252540111542, -0.9636568427085876, 0.5371788144111633, 0.8199582099914551, 0.19775673747062683),
            ["Head"] = CFrame.new(-3.725290298461914e-09, 0, -3.349850885570049e-08, 0.9794710874557495, -0.15832602977752686, -0.12477702647447586, 0.17061857879161835, 0.9807606935501099, 0.09485787153244019, 0.1073579490184784, -0.11419974267482758, 0.9876400232315063),
            ["RightHand"] = CFrame.new(-2.2351741790771484e-08, -1.1920928955078125e-07, 2.7939677238464355e-07, 0.9988425374031067, 0.01344924233853817, -0.04618192836642265, -0.016941167414188385, 0.9969583749771118, -0.07607216387987137, 0.045018307864665985, 0.07676641643047333, 0.9960322976112366),
            ["UpperTorso"] = CFrame.new(4.377216100692749e-08, -1.1920928955078125e-07, 1.862645149230957e-09, 0.9909937977790833, -0.12492187321186066, -0.04822874441742897, 0.12546126544475555, 0.9920637011528015, 0.008311890065670013, 0.04680769145488739, -0.01428786851465702, 0.9988017678260803),
            ["HumanoidRootPart"] = CFrame.new(0, 0, 0, 1, 0, 0, 0, 1, 0, 0, 0, 1),
            ["RightUpperLeg"] = CFrame.new(5.960464477539063e-08, -3.725290298461914e-09, -2.403976395726204e-08, 0.9424628019332886, -0.19779767096042633, 0.26951831579208374, 0.29436007142066956, 0.8731539249420166, -0.3885287344455719, -0.15848088264465332, 0.4455091655254364, 0.8811386823654175),
            ["LeftUpperArm"] = CFrame.new(5.960464477539063e-08, -5.960464477539062e-07, 0, -0.1602497398853302, 0.8464173078536987, 0.5078366994857788, -0.0676320269703865, 0.5038610696792603, -0.8611328601837158, -0.9847568869590759, -0.17234252393245697, -0.02349894866347313),
            ["RightLowerArm"] = CFrame.new(-2.9802322387695312e-08, -5.960464477539063e-08, -1.1082738637924194e-07, 1, -5.3783878684043884e-08, 3.5390254282674505e-08, 7.217750663812694e-08, 0.8453623056411743, -0.5341935753822327, -1.6763808119435453e-08, 0.5341935157775879, 0.84536212682724),
            ["LeftHand"] = CFrame.new(-5.960464477539063e-08, 0, -5.252659320831299e-07, 0.9993888735771179, -0.018790896981954575, 0.029478780925273895, 0.024441037327051163, 0.9784802198410034, -0.2048879712820053, -0.02499440684914589, 0.20548364520072937, 0.9783415198326111),
            ["LeftFoot"] = CFrame.new(1.4901161193847656e-08, 0, 1.1175870895385742e-07, 0.9682265520095825, -0.0993206724524498, 0.22950583696365356, 0.17907559871673584, 0.91596519947052, -0.35908159613609314, -0.17455501854419708, 0.38877129554748535, 0.904647707939148),
            ["LowerTorso"] = CFrame.new(-0.10005044937133789, -0.01115274429321289, -0.010152305476367474, 0.909547746181488, 0.17696498334407806, -0.3760403096675873, -0.14111781120300293, 0.9825623631477356, 0.12106610834598541, 0.39090749621391296, -0.05704942345619202, 0.9186602830886841),
            ["RightLowerLeg"] = CFrame.new(-9.313225746154785e-09, -0.000014722347259521484, -0.00003515387652441859, 1, -4.0978193283081055e-08, -8.381903171539307e-08, 8.195639367158947e-08, 0.9235942959785461, 0.3833710849285126, -4.4703490686970326e-08, -0.3833712935447693, 0.9235944747924805),
            ["LeftUpperLeg"] = CFrame.new(2.9802322387695312e-08, 1.7974525690078735e-07, 1.4901161193847656e-08, 0.945457935333252, 0.12634244561195374, 0.3002447783946991, 0.25344544649124146, 0.29371169209480286, -0.921682596206665, -0.2046329379081726, 0.9475078582763672, 0.2456711232662201),
            ["LeftLowerLeg"] = CFrame.new(1.4901161193847656e-08, 0.00001531839370727539, 0.00003506569191813469, 1, 7.450581307466564e-08, 1.043081283569336e-07, -7.823110337312755e-08, -0.4618113934993744, 0.8869782090187073, 1.2293459406009788e-07, -0.886978268623352, -0.46181127429008484),
        }},
        {Time = 0.207, Data = {
            ["RightFoot"] = CFrame.new(-5.587935447692871e-09, 4.172325134277344e-07, 8.236384019255638e-09, 0.9974994659423828, 0.06192642077803612, 0.03405831754207611, -0.06388160586357117, 0.9961712956428528, 0.059682101011276245, -0.03023206815123558, -0.061708543449640274, 0.9976363182067871),
            ["LeftLowerArm"] = CFrame.new(-2.9802322387695312e-08, 4.172325134277344e-07, 7.450580596923828e-09, 1, 1.5646214990283625e-07, -3.725289943190546e-08, -1.1920927533992653e-07, 0.7807976603507996, -0.6247841119766235, -4.470347647611561e-08, 0.6247841119766235, 0.7807976007461548),
            ["RightUpperArm"] = CFrame.new(5.960464477539063e-08, 0, -3.725290298461914e-08, 0.8332469463348389, -0.5478571653366089, -0.07451189309358597, 0.07531522959470749, 0.24597714841365814, -0.9663450717926025, 0.5477474331855774, 0.7995923161506653, 0.24622195959091187),
            ["Head"] = CFrame.new(-3.725290298461914e-09, -1.1920928955078125e-07, -3.349850885570049e-08, 0.9704040884971619, -0.2041088193655014, -0.12905625998973846, 0.21422098577022552, 0.9742806553840637, 0.06990498304367065, 0.11146879196166992, -0.09548261761665344, 0.989170253276825),
            ["RightHand"] = CFrame.new(2.9802322387695312e-08, -5.960464477539063e-08, 1.9604340195655823e-07, 0.9966480135917664, -0.018518386408686638, -0.07968547940254211, 0.010229509323835373, 0.9946086406707764, -0.10319419205188751, 0.08116680383682251, 0.10203307867050171, 0.9914642572402954),
            ["UpperTorso"] = CFrame.new(-1.3969838619232178e-09, 1.1920928955078125e-07, -2.9336661100387573e-08, 0.9910903573036194, -0.12406329810619354, -0.04845871776342392, 0.12469778954982758, 0.9921414852142334, 0.010286123491823673, 0.04680182784795761, -0.016237175092101097, 0.9987723231315613),
            ["HumanoidRootPart"] = CFrame.new(0, 0, 0, 1, 0, 0, 0, 1, 0, 0, 0, 1),
            ["RightUpperLeg"] = CFrame.new(5.960464477539063e-08, 1.94646418094635e-07, -2.403976395726204e-08, 0.9467670917510986, -0.2337738424539566, 0.2213185727596283, 0.2776833474636078, 0.9408655166625977, -0.19407223165035248, -0.16286195814609528, 0.2451976239681244, 0.9556955695152283),
            ["LeftUpperArm"] = CFrame.new(-1.1920928955078125e-07, 0, -2.9802322387695312e-08, -0.1834186613559723, 0.9029074311256409, 0.3887360095977783, -0.05964640527963638, 0.3844943344593048, -0.9211985468864441, -0.9812237620353699, -0.19215214252471924, -0.016668139025568962),
            ["RightLowerArm"] = CFrame.new(2.9802322387695312e-08, -5.960464477539063e-08, 3.5390257835388184e-07, 1, 4.097818262494002e-08, 2.048908953611317e-08, 2.607702498380604e-08, 0.8516610264778137, -0.5240930318832397, 1.4901157641133977e-08, 0.5240930318832397, 0.8516610860824585),
            ["LeftHand"] = CFrame.new(-5.960464477539063e-08, 5.960464477539063e-08, -3.725290298461914e-09, 0.9984960556030273, -0.04256107285618782, 0.03455810248851776, 0.04840344935655594, 0.9803681373596191, -0.1911422163248062, -0.025744125247001648, 0.19252778589725494, 0.9809539318084717),
            ["LeftFoot"] = CFrame.new(7.450580596923828e-09, -1.1920928955078125e-07, -7.264316082000732e-08, 0.9983232617378235, 0.012595972046256065, -0.056498605757951736, -0.032243501394987106, 0.9316026568412781, -0.36204493045806885, 0.048074014484882355, 0.363259881734848, 0.930446982383728),
            ["LowerTorso"] = CFrame.new(-0.06428166478872299, 0.06252288818359375, -0.013700464740395546, 0.9096086621284485, 0.17663618922233582, -0.3760477602481842, -0.1408257633447647, 0.9826226830482483, 0.12091660499572754, 0.3908713459968567, -0.057029567658901215, 0.9186769127845764),
            ["RightLowerLeg"] = CFrame.new(-1.043081283569336e-07, -0.000014960765838623047, -0.000035083096008747816, 1, -1.30385160446167e-08, -3.725290742551124e-09, -2.7939680791178034e-08, 0.9999868869781494, 0.005119774956256151, -1.6763808119435453e-08, -0.005119854584336281, 0.9999869465827942),
            ["LeftUpperLeg"] = CFrame.new(0, 3.0081719160079956e-07, 0, 0.7825907468795776, 0.4665161669254303, 0.4122069478034973, 0.245374396443367, 0.3773832321166992, -0.8929575681686401, -0.5721390843391418, 0.7999654412269592, 0.18086564540863037),
            ["LeftLowerLeg"] = CFrame.new(1.4901161193847656e-08, 0.000015497207641601562, 0.00003504753112792969, 1, 1.1920928955078125e-07, 1.7136333951839333e-07, -6.332992796842518e-08, -0.49138006567955017, 0.8709453344345093, 1.7508862981685525e-07, -0.8709452748298645, -0.491379976272583),
        }},
        {Time = 0.241, Data = {
            ["RightFoot"] = CFrame.new(-8.987262845039368e-08, 5.960464477539063e-08, 1.382431946694851e-08, 0.9979632496833801, 0.05073143541812897, 0.038674723356962204, -0.05283424258232117, 0.997063159942627, 0.055441658943891525, -0.03574858978390694, -0.05737188830971718, 0.9977126717567444),
            ["LeftLowerArm"] = CFrame.new(2.086162567138672e-07, -5.960464477539063e-08, 4.470348358154297e-07, 1, 5.960463056453591e-08, -5.215405707303944e-08, 0, 0.8102530837059021, -0.5860801339149475, -4.0978193283081055e-08, 0.5860801935195923, 0.8102530241012573),
            ["RightUpperArm"] = CFrame.new(1.7881393432617188e-07, 2.384185791015625e-07, -6.705522537231445e-08, 0.7878469228744507, -0.6127200126647949, 0.062222082167863846, 0.3067617118358612, 0.30280762910842896, -0.9023329615592957, 0.5340360999107361, 0.7299875020980835, 0.4265249967575073),
            ["Head"] = CFrame.new(2.9802322387695312e-08, 1.1920928955078125e-07, 1.493026502430439e-08, 0.9604896306991577, -0.2438700795173645, -0.1341162919998169, 0.2522333860397339, 0.9664193987846375, 0.049112286418676376, 0.11763551831245422, -0.08100035041570663, 0.9897478818893433),
            ["RightHand"] = CFrame.new(-1.4901161193847656e-07, 2.384185791015625e-07, 2.9802322387695312e-08, 0.9851057529449463, -0.10232783854007721, -0.13818712532520294, 0.08836635947227478, 0.9906800985336304, -0.10365564376115799, 0.14750607311725616, 0.08990085124969482, 0.9849668741226196),
            ["UpperTorso"] = CFrame.new(6.239861249923706e-08, -1.1920928955078125e-07, -3.5390257835388184e-08, 0.9915781021118164, -0.12009156495332718, -0.048487722873687744, 0.12085117399692535, 0.9925850033760071, 0.013039946556091309, 0.04656221717596054, -0.018789932131767273, 0.998738706111908),
            ["HumanoidRootPart"] = CFrame.new(0, 0, 0, 1, 0, 0, 0, 1, 0, 0, 0, 1),
            ["RightUpperLeg"] = CFrame.new(-2.9802322387695312e-08, -1.9231811165809631e-07, 3.5564880818128586e-08, 0.9509507417678833, -0.2225331962108612, 0.214876189827919, 0.2643111050128937, 0.9454100728034973, -0.19062945246696472, -0.16072461009025574, 0.2380732148885727, 0.957856297492981),
            ["LeftUpperArm"] = CFrame.new(-1.1920928955078125e-07, 2.384185791015625e-07, -2.9802322387695312e-08, -0.18864032626152039, 0.9167468547821045, 0.35212233662605286, -0.09612350910902023, 0.3396012783050537, -0.9356447458267212, -0.9773306250572205, -0.21034759283065796, 0.02405858412384987),
            ["RightLowerArm"] = CFrame.new(1.1920928955078125e-07, -5.960464477539063e-08, -2.0116567611694336e-07, 1, -9.685753354915505e-08, 1.4901164746561335e-08, 8.940696716308594e-08, 0.775170624256134, -0.631752073764801, 2.9802322387695312e-08, 0.6317520141601562, 0.7751705646514893),
            ["LeftHand"] = CFrame.new(-5.960464477539063e-08, 4.172325134277344e-07, -2.5331974029541016e-07, 0.9969999194145203, -0.03077113628387451, 0.0710241049528122, 0.043877504765987396, 0.9805911183357239, -0.19109122455120087, -0.06376518309116364, 0.1936345398426056, 0.9789993762969971),
            ["LeftFoot"] = CFrame.new(3.306195139884949e-08, 1.1920928955078125e-07, 0, 0.9821434617042542, 0.018700657412409782, -0.18720220029354095, -0.07437966763973236, 0.9525761604309082, -0.29507002234458923, 0.17280621826648712, 0.30372539162635803, 0.9369573593139648),
            ["LowerTorso"] = CFrame.new(-0.02343098074197769, 0.10311102867126465, -0.017547637224197388, 0.9099458456039429, 0.1744229793548584, -0.3762647807598114, -0.138835608959198, 0.9830254316329956, 0.1199403628706932, 0.3907982110977173, -0.05690028518438339, 0.9187160134315491),
            ["RightLowerLeg"] = CFrame.new(-2.1420419216156006e-08, -0.0000152587890625, -0.00003511662362143397, 1, 1.862645371275562e-09, -2.7939680791178034e-08, -5.587934559514451e-09, 0.9999868869781494, 0.005138457287102938, 1.8626449271863521e-09, -0.005138628650456667, 0.9999868869781494),
            ["LeftUpperLeg"] = CFrame.new(8.940696716308594e-08, -5.029141902923584e-07, -4.470348358154297e-08, 0.6656568050384521, 0.6194117069244385, 0.41620945930480957, 0.18159490823745728, 0.40651533007621765, -0.8954152464866638, -0.7238262295722961, 0.6716207265853882, 0.15811778604984283),
            ["LeftLowerLeg"] = CFrame.new(1.664739102125168e-08, 0.00001537799835205078, 0.00003506988286972046, 1, 1.1292287638298149e-07, 1.4924442837127572e-07, -1.1138038757962931e-07, -0.48762810230255127, 0.8730515837669373, 1.3207321103436698e-07, -0.8730515837669373, -0.4876278340816498),
        }},
        {Time = 0.276, Data = {
            ["RightFoot"] = CFrame.new(6.915070116519928e-08, 3.5762786865234375e-07, -1.784064806997776e-08, 0.998184859752655, 0.0402863435447216, 0.044767651706933975, -0.042672377079725266, 0.9976458549499512, 0.05368363857269287, -0.04249968007206917, -0.05549628287553787, 0.9975540637969971),
            ["LeftLowerArm"] = CFrame.new(1.1920928955078125e-07, 2.980232238769531e-07, -5.21540641784668e-08, 1, 1.2665981330428622e-07, -8.195638656616211e-08, -1.4156104555240745e-07, 0.6762198209762573, -0.7366999387741089, -8.940698137394065e-08, 0.7366999387741089, 0.6762197613716125),
            ["RightUpperArm"] = CFrame.new(5.960464477539063e-08, 3.5762786865234375e-07, 1.1920928955078125e-07, 0.7457947134971619, -0.6565938591957092, 0.1125815138220787, 0.4274144470691681, 0.34198740124702454, -0.8368759155273438, 0.5109863877296448, 0.6722567677497864, 0.5356902480125427),
            ["Head"] = CFrame.new(0, 2.384185791015625e-07, 2.9103830456733704e-11, 0.954256534576416, -0.26199519634246826, -0.14405938982963562, 0.2699890434741974, 0.9620848894119263, 0.03871452435851097, 0.12845438718795776, -0.07583793252706528, 0.9888115525245667),
            ["RightHand"] = CFrame.new(-4.470348358154297e-07, 1.1920928955078125e-07, 1.2665987014770508e-07, 0.9737468957901001, -0.15591251850128174, -0.16585634648799896, 0.14433497190475464, 0.986307680606842, -0.079777792096138, 0.17602388560771942, 0.05374454706907272, 0.9829176664352417),
            ["UpperTorso"] = CFrame.new(0, -2.384185791015625e-07, 3.5390257835388184e-08, 0.9925550222396851, -0.11188162863254547, -0.048135340213775635, 0.11282939463853836, 0.9934614300727844, 0.017436526715755463, 0.045869771391153336, -0.02273779921233654, 0.9986886978149414),
            ["HumanoidRootPart"] = CFrame.new(0, 0, 0, 1, 0, 0, 0, 1, 0, 0, 0, 1),
            ["RightUpperLeg"] = CFrame.new(-5.960464477539063e-08, 3.818422555923462e-08, 7.281778380274773e-08, 0.9558787941932678, -0.20820003747940063, 0.2072402685880661, 0.24790674448013306, 0.9501988291740417, -0.18885035812854767, -0.1576007753610611, 0.23189415037631989, 0.9598891139030457),
            ["LeftUpperArm"] = CFrame.new(-5.960464477539063e-08, 4.76837158203125e-07, 0, -0.17053432762622833, 0.8816286325454712, 0.44005560874938965, -0.10219762474298477, 0.4283636212348938, -0.8978086113929749, -0.9800375699996948, -0.19807986915111542, 0.017049606889486313),
            ["RightLowerArm"] = CFrame.new(-1.4901161193847656e-07, -1.7881393432617188e-07, 1.043081283569336e-07, 1, -8.195637946073475e-08, 0, 7.4505820180093e-08, 0.6950358152389526, -0.718975305557251, 4.4703494239684005e-08, 0.7189752459526062, 0.6950357556343079),
            ["LeftHand"] = CFrame.new(-1.1920928955078125e-07, 1.7881393432617188e-07, 4.3958425521850586e-07, 0.9975320100784302, -0.011693528853356838, 0.06923376023769379, 0.017512716352939606, 0.9963074326515198, -0.08405271172523499, -0.06799514591693878, 0.08505772799253464, 0.994053304195404),
            ["LeftFoot"] = CFrame.new(-4.470348358154297e-08, -1.1920928955078125e-07, -1.043081283569336e-07, 0.9649617671966553, -0.0317896232008934, -0.2604575753211975, -0.032935939729213715, 0.9701079726219177, -0.24042804539203644, 0.2603152096271515, 0.2405824214220047, 0.9350702166557312),
            ["LowerTorso"] = CFrame.new(0.0091620534658432, 0.11554431915283203, -0.019350718706846237, 0.9107720851898193, 0.16847945749759674, -0.37697333097457886, -0.1334720104932785, 0.9840813279151917, 0.1173422783613205, 0.3907421827316284, -0.056556686758995056, 0.9187610745429993),
