return {
    ["Amber Dance"] = {
        {Time = 0.000, Data = {
            ["LeftLowerArm"] = CFrame.new(1.996522769331932e-08, -7.152557373046875e-07, -5.529727786779404e-10, 1, -3.6197893571454642e-09, -6.616755854338408e-08, 1.013518158288207e-09, 0.9998779296875, -0.015627184882760048, 6.607348268516944e-08, 0.015627188608050346, 0.9998779296875),
            ["LeftFoot"] = CFrame.new(1.3578329571828363e-08, 5.364418029785156e-07, -9.50075218497659e-09, 0.9989967942237854, -0.04151768982410431, -0.016786351799964905, 0.035389792174100876, 0.9616121053695679, -0.2721114754676819, 0.027443088591098785, 0.27125340700149536, 0.9621192812919617),
            ["RightHand"] = CFrame.new(0, -6.556510925292969e-07, -1.1641532182693481e-10, 1, -5.232324440385128e-08, 4.698077304965409e-07, 5.172183392687657e-08, 1, 0.0000011396861054890906, -4.769049724018259e-07, -0.000001101712996387505, 1),
            ["HumanoidRootPart"] = CFrame.new(0, 0, 0, 1, 0, 0, 0, 1, 0, 0, 0, 1),
            ["RightLowerLeg"] = CFrame.new(6.891787052154541e-08, 3.5762786865234375e-07, -1.1175870895385742e-08, 1, -5.5879096905187e-09, -1.4854614960313484e-07, 6.519260153936557e-08, 0.9289755821228027, 0.37014448642730713, 1.282897272858463e-07, -0.3701411485671997, 0.9289742708206177),
            ["RightFoot"] = CFrame.new(1.4294379013790603e-07, 4.76837158203125e-07, -1.1886697848240146e-08, 0.9997376799583435, 0.0169266015291214, -0.015436040237545967, -0.01935219019651413, 0.9846033453941345, -0.17371943593025208, 0.012257009744644165, 0.1739823818206787, 0.9846742749214172),
            ["LeftLowerLeg"] = CFrame.new(0, 1.7881393432617188e-07, 1.4901161193847656e-08, 1, -1.3410972599103843e-07, 5.0291461661799985e-08, 6.332994928470725e-08, 0.8273354768753052, 0.5617140531539917, -1.3038518886787642e-07, -0.5617082118988037, 0.82733154296875),
            ["RightUpperArm"] = CFrame.new(1.1920928955078125e-07, 2.384185791015625e-07, -2.1012965589761734e-08, 1, 1.0809007022771766e-08, 6.575079680715135e-08, -9.665825473348377e-09, 1, 0.0000019980086563009536, -6.581126399396453e-08, 1.4855691787829528e-08, 1),
            ["Head"] = CFrame.new(-7.239577826112509e-10, 1.1920928955078125e-07, -2.4418113753199577e-08, 0.9999630451202393, -0.00786545779556036, -0.003484601154923439, 0.007865050807595253, 0.9999691247940063, -0.00012701177911367267, 0.003485494526103139, 0.0000997281531454064, 0.9999939799308777),
            ["UpperTorso"] = CFrame.new(1.4842953532934189e-08, 1.7881393432617188e-07, 1.2922100722789764e-08, 0.9984928965568542, 0.05468961223959923, -0.004585635382682085, -0.05468960106372833, 0.9985033869743347, 0.00012560673349071294, 0.004585632123053074, 0.0001254817034350708, 0.9999895691871643),
            ["LeftUpperArm"] = CFrame.new(1.1920928955078125e-07, 2.384185791015625e-07, -1.1641532182693481e-08, 1, 1.0809007022771766e-08, 6.575079680715135e-08, -9.665825473348377e-09, 1, 0.0000019980086563009536, -6.581126399396453e-08, 1.4855691787829528e-08, 1),
            ["RightLowerArm"] = CFrame.new(3.8804500945843756e-08, -1.7881393432617188e-07, -4.0745362639427185e-10, 1, -1.1766588814410284e-09, -6.654772732872516e-08, 8.219558367272839e-11, 1, 0.0004207169695291668, 6.607336899833172e-08, -0.0004207171150483191, 1),
            ["LeftHand"] = CFrame.new(5.960464477539063e-08, -1.1920928955078125e-07, 1.6298145055770874e-09, 1, 9.903673259259449e-08, -4.726753104478121e-07, -5.3230905905365944e-08, 1, 0.0000011429310688981786, 4.779139999300241e-07, -0.0000010963416343656718, 1),
            ["cam"] = CFrame.new(0, 0, 0, 1, 0, 0, 0, 1, 0, 0, 0, 1),
            ["LowerTorso"] = CFrame.new(0.00195590709336102, -0.054837584495544434, 0.009451356716454029, 0.9988701939582825, -0.04683386906981468, 0.008071914315223694, 0.046833861619234085, 0.9989026784896851, 0.00018900082795880735, -0.008071907795965672, 0.00018912572704721242, 0.9999674558639526),
            ["RightUpperLeg"] = CFrame.new(5.960464477539063e-08, -3.8691950976499356e-08, 2.3981556296348572e-08, 0.9984442591667175, 0.03884655237197876, 0.039999473839998245, -0.02989448420703411, 0.9784975051879883, -0.2040916234254837, -0.04706759378314018, 0.2025676816701889, 0.9781343340873718),
            ["LeftUpperLeg"] = CFrame.new(-5.960464477539063e-08, -5.8925706980517134e-08, 3.8242433220148087e-08, 0.9655008316040039, 0.005947344470769167, -0.260331928730011, -0.08612775057554245, 0.9507655501365662, -0.2977127134799957, 0.24574412405490875, 0.30985406041145325, 0.918474018573761),
        }},
        {Time = 0.033, Data = {
            ["LeftLowerArm"] = CFrame.new(5.9095327742397785e-08, 1.7881393432617188e-07, -1.30385160446167e-08, 1, 1.5599653124809265e-08, -1.2014061212539673e-07, -5.608308129012585e-08, 0.9609374403953552, -0.2767658531665802, 1.1012889444828033e-07, 0.2767658531665802, 0.9609373807907104),
            ["LeftFoot"] = CFrame.new(1.6909766031858453e-08, 5.364418029785156e-07, 9.431118996872101e-09, 0.9983690977096558, -0.05699862912297249, -0.003235334763303399, 0.05374952405691147, 0.957570493221283, -0.28313344717025757, 0.01924058422446251, 0.28250664472579956, 0.9590750932693481),
            ["RightHand"] = CFrame.new(5.960464477539063e-08, -2.980232238769531e-07, 2.7939677238464355e-08, 0.9987257122993469, 0.034477271139621735, 0.03685646131634712, -0.03255704417824745, 0.9981428384780884, -0.05148879438638687, -0.03856320306658745, 0.050223253667354584, 0.9979932904243469),
            ["HumanoidRootPart"] = CFrame.new(0, 0, 0, 1, 0, 0, 0, 1, 0, 0, 0, 1),
            ["RightLowerLeg"] = CFrame.new(6.891787052154541e-08, 4.172325134277344e-07, 2.9802322387695312e-08, 1, -1.86263626744676e-09, -1.3690451794445835e-07, 8.754429359214555e-08, 0.8974102735519409, 0.44120121002197266, 1.3131644038821833e-07, -0.44119709730148315, 0.8974083065986633),
            ["RightFoot"] = CFrame.new(1.1689138545989408e-08, 4.76837158203125e-07, -1.9089156921836548e-08, 0.9979143738746643, 0.04243100434541702, -0.048649486154317856, -0.05172540619969368, 0.9764625430107117, -0.2093832939863205, 0.038618240505456924, 0.21147236227989197, 0.9766227602958679),
            ["LeftLowerLeg"] = CFrame.new(6.332993507385254e-08, 1.1920928955078125e-07, -7.450580596923828e-08, 1, -1.3410976862360258e-07, 7.636848664560603e-08, 6.705521116145974e-08, 0.8198754787445068, 0.5725474953651428, -1.247971965767647e-07, -0.5725418329238892, 0.819871723651886),
            ["RightUpperArm"] = CFrame.new(0, -1.1920928955078125e-07, -1.6763806343078613e-08, 0.9997178912162781, -0.004836942069232464, -0.02325647510588169, 0.0031309903133660555, 0.9973387718200684, -0.07284163683652878, 0.023545805364847183, 0.07274686545133591, 0.9970723986625671),
            ["Head"] = CFrame.new(-3.0331648304127157e-09, 1.1920928955078125e-07, -1.257285475730896e-08, 0.9999934434890747, -0.001212999108247459, -0.0034201100934296846, 0.0012095954734832048, 0.9999988079071045, -0.0009958387818187475, 0.0034213121980428696, 0.0009918255964294076, 0.9999937415122986),
            ["UpperTorso"] = CFrame.new(5.602487362921238e-09, 1.4901161193847656e-07, 3.0704541131854057e-09, 0.9992964863777161, 0.03742073103785515, -0.0025307631585747004, -0.037399955093860626, 0.9992699027061462, 0.007809004746377468, 0.002821129048243165, -0.007708764169365168, 0.9999663829803467),
            ["LeftUpperArm"] = CFrame.new(0, -2.384185791015625e-07, -1.0244548320770264e-08, 0.9991593360900879, 0.04074820876121521, 0.004501653369516134, -0.040821224451065063, 0.9990125298500061, 0.017541276291012764, -0.0037823349703103304, -0.017707450315356255, 0.9998360872268677),
            ["RightLowerArm"] = CFrame.new(4.190951585769653e-09, -5.960464477539063e-08, 1.1175870895385742e-08, 1, -9.452925553432578e-08, -1.8533322077018966e-07, 4.528556019067764e-08, 0.9678553938865662, -0.2515072524547577, 2.0481820683926344e-07, 0.2515072822570801, 0.9678555130958557),
            ["LeftHand"] = CFrame.new(-2.384185791015625e-07, -2.384185791015625e-07, 2.2817403078079224e-08, 0.9987962245941162, -0.0026313967537134886, -0.048981357365846634, 0.00232764333486557, 0.9999777674674988, -0.00625841598957777, 0.048996731638908386, 0.006136902142316103, 0.9987800717353821),
            ["cam"] = CFrame.new(0, 0, 0, 1, 0, 0, 0, 1, 0, 0, 0, 1),
            ["LowerTorso"] = CFrame.new(-0.005660688504576683, -0.0648418664932251, 0.011175616644322872, 0.9993264079093933, -0.036164283752441406, 0.006232988554984331, 0.03616427630186081, 0.9993458986282349, 0.0001126187271438539, -0.0062329829670488834, 0.00011275722499703988, 0.999980628490448),
            ["RightUpperLeg"] = CFrame.new(0, -1.0738096989371115e-07, 5.820766091346741e-09, 0.9922157526016235, 0.024169038981199265, 0.12216327339410782, 0.006373378913849592, 0.9698451161384583, -0.2436494678258896, -0.12436824291944504, 0.24252104759216309, 0.962138831615448),
            ["LeftUpperLeg"] = CFrame.new(2.9802322387695312e-08, 7.086453024385264e-08, 3.1970557756721973e-08, 0.9460113644599915, -0.0117748798802495, -0.32391926646232605, -0.09005089849233627, 0.9504519104957581, -0.2975534200668335, 0.3113734722137451, 0.31064873933792114, 0.8980748653411865),
        }},
        {Time = 0.067, Data = {
            ["LeftLowerArm"] = CFrame.new(1.6612466424703598e-07, -1.7881393432617188e-07, -2.60770320892334e-08, 1, 6.146728992462158e-08, -1.527369164477932e-07, -1.5320256352424622e-07, 0.772817075252533, -0.6346287727355957, 7.543712854385376e-08, 0.6346288323402405, 0.7728171944618225),
            ["LeftFoot"] = CFrame.new(-5.303166972225881e-08, 4.172325134277344e-07, 3.776801804633578e-08, 0.9952998161315918, -0.08958093076944351, 0.03680476173758507, 0.09647873044013977, 0.9500901699066162, -0.296672523021698, -0.008385799825191498, 0.29883792996406555, 0.9542698860168457),
            ["RightHand"] = CFrame.new(0, -4.172325134277344e-07, 3.3527612686157227e-07, 0.9915202856063843, 0.09253428876399994, 0.09124185144901276, -0.0797564834356308, 0.9876411557197571, -0.13492174446582794, -0.10259909927845001, 0.12650051712989807, 0.9866464138031006),
            ["HumanoidRootPart"] = CFrame.new(0, 0, 0, 1, 0, 0, 0, 1, 0, 0, 0, 1),
            ["RightLowerLeg"] = CFrame.new(3.725290298461914e-08, -5.960464477539063e-08, -1.4901161193847656e-08, 1, -2.2351624551220084e-08, -1.0058290911274526e-07, 1.0710208186992531e-07, 0.8449106216430664, 0.5349130034446716, 1.2852250108608132e-07, -0.5349075794219971, 0.8449072241783142),
            ["RightFoot"] = CFrame.new(-4.0791150013319566e-08, 5.364418029785156e-07, 8.385768524021842e-09, 0.9869996309280396, 0.10508972406387329, -0.1216132864356041, -0.1344575136899948, 0.9543936252593994, -0.26654839515686035, 0.08805163204669952, 0.27944403886795044, 0.9561183452606201),
            ["LeftLowerLeg"] = CFrame.new(-3.725290298461914e-08, 3.5762786865234375e-07, -5.960464477539063e-08, 1, -1.3410976862360258e-07, 7.078055830334051e-08, 7.078052277620372e-08, 0.8229687809944153, 0.5680921673774719, -1.0244549741855735e-07, -0.568086564540863, 0.8229650259017944),
            ["RightUpperArm"] = CFrame.new(1.1920928955078125e-07, 1.1920928955078125e-07, -3.4226104617118835e-08, 0.9977177977561951, -0.015567757189273834, -0.06570617854595184, 0.0034806770272552967, 0.9836239814758301, -0.18020544946193695, 0.06743238866329193, 0.17955926060676575, 0.9814320206642151),
            ["Head"] = CFrame.new(3.7834979593753815e-10, 0, -1.6963895177468657e-08, 0.9999963045120239, -0.0019952645525336266, -0.0018942096503451467, 0.0019912475254386663, 0.999995768070221, -0.002119310200214386, 0.001898430404253304, 0.0021156668663024902, 0.9999959468841553),
            ["UpperTorso"] = CFrame.new(3.092281986027956e-10, 2.682209014892578e-07, 1.091757440008223e-08, 0.999954342842102, 0.009533635340631008, 0.0007510366849601269, -0.009546581655740738, 0.9997603297233582, 0.019703669473528862, -0.0005630102241411805, -0.01970982737839222, 0.9998056292533875),
            ["LeftUpperArm"] = CFrame.new(5.960464477539063e-08, 2.384185791015625e-07, -4.0745362639427185e-09, 0.9945591688156128, 0.10233151167631149, 0.019505837932229042, -0.10320780426263809, 0.9933502078056335, 0.051029276102781296, -0.014153766445815563, -0.05276033282279968, 0.9985066652297974),
            ["RightLowerArm"] = CFrame.new(3.073364496231079e-08, -5.960464477539063e-08, 2.2351741790771484e-08, 1, -2.636807323597168e-07, -4.1420571506023407e-07, -4.353933036327362e-08, 0.7945420742034912, -0.6072092056274414, 4.928151611238718e-07, 0.6072092056274414, 0.7945420145988464),
            ["LeftHand"] = CFrame.new(-1.1920928955078125e-07, -5.364418029785156e-07, -8.940696716308594e-08, 0.9920035600662231, -0.0073889484629035, -0.12599416077136993, 0.005370591301470995, 0.9998518824577332, -0.016351746395230293, 0.12609630823135376, 0.015544300898909569, 0.9918962121009827),
            ["cam"] = CFrame.new(0, 0, 0, 1, 0, 0, 0, 1, 0, 0, 0, 1),
            ["LowerTorso"] = CFrame.new(-0.027747109532356262, -0.08225870132446289, 0.014177440665662289, 0.9999709129333496, -0.007518373429775238, 0.001295807072892785, 0.007518371567130089, 0.9999718070030212, 0.000004737686140288133, -0.0012958059087395668, 0.000004872706540481886, 0.9999992251396179),
            ["RightUpperLeg"] = CFrame.new(5.960464477539063e-08, 1.4161805950152484e-08, 1.542139216326177e-08, 0.948908805847168, -0.006350318901240826, 0.3154865503311157, 0.09693000465631485, 0.9573259353637695, -0.27228134870529175, -0.3002944886684418, 0.2889406979084015, 0.9090275764465332),
            ["LeftUpperLeg"] = CFrame.new(8.940696716308594e-08, 1.0893899116126704e-09, 3.5095581552013755e-08, 0.8987393975257874, -0.040059130638837814, -0.4366491734981537, -0.09384186565876007, 0.955173671245575, -0.28078919649124146, 0.4283238649368286, 0.2933233678340912, 0.8546900153160095),
        }},
        {Time = 0.100, Data = {
            ["LeftLowerArm"] = CFrame.new(-2.309971023350954e-07, -1.1920928955078125e-07, 0, 1, 1.0011719098201866e-07, -3.105961070559715e-07, -2.9854709282517433e-07, 0.4211616814136505, -0.9069855809211731, 3.91155481338501e-08, 0.9069856405258179, 0.4211616814136505),
            ["LeftFoot"] = CFrame.new(-3.566384521036525e-08, 4.76837158203125e-07, 4.090674110557302e-08, 0.9892460107803345, -0.12543334066867828, 0.0752379521727562, 0.14311560988426208, 0.9362075924873352, -0.3209763169288635, -0.030170587822794914, 0.3283015489578247, 0.9440940022468567),
            ["RightHand"] = CFrame.new(5.960464477539063e-08, -2.980232238769531e-07, 1.0617077350616455e-07, 0.9780435562133789, 0.15420818328857422, 0.14018087089061737, -0.12112283706665039, 0.9679994583129883, -0.21978729963302612, -0.16958795487880707, 0.19798247516155243, 0.9654237627983093),
            ["HumanoidRootPart"] = CFrame.new(0, 0, 0, 1, 0, 0, 0, 1, 0, 0, 0, 1),
            ["RightLowerLeg"] = CFrame.new(3.725290298461914e-08, 5.960464477539063e-08, 5.960464477539063e-08, 1, 2.2351624551220084e-08, -1.527369164477932e-07, 1.3131644038821833e-07, 0.7937833666801453, 0.6082067489624023, 1.2293453721667902e-07, -0.6082006692886353, 0.7937787175178528),
            ["RightFoot"] = CFrame.new(-3.912290935659257e-09, 5.364418029785156e-07, -3.917648427886888e-09, 0.9709832668304443, 0.1657184213399887, -0.17243169248104095, -0.21505124866962433, 0.9204366207122803, -0.326405793428421, 0.10461651533842087, 0.35402533411979675, 0.9293688535690308),
            ["LeftLowerLeg"] = CFrame.new(-7.450580596923828e-09, 2.980232238769531e-07, -1.4901161193847656e-08, 1, -1.2665920223753346e-07, 8.195640788244418e-08, 7.636842269675981e-08, 0.822014331817627, 0.5694726705551147, -1.3597305326129572e-07, -0.5694668889045715, 0.8220102787017822),
            ["RightUpperArm"] = CFrame.new(-5.960464477539063e-08, -2.384185791015625e-07, -1.6676494851708412e-08, 0.996456503868103, -0.030507689341902733, -0.0783860832452774, 0.0047056060284376144, 0.9506663680076599, -0.31019094586372375, 0.08397830277681351, 0.3087114691734314, 0.9474372267723083),
            ["Head"] = CFrame.new(-2.9322109185159206e-09, -1.1920928955078125e-07, -1.4752004062756896e-08, 0.9999980926513672, -0.0019331732764840126, 0.000452783249784261, 0.0019351651426404715, 0.9999882578849792, -0.004442236386239529, -0.0004441903147380799, 0.004443245939910412, 0.9999900460243225),
            ["UpperTorso"] = CFrame.new(1.3096723705530167e-10, -1.1920928955078125e-07, 8.17817635834217e-09, 0.9997705221176147, -0.02124151773750782, 0.0027715605683624744, 0.021139178425073624, 0.9992374181747437, 0.032829321920871735, -0.0034667879808694124, -0.03276308998465538, 0.9994571208953857),
            ["LeftUpperArm"] = CFrame.new(5.960464477539063e-08, -1.1920928955078125e-07, -5.878973752260208e-09, 0.9851016402244568, 0.17173519730567932, 0.009044524282217026, -0.17196957767009735, 0.9833856225013733, 0.058137211948633194, 0.0010895523009821773, -0.058821745216846466, 0.998267650604248),
            ["RightLowerArm"] = CFrame.new(9.313225746154785e-08, -4.172325134277344e-07, 6.705522537231445e-08, 1, -3.1839593361837615e-07, -3.8649892530884244e-07, -1.8766149878501892e-07, 0.48647910356521606, -0.8736922144889832, 4.624016582965851e-07, 0.8736923336982727, 0.48647913336753845),
            ["LeftHand"] = CFrame.new(2.9802322387695312e-08, -4.172325134277344e-07, -1.1920928955078125e-07, 0.979259729385376, -0.012858662754297256, -0.20220062136650085, 0.007623635232448578, 0.9996159076690674, -0.02664805017411709, 0.20246563851833344, 0.024554068222641945, 0.9789814949035645),
            ["cam"] = CFrame.new(0, 0, 0, 1, 0, 0, 0, 1, 0, 0, 0, 1),
            ["LowerTorso"] = CFrame.new(-0.05567074194550514, -0.10667884349822998, 0.01838630624115467, 0.9997262358665466, 0.023058243095874786, -0.0039741359651088715, -0.023058239370584488, 0.9997342228889465, 0.0000456896705145482, 0.003974132239818573, 0.0000458209979115054, 0.9999921321868896),
            ["RightUpperLeg"] = CFrame.new(1.1920928955078125e-07, -1.8403198964733747e-07, 1.9696017261594534e-08, 0.8769954442977905, -0.037997908890247345, 0.47899410128593445, 0.18369390070438385, 0.9476590156555176, -0.2611595094203949, -0.443999707698822, 0.31701523065567017, 0.838069498538971),
            ["LeftUpperLeg"] = CFrame.new(-1.1920928955078125e-07, -2.0183716742394608e-07, 9.698851499706507e-09, 0.8438341617584229, -0.05717850476503372, -0.5335481762886047, -0.10208934545516968, 0.9590399861335754, -0.2642449736595154, 0.5268033146858215, 0.2774398922920227, 0.8034307360649109),
        }},
        {Time = 0.133, Data = {
            ["LeftLowerArm"] = CFrame.new(-7.8580342233181e-08, -2.384185791015625e-07, 3.725290298461914e-09, 1, 2.60770320892334e-08, -6.118789883657882e-07, -6.221234798431396e-07, 0.06526437401771545, -0.997868001461029, 1.3969838619232178e-08, 0.9978680610656738, 0.06526439636945724),
            ["LeftFoot"] = CFrame.new(8.650317795400042e-09, 5.960464477539062e-07, -3.4847204233301454e-08, 0.9819421172142029, -0.15438760817050934, 0.10934886336326599, 0.1836588829755783, 0.9165611863136292, -0.35521262884140015, -0.04537801817059517, 0.36889058351516724, 0.9283678531646729),
            ["RightHand"] = CFrame.new(-1.4901161193847656e-07, -2.384185791015625e-07, 3.725290298461914e-08, 0.9663708806037903, 0.1946825534105301, 0.16800615191459656, -0.1440081149339676, 0.9509868621826172, -0.2736525237560272, -0.21304699778556824, 0.24025563895702362, 0.9470418691635132),
            ["HumanoidRootPart"] = CFrame.new(0, 0, 0, 1, 0, 0, 0, 1, 0, 0, 0, 1),
            ["RightLowerLeg"] = CFrame.new(2.9802322387695312e-08, 2.980232238769531e-07, -2.9802322387695312e-08, 1, -2.980218027914816e-08, -2.011657187495075e-07, 1.452862647965958e-07, 0.7418198585510254, 0.6706056594848633, 1.5273684539351962e-07, -0.6705992817878723, 0.741814136505127),
            ["RightFoot"] = CFrame.new(1.3408644861101493e-08, 3.5762786865234375e-07, 3.1766219876772084e-08, 0.9635940194129944, 0.19657757878303528, -0.1812407374382019, -0.2523326277732849, 0.892712414264679, -0.3733395040035248, 0.08840160071849823, 0.40548959374427795, 0.9098184108734131),
            ["LeftLowerLeg"] = CFrame.new(3.725290298461914e-08, 1.1920928955078125e-07, -4.470348358154297e-08, 1, -7.450544359244304e-08, 3.7252917195473856e-08, 5.7741978309877595e-08, 0.8002905249595642, 0.5996182560920715, -1.3783569841052667e-07, -0.5996125340461731, 0.8002862334251404),
            ["RightUpperArm"] = CFrame.new(0, -1.1920928955078125e-07, -2.1886080503463745e-08, 0.9989674091339111, -0.03599027544260025, -0.02773253060877323, 0.02008756622672081, 0.8973216414451599, -0.4409354329109192, 0.04075250029563904, 0.43990758061408997, 0.8971103429794312),
            ["Head"] = CFrame.new(-1.3838871382176876e-08, 0, -3.13884811475873e-08, 0.9999712705612183, 0.006935915909707546, 0.0030701218638569117, -0.006910017225891352, 0.9999411702156067, -0.008366195484995842, -0.0031279679387807846, 0.008344864472746849, 0.9999603033065796),
            ["UpperTorso"] = CFrame.new(-8.076312951743603e-09, 1.7881393432617188e-07, 1.6239937394857407e-08, 0.9989516735076904, -0.04574202746152878, 0.0018387421732768416, 0.04561888426542282, 0.9980112314224243, 0.043504565954208374, -0.003825064981356263, -0.043374959379434586, 0.999051570892334),
            ["LeftUpperArm"] = CFrame.new(-1.1920928955078125e-07, -2.384185791015625e-07, -7.916241884231567e-09, 0.9712203145027161, 0.23163191974163055, -0.05548178032040596, -0.23125465214252472, 0.97280353307724, 0.013212572783231735, 0.05703016743063927, 5.378389644761228e-08, 0.9983722567558289),
            ["RightLowerArm"] = CFrame.new(-2.421438694000244e-08, -1.7881393432617188e-07, 9.313225746154785e-09, 1, -1.3783574104309082e-07, 1.1175872316471214e-07, 1.3783574104309082e-07, 0.22152532637119293, -0.97515469789505, 1.0896474123001099e-07, 0.97515469789505, 0.22152535617351532),
            ["LeftHand"] = CFrame.new(0, -2.384185791015625e-07, 2.384185791015625e-07, 0.9681439399719238, -0.016676422208547592, -0.24983848631381989, 0.008635513484477997, 0.9994099736213684, -0.033246178179979324, 0.25024542212486267, 0.030029665678739548, 0.9677165746688843),
            ["cam"] = CFrame.new(0, 0, 0, 1, 0, 0, 0, 1, 0, 0, 0, 1),
            ["LowerTorso"] = CFrame.new(-0.0780230462551117, -0.13436269760131836, 0.023157689720392227, 0.9992331862449646, 0.03858521208167076, -0.006650240626186132, -0.038585204631090164, 0.999255359172821, 0.0001282290177186951, 0.006650234572589397, 0.00012834358494728804, 0.9999779462814331),
            ["RightUpperLeg"] = CFrame.new(0, -1.9823892216663808e-07, 1.7593265511095524e-08, 0.8440752029418945, -0.050220441073179245, 0.5338678956031799, 0.22653768956661224, 0.9357916116714478, -0.27014797925949097, -0.4860224425792694, 0.3489583730697632, 0.8012522459030151),
            ["LeftUpperLeg"] = CFrame.new(0, 2.028536982834339e-08, -2.1827872842550278e-10, 0.8090094923973083, -0.06184930354356766, -0.5845316052436829, -0.11855967342853546, 0.9568400382995605, -0.2653416395187378, 0.5757145285606384, 0.2839576303958893, 0.7667571902275085),
        }},
        {Time = 0.167, Data = {
            ["LeftLowerArm"] = CFrame.new(-1.5273690223693848e-07, -3.5762786865234375e-07, -2.2351741790771484e-08, 1, -2.9057267170173873e-07, -0.0000014975670410422026, -0.0000014528632164001465, -0.24523597955703735, -0.9694634675979614, -9.12696123123169e-08, 0.9694635272026062, -0.24523602426052094),
            ["LeftFoot"] = CFrame.new(4.0745362639427185e-08, 3.5762786865234375e-07, 3.91155481338501e-08, 0.9689866900444031, -0.1852109730243683, 0.16360391676425934, 0.23582908511161804, 0.8908377885818481, -0.388306200504303, -0.07382003217935562, 0.4148554801940918, 0.906891405582428),
            ["RightHand"] = CFrame.new(5.960464477539063e-08, -2.384185791015625e-07, -1.1920928955078125e-07, 0.9608649611473083, 0.21164318919181824, 0.17873376607894897, -0.15267205238342285, 0.9429621696472168, -0.2958272397518158, -0.23114894330501556, 0.25696226954460144, 0.9383711814880371),
            ["HumanoidRootPart"] = CFrame.new(0, 0, 0, 1, 0, 0, 0, 1, 0, 0, 0, 1),
            ["RightLowerLeg"] = CFrame.new(-5.960464477539063e-08, 1.1920928955078125e-07, 7.450580596923828e-08, 1, 0, -2.0861631355728605e-07, 8.847565169389782e-08, 0.6772432923316956, 0.7357654571533203, 1.266598843585598e-07, -0.7357591986656189, 0.6772364974021912),
            ["RightFoot"] = CFrame.new(1.8891970654522083e-08, 4.76837158203125e-07, 6.045738132343104e-09, 0.9617031216621399, 0.21356597542762756, -0.17181836068630219, -0.26717138290405273, 0.870368480682373, -0.4136015772819519, 0.061210572719573975, 0.44367581605911255, 0.8940986394882202),
            ["LeftLowerLeg"] = CFrame.new(-1.043081283569336e-07, 5.960464477539063e-08, -7.450580596923828e-09, 1, -8.94065550482992e-08, -1.4901168299275014e-08, 7.916244015859775e-08, 0.7591647505760193, 0.6509047746658325, -1.266598985694145e-07, -0.6508985757827759, 0.7591593861579895),
            ["RightUpperArm"] = CFrame.new(-5.960464477539063e-08, -2.384185791015625e-07, -2.514570951461792e-08, 0.9923298954963684, -0.010540670715272427, 0.12317173928022385, 0.08503985404968262, 0.7813618779182434, -0.6182743906974792, -0.08972030878067017, 0.6239893436431885, 0.776250958442688),
            ["Head"] = CFrame.new(-1.3737007975578308e-08, -1.1920928955078125e-07, 1.0011717677116394e-08, 0.999688446521759, 0.023921385407447815, 0.0071251168847084045, -0.02379564568400383, 0.9995683431625366, -0.017237355932593346, -0.007534382864832878, 0.01706257462501526, 0.9998260736465454),
            ["UpperTorso"] = CFrame.new(2.6921043172478676e-09, -5.960464477539063e-08, 1.6938429325819016e-08, 0.9976057410240173, -0.06911520659923553, -0.0024578040465712547, 0.06914587318897247, 0.9960985779762268, 0.054831936955451965, -0.0013414961285889149, -0.054870497435331345, 0.9984926581382751),
            ["LeftUpperArm"] = CFrame.new(1.1920928955078125e-07, 0, 2.1420419216156006e-08, 0.9313931465148926, 0.27357304096221924, -0.24014386534690857, -0.3131275773048401, 0.9385342001914978, -0.14528220891952515, 0.18562886118888855, 0.21050287783145905, 0.9598042368888855),
            ["RightLowerArm"] = CFrame.new(-1.862645149230957e-08, 3.5762786865234375e-07, -1.4156103134155273e-07, 1, 3.427267358802055e-07, 0.0000012330712024777313, 0.000001199543589791574, 0.05945325642824173, -0.9982311725616455, -4.023314090773056e-07, 0.9982311725616455, 0.05945315584540367),
            ["LeftHand"] = CFrame.new(-1.1920928955078125e-07, -4.76837158203125e-07, 1.7881393432617188e-07, 0.9628705978393555, -0.018330689519643784, -0.26934027671813965, 0.008958742022514343, 0.9993122220039368, -0.035984329879283905, 0.2698146402835846, 0.03223538398742676, 0.9623726010322571),
            ["cam"] = CFrame.new(0, 0, 0, 1, 0, 0, 0, 1, 0, 0, 0, 1),
            ["LowerTorso"] = CFrame.new(-0.09733699262142181, -0.16755926609039307, 0.028879178687930107, 0.9990230202674866, 0.043551113456487656, -0.007506123743951321, -0.04355110600590706, 0.9990512728691101, 0.00016341125592589378, 0.007506117224693298, 0.00016352521197404712, 0.999971866607666),
            ["RightUpperLeg"] = CFrame.new(1.1920928955078125e-07, 6.147911335574463e-08, 1.7578713595867157e-08, 0.8430336713790894, -0.046827465295791626, 0.5358185768127441, 0.24783481657505035, 0.9179651141166687, -0.3097154200077057, -0.4773595631122589, 0.3938875198364258, 0.7854775190353394),
            ["LeftUpperLeg"] = CFrame.new(0, -6.456048140535131e-09, 2.2526364773511887e-08, 0.8124812841415405, -0.04700741171836853, -0.5810883045196533, -0.14565156400203705, 0.9487683176994324, -0.2804098427295685, 0.5644996762275696, 0.312456339597702, 0.764007031917572),
        }},
        {Time = 0.200, Data = {
            ["LeftLowerArm"] = CFrame.new(-1.4156103134155273e-07, -1.1920928955078125e-07, 0, 1, -4.7683710135970614e-07, -0.000002089887857437134, -0.0000020414588561834535, -0.42005252838134766, -0.9074997305870056, -4.172324565843155e-07, 0.9074997305870056, -0.4200526773929596),
            ["LeftFoot"] = CFrame.new(-6.51925802230835e-09, 4.76837158203125e-07, -4.284083843231201e-08, 0.9439713954925537, -0.2266491949558258, 0.23990443348884583, 0.3091486990451813, 0.8616881966590881, -0.4023776948451996, -0.11552099883556366, 0.45400843024253845, 0.8834806680679321),
            ["RightHand"] = CFrame.new(-1.1920928955078125e-07, -4.172325134277344e-07, -1.0058283805847168e-07, 0.9613710641860962, 0.2101283222436905, 0.1777973622083664, -0.15191984176635742, 0.9436997175216675, -0.29385605454444885, -0.22953474521636963, 0.2554936110973358, 0.9391681551933289),
            ["HumanoidRootPart"] = CFrame.new(0, 0, 0, 1, 0, 0, 0, 1, 0, 0, 0, 1),
            ["RightLowerLeg"] = CFrame.new(-5.960464477539063e-08, 0, 1.4901161193847656e-08, 1, -2.980220870085759e-08, -1.9371505288745539e-07, 1.2200325727462769e-07, 0.6016489267349243, 0.7987666726112366, 8.940696716308594e-08, -0.798760712146759, 0.6016409397125244),
            ["RightFoot"] = CFrame.new(-2.4033298018366622e-08, 4.172325134277344e-07, 3.6060896491107997e-09, 0.9590654373168945, 0.23306989669799805, -0.1608632504940033, -0.2816283404827118, 0.8444504141807556, -0.4556049704551697, 0.029650777578353882, 0.4822673797607422, 0.8755267262458801),
            ["LeftLowerLeg"] = CFrame.new(-2.9802322387695312e-08, 1.1920928955078125e-07, -1.4901161193847656e-08, 1, -1.3410982546702144e-07, -7.450582373280668e-09, 9.685756197086448e-08, 0.7078141570091248, 0.7064051628112793, -1.8626454334480513e-07, -0.7063987255096436, 0.707807719707489),
            ["RightUpperArm"] = CFrame.new(1.1920928955078125e-07, 1.1920928955078125e-07, -2.0489096641540527e-08, 0.9502392411231995, 0.062437765300273895, 0.3052084147930145, 0.1764460802078247, 0.6995521783828735, -0.6924699544906616, -0.25673383474349976, 0.7118485569953918, 0.6537073850631714),
            ["Head"] = CFrame.new(-1.0593794286251068e-08, -1.1920928955078125e-07, -2.421438694000244e-08, 0.9989758133888245, 0.043230749666690826, 0.013363908976316452, -0.04279593005776405, 0.9985944628715515, -0.031268686056137085, -0.014696897938847542, 0.030664870515465736, 0.9994217157363892),
            ["UpperTorso"] = CFrame.new(-1.2223608791828156e-09, 2.9802322387695312e-08, 3.14321368932724e-09, 0.9955244064331055, -0.09397394955158234, -0.010005803778767586, 0.09443757683038712, 0.9932231903076172, 0.06774482876062393, 0.003571759443730116, -0.06838645040988922, 0.9976525902748108),
            ["LeftUpperArm"] = CFrame.new(-1.1920928955078125e-07, 2.384185791015625e-07, 7.450580596923828e-09, 0.8807296752929688, 0.24961785972118378, -0.4025125205516815, -0.36918768286705017, 0.894173800945282, -0.2532997727394104, 0.29667454957962036, 0.3716776669025421, 0.879672110080719),
            ["RightLowerArm"] = CFrame.new(-2.9802322387695312e-08, 1.1920928955078125e-07, -2.086162567138672e-07, 1, 0.0000010877848808377166, 0.000002915040340667474, 0.000002941117145383032, -0.018418142572045326, -0.999830424785614, -0.0000010132790748684783, 0.999830424785614, -0.018418021500110626),
            ["LeftHand"] = CFrame.new(2.9802322387695312e-08, -4.172325134277344e-07, -3.5390257835388184e-08, 0.9633561968803406, -0.01818162575364113, -0.267608642578125, 0.008932113647460938, 0.9993212223052979, -0.03574024885892868, 0.2680768370628357, 0.03204040229320526, 0.9628646373748779),
            ["cam"] = CFrame.new(0, 0, 0, 1, 0, 0, 0, 1, 0, 0, 0, 1),
            ["LowerTorso"] = CFrame.new(-0.1175333634018898, -0.20864629745483398, 0.0359606072306633, 0.99888676404953, 0.04648669809103012, -0.008012077771127224, -0.046486690640449524, 0.998918890953064, 0.00018621036724653095, 0.008012071251869202, 0.00018633888976182789, 0.9999679327011108),
            ["RightUpperLeg"] = CFrame.new(5.960464477539063e-08, -4.156163413426839e-08, 6.111804395914078e-09, 0.8421987295150757, -0.04209476336836815, 0.5375213027000427, 0.26993444561958313, 0.8959270715713501, -0.35278311371803284, -0.4667297899723053, 0.4422021508216858, 0.7659079432487488),
            ["LeftUpperLeg"] = CFrame.new(0, -5.2760242397198454e-08, 1.6851117834448814e-08, 0.8559687733650208, -0.00012198174954392016, -0.5170270800590515, -0.1844855546951294, 0.9341016411781311, -0.3056548535823822, 0.48299333453178406, 0.3570072054862976, 0.7995362877845764),
        }},
        {Time = 0.233, Data = {
            ["LeftLowerArm"] = CFrame.new(1.4901161193847656e-08, -4.172325134277344e-07, 6.705522537231445e-08, 1, 5.2154071283894154e-08, -0.0000013420361710814177, -0.0000012367963790893555, -0.3964174687862396, -0.9180704355239868, -5.587935447692871e-07, 0.9180704951286316, -0.396417498588562),
            ["LeftFoot"] = CFrame.new(5.029141902923584e-08, 5.364418029785156e-07, 0, 0.9193122982978821, -0.265031635761261, 0.2909119725227356, 0.3686693608760834, 0.8385726809501648, -0.4010801315307617, -0.1376512050628662, 0.4759770333766937, 0.8686224222183228),
            ["RightHand"] = CFrame.new(-5.960464477539063e-08, -3.5762786865234375e-07, 2.682209014892578e-07, 0.9647330045700073, 0.19984358549118042, 0.17132727801799774, -0.1467008888721466, 0.9485995769500732, -0.2804243266582489, -0.2185617983341217, 0.245400533080101, 0.9444624781608582),
            ["HumanoidRootPart"] = CFrame.new(0, 0, 0, 1, 0, 0, 0, 1, 0, 0, 0, 1),
            ["RightLowerLeg"] = CFrame.new(-1.4901161193847656e-08, 1.1920928955078125e-07, 1.4901161193847656e-08, 1, 0, -2.384185791015625e-07, 1.5494880756250495e-07, 0.529902458190918, 0.8480640649795532, 6.705523247774181e-08, -0.8480586409568787, 0.5298937559127808),
            ["RightFoot"] = CFrame.new(2.2384938347386196e-08, 5.364418029785156e-07, 8.636277470941423e-09, 0.9563576579093933, 0.2500419318675995, -0.15120849013328552, -0.2921958267688751, 0.8205636143684387, -0.49120551347732544, 0.0012525948695838451, 0.5139595866203308, 0.8578188419342041),
            ["LeftLowerLeg"] = CFrame.new(1.341104507446289e-07, 5.960464477539063e-08, 0, 1, -1.490109866608691e-07, 5.960465898624534e-08, 8.195639367158947e-08, 0.6531609892845154, 0.7572252750396729, -1.0430814256778831e-07, -0.757219135761261, 0.6531539559364319),
            ["RightUpperArm"] = CFrame.new(-5.960464477539063e-08, -3.5762786865234375e-07, -3.725290298461914e-08, 0.8878976106643677, 0.11668948084115982, 0.4450099468231201, 0.16390100121498108, 0.8235981464385986, -0.5429904460906982, -0.4298538565635681, 0.5550402402877808, 0.7121288776397705),
            ["Head"] = CFrame.new(-3.8067810237407684e-08, -1.1920928955078125e-07, -3.3993273973464966e-08, 0.9982126355171204, 0.05632473900914192, 0.019978605210781097, -0.05547885596752167, 0.9976329803466797, -0.040628254413604736, -0.022219687700271606, 0.03944737836718559, 0.9989745616912842),
            ["UpperTorso"] = CFrame.new(4.336470738053322e-09, -8.940696716308594e-08, -1.2223608791828156e-09, 0.9939821362495422, -0.1080859899520874, -0.01780383661389351, 0.10912022739648819, 0.9912422299385071, 0.07437527179718018, 0.00960900355130434, -0.07587035745382309, 0.9970714449882507),
            ["LeftUpperArm"] = CFrame.new(-1.1920928955078125e-07, -2.384185791015625e-07, -3.3527612686157227e-08, 0.9046382308006287, 0.21605320274829865, -0.3673698902130127, -0.2863521873950958, 0.9465539455413818, -0.14846205711364746, 0.31564581394195557, 0.23949278891086578, 0.9181495308876038),
            ["RightLowerArm"] = CFrame.new(0, -4.76837158203125e-07, -8.940696716308594e-08, 1, 0.0000017285346984863281, 0.000004641712166630896, 0.000004738569259643555, -0.04032694548368454, -0.999186635017395, -0.0000016167759895324707, 0.9991865754127502, -0.040327038615942),
            ["LeftHand"] = CFrame.new(5.960464477539063e-08, -2.384185791015625e-07, 2.635642886161804e-07, 0.9665772914886475, -0.017176341265439987, -0.2557995021343231, 0.008740038610994816, 0.999380886554718, -0.03408084437251091, 0.2562265694141388, 0.030706103891134262, 0.966128945350647),
            ["cam"] = CFrame.new(0, 0, 0, 1, 0, 0, 0, 1, 0, 0, 0, 1),
            ["LowerTorso"] = CFrame.new(-0.13248685002326965, -0.2487931251525879, 0.042879994958639145, 0.9988375902175903, 0.04750142991542816, -0.00818696804344654, -0.04750141501426697, 0.9988711476325989, 0.00019445082580205053, 0.008186961524188519, 0.0001945643307408318, 0.9999665021896362),
            ["RightUpperLeg"] = CFrame.new(-2.9802322387695312e-08, -1.9508115656208247e-07, -8.934875950217247e-09, 0.8415979146957397, -0.03572898730635643, 0.5389214754104614, 0.28785109519958496, 0.8739624619483948, -0.39158308506011963, -0.4570063650608063, 0.4846785068511963, 0.7458057999610901),
            ["LeftUpperLeg"] = CFrame.new(-1.7881393432617188e-07, -7.890912456787191e-08, 3.958120942115784e-09, 0.8992700576782227, 0.055421993136405945, -0.4338687062263489, -0.2217259556055069, 0.9128049612045288, -0.3429732024669647, 0.3770294487476349, 0.40461766719818115, 0.8331430554389954),
        }},
        {Time = 0.267, Data = {
            ["LeftLowerArm"] = CFrame.new(4.842877388000488e-08, -1.1920928955078125e-07, 1.4901161193847656e-08, 1, 4.991888999938965e-07, -4.5029446482658386e-07, -2.814922481775284e-07, -0.3038117289543152, -0.9527320861816406, -6.209593266248703e-07, 0.9527321457862854, -0.3038117289543152),
            ["LeftFoot"] = CFrame.new(1.2665987014770508e-07, 5.960464477539062e-07, 3.3527612686157227e-08, 0.9104233384132385, -0.28218573331832886, 0.30250173807144165, 0.39192837476730347, 0.822344183921814, -0.4124663472175598, -0.13236920535564423, 0.4940864145755768, 0.8592812418937683),
            ["RightHand"] = CFrame.new(1.1920928955078125e-07, -2.980232238769531e-07, -3.0174851417541504e-07, 0.9663708806037903, 0.19468243420124054, 0.16800609230995178, -0.14400804042816162, 0.9509868621826172, -0.27365249395370483, -0.21304698288440704, 0.24025562405586243, 0.9470418691635132),
            ["HumanoidRootPart"] = CFrame.new(0, 0, 0, 1, 0, 0, 0, 1, 0, 0, 0, 1),
            ["RightLowerLeg"] = CFrame.new(2.9802322387695312e-08, -5.960464477539063e-08, -8.940696716308594e-08, 1, 1.490111856128351e-08, -1.7881384906104358e-07, 1.4714890994582674e-07, 0.4742439091205597, 0.8803980350494385, 0, -0.8803935050964355, 0.47423550486564636),
            ["RightFoot"] = CFrame.new(-1.2129831361562537e-07, 4.76837158203125e-07, -3.539156523402198e-08, 0.9545199275016785, 0.2603662312030792, -0.14527936279773712, -0.2976245880126953, 0.8032383918762207, -0.5159586668014526, -0.01764572039246559, 0.5357401371002197, 0.8442040681838989),
            ["LeftLowerLeg"] = CFrame.new(-7.450580596923828e-08, 1.7881393432617188e-07, 2.9802322387695312e-08, 1, -1.3410991073214973e-07, -1.4901159417490817e-08, 8.940694584680386e-08, 0.6005655527114868, 0.7995815873146057, -1.713633110966839e-07, -0.7995755672454834, 0.6005575656890869),
            ["RightUpperArm"] = CFrame.new(-5.960464477539063e-08, 2.384185791015625e-07, -1.862645149230957e-08, 0.8225187063217163, 0.10196147859096527, 0.5595408082008362, 0.12049756944179535, 0.9302282333374023, -0.34664565324783325, -0.5558268427848816, 0.3525327742099762, 0.7528285980224609),
            ["Head"] = CFrame.new(1.234002411365509e-08, 3.5762786865234375e-07, 3.259629011154175e-09, 0.9980245232582092, 0.05749928578734398, 0.02531675063073635, -0.05652666836977005, 0.9976933002471924, -0.03758871927857399, -0.0274196770042181, 0.03608354553580284, 0.9989725351333618),
            ["UpperTorso"] = CFrame.new(1.3504177331924438e-08, -5.960464477539063e-08, 9.604264050722122e-09, 0.9942711591720581, -0.1044720932841301, -0.022595766931772232, 0.10581611841917038, 0.9919171333312988, 0.07002466917037964, 0.015097519382834435, -0.07201442122459412, 0.9972893595695496),
