return {
    ["Ambitious"] = {
        {Time = 0.000, Data = {
            ["RightFoot"] = CFrame.new(1.9371509552001953e-07, -1.1920928955078125e-07, 1.6596459317952394e-08, 0.9284688234329224, 0.3691411316394806, 0.04099472984671593, -0.366028755903244, 0.9281461834907532, -0.06758437305688858, -0.06299720704555511, 0.04774485528469086, 0.9968709945678711),
            ["LeftLowerArm"] = CFrame.new(0.0000015497207641601562, -6.556510925292969e-07, 0.000004649162292480469, 1, 4.470347647611561e-08, -7.450580596923828e-08, -4.470348358154297e-08, -0.09175287932157516, -0.9957817792892456, -5.960464477539063e-08, 0.9957817792892456, -0.09175290167331696),
            ["RightUpperArm"] = CFrame.new(0.009174227714538574, 0.024753451347351074, -0.03348886966705322, 0.644676923751831, -0.7578979134559631, 0.09991335868835449, 0.549426794052124, 0.5502406358718872, 0.6287809014320374, -0.5315278768539429, -0.3504652976989746, 0.7711367607116699),
            ["Head"] = CFrame.new(5.960464477539063e-08, -9.5367431640625e-07, -2.7939677238464355e-08, 0.7401816248893738, -0.006896249949932098, 0.6723718643188477, -0.03683904930949211, 0.9980296492576599, 0.05079066380858421, -0.6713970303535461, -0.06236376240849495, 0.7384690046310425),
            ["RightHand"] = CFrame.new(3.2782554626464844e-07, 0.0000010728836059570312, -9.387731552124023e-07, 0.4217221736907959, 0.3816230893135071, 0.8225044012069702, -0.6734130382537842, 0.739263117313385, 0.002277520950883627, -0.607178270816803, -0.5548457503318787, 0.5687543153762817),
            ["UpperTorso"] = CFrame.new(3.720924723893404e-08, 4.172325134277344e-07, -4.087632987648249e-08, 0.9343061447143555, 0.35627734661102295, 0.011773131787776947, -0.3514896035194397, 0.915242612361908, 0.19694194197654724, 0.05939054861664772, -0.188142329454422, 0.9803445339202881),
            ["HumanoidRootPart"] = CFrame.new(0, 0, 0, 1, 0, 0, 0, 1, 0, 0, 0, 1),
            ["RightUpperLeg"] = CFrame.new(0, 2.281449269503355e-07, 3.811874194070697e-08, 0.9487575888633728, -0.309284508228302, 0.06482537090778351, 0.23118960857391357, 0.5394981503486633, -0.8096253275871277, 0.21543118357658386, 0.7831250429153442, 0.5833564400672913),
            ["LeftUpperArm"] = CFrame.new(0.0701708197593689, 0.019191503524780273, -0.03341124206781387, 0.45774707198143005, 0.7599888443946838, 0.46139460802078247, -0.6067103743553162, 0.6463569402694702, -0.46273669600486755, -0.6499000787734985, -0.06811627745628357, 0.756960928440094),
            ["RightLowerArm"] = CFrame.new(4.76837158203125e-07, 7.748603820800781e-07, -0.000004291534423828125, 1, -0.000008158386663126294, 0.000017698859664960764, 0.000019066035747528076, 0.2037820816040039, -0.9790163040161133, 0.000004380941390991211, 0.9790163040161133, 0.20378199219703674),
            ["LeftHand"] = CFrame.new(-0.0000014156103134155273, -0.0000011920928955078125, -1.1175870895385742e-07, 0.8235160112380981, -0.4206760823726654, -0.3805945813655853, 0.13423097133636475, 0.7963423132896423, -0.5897637009620667, 0.5511836409568787, 0.43459245562553406, 0.7122686505317688),
            ["LeftFoot"] = CFrame.new(6.705522537231445e-08, -2.384185791015625e-07, 5.960464477539063e-08, 0.9944829344749451, 0.0478561632335186, 0.09334595501422882, 0.022500067949295044, 0.771842360496521, -0.6354159712791443, -0.10245677828788757, 0.6340104937553406, 0.7665070295333862),
            ["LowerTorso"] = CFrame.new(-0.3018566071987152, -0.24108827114105225, -0.001085810363292694, 0.6301224231719971, -0.24885782599449158, -0.735537588596344, 0.15952099859714508, 0.9685353636741638, -0.1910300850868225, 0.7599334120750427, 0.0030386499129235744, 0.6499938368797302),
            ["RightLowerLeg"] = CFrame.new(8.940696716308594e-08, -0.0007264018058776855, 0.000046131965063977987, 1, 8.940698847936801e-08, 1.4901162614933128e-07, -1.043081283569336e-07, -0.21274562180042267, 0.9771077036857605, 2.5331974029541016e-07, -0.9771076440811157, -0.21274569630622864),
            ["LeftUpperLeg"] = CFrame.new(-2.9802322387695312e-08, 2.0582228899002075e-07, 2.9802322387695312e-08, 0.7557358145713806, 0.4173935353755951, 0.504624605178833, -0.19965164363384247, 0.8807297945022583, -0.42948150634765625, -0.6237008571624756, 0.22382542490959167, 0.7489323616027832),
            ["LeftLowerLeg"] = CFrame.new(-5.21540641784668e-08, -0.0007265210151672363, 0.00008110702037811279, 1, 6.705524668859653e-08, 4.284083843231201e-08, -1.0430815677864302e-07, 0.3722725808620453, 0.9281235337257385, -7.450582373280668e-09, -0.9281234741210938, 0.37227243185043335),
        }},
        {Time = 0.033, Data = {
            ["RightFoot"] = CFrame.new(1.341104507446289e-07, -1.1920928955078125e-07, -3.55576048605144e-08, 0.9394944310188293, 0.3395686745643616, 0.04520517587661743, -0.3372654914855957, 0.9399935007095337, -0.05161546170711517, -0.06001945212483406, 0.03324645757675171, 0.9976434111595154),
            ["LeftLowerArm"] = CFrame.new(0.0000014007091522216797, -3.5762786865234375e-07, 0.000004947185516357422, 1, -5.587934559514451e-09, -9.685756907629184e-08, -1.0989607801548118e-07, -0.07226777821779251, -0.9973853230476379, -4.4703490686970326e-08, 0.9973852634429932, -0.07226793467998505),
            ["RightUpperArm"] = CFrame.new(0.018196463584899902, 0.02132093906402588, -0.04084794968366623, 0.5966564416885376, -0.7920500040054321, 0.129064679145813, 0.5490595102310181, 0.5202051401138306, 0.654156506061554, -0.5852645635604858, -0.31944236159324646, 0.7452662587165833),
            ["Head"] = CFrame.new(-3.725290298461914e-08, -5.960464477539062e-07, 1.4901161193847656e-08, 0.723432719707489, -0.042150117456912994, 0.6891070604324341, -0.013090739026665688, 0.9971176981925964, 0.0747324526309967, -0.690270721912384, -0.06308472156524658, 0.720795750617981),
            ["RightHand"] = CFrame.new(2.8312206268310547e-07, 0.0000011324882507324219, -9.462237358093262e-07, 0.35934996604919434, 0.44130706787109375, 0.822262167930603, -0.6623284220695496, 0.7413281798362732, -0.10841510444879532, -0.6574105620384216, -0.5056488513946533, 0.5586870908737183),
            ["UpperTorso"] = CFrame.new(-8.381903171539307e-08, -2.980232238769531e-07, 4.7497451305389404e-08, 0.9231786727905273, 0.38421159982681274, 0.011074412614107132, -0.3764986991882324, 0.898094117641449, 0.22732269763946533, 0.07739394903182983, -0.21402910351753235, 0.9737565517425537),
            ["HumanoidRootPart"] = CFrame.new(0, 0, 0, 1, 0, 0, 0, 1, 0, 0, 0, 1),
            ["RightUpperLeg"] = CFrame.new(-2.9802322387695312e-08, -3.9511360228061676e-07, -2.032174961641431e-08, 0.933273434638977, -0.3552931845188141, 0.05260813981294632, 0.22229218482971191, 0.45633465051651, -0.8615943789482117, 0.2821115553379059, 0.8157975077629089, 0.5048638582229614),
            ["LeftUpperArm"] = CFrame.new(0.07919663190841675, 0.027396321296691895, -0.04096846282482147, 0.5135321021080017, 0.7301625609397888, 0.45071879029273987, -0.6996038556098938, 0.6604171991348267, -0.2727707326412201, -0.49682921171188354, -0.1752478927373886, 0.8499699234962463),
            ["RightLowerArm"] = CFrame.new(4.76837158203125e-07, 1.7881393432617188e-07, -0.0000039637088775634766, 1, -0.000008232889740611427, 0.000017669053704594262, 0.000018998978703166358, 0.2094879299402237, -0.9778112769126892, 0.00000438094093624386, 0.9778112173080444, 0.20948800444602966),
            ["LeftHand"] = CFrame.new(-0.0000016167759895324707, -8.940696716308594e-07, 7.599592208862305e-07, 0.781162440776825, -0.536774218082428, -0.3188386857509613, 0.29335659742355347, 0.7663801312446594, -0.5714924335479736, 0.5511143803596497, 0.3528951108455658, 0.7561337947845459),
            ["LeftFoot"] = CFrame.new(1.4901161193847656e-08, -1.1920928955078125e-07, 4.470348358154297e-08, 0.9950973391532898, 0.06611835211515427, 0.07355130463838577, -0.0005876159993931651, 0.7476243376731873, -0.664121687412262, -0.09889945387840271, 0.6608223915100098, 0.7439977526664734),
            ["LowerTorso"] = CFrame.new(-0.3356863856315613, -0.2605687379837036, -0.02178148180246353, 0.6129075884819031, -0.26617854833602905, -0.7439712882041931, 0.171399787068367, 0.9639200568199158, -0.2036672830581665, 0.7713406682014465, -0.0026873021852225065, 0.6364168524742126),
            ["RightLowerLeg"] = CFrame.new(-8.940696716308594e-08, -0.0007266402244567871, 0.00004600530519383028, 1, 7.450580596923828e-08, 1.1175875158642157e-07, -2.2351745343485163e-08, -0.36117732524871826, 0.9324972629547119, 2.1979215603096236e-07, -0.9324971437454224, -0.36117732524871826),
            ["LeftUpperLeg"] = CFrame.new(0, -2.2794120013713837e-07, 0, 0.7304797768592834, 0.4328649342060089, 0.5282303690910339, -0.20083676278591156, 0.875428318977356, -0.439647376537323, -0.6527357697486877, 0.215065598487854, 0.7264178991317749),
            ["LeftLowerLeg"] = CFrame.new(-3.725290298461914e-08, -0.0007268190383911133, 0.00008082017302513123, 1, 1.3783578367565497e-07, 7.82310962677002e-08, -5.960463766996327e-08, 0.3351074755191803, 0.9421800374984741, 3.725289943190546e-08, -0.9421800374984741, 0.33510714769363403),
        }},
        {Time = 0.067, Data = {
            ["RightFoot"] = CFrame.new(1.5273690223693848e-07, -2.384185791015625e-07, 2.9169314075261354e-08, 0.9578815698623657, 0.28352078795433044, 0.045594822615385056, -0.2790212333202362, 0.9564560055732727, -0.08566959947347641, -0.06789835542440414, 0.06933905929327011, 0.9952797889709473),
            ["LeftLowerArm"] = CFrame.new(0.0000014901161193847656, -3.5762786865234375e-07, 0.000004857778549194336, 1, 7.823107495141812e-08, -8.195638656616211e-08, -5.2154071283894154e-08, -0.03030855767428875, -0.9995405673980713, -5.587936158235607e-08, 0.9995405673980713, -0.0303086768835783),
            ["RightUpperArm"] = CFrame.new(0.024736642837524414, 0.015319108963012695, -0.04560370743274689, 0.5612624883651733, -0.81137615442276, 0.16325697302818298, 0.5322518348693848, 0.5049107670783997, 0.6795393228530884, -0.6337921619415283, -0.2945062816143036, 0.7152437567710876),
            ["Head"] = CFrame.new(5.960464477539063e-08, -9.5367431640625e-07, -1.4901161193847656e-08, 0.7073825001716614, -0.07165703922510147, 0.7031891942024231, 0.0017743951175361872, 0.9950249791145325, 0.09961085021495819, -0.7068287134170532, -0.06921523064374924, 0.7039905190467834),
            ["RightHand"] = CFrame.new(1.4901161193847656e-07, 0.0000011920928955078125, -9.5367431640625e-07, 0.3047860860824585, 0.5412595272064209, 0.7836728692054749, -0.6590805053710938, 0.7138510346412659, -0.23670609295368195, -0.6875451803207397, -0.44435885548591614, 0.5743058323860168),
            ["UpperTorso"] = CFrame.new(-1.30385160446167e-08, 2.9802322387695312e-08, -2.421438694000244e-08, 0.9181973934173584, 0.3960006833076477, 0.009853056631982327, -0.38599255681037903, 0.8888484835624695, 0.24689702689647675, 0.08901330828666687, -0.23050348460674286, 0.9689916372299194),
            ["HumanoidRootPart"] = CFrame.new(0, 0, 0, 1, 0, 0, 0, 1, 0, 0, 0, 1),
            ["RightUpperLeg"] = CFrame.new(5.960464477539063e-08, -1.9371509552001953e-07, -2.032174961641431e-08, 0.9107781648635864, -0.41236624121665955, 0.02091328240931034, 0.20978660881519318, 0.4185343086719513, -0.8836395740509033, 0.355630099773407, 0.8091866970062256, 0.4677005708217621),
            ["LeftUpperArm"] = CFrame.new(0.0859416127204895, 0.03568553924560547, -0.04608878493309021, 0.5743492841720581, 0.7222487926483154, 0.38533005118370056, -0.7827218770980835, 0.6223720908164978, 0.0001254975941265002, -0.23972788453102112, -0.3016781806945801, 0.922778844833374),
            ["RightLowerArm"] = CFrame.new(5.364418029785156e-07, 3.5762786865234375e-07, -0.0000037848949432373047, 1, -0.000008657572834636085, 0.00001744180917739868, 0.00001897662878036499, 0.23204317688941956, -0.9727054834365845, 0.000004373490810394287, 0.9727054834365845, 0.23204320669174194),
            ["LeftHand"] = CFrame.new(-0.0000013709068298339844, -0.0000013113021850585938, 2.2351741790771484e-07, 0.517231822013855, -0.8312631845474243, -0.20364774763584137, 0.7269237637519836, 0.5522916316986084, -0.40811294317245483, 0.45172229409217834, 0.06305267661809921, 0.8899278044700623),
            ["LeftFoot"] = CFrame.new(1.1175870895385742e-08, 0, -7.450580596923828e-09, 0.9964548349380493, 0.07372428476810455, 0.04052891582250595, -0.0257149338722229, 0.7255898118019104, -0.6876468658447266, -0.08010382205247879, 0.6841667294502258, 0.7249132990837097),
            ["LowerTorso"] = CFrame.new(-0.3572855591773987, -0.27981626987457275, -0.03710351139307022, 0.5982035994529724, -0.27509984374046326, -0.7526437044143677, 0.176707923412323, 0.9613916277885437, -0.2109515219926834, 0.781618058681488, -0.006806128658354282, 0.6237202286720276),
            ["RightLowerLeg"] = CFrame.new(-1.4901161193847656e-08, -0.0007262229919433594, 0.00004580413951771334, 1, 1.6391287260830723e-07, 1.192093321833454e-07, -1.005828522693264e-07, -0.4673425257205963, 0.8840763568878174, 1.657754324924099e-07, -0.8840764164924622, -0.46734264492988586),
            ["LeftUpperLeg"] = CFrame.new(-5.960464477539063e-08, -2.3818574845790863e-07, -1.4901161193847656e-08, 0.6958280205726624, 0.4528416097164154, 0.557456910610199, -0.20400598645210266, 0.8688265681266785, -0.45113417506217957, -0.6886253952980042, 0.2001871019601822, 0.6969359517097473),
            ["LeftLowerLeg"] = CFrame.new(-7.450580596923828e-09, -0.0007265806198120117, 0.00008090212941169739, 1, 6.33299421792799e-08, 6.705522537231445e-08, -1.1920930376163597e-07, 0.30327078700065613, 0.9529045224189758, 3.725290742551124e-09, -0.952904462814331, 0.30327069759368896),
        }},
        {Time = 0.100, Data = {
            ["RightFoot"] = CFrame.new(2.3469328880310059e-07, -5.960464477539063e-08, 1.6952981241047382e-09, 0.970287561416626, 0.23799046874046326, 0.04361765831708908, -0.22910040616989136, 0.9616641998291016, -0.15071576833724976, -0.07781431078910828, 0.13624481856822968, 0.9876145124435425),
            ["LeftLowerArm"] = CFrame.new(0.000001341104507446289, -1.1920928955078125e-07, 0.000004589557647705078, 1, 2.9802318834981634e-08, -7.450580596923828e-08, -8.940695295223122e-08, 0.07599660009145737, -0.9971081018447876, 1.4901159417490817e-08, 0.9971081614494324, 0.07599648833274841),
            ["RightUpperArm"] = CFrame.new(0.02956259250640869, 0.009870529174804688, -0.04802221059799194, 0.5329375863075256, -0.8231313228607178, 0.19604220986366272, 0.5238773226737976, 0.5029191970825195, 0.6874772906303406, -0.6644772887229919, -0.2636803984642029, 0.6992442607879639),
            ["Head"] = CFrame.new(7.450580596923828e-09, -8.344650268554688e-07, -5.21540641784668e-08, 0.693280041217804, -0.10026335716247559, 0.7136596441268921, 0.016787653788924217, 0.9922529458999634, 0.12309487909078598, -0.7204726934432983, -0.07335855811834335, 0.6895922422409058),
            ["RightHand"] = CFrame.new(3.203749656677246e-07, 8.344650268554688e-07, -6.817281246185303e-07, 0.24936577677726746, 0.6403414011001587, 0.726483941078186, -0.6990756988525391, 0.6381697654724121, -0.32254111766815186, -0.6701566576957703, -0.42743685841560364, 0.6067852973937988),
            ["UpperTorso"] = CFrame.new(-4.470348358154297e-08, -2.086162567138672e-07, 4.0978193283081055e-08, 0.9166702628135681, 0.39951103925704956, 0.010328531265258789, -0.38828566670417786, 0.8842008113861084, 0.2596598267555237, 0.09460428357124329, -0.24203291535377502, 0.965644896030426),
            ["HumanoidRootPart"] = CFrame.new(0, 0, 0, 1, 0, 0, 0, 1, 0, 0, 0, 1),
            ["RightUpperLeg"] = CFrame.new(5.960464477539063e-08, -8.335337042808533e-08, -4.639878170564771e-08, 0.9033680558204651, -0.4278185963630676, -0.02996140718460083, 0.18591590225696564, 0.4536142647266388, -0.871590256690979, 0.38647305965423584, 0.7817962765693665, 0.4893187880516052),
            ["LeftUpperArm"] = CFrame.new(0.09113585948944092, 0.04294478893280029, -0.04878735542297363, 0.6534568667411804, 0.7222738862037659, 0.2265273481607437, -0.743769109249115, 0.5570104122161865, 0.3695225715637207, 0.14071837067604065, -0.40995100140571594, 0.9011873006820679),
            ["RightLowerArm"] = CFrame.new(2.384185791015625e-07, 2.980232238769531e-07, -0.0000036656856536865234, 1, -0.000009454785868001636, 0.000017069283785531297, 0.00001897662878036499, 0.275525838136673, -0.9612936973571777, 0.000004351139068603516, 0.961293637752533, 0.2755259573459625),
            ["LeftHand"] = CFrame.new(-0.0000012814998626708984, -0.0000013113021850585938, 1.4901161193847656e-07, 0.5141582489013672, -0.802465558052063, -0.3028031885623932, 0.7334073781967163, 0.5943871140480042, -0.3298758566379547, 0.44469642639160156, -0.05246970057487488, 0.8941432237625122),
            ["LeftFoot"] = CFrame.new(2.8870999813079834e-08, 0, 7.450580596923828e-09, 0.9962952136993408, 0.08327599614858627, 0.021473798900842667, -0.04396311938762665, 0.7077752947807312, -0.7050682902336121, -0.07391383498907089, 0.7015121579170227, 0.7088141441345215),
            ["LowerTorso"] = CFrame.new(-0.3782609701156616, -0.296366810798645, -0.045841723680496216, 0.5860070586204529, -0.2775599956512451, -0.7612859010696411, 0.17792046070098877, 0.9606513977050781, -0.21329140663146973, 0.7905315160751343, -0.010458050295710564, 0.6123321056365967),
            ["RightLowerLeg"] = CFrame.new(4.470348358154297e-08, -0.0007265806198120117, 0.000046128239773679525, 1, 1.3411046495548362e-07, 1.6018752546642645e-07, -8.568166975919667e-08, -0.5351443290710449, 0.8447606563568115, 1.0244546899684792e-07, -0.8447607755661011, -0.5351444482803345),
            ["LeftUpperLeg"] = CFrame.new(-5.960464477539063e-08, -1.257285475730896e-08, 1.4901161193847656e-08, 0.6722851991653442, 0.46379369497299194, 0.576999306678772, -0.19793924689292908, 0.8636600375175476, -0.46358543634414673, -0.7133392095565796, 0.19745096564292908, 0.6724287271499634),
            ["LeftLowerLeg"] = CFrame.new(1.564621925354004e-07, -0.0007266402244567871, 0.00008101575076580048, 1, 9.872020712009544e-08, 6.332994928470725e-08, -6.705523247774181e-08, 0.2747829854488373, 0.9615064263343811, 8.568168397005138e-08, -0.9615063667297363, 0.27478283643722534),
        }},
        {Time = 0.133, Data = {
            ["RightFoot"] = CFrame.new(1.94646418094635e-07, -1.1920928955078125e-07, 9.110226528719068e-08, 0.9838712811470032, 0.16086265444755554, 0.07823500037193298, -0.14524978399276733, 0.973713219165802, -0.17545704543590546, -0.10440303385257721, 0.16126349568367004, 0.9813736081123352),
            ["LeftLowerArm"] = CFrame.new(0.0000014901161193847656, -4.76837158203125e-07, 0.000004410743713378906, 1, 7.171183113996449e-08, -7.82310962677002e-08, -4.842878098543224e-08, 0.19675830006599426, -0.9804520606994629, -5.308539385850963e-08, 0.9804520606994629, 0.19675832986831665),
            ["RightUpperArm"] = CFrame.new(0.032982468605041504, 0.0031081438064575195, -0.04792344570159912, 0.5128051042556763, -0.8272615671157837, 0.2294987142086029, 0.5204812288284302, 0.512173593044281, 0.6832113265991211, -0.682737410068512, -0.23090410232543945, 0.693219006061554),
            ["Head"] = CFrame.new(8.940696716308594e-08, -5.960464477539062e-07, -3.725290298461914e-08, 0.6809096932411194, -0.12996582686901093, 0.7207435369491577, 0.033033814281225204, 0.9885768294334412, 0.14705368876457214, -0.7316219210624695, -0.07632135599851608, 0.677424430847168),
            ["RightHand"] = CFrame.new(4.6938657760620117e-07, 7.152557373046875e-07, -4.842877388000488e-07, 0.2218184471130371, 0.6959572434425354, 0.6829639077186584, -0.7789683938026428, 0.5477784276008606, -0.30520012974739075, -0.586519181728363, -0.4643085300922394, 0.6636363863945007),
            ["UpperTorso"] = CFrame.new(-1.30385160446167e-08, -5.960464477539063e-08, 1.0058283805847168e-07, 0.9200764894485474, 0.3915826976299286, 0.011064551770687103, -0.3820054829120636, 0.8906006217002869, 0.2467842698097229, 0.08678246289491653, -0.23128721117973328, 0.9690072536468506),
            ["HumanoidRootPart"] = CFrame.new(0, 0, 0, 1, 0, 0, 0, 1, 0, 0, 0, 1),
            ["RightUpperLeg"] = CFrame.new(2.9802322387695312e-08, -1.9231811165809631e-07, -1.6952981241047382e-09, 0.8903353810310364, -0.4341736137866974, -0.13709938526153564, 0.1520441472530365, 0.5673480033874512, -0.8093199729919434, 0.4291684627532959, 0.6997210383415222, 0.5711435675621033),
            ["LeftUpperArm"] = CFrame.new(0.09503281116485596, 0.047539472579956055, -0.04890885949134827, 0.7366360425949097, 0.6662347912788391, 0.11618432402610779, -0.5709735155105591, 0.5206079483032227, 0.6347888112068176, 0.36243149638175964, -0.5339462161064148, 0.763900876045227),
            ["RightLowerArm"] = CFrame.new(5.364418029785156e-07, 1.7881393432617188e-07, -0.000004112720489501953, 1, -0.00001046806664817268, 0.000016428532035206445, 0.000018961727619171143, 0.3361281752586365, -0.9418163299560547, 0.0000043101608753204346, 0.9418163299560547, 0.3361280560493469),
            ["LeftHand"] = CFrame.new(-0.0000014062970876693726, -0.0000013113021850585938, 2.086162567138672e-07, 0.3650846779346466, -0.6868430972099304, -0.6284579038619995, 0.7053632140159607, 0.6446474194526672, -0.29477575421333313, 0.6075984835624695, -0.33567309379577637, 0.7198249697685242),
            ["LeftFoot"] = CFrame.new(5.8673322200775146e-08, -1.7881393432617188e-07, 5.960464477539063e-08, 0.9955439567565918, 0.09211611747741699, 0.020170602947473526, -0.050199318677186966, 0.6987808346748352, -0.7135722637176514, -0.07982654124498367, 0.709380030632019, 0.7002911567687988),
            ["LowerTorso"] = CFrame.new(-0.39334750175476074, -0.3064471483230591, -0.05149005353450775, 0.5770341157913208, -0.25994613766670227, -0.7742478251457214, 0.17035353183746338, 0.9654532670974731, -0.19717979431152344, 0.7987562417984009, -0.01811637543141842, 0.6013820767402649),
            ["RightLowerLeg"] = CFrame.new(-9.685754776000977e-08, -0.0007263422012329102, 0.000045837667130399495, 1, 1.0430814256778831e-07, 1.7136345320523105e-07, -5.5879368687783426e-08, -0.5442801713943481, 0.8389032483100891, 1.7881397695873602e-07, -0.838903546333313, -0.5442805290222168),
            ["LeftUpperLeg"] = CFrame.new(0, 1.3969838619232178e-08, 9.685754776000977e-08, 0.6636156439781189, 0.4570483863353729, 0.5922173261642456, -0.17209121584892273, 0.8636952042579651, -0.4737248122692108, -0.7280102372169495, 0.21245573461055756, 0.6518155336380005),
            ["LeftLowerLeg"] = CFrame.new(-3.725290298461914e-08, -0.0007265210151672363, 0.00008088909089565277, 1, 7.031486148889599e-08, 7.450580596923828e-08, -6.705522537231445e-08, 0.2640710175037384, 0.9645032286643982, 7.82310962677002e-08, -0.9645032286643982, 0.2640710473060608),
        }},
        {Time = 0.167, Data = {
            ["RightFoot"] = CFrame.new(1.6111880540847778e-07, -2.980232238769531e-07, 6.875052349641919e-08, 0.9919700622558594, 0.055075112730264664, 0.11385206878185272, -0.03395332768559456, 0.983126163482666, -0.17975006997585297, -0.12183081358671188, 0.17444093525409698, 0.9771016836166382),
            ["LeftLowerArm"] = CFrame.new(3.5762786865234375e-07, 1.1920928955078125e-07, 0.000005185604095458984, 1, 6.05359673500061e-08, -4.0978196835794733e-08, -8.195639367158947e-08, 0.43379539251327515, -0.9010114669799805, -1.005828522693264e-07, 0.9010114669799805, 0.43379536271095276),
            ["RightUpperArm"] = CFrame.new(0.03504306077957153, -0.006865024566650391, -0.0420011430978775, 0.5077228546142578, -0.8204732537269592, 0.26275700330734253, 0.5213813781738281, 0.535426676273346, 0.664439857006073, -0.6858417987823486, -0.20035433769226074, 0.6996273994445801),
            ["Head"] = CFrame.new(-2.9802322387695312e-08, -4.76837158203125e-07, 7.450580596923828e-09, 0.67046719789505, -0.15477697551250458, 0.725615918636322, 0.044863276183605194, 0.9846664667129517, 0.1685800403356552, -0.7405816316604614, -0.08047369867563248, 0.6671299338340759),
            ["RightHand"] = CFrame.new(3.725290298461914e-07, 9.5367431640625e-07, -6.556510925292969e-07, 0.27052631974220276, 0.7108307480812073, 0.6492570042610168, -0.8522710800170898, 0.49046793580055237, -0.18186601996421814, -0.44771602749824524, -0.5041437149047852, 0.7385053634643555),
            ["UpperTorso"] = CFrame.new(-1.0803341865539551e-07, -8.940696716308594e-08, 4.516914486885071e-08, 0.9312012195587158, 0.3643040657043457, 0.012122800573706627, -0.35904476046562195, 0.9110072255134583, 0.20286105573177338, 0.06285925954580307, -0.1932571679353714, 0.9791325330734253),
            ["HumanoidRootPart"] = CFrame.new(0, 0, 0, 1, 0, 0, 0, 1, 0, 0, 0, 1),
            ["RightUpperLeg"] = CFrame.new(-2.9802322387695312e-08, -1.3690441846847534e-07, 3.9748556446284056e-08, 0.8538980484008789, -0.4174847900867462, -0.3107483386993408, 0.12666842341423035, 0.7458470463752747, -0.6539629697799683, 0.5047904253005981, 0.5190555453300476, 0.6897594332695007),
            ["LeftUpperArm"] = CFrame.new(0.09779906272888184, 0.05035674571990967, -0.04309619963169098, 0.8506162166595459, 0.5219733119010925, 0.06321465224027634, -0.4036199152469635, 0.5711868405342102, 0.7147287130355835, 0.3369615077972412, -0.6334741115570068, 0.6965392231941223),
            ["RightLowerArm"] = CFrame.new(2.980232238769531e-07, 4.76837158203125e-07, -0.000003933906555175781, 1, -0.00001178309139504563, 0.00001551956302137114, 0.000018954278857563622, 0.4109073281288147, -0.9116772413253784, 0.000004321337200963171, 0.9116771221160889, 0.4109073281288147),
            ["LeftHand"] = CFrame.new(-0.0000012665987014770508, -0.0000010132789611816406, 2.8312206268310547e-07, 0.4400230646133423, -0.34286677837371826, -0.8299528360366821, 0.4406353235244751, 0.8877593278884888, -0.13313236832618713, 0.7824450731277466, -0.3071252703666687, 0.5417141318321228),
            ["LeftFoot"] = CFrame.new(6.798654794692993e-08, 5.960464477539063e-08, 7.450580596923828e-09, 0.9954245686531067, 0.09348172694444656, 0.01978268288075924, -0.05176718160510063, 0.7016240358352661, -0.7106642723083496, -0.08031391352415085, 0.7063886523246765, 0.7032531499862671),
            ["LowerTorso"] = CFrame.new(-0.3975059986114502, -0.30726945400238037, -0.05435972660779953, 0.5719088912010193, -0.2158145010471344, -0.7914192080497742, 0.14770476520061493, 0.9760958552360535, -0.15943753719329834, 0.8069098591804504, -0.0257126372307539, 0.5901147127151489),
            ["RightLowerLeg"] = CFrame.new(-4.0978193283081055e-08, -0.0007264018058776855, 0.00004601648106472567, 1, 9.685759039257391e-08, 1.6018759652070003e-07, -4.4703490686970326e-08, -0.3871607482433319, 0.9220122694969177, 2.309680269263481e-07, -0.9220122694969177, -0.38716089725494385),
            ["LeftUpperLeg"] = CFrame.new(-5.960464477539063e-08, -1.3131648302078247e-07, 5.634501576423645e-08, 0.6571028232574463, 0.43346667289733887, 0.6167027354240417, -0.12674154341220856, 0.8700096011161804, -0.4764661490917206, -0.7430696487426758, 0.2349255084991455, 0.6266241073608398),
            ["LeftLowerLeg"] = CFrame.new(-1.4156103134155273e-07, -0.0007264018058776855, 0.00008103810250759125, 1, 7.613562758024273e-08, 3.7252917195473856e-08, -8.195638656616211e-08, 0.2802322804927826, 0.959932267665863, 9.313225746154785e-08, -0.959932267665863, 0.28023234009742737),
        }},
        {Time = 0.200, Data = {
            ["RightFoot"] = CFrame.new(1.51805579662323e-07, -5.960464477539063e-08, 3.5222910810261965e-08, 0.9907779693603516, -0.01716036908328533, 0.13440442085266113, 0.03764624893665314, 0.987755298614502, -0.15140113234519958, -0.13016068935394287, 0.15506449341773987, 0.9792921543121338),
            ["LeftLowerArm"] = CFrame.new(0.0000016093254089355469, -4.76837158203125e-07, 0.000004291534423828125, 1, 2.011657045386528e-07, -1.862645504502325e-08, -5.960465188081798e-08, 0.6450398564338684, -0.764149010181427, -8.940698137394065e-08, 0.7641489505767822, 0.6450398564338684),
            ["RightUpperArm"] = CFrame.new(0.035719335079193115, -0.019094347953796387, -0.028933599591255188, 0.5203561782836914, -0.8019536137580872, 0.29342740774154663, 0.5360921621322632, 0.5742435455322266, 0.6187482476234436, -0.6647064089775085, -0.16466549038887024, 0.7287324070930481),
            ["Head"] = CFrame.new(-5.21540641784668e-08, -9.5367431640625e-07, -2.2351741790771484e-08, 0.662539005279541, -0.16785268485546112, 0.729977548122406, 0.05007673054933548, 0.9823132753372192, 0.18042460083961487, -0.7473515272140503, -0.08298363536596298, 0.6592267155647278),
            ["RightHand"] = CFrame.new(1.9371509552001953e-07, 0.0000010728836059570312, -7.7858567237854e-07, 0.4062424302101135, 0.6788591742515564, 0.6116506457328796, -0.8559413552284241, 0.517045259475708, -0.005364347714930773, -0.3198930323123932, -0.5213581919670105, 0.7911098003387451),
            ["UpperTorso"] = CFrame.new(-3.725290298461914e-08, 5.960464477539063e-08, 4.470348358154297e-08, 0.9488317370414734, 0.3153761327266693, 0.016009431332349777, -0.3141329288482666, 0.9374879598617554, 0.14978951215744019, 0.03223124146461487, -0.1471540778875351, 0.9885883331298828),
            ["HumanoidRootPart"] = CFrame.new(0, 0, 0, 1, 0, 0, 0, 1, 0, 0, 0, 1),
            ["RightUpperLeg"] = CFrame.new(0, -3.105960786342621e-07, 5.045876605436206e-08, 0.8439094424247742, -0.352932870388031, -0.4040489196777344, 0.10994019359350204, 0.8509263396263123, -0.5136516690254211, 0.5251001119613647, 0.3890537917613983, 0.7569059133529663),
            ["LeftUpperArm"] = CFrame.new(0.0995904803276062, 0.05389690399169922, -0.02958272397518158, 0.934922456741333, 0.2873660624027252, 0.208184152841568, -0.34813880920410156, 0.6292169690132141, 0.6948993802070618, 0.06869758665561676, -0.7221542596817017, 0.6883126497268677),
            ["RightLowerArm"] = CFrame.new(5.960464477539063e-08, 6.556510925292969e-07, -0.0000037848949432373047, 1, -0.000013165174095775, 0.000014305116565083154, 0.000018946826457977295, 0.494476318359375, -0.8691911697387695, 0.000004328787326812744, 0.86919105052948, 0.49447619915008545),
            ["LeftHand"] = CFrame.new(-0.0000014901161193847656, -0.000001430511474609375, 2.2351741790771484e-07, 0.5672867298126221, -0.3296387493610382, -0.7546678185462952, 0.3487681746482849, 0.9263206720352173, -0.142446368932724, 0.7460205554962158, -0.18239599466323853, 0.6404573321342468),
            ["LeftFoot"] = CFrame.new(-6.705522537231445e-08, -5.960464477539063e-08, -2.9802322387695312e-08, 0.9963698983192444, 0.08512208610773087, 0.0011996898101642728, -0.06036791950464249, 0.7164157629013062, -0.6950568556785583, -0.06002431735396385, 0.6924613118171692, 0.7189539074897766),
            ["LowerTorso"] = CFrame.new(-0.3930526375770569, -0.30022215843200684, -0.05078154802322388, 0.5702698826789856, -0.15795117616653442, -0.8061287999153137, 0.10925201326608658, 0.9872055053710938, -0.116144098341465, 0.8141598701477051, -0.021837715059518814, 0.5802300572395325),
            ["RightLowerLeg"] = CFrame.new(-5.960464477539063e-08, -0.0007263422012329102, 0.00004615431680576876, 1, 1.4901159772762185e-07, 9.499498077047974e-08, -9.126959810146218e-08, -0.13203592598438263, 0.9912450313568115, 1.7136333951839333e-07, -0.991244912147522, -0.13203592598438263),
            ["LeftUpperLeg"] = CFrame.new(-1.1920928955078125e-07, -3.166496753692627e-08, 5.21540641784668e-08, 0.6380449533462524, 0.4005396366119385, 0.6576220393180847, -0.07625190913677216, 0.882724940776825, -0.46366193890571594, -0.7662142515182495, 0.24569207429885864, 0.5937600135803223),
            ["LeftLowerLeg"] = CFrame.new(1.043081283569336e-07, -0.0007262825965881348, 0.00008092448115348816, 1, 4.423782584694891e-08, 6.332994928470725e-08, -1.0058283805847168e-07, 0.3206920921802521, 0.9471834897994995, 1.3783574104309082e-07, -0.9471835494041443, 0.32069218158721924),
        }},
        {Time = 0.233, Data = {
            ["RightFoot"] = CFrame.new(1.7695128917694092e-07, -1.1920928955078125e-07, 3.5579432733356953e-09, 0.9857541918754578, -0.08391834050416946, 0.1457616239786148, 0.09882660955190659, 0.9902439117431641, -0.09823618829250336, -0.1360958069562912, 0.11124171316623688, 0.9844303727149963),
            ["LeftLowerArm"] = CFrame.new(0.0000014901161193847656, -5.960464477539062e-07, 0.0000049173831939697266, 1, 1.0430814256778831e-07, 0, -5.960465188081798e-08, 0.8155527114868164, -0.5786828994750977, -1.3411046495548362e-07, 0.5786828994750977, 0.8155525922775269),
            ["RightUpperArm"] = CFrame.new(0.035368382930755615, -0.031401753425598145, -0.01298452913761139, 0.5660064220428467, -0.7668317556381226, 0.3026638329029083, 0.5560994744300842, 0.6261658072471619, 0.5465073585510254, -0.608596920967102, -0.14101548492908478, 0.7808484435081482),
            ["Head"] = CFrame.new(1.2665987014770508e-07, -5.960464477539062e-07, 7.450580596923828e-09, 0.6694424748420715, -0.16640116274356842, 0.7239871025085449, 0.053708095103502274, 0.9828803539276123, 0.17624355852603912, -0.7409198880195618, -0.07910095900297165, 0.6669189929962158),
            ["RightHand"] = CFrame.new(3.8743019104003906e-07, 0.0000013113021850585938, -8.610077202320099e-07, 0.5704731941223145, 0.5819922685623169, 0.5795212388038635, -0.7855704426765442, 0.5925480723381042, 0.17823094129562378, -0.23966537415981293, -0.5569308400154114, 0.795228898525238),
            ["UpperTorso"] = CFrame.new(1.1175870895385742e-08, 8.940696716308594e-08, 7.264316082000732e-08, 0.9666347503662109, 0.25306370854377747, 0.03969840705394745, -0.25593695044517517, 0.9605762958526611, 0.10857930779457092, -0.010655832476913929, -0.11511681228876114, 0.9932948350906372),
            ["HumanoidRootPart"] = CFrame.new(0, 0, 0, 1, 0, 0, 0, 1, 0, 0, 0, 1),
            ["RightUpperLeg"] = CFrame.new(0, 3.841705620288849e-08, 2.0656443666666746e-08, 0.8527510166168213, -0.29980942606925964, -0.427703320980072, 0.09931309521198273, 0.89698725938797, -0.4307563304901123, 0.5127890706062317, 0.32485124468803406, 0.7946816682815552),
            ["LeftUpperArm"] = CFrame.new(0.10076498985290527, 0.058779001235961914, -0.012332960963249207, 0.9028270244598389, 0.10345117747783661, 0.4173741936683655, -0.36638715863227844, 0.6931473016738892, 0.6207314729690552, -0.22508642077445984, -0.7133334875106812, 0.663695216178894),
            ["RightLowerArm"] = CFrame.new(2.980232238769531e-07, 4.76837158203125e-07, -0.000004082918167114258, 1, -0.000014331193597172387, 0.00001319055627391208, 0.00001894683373393491, 0.5676389336585999, -0.8232775926589966, 0.000004306436949264025, 0.8232777118682861, 0.5676389932632446),
            ["LeftHand"] = CFrame.new(-0.0000014901161193847656, -0.0000013113021850585938, 2.682209014892578e-07, 0.6680746674537659, -0.3708101212978363, -0.6451165676116943, 0.32771962881088257, 0.9249973893165588, -0.19230209290981293, 0.6680389046669006, -0.08294512331485748, 0.7394893765449524),
            ["LeftFoot"] = CFrame.new(1.3969838619232178e-08, -5.960464477539063e-08, 3.725290298461914e-08, 0.9968337416648865, 0.07320033013820648, -0.03105265274643898, -0.07524976134300232, 0.7422758340835571, -0.6658560037612915, -0.025691218674182892, 0.6660842895507812, 0.7454338669776917),
            ["LowerTorso"] = CFrame.new(-0.3870144784450531, -0.28545451164245605, -0.03816577047109604, 0.5710258483886719, -0.10479503870010376, -0.814215898513794, 0.0626668706536293, 0.9944892525672913, -0.08404789119958878, 0.8185366988182068, -0.0030308442655950785, 0.5744462609291077),
            ["RightLowerLeg"] = CFrame.new(-8.195638656616211e-08, -0.0007264614105224609, 0.00004611333861248568, 1, 1.043081780949251e-07, 8.195639367158947e-08, -7.823107495141812e-08, 0.070009246468544, 0.997546374797821, 1.8998976258899347e-07, -0.9975464344024658, 0.07000910490751266),
            ["LeftUpperLeg"] = CFrame.new(5.960464477539063e-08, 2.852175384759903e-08, 5.960464477539063e-08, 0.609873354434967, 0.3609131872653961, 0.7055466771125793, -0.033513013273477554, 0.901229739189148, -0.43204373121261597, -0.7917900681495667, 0.2398470640182495, 0.5617313981056213),
            ["LeftLowerLeg"] = CFrame.new(4.842877388000488e-08, -0.0007264614105224609, 0.0000811377540230751, 1, 2.2351747119842003e-08, 1.043081283569336e-07, -6.891787052154541e-08, 0.37914934754371643, 0.9253355860710144, -2.3283064365386963e-08, -0.9253355264663696, 0.3791491985321045),
        }},
        {Time = 0.267, Data = {
            ["RightFoot"] = CFrame.new(1.9744038581848145e-07, -1.1920928955078125e-07, 6.269692676141858e-08, 0.9817509651184082, -0.11209695786237717, 0.1536206156015396, 0.13313040137290955, 0.9819620251655579, -0.13426440954208374, -0.13579906523227692, 0.15226557850837708, 0.9789656400680542),
            ["LeftLowerArm"] = CFrame.new(0.0000016689300537109375, -3.5762786865234375e-07, 0.000004969537258148193, 1, 1.341104507446289e-07, 2.6077039194660756e-08, -7.4505820180093e-08, 0.8829365968704224, -0.4694924056529999, -4.4703494239684005e-08, 0.4694923758506775, 0.8829365372657776),
            ["RightUpperArm"] = CFrame.new(0.03425109386444092, -0.041123270988464355, 0.0020137131214141846, 0.6523754596710205, -0.704648494720459, 0.2790643870830536, 0.5620225667953491, 0.6968128085136414, 0.44562551379203796, -0.5084651708602905, -0.13387492299079895, 0.8506120443344116),
            ["Head"] = CFrame.new(-5.960464477539063e-08, -7.152557373046875e-07, 3.725290298461914e-08, 0.7063944935798645, -0.14899082481861115, 0.6919599175453186, 0.05600554123520851, 0.9862954616546631, 0.1551923006772995, -0.7055992484092712, -0.07087362557649612, 0.7050580382347107),
            ["RightHand"] = CFrame.new(-8.940696716308594e-08, 0.0000013113021850585938, -8.046627044677734e-07, 0.7044228911399841, 0.40538352727890015, 0.5826249122619629, -0.6455180644989014, 0.707199215888977, 0.2884027361869812, -0.2951185703277588, -0.5792524814605713, 0.759850025177002),
            ["UpperTorso"] = CFrame.new(-3.5390257835388184e-08, -8.940696716308594e-08, 4.307366907596588e-08, 0.9778271317481995, 0.19195349514484406, 0.08371366560459137, -0.19918373227119446, 0.975930392742157, 0.08880150318145752, -0.06465300917625427, -0.10350679606199265, 0.9925253391265869),
            ["HumanoidRootPart"] = CFrame.new(0, 0, 0, 1, 0, 0, 0, 1, 0, 0, 0, 1),
            ["RightUpperLeg"] = CFrame.new(-2.9802322387695312e-08, -2.612359821796417e-07, 2.0656443666666746e-08, 0.8613989949226379, -0.2577987611293793, -0.43764325976371765, 0.10379665344953537, 0.932783842086792, -0.3451675474643707, 0.49721041321754456, 0.25190091133117676, 0.8302575945854187),
            ["LeftUpperArm"] = CFrame.new(0.10114943981170654, 0.0631934404373169, 0.004711993038654327, 0.8441649079322815, 0.049374230206012726, 0.533805251121521, -0.3935409486293793, 0.733227014541626, 0.5545296669006348, -0.36402106285095215, -0.6781889796257019, 0.6383954882621765),
            ["RightLowerArm"] = CFrame.new(5.364418029785156e-07, 2.384185791015625e-07, -0.000004291534423828125, 1, -0.000015627594621037133, 0.00001157075439550681, 0.000018939379515359178, 0.6509628891944885, -0.7591095566749573, 0.00000433623881690437, 0.759109616279602, 0.6509628891944885),
            ["LeftHand"] = CFrame.new(-0.000001296401023864746, -0.0000010132789611816406, 1.1920928955078125e-07, 0.7783908843994141, -0.36723971366882324, -0.5091582536697388, 0.31450897455215454, 0.9300457835197449, -0.18999750912189484, 0.543315589427948, -0.012242418713867664, 0.8394395709037781),
            ["LeftFoot"] = CFrame.new(2.3283064365386963e-09, -5.960464477539063e-08, 0, 0.9955492615699768, 0.06657417863607407, -0.06670592725276947, -0.09360285848379135, 0.7808647155761719, -0.6176477074623108, 0.010968922637403011, 0.6211426258087158, 0.7836208939552307),
