return {
["ankle break death"] = {

          {Time = 0.000, Data = {

              ["Head"] = CFrame.new(0.000000, 0.000000, 0.000000, 1.000000, 0.000000, 0.000000, 0.000000, 1.000000, -0.000000, 0.000000, 0.000000, 1.000000),

              ["LeftFoot"] = CFrame.new(-0.000000, 0.019767, -0.000002, 1.000000, 0.000000, 0.000000, -0.000000, 0.986837, -0.161733, -0.000000, 0.161719, 0.986835),

              ["LeftHand"] = CFrame.new(0.000510, -0.015665, -0.000000, 0.981085, -0.167544, 0.096959, 0.168328, 0.985731, 0.000090, -0.095590, 0.016233, 0.995288),

              ["LeftLowerArm"] = CFrame.new(-0.000500, -0.015846, 0.000086, 1.000000, -0.000000, -0.000000, 0.000000, 1.000000, -0.000001, 0.000000, -0.000000, 1.000000),

              ["LeftLowerLeg"] = CFrame.new(0.000000, 0.088832, -0.028743, 1.000000, -0.000000, -0.000000, 0.000000, 0.704710, 0.709499, -0.000000, -0.709496, 0.704706),

              ["LeftUpperArm"] = CFrame.new(0.246381, -0.073539, 0.048479, 0.981085, 0.168328, -0.095590, -0.167544, 0.985731, 0.016234, 0.096958, 0.000089, 0.995288),

              ["LeftUpperLeg"] = CFrame.new(0.000000, -0.000000, -0.000100, 1.000000, 0.000000, -0.000000, -0.000000, 0.631718, -0.775186, 0.000000, 0.775198, 0.631733),

              ["LowerTorso"] = CFrame.new(-0.000000, 0.000000, 0.954911, 1.000000, 0.000000, -0.000000, 0.000000, 1.000000, 0.000000, 0.000000, 0.000000, 1.000000),

              ["RightFoot"] = CFrame.new(-0.000000, -0.001337, -0.000103, 1.000000, -0.000000, -0.000000, 0.000000, 0.998263, -0.058916, 0.000000, 0.058922, 0.998263),

              ["RightHand"] = CFrame.new(-0.000515, -0.022033, 0.000000, 0.988106, 0.133178, -0.076879, -0.133565, 0.991040, 0.000105, 0.076203, 0.010165, 0.997041),

              ["RightLowerArm"] = CFrame.new(-0.000001, -0.022007, 0.000119, 1.000000, 0.000000, 0.000000, -0.000000, 1.000000, -0.000001, -0.000000, -0.000000, 1.000000),

              ["RightLowerLeg"] = CFrame.new(-0.000000, -0.001332, -0.000014, 1.000000, 0.000000, 0.000000, 0.000000, 1.000000, -0.000008, -0.000000, -0.000011, 1.000000),

              ["RightUpperArm"] = CFrame.new(-0.198723, -0.035889, 0.038439, 0.988106, -0.133565, 0.076203, 0.133178, 0.991040, 0.010166, -0.076878, 0.000105, 0.997041),

              ["RightUpperLeg"] = CFrame.new(0.000000, -0.000000, 0.000000, 1.000000, 0.000000, 0.000000, -0.000000, 0.998263, 0.058921, -0.000000, -0.058914, 0.998263),

              ["UpperTorso"] = CFrame.new(-0.000000, 0.000000, 0.000000, 1.000000, 0.000000, 0.000000, 0.000000, 1.000000, 0.000000, -0.000000, 0.000000, 1.000000)

          }},

          {Time = 0.033, Data = {

              ["Head"] = CFrame.new(0.000000, 0.000000, -0.000000, 1.000000, 0.000516, 0.000460, -0.000517, 1.000000, 0.000456, -0.000460, -0.000456, 1.000000),

              ["LeftFoot"] = CFrame.new(-0.000000, 0.017204, -0.000002, 0.999932, 0.000986, 0.011581, 0.000657, 0.990004, -0.141052, -0.011604, 0.141037, 0.989935),

              ["LeftHand"] = CFrame.new(0.000516, -0.023750, -0.000000, 0.980155, -0.171587, 0.099273, 0.171669, 0.985124, 0.007785, -0.099131, 0.009411, 0.995030),

              ["LeftLowerArm"] = CFrame.new(-0.000499, -0.023921, 0.000130, 1.000000, -0.000000, -0.000000, 0.000000, 1.000000, -0.000001, 0.000000, -0.000000, 1.000000),

              ["LeftLowerLeg"] = CFrame.new(-0.000000, 0.081246, -0.023803, 1.000000, -0.000000, -0.000000, 0.000000, 0.755946, 0.654636, -0.000000, -0.654634, 0.755944),

              ["LeftUpperArm"] = CFrame.new(0.246570, -0.077145, 0.044546, 0.980613, 0.174864, -0.088433, -0.173796, 0.984585, 0.019698, 0.090514, -0.003946, 0.995887),

              ["LeftUpperLeg"] = CFrame.new(0.000000, -0.000000, -0.000100, 0.999916, -0.003415, -0.012490, -0.006688, 0.689754, -0.724000, 0.011088, 0.724036, 0.689687),

              ["LowerTorso"] = CFrame.new(-0.000224, -0.000828, 0.801909, 0.999998, -0.001786, 0.000629, 0.001786, 0.999998, 0.000937, -0.000631, -0.000936, 0.999999),

              ["RightFoot"] = CFrame.new(-0.000000, -0.004893, -0.000103, 0.999959, 0.005056, 0.007561, -0.004320, 0.995527, -0.094372, -0.008004, 0.094340, 0.995508),

              ["RightHand"] = CFrame.new(-0.000515, -0.023555, -0.000000, 0.987281, 0.137674, -0.079507, -0.137813, 0.990451, 0.003762, 0.079265, 0.007243, 0.996827),

              ["RightLowerArm"] = CFrame.new(-0.000001, -0.023526, 0.000128, 1.000000, 0.000000, 0.000000, -0.000000, 1.000000, -0.000001, -0.000000, -0.000000, 1.000000),

              ["RightLowerLeg"] = CFrame.new(0.000000, -0.004876, -0.000061, 1.000000, 0.000000, 0.000000, 0.000000, 1.000000, -0.000008, 0.000000, -0.000011, 1.000000),

              ["RightUpperArm"] = CFrame.new(-0.198735, -0.035313, 0.040582, 0.987907, -0.132983, 0.079726, 0.132091, 0.991102, 0.016381, -0.081195, -0.005651, 0.996682),

              ["RightUpperLeg"] = CFrame.new(0.000000, -0.000000, 0.000000, 0.999949, 0.001848, -0.009904, -0.000919, 0.995665, 0.093016, 0.010033, -0.092995, 0.995615),

              ["UpperTorso"] = CFrame.new(0.000013, 0.000010, -0.000019, 0.999997, -0.002355, 0.000019, 0.002355, 0.999997, -0.000040, -0.000019, 0.000041, 1.000000)

          }},

          {Time = 0.067, Data = {

              ["Head"] = CFrame.new(-0.000000, 0.000000, -0.000000, 0.999996, 0.002032, 0.001806, -0.002035, 0.999996, 0.001786, -0.001803, -0.001790, 0.999997),

              ["LeftFoot"] = CFrame.new(0.000000, 0.011878, -0.000003, 0.999141, 0.000474, 0.041438, 0.002148, 0.997999, -0.063209, -0.041382, 0.063237, 0.997140),

              ["LeftHand"] = CFrame.new(0.000520, -0.030682, -0.000000, 0.979312, -0.175212, 0.101239, 0.174784, 0.984519, 0.013150, -0.101974, 0.004817, 0.994775),

              ["LeftLowerArm"] = CFrame.new(-0.000499, -0.030844, 0.000167, 1.000000, -0.000000, -0.000000, 0.000000, 1.000000, -0.000001, 0.000000, -0.000000, 1.000000),

              ["LeftLowerLeg"] = CFrame.new(-0.000000, 0.059293, -0.011952, 1.000000, -0.000000, -0.000000, 0.000000, 0.877518, 0.479538, -0.000000, -0.479543, 0.877521),

              ["LeftUpperArm"] = CFrame.new(0.247548, -0.081505, 0.039602, 0.980062, 0.181023, -0.081906, -0.179693, 0.983445, 0.023383, 0.084783, -0.008198, 0.996366),

              ["LeftUpperLeg"] = CFrame.new(0.000000, 0.000000, -0.000100, 0.999010, -0.010306, -0.043286, -0.016832, 0.812992, -0.582018, 0.041190, 0.582184, 0.812023),

              ["LowerTorso"] = CFrame.new(-0.002258, -0.003206, 0.517404, 0.999991, -0.003419, 0.002450, 0.003410, 0.999988, 0.003668, -0.002462, -0.003659, 0.999990),

              ["RightFoot"] = CFrame.new(-0.000000, -0.014462, -0.000103, 0.999601, 0.014252, 0.024385, -0.009857, 0.985098, -0.171714, -0.026467, 0.171404, 0.984845),

              ["RightHand"] = CFrame.new(-0.000516, -0.024418, -0.000000, 0.986242, 0.143138, -0.082699, -0.143308, 0.989671, 0.003914, 0.082404, 0.007992, 0.996567),

              ["RightLowerArm"] = CFrame.new(-0.000001, -0.024387, 0.000133, 1.000000, 0.000000, 0.000000, -0.000000, 1.000000, -0.000001, -0.000000, -0.000000, 1.000000),

              ["RightLowerLeg"] = CFrame.new(0.000000, -0.014411, -0.000187, 1.000000, 0.000000, -0.000000, -0.000000, 1.000000, -0.000008, -0.000000, -0.000011, 1.000000),

              ["RightUpperArm"] = CFrame.new(-0.198909, -0.035279, 0.042302, 0.987594, -0.133794, 0.082209, 0.132211, 0.990921, 0.024422, -0.084730, -0.013250, 0.996316),

              ["RightUpperLeg"] = CFrame.new(0.000000, -0.000000, -0.000000, 0.999531, 0.002784, -0.030509, 0.002359, 0.985914, 0.167242, 0.030545, -0.167228, 0.985444),

              ["UpperTorso"] = CFrame.new(0.000025, 0.000020, -0.000038, 0.999989, -0.004707, 0.000038, 0.004707, 0.999989, -0.000081, -0.000038, 0.000081, 1.000000)

          }},

          {Time = 0.100, Data = {

              ["Head"] = CFrame.new(0.000000, 0.000000, 0.000000, 0.999982, 0.004494, 0.003986, -0.004510, 0.999982, 0.003930, -0.003968, -0.003948, 0.999984),

              ["LeftFoot"] = CFrame.new(-0.000000, 0.004873, -0.000003, 0.996678, -0.008720, 0.080975, 0.001545, 0.996099, 0.088245, -0.081423, -0.087815, 0.992802),

              ["LeftHand"] = CFrame.new(0.000507, -0.010323, -0.000000, 0.981561, -0.165626, 0.095422, 0.167377, 0.985836, -0.010594, -0.092315, 0.026370, 0.995381),

              ["LeftLowerArm"] = CFrame.new(-0.000499, -0.010510, 0.000057, 1.000000, -0.000000, -0.000000, 0.000000, 1.000000, -0.000001, 0.000000, -0.000000, 1.000000),

              ["LeftLowerLeg"] = CFrame.new(0.000000, 0.021517, -0.001216, 1.000000, -0.000000, -0.000000, 0.000000, 0.986452, 0.164034, -0.000000, -0.164050, 0.986455),

              ["LeftUpperArm"] = CFrame.new(0.250137, -0.076810, 0.043517, 0.981157, 0.166713, -0.097661, -0.165718, 0.986004, 0.018273, 0.099341, -0.001744, 0.995052),

              ["LeftUpperLeg"] = CFrame.new(0.000000, -0.000000, -0.000100, 0.996252, -0.014463, -0.085276, -0.018363, 0.928079, -0.371921, 0.084522, 0.372103, 0.924339),

              ["LowerTorso"] = CFrame.new(-0.008150, -0.006977, 0.363157, 0.999985, 0.000685, 0.005359, -0.000728, 0.999967, 0.008067, -0.005353, -0.008071, 0.999953),

              ["RightFoot"] = CFrame.new(0.000000, -0.024445, -0.000103, 0.999132, 0.014694, 0.038976, -0.004534, 0.968514, -0.248926, -0.041404, 0.248527, 0.967738),

              ["RightHand"] = CFrame.new(-0.000512, -0.018848, -0.000000, 0.987283, 0.137667, -0.079501, -0.139314, 0.990126, -0.015535, 0.076576, 0.026413, 0.996714),

              ["RightLowerArm"] = CFrame.new(-0.000001, -0.018826, 0.000102, 1.000000, 0.000000, 0.000000, -0.000000, 1.000000, -0.000001, -0.000000, -0.000000, 1.000000),

              ["RightLowerLeg"] = CFrame.new(-0.000000, -0.024359, -0.000319, 1.000000, 0.000000, 0.000000, -0.000000, 1.000000, -0.000008, -0.000000, -0.000011, 1.000000),

              ["RightUpperArm"] = CFrame.new(-0.199452, -0.038508, 0.036408, 0.987594, -0.139950, 0.071220, 0.138980, 0.990124, 0.018421, -0.073095, -0.008294, 0.997291),

              ["RightUpperLeg"] = CFrame.new(-0.000000, -0.000000, 0.000000, 0.998898, -0.003907, -0.046766, 0.015064, 0.970488, 0.240685, 0.044446, -0.241117, 0.969476),

              ["UpperTorso"] = CFrame.new(-0.000000, -0.000000, -0.000000, 1.000000, -0.000000, 0.000000, 0.000000, 1.000000, 0.000000, -0.000000, 0.000000, 1.000000)

          }},

          {Time = 0.133, Data = {

              ["Head"] = CFrame.new(-0.000000, -0.000000, -0.000000, 0.999945, 0.007850, 0.006950, -0.007897, 0.999946, 0.006826, -0.006896, -0.006881, 0.999953),

              ["LeftFoot"] = CFrame.new(-0.000000, -0.012688, -0.000003, 0.991915, -0.034470, 0.122144, 0.012010, 0.983588, 0.180050, -0.126337, -0.177105, 0.976045),

              ["LeftHand"] = CFrame.new(0.000494, 0.009292, -0.000000, 0.988882, -0.128983, 0.074005, 0.116107, 0.980641, 0.157682, -0.092909, -0.147335, 0.984713),

              ["LeftLowerArm"] = CFrame.new(-0.000500, 0.056413, 0.012106, 1.000000, -0.000000, -0.000000, 0.000000, 0.876735, -0.480973, 0.000000, 0.480973, 0.876735),

              ["LeftLowerLeg"] = CFrame.new(-0.000000, -0.012243, -0.000061, 1.000000, 0.000000, -0.000000, 0.000000, 1.000000, -0.000007, -0.000000, -0.000010, 1.000000),

              ["LeftUpperArm"] = CFrame.new(0.252813, -0.055245, 0.067151, 0.980923, 0.149950, -0.123712, -0.116334, 0.962667, 0.244417, 0.155744, -0.225361, 0.961746),

              ["LeftUpperLeg"] = CFrame.new(0.000000, 0.000000, -0.000100, 0.990742, -0.029324, -0.132551, -0.007412, 0.963250, -0.268497, 0.135554, 0.267001, 0.954117),

              ["LowerTorso"] = CFrame.new(-0.019466, -0.011940, 0.360854, 0.999846, 0.014890, 0.009250, -0.015019, 0.999789, 0.014018, -0.009039, -0.014155, 0.999859),

              ["RightFoot"] = CFrame.new(0.000000, -0.023254, -0.000103, 0.999180, -0.010265, 0.039176, 0.021481, 0.954380, -0.297833, -0.034329, 0.298420, 0.953814),

              ["RightHand"] = CFrame.new(-0.000501, -0.002185, -0.000000, 0.991445, 0.113106, -0.065147, -0.117483, 0.990758, -0.067805, 0.056875, 0.074878, 0.995569),

              ["RightLowerArm"] = CFrame.new(-0.000000, -0.002183, 0.000012, 1.000000, 0.000000, 0.000000, -0.000000, 1.000000, -0.000001, -0.000000, -0.000000, 1.000000),

              ["RightLowerLeg"] = CFrame.new(-0.000000, -0.023171, -0.000303, 1.000000, -0.000000, -0.000000, 0.000000, 1.000000, -0.000008, -0.000000, -0.000011, 1.000000),

              ["RightUpperArm"] = CFrame.new(-0.199957, -0.046600, 0.018484, 0.987111, -0.154876, 0.040313, 0.155591, 0.987704, -0.015222, -0.037460, 0.021299, 0.999071),

              ["RightUpperLeg"] = CFrame.new(0.000000, -0.000000, -0.000000, 0.998739, -0.023488, -0.044380, 0.035240, 0.957493, 0.286302, 0.035769, -0.287498, 0.957111),

              ["UpperTorso"] = CFrame.new(-0.000094, -0.000077, 0.000143, 0.999849, 0.017367, -0.000143, -0.017367, 0.999849, 0.000303, 0.000148, -0.000300, 1.000000)

          }},

          {Time = 0.167, Data = {

              ["Head"] = CFrame.new(-0.000000, 0.000000, 0.000000, 0.999871, 0.012045, 0.010650, -0.012156, 0.999872, 0.010413, -0.010523, -0.010541, 0.999889),

              ["LeftFoot"] = CFrame.new(0.000000, -0.022058, -0.000003, 0.983554, -0.078374, 0.162734, 0.043822, 0.977583, 0.205961, -0.175216, -0.195420, 0.964934),

              ["LeftHand"] = CFrame.new(0.000486, 0.021209, 0.000000, 0.998126, -0.053177, 0.030284, 0.042113, 0.955928, 0.290567, -0.044400, -0.288744, 0.956375),

              ["LeftLowerArm"] = CFrame.new(-0.000500, 0.103672, 0.047552, 1.000000, -0.000000, -0.000000, 0.000000, 0.510218, -0.860045, 0.000000, 0.860045, 0.510218),

              ["LeftLowerLeg"] = CFrame.new(-0.000000, -0.021581, -0.000185, 1.000000, 0.000000, 0.000000, 0.000000, 1.000000, -0.000007, 0.000000, -0.000010, 1.000000),

              ["LeftUpperArm"] = CFrame.new(0.246499, -0.019380, 0.120138, 0.961285, 0.151724, -0.230026, -0.036782, 0.897946, 0.438567, 0.273092, -0.413126, 0.868762),

              ["LeftUpperLeg"] = CFrame.new(0.000000, 0.000000, -0.000100, 0.981298, -0.064834, -0.181248, 0.011888, 0.960185, -0.279105, 0.192128, 0.271737, 0.943000),

              ["LowerTorso"] = CFrame.new(-0.035850, -0.017793, 0.357714, 0.999153, 0.038687, 0.013991, -0.038982, 0.999010, 0.021427, -0.013148, -0.021954, 0.999673),

              ["RightFoot"] = CFrame.new(-0.000000, -0.008690, -0.000103, 0.997747, -0.061096, 0.027729, 0.066787, 0.943882, -0.323471, -0.006409, 0.324582, 0.945832),

              ["RightHand"] = CFrame.new(-0.000497, 0.005412, -0.000000, 0.996443, 0.073143, -0.041842, -0.074265, 0.996902, -0.025919, 0.039816, 0.028934, 0.998788),

              ["RightLowerArm"] = CFrame.new(0.000000, 0.030686, 0.003248, 1.000000, 0.000000, 0.000000, -0.000000, 0.966842, -0.255375, -0.000000, 0.255375, 0.966842),

              ["RightLowerLeg"] = CFrame.new(0.000000, -0.008659, -0.000111, 1.000000, 0.000000, -0.000000, 0.000000, 1.000000, -0.000008, 0.000000, -0.000011, 1.000000),

              ["RightUpperArm"] = CFrame.new(-0.199295, -0.057665, -0.007009, 0.983894, -0.177291, -0.022833, 0.178263, 0.982620, 0.051770, 0.013258, -0.055005, 0.998398),

              ["RightUpperLeg"] = CFrame.new(0.000000, 0.000000, -0.000000, 0.998014, -0.055682, -0.029448, 0.062077, 0.948726, 0.309952, 0.010680, -0.311158, 0.950296),

              ["UpperTorso"] = CFrame.new(-0.000255, -0.000219, 0.000399, 0.998897, 0.046945, -0.000396, -0.046945, 0.998897, 0.000844, 0.000435, -0.000825, 1.000000)

          }},

          {Time = 0.200, Data = {

              ["Head"] = CFrame.new(-0.000000, -0.000000, -0.000000, 0.999742, 0.017024, 0.015040, -0.017244, 0.999744, 0.014625, -0.014787, -0.014880, 0.999780),

              ["LeftFoot"] = CFrame.new(-0.000000, -0.017635, -0.000003, 0.969372, -0.139118, 0.202412, 0.090103, 0.968090, 0.233866, -0.228473, -0.208441, 0.950966),

              ["LeftHand"] = CFrame.new(0.000483, 0.025410, 0.000000, 0.996163, 0.076053, -0.043301, -0.052771, 0.916711, 0.396054, 0.069814, -0.392245, 0.917206),

              ["LeftLowerArm"] = CFrame.new(-0.000499, 0.119836, 0.093606, 1.000000, -0.000000, 0.000000, 0.000000, 0.032163, -0.999483, 0.000000, 0.999483, 0.032162),

              ["LeftLowerLeg"] = CFrame.new(-0.000000, -0.017173, -0.000127, 1.000000, 0.000000, -0.000000, 0.000000, 1.000000, -0.000007, -0.000000, -0.000010, 1.000000),

              ["LeftUpperArm"] = CFrame.new(0.208920, 0.012703, 0.215706, 0.877767, 0.224324, -0.423325, 0.036685, 0.849541, 0.526246, 0.477681, -0.477451, 0.737469),

              ["LeftUpperLeg"] = CFrame.new(-0.000000, 0.000000, -0.000100, 0.967004, -0.110930, -0.229344, 0.035281, 0.949860, -0.310673, 0.252308, 0.292337, 0.922434),

              ["LowerTorso"] = CFrame.new(-0.056451, -0.024178, 0.353810, 0.997335, 0.070325, 0.019444, -0.070892, 0.997027, 0.030204, -0.017262, -0.031502, 0.999355),

              ["RightFoot"] = CFrame.new(0.000000, 0.004937, -0.000103, 0.991470, -0.129631, 0.013521, 0.123924, 0.905490, -0.405889, 0.040371, 0.404083, 0.913822),

              ["RightHand"] = CFrame.new(-0.000494, 0.009362, -0.000000, 0.999623, 0.024074, -0.013230, -0.024219, 0.999648, -0.010872, 0.012964, 0.011188, 0.999853),

              ["RightLowerArm"] = CFrame.new(0.000000, 0.057657, 0.012654, 1.000000, 0.000000, 0.000000, -0.000000, 0.871155, -0.491009, -0.000000, 0.491009, 0.871155),

              ["RightLowerLeg"] = CFrame.new(0.000000, 0.020649, -0.001229, 1.000000, 0.000000, 0.000000, -0.000000, 0.987334, 0.158639, 0.000000, -0.158657, 0.987337),

              ["RightUpperArm"] = CFrame.new(-0.197062, -0.069529, -0.032582, 0.977154, -0.195449, -0.083481, 0.202641, 0.975229, 0.088685, 0.064080, -0.103574, 0.992555),

              ["RightUpperLeg"] = CFrame.new(0.000000, -0.000000, -0.000000, 0.994946, -0.100098, -0.007992, 0.099057, 0.965315, 0.241577, -0.016466, -0.241137, 0.970349),

              ["UpperTorso"] = CFrame.new(-0.000474, -0.000433, 0.000762, 0.996235, 0.086687, -0.000752, -0.086686, 0.996234, 0.001618, 0.000890, -0.001547, 0.999998)

          }},

          {Time = 0.233, Data = {

              ["Head"] = CFrame.new(0.000000, 0.000000, 0.000000, 0.999540, 0.022731, 0.020073, -0.023121, 0.999545, 0.019397, -0.019623, -0.019853, 0.999610),

              ["LeftFoot"] = CFrame.new(0.000000, -0.005842, -0.000003, 0.946793, -0.213549, 0.240809, 0.150034, 0.954754, 0.256797, -0.284733, -0.206981, 0.935984),

              ["LeftHand"] = CFrame.new(0.000482, 0.027171, -0.000000, 0.965318, 0.227426, -0.128216, -0.118902, 0.820181, 0.559615, 0.232430, -0.524958, 0.818774),

              ["LeftLowerArm"] = CFrame.new(-0.000498, 0.112872, 0.133790, 1.000000, -0.000000, 0.000000, 0.000000, -0.385256, -0.922809, 0.000000, 0.922810, -0.385257),

              ["LeftLowerLeg"] = CFrame.new(0.000000, -0.005421, 0.000029, 1.000000, -0.000000, -0.000000, -0.000000, 1.000000, -0.000007, 0.000000, -0.000010, 1.000000),

              ["LeftUpperArm"] = CFrame.new(0.111968, -0.026898, 0.338099, 0.674230, 0.334486, -0.658432, -0.031838, 0.903890, 0.426578, 0.737835, -0.266648, 0.620080),

              ["LeftUpperLeg"] = CFrame.new(0.000000, 0.000000, -0.000100, 0.947710, -0.164760, -0.273313, 0.060436, 0.933582, -0.353225, 0.313357, 0.318243, 0.894725),

              ["LowerTorso"] = CFrame.new(-0.080407, -0.030737, 0.349199, 0.993823, 0.108017, 0.025469, -0.108984, 0.993228, 0.040257, -0.020948, -0.042784, 0.998865),

              ["RightFoot"] = CFrame.new(-0.000000, 0.010003, -0.000103, 0.978298, -0.207167, 0.003940, 0.179964, 0.840120, -0.511700, 0.102690, 0.501279, 0.859155),

              ["RightHand"] = CFrame.new(-0.000490, 0.014500, 0.000000, 0.999417, -0.029131, 0.017784, 0.029686, 0.999054, -0.031779, -0.016842, 0.032289, 0.999337),

              ["RightLowerArm"] = CFrame.new(0.000000, 0.078961, 0.024413, 1.000000, 0.000000, 0.000000, -0.000000, 0.750217, -0.661191, -0.000000, 0.661192, 0.750217),

              ["RightLowerLeg"] = CFrame.new(0.000000, 0.047530, -0.007448, 1.000000, 0.000000, 0.000000, -0.000000, 0.924323, 0.381601, 0.000000, -0.381612, 0.924327),

              ["RightUpperArm"] = CFrame.new(-0.193967, -0.082075, -0.051092, 0.968322, -0.218401, -0.121053, 0.228490, 0.970517, 0.076739, 0.100724, -0.101967, 0.989675),

              ["RightUpperLeg"] = CFrame.new(0.000000, -0.000000, -0.000000, 0.988212, -0.152540, 0.012964, 0.149553, 0.980012, 0.131209, -0.032719, -0.127707, 0.991270),

              ["UpperTorso"] = CFrame.new(-0.000739, -0.000726, 0.001229, 0.990943, 0.134277, -0.001206, -0.134274, 0.990941, 0.002619, 0.001546, -0.002433, 0.999996)

          }},

          {Time = 0.267, Data = {

              ["Head"] = CFrame.new(0.000000, -0.000000, -0.000000, 0.999246, 0.029109, 0.025703, -0.029744, 0.999253, 0.024665, -0.024966, -0.025411, 0.999365),

              ["LeftFoot"] = CFrame.new(0.000000, 0.002729, -0.000003, 0.913948, -0.296605, 0.277012, 0.236164, 0.943772, 0.231361, -0.330038, -0.146013, 0.932597),

              ["LeftHand"] = CFrame.new(0.000481, 0.028174, 0.000000, 0.983621, 0.157502, -0.087661, -0.026420, 0.607046, 0.794230, 0.178305, -0.778902, 0.601260),

              ["LeftLowerArm"] = CFrame.new(-0.000497, 0.100705, 0.154646, 1.000000, -0.000000, 0.000000, 0.000000, -0.602102, -0.798418, 0.000000, 0.798419, -0.602104),

              ["LeftLowerLeg"] = CFrame.new(0.000000, 0.011672, -0.000247, 1.000000, -0.000000, -0.000000, 0.000000, 0.996293, 0.086014, -0.000000, -0.086031, 0.996294),

              ["LeftUpperArm"] = CFrame.new(0.032139, -0.257630, 0.319289, 0.503740, 0.262000, -0.823166, -0.481338, 0.876396, -0.015615, 0.717328, 0.404087, 0.567586),

              ["LeftUpperLeg"] = CFrame.new(0.000000, -0.000000, -0.000100, 0.924111, -0.237225, -0.299573, 0.087323, 0.894319, -0.438819, 0.372013, 0.379366, 0.847168),

              ["LowerTorso"] = CFrame.new(-0.106844, -0.037167, 0.343913, 0.988179, 0.149943, 0.031927, -0.151446, 0.987123, 0.051497, -0.023794, -0.055723, 0.998163),

              ["RightFoot"] = CFrame.new(0.000000, 0.013534, -0.000103, 0.958156, -0.286235, 0.003381, 0.231986, 0.769548, -0.594986, 0.167692, 0.570847, 0.803729),

              ["RightHand"] = CFrame.new(-0.000487, 0.018905, -0.000000, 0.995342, -0.082943, 0.049142, 0.086014, 0.994231, -0.064081, -0.043543, 0.068010, 0.996734),

              ["RightLowerArm"] = CFrame.new(-0.000000, 0.094547, 0.036759, 1.000000, 0.000000, 0.000000, -0.000000, 0.622193, -0.782864, -0.000000, 0.782864, 0.622193),

              ["RightLowerLeg"] = CFrame.new(0.000000, 0.066976, -0.015968, 1.000000, 0.000000, 0.000000, -0.000000, 0.837594, 0.546290, 0.000000, -0.546293, 0.837596),

              ["RightUpperArm"] = CFrame.new(-0.190559, -0.097988, -0.058063, 0.958508, -0.256074, -0.125256, 0.261175, 0.964945, 0.025871, 0.114241, -0.057510, 0.991787),

              ["RightUpperLeg"] = CFrame.new(0.000000, -0.000000, 0.000000, 0.976142, -0.216280, 0.019225, 0.215293, 0.975571, 0.043724, -0.028211, -0.038521, 0.998859),

              ["UpperTorso"] = CFrame.new(-0.001037, -0.001105, 0.001797, 0.982349, 0.187049, -0.001747, -0.187041, 0.982345, 0.003836, 0.002433, -0.003441, 0.999991)

          }},

          {Time = 0.300, Data = {

              ["Head"] = CFrame.new(0.000000, -0.000000, -0.000000, 0.998839, 0.036102, 0.031882, -0.037071, 0.998851, 0.030361, -0.030749, -0.031508, 0.999030),

              ["LeftFoot"] = CFrame.new(0.000000, 0.006195, -0.000003, 0.870518, -0.383248, 0.308759, 0.344556, 0.922558, 0.173701, -0.351397, -0.044818, 0.935145),

              ["LeftHand"] = CFrame.new(0.000481, 0.027813, 0.000000, 0.953146, -0.264269, 0.147227, 0.047806, 0.612151, 0.789297, -0.298709, -0.745274, 0.596099),

              ["LeftLowerArm"] = CFrame.new(-0.000498, 0.105595, 0.147723, 1.000000, -0.000000, 0.000000, 0.000000, -0.530130, -0.847916, 0.000000, 0.847916, -0.530131),

              ["LeftLowerLeg"] = CFrame.new(0.000000, 0.028153, -0.002256, 1.000000, -0.000000, 0.000000, -0.000000, 0.975923, 0.218099, 0.000000, -0.218114, 0.975927),

              ["LeftUpperArm"] = CFrame.new(0.098852, -0.413377, -0.031422, 0.625215, 0.242548, -0.741806, -0.779685, 0.236257, -0.579891, 0.034605, 0.940932, 0.336823),

              ["LeftUpperLeg"] = CFrame.new(0.000000, -0.000000, -0.000100, 0.898045, -0.320946, -0.300850, 0.116937, 0.833453, -0.540066, 0.424077, 0.449833, 0.786014),

              ["LowerTorso"] = CFrame.new(-0.134876, -0.043250, 0.337952, 0.980186, 0.194265, 0.038680, -0.196437, 0.978437, 0.063831, -0.025445, -0.070164, 0.997211),

              ["RightFoot"] = CFrame.new(-0.000000, 0.017709, -0.000103, 0.932893, -0.359897, 0.013878, 0.279522, 0.699194, -0.658045, 0.227109, 0.617739, 0.752851),

              ["RightHand"] = CFrame.new(-0.000486, 0.021165, 0.000000, 0.987889, -0.133711, 0.078723, 0.140623, 0.985962, -0.090022, -0.065580, 0.100001, 0.992824),

              ["RightLowerArm"] = CFrame.new(-0.000000, 0.104040, 0.047934, 1.000000, 0.000000, 0.000000, -0.000000, 0.506261, -0.862380, -0.000000, 0.862380, 0.506262),

              ["RightLowerLeg"] = CFrame.new(0.000000, 0.081947, -0.024450, 1.000000, 0.000000, 0.000000, -0.000000, 0.750277, 0.661126, 0.000000, -0.661124, 0.750275),

              ["RightUpperArm"] = CFrame.new(-0.185570, -0.121401, -0.054007, 0.945190, -0.313522, -0.091216, 0.308956, 0.949128, -0.060849, 0.105653, 0.029332, 0.993970),

              ["RightUpperLeg"] = CFrame.new(0.000000, -0.000000, -0.000000, 0.954909, -0.296870, 0.004191, 0.296866, 0.954498, -0.028340, 0.004414, 0.028329, 0.999590),

              ["UpperTorso"] = CFrame.new(-0.001354, -0.001571, 0.002462, 0.970260, 0.242053, -0.002368, -0.242038, 0.970252, 0.005256, 0.003570, -0.004527, 0.999983)

          }},

          {Time = 0.333, Data = {

              ["Head"] = CFrame.new(0.000000, -0.000000, -0.000000, 0.998302, 0.043651, 0.038563, -0.045059, 0.998320, 0.036420, -0.036909, -0.038096, 0.998592),

              ["LeftFoot"] = CFrame.new(-0.000000, 0.008520, -0.000003, 0.817820, -0.469407, 0.332925, 0.458571, 0.881079, 0.115827, -0.347682, 0.057942, 0.935813),

              ["LeftHand"] = CFrame.new(0.000482, 0.026542, 0.000000, 0.870875, -0.430685, 0.236831, 0.265820, 0.818008, 0.510104, -0.413420, -0.381279, 0.826865),

              ["LeftLowerArm"] = CFrame.new(-0.000498, 0.117559, 0.119291, 1.000000, -0.000000, 0.000000, 0.000000, -0.234567, -0.972100, 0.000000, 0.972100, -0.234568),

              ["LeftLowerLeg"] = CFrame.new(0.000000, 0.040620, -0.005130, 1.000000, -0.000000, 0.000000, 0.000000, 0.946821, 0.321749, -0.000000, -0.321762, 0.946825),

              ["LeftUpperArm"] = CFrame.new(0.158897, -0.316469, -0.243829, 0.732308, 0.312878, -0.604841, -0.571628, -0.200276, -0.795695, -0.370091, 0.928438, 0.032186),

              ["LeftUpperLeg"] = CFrame.new(0.000000, -0.000000, -0.000100, 0.871997, -0.398707, -0.284001, 0.151484, 0.771474, -0.617954, 0.465483, 0.495843, 0.733127),

              ["LowerTorso"] = CFrame.new(-0.163625, -0.048886, 0.331293, 0.969908, 0.239164, 0.045594, -0.242117, 0.967173, 0.077170, -0.025641, -0.085887, 0.995975),

              ["RightFoot"] = CFrame.new(0.000000, 0.021631, -0.000103, 0.905513, -0.422887, 0.034965, 0.322544, 0.632436, -0.704286, 0.275702, 0.648993, 0.709055),

              ["RightHand"] = CFrame.new(-0.000485, 0.022288, -0.000000, 0.978878, -0.176288, 0.103542, 0.186822, 0.977001, -0.102790, -0.083039, 0.119962, 0.989299),

              ["RightLowerArm"] = CFrame.new(-0.000000, 0.109008, 0.055763, 1.000000, 0.000000, 0.000000, -0.000000, 0.425015, -0.905186, -0.000000, 0.905186, 0.425016),

              ["RightLowerLeg"] = CFrame.new(0.000000, 0.093109, -0.032019, 1.000000, 0.000000, 0.000000, -0.000000, 0.671632, 0.740890, 0.000000, -0.740885, 0.671626),

              ["RightUpperArm"] = CFrame.new(-0.176112, -0.154244, -0.045182, 0.922606, -0.385219, -0.020130, 0.375693, 0.909177, -0.179588, 0.087482, 0.158127, 0.983536),

              ["RightUpperLeg"] = CFrame.new(0.000000, -0.000000, -0.000000, 0.917483, -0.396378, -0.033308, 0.391647, 0.914817, -0.098581, 0.069547, 0.077425, 0.994572),

              ["UpperTorso"] = CFrame.new(-0.001680, -0.002129, 0.003221, 0.955096, 0.296282, -0.003062, -0.296256, 0.955084, 0.006864, 0.004958, -0.005648, 0.999972)

          }},

          {Time = 0.367, Data = {

              ["Head"] = CFrame.new(-0.000000, -0.000000, -0.000000, 0.997617, 0.051702, 0.045697, -0.053662, 0.997643, 0.042775, -0.043378, -0.045125, 0.998039),

              ["LeftFoot"] = CFrame.new(-0.000000, 0.010168, -0.000003, 0.758027, -0.552977, 0.345867, 0.571364, 0.818733, 0.056767, -0.314545, 0.154575, 0.936565),

              ["LeftHand"] = CFrame.new(0.000483, 0.024783, 0.000000, 0.870486, -0.432487, 0.234969, 0.405589, 0.900755, 0.155364, -0.278840, -0.039940, 0.959506),

              ["LeftLowerArm"] = CFrame.new(-0.000499, 0.118701, 0.083705, 1.000000, -0.000000, -0.000000, -0.000000, 0.135015, -0.990844, 0.000000, 0.990844, 0.135015),

              ["LeftLowerLeg"] = CFrame.new(-0.000000, 0.049787, -0.008075, 1.000000, -0.000000, -0.000000, 0.000000, 0.916944, 0.399007, 0.000000, -0.399017, 0.916948),

              ["LeftUpperArm"] = CFrame.new(0.185460, -0.230747, -0.322774, 0.771468, 0.330626, -0.543621, -0.384951, -0.437741, -0.812524, -0.506607, 0.836104, -0.210429),

              ["LeftUpperLeg"] = CFrame.new(0.000000, -0.000000, -0.000100, 0.848245, -0.465919, -0.251800, 0.193908, 0.715650, -0.670993, 0.492830, 0.520351, 0.697399),

              ["LowerTorso"] = CFrame.new(-0.192230, -0.054098, 0.323895, 0.957717, 0.282874, 0.052541, -0.286689, 0.953651, 0.091427, -0.024243, -0.102624, 0.994425),

              ["RightFoot"] = CFrame.new(-0.000000, 0.024052, -0.000103, 0.878685, -0.473138, 0.063763, 0.362898, 0.575163, -0.733157, 0.310190, 0.667329, 0.677064),

              ["RightHand"] = CFrame.new(-0.000485, 0.022644, -0.000000, 0.971119, -0.205786, 0.120753, 0.218463, 0.970370, -0.103230, -0.095930, 0.126629, 0.987301),

              ["RightLowerArm"] = CFrame.new(-0.000000, 0.110839, 0.059295, 1.000000, 0.000000, -0.000000, 0.000000, 0.388393, -0.921494, -0.000000, 0.921494, 0.388393),

              ["RightLowerLeg"] = CFrame.new(0.000000, 0.100296, -0.038183, 1.000000, 0.000000, 0.000000, -0.000000, 0.607516, 0.794313, 0.000000, -0.794307, 0.607508),

              ["RightUpperArm"] = CFrame.new(-0.160512, -0.193042, -0.040383, 0.887422, -0.454170, 0.078813, 0.454427, 0.833289, -0.314842, 0.077318, 0.315213, 0.945866),

              ["RightUpperLeg"] = CFrame.new(0.000000, -0.000000, -0.000000, 0.854783, -0.511205, -0.089541, 0.491183, 0.852568, -0.178491, 0.167587, 0.108614, 0.979859),

              ["UpperTorso"] = CFrame.new(-0.002007, -0.002774, 0.004069, 0.937874, 0.346954, -0.003824, -0.346912, 0.937858, 0.008642, 0.006585, -0.006779, 0.999955)

          }},

          {Time = 0.400, Data = {

              ["Head"] = CFrame.new(0.000000, 0.000000, -0.000000, 0.996766, 0.060196, 0.053233, -0.062834, 0.996803, 0.049359, -0.050091, -0.052544, 0.997361),

              ["LeftFoot"] = CFrame.new(0.000000, 0.011263, -0.000003, 0.692949, -0.633421, 0.344397, 0.675324, 0.737520, -0.002338, -0.252504, 0.234185, 0.938821),

              ["LeftHand"] = CFrame.new(0.000485, 0.022105, 0.000000, 0.903016, -0.378505, 0.203216, 0.409033, 0.902129, -0.137312, -0.131352, 0.207116, 0.969458),

              ["LeftLowerArm"] = CFrame.new(-0.000500, 0.107733, 0.053768, 1.000000, -0.000000, 0.000000, -0.000000, 0.445736, -0.895164, 0.000000, 0.895164, 0.445736),

              ["LeftLowerLeg"] = CFrame.new(-0.000000, 0.055894, -0.010463, 1.000000, -0.000000, -0.000000, 0.000000, 0.892664, 0.450716, -0.000000, -0.450724, 0.892667),

              ["LeftUpperArm"] = CFrame.new(0.191695, -0.184613, -0.368819, 0.769077, 0.334585, -0.544586, -0.276549, -0.593960, -0.755469, -0.576231, 0.731618, -0.364271),

              ["LeftUpperLeg"] = CFrame.new(-0.000000, -0.000000, -0.000100, 0.828011, -0.520109, -0.209491, 0.246014, 0.672708, -0.697802, 0.503860, 0.526261, 0.684972),

              ["LowerTorso"] = CFrame.new(-0.219977, -0.058995, 0.315716, 0.944190, 0.324002, 0.059399, -0.328717, 0.938403, 0.106513, -0.021229, -0.120094, 0.992536),

              ["RightFoot"] = CFrame.new(0.000000, 0.025131, -0.000103, 0.852897, -0.513251, 0.095674, 0.404900, 0.534575, -0.741830, 0.329579, 0.671419, 0.663728),

              ["RightHand"] = CFrame.new(-0.000485, 0.022611, -0.000000, 0.966491, -0.221415, 0.129890, 0.234673, 0.967173, -0.097489, -0.104039, 0.124704, 0.986724),

              ["RightLowerArm"] = CFrame.new(-0.000001, 0.110609, 0.058804, 1.000000, 0.000000, 0.000000, -0.000000, 0.393466, -0.919339, -0.000000, 0.919339, 0.393467),

              ["RightLowerLeg"] = CFrame.new(0.000000, 0.104203, -0.042375, 1.000000, 0.000000, 0.000000, -0.000000, 0.564031, 0.825760, 0.000000, -0.825754, 0.564022),

              ["RightUpperArm"] = CFrame.new(-0.140472, -0.230677, -0.044942, 0.843061, -0.502551, 0.191546, 0.530925, 0.720846, -0.445533, 0.085828, 0.477309, 0.874535),

              ["RightUpperLeg"] = CFrame.new(0.000000, 0.000000, -0.000000, 0.760757, -0.630258, -0.155008, 0.580138, 0.767399, -0.272998, 0.291014, 0.117783, 0.949444),

              ["UpperTorso"] = CFrame.new(-0.002329, -0.003504, 0.005004, 0.919907, 0.392108, -0.004655, -0.392045, 0.919885, 0.010576, 0.008429, -0.007904, 0.999933)

          }},

          {Time = 0.433, Data = {

              ["Head"] = CFrame.new(-0.000000, 0.000000, 0.000000, 0.995737, 0.069078, 0.061118, -0.072526, 0.995787, 0.056109, -0.056985, -0.060302, 0.996552),

              ["LeftFoot"] = CFrame.new(-0.000000, 0.011875, -0.000003, 0.624492, -0.708118, 0.329529, 0.761726, 0.645423, -0.056625, -0.172579, 0.286354, 0.942446),

              ["LeftHand"] = CFrame.new(0.000488, 0.018146, 0.000000, 0.938200, -0.305668, 0.162323, 0.343714, 0.877825, -0.333596, -0.040521, 0.368770, 0.928636),

              ["LeftLowerArm"] = CFrame.new(-0.000500, 0.091457, 0.034019, 1.000000, -0.000000, -0.000000, 0.000000, 0.650658, -0.759371, 0.000000, 0.759371, 0.650658),

              ["LeftLowerLeg"] = CFrame.new(-0.000000, 0.059273, -0.011942, 1.000000, -0.000000, 0.000000, 0.000000, 0.877612, 0.479366, -0.000000, -0.479372, 0.877615),

              ["LeftUpperArm"] = CFrame.new(0.186840, -0.161421, -0.409202, 0.743690, 0.344246, -0.573078, -0.213229, -0.690312, -0.691378, -0.633607, 0.636368, -0.439975),

              ["LeftUpperLeg"] = CFrame.new(0.000000, -0.000000, -0.000100, 0.810439, -0.562433, -0.163888, 0.304999, 0.643934, -0.701649, 0.500164, 0.518670, 0.693419),

              ["LowerTorso"] = CFrame.new(-0.246636, -0.063605, 0.306723, 0.929688, 0.362378, 0.066048, -0.367976, 0.921752, 0.122343, -0.016545, -0.138045, 0.990288),

              ["RightFoot"] = CFrame.new(0.000000, 0.025841, -0.000103, 0.826672, -0.548155, 0.127097, 0.451167, 0.510724, -0.731871, 0.336246, 0.662335, 0.669486),

              ["RightHand"] = CFrame.new(-0.000485, 0.022190, -0.000000, 0.964804, -0.226817, 0.133073, 0.240018, 0.966286, -0.093184, -0.107450, 0.121844, 0.986716),

              ["RightLowerArm"] = CFrame.new(-0.000000, 0.108606, 0.055069, 1.000000, 0.000000, 0.000000, -0.000000, 0.432226, -0.901765, -0.000000, 0.901765, 0.432226),

              ["RightLowerLeg"] = CFrame.new(-0.000000, 0.106282, -0.044666, 1.000000, 0.000000, 0.000000, -0.000000, 0.540181, 0.841556, 0.000000, -0.841549, 0.540170),

              ["RightUpperArm"] = CFrame.new(-0.119040, -0.262268, -0.058172, 0.795624, -0.521407, 0.308410, 0.595415, 0.579249, -0.556733, 0.111638, 0.626583, 0.771318),

              ["RightUpperLeg"] = CFrame.new(0.000000, -0.000000, -0.000000, 0.640885, -0.737801, -0.211950, 0.642761, 0.666710, -0.377285, 0.419672, 0.105586, 0.901517),

              ["UpperTorso"] = CFrame.new(-0.002643, -0.004313, 0.006023, 0.902031, 0.431635, -0.005552, -0.431543, 0.902004, 0.012653, 0.010469, -0.009018, 0.999905)

          }},

          {Time = 0.467, Data = {

              ["Head"] = CFrame.new(0.000000, 0.000000, -0.000000, 0.994519, 0.078295, 0.069300, -0.082687, 0.994585, 0.062959, -0.063995, -0.068344, 0.995607),

              ["LeftFoot"] = CFrame.new(-0.000000, 0.012059, -0.000003, 0.555744, -0.773521, 0.304670, 0.826413, 0.553903, -0.101170, -0.090497, 0.307989, 0.947070),

              ["LeftHand"] = CFrame.new(0.000491, 0.014094, -0.000000, 0.964510, -0.233651, 0.122998, 0.264046, 0.854859, -0.446652, -0.000785, 0.463274, 0.886213),

              ["LeftLowerArm"] = CFrame.new(-0.000501, 0.077224, 0.023390, 1.000000, -0.000000, -0.000000, 0.000000, 0.760809, -0.648976, 0.000000, 0.648976, 0.760809),

              ["LeftLowerLeg"] = CFrame.new(0.000000, 0.060286, -0.012408, 1.000000, -0.000000, 0.000000, 0.000000, 0.872868, 0.487950, -0.000000, -0.487956, 0.872871),

              ["LeftUpperArm"] = CFrame.new(0.176159, -0.147927, -0.448446, 0.705911, 0.373878, -0.601585, -0.168599, -0.736229, -0.655394, -0.687942, 0.564076, -0.456677),

              ["LeftUpperLeg"] = CFrame.new(-0.000000, 0.000000, -0.000100, 0.794262, -0.595423, -0.120915, 0.365490, 0.627202, -0.687766, 0.485350, 0.502086, 0.715792),

              ["LowerTorso"] = CFrame.new(-0.272096, -0.067911, 0.296890, 0.914465, 0.398141, 0.072370, -0.404538, 0.903922, 0.138830, -0.010143, -0.156231, 0.987668),

              ["RightFoot"] = CFrame.new(-0.000000, 0.026141, -0.000103, 0.799221, -0.580346, 0.156397, 0.500351, 0.498238, -0.708119, 0.333010, 0.644172, 0.688554),

              ["RightHand"] = CFrame.new(-0.000486, 0.021307, 0.000000, 0.964847, -0.226663, 0.133021, 0.240047, 0.966109, -0.094930, -0.106995, 0.123523, 0.986556),

              ["RightLowerArm"] = CFrame.new(-0.000000, 0.104709, 0.048906, 1.000000, 0.000000, -0.000000, 0.000000, 0.496188, -0.868215, -0.000000, 0.868215, 0.496189),

              ["RightLowerLeg"] = CFrame.new(0.000000, 0.107135, -0.045640, 1.000000, 0.000000, 0.000000, -0.000000, 0.530029, 0.847986, 0.000000, -0.847980, 0.530018),

              ["RightUpperArm"] = CFrame.new(-0.098740, -0.286032, -0.076975, 0.750180, -0.509002, 0.422074, 0.644330, 0.419304, -0.639549, 0.148555, 0.751732, 0.642519),

              ["RightUpperLeg"] = CFrame.new(-0.000000, -0.000000, -0.000000, 0.510484, -0.823495, -0.247532, 0.672824, 0.561768, -0.481364, 0.535457, 0.079204, 0.840843),

              ["UpperTorso"] = CFrame.new(-0.002946, -0.005197, 0.007121, 0.884796, 0.465932, -0.006515, -0.465805, 0.884763, 0.014860, 0.012688, -0.010114, 0.999868)

          }},

          {Time = 0.500, Data = {

              ["Head"] = CFrame.new(-0.000000, -0.000000, -0.000000, 0.993102, 0.087790, 0.077721, -0.093264, 0.993189, 0.069847, -0.071060, -0.076614, 0.994525),

              ["LeftFoot"] = CFrame.new(0.000000, 0.011887, -0.000003, 0.492344, -0.825421, 0.276199, 0.870138, 0.474559, -0.132881, -0.021390, 0.305735, 0.951870),

              ["LeftHand"] = CFrame.new(0.000492, 0.011673, 0.000000, 0.979759, -0.177346, 0.092849, 0.199854, 0.840073, -0.504321, 0.011440, 0.512666, 0.858510),

              ["LeftLowerArm"] = CFrame.new(-0.000499, 0.069560, 0.019082, 1.000000, -0.000000, -0.000000, -0.000000, 0.805396, -0.592737, 0.000000, 0.592737, 0.805396),

              ["LeftLowerLeg"] = CFrame.new(-0.000000, 0.059344, -0.011975, 1.000000, -0.000000, -0.000000, 0.000000, 0.877282, 0.479969, -0.000000, -0.479975, 0.877286),

              ["LeftUpperArm"] = CFrame.new(0.162459, -0.135012, -0.486650, 0.661430, 0.437621, -0.609097, -0.124517, -0.736777, -0.664572, -0.739598, 0.515410, -0.432835),

