return {
["anthony thrust"] = {

          {Time = 0.000, Data = {

              ["Head"] = CFrame.new(0.000000, -0.000000, 0.000000, 0.846966, 0.148080, -0.510609, -0.089929, 0.986491, 0.136922, 0.523987, -0.070049, 0.848841),

              ["LeftFoot"] = CFrame.new(-0.000000, 0.032636, -0.000001, 0.999989, 0.003545, 0.002984, -0.002870, 0.979522, -0.201323, -0.003636, 0.201305, 0.979520),

              ["LeftHand"] = CFrame.new(0.000485, 0.023432, -0.000000, 0.998285, -0.050743, 0.029208, 0.054642, 0.986637, -0.153501, -0.021028, 0.154833, 0.987717),

              ["LeftLowerArm"] = CFrame.new(-0.000500, 0.113655, 0.065756, 1.000000, -0.000000, -0.000000, 0.000000, 0.321327, -0.946968, 0.000000, 0.946968, 0.321327),

              ["LeftLowerLeg"] = CFrame.new(-0.000000, 0.126048, -0.099606, 1.000000, -0.000000, -0.000000, 0.000000, -0.032317, 0.999477, -0.000000, -0.999478, -0.032329),

              ["LeftUpperArm"] = CFrame.new(-0.182291, -0.039865, -0.482844, 0.217891, 0.120040, -0.968563, 0.141313, -0.985830, -0.090391, -0.965689, -0.117175, -0.231766),

              ["LeftUpperLeg"] = CFrame.new(0.000000, -0.000000, -0.000100, 0.639593, 0.737073, -0.218256, -0.222312, -0.094455, -0.970392, -0.735865, 0.669179, 0.103460),

              ["LowerTorso"] = CFrame.new(0.233708, -0.688616, 0.000000, 0.940907, -0.338666, -0.000000, 0.338666, 0.940907, -0.000000, 0.000000, -0.000000, 1.000000),

              ["RightFoot"] = CFrame.new(-0.000000, 0.029351, -0.000102, 0.960626, -0.212544, -0.178966, 0.128620, 0.911087, -0.391652, 0.246281, 0.353194, 0.902541),

              ["RightHand"] = CFrame.new(-0.000484, 0.024597, 0.000000, 0.994345, -0.091470, 0.053952, 0.083807, 0.987922, 0.130334, -0.065222, -0.125074, 0.990001),

              ["RightLowerArm"] = CFrame.new(-0.000000, 0.118627, 0.082796, 1.000000, 0.000000, -0.000000, -0.000000, 0.144465, -0.989510, -0.000000, 0.989510, 0.144465),

              ["RightLowerLeg"] = CFrame.new(0.000000, 0.117980, -0.062925, 1.000000, 0.000000, 0.000000, -0.000000, 0.350348, 0.936625, 0.000000, -0.936620, 0.350334),

              ["RightUpperArm"] = CFrame.new(0.183565, 0.088982, -0.484001, 0.215343, -0.124103, 0.968621, -0.128844, -0.986831, -0.097792, 0.968001, -0.103742, -0.228497),

              ["RightUpperLeg"] = CFrame.new(0.000000, -0.000000, -0.000000, 0.683809, -0.070565, -0.726243, -0.472017, 0.716221, -0.514013, 0.556422, 0.694297, 0.456466),

              ["UpperTorso"] = CFrame.new(-0.088277, 0.044826, 0.000000, 0.941760, 0.336287, 0.000000, -0.336287, 0.941760, -0.000000, -0.000000, -0.000000, 1.000000)

          }},

          {Time = 0.025, Data = {

              ["Head"] = CFrame.new(0.000000, 0.000000, 0.000000, 0.846951, 0.147784, -0.510719, -0.089571, 0.986524, 0.136924, 0.524072, -0.070222, 0.848774),

              ["LeftFoot"] = CFrame.new(-0.000000, 0.032744, -0.000001, 0.998541, 0.041306, 0.034780, -0.030874, 0.965161, -0.259839, -0.044298, 0.258376, 0.965025),

              ["LeftHand"] = CFrame.new(0.000485, 0.023436, -0.000000, 0.998255, -0.051179, 0.029463, 0.055106, 0.986659, -0.153191, -0.021229, 0.154547, 0.987757),

              ["LeftLowerArm"] = CFrame.new(-0.000500, 0.113668, 0.065788, 1.000000, -0.000000, -0.000000, 0.000000, 0.321003, -0.947078, 0.000000, 0.947078, 0.321003),

              ["LeftLowerLeg"] = CFrame.new(-0.000000, 0.126047, -0.100589, 1.000000, -0.000000, -0.000000, 0.000000, -0.042574, 0.999093, -0.000000, -0.999093, -0.042587),

              ["LeftUpperArm"] = CFrame.new(-0.182106, -0.039673, -0.482774, 0.218259, 0.120294, -0.968448, 0.141698, -0.985763, -0.090511, -0.965549, -0.117473, -0.232197),

              ["LeftUpperLeg"] = CFrame.new(-0.000000, -0.000000, -0.000100, 0.683779, 0.722149, -0.104610, -0.155149, 0.003778, -0.987884, -0.713005, 0.691727, 0.114637),

              ["LowerTorso"] = CFrame.new(0.169406, -0.695869, 0.000000, 0.959039, -0.283276, -0.000000, 0.283276, 0.959039, -0.000000, 0.000000, -0.000000, 1.000000),

              ["RightFoot"] = CFrame.new(0.000000, 0.030180, -0.000102, 0.969458, -0.187616, -0.157976, 0.114488, 0.915782, -0.385032, 0.216896, 0.355168, 0.909282),

              ["RightHand"] = CFrame.new(-0.000484, 0.024597, 0.000000, 0.994385, -0.091152, 0.053766, 0.083506, 0.987930, 0.130469, -0.065009, -0.125244, 0.989994),

              ["RightLowerArm"] = CFrame.new(-0.000001, 0.118626, 0.082792, 1.000000, 0.000000, -0.000000, -0.000000, 0.144507, -0.989504, -0.000000, 0.989504, 0.144507),

              ["RightLowerLeg"] = CFrame.new(0.000000, 0.120404, -0.068490, 1.000000, 0.000000, 0.000000, -0.000000, 0.292410, 0.956297, 0.000000, -0.956293, 0.292396),

              ["RightUpperArm"] = CFrame.new(0.183474, 0.089111, -0.483963, 0.215525, -0.123832, 0.968615, -0.129101, -0.986833, -0.097436, 0.967927, -0.104050, -0.228674),

              ["RightUpperLeg"] = CFrame.new(0.000000, -0.000000, -0.000000, 0.708870, -0.181013, -0.681721, -0.405009, 0.686832, -0.603498, 0.577469, 0.703915, 0.413578),

              ["UpperTorso"] = CFrame.new(-0.050320, 0.027668, 0.000000, 0.959713, 0.280982, 0.000052, -0.280982, 0.959713, -0.000016, -0.000054, 0.000001, 1.000000)

          }},

          {Time = 0.050, Data = {

              ["Head"] = CFrame.new(-0.000000, 0.000000, 0.000000, 0.846907, 0.146921, -0.511041, -0.088532, 0.986617, 0.136929, 0.524319, -0.070723, 0.848580),

              ["LeftFoot"] = CFrame.new(-0.000000, 0.032572, -0.000001, 0.985030, 0.131870, 0.111037, -0.080822, 0.922183, -0.378232, -0.152264, 0.363579, 0.919027),

              ["LeftHand"] = CFrame.new(0.000485, 0.023446, -0.000000, 0.998168, -0.052435, 0.030196, 0.056441, 0.986720, -0.152308, -0.021808, 0.153733, 0.987872),

              ["LeftLowerArm"] = CFrame.new(-0.000500, 0.113704, 0.065874, 1.000000, -0.000000, -0.000000, 0.000000, 0.320104, -0.947383, 0.000000, 0.947383, 0.320104),

              ["LeftLowerLeg"] = CFrame.new(-0.000000, 0.126049, -0.098720, 1.000000, -0.000000, -0.000000, 0.000000, -0.023084, 0.999733, -0.000000, -0.999734, -0.023096),

              ["LeftUpperArm"] = CFrame.new(-0.181579, -0.039119, -0.482573, 0.219315, 0.120986, -0.968124, 0.142805, -0.985575, -0.090816, -0.965147, -0.118336, -0.233429),

              ["LeftUpperLeg"] = CFrame.new(-0.000000, -0.000000, -0.000100, 0.758929, 0.627118, 0.175368, 0.022916, 0.243401, -0.969650, -0.650770, 0.739919, 0.170367),

              ["LowerTorso"] = CFrame.new(0.014661, -0.707868, 0.000000, 0.989037, -0.147666, -0.000000, 0.147666, 0.989037, 0.000000, 0.000000, -0.000000, 1.000000),

              ["RightFoot"] = CFrame.new(-0.000000, 0.031237, -0.000102, 0.987466, -0.120736, -0.101662, 0.078741, 0.935054, -0.345665, 0.136784, 0.333312, 0.932835),

              ["RightHand"] = CFrame.new(-0.000484, 0.024596, -0.000000, 0.994497, -0.090232, 0.053229, 0.082633, 0.987950, 0.130872, -0.064396, -0.125751, 0.989969),

              ["RightLowerArm"] = CFrame.new(-0.000001, 0.118625, 0.082784, 1.000000, 0.000000, -0.000000, -0.000000, 0.144589, -0.989492, -0.000000, 0.989492, 0.144589),

              ["RightLowerLeg"] = CFrame.new(0.000000, 0.123652, -0.079451, 1.000000, 0.000000, 0.000000, -0.000000, 0.178481, 0.983946, 0.000000, -0.983943, 0.178467),

              ["RightUpperArm"] = CFrame.new(0.183209, 0.089485, -0.483854, 0.216055, -0.123088, 0.968592, -0.129848, -0.986832, -0.096442, 0.967709, -0.104933, -0.229193),

              ["RightUpperLeg"] = CFrame.new(0.000000, 0.000000, -0.000000, 0.740998, -0.424972, -0.519935, -0.232705, 0.563775, -0.792455, 0.629897, 0.708206, 0.318878),

              ["UpperTorso"] = CFrame.new(0.045732, 0.005589, -0.000000, 0.989332, 0.145677, 0.000202, -0.145677, 0.989332, -0.000034, -0.000205, 0.000005, 1.000000)

          }},

          {Time = 0.075, Data = {

              ["Head"] = CFrame.new(-0.000000, -0.000000, -0.000000, 0.846835, 0.145532, -0.511558, -0.086858, 0.986764, 0.136938, 0.524716, -0.071531, 0.848267),

              ["LeftFoot"] = CFrame.new(0.000000, 0.031992, -0.000001, 0.952544, 0.232859, 0.196071, -0.117219, 0.875006, -0.469726, -0.280926, 0.424431, 0.860763),

              ["LeftHand"] = CFrame.new(0.000485, 0.023461, -0.000000, 0.998025, -0.054427, 0.031360, 0.058557, 0.986810, -0.150923, -0.022732, 0.152460, 0.988048),

              ["LeftLowerArm"] = CFrame.new(-0.000500, 0.113757, 0.066004, 1.000000, -0.000000, -0.000000, 0.000000, 0.318750, -0.947839, 0.000000, 0.947839, 0.318750),

              ["LeftLowerLeg"] = CFrame.new(0.000000, 0.125584, -0.089270, 1.000000, -0.000000, -0.000000, 0.000000, 0.075206, 0.997169, -0.000000, -0.997168, 0.075192),

              ["LeftUpperArm"] = CFrame.new(-0.180746, -0.038243, -0.482253, 0.220981, 0.122009, -0.967616, 0.144559, -0.985282, -0.091223, -0.964505, -0.119719, -0.235366),

              ["LeftUpperLeg"] = CFrame.new(-0.000000, 0.000000, -0.000100, 0.784164, 0.405658, 0.469614, 0.248748, 0.487812, -0.836747, -0.568516, 0.772969, 0.281634),

              ["LowerTorso"] = CFrame.new(-0.171436, -0.712191, 0.000000, 0.999844, 0.017695, -0.000000, -0.017695, 0.999844, 0.000000, 0.000000, -0.000000, 1.000000),

              ["RightFoot"] = CFrame.new(-0.000000, 0.032033, -0.000101, 0.999214, -0.030327, -0.025535, 0.022904, 0.967319, -0.252535, 0.032356, 0.251741, 0.967251),

              ["RightHand"] = CFrame.new(-0.000484, 0.024595, 0.000000, 0.994676, -0.088759, 0.052369, 0.081235, 0.987976, 0.131545, -0.063414, -0.126589, 0.989926),

              ["RightLowerArm"] = CFrame.new(-0.000000, 0.118623, 0.082779, 1.000000, 0.000000, 0.000000, -0.000000, 0.144642, -0.989484, -0.000000, 0.989484, 0.144641),

              ["RightLowerLeg"] = CFrame.new(0.000000, 0.125090, -0.086781, 1.000000, 0.000000, 0.000000, -0.000000, 0.102116, 0.994774, 0.000000, -0.994773, 0.102102),

              ["RightUpperArm"] = CFrame.new(0.182781, 0.090085, -0.483678, 0.216911, -0.121972, 0.968541, -0.131048, -0.986821, -0.094925, 0.967355, -0.106335, -0.230036),

              ["RightUpperLeg"] = CFrame.new(0.000000, 0.000000, -0.000000, 0.721854, -0.646962, -0.245711, -0.017554, 0.337797, -0.941048, 0.691823, 0.683618, 0.232497),

              ["UpperTorso"] = CFrame.new(0.164116, 0.015187, -0.000000, 0.999817, -0.019118, 0.000435, 0.019118, 0.999817, -0.000001, -0.000435, 0.000010, 1.000000)

          }},

          {Time = 0.100, Data = {

              ["Head"] = CFrame.new(-0.000000, 0.000000, 0.000000, 0.846733, 0.143658, -0.512256, -0.084599, 0.986959, 0.136948, 0.525249, -0.072622, 0.847844),

              ["LeftFoot"] = CFrame.new(0.000000, 0.030670, -0.000002, 0.916965, 0.305199, 0.256983, -0.142316, 0.851924, -0.503974, -0.372721, 0.425533, 0.824603),

              ["LeftHand"] = CFrame.new(0.000485, 0.023480, -0.000001, 0.997828, -0.057074, 0.032907, 0.061367, 0.986916, -0.149102, -0.023966, 0.150797, 0.988274),

              ["LeftLowerArm"] = CFrame.new(-0.000500, 0.113824, 0.066167, 1.000000, -0.000000, -0.000000, 0.000000, 0.317061, -0.948405, 0.000000, 0.948405, 0.317061),

              ["LeftLowerLeg"] = CFrame.new(-0.000000, 0.123081, -0.076424, 1.000000, -0.000000, -0.000000, 0.000000, 0.208967, 0.977926, -0.000000, -0.977923, 0.208953),

              ["LeftUpperArm"] = CFrame.new(-0.179645, -0.037079, -0.481823, 0.223182, 0.123256, -0.966953, 0.146886, -0.984899, -0.091642, -0.963646, -0.121579, -0.237917),

              ["LeftUpperLeg"] = CFrame.new(-0.000000, -0.000000, -0.000100, 0.751912, 0.159012, 0.639804, 0.429086, 0.618748, -0.658040, -0.500514, 0.769329, 0.397031),

              ["LowerTorso"] = CFrame.new(-0.327282, -0.707353, 0.000000, 0.987748, 0.156055, -0.000000, -0.156055, 0.987748, 0.000000, 0.000000, -0.000000, 1.000000),

              ["RightFoot"] = CFrame.new(0.000000, 0.032061, -0.000101, 0.997935, 0.049133, 0.041372, -0.042912, 0.989249, -0.139810, -0.047794, 0.137743, 0.989314),

              ["RightHand"] = CFrame.new(-0.000484, 0.024596, -0.000000, 0.994910, -0.086783, 0.051215, 0.079361, 0.988002, 0.132491, -0.062098, -0.127750, 0.989860),

              ["RightLowerArm"] = CFrame.new(-0.000001, 0.118624, 0.082783, 1.000000, 0.000000, 0.000000, -0.000000, 0.144598, -0.989491, -0.000000, 0.989490, 0.144598),

              ["RightLowerLeg"] = CFrame.new(-0.000000, 0.125145, -0.087215, 1.000000, 0.000000, 0.000000, -0.000000, 0.097607, 0.995227, 0.000000, -0.995225, 0.097592),

              ["RightUpperArm"] = CFrame.new(0.182201, 0.090892, -0.483437, 0.218072, -0.120584, 0.968455, -0.132662, -0.986789, -0.092995, 0.966874, -0.108198, -0.231188),

              ["RightUpperLeg"] = CFrame.new(0.000000, -0.000000, -0.000000, 0.657090, -0.753706, 0.012604, 0.153559, 0.117445, -0.981133, 0.738005, 0.646633, 0.192923),

              ["UpperTorso"] = CFrame.new(0.259699, 0.053462, -0.000000, 0.987643, -0.156719, 0.000721, 0.156719, 0.987643, 0.000099, -0.000727, 0.000016, 1.000000)

          }},

          {Time = 0.125, Data = {

              ["Head"] = CFrame.new(-0.000000, 0.000000, 0.000000, 0.846601, 0.141340, -0.513119, -0.081803, 0.987194, 0.136957, 0.525905, -0.073974, 0.847320),

              ["LeftFoot"] = CFrame.new(-0.000000, 0.030198, -0.000002, 0.901240, 0.331478, 0.279110, -0.154443, 0.847503, -0.507843, -0.404863, 0.414560, 0.814981),

              ["LeftHand"] = CFrame.new(0.000485, 0.023501, -0.000000, 0.997574, -0.060294, 0.034789, 0.064780, 0.987025, -0.146920, -0.025478, 0.148817, 0.988536),

              ["LeftLowerArm"] = CFrame.new(-0.000500, 0.113899, 0.066350, 1.000000, -0.000000, -0.000000, 0.000000, 0.315159, -0.949039, 0.000000, 0.949039, 0.315159),

              ["LeftLowerLeg"] = CFrame.new(-0.000000, 0.121188, -0.069891, 1.000000, -0.000000, -0.000000, 0.000000, 0.276767, 0.960941, -0.000000, -0.960937, 0.276753),

              ["LeftUpperArm"] = CFrame.new(-0.178316, -0.035666, -0.481296, 0.225841, 0.124621, -0.966160, 0.149712, -0.984442, -0.091984, -0.962591, -0.123872, -0.240984),

              ["LeftUpperLeg"] = CFrame.new(0.000000, -0.000000, -0.000100, 0.725770, 0.047561, 0.686293, 0.498824, 0.650612, -0.572591, -0.473743, 0.757920, 0.448488),

              ["LowerTorso"] = CFrame.new(-0.392339, -0.703045, 0.000000, 0.976979, 0.213334, -0.000000, -0.213334, 0.976979, 0.000000, 0.000000, -0.000000, 1.000000),

              ["RightFoot"] = CFrame.new(-0.000000, 0.031966, -0.000101, 0.994228, 0.082072, 0.069108, -0.076075, 0.993440, -0.085384, -0.075658, 0.079635, 0.993949),

              ["RightHand"] = CFrame.new(-0.000484, 0.024598, 0.000000, 0.995191, -0.084355, 0.049797, 0.077057, 0.988021, 0.133708, -0.060479, -0.129226, 0.989769),

              ["RightLowerArm"] = CFrame.new(-0.000001, 0.118629, 0.082803, 1.000000, 0.000000, -0.000000, -0.000000, 0.144395, -0.989520, -0.000000, 0.989520, 0.144395),

              ["RightLowerLeg"] = CFrame.new(0.000000, 0.124945, -0.085688, 1.000000, 0.000000, 0.000000, -0.000000, 0.113469, 0.993543, 0.000000, -0.993542, 0.113455),

              ["RightUpperArm"] = CFrame.new(0.181479, 0.091888, -0.483136, 0.219515, -0.119025, 0.968321, -0.134654, -0.986727, -0.090762, 0.966272, -0.110466, -0.232628),

              ["RightUpperLeg"] = CFrame.new(0.000000, -0.000000, -0.000000, 0.618204, -0.777173, 0.117559, 0.219000, 0.026643, -0.975361, 0.754893, 0.628722, 0.186684),

              ["UpperTorso"] = CFrame.new(0.297318, 0.077492, -0.000000, 0.977022, -0.213134, 0.001045, 0.213134, 0.977023, 0.000206, -0.001065, 0.000022, 1.000000)

          }},

          {Time = 0.150, Data = {

              ["Head"] = CFrame.new(0.000000, 0.000000, -0.000000, 0.846436, 0.138617, -0.514132, -0.078518, 0.987459, 0.136965, 0.526670, -0.075564, 0.846704),

              ["LeftFoot"] = CFrame.new(0.000000, 0.030670, -0.000002, 0.916965, 0.305199, 0.256982, -0.142316, 0.851924, -0.503974, -0.372721, 0.425533, 0.824603),

              ["LeftHand"] = CFrame.new(0.000485, 0.023523, -0.000000, 0.997265, -0.064005, 0.036957, 0.068707, 0.987125, -0.144444, -0.027235, 0.146588, 0.988823),

              ["LeftLowerArm"] = CFrame.new(-0.000499, 0.113978, 0.066542, 1.000000, -0.000000, -0.000000, 0.000000, 0.313167, -0.949698, 0.000000, 0.949698, 0.313167),

              ["LeftLowerLeg"] = CFrame.new(-0.000000, 0.123082, -0.076424, 1.000000, -0.000000, -0.000000, 0.000000, 0.208967, 0.977926, -0.000000, -0.977923, 0.208953),

              ["LeftUpperArm"] = CFrame.new(-0.176796, -0.034041, -0.480681, 0.228880, 0.125994, -0.965267, 0.152962, -0.983925, -0.092160, -0.961362, -0.126556, -0.244473),

              ["LeftUpperLeg"] = CFrame.new(-0.000000, -0.000000, -0.000100, 0.751912, 0.159012, 0.639804, 0.429086, 0.618748, -0.658040, -0.500514, 0.769329, 0.397031),

              ["LowerTorso"] = CFrame.new(-0.327282, -0.707353, 0.000000, 0.987748, 0.156055, -0.000000, -0.156055, 0.987748, 0.000000, 0.000000, -0.000000, 1.000000),

              ["RightFoot"] = CFrame.new(0.000000, 0.032061, -0.000101, 0.997935, 0.049133, 0.041372, -0.042912, 0.989249, -0.139810, -0.047794, 0.137743, 0.989314),

              ["RightHand"] = CFrame.new(-0.000484, 0.024602, -0.000000, 0.995508, -0.081522, 0.048142, 0.074371, 0.988024, 0.135198, -0.058587, -0.131009, 0.989648),

              ["RightLowerArm"] = CFrame.new(-0.000000, 0.118637, 0.082844, 1.000000, 0.000000, -0.000000, -0.000000, 0.143968, -0.989582, -0.000000, 0.989582, 0.143967),

              ["RightLowerLeg"] = CFrame.new(-0.000000, 0.125145, -0.087215, 1.000000, 0.000000, 0.000000, -0.000000, 0.097607, 0.995227, 0.000000, -0.995225, 0.097592),

              ["RightUpperArm"] = CFrame.new(0.180627, 0.093054, -0.482778, 0.221219, -0.117395, 0.968132, -0.136987, -0.986626, -0.088336, 0.965555, -0.113080, -0.234342),

              ["RightUpperLeg"] = CFrame.new(0.000000, -0.000000, -0.000000, 0.657090, -0.753706, 0.012604, 0.153559, 0.117445, -0.981133, 0.738005, 0.646633, 0.192923),

              ["UpperTorso"] = CFrame.new(0.259699, 0.053463, -0.000000, 0.987929, -0.154903, 0.001419, 0.154902, 0.987930, 0.000195, -0.001432, 0.000027, 0.999999)

          }},

          {Time = 0.175, Data = {

              ["Head"] = CFrame.new(-0.000000, 0.000000, 0.000000, 0.846237, 0.135530, -0.515281, -0.074792, 0.987748, 0.136969, 0.527531, -0.077369, 0.846005),

              ["LeftFoot"] = CFrame.new(0.000000, 0.031992, -0.000001, 0.952544, 0.232859, 0.196071, -0.117219, 0.875006, -0.469726, -0.280926, 0.424431, 0.860763),

              ["LeftHand"] = CFrame.new(0.000485, 0.023544, -0.000001, 0.996900, -0.068123, 0.039363, 0.073058, 0.987204, -0.141745, -0.029202, 0.144181, 0.989120),

              ["LeftLowerArm"] = CFrame.new(-0.000500, 0.114053, 0.066730, 1.000000, -0.000000, -0.000000, 0.000000, 0.311205, -0.950343, 0.000000, 0.950343, 0.311205),

              ["LeftLowerLeg"] = CFrame.new(0.000000, 0.125584, -0.089270, 1.000000, -0.000000, -0.000000, 0.000000, 0.075206, 0.997169, -0.000000, -0.997168, 0.075192),

              ["LeftUpperArm"] = CFrame.new(-0.175125, -0.032241, -0.479990, 0.232222, 0.127269, -0.964301, 0.156561, -0.983366, -0.092083, -0.959980, -0.129588, -0.248285),

              ["LeftUpperLeg"] = CFrame.new(-0.000000, 0.000000, -0.000100, 0.784164, 0.405658, 0.469614, 0.248748, 0.487812, -0.836747, -0.568516, 0.772969, 0.281634),

              ["LowerTorso"] = CFrame.new(-0.171436, -0.712191, 0.000000, 0.999844, 0.017695, -0.000000, -0.017695, 0.999844, 0.000000, 0.000000, -0.000000, 1.000000),

              ["RightFoot"] = CFrame.new(-0.000000, 0.032033, -0.000101, 0.999214, -0.030327, -0.025535, 0.022904, 0.967319, -0.252535, 0.032356, 0.251741, 0.967251),

              ["RightHand"] = CFrame.new(-0.000484, 0.024609, 0.000000, 0.995853, -0.078332, 0.046279, 0.071350, 0.988004, 0.136962, -0.056452, -0.133090, 0.989495),

              ["RightLowerArm"] = CFrame.new(-0.000000, 0.118649, 0.082913, 1.000000, 0.000000, -0.000000, -0.000000, 0.143251, -0.989686, -0.000000, 0.989686, 0.143251),

              ["RightLowerLeg"] = CFrame.new(0.000000, 0.125090, -0.086781, 1.000000, 0.000000, 0.000000, -0.000000, 0.102116, 0.994774, 0.000000, -0.994773, 0.102102),

              ["RightUpperArm"] = CFrame.new(0.179654, 0.094373, -0.482365, 0.223164, -0.115794, 0.967879, -0.139625, -0.986478, -0.085826, 0.964729, -0.115987, -0.236314),

              ["RightUpperLeg"] = CFrame.new(0.000000, 0.000000, -0.000000, 0.721854, -0.646962, -0.245711, -0.017554, 0.337797, -0.941048, 0.691823, 0.683618, 0.232497),

              ["UpperTorso"] = CFrame.new(0.164116, 0.015187, -0.000000, 0.999878, -0.015521, 0.001810, 0.015521, 0.999880, -0.000004, -0.001809, 0.000032, 0.999998)

          }},

          {Time = 0.200, Data = {

              ["Head"] = CFrame.new(-0.000000, 0.000000, 0.000000, 0.846003, 0.132121, -0.516549, -0.070675, 0.988051, 0.136968, 0.528473, -0.079368, 0.845232),

              ["LeftFoot"] = CFrame.new(0.000000, 0.032572, -0.000001, 0.985030, 0.131870, 0.111037, -0.080821, 0.922183, -0.378232, -0.152264, 0.363579, 0.919027),

              ["LeftHand"] = CFrame.new(0.000485, 0.023564, 0.000000, 0.996481, -0.072564, 0.041957, 0.077740, 0.987252, -0.138893, -0.031343, 0.141665, 0.989418),

              ["LeftLowerArm"] = CFrame.new(-0.000500, 0.114123, 0.066904, 1.000000, -0.000000, -0.000000, 0.000000, 0.309393, -0.950934, 0.000000, 0.950934, 0.309393),

              ["LeftLowerLeg"] = CFrame.new(-0.000000, 0.126049, -0.098720, 1.000000, -0.000000, -0.000000, 0.000000, -0.023084, 0.999733, -0.000000, -0.999734, -0.023096),

              ["LeftUpperArm"] = CFrame.new(-0.173341, -0.030307, -0.479235, 0.235790, 0.128340, -0.963292, 0.160429, -0.982782, -0.091668, -0.958470, -0.132926, -0.252320),

              ["LeftUpperLeg"] = CFrame.new(-0.000000, -0.000000, -0.000100, 0.758929, 0.627118, 0.175368, 0.022916, 0.243401, -0.969650, -0.650770, 0.739919, 0.170367),

              ["LowerTorso"] = CFrame.new(0.014661, -0.707868, 0.000000, 0.989037, -0.147666, -0.000000, 0.147666, 0.989037, 0.000000, 0.000000, -0.000000, 1.000000),

              ["RightFoot"] = CFrame.new(0.000000, 0.031237, -0.000101, 0.987466, -0.120736, -0.101662, 0.078741, 0.935054, -0.345665, 0.136784, 0.333312, 0.932835),

              ["RightHand"] = CFrame.new(-0.000484, 0.024618, 0.000000, 0.996214, -0.074835, 0.044236, 0.068041, 0.987952, 0.139003, -0.054105, -0.135465, 0.989303),

              ["RightLowerArm"] = CFrame.new(-0.000001, 0.118671, 0.083016, 1.000000, 0.000000, -0.000000, -0.000000, 0.142179, -0.989841, -0.000000, 0.989841, 0.142179),

              ["RightLowerLeg"] = CFrame.new(0.000000, 0.123652, -0.079451, 1.000000, 0.000000, 0.000000, -0.000000, 0.178481, 0.983946, 0.000000, -0.983943, 0.178467),

              ["RightUpperArm"] = CFrame.new(0.178573, 0.095827, -0.481900, 0.225327, -0.114321, 0.967553, -0.142532, -0.986275, -0.083340, 0.963801, -0.119129, -0.238529),

              ["RightUpperLeg"] = CFrame.new(0.000000, -0.000000, -0.000000, 0.740998, -0.424972, -0.519934, -0.232705, 0.563775, -0.792455, 0.629897, 0.708206, 0.318878),

              ["UpperTorso"] = CFrame.new(0.045732, 0.005589, -0.000000, 0.988559, 0.150817, 0.002151, -0.150817, 0.988562, -0.000364, -0.002182, 0.000036, 0.999998)

          }},

          {Time = 0.225, Data = {

              ["Head"] = CFrame.new(-0.000000, 0.000000, -0.000000, 0.845732, 0.128429, -0.517922, -0.066215, 0.988361, 0.136960, 0.529483, -0.081537, 0.844393),

              ["LeftFoot"] = CFrame.new(-0.000000, 0.032743, -0.000001, 0.998541, 0.041306, 0.034781, -0.030874, 0.965161, -0.259839, -0.044298, 0.258376, 0.965025),

              ["LeftHand"] = CFrame.new(0.000484, 0.023582, -0.000000, 0.996011, -0.077239, 0.044688, 0.082661, 0.987260, -0.135956, -0.033617, 0.139107, 0.989706),

              ["LeftLowerArm"] = CFrame.new(-0.000499, 0.114182, 0.067053, 1.000000, -0.000000, -0.000000, 0.000000, 0.307848, -0.951436, 0.000000, 0.951436, 0.307848),

              ["LeftLowerLeg"] = CFrame.new(-0.000000, 0.126047, -0.100589, 1.000000, -0.000000, -0.000000, 0.000000, -0.042574, 0.999093, -0.000000, -0.999093, -0.042586),

              ["LeftUpperArm"] = CFrame.new(-0.171483, -0.028278, -0.478430, 0.239507, 0.129102, -0.962273, 0.164488, -0.982188, -0.090834, -0.956860, -0.136527, -0.256476),

              ["LeftUpperLeg"] = CFrame.new(0.000000, 0.000000, -0.000100, 0.683779, 0.722149, -0.104610, -0.155149, 0.003778, -0.987884, -0.713005, 0.691727, 0.114637),

              ["LowerTorso"] = CFrame.new(0.169406, -0.695869, 0.000000, 0.959038, -0.283276, -0.000000, 0.283276, 0.959038, -0.000000, 0.000000, -0.000000, 1.000000),

              ["RightFoot"] = CFrame.new(0.000000, 0.030181, -0.000102, 0.969458, -0.187616, -0.157976, 0.114488, 0.915782, -0.385032, 0.216896, 0.355168, 0.909282),

              ["RightHand"] = CFrame.new(-0.000484, 0.024632, 0.000000, 0.996585, -0.071074, 0.042039, 0.064491, 0.987861, 0.141325, -0.051574, -0.138129, 0.989070),

              ["RightLowerArm"] = CFrame.new(-0.000000, 0.118698, 0.083160, 1.000000, 0.000000, 0.000000, -0.000000, 0.140685, -0.990054, -0.000000, 0.990054, 0.140685),

              ["RightLowerLeg"] = CFrame.new(-0.000000, 0.120404, -0.068490, 1.000000, 0.000000, 0.000000, -0.000000, 0.292410, 0.956297, 0.000000, -0.956293, 0.292396),

              ["RightUpperArm"] = CFrame.new(0.177393, 0.097398, -0.481388, 0.227687, -0.113076, 0.967147, -0.145675, -0.986012, -0.080987, 0.962776, -0.122450, -0.240975),

              ["RightUpperLeg"] = CFrame.new(-0.000000, -0.000000, -0.000000, 0.708870, -0.181013, -0.681721, -0.405009, 0.686832, -0.603497, 0.577469, 0.703915, 0.413578),

              ["UpperTorso"] = CFrame.new(-0.050320, 0.027668, 0.000000, 0.957847, 0.287268, 0.002414, -0.287267, 0.957850, -0.000763, -0.002531, 0.000037, 0.999997)

          }},

          {Time = 0.250, Data = {

              ["Head"] = CFrame.new(-0.000000, 0.000000, -0.000000, 0.845424, 0.124495, -0.519384, -0.061459, 0.988671, 0.136943, 0.530548, -0.083854, 0.843497),

              ["LeftFoot"] = CFrame.new(-0.000000, 0.032636, -0.000001, 0.999989, 0.003545, 0.002984, -0.002870, 0.979522, -0.201323, -0.003636, 0.201305, 0.979520),

              ["LeftHand"] = CFrame.new(0.000484, 0.023594, -0.000000, 0.995494, -0.082062, 0.047505, 0.087728, 0.987225, -0.133006, -0.035983, 0.136574, 0.989976),

              ["LeftLowerArm"] = CFrame.new(-0.000499, 0.114227, 0.067165, 1.000000, -0.000000, -0.000000, 0.000000, 0.306682, -0.951812, 0.000000, 0.951812, 0.306682),

              ["LeftLowerLeg"] = CFrame.new(-0.000000, 0.126048, -0.099606, 1.000000, -0.000000, -0.000000, 0.000000, -0.032317, 0.999477, -0.000000, -0.999478, -0.032329),

              ["LeftUpperArm"] = CFrame.new(-0.169589, -0.026195, -0.477588, 0.243295, 0.129453, -0.961275, 0.168655, -0.981603, -0.089505, -0.955177, -0.140348, -0.260652),

              ["LeftUpperLeg"] = CFrame.new(0.000000, -0.000000, -0.000100, 0.639593, 0.737073, -0.218256, -0.222312, -0.094455, -0.970392, -0.735865, 0.669179, 0.103460),

              ["LowerTorso"] = CFrame.new(0.233708, -0.688616, 0.000000, 0.940907, -0.338666, -0.000000, 0.338666, 0.940907, -0.000000, 0.000000, -0.000000, 1.000000),

              ["RightFoot"] = CFrame.new(-0.000000, 0.029351, -0.000102, 0.960626, -0.212544, -0.178966, 0.128620, 0.911087, -0.391652, 0.246281, 0.353194, 0.902541),

              ["RightHand"] = CFrame.new(-0.000484, 0.024650, 0.000000, 0.996956, -0.067099, 0.039717, 0.060743, 0.987722, 0.143930, -0.048886, -0.141077, 0.988791),

              ["RightLowerArm"] = CFrame.new(-0.000000, 0.118735, 0.083350, 1.000000, 0.000000, -0.000000, -0.000000, 0.138702, -0.990334, -0.000000, 0.990334, 0.138702),

              ["RightLowerLeg"] = CFrame.new(0.000000, 0.117980, -0.062925, 1.000000, 0.000000, 0.000000, -0.000000, 0.350348, 0.936625, 0.000000, -0.936620, 0.350334),

              ["RightUpperArm"] = CFrame.new(0.176125, 0.099071, -0.480830, 0.230223, -0.112159, 0.966653, -0.149022, -0.985683, -0.078875, 0.961660, -0.125894, -0.243641),

              ["RightUpperLeg"] = CFrame.new(0.000000, -0.000000, -0.000000, 0.683809, -0.070565, -0.726243, -0.472017, 0.716221, -0.514013, 0.556422, 0.694297, 0.456466),

              ["UpperTorso"] = CFrame.new(-0.088277, 0.044826, 0.000000, 0.939174, 0.343430, 0.002655, -0.343429, 0.939178, -0.001010, -0.002841, 0.000037, 0.999996)

          }},

          {Time = 0.275, Data = {

              ["Head"] = CFrame.new(0.000000, 0.000000, -0.000000, 0.845078, 0.120361, -0.520920, -0.056458, 0.988973, 0.136916, 0.531655, -0.086295, 0.842554),

              ["LeftFoot"] = CFrame.new(-0.000000, 0.032744, -0.000001, 0.998541, 0.041306, 0.034780, -0.030874, 0.965161, -0.259839, -0.044298, 0.258376, 0.965025),

              ["LeftHand"] = CFrame.new(0.000484, 0.023602, 0.000000, 0.994940, -0.086945, 0.050357, 0.092849, 0.987143, -0.130107, -0.038397, 0.134123, 0.990220),

              ["LeftLowerArm"] = CFrame.new(-0.000500, 0.114254, 0.067231, 1.000000, -0.000000, -0.000000, 0.000000, 0.305993, -0.952034, 0.000000, 0.952034, 0.305993),

              ["LeftLowerLeg"] = CFrame.new(-0.000000, 0.126047, -0.100589, 1.000000, -0.000000, -0.000000, 0.000000, -0.042574, 0.999093, -0.000000, -0.999093, -0.042587),

              ["LeftUpperArm"] = CFrame.new(-0.167697, -0.024097, -0.476727, 0.247079, 0.129299, -0.960330, 0.172849, -0.981044, -0.087617, -0.953454, -0.144345, -0.264745),

              ["LeftUpperLeg"] = CFrame.new(-0.000000, -0.000000, -0.000100, 0.683779, 0.722149, -0.104610, -0.155149, 0.003778, -0.987884, -0.713005, 0.691727, 0.114637),

              ["LowerTorso"] = CFrame.new(0.169406, -0.695869, 0.000000, 0.959039, -0.283276, -0.000000, 0.283276, 0.959039, -0.000000, 0.000000, -0.000000, 1.000000),

              ["RightFoot"] = CFrame.new(0.000000, 0.030180, -0.000102, 0.969458, -0.187616, -0.157976, 0.114488, 0.915782, -0.385032, 0.216896, 0.355168, 0.909282),

              ["RightHand"] = CFrame.new(-0.000484, 0.024673, -0.000000, 0.997319, -0.062954, 0.037295, 0.056845, 0.987529, 0.146820, -0.046073, -0.144304, 0.988460),

              ["RightLowerArm"] = CFrame.new(-0.000001, 0.118780, 0.083594, 1.000000, 0.000000, 0.000000, -0.000000, 0.136168, -0.990686, -0.000000, 0.990686, 0.136168),

              ["RightLowerLeg"] = CFrame.new(0.000000, 0.120404, -0.068490, 1.000000, 0.000000, 0.000000, -0.000000, 0.292410, 0.956297, 0.000000, -0.956293, 0.292396),

              ["RightUpperArm"] = CFrame.new(0.174780, 0.100830, -0.480230, 0.232911, -0.111660, 0.966066, -0.152538, -0.985285, -0.077106, 0.960461, -0.129404, -0.246517),

              ["RightUpperLeg"] = CFrame.new(0.000000, -0.000000, -0.000000, 0.708870, -0.181013, -0.681721, -0.405009, 0.686832, -0.603498, 0.577469, 0.703915, 0.413578),

              ["UpperTorso"] = CFrame.new(-0.050320, 0.027668, 0.000000, 0.957358, 0.288891, 0.002952, -0.288889, 0.957362, -0.000926, -0.003093, 0.000034, 0.999995)

          }},

          {Time = 0.300, Data = {

              ["Head"] = CFrame.new(-0.000000, 0.000000, 0.000000, 0.844693, 0.116066, -0.522515, -0.051260, 0.989261, 0.136879, 0.532790, -0.088837, 0.841571),

              ["LeftFoot"] = CFrame.new(-0.000000, 0.032572, -0.000001, 0.985030, 0.131870, 0.111037, -0.080822, 0.922183, -0.378232, -0.152264, 0.363579, 0.919027),

              ["LeftHand"] = CFrame.new(0.000484, 0.023603, 0.000000, 0.994355, -0.091804, 0.053195, 0.097937, 0.987016, -0.127311, -0.040815, 0.131802, 0.990435),

              ["LeftLowerArm"] = CFrame.new(-0.000500, 0.114259, 0.067246, 1.000000, -0.000000, 0.000000, 0.000000, 0.305844, -0.952082, 0.000000, 0.952082, 0.305844),

              ["LeftLowerLeg"] = CFrame.new(-0.000000, 0.126049, -0.098720, 1.000000, -0.000000, -0.000000, 0.000000, -0.023084, 0.999733, -0.000000, -0.999734, -0.023096),

              ["LeftUpperArm"] = CFrame.new(-0.165843, -0.022025, -0.475862, 0.250786, 0.128586, -0.959464, 0.176993, -0.980522, -0.085145, -0.951725, -0.148466, -0.268660),

              ["LeftUpperLeg"] = CFrame.new(-0.000000, -0.000000, -0.000100, 0.758929, 0.627118, 0.175368, 0.022916, 0.243401, -0.969650, -0.650770, 0.739919, 0.170367),

              ["LowerTorso"] = CFrame.new(0.014661, -0.707868, 0.000000, 0.989037, -0.147666, -0.000000, 0.147666, 0.989037, 0.000000, 0.000000, -0.000000, 1.000000),

              ["RightFoot"] = CFrame.new(-0.000000, 0.031237, -0.000102, 0.987466, -0.120736, -0.101662, 0.078741, 0.935054, -0.345665, 0.136784, 0.333312, 0.932835),

              ["RightHand"] = CFrame.new(-0.000484, 0.024701, 0.000001, 0.997669, -0.058693, 0.034806, 0.052849, 0.987275, 0.149985, -0.043166, -0.147794, 0.988076),

              ["RightLowerArm"] = CFrame.new(-0.000001, 0.118835, 0.083893, 1.000000, 0.000000, -0.000000, -0.000000, 0.133057, -0.991108, -0.000000, 0.991108, 0.133057),

              ["RightLowerLeg"] = CFrame.new(0.000000, 0.123652, -0.079451, 1.000000, 0.000000, 0.000000, -0.000000, 0.178481, 0.983946, 0.000000, -0.983943, 0.178467),

              ["RightUpperArm"] = CFrame.new(0.173372, 0.102652, -0.479593, 0.235728, -0.111637, 0.965386, -0.156184, -0.984819, -0.075748, 0.959187, -0.132922, -0.249586),

              ["RightUpperLeg"] = CFrame.new(0.000000, 0.000000, -0.000000, 0.740998, -0.424972, -0.519935, -0.232705, 0.563775, -0.792455, 0.629897, 0.708206, 0.318878),

              ["UpperTorso"] = CFrame.new(0.045732, 0.005589, -0.000000, 0.988049, 0.154105, 0.003229, -0.154104, 0.988055, -0.000533, -0.003272, 0.000029, 0.999995)

          }},

          {Time = 0.325, Data = {

              ["Head"] = CFrame.new(-0.000000, -0.000000, 0.000000, 0.844273, 0.111652, -0.524153, -0.045913, 0.989530, 0.136831, 0.533943, -0.091457, 0.840560),

              ["LeftFoot"] = CFrame.new(0.000000, 0.031992, -0.000001, 0.952544, 0.232859, 0.196071, -0.117219, 0.875006, -0.469726, -0.280926, 0.424431, 0.860763),

              ["LeftHand"] = CFrame.new(0.000484, 0.023599, -0.000000, 0.993753, -0.096555, 0.055969, 0.102905, 0.986848, -0.124668, -0.043195, 0.129648, 0.990619),

              ["LeftLowerArm"] = CFrame.new(-0.000499, 0.114243, 0.067204, 1.000000, -0.000000, -0.000000, 0.000000, 0.306279, -0.951942, 0.000000, 0.951942, 0.306279),

              ["LeftLowerLeg"] = CFrame.new(-0.000000, 0.125584, -0.089270, 1.000000, -0.000000, -0.000000, 0.000000, 0.075206, 0.997169, -0.000000, -0.997168, 0.075192),

              ["LeftUpperArm"] = CFrame.new(-0.164064, -0.020016, -0.475012, 0.254344, 0.127265, -0.958704, 0.181011, -0.980050, -0.082077, -0.950023, -0.152660, -0.272306),

              ["LeftUpperLeg"] = CFrame.new(-0.000000, 0.000000, -0.000100, 0.784164, 0.405658, 0.469614, 0.248748, 0.487812, -0.836747, -0.568516, 0.772969, 0.281634),

              ["LowerTorso"] = CFrame.new(-0.171436, -0.712191, 0.000000, 0.999844, 0.017695, -0.000000, -0.017695, 0.999844, 0.000000, 0.000000, -0.000000, 1.000000),

              ["RightFoot"] = CFrame.new(-0.000000, 0.032033, -0.000101, 0.999214, -0.030327, -0.025535, 0.022904, 0.967319, -0.252535, 0.032356, 0.251741, 0.967251),

              ["RightHand"] = CFrame.new(-0.000484, 0.024735, 0.000001, 0.997999, -0.054369, 0.032279, 0.048806, 0.986957, 0.153409, -0.040199, -0.151524, 0.987635),

              ["RightLowerArm"] = CFrame.new(-0.000000, 0.118901, 0.084249, 1.000000, 0.000000, 0.000000, -0.000000, 0.129349, -0.991599, -0.000000, 0.991599, 0.129349),

              ["RightLowerLeg"] = CFrame.new(0.000000, 0.125090, -0.086781, 1.000000, 0.000000, 0.000000, -0.000000, 0.102116, 0.994774, 0.000000, -0.994773, 0.102102),

              ["RightUpperArm"] = CFrame.new(0.171913, 0.104518, -0.478924, 0.238647, -0.112140, 0.964610, -0.159916, -0.984288, -0.074865, 0.957849, -0.136390, -0.252830),

              ["RightUpperLeg"] = CFrame.new(0.000000, 0.000000, -0.000000, 0.721854, -0.646962, -0.245711, -0.017554, 0.337797, -0.941048, 0.691823, 0.683618, 0.232497),

              ["UpperTorso"] = CFrame.new(0.164116, 0.015187, -0.000000, 0.999937, -0.010689, 0.003360, 0.010689, 0.999943, 0.000013, -0.003360, 0.000023, 0.999994)

          }},

          {Time = 0.350, Data = {

              ["Head"] = CFrame.new(-0.000000, 0.000000, 0.000000, 0.843819, 0.107160, -0.525820, -0.040467, 0.989776, 0.136771, 0.535101, -0.094131, 0.839528),

              ["LeftFoot"] = CFrame.new(0.000000, 0.030670, -0.000002, 0.916965, 0.305199, 0.256982, -0.142316, 0.851924, -0.503974, -0.372721, 0.425533, 0.824603),

              ["LeftHand"] = CFrame.new(0.000485, 0.023587, 0.000000, 0.993146, -0.101115, 0.058631, 0.107669, 0.986645, -0.122227, -0.045488, 0.127702, 0.990769),

              ["LeftLowerArm"] = CFrame.new(-0.000500, 0.114202, 0.067102, 1.000000, -0.000000, -0.000000, 0.000000, 0.307345, -0.951598, 0.000000, 0.951598, 0.307345),

              ["LeftLowerLeg"] = CFrame.new(0.000000, 0.123081, -0.076424, 1.000000, -0.000000, -0.000000, 0.000000, 0.208967, 0.977926, -0.000000, -0.977923, 0.208953),

              ["LeftUpperArm"] = CFrame.new(-0.162396, -0.018109, -0.474194, 0.257681, 0.125291, -0.958072, 0.184826, -0.979639, -0.078402, -0.948388, -0.156874, -0.275591),

              ["LeftUpperLeg"] = CFrame.new(-0.000000, 0.000000, -0.000100, 0.751912, 0.159012, 0.639804, 0.429086, 0.618748, -0.658040, -0.500514, 0.769328, 0.397031),

              ["LowerTorso"] = CFrame.new(-0.327282, -0.707353, 0.000000, 0.987748, 0.156055, -0.000000, -0.156055, 0.987748, 0.000000, 0.000000, -0.000000, 1.000000),

              ["RightFoot"] = CFrame.new(-0.000000, 0.032060, -0.000101, 0.997935, 0.049133, 0.041372, -0.042912, 0.989249, -0.139810, -0.047795, 0.137743, 0.989314),

              ["RightHand"] = CFrame.new(-0.000484, 0.024775, 0.000000, 0.998304, -0.050037, 0.029748, 0.044768, 0.986571, 0.157080, -0.037208, -0.155479, 0.987138),

              ["RightLowerArm"] = CFrame.new(-0.000001, 0.118975, 0.084665, 1.000000, 0.000000, -0.000000, -0.000000, 0.125020, -0.992154, -0.000000, 0.992154, 0.125020),

              ["RightLowerLeg"] = CFrame.new(-0.000000, 0.125145, -0.087215, 1.000000, 0.000000, 0.000000, -0.000000, 0.097607, 0.995227, 0.000000, -0.995225, 0.097592),

              ["RightUpperArm"] = CFrame.new(0.170416, 0.106407, -0.478230, 0.241641, -0.113221, 0.963738, -0.163693, -0.983693, -0.074522, 0.956459, -0.139750, -0.256234),

              ["RightUpperLeg"] = CFrame.new(0.000000, -0.000000, -0.000000, 0.657090, -0.753706, 0.012604, 0.153559, 0.117445, -0.981133, 0.738005, 0.646633, 0.192923),

              ["UpperTorso"] = CFrame.new(0.259699, 0.053463, -0.000000, 0.988858, -0.148825, 0.003306, 0.148825, 0.988864, 0.000480, -0.003340, 0.000017, 0.999995)

          }},

          {Time = 0.375, Data = {

              ["Head"] = CFrame.new(0.000000, 0.000000, -0.000000, 0.843333, 0.102629, -0.527501, -0.034972, 0.989995, 0.136699, 0.536253, -0.096836, 0.838484),

              ["LeftFoot"] = CFrame.new(-0.000000, 0.030198, -0.000002, 0.901240, 0.331478, 0.279110, -0.154443, 0.847503, -0.507843, -0.404863, 0.414560, 0.814981),

              ["LeftHand"] = CFrame.new(0.000485, 0.023568, -0.000000, 0.992549, -0.105401, 0.061133, 0.112143, 0.986415, -0.120037, -0.047650, 0.125998, 0.990885),

              ["LeftLowerArm"] = CFrame.new(-0.000500, 0.114135, 0.066934, 1.000000, -0.000000, -0.000000, 0.000000, 0.309081, -0.951036, 0.000000, 0.951036, 0.309081),

              ["LeftLowerLeg"] = CFrame.new(-0.000000, 0.121188, -0.069891, 1.000000, -0.000000, -0.000000, 0.000000, 0.276767, 0.960941, -0.000000, -0.960937, 0.276753),

              ["LeftUpperArm"] = CFrame.new(-0.160873, -0.016341, -0.473429, 0.260727, 0.122621, -0.957594, 0.188362, -0.979299, -0.074115, -0.946859, -0.161051, -0.278427),

