return {
    ["Apple Dance"] = {
        {Time = 0.000, Data = {
            ["RightFoot"] = CFrame.new(-8.504634507744413e-08, 4.76837158203125e-07, -1.722219167277217e-08, 0.9999996423721313, 0.0007760658045299351, 0.00038479448994621634, -0.0006888113566674292, 0.9817814826965332, -0.19001208245754242, -0.0005252459086477757, 0.1900119185447693, 0.9817817211151123),
            ["LeftLowerArm"] = CFrame.new(2.9802322387695312e-08, -5.960464477539063e-08, -6.332993507385254e-08, 1, -4.4703490686970326e-08, 3.129243850708008e-07, 2.011657045386528e-07, -0.7176998853683472, -0.6963526010513306, 2.3469331722481002e-07, 0.696352481842041, -0.7176998853683472),
            ["RightUpperArm"] = CFrame.new(0.0018696784973144531, -0.00004291534423828125, 0.00011864304542541504, 0.6088500022888184, -0.2750914394855499, 0.744060754776001, 0.1238911896944046, 0.9594130516052246, 0.25333306193351746, -0.7835513949394226, -0.06205925717949867, 0.6182200908660889),
            ["Head"] = CFrame.new(1.1757947504520416e-08, 1.1920928955078125e-07, 9.313225746154785e-10, 0.9953617453575134, 0.08926023542881012, -0.035884108394384384, -0.08962345868349075, 0.995938241481781, -0.00864094402641058, 0.03496706113219261, 0.01181692723184824, 0.9993186593055725),
            ["RightHand"] = CFrame.new(2.9802322387695312e-08, 0, 2.682209014892578e-07, 0.9535887241363525, -0.11422419548034668, 0.2786063849925995, 0.06601684540510178, 0.9820536971092224, 0.1766701489686966, -0.29378631711006165, -0.15007789433002472, 0.9440160393714905),
            ["UpperTorso"] = CFrame.new(-1.862645149230957e-09, -5.960464477539063e-08, -8.326672684688674e-17, 0.9888738989830017, -0.14496828615665436, 0.033357083797454834, 0.14399965107440948, 0.9891282916069031, 0.02982129342854023, -0.03731757402420044, -0.024686090648174286, 0.9989985227584839),
            ["HumanoidRootPart"] = CFrame.new(0, 0, 0, 1, 0, 0, 0, 1, 0, 0, 0, 1),
            ["RightUpperLeg"] = CFrame.new(0, -8.195635103902532e-08, 0, 0.9972804188728333, -0.07204722613096237, 0.015525583177804947, 0.07370005548000336, 0.9737911820411682, -0.2151723951101303, 0.0003838975098915398, 0.21573132276535034, 0.9764527082443237),
            ["LeftUpperArm"] = CFrame.new(-0.0007234811782836914, -0.00004303455352783203, 0.00011863978579640388, 0.843268871307373, -0.036751486361026764, -0.5362340807914734, 0.1974659115076065, 0.9490758180618286, 0.24548402428627014, 0.49990490078926086, -0.3128969669342041, 0.8075831532478333),
            ["RightLowerArm"] = CFrame.new(-5.960464477539063e-08, -5.960464477539063e-08, -1.341104507446289e-07, 1, -1.0430814256778831e-07, 8.940695295223122e-08, 1.527369164477932e-07, 0.3259578347206116, -0.9453843235969543, 2.980232594040899e-08, 0.9453843235969543, 0.3259577751159668),
            ["LeftHand"] = CFrame.new(5.960464477539063e-08, 5.960464477539063e-08, 4.76837158203125e-07, 0.841028094291687, -0.19728700816631317, -0.5037357807159424, 0.29432645440101624, 0.9481327533721924, 0.12006808817386627, 0.45392045378685, -0.24924330413341522, 0.855472981929779),
            ["LeftFoot"] = CFrame.new(4.298635758459568e-08, 5.960464477539063e-08, -6.51925802230835e-09, 0.9999887943267822, 0.004256222862750292, 0.00210362090729177, -0.004264628980308771, 0.9999829530715942, 0.004009191878139973, -0.002086522290483117, -0.004018109291791916, 0.9999898076057434),
            ["LowerTorso"] = CFrame.new(-0.00007237493991851807, 0.0000026226043701171875, 3.5504932327512506e-13, 0.9973374009132385, 0.07292556762695312, 9.798193367771546e-09, -0.07292556762695312, 0.9973374009132385, -3.577456109127297e-10, -9.798193367771546e-09, -3.577456109127297e-10, 1),
            ["RightLowerLeg"] = CFrame.new(2.7066562324762344e-09, 2.980232238769531e-07, -4.380126483738422e-09, 1, 1.057560439221561e-07, 5.103356670588255e-08, -1.1730298865586519e-07, 0.917281448841095, 0.3982393443584442, -4.743924364447594e-09, -0.39823949337005615, 0.9172815680503845),
            ["LeftUpperLeg"] = CFrame.new(0, -1.043081283569336e-07, -4.996003610813204e-16, 0.9974653124809265, -0.06902497261762619, -0.017282601445913315, 0.06661277264356613, 0.9912153482437134, -0.11425838619470596, 0.02501746080815792, 0.11281754076480865, 0.99330073595047),
            ["LeftLowerLeg"] = CFrame.new(3.259629011154175e-09, 5.960464477539063e-08, 9.313225746154785e-10, 1, 1.79279613377048e-08, -2.7881469577550888e-08, -1.3969840395589017e-08, 0.9806323647499084, 0.1958579272031784, 2.8987418687620448e-08, -0.1958579421043396, 0.9806323051452637),
        }},
        {Time = 0.033, Data = {
            ["RightFoot"] = CFrame.new(-4.3177770692182094e-08, 1.1920928955078125e-07, -1.0695657692849636e-09, 0.9999996423721313, 0.0008206290076486766, 0.000406802399083972, -0.0007265061140060425, 0.9811358451843262, -0.19331839680671692, -0.0005577711272053421, 0.19331824779510498, 0.9811360239982605),
            ["LeftLowerArm"] = CFrame.new(5.960464477539063e-08, 2.980232238769531e-07, 2.2351741790771484e-08, 1, -8.940696716308594e-08, 2.086162567138672e-07, 4.4703490686970326e-08, -0.7175801396369934, -0.6964758634567261, 2.0861628513557662e-07, 0.6964760422706604, -0.7175801992416382),
            ["RightUpperArm"] = CFrame.new(0.0018743276596069336, -0.00004410743713378906, 0.0001181289553642273, 0.6124812960624695, -0.27551794052124023, 0.7409159541130066, 0.12213747203350067, 0.9590212106704712, 0.2556574046611786, -0.7809924483299255, -0.06609180569648743, 0.6210336685180664),
            ["Head"] = CFrame.new(5.471520125865936e-09, 2.384185791015625e-07, 9.546056389808655e-09, 0.9954346418380737, 0.0887790322303772, -0.03504686430096626, -0.08914011716842651, 0.9959795475006104, -0.008875085040926933, 0.03411804512143135, 0.011958646588027477, 0.9993463158607483),
            ["RightHand"] = CFrame.new(1.4901161193847656e-07, -2.384185791015625e-07, 1.341104507446289e-07, 0.9535124897956848, -0.11052234470844269, 0.28035488724708557, 0.06151508539915085, 0.9821142554283142, 0.17795363068580627, -0.2950083911418915, -0.15243498980998993, 0.9432570338249207),
            ["UpperTorso"] = CFrame.new(6.558821041835472e-09, -2.9802322387695312e-08, 1.3096723705530167e-10, 0.9888816475868225, -0.14601406455039978, 0.028160911053419113, 0.14518123865127563, 0.9889605641365051, 0.029654329642653465, -0.03217998147010803, -0.025236181914806366, 0.9991634488105774),
            ["HumanoidRootPart"] = CFrame.new(0, 0, 0, 1, 0, 0, 0, 1, 0, 0, 0, 1),
            ["RightUpperLeg"] = CFrame.new(5.960464477539063e-08, -1.7061114476746297e-07, 6.548361852765083e-11, 0.9971238970756531, -0.07483983039855957, 0.011961870826780796, 0.07564564794301987, 0.9730260372161865, -0.21794085204601288, 0.0046714432537555695, 0.21821875870227814, 0.975888729095459),
            ["LeftUpperArm"] = CFrame.new(-0.0007185935974121094, -0.00004398822784423828, 0.00011813174933195114, 0.8420342206954956, -0.0366879440844059, -0.538175106048584, 0.19800414144992828, 0.9490627646446228, 0.24510060250759125, 0.5017697811126709, -0.3129439651966095, 0.8064076900482178),
            ["RightLowerArm"] = CFrame.new(-8.940696716308594e-08, 1.1920928955078125e-07, 0, 1, -2.3096799850463867e-07, 1.266598985694145e-07, 1.9371512394172896e-07, 0.3142337501049042, -0.9493457078933716, 1.6391278734317893e-07, 0.9493456482887268, 0.3142338693141937),
            ["LeftHand"] = CFrame.new(-8.940696716308594e-08, 1.1920928955078125e-07, -1.6391277313232422e-07, 0.8404891490936279, -0.1961916983127594, -0.505061149597168, 0.2939199209213257, 0.9481651186943054, 0.12080609798431396, 0.45518022775650024, -0.24998372793197632, 0.8545870780944824),
            ["LeftFoot"] = CFrame.new(1.1146767064929008e-08, -5.960464477539063e-08, 2.7939677238464355e-09, 0.9999890327453613, 0.004197943489998579, 0.002074699616059661, -0.004171710927039385, 0.9999132752418518, -0.012490838766098022, -0.0021269554272294044, 0.01248205453157425, 0.9999198317527771),
            ["LowerTorso"] = CFrame.new(-0.00007426738739013672, -0.0000890493392944336, 0.001030320068821311, 0.9971874356269836, 0.07482697814702988, 0.004265516996383667, -0.07482804358005524, 0.9971964359283447, 0.00009074772970052436, -0.004246767144650221, -0.00040967267705127597, 0.9999909996986389),
            ["RightLowerLeg"] = CFrame.new(3.141758497804403e-08, 2.980232238769531e-07, -1.282751327380538e-08, 1, 1.0333316424748773e-07, 5.6898002753769106e-08, -1.1768132424094802e-07, 0.9149433374404907, 0.40358221530914307, -1.044827424578898e-08, -0.4035823941230774, 0.914943516254425),
            ["LeftUpperLeg"] = CFrame.new(0, -2.1537755401368486e-07, -1.4551915228366852e-11, 0.9972259998321533, -0.07174284011125565, -0.019835352897644043, 0.06845363229513168, 0.9885944724082947, -0.13414622843265533, 0.02923315390944481, 0.13241630792617798, 0.9907630085945129),
            ["LeftLowerLeg"] = CFrame.new(-4.260800778865814e-08, 5.960464477539063e-08, -1.30385160446167e-08, 1, 2.1653249859809875e-08, -3.003515303134918e-08, -1.6298145055770874e-08, 0.9729335904121399, 0.23108495771884918, 3.096647560596466e-08, -0.23108497262001038, 0.9729336500167847),
        }},
        {Time = 0.067, Data = {
            ["RightFoot"] = CFrame.new(-1.6919969425543968e-08, 1.1920928955078125e-07, 1.0863004717975855e-08, 0.9999995231628418, 0.000968616281170398, 0.00048017685185186565, -0.0008518341928720474, 0.9794402122497559, -0.20173314213752747, -0.0006657065241597593, 0.2017328441143036, 0.979440450668335),
            ["LeftLowerArm"] = CFrame.new(-2.9802322387695312e-08, -3.5762786865234375e-07, 9.313225746154785e-09, 1, -1.043081283569336e-07, 5.960464477539063e-08, -2.9802322387695312e-08, -0.717195451259613, -0.6968721151351929, -1.862645149230957e-08, 0.6968720555305481, -0.717195451259613),
            ["RightUpperArm"] = CFrame.new(0.0018862485885620117, -0.000046133995056152344, 0.00011624954640865326, 0.6205800771713257, -0.2760198414325714, 0.7339574098587036, 0.11752280592918396, 0.9581665992736816, 0.26096975803375244, -0.7752863168716431, -0.07569592446088791, 0.6270577311515808),
            ["Head"] = CFrame.new(-2.735760062932968e-08, -3.5762786865234375e-07, -1.862645149230957e-09, 0.9956223964691162, 0.087529756128788, -0.03278060629963875, -0.08788330852985382, 0.996085524559021, -0.009501329623162746, 0.031820639967918396, 0.01234060525894165, 0.9994174242019653),
            ["RightHand"] = CFrame.new(2.9802322387695312e-08, -5.960464477539063e-08, -4.470348358154297e-08, 0.9536679983139038, -0.09992299228906631, 0.2837828993797302, 0.049313247203826904, 0.9823945760726929, 0.18019236624240875, -0.29679206013679504, -0.15784934163093567, 0.9418057203292847),
            ["UpperTorso"] = CFrame.new(1.2507371138781309e-08, 0, 2.3283064365386963e-10, 0.9887785911560059, -0.14869393408298492, 0.014385024085640907, 0.1482306718826294, 0.9885219931602478, 0.029190784320235252, -0.01856040768325329, -0.026730922982096672, 0.9994703531265259),
            ["HumanoidRootPart"] = CFrame.new(0, 0, 0, 1, 0, 0, 0, 1, 0, 0, 0, 1),
            ["RightUpperLeg"] = CFrame.new(-2.9802322387695312e-08, 1.6265585145447403e-07, 3.41970007866621e-10, 0.9966024160385132, -0.08232185244560242, 0.00263078766874969, 0.08079630136489868, 0.9709335565567017, -0.22530001401901245, 0.015992797911167145, 0.2247469425201416, 0.974285900592804),
            ["LeftUpperArm"] = CFrame.new(-0.0007066726684570312, -0.000046253204345703125, 0.00011623604223132133, 0.8383976221084595, -0.036477986723184586, -0.5438370108604431, 0.19954027235507965, 0.949034571647644, 0.2439614087343216, 0.507220983505249, -0.31305405497550964, 0.8029472827911377),
            ["RightLowerArm"] = CFrame.new(-2.384185791015625e-07, -1.7881393432617188e-07, -1.4901161193847656e-07, 1, -1.8626455755565985e-07, -3.725290298461914e-08, 5.2154071283894154e-08, 0.2857339680194855, -0.9583091139793396, 2.309680269263481e-07, 0.9583090543746948, 0.28573381900787354),
            ["LeftHand"] = CFrame.new(-8.940696716308594e-08, -1.1920928955078125e-07, 1.6391277313232422e-07, 0.8389215469360352, -0.19297637045383453, -0.5088915824890137, 0.29271164536476135, 0.9482629895210266, 0.12295293807983398, 0.45883601903915405, -0.25210633873939514, 0.8520047664642334),
            ["LeftFoot"] = CFrame.new(1.1727388482540846e-07, 5.960464477539063e-08, 1.3504177331924438e-08, 0.9999900460243225, 0.004000146873295307, 0.001976841129362583, -0.003900657407939434, 0.9988397359848022, -0.04799937084317207, -0.0021665566600859165, 0.04799118638038635, 0.9988455176353455),
            ["LowerTorso"] = CFrame.new(-0.00007922947406768799, -0.0003579854965209961, 0.004051346331834793, 0.9966877102851868, 0.07983093708753586, 0.015513484366238117, -0.07984503358602524, 0.996807336807251, 0.00029101449763402343, -0.01544072013348341, -0.0015287252608686686, 0.9998797178268433),
            ["RightLowerLeg"] = CFrame.new(-2.2395397536456585e-08, 4.76837158203125e-07, -2.0510924514383078e-08, 1, 9.878569073862309e-08, 6.728806312139568e-08, -1.1799420462921262e-07, 0.9087382555007935, 0.4173664450645447, -1.9950675778090954e-08, -0.4173666536808014, 0.9087383151054382),
            ["LeftUpperLeg"] = CFrame.new(2.9802322387695312e-08, 9.803079592529684e-08, 2.3283064365386963e-10, 0.9964987635612488, -0.07922066003084183, -0.026727329939603806, 0.07329365611076355, 0.9815414547920227, -0.17664796113967896, 0.04022815451025963, 0.17407050728797913, 0.9839112162590027),
            ["LeftLowerLeg"] = CFrame.new(3.003515303134918e-08, -1.1920928955078125e-07, -4.6566128730773926e-09, 1, 2.9569495296755122e-08, -1.4377294021983289e-08, -2.3283064365386963e-08, 0.9523152709007263, 0.30511602759361267, 2.3632310330867767e-08, -0.30511602759361267, 0.9523152709007263),
        }},
        {Time = 0.100, Data = {
            ["RightFoot"] = CFrame.new(-2.66238942003838e-09, 2.384185791015625e-07, -1.709850039333105e-09, 0.9999990463256836, 0.0012548196827992797, 0.0006219654460437596, -0.0010935963364318013, 0.9770640134811401, -0.21294289827346802, -0.0008749048574827611, 0.2129421830177307, 0.9770644903182983),
            ["LeftLowerArm"] = CFrame.new(2.9802322387695312e-08, -3.5762786865234375e-07, 5.960464477539063e-08, 1, -1.043081283569336e-07, -5.960463766996327e-08, -8.940696716308594e-08, -0.7164700627326965, -0.6976178288459778, 1.1175870895385742e-08, 0.6976178884506226, -0.7164700627326965),
            ["RightUpperArm"] = CFrame.new(0.0019031763076782227, -0.00004756450653076172, 0.00011327862739562988, 0.6290035247802734, -0.27559763193130493, 0.726911723613739, 0.11096097528934479, 0.9573060274124146, 0.26693251729011536, -0.7694428563117981, -0.08724267780780792, 0.6327293515205383),
            ["Head"] = CFrame.new(-1.7462298274040222e-09, 0, -5.820766091346741e-09, 0.9958766102790833, 0.08580388873815536, -0.029453197494149208, -0.0861419290304184, 0.9962285757064819, -0.010404936037957668, 0.028449328616261482, 0.012899184599518776, 0.9995120763778687),
            ["RightHand"] = CFrame.new(5.960464477539063e-08, 1.1920928955078125e-07, -2.8312206268310547e-07, 0.9545527100563049, -0.08329875022172928, 0.28616538643836975, 0.03146839514374733, 0.9829509258270264, 0.18115530908107758, -0.29637637734413147, -0.16391709446907043, 0.9408997297286987),
            ["UpperTorso"] = CFrame.new(1.340231392532587e-08, -1.1920928955078125e-07, -4.656612873077393e-10, 0.9883187413215637, -0.15231093764305115, -0.005248315166682005, 0.1523989737033844, 0.9879090189933777, 0.02846575528383255, 0.0008492154884152114, -0.028933072462677956, 0.9995810389518738),
            ["HumanoidRootPart"] = CFrame.new(0, 0, 0, 1, 0, 0, 0, 1, 0, 0, 0, 1),
            ["RightUpperLeg"] = CFrame.new(0, -7.984272087924182e-08, 9.822542779147625e-10, 0.9955935478210449, -0.09319505095481873, -0.010400485247373581, 0.08813058584928513, 0.9678027629852295, -0.23577702045440674, 0.03203887492418289, 0.2338213473558426, 0.9717515110969543),
            ["LeftUpperArm"] = CFrame.new(-0.0006901025772094727, -0.00004792213439941406, 0.00011326558887958527, 0.832444965839386, -0.03607122227549553, -0.5529325604438782, 0.201902374625206, 0.9490231275558472, 0.24205517768859863, 0.5160145163536072, -0.3131360113620758, 0.7972922325134277),
            ["RightLowerArm"] = CFrame.new(-1.1920928955078125e-07, 1.7881393432617188e-07, 7.450580596923828e-08, 1, 2.2351745343485163e-08, 2.9802322387695312e-08, 3.725290653733282e-08, 0.25027403235435486, -0.9681750535964966, 3.3527616238870905e-08, 0.9681751132011414, 0.25027400255203247),
            ["LeftHand"] = CFrame.new(-5.960464477539063e-08, -2.384185791015625e-07, 4.470348358154297e-08, 0.8364160060882568, -0.18773479759693146, -0.5149408578872681, 0.29069969058036804, 0.9484273791313171, 0.12640906870365143, 0.4646525979042053, -0.2554236054420471, 0.8478542566299438),
            ["LeftFoot"] = CFrame.new(2.0765583030879498e-08, -5.960464477539063e-08, 3.259629011154175e-09, 0.9999918937683105, 0.003616881323978305, 0.0017875072080641985, -0.0034440341405570507, 0.9960506558418274, -0.08872099965810776, -0.0021013421937823296, 0.08871415257453918, 0.996055006980896),
            ["LowerTorso"] = CFrame.new(-0.00008623301982879639, -0.0007948875427246094, 0.008958195336163044, 0.9957230687141418, 0.0868818461894989, 0.03141799941658974, -0.08693970739841461, 0.996213436126709, 0.0004775743873324245, -0.031257543712854385, -0.0032070036977529526, 0.9995062351226807),
            ["RightLowerLeg"] = CFrame.new(-2.8812792152166367e-08, 1.7881393432617188e-07, -5.449692253023386e-09, 1, 9.41509128438156e-08, 7.185736450310287e-08, -1.1608062777668238e-07, 0.899898886680603, 0.4360986053943634, -2.3690517991781235e-08, -0.43609878420829773, 0.8998989462852478),
            ["LeftUpperLeg"] = CFrame.new(0, -7.178459782153368e-08, 8.149072527885437e-10, 0.9952402710914612, -0.09044588357210159, -0.0362837053835392, 0.08009348064661026, 0.9712537527084351, -0.22416822612285614, 0.055515777319669724, 0.22019512951374054, 0.9738748669624329),
            ["LeftLowerLeg"] = CFrame.new(1.5366822481155396e-08, 5.960464477539063e-08, 3.725290298461914e-09, 1, 3.725290298461914e-08, -1.0826624929904938e-08, -2.9336661100387573e-08, 0.9225519895553589, 0.3858727812767029, 2.5494955480098724e-08, -0.3858727812767029, 0.9225519895553589),
        }},
        {Time = 0.133, Data = {
            ["RightFoot"] = CFrame.new(2.2843494207336335e-08, 4.76837158203125e-07, 3.391323843970895e-08, 0.9999982118606567, 0.0016942514339461923, 0.0008396342163905501, -0.0014619072899222374, 0.9743607640266418, -0.22498655319213867, -0.001199290156364441, 0.22498512268066406, 0.9743615984916687),
            ["LeftLowerArm"] = CFrame.new(1.1920928955078125e-07, -5.960464477539063e-08, -9.417999535799026e-08, 1, -1.3411047916633834e-07, 1.9371512394172896e-07, 1.4901164746561335e-08, -0.7152811884880066, -0.6988369226455688, 3.0174859944054333e-07, 0.6988369226455688, -0.715281069278717),
            ["RightUpperArm"] = CFrame.new(0.0019211769104003906, -0.000051140785217285156, 0.00010966695845127106, 0.6337814927101135, -0.2738957703113556, 0.7233961820602417, 0.10366825759410858, 0.9568498730659485, 0.2714613974094391, -0.7665336728096008, -0.09705398976802826, 0.6348280310630798),
            ["Head"] = CFrame.new(-9.313225746154785e-09, 0, -9.080395102500916e-09, 0.9961501955986023, 0.08389262109994888, -0.025432676076889038, -0.08420504629611969, 0.996382474899292, -0.011471043340861797, 0.02437833696603775, 0.013568447902798653, 0.9996107220649719),
            ["RightHand"] = CFrame.new(-5.960464477539063e-08, 0, 8.940696716308594e-08, 0.9566094875335693, -0.061579473316669464, 0.2847919166088104, 0.010181844234466553, 0.9838800430297852, 0.1785399317741394, -0.2911953628063202, -0.16789326071739197, 0.9418159127235413),
            ["UpperTorso"] = CFrame.new(5.762558430433273e-09, -1.4901161193847656e-07, -3.725290298461914e-09, 0.9873324036598206, -0.15617486834526062, -0.028004277497529984, 0.1569390445947647, 0.9872241020202637, 0.02754690684378147, 0.023344358429312706, -0.03159291669726372, 0.9992282390594482),
            ["HumanoidRootPart"] = CFrame.new(0, 0, 0, 1, 0, 0, 0, 1, 0, 0, 0, 1),
            ["RightUpperLeg"] = CFrame.new(-2.9802322387695312e-08, -7.688504410907626e-08, -4.0236045606434345e-09, 0.9940413236618042, -0.10608723759651184, -0.025047941133379936, 0.0966096967458725, 0.963857889175415, -0.24828335642814636, 0.05048235133290291, 0.24438393115997314, 0.9683635830879211),
            ["LeftUpperArm"] = CFrame.new(-0.0006721019744873047, -0.000051140785217285156, 0.00010966084664687514, 0.8242498636245728, -0.03539815917611122, -0.5651188492774963, 0.20485928654670715, 0.949076235294342, 0.23934729397296906, 0.527868390083313, -0.3130517899990082, 0.7895275354385376),
            ["RightLowerArm"] = CFrame.new(-8.940696716308594e-08, -1.1920928955078125e-07, -1.6391277313232422e-07, 1, -1.3411047916633834e-07, -9.685753354915505e-08, -3.725290653733282e-08, 0.21772928535938263, -0.97600919008255, 1.1920930376163597e-07, 0.9760093092918396, 0.21772921085357666),
            ["LeftHand"] = CFrame.new(2.9802322387695312e-08, 0, -1.4901161193847656e-07, 0.8330852389335632, -0.18055342137813568, -0.5228477120399475, 0.28785935044288635, 0.9486616849899292, 0.1310657113790512, 0.4723410904407501, -0.2596953809261322, 0.8422898650169373),
            ["LeftFoot"] = CFrame.new(5.209585651755333e-09, 0, 8.381903171539307e-09, 0.9999943375587463, 0.003018961288034916, 0.0014919685199856758, -0.0027992441318929195, 0.9914998412132263, -0.13007821142673492, -0.001871987245976925, 0.13007327914237976, 0.9915026426315308),
            ["LowerTorso"] = CFrame.new(-0.00009422004222869873, -0.0013905763626098633, 0.01564594730734825, 0.9942455887794495, 0.09492675215005875, 0.04964471235871315, -0.09507124871015549, 0.9954703450202942, 0.0005520664271898568, -0.04936743155121803, -0.005268674343824387, 0.9987667798995972),
            ["RightLowerLeg"] = CFrame.new(-3.8664438761770725e-08, 2.980232238769531e-07, -1.9768776837736368e-08, 1, 9.474752005189657e-08, 5.131005309522152e-08, -1.077278284355998e-07, 0.8894534707069397, 0.4570256173610687, -2.473825588822365e-09, -0.45702579617500305, 0.8894535899162292),
            ["LeftUpperLeg"] = CFrame.new(8.940696716308594e-08, -2.2798485588282347e-07, 4.656612873077393e-10, 0.9934850335121155, -0.1040601059794426, -0.04646623879671097, 0.08783845603466034, 0.9589737057685852, -0.2695441246032715, 0.07260867208242416, 0.2637065649032593, 0.9618664383888245),
            ["LeftLowerLeg"] = CFrame.new(5.21540641784668e-08, 5.960464477539063e-08, -4.284083843231201e-08, 1, 4.6100467443466187e-08, -1.6880221664905548e-08, -3.41096892952919e-08, 0.8872250318527222, 0.46133697032928467, 3.073364496231079e-08, -0.4613369107246399, 0.8872250318527222),
        }},
        {Time = 0.167, Data = {
            ["RightFoot"] = CFrame.new(-1.6072505104602897e-08, 2.384185791015625e-07, 1.9594153854995966e-08, 0.9999969005584717, 0.0022525957319885492, 0.0011163557646796107, -0.0019258856773376465, 0.9718063473701477, -0.23577255010604858, -0.0016159821534529328, 0.23576994240283966, 0.971807599067688),
            ["LeftLowerArm"] = CFrame.new(2.9802322387695312e-08, 2.384185791015625e-07, 4.0512531995773315e-08, 1, 4.4703490686970326e-08, 1.0430814256778831e-07, 5.960465188081798e-08, -0.7134672403335571, -0.7006886601448059, 7.450581485102248e-09, 0.7006886601448059, -0.7134672403335571),
            ["RightUpperArm"] = CFrame.new(0.0019377470016479492, -0.000053763389587402344, 0.0001058187335729599, 0.6311904788017273, -0.2713007628917694, 0.7266322374343872, 0.09695850312709808, 0.9570813179016113, 0.27311971783638, -0.7695437073707581, -0.10193739086389542, 0.630405604839325),
            ["Head"] = CFrame.new(-3.0850060284137726e-08, -2.384185791015625e-07, 7.101334631443024e-09, 0.9964020848274231, 0.0820869654417038, -0.021088290959596634, -0.08236333727836609, 0.9965229630470276, -0.01258818432688713, 0.019981641322374344, 0.014279799535870552, 0.9996983408927917),
            ["RightHand"] = CFrame.new(-1.4901161193847656e-07, -1.1920928955078125e-07, 1.341104507446289e-07, 0.9601137042045593, -0.03572077676653862, 0.27731913328170776, -0.012496786192059517, 0.9853330850601196, 0.17018398642539978, -0.2793307602405548, -0.16686156392097473, 0.9455852508544922),
            ["UpperTorso"] = CFrame.new(1.280568540096283e-08, 8.940696716308594e-08, -4.0745362639427185e-09, 0.9858527779579163, -0.1596222072839737, -0.05113972723484039, 0.1611184924840927, 0.986577033996582, 0.02658369578421116, 0.04620993137359619, -0.03444715589284897, 0.9983377456665039),
            ["HumanoidRootPart"] = CFrame.new(0, 0, 0, 1, 0, 0, 0, 1, 0, 0, 0, 1),
            ["RightUpperLeg"] = CFrame.new(0, 1.7935235518962145e-07, -4.081812221556902e-09, 0.9920610189437866, -0.1194521114230156, -0.03932284936308861, 0.1051597148180008, 0.9594521522521973, -0.2615208625793457, 0.06896761804819107, 0.2553093731403351, 0.9643964767456055),
            ["LeftUpperArm"] = CFrame.new(-0.0006551742553710938, -0.00005340576171875, 0.00010582915274426341, 0.8138856291770935, -0.03437615558505058, -0.5800073146820068, 0.20812641084194183, 0.9492560029029846, 0.2357890009880066, 0.5424699783325195, -0.3126201033592224, 0.7797405123710632),
            ["RightLowerArm"] = CFrame.new(-8.940696716308594e-08, 0, -2.9802322387695312e-08, 1, -1.601874828338623e-07, 4.470348358154297e-08, 1.1920928955078125e-07, 0.19714000821113586, -0.9803754091262817, 1.2665987014770508e-07, 0.9803754091262817, 0.19713999330997467),
            ["LeftHand"] = CFrame.new(0, -1.1920928955078125e-07, 1.7881393432617188e-07, 0.8290707468986511, -0.17152094841003418, -0.5321863889694214, 0.28414422273635864, 0.9489707946777344, 0.13680802285671234, 0.481563925743103, -0.26464125514030457, 0.8355006575584412),
            ["LeftFoot"] = CFrame.new(-5.5530108511447906e-08, -1.1920928955078125e-07, -1.4901161193847656e-08, 0.9999970197677612, 0.0022180252708494663, 0.001096114283427596, -0.0019985155668109655, 0.9853385090827942, -0.170599102973938, -0.0014584331074729562, 0.1705964356660843, 0.9853399395942688),
            ["LowerTorso"] = CFrame.new(-0.00010216236114501953, -0.002135753631591797, 0.024009644985198975, 0.9923717975616455, 0.1029265746474266, 0.0678553506731987, -0.1031966432929039, 0.9946608543395996, 0.0004775961278937757, -0.06744389981031418, -0.007476396858692169, 0.9976951479911804),
            ["RightLowerLeg"] = CFrame.new(-3.905734047293663e-08, 1.7881393432617188e-07, -4.0534359868615866e-08, 1, 9.784707799553871e-08, 2.3923348635435104e-08, -9.711946802326565e-08, 0.8787937760353088, 0.4772014915943146, 2.5436744266471578e-08, -0.47720178961753845, 0.8787938952445984),
            ["LeftUpperLeg"] = CFrame.new(0, 1.0328949429094791e-07, -7.334165275096893e-09, 0.991432249546051, -0.1182650700211525, -0.05545860528945923, 0.09557733684778214, 0.9462026953697205, -0.30913668870925903, 0.08903516083955765, 0.3011874854564667, 0.9493992328643799),
            ["LeftLowerLeg"] = CFrame.new(2.9802322387695312e-08, -1.1920928955078125e-07, -9.313225746154785e-10, 1, 6.05359673500061e-08, -4.691538180168209e-08, -2.680462785065174e-08, 0.8500860929489136, 0.5266437530517578, 7.194466888904572e-08, -0.5266438126564026, 0.8500862121582031),
        }},
        {Time = 0.200, Data = {
            ["RightFoot"] = CFrame.new(1.6083106402220437e-08, 1.7881393432617188e-07, -2.74376361630857e-08, 0.9999950528144836, 0.002836436964571476, 0.0014055141946300864, -0.0024083221796900034, 0.969838559627533, -0.24373626708984375, -0.002054465003311634, 0.24373190104961395, 0.9698405265808105),
            ["LeftLowerArm"] = CFrame.new(-2.9802322387695312e-08, -3.5762786865234375e-07, 9.778887033462524e-08, 1, -2.5331974029541016e-07, 1.4901162614933128e-07, -3.725290298461914e-08, -0.7108392715454102, -0.7033544778823853, 2.123415470123291e-07, 0.70335453748703, -0.7108393311500549),
            ["RightUpperArm"] = CFrame.new(0.0019501447677612305, -0.0000553131103515625, 0.00010278914123773575, 0.6205175518989563, -0.266645222902298, 0.7374675273895264, 0.09029713273048401, 0.9584562182426453, 0.2705702781677246, -0.7789766192436218, -0.10130241513252258, 0.618816077709198),
            ["Head"] = CFrame.new(-1.658918336033821e-08, -1.1920928955078125e-07, 8.207280188798904e-09, 0.9965988993644714, 0.08067759871482849, -0.01679055765271187, -0.08090993762016296, 0.996627926826477, -0.013649490661919117, 0.015632733702659607, 0.014961588196456432, 0.9997658729553223),
            ["RightHand"] = CFrame.new(5.960464477539063e-08, 5.960464477539063e-08, -1.4901161193847656e-07, 0.9641923904418945, -0.008284554816782475, 0.26507464051246643, -0.03471549227833748, 0.986968994140625, 0.1571216583251953, -0.26292213797569275, -0.16069765388965607, 0.9513403177261353),
            ["UpperTorso"] = CFrame.new(-1.3737007975578308e-08, 8.940696716308594e-08, -2.0372681319713593e-09, 0.9841622114181519, -0.1620262861251831, -0.07191960513591766, 0.16422995924949646, 0.986083984375, 0.025825191289186478, 0.0667344257235527, -0.03722751885652542, 0.997076153755188),
            ["HumanoidRootPart"] = CFrame.new(0, 0, 0, 1, 0, 0, 0, 1, 0, 0, 0, 1),
            ["RightUpperLeg"] = CFrame.new(-5.960464477539063e-08, 1.8849823391065001e-07, 6.330083124339581e-10, 0.9899799823760986, -0.1315659135580063, -0.05128585919737816, 0.11267130821943283, 0.9548977613449097, -0.27472829818725586, 0.0851176381111145, 0.26619693636894226, 0.9601532220840454),
            ["LeftUpperArm"] = CFrame.new(-0.0006428956985473633, -0.00005555152893066406, 0.00010278355330228806, 0.8014330863952637, -0.03292843699455261, -0.5971773862838745, 0.2113829255104065, 0.9496358633041382, 0.23132029175758362, 0.55948406457901, -0.3116208016872406, 0.7680301070213318),
            ["RightLowerArm"] = CFrame.new(1.1920928955078125e-07, 3.5762786865234375e-07, 1.1920928955078125e-07, 1, -2.6449563961250533e-07, 1.1175872316471214e-07, 1.6391278734317893e-07, 0.18789580464363098, -0.9821889996528625, 2.7567151050789107e-07, 0.9821889996528625, 0.1878957897424698),
            ["LeftHand"] = CFrame.new(-2.9802322387695312e-08, -5.960464477539063e-08, -5.960464477539063e-08, 0.8245425224304199, -0.16073422133922577, -0.5424888730049133, 0.2794936001300812, 0.9493601322174072, 0.14352309703826904, 0.4919482469558716, -0.26996296644210815, 0.8277119398117065),
            ["LeftFoot"] = CFrame.new(2.7241185307502747e-08, -5.960464477539063e-08, 2.9802322387695312e-08, 0.9999990463256836, 0.001272250316105783, 0.0006286035641096532, -0.001111809746362269, 0.977685272693634, -0.21007218956947327, -0.000881840125657618, 0.21007128059864044, 0.9776856899261475),
            ["LowerTorso"] = CFrame.new(-0.00010904669761657715, -0.0030208826065063477, 0.03394423425197601, 0.9904144406318665, 0.10986456274986267, 0.08371955156326294, -0.11027591675519943, 0.9939009547233582, 0.0002910372568294406, -0.08317696303129196, -0.009520497173070908, 0.996489405632019),
            ["RightLowerLeg"] = CFrame.new(-2.3865140974521637e-08, 4.172325134277344e-07, 9.081122698262334e-08, 1, 8.547795715685425e-08, 6.10016357427412e-08, -1.043081283569336e-07, 0.8690111041069031, 0.49479231238365173, -1.0943040251731873e-08, -0.4947925806045532, 0.8690112829208374),
            ["LeftUpperLeg"] = CFrame.new(2.9802322387695312e-08, 2.221786417067051e-07, 4.307366907596588e-09, 0.9894596338272095, -0.1309763789176941, -0.06176406145095825, 0.10243721306324005, 0.9345524907112122, -0.3407614529132843, 0.10235347598791122, 0.3308427631855011, 0.9381187558174133),
            ["LeftLowerLeg"] = CFrame.new(3.795139491558075e-08, -1.1920928955078125e-07, 2.7939677238464355e-09, 1, 4.6100474548893544e-08, 3.608875331906347e-08, -5.774199962615967e-08, 0.8146010637283325, 0.5800216794013977, -4.889443516731262e-09, -0.5800216794013977, 0.8146010637283325),
        }},
        {Time = 0.233, Data = {
            ["RightFoot"] = CFrame.new(-9.764960395841626e-09, 2.384185791015625e-07, -3.127934178337455e-08, 0.9999932050704956, 0.0033008877653628588, 0.0016356504056602716, -0.00279330019839108, 0.9688765406608582, -0.24752850830554962, -0.002401807578280568, 0.2475224882364273, 0.968879222869873),
            ["LeftLowerArm"] = CFrame.new(2.9802322387695312e-08, -3.5762786865234375e-07, 1.6763806343078613e-08, 1, -5.960463766996327e-08, 2.0861628513557662e-07, 1.2665987014770508e-07, -0.7071862816810608, -0.7070272564888, 1.5273690223693848e-07, 0.7070273160934448, -0.7071862816810608),
            ["RightUpperArm"] = CFrame.new(0.0019555091857910156, -0.000056862831115722656, 0.00010195188224315643, 0.6047377586364746, -0.2582392692565918, 0.7533954381942749, 0.08245138823986053, 0.9611890912055969, 0.26328176259994507, -0.7921451926231384, -0.09709793329238892, 0.6025596261024475),
            ["Head"] = CFrame.new(-1.992157194763422e-08, -3.5762786865234375e-07, -2.3283064365386963e-10, 0.9967149496078491, 0.07995510846376419, -0.012911135330796242, -0.080140620470047, 0.9966773986816406, -0.014553738757967949, 0.011704591102898121, 0.015540639869868755, 0.9998107552528381),
            ["RightHand"] = CFrame.new(-7.450580596923828e-08, 5.960464477539063e-08, 2.086162567138672e-07, 0.967509925365448, 0.015990501269698143, 0.2523269057273865, -0.0539834201335907, 0.9880492687225342, 0.1443767547607422, -0.24700269103050232, -0.15330727398395538, 0.9568106532096863),
            ["UpperTorso"] = CFrame.new(4.656612873077393e-10, 2.9802322387695312e-08, -6.111804395914078e-10, 0.9827604293823242, -0.16279713809490204, -0.08763106167316437, 0.16559401154518127, 0.985861599445343, 0.02560511603951454, 0.08222366124391556, -0.039674870669841766, 0.9958239197731018),
            ["HumanoidRootPart"] = CFrame.new(0, 0, 0, 1, 0, 0, 0, 1, 0, 0, 0, 1),
            ["RightUpperLeg"] = CFrame.new(-2.9802322387695312e-08, 1.199732651002705e-07, -7.275957614183426e-12, 0.9883078336715698, -0.14055943489074707, -0.059083547443151474, 0.11800914257764816, 0.9505321383476257, -0.287337064743042, 0.09654875099658966, 0.27700498700141907, 0.9560055136680603),
            ["LeftUpperArm"] = CFrame.new(-0.0006374120712280273, -0.00005650520324707031, 0.00010195188224315643, 0.7869916558265686, -0.030992325395345688, -0.616184651851654, 0.2142820656299591, 0.9502944946289062, 0.22588422894477844, 0.57855623960495, -0.30980634689331055, 0.7545149922370911),
            ["RightLowerArm"] = CFrame.new(-5.960464477539063e-08, 1.7881393432617188e-07, -2.384185791015625e-07, 1, -1.4156104555240745e-07, 3.725290653733282e-08, 9.685756197086448e-08, 0.18341967463493347, -0.9830347895622253, 7.450581307466564e-08, 0.9830347299575806, 0.1834196299314499),
            ["LeftHand"] = CFrame.new(-5.960464477539063e-08, 1.7881393432617188e-07, 2.9802322387695312e-08, 0.8196999430656433, -0.1483137309551239, -0.5532585382461548, 0.2738382816314697, 0.949833869934082, 0.15108998119831085, 0.5030950903892517, -0.2753519117832184, 0.8191928267478943),
            ["LeftFoot"] = CFrame.new(-1.862645149230957e-08, -5.960464477539063e-08, -1.0244548320770264e-08, 1, 0.0002709031105041504, 0.00013384124031290412, -0.0002291649580001831, 0.9686539769172668, -0.24841396510601044, -0.00019694375805556774, 0.24841399490833282, 0.9686539769172668),
            ["LowerTorso"] = CFrame.new(-0.00011388957500457764, -0.004037022590637207, 0.045344606041908264, 0.9888490438461304, 0.11474732309579849, 0.0949242115020752, -0.11527641117572784, 0.9933334589004517, 0.00009075612615561113, -0.09428096562623978, -0.011032264679670334, 0.9954845905303955),
            ["RightLowerLeg"] = CFrame.new(-1.1641532182693481e-10, 2.384185791015625e-07, -1.0673829820007086e-08, 1, 8.771895210202274e-08, 4.359754157690077e-08, -9.668292477726936e-08, 0.8611019849777222, 0.5084322094917297, 7.043126970529556e-09, -0.5084324479103088, 0.8611021041870117),
            ["LeftUpperLeg"] = CFrame.new(-5.960464477539063e-08, 2.307351678609848e-07, -9.880750440061092e-09, 0.9880722165107727, -0.13997763395309448, -0.06418459862470627, 0.10760828107595444, 0.9257745742797852, -0.36243879795074463, 0.11015380173921585, 0.3512088656425476, 0.9297948479652405),
            ["LeftLowerLeg"] = CFrame.new(-1.6763806343078613e-08, 0, -1.4901161193847656e-08, 1, 2.9476359486579895e-07, 5.1921240640240285e-08, -2.6228372007608414e-07, 0.7843015193939209, 0.6203798055648804, 1.4016404747962952e-07, -0.6203798651695251, 0.7843015789985657),
        }},
        {Time = 0.267, Data = {
            ["RightFoot"] = CFrame.new(4.133750053370022e-08, 1.7881393432617188e-07, 2.582237357273698e-08, 0.9999924898147583, 0.0034815198741853237, 0.0017252053366973996, -0.002951617119833827, 0.969409167766571, -0.24543246626853943, -0.0025269072502851486, 0.24542568624019623, 0.9694122672080994),
            ["LeftLowerArm"] = CFrame.new(-8.940696716308594e-08, -1.1920928955078125e-07, -1.434236764907837e-07, 1, -2.384185791015625e-07, 1.341104507446289e-07, -3.3527612686157227e-08, -0.7022870779037476, -0.7118938565254211, 2.2724270820617676e-07, 0.7118938565254211, -0.7022870779037476),
            ["RightUpperArm"] = CFrame.new(0.0019513368606567383, -0.00005507469177246094, 0.00010473700240254402, 0.5858936905860901, -0.24569790065288544, 0.7722443342208862, 0.07384708523750305, 0.9651538729667664, 0.25104719400405884, -0.8070163130760193, -0.09005896002054214, 0.583621621131897),
            ["Head"] = CFrame.new(7.705239113420248e-09, 0, 3.6961864680051804e-09, 0.9967296719551086, 0.0802101194858551, -0.009822173044085503, -0.08035358786582947, 0.9966504573822021, -0.0152039285749197, 0.008569763973355293, 0.01594344899058342, 0.999836266040802),
            ["RightHand"] = CFrame.new(1.4901161193847656e-07, 5.960464477539063e-08, 2.2351741790771484e-07, 0.9698053598403931, 0.03327392786741257, 0.24159979820251465, -0.06768731027841568, 0.9884529113769531, 0.13557018339633942, -0.23429909348487854, -0.14782997965812683, 0.9608591198921204),
            ["UpperTorso"] = CFrame.new(9.313225746154785e-09, -2.086162567138672e-07, 8.683457508595893e-09, 0.9822545647621155, -0.1613706648349762, -0.09558021277189255, 0.16454799473285675, 0.9860184788703918, 0.0262977983802557, 0.09000016003847122, -0.04155866056680679, 0.9950743913650513),
            ["HumanoidRootPart"] = CFrame.new(0, 0, 0, 1, 0, 0, 0, 1, 0, 0, 0, 1),
            ["RightUpperLeg"] = CFrame.new(-5.960464477539063e-08, 1.3584212865680456e-08, 5.929905455559492e-09, 0.9876310229301453, -0.14442837238311768, -0.06103654205799103, 0.12003225088119507, 0.9468837976455688, -0.2983345091342926, 0.10088247805833817, 0.2873179316520691, 0.9525077939033508),
            ["LeftUpperArm"] = CFrame.new(-0.0006415843963623047, -0.000054836273193359375, 0.00010474631562829018, 0.7706811428070068, -0.02853759005665779, -0.6365817189216614, 0.21646904945373535, 0.9513121843338013, 0.21942266821861267, 0.5993261337280273, -0.3069051206111908, 0.739335834980011),
            ["RightLowerArm"] = CFrame.new(-1.1920928955078125e-07, -2.384185791015625e-07, -2.9802322387695312e-08, 1, -2.1234151859061967e-07, 8.940696716308594e-08, 1.1920928955078125e-07, 0.1838112622499466, -0.9829615354537964, 2.1792948246002197e-07, 0.9829615950584412, 0.18381130695343018),
            ["LeftHand"] = CFrame.new(-1.7881393432617188e-07, 2.384185791015625e-07, -2.9802322387695312e-08, 0.8147698044776917, -0.13440097868442535, -0.5639916658401489, 0.26710885763168335, 0.9503922462463379, 0.15939703583717346, 0.5145901441574097, -0.280519038438797, 0.8102506399154663),
