return {
    ["Apple"] = {
        {Time = 0.000, Data = {
            ["RightFoot"] = CFrame.new(0.0000012293457984924316, -0.0000015869736671447754, -9.834766387939453e-07, 0.998008131980896, 0.009359640069305897, 0.062386155128479004, -0.003323456272482872, 0.9953577518463135, -0.0961851254105568, -0.06299756467342377, 0.09578817337751389, 0.9934064745903015),
            ["LeftLowerArm"] = CFrame.new(-0.00010758638381958008, -0.000014506280422210693, -0.0001468658447265625, 0.7827531099319458, -0.6188109517097473, 0.06550221890211105, 0.0282221008092165, -0.06984252482652664, -0.997158408164978, 0.6216921210289001, 0.7824289202690125, -0.037211570888757706),
            ["LeftFoot"] = CFrame.new(-6.51925802230835e-07, -0.0000018998980522155762, -0.0000011473894119262695, 0.9979989528656006, -0.009423426352441311, -0.06252475082874298, 0.0033682300709187984, 0.9953500032424927, -0.09626398235559464, 0.06314145773649216, 0.09586267918348312, 0.9933902025222778),
            ["Head"] = CFrame.new(-4.629185923477053e-12, -2.980232238769531e-07, -8.791685104370117e-07, 1, 5.916113110515653e-08, -2.402910013188375e-07, 1.895642576243972e-08, 0.9498372077941895, 0.31274476647377014, 2.467400861405622e-07, -0.312745064496994, 0.9498372673988342),
            ["LowerTorso"] = CFrame.new(0.0018289461731910706, 0.015604101121425629, 0.026259053498506546, 0.9999961853027344, -0.002521130256354809, -0.0011437030043452978, 0.0019933097064495087, 0.9423891305923462, -0.33451294898986816, 0.001921163871884346, 0.33450937271118164, 0.9423905611038208),
            ["UpperTorso"] = CFrame.new(-0.0006911543314345181, -0.02173459529876709, -0.13671685755252838, 0.9999962449073792, 0.0021419033873826265, 0.0017540976405143738, -0.0025211628526449203, 0.9663187861442566, 0.2573358416557312, -0.0011438291985541582, -0.25733938813209534, 0.9663205146789551),
            ["HumanoidRootPart"] = CFrame.new(0, 0, 0, 1, 0, 0, 0, 1, 0, 0, 0, 1),
            ["RightUpperLeg"] = CFrame.new(-0.06355323642492294, -0.04575985670089722, -0.03186258673667908, 0.9991692900657654, -0.03562070429325104, -0.019797977060079575, 0.04000068083405495, 0.9501265287399292, 0.30929163098335266, 0.0077934483997523785, -0.30982401967048645, 0.9507611989974976),
            ["LeftUpperArm"] = CFrame.new(-5.960464477539062e-07, -0.000003129243850708008, -0.000015558674931526184, 0.9932168126106262, 0.11574503779411316, 0.011121544055640697, -0.11619459837675095, 0.991576611995697, 0.0572347454726696, -0.004403633996844292, -0.05813034623861313, 0.9982988238334656),
            ["RightLowerArm"] = CFrame.new(0.000028010457754135132, 0.00010950863361358643, -0.0001684129238128662, 0.73749840259552, 0.21436543762683868, 0.6403924226760864, 0.40751221776008606, 0.614859938621521, -0.6751509308815002, -0.538544237613678, 0.7589431405067444, 0.3661539554595947),
            ["LeftHand"] = CFrame.new(-0.00002658367156982422, -0.000004172325134277344, 0.00006974488496780396, 0.646291971206665, -0.7595226764678955, -0.07355599850416183, 0.7373631000518799, 0.6464317440986633, -0.19612109661102295, 0.19647474586963654, 0.07246596366167068, 0.9778170585632324),
            ["RightHand"] = CFrame.new(0.00000904873013496399, 0.0000019222497940063477, -0.000002682209014892578, 0.9879363775253296, 0.12913016974925995, 0.08546241372823715, -0.0632452741265297, 0.8403048515319824, -0.5384118556976318, -0.14135685563087463, 0.5265102386474609, 0.8383370041847229),
            ["RightUpperArm"] = CFrame.new(-2.086162567138672e-07, -0.000009924173355102539, -0.000010192394256591797, 0.9845598936080933, -0.10843582451343536, 0.13741648197174072, 0.03323154151439667, 0.8865365386009216, 0.46146950125694275, -0.17186452448368073, -0.44977307319641113, 0.8764482736587524),
            ["RightLowerLeg"] = CFrame.new(-2.868473529815674e-07, 0.0000014901161193847656, 0.000008046627044677734, 0.9978685975074768, -0.04452820494771004, -0.04770369455218315, 0.05677102133631706, 0.9528366327285767, 0.2981242835521698, 0.03217924013733864, -0.300199419260025, 0.9533342719078064),
            ["LeftUpperLeg"] = CFrame.new(0.06343606859445572, -0.04388934373855591, -0.031112313270568848, 0.9989305734634399, 0.03967515006661415, 0.02374456077814102, -0.04507835581898689, 0.9499344825744629, 0.3091823160648346, -0.010288959369063377, -0.309920072555542, 0.9507063031196594),
            ["LeftLowerLeg"] = CFrame.new(2.1606683731079102e-07, 0.0000010728836059570312, 0.000004887580871582031, 0.9978580474853516, 0.04492352902889252, 0.047553565353155136, -0.05711019039154053, 0.9527519345283508, 0.298331081867218, -0.03190488740801811, -0.3004092872142792, 0.9532771110534668),
        }},
        {Time = 0.133, Data = {
            ["RightFoot"] = CFrame.new(0.0000011213123798370361, -0.0000022277235984802246, -0.0000011622905731201172, 0.9984162449836731, 0.008312796242535114, 0.05564114823937416, -0.0023639164865016937, 0.9943462014198303, -0.10615908354520798, -0.056209780275821686, 0.10586154460906982, 0.9927911758422852),
            ["LeftLowerArm"] = CFrame.new(0, 0, 0, 1, 0, 0, 0, 1, 0, 0, 0, 1),
            ["LeftFoot"] = CFrame.new(-6.835907697677612e-07, -0.0000020042061805725098, -0.0000013560056686401367, 0.9977568984031677, -0.009951509535312653, -0.06619855761528015, 0.003944336902350187, 0.9959092140197754, -0.09027118235826492, 0.06682649999856949, 0.08980999886989594, 0.9937146902084351),
            ["Head"] = CFrame.new(3.119930624961853e-08, -8.940696716308594e-08, -3.2782554626464844e-07, 0.9998765587806702, 0.014626020565629005, 0.005749102216213942, -0.015690186992287636, 0.9497727155685425, 0.3125471770763397, -0.000889019516762346, -0.3125988841056824, 0.9498848915100098),
            ["RightUpperArm"] = CFrame.new(-5.364418029785156e-07, -0.00001055002212524414, -0.000011920928955078125, 0.9746599197387695, -0.11482782661914825, 0.19197027385234833, 0.020352110266685486, 0.9001553654670715, 0.4351001977920532, -0.22276459634304047, -0.4201621413230896, 0.87967848777771),
            ["UpperTorso"] = CFrame.new(0.0018179803155362606, -0.021727263927459717, -0.13672460615634918, 0.9999752640724182, -0.00674066599458456, 0.0020185867324471474, 0.005994792561978102, 0.9663427472114563, 0.2571881413459778, -0.0036842674016952515, -0.2571699023246765, 0.9663591980934143),
            ["HumanoidRootPart"] = CFrame.new(0, 0, 0, 1, 0, 0, 0, 1, 0, 0, 0, 1),
            ["RightHand"] = CFrame.new(0.000009426847100257874, 3.129243850708008e-07, 0.000002652406692504883, 0.9866435527801514, 0.1257387101650238, 0.10353682190179825, -0.05465839430689812, 0.8544407486915588, -0.5166691541671753, -0.1534501314163208, 0.5041040778160095, 0.8499018549919128),
            ["LeftUpperArm"] = CFrame.new(1.043081283569336e-07, -0.0000025331974029541016, -0.000015478581190109253, 0.972461998462677, 0.22605657577514648, -0.05671131610870361, -0.22365255653858185, 0.9735953211784363, 0.04574380815029144, 0.06555376201868057, -0.031791962683200836, 0.9973421692848206),
            ["RightLowerArm"] = CFrame.new(0.000027436763048171997, 0.00010703504085540771, -0.00017270445823669434, 0.7630982995033264, 0.22318457067012787, 0.6064870953559875, 0.359416127204895, 0.6333329677581787, -0.6853145360946655, -0.5371229648590088, 0.7409979701042175, 0.40313446521759033),
            ["LeftHand"] = CFrame.new(-0.000012263655662536621, -0.0000040084123611450195, 0.00005607306957244873, 0.6792104840278625, -0.7339226007461548, 0.004120189696550369, 0.7069586515426636, 0.6527314186096191, -0.2723807096481323, 0.19718660414218903, 0.18788138031959534, 0.9621807932853699),
            ["LowerTorso"] = CFrame.new(-0.0050958446227014065, 0.015305771492421627, 0.026259038597345352, 0.9999539256095886, 0.008220161311328411, -0.0049563259817659855, -0.009404540061950684, 0.9423565864562988, -0.3344781994819641, 0.0019211615435779095, 0.33450934290885925, 0.9423905611038208),
            ["RightUpperLeg"] = CFrame.new(-0.06355316191911697, -0.045758605003356934, -0.03186212480068207, 0.9987558722496033, -0.04937900975346565, -0.0069663021713495255, 0.04937224090099335, 0.9594839215278625, 0.2774065434932709, -0.007013950031250715, -0.2774028778076172, 0.9607274532318115),
            ["RightLowerLeg"] = CFrame.new(-3.5390257835388184e-07, 0.0000032186508178710938, 0.000009328126907348633, 0.9977068305015564, -0.0474870391190052, -0.04822913557291031, 0.062060873955488205, 0.9262003302574158, 0.37188631296157837, 0.027010343968868256, -0.3740294277667999, 0.9270246028900146),
            ["LeftUpperLeg"] = CFrame.new(0.06343597173690796, -0.043888628482818604, -0.031111210584640503, 0.9992120265960693, 0.0244873259216547, 0.031237661838531494, -0.032959580421447754, 0.9504042863845825, 0.3092675507068634, -0.022115297615528107, -0.3100517988204956, 0.9504619240760803),
            ["LeftLowerLeg"] = CFrame.new(0, 0, 0, 1, 0, 0, 0, 1, 0, 0, 0, 1),
        }},
        {Time = 0.150, Data = {
            ["HumanoidRootPart"] = CFrame.new(0, 0, 0, 1, 0, 0, 0, 1, 0, 0, 0, 1),
            ["UpperTorso"] = CFrame.new(0, 0, 0, 1, 0, 0, 0, 1, 0, 0, 0, 1),
            ["LowerTorso"] = CFrame.new(0, 0, 0, 1, 0, 0, 0, 1, 0, 0, 0, 1),
            ["Head"] = CFrame.new(0, 0, 0, 1, 0, 0, 0, 1, 0, 0, 0, 1),
        }},
        {Time = 0.267, Data = {
            ["RightFoot"] = CFrame.new(0.000001039355993270874, -0.0000022277235984802246, -0.0000012516975402832031, 0.9987745881080627, 0.007178204134106636, 0.04896760731935501, -0.0016090529970824718, 0.9936093091964722, -0.11286137998104095, -0.049465447664260864, 0.11264651268720627, 0.9924034476280212),
            ["LeftLowerArm"] = CFrame.new(0, 0, 0, 1, 0, 0, 0, 1, 0, 0, 0, 1),
            ["LeftFoot"] = CFrame.new(-6.221234798431396e-07, -0.0000022351741790771484, -0.000001296401023864746, 0.9975058436393738, -0.010468864813446999, -0.06980337202548981, 0.004478882532566786, 0.9963338375091553, -0.08543109148740768, 0.07044226676225662, 0.08490793406963348, 0.9938958883285522),
            ["Head"] = CFrame.new(4.6566128730773926e-08, -5.960464477539063e-08, -2.9802322387695312e-08, 0.9995059370994568, 0.02925170212984085, 0.01149586122483015, -0.03137902915477753, 0.949479877948761, 0.3122554421424866, -0.0017810887657105923, -0.31246185302734375, 0.9499287009239197),
            ["RightUpperArm"] = CFrame.new(-0.0000011026859283447266, -0.000010967254638671875, -0.00001214444637298584, 0.9619901776313782, -0.11919840425252914, 0.24569575488567352, 0.009028131142258644, 0.9131015539169312, 0.40763944387435913, -0.27293503284454346, -0.3899213373661041, 0.879467248916626),
            ["UpperTorso"] = CFrame.new(0.004327043890953064, -0.02169346809387207, -0.13674190640449524, 0.9998753666877747, -0.015623650513589382, 0.0022862351033836603, 0.0145111670717597, 0.966292142868042, 0.25703859329223633, -0.006225051824003458, -0.25697362422943115, 0.9663984179496765),
            ["HumanoidRootPart"] = CFrame.new(0, 0, 0, 1, 0, 0, 0, 1, 0, 0, 0, 1),
            ["RightHand"] = CFrame.new(0.000010557472705841064, -2.9802322387695312e-08, 0.000008314847946166992, 0.9850578308105469, 0.12248635292053223, 0.12104742974042892, -0.04717472195625305, 0.8680098056793213, -0.4943085312843323, -0.16563698649406433, 0.4812028110027313, 0.8608173727989197),
            ["LeftUpperArm"] = CFrame.new(3.427267074584961e-07, -0.000002950429916381836, -0.000014904886484146118, 0.933690071105957, 0.33444538712501526, -0.12794184684753418, -0.3318380117416382, 0.9424089789390564, 0.04182375594973564, 0.13456013798713684, 0.0034138699993491173, 0.9908994436264038),
            ["RightLowerArm"] = CFrame.new(0.000027764588594436646, 0.00010485947132110596, -0.00017789006233215332, 0.7864995002746582, 0.232891246676445, 0.5719572305679321, 0.3113161623477936, 0.6503123044967651, -0.692907989025116, -0.5333862900733948, 0.72308748960495, 0.43902555108070374),
            ["LeftHand"] = CFrame.new(-0.0000015348196029663086, -0.0000032335519790649414, 0.00003746151924133301, 0.716761589050293, -0.6929245591163635, 0.07808349281549454, 0.6715887784957886, 0.6558399796485901, -0.3447871506214142, 0.18767312169075012, 0.2995489835739136, 0.9354276657104492),
            ["LowerTorso"] = CFrame.new(-0.0120206568390131, 0.014314851723611355, 0.02625906467437744, 0.9997817873954773, 0.018961526453495026, -0.008768703788518906, -0.020802371203899384, 0.9422017335891724, -0.3343999683856964, 0.0019211540929973125, 0.33450937271118164, 0.9423905611038208),
            ["RightUpperLeg"] = CFrame.new(-0.06355328857898712, -0.04575932025909424, -0.03186151385307312, 0.9980162382125854, -0.06261778622865677, 0.006532867439091206, 0.0589737594127655, 0.9661428928375244, 0.25117987394332886, -0.022039955481886864, -0.2502939701080322, 0.9679183959960938),
            ["RightLowerLeg"] = CFrame.new(-4.507601261138916e-07, 0.000003993511199951172, 0.00000998377799987793, 0.9975664019584656, -0.049888402223587036, -0.04870834946632385, 0.06602951884269714, 0.9003353118896484, 0.4301556646823883, 0.02239430695772171, -0.43232789635658264, 0.9014398455619812),
            ["LeftUpperLeg"] = CFrame.new(0.06343583762645721, -0.04388904571533203, -0.031111836433410645, 0.9992071390151978, 0.009347649291157722, 0.03870005160570145, -0.020882856100797653, 0.9506511688232422, 0.30956006050109863, -0.03389659896492958, -0.31012097001075745, 0.950092077255249),
            ["LeftLowerLeg"] = CFrame.new(0, 0, 0, 1, 0, 0, 0, 1, 0, 0, 0, 1),
        }},
        {Time = 0.317, Data = {
            ["HumanoidRootPart"] = CFrame.new(0, 0, 0, 1, 0, 0, 0, 1, 0, 0, 0, 1),
            ["UpperTorso"] = CFrame.new(0, 0, 0, 1, 0, 0, 0, 1, 0, 0, 0, 1),
            ["LowerTorso"] = CFrame.new(0, 0, 0, 1, 0, 0, 0, 1, 0, 0, 0, 1),
            ["Head"] = CFrame.new(0, 0, 0, 1, 0, 0, 0, 1, 0, 0, 0, 1),
        }},
        {Time = 0.533, Data = {
            ["RightFoot"] = CFrame.new(8.344650268554688e-07, -0.0000018477439880371094, -9.387731552124023e-07, 0.9993563890457153, 0.004746784921735525, 0.03555736690759659, -0.00037445680936798453, 0.9925293922424316, -0.12200406938791275, -0.035871345549821854, 0.12191426753997803, 0.9918925166130066),
            ["LeftLowerArm"] = CFrame.new(0, 0, 0, 1, 0, 0, 0, 1, 0, 0, 0, 1),
            ["LeftFoot"] = CFrame.new(-4.833564162254333e-07, -0.0000023618340492248535, -0.0000014454126358032227, 0.9969799518585205, -0.01149896252900362, -0.07680291682481766, 0.005395098589360714, 0.9968424439430237, -0.07921972125768661, 0.07747174054384232, 0.07856854051351547, 0.9938942193984985),
            ["Head"] = CFrame.new(1.1362135410308838e-07, 8.940696716308594e-08, -7.003545761108398e-07, 0.9980242252349854, 0.058481622487306595, 0.022972125560045242, -0.06273002177476883, 0.9482096433639526, 0.311389297246933, -0.0035718369763344526, -0.31221532821655273, 0.9500047564506531),
            ["RightUpperArm"] = CFrame.new(-0.0000022202730178833008, -0.000010013580322265625, -0.00001290440559387207, 0.9289594292640686, -0.12186286598443985, 0.3495471477508545, -0.008873401209712029, 0.9366611242294312, 0.3501322269439697, -0.37007516622543335, -0.3283544182777405, 0.8690357804298401),
            ["UpperTorso"] = CFrame.new(0.009343329817056656, -0.021544218063354492, -0.13680480420589447, 0.9994385838508606, -0.03338503837585449, 0.002831082558259368, 0.031539734452962875, 0.9659672975540161, 0.2567342519760132, -0.011305821128189564, -0.2565009593963623, 0.9664779305458069),
            ["HumanoidRootPart"] = CFrame.new(0, 0, 0, 1, 0, 0, 0, 1, 0, 0, 0, 1),
            ["RightHand"] = CFrame.new(0.000012733042240142822, 8.344650268554688e-07, 0.000019252300262451172, 0.9810283184051514, 0.11684911698102951, 0.15466435253620148, -0.03578692302107811, 0.8933936357498169, -0.44786307215690613, -0.1905326247215271, 0.43381351232528687, 0.880623459815979),
            ["LeftUpperArm"] = CFrame.new(0.0000011622905731201172, -0.000001996755599975586, -0.000013843178749084473, 0.8018972873687744, 0.5312866568565369, -0.2733033001422882, -0.5368761420249939, 0.8414847254753113, 0.06056138128042221, 0.26215434074401855, 0.09817386418581009, 0.9600196480751038),
            ["RightLowerArm"] = CFrame.new(0.000028662383556365967, 0.00009873509407043457, -0.00018599629402160645, 0.8269104361534119, 0.25452685356140137, 0.5013860464096069, 0.21573475003242493, 0.6797983050346375, -0.7009100317955017, -0.5193051099777222, 0.6878155469894409, 0.5072840452194214),
            ["LeftHand"] = CFrame.new(0.000011555850505828857, 0.000005155801773071289, 7.599592208862305e-07, 0.796885073184967, -0.5676111578941345, 0.20682625472545624, 0.5891333222389221, 0.6543107628822327, -0.4741491377353668, 0.1337769627571106, 0.4996947944164276, 0.8558069467544556),
            ["LowerTorso"] = CFrame.new(-0.02586493268609047, 0.010107340291142464, 0.026259051635861397, 0.9990476965904236, 0.04043605923652649, -0.016389762982726097, -0.04358907788991928, 0.9415245652198792, -0.33411312103271484, 0.001921148388646543, 0.33450940251350403, 0.942390501499176),
            ["RightUpperLeg"] = CFrame.new(-0.0635533481836319, -0.045758068561553955, -0.03186323493719101, 0.995537519454956, -0.08748793601989746, 0.035368237644433975, 0.07844247668981552, 0.9755690097808838, 0.2052147537469864, -0.05245788395404816, -0.2015218883752823, 0.97807776927948),
            ["RightLowerLeg"] = CFrame.new(-6.48200511932373e-07, 0.0000059604644775390625, 0.000011622905731201172, 0.9973032474517822, -0.054053209722042084, -0.04964514076709747, 0.07214222848415375, 0.8463183045387268, 0.5277663469314575, 0.013488264754414558, -0.5299279093742371, 0.8479375839233398),
            ["LeftUpperLeg"] = CFrame.new(0.06343602389097214, -0.043889641761779785, -0.03111189603805542, 0.9983505606651306, -0.020789101719856262, 0.05351706221699715, 0.0031341444700956345, 0.9504849314689636, 0.3107568621635437, -0.0573275163769722, -0.31007468700408936, 0.9489816427230835),
            ["LeftLowerLeg"] = CFrame.new(0, 0, 0, 1, 0, 0, 0, 1, 0, 0, 0, 1),
        }},
        {Time = 0.700, Data = {
            ["RightFoot"] = CFrame.new(8.996576070785522e-07, -0.0000017955899238586426, -9.387731552124023e-07, 0.9996217489242554, 0.0031928853131830692, 0.027316724881529808, 0.00025494021247141063, 0.992112934589386, -0.12534616887569427, -0.027501866221427917, 0.12530751526355743, 0.9917370080947876),
            ["LeftLowerArm"] = CFrame.new(0, 0, 0, 1, 0, 0, 0, 1, 0, 0, 0, 1),
            ["LeftFoot"] = CFrame.new(-8.791685104370117e-07, -0.0000020936131477355957, -0.0000010728836059570312, 0.9966262578964233, -0.01210846472531557, -0.08117595314979553, 0.006013092584908009, 0.9971708059310913, -0.0749271884560585, 0.08185400068759918, 0.07418825477361679, 0.993879497051239),
            ["Head"] = CFrame.new(1.341104507446289e-07, -5.960464477539063e-08, -1.4901161193847656e-08, 0.996597409248352, 0.07672102004289627, 0.030126351863145828, -0.08229013532400131, 0.9469532370567322, 0.3106570541858673, -0.004694327246397734, -0.31207913160324097, 0.9500445127487183),
            ["RightUpperArm"] = CFrame.new(-0.0000031739473342895508, -0.000009804964065551758, -0.000014007091522216797, 0.9036345481872559, -0.11950524896383286, 0.41129326820373535, -0.016854386776685715, 0.9496216177940369, 0.3129537105560303, -0.4279726445674896, -0.28972160816192627, 0.8560937643051147),
            ["UpperTorso"] = CFrame.new(0.012475695461034775, -0.02139568328857422, -0.1368630826473236, 0.9990053772926331, -0.04447868466377258, 0.0031780304852873087, 0.04217584803700447, 0.9656129479408264, 0.2565405070781708, -0.014479325152933598, -0.2561512589454651, 0.9665282964706421),
            ["HumanoidRootPart"] = CFrame.new(0, 0, 0, 1, 0, 0, 0, 1, 0, 0, 0, 1),
            ["RightHand"] = CFrame.new(0.000013085082173347473, 0.0000012516975402832031, 0.0000254213809967041, 0.9779425263404846, 0.11408525705337524, 0.174936443567276, -0.03117847815155983, 0.9080231189727783, -0.41777870059013367, -0.20653440058231354, 0.40308645367622375, 0.891548216342926),
            ["LeftUpperArm"] = CFrame.new(0.000002652406692504883, -0.0000017285346984863281, -0.000012800097465515137, 0.6866408586502075, 0.6317470669746399, -0.3597474992275238, -0.6478933691978455, 0.7562291026115417, 0.09139084070920944, 0.32978561520576477, 0.1703326404094696, 0.9285631775856018),
            ["RightLowerArm"] = CFrame.new(0.000029422342777252197, 0.00009445846080780029, -0.00018918514251708984, 0.847984790802002, 0.26924797892570496, 0.456487238407135, 0.15680472552776337, 0.6952776908874512, -0.7013853192329407, -0.5062946081161499, 0.6664040684700012, 0.547428548336029),
            ["LeftHand"] = CFrame.new(0.000014327466487884521, 0.000012829899787902832, -0.000019788742065429688, 0.8428588509559631, -0.46536022424697876, 0.2702004313468933, 0.532480001449585, 0.6486071944236755, -0.5438556671142578, 0.07780742645263672, 0.6022860407829285, 0.7944889664649963),
            ["LowerTorso"] = CFrame.new(-0.03451010584831238, 0.0076837679371237755, 0.02625906467437744, 0.9983252882957458, 0.0538460873067379, -0.021148275583982468, -0.05781833082437515, 0.9408528804779053, -0.33384573459625244, 0.0019211333710700274, 0.33450937271118164, 0.9423905611038208),
            ["RightUpperLeg"] = CFrame.new(-0.06355345994234085, -0.045757949352264404, -0.03186361491680145, 0.9932743906974792, -0.10241351276636124, 0.05401436612010002, 0.09089390933513641, 0.9786832928657532, 0.18416954576969147, -0.0717243105173111, -0.1780184656381607, 0.9814092516899109),
            ["RightLowerLeg"] = CFrame.new(-6.891787052154541e-07, 0.0000064373016357421875, 0.000011354684829711914, 0.9971726536750793, -0.05599081888794899, -0.050117768347263336, 0.07460992783308029, 0.8171734809875488, 0.5715395212173462, 0.008954080753028393, -0.5736660361289978, 0.8190426826477051),
            ["LeftUpperLeg"] = CFrame.new(0.06343615055084229, -0.043889641761779785, -0.031111881136894226, 0.9972492456436157, -0.03953641280531883, 0.06269646435976028, 0.01805320382118225, 0.9499492049217224, 0.311884343624115, -0.07188921421766281, -0.3098926842212677, 0.9480492472648621),
            ["LeftLowerLeg"] = CFrame.new(0, 0, 0, 1, 0, 0, 0, 1, 0, 0, 0, 1),
        }},
        {Time = 0.867, Data = {
            ["RightFoot"] = CFrame.new(8.25151801109314e-07, -0.0000020116567611694336, -0.0000012516975402832031, 0.9998044371604919, 0.0017521377885714173, 0.019700871780514717, 0.0007212550844997168, 0.9921684861183167, -0.12490250915288925, -0.019765783101320267, 0.12489435076713562, 0.9919735193252563),
            ["LeftLowerArm"] = CFrame.new(-0.0000837668776512146, -0.000005900859832763672, -0.00010415911674499512, 0.870674729347229, -0.4752756655216217, 0.12664328515529633, 0.05922744423151016, -0.15429742634296417, -0.9862476587295532, 0.4882802367210388, 0.8662016987800598, -0.10619350522756577),
            ["LeftFoot"] = CFrame.new(-3.520399332046509e-07, -0.0000013932585716247559, -8.642673492431641e-07, 0.996421217918396, -0.01251827459782362, -0.08359432965517044, 0.006195804104208946, 0.9971285462379456, -0.0754731297492981, 0.0842992290854454, 0.0746866837143898, 0.99363774061203),
            ["Head"] = CFrame.new(1.2852251529693604e-07, -2.384185791015625e-07, 9.5367431640625e-07, 0.9978680610656738, 0.05990426987409592, 0.025900064036250114, -0.06497535854578018, 0.9491330981254578, 0.3080989420413971, -0.006126171909272671, -0.30912452936172485, 0.9510018229484558),
            ["LowerTorso"] = CFrame.new(-0.04330654814839363, 0.0009818747639656067, 0.035171881318092346, 0.9973788857460022, 0.0669853687286377, -0.02735910937190056, -0.07222036272287369, 0.9448279142379761, -0.3195069134235382, 0.0044473642483353615, 0.320645272731781, 0.9471889734268188),
            ["UpperTorso"] = CFrame.new(0.015646208077669144, -0.022271275520324707, -0.140019029378891, 0.9984397292137146, -0.055547308176755905, 0.005715508945286274, 0.05245165899395943, 0.9680339694023132, 0.24527405202388763, -0.019157104194164276, -0.24459132552146912, 0.9694370031356812),
            ["HumanoidRootPart"] = CFrame.new(0, 0, 0, 1, 0, 0, 0, 1, 0, 0, 0, 1),
            ["RightUpperLeg"] = CFrame.new(-0.06355369836091995, -0.04575788974761963, -0.03186360374093056, 0.9903942942619324, -0.11525607109069824, 0.07638923078775406, 0.10455377399921417, 0.9857534170150757, 0.13175533711910248, -0.09048642963171005, -0.12250008434057236, 0.9883346557617188),
            ["LeftUpperArm"] = CFrame.new(0.0000032782554626464844, -0.0000026226043701171875, -0.00001208484172821045, 0.6628460884094238, 0.6216098666191101, -0.4174138009548187, -0.6532113552093506, 0.752565324306488, 0.08343297243118286, 0.36599189043045044, 0.21736320853233337, 0.9048782587051392),
            ["RightLowerArm"] = CFrame.new(0.00003053247928619385, 0.00008860230445861816, -0.00018909573554992676, 0.8647946715354919, 0.2834511399269104, 0.41441529989242554, 0.10296881198883057, 0.7076990008354187, -0.6989270448684692, -0.49145475029945374, 0.6471612453460693, 0.5828902125358582),
            ["LeftHand"] = CFrame.new(0.000016711652278900146, 0.000012621283531188965, -0.000014439225196838379, 0.8268677592277527, -0.4778863489627838, 0.2964627742767334, 0.5602491497993469, 0.6539051532745361, -0.5084689855575562, 0.049099285155534744, 0.5865430235862732, 0.8084362745285034),
            ["RightHand"] = CFrame.new(0.00001389719545841217, 0.0000032335519790649414, 0.0000327378511428833, 0.9746094346046448, 0.11214562505483627, 0.19377239048480988, -0.028707070276141167, 0.9209911227226257, -0.38854992389678955, -0.2220640331506729, 0.3730933666229248, 0.9008225202560425),
            ["RightUpperArm"] = CFrame.new(-0.000003546476364135742, -0.000010848045349121094, -0.000014569610357284546, 0.8776843547821045, -0.11469252407550812, 0.46531185507774353, -0.022479820996522903, 0.9600203037261963, 0.2790355980396271, -0.47871172428131104, -0.25535860657691956, 0.8400135636329651),
            ["RightLowerLeg"] = CFrame.new(-8.828938007354736e-07, 0.00000852346420288086, 0.00001138448715209961, 0.9969751834869385, -0.05876392126083374, -0.05086629092693329, 0.07769417017698288, 0.7708601951599121, 0.6322451829910278, 0.0020575986709445715, -0.6342880129814148, 0.7730967998504639),
            ["LeftUpperLeg"] = CFrame.new(0.06343594193458557, -0.043889403343200684, -0.031111404299736023, 0.9956983923912048, -0.058545567095279694, 0.07181349396705627, 0.03489097207784653, 0.9549394249916077, 0.2947445511817932, -0.08583350479602814, -0.2909693121910095, 0.9528738856315613),
            ["LeftLowerLeg"] = CFrame.new(0, 0, 0, 1, 0, 0, 0, 1, 0, 0, 0, 1),
        }},
        {Time = 1.133, Data = {
            ["RightFoot"] = CFrame.new(8.400529623031616e-07, -0.0000026300549507141113, -0.0000016391277313232422, 0.9999708533287048, -0.0004869080148637295, 0.007621785160154104, 0.001404146896675229, 0.9926549196243286, -0.12097013741731644, -0.00750717893242836, 0.12098007649183273, 0.992626965045929),
            ["LeftLowerArm"] = CFrame.new(0, 0, 0, 1, 0, 0, 0, 1, 0, 0, 0, 1),
            ["LeftFoot"] = CFrame.new(-8.381903171539307e-07, -0.000002115964889526367, -0.0000013560056686401367, 0.9961128234863281, -0.013210264965891838, -0.08709058165550232, 0.006263153161853552, 0.996809184551239, -0.07957310229539871, 0.08786440640687943, 0.0787205696105957, 0.9930173754692078),
            ["Head"] = CFrame.new(3.632158041000366e-08, 5.364418029785156e-07, 6.705522537231445e-07, 0.9992741346359253, 0.03288818895816803, 0.01922638900578022, -0.03717795014381409, 0.952006459236145, 0.3038121461868286, -0.008311823010444641, -0.30430611968040466, 0.9525379538536072),
            ["RightUpperArm"] = CFrame.new(-0.000005088746547698975, -0.00000947713851928711, -0.000015169382095336914, 0.8294296264648438, -0.10158398002386093, 0.549295961856842, -0.027667848393321037, 0.974649965763092, 0.22202828526496887, -0.5579257011413574, -0.1993478536605835, 0.8055905699729919),
            ["UpperTorso"] = CFrame.new(0.020702775567770004, -0.023492276668548584, -0.14515100419521332, 0.9972659349441528, -0.07320945709943771, 0.010061918757855892, 0.06901863217353821, 0.9714024066925049, 0.2271866798400879, -0.02640637382864952, -0.22587095201015472, 0.9737992286682129),
            ["HumanoidRootPart"] = CFrame.new(0, 0, 0, 1, 0, 0, 0, 1, 0, 0, 0, 1),
            ["RightHand"] = CFrame.new(0.000015309080481529236, 0.000005409121513366699, 0.000042319297790527344, 0.9684192538261414, 0.10974625498056412, 0.22384041547775269, -0.027900785207748413, 0.9399930834770203, -0.34008440375328064, -0.24776136875152588, 0.32306158542633057, 0.9133663773536682),
            ["LeftUpperArm"] = CFrame.new(0.000005155801773071289, -0.0000018775463104248047, -0.000011324882507324219, 0.6193979978561401, 0.5982460975646973, -0.5083746314048767, -0.6621417999267578, 0.7459951639175415, 0.07113387435674667, 0.4217989146709442, 0.29256245493888855, 0.8581929802894592),
            ["RightLowerArm"] = CFrame.new(0.000031888484954833984, 0.0000819861888885498, -0.0001907050609588623, 0.8868245482444763, 0.30793023109436035, 0.34449782967567444, 0.01621604524552822, 0.7243467569351196, -0.6891991496086121, -0.46182170510292053, 0.6168473958969116, 0.6374370455741882),
            ["LeftHand"] = CFrame.new(0.000020526349544525146, 0.000013574957847595215, -0.00000762939453125, 0.7984227538108826, -0.4981535077095032, 0.3381328284740448, 0.6020972728729248, 0.6606431007385254, -0.4483851492404938, -0.0000615564058534801, 0.5615993142127991, 0.8274158835411072),
            ["LowerTorso"] = CFrame.new(-0.05740758404135704, -0.011854607611894608, 0.049401238560676575, 0.9954189658164978, 0.08820376545190811, -0.036893583834171295, -0.09519017487764359, 0.950372040271759, -0.29619595408439636, 0.008937030099332333, 0.2983509302139282, 0.9544144868850708),
            ["RightUpperLeg"] = CFrame.new(-0.06355378031730652, -0.045756518840789795, -0.031863629817962646, 0.9844266176223755, -0.13347487151622772, 0.11440543830394745, 0.12807117402553558, 0.9903274178504944, 0.053382758051157, -0.12042395770549774, -0.037896621972322464, 0.9919988512992859),
            ["RightLowerLeg"] = CFrame.new(-9.57399606704712e-07, 0.000010162591934204102, 0.000011324882507324219, 0.9966832995414734, -0.06259603053331375, -0.052000705152750015, 0.08094998449087143, 0.697161853313446, 0.7123258709907532, -0.008335905149579048, -0.7141758799552917, 0.6999199390411377),
            ["LeftUpperLeg"] = CFrame.new(0.06343615800142288, -0.04388928413391113, -0.03111204504966736, 0.9922677874565125, -0.08877565711736679, 0.08673816174268723, 0.06261830776929855, 0.9614638686180115, 0.2677074074745178, -0.10716143250465393, -0.2602041959762573, 0.9595881104469299),
            ["LeftLowerLeg"] = CFrame.new(2.0116567611694336e-07, 0.0000010728836059570312, 0.000003933906555175781, 0.9978477954864502, 0.04512353613972664, 0.047576602548360825, -0.057303909212350845, 0.9527796506881714, 0.2982054650783539, -0.0318741500377655, -0.30029118061065674, 0.9533153176307678),
        }},
        {Time = 1.367, Data = {
            ["RightFoot"] = CFrame.new(5.885958671569824e-07, -0.000002130866050720215, -0.0000012516975402832031, 0.9999933838844299, -0.0023325541988015175, -0.0028021815232932568, 0.001994065474718809, 0.9933719635009766, -0.11492495238780975, 0.0030515596736222506, 0.11492092907428741, 0.9933702945709229),
            ["LeftLowerArm"] = CFrame.new(0, 0, 0, 1, 0, 0, 0, 1, 0, 0, 0, 1),
            ["LeftFoot"] = CFrame.new(-6.444752216339111e-07, -0.0000017210841178894043, -9.98377799987793e-07, 0.9958592057228088, -0.013835594058036804, -0.08984972536563873, 0.006172199733555317, 0.996359646320343, -0.08502379059791565, 0.09069938212633133, 0.08411894738674164, 0.9923195838928223),
            ["Head"] = CFrame.new(-9.080395102500916e-09, 2.384185791015625e-07, -7.152557373046875e-07, 0.9998672008514404, 0.009159895591437817, 0.013482751324772835, -0.012782329693436623, 0.9538949728012085, 0.29986831545829773, -0.010114369913935661, -0.3000010550022125, 0.9538853764533997),
            ["RightUpperArm"] = CFrame.new(-0.00000607222318649292, -0.000008970499038696289, -0.000014878809452056885, 0.7807630300521851, -0.08454051613807678, 0.6190800666809082, -0.028118155896663666, 0.9850479364395142, 0.16998177766799927, -0.6241942048072815, -0.15011638402938843, 0.7667103409767151),
            ["UpperTorso"] = CFrame.new(0.02510535717010498, -0.02437692880630493, -0.14971823990345, 0.995966911315918, -0.08859846740961075, 0.014151213690638542, 0.08362714946269989, 0.9738336801528931, 0.2113158255815506, -0.03250322490930557, -0.20928020775318146, 0.9773154854774475),
            ["HumanoidRootPart"] = CFrame.new(0, 0, 0, 1, 0, 0, 0, 1, 0, 0, 0, 1),
            ["RightHand"] = CFrame.new(0.000016398727893829346, 0.000009179115295410156, 0.000052228569984436035, 0.9620897173881531, 0.1081865206360817, 0.25032171607017517, -0.030302809551358223, 0.9546946287155151, -0.2960810959339142, -0.2710447609424591, 0.27722540497779846, 0.92177814245224),
            ["LeftUpperArm"] = CFrame.new(0.000005841255187988281, -0.0000024437904357910156, -0.000011652708053588867, 0.5760993361473083, 0.5704375505447388, -0.5854118466377258, -0.6703289747238159, 0.7395545840263367, 0.06097797304391861, 0.4677272140979767, 0.3572954833507538, 0.8084396123886108),
            ["RightLowerArm"] = CFrame.new(0.000033017247915267944, 0.00007537007331848145, -0.00019162893295288086, 0.9008793830871582, 0.33083757758140564, 0.2809360921382904, -0.05976405739784241, 0.7356517314910889, -0.6746693849563599, -0.4299357533454895, 0.5910693407058716, 0.6825659275054932),
            ["LeftHand"] = CFrame.new(0.000023908913135528564, 0.000014603137969970703, -0.000002130866050720215, 0.7706382870674133, -0.5159940719604492, 0.37393918633461, 0.6356071829795837, 0.6647509932518005, -0.3926003575325012, -0.046045079827308655, 0.5402372479438782, 0.8402586579322815),
            ["LowerTorso"] = CFrame.new(-0.06975717842578888, -0.024341076612472534, 0.0618039108812809, 0.9932544827461243, 0.10694421082735062, -0.04481625184416771, -0.11518807709217072, 0.9543890357017517, -0.2754512131214142, 0.01331422757357359, 0.2787554860115051, 0.9602698683738708),
            ["RightUpperLeg"] = CFrame.new(-0.06355440616607666, -0.04575634002685547, -0.03186408430337906, 0.9777423739433289, -0.14718033373355865, 0.14952529966831207, 0.15028339624404907, 0.9885963201522827, -0.009604948572814465, -0.14640629291534424, 0.031865257769823074, 0.9887112975120544),
            ["RightLowerLeg"] = CFrame.new(-0.0000016391277313232422, 0.000010401010513305664, 0.000010073184967041016, 0.9964542388916016, -0.06541215628385544, -0.052917540073394775, 0.08247831463813782, 0.6351367235183716, 0.7679807543754578, -0.016625622287392616, -0.7696249485015869, 0.6382831931114197),
            ["LeftUpperLeg"] = CFrame.new(0.06343571096658707, -0.043888866901397705, -0.031112536787986755, 0.9883062839508057, -0.11499930918216705, 0.10012902319431305, 0.08760436624288559, 0.9657007455825806, 0.2444351613521576, -0.12480448931455612, -0.23280306160449982, 0.9644820690155029),
            ["LeftLowerLeg"] = CFrame.new(2.905726432800293e-07, 1.7881393432617188e-07, 0.00000426173210144043, 0.9978415369987488, 0.04525117948651314, 0.04758881777524948, -0.05742916837334633, 0.9527748823165894, 0.2981968820095062, -0.03184789791703224, -0.3002874255180359, 0.953317403793335),
        }},
        {Time = 1.500, Data = {
            ["RightFoot"] = CFrame.new(6.854534149169922e-07, -0.000002294778823852539, -0.0000012069940567016602, 0.9999571442604065, -0.00332247419282794, -0.008648799732327461, 0.0023432858288288116, 0.9938488602638245, -0.11071743071079254, 0.008963330648839474, 0.11069497466087341, 0.9938142895698547),
            ["LeftLowerArm"] = CFrame.new(0, 0, 0, 1, 0, 0, 0, 1, 0, 0, 0, 1),
            ["LeftFoot"] = CFrame.new(-9.592622518539429e-07, -0.0000019669532775878906, -0.0000012069940567016602, 0.99576735496521, -0.014186088927090168, -0.09080848842859268, 0.005886589176952839, 0.9958306550979614, -0.09103000909090042, 0.0917217954993248, 0.09011214971542358, 0.9916992783546448),
            ["Head"] = CFrame.new(2.7008354663848877e-08, 5.066394805908203e-07, 3.129243850708008e-07, 0.9999377131462097, -0.004427480511367321, 0.01024372037500143, 0.001179180690087378, 0.9547102451324463, 0.2975352704524994, -0.011097117327153683, -0.2975044846534729, 0.9546558856964111),
            ["RightUpperArm"] = CFrame.new(-0.000006683170795440674, -0.000009059906005859375, -0.000015325844287872314, 0.7504649758338928, -0.07248160243034363, 0.6569227576255798, -0.026601815596222878, 0.9898511171340942, 0.1396092176437378, -0.660374641418457, -0.12224030494689941, 0.7409186363220215),
            ["UpperTorso"] = CFrame.new(0.02760864421725273, -0.024803996086120605, -0.15235792100429535, 0.9951109290122986, -0.09735804051160812, 0.01660662703216076, 0.09201587736606598, 0.9750046133995056, 0.20223501324653625, -0.03588072210550308, -0.19971831142902374, 0.9791962504386902),
            ["HumanoidRootPart"] = CFrame.new(0, 0, 0, 1, 0, 0, 0, 1, 0, 0, 0, 1),
            ["RightHand"] = CFrame.new(0.000017061829566955566, 0.000011533498764038086, 0.000056102871894836426, 0.9580733180046082, 0.10736832022666931, 0.2656082808971405, -0.032879795879125595, 0.9622241854667664, -0.270309716463089, -0.2846304178237915, 0.25019368529319763, 0.9254106879234314),
            ["LeftUpperArm"] = CFrame.new(0.000007063150405883789, -0.0000016391277313232422, -0.000010251998901367188, 0.5492526292800903, 0.5514628291130066, -0.6278587579727173, -0.6751350164413452, 0.7356043457984924, 0.055494524538517, 0.49245741963386536, 0.39341461658477783, 0.7763463854789734),
            ["RightLowerArm"] = CFrame.new(0.00003343820571899414, 0.00007042288780212402, -0.00018984079360961914, 0.9065948724746704, 0.34443965554237366, 0.2437463402748108, -0.10297632962465286, 0.7407705187797546, -0.6637687683105469, -0.40924519300460815, 0.5767326354980469, 0.7071059346199036),
            ["LeftHand"] = CFrame.new(0.000025510787963867188, 0.000015601515769958496, 6.705522537231445e-07, 0.753567636013031, -0.5261813402175903, 0.39399293065071106, 0.6532588601112366, 0.6663455367088318, -0.35953226685523987, -0.07340729981660843, 0.5283151268959045, 0.8458759784698486),
            ["LowerTorso"] = CFrame.new(-0.07681240886449814, -0.031499627977609634, 0.06886456906795502, 0.9918296337127686, 0.11771661043167114, -0.04916268587112427, -0.12656265497207642, 0.9563314914703369, -0.2634616494178772, 0.01600201241672039, 0.26753124594688416, 0.9634163975715637),
            ["RightUpperLeg"] = CFrame.new(-0.06355414539575577, -0.045755743980407715, -0.031863983720541, 0.9732747673988342, -0.15421518683433533, 0.17015832662582397, 0.16364891827106476, 0.9855898022651672, -0.04279644414782524, -0.16110624372959137, 0.06950178742408752, 0.9844871163368225),
            ["RightLowerLeg"] = CFrame.new(-0.0000017210841178894043, 0.000011444091796875, 0.000010192394256591797, 0.9963364601135254, -0.0668003186583519, -0.05339859798550606, 0.08292404562234879, 0.6019262075424194, 0.7942317128181458, -0.020913193002343178, -0.7957528233528137, 0.6052641272544861),
            ["LeftUpperLeg"] = CFrame.new(0.06343606114387512, -0.04388910531997681, -0.03111185133457184, 0.9854537844657898, -0.12815868854522705, 0.11160792410373688, 0.10324494540691376, 0.9731276631355286, 0.205824613571167, -0.13498690724372864, -0.19130586087703705, 0.9722036719322205),
            ["LeftLowerLeg"] = CFrame.new(3.5390257835388184e-07, 0.000002205371856689453, 0.00000476837158203125, 0.997704803943634, 0.047706156969070435, 0.04805469885468483, -0.0617346316576004, 0.9324196577072144, 0.3560637831687927, -0.02782093733549118, -0.3582145571708679, 0.9332253336906433),
        }},
        {Time = 1.700, Data = {
