return {
    ["APT Dance"] = {
        {Time = 0.000, Data = {
            ["RightFoot"] = CFrame.new(2.4493783712387085e-07, 5.960464477539063e-08, 4.0345184970647097e-08, 0.9798963069915771, 0.19695666432380676, 0.0318034328520298, -0.19907249510288239, 0.9757787585258484, 0.09069709479808807, -0.01316970493644476, -0.09520532935857773, 0.995370626449585),
            ["LeftLowerArm"] = CFrame.new(8.940696716308594e-08, -8.940696716308594e-07, -4.470348358154297e-08, 1, -4.610045678532515e-08, 1.7764973847533838e-07, 3.259629366425543e-08, -0.9220782518386841, -0.38700342178344727, 2.0476730355767359e-07, 0.38700342178344727, -0.9220782518386841),
            ["RightUpperArm"] = CFrame.new(0, 3.5762786865234375e-07, 0, 0.9567483067512512, 0.08168498426675797, 0.2792137563228607, -0.10971351712942123, 0.9902139902114868, 0.08625161647796631, -0.2694358229637146, -0.11315459758043289, 0.9563474059104919),
            ["Head"] = CFrame.new(-7.450580596923828e-09, 5.960464477539062e-07, -1.862645149230957e-08, 0.9874826669692993, -0.05731884390115738, -0.1469443142414093, 0.052774809300899506, 0.9980054497718811, -0.0346410758793354, 0.1486368328332901, 0.02645249292254448, 0.9885380268096924),
            ["RightHand"] = CFrame.new(-9.057112038135529e-08, -2.980232238769531e-07, 6.798654794692993e-08, 0.9912658929824829, 0.03803581744432449, -0.12627455592155457, -0.033508531749248505, 0.9987239837646484, 0.037786152213811874, 0.1275506168603897, -0.033224884420633316, 0.9912754893302917),
            ["UpperTorso"] = CFrame.new(1.4901161193847656e-08, -4.76837158203125e-07, -2.7008354663848877e-08, 0.9934379458427429, -0.10193803906440735, -0.05186459794640541, 0.10147362947463989, 0.9947715997695923, -0.01151557732373476, 0.052767250686883926, 0.006177113391458988, 0.9985877275466919),
            ["HumanoidRootPart"] = CFrame.new(0, 0, 0, 1, 0, 0, 0, 1, 0, 0, 0, 1),
            ["RightUpperLeg"] = CFrame.new(-2.9802322387695312e-08, -4.5821070671081543e-07, 2.8107024263590574e-08, 0.9486874938011169, 0.28910285234451294, 0.1281081885099411, 0.08860833197832108, 0.14585474133491516, -0.985329806804657, -0.30354681611061096, 0.9461215138435364, 0.11275391280651093),
            ["LeftUpperArm"] = CFrame.new(-1.1920928955078125e-07, 4.76837158203125e-07, -1.341104507446289e-07, 0.7802349328994751, 0.05774591118097305, -0.6228153109550476, -0.19284534454345703, 0.9694309830665588, -0.15170463919639587, 0.5950161814689636, 0.23847226798534393, 0.7675199508666992),
            ["RightLowerArm"] = CFrame.new(2.086162567138672e-07, -2.384185791015625e-07, 2.2351741790771484e-07, 1, -4.097820394122209e-08, 7.450581485102248e-09, 6.705522537231445e-08, 0.8253456950187683, -0.5646278262138367, -1.1175870895385742e-08, 0.5646278858184814, 0.8253457546234131),
            ["LeftHand"] = CFrame.new(1.5459954738616943e-07, 4.76837158203125e-07, 0, 0.8511796593666077, 0.04497012123465538, 0.522944450378418, -0.11029525846242905, 0.9894016981124878, 0.09444127976894379, -0.5131551027297974, -0.13806484639644623, 0.8471187353134155),
            ["LeftFoot"] = CFrame.new(3.725290298461914e-09, -5.960464477539063e-08, -6.705522537231445e-08, 0.9899681210517883, 0.12782219052314758, 0.060204681009054184, -0.10234686732292175, 0.9425052404403687, -0.31813398003578186, -0.0974077582359314, 0.30878058075904846, 0.946132242679596),
            ["LowerTorso"] = CFrame.new(0.035508573055267334, -0.21745622158050537, 0.092201828956604, 0.4087603688240051, -0.216739684343338, 0.8865319490432739, -0.05691098794341087, 0.963447093963623, 0.26178428530693054, -0.9108656644821167, -0.15746045112609863, 0.3814840614795685),
            ["RightLowerLeg"] = CFrame.new(2.2351741790771484e-08, 5.960464477539063e-08, -1.4172837836667895e-07, 0.9988123774528503, -0.006659435573965311, 0.04826477915048599, -0.04483933374285698, -0.5131601691246033, 0.8571207523345947, 0.019059613347053528, -0.8582670092582703, -0.5128495097160339),
            ["LeftUpperLeg"] = CFrame.new(0, -2.905726432800293e-07, -7.450580596923828e-09, 0.9783143997192383, -0.06437083333730698, 0.1968688815832138, 0.19105958938598633, 0.6474907398223877, -0.737734317779541, -0.07998217642307281, 0.7593498826026917, 0.6457481980323792),
            ["LeftLowerLeg"] = CFrame.new(-1.2665987014770508e-07, 1.1920928955078125e-07, -2.2351741790771484e-08, 0.9994866251945496, -0.02483961544930935, -0.020240025594830513, 0.03117910400032997, 0.6084010004997253, 0.7930169105529785, -0.007384377531707287, -0.7932409644126892, 0.6088632941246033),
        }},
        {Time = 0.031, Data = {
            ["RightFoot"] = CFrame.new(1.0244548320770264e-07, -4.172325134277344e-07, -2.4976179702207446e-07, 0.9809734225273132, 0.19199752807617188, 0.028779078274965286, -0.19365565478801727, 0.9781939387321472, 0.07506140321493149, -0.013740132562816143, -0.07920650392770767, 0.9967635869979858),
            ["LeftLowerArm"] = CFrame.new(2.086162567138672e-07, -2.980232238769531e-07, -8.940696716308594e-08, 1, -5.401669156412936e-08, 2.505257441498543e-07, 1.862645149230957e-08, -0.9351561069488525, -0.35423576831817627, 2.0349398255348206e-07, 0.3542357385158539, -0.9351562261581421),
            ["RightUpperArm"] = CFrame.new(5.960464477539063e-08, 2.384185791015625e-07, 0, 0.94176185131073, 0.03171418979763985, 0.3347820043563843, -0.06530462950468063, 0.9938383102416992, 0.0895586684346199, -0.32987886667251587, -0.10620575398206711, 0.9380300641059875),
            ["Head"] = CFrame.new(1.2991949915885925e-07, 3.5762786865234375e-07, 7.636845111846924e-08, 0.9879395961761475, -0.055547814816236496, -0.14453323185443878, 0.051239073276519775, 0.9981288313865662, -0.03336789831519127, 0.14611630141735077, 0.025559674948453903, 0.988937258720398),
            ["RightHand"] = CFrame.new(2.0302832126617432e-07, -5.960464477539063e-08, -1.4901161193847656e-08, 0.9947536587715149, 0.021204188466072083, -0.10007741302251816, -0.018548212945461273, 0.9994525909423828, 0.027395538985729218, 0.10060351341962814, -0.025395546108484268, 0.9946025013923645),
            ["UpperTorso"] = CFrame.new(7.82310962677002e-08, -2.682209014892578e-07, -1.3783574104309082e-07, 0.9931915402412415, -0.08261997997760773, -0.08212550729513168, 0.08381210267543793, 0.9964190721511841, 0.011169477365911007, 0.08090873062610626, -0.01797656901180744, 0.9965593814849854),
            ["HumanoidRootPart"] = CFrame.new(0, 0, 0, 1, 0, 0, 0, 1, 0, 0, 0, 1),
            ["RightUpperLeg"] = CFrame.new(8.940696716308594e-08, -3.725290298461914e-07, -5.3849362302571535e-08, 0.967002272605896, 0.16944345831871033, 0.19025181233882904, 0.1579165756702423, 0.18735627830028534, -0.9695154428482056, -0.1999228149652481, 0.9675674438476562, 0.15441595017910004),
            ["LeftUpperArm"] = CFrame.new(5.960464477539063e-08, 1.1920928955078125e-07, -5.960464477539063e-08, 0.783070981502533, 0.10545267909765244, -0.6129270195960999, -0.16395029425621033, 0.9856622219085693, -0.039880841970443726, 0.5999334454536438, 0.13171908259391785, 0.7891324758529663),
            ["RightLowerArm"] = CFrame.new(4.172325134277344e-07, -0.0000012516975402832031, -1.4156103134155273e-07, 1, -7.078052988163108e-08, 2.2351747119842003e-08, 8.195638656616211e-08, 0.6554775834083557, -0.7552146911621094, 2.60770320892334e-08, 0.7552146911621094, 0.6554776430130005),
            ["LeftHand"] = CFrame.new(-3.725290298461914e-07, -1.1920928955078125e-07, -3.5762786865234375e-07, 0.8611098527908325, 0.0489816814661026, 0.5060541033744812, -0.10913911461830139, 0.9899534583091736, 0.08989394456148148, -0.4965668022632599, -0.13263891637325287, 0.8578044176101685),
            ["LeftFoot"] = CFrame.new(-4.842877388000488e-08, 1.7881393432617188e-07, 1.1175870895385742e-08, 0.9901871085166931, 0.12389419972896576, 0.06465091556310654, -0.10014481097459793, 0.9517483711242676, -0.2900795042514801, -0.09747064858675003, 0.28075873851776123, 0.9548163414001465),
            ["LowerTorso"] = CFrame.new(0.04112619161605835, -0.1953577995300293, 0.12056344747543335, 0.34678640961647034, -0.2014712393283844, 0.9160505533218384, -0.06361708790063858, 0.9693564176559448, 0.23727838695049286, -0.9357842803001404, -0.14056140184402466, 0.32334262132644653),
            ["RightLowerLeg"] = CFrame.new(-2.0489096641540527e-07, 1.7881393432617188e-07, -3.277600626461208e-07, 0.9989258646965027, -0.004963541403412819, 0.04607125744223595, -0.04348057508468628, -0.44413742423057556, 0.8949031233787537, 0.01602010242640972, -0.8959449529647827, -0.44387614727020264),
            ["LeftUpperLeg"] = CFrame.new(-2.9802322387695312e-08, -1.2479722499847412e-07, 4.470348358154297e-08, 0.9821226000785828, -0.1276710033416748, 0.13833054900169373, 0.18821169435977936, 0.6792768836021423, -0.7093372941017151, -0.003403017995879054, 0.7226916551589966, 0.6911622881889343),
            ["LeftLowerLeg"] = CFrame.new(2.9802322387695312e-08, 0, -1.1175870895385742e-08, 0.9995085597038269, -0.024255692958831787, -0.01986178196966648, 0.03099389746785164, 0.669314444065094, 0.7423326373100281, -0.004711963701993227, -0.7425833344459534, 0.6697372794151306),
        }},
        {Time = 0.062, Data = {
            ["RightFoot"] = CFrame.new(-7.636845111846924e-08, -1.1920928955078125e-07, 9.110226528719068e-08, 0.9834184646606445, 0.18005219101905823, 0.021667474880814552, -0.18073204159736633, 0.9829054474830627, 0.035112787038087845, -0.014974955469369888, -0.038446296006441116, 0.9991484880447388),
            ["LeftLowerArm"] = CFrame.new(8.940696716308594e-08, 4.76837158203125e-07, 5.960464477539063e-08, 1, 3.725290742551124e-09, 1.545996042295883e-07, 2.3283067918100642e-08, -0.9419049024581909, -0.3358796536922455, 2.1280723672134627e-07, 0.3358796536922455, -0.9419050216674805),
            ["RightUpperArm"] = CFrame.new(0, -2.384185791015625e-07, 7.450580596923828e-09, 0.9321621060371399, -0.020920298993587494, 0.36143621802330017, -0.012395101599395275, 0.9958996772766113, 0.08961134403944016, -0.36182892322540283, -0.08801229298114777, 0.9280807375907898),
            ["Head"] = CFrame.new(3.306195139884949e-08, -4.76837158203125e-07, -6.088521331548691e-08, 0.9900726675987244, -0.04271659255027771, -0.13390867412090302, 0.03908420726656914, 0.9987962245941162, -0.029639551416039467, 0.13501353561878204, 0.02411159873008728, 0.9905503392219543),
            ["RightHand"] = CFrame.new(-1.341104507446289e-07, -3.5762786865234375e-07, 3.725290298461914e-09, 0.9985986351966858, -0.014353591948747635, -0.050938721746206284, 0.014362824149429798, 0.9998968243598938, -0.00018477955018170178, 0.05093611404299736, -0.0005470862379297614, 0.9987018704414368),
            ["UpperTorso"] = CFrame.new(-2.9802322387695312e-08, 8.940696716308594e-08, -3.632158041000366e-08, 0.9926158785820007, -0.10172353684902191, -0.06607697159051895, 0.10384856909513474, 0.9941539168357849, 0.02955412119626999, 0.06268428266048431, -0.03619791194796562, 0.9973768591880798),
            ["HumanoidRootPart"] = CFrame.new(0, 0, 0, 1, 0, 0, 0, 1, 0, 0, 0, 1),
            ["RightUpperLeg"] = CFrame.new(2.9802322387695312e-08, -3.3527612686157227e-08, -6.502523319795728e-08, 0.9593746066093445, 0.023170694708824158, 0.28118282556533813, 0.26117879152297974, 0.30399444699287415, -0.9161730408668518, -0.10670632869005203, 0.9523921012878418, 0.2855927348136902),
            ["LeftUpperArm"] = CFrame.new(1.7881393432617188e-07, 0, 4.470348358154297e-08, 0.7938606142997742, 0.18869075179100037, -0.5780841112136841, -0.15412108600139618, 0.9820330739021301, 0.10889393836259842, 0.5882448554039001, 0.002648346358910203, 0.8086785674095154),
            ["RightLowerArm"] = CFrame.new(1.4901161193847656e-07, -2.384185791015625e-07, -9.313225746154785e-08, 1, -7.264317503086204e-08, 5.215408194203519e-08, 7.729978079851207e-08, 0.43789738416671753, -0.8990249633789062, 5.401671643312511e-08, 0.899025022983551, 0.4378974437713623),
            ["LeftHand"] = CFrame.new(1.6763806343078613e-07, 8.940696716308594e-07, -2.384185791015625e-07, 0.884694516658783, 0.05826108902692795, 0.46251630783081055, -0.1063101589679718, 0.9912304878234863, 0.0784878134727478, -0.4538874924182892, -0.11860783398151398, 0.8831299543380737),
            ["LeftFoot"] = CFrame.new(2.7939677238464355e-08, -1.1920928955078125e-07, -1.8812716007232666e-07, 0.9906675219535828, 0.11512576788663864, 0.07296500355005264, -0.09528668969869614, 0.9677489399909973, -0.23320047557353973, -0.0974590852856636, 0.22407151758670807, 0.9696873426437378),
            ["LowerTorso"] = CFrame.new(0.032191693782806396, -0.1479659080505371, 0.10563421249389648, 0.28617098927497864, -0.16024722158908844, 0.9446834921836853, -0.07381261140108109, 0.9792994260787964, 0.1884790062904358, -0.9553313255310059, -0.12366682291030884, 0.2684188187122345),
            ["RightLowerLeg"] = CFrame.new(0, 5.960464477539063e-08, 2.2521271603181958e-07, 0.99920254945755, -0.0015432076761499047, 0.039897967129945755, -0.03906768187880516, -0.24407510459423065, 0.9689691662788391, 0.008242667652666569, -0.9697551727294922, -0.2439408004283905),
            ["LeftUpperLeg"] = CFrame.new(0, -1.7136335372924805e-07, -8.940696716308594e-08, 0.9829049110412598, -0.16572637856006622, 0.08020537346601486, 0.1793878972530365, 0.763952910900116, -0.6198357343673706, 0.04145006462931633, 0.6236270666122437, 0.7806220650672913),
            ["LeftLowerLeg"] = CFrame.new(3.725290298461914e-08, 4.172325134277344e-07, 8.195638656616211e-08, 0.9995462894439697, -0.023138483986258507, -0.01928764395415783, 0.030122879892587662, 0.7701154947280884, 0.6371927857398987, 0.00010984394612023607, -0.6374846696853638, 0.7704631686210632),
        }},
        {Time = 0.094, Data = {
            ["RightFoot"] = CFrame.new(-8.242204785346985e-08, -5.960464477539062e-07, 1.1368683772161603e-07, 0.9859269857406616, 0.16658081114292145, 0.014097802340984344, -0.16638414561748505, 0.985959529876709, -0.014152206480503082, -0.01625738851726055, 0.011607340537011623, 0.9998005032539368),
            ["LeftLowerArm"] = CFrame.new(2.384185791015625e-07, 0, 0, 1, -1.4901159417490817e-08, 1.303851746570217e-07, 3.725290298461914e-08, -0.9117319583892822, -0.4107857346534729, 2.2724270820617676e-07, 0.4107857644557953, -0.9117319583892822),
            ["RightUpperArm"] = CFrame.new(1.7881393432617188e-07, -3.5762786865234375e-07, -1.1920928955078125e-07, 0.9282692670822144, -0.08635024726390839, 0.36174580454826355, 0.06879372894763947, 0.9957544207572937, 0.061160460114479065, -0.36549127101898193, -0.03188752382993698, 0.9302685260772705),
            ["Head"] = CFrame.new(8.195638656616211e-08, -2.384185791015625e-07, -1.8533319234848022e-07, 0.9939519762992859, -0.00708386953920126, -0.10958696901798248, 0.004470090847462416, 0.999700129032135, -0.024078436195850372, 0.10972470045089722, 0.0234429482370615, 0.9936855435371399),
            ["RightHand"] = CFrame.new(2.980232238769531e-07, -2.384185791015625e-07, -2.3096799850463867e-07, 0.9986146688461304, -0.04713068902492523, -0.023399874567985535, 0.04612601175904274, 0.9980623126029968, -0.041763365268707275, 0.025322863832116127, 0.04062619432806969, 0.9988535642623901),
            ["UpperTorso"] = CFrame.new(-1.257285475730896e-08, -1.4901161193847656e-07, 8.149072527885437e-09, 0.9900001883506775, -0.13953979313373566, -0.020698515698313713, 0.1401021033525467, 0.9897179007530212, 0.028807174414396286, 0.016466127708554268, -0.03141900524497032, 0.9993706345558167),
            ["HumanoidRootPart"] = CFrame.new(0, 0, 0, 1, 0, 0, 0, 1, 0, 0, 0, 1),
            ["RightUpperLeg"] = CFrame.new(-1.1920928955078125e-07, -1.4156103134155273e-07, -5.420588422566652e-09, 0.9349016547203064, -0.12121863663196564, 0.33356431126594543, 0.35168328881263733, 0.4428059756755829, -0.824767529964447, -0.04772690311074257, 0.888385534286499, 0.45661067962646484),
            ["LeftUpperArm"] = CFrame.new(5.960464477539063e-08, -1.1920928955078125e-07, -7.450580596923828e-08, 0.7871510982513428, 0.30811262130737305, -0.5342844724655151, -0.17926925420761108, 0.9431732892990112, 0.27979776263237, 0.590131938457489, -0.12446235865354538, 0.7976549863815308),
            ["RightLowerArm"] = CFrame.new(-1.4901161193847656e-07, 0, 1.3597309589385986e-07, 1, -7.63684582238966e-08, 6.705523247774181e-08, 8.568167686462402e-08, 0.22596041858196259, -0.974136471748352, 6.984919309616089e-08, 0.974136471748352, 0.2259604036808014),
            ["LeftHand"] = CFrame.new(2.9802322387695312e-08, 7.152557373046875e-07, 8.940696716308594e-08, 0.9124786853790283, 0.06860729306936264, 0.40333086252212524, -0.10275322198867798, 0.992671012878418, 0.06360916048288345, -0.39601069688796997, -0.09948571026325226, 0.9128406643867493),
            ["LeftFoot"] = CFrame.new(-6.51925802230835e-08, -1.1920928955078125e-07, 1.73225998878479e-07, 0.9914487600326538, 0.10449258238077164, 0.07817108184099197, -0.08872730284929276, 0.9790339469909668, -0.18335773050785065, -0.09569167345762253, 0.1748538613319397, 0.9799333214759827),
            ["LowerTorso"] = CFrame.new(0.002583533525466919, -0.10705232620239258, 0.05383014678955078, 0.23047301173210144, -0.12418801337480545, 0.9651215076446533, -0.08371280133724213, 0.9856151938438416, 0.14681585133075714, -0.9694712162017822, -0.11463011801242828, 0.21676155924797058),
            ["RightLowerLeg"] = CFrame.new(4.470348358154297e-08, 3.5762786865234375e-07, -3.9318547351285815e-07, 0.9995095729827881, 0.0005654171691276133, 0.03131001070141792, -0.03131330758333206, 0.0282193124294281, 0.9991111755371094, -0.00031860926537774503, -0.9996016621589661, 0.028223134577274323),
            ["LeftUpperLeg"] = CFrame.new(5.960464477539063e-08, -1.1734664440155029e-07, -6.705522537231445e-08, 0.9842036962509155, -0.17461340129375458, 0.029214899986982346, 0.16425341367721558, 0.839024007320404, -0.5187094807624817, 0.06606163829565048, 0.5153143405914307, 0.8544513583183289),
            ["LeftLowerLeg"] = CFrame.new(-1.9371509552001953e-07, -2.384185791015625e-07, 2.2724270820617676e-07, 0.9995783567428589, -0.022051220759749413, -0.018891319632530212, 0.028717536479234695, 0.8469772338867188, 0.5308529734611511, 0.004294558893889189, -0.5311716794967651, 0.8472534418106079),
        }},
        {Time = 0.125, Data = {
            ["RightFoot"] = CFrame.new(1.3923272490501404e-07, -1.1920928955078125e-07, 6.502523319795728e-08, 0.9878294467926025, 0.15530219674110413, 0.008613952435553074, -0.1545339971780777, 0.9862194657325745, -0.05907995253801346, -0.01767045073211193, 0.0570298470556736, 0.9982161521911621),
            ["LeftLowerArm"] = CFrame.new(8.940696716308594e-08, 1.7881393432617188e-07, 5.960464477539063e-08, 1, -2.2351734685344127e-08, 1.1920926112907182e-07, 6.705523247774181e-08, -0.8072744011878967, -0.5901762843132019, 1.8998983364326705e-07, 0.5901763439178467, -0.8072744607925415),
            ["RightUpperArm"] = CFrame.new(-1.7881393432617188e-07, -4.76837158203125e-07, -6.705522537231445e-08, 0.9364526867866516, -0.16053979098796844, 0.31190305948257446, 0.17015299201011658, 0.9854109287261963, -0.00366328377276659, -0.30676454305648804, 0.056501708924770355, 0.9501068592071533),
            ["Head"] = CFrame.new(-1.043081283569336e-07, -0.0000010728836059570312, -7.543712854385376e-08, 0.9958153963088989, 0.0636179968714714, -0.06560929119586945, -0.06499176472425461, 0.9977045655250549, -0.01901925727725029, 0.0642487034201622, 0.023203715682029724, 0.9976640939712524),
            ["RightHand"] = CFrame.new(-2.9802322387695312e-08, -1.1920928955078125e-07, -1.7881393432617188e-07, 0.9974546432495117, -0.06456402689218521, -0.030260803177952766, 0.061413176357746124, 0.9935339093208313, -0.09549340605735779, 0.036230601370334625, 0.09339193254709244, 0.9949700236320496),
            ["UpperTorso"] = CFrame.new(6.146728992462158e-08, 5.960464477539063e-08, 1.3969838619232178e-08, 0.9843095541000366, -0.1740046590566635, 0.02927691489458084, 0.17389017343521118, 0.9847440719604492, 0.00642422866076231, -0.029948091134428978, -0.0012325112475082278, 0.9995507597923279),
            ["HumanoidRootPart"] = CFrame.new(0, 0, 0, 1, 0, 0, 0, 1, 0, 0, 0, 1),
            ["RightUpperLeg"] = CFrame.new(2.9802322387695312e-08, -1.6205012798309326e-07, 7.281050784513354e-08, 0.9035680890083313, -0.257033109664917, 0.3427809178829193, 0.42843469977378845, 0.5365696549415588, -0.7270055413246155, 0.00293910875916481, 0.8037580847740173, 0.5949490070343018),
            ["LeftUpperArm"] = CFrame.new(-1.1920928955078125e-07, -4.76837158203125e-07, 0, 0.7794444561004639, 0.45052799582481384, -0.4353058636188507, -0.25243568420410156, 0.8618136048316956, 0.4399472773075104, 0.5733609795570374, -0.23302772641181946, 0.7854650616645813),
            ["RightLowerArm"] = CFrame.new(3.2782554626464844e-07, -5.960464477539063e-08, 2.9802322387695312e-08, 1, -1.0803341865539551e-07, 6.705522537231445e-08, 1.0989606380462646e-07, 0.018131528049707413, -0.9998356103897095, 1.1920928955078125e-07, 0.9998356699943542, 0.018131528049707413),
            ["LeftHand"] = CFrame.new(-4.172325134277344e-07, 4.172325134277344e-07, 1.9371509552001953e-07, 0.9367644190788269, 0.07636741548776627, 0.34152674674987793, -0.09885726869106293, 0.9938989281654358, 0.04891107231378555, -0.33570772409439087, -0.07958058267831802, 0.9385986328125),
            ["LeftFoot"] = CFrame.new(-3.91155481338501e-08, -2.980232238769531e-07, 0, 0.9934784770011902, 0.08182358741760254, 0.07940711081027985, -0.06869532912969589, 0.9853798747062683, -0.15590937435626984, -0.09100322425365448, 0.1494375616312027, 0.9845744967460632),
            ["LowerTorso"] = CFrame.new(-0.023821324110031128, -0.08055365085601807, -0.003953397274017334, 0.1760871261358261, -0.12022382766008377, 0.9770054221153259, -0.09217896312475204, 0.9861388206481934, 0.1379612684249878, -0.980049192905426, -0.1143525093793869, 0.162564218044281),
            ["RightLowerLeg"] = CFrame.new(2.2351741790771484e-08, 5.960464477539063e-08, 1.2835516827180982e-07, 0.9997462630271912, 0.0002705231308937073, 0.02252483181655407, -0.021604254841804504, 0.2946908473968506, 0.955348551273346, -0.006379412952810526, -0.955592691898346, 0.29462164640426636),
            ["LeftUpperLeg"] = CFrame.new(-5.960464477539063e-08, 1.4435499906539917e-07, 0, 0.9853795766830444, -0.16967470943927765, -0.015421856194734573, 0.14412161707878113, 0.8783983588218689, -0.4556809365749359, 0.09086410701274872, 0.44679611921310425, 0.8900096416473389),
            ["LeftLowerLeg"] = CFrame.new(7.450580596923828e-09, -1.1920928955078125e-07, -1.862645149230957e-08, 0.9996352195739746, -0.020205482840538025, -0.017923157662153244, 0.02607021853327751, 0.8952783942222595, 0.44474396109580994, 0.007059878669679165, -0.44504880905151367, 0.895478367805481),
        }},
        {Time = 0.156, Data = {
            ["RightFoot"] = CFrame.new(-3.306195139884949e-08, 0, -2.0656443666666746e-08, 0.9891082644462585, 0.14706791937351227, 0.0059902602806687355, -0.14586660265922546, 0.9848476052284241, -0.0937989354133606, -0.019694244489073753, 0.09190362691879272, 0.9955732226371765),
            ["LeftLowerArm"] = CFrame.new(4.172325134277344e-07, -3.5762786865234375e-07, -3.5762786865234375e-07, 1, -3.3993281078892323e-08, 1.0430816388407038e-07, 5.960465188081798e-08, -0.6398841738700867, -0.7684714198112488, 1.3411046495548362e-07, 0.768471360206604, -0.6398842334747314),
            ["RightUpperArm"] = CFrame.new(1.1920928955078125e-07, 3.5762786865234375e-07, 4.470348358154297e-08, 0.9330267310142517, -0.2631317377090454, 0.2454032599925995, 0.29507559537887573, 0.9498626589775085, -0.1033988818526268, -0.20589187741279602, 0.1688864380121231, 0.9638910293579102),
            ["Head"] = CFrame.new(1.5459954738616943e-07, 1.1920928955078125e-07, 4.4819898903369904e-08, 0.9744563102722168, 0.22455866634845734, 0.0028988895937800407, -0.2244551181793213, 0.9742705225944519, -0.020418619737029076, -0.00740948598831892, 0.019246384501457214, 0.9997873306274414),
            ["RightHand"] = CFrame.new(-1.1920928955078125e-07, 0, -3.2782554626464844e-07, 0.995370090007782, -0.07405799627304077, -0.061268508434295654, 0.06395521014928818, 0.9861557483673096, -0.15299218893051147, 0.07175059616565704, 0.14836537837982178, 0.986326277256012),
            ["UpperTorso"] = CFrame.new(9.313225746154785e-09, 5.960464477539063e-08, 5.587935447692871e-09, 0.9787031412124634, -0.19632339477539062, 0.05997791141271591, 0.19796691834926605, 0.9799445867538452, -0.02275346778333187, -0.05430788919329643, 0.03414245694875717, 0.9979404211044312),
            ["HumanoidRootPart"] = CFrame.new(0, 0, 0, 1, 0, 0, 0, 1, 0, 0, 0, 1),
            ["RightUpperLeg"] = CFrame.new(0, -1.1944212019443512e-07, 5.744368536397815e-08, 0.8724014759063721, -0.3809675872325897, 0.30623430013656616, 0.4847164452075958, 0.593572735786438, -0.6424340605735779, 0.06297435611486435, 0.7088971138000488, 0.7024949193000793),
            ["LeftUpperArm"] = CFrame.new(5.960464477539063e-08, 3.5762786865234375e-07, 5.21540641784668e-08, 0.7749770283699036, 0.5907269716262817, -0.22461587190628052, -0.4130980968475342, 0.7424629330635071, 0.5273507833480835, 0.47828924655914307, -0.31589630246162415, 0.8194199800491333),
            ["RightLowerArm"] = CFrame.new(5.960464477539063e-08, -0.0000011324882507324219, 3.3527612686157227e-08, 1, -1.0430814256778831e-07, 1.2293459406009788e-07, 8.288770914077759e-08, -0.15301065146923065, -0.9882246255874634, 1.1548399925231934e-07, 0.9882246255874634, -0.15301065146923065),
            ["LeftHand"] = CFrame.new(5.960464477539063e-08, 2.384185791015625e-07, 0, 0.9530181288719177, 0.07932499796152115, 0.2923423945903778, -0.09453433752059937, 0.9947866201400757, 0.03824767470359802, -0.28778430819511414, -0.06408710777759552, 0.9555486440658569),
            ["LeftFoot"] = CFrame.new(-8.847564458847046e-08, -1.7881393432617188e-07, 9.313225746154785e-09, 0.9954352974891663, 0.052473414689302444, 0.07972007244825363, -0.040644433349370956, 0.9888355731964111, -0.1433609575033188, -0.08635267615318298, 0.13946637511253357, 0.986454427242279),
            ["LowerTorso"] = CFrame.new(-0.03511914610862732, -0.07538235187530518, -0.06301045417785645, 0.11548037081956863, -0.13959534466266632, 0.9834519028663635, -0.09503456205129623, 0.9839811325073242, 0.15082977712154388, -0.9887531399726868, -0.11087977141141891, 0.10036412626504898),
            ["RightLowerLeg"] = CFrame.new(-7.078051567077637e-08, 3.5762786865234375e-07, 6.129994289949536e-08, 0.9998916983604431, -0.001866490114480257, 0.014599267393350601, -0.01152768824249506, 0.5173845291137695, 0.8556752800941467, -0.009150550700724125, -0.8557510375976562, 0.5173072218894958),
            ["LeftUpperLeg"] = CFrame.new(2.9802322387695312e-08, -3.073364496231079e-08, -1.0803341865539551e-07, 0.9862818121910095, -0.15567246079444885, -0.05490235984325409, 0.1130174845457077, 0.8792452812194824, -0.4627687335014343, 0.12031299620866776, 0.4502154588699341, 0.884777307510376),
            ["LeftLowerLeg"] = CFrame.new(-4.842877388000488e-08, 2.384185791015625e-07, -1.0058283805847168e-07, 0.9996958374977112, -0.01831948570907116, -0.016513334587216377, 0.023669835180044174, 0.9007714986801147, 0.43364816904067993, 0.006930421106517315, -0.43390679359436035, 0.9009310007095337),
        }},
        {Time = 0.188, Data = {
            ["RightFoot"] = CFrame.new(-3.203749656677246e-07, 1.7881393432617188e-07, -2.0656443666666746e-08, 0.9897393584251404, 0.1427457630634308, 0.00629096943885088, -0.14104071259498596, 0.9830713868141174, -0.1169547513127327, -0.02287943847477436, 0.11486741900444031, 0.9931173324584961),
            ["LeftLowerArm"] = CFrame.new(1.1920928955078125e-07, -2.384185791015625e-07, 2.1886080503463745e-07, 1, -1.1175872316471214e-07, 1.6484413833950384e-07, 8.940698137394065e-08, -0.5033727288246155, -0.8640693426132202, 1.6391278734317893e-07, 0.8640694618225098, -0.5033727288246155),
            ["RightUpperArm"] = CFrame.new(-5.960464477539063e-08, -4.76837158203125e-07, -1.2852251529693604e-07, 0.8959289789199829, -0.4108875095844269, 0.16876865923404694, 0.44119521975517273, 0.8672419190406799, -0.23073428869247437, -0.05155743286013603, 0.2811814546585083, 0.9582686424255371),
            ["Head"] = CFrame.new(-1.0244548320770264e-08, -7.152557373046875e-07, -1.2887176126241684e-07, 0.9152830243110657, 0.39181479811668396, 0.0934782549738884, -0.3878028988838196, 0.9198806881904602, -0.05855291709303856, -0.10893073678016663, 0.01734135113656521, 0.9938980937004089),
            ["RightHand"] = CFrame.new(2.384185791015625e-07, -5.960464477539062e-07, 0, 0.9937224984169006, -0.07593440264463425, -0.08215561509132385, 0.05806718021631241, 0.9777889251708984, -0.20138803124427795, 0.09562312066555023, 0.19535331428050995, 0.9760602116584778),
            ["UpperTorso"] = CFrame.new(1.5832483768463135e-08, -5.960464477539063e-08, -1.3504177331924438e-08, 0.9746249318122864, -0.21326801180839539, 0.06799304485321045, 0.21791760623455048, 0.9734232425689697, -0.07042036205530167, -0.05116751044988632, 0.08345037698745728, 0.9951974153518677),
            ["HumanoidRootPart"] = CFrame.new(0, 0, 0, 1, 0, 0, 0, 1, 0, 0, 0, 1),
            ["RightUpperLeg"] = CFrame.new(0, -7.916241884231567e-08, -5.571200745180249e-08, 0.8341642022132874, -0.499736487865448, 0.23331013321876526, 0.5304625034332275, 0.6112247705459595, -0.5873789191246033, 0.1509300023317337, 0.613732635974884, 0.774953305721283),
            ["LeftUpperArm"] = CFrame.new(0, -3.5762786865234375e-07, -8.568167686462402e-08, 0.7177316546440125, 0.6958775520324707, 0.02481289766728878, -0.599730372428894, 0.5996729731559753, 0.5298262238502502, 0.3538145422935486, -0.39515408873558044, 0.8477431535720825),
            ["RightLowerArm"] = CFrame.new(4.76837158203125e-07, 3.5762786865234375e-07, 2.086162567138672e-07, 1, -9.685758328714655e-08, 8.940700979565008e-08, 1.0430816388407038e-07, -0.2991492450237274, -0.9542064666748047, 1.3038520307873114e-07, 0.9542064666748047, -0.29914918541908264),
            ["LeftHand"] = CFrame.new(8.940696716308594e-08, 1.1920928955078125e-07, 1.0058283805847168e-07, 0.9592344760894775, 0.07783748209476471, 0.2716812491416931, -0.08939772099256516, 0.995531439781189, 0.030416756868362427, -0.26809966564178467, -0.05346451699733734, 0.9619064927101135),
            ["LeftFoot"] = CFrame.new(-4.7497451305389404e-08, 1.1920928955078125e-07, 1.471489667892456e-07, 0.9965132474899292, 0.02510875090956688, 0.07956778258085251, -0.01416428480297327, 0.9907118678092957, -0.13523899018764496, -0.08222445845603943, 0.13364030420780182, 0.9876130223274231),
            ["LowerTorso"] = CFrame.new(-0.03534415364265442, -0.09805750846862793, -0.10765343904495239, 0.0552905909717083, -0.18191523849964142, 0.9817585945129395, -0.10187574476003647, 0.9771032929420471, 0.1867900788784027, -0.9932594299316406, -0.11034513264894485, 0.03549186885356903),
            ["RightLowerLeg"] = CFrame.new(1.341104507446289e-07, 1.7881393432617188e-07, 3.894820110872388e-08, 0.9999589323997498, -0.0049551245756447315, 0.0075972964987158775, -0.0022175353951752186, 0.6786141991615295, 0.734491765499115, -0.008795136585831642, -0.734478235244751, 0.6785751581192017),
            ["LeftUpperLeg"] = CFrame.new(0, 4.842877388000488e-08, -6.51925802230835e-09, 0.9841570258140564, -0.15559788048267365, -0.08499560505151749, 0.08414012938737869, 0.8318514227867126, -0.5485835671424866, 0.15606209635734558, 0.5327407121658325, 0.8317643404006958),
            ["LeftLowerLeg"] = CFrame.new(2.7939677238464355e-09, -1.1920928955078125e-07, 1.955777406692505e-07, 0.9996833801269531, -0.019059916958212852, -0.016429807990789413, 0.02478718012571335, 0.8584051728248596, 0.5123723149299622, 0.004337664227932692, -0.5126180052757263, 0.8586062788963318),
        }},
        {Time = 0.219, Data = {
            ["RightFoot"] = CFrame.new(-1.862645149230957e-07, -4.76837158203125e-07, -5.790934665128589e-08, 0.9897462129592896, 0.14253020286560059, 0.009357535280287266, -0.14012785255908966, 0.9815866947174072, -0.12981460988521576, -0.027687646448612213, 0.12717239558696747, 0.9914941787719727),
            ["LeftLowerArm"] = CFrame.new(0, 1.7881393432617188e-07, 7.450580596923828e-08, 1, -8.940698137394065e-08, 1.8253925304634322e-07, 7.450581307466564e-08, -0.4803791046142578, -0.8770610094070435, 1.4901162614933128e-07, 0.8770610690116882, -0.4803791046142578),
            ["RightUpperArm"] = CFrame.new(0, -4.76837158203125e-07, -2.60770320892334e-07, 0.8138579726219177, -0.5681217908859253, 0.12195446342229843, 0.5689560174942017, 0.7365278601646423, -0.3658085763454437, 0.11800094693899155, 0.3671029508113861, 0.9226652979850769),
            ["Head"] = CFrame.new(-4.6566128730773926e-09, -4.76837158203125e-07, -2.4598557502031326e-07, 0.8431985378265381, 0.505548357963562, 0.18285831809043884, -0.48899102210998535, 0.8625640273094177, -0.12988948822021484, -0.22339245676994324, 0.020106542855501175, 0.9745212197303772),
            ["RightHand"] = CFrame.new(-4.400499165058136e-08, -2.384185791015625e-07, 5.364418029785156e-07, 0.9936733841896057, -0.06716220825910568, -0.09001453965902328, 0.04506057873368263, 0.9725639820098877, -0.22822973132133484, 0.1028733029961586, 0.22272969782352448, 0.9694372415542603),
            ["UpperTorso"] = CFrame.new(-6.868503987789154e-08, -5.960464477539063e-08, -3.026798367500305e-08, 0.9742364883422852, -0.21648438274860382, 0.06322886794805527, 0.22251150012016296, 0.9683606028556824, -0.11298761516809464, -0.036768317222595215, 0.12414572387933731, 0.9915825724601746),
            ["HumanoidRootPart"] = CFrame.new(0, 0, 0, 1, 0, 0, 0, 1, 0, 0, 0, 1),
            ["RightUpperLeg"] = CFrame.new(2.9802322387695312e-08, 2.71480530500412e-07, 4.487083060666919e-08, 0.7895575165748596, -0.6003826260566711, 0.12704282999038696, 0.5584150552749634, 0.6170393228530884, -0.5544684529304504, 0.25450292229652405, 0.5087271332740784, 0.822450578212738),
            ["LeftUpperArm"] = CFrame.new(0, -5.960464477539062e-07, -1.862645149230957e-07, 0.5921380519866943, 0.7789033055305481, 0.2065964937210083, -0.7521681785583496, 0.4422324001789093, 0.48854249715805054, 0.28916364908218384, -0.444679856300354, 0.8477287888526917),
            ["RightLowerArm"] = CFrame.new(8.642673492431641e-07, 2.980232238769531e-07, 0, 1, -8.376085247618903e-08, 5.681069836782626e-08, 1.6103153654967173e-07, -0.4103929400444031, -0.9119088649749756, 1.1955856393797148e-07, 0.9119088053703308, -0.4103929400444031),
            ["LeftHand"] = CFrame.new(-9.238719940185547e-07, 5.960464477539063e-08, -3.7997961044311523e-07, 0.9594486951828003, 0.07349322736263275, 0.27213412523269653, -0.08268287032842636, 0.99632328748703, 0.022440917789936066, -0.269484281539917, -0.044031765311956406, 0.9619976878166199),
            ["LeftFoot"] = CFrame.new(6.030313670635223e-08, -1.7881393432617188e-07, -6.332993507385254e-08, 0.9968593716621399, 0.005743326619267464, 0.07898388057947159, 0.006666780449450016, 0.9877400994300842, -0.1559648960828781, -0.07891126722097397, 0.15600180625915527, 0.9845996499061584),
            ["LowerTorso"] = CFrame.new(-0.02715831995010376, -0.14700746536254883, -0.129469633102417, 0.004818381741642952, -0.2202630192041397, 0.9754286408424377, -0.10730279982089996, 0.9696941375732422, 0.2194981724023819, -0.9942147135734558, -0.10572382062673569, -0.01896248199045658),
            ["RightLowerLeg"] = CFrame.new(-2.60770320892334e-08, -2.384185791015625e-07, 5.3849362302571535e-08, 0.9999644756317139, -0.008370153605937958, 0.0010062453802675009, 0.005958436522632837, 0.7861446142196655, 0.6180137395858765, -0.0059638977982103825, -0.6179859638214111, 0.7861667275428772),
            ["LeftUpperLeg"] = CFrame.new(0, -8.754432201385498e-08, -2.8870999813079834e-08, 0.9798535704612732, -0.170256569981575, -0.10440242290496826, 0.0598035529255867, 0.7488899827003479, -0.6599904894828796, 0.19055362045764923, 0.6404503583908081, 0.7439842820167542),
            ["LeftLowerLeg"] = CFrame.new(-1.909211277961731e-08, 2.384185791015625e-07, -3.725290298461914e-09, 0.9995530247688293, -0.02298796735703945, -0.019113974645733833, 0.029896268621087074, 0.7669323682785034, 0.6410313844680786, -0.00007689094491070136, -0.6413161754608154, 0.7672766447067261),
        }},
        {Time = 0.250, Data = {
            ["RightFoot"] = CFrame.new(-1.1955853551626205e-07, -5.960464477539063e-08, 6.455957191064954e-08, 0.9775710105895996, 0.20763589441776276, 0.03524564951658249, -0.20202380418777466, 0.971796452999115, -0.12164762616157532, -0.059510089457035065, 0.11179930716753006, 0.9919474124908447),
            ["LeftLowerArm"] = CFrame.new(1.1920928955078125e-07, 2.384185791015625e-07, -4.3213367462158203e-07, 1, -5.960463766996327e-08, 1.3224779138454323e-07, 5.960465188081798e-08, -0.5403743982315063, -0.8414246439933777, 1.788139627478813e-07, 0.8414247035980225, -0.5403743982315063),
            ["RightUpperArm"] = CFrame.new(0, 2.384185791015625e-07, -8.195638656616211e-08, 0.7329809069633484, -0.6660670042037964, 0.13818061351776123, 0.6451612710952759, 0.6162822842597961, -0.4516228437423706, 0.21565280854701996, 0.4201796352863312, 0.8814436793327332),
            ["Head"] = CFrame.new(9.96515154838562e-08, 3.5762786865234375e-07, -7.334165275096893e-08, 0.7972038388252258, 0.5615870952606201, 0.22155380249023438, -0.5308656692504883, 0.82685786485672, -0.18570898473262787, -0.287485271692276, 0.030432570725679398, 0.9573014378547668),
            ["RightHand"] = CFrame.new(1.1175870895385742e-07, -2.384185791015625e-07, -9.499490261077881e-08, 0.9936605095863342, -0.04417887330055237, -0.1033782884478569, 0.019171180203557014, 0.9726693630218506, -0.23140202462673187, 0.11077602952718735, 0.2279532253742218, 0.9673500061035156),
            ["UpperTorso"] = CFrame.new(1.862645149230957e-08, 2.682209014892578e-07, 1.3969838619232178e-07, 0.9747151136398315, -0.21183958649635315, 0.07109616696834564, 0.2196161150932312, 0.9668984413146973, -0.12990783154964447, -0.04122314602136612, 0.14223693311214447, 0.98897385597229),
            ["HumanoidRootPart"] = CFrame.new(0, 0, 0, 1, 0, 0, 0, 1, 0, 0, 0, 1),
            ["RightUpperLeg"] = CFrame.new(5.960464477539063e-08, 4.4424086809158325e-07, 1.2868986232206225e-07, 0.7447673082351685, -0.6671106219291687, 0.0168842114508152, 0.5638561248779297, 0.6155580878257751, -0.5505949258804321, 0.35691460967063904, 0.41958528757095337, 0.8346017599105835),
            ["LeftUpperArm"] = CFrame.new(5.960464477539063e-08, 2.384185791015625e-07, -5.21540641784668e-08, 0.48201507329940796, 0.8210368156433105, 0.3058757781982422, -0.8338958024978638, 0.3227749764919281, 0.4476988613605499, 0.2688482105731964, -0.4708660840988159, 0.840241551399231),
            ["RightLowerArm"] = CFrame.new(2.980232238769531e-07, 0, -8.940696716308594e-08, 1, -1.1920930376163597e-07, 6.705523247774181e-08, 8.568168397005138e-08, -0.4660263955593109, -0.8847708702087402, 1.3411046495548362e-07, 0.8847708702087402, -0.4660264551639557),
            ["LeftHand"] = CFrame.new(2.8312206268310547e-07, 1.1920928955078125e-07, 3.0174851417541504e-07, 0.9588175415992737, 0.06723042577505112, 0.27595096826553345, -0.07431195676326752, 0.9971181154251099, 0.015274174511432648, -0.27412891387939453, -0.03515161573886871, 0.9610503911972046),
            ["LeftFoot"] = CFrame.new(3.1548552215099335e-08, -1.1920928955078125e-07, 1.3783574104309082e-07, 0.9968899488449097, -0.006427610293030739, 0.0785449892282486, 0.02420707792043686, 0.9734600186347961, -0.22757373750209808, -0.07499764859676361, 0.22876721620559692, 0.9705879092216492),
