return {
    ["APT."] = {
        {Time = 0.000, Data = {
            ["RightFoot"] = CFrame.new(8.568167686462402e-08, -1.7881393432617188e-07, -2.0656443666666746e-08, 0.9609140157699585, 0.21335849165916443, -0.17641545832157135, -0.27422988414764404, 0.8209615349769592, -0.5008195638656616, 0.03797614201903343, 0.5296227931976318, 0.847382664680481),
            ["LeftLowerArm"] = CFrame.new(0.000001430511474609375, -3.5762786865234375e-07, 0.000004887580871582031, 1, 7.078052277620372e-08, -9.313227877782992e-08, -7.450581307466564e-08, 0.03557369485497475, -0.9993670582771301, -3.3527616238870905e-08, 0.9993671178817749, 0.03557371348142624),
            ["RightUpperArm"] = CFrame.new(-0.05660015344619751, 0.018129587173461914, 0.006068788468837738, 0.8991559743881226, -0.12132030725479126, -0.42047590017318726, 0.22184115648269653, 0.954567015171051, 0.19896842539310455, 0.37723344564437866, -0.2721826136112213, 0.8852184414863586),
            ["Head"] = CFrame.new(9.313225746154785e-09, -7.152557373046875e-07, -1.4901161193847656e-08, 0.48049551248550415, 0.10813739150762558, 0.8703048229217529, 0.1822672039270401, 0.958387017250061, -0.21971169114112854, -0.8578477501869202, 0.2641984522342682, 0.44079065322875977),
            ["RightHand"] = CFrame.new(3.129243850708008e-07, 8.344650268554688e-07, -7.040798664093018e-07, 0.2562853991985321, 0.14700451493263245, -0.9553571939468384, -0.23777295649051666, 0.967585563659668, 0.0851009413599968, 0.9369001984596252, 0.20534808933734894, 0.2829320430755615),
            ["UpperTorso"] = CFrame.new(-1.1175870895385742e-08, 0, 2.421438694000244e-08, 0.9688596129417419, -0.008371236734092236, -0.24746932089328766, -0.02034752629697323, 0.993356466293335, -0.11326450109481812, 0.24677352607250214, 0.11477282643318176, 0.962252676486969),
            ["HumanoidRootPart"] = CFrame.new(0, 0, 0, 1, 0, 0, 0, 1, 0, 0, 0, 1),
            ["RightUpperLeg"] = CFrame.new(8.940696716308594e-08, -8.568167686462402e-08, 5.790934665128589e-08, 0.779266893863678, -0.5029895305633545, -0.3738242983818054, 0.15111462771892548, 0.7297171950340271, -0.6668412685394287, 0.6082003116607666, 0.4631570279598236, 0.6446534991264343),
            ["LeftUpperArm"] = CFrame.new(0.004758715629577637, -0.008300423622131348, 0.005292542278766632, 0.989575982093811, 0.11773047596216202, 0.08293887227773666, -0.024751655757427216, 0.7063907980918884, -0.7073889970779419, -0.14186862111091614, 0.6979624032974243, 0.7019415497779846),
            ["RightLowerArm"] = CFrame.new(3.5762786865234375e-07, 2.384185791015625e-07, -0.0000040531158447265625, 1, -0.00000965595154411858, 0.000016923999282880686, 0.000018969178199768066, 0.2894706130027771, -0.9571869969367981, 0.000004325062036514282, 0.9571868777275085, 0.28947070240974426),
            ["LeftHand"] = CFrame.new(-0.0000016093254089355469, -0.0000011920928955078125, 2.9802322387695312e-08, 0.5604666471481323, -0.20958271622657776, 0.8012188076972961, 0.19830356538295746, 0.9732676148414612, 0.11587046831846237, -0.8040851354598999, 0.0939430519938469, 0.5870455503463745),
            ["LeftFoot"] = CFrame.new(3.725290298461914e-08, -1.1920928955078125e-07, 1.4901161193847656e-08, 0.9486024975776672, -0.27476271986961365, 0.1570315659046173, 0.3146021068096161, 0.8725593686103821, -0.37371841073036194, -0.034335486590862274, 0.4039129912853241, 0.9141530394554138),
            ["LowerTorso"] = CFrame.new(-0.18490654230117798, -0.311686635017395, 0.08888977766036987, 0.3273850381374359, 0.14962919056415558, -0.9329684376716614, -0.036818813532590866, 0.9886524081230164, 0.14563976228237152, 0.9441733956336975, -0.013329490087926388, 0.32917916774749756),
            ["RightLowerLeg"] = CFrame.new(7.450580596923828e-09, -0.0007264018058776855, 0.000045994129322934896, 1, 1.7043207378719671e-07, -1.4901166522918174e-08, -5.960464477539063e-08, 0.38706424832344055, 0.922052800655365, 1.4156103134155273e-07, -0.9220528602600098, 0.3870643675327301),
            ["LeftUpperLeg"] = CFrame.new(-5.960464477539063e-08, 7.82310962677002e-08, 4.470348358154297e-08, 0.9703546166419983, 0.18359556794166565, -0.1571771502494812, -0.24142338335514069, 0.7060284614562988, -0.6657618880271912, -0.0112592913210392, 0.683971107006073, 0.7294220328330994),
            ["LeftLowerLeg"] = CFrame.new(7.078051567077637e-08, -0.0007264614105224609, 0.00008093938231468201, 1, 4.470347647611561e-08, 6.705522537231445e-08, -8.940698137394065e-08, 0.5060562491416931, 0.8625002503395081, 8.195639367158947e-08, -0.8625005483627319, 0.5060566067695618),
        }},
        {Time = 0.033, Data = {
            ["RightFoot"] = CFrame.new(2.644956111907959e-07, -5.960464477539063e-08, 2.032174961641431e-08, 0.9589782953262329, 0.22172077000141144, -0.1766367256641388, -0.2829478979110718, 0.7867928743362427, -0.5485411882400513, 0.017353618517518044, 0.576018214225769, 0.8172527551651001),
            ["LeftLowerArm"] = CFrame.new(0.0000013709068298339844, -3.5762786865234375e-07, 0.000005066394805908203, 1, 3.5390254282674505e-08, -8.754432911928234e-08, -8.009374141693115e-08, -0.1083141565322876, -0.9941167831420898, -3.166496753692627e-08, 0.9941167235374451, -0.1083141565322876),
            ["RightUpperArm"] = CFrame.new(-0.054735779762268066, 0.020350933074951172, 0.00931214913725853, 0.908234715461731, -0.10796461254358292, -0.4042935371398926, 0.2832951843738556, 0.8697102069854736, 0.40416306257247925, 0.30798307061195374, -0.4816095530986786, 0.8204869627952576),
            ["Head"] = CFrame.new(5.820766091346741e-09, -5.960464477539062e-07, -4.656612873077393e-10, 0.4439626634120941, 0.07975172251462936, 0.8924891948699951, 0.25235193967819214, 0.944586992263794, -0.20993803441524506, -0.8597765564918518, 0.3184261620044708, 0.3992358446121216),
            ["RightHand"] = CFrame.new(1.8440186977386475e-07, 0.0000010728836059570312, -0.0000010505318641662598, 0.1982279121875763, 0.18181581795215607, -0.9631451368331909, -0.2908075451850891, 0.9493083357810974, 0.11935193836688995, 0.9360217452049255, 0.2564309537410736, 0.24105313420295715),
            ["UpperTorso"] = CFrame.new(3.073364496231079e-08, 1.1920928955078125e-07, 5.587935447692871e-08, 0.9607510566711426, 0.03725006803870201, -0.27489975094795227, -0.08153200894594193, 0.9850947260856628, -0.15146295726299286, 0.26516035199165344, 0.16793127357959747, 0.9494678974151611),
            ["HumanoidRootPart"] = CFrame.new(0, 0, 0, 1, 0, 0, 0, 1, 0, 0, 0, 1),
            ["RightUpperLeg"] = CFrame.new(5.960464477539063e-08, -1.62515789270401e-07, 5.790934665128589e-08, 0.7862120866775513, -0.5081884264945984, -0.3515893518924713, 0.09897421300411224, 0.6651647090911865, -0.7401083111763, 0.6099792718887329, 0.5470835566520691, 0.5732579231262207),
            ["LeftUpperArm"] = CFrame.new(0.006849944591522217, -0.013062357902526855, 0.008084136992692947, 0.986564576625824, 0.09728913009166718, 0.1312447488307953, 0.0546954944729805, 0.5602979063987732, -0.8264831900596619, -0.15394411981105804, 0.8225575685501099, 0.5474490523338318),
            ["RightLowerArm"] = CFrame.new(3.5762786865234375e-07, 4.172325134277344e-07, -0.0000037848949432373047, 1, -0.000005364417575037805, 0.000018700960936257616, 0.000018931923477794044, 0.05407167598605156, -0.9985371232032776, 0.000004366039775050012, 0.9985370635986328, 0.054071810096502304),
            ["LeftHand"] = CFrame.new(-0.0000014007091522216797, -0.0000013709068298339844, 1.4901161193847656e-07, 0.5145540833473206, -0.23976334929466248, 0.8232539296150208, 0.2348337024450302, 0.9628065228462219, 0.13362964987754822, -0.8246740102767944, 0.12456808984279633, 0.5517210364341736),
            ["LeftFoot"] = CFrame.new(6.705522537231445e-08, -1.1920928955078125e-07, -4.470348358154297e-08, 0.9340044856071472, -0.29557743668556213, 0.20067331194877625, 0.3557903468608856, 0.8204792737960815, -0.44746729731559753, -0.03238696977496147, 0.48933398723602295, 0.8714948892593384),
            ["LowerTorso"] = CFrame.new(-0.19665321707725525, -0.4053088426589966, 0.08905278146266937, 0.32887062430381775, 0.18217609822750092, -0.9266370534896851, 0.002937059151008725, 0.981015145778656, 0.1939091980457306, 0.9443705081939697, -0.06649261713027954, 0.3220919668674469),
            ["RightLowerLeg"] = CFrame.new(-1.7136335372924805e-07, -0.0007267594337463379, 0.0000461207891930826, 1, 1.415610881849716e-07, 4.470350489782504e-08, -8.940696716308594e-08, 0.2521314322948456, 0.9676929712295532, 1.341104507446289e-07, -0.9676930904388428, 0.2521318793296814),
            ["LeftUpperLeg"] = CFrame.new(-2.9802322387695312e-08, -1.5832483768463135e-07, 2.9802322387695312e-08, 0.951462984085083, 0.17497685551643372, -0.2531825304031372, -0.30755993723869324, 0.5704942345619202, -0.7615400552749634, 0.011187196709215641, 0.8024458289146423, 0.5966199040412903),
            ["LeftLowerLeg"] = CFrame.new(7.450580596923828e-09, -0.0007265210151672363, 0.00008099526166915894, 1, 7.450581307466564e-08, 7.450580596923828e-08, -1.1920930376163597e-07, 0.30245712399482727, 0.9531630277633667, 5.401671643312511e-08, -0.9531630277633667, 0.30245712399482727),
        }},
        {Time = 0.067, Data = {
            ["RightFoot"] = CFrame.new(1.6763806343078613e-07, 5.960464477539063e-08, 2.4047039914876223e-08, 0.9573818445205688, 0.2288854867219925, -0.17615726590156555, -0.2888156771659851, 0.7636365294456482, -0.5774468183517456, 0.0023510942701250315, 0.603714108467102, 0.7971974015235901),
            ["LeftLowerArm"] = CFrame.new(0.000001430511474609375, -4.172325134277344e-07, 0.000004678964614868164, 1, 3.725290298461914e-09, -1.0058285937475375e-07, -7.264316792543468e-08, -0.22608594596385956, -0.9741074442863464, -1.4901162970204496e-08, 0.9741073846817017, -0.22608597576618195),
            ["RightUpperArm"] = CFrame.new(-0.05345809459686279, 0.022995591163635254, 0.010792471468448639, 0.9100159406661987, -0.1048954427242279, -0.40108367800712585, 0.31655794382095337, 0.8005232214927673, 0.5088751316070557, 0.2676980793476105, -0.5900503993034363, 0.7616941928863525),
            ["Head"] = CFrame.new(-1.5366822481155396e-08, -7.152557373046875e-07, 6.05359673500061e-09, 0.4314457178115845, 0.047571998089551926, 0.9008837342262268, 0.2992398738861084, 0.934525728225708, -0.19265873730182648, -0.851064145565033, 0.3527018427848816, 0.38896146416664124),
            ["RightHand"] = CFrame.new(5.541369318962097e-07, 0.0000011324882507324219, -7.348135113716125e-07, 0.1674390435218811, 0.19479094445705414, -0.9664474725723267, -0.3216279149055481, 0.9374471306800842, 0.13322316110134125, 0.9319440722465515, 0.2885298728942871, 0.21961577236652374),
            ["UpperTorso"] = CFrame.new(2.9802322387695312e-08, 0, -1.7695128917694092e-08, 0.9555894136428833, 0.07958943396806717, -0.28375035524368286, -0.13106662034988403, 0.9771531820297241, -0.16731196641921997, 0.2639513313770294, 0.19707174599170685, 0.9441887736320496),
            ["HumanoidRootPart"] = CFrame.new(0, 0, 0, 1, 0, 0, 0, 1, 0, 0, 0, 1),
            ["RightUpperLeg"] = CFrame.new(-2.9802322387695312e-08, -1.4808028936386108e-07, 2.438173396512866e-08, 0.7922990918159485, -0.50360506772995, -0.3444475829601288, 0.0608895905315876, 0.6269909143447876, -0.7766434550285339, 0.6070870757102966, 0.5943605303764343, 0.5274285078048706),
            ["LeftUpperArm"] = CFrame.new(0.008374810218811035, -0.016639232635498047, 0.009116049855947495, 0.9841771721839905, 0.08689326792955399, 0.15441827476024628, 0.094566710293293, 0.479405015707016, -0.8724839091300964, -0.14984185993671417, 0.8732814192771912, 0.4636020064353943),
            ["RightLowerArm"] = CFrame.new(4.76837158203125e-07, 4.172325134277344e-07, -0.000003725290298461914, 1, -0.000002950429461634485, 0.00001925975811900571, 0.000019013883502339013, -0.07588452845811844, -0.9971166849136353, 0.0000043511395233508665, 0.9971166849136353, -0.075884610414505),
            ["LeftHand"] = CFrame.new(-0.0000015795230865478516, -0.0000012516975402832031, 1.1920928955078125e-07, 0.4700554311275482, -0.26477739214897156, 0.8419860005378723, 0.2914806008338928, 0.9469923377037048, 0.13507378101348877, -0.8331189155578613, 0.18193040788173676, 0.5223166942596436),
            ["LeftFoot"] = CFrame.new(7.450580596923828e-09, -1.7881393432617188e-07, 1.4901161193847656e-08, 0.9204972386360168, -0.31426894664764404, 0.23220667243003845, 0.38985949754714966, 0.7787246108055115, -0.49152591824531555, -0.02635381370782852, 0.5429762005805969, 0.8393344879150391),
            ["LowerTorso"] = CFrame.new(-0.20238728821277618, -0.4738304615020752, 0.08890257775783539, 0.3288193643093109, 0.19634899497032166, -0.923755943775177, 0.039447832852602005, 0.9744386076927185, 0.22116367518901825, 0.9435687065124512, -0.10916305333375931, 0.31266871094703674),
            ["RightLowerLeg"] = CFrame.new(-2.9802322387695312e-08, -0.0007263422012329102, 0.00004611333861248568, 1, 1.1175875158642157e-07, 5.96046660916727e-08, -1.3411042232291948e-07, 0.16459599137306213, 0.9863611459732056, 1.1920926112907182e-07, -0.9863611459732056, 0.16459615528583527),
            ["LeftUpperLeg"] = CFrame.new(5.960464477539063e-08, -1.30385160446167e-07, 5.21540641784668e-08, 0.930083155632019, 0.16562974452972412, -0.3278903663158417, -0.3666032552719116, 0.4753534495830536, -0.7997757792472839, 0.02339726686477661, 0.8640636205673218, 0.502838671207428),
            ["LeftLowerLeg"] = CFrame.new(0, -0.0007264614105224609, 0.00008105486631393433, 1, 8.940696716308594e-08, 8.940696716308594e-08, -1.1920930376163597e-07, 0.15837380290031433, 0.987379252910614, 7.078052277620372e-08, -0.987379252910614, 0.15837377309799194),
        }},
        {Time = 0.100, Data = {
            ["RightFoot"] = CFrame.new(1.8998980522155762e-07, -5.960464477539063e-08, 1.1345400707796216e-07, 0.9589658975601196, 0.2221129685640335, -0.17621035873889923, -0.2831932008266449, 0.7802922129631042, -0.5576251149177551, 0.013640165328979492, 0.58464515209198, 0.8111746311187744),
            ["LeftLowerArm"] = CFrame.new(0.0000012516975402832031, -1.1920928955078125e-07, 0.000004976987838745117, 1, -1.862644971595273e-08, -7.450581307466564e-08, -6.891786341611805e-08, -0.2972356677055359, -0.9548042416572571, -1.1175869119028903e-08, 0.9548041224479675, -0.2972356081008911),
            ["RightUpperArm"] = CFrame.new(-0.053466737270355225, 0.01856851577758789, 0.008567556738853455, 0.9136031866073608, -0.11026259511709213, -0.39137113094329834, 0.3090222179889679, 0.8138573169708252, 0.4920792281627655, 0.26426249742507935, -0.5705073475837708, 0.777616024017334),
            ["Head"] = CFrame.new(-2.3283064365386963e-10, -3.5762786865234375e-07, -2.2817403078079224e-08, 0.4298833906650543, 0.021028617396950722, 0.9026394486427307, 0.28819748759269714, 0.944235622882843, -0.15925233066082, -0.8556533455848694, 0.3285983204841614, 0.39985087513923645),
            ["RightHand"] = CFrame.new(1.341104507446289e-07, 0.0000012516975402832031, -8.237548172473907e-07, 0.1838083416223526, 0.19411177933216095, -0.9636052250862122, -0.3352247476577759, 0.9339174628257751, 0.1241871640086174, 0.924034059047699, 0.3001978397369385, 0.23673319816589355),
            ["UpperTorso"] = CFrame.new(-7.450580596923828e-09, -2.086162567138672e-07, -8.66129994392395e-08, 0.9575883746147156, 0.09076198935508728, -0.2734718918800354, -0.13761229813098907, 0.9779152274131775, -0.15730522572994232, 0.25315478444099426, 0.1882665753364563, 0.9489301443099976),
            ["HumanoidRootPart"] = CFrame.new(0, 0, 0, 1, 0, 0, 0, 1, 0, 0, 0, 1),
            ["RightUpperLeg"] = CFrame.new(0, -5.513429641723633e-07, -1.3953103916719556e-07, 0.8000317811965942, -0.478668212890625, -0.3616991937160492, 0.05446590855717659, 0.6583311557769775, -0.7507555484771729, 0.5974803566932678, 0.5809276700019836, 0.5527566075325012),
            ["LeftUpperArm"] = CFrame.new(0.008411645889282227, -0.022117018699645996, 0.006989389657974243, 0.9833552241325378, 0.0909307450056076, 0.15730248391628265, 0.08899484574794769, 0.5137435793876648, -0.8533156514167786, -0.15840567648410797, 0.8531114459037781, 0.497099906206131),
            ["RightLowerArm"] = CFrame.new(2.682209014892578e-07, 4.76837158203125e-07, -0.000003635883331298828, 1, -0.000004306435130274622, 0.000018984086636919528, 0.00001896917456178926, -0.004907089751213789, -0.9999880194664001, 0.000004425643965078052, 0.9999880194664001, -0.0049071405082941055),
            ["LeftHand"] = CFrame.new(-0.0000015273690223693848, -9.5367431640625e-07, 3.427267074584961e-07, 0.4408933222293854, -0.2580961287021637, 0.8596503734588623, 0.3588431477546692, 0.9285767078399658, 0.09474842250347137, -0.8227057456970215, 0.2667056918144226, 0.5020199418067932),
            ["LeftFoot"] = CFrame.new(7.450580596923828e-09, -1.1920928955078125e-07, -2.9802322387695312e-08, 0.9219300150871277, -0.3097112774848938, 0.23264573514461517, 0.38587796688079834, 0.7867456674575806, -0.4817979633808136, -0.03381463512778282, 0.5339570641517639, 0.8448353409767151),
            ["LowerTorso"] = CFrame.new(-0.19966033101081848, -0.4452892541885376, 0.0897216647863388, 0.3199535310268402, 0.1856936365365982, -0.9290574789047241, 0.048051755875349045, 0.9761621356010437, 0.21165694296360016, 0.9462139010429382, -0.11236322671175003, 0.3034036159515381),
            ["RightLowerLeg"] = CFrame.new(4.470348358154297e-08, -0.0007265806198120117, 0.00004601648106472567, 1, 1.6577546091411932e-07, 4.4703497792397684e-08, -1.0430809993522416e-07, 0.21885253489017487, 0.9757579565048218, 1.2665984172599565e-07, -0.9757579565048218, 0.21885259449481964),
            ["LeftUpperLeg"] = CFrame.new(-5.960464477539063e-08, -1.8998980522155762e-07, -8.940696716308594e-08, 0.9296383261680603, 0.18397513031959534, -0.3192581534385681, -0.3680398464202881, 0.5056235194206238, -0.780315101146698, 0.017865750938653946, 0.8429104685783386, 0.5377570986747742),
            ["LeftLowerLeg"] = CFrame.new(-4.0978193283081055e-08, -0.0007265210151672363, 0.0000810474157333374, 1, 5.215405707303944e-08, 2.980232949312267e-08, -1.1920927533992653e-07, 0.1984710842370987, 0.9801067113876343, 1.4901159417490817e-08, -0.9801068305969238, 0.19847126305103302),
        }},
        {Time = 0.133, Data = {
            ["RightFoot"] = CFrame.new(1.564621925354004e-07, -5.960464477539063e-08, 8.737697498872876e-08, 0.9615588188171387, 0.2106270045042038, -0.17618434131145477, -0.27213409543037415, 0.8167076706886292, -0.5088534951210022, 0.03671294450759888, 0.5372382402420044, 0.8426311612129211),
            ["LeftLowerArm"] = CFrame.new(0.0000013709068298339844, 0, 0.0000050961971282958984, 1, 1.1175870895385742e-08, -8.381903171539307e-08, -6.891787762697277e-08, -0.25812700390815735, -0.9661110639572144, -2.6077035641947077e-08, 0.9661110043525696, -0.2581269145011902),
            ["RightUpperArm"] = CFrame.new(-0.05533653497695923, 0.01843392848968506, 0.00429365411400795, 0.924350380897522, -0.12022839486598969, -0.3621072471141815, 0.2828887701034546, 0.8528024554252625, 0.438978374004364, 0.2560283839702606, -0.5082058310508728, 0.8222993612289429),
            ["Head"] = CFrame.new(-2.1653249859809875e-08, -7.152557373046875e-07, 1.7695128917694092e-08, 0.4398896396160126, -0.014334181323647499, 0.8979374170303345, 0.2625889480113983, 0.958227813243866, -0.11334294825792313, -0.858803927898407, 0.28564679622650146, 0.4252784848213196),
            ["RightHand"] = CFrame.new(4.931353032588959e-07, 0.0000010728836059570312, -7.35744833946228e-07, 0.22893863916397095, 0.18450339138507843, -0.9557958245277405, -0.3364526331424713, 0.9363585114479065, 0.10016200691461563, 0.9134476780891418, 0.2986491620540619, 0.27644556760787964),
            ["UpperTorso"] = CFrame.new(-2.9802322387695312e-08, 5.960464477539063e-08, 1.862645149230957e-09, 0.965164840221405, 0.08547808229923248, -0.24728631973266602, -0.12173871695995331, 0.9833033680915833, -0.1352565735578537, 0.23159591853618622, 0.16064918041229248, 0.959455668926239),
            ["HumanoidRootPart"] = CFrame.new(0, 0, 0, 1, 0, 0, 0, 1, 0, 0, 0, 1),
            ["RightUpperLeg"] = CFrame.new(5.960464477539063e-08, 1.9837170839309692e-07, 4.6733475755900145e-08, 0.8140465617179871, -0.4406944513320923, -0.3783075511455536, 0.0672307163476944, 0.7184772491455078, -0.6922938227653503, 0.5768953561782837, 0.5381253957748413, 0.614501953125),
            ["LeftUpperArm"] = CFrame.new(0.006657540798187256, -0.024804115295410156, 0.003008149564266205, 0.9815879464149475, 0.10516086220741272, 0.15945661067962646, 0.06467641890048981, 0.6025075912475586, -0.7954882383346558, -0.17972798645496368, 0.7911547422409058, 0.5846127271652222),
            ["RightLowerArm"] = CFrame.new(4.470348358154297e-07, 4.76837158203125e-07, -0.000004172325134277344, 1, -0.000007212161108327564, 0.000018090011508320458, 0.000018961727619171143, 0.15321624279022217, -0.9881926774978638, 0.000004336237907409668, 0.9881926774978638, 0.15321624279022217),
            ["LeftHand"] = CFrame.new(-0.0000015944242477416992, -7.748603820800781e-07, 5.066394805908203e-07, 0.4418841600418091, -0.23494727909564972, 0.86575847864151, 0.3940531611442566, 0.9178359508514404, 0.0479547493159771, -0.8058911561965942, 0.31996437907218933, 0.49815917015075684),
            ["LeftFoot"] = CFrame.new(2.2351741790771484e-08, -5.960464477539063e-08, 0, 0.9273121953010559, -0.29292064905166626, 0.23300102353096008, 0.36967000365257263, 0.8142590522766113, -0.4475780725479126, -0.05861843004822731, 0.5011783242225647, 0.8633564710617065),
            ["LowerTorso"] = CFrame.new(-0.19166876375675201, -0.37180590629577637, 0.0869918018579483, 0.29677844047546387, 0.16323964297771454, -0.9408907890319824, 0.0424247570335865, 0.9820546507835388, 0.18376311659812927, 0.9540035128593445, -0.09445400536060333, 0.2845272719860077),
            ["RightLowerLeg"] = CFrame.new(-1.862645149230957e-07, -0.0007262229919433594, 0.000046009030484128743, 1, 1.3608955384825094e-07, 2.2351747119842003e-08, -5.960463766996327e-08, 0.3425094783306122, 0.9395143389701843, 1.639127589214695e-07, -0.9395143985748291, 0.3425096869468689),
            ["LeftUpperLeg"] = CFrame.new(-5.960464477539063e-08, 1.4528632164001465e-07, 2.9802322387695312e-08, 0.9397708177566528, 0.2109256386756897, -0.2689632177352905, -0.34168708324432373, 0.6004138588905334, -0.723016619682312, 0.008986428380012512, 0.7713711857795715, 0.636322021484375),
            ["LeftLowerLeg"] = CFrame.new(1.2293457984924316e-07, -0.0007267594337463379, 0.00008105020970106125, 1, 3.725289587919178e-08, 7.4505820180093e-08, -7.450579175838357e-08, 0.3258534371852875, 0.9454203248023987, 8.98726071341116e-08, -0.9454203248023987, 0.3258536159992218),
        }},
        {Time = 0.167, Data = {
            ["RightFoot"] = CFrame.new(1.825392246246338e-07, -5.960464477539063e-08, -5.418405635282397e-08, 0.9634205102920532, 0.2025386244058609, -0.17549671232700348, -0.26152387261390686, 0.8535623550415039, -0.450595885515213, 0.058534301817417145, 0.4800100028514862, 0.875308096408844),
            ["LeftLowerArm"] = CFrame.new(9.834766387939453e-07, 1.1920928955078125e-07, 0.000004589557647705078, 1, 5.494803190231323e-08, -9.778888454547996e-08, -7.82310962677002e-08, -0.13778741657733917, -0.9904618859291077, -5.587935447692871e-09, 0.9904618263244629, -0.13778728246688843),
            ["RightUpperArm"] = CFrame.new(-0.05802285671234131, 0.02550065517425537, -0.001499570906162262, 0.933784544467926, -0.13308371603488922, -0.3321676552295685, 0.24729451537132263, 0.9109325408935547, 0.3302233815193176, 0.2586348354816437, -0.39050057530403137, 0.8835254311561584),
            ["Head"] = CFrame.new(-7.450580596923828e-09, -7.152557373046875e-07, 6.51925802230835e-09, 0.46209028363227844, -0.06055976077914238, 0.8847628235816956, 0.23220308125019073, 0.9711223244667053, -0.05480333790183067, -0.8558939099311829, 0.23076865077018738, 0.4628080427646637),
            ["RightHand"] = CFrame.new(2.849847078323364e-07, 7.748603820800781e-07, -8.530914783477783e-07, 0.2853989005088806, 0.16677767038345337, -0.9437862634658813, -0.3191022276878357, 0.9450935125350952, 0.07051298022270203, 0.90372633934021, 0.28104016184806824, 0.322948157787323),
            ["UpperTorso"] = CFrame.new(0, -5.960464477539063e-08, 3.073364496231079e-08, 0.9756561517715454, 0.06702443212270737, -0.20881317555904388, -0.08786749094724655, 0.9918574094772339, -0.09218668192625046, 0.20093418657779694, 0.10829035937786102, 0.9736009240150452),
            ["HumanoidRootPart"] = CFrame.new(0, 0, 0, 1, 0, 0, 0, 1, 0, 0, 0, 1),
            ["RightUpperLeg"] = CFrame.new(0, -3.119930624961853e-08, -4.267349140718579e-08, 0.8300634026527405, -0.40984952449798584, -0.3781775236129761, 0.10564008355140686, 0.7814221978187561, -0.6149957180023193, 0.5475719571113586, 0.4705345332622528, 0.6919263601303101),
            ["LeftUpperArm"] = CFrame.new(0.004142045974731445, -0.02124786376953125, -0.002347555011510849, 0.9787287712097168, 0.12609384953975677, 0.1618345081806183, 0.022578539326786995, 0.7178323268890381, -0.6958499550819397, -0.20391243696212769, 0.6847022175788879, 0.6997159719467163),
            ["RightLowerArm"] = CFrame.new(4.76837158203125e-07, 2.980232238769531e-07, -0.000003993511199951172, 1, -0.000010162591934204102, 0.000016598034562775865, 0.00001897662878036499, 0.3172699213027954, -0.9483354091644287, 0.0000043138861656188965, 0.9483353495597839, 0.31726986169815063),
            ["LeftHand"] = CFrame.new(-0.0000015422701835632324, -0.000001430511474609375, 1.4901161193847656e-07, 0.47136756777763367, -0.20489372313022614, 0.8578057289123535, 0.371023952960968, 0.9284510612487793, 0.0178888738155365, -0.8000961542129517, 0.30983415246009827, 0.5136627554893494),
            ["LeftFoot"] = CFrame.new(-1.4901161193847656e-07, -1.1920928955078125e-07, -2.9802322387695312e-08, 0.9336302876472473, -0.2728290557861328, 0.23216137290000916, 0.34755954146385193, 0.8468967080116272, -0.40245291590690613, -0.086815744638443, 0.45643219351768494, 0.8855128288269043),
            ["LowerTorso"] = CFrame.new(-0.18064074218273163, -0.2930842638015747, 0.07875765860080719, 0.26389825344085693, 0.12358743697404861, -0.9566001892089844, 0.02420664019882679, 0.9905965328216553, 0.13465748727321625, 0.9642467498779297, -0.05869195610284805, 0.2584250271320343),
            ["RightLowerLeg"] = CFrame.new(2.086162567138672e-07, -0.0007264018058776855, 0.000046165492676664144, 1, 1.4528635006172408e-07, 5.215408194203519e-08, -7.450579886381092e-08, 0.4723441004753113, 0.8814141154289246, 1.4156101713069802e-07, -0.8814143538475037, 0.472344309091568),
            ["LeftUpperLeg"] = CFrame.new(0, 3.5390257835388184e-08, 3.725290298461914e-08, 0.9541299343109131, 0.2286057472229004, -0.19332754611968994, -0.2993699610233307, 0.7204870581626892, -0.6255207657814026, -0.0037077805027365685, 0.6547043323516846, 0.7558758854866028),
            ["LeftLowerLeg"] = CFrame.new(-6.146728992462158e-08, -0.0007263422012329102, 0.0000810474157333374, 1, 6.705522537231445e-08, 0, -6.705522537231445e-08, 0.4791722893714905, 0.877720832824707, 1.1175870895385742e-08, -0.8777208924293518, 0.4791722595691681),
        }},
        {Time = 0.200, Data = {
            ["RightFoot"] = CFrame.new(1.6391277313232422e-07, -1.1920928955078125e-07, 6.129994289949536e-08, 0.9647132158279419, 0.19776098430156708, -0.17383667826652527, -0.252622127532959, 0.8813176155090332, -0.3993263244628906, 0.07423408329486847, 0.42915013432502747, 0.9001773595809937),
            ["LeftLowerArm"] = CFrame.new(0.000001341104507446289, -5.960464477539063e-08, 0.0000047907233238220215, 1, 5.960463766996327e-08, -3.725290653733282e-08, -9.685756197086448e-08, 0.09814584255218506, -0.9951720833778381, -9.685756197086448e-08, 0.9951720237731934, 0.09814579784870148),
            ["RightUpperArm"] = CFrame.new(-0.06083810329437256, 0.033358097076416016, -0.01305104698985815, 0.9399170279502869, -0.1476718634366989, -0.30781322717666626, 0.19617320597171783, 0.9715157151222229, 0.13294081389904022, 0.2794138193130493, -0.18533799052238464, 0.94211345911026),
            ["Head"] = CFrame.new(1.3969838619232178e-08, -5.960464477539062e-07, 1.30385160446167e-08, 0.5055436491966248, -0.10091252624988556, 0.8568794131278992, 0.2056916356086731, 0.97859787940979, -0.006107456982135773, -0.837924063205719, 0.17934031784534454, 0.5154807567596436),
            ["RightHand"] = CFrame.new(7.078051567077637e-08, 8.940696716308594e-07, -6.109476089477539e-07, 0.34867823123931885, 0.13984842598438263, -0.9267500638961792, -0.2838466465473175, 0.9581248164176941, 0.037789225578308105, 0.8932271003723145, 0.24987870454788208, 0.37377312779426575),
            ["UpperTorso"] = CFrame.new(5.587935447692871e-09, 8.940696716308594e-08, 1.1175870895385742e-08, 0.9876760244369507, 0.043818455189466476, -0.15025368332862854, -0.04224750027060509, 0.9990141987800598, 0.013633077032864094, 0.15070287883281708, -0.007117191329598427, 0.988553524017334),
            ["HumanoidRootPart"] = CFrame.new(0, 0, 0, 1, 0, 0, 0, 1, 0, 0, 0, 1),
            ["RightUpperLeg"] = CFrame.new(-2.9802322387695312e-08, 8.824281394481659e-08, -1.287116901949048e-08, 0.8507006168365479, -0.38565516471862793, -0.3571813106536865, 0.17482420802116394, 0.8484001755714417, -0.4996534287929535, 0.49572670459747314, 0.3626115918159485, 0.7891564965248108),
            ["LeftUpperArm"] = CFrame.new(0.0014442801475524902, -0.015658140182495117, -0.013154309242963791, 0.975108802318573, 0.1526951938867569, 0.16077032685279846, -0.03771865367889404, 0.8287478685379028, -0.5583496689796448, -0.21849532425403595, 0.5383875370025635, 0.8138787150382996),
            ["RightLowerArm"] = CFrame.new(3.5762786865234375e-07, 2.384185791015625e-07, -0.0000037550926208496094, 1, -0.000013127924830769189, 0.000014347491742228158, 0.00001895800232887268, 0.4941372573375702, -0.8693839907646179, 0.000004306435585021973, 0.8693839907646179, 0.4941371977329254),
            ["LeftHand"] = CFrame.new(-0.0000013709068298339844, -0.0000010728836059570312, 2.086162567138672e-07, 0.5400932431221008, -0.14364877343177795, 0.8292549252510071, 0.19047825038433075, 0.9806219935417175, 0.04581119120121002, -0.819766640663147, 0.13321295380592346, 0.5569897294044495),
            ["LeftFoot"] = CFrame.new(3.725290298461914e-08, -1.1920928955078125e-07, 5.960464477539063e-08, 0.9383629560470581, -0.2574966847896576, 0.230587437748909, 0.32853978872299194, 0.8717357516288757, -0.3635084927082062, -0.10740918666124344, 0.41686004400253296, 0.9026023745536804),
            ["LowerTorso"] = CFrame.new(-0.16305497288703918, -0.23112010955810547, 0.0687800720334053, 0.21698004007339478, 0.030475370585918427, -0.9757001996040344, 0.003623993368819356, 0.9994806051254272, 0.032024044543504715, 0.9761693477630615, -0.010484511032700539, 0.2167568951845169),
            ["RightLowerLeg"] = CFrame.new(8.195638656616211e-08, -0.0007265210151672363, 0.00004610588803188875, 1, 1.1175876579727628e-07, 0, -4.4703490686970326e-08, 0.5734401345252991, 0.8192475438117981, 1.3411046495548362e-07, -0.8192476034164429, 0.5734400153160095),
            ["LeftUpperLeg"] = CFrame.new(0, -2.7939677238464355e-09, 2.60770320892334e-08, 0.9649475812911987, 0.24047061800956726, -0.1051194816827774, -0.26159802079200745, 0.8492034673690796, -0.4587157666683197, -0.021039817482233047, 0.4701356887817383, 0.8823433518409729),
            ["LeftLowerLeg"] = CFrame.new(-2.3283064365386963e-08, -0.0007266998291015625, 0.00008108094334602356, 1, 1.043081283569336e-07, 7.450579886381092e-08, -6.705522537231445e-08, 0.6133838891983032, 0.7897849678993225, 7.450580596923828e-09, -0.7897849678993225, 0.6133838891983032),
        }},
        {Time = 0.233, Data = {
            ["RightFoot"] = CFrame.new(1.6763806343078613e-07, -5.960464477539063e-08, 1.6952981241047382e-09, 0.9646219611167908, 0.19918401539325714, -0.17271406948566437, -0.25149983167648315, 0.8917316794395447, -0.37624794244766235, 0.07907211035490036, 0.40637457370758057, 0.9102786779403687),
            ["LeftLowerArm"] = CFrame.new(0.0000011324882507324219, -7.152557373046875e-07, 0.000004753470420837402, 1, 7.08969309926033e-08, -2.0489103746967885e-08, -6.705523247774181e-08, 0.34589654207229614, -0.9382727742195129, -5.960465188081798e-08, 0.9382726550102234, 0.34589657187461853),
            ["RightUpperArm"] = CFrame.new(-0.06435507535934448, 0.03884243965148926, -0.025421278551220894, 0.9412359595298767, -0.16668793559074402, -0.29375147819519043, 0.13327400386333466, 0.9824559688568115, -0.13045497238636017, 0.31034335494041443, 0.08363940566778183, 0.9469380378723145),
            ["Head"] = CFrame.new(1.3969838619232178e-09, -5.960464477539062e-07, -2.7939677238464355e-09, 0.5615583062171936, -0.1260141134262085, 0.8177852034568787, 0.17921297252178192, 0.9833983182907104, 0.02847137860953808, -0.8077963590621948, 0.1305692344903946, 0.574819028377533),
            ["RightHand"] = CFrame.new(4.470348358154297e-08, 0.0000011324882507324219, -0.0000010058283805847168, 0.410119891166687, 0.1055397316813469, -0.9059042930603027, -0.22826315462589264, 0.9735472202301025, 0.010081196203827858, 0.8830048441886902, 0.20265038311481476, 0.42336246371269226),
            ["UpperTorso"] = CFrame.new(1.3271346688270569e-08, 4.76837158203125e-07, 1.955777406692505e-08, 0.9959930181503296, 0.016179874539375305, -0.08795565366744995, -0.005066988989710808, 0.9921275973320007, 0.12512923777103424, 0.08928769826889038, -0.12418211251497269, 0.9882340431213379),
            ["HumanoidRootPart"] = CFrame.new(0, 0, 0, 1, 0, 0, 0, 1, 0, 0, 0, 1),
            ["RightUpperLeg"] = CFrame.new(2.9802322387695312e-08, 1.41095370054245e-07, -1.287116901949048e-08, 0.8692887425422668, -0.38237735629081726, -0.3132488429546356, 0.24365773797035217, 0.8828483819961548, -0.401509553194046, 0.43007928133010864, 0.2727019488811493, 0.8606191277503967),
            ["LeftUpperArm"] = CFrame.new(-0.0017108917236328125, -0.01655101776123047, -0.024573497474193573, 0.9689487814903259, 0.18614324927330017, 0.16275441646575928, -0.11134036630392075, 0.9161821007728577, -0.38498547673225403, -0.22077517211437225, 0.3549099564552307, 0.9084587097167969),
            ["RightLowerArm"] = CFrame.new(1.7881393432617188e-07, 4.172325134277344e-07, -0.000003606081008911133, 1, -0.00001578033152327407, 0.000011399391041777562, 0.0000189589354704367, 0.6607784628868103, -0.7505809664726257, 0.000004322268523537787, 0.7505810856819153, 0.6607784628868103),
            ["LeftHand"] = CFrame.new(-0.0000012665987014770508, -0.0000013113021850585938, 8.568167686462402e-08, 0.5722364187240601, -0.07904741913080215, 0.8162696957588196, 0.15068867802619934, 0.9885316491127014, -0.009909330867230892, -0.8061255216598511, 0.1286732405424118, 0.5775859951972961),
            ["LeftFoot"] = CFrame.new(1.043081283569336e-07, -1.1920928955078125e-07, 1.4901161193847656e-08, 0.9413416981697083, -0.24811360239982605, 0.2287258505821228, 0.31705063581466675, 0.8823865056037903, -0.34766820073127747, -0.11556360125541687, 0.3997921645641327, 0.909291684627533),
            ["LowerTorso"] = CFrame.new(-0.14323806762695312, -0.20256996154785156, 0.05672197788953781, 0.16689620912075043, -0.06890688836574554, -0.9835637807846069, -0.01889556087553501, 0.9971482157707214, -0.0730648934841156, 0.98579341173172, 0.030779240652918816, 0.1651182323694229),
            ["RightLowerLeg"] = CFrame.new(-7.450580596923828e-09, -0.0007262229919433594, 0.00004606118454830721, 1, 1.1548404188488348e-07, -7.450582373280668e-09, -1.4901161193847656e-08, 0.6107853055000305, 0.791796088218689, 1.341104507446289e-07, -0.7917963862419128, 0.6107854843139648),
            ["LeftUpperLeg"] = CFrame.new(2.9802322387695312e-08, 2.4028122425079346e-07, 2.60770320892334e-08, 0.9708173274993896, 0.23866456747055054, -0.023517664521932602, -0.23506546020507812, 0.9275511503219604, -0.2905051112174988, -0.047519247978925705, 0.2875555157661438, 0.9565844535827637),
            ["LeftLowerLeg"] = CFrame.new(-2.421438694000244e-08, -0.0007266998291015625, 0.00008095800876617432, 1, 9.685754776000977e-08, 2.2351738238057806e-08, -2.980232594040899e-08, 0.6911742091178894, 0.7226883172988892, 0, -0.7226881980895996, 0.6911742091178894),
        }},
        {Time = 0.267, Data = {
            ["RightFoot"] = CFrame.new(2.1979212760925293e-07, -5.960464477539063e-08, 2.032174961641431e-08, 0.9633074402809143, 0.2051144242286682, -0.17311008274555206, -0.25703033804893494, 0.8907198309898376, -0.37490543723106384, 0.07729385048151016, 0.4056432247161865, 0.910757303237915),
            ["LeftLowerArm"] = CFrame.new(0.0000015497207641601562, -2.384185791015625e-07, 0.000004976987838745117, 1, 1.043081283569336e-07, -7.450581485102248e-09, -9.173528781047935e-08, 0.5322437882423401, -0.8465911746025085, -9.313227167240257e-08, 0.8465911746025085, 0.5322437882423401),
            ["RightUpperArm"] = CFrame.new(-0.06848084926605225, 0.04518330097198486, -0.03499921038746834, 0.9368475675582886, -0.18966737389564514, -0.2938419580459595, 0.06775319576263428, 0.9226853251457214, -0.37955424189567566, 0.3431124985218048, 0.3356754183769226, 0.8772660493850708),
            ["Head"] = CFrame.new(1.862645149230957e-09, -8.344650268554688e-07, 4.284083843231201e-08, 0.6172106862068176, -0.14175403118133545, 0.7739232182502747, 0.1458418369293213, 0.9872025847434998, 0.06450864672660828, -0.7731630802154541, 0.07305475324392319, 0.6299853324890137),
            ["RightHand"] = CFrame.new(2.8312206268310547e-07, 0.000001430511474609375, -0.0000011622905731201172, 0.45701462030410767, 0.09164630621671677, -0.884725034236908, -0.1937878280878067, 0.981042206287384, 0.0015203007496893406, 0.8680921196937561, 0.1707543283700943, 0.4661109745502472),
            ["UpperTorso"] = CFrame.new(0, -5.960464477539063e-08, 4.656612873077393e-10, 0.9996216893196106, -0.012433038093149662, -0.02453659288585186, 0.016774674877524376, 0.9824900031089783, 0.18555918335914612, 0.021799877285957336, -0.1859004646539688, 0.9823266863822937),
            ["HumanoidRootPart"] = CFrame.new(0, 0, 0, 1, 0, 0, 0, 1, 0, 0, 0, 1),
            ["RightUpperLeg"] = CFrame.new(2.9802322387695312e-08, -2.3655593395233154e-07, -1.6952981241047382e-09, 0.8842984437942505, -0.39205455780029297, -0.2535931468009949, 0.29123011231422424, 0.8876436948776245, -0.35675421357154846, 0.3649676740169525, 0.24162337183952332, 0.8991201519966125),
            ["LeftUpperArm"] = CFrame.new(-0.005093693733215332, -0.021395564079284668, -0.03262855112552643, 0.9584173560142517, 0.22460420429706573, 0.17603711783885956, -0.2034255713224411, 0.970350444316864, -0.1305304616689682, -0.2001352161169052, 0.08929212391376495, 0.9756909608840942),
            ["RightLowerArm"] = CFrame.new(2.384185791015625e-07, 7.152557373046875e-07, -0.000003948807716369629, 1, -0.00001678615626587998, 0.000009831041097640991, 0.000018961729438160546, 0.7291716933250427, -0.6843308210372925, 0.000004325062491261633, 0.6843308210372925, 0.7291717529296875),
            ["LeftHand"] = CFrame.new(-0.0000012069940567016602, -0.0000013113021850585938, 3.2782554626464844e-07, 0.5904338955879211, -0.015161620453000069, 0.8069433569908142, 0.11372897773981094, 0.9914101958274841, -0.06458701938390732, -0.7990329265594482, 0.12990732491016388, 0.5870869755744934),
            ["LeftFoot"] = CFrame.new(2.60770320892334e-08, -1.7881393432617188e-07, -7.450580596923828e-09, 0.9431847929954529, -0.24234633147716522, 0.2273121476173401, 0.31144243478775024, 0.8832041621208191, -0.3506481349468231, -0.11578475683927536, 0.4015204608440399, 0.9085015654563904),
