return {
    ["Arabadan Atladı"] = {
        {Time = 0.000, Data = {
            ["RightFoot"] = CFrame.new(2.60770320892334e-08, 4.172325134277344e-07, 9.145878721028566e-09, 0.9678964018821716, 0.25127992033958435, -0.005903801415115595, -0.22586669027805328, 0.8798326849937439, 0.41818496584892273, 0.11027686297893524, -0.4034264087677002, 0.908342719078064),
            ["LeftLowerArm"] = CFrame.new(2.384185791015625e-07, -0.000011324882507324219, 0.00003167986869812012, 1, 0.00016945599054452032, -0.000013425948054646142, -0.0001225732412422076, 0.6645092368125916, -0.7472800612449646, -0.00011767075920943171, 0.7472801208496094, 0.6645092368125916),
            ["RightUpperArm"] = CFrame.new(0, 2.384185791015625e-07, 1.4901161193847656e-07, 0.48394691944122314, -0.4068780839443207, 0.7747551202774048, 0.8749107122421265, 0.20667624473571777, -0.4379684329032898, 0.01807624287903309, 0.8897950649261475, 0.45600247383117676),
            ["Head"] = CFrame.new(3.3527612686157227e-08, -1.1920928955078125e-07, 3.725290298461914e-08, 0.985968828201294, -0.04857874661684036, 0.15970496833324432, 0.036392319947481155, 0.9962602853775024, 0.07836595177650452, -0.16291475296020508, -0.07145433127880096, 0.9840493202209473),
            ["RightHand"] = CFrame.new(-2.9802322387695312e-08, -5.960464477539063e-08, 1.2293457984924316e-07, 0.7381979823112488, -0.1009058952331543, 0.6669946908950806, 0.2064865380525589, 0.9750898480415344, -0.08101370185613632, -0.6422049403190613, 0.19752952456474304, 0.7406449913978577),
            ["UpperTorso"] = CFrame.new(-1.1175870895385742e-07, 8.940696716308594e-08, -5.587935447692871e-08, 0.9377738237380981, -0.19379888474941254, -0.28813573718070984, 0.3038151264190674, 0.8597356081008911, 0.41054996848106384, 0.16815654933452606, -0.47254300117492676, 0.8651165962219238),
            ["HumanoidRootPart"] = CFrame.new(0, 0, 0, 1, 0, 0, 0, 1, 0, 0, 0, 1),
            ["RightUpperLeg"] = CFrame.new(0.0017117857933044434, -0.009503970853984356, 0.004243118688464165, 0.9639620780944824, -0.26585298776626587, 0.009973138570785522, 0.20353397727012634, 0.7128210067749023, -0.6711636185646057, 0.17132161557674408, 0.6490058302879333, 0.7412421703338623),
            ["LeftUpperArm"] = CFrame.new(1.7881393432617188e-07, 2.384185791015625e-07, 2.9802322387695312e-08, 0.5189279913902283, 0.6524551510810852, -0.5522823333740234, -0.8264997601509094, 0.2180403769016266, -0.518996000289917, -0.21820174157619476, 0.7257828116416931, 0.6524012684822083),
            ["RightLowerArm"] = CFrame.new(-1.341104507446289e-07, 0.00001138448715209961, -0.00003154575824737549, 1, -2.2351741790771484e-08, 1.4901162970204496e-08, 1.788139627478813e-07, 0.7750770449638367, -0.631866991519928, 5.960465188081798e-08, 0.6318667531013489, 0.7750768661499023),
            ["LeftHand"] = CFrame.new(-2.384185791015625e-07, -1.1920928955078125e-07, -1.4901161193847656e-07, 0.3664799630641937, 0.2271401286125183, 0.9022747874259949, -0.524005651473999, 0.8517132997512817, -0.0015744899865239859, -0.768837034702301, -0.47222012281417847, 0.43115851283073425),
            ["LeftFoot"] = CFrame.new(1.862645149230957e-09, -1.1920928955078125e-07, -6.641494110226631e-08, 0.9898531436920166, 0.11584685742855072, -0.08228221535682678, -0.1416936069726944, 0.8482216000556946, -0.5103369355201721, 0.01067301258444786, 0.5168168544769287, 0.8560291528701782),
            ["LowerTorso"] = CFrame.new(-0.018267672508955002, 0.12182903289794922, 0.07699356973171234, 0.5351061224937439, 0.339315265417099, 0.7736449837684631, -0.1722089648246765, 0.9403732419013977, -0.2933295667171478, -0.827046275138855, 0.023733852431178093, 0.5616326332092285),
            ["RightLowerLeg"] = CFrame.new(7.078051567077637e-08, -0.000029325485229492188, -0.00005207041249377653, 1, 8.754430069757291e-08, -8.661306338808572e-08, -5.4016702222270396e-08, 0.33254629373550415, 0.9430866837501526, -1.3597308168300515e-07, -0.9430869817733765, 0.3325471878051758),
            ["LeftUpperLeg"] = CFrame.new(-0.009019136428833008, -0.035450711846351624, 0.007040277123451233, 0.9926581382751465, 0.07268060743808746, 0.09668181091547012, -0.057227395474910736, 0.9864166378974915, -0.15397167205810547, -0.10655925422906876, 0.1473083794116974, 0.9833338260650635),
            ["LeftLowerLeg"] = CFrame.new(0, 0.000029802322387695312, 0.00005200505256652832, 1, 2.3841855067985307e-07, 1.3638050688769e-07, -1.1548394240890048e-07, -0.09563180059194565, 0.9954168200492859, 1.5646212148112681e-07, -0.9954167604446411, -0.09563163667917252),
        }},
        {Time = 0.033, Data = {
            ["RightFoot"] = CFrame.new(2.9802322387695312e-08, 3.5762786865234375e-07, 9.145878721028566e-09, 0.9924007058143616, 0.10601818561553955, -0.06245992332696915, -0.08192772418260574, 0.9480313658714294, 0.30744853615760803, 0.09180892258882523, -0.29999467730522156, 0.9495126605033875),
            ["LeftLowerArm"] = CFrame.new(-1.1920928955078125e-07, -0.00001150369644165039, 0.0000317692756652832, 1, 0.00021217760513536632, -0.000021040441424702294, -0.00015074669499881566, 0.6339523792266846, -0.7733720541000366, -0.0001507252745795995, 0.7733719944953918, 0.6339524388313293),
            ["RightUpperArm"] = CFrame.new(0, 4.76837158203125e-07, -2.9802322387695312e-08, 0.21432243287563324, -0.32580238580703735, 0.9208251237869263, 0.9751164317131042, 0.016650110483169556, -0.2210676074028015, 0.05669248476624489, 0.94529128074646, 0.3212636709213257),
            ["Head"] = CFrame.new(-2.60770320892334e-08, 3.5762786865234375e-07, -1.7136335372924805e-07, 0.9852754473686218, -0.039031222462654114, 0.1664600968360901, 0.0305333212018013, 0.9981112480163574, 0.053308699280023575, -0.1682264357805252, -0.047441162168979645, 0.9846060872077942),
            ["RightHand"] = CFrame.new(1.1920928955078125e-07, -5.960464477539063e-08, -1.341104507446289e-07, 0.6852415204048157, -0.09645160287618637, 0.7219011187553406, 0.19324363768100739, 0.9797437191009521, -0.052529022097587585, -0.7022114992141724, 0.1754978746175766, 0.6899996399879456),
            ["UpperTorso"] = CFrame.new(4.0978193283081055e-08, 2.9802322387695312e-08, 3.725290298461914e-09, 0.9462316632270813, -0.09797732532024384, -0.30829545855522156, 0.19708923995494843, 0.9303333163261414, 0.3092505931854248, 0.2565179467201233, -0.353384405374527, 0.8996210694313049),
            ["HumanoidRootPart"] = CFrame.new(0, 0, 0, 1, 0, 0, 0, 1, 0, 0, 0, 1),
            ["RightUpperLeg"] = CFrame.new(0.0010715723037719727, -0.006913523189723492, 0.0013159048976376653, 0.955750048160553, -0.22106598317623138, -0.1940920501947403, -0.030564842745661736, 0.5815812945365906, -0.8129140734672546, 0.2925880253314972, 0.7828748822212219, 0.5490893125534058),
            ["LeftUpperArm"] = CFrame.new(-1.1920928955078125e-07, 1.1920928955078125e-07, 5.960464477539063e-08, 0.5635701417922974, 0.677074134349823, -0.4732435345649719, -0.7912808656692505, 0.277969092130661, -0.5446171760559082, -0.23719915747642517, 0.6813984513282776, 0.6924107670783997),
            ["RightLowerArm"] = CFrame.new(-2.207234501838684e-07, 0.00001150369644165039, -0.000031501054763793945, 1, -9.126959810146218e-08, -3.213062882423401e-08, 1.4156105976326216e-07, 0.7048648595809937, -0.7093415856361389, 3.2596297216969106e-08, 0.7093416452407837, 0.7048649787902832),
            ["LeftHand"] = CFrame.new(8.940696716308594e-08, -5.960464477539063e-08, -8.940696716308594e-08, 0.09833228588104248, 0.22464513778686523, 0.969466507434845, -0.43266570568084717, 0.8869461417198181, -0.16163836419582367, -0.8961759209632874, -0.4035608172416687, 0.18441174924373627),
            ["LeftFoot"] = CFrame.new(2.9802322387695312e-08, -5.960464477539063e-08, 0, 0.9635679125785828, -0.019937904551625252, -0.26672008633613586, -0.07152274250984192, 0.941693902015686, -0.32878100872039795, 0.2577238082885742, 0.3358798921108246, 0.9059599041938782),
            ["LowerTorso"] = CFrame.new(0.04494103789329529, 0.10062479972839355, 0.0937386304140091, 0.5149669647216797, 0.1728968471288681, 0.8395926356315613, -0.08739060163497925, 0.9849339127540588, -0.14922554790973663, -0.8527437448501587, 0.0034737319219857454, 0.5223179459571838),
            ["RightLowerLeg"] = CFrame.new(1.4901161193847656e-08, -0.00002968311309814453, -0.00005201825842959806, 1, -9.313226634333205e-09, 5.0291436792804234e-08, -7.450580596923828e-08, 0.5753920674324036, 0.8178772926330566, 4.470348358154297e-08, -0.8178777694702148, 0.5753926634788513),
            ["LeftUpperLeg"] = CFrame.new(-0.009218931198120117, -0.034421201795339584, 0.010932892560958862, 0.9604544639587402, 0.27101120352745056, 0.06387762725353241, -0.2713429629802704, 0.9624761343002319, -0.0035884706303477287, -0.06245313584804535, -0.013886148110032082, 0.9979513883590698),
            ["LeftLowerLeg"] = CFrame.new(-4.470348358154297e-08, 0.00002968311309814453, 0.00005206465721130371, 1, -2.2351736461700966e-08, 5.960465898624534e-08, -6.705522537231445e-08, 0.17034870386123657, 0.9853838682174683, 2.3096799850463867e-07, -0.9853838682174683, 0.17034898698329926),
        }},
        {Time = 0.067, Data = {
            ["RightFoot"] = CFrame.new(7.078051567077637e-08, 1.1920928955078125e-07, 1.0600342648103833e-07, 0.9985992908477783, 0.05272591486573219, -0.004422709811478853, -0.051860976964235306, 0.9919293522834778, 0.11570096015930176, 0.010487694293260574, -0.11530926823616028, 0.9932742714881897),
            ["LeftLowerArm"] = CFrame.new(5.960464477539063e-08, -0.000011563301086425781, 0.000031888484954833984, 1, 0.00016342854360118508, -0.00001242757571162656, -0.00011860768427141011, 0.6686477661132812, -0.7435795068740845, -0.00011324885417707264, 0.7435793280601501, 0.6686476469039917),
            ["RightUpperArm"] = CFrame.new(-1.7881393432617188e-07, 3.5762786865234375e-07, -5.960464477539063e-08, -0.06138032302260399, -0.16528882086277008, 0.984333336353302, 0.989140510559082, -0.14202095568180084, 0.03783193603157997, 0.13354283571243286, 0.9759660363197327, 0.17221122980117798),
            ["Head"] = CFrame.new(-7.82310962677002e-08, -1.1920928955078125e-07, 2.60770320892334e-08, 0.985905647277832, -0.02490605041384697, 0.16543810069561005, 0.021384108811616898, 0.9995059967041016, 0.023036012426018715, -0.16593000292778015, -0.019173594191670418, 0.9859511852264404),
            ["RightHand"] = CFrame.new(-8.940696716308594e-08, -1.1920928955078125e-07, -7.450580596923828e-08, 0.5529924035072327, -0.09276913851499557, 0.8280056715011597, 0.15578286349773407, 0.9877690672874451, 0.006627682596445084, -0.8184932470321655, 0.12532402575016022, 0.5606805682182312),
            ["UpperTorso"] = CFrame.new(7.450580596923828e-09, 5.960464477539063e-08, 1.4901161193847656e-08, 0.9367294907569885, 0.044644564390182495, -0.3471955358982086, 0.01680498942732811, 0.9849551320075989, 0.17199142277240753, 0.34965047240257263, -0.16694404184818268, 0.9218863248825073),
            ["HumanoidRootPart"] = CFrame.new(0, 0, 0, 1, 0, 0, 0, 1, 0, 0, 0, 1),
            ["RightUpperLeg"] = CFrame.new(0.0007837414741516113, -0.026999710127711296, -0.030014971271157265, 0.8873594403266907, -0.09030697494745255, -0.4521480202674866, -0.28791579604148865, 0.657417893409729, -0.6963521242141724, 0.36013567447662354, 0.7480951547622681, 0.5573651790618896),
            ["LeftUpperArm"] = CFrame.new(-1.1920928955078125e-07, 2.384185791015625e-07, -2.9802322387695312e-08, 0.7093913555145264, 0.5754838585853577, -0.40691813826560974, -0.6891205310821533, 0.4451654255390167, -0.5717870593070984, -0.14790824055671692, 0.6860365271568298, 0.7123743295669556),
            ["RightLowerArm"] = CFrame.new(2.7939677238464355e-07, 0.000011086463928222656, -0.000031620264053344727, 1, -1.0430815677864302e-07, 2.421439582178664e-08, 8.940698137394065e-08, 0.7698681950569153, -0.6382029056549072, 1.0244549208948683e-08, 0.6382029056549072, 0.7698681950569153),
            ["LeftHand"] = CFrame.new(-1.7881393432617188e-07, -1.1920928955078125e-07, -4.917383193969727e-07, -0.17703019082546234, 0.24334223568439484, 0.9536483287811279, -0.29548022150993347, 0.9111131429672241, -0.28733983635902405, -0.9388033747673035, -0.3326519727706909, -0.08939168602228165),
            ["LeftFoot"] = CFrame.new(5.960464477539063e-08, -5.960464477539063e-08, 0, 0.9588514566421509, -0.08198712021112442, -0.27181297540664673, 0.19008901715278625, 0.8965223431587219, 0.40014219284057617, 0.21087971329689026, -0.4353456497192383, 0.875216543674469),
            ["LowerTorso"] = CFrame.new(0.10601769387722015, 0.07889533042907715, 0.10934413969516754, 0.44772234559059143, -0.06029640510678291, 0.8921374678611755, 0.030251124873757362, 0.9981741905212402, 0.052281416952610016, -0.8936609029769897, 0.0035806060768663883, 0.44872888922691345),
            ["RightLowerLeg"] = CFrame.new(1.2293457984924316e-07, -0.000029325485229492188, -0.00005183944449527189, 1, 1.4901166522918174e-08, 2.2351748896198842e-08, -1.0430809993522416e-07, 0.9595628976821899, 0.28149423003196716, -5.960463056453591e-08, -0.28149452805519104, 0.9595630168914795),
            ["LeftUpperLeg"] = CFrame.new(-0.009281575679779053, -0.027957024052739143, 0.012442365288734436, 0.9360729455947876, 0.31951114535331726, 0.14724212884902954, -0.34812653064727783, 0.9016264081001282, 0.25666704773902893, -0.050749339163303375, -0.29151788353919983, 0.9552182555198669),
            ["LeftLowerLeg"] = CFrame.new(6.705522537231445e-08, 0.00002950429916381836, 0.000052245333790779114, 1, 5.960465898624534e-08, 4.470348358154297e-08, -1.4901159417490817e-08, 0.9614022970199585, 0.2751469910144806, 7.4505797087454084e-09, -0.27514684200286865, 0.961402177810669),
        }},
        {Time = 0.100, Data = {
            ["RightFoot"] = CFrame.new(0, 3.5762786865234375e-07, -7.281050784513354e-08, 0.9968129992485046, 0.07971618324518204, 0.0030441745184361935, -0.0794520303606987, 0.9954909086227417, -0.05181814357638359, -0.007161513902246952, 0.05141208693385124, 0.9986519813537598),
            ["LeftLowerArm"] = CFrame.new(-2.384185791015625e-07, -0.000011563301086425781, 0.000031620264053344727, 1, 0.00005566330219153315, -0.0000013783577514914214, -0.000042140480218222365, 0.7396875023841858, -0.6729506254196167, -0.000036299225030234084, 0.6729506850242615, 0.7396875023841858),
            ["RightUpperArm"] = CFrame.new(0, 1.1920928955078125e-07, 0, -0.22266604006290436, -0.02404431439936161, 0.9745982885360718, 0.9536979794502258, -0.2127038538455963, 0.21264345943927765, 0.20218801498413086, 0.9768208265304565, 0.07029307633638382),
            ["Head"] = CFrame.new(5.21540641784668e-08, 0, -5.21540641784668e-08, 0.9886756539344788, -0.024053845554590225, 0.1481281965970993, 0.02445615455508232, 0.9997004866600037, -0.0008946881862357259, -0.1480623334646225, 0.004507184494286776, 0.9889678359031677),
            ["RightHand"] = CFrame.new(-5.960464477539063e-08, 5.960464477539063e-08, -7.450580596923828e-08, 0.40428900718688965, -0.0977257564663887, 0.9093954563140869, 0.10829542577266693, 0.9923960566520691, 0.05850042775273323, -0.9081974029541016, 0.07483230531215668, 0.41179803013801575),
            ["UpperTorso"] = CFrame.new(9.313225746154785e-09, 1.1920928955078125e-07, 7.078051567077637e-08, 0.902002215385437, 0.18179365992546082, -0.39159059524536133, -0.18069316446781158, 0.9827253818511963, 0.040010273456573486, 0.3920997679233551, 0.03466835990548134, 0.9192692041397095),
            ["HumanoidRootPart"] = CFrame.new(0, 0, 0, 1, 0, 0, 0, 1, 0, 0, 0, 1),
            ["RightUpperLeg"] = CFrame.new(-0.0005493760108947754, -0.047085609287023544, -0.05695490539073944, 0.8010844588279724, 0.00838927086442709, -0.5984925627708435, -0.4673406481742859, 0.6335036754608154, -0.6166570782661438, 0.3739740252494812, 0.7736941576004028, 0.5114105939865112),
            ["LeftUpperArm"] = CFrame.new(1.1920928955078125e-07, -2.384185791015625e-07, -1.1920928955078125e-07, 0.8554146885871887, 0.3859596848487854, -0.3453994393348694, -0.5164060592651367, 0.5841924548149109, -0.6261340975761414, -0.0398828499019146, 0.7139707803726196, 0.6990388035774231),
            ["RightLowerArm"] = CFrame.new(2.4326436687260866e-07, 0.00001150369644165039, -0.000031620264053344727, 1, -9.313224325069314e-08, 2.9802322387695312e-08, 6.193295831735668e-08, 0.8287168741226196, -0.5596678853034973, 1.4901162970204496e-08, 0.5596680045127869, 0.8287169933319092),
            ["LeftHand"] = CFrame.new(-1.7881393432617188e-07, 5.960464477539063e-08, -1.043081283569336e-07, -0.11814401298761368, 0.25756099820137024, 0.9590122699737549, -0.30991917848587036, 0.9079691171646118, -0.28203240036964417, -0.9433940052986145, -0.33053669333457947, -0.027448022738099098),
            ["LeftFoot"] = CFrame.new(-7.450580596923828e-08, -5.960464477539063e-08, -5.960464477539063e-08, 0.9560055732727051, -0.2858045995235443, -0.06609856337308884, 0.29291588068008423, 0.9422795176506042, 0.16220267117023468, 0.015924867242574692, -0.17442761361598969, 0.9845412373542786),
            ["LowerTorso"] = CFrame.new(0.15694758296012878, 0.024161815643310547, 0.12086625397205353, 0.34288060665130615, -0.28676196932792664, 0.8945392966270447, 0.1350792944431305, 0.9574213027954102, 0.25514352321624756, -0.9296163320541382, 0.03334997594356537, 0.3670167624950409),
            ["RightLowerLeg"] = CFrame.new(7.450580596923828e-08, -0.00002950429916381836, -0.00005184316978557035, 1, -2.9802340151263707e-08, -4.4703490686970326e-08, 1.3411047916633834e-07, 0.9999871850013733, 0.00506484555080533, 0, -0.0050651757046580315, 0.9999871850013733),
            ["LeftUpperLeg"] = CFrame.new(-5.960464477539063e-08, 4.190951585769653e-09, -4.0046870708465576e-08, 0.8879029154777527, 0.44046327471733093, 0.13274256885051727, -0.4564228951931, 0.8795363306999207, 0.1345139890909195, -0.057503364980220795, -0.18002213537693024, 0.9819803237915039),
            ["LeftLowerLeg"] = CFrame.new(-7.450580596923828e-09, 0.000029802322387695312, 0.0000521242618560791, 1, 0, 2.9802322387695312e-08, 5.960465898624534e-08, 0.9827107787132263, 0.18514761328697205, 4.4703494239684005e-08, -0.18514780700206757, 0.9827107191085815),
        }},
        {Time = 0.133, Data = {
            ["RightFoot"] = CFrame.new(3.725290298461914e-08, 3.5762786865234375e-07, 1.6596459317952394e-08, 0.9991753697395325, -0.028610635548830032, -0.028812486678361893, 0.027121540158987045, 0.9983395934104919, -0.05081752687692642, 0.030218612402677536, 0.04999528080224991, 0.9982922673225403),
            ["LeftLowerArm"] = CFrame.new(2.9802322387695312e-08, -0.000011861324310302734, 0.00003191828727722168, 1, 0.0000011250375564486603, -4.656611807263289e-08, -7.450580596923828e-07, 0.7727004289627075, -0.6347707509994507, -5.960464477539062e-07, 0.6347708106040955, 0.7727005481719971),
            ["RightUpperArm"] = CFrame.new(1.1920928955078125e-07, -5.960464477539062e-07, -1.1920928955078125e-07, -0.26271334290504456, 0.05573054030537605, 0.963263213634491, 0.931564211845398, -0.2454008311033249, 0.26826587319374084, 0.2513361871242523, 0.9678184390068054, 0.012553378939628601),
            ["Head"] = CFrame.new(3.725290298461914e-08, -3.5762786865234375e-07, -3.3527612686157227e-08, 0.9924597144126892, -0.03337487578392029, 0.11794023960828781, 0.035742927342653275, 0.9991986155509949, -0.018020156770944595, -0.11724428832530975, 0.02209979109466076, 0.9928572773933411),
            ["RightHand"] = CFrame.new(-4.172325134277344e-07, -1.1920928955078125e-07, 0, 0.33329421281814575, -0.10274221003055573, 0.9372081756591797, 0.08406080305576324, 0.9933241009712219, 0.07899989932775497, -0.9390680193901062, 0.05245225131511688, 0.33970582485198975),
            ["UpperTorso"] = CFrame.new(3.213062882423401e-08, -2.9802322387695312e-08, 6.146728992462158e-08, 0.8905702829360962, 0.24107582867145538, -0.38570359349250793, -0.27652356028556824, 0.9602437019348145, -0.0382990762591362, 0.36113643646240234, 0.14076413214206696, 0.921827495098114),
            ["HumanoidRootPart"] = CFrame.new(0, 0, 0, 1, 0, 0, 0, 1, 0, 0, 0, 1),
            ["RightUpperLeg"] = CFrame.new(-0.004771500825881958, -0.027368754148483276, -0.028936171904206276, 0.7889692187309265, -0.03078516200184822, -0.6136611104011536, -0.45175445079803467, 0.647893488407135, -0.6133123636245728, 0.4164678156375885, 0.7611086964607239, 0.49726057052612305),
            ["LeftUpperArm"] = CFrame.new(5.960464477539063e-08, -7.152557373046875e-07, 5.960464477539063e-08, 0.9620304703712463, 0.13320963084697723, -0.238228440284729, -0.27016669511795044, 0.5889029502868652, -0.7617107629776001, 0.03882608190178871, 0.7971503138542175, 0.6025313138961792),
            ["RightLowerArm"] = CFrame.new(-4.0978193283081055e-08, 0.000011265277862548828, -0.00003159046173095703, 1, 3.725290742551124e-09, 2.2351741790771484e-08, 1.695007085800171e-07, 0.8586412668228149, -0.5125770568847656, 0, 0.5125771164894104, 0.8586412668228149),
            ["LeftHand"] = CFrame.new(-5.960464477539063e-08, 0, -1.0803341865539551e-07, 0.015730543062090874, 0.290751188993454, 0.9566694498062134, -0.3430210053920746, 0.9002916812896729, -0.2679765224456787, -0.939195990562439, -0.32394230365753174, 0.11389581859111786),
            ["LeftFoot"] = CFrame.new(1.4901161193847656e-07, 5.960464477539063e-08, -4.470348358154297e-08, 0.9670409560203552, -0.2365684062242508, -0.0941649004817009, 0.23105856776237488, 0.9707118272781372, -0.06580869108438492, 0.10697533935308456, 0.04188122972846031, 0.9933791756629944),
            ["LowerTorso"] = CFrame.new(0.13956648111343384, -0.05331981182098389, 0.1253611445426941, 0.29034438729286194, -0.40099096298217773, 0.8688535094261169, 0.17680242657661438, 0.9148138761520386, 0.36312049627304077, -0.9404472708702087, 0.04818539321422577, 0.33650723099708557),
            ["RightLowerLeg"] = CFrame.new(1.30385160446167e-07, -0.000029325485229492188, -0.00005210952804191038, 1, 0, 3.3527612686157227e-08, 0, 0.999983012676239, 0.00582730770111084, 5.960463766996327e-08, -0.005827578715980053, 0.9999830722808838),
            ["LeftUpperLeg"] = CFrame.new(0.01576271653175354, 0.02522861398756504, 0.0028077708557248116, 0.8490079045295715, 0.524479866027832, 0.06408347189426422, -0.5200549960136414, 0.8509068489074707, -0.07416392862796783, -0.09342656284570694, 0.029638726264238358, 0.9951849579811096),
            ["LeftLowerLeg"] = CFrame.new(-1.043081283569336e-07, 0.000029742717742919922, 0.000052072107791900635, 1, 0, 7.82310962677002e-08, -3.725289943190546e-08, 0.9055481553077698, 0.4242437183856964, 3.725289943190546e-08, -0.4242434799671173, 0.905548095703125),
        }},
        {Time = 0.167, Data = {
            ["RightFoot"] = CFrame.new(-2.9802322387695312e-08, 3.5762786865234375e-07, -1.3205863069742918e-08, 0.9954054355621338, 0.09563540667295456, -0.00468836072832346, -0.09536862373352051, 0.9946162104606628, 0.04054167494177818, 0.008540176786482334, -0.0399080365896225, 0.9991668462753296),
            ["LeftLowerArm"] = CFrame.new(-2.980232238769531e-07, -0.000011026859283447266, 0.00003223121166229248, 1, -0.00018918656860478222, -0.000016642736227368005, 0.0001570125896250829, 0.8722482919692993, -0.4890633821487427, 0.00010718264093156904, 0.4890633225440979, 0.8722482919692993),
            ["RightUpperArm"] = CFrame.new(2.384185791015625e-07, 3.5762786865234375e-07, -7.450580596923828e-08, -0.20998938381671906, 0.08295188099145889, 0.9741783142089844, 0.9470052123069763, -0.23046517372131348, 0.22375643253326416, 0.2430751919746399, 0.9695384502410889, -0.030160676687955856),
            ["Head"] = CFrame.new(4.842877388000488e-08, 0, 3.725290298461914e-09, 0.9961295127868652, -0.03136143460869789, 0.08211254328489304, 0.03463846817612648, 0.9986467361450195, -0.03879290819168091, -0.080784872174263, 0.04148702695965767, 0.9958678483963013),
            ["RightHand"] = CFrame.new(-3.2782554626464844e-07, -1.1920928955078125e-07, 8.195638656616211e-08, 0.3343169391155243, -0.10560671240091324, 0.9365252256393433, 0.08797531574964523, 0.9928602576255798, 0.08055420964956284, -0.9383456707000732, 0.055460456758737564, 0.34122076630592346),
            ["UpperTorso"] = CFrame.new(3.91155481338501e-08, -1.4901161193847656e-07, -3.725290298461914e-08, 0.9426411390304565, 0.24117574095726013, -0.23078536987304688, -0.25462013483047485, 0.9665789604187012, -0.02989809960126877, 0.21586154401302338, 0.08694574981927872, 0.9725452661514282),
            ["HumanoidRootPart"] = CFrame.new(0, 0, 0, 1, 0, 0, 0, 1, 0, 0, 0, 1),
            ["RightUpperLeg"] = CFrame.new(-0.003519892692565918, -0.026103101670742035, -0.02776743657886982, 0.8575535416603088, 0.015120889991521835, -0.5141724348068237, -0.3919069468975067, 0.6666443943977356, -0.634030282497406, 0.3331831991672516, 0.7452225089073181, 0.5776091814041138),
            ["LeftUpperArm"] = CFrame.new(1.1920928955078125e-07, 1.1920928955078125e-07, 1.1920928955078125e-07, 0.9888449311256409, -0.07190397381782532, -0.13044366240501404, -0.07739666104316711, 0.5002049207687378, -0.86244136095047, 0.12726135551929474, 0.8629165291786194, 0.4890598654747009),
            ["RightLowerArm"] = CFrame.new(8.940696716308594e-08, 0.000011324882507324219, -0.00003165006637573242, 1, 3.3527616238870905e-08, 1.1175872671742582e-08, 1.0989604959377175e-07, 0.8730676770210266, -0.4875991642475128, 3.725289943190546e-08, 0.48759910464286804, 0.8730676770210266),
            ["LeftHand"] = CFrame.new(0, -5.960464477539063e-08, 1.1175870895385742e-08, 0.15594366192817688, 0.3288346529006958, 0.9314233660697937, -0.3801783621311188, 0.8902987241744995, -0.25066444277763367, -0.9116721153259277, -0.3150174021720886, 0.26385220885276794),
            ["LeftFoot"] = CFrame.new(2.9802322387695312e-08, -5.960464477539063e-08, -2.7939677238464355e-08, 0.9653578996658325, -0.21863991022109985, -0.14240989089012146, 0.22879227995872498, 0.9716787934303284, 0.059114720672369, 0.1254517287015915, -0.08964905142784119, 0.9880409240722656),
            ["LowerTorso"] = CFrame.new(0.0952133759856224, -0.06653022766113281, 0.12446931004524231, 0.3907613456249237, -0.3894341289997101, 0.8340543508529663, 0.20754893124103546, 0.9200387597084045, 0.33234333992004395, -0.8967881798744202, 0.04324014484882355, 0.4403422474861145),
            ["RightLowerLeg"] = CFrame.new(-3.3527612686157227e-08, -0.000029325485229492188, -0.00005218217120273039, 1, 4.097820749393577e-08, -4.842875611643649e-08, 1.862645326866641e-08, 0.9999875426292419, 0.005006236955523491, -1.3411046495548362e-07, -0.005006017163395882, 0.9999874830245972),
            ["LeftUpperLeg"] = CFrame.new(0.015757113695144653, 0.025219708681106567, 0.002806633710861206, 0.8401235938072205, 0.5381574034690857, 0.06766846030950546, -0.5158410668373108, 0.8313091397285461, -0.20696187019348145, -0.16763143241405487, 0.13896730542182922, 0.976006031036377),
            ["LeftLowerLeg"] = CFrame.new(9.313225746154785e-08, 0.00002968311309814453, 0.00005208700895309448, 1, 7.450581307466564e-08, 6.891784920526334e-08, -3.77185607192132e-08, 0.7055643796920776, 0.7086458206176758, 1.1175869119028903e-08, -0.7086458802223206, 0.7055644989013672),
        }},
        {Time = 0.200, Data = {
            ["RightFoot"] = CFrame.new(7.450580596923828e-08, 3.5762786865234375e-07, 3.149762051180005e-08, 0.9933962821960449, 0.10026440024375916, -0.05577527731657028, -0.09230177849531174, 0.9871343374252319, 0.13056091964244843, 0.06814883649349213, -0.12455084919929504, 0.9898701906204224),
            ["LeftLowerArm"] = CFrame.new(-1.424923539161682e-07, -0.000011861324310302734, 0.00003167986869812012, 1, -0.00030751072335988283, -0.000044728407374350354, 0.000266171817202121, 0.9215704202651978, -0.38821181654930115, 0.0001604883436812088, 0.3882112205028534, 0.9215701818466187),
            ["RightUpperArm"] = CFrame.new(0, 2.384185791015625e-07, -7.450580596923828e-08, -0.12937965989112854, 0.09164237976074219, 0.9873513579368591, 0.96302729845047, -0.22567395865917206, 0.14713849127292633, 0.23630371689796448, 0.9698829650878906, -0.059056758880615234),
            ["Head"] = CFrame.new(5.587935447692871e-08, 1.1920928955078125e-07, 3.725290298461914e-09, 0.9984264969825745, -0.01920722983777523, 0.052684709429740906, 0.022368839010596275, 0.9979422688484192, -0.06009156256914139, -0.051422182470560074, 0.06117555499076843, 0.9968016147613525),
            ["RightHand"] = CFrame.new(1.1920928955078125e-07, -1.1920928955078125e-07, -1.4156103134155273e-07, 0.3376207947731018, -0.11207437515258789, 0.9345863461494446, 0.09854340553283691, 0.9916387796401978, 0.08331707864999771, -0.9361097812652588, 0.06396772712469101, 0.34584206342697144),
            ["UpperTorso"] = CFrame.new(2.60770320892334e-08, 1.7881393432617188e-07, -1.1175870895385742e-08, 0.9795986413955688, 0.16770580410957336, -0.11073049157857895, -0.16969887912273407, 0.9854570627212524, -0.008759573101997375, 0.1076512262225151, 0.027371756732463837, 0.9938119649887085),
            ["HumanoidRootPart"] = CFrame.new(0, 0, 0, 1, 0, 0, 0, 1, 0, 0, 0, 1),
            ["RightUpperLeg"] = CFrame.new(-0.0011954903602600098, -0.02600550279021263, -0.02767743356525898, 0.918375551700592, 0.029813745990395546, -0.3945852220058441, -0.31565535068511963, 0.6565431356430054, -0.6850641965866089, 0.23863790929317474, 0.7536991238594055, 0.6123639345169067),
            ["LeftUpperArm"] = CFrame.new(2.980232238769531e-07, 2.384185791015625e-07, -1.7881393432617188e-07, 0.9733134508132935, -0.14524926245212555, -0.17766188085079193, -0.10311583429574966, 0.4148081839084625, -0.9040472507476807, 0.20500759780406952, 0.8982409834861755, 0.3887609839439392),
            ["RightLowerArm"] = CFrame.new(-2.2351741790771484e-08, 0.000011026859283447266, -0.00003141164779663086, 1, -8.940695295223122e-08, -1.965090916655754e-07, 1.4528635006172408e-07, 0.8851662278175354, -0.4652756452560425, -3.72529100900465e-08, 0.4652750492095947, 0.8851659297943115),
            ["LeftHand"] = CFrame.new(-1.7881393432617188e-07, 5.960464477539063e-08, -2.7567148208618164e-07, 0.23627163469791412, 0.360172837972641, 0.9024695754051208, -0.41104447841644287, 0.8786203861236572, -0.24304081499576569, -0.8804647326469421, -0.3135315179824829, 0.3556400239467621),
            ["LeftFoot"] = CFrame.new(-2.9802322387695312e-08, -5.960464477539063e-08, 2.9802322387695312e-08, 0.9618154168128967, -0.20885612070560455, -0.17689073085784912, 0.23842164874076843, 0.9567386507987976, 0.16675157845020294, 0.13441099226474762, -0.20255950093269348, 0.9700019359588623),
            ["LowerTorso"] = CFrame.new(0.07161186635494232, -0.09212255477905273, 0.12160111963748932, 0.479650616645813, -0.34238097071647644, 0.8079050779342651, 0.17324763536453247, 0.9395596981048584, 0.2953181862831116, -0.8601863980293274, -0.0016818606527522206, 0.5099771022796631),
            ["RightLowerLeg"] = CFrame.new(-5.587935447692871e-08, -0.00002956390380859375, -0.00005227157816989347, 1, 2.6077035641947077e-08, -1.7881397695873602e-07, -2.980232594040899e-08, 0.9999874830245972, 0.005002023186534643, -1.8998983364326705e-07, -0.0050018285401165485, 0.9999875426292419),
            ["LeftUpperLeg"] = CFrame.new(0.015716761350631714, 0.025155209004878998, 0.0027994513511657715, 0.8550696969032288, 0.5145328640937805, 0.06412374973297119, -0.47847986221313477, 0.8306435942649841, -0.2847599983215332, -0.1997823268175125, 0.21280772984027863, 0.9564517736434937),
            ["LeftLowerLeg"] = CFrame.new(8.195638656616211e-08, 0.000030040740966796875, 0.000052055343985557556, 1, 5.960465188081798e-08, 1.1175872671742582e-08, -1.1175873559921001e-08, 0.5388650298118591, 0.8423923850059509, 1.6763809895792292e-08, -0.8423922061920166, 0.53886479139328),
        }},
        {Time = 0.233, Data = {
            ["RightFoot"] = CFrame.new(-1.862645149230957e-08, 3.5762786865234375e-07, -1.6221747500821948e-07, 0.9962669014930725, 0.05468976870179176, -0.06679380685091019, -0.04008517041802406, 0.9783260226249695, 0.2031538039445877, 0.07645587623119354, -0.1997179538011551, 0.9768660664558411),
            ["LeftLowerArm"] = CFrame.new(4.470348358154297e-08, -0.000011742115020751953, 0.00003156810998916626, 1, -0.0002947738685179502, -0.00004098936915397644, 0.00025393444229848683, 0.9167134165763855, -0.39954569935798645, 0.00015531481767538935, 0.39954543113708496, 0.9167133569717407),
            ["RightUpperArm"] = CFrame.new(0, -1.1920928955078125e-07, -1.341104507446289e-07, -0.09544554352760315, 0.06946878880262375, 0.9930077195167542, 0.9574740529060364, -0.26644980907440186, 0.11067043989896774, 0.27227479219436646, 0.9613421559333801, -0.04108303785324097),
            ["Head"] = CFrame.new(-9.313225746154785e-09, 1.1920928955078125e-07, 7.450580596923828e-09, 0.9990438222885132, -0.005725071299821138, 0.043346282094717026, 0.008934387005865574, 0.9972026944160461, -0.07421001046895981, -0.04280015081167221, 0.07452628761529922, 0.996300220489502),
            ["RightHand"] = CFrame.new(-3.2782554626464844e-07, -5.960464477539063e-08, 6.705522537231445e-08, 0.3435586392879486, -0.1190108209848404, 0.9315599799156189, 0.11399956047534943, 0.9898876547813416, 0.08441946655511856, -0.9321864247322083, 0.07719440013170242, 0.3536517024040222),
            ["UpperTorso"] = CFrame.new(3.725290298461914e-09, -2.086162567138672e-07, 7.450580596923828e-09, 0.9959796071052551, 0.06132645905017853, -0.06529809534549713, -0.058880046010017395, 0.9975125193595886, 0.03875473886728287, 0.06751234829425812, -0.03475411981344223, 0.9971129298210144),
            ["HumanoidRootPart"] = CFrame.new(0, 0, 0, 1, 0, 0, 0, 1, 0, 0, 0, 1),
            ["RightUpperLeg"] = CFrame.new(0.00005614757537841797, -0.024739636108279228, -0.026508526876568794, 0.9584426879882812, 0.00005964185402262956, -0.2852852940559387, -0.21050377190113068, 0.675089418888092, -0.7070661783218384, 0.1925508975982666, 0.7377359867095947, 0.6470469236373901),
            ["LeftUpperArm"] = CFrame.new(0, 1.1920928955078125e-07, -1.7881393432617188e-07, 0.974659264087677, -0.16742044687271118, -0.1483571082353592, -0.07371509075164795, 0.385783314704895, -0.9196398258209229, 0.21120016276836395, 0.9072715640068054, 0.363665908575058),
            ["RightLowerArm"] = CFrame.new(-3.203749656677246e-07, 0.000011026859283447266, -0.00003166496753692627, 1, -1.0011719098201866e-07, 1.909211100326047e-08, 2.7939677238464355e-08, 0.8690789341926575, -0.49467384815216064, 7.078051567077637e-08, 0.49467360973358154, 0.8690786957740784),
            ["LeftHand"] = CFrame.new(-5.960464477539063e-08, -5.960464477539063e-08, -2.3562461137771606e-07, 0.25432297587394714, 0.38108697533607483, 0.8888716101646423, -0.4327312111854553, 0.8667953610420227, -0.2478095293045044, -0.8649067282676697, -0.32161882519721985, 0.3853541314601898),
            ["LeftFoot"] = CFrame.new(-9.685754776000977e-08, 5.960464477539063e-08, -7.450580596923828e-09, 0.950217068195343, -0.14250804483890533, -0.2770908772945404, 0.13037411868572235, 0.9895350337028503, -0.06183166801929474, 0.2830020785331726, 0.02262863703072071, 0.958852231502533),
            ["LowerTorso"] = CFrame.new(0.043207332491874695, -0.11218929290771484, 0.11269824206829071, 0.5316787958145142, -0.26069697737693787, 0.8058255314826965, 0.09639522433280945, 0.9638922810554504, 0.24823302030563354, -0.8414426445960999, -0.05430251359939575, 0.5376110076904297),
            ["RightLowerLeg"] = CFrame.new(1.1175870895385742e-08, -0.00002956390380859375, -0.000051982868171762675, 1, 0, -1.3038513202445756e-07, 8.56816981809061e-08, 0.9999830722808838, 0.0058288113214075565, -1.1920931797249068e-07, -0.005828708875924349, 0.9999830722808838),
            ["LeftUpperLeg"] = CFrame.new(0.015607655048370361, 0.02498040907084942, 0.002780020236968994, 0.9008158445358276, 0.4331517517566681, 0.030172448605298996, -0.3980366587638855, 0.851555347442627, -0.34120437502861023, -0.17348676919937134, 0.295352578163147, 0.9395047426223755),
            ["LeftLowerLeg"] = CFrame.new(-1.4901161193847656e-08, 0.00002968311309814453, 0.00005210191011428833, 1, 1.1920928955078125e-07, 5.960463766996327e-08, 0, 0.3440306782722473, 0.9389584064483643, -7.450581485102248e-09, -0.9389584064483643, 0.34403088688850403),
        }},
        {Time = 0.267, Data = {
            ["RightFoot"] = CFrame.new(8.195638656616211e-08, 3.5762786865234375e-07, -2.665256033651531e-07, 0.993921160697937, 0.08533710986375809, -0.06955847889184952, -0.07346530258655548, 0.9846583604812622, 0.15827494859695435, 0.08199772983789444, -0.15220242738723755, 0.9849419593811035),
            ["LeftLowerArm"] = CFrame.new(-2.0116567611694336e-07, -0.000011205673217773438, 0.000031791627407073975, 0.9999999403953552, -0.000487428973428905, -0.00011599437857512385, 0.0004504882381297648, 0.9759830236434937, -0.21784652769565582, 0.00021930414368398488, 0.2178461104631424, 0.9759830832481384),
            ["RightUpperArm"] = CFrame.new(-1.7881393432617188e-07, 0, -5.960464477539063e-08, -0.11168287694454193, 0.0719757229089737, 0.9911339282989502, 0.9516108632087708, -0.2795926630496979, 0.1275332123041153, 0.28629302978515625, 0.9574170708656311, -0.0372672900557518),
            ["Head"] = CFrame.new(-5.960464477539063e-08, -1.1920928955078125e-07, -3.725290298461914e-08, 0.9986182451248169, 0.009090104140341282, 0.05175914987921715, -0.0055652037262916565, 0.9976805448532104, -0.06784358620643616, -0.052255816757678986, 0.06746181845664978, 0.9963525533676147),
            ["RightHand"] = CFrame.new(-3.8743019104003906e-07, 0, -2.3096799850463867e-07, 0.35258227586746216, -0.12337981909513474, 0.9276115298271179, 0.13260012865066528, 0.987855076789856, 0.08099177479743958, -0.9263385534286499, 0.0944451242685318, 0.3646603226661682),
            ["UpperTorso"] = CFrame.new(3.725290298461914e-09, -3.2782554626464844e-07, -7.450580596923828e-09, 0.9989711046218872, -0.003591482061892748, -0.045209337025880814, 0.005691491067409515, 0.9989064335823059, 0.04640814661979675, 0.04499330371618271, -0.04661773145198822, 0.997899055480957),
            ["HumanoidRootPart"] = CFrame.new(0, 0, 0, 1, 0, 0, 0, 1, 0, 0, 0, 1),
            ["RightUpperLeg"] = CFrame.new(-0.0015701055526733398, -0.004419781267642975, 0.006804613396525383, 0.9767563343048096, -0.022033991292119026, -0.2132168561220169, -0.14816032350063324, 0.6494367122650146, -0.7458422183990479, 0.15490500628948212, 0.7600963115692139, 0.6310769319534302),
            ["LeftUpperArm"] = CFrame.new(2.384185791015625e-07, 1.1920928955078125e-07, 2.682209014892578e-07, 0.9619337916374207, -0.1524733304977417, -0.2267935574054718, -0.1744275838136673, 0.296303391456604, -0.9390311241149902, 0.21037675440311432, 0.942844808101654, 0.25842875242233276),
            ["RightLowerArm"] = CFrame.new(-7.450580596923828e-09, 0.000011026859283447266, -0.00003170967102050781, 1, -1.0803340444454079e-07, -1.164153076160801e-07, 9.988436033836479e-08, 0.88558429479599, -0.46447882056236267, -1.0803343286625022e-07, 0.46447861194610596, 0.8855842351913452),
            ["LeftHand"] = CFrame.new(-2.384185791015625e-07, 1.7881393432617188e-07, 7.744529284536839e-08, 0.25494149327278137, 0.3940619230270386, 0.8830177187919617, -0.44927066564559937, 0.8569121360778809, -0.2527001202106476, -0.8562480807304382, -0.3322902023792267, 0.3955027759075165),
            ["LeftFoot"] = CFrame.new(3.725290298461914e-08, 0, -3.725290298461914e-08, 0.9882278442382812, -0.1280536651611328, -0.08371438831090927, 0.09911782294511795, 0.9527113437652588, -0.287257581949234, 0.11653995513916016, 0.27557840943336487, 0.9541881680488586),
