return {
    ["Arachrobatics"] = {
        {Time = 0.000, Data = {
            ["RightFoot"] = CFrame.new(3.725290298461914e-09, 5.960464477539062e-07, -5.75528247281909e-09, 0.9567334651947021, 0.1845623105764389, -0.22494007647037506, 0.017563752830028534, 0.735037624835968, 0.6777987480163574, 0.2904354929924011, -0.652423620223999, 0.6999934315681458),
            ["LeftLowerArm"] = CFrame.new(1.7881393432617188e-07, -1.7881393432617188e-07, -3.7997961044311523e-07, 1, -2.980232949312267e-08, 0, 6.146728992462158e-08, 0.9840720891952515, -0.17777054011821747, 1.862645149230957e-08, 0.17777051031589508, 0.9840720891952515),
            ["RightUpperArm"] = CFrame.new(0, 3.5762786865234375e-07, 1.1920928955078125e-07, 0.9560720324516296, -0.2799927294254303, 0.08677788823843002, 0.16877277195453644, 0.7678372859954834, 0.6180142164230347, -0.23967081308364868, -0.5762204527854919, 0.7813630700111389),
            ["Head"] = CFrame.new(3.725290298461914e-08, 1.1920928955078125e-07, -7.078051567077637e-08, 0.9983199834823608, 0.02321886643767357, 0.05308684706687927, 0.019405415281653404, 0.729307234287262, -0.6839109659194946, -0.0545964241027832, 0.6837922930717468, 0.7276315093040466),
            ["RightHand"] = CFrame.new(4.6566128730773926e-08, -1.1920928955078125e-07, -2.086162567138672e-07, 0.4779408574104309, 0.137314572930336, -0.8675927519798279, -0.6759999394416809, 0.6881895065307617, -0.26347553730010986, 0.5608891248703003, 0.7124184370040894, 0.4217388331890106),
            ["UpperTorso"] = CFrame.new(9.458744898438454e-10, 8.940696716308594e-08, -8.067581802606583e-08, 0.9947739243507385, -0.030447689816355705, -0.09745754301548004, 0.015898561105132103, 0.9890505075454712, -0.14671854674816132, 0.1008576899766922, 0.14440248906612396, 0.984365701675415),
            ["HumanoidRootPart"] = CFrame.new(0, 0, 0, 1, 0, 0, 0, 1, 0, 0, 0, 1),
            ["RightUpperLeg"] = CFrame.new(0, 2.9848888516426086e-07, -2.0402512745931745e-07, 0.9850531816482544, 0.03663124516606331, 0.16831067204475403, 0.04702103137969971, 0.8828294277191162, -0.4673343598842621, -0.16570866107940674, 0.4682633578777313, 0.8679113984107971),
            ["LeftUpperArm"] = CFrame.new(1.1920928955078125e-07, 1.1920928955078125e-07, 8.195638656616211e-08, 0.9712843894958496, 0.16631752252578735, 0.1701333373785019, -0.23709969222545624, 0.7360172867774963, 0.6340836882591248, -0.01976202428340912, -0.6562142968177795, 0.754315972328186),
            ["RightLowerArm"] = CFrame.new(-5.960464477539063e-08, 1.1920928955078125e-07, 2.384185791015625e-07, 1, -1.862645326866641e-08, 5.587936779960501e-09, 3.725291186640334e-09, 0.9857929348945618, -0.16796568036079407, -1.3038519597330378e-08, 0.16796565055847168, 0.985792875289917),
            ["LeftHand"] = CFrame.new(7.031485438346863e-08, -5.960464477539063e-08, -1.2293457984924316e-07, 0.6732258796691895, -0.3539096415042877, 0.6492418646812439, 0.5989029407501221, 0.7759455442428589, -0.19805023074150085, -0.433684378862381, 0.5221653580665588, 0.7343440651893616),
            ["LeftFoot"] = CFrame.new(-1.4901161193847656e-08, 5.960464477539063e-08, 7.450580596923828e-08, 0.9619995951652527, -0.1219557598233223, 0.24430251121520996, -0.08557001501321793, 0.7149921655654907, 0.6938760876655579, -0.2592965066432953, -0.6884133219718933, 0.6773863434791565),
            ["LowerTorso"] = CFrame.new(-0.07266295701265335, 0.1950840950012207, -0.032852210104465485, 0.9999369382858276, -0.007580857258290052, -0.00828622654080391, 0.011228876188397408, 0.6611077189445496, 0.7502070665359497, -0.00020914671767968684, -0.7502527236938477, 0.6611511707305908),
            ["RightLowerLeg"] = CFrame.new(-3.725290298461914e-08, -0.00005990266799926758, -0.00007184425339801237, 1, -5.5879372240497105e-09, 9.313226634333205e-09, 3.725290298461914e-09, 0.9999833703041077, 0.005780243314802647, 0, -0.005780184641480446, 0.9999833703041077),
            ["LeftUpperLeg"] = CFrame.new(0, 4.6100467443466187e-08, -6.984919309616089e-08, 0.9830494523048401, -0.07484515756368637, -0.16736790537834167, -0.012300795875489712, 0.8838972449302673, -0.4675193428993225, 0.18292760848999023, 0.46165359020233154, 0.8679941296577454),
            ["LeftLowerLeg"] = CFrame.new(-1.1175870895385742e-08, 0.00006073713302612305, 0.00007205456495285034, 1, 2.2351745343485163e-08, 1.862644971595273e-08, -3.725290742551124e-09, 0.9999830722808838, 0.005824792664498091, -7.450581485102248e-09, -0.0058248830027878284, 0.999983012676239),
        }},
        {Time = 0.033, Data = {
            ["RightFoot"] = CFrame.new(2.0721927285194397e-08, 2.980232238769531e-07, -8.77116690389812e-08, 0.9828581213951111, 0.0024693410377949476, -0.18434704840183258, 0.06907011568546295, 0.9221548438072205, 0.38060444593429565, 0.17093628644943237, -0.38681307435035706, 0.9061769247055054),
            ["LeftLowerArm"] = CFrame.new(1.1920928955078125e-07, 0, -6.26780092716217e-07, 1, -2.0489096641540527e-08, 0, -5.587935447692871e-09, 0.9901226162910461, -0.14020425081253052, 1.5832483768463135e-08, 0.14020417630672455, 0.9901226758956909),
            ["RightUpperArm"] = CFrame.new(-5.960464477539063e-08, 3.5762786865234375e-07, 1.7881393432617188e-07, 0.8675510883331299, -0.2405099868774414, -0.4353276193141937, 0.46442848443984985, 0.7049208283424377, 0.5360901951789856, 0.17793647944927216, -0.6672642827033997, 0.7232545614242554),
            ["Head"] = CFrame.new(-2.2351741790771484e-08, 2.384185791015625e-07, -9.685754776000977e-08, 0.9974291324615479, -0.03723284229636192, 0.06122748181223869, 0.06908826529979706, 0.7264678478240967, -0.6837185621261597, -0.019023176282644272, 0.6861910223960876, 0.7271727323532104),
            ["RightHand"] = CFrame.new(2.60770320892334e-07, 0, 1.2665987014770508e-07, 0.5407030582427979, 0.311775803565979, -0.7813038229942322, -0.7096113562583923, 0.6678411364555359, -0.22458896040916443, 0.45176535844802856, 0.6758580803871155, 0.5823436379432678),
            ["UpperTorso"] = CFrame.new(3.725290298461914e-09, 2.9802322387695312e-08, 9.452924132347107e-08, 0.9814132452011108, 0.05001179501414299, -0.18527524173259735, -0.10503342747688293, 0.9479888677597046, -0.30047497153282166, 0.1606115996837616, 0.3143502473831177, 0.9356216788291931),
            ["HumanoidRootPart"] = CFrame.new(0, 0, 0, 1, 0, 0, 0, 1, 0, 0, 0, 1),
            ["RightUpperLeg"] = CFrame.new(-2.9802322387695312e-08, 3.3527612686157227e-08, 4.300818545743823e-08, 0.9941132068634033, 0.09265607595443726, -0.05615951865911484, -0.10725946724414825, 0.9148648977279663, -0.38925275206565857, 0.015311743132770061, 0.39298489689826965, 0.9194174408912659),
            ["LeftUpperArm"] = CFrame.new(1.1920928955078125e-07, 2.384185791015625e-07, 1.1920928955078125e-07, 0.9299224615097046, 0.17564940452575684, 0.3230969309806824, -0.364360511302948, 0.5591601133346558, 0.7447021007537842, -0.04985669255256653, -0.8102390170097351, 0.5839753150939941),
            ["RightLowerArm"] = CFrame.new(-5.960464477539063e-08, 5.960464477539063e-08, 2.1606683731079102e-07, 1, 2.2351745343485163e-08, 1.6763806343078613e-08, 1.4901159417490817e-08, 1, 7.450580596923828e-09, 4.284083487959833e-08, -4.4703490686970326e-08, 1),
            ["LeftHand"] = CFrame.new(-1.7508864402770996e-07, 1.1920928955078125e-07, -2.1792948246002197e-07, 0.5080470442771912, -0.41046789288520813, 0.7572347521781921, 0.7336122393608093, 0.6668795943260193, -0.13070854544639587, -0.45133283734321594, 0.6219225525856018, 0.6399304866790771),
            ["LeftFoot"] = CFrame.new(-9.313225746154785e-09, 1.1920928955078125e-07, 1.4901161193847656e-08, 0.9847675561904907, 0.1152426153421402, 0.13020017743110657, -0.15413112938404083, 0.9251508116722107, 0.34690025448799133, -0.08047713339328766, -0.3616839051246643, 0.9288209080696106),
            ["LowerTorso"] = CFrame.new(-0.09282366931438446, 0.48581981658935547, -0.14096970856189728, 0.9948156476020813, -0.08800972998142242, 0.05095212534070015, 0.005904798395931721, 0.5501741766929626, 0.8350291848182678, -0.10152323544025421, -0.830399215221405, 0.547841489315033),
            ["RightLowerLeg"] = CFrame.new(1.1525116860866547e-08, -0.00006014108657836914, -0.00007207335875136778, 1, -2.561137302237171e-09, -6.984919309616089e-10, -5.122274604474342e-09, 0.9999831914901733, 0.0058005331084132195, -4.190952029858863e-09, -0.00580050703138113, 0.9999831914901733),
            ["LeftUpperLeg"] = CFrame.new(2.9802322387695312e-08, 8.195638656616211e-08, 1.0989606380462646e-07, 0.9906309843063354, -0.05655394122004509, -0.12430606782436371, -0.017446154728531837, 0.850360631942749, -0.5259110927581787, 0.13544736802577972, 0.5231525897979736, 0.8414068818092346),
            ["LeftLowerLeg"] = CFrame.new(-8.614733815193176e-08, 0.00006115436553955078, 0.00007207877933979034, 1, 2.2351745343485163e-08, -2.7939683899802503e-09, 2.3283066585833012e-09, 0.9781650900840759, 0.20782920718193054, 1.862645371275562e-09, -0.20782946050167084, 0.9781652092933655),
        }},
        {Time = 0.067, Data = {
            ["RightFoot"] = CFrame.new(-3.771856427192688e-08, 1.7881393432617188e-07, -8.864299161359668e-08, 0.9912146925926208, 0.005510013084858656, -0.13214796781539917, 0.04098876565694809, 0.9371454119682312, 0.34652355313301086, 0.12575125694274902, -0.34889575839042664, 0.9286863803863525),
            ["LeftLowerArm"] = CFrame.new(5.960464477539063e-08, -1.1920928955078125e-07, -2.4586915969848633e-07, 1, -2.980232949312267e-08, 3.469177656256761e-08, 4.842878453814592e-08, 0.9938510060310364, -0.11072677373886108, 2.980232949312267e-08, 0.11072666198015213, 0.9938509464263916),
            ["RightUpperArm"] = CFrame.new(-5.960464477539063e-08, 0, -1.2665987014770508e-07, 0.6511476039886475, -0.2509355843067169, -0.716266930103302, 0.6065261363983154, 0.7393597960472107, 0.2923578917980194, 0.45621591806411743, -0.6248027682304382, 0.6336312294006348),
            ["Head"] = CFrame.new(2.60770320892334e-08, 2.384185791015625e-07, -3.725290298461914e-09, 0.9957210421562195, -0.08639482408761978, 0.03279586881399155, 0.07843374460935593, 0.6024534702301025, -0.7942907810211182, 0.04886443540453911, 0.7934644222259521, 0.6066519618034363),
            ["RightHand"] = CFrame.new(4.190951585769653e-09, 5.960464477539063e-08, -8.195638656616211e-08, 0.7906850576400757, 0.5089360475540161, -0.34029555320739746, -0.5965397357940674, 0.7654573321342468, -0.2412787526845932, 0.1376863718032837, 0.39377546310424805, 0.9088363647460938),
            ["UpperTorso"] = CFrame.new(0, -8.940696716308594e-08, 1.3597309589385986e-07, 0.960547685623169, 0.0932028740644455, -0.262033075094223, -0.14851658046245575, 0.968486487865448, -0.199942484498024, 0.23514026403427124, 0.23097044229507446, 0.9441195130348206),
            ["HumanoidRootPart"] = CFrame.new(0, 0, 0, 1, 0, 0, 0, 1, 0, 0, 0, 1),
            ["RightUpperLeg"] = CFrame.new(0, -1.6763806343078613e-07, -1.0600342648103833e-07, 0.9860495328903198, 0.1175118014216423, -0.11788748949766159, -0.14449165761470795, 0.9558885097503662, -0.25573304295539856, 0.08263561874628067, 0.2691989839076996, 0.9595327973365784),
            ["LeftUpperArm"] = CFrame.new(5.960464477539063e-08, 1.1920928955078125e-07, 7.450580596923828e-08, 0.8962766528129578, 0.21486173570156097, 0.3879726827144623, -0.43996626138687134, 0.5409079194068909, 0.7168319821357727, -0.05583788454532623, -0.8131747841835022, 0.5793350338935852),
            ["RightLowerArm"] = CFrame.new(-5.960464477539063e-08, 0, 7.450580596923828e-08, 1, 1.6763801014008095e-08, -6.519256601222878e-08, -1.1175868230850483e-08, 1, 2.7939670133036998e-08, 5.5879340266073996e-08, -5.587933671336032e-09, 1),
            ["LeftHand"] = CFrame.new(-1.6391277313232422e-07, 5.960464477539063e-08, 2.310844138264656e-08, 0.46760016679763794, -0.37045976519584656, 0.8025645613670349, 0.7109156250953674, 0.6971827149391174, -0.09238670766353607, -0.5253086686134338, 0.6137555837631226, 0.5893681645393372),
            ["LeftFoot"] = CFrame.new(-8.381903171539307e-09, -2.384185791015625e-07, -8.568167686462402e-08, 0.9911996126174927, 0.0630749836564064, 0.11638275533914566, -0.10586046427488327, 0.9055556654930115, 0.4108071029186249, -0.0794794112443924, -0.41951221227645874, 0.9042635560035706),
            ["LowerTorso"] = CFrame.new(-0.11817487329244614, 0.7226376533508301, -0.2262754738330841, 0.9841217398643494, -0.13069719076156616, 0.12009458243846893, -0.038782838732004166, 0.5019222497940063, 0.8640428781509399, -0.1732061356306076, -0.8549809455871582, 0.48888370394706726),
            ["RightLowerLeg"] = CFrame.new(8.731149137020111e-09, -0.00006020069122314453, -0.00007172131881816313, 1, 3.725290742551124e-09, -4.6566123179658803e-10, 8.381904059717726e-09, 0.9999875426292419, 0.00499394815415144, -8.381904059717726e-09, -0.004993926268070936, 0.9999876022338867),
            ["LeftUpperLeg"] = CFrame.new(-5.960464477539063e-08, 7.450580596923828e-08, 2.60770320892334e-07, 0.9757612347602844, -0.011315573938190937, -0.2185451090335846, -0.06053854525089264, 0.9457316994667053, -0.3192600607872009, 0.21029753983020782, 0.3247517943382263, 0.9221231937408447),
            ["LeftLowerLeg"] = CFrame.new(4.563480615615845e-08, 0.00006079673767089844, 0.00007184594869613647, 1, -1.4901164746561335e-08, 3.073364851502447e-08, -1.6763808119435453e-08, 0.9999828934669495, 0.005855923984199762, 2.3283067918100642e-08, -0.00585571862757206, 0.9999828934669495),
        }},
        {Time = 0.100, Data = {
            ["RightFoot"] = CFrame.new(-8.381903171539307e-09, 2.384185791015625e-07, -1.789812813512981e-07, 0.9950303435325623, 0.0022711355704814196, -0.09954734891653061, 0.031015759333968163, 0.9429338574409485, 0.3315325081348419, 0.09461965411901474, -0.3329724371433258, 0.938177227973938),
            ["LeftLowerArm"] = CFrame.new(0, -5.960464477539063e-08, -3.5762786865234375e-07, 1, 6.519258732851085e-08, 2.2351745343485163e-08, 4.0978196835794733e-08, 0.9971630573272705, -0.07527264207601547, 3.725290653733282e-08, 0.07527264952659607, 0.9971629977226257),
            ["RightUpperArm"] = CFrame.new(0, 2.384185791015625e-07, 1.1920928955078125e-07, 0.5088165402412415, -0.29985949397087097, -0.8069636225700378, 0.6391531229019165, 0.7595380544662476, 0.12077000737190247, 0.5767053961753845, -0.5772230625152588, 0.5781214833259583),
            ["Head"] = CFrame.new(-1.4901161193847656e-08, 0, 8.568167686462402e-08, 0.9939477443695068, -0.10983749479055405, 0.0019290279597043991, 0.06047363951802254, 0.5324143171310425, -0.8443209528923035, 0.09171082824468613, 0.8393275737762451, 0.5358343720436096),
            ["RightHand"] = CFrame.new(-2.1606683731079102e-07, -1.1920928955078125e-07, 1.601874828338623e-07, 0.9383662343025208, 0.34423622488975525, 0.03114958107471466, -0.32305970788002014, 0.9055286049842834, -0.2750462591648102, -0.12288758158683777, 0.24803118407726288, 0.9609262347221375),
            ["UpperTorso"] = CFrame.new(-2.9802322387695312e-08, 1.4901161193847656e-07, 3.650784492492676e-07, 0.9535816311836243, 0.12480196356773376, -0.27405595779418945, -0.1513112336397171, 0.9854246377944946, -0.077738456428051, 0.2603595554828644, 0.1155976876616478, 0.9585667252540588),
            ["HumanoidRootPart"] = CFrame.new(0, 0, 0, 1, 0, 0, 0, 1, 0, 0, 0, 1),
            ["RightUpperLeg"] = CFrame.new(0, 2.1606683731079102e-07, 4.300818545743823e-08, 0.9841561913490295, 0.15730087459087372, -0.08181120455265045, -0.16801923513412476, 0.9747616052627563, -0.1470014601945877, 0.05662288889288902, 0.15841826796531677, 0.985747218132019),
            ["LeftUpperArm"] = CFrame.new(-1.1920928955078125e-07, -1.1920928955078125e-07, 1.4901161193847656e-07, 0.8926059603691101, 0.2654440999031067, 0.36440956592559814, -0.4497830867767334, 0.5795734524726868, 0.6795510053634644, -0.0308196060359478, -0.7704765796661377, 0.6367229223251343),
            ["RightLowerArm"] = CFrame.new(-2.980232238769531e-07, -2.384185791015625e-07, 2.8312206268310547e-07, 1, 7.450580596923828e-09, -5.587935447692871e-08, -7.4505797087454084e-09, 1, 7.450580596923828e-09, 7.4505797087454084e-09, -1.862645149230957e-08, 1),
            ["LeftHand"] = CFrame.new(-8.940696716308594e-08, 1.7881393432617188e-07, -8.940696716308594e-08, 0.6967750787734985, -0.18556809425354004, 0.6928703188896179, 0.43913164734840393, 0.8741341829299927, -0.20749172568321228, -0.5671579241752625, 0.44883623719215393, 0.6905634999275208),
            ["LeftFoot"] = CFrame.new(-2.7939677238464355e-08, 1.1920928955078125e-07, -7.450580596923828e-09, 0.9947994351387024, -0.0013874629512429237, 0.10184330493211746, -0.039251770824193954, 0.9174508452415466, 0.39590829610824585, -0.09398557990789413, -0.3978468179702759, 0.9126251935958862),
            ["LowerTorso"] = CFrame.new(-0.1276480108499527, 0.8930046558380127, -0.29005205631256104, 0.9826294779777527, -0.15116740763187408, 0.10764654725790024, -0.025846188887953758, 0.46292808651924133, 0.8860189914703369, -0.1837698221206665, -0.8734105825424194, 0.45097965002059937),
            ["RightLowerLeg"] = CFrame.new(-3.958120942115784e-08, -0.000060439109802246094, -0.00007198395178420469, 1, 9.313227966600834e-10, -9.31322907682386e-10, -2.7939677238464355e-09, 0.9999873638153076, 0.0050374604761600494, 2.3283064365386963e-09, -0.005037603434175253, 0.9999873638153076),
            ["LeftUpperLeg"] = CFrame.new(-1.1920928955078125e-07, 3.3527612686157227e-07, 3.427267074584961e-07, 0.9718814492225647, 0.026817796751856804, -0.23393867909908295, -0.07850272953510284, 0.973557710647583, -0.21452899277210236, 0.22199949622154236, 0.2268616408109665, 0.9482879638671875),
            ["LeftLowerLeg"] = CFrame.new(-3.259629011154175e-08, 0.000060498714447021484, 0.00007205456495285034, 1, -1.9557775843281888e-08, 2.0954759705205106e-08, -2.654268982382746e-08, 0.9999873042106628, 0.005041798111051321, 1.0244547432591844e-08, -0.005041659343987703, 0.9999873638153076),
        }},
        {Time = 0.133, Data = {
            ["RightFoot"] = CFrame.new(-1.955777406692505e-08, 3.5762786865234375e-07, 2.1403684513643384e-07, 0.994059145450592, 0.002919310936704278, -0.10880284011363983, 0.03841041401028633, 0.9259151816368103, 0.37577366828918457, 0.10183915495872498, -0.37772035598754883, 0.9203022718429565),
            ["LeftLowerArm"] = CFrame.new(3.2782554626464844e-07, -1.1920928955078125e-07, -5.960464477539063e-08, 1, -5.739273944982415e-08, -1.1641532182693481e-08, -1.6763806343078613e-08, 0.9973543286323547, -0.0726938545703888, -1.862645149230957e-09, 0.07269375026226044, 0.9973543882369995),
            ["RightUpperArm"] = CFrame.new(0, 0, -4.6193599700927734e-07, 0.3895527720451355, -0.324432909488678, -0.8619698882102966, 0.7034878730773926, 0.7088663578033447, 0.05112248659133911, 0.5944355130195618, -0.6263000965118408, 0.5043753981590271),
            ["Head"] = CFrame.new(-2.9802322387695312e-08, -2.384185791015625e-07, -4.470348358154297e-07, 0.9860889315605164, -0.16517819464206696, -0.018572542816400528, 0.08385755121707916, 0.5908413529396057, -0.8024178743362427, 0.14351508021354675, 0.7896978259086609, 0.5964734554290771),
            ["RightHand"] = CFrame.new(4.76837158203125e-07, 1.1920928955078125e-07, 6.705522537231445e-08, 0.9816351532936096, 0.04274176061153412, 0.1859184354543686, -0.009027092717587948, 0.9838929772377014, -0.1785302311182022, -0.19055458903312683, 0.17357344925403595, 0.9662097692489624),
            ["UpperTorso"] = CFrame.new(-1.862645149230957e-08, 5.960464477539063e-08, 6.798654794692993e-08, 0.9602072834968567, 0.14196886122226715, -0.24051377177238464, -0.1505504846572876, 0.9884458780288696, -0.017592094838619232, 0.23523733019828796, 0.05310140177607536, 0.9704862833023071),
            ["HumanoidRootPart"] = CFrame.new(0, 0, 0, 1, 0, 0, 0, 1, 0, 0, 0, 1),
            ["RightUpperLeg"] = CFrame.new(-8.940696716308594e-08, -6.705522537231445e-08, 2.050583134405315e-07, 0.9832451939582825, 0.18227006494998932, -0.00258489022962749, -0.18228808045387268, 0.983115017414093, -0.015997624024748802, -0.00037465390050783753, 0.01620061695575714, 0.9998687505722046),
            ["LeftUpperArm"] = CFrame.new(5.960464477539063e-08, -1.1920928955078125e-07, -5.811452865600586e-07, 0.8926447629928589, 0.3527665436267853, 0.28060904145240784, -0.4428526759147644, 0.5702304840087891, 0.691895067691803, 0.08406536281108856, -0.7418848276138306, 0.6652367115020752),
            ["RightLowerArm"] = CFrame.new(1.7881393432617188e-07, -2.384185791015625e-07, 2.384185791015625e-07, 1, -5.21540641784668e-08, 6.705522537231445e-08, -4.097818262494002e-08, 1, 1.4901161193847656e-08, 8.940694584680386e-08, 7.450580596923828e-09, 1),
            ["LeftHand"] = CFrame.new(-1.1362135410308838e-07, -5.960464477539063e-08, 3.5762786865234375e-07, 0.8476340770721436, 0.013127602636814117, 0.5304192304611206, 0.10983948409557343, 0.9736960530281067, -0.19962801039218903, -0.5190874338150024, 0.22747273743152618, 0.8238956928253174),
            ["LeftFoot"] = CFrame.new(7.450580596923828e-09, -5.960464477539063e-08, 1.825392246246338e-07, 0.9999317526817322, 0.0003296155482530594, -0.011678088456392288, 0.004294819664210081, 0.9192348718643188, 0.3936861455440521, 0.010864737443625927, -0.3937094211578369, 0.9191707372665405),
            ["LowerTorso"] = CFrame.new(-0.1306152045726776, 0.9790077209472656, -0.3098260462284088, 0.9841917753219604, -0.16410690546035767, 0.06659924238920212, 0.009589109569787979, 0.42486631870269775, 0.9052053093910217, -0.17684626579284668, -0.8902570009231567, 0.4197235405445099),
            ["RightLowerLeg"] = CFrame.new(-6.705522537231445e-08, -0.000060439109802246094, -0.00007186660513980314, 1, -1.3969840395589017e-08, 9.313225746154785e-09, -1.3969840395589017e-08, 0.9999871253967285, 0.005084547679871321, 6.05359762317903e-09, -0.005084448494017124, 0.9999870657920837),
            ["LeftUpperLeg"] = CFrame.new(-5.960464477539063e-08, -4.470348358154297e-08, 7.82310962677002e-08, 0.979564905166626, 0.05280132591724396, -0.19407415390014648, -0.073405921459198, 0.9922197461128235, -0.10055612027645111, 0.18725469708442688, 0.11274726688861847, 0.9758195281028748),
            ["LeftLowerLeg"] = CFrame.new(-7.916241884231567e-08, 0.00006073713302612305, 0.00007249414920806885, 1, -2.60770320892334e-08, 4.6566128730773926e-09, -1.4901161193847656e-08, 0.9999871253967285, 0.005083897151052952, 1.862645149230957e-09, -0.005083858035504818, 0.9999871253967285),
        }},
        {Time = 0.167, Data = {
            ["RightFoot"] = CFrame.new(2.8870999813079834e-08, 4.76837158203125e-07, 1.246298779733479e-07, 0.9914004802703857, 0.022153209894895554, -0.1289748102426529, 0.037945155054330826, 0.8945624232292175, 0.44532957673072815, 0.12524156272411346, -0.44639381766319275, 0.8860289454460144),
            ["LeftLowerArm"] = CFrame.new(-1.1920928955078125e-07, 1.1920928955078125e-07, -3.073364496231079e-07, 1, -1.1175873559921001e-08, -3.725290653733282e-08, -3.72529100900465e-08, 0.991452693939209, -0.1304669827222824, 7.543714986013583e-08, 0.1304669976234436, 0.991452693939209),
            ["RightUpperArm"] = CFrame.new(1.1920928955078125e-07, 0, -2.682209014892578e-07, 0.47573181986808777, -0.32566264271736145, -0.8170821070671082, 0.7064391374588013, 0.6949068307876587, 0.13434430956840515, 0.5240449905395508, -0.6411305665969849, 0.5606500506401062),
            ["Head"] = CFrame.new(3.725290298461914e-08, 0, -2.7567148208618164e-07, 0.9772738814353943, -0.20980481803417206, -0.030295606702566147, 0.12273626774549484, 0.676554799079895, -0.7260918021202087, 0.17283403873443604, 0.7058721780776978, 0.6869299411773682),
            ["RightHand"] = CFrame.new(1.1920928955078125e-07, 0, 1.8998980522155762e-07, 0.9775949716567993, -0.18863804638385773, 0.09340132772922516, 0.19908778369426727, 0.9726970195770264, -0.11926634609699249, -0.06835292279720306, 0.13518939912319183, 0.9884592890739441),
            ["UpperTorso"] = CFrame.new(1.4901161193847656e-08, 5.960464477539063e-08, 1.6391277313232422e-07, 0.9719415307044983, 0.1524663120508194, -0.17911984026432037, -0.1463811695575714, 0.9881210327148438, 0.04679122194647789, 0.1841261237859726, -0.019258607178926468, 0.9827139973640442),
            ["HumanoidRootPart"] = CFrame.new(0, 0, 0, 1, 0, 0, 0, 1, 0, 0, 0, 1),
            ["RightUpperLeg"] = CFrame.new(0, -3.3527612686157227e-08, 5.424299160949886e-07, 0.9771742820739746, 0.18217171728610992, 0.10928897559642792, -0.19268903136253357, 0.9766607880592346, 0.0948929637670517, -0.08945148438215256, -0.11378590762615204, 0.9894702434539795),
            ["LeftUpperArm"] = CFrame.new(0, 2.384185791015625e-07, -3.129243850708008e-07, 0.8747305870056152, 0.4663315415382385, 0.13183946907520294, -0.4005047082901001, 0.5424829721450806, 0.7384498119354248, 0.27284157276153564, -0.698746919631958, 0.6612943410873413),
            ["RightLowerArm"] = CFrame.new(2.980232238769531e-07, -1.1920928955078125e-07, 1.6763806343078613e-07, 1, -4.4703494239684005e-08, -7.450582373280668e-09, -2.2351747119842003e-08, 0.9999769926071167, -0.0067968047223985195, -2.7939683899802503e-09, 0.006796838250011206, 0.9999769330024719),
            ["LeftHand"] = CFrame.new(5.960464477539063e-08, 5.960464477539063e-08, -2.682209014892578e-07, 0.8865922689437866, 0.04742982238531113, 0.4601138234138489, -0.00698482058942318, 0.9959883689880371, -0.08921072632074356, -0.4624989628791809, 0.0758797898888588, 0.8833667635917664),
            ["LeftFoot"] = CFrame.new(0, 5.960464477539063e-08, -2.0116567611694336e-07, 0.9945133924484253, 0.024401847273111343, -0.10172390192747116, 0.018837343901395798, 0.914743185043335, 0.40359681844711304, 0.1028997153043747, -0.4032983183860779, 0.9092644453048706),
            ["LowerTorso"] = CFrame.new(-0.13138149678707123, 1.0385334491729736, -0.31166261434555054, 0.9852633476257324, -0.17071256041526794, -0.01064846571534872, 0.07532337307929993, 0.3771481215953827, 0.9230849146842957, -0.1535661518573761, -0.9102838635444641, 0.3844487965106964),
            ["RightLowerLeg"] = CFrame.new(1.257285475730896e-08, -0.000060558319091796875, -0.00007193552301032469, 1, -3.073364851502447e-08, -1.210719524635806e-08, 1.30385116037246e-08, 0.9999868869781494, 0.005125781055539846, 1.327134224737847e-08, -0.005125692579895258, 0.9999869465827942),
            ["LeftUpperLeg"] = CFrame.new(0, -2.4586915969848633e-07, 6.472691893577576e-08, 0.9913222193717957, 0.057955995202064514, -0.11798914521932602, -0.05642567202448845, 0.9982742071151733, 0.016272343695163727, 0.11872854083776474, -0.009473529644310474, 0.9928815960884094),
            ["LeftLowerLeg"] = CFrame.new(5.587935447692871e-09, 0.00006079673767089844, 0.00007230788469314575, 1, -3.725291630729544e-09, 1.862645149230957e-09, -7.450580596923828e-09, 0.9999869465827942, 0.0051284246146678925, 1.4901161193847656e-08, -0.005128510296344757, 0.9999868869781494),
        }},
        {Time = 0.200, Data = {
            ["RightFoot"] = CFrame.new(-1.4901161193847656e-08, 2.384185791015625e-07, -1.0261283023282886e-07, 0.9756056666374207, 0.0959843248128891, -0.19743569195270538, 0.008312780410051346, 0.8825551271438599, 0.4701355993747711, 0.21937347948551178, -0.4603080153465271, 0.8602277636528015),
            ["LeftLowerArm"] = CFrame.new(3.2782554626464844e-07, 1.7881393432617188e-07, 5.364418029785156e-07, 1, -4.470348358154297e-08, -7.450580596923828e-08, -4.470348358154297e-08, 0.9750655889511108, -0.22191709280014038, 5.960464477539063e-08, 0.22191709280014038, 0.9750655889511108),
            ["RightUpperArm"] = CFrame.new(0, -2.384185791015625e-07, 2.9802322387695312e-08, 0.5998456478118896, -0.3666693866252899, -0.7111532092094421, 0.7181180119514465, 0.6386674046516418, 0.2764244079589844, 0.35283395648002625, -0.6765038967132568, 0.6464136242866516),
            ["Head"] = CFrame.new(-4.470348358154297e-08, -1.1920928955078125e-07, -1.1175870895385742e-07, 0.9723633527755737, -0.23272483050823212, -0.01867939904332161, 0.1778123676776886, 0.7900235056877136, -0.5867244005203247, 0.15130241215229034, 0.5671879053115845, 0.8095712065696716),
            ["RightHand"] = CFrame.new(-2.980232238769531e-07, 2.384185791015625e-07, 3.725290298461914e-08, 0.993407130241394, -0.08185574412345886, -0.08026251941919327, 0.07174026966094971, 0.9899716973304749, -0.12169365584850311, 0.08941902965307236, 0.11513335257768631, 0.9893172383308411),
            ["UpperTorso"] = CFrame.new(2.2351741790771484e-08, -2.9802322387695312e-08, -6.891787052154541e-08, 0.9810594916343689, 0.14742985367774963, -0.12564551830291748, -0.13712896406650543, 0.9867189526557922, 0.08707166463136673, 0.13681373000144958, -0.06819279491901398, 0.9882467985153198),
            ["HumanoidRootPart"] = CFrame.new(0, 0, 0, 1, 0, 0, 0, 1, 0, 0, 0, 1),
            ["RightUpperLeg"] = CFrame.new(-5.960464477539063e-08, -7.82310962677002e-08, -4.412795533426106e-07, 0.9662033915519714, 0.16222481429576874, 0.20033544301986694, -0.19420070946216583, 0.9691392183303833, 0.15184012055397034, -0.16952069103717804, -0.18561357259750366, 0.967889666557312),
            ["LeftUpperArm"] = CFrame.new(-1.1920928955078125e-07, 0, -5.960464477539063e-08, 0.7889270186424255, 0.6135333180427551, -0.03422575816512108, -0.35767289996147156, 0.5037860870361328, 0.7863011956214905, 0.4996642470359802, -0.6080924272537231, 0.6168947815895081),
            ["RightLowerArm"] = CFrame.new(-1.7881393432617188e-07, 1.7881393432617188e-07, 2.9802322387695312e-08, 1, 1.4901164746561335e-08, -2.980232594040899e-08, 7.450582373280668e-09, 0.9981865882873535, -0.060197293758392334, 7.450582373280668e-09, 0.06019732356071472, 0.9981865882873535),
            ["LeftHand"] = CFrame.new(1.4901161193847656e-07, -1.7881393432617188e-07, -2.980232238769531e-07, 0.9022707343101501, 0.05143208056688309, 0.42809173464775085, -0.05331684648990631, 0.9985488653182983, -0.0075952718034386635, -0.4278610050678253, -0.015971457585692406, 0.9037033915519714),
            ["LeftFoot"] = CFrame.new(-2.9802322387695312e-08, 0, 5.21540641784668e-08, 0.9971239566802979, 0.0625753179192543, -0.04275676980614662, -0.03940966725349426, 0.9099986553192139, 0.4127342402935028, 0.06473560631275177, -0.40986207127571106, 0.9098473787307739),
            ["LowerTorso"] = CFrame.new(-0.12859471142292023, 1.0731229782104492, -0.3168841600418091, 0.9772309064865112, -0.17157596349716187, -0.12482589483261108, 0.17402051389217377, 0.31152287125587463, 0.9341683387756348, -0.12139471620321274, -0.9346204400062561, 0.33428749442100525),
            ["RightLowerLeg"] = CFrame.new(-7.450580596923828e-09, -0.0000603795051574707, -0.00007182376430137083, 1, -9.778889697997784e-09, -2.0139848899702884e-08, 1.0244548320770264e-08, 0.9999867081642151, 0.005157317966222763, -1.0128132998943329e-08, -0.005157236009836197, 0.9999867081642151),
            ["LeftUpperLeg"] = CFrame.new(2.384185791015625e-07, 6.705522537231445e-08, 1.862645149230957e-07, 0.9971944093704224, 0.04026623070240021, -0.06310323625802994, -0.0322759784758091, 0.9918959140777588, 0.12288586795330048, 0.06753996014595032, -0.12050411850214005, 0.9904126524925232),
            ["LeftLowerLeg"] = CFrame.new(2.9802322387695312e-08, 0.000060677528381347656, 0.0000722929835319519, 1, 1.4901164746561335e-08, 1.8626449271863521e-09, 3.725290298461914e-09, 0.9999867081642151, 0.0051657031290233135, 9.313225746154785e-10, -0.0051658074371516705, 0.9999867081642151),
        }},
        {Time = 0.233, Data = {
            ["RightFoot"] = CFrame.new(-1.30385160446167e-08, 3.5762786865234375e-07, 1.8889113562181592e-07, 0.9558482766151428, 0.17539134621620178, -0.2357800304889679, -0.029771428555250168, 0.8560218214988708, 0.5160818099975586, 0.2923490107059479, -0.4862762689590454, 0.8234485387802124),
            ["LeftLowerArm"] = CFrame.new(1.7881393432617188e-07, 2.384185791015625e-07, 4.172325134277344e-07, 1, -5.2154071283894154e-08, 1.4901162970204496e-08, 0, 0.8436684012413025, -0.5368647575378418, 0, 0.5368647575378418, 0.8436684012413025),
            ["RightUpperArm"] = CFrame.new(-5.960464477539063e-08, 0, 1.4901161193847656e-08, 0.8007297515869141, -0.5190852284431458, -0.2989692687988281, 0.5920834541320801, 0.6100653409957886, 0.5265522003173828, -0.0909346491098404, -0.5986408591270447, 0.7958393692970276),
            ["Head"] = CFrame.new(1.862645149230957e-08, 0, -1.7136335372924805e-07, 0.9722323417663574, -0.23377549648284912, 0.010657466016709805, 0.213095024228096, 0.8655662536621094, -0.45319467782974243, 0.09672096371650696, 0.4428817927837372, 0.8913478851318359),
            ["RightHand"] = CFrame.new(1.1920928955078125e-07, -2.384185791015625e-07, 5.364418029785156e-07, 0.7812650799751282, 0.05719446390867233, -0.6215734481811523, -0.15267328917980194, 0.983056902885437, -0.10144057124853134, 0.6052402257919312, 0.1741495579481125, 0.7767602205276489),
            ["UpperTorso"] = CFrame.new(8.195638656616211e-08, 8.940696716308594e-08, -6.780028343200684e-07, 0.9908177852630615, 0.09532229602336884, -0.09588522464036942, -0.07577264308929443, 0.9788358807563782, 0.19010230898857117, 0.11197688430547714, -0.18109123408794403, 0.9770707488059998),
            ["HumanoidRootPart"] = CFrame.new(0, 0, 0, 1, 0, 0, 0, 1, 0, 0, 0, 1),
            ["RightUpperLeg"] = CFrame.new(1.1920928955078125e-07, 8.940696716308594e-08, -4.412795533426106e-07, 0.9591042995452881, 0.11150521039962769, 0.26016470789909363, -0.16503699123859406, 0.9670296907424927, 0.19394956529140472, -0.2299605756998062, -0.22895456850528717, 0.9458848237991333),
            ["LeftUpperArm"] = CFrame.new(0, 2.384185791015625e-07, 1.4901161193847656e-08, 0.4826318025588989, 0.8553808331489563, -0.18812383711338043, -0.49235501885414124, 0.44262686371803284, 0.7494449615478516, 0.72432941198349, -0.26908209919929504, 0.6347768902778625),
            ["RightLowerArm"] = CFrame.new(-2.980232238769531e-07, 0, 2.384185791015625e-07, 1, -2.980233304583635e-08, -5.960465188081798e-08, -2.980232594040899e-08, 0.9880891442298889, -0.1538832038640976, 0, 0.15388332307338715, 0.9880891442298889),
            ["LeftHand"] = CFrame.new(-8.940696716308594e-08, 5.960464477539063e-08, 0, 0.7828933596611023, 0.0006905423942953348, 0.6221557259559631, 0.09497421234846115, 0.9881465435028076, -0.12060824036598206, -0.6148641109466553, 0.15351231396198273, 0.7735475897789001),
            ["LeftFoot"] = CFrame.new(7.450580596923828e-08, 5.960464477539063e-08, 1.341104507446289e-07, 0.9904595017433167, 0.1328563690185547, 0.03659556061029434, -0.13572460412979126, 0.8945196866989136, 0.42592674493789673, 0.023851551115512848, -0.42682990431785583, 0.9040173292160034),
            ["LowerTorso"] = CFrame.new(-0.12072405964136124, 1.0843098163604736, -0.3172515332698822, 0.9512253999710083, -0.16362318396568298, -0.2615295350551605, 0.29345178604125977, 0.21840040385723114, 0.9306919574737549, -0.09516462683677673, -0.9620440602302551, 0.25576356053352356),
            ["RightLowerLeg"] = CFrame.new(-1.601874828338623e-07, -0.000060498714447021484, -0.00007229315087897703, 1, 3.492460209919557e-10, -9.124049071829177e-09, -1.0186340659856796e-08, 0.9999865889549255, 0.005187844391912222, -1.9266735762357712e-08, -0.00518812844529748, 0.9999865889549255),
            ["LeftUpperLeg"] = CFrame.new(0, 1.043081283569336e-07, -5.513429641723633e-07, 0.9982073307037354, -0.005125534255057573, -0.05963130667805672, 0.01657218299806118, 0.9810413122177124, 0.193089097738266, 0.05751108378171921, -0.19373095035552979, 0.9793675541877747),
            ["LeftLowerLeg"] = CFrame.new(1.6391277313232422e-07, 0.000060677528381347656, 0.00007227063179016113, 1, -2.421439049271612e-08, -7.916240996053148e-09, 1.6763802790364934e-08, 0.9999865293502808, 0.005202685948461294, -3.166496043149891e-08, -0.0052030147053301334, 0.9999865293502808),
        }},
        {Time = 0.267, Data = {
            ["RightFoot"] = CFrame.new(-1.341104507446289e-07, 2.980232238769531e-07, 1.6596459317952394e-08, 0.9526817202568054, 0.24594338238239288, -0.17863276600837708, -0.1353481560945511, 0.8694149851799011, 0.4751828610897064, 0.27217376232147217, -0.4285201132297516, 0.8615634441375732),
            ["LeftLowerArm"] = CFrame.new(-5.960464477539063e-08, -5.960464477539063e-08, -2.384185791015625e-07, 1, -1.0989607801548118e-07, 2.2351738238057806e-08, 2.9802322387695312e-08, 0.5916674137115479, -0.8061822056770325, 4.470348358154297e-08, 0.8061822056770325, 0.5916672945022583),
            ["RightUpperArm"] = CFrame.new(-2.384185791015625e-07, 2.384185791015625e-07, 2.682209014892578e-07, 0.7585505247116089, -0.6399437189102173, 0.12277282774448395, 0.48857060074806213, 0.6832332015037537, 0.5426704287528992, -0.4311610460281372, -0.3516596853733063, 0.8309245705604553),
            ["Head"] = CFrame.new(-1.1920928955078125e-07, 0, 1.6391277313232422e-07, 0.9837345480918884, -0.15833400189876556, 0.08483335375785828, 0.1795043647289276, 0.8840472102165222, -0.4315537214279175, -0.0066672698594629765, 0.4397623836994171, 0.8980895280838013),
            ["RightHand"] = CFrame.new(5.960464477539063e-08, -2.384185791015625e-07, 2.9802322387695312e-08, 0.4247209131717682, 0.1419239640235901, -0.8941307067871094, -0.2260563224554062, 0.972976803779602, 0.047060202807188034, 0.876647412776947, 0.18213655054569244, 0.44532647728919983),
            ["UpperTorso"] = CFrame.new(1.1175870895385742e-07, 2.9802322387695312e-08, 2.9802322387695312e-08, 0.9849488735198975, -0.05558553338050842, -0.1636645793914795, 0.11451701074838638, 0.919098436832428, 0.37702006101608276, 0.1294669806957245, -0.3900878429412842, 0.9116303324699402),
            ["HumanoidRootPart"] = CFrame.new(0, 0, 0, 1, 0, 0, 0, 1, 0, 0, 0, 1),
            ["RightUpperLeg"] = CFrame.new(0, 6.332993507385254e-08, -3.5187258617952466e-07, 0.9755074381828308, 0.03194073960185051, 0.21763522922992706, -0.09425202757120132, 0.9546682238578796, 0.2823566496372223, -0.19875073432922363, -0.29595351219177246, 0.9342963695526123),
            ["LeftUpperArm"] = CFrame.new(-2.384185791015625e-07, 0, 2.9802322387695312e-08, 0.0028331726789474487, 0.9866306781768799, -0.16294758021831512, -0.7396728992462158, 0.11172553896903992, 0.6636274456977844, 0.6729606986045837, 0.11864782124757767, 0.7301005125045776),
            ["RightLowerArm"] = CFrame.new(1.1920928955078125e-07, 2.384185791015625e-07, -5.960464477539063e-08, 1, -4.8428766774577525e-08, 3.7252898543727042e-09, -1.1175869119028903e-08, 0.9693396091461182, -0.24572494626045227, -1.1175869119028903e-08, 0.2457248866558075, 0.9693396091461182),
            ["LeftHand"] = CFrame.new(-1.7881393432617188e-07, -1.1920928955078125e-07, -1.1920928955078125e-07, 0.5188905000686646, -0.06297958642244339, 0.8525176048278809, 0.26368287205696106, 0.9604447484016418, -0.08953967690467834, -0.8131568431854248, 0.27125558257102966, 0.5149722099304199),
            ["LeftFoot"] = CFrame.new(5.960464477539063e-08, 5.960464477539063e-08, -2.3469328880310059e-07, 0.9745336174964905, 0.21874238550662994, 0.049356430768966675, -0.22110557556152344, 0.9006586074829102, 0.3740677237510681, 0.03737129643559456, -0.3754544258117676, 0.9260870814323425),
            ["LowerTorso"] = CFrame.new(-0.10688371956348419, 1.1146931648254395, -0.30894735455513, 0.9024944305419922, -0.1477251797914505, -0.40457525849342346, 0.42177215218544006, 0.11284387856721878, 0.8996524810791016, -0.08724752068519592, -0.9825698733329773, 0.16414733231067657),
            ["RightLowerLeg"] = CFrame.new(-6.984919309616089e-08, -0.000060498714447021484, -0.00007230618939502165, 1, 3.259630432239646e-08, -4.889441296285213e-09, 3.725290653733282e-08, 0.9999864101409912, 0.005223270505666733, -3.4458938813486384e-08, -0.00522335059940815, 0.9999863505363464),
