return {
    ["Around The Clock"] = {
        {Time = 0.000, Data = {
            ["RightFoot"] = CFrame.new(6.705522537231445e-08, 4.172325134277344e-07, 5.3849362302571535e-08, 0.9614032506942749, 0.27331236004829407, -0.031692586839199066, -0.27154189348220825, 0.9239281415939331, -0.2694835960865021, -0.04437154158949852, 0.26768842339515686, 0.9624834060668945),
            ["LeftLowerArm"] = CFrame.new(4.76837158203125e-07, -2.384185791015625e-07, 2.384185791015625e-07, 1, -3.725290653733282e-08, -1.1175873559921001e-08, 5.291077087576923e-08, 0.8829729557037354, -0.4694240093231201, 1.4901162970204496e-08, 0.46942394971847534, 0.8829730153083801),
            ["RightUpperArm"] = CFrame.new(0, -7.152557373046875e-07, 5.960464477539063e-08, 0.9509164094924927, -0.30876415967941284, -0.020561248064041138, 0.3093615174293518, 0.9469793438911438, 0.08675063401460648, -0.007314401678740978, -0.08885346353054047, 0.9960178732872009),
            ["Head"] = CFrame.new(-1.1175870895385742e-08, 1.1920928955078125e-07, -6.51925802230835e-08, 0.9374671578407288, 0.03287579119205475, 0.3465179204940796, -0.02315928414463997, 0.9992149472236633, -0.03214522823691368, -0.34730264544487, 0.022109992802143097, 0.9374924898147583),
            ["RightHand"] = CFrame.new(1.341104507446289e-07, 4.172325134277344e-07, -1.1920928955078125e-07, 0.9975340962409973, 0.02494819648563862, -0.06559930741786957, -0.03498680889606476, 0.9870350360870361, -0.15664564073085785, 0.060840778052806854, 0.15855446457862854, 0.9854739904403687),
            ["UpperTorso"] = CFrame.new(8.249116945080459e-09, -4.470348358154297e-07, -3.725290298461914e-09, 0.9965746402740479, 0.009711154736578465, -0.08212684839963913, 0.00719668110832572, 0.979130208492279, 0.20310670137405396, 0.08238525688648224, -0.20300203561782837, 0.9757063388824463),
            ["HumanoidRootPart"] = CFrame.new(0, 0, 0, 1, 0, 0, 0, 1, 0, 0, 0, 1),
            ["RightUpperLeg"] = CFrame.new(1.1920928955078125e-07, 3.4458935260772705e-08, -1.6596459317952394e-08, 0.9078413248062134, -0.3103370666503906, -0.28198447823524475, 0.2926684021949768, 0.9505534768104553, -0.10389022529125214, 0.30028238892555237, 0.011787640862166882, 0.9537774920463562),
            ["LeftUpperArm"] = CFrame.new(-2.384185791015625e-07, -1.1920928955078125e-07, -8.940696716308594e-08, 0.8763849139213562, 0.39547720551490784, -0.27485886216163635, -0.37837478518486023, 0.9184705018997192, 0.11508512496948242, 0.2979632318019867, 0.003140790853649378, 0.9545721411705017),
            ["RightLowerArm"] = CFrame.new(1.7881393432617188e-07, 2.384185791015625e-07, 2.384185791015625e-07, 1, -2.048908953611317e-08, -3.3527612686157227e-08, 3.725290653733282e-08, 0.9089587926864624, -0.4168861210346222, 5.2154071283894154e-08, 0.4168861210346222, 0.9089587926864624),
            ["LeftHand"] = CFrame.new(4.172325134277344e-07, 2.980232238769531e-07, 4.842877388000488e-08, 0.9968723654747009, -0.027627399191260338, 0.07404227554798126, 0.03537866473197937, 0.9937887787818909, -0.10550957918167114, -0.07066748291254044, 0.10779917240142822, 0.9916579127311707),
            ["LeftFoot"] = CFrame.new(-5.960464477539063e-08, -5.960464477539063e-08, 2.9802322387695312e-08, 0.9605461359024048, -0.2768344283103943, -0.026719892397522926, 0.2749355435371399, 0.9306545853614807, 0.2414390593767166, -0.04197162762284279, -0.23925912380218506, 0.9700481295585632),
            ["LowerTorso"] = CFrame.new(-0.05992133170366287, -0.11310648918151855, 0.03319298103451729, 0.9634894132614136, -0.01183707732707262, -0.2674848437309265, 0.00000691665627527982, 0.9990233778953552, -0.044185128062963486, 0.26774662733078003, 0.042570050805807114, 0.9625484943389893),
            ["RightLowerLeg"] = CFrame.new(-2.2351741790771484e-08, -0.00012260675430297852, -0.00007740983710391447, 1, -7.450581307466564e-08, 5.960463766996327e-08, 9.872020712009544e-08, 0.9114132523536682, 0.4114922881126404, 7.078052277620372e-08, -0.41149255633354187, 0.9114132523536682),
            ["LeftUpperLeg"] = CFrame.new(-4.172325134277344e-07, -2.016313374042511e-07, 3.725290298461914e-08, 0.9528796076774597, 0.3008847236633301, 0.038587551563978195, -0.286596417427063, 0.934630811214447, -0.21054169535636902, -0.09941387176513672, 0.1895616203546524, 0.976823091506958),
            ["LeftLowerLeg"] = CFrame.new(6.332993507385254e-08, 0.0001226663589477539, 0.00007738173007965088, 1, 1.4901164746561335e-08, 7.450574202039206e-08, 4.0978189730367376e-08, 0.9999873042106628, 0.005057777743786573, 2.9802318834981634e-08, -0.005057813134044409, 0.9999872446060181),
        }},
        {Time = 0.033, Data = {
            ["RightFoot"] = CFrame.new(2.9802322387695312e-08, 2.384185791015625e-07, -3.742025000974536e-08, 0.9700661301612854, 0.24160908162593842, -0.024431748315691948, -0.23382404446601868, 0.9021466374397278, -0.36257070302963257, -0.06555932015180588, 0.35743066668510437, 0.9316360950469971),
            ["LeftLowerArm"] = CFrame.new(2.384185791015625e-07, -2.384185791015625e-07, -5.960464477539063e-08, 1, -3.725290298461914e-08, 1.3038517820973539e-08, 3.352760913344355e-08, 0.9142632484436035, -0.40512076020240784, -7.4505797087454084e-09, 0.4051206707954407, 0.9142632484436035),
            ["RightUpperArm"] = CFrame.new(1.1920928955078125e-07, -1.1920928955078125e-07, -7.450580596923828e-08, 0.9518246650695801, -0.30357712507247925, -0.04325413331389427, 0.3062588572502136, 0.9481860995292664, 0.08454988151788712, 0.015345541760325432, -0.09372363239526749, 0.9954800605773926),
            ["Head"] = CFrame.new(-2.421438694000244e-08, 0.0000011920928955078125, -4.1443854570388794e-08, 0.9452260732650757, 0.03352595120668411, 0.3246903717517853, -0.023243283852934837, 0.9990994930267334, -0.035497233271598816, -0.3255879878997803, 0.026006046682596207, 0.9451541304588318),
            ["RightHand"] = CFrame.new(1.7881393432617188e-07, -5.960464477539063e-08, -2.682209014892578e-07, 0.9970179796218872, 0.025722092017531395, -0.07275713235139847, -0.03358812257647514, 0.99346923828125, -0.1090446189045906, 0.0694771483540535, 0.11116325110197067, 0.9913706183433533),
            ["UpperTorso"] = CFrame.new(-7.808921509422362e-09, -1.7881393432617188e-07, 7.450580596923828e-09, 0.9972659945487976, 0.008924504742026329, -0.07335557043552399, 0.006221068557351828, 0.9790170788764954, 0.20368321239948273, 0.07363418489694595, -0.20358268916606903, 0.976284921169281),
            ["HumanoidRootPart"] = CFrame.new(0, 0, 0, 1, 0, 0, 0, 1, 0, 0, 0, 1),
            ["RightUpperLeg"] = CFrame.new(1.7881393432617188e-07, 9.406358003616333e-08, -7.283233571797609e-09, 0.9088937044143677, -0.3301578164100647, -0.2547704577445984, 0.261380136013031, 0.9270325303077698, -0.26887020468711853, 0.32495009899139404, 0.17778238654136658, 0.9288707375526428),
            ["LeftUpperArm"] = CFrame.new(-4.76837158203125e-07, -5.960464477539062e-07, 8.940696716308594e-08, 0.8039949536323547, 0.4151260554790497, -0.42574945092201233, -0.3875857889652252, 0.908839225769043, 0.1542356312274933, 0.4509650468826294, 0.041009750217199326, 0.8915989398956299),
            ["RightLowerArm"] = CFrame.new(5.960464477539062e-07, 6.556510925292969e-07, 2.086162567138672e-07, 1, -3.166496398421259e-08, 3.72529100900465e-08, 2.980232949312267e-08, 0.9103840589523315, -0.41376423835754395, 5.215407838932151e-08, 0.41376423835754395, 0.9103841185569763),
            ["LeftHand"] = CFrame.new(2.384185791015625e-07, -1.7881393432617188e-07, 1.4901161193847656e-08, 0.994621217250824, -0.04043048992753029, 0.09536346048116684, 0.04970084875822067, 0.9940495491027832, -0.09693041443824768, -0.09087701141834259, 0.10114867240190506, 0.9907121062278748),
            ["LeftFoot"] = CFrame.new(2.9802322387695312e-08, -5.960464477539063e-08, -3.958120942115784e-08, 0.9679146409034729, -0.2475821077823639, -0.04294533282518387, 0.24547302722930908, 0.9681652784347534, -0.04898042604327202, 0.053704697638750076, 0.036866918206214905, 0.9978760480880737),
            ["LowerTorso"] = CFrame.new(-0.05992474779486656, -0.1572246551513672, 0.03358863666653633, 0.9672631621360779, -0.010755985043942928, -0.2535476088523865, 0.000010149887202715036, 0.9991030693054199, -0.042345184832811356, 0.25377562642097473, 0.04095636308193207, 0.9663956165313721),
            ["RightLowerLeg"] = CFrame.new(-5.960464477539063e-08, -0.00012224912643432617, -0.00007746944174868986, 1, -1.3597306747215043e-07, -2.980232594040899e-08, 1.0430811414607888e-07, 0.7710888981819153, 0.6367274522781372, -7.4505797087454084e-09, -0.6367274522781372, 0.7710890173912048),
            ["LeftUpperLeg"] = CFrame.new(-2.980232238769531e-07, -4.346948117017746e-07, 2.421438694000244e-08, 0.9553254842758179, 0.2950356900691986, 0.01753385365009308, -0.25884318351745605, 0.8638210296630859, -0.4322189688682556, -0.1426660716533661, 0.40837129950523376, 0.9015982747077942),
            ["LeftLowerLeg"] = CFrame.new(4.0978193283081055e-08, 0.00012254714965820312, 0.00007732212543487549, 1, 7.566997695107602e-09, 7.35744833946228e-08, -2.980232949312267e-08, 0.8604868054389954, 0.5094725489616394, 8.195640788244418e-08, -0.5094727277755737, 0.8604869842529297),
        }},
        {Time = 0.067, Data = {
            ["RightFoot"] = CFrame.new(-2.60770320892334e-08, 3.5762786865234375e-07, 5.3849362302571535e-08, 0.9820666313171387, 0.1872856318950653, -0.021667756140232086, -0.1759541779756546, 0.8691844940185547, -0.46212345361709595, -0.06771575659513474, 0.45764899253845215, 0.8865509629249573),
            ["LeftLowerArm"] = CFrame.new(8.344650268554688e-07, 0, 0, 1, -1.4901162970204496e-08, 5.2154071283894154e-08, 6.332993507385254e-08, 0.9516029357910156, -0.30733031034469604, 2.9802322387695312e-08, 0.30733031034469604, 0.9516029357910156),
            ["RightUpperArm"] = CFrame.new(0, 2.384185791015625e-07, 2.2351741790771484e-08, 0.8208761811256409, -0.5595582127571106, -0.11426640301942825, 0.5708350539207458, 0.7977318167686462, 0.19434870779514313, -0.017595460638403893, -0.22476354241371155, 0.9742544889450073),
            ["Head"] = CFrame.new(-2.0023435354232788e-08, 9.5367431640625e-07, -1.9907020032405853e-08, 0.9622349143028259, 0.037653252482414246, 0.2696038484573364, -0.026914380490779877, 0.9986943006515503, -0.04341974854469299, -0.27088671922683716, 0.034523747861385345, 0.9619919657707214),
            ["RightHand"] = CFrame.new(7.450580596923828e-09, 0, -2.682209014892578e-07, 0.996576726436615, 0.027508264407515526, -0.07796337455511093, -0.03512229025363922, 0.9945628643035889, -0.09803682565689087, 0.07484268397092819, 0.10043949633836746, 0.9921243190765381),
            ["UpperTorso"] = CFrame.new(-1.1750671546906233e-09, -1.4901161193847656e-07, 5.587935447692871e-09, 0.9986541867256165, 0.006884388159960508, -0.051405295729637146, 0.0038092690519988537, 0.9787379503250122, 0.20507924258708954, 0.05172409489750862, -0.20499901473522186, 0.9773945212364197),
            ["HumanoidRootPart"] = CFrame.new(0, 0, 0, 1, 0, 0, 0, 1, 0, 0, 0, 1),
            ["RightUpperLeg"] = CFrame.new(1.7881393432617188e-07, -2.628657966852188e-07, -6.875052349641919e-08, 0.9065487384796143, -0.3347235321998596, -0.2571565806865692, 0.20712992548942566, 0.8836018443107605, -0.41993460059165955, 0.3677860498428345, 0.32742631435394287, 0.8703594207763672),
            ["LeftUpperArm"] = CFrame.new(0, 5.960464477539062e-07, 5.960464477539063e-08, 0.7170478701591492, 0.5560956001281738, -0.42023807764053345, -0.5204846262931824, 0.8281906843185425, 0.20783652365207672, 0.463614284992218, 0.06969872117042542, 0.8832915425300598),
            ["RightLowerArm"] = CFrame.new(4.172325134277344e-07, 0.0000011920928955078125, 2.384185791015625e-07, 1, -3.7252888773764425e-08, 1.3038517820973539e-08, 7.078052988163108e-08, 0.9253631234169006, -0.3790820240974426, 1.4901164746561335e-08, 0.37908196449279785, 0.9253631234169006),
            ["LeftHand"] = CFrame.new(-1.1920928955078125e-07, -5.960464477539063e-08, 1.4901161193847656e-08, 0.9899431467056274, -0.06011810153722763, 0.1280563771724701, 0.07136409729719162, 0.9938116073608398, -0.0851215273141861, -0.1221466138958931, 0.09340406954288483, 0.9881072640419006),
            ["LeftFoot"] = CFrame.new(-8.381903171539307e-08, -5.960464477539063e-08, 3.725290298461914e-09, 0.9793668985366821, -0.18935705721378326, -0.0706009790301323, 0.1667736917734146, 0.9545975923538208, -0.24684016406536102, 0.11413629353046417, 0.22997257113456726, 0.9664809703826904),
            ["LowerTorso"] = CFrame.new(-0.059930067509412766, -0.22602343559265137, 0.03459879383444786, 0.9758096933364868, -0.008269613608717918, -0.21846529841423035, 0.000017730810213834047, 0.9992873072624207, -0.03774704039096832, 0.21862176060676575, 0.036830052733421326, 0.9751144051551819),
            ["RightLowerLeg"] = CFrame.new(4.0978193283081055e-08, -0.00012224912643432617, -0.00007738003478152677, 1, -1.5646213569198153e-07, -5.215407838932151e-08, 4.4703490686970326e-08, 0.5787205100059509, 0.8155259490013123, -1.1175872316471214e-07, -0.8155259490013123, 0.5787204504013062),
            ["LeftUpperLeg"] = CFrame.new(-1.1920928955078125e-07, -5.834735929965973e-07, 5.21540641784668e-08, 0.9500789046287537, 0.3012545108795166, 0.08121432363986969, -0.20321646332740784, 0.7949829697608948, -0.5715815424919128, -0.23675554990768433, 0.526543378829956, 0.8165162205696106),
            ["LeftLowerLeg"] = CFrame.new(-9.313225746154785e-09, 0.00012248754501342773, 0.00007747113704681396, 1, 5.4016709327697754e-08, 5.587933316064664e-08, -6.89178563106907e-08, 0.6322398781776428, 0.7747724056243896, 3.911553747570906e-08, -0.7747727036476135, 0.6322401762008667),
        }},
        {Time = 0.100, Data = {
            ["RightFoot"] = CFrame.new(3.166496753692627e-08, 2.980232238769531e-07, 9.968061931431293e-10, 0.9928633570671082, 0.116977259516716, -0.023210085928440094, -0.11046689003705978, 0.8287542462348938, -0.548600971698761, -0.04493832588195801, 0.5472500920295715, 0.8357621431350708),
            ["LeftLowerArm"] = CFrame.new(2.384185791015625e-07, 1.1920928955078125e-07, 0, 1, -1.4901161193847656e-08, 2.2351741790771484e-08, -1.862645149230957e-08, 0.9786441326141357, -0.205562025308609, 0, 0.20556196570396423, 0.9786441326141357),
            ["RightUpperArm"] = CFrame.new(-5.960464477539063e-08, -2.384185791015625e-07, 7.450580596923828e-09, 0.6027608513832092, -0.7800092697143555, -0.16812190413475037, 0.7977007031440735, 0.5841041207313538, 0.14998690783977509, -0.0187904704362154, -0.22451716661453247, 0.9742889404296875),
            ["Head"] = CFrame.new(-2.10275175049901e-09, 7.152557373046875e-07, 2.0954757928848267e-09, 0.9795397520065308, 0.04325688257813454, 0.19654735922813416, -0.03335818275809288, 0.9980159401893616, -0.05339885130524635, -0.19846729934215546, 0.045749831944704056, 0.9790392518043518),
            ["RightHand"] = CFrame.new(4.7124922275543213e-07, 1.7881393432617188e-07, -3.2782554626464844e-07, 0.9963960647583008, 0.028872620314359665, -0.07975882291793823, -0.03680321201682091, 0.9943242073059082, -0.09982489049434662, 0.07642393559217453, 0.10240050405263901, 0.9918031692504883),
            ["UpperTorso"] = CFrame.new(-6.100890459492803e-09, -3.2782554626464844e-07, 3.725290298461914e-09, 0.9997316598892212, 0.004075473640114069, -0.02280379831790924, 0.0007288323831744492, 0.978381335735321, 0.20680789649486542, 0.023153625428676605, -0.20676903426647186, 0.9781158566474915),
            ["HumanoidRootPart"] = CFrame.new(0, 0, 0, 1, 0, 0, 0, 1, 0, 0, 0, 1),
            ["RightUpperLeg"] = CFrame.new(1.7881393432617188e-07, -3.059394657611847e-07, 2.029992174357176e-09, 0.8989397883415222, -0.3327120244503021, -0.28497374057769775, 0.13615967333316803, 0.8305028676986694, -0.5401163101196289, 0.4163748025894165, 0.4467300772666931, 0.7918739914894104),
            ["LeftUpperArm"] = CFrame.new(0, 0, 2.9802322387695312e-08, 0.4938114881515503, 0.8617814779281616, -0.11611610651016235, -0.8622340559959412, 0.5025684833526611, 0.06306788325309753, 0.11270702630281448, 0.06897559016942978, 0.9912313222885132),
            ["RightLowerArm"] = CFrame.new(2.384185791015625e-07, 2.384185791015625e-07, 2.384185791015625e-07, 1, -1.4901161193847656e-08, 1.862645149230957e-08, 6.519260153936557e-08, 0.9611835479736328, -0.27590999007225037, 3.725291630729544e-09, 0.275909960269928, 0.9611835479736328),
            ["LeftHand"] = CFrame.new(1.1920928955078125e-07, -1.7881393432617188e-07, -4.172325134277344e-07, 0.9838215708732605, -0.08003564924001694, 0.1602797657251358, 0.09240999817848206, 0.9931658506393433, -0.0712893083691597, -0.15347862243652344, 0.08494741469621658, 0.9844939112663269),
            ["LeftFoot"] = CFrame.new(-1.1175870895385742e-08, -5.960464477539063e-08, 7.450580596923828e-08, 0.9870492815971375, -0.12512201070785522, -0.10039102286100388, 0.0745423212647438, 0.9118850827217102, -0.4036199748516083, 0.142046719789505, 0.39090949296951294, 0.9094023108482361),
            ["LowerTorso"] = CFrame.new(-0.05993637070059776, -0.30730533599853516, 0.03595978394150734, 0.9850094318389893, -0.005508331581950188, -0.17241305112838745, 0.00002886363654397428, 0.9994953274726868, -0.03176744282245636, 0.17250102758407593, 0.03128625079989433, 0.9845123887062073),
            ["RightLowerLeg"] = CFrame.new(7.450580596923828e-09, -0.00012248754501342773, -0.00007724592433078215, 1, -2.0116563348437921e-07, -1.4156105976326216e-07, 1.1920930376163597e-07, 0.38177070021629333, 0.9242569804191589, -1.7136336794010276e-07, -0.9242570400238037, 0.3817710876464844),
            ["LeftUpperLeg"] = CFrame.new(-1.1920928955078125e-07, -4.6868808567523956e-07, -1.1175870895385742e-08, 0.9261703491210938, 0.3331184983253479, 0.1767502725124359, -0.1408281773328781, 0.7403225302696228, -0.6573352217674255, -0.3498227596282959, 0.5839131474494934, 0.7325775027275085),
            ["LeftLowerLeg"] = CFrame.new(-9.685754776000977e-08, 0.00012248754501342773, 0.00007738545536994934, 1, 8.195638656616211e-08, 7.450579886381092e-08, -7.450579886381092e-08, 0.4081765413284302, 0.9129030704498291, 4.470347647611561e-08, -0.9129030108451843, 0.4081764221191406),
        }},
        {Time = 0.133, Data = {
            ["RightFoot"] = CFrame.new(-2.9802322387695312e-08, 3.5762786865234375e-07, 6.502523319795728e-08, 0.9987297654151917, 0.04211043566465378, -0.027668269351124763, -0.050210852175951004, 0.7859407067298889, -0.6162594556808472, -0.004205331671983004, 0.6168662905693054, 0.7870570421218872),
            ["LeftLowerArm"] = CFrame.new(5.960464477539063e-08, 6.556510925292969e-07, 8.940696716308594e-08, 1, -4.842878098543224e-08, -2.2351748896198842e-08, -1.862644971595273e-08, 0.9921083450317383, -0.1253841072320938, -3.7252898543727042e-09, 0.1253841072320938, 0.9921083450317383),
            ["RightUpperArm"] = CFrame.new(0, -2.384185791015625e-07, -7.450580596923828e-08, 0.6113298535346985, -0.7544329166412354, -0.23897016048431396, 0.7906907200813293, 0.5948500037193298, 0.14478154480457306, 0.032923441380262375, -0.2774607837200165, 0.960172712802887),
            ["Head"] = CFrame.new(-3.725290298461914e-09, 9.5367431640625e-07, -1.3271346688270569e-08, 0.9913338422775269, 0.04866290092468262, 0.12202183157205582, -0.04120627045631409, 0.9971684217453003, -0.06290636956691742, -0.12473753094673157, 0.05733311176300049, 0.9905319213867188),
            ["RightHand"] = CFrame.new(3.073364496231079e-07, 2.384185791015625e-07, -2.086162567138672e-07, 0.9966306090354919, 0.028442896902561188, -0.07693177461624146, -0.03733179718255997, 0.992466151714325, -0.11669305711984634, 0.07303310185670853, 0.1191718727350235, 0.99018394947052),
            ["UpperTorso"] = CFrame.new(-1.5788828022778034e-09, -2.086162567138672e-07, -1.0244548320770264e-08, 0.9999822974205017, 0.0010961213847622275, 0.005861095618456602, -0.0022938030306249857, 0.9780311584472656, 0.2084461897611618, -0.005503838881850243, -0.2084559053182602, 0.9780163168907166),
            ["HumanoidRootPart"] = CFrame.new(0, 0, 0, 1, 0, 0, 0, 1, 0, 0, 0, 1),
            ["RightUpperLeg"] = CFrame.new(5.960464477539063e-08, 4.397006705403328e-07, -3.5222910810261965e-08, 0.8862139582633972, -0.32991737127304077, -0.3252369165420532, 0.05993726849555969, 0.7777880430221558, -0.6256625056266785, 0.45938244462013245, 0.5349768400192261, 0.7090609669685364),
            ["LeftUpperArm"] = CFrame.new(0, -1.1920928955078125e-07, 5.960464477539063e-08, 0.29713261127471924, 0.9525356888771057, -0.0662415474653244, -0.9547341465950012, 0.295370489358902, -0.035201046615839005, -0.013964462094008923, 0.07370248436927795, 0.9971825480461121),
            ["RightLowerArm"] = CFrame.new(2.980232238769531e-07, 3.5762786865234375e-07, 1.9371509552001953e-07, 1, -3.9115551686563776e-08, 3.7252920748187535e-09, -3.725291630729544e-09, 0.9870882034301758, -0.16017793118953705, 7.450583261459087e-09, 0.16017796099185944, 0.9870882630348206),
            ["LeftHand"] = CFrame.new(3.725290298461914e-07, -1.1920928955078125e-07, -5.960464477539063e-08, 0.9879142045974731, -0.0706423968076706, 0.1379684954881668, 0.07998860627412796, 0.9947769641876221, -0.0634087473154068, -0.13276855647563934, 0.07367829233407974, 0.9884048700332642),
            ["LeftFoot"] = CFrame.new(-9.313225746154785e-09, 0, -1.4901161193847656e-08, 0.9894450902938843, -0.0753617137670517, -0.12377048283815384, -0.0018534455448389053, 0.8474758267402649, -0.5308310985565186, 0.14489659667015076, 0.5254572033882141, 0.8383908867835999),
            ["LowerTorso"] = CFrame.new(-0.059942685067653656, -0.3888876438140869, 0.03740771487355232, 0.9920303821563721, -0.003288667183369398, -0.12595614790916443, 0.000040020917367655784, 0.9996675252914429, -0.02578573115170002, 0.1259990632534027, 0.025575188919901848, 0.9917006492614746),
            ["RightLowerLeg"] = CFrame.new(-7.450580596923828e-09, -0.00012242794036865234, -0.00007726082549197599, 1, -2.0116563348437921e-07, -1.285225721403549e-07, 1.4528632164001465e-07, 0.21343274414539337, 0.9769577383995056, -1.1362135410308838e-07, -0.9769577980041504, 0.2134333848953247),
            ["LeftUpperLeg"] = CFrame.new(0, -1.2799864634871483e-07, 2.2351741790771484e-08, 0.8875385522842407, 0.37663784623146057, 0.2653666138648987, -0.09135476499795914, 0.7083904147148132, -0.6998836398124695, -0.4515857994556427, 0.5969313383102417, 0.6631316542625427),
            ["LeftLowerLeg"] = CFrame.new(5.21540641784668e-08, 0.00012248754501342773, 0.00007742643356323242, 1, 5.960463766996327e-08, 1.2665985593685036e-07, -7.823108916227284e-08, 0.22225753962993622, 0.9749879837036133, 8.940695295223122e-08, -0.9749879837036133, 0.22225788235664368),
        }},
        {Time = 0.167, Data = {
            ["RightFoot"] = CFrame.new(4.0046870708465576e-08, 2.384185791015625e-07, -3.55576048605144e-08, 0.9992562532424927, -0.019926805049180984, -0.03301478922367096, -0.007005058228969574, 0.7480983734130859, -0.6635502576828003, 0.037920769304037094, 0.6632887125015259, 0.7474029660224915),
            ["LeftLowerArm"] = CFrame.new(9.5367431640625e-07, -1.1920928955078125e-07, -2.2351741790771484e-08, 1, -8.381904059717726e-09, 7.450583261459087e-09, 6.05359806726824e-09, 0.9979433417320251, -0.06410228461027145, -9.313227966600834e-10, 0.06410228461027145, 0.9979434013366699),
            ["RightUpperArm"] = CFrame.new(1.1920928955078125e-07, -2.384185791015625e-07, 1.1175870895385742e-08, 0.28675782680511475, -0.9412579536437988, -0.1783357858657837, 0.9557743668556213, 0.2937805950641632, -0.013724123127758503, 0.06530953198671341, -0.1665133237838745, 0.9838740229606628),
            ["Head"] = CFrame.new(9.313225746154785e-10, 9.5367431640625e-07, 5.005858838558197e-08, 0.9965717792510986, 0.05262158066034317, 0.0638425275683403, -0.04814428836107254, 0.9964020252227783, -0.06975031644105911, -0.06728319823741913, 0.06643752753734589, 0.9955195188522339),
            ["RightHand"] = CFrame.new(3.3527612686157227e-08, 1.1920928955078125e-07, -2.086162567138672e-07, 0.9975322484970093, 0.012686120346188545, -0.06905478984117508, -0.02189195342361927, 0.9907073974609375, -0.13423721492290497, 0.06671015918254852, 0.13541767001152039, 0.9885403513908386),
            ["UpperTorso"] = CFrame.new(5.995389074087143e-09, -5.662441253662109e-07, -4.656612873077393e-10, 0.9996126890182495, -0.0013018423924222589, 0.027801301330327988, -0.004557186271995306, 0.9777676463127136, 0.20964203774929047, -0.027456119656562805, -0.20968756079673767, 0.9773829579353333),
            ["HumanoidRootPart"] = CFrame.new(0, 0, 0, 1, 0, 0, 0, 1, 0, 0, 0, 1),
            ["RightUpperLeg"] = CFrame.new(5.960464477539063e-08, -4.5064371079206467e-07, -1.5665136743336916e-08, 0.8727911114692688, -0.3294212520122528, -0.3601631224155426, -0.0035714113619178534, 0.7335670590400696, -0.6796078681945801, 0.4880810081958771, 0.5944418907165527, 0.6390741467475891),
            ["LeftUpperArm"] = CFrame.new(-1.1920928955078125e-07, -7.152557373046875e-07, 7.450580596923828e-09, 0.12180276960134506, 0.991487443447113, -0.0460088737308979, -0.9854729771614075, 0.11527655273675919, -0.12471703439950943, -0.11835160851478577, 0.0605313777923584, 0.9911250472068787),
            ["RightLowerArm"] = CFrame.new(4.76837158203125e-07, 1.7881393432617188e-07, 1.9744038581848145e-07, 1, 3.725290742551124e-09, 0, 5.587936335871291e-09, 0.9982787370681763, -0.05864819511771202, 7.450581485102248e-09, 0.05864821746945381, 0.998278796672821),
            ["LeftHand"] = CFrame.new(7.152557373046875e-07, 5.960464477539063e-08, -1.341104507446289e-07, 0.9914739727973938, -0.060554780066013336, 0.11538058519363403, 0.06753448396921158, 0.9960545301437378, -0.05757303535938263, -0.11143903434276581, 0.06487439572811127, 0.9916515350341797),
            ["LeftFoot"] = CFrame.new(-2.6542693376541138e-08, 5.960464477539063e-08, 4.0745362639427185e-08, 0.9884690046310425, -0.048652950674295425, -0.14339478313922882, -0.0516827255487442, 0.781711757183075, -0.6214947700500488, 0.14233073592185974, 0.6217391490936279, 0.7701832056045532),
            ["LowerTorso"] = CFrame.new(-0.05994808301329613, -0.4585731029510498, 0.038677964359521866, 0.995942234992981, -0.0019560540094971657, -0.08997368067502975, 0.00004964477921021171, 0.9997755885124207, -0.02118588052690029, 0.08999492228031158, 0.02109544724225998, 0.995718777179718),
            ["RightLowerLeg"] = CFrame.new(-3.818422555923462e-08, -0.00012230873107910156, -0.0000775737498770468, 1, -1.443549422219803e-07, -1.4062976561035612e-07, 2.2072342176215898e-07, 0.08960855007171631, 0.9959771037101746, -5.308537964765492e-08, -0.9959771037101746, 0.08960862457752228),
            ["LeftUpperLeg"] = CFrame.new(-1.7881393432617188e-07, -5.54107828065753e-07, 2.1420419216156006e-08, 0.8475469350814819, 0.4174676239490509, 0.3276963531970978, -0.06393073499202728, 0.6932688355445862, -0.7178377509117126, -0.5268558859825134, 0.5874513387680054, 0.614267110824585),
            ["LeftLowerLeg"] = CFrame.new(8.568167686462402e-08, 0.0001227259635925293, 0.0000775456428527832, 1, 7.078050145992165e-08, 1.3038514623531228e-07, -1.862645326866641e-08, 0.08887211233377457, 0.9960430860519409, 6.705523247774181e-08, -0.9960430264472961, 0.08887214213609695),
        }},
        {Time = 0.200, Data = {
            ["RightFoot"] = CFrame.new(3.3527612686157227e-08, 1.7881393432617188e-07, 4.267349140718579e-08, 0.9982333183288574, -0.04669218510389328, -0.036743856966495514, 0.008428339846432209, 0.7234417796134949, -0.6903337836265564, 0.05881529301404953, 0.6888046860694885, 0.7225574254989624),
            ["LeftLowerArm"] = CFrame.new(-2.9802322387695312e-08, -5.960464477539063e-08, 5.587935447692871e-08, 1, -3.3178362279784324e-09, 2.3283061589829401e-10, -1.8044374883174896e-09, 0.9997576475143433, -0.02201777882874012, -2.3283064365386963e-10, 0.022017762064933777, 0.9997575879096985),
            ["RightUpperArm"] = CFrame.new(1.1920928955078125e-07, 1.1920928955078125e-07, 2.60770320892334e-08, 0.017449263483285904, -0.9995672106742859, -0.023684626445174217, 0.9866856932640076, 0.02104569599032402, -0.16127163171768188, 0.1617002636194229, -0.020555194467306137, 0.9866257905960083),
            ["Head"] = CFrame.new(8.381903171539307e-09, 4.76837158203125e-07, -2.293381839990616e-08, 0.9973514080047607, 0.06054367870092392, 0.040307581424713135, -0.04973306506872177, 0.9720426201820374, -0.22947758436203003, -0.05307408794760704, 0.22686514258384705, 0.9724790453910828),
            ["RightHand"] = CFrame.new(2.4400651454925537e-07, 2.980232238769531e-07, -2.4586915969848633e-07, 0.9983530044555664, -0.024625658988952637, -0.051816847175359726, 0.01684369146823883, 0.9892022013664246, -0.1455860435962677, 0.054842494428157806, 0.14447347819805145, 0.9879876971244812),
            ["UpperTorso"] = CFrame.new(2.6338966563344e-09, -2.086162567138672e-07, 4.6566128730773926e-09, 0.9993276000022888, -0.002292707795277238, 0.036595262587070465, -0.0054508778266608715, 0.9776644706726074, 0.21010124683380127, -0.03625957667827606, -0.21015946567058563, 0.976994514465332),
            ["HumanoidRootPart"] = CFrame.new(0, 0, 0, 1, 0, 0, 0, 1, 0, 0, 0, 1),
            ["RightUpperLeg"] = CFrame.new(5.960464477539063e-08, -3.686291165649891e-07, -2.032174961641431e-08, 0.8670201897621155, -0.3337264955043793, -0.37000352144241333, -0.0310300812125206, 0.7049672603607178, -0.7085608839988708, 0.49730589985847473, 0.6258177161216736, 0.6008651256561279),
            ["LeftUpperArm"] = CFrame.new(-3.5762786865234375e-07, -2.384185791015625e-07, 1.1175870895385742e-08, -0.023859960958361626, 0.9990074038505554, -0.03761628642678261, -0.9803556203842163, -0.03075040504336357, -0.1948261559009552, -0.19578947126865387, 0.03222879394888878, 0.9801163077354431),
            ["RightLowerArm"] = CFrame.new(4.172325134277344e-07, 5.960464477539063e-08, 5.960464477539063e-08, 1, 4.074536708031928e-09, 1.1641534958251043e-10, 6.984920419839113e-10, 1, -0.00004314777834224515, 6.984920419839113e-10, 0.00004315207843319513, 1),
            ["LeftHand"] = CFrame.new(4.2119063436985016e-07, 2.384185791015625e-07, -2.8870999813079834e-08, 0.9932458400726318, -0.054611947387456894, 0.10237376391887665, 0.060343801975250244, 0.9967293739318848, -0.05375295132398605, -0.09910336881875992, 0.05956750735640526, 0.9932926297187805),
            ["LeftFoot"] = CFrame.new(5.587935447692871e-09, 0, -1.6763806343078613e-08, 0.9876253008842468, -0.04160521551966667, -0.15121303498744965, -0.07038643211126328, 0.7440274953842163, -0.6644313335418701, 0.14015033841133118, 0.6668524742126465, 0.7318917512893677),
            ["LowerTorso"] = CFrame.new(-0.059951622039079666, -0.5041632652282715, 0.039506945759058, 0.9971398711204529, -0.0015149341197684407, -0.0755634605884552, 0.000053003554057795554, 0.9998128414154053, -0.01934530958533287, 0.07557862251996994, 0.01928597502410412, 0.9969533085823059),
            ["RightLowerLeg"] = CFrame.new(-7.82310962677002e-08, -0.00012230873107910156, -0.00007748434290988371, 1, -1.8626447229053156e-07, -1.341105360097572e-07, 2.086162567138672e-07, 0.015205617994070053, 0.9998844265937805, -1.4528632164001465e-07, -0.9998843669891357, 0.015205884352326393),
            ["LeftUpperLeg"] = CFrame.new(-1.7881393432617188e-07, -1.5717523638159037e-07, 1.7695128917694092e-08, 0.829429566860199, 0.44015830755233765, 0.34395831823349, -0.05640266835689545, 0.6785800457000732, -0.7323578596115112, -0.5557565689086914, 0.5880389213562012, 0.5876603722572327),
            ["LeftLowerLeg"] = CFrame.new(4.470348358154297e-08, 0.00012260675430297852, 0.00007715821266174316, 1, 1.3411042232291948e-07, 1.0803340444454079e-07, -9.126959099603482e-08, 0.011369970627129078, 0.9999354481697083, 4.8428763221863846e-08, -0.9999353885650635, 0.011369778774678707),
        }},
        {Time = 0.233, Data = {
            ["RightFoot"] = CFrame.new(-3.632158041000366e-08, 2.384185791015625e-07, -1.3205863069742918e-08, 0.9981073141098022, -0.04787394404411316, -0.03860022500157356, 0.0068225865252316, 0.7100031971931458, -0.7041656374931335, 0.06111748889088631, 0.7025693655014038, 0.7089858055114746),
            ["LeftLowerArm"] = CFrame.new(3.8743019104003906e-07, 5.960464477539063e-08, -4.0978193283081055e-08, 1, 4.6566133171666024e-09, 4.656612873077393e-10, 9.837097358911251e-09, 1, -2.5174813345074654e-09, 0, -5.238690037323579e-10, 1),
            ["RightUpperArm"] = CFrame.new(1.1920928955078125e-07, 0, 3.725290298461914e-09, 0.01744960993528366, -0.9995672702789307, -0.02368432842195034, 0.9866856336593628, 0.021045999601483345, -0.16127172112464905, 0.16170035302639008, -0.020554859191179276, 0.9866257905960083),
            ["Head"] = CFrame.new(5.587935447692871e-09, 1.1920928955078125e-07, -3.5157427191734314e-08, 0.9974061250686646, 0.0608765073120594, 0.03840639814734459, -0.05049002915620804, 0.972004771232605, -0.22947227954864502, -0.05130065605044365, 0.22693784534931183, 0.9725572466850281),
            ["RightHand"] = CFrame.new(-1.7532147467136383e-07, 4.172325134277344e-07, -2.8312206268310547e-07, 0.9983530044555664, -0.024625595659017563, -0.05181674659252167, 0.01684364676475525, 0.9892022609710693, -0.14558590948581696, 0.054842378944158554, 0.14447332918643951, 0.987987756729126),
            ["UpperTorso"] = CFrame.new(-4.358298610895872e-09, -5.364418029785156e-07, 2.3283064365386963e-09, 0.9993276000022888, -0.002292702440172434, 0.036595266312360764, -0.005450884345918894, 0.9776644706726074, 0.21010124683380127, -0.03625958040356636, -0.21015946567058563, 0.976994514465332),
            ["HumanoidRootPart"] = CFrame.new(0, 0, 0, 1, 0, 0, 0, 1, 0, 0, 0, 1),
            ["RightUpperLeg"] = CFrame.new(5.960464477539063e-08, -5.686306394636631e-07, -2.7772330213338137e-08, 0.8679072260856628, -0.34055235981941223, -0.3616093397140503, -0.032225217670202255, 0.6878485083580017, -0.7251386046409607, 0.4956800937652588, 0.6410059928894043, 0.5860142707824707),
            ["LeftUpperArm"] = CFrame.new(-4.76837158203125e-07, -3.5762786865234375e-07, 2.9802322387695312e-08, -0.06464974582195282, 0.9971877336502075, -0.037909429520368576, -0.9786098599433899, -0.07078864425420761, -0.19316259026527405, -0.19530290365219116, 0.024610627442598343, 0.9804341793060303),
            ["RightLowerArm"] = CFrame.new(-5.066394805908203e-07, 6.556510925292969e-07, 9.685754776000977e-08, 1, 5.820767201569765e-10, 2.6775526240641057e-09, 1.164153440313953e-09, 1, -0.00004272890873835422, 6.984920974950626e-10, 0.00004272862497600727, 1),
            ["LeftHand"] = CFrame.new(1.3830140233039856e-07, 4.76837158203125e-07, -4.423782229423523e-08, 0.9937495589256287, -0.0527636893093586, 0.09837687760591507, 0.05813039466738701, 0.9969273209571838, -0.052507027983665466, -0.09530415385961533, 0.05789754167199135, 0.9937630891799927),
            ["LeftFoot"] = CFrame.new(1.1362135410308838e-07, 0, 9.313225746154785e-09, 0.9875513315200806, -0.04240898787975311, -0.15147286653518677, -0.07257824391126633, 0.7314832806587219, -0.6779858469963074, 0.1395522952079773, 0.6805393695831299, 0.7192990779876709),
            ["LowerTorso"] = CFrame.new(-0.05995367839932442, -0.5307967662811279, 0.039984721690416336, 0.9971398711204529, -0.0015149342361837626, -0.0755634680390358, 0.00005300347038428299, 0.9998128414154053, -0.01934531144797802, 0.07557862997055054, 0.019285976886749268, 0.9969533085823059),
            ["RightLowerLeg"] = CFrame.new(3.3527612686157227e-08, -0.00012230873107910156, -0.00007739493594272062, 1, -1.8253918199206964e-07, -8.940698847936801e-08, 1.7881387748275301e-07, -0.027921162545681, 0.9996101260185242, -1.583247808412125e-07, -0.9996101260185242, -0.027921073138713837),
            ["LeftUpperLeg"] = CFrame.new(-1.1920928955078125e-07, -5.957481334917247e-07, 1.1175870895385742e-08, 0.8292447924613953, 0.44905558228492737, 0.3327195346355438, -0.05720743164420128, 0.660400390625, -0.7487314343452454, -0.5559499859809875, 0.6018474698066711, 0.5733228325843811),
            ["LeftLowerLeg"] = CFrame.new(-3.3527612686157227e-08, 0.00012248754501342773, 0.0000775456428527832, 1, -7.450578820566989e-09, 1.8067657947540283e-07, -5.2154071283894154e-08, -0.031709492206573486, 0.99949711561203, 6.33299421792799e-08, -0.9994971752166748, -0.03170975297689438),
        }},
        {Time = 0.267, Data = {
            ["RightFoot"] = CFrame.new(1.4901161193847656e-08, 3.5762786865234375e-07, 2.4047039914876223e-08, 0.9979982376098633, -0.04886595159769058, -0.04014614224433899, 0.005487262737005949, 0.6993104815483093, -0.7147964835166931, 0.06300386041402817, 0.713145911693573, 0.698179304599762),
            ["LeftLowerArm"] = CFrame.new(5.960464477539062e-07, 2.980232238769531e-07, 4.6566128730773926e-08, 1, -1.6298145055770874e-09, 2.3283067140944524e-10, 5.820765536235228e-10, 1, 2.561137302237171e-09, 0, -1.1452357284724712e-08, 1),
            ["RightUpperArm"] = CFrame.new(0, -1.1920928955078125e-07, -7.450580596923828e-09, -0.015793900936841965, -0.999503493309021, -0.027267446741461754, 0.9716231822967529, -0.008905023336410522, -0.23636671900749207, 0.2360064834356308, -0.03022684156894684, 0.9712812900543213),
            ["Head"] = CFrame.new(9.313225746154785e-09, 3.5762786865234375e-07, 8.603092283010483e-08, 0.99744713306427, 0.061774492263793945, 0.035822123289108276, -0.05194881558418274, 0.97190922498703, -0.22955124080181122, -0.04899625480175018, 0.2271043062210083, 0.9726371169090271),
            ["RightHand"] = CFrame.new(1.8347054719924927e-07, -2.384185791015625e-07, -1.7136335372924805e-07, 0.9987835884094238, 0.040437690913677216, 0.028218522667884827, -0.03659326583147049, 0.9914166927337646, -0.125514954328537, -0.03305184841156006, 0.12432966381311417, 0.9916903376579285),
            ["UpperTorso"] = CFrame.new(2.444721758365631e-09, -2.682209014892578e-07, 3.725290298461914e-09, 0.9993276000022888, -0.0022926884703338146, 0.03659527003765106, -0.005450894124805927, 0.9776645302772522, 0.2101011574268341, -0.03625958040356636, -0.21015934646129608, 0.9769946336746216),
            ["HumanoidRootPart"] = CFrame.new(0, 0, 0, 1, 0, 0, 0, 1, 0, 0, 0, 1),
            ["RightUpperLeg"] = CFrame.new(1.1920928955078125e-07, 6.007030606269836e-08, -2.2184394765645266e-08, 0.8686423301696777, -0.34570348262786865, -0.35489359498023987, -0.033228468149900436, 0.6740565896034241, -0.737932026386261, 0.49432411789894104, 0.6527915000915527, 0.5740270018577576),
            ["LeftUpperArm"] = CFrame.new(5.960464477539063e-08, -2.384185791015625e-07, 4.470348358154297e-08, -0.057116273790597916, 0.9976485371589661, -0.03788438439369202, -0.9790546298027039, -0.06339872628450394, -0.19347533583641052, -0.1954222023487091, 0.02604028582572937, 0.9803734421730042),
            ["RightLowerArm"] = CFrame.new(5.960464477539063e-08, 5.960464477539063e-08, 7.450580596923828e-08, 1, -6.98491708917004e-10, -2.5611377463263807e-09, 1.6298147276216923e-09, 0.9998834729194641, -0.015264254994690418, 4.074536819054231e-10, 0.015264276415109634, 0.9998835325241089),
            ["LeftHand"] = CFrame.new(5.576293915510178e-07, 4.76837158203125e-07, -5.681067705154419e-08, 0.9939578175544739, -0.05196322873234749, 0.09668421745300293, 0.05718066170811653, 0.9970088601112366, -0.051997650414705276, -0.09369304031133652, 0.057211942970752716, 0.9939560294151306),
            ["LeftFoot"] = CFrame.new(1.210719347000122e-08, 5.960464477539063e-08, 4.0978193283081055e-08, 0.9874740242958069, -0.04307347908616066, -0.15178938210010529, -0.07434265315532684, 0.7215223908424377, -0.6883884072303772, 0.13917022943496704, 0.6910500526428223, 0.7092823386192322),
