return {
    ["Assumptions"] = {
        {Time = 0.000, Data = {
            ["LeftFoot"] = CFrame.new(-3.119930624961853e-08, 0, 1.4901161193847656e-08, 0.9599303007125854, -0.28012874722480774, 0.007860743440687656, 0.1874627321958542, 0.6210317611694336, -0.7610369324684143, 0.20830653607845306, 0.7320160269737244, 0.6486608982086182),
            ["LeftLowerArm"] = CFrame.new(-5.960464477539063e-08, -1.1920928955078125e-07, -5.960464477539063e-08, 1, -1.4901161193847656e-07, 1.1920928955078125e-07, 1.1920928955078125e-07, -0.4007638692855835, -0.9161813855171204, 1.341104507446289e-07, 0.9161814451217651, -0.4007638692855835),
            ["RightUpperArm"] = CFrame.new(-5.960464477539063e-08, -2.384185791015625e-07, 9.685754776000977e-08, 0.9364790320396423, -0.18270081281661987, -0.2993786334991455, 0.2622694969177246, 0.9315328001976013, 0.25191518664360046, 0.23285600543022156, -0.31443119049072266, 0.9202777147293091),
            ["Head"] = CFrame.new(-8.381903171539307e-09, -1.1920928955078125e-07, 1.1548399925231934e-07, 0.9996320009231567, -0.009825732558965683, -0.025284595787525177, 0.015370800159871578, 0.9731866717338562, 0.2295028567314148, 0.0223515834659338, -0.22980692982673645, 0.9729796051979065),
            ["LowerTorso"] = CFrame.new(-0.06185382604598999, -0.3487081527709961, 0.295416921377182, 0.9933040738105774, -0.11232231557369232, 0.027035852894186974, 0.1028725728392601, 0.9664180278778076, 0.23548592627048492, -0.05257825553417206, -0.23112788796424866, 0.9715016484260559),
            ["UpperTorso"] = CFrame.new(6.51925802230835e-09, 2.682209014892578e-07, -4.1443854570388794e-08, 0.9832922220230103, 0.17118901014328003, 0.0618932843208313, -0.1748165786266327, 0.9828386306762695, 0.05888573080301285, -0.05075053870677948, -0.06872184574604034, 0.9963442087173462),
            ["HumanoidRootPart"] = CFrame.new(0, 0, 0, 1, 0, 0, 0, 1, 0, 0, 0, 1),
            ["LeftUpperLeg"] = CFrame.new(-5.960464477539063e-08, 2.682209014892578e-07, -1.1175870895385742e-08, 0.925126850605011, 0.35964569449424744, -0.12163602560758591, -0.3765723407268524, 0.8284718990325928, -0.41452112793922424, -0.048308711498975754, 0.4292893707752228, 0.9018741250038147),
            ["LeftUpperArm"] = CFrame.new(-1.1920928955078125e-07, 0, 1.1920928955078125e-07, 0.7728643417358398, -0.03992708399891853, -0.6333139538764954, -0.4700842499732971, 0.634381890296936, -0.6136614084243774, 0.4262646734714508, 0.771988034248352, 0.47152209281921387),
            ["RightLowerArm"] = CFrame.new(1.7881393432617188e-07, 1.7881393432617188e-07, 7.450580596923828e-08, 1, -8.288770914077759e-08, 1.769513069405093e-08, 4.470348358154297e-08, 0.7942761182785034, -0.607556939125061, 7.450580596923828e-09, 0.6075569987297058, 0.7942761778831482),
            ["LeftHand"] = CFrame.new(0, 2.384185791015625e-07, -1.7881393432617188e-07, 0.995836079120636, 0.027079444378614426, 0.0870480090379715, 0.002909720176830888, 0.9449352622032166, -0.3272444009780884, -0.09111631661653519, 0.32613497972488403, 0.9409217834472656),
            ["RightFoot"] = CFrame.new(2.6073394110426307e-08, 3.5762786865234375e-07, -5.966285243630409e-10, 0.9913973212242126, 0.09457271546125412, 0.09048476815223694, -0.04642708599567413, 0.9004573822021484, -0.43245929479599, -0.12237638235092163, 0.42453816533088684, 0.8971017599105835),
            ["RightHand"] = CFrame.new(-6.984919309616089e-08, -1.1920928955078125e-07, 1.4901161193847656e-08, 1, -8.847564458847046e-09, 6.51925802230835e-09, -1.4202669262886047e-08, 1, 1.862645149230957e-09, 2.7939677238464355e-09, -3.725290298461914e-09, 1),
            ["RightLowerLeg"] = CFrame.new(-8.940696716308594e-08, -0.00043487548828125, 0.000005544927262235433, 1, -1.5646217832454568e-07, -7.078050856534901e-08, 8.940695295223122e-08, 0.11005418002605438, 0.9939256310462952, -1.4901159772762185e-07, -0.9939256310462952, 0.11005422472953796),
            ["RightUpperLeg"] = CFrame.new(0.016582071781158447, -0.1672939956188202, -0.09735681116580963, 0.8298312425613403, -0.46371331810951233, -0.31040313839912415, -0.12610675394535065, 0.3860298693180084, -0.9138259887695312, 0.5435782670974731, 0.7974653244018555, 0.26186227798461914),
            ["LeftLowerLeg"] = CFrame.new(3.443565219640732e-07, -0.00043255090713500977, 0.00001448020339012146, 1, 1.0617077350616455e-07, 6.565824861581859e-08, -7.578637450933456e-08, 0.4639749825000763, 0.885848343372345, 5.21540641784668e-08, -0.885848343372345, 0.4639750123023987),
        }},
        {Time = 0.033, Data = {
            ["LeftFoot"] = CFrame.new(8.195638656616211e-08, 0, 4.470348358154297e-08, 0.9598444700241089, -0.2801029086112976, -0.015527039766311646, 0.1811356395483017, 0.6610708236694336, -0.7281312346458435, 0.2142161726951599, 0.6960802674293518, 0.6852617859840393),
            ["LeftLowerArm"] = CFrame.new(1.1920928955078125e-07, 0, 1.1920928955078125e-07, 1, -7.450580596923828e-08, 1.341104507446289e-07, 1.1175870895385742e-07, -0.47351324558258057, -0.8807867765426636, 1.043081283569336e-07, 0.8807867169380188, -0.4735132157802582),
            ["RightUpperArm"] = CFrame.new(0, 0, 1.1920928955078125e-07, 0.9144517779350281, -0.10931646078824997, -0.3896511197090149, 0.2450851947069168, 0.9157760739326477, 0.3182569742202759, 0.32204240560531616, -0.38652852177619934, 0.8642248511314392),
            ["Head"] = CFrame.new(-7.450580596923828e-09, -1.1920928955078125e-07, 1.2386590242385864e-07, 0.9988868832588196, 0.017259281128644943, -0.04390114173293114, -0.008600981906056404, 0.9816988706588745, 0.19024568796157837, 0.046381209045648575, -0.18965619802474976, 0.9807544350624084),
            ["LowerTorso"] = CFrame.new(-0.052666857838630676, -0.3589106798171997, 0.27870017290115356, 0.9944055676460266, -0.1023060604929924, 0.026287240907549858, 0.09432300180196762, 0.9720514416694641, 0.2149868905544281, -0.04754700884222984, -0.2113047093153, 0.9762631058692932),
            ["UpperTorso"] = CFrame.new(-8.121132850646973e-07, -0.0001798868179321289, 0.000003586290404200554, 0.9877801537513733, 0.13578517735004425, 0.07650427520275116, -0.14141689240932465, 0.9871997237205505, 0.07374357432126999, -0.06551169604063034, -0.08366139978170395, 0.9943385124206543),
            ["HumanoidRootPart"] = CFrame.new(0, 0, 0, 1, 0, 0, 0, 1, 0, 0, 0, 1),
            ["LeftUpperLeg"] = CFrame.new(-5.960464477539063e-08, -1.2293457984924316e-07, -1.4901161193847656e-08, 0.9190336465835571, 0.38805097341537476, -0.06923714280128479, -0.3821117579936981, 0.8339178562164307, -0.3982105851173401, -0.0967879369854927, 0.3924252688884735, 0.9146773815155029),
            ["LeftUpperArm"] = CFrame.new(0, 0, 1.1175870895385742e-07, 0.7631565928459167, -0.05580544099211693, -0.6437995433807373, -0.46659013628959656, 0.641684353351593, -0.6087155938148499, 0.4470856189727783, 0.7649360299110413, 0.46366745233535767),
            ["RightLowerArm"] = CFrame.new(0, 0, 2.9802322387695312e-08, 1, -8.381903171539307e-08, 2.60770320892334e-08, 8.195638656616211e-08, 0.6631942987442017, -0.7484472990036011, 1.4901161193847656e-08, 0.7484473586082458, 0.6631943583488464),
            ["LeftHand"] = CFrame.new(-5.960464477539063e-08, 1.7881393432617188e-07, 1.1920928955078125e-07, 0.9986671805381775, -0.009948444552719593, 0.05064575374126434, 0.03217505291104317, 0.8872509598731995, -0.4601637125015259, -0.040357593446969986, 0.46117982268333435, 0.8863884806632996),
            ["RightFoot"] = CFrame.new(-1.1288648238405585e-08, 4.172325134277344e-07, 5.624315235763788e-09, 0.9911350011825562, 0.12497054785490036, 0.04509815573692322, -0.0904713124036789, 0.8834311962127686, -0.45974355936050415, -0.09729567915201187, 0.45158812403678894, 0.8869059085845947),
            ["RightHand"] = CFrame.new(-2.421438694000244e-08, 2.384185791015625e-07, -1.4901161193847656e-08, 0.9997369050979614, -0.022913124412298203, -0.0011110902996733785, 0.022836046293377876, 0.9986426830291748, -0.04681236296892166, 0.0021822082344442606, 0.046774666756391525, 0.9989031553268433),
            ["RightLowerLeg"] = CFrame.new(-1.043081283569336e-07, -0.0004349946975708008, 0.000005425717972684652, 1, -1.3411039390121005e-07, -1.1548399925231934e-07, 1.0430809993522416e-07, 0.15327608585357666, 0.9881834387779236, -1.6391273049976007e-07, -0.9881834387779236, 0.15327614545822144),
            ["RightUpperLeg"] = CFrame.new(0.01289832592010498, -0.1301291286945343, -0.07572250068187714, 0.8803561329841614, -0.39849233627319336, -0.2572490870952606, -0.07341790944337845, 0.4213389754295349, -0.9039266705513, 0.468596875667572, 0.8146639466285706, 0.34167179465293884),
            ["LeftLowerLeg"] = CFrame.new(2.3655593395233154e-07, -0.0004324913024902344, 0.000014473451301455498, 1, 9.313225746154785e-08, 5.215407838932151e-08, -3.91155481338501e-08, 0.47196874022483826, 0.881615400314331, 3.9814040064811707e-08, -0.8816153407096863, 0.47196877002716064),
        }},
        {Time = 0.067, Data = {
            ["LeftFoot"] = CFrame.new(7.450580596923828e-08, 1.7881393432617188e-07, 1.4901161193847656e-08, 0.9707759022712708, -0.23902612924575806, -0.021464252844452858, 0.16552558541297913, 0.7316449880599976, -0.6612843871116638, 0.1737685352563858, 0.6384060978889465, 0.7498282790184021),
            ["LeftLowerArm"] = CFrame.new(0, 4.172325134277344e-07, 1.1920928955078125e-07, 1, -7.450580596923828e-08, 1.0430814256778831e-07, 4.6566128730773926e-08, -0.4608195722103119, -0.8874939680099487, 1.043081283569336e-07, 0.8874938488006592, -0.4608194828033447),
            ["RightUpperArm"] = CFrame.new(0, -1.1920928955078125e-07, 2.2351741790771484e-08, 0.8989617228507996, -0.06516050547361374, -0.43315353989601135, 0.22829900681972504, 0.9136390686035156, 0.3363678753376007, 0.37382805347442627, -0.40127047896385193, 0.8362025618553162),
            ["Head"] = CFrame.new(9.313225746154785e-09, -1.1920928955078125e-07, 4.377216100692749e-08, 0.9982029795646667, 0.040197718888521194, -0.04444044455885887, -0.03297233581542969, 0.9877070188522339, 0.15279953181743622, 0.05003632977604866, -0.15105953812599182, 0.9872575402259827),
            ["LowerTorso"] = CFrame.new(-0.041175153106451035, -0.3206108808517456, 0.25143399834632874, 0.9962245225906372, -0.08681273460388184, 0.0005171518423594534, 0.08520277589559555, 0.9788571000099182, 0.18595509231090546, -0.016649484634399414, -0.18520896136760712, 0.9825581312179565),
            ["UpperTorso"] = CFrame.new(-0.000001980457454919815, -0.00044220685958862305, 0.000008853181498125196, 0.9919126629829407, 0.09735898673534393, 0.0814286544919014, -0.10474041104316711, 0.9902433156967163, 0.09191198647022247, -0.07168571650981903, -0.099697545170784, 0.992432177066803),
            ["HumanoidRootPart"] = CFrame.new(0, 0, 0, 1, 0, 0, 0, 1, 0, 0, 0, 1),
            ["LeftUpperLeg"] = CFrame.new(0, -4.470348358154297e-08, 8.335337042808533e-08, 0.9196021556854248, 0.39222460985183716, -0.02217625454068184, -0.373845636844635, 0.8563731908798218, -0.3561803102493286, -0.12071150541305542, 0.33583471179008484, 0.9341540932655334),
            ["LeftUpperArm"] = CFrame.new(5.960464477539063e-08, 0, 7.450580596923828e-09, 0.7791165113449097, -0.03849443420767784, -0.6256963014602661, -0.43377211689949036, 0.687473475933075, -0.5824276208877563, 0.45256978273391724, 0.7251885533332825, 0.5189241766929626),
            ["RightLowerArm"] = CFrame.new(-2.9802322387695312e-08, -2.384185791015625e-07, 1.7881393432617188e-07, 1, -5.960463766996327e-08, 5.2154071283894154e-08, 6.705523247774181e-08, 0.5153681039810181, -0.8569689393043518, 8.940698137394065e-08, 0.856968879699707, 0.5153682231903076),
            ["LeftHand"] = CFrame.new(-1.1920928955078125e-07, -5.960464477539063e-08, -1.7881393432617188e-07, 0.9983763098716736, -0.0534205362200737, 0.019772619009017944, 0.05505932867527008, 0.8160421848297119, -0.57536381483078, 0.01460084319114685, 0.5755184292793274, 0.817658543586731),
            ["RightFoot"] = CFrame.new(-5.5508280638605356e-08, 2.384185791015625e-07, 1.5876139514148235e-08, 0.9908742904663086, 0.1347891390323639, 0.0002386591222602874, -0.1233111023902893, 0.907208263874054, -0.40220320224761963, -0.05442921072244644, 0.39850351214408875, 0.9155504107475281),
            ["RightHand"] = CFrame.new(-2.6263296604156494e-07, -1.7881393432617188e-07, 8.940696716308594e-08, 0.9985088109970093, -0.05457809567451477, 0.0011953042121604085, 0.054321326315402985, 0.9911606907844543, -0.12103641033172607, 0.005421198904514313, 0.12092083692550659, 0.9926474094390869),
            ["RightLowerLeg"] = CFrame.new(-7.450580596923828e-09, -0.00043463706970214844, 0.000005373563908506185, 1, -1.3597305326129572e-07, -9.685752644372769e-08, 1.4156101713069802e-07, 0.29593896865844727, 0.9552068114280701, -1.1175869474300271e-07, -0.9552068710327148, 0.29593899846076965),
            ["RightUpperLeg"] = CFrame.new(0.0085410475730896, -0.08616948872804642, -0.0501394160091877, 0.9396140575408936, -0.2843888998031616, -0.1903904378414154, -0.017172399908304214, 0.5164344310760498, -0.8561545610427856, 0.34180495142936707, 0.8077242970466614, 0.48036542534828186),
            ["LeftLowerLeg"] = CFrame.new(1.3597309589385986e-07, -0.000432431697845459, 0.00001450488343834877, 1, 7.82310962677002e-08, 3.725290298461914e-08, -1.257285475730896e-07, 0.49945345520973206, 0.8663407564163208, 4.7497451305389404e-08, -0.8663408160209656, 0.4994533956050873),
        }},
        {Time = 0.100, Data = {
            ["LeftFoot"] = CFrame.new(1.564621925354004e-07, -5.960464477539063e-08, 0, 0.9853437542915344, -0.17009249329566956, -0.01289350539445877, 0.13051268458366394, 0.8004090785980225, -0.5850740075111389, 0.10983677208423615, 0.5748164653778076, 0.8108773827552795),
            ["LeftLowerArm"] = CFrame.new(2.682209014892578e-07, -5.960464477539063e-08, 1.1920928955078125e-07, 1, -2.980232594040899e-08, 1.3411047916633834e-07, 7.078052277620372e-08, -0.37238559126853943, -0.9280782341957092, 9.685756197086448e-08, 0.9280781745910645, -0.37238553166389465),
            ["RightUpperArm"] = CFrame.new(0, -1.1920928955078125e-07, 4.284083843231201e-08, 0.8936327695846558, -0.04591992497444153, -0.446443647146225, 0.20793257653713226, 0.9239081740379333, 0.321181982755661, 0.39772430062294006, -0.37984874844551086, 0.835182785987854),
            ["Head"] = CFrame.new(2.7939677238464355e-09, 0, 4.190951585769653e-08, 0.9977894425392151, 0.059520553797483444, -0.029558587819337845, -0.05555448308587074, 0.9911551475524902, 0.120521180331707, 0.03647063300013542, -0.11861249059438705, 0.9922706484794617),
            ["LowerTorso"] = CFrame.new(-0.029875509440898895, -0.24191832542419434, 0.2167455106973648, 0.9965700507164001, -0.0690297931432724, -0.04564226418733597, 0.07525089383125305, 0.9853991270065308, 0.15272870659828186, 0.03443301469087601, -0.15563948452472687, 0.9872136116027832),
            ["UpperTorso"] = CFrame.new(-0.0000035641714930534363, -0.0007997751235961914, 0.00001597544178366661, 0.9947252869606018, 0.05881018936634064, 0.08404219150543213, -0.06779613345861435, 0.9917917251586914, 0.10841054469347, -0.0769767016172409, -0.11353641003370285, 0.9905474185943604),
            ["HumanoidRootPart"] = CFrame.new(0, 0, 0, 1, 0, 0, 0, 1, 0, 0, 0, 1),
            ["LeftUpperLeg"] = CFrame.new(2.9802322387695312e-08, -2.1606683731079102e-07, -1.6763806343078613e-08, 0.9259300231933594, 0.37769412994384766, 0.0008338623447343707, -0.353985458612442, 0.8685727715492249, -0.3468080163002014, -0.13171161711215973, 0.32082468271255493, 0.9379357695579529),
            ["LeftUpperArm"] = CFrame.new(5.960464477539063e-08, -2.384185791015625e-07, 3.3527612686157227e-08, 0.8133742213249207, 0.00013145616685505956, -0.5817408561706543, -0.37914082407951355, 0.7585666179656982, -0.529932975769043, 0.4412194788455963, 0.6515955328941345, 0.617048442363739),
            ["RightLowerArm"] = CFrame.new(-2.9802322387695312e-08, 1.7881393432617188e-07, 0, 1, -1.4901161193847656e-08, 4.470348358154297e-08, 9.313227167240257e-08, 0.4666842520236969, -0.8844240307807922, 2.980232594040899e-08, 0.8844240307807922, 0.4666843116283417),
            ["LeftHand"] = CFrame.new(0, 1.7881393432617188e-07, 2.2351741790771484e-07, 0.9956331849098206, -0.09327322989702225, -0.003830261994153261, 0.06816048920154572, 0.7543824911117554, -0.6528868675231934, 0.06378643214702606, 0.6497747302055359, 0.7574458718299866),
            ["RightFoot"] = CFrame.new(8.204006007872522e-08, 4.172325134277344e-07, 3.223976818844676e-08, 0.9896212220191956, 0.14000488817691803, -0.03238046169281006, -0.14329741895198822, 0.9446011185646057, -0.2952869236469269, -0.010755020193755627, 0.2968624532222748, 0.9548598527908325),
            ["RightHand"] = CFrame.new(-1.5459954738616943e-07, -2.384185791015625e-07, 5.960464477539063e-08, 0.9968738555908203, -0.07894214987754822, 0.0032668528147041798, 0.0782439261674881, 0.9806238412857056, -0.17959623038768768, 0.010974183678627014, 0.17929047346115112, 0.9837350845336914),
            ["RightLowerLeg"] = CFrame.new(-8.195638656616211e-08, -0.00043457746505737305, 0.000005373563908506185, 1, -1.67638020798222e-07, -8.940698137394065e-08, 1.4901162614933128e-07, 0.5206688642501831, 0.853758692741394, -8.195639367158947e-08, -0.8537588119506836, 0.5206690430641174),
            ["RightUpperLeg"] = CFrame.new(0.004367470741271973, -0.044062916189432144, -0.025637801736593246, 0.9823980331420898, -0.16021104156970978, -0.0960550308227539, 0.03279890865087509, 0.6541656851768494, -0.7556398510932922, 0.18389782309532166, 0.739188551902771, 0.6479057669639587),
            ["LeftLowerLeg"] = CFrame.new(2.637971192598343e-07, -0.0004328489303588867, 0.000014521181583404541, 1, 1.0430811414607888e-07, 4.6566135836201283e-08, -5.5879347371501353e-08, 0.46558281779289246, 0.8850044012069702, 4.284083487959833e-08, -0.8850044012069702, 0.4655829071998596),
        }},
        {Time = 0.133, Data = {
            ["LeftFoot"] = CFrame.new(-3.3993273973464966e-08, 0, -2.9802322387695312e-08, 0.9962468147277832, -0.0863400399684906, 0.006152571644634008, 0.07815342396497726, 0.8666725158691406, -0.49271777272224426, 0.037209074944257736, 0.4913495182991028, 0.8701675534248352),
            ["LeftLowerArm"] = CFrame.new(1.1920928955078125e-07, -2.384185791015625e-07, -1.1920928955078125e-07, 1, -6.70552182668871e-08, 6.70552182668871e-08, 5.21540641784668e-08, -0.1988229900598526, -0.9800354242324829, 7.82310962677002e-08, 0.9800354838371277, -0.19882304966449738),
            ["RightUpperArm"] = CFrame.new(0, 2.384185791015625e-07, 3.5390257835388184e-08, 0.8981738090515137, -0.04454703629016876, -0.43737778067588806, 0.184434711933136, 0.9412567615509033, 0.28287726640701294, 0.3990834951400757, -0.33474060893058777, 0.8536282181739807),
            ["Head"] = CFrame.new(-2.3283064365386963e-09, -1.1920928955078125e-07, -1.0826624929904938e-08, 0.9972760081291199, 0.07374107837677002, -0.001707481569610536, -0.07323197275400162, 0.9926271438598633, 0.0965840294957161, 0.0088170962408185, -0.09619571268558502, 0.9953234195709229),
            ["LowerTorso"] = CFrame.new(-0.02126472443342209, -0.13057398796081543, 0.17776185274124146, 0.9929006695747375, -0.05189864709973335, -0.1070273220539093, 0.06469203531742096, 0.9906935691833496, 0.11975555121898651, 0.09981611371040344, -0.12582919001579285, 0.9870176315307617),
            ["UpperTorso"] = CFrame.new(-0.000005675479769706726, -0.001264035701751709, 0.000025206711143255234, 0.9954879283905029, 0.024022908881306648, 0.09179740399122238, -0.034966956824064255, 0.9922136664390564, 0.1195385605096817, -0.08821094781160355, -0.12220905721187592, 0.9885767102241516),
            ["HumanoidRootPart"] = CFrame.new(0, 0, 0, 1, 0, 0, 0, 1, 0, 0, 0, 1),
            ["LeftUpperLeg"] = CFrame.new(5.960464477539063e-08, -2.0489096641540527e-08, 3.725290298461914e-08, 0.9354982972145081, 0.3531443178653717, 0.011498761363327503, -0.32398244738578796, 0.8703241944313049, -0.3709059953689575, -0.14099092781543732, 0.34325650334358215, 0.9285992980003357),
            ["LeftUpperArm"] = CFrame.new(0, 0, 4.284083843231201e-08, 0.8573750853538513, 0.04682491719722748, -0.5125575661659241, -0.3119158446788788, 0.8394180536270142, -0.4450682997703552, 0.40940988063812256, 0.5414654612541199, 0.7343016862869263),
            ["RightLowerArm"] = CFrame.new(2.384185791015625e-07, 1.1920928955078125e-07, 2.9802322387695312e-08, 1, -8.940698137394065e-08, 2.9802322387695312e-08, 4.842877388000488e-08, 0.5468457937240601, -0.8372333645820618, 2.9802322387695312e-08, 0.8372334241867065, 0.5468457937240601),
            ["LeftHand"] = CFrame.new(1.1920928955078125e-07, -1.7881393432617188e-07, 1.6391277313232422e-07, 0.992633044719696, -0.1190803274512291, -0.02234892174601555, 0.07225212454795837, 0.7298598885536194, -0.6797678470611572, 0.0972585678100586, 0.6731452345848083, 0.7330867648124695),
            ["RightFoot"] = CFrame.new(4.235516826156527e-09, 3.5762786865234375e-07, -4.71482053399086e-09, 0.989439070224762, 0.14061804115772247, -0.03517161309719086, -0.14314007759094238, 0.9861087203025818, -0.08426538854837418, 0.022833634167909622, 0.08841010928153992, 0.9958224892616272),
            ["RightHand"] = CFrame.new(1.0803341865539551e-07, 5.960464477539063e-08, 1.4901161193847656e-08, 0.996741771697998, -0.08063272386789322, -0.0020686315838247538, 0.07892973721027374, 0.9803307056427002, -0.1808920055627823, 0.016613751649856567, 0.18013937771320343, 0.9835008978843689),
            ["RightLowerLeg"] = CFrame.new(-1.4528632164001465e-07, -0.0004347562789916992, 0.000005399640940595418, 1, -1.0058280253133489e-07, -1.303851249190302e-08, 7.078050856534901e-08, 0.8087050318717957, 0.5882143378257751, -2.607702853651972e-08, -0.5882144570350647, 0.8087050914764404),
            ["RightUpperLeg"] = CFrame.new(0.0012347698211669922, -0.01245698519051075, -0.007247773930430412, 0.9972396492958069, -0.07178397476673126, 0.018977604806423187, 0.06987669318914413, 0.8209047317504883, -0.5667740106582642, 0.0251065194606781, 0.5665355920791626, 0.8236547708511353),
            ["LeftLowerLeg"] = CFrame.new(1.590524334460497e-07, -0.00043261051177978516, 0.000014565885066986084, 1, 7.497146015111866e-08, 3.119930624961853e-08, -1.006992391694439e-07, 0.39015161991119385, 0.9207506775856018, 4.7963105487269786e-08, -0.9207506775856018, 0.39015164971351624),
        }},
        {Time = 0.167, Data = {
            ["LeftFoot"] = CFrame.new(3.725290298461914e-09, 0, 1.1920928955078125e-07, 0.9994869828224182, -0.00028882361948490143, 0.032029036432504654, 0.012279991991817951, 0.9270049333572388, -0.374847948551178, -0.029582854360342026, 0.3750491440296173, 0.9265329241752625),
            ["LeftLowerArm"] = CFrame.new(2.9802322387695312e-08, 2.384185791015625e-07, -8.940696716308594e-08, 1, -9.685754776000977e-08, 8.940696716308594e-08, 9.685756197086448e-08, 0.06902509927749634, -0.9976149797439575, 7.264316792543468e-08, 0.9976149797439575, 0.06902506947517395),
            ["RightUpperArm"] = CFrame.new(0, 1.1920928955078125e-07, 2.9802322387695312e-08, 0.910438060760498, -0.05347896367311478, -0.4101739227771759, 0.1603391021490097, 0.9597071409225464, 0.23076732456684113, 0.3813057243824005, -0.27586621046066284, 0.8823286890983582),
            ["Head"] = CFrame.new(5.587935447692871e-09, 2.384185791015625e-07, 2.0023435354232788e-08, 0.9960734248161316, 0.07973459362983704, 0.038472749292850494, -0.08273449540138245, 0.993026614189148, 0.0839831531047821, -0.031508106738328934, -0.08683623373508453, 0.9957242608070374),
            ["LowerTorso"] = CFrame.new(-0.017839621752500534, 0.005856513977050781, 0.13761013746261597, 0.9833552837371826, -0.03771684318780899, -0.17773522436618805, 0.054666657000780106, 0.9943076372146606, 0.09145403653383255, 0.17327414453029633, -0.09964799880981445, 0.9798195362091064),
            ["UpperTorso"] = CFrame.new(-0.000008242204785346985, -0.001838982105255127, 0.000036687590181827545, 0.9939004778862, -0.002573225647211075, 0.11025162786245346, -0.011094256304204464, 0.9923232197761536, 0.12317333370447159, -0.10972221195697784, -0.12364517152309418, 0.98624187707901),
            ["HumanoidRootPart"] = CFrame.new(0, 0, 0, 1, 0, 0, 0, 1, 0, 0, 0, 1),
            ["LeftUpperLeg"] = CFrame.new(0, 9.825453162193298e-08, -1.4901161193847656e-08, 0.9452628493309021, 0.3257767856121063, 0.018645212054252625, -0.2872612178325653, 0.8578904867172241, -0.42603397369384766, -0.15478754043579102, 0.3973580300807953, 0.9045150279998779),
            ["LeftUpperArm"] = CFrame.new(-1.1920928955078125e-07, 3.5762786865234375e-07, 5.960464477539063e-08, 0.9015307426452637, 0.08839291334152222, -0.4235905706882477, -0.24373553693294525, 0.9125816822052002, -0.32831063866615295, 0.35754072666168213, 0.39922621846199036, 0.844264805316925),
            ["RightLowerArm"] = CFrame.new(1.1920928955078125e-07, 1.1920928955078125e-07, -5.960464477539063e-08, 1, -8.940698137394065e-08, 5.21540641784668e-08, 5.587936158235607e-08, 0.7111567854881287, -0.7030335068702698, 1.4901162970204496e-08, 0.7030335068702698, 0.7111567854881287),
            ["LeftHand"] = CFrame.new(-2.9802322387695312e-08, 5.960464477539063e-08, 2.2351741790771484e-08, 0.9919961094856262, -0.12034217268228531, -0.038229282945394516, 0.06820909678936005, 0.7655043005943298, -0.6398051977157593, 0.10626029223203659, 0.6320768594741821, 0.7675857543945312),
            ["RightFoot"] = CFrame.new(-3.856257535517216e-08, 2.980232238769531e-07, 2.6266206987202168e-09, 0.9902097582817078, 0.1389552801847458, -0.013274896889925003, -0.12911075353622437, 0.9478843212127686, 0.29128289222717285, 0.053058356046676636, -0.2867172658443451, 0.9565449357032776),
            ["RightHand"] = CFrame.new(2.0116567611694336e-07, 1.7881393432617188e-07, -8.940696716308594e-08, 0.9986466765403748, -0.04885868728160858, -0.01782744564116001, 0.046934038400650024, 0.9942871928215027, -0.09586568176746368, 0.022409463301301003, 0.09489922225475311, 0.9952346682548523),
            ["RightLowerLeg"] = CFrame.new(-1.2759119272232056e-07, -0.00043487548828125, 0.000005410816811490804, 1, -1.2107190805465962e-08, 3.725290298461914e-09, 2.2817403078079224e-08, 0.9999828338623047, 0.005870874971151352, -9.313225746154785e-09, -0.0058709727600216866, 0.9999828338623047),
            ["RightUpperLeg"] = CFrame.new(0, 1.5459954738616943e-07, 1.3205863069742918e-08, 0.9895294904708862, -0.06405153125524521, 0.1293400526046753, 0.09278903156518936, 0.9687178730964661, -0.23016513884067535, -0.11055158078670502, 0.23975655436515808, 0.964518129825592),
            ["LeftLowerLeg"] = CFrame.new(2.0954757928848267e-07, -0.00043261051177978516, 0.00001455843448638916, 1, 1.0803340444454079e-07, 7.823110337312755e-08, -6.239861249923706e-08, 0.2963480055332184, 0.9550800323486328, 5.587935447692871e-08, -0.9550800323486328, 0.29634812474250793),
        }},
        {Time = 0.200, Data = {
            ["LeftFoot"] = CFrame.new(-4.0978193283081055e-08, -1.1920928955078125e-07, -7.450580596923828e-09, 0.9959526658058167, 0.0725703313946724, 0.05302748829126358, -0.056965239346027374, 0.9660168290138245, -0.25212424993515015, -0.06952224671840668, 0.24808311462402344, 0.9662408828735352),
            ["LeftLowerArm"] = CFrame.new(-2.384185791015625e-07, 3.5762786865234375e-07, -2.2351741790771484e-08, 1, -1.005828522693264e-07, 5.960464477539063e-08, 7.823110337312755e-08, 0.4041813313961029, -0.9146789312362671, 8.67294218664938e-08, 0.9146789908409119, 0.40418121218681335),
            ["RightUpperArm"] = CFrame.new(0, 1.1920928955078125e-07, -1.4901161193847656e-08, 0.9271786212921143, -0.06543722003698349, -0.36886027455329895, 0.13879209756851196, 0.974560022354126, 0.17598146200180054, 0.3479607105255127, -0.21436111629009247, 0.91267329454422),
            ["Head"] = CFrame.new(-9.313225746154785e-09, 1.1920928955078125e-07, -2.2817403078079224e-08, 0.9932376146316528, 0.07762712985277176, 0.08633208274841309, -0.08459637314081192, 0.9931799173355103, 0.08023197203874588, -0.07951511442661285, -0.08699267357587814, 0.9930305480957031),
            ["LowerTorso"] = CFrame.new(-0.017839621752500534, 0.12822270393371582, 0.09870517998933792, 0.9672639966011047, -0.02690957300364971, -0.2523415684700012, 0.046293843537569046, 0.9963874220848083, 0.07119718194007874, 0.24951405823230743, -0.08054833114147186, 0.9650154113769531),
            ["UpperTorso"] = CFrame.new(-0.0000112093985080719, -0.0025002360343933105, 0.000049901194870471954, 0.9903531074523926, -0.019366148859262466, 0.1372068077325821, 0.002991042099893093, 0.9929423332214355, 0.11856036633253098, -0.13853447139263153, -0.11700622737407684, 0.9834214448928833),
            ["HumanoidRootPart"] = CFrame.new(0, 0, 0, 1, 0, 0, 0, 1, 0, 0, 0, 1),
            ["LeftUpperLeg"] = CFrame.new(-5.960464477539063e-08, -2.2095628082752228e-07, 1.30385160446167e-08, 0.9502578973770142, 0.31092333793640137, 0.018351132050156593, -0.25584086775779724, 0.8128013610839844, -0.5233540534973145, -0.17763875424861908, 0.49262624979019165, 0.8519178032875061),
            ["LeftUpperArm"] = CFrame.new(0, 0, 0, 0.937472403049469, 0.11582770198583603, -0.3282216787338257, -0.18609307706356049, 0.9637019038200378, -0.19143705070018768, 0.29413408041000366, 0.24054671823978424, 0.9249987006187439),
            ["RightLowerArm"] = CFrame.new(-1.7881393432617188e-07, 1.1920928955078125e-07, -1.1920928955078125e-07, 1, -3.3527616238870905e-08, 2.6077035641947077e-08, 3.3527616238870905e-08, 0.8716095685958862, -0.4902007579803467, 1.4901162970204496e-08, 0.4902007579803467, 0.871609628200531),
            ["LeftHand"] = CFrame.new(-1.7881393432617188e-07, 1.7881393432617188e-07, -1.4901161193847656e-07, 0.9948068857192993, -0.0895838811993599, -0.04831351712346077, 0.05261561647057533, 0.8589663505554199, -0.5093215703964233, 0.08712669461965561, 0.504134476184845, 0.8592191338539124),
            ["RightFoot"] = CFrame.new(-4.196772351861e-08, 2.980232238769531e-07, -6.686605047434568e-09, 0.9906591773033142, 0.13621112704277039, 0.006409031338989735, -0.1285492330789566, 0.9171896576881409, 0.37714463472366333, 0.04549295827746391, -0.3744458556175232, 0.9261322021484375),
            ["RightHand"] = CFrame.new(-2.384185791015625e-07, -6.556510925292969e-07, 8.940696716308594e-08, 0.9994344711303711, 0.004794032778590918, -0.033283475786447525, -0.0031470507383346558, 0.9987761974334717, 0.04935960844159126, 0.03347936272621155, -0.049226924777030945, 0.9982264041900635),
            ["RightLowerLeg"] = CFrame.new(-5.3551048040390015e-08, -0.0004348158836364746, 0.000005401503585744649, 1, 1.932493631784382e-08, -2.7939672797572257e-09, -7.916240996053148e-09, 0.9999826550483704, 0.00588896032422781, -1.0244547432591844e-08, -0.005889099556952715, 0.9999827146530151),
            ["RightUpperLeg"] = CFrame.new(0, 1.955777406692505e-07, 1.3205863069742918e-08, 0.9720460772514343, -0.05778537318110466, 0.22756841778755188, 0.1050976887345314, 0.9738036394119263, -0.2016455978155136, -0.20995473861694336, 0.21992571651935577, 0.9526551365852356),
            ["LeftLowerLeg"] = CFrame.new(2.7939677238464355e-07, -0.00043261051177978516, 0.000014506280422210693, 1, 9.685754776000977e-08, 5.5879368687783426e-08, -1.0803343286625022e-07, 0.15893590450286865, 0.9872889518737793, 9.685756197086448e-08, -0.9872888922691345, 0.15893596410751343),
        }},
        {Time = 0.233, Data = {
            ["LeftFoot"] = CFrame.new(-8.66129994392395e-08, -1.1920928955078125e-07, -3.725290298461914e-09, 0.9903857111930847, 0.1250910758972168, 0.059062473475933075, -0.11632786691188812, 0.9841622114181519, -0.1337631493806839, -0.07485974580049515, 0.12560680508613586, 0.9892517328262329),
            ["LeftLowerArm"] = CFrame.new(-1.1920928955078125e-07, 1.7881393432617188e-07, -8.940696716308594e-08, 1, -6.705522537231445e-08, 2.60770320892334e-08, 5.774199962615967e-08, 0.7159890532493591, -0.6981115341186523, 4.842877388000488e-08, 0.6981115341186523, 0.7159890532493591),
            ["RightUpperArm"] = CFrame.new(0, -2.384185791015625e-07, -3.725290298461914e-08, 0.9447481632232666, -0.0743606835603714, -0.31925129890441895, 0.12216001749038696, 0.9836409091949463, 0.1323918253183365, 0.3041839301586151, -0.16407670080661774, 0.9383769035339355),
            ["Head"] = CFrame.new(-1.1175870895385742e-08, -5.960464477539062e-07, -6.379559636116028e-08, 0.9886994361877441, 0.070377878844738, 0.13236531615257263, -0.08141110837459564, 0.9934750199317932, 0.07987341284751892, -0.12588031589984894, -0.08974660933017731, 0.9879776239395142),
            ["LowerTorso"] = CFrame.new(-0.017839621752500534, 0.20943188667297363, 0.06061258539557457, 0.9445618391036987, -0.018344778567552567, -0.32782071828842163, 0.03954976424574852, 0.9975250363349915, 0.05813490226864815, 0.32594290375709534, -0.06787724047899246, 0.9429495930671692),
            ["UpperTorso"] = CFrame.new(-0.000014429911971092224, -0.0032143890857696533, 0.000064152292907238, 0.9849755167961121, -0.02771872654557228, 0.17045558989048004, 0.009162032045423985, 0.9940321445465088, 0.1087024137377739, -0.1724514365196228, -0.10550748556852341, 0.9793511629104614),
            ["HumanoidRootPart"] = CFrame.new(0, 0, 0, 1, 0, 0, 0, 1, 0, 0, 0, 1),
            ["LeftUpperLeg"] = CFrame.new(0, -2.314336597919464e-07, 3.725290298461914e-08, 0.9488169550895691, 0.31580400466918945, 0.003788445144891739, -0.23759430646896362, 0.7216401100158691, -0.6502187848091125, -0.20807555317878723, 0.6160385012626648, 0.7597376108169556),
            ["LeftUpperArm"] = CFrame.new(-1.1920928955078125e-07, -4.76837158203125e-07, 0, 0.9609367251396179, 0.128330260515213, -0.24521832168102264, -0.14598630368709564, 0.9877477288246155, -0.05515754967927933, 0.23513546586036682, 0.08880146592855453, 0.9678975343704224),
            ["RightLowerArm"] = CFrame.new(-1.4901161193847656e-07, -1.1920928955078125e-07, 0, 1, -2.607702853651972e-08, -3.1082890927791595e-08, 4.0978193283081055e-08, 0.9604794979095459, -0.2783505916595459, -7.450580596923828e-09, 0.2783505916595459, 0.9604796171188354),
            ["LeftHand"] = CFrame.new(4.470348358154297e-08, -3.5762786865234375e-07, -2.980232238769531e-07, 0.9982738494873047, -0.038305509835481644, -0.04452117905020714, 0.02307112328708172, 0.9528630971908569, -0.30252236127853394, 0.05401086434721947, 0.3009730577468872, 0.9521019458770752),
            ["RightFoot"] = CFrame.new(2.6542693376541138e-08, 4.76837158203125e-07, -1.5068508218973875e-08, 0.9904186129570007, 0.13797222077846527, 0.005889692809432745, -0.1267276108264923, 0.891099214553833, 0.4357547461986542, 0.05487363785505295, -0.43232613801956177, 0.9000462293624878),
            ["RightHand"] = CFrame.new(2.9802322387695312e-08, -4.76837158203125e-07, -6.332993507385254e-08, 0.9974664449691772, 0.059368379414081573, -0.039193879812955856, -0.04996014013886452, 0.9768182039260864, 0.20815901458263397, 0.05064341425895691, -0.2056734710931778, 0.9773094058036804),
            ["RightLowerLeg"] = CFrame.new(-1.0849907994270325e-07, -0.0004347562789916992, 0.000005410816811490804, 1, 9.313223525708736e-10, -9.313224635931761e-10, -2.0954756152491427e-08, 0.9999825954437256, 0.005899837706238031, 0, -0.005899964831769466, 0.9999826550483704),
            ["RightUpperLeg"] = CFrame.new(-2.9802322387695312e-08, -1.8998980522155762e-07, -1.6952981241047382e-09, 0.9566909670829773, -0.053939443081617355, 0.2860648036003113, 0.1109890416264534, 0.9760425686836243, -0.18714304268360138, -0.26911693811416626, 0.21078811585903168, 0.9397577047348022),
            ["LeftLowerLeg"] = CFrame.new(2.086162567138672e-07, -0.000432431697845459, 0.000014588236808776855, 1, 9.685752644372769e-08, 6.705523247774181e-08, -1.0430811414607888e-07, -0.018301209434866905, 0.9998326301574707, 8.195637946073475e-08, -0.9998325109481812, -0.018301233649253845),
        }},
        {Time = 0.267, Data = {
            ["LeftFoot"] = CFrame.new(-5.774199962615967e-08, -5.960464477539063e-08, 6.332993507385254e-08, 0.9862749576568604, 0.15807414054870605, 0.04768916592001915, -0.15817560255527496, 0.9874097108840942, -0.0016696735983714461, -0.04735245928168297, -0.005896508693695068, 0.9988608956336975),
            ["LeftLowerArm"] = CFrame.new(-8.940696716308594e-08, -1.7881393432617188e-07, -8.940696716308594e-08, 1, -4.470348358154297e-08, 2.0489096641540527e-08, 2.9802322387695312e-08, 0.9095081090927124, -0.4156862795352936, 4.284083843231201e-08, 0.41568630933761597, 0.9095080494880676),
            ["RightUpperArm"] = CFrame.new(0, -4.76837158203125e-07, 1.6763806343078613e-08, 0.9602741003036499, -0.0775170847773552, -0.2680762708187103, 0.1110323891043663, 0.9874637126922607, 0.1121927872300148, 0.256018728017807, -0.13750101625919342, 0.9568427205085754),
            ["Head"] = CFrame.new(9.313225746154785e-09, -1.1920928955078125e-07, 5.681067705154419e-08, 0.9826309084892273, 0.059424497187137604, 0.17579904198646545, -0.07472255080938339, 0.9938507080078125, 0.08171629905700684, -0.16986201703548431, -0.09343302249908447, 0.98102867603302),
            ["LowerTorso"] = CFrame.new(-0.017839621752500534, 0.25739097595214844, 0.022185632959008217, 0.9158015251159668, -0.011475121602416039, -0.4014674127101898, 0.034513771533966064, 0.9981427192687988, 0.05020070821046829, 0.4001457393169403, -0.059830039739608765, 0.9144964814186096),
            ["UpperTorso"] = CFrame.new(-0.000017722835764288902, -0.00394788384437561, 0.00007880688644945621, 0.9777178168296814, -0.02956440858542919, 0.2078312188386917, 0.009390025399625301, 0.9952015280723572, 0.09739512950181961, -0.20971332490444183, -0.09327343106269836, 0.9733039140701294),
            ["HumanoidRootPart"] = CFrame.new(0, 0, 0, 1, 0, 0, 0, 1, 0, 0, 0, 1),
            ["LeftUpperLeg"] = CFrame.new(0, -4.6566128730773926e-09, 7.450580596923828e-09, 0.9426270127296448, 0.3326123058795929, -0.02869359776377678, -0.23178914189338684, 0.5901843309402466, -0.7732762694358826, -0.2402668595314026, 0.7355621457099915, 0.6334198117256165),
            ["LeftUpperArm"] = CFrame.new(0, -4.76837158203125e-07, 2.9802322387695312e-08, 0.9721336364746094, 0.1330760270357132, -0.19299504160881042, -0.12394098192453384, 0.9905510544776917, 0.05871338024735451, 0.19898486137390137, -0.03315727785229683, 0.9794415235519409),
            ["RightLowerArm"] = CFrame.new(-1.4901161193847656e-07, 1.1920928955078125e-07, 1.4901161193847656e-07, 1, -2.9802322387695312e-08, 2.9802318834981634e-08, 1.1175870895385742e-08, 0.9872586131095886, -0.15912416577339172, 2.2351741790771484e-08, 0.15912413597106934, 0.9872585535049438),
            ["LeftHand"] = CFrame.new(-4.470348358154297e-08, -2.384185791015625e-07, -1.7881393432617188e-07, 0.99958336353302, 0.012777620926499367, -0.02588381990790367, -0.014693276956677437, 0.9970583915710449, -0.07522524148225784, 0.024846432730555534, 0.07557417452335358, 0.9968305826187134),
            ["RightFoot"] = CFrame.new(7.986091077327728e-08, 2.980232238769531e-07, -1.6931153368204832e-08, 0.9895723462104797, 0.14371497929096222, -0.00962419155985117, -0.12196527421474457, 0.8716075420379639, 0.47478917241096497, 0.07662305235862732, -0.4686644375324249, 0.8800470232963562),
            ["RightHand"] = CFrame.new(-2.682209014892578e-07, -1.1920928955078125e-07, 7.82310962677002e-08, 0.9947076439857483, 0.096086785197258, -0.03638610243797302, -0.07804973423480988, 0.9369632005691528, 0.34059977531433105, 0.06681964546442032, -0.33595728874206543, 0.939504086971283),
            ["RightLowerLeg"] = CFrame.new(-9.033828973770142e-08, -0.00043511390686035156, 0.000005366113327909261, 1, 2.7939670577126208e-09, -1.8626449271863521e-09, -1.0244547432591844e-08, 0.9999825954437256, 0.005905884318053722, -1.8626449271863521e-09, -0.005906084086745977, 0.9999825954437256),
