return {
    ["Assumptions Whisk"] = {
        {Time = 0.000, Data = {
            ["RightFoot"] = CFrame.new(3.725290298461914e-08, 3.5762786865234375e-07, 9.113136911764741e-09, 0.972166121006012, 0.17899318039417267, 0.15117694437503815, -0.2299685925245285, 0.8523983955383301, 0.46960824728012085, -0.04480636864900589, -0.49130284786224365, 0.8698354959487915),
            ["LeftLowerArm"] = CFrame.new(0.000020802021026611328, 1.1920928955078125e-07, -5.960464477539063e-08, 1, 0.00002913176649599336, -0.000025704503059387207, -0.000027507543563842773, 0.059991829097270966, -0.998198926448822, -0.000027507543563842773, 0.9981988668441772, 0.059991806745529175),
            ["RightUpperArm"] = CFrame.new(-5.960464477539063e-08, 0, 1.043081283569336e-07, 0.5055481195449829, -0.8503687381744385, -0.1459251344203949, 0.6284332871437073, 0.4788053035736084, -0.6130391955375671, 0.5911791324615479, 0.21821646392345428, 0.7764592170715332),
            ["Head"] = CFrame.new(1.1175870895385742e-08, -1.1920928955078125e-07, 2.9336661100387573e-08, 0.9814452528953552, -0.04375118762254715, 0.18668484687805176, 0.07215400040149689, 0.9863253831863403, -0.148176372051239, -0.17764908075332642, 0.15889710187911987, 0.9711810946464539),
            ["RightHand"] = CFrame.new(8.940696716308594e-08, -5.960464477539063e-08, 3.725290298461914e-09, 0.9307225942611694, -0.3528781533241272, 0.09608622640371323, 0.35180410742759705, 0.9356407523155212, 0.028465930372476578, -0.09994719177484512, 0.007309645414352417, 0.9949659109115601),
            ["UpperTorso"] = CFrame.new(1.0710209608078003e-08, -2.9802322387695312e-08, -1.0046642273664474e-07, 0.9790219068527222, 0.16682465374469757, -0.11698585748672485, -0.18988686800003052, 0.9552156925201416, -0.22694958746433258, 0.07388591021299362, 0.2444027066230774, 0.9668548703193665),
            ["HumanoidRootPart"] = CFrame.new(0, 0, 0, 1, 0, 0, 0, 1, 0, 0, 0, 1),
            ["RightUpperLeg"] = CFrame.new(0, 2.5192275643348694e-07, 6.320260581560433e-08, 0.8875365853309631, -0.27604958415031433, -0.36888426542282104, -0.06475868076086044, 0.7179489135742188, -0.6930769085884094, 0.4561636447906494, 0.6390196681022644, 0.6193292737007141),
            ["LeftUpperArm"] = CFrame.new(5.960464477539063e-08, 1.1920928955078125e-07, 5.21540641784668e-08, 0.48718658089637756, 0.5943715572357178, -0.6398216485977173, -0.6952289342880249, 0.7073490023612976, 0.1277260035276413, 0.5284940600395203, 0.38259628415107727, 0.7578353881835938),
            ["RightLowerArm"] = CFrame.new(2.980232238769531e-07, 2.980232238769531e-07, -6.705522537231445e-08, 1, -9.685756907629184e-08, -1.3038519597330378e-08, 1.0640360414981842e-07, 0.9561943411827087, -0.2927323877811432, 2.9802322387695312e-08, 0.2927325963973999, 0.9561944603919983),
            ["LeftHand"] = CFrame.new(-3.2782554626464844e-07, 0, -2.980232238769531e-07, 0.6193574666976929, -0.08054790645837784, -0.7809663414955139, 0.011133447289466858, 0.9955243468284607, -0.09384764730930328, 0.7850302457809448, 0.049430496990680695, 0.6174821853637695),
            ["LeftFoot"] = CFrame.new(-6.361189353043528e-09, -5.960464477539063e-08, 6.012508180219811e-08, 0.9969948530197144, -0.06268145889043808, -0.04552217200398445, 0.07286336272954941, 0.9583198428153992, 0.27625012397766113, 0.026309093460440636, -0.27873703837394714, 0.9600071907043457),
            ["LowerTorso"] = CFrame.new(-0.008650725707411766, 0.060555100440979004, 1.832633793240613e-21, 0.99433434009552, -0.10271386057138443, -0.027369622141122818, 0.1038895919919014, 0.8845441937446594, 0.4547402858734131, -0.02249848283827305, -0.4550073444843292, 0.8902034759521484),
            ["RightLowerLeg"] = CFrame.new(-2.2351741790771484e-08, -0.000003874301910400391, -0.000012875381798949093, 1, -0.0000016242269111899077, -4.870819338975707e-07, 0.000001668930281084613, 0.9172405004501343, 0.3983336389064789, -3.129244134925102e-07, -0.398333877325058, 0.9172406792640686),
            ["LeftUpperLeg"] = CFrame.new(8.940694584680386e-08, 8.987262845039368e-08, -7.450807970599271e-09, 0.7364192605018616, 0.46821358799934387, -0.48832663893699646, -0.6360447406768799, 0.2332291305065155, -0.7355618476867676, -0.23050804436206818, 0.8522794246673584, 0.4695591330528259),
            ["LeftLowerLeg"] = CFrame.new(3.486450594891721e-08, 0.000003933906555175781, 0.000012931155652040616, 1, -0.000003127381887679803, -0.0000012312088983890135, 0.000003039836883544922, 0.7394734621047974, 0.6731860637664795, -0.000001173466444015503, -0.6731857061386108, 0.7394731640815735),
        }},
        {Time = 0.033, Data = {
            ["RightFoot"] = CFrame.new(0, 3.5762786865234375e-07, -3.7452991819009185e-08, 0.9618377089500427, 0.20585106313228607, 0.18026001751422882, -0.268338143825531, 0.8384671807289124, 0.47430720925331116, -0.05350553244352341, -0.5045772194862366, 0.8617070913314819),
            ["LeftLowerArm"] = CFrame.new(0.00002086162567138672, -2.384185791015625e-07, -2.384185791015625e-07, 1, 0.000027239326300332323, -0.000027805566787719727, -0.000027447935281088576, -0.012694308534264565, -0.9999194145202637, -0.000027567144570639357, 0.9999194145202637, -0.012694321572780609),
            ["RightUpperArm"] = CFrame.new(-5.960464477539063e-08, -3.5762786865234375e-07, -2.2351741790771484e-08, 0.41816744208335876, -0.899884045124054, -0.12387457489967346, 0.6216235756874084, 0.3829282224178314, -0.6833376288414001, 0.6623595356941223, 0.20874609053134918, 0.719517171382904),
            ["Head"] = CFrame.new(1.1175870895385742e-08, 0, -6.05359673500061e-09, 0.9803591966629028, -0.07366310805082321, 0.18294724822044373, 0.11020001024007797, 0.9739089012145996, -0.19838742911815643, -0.16356009244918823, 0.21465180814266205, 0.9628981351852417),
            ["RightHand"] = CFrame.new(0, 5.960464477539063e-08, -2.2351741790771484e-08, 0.9503170847892761, -0.2904423475265503, 0.11198548972606659, 0.28851887583732605, 0.9568923115730286, 0.033375877887010574, -0.11685188859701157, 0.0005922466516494751, 0.9931492805480957),
            ["UpperTorso"] = CFrame.new(5.122274160385132e-09, 2.980232238769531e-07, 1.3783574104309082e-07, 0.9885694980621338, 0.14479364454746246, -0.04201339930295944, -0.14815253019332886, 0.9846134185791016, -0.09266732633113861, 0.027949323877692223, 0.09783246368169785, 0.9948104023933411),
            ["HumanoidRootPart"] = CFrame.new(0, 0, 0, 1, 0, 0, 0, 1, 0, 0, 0, 1),
            ["RightUpperLeg"] = CFrame.new(5.960464477539063e-08, -4.237517714500427e-08, 2.0361767383292317e-08, 0.8916525840759277, -0.35394999384880066, -0.2822679579257965, 0.06961146742105484, 0.7232691049575806, -0.6870487928390503, 0.44733667373657227, 0.5929597020149231, 0.6695437431335449),
            ["LeftUpperArm"] = CFrame.new(-5.960464477539063e-08, -3.5762786865234375e-07, 1.4901161193847656e-08, 0.5031654238700867, 0.6395947933197021, -0.5811567306518555, -0.6770867109298706, 0.7096546292304993, 0.19479215145111084, 0.5370084643363953, 0.2954808175563812, 0.790134847164154),
            ["RightLowerArm"] = CFrame.new(-5.960464477539063e-08, -1.1920928955078125e-07, -1.6391277313232422e-07, 1, -1.6391278734317893e-07, 1.5832487321176814e-08, 1.033767915714634e-07, 0.9439869523048401, -0.32998281717300415, -2.2351738238057806e-08, 0.32998302578926086, 0.9439870119094849),
            ["LeftHand"] = CFrame.new(1.1920928955078125e-07, 1.7881393432617188e-07, 2.980232238769531e-07, 0.5356911420822144, -0.0720042809844017, -0.8413385152816772, 0.04110114648938179, 0.9974002838134766, -0.05919070541858673, 0.8434131741523743, -0.0028719836845993996, 0.5372579097747803),
            ["LeftFoot"] = CFrame.new(8.677147178559608e-08, -1.1920928955078125e-07, -7.025978732144722e-08, 0.9910032153129578, -0.11422649770975113, -0.0697484016418457, 0.12449011951684952, 0.9780628085136414, 0.16701942682266235, 0.049140289425849915, -0.17419970035552979, 0.9834834933280945),
            ["LowerTorso"] = CFrame.new(-0.09469697624444962, 0.045911192893981934, -0.010634491220116615, 0.9973155856132507, -0.03421500325202942, -0.0647382140159607, 0.05574651435017586, 0.9280257821083069, 0.36832135915756226, 0.04747660830616951, -0.3709415793418884, 0.9274418354034424),
            ["RightLowerLeg"] = CFrame.new(-1.4901161193847656e-08, -0.000003993511199951172, -0.000013158503861632198, 1, -0.0000016540283240829012, -4.218890694573929e-07, 0.0000016987323760986328, 0.9134713411331177, 0.40690290927886963, -3.0547380447387695e-07, -0.40690311789512634, 0.9134714603424072),
            ["LeftUpperLeg"] = CFrame.new(2.980283042575138e-08, 5.8673322200775146e-08, 1.639126594454865e-07, 0.7996907234191895, 0.42119723558425903, -0.4278874099254608, -0.5860008001327515, 0.3923250138759613, -0.7090023159980774, -0.1307588666677475, 0.8177249431610107, 0.5605605244636536),
            ["LeftLowerLeg"] = CFrame.new(7.956798953046018e-08, 0.000003814697265625, 0.000013020562619203702, 1, -0.000002886169113480719, -0.0000012740497368213255, 0.0000029429788810375612, 0.6951553821563721, 0.7188596129417419, -0.0000011920927818209748, -0.7188594937324524, 0.6951553821563721),
        }},
        {Time = 0.067, Data = {
            ["RightFoot"] = CFrame.new(-1.6763806343078613e-07, 2.384185791015625e-07, -4.769754013977945e-08, 0.9507012367248535, 0.23301607370376587, 0.2046242356300354, -0.30439817905426025, 0.8272479176521301, 0.4722312092781067, -0.05923747271299362, -0.511238157749176, 0.8573952913284302),
            ["LeftLowerArm"] = CFrame.new(0.00002086162567138672, 2.384185791015625e-07, -7.644625506630354e-20, 1, 0.00002625584602355957, -0.000028759244742104784, -0.00002744048833847046, -0.04763036593794823, -0.998865008354187, -0.000027552247047424316, 0.998865008354187, -0.04763031750917435),
            ["RightUpperArm"] = CFrame.new(-5.960464477539063e-08, -1.1920928955078125e-07, -2.9802322387695312e-08, 0.3321497142314911, -0.9381795525550842, -0.09744586050510406, 0.6346176862716675, 0.2987104654312134, -0.7127639651298523, 0.6978086829185486, 0.17490337789058685, 0.6946019530296326),
            ["Head"] = CFrame.new(-3.3527612686157227e-08, 0, -1.2014061212539673e-07, 0.9791368246078491, -0.09469074010848999, 0.1797911524772644, 0.13646365702152252, 0.9619953632354736, -0.23652178049087524, -0.1505618542432785, 0.2561222016811371, 0.954846978187561),
            ["RightHand"] = CFrame.new(-1.4901161193847656e-07, 0, -8.940696716308594e-08, 0.9678784012794495, -0.22975769639015198, 0.10209210962057114, 0.22554445266723633, 0.9728859663009644, 0.05121330916881561, -0.11109057068824768, -0.026541974395513535, 0.9934558272361755),
            ["UpperTorso"] = CFrame.new(4.6566128730773926e-09, -2.9802322387695312e-08, 3.91155481338501e-08, 0.9935950636863708, 0.10742396861314774, 0.0350588820874691, -0.10922181606292725, 0.9925394058227539, 0.05418674275279045, -0.028976356610655785, -0.05766885727643967, 0.9979151487350464),
            ["HumanoidRootPart"] = CFrame.new(0, 0, 0, 1, 0, 0, 0, 1, 0, 0, 0, 1),
            ["RightUpperLeg"] = CFrame.new(-2.9802322387695312e-08, -1.7881393432617188e-07, 2.6666384655982256e-09, 0.8846822381019592, -0.4232631027698517, -0.19541174173355103, 0.20485299825668335, 0.7294716835021973, -0.6526151299476624, 0.41877511143684387, 0.5373261570930481, 0.7320573329925537),
            ["LeftUpperArm"] = CFrame.new(-5.960464477539063e-08, 0, -2.9802322387695312e-08, 0.5446593165397644, 0.6476923227310181, -0.5327672362327576, -0.6501684188842773, 0.7273664474487305, 0.21958816051483154, 0.5297426581382751, 0.22678767144680023, 0.8172760009765625),
            ["RightLowerArm"] = CFrame.new(-2.682209014892578e-07, 1.1920928955078125e-07, -3.129243850708008e-07, 1, -1.7881397695873602e-07, 9.685756907629184e-08, 1.5273688802608376e-07, 0.9302663207054138, -0.36688491702079773, -3.725289943190546e-08, 0.36688509583473206, 0.9302663803100586),
            ["LeftHand"] = CFrame.new(-1.7881393432617188e-07, 1.7881393432617188e-07, -4.172325134277344e-07, 0.4598309397697449, -0.05814021825790405, -0.886101245880127, 0.06808886677026749, 0.9972251653671265, -0.030097514390945435, 0.8853923082351685, -0.046493660658597946, 0.46251368522644043),
            ["LeftFoot"] = CFrame.new(3.8342513164479897e-08, 5.960464477539063e-08, -1.0655294424566364e-08, 0.9782516956329346, -0.1868261843919754, -0.09010953456163406, 0.1919255256652832, 0.9800505638122559, 0.051629845052957535, 0.07866615802049637, -0.06780117005109787, 0.9945927858352661),
            ["LowerTorso"] = CFrame.new(-0.1817685216665268, 0.01706111431121826, -0.02126924693584442, 0.9915270209312439, 0.027047328650951385, -0.1270536184310913, 0.006498700473457575, 0.9665298461914062, 0.25647202134132385, 0.1297379732131958, -0.255124568939209, 0.9581647515296936),
            ["RightLowerLeg"] = CFrame.new(-1.1175870895385742e-07, -0.0000040531158447265625, -0.00001302439341088757, 1, -0.000001758335997692484, -3.185121784099465e-07, 0.0000017583374756213743, 0.9174271821975708, 0.39790332317352295, -3.427267927236244e-07, -0.397903710603714, 0.9174273610115051),
            ["LeftUpperLeg"] = CFrame.new(5.960475846222835e-08, -1.1175870895385742e-07, 3.72526756109437e-08, 0.8642534613609314, 0.37392091751098633, -0.3365253508090973, -0.5017459988594055, 0.5924633145332336, -0.6302682161331177, -0.03629164397716522, 0.7135618329048157, 0.699651837348938),
            ["LeftLowerLeg"] = CFrame.new(-1.8120232425644645e-07, 0.000003874301910400391, 0.00001290135332965292, 1, -0.0000031925742405292112, -0.0000014528635574606596, 0.000003255903266108362, 0.6745912432670593, 0.7381914854049683, -0.0000013709067161471467, -0.738191545009613, 0.6745913624763489),
        }},
        {Time = 0.100, Data = {
            ["RightFoot"] = CFrame.new(1.4156103134155273e-07, 3.5762786865234375e-07, -3.6521669244393706e-08, 0.9402543306350708, 0.25457075238227844, 0.22608737647533417, -0.3350592255592346, 0.809794008731842, 0.48163217306137085, -0.06047482043504715, -0.528609037399292, 0.8467082977294922),
            ["LeftLowerArm"] = CFrame.new(0.00002104043960571289, -5.960464477539062e-07, 5.960464477539062e-07, 1, 0.000026553865609457716, -0.00002844073242158629, -0.000027484260499477386, -0.034564390778541565, -0.9994025230407715, -0.000027582049369812012, 0.9994025230407715, -0.0345643125474453),
            ["RightUpperArm"] = CFrame.new(0, 3.5762786865234375e-07, 5.21540641784668e-08, 0.24966472387313843, -0.9661601185798645, -0.06482323259115219, 0.6604481339454651, 0.21885721385478973, -0.7182687520980835, 0.7081496119499207, 0.13651390373706818, 0.6927396059036255),
            ["Head"] = CFrame.new(-3.725290298461914e-09, 3.5762786865234375e-07, 1.0337680578231812e-07, 0.9781345129013062, -0.10798606276512146, 0.17774154245853424, 0.15299378335475922, 0.9525203704833984, -0.26324474811553955, -0.1408756822347641, 0.28468215465545654, 0.9482141733169556),
            ["RightHand"] = CFrame.new(-4.023313522338867e-07, 0, 1.7881393432617188e-07, 0.9820226430892944, -0.17067430913448334, 0.08063367754220963, 0.1641388088464737, 0.9830435514450073, 0.08175520598888397, -0.0932198315858841, -0.06705039739608765, 0.9933853149414062),
            ["UpperTorso"] = CFrame.new(-1.6763806343078613e-08, 2.9802322387695312e-08, -1.862645149230957e-08, 0.9921891689300537, 0.0625750720500946, 0.10791292786598206, -0.08321838825941086, 0.9764776825904846, 0.19891230762004852, -0.09292758256196976, -0.20633897185325623, 0.9740578532218933),
            ["HumanoidRootPart"] = CFrame.new(0, 0, 0, 1, 0, 0, 0, 1, 0, 0, 0, 1),
            ["RightUpperLeg"] = CFrame.new(-5.960464477539063e-08, 3.995373845100403e-07, 3.619425115175545e-08, 0.8664717078208923, -0.48361772298812866, -0.12385806441307068, 0.3227062225341797, 0.7318839430809021, -0.6001721024513245, 0.3809035122394562, 0.4800623655319214, 0.7902231216430664),
            ["LeftUpperArm"] = CFrame.new(-1.1920928955078125e-07, 4.76837158203125e-07, 6.705522537231445e-08, 0.6017889976501465, 0.6373795866966248, -0.4812455475330353, -0.6235886216163635, 0.7514676451683044, 0.21548514068126678, 0.4989861845970154, 0.17042265832424164, 0.8496875166893005),
            ["RightLowerArm"] = CFrame.new(2.384185791015625e-07, 2.980232238769531e-07, 1.564621925354004e-07, 1, -1.1920930376163597e-07, 4.4703494239684005e-08, 7.450579886381092e-08, 0.9181962013244629, -0.39612576365470886, -1.4901159417490817e-08, 0.3961259424686432, 0.9181963801383972),
            ["LeftHand"] = CFrame.new(0, -1.1920928955078125e-07, -1.043081283569336e-07, 0.4072335362434387, -0.04078073427081108, -0.9124132990837097, 0.08871174603700638, 0.9960452318191528, -0.004924179520457983, 0.9090055823326111, -0.078936368227005, 0.4092406630516052),
            ["LeftFoot"] = CFrame.new(9.794720767786202e-08, -2.220446049250313e-16, -2.5556269989124303e-08, 0.9628238677978516, -0.25447461009025574, -0.0906270295381546, 0.2506631016731262, 0.966708779335022, -0.051400694996118546, 0.10068991035223007, 0.026772916316986084, 0.9945576190948486),
            ["LowerTorso"] = CFrame.new(-0.2688831090927124, -0.0219573974609375, -0.0307647455483675, 0.9757344722747803, 0.06828257441520691, -0.20803791284561157, -0.04110942408442497, 0.9903638362884521, 0.13224847614765167, 0.21506346762180328, -0.12048709392547607, 0.9691390991210938),
            ["RightLowerLeg"] = CFrame.new(2.2351741790771484e-08, -0.000004112720489501953, -0.000012957338185515255, 1, -0.000001631676923352643, -3.3155072287627263e-07, 0.0000016987318076644442, 0.9286078810691833, 0.37106233835220337, -2.8312194899626775e-07, -0.3710627853870392, 0.9286079406738281),
            ["LeftUpperLeg"] = CFrame.new(-4.651834473179406e-14, 6.146728992462158e-08, -1.4901161193847656e-08, 0.9210835695266724, 0.3090011477470398, -0.23690398037433624, -0.38762328028678894, 0.785189688205719, -0.4829340875148773, 0.03678743168711662, 0.5366520881652832, 0.8430013656616211),
            ["LeftLowerLeg"] = CFrame.new(5.0621835612219e-09, 0.0000037550926208496094, 0.000012990760296816006, 1, -0.0000029504292342608096, -0.000001303851149714319, 0.00000299513385471073, 0.6856204867362976, 0.7279593348503113, -0.0000012516976539700408, -0.727959156036377, 0.6856203675270081),
        }},
        {Time = 0.133, Data = {
            ["RightFoot"] = CFrame.new(-2.60770320892334e-08, 2.384185791015625e-07, 1.0503936209715903e-07, 0.933313250541687, 0.2611601650714874, 0.2464177906513214, -0.3546225130558014, 0.7780381441116333, 0.5185553431510925, -0.05629684776067734, -0.5713599324226379, 0.8187665939331055),
            ["LeftLowerArm"] = CFrame.new(0.0000209808349609375, -2.384185791015625e-07, -5.960464477539063e-08, 1, 0.000028401613235473633, -0.000026356428861618042, -0.00002741068965406157, 0.03679005056619644, -0.9993230700492859, -0.000027552250685403123, 0.9993230104446411, 0.03678997606039047),
            ["RightUpperArm"] = CFrame.new(-5.960464477539063e-08, -1.1920928955078125e-07, -7.450580596923828e-08, 0.17215684056282043, -0.9848931431770325, -0.018642276525497437, 0.6920474767684937, 0.13439275324344635, -0.7092311978340149, 0.7010222673416138, 0.10919757187366486, 0.7047294974327087),
            ["Head"] = CFrame.new(6.51925802230835e-09, -3.5762786865234375e-07, -9.266659617424011e-08, 0.9775137901306152, -0.11465197801589966, 0.1769794523715973, 0.1615515798330307, 0.9465807676315308, -0.2790807783603668, -0.13552811741828918, 0.3013966381549835, 0.9438179135322571),
            ["RightHand"] = CFrame.new(-1.4901161193847656e-08, -1.1920928955078125e-07, 1.7881393432617188e-07, 0.9916302561759949, -0.1139059066772461, 0.06078610569238663, 0.10594195127487183, 0.9869619607925415, 0.12117139995098114, -0.07379577308893204, -0.11371741443872452, 0.9907686710357666),
            ["UpperTorso"] = CFrame.new(-5.681067705154419e-08, -2.384185791015625e-07, 1.862645149230957e-08, 0.9850817918777466, 0.018172742798924446, 0.1711246222257614, -0.07414905726909637, 0.9421858787536621, 0.3267839550971985, -0.15529264509677887, -0.3345976173877716, 0.9294776320457458),
            ["HumanoidRootPart"] = CFrame.new(0, 0, 0, 1, 0, 0, 0, 1, 0, 0, 0, 1),
            ["RightUpperLeg"] = CFrame.new(-5.960464477539063e-08, -3.7136487662792206e-08, 1.3842509360983968e-08, 0.8405622243881226, -0.5356400012969971, -0.08090094476938248, 0.4114777743816376, 0.7284507751464844, -0.547764241695404, 0.3523368239402771, 0.42714089155197144, 0.8327121138572693),
            ["LeftUpperArm"] = CFrame.new(0, -1.1920928955078125e-07, -1.1175870895385742e-07, 0.6652552485466003, 0.6255958080291748, -0.40751123428344727, -0.6064062714576721, 0.7711523175239563, 0.1938956081867218, 0.4355534613132477, 0.11812719702720642, 0.8923783898353577),
            ["RightLowerArm"] = CFrame.new(1.1920928955078125e-07, 4.76837158203125e-07, 1.5320256352424622e-07, 1, -5.96046660916727e-08, 8.56816981809061e-08, 1.0058283805847168e-07, 0.9117450714111328, -0.4107562303543091, 2.60770320892334e-08, 0.41075652837753296, 0.9117452502250671),
            ["LeftHand"] = CFrame.new(2.384185791015625e-07, -5.960464477539063e-08, 1.862645149230957e-07, 0.3932560384273529, -0.02363308146595955, -0.9191253185272217, 0.10633102059364319, 0.9941310286521912, 0.0199329424649477, 0.9132598042488098, -0.10557019710540771, 0.3934608995914459),
            ["LeftFoot"] = CFrame.new(7.559506798315851e-08, 1.1920928955078125e-07, 1.0110353088066404e-07, 0.9545184373855591, -0.28979501128196716, -0.07009640336036682, 0.2789407968521118, 0.9510110020637512, -0.13330580294132233, 0.10529373586177826, 0.1076897606253624, 0.9885929822921753),
            ["LowerTorso"] = CFrame.new(-0.35505861043930054, -0.06710708141326904, -0.03798145800828934, 0.9519274234771729, 0.08332472294569016, -0.2947731018066406, -0.08446846902370453, 0.9963866472244263, 0.008873866870999336, 0.2944473624229431, 0.016451755538582802, 0.9555261731147766),
            ["RightLowerLeg"] = CFrame.new(-6.705522537231445e-08, -0.000004172325134277344, -0.00001304674515267834, 1, -0.0000015638064496670268, -2.3096797008292924e-07, 0.0000015646216979803285, 0.9443762898445129, 0.32886651158332825, -2.0861622829215776e-07, -0.32886677980422974, 0.9443764686584473),
            ["LeftUpperLeg"] = CFrame.new(-1.1920919007479824e-07, -2.7264468371868134e-07, 3.1665308597439434e-08, 0.9636923670768738, 0.22492147982120514, -0.1439013034105301, -0.25840818881988525, 0.9213330149650574, -0.2904661297798157, 0.06724900007247925, 0.31710535287857056, 0.9460030794143677),
            ["LeftLowerLeg"] = CFrame.new(-9.92459447957117e-08, 0.000003933906555175781, 0.000012990760296816006, 1, -0.000003293157078587683, -0.0000013560057823269744, 0.0000033229589462280273, 0.7177960276603699, 0.6962536573410034, -0.0000012740492820739746, -0.6962534785270691, 0.7177957892417908),
        }},
        {Time = 0.167, Data = {
            ["RightFoot"] = CFrame.new(-2.2351741790771484e-08, 3.5762786865234375e-07, -6.719346856698394e-09, 0.9337987303733826, 0.2415127456188202, 0.26399222016334534, -0.354502409696579, 0.7244265079498291, 0.5912138819694519, -0.04845723882317543, -0.645660936832428, 0.7620855569839478),
            ["LeftLowerArm"] = CFrame.new(0.000021457672119140625, -5.364418029785156e-07, -1.1920928955078125e-07, 1, 0.00003190338975400664, -0.000022195281417225488, -0.000027436763048171997, 0.17580348253250122, -0.9844253063201904, -0.000027567148208618164, 0.9844253659248352, 0.17580342292785645),
            ["RightUpperArm"] = CFrame.new(1.1920928955078125e-07, -3.5762786865234375e-07, 0, 0.10435369610786438, -0.9931104779243469, 0.05330991744995117, 0.7232123017311096, 0.03898002579808235, -0.6895248889923096, 0.6826962828636169, 0.1105087548494339, 0.7222974300384521),
            ["Head"] = CFrame.new(8.195638656616211e-08, -2.384185791015625e-07, 8.707866072654724e-08, 0.9772900938987732, -0.1157362163066864, 0.17750844359397888, 0.16353294253349304, 0.9446449875831604, -0.28443416953086853, -0.13476313650608063, 0.3070032000541687, 0.9421188831329346),
            ["RightHand"] = CFrame.new(-2.60770320892334e-07, -1.7881393432617188e-07, 5.960464477539063e-08, 0.9965807199478149, -0.06247074902057648, 0.054077714681625366, 0.052939143031835556, 0.9852723479270935, 0.16259151697158813, -0.06343857198953629, -0.15917278826236725, 0.9852104187011719),
            ["UpperTorso"] = CFrame.new(1.7229467630386353e-08, 0, -2.7939677238464355e-09, 0.9754411578178406, -0.01930774748325348, 0.21941237151622772, -0.07818534970283508, 0.9009278416633606, 0.42686784267425537, -0.2059166133403778, -0.4335392713546753, 0.8772924542427063),
            ["HumanoidRootPart"] = CFrame.new(0, 0, 0, 1, 0, 0, 0, 1, 0, 0, 0, 1),
            ["RightUpperLeg"] = CFrame.new(0, 4.9942173063755035e-08, 5.460606189444661e-09, 0.8102721571922302, -0.5815598368644714, -0.07243892550468445, 0.4674573540687561, 0.7158965468406677, -0.5186288356781006, 0.3534723222255707, 0.3863682746887207, 0.8519253730773926),
            ["LeftUpperArm"] = CFrame.new(5.960464477539063e-08, -2.384185791015625e-07, 1.1920928955078125e-07, 0.7226778268814087, 0.6267145276069641, -0.29148897528648376, -0.6083218455314636, 0.7769304513931274, 0.1622457057237625, 0.32814836502075195, 0.06006768345832825, 0.9427144527435303),
            ["RightLowerArm"] = CFrame.new(1.7881393432617188e-07, 3.5762786865234375e-07, -1.4156103134155273e-07, 1, -8.195641498787154e-08, 1.8626458597736928e-08, 5.5879347371501353e-08, 0.914825975894928, -0.4038481116294861, 7.078050856534901e-08, 0.40384840965270996, 0.9148260951042175),
            ["LeftHand"] = CFrame.new(-2.384185791015625e-07, 1.1920928955078125e-07, 1.1920928955078125e-07, 0.43129152059555054, -0.010427637957036495, -0.902152419090271, 0.12453305721282959, 0.9910499453544617, 0.04808048903942108, 0.8935766220092773, -0.1330845057964325, 0.4287298917770386),
            ["LeftFoot"] = CFrame.new(4.9518337874587814e-08, -3.3306690738754696e-16, 4.245901408239661e-09, 0.9626142382621765, -0.2680191993713379, -0.039239294826984406, 0.2549285292625427, 0.9453558921813965, -0.20325714349746704, 0.09157194942235947, 0.18565526604652405, 0.978338897228241),
            ["LowerTorso"] = CFrame.new(-0.43931272625923157, -0.11435055732727051, -0.04177986830472946, 0.9250937700271606, 0.07565318793058395, -0.3721265494823456, -0.12187592685222626, 0.987262487411499, -0.10226927697658539, 0.35964956879615784, 0.13996192812919617, 0.9225307703018188),
            ["RightLowerLeg"] = CFrame.new(-7.82310962677002e-08, -0.0000040531158447265625, -0.000012897733540739864, 1, -0.000001400709038534842, -1.4156104555240745e-07, 0.0000012815003174182493, 0.9585047364234924, 0.2850763201713562, -1.0430816388407038e-07, -0.28507646918296814, 0.9585049152374268),
            ["LeftUpperLeg"] = CFrame.new(-5.9604435165283576e-08, 6.332993507385254e-08, 6.70554527459899e-08, 0.988811194896698, 0.13769832253456116, -0.05737242475152016, -0.14333964884281158, 0.9835603833198547, -0.10983043909072876, 0.04130576550960541, 0.11682521551847458, 0.9922931790351868),
            ["LeftLowerLeg"] = CFrame.new(-9.838977632625756e-09, 0.000003933906555175781, 0.000012975859135622159, 1, -0.000002533197630327777, -0.0000010281801223754883, 0.000002637505531311035, 0.741413950920105, 0.6710476279258728, -9.685754776000977e-07, -0.6710479855537415, 0.7414143085479736),
        }},
        {Time = 0.200, Data = {
            ["RightFoot"] = CFrame.new(-3.725290298461914e-08, 2.980232238769531e-07, 1.563239493407309e-08, 0.9445555806159973, 0.19168683886528015, 0.2665918171405792, -0.3266291916370392, 0.6315803527832031, 0.703149676322937, -0.033589787781238556, -0.7512407302856445, 0.659173309803009),
            ["LeftLowerArm"] = CFrame.new(0.000021189451217651367, -5.960464477539063e-08, -5.960464477539063e-08, 1, 0.00003590435517253354, -0.000014886258213664405, -0.000027410686016082764, 0.3781125843524933, -0.9257596135139465, -0.00002755969762802124, 0.9257597327232361, 0.3781125247478485),
            ["RightUpperArm"] = CFrame.new(1.1920928955078125e-07, -1.1920928955078125e-07, 2.2351741790771484e-08, 0.05485241860151291, -0.9857143759727478, 0.15924330055713654, 0.7505988478660583, -0.06446802616119385, -0.6576055884361267, 0.6584774255752563, 0.15559901297092438, 0.7363398671150208),
            ["Head"] = CFrame.new(5.587935447692871e-08, -2.384185791015625e-07, 3.4458935260772705e-08, 0.9773718118667603, -0.11224370449781418, 0.1792927235364914, 0.16001130640506744, 0.9466883540153503, -0.2796027362346649, -0.1383506953716278, 0.30196473002433777, 0.9432266354560852),
            ["RightHand"] = CFrame.new(-1.564621925354004e-07, -1.7881393432617188e-07, 7.450580596923828e-08, 0.9976346492767334, -0.020627077668905258, 0.06557155400514603, 0.007245459593832493, 0.9801561236381531, 0.19809499382972717, -0.06835652887821198, -0.1971513330936432, 0.9779870510101318),
            ["UpperTorso"] = CFrame.new(-2.9802322387695312e-08, 2.9802322387695312e-08, 1.1175870895385742e-08, 0.9679414629936218, -0.046359531581401825, 0.2468608170747757, -0.08442150801420212, 0.8655975461006165, 0.49357274174690247, -0.23656393587589264, -0.49858975410461426, 0.83393394947052),
            ["HumanoidRootPart"] = CFrame.new(0, 0, 0, 1, 0, 0, 0, 1, 0, 0, 0, 1),
            ["RightUpperLeg"] = CFrame.new(5.960464477539063e-08, 1.6763806343078613e-08, 3.246896085329354e-08, 0.7757278084754944, -0.6219533681869507, -0.10686590522527695, 0.49347615242004395, 0.7033886313438416, -0.5115914940834045, 0.3933543264865875, 0.34411993622779846, 0.8525573015213013),
            ["LeftUpperArm"] = CFrame.new(0, -2.384185791015625e-07, 2.9802322387695312e-08, 0.7552331686019897, 0.643916666507721, -0.12245091795921326, -0.6334711909294128, 0.7650303840637207, 0.1159435510635376, 0.1683366298675537, -0.009995311498641968, 0.9856788516044617),
            ["RightLowerArm"] = CFrame.new(-5.960464477539063e-08, 3.5762786865234375e-07, 2.9802322387695312e-08, 1, -1.3876710625027044e-07, 7.078052988163108e-08, 1.257285475730896e-07, 0.92816162109375, -0.3721774220466614, -3.632158041000366e-08, 0.3721776604652405, 0.9281616806983948),
            ["LeftHand"] = CFrame.new(5.960464477539063e-08, -5.960464477539063e-08, -2.3469328880310059e-07, 0.5254315733909607, -0.004548773635178804, -0.8508237600326538, 0.13787031173706055, 0.9872251749038696, 0.07986488938331604, 0.8395912647247314, -0.1592668890953064, 0.5193464159965515),
            ["LeftFoot"] = CFrame.new(8.863386113944216e-08, -5.960464477539063e-08, 1.1696603685606988e-08, 0.9769667387008667, -0.21336540579795837, -0.0033551433589309454, 0.20104816555976868, 0.9256107807159424, -0.320662260055542, 0.07152373343706131, 0.3126019835472107, 0.9471877217292786),
            ["LowerTorso"] = CFrame.new(-0.520663321018219, -0.15965044498443604, -0.04102044925093651, 0.9020883440971375, 0.05778343230485916, -0.4276653528213501, -0.1533161848783493, 0.9692590236663818, -0.19243468344211578, 0.40339896082878113, 0.23916110396385193, 0.8832164406776428),
            ["RightLowerLeg"] = CFrame.new(-4.842877388000488e-08, -0.000004112720489501953, -0.000013033706636633724, 1, -0.0000010207290870312136, -1.0430807861894209e-07, 0.0000010579823310763459, 0.9763365387916565, 0.21625682711601257, 1.4901159417490817e-08, -0.21625705063343048, 0.9763364791870117),
            ["LeftUpperLeg"] = CFrame.new(-1.7881393432617188e-07, 7.078051567077637e-08, 5.684341886080801e-13, 0.9980884790420532, 0.05972206965088844, 0.015898264944553375, -0.06003881245851517, 0.9979905486106873, 0.020255351439118385, -0.01465641614049673, -0.021171092987060547, 0.9996684193611145),
            ["LeftLowerLeg"] = CFrame.new(-1.7375174365952262e-07, 0.000004112720489501953, 0.000012975859135622159, 1, -0.000003144144329780829, -0.0000013262034599392791, 0.0000032261018532153685, 0.7457852363586426, 0.6661865711212158, -0.0000011958182994931121, -0.666186511516571, 0.7457851767539978),
        }},
        {Time = 0.233, Data = {
            ["RightFoot"] = CFrame.new(0, 3.5762786865234375e-07, -2.5345798349007964e-08, 0.9601028561592102, 0.13691280782222748, 0.24383918941020966, -0.27960965037345886, 0.48427698016166687, 0.8290319442749023, -0.004580582957714796, -0.8641357421875, 0.5032382011413574),
            ["LeftLowerArm"] = CFrame.new(0.00002104043960571289, -1.7881393432617188e-07, -1.1175870895385742e-07, 1, 0.00003859401840600185, -0.00000548362868357799, -0.00002752803629846312, 0.5985114574432373, -0.8011143207550049, -0.00002758391565294005, 0.8011143207550049, 0.5985114574432373),
            ["RightUpperArm"] = CFrame.new(-1.1920928955078125e-07, -1.1920928955078125e-07, -5.029141902923584e-08, 0.032868850976228714, -0.9598068594932556, 0.2787303030490875, 0.7754607796669006, -0.1514500379562378, -0.6129629611968994, 0.6305397152900696, 0.23629167675971985, 0.7393143773078918),
            ["Head"] = CFrame.new(-1.1920928955078125e-07, -1.1920928955078125e-07, -6.51925802230835e-08, 0.9775921106338501, -0.10515477508306503, 0.18236276507377625, 0.151827871799469, 0.9522762894630432, -0.26479828357696533, -0.145814910531044, 0.2865524888038635, 0.9469032883644104),
            ["RightHand"] = CFrame.new(3.2782554626464844e-07, 2.980232238769531e-07, 1.4901161193847656e-08, 0.9966107606887817, 0.010806177742779255, 0.08154921233654022, -0.02890004590153694, 0.9741369485855103, 0.22410276532173157, -0.07701845467090607, -0.2256999909877777, 0.9711477160453796),
            ["UpperTorso"] = CFrame.new(5.587935447692871e-08, -8.940696716308594e-08, -4.470348358154297e-08, 0.9670946002006531, -0.06415657699108124, 0.24619503319263458, -0.07732445001602173, 0.8477867245674133, 0.5246700048446655, -0.24238193035125732, -0.5264424085617065, 0.8149290680885315),
            ["HumanoidRootPart"] = CFrame.new(0, 0, 0, 1, 0, 0, 0, 1, 0, 0, 0, 1),
            ["RightUpperLeg"] = CFrame.new(5.960464477539063e-08, 1.2665987014770508e-07, -1.0164148989133537e-07, 0.7334482669830322, -0.6507019996643066, -0.1965719759464264, 0.502927839756012, 0.7140220999717712, -0.4870688319206238, 0.45729342103004456, 0.2583783268928528, 0.8509544134140015),
            ["LeftUpperArm"] = CFrame.new(-1.1920928955078125e-07, 0, -2.9802322387695312e-08, 0.7472062110900879, 0.6602360606193542, 0.07596959918737411, -0.6638113260269165, 0.7469762563705444, 0.03716343641281128, -0.03221083804965019, -0.07819825410842896, 0.9964174032211304),
            ["RightLowerArm"] = CFrame.new(1.1920928955078125e-07, 4.76837158203125e-07, 1.862645149230957e-08, 1, -1.1175873737556685e-07, 1.4901162970204496e-08, 8.940695295223122e-08, 0.944219708442688, -0.3293161690235138, 4.6566123179658803e-10, 0.32931646704673767, 0.944219708442688),
            ["LeftHand"] = CFrame.new(5.960464477539063e-08, -1.1920928955078125e-07, -8.940696716308594e-08, 0.6503068804740906, -0.007112743332982063, -0.7596383094787598, 0.13293114304542542, 0.9855934381484985, 0.10457049310207367, 0.7479507923126221, -0.1689823716878891, 0.6418836712837219),
            ["LeftFoot"] = CFrame.new(-1.2277637040369882e-07, -9.992007221626409e-16, 1.5421235843859904e-08, 0.9867956042289734, -0.1606287658214569, 0.02081012912094593, 0.15463583171367645, 0.8960705399513245, -0.41610753536224365, 0.04819130897521973, 0.41383102536201477, 0.9090773463249207),
            ["LowerTorso"] = CFrame.new(-0.598128080368042, -0.19896912574768066, -0.03456368297338486, 0.8897122144699097, 0.04820726811885834, -0.4539695382118225, -0.1813153773546219, 0.9499295353889465, -0.2544773817062378, 0.418971449136734, 0.3087232708930969, 0.8539045453071594),
            ["RightLowerLeg"] = CFrame.new(-9.313225746154785e-09, -0.0000040531158447265625, -0.000013080272765364498, 1, -1.639127589214695e-07, -2.9802322387695312e-08, 1.1920930376163597e-07, 0.9993975162506104, 0.03470975160598755, 1.4901162970204496e-08, -0.03470955416560173, 0.9993974566459656),
            ["LeftUpperLeg"] = CFrame.new(2.9801997314393702e-08, -3.725290298461914e-08, -1.0430824204377132e-07, 0.9981508851051331, -0.01623065210878849, 0.05857790634036064, 0.008099748753011227, 0.9906125664710999, 0.1364593654870987, -0.06024279445409775, -0.13573259115219116, 0.9889122843742371),
            ["LeftLowerLeg"] = CFrame.new(1.093703119181555e-07, 0.000004291534423828125, 0.00001299821087741293, 1, -0.000002950430371129187, -9.536745437799254e-07, 0.000002920628730862518, 0.7996711730957031, 0.6004382967948914, -8.642676334602584e-07, -0.6004381775856018, 0.7996711134910583),
        }},
        {Time = 0.267, Data = {
            ["RightFoot"] = CFrame.new(-7.450580596923828e-09, 2.980232238769531e-07, 1.1248994269408286e-07, 0.9716091156005859, 0.09503219276666641, 0.21666772663593292, -0.2365914136171341, 0.3927517831325531, 0.8886902332305908, -0.000642361119389534, -0.9147213101387024, 0.40408530831336975),
            ["LeftLowerArm"] = CFrame.new(0.000020891427993774414, 1.7881393432617188e-07, -4.470348358154297e-08, 1, 0.000038670143112540245, 0.0000046407803893089294, -0.000027453348593553528, 0.7848232984542847, -0.6197196245193481, -0.000027598343876888976, 0.6197196245193481, 0.7848232984542847),
            ["RightUpperArm"] = CFrame.new(1.1920928955078125e-07, 0, -1.341104507446289e-07, 0.04817953705787659, -0.9211747646331787, 0.38615527749061584, 0.798241138458252, -0.19688034057617188, -0.5692533254623413, 0.600408136844635, 0.3356712758541107, 0.7258338332176208),
            ["Head"] = CFrame.new(1.862645149230957e-09, -1.1920928955078125e-07, -7.450580596923828e-08, 0.977733314037323, -0.0954480990767479, 0.18688832223415375, 0.13968780636787415, 0.9606241583824158, -0.24018453061580658, -0.15660427510738373, 0.2609424889087677, 0.9525671005249023),
            ["RightHand"] = CFrame.new(-7.450580596923828e-08, -5.960464477539063e-08, -4.470348358154297e-08, 0.9958637356758118, 0.03400047495961189, 0.0842578262090683, -0.05344715714454651, 0.9691451787948608, 0.24062639474868774, -0.07347669452428818, -0.24413444101810455, 0.9669537544250488),
            ["UpperTorso"] = CFrame.new(-4.470348358154297e-08, 2.384185791015625e-07, -7.450580596923828e-09, 0.9748384952545166, -0.07759866863489151, 0.20896968245506287, -0.0426231250166893, 0.8552678227424622, 0.5164303779602051, -0.21879926323890686, -0.5123430490493774, 0.8304405212402344),
            ["HumanoidRootPart"] = CFrame.new(0, 0, 0, 1, 0, 0, 0, 1, 0, 0, 0, 1),
            ["RightUpperLeg"] = CFrame.new(0, -8.66129994392395e-08, 2.501838025636971e-08, 0.6757431030273438, -0.6994799971580505, -0.2325918823480606, 0.5084378719329834, 0.670743465423584, -0.5399945378303528, 0.533724844455719, 0.24663904309272766, 0.8088923692703247),
            ["LeftUpperArm"] = CFrame.new(5.960464477539063e-08, 0, -4.470348358154297e-08, 0.6935884952545166, 0.669805109500885, 0.2651343047618866, -0.6755828261375427, 0.732559084892273, -0.08333634585142136, -0.25004562735557556, -0.12131909281015396, 0.9606034159660339),
            ["RightLowerArm"] = CFrame.new(-1.1920928955078125e-07, 3.5762786865234375e-07, -8.940696716308594e-08, 1, -8.940700979565008e-08, 3.3527619791584584e-08, 8.195637946073475e-08, 0.9557937979698181, -0.2940378785133362, 2.607702853651972e-08, 0.2940381169319153, 0.9557938575744629),
            ["LeftHand"] = CFrame.new(-7.35744833946228e-08, -1.1920928955078125e-07, 1.1920928955078125e-07, 0.7726678252220154, -0.012015211395919323, -0.6346968412399292, 0.10226066410541534, 0.9891190528869629, 0.10576550662517548, 0.6265199780464172, -0.14662611484527588, 0.7654891014099121),
            ["LeftFoot"] = CFrame.new(9.235930065187858e-08, -5.960464477539063e-08, -3.486951527520432e-08, 0.9927052855491638, -0.11859266459941864, 0.021724475547671318, 0.11545418947935104, 0.8831453323364258, -0.4546700716018677, 0.0347345732152462, 0.4538613557815552, 0.8903949856758118),
