return {
    ["Astro Slide"] = {
        {Time = 0.000, Data = {
            ["RightFoot"] = CFrame.new(-8.568167686462402e-08, 4.172325134277344e-07, -1.3205863069742918e-08, 0.9933325052261353, -0.010175162926316261, -0.11483608186244965, -0.014397290535271168, 0.9773530960083008, -0.21112433075904846, 0.11438226699829102, 0.21137022972106934, 0.9706900715827942),
            ["LeftLowerArm"] = CFrame.new(-8.940696716308594e-08, 2.980232238769531e-07, -2.1420419216156006e-08, 1, 3.0617221113971027e-07, -1.5739351511001587e-07, 3.275345932252094e-07, 0.9850842952728271, -0.172073096036911, -8.801000461744479e-08, 0.17207273840904236, 0.9850842356681824),
            ["RightUpperArm"] = CFrame.new(0, -0.0652381181716919, -3.725290298461914e-08, 0.36331698298454285, -0.8990412354469299, -0.2443888634443283, 0.4845004081726074, 0.40637579560279846, -0.7746732234954834, 0.7957765460014343, 0.16304540634155273, 0.5832286477088928),
            ["Head"] = CFrame.new(1.862645149230957e-09, -2.384185791015625e-07, 1.6298145055770874e-09, 0.9337894916534424, -0.025854934006929398, -0.3568878769874573, -0.023653145879507065, 0.9907445907592773, -0.13366295397281647, 0.35704028606414795, 0.13325464725494385, 0.9245352149009705),
            ["LowerTorso"] = CFrame.new(0.0008596762781962752, -0.0518796443939209, 0.422384113073349, 0.9989268183708191, 0.03524964675307274, -0.030045539140701294, -0.037952736020088196, 0.9947820901870728, -0.0947013720870018, 0.026550505310297012, 0.09574000537395477, 0.9950522780418396),
            ["UpperTorso"] = CFrame.new(2.7939677238464355e-09, 4.172325134277344e-07, -4.103640094399452e-09, 0.9939770102500916, -0.02452668361365795, 0.10680872946977615, -0.001537712523713708, 0.9714140892028809, 0.23738646507263184, -0.10957781970500946, -0.23612093925476074, 0.9655256271362305),
            ["HumanoidRootPart"] = CFrame.new(0, 0, 0, 1, 0, 0, 0, 1, 0, 0, 0, 1),
            ["RightUpperLeg"] = CFrame.new(-0.000025510787963867188, -0.00012545287609100342, -0.004997515119612217, 0.9928953647613525, -0.09953337907791138, -0.06520399451255798, 0.0854782909154892, 0.9778437614440918, -0.1910904049873352, 0.08277923613786697, 0.18415936827659607, 0.9794043302536011),
            ["LeftUpperArm"] = CFrame.new(1.1920928955078125e-07, -0.0652385950088501, -8.940696716308594e-08, 0.9864150881767273, -0.13937750458717346, -0.08694403618574142, 0.11917813867330551, 0.9714436531066895, -0.20516782999038696, 0.11305692046880722, 0.19201867282390594, 0.9748573899269104),
            ["RightLowerArm"] = CFrame.new(2.980232238769531e-07, 1.7881393432617188e-07, 2.9802322387695312e-08, 1, 1.7881393432617188e-07, -9.685756907629184e-08, 2.1606683731079102e-07, 1, -0.000004008413270639721, 3.725290298461914e-08, 0.0000036656856536865234, 1),
            ["LeftHand"] = CFrame.new(-1.210719347000122e-08, 2.384185791015625e-07, 3.91155481338501e-08, 0.7609096169471741, 0.34819120168685913, -0.5475221276283264, -0.39018332958221436, 0.9197486639022827, 0.04265447333455086, 0.5184338688850403, 0.18117809295654297, 0.835703432559967),
            ["LeftFoot"] = CFrame.new(-2.468004822731018e-08, 0, -7.450580596923828e-09, 0.9845697283744812, -0.05628189444541931, 0.16569554805755615, 0.08297643810510635, 0.9838032126426697, -0.15889005362987518, -0.15406975150108337, 0.17018692195415497, 0.9732928276062012),
            ["RightHand"] = CFrame.new(2.9802322387695312e-08, 0, -1.4901161193847656e-08, 0.6624965071678162, -0.5928582549095154, 0.4578407108783722, 0.5049369931221008, 0.8049277067184448, 0.3116563856601715, -0.5532966256141663, 0.024709714576601982, 0.8326177000999451),
            ["RightLowerLeg"] = CFrame.new(1.4901161193847656e-08, 1.7881393432617188e-07, 6.129994289949536e-08, 1, -1.30385160446167e-07, -6.51925802230835e-08, 1.1920930376163597e-07, 0.6044162511825562, 0.7966686487197876, -6.798655505235729e-08, -0.7966687679290771, 0.6044163703918457),
            ["LeftUpperLeg"] = CFrame.new(0.000025540590286254883, 0.00012590549886226654, 0.004997512325644493, 0.9460786581039429, 0.05290598049759865, 0.3195875883102417, -0.011942431330680847, 0.9915996193885803, -0.1287919133901596, -0.32371681928634644, 0.11803057789802551, 0.9387633204460144),
            ["LeftLowerLeg"] = CFrame.new(0, 0, 2.9802322387695312e-08, 1, 3.539026494081554e-08, -9.313230187046884e-10, -4.284084198502569e-08, 0.8267748355865479, 0.5625331401824951, -1.3038517820973539e-08, -0.5625330209732056, 0.8267747759819031),
        }},
        {Time = 0.033, Data = {
            ["RightFoot"] = CFrame.new(8.009374141693115e-08, 2.980232238769531e-07, -1.6931153368204832e-08, 0.998312771320343, 0.008878208696842194, -0.05738351494073868, -0.008409176021814346, 0.9999290704727173, 0.00843425840139389, 0.0574532188475132, -0.007937198504805565, 0.9983165264129639),
            ["LeftLowerArm"] = CFrame.new(5.960464477539063e-08, 0, -1.4901161193847656e-08, 1, 2.3469326038139116e-07, 5.960465188081798e-08, 2.544839787788078e-07, 0.9750892519950867, -0.22181254625320435, 9.674116796531962e-08, 0.22181302309036255, 0.975089430809021),
            ["RightUpperArm"] = CFrame.new(0, -0.0652381181716919, -1.043081283569336e-07, 0.4380110204219818, -0.8485893607139587, -0.29672038555145264, 0.5384300351142883, 0.5119556784629822, -0.6693242192268372, 0.71988844871521, 0.1334080845117569, 0.6811476945877075),
            ["Head"] = CFrame.new(-3.725290298461914e-09, 2.384185791015625e-07, -2.246815711259842e-08, 0.9680931568145752, -0.039939429610967636, -0.24738752841949463, 0.00926834624260664, 0.9922484755516052, -0.1239239051938057, 0.25041911005973816, 0.11767696589231491, 0.9609590768814087),
            ["LowerTorso"] = CFrame.new(0.004552087280899286, -0.026203393936157227, 0.3985101282596588, 0.9998757243156433, 0.007438874803483486, -0.013898911885917187, -0.008591129444539547, 0.9963693022727966, -0.08470301330089569, 0.013218287378549576, 0.08481190353631973, 0.9963093400001526),
            ["UpperTorso"] = CFrame.new(-2.7939677238464355e-09, -1.1920928955078125e-07, -6.45741238258779e-08, 0.9946237802505493, -0.003581589786335826, 0.10349275916814804, -0.018590694293379784, 0.9769871830940247, 0.21248669922351837, -0.10187210142612457, -0.21326829493045807, 0.971668004989624),
            ["HumanoidRootPart"] = CFrame.new(0, 0, 0, 1, 0, 0, 0, 1, 0, 0, 0, 1),
            ["RightUpperLeg"] = CFrame.new(-0.00002536177635192871, -0.00012585031799972057, -0.004997488111257553, 0.9956309199333191, -0.08851420134305954, -0.029732033610343933, 0.07489648461341858, 0.9471753239631653, -0.31184911727905273, 0.05576448142528534, 0.30825990438461304, 0.949666440486908),
            ["LeftUpperArm"] = CFrame.new(-1.1920928955078125e-07, -0.0652381181716919, -7.450580596923828e-08, 0.9931421875953674, -0.11691141873598099, -0.0007127054850570858, 0.11593026667833328, 0.9855607151985168, -0.12341062724590302, 0.015130482614040375, 0.1224815621972084, 0.992355465888977),
            ["RightLowerArm"] = CFrame.new(-5.960464477539063e-08, 5.960464477539063e-08, 4.470348358154297e-07, 1, 3.725289943190546e-08, 5.811450023429643e-07, -2.9802340151263707e-08, 0.99965500831604, -0.026267537847161293, 7.003549740147719e-07, 0.026265393942594528, 0.99965500831604),
            ["LeftHand"] = CFrame.new(-6.332993507385254e-08, -5.960464477539063e-08, 4.470348358154297e-08, 0.7851324677467346, 0.35194066166877747, -0.5096129179000854, -0.37754711508750916, 0.924257218837738, 0.056629519909620285, 0.4909433126449585, 0.14794065058231354, 0.8585381507873535),
            ["LeftFoot"] = CFrame.new(2.0489096641540527e-08, -1.7881393432617188e-07, -3.725290298461914e-08, 0.997570812702179, -0.06527427583932877, -0.024333439767360687, 0.0618935264647007, 0.9907984733581543, -0.12036443501710892, 0.031965553760528564, 0.1185656487941742, 0.9924315810203552),
            ["RightHand"] = CFrame.new(2.682209014892578e-07, -1.1920928955078125e-07, 7.450580596923828e-08, 0.6531175971031189, -0.532331109046936, 0.5385745167732239, 0.5144560933113098, 0.8338027000427246, 0.20026840269565582, -0.5556730031967163, 0.14627592265605927, 0.8184314966201782),
            ["RightLowerLeg"] = CFrame.new(4.330649971961975e-08, 0, 2.2184394765645266e-08, 1, -1.3969837198146706e-07, -7.078050856534901e-08, 1.3224780559539795e-07, 0.5125556588172913, 0.8586540818214417, -8.754432201385498e-08, -0.8586539626121521, 0.5125555992126465),
            ["LeftUpperLeg"] = CFrame.new(0.000025480985641479492, 0.0001254216767847538, 0.004997492302209139, 0.9702337384223938, 0.09755614399909973, 0.22165265679359436, -0.06676702201366425, 0.9875568151473999, -0.1423843652009964, -0.23278507590293884, 0.12334705144166946, 0.9646745324134827),
            ["LeftLowerLeg"] = CFrame.new(-4.470348358154297e-08, -5.960464477539063e-08, -7.450580596923828e-09, 1, 3.91155481338501e-08, 9.313227522511625e-09, -4.0978189730367376e-08, 0.8510358929634094, 0.5251075625419617, 3.5390254282674505e-08, -0.5251075029373169, 0.8510358929634094),
        }},
        {Time = 0.067, Data = {
            ["RightFoot"] = CFrame.new(-1.1175870895385742e-08, 1.7881393432617188e-07, -2.0656443666666746e-08, 0.9996079206466675, 0.024337561801075935, 0.013843812979757786, -0.02629072219133377, 0.9859544634819031, 0.1649324893951416, -0.009636519476771355, -0.1652313619852066, 0.9862076640129089),
            ["LeftLowerArm"] = CFrame.new(1.7881393432617188e-07, 4.172325134277344e-07, -4.470348358154297e-08, 1, -7.078050145992165e-08, 1.862644793959589e-08, -4.470347647611561e-08, 0.963184654712677, -0.26884037256240845, 8.568166975919667e-08, 0.2688407599925995, 0.9631847739219666),
            ["RightUpperArm"] = CFrame.new(-5.960464477539063e-08, -0.06523764133453369, -2.2351741790771484e-08, 0.6472470164299011, -0.6520292162895203, -0.3948783874511719, 0.5742326378822327, 0.7577437162399292, -0.309970885515213, 0.5013265609741211, -0.026124190539121628, 0.8648636937141418),
            ["Head"] = CFrame.new(4.6566128730773926e-09, -1.1920928955078125e-07, -5.704350769519806e-09, 0.9910508990287781, -0.05635594204068184, -0.12100537121295929, 0.04202376678586006, 0.9921373128890991, -0.1178884208202362, 0.1266975849866867, 0.11174828559160233, 0.985626757144928),
            ["LowerTorso"] = CFrame.new(0.004272132180631161, -0.0248262882232666, 0.3666224181652069, 0.9995935559272766, -0.027673989534378052, 0.0068534305319190025, 0.028085382655262947, 0.9971518516540527, -0.06999630481004715, -0.004896878264844418, 0.07016032189130783, 0.9975237250328064),
            ["UpperTorso"] = CFrame.new(1.1175870895385742e-08, 4.470348358154297e-07, -4.813045961782336e-09, 0.9949181079864502, 0.02605173923075199, 0.09726015478372574, -0.043965842574834824, 0.9813980460166931, 0.18688228726387024, -0.09058234840631485, -0.1902085691690445, 0.9775559902191162),
            ["HumanoidRootPart"] = CFrame.new(0, 0, 0, 1, 0, 0, 0, 1, 0, 0, 0, 1),
            ["RightUpperLeg"] = CFrame.new(-0.000025600194931030273, -0.00012540537863969803, -0.004997490905225277, 0.9967746734619141, -0.07966484874486923, -0.00966260302811861, 0.06735052913427353, 0.895919144153595, -0.4390820562839508, 0.04363624379038811, 0.4370155334472656, 0.8983950018882751),
            ["LeftUpperArm"] = CFrame.new(0, -0.06523787975311279, -5.960464477539063e-08, 0.9898502826690674, -0.10885024815797806, 0.09136740863323212, 0.1143210306763649, 0.9918110966682434, -0.056933704763650894, -0.08442191034555435, 0.0668010488152504, 0.9941883683204651),
            ["RightLowerArm"] = CFrame.new(4.76837158203125e-07, -2.384185791015625e-07, -8.940696716308594e-08, 1, -0.0000017285324247495737, 4.097815917702974e-07, -0.0000017974551838051411, 0.9527706503868103, -0.30369001626968384, -1.3411064969659492e-07, 0.30369094014167786, 0.9527708888053894),
            ["LeftHand"] = CFrame.new(-4.470348358154297e-08, 2.980232238769531e-07, 0, 0.8005008101463318, 0.35860082507133484, -0.48021262884140015, -0.37858152389526367, 0.9237051010131836, 0.0586957223713398, 0.4646230936050415, 0.13481304049491882, 0.8751860857009888),
            ["LeftFoot"] = CFrame.new(4.470348358154297e-08, -5.960464477539063e-08, -2.9802322387695312e-08, 0.9935476779937744, -0.08422257006168365, -0.07596101611852646, 0.07014687359333038, 0.9826049208641052, -0.1719500720500946, 0.0891210287809372, 0.16551212966442108, 0.9821726679801941),
            ["RightHand"] = CFrame.new(1.1175870895385742e-07, 1.7881393432617188e-07, -2.086162567138672e-07, 0.7641662359237671, -0.27220404148101807, 0.5847703814506531, 0.39689144492149353, 0.913078784942627, -0.09362038969993591, -0.5084558129310608, 0.3036317229270935, 0.805778443813324),
            ["RightLowerLeg"] = CFrame.new(9.080395102500916e-09, 5.960464477539063e-08, 2.1718733478337526e-08, 1, -1.4156101713069802e-07, -8.195637946073475e-08, 1.285224868752266e-07, 0.38515034317970276, 0.9228538274765015, -9.22009135706503e-08, -0.9228538274765015, 0.3851504325866699),
            ["LeftUpperLeg"] = CFrame.new(0.000025540590286254883, 0.00012610666453838348, 0.004997486714273691, 0.9880486726760864, 0.12447734922170639, 0.09091705083847046, -0.10852599889039993, 0.9806146621704102, -0.1631453037261963, -0.1094626635313034, 0.15132856369018555, 0.9824040532112122),
            ["LeftLowerLeg"] = CFrame.new(5.587935447692871e-08, -2.384185791015625e-07, 1.1175870895385742e-08, 1, 6.332992796842518e-08, 1.1175872671742582e-08, -5.029141902923584e-08, 0.8420484662055969, 0.5394017696380615, 2.0489096641540527e-08, -0.5394019484519958, 0.8420485854148865),
        }},
        {Time = 0.100, Data = {
            ["RightFoot"] = CFrame.new(6.984919309616089e-08, 2.980232238769531e-07, -5.75528247281909e-09, 0.9944403171539307, 0.041472118347883224, 0.09679003804922104, -0.06171147897839546, 0.9743186235427856, 0.2165525108575821, -0.08532459288835526, -0.22132131457328796, 0.9714611172676086),
            ["LeftLowerArm"] = CFrame.new(-5.960464477539063e-08, -1.1920928955078125e-07, -2.9802322387695312e-08, 1, 5.587936158235607e-08, -1.378357268322361e-07, 1.7508865823856468e-07, 0.9445696473121643, -0.32831165194511414, -1.5366823902240867e-07, 0.3283112943172455, 0.9445695281028748),
            ["RightUpperArm"] = CFrame.new(-1.1920928955078125e-07, -0.06523823738098145, 4.470348358154297e-08, 0.8502510190010071, -0.38428205251693726, -0.3597232401371002, 0.42188650369644165, 0.9061804413795471, 0.029135175049304962, 0.31477785110473633, -0.17653469741344452, 0.9326040744781494),
            ["Head"] = CFrame.new(5.587935447692871e-09, -1.1920928955078125e-07, 2.60770320892334e-08, 0.9966726899147034, -0.07255446165800095, 0.03713993355631828, 0.0763726681470871, 0.9904748797416687, -0.1145719662308693, -0.02847345918416977, 0.11702722311019897, 0.9927204847335815),
            ["LowerTorso"] = CFrame.new(0.0014418935170397162, -0.03505396842956543, 0.3344002962112427, 0.9970163106918335, -0.07054959237575531, 0.0313279964029789, 0.0722045972943306, 0.9958547353744507, -0.05531637370586395, -0.027295613661408424, 0.057413406670093536, 0.9979773163795471),
            ["UpperTorso"] = CFrame.new(-8.381903171539307e-09, -3.5762786865234375e-07, -8.672941476106644e-09, 0.9937809109687805, 0.06722864508628845, 0.08876962959766388, -0.08113693445920944, 0.9831578135490417, 0.16376018524169922, -0.07626517862081528, -0.1699441373348236, 0.9824981689453125),
            ["HumanoidRootPart"] = CFrame.new(0, 0, 0, 1, 0, 0, 0, 1, 0, 0, 0, 1),
            ["RightUpperLeg"] = CFrame.new(-0.000025391578674316406, -0.00012609735131263733, -0.004997545853257179, 0.9960000514984131, -0.08864407241344452, -0.011224568821489811, 0.06441908329725266, 0.7994148135185242, -0.5973161458969116, 0.061921603977680206, 0.5942039489746094, 0.8019273281097412),
            ["LeftUpperArm"] = CFrame.new(-1.1920928955078125e-07, -0.0652385950088501, 2.2351741790771484e-08, 0.963318943977356, -0.0959487184882164, 0.2506205141544342, 0.10300637781620026, 0.9945650696754456, -0.015165945515036583, -0.247803196310997, 0.04042511060833931, 0.9679666757583618),
            ["RightLowerArm"] = CFrame.new(-1.7881393432617188e-07, 2.384185791015625e-07, -8.940696716308594e-08, 1, -0.0000020712554942292627, 4.5448499008671206e-07, -0.0000016614818605376058, 0.7304863929748535, -0.6829248070716858, -9.648515515436884e-07, 0.6829273104667664, 0.7304887771606445),
            ["LeftHand"] = CFrame.new(0, 1.1920928955078125e-07, -5.960464477539063e-08, 0.8017266392707825, 0.3628915548324585, -0.4749150276184082, -0.37569862604141235, 0.9239580035209656, 0.0717792883515358, 0.46484947204589844, 0.12087783217430115, 0.8770994544029236),
            ["LeftFoot"] = CFrame.new(2.0489096641540527e-08, 5.960464477539063e-08, -7.450580596923828e-09, 0.9933289885520935, -0.10801199823617935, -0.040392324328422546, 0.09128385037183762, 0.9505345225334167, -0.29690244793891907, 0.07046245783567429, 0.2912347614765167, 0.9540531635284424),
            ["RightHand"] = CFrame.new(-4.039611667394638e-08, 3.5762786865234375e-07, 1.648440957069397e-07, 0.8093245625495911, -0.1454533040523529, 0.5690670609474182, 0.28781476616859436, 0.9427733421325684, -0.16835319995880127, -0.5120121240615845, 0.3000367283821106, 0.8048725724220276),
            ["RightLowerLeg"] = CFrame.new(8.381903171539307e-09, 1.1920928955078125e-07, -9.480572771281004e-09, 1, -1.6577540407070046e-07, -1.3597309589385986e-07, 1.3411047916633834e-07, 0.20356908440589905, 0.9790605306625366, -1.0803344707710494e-07, -0.9790606498718262, 0.20356936752796173),
            ["LeftUpperLeg"] = CFrame.new(0.0000254213809967041, 0.0001253075897693634, 0.0049974555149674416, 0.9889164566993713, 0.1476498246192932, -0.01564059406518936, -0.14834095537662506, 0.9780908226966858, -0.14605672657489777, -0.006267398130148649, 0.14675770699977875, 0.9891526699066162),
            ["LeftLowerLeg"] = CFrame.new(-6.891787052154541e-08, 1.1920928955078125e-07, 6.05359673500061e-08, 1, 4.0978193283081055e-08, 2.2351745343485163e-08, -4.5634813261585805e-08, 0.8427971601486206, 0.5382310748100281, 1.6763808119435453e-08, -0.538231372833252, 0.8427973389625549),
        }},
        {Time = 0.133, Data = {
            ["RightFoot"] = CFrame.new(-4.0978193283081055e-08, 5.364418029785156e-07, -2.0656443666666746e-08, 0.9832625985145569, 0.06247900053858757, 0.17114461958408356, -0.10336823016405106, 0.9648463129997253, 0.24163302779197693, -0.15003229677677155, -0.2552799880504608, 0.9551560282707214),
            ["LeftLowerArm"] = CFrame.new(8.940696716308594e-08, -1.1920928955078125e-07, -8.940696716308594e-08, 1, -1.2107194891086692e-07, -7.4505797087454084e-09, 7.450580596923828e-09, 0.9012681245803833, -0.433261901140213, 3.4458935260772705e-08, 0.4332619309425354, 0.9012681245803833),
            ["RightUpperArm"] = CFrame.new(0, -0.0652381181716919, 7.450580596923828e-09, 0.9347959160804749, -0.2051020860671997, -0.2899826765060425, 0.24459466338157654, 0.96371990442276, 0.10685252398252487, 0.25754639506340027, -0.17081350088119507, 0.9510482549667358),
            ["Head"] = CFrame.new(4.6566128730773926e-09, 0, -4.6566128730773926e-09, 0.972564697265625, -0.07971294224262238, 0.218549445271492, 0.10547580569982529, 0.9884459972381592, -0.1088544949889183, -0.20734718441963196, 0.1289197951555252, 0.9697355628013611),
            ["LowerTorso"] = CFrame.new(-0.0018970549572259188, -0.04424858093261719, 0.3079943060874939, 0.992190957069397, -0.10959473252296448, 0.059550583362579346, 0.1124277412891388, 0.9925702810287476, -0.04651913791894913, -0.05400990694761276, 0.052851077169179916, 0.9971408247947693),
            ["UpperTorso"] = CFrame.new(-4.284083843231201e-08, -2.9802322387695312e-08, 3.026798367500305e-09, 0.9912165999412537, 0.1076008528470993, 0.07688998430967331, -0.11800459027290344, 0.9820863604545593, 0.14690575003623962, -0.059705473482608795, -0.15468859672546387, 0.9861575365066528),
            ["HumanoidRootPart"] = CFrame.new(0, 0, 0, 1, 0, 0, 0, 1, 0, 0, 0, 1),
            ["RightUpperLeg"] = CFrame.new(-0.000025451183319091797, -0.0001255655661225319, -0.0049974750727415085, 0.9927051067352295, -0.11879622936248779, -0.020582165569067, 0.06854303181171417, 0.6965004205703735, -0.7142758965492249, 0.09918864816427231, 0.7076542973518372, 0.6995616555213928),
            ["LeftUpperArm"] = CFrame.new(0, -0.06523776054382324, 2.9802322387695312e-08, 0.859437882900238, -0.05367141216993332, 0.5084152817726135, 0.08224350959062576, 0.9960362315177917, -0.033879101276397705, -0.5045815706253052, 0.07093081623315811, 0.8604453206062317),
            ["RightLowerArm"] = CFrame.new(5.960464477539063e-08, -1.1920928955078125e-07, -2.9802322387695312e-08, 1, -0.0000021457626644405536, 6.780022090424609e-07, -0.0000016577579344811966, 0.5968400835990906, -0.8023592233657837, -0.0000011920956239919178, 0.8023601770401001, 0.5968413352966309),
            ["LeftHand"] = CFrame.new(7.450580596923828e-09, -1.1920928955078125e-07, -5.960464477539063e-08, 0.7799546122550964, 0.34728044271469116, -0.520641565322876, -0.35284891724586487, 0.9310993552207947, 0.09247501939535141, 0.5168834924697876, 0.11158132553100586, 0.8487524390220642),
            ["LeftFoot"] = CFrame.new(-9.872019290924072e-08, 5.960464477539063e-08, 1.862645149230957e-09, 0.9928792119026184, -0.11775500327348709, 0.018030138686299324, 0.11553248018026352, 0.9149445295333862, -0.38668861985206604, 0.029037049040198326, 0.38601866364479065, 0.9220340847969055),
            ["RightHand"] = CFrame.new(1.7881393432617188e-07, 2.980232238769531e-07, -1.4901161193847656e-08, 0.7955366373062134, -0.06607995927333832, 0.6022931337356567, 0.18190836906433105, 0.9742274284362793, -0.13338185846805573, -0.5779539942741394, 0.21567203104496002, 0.7870528697967529),
            ["RightLowerLeg"] = CFrame.new(1.4901161193847656e-08, -1.1920928955078125e-07, -5.418405635282397e-08, 1, -1.5459954738616943e-07, -1.1548395661975519e-07, 1.4528630742915993e-07, 0.07065248489379883, 0.9975010752677917, -1.4156101713069802e-07, -0.997501015663147, 0.07065241783857346),
            ["LeftUpperLeg"] = CFrame.new(0.000025480985641479492, 0.0001256205141544342, 0.004997473210096359, 0.9819251298904419, 0.1700507402420044, -0.08310715109109879, -0.18011237680912018, 0.9744464159011841, -0.13421185314655304, 0.058160554617643356, 0.14675423502922058, 0.9874616265296936),
            ["LeftLowerLeg"] = CFrame.new(-6.717164069414139e-08, 1.1920928955078125e-07, -7.264316082000732e-08, 1, 5.6927092373371124e-08, 1.2572857421844219e-08, -4.266621544957161e-08, 0.8330377340316772, 0.5532158017158508, 1.257285475730896e-08, -0.5532163381576538, 0.8330380320549011),
        }},
        {Time = 0.167, Data = {
            ["RightFoot"] = CFrame.new(3.213062882423401e-08, 5.364418029785156e-07, 2.4047039914876223e-08, 0.9872797131538391, 0.10346117615699768, 0.1207231655716896, -0.1261795163154602, 0.9718400239944458, 0.19901332259178162, -0.09673450887203217, -0.21171411871910095, 0.9725325107574463),
            ["LeftLowerArm"] = CFrame.new(2.9802322387695312e-08, 4.172325134277344e-07, 5.21540641784668e-08, 1, -3.501772880554199e-07, 8.195637946073475e-08, -2.0302827863361017e-07, 0.8527141809463501, -0.5223787426948547, -2.495943931535294e-07, 0.5223777890205383, 0.8527135848999023),
            ["RightUpperArm"] = CFrame.new(-5.960464477539063e-08, -0.06523823738098145, 6.705522537231445e-08, 0.9763387441635132, -0.069167859852314, -0.2048867642879486, 0.09060633182525635, 0.9911355376243591, 0.09716465324163437, 0.19635000824928284, -0.11342970281839371, 0.973950982093811),
            ["Head"] = CFrame.new(-6.984919309616089e-10, 1.1920928955078125e-07, 5.21540641784668e-08, 0.9174081683158875, -0.0744357705116272, 0.3909239172935486, 0.12355998158454895, 0.9870792627334595, -0.10201709717512131, -0.37827926874160767, 0.1418938785791397, 0.9147519469261169),
            ["LowerTorso"] = CFrame.new(-0.003709910437464714, -0.039762258529663086, 0.2844628393650055, 0.9870942234992981, -0.13148553669452667, 0.09141571074724197, 0.13588982820510864, 0.9897580146789551, -0.04373544082045555, -0.0847288966178894, 0.05559356510639191, 0.9948520064353943),
            ["UpperTorso"] = CFrame.new(2.9802322387695312e-08, 0, -6.05359673500061e-09, 0.9894886016845703, 0.13094311952590942, 0.061371833086013794, -0.13835622370243073, 0.9806720018386841, 0.13834689557552338, -0.04207012802362442, -0.14538371562957764, 0.9884805679321289),
            ["HumanoidRootPart"] = CFrame.new(0, 0, 0, 1, 0, 0, 0, 1, 0, 0, 0, 1),
            ["RightUpperLeg"] = CFrame.new(-0.000025570392608642578, -0.00012549478560686111, -0.0049975160509347916, 0.9896093606948853, -0.13055242598056793, -0.06024264544248581, 0.035873573273420334, 0.6299129128456116, -0.7758369445800781, 0.13923496007919312, 0.7656146883964539, 0.6280508637428284),
            ["LeftUpperArm"] = CFrame.new(1.7881393432617188e-07, -0.06523823738098145, 4.470348358154297e-08, 0.7804206013679504, 0.08202694356441498, 0.6198511123657227, -0.009331367909908295, 0.9927749633789062, -0.11962857842445374, -0.6251853704452515, 0.08757653832435608, 0.7755472660064697),
            ["RightLowerArm"] = CFrame.new(5.960464477539063e-08, 1.7881393432617188e-07, 1.341104507446289e-07, 1, -0.0000024214321001636563, 8.568159728383762e-07, -0.0000019948984117945656, 0.5838668346405029, -0.8118484616279602, -0.0000014491419051410048, 0.8118494749069214, 0.5838682055473328),
            ["LeftHand"] = CFrame.new(2.9802322387695312e-08, 5.960464477539063e-08, 1.7881393432617188e-07, 0.7513235211372375, 0.3405836522579193, -0.5652571320533752, -0.3371042311191559, 0.9344237446784973, 0.11494771391153336, 0.5673391819000244, 0.10418837517499924, 0.8168668746948242),
            ["LeftFoot"] = CFrame.new(1.9441358745098114e-08, 1.1920928955078125e-07, -2.421438694000244e-08, 0.9896734952926636, -0.1351040005683899, 0.04789351671934128, 0.14300332963466644, 0.9077112078666687, -0.39447373151779175, 0.009820600040256977, 0.3972495198249817, 0.9176583290100098),
            ["RightHand"] = CFrame.new(-5.4016709327697754e-08, 0, 3.725290298461914e-08, 0.770472526550293, -0.10321498662233353, 0.6290637254714966, 0.17209923267364502, 0.9838430285453796, -0.049354635179042816, -0.6138028502464294, 0.14628639817237854, 0.7757853865623474),
            ["RightLowerLeg"] = CFrame.new(1.2852251529693604e-07, 0, -2.438173396512866e-08, 1, -1.5646224937881925e-07, -1.4901154088420299e-07, 1.4528630742915993e-07, 0.017712200060486794, 0.999843180179596, -1.378357268322361e-07, -0.999843180179596, 0.017712483182549477),
            ["LeftUpperLeg"] = CFrame.new(0.000025480985641479492, 0.0001256503164768219, 0.004997566342353821, 0.975196361541748, 0.18486759066581726, -0.12172570824623108, -0.19980460405349731, 0.9718613028526306, -0.12475129216909409, 0.09523800015449524, 0.14597806334495544, 0.9846928715705872),
            ["LeftLowerLeg"] = CFrame.new(-5.0495145842432976e-08, -1.7881393432617188e-07, -2.8870999813079834e-08, 1, 4.711909440402451e-08, 2.04308907569839e-08, -6.373738159481945e-08, 0.8297721147537231, 0.5581019520759583, 1.525040538297162e-08, -0.5581023097038269, 0.8297724723815918),
        }},
        {Time = 0.200, Data = {
            ["RightFoot"] = CFrame.new(-3.3527612686157227e-08, 3.5762786865234375e-07, 6.502523319795728e-08, 0.9896766543388367, 0.14267908036708832, -0.013512584380805492, -0.14066210389137268, 0.9850730299949646, 0.09922643005847931, 0.027467379346489906, -0.09630153328180313, 0.9949731230735779),
            ["LeftLowerArm"] = CFrame.new(-2.384185791015625e-07, -4.172325134277344e-07, -1.1920928955078125e-07, 1, -2.533196834519913e-07, 1.341104507446289e-07, -2.477318048477173e-07, 0.8627874255180359, -0.5055664777755737, -1.1175870895385742e-08, 0.5055670142173767, 0.8627877235412598),
            ["RightUpperArm"] = CFrame.new(-1.7881393432617188e-07, -0.065238356590271, -1.2762029655277729e-08, 0.9938377141952515, 0.008404262363910675, -0.1105261817574501, -0.0020593893714249134, 0.9983494877815247, 0.05739348381757736, 0.11082608997821808, -0.05681225657463074, 0.9922146797180176),
            ["Head"] = CFrame.new(3.725290298461914e-09, 1.1920928955078125e-07, 6.332993507385254e-08, 0.8449278473854065, -0.0612066425383091, 0.5313668251037598, 0.1334659606218338, 0.9861329197883606, -0.09863459318876266, -0.5179612636566162, 0.15425853431224823, 0.8413801789283752),
            ["LowerTorso"] = CFrame.new(-0.0029383436776697636, -0.025725841522216797, 0.2488313913345337, 0.9829759001731873, -0.13537172973155975, 0.12423039227724075, 0.14180457592010498, 0.9888957738876343, -0.04445620998740196, -0.11683279275894165, 0.06131592392921448, 0.9912570118904114),
            ["UpperTorso"] = CFrame.new(-3.725290298461914e-08, 2.9802322387695312e-08, -4.470348358154297e-08, 0.9898809194564819, 0.13488651812076569, 0.04406563192605972, -0.13973022997379303, 0.980658233165741, 0.13705772161483765, -0.02472618781030178, -0.14182798564434052, 0.9895824790000916),
            ["HumanoidRootPart"] = CFrame.new(0, 0, 0, 1, 0, 0, 0, 1, 0, 0, 0, 1),
            ["RightUpperLeg"] = CFrame.new(-0.000025570392608642578, -0.00012545939534902573, -0.004997493699193001, 0.9848611354827881, -0.12562425434589386, -0.1194457858800888, -0.017229298129677773, 0.6146970987319946, -0.7885753512382507, 0.17248696088790894, 0.7786951661109924, 0.6032260656356812),
            ["LeftUpperArm"] = CFrame.new(0, -0.0652381181716919, 8.940696716308594e-08, 0.7326037883758545, 0.3060714304447174, 0.6079570651054382, -0.16514348983764648, 0.9464336037635803, -0.2774728238582611, -0.660317599773407, 0.10287735611200333, 0.7439066171646118),
            ["RightLowerArm"] = CFrame.new(2.384185791015625e-07, 2.384185791015625e-07, -7.078051567077637e-08, 1, -0.0000021345872482925188, 6.020995328981371e-07, -0.0000017345920468869735, 0.6723847389221191, -0.7402005195617676, -0.000001095004904527741, 0.7402018308639526, 0.6723862886428833),
            ["LeftHand"] = CFrame.new(2.980232238769531e-07, -1.1920928955078125e-07, -8.940696716308594e-08, 0.7251402735710144, 0.38138195872306824, -0.573340654373169, -0.3590284585952759, 0.9198873043060303, 0.1578153669834137, 0.5875968933105469, 0.09140641242265701, 0.8039743900299072),
            ["LeftFoot"] = CFrame.new(-6.705522537231445e-08, 5.960464477539063e-08, 8.987262845039368e-08, 0.9895819425582886, -0.11440392583608627, 0.08740594238042831, 0.1383824348449707, 0.9233254790306091, -0.3582175672054291, -0.039723530411720276, 0.36658143997192383, 0.9295377731323242),
            ["RightHand"] = CFrame.new(3.725290298461914e-08, 1.1920928955078125e-07, -6.332993507385254e-08, 0.7765594124794006, -0.17133909463882446, 0.6063005328178406, 0.20939505100250244, 0.9777979254722595, 0.008130721747875214, -0.5942298769950867, 0.12064095586538315, 0.7951940298080444),
            ["RightLowerLeg"] = CFrame.new(-3.5390257835388184e-08, 3.5762786865234375e-07, -2.2927270038053393e-07, 1, -1.5832490873890492e-07, -1.4528623637488636e-07, 1.5646217832454568e-07, 0.004794561304152012, 0.9999885559082031, -1.471489525783909e-07, -0.9999885559082031, 0.004794812761247158),
            ["LeftUpperLeg"] = CFrame.new(0.000025451183319091797, 0.0001254212111234665, 0.004997454583644867, 0.9673026204109192, 0.17026829719543457, -0.18797770142555237, -0.19527964293956757, 0.9729244709014893, -0.12362468242645264, 0.1618386209011078, 0.15629054605960846, 0.9743620157241821),
            ["LeftLowerLeg"] = CFrame.new(9.546056389808655e-08, 5.960464477539063e-08, 1.862645149230957e-08, 1, 4.0978189730367376e-08, 9.778887921640944e-09, -5.3085386753082275e-08, 0.8115658760070801, 0.584260880947113, 1.210719347000122e-08, -0.5842610001564026, 0.8115659356117249),
        }},
        {Time = 0.233, Data = {
            ["RightFoot"] = CFrame.new(-4.307366907596588e-08, 1.7881393432617188e-07, -3.183231456205249e-08, 0.9819697737693787, 0.11860406398773193, -0.14720283448696136, -0.10170586407184601, 0.9878542423248291, 0.11747512966394424, 0.1593468189239502, -0.10038507729768753, 0.9821053743362427),
            ["LeftLowerArm"] = CFrame.new(-1.1920928955078125e-07, 2.384185791015625e-07, 2.682209014892578e-07, 1, 5.960464477539063e-08, 2.9802318834981634e-08, 1.6577547512497404e-07, 0.8985424637794495, -0.4388864040374756, 1.3411049337719305e-07, 0.43888676166534424, 0.8985425233840942),
            ["RightUpperArm"] = CFrame.new(-1.1920928955078125e-07, -0.0652385950088501, -7.450580596923828e-08, 0.9982807040214539, 0.04540502652525902, -0.037067536264657974, -0.04509444534778595, 0.9989407062530518, 0.009174374863505363, 0.03744477778673172, -0.007487173192203045, 0.9992707371711731),
            ["Head"] = CFrame.new(-2.7939677238464355e-09, -1.1920928955078125e-07, -1.7695128917694092e-08, 0.7842886447906494, -0.04570780694484711, 0.6187100410461426, 0.13913586735725403, 0.9848375916481018, -0.10361537337303162, -0.6045928597450256, 0.16734907031059265, 0.7787566184997559),
            ["LowerTorso"] = CFrame.new(-0.0008011544123291969, -0.010434627532958984, 0.2121971696615219, 0.979915976524353, -0.12537755072116852, 0.15506619215011597, 0.13388384878635406, 0.9899449348449707, -0.045650795102119446, -0.14778338372707367, 0.06549493223428726, 0.9868488311767578),
            ["UpperTorso"] = CFrame.new(1.862645149230957e-08, 2.384185791015625e-07, -2.0489096641540527e-08, 0.9919515252113342, 0.12372811883687973, 0.026903381571173668, -0.12629730999469757, 0.9819661378860474, 0.1406824141740799, -0.0090118907392025, -0.14294782280921936, 0.9896892309188843),
            ["HumanoidRootPart"] = CFrame.new(0, 0, 0, 1, 0, 0, 0, 1, 0, 0, 0, 1),
            ["RightUpperLeg"] = CFrame.new(-0.000025451183319091797, -0.00012550316751003265, -0.0049975160509347916, 0.9668399691581726, -0.12344881892204285, -0.22356529533863068, -0.07885713875293732, 0.688313901424408, -0.7211136221885681, 0.2429036647081375, 0.7148317098617554, 0.6557542681694031),
            ["LeftUpperArm"] = CFrame.new(0, -0.06523823738098145, 0, 0.673239529132843, 0.5634673833847046, 0.4788037836551666, -0.36099281907081604, 0.8155885934829712, -0.45221632719039917, -0.6453160047531128, 0.1316051334142685, 0.7524940967559814),
            ["RightLowerArm"] = CFrame.new(0, -1.1920928955078125e-07, -1.862645149230957e-08, 1, -0.000002359966401854763, 7.338811656154576e-07, -0.0000021876815026189433, 0.7717301249504089, -0.6359497308731079, -9.152592497230216e-07, 0.6359500885009766, 0.7717304229736328),
            ["LeftHand"] = CFrame.new(3.5762786865234375e-07, 5.960464477539063e-08, -3.8743019104003906e-07, 0.7092617154121399, 0.4227716624736786, -0.5641031265258789, -0.3791193962097168, 0.9033921360969543, 0.20037774741649628, 0.5943201780319214, 0.07174192368984222, 0.8010221719741821),
            ["LeftFoot"] = CFrame.new(-1.210719347000122e-08, 5.960464477539063e-08, -5.029141902923584e-08, 0.9899066090583801, -0.09119924157857895, 0.1084800735116005, 0.11947045475244522, 0.9487406611442566, -0.2926044762134552, -0.07623505592346191, 0.30261164903640747, 0.9500603675842285),
            ["RightHand"] = CFrame.new(1.1548399925231934e-07, 0, -8.940696716308594e-08, 0.7996736168861389, -0.2196965366601944, 0.558800220489502, 0.2443246841430664, 0.9691852927207947, 0.03140489384531975, -0.5484774708747864, 0.11141529679298401, 0.8287073969841003),
            ["RightLowerLeg"] = CFrame.new(-8.568167686462402e-08, 0, -8.491770131513476e-08, 1, -1.6391288681916194e-07, -1.378356273562531e-07, 1.3411046495548362e-07, 0.1592789590358734, 0.9872336983680725, -1.3411046495548362e-07, -0.9872336387634277, 0.15927866101264954),
            ["LeftUpperLeg"] = CFrame.new(0.000025480985641479492, 0.00012566708028316498, 0.004997469484806061, 0.9723191261291504, 0.15800288319587708, -0.1721387356519699, -0.18267376720905304, 0.9733850359916687, -0.13838784396648407, 0.1456913948059082, 0.166002094745636, 0.9753036499023438),
            ["LeftLowerLeg"] = CFrame.new(4.7031790018081665e-08, -3.5762786865234375e-07, -1.4002580428496003e-08, 1, 4.8428763221863846e-08, 1.30385160446167e-08, -5.681067705154419e-08, 0.7916458249092102, 0.6109800338745117, 1.9099388737231493e-08, -0.6109803318977356, 0.7916460633277893),
        }},
        {Time = 0.267, Data = {
            ["RightFoot"] = CFrame.new(-7.636845111846924e-08, 5.364418029785156e-07, 4.639878170564771e-08, 0.9695257544517517, 0.09096340835094452, -0.2274772822856903, -0.04128978028893471, 0.9759019613265991, 0.21426773071289062, 0.24148495495319366, -0.19834579527378082, 0.9499175548553467),
            ["LeftLowerArm"] = CFrame.new(-2.980232238769531e-07, 2.384185791015625e-07, 0, 1, -3.2782563152977673e-07, -2.1606686573250045e-07, -1.7322595624591486e-07, 0.960618257522583, -0.2778722643852234, -3.5762778338721546e-07, 0.27787157893180847, 0.9606180787086487),
            ["RightUpperArm"] = CFrame.new(-1.1920928955078125e-07, -0.0652388334274292, -5.21540641784668e-08, 0.9963858723640442, 0.07737401127815247, 0.035050150007009506, -0.07681327313184738, 0.9968993663787842, -0.017072562128305435, -0.03626248240470886, 0.014318389818072319, 0.9992397427558899),
            ["Head"] = CFrame.new(-2.421438694000244e-08, -3.5762786865234375e-07, -2.60770320892334e-08, 0.7453554272651672, -0.023287178948521614, 0.6662603616714478, 0.1396603137254715, 0.9826683402061462, -0.12189371138811111, -0.6518745422363281, 0.1839042454957962, 0.7356895208358765),
            ["LowerTorso"] = CFrame.new(0.0014384600799530745, 0.0024023056030273438, 0.17496134340763092, 0.9771350026130676, -0.10732541233301163, 0.18354494869709015, 0.11779019236564636, 0.9919221997261047, -0.047069381922483444, -0.17701058089733124, 0.0676131397485733, 0.9818838238716125),
            ["UpperTorso"] = CFrame.new(-2.9802322387695312e-08, 1.1920928955078125e-07, 6.984919309616089e-09, 0.9948284029960632, 0.10109438002109528, 0.009824836626648903, -0.10143738240003586, 0.9839364290237427, 0.1468995362520218, 0.005183709319680929, -0.14713621139526367, 0.9891027212142944),
            ["HumanoidRootPart"] = CFrame.new(0, 0, 0, 1, 0, 0, 0, 1, 0, 0, 0, 1),
            ["RightUpperLeg"] = CFrame.new(-0.000025510787963867188, -0.00012526428326964378, -0.004997501149773598, 0.9295842051506042, -0.11034101247787476, -0.3517080545425415, -0.11682498455047607, 0.8167622685432434, -0.56502366065979, 0.3496072590351105, 0.5663252472877502, 0.7463576793670654),
            ["LeftUpperArm"] = CFrame.new(5.960464477539063e-08, -0.06523871421813965, -4.470348358154297e-08, 0.5817003846168518, 0.7594000697135925, 0.29143866896629333, -0.47791367769241333, 0.6090145707130432, -0.6330085396766663, -0.6581970453262329, 0.22893890738487244, 0.7171915769577026),
            ["RightLowerArm"] = CFrame.new(2.384185791015625e-07, -1.1920928955078125e-07, -2.9802322387695312e-08, 1, -0.000002663577561179409, 0.0000010188653050136054, -0.000002695253670026432, 0.8337778449058533, -0.5521000623703003, -6.430797157008783e-07, 0.5521000027656555, 0.833777904510498),
            ["LeftHand"] = CFrame.new(1.7881393432617188e-07, -1.7881393432617188e-07, 2.086162567138672e-07, 0.7060539126396179, 0.4767497777938843, -0.5236386060714722, -0.4069199860095978, 0.8783068656921387, 0.2509840726852417, 0.5795722007751465, 0.03587128967046738, 0.8141312003135681),
            ["LeftFoot"] = CFrame.new(-1.210719347000122e-08, 0, 2.9802322387695312e-08, 0.9819117188453674, -0.08417411893606186, 0.16960027813911438, 0.12260232120752335, 0.9652554988861084, -0.230759859085083, -0.14428429305553436, 0.24737948179244995, 0.9581156969070435),
            ["RightHand"] = CFrame.new(7.450580596923828e-09, 0, -7.450580596923828e-08, 0.8157863616943359, -0.27664124965667725, 0.5079014301300049, 0.27326565980911255, 0.9583452939987183, 0.08307496458292007, -0.5097239017486572, 0.07102124392986298, 0.8574000597000122),
