return {
    ["Attraction"] = {
        {Time = 0.000, Data = {
            ["RightFoot"] = CFrame.new(1.4156103134155273e-07, 0, 1.6596459317952394e-08, 0.9686985015869141, 0.24116432666778564, 0.0588490292429924, -0.23871195316314697, 0.9700120687484741, -0.04575143754482269, -0.06811776012182236, 0.030271407216787338, 0.9972180128097534),
            ["LeftLowerArm"] = CFrame.new(0.000001341104507446289, -5.364418029785156e-07, 0.000004664063453674316, 1, 1.1920926112907182e-07, -1.0244549741855735e-07, -7.264316792543468e-08, 0.23884353041648865, -0.9710581302642822, -6.705523247774181e-08, 0.9710581302642822, 0.23884353041648865),
            ["RightUpperArm"] = CFrame.new(-0.049434781074523926, 0.04006683826446533, -0.007205255329608917, 0.7486832141876221, -0.5045064091682434, 0.43005433678627014, 0.6619356274604797, 0.533433735370636, -0.5265828371047974, 0.036258962005376816, 0.6789122819900513, 0.7333238124847412),
            ["Head"] = CFrame.new(-1.257285475730896e-08, -3.5762786865234375e-07, -6.05359673500061e-09, 0.9989400506019592, 0.029197758063673973, 0.035585056990385056, -0.033445436507463455, 0.9915551543235779, 0.12529891729354858, -0.03162611648440361, -0.12635642290115356, 0.9914807081222534),
            ["RightHand"] = CFrame.new(4.842877388000488e-08, 0.0000010132789611816406, -8.344650268554688e-07, 0.3680269122123718, 0.22446441650390625, 0.9023145437240601, -0.43172457814216614, 0.9007284641265869, -0.04798245429992676, -0.8235108852386475, -0.37189266085624695, 0.42839956283569336),
            ["UpperTorso"] = CFrame.new(3.166496753692627e-08, -2.086162567138672e-07, -1.862645149230957e-09, 0.9930320978164673, 0.03180825710296631, -0.11347076296806335, -0.031671371310949326, 0.9994938969612122, 0.0030090115033090115, 0.11350904405117035, 0.00060572026995942, 0.9935367703437805),
            ["HumanoidRootPart"] = CFrame.new(0, 0, 0, 1, 0, 0, 0, 1, 0, 0, 0, 1),
            ["RightUpperLeg"] = CFrame.new(-5.960464477539063e-08, -1.6123522073030472e-07, 9.480572771281004e-09, 0.774105429649353, -0.370728462934494, -0.5131486058235168, 0.2335941642522812, 0.9206622838973999, -0.31275397539138794, 0.5883830785751343, 0.12223584204912186, 0.7992894053459167),
            ["LeftUpperArm"] = CFrame.new(0.012611746788024902, -0.0042830705642700195, -0.007705818861722946, 0.5194800496101379, 0.8437936902046204, -0.13473260402679443, -0.8527931571006775, 0.5020568370819092, -0.14381518959999084, -0.053706977516412735, 0.18960826098918915, 0.9803899526596069),
            ["RightLowerArm"] = CFrame.new(-2.086162567138672e-07, -1.1920928955078125e-07, -0.000003516674041748047, 1, -0.000004254280611348804, 0.000019039031030843034, 0.00001890771272883285, -0.005711375270038843, -0.9999837279319763, 0.0000043939803617831785, 0.9999837279319763, -0.005711303558200598),
            ["LeftHand"] = CFrame.new(-9.611248970031738e-07, -0.0000010728836059570312, 2.5704503059387207e-07, 0.7762291431427002, -0.32208213210105896, -0.5419695377349854, 0.4009549617767334, 0.9156020283699036, 0.03013796918094158, 0.48652178049087524, -0.2406993806362152, 0.8398576974868774),
            ["LeftFoot"] = CFrame.new(-2.2351741790771484e-08, -1.1920928955078125e-07, -2.922024577856064e-08, 0.9465579390525818, -0.3206073045730591, -0.035203415900468826, 0.3222205638885498, 0.9351770877838135, 0.14702916145324707, -0.014217203482985497, -0.15051504969596863, 0.9885055422782898),
            ["LowerTorso"] = CFrame.new(0.13765107095241547, -0.0009167194366455078, 0.16750407218933105, 0.98808753490448, -0.018262330442667007, 0.15280534327030182, 0.020679330453276634, 0.9996846914291382, -0.014243059791624546, -0.1524970531463623, 0.01723329909145832, 0.9881536960601807),
            ["RightLowerLeg"] = CFrame.new(-9.685754776000977e-08, -0.0007262229919433594, 0.00004609471216099337, 1, 1.0617080192787398e-07, 0, -2.2351745343485163e-08, 0.748319685459137, 0.6633381247520447, 1.564622067462551e-07, -0.6633383631706238, 0.7483199238777161),
            ["LeftUpperLeg"] = CFrame.new(5.960464477539063e-08, -2.062879502773285e-07, 2.2351741790771484e-08, 0.9236041903495789, 0.378629207611084, -0.05996192246675491, -0.3675910234451294, 0.8303565382957458, -0.4187898635864258, -0.10877622663974762, 0.40883731842041016, 0.9061013460159302),
            ["LeftLowerLeg"] = CFrame.new(9.313225746154785e-09, -0.0007263422012329102, 0.00008097663521766663, 1, 8.940695295223122e-08, -7.450580596923828e-09, -7.450581307466564e-08, 0.7526369094848633, 0.6584354639053345, 0, -0.6584357023239136, 0.7526371479034424),
        }},
        {Time = 0.033, Data = {
            ["RightFoot"] = CFrame.new(1.7881393432617188e-07, 5.960464477539063e-08, 8.365168469026685e-08, 0.9733352661132812, 0.2215266227722168, 0.059536054730415344, -0.22183862328529358, 0.9750824570655823, -0.0014031814644113183, -0.05836332589387894, -0.01184164173901081, 0.998225212097168),
            ["LeftLowerArm"] = CFrame.new(0.0000010728836059570312, -1.1920928955078125e-07, 0.000004813075065612793, 1, 9.417998114713555e-08, -3.3527619791584584e-08, -1.0337681999317283e-07, 0.14648021757602692, -0.9892136454582214, -4.842878098543224e-08, 0.9892135858535767, 0.14648012816905975),
            ["RightUpperArm"] = CFrame.new(-0.04772907495498657, 0.04487752914428711, -0.01316002570092678, 0.8108508586883545, -0.5131655931472778, 0.2813931107521057, 0.5629822611808777, 0.5525476932525635, -0.6146071553230286, 0.1599121391773224, 0.6567741632461548, 0.7369368076324463),
            ["Head"] = CFrame.new(1.3969838619232178e-08, -9.5367431640625e-07, -5.122274160385132e-09, 0.9986612796783447, 0.04656403139233589, 0.02252751961350441, -0.04933047294616699, 0.9883561730384827, 0.14393915235996246, -0.015562786720693111, -0.14485785365104675, 0.9893301129341125),
            ["RightHand"] = CFrame.new(5.960464477539062e-07, 8.940696716308594e-07, -9.5367431640625e-07, 0.45286116003990173, 0.17022301256656647, 0.8751803040504456, -0.2279140204191208, 0.9710932970046997, -0.07094436138868332, -0.8619582056999207, -0.16733795404434204, 0.47856709361076355),
            ["UpperTorso"] = CFrame.new(1.4901161193847656e-08, -8.940696716308594e-08, -3.3527612686157227e-08, 0.9922587275505066, 0.051598504185676575, -0.11296159029006958, -0.04845355078577995, 0.9983623027801514, 0.030413491651415825, 0.11434581130743027, -0.024704663082957268, 0.9931338429450989),
            ["HumanoidRootPart"] = CFrame.new(0, 0, 0, 1, 0, 0, 0, 1, 0, 0, 0, 1),
            ["RightUpperLeg"] = CFrame.new(0, 3.448221832513809e-07, -2.4047039914876223e-08, 0.7247974872589111, -0.40659740567207336, -0.5561899542808533, 0.21280880272388458, 0.8999340534210205, -0.38056692481040955, 0.6552718281745911, 0.15747176110744476, 0.7387973666191101),
            ["LeftUpperArm"] = CFrame.new(0.01393592357635498, 0.009324789047241211, -0.013330789282917976, 0.43519070744514465, 0.8966252207756042, 0.08168473839759827, -0.895579993724823, 0.4404207468032837, -0.06297612190246582, -0.0924416184425354, -0.04574856162071228, 0.9946666955947876),
            ["RightLowerArm"] = CFrame.new(1.7881393432617188e-07, 5.960464477539062e-07, -0.00000426173210144043, 1, -0.000003643333911895752, 0.000019170345694874413, 0.00001901388168334961, -0.03835366666316986, -0.9992642402648926, 0.00000432133674621582, 0.9992642402648926, -0.038353610783815384),
            ["LeftHand"] = CFrame.new(-0.000001218169927597046, -0.0000012516975402832031, 2.980232238769531e-07, 0.9490084648132324, -0.23760072886943817, -0.20719273388385773, 0.26267901062965393, 0.9593721628189087, 0.10298120230436325, 0.1743066906929016, -0.15215513110160828, 0.9728649258613586),
            ["LeftFoot"] = CFrame.new(1.0803341865539551e-07, -2.384185791015625e-07, -1.4901161193847656e-08, 0.9310635924339294, -0.35683441162109375, -0.07609143853187561, 0.3648519515991211, 0.909473717212677, 0.19935117661952972, -0.0019322040025144815, -0.21337056159973145, 0.9769694805145264),
            ["LowerTorso"] = CFrame.new(0.15000605583190918, -0.04355180263519287, 0.18455977737903595, 0.9878942370414734, -0.034546300768852234, 0.1512332260608673, 0.03853382170200348, 0.9989806413650513, -0.02351507544517517, -0.15026667714118958, 0.029058001935482025, 0.988218367099762),
            ["RightLowerLeg"] = CFrame.new(-7.078051567077637e-08, -0.0007264018058776855, 0.00004607608570950106, 1, 1.0919763582251107e-07, -3.72529100900465e-08, -8.940696716308594e-08, 0.723794162273407, 0.690015971660614, 5.21540641784668e-08, -0.690015971660614, 0.7237942814826965),
            ["LeftUpperLeg"] = CFrame.new(2.9802322387695312e-08, -6.51925802230835e-08, 3.725290298461914e-08, 0.8910717964172363, 0.4243157207965851, -0.16108214855194092, -0.4529540538787842, 0.80894935131073, -0.3747445344924927, -0.028702683746814728, 0.40688711404800415, 0.9130275249481201),
            ["LeftLowerLeg"] = CFrame.new(1.210719347000122e-07, -0.0007266402244567871, 0.00008092029020190239, 1, 1.1175870895385742e-07, 3.725290298461914e-08, -5.21540641784668e-08, 0.7322062849998474, 0.6810829639434814, -4.6566128730773926e-09, -0.6810830235481262, 0.7322062849998474),
        }},
        {Time = 0.067, Data = {
            ["RightFoot"] = CFrame.new(2.086162567138672e-07, 0, 2.4047039914876223e-08, 0.978962779045105, 0.19460639357566833, 0.061320722103118896, -0.19531147181987762, 0.9807249307632446, 0.005662817973643541, -0.05903690308332443, -0.017520397901535034, 0.9981021285057068),
            ["LeftLowerArm"] = CFrame.new(0.0000016093254089355469, -6.556510925292969e-07, 0.000004842877388000488, 1, 3.166497108963995e-08, -5.587935447692871e-08, -4.0978189730367376e-08, 0.08185943216085434, -0.9966439008712769, -2.9802318834981634e-08, 0.9966439604759216, 0.08185955137014389),
            ["RightUpperArm"] = CFrame.new(-0.04629617929458618, 0.04967653751373291, -0.018792420625686646, 0.8587372303009033, -0.49162837862968445, 0.14447107911109924, 0.4564381241798401, 0.6057573556900024, -0.6517074108123779, 0.23288342356681824, 0.6255873441696167, 0.7445841431617737),
            ["Head"] = CFrame.new(-2.7939677238464355e-09, -8.344650268554688e-07, -1.0244548320770264e-08, 0.9981836080551147, 0.058962512761354446, 0.012369095347821712, -0.060195405036211014, 0.9845107793807983, 0.16466650366783142, -0.0024683454539626837, -0.1651119738817215, 0.9862717986106873),
            ["RightHand"] = CFrame.new(2.5331974029541016e-07, 9.5367431640625e-07, -6.556510925292969e-07, 0.5398280620574951, -0.053892917931079865, 0.8400480151176453, 0.2563670575618744, 0.9610664248466492, -0.10308876633644104, -0.8017865419387817, 0.2710109055042267, 0.532627522945404),
            ["UpperTorso"] = CFrame.new(-3.3527612686157227e-08, -2.384185791015625e-07, 2.9802322387695312e-08, 0.9903582334518433, 0.08505164831876755, -0.10934719443321228, -0.07860681414604187, 0.994978129863739, 0.06196419894695282, 0.11406821012496948, -0.05277135223150253, 0.9920703768730164),
            ["HumanoidRootPart"] = CFrame.new(0, 0, 0, 1, 0, 0, 0, 1, 0, 0, 0, 1),
            ["RightUpperLeg"] = CFrame.new(-1.1920928955078125e-07, -3.585591912269592e-08, -9.145878721028566e-09, 0.6950711011886597, -0.4119936525821686, -0.5891836881637573, 0.19102337956428528, 0.8958916664123535, -0.40110889077186584, 0.6930991411209106, 0.1662512719631195, 0.7014088034629822),
            ["LeftUpperArm"] = CFrame.new(0.015180826187133789, 0.019384145736694336, -0.018703043460845947, 0.308451384305954, 0.9090775847434998, 0.28006380796432495, -0.9394940137863159, 0.33726510405540466, -0.060028769075870514, -0.1490265429019928, -0.2446022480726242, 0.9581027030944824),
            ["RightLowerArm"] = CFrame.new(2.9802322387695312e-08, 8.344650268554688e-07, -0.000003919005393981934, 1, -0.000002458691369611188, 0.00001932681152538862, 0.000018998982341145165, -0.10133419930934906, -0.9948524236679077, 0.000004366040684544714, 0.9948524236679077, -0.1013341173529625),
            ["LeftHand"] = CFrame.new(-0.0000010039657354354858, -0.0000011920928955078125, 3.725290298461914e-08, 0.9747886657714844, -0.006275846157222986, 0.22304196655750275, -0.03971399739384651, 0.978763997554779, 0.20110684633255005, -0.21956777572631836, -0.2048945277929306, 0.9538388252258301),
            ["LeftFoot"] = CFrame.new(-4.0978193283081055e-08, -5.960464477539063e-08, -2.9802322387695312e-08, 0.9257113337516785, -0.3699510097503662, -0.07870729267597198, 0.3779924511909485, 0.912264347076416, 0.15778355300426483, 0.013429757207632065, -0.17581255733966827, 0.9843320846557617),
            ["LowerTorso"] = CFrame.new(0.1602896898984909, -0.0996100902557373, 0.2023380696773529, 0.9869874715805054, -0.06256654858589172, 0.14812539517879486, 0.06886836886405945, 0.996909499168396, -0.03779932111501694, -0.14530262351036072, 0.047508616000413895, 0.988245964050293),
            ["RightLowerLeg"] = CFrame.new(-3.725290298461914e-08, -0.0007261037826538086, 0.00004607608570950106, 1, 1.1734672966667858e-07, 2.2351748896198842e-08, -7.450581307466564e-08, 0.6876171231269836, 0.7260734438896179, 8.940698137394065e-08, -0.7260735034942627, 0.6876171827316284),
            ["LeftUpperLeg"] = CFrame.new(5.960464477539063e-08, -1.4156103134155273e-07, -7.450580596923828e-09, 0.8585708141326904, 0.4713478982448578, -0.20171087980270386, -0.512559711933136, 0.7800827622413635, -0.35882240533828735, -0.011779027990996838, 0.41146329045295715, 0.9113503098487854),
            ["LeftLowerLeg"] = CFrame.new(-3.259629011154175e-09, -0.0007266402244567871, 0.00008105114102363586, 1, 6.705524668859653e-08, 7.450581307466564e-08, -2.6077035641947077e-08, 0.6876792907714844, 0.7260146141052246, 3.3527616238870905e-08, -0.7260146737098694, 0.6876792907714844),
        }},
        {Time = 0.100, Data = {
            ["RightFoot"] = CFrame.new(1.7881393432617188e-07, -3.5762786865234375e-07, -5.045876605436206e-08, 0.9812195897102356, 0.18762364983558655, 0.044784314930438995, -0.18245653808116913, 0.9781003594398499, -0.1001465767621994, -0.06259333342313766, 0.09009463340044022, 0.9939643740653992),
            ["LeftLowerArm"] = CFrame.new(0.0000012218952178955078, -3.5762786865234375e-07, 0.000004827976226806641, 1, 7.450579886381092e-08, -8.940698847936801e-08, -1.1175872316471214e-07, 0.05552096664905548, -0.9984575510025024, -7.450581307466564e-08, 0.9984574913978577, 0.055520832538604736),
            ["RightUpperArm"] = CFrame.new(-0.04436218738555908, 0.06090438365936279, -0.023861151188611984, 0.8996575474739075, -0.43495461344718933, 0.03782651573419571, 0.36478182673454285, 0.7012430429458618, -0.6125300526618958, 0.2398969531059265, 0.564865231513977, 0.7895418405532837),
            ["Head"] = CFrame.new(2.421438694000244e-08, -9.5367431640625e-07, -1.3504177331924438e-08, 0.9984050989151001, 0.05623935908079147, 0.004949777852743864, -0.056071940809488297, 0.977560818195343, 0.20305421948432922, 0.006580932531505823, -0.20300781726837158, 0.9791549444198608),
            ["RightHand"] = CFrame.new(2.086162567138672e-07, 0.0000010728836059570312, -7.152557373046875e-07, 0.5369052886962891, -0.2873319089412689, 0.7932040691375732, 0.6279699206352234, 0.7639738321304321, -0.14831790328025818, -0.5633706450462341, 0.5777409076690674, 0.5906175971031189),
            ["UpperTorso"] = CFrame.new(-3.3527612686157227e-08, -2.086162567138672e-07, -2.2351741790771484e-08, 0.9813331365585327, 0.16196861863136292, -0.10368905961513519, -0.1517554521560669, 0.9833638072013855, 0.0998304933309555, 0.11813344806432724, -0.08223161101341248, 0.9895870089530945),
            ["HumanoidRootPart"] = CFrame.new(0, 0, 0, 1, 0, 0, 0, 1, 0, 0, 0, 1),
            ["RightUpperLeg"] = CFrame.new(-5.960464477539063e-08, -5.21540641784668e-07, 1.3205863069742918e-08, 0.7044134140014648, -0.3560173511505127, -0.614046573638916, 0.14972048997879028, 0.9201734662055969, -0.36175209283828735, 0.6938195824623108, 0.1628875583410263, 0.7014856934547424),
            ["LeftUpperArm"] = CFrame.new(0.017340660095214844, 0.02438068389892578, -0.023433389142155647, 0.2806094288825989, 0.8782779574394226, 0.38715171813964844, -0.9396142363548279, 0.3336962163448334, -0.07597371190786362, -0.19591686129570007, -0.3424539864063263, 0.9188807010650635),
            ["RightLowerArm"] = CFrame.new(7.450580596923828e-07, 7.748603820800781e-07, -0.000003829598426818848, 1, -4.6938646391936345e-07, 0.000019535422325134277, 0.00001903623342514038, -0.20264403522014618, -0.9792525172233582, 0.000004388391971588135, 0.9792524576187134, -0.2026439756155014),
            ["LeftHand"] = CFrame.new(-0.0000014007091522216797, -0.0000013113021850585938, 2.7567148208618164e-07, 0.8624288439750671, 0.24737536907196045, 0.4416120946407318, -0.38583147525787354, 0.885995090007782, 0.2571909725666046, -0.3276439607143402, -0.3921968638896942, 0.8595532178878784),
            ["LeftFoot"] = CFrame.new(-5.21540641784668e-08, -1.1920928955078125e-07, -5.21540641784668e-08, 0.9165493845939636, -0.39888817071914673, -0.028729155659675598, 0.3963514566421509, 0.9155979752540588, -0.06772051006555557, 0.05331697314977646, 0.050682276487350464, 0.9972906112670898),
            ["LowerTorso"] = CFrame.new(0.16176296770572662, -0.17804431915283203, 0.22059570252895355, 0.9811133742332458, -0.124065101146698, 0.1484062820672989, 0.1338244527578354, 0.9893266558647156, -0.05765311047434807, -0.1396695375442505, 0.07642462849617004, 0.9872444868087769),
            ["RightLowerLeg"] = CFrame.new(-1.862645149230957e-07, -0.000726163387298584, 0.000046012755774427205, 1, 1.415610881849716e-07, 7.450582373280668e-09, -4.470347292340193e-08, 0.6622586250305176, 0.7492753267288208, 3.725289587919178e-08, -0.7492753863334656, 0.6622586846351624),
            ["LeftUpperLeg"] = CFrame.new(-2.9802322387695312e-08, -3.03611159324646e-07, 0, 0.8176243305206299, 0.5250279307365417, -0.23629672825336456, -0.5754886865615845, 0.7328360676765442, -0.3629932403564453, -0.017414730042219162, 0.43277838826179504, 0.9013322591781616),
            ["LeftLowerLeg"] = CFrame.new(-8.195638656616211e-08, -0.0007265210151672363, 0.00008097290992736816, 1, 8.940698847936801e-08, 4.470347292340193e-08, -9.685754776000977e-08, 0.5754013061523438, 0.817871630191803, 7.078051567077637e-08, -0.8178712725639343, 0.5754008889198303),
        }},
        {Time = 0.133, Data = {
            ["RightFoot"] = CFrame.new(2.086162567138672e-07, 0, -4.300818545743823e-08, 0.9812024831771851, 0.18757487833499908, 0.045358434319496155, -0.17941462993621826, 0.9732378721237183, -0.1435922384262085, -0.07107870280742645, 0.1327551156282425, 0.9885969758033752),
            ["LeftLowerArm"] = CFrame.new(0.0000010132789611816406, -1.7881393432617188e-07, 0.000004872679710388184, 1, 4.8428766774577525e-08, -6.705524668859653e-08, -1.1175872316471214e-07, 0.024816220626235008, -0.9996920824050903, -5.2154071283894154e-08, 0.9996920228004456, 0.024816138669848442),
            ["RightUpperArm"] = CFrame.new(-0.0422896146774292, 0.07481908798217773, -0.0262664332985878, 0.9347497820854187, -0.35526758432388306, -0.005283975508064032, 0.2986811101436615, 0.7937456369400024, -0.5298653841018677, 0.19243812561035156, 0.49371346831321716, 0.8480653166770935),
            ["Head"] = CFrame.new(-1.862645149230957e-09, -7.152557373046875e-07, 9.778887033462524e-09, 0.9993199706077576, 0.03681375831365585, 0.0021204790100455284, -0.03619937226176262, 0.9684360027313232, 0.24661999940872192, 0.007025478407740593, -0.24652926623821259, 0.9691100120544434),
            ["RightHand"] = CFrame.new(2.980232238769531e-07, 0.0000010132789611816406, -5.960464477539062e-07, 0.542596697807312, -0.4281894564628601, 0.7226629257202148, 0.7554401755332947, 0.6249233484268188, -0.1969297230243683, -0.3672860562801361, 0.6527822017669678, 0.6625534892082214),
            ["UpperTorso"] = CFrame.new(4.0978193283081055e-08, 6.556510925292969e-07, 2.0489096641540527e-08, 0.9663804769515991, 0.23663651943206787, -0.1005585566163063, -0.22417333722114563, 0.9669841527938843, 0.12119369953870773, 0.12591738998889923, -0.0945766419172287, 0.9875222444534302),
            ["HumanoidRootPart"] = CFrame.new(0, 0, 0, 1, 0, 0, 0, 1, 0, 0, 0, 1),
            ["RightUpperLeg"] = CFrame.new(2.9802322387695312e-08, 4.861503839492798e-07, 1.3205863069742918e-08, 0.7115682363510132, -0.3544642925262451, -0.6066513061523438, 0.11779448390007019, 0.9113796353340149, -0.39434993267059326, 0.6926725506782532, 0.2091466188430786, 0.6902625560760498),
            ["LeftUpperArm"] = CFrame.new(0.019882142543792725, 0.027939319610595703, -0.0254505667835474, 0.4232606589794159, 0.8252288699150085, 0.3739624321460724, -0.8786237239837646, 0.47458410263061523, -0.052822697907686234, -0.22106747329235077, -0.30621451139450073, 0.9259384274482727),
            ["RightLowerArm"] = CFrame.new(3.5762786865234375e-07, 5.960464477539062e-07, -0.000003734254278242588, 1, 0.0000017061827293218812, 0.00001935661566676572, 0.000018976626961375587, -0.310920387506485, -0.9504361152648926, 0.0000043997201828460675, 0.950435996055603, -0.3109202980995178),
            ["LeftHand"] = CFrame.new(-0.0000011138617992401123, -0.0000012516975402832031, 2.980232238769531e-07, 0.7278187274932861, 0.46240273118019104, 0.5064217448234558, -0.6370500922203064, 0.729265570640564, 0.24967817962169647, -0.2538642883300781, -0.5043367743492126, 0.8253471851348877),
            ["LeftFoot"] = CFrame.new(-1.341104507446289e-07, -1.1920928955078125e-07, -1.4901161193847656e-08, 0.8808030486106873, -0.4722604751586914, -0.034002188593149185, 0.4585413634777069, 0.8687038421630859, -0.18733245134353638, 0.11800768226385117, 0.1494116336107254, 0.9817079901695251),
            ["LowerTorso"] = CFrame.new(0.15191306173801422, -0.2692974805831909, 0.2373802661895752, 0.9712309241294861, -0.18362821638584137, 0.15162834525108337, 0.19536563754081726, 0.9784799218177795, -0.06640330702066422, -0.13617177307605743, 0.09411592036485672, 0.9862045645713806),
            ["RightLowerLeg"] = CFrame.new(-2.682209014892578e-07, -0.000726163387298584, 0.000046090986870694906, 1, 4.842880940714167e-08, 5.2154096152889906e-08, -8.940698137394065e-08, 0.5584627985954285, 0.8295294642448425, 1.564622067462551e-07, -0.8295297026634216, 0.5584630370140076),
            ["LeftUpperLeg"] = CFrame.new(0, 2.9243528842926025e-07, -1.4901161193847656e-08, 0.7604811191558838, 0.5654734969139099, -0.3192305564880371, -0.6492942571640015, 0.6551719903945923, -0.3862212896347046, -0.009247093461453915, 0.5009885430335999, 0.865404486656189),
            ["LeftLowerLeg"] = CFrame.new(-4.842877388000488e-08, -0.0007267594337463379, 0.00008102506399154663, 1, 7.450581307466564e-08, 7.450581307466564e-08, -5.960464477539063e-08, 0.43939781188964844, 0.8982926607131958, 4.470348358154297e-08, -0.898292601108551, 0.43939778208732605),
        }},
        {Time = 0.167, Data = {
            ["RightFoot"] = CFrame.new(1.4901161193847656e-07, 0, 1.3580574886873364e-07, 0.9796643853187561, 0.1936914622783661, 0.05235740542411804, -0.18309679627418518, 0.969736635684967, -0.16151292622089386, -0.08205655962228775, 0.1486421525478363, 0.985480785369873),
            ["LeftLowerArm"] = CFrame.new(0.0000015795230865478516, 5.960464477539063e-08, 0.00000502169132232666, 1, 5.960464477539063e-08, -6.33299421792799e-08, -1.2665987014770508e-07, -0.014882568269968033, -0.9998893141746521, -4.0978193283081055e-08, 0.9998893141746521, -0.014882611110806465),
            ["RightUpperArm"] = CFrame.new(-0.04167771339416504, 0.07964885234832764, -0.021996844559907913, 0.952386736869812, -0.30438539385795593, 0.017575930804014206, 0.2768923044204712, 0.8393533825874329, -0.4677784740924835, 0.1276325136423111, 0.45037269592285156, 0.8836709856987),
            ["Head"] = CFrame.new(-9.778887033462524e-09, -7.152557373046875e-07, -2.60770320892334e-08, 0.9998934864997864, 0.011270296759903431, 0.009272200986742973, -0.013376172631978989, 0.9618083238601685, 0.2733968496322632, -0.005836800672113895, -0.2734919488430023, 0.9618567228317261),
            ["RightHand"] = CFrame.new(2.980232238769531e-07, 9.5367431640625e-07, -7.450580596923828e-07, 0.5596906542778015, -0.5481834411621094, 0.621482253074646, 0.7999582886695862, 0.5531942844390869, -0.23247221112251282, -0.21636322140693665, 0.6272726655006409, 0.7481420636177063),
            ["UpperTorso"] = CFrame.new(-5.21540641784668e-08, 2.682209014892578e-07, 6.51925802230835e-09, 0.9615906476974487, 0.25432562828063965, -0.10325609147548676, -0.24149294197559357, 0.9626791477203369, 0.12218872457742691, 0.13047818839550018, -0.09255988895893097, 0.9871211051940918),
            ["HumanoidRootPart"] = CFrame.new(0, 0, 0, 1, 0, 0, 0, 1, 0, 0, 0, 1),
            ["RightUpperLeg"] = CFrame.new(5.960464477539063e-08, 9.872019290924072e-08, 5.75528247281909e-09, 0.7154318690299988, -0.40483230352401733, -0.5694454312324524, 0.1183173656463623, 0.8734552264213562, -0.47231045365333557, 0.6885915398597717, 0.27053043246269226, 0.6727963089942932),
            ["LeftUpperArm"] = CFrame.new(0.02068018913269043, 0.029240727424621582, -0.021354269236326218, 0.5841355323791504, 0.7515206336975098, 0.3065982162952423, -0.7717305421829224, 0.6312679648399353, -0.07702501118183136, -0.25143158435821533, -0.1916181743144989, 0.948717474937439),
            ["RightLowerArm"] = CFrame.new(1.7881393432617188e-07, 2.980232238769531e-07, -0.000003822147846221924, 1, 0.000002764165174085065, 0.000019289554984425195, 0.000018950551748275757, -0.36232858896255493, -0.9320505261421204, 0.000004414469003677368, 0.9320504069328308, -0.36232855916023254),
            ["LeftHand"] = CFrame.new(-0.0000012442469596862793, -0.000001430511474609375, 7.82310962677002e-08, 0.6454048156738281, 0.686189591884613, 0.3355530798435211, -0.7555299997329712, 0.6381122469902039, 0.1482827514410019, -0.1123705580830574, -0.34922295808792114, 0.9302776455879211),
            ["LeftFoot"] = CFrame.new(8.195638656616211e-08, 0, 1.862645149230957e-08, 0.8736937642097473, -0.48603805899620056, -0.02065274864435196, 0.4598482847213745, 0.8389788269996643, -0.29095372557640076, 0.15874174237251282, 0.24470704793930054, 0.9565142393112183),
            ["LowerTorso"] = CFrame.new(0.13532423973083496, -0.3438650369644165, 0.25186020135879517, 0.9678221940994263, -0.20105066895484924, 0.15132421255111694, 0.21326278150081635, 0.9745428562164307, -0.06917549669742584, -0.13356415927410126, 0.09922138601541519, 0.9860607981681824),
            ["RightLowerLeg"] = CFrame.new(8.940696716308594e-08, -0.0007264018058776855, 0.00004597922816174105, 1, 1.1175872316471214e-07, -7.450582373280668e-09, -1.4901158351676713e-07, 0.4298795461654663, 0.902886152267456, 7.450579175838357e-08, -0.9028863310813904, 0.4298799932003021),
            ["LeftUpperLeg"] = CFrame.new(-1.1920928955078125e-07, 2.2351741790771484e-07, -7.450580596923828e-09, 0.7397788763046265, 0.5622342824935913, -0.36962154507637024, -0.6727179288864136, 0.6071465611457825, -0.4228757619857788, -0.01334078423678875, 0.5614854097366333, 0.8273791074752808),
            ["LeftLowerLeg"] = CFrame.new(2.5331974029541016e-07, -0.0007266402244567871, 0.00008088350296020508, 1, 7.4505820180093e-08, 5.960463766996327e-08, -8.195639367158947e-08, 0.311065673828125, 0.9503885507583618, 5.960465188081798e-08, -0.950388491153717, 0.31106552481651306),
        }},
        {Time = 0.200, Data = {
            ["RightFoot"] = CFrame.new(2.1606683731079102e-07, 0, 4.639878170564771e-08, 0.9818403720855713, 0.17862533032894135, 0.06389559060335159, -0.168568953871727, 0.9759666919708252, -0.13810722529888153, -0.08702939003705978, 0.12482815980911255, 0.9883541464805603),
            ["LeftLowerArm"] = CFrame.new(0.0000017285346984863281, -5.960464477539062e-07, 0.000004947185516357422, 1, -4.470348358154297e-08, -6.123446638639507e-08, -1.089647554408657e-07, -0.05994477495551109, -0.9982017278671265, -4.4703490686970326e-08, 0.9982017278671265, -0.0599447563290596),
            ["RightUpperArm"] = CFrame.new(-0.04331398010253906, 0.056102752685546875, -0.010704737156629562, 0.9544782638549805, -0.2796311378479004, 0.10381563752889633, 0.2915726602077484, 0.8012803196907043, -0.5224323272705078, 0.06290289759635925, 0.52892005443573, 0.8463373184204102),
            ["Head"] = CFrame.new(-3.725290298461914e-09, -7.152557373046875e-07, 1.3387762010097504e-08, 0.9991061091423035, -0.021844707429409027, 0.03619387745857239, 0.011501748114824295, 0.964313268661499, 0.26451393961906433, -0.04068050533533096, -0.2638612985610962, 0.9637024402618408),
            ["RightHand"] = CFrame.new(2.0489096641540527e-07, 9.5367431640625e-07, -5.960464477539062e-07, 0.5936765670776367, -0.6449794769287109, 0.4811953902244568, 0.7969141602516174, 0.5542348623275757, -0.24031639099121094, -0.11169623583555222, 0.5261418223381042, 0.8430296778678894),
            ["UpperTorso"] = CFrame.new(-1.862645149230957e-08, -1.7881393432617188e-07, 1.5832483768463135e-08, 0.9789804220199585, 0.17647427320480347, -0.10224523395299911, -0.16669708490371704, 0.9811837673187256, 0.09741955250501633, 0.11751343309879303, -0.07832783460617065, 0.9899775385856628),
            ["HumanoidRootPart"] = CFrame.new(0, 0, 0, 1, 0, 0, 0, 1, 0, 0, 0, 1),
            ["RightUpperLeg"] = CFrame.new(2.9802322387695312e-08, -2.4959444999694824e-07, -9.145878721028566e-09, 0.686042308807373, -0.5014593601226807, -0.5271472334861755, 0.15197592973709106, 0.8073262572288513, -0.5701999068260193, 0.7115119695663452, 0.31106752157211304, 0.6300697922706604),
            ["LeftUpperArm"] = CFrame.new(0.018366217613220215, 0.020155906677246094, -0.010763990692794323, 0.663707435131073, 0.7135668396949768, 0.22430936992168427, -0.688897967338562, 0.699964702129364, -0.1883329451084137, -0.2913967967033386, -0.029528316110372543, 0.9561464190483093),
            ["RightLowerArm"] = CFrame.new(8.940696716308594e-08, -5.960464477539063e-08, -0.0000037401914596557617, 1, 0.0000025220217594323913, 0.000019319360944791697, 0.00001896918001875747, -0.34880322217941284, -0.9371960759162903, 0.000004418194748723181, 0.9371960759162903, -0.3488031327724457),
            ["LeftHand"] = CFrame.new(-0.0000015348196029663086, -0.0000013113021850585938, 3.7834979593753815e-07, 0.7661132216453552, 0.6406465768814087, -0.05140106379985809, -0.6419551968574524, 0.7666316628456116, -0.013040449470281601, 0.03105139173567295, 0.042987577617168427, 0.9985930323600769),
            ["LeftFoot"] = CFrame.new(-5.960464477539063e-08, -5.960464477539063e-08, -1.4901161193847656e-08, 0.8834080696105957, -0.46818962693214417, 0.01971759833395481, 0.44272273778915405, 0.8200864195823669, -0.3625672161579132, 0.15358005464076996, 0.32902413606643677, 0.9317490458488464),
            ["LowerTorso"] = CFrame.new(0.10759791731834412, -0.3567016124725342, 0.2629263997077942, 0.9794454574584961, -0.15212558209896088, 0.13245587050914764, 0.162067711353302, 0.9844498038291931, -0.06776924431324005, -0.12008672952651978, 0.08784309029579163, 0.9888694286346436),
            ["RightLowerLeg"] = CFrame.new(1.1920928955078125e-07, -0.0007263422012329102, 0.000046053733967710286, 1, 1.7136343899437634e-07, -8.940698847936801e-08, -1.1920930376163597e-07, 0.3435535728931427, 0.9391331672668457, 1.0430814256778831e-07, -0.9391331076622009, 0.3435535132884979),
            ["LeftUpperLeg"] = CFrame.new(-2.9802322387695312e-08, -1.341104507446289e-07, 0, 0.7919713258743286, 0.5356966853141785, -0.29293444752693176, -0.609169065952301, 0.6609364151954651, -0.4382650554180145, -0.04116615653038025, 0.5255399346351624, 0.8497723340988159),
            ["LeftLowerLeg"] = CFrame.new(-6.332993507385254e-08, -0.0007267594337463379, 0.00008089840412139893, 1, 1.0430815677864302e-07, 4.470348358154297e-08, -1.1175870895385742e-07, 0.3443221151828766, 0.9388517141342163, 8.195638656616211e-08, -0.9388517141342163, 0.3443219065666199),
        }},
        {Time = 0.233, Data = {
            ["RightFoot"] = CFrame.new(1.043081283569336e-07, -1.1920928955078125e-07, 1.6596459317952394e-08, 0.9869745969772339, 0.14904408156871796, 0.060557786375284195, -0.13911329209804535, 0.9797428250312805, -0.14405418932437897, -0.08080140501260757, 0.1337534338235855, 0.9877151250839233),
            ["LeftLowerArm"] = CFrame.new(8.344650268554688e-07, -6.556510925292969e-07, 0.000005185604095458984, 1, 2.60770320892334e-08, 0, -5.215404996761208e-08, -0.1192234456539154, -0.9928674697875977, -4.470347292340193e-08, 0.9928674697875977, -0.11922339349985123),
            ["RightUpperArm"] = CFrame.new(-0.04763376712799072, 0.018743038177490234, 0.006343856453895569, 0.9416302442550659, -0.27115580439567566, 0.1995166540145874, 0.3359906077384949, 0.719916045665741, -0.6073145866394043, 0.02104167453944683, 0.6389017105102539, 0.7690007090568542),
            ["Head"] = CFrame.new(-2.2409949451684952e-08, -9.5367431640625e-07, -1.26319719129242e-08, 0.9945310950279236, -0.05853702127933502, 0.08649557083845139, 0.03739184886217117, 0.9728379249572754, 0.22844724357128143, -0.09751884639263153, -0.22396378219127655, 0.9697063565254211),
            ["RightHand"] = CFrame.new(-8.009374141693115e-08, 0.000001430511474609375, -6.258487701416016e-07, 0.6590254902839661, -0.7113515734672546, 0.2442612498998642, 0.7520219683647156, 0.6284802556037903, -0.19868628680706024, -0.012177680619060993, 0.31462931632995605, 0.9491366744041443),
            ["UpperTorso"] = CFrame.new(9.313225746154785e-09, 5.960464477539063e-08, -2.8870999813079834e-08, 0.995304524898529, -0.05038841441273689, -0.08264335244894028, 0.054306093603372574, 0.9974706768989563, 0.04586115851998329, 0.08012344688177109, -0.05013388767838478, 0.9955233931541443),
            ["HumanoidRootPart"] = CFrame.new(0, 0, 0, 1, 0, 0, 0, 1, 0, 0, 0, 1),
            ["RightUpperLeg"] = CFrame.new(0, 1.5366822481155396e-07, 3.9282895158976316e-08, 0.5959576964378357, -0.6868607997894287, -0.41600093245506287, 0.23889808356761932, 0.6462439894676208, -0.7247734665870667, 0.7666563987731934, 0.33255240321159363, 0.5492237210273743),
            ["LeftUpperArm"] = CFrame.new(0.013347208499908447, 0.01994311809539795, 0.006371105555444956, 0.6452646851539612, 0.7623210549354553, 0.05000003054738045, -0.6982895135879517, 0.6150811314582825, -0.3661516308784485, -0.3098793625831604, 0.2013503462076187, 0.9292109608650208),
            ["RightLowerArm"] = CFrame.new(0, 6.556510925292969e-07, -0.00000391155481338501, 1, 0.000001965090859812335, 0.000019375240299268626, 0.000018971972167491913, -0.32314202189445496, -0.9463505744934082, 0.000004407018423080444, 0.9463505744934082, -0.323141872882843),
            ["LeftHand"] = CFrame.new(-0.0000011548399925231934, -0.0000010728836059570312, 2.682209014892578e-07, 0.8318153023719788, 0.327847957611084, -0.44788214564323425, -0.43464288115501404, 0.8865915536880493, -0.15824474394321442, 0.3452085852622986, 0.32629919052124023, 0.8799773454666138),
            ["LeftFoot"] = CFrame.new(-4.470348358154297e-08, -2.384185791015625e-07, -6.705522537231445e-08, 0.9032753705978394, -0.42562127113342285, 0.0542239286005497, 0.41554829478263855, 0.8363455533981323, -0.3575550615787506, 0.1068330928683281, 0.34550338983535767, 0.9323166012763977),
            ["LowerTorso"] = CFrame.new(0.06894101202487946, -0.3321937322616577, 0.271740585565567, 0.9962497353553772, 0.010969058610498905, 0.08582677692174911, -0.00558018684387207, 0.9980120062828064, -0.06277751922607422, -0.08634475618600845, 0.06206316128373146, 0.9943303465843201),
            ["RightLowerLeg"] = CFrame.new(-1.2665987014770508e-07, -0.0007262229919433594, 0.000046009030484128743, 1, 1.0430816388407038e-07, 8.940703111193216e-08, -7.4505820180093e-08, 0.2220662385225296, 0.9750316143035889, 1.6391281576488836e-07, -0.9750316143035889, 0.2220665067434311),
            ["LeftUpperLeg"] = CFrame.new(-5.960464477539063e-08, 1.7648562788963318e-07, -7.450580596923828e-09, 0.904452919960022, 0.41872793436050415, -0.08143672347068787, -0.41479790210723877, 0.818762481212616, -0.39695194363594055, -0.09953752160072327, 0.3928041160106659, 0.9142194390296936),
            ["LeftLowerLeg"] = CFrame.new(-8.707866072654724e-08, -0.0007265806198120117, 0.00008098781108856201, 1, 1.043081283569336e-07, 2.980232949312267e-08, -6.705523247774181e-08, 0.5328166484832764, 0.846230685710907, 6.05359762317903e-09, -0.8462307453155518, 0.5328167080879211),
        }},
        {Time = 0.267, Data = {
            ["RightFoot"] = CFrame.new(8.940696716308594e-08, -1.1920928955078125e-07, -1.3205863069742918e-08, 0.9920956492424011, 0.12465526163578033, 0.01439807191491127, -0.12191691994667053, 0.9846913814544678, -0.12457573413848877, -0.02970658615231514, 0.12183573096990585, 0.9921056032180786),
            ["LeftLowerArm"] = CFrame.new(0.000001043081283569336, -5.364418029785156e-07, 0.000005185604095458984, 1, -4.4703490686970326e-08, -1.49011640360186e-07, -1.0430811414607888e-07, -0.16785819828510284, -0.9858112335205078, -7.4505797087454084e-09, 0.985811173915863, -0.1678582727909088),
            ["RightUpperArm"] = CFrame.new(-0.047759056091308594, 0.0013942718505859375, 0.023201603442430496, 0.8643134832382202, -0.37135598063468933, 0.33920013904571533, 0.5018448829650879, 0.5920073390007019, -0.6306182742118835, 0.03337486460804939, 0.7152776122093201, 0.6980428695678711),
            ["Head"] = CFrame.new(-1.909211277961731e-08, -0.0000011920928955078125, -2.1653249859809875e-08, 0.9808189272880554, -0.144161656498909, 0.13119331002235413, 0.11994730681180954, 0.9769203662872314, 0.17674677073955536, -0.15364548563957214, -0.157620370388031, 0.9754737615585327),
            ["RightHand"] = CFrame.new(1.7136335372924805e-07, 0.0000010728836059570312, -8.344650268554688e-07, 0.7651991844177246, -0.5957600474357605, -0.24400734901428223, 0.6077753305435181, 0.7934888601303101, -0.03139190748333931, 0.2123192697763443, -0.124280646443367, 0.9692652225494385),
            ["UpperTorso"] = CFrame.new(-7.450580596923828e-09, 5.960464477539063e-08, 5.587935447692871e-09, 0.9819079637527466, -0.18372167646884918, -0.045861370861530304, 0.18418480455875397, 0.9828730821609497, 0.0060513922944664955, 0.04396413266658783, -0.014388855546712875, 0.998929500579834),
            ["HumanoidRootPart"] = CFrame.new(0, 0, 0, 1, 0, 0, 0, 1, 0, 0, 0, 1),
            ["RightUpperLeg"] = CFrame.new(0, -2.7008354663848877e-08, 3.742025000974536e-08, 0.4904567003250122, -0.7851802706718445, -0.37807968258857727, 0.25267985463142395, 0.5433334708213806, -0.8005883693695068, 0.8340294361114502, 0.297120600938797, 0.46488064527511597),
            ["LeftUpperArm"] = CFrame.new(0.013245165348052979, 0.00808250904083252, 0.02352241612970829, 0.5286229252815247, 0.8184587955474854, -0.22512900829315186, -0.7903991341590881, 0.3778742253780365, -0.4821624159812927, -0.30955952405929565, 0.4328238070011139, 0.8466618657112122),
            ["RightLowerArm"] = CFrame.new(4.470348358154297e-07, 5.364418029785156e-07, -0.000003919005393981934, 1, 0.0000014621762147726258, 0.00001941994014487136, 0.000018935648768092506, -0.30080851912498474, -0.9536845684051514, 0.000004436820290720789, 0.9536846280097961, -0.30080854892730713),
            ["LeftHand"] = CFrame.new(-0.0000020712614059448242, -0.0000013709068298339844, 4.470348358154297e-07, 0.6443570852279663, 0.06332498788833618, -0.7620978951454163, -0.3792031705379486, 0.8918734192848206, -0.24650974571704865, 0.6640849709510803, 0.44783011078834534, 0.5986983776092529),
            ["LeftFoot"] = CFrame.new(-4.470348358154297e-08, -5.960464477539063e-08, 2.9802322387695312e-08, 0.9179326295852661, -0.3894633650779724, 0.07561784982681274, 0.39162391424179077, 0.8589932322502136, -0.3297900855541229, 0.06348594278097153, 0.3323386609554291, 0.9410209655761719),
