return {
    ["Aw Snap!"] = {
        {Time = 0.000, Data = {
            ["RightFoot"] = CFrame.new(3.725290298461914e-08, 3.5762786865234375e-07, -9.516224963590503e-08, 0.9756249189376831, 0.21508567035198212, 0.04352353885769844, -0.18557758629322052, 0.9145175814628601, -0.3594696819782257, -0.11711975932121277, 0.3426308333873749, 0.9321412444114685),
            ["LeftLowerArm"] = CFrame.new(-1.1920928955078125e-07, 2.980232238769531e-07, 1.1920928955078125e-07, 1, 1.4901162970204496e-08, 1.6763799237651256e-08, 3.725290742551124e-09, 0.9843318462371826, -0.1763257384300232, -1.4901162970204496e-08, 0.17632584273815155, 0.9843319058418274),
            ["LeftFoot"] = CFrame.new(-1.862645149230957e-08, -1.1920928955078125e-07, -1.4901161193847656e-08, 0.9967211484909058, -0.08077315986156464, -0.004779275972396135, 0.07946418970823288, 0.9882803559303284, -0.13033659756183624, 0.015250948257744312, 0.12952931225299835, 0.9914582967758179),
            ["Head"] = CFrame.new(7.450580596923828e-09, -1.1920928955078125e-07, 1.30385160446167e-08, 0.9483363628387451, 0.004706023260951042, 0.31723207235336304, 0.0023644082248210907, 0.9997574687004089, -0.021899128332734108, -0.3172581195831299, 0.021517913788557053, 0.9480951428413391),
            ["LowerTorso"] = CFrame.new(-0.04363028705120087, -0.10196995735168457, 0.012110274285078049, 0.9569793343544006, 0.0076150232926011086, -0.2900564968585968, 0.001410813070833683, 0.9995216727256775, 0.030895717442035675, 0.29015302658081055, -0.0299757719039917, 0.9565107822418213),
            ["UpperTorso"] = CFrame.new(2.622982719913125e-09, 2.9802322387695312e-08, 1.1059455573558807e-09, 0.9988755583763123, -0.0012431576615199447, -0.04739496484398842, 0.0030568866059184074, 0.9992648959159851, 0.0382150299847126, 0.04731256142258644, -0.038316965103149414, 0.9981449246406555),
            ["HumanoidRootPart"] = CFrame.new(0, 0, 0, 1, 0, 0, 0, 1, 0, 0, 0, 1),
            ["RightUpperLeg"] = CFrame.new(0, 1.0477378964424133e-08, 2.029992174357176e-09, 0.8942618370056152, -0.17788487672805786, -0.41067370772361755, 0.2015630453824997, 0.9793652892112732, 0.014697449281811714, 0.399585098028183, -0.0959201455116272, 0.9116639494895935),
            ["LeftUpperArm"] = CFrame.new(0, 4.76837158203125e-07, -1.043081283569336e-07, 0.8454859256744385, 0.44316235184669495, -0.2979277968406677, -0.408521443605423, 0.8960913419723511, 0.1735815703868866, 0.34389528632164, -0.02505091391503811, 0.9386737942695618),
            ["RightLowerArm"] = CFrame.new(2.384185791015625e-07, 4.172325134277344e-07, -5.960464477539063e-08, 1, 0, 3.3527587817161475e-08, 0, 0.9253934025764465, -0.3790076673030853, 1.4901162970204496e-08, 0.379008024930954, 0.9253935217857361),
            ["LeftHand"] = CFrame.new(1.1920928955078125e-07, 0, 1.4901161193847656e-08, 0.9868143796920776, 0.09376483410596848, -0.1319303661584854, -0.1427006870508194, 0.888665497303009, -0.4357872009277344, 0.07638046890497208, 0.44886744022369385, 0.890328049659729),
            ["RightHand"] = CFrame.new(-7.450580596923828e-08, 0, 8.940696716308594e-08, 0.9952261447906494, -0.09574410319328308, -0.018925458192825317, 0.09109228849411011, 0.9808735251426697, -0.1720156967639923, 0.035032838582992554, 0.16947041451931, 0.9849124550819397),
            ["RightUpperArm"] = CFrame.new(1.1920928955078125e-07, 4.76837158203125e-07, 8.940696716308594e-08, 0.9524368643760681, -0.2958812713623047, -0.07292738556861877, 0.30399999022483826, 0.9391523599624634, 0.15992720425128937, 0.02117062546312809, -0.17449064552783966, 0.9844312071800232),
            ["RightLowerLeg"] = CFrame.new(-4.470348358154297e-08, 1.1920928955078125e-07, -1.6931153368204832e-08, 1, -5.215408194203519e-08, -9.685758328714655e-08, 3.725290653733282e-08, 0.9507580399513245, 0.30993425846099854, -2.421439049271612e-08, -0.30993443727493286, 0.9507580995559692),
            ["LeftUpperLeg"] = CFrame.new(0, 2.71480530500412e-07, 0, 0.9630948901176453, 0.18630923330783844, 0.19426068663597107, -0.07418093085289001, 0.8774974346160889, -0.4738095700740814, -0.25873830914497375, 0.4419131875038147, 0.8589338660240173),
            ["LeftLowerLeg"] = CFrame.new(5.21540641784668e-08, -2.384185791015625e-07, -2.2351741790771484e-08, 1, 4.610048520703458e-08, 1.210719347000122e-08, -4.936010356004772e-08, 0.8281022310256958, 0.5605771541595459, 1.862645326866641e-08, -0.5605772137641907, 0.828102171421051),
        }},
        {Time = 0.033, Data = {
            ["RightFoot"] = CFrame.new(3.725290298461914e-08, 3.5762786865234375e-07, -9.516224963590503e-08, 0.9756249189376831, 0.21508567035198212, 0.04352353885769844, -0.18557758629322052, 0.9145175814628601, -0.3594696819782257, -0.11711975932121277, 0.3426308333873749, 0.9321412444114685),
            ["LeftLowerArm"] = CFrame.new(-1.1920928955078125e-07, 2.980232238769531e-07, 1.1920928955078125e-07, 1, 1.4901162970204496e-08, 1.6763799237651256e-08, 3.725290742551124e-09, 0.9843318462371826, -0.1763257384300232, -1.4901162970204496e-08, 0.17632584273815155, 0.9843319058418274),
            ["LeftFoot"] = CFrame.new(-1.862645149230957e-08, -1.1920928955078125e-07, -1.4901161193847656e-08, 0.9967211484909058, -0.08077315986156464, -0.004779275972396135, 0.07946418970823288, 0.9882803559303284, -0.13033659756183624, 0.015250948257744312, 0.12952931225299835, 0.9914582967758179),
            ["Head"] = CFrame.new(7.450580596923828e-09, -1.1920928955078125e-07, 1.30385160446167e-08, 0.9483363628387451, 0.004706023260951042, 0.31723207235336304, 0.0023644082248210907, 0.9997574687004089, -0.021899128332734108, -0.3172581195831299, 0.021517913788557053, 0.9480951428413391),
            ["LowerTorso"] = CFrame.new(-0.04363028705120087, -0.10196995735168457, 0.012110274285078049, 0.9569793343544006, 0.0076150232926011086, -0.2900564968585968, 0.001410813070833683, 0.9995216727256775, 0.030895717442035675, 0.29015302658081055, -0.0299757719039917, 0.9565107822418213),
            ["UpperTorso"] = CFrame.new(2.622982719913125e-09, 2.9802322387695312e-08, 1.1059455573558807e-09, 0.9988755583763123, -0.0012431576615199447, -0.04739496484398842, 0.0030568866059184074, 0.9992648959159851, 0.0382150299847126, 0.04731256142258644, -0.038316965103149414, 0.9981449246406555),
            ["HumanoidRootPart"] = CFrame.new(0, 0, 0, 1, 0, 0, 0, 1, 0, 0, 0, 1),
            ["RightUpperLeg"] = CFrame.new(0, 1.0477378964424133e-08, 2.029992174357176e-09, 0.8942618370056152, -0.17788487672805786, -0.41067370772361755, 0.2015630453824997, 0.9793652892112732, 0.014697449281811714, 0.399585098028183, -0.0959201455116272, 0.9116639494895935),
            ["LeftUpperArm"] = CFrame.new(0, 4.76837158203125e-07, -1.043081283569336e-07, 0.8454859256744385, 0.44316235184669495, -0.2979277968406677, -0.408521443605423, 0.8960913419723511, 0.1735815703868866, 0.34389528632164, -0.02505091391503811, 0.9386737942695618),
            ["RightLowerArm"] = CFrame.new(2.384185791015625e-07, 4.172325134277344e-07, -5.960464477539063e-08, 1, 0, 3.3527587817161475e-08, 0, 0.9253934025764465, -0.3790076673030853, 1.4901162970204496e-08, 0.379008024930954, 0.9253935217857361),
            ["LeftHand"] = CFrame.new(1.1920928955078125e-07, 0, 1.4901161193847656e-08, 0.9868143796920776, 0.09376483410596848, -0.1319303661584854, -0.1427006870508194, 0.888665497303009, -0.4357872009277344, 0.07638046890497208, 0.44886744022369385, 0.890328049659729),
            ["RightHand"] = CFrame.new(-7.450580596923828e-08, 0, 8.940696716308594e-08, 0.9952261447906494, -0.09574410319328308, -0.018925458192825317, 0.09109228849411011, 0.9808735251426697, -0.1720156967639923, 0.035032838582992554, 0.16947041451931, 0.9849124550819397),
            ["RightUpperArm"] = CFrame.new(1.1920928955078125e-07, 4.76837158203125e-07, 8.940696716308594e-08, 0.9524368643760681, -0.2958812713623047, -0.07292738556861877, 0.30399999022483826, 0.9391523599624634, 0.15992720425128937, 0.02117062546312809, -0.17449064552783966, 0.9844312071800232),
            ["RightLowerLeg"] = CFrame.new(-4.470348358154297e-08, 1.1920928955078125e-07, -1.6931153368204832e-08, 1, -5.215408194203519e-08, -9.685758328714655e-08, 3.725290653733282e-08, 0.9507580399513245, 0.30993425846099854, -2.421439049271612e-08, -0.30993443727493286, 0.9507580995559692),
            ["LeftUpperLeg"] = CFrame.new(0, 2.71480530500412e-07, 0, 0.9630948901176453, 0.18630923330783844, 0.19426068663597107, -0.07418093085289001, 0.8774974346160889, -0.4738095700740814, -0.25873830914497375, 0.4419131875038147, 0.8589338660240173),
            ["LeftLowerLeg"] = CFrame.new(5.21540641784668e-08, -2.384185791015625e-07, -2.2351741790771484e-08, 1, 4.610048520703458e-08, 1.210719347000122e-08, -4.936010356004772e-08, 0.8281022310256958, 0.5605771541595459, 1.862645326866641e-08, -0.5605772137641907, 0.828102171421051),
        }},
        {Time = 0.067, Data = {
            ["RightFoot"] = CFrame.new(3.725290298461914e-08, 3.5762786865234375e-07, -9.516224963590503e-08, 0.9756249189376831, 0.21508567035198212, 0.04352353885769844, -0.18557758629322052, 0.9145175814628601, -0.3594696819782257, -0.11711975932121277, 0.3426308333873749, 0.9321412444114685),
            ["LeftLowerArm"] = CFrame.new(-1.1920928955078125e-07, 2.980232238769531e-07, 1.1920928955078125e-07, 1, 1.4901162970204496e-08, 1.6763799237651256e-08, 3.725290742551124e-09, 0.9843318462371826, -0.1763257384300232, -1.4901162970204496e-08, 0.17632584273815155, 0.9843319058418274),
            ["LeftFoot"] = CFrame.new(-1.862645149230957e-08, -1.1920928955078125e-07, -1.4901161193847656e-08, 0.9967211484909058, -0.08077315986156464, -0.004779275972396135, 0.07946418970823288, 0.9882803559303284, -0.13033659756183624, 0.015250948257744312, 0.12952931225299835, 0.9914582967758179),
            ["Head"] = CFrame.new(7.450580596923828e-09, -1.1920928955078125e-07, 1.30385160446167e-08, 0.9483363628387451, 0.004706023260951042, 0.31723207235336304, 0.0023644082248210907, 0.9997574687004089, -0.021899128332734108, -0.3172581195831299, 0.021517913788557053, 0.9480951428413391),
            ["LowerTorso"] = CFrame.new(-0.04363028705120087, -0.10196995735168457, 0.012110274285078049, 0.9569793343544006, 0.0076150232926011086, -0.2900564968585968, 0.001410813070833683, 0.9995216727256775, 0.030895717442035675, 0.29015302658081055, -0.0299757719039917, 0.9565107822418213),
            ["UpperTorso"] = CFrame.new(2.622982719913125e-09, 2.9802322387695312e-08, 1.1059455573558807e-09, 0.9988755583763123, -0.0012431576615199447, -0.04739496484398842, 0.0030568866059184074, 0.9992648959159851, 0.0382150299847126, 0.04731256142258644, -0.038316965103149414, 0.9981449246406555),
            ["HumanoidRootPart"] = CFrame.new(0, 0, 0, 1, 0, 0, 0, 1, 0, 0, 0, 1),
            ["RightUpperLeg"] = CFrame.new(0, 1.0477378964424133e-08, 2.029992174357176e-09, 0.8942618370056152, -0.17788487672805786, -0.41067370772361755, 0.2015630453824997, 0.9793652892112732, 0.014697449281811714, 0.399585098028183, -0.0959201455116272, 0.9116639494895935),
            ["LeftUpperArm"] = CFrame.new(0, 4.76837158203125e-07, -1.043081283569336e-07, 0.8454859256744385, 0.44316235184669495, -0.2979277968406677, -0.408521443605423, 0.8960913419723511, 0.1735815703868866, 0.34389528632164, -0.02505091391503811, 0.9386737942695618),
            ["RightLowerArm"] = CFrame.new(2.384185791015625e-07, 4.172325134277344e-07, -5.960464477539063e-08, 1, 0, 3.3527587817161475e-08, 0, 0.9253934025764465, -0.3790076673030853, 1.4901162970204496e-08, 0.379008024930954, 0.9253935217857361),
            ["LeftHand"] = CFrame.new(1.1920928955078125e-07, 0, 1.4901161193847656e-08, 0.9868143796920776, 0.09376483410596848, -0.1319303661584854, -0.1427006870508194, 0.888665497303009, -0.4357872009277344, 0.07638046890497208, 0.44886744022369385, 0.890328049659729),
            ["RightHand"] = CFrame.new(-7.450580596923828e-08, 0, 8.940696716308594e-08, 0.9952261447906494, -0.09574410319328308, -0.018925458192825317, 0.09109228849411011, 0.9808735251426697, -0.1720156967639923, 0.035032838582992554, 0.16947041451931, 0.9849124550819397),
            ["RightUpperArm"] = CFrame.new(1.1920928955078125e-07, 4.76837158203125e-07, 8.940696716308594e-08, 0.9524368643760681, -0.2958812713623047, -0.07292738556861877, 0.30399999022483826, 0.9391523599624634, 0.15992720425128937, 0.02117062546312809, -0.17449064552783966, 0.9844312071800232),
            ["RightLowerLeg"] = CFrame.new(-4.470348358154297e-08, 1.1920928955078125e-07, -1.6931153368204832e-08, 1, -5.215408194203519e-08, -9.685758328714655e-08, 3.725290653733282e-08, 0.9507580399513245, 0.30993425846099854, -2.421439049271612e-08, -0.30993443727493286, 0.9507580995559692),
            ["LeftUpperLeg"] = CFrame.new(0, 2.71480530500412e-07, 0, 0.9630948901176453, 0.18630923330783844, 0.19426068663597107, -0.07418093085289001, 0.8774974346160889, -0.4738095700740814, -0.25873830914497375, 0.4419131875038147, 0.8589338660240173),
            ["LeftLowerLeg"] = CFrame.new(5.21540641784668e-08, -2.384185791015625e-07, -2.2351741790771484e-08, 1, 4.610048520703458e-08, 1.210719347000122e-08, -4.936010356004772e-08, 0.8281022310256958, 0.5605771541595459, 1.862645326866641e-08, -0.5605772137641907, 0.828102171421051),
        }},
        {Time = 0.100, Data = {
            ["RightFoot"] = CFrame.new(3.725290298461914e-08, 3.5762786865234375e-07, -9.516224963590503e-08, 0.9756249189376831, 0.21508567035198212, 0.04352353885769844, -0.18557758629322052, 0.9145175814628601, -0.3594696819782257, -0.11711975932121277, 0.3426308333873749, 0.9321412444114685),
            ["LeftLowerArm"] = CFrame.new(-1.1920928955078125e-07, 2.980232238769531e-07, 1.1920928955078125e-07, 1, 1.4901162970204496e-08, 1.6763799237651256e-08, 3.725290742551124e-09, 0.9843318462371826, -0.1763257384300232, -1.4901162970204496e-08, 0.17632584273815155, 0.9843319058418274),
            ["LeftFoot"] = CFrame.new(-1.862645149230957e-08, -1.1920928955078125e-07, -1.4901161193847656e-08, 0.9967211484909058, -0.08077315986156464, -0.004779275972396135, 0.07946418970823288, 0.9882803559303284, -0.13033659756183624, 0.015250948257744312, 0.12952931225299835, 0.9914582967758179),
            ["Head"] = CFrame.new(7.450580596923828e-09, -1.1920928955078125e-07, 1.30385160446167e-08, 0.9483363628387451, 0.004706023260951042, 0.31723207235336304, 0.0023644082248210907, 0.9997574687004089, -0.021899128332734108, -0.3172581195831299, 0.021517913788557053, 0.9480951428413391),
            ["LowerTorso"] = CFrame.new(-0.04363028705120087, -0.10196995735168457, 0.012110274285078049, 0.9569793343544006, 0.0076150232926011086, -0.2900564968585968, 0.001410813070833683, 0.9995216727256775, 0.030895717442035675, 0.29015302658081055, -0.0299757719039917, 0.9565107822418213),
            ["UpperTorso"] = CFrame.new(2.622982719913125e-09, 2.9802322387695312e-08, 1.1059455573558807e-09, 0.9988755583763123, -0.0012431576615199447, -0.04739496484398842, 0.0030568866059184074, 0.9992648959159851, 0.0382150299847126, 0.04731256142258644, -0.038316965103149414, 0.9981449246406555),
            ["HumanoidRootPart"] = CFrame.new(0, 0, 0, 1, 0, 0, 0, 1, 0, 0, 0, 1),
            ["RightUpperLeg"] = CFrame.new(0, 1.0477378964424133e-08, 2.029992174357176e-09, 0.8942618370056152, -0.17788487672805786, -0.41067370772361755, 0.2015630453824997, 0.9793652892112732, 0.014697449281811714, 0.399585098028183, -0.0959201455116272, 0.9116639494895935),
            ["LeftUpperArm"] = CFrame.new(0, 4.76837158203125e-07, -1.043081283569336e-07, 0.8454859256744385, 0.44316235184669495, -0.2979277968406677, -0.408521443605423, 0.8960913419723511, 0.1735815703868866, 0.34389528632164, -0.02505091391503811, 0.9386737942695618),
            ["RightLowerArm"] = CFrame.new(2.384185791015625e-07, 4.172325134277344e-07, -5.960464477539063e-08, 1, 0, 3.3527587817161475e-08, 0, 0.9253934025764465, -0.3790076673030853, 1.4901162970204496e-08, 0.379008024930954, 0.9253935217857361),
            ["LeftHand"] = CFrame.new(1.1920928955078125e-07, 0, 1.4901161193847656e-08, 0.9868143796920776, 0.09376483410596848, -0.1319303661584854, -0.1427006870508194, 0.888665497303009, -0.4357872009277344, 0.07638046890497208, 0.44886744022369385, 0.890328049659729),
            ["RightHand"] = CFrame.new(-7.450580596923828e-08, 0, 8.940696716308594e-08, 0.9952261447906494, -0.09574410319328308, -0.018925458192825317, 0.09109228849411011, 0.9808735251426697, -0.1720156967639923, 0.035032838582992554, 0.16947041451931, 0.9849124550819397),
            ["RightUpperArm"] = CFrame.new(1.1920928955078125e-07, 4.76837158203125e-07, 8.940696716308594e-08, 0.9524368643760681, -0.2958812713623047, -0.07292738556861877, 0.30399999022483826, 0.9391523599624634, 0.15992720425128937, 0.02117062546312809, -0.17449064552783966, 0.9844312071800232),
            ["RightLowerLeg"] = CFrame.new(-4.470348358154297e-08, 1.1920928955078125e-07, -1.6931153368204832e-08, 1, -5.215408194203519e-08, -9.685758328714655e-08, 3.725290653733282e-08, 0.9507580399513245, 0.30993425846099854, -2.421439049271612e-08, -0.30993443727493286, 0.9507580995559692),
            ["LeftUpperLeg"] = CFrame.new(0, 2.71480530500412e-07, 0, 0.9630948901176453, 0.18630923330783844, 0.19426068663597107, -0.07418093085289001, 0.8774974346160889, -0.4738095700740814, -0.25873830914497375, 0.4419131875038147, 0.8589338660240173),
            ["LeftLowerLeg"] = CFrame.new(5.21540641784668e-08, -2.384185791015625e-07, -2.2351741790771484e-08, 1, 4.610048520703458e-08, 1.210719347000122e-08, -4.936010356004772e-08, 0.8281022310256958, 0.5605771541595459, 1.862645326866641e-08, -0.5605772137641907, 0.828102171421051),
        }},
        {Time = 0.133, Data = {
            ["RightFoot"] = CFrame.new(3.725290298461914e-08, 3.5762786865234375e-07, -9.516224963590503e-08, 0.9756249189376831, 0.21508567035198212, 0.04352353885769844, -0.18557758629322052, 0.9145175814628601, -0.3594696819782257, -0.11711975932121277, 0.3426308333873749, 0.9321412444114685),
            ["LeftLowerArm"] = CFrame.new(-1.1920928955078125e-07, 2.980232238769531e-07, 1.1920928955078125e-07, 1, 1.4901162970204496e-08, 1.6763799237651256e-08, 3.725290742551124e-09, 0.9843318462371826, -0.1763257384300232, -1.4901162970204496e-08, 0.17632584273815155, 0.9843319058418274),
            ["LeftFoot"] = CFrame.new(-1.862645149230957e-08, -1.1920928955078125e-07, -1.4901161193847656e-08, 0.9967211484909058, -0.08077315986156464, -0.004779275972396135, 0.07946418970823288, 0.9882803559303284, -0.13033659756183624, 0.015250948257744312, 0.12952931225299835, 0.9914582967758179),
            ["Head"] = CFrame.new(7.450580596923828e-09, -1.1920928955078125e-07, 1.30385160446167e-08, 0.9483363628387451, 0.004706023260951042, 0.31723207235336304, 0.0023644082248210907, 0.9997574687004089, -0.021899128332734108, -0.3172581195831299, 0.021517913788557053, 0.9480951428413391),
            ["LowerTorso"] = CFrame.new(-0.04363028705120087, -0.10196995735168457, 0.012110274285078049, 0.9569793343544006, 0.0076150232926011086, -0.2900564968585968, 0.001410813070833683, 0.9995216727256775, 0.030895717442035675, 0.29015302658081055, -0.0299757719039917, 0.9565107822418213),
            ["UpperTorso"] = CFrame.new(2.622982719913125e-09, 2.9802322387695312e-08, 1.1059455573558807e-09, 0.9988755583763123, -0.0012431576615199447, -0.04739496484398842, 0.0030568866059184074, 0.9992648959159851, 0.0382150299847126, 0.04731256142258644, -0.038316965103149414, 0.9981449246406555),
            ["HumanoidRootPart"] = CFrame.new(0, 0, 0, 1, 0, 0, 0, 1, 0, 0, 0, 1),
            ["RightUpperLeg"] = CFrame.new(0, 1.0477378964424133e-08, 2.029992174357176e-09, 0.8942618370056152, -0.17788487672805786, -0.41067370772361755, 0.2015630453824997, 0.9793652892112732, 0.014697449281811714, 0.399585098028183, -0.0959201455116272, 0.9116639494895935),
            ["LeftUpperArm"] = CFrame.new(0, 4.76837158203125e-07, -1.043081283569336e-07, 0.8454859256744385, 0.44316235184669495, -0.2979277968406677, -0.408521443605423, 0.8960913419723511, 0.1735815703868866, 0.34389528632164, -0.02505091391503811, 0.9386737942695618),
            ["RightLowerArm"] = CFrame.new(2.384185791015625e-07, 4.172325134277344e-07, -5.960464477539063e-08, 1, 0, 3.3527587817161475e-08, 0, 0.9253934025764465, -0.3790076673030853, 1.4901162970204496e-08, 0.379008024930954, 0.9253935217857361),
            ["LeftHand"] = CFrame.new(1.1920928955078125e-07, 0, 1.4901161193847656e-08, 0.9868143796920776, 0.09376483410596848, -0.1319303661584854, -0.1427006870508194, 0.888665497303009, -0.4357872009277344, 0.07638046890497208, 0.44886744022369385, 0.890328049659729),
            ["RightHand"] = CFrame.new(-7.450580596923828e-08, 0, 8.940696716308594e-08, 0.9952261447906494, -0.09574410319328308, -0.018925458192825317, 0.09109228849411011, 0.9808735251426697, -0.1720156967639923, 0.035032838582992554, 0.16947041451931, 0.9849124550819397),
            ["RightUpperArm"] = CFrame.new(1.1920928955078125e-07, 4.76837158203125e-07, 8.940696716308594e-08, 0.9524368643760681, -0.2958812713623047, -0.07292738556861877, 0.30399999022483826, 0.9391523599624634, 0.15992720425128937, 0.02117062546312809, -0.17449064552783966, 0.9844312071800232),
            ["RightLowerLeg"] = CFrame.new(-4.470348358154297e-08, 1.1920928955078125e-07, -1.6931153368204832e-08, 1, -5.215408194203519e-08, -9.685758328714655e-08, 3.725290653733282e-08, 0.9507580399513245, 0.30993425846099854, -2.421439049271612e-08, -0.30993443727493286, 0.9507580995559692),
            ["LeftUpperLeg"] = CFrame.new(0, 2.71480530500412e-07, 0, 0.9630948901176453, 0.18630923330783844, 0.19426068663597107, -0.07418093085289001, 0.8774974346160889, -0.4738095700740814, -0.25873830914497375, 0.4419131875038147, 0.8589338660240173),
            ["LeftLowerLeg"] = CFrame.new(5.21540641784668e-08, -2.384185791015625e-07, -2.2351741790771484e-08, 1, 4.610048520703458e-08, 1.210719347000122e-08, -4.936010356004772e-08, 0.8281022310256958, 0.5605771541595459, 1.862645326866641e-08, -0.5605772137641907, 0.828102171421051),
        }},
        {Time = 0.167, Data = {
            ["RightFoot"] = CFrame.new(4.470348358154297e-08, 2.384185791015625e-07, 1.6596459317952394e-08, 0.9757753610610962, 0.21437636017799377, 0.043649908155202866, -0.184984490275383, 0.9149982929229736, -0.35855066776275635, -0.11680448800325394, 0.34179070591926575, 0.9324892163276672),
            ["LeftLowerArm"] = CFrame.new(0, 2.384185791015625e-07, 0, 1, 0, 7.264318924171675e-08, 0, 0.982356071472168, -0.18702009320259094, 0, 0.18702003359794617, 0.9823561906814575),
            ["LeftFoot"] = CFrame.new(8.288770914077759e-08, 0, 3.166496753692627e-08, 0.9966732859611511, -0.08136875182390213, -0.004629838280379772, 0.08009842038154602, 0.9884383082389832, -0.12873947620391846, 0.015051668509840965, 0.12794043123722076, 0.9916676878929138),
            ["Head"] = CFrame.new(8.847564458847046e-09, -5.960464477539062e-07, -2.991873770952225e-08, 0.9498746991157532, -0.0015199108747765422, 0.31262707710266113, 0.007969974540174007, 0.9997809529304504, -0.019354917109012604, -0.31252914667129517, 0.020876456052064896, 0.9496787786483765),
            ["LowerTorso"] = CFrame.new(-0.04262322559952736, -0.10146784782409668, 0.012815464287996292, 0.9570707678794861, 0.007298148237168789, -0.2897624969482422, 0.0014684891793876886, 0.999548077583313, 0.030025620013475418, 0.2898506820201874, -0.029162149876356125, 0.9566274881362915),
            ["UpperTorso"] = CFrame.new(3.259629011154175e-09, -2.9802322387695312e-08, -3.259629011154175e-09, 0.9989746809005737, 0.0033336146734654903, -0.04515066370368004, -0.0016015894943848252, 0.9992634654045105, 0.03834300860762596, 0.04524516314268112, -0.03823138773441315, 0.9982441067695618),
            ["HumanoidRootPart"] = CFrame.new(0, 0, 0, 1, 0, 0, 0, 1, 0, 0, 0, 1),
            ["RightUpperLeg"] = CFrame.new(5.960464477539063e-08, -2.1629966795444489e-07, -5.012407200410962e-08, 0.8942450881004333, -0.17659738659858704, -0.41126516461372375, 0.20114946365356445, 0.9794163107872009, 0.016812734305858612, 0.39983072876930237, -0.0977606326341629, 0.9113607406616211),
            ["LeftUpperArm"] = CFrame.new(0, -5.960464477539062e-07, 0, 0.8456503748893738, 0.4417688548564911, -0.29952630400657654, -0.4068796634674072, 0.8967751860618591, 0.17390598356723785, 0.34543392062187195, -0.025192486122250557, 0.9381048679351807),
            ["RightLowerArm"] = CFrame.new(1.1920928955078125e-07, 1.1920928955078125e-07, -1.1920928955078125e-07, 1, -3.911553747570906e-08, -1.4901166522918174e-08, 0, 0.9254888892173767, -0.37877482175827026, -7.4505820180093e-08, 0.3787747025489807, 0.9254888892173767),
            ["LeftHand"] = CFrame.new(0, 0, -5.960464477539063e-08, 0.9864093065261841, 0.09702154994010925, -0.13260284066200256, -0.14444272220134735, 0.8967084288597107, -0.418390154838562, 0.07831335812807083, 0.4318576157093048, 0.8985356092453003),
            ["RightHand"] = CFrame.new(4.76837158203125e-07, 4.172325134277344e-07, -8.940696716308594e-08, 0.9947832226753235, -0.10171777009963989, -0.0077304113656282425, 0.09911293536424637, 0.9816758036613464, -0.16275571286678314, 0.024144001305103302, 0.16114045679569244, 0.986636221408844),
            ["RightUpperArm"] = CFrame.new(0, -8.344650268554688e-07, -1.1920928955078125e-07, 0.9525758028030396, -0.2970097064971924, -0.06621742993593216, 0.3040105998516083, 0.9383727312088013, 0.16442088782787323, 0.013301877304911613, -0.17675408720970154, 0.9841651916503906),
            ["RightLowerLeg"] = CFrame.new(1.1920928955078125e-07, 4.172325134277344e-07, -1.3205863069742918e-08, 1, -2.6077039194660756e-08, -8.940698847936801e-08, 3.725289943190546e-08, 0.9514452219009399, 0.30781808495521545, -3.818422200652094e-08, -0.3078182637691498, 0.9514452219009399),
            ["LeftUpperLeg"] = CFrame.new(-1.1920928955078125e-07, -2.377200871706009e-07, 2.9802322387695312e-08, 0.963154137134552, 0.1865013837814331, 0.19378188252449036, -0.07506193965673447, 0.8782857060432434, -0.47220760583877563, -0.2582632303237915, 0.4402630031108856, 0.8599236607551575),
            ["LeftLowerLeg"] = CFrame.new(3.5390257835388184e-08, -1.7881393432617188e-07, -1.862645149230957e-08, 1, 4.423782584694891e-08, 1.4901166522918174e-08, -5.02914261346632e-08, 0.8295444846153259, 0.5584408640861511, 1.4901162970204496e-08, -0.5584407448768616, 0.8295444250106812),
        }},
        {Time = 0.200, Data = {
            ["RightFoot"] = CFrame.new(1.862645149230957e-08, 4.172325134277344e-07, 1.6952981241047382e-09, 0.9764442443847656, 0.21118563413619995, 0.044243618845939636, -0.18213847279548645, 0.9166676998138428, -0.35573261976242065, -0.11568240821361542, 0.33929502964019775, 0.9335399270057678),
            ["LeftLowerArm"] = CFrame.new(2.384185791015625e-07, 3.5762786865234375e-07, 1.1920928955078125e-07, 1, -1.4901159417490817e-08, 6.519257311765614e-08, 7.4505820180093e-08, 0.9778637886047363, -0.20924246311187744, 7.450582373280668e-09, 0.20924243330955505, 0.9778637886047363),
            ["LeftFoot"] = CFrame.new(-3.166496753692627e-08, -5.960464477539063e-08, -9.313225746154785e-09, 0.9965025782585144, -0.08347464352846146, -0.003821797203272581, 0.08241140097379684, 0.9893159866333008, -0.12025914341211319, 0.013819591142237186, 0.11952358484268188, 0.9927352070808411),
            ["Head"] = CFrame.new(-6.984919309616089e-09, 1.1920928955078125e-07, 5.820766091346741e-09, 0.9531205296516418, -0.012397944927215576, 0.3023371994495392, 0.01834946498274803, 0.9996896386146545, -0.01685245707631111, -0.3020343780517578, 0.02161024883389473, 0.9530521035194397),
            ["LowerTorso"] = CFrame.new(-0.03905520215630531, -0.09961545467376709, 0.017660871148109436, 0.9577154517173767, 0.006141962483525276, -0.28765180706977844, 0.0018186521483585238, 0.9996230006217957, 0.02739908918738365, 0.28771165013313293, -0.026763666421175003, 0.9573430418968201),
            ["UpperTorso"] = CFrame.new(-2.561137080192566e-09, -2.9802322387695312e-08, -1.3969838619232178e-08, 0.9991517663002014, 0.009584500454366207, -0.04004955664277077, -0.00788301881402731, 0.9990684390068054, 0.04242829605937004, 0.040418896824121475, -0.04207659512758255, 0.9982964992523193),
            ["HumanoidRootPart"] = CFrame.new(0, 0, 0, 1, 0, 0, 0, 1, 0, 0, 0, 1),
            ["RightUpperLeg"] = CFrame.new(5.960464477539063e-08, -2.849847078323364e-07, -1.6596459317952394e-08, 0.8938339948654175, -0.17195847630500793, -0.41411498188972473, 0.1986222118139267, 0.9798327684402466, 0.02184099517762661, 0.4020077586174011, -0.10177487879991531, 0.90996253490448),
            ["LeftUpperArm"] = CFrame.new(5.960464477539063e-08, -2.384185791015625e-07, 5.960464477539063e-08, 0.8439614176750183, 0.44209781289100647, -0.30377426743507385, -0.40794485807418823, 0.8967220187187195, 0.17167039215564728, 0.34829625487327576, -0.020959900692105293, 0.9371501803398132),
            ["RightLowerArm"] = CFrame.new(0, 2.980232238769531e-07, 0, 1, -5.5879340266073996e-08, 3.3527612686157227e-08, 1.4901164746561335e-08, 0.9265499114990234, -0.37617188692092896, 5.215407838932151e-08, 0.3761718273162842, 0.9265499114990234),
            ["LeftHand"] = CFrame.new(-1.1920928955078125e-07, -2.980232238769531e-07, -2.2351741790771484e-08, 0.9857720136642456, 0.0995696559548378, -0.1354234218597412, -0.1448047161102295, 0.9121618270874023, -0.3833961486816406, 0.0853533074259758, 0.39755114912986755, 0.9136015772819519),
            ["RightHand"] = CFrame.new(2.682209014892578e-07, 5.960464477539063e-08, 0, 0.9935235977172852, -0.11145119369029999, 0.02212819643318653, 0.11351611465215683, 0.9821367859840393, -0.15007172524929047, -0.005007356870919466, 0.15161173045635223, 0.988427460193634),
            ["RightUpperArm"] = CFrame.new(-1.1920928955078125e-07, -2.384185791015625e-07, 4.470348358154297e-08, 0.9534755349159241, -0.2970369756221771, -0.05151265487074852, 0.3014661967754364, 0.9385204911231995, 0.16821850836277008, -0.0016213713679462671, -0.1759215146303177, 0.9844028949737549),
            ["RightLowerLeg"] = CFrame.new(1.4901161193847656e-08, 1.1920928955078125e-07, 6.875052349641919e-08, 1, 1.862645326866641e-08, -4.4703497792397684e-08, 3.725290298461914e-08, 0.9531282186508179, 0.3025669455528259, -1.30385160446167e-08, -0.3025670349597931, 0.9531282186508179),
            ["LeftUpperLeg"] = CFrame.new(-1.1920928955078125e-07, -2.5727786123752594e-07, -2.2351741790771484e-08, 0.9637364149093628, 0.1868385672569275, 0.19053494930267334, -0.07826974242925644, 0.8805051445960999, -0.4675302505493164, -0.2551197111606598, 0.4356628954410553, 0.8631985783576965),
            ["LeftLowerLeg"] = CFrame.new(-4.0978193283081055e-08, -2.384185791015625e-07, 8.940696716308594e-08, 1, 6.007031316812572e-08, 1.769513069405093e-08, -3.5390254282674505e-08, 0.8357586860656738, 0.5490970611572266, 1.1175869119028903e-08, -0.549096941947937, 0.835758626461029),
        }},
        {Time = 0.233, Data = {
            ["RightFoot"] = CFrame.new(1.4901161193847656e-08, 2.980232238769531e-07, -8.026108844205737e-08, 0.9781762361526489, 0.2026733160018921, 0.04576936364173889, -0.17393262684345245, 0.919230043888092, -0.35321876406669617, -0.11366058140993118, 0.33754974603652954, 0.9344205260276794),
            ["LeftLowerArm"] = CFrame.new(-5.960464477539063e-08, 1.7881393432617188e-07, 0, 1, -2.9802322387695312e-08, -1.955777229056821e-08, -1.862645149230957e-08, 0.9715980887413025, -0.23663733899593353, 3.725290298461914e-08, 0.23663736879825592, 0.9715981483459473),
            ["LeftFoot"] = CFrame.new(-1.2852251529693604e-07, 0, 2.0489096641540527e-08, 0.9959841370582581, -0.0894903689622879, -0.0026613958179950714, 0.0889531597495079, 0.9924997687339783, -0.08385488390922546, 0.010145721957087517, 0.08328136056661606, 0.9964745044708252),
            ["Head"] = CFrame.new(4.656612873077393e-10, -4.76837158203125e-07, 1.5832483768463135e-08, 0.957067608833313, -0.020535314455628395, 0.2891367971897125, 0.026593387126922607, 0.9995011687278748, -0.01703890785574913, -0.2886425852775574, 0.023996617645025253, 0.9571362137794495),
            ["LowerTorso"] = CFrame.new(-0.03017931617796421, -0.0966724157333374, 0.03209083154797554, 0.9596338868141174, 0.0027887090109288692, -0.2812383472919464, 0.003615026129409671, 0.9997459650039673, 0.022248394787311554, 0.2812289595603943, -0.022366998717188835, 0.959380030632019),
            ["UpperTorso"] = CFrame.new(1.862645149230957e-09, -2.9802322387695312e-08, -6.51925802230835e-09, 0.9994124174118042, 0.007941207848489285, -0.03334256634116173, -0.006047203205525875, 0.9983828663825989, 0.05652577802538872, 0.03373751789331436, -0.05629093945026398, 0.9978442788124084),
            ["HumanoidRootPart"] = CFrame.new(0, 0, 0, 1, 0, 0, 0, 1, 0, 0, 0, 1),
            ["RightUpperLeg"] = CFrame.new(1.1920928955078125e-07, -1.3632234185934067e-07, -1.6952981241047382e-09, 0.8925246000289917, -0.16154566407203674, -0.4210735559463501, 0.19040025770664215, 0.9813327193260193, 0.027089623734354973, 0.40883708000183105, -0.104350745677948, 0.9066219329833984),
            ["LeftUpperArm"] = CFrame.new(-1.1920928955078125e-07, -5.960464477539062e-07, 4.470348358154297e-08, 0.8348290324211121, 0.45284292101860046, -0.31304028630256653, -0.4214848577976227, 0.8915674090385437, 0.16570423543453217, 0.354134202003479, -0.006393119692802429, 0.9351727366447449),
            ["RightLowerArm"] = CFrame.new(0, -2.384185791015625e-07, -1.7881393432617188e-07, 1, -5.6810691262398905e-08, 2.2351734685344127e-08, -7.450580596923828e-09, 0.9265531301498413, -0.3761638104915619, 1.4901161193847656e-08, 0.3761639893054962, 0.9265531897544861),
            ["LeftHand"] = CFrame.new(-5.960464477539063e-08, -1.7881393432617188e-07, -3.725290298461914e-09, 0.9855853319168091, 0.08872811496257782, -0.14404475688934326, -0.1337851881980896, 0.9299131631851196, -0.34258291125297546, 0.10355249047279358, 0.35691580176353455, 0.9283792972564697),
            ["RightHand"] = CFrame.new(-2.682209014892578e-07, 1.1920928955078125e-07, 4.470348358154297e-08, 0.9911194443702698, -0.1153644472360611, 0.066131092607975, 0.12389165163040161, 0.9817780256271362, -0.14409364759922028, -0.0483027920126915, 0.1510070264339447, 0.9873518943786621),
            ["RightUpperArm"] = CFrame.new(1.1920928955078125e-07, -2.384185791015625e-07, 1.4901161193847656e-08, 0.9567542672157288, -0.28856369853019714, -0.036775633692741394, 0.29062384366989136, 0.9427016377449036, 0.16386397182941437, -0.012616725638508797, -0.16746550798416138, 0.9857972860336304),
            ["RightLowerLeg"] = CFrame.new(-1.4901161193847656e-08, 1.1920928955078125e-07, -1.3205863069742918e-08, 1, -1.1175873559921001e-08, -1.266598985694145e-07, 5.960464477539063e-08, 0.9537964463233948, 0.30045366287231445, 0, -0.300453782081604, 0.9537965059280396),
            ["LeftUpperLeg"] = CFrame.new(0, -5.541369318962097e-08, -2.9802322387695312e-08, 0.9656023979187012, 0.19264079630374908, 0.17464685440063477, -0.08759267628192902, 0.8733879327774048, -0.47908350825309753, -0.2448255866765976, 0.4473063349723816, 0.8602194786071777),
            ["LeftLowerLeg"] = CFrame.new(3.3527612686157227e-08, -2.980232238769531e-07, -5.960464477539063e-08, 1, 4.749746196353044e-08, 1.4901164746561335e-08, -4.0978193283081055e-08, 0.8309714198112488, 0.5563150644302368, 1.862645149230957e-08, -0.5563151240348816, 0.8309714794158936),
        }},
        {Time = 0.267, Data = {
            ["RightFoot"] = CFrame.new(-7.450580596923828e-09, 4.172325134277344e-07, 6.875052349641919e-08, 0.9806657433509827, 0.18912896513938904, 0.050250615924596786, -0.16216063499450684, 0.9291244149208069, -0.3323121964931488, -0.1095389872789383, 0.3177388608455658, 0.9418299794197083),
            ["LeftLowerArm"] = CFrame.new(-8.940696716308594e-08, -1.7881393432617188e-07, 1.7881393432617188e-07, 1, -4.4703494239684005e-08, 2.2911979868922572e-08, 7.450580596923828e-09, 0.9662140607833862, -0.25774118304252625, -7.450580596923828e-09, 0.2577413320541382, 0.9662140011787415),
            ["LeftFoot"] = CFrame.new(5.029141902923584e-08, 0, -3.725290298461914e-09, 0.9950026273727417, -0.09982816874980927, -0.0020692439284175634, 0.09980786591768265, 0.9949721097946167, -0.008313723839819431, 0.0028887910302728415, 0.00806556548923254, 0.9999632835388184),
            ["Head"] = CFrame.new(-9.313225746154785e-10, 0, -6.984919309616089e-09, 0.9614775776863098, -0.02296620048582554, 0.2739221751689911, 0.030004339292645454, 0.9993178248405457, -0.0215314831584692, -0.2732407748699188, 0.02892097644507885, 0.9615108370780945),
            ["LowerTorso"] = CFrame.new(-0.015835152938961983, -0.08861839771270752, 0.0557410828769207, 0.9634653925895691, -0.0046509429812431335, -0.2677924335002899, 0.00856183934956789, 0.9998730421066284, 0.013438329100608826, 0.26769593358039856, -0.01524016261100769, 0.9633829593658447),
            ["UpperTorso"] = CFrame.new(-9.313225746154785e-10, -2.980232238769531e-07, 3.725290298461914e-09, 0.9996989369392395, -0.0009306417778134346, -0.024516863748431206, 0.002896758960559964, 0.9967679977416992, 0.0802815780043602, 0.02436286397278309, -0.08032841235399246, 0.9964707493782043),
            ["HumanoidRootPart"] = CFrame.new(0, 0, 0, 1, 0, 0, 0, 1, 0, 0, 0, 1),
            ["RightUpperLeg"] = CFrame.new(0, -1.748558133840561e-07, 2.029992174357176e-09, 0.8881959915161133, -0.13358555734157562, -0.4396168291568756, 0.17583385109901428, 0.9827905893325806, 0.05661345645785332, 0.42448851466178894, -0.12758342921733856, 0.8963994979858398),
            ["LeftUpperArm"] = CFrame.new(-3.5762786865234375e-07, 7.152557373046875e-07, 2.9802322387695312e-08, 0.8172759413719177, 0.4708244502544403, -0.33224162459373474, -0.44563376903533936, 0.8819394707679749, 0.15360155701637268, 0.36533620953559875, 0.022523032501339912, 0.9306030869483948),
            ["RightLowerArm"] = CFrame.new(1.1920928955078125e-07, 1.7881393432617188e-07, -2.9802322387695312e-08, 1, -1.769513069405093e-08, 2.60770232074492e-08, 1.4901161193847656e-08, 0.9330981373786926, -0.3596218526363373, 4.470348358154297e-08, 0.359622061252594, 0.9330981373786926),
            ["LeftHand"] = CFrame.new(0, -2.384185791015625e-07, -7.578637450933456e-08, 0.9819186925888062, 0.06279128044843674, -0.1785864382982254, -0.11827245354652405, 0.9400880336761475, -0.3197596073150635, 0.1478089541196823, 0.3350996971130371, 0.9305163621902466),
            ["RightHand"] = CFrame.new(-1.9371509552001953e-07, -2.980232238769531e-07, 5.960464477539063e-08, 0.9857377409934998, -0.10308417677879333, 0.13302190601825714, 0.12377794831991196, 0.9796384572982788, -0.15807488560676575, -0.11401847004890442, 0.17228558659553528, 0.9784260392189026),
            ["RightUpperArm"] = CFrame.new(1.1920928955078125e-07, -2.384185791015625e-07, -2.9802322387695312e-08, 0.9635051488876343, -0.26749640703201294, -0.010178270749747753, 0.26646047830581665, 0.954745888710022, 0.13213348388671875, -0.025627490133047104, -0.1300235539674759, 0.9911797046661377),
            ["RightLowerLeg"] = CFrame.new(-1.4901161193847656e-08, 2.980232238769531e-07, 2.4047039914876223e-08, 1, -3.725290742551124e-09, -8.195642919872625e-08, 2.2351745343485163e-08, 0.9655115604400635, 0.2603603005409241, -3.725290742551124e-09, -0.2603604197502136, 0.9655115604400635),
            ["LeftUpperLeg"] = CFrame.new(-5.960464477539063e-08, -2.3096799850463867e-07, -5.587935447692871e-09, 0.9689044952392578, 0.20152504742145538, 0.14356832206249237, -0.10494992882013321, 0.86015784740448, -0.4991133511066437, -0.22407522797584534, 0.4685257077217102, 0.8545606732368469),
