return {
["backflip fail"] = {

          {Time = 0.000, Data = {

              ["Head"] = CFrame.new(0.000000, 0.000000, 0.000000, 1.000000, 0.000000, 0.000000, 0.000000, 1.000000, -0.000000, 0.000000, 0.000000, 1.000000),

              ["LeftFoot"] = CFrame.new(0.000000, -0.002198, -0.000003, 0.995742, -0.070513, -0.059374, 0.070637, 0.997502, -0.000012, 0.059223, -0.004171, 0.998236),

              ["LeftHand"] = CFrame.new(0.000558, -0.088700, -0.000000, 0.999707, -0.021302, 0.011510, 0.021264, 0.999768, 0.003458, -0.011580, -0.003211, 0.999928),

              ["LeftLowerArm"] = CFrame.new(-0.000497, -0.088795, 0.000483, 1.000000, -0.000000, -0.000000, 0.000000, 1.000000, -0.000001, 0.000000, -0.000000, 1.000000),

              ["LeftLowerLeg"] = CFrame.new(-0.000000, -0.001791, 0.000077, 1.000000, -0.000000, 0.000000, -0.000000, 1.000000, -0.000008, 0.000000, -0.000011, 1.000000),

              ["LeftUpperArm"] = CFrame.new(0.141322, -0.005116, -0.010972, 0.999707, 0.021264, -0.011580, -0.010232, -0.062435, -0.997997, -0.021945, 0.997822, -0.062199),

              ["LeftUpperLeg"] = CFrame.new(0.000000, -0.000000, -0.000100, 0.995742, 0.070637, 0.059225, -0.070513, 0.997502, -0.004174, -0.059372, -0.000012, 0.998236),

              ["LowerTorso"] = CFrame.new(0.000000, 0.000000, 0.000000, 1.000000, 0.000000, -0.000000, 0.000000, 1.000000, 0.000000, 0.000000, 0.000000, 1.000000),

              ["RightFoot"] = CFrame.new(0.000000, -0.001998, -0.000103, 0.995742, 0.070513, 0.059374, -0.070637, 0.997502, -0.000012, -0.059223, -0.004171, 0.998236),

              ["RightHand"] = CFrame.new(-0.000552, -0.078514, 0.000000, 0.999715, 0.021001, -0.011330, -0.021526, 0.998594, -0.048436, 0.010296, 0.048667, 0.998762),

              ["RightLowerArm"] = CFrame.new(-0.000002, -0.078421, 0.000427, 1.000000, 0.000000, 0.000000, -0.000000, 1.000000, -0.000001, -0.000000, -0.000000, 1.000000),

              ["RightLowerLeg"] = CFrame.new(-0.000000, -0.001991, -0.000023, 1.000000, 0.000000, 0.000000, 0.000000, 1.000000, -0.000008, -0.000000, -0.000011, 1.000000),

              ["RightUpperArm"] = CFrame.new(-0.123642, 0.012752, -0.010865, 0.999715, -0.021526, 0.010296, 0.009862, -0.020190, -0.999748, 0.021729, 0.999564, -0.019971),

              ["RightUpperLeg"] = CFrame.new(0.000000, -0.000000, -0.000000, 0.995742, -0.070637, -0.059225, 0.070513, 0.997502, -0.004174, 0.059372, -0.000012, 0.998236),

              ["UpperTorso"] = CFrame.new(0.000000, 0.000000, 0.000000, 1.000000, 0.000000, 0.000000, 0.000000, 1.000000, 0.000000, -0.000000, 0.000000, 1.000000)

          }},

          {Time = 0.020, Data = {

              ["Head"] = CFrame.new(0.000000, -0.000000, 0.000000, 1.000000, 0.000000, 0.000000, 0.000000, 0.999993, -0.003655, 0.000000, 0.003655, 0.999993),

              ["LeftFoot"] = CFrame.new(0.000000, -0.000335, -0.000003, 0.995730, -0.070620, -0.059464, 0.070798, 0.997490, 0.000880, 0.059249, -0.005075, 0.998230),

              ["LeftHand"] = CFrame.new(0.000553, -0.079724, -0.000000, 0.999705, -0.021352, 0.011538, 0.021457, 0.999729, -0.009030, -0.011341, 0.009276, 0.999893),

              ["LeftLowerArm"] = CFrame.new(-0.000498, -0.079828, 0.000434, 1.000000, -0.000000, -0.000000, 0.000000, 1.000000, -0.000001, 0.000000, -0.000000, 1.000000),

              ["LeftLowerLeg"] = CFrame.new(-0.000000, 0.000066, 0.000102, 1.000000, -0.000000, 0.000000, -0.000000, 1.000000, -0.000008, 0.000000, -0.000011, 1.000000),

              ["LeftUpperArm"] = CFrame.new(0.141320, -0.005303, -0.010943, 0.999704, 0.021447, -0.011466, -0.010606, -0.039804, -0.999151, -0.021885, 0.998977, -0.039565),

              ["LeftUpperLeg"] = CFrame.new(0.000000, -0.000000, -0.000100, 0.995730, 0.070797, 0.059251, -0.070422, 0.997482, -0.008405, -0.059697, 0.004204, 0.998208),

              ["LowerTorso"] = CFrame.new(0.000000, -0.003965, 0.001534, 1.000000, -0.000000, -0.000000, 0.000000, 0.999994, 0.003333, 0.000000, -0.003333, 0.999994),

              ["RightFoot"] = CFrame.new(-0.000000, -0.000135, -0.000103, 0.995730, 0.070620, 0.059464, -0.070798, 0.997490, 0.000880, -0.059249, -0.005075, 0.998230),

              ["RightHand"] = CFrame.new(-0.000546, -0.069429, 0.000000, 0.999706, 0.021329, -0.011521, -0.021983, 0.997957, -0.059995, 0.010218, 0.060231, 0.998132),

              ["RightLowerArm"] = CFrame.new(-0.000002, -0.069345, 0.000378, 1.000000, 0.000000, 0.000000, -0.000000, 1.000000, -0.000001, -0.000000, -0.000000, 1.000000),

              ["RightLowerLeg"] = CFrame.new(0.000000, -0.000134, 0.000002, 1.000000, 0.000000, 0.000000, 0.000000, 1.000000, -0.000008, -0.000000, -0.000011, 1.000000),

              ["RightUpperArm"] = CFrame.new(-0.123639, 0.012438, -0.010874, 0.999708, -0.021763, 0.010462, 0.010491, 0.001252, -0.999944, 0.021748, 0.999762, 0.001480),

              ["RightUpperLeg"] = CFrame.new(0.000000, -0.000000, -0.000000, 0.995730, -0.070797, -0.059251, 0.070422, 0.997482, -0.008405, 0.059697, 0.004204, 0.998208),

              ["UpperTorso"] = CFrame.new(0.000000, -0.000014, 0.000021, 1.000000, 0.000000, 0.000000, -0.000000, 0.999999, 0.001095, -0.000000, -0.001095, 0.999999)

          }},

          {Time = 0.040, Data = {

              ["Head"] = CFrame.new(0.000000, 0.000000, 0.000000, 1.000000, 0.000000, 0.000000, 0.000000, 0.999900, -0.014124, 0.000000, 0.014124, 0.999900),

              ["LeftFoot"] = CFrame.new(-0.000000, 0.001836, -0.000003, 0.995692, -0.070927, -0.059722, 0.069635, 0.997297, -0.023442, 0.061220, 0.019190, 0.997940),

              ["LeftHand"] = CFrame.new(0.000538, -0.056816, -0.000000, 0.999703, -0.021457, 0.011596, 0.021927, 0.998877, -0.042000, -0.010682, 0.042243, 0.999050),

              ["LeftLowerArm"] = CFrame.new(-0.000498, -0.056947, 0.000310, 1.000000, -0.000000, -0.000000, 0.000000, 1.000000, -0.000001, 0.000000, -0.000000, 1.000000),

              ["LeftLowerLeg"] = CFrame.new(0.000000, 0.007929, -0.000047, 1.000000, -0.000000, -0.000000, 0.000000, 0.998358, 0.057261, -0.000000, -0.057279, 0.998359),

              ["LeftUpperArm"] = CFrame.new(0.141317, -0.005850, -0.010821, 0.999697, 0.021911, -0.011185, -0.011699, 0.023487, -0.999656, -0.021641, 0.999484, 0.023736),

              ["LeftUpperLeg"] = CFrame.new(0.000000, -0.000000, -0.000100, 0.995692, 0.073027, 0.057133, -0.070153, 0.996243, -0.050778, -0.060627, 0.046560, 0.997074),

              ["LowerTorso"] = CFrame.new(0.000000, -0.015288, 0.005941, 1.000000, -0.000000, -0.000000, 0.000000, 0.999917, 0.012855, 0.000000, -0.012855, 0.999917),

              ["RightFoot"] = CFrame.new(0.000000, 0.002036, -0.000103, 0.995692, 0.070927, 0.059722, -0.069635, 0.997297, -0.023442, -0.061220, 0.019190, 0.997940),

              ["RightHand"] = CFrame.new(-0.000530, -0.045876, 0.000000, 0.999680, 0.022232, -0.012048, -0.023233, 0.995628, -0.090470, 0.009984, 0.090721, 0.995826),

              ["RightLowerArm"] = CFrame.new(-0.000001, -0.045821, 0.000249, 1.000000, 0.000000, 0.000000, -0.000000, 1.000000, -0.000001, -0.000000, -0.000000, 1.000000),

              ["RightLowerLeg"] = CFrame.new(-0.000000, 0.007729, -0.000147, 1.000000, 0.000000, 0.000000, -0.000000, 0.998358, 0.057261, -0.000000, -0.057279, 0.998359),

              ["RightUpperArm"] = CFrame.new(-0.123629, 0.011500, -0.010840, 0.999688, -0.022398, 0.011012, 0.012366, 0.061257, -0.998046, 0.021680, 0.997871, 0.061515),

              ["RightUpperLeg"] = CFrame.new(0.000000, -0.000000, -0.000000, 0.995692, -0.073027, -0.057133, 0.070153, 0.996243, -0.050778, 0.060627, 0.046560, 0.997074),

              ["UpperTorso"] = CFrame.new(0.000000, -0.000056, 0.000082, 1.000000, 0.000000, 0.000000, -0.000000, 0.999991, 0.004247, -0.000000, -0.004247, 0.999991)

          }},

          {Time = 0.060, Data = {

              ["Head"] = CFrame.new(0.000000, 0.000000, -0.000000, 1.000000, 0.000000, 0.000000, 0.000000, 0.999530, -0.030671, 0.000000, 0.030671, 0.999530),

              ["LeftFoot"] = CFrame.new(0.000000, 0.004389, -0.000003, 0.995633, -0.071412, -0.060131, 0.067759, 0.995850, -0.060761, 0.064217, 0.056424, 0.996339),

              ["LeftHand"] = CFrame.new(0.000519, -0.028536, -0.000000, 0.999703, -0.021458, 0.011595, 0.022405, 0.995790, -0.088879, -0.009639, 0.089113, 0.995975),

              ["LeftLowerArm"] = CFrame.new(-0.000499, -0.028700, 0.000156, 1.000000, -0.000000, -0.000000, 0.000000, 1.000000, -0.000001, 0.000000, -0.000000, 1.000000),

              ["LeftLowerLeg"] = CFrame.new(-0.000000, 0.019181, -0.000926, 1.000000, -0.000000, 0.000000, 0.000000, 0.989392, 0.145253, -0.000000, -0.145270, 0.989395),

              ["LeftUpperArm"] = CFrame.new(0.141313, -0.006725, -0.010490, 0.999689, 0.022463, -0.010791, -0.013450, 0.121794, -0.992464, -0.020980, 0.992301, 0.122059),

              ["LeftUpperLeg"] = CFrame.new(0.000000, -0.000000, -0.000100, 0.995633, 0.076368, 0.053695, -0.069710, 0.990740, -0.116497, -0.062095, 0.112256, 0.991739),

              ["LowerTorso"] = CFrame.new(0.000000, -0.033084, 0.012926, 1.000000, -0.000000, -0.000000, 0.000000, 0.999612, 0.027854, 0.000000, -0.027854, 0.999612),

              ["RightFoot"] = CFrame.new(-0.000000, 0.004589, -0.000103, 0.995633, 0.071412, 0.060131, -0.067759, 0.995850, -0.060761, -0.064217, 0.056424, 0.996339),

              ["RightHand"] = CFrame.new(-0.000510, -0.015760, -0.000000, 0.999643, 0.023480, -0.012777, -0.024981, 0.990681, -0.133893, 0.009514, 0.134164, 0.990913),

              ["RightLowerArm"] = CFrame.new(-0.000000, -0.015741, 0.000086, 1.000000, 0.000000, 0.000000, -0.000000, 1.000000, -0.000001, -0.000000, -0.000000, 1.000000),

              ["RightLowerLeg"] = CFrame.new(0.000000, 0.018981, -0.001026, 1.000000, 0.000000, -0.000000, -0.000000, 0.989392, 0.145253, 0.000000, -0.145270, 0.989395),

              ["RightUpperArm"] = CFrame.new(-0.123613, 0.009947, -0.010561, 0.999657, -0.023264, 0.012014, 0.015474, 0.154767, -0.987830, 0.021121, 0.987677, 0.155074),

              ["RightUpperLeg"] = CFrame.new(0.000000, -0.000000, -0.000000, 0.995633, -0.076368, -0.053695, 0.069710, 0.990740, -0.116497, 0.062095, 0.112257, 0.991739),

              ["UpperTorso"] = CFrame.new(0.000000, -0.000127, 0.000182, 1.000000, 0.000000, 0.000000, -0.000000, 0.999957, 0.009269, -0.000000, -0.009269, 0.999957)

          }},

          {Time = 0.080, Data = {

              ["Head"] = CFrame.new(0.000000, 0.000000, -0.000000, 1.000000, 0.000000, 0.000000, 0.000000, 0.998618, -0.052556, 0.000000, 0.052556, 0.998618),

              ["LeftFoot"] = CFrame.new(0.000000, 0.006800, -0.000003, 0.995554, -0.072056, -0.060673, 0.065614, 0.992597, -0.102212, 0.067585, 0.097773, 0.992911),

              ["LeftHand"] = CFrame.new(0.000503, -0.004208, -0.000000, 0.999712, -0.021134, 0.011407, 0.022524, 0.989889, -0.140049, -0.008332, 0.140265, 0.990079),

              ["LeftLowerArm"] = CFrame.new(-0.000500, -0.004403, 0.000024, 1.000000, -0.000000, -0.000000, 0.000000, 1.000000, -0.000001, 0.000000, -0.000000, 1.000000),

              ["LeftLowerLeg"] = CFrame.new(-0.000000, 0.031305, -0.002866, 1.000000, -0.000000, -0.000000, 0.000000, 0.969753, 0.244074, -0.000000, -0.244089, 0.969757),

              ["LeftUpperArm"] = CFrame.new(0.141311, -0.007867, -0.009782, 0.999685, 0.022843, -0.010416, -0.015734, 0.246712, -0.968961, -0.019564, 0.968820, 0.246994),

              ["LeftUpperLeg"] = CFrame.new(0.000000, -0.000000, -0.000100, 0.995554, 0.080126, 0.049528, -0.069086, 0.978501, -0.194312, -0.064033, 0.190039, 0.979689),

              ["LowerTorso"] = CFrame.new(0.000000, -0.056447, 0.022192, 1.000000, -0.000000, -0.000000, 0.000000, 0.998866, 0.047608, 0.000000, -0.047608, 0.998866),

              ["RightFoot"] = CFrame.new(-0.000000, 0.007000, -0.000103, 0.995554, 0.072056, 0.060673, -0.065614, 0.992597, -0.102212, -0.067585, 0.097773, 0.992911),

              ["RightHand"] = CFrame.new(-0.000498, 0.003218, 0.000000, 0.999602, 0.024741, -0.013541, -0.026137, 0.993009, -0.115110, 0.010599, 0.115418, 0.993260),

              ["RightLowerArm"] = CFrame.new(-0.000000, 0.016858, 0.000917, 1.000000, 0.000000, 0.000000, -0.000000, 0.990520, -0.137371, -0.000000, 0.137370, 0.990520),

              ["RightLowerLeg"] = CFrame.new(0.000000, 0.031105, -0.002966, 1.000000, 0.000000, -0.000000, -0.000000, 0.969753, 0.244074, 0.000000, -0.244089, 0.969757),

              ["RightUpperArm"] = CFrame.new(-0.123592, 0.007794, -0.009718, 0.999616, -0.025025, 0.011945, 0.019778, 0.341498, -0.939674, 0.019436, 0.939549, 0.341862),

              ["RightUpperLeg"] = CFrame.new(0.000000, -0.000000, -0.000000, 0.995554, -0.080126, -0.049528, 0.069086, 0.978501, -0.194312, 0.064033, 0.190039, 0.979689),

              ["UpperTorso"] = CFrame.new(0.000000, -0.000231, 0.000317, 1.000000, 0.000000, 0.000000, -0.000000, 0.999872, 0.015985, -0.000000, -0.015985, 0.999872)

          }},

          {Time = 0.100, Data = {

              ["Head"] = CFrame.new(0.000000, 0.000000, 0.000000, 1.000000, 0.000000, 0.000000, 0.000000, 0.996873, -0.079024, 0.000000, 0.079024, 0.996873),

              ["LeftFoot"] = CFrame.new(0.000000, 0.008999, -0.000003, 0.995456, -0.072839, -0.061332, 0.063406, 0.987579, -0.143769, 0.071038, 0.139218, 0.987709),

              ["LeftHand"] = CFrame.new(0.000498, 0.002673, -0.000000, 0.999734, -0.020305, 0.010944, 0.021548, 0.991409, -0.129012, -0.008230, 0.129213, 0.991583),

              ["LeftLowerArm"] = CFrame.new(-0.000500, 0.013029, 0.000542, 1.000000, -0.000000, -0.000000, 0.000000, 0.994344, -0.106205, 0.000000, 0.106204, 0.994344),

              ["LeftLowerLeg"] = CFrame.new(-0.000000, 0.043265, -0.005904, 1.000000, -0.000000, -0.000000, 0.000000, 0.938974, 0.343976, -0.000000, -0.343988, 0.938978),

              ["LeftUpperArm"] = CFrame.new(0.141311, -0.009182, -0.008541, 0.999686, 0.023353, -0.009143, -0.018363, 0.433294, -0.901066, -0.017081, 0.900950, 0.433587),

              ["LeftUpperLeg"] = CFrame.new(0.000000, -0.000000, -0.000100, 0.995456, 0.083973, 0.044895, -0.068275, 0.958095, -0.278181, -0.066374, 0.273867, 0.959479),

              ["LowerTorso"] = CFrame.new(0.000000, -0.084461, 0.033437, 1.000000, -0.000000, -0.000000, 0.000000, 0.997449, 0.071389, 0.000000, -0.071389, 0.997449),

              ["RightFoot"] = CFrame.new(-0.000000, 0.009199, -0.000103, 0.995456, 0.072839, 0.061332, -0.063405, 0.987579, -0.143769, -0.071038, 0.139218, 0.987709),

              ["RightHand"] = CFrame.new(-0.000496, 0.006307, -0.000000, 0.999570, 0.025689, -0.014131, -0.026613, 0.997216, -0.069659, 0.012302, 0.070005, 0.997471),

              ["RightLowerArm"] = CFrame.new(0.000000, 0.036699, 0.004755, 1.000000, 0.000000, 0.000000, -0.000000, 0.951541, -0.307523, -0.000000, 0.307523, 0.951541),

              ["RightLowerLeg"] = CFrame.new(0.000000, 0.043065, -0.006004, 1.000000, 0.000000, 0.000000, -0.000000, 0.938974, 0.343976, 0.000000, -0.343988, 0.938978),

              ["RightUpperArm"] = CFrame.new(-0.123564, 0.005149, -0.007937, 0.999560, -0.027020, 0.012260, 0.025069, 0.547964, -0.836126, 0.015874, 0.836066, 0.548400),

              ["RightUpperLeg"] = CFrame.new(0.000000, -0.000000, -0.000000, 0.995456, -0.083973, -0.044895, 0.068275, 0.958095, -0.278181, 0.066374, 0.273867, 0.959479),

              ["UpperTorso"] = CFrame.new(0.000000, -0.000372, 0.000483, 1.000000, 0.000000, 0.000000, -0.000000, 0.999707, 0.024215, -0.000000, -0.024215, 0.999707)

          }},

          {Time = 0.120, Data = {

              ["Head"] = CFrame.new(0.000000, 0.000000, -0.000000, 1.000000, 0.000000, 0.000000, 0.000000, 0.994009, -0.109299, 0.000000, 0.109299, 0.994009),

              ["LeftFoot"] = CFrame.new(-0.000000, 0.011006, -0.000003, 0.995343, -0.073741, -0.062092, 0.061288, 0.981227, -0.182872, 0.074407, 0.178201, 0.981174),

              ["LeftHand"] = CFrame.new(0.000498, 0.002987, 0.000000, 0.999769, -0.018959, 0.010161, 0.020143, 0.990905, -0.133045, -0.007546, 0.133218, 0.991058),

              ["LeftLowerArm"] = CFrame.new(-0.000500, 0.014821, 0.000710, 1.000000, -0.000000, -0.000000, 0.000000, 0.992635, -0.121141, 0.000000, 0.121140, 0.992635),

              ["LeftLowerLeg"] = CFrame.new(0.000000, 0.054460, -0.009871, 1.000000, -0.000000, -0.000000, 0.000000, 0.898693, 0.438571, -0.000000, -0.438578, 0.898697),

              ["LeftUpperArm"] = CFrame.new(0.141313, -0.010524, -0.006702, 0.999689, 0.022981, -0.009726, -0.021048, 0.567167, -0.823334, -0.013405, 0.823282, 0.567475),

              ["LeftUpperLeg"] = CFrame.new(0.000000, -0.000000, -0.000100, 0.995343, 0.087713, 0.039992, -0.067270, 0.929125, -0.363580, -0.069049, 0.359212, 0.930704),

              ["LowerTorso"] = CFrame.new(0.000000, -0.116217, 0.046356, 1.000000, -0.000000, -0.000000, 0.000000, 0.995141, 0.098458, 0.000000, -0.098458, 0.995141),

              ["RightFoot"] = CFrame.new(0.000000, 0.011206, -0.000103, 0.995343, 0.073741, 0.062092, -0.061288, 0.981227, -0.182872, -0.074407, 0.178201, 0.981174),

              ["RightHand"] = CFrame.new(-0.000495, 0.007251, 0.000000, 0.999553, 0.026194, -0.014439, -0.026933, 0.998199, -0.053607, 0.013008, 0.053972, 0.998458),

              ["RightLowerArm"] = CFrame.new(0.000000, 0.043185, 0.006742, 1.000000, 0.000000, 0.000000, -0.000000, 0.931349, -0.364128, -0.000000, 0.364128, 0.931349),

              ["RightLowerLeg"] = CFrame.new(-0.000000, 0.054260, -0.009971, 1.000000, 0.000000, 0.000000, -0.000000, 0.898693, 0.438571, 0.000000, -0.438578, 0.898697),

              ["RightUpperArm"] = CFrame.new(-0.123521, 0.002199, -0.004898, 0.999472, -0.028431, 0.015709, 0.030970, 0.688257, -0.724806, 0.009795, 0.724910, 0.688774),

              ["RightUpperLeg"] = CFrame.new(0.000000, -0.000000, -0.000000, 0.995343, -0.087713, -0.039992, 0.067270, 0.929125, -0.363580, 0.069049, 0.359212, 0.930704),

              ["UpperTorso"] = CFrame.new(0.000000, -0.000551, 0.000677, 1.000000, 0.000000, 0.000000, -0.000000, 0.999430, 0.033760, -0.000000, -0.033760, 0.999430)

          }},

          {Time = 0.140, Data = {

              ["Head"] = CFrame.new(0.000000, 0.000000, -0.000000, 1.000000, 0.000000, 0.000000, 0.000000, 0.989785, -0.142571, 0.000000, 0.142571, 0.989785),

              ["LeftFoot"] = CFrame.new(-0.000000, 0.012873, -0.000003, 0.995215, -0.074742, -0.062934, 0.059319, 0.973991, -0.218700, 0.077638, 0.213904, 0.973760),

              ["LeftHand"] = CFrame.new(0.000499, 0.001565, -0.000000, 0.999808, -0.017331, 0.009196, 0.018382, 0.991308, -0.130275, -0.006858, 0.130418, 0.991435),

              ["LeftLowerArm"] = CFrame.new(-0.000500, 0.007026, 0.000150, 1.000000, -0.000000, -0.000000, 0.000000, 0.998381, -0.056875, 0.000000, 0.056874, 0.998381),

              ["LeftLowerLeg"] = CFrame.new(0.000000, 0.064712, -0.014571, 1.000000, -0.000000, -0.000000, 0.000000, 0.850825, 0.525446, -0.000000, -0.525449, 0.850827),

              ["LeftUpperArm"] = CFrame.new(0.141310, -0.011796, -0.004331, 0.999684, 0.021915, -0.012300, -0.023591, 0.649665, -0.759854, -0.008662, 0.759904, 0.649978),

              ["LeftUpperLeg"] = CFrame.new(0.000000, 0.000000, -0.000100, 0.995215, 0.091266, 0.034891, -0.066067, 0.891645, -0.447871, -0.071986, 0.443440, 0.893417),

              ["LowerTorso"] = CFrame.new(0.000000, -0.150823, 0.060641, 1.000000, -0.000000, -0.000000, 0.000000, 0.991766, 0.128064, 0.000000, -0.128064, 0.991766),

              ["RightFoot"] = CFrame.new(0.000000, 0.013073, -0.000103, 0.995215, 0.074742, 0.062934, -0.059319, 0.973991, -0.218700, -0.077639, 0.213904, 0.973760),

              ["RightHand"] = CFrame.new(-0.000495, 0.007249, 0.000000, 0.999541, 0.026537, -0.014635, -0.026881, 0.999355, -0.023822, 0.013993, 0.024205, 0.999609),

              ["RightLowerArm"] = CFrame.new(0.000000, 0.043168, 0.006736, 1.000000, 0.000000, 0.000000, -0.000000, 0.931409, -0.363975, -0.000000, 0.363975, 0.931409),

              ["RightLowerLeg"] = CFrame.new(0.000000, 0.064512, -0.014671, 1.000000, 0.000000, 0.000000, -0.000000, 0.850825, 0.525446, 0.000000, -0.525449, 0.850827),

              ["RightUpperArm"] = CFrame.new(-0.123440, -0.000863, -0.000431, 0.999312, -0.029635, 0.022323, 0.037092, 0.784023, -0.619622, 0.000861, 0.620024, 0.784583),

              ["RightUpperLeg"] = CFrame.new(0.000000, -0.000000, -0.000000, 0.995215, -0.091266, -0.034891, 0.066067, 0.891645, -0.447872, 0.071986, 0.443440, 0.893417),

              ["UpperTorso"] = CFrame.new(0.000000, -0.000774, 0.000892, 1.000000, 0.000000, 0.000000, -0.000000, 0.999014, 0.044401, -0.000000, -0.044401, 0.999014)

          }},

          {Time = 0.160, Data = {

              ["Head"] = CFrame.new(0.000000, -0.000000, -0.000000, 1.000000, 0.000000, 0.000000, 0.000000, 0.984028, -0.178011, 0.000000, 0.178011, 0.984028),

              ["LeftFoot"] = CFrame.new(-0.000000, 0.014952, -0.000003, 0.995076, -0.075820, -0.063842, 0.057610, 0.966547, -0.249956, 0.080653, 0.245028, 0.966150),

              ["LeftHand"] = CFrame.new(0.000500, 0.000774, -0.000000, 0.999839, -0.015875, 0.008338, 0.016345, 0.998083, -0.059697, -0.007374, 0.059824, 0.998182),

              ["LeftLowerArm"] = CFrame.new(-0.000500, 0.003067, 0.000026, 1.000000, -0.000000, -0.000000, 0.000000, 0.999687, -0.025011, 0.000000, 0.025010, 0.999687),

              ["LeftLowerLeg"] = CFrame.new(0.000000, 0.074075, -0.019667, 1.000000, -0.000000, -0.000000, 0.000000, 0.798661, 0.601781, -0.000000, -0.601781, 0.798661),

              ["LeftUpperArm"] = CFrame.new(0.141297, -0.012986, -0.001549, 0.999658, 0.020978, -0.015622, -0.025972, 0.725372, -0.687867, -0.003098, 0.688038, 0.725669),

              ["LeftUpperLeg"] = CFrame.new(0.000000, -0.000000, -0.000100, 0.995076, 0.094549, 0.029748, -0.064671, 0.846755, -0.528021, -0.075113, 0.523514, 0.848710),

              ["LowerTorso"] = CFrame.new(0.000000, -0.187407, 0.075981, 1.000000, -0.000000, -0.000000, 0.000000, 0.987206, 0.159452, 0.000000, -0.159452, 0.987206),

              ["RightFoot"] = CFrame.new(-0.000000, 0.015152, -0.000103, 0.995076, 0.075820, 0.063842, -0.057610, 0.966547, -0.249956, -0.080653, 0.245028, 0.966150),

              ["RightHand"] = CFrame.new(-0.000495, 0.007373, -0.000000, 0.999507, 0.027483, -0.015180, -0.026510, 0.997788, 0.060961, 0.016822, -0.060527, 0.998025),

              ["RightLowerArm"] = CFrame.new(-0.000000, 0.044024, 0.007027, 1.000000, 0.000000, 0.000000, -0.000000, 0.928447, -0.371465, -0.000000, 0.371465, 0.928447),

              ["RightLowerLeg"] = CFrame.new(-0.000000, 0.073875, -0.019767, 1.000000, 0.000000, 0.000000, -0.000000, 0.798661, 0.601781, 0.000000, -0.601781, 0.798661),

              ["RightUpperArm"] = CFrame.new(-0.123288, -0.003899, 0.005510, 0.999007, -0.031506, 0.031496, 0.043165, 0.859436, -0.509417, -0.011019, 0.510271, 0.859943),

              ["RightUpperLeg"] = CFrame.new(0.000000, -0.000000, -0.000000, 0.995076, -0.094549, -0.029748, 0.064671, 0.846755, -0.528021, 0.075113, 0.523514, 0.848710),

              ["UpperTorso"] = CFrame.new(0.000000, -0.001043, 0.001125, 1.000000, 0.000000, 0.000000, -0.000000, 0.998437, 0.055890, -0.000000, -0.055890, 0.998437)

          }},

          {Time = 0.180, Data = {

              ["Head"] = CFrame.new(0.000000, -0.000000, 0.000000, 1.000000, 0.000000, 0.000000, 0.000000, 0.976665, -0.214770, 0.000000, 0.214770, 0.976665),

              ["LeftFoot"] = CFrame.new(-0.000000, 0.017750, -0.000003, 0.994927, -0.076955, -0.064798, 0.056254, 0.959558, -0.275852, 0.083400, 0.270787, 0.959014),

              ["LeftHand"] = CFrame.new(0.000497, 0.003935, 0.000000, 0.999853, -0.015170, 0.007959, 0.013891, 0.989825, 0.141609, -0.010026, -0.141476, 0.989891),

              ["LeftLowerArm"] = CFrame.new(-0.000500, 0.020485, 0.001397, 1.000000, -0.000000, -0.000000, 0.000000, 0.985644, -0.168835, 0.000000, 0.168835, 0.985644),

              ["LeftLowerLeg"] = CFrame.new(-0.000000, 0.082869, -0.024797, 1.000000, -0.000000, -0.000000, 0.000000, 0.745644, 0.666346, -0.000000, -0.666344, 0.745643),

              ["LeftUpperArm"] = CFrame.new(0.141265, -0.014176, 0.001588, 0.999593, 0.022005, -0.018158, -0.028352, 0.837073, -0.546355, 0.003176, 0.546648, 0.837357),

              ["LeftUpperLeg"] = CFrame.new(0.000000, -0.000000, -0.000100, 0.994927, 0.097521, 0.024704, -0.063093, 0.796133, -0.601807, -0.078357, 0.597212, 0.798260),

              ["LowerTorso"] = CFrame.new(0.000000, -0.225133, 0.092062, 1.000000, -0.000000, -0.000000, 0.000000, 0.981421, 0.191865, 0.000000, -0.191865, 0.981421),

              ["RightFoot"] = CFrame.new(-0.000000, 0.017950, -0.000103, 0.994927, 0.076955, 0.064798, -0.056254, 0.959558, -0.275852, -0.083400, 0.270787, 0.959014),

              ["RightHand"] = CFrame.new(-0.000494, 0.008806, 0.000000, 0.999406, 0.030130, -0.016739, -0.025459, 0.972676, 0.230770, 0.023234, -0.230204, 0.972864),

              ["RightLowerArm"] = CFrame.new(-0.000000, 0.053888, 0.010904, 1.000000, 0.000000, 0.000000, -0.000000, 0.888992, -0.457923, -0.000000, 0.457923, 0.888992),

              ["RightLowerLeg"] = CFrame.new(0.000000, 0.082669, -0.024897, 1.000000, 0.000000, 0.000000, -0.000000, 0.745645, 0.666346, 0.000000, -0.666344, 0.745643),

              ["RightUpperArm"] = CFrame.new(-0.123013, -0.006840, 0.013019, 0.998457, -0.036360, 0.041971, 0.049047, 0.931851, -0.359510, -0.026039, 0.361015, 0.932197),

              ["RightUpperLeg"] = CFrame.new(0.000000, 0.000000, -0.000000, 0.994927, -0.097521, -0.024705, 0.063093, 0.796133, -0.601807, 0.078357, 0.597212, 0.798260),

              ["UpperTorso"] = CFrame.new(0.000000, -0.001361, 0.001369, 1.000000, 0.000000, 0.000000, -0.000000, 0.997688, 0.067956, -0.000000, -0.067956, 0.997688)

          }},

          {Time = 0.200, Data = {

              ["Head"] = CFrame.new(0.000000, 0.000000, 0.000000, 1.000000, 0.000000, 0.000000, 0.000000, 0.967728, -0.251997, 0.000000, 0.251997, 0.967728),

              ["LeftFoot"] = CFrame.new(0.000000, 0.020424, -0.000003, 0.994772, -0.078122, -0.065781, 0.055101, 0.952864, -0.298374, 0.085984, 0.293169, 0.952180),

              ["LeftHand"] = CFrame.new(0.000494, 0.009217, 0.000000, 0.999839, -0.015837, 0.008415, 0.010533, 0.898329, 0.439202, -0.014514, -0.439039, 0.898349),

              ["LeftLowerArm"] = CFrame.new(-0.000500, 0.055903, 0.011866, 1.000000, -0.000000, -0.000000, 0.000000, 0.879180, -0.476490, 0.000000, 0.476490, 0.879180),

              ["LeftLowerLeg"] = CFrame.new(-0.000000, 0.090693, -0.030055, 1.000000, -0.000000, -0.000000, 0.000000, 0.691066, 0.722796, -0.000000, -0.722792, 0.691062),

              ["LeftUpperArm"] = CFrame.new(0.141202, -0.015466, 0.005196, 0.999467, 0.026321, -0.019290, -0.030933, 0.952434, -0.303169, 0.010392, 0.303605, 0.952742),

              ["LeftUpperLeg"] = CFrame.new(0.000000, -0.000000, -0.000100, 0.994771, 0.100230, 0.019596, -0.061356, 0.739915, -0.669881, -0.081642, 0.665192, 0.742209),

              ["LowerTorso"] = CFrame.new(0.000000, -0.263198, 0.108577, 1.000000, -0.000000, -0.000000, 0.000000, 0.974462, 0.224554, 0.000000, -0.224554, 0.974462),

              ["RightFoot"] = CFrame.new(0.000000, 0.020624, -0.000103, 0.994772, 0.078122, 0.065781, -0.055101, 0.952864, -0.298374, -0.085984, 0.293168, 0.952180),

              ["RightHand"] = CFrame.new(-0.000491, 0.013343, -0.000000, 0.999173, 0.035458, -0.019889, -0.022128, 0.884714, 0.465613, 0.034105, -0.464784, 0.884765),

              ["RightLowerArm"] = CFrame.new(0.000000, 0.075547, 0.022400, 1.000000, 0.000000, 0.000000, -0.000000, 0.771113, -0.636698, -0.000000, 0.636698, 0.771113),

              ["RightLowerLeg"] = CFrame.new(0.000000, 0.090493, -0.030155, 1.000000, 0.000000, 0.000000, -0.000000, 0.691066, 0.722796, 0.000000, -0.722792, 0.691062),

              ["RightUpperArm"] = CFrame.new(-0.122548, -0.009431, 0.022363, 0.997526, -0.047336, 0.051968, 0.054230, 0.988598, -0.140474, -0.044726, 0.142945, 0.988720),

              ["RightUpperLeg"] = CFrame.new(0.000000, -0.000000, -0.000000, 0.994771, -0.100229, -0.019596, 0.061356, 0.739915, -0.669881, 0.081641, 0.665192, 0.742210),

              ["UpperTorso"] = CFrame.new(0.000000, -0.001729, 0.001620, 1.000000, 0.000000, 0.000000, -0.000000, 0.996770, 0.080309, -0.000000, -0.080309, 0.996770)

          }},

          {Time = 0.220, Data = {

              ["Head"] = CFrame.new(0.000000, 0.000000, -0.000000, 1.000000, 0.000000, 0.000000, 0.000000, 0.957373, -0.288855, 0.000000, 0.288855, 0.957373),

              ["LeftFoot"] = CFrame.new(0.000000, 0.022784, -0.000003, 0.994613, -0.079298, -0.066771, 0.054136, 0.946611, -0.317821, 0.088403, 0.312473, 0.945797),

              ["LeftHand"] = CFrame.new(0.000489, 0.017271, -0.000000, 0.999806, -0.017323, 0.009337, 0.006357, 0.733329, 0.679847, -0.018624, -0.679653, 0.733294),

              ["LeftLowerArm"] = CFrame.new(-0.000500, 0.088264, 0.031272, 1.000000, -0.000000, -0.000000, 0.000000, 0.679138, -0.734010, 0.000000, 0.734011, 0.679139),

              ["LeftLowerLeg"] = CFrame.new(-0.000000, 0.097421, -0.035346, 1.000000, -0.000000, -0.000000, 0.000000, 0.636030, 0.771670, -0.000000, -0.771665, 0.636023),

              ["LeftUpperArm"] = CFrame.new(0.141117, -0.016267, 0.009290, 0.999298, 0.032198, -0.019157, -0.032534, 0.999317, -0.017494, 0.018581, 0.018106, 0.999663),

              ["LeftUpperLeg"] = CFrame.new(0.000000, -0.000000, -0.000100, 0.994612, 0.102652, 0.014454, -0.059494, 0.679413, -0.731326, -0.084893, 0.726541, 0.681875),

              ["LowerTorso"] = CFrame.new(0.000000, -0.300837, 0.125222, 1.000000, -0.000000, -0.000000, 0.000000, 0.966469, 0.256784, 0.000000, -0.256784, 0.966469),

              ["RightFoot"] = CFrame.new(-0.000000, 0.022984, -0.000103, 0.994613, 0.079298, 0.066771, -0.054136, 0.946611, -0.317821, -0.088403, 0.312473, 0.945797),

              ["RightHand"] = CFrame.new(-0.000487, 0.019525, -0.000000, 0.998848, 0.041780, -0.023619, -0.015355, 0.744444, 0.667512, 0.045472, -0.666377, 0.744224),

              ["RightLowerArm"] = CFrame.new(-0.000000, 0.097228, 0.039589, 1.000000, 0.000000, 0.000000, -0.000000, 0.592856, -0.805308, -0.000000, 0.805309, 0.592856),

              ["RightLowerLeg"] = CFrame.new(0.000000, 0.097221, -0.035446, 1.000000, 0.000000, 0.000000, -0.000000, 0.636030, 0.771670, 0.000000, -0.771664, 0.636024),

              ["RightUpperArm"] = CFrame.new(-0.121918, -0.009932, 0.033168, 0.996268, -0.062872, 0.059142, 0.055230, 0.990869, 0.122997, -0.066335, -0.119271, 0.990643),

              ["RightUpperLeg"] = CFrame.new(0.000000, -0.000000, -0.000000, 0.994612, -0.102652, -0.014454, 0.059494, 0.679413, -0.731326, 0.084893, 0.726540, 0.681875),

              ["UpperTorso"] = CFrame.new(0.000000, -0.002147, 0.001874, 1.000000, 0.000000, 0.000000, -0.000000, 0.995699, 0.092650, -0.000000, -0.092650, 0.995699)

          }},

          {Time = 0.240, Data = {

              ["Head"] = CFrame.new(0.000000, 0.000000, -0.000000, 1.000000, 0.000000, 0.000000, 0.000000, 0.945873, -0.324536, 0.000000, 0.324536, 0.945873),

              ["LeftFoot"] = CFrame.new(0.000000, 0.024522, -0.000002, 0.994454, -0.080457, -0.067747, 0.053327, 0.940855, -0.334607, 0.090655, 0.329118, 0.939919),

              ["LeftHand"] = CFrame.new(0.000486, 0.021801, -0.000000, 0.999813, -0.017002, 0.009171, 0.002439, 0.582045, 0.813155, -0.019163, -0.812979, 0.581975),

              ["LeftLowerArm"] = CFrame.new(-0.000500, 0.106415, 0.051646, 1.000000, -0.000000, -0.000000, 0.000000, 0.467772, -0.883849, 0.000000, 0.883849, 0.467772),

              ["LeftLowerLeg"] = CFrame.new(-0.000000, 0.102915, -0.040613, 1.000000, -0.000000, -0.000000, 0.000000, 0.581272, 0.813715, -0.000000, -0.813709, 0.581264),

              ["LeftUpperArm"] = CFrame.new(0.141073, -0.015268, 0.012719, 0.999210, 0.036349, -0.016068, -0.030535, 0.960949, 0.275035, 0.025438, -0.274326, 0.961300),

              ["LeftUpperLeg"] = CFrame.new(0.000000, -0.000000, -0.000100, 0.994453, 0.104767, 0.009305, -0.057553, 0.616047, -0.785591, -0.088037, 0.780711, 0.618676),

              ["LowerTorso"] = CFrame.new(0.000000, -0.337320, 0.141704, 1.000000, -0.000000, -0.000000, 0.000000, 0.957678, 0.287842, 0.000000, -0.287842, 0.957678),

              ["RightFoot"] = CFrame.new(0.000000, 0.024722, -0.000102, 0.994454, 0.080457, 0.067747, -0.053327, 0.940855, -0.334607, -0.090656, 0.329117, 0.939919),

              ["RightHand"] = CFrame.new(-0.000485, 0.022215, -0.000000, 0.998746, 0.043571, -0.024682, -0.007944, 0.624503, 0.780985, 0.049442, -0.779806, 0.624062),

              ["RightLowerArm"] = CFrame.new(-0.000000, 0.108707, 0.055242, 1.000000, 0.000000, 0.000000, -0.000000, 0.430426, -0.902626, -0.000000, 0.902626, 0.430426),

              ["RightLowerLeg"] = CFrame.new(-0.000000, 0.102715, -0.040713, 1.000000, 0.000000, 0.000000, -0.000000, 0.581272, 0.813715, 0.000000, -0.813709, 0.581264),

              ["RightUpperArm"] = CFrame.new(-0.121436, -0.005735, 0.042364, 0.995303, -0.075677, 0.060377, 0.046836, 0.922216, 0.383829, -0.084728, -0.379198, 0.921428),

              ["RightUpperLeg"] = CFrame.new(0.000000, -0.000000, -0.000000, 0.994453, -0.104767, -0.009305, 0.057552, 0.616047, -0.785591, 0.088037, 0.780711, 0.618676),

              ["UpperTorso"] = CFrame.new(0.000000, -0.002616, 0.002128, 1.000000, 0.000000, 0.000000, -0.000000, 0.994506, 0.104680, -0.000000, -0.104680, 0.994506)

          }},

          {Time = 0.260, Data = {

              ["Head"] = CFrame.new(0.000000, 0.000000, 0.000000, 1.000000, 0.000000, 0.000000, 0.000000, 0.933613, -0.358283, 0.000000, 0.358283, 0.933613),

              ["LeftFoot"] = CFrame.new(0.000000, 0.025966, -0.000002, 0.994299, -0.081571, -0.068685, 0.052723, 0.935912, -0.348287, 0.092687, 0.342659, 0.934868),

              ["LeftHand"] = CFrame.new(0.000485, 0.023521, -0.000000, 0.999902, -0.012424, 0.006492, 0.000803, 0.513103, 0.858329, -0.013995, -0.858237, 0.513059),

              ["LeftLowerArm"] = CFrame.new(-0.000499, 0.113973, 0.066530, 1.000000, -0.000000, -0.000000, 0.000000, 0.313282, -0.949660, 0.000000, 0.949660, 0.313282),

              ["LeftLowerLeg"] = CFrame.new(-0.000000, 0.107409, -0.045627, 1.000000, -0.000000, -0.000000, 0.000000, 0.529126, 0.848550, -0.000000, -0.848543, 0.529116),

              ["LeftUpperArm"] = CFrame.new(0.141134, -0.012300, 0.013531, 0.999331, 0.035338, -0.009421, -0.024601, 0.840147, 0.541801, 0.027061, -0.541206, 0.840454),

              ["LeftUpperLeg"] = CFrame.new(0.000000, -0.000000, -0.000100, 0.994298, 0.106549, 0.004307, -0.055588, 0.552341, -0.831751, -0.091002, 0.826781, 0.555132),

              ["LowerTorso"] = CFrame.new(0.000000, -0.371955, 0.157740, 1.000000, -0.000000, -0.000000, 0.000000, 0.948410, 0.317046, 0.000000, -0.317046, 0.948410),

              ["RightFoot"] = CFrame.new(-0.000000, 0.026166, -0.000102, 0.994299, 0.081571, 0.068685, -0.052723, 0.935912, -0.348287, -0.092687, 0.342659, 0.934868),

              ["RightHand"] = CFrame.new(-0.000485, 0.023166, 0.000000, 0.999136, 0.036213, -0.020383, -0.004262, 0.577211, 0.816586, 0.041336, -0.815792, 0.576863),

              ["RightLowerArm"] = CFrame.new(-0.000000, 0.113141, 0.064310, 1.000000, 0.000000, 0.000000, -0.000000, 0.336354, -0.941736, -0.000000, 0.941736, 0.336354),

              ["RightLowerLeg"] = CFrame.new(0.000000, 0.107209, -0.045727, 1.000000, 0.000000, 0.000000, -0.000000, 0.529126, 0.848550, 0.000000, -0.848543, 0.529116),

              ["RightUpperArm"] = CFrame.new(-0.121476, 0.002802, 0.045624, 0.995383, -0.078910, 0.054638, 0.029763, 0.794976, 0.605911, -0.091249, -0.601487, 0.793654),

              ["RightUpperLeg"] = CFrame.new(0.000000, -0.000000, -0.000000, 0.994298, -0.106549, -0.004307, 0.055588, 0.552341, -0.831751, 0.091002, 0.826781, 0.555132),

              ["UpperTorso"] = CFrame.new(0.000000, -0.003132, 0.002380, 1.000000, 0.000000, 0.000000, -0.000000, 0.993236, 0.116113, -0.000000, -0.116113, 0.993236)

          }},

          {Time = 0.280, Data = {

              ["Head"] = CFrame.new(0.000000, 0.000000, -0.000000, 1.000000, 0.000000, 0.000000, 0.000000, 0.921073, -0.389390, 0.000000, 0.389390, 0.921073),

              ["LeftFoot"] = CFrame.new(-0.000000, 0.027020, -0.000002, 0.994152, -0.082612, -0.069561, 0.052305, 0.931827, -0.359136, 0.094482, 0.353376, 0.930690),

              ["LeftHand"] = CFrame.new(0.000484, 0.024027, 0.000000, 0.999989, -0.004413, 0.001801, 0.000904, 0.546483, 0.837472, -0.004680, -0.837458, 0.546478),

              ["LeftLowerArm"] = CFrame.new(-0.000500, 0.115692, 0.071126, 1.000000, -0.000000, -0.000000, 0.000000, 0.265497, -0.964112, 0.000000, 0.964112, 0.265497),

              ["LeftLowerLeg"] = CFrame.new(-0.000000, 0.110944, -0.050295, 1.000000, -0.000000, -0.000000, 0.000000, 0.480596, 0.876948, -0.000000, -0.876942, 0.480585),

              ["LeftUpperArm"] = CFrame.new(0.141256, -0.009012, 0.011435, 0.999576, 0.029049, -0.001998, -0.018023, 0.671122, 0.741128, 0.022870, -0.740778, 0.671361),

              ["LeftUpperLeg"] = CFrame.new(0.000000, 0.000000, -0.000100, 0.994151, 0.107995, -0.000459, -0.053668, 0.490317, -0.869880, -0.093718, 0.864827, 0.493264),

              ["LowerTorso"] = CFrame.new(0.000000, -0.404077, 0.173061, 1.000000, -0.000000, -0.000000, 0.000000, 0.939063, 0.343744, 0.000000, -0.343744, 0.939063),

              ["RightFoot"] = CFrame.new(0.000000, 0.027220, -0.000102, 0.994152, 0.082612, 0.069561, -0.052305, 0.931827, -0.359136, -0.094482, 0.353376, 0.930690),

              ["RightHand"] = CFrame.new(-0.000485, 0.023134, 0.000000, 0.999701, 0.021448, -0.011752, -0.003766, 0.609781, 0.792564, 0.024165, -0.792280, 0.609676),

              ["RightLowerArm"] = CFrame.new(-0.000000, 0.113017, 0.064026, 1.000000, 0.000000, 0.000000, -0.000000, 0.339309, -0.940675, -0.000000, 0.940675, 0.339309),

              ["RightLowerLeg"] = CFrame.new(-0.000000, 0.110744, -0.050395, 1.000000, 0.000000, 0.000000, -0.000000, 0.480596, 0.876948, 0.000000, -0.876942, 0.480585),

              ["RightUpperArm"] = CFrame.new(-0.121952, 0.011854, 0.042375, 0.996334, -0.072035, 0.046146, 0.011659, 0.648721, 0.760937, -0.084749, -0.757609, 0.647183),

              ["RightUpperLeg"] = CFrame.new(0.000000, 0.000000, -0.000000, 0.994151, -0.107995, 0.000459, 0.053667, 0.490317, -0.869879, 0.093718, 0.864827, 0.493264),

              ["UpperTorso"] = CFrame.new(0.000000, -0.003695, 0.002630, 1.000000, 0.000000, 0.000000, -0.000000, 0.991943, 0.126683, -0.000000, -0.126683, 0.991943)

          }},

          {Time = 0.300, Data = {

              ["Head"] = CFrame.new(0.000000, -0.000000, 0.000000, 1.000000, 0.000000, 0.000000, 0.000000, 0.908807, -0.417216, 0.000000, 0.417216, 0.908807),

              ["LeftFoot"] = CFrame.new(-0.000000, 0.027786, -0.000002, 0.994018, -0.083548, -0.070349, 0.052068, 0.928681, -0.367226, 0.096007, 0.361346, 0.927467),

              ["LeftHand"] = CFrame.new(0.000485, 0.023258, 0.000000, 0.999988, 0.003882, -0.003052, -0.000195, 0.648662, 0.761079, 0.004934, -0.761066, 0.648652),

              ["LeftLowerArm"] = CFrame.new(-0.000499, 0.113011, 0.064239, 1.000000, -0.000000, -0.000000, 0.000000, 0.337090, -0.941472, 0.000000, 0.941472, 0.337090),

              ["LeftLowerLeg"] = CFrame.new(0.000000, 0.113673, -0.054487, 1.000000, -0.000000, -0.000000, 0.000000, 0.437035, 0.899450, -0.000000, -0.899445, 0.437023),

              ["LeftUpperArm"] = CFrame.new(0.141353, -0.006914, 0.008212, 0.999770, 0.021215, 0.003295, -0.013827, 0.518868, 0.854743, 0.016424, -0.854591, 0.519042),

              ["LeftUpperLeg"] = CFrame.new(0.000000, 0.000000, -0.000100, 0.994018, 0.109111, -0.004872, -0.051868, 0.432304, -0.900226, -0.096119, 0.895102, 0.435397),

