return {
    ["Back On 74"] = {
        [1] = {Time = 0.000, Data = {
            ["RightFoot"] = CFrame.new(-2.8405338525772095e-08, 1.1920928955078125e-07, -5.790934665128589e-08, 0.9046090841293335, -0.32458510994911194, -0.2762734293937683, 0.292934387922287, 0.9442586302757263, -0.15021689236164093, 0.30963191390037537, 0.05495789647102356, 0.9492670893669128),
            ["LeftLowerArm"] = CFrame.new(-5.960464477539063e-08, -5.960464477539063e-08, 5.960464477539063e-08, 1, -8.940695295223122e-08, 8.940696716308594e-08, 9.685756197086448e-08, -0.3730882406234741, -0.9277958273887634, 1.7136336794010276e-07, 0.9277958273887634, -0.3730883002281189),
            ["LeftFoot"] = CFrame.new(3.725290298461914e-08, 5.960464477539063e-08, -4.470348358154297e-08, 0.9903603196144104, -0.12965162098407745, -0.04875338450074196, 0.0788535550236702, 0.8170850276947021, -0.5710992813110352, 0.1138797178864479, 0.5617496967315674, 0.8194320201873779),
            ["Head"] = CFrame.new(8.940696716308594e-08, 4.76837158203125e-07, -1.4901161193847656e-08, 0.44788044691085815, 0.33956676721572876, -0.8271019458770752, -0.5452883839607239, 0.8368561863899231, 0.04829467833042145, 0.7085645198822021, 0.4293788969516754, 0.5599732398986816),
            ["LowerTorso"] = CFrame.new(0.12485414743423462, -0.14975273609161377, 0.022716879844665527, 0.18014122545719147, -0.055189210921525955, 0.9820913076400757, 0.24811650812625885, 0.9686890840530396, 0.008925026282668114, -0.9518337845802307, 0.24206525087356567, 0.1881941854953766),
            ["UpperTorso"] = CFrame.new(-2.7939677238464355e-08, -1.7881393432617188e-07, 1.862645149230957e-09, 0.9729925394058228, -0.060048364102840424, -0.22288988530635834, 0.10809163749217987, 0.9716914296150208, 0.21007636189460754, 0.20396541059017181, -0.22849524021148682, 0.9519391059875488),
            ["HumanoidRootPart"] = CFrame.new(0, 0, 0, 1, 0, 0, 0, 1, 0, 0, 0, 1),
            ["RightUpperLeg"] = CFrame.new(0, 2.3748725652694702e-07, 3.3694959711283445e-08, 0.9034813046455383, 0.41152873635292053, 0.11985728144645691, -0.2301093488931656, 0.7016034126281738, -0.6743903756141663, -0.3616233468055725, 0.5817187428474426, 0.7285821437835693),
            ["LeftUpperArm"] = CFrame.new(5.960464477539063e-08, 4.76837158203125e-07, 2.9802322387695312e-08, 0.37618738412857056, 0.3960069417953491, -0.8376524448394775, -0.8943079710006714, 0.39158427715301514, -0.21650664508342743, 0.2422734498977661, 0.8305661678314209, 0.5014610886573792),
            ["RightLowerArm"] = CFrame.new(-5.960464477539063e-08, 5.364418029785156e-07, -7.450580596923828e-08, 1, 2.980232594040899e-08, 0, 8.195639367158947e-08, 0.4046974182128906, -0.9144507050514221, 1.1920930376163597e-07, 0.9144507646560669, 0.4046975374221802),
            ["LeftHand"] = CFrame.new(2.980232238769531e-07, 2.980232238769531e-07, -1.1920928955078125e-07, 0.6840600967407227, 0.672727108001709, -0.2819581925868988, -0.694375216960907, 0.48218709230422974, -0.5341708064079285, -0.22339433431625366, 0.5611896514892578, 0.7969700694084167),
            ["RightHand"] = CFrame.new(-5.960464477539063e-08, -1.1920928955078125e-07, -5.960464477539063e-08, 0.628969132900238, -0.5624563097953796, 0.5366945862770081, 0.7632895112037659, 0.5778405070304871, -0.2889455258846283, -0.14760461449623108, 0.5913909673690796, 0.7927606105804443),
            ["RightUpperArm"] = CFrame.new(0, 2.384185791015625e-07, -2.2351741790771484e-08, 0.508123517036438, -0.02046533115208149, 0.8610411286354065, 0.38266894221305847, 0.900989294052124, -0.20440831780433655, -0.7716054916381836, 0.43335825204849243, 0.4656452238559723),
            ["RightLowerLeg"] = CFrame.new(-3.841705620288849e-08, 1.7881393432617188e-07, -5.045876605436206e-08, 1, -1.4691613614559174e-07, -9.662477395977476e-08, 1.30385160446167e-07, 0.3457997441291809, 0.9383082985877991, -9.022187441587448e-08, -0.9383083581924438, 0.34579998254776),
            ["LeftUpperLeg"] = CFrame.new(0, 1.973239704966545e-07, 0, 0.9259524345397949, 0.30931806564331055, -0.21664361655712128, -0.37165018916130066, 0.8481731414794922, -0.3774634301662445, 0.06699495762586594, 0.43002885580062866, 0.9003260731697083),
            ["LeftLowerLeg"] = CFrame.new(5.21540641784668e-08, -1.7881393432617188e-07, -2.9802322387695312e-08, 1, 6.705523958316917e-08, 3.72529100900465e-08, -4.563480615615845e-08, 0.5147202014923096, 0.8573581576347351, 3.725290298461914e-08, -0.8573582768440247, 0.5147202014923096)
        }},
        [2] = {Time = 0.033, Data = {
            ["RightFoot"] = CFrame.new(7.450580596923828e-09, 2.980232238769531e-07, 8.365168469026685e-08, 0.9200149774551392, -0.33624789118766785, -0.20127105712890625, 0.28069913387298584, 0.9238286018371582, -0.2602854371070862, 0.2734604775905609, 0.18297012150287628, 0.9443206787109375),
            ["LeftLowerArm"] = CFrame.new(-1.1920928955078125e-07, -2.384185791015625e-07, 1.043081283569336e-07, 1, -7.450579886381092e-08, 2.2351736106429598e-07, 3.725289587919178e-08, -0.39752840995788574, -0.9175899028778076, 1.0430809993522416e-07, 0.9175898432731628, -0.3975282311439514),
            ["LeftFoot"] = CFrame.new(-1.1175870895385742e-08, -5.960464477539063e-08, 4.470348358154297e-08, 0.9981088042259216, -0.05762924253940582, 0.021395022049546242, 0.05838309973478317, 0.7797269225120544, -0.6233921051025391, 0.019243326038122177, 0.6234620213508606, 0.7816166877746582),
            ["Head"] = CFrame.new(1.4901161193847656e-08, -1.1920928955078125e-07, 1.4901161193847656e-08, 0.4213939309120178, 0.36248672008514404, -0.8312825560569763, -0.5892263650894165, 0.8062360882759094, 0.05287434533238411, 0.6893762350082397, 0.4675326943397522, 0.5533296465873718),
            ["LowerTorso"] = CFrame.new(0.1293659806251526, -0.20659220218658447, 0.04253947734832764, 0.16369661688804626, -0.049700867384672165, 0.9852579832077026, 0.25803589820861816, 0.9661175608634949, 0.005863716825842857, -0.9521664381027222, 0.25327205657958984, 0.17097479104995728),
            ["UpperTorso"] = CFrame.new(-4.842877388000488e-08, -8.940696716308594e-08, -7.450580596923828e-09, 0.9800150990486145, -0.023556817322969437, -0.19752340018749237, 0.07112699747085571, 0.9688153862953186, 0.23735564947128296, 0.1857723742723465, -0.24666129052639008, 0.9511291980743408),
            ["HumanoidRootPart"] = CFrame.new(0, 0, 0, 1, 0, 0, 0, 1, 0, 0, 0, 1),
            ["RightUpperLeg"] = CFrame.new(0, 1.2852251529693604e-07, -2.032174961641431e-08, 0.8998590707778931, 0.4003879129886627, 0.17304080724716187, -0.17813976109027863, 0.6994761824607849, -0.6920979619026184, -0.3981455862522125, 0.5919650793075562, 0.7007548809051514),
            ["LeftUpperArm"] = CFrame.new(0, 2.384185791015625e-07, -5.960464477539063e-08, 0.3645440638065338, 0.2768190801143646, -0.8890889286994934, -0.9124357104301453, 0.29682791233062744, -0.28169894218444824, 0.18592676520347595, 0.9139279723167419, 0.3607863783836365),
            ["RightLowerArm"] = CFrame.new(0, 2.384185791015625e-07, 2.9802322387695312e-08, 1, -1.341104365337742e-07, 1.1920927533992653e-07, 2.9802318834981634e-08, 0.532112181186676, -0.8466740250587463, 1.7136333951839333e-07, 0.846673846244812, 0.5321118235588074),
            ["LeftHand"] = CFrame.new(-8.940696716308594e-08, 1.1920928955078125e-07, 2.9802322387695312e-08, 0.6904876828193665, 0.6686140298843384, -0.27601125836372375, -0.6746708154678345, 0.4576898217201233, -0.5790848731994629, -0.26085689663887024, 0.5860676765441895, 0.7671235799789429),
            ["RightHand"] = CFrame.new(-5.960464477539063e-08, -1.1920928955078125e-07, -1.341104507446289e-07, 0.4706634283065796, -0.6523509621620178, 0.5940657258033752, 0.8749769926071167, 0.4317420721054077, -0.21912060678005219, -0.11353959143161774, 0.6229261159896851, 0.77399742603302),
            ["RightUpperArm"] = CFrame.new(-5.960464477539063e-08, -1.1920928955078125e-07, -5.587935447692871e-08, 0.42797932028770447, -0.048410240560770035, 0.90249103307724, 0.46143242716789246, 0.8703157305717468, -0.172136127948761, -0.7771189212799072, 0.49010926485061646, 0.39481526613235474),
            ["RightLowerLeg"] = CFrame.new(4.470348358154297e-08, 3.5762786865234375e-07, 7.620110409334302e-08, 1, -1.6763806343078613e-07, -1.1175875158642157e-07, 1.1920930376163597e-07, 0.2951241731643677, 0.9554587602615356, -1.4528633585086936e-07, -0.95545893907547, 0.29512470960617065),
            ["LeftUpperLeg"] = CFrame.new(-5.960464477539063e-08, 9.010545909404755e-08, 1.0244548320770264e-08, 0.9202070832252502, 0.24036502838134766, -0.3089396357536316, -0.3595547378063202, 0.8310238718986511, -0.4244053363800049, 0.15472401678562164, 0.5016213655471802, 0.8511384129524231),
            ["LeftLowerLeg"] = CFrame.new(7.450580596923828e-09, 0, 2.9802322387695312e-08, 1, 7.450581307466564e-08, 9.685756907629184e-08, -8.195638656616211e-08, 0.37627431750297546, 0.9265081882476807, 5.21540641784668e-08, -0.926508367061615, 0.37627461552619934)
        }},
        [3] = {Time = 0.067, Data = {
            ["RightFoot"] = CFrame.new(-1.1920928955078125e-07, 2.384185791015625e-07, -5.75528247281909e-09, 0.9575842022895813, -0.2813028395175934, -0.06246071308851242, 0.24555715918540955, 0.910049319267273, -0.3339338004589081, 0.15077896416187286, 0.3044324219226837, 0.9405248761177063),
            ["LeftLowerArm"] = CFrame.new(3.5762786865234375e-07, 2.384185791015625e-07, 5.587935447692871e-08, 1, -1.4901158351676713e-07, 1.6391271628890536e-07, 5.960465898624534e-08, -0.39244896173477173, -0.9197738766670227, 9.592624650167636e-08, 0.9197737574577332, -0.39244863390922546),
            ["LeftFoot"] = CFrame.new(-2.2351741790771484e-08, 0, -3.725290298461914e-08, 0.9906973242759705, 0.09931784123182297, 0.09303148090839386, -0.011972591280937195, 0.7445935606956482, -0.667410671710968, -0.13555654883384705, 0.6600881814956665, 0.7388559579849243),
            ["Head"] = CFrame.new(1.7881393432617188e-07, 1.1920928955078125e-07, 2.9802322387695312e-08, 0.39996516704559326, 0.3858391344547272, -0.8313579559326172, -0.6443514227867126, 0.7634440064430237, 0.044323306530714035, 0.6517968773841858, 0.5179588794708252, 0.5539669990539551),
            ["LowerTorso"] = CFrame.new(0.1333777755498886, -0.24421954154968262, 0.06379985809326172, 0.14780168235301971, -0.042811378836631775, 0.9880900382995605, 0.26671087741851807, 0.9637748599052429, 0.0018623899668455124, -0.9523759484291077, 0.2632591128349304, 0.15386579930782318),
            ["UpperTorso"] = CFrame.new(-3.725290298461914e-09, -2.9802322387695312e-08, -1.862645149230957e-09, 0.9829867482185364, 0.007466267794370651, -0.18352480232715607, 0.042499858886003494, 0.9628128409385681, 0.2668055593967438, 0.178692027926445, -0.2700660526752472, 0.9461150169372559),
            ["HumanoidRootPart"] = CFrame.new(0, 0, 0, 1, 0, 0, 0, 1, 0, 0, 0, 1),
            ["RightUpperLeg"] = CFrame.new(1.1920928955078125e-07, -1.0337680578231812e-07, 2.6011548470705748e-08, 0.9192997217178345, 0.33313697576522827, 0.20954224467277527, -0.11905974894762039, 0.7428926229476929, -0.6587378978729248, -0.3751172423362732, 0.5806294083595276, 0.722603976726532),
            ["LeftUpperArm"] = CFrame.new(1.1920928955078125e-07, 0, -1.1920928955078125e-07, 0.3703790307044983, 0.11920398473739624, -0.9212000966072083, -0.9154154062271118, 0.21509301662445068, -0.34022027254104614, 0.15758834779262543, 0.9692912101745605, 0.18878690898418427),
            ["RightLowerArm"] = CFrame.new(-1.4901161193847656e-07, 2.384185791015625e-07, 2.086162567138672e-07, 1, -1.4971006123687403e-07, 5.960465188081798e-08, 2.2351747119842003e-08, 0.7504875063896179, -0.6608849763870239, -8.56816981809061e-08, 0.6608846187591553, 0.7504873275756836),
            ["LeftHand"] = CFrame.new(1.7881393432617188e-07, 0, -2.9802322387695312e-08, 0.6910989880561829, 0.6695924401283264, -0.2720823585987091, -0.6566764116287231, 0.4244617521762848, -0.6233842372894287, -0.30192431807518005, 0.6094900965690613, 0.7330507040023804),
            ["RightHand"] = CFrame.new(-1.7881393432617188e-07, 5.960464477539063e-08, -1.1920928955078125e-07, 0.4662231504917145, -0.6975693702697754, 0.5440896153450012, 0.8819558620452881, 0.41460901498794556, -0.224171444773674, -0.06920908391475677, 0.5843769311904907, 0.8085256218910217),
            ["RightUpperArm"] = CFrame.new(0, -1.1920928955078125e-07, -1.434236764907837e-07, 0.6313451528549194, -0.08981357514858246, 0.7702834010124207, 0.4208993911743164, 0.8739308714866638, -0.24308165907859802, -0.6513424515724182, 0.4776802062988281, 0.5895547866821289),
            ["RightLowerLeg"] = CFrame.new(-7.450580596923828e-09, 3.5762786865234375e-07, 1.6952981241047382e-09, 1, -1.4156103134155273e-07, -1.192093321833454e-07, 1.6018749704471702e-07, 0.3400343358516693, 0.9404129385948181, -1.1175872316471214e-07, -0.9404131174087524, 0.3400346040725708),
            ["LeftUpperLeg"] = CFrame.new(1.4901161193847656e-07, 2.444721758365631e-07, -1.3969838619232178e-09, 0.9123228788375854, 0.1467927247285843, -0.38225486874580383, -0.3295927941799164, 0.817198634147644, -0.47281613945961, 0.24297216534614563, 0.5573493838310242, 0.7939307689666748),
            ["LeftLowerLeg"] = CFrame.new(7.450580596923828e-08, -1.7881393432617188e-07, -5.960464477539063e-08, 1, 1.005828522693264e-07, 7.823110337312755e-08, -5.587936158235607e-08, 0.23535029590129852, 0.9719107151031494, 9.313227167240257e-08, -0.9719106554985046, 0.23535019159317017)
        }},
        [4] = {Time = 0.100, Data = {
            ["RightFoot"] = CFrame.new(-3.3527612686157227e-08, 4.172325134277344e-07, 1.6952981241047382e-09, 0.9796762466430664, -0.17988257110118866, 0.08875220268964767, 0.20000988245010376, 0.909540057182312, -0.3643248677253723, -0.015187924727797508, 0.3746720552444458, 0.9270331859588623),
            ["LeftLowerArm"] = CFrame.new(-2.384185791015625e-07, 0, 1.6391277313232422e-07, 1, -8.940696716308594e-08, 2.6077029247062455e-07, 1.4901161193847656e-07, -0.3686014413833618, -0.9295874238014221, 1.1175870895385742e-07, 0.9295875430107117, -0.36860162019729614),
            ["LeftFoot"] = CFrame.new(-8.381903171539307e-09, 0, -7.450580596923828e-09, 0.9464134573936462, 0.2846592664718628, 0.1525476574897766, -0.10158509016036987, 0.7107591032981873, -0.6960615515708923, -0.30656513571739197, 0.6432656645774841, 0.7015892267227173),
            ["Head"] = CFrame.new(-5.21540641784668e-08, -2.384185791015625e-07, -4.470348358154297e-08, 0.38708028197288513, 0.3999103307723999, -0.8308072686195374, -0.6956512928009033, 0.7180569171905518, 0.021527796983718872, 0.6051760315895081, 0.5696192383766174, 0.5561437606811523),
            ["LowerTorso"] = CFrame.new(0.13671767711639404, -0.2683371305465698, 0.0863075852394104, 0.1342494636774063, -0.0338580347597599, 0.9903690218925476, 0.27269721031188965, 0.9620913863182068, -0.004074178636074066, -0.9526875019073486, 0.270617812871933, 0.13839322328567505),
            ["UpperTorso"] = CFrame.new(8.009374141693115e-08, -2.9802322387695312e-08, -3.725290298461914e-09, 0.9838317632675171, 0.03843606635928154, -0.17492219805717468, 0.015884412452578545, 0.9541233777999878, 0.2989921569824219, 0.17838943004608154, -0.29693636298179626, 0.9380863308906555),
            ["HumanoidRootPart"] = CFrame.new(0, 0, 0, 1, 0, 0, 0, 1, 0, 0, 0, 1),
            ["RightUpperLeg"] = CFrame.new(5.960464477539063e-08, -2.2212043404579163e-07, 2.0190782379359007e-08, 0.9452612400054932, 0.239179790019989, 0.22197815775871277, -0.06457509845495224, 0.8039148449897766, -0.5912284851074219, -0.31986141204833984, 0.5445310473442078, 0.7753545045852661),
            ["LeftUpperArm"] = CFrame.new(-2.384185791015625e-07, -1.1920928955078125e-07, 1.7881393432617188e-07, 0.3864005208015442, -0.04534755274653435, -0.9212157130241394, -0.9101533889770508, 0.14302031695842743, -0.38880056142807007, 0.14938372373580933, 0.988680362701416, 0.013989940285682678),
            ["RightLowerArm"] = CFrame.new(0, -1.7881393432617188e-07, -8.800998330116272e-08, 1, -4.0978196835794733e-08, -8.940694584680386e-08, -2.0489096641540527e-08, 0.9262845516204834, -0.37682488560676575, 3.771856427192688e-08, 0.37682509422302246, 0.9262845516204834),
            ["LeftHand"] = CFrame.new(-4.470348358154297e-07, -2.384185791015625e-07, 7.450580596923828e-08, 0.6887969970703125, 0.6732906699180603, -0.2687726616859436, -0.6391698718070984, 0.3890700936317444, -0.663390040397644, -0.34208306670188904, 0.6287322640419006, 0.6983372569084167),
            ["RightHand"] = CFrame.new(7.82310962677002e-08, 5.960464477539063e-08, 2.9802322387695312e-08, 0.5148628354072571, -0.7505037188529968, 0.41431960463523865, 0.8569889664649963, 0.4381570816040039, -0.27127206325531006, 0.0220534335821867, 0.49473488330841064, 0.8687640428543091),
            ["RightUpperArm"] = CFrame.new(-5.960464477539063e-08, 0, -8.335337042808533e-08, 0.9077434539794922, -0.14847928285598755, 0.392372190952301, 0.29608970880508423, 0.8893284797668457, -0.34846189618110657, -0.29720839858055115, 0.43249133229255676, 0.8512452840805054),
            ["RightLowerLeg"] = CFrame.new(-2.2351741790771484e-08, 1.7881393432617188e-07, 4.639878170564771e-08, 1, -1.4156103134155273e-07, -8.940699558479537e-08, 1.1175873737556685e-07, 0.4518265128135681, 0.8921056985855103, -5.960465898624534e-08, -0.8921058773994446, 0.45182672142982483),
            ["LeftUpperLeg"] = CFrame.new(-1.1920928955078125e-07, -3.725290298461914e-09, 2.7939677238464355e-09, 0.9050896763801575, 0.04768737405538559, -0.4225384593009949, -0.284464955329895, 0.8064941167831421, -0.5183117389678955, 0.31605786085128784, 0.5893158912658691, 0.7435148358345032),
            ["LeftLowerLeg"] = CFrame.new(1.30385160446167e-08, 5.960464477539063e-08, -2.9802322387695312e-08, 1, 1.0244550452398471e-07, 6.146731124090365e-08, -7.078052277620372e-08, 0.11949256807565689, 0.9928351640701294, 1.0430814256778831e-07, -0.9928351640701294, 0.1194925308227539)
        }},
        [5] = {Time = 0.133, Data = {
            ["RightFoot"] = CFrame.new(-9.499490261077881e-08, 4.172325134277344e-07, 2.9634975362569094e-08, 0.97125244140625, 0.07070625573396683, 0.22730883955955505, 0.0021376910153776407, 0.9522420763969421, -0.3053363561630249, -0.23804229497909546, 0.29704490303993225, 0.9247165322303772),
            ["LeftLowerArm"] = CFrame.new(-2.980232238769531e-07, -3.5762786865234375e-07, -5.960464477539063e-08, 1, -1.0430811414607888e-07, 1.9371509552001953e-07, 8.940698137394065e-08, -0.33660024404525757, -0.9416476488113403, 8.940698137394065e-08, 0.9416476488113403, -0.3366003930568695),
            ["LeftFoot"] = CFrame.new(-8.847564458847046e-09, 0, -6.705522537231445e-08, 0.8779240846633911, 0.43872368335723877, 0.19175668060779572, -0.18475604057312012, 0.6798892617225647, -0.7096590399742126, -0.4417176842689514, 0.5875986814498901, 0.6779481172561646),
            ["Head"] = CFrame.new(2.9802322387695312e-08, 1.1920928955078125e-07, -5.960464477539063e-08, 0.3884831666946411, 0.3942829370498657, -0.8328396081924438, -0.7301707863807678, 0.6830474138259888, -0.01722431182861328, 0.5620777606964111, 0.6148066520690918, 0.5532464385032654),
            ["LowerTorso"] = CFrame.new(0.13917334377765656, -0.2847343683242798, 0.111662358045578, 0.12485655397176743, -0.022204818204045296, 0.991926372051239, 0.27444884181022644, 0.9615135192871094, -0.013021634891629219, -0.9534614086151123, 0.27385884523391724, 0.1261453777551651),
            ["UpperTorso"] = CFrame.new(8.195638656616211e-08, -1.1920928955078125e-07, 1.4901161193847656e-08, 0.9834193587303162, 0.0755365863442421, -0.1648656129837036, -0.016487911343574524, 0.9425985217094421, 0.3335209786891937, 0.18059512972831726, -0.32527270913124084, 0.928214967250824),
            ["HumanoidRootPart"] = CFrame.new(0, 0, 0, 1, 0, 0, 0, 1, 0, 0, 0, 1),
            ["RightUpperLeg"] = CFrame.new(0, 7.916241884231567e-09, 2.996966941282153e-08, 0.9631472826004028, 0.1266491562128067, 0.23729154467582703, -0.0031507175881415606, 0.8874599933624268, -0.460874080657959, -0.2689560651779175, 0.4431418776512146, 0.8551536798477173),
            ["LeftUpperArm"] = CFrame.new(-1.1920928955078125e-07, 0, -2.9802322387695312e-08, 0.41433194279670715, -0.18604418635368347, -0.8909077644348145, -0.8968366384506226, 0.08320976793766022, -0.434465616941452, 0.1549619883298874, 0.9790116548538208, -0.13237489759922028),
            ["RightLowerArm"] = CFrame.new(1.1920928955078125e-07, -5.960464477539063e-08, -4.470348358154297e-08, 1, -2.351590033811135e-08, -8.195635814445268e-08, 1.501757829203143e-08, 0.9999867081642151, -0.005157824140042067, -7.450581485102248e-09, 0.00515788933262229, 0.9999867081642151),
            ["LeftHand"] = CFrame.new(3.2782554626464844e-07, 1.7881393432617188e-07, -7.82310962677002e-08, 0.6856846809387207, 0.6785628199577332, -0.26341864466667175, -0.6218953728675842, 0.358061283826828, -0.6964468955993652, -0.37826281785964966, 0.6413617134094238, 0.6675121188163757),
            ["RightHand"] = CFrame.new(2.868473529815674e-07, -1.7881393432617188e-07, 0, 0.5786977410316467, -0.7916786670684814, 0.19584214687347412, 0.7901264429092407, 0.48477450013160706, -0.37509170174598694, 0.20201286673545837, 0.37180453538894653, 0.9060640335083008),
            ["RightUpperArm"] = CFrame.new(0, 4.76837158203125e-07, -2.7939677238464355e-08, 0.9741861820220947, -0.2215198576450348, 0.04347598925232887, 0.21943792700767517, 0.8840279579162598, -0.41272473335266113, 0.05299288034439087, 0.41161102056503296, 0.9098176956176758),
            ["RightLowerLeg"] = CFrame.new(-2.7939677238464355e-08, 2.384185791015625e-07, -4.300818545743823e-08, 1, -1.4528632164001465e-07, -7.823112468940963e-08, 1.1920928955078125e-07, 0.6720466613769531, 0.740508496761322, -6.705522537231445e-08, -0.7405087947845459, 0.6720470786094666),
            ["LeftUpperLeg"] = CFrame.new(5.960464477539063e-08, 1.57160684466362e-08, 1.862645149230957e-09, 0.9015949368476868, -0.03714483231306076, -0.4309835731983185, -0.23251008987426758, 0.7985408902168274, -0.5552220344543457, 0.36478155851364136, 0.6007934808731079, 0.7113239169120789),
            ["LeftLowerLeg"] = CFrame.new(3.3527612686157227e-08, -1.7881393432617188e-07, 0, 1, 7.450581307466564e-08, 1.2200328569633712e-07, -1.0058282384761696e-07, 0.04330580309033394, 0.9990618824958801, 8.940695295223122e-08, -0.9990618824958801, 0.043305885046720505)
        }},
        [6] = {Time = 0.133, Data = {
            
        }},
        [7] = {Time = 0.167, Data = {
            ["RightFoot"] = CFrame.new(2.60770320892334e-08, 2.980232238769531e-07, -3.892637323588133e-09, 0.9126080274581909, 0.26642948389053345, 0.31010010838508606, -0.18678629398345947, 0.9464207887649536, -0.2634361982345581, -0.3636723458766937, 0.18249180912971497, 0.9134765267372131),
            ["LeftLowerArm"] = CFrame.new(5.960464477539063e-08, 5.960464477539063e-08, -3.2782554626464844e-07, 1, -1.7881393432617188e-07, 1.7695124654437677e-07, 1.3411046495548362e-07, -0.3074674606323242, -0.9515585899353027, 1.9371512394172896e-07, 0.9515586495399475, -0.3074674606323242),
            ["LeftFoot"] = CFrame.new(-2.7939677238464355e-08, 0, -1.4901161193847656e-08, 0.8340458869934082, 0.5116303563117981, 0.2064014971256256, -0.2293657511472702, 0.6618282198905945, -0.7137050032615662, -0.5017556548118591, 0.5479214787483215, 0.6693456172943115),
            ["Head"] = CFrame.new(-4.470348358154297e-08, -1.1920928955078125e-07, -7.450580596923828e-08, 0.4042990803718567, 0.3653919994831085, -0.838469386100769, -0.7390588521957397, 0.6705809235572815, -0.06413570791482925, 0.5388268828392029, 0.6456082463264465, 0.5411615371704102),
            ["LowerTorso"] = CFrame.new(0.1405409425497055, -0.29902946949005127, 0.13832694292068481, 0.12139055132865906, -0.0072423419915139675, 0.9925785064697266, 0.27046093344688416, 0.9623783230781555, -0.026054902002215385, -0.9550472497940063, 0.27161651849746704, 0.1187824159860611),
            ["UpperTorso"] = CFrame.new(5.4016709327697754e-08, 2.9802322387695312e-08, -2.0489096641540527e-08, 0.9820128679275513, 0.11522512137889862, -0.14957965910434723, -0.05312589928507805, 0.9288164377212524, 0.3667120039463043, 0.1811864674091339, -0.35216936469078064, 0.9182311296463013),
            ["HumanoidRootPart"] = CFrame.new(0, 0, 0, 1, 0, 0, 0, 1, 0, 0, 0, 1),
            ["RightUpperLeg"] = CFrame.new(0, -1.664739102125168e-08, -1.6596459317952394e-08, 0.9679577350616455, 0.0529194138944149, 0.24547401070594788, 0.042629797011613846, 0.9287238717079163, -0.3683134913444519, -0.2474684864282608, 0.3669762909412384, 0.8967094421386719),
            ["LeftUpperArm"] = CFrame.new(2.980232238769531e-07, 2.384185791015625e-07, -8.940696716308594e-08, 0.45897769927978516, -0.27671778202056885, -0.8442551493644714, -0.871139645576477, 0.046486303210258484, -0.488830029964447, 0.17451424896717072, 0.9598262310028076, -0.21972371637821198),
            ["RightLowerArm"] = CFrame.new(-2.384185791015625e-07, 5.960464477539063e-08, 1.043081283569336e-07, 1, 3.5390254282674505e-08, -5.21540641784668e-08, -3.7252898543727042e-09, 0.9999867081642151, -0.005162134766578674, 1.1175869119028903e-08, 0.005162134300917387, 0.9999867081642151),
            ["LeftHand"] = CFrame.new(-5.960464477539063e-08, -1.1920928955078125e-07, 1.1175870895385742e-08, 0.6832143068313599, 0.6852656006813049, -0.25224941968917847, -0.6051837801933289, 0.3380650579929352, -0.7207390666007996, -0.40862080454826355, 0.6450762152671814, 0.6456820964813232),
            ["RightHand"] = CFrame.new(-7.450580596923828e-08, 0, 7.450580596923828e-08, 0.6193961501121521, -0.7834531664848328, -0.05049560219049454, 0.7388016581535339, 0.603434681892395, -0.3000643253326416, 0.2655571699142456, 0.1485523134469986, 0.9525816440582275),
            ["RightUpperArm"] = CFrame.new(1.1920928955078125e-07, 1.1920928955078125e-07, -8.381903171539307e-08, 0.9612748026847839, -0.26657524704933167, -0.06991875171661377, 0.22214153409004211, 0.899639368057251, -0.3759019374847412, 0.16310779750347137, 0.34581321477890015, 0.9240179657936096),
            ["RightLowerLeg"] = CFrame.new(-4.377216100692749e-08, 1.1920928955078125e-07, -5.75528247281909e-09, 1, -2.9802322387695312e-08, -5.401671643312511e-08, 1.3783574104309082e-07, 0.7921768426895142, 0.6102913618087769, -4.470348358154297e-08, -0.6102917194366455, 0.792177140712738),
            ["LeftUpperLeg"] = CFrame.new(8.940696716308594e-08, 2.534361556172371e-07, -3.725290298461914e-08, 0.9036575555801392, -0.08844908326864243, -0.4190226197242737, -0.1894778311252594, 0.7948875427246094, -0.5764131546020508, 0.3840590715408325, 0.6002755761146545, 0.7015467882156372),
            ["LeftLowerLeg"] = CFrame.new(2.9802322387695312e-08, -5.960464477539063e-08, 8.195638656616211e-08, 1, 1.3038518886787642e-07, 8.56816981809061e-08, -1.1920927533992653e-07, 0.006573559250682592, 0.9999784231185913, 6.70552182668871e-08, -0.9999784827232361, 0.006573536898940802)
        }},
        [8] = {Time = 0.200, Data = {
            ["RightFoot"] = CFrame.new(-7.078051567077637e-08, 2.980232238769531e-07, -5.75528247281909e-09, 0.9119614362716675, 0.2367028146982193, 0.3351088762283325, -0.13342121243476868, 0.9434947371482849, -0.3033421039581299, -0.38797563314437866, 0.23192600905895233, 0.8920121788978577),
            ["LeftLowerArm"] = CFrame.new(3.5762786865234375e-07, -1.7881393432617188e-07, 2.9802322387695312e-08, 1, -1.043081283569336e-07, 1.0803343286625022e-07, 1.0430814256778831e-07, -0.2859160900115967, -0.9582547545433044, 5.960465188081798e-08, 0.9582546949386597, -0.28591588139533997),
            ["LeftFoot"] = CFrame.new(-3.725290298461914e-09, 0, 5.960464477539063e-08, 0.8495689034461975, 0.4945448040962219, 0.18346109986305237, -0.23448005318641663, 0.6656347513198853, -0.7084840536117554, -0.4724954068660736, 0.5588881969451904, 0.681463360786438),
            ["Head"] = CFrame.new(0, 0, -1.1920928955078125e-07, 0.430702269077301, 0.30814889073371887, -0.8482568860054016, -0.7245055437088013, 0.6784958839416504, -0.12138815969228745, 0.5381331443786621, 0.6668489575386047, 0.5154853463172913),
            ["LowerTorso"] = CFrame.new(0.14024044573307037, -0.3114222288131714, 0.16354769468307495, 0.1293194591999054, 0.016800476238131523, 0.9914607405662537, 0.23500126600265503, 0.9708531498908997, -0.047103267163038254, -0.9633539915084839, 0.23908589780330658, 0.12160206586122513),
            ["UpperTorso"] = CFrame.new(1.4901161193847656e-08, -5.960464477539063e-08, -7.450580596923828e-09, 0.9822453856468201, 0.12804749608039856, -0.1371058225631714, -0.06427094340324402, 0.9162958264350891, 0.3953116834163666, 0.17624814808368683, -0.3794812262058258, 0.9082569479942322),
            ["HumanoidRootPart"] = CFrame.new(0, 0, 0, 1, 0, 0, 0, 1, 0, 0, 0, 1),
            ["RightUpperLeg"] = CFrame.new(5.960464477539063e-08, 3.14321368932724e-08, -5.757465260103345e-08, 0.9564537405967712, 0.03234989941120148, 0.29008615016937256, 0.0928967222571373, 0.9084234833717346, -0.40759915113449097, -0.27670684456825256, 0.41679760813713074, 0.8658597469329834),
            ["LeftUpperArm"] = CFrame.new(0, 0, -4.172325134277344e-07, 0.5114596486091614, -0.32836705446243286, -0.7940934300422668, -0.8343268036842346, 0.03143763542175293, -0.5503730177879333, 0.2056887000799179, 0.9440269470214844, -0.25788629055023193),
            ["RightLowerArm"] = CFrame.new(5.960464477539063e-08, 0, 4.284083843231201e-08, 1, 5.9138983488082886e-08, 3.3527612686157227e-08, -2.514570596190424e-08, 0.9999867677688599, -0.005154363811016083, -1.4901159417490817e-08, 0.00515427440404892, 0.9999867081642151),
            ["LeftHand"] = CFrame.new(-5.960464477539063e-08, 5.960464477539063e-08, -4.470348358154297e-08, 0.6812255382537842, 0.6929569244384766, -0.23609846830368042, -0.5886058211326599, 0.3266957402229309, -0.739467978477478, -0.43528735637664795, 0.6427134871482849, 0.6304321885108948),
            ["RightHand"] = CFrame.new(7.636845111846924e-08, 2.980232238769531e-07, -7.450580596923828e-09, 0.602958083152771, -0.684359610080719, -0.40999144315719604, 0.7021234035491943, 0.6992249488830566, -0.1345641314983368, 0.3787666857242584, -0.20672808587551117, 0.902108371257782),
            ["RightUpperArm"] = CFrame.new(0, -3.5762786865234375e-07, -1.8440186977386475e-07, 0.9471795558929443, -0.2555537819862366, 0.19376100599765778, 0.31632620096206665, 0.8439455032348633, -0.4332364499568939, -0.05280851200222969, 0.47164416313171387, 0.8802062273025513),
            ["RightLowerLeg"] = CFrame.new(7.450580596923828e-08, 1.1920928955078125e-07, -2.8107024263590574e-08, 1, -1.3783575525394554e-07, -5.029144389823159e-08, 1.043081283569336e-07, 0.7106366753578186, 0.703559160232544, -5.21540641784668e-08, -0.7035592198371887, 0.7106368541717529),
            ["LeftUpperLeg"] = CFrame.new(-5.960464477539063e-08, -1.2980308383703232e-07, 0, 0.9231221675872803, -0.10491903126239777, -0.36991575360298157, -0.1407736837863922, 0.8030362129211426, -0.5790644884109497, 0.3578105866909027, 0.5866215825080872, 0.7265305519104004),
            ["LeftLowerLeg"] = CFrame.new(2.60770320892334e-08, -5.960464477539063e-08, -8.195638656616211e-08, 1, 1.3038520307873114e-07, 1.229346082709526e-07, -9.313224325069314e-08, 0.02357359416782856, 0.9997221231460571, 6.70552182668871e-08, -0.9997221827507019, 0.02357368730008602)
        }},
        [9] = {Time = 0.233, Data = {
            ["RightFoot"] = CFrame.new(7.264316082000732e-08, 2.980232238769531e-07, -1.6931153368204832e-08, 0.9372761249542236, 0.12676285207271576, 0.3247225284576416, -0.005491957534104586, 0.936791181564331, -0.3498455286026001, -0.34854480624198914, 0.3261188268661499, 0.8787282705307007),
            ["LeftLowerArm"] = CFrame.new(3.8743019104003906e-07, 0, 0, 1, -1.6391278734317893e-07, 9.685756907629184e-08, 5.960465898624534e-08, -0.26905134320259094, -0.9631259441375732, 1.9371513815258368e-07, 0.9631258845329285, -0.2690512537956238),
            ["LeftFoot"] = CFrame.new(1.1175870895385742e-08, 5.960464477539063e-08, 0, 0.9021547436714172, 0.41538387537002563, 0.11650219559669495, -0.2272423654794693, 0.6870946288108826, -0.690117359161377, -0.3667120039463043, 0.5961183905601501, 0.7142586708068848),
            ["Head"] = CFrame.new(7.450580596923828e-09, 1.1920928955078125e-07, 5.21540641784668e-08, 0.46206173300743103, 0.22866208851337433, -0.8568621277809143, -0.6972052454948425, 0.690785825252533, -0.1916240006685257, 0.5480910539627075, 0.6859509944915771, 0.47861021757125854),
            ["LowerTorso"] = CFrame.new(0.13838672637939453, -0.31920433044433594, 0.1852145493030548, 0.14888034760951996, 0.0529978945851326, 0.9874339699745178, 0.15626053512096405, 0.9847556352615356, -0.0764143168926239, -0.9764308929443359, 0.16567356884479523, 0.13832928240299225),
            ["UpperTorso"] = CFrame.new(1.4901161193847656e-08, 5.960464477539063e-08, 3.725290298461914e-09, 0.9855494499206543, 0.0997646376490593, -0.1368919014930725, -0.033308401703834534, 0.9065173864364624, 0.4208526313304901, 0.16608110070228577, -0.4102112948894501, 0.8967406153678894),
            ["HumanoidRootPart"] = CFrame.new(0, 0, 0, 1, 0, 0, 0, 1, 0, 0, 0, 1),
            ["RightUpperLeg"] = CFrame.new(-5.960464477539063e-08, -6.798654794692993e-08, -2.4047039914876223e-08, 0.9216156601905823, 0.027688246220350266, 0.3871150612831116, 0.17133337259292603, 0.8659670948982239, -0.46983614563941956, -0.34823787212371826, 0.4993339478969574, 0.7933449149131775),
            ["LeftUpperArm"] = CFrame.new(0, 0, 2.9802322387695312e-08, 0.5569050908088684, -0.36502981185913086, -0.7460631132125854, -0.7953875064849854, 0.02430170588195324, -0.6056138277053833, 0.23919770121574402, 0.9306786060333252, -0.276806503534317),
            ["RightLowerArm"] = CFrame.new(1.7881393432617188e-07, 2.384185791015625e-07, 4.470348358154297e-08, 1, -7.450578820566989e-09, 2.980232594040899e-08, 3.585591912269592e-08, 0.8892126679420471, -0.4574943482875824, 6.28642737865448e-08, 0.4574941396713257, 0.8892125487327576),
            ["LeftHand"] = CFrame.new(-2.980232238769531e-07, 0, 4.470348358154297e-08, 0.6789328455924988, 0.700700044631958, -0.21924887597560883, -0.5715878009796143, 0.3170212507247925, -0.7568252682685852, -0.4608011245727539, 0.6391534209251404, 0.6157479286193848),
            ["RightHand"] = CFrame.new(-1.4156103134155273e-07, 5.960464477539063e-08, -2.086162567138672e-07, 0.7324437499046326, -0.6452321410179138, -0.21726061403751373, 0.650213897228241, 0.7575513124465942, -0.057771049439907074, 0.2018616497516632, -0.09895177185535431, 0.9744025468826294),
            ["RightUpperArm"] = CFrame.new(-5.960464477539063e-08, -3.5762786865234375e-07, -7.159542292356491e-08, 0.8653966784477234, -0.18756283819675446, 0.46465998888015747, 0.3600231111049652, 0.8777168393135071, -0.31622204184532166, -0.3485283851623535, 0.4409460723400116, 0.8271002173423767),
            ["RightLowerLeg"] = CFrame.new(7.450580596923828e-09, 1.1920928955078125e-07, -5.790934665128589e-08, 1, -1.7881393432617188e-07, -9.49949381379156e-08, 1.0430814256778831e-07, 0.5339068174362183, 0.8455430865287781, -7.450581307466564e-08, -0.8455433249473572, 0.5339071154594421),
            ["LeftUpperLeg"] = CFrame.new(0, 5.3085386753082275e-08, -4.0978193283081055e-08, 0.9584952592849731, -0.09750007092952728, -0.26791906356811523, -0.07114387303590775, 0.8281904458999634, -0.5559129118919373, 0.27608972787857056, 0.5519006252288818, 0.7868801355361938),
            ["LeftLowerLeg"] = CFrame.new(3.725290298461914e-08, -1.1920928955078125e-07, -2.2351741790771484e-08, 1, 7.823110337312755e-08, 7.450581307466564e-08, -7.078051567077637e-08, 0.10073444247245789, 0.9949133396148682, 1.1175870895385742e-07, -0.9949133396148682, 0.10073447972536087)
        }},
        [10] = {Time = 0.267, Data = {
            ["RightFoot"] = CFrame.new(1.3783574104309082e-07, 4.76837158203125e-07, 7.283233571797609e-09, 0.9594119191169739, -0.019567888230085373, 0.28132888674736023, 0.13022439181804657, 0.9156001210212708, -0.3804180324077606, -0.2501407563686371, 0.4016137421131134, 0.8809859156608582),
            ["LeftLowerArm"] = CFrame.new(-2.384185791015625e-07, 5.364418029785156e-07, -2.682209014892578e-07, 1, 0, 1.2665987014770508e-07, 2.9802322387695312e-08, -0.2565494775772095, -0.9665311574935913, 1.1920928955078125e-07, 0.9665311574935913, -0.25654950737953186),
            ["LeftFoot"] = CFrame.new(-1.955777406692505e-08, 0, -1.4901161193847656e-08, 0.956794261932373, 0.2906142771244049, 0.009386798366904259, -0.2137463241815567, 0.724872887134552, -0.6548831462860107, -0.19712276756763458, 0.6245819330215454, 0.7556718587875366),
            ["Head"] = CFrame.new(4.470348358154297e-08, 0, 1.3783574104309082e-07, 0.4931894540786743, 0.14105039834976196, -0.8584107756614685, -0.6627961993217468, 0.7000472545623779, -0.2657727003097534, 0.5634406208992004, 0.7000277042388916, 0.4387436509132385),
            ["LowerTorso"] = CFrame.new(0.13585075736045837, -0.32384562492370605, 0.20278318226337433, 0.1736132651567459, 0.09771925956010818, 0.9799537658691406, 0.054508060216903687, 0.9925861954689026, -0.10863582789897919, -0.9833043217658997, 0.07227601110935211, 0.16699963808059692),
            ["UpperTorso"] = CFrame.new(-3.166496753692627e-08, -1.4901161193847656e-07, 1.7695128917694092e-08, 0.9879506826400757, 0.047547753900289536, -0.14728498458862305, 0.023152491077780724, 0.8955278992652893, 0.444402813911438, 0.15302816033363342, -0.44245803356170654, 0.883636474609375),
            ["HumanoidRootPart"] = CFrame.new(0, 0, 0, 1, 0, 0, 0, 1, 0, 0, 0, 1),
            ["RightUpperLeg"] = CFrame.new(-5.960464477539063e-08, -7.636845111846924e-08, 1.5999830793589354e-08, 0.8636029958724976, 0.042941831052303314, 0.5023403763771057, 0.2502046823501587, 0.8285113573074341, -0.5009657740592957, -0.4377070665359497, 0.5583233833312988, 0.7047606706619263),
            ["LeftUpperArm"] = CFrame.new(0, -1.1920928955078125e-07, 3.2782554626464844e-07, 0.5958285927772522, -0.38751325011253357, -0.7034357190132141, -0.7568076252937317, 0.022191401571035385, -0.6532609462738037, 0.2687573730945587, 0.9215970039367676, -0.28005072474479675),
            ["RightLowerArm"] = CFrame.new(0, 4.172325134277344e-07, 8.940696716308594e-08, 1, -3.725289587919178e-08, 1.4901159417490817e-08, 7.171185245624656e-08, 0.6965982913970947, -0.7174616456031799, 3.9115558791991134e-08, 0.7174614071846008, 0.6965981125831604),
            ["LeftHand"] = CFrame.new(-7.450580596923828e-08, 1.1920928955078125e-07, 1.1920928955078125e-07, 0.67652428150177, 0.708070695400238, -0.2023639678955078, -0.5545233488082886, 0.3089897930622101, -0.7726765275001526, -0.4845811426639557, 0.634949803352356, 0.6016808748245239),
            ["RightHand"] = CFrame.new(2.9802322387695312e-08, 5.960464477539063e-08, 2.9802322387695312e-08, 0.8449350595474243, -0.5256799459457397, 0.09872084110975266, 0.5347242951393127, 0.8259011507034302, -0.1787644922733307, 0.012439326383173466, 0.20383302867412567, 0.9789267778396606),
            ["RightUpperArm"] = CFrame.new(0, 0, 1.5273690223693848e-07, 0.7081965208053589, -0.12146963179111481, 0.6954874992370605, 0.3483991324901581, 0.916918933391571, -0.19462203979492188, -0.6140650510787964, 0.3801380395889282, 0.6916787624359131),
            ["RightLowerLeg"] = CFrame.new(-2.9802322387695312e-08, 3.5762786865234375e-07, 1.6952981241047382e-09, 1, -8.940695295223122e-08, -1.3038520307873114e-07, 1.8626448650138627e-07, 0.3347115218639374, 0.9423206448554993, -1.341104365337742e-07, -0.942320704460144, 0.33471184968948364),
