return {
    ["Backshots"] = {
        {Time = 0.000, Data = {
            ["LeftFoot"] = CFrame.new(-1.7881393432617188e-07, -0.09142819792032242, -0.03261338174343109, 1, 0, 0, 0, 0.9418735504150391, -0.3359571695327759, 0, 0.3359571695327759, 0.9418735504150391),
            ["LeftLowerArm"] = CFrame.new(0.0000017881393432617188, -3.129243850708008e-07, -8.046627044677734e-07, 1, 0, 0, 0, 0.8185835480690002, -0.5743876099586487, 0, 0.5743876099586487, 0.8185835480690002),
            ["RightUpperArm"] = CFrame.new(2.384185791015625e-07, -0.06279762089252472, 0.735166072845459, 1, 0, 0, 0, 0.34450072050094604, -0.9387860894203186, 0, 0.9387860894203186, 0.34450072050094604),
            ["Head"] = CFrame.new(0, 8.940696716308594e-07, 5.960464477539062e-07, 1, 0, 0, 0, 0.8659781217575073, 0.5000817775726318, 0, -0.5000817775726318, 0.8659781217575073),
            ["RightFoot"] = CFrame.new(0.006957928650081158, -0.1214112788438797, -0.038476865738630295, 0.9977139234542847, -0.05454561486840248, -0.03989146649837494, 0.0398862287402153, 0.9518567323684692, -0.30393630266189575, 0.05454947054386139, 0.3016497492790222, 0.9518573880195618),
            ["UpperTorso"] = CFrame.new(-5.960464477539063e-08, -5.960464477539063e-08, 1.1920928955078125e-07, 1, 0, 0, 0, 0.9991748332977295, -0.04061692953109741, 0, 0.04061692953109741, 0.9991748332977295),
            ["HumanoidRootPart"] = CFrame.new(0, 0, 0, 1, 0, 0, 0, 1, 0, 0, 0, 1),
            ["RightHand"] = CFrame.new(8.146744221448898e-07, 0.000002205371856689453, -0.0000011548399925231934, 0.8736183047294617, 0.02285502851009369, 0.4860750734806061, -0.18047413229942322, 0.9428746104240417, 0.2800312638282776, -0.45190733671188354, -0.33236441016197205, 0.8278372883796692),
            ["LeftUpperArm"] = CFrame.new(3.5762786865234375e-07, -0.0002486705780029297, 0.6498335599899292, 1, 0, 0, 0, 0.4658331573009491, -0.884872555732727, 0, 0.884872555732727, 0.4658331573009491),
            ["RightLowerArm"] = CFrame.new(-3.5762786865234375e-07, 0.0000010728836059570312, 5.21540641784668e-07, 1, 0, 0, 0, 0.9012346267700195, -0.4333314299583435, 0, 0.4333314299583435, 0.9012346267700195),
            ["LeftHand"] = CFrame.new(2.110755303874612e-08, -1.1175870895385742e-07, 7.078051567077637e-07, 0.9338042736053467, -0.0028230175375938416, -0.35777345299720764, 0.13401567935943604, 0.9299300312995911, 0.34244975447654724, 0.3317369520664215, -0.3677282929420471, 0.868751049041748),
            ["LowerTorso"] = CFrame.new(-1.1920928955078125e-07, -1.043081283569336e-07, -2.60770320892334e-08, 1, 0, 0, 0, 0.9600889682769775, -0.2796947658061981, 0, 0.2796947658061981, 0.9600889682769775),
            ["RightUpperLeg"] = CFrame.new(3.390014171600342e-07, -9.238719940185547e-07, -0.000005111098289489746, 0.9765345454216003, -0.10985726863145828, 0.18523389101028442, 0.006074458360671997, 0.8738181591033936, 0.4862145781517029, -0.21527493000030518, -0.47367995977401733, 0.8539811968803406),
            ["RightLowerLeg"] = CFrame.new(0, 2.384185791015625e-07, 7.227063179016113e-07, 1, 0, 0, 0, 0.9688790440559387, 0.24753496050834656, 0, -0.24753496050834656, 0.9688790440559387),
            ["LeftUpperLeg"] = CFrame.new(7.82310962677002e-08, 0.0000015795230865478516, 0.000003471970558166504, 0.9678499698638916, 0.08393077552318573, -0.23711183667182922, 0.04783220589160919, 0.8640673756599426, 0.5010977387428284, 0.24693824350833893, -0.496329128742218, 0.8322729468345642),
            ["LeftLowerLeg"] = CFrame.new(2.9802322387695312e-08, 1.4901161193847656e-07, -2.0116567611694336e-07, 1, 0, 0, 0, 0.9733179211616516, 0.22945964336395264, 0, -0.22945964336395264, 0.9733179211616516),
        }},
        {Time = 0.017, Data = {
            ["LeftFoot"] = CFrame.new(-0.000630972208455205, -0.0855049341917038, -0.031815797090530396, 0.9999205470085144, -0.008504031226038933, -0.009302890859544277, 0.005441286601126194, 0.9570172429084778, -0.28997987508773804, 0.011369024403393269, 0.28990620374679565, 0.9569875001907349),
            ["LeftLowerArm"] = CFrame.new(0.0000017881393432617188, -3.427267074584961e-07, -8.195638656616211e-07, 1, 0, 0, 0, 0.8185834884643555, -0.5743876099586487, 0, 0.5743876099586487, 0.8185834884643555),
            ["RightUpperArm"] = CFrame.new(2.384185791015625e-07, -0.10926897078752518, 0.7312636375427246, 1, 0, 0, 0, 0.2865111231803894, -0.9580770134925842, 0, 0.9580770134925842, 0.2865111231803894),
            ["Head"] = CFrame.new(0, 8.940696716308594e-07, 6.109476089477539e-07, 1, 0, 0, 0, 0.8995686769485474, 0.43677932024002075, 0, -0.43677932024002075, 0.8995686769485474),
            ["RightFoot"] = CFrame.new(0.010253902524709702, -0.11268099397420883, -0.04961902275681496, 0.9981080293655396, -0.045668236911296844, -0.04116718843579292, 0.03311032056808472, 0.9634102582931519, -0.2659781873226166, 0.051807645708322525, 0.2641119062900543, 0.9630995988845825),
            ["UpperTorso"] = CFrame.new(-5.960464477539063e-08, -1.1920928955078125e-07, 1.1920928955078125e-07, 1, 0, 0, 0, 0.9999463558197021, -0.010355213657021523, 0, 0.010355213657021523, 0.9999463558197021),
            ["HumanoidRootPart"] = CFrame.new(0, 0, 0, 1, 0, 0, 0, 1, 0, 0, 0, 1),
            ["RightHand"] = CFrame.new(8.081551641225815e-07, 0.0000022277235984802246, -0.0000011622905731201172, 0.8736181855201721, 0.022854983806610107, 0.4860750138759613, -0.1804741770029068, 0.9428740739822388, 0.2800312340259552, -0.4519074261188507, -0.33236435055732727, 0.8278366923332214),
            ["LeftUpperArm"] = CFrame.new(3.5762786865234375e-07, -0.04163646697998047, 0.651625394821167, 1, 0, 0, 0, 0.41348469257354736, -0.9105111360549927, 0, 0.9105111360549927, 0.41348469257354736),
            ["RightLowerArm"] = CFrame.new(-3.5762786865234375e-07, 0.0000010728836059570312, 5.21540641784668e-07, 1, 0, 0, 0, 0.9012346267700195, -0.4333314895629883, 0, 0.4333314895629883, 0.9012346267700195),
            ["LeftHand"] = CFrame.new(2.4600012693554163e-08, -1.1175870895385742e-07, 7.078051567077637e-07, 0.9338042736053467, -0.002822957932949066, -0.35777315497398376, 0.13401567935943604, 0.9299290776252747, 0.3424495756626129, 0.3317369520664215, -0.3677280843257904, 0.8687500357627869),
            ["LowerTorso"] = CFrame.new(-1.1920928955078125e-07, -0.008518099784851074, 0.08455733954906464, 1, 0, 0, 0, 0.9687616229057312, -0.2479938268661499, 0, 0.2479938268661499, 0.9687616229057312),
            ["RightUpperLeg"] = CFrame.new(3.2782554626464844e-07, -9.5367431640625e-07, -0.0000050961971282958984, 0.9751824140548706, -0.11225356161594391, 0.19083620607852936, 0.021787691861391068, 0.9064118266105652, 0.4218328297138214, -0.2203284353017807, -0.40720608830451965, 0.886362612247467),
            ["RightLowerLeg"] = CFrame.new(0, 2.384185791015625e-07, 7.227063179016113e-07, 1, 0, 0, 0, 0.968878984451294, 0.24753496050834656, 0, -0.24753496050834656, 0.968878984451294),
            ["LeftUpperLeg"] = CFrame.new(8.568167686462402e-08, 0.0000016093254089355469, 0.0000034570693969726562, 0.9691200256347656, 0.08092903345823288, -0.23293088376522064, 0.02836177684366703, 0.9017597436904907, 0.4313061237335205, 0.24495287239551544, -0.4245937466621399, 0.8716181516647339),
            ["LeftLowerLeg"] = CFrame.new(2.9802322387695312e-08, 1.7881393432617188e-07, -2.086162567138672e-07, 1, 0, 0, 0, 0.9733181595802307, 0.22945967316627502, 0, -0.22945967316627502, 0.9733181595802307),
        }},
        {Time = 0.033, Data = {
            ["LeftFoot"] = CFrame.new(-0.00126176537014544, -0.07958168536424637, -0.031018223613500595, 0.9996824860572815, -0.01654624752700329, -0.019005177542567253, 0.011425849050283432, 0.9698647856712341, -0.24337588250637054, 0.02245940826833248, 0.2430814653635025, 0.9697458744049072),
            ["LeftLowerArm"] = CFrame.new(0.0000017881393432617188, -3.725290298461914e-07, -8.344650268554688e-07, 1, 0, 0, 0, 0.8185834884643555, -0.5743876099586487, 0, 0.5743876099586487, 0.8185834884643555),
            ["RightUpperArm"] = CFrame.new(2.384185791015625e-07, -0.15574023127555847, 0.7273609638214111, 1, 0, 0, 0, 0.22745132446289062, -0.9737894535064697, 0, 0.9737894535064697, 0.22745132446289062),
            ["Head"] = CFrame.new(0, 9.238719940185547e-07, 5.811452865600586e-07, 1, 0, 0, 0, 0.9285394549369812, 0.3712337613105774, 0, -0.3712337613105774, 0.9285394549369812),
            ["RightFoot"] = CFrame.new(0.01354987733066082, -0.10395066440105438, -0.06076118350028992, 0.9984379410743713, -0.03674471378326416, -0.04209001362323761, 0.02622872404754162, 0.9734017848968506, -0.2275984138250351, 0.04933353513479233, 0.2261389046907425, 0.9728450179100037),
            ["UpperTorso"] = CFrame.new(-5.960464477539063e-08, -5.960464477539063e-08, 1.1920928955078125e-07, 1, 0, 0, 0, 0.9998016357421875, 0.019915994256734848, 0, -0.019915994256734848, 0.9998016357421875),
            ["HumanoidRootPart"] = CFrame.new(0, 0, 0, 1, 0, 0, 0, 1, 0, 0, 0, 1),
            ["RightHand"] = CFrame.new(8.109491318464279e-07, 0.000002205371856689453, -0.0000011622905731201172, 0.8736182451248169, 0.022854991257190704, 0.4860749840736389, -0.1804741621017456, 0.9428741335868835, 0.2800312042236328, -0.4519073963165283, -0.3323643207550049, 0.8278367519378662),
            ["LeftUpperArm"] = CFrame.new(3.5762786865234375e-07, -0.08302423357963562, 0.6534171104431152, 1, 0, 0, 0, 0.3597314953804016, -0.9330559372901917, 0, 0.9330559372901917, 0.3597314953804016),
            ["RightLowerArm"] = CFrame.new(-3.5762786865234375e-07, 0.0000010728836059570312, 5.140900611877441e-07, 1, 0, 0, 0, 0.9012346267700195, -0.4333314597606659, 0, 0.4333314597606659, 0.9012346267700195),
            ["LeftHand"] = CFrame.new(2.7190253604203463e-08, -1.1175870895385742e-07, 7.078051567077637e-07, 0.9338042736053467, -0.002822965383529663, -0.3577731251716614, 0.13401566445827484, 0.9299290776252747, 0.3424495756626129, 0.3317369222640991, -0.3677280843257904, 0.8687500357627869),
            ["LowerTorso"] = CFrame.new(-1.1920928955078125e-07, -0.017036139965057373, 0.16911470890045166, 1, 0, 0, 0, 0.9763878583908081, -0.21602500975131989, 0, 0.21602500975131989, 0.9763878583908081),
            ["RightUpperLeg"] = CFrame.new(3.0174851417541504e-07, -0.0000010132789611816406, -0.000005140900611877441, 0.9738086462020874, -0.11421665549278259, 0.19659951329231262, 0.037831250578165054, 0.9340108633041382, 0.3552359342575073, -0.22419992089271545, -0.3384941816329956, 0.91386878490448),
            ["RightLowerLeg"] = CFrame.new(0, 2.384185791015625e-07, 7.227063179016113e-07, 1, 0, 0, 0, 0.968878984451294, 0.24753496050834656, 0, -0.24753496050834656, 0.968878984451294),
            ["LeftUpperLeg"] = CFrame.new(8.568167686462402e-08, 0.0000015795230865478516, 0.000003471970558166504, 0.9703881740570068, 0.07828977704048157, -0.22851145267486572, 0.009119391441345215, 0.933469831943512, 0.35854002833366394, 0.2413785755634308, -0.35000690817832947, 0.9051141142845154),
            ["LeftLowerLeg"] = CFrame.new(2.9802322387695312e-08, 1.4901161193847656e-07, -2.0116567611694336e-07, 1, 0, 0, 0, 0.9733181595802307, 0.2294597029685974, 0, -0.2294597029685974, 0.9733181595802307),
        }},
        {Time = 0.050, Data = {
            ["LeftFoot"] = CFrame.new(-0.0018925606273114681, -0.07365839928388596, -0.030220607295632362, 0.9992862939834595, -0.02410651184618473, -0.029082568362355232, 0.017938701435923576, 0.980387270450592, -0.19626259803771973, 0.033243387937545776, 0.19560080766677856, 0.9801200032234192),
            ["LeftLowerArm"] = CFrame.new(0.0000017881393432617188, -3.725290298461914e-07, -8.344650268554688e-07, 1, 0, 0, 0, 0.8185834884643555, -0.5743876099586487, 0, 0.5743876099586487, 0.8185834884643555),
            ["RightUpperArm"] = CFrame.new(2.384185791015625e-07, -0.20221155881881714, 0.7234584093093872, 1, 0, 0, 0, 0.16754204034805298, -0.9858649373054504, 0, 0.9858649373054504, 0.16754204034805298),
            ["Head"] = CFrame.new(0, 8.642673492431641e-07, 5.811452865600586e-07, 1, 0, 0, 0, 0.9527416229248047, 0.30378177762031555, 0, -0.30378177762031555, 0.9527416229248047),
            ["RightFoot"] = CFrame.new(0.01684584468603134, -0.09522036463022232, -0.07190334796905518, 0.998703122138977, -0.027789495885372162, -0.042658545076847076, 0.019252672791481018, 0.9818154573440552, -0.18885907530784607, 0.047131121158599854, 0.18779286742210388, 0.9810771942138672),
            ["UpperTorso"] = CFrame.new(-5.960464477539063e-08, -1.1920928955078125e-07, 1.2293457984924316e-07, 1, 0, 0, 0, 0.9987407326698303, 0.0501689612865448, 0, -0.0501689612865448, 0.9987407326698303),
            ["HumanoidRootPart"] = CFrame.new(0, 0, 0, 1, 0, 0, 0, 1, 0, 0, 0, 1),
            ["RightHand"] = CFrame.new(8.114147931337357e-07, 0.0000022202730178833008, -0.000001166015863418579, 0.8736182451248169, 0.022854968905448914, 0.48607492446899414, -0.1804741472005844, 0.9428740739822388, 0.2800312042236328, -0.45190733671188354, -0.3323643207550049, 0.8278367519378662),
            ["LeftUpperArm"] = CFrame.new(3.5762786865234375e-07, -0.12441201508045197, 0.655208945274353, 1, 0, 0, 0, 0.3047558665275574, -0.9524306654930115, 0, 0.9524306654930115, 0.3047558665275574),
            ["RightLowerArm"] = CFrame.new(-3.5762786865234375e-07, 0.0000010728836059570312, 5.140900611877441e-07, 1, 0, 0, 0, 0.9012346267700195, -0.4333314895629883, 0, 0.4333314895629883, 0.9012346267700195),
            ["LeftHand"] = CFrame.new(2.3726897779852152e-08, -1.1175870895385742e-07, 7.078051567077637e-07, 0.9338042736053467, -0.002822957932949066, -0.3577731251716614, 0.13401567935943604, 0.9299290776252747, 0.3424495756626129, 0.3317369222640991, -0.3677280843257904, 0.8687500357627869),
            ["LowerTorso"] = CFrame.new(-1.1920928955078125e-07, -0.025554150342941284, 0.2536720633506775, 1, 0, 0, 0, 0.9829593896865845, -0.18382279574871063, 0, 0.18382279574871063, 0.9829593896865845),
            ["RightUpperLeg"] = CFrame.new(2.8312206268310547e-07, -0.0000010132789611816406, -0.000005170702934265137, 0.9724208116531372, -0.11573585122823715, 0.2024921029806137, 0.05411701649427414, 0.9564638137817383, 0.2867897152900696, -0.22686822712421417, -0.26792198419570923, 0.936348557472229),
            ["RightLowerLeg"] = CFrame.new(0, 2.384185791015625e-07, 7.301568984985352e-07, 1, 0, 0, 0, 0.968878984451294, 0.24753496050834656, 0, -0.24753496050834656, 0.968878984451294),
            ["LeftUpperLeg"] = CFrame.new(8.195638656616211e-08, 0.0000016093254089355469, 0.000003471970558166504, 0.9716458320617676, 0.07603076845407486, -0.2238832712173462, -0.00976603478193283, 0.9589853882789612, 0.2832871973514557, 0.23623934388160706, -0.2730683982372284, 0.9325366616249084),
            ["LeftLowerLeg"] = CFrame.new(2.9802322387695312e-08, 2.086162567138672e-07, -2.1606683731079102e-07, 1, 0, 0, 0, 0.9733181595802307, 0.22945967316627502, 0, -0.22945967316627502, 0.9733181595802307),
        }},
        {Time = 0.067, Data = {
            ["LeftFoot"] = CFrame.new(-0.00252335611730814, -0.06773505359888077, -0.029423002153635025, 0.9987330436706543, -0.03116588667035103, -0.039509814232587814, 0.024963531643152237, 0.9885584712028503, -0.14875799417495728, 0.04369393363595009, 0.1475832164287567, 0.9880840182304382),
            ["LeftLowerArm"] = CFrame.new(0.0000017881393432617188, -3.725290298461914e-07, -8.344650268554688e-07, 1, 0, 0, 0, 0.8185834884643555, -0.5743876099586487, 0, 0.5743876099586487, 0.8185834884643555),
            ["RightUpperArm"] = CFrame.new(2.384185791015625e-07, -0.2486828863620758, 0.7195558547973633, 1, 0, 0, 0, 0.1070069670677185, -0.9942582845687866, 0, 0.9942582845687866, 0.1070069670677185),
            ["Head"] = CFrame.new(0, 8.642673492431641e-07, 5.885958671569824e-07, 1, 0, 0, 0, 0.9720510244369507, 0.23476962745189667, 0, -0.23476962745189667, 0.9720510244369507),
            ["RightFoot"] = CFrame.new(0.020141825079917908, -0.08649007230997086, -0.08304550498723984, 0.9989033937454224, -0.018817100673913956, -0.042871858924627304, 0.012193475849926472, 0.9886376857757568, -0.14982299506664276, 0.04520396515727043, 0.14913593232631683, 0.9877829551696777),
            ["UpperTorso"] = CFrame.new(-5.960464477539063e-08, -1.7881393432617188e-07, 1.2665987014770508e-07, 1, 0, 0, 0, 0.996764600276947, 0.08037593215703964, 0, -0.08037593215703964, 0.996764600276947),
            ["HumanoidRootPart"] = CFrame.new(0, 0, 0, 1, 0, 0, 0, 1, 0, 0, 0, 1),
            ["RightHand"] = CFrame.new(8.130446076393127e-07, 0.000002205371856689453, -0.0000011548399925231934, 0.8736182451248169, 0.02285497635602951, 0.48607492446899414, -0.18047413229942322, 0.9428741335868835, 0.2800312042236328, -0.45190733671188354, -0.3323643207550049, 0.827836811542511),
            ["LeftUpperArm"] = CFrame.new(3.5762786865234375e-07, -0.16579967737197876, 0.6570006608963013, 1, 0, 0, 0, 0.24874496459960938, -0.9685690402984619, 0, 0.9685690402984619, 0.24874496459960938),
            ["RightLowerArm"] = CFrame.new(-3.5762786865234375e-07, 0.0000010728836059570312, 5.140900611877441e-07, 1, 0, 0, 0, 0.9012346267700195, -0.4333314597606659, 0, 0.4333314597606659, 0.9012346267700195),
            ["LeftHand"] = CFrame.new(2.7190253604203463e-08, -1.1175870895385742e-07, 7.078051567077637e-07, 0.9338042736053467, -0.002822965383529663, -0.3577731251716614, 0.13401566445827484, 0.9299290776252747, 0.3424495756626129, 0.3317369222640991, -0.3677280843257904, 0.8687500357627869),
            ["LowerTorso"] = CFrame.new(-1.1920928955078125e-07, -0.03407219052314758, 0.33822938799858093, 1, 0, 0, 0, 0.9884691834449768, -0.15142202377319336, 0, 0.15142202377319336, 0.9884691834449768),
            ["RightUpperLeg"] = CFrame.new(2.5331974029541016e-07, -0.000001043081283569336, -0.000005207955837249756, 0.9710265398025513, -0.11680274456739426, 0.20848162472248077, 0.07055551558732986, 0.97364741563797, 0.21687006950378418, -0.22831861674785614, -0.1958770751953125, 0.953678548336029),
            ["RightLowerLeg"] = CFrame.new(0, 1.7881393432617188e-07, 7.450580596923828e-07, 1, 0, 0, 0, 0.968878984451294, 0.24753497540950775, 0, -0.24753497540950775, 0.968878984451294),
            ["LeftUpperLeg"] = CFrame.new(8.195638656616211e-08, 0.0000015497207641601562, 0.0000034794211387634277, 0.9728845953941345, 0.07416708022356033, -0.21907727420330048, -0.028168030083179474, 0.9781356453895569, 0.20605163276195526, 0.22956953942775726, -0.19429348409175873, 0.9537022113800049),
            ["LeftLowerLeg"] = CFrame.new(2.9802322387695312e-08, 2.086162567138672e-07, -2.1606683731079102e-07, 1, 0, 0, 0, 0.9733181595802307, 0.22945967316627502, 0, -0.22945967316627502, 0.9733181595802307),
        }},
        {Time = 0.083, Data = {
            ["LeftFoot"] = CFrame.new(-0.0031541497446596622, -0.06181182712316513, -0.02862541377544403, 0.9980241060256958, -0.03770668804645538, -0.05026080831885338, 0.03248273581266403, 0.9943579435348511, -0.10098114609718323, 0.053784895688295364, 0.09914900362491608, 0.9936180114746094),
            ["LeftLowerArm"] = CFrame.new(0.0000017881393432617188, -3.725290298461914e-07, -8.344650268554688e-07, 1, 0, 0, 0, 0.8185834884643555, -0.5743876099586487, 0, 0.5743876099586487, 0.8185834884643555),
            ["RightUpperArm"] = CFrame.new(2.384185791015625e-07, -0.2951541543006897, 0.7156533002853394, 1, 0, 0, 0, 0.046072185039520264, -0.9989380240440369, 0, 0.9989380240440369, 0.046072185039520264),
            ["Head"] = CFrame.new(0, 8.940696716308594e-07, 6.034970283508301e-07, 1, 0, 0, 0, 0.9863684177398682, 0.16455183923244476, 0, -0.16455183923244476, 0.9863684177398682),
            ["RightFoot"] = CFrame.new(0.02343779057264328, -0.07775972038507462, -0.0941876471042633, 0.9990381598472595, -0.009842077270150185, -0.04272960498929024, 0.005062582902610302, 0.9938572645187378, -0.11055350303649902, 0.04355520382523537, 0.11023084819316864, 0.9929512143135071),
            ["UpperTorso"] = CFrame.new(-5.960464477539063e-08, -5.960464477539063e-08, 1.1920928955078125e-07, 1, 0, 0, 0, 0.9938750863075256, 0.11050926148891449, 0, -0.11050926148891449, 0.9938750863075256),
            ["HumanoidRootPart"] = CFrame.new(0, 0, 0, 1, 0, 0, 0, 1, 0, 0, 0, 1),
            ["RightHand"] = CFrame.new(8.118804544210434e-07, 0.0000022277235984802246, -0.0000011548399925231934, 0.8736182451248169, 0.022854968905448914, 0.48607492446899414, -0.1804741472005844, 0.9428740739822388, 0.2800312042236328, -0.45190733671188354, -0.3323643207550049, 0.8278367519378662),
            ["LeftUpperArm"] = CFrame.new(3.5762786865234375e-07, -0.20718754827976227, 0.6587924957275391, 1, 0, 0, 0, 0.191888689994812, -0.9814168214797974, 0, 0.9814168214797974, 0.191888689994812),
            ["RightLowerArm"] = CFrame.new(-3.5762786865234375e-07, 0.0000010728836059570312, 5.21540641784668e-07, 1, 0, 0, 0, 0.9012346267700195, -0.4333314895629883, 0, 0.4333314895629883, 0.9012346267700195),
            ["LeftHand"] = CFrame.new(2.3726897779852152e-08, -1.1175870895385742e-07, 7.078051567077637e-07, 0.9338042736053467, -0.002822957932949066, -0.3577731251716614, 0.13401567935943604, 0.9299290776252747, 0.3424495756626129, 0.3317369222640991, -0.3677280843257904, 0.8687500357627869),
            ["LowerTorso"] = CFrame.new(-1.1920928955078125e-07, -0.0425901859998703, 0.4227868318557739, 1, 0, 0, 0, 0.9929112792015076, -0.11885770410299301, 0, 0.11885770410299301, 0.9929112792015076),
            ["RightUpperLeg"] = CFrame.new(2.4959444999694824e-07, -9.834766387939453e-07, -0.000005234032869338989, 0.9696335196495056, -0.11741151660680771, 0.2145351767539978, 0.08705643564462662, 0.9854671955108643, 0.1458612084388733, -0.22854316234588623, -0.1227552592754364, 0.965763509273529),
            ["RightLowerLeg"] = CFrame.new(0, 1.7881393432617188e-07, 7.450580596923828e-07, 1, 0, 0, 0, 0.968878984451294, 0.24753497540950775, 0, -0.24753497540950775, 0.968878984451294),
            ["LeftUpperLeg"] = CFrame.new(8.381903171539307e-08, 0.0000016093254089355469, 0.000003471970558166504, 0.9740961194038391, 0.07271123677492142, -0.21412570774555206, -0.04596329480409622, 0.9907922148704529, 0.12735071778297424, 0.22141389548778534, -0.11420991271734238, 0.9684689044952393),
            ["LeftLowerLeg"] = CFrame.new(2.9802322387695312e-08, 2.086162567138672e-07, -2.1606683731079102e-07, 1, 0, 0, 0, 0.9733181595802307, 0.22945965826511383, 0, -0.22945965826511383, 0.9733181595802307),
        }},
        {Time = 0.100, Data = {
            ["LeftFoot"] = CFrame.new(-0.0037849447689950466, -0.055888548493385315, -0.02782781794667244, 0.9971612095832825, -0.043712519109249115, -0.06130857393145561, 0.04047747701406479, 0.9977710247039795, -0.05305164307355881, 0.06349094212055206, 0.05041942745447159, 0.9967079758644104),
            ["LeftLowerArm"] = CFrame.new(0.0000017881393432617188, -3.725290298461914e-07, -8.344650268554688e-07, 1, 0, 0, 0, 0.8185834884643555, -0.5743876099586487, 0, 0.5743876099586487, 0.8185834884643555),
            ["RightUpperArm"] = CFrame.new(2.384185791015625e-07, -0.3416255712509155, 0.7117509245872498, 1, 0, 0, 0, -0.015034675598144531, -0.9998870491981506, 0, 0.9998870491981506, -0.015034675598144531),
            ["Head"] = CFrame.new(0, 8.940696716308594e-07, 5.960464477539062e-07, 1, 0, 0, 0, 0.9956203103065491, 0.09348899126052856, 0, -0.09348899126052856, 0.9956203103065491),
            ["RightFoot"] = CFrame.new(0.026733769103884697, -0.06902937591075897, -0.10532981157302856, 0.9991074800491333, -0.000878980674315244, -0.042232006788253784, -0.0021284427493810654, 0.9974659085273743, -0.07111421972513199, 0.04218749701976776, 0.07114063948392868, 0.9965737462043762),
            ["UpperTorso"] = CFrame.new(-5.960464477539063e-08, -5.960464477539063e-08, 1.1920928955078125e-07, 1, 0, 0, 0, 0.9900748133659363, 0.14054131507873535, 0, -0.14054131507873535, 0.9900748133659363),
            ["HumanoidRootPart"] = CFrame.new(0, 0, 0, 1, 0, 0, 0, 1, 0, 0, 0, 1),
            ["RightHand"] = CFrame.new(8.062925189733505e-07, 0.000002212822437286377, -0.0000011548399925231934, 0.8736182451248169, 0.02285497635602951, 0.48607495427131653, -0.18047413229942322, 0.9428741335868835, 0.2800312042236328, -0.45190736651420593, -0.3323643207550049, 0.8278367519378662),
            ["LeftUpperArm"] = CFrame.new(3.5762786865234375e-07, -0.24857524037361145, 0.6605842113494873, 1, 0, 0, 0, 0.13438057899475098, -0.9909298419952393, 0, 0.9909298419952393, 0.13438057899475098),
            ["RightLowerArm"] = CFrame.new(-3.5762786865234375e-07, 0.0000010728836059570312, 5.21540641784668e-07, 1, 0, 0, 0, 0.9012346267700195, -0.4333314895629883, 0, 0.4333314895629883, 0.9012346267700195),
            ["LeftHand"] = CFrame.new(2.7190253604203463e-08, -1.1175870895385742e-07, 7.078051567077637e-07, 0.9338042736053467, -0.002822965383529663, -0.3577731251716614, 0.13401566445827484, 0.9299290776252747, 0.3424495756626129, 0.3317369222640991, -0.3677280843257904, 0.8687500357627869),
            ["LowerTorso"] = CFrame.new(-1.1920928955078125e-07, -0.05110818147659302, 0.5073443055152893, 1, 0, 0, 0, 0.9962809085845947, -0.08616498857736588, 0, 0.08616498857736588, 0.9962809085845947),
            ["RightUpperLeg"] = CFrame.new(2.3096799850463867e-07, -9.238719940185547e-07, -0.000005276873707771301, 0.9682494401931763, -0.11755876988172531, 0.22061945497989655, 0.10352913290262222, 0.9918583631515503, 0.0741531103849411, -0.22754059731960297, -0.04895816743373871, 0.9725370407104492),
            ["RightLowerLeg"] = CFrame.new(0, 1.7881393432617188e-07, 7.450580596923828e-07, 1, 0, 0, 0, 0.968878984451294, 0.24753497540950775, 0, -0.24753497540950775, 0.968878984451294),
            ["LeftUpperLeg"] = CFrame.new(8.381903171539307e-08, 0.0000017285346984863281, 0.000003468245267868042, 0.9752723574638367, 0.07167297601699829, -0.20906177163124084, -0.06303264200687408, 0.9968703389167786, 0.047711580991744995, 0.2118270993232727, -0.03335407376289368, 0.9767378568649292),
            ["LeftLowerLeg"] = CFrame.new(2.9802322387695312e-08, 2.086162567138672e-07, -2.1606683731079102e-07, 1, 0, 0, 0, 0.9733181595802307, 0.22945965826511383, 0, -0.22945965826511383, 0.9733181595802307),
        }},
        {Time = 0.117, Data = {
            ["LeftFoot"] = CFrame.new(-0.00441573653370142, -0.04996528476476669, -0.027030229568481445, 0.996146559715271, -0.04916836693882942, -0.07262550294399261, 0.04892775043845177, 0.9987893104553223, -0.005089578218758106, 0.0727878212928772, 0.0015165634686127305, 0.9973462820053101),
            ["LeftLowerArm"] = CFrame.new(0.0000017881393432617188, -3.427267074584961e-07, -8.195638656616211e-07, 1, 0, 0, 0, 0.8185834288597107, -0.5743876695632935, 0, 0.5743876695632935, 0.8185834288597107),
            ["RightUpperArm"] = CFrame.new(2.384185791015625e-07, -0.3880968689918518, 0.7078483700752258, 1, 0, 0, 0, -0.07608544826507568, -0.997101366519928, 0, 0.997101366519928, -0.07608544826507568),
            ["Head"] = CFrame.new(0, 8.940696716308594e-07, 5.979090929031372e-07, 1, 0, 0, 0, 0.9997591376304626, 0.021946024149656296, 0, -0.021946024149656296, 0.9997591376304626),
            ["RightFoot"] = CFrame.new(0.03002973459661007, -0.06029908359050751, -0.11647194623947144, 0.999110996723175, 0.008057655766606331, -0.041379887610673904, -0.009367940947413445, 0.9994576573371887, -0.03156914934515953, 0.04110307618975639, 0.03192872926592827, 0.9986445903778076),
            ["UpperTorso"] = CFrame.new(-5.960464477539063e-08, -5.960464477539063e-08, 1.043081283569336e-07, 1, 0, 0, 0, 0.9853672385215759, 0.17044462263584137, 0, -0.17044462263584137, 0.9853672385215759),
            ["HumanoidRootPart"] = CFrame.new(0, 0, 0, 1, 0, 0, 0, 1, 0, 0, 0, 1),
            ["RightHand"] = CFrame.new(8.135102689266205e-07, 0.0000022202730178833008, -0.0000011585652828216553, 0.8736182451248169, 0.02285497635602951, 0.48607492446899414, -0.1804741621017456, 0.9428740739822388, 0.2800312042236328, -0.45190733671188354, -0.3323643207550049, 0.8278367519378662),
            ["LeftUpperArm"] = CFrame.new(3.5762786865234375e-07, -0.2899629771709442, 0.6623760461807251, 1, 0, 0, 0, 0.07641583681106567, -0.9970760941505432, 0, 0.9970760941505432, 0.07641583681106567),
            ["RightLowerArm"] = CFrame.new(-3.5762786865234375e-07, 0.0000010728836059570312, 5.21540641784668e-07, 1, 0, 0, 0, 0.9012345671653748, -0.43333154916763306, 0, 0.43333154916763306, 0.9012345671653748),
            ["LeftHand"] = CFrame.new(2.544402377679944e-08, -1.1175870895385742e-07, 7.078051567077637e-07, 0.9338042736053467, -0.002822965383529663, -0.3577731251716614, 0.13401567935943604, 0.9299290776252747, 0.3424495756626129, 0.3317369222640991, -0.3677280843257904, 0.8687500357627869),
            ["LowerTorso"] = CFrame.new(-1.1920928955078125e-07, -0.059626221656799316, 0.5919015407562256, 1, 0, 0, 0, 0.9985743165016174, -0.05337920039892197, 0, 0.05337920039892197, 0.9985743165016174),
            ["RightUpperLeg"] = CFrame.new(2.086162567138672e-07, -9.834766387939453e-07, -0.000005298294126987457, 0.9668818116188049, -0.11724378913640976, 0.22670120000839233, 0.1198832169175148, 0.9927856922149658, 0.0021396437659859657, -0.22531655430793762, 0.025108881294727325, 0.9739620089530945),
            ["RightLowerLeg"] = CFrame.new(0, 1.7881393432617188e-07, 7.450580596923828e-07, 1, 0, 0, 0, 0.968878984451294, 0.24753497540950775, 0, -0.24753497540950775, 0.968878984451294),
            ["LeftUpperLeg"] = CFrame.new(8.009374141693115e-08, 0.0000016689300537109375, 0.000003466382622718811, 0.9764053821563721, 0.07105925679206848, -0.20391935110092163, -0.07926174998283386, 0.9963293075561523, -0.03233230859041214, 0.20087331533432007, 0.04773244261741638, 0.9784536361694336),
            ["LeftLowerLeg"] = CFrame.new(2.9802322387695312e-08, 2.086162567138672e-07, -2.1606683731079102e-07, 1, 0, 0, 0, 0.9733181595802307, 0.22945964336395264, 0, -0.22945964336395264, 0.9733181595802307),
        }},
        {Time = 0.133, Data = {
            ["LeftFoot"] = CFrame.new(-0.005046529695391655, -0.044042035937309265, -0.026232635602355003, 0.9949827790260315, -0.05406054109334946, -0.0841832086443901, 0.057812370359897614, 0.997410237789154, 0.042784903198480606, 0.0816522166132927, -0.047437068074941635, 0.9955313205718994),
            ["LeftLowerArm"] = CFrame.new(0.0000017881393432617188, -3.129243850708008e-07, -8.046627044677734e-07, 1, 0, 0, 0, 0.8185834288597107, -0.5743876695632935, 0, 0.5743876695632935, 0.8185834288597107),
            ["RightUpperArm"] = CFrame.new(2.384185791015625e-07, -0.43456822633743286, 0.7039458751678467, 1, 0, 0, 0, -0.13685154914855957, -0.9905917048454285, 0, 0.9905917048454285, -0.13685154914855957),
            ["Head"] = CFrame.new(0, 9.834766387939453e-07, 6.016343832015991e-07, 1, 0, 0, 0, 0.9987637400627136, -0.04970965161919594, 0, 0.04970965161919594, 0.9987637400627136),
            ["RightFoot"] = CFrame.new(0.03332570940256119, -0.05156875401735306, -0.12761414051055908, 0.9990488886833191, 0.016953326761722565, -0.040174610912799835, -0.016644161194562912, 0.9998293519020081, 0.008017572574317455, 0.04030367732048035, -0.007341273594647646, 0.9991605281829834),
            ["UpperTorso"] = CFrame.new(-5.960464477539063e-08, 5.960464477539063e-08, 7.450580596923828e-08, 1, 0, 0, 0, 0.979756772518158, 0.2001916915178299, 0, -0.2001916915178299, 0.979756772518158),
            ["HumanoidRootPart"] = CFrame.new(0, 0, 0, 1, 0, 0, 0, 1, 0, 0, 0, 1),
            ["RightHand"] = CFrame.new(8.114147931337357e-07, 0.000002212822437286377, -0.0000011511147022247314, 0.8736182451248169, 0.022855006158351898, 0.48607495427131653, -0.1804741621017456, 0.9428741335868835, 0.2800312042236328, -0.45190736651420593, -0.3323643207550049, 0.827836811542511),
            ["LeftUpperArm"] = CFrame.new(3.5762786865234375e-07, -0.33135074377059937, 0.6641677618026733, 1, 0, 0, 0, 0.01819157600402832, -0.9998345375061035, 0, 0.9998345375061035, 0.01819157600402832),
            ["RightLowerArm"] = CFrame.new(-3.5762786865234375e-07, 0.0000010728836059570312, 5.21540641784668e-07, 1, 0, 0, 0, 0.9012346267700195, -0.43333151936531067, 0, 0.43333151936531067, 0.9012346267700195),
            ["LeftHand"] = CFrame.new(2.544402377679944e-08, -1.1175870895385742e-07, 7.078051567077637e-07, 0.9338042736053467, -0.00282297283411026, -0.3577731251716614, 0.13401567935943604, 0.9299290776252747, 0.3424495756626129, 0.3317369222640991, -0.3677280843257904, 0.8687500357627869),
            ["LowerTorso"] = CFrame.new(-1.1920928955078125e-07, -0.06814426183700562, 0.6764588356018066, 1, 0, 0, 0, 0.9997891187667847, -0.020535754039883614, 0, 0.020535754039883614, 0.9997891187667847),
            ["RightUpperLeg"] = CFrame.new(1.9371509552001953e-07, -9.5367431640625e-07, -0.000005327165126800537, 0.9655382633209229, -0.11646822094917297, 0.23274683952331543, 0.1360287368297577, 0.9882441163063049, -0.06978358328342438, -0.2218831181526184, 0.0990389734506607, 0.9700304865837097),
            ["RightLowerLeg"] = CFrame.new(0, 1.7881393432617188e-07, 7.450580596923828e-07, 1, 0, 0, 0, 0.968878984451294, 0.24753497540950775, 0, -0.24753497540950775, 0.968878984451294),
            ["LeftUpperLeg"] = CFrame.new(7.450580596923828e-08, 0.0000016093254089355469, 0.000003460794687271118, 0.9774876832962036, 0.0708741769194603, -0.19873282313346863, -0.09454188495874405, 0.9891728758811951, -0.11224475502967834, 0.18862587213516235, 0.12850643694400787, 0.9736048579216003),
            ["LeftLowerLeg"] = CFrame.new(2.9802322387695312e-08, 2.086162567138672e-07, -2.1606683731079102e-07, 1, 0, 0, 0, 0.9733181595802307, 0.22945965826511383, 0, -0.22945965826511383, 0.9733181595802307),
        }},
        {Time = 0.150, Data = {
            ["LeftFoot"] = CFrame.new(-0.00567732285708189, -0.03811877220869064, -0.02543504163622856, 0.9936726093292236, -0.058376796543598175, -0.09595274180173874, 0.06710908561944962, 0.993637204170227, 0.09045185893774033, 0.09006192535161972, -0.09631883352994919, 0.9912676811218262),
            ["LeftLowerArm"] = CFrame.new(0.0000017881393432617188, -3.427267074584961e-07, -8.195638656616211e-07, 1, 0, 0, 0, 0.8185834884643555, -0.5743876099586487, 0, 0.5743876099586487, 0.8185834884643555),
            ["RightUpperArm"] = CFrame.new(2.384185791015625e-07, -0.4394041895866394, 0.6976923942565918, 1, 0, 0, 0, -0.19710731506347656, -0.9803821444511414, 0, 0.9803821444511414, -0.19710731506347656),
            ["Head"] = CFrame.new(0, 8.940696716308594e-07, 5.960464477539062e-07, 1, 0, 0, 0, 0.9926390647888184, -0.12111003696918488, 0, 0.12111003696918488, 0.9926390647888184),
            ["RightFoot"] = CFrame.new(0.03662168234586716, -0.04283847659826279, -0.13875629007816315, 0.9989210963249207, 0.025793612003326416, -0.03861815482378006, -0.023945309221744537, 0.998580276966095, 0.04758172482252121, 0.03979063034057617, -0.046605661511421204, 0.9981205463409424),
            ["UpperTorso"] = CFrame.new(-5.960464477539063e-08, 5.960464477539063e-08, 8.940696716308594e-08, 1, 0, 0, 0, 0.9732484221458435, 0.22975537180900574, 0, -0.22975537180900574, 0.9732484221458435),
            ["HumanoidRootPart"] = CFrame.new(0, 0, 0, 1, 0, 0, 0, 1, 0, 0, 0, 1),
            ["RightHand"] = CFrame.new(8.132774382829666e-07, 0.0000022202730178833008, -0.0000011622905731201172, 0.8736182451248169, 0.022854983806610107, 0.48607492446899414, -0.1804741621017456, 0.9428740739822388, 0.2800312042236328, -0.45190733671188354, -0.3323643207550049, 0.8278367519378662),
            ["LeftUpperArm"] = CFrame.new(3.5762786865234375e-07, -0.33066046237945557, 0.6687294244766235, 1, 0, 0, 0, -0.040094614028930664, -0.9991958737373352, 0, 0.9991958737373352, -0.040094614028930664),
            ["RightLowerArm"] = CFrame.new(-3.5762786865234375e-07, 0.0000010728836059570312, 5.21540641784668e-07, 1, 0, 0, 0, 0.9012345671653748, -0.43333154916763306, 0, 0.43333154916763306, 0.9012345671653748),
            ["LeftHand"] = CFrame.new(2.544402377679944e-08, -1.1175870895385742e-07, 7.078051567077637e-07, 0.9338042736053467, -0.002822965383529663, -0.3577731251716614, 0.13401567935943604, 0.9299290776252747, 0.3424495756626129, 0.3317369222640991, -0.3677280843257904, 0.8687500357627869),
            ["LowerTorso"] = CFrame.new(-1.1920928955078125e-07, -0.07666228711605072, 0.7610164284706116, 1, 0, 0, 0, 0.9999240040779114, 0.012329868972301483, 0, -0.012329868972301483, 0.9999240040779114),
            ["RightUpperLeg"] = CFrame.new(1.7508864402770996e-07, -9.834766387939453e-07, -0.000005327165126800537, 0.9642260074615479, -0.11523636430501938, 0.2387232631444931, 0.1518770456314087, 0.9782585501670837, -0.14122146368026733, -0.2172592431306839, 0.1724259853363037, 0.9607641100883484),
            ["RightLowerLeg"] = CFrame.new(0, 1.7881393432617188e-07, 7.450580596923828e-07, 1, 0, 0, 0, 0.968878984451294, 0.24753499031066895, 0, -0.24753499031066895, 0.968878984451294),
            ["LeftUpperLeg"] = CFrame.new(7.636845111846924e-08, 0.0000015795230865478516, 0.00000346451997756958, 0.9785118699073792, 0.07111899554729462, -0.19353702664375305, -0.1087707132101059, 0.9754487872123718, -0.1914905160665512, 0.17516684532165527, 0.20842690765857697, 0.9622238874435425),
            ["LeftLowerLeg"] = CFrame.new(2.9802322387695312e-08, 2.086162567138672e-07, -2.086162567138672e-07, 1, 0, 0, 0, 0.9733181595802307, 0.22945965826511383, 0, -0.22945965826511383, 0.9733181595802307),
        }},
        {Time = 0.167, Data = {
            ["LeftFoot"] = CFrame.new(-0.006308114156126976, -0.03219548612833023, -0.024637453258037567, 0.9922194480895996, -0.06210629642009735, -0.10790460556745529, 0.0767945796251297, 0.9874796271324158, 0.13779187202453613, 0.09799585491418839, -0.14500626921653748, 0.9845659136772156),
            ["LeftLowerArm"] = CFrame.new(0.0000017881393432617188, -3.129243850708008e-07, -8.046627044677734e-07, 1, 0, 0, 0, 0.8185834884643555, -0.5743875503540039, 0, 0.5743875503540039, 0.8185834884643555),
            ["RightUpperArm"] = CFrame.new(2.384185791015625e-07, -0.4442399740219116, 0.6914389133453369, 1, 0, 0, 0, -0.2566261291503906, -0.9665108919143677, 0, 0.9665108919143677, -0.2566261291503906),
            ["Head"] = CFrame.new(0, 8.940696716308594e-07, 5.960464477539062e-07, 1, 0, 0, 0, 0.9814167618751526, -0.1918884664773941, 0, 0.1918884664773941, 0.9814167618751526),
            ["RightFoot"] = CFrame.new(0.039917655289173126, -0.034108176827430725, -0.14989839494228363, 0.9987279176712036, 0.03456415981054306, -0.03671300783753395, -0.031259529292583466, 0.9957125782966614, 0.0870591253042221, 0.03956473246216774, -0.08580075204372406, 0.9955263733863831),
            ["UpperTorso"] = CFrame.new(-5.960464477539063e-08, 5.960464477539063e-08, 8.940696716308594e-08, 1, 0, 0, 0, 0.9658482670783997, 0.25910839438438416, 0, -0.25910839438438416, 0.9658482670783997),
            ["HumanoidRootPart"] = CFrame.new(0, 0, 0, 1, 0, 0, 0, 1, 0, 0, 0, 1),
            ["RightHand"] = CFrame.new(8.055940270423889e-07, 0.0000022426247596740723, -0.0000011585652828216553, 0.8736182451248169, 0.022854991257190704, 0.4860749840736389, -0.1804741621017456, 0.9428740739822388, 0.2800312340259552, -0.4519073963165283, -0.33236435055732727, 0.8278367519378662),
            ["LeftUpperArm"] = CFrame.new(3.5762786865234375e-07, -0.3299703001976013, 0.6732911467552185, 1, 0, 0, 0, -0.09824466705322266, -0.9951624274253845, 0, 0.9951624274253845, -0.09824466705322266),
            ["RightLowerArm"] = CFrame.new(-3.5762786865234375e-07, 0.0000010728836059570312, 5.21540641784668e-07, 1, 0, 0, 0, 0.9012345671653748, -0.43333154916763306, 0, 0.43333154916763306, 0.9012345671653748),
