return {
    ["bad guy"] = {
        {Time = 0.000, Data = {
            ["RightFoot"] = CFrame.new(1.6763806343078613e-08, 2.384185791015625e-07, 1.6952981241047382e-09, 0.8706924319267273, -0.01457305159419775, 0.491612046957016, 0.10338018089532852, 0.9826528429985046, -0.1539672613143921, -0.4808400869369507, 0.18488112092018127, 0.8570950031280518),
            ["LeftLowerArm"] = CFrame.new(2.980232238769531e-07, 2.384185791015625e-07, -2.384185791015625e-07, 1, -4.470347647611561e-08, -1.4901159417490817e-08, 0, 0.9999867081642151, -0.005158006679266691, 1.4901161193847656e-08, 0.005158021580427885, 0.9999867081642151),
            ["LeftFoot"] = CFrame.new(3.725290298461914e-08, 0, 5.960464477539063e-08, 0.9663709402084351, 0.21580377221107483, -0.139842689037323, -0.203253835439682, 0.9741376042366028, 0.09871163964271545, 0.1575283259153366, -0.06696852296590805, 0.9852411150932312),
            ["Head"] = CFrame.new(7.450580596923828e-09, -1.1920928955078125e-07, 2.60770320892334e-08, 0.9532376527786255, 0.007068179547786713, -0.3021393418312073, 0.05822819843888283, 0.9767006039619446, 0.20655648410320282, 0.296559602022171, -0.21449032425880432, 0.9306160807609558),
            ["LowerTorso"] = CFrame.new(-0.031154125928878784, 0.0470890998840332, -0.012744247913360596, 0.9805259108543396, 0.18451859056949615, 0.06724511831998825, -0.15738455951213837, 0.9430911540985107, -0.29293203353881836, -0.1174696832895279, 0.27664411067962646, 0.9537656903266907),
            ["UpperTorso"] = CFrame.new(4.0046870708465576e-08, -2.9802322387695312e-08, -2.9802322387695312e-08, 0.9758827686309814, -0.09498017281293869, 0.19654949009418488, 0.06004630774259567, 0.9824457764625549, 0.17662088572978973, -0.20987468957901, -0.16055919229984283, 0.9644550681114197),
            ["HumanoidRootPart"] = CFrame.new(0, 0, 0, 1, 0, 0, 0, 1, 0, 0, 0, 1),
            ["RightUpperLeg"] = CFrame.new(0, 1.564621925354004e-07, -3.894820110872388e-08, 0.7963621020317078, -0.014717966318130493, -0.6046409606933594, 0.26315465569496155, 0.9085494875907898, 0.3244805932044983, 0.5445705056190491, -0.41751810908317566, 0.7274074554443359),
            ["LeftUpperArm"] = CFrame.new(-1.1920928955078125e-07, 3.5762786865234375e-07, 1.4901161193847656e-07, 0.7318351864814758, 0.5016031861305237, 0.4613153636455536, -0.6810362935066223, 0.5627861022949219, 0.46846702694892883, -0.024637371301651, -0.657012939453125, 0.7534765601158142),
            ["RightLowerArm"] = CFrame.new(-8.940696716308594e-08, 1.7881393432617188e-07, -1.4901161193847656e-08, 1, -7.450577932388569e-09, -3.725290298461914e-09, 0, 0.9999867677688599, -0.005155851133167744, -2.7939677238464355e-08, 0.0051559023559093475, 0.9999867081642151),
            ["LeftHand"] = CFrame.new(0, -5.960464477539063e-08, -2.384185791015625e-07, 0.7853133082389832, 0.23984621465206146, -0.5707511305809021, -0.3917366564273834, 0.9063904285430908, -0.1581103503704071, 0.4794010519981384, 0.34775039553642273, 0.8057569861412048),
            ["RightHand"] = CFrame.new(-6.258487701416016e-07, 1.1920928955078125e-07, 0, 0.7841399312019348, -0.6168926358222961, 0.06759115308523178, 0.6155501008033752, 0.7869963645935059, 0.041644491255283356, -0.07888414710760117, 0.008950716815888882, 0.996843695640564),
            ["RightUpperArm"] = CFrame.new(0, 1.1920928955078125e-07, 8.195638656616211e-08, 0.09773518890142441, -0.11772523820400238, 0.988224983215332, 0.9941914081573486, 0.05651812255382538, -0.09159229695796967, -0.04506998509168625, 0.9914366602897644, 0.12256509810686111),
            ["RightLowerLeg"] = CFrame.new(1.4901161193847656e-08, 4.172325134277344e-07, 5.420588422566652e-09, 1, -3.725292518907963e-09, -5.7742006731587026e-08, 3.725290298461914e-09, 0.9999871850013733, 0.005078290123492479, 2.7008354663848877e-08, -0.005078337620943785, 0.9999871850013733),
            ["LeftUpperLeg"] = CFrame.new(1.4901161193847656e-07, -2.7939677238464355e-08, -5.21540641784668e-08, 0.9498358368873596, 0.16787371039390564, 0.2638755142688751, 0.16252277791500092, 0.45591723918914795, -0.8750578165054321, -0.26720452308654785, 0.8740468621253967, 0.4057631492614746),
            ["LeftLowerLeg"] = CFrame.new(-1.4901161193847656e-08, 0, -2.3096799850463867e-07, 1, 5.215407838932151e-08, 1.564622067462551e-07, -8.661299233381214e-08, -0.40824419260025024, 0.9128727912902832, 1.2665985593685036e-07, -0.912872850894928, -0.40824416279792786),
        }},
        {Time = 0.033, Data = {
            ["RightFoot"] = CFrame.new(-2.421438694000244e-08, 3.5762786865234375e-07, 2.032174961641431e-08, 0.875937819480896, -0.012593761086463928, 0.4822596609592438, 0.1035030260682106, 0.9812866449356079, -0.16236931085586548, -0.47119027376174927, 0.19214080274105072, 0.8608494997024536),
            ["LeftLowerArm"] = CFrame.new(-5.960464477539063e-08, 2.384185791015625e-07, 2.980232238769531e-07, 1, -4.470347647611561e-08, 4.470348358154297e-08, 1.4901162970204496e-08, 0.9999867677688599, -0.005157724022865295, -1.4901162970204496e-08, 0.005157708656042814, 0.9999867677688599),
            ["LeftFoot"] = CFrame.new(-3.725290298461914e-08, 5.960464477539063e-08, -1.1920928955078125e-07, 0.9759464859962463, 0.18469808995723724, -0.11582350730895996, -0.1765322983264923, 0.981256902217865, 0.07727497816085815, 0.127925306558609, -0.05496973916888237, 0.9902593493461609),
            ["Head"] = CFrame.new(-2.2351741790771484e-08, 2.384185791015625e-07, 2.2351741790771484e-08, 0.9352639317512512, 0.013143327087163925, -0.353706955909729, 0.0712854340672493, 0.9718393087387085, 0.22460389137268066, 0.3466984033584595, -0.23527798056602478, 0.9079893231391907),
            ["LowerTorso"] = CFrame.new(-0.026231378316879272, 0.04654097557067871, 0.007478207349777222, 0.9702985882759094, 0.19135797023773193, 0.1479962021112442, -0.14675123989582062, 0.9519656300544739, -0.26874807476997375, -0.19231437146663666, 0.23904721438884735, 0.9517729878425598),
            ["UpperTorso"] = CFrame.new(-4.470348358154297e-08, 8.940696716308594e-08, -2.514570951461792e-08, 0.975826621055603, -0.08785274624824524, 0.20011059939861298, 0.056856557726860046, 0.9861682653427124, 0.15569090843200684, -0.21102066338062286, -0.14054973423480988, 0.9673242568969727),
            ["HumanoidRootPart"] = CFrame.new(0, 0, 0, 1, 0, 0, 0, 1, 0, 0, 0, 1),
            ["RightUpperLeg"] = CFrame.new(-5.960464477539063e-08, 2.6635825634002686e-07, -2.4047039914876223e-08, 0.7586522102355957, 0.007738563232123852, -0.651449978351593, 0.24989736080169678, 0.919988214969635, 0.3019489049911499, 0.6016629338264465, -0.3918696343898773, 0.6960171461105347),
            ["LeftUpperArm"] = CFrame.new(-2.384185791015625e-07, 7.152557373046875e-07, 0, 0.7563081383705139, 0.5137829780578613, 0.4050002694129944, -0.6535254120826721, 0.6217631101608276, 0.43164247274398804, -0.030043676495552063, -0.5911327004432678, 0.8060147166252136),
            ["RightLowerArm"] = CFrame.new(0, -2.980232238769531e-07, -2.9802322387695312e-08, 1, -4.6566133171666024e-09, 1.1175868230850483e-08, -7.450582373280668e-09, 0.9999867081642151, -0.00515608349815011, -3.3527619791584584e-08, 0.005156011786311865, 0.9999867081642151),
            ["LeftHand"] = CFrame.new(1.7881393432617188e-07, 4.172325134277344e-07, 2.980232238769531e-07, 0.7988376021385193, 0.22592118382453918, -0.5575108528137207, -0.3699307441711426, 0.9153281450271606, -0.15914057195186615, 0.4743519425392151, 0.3333679735660553, 0.8147735595703125),
            ["RightHand"] = CFrame.new(6.705522537231445e-07, -5.960464477539063e-08, -1.4901161193847656e-08, 0.7557459473609924, -0.62348872423172, 0.20027483999729156, 0.6121823191642761, 0.7812421321868896, 0.12203972786664963, -0.23255343735218048, 0.030373770743608475, 0.9721092581748962),
            ["RightUpperArm"] = CFrame.new(-1.7881393432617188e-07, 9.5367431640625e-07, 6.705522537231445e-08, 0.19042769074440002, 0.09622979164123535, 0.9769734740257263, 0.9708794951438904, 0.12889856100082397, -0.20193611085414886, -0.1453627347946167, 0.986977756023407, -0.06888161599636078),
            ["RightLowerLeg"] = CFrame.new(-7.450580596923828e-09, 1.1920928955078125e-07, 1.6952981241047382e-09, 1, 1.4901161193847656e-08, 9.778889697997784e-09, 3.7252898543727042e-09, 0.9999871253967285, 0.005083614494651556, 4.1909511416804435e-09, -0.005083590745925903, 0.9999871253967285),
            ["LeftUpperLeg"] = CFrame.new(-1.7881393432617188e-07, 1.6763806343078613e-08, -3.725290298461914e-08, 0.9517714977264404, 0.1437525451183319, 0.2710464596748352, 0.1851099133491516, 0.435470849275589, -0.8809651136398315, -0.24467389285564423, 0.8886508345603943, 0.38785862922668457),
            ["LeftLowerLeg"] = CFrame.new(-1.4901161193847656e-08, 0, 5.21540641784668e-08, 1, 7.450581307466564e-08, 1.3783578367565497e-07, -6.70552182668871e-08, -0.44638192653656006, 0.8948425650596619, 1.341104365337742e-07, -0.8948426246643066, -0.44638195633888245),
        }},
        {Time = 0.067, Data = {
            ["RightFoot"] = CFrame.new(-2.9802322387695312e-08, 4.172325134277344e-07, 1.6952981241047382e-09, 0.9282618761062622, -0.03333800286054611, 0.37043002247810364, 0.10310173034667969, 0.9800072908401489, -0.17016397416591644, -0.35735127329826355, 0.19614890217781067, 0.9131406545639038),
            ["LeftLowerArm"] = CFrame.new(0, -2.384185791015625e-07, -5.960464477539063e-08, 1, 0, 0, 7.450579886381092e-08, 0.9999867081642151, -0.005157589912414551, 2.9802318834981634e-08, 0.005157544743269682, 0.9999867081642151),
            ["LeftFoot"] = CFrame.new(-2.0489096641540527e-08, 5.960464477539063e-08, -1.1175870895385742e-07, 0.98792564868927, 0.12359697371721268, -0.0934167429804802, -0.12447427213191986, 0.9922164082527161, -0.00360107421875, 0.09224461019039154, 0.015185622498393059, 0.995620608329773),
            ["Head"] = CFrame.new(2.2351741790771484e-08, -1.1920928955078125e-07, 4.470348358154297e-08, 0.9192152619361877, 0.012348959222435951, -0.39356184005737305, 0.08749530464410782, 0.9681140184402466, 0.2347337007522583, 0.3839115500450134, -0.25020548701286316, 0.8888245820999146),
            ["LowerTorso"] = CFrame.new(-0.01776030659675598, 0.04213356971740723, 0.029605627059936523, 0.9557499885559082, 0.18400472402572632, 0.2295304536819458, -0.12570783495903015, 0.9608665704727173, -0.24684609472751617, -0.26596900820732117, 0.20706935226917267, 0.9414790272712708),
            ["UpperTorso"] = CFrame.new(-9.313225746154785e-09, 1.7881393432617188e-07, -2.7939677238464355e-09, 0.9779012799263, -0.07559536397457123, 0.194921612739563, 0.048519447445869446, 0.9889450669288635, 0.14011985063552856, -0.20335917174816132, -0.1275658756494522, 0.9707584381103516),
            ["HumanoidRootPart"] = CFrame.new(0, 0, 0, 1, 0, 0, 0, 1, 0, 0, 0, 1),
            ["RightUpperLeg"] = CFrame.new(0, 2.980232238769531e-07, -2.4047039914876223e-08, 0.7915926575660706, 0.04042241349816322, -0.609710693359375, 0.19323799014091492, 0.9300410747528076, 0.3125421702861786, 0.5796898603439331, -0.36522534489631653, 0.7284025549888611),
            ["LeftUpperArm"] = CFrame.new(5.960464477539063e-08, -7.152557373046875e-07, 5.960464477539063e-08, 0.8008894920349121, 0.4938998222351074, 0.33858388662338257, -0.5987525582313538, 0.6684975028038025, 0.4411424994468689, -0.008462089113891125, -0.5560343265533447, 0.8311163187026978),
            ["RightLowerArm"] = CFrame.new(-1.7881393432617188e-07, -5.960464477539063e-08, 1.4901161193847656e-08, 1, -1.6763809895792292e-08, -4.470348358154297e-08, 0, 0.9999867677688599, -0.005157820880413055, -3.725289943190546e-08, 0.005157763604074717, 0.9999867677688599),
            ["LeftHand"] = CFrame.new(5.960464477539063e-08, -1.1920928955078125e-07, 0, 0.8052217960357666, 0.2595807611942291, -0.5331377387046814, -0.40144428610801697, 0.9003539681434631, -0.1679440587759018, 0.43641772866249084, 0.34925737977027893, 0.8291918039321899),
            ["RightHand"] = CFrame.new(6.780028343200684e-07, 1.1920928955078125e-07, -7.450580596923828e-09, 0.7356842160224915, -0.6100571155548096, 0.2942768931388855, 0.5935209393501282, 0.7899709343910217, 0.1538805514574051, -0.32634589076042175, 0.06145206093788147, 0.9432507157325745),
            ["RightUpperArm"] = CFrame.new(1.1920928955078125e-07, -4.76837158203125e-07, 4.470348358154297e-08, 0.18522684276103973, 0.250744104385376, 0.9501675367355347, 0.9610715508460999, 0.15550073981285095, -0.22838835418224335, -0.20501862466335297, 0.9554826021194458, -0.21218016743659973),
            ["RightLowerLeg"] = CFrame.new(1.4901161193847656e-08, 2.980232238769531e-07, 2.7772330213338137e-08, 1, -7.450582373280668e-09, -6.891789183782748e-08, 7.4505797087454084e-09, 0.9999870657920837, 0.0050895605236291885, 4.284083487959833e-08, -0.005089571233838797, 0.9999871253967285),
            ["LeftUpperLeg"] = CFrame.new(-5.960464477539063e-08, 3.0174851417541504e-07, -1.4901161193847656e-08, 0.9611429572105408, 0.09921641647815704, 0.25760525465011597, 0.18433231115341187, 0.4639763832092285, -0.8664568662643433, -0.2054893523454666, 0.8802738189697266, 0.4276587963104248),
            ["LeftLowerLeg"] = CFrame.new(2.9802322387695312e-08, 5.960464477539063e-08, 7.450580596923828e-08, 1, 5.96046660916727e-08, 1.713634105726669e-07, -8.754432201385498e-08, -0.4493487775325775, 0.8933563828468323, 1.2665987014770508e-07, -0.893356442451477, -0.4493488073348999),
        }},
        {Time = 0.100, Data = {
            ["RightFoot"] = CFrame.new(-2.9802322387695312e-08, 3.5762786865234375e-07, -5.75528247281909e-09, 0.9743406772613525, -0.08154811710119247, 0.20978626608848572, 0.11637090891599655, 0.9803305268287659, -0.1594046652317047, -0.19266074895858765, 0.17972753942012787, 0.9646657705307007),
            ["LeftLowerArm"] = CFrame.new(-1.1920928955078125e-07, 1.1920928955078125e-07, 1.1920928955078125e-07, 1, 4.4703490686970326e-08, 0, 1.4901162970204496e-08, 0.9999867677688599, -0.005157095845788717, -1.4901162970204496e-08, 0.005157083738595247, 0.9999867677688599),
            ["LeftFoot"] = CFrame.new(4.842877388000488e-08, -1.1920928955078125e-07, 6.891787052154541e-08, 0.9945212602615356, 0.07701103389263153, -0.070688396692276, -0.08071963489055634, 0.995421290397644, -0.051194801926612854, 0.06642211228609085, 0.05662039667367935, 0.9961838722229004),
            ["Head"] = CFrame.new(0, -3.5762786865234375e-07, 2.2351741790771484e-08, 0.9008362889289856, 0.01462637260556221, -0.4339125156402588, 0.09905106574296951, 0.9661508202552795, 0.23820488154888153, 0.42270907759666443, -0.25756314396858215, 0.8688949346542358),
            ["LowerTorso"] = CFrame.new(-0.008698970079421997, 0.033574581146240234, 0.0536598265171051, 0.9354755878448486, 0.17285753786563873, 0.30823004245758057, -0.10373680293560028, 0.968100905418396, -0.22807741165161133, -0.33782264590263367, 0.18138602375984192, 0.9235665202140808),
            ["UpperTorso"] = CFrame.new(4.0978193283081055e-08, -5.960464477539063e-08, -7.450580596923828e-09, 0.9803951382637024, -0.06033173203468323, 0.18757833540439606, 0.03582634776830673, 0.9906833171844482, 0.13138870894908905, -0.19375768303871155, -0.12209256738424301, 0.9734225869178772),
            ["HumanoidRootPart"] = CFrame.new(0, 0, 0, 1, 0, 0, 0, 1, 0, 0, 0, 1),
            ["RightUpperLeg"] = CFrame.new(5.960464477539063e-08, -2.2351741790771484e-08, 3.55576048605144e-08, 0.8482955694198608, 0.07313057035207748, -0.524448812007904, 0.11980138719081879, 0.9382309913635254, 0.3246079981327057, 0.5157928466796875, -0.33819320797920227, 0.7871359586715698),
            ["LeftUpperArm"] = CFrame.new(-1.1920928955078125e-07, 0, 0, 0.8470690846443176, 0.4617995321750641, 0.2630881667137146, -0.5312594175338745, 0.7213426828384399, 0.44432878494262695, 0.015414314344525337, -0.5161454081535339, 0.8563624024391174),
            ["RightLowerArm"] = CFrame.new(5.960464477539063e-08, 4.76837158203125e-07, 3.3527612686157227e-08, 1, 3.725290742551124e-09, 3.725288166833707e-08, -1.1175873559921001e-08, 0.9999867081642151, -0.005158897954970598, 3.725291186640334e-09, 0.005158756393939257, 0.9999867081642151),
            ["LeftHand"] = CFrame.new(1.1920928955078125e-07, -4.172325134277344e-07, -4.172325134277344e-07, 0.8113338351249695, 0.3080095946788788, -0.4968584179878235, -0.448459267616272, 0.8731520771980286, -0.19102251529693604, 0.374995619058609, 0.37780359387397766, 0.8465472459793091),
            ["RightHand"] = CFrame.new(4.870817065238953e-07, 0, 6.332993507385254e-08, 0.719780445098877, -0.5886253118515015, 0.3680177330970764, 0.580399215221405, 0.8011066913604736, 0.14616607129573822, -0.38085803389549255, 0.10838977992534637, 0.9182583689689636),
            ["RightUpperArm"] = CFrame.new(-1.1920928955078125e-07, 1.1920928955078125e-07, 7.450580596923828e-08, 0.16791896522045135, 0.37561699748039246, 0.9114357233047485, 0.9525238871574402, 0.17637303471565247, -0.2481749951839447, -0.25397154688835144, 0.9098376631736755, -0.3281678557395935),
            ["RightLowerLeg"] = CFrame.new(-7.869675755500793e-08, 1.1920928955078125e-07, 4.0810846257954836e-08, 1, -1.1175872671742582e-08, 1.1175873559921001e-08, 7.450580596923828e-09, 0.9999870657920837, 0.005087807308882475, -2.2351741790771484e-08, -0.005087787751108408, 0.9999871253967285),
            ["LeftUpperLeg"] = CFrame.new(8.940696716308594e-08, 5.960464477539063e-08, 1.4901161193847656e-08, 0.9694805145263672, 0.06140518561005592, 0.23735404014587402, 0.17471830546855927, 0.5061211585998535, -0.844579815864563, -0.1719914674758911, 0.8602737784385681, 0.47994592785835266),
            ["LeftLowerLeg"] = CFrame.new(5.960464477539063e-08, 0, 2.2351741790771484e-07, 1, 8.940698137394065e-08, 1.5646224937881925e-07, -7.078050856534901e-08, -0.4388497471809387, 0.8985605239868164, 1.1175869474300271e-07, -0.8985604643821716, -0.4388497769832611),
        }},
        {Time = 0.133, Data = {
            ["RightFoot"] = CFrame.new(-1.6763806343078613e-08, 3.5762786865234375e-07, 3.6154233384877443e-08, 0.992033064365387, -0.10825095325708389, 0.06443726271390915, 0.11585655808448792, 0.9848275184631348, -0.12919774651527405, -0.04947376251220703, 0.13563378155231476, 0.9895229935646057),
            ["LeftLowerArm"] = CFrame.new(1.1920928955078125e-07, 1.1920928955078125e-07, 1.1920928955078125e-07, 1, 1.4901161193847656e-08, -1.4901157641133977e-08, -1.4901162970204496e-08, 0.9999867081642151, -0.005155949387699366, -1.4901162970204496e-08, 0.005155988037586212, 0.9999867081642151),
            ["LeftFoot"] = CFrame.new(-3.725290298461914e-08, -1.7881393432617188e-07, 7.450580596923828e-09, 0.997343122959137, 0.042587678879499435, -0.05910317599773407, -0.04648255184292793, 0.9967252612113953, -0.06616903096437454, 0.05609147995710373, 0.0687403604388237, 0.9960564970970154),
            ["Head"] = CFrame.new(-7.450580596923828e-09, -2.384185791015625e-07, 7.450580596923828e-09, 0.8861711621284485, 0.016280073672533035, -0.46307215094566345, 0.10343558341264725, 0.96721351146698, 0.23194652795791626, 0.4516656994819641, -0.2534423768520355, 0.8554327487945557),
            ["LowerTorso"] = CFrame.new(-0.0009518563747406006, 0.019704341888427734, 0.0787600576877594, 0.913083553314209, 0.16000422835350037, 0.3750697076320648, -0.08512111753225327, 0.9743273258209229, -0.20842474699020386, -0.3987894654273987, 0.1583828181028366, 0.9032618999481201),
            ["UpperTorso"] = CFrame.new(1.862645149230957e-08, -2.980232238769531e-07, 9.12696123123169e-08, 0.9830731153488159, -0.04218672215938568, 0.17829079926013947, 0.01922438107430935, 0.991509199142456, 0.1286076456308365, -0.18220247328281403, -0.12300316989421844, 0.975537121295929),
            ["HumanoidRootPart"] = CFrame.new(0, 0, 0, 1, 0, 0, 0, 1, 0, 0, 0, 1),
            ["RightUpperLeg"] = CFrame.new(1.1920928955078125e-07, -5.327165126800537e-07, 8.026108844205737e-08, 0.8941439986228943, 0.09394675493240356, -0.43781334161758423, 0.05622806027531624, 0.9464473128318787, 0.3179246187210083, 0.4442352056503296, -0.30888769030570984, 0.840977668762207),
            ["LeftUpperArm"] = CFrame.new(5.960464477539063e-08, -2.384185791015625e-07, -1.4901161193847656e-08, 0.88699871301651, 0.415294885635376, 0.20190027356147766, -0.46050575375556946, 0.7631774544715881, 0.4533150792121887, 0.03417371213436127, -0.4950661063194275, 0.8681830763816833),
            ["RightLowerArm"] = CFrame.new(-2.980232238769531e-07, 0, 1.7136335372924805e-07, 1, 1.210719347000122e-08, -6.053595402732981e-09, 1.9557779395995567e-08, 0.9999867677688599, -0.0051576667465269566, -1.4901164746561335e-08, 0.005157627165317535, 0.9999867677688599),
            ["LeftHand"] = CFrame.new(0, -1.7881393432617188e-07, 5.960464477539063e-08, 0.8152273893356323, 0.34570586681365967, -0.4646419882774353, -0.4837127923965454, 0.847636342048645, -0.21802429854869843, 0.3184748888015747, 0.402492493391037, 0.8582384586334229),
            ["RightHand"] = CFrame.new(5.611218512058258e-08, 1.1920928955078125e-07, -1.4901161193847656e-07, 0.707123339176178, -0.5653495192527771, 0.42468491196632385, 0.5881417989730835, 0.8036698698997498, 0.09057409316301346, -0.3925122916698456, 0.18572743237018585, 0.9007991552352905),
            ["RightUpperArm"] = CFrame.new(1.1920928955078125e-07, -3.5762786865234375e-07, 1.4901161193847656e-08, 0.12369073927402496, 0.4679122865200043, 0.8750765919685364, 0.9480941295623779, 0.20460961759090424, -0.2434183657169342, -0.2929474115371704, 0.8597633838653564, -0.4183163344860077),
            ["RightLowerLeg"] = CFrame.new(-1.955777406692505e-08, 2.384185791015625e-07, 3.4291588235646486e-08, 1, -9.313227522511625e-09, -1.862645371275562e-09, 2.1420420992512845e-08, 0.9999871253967285, 0.005078217480331659, 3.725290742551124e-09, -0.005078223533928394, 0.9999871850013733),
            ["LeftUpperLeg"] = CFrame.new(0, -5.029141902923584e-07, 4.470348358154297e-08, 0.9770331382751465, 0.0425650030374527, 0.2087932676076889, 0.15024937689304352, 0.5571994185447693, -0.8166726231575012, -0.15110108256340027, 0.829287052154541, 0.5380067825317383),
            ["LeftLowerLeg"] = CFrame.new(0, 2.980232238769531e-07, 1.9371509552001953e-07, 1, 9.685756907629184e-08, 9.685756907629184e-08, -2.9802322387695312e-08, -0.41235604882240295, 0.9110227823257446, 1.1920928955078125e-07, -0.9110228419303894, -0.41235607862472534),
        }},
        {Time = 0.167, Data = {
            ["RightFoot"] = CFrame.new(-2.514570951461792e-08, 3.5762786865234375e-07, 1.6952981241047382e-09, 0.9949215650558472, -0.09544933587312698, -0.031946372240781784, 0.08505058288574219, 0.9669612646102905, -0.24031709134578705, 0.05382872745394707, 0.23637978732585907, 0.9701686501502991),
            ["LeftLowerArm"] = CFrame.new(-1.7881393432617188e-07, -2.384185791015625e-07, 0, 1, 1.862645149230957e-08, 5.960464477539063e-08, 3.725290298461914e-08, 0.9999867677688599, -0.005154699087142944, -2.9802322387695312e-08, 0.005154728889465332, 0.9999867677688599),
            ["LeftFoot"] = CFrame.new(-5.21540641784668e-08, 1.7881393432617188e-07, -7.450580596923828e-09, 0.9996793270111084, 0.024169232696294785, -0.007564212195575237, -0.024867013096809387, 0.9933432936668396, -0.1124761551618576, 0.00479529844596982, 0.11262798309326172, 0.9936256408691406),
            ["Head"] = CFrame.new(7.450580596923828e-09, -1.1920928955078125e-07, 1.1175870895385742e-08, 0.8742399215698242, 0.01334288902580738, -0.485310822725296, 0.1067277044057846, 0.9698871970176697, 0.21892520785331726, 0.47361767292022705, -0.2431892305612564, 0.8464899659156799),
            ["LowerTorso"] = CFrame.new(0.006549537181854248, -0.0000718832015991211, 0.10521280765533447, 0.8921902775764465, 0.15276353061199188, 0.4250410795211792, -0.07869044691324234, 0.9792464375495911, -0.18677324056625366, -0.44475215673446655, 0.1331905871629715, 0.8856951594352722),
            ["UpperTorso"] = CFrame.new(1.1175870895385742e-08, 1.4901161193847656e-07, -3.166496753692627e-08, 0.985251247882843, -0.03250937908887863, 0.16799768805503845, 0.010580924339592457, 0.9914826154708862, 0.12980888783931732, -0.17078684270381927, -0.1261167973279953, 0.977203369140625),
            ["HumanoidRootPart"] = CFrame.new(0, 0, 0, 1, 0, 0, 0, 1, 0, 0, 0, 1),
            ["RightUpperLeg"] = CFrame.new(-5.960464477539063e-08, 5.587935447692871e-09, 5.045876605436206e-08, 0.9268395900726318, 0.011724702082574368, -0.3752743601799011, 0.020326649770140648, 0.9964795112609863, 0.08133524656295776, 0.37490710616111755, -0.08301278948783875, 0.9233384728431702),
            ["LeftUpperArm"] = CFrame.new(0, 4.76837158203125e-07, 3.725290298461914e-09, 0.9259070754051208, 0.3466942310333252, 0.14999793469905853, -0.37521955370903015, 0.7981880903244019, 0.47128134965896606, 0.04366404190659523, -0.4926447868347168, 0.8691344261169434),
            ["RightLowerArm"] = CFrame.new(-2.384185791015625e-07, 0, -4.470348358154297e-08, 1, 1.4901159417490817e-08, 4.842877388000488e-08, 0, 0.9763303995132446, -0.21628466248512268, 6.705522537231445e-08, 0.21628467738628387, 0.9763303995132446),
            ["LeftHand"] = CFrame.new(1.7881393432617188e-07, -1.1920928955078125e-07, 2.980232238769531e-07, 0.8183563351631165, 0.3644253611564636, -0.44439560174942017, -0.500434160232544, 0.8320710062980652, -0.23921437561511993, 0.2825929522514343, 0.41815322637557983, 0.8633012771606445),
            ["RightHand"] = CFrame.new(-3.762543201446533e-07, 0, 5.960464477539063e-08, 0.6886882185935974, -0.5378285646438599, 0.4862605035305023, 0.5738344192504883, 0.8142431974411011, 0.0878748968243599, -0.4431959092617035, 0.2185145616531372, 0.8693841099739075),
            ["RightUpperArm"] = CFrame.new(0, 4.76837158203125e-07, 3.725290298461914e-09, 0.09550555050373077, 0.48180145025253296, 0.8710603713989258, 0.9263301491737366, 0.27732372283935547, -0.2549588978290558, -0.3644052743911743, 0.8312395215034485, -0.4198210537433624),
            ["RightLowerLeg"] = CFrame.new(-6.705522537231445e-08, 1.7881393432617188e-07, -1.673470251262188e-10, 1, -7.078055119791316e-08, -1.4901164746561335e-08, 6.658957119043407e-08, 0.9181286096572876, 0.39628225564956665, -9.778887921640944e-09, -0.39628270268440247, 0.9181287884712219),
            ["LeftUpperLeg"] = CFrame.new(0, -3.3527612686157227e-08, 2.9802322387695312e-08, 0.9786759614944458, 0.04648789018392563, 0.20008111000061035, 0.12788794934749603, 0.6243399977684021, -0.7706130146980286, -0.16074271500110626, 0.7797682881355286, 0.6050810813903809),
            ["LeftLowerLeg"] = CFrame.new(2.9802322387695312e-08, -5.960464477539063e-08, 1.341104507446289e-07, 1, 9.313227877782992e-08, 1.4528635006172408e-07, -3.725290298461914e-08, -0.37114229798316956, 0.9285760521888733, 9.685754776000977e-08, -0.9285761117935181, -0.3711424469947815),
        }},
        {Time = 0.200, Data = {
            ["RightFoot"] = CFrame.new(1.862645149230957e-08, 1.7881393432617188e-07, 1.6596459317952394e-08, 0.9982314705848694, -0.026254238560795784, -0.05333555117249489, 0.014082618057727814, 0.9760908484458923, -0.21690639853477478, 0.05775511637330055, 0.2157718986272812, 0.974734365940094),
            ["LeftLowerArm"] = CFrame.new(-5.960464477539063e-08, -2.980232238769531e-07, -5.960464477539063e-08, 1, -2.607702498380604e-08, -4.4703469370688254e-08, 4.842877388000488e-08, 0.9985352158546448, -0.05410729721188545, 1.1920928955078125e-07, 0.054107263684272766, 0.9985350966453552),
            ["LeftFoot"] = CFrame.new(5.587935447692871e-08, 5.960464477539063e-08, -1.043081283569336e-07, 0.9993048310279846, 0.030953742563724518, 0.020779015496373177, -0.02828618884086609, 0.9925787448883057, -0.11826835572719574, -0.024285608902573586, 0.1175982654094696, 0.9927642941474915),
            ["Head"] = CFrame.new(2.9802322387695312e-08, 1.1920928955078125e-07, 0, 0.8619400262832642, -0.00820992887020111, -0.5069438815116882, 0.11978169530630112, 0.9748620390892029, 0.1878732144832611, 0.49265792965888977, -0.2226579338312149, 0.8412560224533081),
            ["LowerTorso"] = CFrame.new(0.012422114610671997, -0.02585446834564209, 0.13800057768821716, 0.8771290183067322, 0.14081458747386932, 0.45914697647094727, -0.07846176624298096, 0.9852202534675598, -0.15226557850837708, -0.4738021194934845, 0.09753108024597168, 0.8752138614654541),
            ["UpperTorso"] = CFrame.new(1.862645149230957e-08, -2.384185791015625e-07, -2.2351741790771484e-08, 0.9868471026420593, -0.02610357291996479, 0.15953569114208221, 0.00440205680206418, 0.9908500909805298, 0.1348949372768402, -0.16159719228744507, -0.13241836428642273, 0.9779324531555176),
            ["HumanoidRootPart"] = CFrame.new(0, 0, 0, 1, 0, 0, 0, 1, 0, 0, 0, 1),
            ["RightUpperLeg"] = CFrame.new(0, -2.0023435354232788e-07, -3.894820110872388e-08, 0.956667959690094, -0.04069243371486664, -0.28832387924194336, 0.0038872510194778442, 0.9918835163116455, -0.12709087133407593, 0.29115530848503113, 0.1204628273844719, 0.9490612745285034),
            ["LeftUpperArm"] = CFrame.new(2.384185791015625e-07, -3.5762786865234375e-07, -6.705522537231445e-08, 0.9626094102859497, 0.24955251812934875, 0.10538829118013382, -0.2681732177734375, 0.8228793144226074, 0.5009520649909973, 0.03829202055931091, -0.5104833245277405, 0.8590346574783325),
            ["RightLowerArm"] = CFrame.new(3.5762786865234375e-07, 3.5762786865234375e-07, 9.685754776000977e-08, 1, -3.352760202801619e-08, 2.5611361920141462e-08, 2.9802318834981634e-08, 0.8729493021965027, -0.48781105875968933, 1.1920927533992653e-07, 0.4878110885620117, 0.8729492425918579),
            ["LeftHand"] = CFrame.new(1.7881393432617188e-07, -5.960464477539063e-08, 5.960464477539063e-08, 0.8232543468475342, 0.36835557222366333, -0.43193361163139343, -0.49306511878967285, 0.8410560488700867, -0.222511887550354, 0.2813168168067932, 0.3961551785469055, 0.8740261793136597),
            ["RightHand"] = CFrame.new(-2.2351741790771484e-07, 5.960464477539063e-08, -1.30385160446167e-07, 0.6745048761367798, -0.5102855563163757, 0.533528208732605, 0.5501437187194824, 0.8293354511260986, 0.09769517183303833, -0.49232617020606995, 0.22762133181095123, 0.8401210904121399),
            ["RightUpperArm"] = CFrame.new(0, 0, 7.450580596923828e-08, 0.07867434620857239, 0.45638906955718994, 0.8862953186035156, 0.897346019744873, 0.35485750436782837, -0.26238563656806946, -0.43425846099853516, 0.8159566521644592, -0.38162070512771606),
            ["RightLowerLeg"] = CFrame.new(4.842877388000488e-08, 1.1920928955078125e-07, 1.287116901949048e-08, 1, -9.126964783945368e-08, -2.980232949312267e-08, 9.313225746154785e-08, 0.7763650417327881, 0.6302832961082458, -4.284083843231201e-08, -0.6302836537361145, 0.776365339756012),
            ["LeftUpperLeg"] = CFrame.new(0, 1.1175870895385742e-08, -2.9802322387695312e-08, 0.9751837849617004, 0.06799358874559402, 0.21069785952568054, 0.10640038549900055, 0.6906371712684631, -0.7153316140174866, -0.19415375590324402, 0.7199980020523071, 0.6662635207176208),
            ["LeftLowerLeg"] = CFrame.new(-4.470348358154297e-08, 1.1920928955078125e-07, 1.043081283569336e-07, 1, 3.72529100900465e-08, 1.266598985694145e-07, -8.195638656616211e-08, -0.2794436812400818, 0.9601621031761169, 8.568167686462402e-08, -0.9601621031761169, -0.279443621635437),
        }},
        {Time = 0.233, Data = {
            ["RightFoot"] = CFrame.new(-5.774199962615967e-08, 3.5762786865234375e-07, 4.639878170564771e-08, 0.9993969202041626, 0.032983820885419846, 0.010861408896744251, -0.03054405376315117, 0.9837436079978943, -0.17696258425712585, -0.016521846875548363, 0.1765242964029312, 0.9841576814651489),
            ["LeftLowerArm"] = CFrame.new(-1.1920928955078125e-07, -2.980232238769531e-07, -5.960464477539063e-08, 1, -1.4901162970204496e-08, -8.940694584680386e-08, 1.4901159417490817e-08, 0.9890736937522888, -0.14742252230644226, -7.450579886381092e-08, 0.1474224030971527, 0.989073634147644),
            ["LeftFoot"] = CFrame.new(-1.6763806343078613e-08, 5.960464477539063e-08, 0, 0.9997795224189758, 0.018355101346969604, 0.010203259065747261, -0.017684072256088257, 0.9978968501091003, -0.06236465275287628, -0.011326557956635952, 0.062170349061489105, 0.9980012774467468),
            ["Head"] = CFrame.new(-3.3527612686157227e-08, 2.384185791015625e-07, 1.4901161193847656e-08, 0.8463883399963379, -0.02181977778673172, -0.5321191549301147, 0.10957758873701096, 0.9849171042442322, 0.1339072585105896, 0.5211713314056396, -0.17164577543735504, 0.8360133171081543),
            ["LowerTorso"] = CFrame.new(0.018150582909584045, -0.05800926685333252, 0.17605805397033691, 0.864172101020813, 0.125412717461586, 0.4873175024986267, -0.08473975956439972, 0.9908832311630249, -0.10473588109016418, -0.49601003527641296, 0.04921465739607811, 0.8669210076332092),
            ["UpperTorso"] = CFrame.new(3.3527612686157227e-08, 0, -7.450580596923828e-09, 0.9880809187889099, -0.021992769092321396, 0.1523565649986267, -0.0008969513000920415, 0.9889021515846252, 0.14856578409671783, -0.15393300354480743, -0.14693167805671692, 0.9770955443382263),
            ["HumanoidRootPart"] = CFrame.new(0, 0, 0, 1, 0, 0, 0, 1, 0, 0, 0, 1),
            ["RightUpperLeg"] = CFrame.new(5.960464477539063e-08, 2.7334317564964294e-07, -9.145878721028566e-09, 0.9854553937911987, -0.060893915593624115, -0.15864931046962738, 0.006241839379072189, 0.9459324479103088, -0.32430389523506165, 0.1698196530342102, 0.31859663128852844, 0.9325542449951172),
            ["LeftUpperArm"] = CFrame.new(0, 5.960464477539062e-07, 4.470348358154297e-08, 0.9862710237503052, 0.1572457104921341, 0.050432201474905014, -0.15981777012348175, 0.8320338129997253, 0.5312042832374573, 0.041568268090486526, -0.5319713354110718, 0.8457414507865906),
            ["RightLowerArm"] = CFrame.new(0, -3.5762786865234375e-07, 7.450580596923828e-09, 1, -1.2665985593685036e-07, 1.1175869119028903e-08, 5.960463766996327e-08, 0.725068211555481, -0.6886770725250244, -1.4901159417490817e-08, 0.6886770725250244, 0.7250682711601257),
            ["LeftHand"] = CFrame.new(0, 2.384185791015625e-07, 5.960464477539063e-08, 0.847081184387207, 0.3099498152732849, -0.4317229688167572, -0.42516791820526123, 0.8826147317886353, -0.2005578875541687, 0.3188820779323578, 0.3534436523914337, 0.8794269561767578),
            ["RightHand"] = CFrame.new(7.450580596923828e-08, 5.960464477539063e-08, 1.4901161193847656e-07, 0.6609892845153809, -0.49104976654052734, 0.5674181580543518, 0.565079391002655, 0.8232551217079163, 0.05418903008103371, -0.49373918771743774, 0.28481799364089966, 0.8216449022293091),
            ["RightUpperArm"] = CFrame.new(1.1920928955078125e-07, 5.960464477539062e-07, -3.725290298461914e-08, 0.027212228626012802, 0.41694650053977966, 0.908523678779602, 0.8854274153709412, 0.4117959439754486, -0.2155049443244934, -0.4639803469181061, 0.8102960586547852, -0.3579699993133545),
            ["RightLowerLeg"] = CFrame.new(-5.960464477539063e-08, 4.76837158203125e-07, -2.0656443666666746e-08, 1, -9.685758328714655e-08, -2.2351747119842003e-08, 1.1175872316471214e-07, 0.6362830400466919, 0.7714552879333496, -2.6077035641947077e-08, -0.7714557647705078, 0.6362836360931396),
            ["LeftUpperLeg"] = CFrame.new(0, 1.564621925354004e-07, -8.195638656616211e-08, 0.9706632494926453, 0.07882580161094666, 0.22715499997138977, 0.09120763093233109, 0.7534162402153015, -0.6511876583099365, -0.22247254848480225, 0.652802050113678, 0.7241238951683044),
            ["LeftLowerLeg"] = CFrame.new(5.774199962615967e-08, 5.960464477539063e-08, -1.1548399925231934e-07, 1, 1.1175873737556685e-07, 9.685754776000977e-08, -5.401671643312511e-08, -0.11583617329597473, 0.9932683110237122, 8.754432911928234e-08, -0.9932683706283569, -0.11583635210990906),
        }},
        {Time = 0.267, Data = {
            ["RightFoot"] = CFrame.new(-9.592622518539429e-08, 4.172325134277344e-07, -3.892637323588133e-09, 0.9980502724647522, -0.057895008474588394, 0.023320889100432396, 0.06094861775636673, 0.9845385551452637, -0.16422255337238312, -0.013452716171741486, 0.16532395780086517, 0.9861477017402649),
            ["LeftLowerArm"] = CFrame.new(-2.9802322387695312e-08, 1.7881393432617188e-07, -2.086162567138672e-07, 1, -2.2351736461700966e-08, 7.4505797087454084e-09, -1.4901159417490817e-08, 0.9817579388618469, -0.19013501703739166, -2.2351738238057806e-08, 0.19013497233390808, 0.9817579388618469),
            ["LeftFoot"] = CFrame.new(-2.7939677238464355e-09, -5.960464477539063e-08, 0, 0.9978940486907959, 0.01466537918895483, -0.06318571418523788, -0.01235959678888321, 0.9992488622665405, 0.03672856092453003, 0.06367693841457367, -0.03587034344673157, 0.9973257184028625),
            ["Head"] = CFrame.new(6.271875463426113e-09, -1.1920928955078125e-07, -1.6574631445109844e-08, 0.8253138661384583, -0.0034933462738990784, -0.5646635890007019, 0.05895869433879852, 0.9950482249259949, 0.08001831918954849, 0.5615879893302917, -0.09933194518089294, 0.8214329481124878),
            ["LowerTorso"] = CFrame.new(0.0241612046957016, -0.09651434421539307, 0.20280465483665466, 0.8422325253486633, 0.10725629329681396, 0.5283374786376953, -0.09238084405660629, 0.9942273497581482, -0.05456925183534622, -0.5311404466629028, -0.002848261035978794, 0.8472790122032166),
            ["UpperTorso"] = CFrame.new(-2.60770320892334e-08, 1.1920928955078125e-07, 7.450580596923828e-09, 0.9895819425582886, -0.01785203441977501, 0.14285987615585327, -0.004910861607640982, 0.9875196814537048, 0.15741939842700958, -0.14388716220855713, -0.15648098289966583, 0.9771438837051392),
            ["HumanoidRootPart"] = CFrame.new(0, 0, 0, 1, 0, 0, 0, 1, 0, 0, 0, 1),
            ["RightUpperLeg"] = CFrame.new(-5.960464477539063e-08, 1.2193049769848585e-07, 3.9282895158976316e-08, 0.9989110827445984, -0.04260452464222908, -0.019014202058315277, 0.026636796072125435, 0.8553956747055054, -0.5172897577285767, 0.03830369934439659, 0.516219973564148, 0.8555991053581238),
            ["LeftUpperArm"] = CFrame.new(-1.1920928955078125e-07, -2.384185791015625e-07, -8.940696716308594e-08, 0.9937021136283875, 0.09911298751831055, -0.05227568373084068, -0.05397474020719528, 0.8322046995162964, 0.5518352389335632, 0.09819820523262024, -0.5455383062362671, 0.8323131203651428),
            ["RightLowerArm"] = CFrame.new(5.960464477539063e-08, 0, -2.0675361156463623e-07, 1, -9.685752644372769e-08, 1.4901161193847656e-08, 1.1920926112907182e-07, 0.5659831762313843, -0.8244168758392334, 1.4901157641133977e-08, 0.8244168162345886, 0.5659830570220947),
            ["LeftHand"] = CFrame.new(1.4901161193847656e-07, 5.960464477539063e-08, -8.940696716308594e-08, 0.8663616180419922, 0.22644273936748505, -0.44513076543807983, -0.3495805263519287, 0.911500871181488, -0.21670155227184296, 0.3566664457321167, 0.3433510959148407, 0.8688493371009827),
            ["RightHand"] = CFrame.new(5.960464477539063e-08, -1.1920928955078125e-07, -2.2351741790771484e-07, 0.6853180527687073, -0.48929423093795776, 0.5393794775009155, 0.6053979992866516, 0.7944424152374268, -0.04852627217769623, -0.40476226806640625, 0.3597952127456665, 0.840663492679596),
            ["RightUpperArm"] = CFrame.new(2.384185791015625e-07, 3.5762786865234375e-07, 2.9802322387695312e-08, -0.03840205818414688, 0.35085529088974, 0.935641884803772, 0.8676850199699402, 0.47612428665161133, -0.14292842149734497, -0.4956289827823639, 0.806353747844696, -0.3227161169052124),
            ["RightLowerLeg"] = CFrame.new(3.725290298461914e-08, 1.7881393432617188e-07, 9.110226528719068e-08, 1, -1.30385160446167e-07, -9.685759039257391e-08, 1.1548399925231934e-07, 0.45825809240341187, 0.8888190388679504, -1.1920928955078125e-07, -0.88881915807724, 0.4582584798336029),
