return {
    ["Ballsy"] = {
        {Time = 0.000, Data = {
            ["LeftLowerArm"] = CFrame.new(-4.172325134277344e-07, 2.384185791015625e-07, -5.960464477539063e-08, 1, -7.450579886381092e-08, 1.1920926112907182e-07, 1.681037389289486e-07, 0.36972546577453613, -0.929141104221344, 1.0430814256778831e-07, 0.929141104221344, 0.36972543597221375),
            ["LeftFoot"] = CFrame.new(7.450580596923828e-08, 5.960464477539063e-08, 3.725290298461914e-08, 0.9967318177223206, -0.07945322245359421, -0.014593149535357952, 0.06931805610656738, 0.9339728355407715, -0.3505565822124481, 0.04148266837000847, 0.3483991026878357, 0.936427891254425),
            ["RightHand"] = CFrame.new(0, 3.5762786865234375e-07, 2.9802322387695312e-08, 0.7475717663764954, -0.330095499753952, -0.5763449668884277, 0.12926889955997467, 0.9234710931777954, -0.36123496294021606, 0.6514800190925598, 0.19554558396339417, 0.7330319285392761),
            ["HumanoidRootPart"] = CFrame.new(0, 0, 0, 1, 0, 0, 0, 1, 0, 0, 0, 1),
            ["Handle"] = CFrame.new(1.2226042747497559, 2.822458028793335, -0.41808128356933594, 0.07264651358127594, -0.9898184537887573, -0.1224006935954094, 0.7436647415161133, -0.02802005596458912, 0.667965292930603, -0.6645940542221069, -0.13955043256282806, 0.7340574860572815),
            ["RightLowerLeg"] = CFrame.new(9.685754776000977e-08, -1.1920928955078125e-07, -8.77116690389812e-08, 1, -3.0547380447387695e-07, -5.5879368687783426e-08, 2.2351738948600541e-07, 0.7036523818969727, 0.7105441689491272, -1.1920927533992653e-07, -0.7105444073677063, 0.7036527395248413),
            ["RightFoot"] = CFrame.new(0, 2.384185791015625e-07, 9.145878721028566e-09, 0.9894003868103027, 0.1447715163230896, 0.011316882446408272, -0.1315809041261673, 0.926758348941803, -0.35185977816581726, -0.06142767146229744, 0.346641480922699, 0.9359843730926514),
            ["LeftLowerLeg"] = CFrame.new(-7.450580596923828e-08, 0, 5.960464477539063e-08, 1, 5.960465898624534e-08, 3.5390254282674505e-08, -4.4703469370688254e-08, 0.8394655585289001, 0.5434129238128662, 6.053594603372403e-08, -0.5434128642082214, 0.8394655585289001),
            ["RightUpperArm"] = CFrame.new(0, 9.5367431640625e-07, 6.705522537231445e-08, 0.9629327058792114, 0.2163233906030655, 0.16113649308681488, -0.10584705322980881, 0.8524864912033081, -0.5119210481643677, -0.2481071949005127, 0.47588974237442017, 0.8437843322753906),
            ["Head"] = CFrame.new(-1.862645149230957e-08, 2.384185791015625e-07, -1.955777406692505e-08, 0.9872733950614929, 0.09560228884220123, -0.12708909809589386, -0.0859660804271698, 0.9931395053863525, 0.07927027344703674, 0.13379567861557007, -0.06733596324920654, 0.9887186288833618),
            ["Handle2"] = CFrame.new(0.6524360179901123, -255.7261199951172, 1.436302900314331, 0.07565749436616898, -0.9892887473106384, -0.12483488768339157, 0.7404170036315918, -0.028117114678025246, 0.6715593934059143, -0.6678762435913086, -0.14323833584785461, 0.7303589582443237),
            ["UpperTorso"] = CFrame.new(-9.872019290924072e-08, -7.748603820800781e-07, 4.0978193283081055e-08, 0.9703593254089355, 0.00634965393692255, 0.24158312380313873, -0.02039354480803013, 0.99824059009552, 0.055676862597465515, -0.2408044934272766, -0.05895329266786575, 0.9687816500663757),
            ["Handle1"] = CFrame.new(0.6527903079986572, -255.7261199951172, 0.3047029674053192, 0.07263524830341339, -0.9898259043693542, -0.12234748899936676, 0.7436188459396362, -0.028002208098769188, 0.6680172085762024, -0.6646466851234436, -0.13950154185295105, 0.7340191602706909),
            ["LeftUpperArm"] = CFrame.new(5.960464477539063e-08, 0, 2.9802322387695312e-08, 0.7312811017036438, -0.1348879337310791, -0.6686054468154907, -0.43415340781211853, 0.663977861404419, -0.6088055968284607, 0.5260596871376038, 0.7354854345321655, 0.42699235677719116),
            ["RightLowerArm"] = CFrame.new(5.364418029785156e-07, 1.1920928955078125e-07, 3.427267074584961e-07, 1, -1.0803346839338701e-07, 2.7008354663848877e-08, 3.725289943190546e-08, 0.25386473536491394, -0.9672397971153259, 9.685753354915505e-08, 0.9672397971153259, 0.25386473536491394),
            ["LeftHand"] = CFrame.new(-1.7881393432617188e-07, 0.0000013113021850585938, 2.980232238769531e-07, 0.8942367434501648, 0.2518928349018097, 0.36998727917671204, -0.3285828232765198, 0.9307371377944946, 0.1605050414800644, -0.30393078923225403, -0.2651009261608124, 0.9150670170783997),
            ["LowerTorso"] = CFrame.new(-0.20129570364952087, -0.09995734691619873, -0.0718756839632988, 0.9815285205841064, 0.10459224134683609, -0.1601943075656891, -0.08103740960359573, 0.9857951402664185, 0.14710871875286102, 0.1733051836490631, -0.1314096748828888, 0.9760619401931763),
            ["RightUpperLeg"] = CFrame.new(0, 1.4132820069789886e-07, 3.9282895158976316e-08, 0.8659757971763611, -0.3867102861404419, -0.3170821964740753, 0.15253789722919464, 0.808097779750824, -0.5689554810523987, 0.4762543737888336, 0.444334477186203, 0.7587810158729553),
            ["LeftUpperLeg"] = CFrame.new(8.940696716308594e-08, 1.0989606380462646e-07, 5.960464477539063e-08, 0.7899566888809204, 0.0931805819272995, 0.6060410737991333, 0.07404490560293198, 0.9666555523872375, -0.24514153599739075, -0.6086753606796265, 0.23852548003196716, 0.7567165493965149),
        }},
        {Time = 0.033, Data = {
            ["LeftLowerArm"] = CFrame.new(0, 3.5762786865234375e-07, 1.7881393432617188e-07, 1, -1.1175868053214799e-07, 4.470347292340193e-08, 1.3038518886787642e-07, 0.4563969373703003, -0.8897762894630432, 7.4505820180093e-08, 0.8897762894630432, 0.4563969373703003),
            ["LeftFoot"] = CFrame.new(6.332993507385254e-08, 1.7881393432617188e-07, -7.450580596923828e-09, 0.9972536563873291, -0.07260601967573166, -0.014613027684390545, 0.06040985882282257, 0.911583423614502, -0.40665295720100403, 0.04284670576453209, 0.40465328097343445, 0.9134658575057983),
            ["RightHand"] = CFrame.new(-5.960464477539063e-08, 3.5762786865234375e-07, 1.043081283569336e-07, 0.5415816307067871, -0.3122446537017822, -0.7805079221725464, 0.05881655216217041, 0.940258800983429, -0.3353416323661804, 0.8385881185531616, 0.13570807874202728, 0.5275920629501343),
            ["HumanoidRootPart"] = CFrame.new(0, 0, 0, 1, 0, 0, 0, 1, 0, 0, 0, 1),
            ["Handle"] = CFrame.new(1.213371992111206, 2.826021909713745, -0.24862432479858398, 0.1114259883761406, -0.9898348450660706, -0.08838119357824326, 0.9240898489952087, 0.07048644125461578, 0.37561917304992676, -0.36557120084762573, -0.12352592498064041, 0.9225503206253052),
            ["RightLowerLeg"] = CFrame.new(7.450580596923828e-08, -5.960464477539063e-08, -8.77116690389812e-08, 1, -3.129244134925102e-07, -1.2665987014770508e-07, 2.756714536644722e-07, 0.609034538269043, 0.7931434512138367, -1.1175869474300271e-07, -0.7931438088417053, 0.6090349555015564),
            ["RightFoot"] = CFrame.new(7.450580596923828e-09, 4.76837158203125e-07, 3.149762051180005e-08, 0.991081178188324, 0.13277722895145416, 0.011323179118335247, -0.11709758639335632, 0.9082944393157959, -0.4016081988811493, -0.06360959261655807, 0.39670056104660034, 0.9157416224479675),
            ["LeftLowerLeg"] = CFrame.new(-1.341104507446289e-07, 1.7881393432617188e-07, 5.960464477539063e-08, 1, 5.96046660916727e-08, 5.2154071283894154e-08, -6.705521116145974e-08, 0.7256985902786255, 0.6880127787590027, 2.7939670133036998e-08, -0.6880127787590027, 0.7256985902786255),
            ["RightUpperArm"] = CFrame.new(1.1920928955078125e-07, 7.152557373046875e-07, -2.2351741790771484e-08, 0.9710701704025269, 0.23220671713352203, 0.05570277199149132, -0.15100838243961334, 0.7778451442718506, -0.6100438237190247, -0.18498438596725464, 0.5839837193489075, 0.7904074192047119),
            ["Head"] = CFrame.new(3.725290298461914e-08, 2.384185791015625e-07, -8.288770914077759e-08, 0.9852941632270813, 0.09231981635093689, -0.14377914369106293, -0.08976999670267105, 0.9956700801849365, 0.02413582056760788, 0.1453847885131836, -0.010873696766793728, 0.9893154501914978),
            ["Handle2"] = CFrame.new(0.652398943901062, -255.7261199951172, 1.436302900314331, 0.07597269862890244, -0.9892325401306152, -0.12508857250213623, 0.7400763630867004, -0.028128607198596, 0.6719344854354858, -0.6682178974151611, -0.14362385869026184, 0.7299705743789673),
            ["UpperTorso"] = CFrame.new(-3.91155481338501e-08, -0.0000011920928955078125, 1.862645149230957e-09, 0.9741517305374146, 0.02098005823791027, 0.22491854429244995, -0.03960108757019043, 0.9961193203926086, 0.07860103994607925, -0.22239668667316437, -0.08547636866569519, 0.9712020754814148),
            ["Handle1"] = CFrame.new(0.6527903079986572, -255.7261199951172, 0.3047029674053192, 0.07263524830341339, -0.9898259043693542, -0.12234748899936676, 0.7436188459396362, -0.028002208098769188, 0.6680172085762024, -0.6646466851234436, -0.13950154185295105, 0.7340191602706909),
            ["LeftUpperArm"] = CFrame.new(5.960464477539063e-08, -1.1920928955078125e-07, 6.705522537231445e-08, 0.6509528756141663, -0.2243509590625763, -0.7252082824707031, -0.5214015245437622, 0.5621926188468933, -0.6419345736503601, 0.5517253279685974, 0.7959938049316406, 0.24898391962051392),
            ["RightLowerArm"] = CFrame.new(2.980232238769531e-07, 2.980232238769531e-07, 3.948807716369629e-07, 1, -9.685756907629184e-08, 3.166496753692627e-08, 1.043081283569336e-07, 0.24147823452949524, -0.9704063534736633, 7.450580596923828e-08, 0.9704062938690186, 0.24147814512252808),
            ["LeftHand"] = CFrame.new(-2.384185791015625e-07, 0.000001430511474609375, 1.043081283569336e-07, 0.8728480339050293, 0.2819271683692932, 0.3983131945133209, -0.3648650646209717, 0.919053852558136, 0.14904232323169708, -0.32405218482017517, -0.2754218876361847, 0.9050596952438354),
            ["LowerTorso"] = CFrame.new(-0.18717320263385773, -0.14460885524749756, -0.03559136018157005, 0.9870680570602417, 0.09721654653549194, -0.1274583339691162, -0.07612352818250656, 0.9840114712715149, 0.1610179990530014, 0.1410740613937378, -0.1492331475019455, 0.9786867499351501),
            ["RightUpperLeg"] = CFrame.new(5.960464477539063e-08, -4.98257577419281e-08, 3.183231456205249e-08, 0.854406476020813, -0.4075486660003662, -0.3223254680633545, 0.12404891103506088, 0.7623794078826904, -0.6351298093795776, 0.5045804977416992, 0.5026746988296509, 0.701937735080719),
            ["LeftUpperLeg"] = CFrame.new(5.960464477539063e-08, 9.313225746154785e-09, 8.195638656616211e-08, 0.8091469407081604, 0.16193917393684387, 0.5648511648178101, 0.08263926953077316, 0.9203598499298096, -0.3822416067123413, -0.5817661881446838, 0.35596853494644165, 0.7313238978385925),
        }},
        {Time = 0.067, Data = {
            ["LeftLowerArm"] = CFrame.new(-2.980232238769531e-07, 3.5762786865234375e-07, -8.940696716308594e-08, 1, -1.285224726643719e-07, 8.940696716308594e-08, 5.960465188081798e-08, 0.5943413376808167, -0.8042128682136536, 7.450581307466564e-08, 0.8042128682136536, 0.5943413972854614),
            ["LeftFoot"] = CFrame.new(9.313225746154785e-09, 1.1920928955078125e-07, -2.9802322387695312e-08, 0.997442364692688, -0.06995886564254761, -0.014647115021944046, 0.05590832978487015, 0.8913149237632751, -0.4499247670173645, 0.04453151673078537, 0.4479549527168274, 0.8929464221000671),
            ["RightHand"] = CFrame.new(0, 5.364418029785156e-07, 2.9802322387695312e-08, 0.33722054958343506, -0.31982362270355225, -0.8854351043701172, 0.033003758639097214, 0.9439637660980225, -0.32839497923851013, 0.9408470392227173, 0.08151876926422119, 0.32887935638427734),
            ["HumanoidRootPart"] = CFrame.new(0, 0, 0, 1, 0, 0, 0, 1, 0, 0, 0, 1),
            ["Handle"] = CFrame.new(1.228760004043579, 2.8295857906341553, -0.0006247162818908691, 0.08889104425907135, -0.9922627210617065, -0.08667907863855362, 0.9878944754600525, 0.07672189921140671, 0.1348271369934082, -0.12713375687599182, -0.09761471301317215, 0.987070620059967),
            ["RightLowerLeg"] = CFrame.new(5.960464477539063e-08, -3.5762786865234375e-07, 4.639878170564771e-08, 1, -3.427267358802055e-07, -8.940698847936801e-08, 2.0861619987044833e-07, 0.5216981768608093, 0.8531299829483032, -1.9371505288745539e-07, -0.8531301617622375, 0.521698534488678),
            ["RightFoot"] = CFrame.new(3.725290298461914e-09, 2.980232238769531e-07, -7.281050784513354e-08, 0.9921387434005737, 0.1246287077665329, 0.011327172629535198, -0.10625408589839935, 0.8867512941360474, -0.44986894726753235, -0.06611143797636032, 0.4451291859149933, 0.8930227756500244),
            ["LeftLowerLeg"] = CFrame.new(-1.1920928955078125e-07, 0, 0, 1, 9.685758328714655e-08, 3.352760913344355e-08, -6.705521116145974e-08, 0.6271007061004639, 0.7789382934570312, 6.146727571376687e-08, -0.7789382934570312, 0.6271005868911743),
            ["RightUpperArm"] = CFrame.new(1.1920928955078125e-07, 0.0000010728836059570312, -5.960464477539063e-08, 0.9691838026046753, 0.2405409812927246, -0.053131405264139175, -0.21055752038955688, 0.6969590783119202, -0.6855025887489319, -0.12786102294921875, 0.6755651235580444, 0.7261289358139038),
            ["Head"] = CFrame.new(1.862645149230957e-08, 7.152557373046875e-07, -7.450580596923828e-09, 0.9811099171638489, 0.08925995230674744, -0.1716279536485672, -0.09953491389751434, 0.9936635494232178, -0.05220796912908554, 0.16588032245635986, 0.06830484420061111, 0.9837775230407715),
            ["Handle2"] = CFrame.new(0.652360200881958, -255.7261199951172, 1.436302900314331, 0.07630283385515213, -0.9891735911369324, -0.12535367906093597, 0.739719808101654, -0.028140557929873466, 0.6723265051841736, -0.6685749888420105, -0.14402709901332855, 0.7295640110969543),
            ["UpperTorso"] = CFrame.new(-9.685754776000977e-08, -0.0000010132789611816406, 9.313225746154785e-10, 0.9773396849632263, 0.036393098533153534, 0.20852500200271606, -0.06021091714501381, 0.9922125935554504, 0.10903653502464294, -0.2029329538345337, -0.11912128329277039, 0.9719198942184448),
            ["Handle1"] = CFrame.new(0.6527903079986572, -255.7261199951172, 0.3047029674053192, 0.07263524830341339, -0.9898259043693542, -0.12234748899936676, 0.7436188459396362, -0.028002208098769188, 0.6680172085762024, -0.6646466851234436, -0.13950154185295105, 0.7340191602706909),
            ["LeftUpperArm"] = CFrame.new(0, -3.5762786865234375e-07, -5.21540641784668e-08, 0.5160993933677673, -0.3655857741832733, -0.7745891809463501, -0.6243264675140381, 0.4585583209991455, -0.6324086785316467, 0.5863940119743347, 0.8099822998046875, 0.008416764438152313),
            ["RightLowerArm"] = CFrame.new(3.5762786865234375e-07, 3.5762786865234375e-07, 3.5762786865234375e-07, 1, -1.0058285937475375e-07, 5.5879347371501353e-08, 9.685756907629184e-08, 0.2110646814107895, -0.977472186088562, 4.842878453814592e-08, 0.9774721264839172, 0.21106471121311188),
            ["LeftHand"] = CFrame.new(2.9802322387695312e-08, 0.0000015497207641601562, -2.384185791015625e-07, 0.8408832550048828, 0.38707321882247925, 0.37827208638191223, -0.43114128708839417, 0.9015714526176453, 0.03586120158433914, -0.3271583616733551, -0.19324375689029694, 0.9249995946884155),
            ["LowerTorso"] = CFrame.new(-0.17016339302062988, -0.1882263422012329, -0.012927080504596233, 0.9919913411140442, 0.08648136258125305, -0.09205641597509384, -0.07020828872919083, 0.9834046959877014, 0.16729052364826202, 0.1049962267279625, -0.15948761999607086, 0.9816005229949951),
            ["RightUpperLeg"] = CFrame.new(5.960464477539063e-08, 1.648440957069397e-07, 9.480572771281004e-09, 0.8391750454902649, -0.42813271284103394, -0.33539193868637085, 0.10133888572454453, 0.7289783954620361, -0.6769941449165344, 0.5343368053436279, 0.5341282486915588, 0.6551268100738525),
            ["LeftUpperLeg"] = CFrame.new(5.960464477539063e-08, 2.7939677238464355e-07, 6.705522537231445e-08, 0.8294842839241028, 0.20894241333007812, 0.5179758071899414, 0.08003135770559311, 0.873357892036438, -0.48045915365219116, -0.5527665019035339, 0.4399877190589905, 0.7077146172523499),
        }},
        {Time = 0.100, Data = {
            ["LeftLowerArm"] = CFrame.new(-8.940696716308594e-08, 2.384185791015625e-07, -1.4901161193847656e-07, 1, -1.341104365337742e-07, 2.9802322387695312e-08, -7.450582373280668e-09, 0.6599785685539246, -0.7512843608856201, 5.960465898624534e-08, 0.7512843608856201, 0.6599786281585693),
            ["LeftFoot"] = CFrame.new(4.470348358154297e-08, -5.960464477539063e-08, -3.725290298461914e-08, 0.9973786473274231, -0.07085346430540085, -0.0146823450922966, 0.05497881770133972, 0.8739744424819946, -0.482852041721344, 0.04704420268535614, 0.4807789921760559, 0.8755789399147034),
            ["RightHand"] = CFrame.new(-5.541369318962097e-08, 4.172325134277344e-07, 2.980232238769531e-07, 0.2737099528312683, -0.2919634282588959, -0.9164279699325562, 0.0847187489271164, 0.9564287662506104, -0.27940428256988525, 0.9580739140510559, -0.0011628865031525493, 0.2865189015865326),
            ["HumanoidRootPart"] = CFrame.new(0, 0, 0, 1, 0, 0, 0, 1, 0, 0, 0, 1),
            ["Handle"] = CFrame.new(1.234741449356079, 2.8190255165100098, 0.14218509197235107, 0.1227823868393898, -0.9843940138816833, -0.12606771290302277, 0.9911173582077026, 0.11508604139089584, 0.06664489954710007, -0.05109618604183197, -0.133130744099617, 0.9897804856300354),
            ["RightLowerLeg"] = CFrame.new(2.086162567138672e-07, -5.960464477539063e-08, 3.149762051180005e-08, 1, -2.9057270012344816e-07, -1.713633963618122e-07, 2.0116564769523393e-07, 0.4493978023529053, 0.8933316469192505, -2.3096797008292924e-07, -0.8933318257331848, 0.4493982493877411),
            ["RightFoot"] = CFrame.new(5.587935447692871e-08, 4.76837158203125e-07, 3.894820110872388e-08, 0.9923683404922485, 0.12278838455677032, 0.011325237341225147, -0.10100829601287842, 0.8621373176574707, -0.49650439620018005, -0.07072928547859192, 0.491571307182312, 0.8679604530334473),
            ["LeftLowerLeg"] = CFrame.new(-2.9802322387695312e-08, -2.384185791015625e-07, -2.9802322387695312e-08, 1, 9.685758328714655e-08, 5.2154071283894154e-08, -1.0430809993522416e-07, 0.5486304759979248, 0.8360649943351746, 3.725289587919178e-08, -0.8360649943351746, 0.5486304759979248),
            ["RightUpperArm"] = CFrame.new(-5.960464477539063e-08, 0.0000015497207641601562, -1.4901161193847656e-08, 0.9573724269866943, 0.23944111168384552, -0.16157354414463043, -0.2784764766693115, 0.616473376750946, -0.7364858388900757, -0.07673922926187515, 0.7500856518745422, 0.656873345375061),
            ["Head"] = CFrame.new(-7.078051567077637e-08, 8.344650268554688e-07, -4.563480615615845e-08, 0.9656156897544861, 0.09030826389789581, -0.24378427863121033, -0.12378787249326706, 0.9843172430992126, -0.12568268179893494, 0.22861087322235107, 0.15153875946998596, 0.9616512060165405),
            ["Handle2"] = CFrame.new(0.6523197889328003, -255.7261199951172, 1.436302900314331, 0.07664789259433746, -0.9891118407249451, -0.12563005089759827, 0.7393473982810974, -0.02815287746489048, 0.672735333442688, -0.6689473986625671, -0.14444796741008759, 0.7291393876075745),
            ["UpperTorso"] = CFrame.new(-8.009374141693115e-08, -0.000001043081283569336, 6.05359673500061e-08, 0.979979395866394, 0.05513034760951996, 0.19131401181221008, -0.08209437876939774, 0.9873002767562866, 0.1360098272562027, -0.1813860982656479, -0.1489926427602768, 0.9720599055290222),
            ["Handle1"] = CFrame.new(0.6527903079986572, -255.7261199951172, 0.3047029674053192, 0.07263524830341339, -0.9898259043693542, -0.12234748899936676, 0.7436188459396362, -0.028002208098769188, 0.6680172085762024, -0.6646466851234436, -0.13950154185295105, 0.7340191602706909),
            ["LeftUpperArm"] = CFrame.new(0, 0, 2.9802322387695312e-08, 0.43176960945129395, -0.4054167866706848, -0.8057370781898499, -0.6503987908363342, 0.47898635268211365, -0.5895366668701172, 0.6249452233314514, 0.7785944938659668, -0.05687088519334793),
            ["RightLowerArm"] = CFrame.new(5.364418029785156e-07, 0, 6.258487701416016e-07, 1, -1.192093321833454e-07, 7.450577754752885e-08, 1.0430815677864302e-07, 0.16701588034629822, -0.9859541654586792, 6.705523958316917e-08, 0.985954225063324, 0.1670158952474594),
            ["LeftHand"] = CFrame.new(3.8743019104003906e-07, 0.0000011920928955078125, -7.450580596923828e-08, 0.8336488604545593, 0.47048741579055786, 0.28925949335098267, -0.4499528706073761, 0.8822813630104065, -0.13828285038471222, -0.32026857137680054, -0.014873778447508812, 0.9472100734710693),
            ["LowerTorso"] = CFrame.new(-0.15234582126140594, -0.226357102394104, -0.0050896587781608105, 0.9959973692893982, 0.07409360259771347, -0.04999386519193649, -0.06491988152265549, 0.9841263890266418, 0.16516880691051483, 0.061438221484422684, -0.16126209497451782, 0.9849974513053894),
            ["RightUpperLeg"] = CFrame.new(5.960464477539063e-08, -5.960464477539063e-08, 3.55576048605144e-08, 0.8173794150352478, -0.4507684111595154, -0.3587459623813629, 0.08874564617872238, 0.7138033509254456, -0.6947007775306702, 0.5692232847213745, 0.5359969735145569, 0.6234517693519592),
            ["LeftUpperLeg"] = CFrame.new(8.940696716308594e-08, 1.5320256352424622e-07, 9.685754776000977e-08, 0.8526148200035095, 0.2362722009420395, 0.4660724103450775, 0.06831305474042892, 0.8338814377784729, -0.5476998090744019, -0.5180553197860718, 0.4988158345222473, 0.6948391199111938),
        }},
        {Time = 0.133, Data = {
            ["LeftLowerArm"] = CFrame.new(-3.5762786865234375e-07, 3.5762786865234375e-07, 2.9802322387695312e-08, 1, -5.960463766996327e-08, 1.4901159417490817e-08, 6.705523958316917e-08, 0.6218692660331726, -0.7831209897994995, 1.4901164746561335e-08, 0.7831211090087891, 0.6218693256378174),
            ["LeftFoot"] = CFrame.new(-6.891787052154541e-08, 1.1920928955078125e-07, -2.2351741790771484e-08, 0.9972362518310547, -0.0728258565068245, -0.01470691617578268, 0.05522982031106949, 0.8590561151504517, -0.5088932514190674, 0.04969491437077522, 0.5066744089126587, 0.8607040643692017),
            ["RightHand"] = CFrame.new(-1.1548399925231934e-07, 4.76837158203125e-07, 5.960464477539063e-08, 0.2457377314567566, -0.2580985724925995, -0.9343436360359192, 0.1453605592250824, 0.9628127217292786, -0.22773213684558868, 0.9583753943443298, -0.07985437661409378, 0.2741168141365051),
            ["HumanoidRootPart"] = CFrame.new(0, 0, 0, 1, 0, 0, 0, 1, 0, 0, 0, 1),
            ["Handle"] = CFrame.new(1.2173864841461182, 2.7994139194488525, 0.26448726654052734, 0.1263241171836853, -0.9733874201774597, -0.19120483100414276, 0.9914312958717346, 0.13034847378730774, -0.008566178381443024, 0.03326147794723511, -0.188484326004982, 0.9815127849578857),
            ["RightLowerLeg"] = CFrame.new(1.1920928955078125e-07, 0, -1.0261283023282886e-07, 1, -3.427267074584961e-07, -8.195640788244418e-08, 2.3841855067985307e-07, 0.3837296962738037, 0.9234454035758972, -2.3096797008292924e-07, -0.9234455227851868, 0.3837301433086395),
            ["RightFoot"] = CFrame.new(2.9802322387695312e-08, 3.5762786865234375e-07, -3.55576048605144e-08, 0.9925297498703003, 0.12147633731365204, 0.011324197053909302, -0.09624899923801422, 0.8366724252700806, -0.5391800999641418, -0.07497275620698929, 0.5340626239776611, 0.8421143889427185),
            ["LeftLowerLeg"] = CFrame.new(-8.940696716308594e-08, -1.1920928955078125e-07, -8.940696716308594e-08, 1, 8.940698847936801e-08, 8.940696716308594e-08, -1.0430809993522416e-07, 0.47893351316452026, 0.8778511881828308, 4.8428763221863846e-08, -0.8778512477874756, 0.47893354296684265),
            ["RightUpperArm"] = CFrame.new(0, 0.0000015497207641601562, 1.043081283569336e-07, 0.9363913536071777, 0.2286272495985031, -0.26627233624458313, -0.3491252064704895, 0.5293833613395691, -0.7732172608375549, -0.03581841662526131, 0.8169962763786316, 0.5755293965339661),
            ["Head"] = CFrame.new(4.470348358154297e-08, 0.0000010728836059570312, -5.587935447692871e-09, 0.939068078994751, 0.08817534893751144, -0.33222928643226624, -0.15975213050842285, 0.9677661061286926, -0.19469979405403137, 0.3043525218963623, 0.23591068387031555, 0.9228844046592712),
            ["Handle2"] = CFrame.new(0.6522775888442993, -255.7261199951172, 1.436302900314331, 0.07700693607330322, -0.9890474081039429, -0.12591779232025146, 0.7389594316482544, -0.028166433796286583, 0.673160970211029, -0.6693347692489624, -0.14488618075847626, 0.7286968231201172),
            ["UpperTorso"] = CFrame.new(-9.080395102500916e-08, -8.046627044677734e-07, 8.731149137020111e-10, 0.9819621443748474, 0.07404876500368118, 0.17397448420524597, -0.10289076715707779, 0.9812290668487549, 0.16310468316078186, -0.1586311161518097, -0.17806294560432434, 0.9711487889289856),
            ["Handle1"] = CFrame.new(0.6527903079986572, -255.7261199951172, 0.3047029674053192, 0.07263524830341339, -0.9898259043693542, -0.12234748899936676, 0.7436188459396362, -0.028002208098769188, 0.6680172085762024, -0.6646466851234436, -0.13950154185295105, 0.7340191602706909),
            ["LeftUpperArm"] = CFrame.new(5.960464477539063e-08, 2.384185791015625e-07, 1.9371509552001953e-07, 0.44192391633987427, -0.3397018611431122, -0.8302445411682129, -0.627530574798584, 0.5442978143692017, -0.556727409362793, 0.6410216093063354, 0.7670349478721619, 0.02736494317650795),
            ["RightLowerArm"] = CFrame.new(3.5762786865234375e-07, -5.960464477539063e-08, 6.258487701416016e-07, 1, -9.499494524334295e-08, 1.1734661597984086e-07, 7.636847954017867e-08, 0.12983468174934387, -0.9915356636047363, 8.940699558479537e-08, 0.9915357232093811, 0.12983472645282745),
            ["LeftHand"] = CFrame.new(8.940696716308594e-08, 0.0000010728836059570312, 2.682209014892578e-07, 0.923913300037384, 0.3066686689853668, 0.2287764549255371, -0.2698710262775421, 0.9462083578109741, -0.178492471575737, -0.2712081968784332, 0.1031714528799057, 0.9569752812385559),
            ["LowerTorso"] = CFrame.new(-0.13347980380058289, -0.2623528242111206, 0.0014006206765770912, 0.9980695247650146, 0.061755817383527756, -0.0065932790748775005, -0.05988588184118271, 0.985076367855072, 0.16136398911476135, 0.01646004430949688, -0.1606576293706894, 0.9868729710578918),
            ["RightUpperLeg"] = CFrame.new(5.960464477539063e-08, 1.4202669262886047e-07, 2.9736838769167662e-08, 0.7930511832237244, -0.4726719260215759, -0.38425421714782715, 0.07815513014793396, 0.7045370936393738, -0.7053505778312683, 0.604120671749115, 0.5293475389480591, 0.5956755876541138),
            ["LeftUpperLeg"] = CFrame.new(0, 1.9301660358905792e-07, 5.4016709327697754e-08, 0.8746938705444336, 0.25407516956329346, 0.41274264454841614, 0.05425968021154404, 0.7948992252349854, -0.6043105721473694, -0.48162904381752014, 0.5509819388389587, 0.681507408618927),
        }},
        {Time = 0.167, Data = {
            ["LeftLowerArm"] = CFrame.new(-1.1920928955078125e-07, 7.748603820800781e-07, -1.7881393432617188e-07, 1, -1.4156097449813387e-07, 4.470347292340193e-08, 8.987264266124839e-08, 0.5434501767158508, -0.8394415378570557, -1.4901162970204496e-08, 0.8394414782524109, 0.5434501767158508),
            ["LeftFoot"] = CFrame.new(-9.313225746154785e-09, 0, 2.2351741790771484e-08, 0.997066855430603, -0.07510934770107269, -0.014707066118717194, 0.05669860169291496, 0.853950560092926, -0.5172561407089233, 0.051410045474767685, 0.5149049758911133, 0.8557043075561523),
            ["RightHand"] = CFrame.new(-1.564621925354004e-07, 4.76837158203125e-07, -1.1920928955078125e-07, 0.27670636773109436, -0.2706281840801239, -0.9220596551895142, 0.18827494978904724, 0.9561960697174072, -0.22414682805538177, 0.9423303008079529, -0.1115778237581253, 0.3155379891395569),
            ["HumanoidRootPart"] = CFrame.new(0, 0, 0, 1, 0, 0, 0, 1, 0, 0, 0, 1),
            ["Handle"] = CFrame.new(1.1714622974395752, 2.788853406906128, 0.3824101686477661, 0.08060233294963837, -0.9596354365348816, -0.2694495916366577, 0.9938703775405884, 0.09789825975894928, -0.051357924938201904, 0.07566352933645248, -0.26365840435028076, 0.9616440534591675),
            ["RightLowerLeg"] = CFrame.new(1.6391277313232422e-07, -5.960464477539063e-08, -5.790934665128589e-08, 1, -3.0547388973900524e-07, -1.7136343899437634e-07, 2.3096797008292924e-07, 0.3503134846687317, 0.9366323947906494, -2.458691312767769e-07, -0.9366326332092285, 0.3503139615058899),
            ["RightFoot"] = CFrame.new(2.60770320892334e-08, 1.1920928955078125e-07, -9.480572771281004e-09, 0.9929503202438354, 0.11798916757106781, 0.011327718384563923, -0.09087063372135162, 0.8191113471984863, -0.5663909912109375, -0.07610737532377243, 0.561369001865387, 0.8240588307380676),
            ["LeftLowerLeg"] = CFrame.new(-1.7136335372924805e-07, 1.7881393432617188e-07, -2.9802322387695312e-08, 1, 9.685756197086448e-08, 1.2293455142753373e-07, -8.195636524988004e-08, 0.44268399477005005, 0.8966776728630066, 5.5879340266073996e-08, -0.8966777324676514, 0.4426839351654053),
            ["RightUpperArm"] = CFrame.new(0, 0.0000016689300537109375, -4.470348358154297e-08, 0.9073477387428284, 0.19179071485996246, -0.37408068776130676, -0.42012855410575867, 0.44453907012939453, -0.7911239266395569, 0.014563282951712608, 0.874986469745636, 0.4839283227920532),
            ["Head"] = CFrame.new(-7.450580596923828e-08, 0.0000011920928955078125, 1.043081283569336e-07, 0.9047346115112305, 0.08223031461238861, -0.41796353459358215, -0.20243223011493683, 0.9463146328926086, -0.25201156735420227, 0.37480202317237854, 0.31261304020881653, 0.8728095889091492),
            ["Handle2"] = CFrame.new(0.6522338390350342, -255.7261199951172, 1.436302900314331, 0.07738008350133896, -0.9889801144599915, -0.1262165606021881, 0.7385558485984802, -0.028180915862321854, 0.6736031770706177, -0.669736921787262, -0.14534151554107666, 0.7282363772392273),
            ["UpperTorso"] = CFrame.new(-8.835922926664352e-08, -8.940696716308594e-07, 5.75091689825058e-08, 0.9831206798553467, 0.09225430339574814, 0.1579970270395279, -0.12244714051485062, 0.9734224081039429, 0.1935344934463501, -0.1359434723854065, -0.20961397886276245, 0.9682878255844116),
            ["Handle1"] = CFrame.new(0.6527903079986572, -255.7261199951172, 0.3047029674053192, 0.07263524830341339, -0.9898259043693542, -0.12234748899936676, 0.7436188459396362, -0.028002208098769188, 0.6680172085762024, -0.6646466851234436, -0.13950154185295105, 0.7340191602706909),
            ["LeftUpperArm"] = CFrame.new(1.1920928955078125e-07, -2.384185791015625e-07, 4.470348358154297e-08, 0.5030909776687622, -0.24368709325790405, -0.8291659355163574, -0.5577788352966309, 0.6412939429283142, -0.5269013047218323, 0.6601380705833435, 0.7275704741477966, 0.18670566380023956),
            ["RightLowerArm"] = CFrame.new(4.76837158203125e-07, 1.7881393432617188e-07, 6.258487701416016e-07, 1, -1.0617080903330134e-07, 7.823106784599076e-08, 5.774202094244174e-08, 0.10795208066701889, -0.9941560626029968, 1.3038520307873114e-07, 0.9941561818122864, 0.10795215517282486),
            ["LeftHand"] = CFrame.new(4.470348358154297e-07, 0.0000011324882507324219, -1.4901161193847656e-07, 0.9868624806404114, 0.10707911849021912, 0.12098169326782227, -0.08961761742830276, 0.9858657121658325, -0.14155413210391998, -0.13442912697792053, 0.12885244190692902, 0.9825100898742676),
            ["LowerTorso"] = CFrame.new(-0.11367145925760269, -0.28209078311920166, 0.009143001399934292, 0.9981233477592468, 0.04976043850183487, 0.03569179028272629, -0.054728031158447266, 0.9863437414169312, 0.15534161031246185, -0.027474509552121162, -0.15700343251228333, 0.9872158765792847),
            ["RightUpperLeg"] = CFrame.new(5.960464477539063e-08, 1.4284159988164902e-07, 7.281050784513354e-08, 0.7680858373641968, -0.48530614376068115, -0.4177583158016205, 0.06753522902727127, 0.710149347782135, -0.7008046507835388, 0.6367756128311157, 0.5100646615028381, 0.5782308578491211),
            ["LeftUpperLeg"] = CFrame.new(0, 2.523884177207947e-07, 8.381903171539307e-08, 0.8944809436798096, 0.259202241897583, 0.3643048405647278, 0.038882285356521606, 0.7666231393814087, -0.640919029712677, -0.44541218876838684, 0.5874548554420471, 0.6756513714790344),
        }},
        {Time = 0.200, Data = {
            ["LeftLowerArm"] = CFrame.new(-4.76837158203125e-07, 8.344650268554688e-07, -1.1920928955078125e-07, 1, -2.9802311729554276e-08, 6.332991375757047e-08, 1.266598843585598e-07, 0.44498613476753235, -0.8955375552177429, 3.3527616238870905e-08, 0.8955374956130981, 0.44498613476753235),
            ["LeftFoot"] = CFrame.new(-3.3527612686157227e-08, 0, -1.4901161193847656e-08, 0.9969490766525269, -0.07665932923555374, -0.014693683944642544, 0.05814782902598381, 0.8549920320510864, -0.515371561050415, 0.0520712211728096, 0.5129446387290955, 0.8568409085273743),
            ["RightHand"] = CFrame.new(2.9802322387695312e-08, 1.1920928955078125e-07, 1.1920928955078125e-07, 0.33217114210128784, -0.3645566403865814, -0.8699200749397278, 0.18481437861919403, 0.9295663237571716, -0.318982869386673, 0.9249356985092163, -0.05481678992509842, 0.3761504292488098),
            ["HumanoidRootPart"] = CFrame.new(0, 0, 0, 1, 0, 0, 0, 1, 0, 0, 0, 1),
            ["Handle"] = CFrame.new(1.106177568435669, 2.813739061355591, 0.5042252540588379, 0.03017360344529152, -0.928607165813446, -0.36983564496040344, 0.9979981184005737, 0.048563435673713684, -0.04051298648118973, 0.05558118224143982, -0.36787283420562744, 0.9282135367393494),
            ["RightLowerLeg"] = CFrame.new(2.086162567138672e-07, 1.1920928955078125e-07, -1.7711863620206714e-07, 1, -3.054738328955864e-07, -1.9371513815258368e-07, 2.533197118737007e-07, 0.3393329679965973, 0.9406662583351135, -2.756714536644722e-07, -0.9406663775444031, 0.33933329582214355),
            ["RightFoot"] = CFrame.new(-1.6763806343078613e-08, 1.7881393432617188e-07, 4.639878170564771e-08, 0.9939224123954773, 0.10949733853340149, 0.011338334530591965, -0.08269684761762619, 0.8106730580329895, -0.5796294212341309, -0.07266001403331757, 0.5751691460609436, 0.8148013353347778),
            ["LeftLowerLeg"] = CFrame.new(-1.862645149230957e-07, -1.7881393432617188e-07, -2.9802322387695312e-08, 1, 1.0430815677864302e-07, 9.313223614526578e-08, -9.685752644372769e-08, 0.4199528694152832, 0.9075458645820618, 4.8428763221863846e-08, -0.9075459837913513, 0.4199528992176056),
            ["RightUpperArm"] = CFrame.new(0, 0.0000011920928955078125, -2.9802322387695312e-08, 0.8941627144813538, 0.08282572776079178, -0.4400148391723633, -0.4368169605731964, 0.3771408796310425, -0.8166736364364624, 0.09830594062805176, 0.9224449396133423, 0.37340494990348816),
            ["Head"] = CFrame.new(1.4901161193847656e-08, 9.5367431640625e-07, -7.264316082000732e-08, 0.8715223073959351, 0.07565918564796448, -0.48448383808135986, -0.2461390197277069, 0.92203289270401, -0.29878267645835876, 0.42410439252853394, 0.3796461522579193, 0.8221948146820068),
            ["Handle2"] = CFrame.new(0.6521884202957153, -255.7261199951172, 1.436302900314331, 0.07776777446269989, -0.9889101982116699, -0.12652622163295746, 0.7381370067596436, -0.02819584496319294, 0.6740614771842957, -0.6701537370681763, -0.14581391215324402, 0.7277584671974182),
            ["UpperTorso"] = CFrame.new(-9.709037840366364e-08, -0.0000010132789611816406, -1.210719347000122e-08, 0.983293354511261, 0.10974041372537613, 0.14522846043109894, -0.14184033870697021, 0.961967408657074, 0.23345261812210083, -0.1140858381986618, -0.25015169382095337, 0.9614617228507996),
            ["Handle1"] = CFrame.new(0.6527903079986572, -255.7261199951172, 0.3047029674053192, 0.07263524830341339, -0.9898259043693542, -0.12234748899936676, 0.7436188459396362, -0.028002208098769188, 0.6680172085762024, -0.6646466851234436, -0.13950154185295105, 0.7340191602706909),
            ["LeftUpperArm"] = CFrame.new(5.960464477539063e-08, -2.384185791015625e-07, 8.940696716308594e-08, 0.6042215824127197, -0.15652838349342346, -0.7812907099723816, -0.43605637550354004, 0.7557067275047302, -0.48863300681114197, 0.6669116020202637, 0.6359293460845947, 0.3883592188358307),
            ["RightLowerArm"] = CFrame.new(2.980232238769531e-07, -5.960464477539063e-08, 5.960464477539063e-08, 1, -9.685758328714655e-08, 8.940694584680386e-08, 4.4703497792397684e-08, 0.09942340105772018, -0.9950452446937561, 1.1175875158642157e-07, 0.9950453042984009, 0.09942350536584854),
            ["LeftHand"] = CFrame.new(5.960464477539063e-08, 0.0000010728836059570312, 6.705522537231445e-08, 0.9984786510467529, 0.05393652617931366, -0.011463087983429432, -0.05454036220908165, 0.9966285824775696, -0.061294279992580414, 0.00811845250427723, 0.061826277524232864, 0.9980539083480835),
            ["LowerTorso"] = CFrame.new(-0.0931873694062233, -0.28959429264068604, 0.025054043158888817, 0.996430516242981, 0.03870097175240517, 0.07502325624227524, -0.04934489354491234, 0.9881027340888977, 0.1456645429134369, -0.0684933215379715, -0.14884662628173828, 0.9864854216575623),
            ["RightUpperLeg"] = CFrame.new(5.960464477539063e-08, 1.1094380170106888e-07, 2.6244379114359617e-08, 0.7441661953926086, -0.4896007776260376, -0.4544311761856079, 0.05542144924402237, 0.7231991291046143, -0.6884123682975769, 0.6656914353370667, 0.48710793256759644, 0.5653147101402283),
            ["LeftUpperLeg"] = CFrame.new(-5.960464477539063e-08, 1.0151416063308716e-07, 5.587935447692871e-08, 0.9113913774490356, 0.2593560516834259, 0.31953126192092896, 0.023614197969436646, 0.742190420627594, -0.6697728633880615, -0.4108627140522003, 0.6179707646369934, 0.6703013777732849),
        }},
        {Time = 0.233, Data = {
            ["LeftLowerArm"] = CFrame.new(-1.4901161193847656e-07, 5.960464477539063e-08, -2.384185791015625e-07, 1, -5.5879347371501353e-08, 8.195637946073475e-08, 8.195639367158947e-08, 0.3421076238155365, -0.9396608471870422, 1.0477380385509605e-07, 0.9396608471870422, 0.34210771322250366),
            ["LeftFoot"] = CFrame.new(5.960464477539063e-08, 1.7881393432617188e-07, 0, 0.9968429803848267, -0.07803014665842056, -0.014674032106995583, 0.05971458926796913, 0.8586069941520691, -0.5091448426246643, 0.05232802405953407, 0.5066609978675842, 0.8605557084083557),
            ["RightHand"] = CFrame.new(-1.9371509552001953e-07, 5.960464477539062e-07, -8.940696716308594e-08, 0.4086386263370514, -0.4890444278717041, -0.7706167697906494, 0.16257978975772858, 0.869829535484314, -0.46579429507255554, 0.8980993032455444, 0.06505491584539413, 0.4349547326564789),
            ["HumanoidRootPart"] = CFrame.new(0, 0, 0, 1, 0, 0, 0, 1, 0, 0, 0, 1),
            ["Handle"] = CFrame.new(1.0307424068450928, 2.87422776222229, 0.6049267053604126, 0.0015229794662445784, -0.8723698854446411, -0.48884424567222595, 0.9999765753746033, 0.004591654054820538, -0.005078636575490236, 0.006675108335912228, -0.4888249933719635, 0.8723564147949219),
            ["RightLowerLeg"] = CFrame.new(1.6391277313232422e-07, 1.1920928955078125e-07, -1.1751399142667651e-07, 1, -3.2782557468635787e-07, -1.67638120274205e-07, 2.1606678046737215e-07, 0.3271126449108124, 0.9449853301048279, -2.9802316703353426e-07, -0.9449854493141174, 0.3271130323410034),
            ["RightFoot"] = CFrame.new(5.774199962615967e-08, 3.5762786865234375e-07, -4.300818545743823e-08, 0.9949871301651001, 0.09935654699802399, 0.011350380256772041, -0.07346750050783157, 0.8032540082931519, -0.5910881757736206, -0.06784635782241821, 0.587291419506073, 0.8065271377563477),
            ["LeftLowerLeg"] = CFrame.new(-8.940696716308594e-08, 0, -2.9802322387695312e-08, 1, 8.940700979565008e-08, 6.705522537231445e-08, -8.940695295223122e-08, 0.3998205363750458, 0.9165934920310974, 5.960463766996327e-08, -0.9165934920310974, 0.3998205065727234),
