return {
    ["Baller"] = {
        {Time = 0.000, Data = {
            ["LeftLowerArm"] = CFrame.new(-0.0004947781562805176, -0.00009918212890625, -7.152557373046875e-07, 1, -1.3783574104309082e-07, -1.825392246246338e-07, 3.166496398421259e-08, 0.8973245024681091, -0.44137150049209595, 2.0489093799369584e-07, 0.44137153029441833, 0.8973245024681091),
            ["LeftFoot"] = CFrame.new(-3.725290298461914e-08, 5.960464477539063e-08, -2.2351741790771484e-08, 0.9590485692024231, -0.24041913449764252, -0.1497488170862198, 0.19036728143692017, 0.9386025071144104, -0.287725031375885, 0.20972920954227448, 0.24743491411209106, 0.9459332227706909),
            ["RightHand"] = CFrame.new(6.705522537231445e-08, 2.384185791015625e-07, -1.6391277313232422e-07, 0.9231739640235901, -0.1432742029428482, 0.3566822409629822, 0.17998042702674866, 0.9810495972633362, -0.07175613194704056, -0.339642196893692, 0.1304391771554947, 0.9314659237861633),
            ["HumanoidRootPart"] = CFrame.new(0, 0, 0, 1, 0, 0, 0, 1, 0, 0, 0, 1),
            ["Handle"] = CFrame.new(-0.732266366481781, 2.0842032432556152, -0.39366650581359863, -0.4228576421737671, -0.000044237614929443225, 0.906196117401123, 0.9061962366104126, -0.00003647753328550607, 0.42285770177841187, 0.000014447316061705351, 1, 0.00005566621621255763),
            ["RightLowerLeg"] = CFrame.new(1.4901161193847656e-07, -5.960464477539063e-08, -0.0000014139150152914226, 1, -0.0000027716162094293395, -0.0000019371511825738708, 0.0000028461224701459287, 0.34144166111946106, 0.9399029612541199, -0.000001996756054722937, -0.9399030208587646, 0.34144189953804016),
            ["LeftUpperLeg"] = CFrame.new(5.960464477539063e-08, -2.430751919746399e-07, 8.195638656616211e-08, 0.7886058688163757, 0.36984819173812866, 0.4912363886833191, -0.08191831409931183, 0.8549596071243286, -0.5121849179267883, -0.6094179153442383, 0.3636709749698639, 0.704523503780365),
            ["LeftLowerLeg"] = CFrame.new(2.9802322387695312e-08, 3.5762786865234375e-07, 0.000001564621925354004, 1, -0.000001840293634813861, -8.195640361918777e-07, 0.0000018775467651721556, 0.6759842038154602, 0.7369162440299988, -9.536745437799254e-07, -0.7369161248207092, 0.6759841442108154),
            ["LowerTorso"] = CFrame.new(0.007534014992415905, -0.27628183364868164, -0.29267367720603943, 0.9498142004013062, 0.1674099564552307, -0.264247864484787, -0.15481539070606232, 0.9856042861938477, 0.06794420629739761, 0.2718183696269989, -0.023624733090400696, 0.9620585441589355),
            ["Head"] = CFrame.new(-5.587935447692871e-08, 1.1920928955078125e-07, -9.313225746154785e-09, 0.952565610408783, -0.038735561072826385, 0.30185824632644653, 0.028551172465085983, 0.9988667964935303, 0.038080159574747086, -0.30299124121665955, -0.02765544131398201, 0.9525920152664185),
            ["UpperTorso"] = CFrame.new(-1.4901161193847656e-08, -0.0000010132789611816406, 1.6763806343078613e-08, 0.982975959777832, -0.03670506924390793, 0.180030956864357, 0.03415529057383537, 0.9992678165435791, 0.01724342815577984, -0.1805320531129837, -0.010800860822200775, 0.9835098385810852),
            ["LeftUpperArm"] = CFrame.new(0.035244524478912354, -0.06838440895080566, -1.1175870895385742e-08, 0.9643001556396484, -0.023354455828666687, 0.2637854516506195, 0.08131948113441467, 0.974088728427887, -0.21104025840759277, -0.25201696157455444, 0.22495700418949127, 0.9412115812301636),
            ["RightLowerArm"] = CFrame.new(-0.000005066394805908203, 1.1920928955078125e-07, 1.043081283569336e-07, 1, 9.685753354915505e-08, 1.6763804921993142e-07, 7.223567877190362e-08, 0.5313445329666138, -0.8471558690071106, -1.5273684539351962e-07, 0.8471558690071106, 0.5313445329666138),
            ["LeftHand"] = CFrame.new(-1.7881393432617188e-07, 0.00009995698928833008, -1.9371509552001953e-07, 0.30275070667266846, 0.05334828421473503, 0.9515756368637085, 0.904083788394928, 0.2999003231525421, -0.30445414781570435, -0.30161988735198975, 0.9524778127670288, 0.04256374388933182),
            ["RightFoot"] = CFrame.new(1.4901161193847656e-08, 2.980232238769531e-07, 4.639878170564771e-08, 0.9542564749717712, 0.2579706907272339, 0.1511489748954773, -0.11718626320362091, 0.7877852916717529, -0.6046997904777527, -0.27506735920906067, 0.5593259930610657, 0.7819797992706299),
            ["RightUpperLeg"] = CFrame.new(0, -3.417953848838806e-07, -9.145878721028566e-09, 0.8014582395553589, -0.5763016939163208, -0.1598157435655594, 0.35857927799224854, 0.6769290566444397, -0.6427968740463257, 0.47862887382507324, 0.4578682780265808, 0.7491803169250488),
            ["RightUpperArm"] = CFrame.new(-0.03524446487426758, -0.06838369369506836, 2.2351741790771484e-08, 0.9452858567237854, -0.15748955309391022, 0.28571954369544983, 0.029913080856204033, 0.9139197468757629, 0.40479058027267456, -0.3248691260814667, -0.37409600615501404, 0.8686246871948242),
        }},
        {Time = 0.033, Data = {
            ["LeftLowerArm"] = CFrame.new(-0.0004948675632476807, -0.00009918212890625, -3.650784492492676e-07, 1, -1.341104507446289e-07, -1.4901161193847656e-07, 4.097818262494002e-08, 0.8621216416358948, -0.5067014098167419, 2.0675356893207208e-07, 0.5067014098167419, 0.8621216416358948),
            ["LeftFoot"] = CFrame.new(3.725290298461914e-08, 0, -1.4901161193847656e-08, 0.9596986770629883, -0.23773780465126038, -0.1498640477657318, 0.18891730904579163, 0.9405516386032104, -0.28226426243782043, 0.20805957913398743, 0.24257661402225494, 0.9475588202476501),
            ["RightHand"] = CFrame.new(-5.960464477539063e-08, 4.76837158203125e-07, -2.9802322387695312e-08, 0.9732711315155029, -0.20064866542816162, 0.11172965914011002, 0.20155438780784607, 0.9794719815254211, 0.0032464333344250917, -0.11008745431900024, 0.019360000267624855, 0.9937333464622498),
            ["HumanoidRootPart"] = CFrame.new(0, 0, 0, 1, 0, 0, 0, 1, 0, 0, 0, 1),
            ["Handle"] = CFrame.new(-0.6431620121002197, 2.1119906902313232, -0.40926122665405273, -0.17996321618556976, 0.0708325207233429, 0.9811198115348816, 0.979020357131958, -0.08400023728609085, 0.1856425255537033, 0.09556377679109573, 0.9939450621604919, -0.054229576140642166),
            ["RightLowerLeg"] = CFrame.new(-2.9802322387695312e-08, -2.980232238769531e-07, -0.000001443717337679118, 1, 7.450577754752885e-07, 6.556510925292969e-07, -8.64266951339232e-07, 0.3479776382446289, 0.9375027418136597, 5.811450023429643e-07, -0.9375028610229492, 0.34797802567481995),
            ["LeftUpperLeg"] = CFrame.new(0, -1.8440186977386475e-07, 7.450580596923828e-09, 0.7899108529090881, 0.3409273028373718, 0.5097153186798096, -0.06390372663736343, 0.8724476099014282, -0.4845115840435028, -0.6098828911781311, 0.35014820098876953, 0.710942268371582),
            ["LeftLowerLeg"] = CFrame.new(8.940696716308594e-08, 3.5762786865234375e-07, 0.0000014901161193847656, 1, 2.5331974029541016e-07, 1.2293457984924316e-07, -3.129244134925102e-07, 0.6994563937187195, 0.7146754264831543, 7.450581307466564e-08, -0.7146753072738647, 0.6994563341140747),
            ["LowerTorso"] = CFrame.new(0.0010052757570520043, -0.26940107345581055, -0.3079899549484253, 0.9475778341293335, 0.18316803872585297, -0.2618125379085541, -0.16971006989479065, 0.9827624559402466, 0.07332418113946915, 0.2707301676273346, -0.0250481478869915, 0.9623294472694397),
            ["Head"] = CFrame.new(1.2293457984924316e-07, -2.384185791015625e-07, 1.6763806343078613e-08, 0.9601841568946838, -0.04688410460948944, 0.2754056453704834, 0.03377195820212364, 0.998067319393158, 0.05216379463672638, -0.2773190140724182, -0.04078584909439087, 0.9599118232727051),
            ["UpperTorso"] = CFrame.new(-2.9802322387695312e-08, -0.0000011920928955078125, -1.862645149230957e-09, 0.9838238954544067, -0.03103627637028694, 0.17642976343631744, 0.030665064230561256, 0.999518096446991, 0.004830918274819851, -0.17649464309215546, 0.0006574469734914601, 0.9843014478683472),
            ["LeftUpperArm"] = CFrame.new(0.03524458408355713, -0.06838464736938477, -7.450580596923828e-09, 0.979157567024231, -0.019795861095190048, 0.20213910937309265, 0.05480034649372101, 0.9840760827064514, -0.1690887063741684, -0.19556918740272522, 0.17664176225662231, 0.9646496176719666),
            ["RightLowerArm"] = CFrame.new(-0.000005125999450683594, 4.76837158203125e-07, -1.4901161193847656e-07, 1, 5.960463056453591e-08, 1.1920926112907182e-07, 5.8673293779065716e-08, 0.40301695466041565, -0.9151924848556519, -1.6391268786719593e-07, 0.9151924848556519, 0.40301695466041565),
            ["LeftHand"] = CFrame.new(-1.4901161193847656e-08, 0.00009971857070922852, 2.3655593395233154e-07, 0.34071505069732666, -0.0010596143547445536, 0.9401660561561584, 0.8677740693092346, 0.3851536512374878, -0.31404605507850647, -0.36177554726600647, 0.9228519201278687, 0.1321471631526947),
            ["RightFoot"] = CFrame.new(5.960464477539063e-08, 3.5762786865234375e-07, 1.6596459317952394e-08, 0.951718270778656, 0.26743680238723755, 0.1506979763507843, -0.12483189254999161, 0.7856670022010803, -0.605924129486084, -0.2804449796676636, 0.5578574538230896, 0.7811185121536255),
            ["RightUpperLeg"] = CFrame.new(5.960464477539063e-08, -3.0640512704849243e-07, -4.639878170564771e-08, 0.7895826101303101, -0.5939903259277344, -0.15406109392642975, 0.37623828649520874, 0.6669386625289917, -0.6431467533111572, 0.484772264957428, 0.44985368847846985, 0.7500849366188049),
            ["RightUpperArm"] = CFrame.new(-0.0352444052696228, -0.06838417053222656, 5.960464477539063e-08, 0.9003247022628784, -0.16312457621097565, 0.40350010991096497, 0.009052316658198833, 0.9339214563369751, 0.3573625981807709, -0.43512484431266785, -0.3180896043777466, 0.8423060774803162),
        }},
        {Time = 0.067, Data = {
            ["LeftLowerArm"] = CFrame.new(-0.0004950165748596191, -0.00009888410568237305, -6.891787052154541e-07, 1, -1.732259846676243e-07, -1.3224779138454323e-07, 4.656611096720553e-08, 0.7713209986686707, -0.6364463567733765, 2.0675354051036265e-07, 0.6364463567733765, 0.7713209390640259),
            ["LeftFoot"] = CFrame.new(-1.4901161193847656e-08, 5.960464477539063e-08, -2.60770320892334e-08, 0.9619386196136475, -0.2282443791627884, -0.15026220679283142, 0.18422923982143402, 0.9477928876876831, -0.2602851092815399, 0.20182614028453827, 0.22269536554813385, 0.9537677764892578),
            ["RightHand"] = CFrame.new(-1.1920928955078125e-07, 4.76837158203125e-07, -3.427267074584961e-07, 0.8789082765579224, -0.3416633605957031, -0.3328458368778229, 0.37387052178382874, 0.9267858266830444, 0.03590007126331329, 0.29621103405952454, -0.15599413216114044, 0.9422976970672607),
            ["HumanoidRootPart"] = CFrame.new(0, 0, 0, 1, 0, 0, 0, 1, 0, 0, 0, 1),
            ["Handle"] = CFrame.new(-0.47020813822746277, 2.1839678287506104, -0.4463444948196411, 0.0017331838607788086, 0.20091262459754944, 0.9796077013015747, 0.9542192816734314, 0.2926722466945648, -0.06171395257115364, -0.29910314083099365, 0.9348674416542053, -0.19120748341083527),
            ["RightLowerLeg"] = CFrame.new(8.940696716308594e-08, -2.384185791015625e-07, -0.000001443717337679118, 1, -4.0233129539046786e-07, -2.533197687171196e-07, 4.917383193969727e-07, 0.37059924006462097, 0.9287928938865662, -4.172325134277344e-07, -0.9287928342819214, 0.3705993592739105),
            ["LeftUpperLeg"] = CFrame.new(0, -6.426125764846802e-08, 4.470348358154297e-08, 0.7902665138244629, 0.29531264305114746, 0.5369070768356323, -0.0388299860060215, 0.8985800743103027, -0.4370884597301483, -0.611531674861908, 0.3245682120323181, 0.721584677696228),
            ["LeftLowerLeg"] = CFrame.new(8.940696716308594e-08, 7.152557373046875e-07, 0.0000015050172805786133, 1, 3.2037499408943404e-07, 7.078052277620372e-08, -3.129244134925102e-07, 0.7432419061660767, 0.6690230369567871, 8.195639367158947e-08, -0.669022798538208, 0.7432417273521423),
            ["LowerTorso"] = CFrame.new(-0.01111725252121687, -0.25211620330810547, -0.3210529088973999, 0.9448822736740112, 0.20093515515327454, -0.2585005760192871, -0.18779325485229492, 0.9793537855148315, 0.07483186572790146, 0.2681998610496521, -0.022162647917866707, 0.9631083607673645),
            ["Head"] = CFrame.new(5.960464477539063e-08, -2.384185791015625e-07, 4.0978193283081055e-08, 0.9750216007232666, -0.060428932309150696, 0.2137315571308136, 0.046268921345472336, 0.996427595615387, 0.07064881920814514, -0.21723724901676178, -0.05899498611688614, 0.9743344783782959),
            ["UpperTorso"] = CFrame.new(1.4901161193847656e-08, -9.834766387939453e-07, 9.313225746154785e-09, 0.985557496547699, -0.01939849928021431, 0.1682264506816864, 0.021313944831490517, 0.9997268915176392, -0.009587788954377174, -0.16799451410770416, 0.013034879229962826, 0.985701858997345),
            ["LeftUpperArm"] = CFrame.new(0.035244643688201904, -0.06838476657867432, 4.470348358154297e-08, 0.9968452453613281, 0.03327260538935661, 0.07206039130687714, -0.024745598435401917, 0.9929232001304626, -0.11615175753831863, -0.07541355490684509, 0.11400216072797775, 0.9906139969825745),
            ["RightLowerArm"] = CFrame.new(-0.000005185604095458984, -3.5762786865234375e-07, -2.9802322387695312e-08, 1, 7.450577754752885e-08, 1.043080928297968e-07, 1.0430806440808738e-07, 0.3099529445171356, -0.9507519006729126, -2.1420406426386762e-07, 0.9507518410682678, 0.30995288491249084),
            ["LeftHand"] = CFrame.new(-2.086162567138672e-07, 0.00009959936141967773, -1.6391277313232422e-07, 0.45079582929611206, -0.13324886560440063, 0.8826255798339844, 0.7745342254638672, 0.5499058961868286, -0.3125702738761902, -0.4437115788459778, 0.8245291113853455, 0.3511010706424713),
            ["RightFoot"] = CFrame.new(-3.725290298461914e-08, 1.7881393432617188e-07, 3.894820110872388e-08, 0.9494526386260986, 0.27559149265289307, 0.150296151638031, -0.13512447476387024, 0.7909665703773499, -0.596752405166626, -0.28333914279937744, 0.5462794899940491, 0.7882245182991028),
            ["RightUpperLeg"] = CFrame.new(5.960464477539063e-08, -1.7508864402770996e-07, -3.894820110872388e-08, 0.7735933065414429, -0.6145150661468506, -0.15467630326747894, 0.3958127498626709, 0.659205436706543, -0.6393595337867737, 0.494859516620636, 0.4333813488483429, 0.7531896233558655),
            ["RightUpperArm"] = CFrame.new(-0.0352444052696228, -0.06838405132293701, 8.195638656616211e-08, 0.7410105466842651, -0.11973840743303299, 0.6607393026351929, -0.02275438793003559, 0.9789308905601501, 0.20291928946971893, -0.6711077690124512, -0.16540001332759857, 0.7226669192314148),
        }},
        {Time = 0.100, Data = {
            ["LeftLowerArm"] = CFrame.new(-0.0004947483539581299, -0.00009810924530029297, -6.258487701416016e-07, 1, -1.9371509552001953e-07, -8.940698137394065e-08, 4.656611807263289e-08, 0.6574655771255493, -0.7534846663475037, 2.3469323195968173e-07, 0.7534846663475037, 0.6574656367301941),
            ["LeftFoot"] = CFrame.new(3.725290298461914e-08, -5.960464477539063e-08, 8.195638656616211e-08, 0.9649096727371216, -0.21496638655662537, -0.15079385042190552, 0.177934929728508, 0.9576084017753601, -0.22655132412910461, 0.19310268759727478, 0.1917700469493866, 0.962255597114563),
            ["RightHand"] = CFrame.new(-1.6391277313232422e-07, 1.1920928955078125e-07, -3.427267074584961e-07, 0.6246024370193481, -0.4545969069004059, -0.634990930557251, 0.48658818006515503, 0.8625248074531555, -0.1388631910085678, 0.6108222603797913, -0.22224485874176025, 0.759936511516571),
            ["HumanoidRootPart"] = CFrame.new(0, 0, 0, 1, 0, 0, 0, 1, 0, 0, 0, 1),
            ["Handle"] = CFrame.new(-0.2100691795349121, 2.2817046642303467, -0.49124932289123535, -0.6371086835861206, 0.1306111365556717, 0.759627103805542, 0.6872918605804443, 0.5423672199249268, 0.48318496346473694, -0.34888750314712524, 0.8299268484115601, -0.4353148341178894),
            ["RightLowerLeg"] = CFrame.new(-5.960464477539063e-08, -5.960464477539063e-08, -0.000001354310370516032, 1, -9.5367431640625e-07, -5.662440685227921e-07, 9.08970832824707e-07, 0.40481218695640564, 0.9143997430801392, -6.258487701416016e-07, -0.9143999218940735, 0.4048123359680176),
            ["LeftUpperLeg"] = CFrame.new(0, -2.9336661100387573e-08, -1.4901161193847656e-08, 0.7886281609535217, 0.24316774308681488, 0.5647432804107666, -0.013632492162287235, 0.9251645803451538, -0.3793213665485382, -0.6147193908691406, 0.2914448082447052, 0.7329258322715759),
            ["LeftLowerLeg"] = CFrame.new(-2.9802322387695312e-08, 3.5762786865234375e-07, 0.0000014007091522216797, 1, -3.427267358802055e-07, -2.2724267978446733e-07, 3.129243850708008e-07, 0.794893741607666, 0.6067488193511963, -2.1606683731079102e-07, -0.6067487597465515, 0.7948936223983765),
            ["LowerTorso"] = CFrame.new(-0.025692127645015717, -0.2294626235961914, -0.3312014639377594, 0.9426199197769165, 0.21617072820663452, -0.25443679094314575, -0.20420768857002258, 0.9762125015258789, 0.0728602409362793, 0.26413461565971375, -0.016721565276384354, 0.96434086561203),
            ["Head"] = CFrame.new(1.1920928955078125e-07, 0, -2.60770320892334e-08, 0.9868621230125427, -0.0766231119632721, 0.142239511013031, 0.06388162821531296, 0.9936999678611755, 0.09208440035581589, -0.14839918911457062, -0.08178811520338058, 0.9855396747589111),
            ["UpperTorso"] = CFrame.new(-5.960464477539063e-08, -0.0000011324882507324219, -1.4901161193847656e-08, 0.9871785044670105, -0.0008428076398558915, 0.15961842238903046, 0.0053701139986515045, 0.9995953440666199, -0.027933988720178604, -0.15953032672405243, 0.028433000668883324, 0.9867835640907288),
            ["LeftUpperArm"] = CFrame.new(0.035244643688201904, -0.06838440895080566, -4.842877388000488e-08, 0.9897832870483398, 0.12953263521194458, -0.05959037318825722, -0.13412290811538696, 0.9876571893692017, -0.08089479804039001, 0.04837533086538315, 0.08806071430444717, 0.9949397444725037),
            ["RightLowerArm"] = CFrame.new(-0.0000050961971282958984, 4.76837158203125e-07, 1.4901161193847656e-08, 1, 3.352760202801619e-08, 1.2665984172599565e-07, 8.940693874137651e-08, 0.38934868574142456, -0.9210904836654663, -9.685751223287298e-08, 0.9210904240608215, 0.3893486261367798),
            ["LeftHand"] = CFrame.new(1.4901161193847656e-08, 0.0000998377799987793, -5.960464477539063e-08, 0.598957896232605, -0.2411026805639267, 0.7636223435401917, 0.6732217073440552, 0.6679744720458984, -0.3171476125717163, -0.43361514806747437, 0.7040451765060425, 0.5624041557312012),
            ["RightFoot"] = CFrame.new(4.470348358154297e-08, 4.172325134277344e-07, 7.620110409334302e-08, 0.9474904537200928, 0.2824487090110779, 0.1499490588903427, -0.14681127667427063, 0.8007729053497314, -0.5806971192359924, -0.2840923070907593, 0.5281907320022583, 0.800191342830658),
            ["RightUpperLeg"] = CFrame.new(-8.940696716308594e-08, -2.7939677238464355e-08, -1.6952981241047382e-09, 0.7575486302375793, -0.6325011849403381, -0.16143836081027985, 0.4139695167541504, 0.6567068099975586, -0.6303693056106567, 0.5047271847724915, 0.4107048511505127, 0.7593235373497009),
            ["RightUpperArm"] = CFrame.new(-0.03524428606033325, -0.06838393211364746, -2.60770320892334e-08, 0.5299144983291626, 0.012874001637101173, 0.8479583263397217, 0.03206045925617218, 0.9988659024238586, -0.03519922122359276, -0.8474448323249817, 0.04583849385380745, 0.5288929343223572),
        }},
        {Time = 0.133, Data = {
            ["LeftLowerArm"] = CFrame.new(-0.0004946589469909668, -0.0000985860824584961, -6.109476089477539e-07, 1, -2.859160304069519e-07, -1.0430811414607888e-07, 7.450577754752885e-08, 0.5433887839317322, -0.8394811749458313, 2.3096791323951038e-07, 0.8394811749458313, 0.5433887839317322),
            ["LeftFoot"] = CFrame.new(-8.195638656616211e-08, -5.960464477539063e-08, 4.470348358154297e-08, 0.9682334065437317, -0.19900760054588318, -0.15139441192150116, 0.16908377408981323, 0.9671293497085571, -0.1899251788854599, 0.18421435356140137, 0.15829353034496307, 0.9700558185577393),
            ["RightHand"] = CFrame.new(-2.9802322387695312e-08, 2.384185791015625e-07, -4.880130290985107e-07, 0.5197359919548035, -0.5119948983192444, -0.6839120984077454, 0.4566296637058258, 0.8430661559104919, -0.2841281592845917, 0.7220553159713745, -0.1646229475736618, 0.6719639301300049),
            ["HumanoidRootPart"] = CFrame.new(0, 0, 0, 1, 0, 0, 0, 1, 0, 0, 0, 1),
            ["Handle"] = CFrame.new(-0.06044876202940941, 2.3877007961273193, -0.5296376943588257, -0.8645673394203186, 0.19264113903045654, 0.46412575244903564, 0.502408504486084, 0.3505469262599945, 0.7903811931610107, -0.010437961667776108, 0.9165185689926147, -0.39985620975494385),
            ["RightLowerLeg"] = CFrame.new(8.940696716308594e-08, 2.384185791015625e-07, -0.0000014735196600668132, 1, 0.0000013113018439980806, 7.599591071993927e-07, -0.0000012069941703884979, 0.44718217849731445, 0.8944426774978638, 7.152558509915252e-07, -0.8944428563117981, 0.4471825361251831),
            ["LeftUpperLeg"] = CFrame.new(0, -2.337619662284851e-07, 2.9802322387695312e-08, 0.7847028374671936, 0.19628490507602692, 0.5879743695259094, 0.00678266491740942, 0.9457656145095825, -0.32477933168411255, -0.6198349595069885, 0.25884321331977844, 0.7408134937286377),
            ["LeftLowerLeg"] = CFrame.new(-4.470348358154297e-08, 4.172325134277344e-07, 0.0000014901161193847656, 1, -0.000001050531750479422, -2.980231101901154e-07, 0.000001028180236062326, 0.8398469090461731, 0.5428234338760376, -3.7252908668961027e-07, -0.5428233742713928, 0.8398469090461731),
            ["LowerTorso"] = CFrame.new(-0.04273834079504013, -0.20647454261779785, -0.3377750515937805, 0.9420138597488403, 0.2243642508983612, -0.24954067170619965, -0.2141701579093933, 0.9744511246681213, 0.06764725595712662, 0.25834277272224426, -0.010280491784214973, 0.9659987092018127),
            ["Head"] = CFrame.new(-1.862645149230957e-08, 1.1920928955078125e-07, 3.725290298461914e-09, 0.9917519688606262, -0.0933254212141037, 0.08785465359687805, 0.08271432667970657, 0.9896200299263, 0.11751894652843475, -0.09791021794080734, -0.10928280651569366, 0.9891769289970398),
            ["UpperTorso"] = CFrame.new(-2.2351741790771484e-08, -0.0000011622905731201172, 5.029141902923584e-08, 0.9876813888549805, 0.02510526031255722, 0.15445154905319214, -0.017227064818143845, 0.9984914064407349, -0.05213627964258194, -0.15552741289138794, 0.048833295702934265, 0.9866238236427307),
            ["LeftUpperArm"] = CFrame.new(0.03524458408355713, -0.06838440895080566, 1.4901161193847656e-08, 0.9649929404258728, 0.21946343779563904, -0.14362038671970367, -0.23065772652626038, 0.9707645773887634, -0.06641876697540283, 0.12484262138605118, 0.09722070395946503, 0.98740154504776),
            ["RightLowerArm"] = CFrame.new(-0.000004976987838745117, 4.76837158203125e-07, 1.4901161193847656e-07, 1, 1.6391273049976007e-07, 1.499428918805279e-07, 8.847562327218839e-08, 0.4888736307621002, -0.8723546862602234, -1.485459222294594e-07, 0.8723546266555786, 0.48887357115745544),
            ["LeftHand"] = CFrame.new(2.9802322387695312e-08, 0.00010001659393310547, 4.172325134277344e-07, 0.747430145740509, -0.20029430091381073, 0.6334274411201477, 0.5114879012107849, 0.7819461226463318, -0.35628706216812134, -0.4239439368247986, 0.5902901291847229, 0.6868982911109924),
            ["RightFoot"] = CFrame.new(-7.450580596923828e-09, 4.172325134277344e-07, 6.129994289949536e-08, 0.9454174041748047, 0.2895008623600006, 0.14958420395851135, -0.16030848026275635, 0.8128530383110046, -0.5599740743637085, -0.2837027609348297, 0.5054298043251038, 0.8148948550224304),
            ["RightUpperLeg"] = CFrame.new(5.960464477539063e-08, -3.688037395477295e-07, 4.300818545743823e-08, 0.7451514005661011, -0.6440580487251282, -0.17302806675434113, 0.42925652861595154, 0.66176438331604, -0.6146601438522339, 0.5103805065155029, 0.3837411403656006, 0.769580602645874),
            ["RightUpperArm"] = CFrame.new(-0.03524428606033325, -0.06838393211364746, 2.9802322387695312e-08, 0.46031996607780457, 0.11927834153175354, 0.8797077536582947, 0.08766660839319229, 0.9799817800521851, -0.1787436604499817, -0.8834139108657837, 0.15940023958683014, 0.44064149260520935),
        }},
        {Time = 0.167, Data = {
            ["LeftLowerArm"] = CFrame.new(-0.0004950165748596191, -0.0000985860824584961, -6.258487701416016e-07, 1, -2.6449563961250533e-07, 0, 1.154839708306099e-07, 0.43361762166023254, -0.9010969996452332, 2.793967155412247e-07, 0.9010970592498779, 0.43361759185791016),
            ["LeftFoot"] = CFrame.new(6.332993507385254e-08, 0, -5.4016709327697754e-08, 0.9717162847518921, -0.18070444464683533, -0.1520305871963501, 0.16051286458969116, 0.97761070728302, -0.13606314361095428, 0.17321407794952393, 0.10781153291463852, 0.9789655804634094),
            ["RightHand"] = CFrame.new(1.4901161193847656e-08, 2.384185791015625e-07, -8.533243089914322e-08, 0.6358514428138733, -0.5279052257537842, -0.5630356073379517, 0.41109517216682434, 0.849056601524353, -0.33181890845298767, 0.6532179713249207, -0.020473677664995193, 0.7568930387496948),
            ["HumanoidRootPart"] = CFrame.new(0, 0, 0, 1, 0, 0, 0, 1, 0, 0, 0, 1),
            ["Handle"] = CFrame.new(0.0006036758422851562, 2.517159938812256, -0.5677790641784668, -0.827774703502655, 0.12213032692670822, 0.5476069450378418, 0.5610605478286743, 0.17933113873004913, 0.8081159591674805, 0.0004924293025396764, 0.9761785268783569, -0.21696847677230835),
            ["RightLowerLeg"] = CFrame.new(7.450580596923828e-08, -1.1920928955078125e-07, -0.0000014139150152914226, 1, 0.0000010579824447631836, 6.109477794780105e-07, -0.0000011250377838223358, 0.5047354102134705, 0.8632738590240479, 6.705523105665634e-07, -0.8632741570472717, 0.5047358274459839),
            ["LeftUpperLeg"] = CFrame.new(2.9802322387695312e-08, 4.4819898903369904e-08, 2.2351741790771484e-08, 0.7796004414558411, 0.15252064168453217, 0.6074213981628418, 0.016668008640408516, 0.9644954800605774, -0.2635727822780609, -0.6260554194450378, 0.2156059592962265, 0.7493788003921509),
            ["LeftLowerLeg"] = CFrame.new(-7.450580596923828e-08, 4.76837158203125e-07, 0.0000015795230865478516, 1, -0.0000016167762169061461, -4.079194866335456e-07, 0.0000016018750557122985, 0.8863468170166016, 0.4630224406719208, -4.4703489265884855e-07, -0.46302199363708496, 0.8863466382026672),
            ["LowerTorso"] = CFrame.new(-0.05579953268170357, -0.17877733707427979, -0.3401131331920624, 0.9445045590400696, 0.22329197824001312, -0.24093954265117645, -0.21721568703651428, 0.9747458100318909, 0.05184587091207504, 0.24643157422542572, 0.003367180237546563, 0.9691543579101562),
            ["Head"] = CFrame.new(5.960464477539063e-08, 0, 3.3527612686157227e-08, 0.9936013221740723, -0.1034235879778862, 0.04538699612021446, 0.09580099582672119, 0.984586238861084, 0.14632931351661682, -0.05982130393385887, -0.14104491472244263, 0.9881942868232727),
            ["UpperTorso"] = CFrame.new(-2.2351741790771484e-08, -9.238719940185547e-07, 5.4016709327697754e-08, 0.9860807061195374, 0.055326540023088455, 0.15679237246513367, -0.04153817147016525, 0.995084822177887, -0.08989359438419342, -0.1609952449798584, 0.08212945610284805, 0.9835320711135864),
            ["LeftUpperArm"] = CFrame.new(0.035244524478912354, -0.06838452816009521, -7.450580596923828e-09, 0.9182836413383484, 0.3307191729545593, -0.2176813930273056, -0.35178661346435547, 0.9337960481643677, -0.06532499194145203, 0.18166252970695496, 0.1365640014410019, 0.973831295967102),
            ["RightLowerArm"] = CFrame.new(-0.000005185604095458984, 4.172325134277344e-07, 1.7881393432617188e-07, 1, -4.656611096720553e-09, 1.2677625704782258e-07, 4.097817196679898e-08, 0.5239846706390381, -0.8517277240753174, -1.7136326846411976e-07, 0.8517277240753174, 0.5239846706390381),
            ["LeftHand"] = CFrame.new(-2.086162567138672e-07, 0.0000997781753540039, 4.470348358154297e-08, 0.8506341576576233, -0.015917189419269562, 0.5255171656608582, 0.23938511312007904, 0.9016484022140503, -0.36017367243766785, -0.4680987298488617, 0.43217700719833374, 0.7707830667495728),
            ["RightFoot"] = CFrame.new(2.9802322387695312e-08, 4.172325134277344e-07, 2.4047039914876223e-08, 0.9443010687828064, 0.293221652507782, 0.14938755333423615, -0.1725865751504898, 0.8277817368507385, -0.5338454842567444, -0.2801954448223114, 0.4783288240432739, 0.8322814702987671),
            ["RightUpperLeg"] = CFrame.new(-1.4901161193847656e-07, 1.3026874512434006e-07, -1.6596459317952394e-08, 0.7360319495201111, -0.6463828682899475, -0.20111238956451416, 0.4413566291332245, 0.6834747791290283, -0.581434965133667, 0.5132849216461182, 0.3391925096511841, 0.7883446216583252),
            ["RightUpperArm"] = CFrame.new(-0.03524434566497803, -0.06838393211364746, 5.960464477539063e-08, 0.5646890997886658, 0.1788748800754547, 0.8056922554969788, 0.03793283924460411, 0.9695733189582825, -0.24184109270572662, -0.8244315981864929, 0.16712704300880432, 0.5407152771949768),
        }},
        {Time = 0.200, Data = {
            ["LeftLowerArm"] = CFrame.new(-0.0004941821098327637, -0.00009894371032714844, -4.6566128730773926e-07, 1, -2.5331974029541016e-07, -1.862645149230957e-08, 9.685752644372769e-08, 0.2927219867706299, -0.9561976790428162, 2.6822084464583895e-07, 0.9561976790428162, 0.2927219867706299),
            ["LeftFoot"] = CFrame.new(-4.0978193283081055e-08, -1.1920928955078125e-07, -3.166496753692627e-08, 0.9748997688293457, -0.1621020883321762, -0.1526215523481369, 0.15397022664546967, 0.9860167503356934, -0.06375130265951157, 0.16082161664962769, 0.03865184262394905, 0.9862264394760132),
            ["RightHand"] = CFrame.new(-2.384185791015625e-07, 3.5762786865234375e-07, 7.450580596923828e-09, 0.7771681547164917, -0.5053625702857971, -0.3749910593032837, 0.36626553535461426, 0.8478140830993652, -0.3834854066371918, 0.5117218494415283, 0.1606864035129547, 0.8439909219741821),
            ["HumanoidRootPart"] = CFrame.new(0, 0, 0, 1, 0, 0, 0, 1, 0, 0, 0, 1),
            ["Handle"] = CFrame.new(0.092550128698349, 2.6196818351745605, -0.583672046661377, -0.8057320713996887, 0.0027150900568813086, 0.5922740697860718, 0.592253565788269, -0.005820644088089466, 0.8057306408882141, 0.005635014735162258, 0.9999794363975525, 0.0030817552469670773),
            ["RightLowerLeg"] = CFrame.new(1.4901161193847656e-08, 0, -0.0000014735196600668132, 1, -1.1175872316471214e-07, 2.980232594040899e-08, 7.450581307466564e-08, 0.5637562870979309, 0.8259411454200745, -5.960465188081798e-08, -0.8259412050247192, 0.5637564063072205),
            ["LeftUpperLeg"] = CFrame.new(5.960464477539063e-08, -3.818422555923462e-08, 7.078051567077637e-08, 0.7753913402557373, 0.10920799523591995, 0.6219661831855774, 0.01992664858698845, 0.980210542678833, -0.1969524472951889, -0.6311666369438171, 0.16510893404483795, 0.757870614528656),
            ["LeftLowerLeg"] = CFrame.new(7.450580596923828e-08, 1.1920928955078125e-07, 0.0000015497207641601562, 1, 9.760260581970215e-07, 1.7508864402770996e-07, -9.5367431640625e-07, 0.9310747385025024, 0.3648287057876587, 2.123415470123291e-07, -0.36482858657836914, 0.9310746788978577),
            ["LowerTorso"] = CFrame.new(-0.060999546200037, -0.15064561367034912, -0.3390023410320282, 0.9494481086730957, 0.21829092502593994, -0.22560438513755798, -0.21731887757778168, 0.9756563305854797, 0.029449408873915672, 0.22654087841510773, 0.021067408844828606, 0.9737737774848938),
            ["Head"] = CFrame.new(-1.5832483768463135e-08, -3.5762786865234375e-07, 5.21540641784668e-08, 0.9940831661224365, -0.10855235904455185, -0.0038898326456546783, 0.10768485069274902, 0.9801797866821289, 0.16628794372081757, -0.01423821784555912, -0.16572292149066925, 0.9860695600509644),
            ["UpperTorso"] = CFrame.new(-5.960464477539063e-08, -8.940696716308594e-07, 3.958120942115784e-08, 0.9829362630844116, 0.08455371856689453, 0.16336166858673096, -0.06345314532518387, 0.9894385933876038, -0.1303263157606125, -0.17265594005584717, 0.11773661524057388, 0.9779202938079834),
            ["LeftUpperArm"] = CFrame.new(0.035244524478912354, -0.06838476657867432, 8.195638656616211e-08, 0.7985654473304749, 0.4392542839050293, -0.41153308749198914, -0.4858194887638092, 0.8740004301071167, -0.009849372319877148, 0.3553487956523895, 0.20779554545879364, 0.9113415479660034),
            ["RightLowerArm"] = CFrame.new(-0.0000049173831939697266, -1.1920928955078125e-07, 2.384185791015625e-07, 1, 1.0093206981309777e-07, 1.341104507446289e-07, 5.960463056453591e-08, 0.5587555766105652, -0.8293324708938599, -2.0861619987044833e-07, 0.8293323516845703, 0.5587555170059204),
            ["LeftHand"] = CFrame.new(1.7881393432617188e-07, 0.00009995698928833008, 1.9371509552001953e-07, 0.8410321474075317, 0.33797383308410645, 0.42242002487182617, -0.23353096842765808, 0.9311487078666687, -0.2800455391407013, -0.4879838526248932, 0.13687914609909058, 0.8620533347129822),
            ["RightFoot"] = CFrame.new(3.725290298461914e-08, 3.5762786865234375e-07, 9.85528458841145e-08, 0.9443949460983276, 0.29291099309921265, 0.14940381050109863, -0.18062782287597656, 0.8418166041374207, -0.5086435079574585, -0.27475786209106445, 0.4533739686012268, 0.8479152321815491),
            ["RightUpperLeg"] = CFrame.new(5.960464477539063e-08, -1.280568540096283e-07, -1.6952981241047382e-09, 0.7259286642074585, -0.6431373953819275, -0.24372509121894836, 0.45003238320350647, 0.7121521234512329, -0.5388044714927673, 0.520094633102417, 0.28144940733909607, 0.8064042925834656),
            ["RightUpperArm"] = CFrame.new(-0.03524446487426758, -0.06838417053222656, 9.685754776000977e-08, 0.6969603896141052, 0.24347719550132751, 0.6745195984840393, -0.05182415992021561, 0.9552395939826965, -0.2912546992301941, -0.7152346968650818, 0.16803638637065887, 0.6783760786056519),
        }},
        {Time = 0.233, Data = {
            ["LeftLowerArm"] = CFrame.new(-0.0004951357841491699, -0.00009888410568237305, -4.0046870708465576e-07, 1, -3.2782563152977673e-07, 7.450581485102248e-09, 5.960463766996327e-08, 0.2223745435476303, -0.9749613404273987, 2.2910532493369828e-07, 0.9749614000320435, 0.2223745584487915),
            ["LeftFoot"] = CFrame.new(2.60770320892334e-08, -1.7881393432617188e-07, 3.003515303134918e-08, 0.9774407148361206, -0.14549751579761505, -0.15310175716876984, 0.14683829247951508, 0.9891571998596191, -0.0025751348584890366, 0.15181641280651093, -0.019963998347520828, 0.9882071018218994),
            ["RightHand"] = CFrame.new(-1.7881393432617188e-07, 2.980232238769531e-07, -4.6193599700927734e-07, 0.8386605978012085, -0.4843371510505676, -0.24913036823272705, 0.35992470383644104, 0.8361393809318542, -0.41391441226005554, 0.40878182649612427, 0.25746557116508484, 0.8755620121955872),
            ["HumanoidRootPart"] = CFrame.new(0, 0, 0, 1, 0, 0, 0, 1, 0, 0, 0, 1),
            ["Handle"] = CFrame.new(0.18576523661613464, 2.6630966663360596, -0.611083984375, -0.7909601330757141, -0.11454171687364578, 0.6010512113571167, 0.610824465751648, -0.0904734879732132, 0.786579966545105, -0.03571710363030434, 0.9892900586128235, 0.1415255218744278),
            ["RightLowerLeg"] = CFrame.new(-2.9802322387695312e-08, 1.7881393432617188e-07, -0.0000016076301108114421, 1, -0.0000011324882507324219, -5.215406986280868e-07, 0.0000010356308166592498, 0.6053105592727661, 0.7959890961647034, -5.14090118031163e-07, -0.795989453792572, 0.6053110957145691),
            ["LeftUpperLeg"] = CFrame.new(0, -1.0151416063308716e-07, 4.470348358154297e-08, 0.7734199166297913, 0.07911138981580734, 0.6289379596710205, 0.027228519320487976, 0.9871197938919067, -0.15764904022216797, -0.633309006690979, 0.13905395567417145, 0.7613040208816528),
            ["LeftLowerLeg"] = CFrame.new(1.7881393432617188e-07, 1.1920928955078125e-07, 0.000001341104507446289, 1, -4.246832077114959e-07, 5.844049155712128e-08, 4.619359401658585e-07, 0.9571911096572876, 0.2894569933414459, -6.332992796842518e-08, -0.2894570529460907, 0.9571911096572876),
            ["LowerTorso"] = CFrame.new(-0.061740484088659286, -0.13201439380645752, -0.3362121284008026, 0.9552039504051208, 0.21481095254421234, -0.20357222855091095, -0.21569736301898956, 0.9762927293777466, 0.01809355430305004, 0.20263275504112244, 0.026626963168382645, 0.9788927435874939),
            ["Head"] = CFrame.new(1.210719347000122e-08, 0, -3.725290298461914e-09, 0.9918822646141052, -0.11577015370130539, -0.052600789815187454, 0.1230001375079155, 0.9784373641014099, 0.16592612862586975, 0.03225729987025261, -0.17104913294315338, 0.9847343564033508),
            ["UpperTorso"] = CFrame.new(2.9802322387695312e-08, -9.834766387939453e-07, 4.237517714500427e-08, 0.9795567393302917, 0.10972201824188232, 0.16861125826835632, -0.08472894132137299, 0.9852182865142822, -0.14888297021389008, -0.18245461583137512, 0.1315530687570572, 0.9743736982345581),
            ["LeftUpperArm"] = CFrame.new(0.035244643688201904, -0.06838440895080566, -7.450580596923828e-09, 0.7297014594078064, 0.43069759011268616, -0.5310814380645752, -0.5208016037940979, 0.8533502817153931, -0.0235294196754694, 0.4430592656135559, 0.2937566041946411, 0.8469940423965454),
            ["RightLowerArm"] = CFrame.new(-0.000005036592483520508, 2.384185791015625e-07, 2.682209014892578e-07, 1, 8.10250355698372e-08, 1.4901159772762185e-07, 7.450577754752885e-08, 0.5713917016983032, -0.8206775188446045, -1.490115550950577e-07, 0.8206775188446045, 0.5713917016983032),
            ["LeftHand"] = CFrame.new(8.940696716308594e-08, 0.0000998377799987793, 1.4901161193847656e-07, 0.8272824883460999, 0.4421420991420746, 0.3465748131275177, -0.4377307891845703, 0.8940039873123169, -0.09564953297376633, -0.3521299958229065, -0.07257725298404694, 0.9331329464912415),
            ["RightFoot"] = CFrame.new(5.960464477539063e-08, 3.5762786865234375e-07, 3.149762051180005e-08, 0.9445729851722717, 0.2923205494880676, 0.14943493902683258, -0.18528622388839722, 0.8504245281219482, -0.49238911271095276, -0.2710184156894684, 0.43740934133529663, 0.8574510216712952),
            ["RightUpperLeg"] = CFrame.new(0, -1.9045546650886536e-07, 2.0656443666666746e-08, 0.7142772078514099, -0.638912558555603, -0.2856552004814148, 0.451129287481308, 0.7323697805404663, -0.5100166201591492, 0.535061240196228, 0.23542577028274536, 0.8113471269607544),
            ["RightUpperArm"] = CFrame.new(-0.03524446487426758, -0.06838369369506836, 0, 0.7887529730796814, 0.26804912090301514, 0.5531988739967346, -0.10043921321630478, 0.9440242052078247, -0.31421008706092834, -0.6064493060112, 0.1922709196805954, 0.7715199589729309),
        }},
        {Time = 0.267, Data = {
            ["LeftLowerArm"] = CFrame.new(-0.0004946887493133545, -0.00009936094284057617, -5.960464477539062e-07, 1, -2.6822092991096724e-07, -1.4901162970204496e-08, 5.960463056453591e-08, 0.31728851795196533, -0.9483290910720825, 2.7194613494430087e-07, 0.9483291506767273, 0.3172885477542877),
            ["LeftFoot"] = CFrame.new(2.60770320892334e-08, -5.960464477539063e-08, -5.21540641784668e-08, 0.9795347452163696, -0.13018429279327393, -0.15350523591041565, 0.1359848827123642, 0.9903189539909363, 0.027869004756212234, 0.14839082956314087, -0.048173047602176666, 0.9877548217773438),
            ["RightHand"] = CFrame.new(0, 3.5762786865234375e-07, 4.470348358154297e-08, 0.8045222163200378, -0.4745112657546997, -0.35718780755996704, 0.2903868854045868, 0.8388881683349609, -0.4603716731071472, 0.5180922746658325, 0.26665666699409485, 0.8126959800720215),
            ["HumanoidRootPart"] = CFrame.new(0, 0, 0, 1, 0, 0, 0, 1, 0, 0, 0, 1),
            ["Handle"] = CFrame.new(0.3159765601158142, 2.686856746673584, -0.6521666049957275, -0.66398024559021, -0.1397550255060196, 0.7345739603042603, 0.7442089915275574, -0.028017759323120117, 0.6673589944839478, -0.07268577814102173, 0.9897897243499756, 0.12260985374450684),
