return {
    Balletic = {
        [1] = {Time = 0.000, Data = {
            ["RightFoot"] = CFrame.new(1.4901161193847656e-08, 2.384185791015625e-07, -4.300818545743823e-08, 0.9474062919616699, -0.30003494024276733, -0.11135774850845337, 0.28463658690452576, 0.6309016346931458, 0.7217653393745422, -0.1462988704442978, -0.7155014276504517, 0.6831210851669312),
            ["LeftLowerArm"] = CFrame.new(0.0000012516975402832031, 1.7881393432617188e-07, -9.685754776000977e-08, 1, -2.980232594040899e-08, 3.725290298461914e-09, 2.980232594040899e-08, 0.9812636375427246, -0.19267040491104126, -1.6763808119435453e-08, 0.19267034530639648, 0.9812635779380798),
            ["RightUpperArm"] = CFrame.new(1.1920928955078125e-07, 0, -2.086162567138672e-07, 0.03724740818142891, -0.6925333142280579, -0.7204237580299377, 0.7945150136947632, 0.45777931809425354, -0.39897873997688293, 0.6061010956764221, -0.5575264692306519, 0.5672791600227356),
            ["Head"] = CFrame.new(0, -4.76837158203125e-07, -7.450580596923828e-08, 0.9745294451713562, -0.0062485141679644585, 0.22417263686656952, 0.050663743168115616, 0.9799031019210815, -0.19293342530727386, -0.21846184134483337, 0.1993766725063324, 0.9552608728408813),
            ["RightHand"] = CFrame.new(2.086162567138672e-07, -4.76837158203125e-07, 2.980232238769531e-07, 0.9867414236068726, 0.1432458460330963, -0.0763021782040596, -0.1561843603849411, 0.9659199714660645, -0.2064099907875061, 0.044134411960840225, 0.2155904322862625, 0.9754859805107117),
            ["UpperTorso"] = CFrame.new(-2.1420419216156006e-08, -1.4901161193847656e-07, 2.3283064365386963e-09, 0.9924362897872925, 0.09726376831531525, -0.07490012049674988, -0.08273337781429291, 0.980679988861084, 0.17726299166679382, 0.09069439023733139, -0.16972549259662628, 0.9813092947006226),
            ["HumanoidRootPart"] = CFrame.new(0, 0, 0, 1, 0, 0, 0, 1, 0, 0, 0, 1),
            ["RightUpperLeg"] = CFrame.new(-1.1920928955078125e-07, 6.156042218208313e-07, -3.5579432733356953e-09, 0.9283859133720398, 0.36468714475631714, -0.07143589109182358, -0.3703917860984802, 0.9236676096916199, -0.09822452068328857, 0.030161777511239052, 0.11764942109584808, 0.9925971031188965),
            ["LeftUpperArm"] = CFrame.new(-2.384185791015625e-07, 1.1920928955078125e-07, -1.4901161193847656e-07, 0.2915162742137909, 0.9362596869468689, -0.19605140388011932, -0.9500861763954163, 0.2595800459384918, -0.17307348549365997, -0.11115068197250366, 0.23671938478946686, 0.9651991724967957),
            ["RightLowerArm"] = CFrame.new(0.0000011920928955078125, -4.76837158203125e-07, 3.725290298461914e-07, 1, 0, 0, 4.0978189730367376e-08, 0.9600256681442261, -0.27991217374801636, 1.4901159417490817e-08, 0.27991217374801636, 0.9600256085395813),
            ["LeftHand"] = CFrame.new(6.556510925292969e-07, -1.7881393432617188e-07, 9.685754776000977e-08, 0.959322452545166, -0.2680261433124542, 0.08867067843675613, 0.2796783447265625, 0.945084810256958, -0.16910019516944885, -0.03847801312804222, 0.18702080845832825, 0.981602132320404),
            ["LeftFoot"] = CFrame.new(1.2852251529693604e-07, -1.1920928955078125e-07, 5.960464477539063e-08, 0.9650412201881409, -0.22791443765163422, -0.12942375242710114, 0.2509109079837799, 0.660630464553833, 0.7075391411781311, -0.07575703412294388, -0.7152779698371887, 0.6947214603424072),
            ["LowerTorso"] = CFrame.new(0.03665349259972572, 0.1488037109375, -0.04931315779685974, 0.9098700284957886, -0.053088992834091187, -0.4114827811717987, 0.062499038875103, 0.9980003833770752, 0.009437010623514652, 0.41015899181365967, -0.034303732216358185, 0.9113686680793762),
            ["RightLowerLeg"] = CFrame.new(-1.5832483768463135e-08, -0.000003874301910400391, -0.0000133199428091757, 1, 5.215408194203519e-08, 1.4901161193847656e-08, 0, 0.9999833106994629, 0.0057944655418396, 1.4901164746561335e-08, -0.00579448975622654, 0.9999832510948181),
            ["LeftUpperLeg"] = CFrame.new(0, 9.685754776000977e-08, 0, 0.9195036292076111, 0.3808445930480957, 0.0973174050450325, -0.32150155305862427, 0.8710945248603821, -0.37125590443611145, -0.22616352140903473, 0.3100835680961609, 0.9234167337417603),
            ["LeftLowerLeg"] = CFrame.new(-2.1606683731079102e-07, 0.000003933906555175781, 0.000013262033462524414, 1, 1.043081780949251e-07, 3.7252885221050747e-08, -2.2351731132630448e-08, 0.2936040461063385, 0.9559271335601807, 6.705519695060502e-08, -0.9559271931648254, 0.29360419511795044)
        }},
        [2] = {Time = 0.033, Data = {
            ["RightFoot"] = CFrame.new(-2.2351741790771484e-08, 5.364418029785156e-07, 4.639878170564771e-08, 0.9273709654808044, -0.37406834959983826, -0.00748499995097518, 0.20052362978458405, 0.4800397455692291, 0.8540209531784058, -0.31586939096450806, -0.7934952974319458, 0.5201847553253174),
            ["LeftLowerArm"] = CFrame.new(-2.384185791015625e-07, 0, -7.450580596923828e-08, 1, -1.4901166522918174e-08, 1.4901166522918174e-08, 5.2154071283894154e-08, 0.9485681056976318, -0.3165733218193054, 5.587936335871291e-09, 0.31657329201698303, 0.9485681653022766),
            ["RightUpperArm"] = CFrame.new(-5.960464477539063e-08, -1.1920928955078125e-07, 2.9802322387695312e-08, -0.07443448901176453, -0.696865975856781, -0.71332848072052, 0.696363627910614, 0.47570183873176575, -0.5373876690864563, 0.7138187289237976, -0.5367361903190613, 0.44986337423324585),
            ["Head"] = CFrame.new(-2.9802322387695312e-08, 2.384185791015625e-07, 6.705522537231445e-08, 0.9516496658325195, 0.02018403261899948, 0.30652177333831787, 0.034975212067365646, 0.9842308163642883, -0.17339679598808289, -0.30518797039985657, 0.17573365569114685, 0.9359370470046997),
            ["RightHand"] = CFrame.new(-2.384185791015625e-07, -5.960464477539063e-08, 1.1920928955078125e-07, 0.9603968858718872, 0.18857240676879883, 0.20512987673282623, -0.16585540771484375, 0.9784545302391052, -0.12295866012573242, -0.22389686107635498, 0.0840672180056572, 0.9709804654121399),
            ["UpperTorso"] = CFrame.new(1.862645149230957e-08, 4.470348358154297e-07, -1.862645149230957e-09, 0.998613715171814, 0.034844253212213516, -0.03945274278521538, -0.028416693210601807, 0.9877961874008179, 0.1531379222869873, 0.04430726170539856, -0.15180450677871704, 0.9874170422554016),
            ["HumanoidRootPart"] = CFrame.new(0, 0, 0, 1, 0, 0, 0, 1, 0, 0, 0, 1),
            ["RightUpperLeg"] = CFrame.new(1.1920928955078125e-07, -7.636845111846924e-08, 6.535992724820971e-08, 0.9288344979286194, 0.3677482008934021, -0.04502849280834198, -0.36915600299835205, 0.9082947373390198, -0.19678588211536407, -0.031468044966459274, 0.19940394163131714, 0.9794120192527771),
            ["LeftUpperArm"] = CFrame.new(-1.1920928955078125e-07, 0, 2.9802322387695312e-08, 0.22995123267173767, 0.9358797669410706, -0.2669299840927124, -0.9642578363418579, 0.1819993555545807, -0.19257012009620667, -0.1316414624452591, 0.3016710877418518, 0.944280207157135),
            ["RightLowerArm"] = CFrame.new(-5.960464477539063e-08, -2.384185791015625e-07, -6.07222318649292e-07, 1, -1.4901159417490817e-08, 4.470347647611561e-08, 2.9802318834981634e-08, 0.9596779942512512, -0.2811019718647003, 1.862644971595273e-08, 0.28110194206237793, 0.9596779346466064),
            ["LeftHand"] = CFrame.new(2.9802322387695312e-08, 1.1920928955078125e-07, -1.043081283569336e-07, 0.9650547504425049, -0.2608148455619812, 0.025399446487426758, 0.26154133677482605, 0.9646796584129333, -0.031456321477890015, -0.01629807986319065, 0.03700011223554611, 0.9991823434829712),
            ["LeftFoot"] = CFrame.new(8.195638656616211e-08, 5.960464477539063e-08, -3.725290298461914e-08, 0.9367159008979797, -0.301774799823761, -0.1774696260690689, 0.3203284442424774, 0.5342607498168945, 0.7822755575180054, -0.14125578105449677, -0.7896186113357544, 0.5971177220344543),
            ["LowerTorso"] = CFrame.new(0.04646884277462959, 0.23488545417785645, -0.009679857641458511, 0.850888192653656, -0.022987501695752144, -0.524843692779541, 0.04700975865125656, 0.9983660578727722, 0.03248606622219086, 0.5232393741607666, -0.05231478437781334, 0.8505784869194031),
            ["RightLowerLeg"] = CFrame.new(1.2526288628578186e-07, -0.0000035762786865234375, -0.000013303179002832621, 1, 0, 4.0978196835794733e-08, -5.960465898624534e-08, 0.9999829530715942, 0.005841404665261507, 7.450582373280668e-09, -0.00584116717800498, 0.999983012676239),
            ["LeftUpperLeg"] = CFrame.new(0, 3.725290298461914e-08, -3.725290298461914e-08, 0.9458925724029541, 0.31911131739616394, 0.05878084897994995, -0.23858018219470978, 0.8067600131034851, -0.5405718088150024, -0.21992462873458862, 0.49729904532432556, 0.8392419219017029),
            ["LeftLowerLeg"] = CFrame.new(8.940696716308594e-08, 0.000003814697265625, 0.000013083219528198242, 1, 5.960463056453591e-08, 1.043081283569336e-07, -9.918583288026639e-08, 0.45718300342559814, 0.8893725872039795, 5.215404996761208e-08, -0.889372706413269, 0.4571830928325653)
        }},
        [3] = {Time = 0.067, Data = {
            ["RightFoot"] = CFrame.new(4.470348358154297e-08, 1.1920928955078125e-07, 6.129994289949536e-08, 0.851003110408783, -0.5210689306259155, 0.06543327867984772, 0.06697603315114975, 0.23126627504825592, 0.9705824255943298, -0.5208724737167358, -0.8215857148170471, 0.23170731961727142),
            ["LeftLowerArm"] = CFrame.new(1.4901161193847656e-07, 1.7881393432617188e-07, -9.685754776000977e-08, 1, -4.377215745421381e-08, 3.725290298461914e-09, 3.72529100900465e-08, 0.8887360692024231, -0.4584193229675293, 0, 0.4584193229675293, 0.8887360692024231),
            ["RightUpperArm"] = CFrame.new(-1.7881393432617188e-07, 4.76837158203125e-07, 5.960464477539063e-08, -0.05133817344903946, -0.7877383828163147, -0.6138670444488525, 0.6087784171104431, 0.4625841975212097, -0.644519031047821, 0.7916774153709412, -0.4067973792552948, 0.4558098018169403),
            ["Head"] = CFrame.new(-5.21540641784668e-08, 4.76837158203125e-07, 2.2351741790771484e-08, 0.8829458355903625, 0.04673449322581291, 0.46714287996292114, 0.020172104239463806, 0.9903374910354614, -0.1372038722038269, -0.46904128789901733, 0.13056683540344238, 0.8734716176986694),
            ["RightHand"] = CFrame.new(5.960464477539063e-08, 2.384185791015625e-07, -1.7881393432617188e-07, 0.8908666372299194, 0.18056373298168182, 0.4168373644351959, -0.15068912506103516, 0.9831158518791199, -0.10380816459655762, -0.42854341864585876, 0.029666367918252945, 0.9030340313911438),
            ["UpperTorso"] = CFrame.new(-1.4435499906539917e-08, -1.7881393432617188e-07, 2.0081643015146255e-09, 0.9990967512130737, -0.04239315167069435, -0.0029169449117034674, 0.042477864772081375, 0.9945207834243774, 0.09552010148763657, -0.001148434355854988, -0.09555773437023163, 0.9954232573509216),
            ["HumanoidRootPart"] = CFrame.new(0, 0, 0, 1, 0, 0, 0, 1, 0, 0, 0, 1),
            ["RightUpperLeg"] = CFrame.new(5.960464477539063e-08, -3.7439167499542236e-07, -2.4047039914876223e-08, 0.9197125434875488, 0.3922986686229706, -0.015195384621620178, -0.3797898292541504, 0.8792497515678406, -0.2875403165817261, -0.09944082796573639, 0.27022549510002136, 0.9576480388641357),
            ["LeftUpperArm"] = CFrame.new(1.1920928955078125e-07, 3.5762786865234375e-07, 1.1920928955078125e-07, 0.15368013083934784, 0.89182448387146, -0.42547810077667236, -0.98748379945755, 0.12315647304058075, -0.09853081405162811, -0.03547185659408569, 0.43529507517814636, 0.8995888233184814),
            ["RightLowerArm"] = CFrame.new(0, 2.980232238769531e-07, 5.681067705154419e-07, 1, -5.960465898624534e-08, 0, 0, 0.9815773367881775, -0.1910654455423355, -1.210719613453648e-08, 0.19106541574001312, 0.9815773963928223),
            ["LeftHand"] = CFrame.new(-3.203749656677246e-07, -3.5762786865234375e-07, 1.341104507446289e-07, 0.9693763852119446, -0.24527636170387268, -0.012203356251120567, 0.24463333189487457, 0.9688061475753784, -0.03961466625332832, 0.02153923176229, 0.03541618213057518, 0.9991405010223389),
            ["LeftFoot"] = CFrame.new(7.450580596923828e-08, -1.7881393432617188e-07, 0, 0.9336712956428528, -0.2972141206264496, -0.19980405271053314, 0.3350173830986023, 0.5276647210121155, 0.7805979251861572, -0.12657533586025238, -0.7957597970962524, 0.5922373533248901),
            ["LowerTorso"] = CFrame.new(0.053986724466085434, 0.27278733253479004, 0.020390693098306656, 0.7177749872207642, 0.0258611012250185, -0.6957947611808777, 0.017802515998482704, 0.9983016848564148, 0.05546949803829193, 0.6960476040840149, -0.052201513200998306, 0.7160955667495728),
            ["RightLowerLeg"] = CFrame.new(8.940696716308594e-08, -0.000003933906555175781, -0.000013357195712160319, 1, -7.450582373280668e-09, -5.215404996761208e-08, 0, 0.999987006187439, 0.005106023047119379, 9.685753354915505e-08, -0.005105988588184118, 0.9999869465827942),
            ["LeftUpperLeg"] = CFrame.new(-5.960464477539063e-08, -3.4552067518234253e-07, 5.21540641784668e-08, 0.9467030167579651, 0.3190303444862366, 0.0444222167134285, -0.22075988352298737, 0.743059515953064, -0.6317653059959412, -0.23456062376499176, 0.5882875323295593, 0.7738858461380005),
            ["LeftLowerLeg"] = CFrame.new(-1.4901161193847656e-07, 0.000004172325134277344, 0.000013433396816253662, 1, 1.3411046495548362e-07, 0, -1.043081283569336e-07, 0.5711032152175903, 0.8208784461021423, -1.4901161193847656e-08, -0.8208783864974976, 0.5711031556129456)
        }},
        [4] = {Time = 0.100, Data = {
            ["RightFoot"] = CFrame.new(-1.4901161193847656e-08, 1.7881393432617188e-07, 1.6596459317952394e-08, 0.7904871106147766, -0.6102905869483948, 0.0517287403345108, 0.09665733575820923, 0.20770351588726044, 0.9734046459197998, -0.6048036813735962, -0.7644637227058411, 0.22317637503147125),
            ["LeftLowerArm"] = CFrame.new(-0.0000011920928955078125, -1.7881393432617188e-07, 0, 1, -6.705523247774181e-08, 4.0978196835794733e-08, 7.264316792543468e-08, 0.7500990033149719, -0.6613256335258484, 1.862645326866641e-08, 0.6613256931304932, 0.7500989437103271),
            ["RightUpperArm"] = CFrame.new(0, -8.344650268554688e-07, 0, 0.025059394538402557, -0.8445479273796082, -0.5348933935165405, 0.531793475151062, 0.4643353521823883, -0.708229124546051, 0.8465033173561096, -0.26670506596565247, 0.46076104044914246),
            ["Head"] = CFrame.new(-9.685754776000977e-08, -4.76837158203125e-07, -2.9802322387695312e-08, 0.7997102737426758, 0.06271637976169586, 0.5971015095710754, 0.012617254629731178, 0.9925538897514343, -0.1211511567234993, -0.6002535820007324, 0.10441960394382477, 0.7929641604423523),
            ["RightHand"] = CFrame.new(0, -3.5762786865234375e-07, 7.450580596923828e-08, 0.796574056148529, 0.14852163195610046, 0.5860128402709961, -0.1001984104514122, 0.9883805513381958, -0.11429839581251144, -0.5961794853210449, 0.03232961148023605, 0.8022000789642334),
            ["UpperTorso"] = CFrame.new(3.725290298461914e-09, 1.4901161193847656e-07, -7.450580596923828e-09, 0.9945217967033386, -0.10331015288829803, 0.015921056270599365, 0.10091408342123032, 0.9886322021484375, 0.11145749688148499, -0.027254758402705193, -0.10924023389816284, 0.9936416745185852),
            ["HumanoidRootPart"] = CFrame.new(0, 0, 0, 1, 0, 0, 0, 1, 0, 0, 0, 1),
            ["RightUpperLeg"] = CFrame.new(-5.960464477539063e-08, 1.7276033759117126e-07, -4.453613655641675e-08, 0.9157882332801819, 0.383034884929657, -0.12089750170707703, -0.3995293080806732, 0.899655818939209, -0.1760561466217041, 0.041330330073833466, 0.20953185856342316, 0.9769279360771179),
            ["LeftUpperArm"] = CFrame.new(1.1920928955078125e-07, -2.384185791015625e-07, -2.9802322387695312e-08, 0.21878474950790405, 0.7487207651138306, -0.6257399916648865, -0.975666344165802, 0.177349254488945, -0.12892872095108032, 0.014442948624491692, 0.6387209892272949, 0.7693029642105103),
            ["RightLowerArm"] = CFrame.new(-2.086162567138672e-07, -2.384185791015625e-07, 2.384185791015625e-07, 1, 1.4901162970204496e-08, 4.842878098543224e-08, 0, 0.9858706593513489, -0.16750867664813995, 2.607702853651972e-08, 0.16750867664813995, 0.9858707189559937),
            ["LeftHand"] = CFrame.new(3.2689422369003296e-07, 1.1920928955078125e-07, -6.705522537231445e-08, 0.9327585697174072, -0.3031473755836487, 0.1950976550579071, 0.35070449113845825, 0.8883543610572815, -0.2963663935661316, -0.08347316831350327, 0.34485992789268494, 0.9349353313446045),
            ["LeftFoot"] = CFrame.new(4.470348358154297e-08, -1.1920928955078125e-07, 0, 0.8816811442375183, -0.39365535974502563, -0.2601419687271118, 0.46001243591308594, 0.5944299697875977, 0.6595770716667175, -0.10500986874103546, -0.7012050747871399, 0.7051839232444763),
            ["LowerTorso"] = CFrame.new(0.05992763862013817, 0.29732394218444824, 0.03692314401268959, 0.5509582757949829, 0.02069842629134655, -0.8342761993408203, -0.014525717124342918, 0.9997788071632385, 0.015211732126772404, 0.8344064354896545, 0.0037374282255768776, 0.5511370301246643),
            ["RightLowerLeg"] = CFrame.new(1.2665987014770508e-07, -0.000003874301910400391, -0.000013368371583055705, 1, 3.166496753692627e-08, 5.960463766996327e-08, -1.4901161193847656e-08, 0.9999868273735046, 0.005140259396284819, 8.940696716308594e-08, -0.005140222609043121, 0.9999867677688599),
            ["LeftUpperLeg"] = CFrame.new(5.960464477539063e-08, 1.3236422091722488e-07, 6.146728992462158e-08, 0.9438269734382629, 0.32951274514198303, -0.024741848930716515, -0.2820315659046173, 0.7642800211906433, -0.5799434781074524, -0.1721891462802887, 0.5543441772460938, 0.8142808675765991),
            ["LeftLowerLeg"] = CFrame.new(-5.448237061500549e-08, 0.000004351139068603516, 0.000013667857274413109, 1, 1.303851746570217e-07, 0, 0, 0.6603978276252747, 0.7509157061576843, 4.470348358154297e-08, -0.7509160041809082, 0.660398006439209)
        }},
        [5] = {Time = 0.133, Data = {
            ["RightFoot"] = CFrame.new(-2.2351741790771484e-08, 2.384185791015625e-07, -1.673470251262188e-10, 0.8749836087226868, -0.4841260612010956, 0.005096333101391792, 0.17718303203582764, 0.3299916386604309, 0.92720627784729, -0.4505661427974701, -0.810387372970581, 0.37451645731925964),
            ["LeftLowerArm"] = CFrame.new(-1.1920928955078125e-07, 1.1920928955078125e-07, 2.922024577856064e-08, 1, -9.68574909165909e-08, 4.656613938891496e-08, 2.9802315282267955e-08, 0.4443441331386566, -0.8958562016487122, 7.159540515999652e-09, 0.8958561420440674, 0.44434431195259094),
            ["RightUpperArm"] = CFrame.new(0, -4.76837158203125e-07, -4.470348358154297e-08, 0.18867327272891998, -0.8786029815673828, -0.4387018084526062, 0.5013685822486877, 0.4702978730201721, -0.7262572050094604, 0.8444122672080994, -0.08292596787214279, 0.5292365550994873),
            ["Head"] = CFrame.new(-2.9802322387695312e-08, 1.1920928955078125e-07, -2.60770320892334e-08, 0.7344348430633545, 0.048299938440322876, 0.6769583821296692, 0.012030825018882751, 0.9963811039924622, -0.08414256572723389, -0.6785725355148315, 0.06994161009788513, 0.7311959266662598),
            ["RightHand"] = CFrame.new(-5.960464477539063e-08, 5.960464477539063e-08, -4.470348358154297e-08, 0.7445423603057861, 0.1481606662273407, 0.6509263515472412, -0.08604063838720322, 0.9882255792617798, -0.1265200972557068, -0.6620072722434998, 0.03819340839982033, 0.7485235929489136),
            ["UpperTorso"] = CFrame.new(-9.313225746154785e-09, 2.9802322387695312e-08, 1.862645149230957e-09, 0.9927204847335815, -0.11365853250026703, 0.03984660282731056, 0.1081363633275032, 0.9867873191833496, 0.12065336853265762, -0.053033459931612015, -0.1154661700129509, 0.9918946623802185),
            ["HumanoidRootPart"] = CFrame.new(0, 0, 0, 1, 0, 0, 0, 1, 0, 0, 0, 1),
            ["RightUpperLeg"] = CFrame.new(0, 4.39351424574852e-07, 2.0656443666666746e-08, 0.9264490604400635, 0.34815341234207153, -0.14311273396015167, -0.3583700954914093, 0.9321098923683167, -0.05236661434173584, 0.1151650920510292, 0.09980206191539764, 0.9883200526237488),
            ["LeftUpperArm"] = CFrame.new(-2.384185791015625e-07, -5.960464477539062e-07, -1.4901161193847656e-08, 0.22412574291229248, 0.499442458152771, -0.8368542194366455, -0.9028746485710144, 0.42965540289878845, 0.014615009538829327, 0.3668583929538727, 0.7522987723350525, 0.5472307801246643),
            ["RightLowerArm"] = CFrame.new(4.172325134277344e-07, 5.960464477539063e-08, 0.0000010132789611816406, 1, 0, 7.078052988163108e-08, -2.9802318834981634e-08, 0.9719998836517334, -0.23498167097568512, 3.725289943190546e-08, 0.23498167097568512, 0.9719998240470886),
            ["LeftHand"] = CFrame.new(2.086162567138672e-07, 1.1920928955078125e-07, -2.2351741790771484e-08, 0.9828184843063354, -0.1790156364440918, -0.04495794698596001, 0.16546237468719482, 0.9624525308609009, -0.21519163250923157, 0.08179269731044769, 0.20405545830726624, 0.9755365252494812),
            ["LeftFoot"] = CFrame.new(0, -5.960464477539063e-08, 6.705522537231445e-08, 0.8568916320800781, -0.431467205286026, -0.28208568692207336, 0.5073167681694031, 0.6087372899055481, 0.6099739670753479, -0.0914682149887085, -0.6657889485359192, 0.7405129075050354),
            ["LowerTorso"] = CFrame.new(0.06262246519327164, 0.3113408088684082, 0.042036812752485275, 0.2997223436832428, -0.01796114258468151, -0.9538574814796448, -0.034230250865221024, 0.9989765286445618, -0.02956661581993103, 0.9534122347831726, 0.04151255637407303, 0.2988007664680481),
            ["RightLowerLeg"] = CFrame.new(-2.60770320892334e-08, -0.0000036954879760742188, -0.000013275239325594157, 1, -1.4202672815599726e-08, -3.725290298461914e-08, 4.7264620661735535e-08, 0.9999869465827942, 0.005121687427163124, -2.0489096641540527e-08, -0.005121544934809208, 0.9999868869781494),
            ["LeftUpperLeg"] = CFrame.new(-1.1920928955078125e-07, 4.979083314538002e-07, 7.450580596923828e-09, 0.9184666275978088, 0.3928963243961334, -0.04529425501823425, -0.36375540494918823, 0.7942370176315308, -0.48669299483299255, -0.15524527430534363, 0.4634869396686554, 0.8723980784416199),
            ["LeftLowerLeg"] = CFrame.new(1.7136335372924805e-07, 0.0000036954879760742188, 0.00001360476016998291, 1, 1.043081283569336e-07, -1.266598985694145e-07, -7.450581307466564e-08, 0.6931688189506531, 0.7207754254341125, -4.4703490686970326e-08, -0.720775306224823, 0.6931687593460083)
        }},
        [6] = {Time = 0.167, Data = {
            ["RightFoot"] = CFrame.new(-7.450580596923828e-09, 2.384185791015625e-07, -1.18088792078197e-08, 0.9158684611320496, -0.39466050267219543, 0.07367432117462158, 0.16878171265125275, 0.5449965596199036, 0.8212741017341614, -0.36427685618400574, -0.7397444844245911, 0.5657570362091064),
            ["LeftLowerArm"] = CFrame.new(1.7881393432617188e-07, 0, 5.662441253662109e-07, 1, -8.940698137394065e-08, 4.4703490686970326e-08, 1.4901166878189542e-07, 0.3227705657482147, -0.9464772343635559, 6.705524668859653e-08, 0.9464772939682007, 0.3227706253528595),
            ["RightUpperArm"] = CFrame.new(-5.960464477539063e-08, -7.152557373046875e-07, 1.210719347000122e-08, 0.4152272343635559, -0.8571853637695312, -0.30466344952583313, 0.41864442825317383, 0.4773794412612915, -0.7725579142570496, 0.8076653480529785, 0.19324147701263428, 0.5570766925811768),
            ["Head"] = CFrame.new(-1.618172973394394e-08, -3.5762786865234375e-07, 1.0477378964424133e-09, 0.7046680450439453, -0.01209079846739769, 0.7094340920448303, 0.027248786762356758, 0.9995783567428589, -0.010030035860836506, -0.7090137004852295, 0.026399075984954834, 0.7047004103660583),
            ["RightHand"] = CFrame.new(1.4901161193847656e-07, 2.384185791015625e-07, -8.940696716308594e-08, 0.7191314101219177, 0.12644928693771362, 0.6832720637321472, -0.07428327202796936, 0.991658091545105, -0.10533873736858368, -0.690892219543457, 0.024996669963002205, 0.7225255370140076),
            ["UpperTorso"] = CFrame.new(-9.313225746154785e-09, -2.384185791015625e-07, 4.6566128730773926e-09, 0.9947700500488281, -0.049519047141075134, 0.08933358639478683, 0.04616545885801315, 0.9981634020805359, 0.03922472149133682, -0.09111187607049942, -0.03489544615149498, 0.995229184627533),
            ["HumanoidRootPart"] = CFrame.new(0, 0, 0, 1, 0, 0, 0, 1, 0, 0, 0, 1),
            ["RightUpperLeg"] = CFrame.new(5.960464477539063e-08, -3.59978002961725e-07, -4.489265847951174e-09, 0.9042078852653503, 0.2807421088218689, -0.3218567669391632, -0.2744974195957184, 0.9593450427055359, 0.06563760340213776, 0.32719916105270386, 0.028998715803027153, 0.9445104598999023),
            ["LeftUpperArm"] = CFrame.new(5.960464477539063e-08, -3.5762786865234375e-07, 1.3969838619232178e-08, 0.4285052418708801, 0.23244430124759674, -0.8731282949447632, -0.6943367123603821, 0.7030698657035828, -0.15358828008174896, 0.5781694650650024, 0.6720584034919739, 0.4626636505126953),
            ["RightLowerArm"] = CFrame.new(9.5367431640625e-07, -5.960464477539063e-08, -2.8312206268310547e-07, 1, -2.9802318834981634e-08, 1.30385160446167e-08, 5.960462345910855e-08, 0.9286428093910217, -0.37097519636154175, -2.9802311729554276e-08, 0.37097516655921936, 0.9286428093910217),
            ["LeftHand"] = CFrame.new(2.682209014892578e-07, -5.960464477539063e-08, 4.470348358154297e-07, 0.9375813603401184, -0.14270494878292084, -0.31713807582855225, 0.12116856127977371, 0.9888355135917664, -0.08673318475484848, 0.32597458362579346, 0.042892251163721085, 0.9444050788879395),
            ["LeftFoot"] = CFrame.new(-6.05359673500061e-08, -5.960464477539063e-08, -4.6566128730773926e-08, 0.8897006511688232, -0.41031330823898315, -0.20018918812274933, 0.45654258131980896, 0.8008178472518921, 0.38763344287872314, 0.0012640022905543447, -0.43627288937568665, 0.8998137712478638),
            ["LowerTorso"] = CFrame.new(0.05133602023124695, 0.31769275665283203, 0.026803288608789444, -0.08148840814828873, 0.006996190641075373, -0.9966497421264648, -0.029647761955857277, 0.9995158314704895, 0.009440379217267036, 0.9962332248687744, 0.03031771630048752, -0.08124153316020966),
            ["RightLowerLeg"] = CFrame.new(-3.725290298461914e-09, -0.0000034570693969726562, -0.000013346019841264933, 1, -1.862645149230957e-08, -1.6763808119435453e-08, 1.1175868230850483e-08, 0.999987006187439, 0.005098108667880297, -2.048909131247001e-08, -0.005098097026348114, 0.999987006187439),
            ["LeftUpperLeg"] = CFrame.new(0, -4.75964043289423e-07, 1.862645149230957e-09, 0.8772900700569153, 0.4718996584415436, 0.08759422600269318, -0.4063567519187927, 0.8274001479148865, -0.3876640200614929, -0.2554139494895935, 0.30449923872947693, 0.9176294207572937),
            ["LeftLowerLeg"] = CFrame.new(-4.6193599700927734e-07, 0.000004649162292480469, 0.000013197073712944984, 1, 8.195638656616211e-08, 2.980232949312267e-08, -1.080334541825323e-07, 0.7440387606620789, 0.6681365966796875, -2.2002502930718038e-08, -0.6681364178657532, 0.7440387010574341)
        }},
        [7] = {Time = 0.200, Data = {
            ["RightFoot"] = CFrame.new(4.190951585769653e-08, 4.172325134277344e-07, -9.480572771281004e-09, 0.9962594509124756, -0.08590149879455566, -0.009394954890012741, 0.06648185104131699, 0.6924743056297302, 0.7183728814125061, -0.0552031472325325, -0.7163102030754089, 0.6955947875976562),
            ["LeftLowerArm"] = CFrame.new(2.682209014892578e-07, 5.364418029785156e-07, -1.1920928955078125e-07, 1, -7.450579886381092e-08, 2.9802318834981634e-08, 8.568167686462402e-08, 0.5830737352371216, -0.8124192953109741, 1.1175870895385742e-07, 0.8124192357063293, 0.5830736756324768),
            ["RightUpperArm"] = CFrame.new(1.1920928955078125e-07, -5.960464477539062e-07, -4.470348358154297e-08, 0.6702405214309692, -0.7308476567268372, -0.12899371981620789, 0.3491937518119812, 0.4639315903186798, -0.8141446113586426, 0.6548598408699036, 0.5006288290023804, 0.5661531090736389),
            ["Head"] = CFrame.new(0, -3.5762786865234375e-07, 1.1175870895385742e-08, 0.739212691783905, -0.08714688569307327, 0.6678099036216736, 0.0861039012670517, 0.9956844449043274, 0.0346231646835804, -0.667945146560669, 0.03190714493393898, 0.7435262203216553),
            ["RightHand"] = CFrame.new(1.341104507446289e-07, 1.1920928955078125e-07, -9.685754776000977e-08, 0.7394886016845703, 0.15385615825653076, 0.655350923538208, -0.10329868644475937, 0.9879361391067505, -0.11537616699934006, -0.6651962399482727, 0.017622461542487144, 0.7464607357978821),
            ["UpperTorso"] = CFrame.new(-1.1175870895385742e-08, -1.7881393432617188e-07, -5.587935447692871e-09, 0.9902247190475464, 0.03412092104554176, 0.13524329662322998, -0.032269805669784546, 0.9993534684181213, -0.015856584534049034, -0.1356969177722931, 0.011337311007082462, 0.9906855821609497),
            ["HumanoidRootPart"] = CFrame.new(0, 0, 0, 1, 0, 0, 0, 1, 0, 0, 0, 1),
            ["RightUpperLeg"] = CFrame.new(-5.960464477539063e-08, 0.0000011529773473739624, 8.77116690389812e-08, 0.9350379705429077, 0.20964905619621277, -0.285922646522522, -0.2009068876504898, 0.9777757525444031, 0.059924960136413574, 0.292131245136261, 0.0014119114493951201, 0.9563772678375244),
            ["LeftUpperArm"] = CFrame.new(0, -4.76837158203125e-07, -1.4901161193847656e-08, 0.6075859665870667, 0.04224064573645592, -0.7931299805641174, -0.5926175713539124, 0.6889665722846985, -0.41728824377059937, 0.5288134813308716, 0.7235612273216248, 0.44363901019096375),
            ["RightLowerArm"] = CFrame.new(-5.364418029785156e-07, 2.384185791015625e-07, 5.960464477539063e-08, 1, -1.4901161193847656e-08, 5.4016702222270396e-08, 0, 0.8861550688743591, -0.4633888602256775, 0, 0.4633888602256775, 0.8861551284790039),
            ["LeftHand"] = CFrame.new(2.3469328880310059e-07, 0, -1.9371509552001953e-07, 0.8387929201126099, -0.20510980486869812, -0.5043376684188843, 0.07923878729343414, 0.9624508023262024, -0.25963374972343445, 0.538653552532196, 0.17781583964824677, 0.8235496282577515),
            ["LeftFoot"] = CFrame.new(-4.470348358154297e-08, 1.1920928955078125e-07, -7.450580596923828e-09, 0.9187548756599426, -0.35843026638031006, -0.16558262705802917, 0.3920341432094574, 0.8779613971710205, 0.2747601568698883, 0.0468926765024662, -0.31735098361968994, 0.9471479654312134),
            ["LowerTorso"] = CFrame.new(0.032991230487823486, 0.3192157745361328, 0.0006011351943016052, -0.4900173246860504, 0.05323062464594841, -0.8700860142707825, -0.020452581346035004, 0.9971570372581482, 0.07252316176891327, 0.8714728355407715, 0.053333114832639694, -0.4875355064868927),
            ["RightLowerLeg"] = CFrame.new(6.891787052154541e-08, -0.000003933906555175781, -0.000013342294550966471, 1, -2.6077035641947077e-08, -6.705523247774181e-08, -2.2351741790771484e-08, 0.999984860420227, 0.005510684568434954, -4.0978193283081055e-08, -0.005511019844561815, 0.9999849200248718),
            ["LeftUpperLeg"] = CFrame.new(1.1920928955078125e-07, 2.468004822731018e-07, -1.4901161193847656e-08, 0.863813579082489, 0.4385485053062439, 0.24799537658691406, -0.39706283807754517, 0.8955826163291931, -0.20068025588989258, -0.3101085424423218, 0.07488081604242325, 0.9477478265762329),
            ["LeftLowerLeg"] = CFrame.new(-2.682209014892578e-07, 0.0000040531158447265625, 0.00001329183578491211, 1, 5.96046660916727e-08, -3.725291186640334e-09, 4.0978196835794733e-08, 0.8681812882423401, 0.49624717235565186, 1.862645326866641e-08, -0.49624720215797424, 0.8681813478469849)
        }},
        [8] = {Time = 0.233, Data = {
            ["RightFoot"] = CFrame.new(-1.862645149230957e-09, 5.364418029785156e-07, 1.6596459317952394e-08, 0.9799166917800903, 0.19218428432941437, -0.053184863179922104, -0.11139547824859619, 0.7487994432449341, 0.6533681154251099, 0.16539175808429718, -0.6343222260475159, 0.7551698088645935),
            ["LeftLowerArm"] = CFrame.new(-7.748603820800781e-07, -5.960464477539062e-07, -1.043081283569336e-07, 1, -6.705522537231445e-08, 5.21540641784668e-08, 3.725290653733282e-08, 0.7609633803367615, -0.648794949054718, 4.4703490686970326e-08, 0.648794949054718, 0.7609632611274719),
            ["RightUpperArm"] = CFrame.new(-5.960464477539063e-08, -2.384185791015625e-07, -5.960464477539063e-08, 0.8653297424316406, -0.4879148006439209, 0.11464568227529526, 0.3582800030708313, 0.4422163665294647, -0.8222408890724182, 0.3504853844642639, 0.75258469581604, 0.5574731826782227),
            ["Head"] = CFrame.new(-6.332993507385254e-08, -4.76837158203125e-07, -4.842877388000488e-08, 0.9408612847328186, -0.08607606589794159, 0.3276752829551697, 0.10388496518135071, 0.9938932657241821, -0.03720426186919212, -0.32247182726860046, 0.0690445750951767, 0.9440575838088989),
            ["RightHand"] = CFrame.new(4.172325134277344e-07, 4.76837158203125e-07, 4.0605664253234863e-07, 0.7468074560165405, 0.1940426379442215, 0.6361023783683777, -0.08159014582633972, 0.9759942889213562, -0.20193657279014587, -0.6600165367126465, 0.09890809655189514, 0.7447116374969482),
            ["UpperTorso"] = CFrame.new(9.778887033462524e-09, 0, -1.0244548320770264e-08, 0.9843423962593079, 0.06711684912443161, 0.16298934817314148, -0.06392179429531097, 0.9976474046707153, -0.0247747041285038, -0.16426865756511688, 0.013968231156468391, 0.9863167405128479),
            ["HumanoidRootPart"] = CFrame.new(0, 0, 0, 1, 0, 0, 0, 1, 0, 0, 0, 1),
            ["RightUpperLeg"] = CFrame.new(-2.9802322387695312e-08, -2.7008354663848877e-07, -1.0600342648103833e-07, 0.9366590976715088, 0.14412909746170044, -0.31921252608299255, -0.12730756402015686, 0.9891683459281921, 0.07306741178035736, 0.3262859880924225, -0.027800939977169037, 0.9448621869087219),
            ["LeftUpperArm"] = CFrame.new(-1.1920928955078125e-07, -1.1920928955078125e-07, 0, 0.7672731876373291, 0.006672952324151993, -0.6412857174873352, -0.5093830823898315, 0.6138697862625122, -0.6030694246292114, 0.3896417021751404, 0.7893791794776917, 0.474404901266098),
            ["RightLowerArm"] = CFrame.new(2.384185791015625e-07, -4.172325134277344e-07, -1.1920928955078125e-07, 1, 7.450581485102248e-09, 4.470348358154297e-08, 1.4901162970204496e-08, 0.8807047009468079, -0.4736659526824951, -1.4901162970204496e-08, 0.4736659824848175, 0.8807045817375183),
            ["LeftHand"] = CFrame.new(-5.960464477539063e-08, 0, 4.470348358154297e-08, 0.8200171589851379, -0.14319632947444916, -0.5541360378265381, -0.02839202806353569, 0.9568259716033936, -0.2892717719078064, 0.5716342926025391, 0.252940833568573, 0.7805480360984802),
            ["LeftFoot"] = CFrame.new(2.9802322387695312e-08, -5.960464477539063e-08, 1.4901161193847656e-08, 0.9152449369430542, -0.2841837704181671, -0.28559932112693787, 0.3792839050292969, 0.8468428254127502, 0.3728269934654236, 0.13590620458126068, -0.4495519697666168, 0.8828551173210144),
            ["LowerTorso"] = CFrame.new(0.01604427769780159, 0.31691455841064453, -0.02287258766591549, -0.8109917640686035, 0.07613680511713028, -0.5800824165344238, 0.0027019463013857603, 0.9919730424880981, 0.12642061710357666, 0.5850513577461243, 0.10095874965190887, -0.8046876788139343),
            ["RightLowerLeg"] = CFrame.new(-8.381903171539307e-08, -0.000003993511199951172, -0.000013275239325594157, 1, -7.450582373280668e-09, 5.960465898624534e-08, -2.2351747119842003e-08, 0.999984860420227, 0.005517609883099794, 6.14673041354763e-08, -0.005517520941793919, 0.999984860420227),
            ["LeftUpperLeg"] = CFrame.new(8.940696716308594e-08, -7.450580596923828e-09, 1.1920928955078125e-07, 0.8419336676597595, 0.3191255033016205, 0.43509411811828613, -0.32308822870254517, 0.9439813494682312, -0.06717939674854279, -0.4321593642234802, -0.08401317149400711, 0.8978753089904785),
            ["LeftLowerLeg"] = CFrame.new(1.4901161193847656e-08, 0.000004291534423828125, 0.0000131949782371521, 1, 1.1175867342672063e-08, -1.1920930376163597e-07, 6.705522537231445e-08, 0.956831693649292, 0.29064247012138367, -2.9802322387695312e-08, -0.2906424403190613, 0.9568318128585815)
        }},
        [9] = {Time = 0.267, Data = {
            ["RightFoot"] = CFrame.new(2.9802322387695312e-08, 1.7881393432617188e-07, -3.55576048605144e-08, 0.9398263096809387, 0.32139065861701965, 0.11590847373008728, -0.3057197332382202, 0.6396552324295044, 0.7052492499351501, 0.15251873433589935, -0.6982472538948059, 0.6994203329086304),
            ["LeftLowerArm"] = CFrame.new(-5.960464477539063e-08, -2.384185791015625e-07, 8.642673492431641e-07, 1, -6.332992796842518e-08, 8.381904059717726e-09, 2.048908953611317e-08, 0.875756025314331, -0.482754111289978, 2.793966658032332e-08, 0.48275402188301086, 0.875756025314331),
            ["RightUpperArm"] = CFrame.new(0, -7.152557373046875e-07, 5.960464477539063e-08, 0.8860593438148499, -0.2384585440158844, 0.39753806591033936, 0.4635699391365051, 0.4532921314239502, -0.7613338232040405, 0.0013456047745421529, 0.8588736653327942, 0.5121859312057495),
            ["Head"] = CFrame.new(-2.9802322387695312e-08, -8.344650268554688e-07, 5.494803190231323e-08, 0.8448374271392822, -0.02949964813888073, -0.5342094302177429, -0.05982710421085358, 0.9870077967643738, -0.149118572473526, 0.5316678285598755, 0.15794113278388977, 0.8320961594581604),
            ["RightHand"] = CFrame.new(0, -2.384185791015625e-07, 2.1979212760925293e-07, 0.799486517906189, 0.26630088686943054, 0.5384284257888794, -0.12332092225551605, 0.9500313997268677, -0.2867620289325714, -0.5878888964653015, 0.16286291182041168, 0.7923776507377625),
            ["UpperTorso"] = CFrame.new(-3.958120942115784e-09, -2.682209014892578e-07, 5.774199962615967e-08, 0.9804916381835938, 0.051925837993621826, 0.18957863748073578, -0.05250146985054016, 0.9986189603805542, -0.0019879343453794718, -0.18942002952098846, -0.008003976196050644, 0.9818635582923889),
            ["HumanoidRootPart"] = CFrame.new(0, 0, 0, 1, 0, 0, 0, 1, 0, 0, 0, 1),
            ["RightUpperLeg"] = CFrame.new(5.960464477539063e-08, -7.613562047481537e-07, 6.908521754667163e-08, 0.9376544952392578, 0.057065121829509735, -0.342852383852005, -0.055360108613967896, 0.9983572363853455, 0.014766276814043522, 0.3431319296360016, 0.0051347482949495316, 0.9392732977867126),
            ["LeftUpperArm"] = CFrame.new(1.7881393432617188e-07, -1.1920928955078125e-07, 6.705522537231445e-08, 0.8585795164108276, 0.10891954600811005, -0.5009769201278687, -0.47431451082229614, 0.5396544933319092, -0.6955564022064209, 0.1945948600769043, 0.8348110318183899, 0.5149984955787659),
            ["RightLowerArm"] = CFrame.new(-1.1920928955078125e-07, -6.556510925292969e-07, 5.960464477539063e-08, 1, -5.960464477539063e-08, -1.3737009751935148e-08, 1.4901164746561335e-08, 0.869287371635437, -0.49430710077285767, 1.4901164746561335e-08, 0.49430710077285767, 0.8692874312400818),
            ["LeftHand"] = CFrame.new(3.725290298461914e-08, 1.1920928955078125e-07, -8.940696716308594e-08, 0.8062722682952881, -0.12833471596240997, -0.5774559378623962, -0.08455027639865875, 0.9411587715148926, -0.32721787691116333, 0.5854710936546326, 0.31265074014663696, 0.7479794025421143),
            ["LeftFoot"] = CFrame.new(0, 5.960464477539063e-08, 2.9802322387695312e-08, 0.9245023727416992, -0.2645489573478699, -0.2744256556034088, 0.34204351902008057, 0.8935071229934692, 0.290948748588562, 0.16823123395442963, -0.3628484308719635, 0.9165366888046265),
            ["LowerTorso"] = CFrame.new(0.006155671551823616, 0.3101177215576172, -0.04571247100830078, -0.9843853116035461, 0.057963382452726364, -0.16621026396751404, 0.03193991258740425, 0.9873719215393066, 0.15516620874404907, 0.17310531437397003, 0.14743462204933167, -0.9738057255744934),
            ["RightLowerLeg"] = CFrame.new(-3.632158041000366e-08, -0.0000035762786865234375, -0.0000133199428091757, 1, -9.15315379046433e-09, 7.4505797087454084e-09, 3.2014209061514975e-09, 0.9999833703041077, 0.0057639023289084435, -1.7695127141337252e-08, -0.005763985216617584, 0.9999834299087524),
