return {
    ["Banana Shake"] = {
        {Time = 0.000, Data = {
            ["LeftFoot"] = CFrame.new(1.468883397137688e-07, -1.1920928955078125e-07, 9.858581506705377e-09, 0.9706173539161682, -0.2057102918624878, -0.1248430535197258, 0.2257428616285324, 0.9580807685852051, 0.1764204502105713, 0.08331907540559769, -0.19941064715385437, 0.9763657450675964),
            ["LeftLowerArm"] = CFrame.new(5.960464477539063e-08, -5.960464477539063e-08, 3.725290298461914e-08, 1, 2.793969056114065e-09, 9.592626071253108e-08, 2.421439049271612e-08, 0.9910750389099121, -0.13330508768558502, -1.3643877139202232e-07, 0.13330525159835815, 0.9910751581192017),
            ["LowerTorso"] = CFrame.new(0.03600820153951645, 0.09598255157470703, 0.006766399368643761, 0.9985705018043518, -0.006578492466360331, 0.05304598808288574, 0.004652136936783791, 0.9993280172348022, 0.03635694086551666, -0.053249526768922806, -0.03605813905596733, 0.9979300498962402),
            ["Head"] = CFrame.new(4.656612873077393e-10, -1.1920928955078125e-07, -9.313225746154785e-09, 0.9784377813339233, 0.08943064510822296, -0.18617679178714752, -0.06628933548927307, 0.9896828532218933, 0.1270189881324768, 0.19561529159545898, -0.11193850636482239, 0.974271297454834),
            ["RightUpperArm"] = CFrame.new(0, -2.384185791015625e-07, -2.421438694000244e-08, 0.9835886359214783, 0.05967928469181061, 0.17026445269584656, -0.07958456128835678, 0.9904499650001526, 0.1125822514295578, -0.16192542016506195, -0.12428735196590424, 0.9789460301399231),
            ["UpperTorso"] = CFrame.new(-5.296897143125534e-09, -2.086162567138672e-07, -1.1175870895385742e-08, 0.9992891550064087, 0.009424526244401932, 0.03650251030921936, -0.005191235803067684, 0.9934240579605103, -0.11437582969665527, -0.037340421229600906, 0.1141049861907959, 0.9927666783332825),
            ["HumanoidRootPart"] = CFrame.new(0, 0, 0, 1, 0, 0, 0, 1, 0, 0, 0, 1),
            ["RightHand"] = CFrame.new(1.2293457984924316e-07, -5.364418029785156e-07, 2.60770320892334e-08, 0.08051469177007675, -0.038087546825408936, -0.9960255026817322, 0.1243991032242775, 0.9918407797813416, -0.02787153050303459, 0.9889602065086365, -0.12166062742471695, 0.08459578454494476),
            ["LeftUpperArm"] = CFrame.new(5.960464477539063e-08, -1.1920928955078125e-07, -2.9802322387695312e-08, 0.9410943388938904, -0.06965609639883041, 0.3308833837509155, 0.05675024911761284, 0.997208833694458, 0.04851740971207619, -0.3333479166030884, -0.026881400495767593, 0.9424235820770264),
            ["RightLowerArm"] = CFrame.new(-5.960464477539063e-08, 1.7881393432617188e-07, -6.705522537231445e-08, 1, 9.313230187046884e-09, 1.243315921328758e-07, 1.6763806343078613e-08, 0.9910750985145569, -0.13330510258674622, -1.1990778148174286e-07, 0.13330528140068054, 0.9910751581192017),
            ["LeftHand"] = CFrame.new(-3.725290298461914e-08, 5.960464477539063e-08, -1.341104507446289e-07, 0.6331485509872437, 0.10181071609258652, 0.7673053741455078, -0.021413248032331467, 0.9932363033294678, -0.11411913484334946, -0.7737341523170471, 0.055823907256126404, 0.6310461759567261),
            ["RightUpperLeg"] = CFrame.new(1.1920928955078125e-07, 1.0355142876505852e-07, -4.284083843231201e-08, 0.8118075728416443, -0.26325473189353943, -0.5212152004241943, 0.07459154725074768, 0.9320465922355652, -0.35457858443260193, 0.5791411399841309, 0.24897007644176483, 0.7762787342071533),
            ["LeftUpperLeg"] = CFrame.new(0, 4.28641214966774e-07, -3.91155481338501e-08, 0.9507779479026794, 0.2981647551059723, 0.08437568694353104, -0.23775960505008698, 0.8765722513198853, -0.41844019293785095, -0.19872523844242096, 0.3777816593647003, 0.9043167233467102),
            ["RightLowerLeg"] = CFrame.new(-3.725290298461914e-08, -5.960464477539063e-08, -2.9802322387695312e-08, 1, 9.12696123123169e-08, -2.0489078877972133e-08, -8.940695295223122e-08, 0.8565890789031982, 0.5159968733787537, 5.5879347371501353e-08, -0.5159991979598999, 0.8565904498100281),
            ["RightFoot"] = CFrame.new(4.370241413198528e-08, 5.960464477539063e-08, 2.0637457964767236e-08, 0.9944928884506226, 0.09558261930942535, 0.04299040883779526, -0.1003670021891594, 0.9866718053817749, 0.12809258699417114, -0.03017427958548069, -0.131692573428154, 0.9908300638198853),
            ["LeftLowerLeg"] = CFrame.new(-1.862645149230957e-08, 1.7881393432617188e-07, 5.21540641784668e-08, 1, 3.7252889661942845e-09, 1.1548389977633633e-07, -5.960463056453591e-08, 0.8175135254859924, 0.575907826423645, -1.1175868053214799e-07, -0.5759093761444092, 0.8175147175788879),
        }},
        {Time = 0.033, Data = {
            ["LeftFoot"] = CFrame.new(-1.3611440863314783e-08, 5.960464477539063e-08, -9.490008778811898e-09, 0.9757254719734192, -0.19705115258693695, -0.09555793553590775, 0.21290670335292816, 0.9557143449783325, 0.20318454504013062, 0.051289625465869904, -0.21858859062194824, 0.9744664430618286),
            ["LeftLowerArm"] = CFrame.new(5.960464477539063e-08, 0, 2.60770320892334e-08, 1, 7.450583261459087e-09, 1.0244550452398471e-07, 2.2351745343485163e-08, 0.9778409600257874, -0.20934921503067017, -8.719508315380153e-08, 0.20934940874576569, 0.9778410196304321),
            ["LowerTorso"] = CFrame.new(0.05415342003107071, 0.10502982139587402, 0.005207063630223274, 0.9978750944137573, -0.01731405407190323, 0.06281346827745438, 0.014755704440176487, 0.999051570892334, 0.04096711054444313, -0.06346318870782852, -0.03995311260223389, 0.9971842169761658),
            ["Head"] = CFrame.new(-5.122274160385132e-09, 7.152557373046875e-07, -1.3969838619232178e-09, 0.9721309542655945, 0.08604679256677628, -0.21807651221752167, -0.06676734238862991, 0.9933027625083923, 0.09429696947336197, 0.22472992539405823, -0.0771084651350975, 0.9713653922080994),
            ["RightUpperArm"] = CFrame.new(0, 5.960464477539062e-07, -1.862645149230957e-08, 0.9591310024261475, 0.027473462745547295, 0.2816177308559418, -0.06144474074244499, 0.9917481541633606, 0.1125151589512825, -0.2762107849121094, -0.1252232789993286, 0.9529070854187012),
            ["UpperTorso"] = CFrame.new(2.270098775625229e-09, 1.7881393432617188e-07, 3.259629011154175e-09, 0.9991002082824707, 0.018754951655864716, 0.038041237741708755, -0.01461702585220337, 0.9942293167114258, -0.1062752977013588, -0.039814919233322144, 0.1056235134601593, 0.9936087727546692),
            ["HumanoidRootPart"] = CFrame.new(0, 0, 0, 1, 0, 0, 0, 1, 0, 0, 0, 1),
            ["RightHand"] = CFrame.new(-8.940696716308594e-08, 1.1920928955078125e-07, 2.60770320892334e-08, 0.10582607984542847, -0.04764058440923691, -0.9932428598403931, 0.141366109251976, 0.9894272089004517, -0.03239550068974495, 0.9842848181724548, -0.13698258996009827, 0.11144192516803741),
            ["LeftUpperArm"] = CFrame.new(0, 3.5762786865234375e-07, 1.4901161193847656e-08, 0.9370940327644348, -0.08260618895292282, 0.33915337920188904, 0.060257039964199066, 0.9952912330627441, 0.07592377811670303, -0.34383708238601685, -0.05071185529232025, 0.9376623630523682),
            ["RightLowerArm"] = CFrame.new(-8.940696716308594e-08, 2.384185791015625e-07, 0, 1, 3.7252920748187535e-09, 1.1641535024864424e-07, 1.6763808119435453e-08, 0.9835619926452637, -0.180571049451828, -1.1315570702663535e-07, 0.1805712878704071, 0.9835620522499084),
            ["LeftHand"] = CFrame.new(8.195638656616211e-08, -7.152557373046875e-07, 2.9802322387695312e-08, 0.6286473274230957, 0.11761825531721115, 0.7687447667121887, -0.03525889664888382, 0.9917911887168884, -0.12291111052036285, -0.7768909335136414, 0.05016268044710159, 0.6276339292526245),
            ["RightUpperLeg"] = CFrame.new(5.960464477539063e-08, 4.1443854570388794e-08, -7.450580596923828e-09, 0.8376337885856628, -0.23237000405788422, -0.49434152245521545, 0.0735199823975563, 0.9447290301322937, -0.3195039629936218, 0.5412619709968567, 0.2312818318605423, 0.8084205389022827),
            ["LeftUpperLeg"] = CFrame.new(0, 9.16188582777977e-08, -2.421438694000244e-08, 0.9390224814414978, 0.3117554485797882, 0.14507116377353668, -0.2241675853729248, 0.8749378323554993, -0.42922428250312805, -0.26074108481407166, 0.37053000926971436, 0.8914712071418762),
            ["RightLowerLeg"] = CFrame.new(-2.9802322387695312e-08, 5.960464477539063e-08, 1.4901161193847656e-08, 1, 1.1618246276157151e-07, -8.568163423205988e-08, -5.960464477539063e-08, 0.8845455050468445, 0.46645113825798035, 1.1175870895385742e-07, -0.46645388007164, 0.8845470547676086),
            ["RightFoot"] = CFrame.new(6.63875425743754e-08, 2.384185791015625e-07, 1.668763616180513e-08, 0.9932820796966553, 0.09162580221891403, 0.07067939639091492, -0.10070502012968063, 0.9853078722953796, 0.13794799149036407, -0.057001516222953796, -0.1441294252872467, 0.9879144430160522),
            ["LeftLowerLeg"] = CFrame.new(5.960464477539063e-08, -1.1920928955078125e-07, 2.9802322387695312e-08, 1, -1.4901155864777138e-08, 1.4156093186556973e-07, -5.960464477539063e-08, 0.8297074437141418, 0.558196485042572, -9.685754776000977e-08, -0.5581984519958496, 0.8297088742256165),
        }},
        {Time = 0.067, Data = {
            ["LeftFoot"] = CFrame.new(-1.490275280957576e-08, 0, 1.9230583347962238e-08, 0.9839698672294617, -0.1637687087059021, -0.0705939382314682, 0.17522986233234406, 0.9614080190658569, 0.21211467683315277, 0.033132828772068024, -0.2210758626461029, 0.9746917486190796),
            ["LeftLowerArm"] = CFrame.new(8.940696716308594e-08, 1.1920928955078125e-07, 6.85686245560646e-08, 1, -7.450582373280668e-09, 1.0617080192787398e-07, 3.725290298461914e-08, 0.9094208478927612, -0.4158768951892853, -9.685754776000977e-08, 0.415877103805542, 0.9094210267066956),
            ["LowerTorso"] = CFrame.new(0.07590478658676147, 0.1164999008178711, 0.0032301899045705795, 0.9950345158576965, -0.045789893716573715, 0.08837301284074783, 0.04115425795316696, 0.9977149367332458, 0.053583886474370956, -0.09062468260526657, -0.04968082904815674, 0.9946451783180237),
            ["Head"] = CFrame.new(-8.381903171539307e-09, 1.1920928955078125e-07, 1.862645149230957e-08, 0.9657224416732788, 0.08403237164020538, -0.24559883773326874, -0.07093878835439682, 0.9955707788467407, 0.06169823929667473, 0.24969562888145447, -0.04216074198484421, 0.9674060940742493),
            ["RightUpperArm"] = CFrame.new(-5.960464477539063e-08, -1.1920928955078125e-07, 3.725290298461914e-08, 0.8841083645820618, -0.01744154468178749, 0.4669463634490967, -0.040127161890268326, 0.9927775859832764, 0.1130572259426117, -0.4655557870864868, -0.1186947226524353, 0.8770287036895752),
            ["UpperTorso"] = CFrame.new(-1.7578713595867157e-08, -1.1920928955078125e-07, 4.656612873077393e-10, 0.998883843421936, 0.040963638573884964, 0.02351844310760498, -0.03829700127243996, 0.9937978386878967, -0.10439985990524292, -0.027649186551570892, 0.10338254272937775, 0.9942573308944702),
            ["HumanoidRootPart"] = CFrame.new(0, 0, 0, 1, 0, 0, 0, 1, 0, 0, 0, 1),
            ["RightHand"] = CFrame.new(2.2351741790771484e-07, -5.960464477539063e-08, 1.1920928955078125e-07, 0.17265202105045319, -0.06994986534118652, -0.9824960231781006, 0.1672886610031128, 0.9850661158561707, -0.04073546826839447, 0.9706728458404541, -0.15732741355895996, 0.18177543580532074),
            ["LeftUpperArm"] = CFrame.new(-1.1920928955078125e-07, -1.1920928955078125e-07, 3.725290298461914e-08, 0.9319565892219543, -0.09391528367996216, 0.3501862585544586, 0.05581493675708771, 0.9915186166763306, 0.1173674464225769, -0.3582480251789093, -0.08983750641345978, 0.9292978644371033),
            ["RightLowerArm"] = CFrame.new(1.1920928955078125e-07, -5.960464477539063e-08, -1.4901161193847656e-08, 1, 4.097821459936313e-08, 1.9883744073467824e-07, 3.259629011154175e-08, 0.9436334371566772, -0.33099251985549927, -7.695052772760391e-08, 0.330992728471756, 0.943633496761322),
            ["LeftHand"] = CFrame.new(-1.6391277313232422e-07, -4.172325134277344e-07, -8.940696716308594e-08, 0.6174325942993164, 0.14865708351135254, 0.7724495530128479, -0.05479487031698227, 0.9877233505249023, -0.14628775417804718, -0.7847131490707397, 0.04799653962254524, 0.6179981827735901),
            ["RightUpperLeg"] = CFrame.new(-5.960464477539063e-08, -3.932509571313858e-07, 7.450580596923828e-09, 0.8956980109214783, -0.16288655996322632, -0.4137548804283142, 0.06269075721502304, 0.9674555063247681, -0.24515467882156372, 0.4402215778827667, 0.1936439424753189, 0.876758873462677),
            ["LeftUpperLeg"] = CFrame.new(-5.960464477539063e-08, -1.4458782970905304e-07, 1.4901161193847656e-08, 0.9045781493186951, 0.34477442502975464, 0.25073719024658203, -0.1963416337966919, 0.8590021133422852, -0.4728277921676636, -0.37840238213539124, 0.3784784972667694, 0.844727635383606),
            ["RightLowerLeg"] = CFrame.new(-1.3783574104309082e-07, -3.5762786865234375e-07, -1.4901161193847656e-08, 1, 8.568171949718817e-08, -5.5879347371501353e-08, -8.195639367158947e-08, 0.931509792804718, 0.3637129068374634, 4.842878098543224e-08, -0.36371639370918274, 0.9315111637115479),
            ["RightFoot"] = CFrame.new(-6.358368409564719e-08, 1.7881393432617188e-07, 1.0933831617876422e-08, 0.9910706281661987, 0.10629205405712128, 0.08050566166639328, -0.11798016726970673, 0.9803608059883118, 0.15803998708724976, -0.06212626397609711, -0.16611668467521667, 0.98414546251297),
            ["LeftLowerLeg"] = CFrame.new(0, -1.7881393432617188e-07, 1.4901161193847656e-08, 1, 7.4505797087454084e-09, 9.126955546889803e-08, -7.450580596923828e-08, 0.8311771154403687, 0.5560057163238525, -1.341104507446289e-07, -0.5560077428817749, 0.8311785459518433),
        }},
        {Time = 0.100, Data = {
            ["LeftFoot"] = CFrame.new(4.834635092265671e-08, 0, -1.0988401299982797e-08, 0.9893298149108887, -0.13438968360424042, -0.056271255016326904, 0.14217887818813324, 0.9748725891113281, 0.1714971661567688, 0.031810663640499115, -0.177659273147583, 0.9835763573646545),
            ["LeftLowerArm"] = CFrame.new(0, 5.960464477539063e-08, -1.4901161193847656e-08, 1, -1.4901166522918174e-08, 1.415611023958263e-07, 5.587936158235607e-08, 0.7190713286399841, -0.6949361562728882, -2.3283067918100642e-08, 0.6949363350868225, 0.7190715670585632),
            ["LowerTorso"] = CFrame.new(0.10097380727529526, 0.1072685718536377, 0.004821212962269783, 0.9885304570198059, -0.0863557979464531, 0.12389618158340454, 0.07777329534292221, 0.994330108165741, 0.07251957058906555, -0.12945616245269775, -0.062051910907030106, 0.9896417856216431),
            ["Head"] = CFrame.new(-8.381903171539307e-09, -1.1920928955078125e-07, -1.4901161193847656e-08, 0.9592419266700745, 0.08466827869415283, -0.26960399746894836, -0.07821018993854523, 0.9963353872299194, 0.03462684527039528, 0.27154776453971863, -0.012129594571888447, 0.9623485207557678),
            ["RightUpperArm"] = CFrame.new(1.1920928955078125e-07, -4.76837158203125e-07, -7.450580596923828e-09, 0.7808889746665955, -0.07118096202611923, 0.6205917000770569, -0.006658161524683237, 0.9924814701080322, 0.12221268564462662, -0.6246343851089478, -0.09956895560026169, 0.7745515704154968),
            ["UpperTorso"] = CFrame.new(-3.259629011154175e-09, -1.1920928955078125e-07, 8.381903171539307e-09, 0.9974343180656433, 0.07157494872808456, -0.0014254538109526038, -0.07132081687450409, 0.9917762875556946, -0.106269471347332, -0.006192503497004509, 0.10609836131334305, 0.9943364262580872),
            ["HumanoidRootPart"] = CFrame.new(0, 0, 0, 1, 0, 0, 0, 1, 0, 0, 0, 1),
            ["RightHand"] = CFrame.new(0, -5.960464477539062e-07, 2.086162567138672e-07, 0.2683488130569458, -0.09189978986978531, -0.9589282870292664, 0.16397260129451752, 0.985270082950592, -0.04853775352239609, 0.9492639899253845, -0.14421290159225464, 0.279464989900589),
            ["LeftUpperArm"] = CFrame.new(0, -2.384185791015625e-07, -2.2351741790771484e-08, 0.9291456341743469, -0.09766460955142975, 0.3565714955329895, 0.04420962184667587, 0.9869073033332825, 0.1551089584827423, -0.36706119775772095, -0.12835793197155, 0.9213023781776428),
            ["RightLowerArm"] = CFrame.new(0, 4.172325134277344e-07, -1.4901161193847656e-07, 1, 2.0489103746967885e-08, 9.872022843637751e-08, 5.960465188081798e-08, 0.8084471225738525, -0.5885686278343201, -7.124618406351146e-08, 0.588568925857544, 0.8084473013877869),
            ["LeftHand"] = CFrame.new(-2.0489096641540527e-08, -1.7881393432617188e-07, -1.695007085800171e-07, 0.6045178174972534, 0.1710810363292694, 0.7780035734176636, -0.04716666415333748, 0.9826393127441406, -0.1794307678937912, -0.7951940894126892, 0.0717732384800911, 0.6020922064781189),
            ["RightUpperLeg"] = CFrame.new(-8.940696716308594e-08, -5.80446794629097e-07, 7.450580596923828e-08, 0.95819091796875, -0.10033798217773438, -0.2679596245288849, 0.04480896145105362, 0.9775637984275818, -0.20582059025764465, 0.28259915113449097, 0.1852060705423355, 0.941188395023346),
            ["LeftUpperLeg"] = CFrame.new(0, -7.525086402893066e-07, 8.568167686462402e-08, 0.8614704608917236, 0.38580381870269775, 0.3301878273487091, -0.16530629992485046, 0.8278644680976868, -0.5360177159309387, -0.48014843463897705, 0.4071805775165558, 0.7769562602043152),
            ["RightLowerLeg"] = CFrame.new(4.470348358154297e-08, -1.7881393432617188e-07, 0, 1, 6.146732545175837e-08, -5.215405707303944e-08, -7.078050856534901e-08, 0.9473124146461487, 0.32030752301216125, 5.774199252073231e-08, -0.32031121850013733, 0.947313666343689),
            ["RightFoot"] = CFrame.new(-2.984560865115782e-08, 1.1920928955078125e-07, 1.354510459350422e-08, 0.9889972805976868, 0.13837014138698578, 0.05232846736907959, -0.1441800892353058, 0.9807636141777039, 0.13159634172916412, -0.033113762736320496, -0.13768279552459717, 0.9899213314056396),
            ["LeftLowerLeg"] = CFrame.new(-6.705522537231445e-08, -5.960464477539063e-08, 1.4901161193847656e-08, 1, -4.656610741449185e-08, 2.0489083851771284e-07, -7.450579886381092e-08, 0.8161323666572571, 0.5778634548187256, -8.568166975919667e-08, -0.577864944934845, 0.8161335587501526),
        }},
        {Time = 0.133, Data = {
            ["LeftFoot"] = CFrame.new(5.016141813030117e-08, 5.960464477539063e-08, 1.662772319832584e-08, 0.9890087246894836, -0.12735171616077423, -0.07512381672859192, 0.132103830575943, 0.9892890453338623, 0.062102362513542175, 0.066410593688488, -0.07133634388446808, 0.9952385425567627),
            ["LeftLowerArm"] = CFrame.new(5.960464477539063e-08, 3.5762786865234375e-07, -5.960464477539063e-08, 1, -2.2351745343485163e-08, 1.0058287358560847e-07, 7.82310962677002e-08, 0.3756057620048523, -0.9267795085906982, -3.119930624961853e-08, 0.926779568195343, 0.37560585141181946),
            ["LowerTorso"] = CFrame.new(0.12965360283851624, 0.05574989318847656, 0.013700542971491814, 0.9775093793869019, -0.1330922245979309, 0.16359059512615204, 0.11854659020900726, 0.9883246421813965, 0.0957140251994133, -0.17441940307617188, -0.0741681456565857, 0.9818742275238037),
            ["Head"] = CFrame.new(-2.0954757928848267e-09, -3.5762786865234375e-07, 5.587935447692871e-09, 0.9526883959770203, 0.08958088606595993, -0.29044821858406067, -0.08801566064357758, 0.9959477186203003, 0.018476339057087898, 0.2909263074398041, 0.007961939089000225, 0.9567123651504517),
            ["RightUpperArm"] = CFrame.new(1.1920928955078125e-07, 0, 1.1175870895385742e-08, 0.7159974575042725, -0.128648042678833, 0.6861384510993958, 0.04143953695893288, 0.9889724254608154, 0.14218319952487946, -0.696871817111969, -0.07337146997451782, 0.7134408950805664),
            ["UpperTorso"] = CFrame.new(4.190951585769653e-09, 0, 2.1420419216156006e-08, 0.9938924312591553, 0.1058448851108551, -0.031221020966768265, -0.10865886509418488, 0.988037645816803, -0.1094297394156456, 0.019265003502368927, 0.11215365678071976, 0.9935041666030884),
            ["HumanoidRootPart"] = CFrame.new(0, 0, 0, 1, 0, 0, 0, 1, 0, 0, 0, 1),
            ["RightHand"] = CFrame.new(7.450580596923828e-08, -1.1920928955078125e-07, 5.960464477539063e-08, 0.3808383345603943, -0.09072812646627426, -0.9201796650886536, 0.09038136154413223, 0.9940614700317383, -0.06060629338026047, 0.9202138185501099, -0.06008586287498474, 0.38677674531936646),
            ["LeftUpperArm"] = CFrame.new(0, -2.384185791015625e-07, 1.862645149230957e-08, 0.9319957494735718, -0.08751514554023743, 0.3517359793186188, 0.027004685252904892, 0.9844822287559509, 0.1733904331922531, -0.3614618480205536, -0.15210449695587158, 0.9199008941650391),
            ["RightLowerArm"] = CFrame.new(5.960464477539063e-08, -2.980232238769531e-07, 2.9802322387695312e-08, 1, -2.2351745343485163e-08, 4.4703497792397684e-08, 7.078051567077637e-08, 0.48732590675354004, -0.8732200264930725, -8.475035429000854e-08, 0.8732202649116516, 0.48732614517211914),
            ["LeftHand"] = CFrame.new(-6.332993507385254e-08, -1.7881393432617188e-07, 3.725290298461914e-08, 0.5954803824424744, 0.16190847754478455, 0.7868854999542236, 0.02057507447898388, 0.9760861396789551, -0.21640850603580475, -0.8031063079833984, 0.14505723118782043, 0.5779088735580444),
            ["RightUpperLeg"] = CFrame.new(5.960464477539063e-08, -2.6402994990348816e-07, 7.450580596923828e-08, 0.9929736256599426, -0.05996738746762276, -0.10201651602983475, 0.029091693460941315, 0.9593387842178345, -0.2807559072971344, 0.11470454186201096, 0.27581366896629333, 0.9543420076370239),
            ["LeftUpperLeg"] = CFrame.new(0, -2.0209699869155884e-07, 1.1175870895385742e-08, 0.8350397944450378, 0.43202537298202515, 0.34067994356155396, -0.14531543850898743, 0.7703992128372192, -0.6207805871963501, -0.5306524038314819, 0.4688701927661896, 0.7060940265655518),
            ["RightLowerLeg"] = CFrame.new(5.122274160385132e-08, 1.1920928955078125e-07, 2.2351741790771484e-08, 1, 2.2351747119842003e-08, -5.587932783157612e-09, -6.891787052154541e-08, 0.8861573934555054, 0.46338146924972534, 7.82310962677002e-08, -0.4633844494819641, 0.8861588835716248),
            ["RightFoot"] = CFrame.new(-2.3544117766505224e-09, 1.1920928955078125e-07, 2.5254394131479785e-08, 0.9843727946281433, 0.17587749660015106, 0.008808888494968414, -0.1758318990468979, 0.9844039678573608, -0.005633685737848282, -0.009663849137723446, 0.004006206523627043, 0.9999454021453857),
            ["LeftLowerLeg"] = CFrame.new(7.450580596923828e-09, -2.980232238769531e-07, 3.725290298461914e-08, 1, -8.568164844291459e-08, 1.396982298729199e-07, -4.470348358154297e-08, 0.7693654298782349, 0.6388083696365356, -7.450580596923828e-08, -0.6388088464736938, 0.7693659067153931),
        }},
        {Time = 0.167, Data = {
            ["LeftFoot"] = CFrame.new(-9.31495947043004e-09, 2.384185791015625e-07, 4.23826804762939e-08, 0.9893655180931091, -0.09648317098617554, -0.10884474962949753, 0.08640173077583313, 0.9918325543403625, -0.09381778538227081, 0.11700709909200668, 0.08342187851667404, 0.9896216988563538),
            ["LeftLowerArm"] = CFrame.new(5.960464477539063e-08, 0, -2.9802322387695312e-08, 1, 8.312056110071353e-08, 9.499494524334295e-08, 7.450581307466564e-08, -0.029196474701166153, -0.9995737671852112, 2.7474019503870295e-08, 0.9995737671852112, -0.02919659949839115),
            ["LowerTorso"] = CFrame.new(0.16160693764686584, -0.048363685607910156, 0.03164471685886383, 0.9626981019973755, -0.17986424267292023, 0.2021416425704956, 0.1578364074230194, 0.9800988435745239, 0.1203906387090683, -0.21977275609970093, -0.08399444073438644, 0.9719284176826477),
            ["Head"] = CFrame.new(-1.0390067473053932e-08, 1.1920928955078125e-07, -1.0186340659856796e-08, 0.9460540413856506, 0.100440114736557, -0.3080481290817261, -0.09992868453264236, 0.9948410987854004, 0.017477963119745255, 0.3082144558429718, 0.014247877523303032, 0.9512103199958801),
            ["RightUpperArm"] = CFrame.new(-5.960464477539063e-08, 1.1920928955078125e-07, -2.6775524020195007e-09, 0.7037062048912048, -0.18188442289829254, 0.6868074536323547, 0.09519252926111221, 0.9820979237556458, 0.1625472754240036, -0.7040851712226868, -0.04900803044438362, 0.7084305882453918),
            ["UpperTorso"] = CFrame.new(5.640322342514992e-08, 2.9802322387695312e-08, -5.005858838558197e-09, 0.9884437322616577, 0.13905581831932068, -0.06035367026925087, -0.1451321840286255, 0.9830625653266907, -0.11191441118717194, 0.043769095093011856, 0.11938026547431946, 0.991883397102356),
            ["HumanoidRootPart"] = CFrame.new(0, 0, 0, 1, 0, 0, 0, 1, 0, 0, 0, 1),
            ["RightHand"] = CFrame.new(-8.940696716308594e-08, -1.1920928955078125e-07, 1.1548399925231934e-07, 0.4906589388847351, -0.03945766016840935, -0.8704578876495361, -0.08044690638780594, 0.9926562905311584, -0.09034305065870285, 0.8676301836967468, 0.11435329914093018, 0.483881413936615),
            ["LeftUpperArm"] = CFrame.new(0, 2.384185791015625e-07, 5.820766091346741e-10, 0.9414898157119751, -0.060469865798950195, 0.33156296610832214, 0.006428481079638004, 0.9868156909942627, 0.16171695291996002, -0.33698034286499023, -0.15012772381305695, 0.9294695258140564),
            ["RightLowerArm"] = CFrame.new(-5.960464477539063e-08, -3.5762786865234375e-07, 1.7881393432617188e-07, 1, -7.450580596923828e-09, 7.823113179483698e-08, 5.8673329306202504e-08, 0.045095302164554596, -0.9989827871322632, 3.9115551686563776e-08, 0.9989827275276184, 0.04509521648287773),
            ["LeftHand"] = CFrame.new(-4.470348358154297e-08, -2.980232238769531e-07, -1.862645149230957e-07, 0.5879506468772888, 0.10528890788555145, 0.8020151853561401, 0.1689796894788742, 0.9536297917366028, -0.24907052516937256, -0.7910499572753906, 0.2819654047489166, 0.5428955554962158),
            ["RightUpperLeg"] = CFrame.new(0, -9.313225746154785e-10, -6.705522537231445e-08, 0.9998475313186646, -0.015328621491789818, -0.00836756732314825, 0.013404966332018375, 0.9807413816452026, -0.1948530524969101, 0.01119320373982191, 0.19470874965190887, 0.980796754360199),
            ["LeftUpperLeg"] = CFrame.new(2.9802322387695312e-08, 1.2200325727462769e-07, -5.960464477539063e-08, 0.8306772112846375, 0.47229379415512085, 0.2948122024536133, -0.14397741854190826, 0.6937336921691895, -0.7056935429573059, -0.5378159284591675, 0.5437573790550232, 0.644268810749054),
            ["RightLowerLeg"] = CFrame.new(-1.1920928955078125e-07, -5.960464477539063e-08, 2.9802322387695312e-08, 1, 5.587938645135182e-08, -2.2351748896198842e-08, -5.029141902923584e-08, 0.9551606178283691, 0.296085000038147, 1.0337680578231812e-07, -0.2960882782936096, 0.9551616907119751),
            ["RightFoot"] = CFrame.new(-5.078800313640386e-08, 0, -4.0857912608771585e-09, 0.9816397428512573, 0.1885671615600586, -0.028742393478751183, -0.19041886925697327, 0.9775776267051697, -0.08989468961954117, 0.011145012453198433, 0.09372497349977493, 0.9955365061759949),
            ["LeftLowerLeg"] = CFrame.new(5.21540641784668e-08, -5.960464477539063e-08, -1.1920928955078125e-07, 1, -4.4703469370688254e-08, 4.470342673812411e-08, -5.5879347371501353e-08, 0.7144997119903564, 0.699635922908783, -6.70552182668871e-08, -0.6996358036994934, 0.7144995927810669),
        }},
        {Time = 0.200, Data = {
            ["LeftFoot"] = CFrame.new(3.1253648558049463e-09, 2.980232238769531e-07, 2.936667442554608e-08, 0.9897416830062866, -0.06258924305438995, -0.1284308284521103, 0.03318203240633011, 0.9750550389289856, -0.2194659262895584, 0.13896197080612183, 0.21295616030693054, 0.9671299457550049),
            ["LeftLowerArm"] = CFrame.new(-5.960464477539063e-08, 1.1920928955078125e-07, 8.940696716308594e-08, 1, 1.501758006838827e-08, 9.685756907629184e-08, 8.475035429000854e-08, -0.3374437689781189, -0.9413456320762634, 2.1827872842550278e-08, 0.941345751285553, -0.3374439775943756),
            ["LowerTorso"] = CFrame.new(0.1919064223766327, -0.17180359363555908, 0.05291981250047684, 0.9466087222099304, -0.22061693668365479, 0.23507502675056458, 0.19080029428005219, 0.9711435437202454, 0.14309285581111908, -0.2598602771759033, -0.09060045331716537, 0.9613866806030273),
            ["Head"] = CFrame.new(9.313225746154785e-10, 3.5762786865234375e-07, 1.3271346688270569e-08, 0.9393859505653381, 0.11706916987895966, -0.3222559988498688, -0.11388028413057327, 0.9930770397186279, 0.028800588101148605, 0.32339659333229065, 0.009643858298659325, 0.9462143778800964),
            ["RightUpperArm"] = CFrame.new(-5.960464477539063e-08, -1.1920928955078125e-07, 0, 0.725762665271759, -0.22170387208461761, 0.6512335538864136, 0.14365150034427643, 0.9746190905570984, 0.1717008352279663, -0.67277991771698, -0.031064501032233238, 0.7391979694366455),
            ["UpperTorso"] = CFrame.new(-1.1175870895385742e-08, -5.960464477539063e-08, 1.6763806343078613e-08, 0.9824507236480713, 0.16678452491760254, -0.0835084617137909, -0.1755877435207367, 0.9780257344245911, -0.1124044880270958, 0.0629260465502739, 0.12509484589099884, 0.9901472330093384),
            ["HumanoidRootPart"] = CFrame.new(0, 0, 0, 1, 0, 0, 0, 1, 0, 0, 0, 1),
            ["RightHand"] = CFrame.new(5.960464477539063e-08, -3.5762786865234375e-07, -3.203749656677246e-07, 0.5665604472160339, 0.05535299330949783, -0.8221590518951416, -0.2989506423473358, 0.9435714483261108, -0.14248332381248474, 0.7678787708282471, 0.32651039958000183, 0.5511380434036255),
            ["LeftUpperArm"] = CFrame.new(-1.1920928955078125e-07, 0, -3.725290298461914e-08, 0.9515717625617981, -0.02784082479774952, 0.30615395307540894, -0.013920946978032589, 0.9909663200378418, 0.1333826333284378, -0.30711129307746887, -0.13118937611579895, 0.9425915479660034),
            ["RightLowerArm"] = CFrame.new(0, 2.980232238769531e-07, -1.4901161193847656e-07, 1, -2.6077035641947077e-08, 9.225916386412791e-08, 8.067581092063847e-08, -0.30991044640541077, -0.9507657885551453, -5.029141192380848e-08, 0.95076584815979, -0.30991068482398987),
            ["LeftHand"] = CFrame.new(1.1175870895385742e-08, -2.980232238769531e-07, -8.381903171539307e-08, 0.5680080056190491, 0.017504869028925896, 0.8228369355201721, 0.36311814188957214, 0.8918754458427429, -0.26963549852371216, -0.7385878562927246, 0.45194217562675476, 0.5002361536026001),
            ["RightUpperLeg"] = CFrame.new(-2.9802322387695312e-08, -4.284083843231201e-08, 6.705522537231445e-08, 0.9997771382331848, 0.01676195301115513, 0.01283899787813425, -0.01388440653681755, 0.9800427556037903, -0.1983039677143097, -0.015906590968370438, 0.19807885587215424, 0.9800565242767334),
            ["LeftUpperLeg"] = CFrame.new(5.960464477539063e-08, 9.313225746154785e-09, 4.470348358154297e-08, 0.8346678614616394, 0.515949010848999, 0.1926829069852829, -0.15621162950992584, 0.5572628974914551, -0.8155087828636169, -0.5281358361244202, 0.6505802869796753, 0.5457277297973633),
            ["RightLowerLeg"] = CFrame.new(-2.60770320892334e-08, -1.7881393432617188e-07, -3.3527612686157227e-08, 1, 1.1175884218062038e-08, -4.470350489782504e-08, -1.1548402767402877e-07, 0.9614672064781189, 0.27491623163223267, 1.862645504502325e-08, -0.2749198377132416, 0.9614682793617249),
            ["RightFoot"] = CFrame.new(8.793477945800987e-08, 2.384185791015625e-07, -1.0092094271385577e-08, 0.9828299880027771, 0.17373913526535034, -0.06212911382317543, -0.1830647587776184, 0.9602842926979065, -0.2105681449174881, 0.023075545206665993, 0.21833215653896332, 0.9756028652191162),
            ["LeftLowerLeg"] = CFrame.new(-7.450580596923828e-08, -5.960464477539063e-08, 2.9802322387695312e-08, 1, -1.1920930376163597e-07, 1.3783548524770595e-07, -4.8428766774577525e-08, 0.5765765309333801, 0.8170446157455444, -4.470347647611561e-08, -0.8170431852340698, 0.5765745639801025),
        }},
        {Time = 0.233, Data = {
            ["LeftFoot"] = CFrame.new(1.2635041457542684e-08, 5.960464477539063e-08, 6.420083309421898e-08, 0.9882985353469849, -0.06347653269767761, -0.13869863748550415, 0.023972690105438232, 0.9626356959342957, -0.26973626017570496, 0.1506369411945343, 0.26325517892837524, 0.9528930187225342),
            ["LeftLowerArm"] = CFrame.new(0, 1.1920928955078125e-07, -5.960464477539063e-08, 1, -4.30736655232522e-08, 6.798655505235729e-08, 8.335337042808533e-08, -0.48138052225112915, -0.8765116333961487, 6.274785846471786e-08, 0.8765116930007935, -0.4813808798789978),
            ["LowerTorso"] = CFrame.new(0.21441113948822021, -0.27040696144104004, 0.06991428881883621, 0.933107852935791, -0.24964113533496857, 0.2588224411010742, 0.21347348392009735, 0.9637643694877625, 0.15996086597442627, -0.2893766462802887, -0.09400895982980728, 0.9525877833366394),
            ["Head"] = CFrame.new(-7.334165275096893e-09, 1.1920928955078125e-07, -1.210719347000122e-08, 0.932867705821991, 0.13752643764019012, -0.3329330384731293, -0.12902751564979553, 0.9904971122741699, 0.04761899635195732, 0.3363179862499237, -0.0014645628398284316, 0.9417473673820496),
            ["RightUpperArm"] = CFrame.new(0, 1.1920928955078125e-07, 0, 0.7610448598861694, -0.23803547024726868, 0.6034393310546875, 0.17494431138038635, 0.9710888862609863, 0.16241951286792755, -0.6246641278266907, -0.01804119162261486, 0.7806925773620605),
            ["UpperTorso"] = CFrame.new(1.7695128917694092e-08, 1.1920928955078125e-07, 1.6763806343078613e-08, 0.9780723452568054, 0.18497394025325775, -0.09570328891277313, -0.19508464634418488, 0.9745920300483704, -0.11005702614784241, 0.0729140043258667, 0.12631389498710632, 0.9893070459365845),
            ["HumanoidRootPart"] = CFrame.new(0, 0, 0, 1, 0, 0, 0, 1, 0, 0, 0, 1),
            ["RightHand"] = CFrame.new(-5.960464477539063e-08, -4.172325134277344e-07, -3.725290298461914e-08, 0.5916609764099121, 0.1561727523803711, -0.7909156084060669, -0.4921731948852539, 0.8469890356063843, -0.20093561708927155, 0.6385161280632019, 0.5081533193588257, 0.5779944062232971),
            ["LeftUpperArm"] = CFrame.new(5.960464477539063e-08, 2.384185791015625e-07, 1.4901161193847656e-08, 0.956689178943634, -0.003909672610461712, 0.29107576608657837, -0.028605662286281586, 0.9938073754310608, 0.10736726224422455, -0.2897026240825653, -0.11104772984981537, 0.9506561756134033),
            ["RightLowerArm"] = CFrame.new(-1.7881393432617188e-07, 5.960464477539063e-08, -1.7881393432617188e-07, 1, 3.725290653733282e-08, 5.215407838932151e-08, 9.499490261077881e-08, -0.4813802242279053, -0.8765117526054382, -4.470348358154297e-08, 0.8765119910240173, -0.48138055205345154),
            ["LeftHand"] = CFrame.new(-1.825392246246338e-07, -2.384185791015625e-07, 2.60770320892334e-08, 0.5290672183036804, -0.07457730174064636, 0.8452965021133423, 0.5504044890403748, 0.7883276343345642, -0.2749445140361786, -0.6458658576011658, 0.6107192635536194, 0.4581260681152344),
            ["RightUpperLeg"] = CFrame.new(-2.9802322387695312e-08, -1.5320256352424622e-07, 5.960464477539063e-08, 0.9991470575332642, 0.04084376245737076, -0.0060824062675237656, -0.039606064558029175, 0.9061660170555115, -0.42106375098228455, -0.011686187237501144, 0.42094534635543823, 0.9070107340812683),
            ["LeftUpperLeg"] = CFrame.new(-5.960464477539063e-08, 2.2351741790771484e-08, 0, 0.8395804762840271, 0.5381439328193665, 0.07420451939105988, -0.17188327014446259, 0.3927362561225891, -0.9034446477890015, -0.5153259038925171, 0.7457610368728638, 0.42223379015922546),
            ["RightLowerLeg"] = CFrame.new(-5.960464477539063e-08, 5.960464477539063e-08, -2.9802322387695312e-08, 1, 5.960463766996327e-08, 0, -7.450581307466564e-08, 0.7649582028388977, 0.6440796256065369, 7.823110337312755e-08, -0.6440800428390503, 0.7649584412574768),
            ["RightFoot"] = CFrame.new(-1.0814812867465662e-07, 5.960464477539063e-08, 2.5088411348406225e-08, 0.9813448190689087, 0.17209164798259735, -0.08571646362543106, -0.19207511842250824, 0.8969352841377258, -0.39826056361198425, 0.008343321271240711, 0.4072979986667633, 0.9132586121559143),
            ["LeftLowerLeg"] = CFrame.new(-6.705522537231445e-08, 0, 1.1920928955078125e-07, 1, 8.19564718312904e-08, 1.0058258936851416e-07, -1.1920926112907182e-07, 0.38863423466682434, 0.9213941097259521, -1.9371505288745539e-07, -0.9213922023773193, 0.3886294662952423),
        }},
        {Time = 0.267, Data = {
            ["LeftFoot"] = CFrame.new(-3.609216037148144e-09, 1.7881393432617188e-07, -3.756190380954649e-08, 0.9877769351005554, -0.06398788094520569, -0.14213716983795166, 0.021681804209947586, 0.9593968987464905, -0.2812262177467346, 0.15435931086540222, 0.2747059762477875, 0.94905686378479),
            ["LeftLowerArm"] = CFrame.new(-5.960464477539063e-08, 1.7881393432617188e-07, 1.043081283569336e-07, 1, 3.958122718472623e-08, 5.4016734196693506e-08, 7.543712854385376e-08, -0.4623357951641083, -0.8867048025131226, 6.984919309616089e-10, 0.8867049813270569, -0.462336003780365),
            ["LowerTorso"] = CFrame.new(0.22417229413986206, -0.3098095655441284, 0.07670538872480392, 0.9265567660331726, -0.2615532875061035, 0.2703379690647125, 0.2224014699459076, 0.9605349898338318, 0.16706353425979614, -0.3033650517463684, -0.09467019885778427, 0.9481599926948547),
            ["Head"] = CFrame.new(-5.587935447692871e-09, 0, 1.862645149230957e-09, 0.9267467260360718, 0.15930236876010895, -0.3402400016784668, -0.14431758224964142, 0.9871171116828918, 0.06908154487609863, 0.3468616008758545, -0.014918331056833267, 0.9377977252006531),
            ["RightUpperArm"] = CFrame.new(-1.7881393432617188e-07, 1.1920928955078125e-07, -1.4901161193847656e-08, 0.7939931154251099, -0.2235940396785736, 0.5653049945831299, 0.18019549548625946, 0.9746768474578857, 0.13241592049598694, -0.5806070566177368, -0.003272734582424164, 0.8141844272613525),
            ["UpperTorso"] = CFrame.new(-4.842877388000488e-08, 2.9802322387695312e-08, -7.450580596923828e-09, 0.9775018692016602, 0.18968094885349274, -0.09225697070360184, -0.19891270995140076, 0.9744806289672852, -0.10402524471282959, 0.07017102092504501, 0.12003577500581741, 0.9902865886688232),
            ["HumanoidRootPart"] = CFrame.new(0, 0, 0, 1, 0, 0, 0, 1, 0, 0, 0, 1),
            ["RightHand"] = CFrame.new(5.960464477539063e-08, -4.172325134277344e-07, 1.4901161193847656e-08, 0.5783888101577759, 0.22111578285694122, -0.7852224707603455, -0.6156101226806641, 0.7498795986175537, -0.24229024350643158, 0.5352482199668884, 0.6235288977622986, 0.5698429942131042),
            ["LeftUpperArm"] = CFrame.new(5.960464477539063e-08, 0, -1.4901161193847656e-08, 0.954069197177887, 0.002193841617554426, 0.2995685040950775, -0.0322163887321949, 0.9949251413345337, 0.09531694650650024, -0.2978491485118866, -0.10059425234794617, 0.9493016004562378),
            ["RightLowerArm"] = CFrame.new(-1.1920928955078125e-07, 0, -8.940696716308594e-08, 1, -1.117587622445626e-08, 9.685759039257391e-08, 8.288770914077759e-08, -0.47913047671318054, -0.8777436017990112, -4.842877388000488e-08, 0.8777437806129456, -0.47913071513175964),
            ["LeftHand"] = CFrame.new(1.862645149230957e-09, -2.980232238769531e-07, 1.0244548320770264e-07, 0.48050639033317566, -0.14844365417957306, 0.8643369078636169, 0.6912457942962646, 0.67064368724823, -0.2691026031970978, -0.539715588092804, 0.7267746925354004, 0.4248596429824829),
            ["RightUpperLeg"] = CFrame.new(-2.9802322387695312e-08, -9.872019290924072e-08, 4.470348358154297e-08, 0.9986984729766846, 0.045883115381002426, -0.022276341915130615, -0.05095231160521507, 0.8776456117630005, -0.47659432888031006, -0.002316851168870926, 0.4771089553833008, 0.8788410425186157),
            ["LeftUpperLeg"] = CFrame.new(-5.960464477539063e-08, -7.450580596923828e-08, -1.4901161193847656e-08, 0.8427343964576721, 0.5376780033111572, 0.0264861062169075, -0.17902779579162598, 0.3263195753097534, -0.9281501173973083, -0.5076887607574463, 0.7774432301521301, 0.3712623715400696),
