return {
    ["Bara Bere"] = {
        {Time = 0.000, Data = {
            ["LeftFoot"] = CFrame.new(-8.381903171539307e-09, -5.960464477539063e-08, -2.60770320892334e-08, 0.9986184239387512, -0.04947644844651222, -0.01770072989165783, 0.03487680107355118, 0.8760265707969666, -0.48099973797798157, 0.03930457681417465, 0.4797183573246002, 0.8765420913696289),
            ["LeftLowerArm"] = CFrame.new(-1.4901161193847656e-07, 1.1920928955078125e-07, -2.682209014892578e-07, 1, -2.980232594040899e-08, 7.450578820566989e-09, 1.1175869474300271e-07, 0.7858839631080627, -0.6183740496635437, 1.4901159417490817e-08, 0.6183741092681885, 0.785883903503418),
            ["LowerTorso"] = CFrame.new(0.024292800575494766, -0.2436234951019287, -0.09471014142036438, 0.7356977462768555, -0.0008610644727014005, -0.6773094534873962, -0.13946287333965302, 0.9783782362937927, -0.15272925794124603, 0.6627963185310364, 0.20682209730148315, 0.7196705341339111),
            ["Head"] = CFrame.new(-8.754432201385498e-08, -7.152557373046875e-07, -4.190951585769653e-08, 0.9887019395828247, -0.1498759537935257, -0.0023941860999912024, 0.1453162133693695, 0.9622954726219177, -0.2299361377954483, 0.036765746772289276, 0.22699032723903656, 0.9732027649879456),
            ["RightUpperArm"] = CFrame.new(-1.1920928955078125e-07, -2.384185791015625e-07, 1.1920928955078125e-07, 0.5638957619667053, 0.12258307635784149, 0.8166975975036621, 0.7715064883232117, 0.27460041642189026, -0.5739097595214844, -0.29461732506752014, 0.9537127614021301, 0.06027238070964813),
            ["UpperTorso"] = CFrame.new(-3.725290298461914e-08, 4.76837158203125e-07, -6.05359673500061e-08, 0.9375976324081421, -0.24845486879348755, 0.2432710826396942, 0.1656968593597412, 0.9343119263648987, 0.3156040906906128, -0.3057045638561249, -0.2556003928184509, 0.9171767830848694),
            ["HumanoidRootPart"] = CFrame.new(0, 0, 0, 1, 0, 0, 0, 1, 0, 0, 0, 1),
            ["RightHand"] = CFrame.new(3.2782554626464844e-07, -5.364418029785156e-07, -2.0489096641540527e-08, 0.9440595507621765, -0.09540512412786484, 0.31567344069480896, 0.10851965099573135, 0.9938000440597534, -0.024187689647078514, -0.31140854954719543, 0.05709138512611389, 0.9485596418380737),
            ["LeftUpperArm"] = CFrame.new(0, -3.5762786865234375e-07, 5.960464477539063e-08, 0.6550688147544861, 0.7493526935577393, 0.09672395884990692, -0.7038694024085999, 0.6517643928527832, -0.2824375033378601, -0.2746864855289459, 0.11693481355905533, 0.9543970227241516),
            ["RightLowerArm"] = CFrame.new(-5.662441253662109e-07, -5.960464477539063e-08, -7.450580596923828e-08, 1, -2.2351748896198842e-08, -9.313226634333205e-09, 8.195640788244418e-08, 0.871662437915802, -0.4901067316532135, 3.72529100900465e-08, 0.49010682106018066, 0.871662437915802),
            ["LeftHand"] = CFrame.new(5.960464477539062e-07, 1.7881393432617188e-07, 0, 0.9928041696548462, 0.11908170580863953, -0.012627864256501198, -0.11899153888225555, 0.9928657412528992, 0.007663489319384098, 0.013450365513563156, -0.006105692125856876, 0.999890923500061),
            ["RightUpperLeg"] = CFrame.new(0, 1.301232259720564e-07, 4.300818545743823e-08, 0.9775223731994629, 0.0038198274560272694, 0.21079714596271515, 0.12407594174146652, 0.7979361414909363, -0.5898327827453613, -0.17045600712299347, 0.6027299165725708, 0.7795266509056091),
            ["LeftUpperLeg"] = CFrame.new(0, 2.4677137844264507e-07, -7.450580596923828e-08, 0.8210535049438477, 0.11566947400569916, 0.5590095520019531, -0.022575315088033676, 0.9850693345069885, -0.170671746134758, -0.5704047083854675, 0.1275106519460678, 0.8114058971405029),
            ["RightLowerLeg"] = CFrame.new(6.798654794692993e-08, -0.0000037550926208496094, -0.000013275239325594157, 1, -2.13272898008654e-07, -2.621673900193855e-07, 4.936007869105197e-08, 0.2907395660877228, 0.9568023085594177, -1.2665982751514093e-07, -0.956802248954773, 0.2907395660877228),
            ["RightFoot"] = CFrame.new(-8.66129994392395e-08, 1.7881393432617188e-07, -2.8107024263590574e-08, 0.9977173209190369, -0.029746435582637787, -0.060624994337558746, 0.010148263536393642, 0.9536051750183105, -0.3008889853954315, 0.06676334142684937, 0.29958707094192505, 0.9517302513122559),
            ["LeftLowerLeg"] = CFrame.new(-3.725290298461914e-09, 0.000003874301910400391, 0.000013303011655807495, 1, 1.1175868053214799e-07, 9.313226634333205e-09, -8.172355592250824e-08, 0.6377049088478088, 0.7702805399894714, 4.842877388000488e-08, -0.7702808380126953, 0.6377052068710327),
        }},
        {Time = 0.030, Data = {
            ["LeftFoot"] = CFrame.new(-4.6566128730773926e-09, 5.960464477539063e-08, -3.725290298461914e-08, 0.9990124702453613, -0.040324773639440536, -0.018659451976418495, 0.026236940175294876, 0.8742860555648804, -0.48470160365104675, 0.035859279334545135, 0.4837333559989929, 0.8744804859161377),
            ["LeftLowerArm"] = CFrame.new(-5.364418029785156e-07, -3.5762786865234375e-07, -1.7881393432617188e-07, 1, -5.2154071283894154e-08, -4.0978196835794733e-08, 7.823110337312755e-08, 0.759905993938446, -0.6500329375267029, 1.862645326866641e-08, 0.6500329971313477, 0.7599060535430908),
            ["LowerTorso"] = CFrame.new(0.014606821350753307, -0.24825787544250488, -0.0974547490477562, 0.7473140358924866, 0.01945260912179947, -0.6641862988471985, -0.13870693743228912, 0.9821172952651978, -0.12730298936367035, 0.6498324871063232, 0.18726253509521484, 0.7366482019424438),
            ["Head"] = CFrame.new(-7.264316082000732e-08, -8.344650268554688e-07, -3.864988684654236e-08, 0.99043208360672, -0.13723650574684143, -0.014508839696645737, 0.13061316311359406, 0.9661516547203064, -0.22246618568897247, 0.04454801604151726, 0.2184426337480545, 0.9748324155807495),
            ["RightUpperArm"] = CFrame.new(2.384185791015625e-07, -7.152557373046875e-07, 7.450580596923828e-08, 0.5480272769927979, 0.0628080740571022, 0.8340990543365479, 0.8236960172653198, 0.13301922380924225, -0.5512086749076843, -0.1455717831850052, 0.9891214370727539, 0.021163269877433777),
            ["UpperTorso"] = CFrame.new(-7.35744833946228e-08, 4.172325134277344e-07, -4.470348358154297e-08, 0.9409456849098206, -0.2404811978340149, 0.23830629885196686, 0.17522168159484863, 0.9481964111328125, 0.264992356300354, -0.28968700766563416, -0.20758694410324097, 0.9343389272689819),
            ["HumanoidRootPart"] = CFrame.new(0, 0, 0, 1, 0, 0, 0, 1, 0, 0, 0, 1),
            ["RightHand"] = CFrame.new(-5.157198756933212e-07, -3.5762786865234375e-07, 1.4901161193847656e-08, 0.9628146886825562, -0.09752207249403, 0.2519472539424896, 0.11710694432258606, 0.9910607933998108, -0.06391006708145142, -0.243462473154068, 0.09103833138942719, 0.965628445148468),
            ["LeftUpperArm"] = CFrame.new(-1.1920928955078125e-07, -4.76837158203125e-07, 8.940696716308594e-08, 0.5268056988716125, 0.8152742981910706, 0.24042370915412903, -0.7439479827880859, 0.579066276550293, -0.33350199460983276, -0.41111692786216736, -0.0031722108833491802, 0.9115772247314453),
            ["RightLowerArm"] = CFrame.new(-4.470348358154297e-07, -7.152557373046875e-07, -3.5762786865234375e-07, 1, -5.261973967662925e-08, -2.3137550542173813e-08, 1.862645504502325e-08, 0.8625144958496094, -0.506032407283783, 2.6077039194660756e-08, 0.5060323476791382, 0.8625144958496094),
            ["LeftHand"] = CFrame.new(3.3527612686157227e-08, 6.556510925292969e-07, 1.1920928955078125e-07, 0.9869018197059631, 0.1276460886001587, -0.09864789247512817, -0.13135892152786255, 0.9908157587051392, -0.032080117613077164, 0.09364702552556992, 0.04461826756596565, 0.9946052432060242),
            ["RightUpperLeg"] = CFrame.new(0, 3.7532299757003784e-07, -1.6596459317952394e-08, 0.9775338768959045, 0.011404960416257381, 0.21046951413154602, 0.12939570844173431, 0.7557603716850281, -0.6419373154640198, -0.16638582944869995, 0.6547490358352661, 0.7373054027557373),
            ["LeftUpperLeg"] = CFrame.new(-5.960464477539063e-08, 1.555308699607849e-07, 4.470348358154297e-08, 0.8288711309432983, 0.11160460114479065, 0.5481943488121033, 0.003491064067929983, 0.9788481593132019, -0.20455822348594666, -0.5594287514686584, 0.17146620154380798, 0.8109493851661682),
            ["RightLowerLeg"] = CFrame.new(3.5390257835388184e-08, -0.0000037550926208496094, -0.000013290140486788005, 1, -2.0302842074215732e-07, -1.378357268322361e-07, 1.564621925354004e-07, 0.2540028691291809, 0.9672035574913025, -1.1362135410308838e-07, -0.9672034978866577, 0.25400274991989136),
            ["RightFoot"] = CFrame.new(-3.3993273973464966e-08, 3.5762786865234375e-07, 2.032174961641431e-08, 0.9963233470916748, -0.04983274266123772, -0.06968875229358673, 0.029464110732078552, 0.9631177186965942, -0.26746293902397156, 0.08044677972793579, 0.2644259035587311, 0.9610448479652405),
            ["LeftLowerLeg"] = CFrame.new(-1.564621925354004e-07, 0.000003933906555175781, 0.000013321638107299805, 1, 1.1920931797249068e-07, -1.862645371275562e-09, -6.984920020158825e-08, 0.6249838471412659, 0.7806376218795776, -7.63684582238966e-08, -0.7806377410888672, 0.6249839663505554),
        }},
        {Time = 0.061, Data = {
            ["LeftFoot"] = CFrame.new(-1.862645149230957e-09, 5.960464477539063e-08, 7.450580596923828e-08, 0.9993019700050354, -0.03183503821492195, -0.019550535827875137, 0.018023112788796425, 0.8692017793655396, -0.4941290616989136, 0.03272406756877899, 0.4934317171573639, 0.8691688179969788),
            ["LeftLowerArm"] = CFrame.new(-5.960464477539063e-08, 4.76837158203125e-07, -1.7136335372924805e-07, 1, -5.960464477539063e-08, 7.450580596923828e-08, 2.980232594040899e-08, 0.7393837571144104, -0.6732842922210693, 3.9115551686563776e-08, 0.6732842922210693, 0.7393836975097656),
            ["LowerTorso"] = CFrame.new(0.008435164578258991, -0.25235581398010254, -0.10014373809099197, 0.7657983303070068, 0.030354594811797142, -0.6423640251159668, -0.12315839529037476, 0.9873186945915222, -0.10016880184412003, 0.6311774253845215, 0.15582162141799927, 0.7598254084587097),
            ["Head"] = CFrame.new(-3.725290298461914e-08, -2.384185791015625e-07, 3.073364496231079e-08, 0.9911878705024719, -0.13033737242221832, -0.023638693615794182, 0.12242391705513, 0.969508945941925, -0.21228449046611786, 0.050586387515068054, 0.20751982927322388, 0.9769219160079956),
            ["RightUpperArm"] = CFrame.new(1.1920928955078125e-07, -1.1920928955078125e-07, 1.4901161193847656e-08, 0.5405208468437195, -0.024136360734701157, 0.8409843444824219, 0.8413153290748596, 0.00947029422968626, -0.5404618382453918, 0.005080237518996, 0.9996638894081116, 0.02542499080300331),
            ["UpperTorso"] = CFrame.new(-8.009374141693115e-08, 1.7881393432617188e-07, -6.51925802230835e-09, 0.9501738548278809, -0.2155407965183258, 0.22519271075725555, 0.16868215799331665, 0.9630349278450012, 0.21002428233623505, -0.262137234210968, -0.16157357394695282, 0.9514084458351135),
            ["HumanoidRootPart"] = CFrame.new(0, 0, 0, 1, 0, 0, 0, 1, 0, 0, 0, 1),
            ["RightHand"] = CFrame.new(1.043081283569336e-07, -5.364418029785156e-07, 1.564621925354004e-07, 0.9637256860733032, -0.09674223512411118, 0.24874469637870789, 0.12378571927547455, 0.9877077341079712, -0.09544897824525833, -0.23645314574241638, 0.12277766317129135, 0.9638546109199524),
            ["LeftUpperArm"] = CFrame.new(-1.1920928955078125e-07, -1.1920928955078125e-07, 7.450580596923828e-08, 0.39941009879112244, 0.8530690670013428, 0.33577489852905273, -0.7443062663078308, 0.515571117401123, -0.42449358105659485, -0.5352381467819214, -0.08037252724170685, 0.8408689498901367),
            ["RightLowerArm"] = CFrame.new(-3.5762786865234375e-07, -5.960464477539062e-07, -5.662441253662109e-07, 1, -4.656613938891496e-08, 8.10250853078287e-08, 7.450583439094771e-08, 0.8539813756942749, -0.5203036069869995, -3.7252917195473856e-08, 0.5203036665916443, 0.8539813756942749),
            ["LeftHand"] = CFrame.new(9.238719940185547e-07, 5.960464477539062e-07, 1.1920928955078125e-07, 0.9701773524284363, 0.13210241496562958, -0.20323596894741058, -0.14544284343719482, 0.9879938364028931, -0.05210220441222191, 0.193913072347641, 0.08010753244161606, 0.9777425527572632),
            ["RightUpperLeg"] = CFrame.new(5.960464477539063e-08, -3.03611159324646e-07, -4.639878170564771e-08, 0.9764783382415771, 0.035609807819128036, 0.2126552015542984, 0.12068428099155426, 0.727037787437439, -0.6759079098701477, -0.17867718636989594, 0.6856733560562134, 0.7056389451026917),
            ["LeftUpperLeg"] = CFrame.new(0, -2.1141022443771362e-07, 2.9802322387695312e-08, 0.8424923419952393, 0.12460373342037201, 0.5240997672080994, 0.01822563447058201, 0.9657325744628906, -0.2588989734649658, -0.5383999347686768, 0.22767239809036255, 0.8113512992858887),
            ["RightLowerLeg"] = CFrame.new(-3.91155481338501e-08, -0.0000035762786865234375, -0.000013185832358431071, 1, -1.5925616025924683e-07, -1.3923279595928761e-07, 1.5832483768463135e-07, 0.24539399147033691, 0.9694233536720276, -1.043081283569336e-07, -0.9694234728813171, 0.24539434909820557),
            ["RightFoot"] = CFrame.new(5.541369318962097e-08, 4.172325134277344e-07, 5.420588422566652e-09, 0.9954472184181213, -0.05989278107881546, -0.07414719462394714, 0.03660758584737778, 0.9584913849830627, -0.2827616333961487, 0.08800456672906876, 0.27876025438308716, 0.9563201665878296),
            ["LeftLowerLeg"] = CFrame.new(1.2665987014770508e-07, 0.000003933906555175781, 0.000013329088687896729, 1, 1.2107194891086692e-07, -3.725290742551124e-09, -5.774199252073231e-08, 0.5981355309486389, 0.801395058631897, 2.1420417439799166e-08, -0.801395058631897, 0.5981355309486389),
        }},
        {Time = 0.091, Data = {
            ["LeftFoot"] = CFrame.new(2.3748725652694702e-08, 0, 5.587935447692871e-08, 0.999461829662323, -0.02589615061879158, -0.020137086510658264, 0.012143517844378948, 0.8623220920562744, -0.5062144994735718, 0.03047390840947628, 0.5056975483894348, 0.8621724843978882),
            ["LeftLowerArm"] = CFrame.new(5.960464477539063e-08, 4.172325134277344e-07, -3.948807716369629e-07, 1, -1.005828522693264e-07, 2.980232949312267e-08, 2.2351748896198842e-08, 0.720315158367157, -0.6936468482017517, 6.146731124090365e-08, 0.6936469078063965, 0.7203152179718018),
            ["LowerTorso"] = CFrame.new(0.006514563225209713, -0.25583481788635254, -0.10410091280937195, 0.7840996980667114, 0.03739267587661743, -0.6195074319839478, -0.10090114176273346, 0.9925837516784668, -0.06779772788286209, 0.6123778223991394, 0.11566919088363647, 0.7820575833320618),
            ["Head"] = CFrame.new(-2.2351741790771484e-08, -4.76837158203125e-07, 2.3283064365386963e-08, 0.9908787608146667, -0.1313755065202713, -0.029998689889907837, 0.12293805927038193, 0.9724577069282532, -0.19802123308181763, 0.05518743023276329, 0.19252707064151764, 0.9797385931015015),
            ["RightUpperArm"] = CFrame.new(0, -3.5762786865234375e-07, 1.4901161193847656e-08, 0.5300629138946533, -0.1294803023338318, 0.8380143642425537, 0.8351424336433411, -0.09145684540271759, -0.542377233505249, 0.1468692421913147, 0.9873553514480591, 0.059656526893377304),
            ["UpperTorso"] = CFrame.new(-3.725290298461914e-08, 2.9802322387695312e-08, -1.862645149230957e-08, 0.9607132077217102, -0.18069465458393097, 0.21066448092460632, 0.1506461352109909, 0.9769887328147888, 0.15099328756332397, -0.23310042917728424, -0.11332543194293976, 0.9658269286155701),
            ["HumanoidRootPart"] = CFrame.new(0, 0, 0, 1, 0, 0, 0, 1, 0, 0, 0, 1),
            ["RightHand"] = CFrame.new(5.960464477539063e-08, -6.556510925292969e-07, 1.4156103134155273e-07, 0.9584898948669434, -0.10316755622625351, 0.26580771803855896, 0.1373128443956375, 0.9840368628501892, -0.11321070790290833, -0.24988490343093872, 0.14501012861728668, 0.9573554992675781),
            ["LeftUpperArm"] = CFrame.new(2.384185791015625e-07, -2.384185791015625e-07, 5.960464477539063e-08, 0.28633344173431396, 0.8734070658683777, 0.3939206600189209, -0.707962155342102, 0.46989232301712036, -0.5272484421730042, -0.6456027030944824, -0.12791228294372559, 0.7528849244117737),
            ["RightLowerArm"] = CFrame.new(-0.0000019669532775878906, -4.172325134277344e-07, -5.066394805908203e-07, 1, -3.911556234470481e-08, -3.725291630729544e-09, 3.7252920748187535e-08, 0.8450809717178345, -0.5346384644508362, 1.4901168299275014e-08, 0.5346384644508362, 0.8450809121131897),
            ["LeftHand"] = CFrame.new(1.7881393432617188e-07, 6.556510925292969e-07, 1.1920928955078125e-07, 0.9403414130210876, 0.1316433548927307, -0.3137325346469879, -0.15982799232006073, 0.9849522709846497, -0.0657576322555542, 0.3003550171852112, 0.11197793483734131, 0.9472317695617676),
            ["RightUpperLeg"] = CFrame.new(0, -4.721805453300476e-07, 1.2496457202360034e-07, 0.9681506156921387, 0.07610614597797394, 0.23852109909057617, 0.1159515455365181, 0.7080590128898621, -0.6965685486793518, -0.2219003140926361, 0.7020401954650879, 0.6766831874847412),
            ["LeftUpperLeg"] = CFrame.new(2.9802322387695312e-08, -3.03611159324646e-07, -6.705522537231445e-08, 0.8565676808357239, 0.1449224054813385, 0.49526673555374146, 0.025781624019145966, 0.946537971496582, -0.32156074047088623, -0.5153902173042297, 0.28820720314979553, 0.8070376515388489),
            ["RightLowerLeg"] = CFrame.new(6.332993507385254e-08, -0.000003516674041748047, -0.000013290140486788005, 1, -1.1920931797249068e-07, -1.6577540407070046e-07, 2.0675363998634566e-07, 0.27737510204315186, 0.9607617855072021, -1.1734665861240501e-07, -0.9607617259025574, 0.27737483382225037),
            ["RightFoot"] = CFrame.new(3.4138793125748634e-08, 2.384185791015625e-07, -1.1110387276858091e-08, 0.9979532361030579, -0.02592884562909603, -0.05845630168914795, 0.0070778364315629005, 0.9532798528671265, -0.30200621485710144, 0.06355605274438858, 0.3009740710258484, 0.9515120983123779),
            ["LeftLowerLeg"] = CFrame.new(-4.842877388000488e-08, 0.000003933906555175781, 0.000013358891010284424, 1, 8.195638656616211e-08, 1.9557775843281888e-08, -8.381903882082042e-08, 0.5667411088943481, 0.8238961100578308, 2.3283067918100642e-08, -0.8238959312438965, 0.5667410492897034),
        }},
        {Time = 0.121, Data = {
            ["LeftFoot"] = CFrame.new(-2.2351741790771484e-08, 5.960464477539063e-08, 7.450580596923828e-09, 0.999536395072937, -0.022569838911294937, -0.02043759450316429, 0.00874674879014492, 0.8557723760604858, -0.5172789096832275, 0.02916482277214527, 0.5168601274490356, 0.8555728197097778),
            ["LeftLowerArm"] = CFrame.new(4.172325134277344e-07, 7.152557373046875e-07, -4.76837158203125e-07, 1, -6.332994928470725e-08, 7.450583439094771e-08, 8.195640788244418e-08, 0.7015566825866699, -0.7126137614250183, 1.4901164746561335e-08, 0.7126137018203735, 0.7015566229820251),
            ["LowerTorso"] = CFrame.new(0.008495758287608624, -0.2580101490020752, -0.11054833978414536, 0.7999133467674255, 0.04260646924376488, -0.5986011624336243, -0.0798783153295517, 0.9961602091789246, -0.035838328301906586, 0.5947756767272949, 0.07648281008005142, 0.8002451658248901),
            ["Head"] = CFrame.new(-2.9802322387695312e-08, -3.5762786865234375e-07, -1.1874362826347351e-08, 0.990041971206665, -0.13569459319114685, -0.03746902570128441, 0.12689518928527832, 0.9754859805107117, -0.17979080975055695, 0.06094684824347496, 0.17324581742286682, 0.982991099357605),
            ["RightUpperArm"] = CFrame.new(2.384185791015625e-07, -1.1920928955078125e-07, 7.753260433673859e-08, 0.5185741782188416, -0.24567988514900208, 0.8189763426780701, 0.8111994862556458, -0.1613783836364746, -0.5620609521865845, 0.2702520489692688, 0.9558234214782715, 0.11560851335525513),
            ["UpperTorso"] = CFrame.new(-5.21540641784668e-08, 4.172325134277344e-07, -2.2351741790771484e-08, 0.9694374799728394, -0.1436290293931961, 0.1989014595746994, 0.12791851162910461, 0.987713634967804, 0.08977005630731583, -0.2093512862920761, -0.06158324331045151, 0.975899338722229),
            ["HumanoidRootPart"] = CFrame.new(0, 0, 0, 1, 0, 0, 0, 1, 0, 0, 0, 1),
            ["RightHand"] = CFrame.new(3.2782554626464844e-07, -4.76837158203125e-07, 1.6391277313232422e-07, 0.950592041015625, -0.11682116985321045, 0.2876240611076355, 0.15572117269039154, 0.9809381365776062, -0.11623825877904892, -0.2685622274875641, 0.15528422594070435, 0.9506635665893555),
            ["LeftUpperArm"] = CFrame.new(-1.1920928955078125e-07, -1.1920928955078125e-07, 3.282912075519562e-08, 0.19494101405143738, 0.8859360218048096, 0.42085081338882446, -0.6511964797973633, 0.43777212500572205, -0.6199184656143188, -0.7334448099136353, -0.15320932865142822, 0.662257969379425),
            ["RightLowerArm"] = CFrame.new(-6.556510925292969e-07, -6.556510925292969e-07, -4.0978193283081055e-08, 1, 0, 5.308540096393699e-08, 4.4703494239684005e-08, 0.8353595733642578, -0.5497039556503296, 1.4901164746561335e-08, 0.5497039556503296, 0.8353595733642578),
            ["LeftHand"] = CFrame.new(-5.960464477539063e-08, 2.384185791015625e-07, -4.76837158203125e-07, 0.9029361009597778, 0.13224823772907257, -0.4089215099811554, -0.17731910943984985, 0.9813554286956787, -0.07415933161973953, 0.3914898633956909, 0.13947075605392456, 0.9095513224601746),
            ["RightUpperLeg"] = CFrame.new(1.1920928955078125e-07, -1.862645149230957e-09, -1.6596459317952394e-08, 0.951974093914032, 0.11729086935520172, 0.28282201290130615, 0.12273340672254562, 0.7000689506530762, -0.7034485340118408, -0.28050312399864197, 0.7043765783309937, 0.6520520448684692),
            ["LeftUpperLeg"] = CFrame.new(0, 2.2351741790771484e-07, 4.470348358154297e-08, 0.8690392374992371, 0.16249558329582214, 0.46729668974876404, 0.029260512441396713, 0.9259889721870422, -0.3764154016971588, -0.4938772916793823, 0.3407928943634033, 0.7999657988548279),
            ["RightLowerLeg"] = CFrame.new(1.4901161193847656e-07, -0.0000035762786865234375, -0.000013156030036043376, 1, -7.450580596923828e-08, -1.3224780559539795e-07, 1.825392246246338e-07, 0.34387341141700745, 0.9390161633491516, -1.6391277313232422e-07, -0.9390160441398621, 0.34387314319610596),
            ["RightFoot"] = CFrame.new(5.4016709327697754e-08, 2.384185791015625e-07, 6.875052349641919e-08, 0.9986023306846619, 0.04657449573278427, -0.02498406358063221, -0.05200709402561188, 0.9501217603683472, -0.30751264095306396, 0.009415749460458755, 0.308382123708725, 0.9512160420417786),
            ["LeftLowerLeg"] = CFrame.new(-1.4901161193847656e-08, 0.000004112720489501953, 0.000013306736946105957, 1, 9.685756907629184e-08, 2.2351738238057806e-08, -8.195637946073475e-08, 0.5401906371116638, 0.8415429592132568, -1.4901159417490817e-08, -0.8415427207946777, 0.5401902198791504),
        }},
        {Time = 0.152, Data = {
            ["LeftFoot"] = CFrame.new(4.889443516731262e-08, 5.960464477539063e-08, 2.60770320892334e-08, 0.999564528465271, -0.02118552289903164, -0.02054450660943985, 0.007180992513895035, 0.8498449921607971, -0.5269837379455566, 0.028623973950743675, 0.5266066789627075, 0.8496270775794983),
            ["LeftLowerArm"] = CFrame.new(6.258487701416016e-07, 6.556510925292969e-07, 5.960464477539063e-08, 1, -7.450583261459087e-09, 5.960465898624534e-08, 7.450583439094771e-08, 0.6822420954704285, -0.7311263680458069, 1.1175875158642157e-07, 0.7311264276504517, 0.6822420954704285),
            ["LowerTorso"] = CFrame.new(0.013653772883117199, -0.2600393295288086, -0.11968822777271271, 0.8145512342453003, 0.04531951993703842, -0.57831871509552, -0.0631057471036911, 0.9979497194290161, -0.010679690167307854, 0.5766489505767822, 0.04519438371062279, 0.8157410621643066),
            ["Head"] = CFrame.new(-2.421438694000244e-08, -4.76837158203125e-07, -1.7695128917694092e-08, 0.9885454773902893, -0.14410310983657837, -0.04485836997628212, 0.1352006494998932, 0.9776303172111511, -0.16112026572227478, 0.06707274913787842, 0.15320985019207, 0.9859147667884827),
            ["RightUpperArm"] = CFrame.new(1.1920928955078125e-07, 1.1920928955078125e-07, 1.1548399925231934e-07, 0.5078836679458618, -0.36198991537094116, 0.7816760540008545, 0.7727676033973694, -0.20950284600257874, -0.599115252494812, 0.38063696026802063, 0.9083347320556641, 0.1733309030532837),
            ["UpperTorso"] = CFrame.new(-5.21540641784668e-08, 3.5762786865234375e-07, -1.4901161193847656e-08, 0.9764232039451599, -0.1089869812130928, 0.18633192777633667, 0.10365735739469528, 0.9938816428184509, 0.03814004734158516, -0.18934854865074158, -0.01792614534497261, 0.9817463159561157),
            ["HumanoidRootPart"] = CFrame.new(0, 0, 0, 1, 0, 0, 0, 1, 0, 0, 0, 1),
            ["RightHand"] = CFrame.new(2.682209014892578e-07, -2.980232238769531e-07, 3.725290298461914e-07, 0.9357175230979919, -0.13366946578025818, 0.32644346356391907, 0.17778928577899933, 0.977996289730072, -0.1091528907418251, -0.304670125246048, 0.16017436981201172, 0.9388931393623352),
            ["LeftUpperArm"] = CFrame.new(1.1920928955078125e-07, 1.1920928955078125e-07, -1.862645149230957e-08, 0.12604281306266785, 0.8958010077476501, 0.4262087047100067, -0.5839883685112, 0.4143036901950836, -0.6980760097503662, -0.8019169569015503, -0.1609136015176773, 0.5753573179244995),
            ["RightLowerArm"] = CFrame.new(-2.086162567138672e-07, -1.7881393432617188e-07, -4.4517219066619873e-07, 1, -6.705523958316917e-08, 3.539026494081554e-08, 4.4703494239684005e-08, 0.8259040117263794, -0.5638107657432556, -1.4901164746561335e-08, 0.5638107061386108, 0.8259040117263794),
            ["LeftHand"] = CFrame.new(-3.5762786865234375e-07, 2.980232238769531e-07, -2.980232238769531e-07, 0.8686255216598511, 0.13473741710186005, -0.4767972230911255, -0.19362270832061768, 0.9781015515327454, -0.07633983343839645, 0.45607027411460876, 0.15862952172756195, 0.8756921291351318),
            ["RightUpperLeg"] = CFrame.new(-5.960464477539063e-08, 9.872019290924072e-08, 8.398637874051929e-08, 0.9352189898490906, 0.1470651626586914, 0.32208317518234253, 0.13014912605285645, 0.7031897902488708, -0.6989888548851013, -0.32928213477134705, 0.695626437664032, 0.6384958624839783),
            ["LeftUpperLeg"] = CFrame.new(8.940696716308594e-08, 5.699694156646729e-07, -4.0978193283081055e-08, 0.8807859420776367, 0.1739717721939087, 0.44039759039878845, 0.029410434886813164, 0.9081658720970154, -0.4175761044025421, -0.47260043025016785, 0.38074734807014465, 0.7947830557823181),
            ["RightLowerLeg"] = CFrame.new(-4.470348358154297e-08, -0.000003814697265625, -0.000013103875971864909, 1, -1.5646223516796454e-07, -1.4901161193847656e-08, 1.8998984785412176e-07, 0.41983985900878906, 0.9075982570648193, -7.823111758398227e-08, -0.9075983166694641, 0.4198397696018219),
            ["RightFoot"] = CFrame.new(8.568167686462402e-08, 4.172325134277344e-07, 4.639878170564771e-08, 0.9938785433769226, 0.11038247495889664, 0.004619517829269171, -0.10396724939346313, 0.9486240744590759, -0.29883643984794617, -0.037368834018707275, 0.29652684926986694, 0.9542931914329529),
            ["LeftLowerLeg"] = CFrame.new(-1.210719347000122e-07, 0.0000036954879760742188, 0.0000134296715259552, 1, 1.30385160446167e-08, 9.033830394855613e-08, -6.519257311765614e-08, 0.5191125869750977, 0.8547059297561646, 8.00937343115038e-08, -0.8547058701515198, 0.5191125273704529),
        }},
        {Time = 0.182, Data = {
            ["LeftFoot"] = CFrame.new(-1.6298145055770874e-08, 0, 0, 0.9995644092559814, -0.021203311160206795, -0.020532140508294106, 0.0068212468177080154, 0.8427651524543762, -0.5382384061813354, 0.028716178610920906, 0.5378637313842773, 0.8425424695014954),
            ["LeftLowerArm"] = CFrame.new(3.5762786865234375e-07, -1.7881393432617188e-07, -2.5331974029541016e-07, 1, -8.940695295223122e-08, 7.450583439094771e-08, 5.960465188081798e-08, 0.661942183971405, -0.7495549321174622, 6.705523247774181e-08, 0.7495549321174622, 0.6619422435760498),
            ["LowerTorso"] = CFrame.new(0.021241452544927597, -0.2646012306213379, -0.13081234693527222, 0.830228865146637, 0.0437205545604229, -0.5557054877281189, -0.048161160200834274, 0.9988176226615906, 0.006629541050642729, 0.5553382635116577, 0.021259384229779243, 0.8313527703285217),
            ["Head"] = CFrame.new(-2.2351741790771484e-08, -5.960464477539062e-07, -7.683411240577698e-09, 0.9865943193435669, -0.1543276458978653, -0.05305390805006027, 0.14519639313220978, 0.9785226583480835, -0.1463264524936676, 0.07449637353420258, 0.13666167855262756, 0.9878126382827759),
            ["RightUpperArm"] = CFrame.new(1.1920928955078125e-07, 0, 1.30385160446167e-08, 0.49774622917175293, -0.4708368480205536, 0.7283963561058044, 0.7211085557937622, -0.24198772013187408, -0.6491876244544983, 0.4819243252277374, 0.8483836054801941, 0.21907581388950348),
            ["UpperTorso"] = CFrame.new(-5.587935447692871e-08, 2.9802322387695312e-08, -2.514570951461792e-08, 0.982507050037384, -0.07622704654932022, 0.16991010308265686, 0.07754238694906235, 0.9969884753227234, -0.0011090256739407778, -0.16931386291980743, 0.014264858327805996, 0.9854589700698853),
            ["HumanoidRootPart"] = CFrame.new(0, 0, 0, 1, 0, 0, 0, 1, 0, 0, 0, 1),
            ["RightHand"] = CFrame.new(-5.662441253662109e-07, -5.960464477539062e-07, 4.1117891669273376e-07, 0.9139860272407532, -0.1491086781024933, 0.37735429406166077, 0.19895318150520325, 0.9752442240715027, -0.09652186185121536, -0.35362038016319275, 0.1632954478263855, 0.9210252165794373),
            ["LeftUpperArm"] = CFrame.new(1.7881393432617188e-07, -1.1920928955078125e-07, -1.3969838619232178e-08, 0.07570123672485352, 0.9058972001075745, 0.41667690873146057, -0.5181763172149658, 0.39276009798049927, -0.759758472442627, -0.8519171476364136, -0.15839767456054688, 0.4991466701030731),
            ["RightLowerArm"] = CFrame.new(4.172325134277344e-07, -0.0000013113021850585938, -0.0000013113021850585938, 1, -2.9802322387695312e-08, 4.842878098543224e-08, 8.940698847936801e-08, 0.8177312016487122, -0.5756002068519592, -2.980232949312267e-08, 0.575600266456604, 0.8177312612533569),
            ["LeftHand"] = CFrame.new(-1.7881393432617188e-07, 2.980232238769531e-07, -8.940696716308594e-08, 0.8439217805862427, 0.13793621957302094, -0.5184299945831299, -0.20447292923927307, 0.9761364459991455, -0.07313350588083267, 0.49597060680389404, 0.16772378981113434, 0.8519870042800903),
            ["RightUpperLeg"] = CFrame.new(-8.940696716308594e-08, -9.543728083372116e-07, 3.892637323588133e-09, 0.9185321927070618, 0.18982230126857758, 0.3467941880226135, 0.11689573526382446, 0.7075662612915039, -0.6969108581542969, -0.3776693344116211, 0.6806742548942566, 0.6277333498001099),
            ["LeftUpperLeg"] = CFrame.new(5.960464477539063e-08, 8.381903171539307e-09, -7.450580596923828e-09, 0.893778383731842, 0.1826866716146469, 0.40961676836013794, 0.024840528145432472, 0.8917206525802612, -0.4519038796424866, -0.44782066345214844, 0.4140770733356476, 0.7924625873565674),
            ["RightLowerLeg"] = CFrame.new(1.043081283569336e-07, -0.0000037550926208496094, -0.00001304799661738798, 1, -1.4482063193099748e-07, -8.195645762043569e-08, 1.1548399925231934e-07, 0.45977139472961426, 0.8880370259284973, -7.82310962677002e-08, -0.8880372643470764, 0.45977190136909485),
            ["RightFoot"] = CFrame.new(1.862645149230957e-08, 4.172325134277344e-07, -2.0656443666666746e-08, 0.9971763491630554, 0.07411520183086395, -0.012098543345928192, -0.07435247302055359, 0.9517961740493774, -0.2975829839706421, -0.010539845563471317, 0.29764264822006226, 0.9546193480491638),
            ["LeftLowerLeg"] = CFrame.new(-2.9802322387695312e-08, 0.000004112720489501953, 0.000013284385204315186, 1, 6.519258732851085e-08, 6.053594603372403e-08, -7.82310962677002e-08, 0.4951838552951813, 0.8687883615493774, 6.612390279769897e-08, -0.8687883019447327, 0.4951835572719574),
        }},
        {Time = 0.212, Data = {
            ["LeftFoot"] = CFrame.new(1.955777406692505e-08, 1.1920928955078125e-07, 0, 0.9995408654212952, -0.022368015721440315, -0.020442042499780655, 0.007292254362255335, 0.8323488831520081, -0.5542042851448059, 0.02941126935184002, 0.5538005232810974, 0.832129716873169),
            ["LeftLowerArm"] = CFrame.new(-8.940696716308594e-08, 5.960464477539063e-08, -2.682209014892578e-07, 1, -8.940698847936801e-08, 4.4703494239684005e-08, 5.960465188081798e-08, 0.6409316658973694, -0.7675979733467102, 4.4703490686970326e-08, 0.7675979733467102, 0.6409316658973694),
            ["LowerTorso"] = CFrame.new(0.03044193796813488, -0.2745053768157959, -0.1430484652519226, 0.8475737571716309, 0.03494289517402649, -0.5295259356498718, -0.03114711306989193, 0.9993852376937866, 0.016093526035547256, 0.5297627449035645, 0.0028527507092803717, 0.848141074180603),
            ["Head"] = CFrame.new(-3.5390257835388184e-08, -5.960464477539062e-07, -1.5366822481155396e-08, 0.9843412637710571, -0.1646536886692047, -0.0629403367638588, 0.15472665429115295, 0.9781299233436584, -0.13900239765644073, 0.08445079624652863, 0.12708735466003418, 0.9882898926734924),
            ["RightUpperArm"] = CFrame.new(0, -5.960464477539062e-07, 5.21540641784668e-08, 0.48360350728034973, -0.5709674954414368, 0.6634181141853333, 0.6585333347320557, -0.26195093989372253, -0.7054896354675293, 0.5765947103500366, 0.7780603170394897, 0.24932070076465607),
            ["UpperTorso"] = CFrame.new(-5.960464477539063e-08, 1.4901161193847656e-07, -2.7939677238464355e-08, 0.9879574179649353, -0.0426630862057209, 0.14872829616069794, 0.047094762325286865, 0.9985414743423462, -0.026402171701192856, -0.14738500118255615, 0.03308854624629021, 0.9885255694389343),
            ["HumanoidRootPart"] = CFrame.new(0, 0, 0, 1, 0, 0, 0, 1, 0, 0, 0, 1),
            ["RightHand"] = CFrame.new(7.897615432739258e-07, -3.5762786865234375e-07, 2.4586915969848633e-07, 0.8981470465660095, -0.16141581535339355, 0.40899497270584106, 0.21295830607414246, 0.9734910130500793, -0.08345101028680801, -0.38468265533447266, 0.16205014288425446, 0.9087129235267639),
            ["LeftUpperArm"] = CFrame.new(1.7881393432617188e-07, -2.384185791015625e-07, -2.60770320892334e-08, 0.039046335965394974, 0.9173579812049866, 0.3961436152458191, -0.45963746309280396, 0.3685033917427063, -0.8080462217330933, -0.8872478604316711, -0.15053153038024902, 0.4360406696796417),
            ["RightLowerArm"] = CFrame.new(2.384185791015625e-07, -1.7881393432617188e-07, -6.109476089477539e-07, 1, -2.980233304583635e-08, 6.705525379402388e-08, 7.450584149637507e-08, 0.8107258677482605, -0.5854260325431824, -2.980233659855003e-08, 0.5854259729385376, 0.8107258081436157),
            ["LeftHand"] = CFrame.new(1.7881393432617188e-07, 2.384185791015625e-07, -2.8312206268310547e-07, 0.8284825086593628, 0.13990306854248047, -0.5422581434249878, -0.20846787095069885, 0.9757480025291443, -0.06676110625267029, 0.519767165184021, 0.1683538258075714, 0.837555468082428),
            ["RightUpperLeg"] = CFrame.new(0, -2.8189970180392265e-07, 1.673470251262188e-10, 0.9242851138114929, 0.19924843311309814, 0.32557201385498047, 0.09813287854194641, 0.700234591960907, -0.7071355581283569, -0.36887261271476746, 0.6855446696281433, 0.6276640295982361),
            ["LeftUpperLeg"] = CFrame.new(0, -5.007022991776466e-07, -5.587935447692871e-09, 0.9087693691253662, 0.1931079626083374, 0.3699292540550232, 0.012658245861530304, 0.8733206987380981, -0.4869813919067383, -0.4171066880226135, 0.4472362697124481, 0.7912026047706604),
            ["RightLowerLeg"] = CFrame.new(-7.450580596923828e-09, -0.0000036954879760742188, -0.00001330131635768339, 1, -1.629815074011276e-07, -7.078055119791316e-08, 9.685754776000977e-08, 0.45187368988990784, 0.8920819759368896, -8.195638656616211e-08, -0.8920819759368896, 0.451873779296875),
            ["RightFoot"] = CFrame.new(4.842877388000488e-08, 1.7881393432617188e-07, -2.8107024263590574e-08, 0.9978440403938293, 0.06334762275218964, -0.017162906005978584, -0.06554948538541794, 0.9488747119903564, -0.3087719678878784, -0.0032743834890425205, 0.30923140048980713, 0.9509813189506531),
            ["LeftLowerLeg"] = CFrame.new(-5.960464477539063e-08, 0.000004172325134277344, 0.000013422220945358276, 1, 1.4901162614933128e-07, 1.5832481992106295e-08, -9.313227167240257e-08, 0.45882079005241394, 0.8885288834571838, 1.0244549208948683e-08, -0.8885288834571838, 0.4588207006454468),
        }},
        {Time = 0.242, Data = {
            ["LeftFoot"] = CFrame.new(2.2351741790771484e-08, 5.960464477539063e-08, 1.4901161193847656e-08, 0.999504566192627, -0.024025211110711098, -0.0203339084982872, 0.008009279146790504, 0.818907618522644, -0.573869526386261, 0.030438998714089394, 0.573422372341156, 0.8186942934989929),
            ["LeftLowerArm"] = CFrame.new(-8.940696716308594e-08, 4.172325134277344e-07, 2.086162567138672e-07, 1, -5.960464477539063e-08, 5.960465188081798e-08, 5.960464477539063e-08, 0.6193705201148987, -0.7850988507270813, 6.705522537231445e-08, 0.7850988507270813, 0.6193705201148987),
            ["LowerTorso"] = CFrame.new(0.03982019051909447, -0.2886941432952881, -0.15581730008125305, 0.8653746247291565, 0.017305316403508186, -0.5008266568183899, -0.010166095569729805, 0.9998041391372681, 0.016980819404125214, 0.5010223984718323, -0.009603318758308887, 0.8653810620307922),
            ["Head"] = CFrame.new(-2.7008354663848877e-08, -1.1920928955078125e-07, 3.725290298461914e-09, 0.9819146394729614, -0.17442232370376587, -0.07362465560436249, 0.1629977971315384, 0.9766561985015869, -0.13990893959999084, 0.09630904346704483, 0.12537802755832672, 0.9874234199523926),
            ["RightUpperArm"] = CFrame.new(0, -2.384185791015625e-07, 1.564621925354004e-07, 0.45902398228645325, -0.6654900312423706, 0.5885744690895081, 0.5907397866249084, -0.2661898732185364, -0.7616887092590332, 0.6635687351226807, 0.6973278522491455, 0.2709437608718872),
            ["UpperTorso"] = CFrame.new(-5.4016709327697754e-08, 1.4901161193847656e-07, -2.421438694000244e-08, 0.9921159744262695, -0.006823544390499592, 0.1251373440027237, 0.011481420136988163, 0.9992663264274597, -0.0365387424826622, -0.12479616701602936, 0.03768742457032204, 0.9914663434028625),
            ["HumanoidRootPart"] = CFrame.new(0, 0, 0, 1, 0, 0, 0, 1, 0, 0, 0, 1),
            ["RightHand"] = CFrame.new(-5.21540641784668e-07, -5.960464477539062e-07, 2.337619662284851e-07, 0.8979370594024658, -0.17271269857883453, 0.404820054769516, 0.21950937807559967, 0.9729654788970947, -0.07179002463817596, -0.38147684931755066, 0.15332470834255219, 0.9115738868713379),
            ["LeftUpperArm"] = CFrame.new(1.1920928955078125e-07, 2.384185791015625e-07, -2.9802322387695312e-08, 0.01624617539346218, 0.9295476078987122, 0.36834409832954407, -0.40861597657203674, 0.34239786863327026, -0.8460477590560913, -0.91256183385849, -0.13676631450653076, 0.3853904902935028),
            ["RightLowerArm"] = CFrame.new(3.5762786865234375e-07, -0.0000013113021850585938, 2.8312206268310547e-07, 1, -4.4703494239684005e-08, -7.450582373280668e-09, 1.4901164746561335e-08, 0.804222047328949, -0.5943290591239929, 5.960465898624534e-08, 0.5943289995193481, 0.8042219877243042),
            ["LeftHand"] = CFrame.new(-4.172325134277344e-07, 2.384185791015625e-07, -5.140900611877441e-07, 0.819428563117981, 0.14054104685783386, -0.5556843876838684, -0.20784538984298706, 0.9763467311859131, -0.059561751782894135, 0.5341695547103882, 0.1643029749393463, 0.829257071018219),
            ["RightUpperLeg"] = CFrame.new(-1.4901161193847656e-07, 6.85686245560646e-08, 4.487083060666919e-08, 0.9405218362808228, 0.19262711703777313, 0.2798451781272888, 0.06789124011993408, 0.7005382180213928, -0.7103781700134277, -0.3328804671764374, 0.6871252655982971, 0.6457937359809875),
