return {
    ["Baseball Bill"] = {
        {Time = 0.000, Data = {
            ["LeftFoot"] = CFrame.new(-2.0116567611694336e-07, -2.384185791015625e-07, -1.6996636986732483e-07, 0.9726895689964294, -0.1214384064078331, 0.1978079378604889, 0.09467240422964096, 0.9856734275817871, 0.1395896077156067, -0.21192507445812225, -0.11705002933740616, 0.9702509045600891),
            ["LeftLowerArm"] = CFrame.new(-3.8743019104003906e-07, -0.0000026226043701171875, -2.980232238769531e-07, 1, 0.0000014901164604452788, 7.785858429087966e-07, 0.0000010468068012414733, -0.22951814532279968, -0.9733044505119324, -0.0000012367967201498686, 0.9733043909072876, -0.22951816022396088),
            ["LowerTorso"] = CFrame.new(-0.161462664604187, -0.33328700065612793, 0.20286542177200317, 0.9496598243713379, 0.15442198514938354, -0.27258041501045227, -0.09819398075342178, 0.9729533791542053, 0.20909246802330017, 0.297496497631073, -0.17180097103118896, 0.9391380548477173),
            ["Head"] = CFrame.new(1.7136335372924805e-07, -0.000001430511474609375, 4.917383193969727e-07, 0.9134581685066223, -0.0073484452441334724, 0.4068663418292999, 0.1281152069568634, 0.954186201095581, -0.2703985571861267, -0.386239230632782, 0.2991234064102173, 0.8725505471229553),
            ["RightUpperArm"] = CFrame.new(1.1920928955078125e-07, -0.0000020265579223632812, -2.682209014892578e-07, 0.0730038583278656, -0.7867593765258789, -0.6129276752471924, 0.5066404342651367, 0.55861896276474, -0.6567043662071228, 0.8590611219406128, -0.26259222626686096, 0.43938499689102173),
            ["UpperTorso"] = CFrame.new(-2.60770320892334e-08, -2.980232238769531e-07, 1.5832483768463135e-07, 0.9643742442131042, 0.011336074210703373, -0.26429927349090576, 0.09123628586530685, 0.9235309362411499, 0.37251365184783936, 0.2483110874891281, -0.3833564519882202, 0.8895951509475708),
            ["HumanoidRootPart"] = CFrame.new(0, 0, 0, 1, 0, 0, 0, 1, 0, 0, 0, 1),
            ["RightHand"] = CFrame.new(-2.980232238769531e-07, 0.0000011920928955078125, -2.086162567138672e-07, 0.5006037354469299, -0.4988463521003723, -0.7074944972991943, -0.09331054240465164, 0.7814174890518188, -0.6169925332069397, 0.8606329560279846, 0.3748853802680969, 0.34463292360305786),
            ["LeftUpperArm"] = CFrame.new(3.5762786865234375e-07, 2.384185791015625e-07, -3.5762786865234375e-07, 0.7149276733398438, 0.6930763125419617, -0.09232284128665924, -0.6736178398132324, 0.7181302905082703, 0.17472313344478607, 0.18739649653434753, -0.06272371113300323, 0.980279803276062),
            ["RightLowerArm"] = CFrame.new(0.0000010132789611816406, -9.5367431640625e-07, -6.258487701416016e-07, 1, -0.00000274926287602284, -7.22706033684517e-07, -0.000001952051206899341, -0.4489370882511139, -0.8935633897781372, 0.0000021904695586272283, 0.8935633897781372, -0.4489370584487915),
            ["LeftHand"] = CFrame.new(-3.8743019104003906e-07, 4.172325134277344e-07, 3.7997961044311523e-07, 0.862371027469635, -0.4240654408931732, 0.27655887603759766, 0.4565349519252777, 0.8874914646148682, -0.06272824108600616, -0.21884271502494812, 0.18035395443439484, 0.9589475393295288),
            ["RightUpperLeg"] = CFrame.new(0, 2.0489096641540527e-07, 5.75528247281909e-09, 0.9400570392608643, -0.3140275180339813, 0.13296380639076233, 0.32803165912628174, 0.7261248230934143, -0.6042664051055908, 0.09320966899394989, 0.6116612553596497, 0.785609781742096),
            ["LeftUpperLeg"] = CFrame.new(2.9802322387695312e-08, 6.705522537231445e-08, 1.0058283805847168e-07, 0.9761530160903931, 0.17007501423358917, 0.1349067986011505, 0.0486154779791832, 0.43439778685569763, -0.8994084596633911, -0.21157030761241913, 0.8845186233520508, 0.41576987504959106),
            ["RightLowerLeg"] = CFrame.new(-2.0489096641540527e-07, 5.364418029785156e-07, 7.620110409334302e-08, 1, -0.0000010207317018284812, -0.0000014603108411392896, 0.0000016763804069341859, 0.21960696578025818, 0.9755887389183044, -7.152556236178498e-07, -0.9755885004997253, 0.21960562467575073),
            ["RightFoot"] = CFrame.new(-2.0116567611694336e-07, 4.172325134277344e-07, -1.4731631381437182e-07, 0.9946041107177734, 0.05479595810174942, -0.08809565007686615, -0.08165276050567627, 0.9372726082801819, -0.33890286087989807, 0.06399664282798767, 0.34426379203796387, 0.9366878271102905),
            ["LeftLowerLeg"] = CFrame.new(1.0058283805847168e-07, -5.960464477539063e-08, 1.4901161193847656e-07, 1, 0.0000011225929483771324, -4.820758476853371e-07, -3.8463616647277377e-07, 0.6040837168693542, 0.7969208359718323, 0.0000011697410400302033, -0.796920895576477, 0.6040838360786438),
        }},
        {Time = 0.033, Data = {
            ["LeftFoot"] = CFrame.new(-1.9744038581848145e-07, -5.960464477539063e-08, -2.2910535335540771e-07, 0.9714625477790833, -0.13424351811408997, 0.19554969668388367, 0.10654322057962418, 0.983544647693634, 0.14590565860271454, -0.21191786229610443, -0.12090718001127243, 0.969779372215271),
            ["LeftLowerArm"] = CFrame.new(-5.066394805908203e-07, -0.0000036954879760742188, -4.172325134277344e-07, 1, 0.0000013709071708944975, 9.778889307199279e-07, 0.000001081731738850067, -0.07231210172176361, -0.9973821043968201, -0.0000012665992699112394, 0.9973820447921753, -0.07231201231479645),
            ["LowerTorso"] = CFrame.new(-0.14624300599098206, -0.3526194095611572, 0.22335824370384216, 0.9504603743553162, 0.15068677067756653, -0.27187982201576233, -0.08961682766675949, 0.970341682434082, 0.22451251745224, 0.2976473867893219, -0.18902523815631866, 0.9357753396034241),
            ["Head"] = CFrame.new(1.1920928955078125e-07, -0.0000017881393432617188, -1.6391277313232422e-07, 0.9231407046318054, 0.053763359785079956, 0.38068458437919617, 0.10081110149621964, 0.9216780066490173, -0.37462887167930603, -0.371009886264801, 0.3842122554779053, 0.8454185724258423),
            ["RightUpperArm"] = CFrame.new(4.76837158203125e-07, -0.0000020265579223632812, -2.3096799850463867e-07, -0.02499360591173172, -0.6897507905960083, -0.723615288734436, 0.4563928544521332, 0.6361327171325684, -0.6221263408660889, 0.8894273638725281, -0.3458022475242615, 0.29889774322509766),
            ["UpperTorso"] = CFrame.new(-9.313225746154785e-08, 2.9802322387695312e-08, 2.3469328880310059e-07, 0.9690042734146118, -0.01775474287569523, -0.24640528857707977, 0.11653724312782288, 0.9123163223266602, 0.39255303144454956, 0.2178298979997635, -0.4091012477874756, 0.8861075043678284),
            ["HumanoidRootPart"] = CFrame.new(0, 0, 0, 1, 0, 0, 0, 1, 0, 0, 0, 1),
            ["RightHand"] = CFrame.new(-5.662441253662109e-07, 0.0000015497207641601562, 2.9802322387695312e-08, 0.3389592468738556, -0.5497543215751648, -0.7634638547897339, -0.1743423193693161, 0.7607434988021851, -0.6251991987228394, 0.9245061278343201, 0.3450212776660919, 0.16201549768447876),
            ["LeftUpperArm"] = CFrame.new(3.5762786865234375e-07, 2.384185791015625e-07, -5.364418029785156e-07, 0.683769702911377, 0.704836905002594, -0.18884874880313873, -0.707307755947113, 0.703826367855072, 0.06591110676527023, 0.1793735772371292, 0.08850666880607605, 0.9797917604446411),
            ["RightLowerArm"] = CFrame.new(0.0000019669532775878906, -6.556510925292969e-07, -3.5762786865234375e-07, 1, -0.0000027120104277855717, -9.164215271084686e-07, -0.000001952051206899341, -0.3951117694377899, -0.9186331629753113, 0.0000021904695586272283, 0.9186330437660217, -0.3951117992401123),
            ["LeftHand"] = CFrame.new(0, 5.364418029785156e-07, 2.2351741790771484e-07, 0.9382794499397278, -0.23607365787029266, 0.2527864873409271, 0.28755396604537964, 0.9385638236999512, -0.19081613421440125, -0.1922096312046051, 0.2517285645008087, 0.9485190510749817),
            ["RightUpperLeg"] = CFrame.new(-1.1920928955078125e-07, 1.5273690223693848e-07, 8.026108844205737e-08, 0.9471696615219116, -0.29142385721206665, 0.13394701480865479, 0.3071190416812897, 0.703704833984375, -0.6406850218772888, 0.09245364367961884, 0.6479751467704773, 0.7560297250747681),
            ["LeftUpperLeg"] = CFrame.new(8.940696716308594e-08, 9.313225746154785e-10, 1.564621925354004e-07, 0.9759369492530823, 0.18702347576618195, 0.11211249977350235, 0.03105289675295353, 0.3897073268890381, -0.9204151034355164, -0.21583051979541779, 0.901748538017273, 0.3745221197605133),
            ["RightLowerLeg"] = CFrame.new(-1.9185245037078857e-07, 8.940696716308594e-07, 7.992639439180493e-08, 1, -8.56818076044874e-07, -0.0000012963987501279917, 0.0000014901166878189542, 0.17835833132266998, 0.9839657545089722, -6.407501587091247e-07, -0.9839656352996826, 0.17835725843906403),
            ["RightFoot"] = CFrame.new(-2.0116567611694336e-07, 2.980232238769531e-07, -1.1751399142667651e-07, 0.9944777488708496, 0.04761333763599396, -0.09353011846542358, -0.07727468758821487, 0.9352024793624878, -0.3455820381641388, 0.07101260870695114, 0.3508981168270111, 0.9337158203125),
            ["LeftLowerLeg"] = CFrame.new(1.4901161193847656e-08, 0, 2.1606683731079102e-07, 1, 0.0000012351661098364275, -3.947642994717171e-07, -4.386529326438904e-07, 0.581096351146698, 0.8138347864151001, 0.0000012293457984924316, -0.8138348460197449, 0.5810964107513428),
        }},
        {Time = 0.067, Data = {
            ["LeftFoot"] = CFrame.new(-2.1606683731079102e-07, -5.960464477539063e-08, -1.9371509552001953e-07, 0.9697122573852539, -0.15269868075847626, 0.19063495099544525, 0.12263526022434235, 0.9793623685836792, 0.16065464913845062, -0.21123173832893372, -0.13240988552570343, 0.9684257507324219),
            ["LeftLowerArm"] = CFrame.new(4.172325134277344e-07, -0.0000026226043701171875, 3.5762786865234375e-07, 1, 0.0000011771919616876403, 0.000001154141386905394, 0.0000010672961252566893, 0.05535813793540001, -0.9984665513038635, -0.0000012964015922989347, 0.9984666109085083, 0.05535811185836792),
            ["LowerTorso"] = CFrame.new(-0.12224813550710678, -0.37085580825805664, 0.24906393885612488, 0.9516403079032898, 0.14723365008831024, -0.26963499188423157, -0.07884896546602249, 0.9653320908546448, 0.2488309144973755, 0.29692354798316956, -0.21553705632686615, 0.9302582144737244),
            ["Head"] = CFrame.new(1.9371509552001953e-07, -0.0000013113021850585938, 7.450580596923828e-09, 0.9322723150253296, 0.12091801315546036, 0.3409503698348999, 0.06853489577770233, 0.8663805723190308, -0.49465909600257874, -0.35520604252815247, 0.48452410101890564, 0.7994155287742615),
            ["RightUpperArm"] = CFrame.new(3.5762786865234375e-07, -0.0000021457672119140625, -1.341104507446289e-07, -0.11508012562990189, -0.615656316280365, -0.7795664072036743, 0.42730215191841125, 0.6777819395065308, -0.5983516573905945, 0.8967549204826355, -0.4019690155982971, 0.18507175147533417),
            ["UpperTorso"] = CFrame.new(0, -7.450580596923828e-07, 3.5390257835388184e-08, 0.9717342853546143, -0.050942376255989075, -0.2305155098438263, 0.14546623826026917, 0.898254930973053, 0.414702445268631, 0.18593579530715942, -0.43651247024536133, 0.8802753686904907),
            ["HumanoidRootPart"] = CFrame.new(0, 0, 0, 1, 0, 0, 0, 1, 0, 0, 0, 1),
            ["RightHand"] = CFrame.new(-4.3213367462158203e-07, 0.0000013709068298339844, -2.682209014892578e-07, 0.15810436010360718, -0.5385262370109558, -0.8276427984237671, -0.27113014459609985, 0.7822912335395813, -0.5608109831809998, 0.9494690895080566, 0.3130655884742737, -0.022327186539769173),
            ["LeftUpperArm"] = CFrame.new(5.960464477539062e-07, 1.1920928955078125e-07, -5.066394805908203e-07, 0.6536992788314819, 0.7178486585617065, -0.23952136933803558, -0.7433754801750183, 0.6683817505836487, -0.025663817301392555, 0.1416691541671753, 0.19483134150505066, 0.9705519080162048),
            ["RightLowerArm"] = CFrame.new(0.000003039836883544922, -8.344650268554688e-07, -8.195638656616211e-07, 1, -0.000002615152880025562, -0.0000012703241054623504, -0.0000019296994651085697, -0.2758799195289612, -0.9611921906471252, 0.000002246348913104157, 0.9611921310424805, -0.27588003873825073),
            ["LeftHand"] = CFrame.new(-7.748603820800781e-07, 1.7881393432617188e-07, 0, 0.9707064032554626, -0.10308914631605148, 0.2170296460390091, 0.16202063858509064, 0.9478580951690674, -0.274434894323349, -0.17742209136486053, 0.3015590310096741, 0.9367944002151489),
            ["RightUpperLeg"] = CFrame.new(5.960464477539063e-08, -3.0174851417541504e-07, -1.0600342648103833e-07, 0.9568700194358826, -0.2600730061531067, 0.12946784496307373, 0.27586764097213745, 0.6736827492713928, -0.6856006979942322, 0.09108756482601166, 0.6917467713356018, 0.7163727283477783),
            ["LeftUpperLeg"] = CFrame.new(2.9802322387695312e-08, -2.384185791015625e-07, 1.1920928955078125e-07, 0.9747204780578613, 0.2075500339269638, 0.0827227309346199, 0.00804971158504486, 0.3373817205429077, -0.9413337111473083, -0.2232830822467804, 0.9182028770446777, 0.32718172669410706),
            ["RightLowerLeg"] = CFrame.new(-1.7881393432617188e-07, 7.152557373046875e-07, 1.9913568394258618e-07, 1, -9.164232892544533e-07, -0.0000013709037602893659, 0.000001534819830339984, 0.1361776739358902, 0.9906846284866333, -7.003546329542587e-07, -0.990684449672699, 0.1361764818429947),
            ["RightFoot"] = CFrame.new(-2.2351741790771484e-07, 4.172325134277344e-07, -1.1751399142667651e-07, 0.9941259026527405, 0.037763893604278564, -0.10143188387155533, -0.07086872309446335, 0.935431718826294, -0.3463349938392639, 0.08180132508277893, 0.35148483514785767, 0.9326112270355225),
            ["LeftLowerLeg"] = CFrame.new(2.086162567138672e-07, 1.1920928955078125e-07, 1.9371509552001953e-07, 1, 0.0000012677627410084824, -3.6717386819873354e-07, -4.528266686065763e-07, 0.5660926103591919, 0.8243414759635925, 0.0000012405221241351683, -0.8243415951728821, 0.566092848777771),
        }},
        {Time = 0.100, Data = {
            ["LeftFoot"] = CFrame.new(-1.4901161193847656e-07, -2.384185791015625e-07, -1.8719583749771118e-07, 0.9692083597183228, -0.164653018116951, 0.18309788405895233, 0.1316600739955902, 0.974865198135376, 0.17973165214061737, -0.20808851718902588, -0.15009087324142456, 0.9665255546569824),
            ["LeftLowerArm"] = CFrame.new(-1.1920928955078125e-07, -0.0000029206275939941406, 5.364418029785156e-07, 1, 0.0000010579828995105345, 0.0000013150275890438934, 0.0000011026866104657529, 0.17042769491672516, -0.9853702187538147, -0.0000012665994972849148, 0.9853702783584595, 0.17042748630046844),
            ["LowerTorso"] = CFrame.new(-0.10675428062677383, -0.39841580390930176, 0.2841174006462097, 0.952560544013977, 0.1444408893585205, -0.2678905129432678, -0.06903792917728424, 0.9598103761672974, 0.2720254957675934, 0.29641568660736084, -0.24062614142894745, 0.9242492914199829),
            ["Head"] = CFrame.new(4.470348358154297e-08, -0.0000011920928955078125, 3.725290298461914e-08, 0.9388752579689026, 0.17710475623607635, 0.2952069938182831, 0.03730948269367218, 0.8001201152801514, -0.598678469657898, -0.34222978353500366, 0.5730983018875122, 0.744605302810669),
            ["RightUpperArm"] = CFrame.new(0, -0.0000020265579223632812, 2.384185791015625e-07, 0.019668977707624435, -0.5634812116622925, -0.8258947730064392, 0.4717201590538025, 0.7335619926452637, -0.4892517328262329, 0.881528913974762, -0.37996813654899597, 0.2802334129810333),
            ["UpperTorso"] = CFrame.new(1.862645149230957e-08, -8.344650268554688e-07, 1.695007085800171e-07, 0.9726594090461731, -0.08373592793941498, -0.21661505103111267, 0.17298482358455658, 0.8835625052452087, 0.4351935386657715, 0.15495187044143677, -0.4607664942741394, 0.8738904595375061),
            ["HumanoidRootPart"] = CFrame.new(0, 0, 0, 1, 0, 0, 0, 1, 0, 0, 0, 1),
            ["RightHand"] = CFrame.new(-4.172325134277344e-07, 0.0000014901161193847656, -2.384185791015625e-07, 0.11997749656438828, -0.508781909942627, -0.8524942994117737, -0.34996888041496277, 0.7818987965583801, -0.5159029960632324, 0.9290463924407959, 0.36024338006973267, -0.08424777537584305),
            ["LeftUpperArm"] = CFrame.new(2.384185791015625e-07, -1.1920928955078125e-07, -4.470348358154297e-07, 0.6480168700218201, 0.7212143540382385, -0.24479325115680695, -0.7592064738273621, 0.6372829079627991, -0.13219711184501648, 0.06066024303436279, 0.27151498198509216, 0.96052086353302),
            ["RightLowerArm"] = CFrame.new(0.0000016689300537109375, -0.0000013709068298339844, -3.427267074584961e-07, 1, -0.0000024288890472234925, -0.0000016093256363092223, -0.0000019669532775878906, -0.15901918709278107, -0.9872754812240601, 0.0000021792948246002197, 0.9872755408287048, -0.15901918709278107),
            ["LeftHand"] = CFrame.new(-5.066394805908203e-07, 2.980232238769531e-07, 3.427267074584961e-07, 0.9692973494529724, -0.12648385763168335, 0.2108660191297531, 0.17569899559020996, 0.9562095403671265, -0.23407967388629913, -0.17202480137348175, 0.26394179463386536, 0.9490744471549988),
            ["RightUpperLeg"] = CFrame.new(0, 7.82310962677002e-08, 5.045876605436206e-08, 0.9640009999275208, -0.23220683634281158, 0.1295451521873474, 0.2502407431602478, 0.6275691390037537, -0.7372488379478455, 0.08989755809307098, 0.7431265115737915, 0.6630853414535522),
            ["LeftUpperLeg"] = CFrame.new(0, -1.9371509552001953e-07, 1.1920928955078125e-07, 0.9722951054573059, 0.22663573920726776, 0.057258155196905136, -0.00700661726295948, 0.27309349179267883, -0.9619620442390442, -0.2336519956588745, 0.9349097609519958, 0.26711538434028625),
            ["RightLowerLeg"] = CFrame.new(-1.4062970876693726e-07, 8.940696716308594e-07, 1.3953103916719556e-07, 1, -0.0000012740516694975668, -0.0000016391239796575974, 0.0000017434350638723117, 0.0778847187757492, 0.9969624280929565, -8.791681125330797e-07, -0.9969623684883118, 0.07788355648517609),
            ["RightFoot"] = CFrame.new(-2.384185791015625e-07, 4.172325134277344e-07, -2.516244421713054e-07, 0.9937826991081238, 0.03135004639625549, -0.10683606564998627, -0.06708665937185287, 0.9343920350074768, -0.3498765826225281, 0.08885560184717178, 0.3548644483089447, 0.9306839108467102),
            ["LeftLowerLeg"] = CFrame.new(1.0058283805847168e-07, 0, 1.4901161193847656e-07, 1, 7.599592208862305e-07, -6.118787609921128e-07, -3.073364496231079e-08, 0.5455591082572937, 0.8380724787712097, 9.872019290924072e-07, -0.8380723595619202, 0.5455589294433594),
        }},
        {Time = 0.133, Data = {
            ["LeftFoot"] = CFrame.new(-2.4586915969848633e-07, 0, -2.3469328880310059e-07, 0.969939112663269, -0.17318536341190338, 0.17095434665679932, 0.13510125875473022, 0.9675270318984985, 0.21363341808319092, -0.20240052044391632, -0.1841152161359787, 0.9618396162986755),
            ["LeftLowerArm"] = CFrame.new(-2.384185791015625e-07, -0.0000033974647521972656, -4.172325134277344e-07, 1, 9.387734962729155e-07, 0.0000014081600738791167, 0.0000010617084171826718, 0.3186350464820862, -0.9478775262832642, -0.0000012665994972849148, 0.9478775858879089, 0.31863507628440857),
            ["LowerTorso"] = CFrame.new(-0.09222026914358139, -0.4251530170440674, 0.3303159475326538, 0.9526557922363281, 0.14276368916034698, -0.2684501111507416, -0.06305617839097977, 0.956482470035553, 0.2848951518535614, 0.2974405288696289, -0.2544795870780945, 0.9202007055282593),
            ["Head"] = CFrame.new(1.6391277313232422e-07, -0.0000011920928955078125, 1.862645149230957e-07, 0.942522406578064, 0.21193863451480865, 0.2583281993865967, 0.01476631872355938, 0.7459332346916199, -0.6658571362495422, -0.3338164687156677, 0.6313998699188232, 0.6999291777610779),
            ["RightUpperArm"] = CFrame.new(2.384185791015625e-07, -0.0000016689300537109375, 3.8743019104003906e-07, 0.32254260778427124, -0.5412245988845825, -0.7765581011772156, 0.5306987762451172, 0.7827309370040894, -0.32510215044021606, 0.7837889790534973, -0.3072592616081238, 0.5396909117698669),
            ["UpperTorso"] = CFrame.new(2.2351741790771484e-08, -3.8743019104003906e-07, -1.862645149230957e-09, 0.9727573990821838, -0.11154947429895401, -0.20322337746620178, 0.19410103559494019, 0.8712269067764282, 0.4508754014968872, 0.12675870954990387, -0.47803813219070435, 0.8691442012786865),
            ["HumanoidRootPart"] = CFrame.new(0, 0, 0, 1, 0, 0, 0, 1, 0, 0, 0, 1),
            ["RightHand"] = CFrame.new(-0.000001430511474609375, 0.0000013113021850585938, -2.60770320892334e-07, 0.21612855792045593, -0.5294988751411438, -0.820316731929779, -0.4024083912372589, 0.71718829870224, -0.5689538717269897, 0.8895818591117859, 0.4530695080757141, -0.05806997790932655),
            ["LeftUpperArm"] = CFrame.new(5.960464477539062e-07, 2.384185791015625e-07, -3.2782554626464844e-07, 0.6511530876159668, 0.7223336100578308, -0.23288099467754364, -0.7577601075172424, 0.6016218066215515, -0.2526872754096985, -0.04241816699504852, 0.34100666642189026, 0.9391035437583923),
            ["RightLowerArm"] = CFrame.new(0.0000011920928955078125, -7.152557373046875e-07, -4.246830940246582e-07, 1, -0.0000022100284695625305, -0.0000018458817976352293, -0.0000019818546661554137, -0.03424404188990593, -0.9994135499000549, 0.0000021625312456308166, 0.9994135499000549, -0.03424398973584175),
            ["LeftHand"] = CFrame.new(5.960464477539063e-08, 4.76837158203125e-07, 1.4901161193847656e-07, 0.953445315361023, -0.21383818984031677, 0.21263891458511353, 0.25171342492103577, 0.9526403546333313, -0.17063678801059723, -0.1660798192024231, 0.21621698141098022, 0.9621163606643677),
            ["RightUpperLeg"] = CFrame.new(0, -3.725290298461914e-09, 1.3205863069742918e-08, 0.9704702496528625, -0.20260313153266907, 0.13091833889484406, 0.22644518315792084, 0.5781487822532654, -0.7838786244392395, 0.08312787115573883, 0.7903770804405212, 0.6069552898406982),
            ["LeftUpperLeg"] = CFrame.new(5.960464477539063e-08, 4.0978193283081055e-08, 1.4901161193847656e-07, 0.9683278203010559, 0.2462409883737564, 0.0413116030395031, -0.015793712809681892, 0.22553320229053497, -0.974107563495636, -0.2491825968027115, 0.942602813243866, 0.22227878868579865),
            ["RightLowerLeg"] = CFrame.new(-1.471489667892456e-07, 7.152557373046875e-07, 7.992639439180493e-08, 1, -0.000001251700041393633, -0.0000017285314015680342, 0.0000018179418930230895, 0.018129024654626846, 0.9998356699943542, -0.000001199543589791574, -0.9998356699943542, 0.01812826655805111),
            ["RightFoot"] = CFrame.new(-1.9744038581848145e-07, 4.76837158203125e-07, -1.4731631381437182e-07, 0.9928877949714661, 0.01727019064128399, -0.11779846996068954, -0.058594606816768646, 0.9321759343147278, -0.3572353720664978, 0.10363692790269852, 0.361593633890152, 0.9265562891960144),
            ["LeftLowerLeg"] = CFrame.new(8.195638656616211e-08, -1.1920928955078125e-07, 1.4156103134155273e-07, 1, 0.0000012181698139102082, -3.874300489314919e-07, -4.2002633904303366e-07, 0.5441843271255493, 0.8389655947685242, 0.0000012069936019543093, -0.838965654373169, 0.5441844463348389),
        }},
        {Time = 0.167, Data = {
            ["LeftFoot"] = CFrame.new(-2.644956111907959e-07, -1.1920928955078125e-07, -2.1606683731079102e-07, 0.9810288548469543, -0.08543889224529266, 0.17401954531669617, 0.09237204492092133, 0.9952062368392944, -0.03212479501962662, -0.17044024169445038, 0.04759037494659424, 0.9842181205749512),
            ["LeftLowerArm"] = CFrame.new(-1.7881393432617188e-07, -0.0000022649765014648438, 5.364418029785156e-07, 1, 7.748605526103347e-07, 0.000001475214958190918, 0.000001091510398509854, 0.39069363474845886, -0.9205208420753479, -0.000001251697995030554, 0.9205208420753479, 0.3906935751438141),
            ["LowerTorso"] = CFrame.new(-0.0737098976969719, -0.41706299781799316, 0.4002428948879242, 0.9513782262802124, 0.14247751235961914, -0.27309277653694153, -0.0639171153306961, 0.9586100578308105, 0.27745527029037476, 0.3013205826282501, -0.2465095967054367, 0.9211074709892273),
            ["Head"] = CFrame.new(2.5331974029541016e-07, -0.0000016689300537109375, 1.7881393432617188e-07, 0.9435541033744812, 0.21948102116584778, 0.24806028604507446, 0.008573765866458416, 0.7324963808059692, -0.6807169318199158, -0.3311077058315277, 0.6444200277328491, 0.6892681121826172),
            ["RightUpperArm"] = CFrame.new(1.1920928955078125e-07, -0.0000017881393432617188, 1.7881393432617188e-07, 0.5472154021263123, -0.5716708898544312, -0.6113491058349609, 0.5450486540794373, 0.7977015972137451, -0.25805896520614624, 0.6351985931396484, -0.19200150668621063, 0.7481028437614441),
            ["UpperTorso"] = CFrame.new(-1.2293457984924316e-07, -5.960464477539062e-07, 1.494772732257843e-07, 0.9736403822898865, -0.1289597600698471, -0.1881326586008072, 0.20316088199615479, 0.8652677536010742, 0.45829856395721436, 0.10368329286575317, -0.48443907499313354, 0.8686590790748596),
            ["HumanoidRootPart"] = CFrame.new(0, 0, 0, 1, 0, 0, 0, 1, 0, 0, 0, 1),
            ["RightHand"] = CFrame.new(-0.0000014640390872955322, 0.0000016689300537109375, -1.043081283569336e-07, 0.337693989276886, -0.4542912542819977, -0.8243678212165833, -0.3957715928554535, 0.7261024117469788, -0.5622631907463074, 0.854006826877594, 0.5161344408988953, 0.06540486216545105),
            ["LeftUpperArm"] = CFrame.new(4.76837158203125e-07, 2.384185791015625e-07, -8.046627044677734e-07, 0.6088035702705383, 0.7628253698348999, -0.217842698097229, -0.7900316715240479, 0.55799400806427, -0.2539539635181427, -0.07216747105121613, 0.32671117782592773, 0.9423651695251465),
            ["RightLowerArm"] = CFrame.new(0.0000013709068298339844, -0.0000010132789611816406, -6.109476089477539e-07, 1, -0.0000020414584014361026, -0.000002026557694989606, -0.0000019371505004528444, 0.05835620313882828, -0.9982958436012268, 0.00000212341501537594, 0.9982958436012268, 0.05835618078708649),
            ["LeftHand"] = CFrame.new(-5.364418029785156e-07, 2.384185791015625e-07, 3.2782554626464844e-07, 0.9082925319671631, -0.2702838182449341, 0.3192981779575348, 0.3154078423976898, 0.9438555240631104, -0.09825816750526428, -0.2748136818408966, 0.18995627760887146, 0.942546546459198),
            ["RightUpperLeg"] = CFrame.new(0, 3.3527612686157227e-07, -1.6596459317952394e-08, 0.9781803488731384, -0.16406500339508057, 0.1274598091840744, 0.1978706419467926, 0.5487019419670105, -0.8122640252113342, 0.06332860887050629, 0.8197615742683411, 0.5691935420036316),
            ["LeftUpperLeg"] = CFrame.new(-5.960464477539063e-08, 2.1606683731079102e-07, 1.7881393432617188e-07, 0.9590861797332764, 0.27279382944107056, 0.07574506103992462, 0.008299446664750576, 0.2403373122215271, -0.9706540703773499, -0.2829928994178772, 0.9315693974494934, 0.2282397747039795),
            ["RightLowerLeg"] = CFrame.new(-3.129243850708008e-07, 7.152557373046875e-07, 1.20904587674886e-07, 1, -0.0000014975694284657948, -0.000001892442696771468, 0.000002011656988543109, 0.006733824498951435, 0.9999773502349854, -0.0000014379622825799743, -0.9999773502349854, 0.0067330580204725266),
            ["RightFoot"] = CFrame.new(-1.4901161193847656e-07, 4.76837158203125e-07, -1.4731631381437182e-07, 0.9894276261329651, -0.01819809153676033, -0.14388541877269745, -0.033116694539785385, 0.9375319480895996, -0.3463234305381775, 0.14119642972946167, 0.34742316603660583, 0.9270151853561401),
            ["LeftLowerLeg"] = CFrame.new(1.5273690223693848e-07, -5.960464477539063e-08, 3.203749656677246e-07, 1, 9.124629514190019e-07, -5.569306154029618e-07, -8.754429359214555e-08, 0.5963791012763977, 0.8027025461196899, 0.0000010188665555688203, -0.8027028441429138, 0.5963795781135559),
        }},
        {Time = 0.200, Data = {
            ["LeftFoot"] = CFrame.new(-1.955777406692505e-07, -1.1920928955078125e-07, -1.8440186977386475e-07, 0.9849398732185364, -0.07242915779352188, 0.15699665248394012, 0.08836591243743896, 0.9913516640663147, -0.09702321141958237, -0.14861071109771729, 0.10943534225225449, 0.9828217625617981),
            ["LeftLowerArm"] = CFrame.new(-2.086162567138672e-07, -0.00000286102294921875, -1.1920928955078125e-07, 1, 8.344653110725631e-07, 0.00000155717134475708, 0.0000010281804634360014, 0.4519037902355194, -0.8920667171478271, -0.0000013560061233874876, 0.8920666575431824, 0.451903760433197),
            ["LowerTorso"] = CFrame.new(-0.048343904316425323, -0.34644949436187744, 0.5100767016410828, 0.9466531276702881, 0.14206236600875854, -0.2892512083053589, -0.07763833552598953, 0.9716893434524536, 0.22314144670963287, 0.3127623200416565, -0.18878056108951569, 0.9308822154998779),
            ["Head"] = CFrame.new(1.4901161193847656e-07, -0.0000011920928955078125, -3.725290298461914e-08, 0.9401172995567322, 0.19471639394760132, 0.27975866198539734, 0.02315252460539341, 0.7823898196220398, -0.6223587393760681, -0.3400637209415436, 0.5915672779083252, 0.7310299277305603),
            ["RightUpperArm"] = CFrame.new(3.5762786865234375e-07, -0.0000016689300537109375, -3.5762786865234375e-07, 0.7006502151489258, -0.5895816087722778, -0.40184929966926575, 0.5274256467819214, 0.807277262210846, -0.26481321454048157, 0.4805324673652649, -0.02640477754175663, 0.8765791654586792),
            ["UpperTorso"] = CFrame.new(-1.1082738637924194e-07, -3.8743019104003906e-07, -2.1420419216156006e-08, 0.976166844367981, -0.13533879816532135, -0.16965176165103912, 0.20019418001174927, 0.863369882106781, 0.4631572961807251, 0.08378897607326508, -0.4860823154449463, 0.869887113571167),
            ["HumanoidRootPart"] = CFrame.new(0, 0, 0, 1, 0, 0, 0, 1, 0, 0, 0, 1),
            ["RightHand"] = CFrame.new(-8.01868736743927e-07, 0.0000017881393432617188, -5.587935447692871e-08, 0.5607678890228271, -0.14185939729213715, -0.815730094909668, -0.2577492296695709, 0.9063498377799988, -0.33480656147003174, 0.7868321537971497, 0.3980025351047516, 0.47168755531311035),
            ["LeftUpperArm"] = CFrame.new(5.364418029785156e-07, 3.5762786865234375e-07, -9.5367431640625e-07, 0.4517150819301605, 0.8571037650108337, -0.24764138460159302, -0.8892608284950256, 0.45492124557495117, -0.04756031557917595, 0.0718933567404747, 0.24170197546482086, 0.9676836729049683),
            ["RightLowerArm"] = CFrame.new(0.0000012516975402832031, -8.344650268554688e-07, -5.21540641784668e-07, 1, -0.0000022947779143578373, -0.0000018030407318292418, -0.0000019818546661554137, -0.04493767023086548, -0.9989898800849915, 0.0000021755697616754333, 0.9989898204803467, -0.04493780806660652),
            ["LeftHand"] = CFrame.new(-2.682209014892578e-07, 3.5762786865234375e-07, 2.980232238769531e-07, 0.7373655438423157, -0.2736329138278961, 0.6175897717475891, 0.4003921151161194, 0.9134037494659424, -0.07334654778242111, -0.5440387725830078, 0.30136123299598694, 0.7830729484558105),
            ["RightUpperLeg"] = CFrame.new(-2.9802322387695312e-08, 4.470348358154297e-08, -1.1345400707796216e-07, 0.9855875968933105, -0.10116923600435257, 0.13558080792427063, 0.16916345059871674, 0.5938329100608826, -0.7866039276123047, -0.0009305737912654877, 0.7982025146484375, 0.6023886203765869),
            ["LeftUpperLeg"] = CFrame.new(-1.1920928955078125e-07, -1.4156103134155273e-07, -1.4901161193847656e-08, 0.9518489837646484, 0.27632319927215576, 0.1327739953994751, 0.013867657631635666, 0.3938467502593994, -0.9190717339515686, -0.30625370144844055, 0.8766584992408752, 0.37105032801628113),
            ["RightLowerLeg"] = CFrame.new(-1.6763806343078613e-07, 8.940696716308594e-07, -2.0656443666666746e-08, 1, -0.000001162293074230547, -0.0000015310919252442545, 0.0000016614797004876891, 0.10585789382457733, 0.9943814277648926, -8.53091592034616e-07, -0.9943813681602478, 0.10585681349039078),
            ["RightFoot"] = CFrame.new(-1.8440186977386475e-07, 5.364418029785156e-07, -1.7711863620206714e-07, 0.9770882725715637, -0.08993679285049438, -0.19290219247341156, 0.011163528077304363, 0.926739513874054, -0.37554171681404114, 0.212541863322258, 0.36478108167648315, 0.906508207321167),
            ["LeftLowerLeg"] = CFrame.new(9.383074939250946e-08, 4.172325134277344e-07, 3.725290298461914e-08, 1, 0.0000011373776942491531, -5.243344958216767e-07, -3.9860611877884367e-07, 0.6581434607505798, 0.7528925538063049, 0.0000012088568155377288, -0.7528925538063049, 0.6581435203552246),
        }},
        {Time = 0.233, Data = {
            ["LeftFoot"] = CFrame.new(-2.0704464986920357e-07, -1.7881393432617188e-07, -2.454034984111786e-07, 0.9877563714981079, -0.07398207485675812, 0.13734741508960724, 0.09377264231443405, 0.9851650595664978, -0.1437225639820099, -0.1246764287352562, 0.1548433154821396, 0.9800405502319336),
            ["LeftLowerArm"] = CFrame.new(-5.364418029785156e-07, -0.0000030994415283203125, -1.7881393432617188e-07, 1, 5.866459673598001e-07, 0.0000016069974435595213, 0.000001106411446016864, 0.5300235748291016, -0.8479829430580139, -0.0000013019893003729521, 0.8479830026626587, 0.5300235748291016),
            ["LowerTorso"] = CFrame.new(-0.01763044483959675, -0.24087238311767578, 0.6434593796730042, 0.9404214024543762, 0.13577935099601746, -0.3117237687110901, -0.09971055388450623, 0.9866267442703247, 0.12893983721733093, 0.3250623941421509, -0.09017562121152878, 0.9413835406303406),
            ["Head"] = CFrame.new(1.7881393432617188e-07, -0.0000016689300537109375, -2.682209014892578e-07, 0.9314824938774109, 0.14557862281799316, 0.33338770270347595, 0.04294522851705551, 0.8660259246826172, -0.498151570558548, -0.3612425625324249, 0.47833681106567383, 0.8004359602928162),
            ["RightUpperArm"] = CFrame.new(0, -0.0000015497207641601562, 5.960464477539063e-08, 0.8060099482536316, -0.5857460498809814, -0.08514406532049179, 0.5251758098602295, 0.7740599513053894, -0.3535846471786499, 0.2730172872543335, 0.24027672410011292, 0.9315193891525269),
            ["UpperTorso"] = CFrame.new(-7.078051567077637e-08, -8.642673492431641e-07, -2.0489096641540527e-08, 0.9796026945114136, -0.13449238240718842, -0.1492997109889984, 0.18984480202198029, 0.8629515767097473, 0.4682668447494507, 0.06585975736379623, -0.487059086561203, 0.8708822131156921),
            ["HumanoidRootPart"] = CFrame.new(0, 0, 0, 1, 0, 0, 0, 1, 0, 0, 0, 1),
            ["RightHand"] = CFrame.new(-7.105991244316101e-07, 0.0000016093254089355469, -2.4866312742233276e-07, 0.8387184143066406, 0.18003669381141663, -0.5139437913894653, -0.1371203064918518, 0.9831803441047668, 0.12064214050769806, 0.5270193815231323, -0.03071260079741478, 0.8492981791496277),
            ["LeftUpperArm"] = CFrame.new(3.5762786865234375e-07, 2.384185791015625e-07, -7.003545761108398e-07, 0.28726503252983093, 0.9279668927192688, -0.23739436268806458, -0.9184975624084473, 0.33717966079711914, 0.20657283067703247, 0.2717372179031372, 0.15870530903339386, 0.9491952657699585),
            ["RightLowerArm"] = CFrame.new(0.0000015497207641601562, -8.344650268554688e-07, -2.9802322387695312e-08, 1, -0.00000222027256313595, -0.0000018998982795892516, -0.0000019520514342730166, -0.03543839603662491, -0.9993718862533569, 0.0000021308653685991885, 0.9993718862533569, -0.03543831780552864),
            ["LeftHand"] = CFrame.new(-3.5390257835388184e-07, 2.980232238769531e-07, 3.3527612686157227e-07, 0.46073928475379944, -0.29679742455482483, 0.8364391922950745, 0.6126994490623474, 0.7881984710693359, -0.057815954089164734, -0.6421204805374146, 0.5391239523887634, 0.5450016856193542),
            ["RightUpperLeg"] = CFrame.new(0, -1.7136335372924805e-07, 1.3205863069742918e-08, 0.9856065511703491, -0.04325262829661369, 0.163430854678154, 0.1470995545387268, 0.6958497166633606, -0.7029615640640259, -0.08331641554832458, 0.7168838381767273, 0.6921961307525635),
            ["LeftUpperLeg"] = CFrame.new(2.9802322387695312e-08, -2.4586915969848633e-07, 1.1920928955078125e-07, 0.9436271786689758, 0.253423273563385, 0.21294215321540833, 0.008350430987775326, 0.624880313873291, -0.7806764245033264, -0.3309049904346466, 0.7384451627731323, 0.5875373482704163),
            ["RightLowerLeg"] = CFrame.new(-1.341104507446289e-07, 7.152557373046875e-07, 9.110226528719068e-08, 1, -6.947677775315242e-07, -0.0000011287600045761792, 0.0000012796368764611543, 0.28810837864875793, 0.9575983285903931, -2.887099412873795e-07, -0.9575979113578796, 0.28810688853263855),
            ["RightFoot"] = CFrame.new(-1.5832483768463135e-07, 4.76837158203125e-07, -8.026108844205737e-08, 0.9628875255584717, -0.1433565318584442, -0.22868846356868744, 0.04349518194794655, 0.9186261892318726, -0.3927302956581116, 0.26637551188468933, 0.36820483207702637, 0.8907663226127625),
            ["LeftLowerLeg"] = CFrame.new(9.726500138640404e-08, 4.172325134277344e-07, 6.705522537231445e-08, 1, 0.0000010191577075602254, -6.398183813871583e-07, -3.2410017070105823e-07, 0.7400644421577454, 0.6725357174873352, 0.00000111525855572836, -0.6725358963012695, 0.7400646805763245),
        }},
        {Time = 0.267, Data = {
            ["LeftFoot"] = CFrame.new(-2.593951649032533e-07, 0, -2.44705006480217e-07, 0.9873188734054565, -0.10226431488990784, 0.12142360955476761, 0.10946785658597946, 0.9925114512443542, -0.0542018860578537, -0.1149708554148674, 0.06680674105882645, 0.9911198019981384),
            ["LeftLowerArm"] = CFrame.new(-4.76837158203125e-07, -0.0000024437904357910156, 3.5762786865234375e-07, 1, 7.334164138228516e-07, 0.0000015441328287124634, 0.0000010579823310763459, 0.4692798852920532, -0.883049488067627, -0.0000013075767810732941, 0.8830494284629822, 0.4692798852920532),
            ["LowerTorso"] = CFrame.new(0.015139703638851643, -0.150925874710083, 0.7604837417602539, 0.9387404322624207, 0.12289370596408844, -0.32196831703186035, -0.11638857424259186, 0.9924197793006897, 0.039455659687519073, 0.32437658309936523, 0.000434806221164763, 0.9459279775619507),
            ["Head"] = CFrame.new(1.5832483768463135e-07, -0.0000015497207641601562, -3.5390257835388184e-08, 0.921891987323761, 0.08846712112426758, 0.3772118389606476, 0.05035689100623131, 0.9379661679267883, -0.34305065870285034, -0.3841606378555298, 0.3352509140968323, 0.8602485060691833),
            ["RightUpperArm"] = CFrame.new(4.76837158203125e-07, -0.0000020265579223632812, -1.4901161193847656e-07, 0.8170807361602783, -0.5593739748001099, 0.13957010209560394, 0.5564618110656738, 0.701882541179657, -0.44464778900146484, 0.15076257288455963, 0.440978080034256, 0.8847647905349731),
            ["UpperTorso"] = CFrame.new(-2.60770320892334e-08, -6.258487701416016e-07, 1.8067657947540283e-07, 0.9833071231842041, -0.12651069462299347, -0.13077552616596222, 0.17345371842384338, 0.8688535094261169, 0.4636884331703186, 0.05496322363615036, -0.47863227128982544, 0.8762938380241394),
            ["HumanoidRootPart"] = CFrame.new(0, 0, 0, 1, 0, 0, 0, 1, 0, 0, 0, 1),
            ["RightHand"] = CFrame.new(-3.8603320717811584e-07, 0.0000015497207641601562, -1.4994293451309204e-07, 0.9629124402999878, 0.20413045585155487, -0.17643801867961884, -0.11697164922952652, 0.9051024913787842, 0.40878739953041077, 0.24314048886299133, -0.3729882836341858, 0.8954119086265564),
            ["LeftUpperArm"] = CFrame.new(2.980232238769531e-07, 0, -9.08970832824707e-07, 0.22783750295639038, 0.9687932133674622, -0.09762085229158401, -0.8851399421691895, 0.24784846603870392, 0.3938255310058594, 0.4057307839393616, -0.003319666488096118, 0.9139866828918457),
            ["RightLowerArm"] = CFrame.new(0.0000015497207641601562, -8.344650268554688e-07, -5.066394805908203e-07, 1, -0.0000017136329688582919, -0.000002242624532300397, -0.0000019855792743328493, 0.16672207415103912, -0.9860039949417114, 0.00000212341501537594, 0.9860039353370667, 0.16672198474407196),
            ["LeftHand"] = CFrame.new(-6.258487701416016e-07, 3.5762786865234375e-07, 2.7939677238464355e-07, 0.26664385199546814, -0.2812786102294922, 0.9218370318412781, 0.7490108609199524, 0.6623981595039368, -0.014537032693624496, -0.6065343022346497, 0.6943421959877014, 0.3873051106929779),
