return {
    ["BBoom BBoom (Part 1)"] = {
        {Time = 0.000, Data = {
            ["RightFoot"] = CFrame.new(-3.7997961044311523e-07, 4.172325134277344e-07, -5.790934665128589e-08, 0.7983019351959229, 0.6013543009757996, 0.03299219533801079, -0.5726981163024902, 0.7749309539794922, -0.2673894464969635, -0.1863625943660736, 0.19456352293491364, 0.9630236029624939),
            ["LeftLowerArm"] = CFrame.new(-2.384185791015625e-07, -3.5762786865234375e-07, -2.9802322387695312e-08, 1, -1.341104365337742e-07, 7.450580596923828e-08, 6.70552182668871e-08, -0.3583681285381317, -0.9335805177688599, 1.6205011377223855e-07, 0.9335803985595703, -0.3583678603172302),
            ["RightUpperArm"] = CFrame.new(0, 3.5762786865234375e-07, -7.450580596923828e-08, 0.9966542720794678, -0.002899110084399581, 0.08168128877878189, 0.06326926499605179, 0.6600314378738403, -0.7485694885253906, -0.051742471754550934, 0.751232385635376, 0.6580060124397278),
            ["Head"] = CFrame.new(-1.043081283569336e-07, 9.5367431640625e-07, -2.1606683731079102e-07, 0.975540041923523, -0.1690991073846817, 0.14045345783233643, 0.1979743242263794, 0.9535541534423828, -0.22702635824680328, -0.09554009884595871, 0.24927927553653717, 0.963707447052002),
            ["RightHand"] = CFrame.new(-6.705522537231445e-08, 0, -2.8312206268310547e-07, 0.570805549621582, -0.12037564069032669, 0.8122133016586304, 0.3227604329586029, 0.9424599409103394, -0.08714987337589264, -0.7549879550933838, 0.3118959963321686, 0.5768140554428101),
            ["UpperTorso"] = CFrame.new(7.450580596923828e-09, -3.2782554626464844e-07, -1.2293457984924316e-07, 0.9893724322319031, 0.13723686337471008, 0.0480450876057148, -0.14174257218837738, 0.8366051912307739, 0.5291512608528137, 0.032424334436655045, -0.5303375124931335, 0.8471662402153015),
            ["HumanoidRootPart"] = CFrame.new(0, 0, 0, 1, 0, 0, 0, 1, 0, 0, 0, 1),
            ["RightUpperLeg"] = CFrame.new(1.1920928955078125e-07, 1.4901161193847656e-08, -2.550150384195149e-07, 0.8863198757171631, -0.42222049832344055, 0.19017741084098816, 0.4490208327770233, 0.8840082883834839, -0.13003657758235931, -0.11321429908275604, 0.20064705610275269, 0.9730997085571289),
            ["LeftUpperArm"] = CFrame.new(-2.384185791015625e-07, 2.384185791015625e-07, 0, 0.868065595626831, 0.4328763782978058, -0.2430630326271057, -0.49522653222084045, 0.7893872857093811, -0.362793505191803, 0.034825388342142105, 0.4352998435497284, 0.8996117115020752),
            ["RightLowerArm"] = CFrame.new(-2.384185791015625e-07, 4.76837158203125e-07, 5.960464477539063e-08, 1, -8.195638656616211e-08, 1.0989607801548118e-07, 9.313225746154785e-08, -0.35184186697006226, -0.9360595345497131, 1.7695128917694092e-07, 0.9360595345497131, -0.35184186697006226),
            ["LeftHand"] = CFrame.new(-4.76837158203125e-07, -1.1920928955078125e-07, -1.9371509552001953e-07, 0.6037871837615967, 0.5058977007865906, -0.6160423159599304, -0.6826494336128235, 0.7272016406059265, -0.07188666611909866, 0.4116198718547821, 0.4639453589916229, 0.7844260334968567),
            ["LeftFoot"] = CFrame.new(-2.9802322387695312e-08, -5.960464477539063e-08, 0, 0.9225857257843018, -0.3745429217815399, 0.0924924835562706, 0.3563684821128845, 0.7355347871780396, -0.576185405254364, 0.14777380228042603, 0.5645408630371094, 0.8120686411857605),
            ["LowerTorso"] = CFrame.new(0.19373303651809692, -0.3662381172180176, -0.6070995926856995, 0.9713357090950012, -0.12128996849060059, -0.204440176486969, 0.0724722146987915, 0.9701884984970093, -0.2312621772289276, 0.22639526426792145, 0.20981697738170624, 0.9511687755584717),
            ["RightLowerLeg"] = CFrame.new(2.9802322387695312e-08, -0.00012302398681640625, -0.0000775772423367016, 1, -1.3411036547950062e-07, -1.4901170075631853e-08, 2.980232594040899e-08, 0.7446813583374023, 0.6674204468727112, -1.909211455597415e-08, -0.6674202680587769, 0.7446811199188232),
            ["LeftUpperLeg"] = CFrame.new(-1.1920928955078125e-07, 6.332993507385254e-08, -4.76837158203125e-07, 0.8222270011901855, 0.5498524904251099, 0.14698809385299683, -0.49297699332237244, 0.8170837759971619, -0.2989101707935333, -0.2844584882259369, 0.17331016063690186, 0.9428929686546326),
            ["LeftLowerLeg"] = CFrame.new(-1.4901161193847656e-08, 0.00012236833572387695, 0.00007742177695035934, 1, 8.195640788244418e-08, -1.490115053570662e-08, -8.940694584680386e-08, 0.34551313519477844, 0.9384141564369202, 6.705521116145974e-08, -0.9384139776229858, 0.3455124497413635),
        }},
        {Time = 0.017, Data = {
            ["RightFoot"] = CFrame.new(1.043081283569336e-07, 2.980232238769531e-07, -1.0261283023282886e-07, 0.8044707179069519, 0.5883179903030396, 0.08191629499197006, -0.5597254037857056, 0.7969805598258972, -0.2269975244998932, -0.19883254170417786, 0.13676276803016663, 0.9704442620277405),
            ["LeftLowerArm"] = CFrame.new(-8.940696716308594e-08, -3.5762786865234375e-07, 1.7881393432617188e-07, 1, -1.6391273049976007e-07, 1.6391277313232422e-07, 1.0430814256778831e-07, -0.35836806893348694, -0.9335805177688599, 1.0617078771701927e-07, 0.9335803985595703, -0.3583679497241974),
            ["RightUpperArm"] = CFrame.new(-2.384185791015625e-07, -2.384185791015625e-07, -1.6391277313232422e-07, 0.9830624461174011, 0.06805974245071411, 0.17016495764255524, 0.08511297404766083, 0.6527440547943115, -0.7527828812599182, -0.16230864822864532, 0.7545151710510254, 0.6358945965766907),
            ["Head"] = CFrame.new(-1.4901161193847656e-08, 0, -1.862645149230957e-07, 0.9607056379318237, -0.20340408384799957, 0.18886907398700714, 0.24419204890727997, 0.9428575038909912, -0.22669440507888794, -0.13196614384651184, 0.26390668749809265, 0.9554779529571533),
            ["RightHand"] = CFrame.new(4.470348358154297e-08, 3.5762786865234375e-07, -1.043081283569336e-07, 0.4741649925708771, -0.03668193519115448, 0.8796713948249817, -0.08200034499168396, 0.9929490089416504, 0.08560554683208466, -0.8766090869903564, -0.11272469907999039, 0.4678139388561249),
            ["UpperTorso"] = CFrame.new(-3.725290298461914e-09, -8.940696716308594e-08, -1.9744038581848145e-07, 0.9949619174003601, 0.0930963009595871, 0.03720264881849289, -0.0987689420580864, 0.846587061882019, 0.5230059623718262, 0.017194686457514763, -0.5240453481674194, 0.8515167236328125),
            ["HumanoidRootPart"] = CFrame.new(0, 0, 0, 1, 0, 0, 0, 1, 0, 0, 0, 1),
            ["RightUpperLeg"] = CFrame.new(-2.9802322387695312e-08, 3.241002559661865e-07, -2.2521271603181958e-07, 0.863502562046051, -0.45857059955596924, 0.2099457085132599, 0.49901777505874634, 0.8371792435646057, -0.22385670244693756, -0.07310813665390015, 0.2980669438838959, 0.951741099357605),
            ["LeftUpperArm"] = CFrame.new(5.960464477539063e-08, -5.960464477539062e-07, -3.129243850708008e-07, 0.8949221968650818, 0.42825642228126526, -0.1253402829170227, -0.4421132206916809, 0.8129517436027527, -0.3790068030357361, -0.06041713058948517, 0.3945961594581604, 0.9168661832809448),
            ["RightLowerArm"] = CFrame.new(2.384185791015625e-07, 2.980232238769531e-07, -1.6391277313232422e-07, 1, -5.5879340266073996e-08, 1.1920926112907182e-07, 1.210719204891575e-07, -0.35184183716773987, -0.9360594749450684, 1.5832482347377663e-07, 0.9360594749450684, -0.3518417477607727),
            ["LeftHand"] = CFrame.new(1.1920928955078125e-07, -1.1920928955078125e-07, -1.4901161193847656e-07, 0.7604215145111084, 0.39017874002456665, -0.5191522240638733, -0.43320557475090027, 0.9003108143806458, 0.04211344197392464, 0.4838305711746216, 0.19287580251693726, 0.8536436557769775),
            ["LeftFoot"] = CFrame.new(7.450580596923828e-09, -5.960464477539063e-08, 0, 0.9125580191612244, -0.383649080991745, 0.14160867035388947, 0.39612603187561035, 0.7432315349578857, -0.5391572713851929, 0.10159820318222046, 0.5481060147285461, 0.8302146792411804),
            ["LowerTorso"] = CFrame.new(0.1923673301935196, -0.3538661003112793, -0.6007676124572754, 0.9613168835639954, -0.07954615354537964, -0.26370880007743835, 0.022487949579954147, 0.9768615961074829, -0.21268735826015472, 0.2745254337787628, 0.1985296905040741, 0.9408622980117798),
            ["RightLowerLeg"] = CFrame.new(-7.450580596923828e-08, -0.0001227855682373047, -0.00007732788071734831, 1, -8.940689610881236e-08, 1.4901171851988693e-08, 1.5646217832454568e-07, 0.6958757638931274, 0.7181625962257385, -6.146728281919422e-08, -0.7181622385978699, 0.6958754658699036),
            ["LeftUpperLeg"] = CFrame.new(5.960464477539063e-08, -1.955777406692505e-07, -3.203749656677246e-07, 0.8511737585067749, 0.4890061318874359, 0.19072681665420532, -0.44018179178237915, 0.862953782081604, -0.24809369444847107, -0.2859079837799072, 0.12721608579158783, 0.9497751593589783),
            ["LeftLowerLeg"] = CFrame.new(1.7881393432617188e-07, 0.00012248754501342773, 0.00007760338485240936, 1, 1.1175877290270364e-07, 6.705516852889559e-08, -2.2351747119842003e-08, 0.417418897151947, 0.9087146520614624, 3.3527619791584584e-08, -0.9087141752243042, 0.41741788387298584),
        }},
        {Time = 0.033, Data = {
            ["RightFoot"] = CFrame.new(2.0116567611694336e-07, 1.7881393432617188e-07, 1.6952981241047382e-09, 0.8118724226951599, 0.5688467621803284, 0.13144727051258087, -0.5433784127235413, 0.8185638785362244, -0.18625576794147491, -0.21354901790618896, 0.07979076355695724, 0.9736685156822205),
            ["LeftLowerArm"] = CFrame.new(2.9802322387695312e-08, 3.5762786865234375e-07, -2.9802322387695312e-08, 1, 2.9802311729554276e-08, 1.6391277313232422e-07, 8.940695295223122e-08, -0.35836806893348694, -0.9335804581642151, 1.4156101713069802e-07, 0.9335803389549255, -0.35836783051490784),
            ["RightUpperArm"] = CFrame.new(-1.1920928955078125e-07, -5.960464477539062e-07, 8.940696716308594e-08, 0.9586024880409241, 0.13633564114570618, 0.24998757243156433, 0.10311803966760635, 0.6521244645118713, -0.7510669231414795, -0.26542043685913086, 0.7457521557807922, 0.6110684871673584),
            ["Head"] = CFrame.new(2.9802322387695312e-08, 3.5762786865234375e-07, -2.980232238769531e-07, 0.9452439546585083, -0.2333647906780243, 0.22815530002117157, 0.2840893268585205, 0.9324470162391663, -0.2232399731874466, -0.160646453499794, 0.2758326232433319, 0.9476861953735352),
            ["RightHand"] = CFrame.new(1.862645149230957e-07, -4.76837158203125e-07, 4.842877388000488e-08, 0.34468546509742737, 0.03959677368402481, 0.9378827214241028, -0.5103007555007935, 0.846491813659668, 0.15180446207523346, -0.7878991961479187, -0.5309271216392517, 0.3119800090789795),
            ["UpperTorso"] = CFrame.new(2.9802322387695312e-08, -1.4901161193847656e-07, -1.043081283569336e-07, 0.9987478256225586, 0.04369084909558296, 0.024370821192860603, -0.05000528320670128, 0.8570768237113953, 0.5127561688423157, 0.0015152056002989411, -0.513332724571228, 0.8581883311271667),
            ["HumanoidRootPart"] = CFrame.new(0, 0, 0, 1, 0, 0, 0, 1, 0, 0, 0, 1),
            ["RightUpperLeg"] = CFrame.new(5.960464477539063e-08, 4.3213367462158203e-07, -7.620110409334302e-08, 0.8378037214279175, -0.49275898933410645, 0.23510560393333435, 0.545060396194458, 0.7797542214393616, -0.308045357465744, -0.0315324030816555, 0.38622787594795227, 0.9218641519546509),
            ["LeftUpperArm"] = CFrame.new(1.1920928955078125e-07, 0, -8.940696716308594e-08, 0.9077040553092957, 0.4195728600025177, -0.005611698143184185, -0.38590922951698303, 0.8294745683670044, -0.4037902057170868, -0.16476523876190186, 0.3686877489089966, 0.9148343801498413),
            ["RightLowerArm"] = CFrame.new(-1.1920928955078125e-07, 1.7881393432617188e-07, 3.725290298461914e-08, 1, -1.1827795276531106e-07, 1.1175868053214799e-07, 1.0803341865539551e-07, -0.3518417477607727, -0.9360594749450684, 1.6391277313232422e-07, 0.9360595941543579, -0.3518417477607727),
            ["LeftHand"] = CFrame.new(-5.960464477539063e-08, -5.960464477539063e-08, -3.2782554626464844e-07, 0.8659021854400635, 0.17631393671035767, -0.468109130859375, -0.09112982451915741, 0.9757631421089172, 0.19895152747631073, 0.4918422996997833, -0.12961377203464508, 0.8609831929206848),
            ["LeftFoot"] = CFrame.new(5.774199962615967e-08, -1.7881393432617188e-07, -5.960464477539063e-08, 0.8984746336936951, -0.399822473526001, 0.1813487708568573, 0.43512725830078125, 0.7560494542121887, -0.4889303147792816, 0.05837583914399147, 0.5181999802589417, 0.8532642126083374),
            ["LowerTorso"] = CFrame.new(0.19453567266464233, -0.3392527103424072, -0.5952107310295105, 0.9486586451530457, -0.03270525112748146, -0.31460657715797424, -0.029248958453536034, 0.9813078045845032, -0.19020959734916687, 0.3149467408657074, 0.189645916223526, 0.9299693703651428),
            ["RightLowerLeg"] = CFrame.new(-1.341104507446289e-07, -0.00012290477752685547, -0.00007722357258899137, 1, -1.4901152667334827e-07, 1.4901162970204496e-08, 1.7136335372924805e-07, 0.6484109163284302, 0.7612903118133545, -4.0978193283081055e-08, -0.7612906098365784, 0.6484111547470093),
            ["LeftUpperLeg"] = CFrame.new(1.4901161193847656e-07, -1.471489667892456e-07, -3.501772880554199e-07, 0.8817012310028076, 0.41757798194885254, 0.21961776912212372, -0.3815727233886719, 0.9048866629600525, -0.18863248825073242, -0.27749836444854736, 0.0825166180729866, 0.9571759700775146),
            ["LeftLowerLeg"] = CFrame.new(1.3783574104309082e-07, 0.00012230873107910156, 0.00007753446698188782, 1, 6.705527511030596e-08, 2.2351713369062054e-08, -5.587936158235607e-08, 0.5021287202835083, 0.8647937774658203, 4.842878098543224e-08, -0.8647929430007935, 0.5021272301673889),
        }},
        {Time = 0.050, Data = {
            ["RightFoot"] = CFrame.new(-5.960464477539063e-08, 1.7881393432617188e-07, -6.535992724820971e-08, 0.8220646381378174, 0.5426681041717529, 0.17240111529827118, -0.5177389979362488, 0.8384121060371399, -0.17032425105571747, -0.23697273433208466, 0.05075908824801445, 0.9701895117759705),
            ["LeftLowerArm"] = CFrame.new(-2.9802322387695312e-08, 0, -2.384185791015625e-07, 1, -5.960462345910855e-08, 2.309679416612198e-07, 1.043080928297968e-07, -0.35836803913116455, -0.9335804581642151, 1.3038511781360285e-07, 0.9335803389549255, -0.35836783051490784),
            ["RightUpperArm"] = CFrame.new(1.1920928955078125e-07, -3.5762786865234375e-07, -7.450580596923828e-08, 0.926969051361084, 0.19112679362297058, 0.32279857993125916, 0.1183808371424675, 0.6674779653549194, -0.7351599335670471, -0.3559698164463043, 0.719683051109314, 0.5961048603057861),
            ["Head"] = CFrame.new(2.9802322387695312e-08, 3.5762786865234375e-07, -1.4901161193847656e-08, 0.9329894185066223, -0.25134336948394775, 0.2575991749763489, 0.31029045581817627, 0.9243820309638977, -0.22189640998840332, -0.18234793841838837, 0.28695744276046753, 0.9404279589653015),
            ["RightHand"] = CFrame.new(-1.4901161193847656e-07, 1.7881393432617188e-07, -2.9802322387695312e-08, 0.25242212414741516, 0.03185412660241127, 0.9670928716659546, -0.8142073154449463, 0.5470252633094788, 0.19449922442436218, -0.5228284597396851, -0.8365099430084229, 0.16401702165603638),
            ["UpperTorso"] = CFrame.new(0, -5.960464477539063e-08, -1.4156103134155273e-07, 0.9998743534088135, -0.0149128632619977, 0.00537530891597271, 0.01020814012736082, 0.8651573061943054, 0.5013968348503113, -0.012127622961997986, -0.501278817653656, 0.8652007579803467),
            ["HumanoidRootPart"] = CFrame.new(0, 0, 0, 1, 0, 0, 0, 1, 0, 0, 0, 1),
            ["RightUpperLeg"] = CFrame.new(1.7881393432617188e-07, 9.12696123123169e-08, -1.3580574886873364e-07, 0.8099979758262634, -0.5204446911811829, 0.2702614963054657, 0.5864261984825134, 0.716679036617279, -0.37745901942253113, 0.002755760448053479, 0.46422913670539856, 0.8857106566429138),
            ["LeftUpperArm"] = CFrame.new(0, -2.384185791015625e-07, 2.682209014892578e-07, 0.9106495380401611, 0.40103641152381897, 0.0994306430220604, -0.3215632140636444, 0.8390110731124878, -0.4389285147190094, -0.2594503164291382, 0.3677368760108948, 0.8930035829544067),
            ["RightLowerArm"] = CFrame.new(-5.960464477539063e-08, -2.384185791015625e-07, 3.748573362827301e-07, 1, -6.89178563106907e-08, 1.0803338312825872e-07, 8.568166975919667e-08, -0.3518418073654175, -0.9360594749450684, 1.1688096890338784e-07, 0.9360595345497131, -0.35184189677238464),
            ["LeftHand"] = CFrame.new(2.9802322387695312e-08, -2.384185791015625e-07, 8.940696716308594e-08, 0.872847318649292, -0.08707182109355927, -0.4801625907421112, 0.30423274636268616, 0.8664222359657288, 0.39592307806015015, 0.3815494775772095, -0.49166160821914673, 0.7827444672584534),
            ["LeftFoot"] = CFrame.new(2.60770320892334e-08, 5.960464477539063e-08, -1.4901161193847656e-08, 0.8813735842704773, -0.4256296753883362, 0.20499292016029358, 0.47198131680488586, 0.7746424078941345, -0.4209054708480835, 0.020353594794869423, 0.46772700548171997, 0.8836382031440735),
            ["LowerTorso"] = CFrame.new(0.20121216773986816, -0.3232383728027344, -0.59205162525177, 0.9352751970291138, 0.022527383640408516, -0.3532038927078247, -0.08716650307178497, 0.9818933010101318, -0.16818951070308685, 0.34301966428756714, 0.18809102475643158, 0.9203039407730103),
            ["RightLowerLeg"] = CFrame.new(-1.1920928955078125e-07, -0.0001227259635925293, -0.00007719377026660368, 1, -1.7881384906104358e-07, -9.685761881428334e-08, 1.0430809993522416e-07, 0.6000534892082214, 0.7999597787857056, 1.862644793959589e-08, -0.7999598979949951, 0.6000537276268005),
            ["LeftUpperLeg"] = CFrame.new(0, 1.1827796697616577e-07, -1.7136335372924805e-07, 0.9126344919204712, 0.3402591645717621, 0.22654350101947784, -0.31982266902923584, 0.9395013451576233, -0.12268166989088058, -0.2545817494392395, 0.039509158581495285, 0.9662439227104187),
            ["LeftLowerLeg"] = CFrame.new(1.2479722499847412e-07, 0.00012242794036865234, 0.00007747858762741089, 1, 8.195639367158947e-08, 1.8626433728741176e-08, -6.286428799739952e-08, 0.5978639721870422, 0.801598072052002, 3.539026494081554e-08, -0.8015975952148438, 0.5978633165359497),
        }},
        {Time = 0.067, Data = {
            ["RightFoot"] = CFrame.new(1.1920928955078125e-07, 2.980232238769531e-07, -1.3205863069742918e-08, 0.8318990468978882, 0.5185945630073547, 0.19749461114406586, -0.4902394115924835, 0.8535648584365845, -0.17632880806922913, -0.26001811027526855, 0.049868348985910416, 0.9643153548240662),
            ["LeftLowerArm"] = CFrame.new(-1.1920928955078125e-07, -3.5762786865234375e-07, -5.960464477539063e-08, 1, -1.4901155864777138e-08, 1.8998976258899347e-07, 1.0803339023368608e-07, -0.35836803913116455, -0.9335804581642151, 1.4901158351676713e-07, 0.9335803389549255, -0.3583678901195526),
            ["RightUpperArm"] = CFrame.new(1.1920928955078125e-07, 1.1920928955078125e-07, 5.960464477539063e-08, 0.8932012319564819, 0.22247840464115143, 0.3907618224620819, 0.14002124965190887, 0.6881987452507019, -0.7118831872940063, -0.4273003935813904, 0.6905692219734192, 0.5835473537445068),
            ["Head"] = CFrame.new(-1.4901161193847656e-08, 3.5762786865234375e-07, -1.4901161193847656e-08, 0.9243907332420349, -0.2627199590206146, 0.27654993534088135, 0.3259010314941406, 0.92070472240448, -0.21468950808048248, -0.19821768999099731, 0.2885846793651581, 0.9367115497589111),
            ["RightHand"] = CFrame.new(1.6391277313232422e-07, -1.7881393432617188e-07, 2.9802322387695312e-08, 0.1962786316871643, 0.014713641256093979, 0.9804378151893616, -0.9514228105545044, 0.24474775791168213, 0.18679673969745636, -0.23721134662628174, -0.9694752097129822, 0.06203761696815491),
            ["UpperTorso"] = CFrame.new(-1.4901161193847656e-08, 1.7881393432617188e-07, -1.341104507446289e-07, 0.997058629989624, -0.07558608055114746, -0.012682309374213219, 0.07225608825683594, 0.8718557357788086, 0.48440369963645935, -0.025556905195116997, -0.48389509320259094, 0.8747527599334717),
            ["HumanoidRootPart"] = CFrame.new(0, 0, 0, 1, 0, 0, 0, 1, 0, 0, 0, 1),
            ["RightUpperLeg"] = CFrame.new(-5.960464477539063e-08, 8.493661880493164e-07, -1.6596459317952394e-08, 0.7819948792457581, -0.5423773527145386, 0.3071015775203705, 0.6226481199264526, 0.657523512840271, -0.4242309629917145, 0.028166892006993294, 0.5229625105857849, 0.8518901467323303),
            ["LeftUpperArm"] = CFrame.new(-1.1920928955078125e-07, 1.1920928955078125e-07, 3.5762786865234375e-07, 0.9047678709030151, 0.3865540623664856, 0.17880356311798096, -0.2651635408401489, 0.8397836089134216, -0.4737641513347626, -0.3332919478416443, 0.3812342584133148, 0.8623090386390686),
            ["RightLowerArm"] = CFrame.new(-1.7881393432617188e-07, 2.384185791015625e-07, 4.0978193283081055e-07, 1, -7.729975237680264e-08, 1.1920927533992653e-07, 7.450580596923828e-08, -0.3518419861793518, -0.9360595345497131, 1.1175870895385742e-07, 0.9360594749450684, -0.3518417775630951),
            ["LeftHand"] = CFrame.new(-8.940696716308594e-08, 1.1920928955078125e-07, -8.940696716308594e-08, 0.7681602239608765, -0.32227322459220886, -0.553234875202179, 0.6124951839447021, 0.6215755939483643, 0.4883584678173065, 0.18649256229400635, -0.7139914631843567, 0.6748608350753784),
            ["LeftFoot"] = CFrame.new(-1.862645149230957e-08, 5.960464477539063e-08, -2.9802322387695312e-08, 0.8676384091377258, -0.456017404794693, 0.1981251835823059, 0.4971913993358612, 0.7940744161605835, -0.34963563084602356, 0.0021136198192834854, 0.401863157749176, 0.9156972765922546),
            ["LowerTorso"] = CFrame.new(0.21308667957782745, -0.30925726890563965, -0.5907832384109497, 0.9212677478790283, 0.0787995234131813, -0.380862832069397, -0.14304405450820923, 0.979272723197937, -0.14339978992938995, 0.36166873574256897, 0.18658976256847382, 0.9134441018104553),
            ["RightLowerLeg"] = CFrame.new(-2.086162567138672e-07, -0.0001227855682373047, -0.00007756629929644987, 1, -1.043080928297968e-07, 3.725293140632857e-08, 1.4901162614933128e-07, 0.5547799468040466, 0.8319969773292542, -8.568168397005138e-08, -0.8319970965385437, 0.5547801852226257),
            ["LeftUpperLeg"] = CFrame.new(5.960464477539063e-08, 6.891787052154541e-07, -1.4901161193847656e-07, 0.9363579750061035, 0.2725411057472229, 0.22125834226608276, -0.2677094042301178, 0.962087869644165, -0.05214010179042816, -0.2270803302526474, -0.010411865077912807, 0.9738203883171082),
            ["LeftLowerLeg"] = CFrame.new(2.0116567611694336e-07, 0.00012236833572387695, 0.00007748603820800781, 1, 3.3527612686157227e-08, 5.960460924825384e-08, -8.754432201385498e-08, 0.6956048011779785, 0.7184250950813293, 1.4901161193847656e-08, -0.7184246778488159, 0.6956043243408203),
        }},
        {Time = 0.083, Data = {
            ["RightFoot"] = CFrame.new(-1.1920928955078125e-07, 4.76837158203125e-07, 9.145878721028566e-09, 0.8433321118354797, 0.5057120323181152, 0.18178802728652954, -0.46819135546684265, 0.8574721217155457, -0.21339519321918488, -0.26379504799842834, 0.09485197067260742, 0.9599040746688843),
            ["LeftLowerArm"] = CFrame.new(2.9802322387695312e-08, -2.384185791015625e-07, -2.086162567138672e-07, 1, -7.078050856534901e-08, 1.9371509552001953e-07, 1.5087431393112638e-07, -0.3583680987358093, -0.9335805177688599, 1.192093321833454e-07, 0.9335803389549255, -0.35836783051490784),
            ["RightUpperArm"] = CFrame.new(-1.7881393432617188e-07, 0, 7.450580596923828e-08, 0.8623833656311035, 0.2157481163740158, 0.4579820930957794, 0.18743298947811127, 0.7042930126190186, -0.6847196221351624, -0.47028058767318726, 0.6763313412666321, 0.5669316053390503),
            ["Head"] = CFrame.new(-8.568167686462402e-08, 7.152557373046875e-07, -1.6391277313232422e-07, 0.9189884066581726, -0.2697904706001282, 0.287529855966568, 0.3346889913082123, 0.9192773699760437, -0.20715388655662537, -0.2084316462278366, 0.2866049110889435, 0.9351010322570801),
            ["RightHand"] = CFrame.new(8.940696716308594e-08, 5.364418029785156e-07, 0, 0.2016591727733612, 0.00040738662937656045, 0.9794557690620422, -0.9646069407463074, 0.17354923486709595, 0.19852951169013977, -0.16990286111831665, -0.9848251342773438, 0.0353907011449337),
            ["UpperTorso"] = CFrame.new(0, 1.7881393432617188e-07, -8.195638656616211e-08, 0.9908173084259033, -0.13175374269485474, -0.03036407008767128, 0.13040508329868317, 0.8718933463096619, 0.47201356291770935, -0.03571514040231705, -0.4716387689113617, 0.881068229675293),
            ["HumanoidRootPart"] = CFrame.new(0, 0, 0, 1, 0, 0, 0, 1, 0, 0, 0, 1),
            ["RightUpperLeg"] = CFrame.new(-5.960464477539063e-08, 2.384185791015625e-07, -1.6560807125642896e-07, 0.7557836174964905, -0.555299699306488, 0.3470363914966583, 0.6541358828544617, 0.6160017848014832, -0.43891584873199463, 0.02995499223470688, 0.5587343573570251, 0.8288056254386902),
            ["LeftUpperArm"] = CFrame.new(5.960464477539063e-08, 0, 2.9802322387695312e-08, 0.8966776728630066, 0.39014577865600586, 0.20917589962482452, -0.2459782361984253, 0.8319689035415649, -0.49731600284576416, -0.3680541515350342, 0.3944796919822693, 0.8419752717018127),
            ["RightLowerArm"] = CFrame.new(-2.086162567138672e-07, -2.384185791015625e-07, -3.5762786865234375e-07, 1, -1.0430811414607888e-07, 1.3038511781360285e-07, 7.450580596923828e-08, -0.3518418073654175, -0.9360594749450684, 1.0058283805847168e-07, 0.9360595345497131, -0.3518417179584503),
            ["LeftHand"] = CFrame.new(2.384185791015625e-07, -1.7881393432617188e-07, -1.1920928955078125e-07, 0.6789098978042603, -0.3702903687953949, -0.6340079307556152, 0.7275186777114868, 0.45568522810935974, 0.5129014253616333, 0.09898539632558823, -0.809466540813446, 0.5787626504898071),
            ["LeftFoot"] = CFrame.new(-8.940696716308594e-08, -1.1920928955078125e-07, -7.078051567077637e-08, 0.8626819849014282, -0.4844483733177185, 0.14522825181484222, 0.5053594708442688, 0.814478874206543, -0.2850162386894226, 0.019790273159742355, 0.3192709684371948, 0.947456955909729),
            ["LowerTorso"] = CFrame.new(0.2318979948759079, -0.3024001121520996, -0.5918253064155579, 0.9088049530982971, 0.12809094786643982, -0.3970721364021301, -0.19248050451278687, 0.9730958342552185, -0.1266331672668457, 0.3701685965061188, 0.19151350855827332, 0.9090092778205872),
            ["RightLowerLeg"] = CFrame.new(2.9802322387695312e-08, -0.0001227855682373047, -0.00007744709000689909, 1, -1.043080928297968e-07, -1.4901173628345532e-08, 1.639127589214695e-07, 0.5153109431266785, 0.857002854347229, 3.7252898543727042e-09, -0.8570032715797424, 0.5153117179870605),
            ["LeftUpperLeg"] = CFrame.new(0, -1.341104507446289e-07, -3.2782554626464844e-07, 0.9510983228683472, 0.22953425347805023, 0.20670343935489655, -0.23795245587825775, 0.9711369276046753, 0.016483722254633904, -0.19695371389389038, -0.06486397981643677, 0.9782648086547852),
            ["LeftLowerLeg"] = CFrame.new(2.1606683731079102e-07, 0.0001221299171447754, 0.00007763504981994629, 1, 3.352760558072987e-08, 4.470345160711986e-08, -7.636844401304188e-08, 0.7854501008987427, 0.6189254522323608, 2.9802318834981634e-08, -0.6189249753952026, 0.7854498624801636),
        }},
        {Time = 0.100, Data = {
            ["RightFoot"] = CFrame.new(-1.1920928955078125e-07, 2.980232238769531e-07, 1.6952981241047382e-09, 0.8583954572677612, 0.4944247305393219, 0.13675673305988312, -0.44776472449302673, 0.8522288203239441, -0.2705766558647156, -0.2503277659416199, 0.17102745175361633, 0.9529353976249695),
            ["LeftLowerArm"] = CFrame.new(0, -2.384185791015625e-07, 0, 1, -7.450577754752885e-08, 1.8626447229053156e-07, 7.54371214384264e-08, -0.3583680987358093, -0.9335805177688599, 1.4901159772762185e-07, 0.9335803985595703, -0.35836783051490784),
            ["RightUpperArm"] = CFrame.new(-1.1920928955078125e-07, -9.5367431640625e-07, 7.450580596923828e-08, 0.8346166014671326, 0.19875113666057587, 0.5137248635292053, 0.23546504974365234, 0.7143971920013428, -0.658933699131012, -0.4979672133922577, 0.6709207892417908, 0.5494481325149536),
            ["Head"] = CFrame.new(1.30385160446167e-08, -2.384185791015625e-07, 2.9802322387695312e-08, 0.9169949293136597, -0.2707821726799011, 0.2929117679595947, 0.3356456458568573, 0.9205631613731384, -0.19976407289505005, -0.21555136144161224, 0.2814970910549164, 0.9350385069847107),
            ["RightHand"] = CFrame.new(-2.71480530500412e-07, -1.7881393432617188e-07, -1.7881393432617188e-07, 0.23036515712738037, -0.022838113829493523, 0.9728363156318665, -0.9562476873397827, 0.17995981872081757, 0.23066146671772003, -0.18033938109874725, -0.9834088683128357, 0.019617700949311256),
            ["UpperTorso"] = CFrame.new(2.9802322387695312e-08, -2.980232238769531e-07, 0, 0.9821425080299377, -0.18247385323047638, -0.04581870883703232, 0.18285179138183594, 0.8684764504432678, 0.46077558398246765, -0.04428689554333687, -0.46092531085014343, 0.8863332867622375),
            ["HumanoidRootPart"] = CFrame.new(0, 0, 0, 1, 0, 0, 0, 1, 0, 0, 0, 1),
            ["RightUpperLeg"] = CFrame.new(2.980232238769531e-07, -5.21540641784668e-08, -3.149762051180005e-08, 0.7350265979766846, -0.5548746585845947, 0.3896811008453369, 0.6779907941818237, 0.5946595668792725, -0.4320967197418213, 0.008031882345676422, 0.5818026065826416, 0.8132902979850769),
            ["LeftUpperArm"] = CFrame.new(0, -8.344650268554688e-07, -5.21540641784668e-08, 0.8857245445251465, 0.41333404183387756, 0.21129710972309113, -0.25981405377388, 0.8186042904853821, -0.5122345685958862, -0.3846929669380188, 0.39880087971687317, 0.8324477672576904),
            ["RightLowerArm"] = CFrame.new(-1.1920928955078125e-07, -3.5762786865234375e-07, 1.4901161193847656e-07, 1, -8.614730973022233e-08, 1.5785913376475946e-07, 9.057109906507321e-08, -0.35184186697006226, -0.9360595345497131, 1.0011715545488187e-07, 0.9360594153404236, -0.3518417775630951),
            ["LeftHand"] = CFrame.new(1.341104507446289e-07, -5.364418029785156e-07, -1.1920928955078125e-07, 0.6494179368019104, -0.340029239654541, -0.6801732778549194, 0.7577043771743774, 0.3650359809398651, 0.5409557819366455, 0.06434699147939682, -0.866676926612854, 0.49470311403274536),
            ["LeftFoot"] = CFrame.new(-2.9802322387695312e-08, 1.1920928955078125e-07, -8.195638656616211e-08, 0.8575144410133362, -0.50895756483078, 0.07505256682634354, 0.5121175646781921, 0.8305707573890686, -0.21882912516593933, 0.049038439989089966, 0.22608515620231628, 0.9728725552558899),
            ["LowerTorso"] = CFrame.new(0.25521183013916016, -0.2984273433685303, -0.5939962267875671, 0.8978675603866577, 0.17052875459194183, -0.4058988094329834, -0.23471422493457794, 0.9654027819633484, -0.11360806226730347, 0.3724823296070099, 0.19727520644664764, 0.9068293571472168),
            ["RightLowerLeg"] = CFrame.new(-1.4901161193847656e-07, -0.0001227259635925293, -0.00007726827607257292, 1, -8.940695295223122e-08, -7.450586281265714e-08, 2.2351741790771484e-07, 0.4781609773635864, 0.8782719373703003, 0, -0.8782722353935242, 0.4781615138053894),
            ["LeftUpperLeg"] = CFrame.new(0, -3.7997961044311523e-07, -2.1606683731079102e-07, 0.9613431096076965, 0.20529718697071075, 0.18350112438201904, -0.22372429072856903, 0.9708606004714966, 0.08589011430740356, -0.160521000623703, -0.12362421303987503, 0.9792600870132446),
            ["LeftLowerLeg"] = CFrame.new(5.960464477539063e-08, 0.00012224912643432617, 0.0000774487853050232, 1, 1.862645149230957e-08, -9.313221305262687e-09, 1.1175874448099421e-08, 0.8647781014442444, 0.5021546483039856, 2.7939687896605392e-08, -0.5021542310714722, 0.8647778034210205),
        }},
        {Time = 0.117, Data = {
            ["RightFoot"] = CFrame.new(-2.1606683731079102e-07, 2.980232238769531e-07, -3.55576048605144e-08, 0.872220516204834, 0.48532381653785706, 0.06077636405825615, -0.4415389895439148, 0.8347356915473938, -0.3290255069732666, -0.2104157954454422, 0.26014822721481323, 0.9423633217811584),
            ["LeftLowerArm"] = CFrame.new(1.7881393432617188e-07, 2.384185791015625e-07, -4.470348358154297e-08, 1, -8.568164844291459e-08, 1.1548395661975519e-07, 2.4214383387288763e-08, -0.35836806893348694, -0.9335804581642151, 1.4156101713069802e-07, 0.9335803389549255, -0.3583678603172302),
            ["RightUpperArm"] = CFrame.new(-1.7881393432617188e-07, -5.960464477539062e-07, -3.8743019104003906e-07, 0.8127090930938721, 0.19409039616584778, 0.5493929982185364, 0.26740866899490356, 0.713485598564148, -0.6476355791091919, -0.5176839232444763, 0.6732511520385742, 0.5279541015625),
            ["Head"] = CFrame.new(7.450580596923828e-09, 5.960464477539062e-07, 0, 0.9165223240852356, -0.2687205970287323, 0.2962704300880432, 0.33284229040145874, 0.9231576919555664, -0.19234399497509003, -0.22181767225265503, 0.27489861845970154, 0.9355360865592957),
            ["RightHand"] = CFrame.new(0, 5.960464477539063e-08, 1.4901161193847656e-07, 0.2365388423204422, -0.040468234568834305, 0.9707790017127991, -0.9611740112304688, 0.1363828331232071, 0.239883691072464, -0.1421051025390625, -0.9898293614387512, -0.006637401878833771),
            ["UpperTorso"] = CFrame.new(1.4901161193847656e-08, 2.9802322387695312e-08, -2.9802322387695312e-08, 0.9742172956466675, -0.21883735060691833, -0.05487196519970894, 0.21967914700508118, 0.8647047877311707, 0.4516933858394623, -0.05139923468232155, -0.45210158824920654, 0.8904842734336853),
            ["HumanoidRootPart"] = CFrame.new(0, 0, 0, 1, 0, 0, 0, 1, 0, 0, 0, 1),
            ["RightUpperLeg"] = CFrame.new(1.7881393432617188e-07, 4.470348358154297e-08, 4.300818545743823e-08, 0.7222840785980225, -0.5362818241119385, 0.43670225143432617, 0.6899209022521973, 0.6026469469070435, -0.4010293483734131, -0.0481126494705677, 0.590947151184082, 0.805274248123169),
            ["LeftUpperArm"] = CFrame.new(1.7881393432617188e-07, -4.76837158203125e-07, -1.341104507446289e-07, 0.8618124723434448, 0.4711989164352417, 0.1877494603395462, -0.3229469656944275, 0.7951644062995911, -0.5132443308830261, -0.39113232493400574, 0.3816872537136078, 0.8374547958374023),
            ["RightLowerArm"] = CFrame.new(2.384185791015625e-07, 2.384185791015625e-07, -1.7881393432617188e-07, 1, -7.450579886381092e-08, 8.381902460996571e-08, 8.195637946073475e-08, -0.3518420159816742, -0.9360595345497131, 1.0244546899684792e-07, 0.9360594153404236, -0.3518417179584503),
            ["LeftHand"] = CFrame.new(0, -3.5762786865234375e-07, 0, 0.6800066828727722, -0.3194964528083801, -0.6599337458610535, 0.7320484519004822, 0.34640294313430786, 0.5866091251373291, 0.041183244436979294, -0.8820017576217651, 0.469443678855896),
            ["LeftFoot"] = CFrame.new(-1.4901161193847656e-08, 5.960464477539063e-08, 0, 0.8500674962997437, -0.5266746878623962, 0.0008613842073827982, 0.5207229256629944, 0.8402153253555298, -0.15127430856227875, 0.07894883304834366, 0.12904253602027893, 0.9884914755821228),
            ["LowerTorso"] = CFrame.new(0.28112736344337463, -0.29506421089172363, -0.5964349508285522, 0.8904785513877869, 0.1972217857837677, -0.41006287932395935, -0.26101213693618774, 0.9595760703086853, -0.10529221594333649, 0.37272053956985474, 0.2007918506860733, 0.9059592485427856),
            ["RightLowerLeg"] = CFrame.new(-2.9802322387695312e-08, -0.00012296438217163086, -0.00007743218884570524, 1, -1.4901154088420299e-07, -1.3411056443146663e-07, 2.2351741790771484e-07, 0.450987309217453, 0.8925303220748901, 7.450580596923828e-08, -0.8925303816795349, 0.4509875178337097),
            ["LeftUpperLeg"] = CFrame.new(2.980232238769531e-07, -3.688037395477295e-07, -1.6391277313232422e-07, 0.9673144817352295, 0.20365123450756073, 0.15109291672706604, -0.22623156011104584, 0.9622339010238647, 0.15140996873378754, -0.11455197632312775, -0.18064364790916443, 0.9768552184104919),
            ["LeftLowerLeg"] = CFrame.new(2.8312206268310547e-07, 0.0001220703125, 0.0000776026863604784, 1, 8.568167686462402e-08, -3.7252898543727042e-09, 2.0489098417897367e-08, 0.9250173568725586, 0.37992507219314575, -1.1990779924531125e-08, -0.3799249827861786, 0.925017237663269),
        }},
        {Time = 0.133, Data = {
            ["RightFoot"] = CFrame.new(1.4901161193847656e-08, 3.5762786865234375e-07, -3.55576048605144e-08, 0.879871129989624, 0.4746582508087158, -0.022962182760238647, -0.44704386591911316, 0.8103593587875366, -0.37877213954925537, -0.1611792892217636, 0.3435364067554474, 0.9252050518989563),
            ["LeftLowerArm"] = CFrame.new(5.960464477539063e-08, 1.1920928955078125e-07, 1.4901161193847656e-07, 1, -1.1920928955078125e-07, 1.1548398504146462e-07, 1.0989606380462646e-07, -0.3532504141330719, -0.9355288743972778, 8.940696716308594e-08, 0.9355288743972778, -0.3532501757144928),
            ["RightUpperArm"] = CFrame.new(-2.384185791015625e-07, 0, 1.6391277313232422e-07, 0.7963467836380005, 0.19483600556850433, 0.5726000666618347, 0.28898096084594727, 0.7090902924537659, -0.6431814432144165, -0.531339704990387, 0.677665114402771, 0.5083768367767334),
            ["Head"] = CFrame.new(0, 0, -1.4901161193847656e-08, 0.9175274968147278, -0.26308107376098633, 0.2982141673564911, 0.3263838589191437, 0.9266039729118347, -0.18675869703292847, -0.2271939069032669, 0.26868826150894165, 0.9360499382019043),
            ["RightHand"] = CFrame.new(-1.341104507446289e-07, 2.980232238769531e-07, -2.9802322387695312e-08, 0.23630672693252563, -0.05443905293941498, 0.9701525568962097, -0.9659311175346375, 0.0952736958861351, 0.24062426388263702, -0.1055290475487709, -0.9939614534378052, -0.03007047437131405),
            ["UpperTorso"] = CFrame.new(-8.940696716308594e-08, 2.384185791015625e-07, -1.1920928955078125e-07, 0.9675473570823669, -0.2451489120721817, -0.061270855367183685, 0.2463127225637436, 0.8608531355857849, 0.4452664256095886, -0.05641128867864609, -0.4459080100059509, 0.8932993412017822),
            ["HumanoidRootPart"] = CFrame.new(0, 0, 0, 1, 0, 0, 0, 1, 0, 0, 0, 1),
            ["RightUpperLeg"] = CFrame.new(-2.384185791015625e-07, 8.493661880493164e-07, -7.620110409334302e-08, 0.7147646546363831, -0.5095747709274292, 0.4790050983428955, 0.6899994015693665, 0.62553471326828, -0.3641520142555237, -0.11407199501991272, 0.5907959342002869, 0.7987161874771118),
            ["LeftUpperArm"] = CFrame.new(0, -2.384185791015625e-07, 1.1175870895385742e-07, 0.8336066007614136, 0.52890545129776, 0.159242182970047, -0.389447957277298, 0.7672342658042908, -0.5095909833908081, -0.39170190691947937, 0.3627817928791046, 0.8455524444580078),
            ["RightLowerArm"] = CFrame.new(2.384185791015625e-07, -1.1920928955078125e-07, -2.980232238769531e-07, 1, -5.960463056453591e-08, 1.3038513202445756e-07, 1.1175870895385742e-07, -0.3518419861793518, -0.9360595345497131, 1.4156103134155273e-07, 0.9360594749450684, -0.3518417179584503),
            ["LeftHand"] = CFrame.new(1.4901161193847656e-08, -1.7881393432617188e-07, 1.7881393432617188e-07, 0.7252702713012695, -0.2891085147857666, -0.6248189210891724, 0.6873452663421631, 0.35579484701156616, 0.6332194805145264, 0.03923790529370308, -0.888721764087677, 0.45676520466804504),
            ["LeftFoot"] = CFrame.new(-8.940696716308594e-08, -1.1920928955078125e-07, 1.1175870895385742e-07, 0.8414538502693176, -0.5372117757797241, -0.05797258019447327, 0.5313994288444519, 0.8421949148178101, -0.09121695905923843, 0.09782709181308746, 0.04594925418496132, 0.9941422343254089),
            ["LowerTorso"] = CFrame.new(0.3083899915218353, -0.2935051918029785, -0.598487913608551, 0.886196494102478, 0.21338734030723572, -0.4112440347671509, -0.2771436870098114, 0.9554574489593506, -0.10145138949155807, 0.37127774953842163, 0.20387956500053406, 0.905862033367157),
