return {
    ["Be Gone"] = {
        {Time = 0.000, Data = {
            ["RightFoot"] = CFrame.new(3.725290298461914e-09, 2.980232238769531e-07, 1.6596459317952394e-08, 0.9697034358978271, -0.10937602072954178, 0.21843118965625763, -0.0022520890925079584, 0.8901265859603882, 0.4557078778743744, -0.2442750334739685, -0.44239288568496704, 0.8629125952720642),
            ["LeftLowerArm"] = CFrame.new(-3.5762786865234375e-07, -3.5762786865234375e-07, 5.960464477539063e-08, 1, 5.960460924825384e-08, 6.705521116145974e-08, 2.9802315282267955e-08, 0.7184911370277405, -0.6955357789993286, 2.0116563348437921e-07, 0.6955360770225525, 0.7184914946556091),
            ["RightUpperArm"] = CFrame.new(-1.1920928955078125e-07, -0.06523764133453369, -5.960464477539063e-08, 0.8586549758911133, 0.3855825662612915, -0.33769506216049194, -0.35456201434135437, 0.9226114153862, 0.15190184116363525, 0.3701317310333252, -0.010697517544031143, 0.9289175868034363),
            ["Head"] = CFrame.new(-3.725290298461914e-08, -4.76837158203125e-07, -2.9802322387695312e-08, 0.9935930967330933, 0.11204596608877182, -0.014786697924137115, -0.11218640208244324, 0.9619711637496948, -0.24904966354370117, -0.013680599629878998, 0.24911287426948547, 0.9683778285980225),
            ["RightHand"] = CFrame.new(1.1920928955078125e-07, 5.960464477539063e-08, -1.4901161193847656e-08, 0.7357034087181091, -0.023560887202620506, 0.6768940091133118, 0.6500341892242432, 0.3052864372730255, -0.6958838105201721, -0.190252885222435, 0.9519691467285156, 0.2399173080921173),
            ["UpperTorso"] = CFrame.new(-2.60770320892334e-08, -1.1920928955078125e-07, -3.725290298461914e-08, 0.996141791343689, 0.0013267024187371135, -0.08774826675653458, 0.00932442955672741, 0.9926270246505737, 0.12084987014532089, 0.0872618556022644, -0.12120150774717331, 0.9887849688529968),
            ["HumanoidRootPart"] = CFrame.new(0, 0, 0, 1, 0, 0, 0, 1, 0, 0, 0, 1),
            ["RightUpperLeg"] = CFrame.new(-0.000025510787963867188, -0.00012597674503922462, -0.004997463896870613, 0.9552670121192932, -0.02123584784567356, -0.294982373714447, -0.18223914504051208, 0.743281364440918, -0.6436783671379089, 0.2329246997833252, 0.6686418056488037, 0.7061611413955688),
            ["LeftUpperArm"] = CFrame.new(5.960464477539063e-08, -0.06523799896240234, 0, 0.7057943940162659, 0.011640850454568863, -0.708321213722229, -0.5321752429008484, 0.6686779856681824, -0.5192872881889343, 0.4675937294960022, 0.7434609532356262, 0.47814416885375977),
            ["RightLowerArm"] = CFrame.new(5.960464477539063e-08, 1.7881393432617188e-07, -1.4156103134155273e-07, 1, 2.430749077575456e-07, 7.450581485102248e-09, 3.911554458113642e-08, -0.22991783916950226, -0.9732108116149902, 3.911554244950821e-07, 0.9732100963592529, -0.2299150824546814),
            ["LeftHand"] = CFrame.new(8.940696716308594e-08, 0, 2.2351741790771484e-07, 0.27566224336624146, 0.5917317271232605, -0.7575381398200989, -0.9561277627944946, 0.2500724196434021, -0.15258954465389252, 0.09914769232273102, 0.7663663625717163, 0.6347065567970276),
            ["LeftFoot"] = CFrame.new(-1.4901161193847656e-08, 0, 5.960464477539063e-08, 0.966738760471344, -0.1185029074549675, -0.22665855288505554, 0.09350885450839996, 0.9885976910591125, -0.11802685260772705, 0.23805947601795197, 0.09290680289268494, 0.9667965173721313),
            ["LowerTorso"] = CFrame.new(9.573728476652832e-09, 0.17992734909057617, 0.2080991417169571, 0.561003565788269, 0.025401301681995392, -0.8274236917495728, 0.08638350665569305, 0.9922757148742676, 0.0890318900346756, 0.8232939839363098, -0.12142369151115417, 0.5544758439064026),
            ["RightLowerLeg"] = CFrame.new(3.725290298461914e-08, 1.1920928955078125e-07, 9.110226528719068e-08, 1, -1.0617080192787398e-07, -5.5879314508899824e-09, 2.9802322387695312e-08, 0.716512143611908, 0.6975753903388977, -6.705522537231445e-08, -0.6975747346878052, 0.7165113687515259),
            ["LeftUpperLeg"] = CFrame.new(0.000025510787963867188, 0.00012539606541395187, 0.0049974024295806885, 0.9310827851295471, 0.34693455696105957, -0.11279522627592087, -0.3631940186023712, 0.9105950593948364, -0.19724470376968384, 0.03428029641509056, 0.22461727261543274, 0.9738439321517944),
            ["LeftLowerLeg"] = CFrame.new(-7.450580596923828e-08, -1.1920928955078125e-07, 2.2351741790771484e-08, 1, 4.4703469370688254e-08, -2.980233659855003e-08, -5.2154071283894154e-08, 0.7254340648651123, 0.6882911920547485, -1.4901162970204496e-08, -0.6882916688919067, 0.7254346609115601),
        }},
        {Time = 0.033, Data = {
            ["RightFoot"] = CFrame.new(-7.450580596923828e-08, 2.980232238769531e-07, 1.6596459317952394e-08, 0.9823547005653381, -0.13677750527858734, 0.12756040692329407, 0.07771971076726913, 0.9189004302024841, 0.38675782084465027, -0.17011480033397675, -0.37001878023147583, 0.9133164286613464),
            ["LeftLowerArm"] = CFrame.new(2.384185791015625e-07, -5.960464477539062e-07, -2.086162567138672e-07, 1, 4.39583999423121e-07, 2.6077020720549626e-07, 3.1292447033592907e-07, 0.8407167792320251, -0.5414741039276123, 5.140901748745819e-07, 0.5414751172065735, 0.8407174348831177),
            ["RightUpperArm"] = CFrame.new(-1.1920928955078125e-07, -0.065238356590271, -8.940696716308594e-08, 0.8765735030174255, 0.32551470398902893, -0.3544841408729553, -0.286981463432312, 0.9448232650756836, 0.15795820951461792, 0.38634252548217773, -0.036731526255607605, 0.9216236472129822),
            ["Head"] = CFrame.new(-6.705522537231445e-08, -4.76837158203125e-07, -7.078051567077637e-08, 0.9929995536804199, 0.1064273938536644, 0.05123740807175636, -0.09173551946878433, 0.968124270439148, -0.23306693136692047, -0.07440865784883499, 0.22673508524894714, 0.9711100459098816),
            ["RightHand"] = CFrame.new(-5.587935447692871e-08, 1.1920928955078125e-07, 1.2665987014770508e-07, 0.7633147239685059, -0.001357346074655652, 0.6460274457931519, 0.6116138696670532, 0.3235386312007904, -0.7219744324684143, -0.2080366462469101, 0.9462140202522278, 0.24779324233531952),
            ["UpperTorso"] = CFrame.new(3.725290298461914e-09, -5.960464477539063e-08, 1.1175870895385742e-08, 0.9926268458366394, -0.0031575565226376057, -0.12116938084363937, 0.011476012878119946, 0.9976188540458679, 0.06800715625286102, 0.12066563963890076, -0.06889637559652328, 0.9902995228767395),
            ["HumanoidRootPart"] = CFrame.new(0, 0, 0, 1, 0, 0, 0, 1, 0, 0, 0, 1),
            ["RightUpperLeg"] = CFrame.new(-0.000025570392608642578, -0.00012562423944473267, -0.004997508600354195, 0.9609454870223999, -0.03779252618551254, -0.2741469144821167, -0.16642656922340393, 0.712548553943634, -0.6815983057022095, 0.22110190987586975, 0.700604259967804, 0.6784300804138184),
            ["LeftUpperArm"] = CFrame.new(-2.384185791015625e-07, -0.06523847579956055, -4.470348358154297e-08, 0.7415423393249512, -0.040726806968450546, -0.669668972492218, -0.5101365447044373, 0.614065408706665, -0.6022329330444336, 0.4357474148273468, 0.7882037162780762, 0.4345792233943939),
            ["RightLowerArm"] = CFrame.new(-1.7881393432617188e-07, -4.172325134277344e-07, 7.450580596923828e-09, 1, -5.955796495982213e-07, 6.219486294867238e-07, -2.454037826282729e-07, -0.31589293479919434, -0.948795735836029, -4.842883072342374e-07, 0.9487948417663574, -0.31589043140411377),
            ["LeftHand"] = CFrame.new(1.7881393432617188e-07, -1.7881393432617188e-07, -2.9802322387695312e-08, 0.24967263638973236, 0.6638044714927673, -0.7050022482872009, -0.9681463837623596, 0.18531112372875214, -0.16837982833385468, 0.01887497678399086, 0.7245850563049316, 0.6889266967773438),
            ["LeftFoot"] = CFrame.new(-1.4901161193847656e-08, 1.1920928955078125e-07, -2.9802322387695312e-08, 0.9685436487197876, -0.18306007981300354, -0.16856203973293304, 0.16566988825798035, 0.9797864556312561, -0.11212201416492462, 0.18567924201488495, 0.0806695818901062, 0.9792934656143188),
            ["LowerTorso"] = CFrame.new(0.013110359199345112, 0.1538543701171875, 0.18686936795711517, 0.5216571688652039, 0.059495601803064346, -0.8510780930519104, 0.07101916521787643, 0.9910749197006226, 0.11281304806470871, 0.8501942157745361, -0.11929338425397873, 0.5127761960029602),
            ["RightLowerLeg"] = CFrame.new(-7.450580596923828e-08, 0, 1.6596459317952394e-08, 1, -1.2665985593685036e-07, -3.6321573304576305e-08, 1.5273688802608376e-07, 0.7129255533218384, 0.7012397646903992, -7.4505797087454084e-09, -0.7012398838996887, 0.7129254937171936),
            ["LeftUpperLeg"] = CFrame.new(0.000025510787963867188, 0.0001256689429283142, 0.004997536540031433, 0.9322353005409241, 0.3438442051410675, -0.11273975670337677, -0.34956035017967224, 0.9362589120864868, -0.03500840440392494, 0.09351551532745361, 0.07204528152942657, 0.9930076599121094),
            ["LeftLowerLeg"] = CFrame.new(-1.4901161193847656e-08, 0, 2.2351741790771484e-08, 1, 7.4505797087454084e-09, -1.4901159417490817e-08, -6.705523958316917e-08, 0.8493441939353943, 0.5278393030166626, -2.421439226907296e-08, -0.5278393626213074, 0.8493441939353943),
        }},
        {Time = 0.067, Data = {
            ["RightFoot"] = CFrame.new(-6.332993507385254e-08, 2.980232238769531e-07, 1.1008523870259523e-08, 0.9815190434455872, -0.12812450528144836, 0.14214414358139038, 0.06849049031734467, 0.9287856817245483, 0.3642335534095764, -0.1786884367465973, -0.34776628017425537, 0.9203961491584778),
            ["LeftLowerArm"] = CFrame.new(1.1920928955078125e-07, -1.7881393432617188e-07, -6.556510925292969e-07, 1, 2.8312186373113946e-07, 3.8743010577491077e-07, 2.3841855067985307e-07, 0.9992125630378723, -0.039676107466220856, 3.203749372460152e-07, 0.03967736288905144, 0.9992126226425171),
            ["RightUpperArm"] = CFrame.new(-5.960464477539063e-08, -0.06523776054382324, 5.960464477539063e-08, 0.8592309355735779, 0.2313413769006729, -0.45629340410232544, -0.18863902986049652, 0.9723367094993591, 0.13775603473186493, 0.47553911805152893, -0.03228927403688431, 0.8791016340255737),
            ["Head"] = CFrame.new(0, 0, 3.725290298461914e-09, 0.989724338054657, 0.10279081016778946, 0.09939717501401901, -0.08052564412355423, 0.9751091599464417, -0.20658576488494873, -0.11815835535526276, 0.19645923376083374, 0.9733666777610779),
            ["RightHand"] = CFrame.new(1.341104507446289e-07, -1.1920928955078125e-07, 2.1606683731079102e-07, 0.7752934694290161, 0.034959301352500916, 0.6306350231170654, 0.5838844776153564, 0.3410435914993286, -0.7367259860038757, -0.24083013832569122, 0.9393972754478455, 0.2439967691898346),
            ["UpperTorso"] = CFrame.new(-3.725290298461914e-09, 5.960464477539063e-08, -1.1175870895385742e-08, 0.9887306094169617, -0.032304201275110245, -0.14617882668972015, 0.032786741852760315, 0.9994620084762573, 0.000886273046489805, 0.146071657538414, -0.005669154226779938, 0.9892578721046448),
            ["HumanoidRootPart"] = CFrame.new(0, 0, 0, 1, 0, 0, 0, 1, 0, 0, 0, 1),
            ["RightUpperLeg"] = CFrame.new(-0.000025510787963867188, -0.00012516602873802185, -0.004997463896870613, 0.9713284969329834, -0.04597776383161545, -0.2332547903060913, -0.13266274333000183, 0.7093389630317688, -0.6922706961631775, 0.1972859650850296, 0.7033663392066956, 0.6829007863998413),
            ["LeftUpperArm"] = CFrame.new(0, -0.06523764133453369, 1.4901161193847656e-08, 0.7129399180412292, -0.16785389184951782, -0.6808391213417053, -0.5643739104270935, 0.4388858377933502, -0.6991862654685974, 0.4161715507507324, 0.8827254772186279, 0.21816669404506683),
            ["RightLowerArm"] = CFrame.new(1.1920928955078125e-07, 1.1920928955078125e-07, -1.4901161193847656e-08, 1, -4.121094434594852e-07, 7.189805160123797e-07, -3.42727361157813e-07, -0.35686442255973816, -0.9341566562652588, -3.995381518961949e-07, 0.9341561794281006, -0.35686320066452026),
            ["LeftHand"] = CFrame.new(-4.470348358154297e-08, 5.960464477539063e-08, -1.7881393432617188e-07, 0.17862503230571747, 0.8248677849769592, -0.5363644361495972, -0.9733482003211975, 0.06845422834157944, -0.21887804567813873, -0.14382807910442352, 0.5611658692359924, 0.8151108026504517),
            ["LeftFoot"] = CFrame.new(-1.4901161193847656e-08, -1.1920928955078125e-07, -7.450580596923828e-08, 0.9797642827033997, -0.16276197135448456, -0.11649611592292786, 0.14932526648044586, 0.9819537997245789, -0.11605267971754074, 0.13328169286251068, 0.09630867838859558, 0.9863876104354858),
            ["LowerTorso"] = CFrame.new(0.03223015367984772, 0.06688189506530762, 0.16619862616062164, 0.4873444139957428, 0.10544436424970627, -0.8668200373649597, 0.03693173825740814, 0.9893050789833069, 0.141108438372612, 0.8724284768104553, -0.10078231990337372, 0.47823798656463623),
            ["RightLowerLeg"] = CFrame.new(-3.725290298461914e-08, 2.384185791015625e-07, -2.0656443666666746e-08, 1, -1.201405837036873e-07, -6.356273729579698e-08, 1.1175870895385742e-07, 0.7839868068695068, 0.6207776665687561, -4.0978193283081055e-08, -0.6207775473594666, 0.7839867472648621),
            ["LeftUpperLeg"] = CFrame.new(0.000025570392608642578, 0.00012565217912197113, 0.0049974918365478516, 0.9457314014434814, 0.3127998113632202, -0.08803300559520721, -0.30716410279273987, 0.948935329914093, 0.07190757989883423, 0.10603057593107224, -0.04096458852291107, 0.9935188293457031),
            ["LeftLowerLeg"] = CFrame.new(-8.940696716308594e-08, 5.960464477539063e-08, 7.450580596923828e-08, 1, 3.4458931708059026e-08, -5.960465188081798e-08, -7.450581485102248e-09, 0.9192836284637451, 0.3935951590538025, 5.2154071283894154e-08, -0.3935956656932831, 0.919283926486969),
        }},
        {Time = 0.100, Data = {
            ["RightFoot"] = CFrame.new(2.421438694000244e-08, 3.5762786865234375e-07, 9.029463399201632e-09, 0.9832944869995117, -0.09324421733617783, 0.156326025724411, 0.04013185203075409, 0.9487515091896057, 0.3134644329547882, -0.1775425523519516, -0.3019537925720215, 0.9366441369056702),
            ["LeftLowerArm"] = CFrame.new(0, -1.1920928955078125e-07, 5.960464477539063e-08, 1, 1.3411047916633834e-07, 4.4703490686970326e-08, 1.7881399116959074e-07, 0.9996208548545837, -0.027538146823644638, 5.96046660916727e-08, 0.027538485825061798, 0.999620795249939),
            ["RightUpperArm"] = CFrame.new(1.1920928955078125e-07, -0.065238356590271, -7.450580596923828e-08, 0.8483517169952393, 0.15650562942028046, -0.5057722330093384, -0.14216825366020203, 0.9875637888908386, 0.06712613254785538, 0.5099878907203674, 0.014958255924284458, 0.8600514531135559),
            ["Head"] = CFrame.new(3.3527612686157227e-08, 0, 3.725290298461914e-09, 0.985558271408081, 0.09795036911964417, 0.13813269138336182, -0.07313257455825806, 0.9819369316101074, -0.174503356218338, -0.15273036062717438, 0.1618814468383789, 0.9749194979667664),
            ["RightHand"] = CFrame.new(-1.862645149230957e-08, -5.960464477539063e-08, -2.0116567611694336e-07, 0.754127562046051, 0.0411815419793129, 0.6554387211799622, 0.6055306196212769, 0.3427256643772125, -0.7182396054267883, -0.25421327352523804, 0.9385325312614441, 0.2335209995508194),
            ["UpperTorso"] = CFrame.new(-8.847564458847046e-09, 1.1920928955078125e-07, 2.60770320892334e-08, 0.9852949380874634, -0.06644777208566666, -0.1574123203754425, 0.0563126876950264, 0.9960947036743164, -0.06800301373004913, 0.16131608188152313, 0.05813846364617348, 0.9851888418197632),
            ["HumanoidRootPart"] = CFrame.new(0, 0, 0, 1, 0, 0, 0, 1, 0, 0, 0, 1),
            ["RightUpperLeg"] = CFrame.new(-0.000025480985641479492, -0.00012550130486488342, -0.004997448995709419, 0.9759386777877808, -0.06276363134384155, -0.2088186889886856, -0.10486200451850891, 0.704553484916687, -0.7018606066703796, 0.19117479026317596, 0.7068700194358826, 0.6810187697410583),
            ["LeftUpperArm"] = CFrame.new(-1.1920928955078125e-07, -0.06523823738098145, 0, 0.7308359742164612, -0.02825542911887169, -0.681968092918396, -0.5813883543014526, 0.4976734519004822, -0.6436682939529419, 0.3575843274593353, 0.8669042587280273, 0.3472905158996582),
            ["RightLowerArm"] = CFrame.new(-2.9802322387695312e-08, 4.172325134277344e-07, -2.9802322387695312e-08, 1, -0.0000011352805131537025, 8.214258286898257e-07, -2.2724327664036537e-07, -0.36757105588912964, -0.9299953579902649, -0.0000011017573342542164, 0.9299955368041992, -0.3675713837146759),
            ["LeftHand"] = CFrame.new(8.940696716308594e-08, 1.7881393432617188e-07, -1.1920928955078125e-07, 0.17220298945903778, 0.8431022763252258, -0.5094361305236816, -0.9588714241981506, 0.02500714547932148, -0.28273749351501465, -0.22563642263412476, 0.5371715426445007, 0.8127326369285583),
            ["LeftFoot"] = CFrame.new(0, -5.960464477539063e-08, 1.341104507446289e-07, 0.9826120138168335, -0.18425807356834412, -0.02287350408732891, 0.18256014585494995, 0.9812458157539368, -0.061869874596595764, 0.03384382650256157, 0.056618377566337585, 0.997822105884552),
            ["LowerTorso"] = CFrame.new(0.05544117093086243, -0.04480433464050293, 0.14885208010673523, 0.4560936689376831, 0.1484789401292801, -0.8774579167366028, 0.002777854911983013, 0.9857410788536072, 0.16824650764465332, 0.8899273872375488, -0.07917437702417374, 0.44917792081832886),
            ["RightLowerLeg"] = CFrame.new(8.195638656616211e-08, 1.1920928955078125e-07, 9.110226528719068e-08, 1, -5.937182834259147e-08, -1.3504175910838967e-07, 6.705524668859653e-08, 0.8171607255935669, 0.5764101147651672, 1.4901166522918174e-08, -0.5764099359512329, 0.8171605467796326),
            ["LeftUpperLeg"] = CFrame.new(0.0000254213809967041, 0.0001256801187992096, 0.004997521638870239, 0.9513230919837952, 0.29639774560928345, -0.08446326851844788, -0.2612937390804291, 0.9209980368614197, 0.28894126415252686, 0.1634320318698883, -0.2528063654899597, 0.9536136984825134),
            ["LeftLowerLeg"] = CFrame.new(1.4901161193847656e-08, -1.7881393432617188e-07, 1.4901161193847656e-08, 1, 1.1175870895385742e-08, 5.21540641784668e-08, -7.450578820566989e-09, 0.9977906346321106, 0.06643692404031754, 5.960463056453591e-08, -0.06643703579902649, 0.9977906942367554),
        }},
        {Time = 0.133, Data = {
            ["RightFoot"] = CFrame.new(-1.862645149230957e-09, 4.172325134277344e-07, 1.287116901949048e-08, 0.9822255373001099, -0.08185165375471115, 0.16891981661319733, 0.08187464624643326, 0.9966191053390503, 0.0068299234844744205, -0.16890746355056763, 0.007122011389583349, 0.9856061935424805),
            ["LeftLowerArm"] = CFrame.new(-3.5762786865234375e-07, -1.1920928955078125e-07, -3.8743019104003906e-07, 1, 1.4901162614933128e-07, -2.9802322387695312e-08, 1.564622920113834e-07, 0.9996283054351807, -0.027265414595603943, -6.70552680048786e-08, 0.027265455573797226, 0.9996282458305359),
            ["RightUpperArm"] = CFrame.new(0, -0.06523823738098145, 6.705522537231445e-08, 0.872564435005188, 0.15684732794761658, -0.462634801864624, -0.17497901618480682, 0.9845649003982544, 0.0037740441039204597, 0.45608529448509216, 0.0776582732796669, 0.8865410089492798),
            ["Head"] = CFrame.new(7.450580596923828e-09, 1.1920928955078125e-07, 2.60770320892334e-08, 0.9831722378730774, 0.08668503165245056, 0.16080491244792938, -0.06488697975873947, 0.9885572195053101, -0.1361781507730484, -0.1707690805196762, 0.12345243990421295, 0.9775465726852417),
            ["RightHand"] = CFrame.new(-5.960464477539063e-08, 1.1920928955078125e-07, -8.381903171539307e-09, 0.683185875415802, 0.008794798515737057, 0.7301951050758362, 0.6971346735954285, 0.289823442697525, -0.6557446122169495, -0.21739445626735687, 0.9570397734642029, 0.19186995923519135),
            ["UpperTorso"] = CFrame.new(-1.1175870895385742e-08, 0, -2.2351741790771484e-08, 0.9850449562072754, -0.08412449061870575, -0.1503649353981018, 0.06703396886587143, 0.9910624623298645, -0.11533381789922714, 0.15872302651405334, 0.1035294160246849, 0.9818801283836365),
            ["HumanoidRootPart"] = CFrame.new(0, 0, 0, 1, 0, 0, 0, 1, 0, 0, 0, 1),
            ["RightUpperLeg"] = CFrame.new(-0.000025600194931030273, -0.0001254938542842865, -0.004997538402676582, 0.9734361171722412, -0.07795417308807373, -0.2152809500694275, -0.10548190027475357, 0.6818312406539917, -0.7238640189170837, 0.20321354269981384, 0.7273440361022949, 0.6554959416389465),
            ["LeftUpperArm"] = CFrame.new(0, -0.06523752212524414, 5.960464477539063e-08, 0.71764075756073, 0.019534947350621223, -0.6961396932601929, -0.6127674579620361, 0.49270308017730713, -0.6178674697875977, 0.3309195041656494, 0.8699782490730286, 0.36555346846580505),
            ["RightLowerArm"] = CFrame.new(1.1920928955078125e-07, -1.7881393432617188e-07, -7.450580596923828e-08, 1, -0.0000011324852948746411, 0.0000010919737860604073, -5.178165451980021e-07, -0.3547031581401825, -0.9349787831306458, -0.000001215029442391824, 0.9349790215492249, -0.3547038733959198),
            ["LeftHand"] = CFrame.new(1.4901161193847656e-07, 0, 5.960464477539063e-08, 0.1615508496761322, 0.846677839756012, -0.5069897174835205, -0.9571337103843689, 0.009275373071432114, -0.28949812054634094, -0.2404087781906128, 0.5320250391960144, 0.811881959438324),
            ["LeftFoot"] = CFrame.new(2.9802322387695312e-08, 1.1920928955078125e-07, -5.21540641784668e-08, 0.9732879996299744, -0.2217479944229126, 0.05948885530233383, 0.22645841538906097, 0.9698683023452759, -0.089840829372406, -0.03777484968304634, 0.10091282427310944, 0.9941779375076294),
            ["LowerTorso"] = CFrame.new(0.08082512766122818, -0.12370944023132324, 0.13787800073623657, 0.4281194806098938, 0.1710040420293808, -0.8873957991600037, -0.01273354608565569, 0.9829782843589783, 0.18328028917312622, 0.9036324620246887, -0.06716705113649368, 0.4230097234249115),
            ["RightLowerLeg"] = CFrame.new(0, 2.384185791015625e-07, 1.5815749065950513e-07, 1, -1.30385160446167e-07, -3.632156619914895e-08, 8.195639367158947e-08, 0.731003999710083, 0.6823735237121582, -4.842878098543224e-08, -0.6823732852935791, 0.7310037612915039),
            ["LeftUpperLeg"] = CFrame.new(0.000025540590286254883, 0.00012573227286338806, 0.004997462034225464, 0.9493921399116516, 0.2810565233230591, -0.14022478461265564, -0.21379196643829346, 0.9053053855895996, 0.36703425645828247, 0.2301034927368164, -0.31847989559173584, 0.9195775985717773),
            ["LeftLowerLeg"] = CFrame.new(0, -5.960464477539063e-08, 2.2351741790771484e-08, 1, -1.1175870895385742e-08, 0, 2.2351734685344127e-08, 0.9999861717224121, 0.0052576796151697636, 2.2351734685344127e-08, -0.005257679149508476, 0.9999862313270569),
        }},
        {Time = 0.167, Data = {
            ["RightFoot"] = CFrame.new(-1.6763806343078613e-08, 2.384185791015625e-07, -2.0656443666666746e-08, 0.9755691885948181, -0.08814053982496262, 0.2012374997138977, 0.11865159869194031, 0.9822950959205627, -0.1449757069349289, -0.18489597737789154, 0.1653108447790146, 0.9687547087669373),
            ["LeftLowerArm"] = CFrame.new(3.5762786865234375e-07, 1.1920928955078125e-07, 1.7881393432617188e-07, 1, 3.5017711752516334e-07, -1.2665977067172207e-07, 2.458691312767769e-07, 0.999619722366333, -0.027575097978115082, -2.2351738238057806e-08, 0.027575233951210976, 0.999619722366333),
            ["RightUpperArm"] = CFrame.new(0, -0.06523787975311279, -3.91155481338501e-08, 0.8918957114219666, 0.1869368851184845, -0.41179725527763367, -0.2537364959716797, 0.9605920910835266, -0.11349371075630188, 0.3743526041507721, 0.2057124674320221, 0.9041804671287537),
            ["Head"] = CFrame.new(4.0978193283081055e-08, 0, 2.7939677238464355e-09, 0.9839596152305603, 0.07462657243013382, 0.16203199326992035, -0.059271447360515594, 0.9934572577476501, -0.09761983156204224, -0.16825708746910095, 0.08645019680261612, 0.9819450974464417),
            ["RightHand"] = CFrame.new(1.4901161193847656e-08, -1.1920928955078125e-07, -2.980232238769531e-07, 0.5763982534408569, -0.026081634685397148, 0.8167557120323181, 0.7996234893798828, 0.22400568425655365, -0.5571528077125549, -0.16842631995677948, 0.9742388129234314, 0.1499699503183365),
            ["UpperTorso"] = CFrame.new(-5.587935447692871e-09, -2.9802322387695312e-08, -2.9802322387695312e-08, 0.9873860478401184, -0.08314765244722366, -0.1347416788339615, 0.0667395070195198, 0.9902800917625427, -0.12203051149845123, 0.14357849955558777, 0.11149854212999344, 0.9833378195762634),
            ["HumanoidRootPart"] = CFrame.new(0, 0, 0, 1, 0, 0, 0, 1, 0, 0, 0, 1),
            ["RightUpperLeg"] = CFrame.new(-0.000025600194931030273, -0.00012559816241264343, -0.004997448995709419, 0.9693410396575928, -0.0687069222331047, -0.23591983318328857, -0.11817493289709091, 0.7114259004592896, -0.692753255367279, 0.21543602645397186, 0.6993945240974426, 0.6814945936203003),
            ["LeftUpperArm"] = CFrame.new(0, -0.06523799896240234, 8.009374141693115e-08, 0.7035134434700012, 0.011051785200834274, -0.7105959057807922, -0.6291332840919495, 0.4747392535209656, -0.6154791116714478, 0.3305453360080719, 0.8800570964813232, 0.3409382700920105),
            ["RightLowerArm"] = CFrame.new(1.1920928955078125e-07, -1.1920928955078125e-07, -1.4901161193847656e-08, 1, -0.0000011399362165320781, 9.722990625959937e-07, -3.632164577993535e-07, -0.3108441233634949, -0.9504607915878296, -0.000001201408281303884, 0.9504609107971191, -0.31084445118904114),
            ["LeftHand"] = CFrame.new(4.3213367462158203e-07, -5.960464477539063e-08, -5.960464477539063e-08, 0.15345463156700134, 0.8474932312965393, -0.508141279220581, -0.9577889442443848, 0.0010631679324433208, -0.28747034072875977, -0.24308854341506958, 0.5308050513267517, 0.811882495880127),
            ["LeftFoot"] = CFrame.new(2.2351741790771484e-08, 0, 8.940696716308594e-08, 0.9579916596412659, -0.28450050950050354, 0.03623157739639282, 0.2852303683757782, 0.9583104252815247, -0.016841178759932518, -0.029930386692285538, 0.026468386873602867, 0.9992015361785889),
            ["LowerTorso"] = CFrame.new(0.10418831557035446, -0.1565549373626709, 0.13428525626659393, 0.41499975323677063, 0.15928390622138977, -0.8957698345184326, -0.006376216188073158, 0.9850407242774963, 0.17220427095890045, 0.9097991585731506, -0.06575395166873932, 0.4098074436187744),
            ["RightLowerLeg"] = CFrame.new(-8.940696716308594e-08, 2.980232238769531e-07, -1.6221747500821948e-07, 1, -1.1175872316471214e-07, -1.1175870895385742e-08, 1.043081283569336e-07, 0.7258727550506592, 0.6878294348716736, -2.60770320892334e-08, -0.6878290176391602, 0.7258724570274353),
            ["LeftUpperLeg"] = CFrame.new(0.000025451183319091797, 0.0001257341355085373, 0.0049974992871284485, 0.9443055391311646, 0.29193612933158875, -0.15186068415641785, -0.213224396109581, 0.8943224549293518, 0.3933463990688324, 0.2506442070007324, -0.3390585482120514, 0.9067618250846863),
            ["LeftLowerLeg"] = CFrame.new(-3.725290298461914e-08, -5.960464477539063e-08, -2.2351741790771484e-08, 1, 0, 5.2154071283894154e-08, 1.4901162970204496e-08, 0.9999843835830688, 0.005599194671958685, 7.450581485102248e-09, -0.005599194671958685, 0.9999843239784241),
        }},
        {Time = 0.200, Data = {
            ["RightFoot"] = CFrame.new(3.3527612686157227e-08, 2.980232238769531e-07, -8.584902388975024e-08, 0.9712356328964233, -0.09009972214698792, 0.22041693329811096, 0.11565171182155609, 0.9876285195350647, -0.10589750856161118, -0.20814895629882812, 0.128343403339386, 0.9696401953697205),
            ["LeftLowerArm"] = CFrame.new(2.980232238769531e-07, -1.1920928955078125e-07, 4.470348358154297e-07, 1, 2.0116556243010564e-07, 2.2724267978446733e-07, 1.9371512394172896e-07, 0.9996045231819153, -0.028118934482336044, 1.9744041424019088e-07, 0.028119822964072227, 0.9996045827865601),
            ["RightUpperArm"] = CFrame.new(1.1920928955078125e-07, -0.06523799896240234, -1.862645149230957e-08, 0.9060858488082886, 0.20721153914928436, -0.3688795268535614, -0.32055774331092834, 0.9052427411079407, -0.2788879871368408, 0.2761363983154297, 0.37094342708587646, 0.8866506218910217),
            ["Head"] = CFrame.new(1.862645149230957e-08, 1.1920928955078125e-07, -9.313225746154785e-10, 0.9899988174438477, 0.06391593813896179, 0.12576614320278168, -0.05558774992823601, 0.996090829372406, -0.06865332275629044, -0.12966257333755493, 0.06097579002380371, 0.9896816611289978),
            ["RightHand"] = CFrame.new(-5.21540641784668e-08, -5.960464477539063e-08, 8.940696716308594e-08, 0.4666518270969391, -0.02592109702527523, 0.884063184261322, 0.8565612435340881, 0.26223981380462646, -0.44444364309310913, -0.2203155905008316, 0.9646545052528381, 0.14457599818706512),
            ["UpperTorso"] = CFrame.new(-4.7497451305389404e-08, -2.682209014892578e-07, 3.725290298461914e-09, 0.9904686808586121, -0.0748833417892456, -0.11560338735580444, 0.06239103153347969, 0.9921755194664001, -0.10814507305622101, 0.1227971762418747, 0.09990151226520538, 0.9873908162117004),
            ["HumanoidRootPart"] = CFrame.new(0, 0, 0, 1, 0, 0, 0, 1, 0, 0, 0, 1),
            ["RightUpperLeg"] = CFrame.new(-0.000025510787963867188, -0.00012567266821861267, -0.004997434094548225, 0.9580152630805969, -0.05708921700716019, -0.280977338552475, -0.13225992023944855, 0.7814865112304688, -0.6097429394721985, 0.25439006090164185, 0.6213048100471497, 0.7411244511604309),
            ["LeftUpperArm"] = CFrame.new(-2.384185791015625e-07, -0.06523776054382324, 4.0978193283081055e-08, 0.6917095184326172, -0.09785163402557373, -0.715516209602356, -0.6246451735496521, 0.4161662757396698, -0.660775363445282, 0.36243143677711487, 0.904008150100708, 0.2267434448003769),
            ["RightLowerArm"] = CFrame.new(5.960464477539063e-08, 5.960464477539063e-08, 6.705522537231445e-08, 1, -0.0000011362116083546425, 7.115293669812672e-07, -3.8556805748157785e-07, -0.14420267939567566, -0.9895480871200562, -9.574008572599269e-07, 0.9895482063293457, -0.14420323073863983),
            ["LeftHand"] = CFrame.new(4.470348358154297e-08, 0, 0, 0.10916854441165924, 0.8136653900146484, -0.5709914565086365, -0.9657116532325745, -0.0493040531873703, -0.25489288568496704, -0.23554877936840057, 0.5792388319969177, 0.7803835272789001),
            ["LeftFoot"] = CFrame.new(-1.4901161193847656e-08, 1.1920928955078125e-07, -2.9802322387695312e-08, 0.9705849289894104, -0.2337554395198822, 0.057654768228530884, 0.2312944233417511, 0.9717831015586853, 0.04625822976231575, -0.06684199720621109, -0.03156225010752678, 0.9972643852233887),
            ["LowerTorso"] = CFrame.new(0.11463592946529388, -0.11833572387695312, 0.13618707656860352, 0.43357208371162415, 0.1321764588356018, -0.8913722634315491, 0.005405372940003872, 0.9887846112251282, 0.14925086498260498, 0.9011026620864868, -0.06953004002571106, 0.42799487709999084),
            ["RightLowerLeg"] = CFrame.new(-6.705522537231445e-08, -1.1920928955078125e-07, -6.908521754667163e-08, 1, -9.126959099603482e-08, -8.568163423205988e-08, 8.940694584680386e-08, 0.8030338287353516, 0.5959336161613464, -3.352760558072987e-08, -0.5959334969520569, 0.803033709526062),
            ["LeftUpperLeg"] = CFrame.new(0.0000254213809967041, 0.00012544915080070496, 0.004997454583644867, 0.9300051331520081, 0.28925463557243347, -0.22676686942577362, -0.2116377055644989, 0.9258633255958557, 0.3130265176296234, 0.30049949884414673, -0.2431231290102005, 0.9222750663757324),
            ["LeftLowerLeg"] = CFrame.new(4.0978193283081055e-08, 5.960464477539063e-08, -8.940696716308594e-08, 1, 1.862644971595273e-08, -1.4901162970204496e-08, -3.3527616238870905e-08, 0.982731282711029, 0.18503843247890472, 2.2351745343485163e-08, -0.18503859639167786, 0.9827313423156738),
        }},
        {Time = 0.233, Data = {
            ["RightFoot"] = CFrame.new(-6.51925802230835e-08, 3.5762786865234375e-07, -8.549250196665525e-09, 0.9675275087356567, -0.10088468343019485, 0.23176155984401703, 0.09183411300182343, 0.994541347026825, 0.04953490570187569, -0.2354934960603714, -0.02664230577647686, 0.9715107083320618),
            ["LeftLowerArm"] = CFrame.new(-4.470348358154297e-07, -5.960464477539063e-08, 8.940696716308594e-08, 1, -3.7252885221050747e-09, 3.3155092182823864e-07, 2.2351738238057806e-08, 0.9890769720077515, -0.14739835262298584, 3.054737760521675e-07, 0.14739979803562164, 0.9890772700309753),
            ["RightUpperArm"] = CFrame.new(-1.7881393432617188e-07, -0.065238356590271, 1.2479722499847412e-07, 0.9286963939666748, 0.16271086037158966, -0.333238810300827, -0.3240436613559723, 0.7930213212966919, -0.515861451625824, 0.18032920360565186, 0.5870624780654907, 0.7892013788223267),
            ["Head"] = CFrame.new(-2.7939677238464355e-08, -1.1920928955078125e-07, 3.725290298461914e-09, 0.997309148311615, 0.05233651027083397, 0.05133776366710663, -0.04921308159828186, 0.9969649314880371, -0.060325246304273605, -0.05433919280767441, 0.05763653665781021, 0.996857762336731),
            ["RightHand"] = CFrame.new(1.1920928955078125e-07, -1.1920928955078125e-07, -1.7881393432617188e-07, 0.3484877645969391, -0.022823993116617203, 0.9370360374450684, 0.877198338508606, 0.360197514295578, -0.31745898723602295, -0.33027172088623047, 0.9325968623161316, 0.14554469287395477),
            ["UpperTorso"] = CFrame.new(-2.0489096641540527e-08, 1.4901161193847656e-07, 2.2351741790771484e-08, 0.9942828416824341, -0.06546779721975327, -0.08435431867837906, 0.05958465114235878, 0.9957320690155029, -0.07047974318265915, 0.08860854059457779, 0.06505046039819717, 0.9939401149749756),
            ["HumanoidRootPart"] = CFrame.new(0, 0, 0, 1, 0, 0, 0, 1, 0, 0, 0, 1),
            ["RightUpperLeg"] = CFrame.new(-0.000025540590286254883, -0.0001253075897693634, -0.004997448995709419, 0.9381103515625, -0.046659525483846664, -0.3431799113750458, -0.13633102178573608, 0.861132025718689, -0.4897609055042267, 0.31837543845176697, 0.5062357187271118, 0.8014748096466064),
            ["LeftUpperArm"] = CFrame.new(0, -0.06523847579956055, -1.1362135410308838e-07, 0.7205438017845154, -0.2226584404706955, -0.6566886901855469, -0.5494720935821533, 0.39432933926582336, -0.7366037368774414, 0.4229622781276703, 0.8915871381759644, 0.16178661584854126),
            ["RightLowerArm"] = CFrame.new(-2.086162567138672e-07, 3.5762786865234375e-07, -1.4156103134155273e-07, 1, -6.780026069463929e-07, 2.5704480322019663e-07, -2.2351754580540728e-07, 0.18456660211086273, -0.9828200936317444, -4.954638939125289e-07, 0.9828200340270996, 0.18456603586673737),
            ["LeftHand"] = CFrame.new(5.21540641784668e-08, 1.1920928955078125e-07, 1.4901161193847656e-07, 0.027841661125421524, 0.706567108631134, -0.7070977687835693, -0.9776856899261475, -0.12809909880161285, -0.16649875044822693, -0.20822003483772278, 0.695955216884613, 0.6872342228889465),
            ["LeftFoot"] = CFrame.new(-8.195638656616211e-08, -5.960464477539063e-08, 1.4901161193847656e-08, 0.9896889925003052, -0.13288867473602295, 0.053446657955646515, 0.13625535368919373, 0.9885210990905762, -0.06526999920606613, -0.04416084289550781, 0.0718795508146286, 0.996435284614563),
            ["LowerTorso"] = CFrame.new(0.10907307267189026, -0.0588228702545166, 0.14101248979568481, 0.47404229640960693, 0.09565380960702896, -0.8752909898757935, 0.011555287055671215, 0.9933201670646667, 0.1148109883069992, 0.8804262280464172, -0.06454029679298401, 0.4697704613208771),
            ["RightLowerLeg"] = CFrame.new(8.195638656616211e-08, -1.1920928955078125e-07, 6.129994289949536e-08, 1, -6.984918599073353e-08, -1.5832478439392617e-08, 4.4703490686970326e-08, 0.9018081426620483, 0.432137131690979, 3.725290742551124e-09, -0.4321367144584656, 0.901807963848114),
            ["LeftUpperLeg"] = CFrame.new(0.000025540590286254883, 0.00012609176337718964, 0.004997462034225464, 0.9099443554878235, 0.18366952240467072, -0.3718436658382416, -0.21885840594768524, 0.9742408394813538, -0.05435851216316223, 0.3522815406322479, 0.13084425032138824, 0.9267024993896484),
            ["LeftLowerLeg"] = CFrame.new(5.587935447692871e-09, 0, 2.2351741790771484e-08, 1, 8.381902460996571e-08, 0, -6.193295831735668e-08, 0.6611197590827942, 0.7502803206443787, 6.519258732851085e-08, -0.7502804398536682, 0.6611199378967285),
        }},
        {Time = 0.267, Data = {
            ["RightFoot"] = CFrame.new(3.5390257835388184e-08, 2.980232238769531e-07, -2.996966941282153e-08, 0.9637752771377563, -0.11508233100175858, 0.24061138927936554, 0.06334831565618515, 0.9750789999961853, 0.21262182295322418, -0.2590835690498352, -0.18967650830745697, 0.9470471143722534),
            ["LeftLowerArm"] = CFrame.new(2.384185791015625e-07, 2.384185791015625e-07, 2.9802322387695312e-08, 1, 2.9429787673507235e-07, 1.1851071235469135e-07, 2.9616063557114103e-07, 0.8690927028656006, -0.49464908242225647, 1.9371513815258368e-07, 0.49464935064315796, 0.8690928220748901),
            ["RightUpperArm"] = CFrame.new(-2.384185791015625e-07, -0.065238356590271, -5.960464477539063e-08, 0.9710783362388611, 0.009569976478815079, -0.23856934905052185, -0.20863522589206696, 0.5198649168014526, -0.8283790946006775, 0.11609629541635513, 0.8541949391365051, 0.5068262219429016),
            ["Head"] = CFrame.new(-1.1175870895385742e-08, -1.1920928955078125e-07, -1.862645149230957e-08, 0.9984403252601624, 0.04330781102180481, -0.035232752561569214, -0.04556453973054886, 0.996779203414917, -0.06599307060241699, 0.03226126357913017, 0.06749555468559265, 0.9971978664398193),
            ["RightHand"] = CFrame.new(-1.1920928955078125e-07, 2.384185791015625e-07, -1.4901161193847656e-07, 0.2137152999639511, -0.14953862130641937, 0.9653826951980591, 0.9140945672988892, 0.37921473383903503, -0.14362049102783203, -0.3446112871170044, 0.9131453037261963, 0.2177370935678482),
            ["UpperTorso"] = CFrame.new(-7.916241884231567e-09, 2.9802322387695312e-08, -2.9802322387695312e-08, 0.9965524673461914, -0.07167399674654007, -0.04178433492779732, 0.07108825445175171, 0.997351884841919, -0.015361318364739418, 0.04277446120977402, 0.012338020838797092, 0.9990086555480957),
            ["HumanoidRootPart"] = CFrame.new(0, 0, 0, 1, 0, 0, 0, 1, 0, 0, 0, 1),
            ["RightUpperLeg"] = CFrame.new(-0.00002536177635192871, -0.00012546777725219727, -0.004997478798031807, 0.9161906242370605, -0.04103003069758415, -0.39863744378089905, -0.1191236600279808, 0.9218937754631042, -0.36867526173591614, 0.38262805342674255, 0.38526415824890137, 0.8397420644760132),
            ["LeftUpperArm"] = CFrame.new(0, -0.06523799896240234, 8.940696716308594e-08, 0.7931749224662781, -0.2419520616531372, -0.5588672161102295, -0.39510855078697205, 0.49388206005096436, -0.7745773792266846, 0.4634250998497009, 0.8351884484291077, 0.2961375117301941),
            ["RightLowerArm"] = CFrame.new(1.1920928955078125e-07, -2.384185791015625e-07, -1.4901161193847656e-08, 1, 2.4214378058218244e-08, -2.1979215603096236e-07, 2.5331974029541016e-07, 0.6887240409851074, -0.7250232100486755, -7.450580596923828e-08, 0.725023627281189, 0.6887245178222656),
            ["LeftHand"] = CFrame.new(-8.568167686462402e-08, 5.960464477539063e-08, 1.9371509552001953e-07, 0.005147892981767654, 0.5268886089324951, -0.8499191403388977, -0.9881662130355835, -0.12761755287647247, -0.08509835600852966, -0.15330097079277039, 0.8402988910675049, 0.5199960470199585),
            ["LeftFoot"] = CFrame.new(-6.705522537231445e-08, 0, 6.705522537231445e-08, 0.9976495504379272, -0.05844726786017418, -0.035770483314991, 0.05838172510266304, 0.9982902407646179, -0.00283510098233819, 0.035873886197805405, 0.0007397704757750034, 0.9993560910224915),
            ["LowerTorso"] = CFrame.new(0.09671842306852341, -0.009229183197021484, 0.14744143187999725, 0.5134589076042175, 0.06048819422721863, -0.8559795618057251, 0.0022630286403000355, 0.9974136352539062, 0.07184067368507385, 0.8581112623214722, -0.0388251394033432, 0.5119940638542175),
