return {
    ["Be Happy"] = {
        {Time = 0.000, Data = {
            ["LeftFoot"] = CFrame.new(-1.862645149230957e-08, 1.1920928955078125e-07, -2.0489096641540527e-08, 0.927644670009613, 0.17584958672523499, 0.3294873535633087, -0.01868450455367565, 0.9029635787010193, -0.4293232560157776, -0.3729965090751648, 0.39208894968032837, 0.8409041166305542),
            ["LeftLowerArm"] = CFrame.new(2.60770320892334e-07, 9.5367431640625e-07, -2.2351741790771484e-08, 1, -3.725294295264803e-09, 1.1175865211043856e-07, 2.7474028385654492e-08, 0.9645603895187378, -0.2638619542121887, -1.1711387060131528e-07, 0.26386216282844543, 0.9645604491233826),
            ["LowerTorso"] = CFrame.new(-0.02391938865184784, -0.12272942066192627, -0.040380172431468964, 0.916559100151062, -0.0011349011911079288, -0.39989757537841797, -0.03436402603983879, 0.9960734844207764, -0.08158878982067108, 0.3984200358390808, 0.08852294087409973, 0.9129212498664856),
            ["Head"] = CFrame.new(-4.563480615615845e-08, 0.0000010728836059570312, 2.421438694000244e-08, 0.8545453548431396, -0.15343987941741943, 0.496194064617157, 0.1361524760723114, 0.9881345629692078, 0.07108282297849655, -0.5012134313583374, 0.006814758758991957, 0.8652968406677246),
            ["RightUpperArm"] = CFrame.new(0, 4.76837158203125e-07, -5.8673322200775146e-08, 0.9980743527412415, 0.020704006776213646, 0.05847050994634628, -0.012114129960536957, 0.989560067653656, -0.1436084359884262, -0.060834769159555435, 0.14262597262859344, 0.9879058003425598),
            ["UpperTorso"] = CFrame.new(3.632158041000366e-08, -2.682209014892578e-07, 1.4435499906539917e-08, 0.9978476762771606, -0.06348307430744171, 0.01643451862037182, 0.06189536675810814, 0.9945656061172485, 0.08371550589799881, -0.02165996842086315, -0.08251825720071793, 0.9963542222976685),
            ["HumanoidRootPart"] = CFrame.new(0, 0, 0, 1, 0, 0, 0, 1, 0, 0, 0, 1),
            ["RightHand"] = CFrame.new(-5.960464477539063e-08, 4.172325134277344e-07, -2.682209014892578e-07, 0.9181323647499084, -0.2662711441516876, 0.2934834957122803, 0.23943991959095, 0.9628899097442627, 0.12454701960086823, -0.3157556354999542, -0.044078875333070755, 0.9478161334991455),
            ["LeftUpperArm"] = CFrame.new(5.960464477539063e-08, 7.152557373046875e-07, 6.798654794692993e-08, 0.9666537046432495, -0.03164269030094147, 0.25411930680274963, 0.04325989633798599, 0.9982525706291199, -0.040256038308143616, -0.2524072229862213, 0.04990697279572487, 0.9663348197937012),
            ["RightLowerArm"] = CFrame.new(-3.762543201446533e-07, 5.960464477539062e-07, 1.1920928955078125e-07, 1, -1.117587888899152e-08, 9.592622518539429e-08, 2.0489107299681564e-08, 0.9881182312965393, -0.153696209192276, -9.522777588699682e-08, 0.15369634330272675, 0.9881181716918945),
            ["LeftHand"] = CFrame.new(0, -2.384185791015625e-07, 1.9371509552001953e-07, 0.9481507539749146, 0.30207493901252747, 0.09879794716835022, -0.3086106479167938, 0.9493541717529297, 0.0590437650680542, -0.07595861703157425, -0.08647235482931137, 0.993354320526123),
            ["RightUpperLeg"] = CFrame.new(0, -8.760252967476845e-08, 7.450580596923828e-08, 0.9667471647262573, -0.19408077001571655, 0.1665291041135788, 0.25061607360839844, 0.8486215472221375, -0.46586284041404724, -0.0509069487452507, 0.4921118915081024, 0.8690453767776489),
            ["LeftUpperLeg"] = CFrame.new(-1.1920928955078125e-07, 9.598443284630775e-08, 1.4901161193847656e-08, 0.9753042459487915, -0.2150598019361496, -0.05030624940991402, 0.2038746476173401, 0.9642192721366882, -0.16946150362491608, 0.08495189994573593, 0.1550184190273285, 0.9842520356178284),
            ["RightLowerLeg"] = CFrame.new(-6.705522537231445e-08, -2.384185791015625e-07, 1.4901161193847656e-08, 1, 1.4901287670454622e-07, -1.1175804282004265e-08, -7.450579886381092e-08, 0.695871114730835, 0.7181801795959473, -2.9802318834981634e-08, -0.7181667685508728, 0.6958572864532471),
            ["RightFoot"] = CFrame.new(-3.725290298461914e-09, 5.960464477539063e-08, 7.450580596923828e-09, 0.9663512706756592, 0.18785351514816284, -0.17572177946567535, -0.20405364036560059, 0.9757651686668396, -0.07902828603982925, 0.15661264955997467, 0.11222119629383087, 0.9812626242637634),
            ["LeftLowerLeg"] = CFrame.new(-8.940696716308594e-08, 1.7881393432617188e-07, -1.4901161193847656e-08, 1, -1.862660248264092e-08, 9.68565530001797e-08, -8.940696716308594e-08, 0.7851154208183289, 0.6193681955337524, -1.1175870895385742e-07, -0.619349479675293, 0.7851006984710693),
        }},
        {Time = 0.033, Data = {
            ["LeftFoot"] = CFrame.new(-1.862645149230957e-08, 1.1920928955078125e-07, -2.0489096641540527e-08, 0.927644670009613, 0.17584958672523499, 0.3294873535633087, -0.01868450455367565, 0.9029635787010193, -0.4293232560157776, -0.3729965090751648, 0.39208894968032837, 0.8409041166305542),
            ["LeftLowerArm"] = CFrame.new(2.60770320892334e-07, 9.5367431640625e-07, -2.2351741790771484e-08, 1, -3.725294295264803e-09, 1.1175865211043856e-07, 2.7474028385654492e-08, 0.9645603895187378, -0.2638619542121887, -1.1711387060131528e-07, 0.26386216282844543, 0.9645604491233826),
            ["LowerTorso"] = CFrame.new(-0.02391938865184784, -0.12272942066192627, -0.040380172431468964, 0.916559100151062, -0.0011349011911079288, -0.39989757537841797, -0.03436402603983879, 0.9960734844207764, -0.08158878982067108, 0.3984200358390808, 0.08852294087409973, 0.9129212498664856),
            ["Head"] = CFrame.new(-4.563480615615845e-08, 0.0000010728836059570312, 2.421438694000244e-08, 0.8545453548431396, -0.15343987941741943, 0.496194064617157, 0.1361524760723114, 0.9881345629692078, 0.07108282297849655, -0.5012134313583374, 0.006814758758991957, 0.8652968406677246),
            ["RightUpperArm"] = CFrame.new(0, 4.76837158203125e-07, -5.8673322200775146e-08, 0.9980743527412415, 0.020704006776213646, 0.05847050994634628, -0.012114129960536957, 0.989560067653656, -0.1436084359884262, -0.060834769159555435, 0.14262597262859344, 0.9879058003425598),
            ["UpperTorso"] = CFrame.new(3.632158041000366e-08, -2.682209014892578e-07, 1.4435499906539917e-08, 0.9978476762771606, -0.06348307430744171, 0.01643451862037182, 0.06189536675810814, 0.9945656061172485, 0.08371550589799881, -0.02165996842086315, -0.08251825720071793, 0.9963542222976685),
            ["HumanoidRootPart"] = CFrame.new(0, 0, 0, 1, 0, 0, 0, 1, 0, 0, 0, 1),
            ["RightHand"] = CFrame.new(-5.960464477539063e-08, 4.172325134277344e-07, -2.682209014892578e-07, 0.9181323647499084, -0.2662711441516876, 0.2934834957122803, 0.23943991959095, 0.9628899097442627, 0.12454701960086823, -0.3157556354999542, -0.044078875333070755, 0.9478161334991455),
            ["LeftUpperArm"] = CFrame.new(5.960464477539063e-08, 7.152557373046875e-07, 6.798654794692993e-08, 0.9666537046432495, -0.03164269030094147, 0.25411930680274963, 0.04325989633798599, 0.9982525706291199, -0.040256038308143616, -0.2524072229862213, 0.04990697279572487, 0.9663348197937012),
            ["RightLowerArm"] = CFrame.new(-3.762543201446533e-07, 5.960464477539062e-07, 1.1920928955078125e-07, 1, -1.117587888899152e-08, 9.592622518539429e-08, 2.0489107299681564e-08, 0.9881182312965393, -0.153696209192276, -9.522777588699682e-08, 0.15369634330272675, 0.9881181716918945),
            ["LeftHand"] = CFrame.new(0, -2.384185791015625e-07, 1.9371509552001953e-07, 0.9481507539749146, 0.30207493901252747, 0.09879794716835022, -0.3086106479167938, 0.9493541717529297, 0.0590437650680542, -0.07595861703157425, -0.08647235482931137, 0.993354320526123),
            ["RightUpperLeg"] = CFrame.new(0, -8.760252967476845e-08, 7.450580596923828e-08, 0.9667471647262573, -0.19408077001571655, 0.1665291041135788, 0.25061607360839844, 0.8486215472221375, -0.46586284041404724, -0.0509069487452507, 0.4921118915081024, 0.8690453767776489),
            ["LeftUpperLeg"] = CFrame.new(-1.1920928955078125e-07, 9.598443284630775e-08, 1.4901161193847656e-08, 0.9753042459487915, -0.2150598019361496, -0.05030624940991402, 0.2038746476173401, 0.9642192721366882, -0.16946150362491608, 0.08495189994573593, 0.1550184190273285, 0.9842520356178284),
            ["RightLowerLeg"] = CFrame.new(-6.705522537231445e-08, -2.384185791015625e-07, 1.4901161193847656e-08, 1, 1.4901287670454622e-07, -1.1175804282004265e-08, -7.450579886381092e-08, 0.695871114730835, 0.7181801795959473, -2.9802318834981634e-08, -0.7181667685508728, 0.6958572864532471),
            ["RightFoot"] = CFrame.new(-3.725290298461914e-09, 5.960464477539063e-08, 7.450580596923828e-09, 0.9663512706756592, 0.18785351514816284, -0.17572177946567535, -0.20405364036560059, 0.9757651686668396, -0.07902828603982925, 0.15661264955997467, 0.11222119629383087, 0.9812626242637634),
            ["LeftLowerLeg"] = CFrame.new(-8.940696716308594e-08, 1.7881393432617188e-07, -1.4901161193847656e-08, 1, -1.862660248264092e-08, 9.68565530001797e-08, -8.940696716308594e-08, 0.7851154208183289, 0.6193681955337524, -1.1175870895385742e-07, -0.619349479675293, 0.7851006984710693),
        }},
        {Time = 0.067, Data = {
            ["LeftFoot"] = CFrame.new(-1.6763806343078613e-08, 1.7881393432617188e-07, -2.60770320892334e-08, 0.9306164383888245, 0.1763332337141037, 0.32073137164115906, -0.021822020411491394, 0.9014683365821838, -0.4323071837425232, -0.3653447926044464, 0.39529937505722046, 0.8427585959434509),
            ["LeftLowerArm"] = CFrame.new(2.0116567611694336e-07, 7.152557373046875e-07, 5.21540641784668e-08, 1, -1.1175883329883618e-08, 7.823106784599076e-08, 3.7951412679149144e-08, 0.9645511507987976, -0.26389601826667786, -1.1734670124496915e-07, 0.26389625668525696, 0.9645511507987976),
            ["LowerTorso"] = CFrame.new(-0.022521575912833214, -0.12420046329498291, -0.04261738806962967, 0.9170160889625549, -0.003849407657980919, -0.3988317549228668, -0.035759732127189636, 0.9951328039169312, -0.09182558953762054, 0.3972441256046295, 0.09846758097410202, 0.912415087223053),
            ["Head"] = CFrame.new(-4.0978193283081055e-08, 2.384185791015625e-07, 8.330971468240023e-09, 0.852796733379364, -0.15983401238918304, 0.4971829950809479, 0.13373447954654694, 0.9871072173118591, 0.08794568479061127, -0.504829466342926, -0.008509108796715736, 0.8631770610809326),
            ["RightUpperArm"] = CFrame.new(0, 4.76837158203125e-07, -6.058689905330539e-08, 0.9982665181159973, 0.022846458479762077, 0.05423945561051369, -0.014928857795894146, 0.9897357821464539, -0.14212508499622345, -0.05693117156624794, 0.1410713642835617, 0.9883615374565125),
            ["UpperTorso"] = CFrame.new(2.3865140974521637e-08, -2.682209014892578e-07, 1.1641532182693481e-09, 0.9977930188179016, -0.06428628414869308, 0.01662410795688629, 0.06254557520151138, 0.9939953088760376, 0.08978521078824997, -0.02229633927345276, -0.08854744583368301, 0.9958224296569824),
            ["HumanoidRootPart"] = CFrame.new(0, 0, 0, 1, 0, 0, 0, 1, 0, 0, 0, 1),
            ["RightHand"] = CFrame.new(5.960464477539063e-08, 0, -1.1920928955078125e-07, 0.915847897529602, -0.26892921328544617, 0.29816052317619324, 0.24184788763523102, 0.9622268080711365, 0.1250174343585968, -0.32051894068717957, -0.04238731041550636, 0.9462932348251343),
            ["LeftUpperArm"] = CFrame.new(5.960464477539063e-08, 2.384185791015625e-07, 4.651519702747464e-08, 0.9675392508506775, -0.030716916546225548, 0.25084182620048523, 0.041915975511074066, 0.9983431100845337, -0.039424117654561996, -0.24922087788581848, 0.04865877330303192, 0.9672250747680664),
            ["RightLowerArm"] = CFrame.new(-2.8312206268310547e-07, -5.960464477539062e-07, -5.960464477539063e-08, 1, -1.0244554538019202e-08, 1.1688099732509727e-07, 2.5145718396402117e-08, 0.9881162643432617, -0.1537085771560669, -8.568170528633345e-08, 0.15370875597000122, 0.9881163239479065),
            ["LeftHand"] = CFrame.new(-5.960464477539063e-08, -4.172325134277344e-07, 0, 0.9458940029144287, 0.30906906723976135, 0.09879766404628754, -0.3153538703918457, 0.9473413825035095, 0.0556439645588398, -0.07639730721712112, -0.08378943800926208, 0.9935505986213684),
            ["RightUpperLeg"] = CFrame.new(0, -9.906943887472153e-08, 5.960464477539063e-08, 0.9663518667221069, -0.1976640671491623, 0.16459694504737854, 0.2524009943008423, 0.8520035147666931, -0.4586712718009949, -0.04957598075270653, 0.48478761315345764, 0.8732288479804993),
            ["LeftUpperLeg"] = CFrame.new(-1.7881393432617188e-07, -3.727618604898453e-07, -1.4901161193847656e-08, 0.9760084748268127, -0.21350616216659546, -0.04268726333975792, 0.20442833006381989, 0.9660702347755432, -0.15785518288612366, 0.0749431699514389, 0.14533914625644684, 0.9865392446517944),
            ["RightLowerLeg"] = CFrame.new(7.450580596923828e-08, 1.1920928955078125e-07, 2.2351741790771484e-07, 1, 5.960517057701509e-08, 7.450531569475061e-08, -2.980232594040899e-08, 0.6906309723854065, 0.7232208251953125, 1.4901162970204496e-08, -0.7232073545455933, 0.6906168460845947),
            ["RightFoot"] = CFrame.new(-5.21540641784668e-08, 5.960464477539063e-08, -4.0978193283081055e-08, 0.9674383401870728, 0.18642562627792358, -0.17120248079299927, -0.20330111682415009, 0.9752574563026428, -0.08684851974248886, 0.150770366191864, 0.11882132291793823, 0.9814005494117737),
            ["LeftLowerLeg"] = CFrame.new(-2.9802322387695312e-08, 5.960464477539063e-08, 1.4901161193847656e-08, 1, 3.7253215623422875e-08, 5.960403370863787e-08, -8.940696716308594e-08, 0.7834717631340027, 0.6214458346366882, -1.0803341865539551e-07, -0.6214275360107422, 0.7834572196006775),
        }},
        {Time = 0.100, Data = {
            ["LeftFoot"] = CFrame.new(1.862645149230957e-08, 0, 0, 0.9355456829071045, 0.17737814784049988, 0.3054504692554474, -0.027369461953639984, 0.8985689878463745, -0.4379909932613373, -0.35214388370513916, 0.40138623118400574, 0.8454962968826294),
            ["LeftLowerArm"] = CFrame.new(1.3783574104309082e-07, 2.384185791015625e-07, -1.4901161193847656e-08, 1, 7.450589478708025e-09, 1.1175868053214799e-07, 3.725293495904225e-08, 0.9645426273345947, -0.26392704248428345, -9.848744753071514e-08, 0.26392725110054016, 0.9645426869392395),
            ["LowerTorso"] = CFrame.new(-0.019523391500115395, -0.12611877918243408, -0.045760612934827805, 0.9177932143211365, -0.010547070764005184, -0.3969185948371887, -0.03630934655666351, 0.993229329586029, -0.11035042256116867, 0.3953950107097626, 0.11569070816040039, 0.911196231842041),
            ["Head"] = CFrame.new(-2.991873770952225e-08, 5.960464477539062e-07, 1.0710209608078003e-08, 0.8468856811523438, -0.17419321835041046, 0.5024355053901672, 0.1300598680973053, 0.983981728553772, 0.12192040681838989, -0.5156248807907104, -0.037905823439359665, 0.8559755086898804),
            ["RightUpperArm"] = CFrame.new(2.384185791015625e-07, 5.960464477539062e-07, -4.6566128730773926e-08, 0.9987080693244934, 0.024566782638430595, 0.04448252171278, -0.018206611275672913, 0.9902477264404297, -0.1381208747625351, -0.04744302108883858, 0.137134850025177, 0.9894160032272339),
            ["UpperTorso"] = CFrame.new(1.5323166735470295e-08, -1.1920928955078125e-07, 1.4028046280145645e-08, 0.9976902604103088, -0.06576264649629593, 0.017013566568493843, 0.06369934231042862, 0.9927526116371155, 0.10190548002719879, -0.023591862991452217, -0.10058645159006119, 0.9946486353874207),
            ["HumanoidRootPart"] = CFrame.new(0, 0, 0, 1, 0, 0, 0, 1, 0, 0, 0, 1),
            ["RightHand"] = CFrame.new(5.960464477539063e-08, -6.556510925292969e-07, -2.980232238769531e-07, 0.9111137390136719, -0.2793760895729065, 0.3030191957950592, 0.25173431634902954, 0.9593497514724731, 0.12758611142635345, -0.32634589076042175, -0.03996514156460762, 0.944405198097229),
            ["LeftUpperArm"] = CFrame.new(-1.1920928955078125e-07, 2.384185791015625e-07, 4.284083843231201e-08, 0.9679125547409058, -0.02779248170554638, 0.2497398406267166, 0.03867576643824577, 0.9984992146492004, -0.03877585753798485, -0.24829299747943878, 0.04719060659408569, 0.9675363302230835),
            ["RightLowerArm"] = CFrame.new(-8.940696716308594e-08, -4.172325134277344e-07, 1.7881393432617188e-07, 1, -3.725293407086383e-09, 1.0291116581129245e-07, 1.862645504502325e-08, 0.988114058971405, -0.15372289717197418, -8.03265933768671e-08, 0.1537230759859085, 0.988114058971405),
            ["LeftHand"] = CFrame.new(1.1920928955078125e-07, 0, -1.4901161193847656e-08, 0.9411371946334839, 0.3262602984905243, 0.08840401470661163, -0.3315022885799408, 0.9419819712638855, 0.052688904106616974, -0.06608469784259796, -0.07889354228973389, 0.9946902394294739),
            ["RightUpperLeg"] = CFrame.new(-2.9802322387695312e-08, -3.8975849747657776e-07, 1.1920928955078125e-07, 0.9664378762245178, -0.19749508798122406, 0.1642952710390091, 0.25149959325790405, 0.8577863574028015, -0.44826942682266235, -0.05240103602409363, 0.47455063462257385, 0.8786703944206238),
            ["LeftUpperLeg"] = CFrame.new(-5.960464477539063e-08, -2.3329630494117737e-07, -4.470348358154297e-08, 0.9775031805038452, -0.2088373601436615, -0.029568448662757874, 0.2029346525669098, 0.9694163203239441, -0.13802340626716614, 0.05748936906456947, 0.12891530990600586, 0.9899875521659851),
            ["RightLowerLeg"] = CFrame.new(-5.21540641784668e-08, -5.960464477539063e-08, 7.450580596923828e-08, 1, 8.940776297094999e-08, -2.2351599682224332e-08, -5.960463766996327e-08, 0.6789438724517822, 0.7342033386230469, 6.70552182668871e-08, -0.7341902256011963, 0.6789296269416809),
            ["RightFoot"] = CFrame.new(5.4016709327697754e-08, 1.1920928955078125e-07, 3.725290298461914e-09, 0.9685120582580566, 0.18470145761966705, -0.1669471710920334, -0.20146597921848297, 0.9753841757774353, -0.0896565169095993, 0.14627328515052795, 0.12046266347169876, 0.9818810820579529),
            ["LeftLowerLeg"] = CFrame.new(-4.470348358154297e-08, 1.7881393432617188e-07, -5.960464477539063e-08, 1, 2.980257107765283e-08, 1.7881197322822118e-07, -3.725290298461914e-08, 0.7793672680854797, 0.626586377620697, 1.1175870895385742e-08, -0.6265674829483032, 0.779352068901062),
        }},
        {Time = 0.133, Data = {
            ["LeftFoot"] = CFrame.new(3.3527612686157227e-08, 5.960464477539063e-08, -1.6763806343078613e-08, 0.935716450214386, 0.17702630162239075, 0.30513158440589905, -0.026412980630993843, 0.8977009057998657, -0.43982622027397156, -0.3517630994319916, 0.4034785330295563, 0.8446583151817322),
            ["LeftLowerArm"] = CFrame.new(1.7136335372924805e-07, 5.960464477539062e-07, -1.1175870895385742e-07, 1, 0, 1.0058281674218961e-07, 3.5390282704383935e-08, 0.9604381322860718, -0.27849337458610535, -1.0803349681509644e-07, 0.27849364280700684, 0.9604381322860718),
            ["LowerTorso"] = CFrame.new(-0.01677100732922554, -0.12417685985565186, -0.044103458523750305, 0.9179069995880127, -0.01781545579433441, -0.3963955044746399, -0.030590618029236794, 0.9928411841392517, -0.11545857787132263, 0.39561474323272705, 0.11810624599456787, 0.9107908010482788),
            ["Head"] = CFrame.new(-1.4784745872020721e-08, 1.1920928955078125e-07, 1.7462298274040222e-08, 0.8447167873382568, -0.17752014100551605, 0.5049161314964294, 0.12698698043823242, 0.9829291701316833, 0.13313452899456024, -0.5199305415153503, -0.04834311082959175, 0.8528394103050232),
            ["RightUpperArm"] = CFrame.new(0, 3.5762786865234375e-07, -2.514570951461792e-08, 0.9989262819290161, 0.025582756847143173, 0.03862510621547699, -0.020094964653253555, 0.9904613494873047, -0.13631585240364075, -0.04174497351050377, 0.13539554178714752, 0.989912211894989),
            ["UpperTorso"] = CFrame.new(1.3154931366443634e-08, -3.2782554626464844e-07, 4.6100467443466187e-08, 0.9977405667304993, -0.06469575315713882, 0.01812269538640976, 0.06240958720445633, 0.9923424124717712, 0.10659082233905792, -0.02488003298640251, -0.1052190437912941, 0.9941377639770508),
            ["HumanoidRootPart"] = CFrame.new(0, 0, 0, 1, 0, 0, 0, 1, 0, 0, 0, 1),
            ["RightHand"] = CFrame.new(-5.960464477539063e-08, -2.384185791015625e-07, -2.2351741790771484e-07, 0.9091835618019104, -0.2887093424797058, 0.30005329847335815, 0.2616383731365204, 0.9566773772239685, 0.12772585451602936, -0.32392987608909607, -0.03762068599462509, 0.9453327655792236),
            ["LeftUpperArm"] = CFrame.new(0, 0, -1.0244548320770264e-08, 0.964882493019104, -0.025683429092168808, 0.2614176869392395, 0.03768171742558479, 0.99844890832901, -0.04098692908883095, -0.2599654197692871, 0.04939836636185646, 0.9643551707267761),
            ["RightLowerArm"] = CFrame.new(-3.203749656677246e-07, -5.960464477539062e-07, 1.4901161193847656e-07, 1, 7.450585925994346e-09, 1.1129301924484025e-07, 2.980232594040899e-08, 0.9865819811820984, -0.16326643526554108, -7.217750663812694e-08, 0.1632666289806366, 0.9865819811820984),
            ["LeftHand"] = CFrame.new(1.1920928955078125e-07, 0, -1.4901161193847656e-08, 0.9358541965484619, 0.34614062309265137, 0.06605850160121918, -0.34975799918174744, 0.935262143611908, 0.05435067042708397, -0.04296903684735298, -0.07396867871284485, 0.9963344931602478),
            ["RightUpperLeg"] = CFrame.new(-2.9802322387695312e-08, 1.0151416063308716e-07, 4.470348358154297e-08, 0.9680690765380859, -0.1847754418849945, 0.16940994560718536, 0.24293658137321472, 0.8582068681716919, -0.4521704316139221, -0.06184069439768791, 0.4788936674594879, 0.8756953477859497),
            ["LeftUpperLeg"] = CFrame.new(-5.960464477539063e-08, -1.0151416063308716e-07, 1.4901161193847656e-08, 0.9789502024650574, -0.20182567834854126, -0.03037714585661888, 0.19600021839141846, 0.9711449146270752, -0.13587528467178345, 0.05692458897829056, 0.12705904245376587, 0.9902601838111877),
            ["RightLowerLeg"] = CFrame.new(1.9371509552001953e-07, -5.960464477539063e-08, 0, 1, 9.685843593842947e-08, 3.725266140008898e-08, -7.450579886381092e-08, 0.6714103817939758, 0.7410988807678223, -7.4505797087454084e-09, -0.7410858273506165, 0.6713959574699402),
            ["RightFoot"] = CFrame.new(8.940696716308594e-08, 1.7881393432617188e-07, -7.450580596923828e-09, 0.9662482738494873, 0.18242624402046204, -0.18189837038516998, -0.19710023701190948, 0.9781592488288879, -0.0660049319267273, 0.165879026055336, 0.09962514787912369, 0.9810996055603027),
            ["LeftLowerLeg"] = CFrame.new(-1.4901161193847656e-08, -1.7881393432617188e-07, -3.725290298461914e-08, 1, 1.8626613140781956e-08, 7.450501016137423e-08, -1.1920927533992653e-07, 0.7756851315498352, 0.6311389207839966, -8.195637946073475e-08, -0.6311201453208923, 0.7756698727607727),
        }},
        {Time = 0.167, Data = {
            ["LeftFoot"] = CFrame.new(1.6763806343078613e-08, 0, -1.862645149230957e-08, 0.9342818856239319, 0.1742887943983078, 0.3110462725162506, -0.0228891558945179, 0.8999026417732239, -0.43550267815589905, -0.35579997301101685, 0.399748295545578, 0.8447412252426147),
            ["LeftLowerArm"] = CFrame.new(5.774199962615967e-07, 7.748603820800781e-07, 0, 1, 7.450589478708025e-09, 1.3038504675932927e-07, 2.933667531124229e-08, 0.9538934826850891, -0.3001452684402466, -9.3132300094112e-08, 0.3001454472541809, 0.9538935422897339),
            ["LowerTorso"] = CFrame.new(-0.015429442748427391, -0.11801385879516602, -0.03768237680196762, 0.9175134897232056, -0.021957237273454666, -0.39709821343421936, -0.0216837078332901, 0.9942277669906616, -0.10507634282112122, 0.39711320400238037, 0.1050194725394249, 0.911741316318512),
            ["Head"] = CFrame.new(-4.237517714500427e-08, 5.960464477539062e-07, 2.0489096641540527e-08, 0.8413767218589783, -0.1673075258731842, 0.5139004588127136, 0.13085448741912842, 0.9856483340263367, 0.10665201395750046, -0.5243685245513916, -0.0224881861358881, 0.8511942028999329),
            ["RightUpperArm"] = CFrame.new(2.384185791015625e-07, 3.5762786865234375e-07, -8.475035429000854e-08, 0.9989134073257446, 0.02562226727604866, 0.03893085569143295, -0.020140381529927254, 0.9906143546104431, -0.1351926475763321, -0.04203032702207565, 0.13426387310028076, 0.9900542497634888),
            ["UpperTorso"] = CFrame.new(8.731149137020111e-09, -8.940696716308594e-08, 2.3283064365386963e-09, 0.9979047775268555, -0.062233444303274155, 0.01769925467669964, 0.06010982394218445, 0.9929391741752625, 0.10226763039827347, -0.023938704282045364, -0.10098958015441895, 0.9945995211601257),
            ["HumanoidRootPart"] = CFrame.new(0, 0, 0, 1, 0, 0, 0, 1, 0, 0, 0, 1),
            ["RightHand"] = CFrame.new(-2.9802322387695312e-08, -5.960464477539063e-08, -1.4901161193847656e-07, 0.9086477160453796, -0.2942703664302826, 0.2962503731250763, 0.2680310308933258, 0.9550584554672241, 0.12658149003982544, -0.32018569111824036, -0.035613592714071274, 0.9466851353645325),
            ["LeftUpperArm"] = CFrame.new(1.1920928955078125e-07, 2.384185791015625e-07, 2.8870999813079834e-08, 0.9579711556434631, -0.024194130674004555, 0.28583642840385437, 0.0375179685652256, 0.9984450936317444, -0.04122801497578621, -0.2844007909297943, 0.05021940544247627, 0.9573912024497986),
            ["RightLowerArm"] = CFrame.new(-2.60770320892334e-07, -2.980232238769531e-07, 2.086162567138672e-07, 1, -1.8626460374093767e-08, 6.379556793945085e-08, 2.4214383387288763e-08, 0.9839720129966736, -0.17832286655902863, -1.5366821060069924e-07, 0.17832306027412415, 0.9839720726013184),
            ["LeftHand"] = CFrame.new(0, -1.1920928955078125e-07, 0, 0.9289358258247375, 0.3677564859390259, 0.04282035306096077, -0.36981281638145447, 0.9271958470344543, 0.05955159291625023, -0.01780238002538681, -0.07115501910448074, 0.9973063468933105),
            ["RightUpperLeg"] = CFrame.new(-2.9802322387695312e-08, -1.0710209608078003e-07, 4.470348358154297e-08, 0.9707996845245361, -0.17121697962284088, 0.1680240035057068, 0.23148135840892792, 0.8524319529533386, -0.4687976539134979, -0.06296507269144058, 0.49400854110717773, 0.8671775460243225),
            ["LeftUpperLeg"] = CFrame.new(-2.384185791015625e-07, 2.300366759300232e-07, -4.470348358154297e-08, 0.980504035949707, -0.19283732771873474, -0.037753768265247345, 0.18530941009521484, 0.9713534712791443, -0.1487736999988556, 0.0653623417019844, 0.13887496292591095, 0.9881503582000732),
            ["RightLowerLeg"] = CFrame.new(5.960464477539063e-08, -1.1920928955078125e-07, -4.470348358154297e-08, 1, 2.9802581735793865e-08, -6.332955138077523e-08, -1.1920927533992653e-07, 0.6743073463439941, 0.738463282585144, 1.4901159417490817e-08, -0.7384508848190308, 0.6742936968803406),
            ["RightFoot"] = CFrame.new(-6.51925802230835e-09, 5.960464477539063e-08, 1.862645149230957e-09, 0.963377058506012, 0.18897154927253723, -0.19025427103042603, -0.1964985430240631, 0.9802722334861755, -0.021332327276468277, 0.1824636310338974, 0.05793343484401703, 0.9815030694007874),
            ["LeftLowerLeg"] = CFrame.new(1.043081283569336e-07, -1.1920928955078125e-07, 3.725290298461914e-08, 1, 3.352789335053785e-08, 1.266584916947977e-07, -5.21540641784668e-08, 0.7768532633781433, 0.6297003030776978, -4.842877388000488e-08, -0.6296817064285278, 0.7768382430076599),
        }},
        {Time = 0.200, Data = {
            ["LeftFoot"] = CFrame.new(9.313225746154785e-09, 1.1920928955078125e-07, -9.313225746154785e-09, 0.9338616728782654, 0.16913436353206635, 0.3151260018348694, -0.018931232392787933, 0.9032532572746277, -0.4287025034427643, -0.357133150100708, 0.3943692743778229, 0.8467053174972534),
            ["LeftLowerArm"] = CFrame.new(2.942979335784912e-07, 0.0000011920928955078125, -5.21540641784668e-08, 1, 9.313243509723179e-09, 1.0617073797902776e-07, 4.458710378685282e-08, 0.9496546387672424, -0.31329840421676636, -8.60309938843784e-08, 0.31329864263534546, 0.9496546983718872),
            ["LowerTorso"] = CFrame.new(-0.014699971303343773, -0.1105726957321167, -0.02701227180659771, 0.9176692962646484, -0.022784121334552765, -0.396691232919693, -0.011280492879450321, 0.9964584708213806, -0.08332736045122147, 0.3971848487854004, 0.08094173669815063, 0.914162278175354),
            ["Head"] = CFrame.new(-1.3969838619232178e-08, 5.960464477539062e-07, 2.2351741790771484e-08, 0.8405283093452454, -0.14997164905071259, 0.5205967426300049, 0.1413470357656479, 0.9883460998535156, 0.0565079040825367, -0.5230042338371277, 0.02608848176896572, 0.8519306778907776),
            ["RightUpperArm"] = CFrame.new(0, 0, -2.60770320892334e-08, 0.9988512396812439, 0.024023275822401047, 0.04146197438240051, -0.01811048947274685, 0.9903351068496704, -0.137505903840065, -0.04436556622385979, 0.1365993320941925, 0.989632785320282),
            ["UpperTorso"] = CFrame.new(2.9336661100387573e-08, -2.682209014892578e-07, 2.0489096641540527e-08, 0.9981433153152466, -0.05922170728445053, 0.014238419011235237, 0.05766385793685913, 0.9940657019615173, 0.09224043041467667, -0.019616691395640373, -0.09124825149774551, 0.9956349730491638),
            ["HumanoidRootPart"] = CFrame.new(0, 0, 0, 1, 0, 0, 0, 1, 0, 0, 0, 1),
            ["RightHand"] = CFrame.new(0, -4.76837158203125e-07, -1.4901161193847656e-07, 0.9065223932266235, -0.2964288294315338, 0.30057796835899353, 0.27067214250564575, 0.9545197486877441, 0.12501589953899384, -0.32396581768989563, -0.03197157755494118, 0.9455284476280212),
            ["LeftUpperArm"] = CFrame.new(0, 2.384185791015625e-07, 6.705522537231445e-08, 0.9513741731643677, -0.022320812568068504, 0.3072212040424347, 0.03646435961127281, 0.9985191226005554, -0.04037274047732353, -0.30587172508239746, 0.049612339586019516, 0.9507814049720764),
            ["RightLowerArm"] = CFrame.new(-2.682209014892578e-07, -3.5762786865234375e-07, -2.9802322387695312e-08, 1, -1.676381877757649e-08, 9.126959099603482e-08, 3.1664978195067306e-08, 0.9813854694366455, -0.19204823672771454, -1.3085086436603888e-07, 0.19204844534397125, 0.9813854694366455),
            ["LeftHand"] = CFrame.new(0, 1.1920928955078125e-07, -1.4901161193847656e-07, 0.9237987995147705, 0.38210681080818176, 0.02429645135998726, -0.38287249207496643, 0.9215710759162903, 0.06415126472711563, 0.002121702069416642, -0.06856518238782883, 0.9976443648338318),
            ["RightUpperLeg"] = CFrame.new(0, 9.778887033462524e-08, 7.450580596923828e-08, 0.9747649431228638, -0.1650208830833435, 0.15033599734306335, 0.21861928701400757, 0.8419020771980286, -0.4933571517467499, -0.04515540227293968, 0.5137792229652405, 0.8567367792129517),
            ["LeftUpperLeg"] = CFrame.new(-5.960464477539063e-08, 1.4901161193847656e-07, -7.450580596923828e-08, 0.9824169874191284, -0.18117335438728333, -0.04508661478757858, 0.1707632839679718, 0.9695929288864136, -0.1753002256155014, 0.07547665387392044, 0.1645168513059616, 0.9834821224212646),
            ["RightLowerLeg"] = CFrame.new(-5.21540641784668e-08, -1.1920928955078125e-07, -1.043081283569336e-07, 1, 8.940774876009527e-08, 1.0058222699171893e-07, -7.450581307466564e-08, 0.6867403984069824, 0.7269157767295837, -6.705523247774181e-08, -0.7269027829170227, 0.6867266893386841),
            ["RightFoot"] = CFrame.new(-8.009374141693115e-08, -5.960464477539063e-08, 0, 0.9638253450393677, 0.196150541305542, -0.18046614527702332, -0.19447804987430573, 0.9805326461791992, 0.027093928307294846, 0.18226082623004913, 0.008982210420072079, 0.9832080602645874),
            ["LeftLowerLeg"] = CFrame.new(-7.450580596923828e-08, 1.7881393432617188e-07, 7.450580596923828e-09, 1, 4.470385661647924e-08, 4.470302883419208e-08, -5.960463056453591e-08, 0.7778746485710144, 0.6284375786781311, -6.705521116145974e-08, -0.6284194588661194, 0.7778600454330444),
        }},
        {Time = 0.233, Data = {
            ["LeftFoot"] = CFrame.new(-7.450580596923828e-09, 5.960464477539063e-08, -3.725290298461914e-09, 0.9352722764015198, 0.16322852671146393, 0.31405559182167053, -0.015901679173111916, 0.905793309211731, -0.42343467473983765, -0.35357174277305603, 0.3910180330276489, 0.8497483730316162),
            ["LeftLowerArm"] = CFrame.new(3.501772880554199e-07, 4.76837158203125e-07, -2.3748725652694702e-08, 1, 1.8626479914019e-08, 1.08033368917404e-07, 4.528559927052811e-08, 0.950395941734314, -0.3110426962375641, -9.228468655919642e-08, 0.3110429644584656, 0.9503958821296692),
            ["LowerTorso"] = CFrame.new(-0.012950217351317406, -0.10352468490600586, -0.013845816254615784, 0.9192113280296326, -0.02545263059437275, -0.39294135570526123, 0.001292991335503757, 0.9980984330177307, -0.061626799404621124, 0.3937627375125885, 0.056139931082725525, 0.9174962043762207),
            ["Head"] = CFrame.new(-3.3527612686157227e-08, 2.384185791015625e-07, -3.725290298461914e-09, 0.8415924310684204, -0.13125455379486084, 0.5239224433898926, 0.1566031128168106, 0.9876530170440674, -0.004126440268009901, -0.5169118046760559, 0.08552081882953644, 0.8517560362815857),
            ["RightUpperArm"] = CFrame.new(-5.960464477539063e-08, 3.5762786865234375e-07, -6.705522537231445e-08, 0.9987934231758118, 0.02122783102095127, 0.04428355023264885, -0.014859610237181187, 0.9901146292686462, -0.13946890830993652, -0.046807534992694855, 0.13864487409591675, 0.9892357587814331),
            ["UpperTorso"] = CFrame.new(2.421438694000244e-08, 8.940696716308594e-08, -8.381903171539307e-09, 0.9984120726585388, -0.05540023371577263, 0.010206052102148533, 0.05433052033185959, 0.9948654174804688, 0.08538729697465897, -0.014884145930409431, -0.08469730615615845, 0.9962955713272095),
            ["HumanoidRootPart"] = CFrame.new(0, 0, 0, 1, 0, 0, 0, 1, 0, 0, 0, 1),
            ["RightHand"] = CFrame.new(3.5762786865234375e-07, -1.7881393432617188e-07, -2.682209014892578e-07, 0.9078063368797302, -0.2967034876346588, 0.29640278220176697, 0.27163296937942505, 0.9544474482536316, 0.12347371876239777, -0.3195359408855438, -0.03157733380794525, 0.9470478296279907),
            ["LeftUpperArm"] = CFrame.new(1.1920928955078125e-07, 4.76837158203125e-07, 9.685754776000977e-08, 0.9515348672866821, -0.017758846282958984, 0.30702123045921326, 0.03134104982018471, 0.9987333416938782, -0.039364054799079895, -0.30594000220298767, 0.047078702598810196, 0.9508882761001587),
            ["RightLowerArm"] = CFrame.new(-3.2782554626464844e-07, -8.344650268554688e-07, 1.1920928955078125e-07, 1, 0, 1.1362133989223366e-07, 3.352762334429826e-08, 0.9782456159591675, -0.20744989812374115, -1.4482071719612577e-07, 0.20745016634464264, 0.9782456159591675),
            ["LeftHand"] = CFrame.new(5.960464477539063e-08, -2.384185791015625e-07, -1.1175870895385742e-07, 0.9219613671302795, 0.3858678638935089, 0.0330650620162487, -0.38721516728401184, 0.9200211763381958, 0.0602119117975235, -0.007186715491116047, -0.06831629574298859, 0.9976378083229065),
            ["RightUpperLeg"] = CFrame.new(1.1920928955078125e-07, 7.916241884231567e-08, 2.2351741790771484e-08, 0.9782539010047913, -0.15691626071929932, 0.13563284277915955, 0.20466072857379913, 0.8364244699478149, -0.5084315538406372, -0.03366676717996597, 0.5251393914222717, 0.8503535985946655),
            ["LeftUpperLeg"] = CFrame.new(-1.1920928955078125e-07, 2.868473529815674e-07, -5.21540641784668e-08, 0.9849088191986084, -0.16539856791496277, -0.050967033952474594, 0.15168987214565277, 0.9667363166809082, -0.2059406340122223, 0.08333547413349152, 0.19510066509246826, 0.9772363901138306),
            ["RightLowerLeg"] = CFrame.new(-1.1175870895385742e-07, 0, -8.940696716308594e-08, 1, 7.450640282513632e-08, 3.7252712026258905e-09, -7.450581307466564e-08, 0.7073724865913391, 0.7068539261817932, 2.2351745343485163e-08, -0.7068410515785217, 0.7073595523834229),
            ["RightFoot"] = CFrame.new(-5.587935447692871e-09, 0, 3.725290298461914e-08, 0.962573766708374, 0.20897367596626282, -0.17258110642433167, -0.19951589405536652, 0.9773452281951904, 0.07063882797956467, 0.1834263950586319, -0.033561576157808304, 0.9824591279029846),
            ["LeftLowerLeg"] = CFrame.new(-4.470348358154297e-08, -1.1920928955078125e-07, 5.960464477539063e-08, 1, 5.215450471496297e-08, 1.0430709806996674e-07, -3.725290653733282e-08, 0.7743886709213257, 0.6327288150787354, -5.960465188081798e-08, -0.6327102780342102, 0.7743734121322632),
        }},
        {Time = 0.267, Data = {
            ["LeftFoot"] = CFrame.new(1.30385160446167e-08, 1.1920928955078125e-07, -1.30385160446167e-08, 0.9372805953025818, 0.1578909307718277, 0.31077927350997925, -0.01398604828864336, 0.907855212688446, -0.41906362771987915, -0.34829509258270264, 0.388418972492218, 0.8531131148338318),
            ["LeftLowerArm"] = CFrame.new(4.3213367462158203e-07, 0.000001430511474609375, -3.3527612686157227e-08, 1, 0, 9.685750512744562e-08, 4.307369394496163e-08, 0.955182671546936, -0.2960169315338135, -9.790534249987104e-08, 0.29601719975471497, 0.955182671546936),
            ["LowerTorso"] = CFrame.new(-0.010085330344736576, -0.09746813774108887, -0.0004620160907506943, 0.9220139980316162, -0.03010891005396843, -0.38598397374153137, 0.01419183611869812, 0.9989297986030579, -0.0440216027200222, 0.3868963122367859, 0.03511066734790802, 0.9214546084403992),
            ["Head"] = CFrame.new(-6.705522537231445e-08, 5.960464477539062e-07, 2.9802322387695312e-08, 0.8451226949691772, -0.1145579144358635, 0.5221534967422485, 0.17059274017810822, 0.9834925532341003, -0.06033633276820183, -0.5066219568252563, 0.14006732404232025, 0.8507145643234253),
            ["RightUpperArm"] = CFrame.new(1.1920928955078125e-07, 7.152557373046875e-07, -2.2351741790771484e-08, 0.9988166689872742, 0.018430041149258614, 0.045007772743701935, -0.011746346950531006, 0.9894374012947083, -0.14448139071464539, -0.047196291387081146, 0.14378415048122406, 0.9884834289550781),
            ["UpperTorso"] = CFrame.new(2.1886080503463745e-08, -5.960464477539063e-08, 4.6566128730773926e-09, 0.9986286759376526, -0.05189424008131027, 0.006920964922755957, 0.05114518478512764, 0.9952547550201416, 0.08277849853038788, -0.011183715425431728, -0.08231112360954285, 0.9965440034866333),
            ["HumanoidRootPart"] = CFrame.new(0, 0, 0, 1, 0, 0, 0, 1, 0, 0, 0, 1),
            ["RightHand"] = CFrame.new(5.960464477539063e-08, 0, -2.384185791015625e-07, 0.9105990529060364, -0.29774051904678345, 0.28663545846939087, 0.27371746301651, 0.9541040658950806, 0.12150891870260239, -0.30965811014175415, -0.03218868374824524, 0.9503030180931091),
            ["LeftUpperArm"] = CFrame.new(-1.1920928955078125e-07, 5.960464477539062e-07, -8.195638656616211e-08, 0.9560768604278564, -0.008917417377233505, 0.292974054813385, 0.023007016628980637, 0.9987363815307617, -0.04468012973666191, -0.2922119200229645, 0.04945822432637215, 0.9550758600234985),
            ["RightLowerArm"] = CFrame.new(-1.7881393432617188e-07, 2.384185791015625e-07, -5.960464477539063e-08, 1, 3.725292962997173e-09, 1.0058280253133489e-07, 2.2351747119842003e-08, 0.9761602282524109, -0.2170509696006775, -1.0849910836441268e-07, 0.21705114841461182, 0.9761602282524109),
            ["LeftHand"] = CFrame.new(2.384185791015625e-07, -1.1920928955078125e-07, -8.195638656616211e-08, 0.9243278503417969, 0.37733525037765503, 0.056888774037361145, -0.38021320104599, 0.9233739972114563, 0.053089555352926254, -0.0324971005320549, -0.07070189714431763, 0.9969680309295654),
            ["RightUpperLeg"] = CFrame.new(-2.9802322387695312e-08, -3.5064294934272766e-07, -7.450580596923828e-09, 0.9803150296211243, -0.1452525407075882, 0.13372977077960968, 0.19377164542675018, 0.837756335735321, -0.5105013251304626, -0.03788274526596069, 0.526370644569397, 0.8494144082069397),
            ["LeftUpperLeg"] = CFrame.new(-1.7881393432617188e-07, 2.8079375624656677e-07, -7.450580596923828e-09, 0.9871405363082886, -0.1493968367576599, -0.05686681717634201, 0.13210222125053406, 0.9627181887626648, -0.23605675995349884, 0.0900147408246994, 0.22550912201404572, 0.9700738787651062),
