return {
    ["Bed Chem II"] = {
        {Time = 0.000, Data = {
            ["RightFoot"] = CFrame.new(-2.6542693376541138e-08, 2.384185791015625e-07, -5.788024282082915e-09, 0.9960304498672485, -0.027649274095892906, -0.08461074531078339, -0.035535138100385666, 0.7479978799819946, -0.6627488732337952, 0.08161324262619019, 0.6631248593330383, 0.7440463900566101),
            ["LeftLowerArm"] = CFrame.new(0, -2.980232238769531e-07, -7.644625506630354e-20, 1, -1.1920931797249068e-07, 1.713633110966839e-07, 1.192092469182171e-07, 0.6932578682899475, -0.7206893563270569, 1.2293453721667902e-07, 0.7206896543502808, 0.6932581663131714),
            ["RightUpperArm"] = CFrame.new(0.014136195182800293, 0.01599729061126709, 0.010216448456048965, 0.8866168856620789, -0.2769491374492645, -0.37041833996772766, 0.30261391401290894, 0.953040599822998, 0.011767490766942501, 0.34976473450660706, -0.12252721190452576, 0.9287905693054199),
            ["Head"] = CFrame.new(1.57160684466362e-09, -2.384185791015625e-07, 2.2264430299401283e-09, 0.9975410103797913, 0.06520552188158035, -0.025695841759443283, -0.06799990683794022, 0.9892386794090271, -0.12954828143119812, 0.01697206310927868, 0.130977064371109, 0.9912401437759399),
            ["RightHand"] = CFrame.new(-3.725290298461914e-08, 2.384185791015625e-07, 8.940696716308594e-08, 0.698030412197113, -0.5500938892364502, 0.45842158794403076, 0.6196086406707764, 0.7849094271659851, -0.0015960788587108254, -0.3589412271976471, 0.28515610098838806, 0.888733446598053),
            ["UpperTorso"] = CFrame.new(-3.5433913581073284e-09, -1.4901161193847656e-07, -5.026777216698974e-09, 0.9996491074562073, -0.026452623307704926, -0.001432104385457933, 0.02643827348947525, 0.9996076226234436, -0.009256822988390923, 0.001676410436630249, 0.00921573955565691, 0.9999561309814453),
            ["HumanoidRootPart"] = CFrame.new(0, 0, 0, 1, 0, 0, 0, 1, 0, 0, 0, 1),
            ["RightUpperLeg"] = CFrame.new(0, -2.364395186305046e-07, -6.035406840965152e-09, 0.9991185665130615, -0.02913528122007847, -0.030220091342926025, 0.005819760262966156, 0.8090981841087341, -0.5876449942588806, 0.04157213121652603, 0.586950957775116, 0.8085543513298035),
            ["LeftUpperArm"] = CFrame.new(-0.01670372486114502, 0.016675710678100586, 0.0102098248898983, 0.9534614086151123, 0.16871048510074615, 0.24989604949951172, -0.23321041464805603, 0.93797367811203, 0.256550669670105, -0.19111309945583344, -0.30288955569267273, 0.9336668848991394),
            ["RightLowerArm"] = CFrame.new(1.1920928955078125e-07, -2.980232238769531e-07, 2.9802322387695312e-08, 1, -1.043081780949251e-07, 9.685756197086448e-08, 2.6077040971017595e-08, 0.9425324201583862, -0.33411478996276855, 8.195641498787154e-08, 0.33411502838134766, 0.942532479763031),
            ["LeftHand"] = CFrame.new(-3.166496753692627e-08, -1.7881393432617188e-07, 5.21540641784668e-08, 0.8531997203826904, 0.4615788757801056, -0.24288953840732574, -0.41869768500328064, 0.8838001489639282, 0.2087816596031189, 0.3110348582267761, -0.07643560320138931, 0.9473198056221008),
            ["LeftFoot"] = CFrame.new(-2.3050233721733093e-08, 5.960464477539063e-08, -1.1586735126911663e-08, 0.9703463315963745, 0.034033551812171936, 0.23931141197681427, 0.1130424290895462, 0.8112097382545471, -0.5737243890762329, -0.2136574387550354, 0.5837640166282654, 0.7833073735237122),
            ["LowerTorso"] = CFrame.new(0.00012764059647452086, -0.3613227605819702, 0.10401959717273712, 0.9994206428527832, 0.034030139446258545, 0.0006026392802596092, -0.03403473645448685, 0.9993590116500854, 0.011098656803369522, -0.00022456409351434559, -0.011112738400697708, 0.9999382495880127),
            ["RightLowerLeg"] = CFrame.new(-1.3969838619232178e-08, 1.7881393432617188e-07, -6.038317224010825e-08, 1, -2.421438694000244e-07, -7.878991823417891e-07, 8.058270282162994e-07, 0.22780700027942657, 0.9737063050270081, -3.3527619791584584e-08, -0.9737063646316528, 0.22780725359916687),
            ["LeftUpperLeg"] = CFrame.new(-5.960464477539063e-08, -2.230517566204071e-07, -1.816079020500183e-08, 0.9975178241729736, -0.06474773585796356, 0.02767828293144703, 0.06781717389822006, 0.7775854468345642, -0.6251094937324524, 0.018952200189232826, 0.6254346966743469, 0.7800462245941162),
            ["LeftLowerLeg"] = CFrame.new(-8.055940270423889e-08, -2.384185791015625e-07, -3.099185619248601e-08, 1, 1.8626449271863521e-09, -6.314367055892944e-07, 4.85219175061502e-07, 0.27797505259513855, 0.9605882167816162, 2.6077039194660756e-08, -0.9605883359909058, 0.27797532081604004),
        }},
        {Time = 0.033, Data = {
            ["RightFoot"] = CFrame.new(-6.984919309616089e-09, 4.172325134277344e-07, 7.948983693495393e-09, 0.995737612247467, -0.0299450121819973, -0.08723560720682144, -0.03958993777632713, 0.715490996837616, -0.6974989175796509, 0.08330284059047699, 0.6979799270629883, 0.7112561464309692),
            ["LeftLowerArm"] = CFrame.new(-4.172325134277344e-07, 2.980232238769531e-07, -8.940696716308594e-08, 1, -1.1920931797249068e-07, 7.450577754752885e-08, 1.2665984172599565e-07, 0.7978760600090027, -0.6028211712837219, 4.8428763221863846e-08, 0.6028215289115906, 0.7978763580322266),
            ["RightUpperArm"] = CFrame.new(0.013379693031311035, 0.015541791915893555, 0.00880560651421547, 0.9422910809516907, -0.2776486575603485, -0.18707996606826782, 0.2924911677837372, 0.9545980095863342, 0.056494638323783875, 0.16290046274662018, -0.10795389860868454, 0.9807188510894775),
            ["Head"] = CFrame.new(2.3355823941528797e-09, -1.1920928955078125e-07, 2.6075213099829853e-09, 0.9963223338127136, 0.07727322727441788, -0.037024494260549545, -0.08135908842086792, 0.988709032535553, -0.1258385181427002, 0.02688250131905079, 0.12838797271251678, 0.9913595914840698),
            ["RightHand"] = CFrame.new(-5.774199962615967e-08, 5.960464477539063e-08, -1.1920928955078125e-07, 0.8186062574386597, -0.5075486302375793, 0.26884564757347107, 0.5460628271102905, 0.8328559398651123, -0.09036964178085327, -0.17804302275180817, 0.2207835465669632, 0.9589346051216125),
            ["UpperTorso"] = CFrame.new(1.0040821507573128e-09, 2.086162567138672e-07, 3.5961420508101583e-09, 0.9996100068092346, -0.027906302362680435, -0.001130149234086275, 0.027911651879549026, 0.9995977282524109, 0.005032574292272329, 0.0009892535163089633, -0.005062100477516651, 0.9999867081642151),
            ["HumanoidRootPart"] = CFrame.new(0, 0, 0, 1, 0, 0, 0, 1, 0, 0, 0, 1),
            ["RightUpperLeg"] = CFrame.new(0, 2.8698559617623687e-07, 2.0827428670600057e-08, 0.9991822242736816, -0.0284026600420475, -0.02877933718264103, 0.0039521995931863785, 0.7769426107406616, -0.6295592188835144, 0.040241047739982605, 0.6289305686950684, 0.776419460773468),
            ["LeftUpperArm"] = CFrame.new(-0.017455101013183594, 0.01661825180053711, 0.008800682611763477, 0.9673161506652832, 0.15137657523155212, 0.20343223214149475, -0.19322951138019562, 0.9595420360565186, 0.20479565858840942, -0.16420051455497742, -0.23741140961647034, 0.9574310183525085),
            ["RightLowerArm"] = CFrame.new(-4.172325134277344e-07, -4.172325134277344e-07, 2.9802322387695312e-08, 1, 4.842880230171431e-08, 4.47035120032524e-08, 7.63684582238966e-08, 0.9438817501068115, -0.33028313517570496, 6.33299421792799e-08, 0.33028361201286316, 0.9438819289207458),
            ["LeftHand"] = CFrame.new(1.564621925354004e-07, 2.384185791015625e-07, 5.21540641784668e-08, 0.8911210894584656, 0.3975367248058319, -0.21878615021705627, -0.37692877650260925, 0.9169504046440125, 0.13087017834186554, 0.2526417672634125, -0.03415433317422867, 0.9669569730758667),
            ["LeftFoot"] = CFrame.new(4.423782229423523e-09, -5.960464477539063e-08, 3.032278073078487e-08, 0.96913081407547, 0.0351957343518734, 0.2440219521522522, 0.12449797242879868, 0.7844379544258118, -0.6075834035873413, -0.21280452609062195, 0.6192077994346619, 0.755841076374054),
            ["LowerTorso"] = CFrame.new(0.0006240135990083218, -0.4237602949142456, 0.11489326506853104, 0.9994219541549683, 0.033959656953811646, 0.0015712613239884377, -0.033958010375499725, 0.9994227290153503, -0.0010612645419314504, -0.0016063941875472665, 0.0010072888107970357, 0.9999982714653015),
            ["RightLowerLeg"] = CFrame.new(-9.313225746154785e-09, 0, -1.4792749425396323e-07, 1, -2.980231101901154e-07, -7.040800937829772e-07, 7.762575364722579e-07, 0.11683507263660431, 0.9931513667106628, -6.519259443393821e-08, -0.9931513071060181, 0.11683522164821625),
            ["LeftUpperLeg"] = CFrame.new(0, 1.902153599075973e-07, 2.2118911147117615e-09, 0.9973112940788269, -0.06759921461343765, 0.028294548392295837, 0.06911139190196991, 0.7392228245735168, -0.6699056029319763, 0.024369116872549057, 0.6700598001480103, 0.741907000541687),
            ["LeftLowerLeg"] = CFrame.new(3.725290298461914e-09, -5.960464477539063e-08, 2.7681466008289135e-08, 1, -5.867333641162986e-08, -4.898757310911606e-07, 6.156044491945067e-07, 0.16536419093608856, 0.986232578754425, 1.0104853487291621e-07, -0.9862326383590698, 0.16536447405815125),
        }},
        {Time = 0.067, Data = {
            ["RightFoot"] = CFrame.new(-1.1175870895385742e-08, 3.5762786865234375e-07, 2.811793820001185e-08, 0.9954236745834351, -0.03317618742585182, -0.08961708098649979, -0.04201815649867058, 0.6903272271156311, -0.7222759127616882, 0.08582736551761627, 0.7227361798286438, 0.6857741475105286),
            ["LeftLowerArm"] = CFrame.new(3.2782554626464844e-07, -5.960464477539063e-08, 5.960464477539063e-08, 1, -3.16649760634391e-07, 1.6763800658736727e-07, 6.146726150291215e-08, 0.8980247378349304, -0.4399448335170746, 8.754427938129083e-08, 0.43994516134262085, 0.89802485704422),
            ["RightUpperArm"] = CFrame.new(0.0124891996383667, 0.015052080154418945, 0.007425832096487284, 0.95867919921875, -0.2844894528388977, 0.00016552978195250034, 0.28299421072006226, 0.9536999464035034, 0.10183700919151306, -0.029129402711987495, -0.09758217632770538, 0.9948011636734009),
            ["Head"] = CFrame.new(-3.128661774098873e-10, 0, -2.119122655130923e-09, 0.9948091506958008, 0.08862490952014923, -0.05000348389148712, -0.09427998214960098, 0.9876401424407959, -0.12521250545978546, 0.03828849270939827, 0.129276841878891, 0.9908691048622131),
            ["RightHand"] = CFrame.new(-3.856548573821783e-07, 0, 1.5832483768463135e-08, 0.9188050627708435, -0.3932378888130188, 0.0340752899646759, 0.3941749632358551, 0.909630537033081, -0.13114382326602936, 0.02057471126317978, 0.1339271515607834, 0.9907776117324829),
            ["UpperTorso"] = CFrame.new(1.0972144082188606e-08, 0, 3.6816345527768135e-09, 0.9996198415756226, -0.02747488021850586, -0.0023129533510655165, 0.027507642284035683, 0.9995003938674927, 0.015568999573588371, 0.0018840396078303456, -0.015626681968569756, 0.9998762011528015),
            ["HumanoidRootPart"] = CFrame.new(0, 0, 0, 1, 0, 0, 0, 1, 0, 0, 0, 1),
            ["RightUpperLeg"] = CFrame.new(0, -2.4668406695127487e-07, 4.412868293002248e-09, 0.9992282390594482, -0.02483302168548107, -0.03043726459145546, -0.0016599895898252726, 0.7474474310874939, -0.664318859577179, 0.039247237145900726, 0.6638566255569458, 0.7468293905258179),
            ["LeftUpperArm"] = CFrame.new(-0.01833665370941162, 0.016596674919128418, 0.007426680065691471, 0.979077160358429, 0.15294046700000763, 0.1342286318540573, -0.1691155582666397, 0.978418231010437, 0.1187339574098587, -0.11317252367734909, -0.13894976675510406, 0.9838114380836487),
            ["RightLowerArm"] = CFrame.new(-3.2782554626464844e-07, 7.748603820800781e-07, 1.257285475730896e-08, 1, -8.288776598419645e-08, 7.450585037815927e-09, 4.3772175217782205e-08, 0.9439533352851868, -0.33007901906967163, -5.937183633619725e-09, 0.330079048871994, 0.9439533352851868),
            ["LeftHand"] = CFrame.new(1.587904989719391e-07, -1.1920928955078125e-07, 3.3527612686157227e-08, 0.9565333724021912, 0.24143370985984802, -0.16356608271598816, -0.24572952091693878, 0.9693183302879333, -0.006251095794141293, 0.15703828632831573, 0.04617208242416382, 0.9865126609802246),
            ["LeftFoot"] = CFrame.new(-4.936009645462036e-08, 1.1920928955078125e-07, -3.859508979076054e-08, 0.9682512879371643, 0.03514212742447853, 0.24749663472175598, 0.1339322030544281, 0.7630492448806763, -0.6323116421699524, -0.21107295155525208, 0.6453843116760254, 0.734116792678833),
            ["LowerTorso"] = CFrame.new(0.002399501856416464, -0.47672951221466064, 0.12564638257026672, 0.9995057582855225, 0.031316764652729034, 0.002737910719588399, -0.03129306063055992, 0.9994757175445557, -0.00830906257033348, -0.002996688010171056, 0.00821927934885025, 0.9999617338180542),
            ["RightLowerLeg"] = CFrame.new(1.5832483768463135e-08, -5.960464477539063e-08, 9.421637514606118e-08, 1, -1.8626448650138627e-07, -6.391201168298721e-07, 8.196515750569233e-07, 0.028803300112485886, 0.9995850920677185, -1.7881401959130017e-07, -0.9995850920677185, 0.028803128749132156),
            ["LeftUpperLeg"] = CFrame.new(0, 7.881317287683487e-08, -2.223532646894455e-08, 0.9973604083061218, -0.0674341470003128, 0.026922937482595444, 0.06662733107805252, 0.7025610208511353, -0.7084978222846985, 0.028861984610557556, 0.7084212899208069, 0.7051992416381836),
            ["LeftLowerLeg"] = CFrame.new(-5.122274160385132e-08, -2.980232238769531e-07, 2.665657063971594e-07, 1, -6.612390990312633e-08, -5.271285772323608e-07, 5.029143039791961e-07, 0.07170921564102173, 0.9974256157875061, 1.5040863843296393e-07, -0.9974256157875061, 0.07170931249856949),
        }},
        {Time = 0.100, Data = {
            ["RightFoot"] = CFrame.new(2.3283064365386963e-08, 2.980232238769531e-07, 1.9590515876188874e-08, 0.9951100945472717, -0.037496134638786316, -0.09137836843729019, -0.042615246027708054, 0.6716195344924927, -0.7396690845489502, 0.0891064777970314, 0.7399467825889587, 0.666737973690033),
            ["LeftLowerArm"] = CFrame.new(5.960464477539063e-08, -3.5762786865234375e-07, 2.9802322387695312e-08, 1, 7.729980211479415e-08, 0, 2.7753407039199374e-07, 0.9444230794906616, -0.3287324905395508, 1.3969835066518499e-08, 0.3287326395511627, 0.9444230794906616),
            ["RightUpperArm"] = CFrame.new(0.011537432670593262, 0.01449429988861084, 0.006238650530576706, 0.9525989890098572, -0.28816306591033936, 0.09755723923444748, 0.27674153447151184, 0.9539691805839539, 0.11557197570800781, -0.12637017667293549, -0.08309566229581833, 0.9884967803955078),
            ["Head"] = CFrame.new(1.8044374883174896e-09, 3.5762786865234375e-07, 1.1707015801221132e-08, 0.9930686950683594, 0.09915416687726974, -0.06311186403036118, -0.10645963996648788, 0.9863676428794861, -0.1254798024892807, 0.04980967938899994, 0.13132894039154053, 0.9900867342948914),
            ["RightHand"] = CFrame.new(-1.7927959561347961e-07, 1.1920928955078125e-07, 3.3527612686157227e-08, 0.9620001912117004, -0.2612825334072113, -0.07929115742444992, 0.2519793212413788, 0.9613696336746216, -0.11079297214746475, 0.10517621040344238, 0.08660339564085007, 0.9906754493713379),
            ["UpperTorso"] = CFrame.new(-2.444721758365631e-09, 2.384185791015625e-07, 2.3268512450158596e-08, 0.9996441602706909, -0.026380985975265503, -0.003968175034970045, 0.02646520920097828, 0.9993868470191956, 0.022926779463887215, 0.0033609087113291025, -0.023023605346679688, 0.999729335308075),
            ["HumanoidRootPart"] = CFrame.new(0, 0, 0, 1, 0, 0, 0, 1, 0, 0, 0, 1),
            ["RightUpperLeg"] = CFrame.new(0, 1.7310958355665207e-07, 6.15909812040627e-09, 0.9991859793663025, -0.019815050065517426, -0.035140324383974075, -0.009862502105534077, 0.7246484160423279, -0.6890482902526855, 0.03911787271499634, 0.6888338923454285, 0.7238630056381226),
            ["LeftUpperArm"] = CFrame.new(-0.019276022911071777, 0.01653909683227539, 0.0062487488612532616, 0.9854315519332886, 0.15295304358005524, 0.0743657723069191, -0.15823452174663544, 0.9848294854164124, 0.0712243914604187, -0.062343645840883255, -0.08195392787456512, 0.9946842789649963),
            ["RightLowerArm"] = CFrame.new(1.1920928955078125e-07, 4.172325134277344e-07, -4.470348358154297e-08, 1, -1.788140480130096e-07, 1.266598985694145e-07, 1.359731243155693e-07, 0.9452980160713196, -0.32620805501937866, 1.0803344707710494e-07, 0.32620808482170105, 0.9452980160713196),
            ["LeftHand"] = CFrame.new(-2.223532646894455e-07, -2.384185791015625e-07, 7.450580596923828e-09, 0.9877416491508484, 0.09905872493982315, -0.12063949555158615, -0.10862185060977936, 0.9912161231040955, -0.07544441521167755, 0.11210642009973526, 0.08762376010417938, 0.9898253679275513),
            ["LeftFoot"] = CFrame.new(1.30385160446167e-08, -1.1920928955078125e-07, 4.894923222309444e-08, 0.9676423072814941, 0.03342585638165474, 0.2501024007797241, 0.14213857054710388, 0.7467538714408875, -0.6497347354888916, -0.20848290622234344, 0.6642600297927856, 0.7178395986557007),
            ["LowerTorso"] = CFrame.new(0.005855055060237646, -0.5174161195755005, 0.13312053680419922, 0.9996182918548584, 0.027308447286486626, 0.004211067222058773, -0.027254564687609673, 0.9995520710945129, -0.012362247332930565, -0.00454677501693368, 0.01224275678396225, 0.9999147653579712),
            ["RightLowerLeg"] = CFrame.new(5.681067705154419e-08, -5.960464477539063e-08, -2.8718204703181982e-08, 1, 5.5879347371501353e-08, -8.293430369121779e-07, 6.270133781072218e-07, -0.03447607532143593, 0.9994056224822998, -2.42144039930281e-07, -0.999405562877655, -0.03447609767317772),
            ["LeftUpperLeg"] = CFrame.new(0, 2.3760367184877396e-07, 1.1408701539039612e-08, 0.997590184211731, -0.06550594419240952, 0.02286406420171261, 0.06106336787343025, 0.6724904775619507, -0.737582802772522, 0.03294021263718605, 0.7372012138366699, 0.6748694181442261),
            ["LeftLowerLeg"] = CFrame.new(-2.3283064365386963e-08, -1.1920928955078125e-07, 9.822915103541163e-08, 1, 1.4156103134155273e-07, -5.494802621797135e-07, 5.215407554715057e-07, 0.0007857223972678185, 0.9999997615814209, 3.3527619791584584e-08, -0.9999997615814209, 0.0007860115729272366),
        }},
        {Time = 0.133, Data = {
            ["RightFoot"] = CFrame.new(-6.51925802230835e-09, 2.384185791015625e-07, 2.128217602148652e-09, 0.9947924613952637, -0.0427011139690876, -0.09254485368728638, -0.04146779701113701, 0.6598811149597168, -0.7502243518829346, 0.0931040495634079, 0.7501556873321533, 0.6546746492385864),
            ["LeftLowerArm"] = CFrame.new(-4.172325134277344e-07, -2.384185791015625e-07, -4.470348358154297e-08, 1, -5.7974837375240895e-08, 1.1827802381958463e-07, 1.0966314079041695e-07, 0.956386923789978, -0.29210177063941956, 1.0989597143407082e-07, 0.2921030819416046, 0.9563873410224915),
            ["RightUpperArm"] = CFrame.new(0.010695815086364746, 0.013984203338623047, 0.005283650942146778, 0.9512711763381958, -0.285961389541626, 0.11536608636379242, 0.2751993238925934, 0.956098198890686, 0.10070563852787018, -0.13909924030303955, -0.06404981017112732, 0.9882049560546875),
            ["Head"] = CFrame.new(-5.093170329928398e-10, -1.1920928955078125e-07, 2.1082087187096477e-09, 0.9912438988685608, 0.108310766518116, -0.07552745193243027, -0.11717785149812698, 0.9852093458175659, -0.12502796947956085, 0.06086845323443413, 0.13278335332870483, 0.9892743825912476),
            ["RightHand"] = CFrame.new(1.3597309589385986e-07, -5.364418029785156e-07, -5.960464477539063e-08, 0.9912992119789124, -0.11645230650901794, -0.06135857105255127, 0.11010242998600006, 0.9890463948249817, -0.0983097031712532, 0.07213475555181503, 0.09069838374853134, 0.9932624697685242),
            ["UpperTorso"] = CFrame.new(1.5133991837501526e-09, -2.384185791015625e-07, -7.043126970529556e-09, 0.9998341798782349, -0.01708316244184971, -0.00631310697644949, 0.0172354094684124, 0.9995412230491638, 0.024907248094677925, 0.005884714424610138, -0.025011900812387466, 0.9996698498725891),
            ["HumanoidRootPart"] = CFrame.new(0, 0, 0, 1, 0, 0, 0, 1, 0, 0, 0, 1),
            ["RightUpperLeg"] = CFrame.new(5.960464477539063e-08, -2.7008354663848877e-08, -6.879417924210429e-09, 0.9988247752189636, -0.009616621769964695, -0.047504574060440063, -0.026611531153321266, 0.7103607058525085, -0.7033345699310303, 0.04050907865166664, 0.7037721276283264, 0.7092699408531189),
            ["LeftUpperArm"] = CFrame.new(-0.02010345458984375, 0.016469836235046387, 0.005304704420268536, 0.9876475930213928, 0.1536485254764557, 0.030732914805412292, -0.1554863005876541, 0.9852964878082275, 0.07081650197505951, -0.019400153309106827, -0.0747206062078476, 0.9970158338546753),
            ["RightLowerArm"] = CFrame.new(1.7881393432617188e-07, 7.152557373046875e-07, -5.21540641784668e-08, 1, 2.6077048076444953e-08, 7.078056540876787e-08, 9.778888454547996e-08, 0.9504883289337158, -0.3107600510120392, 6.705523247774181e-08, 0.31076034903526306, 0.9504884481430054),
            ["LeftHand"] = CFrame.new(4.586763679981232e-08, -5.960464477539063e-08, 2.421438694000244e-08, 0.9921627640724182, 0.003038500901311636, -0.12491574138402939, -0.013539978303015232, 0.9964319467544556, -0.08330876380205154, 0.12421664595603943, 0.08434586971998215, 0.9886636734008789),
            ["LeftFoot"] = CFrame.new(-2.1420419216156006e-08, 0, 4.336129677540157e-08, 0.9671465754508972, 0.03011789731681347, 0.25242936611175537, 0.1502833515405655, 0.7331414818763733, -0.6632633209228516, -0.20504246652126312, 0.6794089674949646, 0.7045290470123291),
            ["LowerTorso"] = CFrame.new(0.010957152582705021, -0.5459786653518677, 0.13678701221942902, 0.9998528361320496, 0.015783270820975304, 0.006725986022502184, -0.015700651332736015, 0.9998027682304382, -0.01216425746679306, -0.006916650105267763, 0.012056863866746426, 0.9999035000801086),
            ["RightLowerLeg"] = CFrame.new(-7.82310962677002e-08, 1.7881393432617188e-07, -1.795924617908895e-07, 1, -7.450577754752885e-08, -7.040802074698149e-07, 6.31902423720021e-07, -0.07042524218559265, 0.9975171685218811, -2.402812526725029e-07, -0.9975171089172363, -0.07042517513036728),
            ["LeftUpperLeg"] = CFrame.new(0, -2.2863969206809998e-07, -1.30385160446167e-08, 0.9982130527496338, -0.0587879978120327, 0.010707270354032516, 0.04626130685210228, 0.6468729376792908, -0.7611932158470154, 0.03782283887267113, 0.760328471660614, 0.6484368443489075),
            ["LeftLowerLeg"] = CFrame.new(-4.936009645462036e-08, -2.980232238769531e-07, 7.040588911877421e-08, 1, 3.1932719934957277e-07, -4.693865207627823e-07, 5.401674343374907e-07, -0.05455338954925537, 0.9985108971595764, -8.707871046453874e-08, -0.9985108375549316, -0.0545535609126091),
        }},
        {Time = 0.167, Data = {
            ["RightFoot"] = CFrame.new(-7.450580596923828e-09, 4.172325134277344e-07, 7.803100743331015e-08, 0.994508683681488, -0.04809734225273132, -0.09294703602790833, -0.03850046545267105, 0.6577087044715881, -0.7522876858711243, 0.09731492400169373, 0.7517353296279907, 0.6522455215454102),
            ["LeftLowerArm"] = CFrame.new(8.940696716308594e-08, -4.76837158203125e-07, 3.166496753692627e-08, 1, -1.3317914238086814e-07, 8.009369167893965e-08, 1.3993118841426622e-07, 0.9619377255439758, -0.27326881885528564, 5.774198541530495e-08, 0.2732689082622528, 0.961937665939331),
            ["RightUpperArm"] = CFrame.new(0.010041475296020508, 0.013522505760192871, 0.004423122853040695, 0.9506829977035522, -0.2835736572742462, 0.12564942240715027, 0.27457547187805176, 0.9578641057014465, 0.08428924530744553, -0.1442573517560959, -0.045632436871528625, 0.9884874820709229),
            ["Head"] = CFrame.new(-5.748006515204906e-10, 0, -6.431491783587262e-09, 0.9894261360168457, 0.11537931114435196, -0.08788326382637024, -0.1258268803358078, 0.9842132329940796, -0.12446663528680801, 0.07213500887155533, 0.13420860469341278, 0.9883242249488831),
            ["RightHand"] = CFrame.new(1.0803341865539551e-07, -1.7881393432617188e-07, 4.470348358154297e-08, 0.9980311393737793, 0.055162716656923294, -0.02985222637653351, -0.05809677764773369, 0.9923938512802124, -0.10853210836648941, 0.023637868463993073, 0.11005294322967529, 0.993644654750824),
            ["UpperTorso"] = CFrame.new(1.6298145055770874e-09, -1.1920928955078125e-07, 5.384208634495735e-10, 0.9999431371688843, 0.00399345438927412, -0.009885196574032307, -0.003773137927055359, 0.9997463226318359, 0.022205747663974762, 0.009971356950700283, -0.0221671462059021, 0.9997046589851379),
            ["HumanoidRootPart"] = CFrame.new(0, 0, 0, 1, 0, 0, 0, 1, 0, 0, 0, 1),
            ["RightUpperLeg"] = CFrame.new(-5.960464477539063e-08, -1.1408701539039612e-07, -3.852619556710124e-09, 0.9975830316543579, 0.007182267960160971, -0.0691126212477684, -0.054027702659368515, 0.7056322693824768, -0.7065153121948242, 0.04369364678859711, 0.7085418105125427, 0.7043149471282959),
            ["LeftUpperArm"] = CFrame.new(-0.020745038986206055, 0.016350746154785156, 0.004456105642020702, 0.9874070882797241, 0.15769141912460327, -0.012676101177930832, -0.1563313603401184, 0.9848853945732117, 0.07457461208105087, 0.024244293570518494, -0.07165376842021942, 0.9971349239349365),
            ["RightLowerArm"] = CFrame.new(0, 5.960464477539062e-07, 5.960464477539063e-08, 1, -4.060567846408958e-07, 1.0803343286625022e-07, -8.940700979565008e-08, 0.9582282304763794, -0.2860043942928314, 9.126965494488104e-08, 0.2860046327114105, 0.958228349685669),
            ["LeftHand"] = CFrame.new(-4.4121406972408295e-08, -3.5762786865234375e-07, -1.4901161193847656e-08, 0.9878528714179993, -0.08738424628973007, -0.12849393486976624, 0.07632557302713394, 0.993137538433075, -0.08861398696899414, 0.1353553980588913, 0.0777302235364914, 0.9877433180809021),
            ["LeftFoot"] = CFrame.new(-2.7474015951156616e-08, 0, -3.204831955372356e-09, 0.9667379260063171, 0.02547134831547737, 0.2544974684715271, 0.1579405516386032, 0.7231993675231934, -0.6723371744155884, -0.20117789506912231, 0.6901695728302002, 0.6951214671134949),
            ["LowerTorso"] = CFrame.new(0.01712372526526451, -0.5606759786605835, 0.1386405974626541, 0.9999263286590576, -0.006139949895441532, 0.010470790788531303, 0.006227588746696711, 0.9999457001686096, -0.008357865735888481, -0.010418904945254326, 0.008422457613050938, 0.999910295009613),
            ["RightLowerLeg"] = CFrame.new(-2.7008354663848877e-08, 5.960464477539063e-08, 1.0352960089221597e-07, 1, -5.5879340266073996e-08, -6.835909402980178e-07, 8.23289553864015e-07, -0.07578758895397186, 0.9971240162849426, -2.440066282360931e-07, -0.9971239566802979, -0.07578755170106888),
            ["LeftUpperLeg"] = CFrame.new(5.960464477539063e-08, -7.869675755500793e-08, -1.909211277961731e-08, 0.9988465309143066, -0.04646318033337593, -0.012116501107811928, 0.019619952887296677, 0.6252356171607971, -0.7801894545555115, 0.043825726956129074, 0.7790517210960388, 0.6254259943962097),
            ["LeftLowerLeg"] = CFrame.new(-3.5390257835388184e-08, -1.7881393432617188e-07, -1.418483464021847e-07, 1, 1.3550743460655212e-07, -4.172326271145721e-07, 5.755574079557846e-07, -0.0949508398771286, 0.9954820871353149, 7.380732114370403e-08, -0.9954820275306702, -0.09495066106319427),
        }},
        {Time = 0.200, Data = {
            ["RightFoot"] = CFrame.new(-1.1175870895385742e-08, 2.384185791015625e-07, 4.3572072172537446e-08, 0.9942635893821716, -0.05319081246852875, -0.09279458969831467, -0.0344415046274662, 0.6621471643447876, -0.7485817074775696, 0.10126126557588577, 0.7474836111068726, 0.6565170884132385),
            ["LeftLowerArm"] = CFrame.new(1.7881393432617188e-07, 0, -7.450580596923828e-09, 1, 4.0978193283081055e-08, 2.048909131247001e-08, 1.5972177891399042e-07, 0.9638803601264954, -0.266335129737854, 5.308537254222756e-08, 0.2663356065750122, 0.9638804793357849),
            ["RightUpperArm"] = CFrame.new(0.00951087474822998, 0.013122081756591797, 0.0035808091051876545, 0.9502558708190918, -0.2819281816482544, 0.1324022263288498, 0.2744911015033722, 0.9589057564735413, 0.07179384678602219, -0.14720197021961212, -0.031879525631666183, 0.9885926842689514),
            ["Head"] = CFrame.new(1.5188561519607902e-09, 0, -6.655312745351694e-09, 0.9876319169998169, 0.12053236365318298, -0.10027625411748886, -0.13259434700012207, 0.9833971261978149, -0.12389039248228073, 0.08367861807346344, 0.13565421104431152, 0.9872162342071533),
            ["RightHand"] = CFrame.new(7.078051567077637e-08, -2.384185791015625e-07, -3.91155481338501e-08, 0.9796408414840698, 0.20053210854530334, -0.009526137262582779, -0.19995325803756714, 0.9703688621520996, -0.13565759360790253, -0.017959896475076675, 0.13480055332183838, 0.9907100200653076),
            ["UpperTorso"] = CFrame.new(1.862645149230957e-09, 1.4901161193847656e-07, -2.297747414559126e-08, 0.9994617700576782, 0.02968810871243477, -0.013958345167338848, -0.02941938303411007, 0.9993851184844971, 0.019079800695180893, 0.014516197144985199, -0.018658829852938652, 0.9997206330299377),
            ["HumanoidRootPart"] = CFrame.new(0, 0, 0, 1, 0, 0, 0, 1, 0, 0, 0, 1),
            ["RightUpperLeg"] = CFrame.new(0, 1.9889557734131813e-07, 8.254573913291097e-09, 0.9952118992805481, 0.026875566691160202, -0.09397338330745697, -0.08524945378303528, 0.7089740633964539, -0.7000632882118225, 0.04781001806259155, 0.7047223448753357, 0.7078704237937927),
            ["LeftUpperArm"] = CFrame.new(-0.021264076232910156, 0.016226649284362793, 0.0036267084069550037, 0.9849525690078735, 0.16358737647533417, -0.055748190730810165, -0.15881991386413574, 0.9839544892311096, 0.08130094408988953, 0.0681534931063652, -0.07122374325990677, 0.9951293468475342),
            ["RightLowerArm"] = CFrame.new(3.5762786865234375e-07, 4.172325134277344e-07, -7.450580596923828e-09, 1, -3.7252924300901213e-08, 2.235175244891252e-08, 2.053566987569866e-07, 0.9652624130249023, -0.26128238439559937, 4.284085264316673e-08, 0.26128268241882324, 0.9652625322341919),
            ["LeftHand"] = CFrame.new(8.102506399154663e-08, 1.7881393432617188e-07, 2.2351741790771484e-08, 0.9793248772621155, -0.1541193574666977, -0.13103434443473816, 0.1427987962961197, 0.9854808449745178, -0.09184883534908295, 0.14328739047050476, 0.0712379515171051, 0.9871139526367188),
            ["LeftFoot"] = CFrame.new(2.3748725652694702e-08, -5.960464477539063e-08, 2.3831034923205152e-09, 0.9663676619529724, 0.019578831270337105, 0.25641828775405884, 0.1651725322008133, 0.7169873118400574, -0.6772348880767822, -0.1971081644296646, 0.696811318397522, 0.6896395087242126),
            ["LowerTorso"] = CFrame.new(0.024018587544560432, -0.5643638372421265, 0.13929486274719238, 0.9993730187416077, -0.032242655754089355, 0.014627119526267052, 0.032315466552972794, 0.9994663596153259, -0.004768967628479004, -0.014465549029409885, 0.005238658748567104, 0.9998816847801208),
            ["RightLowerLeg"] = CFrame.new(4.6566128730773926e-09, 0, -1.628286554478109e-07, 1, -3.7625426330123446e-07, -7.040802643132338e-07, 8.037315524234145e-07, -0.06042027473449707, 0.9981731176376343, -7.823111758398227e-08, -0.9981729984283447, -0.06042002514004707),
            ["LeftUpperLeg"] = CFrame.new(0, 1.855660229921341e-07, -1.257285475730896e-08, 0.9986688494682312, -0.0320623405277729, -0.04040459543466568, -0.012459875084459782, 0.6101804971694946, -0.7921643853187561, 0.05005277320742607, 0.7916133403778076, 0.6089689135551453),
            ["LeftLowerLeg"] = CFrame.new(-4.0978193283081055e-08, -1.7881393432617188e-07, 4.910188522444514e-08, 1, 2.9709190130233765e-07, -4.5355409383773804e-07, 5.476177307173202e-07, -0.12088868767023087, 0.9926661252975464, -1.5832485544819974e-08, -0.9926661252975464, -0.12088865786790848),
        }},
        {Time = 0.233, Data = {
            ["RightFoot"] = CFrame.new(5.21540641784668e-08, 3.5762786865234375e-07, -2.255183062516153e-08, 0.9940568804740906, -0.05785266309976578, -0.09221800416707993, -0.029698412865400314, 0.6708575487136841, -0.7409911155700684, 0.10473331063985825, 0.7393262386322021, 0.6651526093482971),
            ["LeftLowerArm"] = CFrame.new(2.9802322387695312e-08, -5.960464477539063e-08, -1.4901161193847656e-08, 1, -1.7508865823856468e-07, 1.5273685960437433e-07, 1.117586450050112e-07, 0.964136004447937, -0.26540857553482056, 1.2107186364573863e-07, 0.265408992767334, 0.9641360640525818),
            ["RightUpperArm"] = CFrame.new(0.009047150611877441, 0.012788534164428711, 0.00276944600045681, 0.9493017792701721, -0.28174328804016113, 0.13945235311985016, 0.274486243724823, 0.9590983390808105, 0.06919340789318085, -0.15324337780475616, -0.027407953515648842, 0.9878084063529968),
            ["Head"] = CFrame.new(-9.968061931431293e-10, 2.384185791015625e-07, -3.726455588548561e-09, 0.9858554601669312, 0.12347034364938736, -0.11333204060792923, -0.13728536665439606, 0.9828024506568909, -0.12349943071603775, 0.09613452106714249, 0.1373114287853241, 0.9858518242835999),
            ["RightHand"] = CFrame.new(-1.3224780559539795e-07, -1.1920928955078125e-07, -2.7939677238464355e-09, 0.9626936912536621, 0.2703905999660492, -0.010479036718606949, -0.26844727993011475, 0.9494730830192566, -0.16259488463401794, -0.0340145081281662, 0.15934179723262787, 0.9866373538970947),
            ["UpperTorso"] = CFrame.new(7.683411240577698e-09, 8.940696716308594e-08, 2.6921043172478676e-09, 0.9984418153762817, 0.05293804034590721, -0.01764794811606407, -0.05265674367547035, 0.9984839558601379, 0.01603827439248562, 0.01847023516893387, -0.015083987265825272, 0.9997156858444214),
            ["HumanoidRootPart"] = CFrame.new(0, 0, 0, 1, 0, 0, 0, 1, 0, 0, 0, 1),
            ["RightUpperLeg"] = CFrame.new(-2.9802322387695312e-08, 1.1982046999037266e-07, -1.3631506590172648e-08, 0.9921239018440247, 0.04590122774243355, -0.11654745042324066, -0.11393117159605026, 0.7173553109169006, -0.6873288750648499, 0.05205662176012993, 0.6951938271522522, 0.7169350385665894),
            ["LeftUpperArm"] = CFrame.new(-0.021716594696044922, 0.01613461971282959, 0.002828919095918536, 0.9805653691291809, 0.16970284283161163, -0.09845110028982162, -0.16104476153850555, 0.9828234314918518, 0.0901268869638443, 0.11205487698316574, -0.07252024859189987, 0.9910522103309631),
            ["RightLowerArm"] = CFrame.new(-2.086162567138672e-07, -2.384185791015625e-07, -7.644625506630354e-20, 1, -1.3038520307873114e-07, 5.215408194203519e-08, 1.4062972297779197e-07, 0.9694823026657104, -0.2451610565185547, 7.450581485102248e-09, 0.24516166746616364, 0.969482421875),
            ["LeftHand"] = CFrame.new(-7.083872333168983e-08, 0, -7.543712854385376e-08, 0.9747521877288818, -0.18008458614349365, -0.1320137083530426, 0.16870194673538208, 0.9812749624252319, -0.09294838458299637, 0.14627990126609802, 0.06833038479089737, 0.9868804216384888),
            ["LeftFoot"] = CFrame.new(-1.280568540096283e-08, -5.960464477539063e-08, 5.08118773723254e-08, 0.9659848213195801, 0.012822747230529785, 0.25828105211257935, 0.1717260628938675, 0.7149484753608704, -0.6777600646018982, -0.1933484524488449, 0.6990595459938049, 0.6884273290634155),
            ["LowerTorso"] = CFrame.new(0.0313032828271389, -0.5591534376144409, 0.13937096297740936, 0.998241662979126, -0.05632533133029938, 0.018468931317329407, 0.056375425308942795, 0.998407244682312, -0.0022025888320058584, -0.018315454944968224, 0.0032399087212979794, 0.9998270273208618),
            ["RightLowerLeg"] = CFrame.new(2.7939677238464355e-09, 5.960464477539063e-08, -4.175672074779868e-08, 1, -1.2479718236590998e-07, -7.152558509915252e-07, 7.972126923050382e-07, -0.03229637071490288, 0.9994783401489258, -1.6763817711762385e-07, -0.9994783997535706, -0.03229619935154915),
            ["LeftUpperLeg"] = CFrame.new(2.9802322387695312e-08, 4.237517714500427e-08, -2.3283064365386963e-09, 0.997497022151947, -0.01846674084663391, -0.06825436651706696, -0.04335588589310646, 0.602801501750946, -0.796712338924408, 0.055856477469205856, 0.7976774573326111, 0.6004921793937683),
            ["LeftLowerLeg"] = CFrame.new(-1.0244548320770264e-08, 0, -7.708791827099049e-09, 1, 2.1699813146369706e-07, -3.706664415403793e-07, 5.890616421311279e-07, -0.1314360797405243, 0.9913246631622314, -4.656613761255812e-09, -0.9913246631622314, -0.13143609464168549),
        }},
        {Time = 0.267, Data = {
            ["RightFoot"] = CFrame.new(-3.3527612686157227e-08, 2.384185791015625e-07, 2.5411281967535615e-08, 0.994580090045929, -0.061380576342344284, -0.08392227441072464, -0.01906808838248253, 0.6857798099517822, -0.7275588512420654, 0.10221017152070999, 0.7252162098884583, 0.6808929443359375),
            ["LeftLowerArm"] = CFrame.new(1.7881393432617188e-07, -5.960464477539063e-08, -7.450580596923828e-09, 1, -7.4505797087454084e-09, 0, 2.514570098810509e-07, 0.9559465050697327, -0.29354003071784973, 1.4901155864777138e-08, 0.2935408651828766, 0.9559468626976013),
            ["RightUpperArm"] = CFrame.new(0.008699536323547363, 0.012442946434020996, 0.0018032534280791879, 0.9442933201789856, -0.2890731394290924, 0.1573123037815094, 0.2799264192581177, 0.9568494558334351, 0.07797597348690033, -0.1730649322271347, -0.029596583917737007, 0.9844657182693481),
            ["Head"] = CFrame.new(-1.1004885891452432e-09, 1.1920928955078125e-07, 6.189909029785667e-09, 0.9841196537017822, 0.123802050948143, -0.12720751762390137, -0.13981448113918304, 0.9821555018424988, -0.125787615776062, 0.10936477780342102, 0.14157550036907196, 0.9838678240776062),
            ["RightHand"] = CFrame.new(-1.7508864402770996e-07, -1.1920928955078125e-07, 7.450580596923828e-09, 0.9584110975265503, 0.284132719039917, -0.026765940710902214, -0.2841803729534149, 0.9415067434310913, -0.18112771213054657, -0.02626390941441059, 0.18120089173316956, 0.9830953478813171),
            ["UpperTorso"] = CFrame.new(5.122274160385132e-09, 5.960464477539063e-08, -1.4682882465422153e-08, 0.9967838525772095, 0.07735506445169449, -0.020932644605636597, -0.07707267254590988, 0.9969275593757629, 0.01397452037781477, 0.021949319168925285, -0.012316202744841576, 0.9996832609176636),
            ["HumanoidRootPart"] = CFrame.new(0, 0, 0, 1, 0, 0, 0, 1, 0, 0, 0, 1),
            ["RightUpperLeg"] = CFrame.new(5.960464477539063e-08, 1.4525721780955791e-07, -2.0267179934307933e-08, 0.9877701997756958, 0.06101125851273537, -0.1434842348098755, -0.14224237203598022, 0.7294967770576477, -0.6690305471420288, 0.06385288387537003, 0.6812577843666077, 0.729253351688385),
            ["LeftUpperArm"] = CFrame.new(-0.022055387496948242, 0.01596987247467041, 0.0018785359570756555, 0.9725915193557739, 0.17965906858444214, -0.14760909974575043, -0.16321198642253876, 0.9796357154846191, 0.11694343388080597, 0.1656130850315094, -0.08964680880308151, 0.9821078777313232),
            ["RightLowerArm"] = CFrame.new(-5.960464477539063e-08, 1.7881393432617188e-07, -3.725290298461914e-08, 1, 1.8253935252232623e-07, 2.607705340551547e-08, 4.987234660802642e-07, 0.9709041714668274, -0.23946791887283325, 2.793969144931907e-08, 0.2394685000181198, 0.9709042906761169),
            ["LeftHand"] = CFrame.new(1.3317912817001343e-07, -3.5762786865234375e-07, 2.1187588572502136e-08, 0.9797429442405701, -0.18491578102111816, -0.076875701546669, 0.17913736402988434, 0.9808586835861206, -0.0763307511806488, 0.08951882272958755, 0.06101253628730774, 0.9941145777702332),
            ["LeftFoot"] = CFrame.new(-1.0011717677116394e-08, 1.1920928955078125e-07, -6.280947673076298e-08, 0.9646984338760376, 0.005126311909407377, 0.2633073329925537, 0.17971298098564148, 0.7180333137512207, -0.6724069118499756, -0.19251036643981934, 0.6959899067878723, 0.6917645335197449),
            ["LowerTorso"] = CFrame.new(0.03905511274933815, -0.5453177690505981, 0.14176712930202484, 0.9964466094970703, -0.08126037567853928, 0.02215772308409214, 0.08126742392778397, 0.9966921806335449, 0.0005832652095705271, -0.022131824865937233, 0.0012195089366286993, 0.9997543096542358),
