return {
    ["Beep Boop"] = {
        {Time = 0.000, Data = {
            ["RightFoot"] = CFrame.new(5.48752723261714e-08, 3.5762786865234375e-07, 8.105416782200336e-09, 0.9998143911361694, -0.0071362643502652645, 0.017898352816700935, 0.0157355684787035, 0.8384950757026672, -0.5446813702583313, -0.01112076360732317, 0.5448625087738037, 0.8384521007537842),
            ["LeftLowerArm"] = CFrame.new(2.9802322387695312e-08, -1.7881393432617188e-07, 2.2351741790771484e-07, 1, -3.0762745240053846e-08, -2.7706846594810486e-08, 2.9802318834981634e-08, 0.8649934530258179, -0.5017831921577454, -3.352760913344355e-08, 0.5017831921577454, 0.8649933934211731),
            ["LeftFoot"] = CFrame.new(1.043081283569336e-07, -5.960464477539063e-08, -1.1920928955078125e-07, 0.9925271272659302, -0.12133055925369263, -0.01300022006034851, 0.11570979654788971, 0.969633936882019, -0.2154562771320343, 0.03874664008617401, 0.21234187483787537, 0.9764269590377808),
            ["Head"] = CFrame.new(-3.958120942115784e-09, 1.1920928955078125e-07, 3.725290298461914e-09, 0.9991647005081177, -0.03527757152915001, 0.02062906138598919, 0.0353287048637867, 0.9993735551834106, -0.0021192324347794056, -0.020541399717330933, 0.002846361370757222, 0.9997850060462952),
            ["LowerTorso"] = CFrame.new(0.010648749768733978, -0.21522367000579834, -0.00018677390471566468, 0.9814367890357971, 0.09877349436283112, 0.16439484059810638, -0.09768995642662048, 0.9951086044311523, -0.014683177694678307, -0.1650410294532776, -0.0016491115093231201, 0.9862853288650513),
            ["UpperTorso"] = CFrame.new(-8.585629984736443e-10, -8.940696716308594e-08, 1.1641532182693481e-09, 0.9933223128318787, -0.10657665133476257, 0.044185709208250046, 0.10620832443237305, 0.9942873120307922, 0.010608411394059658, -0.04506388306617737, -0.0058446843177080154, 0.9989669919013977),
            ["HumanoidRootPart"] = CFrame.new(0, 0, 0, 1, 0, 0, 0, 1, 0, 0, 0, 1),
            ["RightUpperLeg"] = CFrame.new(1.1920928955078125e-07, -1.4681427273899317e-07, 2.029992174357176e-09, 0.9314606189727783, -0.25758063793182373, -0.2569694221019745, 0.08930086344480515, 0.8465113639831543, -0.5248277187347412, 0.35271304845809937, 0.46590864658355713, 0.8114941120147705),
            ["LeftUpperArm"] = CFrame.new(-1.1920928955078125e-07, -1.1920928955078125e-07, -2.8870999813079834e-08, 0.951576828956604, 0.05521209165453911, -0.3024125397205353, -0.2897416949272156, 0.48979538679122925, -0.8222836852073669, 0.10272019356489182, 0.8700874447822571, 0.482075035572052),
            ["RightLowerArm"] = CFrame.new(0, -3.5762786865234375e-07, -2.5331974029541016e-07, 1, -3.259628655882807e-08, 7.450580596923828e-09, 3.539026138810186e-08, 0.9064616560935974, -0.42228832840919495, 1.6763808119435453e-08, 0.4222882390022278, 0.9064615964889526),
            ["LeftHand"] = CFrame.new(-1.6391277313232422e-07, 5.960464477539063e-08, 1.9744038581848145e-07, 0.9730010628700256, -0.08297964930534363, -0.21536785364151, -0.06747544556856155, 0.7900933623313904, -0.6092616319656372, 0.22071711719036102, 0.6073440909385681, 0.7631624937057495),
            ["RightHand"] = CFrame.new(8.940696716308594e-08, -5.960464477539063e-08, -1.4901161193847656e-07, 0.9851627349853516, 0.06094716489315033, 0.16043643653392792, 0.024219658225774765, 0.8760924339294434, -0.48153430223464966, -0.16990531980991364, 0.4782754182815552, 0.8616176247596741),
            ["RightUpperArm"] = CFrame.new(1.1920928955078125e-07, -1.1920928955078125e-07, 6.51925802230835e-09, 0.9893815517425537, -0.14263583719730377, 0.02791658230125904, 0.05777398496866226, 0.20971184968948364, -0.9760549068450928, 0.1333659142255783, 0.9673035144805908, 0.21572555601596832),
            ["RightLowerLeg"] = CFrame.new(0, 1.7881393432617188e-07, 6.875052349641919e-08, 1, -1.2805683979877358e-07, -4.8428795196286956e-08, 1.238659450564228e-07, 0.4443186819553375, 0.8958686590194702, -9.26666317013769e-08, -0.8958688378334045, 0.4443190395832062),
            ["LeftUpperLeg"] = CFrame.new(0, -3.563764039427042e-08, 1.862645149230957e-08, 0.9564768671989441, 0.21372437477111816, -0.19868066906929016, -0.020663289353251457, -0.6295452117919922, -0.7766891121864319, -0.2910756766796112, 0.7469905018806458, -0.5977291464805603),
            ["LeftLowerLeg"] = CFrame.new(-2.9802322387695312e-08, -1.1920928955078125e-07, 1.1920928955078125e-07, 1, 1.4901162614933128e-07, 1.4156101713069802e-07, -7.450583439094771e-08, -0.14968310296535492, 0.9887340068817139, 1.4901166878189542e-07, -0.9887341260910034, -0.14968320727348328),
        }},
        {Time = 0.042, Data = {
            ["RightFoot"] = CFrame.new(1.8098944565281272e-08, 4.172325134277344e-07, -2.433807821944356e-08, 0.9969397783279419, -0.018935373052954674, 0.07584577798843384, 0.0479208342730999, 0.9145797491073608, -0.4015561044216156, -0.06176331266760826, 0.40396204590797424, 0.9126884341239929),
            ["LeftLowerArm"] = CFrame.new(-2.086162567138672e-07, -1.1920928955078125e-07, -1.6298145055770874e-08, 1, 2.2351738238057806e-08, -1.1175872671742582e-08, -1.4901159417490817e-08, 0.9956666231155396, -0.09299463778734207, -6.7520877777837995e-09, 0.09299454092979431, 0.9956666231155396),
            ["LeftFoot"] = CFrame.new(-5.960464477539063e-08, 5.960464477539063e-08, -2.9802322387695312e-08, 0.9888772964477539, -0.1479630470275879, -0.01511727087199688, 0.13897234201431274, 0.9554087519645691, -0.26053932309150696, 0.052993323653936386, 0.2555406093597412, 0.9653449058532715),
            ["Head"] = CFrame.new(1.862645149230957e-09, 2.384185791015625e-07, -2.3283064365386963e-10, 0.9945968389511108, -0.07020706683397293, 0.07647388428449631, 0.07054274529218674, 0.9975073933601379, -0.00169343501329422, -0.0761643573641777, 0.00707906112074852, 0.9970701932907104),
            ["LowerTorso"] = CFrame.new(0.02309778705239296, -0.08980393409729004, -0.00039462209679186344, 0.9881218671798706, 0.09877348691225052, 0.11772418022155762, -0.09827578067779541, 0.9951086044311523, -0.010039571672677994, -0.11813996732234955, -0.0016491137212142348, 0.9929956793785095),
            ["UpperTorso"] = CFrame.new(1.4711986295878887e-08, 2.9802322387695312e-08, -1.7462298274040222e-09, 0.9917153120040894, -0.1205853521823883, 0.04427129030227661, 0.12019520252943039, 0.992685079574585, 0.011380872689187527, -0.04531983286142349, -0.005965390242636204, 0.998954713344574),
            ["HumanoidRootPart"] = CFrame.new(0, 0, 0, 1, 0, 0, 0, 1, 0, 0, 0, 1),
            ["RightUpperLeg"] = CFrame.new(5.960464477539063e-08, -4.1799648897722363e-07, -5.420588422566652e-09, 0.9472455382347107, -0.19053374230861664, -0.25772625207901, 0.07753860205411911, 0.9164597988128662, -0.3925422132015228, 0.31098824739456177, 0.35185006260871887, 0.8828860521316528),
            ["LeftUpperArm"] = CFrame.new(0, 5.960464477539062e-07, -1.3271346688270569e-08, 0.927105724811554, 0.3634048104286194, -0.09171711653470993, -0.24426978826522827, 0.40025603771209717, -0.8832481503486633, -0.2842662036418915, 0.8412680625915527, 0.4598485231399536),
            ["RightLowerArm"] = CFrame.new(1.1920928955078125e-07, -2.980232238769531e-07, -7.450580596923828e-08, 1, 2.6077035641947077e-08, -7.4505797087454084e-09, -1.862644971595273e-08, 0.9983876943588257, -0.05676432326436043, 7.4505797087454084e-09, 0.056764353066682816, 0.9983875751495361),
            ["LeftHand"] = CFrame.new(-5.960464477539063e-08, -2.384185791015625e-07, 5.736947059631348e-07, 0.9840747714042664, 0.07088642567396164, -0.16300895810127258, -0.12675873935222626, 0.9227464199066162, -0.3639660179615021, 0.12461568415164948, 0.37883275747299194, 0.9170370101928711),
            ["RightHand"] = CFrame.new(-5.960464477539063e-08, 1.1920928955078125e-07, -2.682209014892578e-07, 0.982031524181366, -0.15335461497306824, 0.10998412221670151, 0.1761734038591385, 0.9539031982421875, -0.24296453595161438, -0.0676545724272728, 0.2579750418663025, 0.9637799263000488),
            ["RightUpperArm"] = CFrame.new(0, -1.1920928955078125e-07, 3.236345946788788e-08, 0.8279399871826172, -0.5608058571815491, 0.0034920708276331425, 0.1633455902338028, 0.23518744111061096, -0.9581258893013, 0.5365012884140015, 0.7938410043716431, 0.2863263189792633),
            ["RightLowerLeg"] = CFrame.new(1.862645149230957e-08, 1.1920928955078125e-07, -5.75528247281909e-09, 1, -1.0803341865539551e-07, -4.470347647611561e-08, 1.2852252950779075e-07, 0.6970643401145935, 0.7170080542564392, -2.7939680791178034e-08, -0.7170085906982422, 0.6970649361610413),
            ["LeftUpperLeg"] = CFrame.new(2.9802322387695312e-08, -3.1087256502360106e-07, -9.313225746154785e-09, 0.9103865623474121, 0.38939496874809265, -0.13988474011421204, -0.18168242275714874, 0.07246781140565872, -0.980683445930481, -0.3717361390590668, 0.9182156324386597, 0.1367199867963791),
            ["LeftLowerLeg"] = CFrame.new(5.960464477539063e-08, -1.1920928955078125e-07, -2.9802322387695312e-08, 1, 8.195637946073475e-08, 5.2154071283894154e-08, -6.193296542278404e-08, 0.3258010149002075, 0.9454383850097656, 8.940698847936801e-08, -0.9454383850097656, 0.3258010447025299),
        }},
        {Time = 0.083, Data = {
            ["RightFoot"] = CFrame.new(4.591129254549742e-08, 4.172325134277344e-07, -1.5126715879887342e-08, 0.9938710927963257, -0.02465013973414898, 0.10776267200708389, 0.05376643314957619, 0.9595416188240051, -0.2763858139514923, -0.09658973664045334, 0.28048619627952576, 0.9549859762191772),
            ["LeftLowerArm"] = CFrame.new(-2.9802322387695312e-08, -1.7881393432617188e-07, 5.144102033227682e-08, 1, -2.2351738238057806e-08, -1.4901162970204496e-08, 3.725290298461914e-08, 0.9988580942153931, -0.047776393592357635, 2.9802322387695312e-08, 0.04777634143829346, 0.9988580942153931),
            ["LeftFoot"] = CFrame.new(-1.4901161193847656e-07, 5.960464477539063e-08, -5.960464477539063e-08, 0.9909346103668213, -0.12888574600219727, 0.03790821135044098, 0.12873056530952454, 0.9916582107543945, 0.0065154582262039185, -0.03843168541789055, -0.0015764236450195312, 0.9992600083351135),
            ["Head"] = CFrame.new(5.180481821298599e-09, 5.960464477539062e-07, 3.4924596548080444e-10, 0.9903426170349121, -0.08885753154754639, 0.10642285645008087, 0.0894341841340065, 0.9959925413131714, -0.0006485744379460812, -0.10593874752521515, 0.010160249657928944, 0.994320809841156),
            ["LowerTorso"] = CFrame.new(0.030615750700235367, -0.014063000679016113, -0.0005201413878239691, 0.9908029437065125, 0.0987735241651535, 0.0924852192401886, -0.09849989414215088, 0.9951086640357971, -0.007529920898377895, -0.0927765890955925, -0.001649115583859384, 0.9956856966018677),
            ["UpperTorso"] = CFrame.new(-2.2155290935188532e-08, 0, 0, 0.9907684922218323, -0.12811852991580963, 0.04431287199258804, 0.12771661579608917, 0.9917405247688293, 0.011797240003943443, -0.045458316802978516, -0.006028842646628618, 0.9989480376243591),
            ["HumanoidRootPart"] = CFrame.new(0, 0, 0, 1, 0, 0, 0, 1, 0, 0, 0, 1),
            ["RightUpperLeg"] = CFrame.new(-2.9802322387695312e-08, 1.026783138513565e-07, -8.214556146413088e-09, 0.9546278715133667, -0.14398424327373505, -0.2606806457042694, 0.07181840389966965, 0.9608228206634521, -0.267697274684906, 0.28901204466819763, 0.23682951927185059, 0.927568793296814),
            ["LeftUpperArm"] = CFrame.new(-1.1920928955078125e-07, 5.960464477539062e-07, -3.6088749766349792e-09, 0.8344027400016785, 0.5462812185287476, 0.0731358528137207, -0.2332005500793457, 0.4701565206050873, -0.8512170314788818, -0.4993892014026642, 0.6932024955749512, 0.5196929574012756),
            ["RightLowerArm"] = CFrame.new(1.1920928955078125e-07, -2.980232238769531e-07, 2.4586915969848633e-07, 1, 7.078050856534901e-08, -5.587936335871291e-09, 7.450581485102248e-09, 0.9961386919021606, -0.08779331296682358, 1.1175872671742582e-08, 0.08779335767030716, 0.9961387515068054),
            ["LeftHand"] = CFrame.new(2.9802322387695312e-08, 1.1920928955078125e-07, 2.5331974029541016e-07, 0.9875555634498596, 0.12764385342597961, -0.09187527000904083, -0.14241519570350647, 0.9736537933349609, -0.17809055745601654, 0.06672260165214539, 0.18895883858203888, 0.9797157049179077),
            ["RightHand"] = CFrame.new(1.1920928955078125e-07, -5.960464477539063e-08, 1.3783574104309082e-07, 0.9707470536231995, -0.23832085728645325, 0.029214052483439445, 0.23939263820648193, 0.9700405597686768, -0.04138384014368057, -0.018476158380508423, 0.047166869044303894, 0.9987161755561829),
            ["RightUpperArm"] = CFrame.new(1.1920928955078125e-07, 7.152557373046875e-07, 2.735760062932968e-08, 0.6574244499206543, -0.7379629015922546, -0.1523277908563614, 0.2005411982536316, 0.3662179410457611, -0.9086626172065735, 0.7263445258140564, 0.5668290257453918, 0.3887525498867035),
            ["RightLowerLeg"] = CFrame.new(4.6566128730773926e-08, 2.384185791015625e-07, 1.6596459317952394e-08, 1, -8.195639367158947e-08, -2.5145718396402117e-08, 6.519258732851085e-08, 0.8603796362876892, 0.509653627872467, -4.237518069771795e-08, -0.5096538662910461, 0.860379695892334),
            ["LeftUpperLeg"] = CFrame.new(-1.1920928955078125e-07, 3.4279946703463793e-07, 1.30385160446167e-08, 0.905524492263794, 0.4240867495536804, 0.013258742168545723, -0.26010116934776306, 0.5795232653617859, -0.7723342776298523, -0.33522042632102966, 0.6959189772605896, 0.635077953338623),
            ["LeftLowerLeg"] = CFrame.new(0, -5.960464477539063e-08, 2.0023435354232788e-08, 1, 3.725289587919178e-08, -1.4901162970204496e-08, -2.980232594040899e-08, 0.8595922589302063, 0.5109809041023254, -5.611219222600994e-08, -0.5109807252883911, 0.859592080116272),
        }},
        {Time = 0.125, Data = {
            ["RightFoot"] = CFrame.new(3.2576281228102744e-08, 3.5762786865234375e-07, 1.4813849702477455e-08, 0.9938976168632507, -0.025097457692027092, 0.10741438716650009, 0.051979128271341324, 0.9654417634010315, -0.2553827166557312, -0.09729282557964325, 0.2594079375267029, 0.9608548283576965),
            ["LeftLowerArm"] = CFrame.new(0, 0, 9.685754776000977e-08, 1, -4.470347647611561e-08, -4.4703490686970326e-08, -5.215405707303944e-08, 0.9980217218399048, -0.06286963075399399, -4.470347647611561e-08, 0.06286970525979996, 0.9980217814445496),
            ["LeftFoot"] = CFrame.new(1.4901161193847656e-07, 1.1920928955078125e-07, 5.960464477539063e-08, 0.9909639358520508, -0.12789905071258545, 0.04040342941880226, 0.1271885335445404, 0.9916828274726868, 0.019704455509781837, -0.042587537318468094, -0.014387395232915878, 0.9989891648292542),
            ["Head"] = CFrame.new(6.170012056827545e-09, 3.5762786865234375e-07, 3.7834979593753815e-09, 0.9903426170349121, -0.08885753154754639, 0.10642285645008087, 0.0894341841340065, 0.9959925413131714, -0.0006485744379460812, -0.10593874752521515, 0.010160249657928944, 0.994320809841156),
            ["LowerTorso"] = CFrame.new(0.031631991267204285, -0.0038247108459472656, -0.0005371083971112967, 0.9908029437065125, 0.0987735241651535, 0.0924852192401886, -0.09849989414215088, 0.9951086640357971, -0.007529920898377895, -0.0927765890955925, -0.001649115583859384, 0.9956856966018677),
            ["UpperTorso"] = CFrame.new(-1.263833837583661e-08, 1.4901161193847656e-07, -1.862645149230957e-09, 0.9907684922218323, -0.12811852991580963, 0.04431287199258804, 0.12771661579608917, 0.9917405247688293, 0.011797240003943443, -0.045458316802978516, -0.006028842646628618, 0.9989480376243591),
            ["HumanoidRootPart"] = CFrame.new(0, 0, 0, 1, 0, 0, 0, 1, 0, 0, 0, 1),
            ["RightUpperLeg"] = CFrame.new(5.960464477539063e-08, 2.610613591969013e-07, -1.1939846444875002e-08, 0.9547617435455322, -0.1370052844285965, -0.2639310359954834, 0.07137960195541382, 0.9671834707260132, -0.24384672939777374, 0.28867796063423157, 0.2139761596918106, 0.9332091212272644),
            ["LeftUpperArm"] = CFrame.new(5.960464477539063e-08, 3.5762786865234375e-07, 3.841705620288849e-09, 0.8057501316070557, 0.5861444473266602, 0.0848608985543251, -0.2557459771633148, 0.4735831916332245, -0.8428007364273071, -0.5341917276382446, 0.6573839783668518, 0.5314937233924866),
            ["RightLowerArm"] = CFrame.new(1.1920928955078125e-07, -1.1920928955078125e-07, -4.470348358154297e-08, 1, -4.842878098543224e-08, -2.0954757928848267e-08, 5.2154071283894154e-08, 0.9926045536994934, -0.1213926449418068, -7.450581485102248e-09, 0.1213926374912262, 0.9926045536994934),
            ["LeftHand"] = CFrame.new(-8.940696716308594e-08, 5.960464477539063e-08, -2.980232238769531e-07, 0.9872058629989624, 0.13529525697231293, -0.08437973260879517, -0.14828640222549438, 0.9735316038131714, -0.173917755484581, 0.05861613154411316, 0.1842050701379776, 0.9811385273933411),
            ["RightHand"] = CFrame.new(-5.960464477539063e-08, 5.960464477539063e-08, -1.434236764907837e-07, 0.9700375199317932, -0.2414715737104416, 0.026809826493263245, 0.24211272597312927, 0.9699519872665405, -0.023969531059265137, -0.02021630108356476, 0.029742345213890076, 0.9993531703948975),
            ["RightUpperArm"] = CFrame.new(-1.7881393432617188e-07, 3.5762786865234375e-07, 1.9848812371492386e-08, 0.6251917481422424, -0.763748049736023, -0.16069890558719635, 0.2245790660381317, 0.37323468923568726, -0.9001445174217224, 0.7474620938301086, 0.5266733169555664, 0.40486496686935425),
            ["RightLowerLeg"] = CFrame.new(2.9802322387695312e-08, 3.5762786865234375e-07, -5.75528247281909e-09, 1, -7.823110337312755e-08, -2.7008358216562556e-08, 5.960464477539063e-08, 0.8831912875175476, 0.4690125584602356, -1.4901161193847656e-08, -0.469012975692749, 0.8831915855407715),
            ["LeftUpperLeg"] = CFrame.new(-1.1920928955078125e-07, 2.553206286393106e-07, 0, 0.9064465165138245, 0.4217831492424011, 0.021297762170433998, -0.26012492179870605, 0.5973365306854248, -0.7586331963539124, -0.3327006697654724, 0.6821203827857971, 0.6511697173118591),
            ["LeftLowerLeg"] = CFrame.new(-2.086162567138672e-07, 1.1920928955078125e-07, 1.2898817658424377e-07, 1, 3.7252888773764425e-08, 0, -4.470347647611561e-08, 0.8773267269134521, 0.4798935651779175, -2.3748722099981023e-08, -0.4798935055732727, 0.8773266673088074),
        }},
        {Time = 0.167, Data = {
            ["RightFoot"] = CFrame.new(-1.688385964371264e-08, 1.1920928955078125e-07, 7.494236342608929e-09, 0.993902325630188, -0.025179369375109673, 0.10735158622264862, 0.05162372812628746, 0.9665449261665344, -0.2512487769126892, -0.09743371605873108, 0.2552589476108551, 0.9619510769844055),
            ["LeftLowerArm"] = CFrame.new(8.940696716308594e-08, -1.1920928955078125e-07, -1.4156103134155273e-07, 1, 7.450578820566989e-09, 2.2351747119842003e-08, -2.2351745343485163e-08, 0.9983726739883423, -0.05702807754278183, 2.980232594040899e-08, 0.05702798813581467, 0.9983726739883423),
            ["LeftFoot"] = CFrame.new(8.940696716308594e-08, 5.960464477539063e-08, 0, 0.990968644618988, -0.1277168095111847, 0.04086292162537575, 0.12688855826854706, 0.9916670322418213, 0.02226722426712513, -0.04336625710129738, -0.016881132498383522, 0.9989166855812073),
            ["Head"] = CFrame.new(5.296897143125534e-09, 4.76837158203125e-07, 5.820766091346741e-10, 0.9903426170349121, -0.08885753154754639, 0.10642285645008087, 0.0894341841340065, 0.9959925413131714, -0.0006485744379460812, -0.10593874752521515, 0.010160249657928944, 0.994320809841156),
            ["LowerTorso"] = CFrame.new(0.03181919455528259, -0.0019387006759643555, -0.0005402339156717062, 0.9908029437065125, 0.0987735241651535, 0.0924852192401886, -0.09849989414215088, 0.9951086640357971, -0.007529920898377895, -0.0927765890955925, -0.001649115583859384, 0.9956856966018677),
            ["UpperTorso"] = CFrame.new(1.6661942936480045e-09, 1.7881393432617188e-07, -9.313225746154785e-10, 0.9907684922218323, -0.12811852991580963, 0.04431287199258804, 0.12771661579608917, 0.9917405247688293, 0.011797240003943443, -0.045458316802978516, -0.006028842646628618, 0.9989480376243591),
            ["HumanoidRootPart"] = CFrame.new(0, 0, 0, 1, 0, 0, 0, 1, 0, 0, 0, 1),
            ["RightUpperLeg"] = CFrame.new(5.960464477539063e-08, 4.269531928002834e-08, -4.489265847951174e-09, 0.9547860026359558, -0.1356356143951416, -0.2645498812198639, 0.07129973918199539, 0.9683603048324585, -0.23915399610996246, 0.2886173129081726, 0.2094784826040268, 0.9342477321624756),
            ["LeftUpperArm"] = CFrame.new(5.960464477539063e-08, 7.152557373046875e-07, -1.1059455573558807e-09, 0.8004125952720642, 0.5930851101875305, 0.08711853623390198, -0.2545115053653717, 0.46780911087989807, -0.8463915586471558, -0.5427370667457581, 0.6552897691726685, 0.5253872275352478),
            ["RightLowerArm"] = CFrame.new(2.384185791015625e-07, -1.7881393432617188e-07, -1.1175870895385742e-07, 1, 3.3527612686157227e-08, 5.587935447692871e-09, -2.9802318834981634e-08, 0.9909151196479797, -0.13448911905288696, -3.352760913344355e-08, 0.1344890147447586, 0.990915060043335),
            ["LeftHand"] = CFrame.new(1.4901161193847656e-07, -5.960464477539063e-08, 1.4901161193847656e-08, 0.9869139194488525, 0.1352783441543579, -0.08775392919778824, -0.1490202248096466, 0.9730629920959473, -0.17590118944644928, 0.06159452348947525, 0.18667660653591156, 0.980488657951355),
            ["RightHand"] = CFrame.new(-5.960464477539063e-08, -5.960464477539063e-08, -3.650784492492676e-07, 0.9698728919029236, -0.24229255318641663, 0.02531684935092926, 0.24275526404380798, 0.9699364900588989, -0.017123151570558548, -0.020406942814588547, 0.02275313250720501, 0.9995328783988953),
            ["RightUpperArm"] = CFrame.new(1.1920928955078125e-07, 3.5762786865234375e-07, 1.1641532182693481e-10, 0.6211703419685364, -0.7664971351623535, -0.16318587958812714, 0.2314271777868271, 0.37836146354675293, -0.8962612748146057, 0.7487248778343201, 0.5189652442932129, 0.4124150574207306),
            ["RightLowerLeg"] = CFrame.new(2.0489096641540527e-08, 2.384185791015625e-07, 1.6952981241047382e-09, 1, -7.636844401304188e-08, -2.7008358216562556e-08, 5.2154071283894154e-08, 0.8874405026435852, 0.46092212200164795, -2.7474019503870295e-08, -0.46092239022254944, 0.8874406218528748),
            ["LeftUpperLeg"] = CFrame.new(-5.960464477539063e-08, 4.0679879020899534e-08, 3.725290298461914e-09, 0.9066154956817627, 0.4213400185108185, 0.022825883701443672, -0.2601301074028015, 0.6006878614425659, -0.7559804320335388, -0.33223605155944824, 0.6794458031654358, 0.6541960835456848),
            ["LeftLowerLeg"] = CFrame.new(-5.960464477539063e-08, -5.960464477539063e-08, -5.587935447692871e-09, 1, 6.705519695060502e-08, -2.9802322387695312e-08, -2.9802322387695312e-08, 0.8806014060974121, 0.473858118057251, 3.166496753692627e-08, -0.4738578498363495, 0.8806012272834778),
        }},
        {Time = 0.208, Data = {
            ["RightFoot"] = CFrame.new(3.253262548241764e-08, 3.5762786865234375e-07, 1.3991666492074728e-08, 0.9939072132110596, -0.02526097185909748, 0.10728722810745239, 0.051267340779304504, 0.9676303267478943, -0.24710963666439056, -0.09757207334041595, 0.2511047422885895, 0.9630298614501953),
            ["LeftLowerArm"] = CFrame.new(-5.960464477539063e-08, -3.5762786865234375e-07, 5.21540641784668e-08, 1, 5.2154071283894154e-08, -1.4901162970204496e-08, 3.725290298461914e-08, 0.998632550239563, -0.05228039622306824, 0, 0.052280448377132416, 0.9986324906349182),
            ["LeftFoot"] = CFrame.new(0, 0, -2.9802322387695312e-08, 0.9909728765487671, -0.1275353878736496, 0.04132281616330147, 0.12658652663230896, 0.9916448593139648, 0.024827901273965836, -0.044144000858068466, -0.019372783601284027, 0.998837411403656),
            ["Head"] = CFrame.new(-1.1059455573558807e-09, 4.76837158203125e-07, 3.14321368932724e-09, 0.9903426170349121, -0.08885753154754639, 0.10642285645008087, 0.0894341841340065, 0.9959925413131714, -0.0006485744379460812, -0.10593874752521515, 0.010160249657928944, 0.994320809841156),
            ["LowerTorso"] = CFrame.new(0.0320063941180706, -0.00005269050598144531, -0.0005433593760244548, 0.9908029437065125, 0.0987735241651535, 0.0924852192401886, -0.09849989414215088, 0.9951086640357971, -0.007529920898377895, -0.0927765890955925, -0.001649115583859384, 0.9956856966018677),
            ["UpperTorso"] = CFrame.new(8.512870408594608e-09, -1.4901161193847656e-07, 2.7939677238464355e-09, 0.9907684922218323, -0.12811852991580963, 0.04431287199258804, 0.12771661579608917, 0.9917405247688293, 0.011797240003943443, -0.045458316802978516, -0.006028842646628618, 0.9989480376243591),
            ["HumanoidRootPart"] = CFrame.new(0, 0, 0, 1, 0, 0, 0, 1, 0, 0, 0, 1),
            ["RightUpperLeg"] = CFrame.new(0, -1.7939601093530655e-07, -6.351910997182131e-09, 0.9548106789588928, -0.13426226377487183, -0.26516109704971313, 0.07121922820806503, 0.9695147275924683, -0.23445512354373932, 0.2885560095310211, 0.20497559010982513, 0.9352649450302124),
            ["LeftUpperArm"] = CFrame.new(-1.1920928955078125e-07, 7.152557373046875e-07, 5.820766091346741e-10, 0.7950168251991272, 0.5999150276184082, 0.08972305804491043, -0.25307896733283997, 0.4624720811843872, -0.8497474193572998, -0.551270604133606, 0.6528565287590027, 0.519498884677887),
            ["RightLowerArm"] = CFrame.new(1.1920928955078125e-07, -2.384185791015625e-07, 1.862645149230957e-07, 1, -3.72529100900465e-08, -7.450580596923828e-09, 5.21540641784668e-08, 0.9886826276779175, -0.1500227451324463, 5.21540641784668e-08, 0.15002281963825226, 0.9886825680732727),
            ["LeftHand"] = CFrame.new(0, -1.1920928955078125e-07, -1.6391277313232422e-07, 0.9865924119949341, 0.1352783590555191, -0.09129800647497177, -0.1497814953327179, 0.972686767578125, -0.17733030021190643, 0.0648154467344284, 0.1886274814605713, 0.9799074530601501),
            ["RightHand"] = CFrame.new(-1.7881393432617188e-07, -5.960464477539063e-08, -7.450580596923828e-08, 0.9697003364562988, -0.24315810203552246, 0.023566115647554398, 0.24342471361160278, 0.9698765873908997, -0.009153936058282852, -0.020630374550819397, 0.014613134786486626, 0.9996803998947144),
            ["RightUpperArm"] = CFrame.new(-1.1920928955078125e-07, 7.152557373046875e-07, 3.149034455418587e-08, 0.6171607375144958, -0.7689892649650574, -0.16663742065429688, 0.2384951263666153, 0.38464048504829407, -0.891724169254303, 0.7498218417167664, 0.51059490442276, 0.420785129070282),
            ["RightLowerLeg"] = CFrame.new(-9.499490261077881e-08, 5.364418029785156e-07, 7.620110409334302e-08, 1, -6.705522537231445e-08, -2.37487345344789e-08, 5.2154071283894154e-08, 0.8916161060333252, 0.45279204845428467, -3.026798722771673e-08, -0.45279228687286377, 0.8916162252426147),
            ["LeftUpperLeg"] = CFrame.new(-5.960464477539063e-08, -3.0806404538452625e-07, 0, 0.90678471326828, 0.420890212059021, 0.024351073428988457, -0.26013311743736267, 0.604026198387146, -0.7533148527145386, -0.33177149295806885, 0.6767598390579224, 0.6572092175483704),
            ["LeftLowerLeg"] = CFrame.new(-8.940696716308594e-08, -5.960464477539063e-08, 3.4458935260772705e-08, 1, 8.940693874137651e-08, -1.4901162970204496e-08, -7.450580596923828e-08, 0.8838323950767517, 0.4678038954734802, -1.862645149230957e-09, -0.4678036570549011, 0.8838323950767517),
        }},
        {Time = 0.250, Data = {
            ["RightFoot"] = CFrame.new(1.509215508121997e-08, 3.5762786865234375e-07, 2.701563062146306e-08, 0.9939084649085999, -0.02528410591185093, 0.10726945102214813, 0.051162682473659515, 0.9679442048072815, -0.24589894711971283, -0.0976133942604065, 0.2498895674943924, 0.9633415937423706),
            ["LeftLowerArm"] = CFrame.new(-1.1920928955078125e-07, -1.7881393432617188e-07, 4.3585896492004395e-07, 1, 2.2351738238057806e-08, -2.2351745343485163e-08, -5.21540641784668e-08, 0.9982731938362122, -0.058741651475429535, -2.9802322387695312e-08, 0.05874159187078476, 0.9982732534408569),
            ["LeftFoot"] = CFrame.new(2.384185791015625e-07, -1.1920928955078125e-07, 5.960464477539063e-08, 0.9909741282463074, -0.1274832934141159, 0.04145434871315956, 0.12649880349636078, 0.9916370511054993, 0.025573957711458206, -0.0443679541349411, -0.020099112764000893, 0.9988130927085876),
            ["Head"] = CFrame.new(1.5425030142068863e-08, 0, 6.402842700481415e-10, 0.9903426170349121, -0.08885753154754639, 0.10642285645008087, 0.0894341841340065, 0.9959925413131714, -0.0006485744379460812, -0.10593874752521515, 0.010160249657928944, 0.994320809841156),
            ["LowerTorso"] = CFrame.new(0.03205987811088562, 0.00048613548278808594, -0.0005442523979581892, 0.9908029437065125, 0.0987735241651535, 0.0924852192401886, -0.09849989414215088, 0.9951086640357971, -0.007529920898377895, -0.0927765890955925, -0.001649115583859384, 0.9956856966018677),
            ["UpperTorso"] = CFrame.new(9.40781319513917e-09, -1.1920928955078125e-07, -2.3283064365386963e-10, 0.9907684922218323, -0.12811852991580963, 0.04431287199258804, 0.12771661579608917, 0.9917405247688293, 0.011797240003943443, -0.045458316802978516, -0.006028842646628618, 0.9989480376243591),
            ["HumanoidRootPart"] = CFrame.new(0, 0, 0, 1, 0, 0, 0, 1, 0, 0, 0, 1),
            ["RightUpperLeg"] = CFrame.new(5.960464477539063e-08, -1.3694079825654626e-07, -5.420588422566652e-09, 0.9548174142837524, -0.13386130332946777, -0.26533904671669006, 0.07119651883840561, 0.9698476195335388, -0.2330806851387024, 0.2885388731956482, 0.20365822315216064, 0.9355579614639282),
            ["LeftUpperArm"] = CFrame.new(1.1920928955078125e-07, 1.1920928955078125e-07, -1.728767529129982e-08, 0.7811880111694336, 0.6184595227241516, 0.08516503125429153, -0.2634236216545105, 0.450221985578537, -0.8531754016876221, -0.5659976005554199, 0.644055962562561, 0.5146247744560242),
            ["RightLowerArm"] = CFrame.new(2.384185791015625e-07, -3.5762786865234375e-07, -4.246830940246582e-07, 1, -1.862644793959589e-08, -9.313225746154785e-09, 7.4505797087454084e-09, 0.9829188585281372, -0.18403975665569305, 1.4901159417490817e-08, 0.1840396523475647, 0.9829187989234924),
            ["LeftHand"] = CFrame.new(-2.384185791015625e-07, -1.1920928955078125e-07, -2.384185791015625e-07, 0.9863904714584351, 0.13826799392700195, -0.08897189050912857, -0.15229082107543945, 0.9722875356674194, -0.177382230758667, 0.061979927122592926, 0.18851783871650696, 0.9801120162010193),
            ["RightHand"] = CFrame.new(-5.960464477539063e-08, 0, -1.4901161193847656e-08, 0.9697790145874023, -0.24298709630966187, 0.02204935997724533, 0.24298086762428284, 0.9700264930725098, 0.0029966128058731556, -0.022116562351584435, 0.002451619366183877, 0.9997524619102478),
            ["RightUpperArm"] = CFrame.new(1.1920928955078125e-07, 1.1920928955078125e-07, 4.348112270236015e-08, 0.603317141532898, -0.7744913101196289, -0.19018828868865967, 0.23107708990573883, 0.39801812171936035, -0.8877978324890137, 0.7632901072502136, 0.4916754961013794, 0.41909828782081604),
            ["RightLowerLeg"] = CFrame.new(2.0489096641540527e-08, 4.172325134277344e-07, -4.300818545743823e-08, 1, -7.450579886381092e-08, -2.0023440683303306e-08, 5.02914261346632e-08, 0.8928225040435791, 0.4504084289073944, -4.936010356004772e-08, -0.45040860772132874, 0.8928227424621582),
            ["LeftUpperLeg"] = CFrame.new(-5.960464477539063e-08, -2.7190253604203463e-08, 0, 0.9068329930305481, 0.42076027393341064, 0.024792660027742386, -0.2601342797279358, 0.6049899458885193, -0.7525407075881958, -0.3316385746002197, 0.6759792566299438, 0.6580789089202881),
            ["LeftLowerLeg"] = CFrame.new(8.940696716308594e-08, -1.1920928955078125e-07, -3.073364496231079e-08, 1, 1.0430806440808738e-07, 0, -2.9802315282267955e-08, 0.8847622275352478, 0.466043084859848, 5.5879341154252415e-09, -0.46604278683662415, 0.8847621083259583),
        }},
        {Time = 0.292, Data = {
            ["RightFoot"] = CFrame.new(-1.196713128592819e-08, 2.384185791015625e-07, -1.3416865840554237e-08, 0.9966506361961365, -0.02250588685274124, 0.07862035185098648, 0.04676069691777229, 0.9455496668815613, -0.32210105657577515, -0.06709013879299164, 0.3246990144252777, 0.9434351921081543),
            ["LeftLowerArm"] = CFrame.new(-5.960464477539063e-08, -4.172325134277344e-07, -2.738088369369507e-07, 1, 6.984917888530617e-08, 0, 0, 0.9820715188980103, -0.1885090470314026, -4.6566128730773926e-09, 0.18850897252559662, 0.9820714592933655),
            ["LeftFoot"] = CFrame.new(0, -5.960464477539063e-08, -5.960464477539063e-08, 0.996299147605896, -0.08573030680418015, -0.006205253303050995, 0.08519711345434189, 0.9945055246353149, -0.060830987989902496, 0.011386276222765446, 0.06007717549800873, 0.9981288313865662),
            ["Head"] = CFrame.new(3.818422555923462e-08, 2.384185791015625e-07, 1.3969838619232178e-09, 0.9895647764205933, -0.09714405983686447, 0.10641788691282272, 0.09776799380779266, 0.9952090382575989, -0.0006491381791420281, -0.10584501922130585, 0.011046724393963814, 0.9943212866783142),
            ["LowerTorso"] = CFrame.new(0.028199898079037666, -0.03840184211730957, -0.0004798064474016428, 0.9908029437065125, 0.0987735241651535, 0.0924852192401886, -0.09849989414215088, 0.9951086640357971, -0.007529920898377895, -0.0927765890955925, -0.001649115583859384, 0.9956856966018677),
            ["UpperTorso"] = CFrame.new(1.314765540882945e-08, -2.9802322387695312e-08, 9.313225746154785e-10, 0.9909015893936157, -0.12708421051502228, 0.04431289806962013, 0.12668125331401825, 0.9918733835220337, 0.011797239072620869, -0.045452021062374115, -0.006076289340853691, 0.9989480972290039),
            ["HumanoidRootPart"] = CFrame.new(0, 0, 0, 1, 0, 0, 0, 1, 0, 0, 0, 1),
            ["RightUpperLeg"] = CFrame.new(0, -4.57876012660563e-08, -4.489265847951174e-09, 0.9453254342079163, -0.16769328713417053, -0.27971214056015015, 0.07321241497993469, 0.9449031352996826, -0.31905800104141235, 0.3178046643733978, 0.2811351418495178, 0.905518114566803),
            ["LeftUpperArm"] = CFrame.new(5.960464477539063e-08, 9.5367431640625e-07, 2.9569491744041443e-08, 0.7459527850151062, 0.6642213463783264, -0.04862506687641144, -0.2352675348520279, 0.19450491666793823, -0.952269434928894, -0.6230599284172058, 0.7217880487442017, 0.30136120319366455),
            ["RightLowerArm"] = CFrame.new(2.384185791015625e-07, -4.172325134277344e-07, -2.1606683731079102e-07, 1, 3.7252898543727042e-09, -7.450581485102248e-09, -3.725290298461914e-09, 0.9198612570762634, -0.39224401116371155, 0, 0.3922439217567444, 0.9198613166809082),
            ["LeftHand"] = CFrame.new(1.1920928955078125e-07, 1.1920928955078125e-07, -1.1920928955078125e-07, 0.9837380647659302, 0.07901441305875778, -0.16129566729068756, -0.13435611128807068, 0.9197098016738892, -0.3688933849334717, 0.119197316467762, 0.3845656216144562, 0.9153695702552795),
            ["RightHand"] = CFrame.new(5.960464477539063e-08, -1.7881393432617188e-07, 4.516914486885071e-07, 0.9695771336555481, -0.2193203866481781, 0.10871459543704987, 0.23230725526809692, 0.9644156098365784, -0.1262376755475998, -0.07715949416160583, 0.14765238761901855, 0.9860250353813171),
            ["RightUpperArm"] = CFrame.new(0, 0, -3.457535058259964e-08, 0.5672644376754761, -0.8104468584060669, -0.1462426483631134, 0.11917917430400848, 0.25649747252464294, -0.9591691493988037, 0.8148664832115173, 0.5266735553741455, 0.24209026992321014),
            ["RightLowerLeg"] = CFrame.new(5.587935447692871e-08, 5.960464477539062e-07, 4.639878170564771e-08, 1, -8.195638656616211e-08, -8.754435043556441e-08, 6.705523958316917e-08, 0.8067380785942078, 0.5909090638160706, -4.982576840006914e-08, -0.5909093022346497, 0.8067383170127869),
            ["LeftUpperLeg"] = CFrame.new(-5.960464477539063e-08, -1.6328704077750444e-07, 7.450580596923828e-09, 0.8985413908958435, 0.43853819370269775, 0.01754108816385269, -0.1924973577260971, 0.4297044277191162, -0.8822125792503357, -0.39442139863967896, 0.78932785987854, 0.4705246090888977),
            ["LeftLowerLeg"] = CFrame.new(8.940696716308594e-08, -2.384185791015625e-07, -3.725290298461914e-09, 1, 9.31322148289837e-08, -9.313223969797946e-09, -1.1920928955078125e-07, 0.4491521418094635, 0.8934553265571594, 4.842877388000488e-08, -0.8934552669525146, 0.4491521120071411),
        }},
        {Time = 0.333, Data = {
            ["RightFoot"] = CFrame.new(1.862281351350248e-08, 2.384185791015625e-07, -2.759043127298355e-08, 0.9995404481887817, -0.017034702003002167, 0.025072772055864334, 0.026064859703183174, 0.905266523361206, -0.4240436553955078, -0.015474030748009682, 0.42450252175331116, 0.9052947163581848),
            ["LeftLowerArm"] = CFrame.new(5.960464477539063e-08, -1.7881393432617188e-07, -1.4528632164001465e-07, 1, -1.0058282384761696e-07, 1.4156104555240745e-07, 1.3411046495548362e-07, -0.06383473426103592, -0.9979605674743652, 8.940698137394065e-08, 0.9979605078697205, -0.06383468955755234),
            ["LeftFoot"] = CFrame.new(-4.842877388000488e-08, -1.1920928955078125e-07, -2.9802322387695312e-08, 0.9999921321868896, 0.0037632365711033344, 0.0012592822313308716, -0.003756918478757143, 0.999980628490448, -0.004970237612724304, -0.0012779833050444722, 0.004965425003319979, 0.9999868869781494),
            ["Head"] = CFrame.new(1.6880221664905548e-09, 2.384185791015625e-07, 4.0745362639427185e-10, 0.9879360198974609, -0.11251543462276459, 0.10640860348939896, 0.11322696506977081, 0.993569016456604, -0.0006500268937088549, -0.10565117746591568, 0.012690613977611065, 0.9943222999572754),
            ["LowerTorso"] = CFrame.new(0.021031364798545837, -0.11062240600585938, -0.00036012116470374167, 0.9908029437065125, 0.0987735241651535, 0.0924852192401886, -0.09849989414215088, 0.9951086640357971, -0.007529920898377895, -0.0927765890955925, -0.001649115583859384, 0.9956856966018677),
            ["UpperTorso"] = CFrame.new(-4.372850526124239e-09, 5.960464477539063e-08, -3.4924596548080444e-10, 0.9911460876464844, -0.12516295909881592, 0.044312912970781326, 0.12475813180208206, 0.9921170473098755, 0.011797231622040272, -0.04544016346335411, -0.006164384074509144, 0.9989480972290039),
            ["HumanoidRootPart"] = CFrame.new(0, 0, 0, 1, 0, 0, 0, 1, 0, 0, 0, 1),
            ["RightUpperLeg"] = CFrame.new(0, 3.623426891863346e-08, -1.1008523870259523e-08, 0.9252945184707642, -0.22685226798057556, -0.30392128229141235, 0.0770256444811821, 0.8970844149589539, -0.4350939095020294, 0.37134504318237305, 0.37918010354042053, 0.8475406765937805),
            ["LeftUpperArm"] = CFrame.new(0, 3.5762786865234375e-07, 3.009336069226265e-08, 0.7358400821685791, 0.674547553062439, 0.0593700148165226, -0.24758104979991913, 0.3496066629886627, -0.9035922288894653, -0.6302722692489624, 0.650200605392456, 0.42425984144210815),
            ["RightLowerArm"] = CFrame.new(5.960464477539063e-08, -4.172325134277344e-07, -2.3096799850463867e-07, 1, -1.0617074508445512e-07, 6.426125054304066e-08, 6.426125764846802e-08, 0.2077314406633377, -0.9781858921051025, 7.078051567077637e-08, 0.9781859517097473, 0.20773138105869293),
            ["LeftHand"] = CFrame.new(-2.980232238769531e-07, -4.172325134277344e-07, -5.21540641784668e-08, 0.9757174253463745, -0.023646730929613113, -0.217753604054451, -0.04186173528432846, 0.9556975364685059, -0.29135847091674805, 0.21499596536159515, 0.2933991849422455, 0.9315007925033569),
            ["RightHand"] = CFrame.new(0, -5.960464477539063e-08, 1.4901161193847656e-07, 0.9535473585128784, -0.11900022625923157, 0.2767428755760193, 0.18603460490703583, 0.9551782608032227, -0.23027323186397552, -0.23693600296974182, 0.27106013894081116, 0.9329456686973572),
            ["RightUpperArm"] = CFrame.new(0, 9.5367431640625e-07, -3.4924596548080444e-10, 0.5638203620910645, -0.7786350846290588, -0.27537935972213745, -0.04536684229969978, 0.3037286102771759, -0.9516779184341431, 0.8246505856513977, 0.5490686297416687, 0.13592419028282166),
