return {
    ["Bell Ringer"] = {
        {Time = 0.000, Data = {
            ["RightFoot"] = CFrame.new(1.0605435818433762e-07, 4.76837158203125e-07, 3.5222910810261965e-08, 0.9989024996757507, 0.04013071209192276, 0.02415618672966957, -0.02805207297205925, 0.9255430102348328, -0.377601683139801, -0.037511032074689865, 0.3765099048614502, 0.9256529808044434),
            ["LeftLowerArm"] = CFrame.new(1.7881393432617188e-07, -3.5762786865234375e-07, -1.7881393432617188e-07, 1, -1.2572849072967074e-07, 1.08033368917404e-07, 9.685754776000977e-08, -0.35544413328170776, -0.9346975684165955, 9.872019290924072e-08, 0.9346976280212402, -0.35544413328170776),
            ["RightUpperArm"] = CFrame.new(0, 1.1920928955078125e-07, 5.587935447692871e-08, 0.8559812903404236, -0.07258380949497223, 0.511886477470398, 0.2551276385784149, 0.9204503297805786, -0.29610997438430786, -0.44967326521873474, 0.38406097888946533, 0.8064063787460327),
            ["Head"] = CFrame.new(-1.4901161193847656e-08, 1.1920928955078125e-07, 9.266659617424011e-08, 0.9997794032096863, -0.012953324243426323, -0.01653262786567211, 0.003691188059747219, 0.8832795023918152, -0.4688325822353363, 0.020675847306847572, 0.46866804361343384, 0.8831323385238647),
            ["RightHand"] = CFrame.new(1.1525116860866547e-07, 2.384185791015625e-07, 2.980232238769531e-07, 0.7920538187026978, -0.5916864275932312, -0.15019312500953674, 0.6086139678955078, 0.7463212013244629, 0.26943227648735046, -0.047327108681201935, -0.30481448769569397, 0.9512351751327515),
            ["UpperTorso"] = CFrame.new(3.0850060284137726e-09, -3.8743019104003906e-07, 1.3533281162381172e-08, 0.9987049698829651, 0.0008515868103131652, 0.05086958035826683, -0.02235870435833931, 0.9054786562919617, 0.4238026440143585, -0.04570040479302406, -0.4243911802768707, 0.904325008392334),
            ["HumanoidRootPart"] = CFrame.new(0, 0, 0, 1, 0, 0, 0, 1, 0, 0, 0, 1),
            ["RightUpperLeg"] = CFrame.new(-8.940696716308594e-08, 4.302128218114376e-07, 2.438173396512866e-08, 0.9985097050666809, -0.05449443310499191, -0.0029906968120485544, 0.04556615650653839, 0.8625689744949341, -0.503883421421051, 0.030038533732295036, 0.5029962658882141, 0.8637665510177612),
            ["LeftUpperArm"] = CFrame.new(-2.384185791015625e-07, 0, -2.9802322387695312e-08, 0.7270086407661438, 0.04827677831053734, -0.6849291324615479, -0.18720416724681854, 0.9736707806587219, -0.13007675111293793, 0.6606156826019287, 0.2227885127067566, 0.7169046401977539),
            ["RightLowerArm"] = CFrame.new(1.7881393432617188e-07, 0, -2.384185791015625e-07, 1, -1.0599615052342415e-07, 1.1757943241264002e-07, 8.638016169015827e-08, -0.348103791475296, -0.9374560713768005, 1.2155940964930778e-07, 0.9374560713768005, -0.348103791475296),
            ["LeftHand"] = CFrame.new(5.960464477539063e-08, 5.960464477539063e-08, 4.76837158203125e-07, 0.7195687294006348, 0.520391047000885, -0.459797739982605, -0.6375859379768372, 0.7574535608291626, -0.14052894711494446, 0.27514538168907166, 0.3942808210849762, 0.8768339157104492),
            ["LeftFoot"] = CFrame.new(1.8277205526828766e-08, -1.1920928955078125e-07, -3.725290298461914e-08, 0.9987077116966248, 0.0186561681330204, 0.04727491736412048, -0.0006106777582317591, 0.9345265626907349, -0.3558926582336426, -0.0508192740380764, 0.35540416836738586, 0.9333303570747375),
            ["LowerTorso"] = CFrame.new(-0.03561336174607277, -0.16245508193969727, 0.08809742331504822, 0.9999836087226868, 0.0009142572525888681, 0.0056501729413867, -0.0011324012884870172, 0.9992492198944092, 0.03872659057378769, -0.0056105246767401695, -0.03873235359787941, 0.9992339015007019),
            ["RightLowerLeg"] = CFrame.new(-3.864988684654236e-08, -0.0000035762786865234375, -0.000013326462067198008, 1, -1.0989604959377175e-07, -5.401672353855247e-08, 1.210719347000122e-07, 0.6478815674781799, 0.7617406249046326, -5.203764885663986e-08, -0.7617411613464355, 0.6478821039199829),
            ["LeftUpperLeg"] = CFrame.new(-1.1920928955078125e-07, 2.4051405489444733e-07, -1.5832483768463135e-08, 0.9994896054267883, -0.025113346055150032, -0.019749002531170845, 0.01113387942314148, 0.8531985282897949, -0.5214675068855286, 0.029945604503154755, 0.5209814310073853, 0.8530426621437073),
            ["LeftLowerLeg"] = CFrame.new(3.818422555923462e-08, 0.000003993511199951172, 0.000013110227882862091, 1, 6.984920020158825e-08, 3.18978052860075e-08, -6.519258732851085e-08, 0.6497383713722229, 0.7601577639579773, 2.980232594040899e-08, -0.7601579427719116, 0.649738609790802),
        }},
        {Time = 0.033, Data = {
            ["RightFoot"] = CFrame.new(7.741618901491165e-09, 4.172325134277344e-07, 1.4733814168721437e-08, 0.9988285303115845, 0.04123785346746445, 0.025319665670394897, -0.028734659776091576, 0.9264418482780457, -0.3753393590450287, -0.038935381919145584, 0.3741723895072937, 0.9265415668487549),
            ["LeftLowerArm"] = CFrame.new(-2.682209014892578e-07, 0, -2.9802322387695312e-08, 1, -7.823106784599076e-08, 1.0617068824103626e-07, 1.0430811414607888e-07, -0.3464101254940033, -0.9380831718444824, 1.3038514623531228e-07, 0.9380831718444824, -0.3464100956916809),
            ["RightUpperArm"] = CFrame.new(0, 0, 2.644956111907959e-07, 0.8447453379631042, -0.07040778547525406, 0.5305167436599731, 0.25634387135505676, 0.9234206676483154, -0.2856258153915405, -0.469779908657074, 0.3772757947444916, 0.7981039881706238),
            ["Head"] = CFrame.new(-2.2351741790771484e-08, 1.1920928955078125e-07, 2.3352913558483124e-07, 0.997110903263092, -0.02008318156003952, 0.07325755059719086, 0.05032743141055107, 0.8970317840576172, -0.43909141421318054, -0.05689602345228195, 0.44150954484939575, 0.8954508304595947),
            ["RightHand"] = CFrame.new(-3.241002559661865e-07, -2.980232238769531e-07, 7.152557373046875e-07, 0.7897660136222839, -0.605705738067627, 0.09690403193235397, 0.6044152975082397, 0.7953674793243408, 0.045528773218393326, -0.1046513170003891, 0.022613191977143288, 0.9942519664764404),
            ["UpperTorso"] = CFrame.new(-1.2223608791828156e-09, -1.4901161193847656e-07, 3.2334355637431145e-08, 0.9985924959182739, 0.0030976736452430487, 0.05294777452945709, -0.02502683736383915, 0.9076867699623108, 0.41890135407447815, -0.0467623770236969, -0.41963687539100647, 0.9064866900444031),
            ["HumanoidRootPart"] = CFrame.new(0, 0, 0, 1, 0, 0, 0, 1, 0, 0, 0, 1),
            ["RightUpperLeg"] = CFrame.new(-5.960464477539063e-08, -3.090826794505119e-08, 9.480572771281004e-09, 0.9982098937034607, -0.059326354414224625, -0.007578106597065926, 0.04758757725358009, 0.8645920753479004, -0.5002160668373108, 0.03622795268893242, 0.49895983934402466, 0.8658674955368042),
            ["LeftUpperArm"] = CFrame.new(-2.384185791015625e-07, 3.5762786865234375e-07, 7.450580596923828e-09, 0.7007951140403748, 0.04389723762869835, -0.7120108008384705, -0.162888303399086, 0.9815836548805237, -0.09980534017086029, 0.6945168972015381, 0.185921311378479, 0.6950393319129944),
            ["RightLowerArm"] = CFrame.new(5.960464477539062e-07, -4.76837158203125e-07, -5.960464477539063e-08, 1, -3.306193718799477e-08, 1.1268998889590875e-07, 7.916241173688832e-08, -0.39098507165908813, -0.9203970432281494, 1.5995463797935372e-07, 0.9203971028327942, -0.39098507165908813),
            ["LeftHand"] = CFrame.new(5.960464477539063e-08, -1.1920928955078125e-07, -5.923211574554443e-07, 0.6554735898971558, 0.5251470804214478, -0.5427476167678833, -0.6910960674285889, 0.7068831324577332, -0.15067341923713684, 0.304533451795578, 0.4738532304763794, 0.8262702822685242),
            ["LeftFoot"] = CFrame.new(-3.239256329834461e-08, -1.1920928955078125e-07, 1.3969838619232178e-08, 0.9986496567726135, 0.022109266370534897, 0.04701077193021774, -0.004309821408241987, 0.9370586276054382, -0.3491467237472534, -0.05177116021513939, 0.34847161173820496, 0.9358881711959839),
            ["LowerTorso"] = CFrame.new(-0.037477873265743256, -0.1581120491027832, 0.08697183430194855, 0.999943196773529, 0.0019763698801398277, 0.01047638338059187, -0.0024159878958016634, 0.9991097450256348, 0.04211760684847832, -0.010383817367255688, -0.042140524834394455, 0.9990577697753906),
            ["RightLowerLeg"] = CFrame.new(-9.033828973770142e-08, -0.000003635883331298828, -0.00001321132731391117, 1, -1.0710211029163474e-07, -4.842879164357328e-08, 1.1548399925231934e-07, 0.6555781960487366, 0.7551272511482239, -5.832407623529434e-08, -0.7551274299621582, 0.6555783748626709),
            ["LeftUpperLeg"] = CFrame.new(-5.960464477539063e-08, 8.568167686462402e-08, -1.955777406692505e-08, 0.9993059635162354, -0.02969152107834816, -0.022498056292533875, 0.013723270036280155, 0.85487300157547, -0.5186557173728943, 0.03463265299797058, 0.5179870128631592, 0.8546872138977051),
            ["LeftLowerLeg"] = CFrame.new(-1.3085082173347473e-07, 0.000004112720489501953, 0.000013261102139949799, 1, 6.705522537231445e-08, 2.3748725652694702e-08, -6.426125764846802e-08, 0.6601884365081787, 0.7511003613471985, 3.259629011154175e-08, -0.7511000037193298, 0.6601880788803101),
        }},
        {Time = 0.067, Data = {
            ["RightFoot"] = CFrame.new(-7.380731403827667e-08, 4.172325134277344e-07, 4.8261426854878664e-08, 0.9987198710441589, 0.04300536960363388, 0.02663291059434414, -0.030452996492385864, 0.9315719604492188, -0.3622792959213257, -0.040390487760305405, 0.3610045313835144, 0.9316890239715576),
            ["LeftLowerArm"] = CFrame.new(-3.5762786865234375e-07, -8.344650268554688e-07, -4.470348358154297e-07, 1, -7.823106784599076e-08, 1.08033368917404e-07, 8.195639367158947e-08, -0.3705799877643585, -0.9288005828857422, 8.940698137394065e-08, 0.9288005828857422, -0.37057992815971375),
            ["RightUpperArm"] = CFrame.new(-1.1920928955078125e-07, -1.1920928955078125e-07, 1.564621925354004e-07, 0.8307616114616394, -0.06676748394966125, 0.5526095032691956, 0.253601998090744, 0.9291563630104065, -0.26898810267448425, -0.49550098180770874, 0.36360785365104675, 0.7888398170471191),
            ["Head"] = CFrame.new(-2.60770320892334e-08, -1.1920928955078125e-07, 1.501757651567459e-07, 0.9903229475021362, -0.026446711272001266, 0.13623911142349243, 0.08154157549142838, 0.9052411317825317, -0.417000949382782, -0.11230094730854034, 0.424074649810791, 0.8986374735832214),
            ["RightHand"] = CFrame.new(-2.4586915969848633e-07, 1.1920928955078125e-07, 4.6193599700927734e-07, 0.772771954536438, -0.5740388035774231, 0.270745187997818, 0.615385115146637, 0.782074511051178, -0.09828898310661316, -0.15532128512859344, 0.24256747961044312, 0.9576201438903809),
            ["UpperTorso"] = CFrame.new(-1.280568540096283e-09, 1.7881393432617188e-07, 3.6961864680051804e-08, 0.9986475706100464, 0.005837154109030962, 0.051663588732481, -0.02651175670325756, 0.9119558930397034, 0.4094308316707611, -0.04472501203417778, -0.4102467894554138, 0.9108771681785583),
            ["HumanoidRootPart"] = CFrame.new(0, 0, 0, 1, 0, 0, 0, 1, 0, 0, 0, 1),
            ["RightUpperLeg"] = CFrame.new(1.1920928955078125e-07, 3.0174851417541504e-07, 4.766479833051562e-08, 0.9977670311927795, -0.06498890370130539, -0.015408369712531567, 0.0492299422621727, 0.8715022206306458, -0.4879142940044403, 0.04513749107718468, 0.48606616258621216, 0.8727555274963379),
            ["LeftUpperArm"] = CFrame.new(0, -2.384185791015625e-07, 1.1920928955078125e-07, 0.6838275790214539, 0.03960214927792549, -0.7285681962966919, -0.14892838895320892, 0.9850804805755615, -0.08623775094747543, 0.7142829895019531, 0.16747614741325378, 0.6795230507850647),
            ["RightLowerArm"] = CFrame.new(-3.8743019104003906e-07, -7.748603820800781e-07, -4.172325134277344e-07, 1, -9.499483155650523e-08, 1.136212830488148e-07, 7.823108916227284e-08, -0.4367115795612335, -0.8996015787124634, 9.196809003242379e-08, 0.8996015787124634, -0.4367115795612335),
            ["LeftHand"] = CFrame.new(-5.960464477539063e-08, 0, -1.3969838619232178e-07, 0.5912182331085205, 0.5253597497940063, -0.611929714679718, -0.7443057298660278, 0.6476116180419922, -0.16312001645565033, 0.3105960786342621, 0.5519024133682251, 0.7739083170890808),
            ["LeftFoot"] = CFrame.new(7.741618901491165e-09, 0, 2.7939677238464355e-09, 0.9985300898551941, 0.026633840054273605, 0.04720664024353027, -0.009597963653504848, 0.9440648555755615, -0.3296201527118683, -0.0533452108502388, 0.32868248224258423, 0.9429327249526978),
            ["LowerTorso"] = CFrame.new(-0.03949414938688278, -0.14450454711914062, 0.0863056480884552, 0.9998403191566467, 0.0028491199482232332, 0.017643863335251808, -0.0037324249278753996, 0.9987305402755737, 0.05023423954844475, -0.01747834123671055, -0.05029207095503807, 0.99858158826828),
            ["RightLowerLeg"] = CFrame.new(1.2898817658424377e-07, -0.0000035762786865234375, -0.000013410339306574315, 1, -1.0430815677864302e-07, -4.4703497792397684e-08, 1.1175869474300271e-07, 0.6827059984207153, 0.7306931018829346, -4.726461355630818e-08, -0.7306933403015137, 0.6827060580253601),
            ["LeftUpperLeg"] = CFrame.new(-1.7881393432617188e-07, 3.9977021515369415e-07, 1.7695128917694092e-08, 0.9989795088768005, -0.035281065851449966, -0.028201863169670105, 0.016074547544121742, 0.8612111210823059, -0.5079930424690247, 0.04221031814813614, 0.5070213079452515, 0.8608993887901306),
            ["LeftLowerLeg"] = CFrame.new(-7.59027898311615e-08, 0.000003933906555175781, 0.000013128388673067093, 1, 6.519257311765614e-08, 2.9336661100387573e-08, -5.960463766996327e-08, 0.6905611157417297, 0.7232741713523865, 2.7474012398442937e-08, -0.7232741117477417, 0.690561056137085),
        }},
        {Time = 0.100, Data = {
            ["RightFoot"] = CFrame.new(5.51808625459671e-08, 4.172325134277344e-07, 2.590968506410718e-08, 0.9985363483428955, 0.04635285586118698, 0.027866600081324577, -0.03377322107553482, 0.9368370175361633, -0.34813210368156433, -0.04224337637424469, 0.346681147813797, 0.9370312690734863),
            ["LeftLowerArm"] = CFrame.new(-2.980232238769531e-07, -8.344650268554688e-07, -1.7881393432617188e-07, 1, -1.0430806440808738e-07, 1.0244541925885642e-07, 5.960465188081798e-08, -0.36073657870292664, -0.9326678514480591, 7.823110337312755e-08, 0.9326678514480591, -0.36073654890060425),
            ["RightUpperArm"] = CFrame.new(0, 2.384185791015625e-07, 4.470348358154297e-08, 0.8156379461288452, -0.06273477524518967, 0.5751514434814453, 0.2461499273777008, 0.9372731447219849, -0.24683870375156403, -0.5235885977745056, 0.3429045081138611, 0.7799175977706909),
            ["Head"] = CFrame.new(-3.725290298461914e-09, -2.384185791015625e-07, -3.748573362827301e-08, 0.984600841999054, -0.0304426122456789, 0.1721469610929489, 0.09897980839014053, 0.908759355545044, -0.40541282296180725, -0.14409835636615753, 0.4162086844444275, 0.8977783918380737),
            ["RightHand"] = CFrame.new(1.341104507446289e-07, -2.980232238769531e-07, 1.9371509552001953e-07, 0.7608434557914734, -0.5603095293045044, 0.3273693025112152, 0.6185800433158875, 0.7786903381347656, -0.10488145798444748, -0.19615322351455688, 0.2823024392127991, 0.9390577077865601),
            ["UpperTorso"] = CFrame.new(3.3760443329811096e-09, -2.9802322387695312e-08, 1.9441358745098114e-08, 0.9988120794296265, 0.008022058755159378, 0.04806484282016754, -0.026510989293456078, 0.9170660972595215, 0.3978528678417206, -0.04088705778121948, -0.3986544609069824, 0.9161893129348755),
            ["HumanoidRootPart"] = CFrame.new(0, 0, 0, 1, 0, 0, 0, 1, 0, 0, 0, 1),
            ["RightUpperLeg"] = CFrame.new(5.960464477539063e-08, -6.449408829212189e-07, 3.742025000974536e-08, 0.9971669912338257, -0.0712401270866394, -0.024143122136592865, 0.05121486261487007, 0.8780946731567383, -0.47573816776275635, 0.05509162321686745, 0.4731537997722626, 0.8792555928230286),
            ["LeftUpperArm"] = CFrame.new(-1.1920928955078125e-07, -4.76837158203125e-07, -1.1175870895385742e-07, 0.683063268661499, 0.03590518608689308, -0.7294761538505554, -0.15756645798683167, 0.9825150966644287, -0.09918143600225449, 0.7131601572036743, 0.1826881617307663, 0.6767773628234863),
            ["RightLowerArm"] = CFrame.new(-1.1920928955078125e-07, -4.172325134277344e-07, -3.8743019104003906e-07, 1, 0, 9.685751223287298e-08, 8.009374852235851e-08, -0.46644341945648193, -0.8845511078834534, 8.847565347025466e-09, 0.8845511078834534, -0.46644335985183716),
            ["LeftHand"] = CFrame.new(-1.4901161193847656e-07, -1.1920928955078125e-07, -1.2293457984924316e-07, 0.5380376577377319, 0.5263170003890991, -0.6584118008613586, -0.7917008399963379, 0.5836693644523621, -0.180388405919075, 0.28935331106185913, 0.6183207631111145, 0.730721652507782),
            ["LeftFoot"] = CFrame.new(1.0844087228178978e-07, 5.960464477539063e-08, 1.862645149230957e-09, 0.9983597993850708, 0.03184909746050835, 0.0475749634206295, -0.01568405143916607, 0.9513399600982666, -0.307745099067688, -0.05506134778261185, 0.3064933121204376, 0.9502787590026855),
            ["LowerTorso"] = CFrame.new(-0.04153209924697876, -0.13051295280456543, 0.08612185716629028, 0.999659538269043, 0.00375569611787796, 0.025821950286626816, -0.0052978345192968845, 0.998189389705658, 0.0599154569208622, -0.025550175458192825, -0.06003185361623764, 0.9978694319725037),
            ["RightLowerLeg"] = CFrame.new(3.632158041000366e-08, -0.000003635883331298828, -0.000013249395124148577, 1, -1.0244550452398471e-07, -3.352760558072987e-08, 1.0803341865539551e-07, 0.7107222080230713, 0.703472912311554, -4.1211023926734924e-08, -0.703472912311554, 0.710722029209137),
            ["LeftUpperLeg"] = CFrame.new(-5.960464477539063e-08, -3.0384398996829987e-07, 6.51925802230835e-09, 0.9985247850418091, -0.04149946570396423, -0.03501666709780693, 0.018599173054099083, 0.8672791719436646, -0.4974745512008667, 0.051014188677072525, 0.49608948826789856, 0.8667716383934021),
            ["LeftLowerLeg"] = CFrame.new(-4.7497451305389404e-08, 0.000003933906555175781, 0.00001328950747847557, 1, 5.8673322200775146e-08, 2.7008354663848877e-08, -5.867331509534779e-08, 0.7222692370414734, 0.6916122436523438, 2.3748722099981023e-08, -0.6916120648384094, 0.7222689986228943),
        }},
        {Time = 0.133, Data = {
            ["RightFoot"] = CFrame.new(-1.3969838619232178e-08, 2.980232238769531e-07, -2.029992174357176e-09, 0.9982903599739075, 0.051100753247737885, 0.02837333083152771, -0.03829667717218399, 0.9385734796524048, -0.3429482877254486, -0.044155389070510864, 0.34127479791641235, 0.9389257431030273),
            ["LeftLowerArm"] = CFrame.new(3.5762786865234375e-07, 1.7881393432617188e-07, -8.940696716308594e-08, 1, -9.31322148289837e-08, 1.2293453721667902e-07, 8.940699558479537e-08, -0.3405962288379669, -0.9402097463607788, 8.940699558479537e-08, 0.9402096271514893, -0.34059616923332214),
            ["RightUpperArm"] = CFrame.new(0, -4.76837158203125e-07, 3.8743019104003906e-07, 0.8022688627243042, -0.05941970646381378, 0.593998372554779, 0.23545153439044952, 0.9458647966384888, -0.2233884632587433, -0.5485684275627136, 0.31907543540000916, 0.7728282809257507),
            ["Head"] = CFrame.new(-1.1175870895385742e-08, -1.1920928955078125e-07, 1.5576370060443878e-07, 0.9783185720443726, -0.03392504155635834, 0.20430848002433777, 0.11426959186792374, 0.9111669063568115, -0.3958755135536194, -0.17272894084453583, 0.41063863039016724, 0.8952880501747131),
            ["RightHand"] = CFrame.new(-3.725290298461914e-07, 0, 5.662441253662109e-07, 0.750641405582428, -0.5518284440040588, 0.3633495271205902, 0.6210662722587585, 0.7769495248794556, -0.10308325290679932, -0.22541992366313934, 0.3030427098274231, 0.9259325265884399),
            ["UpperTorso"] = CFrame.new(1.0477378964424133e-09, 8.940696716308594e-08, 5.25033101439476e-08, 0.9988870024681091, 0.008770185522735119, 0.04634518921375275, -0.026046544313430786, 0.9217275977134705, 0.38696223497390747, -0.039323922246694565, -0.3877387046813965, 0.9209301471710205),
            ["HumanoidRootPart"] = CFrame.new(0, 0, 0, 1, 0, 0, 0, 1, 0, 0, 0, 1),
            ["RightUpperLeg"] = CFrame.new(-5.960464477539063e-08, -2.8265640139579773e-07, 7.932976586744189e-08, 0.9965329766273499, -0.07762116193771362, -0.02994888834655285, 0.05421390011906624, 0.878884494304657, -0.4739436209201813, 0.06310971826314926, 0.47067728638648987, 0.8800457119941711),
            ["LeftUpperArm"] = CFrame.new(-1.1920928955078125e-07, -9.5367431640625e-07, -1.4901161193847656e-08, 0.6927712559700012, 0.032968416810035706, -0.7204034328460693, -0.1815820336341858, 0.9747439026832581, -0.13000914454460144, 0.6979226469993591, 0.2208789438009262, 0.6812610030174255),
            ["RightLowerArm"] = CFrame.new(5.364418029785156e-07, -7.748603820800781e-07, 2.9802322387695312e-08, 1, -1.3411046495548362e-07, 1.2665984172599565e-07, 8.56816981809061e-08, -0.4797505736351013, -0.8774049282073975, 1.2945386629326094e-07, 0.8774049878120422, -0.4797506332397461),
            ["LeftHand"] = CFrame.new(2.086162567138672e-07, -2.384185791015625e-07, 5.6438148021698e-07, 0.5323367118835449, 0.5918336510658264, -0.6052690744400024, -0.793023943901062, 0.5988169312477112, -0.11194313317537308, 0.2961936891078949, 0.539584219455719, 0.7881105542182922),
            ["LeftFoot"] = CFrame.new(1.125154085457325e-07, 1.7881393432617188e-07, -9.313225746154785e-10, 0.9981420636177063, 0.037528619170188904, 0.04800096154212952, -0.021739738062024117, 0.9553040862083435, -0.29482516646385193, -0.05691991001367569, 0.29323336482048035, 0.9543448090553284),
            ["LowerTorso"] = CFrame.new(-0.04352670535445213, -0.12432479858398438, 0.08699476718902588, 0.999448835849762, 0.00510400952771306, 0.03280267491936684, -0.007327544502913952, 0.9976566433906555, 0.06802669167518616, -0.03237859532237053, -0.0682295560836792, 0.9971441030502319),
            ["RightLowerLeg"] = CFrame.new(1.0384246706962585e-07, -0.000003516674041748047, -0.000013365810445975512, 1, -9.5926239396249e-08, -3.166497464235363e-08, 1.0523945093154907e-07, 0.7219589948654175, 0.691936194896698, -4.423782229423523e-08, -0.6919358372688293, 0.7219588160514832),
            ["LeftUpperLeg"] = CFrame.new(2.9802322387695312e-08, -1.4202669262886047e-08, 3.3527612686157227e-08, 0.9980407357215881, -0.047901950776576996, -0.04025303199887276, 0.021656982600688934, 0.868040919303894, -0.4960198998451233, 0.05870163068175316, 0.49417659640312195, 0.8673776984214783),
            ["LeftLowerLeg"] = CFrame.new(1.1594966053962708e-07, 0.000003814697265625, 0.000013361219316720963, 1, 6.472692604120311e-08, 2.7008363545633074e-08, -6.239861249923706e-08, 0.7381243109703064, 0.6746647953987122, 1.955777406692505e-08, -0.6746647953987122, 0.7381243109703064),
        }},
        {Time = 0.167, Data = {
            ["RightFoot"] = CFrame.new(1.7113052308559418e-08, 2.980232238769531e-07, 2.7772330213338137e-08, 0.997998833656311, 0.05669081211090088, 0.02801186591386795, -0.04345342889428139, 0.9366719722747803, -0.34750238060951233, -0.045938123017549515, 0.34558913111686707, 0.937260627746582),
            ["LeftLowerArm"] = CFrame.new(1.7881393432617188e-07, -5.364418029785156e-07, 1.1920928955078125e-07, 1, -5.774197120445024e-08, 1.3038506097018399e-07, 8.195634393359796e-08, -0.30882757902145386, -0.9511181116104126, 9.126956967975275e-08, 0.9511180520057678, -0.30882754921913147),
            ["RightUpperArm"] = CFrame.new(-1.1920928955078125e-07, -2.384185791015625e-07, 1.7881393432617188e-07, 0.794701337814331, -0.05735564976930618, 0.6042848229408264, 0.22555650770664215, 0.9521457552909851, -0.2062588334083557, -0.5635371208190918, 0.30021458864212036, 0.7696084380149841),
            ["Head"] = CFrame.new(-3.3527612686157227e-08, -1.1920928955078125e-07, 1.632142812013626e-07, 0.9752247929573059, -0.034797552973032, 0.21846263110637665, 0.12107832729816437, 0.9104606509208679, -0.3954763412475586, -0.1851399540901184, 0.41212937235832214, 0.8921169638633728),
            ["RightHand"] = CFrame.new(1.043081283569336e-07, -1.7881393432617188e-07, 2.384185791015625e-07, 0.7446054816246033, -0.5449161529541016, 0.38552436232566833, 0.6245808601379395, 0.7725380063056946, -0.11438414454460144, -0.2355024367570877, 0.32596221566200256, 0.9155803918838501),
            ["UpperTorso"] = CFrame.new(4.423782229423523e-09, 2.9802322387695312e-08, 4.936009645462036e-08, 0.9988966584205627, 0.007283029146492481, 0.04639645665884018, -0.02441280707716942, 0.924466609954834, 0.3804805278778076, -0.040120963007211685, -0.3811933994293213, 0.9236243963241577),
            ["HumanoidRootPart"] = CFrame.new(0, 0, 0, 1, 0, 0, 0, 1, 0, 0, 0, 1),
            ["RightUpperLeg"] = CFrame.new(5.960464477539063e-08, -1.3457611203193665e-07, 6.16346369497478e-08, 0.995940625667572, -0.08421609550714493, -0.03178266063332558, 0.05862066149711609, 0.8747684359550476, -0.4809816777706146, 0.06830891966819763, 0.47716647386550903, 0.876154363155365),
            ["LeftUpperArm"] = CFrame.new(-2.384185791015625e-07, -3.5762786865234375e-07, 2.2351741790771484e-07, 0.7023441195487976, 0.030694037675857544, -0.7111755609512329, -0.20454396307468414, 0.9656381607055664, -0.16032740473747253, 0.6818170547485352, 0.25807175040245056, 0.6844885349273682),
            ["RightLowerArm"] = CFrame.new(1.7881393432617188e-07, -6.556510925292969e-07, -3.2782554626464844e-07, 1, -1.3783566998881724e-07, 1.117586450050112e-07, 8.3819010399111e-08, -0.4886019825935364, -0.8725067973136902, 1.2572851915138017e-07, 0.8725067973136902, -0.48860204219818115),
            ["LeftHand"] = CFrame.new(-1.1920928955078125e-07, 5.960464477539063e-08, 2.086162567138672e-07, 0.6303644180297852, 0.7027360796928406, -0.3298526108264923, -0.7021539807319641, 0.6973490118980408, 0.1438199132680893, 0.3310898244380951, 0.1409483402967453, 0.9330129623413086),
            ["LeftFoot"] = CFrame.new(-2.954038791358471e-08, 0, -1.6763806343078613e-08, 0.9978837370872498, 0.043204400688409805, 0.04859554022550583, -0.027175789698958397, 0.9560487866401672, -0.2919454574584961, -0.059073105454444885, 0.2900073528289795, 0.955199658870697),
            ["LowerTorso"] = CFrame.new(-0.04539122432470322, -0.1260545253753662, 0.08892437815666199, 0.9992522597312927, 0.007425431627780199, 0.0379454605281353, -0.010124876163899899, 0.9973927736282349, 0.07145079225301743, -0.0373159721493721, -0.07178156077861786, 0.9967221021652222),
            ["RightLowerLeg"] = CFrame.new(-2.6542693376541138e-08, -0.000003814697265625, -0.000013387347280513495, 1, -1.0523948645868586e-07, -3.539026494081554e-08, 1.0058283805847168e-07, 0.7156624794006348, 0.6984466910362244, -4.400499165058136e-08, -0.6984462141990662, 0.7156621813774109),
            ["LeftUpperLeg"] = CFrame.new(-5.960464477539063e-08, 1.1222437024116516e-07, 3.3527612686157227e-08, 0.9975740313529968, -0.05471407622098923, -0.043040696531534195, 0.025776641443371773, 0.8646472692489624, -0.5017174482345581, 0.06466605514287949, 0.49939119815826416, 0.8639601469039917),
            ["LeftLowerLeg"] = CFrame.new(-5.075708031654358e-08, 0.000003993511199951172, 0.000013372395187616348, 1, 5.4016709327697754e-08, 2.6077040971017595e-08, -5.587936158235607e-08, 0.7379680275917053, 0.6748356223106384, 2.51457130673316e-08, -0.6748356819152832, 0.7379681468009949),
        }},
        {Time = 0.200, Data = {
            ["RightFoot"] = CFrame.new(-4.621688276529312e-08, 4.172325134277344e-07, 6.129994289949536e-08, 0.9976520538330078, 0.06284771859645844, 0.02721717394888401, -0.04862205311655998, 0.9298147559165955, -0.36480212211608887, -0.048233915120363235, 0.3626219928264618, 0.9306872487068176),
            ["LeftLowerArm"] = CFrame.new(1.1920928955078125e-07, -0.0000013709068298339844, 1.1920928955078125e-07, 1, -1.1734661597984086e-07, 1.341104365337742e-07, 8.568166975919667e-08, -0.33958151936531067, -0.9405766129493713, 1.0710208186992531e-07, 0.9405766129493713, -0.33958157896995544),
            ["RightUpperArm"] = CFrame.new(0, -5.960464477539062e-07, -6.705522537231445e-08, 0.792312502861023, -0.05646149441599846, 0.6074972748756409, 0.22031627595424652, 0.9550002813339233, -0.19858300685882568, -0.5689477920532227, 0.291181355714798, 0.7690981030464172),
            ["Head"] = CFrame.new(-2.2351741790771484e-08, -1.1920928955078125e-07, 1.0849907994270325e-07, 0.9744430780410767, -0.03438340872526169, 0.22198790311813354, 0.12293940037488937, 0.9087123870849609, -0.39890825748443604, -0.18800735473632812, 0.4160044193267822, 0.8897155523300171),
            ["RightHand"] = CFrame.new(-2.682209014892578e-07, 2.980232238769531e-07, 4.470348358154297e-07, 0.7398813366889954, -0.5372873544692993, 0.4048430025577545, 0.634564995765686, 0.7572119235992432, -0.1547819972038269, -0.22338955104351044, 0.3714195489883423, 0.9011906981468201),
            ["UpperTorso"] = CFrame.new(3.259629011154175e-09, 5.960464477539063e-08, 9.42964106798172e-09, 0.998854398727417, 0.0037477475125342607, 0.04770578444004059, -0.021727178245782852, 0.9237624406814575, 0.3823491930961609, -0.042635854333639145, -0.382947713136673, 0.9227855801582336),
            ["HumanoidRootPart"] = CFrame.new(0, 0, 0, 1, 0, 0, 0, 1, 0, 0, 0, 1),
            ["RightUpperLeg"] = CFrame.new(0, -4.260800778865814e-07, 1.879379851743579e-08, 0.9953181147575378, -0.09186966717243195, -0.030033422634005547, 0.06495123356580734, 0.8658531904220581, -0.49606382846832275, 0.07157774269580841, 0.49179092049598694, 0.8677665591239929),
            ["LeftUpperArm"] = CFrame.new(-2.384185791015625e-07, -4.76837158203125e-07, 5.21540641784668e-08, 0.7105631232261658, 0.02978694438934326, -0.7030028104782104, -0.2112373560667038, 0.9620486497879028, -0.17274613678455353, 0.6711772680282593, 0.2712475061416626, 0.6898883581161499),
            ["RightLowerArm"] = CFrame.new(5.960464477539063e-08, -4.76837158203125e-07, -1.4901161193847656e-07, 1, -5.9604616353681195e-08, 8.940691031966708e-08, 8.56816981809061e-08, -0.4939451813697815, -0.8694930076599121, 5.0291429687376876e-08, 0.8694931268692017, -0.4939451813697815),
            ["LeftHand"] = CFrame.new(-1.4901161193847656e-07, -1.7881393432617188e-07, 4.023313522338867e-07, 0.7558440566062927, 0.6546798348426819, 0.009703435935080051, -0.5784921646118164, 0.6607954502105713, 0.4782218933105469, 0.3066701591014862, -0.367074579000473, 0.878185510635376),
            ["LeftFoot"] = CFrame.new(4.391768015921116e-08, 5.960464477539063e-08, -2.1420419216156006e-08, 0.9976235032081604, 0.048237938433885574, 0.04919784888625145, -0.0311904214322567, 0.9528621435165405, -0.30179688334465027, -0.061436768621206284, 0.2995445132255554, 0.95210200548172),
            ["LowerTorso"] = CFrame.new(-0.04703889787197113, -0.13800859451293945, 0.09177286922931671, 0.9990540146827698, 0.011115698143839836, 0.04204198345541954, -0.013894178904592991, 0.9976974129676819, 0.06638441234827042, -0.041207268834114075, -0.06690575182437897, 0.9969080090522766),
            ["RightLowerLeg"] = CFrame.new(-1.3737007975578308e-07, -0.000003933906555175781, -0.000013198870874475688, 1, -9.778887033462524e-08, -3.91155481338501e-08, 1.1920927533992653e-07, 0.6868178844451904, 0.7268298864364624, -4.6158667998952296e-08, -0.7268296480178833, 0.6868175268173218),
            ["LeftUpperLeg"] = CFrame.new(0, -5.462206900119781e-07, 9.313225746154785e-09, 0.9970999956130981, -0.062450431287288666, -0.04349350556731224, 0.03123699314892292, 0.8569859266281128, -0.5143917202949524, 0.06939730793237686, 0.5115419030189514, 0.856451690196991),
            ["LeftLowerLeg"] = CFrame.new(1.816079020500183e-08, 0.000003874301910400391, 0.000013095792382955551, 1, 5.7742006731587026e-08, 2.6542702258325335e-08, -6.519258732851085e-08, 0.7172976136207581, 0.6967668533325195, 2.6077035641947077e-08, -0.6967668533325195, 0.7172976732254028),
        }},
        {Time = 0.233, Data = {
            ["RightFoot"] = CFrame.new(6.600748747587204e-08, 3.5762786865234375e-07, -5.75528247281909e-09, 0.9972562193870544, 0.06903085857629776, 0.026739243417978287, -0.053406719118356705, 0.9210078120231628, -0.3858656883239746, -0.051263704895973206, 0.3833787739276886, 0.9221674203872681),
            ["LeftLowerArm"] = CFrame.new(2.980232238769531e-07, -0.0000013113021850585938, 2.384185791015625e-07, 1, -8.940698137394065e-08, 1.1920927533992653e-07, 8.195638656616211e-08, -0.38542911410331726, -0.9227375388145447, 5.4016709327697754e-08, 0.9227375388145447, -0.3854290246963501),
            ["RightUpperArm"] = CFrame.new(1.1920928955078125e-07, 3.5762786865234375e-07, 1.1175870895385742e-07, 0.7925418615341187, -0.056365855038166046, 0.6072069406509399, 0.21848466992378235, 0.9558637142181396, -0.19644074141979218, -0.5693345665931702, 0.28835296630859375, 0.7698770761489868),
            ["Head"] = CFrame.new(0, 3.5762786865234375e-07, 5.3551048040390015e-08, 0.9746175408363342, -0.03456695377826691, 0.2211921215057373, 0.12277639657258987, 0.9087079167366028, -0.3989686667919159, -0.18720793724060059, 0.41599902510643005, 0.8898865580558777),
            ["RightHand"] = CFrame.new(-2.9802322387695312e-08, -1.1920928955078125e-07, 2.9802322387695312e-08, 0.7363787889480591, -0.5277315378189087, 0.4233742952346802, 0.64683997631073, 0.7326040863990784, -0.21187132596969604, -0.1983545571565628, 0.42987290024757385, 0.8808319568634033),
            ["UpperTorso"] = CFrame.new(8.149072527885437e-09, 2.682209014892578e-07, 5.529727786779404e-08, 0.9987740516662598, -0.0010503954254090786, 0.04949193447828293, -0.018386168405413628, 0.9203867316246033, 0.39057669043540955, -0.045962005853652954, -0.39100781083106995, 0.9192390441894531),
            ["HumanoidRootPart"] = CFrame.new(0, 0, 0, 1, 0, 0, 0, 1, 0, 0, 0, 1),
            ["RightUpperLeg"] = CFrame.new(-2.9802322387695312e-08, -5.490146577358246e-07, 9.143695933744311e-08, 0.9945902824401855, -0.10019554942846298, -0.027407217770814896, 0.07231365889310837, 0.8572631478309631, -0.5097750425338745, 0.07457242161035538, 0.5050354599952698, 0.8598711490631104),
            ["LeftUpperArm"] = CFrame.new(-2.384185791015625e-07, 3.5762786865234375e-07, -3.725290298461914e-08, 0.7164109349250793, 0.029373301193118095, -0.6970599889755249, -0.20538748800754547, 0.9637181758880615, -0.17047934234142303, 0.6667618751525879, 0.2653006911277771, 0.6964511871337891),
            ["RightLowerArm"] = CFrame.new(-8.940696716308594e-08, -5.960464477539062e-07, -2.682209014892578e-07, 1, -4.470347647611561e-08, 1.2665985593685036e-07, 7.823110337312755e-08, -0.4966720938682556, -0.8679382801055908, 1.089647554408657e-07, 0.8679382801055908, -0.4966721534729004),
            ["LeftHand"] = CFrame.new(-2.9802322387695312e-08, 0, -2.086162567138672e-07, 0.7321531176567078, 0.659507691860199, -0.1702984869480133, -0.5913620591163635, 0.7395293116569519, 0.3215390741825104, 0.3379981815814972, -0.13470767438411713, 0.9314565062522888),
            ["LeftFoot"] = CFrame.new(2.1711457520723343e-08, 5.960464477539063e-08, -1.1175870895385742e-08, 0.9973840713500977, 0.05269405245780945, 0.049482520669698715, -0.03444343060255051, 0.9482771754264832, -0.31557029485702515, -0.06355175375938416, 0.31303972005844116, 0.9476112127304077),
            ["LowerTorso"] = CFrame.new(-0.048426441848278046, -0.15357613563537598, 0.0944146066904068, 0.9988204836845398, 0.015663443133234978, 0.04596033692359924, -0.018194502219557762, 0.9983106851577759, 0.05517930909991264, -0.04501839727163315, -0.05595044791698456, 0.9974181056022644),
            ["RightLowerLeg"] = CFrame.new(6.612390279769897e-08, -0.0000036954879760742188, -0.000013462202332448214, 1, -1.1082740059009666e-07, -5.02914261346632e-08, 1.0430811414607888e-07, 0.6501133441925049, 0.75983726978302, -5.029141192380848e-08, -0.7598373293876648, 0.6501132845878601),
            ["LeftUpperLeg"] = CFrame.new(5.960464477539063e-08, -2.9942020773887634e-07, 5.587935447692871e-08, 0.9965811967849731, -0.07072006911039352, -0.04271712526679039, 0.037760112434625626, 0.8497402667999268, -0.5258474946022034, 0.07348646968603134, 0.5224369168281555, 0.8495055437088013),
            ["LeftLowerLeg"] = CFrame.new(9.96515154838562e-08, 0.000003933906555175781, 0.000013215001672506332, 1, 6.612390990312633e-08, 2.7939680791178034e-08, -6.519258732851085e-08, 0.6895336508750916, 0.7242537140846252, 2.51457130673316e-08, -0.7242536544799805, 0.6895336508750916),
        }},
        {Time = 0.267, Data = {
            ["RightFoot"] = CFrame.new(-3.6088749766349792e-09, 3.5762786865234375e-07, -5.75528247281909e-09, 0.9968445301055908, 0.074342280626297, 0.027824988588690758, -0.05732584744691849, 0.9166895747184753, -0.39546674489974976, -0.05490684509277344, 0.3926236927509308, 0.9180587530136108),
            ["LeftLowerArm"] = CFrame.new(-1.1920928955078125e-07, -4.76837158203125e-07, -2.9802322387695312e-08, 1, -7.264308976573375e-08, 1.0430802888095059e-07, 7.823107495141812e-08, -0.4316018223762512, -0.9020642638206482, 6.89178563106907e-08, 0.9020642638206482, -0.4316018521785736),
            ["RightUpperArm"] = CFrame.new(-5.960464477539063e-08, 2.384185791015625e-07, 2.2351741790771484e-07, 0.794184148311615, -0.056954462081193924, 0.6050024032592773, 0.2241516411304474, 0.9528475403785706, -0.20454256236553192, -0.5648253560066223, 0.2980567514896393, 0.7695027589797974),
            ["Head"] = CFrame.new(-5.587935447692871e-08, 0, 3.8230791687965393e-07, 0.9752892255783081, -0.036155130714178085, 0.21795345842838287, 0.12140751630067825, 0.9119207859039307, -0.3919958174228668, -0.18458358943462372, 0.40877053141593933, 0.8937760591506958),
            ["RightHand"] = CFrame.new(0, -5.960464477539063e-08, 4.172325134277344e-07, 0.73778235912323, -0.5164808034896851, 0.43465501070022583, 0.6528942584991455, 0.7095405459403992, -0.2651064097881317, -0.17148298025131226, 0.4793744683265686, 0.8606937527656555),
            ["UpperTorso"] = CFrame.new(4.889443516731262e-09, 8.940696716308594e-08, 2.6542693376541138e-08, 0.9986948370933533, -0.006192677654325962, 0.05069975554943085, -0.014600005932152271, 0.9165948629379272, 0.3995506763458252, -0.04894544556736946, -0.3997694253921509, 0.9153080582618713),
            ["HumanoidRootPart"] = CFrame.new(0, 0, 0, 1, 0, 0, 0, 1, 0, 0, 0, 1),
            ["RightUpperLeg"] = CFrame.new(-1.7881393432617188e-07, -2.952292561531067e-07, 4.300818545743823e-08, 0.9936479330062866, -0.10876598954200745, -0.02887469157576561, 0.0790974572300911, 0.8575448393821716, -0.508291482925415, 0.08004623651504517, 0.5027791857719421, 0.8607009649276733),
            ["LeftUpperArm"] = CFrame.new(-1.1920928955078125e-07, -5.960464477539062e-07, 1.4156103134155273e-07, 0.7211876511573792, 0.028992729261517525, -0.692132830619812, -0.200810506939888, 0.9649742841720581, -0.16881853342056274, 0.6629959344863892, 0.2607373595237732, 0.7017496824264526),
            ["RightLowerArm"] = CFrame.new(1.1920928955078125e-07, -8.940696716308594e-07, -5.066394805908203e-07, 1, -5.215404996761208e-08, 1.3411039390121005e-07, 8.754432911928234e-08, -0.49767357110977173, -0.8673644065856934, 6.612390990312633e-08, 0.8673645257949829, -0.49767357110977173),
            ["LeftHand"] = CFrame.new(-1.9371509552001953e-07, 1.7881393432617188e-07, -8.493661880493164e-07, 0.7137515544891357, 0.6187261939048767, -0.3282325267791748, -0.6043123006820679, 0.7809292674064636, 0.15797528624534607, 0.35406985878944397, 0.08559980243444443, 0.9312933087348938),
            ["LeftFoot"] = CFrame.new(1.0564690455794334e-08, 1.1920928955078125e-07, 9.313225746154785e-10, 0.9972544312477112, 0.05562416464090347, 0.04888276383280754, -0.03732360899448395, 0.9477031230926514, -0.31696316599845886, -0.06395716965198517, 0.314268559217453, 0.9471774101257324),
