return {
    ["Belly Dancin'"] = {
        {Time = 0.000, Data = {
            ["RightFoot"] = CFrame.new(-7.101334631443024e-09, 2.980232238769531e-07, 5.9437297750264406e-08, 0.9712896943092346, 0.2305283099412918, 0.05876453220844269, -0.23764994740486145, 0.9515275359153748, 0.19523808360099792, -0.010908033698797226, -0.20359787344932556, 0.978993833065033),
            ["LeftLowerArm"] = CFrame.new(2.980232238769531e-07, 4.76837158203125e-07, -1.4901161193847656e-08, 1, -1.4901166522918174e-08, 7.450579886381092e-08, 4.4703490686970326e-08, 0.9804621934890747, -0.19670802354812622, 1.1175872671742582e-08, 0.196708083152771, 0.9804621934890747),
            ["RightUpperArm"] = CFrame.new(0, 0, 1.1920928955078125e-07, 0.9574605822563171, -0.2669639587402344, -0.10954249650239944, 0.28658154606819153, 0.8352803587913513, 0.46923109889030457, -0.03376908227801323, -0.4806630611419678, 0.8762549757957458),
            ["Head"] = CFrame.new(-3.725290298461914e-08, -3.5762786865234375e-07, -1.6298145055770874e-07, 0.9947134852409363, 0.06091885641217232, 0.08266760408878326, -0.09739945083856583, 0.8147435188293457, 0.5715823769569397, -0.03253276273608208, -0.5766124725341797, 0.8163699507713318),
            ["RightHand"] = CFrame.new(1.1920928955078125e-07, -2.384185791015625e-07, -1.4156103134155273e-07, 0.9180135130882263, 0.12649226188659668, 0.3758337199687958, -0.18825475871562958, 0.9731687903404236, 0.1322983056306839, -0.3490148186683655, -0.19220413267612457, 0.9171947836875916),
            ["UpperTorso"] = CFrame.new(8.195638656616211e-08, -5.066394805908203e-07, 4.540197551250458e-08, 0.9893494248390198, -0.13551047444343567, -0.053147293627262115, 0.11423568427562714, 0.9491206407546997, -0.29346272349357605, 0.09021042287349701, 0.28426593542099, 0.9544920325279236),
            ["HumanoidRootPart"] = CFrame.new(0, 0, 0, 1, 0, 0, 0, 1, 0, 0, 0, 1),
            ["RightUpperLeg"] = CFrame.new(1.1920928955078125e-07, -0.000001075095497071743, 9.516224963590503e-08, 0.7517535090446472, -0.552112877368927, -0.3606080114841461, -0.02798958122730255, 0.5196292996406555, -0.8539333939552307, 0.6588498950004578, 0.6520405411720276, 0.37517955899238586),
            ["LeftUpperArm"] = CFrame.new(5.960464477539063e-08, 2.384185791015625e-07, 8.940696716308594e-08, 0.6085329055786133, 0.4621385633945465, 0.6450703740119934, -0.6556061506271362, 0.7507897615432739, 0.08059442788362503, -0.44706642627716064, -0.4719564616680145, 0.759861171245575),
            ["RightLowerArm"] = CFrame.new(2.384185791015625e-07, 5.960464477539062e-07, -1.2665987014770508e-07, 1, -2.8754591596680257e-08, 1.862645593320167e-09, 2.421439049271612e-08, 0.9789915084838867, -0.20390142500400543, 0, 0.20390142500400543, 0.9789914488792419),
            ["LeftHand"] = CFrame.new(-1.1920928955078125e-07, -2.384185791015625e-07, 5.513429641723633e-07, 0.9893595576286316, 0.0975971519947052, 0.10790111124515533, -0.12505485117435455, 0.9494806528091431, 0.2878333628177643, -0.07435835152864456, -0.29826417565345764, 0.9515825510025024),
            ["LeftFoot"] = CFrame.new(2.60770320892334e-08, 5.960464477539063e-08, -8.940696716308594e-08, 0.999920666217804, -0.012206809595227242, -0.003111849771812558, 0.007598008960485458, 0.7814401984214783, -0.6239335536956787, 0.010047748684883118, 0.6238606572151184, 0.7814711928367615),
            ["LowerTorso"] = CFrame.new(0.010022922419011593, -0.21563947200775146, -0.9684134125709534, 0.9671874642372131, 0.003104390110820532, 0.2540449798107147, -0.017658883705735207, 0.9983285069465637, 0.055030614137649536, -0.2534494996070862, -0.05771106854081154, 0.9656255841255188),
            ["RightLowerLeg"] = CFrame.new(-1.1874362826347351e-07, -0.00012248754501342773, -0.00007773766265017912, 1, -1.364387571811676e-07, -3.77185607192132e-08, 1.3108366658798332e-07, 0.5152935981750488, 0.8570132851600647, -1.5692786803356285e-07, -0.8570137023925781, 0.5152943730354309),
            ["LeftUpperLeg"] = CFrame.new(1.1920928955078125e-07, -4.718312993645668e-07, 2.9802322387695312e-08, 0.6399134397506714, 0.19106630980968475, 0.7443148493766785, 0.026771223172545433, 0.9624651670455933, -0.2700818181037903, -0.7679805755615234, 0.19275519251823425, 0.6107792854309082),
            ["LeftLowerLeg"] = CFrame.new(-1.6763806343078613e-08, 0.0001226663589477539, 0.00007735192775726318, 1, 6.519257311765614e-08, 8.754432201385498e-08, -5.215407838932151e-08, 0.6179535984992981, 0.7862146496772766, 3.2596297216969106e-08, -0.7862146496772766, 0.6179535388946533),
        }},
        {Time = 0.033, Data = {
            ["RightFoot"] = CFrame.new(7.28759914636612e-08, 4.172325134277344e-07, -5.045876605436206e-08, 0.9798336029052734, 0.1936236172914505, 0.049357034265995026, -0.19978763163089752, 0.9452138543128967, 0.258177787065506, 0.003336548339575529, -0.2628321945667267, 0.9648358225822449),
            ["LeftLowerArm"] = CFrame.new(2.086162567138672e-07, 8.344650268554688e-07, -6.705522537231445e-08, 1, -4.470348358154297e-08, 0, 0, 0.9846335649490356, -0.1746334731578827, -7.450578820566989e-09, 0.1746334731578827, 0.9846335053443909),
            ["RightUpperArm"] = CFrame.new(-1.1920928955078125e-07, 2.384185791015625e-07, -2.384185791015625e-07, 0.9092749357223511, -0.2959907352924347, -0.29258936643600464, 0.4022899568080902, 0.8052592873573303, 0.4355688691139221, 0.10668592154979706, -0.5137576460838318, 0.8512762188911438),
            ["Head"] = CFrame.new(2.2351741790771484e-08, -2.384185791015625e-07, -5.774199962615967e-08, 0.9950482249259949, 0.0788879469037056, 0.060463737696409225, -0.09938079118728638, 0.7995748519897461, 0.5922865867614746, -0.0016210183966904879, -0.5953628420829773, 0.8034554719924927),
            ["RightHand"] = CFrame.new(3.427267074584961e-07, -2.980232238769531e-07, -8.335337042808533e-08, 0.8912145495414734, 0.10531684756278992, 0.44118601083755493, -0.1910155862569809, 0.969357967376709, 0.15446113049983978, -0.4113999307155609, -0.22193141281604767, 0.8840230107307434),
            ["UpperTorso"] = CFrame.new(1.8440186977386475e-07, 7.450580596923828e-07, -1.4901161193847656e-08, 0.9915826916694641, -0.11518735438585281, -0.05912511795759201, 0.08900150656700134, 0.9380512833595276, -0.33487099409103394, 0.0940353274345398, 0.32679006457328796, 0.9404071569442749),
            ["HumanoidRootPart"] = CFrame.new(0, 0, 0, 1, 0, 0, 0, 1, 0, 0, 0, 1),
            ["RightUpperLeg"] = CFrame.new(2.980232238769531e-07, -8.400529623031616e-07, -1.3580574886873364e-07, 0.7531532049179077, -0.5169023275375366, -0.4069053828716278, -0.05089544877409935, 0.5709038972854614, -0.819438099861145, 0.6558733582496643, 0.6378720998764038, 0.4036695957183838),
            ["LeftUpperArm"] = CFrame.new(2.980232238769531e-07, 3.5762786865234375e-07, -2.086162567138672e-07, 0.5611295104026794, 0.48702412843704224, 0.6692841649055481, -0.7005036473274231, 0.710154116153717, 0.07053957134485245, -0.440940260887146, -0.5084177851676941, 0.739650547504425),
            ["RightLowerArm"] = CFrame.new(2.384185791015625e-07, -1.1920928955078125e-07, -1.4901161193847656e-07, 1, -1.7113050532202578e-08, 6.2864282668329e-09, -1.2107191693644381e-08, 0.9813096523284912, -0.19243556261062622, -1.1175869119028903e-08, 0.19243556261062622, 0.981309711933136),
            ["LeftHand"] = CFrame.new(-1.6391277313232422e-07, -4.172325134277344e-07, 1.7881393432617188e-07, 0.9946631193161011, 0.04649070277810097, 0.09210815280675888, -0.07257182151079178, 0.949812650680542, 0.3042849004268646, -0.07333911955356598, -0.30934539437294006, 0.9481174945831299),
            ["LeftFoot"] = CFrame.new(-7.35744833946228e-08, 0, -1.4901161193847656e-08, 0.9996465444564819, -0.025764023885130882, -0.006567629985511303, 0.016011223196983337, 0.780541181564331, -0.624899685382843, 0.0212261863052845, 0.624573290348053, 0.7806774973869324),
            ["LowerTorso"] = CFrame.new(0.023859284818172455, -0.20601165294647217, -0.9865313768386841, 0.9653416275978088, -0.02938155271112919, 0.2593305706977844, 0.008292642422020435, 0.9965943098068237, 0.08204298466444016, -0.2608579397201538, -0.07704896479845047, 0.9622975587844849),
            ["RightLowerLeg"] = CFrame.new(1.564621925354004e-07, -0.00012242794036865234, -0.00007761845336062834, 1, -1.210719204891575e-07, -1.9685826657678263e-07, 7.217748532184487e-08, 0.5815706253051758, 0.8134954571723938, -6.612388858684426e-08, -0.813495934009552, 0.5815713405609131),
            ["LeftUpperLeg"] = CFrame.new(1.1920928955078125e-07, -4.4330954551696777e-07, -2.3096799850463867e-07, 0.643310010433197, 0.23103316128253937, 0.7299148440361023, 0.017207851633429527, 0.9487782120704651, -0.3154740631580353, -0.7654123306274414, 0.21550777554512024, 0.6063830256462097),
            ["LeftLowerLeg"] = CFrame.new(1.4156103134155273e-07, 0.0001227259635925293, 0.00007742643356323242, 1, 7.450581307466564e-08, 5.215404996761208e-08, -5.2154071283894154e-08, 0.6093171238899231, 0.7929264307022095, 9.313226634333205e-09, -0.7929267287254333, 0.6093175411224365),
        }},
        {Time = 0.067, Data = {
            ["RightFoot"] = CFrame.new(-1.955777406692505e-08, 2.980232238769531e-07, 1.0274379746988416e-07, 0.9879558682441711, 0.14994165301322937, 0.03822183609008789, -0.15407955646514893, 0.9305455088615417, 0.332181453704834, 0.014240559190511703, -0.33406999707221985, 0.9424407482147217),
            ["LeftLowerArm"] = CFrame.new(2.682209014892578e-07, 5.364418029785156e-07, -2.2351741790771484e-08, 1, -2.9802315282267955e-08, -1.4901161193847656e-08, 0, 0.9895232319831848, -0.14437401294708252, 3.725290298461914e-08, 0.1443740278482437, 0.98952317237854),
            ["RightUpperArm"] = CFrame.new(-1.1920928955078125e-07, -1.1920928955078125e-07, 1.043081283569336e-07, 0.8129582405090332, -0.3252534866333008, -0.4830209016799927, 0.5291308760643005, 0.7589395046234131, 0.37951481342315674, 0.24314500391483307, -0.5641108751296997, 0.7890877723693848),
            ["Head"] = CFrame.new(2.2351741790771484e-08, -4.76837158203125e-07, 1.0896474123001099e-07, 0.9945849776268005, 0.09805021435022354, 0.034453459084033966, -0.09854450076818466, 0.7844323515892029, 0.6123355627059937, 0.03301316872239113, -0.6124149560928345, 0.7898468971252441),
            ["RightHand"] = CFrame.new(-1.564621925354004e-07, -2.980232238769531e-07, -7.450580596923828e-08, 0.8719356656074524, 0.05776254087686539, 0.48620137572288513, -0.16353854537010193, 0.9703453183174133, 0.17800329625606537, -0.4615013301372528, -0.23472008109092712, 0.855525016784668),
            ["UpperTorso"] = CFrame.new(-3.3527612686157227e-08, 2.384185791015625e-07, 1.3620592653751373e-07, 0.9939864277839661, -0.08672238886356354, -0.0668596476316452, 0.056021206080913544, 0.9273457527160645, -0.3699885308742523, 0.0940883681178093, 0.364018052816391, 0.9266273975372314),
            ["HumanoidRootPart"] = CFrame.new(0, 0, 0, 1, 0, 0, 0, 1, 0, 0, 0, 1),
            ["RightUpperLeg"] = CFrame.new(1.1920928955078125e-07, -7.152557373046875e-07, -3.149762051180005e-08, 0.7637016773223877, -0.4602333903312683, -0.4527081251144409, -0.06165699660778046, 0.6460494995117188, -0.7608014941215515, 0.6426181793212891, 0.6089379787445068, 0.4650123119354248),
            ["LeftUpperArm"] = CFrame.new(1.1920928955078125e-07, 0, 2.9802322387695312e-08, 0.5184902548789978, 0.5201483368873596, 0.6786853075027466, -0.747565507888794, 0.6610509753227234, 0.06447896361351013, -0.4151068925857544, -0.5407934188842773, 0.7315933704376221),
            ["RightLowerArm"] = CFrame.new(-1.1920928955078125e-07, -1.1920928955078125e-07, 0, 1, -8.288771624620495e-08, 1.4901159417490817e-08, 1.4901161193847656e-08, 0.9761345982551575, -0.21716660261154175, 1.4901161193847656e-08, 0.21716658771038055, 0.9761345982551575),
            ["LeftHand"] = CFrame.new(-2.9802322387695312e-08, -2.384185791015625e-07, 3.8743019104003906e-07, 0.997637152671814, -0.004864536225795746, 0.06853055208921432, -0.01709546148777008, 0.9485391974449158, 0.3161979615688324, -0.06654204428195953, -0.3166223168373108, 0.9462148547172546),
            ["LeftFoot"] = CFrame.new(5.587935447692871e-09, 1.1920928955078125e-07, 7.450580596923828e-09, 0.9988439679145813, -0.046581316739320755, -0.011874415911734104, 0.028798406943678856, 0.7776286602020264, -0.6280640363693237, 0.038489822298288345, 0.626995861530304, 0.7780711650848389),
            ["LowerTorso"] = CFrame.new(0.0391838401556015, -0.1952446699142456, -1.0154945850372314, 0.9623244404792786, -0.06652003526687622, 0.263641357421875, 0.04115200415253639, 0.9940747618675232, 0.10060754418373108, -0.26877161860466003, -0.08596772700548172, 0.959359884262085),
            ["RightLowerLeg"] = CFrame.new(-1.043081283569336e-07, -0.00012230873107910156, -0.00007775256381137297, 1, -1.4435497064368974e-07, -8.067581802606583e-08, 5.7742006731587026e-08, 0.6686255931854248, 0.7435988187789917, 5.587936335871291e-09, -0.7435991764068604, 0.6686261892318726),
            ["LeftUpperLeg"] = CFrame.new(-1.1920928955078125e-07, -2.738088369369507e-07, 3.725290298461914e-08, 0.6433368921279907, 0.28151148557662964, 0.7119472622871399, -0.010520738549530506, 0.9331042170524597, -0.35945233702659607, -0.7655109167098999, 0.2237587869167328, 0.6032621264457703),
            ["LeftLowerLeg"] = CFrame.new(-1.4156103134155273e-07, 0.0001227259635925293, 0.00007736682891845703, 1, 3.352760913344355e-08, 7.450579886381092e-08, -4.4703490686970326e-08, 0.5989832282066345, 0.8007617592811584, 4.4703490686970326e-08, -0.8007616400718689, 0.5989830493927002),
        }},
        {Time = 0.100, Data = {
            ["RightFoot"] = CFrame.new(5.587935447692871e-08, 3.5762786865234375e-07, -1.3241515262052417e-07, 0.9944824576377869, 0.10165221244096756, 0.02591252326965332, -0.10487115383148193, 0.9572845101356506, 0.26945972442626953, 0.0025858606677502394, -0.2706902027130127, 0.9626630544662476),
            ["LeftLowerArm"] = CFrame.new(-3.5762786865234375e-07, 2.384185791015625e-07, -7.450580596923828e-09, 1, 0, 3.725290298461914e-08, 2.9802322387695312e-08, 0.992821216583252, -0.11960792541503906, -3.725290298461914e-09, 0.11960791051387787, 0.992821216583252),
            ["RightUpperArm"] = CFrame.new(0, -2.384185791015625e-07, -2.9802322387695312e-08, 0.6919328570365906, -0.3488098680973053, -0.6321081519126892, 0.6392495036125183, 0.7029236555099487, 0.3118629455566406, 0.33554282784461975, -0.619862973690033, 0.709352433681488),
            ["Head"] = CFrame.new(-2.2351741790771484e-08, -3.5762786865234375e-07, 2.598389983177185e-07, 0.9929841756820679, 0.1174563318490982, 0.0136565575376153, -0.0997304618358612, 0.7698312401771545, 0.6304075717926025, 0.0635320246219635, -0.6273468732833862, 0.7761442065238953),
            ["RightHand"] = CFrame.new(3.8743019104003906e-07, -1.7881393432617188e-07, -8.940696716308594e-08, 0.8686174154281616, 0.03460630774497986, 0.49427351355552673, -0.15877042710781097, 0.9643970727920532, 0.21149563789367676, -0.46935683488845825, -0.2621847689151764, 0.8431864976882935),
            ["UpperTorso"] = CFrame.new(-1.30385160446167e-08, -2.9802322387695312e-08, 9.73232090473175e-08, 0.9948602318763733, -0.06253406405448914, -0.07964082062244415, 0.026740625500679016, 0.920845627784729, -0.38900938630104065, 0.0976632758975029, 0.38488033413887024, 0.9177849292755127),
            ["HumanoidRootPart"] = CFrame.new(0, 0, 0, 1, 0, 0, 0, 1, 0, 0, 0, 1),
            ["RightUpperLeg"] = CFrame.new(1.7881393432617188e-07, -4.3958425521850586e-07, -1.0600342648103833e-07, 0.8429869413375854, -0.3665049076080322, -0.3937610685825348, -0.008681509643793106, 0.7226223349571228, -0.6911885142326355, 0.5378642082214355, 0.5860812664031982, 0.6059790253639221),
            ["LeftUpperArm"] = CFrame.new(1.7881393432617188e-07, 0, 8.940696716308594e-08, 0.48207101225852966, 0.5575363636016846, 0.6758410334587097, -0.79437255859375, 0.6035293936729431, 0.06873568147420883, -0.36956721544265747, -0.570004940032959, 0.7338353991508484),
            ["RightLowerArm"] = CFrame.new(4.76837158203125e-07, -1.1920928955078125e-07, 1.2665987014770508e-07, 1, -7.450582373280668e-09, -3.725289943190546e-08, 1.4901159417490817e-08, 0.9625557065010071, -0.27108410000801086, 4.563479905073109e-08, 0.2710840404033661, 0.9625557065010071),
            ["LeftHand"] = CFrame.new(2.086162567138672e-07, -1.7881393432617188e-07, 1.1920928955078125e-07, 0.9974032044410706, -0.04799605906009674, 0.05369650200009346, 0.027203291654586792, 0.9414086937904358, 0.3361692726612091, -0.06668508052825928, -0.3338354825973511, 0.9402697086334229),
            ["LeftFoot"] = CFrame.new(-4.0978193283081055e-08, 1.1920928955078125e-07, 5.960464477539063e-08, 0.9970201253890991, -0.07475240528583527, -0.01905575394630432, 0.045766305178403854, 0.7720157504081726, -0.633953869342804, 0.062100574374198914, 0.6311924457550049, 0.7731361985206604),
            ["LowerTorso"] = CFrame.new(0.05127103626728058, -0.18663394451141357, -1.0581821203231812, 0.9576184749603271, -0.09475687891244888, 0.27200737595558167, 0.07033123821020126, 0.9926778078079224, 0.09820528328418732, -0.2793213129043579, -0.07491257786750793, 0.9572709798812866),
            ["RightLowerLeg"] = CFrame.new(1.4901161193847656e-08, -0.00012201070785522461, -0.00007730552897555754, 1, -1.0896474123001099e-07, 2.8870999813079834e-08, 6.705523247774181e-08, 0.7388659715652466, 0.6738518476486206, -5.960465188081798e-08, -0.6738523840904236, 0.7388665676116943),
            ["LeftUpperLeg"] = CFrame.new(-1.1920928955078125e-07, -2.421438694000244e-07, -2.2351741790771484e-08, 0.6408593654632568, 0.32676228880882263, 0.6946409344673157, -0.059121374040842056, 0.9232040047645569, -0.3797355592250824, -0.7653783559799194, 0.2022889405488968, 0.6109622716903687),
            ["LeftLowerLeg"] = CFrame.new(1.341104507446289e-07, 0.00012284517288208008, 0.00007739663124084473, 1, 3.725290653733282e-08, 8.568166975919667e-08, -8.381905303167514e-08, 0.5940690040588379, 0.804413914680481, 8.754434333013705e-08, -0.8044142127037048, 0.5940693616867065),
        }},
        {Time = 0.133, Data = {
            ["RightFoot"] = CFrame.new(2.2351741790771484e-08, 2.980232238769531e-07, -3.835157258436084e-08, 0.9877737760543823, 0.15106375515460968, 0.038508012890815735, -0.1558796763420105, 0.9536853432655334, 0.257266104221344, 0.00213921838440001, -0.26012322306632996, 0.9655731320381165),
            ["LeftLowerArm"] = CFrame.new(-2.384185791015625e-07, 7.748603820800781e-07, 7.450580596923828e-09, 1, 1.4901161193847656e-08, -7.450581485102248e-09, 0, 0.99430251121521, -0.10659551620483398, 5.960464477539063e-08, 0.10659558326005936, 0.99430251121521),
            ["RightUpperArm"] = CFrame.new(-5.960464477539063e-08, -2.384185791015625e-07, -3.427267074584961e-07, 0.5678876638412476, -0.36946484446525574, -0.7355266809463501, 0.7290927767753601, 0.640511155128479, 0.24118287861347198, 0.38200443983078003, -0.673231840133667, 0.6331125497817993),
            ["Head"] = CFrame.new(5.21540641784668e-08, 1.1920928955078125e-07, -1.8067657947540283e-07, 0.991150438785553, 0.13273242115974426, -0.001768768299371004, -0.09985874593257904, 0.7543200254440308, 0.6488679051399231, 0.08746004104614258, -0.6429489850997925, 0.7608990669250488),
            ["RightHand"] = CFrame.new(-5.21540641784668e-07, -4.76837158203125e-07, 5.364418029785156e-07, 0.8669231534004211, 0.029717378318309784, 0.4975551962852478, -0.17964999377727509, 0.9497586488723755, 0.256290078163147, -0.4649410843849182, -0.31156960129737854, 0.8287063837051392),
            ["UpperTorso"] = CFrame.new(1.1827796697616577e-07, 2.980232238769531e-07, -1.885928213596344e-08, 0.9943801760673523, -0.031877804547548294, -0.10095465183258057, -0.01318930834531784, 0.9088583588600159, -0.41689619421958923, 0.10504324734210968, 0.4158848226070404, 0.9033303260803223),
            ["HumanoidRootPart"] = CFrame.new(0, 0, 0, 1, 0, 0, 0, 1, 0, 0, 0, 1),
            ["RightUpperLeg"] = CFrame.new(4.76837158203125e-07, -3.3527612686157227e-07, -2.6991619961336255e-07, 0.8459641933441162, -0.3257622718811035, -0.4221654534339905, -0.022875290364027023, 0.7687999606132507, -0.6390804052352905, 0.5327489376068115, 0.5502960085868835, 0.6429250836372375),
            ["LeftUpperArm"] = CFrame.new(2.384185791015625e-07, 1.1920928955078125e-07, -2.5331974029541016e-07, 0.4485625624656677, 0.5946025252342224, 0.6672627329826355, -0.8389937281608582, 0.537447988986969, 0.08508377522230148, -0.3080279529094696, -0.5979946255683899, 0.7399467825889587),
            ["RightLowerArm"] = CFrame.new(-1.1920928955078125e-07, -5.960464477539063e-08, -1.1920928955078125e-07, 1, -3.539026494081554e-08, 1.4901161193847656e-08, 4.470347647611561e-08, 0.9427899122238159, -0.333387553691864, 1.862644971595273e-08, 0.33338749408721924, 0.9427899122238159),
            ["LeftHand"] = CFrame.new(5.364418029785156e-07, -4.76837158203125e-07, 2.682209014892578e-07, 0.9962913393974304, -0.07366582006216049, 0.04446247220039368, 0.05356525629758835, 0.9353988170623779, 0.3495139479637146, -0.06733732670545578, -0.3458360731601715, 0.935875654220581),
            ["LeftFoot"] = CFrame.new(0, 0, 2.2351741790771484e-08, 0.9940897822380066, -0.10519743710756302, -0.026816703379154205, 0.06336391717195511, 0.7628123164176941, -0.6435078978538513, 0.0881512463092804, 0.6380054354667664, 0.7649697065353394),
            ["LowerTorso"] = CFrame.new(0.0633646622300148, -0.17901575565338135, -1.1039589643478394, 0.9504761695861816, -0.13176867365837097, 0.28148210048675537, 0.10703473538160324, 0.9890528917312622, 0.10157746076583862, -0.2917853891849518, -0.0664185881614685, 0.9541750550270081),
            ["RightLowerLeg"] = CFrame.new(-1.4901161193847656e-07, -0.00012236833572387695, -0.00007748434290988371, 1, -8.009374852235851e-08, 9.778883480748846e-09, 8.195638656616211e-08, 0.7626397013664246, 0.6468230485916138, -8.940696716308594e-08, -0.6468235850334167, 0.7626401782035828),
            ["LeftUpperLeg"] = CFrame.new(1.7881393432617188e-07, 1.4901161193847656e-08, 4.470348358154297e-08, 0.6352335810661316, 0.3828258812427521, 0.6707628965377808, -0.11027732491493225, 0.904564380645752, -0.411827951669693, -0.7644065022468567, 0.18763703107833862, 0.6168264150619507),
            ["LeftLowerLeg"] = CFrame.new(2.2351741790771484e-08, 0.00012284517288208008, 0.00007727742195129395, 1, 6.705521116145974e-08, 8.940693874137651e-08, -7.869676466043529e-08, 0.5823454856872559, 0.8129411339759827, 6.33299421792799e-08, -0.8129414916038513, 0.5823458433151245),
        }},
        {Time = 0.167, Data = {
            ["RightFoot"] = CFrame.new(-3.3527612686157227e-08, 4.76837158203125e-07, 3.894820110872388e-08, 0.97613525390625, 0.21043427288532257, 0.05364208668470383, -0.21715298295021057, 0.9434083104133606, 0.25064966082572937, 0.002138679614290595, -0.2563163638114929, 0.9665905833244324),
            ["LeftLowerArm"] = CFrame.new(7.152557373046875e-07, 4.172325134277344e-07, 2.9802322387695312e-08, 1, 0, -4.4703490686970326e-08, 4.470348358154297e-08, 0.9943017363548279, -0.10660210251808167, 7.450580596923828e-09, 0.10660206526517868, 0.9943017959594727),
            ["RightUpperArm"] = CFrame.new(-1.7881393432617188e-07, 4.76837158203125e-07, -2.9802322387695312e-08, 0.45224612951278687, -0.3929520845413208, -0.8006635904312134, 0.7997070550918579, 0.5761283040046692, 0.16895191371440887, 0.39489492774009705, -0.7167041897773743, 0.5747983455657959),
            ["Head"] = CFrame.new(-7.078051567077637e-08, -2.384185791015625e-07, -2.123415470123291e-07, 0.9899048209190369, 0.1409921795129776, -0.01448528841137886, -0.09554827213287354, 0.7393218874931335, 0.666538655757904, 0.10468601435422897, -0.6584256887435913, 0.7453297972679138),
            ["RightHand"] = CFrame.new(-5.513429641723633e-07, -1.1920928955078125e-07, 4.76837158203125e-07, 0.8697949051856995, 0.026047438383102417, 0.49272555112838745, -0.19652624428272247, 0.93426513671875, 0.2975336015224457, -0.45258620381355286, -0.35562664270401, 0.8177379369735718),
            ["UpperTorso"] = CFrame.new(1.4016404747962952e-07, 5.662441253662109e-07, -1.257285475730896e-07, 0.9912907481193542, -0.007327742874622345, -0.13148760795593262, -0.05261911451816559, 0.8932462334632874, -0.4464778006076813, 0.12072247266769409, 0.44950804114341736, 0.8850811719894409),
            ["HumanoidRootPart"] = CFrame.new(0, 0, 0, 1, 0, 0, 0, 1, 0, 0, 0, 1),
            ["RightUpperLeg"] = CFrame.new(0, 1.2665987014770508e-07, 2.0692095858976245e-07, 0.8337364196777344, -0.29776284098625183, -0.4649953246116638, -0.04206240177154541, 0.8054381012916565, -0.5911856889724731, 0.5505582094192505, 0.5124517679214478, 0.658998429775238),
            ["LeftUpperArm"] = CFrame.new(0, 1.1920928955078125e-07, -1.1920928955078125e-07, 0.4116125702857971, 0.6319490671157837, 0.6566699743270874, -0.8784247040748596, 0.4670554995536804, 0.10113978385925293, -0.24278602004051208, -0.6184654831886292, 0.7473655939102173),
            ["RightLowerArm"] = CFrame.new(-1.1920928955078125e-07, -1.1920928955078125e-07, -2.9802322387695312e-08, 1, -4.842878453814592e-08, -7.450579886381092e-08, 1.4901159417490817e-08, 0.9256134033203125, -0.37847042083740234, 0, 0.3784705102443695, 0.9256134033203125),
            ["LeftHand"] = CFrame.new(-3.8743019104003906e-07, -1.7881393432617188e-07, 1.7881393432617188e-07, 0.9961366653442383, -0.08001886308193207, 0.03617941588163376, 0.06144440174102783, 0.929423451423645, 0.36386391520500183, -0.06274198740720749, -0.3602348864078522, 0.9307492971420288),
            ["LeftFoot"] = CFrame.new(-1.4901161193847656e-08, -1.1920928955078125e-07, 1.4901161193847656e-08, 0.9903854131698608, -0.13404902815818787, -0.034171201288700104, 0.07966440916061401, 0.7546089291572571, -0.6513209342956543, 0.11309489607810974, 0.6423366069793701, 0.7580325603485107),
            ["LowerTorso"] = CFrame.new(0.07462098449468613, -0.1755744218826294, -1.151005744934082, 0.9391992688179016, -0.16777083277702332, 0.2995961606502533, 0.14138464629650116, 0.9840633869171143, 0.10784115642309189, -0.3129142224788666, -0.058926038444042206, 0.9479517340660095),
            ["RightLowerLeg"] = CFrame.new(-1.4901161193847656e-08, -0.00012230873107910156, -0.00007766315684420988, 1, -8.568168397005138e-08, 6.239858407752763e-08, 1.4901159772762185e-07, 0.7755879759788513, 0.6312388777732849, -2.9802318834981634e-08, -0.6312395334243774, 0.7755884528160095),
            ["LeftUpperLeg"] = CFrame.new(-5.960464477539063e-08, -5.21540641784668e-08, -2.8312206268310547e-07, 0.6344985961914062, 0.43751636147499084, 0.637174129486084, -0.15806204080581665, 0.8803947567939758, -0.44712594151496887, -0.7565896511077881, 0.18298780918121338, 0.6277638673782349),
            ["LeftLowerLeg"] = CFrame.new(7.450580596923828e-08, 0.0001227259635925293, 0.00007736682891845703, 1, 7.450579886381092e-08, 2.2351738238057806e-08, -5.215407838932151e-08, 0.565768301486969, 0.8245640993118286, 1.0058285937475375e-07, -0.8245643377304077, 0.5657686591148376),
        }},
        {Time = 0.200, Data = {
            ["RightFoot"] = CFrame.new(4.470348358154297e-08, 3.5762786865234375e-07, -8.957431418821216e-08, 0.9772759675979614, 0.2054024487733841, 0.05235981196165085, -0.21187373995780945, 0.954043984413147, 0.21191957592964172, -0.0064243595115840435, -0.21819734573364258, 0.9758834838867188),
            ["LeftLowerArm"] = CFrame.new(-2.980232238769531e-07, 3.5762786865234375e-07, 2.9802322387695312e-08, 1, 4.470348358154297e-08, -4.4703494239684005e-08, 4.470348358154297e-08, 0.9935989379882812, -0.11296561360359192, -1.4901161193847656e-08, 0.11296562850475311, 0.993598997592926),
            ["RightUpperArm"] = CFrame.new(0, -1.1920928955078125e-07, 2.086162567138672e-07, 0.34243813157081604, -0.41676560044288635, -0.8420466780662537, 0.8543390035629272, 0.5110536813735962, 0.09449447691440582, 0.3909490704536438, -0.751751720905304, 0.5310632586479187),
            ["Head"] = CFrame.new(1.1175870895385742e-08, -2.384185791015625e-07, 1.7066486179828644e-07, 0.9891692399978638, 0.14378152787685394, -0.029515642672777176, -0.0858670324087143, 0.7299373745918274, 0.6780989766120911, 0.11904280632734299, -0.6682202219963074, 0.7343776822090149),
            ["RightHand"] = CFrame.new(-1.6391277313232422e-07, -1.7881393432617188e-07, -1.4901161193847656e-07, 0.8746057748794556, 0.020775891840457916, 0.4843893051147461, -0.2070939838886261, 0.91936194896698, 0.33449336886405945, -0.43837970495224, -0.39286401867866516, 0.8083819150924683),
            ["UpperTorso"] = CFrame.new(2.7474015951156616e-08, 5.364418029785156e-07, 7.031485438346863e-08, 0.9860264658927917, 0.007876723073422909, -0.16640251874923706, -0.08646540343761444, 0.8779954314231873, -0.4707947373390198, 0.14239245653152466, 0.47860413789749146, 0.8664078116416931),
            ["HumanoidRootPart"] = CFrame.new(0, 0, 0, 1, 0, 0, 0, 1, 0, 0, 0, 1),
            ["RightUpperLeg"] = CFrame.new(2.384185791015625e-07, -9.685754776000977e-08, 1.3205863069742918e-08, 0.8380007743835449, -0.26123249530792236, -0.4790746569633484, -0.05182565376162529, 0.8358861804008484, -0.5464509725570679, 0.5432023406028748, 0.4827546775341034, 0.6869343519210815),
            ["LeftUpperArm"] = CFrame.new(5.960464477539063e-08, -1.1920928955078125e-07, 2.086162567138672e-07, 0.36448997259140015, 0.6695826053619385, 0.6471524238586426, -0.9116934537887573, 0.3981199562549591, 0.10156647115945816, -0.1896372139453888, -0.6270244717597961, 0.7555646896362305),
            ["RightLowerArm"] = CFrame.new(1.1920928955078125e-07, 7.748603820800781e-07, 5.960464477539063e-08, 1, 3.3527616238870905e-08, -5.960463766996327e-08, 8.940698137394065e-08, 0.9100662469863892, -0.41446298360824585, 4.4703490686970326e-08, 0.41446295380592346, 0.9100662469863892),
            ["LeftHand"] = CFrame.new(2.9802322387695312e-08, -2.384185791015625e-07, 8.940696716308594e-08, 0.9964364767074585, -0.0774628221988678, 0.03337552025914192, 0.05961105227470398, 0.9266849160194397, 0.37108179926872253, -0.059673652052879333, -0.36776986718177795, 0.9280002117156982),
            ["LeftFoot"] = CFrame.new(2.9802322387695312e-08, 5.960464477539063e-08, 7.450580596923828e-09, 0.9862936735153198, -0.15988638997077942, -0.04075796902179718, 0.09428596496582031, 0.7488463521003723, -0.6560028195381165, 0.1354067474603653, 0.6431683301925659, 0.7536572217941284),
            ["LowerTorso"] = CFrame.new(0.08590882271528244, -0.17634212970733643, -1.1956746578216553, 0.9248999357223511, -0.19815918803215027, 0.32448893785476685, 0.1694447547197342, 0.9788328409194946, 0.11478137224912643, -0.34036538004875183, -0.051178332418203354, 0.9388995170593262),
            ["RightLowerLeg"] = CFrame.new(-1.4901161193847656e-07, -0.00012236833572387695, -0.00007720867142779753, 1, -9.872020712009544e-08, 5.5879341154252415e-09, 1.341104507446289e-07, 0.784592866897583, 0.6200106143951416, -1.4901161193847656e-08, -0.6200113296508789, 0.784593403339386),
            ["LeftUpperLeg"] = CFrame.new(0, -4.0978193283081055e-08, 1.2665987014770508e-07, 0.6382266879081726, 0.48599928617477417, 0.5970527529716492, -0.20055589079856873, 0.8537285327911377, -0.4805464744567871, -0.7432658672332764, 0.18695515394210815, 0.6423419117927551),
            ["LeftLowerLeg"] = CFrame.new(5.960464477539063e-08, 0.00012260675430297852, 0.00007742643356323242, 1, 8.940698137394065e-08, 4.470347647611561e-08, -6.70552182668871e-08, 0.5465982556343079, 0.8373948335647583, 1.0058282384761696e-07, -0.8373950719833374, 0.546598494052887),
        }},
        {Time = 0.233, Data = {
            ["RightFoot"] = CFrame.new(4.470348358154297e-08, 4.76837158203125e-07, 2.326632966287434e-07, 0.9835518598556519, 0.1750292032957077, 0.044617146253585815, -0.18034742772579193, 0.9653238654136658, 0.18874605000019073, -0.010033720172941685, -0.1936875730752945, 0.9810118675231934),
            ["LeftLowerArm"] = CFrame.new(1.7881393432617188e-07, 8.940696716308594e-07, 4.470348358154297e-08, 1, 5.960465898624534e-08, -4.4703469370688254e-08, 4.470348358154297e-08, 0.9911452531814575, -0.1327820122241974, 2.9802322387695312e-08, 0.1327819973230362, 0.9911452531814575),
            ["RightUpperArm"] = CFrame.new(-5.960464477539063e-08, 1.1920928955078125e-07, 1.4901161193847656e-07, 0.23967601358890533, -0.44287145137786865, -0.8639562129974365, 0.8932144045829773, 0.44929128885269165, 0.017482073977589607, 0.38042551279067993, -0.7758880853652954, 0.5032633543014526),
            ["Head"] = CFrame.new(2.1886080503463745e-08, 5.960464477539062e-07, 1.3131648302078247e-07, 0.988842785358429, 0.14182542264461517, -0.0455588772892952, -0.07242770493030548, 0.7250043749809265, 0.6849253177642822, 0.13017010688781738, -0.6739838719367981, 0.7271875143051147),
            ["RightHand"] = CFrame.new(-4.544854164123535e-07, -4.172325134277344e-07, -2.980232238769531e-07, 0.8748981356620789, 0.007629931904375553, 0.48424696922302246, -0.20814447104930878, 0.9087464809417725, 0.36173999309539795, -0.43729767203330994, -0.41727903485298157, 0.7966486215591431),
            ["UpperTorso"] = CFrame.new(4.936009645462036e-08, 1.1920928955078125e-07, 4.912726581096649e-08, 0.9789054989814758, 0.02846403792500496, -0.20232121646404266, -0.12442057579755783, 0.8685083389282227, -0.4798050820827484, 0.16206060349941254, 0.49485668540000916, 0.8537291288375854),
            ["HumanoidRootPart"] = CFrame.new(0, 0, 0, 1, 0, 0, 0, 1, 0, 0, 0, 1),
            ["RightUpperLeg"] = CFrame.new(1.1920928955078125e-07, -3.0174851417541504e-07, -1.6952981241047382e-09, 0.8290207982063293, -0.21807175874710083, -0.514945924282074, -0.07673245668411255, 0.8677636384963989, -0.4910179078578949, 0.5539283752441406, 0.4465770721435547, 0.7026607990264893),
            ["LeftUpperArm"] = CFrame.new(0, 2.384185791015625e-07, -1.4901161193847656e-08, 0.3162059485912323, 0.7017932534217834, 0.6383573412895203, -0.9367884993553162, 0.3372305631637573, 0.09328945726156235, -0.14980363845825195, -0.6275044083595276, 0.764066219329834),
            ["RightLowerArm"] = CFrame.new(2.384185791015625e-07, 7.748603820800781e-07, -6.258487701416016e-07, 1, -7.450581485102248e-09, -1.4901159417490817e-08, 8.940694584680386e-08, 0.8973830938339233, -0.44125235080718994, 2.9802315282267955e-08, 0.44125238060951233, 0.8973830938339233),
            ["LeftHand"] = CFrame.new(1.7881393432617188e-07, -4.76837158203125e-07, 8.940696716308594e-08, 0.9965639114379883, -0.07911098748445511, 0.024533556774258614, 0.06421662867069244, 0.9250434041023254, 0.37439432740211487, -0.052313368767499924, -0.3715323805809021, 0.9269449710845947),
            ["LeftFoot"] = CFrame.new(1.2665987014770508e-07, 1.1920928955078125e-07, 2.2351741790771484e-08, 0.9811401963233948, -0.1873071938753128, -0.047748204320669174, 0.10893373936414719, 0.7398456931114197, -0.663899302482605, 0.15967871248722076, 0.6461767554283142, 0.7462961673736572),
            ["LowerTorso"] = CFrame.new(0.09827414900064468, -0.17759740352630615, -1.2379077672958374, 0.9095532298088074, -0.2283342182636261, 0.34724119305610657, 0.20089483261108398, 0.9730041027069092, 0.11359711736440659, -0.36380520462989807, -0.033563654869794846, 0.9308702349662781),
            ["RightLowerLeg"] = CFrame.new(4.470348358154297e-08, -0.00012224912643432617, -0.00007729062781436369, 1, -4.842878098543224e-08, 3.725288078015865e-09, 1.341104507446289e-07, 0.7950925827026367, 0.6064872741699219, -2.9802322387695312e-08, -0.6064881086349487, 0.7950931787490845),
            ["LeftUpperLeg"] = CFrame.new(-1.7881393432617188e-07, -1.1175870895385742e-07, 1.4901161193847656e-08, 0.6336166262626648, 0.5389106273651123, 0.5550729036331177, -0.25164830684661865, 0.8220239877700806, -0.5108325481414795, -0.7315757870674133, 0.18398885428905487, 0.6564634442329407),
            ["LeftLowerLeg"] = CFrame.new(2.9802322387695312e-08, 0.00012254714965820312, 0.00007745623588562012, 1, 8.940695295223122e-08, 1.4901155864777138e-08, -1.0058283805847168e-07, 0.5243409276008606, 0.8515083193778992, 1.862645149230957e-08, -0.8515084385871887, 0.5243412256240845),
        }},
        {Time = 0.267, Data = {
            ["RightFoot"] = CFrame.new(7.450580596923828e-09, 3.5762786865234375e-07, -8.77116690389812e-08, 0.9844588041305542, 0.17017388343811035, 0.04337950050830841, -0.1754678636789322, 0.9632845520973206, 0.20320972800254822, -0.007205532863736153, -0.20766295492649078, 0.9781739115715027),
            ["LeftLowerArm"] = CFrame.new(-2.384185791015625e-07, 0, 7.450580596923828e-08, 1, 1.4901166522918174e-08, -2.980232594040899e-08, 2.980232594040899e-08, 0.9888916015625, -0.1486392617225647, 1.4901162970204496e-08, 0.14863929152488708, 0.9888915419578552),
            ["RightUpperArm"] = CFrame.new(0, -3.5762786865234375e-07, -4.917383193969727e-07, 0.147633358836174, -0.4771462082862854, -0.866334855556488, 0.9180243611335754, 0.3920378088951111, -0.059478454291820526, 0.368015855550766, -0.7865354418754578, 0.49590951204299927),
            ["Head"] = CFrame.new(-4.0978193283081055e-08, -5.960464477539062e-07, -3.1385570764541626e-07, 0.9894764423370361, 0.13175280392169952, -0.05981433019042015, -0.05421268939971924, 0.7208392024040222, 0.6909788250923157, 0.13415484130382538, -0.6804646253585815, 0.7203962206840515),
            ["RightHand"] = CFrame.new(2.2351741790771484e-08, -4.172325134277344e-07, 2.5331974029541016e-07, 0.8728309869766235, -0.012065889313817024, 0.48787346482276917, -0.20243977010250092, 0.9006754159927368, 0.38445043563842773, -0.44405436515808105, -0.43432512879371643, 0.7836947441101074),
            ["UpperTorso"] = CFrame.new(1.4435499906539917e-07, -2.384185791015625e-07, -2.10711732506752e-08, 0.9689218997955322, 0.06102040410041809, -0.23972252011299133, -0.16986683011054993, 0.8686068654060364, -0.4654754400253296, 0.17982117831707, 0.4917302131652832, 0.8519776463508606),
            ["HumanoidRootPart"] = CFrame.new(0, 0, 0, 1, 0, 0, 0, 1, 0, 0, 0, 1),
            ["RightUpperLeg"] = CFrame.new(3.5762786865234375e-07, -9.778887033462524e-08, -2.9971852200105786e-07, 0.8172710537910461, -0.1632513701915741, -0.5526458024978638, -0.09571024030447006, 0.9072564840316772, -0.40954285860061646, 0.5682496428489685, 0.38760125637054443, 0.7258493900299072),
            ["LeftUpperArm"] = CFrame.new(0, 1.1920928955078125e-07, -7.450580596923828e-08, 0.2766578495502472, 0.7305939793586731, 0.6242539286613464, -0.9540306329727173, 0.28673407435417175, 0.08723036199808121, -0.11526492238044739, -0.6196903586387634, 0.7763361930847168),
            ["RightLowerArm"] = CFrame.new(5.364418029785156e-07, -1.1920928955078125e-07, -4.470348358154297e-08, 1, -3.725290653733282e-08, 0, 4.470347647611561e-08, 0.892135500907898, -0.45176801085472107, -4.470347647611561e-08, 0.4517679512500763, 0.892135500907898),
            ["LeftHand"] = CFrame.new(-3.5762786865234375e-07, -6.556510925292969e-07, 1.1920928955078125e-07, 0.9963163137435913, -0.08256330341100693, 0.023177769035100937, 0.06752298772335052, 0.9219099283218384, 0.3814746141433716, -0.05286360904574394, -0.37850436568260193, 0.9240887761116028),
            ["LeftFoot"] = CFrame.new(-7.450580596923828e-09, 1.1920928955078125e-07, 7.450580596923828e-09, 0.9744729995727539, -0.21754762530326843, -0.055456627160310745, 0.12455903738737106, 0.7294104695320129, -0.6726406812667847, 0.1867816150188446, 0.6485625505447388, 0.7378883957862854),
            ["LowerTorso"] = CFrame.new(0.10820310562849045, -0.17716825008392334, -1.280386209487915, 0.893544614315033, -0.2575501799583435, 0.36775803565979004, 0.2397058606147766, 0.9662570357322693, 0.09427884221076965, -0.3796302378177643, 0.003911385778337717, 0.9251301288604736),
