return {
    ["Belly Dance"] = {
        {Time = 0.000, Data = {
            ["LeftFoot"] = CFrame.new(-2.1420419216156006e-08, -5.960464477539063e-08, -1.3969838619232178e-08, 0.9990172982215881, 0.04429309070110321, -0.0016452891286462545, -0.038682423532009125, 0.8531461954116821, -0.5202361941337585, -0.02163916826248169, 0.5197881460189819, 0.854020893573761),
            ["LeftLowerArm"] = CFrame.new(0.0000029206275939941406, -9.5367431640625e-07, 7.301568984985352e-07, 1, -5.58793944449576e-09, -3.7252898543727042e-09, 1.9557782948709246e-08, 0.9881744384765625, -0.15333446860313416, -1.4901168299275014e-08, 0.15333448350429535, 0.9881744384765625),
            ["LowerTorso"] = CFrame.new(-0.0005319163901731372, -0.1847018003463745, -0.09749092161655426, 0.9999336004257202, 0.0028514990117400885, -0.011171900667250156, -0.003527657361701131, 0.9981328248977661, -0.0609787292778492, 0.010977160185575485, 0.0610140822827816, 0.9980766177177429),
            ["Head"] = CFrame.new(-1.797743607312441e-07, -9.5367431640625e-07, -3.934928827220574e-08, 0.9983766674995422, -0.049596257507801056, 0.02800442837178707, 0.05225517600774765, 0.9932095408439636, -0.10394315421581268, -0.022659076377749443, 0.10523775964975357, 0.9941889643669128),
            ["RightUpperArm"] = CFrame.new(2.384185791015625e-07, -4.76837158203125e-07, 2.561137080192566e-08, 0.6567884683609009, -0.41839662194252014, 0.627354085445404, 0.39827969670295715, 0.898917019367218, 0.18254181742668152, -0.6403140425682068, 0.12997101247310638, 0.7570372223854065),
            ["UpperTorso"] = CFrame.new(-3.777677193284035e-08, -2.682209014892578e-07, 1.01190380519256e-08, 0.9999404549598694, -0.005258462857455015, 0.009567788802087307, 0.005153619218617678, 0.9999268054962158, 0.010949800722301006, -0.009624666534364223, -0.01089984830468893, 0.9998942613601685),
            ["HumanoidRootPart"] = CFrame.new(0, 0, 0, 1, 0, 0, 0, 1, 0, 0, 0, 1),
            ["RightHand"] = CFrame.new(-0.000001043081283569336, -1.7881393432617188e-07, 7.450580596923828e-07, 0.993203341960907, 0.03174074739217758, -0.11198142170906067, -0.04442905634641647, 0.9926356077194214, -0.1126977801322937, 0.10757958143949509, 0.1169070303440094, 0.9872990846633911),
            ["LeftUpperArm"] = CFrame.new(-4.76837158203125e-07, 0.0000011920928955078125, 3.504101186990738e-07, 0.9317402839660645, 0.327764093875885, -0.15630348026752472, -0.31716129183769226, 0.9441623687744141, 0.08925282955169678, 0.1768297255039215, -0.03358703479170799, 0.9836682081222534),
            ["RightLowerArm"] = CFrame.new(0.0000010728836059570312, 0.0000033974647521972656, 6.556510925292969e-07, 1, -4.470345515983354e-08, 5.587934559514451e-09, 7.450577932388569e-09, 0.9936796426773071, -0.11225378513336182, 5.21540464148984e-08, 0.11225379258394241, 0.9936795830726624),
            ["LeftHand"] = CFrame.new(4.5821070671081543e-07, 5.960464477539063e-08, 1.7881393432617188e-07, 0.9601255655288696, 0.12625865638256073, -0.24943499267101288, -0.1161264181137085, 0.9917111396789551, 0.05498897656798363, 0.2543102502822876, -0.02383028157055378, 0.9668290615081787),
            ["RightUpperLeg"] = CFrame.new(-2.9802322387695312e-08, -1.7613638192415237e-07, -1.333683030679822e-08, 0.913489818572998, -0.13684207201004028, -0.3831590712070465, 0.07847767323255539, 0.9833195209503174, -0.16408589482307434, 0.3992215096950531, 0.1198212206363678, 0.9089912176132202),
            ["LeftUpperLeg"] = CFrame.new(2.9802322387695312e-08, -3.550667315721512e-08, -1.3969838619232178e-08, 0.9963080883026123, -0.021420573815703392, 0.08313539624214172, 0.043370869010686874, 0.9612977504730225, -0.27207663655281067, -0.07408979535102844, 0.27467772364616394, 0.9586776494979858),
            ["RightLowerLeg"] = CFrame.new(8.568167686462402e-08, -0.0000036954879760742188, -0.00001337954745395109, 1, 3.725291630729544e-09, -1.6763809895792292e-08, 4.842878098543224e-08, 0.6782046556472778, 0.7348730564117432, 5.587936335871291e-09, -0.7348731160163879, 0.6782047152519226),
            ["RightFoot"] = CFrame.new(2.2351741790771484e-08, 4.172325134277344e-07, 1.6952981241047382e-09, 0.9985947012901306, 0.05076476186513901, -0.015221543610095978, -0.05040854960680008, 0.8211158514022827, -0.5685312151908875, -0.01636277511715889, 0.5684996247291565, 0.822520911693573),
            ["LeftLowerLeg"] = CFrame.new(-5.774199962615967e-08, 0.000003814697265625, 0.000013321638107299805, 1, 1.788139627478813e-07, 7.636842980218717e-08, -1.695007085800171e-07, 0.6339178085327148, 0.7734009623527527, 9.220093488693237e-08, -0.7734004259109497, 0.6339171528816223),
        }},
        {Time = 0.033, Data = {
            ["LeftFoot"] = CFrame.new(-4.190951585769653e-09, -5.960464477539063e-08, 1.4901161193847656e-08, 0.9989517331123352, 0.04574163258075714, -0.001824068371206522, -0.04003863409161568, 0.8536981344223022, -0.5192267298698425, -0.022193079814314842, 0.5187554359436035, 0.8546346426010132),
            ["LeftLowerArm"] = CFrame.new(0.000003516674041748047, -0.0000010728836059570312, 7.152557373046875e-07, 1, 1.4901171851988693e-08, 1.4901157641133977e-08, 9.895308572538397e-09, 0.9890649318695068, -0.14748118817806244, 9.313231075225303e-09, 0.14748121798038483, 0.9890649318695068),
            ["LowerTorso"] = CFrame.new(-0.0026411032304167747, -0.1840895414352417, -0.09635601937770844, 0.9999341368675232, 0.0030539946164935827, -0.01107074972242117, -0.0037617769557982683, 0.9979115128517151, -0.06448639184236526, 0.010850686579942703, 0.06452377885580063, 0.9978572726249695),
            ["Head"] = CFrame.new(-1.7800630303099751e-07, -7.152557373046875e-07, -8.093775250017643e-08, 0.9984378218650818, -0.04406280443072319, 0.03435762599110603, 0.0475321002304554, 0.993042528629303, -0.10773729532957077, -0.02937137894332409, 0.10920208692550659, 0.9935855865478516),
            ["RightUpperArm"] = CFrame.new(1.1920928955078125e-07, -4.76837158203125e-07, 1.7171259969472885e-08, 0.6601766347885132, -0.40574342012405396, 0.6320910453796387, 0.4051201641559601, 0.9009891152381897, 0.15522998571395874, -0.6324906349182129, 0.15359367430210114, 0.7591867446899414),
            ["UpperTorso"] = CFrame.new(-3.864988684654236e-08, -4.470348358154297e-07, 4.686626198235899e-08, 0.9999549388885498, -0.008772708475589752, 0.0036262182984501123, 0.00870729610323906, 0.9998058676719666, 0.017677636817097664, -0.003780592465773225, -0.01764526776969433, 0.9998372197151184),
            ["HumanoidRootPart"] = CFrame.new(0, 0, 0, 1, 0, 0, 0, 1, 0, 0, 0, 1),
            ["RightHand"] = CFrame.new(-0.000001043081283569336, -2.384185791015625e-07, 4.3958425521850586e-07, 0.9913162589073181, 0.03478772193193436, -0.1268145591020584, -0.0503959096968174, 0.9912462830543518, -0.12202897667884827, 0.12145920097827911, 0.12736019492149353, 0.9843917489051819),
            ["LeftUpperArm"] = CFrame.new(-3.5762786865234375e-07, 7.152557373046875e-07, 3.3015385270118713e-07, 0.9340207576751709, 0.32795289158821106, -0.1416057050228119, -0.3179614841938019, 0.9439309239387512, 0.08885437995195389, 0.16280603408813477, -0.03796669468283653, 0.985927402973175),
            ["RightLowerArm"] = CFrame.new(5.960464477539062e-07, 0.000002086162567138672, 5.364418029785156e-07, 1, -4.470347292340193e-08, 1.862645593320167e-09, -4.4703490686970326e-08, 0.9954403638839722, -0.0953863188624382, 5.960465188081798e-08, 0.09538630396127701, 0.9954404234886169),
            ["LeftHand"] = CFrame.new(8.046627044677734e-07, -2.980232238769531e-07, 1.2665987014770508e-07, 0.9568887948989868, 0.13645605742931366, -0.2564052939414978, -0.130043625831604, 0.9906232357025146, 0.04188386723399162, 0.25971630215644836, -0.006734285969287157, 0.9656614661216736),
            ["RightUpperLeg"] = CFrame.new(0, -2.019805833697319e-07, 1.6465492080897093e-08, 0.9140140414237976, -0.13765393197536469, -0.38161468505859375, 0.08037173002958298, 0.9834707975387573, -0.16225206851959229, 0.39764153957366943, 0.11762947589159012, 0.9099695086479187),
            ["LeftUpperLeg"] = CFrame.new(-1.1920928955078125e-07, 1.4668330550193787e-08, 2.8405338525772095e-08, 0.9961295127868652, -0.02264063060283661, 0.08493223041296005, 0.04470169544219971, 0.9624595642089844, -0.2677191495895386, -0.07568249106407166, 0.2704794704914093, 0.9597463011741638),
            ["RightLowerLeg"] = CFrame.new(2.2351741790771484e-08, -0.000003814697265625, -0.000013290140486788005, 1, -7.078051567077637e-08, -5.4016709327697754e-08, 7.450581307466564e-08, 0.678287148475647, 0.7347968220710754, -4.936010356004772e-08, -0.734796941280365, 0.6782873272895813),
            ["RightFoot"] = CFrame.new(-3.166496753692627e-08, 4.76837158203125e-07, 4.639878170564771e-08, 0.9985762238502502, 0.05112325772643089, -0.015234941616654396, -0.05073493719100952, 0.8219254016876221, -0.567331075668335, -0.01648181490600109, 0.5672963261604309, 0.8233489990234375),
            ["LeftLowerLeg"] = CFrame.new(7.450580596923828e-08, 0.0000036954879760742188, 0.000013362616300582886, 1, 1.6763806343078613e-07, 7.450580596923828e-08, -1.6205012798309326e-07, 0.6355836391448975, 0.7720320820808411, 8.568167686462402e-08, -0.7720320820808411, 0.6355836987495422),
        }},
        {Time = 0.067, Data = {
            ["LeftFoot"] = CFrame.new(-7.450580596923828e-09, 0, 3.4458935260772705e-08, 0.9988701939582825, 0.04748164862394333, -0.0019981793593615294, -0.04169106110930443, 0.8553213477134705, -0.516417920589447, -0.022811273112893105, 0.5159175992012024, 0.8563344478607178),
            ["LeftLowerArm"] = CFrame.new(0.0000020265579223632812, -0.0000010728836059570312, 7.897615432739258e-07, 1, -1.8626462594539817e-09, -2.0489098417897367e-08, -1.2398237991817496e-08, 0.9895575046539307, -0.14413852989673615, 9.313230187046884e-09, 0.14413851499557495, 0.9895576238632202),
            ["LowerTorso"] = CFrame.new(-0.005102995317429304, -0.18299758434295654, -0.0941580981016159, 0.9999308586120605, 0.004481479991227388, -0.010878084227442741, -0.00522230239585042, 0.9975989460945129, -0.06905820965766907, 0.010542484000325203, 0.06911023706197739, 0.9975534081459045),
            ["Head"] = CFrame.new(-1.8092396203428507e-07, -8.344650268554688e-07, -4.17931005358696e-08, 0.9977941513061523, -0.042798805981874466, 0.05074498802423477, 0.04834423586726189, 0.9923457503318787, -0.11363475024700165, -0.04549313336610794, 0.11583732068538666, 0.9922258853912354),
            ["RightUpperArm"] = CFrame.new(1.1920928955078125e-07, -9.5367431640625e-07, 1.7695128917694092e-08, 0.6553270816802979, -0.38739001750946045, 0.6484408378601074, 0.4204769432544708, 0.900253415107727, 0.11288513988256454, -0.6274915933609009, 0.1986776888370514, 0.7528489232063293),
            ["UpperTorso"] = CFrame.new(-3.707828000187874e-08, -1.4901161193847656e-07, 2.61206878349185e-09, 0.9999006986618042, -0.011388132348656654, -0.008301512338221073, 0.011603702791035175, 0.9995841979980469, 0.026399075984954834, 0.007997427135705948, -0.026492781937122345, 0.9996170997619629),
            ["HumanoidRootPart"] = CFrame.new(0, 0, 0, 1, 0, 0, 0, 1, 0, 0, 0, 1),
            ["RightHand"] = CFrame.new(-0.000001043081283569336, -2.980232238769531e-07, 6.01867213845253e-07, 0.990635335445404, 0.053016796708106995, -0.12582111358642578, -0.07088380306959152, 0.9873149991035461, -0.14207282662391663, 0.11669279634952545, 0.1496610790491104, 0.9818270802497864),
            ["LeftUpperArm"] = CFrame.new(-7.152557373046875e-07, 3.5762786865234375e-07, 3.1851232051849365e-07, 0.9314495921134949, 0.3374784588813782, -0.13605153560638428, -0.3255307078361511, 0.939924418926239, 0.10281979292631149, 0.1625775694847107, -0.051482509821653366, 0.9853517413139343),
            ["RightLowerArm"] = CFrame.new(8.344650268554688e-07, 0.0000028014183044433594, 5.066394805908203e-07, 1, -1.4901157641133977e-08, 2.2439062163925882e-08, -2.980232594040899e-08, 0.9955732226371765, -0.09398925304412842, 1.4901162970204496e-08, 0.09398922324180603, 0.9955732822418213),
            ["LeftHand"] = CFrame.new(7.227063179016113e-07, -6.556510925292969e-07, 7.729977369308472e-08, 0.9534999132156372, 0.14057329297065735, -0.26660293340682983, -0.13911177217960358, 0.9899746179580688, 0.024459263309836388, 0.26736846566200256, 0.013765748590230942, 0.9634960293769836),
            ["RightUpperLeg"] = CFrame.new(-2.9802322387695312e-08, 1.8998980522155762e-07, -3.5579432733356953e-09, 0.914638102054596, -0.13993090391159058, -0.37928444147109985, 0.08351238071918488, 0.9833489656448364, -0.16140225529670715, 0.39555397629737854, 0.11594954878091812, 0.9110941886901855),
            ["LeftUpperLeg"] = CFrame.new(0, 2.0419247448444366e-07, -1.6763806343078613e-08, 0.9958868622779846, -0.025418464094400406, 0.08696801960468292, 0.047466591000556946, 0.9639512896537781, -0.26181113719940186, -0.07717806100845337, 0.26486220955848694, 0.961192786693573),
            ["RightLowerLeg"] = CFrame.new(-1.4156103134155273e-07, -0.0000034570693969726562, -0.00001326033816440031, 1, -2.495944215752388e-07, -1.247972107876194e-07, 2.8684732455985795e-07, 0.6774251461029053, 0.7355917692184448, -1.4156101713069802e-07, -0.7355918288230896, 0.6774251461029053),
            ["RightFoot"] = CFrame.new(-6.51925802230835e-09, 2.980232238769531e-07, 4.639878170564771e-08, 0.9985726475715637, 0.05121954157948494, -0.015146618708968163, -0.050792232155799866, 0.8228827714920044, -0.5659363269805908, -0.016523122787475586, 0.565898060798645, 0.8243098258972168),
            ["LeftLowerLeg"] = CFrame.new(-5.4016709327697754e-08, 0.000003933906555175781, 0.000013343989849090576, 1, 1.1175870895385742e-07, 5.960463766996327e-08, -1.1175870895385742e-07, 0.6391897201538086, 0.769049346446991, 5.681067705154419e-08, -0.7690491676330566, 0.6391894221305847),
        }},
        {Time = 0.100, Data = {
            ["LeftFoot"] = CFrame.new(4.563480615615845e-08, -1.1920928955078125e-07, 2.60770320892334e-08, 0.9987806677818298, 0.04932025820016861, -0.002198517555370927, -0.04346790909767151, 0.8574079871177673, -0.5127983689308167, -0.02340627834200859, 0.5122686624526978, 0.8585063219070435),
            ["LeftLowerArm"] = CFrame.new(0.0000028908252716064453, -0.0000013113021850585938, 7.450580596923828e-07, 1, 2.7939687896605392e-08, 1.0244547432591844e-08, -1.3504187101887055e-08, 0.989728569984436, -0.1429598480463028, -3.725292962997173e-09, 0.1429598480463028, 0.989728569984436),
            ["LowerTorso"] = CFrame.new(-0.00761627871543169, -0.1825476884841919, -0.09103857725858688, 0.9998723864555359, 0.008863024413585663, -0.013298031874001026, -0.009806827642023563, 0.9973075985908508, -0.07267332822084427, 0.01261812262237072, 0.07279444485902786, 0.9972672462463379),
            ["Head"] = CFrame.new(-1.7564889276400208e-07, -8.344650268554688e-07, -1.022417563945055e-07, 0.9957456588745117, -0.04614585265517235, 0.07975713163614273, 0.0557069294154644, 0.9909479022026062, -0.12214318662881851, -0.07339877635240555, 0.12606656551361084, 0.9893026947975159),
            ["RightUpperArm"] = CFrame.new(3.5762786865234375e-07, -8.344650268554688e-07, -3.3527612686157227e-08, 0.6358391642570496, -0.3769580125808716, 0.6735067367553711, 0.4436105489730835, 0.8925728797912598, 0.08076747506856918, -0.6315997838973999, 0.2474195957183838, 0.7347552180290222),
            ["UpperTorso"] = CFrame.new(-3.521563485264778e-08, -3.8743019104003906e-07, -1.6807462088763714e-08, 0.9995685815811157, -0.014674925245344639, -0.02544604055583477, 0.01557152345776558, 0.9992519021034241, 0.03540264815092087, 0.024907471612095833, -0.03578360006213188, 0.999049186706543),
            ["HumanoidRootPart"] = CFrame.new(0, 0, 0, 1, 0, 0, 0, 1, 0, 0, 0, 1),
            ["RightHand"] = CFrame.new(-9.834766387939453e-07, -2.980232238769531e-07, 5.662441253662109e-07, 0.992393970489502, 0.07081868499517441, -0.10069236159324646, -0.08574062585830688, 0.9845659136772156, -0.15257291495800018, 0.08833322674036026, 0.16004584729671478, 0.9831493496894836),
            ["LeftUpperArm"] = CFrame.new(-7.152557373046875e-07, 4.76837158203125e-07, 2.7939677238464355e-07, 0.9216171503067017, 0.3604484498500824, -0.1438712775707245, -0.3422718048095703, 0.9296310544013977, 0.13651473820209503, 0.18295371532440186, -0.0765712708234787, 0.9801350831985474),
            ["RightLowerArm"] = CFrame.new(0.0000013709068298339844, 0.0000029206275939941406, 5.364418029785156e-07, 1, 0, 5.5879375793210784e-08, 1.4901161193847656e-08, 0.9912872314453125, -0.1317179948091507, -5.587935447692871e-09, 0.1317179650068283, 0.9912872910499573),
            ["LeftHand"] = CFrame.new(6.370246410369873e-07, 1.1920928955078125e-07, 1.1175870895385742e-07, 0.9499292373657227, 0.1291450560092926, -0.2845279574394226, -0.13337212800979614, 0.9910556674003601, 0.004554170649498701, 0.28257113695144653, 0.03362201899290085, 0.9586570262908936),
            ["RightUpperLeg"] = CFrame.new(5.960464477539063e-08, -1.41095370054245e-07, -2.6841007638722658e-08, 0.9160927534103394, -0.14637012779712677, -0.37329620122909546, 0.08855738490819931, 0.9818587303161621, -0.16766341030597687, 0.3910650312900543, 0.12053696066141129, 0.9124357104301453),
            ["LeftUpperLeg"] = CFrame.new(2.9802322387695312e-08, -6.28642737865448e-08, -3.4458935260772705e-08, 0.9951814413070679, -0.030269265174865723, 0.09326126426458359, 0.053239475935697556, 0.9655450582504272, -0.2547318637371063, -0.08233737200498581, 0.25846949219703674, 0.9625040888786316),
            ["RightLowerLeg"] = CFrame.new(5.960464477539063e-08, -0.000003635883331298828, -0.000013290140486788005, 1, -1.713633110966839e-07, -1.1548398504146462e-07, 2.0116564769523393e-07, 0.6709316968917847, 0.7415191531181335, -5.681066994611683e-08, -0.7415191531181335, 0.6709316968917847),
            ["RightFoot"] = CFrame.new(-3.725290298461914e-08, 4.172325134277344e-07, 3.149762051180005e-08, 0.9985917806625366, 0.05091531202197075, -0.014907150529325008, -0.050394583493471146, 0.8225184679031372, -0.5665010809898376, -0.01658221334218979, 0.5664548277854919, 0.8239261507987976),
            ["LeftLowerLeg"] = CFrame.new(-3.5390257835388184e-08, 0.0000037550926208496094, 0.000013250857591629028, 1, 2.1606676625651744e-07, 9.12695767851801e-08, -1.993030309677124e-07, 0.644914448261261, 0.7642549276351929, 1.1175870895385742e-07, -0.7642548084259033, 0.6449142098426819),
        }},
        {Time = 0.133, Data = {
            ["LeftFoot"] = CFrame.new(2.1420419216156006e-08, 0, 2.9802322387695312e-08, 0.9987001419067383, 0.050912003964185715, -0.0024516121484339237, -0.04505108296871185, 0.8591887354850769, -0.5096716284751892, -0.023841993883252144, 0.5091195702552795, 0.8603655099868774),
            ["LeftLowerArm"] = CFrame.new(0.000002473592758178711, -2.980232238769531e-07, 7.003545761108398e-07, 1, 3.539027559895658e-08, 8.381899618825628e-09, 9.313230187046884e-09, 0.9896471500396729, -0.14352241158485413, 2.6077044523731274e-08, 0.14352242648601532, 0.9896471500396729),
            ["LowerTorso"] = CFrame.new(-0.009797219187021255, -0.18375027179718018, -0.08749772608280182, 0.9996251463890076, 0.017204072326421738, -0.021302051842212677, -0.01874065026640892, 0.9970695376396179, -0.07416962832212448, 0.01996360905468464, 0.07454103231430054, 0.9970181584358215),
            ["Head"] = CFrame.new(-1.789303496479988e-07, -9.5367431640625e-07, -8.672941476106644e-08, 0.9913521409034729, -0.05131030082702637, 0.12078193575143814, 0.06763333827257156, 0.9885095953941345, -0.13518351316452026, -0.11245778203010559, 0.142183318734169, 0.983431339263916),
            ["RightUpperArm"] = CFrame.new(3.5762786865234375e-07, -2.384185791015625e-07, -7.450580596923828e-09, 0.5968172550201416, -0.3920249044895172, 0.7000898122787476, 0.4707094430923462, 0.8776666522026062, 0.09018799662590027, -0.6498013138771057, 0.27571308612823486, 0.7083364725112915),
            ["UpperTorso"] = CFrame.new(-2.9569491744041443e-08, -2.086162567138672e-07, 8.221832104027271e-09, 0.9987403154373169, -0.021619683131575584, -0.04528050497174263, 0.02359687350690365, 0.998770534992218, 0.043595969676971436, 0.044282302260398865, -0.04460952803492546, 0.9980225563049316),
            ["HumanoidRootPart"] = CFrame.new(0, 0, 0, 1, 0, 0, 0, 1, 0, 0, 0, 1),
            ["RightHand"] = CFrame.new(-5.066394805908203e-07, -3.5762786865234375e-07, 6.258487701416016e-07, 0.9972432255744934, 0.06198439747095108, -0.040792256593704224, -0.0666147768497467, 0.990022599697113, -0.12416815757751465, 0.03268875926733017, 0.12654323875904083, 0.9914223551750183),
            ["LeftUpperArm"] = CFrame.new(-7.152557373046875e-07, 0.0000010728836059570312, 2.980232238769531e-07, 0.9014406204223633, 0.40087735652923584, -0.16340778768062592, -0.3699483871459961, 0.9093906879425049, 0.1901233047246933, 0.2248176485300064, -0.11093243956565857, 0.968065619468689),
            ["RightLowerArm"] = CFrame.new(0.0000020265579223632812, 0.0000025033950805664062, 1.6391277313232422e-07, 1, 0, 6.705523247774181e-08, 0, 0.9728135466575623, -0.23158949613571167, -2.2351747119842003e-08, 0.23158948123455048, 0.972813606262207),
            ["LeftHand"] = CFrame.new(5.066394805908203e-07, -5.364418029785156e-07, 1.7136335372924805e-07, 0.9444534778594971, 0.0919530838727951, -0.3155192732810974, -0.10201305896043777, 0.9946626424789429, -0.01548042707145214, 0.31241169571876526, 0.046807605773210526, 0.9487929344177246),
            ["RightUpperLeg"] = CFrame.new(0, 2.05356627702713e-07, -8.214556146413088e-09, 0.9192177653312683, -0.1583673506975174, -0.3604978919029236, 0.09600365906953812, 0.9780626893043518, -0.18486951291561127, 0.38186657428741455, 0.13532593846321106, 0.9142563343048096),
            ["LeftUpperLeg"] = CFrame.new(-1.1920928955078125e-07, 5.960464477539063e-08, 2.7939677238464355e-08, 0.9935746788978577, -0.03723752498626709, 0.10687810182571411, 0.0627286285161972, 0.9671960473060608, -0.24616479873657227, -0.09420543909072876, 0.2512871026992798, 0.9633172750473022),
            ["RightLowerLeg"] = CFrame.new(5.960464477539063e-08, -0.000003516674041748047, -0.0000133199428091757, 1, -1.1175870895385742e-07, -5.215408194203519e-08, 1.6391281576488836e-07, 0.6552092432975769, 0.755447506904602, -4.93601071127614e-08, -0.7554474472999573, 0.6552092432975769),
            ["RightFoot"] = CFrame.new(3.259629011154175e-08, 1.7881393432617188e-07, 4.639878170564771e-08, 0.9986352920532227, 0.05017278715968132, -0.014506537467241287, -0.04947229474782944, 0.8196989893913269, -0.5706537365913391, -0.01674029417335987, 0.570592999458313, 0.8210626840591431),
            ["LeftLowerLeg"] = CFrame.new(9.313225746154785e-09, 0.0000037550926208496094, 0.000013343989849090576, 1, -7.450581307466564e-08, -2.7939677238464355e-08, 6.332993507385254e-08, 0.6524906158447266, 0.757797122001648, -4.6566128730773926e-08, -0.7577968835830688, 0.6524902582168579),
        }},
        {Time = 0.167, Data = {
            ["LeftFoot"] = CFrame.new(0, 1.1920928955078125e-07, 1.955777406692505e-08, 0.9986602067947388, 0.05167659372091293, -0.0027094902470707893, -0.04589905962347984, 0.8603984117507935, -0.5075511932373047, -0.023897256702184677, 0.5069953799247742, 0.861617386341095),
            ["LeftLowerArm"] = CFrame.new(0.000003039836883544922, -5.364418029785156e-07, 7.897615432739258e-07, 1, -1.862645815364772e-09, -2.9802311729554276e-08, 5.960465898624534e-08, 0.9893907308578491, -0.14527900516986847, -7.450582373280668e-09, 0.14527899026870728, 0.9893907308578491),
            ["LowerTorso"] = CFrame.new(-0.011128715239465237, -0.18673813343048096, -0.08428873121738434, 0.998941957950592, 0.029136644676327705, -0.03558383882045746, -0.03171761333942413, 0.9967342019081116, -0.0742628425359726, 0.03330386430025101, 0.07531289756298065, 0.9966037273406982),
            ["Head"] = CFrame.new(-1.7811544239521027e-07, -5.960464477539062e-07, -9.260838851332664e-08, 0.9845862984657288, -0.05177411437034607, 0.16706064343452454, 0.07815532386302948, 0.9847505688667297, -0.15542905032634735, -0.15646585822105408, 0.1660899966955185, 0.9736183285713196),
            ["RightUpperArm"] = CFrame.new(1.1920928955078125e-07, -5.960464477539062e-07, -7.450580596923828e-09, 0.5403618216514587, -0.4421461522579193, 0.7159022688865662, 0.4958273768424988, 0.8547233939170837, 0.1536332219839096, -0.6798266172409058, 0.27194640040397644, 0.6810879707336426),
            ["UpperTorso"] = CFrame.new(-5.663605406880379e-08, -1.7881393432617188e-07, -9.986251825466752e-10, 0.9973318576812744, -0.03580717742443085, -0.06361665576696396, 0.039116084575653076, 0.9979039430618286, 0.05155235156416893, 0.061637382954359055, -0.0539032407104969, 0.9966420531272888),
            ["HumanoidRootPart"] = CFrame.new(0, 0, 0, 1, 0, 0, 0, 1, 0, 0, 0, 1),
            ["RightHand"] = CFrame.new(-8.642673492431641e-07, -3.5762786865234375e-07, 5.960464477539062e-07, 0.9988046884536743, 0.0018895717803388834, 0.04884471744298935, -0.0003392324724700302, 0.9994964003562927, -0.03173099830746651, -0.04888008162379265, 0.031676482409238815, 0.9983022809028625),
            ["LeftUpperArm"] = CFrame.new(-7.152557373046875e-07, 7.152557373046875e-07, 3.129243850708008e-07, 0.8689953088760376, 0.4593169689178467, -0.1840520203113556, -0.40931978821754456, 0.8762643933296204, 0.25420087575912476, 0.27803701162338257, -0.1455632597208023, 0.9494770765304565),
            ["RightLowerArm"] = CFrame.new(0.0000011920928955078125, 0.0000024437904357910156, 4.470348358154297e-07, 1, -7.450578820566989e-09, 0, -1.4901162970204496e-08, 0.9190383553504944, -0.3941681683063507, 1.4901162970204496e-08, 0.3941681385040283, 0.9190384149551392),
            ["LeftHand"] = CFrame.new(9.387731552124023e-07, -4.172325134277344e-07, 0, 0.9324300289154053, 0.025514502078294754, -0.3604487180709839, -0.04150082916021347, 0.9984649419784546, -0.03667982667684555, 0.35895952582359314, 0.049160294234752655, 0.9320576786994934),
            ["RightUpperLeg"] = CFrame.new(0, 6.845220923423767e-08, -2.4047039914876223e-08, 0.9239600896835327, -0.17447185516357422, -0.3403785228729248, 0.10597842186689377, 0.9718394875526428, -0.21046802401542664, 0.3675137460231781, 0.15839116275310516, 0.9164308905601501),
            ["LeftUpperLeg"] = CFrame.new(5.960464477539063e-08, 1.3969838619232178e-09, -1.6763806343078613e-08, 0.9908498525619507, -0.045924846082925797, 0.12691612541675568, 0.07501646131277084, 0.9690980315208435, -0.23499295115470886, -0.11220204085111618, 0.24236339330673218, 0.9636756181716919),
            ["RightLowerLeg"] = CFrame.new(8.568167686462402e-08, -0.0000036954879760742188, -0.000013439152098726481, 1, -1.6763810606335028e-07, -1.043081780949251e-07, 1.3038518886787642e-07, 0.631090521812439, 0.7757093906402588, -6.705523958316917e-08, -0.7757092118263245, 0.6310904026031494),
            ["RightFoot"] = CFrame.new(4.936009645462036e-08, 3.5762786865234375e-07, 1.6952981241047382e-09, 0.9986991286277771, 0.04903410002589226, -0.013992524705827236, -0.04809170216321945, 0.8145310282707214, -0.5781230926513672, -0.016950363293290138, 0.5780439972877502, 0.8158296346664429),
            ["LeftLowerLeg"] = CFrame.new(2.0489096641540527e-08, 0.000003814697265625, 0.000013306736946105957, 1, 2.2351747119842003e-08, 7.4505797087454084e-09, -3.539026494081554e-08, 0.6615458130836487, 0.7499050498008728, 3.725291186640334e-09, -0.7499048709869385, 0.6615456342697144),
        }},
        {Time = 0.200, Data = {
            ["LeftFoot"] = CFrame.new(1.210719347000122e-08, 0, 1.30385160446167e-08, 0.9986980557441711, 0.050934333354234695, -0.0028388341888785362, -0.04535539075732231, 0.8610821962356567, -0.5064390301704407, -0.02335064299404621, 0.5059083700180054, 0.8622710704803467),
            ["LeftLowerArm"] = CFrame.new(0.0000027418136596679688, -5.960464477539063e-08, 5.364418029785156e-07, 1, -6.332997060098933e-08, 3.725288166833707e-08, 7.450584149637507e-09, 0.9890277981758118, -0.1477295160293579, -1.4901168299275014e-08, 0.14772950112819672, 0.9890277981758118),
            ["LowerTorso"] = CFrame.new(-0.010774602182209492, -0.19099056720733643, -0.08201325684785843, 0.9976006746292114, 0.04327835887670517, -0.05403714254498482, -0.04722687602043152, 0.9961342215538025, -0.07406947016716003, 0.050622642040252686, 0.07644375413656235, 0.995788037776947),
            ["Head"] = CFrame.new(-1.8486753106117249e-07, -5.960464477539062e-07, -7.846392691135406e-08, 0.9774038791656494, -0.04130269214510918, 0.20730572938919067, 0.08029314875602722, 0.9797608256340027, -0.18336260318756104, -0.19553658366203308, 0.19586452841758728, 0.9609384536743164),
            ["RightUpperArm"] = CFrame.new(2.384185791015625e-07, -7.152557373046875e-07, 1.862645149230957e-08, 0.4769366681575775, -0.5149590373039246, 0.7122840285301208, 0.5151959657669067, 0.8203681111335754, 0.24813154339790344, -0.7121127247810364, 0.2486228048801422, 0.6565684676170349),
            ["UpperTorso"] = CFrame.new(-3.026798367500305e-08, -1.7881393432617188e-07, 3.7689460441470146e-08, 0.9953010678291321, -0.05968167632818222, -0.07625038921833038, 0.06436679512262344, 0.9960883855819702, 0.06053861975669861, 0.07233911007642746, -0.06516214460134506, 0.9952492117881775),
            ["HumanoidRootPart"] = CFrame.new(0, 0, 0, 1, 0, 0, 0, 1, 0, 0, 0, 1),
            ["RightHand"] = CFrame.new(-0.0000011920928955078125, -2.384185791015625e-07, 5.364418029785156e-07, 0.9852429032325745, -0.10774209350347519, 0.13299702107906342, 0.09255088120698929, 0.9889791011810303, 0.1155632808804512, -0.14398230612277985, -0.10154885798692703, 0.9843561053276062),
            ["LeftUpperArm"] = CFrame.new(-5.960464477539062e-07, 8.344650268554688e-07, 3.0174851417541504e-07, 0.824457585811615, 0.5318370461463928, -0.19344046711921692, -0.46147608757019043, 0.8296573162078857, 0.3141794204711914, 0.327581524848938, -0.16975945234298706, 0.9294471740722656),
            ["RightLowerArm"] = CFrame.new(0.0000010728836059570312, 0.000002682209014892578, 3.8743019104003906e-07, 1, -6.705523247774181e-08, 8.940695295223122e-08, 7.450582373280668e-09, 0.8109643459320068, -0.5850957036018372, 1.4901164746561335e-08, 0.5850956439971924, 0.8109643459320068),
            ["LeftHand"] = CFrame.new(5.066394805908203e-07, -1.7881393432617188e-07, 2.384185791015625e-07, 0.9105228185653687, -0.062017783522605896, -0.40878114104270935, 0.03907176852226257, 0.9971683621406555, -0.06425537914037704, 0.4116085469722748, 0.042534224689006805, 0.9103677272796631),
            ["RightUpperLeg"] = CFrame.new(0, 1.1827796697616577e-07, 4.1145540308207273e-08, 0.9293137192726135, -0.1916612982749939, -0.31566140055656433, 0.11763961613178253, 0.9638883471488953, -0.23891471326351166, 0.3500530421733856, 0.18489214777946472, 0.9183014631271362),
            ["LeftUpperLeg"] = CFrame.new(-5.960464477539063e-08, 7.729977369308472e-08, 1.1175870895385742e-08, 0.9872156977653503, -0.05541360378265381, 0.14944767951965332, 0.08805716782808304, 0.9711559414863586, -0.22159026563167572, -0.13285785913467407, 0.23191721737384796, 0.9636198282241821),
            ["RightLowerLeg"] = CFrame.new(-4.0978193283081055e-08, -0.0000036954879760742188, -0.000013200733519624919, 1, -3.8743019104003906e-07, -1.5273688802608376e-07, 3.762543201446533e-07, 0.6020748615264893, 0.7984397411346436, -1.825392246246338e-07, -0.7984397411346436, 0.6020748615264893),
            ["RightFoot"] = CFrame.new(4.563480615615845e-08, 2.980232238769531e-07, 6.129994289949536e-08, 0.9987876415252686, 0.04736839607357979, -0.013398764654994011, -0.04619152098894119, 0.8077207207679749, -0.5877529382705688, -0.017018500715494156, 0.5876593589782715, 0.8089295625686646),
            ["LeftLowerLeg"] = CFrame.new(-5.21540641784668e-08, 0.000004112720489501953, 0.00001323595643043518, 1, 1.2293459406009788e-07, 4.842877388000488e-08, -1.1734665861240501e-07, 0.6708638072013855, 0.7415808439254761, 6.426126475389538e-08, -0.741580605506897, 0.6708636283874512),
        }},
        {Time = 0.233, Data = {
            ["LeftFoot"] = CFrame.new(4.377216100692749e-08, 0, 4.0978193283081055e-08, 0.998845636844635, 0.04796281456947327, -0.002654499839991331, -0.042727041989564896, 0.8618360161781311, -0.505384087562561, -0.021951904520392418, 0.5049141645431519, 0.8628904819488525),
            ["LeftLowerArm"] = CFrame.new(0.0000013709068298339844, 0, 0.0000012814998626708984, 1, -3.7252920748187535e-08, 0, 5.960465898624534e-08, 0.9886571764945984, -0.15019017457962036, 4.4703494239684005e-08, 0.15019020438194275, 0.9886571168899536),
            ["LowerTorso"] = CFrame.new(-0.007597778923809528, -0.19575583934783936, -0.08066511899232864, 0.9955646395683289, 0.058633461594581604, -0.07357551157474518, -0.06402567774057388, 0.9952595829963684, -0.07320612668991089, 0.06893440335988998, 0.0775921419262886, 0.9945992827415466),
            ["Head"] = CFrame.new(-1.9650906324386597e-07, -9.5367431640625e-07, -7.82310962677002e-08, 0.9730375409126282, -0.01837845891714096, 0.22991341352462769, 0.06913204491138458, 0.9742295145988464, -0.21470370888710022, -0.2200424075126648, 0.22480915486812592, 0.9492325186729431),
            ["RightUpperArm"] = CFrame.new(1.1920928955078125e-07, -2.384185791015625e-07, 1.3969838619232178e-09, 0.4208928644657135, -0.5832681059837341, 0.6947284936904907, 0.5281960964202881, 0.7802258729934692, 0.3350470960140228, -0.737467348575592, 0.22593393921852112, 0.6364713907241821),
            ["UpperTorso"] = CFrame.new(-4.1676685214042664e-08, -2.384185791015625e-07, 1.280568540096283e-08, 0.9923534989356995, -0.09406532347202301, -0.07991484552621841, 0.09972412884235382, 0.9925469160079956, 0.0700412318110466, 0.07273078709840775, -0.07747508585453033, 0.9943379163742065),
            ["HumanoidRootPart"] = CFrame.new(0, 0, 0, 1, 0, 0, 0, 1, 0, 0, 0, 1),
            ["RightHand"] = CFrame.new(-5.960464477539062e-07, -4.76837158203125e-07, 5.811452865600586e-07, 0.9563353061676025, -0.2311083823442459, 0.17891861498355865, 0.18084238469600677, 0.9488092064857483, 0.25895386934280396, -0.22960606217384338, -0.2152906060218811, 0.9491738677024841),
            ["LeftUpperArm"] = CFrame.new(-8.344650268554688e-07, 0.0000010728836059570312, 3.166496753692627e-07, 0.7680009007453918, 0.612640380859375, -0.18667180836200714, -0.5273633599281311, 0.7703211307525635, 0.3584596514701843, 0.36340397596359253, -0.17685341835021973, 0.9146914482116699),
            ["RightLowerArm"] = CFrame.new(0.0000010132789611816406, 0.0000026226043701171875, 7.897615432739258e-07, 1, -2.7939680791178034e-08, 1.4901157641133977e-08, 5.21540641784668e-08, 0.6587619185447693, -0.7523515224456787, 4.470348358154297e-08, 0.7523515224456787, 0.6587619185447693),
            ["LeftHand"] = CFrame.new(5.066394805908203e-07, -2.980232238769531e-07, 2.086162567138672e-07, 0.8850459456443787, -0.15409843623638153, -0.4392578899860382, 0.12284211814403534, 0.9874846339225769, -0.09891431778669357, 0.4490029513835907, 0.033584389835596085, 0.8928989768028259),
            ["RightUpperLeg"] = CFrame.new(1.7881393432617188e-07, -2.4330802261829376e-07, 5.75528247281909e-09, 0.9341742992401123, -0.20753362774848938, -0.2902556359767914, 0.12927988171577454, 0.955047070980072, -0.26678070425987244, 0.3325735330581665, 0.2116951197385788, 0.9190102219581604),
            ["LeftUpperLeg"] = CFrame.new(-1.1920928955078125e-07, -4.190951585769653e-08, 0, 0.983159065246582, -0.06477371603250504, 0.170888289809227, 0.100196473300457, 0.9730643033981323, -0.20762130618095398, -0.1528368443250656, 0.22124691307544708, 0.9631670713424683),
            ["RightLowerLeg"] = CFrame.new(-8.568167686462402e-08, -0.0000037550926208496094, -0.000013290140486788005, 1, -2.682208730675484e-07, -1.788139627478813e-07, 2.980231954552437e-07, 0.5716759562492371, 0.8204795718193054, -1.3038514623531228e-07, -0.8204795718193054, 0.5716760158538818),
            ["RightFoot"] = CFrame.new(3.91155481338501e-08, 2.980232238769531e-07, -4.300818545743823e-08, 0.998928964138031, 0.04450985789299011, -0.012646845541894436, -0.04322061687707901, 0.7999281883239746, -0.598537027835846, -0.016524216160178185, 0.5984429121017456, 0.8009952902793884),
            ["LeftLowerLeg"] = CFrame.new(-8.195638656616211e-08, 0.000003814697265625, 0.000013239681720733643, 1, -4.470348358154297e-08, -1.1175870895385742e-08, 7.636844401304188e-08, 0.6803672313690186, 0.732871413230896, -4.377215745421381e-08, -0.7328713536262512, 0.6803671717643738),
        }},
        {Time = 0.267, Data = {
            ["LeftFoot"] = CFrame.new(7.450580596923828e-09, -5.960464477539063e-08, 1.30385160446167e-08, 0.9990981817245483, 0.04241165518760681, -0.002024001209065318, -0.03765031695365906, 0.8628837466239929, -0.5039982795715332, -0.01962892897427082, 0.5036197900772095, 0.8637022972106934),
            ["LeftLowerArm"] = CFrame.new(0.0000028014183044433594, -7.748603820800781e-07, 8.940696716308594e-07, 1, -4.470351555596608e-08, 0, 5.5879375793210784e-08, 0.9884727597236633, -0.1513993889093399, 2.980233304583635e-08, 0.1513994187116623, 0.9884727597236633),
            ["LowerTorso"] = CFrame.new(-0.0007690141210332513, -0.20069444179534912, -0.0795704573392868, 0.9930064082145691, 0.07450228184461594, -0.0915851965546608, -0.0810929611325264, 0.9942116141319275, -0.07047849148511887, 0.08580426871776581, 0.07741250097751617, 0.9933000802993774),
            ["Head"] = CFrame.new(-1.30385160446167e-07, -0.0000010728836059570312, -7.543712854385376e-08, 0.973620593547821, 0.013277487829327583, 0.22778666019439697, 0.04336271807551384, 0.9693451523780823, -0.24184612929821014, -0.2240150272846222, 0.24534380435943604, 0.9431987404823303),
            ["RightUpperArm"] = CFrame.new(3.5762786865234375e-07, -5.960464477539062e-07, 3.725290298461914e-09, 0.3821963965892792, -0.6297293901443481, 0.6762890815734863, 0.533949613571167, 0.7478061318397522, 0.3945678174495697, -0.7542040944099426, 0.21030181646347046, 0.6220525503158569),
            ["UpperTorso"] = CFrame.new(-5.029141902923584e-08, -1.7881393432617188e-07, -1.1641532182693481e-09, 0.987822949886322, -0.13739623129367828, -0.0729941874742508, 0.14295130968093872, 0.9867085218429565, 0.0772743970155716, 0.06140676885843277, -0.08676803857088089, 0.9943342804908752),
            ["HumanoidRootPart"] = CFrame.new(0, 0, 0, 1, 0, 0, 0, 1, 0, 0, 0, 1),
            ["RightHand"] = CFrame.new(-7.748603820800781e-07, -3.5762786865234375e-07, 7.748603820800781e-07, 0.9215966463088989, -0.3344820737838745, 0.19692997634410858, 0.25757700204849243, 0.9065616726875305, 0.33436521887779236, -0.29036828875541687, -0.2574252486228943, 0.9216390252113342),
            ["LeftUpperArm"] = CFrame.new(-3.5762786865234375e-07, 9.5367431640625e-07, 3.0174851417541504e-07, 0.6969335675239563, 0.6972171664237976, -0.1678452044725418, -0.6052634716033936, 0.6974052786827087, 0.3837732970714569, 0.38462942838668823, -0.16587398946285248, 0.90804523229599),
            ["RightLowerArm"] = CFrame.new(5.364418029785156e-07, 0.0000026226043701171875, 1.6391277313232422e-07, 1, -5.587936158235607e-08, 4.470345515983354e-08, 1.1175872316471214e-07, 0.5042406320571899, -0.8635631799697876, 5.960465188081798e-08, 0.8635631799697876, 0.5042406320571899),
            ["LeftHand"] = CFrame.new(2.2351741790771484e-07, -1.1920928955078125e-07, 2.384185791015625e-07, 0.8695441484451294, -0.23576928675174713, -0.4339424967765808, 0.19772498309612274, 0.9713881611824036, -0.13156765699386597, 0.4525461196899414, 0.02860262244939804, 0.8912822008132935),
            ["RightUpperLeg"] = CFrame.new(0, -1.671724021434784e-07, 2.029992174357176e-09, 0.9379884004592896, -0.2205350250005722, -0.2674737572669983, 0.13892796635627747, 0.9460243582725525, -0.29280897974967957, 0.31761106848716736, 0.23749156296253204, 0.9179982542991638),
