return {
    ["Bet"] = {
        {Time = 0.000, Data = {
            ["RightFoot"] = CFrame.new(2.1979212760925293e-07, -5.960464477539063e-08, -2.438173396512866e-08, 0.9913063049316406, 0.12517736852169037, 0.04052664712071419, -0.11213464289903641, 0.9649004340171814, -0.23747238516807556, -0.06883035600185394, 0.23086319863796234, 0.9705486297607422),
            ["LeftLowerArm"] = CFrame.new(0.0000010132789611816406, -7.152557373046875e-07, 0.000004589557647705078, 1, 2.179295108817314e-07, 1.0430814256778831e-07, -1.49011640360186e-07, 0.9838231801986694, -0.17914263904094696, -1.8626455755565985e-07, 0.17914271354675293, 0.9838231801986694),
            ["RightUpperArm"] = CFrame.new(-0.007907271385192871, 0.005371809005737305, -0.03184765577316284, 0.8958988189697266, -0.24579450488090515, -0.37006840109825134, 0.18147118389606476, 0.962810218334198, -0.20016181468963623, 0.4055040776729584, 0.11216797679662704, 0.9071850776672363),
            ["Head"] = CFrame.new(-1.862645149230957e-08, -0.0000010728836059570312, -9.313225746154785e-09, 0.5840678215026855, -0.17650838196277618, 0.7922815084457397, 0.3320520222187042, 0.9426194429397583, -0.0347866490483284, -0.7406796216964722, 0.28339630365371704, 0.6091634035110474),
            ["RightHand"] = CFrame.new(2.384185791015625e-07, 0.0000011920928955078125, -8.642673492431641e-07, 0.12090352922677994, -0.007579986937344074, 0.9926353693008423, 0.9086793065071106, 0.4033915400505066, -0.10759736597537994, -0.39960506558418274, 0.9149960875511169, 0.05565926060080528),
            ["UpperTorso"] = CFrame.new(-4.470348358154297e-08, -1.7881393432617188e-07, -2.9802322387695312e-08, 0.9622016549110413, 0.168675497174263, -0.2138141542673111, -0.20745791494846344, 0.9626073241233826, -0.1742079108953476, 0.17643459141254425, 0.21198058128356934, 0.9612154364585876),
            ["HumanoidRootPart"] = CFrame.new(0, 0, 0, 1, 0, 0, 0, 1, 0, 0, 0, 1),
            ["RightUpperLeg"] = CFrame.new(-2.9802322387695312e-08, -8.009374141693115e-08, -2.4047039914876223e-08, 0.9695136547088623, -0.16581720113754272, -0.18041057884693146, 0.03144418075680733, 0.8143598437309265, -0.5795078277587891, 0.24301154911518097, 0.5561678409576416, 0.7947469353675842),
            ["LeftUpperArm"] = CFrame.new(0.05343222618103027, -0.020348191261291504, -0.033262625336647034, 0.9680715203285217, 0.14935073256492615, 0.20132525265216827, -0.1066557765007019, 0.9722166061401367, -0.20837347209453583, -0.22685231268405914, 0.18024791777133942, 0.9571043848991394),
            ["RightLowerArm"] = CFrame.new(4.76837158203125e-07, 2.980232238769531e-07, -0.0000040531158447265625, 1, -0.00001604855242476333, 0.000010944905625365209, 0.000018961729438160546, 0.6820825934410095, -0.7312751412391663, 0.000004285946943127783, 0.731275200843811, 0.6820826530456543),
            ["LeftHand"] = CFrame.new(-0.0000017285346984863281, -0.0000012516975402832031, 2.980232238769531e-07, -0.14704647660255432, 0.21751223504543304, -0.9649175405502319, -0.8123998641967773, 0.5299339890480042, 0.2432621717453003, 0.5642550587654114, 0.819669783115387, 0.09878208488225937),
            ["LeftFoot"] = CFrame.new(-1.30385160446167e-08, -1.7881393432617188e-07, -3.725290298461914e-08, 0.9949936866760254, -0.09843558073043823, -0.017264626920223236, 0.08750040084123611, 0.9415280222892761, -0.32537490129470825, 0.048283666372299194, 0.3222352862358093, 0.9454274773597717),
            ["LowerTorso"] = CFrame.new(-0.26288551092147827, -0.11942934989929199, -0.17067085206508636, 0.8185760378837585, 0.10269957780838013, -0.5651425719261169, 0.05509388819336891, 0.9653121829032898, 0.2552199959754944, 0.5717499256134033, -0.24005286395549774, 0.7845231890678406),
            ["RightLowerLeg"] = CFrame.new(-8.195638656616211e-08, -0.0007262825965881348, 0.0000460546652902849, 1, 6.705524668859653e-08, -8.56816981809061e-08, -5.2154071283894154e-08, 0.7972017526626587, 0.6037130951881409, 1.1920930376163597e-07, -0.6037131547927856, 0.7972017526626587),
            ["LeftUpperLeg"] = CFrame.new(-1.7881393432617188e-07, -2.086162567138672e-07, -5.960464477539063e-08, 0.879377543926239, 0.3324753940105438, 0.34081557393074036, -0.02883162349462509, 0.7516818046569824, -0.6588954925537109, -0.4752514362335205, 0.5695915222167969, 0.6705979704856873),
            ["LeftLowerLeg"] = CFrame.new(-1.6391277313232422e-07, -0.0007265210151672363, 0.00008095055818557739, 1, 5.587936158235607e-08, -2.2351741790771484e-08, -9.872020712009544e-08, 0.6964932680130005, 0.7175633907318115, 3.725290653733282e-08, -0.717563271522522, 0.6964932680130005),
        }},
        {Time = 0.033, Data = {
            ["RightFoot"] = CFrame.new(1.4901161193847656e-07, -1.1920928955078125e-07, -3.9282895158976316e-08, 0.9934953451156616, 0.10295601189136505, 0.0486520379781723, -0.08994646370410919, 0.9715301990509033, -0.21917718648910522, -0.06983297318220139, 0.21337538957595825, 0.974471390247345),
            ["LeftLowerArm"] = CFrame.new(0.0000013113021850585938, 1.7881393432617188e-07, 0.000004991888999938965, 1, 1.7881393432617188e-07, 5.4016709327697754e-08, -1.4901162614933128e-07, 0.9995908141136169, -0.028607048094272614, -1.5459956159702415e-07, 0.028607025742530823, 0.9995908141136169),
            ["RightUpperArm"] = CFrame.new(0.0037384629249572754, -0.0022290945053100586, -0.0486983060836792, 0.8789816498756409, -0.16840937733650208, -0.44612717628479004, 0.13689598441123962, 0.985296905040741, -0.10222239047288895, 0.45678314566612244, 0.028778567910194397, 0.889112651348114),
            ["Head"] = CFrame.new(5.21540641784668e-08, -9.5367431640625e-07, 3.3527612686157227e-08, 0.6126672625541687, -0.18586775660514832, 0.7681744694709778, 0.35855475068092346, 0.931541383266449, -0.06057390943169594, -0.7043277025222778, 0.312544047832489, 0.6373687386512756),
            ["RightHand"] = CFrame.new(2.682209014892578e-07, 0.0000010132789611816406, -8.642673492431641e-07, 0.05317512899637222, -0.040874481201171875, 0.9977483749389648, 0.9183963537216187, 0.39430052042007446, -0.032792896032333374, -0.39207226037979126, 0.9180721640586853, 0.05850602313876152),
            ["UpperTorso"] = CFrame.new(-2.2351741790771484e-08, -2.980232238769531e-07, -6.705522537231445e-08, 0.9574629068374634, 0.21133868396282196, -0.1964709460735321, -0.2373439371585846, 0.9640260934829712, -0.11967232823371887, 0.1641116738319397, 0.1612129807472229, 0.9731792211532593),
            ["HumanoidRootPart"] = CFrame.new(0, 0, 0, 1, 0, 0, 0, 1, 0, 0, 0, 1),
            ["RightUpperLeg"] = CFrame.new(2.9802322387695312e-08, -2.1420419216156006e-07, 3.55576048605144e-08, 0.9631343483924866, -0.12796568870544434, -0.2366366684436798, -0.0172070674598217, 0.8485181331634521, -0.528886616230011, 0.26847022771835327, 0.5134604573249817, 0.8150350451469421),
            ["LeftUpperArm"] = CFrame.new(0.06473100185394287, -0.007041335105895996, -0.04892191290855408, 0.9896798729896545, 0.1317540556192398, 0.05634374916553497, -0.12075503915548325, 0.9785172939300537, -0.16709929704666138, -0.07714925706386566, 0.1585710197687149, 0.9843288064002991),
            ["RightLowerArm"] = CFrame.new(4.76837158203125e-07, 3.5762786865234375e-07, -0.000003926455974578857, 1, -0.000019002707631443627, 0.000003980473138653906, 0.000018950551748275757, 0.9082727432250977, -0.4183787405490875, 0.000004257773980498314, 0.41837871074676514, 0.9082727432250977),
            ["LeftHand"] = CFrame.new(-0.0000016093254089355469, -0.0000013113021850585938, 1.7881393432617188e-07, -0.12146207690238953, 0.23833909630775452, -0.9635565876960754, -0.5878955721855164, 0.7648851275444031, 0.26330500841140747, 0.7997660040855408, 0.5984524488449097, 0.04721388965845108),
            ["LeftFoot"] = CFrame.new(-5.587935447692871e-09, -1.1920928955078125e-07, -6.705522537231445e-08, 0.9928827881813049, -0.1182175949215889, -0.014437587931752205, 0.10823817551136017, 0.9462794661521912, -0.30469629168510437, 0.04968247190117836, 0.30096492171287537, 0.9523401260375977),
            ["LowerTorso"] = CFrame.new(-0.22794142365455627, -0.11222457885742188, -0.14512068033218384, 0.8349471688270569, 0.06267765164375305, -0.5467492938041687, 0.07975337654352188, 0.9692246913909912, 0.23290127515792847, 0.5445205569267273, -0.23806537687778473, 0.8042526245117188),
            ["RightLowerLeg"] = CFrame.new(-5.122274160385132e-09, -0.0007262229919433594, 0.000046080043830443174, 1, 6.705525379402388e-08, -8.195640788244418e-08, -1.4901159417490817e-08, 0.8156789541244507, 0.5785046815872192, 1.7881390590446244e-07, -0.5785049200057983, 0.8156790137290955),
            ["LeftUpperLeg"] = CFrame.new(-5.960464477539063e-08, -3.0547380447387695e-07, -2.9802322387695312e-08, 0.8869777321815491, 0.3628254532814026, 0.28570660948753357, -0.08837009966373444, 0.7405790686607361, -0.6661331653594971, -0.4532782733440399, 0.5655973553657532, 0.6889400482177734),
            ["LeftLowerLeg"] = CFrame.new(-2.9802322387695312e-08, -0.0007266402244567871, 0.00008105486631393433, 1, 8.568168397005138e-08, 0, -7.078050145992165e-08, 0.6978814601898193, 0.7162134051322937, -1.4901157641133977e-08, -0.7162133455276489, 0.6978814005851746),
        }},
        {Time = 0.067, Data = {
            ["RightFoot"] = CFrame.new(1.955777406692505e-07, -1.1920928955078125e-07, 9.145878721028566e-09, 0.9947485327720642, 0.08571501076221466, 0.05593263357877731, -0.07176089286804199, 0.9737536907196045, -0.21599571406841278, -0.07297884672880173, 0.21084752678871155, 0.9747909307479858),
            ["LeftLowerArm"] = CFrame.new(0.000001430511474609375, -1.1920928955078125e-07, 0.000004738569259643555, 1, 1.4156104555240745e-07, 8.381903882082042e-08, -1.1920931797249068e-07, 0.9995907545089722, -0.028607014566659927, -1.1362138252479781e-07, 0.028607062995433807, 0.9995907545089722),
            ["RightUpperArm"] = CFrame.new(0.018476784229278564, -0.010682463645935059, -0.06021396815776825, 0.836583137512207, -0.1378042846918106, -0.5302252769470215, 0.12112399190664291, 0.9904208183288574, -0.06629977375268936, 0.5342825055122375, -0.008757791481912136, 0.845260739326477),
            ["Head"] = CFrame.new(7.450580596923828e-08, -9.5367431640625e-07, -2.2351741790771484e-08, 0.6604918837547302, -0.19980889558792114, 0.7237588763237, 0.3777789771556854, 0.9214758276939392, -0.09036313742399216, -0.6488710045814514, 0.33310484886169434, 0.6841108202934265),
            ["RightHand"] = CFrame.new(1.9371509552001953e-07, 0.0000010132789611816406, -7.450580596923828e-07, 0.01371912844479084, -0.13035574555397034, 0.9913724064826965, 0.8863199353218079, 0.4605483412742615, 0.048292312771081924, -0.46287015080451965, 0.878010630607605, 0.12185537070035934),
            ["UpperTorso"] = CFrame.new(-7.450580596923828e-09, -8.940696716308594e-08, 5.21540641784668e-08, 0.957214891910553, 0.2354079931974411, -0.16829423606395721, -0.2523575723171234, 0.9636826515197754, -0.08735838532447815, 0.14161746203899384, 0.1260911524295807, 0.9818582534790039),
            ["HumanoidRootPart"] = CFrame.new(0, 0, 0, 1, 0, 0, 0, 1, 0, 0, 0, 1),
            ["RightUpperLeg"] = CFrame.new(2.9802322387695312e-08, -7.35744833946228e-08, 5.790934665128589e-08, 0.9555455446243286, -0.09987872838973999, -0.2774113416671753, -0.050793711096048355, 0.8710455298423767, -0.488569051027298, 0.2904355823993683, 0.4809405505657196, 0.8272504806518555),
            ["LeftUpperArm"] = CFrame.new(0.07962942123413086, 0.007161736488342285, -0.05956743657588959, 0.993261456489563, 0.11553836613893509, 0.0090866694226861, -0.11225306987762451, 0.9785863757133484, -0.1725347340106964, -0.028826557099819183, 0.1703519970178604, 0.9849616289138794),
            ["RightLowerArm"] = CFrame.new(2.384185791015625e-07, 5.960464477539063e-08, -0.000003874301910400391, 1, -0.000019405038983677514, -6.519259798665189e-09, 0.000018924474716186523, 0.9753174781799316, -0.2208075374364853, 0.000004309229552745819, 0.22080746293067932, 0.9753174781799316),
            ["LeftHand"] = CFrame.new(-0.0000015497207641601562, -0.0000011324882507324219, 2.5331974029541016e-07, -0.0787288025021553, 0.1808624267578125, -0.9803522825241089, -0.3882961571216583, 0.9001761674880981, 0.19725395739078522, 0.9181654453277588, 0.396196573972702, -0.0006417041295208037),
            ["LeftFoot"] = CFrame.new(-1.862645149230957e-08, -5.960464477539063e-08, 8.195638656616211e-08, 0.9902214407920837, -0.13897071778774261, -0.012197377160191536, 0.13042746484279633, 0.9532666802406311, -0.27252766489982605, 0.04950049892067909, 0.2682717740535736, 0.9620707035064697),
            ["LowerTorso"] = CFrame.new(-0.19073477387428284, -0.1070789098739624, -0.11972109973430634, 0.8461999893188477, 0.03979448601603508, -0.5313774943351746, 0.08991747349500656, 0.9722440838813782, 0.21600109338760376, 0.5252242088317871, -0.23056025803089142, 0.8191346526145935),
            ["RightLowerLeg"] = CFrame.new(-8.940696716308594e-08, -0.0007263422012329102, 0.00004617294325726107, 1, 2.23517560016262e-08, 8.940698847936801e-08, -4.470348358154297e-08, 0.8279572129249573, 0.5607913136482239, 1.601874828338623e-07, -0.5607913732528687, 0.8279571533203125),
            ["LeftUpperLeg"] = CFrame.new(-1.1920928955078125e-07, -2.775341272354126e-07, -2.9802322387695312e-08, 0.8909313082695007, 0.38196396827697754, 0.24565242230892181, -0.13242730498313904, 0.735919713973999, -0.6639917492866516, -0.4344013035297394, 0.5590399503707886, 0.7062363624572754),
            ["LeftLowerLeg"] = CFrame.new(3.725290298461914e-08, -0.0007263422012329102, 0.00008105486631393433, 1, 2.6077035641947077e-08, 8.940695295223122e-08, -5.5879368687783426e-08, 0.7069929838180542, 0.7072206735610962, 5.960465898624534e-08, -0.7072206139564514, 0.7069928646087646),
        }},
        {Time = 0.100, Data = {
            ["RightFoot"] = CFrame.new(1.6577541828155518e-07, -5.960464477539063e-08, 2.7772330213338137e-08, 0.9954162836074829, 0.070919468998909, 0.0641639307141304, -0.05432768538594246, 0.9714553356170654, -0.23091813921928406, -0.07870875298976898, 0.22637349367141724, 0.970855176448822),
            ["LeftLowerArm"] = CFrame.new(0.0000015497207641601562, -4.172325134277344e-07, 0.000004738569259643555, 1, 1.4156104555240745e-07, 8.568168397005138e-08, -1.7136336794010276e-07, 0.9995908141136169, -0.02860698476433754, -1.5739352932087058e-07, 0.02860703319311142, 0.9995907545089722),
            ["RightUpperArm"] = CFrame.new(0.02781808376312256, -0.017107486724853516, -0.06737656891345978, 0.7826539874076843, -0.11329846829175949, -0.6120588779449463, 0.10885423421859741, 0.9930552840232849, -0.04463014379143715, 0.6128650903701782, -0.03169528767466545, 0.789551854133606),
            ["Head"] = CFrame.new(2.9802322387695312e-08, -0.0000011920928955078125, 7.450580596923828e-09, 0.6950281858444214, -0.20735707879066467, 0.6884320378303528, 0.3865222930908203, 0.9151342511177063, -0.11458586156368256, -0.6062477231025696, 0.3457346260547638, 0.7161923050880432),
            ["RightHand"] = CFrame.new(3.427267074584961e-07, 0.0000011920928955078125, -7.972121238708496e-07, 0.07114587724208832, -0.25656458735466003, 0.9639049768447876, 0.7909720540046692, 0.6032583117485046, 0.10218892991542816, -0.60770183801651, 0.7551517486572266, 0.24585509300231934),
            ["UpperTorso"] = CFrame.new(-9.313225746154785e-10, -5.066394805908203e-07, -1.4901161193847656e-08, 0.9614778161048889, 0.23938247561454773, -0.13511694967746735, -0.25018712878227234, 0.9657074809074402, -0.06939255446195602, 0.11387189477682114, 0.10052396357059479, 0.9883968234062195),
            ["HumanoidRootPart"] = CFrame.new(0, 0, 0, 1, 0, 0, 0, 1, 0, 0, 0, 1),
            ["RightUpperLeg"] = CFrame.new(-2.9802322387695312e-08, -2.2910535335540771e-07, -5.3849362302571535e-08, 0.9481463432312012, -0.08165334165096283, -0.3071669340133667, -0.0722515806555748, 0.8857617974281311, -0.458482027053833, 0.3095129430294037, 0.4569013714790344, 0.833932101726532),
            ["LeftUpperArm"] = CFrame.new(0.08947253227233887, 0.018155455589294434, -0.06644149124622345, 0.9940659999847412, 0.10175750404596329, -0.038448262959718704, -0.10697543621063232, 0.9785812497138977, -0.17588390409946442, 0.019727343693375587, 0.17895326018333435, 0.9836597442626953),
            ["RightLowerArm"] = CFrame.new(1.4901161193847656e-07, 4.76837158203125e-07, -0.000003844499588012695, 1, -0.000019254164726589806, -0.000002262415819132002, 0.000018918888599728234, 0.9943642616271973, -0.10601741820573807, 0.000004303642072045477, 0.10601744055747986, 0.994364321231842),
            ["LeftHand"] = CFrame.new(-0.0000013113021850585938, -0.0000011920928955078125, 3.129243850708008e-07, -0.040134772658348083, 0.09866137057542801, -0.9943114519119263, -0.24222815036773682, 0.964468777179718, 0.10547769069671631, 0.9693888425827026, 0.2450835108757019, -0.014810278080403805),
            ["LeftFoot"] = CFrame.new(2.2351741790771484e-08, -5.960464477539063e-08, -2.2351741790771484e-08, 0.9870883822441101, -0.15982240438461304, -0.010645771399140358, 0.15288344025611877, 0.9598881006240845, -0.23503528535366058, 0.04778289049863815, 0.2303728312253952, 0.9719285368919373),
            ["LowerTorso"] = CFrame.new(-0.1536533385515213, -0.10384750366210938, -0.09555208683013916, 0.8536457419395447, 0.033526692539453506, -0.5197739005088806, 0.08732375502586365, 0.9745890498161316, 0.20627868175506592, 0.5134817361831665, -0.22147758305072784, 0.8290259838104248),
            ["RightLowerLeg"] = CFrame.new(2.60770320892334e-08, -0.0007264614105224609, 0.000045971777581144124, 1, 1.4901166878189542e-07, -6.705523247774181e-08, -3.725290653733282e-08, 0.838304877281189, 0.5452019572257996, 1.1175872316471214e-07, -0.5452017784118652, 0.8383048176765442),
            ["LeftUpperLeg"] = CFrame.new(5.960464477539063e-08, -3.46451997756958e-07, -5.960464477539063e-08, 0.8931905627250671, 0.390646755695343, 0.22272354364395142, -0.1601206213235855, 0.7391259670257568, -0.6542584896087646, -0.4202048182487488, 0.548714816570282, 0.7227309346199036),
            ["LeftLowerLeg"] = CFrame.new(-3.725290298461914e-08, -0.0007267594337463379, 0.00008106231689453125, 1, 5.215407838932151e-08, 2.2351738238057806e-08, -4.470347647611561e-08, 0.7265580296516418, 0.6871054172515869, -2.9802318834981634e-08, -0.687105119228363, 0.7265577912330627),
        }},
        {Time = 0.133, Data = {
            ["RightFoot"] = CFrame.new(1.3969838619232178e-07, -5.960464477539063e-08, 5.3849362302571535e-08, 0.9961180090904236, 0.05290058255195618, 0.07035922259092331, -0.03310193493962288, 0.9657245874404907, -0.25744983553886414, -0.08156705647706985, 0.2541210651397705, 0.9637266993522644),
            ["LeftLowerArm"] = CFrame.new(0.0000016689300537109375, -0.0000011324882507324219, 0.0000047460198402404785, 1, 1.6391277313232422e-07, 2.039596438407898e-07, -1.564621925354004e-07, 0.9995907545089722, -0.02860701084136963, -1.1781230568885803e-07, 0.02860705368220806, 0.9995908141136169),
            ["RightUpperArm"] = CFrame.new(0.030967235565185547, -0.023962736129760742, -0.0724993646144867, 0.7270435690879822, -0.09260232001543045, -0.6803181767463684, 0.09802477806806564, 0.994712233543396, -0.030639300122857094, 0.6795578002929688, -0.04441193491220474, 0.7322762608528137),
            ["Head"] = CFrame.new(0, -9.5367431640625e-07, 4.470348358154297e-08, 0.7247235178947449, -0.20695310831069946, 0.6572265028953552, 0.38872089982032776, 0.9103498458862305, -0.14198368787765503, -0.568921685218811, 0.3583764135837555, 0.7401986122131348),
            ["RightHand"] = CFrame.new(3.427267074584961e-07, 0.0000011920928955078125, -7.748603820800781e-07, 0.27006834745407104, -0.31313061714172363, 0.9105009436607361, 0.6180118918418884, 0.7815102934837341, 0.08545782417058945, -0.7383253574371338, 0.5396209955215454, 0.4045799970626831),
            ["UpperTorso"] = CFrame.new(2.2351741790771484e-08, -2.9802322387695312e-08, -1.1175870895385742e-08, 0.9705772995948792, 0.21930666267871857, -0.09942054003477097, -0.22516435384750366, 0.9729329943656921, -0.0519869364798069, 0.08532815426588058, 0.07284330576658249, 0.9936865568161011),
            ["HumanoidRootPart"] = CFrame.new(0, 0, 0, 1, 0, 0, 0, 1, 0, 0, 0, 1),
            ["RightUpperLeg"] = CFrame.new(0, -3.2223761081695557e-07, -1.6596459317952394e-08, 0.9452484250068665, -0.08174721896648407, -0.31594711542129517, -0.07591460645198822, 0.8864852786064148, -0.4564872980117798, 0.31739944219589233, 0.45547905564308167, 0.8317432403564453),
            ["LeftUpperArm"] = CFrame.new(0.09338927268981934, 0.02760624885559082, -0.07157379388809204, 0.9924951791763306, 0.09314991533756256, -0.07922413945198059, -0.10609264671802521, 0.9780991077423096, -0.17907153069972992, 0.06080879643559456, 0.18613269925117493, 0.9806411862373352),
            ["RightLowerArm"] = CFrame.new(1.7881393432617188e-07, 8.940696716308594e-07, -0.0000037550926208496094, 1, -0.00001914426866278518, -0.0000030696387511852663, 0.000018900262148235925, 0.997940182685852, -0.06415294110774994, 0.000004284084297978552, 0.06415286660194397, 0.9979401230812073),
            ["LeftHand"] = CFrame.new(-0.0000013113021850585938, -0.0000012516975402832031, 2.682209014892578e-07, -0.01776461862027645, 0.02547271177172661, -0.9995177388191223, -0.11427643895149231, 0.9930727481842041, 0.027339614927768707, 0.9932901859283447, 0.11470694839954376, -0.014730691909790039),
            ["LeftFoot"] = CFrame.new(-2.60770320892334e-08, -1.1920928955078125e-07, 3.725290298461914e-09, 0.9837951064109802, -0.17898514866828918, -0.010563239455223083, 0.17370837926864624, 0.9660719037055969, -0.19112971425056458, 0.0444144681096077, 0.18619735538959503, 0.9815079569816589),
            ["LowerTorso"] = CFrame.new(-0.11926617473363876, -0.10307085514068604, -0.07295531034469604, 0.8553066849708557, 0.042245469987392426, -0.5163969397544861, 0.06969667971134186, 0.9782308340072632, 0.19546560943126678, 0.5134130120277405, -0.2031741887331009, 0.8337429761886597),
            ["RightLowerLeg"] = CFrame.new(3.91155481338501e-08, -0.0007266998291015625, 0.00004607794835465029, 1, 1.49011640360186e-07, -1.5180559387317771e-07, -6.332992086299782e-08, 0.8258894085884094, 0.56383216381073, 9.313223969797946e-09, -0.5638321042060852, 0.8258894085884094),
            ["LeftUpperLeg"] = CFrame.new(0, -9.313225746154785e-08, 2.9802322387695312e-08, 0.8940953016281128, 0.3886900842189789, 0.22251644730567932, -0.17089971899986267, 0.7553156614303589, -0.6326858401298523, -0.41398921608924866, 0.527653694152832, 0.741751492023468),
            ["LeftLowerLeg"] = CFrame.new(-8.940696716308594e-08, -0.0007262229919433594, 0.00008097290992736816, 1, 7.63684582238966e-08, 2.6077039194660756e-08, -8.195639367158947e-08, 0.752862274646759, 0.6581783294677734, 7.450581485102248e-09, -0.6581782102584839, 0.7528621554374695),
        }},
        {Time = 0.167, Data = {
            ["RightFoot"] = CFrame.new(2.1979212760925293e-07, -1.1920928955078125e-07, 2.4047039914876223e-08, 0.9965888857841492, 0.033675722777843475, 0.07534269988536835, -0.010140064172446728, 0.9560046792030334, -0.29317617416381836, -0.08190121501684189, 0.29141199588775635, 0.9530851244926453),
            ["LeftLowerArm"] = CFrame.new(0.000001430511474609375, 2.384185791015625e-07, 0.000004902482032775879, 1, 1.7881390590446244e-07, 1.4156103134155273e-07, -1.564622067462551e-07, 0.9995907545089722, -0.028607025742530823, -1.0430814256778831e-07, 0.028607090935111046, 0.9995907545089722),
            ["RightUpperArm"] = CFrame.new(0.02877187728881836, -0.030993342399597168, -0.07692155241966248, 0.6868798136711121, -0.07876338809728622, -0.7224903702735901, 0.09274258464574814, 0.9954821467399597, -0.020352322608232498, 0.7208293080329895, -0.053026050329208374, 0.6910812854766846),
            ["Head"] = CFrame.new(4.470348358154297e-08, -7.152557373046875e-07, -2.9802322387695312e-08, 0.7403532266616821, -0.19986525177955627, 0.6418184638023376, 0.3902220129966736, 0.9052192568778992, -0.1682412475347519, -0.5473609566688538, 0.3750094473361969, 0.748173713684082),
            ["RightHand"] = CFrame.new(2.2351741790771484e-07, 9.5367431640625e-07, -6.92903995513916e-07, 0.5121294260025024, -0.2575722932815552, 0.8193773627281189, 0.3715253472328186, 0.9265431761741638, 0.05904840677976608, -0.7743980288505554, 0.2741791009902954, 0.5702053308486938),
            ["UpperTorso"] = CFrame.new(-5.587935447692871e-08, -1.4901161193847656e-07, -2.60770320892334e-08, 0.9787259697914124, 0.19310663640499115, -0.06932144612073898, -0.19437630474567413, 0.9808535575866699, -0.012001050636172295, 0.06567671149969101, 0.025220230221748352, 0.997522234916687),
            ["HumanoidRootPart"] = CFrame.new(0, 0, 0, 1, 0, 0, 0, 1, 0, 0, 0, 1),
            ["RightUpperLeg"] = CFrame.new(0, -1.424923539161682e-07, 8.77116690389812e-08, 0.9478150010108948, -0.08133044093847275, -0.30827248096466064, -0.0703069269657135, 0.889792799949646, -0.4509167969226837, 0.31097209453582764, 0.44905930757522583, 0.8376408815383911),
            ["LeftUpperArm"] = CFrame.new(0.09227097034454346, 0.03714728355407715, -0.07605412602424622, 0.9910935759544373, 0.08863133192062378, -0.09938835352659225, -0.10587804019451141, 0.9771247506141663, -0.1844378262758255, 0.08076788485050201, 0.19331815838813782, 0.9778060913085938),
            ["RightLowerArm"] = CFrame.new(1.7881393432617188e-07, 3.5762786865234375e-07, -0.000003986060619354248, 1, -0.000019092120055574924, -0.000003402122274565045, 0.000018903987438534386, 0.998948872089386, -0.0458386093378067, 0.000004284084297978552, 0.045838579535484314, 0.998948872089386),
            ["LeftHand"] = CFrame.new(-0.0000013709068298339844, -0.0000011920928955078125, 2.980232238769531e-07, -0.014741053804755211, -0.005325989332050085, -0.9998771548271179, 0.011180156841874123, 0.9999224543571472, -0.005491090007126331, 0.9998289346694946, -0.011259767226874828, -0.014680499210953712),
            ["LeftFoot"] = CFrame.new(-4.0978193283081055e-08, -2.384185791015625e-07, -9.313225746154785e-08, 0.9799713492393494, -0.1989937424659729, -0.0076029859483242035, 0.19537973403930664, 0.9681538343429565, -0.15654151141643524, 0.038511499762535095, 0.15192070603370667, 0.9876421093940735),
            ["LowerTorso"] = CFrame.new(-0.0877300500869751, -0.1088252067565918, -0.052825070917606354, 0.8486185669898987, 0.04474988207221031, -0.5271091461181641, 0.05173994600772858, 0.9846171736717224, 0.1668895035982132, 0.5264689326286316, -0.16889813542366028, 0.833249032497406),
            ["RightLowerLeg"] = CFrame.new(-4.0978193283081055e-08, -0.0007265210151672363, 0.000046090986870694906, 1, 1.601875823098453e-07, -1.471489667892456e-07, -3.539026138810186e-08, 0.805172324180603, 0.5930408239364624, 8.754432911928234e-08, -0.5930410623550415, 0.8051723837852478),
            ["LeftUpperLeg"] = CFrame.new(-1.4901161193847656e-07, -1.825392246246338e-07, -2.9802322387695312e-08, 0.8909183144569397, 0.3931565582752228, 0.2273600995540619, -0.1878686249256134, 0.7748046517372131, -0.6036415100097656, -0.4134851396083832, 0.49508148431777954, 0.7641494274139404),
            ["LeftLowerLeg"] = CFrame.new(-2.2351741790771484e-08, -0.0007266402244567871, 0.00008101761341094971, 1, 5.960465898624534e-08, 5.587936158235607e-08, -2.9802315282267955e-08, 0.7613061666488647, 0.6483927965164185, 5.960463056453591e-08, -0.6483927369117737, 0.76130610704422),
        }},
        {Time = 0.200, Data = {
            ["RightFoot"] = CFrame.new(1.7415732145309448e-07, 5.960464477539063e-08, 3.242894308641553e-08, 0.9969667196273804, 0.015588116832077503, 0.07625242322683334, 0.010291620157659054, 0.944730281829834, -0.3276873230934143, -0.07714590430259705, 0.3274780213832855, 0.9417041540145874),
            ["LeftLowerArm"] = CFrame.new(0.0000016093254089355469, -5.960464477539063e-08, 0.000004781410098075867, 1, 1.9371509552001953e-07, 4.656612428988183e-09, -1.4156104555240745e-07, 0.9995907545089722, -0.028607018291950226, -1.0780060222259635e-07, 0.028607070446014404, 0.9995907545089722),
            ["RightUpperArm"] = CFrame.new(0.02115011215209961, -0.034577250480651855, -0.0786861777305603, 0.6737964153289795, -0.07729320228099823, -0.7348635792732239, 0.10187811404466629, 0.9947336912155151, -0.01121439877897501, 0.7318602204322815, -0.06731028109788895, 0.6781222820281982),
            ["Head"] = CFrame.new(-8.195638656616211e-08, -8.344650268554688e-07, 4.470348358154297e-08, 0.7395117282867432, -0.18864226341247559, 0.6461707949638367, 0.3916735351085663, 0.9012870788574219, -0.18513144552707672, -0.5474615693092346, 0.3899945020675659, 0.7403984069824219),
            ["RightHand"] = CFrame.new(2.1606683731079102e-07, 0.000001430511474609375, -8.121132850646973e-07, 0.6774083971977234, -0.13427692651748657, 0.7232473492622375, 0.1590300351381302, 0.9866800904273987, 0.034234702587127686, -0.7182111740112305, 0.09182717651128769, 0.6897400617599487),
            ["UpperTorso"] = CFrame.new(7.450580596923828e-09, -3.2782554626464844e-07, 2.7939677238464355e-08, 0.982646644115448, 0.17741109430789948, -0.054138489067554474, -0.17529438436031342, 0.983634352684021, 0.04165683314204216, 0.06064310297369957, -0.03144373744726181, 0.9976641535758972),
            ["HumanoidRootPart"] = CFrame.new(0, 0, 0, 1, 0, 0, 0, 1, 0, 0, 0, 1),
            ["RightUpperLeg"] = CFrame.new(0, -1.2293457984924316e-07, 1.3205863069742918e-08, 0.9544274210929871, -0.07332133501768112, -0.28929632902145386, -0.06605403870344162, 0.8934128284454346, -0.4443540573120117, 0.29104167222976685, 0.44321274757385254, 0.847854495048523),
            ["LeftUpperArm"] = CFrame.new(0.08551394939422607, 0.04437601566314697, -0.07782244682312012, 0.9917863607406616, 0.08709981292486191, -0.09366751462221146, -0.1034136638045311, 0.9769999384880066, -0.18648584187030792, 0.07527001947164536, 0.19464042782783508, 0.9779823422431946),
            ["RightLowerArm"] = CFrame.new(1.7881393432617188e-07, 1.1920928955078125e-07, -0.0000037923455238342285, 1, -0.000019120054275845177, -0.0000032726675271987915, 0.000018881632058764808, 0.9985927939414978, -0.05303392559289932, 0.000004295259259379236, 0.0530339851975441, 0.9985927939414978),
            ["LeftHand"] = CFrame.new(-0.0000013709068298339844, -0.0000013709068298339844, 2.086162567138672e-07, 0.018236620351672173, 0.005746685434132814, -0.9998172521591187, 0.09739390760660172, 0.9952177405357361, 0.007496749982237816, 0.9950788617134094, -0.0975128710269928, 0.01758965291082859),
            ["LeftFoot"] = CFrame.new(1.1175870895385742e-08, -2.980232238769531e-07, 1.4901161193847656e-08, 0.9750840067863464, -0.2218356728553772, -0.00032810503034852445, 0.21888598799705505, 0.9623562097549438, -0.16111984848976135, 0.03605789318680763, 0.1570337563753128, 0.9869349002838135),
            ["LowerTorso"] = CFrame.new(-0.05885516107082367, -0.12289679050445557, -0.03691890090703964, 0.8362403512001038, 0.03426360711455345, -0.5472916960716248, 0.04231059551239014, 0.9910391569137573, 0.1266936957836151, 0.5467284321784973, -0.12910261750221252, 0.8272971510887146),
            ["RightLowerLeg"] = CFrame.new(-7.171183824539185e-08, -0.0007264614105224609, 0.00004611892654793337, 1, 9.313231430496671e-08, 9.080396878857755e-09, -5.7742006731587026e-08, 0.7724215388298035, 0.6351103782653809, 6.565824861581859e-08, -0.6351103186607361, 0.7724214196205139),
            ["LeftUpperLeg"] = CFrame.new(2.9802322387695312e-08, -4.4889748096466064e-07, 0, 0.8817568421363831, 0.4079524576663971, 0.23681165277957916, -0.21607302129268646, 0.7955830693244934, -0.566003680229187, -0.4193060100078583, 0.4479089379310608, 0.78965824842453),
            ["LeftLowerLeg"] = CFrame.new(-1.043081283569336e-07, -0.000726163387298584, 0.00008100271224975586, 1, 1.303851426825986e-08, 6.332992086299782e-08, -5.215404996761208e-08, 0.7614155411720276, 0.6482641100883484, 5.960463056453591e-08, -0.6482641100883484, 0.7614156007766724),
        }},
        {Time = 0.233, Data = {
            ["RightFoot"] = CFrame.new(1.8486753106117249e-07, -1.7881393432617188e-07, -4.358298610895872e-09, 0.9972528219223022, -0.003619586117565632, 0.07398535311222076, 0.029260650277137756, 0.9368236064910889, -0.3485763370990753, -0.06804925203323364, 0.34978362917900085, 0.9343557357788086),
            ["LeftLowerArm"] = CFrame.new(0.0000013709068298339844, -7.152557373046875e-07, 0.000004686415195465088, 1, 1.564622067462551e-07, 1.4057152952773322e-07, -1.415610029198433e-07, 0.9995908141136169, -0.02860703133046627, -1.7229463367129938e-07, 0.028607036918401718, 0.9995908141136169),
            ["RightUpperArm"] = CFrame.new(0.014280438423156738, -0.03841888904571533, -0.07901713252067566, 0.6832565665245056, -0.083887979388237, -0.7253434062004089, 0.1266629546880722, 0.9919352531433105, 0.0045935926027596, 0.719108521938324, -0.09501273930072784, 0.688372015953064),
            ["Head"] = CFrame.new(-4.470348358154297e-08, -8.344650268554688e-07, 2.9802322387695312e-08, 0.7127640843391418, -0.1643199771642685, 0.681884229183197, 0.38710734248161316, 0.9028587341308594, -0.1870676726102829, -0.5849063396453857, 0.39729738235473633, 0.7071348428726196),
            ["RightHand"] = CFrame.new(2.4586915969848633e-07, 0.0000011920928955078125, -8.419156074523926e-07, 0.7618447542190552, -0.07832211256027222, 0.6430066227912903, 0.08708514273166656, 0.9960356950759888, 0.018143245950341225, -0.6418790817260742, 0.04217403754591942, 0.7656456828117371),
            ["UpperTorso"] = CFrame.new(-3.725290298461914e-09, 1.1920928955078125e-07, 3.073364496231079e-08, 0.984125554561615, 0.169268399477005, -0.05334002524614334, -0.16459344327449799, 0.9829133749008179, 0.08240444213151932, 0.06637692451477051, -0.07231688499450684, 0.995170533657074),
            ["HumanoidRootPart"] = CFrame.new(0, 0, 0, 1, 0, 0, 0, 1, 0, 0, 0, 1),
            ["RightUpperLeg"] = CFrame.new(0, -2.421438694000244e-07, -1.6596459317952394e-08, 0.961798906326294, -0.06924466043710709, -0.26485520601272583, -0.06474366784095764, 0.8824998736381531, -0.4658351242542267, 0.26599112153053284, 0.4651871919631958, 0.8443041443824768),
            ["LeftUpperArm"] = CFrame.new(0.07952558994293213, 0.05019843578338623, -0.07817569375038147, 0.9849714040756226, 0.1178983747959137, -0.12621939182281494, -0.1371939331293106, 0.9780108332633972, -0.157075434923172, 0.10492530465126038, 0.17203132808208466, 0.9794876575469971),
            ["RightLowerArm"] = CFrame.new(4.172325134277344e-07, 9.5367431640625e-07, -0.0000037103891372680664, 1, -0.000019230885300203227, -0.000002406537760180072, 0.000018892813386628404, 0.9951878786087036, -0.09798547625541687, 0.000004295260623621289, 0.09798549115657806, 0.9951878786087036),
            ["LeftHand"] = CFrame.new(-0.0000013709068298339844, -9.5367431640625e-07, 3.650784492492676e-07, 0.025861715897917747, -0.01373806782066822, -0.9995711445808411, 0.18093284964561462, 0.9834557771682739, -0.008835336193442345, 0.9831554293632507, -0.18062682449817657, 0.02791960909962654),
            ["LeftFoot"] = CFrame.new(7.450580596923828e-09, -2.384185791015625e-07, -1.862645149230957e-08, 0.9697628021240234, -0.24386155605316162, 0.009574796073138714, 0.24116966128349304, 0.9515726566314697, -0.19064821302890778, 0.03738066926598549, 0.18719297647476196, 0.9816117882728577),
            ["LowerTorso"] = CFrame.new(-0.03557111322879791, -0.14360761642456055, -0.02636474370956421, 0.8224062323570251, 0.023614084348082542, -0.568410336971283, 0.03641614317893982, 0.9949040412902832, 0.09402117133140564, 0.5677339434623718, -0.0980229303240776, 0.8173552751541138),
            ["RightLowerLeg"] = CFrame.new(-3.119930624961853e-08, -0.0007264018058776855, 0.00004616176738636568, 1, 1.6717245898689725e-07, -7.601923357469786e-08, -7.078051567077637e-08, 0.7092639803886414, 0.7049428224563599, 7.89295881986618e-08, -0.7049430012702942, 0.7092642188072205),
            ["LeftUpperLeg"] = CFrame.new(0, -9.872019290924072e-08, 0, 0.8711287975311279, 0.4258844554424286, 0.24445262551307678, -0.24228627979755402, 0.8057698011398315, -0.5404002666473389, -0.4271206855773926, 0.41153058409690857, 0.805115282535553),
            ["LeftLowerLeg"] = CFrame.new(1.4156103134155273e-07, -0.0007265806198120117, 0.00008094310760498047, 1, 7.450579886381092e-08, 5.21540641784668e-08, -3.725290298461914e-08, 0.7481538653373718, 0.6635249853134155, 2.2351741790771484e-08, -0.6635253429412842, 0.7481541633605957),
        }},
        {Time = 0.267, Data = {
            ["RightFoot"] = CFrame.new(1.4388933777809143e-07, -1.7881393432617188e-07, 2.7772330213338137e-08, 0.9973910450935364, -0.017594702541828156, 0.0700116977095604, 0.04243452474474907, 0.9274873733520508, -0.3714384436607361, -0.05839941278100014, 0.3734404146671295, 0.925814151763916),
            ["LeftLowerArm"] = CFrame.new(0.0000018477439880371094, -0.000001430511474609375, 0.000004887580871582031, 1, 1.4156104555240745e-07, 1.1548401346317405e-07, -1.1920931797249068e-07, 0.9714376926422119, -0.237295001745224, -8.56816981809061e-08, 0.2372950315475464, 0.9714376330375671),
            ["RightUpperArm"] = CFrame.new(0.012973964214324951, -0.04358100891113281, -0.08092859387397766, 0.7000068426132202, -0.09628404676914215, -0.7076155543327332, 0.15801948308944702, 0.9871910214424133, 0.02199501171708107, 0.6964340209960938, -0.1272137314081192, 0.706255316734314),
            ["Head"] = CFrame.new(-2.9802322387695312e-08, -8.344650268554688e-07, 5.21540641784668e-08, 0.6842601299285889, -0.13360585272312164, 0.7168943285942078, 0.3713539242744446, 0.9099000692367554, -0.184873566031456, -0.6276021599769592, 0.3927229940891266, 0.6722234487533569),
            ["RightHand"] = CFrame.new(-5.960464477539063e-08, 0.0000013113021850585938, -6.556510925292969e-07, 0.825900673866272, -0.03756216913461685, 0.5625627040863037, 0.03820730745792389, 0.999213457107544, 0.010624916292726994, -0.5625197291374207, 0.012718969956040382, 0.8266863822937012),
            ["UpperTorso"] = CFrame.new(-3.725290298461914e-09, 5.960464477539063e-08, -6.05359673500061e-09, 0.9838716983795166, 0.1677735447883606, -0.06203790754079819, -0.16059111058712006, 0.9812300205230713, 0.10676273703575134, 0.0787854939699173, -0.0950780063867569, 0.992347240447998),
            ["HumanoidRootPart"] = CFrame.new(0, 0, 0, 1, 0, 0, 0, 1, 0, 0, 0, 1),
            ["RightUpperLeg"] = CFrame.new(0, -2.4400651454925537e-07, -6.129994289949536e-08, 0.9663496613502502, -0.07223936915397644, -0.24688048660755157, -0.06377597898244858, 0.8625063896179199, -0.5020116567611694, 0.2492007613182068, 0.5008635520935059, 0.8288754224777222),
            ["LeftUpperArm"] = CFrame.new(0.07930350303649902, 0.05564427375793457, -0.08035753667354584, 0.9830319881439209, 0.1755116879940033, -0.053326740860939026, -0.18080709874629974, 0.9761297702789307, -0.12033142149448395, 0.030934322625398636, 0.12793150544166565, 0.9913004636764526),
            ["RightLowerArm"] = CFrame.new(2.682209014892578e-07, 3.5762786865234375e-07, -0.000003948807716369629, 1, -0.000019373372197151184, -8.307397365570068e-07, 0.000018902122974395752, 0.9837969541549683, -0.17928621172904968, 0.000004306435585021973, 0.1792861670255661, 0.983797013759613),
            ["LeftHand"] = CFrame.new(-0.0000013113021850585938, -0.0000010728836059570312, 1.4901161193847656e-07, -0.003478445578366518, -0.06797415763139725, -0.9976810812950134, 0.27115967869758606, 0.9602435231208801, -0.0663689523935318, 0.9625281691551208, -0.27076178789138794, 0.015091697685420513),
