return {
    ["Bhangra Boogie"] = {
        {Time = 0.000, Data = {
            ["RightFoot"] = CFrame.new(2.468004822731018e-08, 2.980232238769531e-07, 3.5688572097569704e-08, 0.9718174338340759, 0.0950680747628212, -0.21571476757526398, -0.11466357856988907, 0.9901623725891113, -0.08019259572029114, 0.20596881210803986, 0.10266712307929993, 0.9731580018997192),
            ["LeftLowerArm"] = CFrame.new(0.0000012814998626708984, 2.980232238769531e-07, 9.238719940185547e-07, 1, -4.470348358154297e-08, 8.195637946073475e-08, 1.0058280253133489e-07, -0.5503228902816772, -0.8349518775939941, 1.6391271628890536e-07, 0.8349519371986389, -0.5503228902816772),
            ["RightUpperArm"] = CFrame.new(4.76837158203125e-07, 0.0000015497207641601562, 2.2351741790771484e-08, 0.793914258480072, 0.061183564364910126, 0.6049436330795288, 0.6050670742988586, 0.018597541376948357, -0.7959572076797485, -0.05994982272386551, 0.9979532957077026, -0.02225525677204132),
            ["Head"] = CFrame.new(1.4901161193847656e-08, -0.0000017881393432617188, -7.450580596923828e-08, 0.8596115708351135, 0.16074329614639282, -0.4850047826766968, -0.3331759572029114, 0.8960018754005432, -0.2935551106929779, 0.38737809658050537, 0.4139353036880493, 0.823769211769104),
            ["RightHand"] = CFrame.new(5.885958671569824e-07, -5.960464477539062e-07, 2.980232238769531e-07, 0.5875670313835144, 0.8080840706825256, 0.04201287776231766, -0.8078081011772156, 0.5888001918792725, -0.02757902443408966, -0.047023359686136246, -0.017733771353960037, 0.9987363815307617),
            ["UpperTorso"] = CFrame.new(-2.3283064365386963e-08, 0.0000010132789611816406, -4.6100467443466187e-08, 0.9950169324874878, -0.09813028573989868, -0.017655545845627785, 0.09898681193590164, 0.9510031342506409, 0.2929072678089142, -0.011952713131904602, -0.29319536685943604, 0.9559779167175293),
            ["HumanoidRootPart"] = CFrame.new(0, 0, 0, 1, 0, 0, 0, 1, 0, 0, 0, 1),
            ["RightUpperLeg"] = CFrame.new(5.960464477539062e-07, 6.426125764846802e-07, -3.149762051180005e-08, 0.8574532270431519, -0.03778035193681717, -0.5131733417510986, -0.2472575306892395, 0.8443645238876343, -0.4753016531467438, 0.45126235485076904, 0.5344354510307312, 0.7146618366241455),
            ["LeftUpperArm"] = CFrame.new(-1.1920928955078125e-07, 1.1920928955078125e-07, 1.2665987014770508e-07, 0.4100746512413025, 0.8521069288253784, -0.3251960575580597, -0.4821028709411621, -0.10015543550252914, -0.8703711628913879, -0.7742193937301636, 0.5136950612068176, 0.3697318732738495),
            ["RightLowerArm"] = CFrame.new(6.556510925292969e-07, 0.000002086162567138672, -1.9371509552001953e-07, 1, 2.980235080940474e-08, -5.587938645135182e-08, -1.4901166522918174e-08, 1, -1.4901170075631853e-08, -1.1175874448099421e-08, -7.450587702351186e-09, 1),
            ["LeftHand"] = CFrame.new(0.0000023171305656433105, 5.364418029785156e-07, -4.470348358154297e-08, 0.6555292010307312, 0.46843039989471436, 0.592329740524292, -0.30342358350753784, 0.8816466331481934, -0.36143240332603455, -0.6915313601493835, 0.05720273032784462, 0.7200779318809509),
            ["LeftFoot"] = CFrame.new(3.725290298461914e-09, -1.1920928955078125e-07, -2.0489096641540527e-08, 0.9967776536941528, 0.04635345935821533, 0.06546682864427567, -0.032640330493450165, 0.9798924922943115, -0.19683824479579926, -0.07327443361282349, 0.19406720995903015, 0.9782478213310242),
            ["LowerTorso"] = CFrame.new(0.07851161807775497, -0.14053893089294434, -0.0162971131503582, 0.8666802048683167, -0.23851081728935242, 0.43815305829048157, 0.18214328587055206, 0.9689570069313049, 0.16717155277729034, -0.46442368626594543, -0.06507765501737595, 0.8832189440727234),
            ["RightLowerLeg"] = CFrame.new(-7.264316082000732e-08, -0.0000035762786865234375, -0.000013244505680631846, 1, -1.1827795276531106e-07, -5.285258097842416e-08, 1.1641532182693481e-07, 0.6366429328918457, 0.7711585760116577, -5.3551048040390015e-08, -0.771158754825592, 0.63664311170578),
            ["LeftUpperLeg"] = CFrame.new(1.4901161193847656e-07, 2.8312206268310547e-07, -7.450580596923828e-08, 0.9948554635047913, 0.07909632474184036, -0.06329719722270966, -0.09807892888784409, 0.5955889821052551, -0.7972790598869324, -0.025362763553857803, 0.7993857860565186, 0.6002829670906067),
            ["LeftLowerLeg"] = CFrame.new(-2.9802322387695312e-08, 0.0000040531158447265625, 0.000013023614883422852, 1, 7.4505820180093e-08, 1.862645326866641e-08, -1.7508865823856468e-07, 0.3420027792453766, 0.9396990537643433, 4.4703490686970326e-08, -0.9396989941596985, 0.3420027196407318),
        }},
        {Time = 0.033, Data = {
            ["RightFoot"] = CFrame.new(-8.940696716308594e-08, 2.384185791015625e-07, -7.617927622050047e-09, 0.9703308343887329, 0.1566157191991806, -0.18420018255710602, -0.15031170845031738, 0.9874828457832336, 0.04779105633497238, 0.1893790066242218, -0.018685245886445045, 0.9817262291908264),
            ["LeftLowerArm"] = CFrame.new(0.0000014007091522216797, 8.940696716308594e-07, 0.0000011771917343139648, 1, -5.960463056453591e-08, 1.1920921849650767e-07, 7.823106784599076e-08, -0.5492001175880432, -0.8356909155845642, 1.5273684539351962e-07, 0.8356908559799194, -0.549200177192688),
            ["RightUpperArm"] = CFrame.new(2.384185791015625e-07, 0.0000013113021850585938, -5.21540641784668e-08, 0.7758095860481262, 0.03901456296443939, 0.6297597289085388, 0.6308109760284424, -0.07017049193382263, -0.7727572917938232, 0.014041745103895664, 0.9967717528343201, -0.07904979586601257),
            ["Head"] = CFrame.new(-1.7881393432617188e-07, -0.0000017881393432617188, -2.2351741790771484e-07, 0.8905336260795593, 0.1844647377729416, -0.4158397614955902, -0.3151869475841522, 0.9093334078788757, -0.2716063857078552, 0.3280351161956787, 0.3729418218135834, 0.8679327964782715),
            ["RightHand"] = CFrame.new(6.163027137517929e-07, -8.344650268554688e-07, 1.8347054719924927e-07, 0.5866835713386536, 0.805383026599884, -0.08462053537368774, -0.802821159362793, 0.592136561870575, 0.0696604996919632, 0.10621032863855362, 0.027066420763731003, 0.9939752817153931),
            ["UpperTorso"] = CFrame.new(-8.568167686462402e-08, 5.066394805908203e-07, -4.842877388000488e-08, 0.9977512359619141, -0.065038301050663, -0.016207676380872726, 0.06702276319265366, 0.9708994626998901, 0.22991794347763062, 0.0007825346547178924, -0.23048710823059082, 0.9730751514434814),
            ["HumanoidRootPart"] = CFrame.new(0, 0, 0, 1, 0, 0, 0, 1, 0, 0, 0, 1),
            ["RightUpperLeg"] = CFrame.new(5.960464477539062e-07, -3.501772880554199e-07, 8.77116690389812e-08, 0.8830633163452148, -0.0969785824418068, -0.4591234624385834, -0.2515815198421478, 0.7280680537223816, -0.6376702189445496, 0.39611369371414185, 0.6786103844642639, 0.6185323596000671),
            ["LeftUpperArm"] = CFrame.new(-1.1920928955078125e-07, -5.960464477539062e-07, 1.341104507446289e-07, 0.36040565371513367, 0.8882003426551819, -0.2849700450897217, -0.49916261434555054, -0.0744372010231018, -0.8633053302764893, -0.7880003452301025, 0.45338642597198486, 0.41652870178222656),
            ["RightLowerArm"] = CFrame.new(-2.9802322387695312e-08, 0.0000017881393432617188, 3.427267074584961e-07, 1, -1.4901171851988693e-08, 5.5879375793210784e-08, 1.4901168299275014e-08, 1, 1.4901166522918174e-08, -4.470350489782504e-08, -2.9802343703977385e-08, 1),
            ["LeftHand"] = CFrame.new(0.0000021010637283325195, 4.172325134277344e-07, -6.854534149169922e-07, 0.6558066010475159, 0.4681813418865204, 0.5922195911407471, -0.3033386766910553, 0.8817775249481201, -0.3611842393875122, -0.6913055777549744, 0.057223886251449585, 0.7202929854393005),
            ["LeftFoot"] = CFrame.new(-1.30385160446167e-08, -5.960464477539063e-08, 7.450580596923828e-09, 0.9947282671928406, 0.07410336285829544, 0.0708831250667572, -0.03746162727475166, 0.9060520529747009, -0.4215046465396881, -0.09545841813087463, 0.41662734746932983, 0.9040517210960388),
            ["LowerTorso"] = CFrame.new(0.07502448558807373, -0.20764708518981934, -0.014823874458670616, 0.8901665210723877, -0.25538748502731323, 0.3773340880870819, 0.20299193263053894, 0.963708221912384, 0.17338062822818756, -0.40791916847229004, -0.0777418464422226, 0.9097023010253906),
            ["RightLowerLeg"] = CFrame.new(-1.1641532182693481e-08, -0.000003516674041748047, -0.00001326033816440031, 1, -1.3643872875945817e-07, -8.265497797310672e-08, 1.3317914238086814e-07, 0.4324283301830292, 0.9016679525375366, -8.544885332639751e-08, -0.9016683101654053, 0.43242913484573364),
            ["LeftUpperLeg"] = CFrame.new(0, -3.3527612686157227e-08, -2.9802322387695312e-08, 0.9918254613876343, 0.12322615087032318, -0.03312978148460388, -0.10110509395599365, 0.6005261540412903, -0.7931869626045227, -0.07784635573625565, 0.7900529503822327, 0.6080764532089233),
            ["LeftLowerLeg"] = CFrame.new(8.940696716308594e-08, 0.000004172325134277344, 0.000013321638107299805, 1, 5.960464477539063e-08, 5.960467319710006e-08, -5.960465898624534e-08, 0.27004164457321167, 0.9628487229347229, 1.0058285937475375e-07, -0.9628486633300781, 0.2700416147708893),
        }},
        {Time = 0.067, Data = {
            ["RightFoot"] = CFrame.new(5.960464477539063e-08, 2.980232238769531e-07, -1.3205863069742918e-08, 0.9701119065284729, 0.19141334295272827, -0.14914357662200928, -0.16903778910636902, 0.974038302898407, 0.1505865603685379, 0.17409555613994598, -0.12087414413690567, 0.977281928062439),
            ["LeftLowerArm"] = CFrame.new(0.0000019073486328125, 6.556510925292969e-07, 0.0000010579824447631836, 1, -8.940694584680386e-08, 1.3411042232291948e-07, 8.195638656616211e-08, -0.5467045903205872, -0.8373256325721741, 1.5273690223693848e-07, 0.8373255729675293, -0.5467044711112976),
            ["RightUpperArm"] = CFrame.new(3.5762786865234375e-07, 0.000001430511474609375, 2.60770320892334e-07, 0.7416883707046509, 0.012266936711966991, 0.6706324219703674, 0.6625760793685913, -0.1689649522304535, -0.7296876311302185, 0.10436223447322845, 0.9855456948280334, -0.13344722986221313),
            ["Head"] = CFrame.new(-2.9802322387695312e-08, -0.000001430511474609375, -1.1920928955078125e-07, 0.9137486815452576, 0.20281268656253815, -0.3520377278327942, -0.2979758381843567, 0.9235575199127197, -0.24135440587997437, 0.2761773467063904, 0.32543596625328064, 0.9043326377868652),
            ["RightHand"] = CFrame.new(2.942979335784912e-07, -2.980232238769531e-07, 1.4901161193847656e-08, 0.5126810073852539, 0.7802687287330627, -0.3582442104816437, -0.745701014995575, 0.6114711165428162, 0.26463788747787476, 0.42554453015327454, 0.13146831095218658, 0.8953368663787842),
            ["UpperTorso"] = CFrame.new(1.862645149230957e-09, 3.5762786865234375e-07, -2.421438694000244e-08, 0.9998716711997986, -0.01512794941663742, -0.005284280050545931, 0.01577184908092022, 0.9873685836791992, 0.1576531082391739, 0.0028325917664915323, -0.15771622955799103, 0.9874804019927979),
            ["HumanoidRootPart"] = CFrame.new(0, 0, 0, 1, 0, 0, 0, 1, 0, 0, 0, 1),
            ["RightUpperLeg"] = CFrame.new(4.172325134277344e-07, -3.259629011154175e-07, -1.6596459317952394e-08, 0.8987393975257874, -0.08785010874271393, -0.42959317564964294, -0.274362713098526, 0.6515738368034363, -0.7072311043739319, 0.3420419692993164, 0.7534812092781067, 0.5614925622940063),
            ["LeftUpperArm"] = CFrame.new(-1.1920928955078125e-07, -3.5762786865234375e-07, 2.3655593395233154e-07, 0.29399651288986206, 0.9147982001304626, -0.2769663631916046, -0.5171735286712646, -0.09143683314323425, -0.8509824275970459, -0.8038020730018616, 0.3934255838394165, 0.44622713327407837),
            ["RightLowerArm"] = CFrame.new(7.152557373046875e-07, 0.0000016093254089355469, -4.172325134277344e-07, 1, 0, 3.7252924300901213e-08, 1.4901170075631853e-08, 1, 2.23517560016262e-08, -5.2154096152889906e-08, 0, 1),
            ["LeftHand"] = CFrame.new(0.000001601874828338623, 5.364418029785156e-07, -1.4901161193847656e-07, 0.6564984917640686, 0.4676056206226349, 0.5919078588485718, -0.30315399169921875, 0.8820783495903015, -0.36060452461242676, -0.6907297372817993, 0.05729706957936287, 0.7208394408226013),
            ["LeftFoot"] = CFrame.new(-9.313225746154785e-09, 5.960464477539063e-08, 1.4901161193847656e-08, 0.9905042052268982, 0.10762466490268707, 0.08554740250110626, -0.03530530631542206, 0.8004941940307617, -0.5983002185821533, -0.13287241756916046, 0.5895981788635254, 0.7966922521591187),
            ["LowerTorso"] = CFrame.new(0.06270800530910492, -0.24652957916259766, -0.010747130960226059, 0.9047159552574158, -0.29133668541908264, 0.31082475185394287, 0.23842836916446686, 0.9509082436561584, 0.1972958892583847, -0.3530453145503998, -0.1043873205780983, 0.9297647476196289),
            ["RightLowerLeg"] = CFrame.new(3.166496753692627e-08, -0.000003814697265625, -0.000013461038179229945, 1, -1.4854600749458768e-07, -1.0244555426197621e-07, 1.396984146140312e-07, 0.3551456034183502, 0.9348108768463135, -9.313227877782992e-08, -0.9348111152648926, 0.3551459312438965),
            ["LeftUpperLeg"] = CFrame.new(1.7881393432617188e-07, -3.3527612686157227e-07, -8.195638656616211e-08, 0.9865209460258484, 0.16263911128044128, -0.018031727522611618, -0.11546850949525833, 0.613812267780304, -0.7809615731239319, -0.11594673246145248, 0.7725173830986023, 0.6243188381195068),
            ["LeftLowerLeg"] = CFrame.new(0, 0.000003933906555175781, 0.000013202428817749023, 1, 7.450580596923828e-08, 1.4528635006172408e-07, -3.7252888773764425e-08, 0.2568608522415161, 0.9664484262466431, 9.685751223287298e-08, -0.9664484262466431, 0.2568609118461609),
        }},
        {Time = 0.100, Data = {
            ["RightFoot"] = CFrame.new(4.98257577419281e-08, 1.7881393432617188e-07, 1.4733814168721437e-08, 0.9697945713996887, 0.18859070539474487, -0.1547001451253891, -0.18088236451148987, 0.9815101623535156, 0.06260895729064941, 0.16364678740501404, -0.03273456543684006, 0.9859756827354431),
            ["LeftLowerArm"] = CFrame.new(4.172325134277344e-07, 4.76837158203125e-07, 0.0000013709068298339844, 1, -5.960464477539063e-08, 1.043081283569336e-07, 7.078050856534901e-08, -0.544184684753418, -0.8389654755592346, 1.0430811414607888e-07, 0.8389655351638794, -0.544184684753418),
            ["RightUpperArm"] = CFrame.new(1.1920928955078125e-07, 7.152557373046875e-07, 1.7136335372924805e-07, 0.6937397122383118, -0.025002270936965942, 0.7197916507720947, 0.6879900693893433, -0.2726414203643799, -0.6725594997406006, 0.21306049823760986, 0.9617908000946045, -0.17194096744060516),
            ["Head"] = CFrame.new(-1.341104507446289e-07, -0.0000017881393432617188, -2.9802322387695312e-08, 0.9313284158706665, 0.2133636772632599, -0.2951328158378601, -0.27934151887893677, 0.9384812712669373, -0.20303040742874146, 0.23365724086761475, 0.2715308666229248, 0.9336355924606323),
            ["RightHand"] = CFrame.new(6.332993507385254e-07, -6.556510925292969e-07, -1.043081283569336e-07, 0.34795644879341125, 0.7177350521087646, -0.6031439900398254, -0.6416105031967163, 0.6513912081718445, 0.40500080585479736, 0.6835659146308899, 0.24606084823608398, 0.6871620416641235),
            ["UpperTorso"] = CFrame.new(-6.51925802230835e-09, 6.854534149169922e-07, 1.30385160446167e-08, 0.9993672966957092, 0.03411111980676651, 0.010070607997477055, -0.03508060798048973, 0.9920239448547363, 0.1210700049996376, -0.005860447883605957, -0.12134674936532974, 0.992592990398407),
            ["HumanoidRootPart"] = CFrame.new(0, 0, 0, 1, 0, 0, 0, 1, 0, 0, 0, 1),
            ["RightUpperLeg"] = CFrame.new(4.76837158203125e-07, 1.862645149230957e-08, 1.0261283023282886e-07, 0.9126825928688049, -0.015473242849111557, -0.408376544713974, -0.2937435209751129, 0.6698989868164062, -0.6818720102310181, 0.2841218113899231, 0.7422910928726196, 0.6068601012229919),
            ["LeftUpperArm"] = CFrame.new(-2.384185791015625e-07, -2.384185791015625e-07, 1.2293457984924316e-07, 0.23161010444164276, 0.932469367980957, -0.2772320508956909, -0.5380734801292419, -0.11462494730949402, -0.8350677490234375, -0.8104527592658997, 0.3425814211368561, 0.47518861293792725),
            ["RightLowerArm"] = CFrame.new(0, 0.0000017285346984863281, 3.2782554626464844e-07, 1, 0, 3.725293407086383e-09, -1.1175874448099421e-08, 1, -1.117587977716994e-08, -4.4703497792397684e-08, 7.450586814172766e-09, 1),
            ["LeftHand"] = CFrame.new(0.0000017136335372924805, 5.364418029785156e-07, -3.3527612686157227e-07, 0.6573178172111511, 0.4668721854686737, 0.5915772318840027, -0.3029002547264099, 0.8824622631072998, -0.3598775565624237, -0.6900615096092224, 0.05736507475376129, 0.7214738130569458),
            ["LeftFoot"] = CFrame.new(-3.725290298461914e-09, 0, -7.450580596923828e-09, 0.9867357611656189, 0.09751955419778824, 0.12977831065654755, -0.014960374683141708, 0.850674569606781, -0.5254798531532288, -0.1616438627243042, 0.5165681838989258, 0.8408498764038086),
            ["LowerTorso"] = CFrame.new(0.03755555301904678, -0.2149333953857422, -0.003346988931298256, 0.9144229888916016, -0.3154411017894745, 0.2536287307739258, 0.27127090096473694, 0.9426707625389099, 0.19438138604164124, -0.30040425062179565, -0.10894469916820526, 0.9475697875022888),
            ["RightLowerLeg"] = CFrame.new(-1.5087425708770752e-07, -0.0000035762786865234375, -0.000013136239431332797, 1, -1.3969832934890292e-07, -9.592631755594994e-08, 1.3597311010471458e-07, 0.3370516896247864, 0.9414859414100647, -1.0011719098201866e-07, -0.941486120223999, 0.3370524048805237),
            ["LeftUpperLeg"] = CFrame.new(0, 2.0116567611694336e-07, -5.21540641784668e-08, 0.9811198711395264, 0.1918385922908783, -0.02453405223786831, -0.13417598605155945, 0.5838133096694946, -0.8007234334945679, -0.13928626477718353, 0.7888979315757751, 0.5985316634178162),
            ["LeftLowerLeg"] = CFrame.new(4.470348358154297e-08, 0.0000037550926208496094, 0.000013217329978942871, 1, 1.1175872316471214e-07, 4.4703497792397684e-08, -7.450579886381092e-08, 0.22519436478614807, 0.9743139743804932, 1.341104365337742e-07, -0.9743139743804932, 0.22519420087337494),
        }},
        {Time = 0.133, Data = {
            ["RightFoot"] = CFrame.new(1.862645149230957e-08, 4.76837158203125e-07, 9.145878721028566e-09, 0.9799465537071228, 0.1657000184059143, -0.11067228764295578, -0.1672447770833969, 0.9859040379524231, -0.004753900691866875, 0.10832414776086807, 0.02316850796341896, 0.9938455820083618),
            ["LeftLowerArm"] = CFrame.new(0.0000011920928955078125, 7.748603820800781e-07, 8.493661880493164e-07, 1, -5.960465898624534e-08, 1.1920928955078125e-07, 6.705523958316917e-08, -0.5430660843849182, -0.8396899700164795, 1.844019124064289e-07, 0.8396900296211243, -0.5430660247802734),
            ["RightUpperArm"] = CFrame.new(1.1920928955078125e-07, 8.344650268554688e-07, -4.470348358154297e-08, 0.6304086446762085, -0.057477835565805435, 0.774132490158081, 0.7068881988525391, -0.369583398103714, -0.6030896306037903, 0.32077085971832275, 0.9274181127548218, -0.19235816597938538),
            ["Head"] = CFrame.new(-1.7136335372924805e-07, -0.0000019073486328125, -1.862645149230957e-07, 0.9498096108436584, 0.21294231712818146, -0.22916695475578308, -0.25306397676467896, 0.9536702036857605, -0.1627018302679062, 0.1839035600423813, 0.21252962946891785, 0.9596930742263794),
            ["RightHand"] = CFrame.new(9.629875421524048e-07, -3.5762786865234375e-07, 5.066394805908203e-07, 0.26384612917900085, 0.6292155385017395, -0.7310768365859985, -0.5937203168869019, 0.7032793164253235, 0.39101704955101013, 0.760185182094574, 0.3308868110179901, 0.5591354966163635),
            ["UpperTorso"] = CFrame.new(-6.426125764846802e-08, 3.2782554626464844e-07, -8.195638656616211e-08, 0.9966428875923157, 0.08085118979215622, 0.012884119525551796, -0.08175168186426163, 0.9912937879562378, 0.10321561247110367, -0.004426818341016769, -0.10392250865697861, 0.9945756196975708),
            ["HumanoidRootPart"] = CFrame.new(0, 0, 0, 1, 0, 0, 0, 1, 0, 0, 0, 1),
            ["RightUpperLeg"] = CFrame.new(7.152557373046875e-07, 1.8812716007232666e-07, -8.365168469026685e-08, 0.9126999974250793, 0.0305437333881855, -0.40748775005340576, -0.2937467098236084, 0.742254376411438, -0.6023046970367432, 0.28406283259391785, 0.6694217920303345, 0.6864275932312012),
            ["LeftUpperArm"] = CFrame.new(-2.384185791015625e-07, -7.152557373046875e-07, 5.960464477539063e-08, 0.18671056628227234, 0.9521676301956177, -0.24190083146095276, -0.5697846412658691, -0.09563163667917252, -0.8162108659744263, -0.8003028631210327, 0.29022663831710815, 0.5246750116348267),
            ["RightLowerArm"] = CFrame.new(-2.086162567138672e-07, 0.0000018477439880371094, -2.682209014892578e-07, 1, -8.381912941501923e-09, -1.3969851941908473e-08, 8.381910276966664e-09, 1, -1.1175881553526779e-08, -3.550670157892455e-08, 1.1175884218062038e-08, 1),
            ["LeftHand"] = CFrame.new(0.0000020116567611694336, 5.960464477539063e-08, -4.246830940246582e-07, 0.6581330299377441, 0.466227650642395, 0.5911793112754822, -0.30271339416503906, 0.882797360420227, -0.3592122495174408, -0.6893661022186279, 0.05745164304971695, 0.7221312522888184),
            ["LeftFoot"] = CFrame.new(-3.725290298461914e-09, -1.7881393432617188e-07, 1.1175870895385742e-08, 0.9814266562461853, 0.07930751144886017, 0.17467691004276276, 0.0021363638807088137, 0.9059696197509766, -0.4233371615409851, -0.19182626903057098, 0.41584786772727966, 0.8889734148979187),
            ["LowerTorso"] = CFrame.new(0.007543353829532862, -0.16062688827514648, 0.004982396960258484, 0.9239392280578613, -0.3246026933193207, 0.20240910351276398, 0.292160302400589, 0.9403361678123474, 0.17438572645187378, -0.24693864583969116, -0.1019858866930008, 0.9636495113372803),
            ["RightLowerLeg"] = CFrame.new(0, -0.0000035762786865234375, -0.000013400036550592631, 1, -1.4528630742915993e-07, -8.009379115492266e-08, 1.4528633585086936e-07, 0.3896963894367218, 0.9209431409835815, -9.126962652317161e-08, -0.9209433794021606, 0.3896971344947815),
            ["LeftUpperLeg"] = CFrame.new(2.980232238769531e-07, 1.695007085800171e-07, -1.043081283569336e-07, 0.9769296646118164, 0.21273115277290344, -0.018816016614437103, -0.14443162083625793, 0.5932274460792542, -0.7919723391532898, -0.15731483697891235, 0.7764191627502441, 0.6102669835090637),
            ["LeftLowerLeg"] = CFrame.new(7.450580596923828e-08, 0.000003993511199951172, 0.000013366341590881348, 1, 1.043080928297968e-07, 7.450583439094771e-08, -8.940693874137651e-08, 0.24971158802509308, 0.9683202505111694, 5.21540464148984e-08, -0.9683203101158142, 0.24971187114715576),
        }},
        {Time = 0.167, Data = {
            ["RightFoot"] = CFrame.new(-1.0151416063308716e-07, 1.1920928955078125e-07, -1.1751399142667651e-07, 0.9838985204696655, 0.16710709035396576, -0.06339515000581741, -0.17136190831661224, 0.9827930927276611, -0.06894215941429138, 0.05078290030360222, 0.07869622856378555, 0.9956044554710388),
            ["LeftLowerArm"] = CFrame.new(6.854534149169922e-07, 0.0000010132789611816406, 7.450580596923828e-07, 1, -1.2665987014770508e-07, 1.192092469182171e-07, 8.195635814445268e-08, -0.5761172771453857, -0.8173670172691345, 1.583247808412125e-07, 0.8173670768737793, -0.5761172771453857),
            ["RightUpperArm"] = CFrame.new(2.384185791015625e-07, 9.5367431640625e-07, 1.341104507446289e-07, 0.5497071743011475, -0.09592989087104797, 0.8298311233520508, 0.7122989892959595, -0.4651375710964203, -0.5256208181381226, 0.43640831112861633, 0.880025327205658, -0.18735870718955994),
            ["Head"] = CFrame.new(-1.4901161193847656e-07, -0.0000015497207641601562, -9.685754776000977e-08, 0.965684711933136, 0.1982007622718811, -0.16783760488033295, -0.22153456509113312, 0.9659021496772766, -0.13399860262870789, 0.13555608689785004, 0.16658225655555725, 0.9766652584075928),
            ["RightHand"] = CFrame.new(0.000001341104507446289, -2.980232238769531e-07, 2.9802322387695312e-08, 0.48284056782722473, 0.49477630853652954, -0.7225381731987, -0.6167874932289124, 0.7778540849685669, 0.12048317492008209, 0.6216415166854858, 0.3874782919883728, 0.6807513236999512),
            ["UpperTorso"] = CFrame.new(-8.055940270423889e-08, 4.470348358154297e-07, -7.264316082000732e-08, 0.9948323965072632, 0.10018280148506165, 0.016490811482071877, -0.10145783424377441, 0.9870842099189758, 0.12398052215576172, -0.0038571381010115147, -0.1250130534172058, 0.99214768409729),
            ["HumanoidRootPart"] = CFrame.new(0, 0, 0, 1, 0, 0, 0, 1, 0, 0, 0, 1),
            ["RightUpperLeg"] = CFrame.new(4.172325134277344e-07, 1.448206603527069e-07, -1.6952981241047382e-09, 0.9198213219642639, -0.0180886909365654, -0.3919205069541931, -0.23186363279819489, 0.7807651162147522, -0.5802103877067566, 0.31649336218833923, 0.6245627403259277, 0.7139707803726196),
            ["LeftUpperArm"] = CFrame.new(-3.5762786865234375e-07, -8.344650268554688e-07, 8.195638656616211e-08, 0.17809833586215973, 0.9690308570861816, -0.17105628550052643, -0.6333211064338684, -0.020164702087640762, -0.7736262679100037, -0.7531170845031738, 0.2461150586605072, 0.6101164817810059),
            ["RightLowerArm"] = CFrame.new(-1.7881393432617188e-07, 0.000001430511474609375, 1.6391277313232422e-07, 1, 1.1175885106240457e-08, 4.097823236293152e-08, -3.725293407086383e-09, 1, 1.490117540470237e-08, 7.450586814172766e-09, 0, 1),
            ["LeftHand"] = CFrame.new(0.0000017136335372924805, 3.5762786865234375e-07, -4.6193599700927734e-07, 0.6588103175163269, 0.4656589925289154, 0.5908730030059814, -0.3025397062301636, 0.8830939531326294, -0.35862916707992554, -0.6887950897216797, 0.05750609189271927, 0.7226716876029968),
            ["LeftFoot"] = CFrame.new(-1.6763806343078613e-08, 0, 4.842877388000488e-08, 0.9746244549751282, 0.07114838808774948, 0.21223880350589752, 0.011279401369392872, 0.9313287734985352, -0.36400458216667175, -0.2235623151063919, 0.35716190934181213, 0.906893253326416),
            ["LowerTorso"] = CFrame.new(-0.019909130409359932, -0.10495924949645996, 0.012223489582538605, 0.9396446347236633, -0.30348482728004456, 0.15800336003303528, 0.2861577868461609, 0.950211226940155, 0.12333917617797852, -0.18756812810897827, -0.07068110257387161, 0.9797053337097168),
            ["RightLowerLeg"] = CFrame.new(6.705522537231445e-08, -0.0000036954879760742188, -0.00001326033816440031, 1, -1.4249236812702293e-07, -9.313233562124879e-08, 1.0430814256778831e-07, 0.386425644159317, 0.9223203659057617, -1.1175872316471214e-07, -0.9223206639289856, 0.3864262104034424),
            ["LeftUpperLeg"] = CFrame.new(1.4901161193847656e-07, 2.5099143385887146e-07, -6.705522537231445e-08, 0.9758028984069824, 0.21707788109779358, 0.026189934462308884, -0.12955205142498016, 0.6704928874969482, -0.7305166125297546, -0.17613926529884338, 0.7094481587409973, 0.6823925375938416),
            ["LeftLowerLeg"] = CFrame.new(0, 0.000004172325134277344, 0.000013321638107299805, 1, 1.1175873737556685e-07, 7.450585925994346e-09, -1.4901166522918174e-08, 0.31851693987846375, 0.9479171633720398, 8.940699558479537e-08, -0.9479171633720398, 0.3185170292854309),
        }},
        {Time = 0.200, Data = {
            ["RightFoot"] = CFrame.new(-1.30385160446167e-08, 3.5762786865234375e-07, 7.865310180932283e-09, 0.9835290312767029, 0.17349138855934143, -0.05070965364575386, -0.17953789234161377, 0.9701370596885681, -0.1630951464176178, 0.020899495109915733, 0.16951391100883484, 0.9853063821792603),
            ["LeftLowerArm"] = CFrame.new(-2.9802322387695312e-08, -5.960464477539063e-08, 5.811452865600586e-07, 1, 0, 1.2665985593685036e-07, 3.352760913344355e-08, -0.6456159353256226, -0.7636623382568359, 1.8626448650138627e-07, 0.7636622190475464, -0.6456159353256226),
            ["RightUpperArm"] = CFrame.new(1.1920928955078125e-07, 9.5367431640625e-07, -6.705522537231445e-08, 0.4467179477214813, -0.13571682572364807, 0.8843211531639099, 0.7034167647361755, -0.5575095415115356, -0.4408945143222809, 0.5528542995452881, 0.8190018534660339, -0.15358421206474304),
            ["Head"] = CFrame.new(-1.7881393432617188e-07, -0.0000015497207641601562, -1.6391277313232422e-07, 0.9786221981048584, 0.17232811450958252, -0.11225762218236923, -0.18533818423748016, 0.975547730922699, -0.11813701689243317, 0.08915431052446365, 0.1364171802997589, 0.9866316914558411),
            ["RightHand"] = CFrame.new(-8.940696716308594e-08, -2.980232238769531e-07, 5.960464477539062e-07, 0.8508277535438538, 0.3002122640609741, -0.4312364459037781, -0.440841406583786, 0.8544369339942932, -0.27494803071022034, 0.28592145442962646, 0.424040287733078, 0.8593246936798096),
            ["UpperTorso"] = CFrame.new(5.279434844851494e-08, 7.152557373046875e-07, -4.423782229423523e-08, 0.9950400590896606, 0.09723566472530365, 0.020991673693060875, -0.0993586927652359, 0.9817253947257996, 0.1623057723045349, -0.004826131742447615, -0.16358643770217896, 0.9865172505378723),
            ["HumanoidRootPart"] = CFrame.new(0, 0, 0, 1, 0, 0, 0, 1, 0, 0, 0, 1),
            ["RightUpperLeg"] = CFrame.new(8.344650268554688e-07, 8.713686838746071e-07, -1.6596459317952394e-08, 0.9268509149551392, -0.0707244724035263, -0.36870795488357544, -0.1486165076494217, 0.832752525806427, -0.5333255529403687, 0.3447616994380951, 0.5491095781326294, 0.7613267302513123),
            ["LeftUpperArm"] = CFrame.new(-4.76837158203125e-07, -3.5762786865234375e-07, 1.2665987014770508e-07, 0.203621044754982, 0.9750177264213562, -0.08876372128725052, -0.7155206799507141, 0.0863170325756073, -0.6932384967803955, -0.668258011341095, 0.2046702653169632, 0.7152212858200073),
            ["RightLowerArm"] = CFrame.new(-6.854534149169922e-07, 0.0000016093254089355469, 3.5762786865234375e-07, 1, 2.607705695822915e-08, 1.117587888899152e-08, 5.4016734196693506e-08, 1, -2.235175777798304e-08, -3.352762689701194e-08, 3.725293851175593e-09, 1),
            ["LeftHand"] = CFrame.new(0.0000016242265701293945, -2.980232238769531e-07, -3.5762786865234375e-07, 0.6594239473342896, 0.4650843143463135, 0.5906410217285156, -0.3023267090320587, 0.8833935856819153, -0.35807034373283386, -0.6883013248443604, 0.05755354464054108, 0.723138153553009),
            ["LeftFoot"] = CFrame.new(-5.21540641784668e-08, -1.7881393432617188e-07, 1.862645149230957e-08, 0.9671503901481628, 0.06164927780628204, 0.24661627411842346, 0.021187104284763336, 0.9472224712371826, -0.3198758065700531, -0.2533206343650818, 0.31459349393844604, 0.9148005247116089),
            ["LowerTorso"] = CFrame.new(-0.048252005130052567, -0.05684995651245117, 0.017112314701080322, 0.9576207995414734, -0.26471754908561707, 0.11352159827947617, 0.25951525568962097, 0.9639560580253601, 0.05865748971700668, -0.12495747953653336, -0.02671104483306408, 0.9918025732040405),
            ["RightLowerLeg"] = CFrame.new(4.470348358154297e-08, -0.0000035762786865234375, -0.000013446602679323405, 1, -1.6205001429625554e-07, -8.568176923517967e-08, 1.1175872316471214e-07, 0.4182712435722351, 0.908321738243103, -1.1175872316471214e-07, -0.9083221554756165, 0.41827234625816345),
            ["LeftUpperLeg"] = CFrame.new(2.9802322387695312e-08, 9.150244295597076e-07, -9.685754776000977e-08, 0.9754630923271179, 0.20238938927650452, 0.0866619423031807, -0.09740336984395981, 0.749727189540863, -0.6545389294624329, -0.19744452834129333, 0.6300379633903503, 0.7510448694229126),
            ["LeftLowerLeg"] = CFrame.new(5.960464477539063e-08, 0.000003933906555175781, 0.000013321638107299805, 1, 6.705521116145974e-08, -1.4901168299275014e-08, 0, 0.36415162682533264, 0.9313395619392395, 1.5646213569198153e-07, -0.9313397407531738, 0.36415186524391174),
        }},
        {Time = 0.233, Data = {
            ["RightFoot"] = CFrame.new(2.0489096641540527e-08, 1.1920928955078125e-07, -5.790934665128589e-08, 0.9813151359558105, 0.18576927483081818, -0.05010530725121498, -0.19227822124958038, 0.9563682079315186, -0.21997451782226562, 0.007054482586681843, 0.2254987508058548, 0.9742180109024048),
            ["LeftLowerArm"] = CFrame.new(2.682209014892578e-07, 4.172325134277344e-07, 7.264316082000732e-07, 1, -7.450579175838357e-08, 1.3038511781360285e-07, 2.6077035641947077e-08, -0.710145890712738, -0.704054594039917, 1.266598843585598e-07, 0.704054594039917, -0.7101459503173828),
            ["RightUpperArm"] = CFrame.new(2.384185791015625e-07, 0.0000019073486328125, 8.009374141693115e-08, 0.3236555755138397, -0.17404186725616455, 0.9300304055213928, 0.6783500909805298, -0.6425580978393555, -0.35631510615348816, 0.6596121788024902, 0.7462095022201538, -0.08990637212991714),
            ["Head"] = CFrame.new(-1.5087425708770752e-07, -0.0000011920928955078125, -1.2293457984924316e-07, 0.9879093170166016, 0.14154647290706635, -0.06324522197246552, -0.1484481543302536, 0.9812881946563721, -0.12262439727783203, 0.04470474272966385, 0.130530446767807, 0.9904359579086304),
            ["RightHand"] = CFrame.new(9.387731552124023e-07, -2.980232238769531e-07, 3.7997961044311523e-07, 0.9944324493408203, 0.10022903978824615, 0.03253175690770149, -0.07543729990720749, 0.8926783204078674, -0.44433605670928955, -0.07357575744390488, 0.43940815329551697, 0.8952692747116089),
            ["UpperTorso"] = CFrame.new(-3.119930624961853e-08, 3.2782554626464844e-07, -3.073364496231079e-08, 0.9972215890884399, 0.0711492970585823, 0.022064754739403725, -0.07417335361242294, 0.9757691025733948, 0.2058473527431488, -0.006884233094751835, -0.20691204071044922, 0.9783353805541992),
            ["HumanoidRootPart"] = CFrame.new(0, 0, 0, 1, 0, 0, 0, 1, 0, 0, 0, 1),
            ["RightUpperLeg"] = CFrame.new(5.960464477539062e-07, -6.203190423548222e-07, -2.6266206987202168e-09, 0.9327890276908875, -0.137874573469162, -0.3330093026161194, -0.047109466046094894, 0.8693751692771912, -0.4919017255306244, 0.35733091831207275, 0.47452855110168457, 0.804448664188385),
            ["LeftUpperArm"] = CFrame.new(-1.1920928955078125e-07, 0, 2.0116567611694336e-07, 0.24813541769981384, 0.9685958027839661, -0.01584586128592491, -0.7746744155883789, 0.18858207762241364, -0.6035863161087036, -0.5816428065299988, 0.16204659640789032, 0.7971401810646057),
            ["RightLowerArm"] = CFrame.new(4.76837158203125e-07, 0.0000019073486328125, -1.7136335372924805e-07, 1, 1.8626462150450607e-08, -2.6077049852801792e-08, -1.5832489097533653e-08, 1, 1.117587888899152e-08, -3.725291630729544e-09, -7.450585037815927e-09, 1),
            ["LeftHand"] = CFrame.new(0.0000011771917343139648, 2.384185791015625e-07, -2.682209014892578e-07, 0.6600988507270813, 0.4645231068134308, 0.5903285145759583, -0.30214226245880127, 0.883683979511261, -0.35750916600227356, -0.6877351403236389, 0.05762812867760658, 0.7236707806587219),
            ["LeftFoot"] = CFrame.new(0, 0, 2.2351741790771484e-08, 0.9613861441612244, 0.061584509909152985, 0.26822444796562195, 0.032544903457164764, 0.942359209060669, -0.3330162465572357, -0.2732720673084259, 0.32888662815093994, 0.9039667248725891),
            ["LowerTorso"] = CFrame.new(-0.07893195003271103, -0.03403806686401367, 0.014224298298358917, 0.9755906462669373, -0.20892253518104553, 0.0676342025399208, 0.21001577377319336, 0.977652907371521, -0.00939947459846735, -0.06415899842977524, 0.02337428368628025, 0.9976660013198853),
            ["RightLowerLeg"] = CFrame.new(-5.960464477539063e-08, -0.000003337860107421875, -0.000013178381777834147, 1, -1.1920927533992653e-07, -9.685761881428334e-08, 1.788139627478813e-07, 0.4504925310611725, 0.8927799463272095, -7.450581307466564e-08, -0.8927802443504333, 0.4504931569099426),
            ["LeftUpperLeg"] = CFrame.new(-1.7881393432617188e-07, -2.2957101464271545e-07, -4.377216100692749e-08, 0.9730027914047241, 0.17013706266880035, 0.1559455245733261, -0.05445648729801178, 0.825859010219574, -0.5612403154373169, -0.22427691519260406, 0.5375966429710388, 0.812828540802002),
            ["LeftLowerLeg"] = CFrame.new(-7.450580596923828e-09, 0.000003933906555175781, 0.000013172626495361328, 1, 6.705522537231445e-08, 7.450584149637507e-08, -6.14673041354763e-08, 0.3978499472141266, 0.917450487613678, -1.4901164746561335e-08, -0.9174505472183228, 0.3978500962257385),
        }},
        {Time = 0.267, Data = {
            ["RightFoot"] = CFrame.new(1.0151416063308716e-07, 4.76837158203125e-07, -3.9282895158976316e-08, 0.9776821136474609, 0.2050798088312149, -0.04560799524188042, -0.21007639169692993, 0.9567917585372925, -0.2010412961244583, 0.0024075154215097427, 0.2061358541250229, 0.9785205721855164),
            ["LeftLowerArm"] = CFrame.new(7.450580596923828e-07, 6.556510925292969e-07, 9.033828973770142e-07, 1, -4.470348358154297e-08, 1.6205012798309326e-07, 3.166496753692627e-08, -0.7377349138259888, -0.675090491771698, 1.4901161193847656e-07, 0.6750905513763428, -0.7377350330352783),
            ["RightUpperArm"] = CFrame.new(3.5762786865234375e-07, 0.0000015497207641601562, -3.864988684654236e-08, 0.18486081063747406, -0.20696096122264862, 0.9607256650924683, 0.6386553049087524, -0.7177140116691589, -0.2774997353553772, 0.7469578385353088, 0.6648712158203125, -0.0005004256963729858),
            ["Head"] = CFrame.new(-1.1129304766654968e-07, -0.0000017881393432617188, -2.4371547624468803e-07, 0.9934849739074707, 0.11246535181999207, -0.018420802429318428, -0.11394419521093369, 0.983260452747345, -0.14218176901340485, 0.002121922094374895, 0.1433543711900711, 0.9896692037582397),
            ["RightHand"] = CFrame.new(5.066394805908203e-07, -9.5367431640625e-07, 2.8312206268310547e-07, 0.9670195579528809, 0.005128500517457724, 0.2546508014202118, 0.10850352048873901, 0.8962444067001343, -0.43008512258529663, -0.23043502867221832, 0.44353118538856506, 0.8661292195320129),
            ["UpperTorso"] = CFrame.new(-2.144952304661274e-08, 3.5762786865234375e-07, -4.1676685214042664e-08, 0.9992598295211792, 0.03398104012012482, 0.01803060807287693, -0.037256963551044464, 0.9716000556945801, 0.23367789387702942, -0.009577915072441101, -0.2341766506433487, 0.9721468687057495),
            ["HumanoidRootPart"] = CFrame.new(0, 0, 0, 1, 0, 0, 0, 1, 0, 0, 0, 1),
            ["RightUpperLeg"] = CFrame.new(5.960464477539062e-07, -9.167706593871117e-08, -2.7423084247857332e-08, 0.9318495392799377, -0.21835708618164062, -0.2897873818874359, 0.05460965260863304, 0.8739553689956665, -0.48292821645736694, 0.3587121069431305, 0.43419149518013, 0.8263193368911743),
            ["LeftUpperArm"] = CFrame.new(0, -4.76837158203125e-07, 7.706694304943085e-08, 0.27503514289855957, 0.9604367017745972, 0.0437840037047863, -0.795152485370636, 0.2528309226036072, -0.5511888265609741, -0.5404519438743591, 0.1167813092470169, 0.8332309722900391),
            ["RightLowerArm"] = CFrame.new(-2.384185791015625e-07, 0.0000010132789611816406, 7.171183824539185e-08, 1, 3.818426108637141e-08, -5.58793944449576e-09, 1.676381700121965e-08, 1, 0, 9.313231075225303e-09, 3.725293851175593e-09, 1),
            ["LeftHand"] = CFrame.new(0.0000015944242477416992, 2.980232238769531e-07, -3.725290298461914e-07, 0.6607393622398376, 0.463992714881897, 0.5900290608406067, -0.3019862771034241, 0.8839594721794128, -0.3569595515727997, -0.6871883869171143, 0.05767672508955002, 0.72418612241745),
            ["LeftFoot"] = CFrame.new(2.2351741790771484e-08, -1.1920928955078125e-07, -2.9802322387695312e-08, 0.9604967832565308, 0.05339311435818672, 0.27312108874320984, 0.041812919080257416, 0.9425930380821228, -0.33131536841392517, -0.2751321792602539, 0.3296475112438202, 0.9031252264976501),
            ["LowerTorso"] = CFrame.new(-0.11124420911073685, -0.028998613357543945, 0.006732098758220673, 0.9889174103736877, -0.14721739292144775, 0.019218813627958298, 0.14813296496868134, 0.987066388130188, -0.06129162013530731, -0.009947054088115692, 0.06345928460359573, 0.9979349374771118),
