return {
    ["Billy Bounce"] = {
        {Time = 0.000, Data = {
            ["RightFoot"] = CFrame.new(1.862645149230957e-08, 4.172325134277344e-07, -1.3205863069742918e-08, 0.9902546405792236, 0.016336018219590187, -0.13830862939357758, -0.0023636301048099995, 0.9949252009391785, 0.10059015452861786, 0.1392490267753601, -0.09928346425294876, 0.9852677583694458),
            ["LeftLowerArm"] = CFrame.new(-5.960464477539063e-08, 0, -1.043081283569336e-07, 0.9993813633918762, -0.032576799392700195, 0.027587605640292168, -0.027300026267766953, 0.9951460957527161, -0.08867098391056061, 0.022176628932356834, 0.09286003559827805, 0.9956789016723633),
            ["RightUpperArm"] = CFrame.new(-5.960464477539063e-08, -0.06523799896240234, -3.259629011154175e-08, 0.6581825017929077, -0.07029957324266434, 0.74956876039505, 0.44230642914772034, 0.8417938351631165, -0.30943143367767334, -0.6092298030853271, 0.5352019667625427, 0.5851485133171082),
            ["Head"] = CFrame.new(-4.656612873077393e-10, -1.1920928955078125e-07, -1.6647391021251678e-07, 0.9987917542457581, 0.04885593429207802, 0.005306323524564505, -0.04516156390309334, 0.9550774097442627, -0.29289478063583374, -0.019377602264285088, 0.2923015356063843, 0.9561299681663513),
            ["LowerTorso"] = CFrame.new(-0.04966292902827263, -0.1999049186706543, 0.13644857704639435, 0.9998269081115723, 0.0022725544404238462, 0.018466632813215256, -0.003918186295777559, 0.9959720969200134, 0.08957793563604355, -0.01818881928920746, -0.08963487297296524, 0.9958086013793945),
            ["UpperTorso"] = CFrame.new(1.5599653124809265e-08, -4.172325134277344e-07, -3.5797711461782455e-08, 0.998548150062561, -0.04103029519319534, -0.03490127623081207, 0.05141107365489006, 0.9193140268325806, 0.39015188813209534, 0.016077306121587753, -0.3913798928260803, 0.9200888276100159),
            ["HumanoidRootPart"] = CFrame.new(0, 0, 0, 1, 0, 0, 0, 1, 0, 0, 0, 1),
            ["RightUpperLeg"] = CFrame.new(-0.000025480985641479492, -0.00012560037430375814, -0.004997468553483486, 0.9620859026908875, -0.27257466316223145, -0.009680203162133694, 0.1587100625038147, 0.5883457660675049, -0.7928809523582458, 0.22181513905525208, 0.761283278465271, 0.6092997193336487),
            ["LeftUpperArm"] = CFrame.new(-2.384185791015625e-07, -0.06523799896240234, -1.955777406692505e-07, 0.52456134557724, -0.03889152407646179, -0.8504838347434998, -0.48488330841064453, 0.8074643611907959, -0.3359904885292053, 0.6998025178909302, 0.5886330604553223, 0.404706746339798),
            ["RightLowerArm"] = CFrame.new(3.5762786865234375e-07, 5.960464477539063e-08, 1.4901161193847656e-07, 0.9997959136962891, 0.016825148835778236, -0.01644267700612545, 0.017574435099959373, 0.9467073082923889, -0.3014792501926422, -0.009956292808055878, 0.3216555118560791, 0.953330934047699),
            ["LeftHand"] = CFrame.new(-1.043081283569336e-07, 2.980232238769531e-07, 4.7497451305389404e-08, 0.6145374178886414, 0.10888040065765381, -0.7970058917999268, -0.016713928431272507, 0.9878937602043152, 0.05811162665486336, 0.7887105345726013, 0.11050344258546829, 0.6011694669723511),
            ["LeftFoot"] = CFrame.new(7.450580596923828e-08, 5.960464477539063e-08, -2.2351741790771484e-08, 0.9802435040473938, -0.13717544078826904, -0.14249782264232635, 0.08262642472982407, 0.9385496377944946, -0.33510836958885193, 0.1797098070383072, 0.3167138397693634, 0.9313414692878723),
            ["RightHand"] = CFrame.new(-4.470348358154297e-08, -1.1920928955078125e-07, -1.1920928955078125e-07, 0.8665030002593994, -0.5295365452766418, -0.029847245663404465, 0.3998858630657196, 0.7581862211227417, -0.5215451717376709, 0.29877060651779175, 0.3804534375667572, 0.8527013659477234),
            ["RightLowerLeg"] = CFrame.new(3.725290298461914e-08, 1.1920928955078125e-07, 1.4094257494434714e-07, 1, -1.043080430918053e-07, 2.1606678046737215e-07, 4.0978167703542567e-07, 0.3385058045387268, 0.9409644603729248, -1.464067338474706e-07, -0.9409643411636353, 0.33850547671318054),
            ["LeftUpperLeg"] = CFrame.new(0.000025510787963867188, 0.00012542202603071928, 0.004997488111257553, 0.9610722064971924, 0.2681366205215454, 0.06665581464767456, -0.16520385444164276, 0.7510435581207275, -0.6392503380775452, -0.22146758437156677, 0.6033543348312378, 0.766104519367218),
            ["LeftLowerLeg"] = CFrame.new(2.2351741790771484e-08, -1.7881393432617188e-07, -1.4901161193847656e-07, 1, 7.823107495141812e-08, 5.2154071283894154e-08, -8.940696716308594e-08, 0.4454137682914734, 0.8953248262405396, 8.940696716308594e-08, -0.8953248858451843, 0.4454139173030853),
        }},
        {Time = 0.033, Data = {
            ["RightFoot"] = CFrame.new(-9.051291272044182e-08, 3.5762786865234375e-07, -1.673470251262188e-10, 0.9600755572319031, 0.1890622228384018, -0.2061813920736313, -0.21908527612686157, 0.966468870639801, -0.13393916189670563, 0.173944354057312, 0.17376278340816498, 0.9693036675453186),
            ["LeftLowerArm"] = CFrame.new(-2.086162567138672e-07, -3.5762786865234375e-07, -1.7881393432617188e-07, 0.9994610548019409, -0.0250537171959877, 0.030199967324733734, -0.025303740054368973, 0.9650822877883911, -0.2533777058124542, 0.020909970626235008, 0.2607460021972656, 0.9668959379196167),
            ["RightUpperArm"] = CFrame.new(-1.1920928955078125e-07, -0.06523823738098145, 4.6566128730773926e-08, 0.7218675017356873, -0.12115873396396637, 0.681343138217926, 0.4214332401752472, 0.8578991889953613, -0.2939451038837433, -0.5489094257354736, 0.499329149723053, 0.6703490614891052),
            ["Head"] = CFrame.new(-3.725290298461914e-09, 2.384185791015625e-07, -2.6309862732887268e-08, 0.998917818069458, 0.04387439042329788, 0.015435145236551762, -0.03755877539515495, 0.9566869139671326, -0.28868579864501953, -0.027432503178715706, 0.2877937853336334, 0.9572994709014893),
            ["LowerTorso"] = CFrame.new(-0.03567401319742203, -0.2990682125091553, 0.14146551489830017, 0.9997161626815796, -0.012658607214689255, -0.020185668021440506, 0.01396783348172903, 0.9977158904075623, 0.06608989089727402, 0.019302820786833763, -0.06635314226150513, 0.9976094961166382),
            ["UpperTorso"] = CFrame.new(0, 2.384185791015625e-07, -3.527384251356125e-08, 0.9993239641189575, -0.03675658628344536, -0.0008109207265079021, 0.0338914580643177, 0.9124338626861572, 0.40781837701797485, -0.014249972067773342, -0.40757012367248535, 0.9130628108978271),
            ["HumanoidRootPart"] = CFrame.new(0, 0, 0, 1, 0, 0, 0, 1, 0, 0, 0, 1),
            ["RightUpperLeg"] = CFrame.new(-0.000025451183319091797, -0.00012539047747850418, -0.004997515119612217, 0.98064124584198, -0.10843101143836975, 0.16305138170719147, 0.19449838995933533, 0.6357260942459106, -0.74700927734375, -0.02265676110982895, 0.7642611861228943, 0.6445086598396301),
            ["LeftUpperArm"] = CFrame.new(0, -0.0652381181716919, -3.91155481338501e-08, 0.47189539670944214, -0.06964398920536041, -0.8788995146751404, -0.46785417199134827, 0.8251587748527527, -0.3165838420391083, 0.7472798228263855, 0.560591459274292, 0.35680562257766724),
            ["RightLowerArm"] = CFrame.new(0, 0, 1.043081283569336e-07, 0.9997177720069885, 0.02016342431306839, -0.0190314669162035, 0.020228592678904533, 0.9624137282371521, -0.25082921981811523, -0.012454379349946976, 0.2708382308483124, 0.9678443074226379),
            ["LeftHand"] = CFrame.new(-4.6566128730773926e-09, 1.1920928955078125e-07, -5.960464477539063e-08, 0.8751455545425415, 0.21577829122543335, -0.5098739862442017, -0.16018755733966827, 0.9666712284088135, 0.036299679428339005, 0.45657438039779663, 0.13779117166996002, 0.8594828248023987),
            ["LeftFoot"] = CFrame.new(1.3969838619232178e-08, -5.960464477539063e-08, -7.450580596923828e-09, 0.9730664491653442, -0.2223985195159912, 0.060666508972644806, 0.22337478399276733, 0.8446134328842163, -0.48655128479003906, 0.05696851760149002, 0.4869980812072754, 0.8715431690216064),
            ["RightHand"] = CFrame.new(-5.960464477539063e-08, 5.960464477539063e-08, 8.195638656616211e-08, 0.8673484921455383, -0.5253918766975403, -0.012578067369759083, 0.4218428134918213, 0.7778806090354919, -0.46490493416786194, 0.2641121447086334, 0.3447681963443756, 0.8852713108062744),
            ["RightLowerLeg"] = CFrame.new(1.7229467630386353e-08, -5.960464477539063e-08, 9.110226528719068e-08, 1, -3.864987263568764e-08, 1.91852379316515e-07, 4.0046862181952747e-07, 0.33369022607803345, 0.9426827430725098, 3.445892815534535e-08, -0.9426827430725098, 0.3336904048919678),
            ["LeftUpperLeg"] = CFrame.new(0.000025480985641479492, 0.00012588035315275192, 0.004997478798031807, 0.9711154699325562, 0.19465894997119904, -0.1379949152469635, -0.23837414383888245, 0.7657259702682495, -0.5973621606826782, -0.010615318082273006, 0.6130021810531616, 0.7900100350379944),
            ["LeftLowerLeg"] = CFrame.new(-4.563480615615845e-08, -1.7881393432617188e-07, -5.21540641784668e-08, 1, 7.450579886381092e-08, 4.842878453814592e-08, -5.681067705154419e-08, 0.3655903935432434, 0.9307759404182434, 5.774199962615967e-08, -0.9307758212089539, 0.3655904233455658),
        }},
        {Time = 0.067, Data = {
            ["RightFoot"] = CFrame.new(-5.587935447692871e-08, 2.980232238769531e-07, 9.145878721028566e-09, 0.9048124551773071, 0.23856382071971893, -0.3527074456214905, -0.3623512089252472, 0.866426944732666, -0.3435199558734894, 0.22364279627799988, 0.438624769449234, 0.8703973293304443),
            ["LeftLowerArm"] = CFrame.new(2.9802322387695312e-08, 6.556510925292969e-07, -2.9802322387695312e-08, 0.9997137784957886, -0.0129931028932333, 0.024321844801306725, -0.018487071618437767, 0.9008477926254272, -0.4251893162727356, 0.015177286230027676, 0.43394050002098083, 0.9047775864601135),
            ["RightUpperArm"] = CFrame.new(0, -0.0652381181716919, 1.9744038581848145e-07, 0.7556917071342468, -0.13490623235702515, 0.640882134437561, 0.3826843202114105, 0.885079026222229, -0.2649296224117279, -0.5314910411834717, 0.4454610049724579, 0.7204737067222595),
            ["Head"] = CFrame.new(-8.847564458847046e-09, -3.5762786865234375e-07, -1.1664815247058868e-07, 0.9989258646965027, 0.03910691663622856, 0.02485836297273636, -0.030670611187815666, 0.9601078033447266, -0.2779427468776703, -0.034736212342977524, 0.2768821120262146, 0.9602759480476379),
            ["LowerTorso"] = CFrame.new(-0.015938004478812218, -0.38153910636901855, 0.13912272453308105, 0.997937798500061, -0.026089387014508247, -0.0586480051279068, 0.02850731648504734, 0.9987616539001465, 0.04077468812465668, 0.057511456310749054, -0.04236261174082756, 0.9974457025527954),
            ["UpperTorso"] = CFrame.new(-3.259629011154175e-09, 8.940696716308594e-08, -5.3551048040390015e-09, 0.998819887638092, -0.03581439331173897, 0.03280487284064293, 0.018435006961226463, 0.9044676423072815, 0.4261437654495239, -0.044932905584573746, -0.42503622174263, 0.9040605425834656),
            ["HumanoidRootPart"] = CFrame.new(0, 0, 0, 1, 0, 0, 0, 1, 0, 0, 0, 1),
            ["RightUpperLeg"] = CFrame.new(-0.000025510787963867188, -0.0001255543902516365, -0.004997473210096359, 0.9297510981559753, 0.052695952355861664, 0.3643989562988281, 0.22885674238204956, 0.6925792694091797, -0.6840749979019165, -0.28842273354530334, 0.7194144129753113, 0.6318662166595459),
            ["LeftUpperArm"] = CFrame.new(-1.1920928955078125e-07, -0.06523823738098145, 5.960464477539063e-08, 0.40373092889785767, -0.09706512093544006, -0.9097140431404114, -0.44804123044013977, 0.8459771871566772, -0.28910523653030396, 0.7976592779159546, 0.5243099927902222, 0.29805782437324524),
            ["RightLowerArm"] = CFrame.new(-5.960464477539063e-08, 2.980232238769531e-07, -8.940696716308594e-08, 0.999719500541687, 0.020033255219459534, -0.018412521108984947, 0.0197314266115427, 0.9761464595794678, -0.20058709383010864, -0.013099709525704384, 0.2161867618560791, 0.97950279712677),
            ["LeftHand"] = CFrame.new(-1.6763806343078613e-08, -1.1920928955078125e-07, 1.1920928955078125e-07, 0.959470808506012, 0.3118469715118408, -0.17430008947849274, -0.27822667360305786, 0.931952714920044, -0.13987672328948975, 0.04478352144360542, 0.1849745512008667, 0.9747071266174316),
            ["LeftFoot"] = CFrame.new(2.9802322387695312e-08, 0, 3.725290298461914e-08, 0.9517940282821655, -0.25342944264411926, 0.1728048026561737, 0.30625778436660767, 0.7536393404006958, -0.5815789699554443, 0.0171568151563406, 0.6064661741256714, 0.7949241995811462),
            ["RightHand"] = CFrame.new(0, -1.7881393432617188e-07, 1.4901161193847656e-07, 0.8812469244003296, -0.49251043796539307, 0.014791920781135559, 0.4348301887512207, 0.8259006142616272, -0.33547458052635193, 0.18527428805828094, 0.27444785833358765, 0.9419331550598145),
            ["RightLowerLeg"] = CFrame.new(-6.705522537231445e-08, -1.7881393432617188e-07, 1.6560807125642896e-07, 1, 2.2351731132630448e-08, 1.8626434439283912e-07, 4.4098140961068566e-07, 0.36414289474487305, 0.9313430786132812, -1.7881399116959074e-07, -0.9313431978225708, 0.36414289474487305),
            ["LeftUpperLeg"] = CFrame.new(0.000025480985641479492, 0.00012573925778269768, 0.004997521638870239, 0.955010712146759, 0.17258425056934357, -0.24118271470069885, -0.28211942315101624, 0.7794397473335266, -0.5593587160110474, 0.09145113825798035, 0.6022361516952515, 0.7930629253387451),
            ["LeftLowerLeg"] = CFrame.new(-4.0978193283081055e-08, 2.384185791015625e-07, -2.9802322387695312e-08, 1, 9.685756197086448e-08, 5.960465898624534e-08, -9.685754776000977e-08, 0.28537145256996155, 0.9584171175956726, 5.960464477539063e-08, -0.9584170579910278, 0.28537142276763916),
        }},
        {Time = 0.100, Data = {
            ["RightFoot"] = CFrame.new(-4.470348358154297e-08, 2.980232238769531e-07, 1.287116901949048e-08, 0.8818560838699341, 0.22286944091320038, -0.4155237078666687, -0.37619417905807495, 0.8638342022895813, -0.33506447076797485, 0.2842670977115631, 0.4517962336540222, 0.8456192016601562),
            ["LeftLowerArm"] = CFrame.new(-1.1920928955078125e-07, 3.5762786865234375e-07, -5.960464477539063e-08, 0.9999194741249084, -0.0013406082289293408, 0.013745714910328388, -0.008328096009790897, 0.8080765008926392, -0.5822803378105164, 0.009580722078680992, 0.5890759825706482, 0.8128718137741089),
            ["RightUpperArm"] = CFrame.new(0, -0.06523752212524414, 1.7508864402770996e-07, 0.7830060124397278, -0.12057273834943771, 0.6102162003517151, 0.3198087811470032, 0.9194692969322205, -0.22868786752223969, -0.5335016846656799, 0.3742170035839081, 0.7585104703903198),
            ["Head"] = CFrame.new(1.210719347000122e-08, 1.1920928955078125e-07, 7.729977369308472e-08, 0.9986862540245056, 0.040132828056812286, 0.03186379745602608, -0.030293891206383705, 0.9638946056365967, -0.2645551264286041, -0.04133070632815361, 0.2632424533367157, 0.9638441205024719),
            ["LowerTorso"] = CFrame.new(0.013650195673108101, -0.3932030200958252, 0.1256811022758484, 0.9977209568023682, -0.0374869629740715, -0.05610448494553566, 0.040713705122470856, 0.9975139498710632, 0.05751865729689598, 0.05380869284272194, -0.05967192351818085, 0.9967667460441589),
            ["UpperTorso"] = CFrame.new(-1.1175870895385742e-08, 2.9802322387695312e-08, -6.642949301749468e-09, 0.9993692636489868, -0.022222870960831642, 0.027699805796146393, 0.009078368544578552, 0.9139576554298401, 0.4057084918022156, -0.034332334995269775, -0.4052007794380188, 0.9135828018188477),
            ["HumanoidRootPart"] = CFrame.new(0, 0, 0, 1, 0, 0, 0, 1, 0, 0, 0, 1),
            ["RightUpperLeg"] = CFrame.new(-0.000025510787963867188, -0.00012552086263895035, -0.004997456446290016, 0.9225677251815796, 0.10290388017892838, 0.3718601167201996, 0.20672652125358582, 0.681935727596283, -0.7015898823738098, -0.3257805407047272, 0.7241371273994446, 0.607858419418335),
            ["LeftUpperArm"] = CFrame.new(0, -0.06523752212524414, 2.1606683731079102e-07, 0.35555392503738403, -0.10037079453468323, -0.9292508363723755, -0.42677953839302063, 0.8670839071273804, -0.2569522559642792, 0.8315290808677673, 0.48794588446617126, 0.2654589116573334),
            ["RightLowerArm"] = CFrame.new(1.7881393432617188e-07, 1.7881393432617188e-07, 2.384185791015625e-07, 0.9998571276664734, 0.01342331524938345, -0.012669320218265057, 0.013622388243675232, 0.9871208071708679, -0.1513650119304657, -0.010007798671722412, 0.15941277146339417, 0.9883967041969299),
            ["LeftHand"] = CFrame.new(4.842877388000488e-08, 0, -2.9802322387695312e-08, 0.9869032502174377, 0.18100005388259888, -0.1469007283449173, -0.142547145485878, 0.9739684462547302, -0.11474002152681351, 0.0755133330821991, 0.1364719271659851, 0.9824738502502441),
            ["LeftFoot"] = CFrame.new(2.2351741790771484e-08, 0, -1.4901161193847656e-08, 0.9521316289901733, -0.29454419016838074, 0.08178585767745972, 0.2871043086051941, 0.7697837948799133, -0.5700911283493042, 0.10495971143245697, 0.5662832260131836, 0.817500650882721),
            ["RightHand"] = CFrame.new(1.9371509552001953e-07, -2.980232238769531e-07, 3.166496753692627e-08, 0.895298182964325, -0.4581705331802368, 0.021325284615159035, 0.43140265345573425, 0.8681724071502686, -0.20565791428089142, 0.11105365306138992, 0.1906733512878418, 0.9783915281295776),
            ["RightLowerLeg"] = CFrame.new(-7.450580596923828e-09, -5.960464477539063e-08, 9.110226528719068e-08, 1, -1.3411039390121005e-07, 1.4156093186556973e-07, 3.8743027630516735e-07, 0.34465134143829346, 0.9387307167053223, -5.960465898624534e-08, -0.9387307167053223, 0.3446515202522278),
            ["LeftUpperLeg"] = CFrame.new(0.000025480985641479492, 0.00012561259791254997, 0.004997493699193001, 0.9474557042121887, 0.2614946961402893, -0.18425047397613525, -0.3188036382198334, 0.72451251745224, -0.611102283000946, -0.02630808763206005, 0.6377320885658264, 0.7698089480400085),
            ["LeftLowerLeg"] = CFrame.new(-1.1175870895385742e-08, -2.980232238769531e-07, 7.450580596923828e-08, 1, 6.891784920526334e-08, 5.96046660916727e-08, -8.568166975919667e-08, 0.2179652750492096, 0.9759564995765686, 4.470347647611561e-08, -0.9759564995765686, 0.21796557307243347),
        }},
        {Time = 0.133, Data = {
            ["RightFoot"] = CFrame.new(2.514570951461792e-08, 2.980232238769531e-07, -1.6931153368204832e-08, 0.9298619031906128, 0.18838700652122498, -0.3160182237625122, -0.2900356948375702, 0.9038228988647461, -0.3146168887615204, 0.22635403275489807, 0.38420650362968445, 0.8950690627098083),
            ["LeftLowerArm"] = CFrame.new(-1.1920928955078125e-07, -1.7881393432617188e-07, 0, 0.9999792575836182, 0.003469985444098711, 0.005857347976416349, -0.0016634924104437232, 0.7089357972145081, -0.7015045285224915, 0.006235262379050255, 0.7052645087242126, 0.7126408815383911),
            ["RightUpperArm"] = CFrame.new(1.1920928955078125e-07, -0.06523764133453369, 1.1175870895385742e-07, 0.8093363046646118, -0.07969021797180176, 0.5819144248962402, 0.2358601838350296, 0.9514560103416443, -0.19774089753627777, -0.5379077792167664, 0.2972896695137024, 0.7888436317443848),
            ["Head"] = CFrame.new(6.51925802230835e-09, 2.384185791015625e-07, 7.3225237429142e-08, 0.9982249736785889, 0.048531267791986465, 0.034521326422691345, -0.03821855038404465, 0.9665383696556091, -0.2536587715148926, -0.045676592737436295, 0.25188934803009033, 0.9666776657104492),
            ["LowerTorso"] = CFrame.new(0.04636458307504654, -0.34856724739074707, 0.10372013598680496, 0.9974051117897034, -0.04986344277858734, -0.051930494606494904, 0.05449555069208145, 0.9942688941955566, 0.09197614341974258, 0.0470464862883091, -0.09456762671470642, 0.9944061636924744),
            ["UpperTorso"] = CFrame.new(9.080395102500916e-09, -1.1920928955078125e-07, 2.7939677238464355e-08, 0.9996708035469055, -0.01265600137412548, 0.022322475910186768, 0.003741038031876087, 0.9324989914894104, 0.36115339398384094, -0.025386305525898933, -0.360950767993927, 0.932239294052124),
            ["HumanoidRootPart"] = CFrame.new(0, 0, 0, 1, 0, 0, 0, 1, 0, 0, 0, 1),
            ["RightUpperLeg"] = CFrame.new(-0.000025570392608642578, -0.00012565497308969498, -0.004997460171580315, 0.9685516357421875, 0.04510572925209999, 0.24469074606895447, 0.14927561581134796, 0.6814392805099487, -0.7164895534515381, -0.1990593671798706, 0.7304835319519043, 0.653275728225708),
            ["LeftUpperArm"] = CFrame.new(-1.1920928955078125e-07, -0.06523728370666504, 4.0978193283081055e-08, 0.3226920962333679, -0.09118189662694931, -0.9421018958091736, -0.40414851903915405, 0.8867765665054321, -0.22425764799118042, 0.855881929397583, 0.4531150758266449, 0.2493043839931488),
            ["RightLowerArm"] = CFrame.new(1.1920928955078125e-07, -5.960464477539062e-07, 1.7881393432617188e-07, 0.9999666213989258, 0.006056052632629871, -0.005939391441643238, 0.0063250414095819, 0.9942163825035095, -0.10440134257078171, -0.00515728211030364, 0.10722513496875763, 0.9945176243782043),
            ["LeftHand"] = CFrame.new(1.4901161193847656e-07, 1.1920928955078125e-07, -2.086162567138672e-07, 0.9958441257476807, 0.03750905022025108, -0.11677179485559464, -0.012470322661101818, 0.996261715888977, -0.0768548846244812, 0.09021657705307007, 0.0778176411986351, 0.9901806712150574),
            ["LeftFoot"] = CFrame.new(-4.0978193283081055e-08, 1.1920928955078125e-07, -3.725290298461914e-09, 0.9337440133094788, -0.3392440974712372, -0.11417295783758163, 0.24959374964237213, 0.8457224369049072, -0.4716532230377197, 0.256564199924469, 0.4119066298007965, 0.8743614554405212),
            ["RightHand"] = CFrame.new(8.381903171539307e-08, 1.1920928955078125e-07, -8.940696716308594e-08, 0.9125531911849976, -0.4168080985546112, 0.010231025516986847, 0.40272513031959534, 0.8982163071632385, -0.1461125910282135, 0.07112625986337662, 0.13956567645072937, 0.989215075969696),
            ["RightLowerLeg"] = CFrame.new(-1.341104507446289e-07, -2.384185791015625e-07, -5.790934665128589e-08, 1, 1.5646212148112681e-07, 1.862644296579674e-07, 4.5634806156158447e-07, 0.40737056732177734, 0.9132630228996277, -2.1606683731079102e-07, -0.9132629632949829, 0.40737053751945496),
            ["LeftUpperLeg"] = CFrame.new(0.000025391578674316406, 0.00012548081576824188, 0.0049974918365478516, 0.9125378131866455, 0.39955809712409973, -0.08733727782964706, -0.34896546602249146, 0.6492773294448853, -0.6757678985595703, -0.21330216526985168, 0.6471416354179382, 0.7319222092628479),
            ["LeftLowerLeg"] = CFrame.new(5.960464477539063e-08, -2.384185791015625e-07, -1.2665987014770508e-07, 1, 8.195636524988004e-08, 6.705523247774181e-08, -8.940696716308594e-08, 0.22767776250839233, 0.9737366437911987, 8.940696716308594e-08, -0.9737365245819092, 0.22767777740955353),
        }},
        {Time = 0.167, Data = {
            ["RightFoot"] = CFrame.new(-7.799826562404633e-08, 2.384185791015625e-07, -3.3694959711283445e-08, 0.9739351272583008, 0.12052752077579498, -0.19215597212314606, -0.15995150804519653, 0.9655925035476685, -0.20505325496196747, 0.1608290821313858, 0.23044395446777344, 0.959702730178833),
            ["LeftLowerArm"] = CFrame.new(0, 3.5762786865234375e-07, 1.4901161193847656e-07, 0.9999997615814209, 0.0006632577860727906, 0.00043228836148045957, 0.0000731041727703996, 0.6220719814300537, -0.7826124429702759, 0.0007839606259949505, 0.7829597592353821, 0.6225091218948364),
            ["RightUpperArm"] = CFrame.new(1.1920928955078125e-07, -0.06523799896240234, 2.3096799850463867e-07, 0.8445197939872742, -0.04747578501701355, 0.5334157943725586, 0.1593598574399948, 0.9732180833816528, -0.1656835526227951, -0.5112639665603638, 0.22492802143096924, 0.8294676542282104),
            ["Head"] = CFrame.new(1.862645149230957e-09, 1.1920928955078125e-07, 8.715142030268908e-08, 0.9984471797943115, 0.050247740000486374, 0.024053897708654404, -0.04269587621092796, 0.9675703644752502, -0.24896743893623352, -0.035783860832452774, 0.2475537806749344, 0.9682132005691528),
            ["LowerTorso"] = CFrame.new(0.07702641189098358, -0.239182710647583, 0.0722932517528534, 0.998228132724762, -0.0317155197262764, -0.05034574866294861, 0.03818569704890251, 0.9903464913368225, 0.13325034081935883, 0.04563348367810249, -0.1349368542432785, 0.989802896976471),
            ["UpperTorso"] = CFrame.new(-1.7171259969472885e-08, -2.384185791015625e-07, 1.862645149230957e-08, 0.9993736743927002, -0.027793826535344124, 0.021903982385993004, 0.019905494526028633, 0.9532843828201294, 0.3014179766178131, -0.029258135706186295, -0.30079326033592224, 0.9532405138015747),
            ["HumanoidRootPart"] = CFrame.new(0, 0, 0, 1, 0, 0, 0, 1, 0, 0, 0, 1),
            ["RightUpperLeg"] = CFrame.new(-0.000025480985641479492, -0.0001259148120880127, -0.004997462034225464, 0.9966270923614502, -0.06185043603181839, 0.05393657460808754, 0.08194176107645035, 0.7140874862670898, -0.6952440142631531, 0.004486015532165766, 0.6973187923431396, 0.7167472839355469),
            ["LeftUpperArm"] = CFrame.new(0, -0.06523776054382324, 3.0919909477233887e-07, 0.3119858205318451, -0.08542001247406006, -0.9462389945983887, -0.39152514934539795, 0.8958922028541565, -0.20996513962745667, 0.8656632900238037, 0.4359823763370514, 0.24606162309646606),
            ["RightLowerArm"] = CFrame.new(2.384185791015625e-07, -2.980232238769531e-07, 5.960464477539063e-08, 0.9999998807907104, 0.00041005908860825, -0.0003725297865457833, 0.0004324485780671239, 0.9977821707725525, -0.06641166657209396, -0.00034393827081657946, 0.06656093150377274, 0.9977921843528748),
            ["LeftHand"] = CFrame.new(-7.450580596923828e-09, -5.960464477539063e-08, -5.960464477539063e-08, 0.9925838112831116, 0.056242167949676514, -0.11042667925357819, -0.05913526937365532, 0.9974531531333923, -0.038026683032512665, 0.10620896518230438, 0.043864283710718155, 0.9931566119194031),
            ["LeftFoot"] = CFrame.new(5.21540641784668e-08, 0, -3.3527612686157227e-08, 0.8887854218482971, -0.35637062788009644, -0.2882021963596344, 0.2620996832847595, 0.9110525250434875, -0.3182564079761505, 0.3759844899177551, 0.20732438564300537, 0.9031347632408142),
            ["RightHand"] = CFrame.new(-3.725290298461914e-09, 2.384185791015625e-07, 2.9802322387695312e-08, 0.9325665235519409, -0.36146989464759827, -0.01396650355309248, 0.35486114025115967, 0.9233687520027161, -0.14389251172542572, 0.06628146767616272, 0.12934385240077972, 0.9894947409629822),
            ["RightLowerLeg"] = CFrame.new(7.543712854385376e-08, -4.76837158203125e-07, -9.143695933744311e-08, 1, -1.4435489958941616e-07, 2.3841855067985307e-07, 4.1536981143508456e-07, 0.5380408763885498, 0.8429186940193176, 2.9802318834981634e-08, -0.8429187536239624, 0.5380410552024841),
            ["LeftUpperLeg"] = CFrame.new(0.000025540590286254883, 0.00012535229325294495, 0.004997506737709045, 0.8645056486129761, 0.5022222995758057, 0.020071377977728844, -0.3521960973739624, 0.6337788105010986, -0.6886811852455139, -0.35859164595603943, 0.5883001685142517, 0.7247864603996277),
            ["LeftLowerLeg"] = CFrame.new(-9.685754776000977e-08, -1.7881393432617188e-07, 2.277083694934845e-07, 1, 1.4901157641133977e-08, 4.470350489782504e-08, -5.960463766996327e-08, 0.3092246949672699, 0.9509890675544739, 7.404013757650318e-08, -0.9509890675544739, 0.30922484397888184),
        }},
        {Time = 0.200, Data = {
            ["RightFoot"] = CFrame.new(-3.3527612686157227e-08, 1.1920928955078125e-07, -1.3205863069742918e-08, 0.9959146976470947, 0.02968684397637844, -0.08528096973896027, -0.0367174968123436, 0.9959482550621033, -0.0820915624499321, 0.08249762654304504, 0.08488750457763672, 0.9929693937301636),
            ["LeftLowerArm"] = CFrame.new(-1.7881393432617188e-07, -1.1920928955078125e-07, -5.960464477539063e-08, 0.999958336353302, -0.007871984504163265, -0.003727738047018647, -0.0014038706431165338, 0.5577549934387207, -0.8333690762519836, -0.009024778380990028, 0.8299683332443237, 0.552704393863678),
            ["RightUpperArm"] = CFrame.new(1.1920928955078125e-07, -0.06523776054382324, 1.8998980522155762e-07, 0.8850349187850952, -0.015179863199591637, 0.46527740359306335, 0.08665791153907776, 0.9873708486557007, -0.13262474536895752, -0.4573878049850464, 0.15769712626934052, 0.8751729726791382),
            ["Head"] = CFrame.new(-1.257285475730896e-08, -3.5762786865234375e-07, 1.7113052308559418e-08, 0.9985469579696655, 0.053296010941267014, 0.007983822375535965, -0.04989810287952423, 0.97032630443573, -0.23659490048885345, -0.02035648375749588, 0.23585274815559387, 0.9715756177902222),
            ["LowerTorso"] = CFrame.new(0.1071198433637619, -0.13536286354064941, 0.038357872515916824, 0.9987992644309998, 0.0021869726479053497, -0.04894179105758667, 0.006015487015247345, 0.985969066619873, 0.16681988537311554, 0.04861978068947792, -0.16691407561302185, 0.9847719669342041),
            ["UpperTorso"] = CFrame.new(6.868503987789154e-09, -1.1920928955078125e-07, -2.3283064365386963e-09, 0.9976596832275391, -0.06316525489091873, 0.026181403547525406, 0.055090177804231644, 0.9693541526794434, 0.2394111156463623, -0.04050137475132942, -0.23740839958190918, 0.9705653190612793),
            ["HumanoidRootPart"] = CFrame.new(0, 0, 0, 1, 0, 0, 0, 1, 0, 0, 0, 1),
            ["RightUpperLeg"] = CFrame.new(-0.000025451183319091797, -0.000125508988276124, -0.004997497424483299, 0.9800089597702026, -0.14978867769241333, -0.1309417486190796, 0.026884254068136215, 0.7518203258514404, -0.6588193774223328, 0.1971287578344345, 0.6421289443969727, 0.7408180236816406),
            ["LeftUpperArm"] = CFrame.new(0, -0.06523776054382324, 1.862645149230957e-09, 0.34843721985816956, -0.05661322921514511, -0.9356210827827454, -0.3815077841281891, 0.9031885266304016, -0.19672897458076477, 0.8561794757843018, 0.42549437284469604, 0.293105810880661),
            ["RightLowerArm"] = CFrame.new(1.1920928955078125e-07, 2.980232238769531e-07, 0, 0.9999953508377075, -0.0024731492158025503, 0.001745664281770587, -0.0026091027539223433, 0.9989270567893982, -0.04699564352631569, 0.0016457248711958528, 0.04624499753117561, 0.9988935589790344),
            ["LeftHand"] = CFrame.new(1.1175870895385742e-07, -5.960464477539063e-08, -8.940696716308594e-08, 0.9861868619918823, 0.1134750172495842, -0.10197268426418304, -0.1146860346198082, 0.9935314059257507, 0.021437732502818108, 0.11950934678316116, -0.004350778181105852, 0.9945562481880188),
            ["LeftFoot"] = CFrame.new(2.2351741790771484e-08, 1.1920928955078125e-07, -9.685754776000977e-08, 0.8562880754470825, -0.28465718030929565, -0.4309767186641693, 0.21596509218215942, 0.9553029537200928, -0.20187996327877045, 0.4691799283027649, 0.07979165017604828, 0.8794905543327332),
            ["RightHand"] = CFrame.new(1.4156103134155273e-07, 1.1920928955078125e-07, 2.9802322387695312e-08, 0.955004096031189, -0.28739994764328003, -0.04293598234653473, 0.28772661089897156, 0.9504433870315552, -0.1373797357082367, 0.07197604328393936, 0.11856891214847565, 0.9895874261856079),
            ["RightLowerLeg"] = CFrame.new(-2.2351741790771484e-08, 5.960464477539063e-08, -1.3205863069742918e-08, 1, 1.4808018988787808e-07, 1.5087421445514337e-07, 4.2095774688277743e-07, 0.6535325050354004, 0.7568981647491455, -6.332992796842518e-08, -0.7568984031677246, 0.6535329222679138),
            ["LeftUpperLeg"] = CFrame.new(0.000025510787963867188, 0.00012556480942294002, 0.004997458308935165, 0.7931908369064331, 0.5962797999382019, 0.12368768453598022, -0.36092638969421387, 0.6239005923271179, -0.6931667327880859, -0.49048998951911926, 0.5051717758178711, 0.710085391998291),
            ["LeftLowerLeg"] = CFrame.new(-1.4901161193847656e-08, -2.980232238769531e-07, 2.3096799850463867e-07, 1, 7.450577044210149e-08, 7.450584860180243e-08, -4.470348358154297e-08, 0.33765849471092224, 0.9412686228752136, 4.470348358154297e-08, -0.9412687420845032, 0.3376588523387909),
        }},
        {Time = 0.233, Data = {
            ["RightFoot"] = CFrame.new(1.0244548320770264e-08, 2.980232238769531e-07, 3.149762051180005e-08, 0.9980621337890625, -0.028884271159768105, 0.055114489048719406, 0.03003421425819397, 0.9993457794189453, -0.020154308527708054, -0.054497309029102325, 0.02177027240395546, 0.9982767105102539),
            ["LeftLowerArm"] = CFrame.new(-5.960464477539063e-08, -2.384185791015625e-07, 2.086162567138672e-07, 0.9998604655265808, -0.013272983953356743, -0.008086025714874268, -0.0003197963524144143, 0.5284742116928101, -0.8556948304176331, -0.016703808680176735, 0.8488455414772034, 0.5174175500869751),
            ["RightUpperArm"] = CFrame.new(1.1920928955078125e-07, -0.06523764133453369, 1.0803341865539551e-07, 0.9257638454437256, 0.006957346573472023, 0.3780384957790375, 0.03129661828279495, 0.994989812374115, -0.09495294094085693, -0.3768048882484436, 0.09973470866680145, 0.9209076762199402),
            ["Head"] = CFrame.new(1.0244548320770264e-08, 0, 5.5588316172361374e-08, 0.9983571171760559, 0.05683489516377449, -0.007269943132996559, -0.057086680084466934, 0.9757493138313293, -0.21131615340709686, -0.0049164779484272, 0.21138402819633484, 0.9773907661437988),
            ["LowerTorso"] = CFrame.new(0.13667649030685425, -0.08157730102539062, 0.007404292933642864, 0.9980842471122742, 0.04021819680929184, -0.047014858573675156, -0.03057943470776081, 0.9812630414962769, 0.19023092091083527, 0.05378454923629761, -0.18842892348766327, 0.9806129932403564),
            ["UpperTorso"] = CFrame.new(6.984919309616089e-09, -2.086162567138672e-07, 1.862645149230957e-09, 0.993901252746582, -0.10479652136564255, 0.03432493656873703, 0.09718339890241623, 0.979497492313385, 0.17646582424640656, -0.052114088088274, -0.1720535308122635, 0.9837080836296082),
            ["HumanoidRootPart"] = CFrame.new(0, 0, 0, 1, 0, 0, 0, 1, 0, 0, 0, 1),
            ["RightUpperLeg"] = CFrame.new(-0.000025391578674316406, -0.0001257224939763546, -0.004997508600354195, 0.9422476887702942, -0.22002144157886505, -0.2525063157081604, 0.006835187319666147, 0.7664153575897217, -0.6423089504241943, 0.33484718203544617, 0.6034882664680481, 0.7236571907997131),
            ["LeftUpperArm"] = CFrame.new(-1.1920928955078125e-07, -0.06523799896240234, 4.842877388000488e-08, 0.4467813968658447, 0.014794627204537392, -0.8945205807685852, -0.36620619893074036, 0.9152849316596985, -0.16776840388774872, 0.816259503364563, 0.40253540873527527, 0.41435107588768005),
            ["RightLowerArm"] = CFrame.new(-2.086162567138672e-07, 1.7881393432617188e-07, 8.940696716308594e-08, 0.9999925494194031, -0.003153336001560092, 0.0020495017524808645, -0.0033971411176025867, 0.9972172379493713, -0.07551366835832596, 0.0018323553958907723, 0.07448366284370422, 0.9971426129341125),
            ["LeftHand"] = CFrame.new(0, -5.960464477539063e-08, 0, 0.9941290020942688, -0.066617451608181, -0.061877790838479996, 0.055151231586933136, 0.990180253982544, 0.11794539541006088, 0.0930907130241394, -0.12290238589048386, 0.9910902976989746),
            ["LeftFoot"] = CFrame.new(-8.940696716308594e-08, -5.960464477539063e-08, -4.470348358154297e-08, 0.8276491761207581, -0.14237813651561737, -0.5428857207298279, 0.08657923340797424, 0.9880979657173157, -0.12714777886867523, 0.5545276403427124, 0.05823105201125145, 0.830125629901886),
            ["RightHand"] = CFrame.new(6.705522537231445e-08, -1.1920928955078125e-07, 2.9802322387695312e-08, 0.9745158553123474, -0.20486344397068024, -0.06555190682411194, 0.2102060765028, 0.9728036522865295, -0.12554019689559937, 0.07830810546875, 0.10809310525655746, 0.9899204969406128),
            ["RightLowerLeg"] = CFrame.new(-5.21540641784668e-08, 1.1920928955078125e-07, 7.620110409334302e-08, 1, 1.0430809993522416e-07, 2.598388846308808e-07, 4.02331437499015e-07, 0.7112969756126404, 0.70289146900177, -1.1362138252479781e-07, -0.7028916478157043, 0.7112970948219299),
            ["LeftUpperLeg"] = CFrame.new(0.0000254213809967041, 0.00012570410035550594, 0.004997492767870426, 0.7007573843002319, 0.7033098340034485, 0.11955732852220535, -0.4281476140022278, 0.5486636161804199, -0.7180933952331543, -0.5706390142440796, 0.4520215690135956, 0.6856003999710083),
            ["LeftLowerLeg"] = CFrame.new(1.7881393432617188e-07, -1.1920928955078125e-07, -8.568167686462402e-08, 1, 1.1175872316471214e-07, 1.4901159417490817e-08, -1.9371509552001953e-07, 0.275542289018631, 0.9612890481948853, 2.9802322387695312e-08, -0.9612889885902405, 0.27554216980934143),
        }},
        {Time = 0.267, Data = {
            ["RightFoot"] = CFrame.new(1.3597309589385986e-07, 2.980232238769531e-07, -2.8107024263590574e-08, 0.9968464374542236, -0.020424460992217064, 0.0766814574599266, 0.021855637431144714, 0.9996013641357422, -0.017873842269182205, -0.07628672569990158, 0.019493063911795616, 0.9968954920768738),
            ["LeftLowerArm"] = CFrame.new(8.940696716308594e-08, -4.172325134277344e-07, -9.872019290924072e-08, 0.999817430973053, -0.012141555547714233, -0.013077439740300179, 0.004650694318115711, 0.5323650240898132, -0.8557354807853699, -0.018533527851104736, 0.846427857875824, 0.517248272895813),
            ["RightUpperArm"] = CFrame.new(-1.1920928955078125e-07, -0.06523728370666504, 1.587904989719391e-07, 0.9555809497833252, 0.017979266121983528, 0.2941800653934479, -0.0006244590622372925, 0.9982588887214661, -0.05898201838135719, -0.29472801089286804, 0.056178297847509384, 0.9539283514022827),
            ["Head"] = CFrame.new(-2.514570951461792e-08, 3.5762786865234375e-07, 2.7765054255723953e-08, 0.9980348348617554, 0.060391537845134735, -0.01671549491584301, -0.06247931718826294, 0.9794270396232605, -0.19188258051872253, 0.004783508833497763, 0.19255000352859497, 0.9812755584716797),
            ["LowerTorso"] = CFrame.new(0.16500157117843628, -0.06591534614562988, -0.018674330785870552, 0.9957262873649597, 0.08040124922990799, -0.04544108361005783, -0.06986874341964722, 0.9775726199150085, 0.19867098331451416, 0.060395218431949615, -0.19464713335037231, 0.9790122509002686),
            ["UpperTorso"] = CFrame.new(1.5832483768463135e-08, 3.2782554626464844e-07, 1.30385160446167e-08, 0.9881641864776611, -0.1479337513446808, 0.04058695584535599, 0.14181843400001526, 0.9818547964096069, 0.1258915364742279, -0.05847399681806564, -0.11864547431468964, 0.9912134408950806),
            ["HumanoidRootPart"] = CFrame.new(0, 0, 0, 1, 0, 0, 0, 1, 0, 0, 0, 1),
            ["RightUpperLeg"] = CFrame.new(-0.000025480985641479492, -0.00012578372843563557, -0.004997551906853914, 0.9472907781600952, -0.24044033885002136, -0.21172700822353363, 0.046221308410167694, 0.7565287351608276, -0.6523246765136719, 0.317023366689682, 0.6081551909446716, 0.7277665734291077),
            ["LeftUpperArm"] = CFrame.new(-1.1920928955078125e-07, -0.06523716449737549, 1.4761462807655334e-07, 0.5817877054214478, 0.10339144617319107, -0.806742250919342, -0.35110771656036377, 0.9266321063041687, -0.13444694876670837, 0.7336527705192566, 0.3614735007286072, 0.5754051208496094),
            ["RightLowerArm"] = CFrame.new(3.5762786865234375e-07, 2.384185791015625e-07, -5.960464477539063e-08, 0.999984085559845, -0.0036244140937924385, 0.004132504109293222, -0.004345335531979799, 0.9886247515678406, -0.1521407812833786, 0.0035842666402459145, 0.15035925805568695, 0.9883501529693604),
            ["LeftHand"] = CFrame.new(1.341104507446289e-07, -5.960464477539063e-08, -1.1920928955078125e-07, 0.9764841198921204, -0.2488897293806076, -0.046470705419778824, 0.20728977024555206, 0.9398626685142517, 0.1978151500225067, 0.0592426173388958, -0.23390623927116394, 0.979137122631073),
            ["LeftFoot"] = CFrame.new(-4.470348358154297e-08, -5.960464477539063e-08, 7.450580596923828e-08, 0.8741033673286438, -0.1373889148235321, -0.4659045338630676, 0.06580469012260437, 0.9838168621063232, -0.1666557788848877, 0.48126187920570374, 0.11501599848270416, 0.8689988255500793),
