return {
    ["Bim Bam Toi"] = {
        [1] = {Time = 0.000, Data = {
            ["LeftLowerArm"] = CFrame.new(-8.940696716308594e-08, 5.960464477539063e-08, 0, 1, 1.862645371275562e-09, -2.0954760149294316e-09, -1.862645371275562e-09, 0.997938871383667, -0.06417293101549149, -1.3504179108281278e-08, 0.06417297571897507, 0.9979388117790222),
            ["LeftFoot"] = CFrame.new(9.284121915698051e-09, 0, 4.0978193283081055e-08, 0.9961521625518799, 0.032621417194604874, 0.08134476840496063, 0.021933965384960175, 0.8058169484138489, -0.5917584896087646, -0.08485297113656998, 0.5912656188011169, 0.8020006418228149),
            ["RightHand"] = CFrame.new(8.754432201385498e-08, 1.1920928955078125e-07, -1.862645149230957e-09, 1, 1.4901159417490817e-08, 2.9802322387695312e-08, 0, 1, 7.450580596923828e-09, 2.9802322387695312e-08, 1.4901159417490817e-08, 1),
            ["HumanoidRootPart"] = CFrame.new(0, 0, 0, 1, 0, 0, 0, 1, 0, 0, 0, 1),
            ["CameraBone"] = CFrame.new(-1.1908742189407349, -0.5186991691589355, -3.0989298820495605, -0.99997878074646, 0, -0.006509983912110329, 0, 1, 0, 0.006509983912110329, 0, -0.99997878074646),
            ["RightLowerLeg"] = CFrame.new(-0.00001104855618905276, -0.0003382563591003418, -0.003314343048259616, 1, -0.00013684789882972836, -0.00005508288450073451, 0.0001330146478721872, 0.6751116514205933, 0.7377153635025024, -0.00006376498640747741, -0.7377156019210815, 0.6751119494438171),
            ["RightFoot"] = CFrame.new(-6.351910997182131e-09, 4.172325134277344e-07, 1.5665136743336916e-08, 0.9925944209098816, 0.03792755678296089, 0.11540351808071136, 0.028374621644616127, 0.8513397574424744, -0.5238466858863831, -0.11811577528715134, 0.5232418775558472, 0.8439589738845825),
            ["LeftLowerLeg"] = CFrame.new(0.000011040669050998986, 0.0003388524055480957, 0.003314330242574215, 0.9999998807907104, 0.0005482336855493486, 0.00030282168881967664, -0.0005405928823165596, 0.5113404393196106, 0.8593780994415283, 0.0003162959183100611, -0.8593781590461731, 0.5113406181335449),
            ["RightUpperArm"] = CFrame.new(1.1920928955078125e-07, 1.1920928955078125e-07, -1.4901161193847656e-08, 0.963839054107666, 0.0234379842877388, -0.2654525637626648, -0.021594757214188576, 0.9997182488441467, 0.009860636666417122, 0.2656088173389435, -0.003771683666855097, 0.9640735983848572),
            ["Head"] = CFrame.new(3.5390257835388184e-08, 0, -3.725290298461914e-09, 0.988443911075592, 0.06918305158615112, -0.1348789632320404, -0.06850636005401611, 0.9976039528846741, 0.009657693095505238, 0.13522391021251678, -0.0003059152513742447, 0.9908151030540466),
            ["UpperTorso"] = CFrame.new(-1.862645149230957e-09, 8.940696716308594e-08, 0, 0.9829261898994446, -0.07690263539552689, -0.16715890169143677, 0.0864597037434578, 0.9949666261672974, 0.05065800994634628, 0.1624218076467514, -0.06424560397863388, 0.9846276640892029),
            ["LeftUpperArm"] = CFrame.new(1.1920928955078125e-07, 0, -7.450580596923828e-09, 0.9921942949295044, 0.11197465658187866, -0.05488267540931702, -0.10588377714157104, 0.9889732003211975, 0.10354143381118774, 0.0658714771270752, -0.09692207723855972, 0.9931098818778992),
            ["RightLowerArm"] = CFrame.new(1.1920928955078125e-07, 1.1920928955078125e-07, -1.6763806343078613e-08, 1, -5.960464477539063e-08, 3.725290298461914e-08, 8.009374141693115e-08, 0.8443089127540588, -0.5358568429946899, 7.086782716214657e-08, 0.5358568429946899, 0.8443089127540588),
            ["LeftHand"] = CFrame.new(-5.960464477539063e-08, -5.960464477539063e-08, -2.9802322387695312e-08, 0.9948395490646362, -0.10146144032478333, 1.3737007975578308e-08, 0.10146144777536392, 0.9948395490646362, 1.3969838619232178e-08, 9.31322685637781e-10, 0, 1),
            ["LowerTorso"] = CFrame.new(0.012019632384181023, -0.2322554588317871, 0.00294916401617229, 0.9970753192901611, -0.07642512768507004, 0, 0.07642512768507004, 0.9970753192901611, 0, 0, 0, 1),
            ["RightUpperLeg"] = CFrame.new(0, 1.7881393432617188e-07, -6.548361852765083e-11, 0.9992552995681763, 0.03718006983399391, -0.010322569869458675, -0.03858526796102524, 0.9607205986976624, -0.27482226490974426, -0.00030080886790528893, 0.27501583099365234, 0.9614396095275879),
            ["LeftUpperLeg"] = CFrame.new(0, 2.2724270820617676e-07, 0, 0.9990647435188293, 0.039960067719221115, -0.016518481075763702, -0.04323785752058029, 0.9197859168052673, -0.39003124833106995, -0.00039220592589117587, 0.3903806805610657, 0.9206534624099731)
        }},
        [2] = {Time = 0.033, Data = {
            ["LeftLowerArm"] = CFrame.new(-5.960464477539063e-08, -2.384185791015625e-07, -2.9802322387695312e-08, 1, 0, -3.632158041000366e-08, -1.862645149230957e-09, 0.9979628920555115, -0.06379740685224533, 1.3969838619232178e-08, 0.06379740685224533, 0.9979628920555115),
            ["LeftFoot"] = CFrame.new(-5.5530108511447906e-08, 1.1920928955078125e-07, 9.313225746154785e-09, 0.9964069724082947, 0.03130006417632103, 0.07869846373796463, 0.021642830222845078, 0.8042545914649963, -0.5938907861709595, -0.08188242465257645, 0.5934602618217468, 0.8006875514984131),
            ["RightHand"] = CFrame.new(-3.5390257835388184e-08, 5.960464477539063e-08, -3.725290298461914e-09, 1, -7.4505797087454084e-09, 7.4505797087454084e-09, -1.4901159417490817e-08, 1, -7.4505797087454084e-09, 2.9802318834981634e-08, 7.4505797087454084e-09, 1),
            ["HumanoidRootPart"] = CFrame.new(0, 0, 0, 1, 0, 0, 0, 1, 0, 0, 0, 1),
            ["CameraBone"] = CFrame.new(-1.1908742189407349, -0.5186991691589355, -3.0989298820495605, -0.99997878074646, 0, -0.006509983912110329, 0, 1, 0, 0.006509983912110329, 0, -0.99997878074646),
            ["RightLowerLeg"] = CFrame.new(-0.000011000316590070724, -0.00033855438232421875, -0.003314262954518199, 1, -0.0001387102820444852, -0.000056757831771392375, 0.00013474546722136438, 0.666671872138977, 0.7453509569168091, -0.00006554902938660234, -0.7453513741493225, 0.6666722297668457),
            ["RightFoot"] = CFrame.new(7.706694304943085e-08, 4.172325134277344e-07, -2.1587766241282225e-08, 0.9929473400115967, 0.03658677637577057, 0.11277009546756744, 0.028808405622839928, 0.8482233881950378, -0.5288544297218323, -0.11500334739685059, 0.5283734798431396, 0.8411871790885925),
            ["LeftLowerLeg"] = CFrame.new(0.00001114292535930872, 0.0003387331962585449, 0.0033143707551062107, 0.9999998211860657, 0.0005543548613786697, 0.00030792856705375016, -0.0005465743597596884, 0.5072627663612366, 0.8617913126945496, 0.00032153911888599396, -0.8617913126945496, 0.5072630643844604),
            ["RightUpperArm"] = CFrame.new(0, -1.1920928955078125e-07, -1.4901161193847656e-08, 0.9654048681259155, 0.03482550010085106, -0.2584192752838135, -0.02738489955663681, 0.9991018176078796, 0.032337795943021774, 0.2593134045600891, -0.02414228580892086, 0.9654914140701294),
            ["Head"] = CFrame.new(-5.774199962615967e-08, -1.1920928955078125e-07, -1.862645149230957e-08, 0.9880983233451843, 0.06246943026781082, -0.1405678242444992, -0.0620039701461792, 0.998046338558197, 0.007692787796258926, 0.14077375829219818, 0.0011146459728479385, 0.990041196346283),
            ["UpperTorso"] = CFrame.new(0, 2.9802322387695312e-08, 0, 0.9821264743804932, -0.08159343153238297, -0.16961759328842163, 0.09129558503627777, 0.9945578575134277, 0.05019780993461609, 0.16459868848323822, -0.06478593498468399, 0.9842306971549988),
            ["LeftUpperArm"] = CFrame.new(-1.1920928955078125e-07, -1.1920928955078125e-07, -2.9802322387695312e-08, 0.9923529624938965, 0.10864513367414474, -0.05858268588781357, -0.10224387794733047, 0.9894143342971802, 0.10298353433609009, 0.06915120035409927, -0.09620628505945206, 0.9929565191268921),
            ["RightLowerArm"] = CFrame.new(1.1920928955078125e-07, 3.5762786865234375e-07, 8.195638656616211e-08, 1, -5.960464477539063e-08, 4.4703490686970326e-08, 7.450580596923828e-08, 0.8411141037940979, -0.54085773229599, 6.356276571750641e-08, 0.54085773229599, 0.8411142230033875),
            ["LeftHand"] = CFrame.new(-3.725290298461914e-09, 2.980232238769531e-07, 7.450580596923828e-09, 0.9946707487106323, -0.10310277342796326, -5.587935447692871e-09, 0.10310278832912445, 0.9946706891059875, 1.1175870895385742e-08, -1.1175872671742582e-08, 0, 1),
            ["LowerTorso"] = CFrame.new(0.013532830402255058, -0.23534345626831055, 0.002613605232909322, 0.9972296953201294, -0.07438383996486664, 0, 0.07438383996486664, 0.9972296953201294, 0, 0, 0, 1),
            ["RightUpperLeg"] = CFrame.new(-2.9802322387695312e-08, -3.725290298461914e-08, -6.548361852765083e-11, 0.9992778301239014, 0.037192344665527344, -0.007780987769365311, -0.037882331758737564, 0.9592005610466003, -0.2801772654056549, -0.002956921700388193, 0.2802695035934448, 0.9599168300628662),
            ["LeftUpperLeg"] = CFrame.new(0, -3.725290298461914e-09, 0, 0.9990915656089783, 0.04029370844364166, -0.013872168026864529, -0.042505379766225815, 0.9189386963844299, -0.39210349321365356, -0.0030516302213072777, 0.392336905002594, 0.9198165535926819)
        }},
        [3] = {Time = 0.067, Data = {
            ["LeftLowerArm"] = CFrame.new(0, -1.7881393432617188e-07, 0, 1, 7.450580596923828e-09, -1.0244548320770264e-08, -1.1175870895385742e-08, 0.9980103373527527, -0.06305099278688431, -1.4901161193847656e-08, 0.06305098533630371, 0.9980103969573975),
            ["LeftFoot"] = CFrame.new(1.3504177331924438e-08, 0, -4.190951585769653e-08, 0.9970261454582214, 0.028801601380109787, 0.07148049771785736, 0.019830262288451195, 0.8004206418991089, -0.5991103053092957, -0.07446978241205215, 0.5987464785575867, 0.7974693775177002),
            ["RightHand"] = CFrame.new(1.4901161193847656e-07, -1.1920928955078125e-07, -1.6391277313232422e-07, 1, 7.450580596923828e-09, -1.4901159417490817e-08, 0, 1, 7.4505797087454084e-09, 7.450580596923828e-09, 0, 1),
            ["HumanoidRootPart"] = CFrame.new(0, 0, 0, 1, 0, 0, 0, 1, 0, 0, 0, 1),
            ["CameraBone"] = CFrame.new(-1.1908742189407349, -0.5186991691589355, -3.0989298820495605, -0.99997878074646, 0, -0.006509983912110329, 0, 1, 0, 0.006509983912110329, 0, -0.99997878074646),
            ["RightLowerLeg"] = CFrame.new(-0.00001098797656595707, -0.00033855438232421875, -0.003314307192340493, 1, -0.00014048535376787186, -0.00005951524508418515, 0.00013637308438774198, 0.6480474472045898, 0.761599600315094, -0.0000684307815390639, -0.7616000175476074, 0.648047924041748),
            ["RightFoot"] = CFrame.new(-2.9802322387695312e-08, 2.980232238769531e-07, 4.546745913103223e-08, 0.9938287138938904, 0.03400585800409317, 0.10558472573757172, 0.02857416309416294, 0.8412444591522217, -0.5398989915847778, -0.10718231648206711, 0.5395845174789429, 0.8350814580917358),
            ["LeftLowerLeg"] = CFrame.new(0.000011097639799118042, 0.00033843517303466797, 0.003314262256026268, 0.9999998807907104, 0.0005561963771469891, 0.0003130827972199768, -0.0005482869455590844, 0.4974795877933502, 0.8674752712249756, 0.0003267359861638397, -0.8674755692481995, 0.4974801540374756),
            ["RightUpperArm"] = CFrame.new(0, 2.384185791015625e-07, 2.2351741790771484e-08, 0.9680628776550293, 0.05481037497520447, -0.2446429431438446, -0.03731011226773262, 0.9964394569396973, 0.07560686767101288, 0.24791595339775085, -0.06406453996896744, 0.9666610360145569),
            ["Head"] = CFrame.new(-7.82310962677002e-08, 0, -3.725290298461914e-09, 0.9871315360069275, 0.044476695358753204, -0.15360127389431, -0.04465983808040619, 0.9989997148513794, 0.00225966889411211, 0.15354812145233154, 0.004629324655979872, 0.9881303310394287),
            ["UpperTorso"] = CFrame.new(9.313225746154785e-10, -2.9802322387695312e-08, 0, 0.980229377746582, -0.09232590347528458, -0.1750037521123886, 0.10232320427894592, 0.9935451149940491, 0.04897196590900421, 0.169352725148201, -0.0659107118844986, 0.983349084854126),
            ["LeftUpperArm"] = CFrame.new(0, 0, -7.450580596923828e-09, 0.9927685856819153, 0.09946287423372269, -0.06721482425928116, -0.09238680452108383, 0.9905622005462646, 0.10124889016151428, 0.07665099203586578, -0.09430696815252304, 0.9925879240036011),
            ["RightLowerArm"] = CFrame.new(-1.1920928955078125e-07, -1.1920928955078125e-07, -5.960464477539063e-08, 1, -7.450580596923828e-08, -7.450581485102248e-09, 8.195639367158947e-08, 0.8346797823905945, -0.5507356524467468, 6.053597445543346e-08, 0.550735592842102, 0.8346798419952393),
            ["LeftHand"] = CFrame.new(1.2665987014770508e-07, 0, -4.470348358154297e-08, 0.9943273663520813, -0.10636384785175323, 1.955777406692505e-08, 0.10636384785175323, 0.9943273663520813, 0, -1.769513069405093e-08, 1.862645504502325e-08, 1),
            ["LowerTorso"] = CFrame.new(0.015897667035460472, -0.24240541458129883, 0.001690467121079564, 0.9975241422653198, -0.07032623887062073, 0, 0.07032623887062073, 0.9975241422653198, 0, 0, 0, 1),
            ["RightUpperLeg"] = CFrame.new(1.1920928955078125e-07, 0, -6.548361852765083e-11, 0.9992854595184326, 0.03778801113367081, -0.0008648204384371638, -0.03639689087867737, 0.9558222889900208, -0.2916831076145172, -0.01019551046192646, 0.2915060818195343, 0.9565145969390869),
            ["LeftUpperLeg"] = CFrame.new(-1.1920928955078125e-07, -4.0978193283081055e-08, -1.1641532182693481e-10, 0.9991090297698975, 0.04165400192141533, -0.006803914904594421, -0.04093068465590477, 0.9169158935546875, -0.39697596430778503, -0.010297023691236973, 0.39690086245536804, 0.9178037643432617)
        }},
        [4] = {Time = 0.100, Data = {
            ["LeftLowerArm"] = CFrame.new(-5.960464477539063e-08, -5.960464477539063e-08, 2.9802322387695312e-08, 1, -1.1175870895385742e-08, -4.190951585769653e-09, -1.1175870895385742e-08, 0.9980173110961914, -0.06294123828411102, -9.313225746154785e-09, 0.06294125318527222, 0.9980172514915466),
            ["LeftFoot"] = CFrame.new(-1.862645149230957e-09, -5.960464477539063e-08, 4.022149369120598e-08, 0.9977304339408875, 0.02853698842227459, 0.060990624129772186, 0.014092903584241867, 0.7972033023834229, -0.6035465598106384, -0.0658453106880188, 0.6030361652374268, 0.7949917316436768),
            ["RightHand"] = CFrame.new(2.3469328880310059e-07, 0, 5.21540641784668e-08, 1, -1.4901161193847656e-08, 7.450580596923828e-09, 0, 1, -1.4901161193847656e-08, -7.450580596923828e-09, -7.450580596923828e-09, 1),
            ["HumanoidRootPart"] = CFrame.new(0, 0, 0, 1, 0, 0, 0, 1, 0, 0, 0, 1),
            ["CameraBone"] = CFrame.new(-1.1908742189407349, -0.5186991691589355, -3.0989298820495605, -0.99997878074646, 0, -0.006509983912110329, 0, 1, 0, 0.006509983912110329, 0, -0.99997878074646),
            ["RightLowerLeg"] = CFrame.new(-0.000011008232831954956, -0.0003381967544555664, -0.003314249450340867, 1, -0.00014326626842375845, -0.00006167917308630422, 0.0001390203833580017, 0.6391048431396484, 0.7691192626953125, -0.00007077120244503021, -0.7691196799278259, 0.6391052603721619),
            ["RightFoot"] = CFrame.new(7.776543498039246e-08, 2.980232238769531e-07, -3.52083588950336e-08, 0.9948984980583191, 0.0335819274187088, 0.095128133893013, 0.023927530273795128, 0.8375072479248047, -0.5459016561508179, -0.09800294041633606, 0.5453933477401733, 0.8324313759803772),
            ["LeftLowerLeg"] = CFrame.new(0.000011071097105741501, 0.00033861398696899414, 0.0033143945038318634, 0.9999998807907104, 0.0005590413347817957, 0.00031784214661456645, -0.0005510245100595057, 0.4900071322917938, 0.8717182874679565, 0.00033158253063447773, -0.8717183470726013, 0.4900071620941162),
            ["RightUpperArm"] = CFrame.new(0, 1.1920928955078125e-07, 2.9802322387695312e-08, 0.9680526852607727, 0.050644949078559875, -0.24557919800281525, -0.03207859396934509, 0.9963564872741699, 0.07902400940656662, 0.24868664145469666, -0.06862157583236694, 0.9661501049995422),
            ["Head"] = CFrame.new(-3.166496753692627e-08, 1.1920928955078125e-07, 2.60770320892334e-08, 0.9865118861198425, 0.025366000831127167, -0.16171227395534515, -0.026299504563212395, 0.9996474981307983, -0.0036343082319945097, 0.16156309843063354, 0.007838357239961624, 0.9868313670158386),
            ["UpperTorso"] = CFrame.new(0, 1.4901161193847656e-07, 0, 0.9791163206100464, -0.09894419461488724, -0.1775990128517151, 0.10900632292032242, 0.9928911924362183, 0.047798968851566315, 0.17160704731941223, -0.0661601647734642, 0.9829414486885071),
            ["LeftUpperArm"] = CFrame.new(-2.384185791015625e-07, -1.1920928955078125e-07, 0, 0.993347704410553, 0.08902996778488159, -0.07303495705127716, -0.08161714673042297, 0.9917475581169128, 0.09887084364891052, 0.08123472332954407, -0.0922522023320198, 0.992416501045227),
            ["RightLowerArm"] = CFrame.new(0, 5.960464477539063e-08, 9.12696123123169e-08, 1, -1.0430814256778831e-07, 3.725290653733282e-08, 7.078052277620372e-08, 0.8337244391441345, -0.5521807670593262, 5.587936158235607e-08, 0.5521807074546814, 0.8337244987487793),
            ["LeftHand"] = CFrame.new(-2.60770320892334e-08, 0, 2.9802322387695312e-08, 0.9942759275436401, -0.10684315115213394, 1.257285298095212e-08, 0.10684312134981155, 0.9942759275436401, 9.313224857976365e-09, -1.0244548320770264e-08, 1.862645326866641e-08, 1),
            ["LowerTorso"] = CFrame.new(0.013963606208562851, -0.2467285394668579, 0.0006448217900469899, 0.9975659251213074, -0.06972966343164444, 0, 0.06972966343164444, 0.9975659251213074, 0, 0, 0, 1),
            ["RightUpperLeg"] = CFrame.new(0, -3.725290298461914e-08, -7.275957614183426e-12, 0.9991294741630554, 0.040728241205215454, 0.009024468250572681, -0.03621511906385422, 0.954210102558136, -0.29693716764450073, -0.0207049660384655, 0.29635176062583923, 0.9548543691635132),
            ["LeftUpperLeg"] = CFrame.new(0, 8.568167686462402e-08, 0, 0.9989595413208008, 0.04551949352025986, 0.002813173457980156, -0.04058156535029411, 0.9153510928153992, -0.4006064236164093, -0.02081044390797615, 0.40007540583610535, 0.9162459373474121)
        }},
        [5] = {Time = 0.133, Data = {
            ["LeftLowerArm"] = CFrame.new(-5.960464477539063e-08, -2.980232238769531e-07, 2.9802322387695312e-08, 1, -5.587935447692871e-09, -1.3504177331924438e-08, -1.4901161193847656e-08, 0.9979388117790222, -0.06417296826839447, -2.1420419216156006e-08, 0.06417296826839447, 0.9979388117790222),
            ["LeftFoot"] = CFrame.new(3.958120942115784e-08, -5.960464477539063e-08, -4.7264620661735535e-08, 0.9982984662055969, 0.03261203318834305, 0.048339683562517166, 0.0031973011791706085, 0.7971256971359253, -0.603804886341095, -0.05822409316897392, 0.6029322147369385, 0.7956651449203491),
            ["RightHand"] = CFrame.new(-1.5320256352424622e-07, -5.960464477539063e-08, -7.171183824539185e-08, 1, 1.4901159417490817e-08, 4.470348358154297e-08, 1.4901161193847656e-08, 1, 0, -2.9802322387695312e-08, -2.9802318834981634e-08, 1),
            ["HumanoidRootPart"] = CFrame.new(0, 0, 0, 1, 0, 0, 0, 1, 0, 0, 0, 1),
            ["CameraBone"] = CFrame.new(-1.1908742189407349, -0.5186991691589355, -3.0989298820495605, -0.99997878074646, 0, -0.006509983912110329, 0, 1, 0, 0.006509983912110329, 0, -0.99997878074646),
            ["RightLowerLeg"] = CFrame.new(-0.00001115351915359497, -0.0003383159637451172, -0.003314258763566613, 1, -0.00014061293040867895, -0.00005883537232875824, 0.00013654118811246008, 0.6547682881355286, 0.7558292746543884, -0.00006775277870474383, -0.7558296322822571, 0.654768705368042),
            ["RightFoot"] = CFrame.new(7.35744833946228e-08, 4.172325134277344e-07, -4.823959898203611e-09, 0.9958881735801697, 0.03741876408457756, 0.08250286430120468, 0.01297174021601677, 0.8424240350723267, -0.5386586785316467, -0.08965830504894257, 0.5375142693519592, 0.8384749889373779),
            ["LeftLowerLeg"] = CFrame.new(0.000011053867638111115, 0.00033855438232421875, 0.0033142976462841034, 0.9999998211860657, 0.0005586612969636917, 0.000316876481520012, -0.0005506715388037264, 0.4917716681957245, 0.8707239031791687, 0.0003306167491246015, -0.870724081993103, 0.4917721152305603),
            ["RightUpperArm"] = CFrame.new(1.1920928955078125e-07, 0, -7.450580596923828e-09, 0.9616695046424866, -1.7695128917694092e-08, -0.2742113769054413, -1.6763806343078613e-08, 1, -7.4505797087454084e-09, 0.27421140670776367, 1.1175870895385742e-08, 0.9616694450378418),
            ["Head"] = CFrame.new(0, 2.384185791015625e-07, 0, 0.9877653121948242, 0.01589280739426613, -0.15513572096824646, -0.017077339813113213, 0.9998343586921692, -0.006305683869868517, 0.15500977635383606, 0.008877947926521301, 0.9878731369972229),
            ["UpperTorso"] = CFrame.new(-1.862645149230957e-09, -2.9802322387695312e-08, 0, 0.9804883599281311, -0.09327096492052078, -0.17304132878780365, 0.10290516167879105, 0.9935542345046997, 0.047546762973070145, 0.16749121248722076, -0.06442589312791824, 0.9837662577629089),
            ["LeftUpperArm"] = CFrame.new(0, 0, -2.2351741790771484e-08, 0.9941462278366089, 0.08258553594350815, -0.06966334581375122, -0.0756557509303093, 0.9924198389053345, 0.09684635698795319, 0.07713343948125839, -0.09100902080535889, 0.9928584098815918),
            ["RightLowerArm"] = CFrame.new(5.960464477539063e-08, -5.960464477539063e-08, -2.9802322387695312e-08, 1, -5.960464477539063e-08, 2.2351741790771484e-08, 7.636845111846924e-08, 0.8443089127540588, -0.5358568429946899, 5.448237061500549e-08, 0.5358567833900452, 0.8443089127540588),
            ["LeftHand"] = CFrame.new(-3.3527612686157227e-08, -1.1920928955078125e-07, 3.725290298461914e-08, 0.9948394894599915, -0.10146142542362213, 3.259628567064965e-09, 0.10146139562129974, 0.9948394894599915, 1.4901159417490817e-08, -1.5832481992106295e-08, 7.450580596923828e-09, 1),
            ["LowerTorso"] = CFrame.new(0.004624477121978998, -0.24290227890014648, 0, 0.9970753192901611, -0.07642512768507004, 0, 0.07642512768507004, 0.9970753192901611, 0, 0, 0, 1),
            ["RightUpperLeg"] = CFrame.new(0, 1.825392246246338e-07, 0, 0.998680055141449, 0.04698324576020241, 0.020757367834448814, -0.039056066423654556, 0.9570704698562622, -0.28721216320991516, -0.033360425382852554, 0.28602221608161926, 0.9576420783996582),
            ["LeftUpperLeg"] = CFrame.new(2.9802322387695312e-08, 2.3096799850463867e-07, 0, 0.9985063672065735, 0.052961718291044235, 0.013427125290036201, -0.04318888485431671, 0.9156036376953125, -0.3997558653354645, -0.033465687185525894, 0.39857882261276245, 0.916523277759552)
        }},
        [6] = {Time = 0.167, Data = {
            ["LeftLowerArm"] = CFrame.new(0, -1.7881393432617188e-07, 5.960464477539063e-08, 1, 5.587935447692871e-09, -1.816079198135867e-08, 0, 0.9977208971977234, -0.06747674196958542, 2.7939677238464355e-09, 0.06747675687074661, 0.9977208971977234),
            ["LeftFoot"] = CFrame.new(-1.6763806343078613e-08, -5.960464477539063e-08, -4.563480615615845e-08, 0.9984435439109802, 0.04362696409225464, 0.03474443405866623, -0.013924192637205124, 0.7982410788536072, -0.6021771430969238, -0.05400557816028595, 0.6007561087608337, 0.7976060509681702),
            ["RightHand"] = CFrame.new(-1.862645149230957e-08, -5.960464477539063e-08, 1.9371509552001953e-07, 1, 1.4901161193847656e-08, 0, 4.470348358154297e-08, 0.9999871253967285, -0.0050883363001048565, 1.4901161193847656e-08, 0.005088396370410919, 0.9999870657920837),
            ["HumanoidRootPart"] = CFrame.new(0, 0, 0, 1, 0, 0, 0, 1, 0, 0, 0, 1),
            ["CameraBone"] = CFrame.new(-1.1908742189407349, -0.5186991691589355, -3.0989298820495605, -0.99997878074646, 0, -0.006509983912110329, 0, 1, 0, 0.006509983912110329, 0, -0.99997878074646),
            ["RightLowerLeg"] = CFrame.new(-0.000010982155799865723, -0.00033849477767944336, -0.00331426621414721, 1, -0.0001307986822212115, -0.00004994683695258573, 0.00012730805610772222, 0.7010934948921204, 0.7130690813064575, -0.000058252357121091336, -0.7130693793296814, 0.7010937929153442),
            ["RightFoot"] = CFrame.new(0, 2.384185791015625e-07, 2.590968506410718e-08, 0.9964610934257507, 0.048129480332136154, 0.06891284137964249, -0.005911425221711397, 0.8579394817352295, -0.5137165784835815, -0.08384796977043152, 0.5114914178848267, 0.8551880121231079),
            ["LeftLowerLeg"] = CFrame.new(0.000011119991540908813, 0.00033843517303466797, 0.0033143218606710434, 0.9999998211860657, 0.000555865466594696, 0.00031269434839487076, -0.000547969713807106, 0.49794840812683105, 0.8672065734863281, 0.00032634101808071136, -0.8672065138816833, 0.497948557138443),
            ["RightUpperArm"] = CFrame.new(0, -1.1920928955078125e-07, -1.4901161193847656e-08, 0.9365585446357727, -0.12357892096042633, -0.3280038833618164, 0.060734398663043976, 0.9788464307785034, -0.19537413120269775, 0.345209538936615, 0.16305817663669586, 0.9242523908615112),
            ["Head"] = CFrame.new(4.190951585769653e-08, 0, 0, 0.9917658567428589, 0.016233574599027634, -0.1270315796136856, -0.017086228355765343, 0.9998382329940796, -0.005625293590128422, 0.12691965699195862, 0.007749585434794426, 0.9918827414512634),
            ["UpperTorso"] = CFrame.new(-7.450580596923828e-09, -1.1920928955078125e-07, 0, 0.9850948452949524, -0.0685538724064827, -0.15776126086711884, 0.07717100530862808, 0.9958056211471558, 0.049152880907058716, 0.15372991561889648, -0.0605948381125927, 0.9862533211708069),
            ["LeftUpperArm"] = CFrame.new(0, 1.1920928955078125e-07, 1.4901161193847656e-08, 0.9953253269195557, 0.07874971628189087, -0.05590997263789177, -0.07319413870573044, 0.9927557706832886, 0.09528258442878723, 0.06300840526819229, -0.09074488282203674, 0.993878960609436),
            ["RightLowerArm"] = CFrame.new(-1.7881393432617188e-07, 5.960464477539063e-08, 0, 1, -5.960464477539063e-08, 2.9802322387695312e-08, 9.313225746154785e-08, 0.8936606049537659, -0.4487435817718506, 1.1175870895385742e-08, 0.4487435817718506, 0.8936606049537659),
            ["LeftHand"] = CFrame.new(-4.842877388000488e-08, 2.980232238769531e-07, -7.450580596923828e-09, 0.9963319897651672, -0.08552885800600052, -0.0027198593597859144, 0.08552882075309753, 0.9963357448577881, -0.00014220362936612219, 0.002722044475376606, -0.00009091944230021909, 0.9999963045120239),
            ["LowerTorso"] = CFrame.new(-0.01600673422217369, -0.23112177848815918, -0.00019166157289873809, 0.9954260587692261, -0.09553508460521698, 0, 0.09553508460521698, 0.9954260587692261, 0, 0, 0, 1),
            ["RightUpperLeg"] = CFrame.new(0, -5.960464477539063e-08, 7.275957614183426e-12, 0.9977715611457825, 0.05789152905344963, 0.03317687287926674, -0.04743373766541481, 0.9651088714599609, -0.25751709938049316, -0.046927355229854584, 0.2553693950176239, 0.9657040238380432),
            ["LeftUpperLeg"] = CFrame.new(1.1920928955078125e-07, 2.60770320892334e-08, 0, 0.9975765943527222, 0.06572236865758896, 0.022840466350317, -0.05127960070967674, 0.9163510799407959, -0.3970782458782196, -0.04702681675553322, 0.3949446678161621, 0.9175004959106445)
        }},
        [7] = {Time = 0.200, Data = {
            ["LeftLowerArm"] = CFrame.new(-8.940696716308594e-08, 0, 0, 1, 6.519258910486769e-09, 1.5832485544819974e-08, -1.4901162970204496e-08, 0.9973785281181335, -0.07236155867576599, -2.1420420992512845e-08, 0.07236156612634659, 0.9973784685134888),
            ["LeftFoot"] = CFrame.new(2.2351741790771484e-08, -1.1920928955078125e-07, 4.423782229423523e-08, 0.9979875087738037, 0.059926681220531464, 0.02072889171540737, -0.03578735142946243, 0.8021570444107056, -0.5960397720336914, -0.05234646052122116, 0.5940985083580017, 0.8026873469352722),
            ["RightHand"] = CFrame.new(2.9802322387695312e-08, 1.1920928955078125e-07, 7.450580596923828e-08, 1, -4.470348358154297e-08, -4.470348358154297e-08, 2.9802322387695312e-08, 0.999478816986084, -0.0322817862033844, 2.9802322387695312e-08, 0.032281823456287384, 0.9994788765907288),
            ["HumanoidRootPart"] = CFrame.new(0, 0, 0, 1, 0, 0, 0, 1, 0, 0, 0, 1),
            ["CameraBone"] = CFrame.new(-1.1908742189407349, -0.5186991691589355, -3.0989298820495605, -0.99997878074646, 0, -0.006509983912110329, 0, 1, 0, 0.006509983912110329, 0, -0.99997878074646),
            ["RightLowerLeg"] = CFrame.new(-0.000011014752089977264, -0.00033801794052124023, -0.00331431464292109, 1, -0.00011354684829711914, -0.00003616512185544707, 0.00011097916285507381, 0.776954710483551, 0.6295561194419861, -0.0000433949644502718, -0.6295564770698547, 0.7769550681114197),
            ["RightFoot"] = CFrame.new(-1.0244548320770264e-08, 2.980232238769531e-07, -2.029992174357176e-09, 0.9964407682418823, 0.06399566680192947, 0.054866231977939606, -0.03103724867105484, 0.883685827255249, -0.4670502245426178, -0.07837372273206711, 0.4636853337287903, 0.8825269937515259),
            ["LeftLowerLeg"] = CFrame.new(0.000011038035154342651, 0.00033867359161376953, 0.0033142752945423126, 0.9999998807907104, 0.0005498006357811391, 0.0003025969199370593, -0.0005421601817943156, 0.5139594078063965, 0.8578143119812012, 0.0003161095373798162, -0.8578143119812012, 0.5139595866203308),
            ["RightUpperArm"] = CFrame.new(0, 3.5762786865234375e-07, 7.450580596923828e-09, 0.878154993057251, -0.31909632682800293, -0.3564005196094513, 0.11957146972417831, 0.8677866458892822, -0.48233726620674133, 0.46319156885147095, 0.38095152378082275, 0.8002059459686279),
            ["Head"] = CFrame.new(3.073364496231079e-08, 2.384185791015625e-07, 1.862645149230957e-08, 0.9962605834007263, 0.024641280993819237, -0.08281112462282181, -0.02494586445391178, 0.9996853470802307, -0.0026454220060259104, 0.08271986991167068, 0.004701424390077591, 0.9965617656707764),
            ["UpperTorso"] = CFrame.new(-7.450580596923828e-09, 8.940696716308594e-08, 0, 0.9904958009719849, -0.029966183006763458, -0.13423922657966614, 0.03708342835307121, 0.9980183243751526, 0.050835832953453064, 0.13244986534118652, -0.05533071979880333, 0.9896441698074341),
            ["LeftUpperArm"] = CFrame.new(1.1920928955078125e-07, 2.384185791015625e-07, 7.450580596923828e-09, 0.9964523911476135, 0.07759780436754227, -0.03257805481553078, -0.07424885034561157, 0.9928202629089355, 0.093781478703022, 0.039621368050575256, -0.09102984517812729, 0.9950597286224365),
            ["RightLowerArm"] = CFrame.new(-1.7881393432617188e-07, -5.960464477539063e-08, 2.2351741790771484e-08, 1, -4.4703490686970326e-08, 7.450581307466564e-08, 8.940698137394065e-08, 0.9443116188049316, -0.32905271649360657, 0, 0.32905271649360657, 0.9443115592002869),
            ["LeftHand"] = CFrame.new(-6.332993507385254e-08, -5.960464477539063e-08, 0, 0.998031497001648, -0.06244862079620361, -0.005784892942756414, 0.062448322772979736, 0.9980481863021851, -0.00023537129163742065, 0.005788298323750496, -0.0001263227459276095, 0.9999832510948181),
            ["LowerTorso"] = CFrame.new(-0.045753613114356995, -0.2108837366104126, -0.00009015845716930926, 0.9923663139343262, -0.12332523614168167, 0, 0.12332523614168167, 0.9923663139343262, 0, 0, 0, 1),
            ["RightUpperLeg"] = CFrame.new(-2.9802322387695312e-08, 2.980232238769531e-07, -7.275957614183426e-12, 0.9963796734809875, 0.0704180970788002, 0.0476330891251564, -0.05933956801891327, 0.9772759079933167, -0.20349644124507904, -0.06088049337267876, 0.19993308186531067, 0.9779163002967834),
            ["LeftUpperLeg"] = CFrame.new(0, 1.4901161193847656e-07, 0, 0.9961638450622559, 0.08153852820396423, 0.03176527097821236, -0.06278396397829056, 0.9188280701637268, -0.38963204622268677, -0.06095685064792633, 0.3861429989337921, 0.9204226732254028)
        }},
        [8] = {Time = 0.233, Data = {
            ["LeftLowerArm"] = CFrame.new(1.1920928955078125e-07, 1.7881393432617188e-07, -4.470348358154297e-08, 1, 8.381903171539307e-09, -4.190952029858863e-09, -1.30385160446167e-08, 0.9971334934234619, -0.07566345483064651, -9.313225746154785e-09, 0.07566344738006592, 0.9971334934234619),
            ["LeftFoot"] = CFrame.new(7.450580596923828e-09, 0, 2.3283064365386963e-08, 0.9975137710571289, 0.07028226554393768, 0.005173967685550451, -0.054342739284038544, 0.8138720989227295, -0.5784969329833984, -0.04486904293298721, 0.5767778158187866, 0.8156681656837463),
            ["RightHand"] = CFrame.new(8.940696716308594e-08, 1.1920928955078125e-07, 2.384185791015625e-07, 1, -2.2351747119842003e-08, 5.587936779960501e-09, -7.450580596923828e-09, 0.9961608648300171, -0.08754213899374008, -1.4901161193847656e-08, 0.08754215389490128, 0.9961609244346619),
            ["HumanoidRootPart"] = CFrame.new(0, 0, 0, 1, 0, 0, 0, 1, 0, 0, 0, 1),
            ["CameraBone"] = CFrame.new(-1.1908742189407349, -0.5186991691589355, -3.0989298820495605, -0.99997878074646, 0, -0.006509983912110329, 0, 1, 0, 0.006509983912110329, 0, -0.99997878074646),
            ["RightLowerLeg"] = CFrame.new(-0.000011032447218894958, -0.0003381967544555664, -0.0033143332693725824, 1, -0.00009250643051927909, -0.000022996220650384203, 0.000090830035333056, 0.851709246635437, 0.5240143537521362, -0.000028892423870274797, -0.5240147113800049, 0.8517095446586609),
            ["RightFoot"] = CFrame.new(-6.332993507385254e-08, 3.5762786865234375e-07, -1.1343217920511961e-08, 0.9964996576309204, 0.07379750907421112, 0.03927403688430786, -0.051181938499212265, 0.9100363254547119, -0.4113563597202301, -0.06609786301851273, 0.40790656208992004, 0.910628080368042),
            ["LeftLowerLeg"] = CFrame.new(0.000011004507541656494, 0.00033861398696899414, 0.0033143088221549988, 0.9999998807907104, 0.0005314461304806173, 0.0002770144783426076, -0.0005244390340521932, 0.5522419810295105, 0.8336836695671082, 0.0002900772378779948, -0.8336837887763977, 0.5522423982620239),
            ["RightUpperArm"] = CFrame.new(0, -2.384185791015625e-07, -1.1175870895385742e-08, 0.8185400366783142, -0.4780082106590271, -0.31859153509140015, 0.13917841017246246, 0.7031017541885376, -0.6973358392715454, 0.5573345422744751, 0.5264561772346497, 0.642045259475708),
            ["Head"] = CFrame.new(1.955777406692505e-08, -2.384185791015625e-07, 0, 0.997905433177948, 0.03712654113769531, -0.052975013852119446, -0.03711900860071182, 0.999310314655304, 0.0011268334928900003, 0.05298028886318207, 0.0008420097874477506, 0.9985952973365784),
            ["UpperTorso"] = CFrame.new(3.725290298461914e-08, -5.960464477539063e-08, 0, 0.9929707050323486, -0.006168961524963379, -0.11819955706596375, 0.012036159634590149, 0.9987268447875977, 0.04898862913250923, 0.11774684488773346, -0.050066933035850525, 0.9917808175086975),
            ["LeftUpperArm"] = CFrame.new(-1.1920928955078125e-07, -1.1920928955078125e-07, 2.2351741790771484e-08, 0.9965512752532959, 0.08258553594350815, -0.008082662709057331, -0.08149711787700653, 0.9924198389053345, 0.09198495745658875, 0.015618009492754936, -0.09100900590419769, 0.9957276582717896),
            ["RightLowerArm"] = CFrame.new(1.1920928955078125e-07, -5.960464477539063e-08, 1.862645149230957e-07, 1, -1.0430811414607888e-07, 3.725290298461914e-08, 1.4901159772762185e-07, 0.9273191690444946, -0.37427160143852234, -2.9802318834981634e-08, 0.3742716610431671, 0.9273191690444946),
            ["LeftHand"] = CFrame.new(3.166496753692627e-08, 0, 2.2351741790771484e-08, 0.9986933469772339, -0.05110534653067589, -2.7939677238464355e-09, 0.05110533908009529, 0.9986933469772339, 1.4901161193847656e-08, 1.5366824257512235e-08, -1.862645593320167e-09, 1),
            ["LowerTorso"] = CFrame.new(-0.06744585931301117, -0.18546605110168457, 0, 0.9903317093849182, -0.13872022926807404, 0, 0.13872022926807404, 0.9903317093849182, 0, 0, 0, 1),
            ["RightUpperLeg"] = CFrame.new(1.1920928955078125e-07, 2.60770320892334e-08, 0, 0.9949689507484436, 0.07474447041749954, 0.06670898199081421, -0.0648316815495491, 0.9880180954933167, -0.14006157219409943, -0.07637849450111389, 0.13503193855285645, 0.9878931045532227),
            ["LeftUpperLeg"] = CFrame.new(0, -2.3096799850463867e-07, 0, 0.994769811630249, 0.0911594107747078, 0.04607677087187767, -0.0677754133939743, 0.9265806078910828, -0.3699391186237335, -0.07641725987195969, 0.36488136649131775, 0.9279127717018127)
        }},
        [9] = {Time = 0.267, Data = {
            ["LeftLowerArm"] = CFrame.new(-1.4901161193847656e-07, -5.960464477539063e-08, -2.9802322387695312e-08, 1, 1.862645371275562e-09, -4.773028194904327e-09, -1.862645149230957e-09, 0.9970908164978027, -0.07622396945953369, -2.3283064365386963e-09, 0.0762239545583725, 0.997090756893158),
            ["LeftFoot"] = CFrame.new(-5.029141902923584e-08, 1.1920928955078125e-07, 3.3527612686157227e-08, 0.9974318742752075, 0.07062186300754547, -0.011933964677155018, -0.06604373455047607, 0.8424022793769836, -0.5347866415977478, -0.02771442010998726, 0.5342012047767639, 0.8449029326438904),
            ["RightHand"] = CFrame.new(8.940696716308594e-08, -5.960464477539063e-08, -3.073364496231079e-08, 1, -2.9802322387695312e-08, 8.195638656616211e-08, -4.470348358154297e-08, 0.9829097390174866, -0.18408817052841187, -3.818422555923462e-08, 0.18408812582492828, 0.9829097390174866),
            ["HumanoidRootPart"] = CFrame.new(0, 0, 0, 1, 0, 0, 0, 1, 0, 0, 0, 1),
            ["CameraBone"] = CFrame.new(-1.1908742189407349, -0.5186991691589355, -3.0989298820495605, -0.99997878074646, 0, -0.006509983912110329, 0, 1, 0, 0.006509983912110329, 0, -0.99997878074646),
            ["RightLowerLeg"] = CFrame.new(-0.000011062948033213615, -0.0003383159637451172, -0.003314281115308404, 1, -0.000058650970458984375, -0.000008964912012743298, 0.000057961318816524, 0.9332558512687683, 0.3592122793197632, -0.000012701375453616492, -0.3592124581336975, 0.9332559704780579),
            ["RightFoot"] = CFrame.new(5.960464477539063e-08, 3.5762786865234375e-07, -3.183231456205249e-08, 0.9970453977584839, 0.07354998588562012, 0.02215629443526268, -0.06221911311149597, 0.9424251914024353, -0.3285776972770691, -0.045047566294670105, 0.32622870802879333, 0.9442170262336731),
            ["LeftLowerLeg"] = CFrame.new(0.000011080875992774963, 0.00033867359161376953, 0.003314301371574402, 0.9999998807907104, 0.0004897154285572469, 0.00022323051234707236, -0.00048404932022094727, 0.6370607614517212, 0.7708135843276978, 0.00023525580763816833, -0.7708134055137634, 0.6370607018470764),
            ["RightUpperArm"] = CFrame.new(0, -1.1920928955078125e-07, -3.725290298461914e-09, 0.7789459824562073, -0.5726911425590515, -0.2554763853549957, 0.1356692910194397, 0.5516537427902222, -0.8229653835296631, 0.612239420413971, 0.6063852310180664, 0.5074050426483154),
            ["Head"] = CFrame.new(7.450580596923828e-09, -2.384185791015625e-07, -3.725290298461914e-09, 0.9972508549690247, 0.055772874504327774, -0.04878629744052887, -0.0554623156785965, 0.9984311461448669, 0.0076973652467131615, 0.04913904145359993, -0.004970293492078781, 0.9987795948982239),
            ["UpperTorso"] = CFrame.new(-1.4901161193847656e-08, -2.9802322387695312e-08, 0, 0.9929628372192383, -0.009734198451042175, -0.11802657693624496, 0.014789121225476265, 0.999006986618042, 0.04202886298298836, 0.11750026047229767, -0.04347860440611839, 0.992120623588562),
            ["LeftUpperArm"] = CFrame.new(-1.1920928955078125e-07, -2.384185791015625e-07, 0, 0.9948680400848389, 0.0996442660689354, 0.017568416893482208, -0.10082248598337173, 0.990890622138977, 0.08927810937166214, -0.008512324653565884, -0.09059121459722519, 0.9958518147468567),
            ["RightLowerArm"] = CFrame.new(0, 0, 5.4016709327697754e-08, 1, -1.4528632164001465e-07, 7.82310962677002e-08, 2.086162567138672e-07, 0.7229964733123779, -0.6908518075942993, 1.4901161193847656e-08, 0.6908518075942993, 0.7229964137077332),
            ["LeftHand"] = CFrame.new(-8.195638656616211e-08, -5.960464477539063e-08, 1.4901161193847656e-08, 0.9979227185249329, -0.060759156942367554, 0.02141469530761242, 0.060755256563425064, 0.9981524348258972, 0.0008328490657731891, -0.02142571657896042, 0.0004699528799392283, 0.9997703433036804),
