return {
    ["Birds Of A Feather"] = {
        {Time = 0.000, Data = {
            ["RightFoot"] = CFrame.new(3.725290298461914e-08, 2.980232238769531e-07, -4.300818545743823e-08, 0.9736933708190918, -0.10976467281579971, 0.19968202710151672, 0.2043776959180832, 0.8081795573234558, -0.5523365139961243, -0.10075198113918304, 0.5786169767379761, 0.8093525767326355),
            ["LeftLowerArm"] = CFrame.new(5.960464477539063e-08, -2.980232238769531e-07, 8.847564458847046e-08, 1, -3.7252860352054995e-08, -2.6449558276908647e-07, 5.019826403440675e-07, 0.28278639912605286, -0.9591830372810364, -2.6077019654735523e-08, 0.9591829180717468, 0.28278619050979614),
            ["RightUpperArm"] = CFrame.new(0, -0.0652385950088501, 2.9802322387695312e-08, 0.8139857649803162, -0.5480482578277588, 0.192535400390625, 0.5808773636817932, 0.7696529626846313, -0.26498329639434814, -0.0029617552645504475, 0.32753264904022217, 0.9448354244232178),
            ["Head"] = CFrame.new(4.470348358154297e-08, -3.5762786865234375e-07, 1.4901161193847656e-08, 0.7831136584281921, -0.06772306561470032, 0.618179976940155, 0.22794514894485474, 0.9561271667480469, -0.18401609361171722, -0.5785967111587524, 0.2850167751312256, 0.7641935348510742),
            ["LowerTorso"] = CFrame.new(-0.16391505300998688, -0.6334097385406494, 0.012443391606211662, 0.585224986076355, -0.09988237172365189, -0.8046957850456238, -0.0016259921249002218, 0.99223792552948, -0.124343641102314, 0.8108693957328796, 0.07407741993665695, 0.58051997423172),
            ["UpperTorso"] = CFrame.new(1.4202669262886047e-08, -8.940696716308594e-08, 3.725290298461914e-09, 0.9985127449035645, -0.016614913940429688, -0.05192643031477928, 0.03420032188296318, 0.9326180219650269, 0.35924097895622253, 0.042458828538656235, -0.3604826331138611, 0.9317991137504578),
            ["HumanoidRootPart"] = CFrame.new(0, 0, 0, 1, 0, 0, 0, 1, 0, 0, 0, 1),
            ["RightUpperLeg"] = CFrame.new(-0.000025510787963867188, -0.0001260843127965927, -0.004997408017516136, 0.9941356182098389, 0.03928108885884285, -0.1007545217871666, -0.10553734749555588, 0.5556362271308899, -0.8247002363204956, 0.023587724193930626, 0.830497145652771, 0.5565233826637268),
            ["LeftUpperArm"] = CFrame.new(1.1920928955078125e-07, -0.06523823738098145, 1.1920928955078125e-07, 0.7078350782394409, 0.5094336867332458, -0.48933273553848267, -0.6928058862686157, 0.6358186602592468, -0.3402281105518341, 0.1378026306629181, 0.5798379182815552, 0.8029934167861938),
            ["RightLowerArm"] = CFrame.new(0, -1.1920928955078125e-07, 2.2351741790771484e-08, 1, -6.332988533586104e-08, 2.980232238769531e-07, -2.3841860752327193e-07, -0.09218543022871017, -0.9957419037818909, 8.288771624620495e-08, 0.9957418441772461, -0.09218531847000122),
            ["LeftHand"] = CFrame.new(-3.725290298461914e-07, 0, 0, 0.9868214726448059, 0.16160042583942413, 0.00828512106090784, -0.16177211701869965, 0.9864276647567749, 0.028114914894104004, -0.003628669772297144, -0.029085101559758186, 0.999570369720459),
            ["LeftFoot"] = CFrame.new(5.960464477539063e-08, 5.960464477539063e-08, -5.21540641784668e-08, 0.914466381072998, -0.396806001663208, 0.07934959977865219, 0.40384429693222046, 0.9073598980903625, -0.11665233969688416, -0.025709841400384903, 0.13871954381465912, 0.9899979829788208),
            ["RightHand"] = CFrame.new(-1.1920928955078125e-07, 0, -1.1920928955078125e-07, 0.9633320569992065, -0.2627009451389313, -0.0545843243598938, 0.2642867863178253, 0.9641436338424683, 0.024078495800495148, 0.04630166292190552, -0.0376213937997818, 0.9982188940048218),
            ["RightLowerLeg"] = CFrame.new(7.450580596923828e-09, 0, -1.0168150765821338e-07, 1, -2.0861612881617475e-07, 1.4901157641133977e-08, 3.83704957584996e-07, -0.1604432314634323, 0.9870450496673584, -9.685756197086448e-08, -0.9870451092720032, -0.16044314205646515),
            ["LeftUpperLeg"] = CFrame.new(0.000025540590286254883, 0.0001253671944141388, 0.0049974508583545685, 0.9215599894523621, 0.10222074389457703, -0.37453699111938477, -0.3791675865650177, 0.4442676603794098, -0.8117009401321411, 0.08342166244983673, 0.8900433778762817, 0.448178231716156),
            ["LeftLowerLeg"] = CFrame.new(-3.3527612686157227e-08, 2.384185791015625e-07, -7.078051567077637e-08, 1, 1.8067653684283869e-07, 7.450584149637507e-08, -5.96046660916727e-08, -0.2126520574092865, 0.9771280288696289, 8.940699558479537e-08, -0.9771279692649841, -0.21265216171741486),
        }},
        {Time = 0.033, Data = {
            ["RightFoot"] = CFrame.new(-3.91155481338501e-08, 3.5762786865234375e-07, 3.894820110872388e-08, 0.9770665764808655, -0.10100603103637695, 0.18745273351669312, 0.1915716826915741, 0.8012933135032654, -0.566771388053894, -0.09295802563428879, 0.5896837711334229, 0.8022665977478027),
            ["LeftLowerArm"] = CFrame.new(-4.172325134277344e-07, -1.7881393432617188e-07, 0, 1, 5.96046660916727e-08, 1.0384246706962585e-07, 8.195638656616211e-08, 0.7584969401359558, -0.6516765356063843, 2.086162567138672e-07, 0.6516767740249634, 0.7584969997406006),
            ["RightUpperArm"] = CFrame.new(-1.7881393432617188e-07, -0.06523799896240234, 5.960464477539063e-08, 0.7791378498077393, -0.6193848848342896, 0.09647168964147568, 0.6268311738967896, 0.7711015939712524, -0.11173529177904129, -0.005182325839996338, 0.14752857387065887, 0.989044189453125),
            ["Head"] = CFrame.new(4.656612873077393e-10, 0, -8.195638656616211e-08, 0.8182422518730164, -0.04810573160648346, 0.5728569030761719, 0.19806885719299316, 0.959069013595581, -0.20237430930137634, -0.5396744012832642, 0.27905645966529846, 0.7942792773246765),
            ["LowerTorso"] = CFrame.new(-0.13277670741081238, -0.5488204956054688, -0.008659839630126953, 0.6291859149932861, -0.09167991578578949, -0.7718290686607361, -0.01436401903629303, 0.9914780259132385, -0.12947997450828552, 0.7771220803260803, 0.09255357831716537, 0.6225069165229797),
            ["UpperTorso"] = CFrame.new(-1.862645149230957e-09, -5.960464477539063e-08, 7.450580596923828e-09, 0.9976307153701782, -0.04061698541045189, -0.05552801862359047, 0.05762345716357231, 0.9342647790908813, 0.3518935441970825, 0.037585556507110596, -0.3542594015598297, 0.9343915581703186),
            ["HumanoidRootPart"] = CFrame.new(0, 0, 0, 1, 0, 0, 0, 1, 0, 0, 0, 1),
            ["RightUpperLeg"] = CFrame.new(-0.0000254213809967041, -0.0001257285475730896, -0.0049975235015153885, 0.9948722124099731, 0.003391669597476721, -0.10108307003974915, -0.07848798483610153, 0.6562302112579346, -0.7504676580429077, 0.06378920376300812, 0.7545530796051025, 0.6531314849853516),
            ["LeftUpperArm"] = CFrame.new(5.960464477539063e-08, -0.0652381181716919, -2.086162567138672e-07, 0.7738465070724487, 0.6318090558052063, -0.044480036944150925, -0.5757808685302734, 0.6724849939346313, -0.4650166630744934, -0.26388993859291077, 0.38546237349510193, 0.8841837644577026),
            ["RightLowerArm"] = CFrame.new(-4.172325134277344e-07, 0, 8.940696716308594e-08, 1, -1.4901162970204496e-08, 2.9802318834981634e-08, 1.1920928955078125e-07, 0.5356157422065735, -0.8444616794586182, 1.4901161193847656e-08, 0.8444619178771973, 0.5356159210205078),
            ["LeftHand"] = CFrame.new(2.682209014892578e-07, 0, 0, 0.9791828393936157, 0.1993226408958435, -0.038359493017196655, -0.19879619777202606, 0.9798913598060608, 0.017120955511927605, 0.04100022837519646, -0.009138965979218483, 0.999117374420166),
            ["LeftFoot"] = CFrame.new(-1.4901161193847656e-07, 0, -1.1175870895385742e-07, 0.9230112433433533, -0.3393697142601013, 0.18132348358631134, 0.3801122009754181, 0.8773620128631592, -0.29283249378204346, -0.05970850586891174, 0.3392110764980316, 0.9388136267662048),
            ["RightHand"] = CFrame.new(5.960464477539063e-08, 1.7881393432617188e-07, 1.043081283569336e-07, 0.97628253698349, -0.21649953722953796, 0.0005810708971694112, 0.216487854719162, 0.9762511253356934, 0.008174555376172066, -0.0023375339806079865, -0.007854909636080265, 0.9999665021896362),
            ["RightLowerLeg"] = CFrame.new(3.725290298461914e-09, 5.960464477539063e-08, -5.2321411203593016e-08, 1, -4.470345515983354e-08, 1.4901148404078413e-07, 4.805626758752624e-07, -0.05659767612814903, 0.9983971118927002, -2.607704345791717e-07, -0.9983970522880554, -0.05659758672118187),
            ["LeftUpperLeg"] = CFrame.new(0.000025480985641479492, 0.0001255534589290619, 0.0049974918365478516, 0.939776599407196, 0.08639238774776459, -0.3306903541088104, -0.3143138587474823, 0.5985157489776611, -0.7368758320808411, 0.13426348567008972, 0.7964391112327576, 0.5896252989768982),
            ["LeftLowerLeg"] = CFrame.new(-1.2293457984924316e-07, -1.7881393432617188e-07, 0, 1, 1.2665981330428622e-07, 7.450584149637507e-08, 0, -0.01189078576862812, 0.9999293088912964, 8.195637946073475e-08, -0.9999293088912964, -0.011890888214111328),
        }},
        {Time = 0.067, Data = {
            ["RightFoot"] = CFrame.new(-3.725290298461914e-09, 3.5762786865234375e-07, 4.639878170564771e-08, 0.9781835675239563, -0.09041618555784225, 0.1870349645614624, 0.1765146404504776, 0.8364769220352173, -0.5187950134277344, -0.10954307019710541, 0.5404917001724243, 0.8341881036758423),
            ["LeftLowerArm"] = CFrame.new(4.76837158203125e-07, -4.76837158203125e-07, 1.1920928955078125e-07, 1, 3.129243850708008e-07, -3.27825517842939e-07, 3.725288593159348e-07, 0.8851054906845093, -0.4653906226158142, -4.4703462265260896e-08, 0.46539056301116943, 0.8851054310798645),
            ["RightUpperArm"] = CFrame.new(-5.960464477539063e-08, -0.06523799896240234, 2.9802322387695312e-08, 0.6453947424888611, -0.6574959754943848, -0.38879895210266113, 0.591094970703125, 0.7522858381271362, -0.2909863293170929, 0.4838101863861084, -0.0420159250497818, 0.874163806438446),
            ["Head"] = CFrame.new(1.6763806343078613e-08, 1.1920928955078125e-07, 5.21540641784668e-08, 0.8509500622749329, -0.02501514181494713, 0.5246505737304688, 0.15574847161769867, 0.9659587740898132, -0.20655770599842072, -0.5016236901283264, 0.25748398900032043, 0.8258787989616394),
            ["LowerTorso"] = CFrame.new(-0.09939194470643997, -0.39132237434387207, -0.02740616910159588, 0.6950184106826782, -0.08660789579153061, -0.7137565016746521, -0.014462018385529518, 0.9908336997032166, -0.13431131839752197, 0.7188465595245361, 0.10367121547460556, 0.6873952746391296),
            ["UpperTorso"] = CFrame.new(6.51925802230835e-09, -1.4901161193847656e-07, 1.6763806343078613e-08, 0.9974594712257385, -0.04775511100888252, -0.052860669791698456, 0.0628291666507721, 0.9394651055335999, 0.3368353843688965, 0.03357522562146187, -0.33930066227912903, 0.9400785565376282),
            ["HumanoidRootPart"] = CFrame.new(0, 0, 0, 1, 0, 0, 0, 1, 0, 0, 0, 1),
            ["RightUpperLeg"] = CFrame.new(-0.000025451183319091797, -0.0001255366951227188, -0.004997478798031807, 0.9871647953987122, -0.046775076538324356, -0.1527027189731598, -0.05470355227589607, 0.799278974533081, -0.5984654426574707, 0.15004470944404602, 0.5991371870040894, 0.7864610552787781),
            ["LeftUpperArm"] = CFrame.new(1.1920928955078125e-07, -0.06523799896240234, 5.960464477539063e-08, 0.6931590437889099, 0.7065172791481018, 0.14270085096359253, -0.5930407047271729, 0.6715490818023682, -0.4442126750946045, -0.409674733877182, 0.22328297793865204, 0.8844838738441467),
            ["RightLowerArm"] = CFrame.new(0, -4.172325134277344e-07, 0, 1, -2.7567148208618164e-07, 7.450579175838357e-08, -1.4901166878189542e-07, 0.7697359323501587, -0.6383622884750366, -1.2665991278026922e-07, 0.638362467288971, 0.7697359919548035),
            ["LeftHand"] = CFrame.new(1.1920928955078125e-07, -1.1920928955078125e-07, 1.1920928955078125e-07, 0.9666969776153564, 0.244285449385643, -0.07629983872175217, -0.24424447119235992, 0.969662070274353, 0.0100094648078084, 0.07643015682697296, 0.008959353901445866, 0.9970347285270691),
            ["LeftFoot"] = CFrame.new(-6.705522537231445e-08, 5.960464477539063e-08, 6.705522537231445e-08, 0.940380871295929, -0.3026413917541504, 0.15521647036075592, 0.3320229947566986, 0.9158254265785217, -0.22588641941547394, -0.07378800213336945, 0.2639547288417816, 0.9617084860801697),
            ["RightHand"] = CFrame.new(4.470348358154297e-07, 2.384185791015625e-07, 5.960464477539063e-08, 0.969965934753418, -0.238200843334198, 0.049259595572948456, 0.23839762806892395, 0.9711657762527466, 0.0019294323865324259, -0.048298802226781845, 0.009872020222246647, 0.9987842440605164),
            ["RightLowerLeg"] = CFrame.new(-4.842877388000488e-08, -2.384185791015625e-07, 6.875052349641919e-08, 1, -1.6391261681292235e-07, 2.16066737834808e-07, 4.619359401658585e-07, 0.1898265779018402, 0.9818176031112671, -2.607702853651972e-08, -0.9818176627159119, 0.1898268610239029),
            ["LeftUpperLeg"] = CFrame.new(0.0000254213809967041, 0.0001257583498954773, 0.004997521638870239, 0.9468581676483154, 0.07833268493413925, -0.31196749210357666, -0.27011236548423767, 0.7202442288398743, -0.6389737129211426, 0.1746395230293274, 0.6892838478088379, 0.7031280398368835),
            ["LeftLowerLeg"] = CFrame.new(1.0244548320770264e-07, -5.960464477539063e-08, 2.123415470123291e-07, 1, 1.080334541825323e-07, 7.450580596923828e-08, -1.4901166522918174e-08, 0.2649644613265991, 0.9642581939697266, 7.450583439094771e-08, -0.9642582535743713, 0.2649643123149872),
        }},
        {Time = 0.100, Data = {
            ["RightFoot"] = CFrame.new(-1.6763806343078613e-08, 2.980232238769531e-07, -2.8107024263590574e-08, 0.9855203628540039, -0.057924944907426834, 0.15935584902763367, 0.10820361226797104, 0.9384408593177795, -0.3280555307865143, -0.13054358959197998, 0.3405487835407257, 0.9311203956604004),
            ["LeftLowerArm"] = CFrame.new(-1.1920928955078125e-07, -2.384185791015625e-07, 0, 1, -5.960463056453591e-08, -1.3411046495548362e-07, 1.8626447229053156e-07, 0.9220485687255859, -0.3870742917060852, -8.195636524988004e-08, 0.3870743215084076, 0.9220486283302307),
            ["RightUpperArm"] = CFrame.new(-5.960464477539063e-08, -0.0652385950088501, -5.960464477539063e-08, 0.44581934809684753, -0.7655099630355835, -0.46393921971321106, 0.7077189683914185, 0.6187873482704163, -0.3409351110458374, 0.5480685234069824, -0.1763426512479782, 0.8176330327987671),
            ["Head"] = CFrame.new(2.983870217576623e-08, 1.1920928955078125e-07, 4.0978193283081055e-08, 0.8916553258895874, -0.014639383181929588, 0.4524783492088318, 0.1232905238866806, 0.9695515036582947, -0.21158793568611145, -0.43560341000556946, 0.24444979429244995, 0.8663105368614197),
            ["LowerTorso"] = CFrame.new(-0.07270492613315582, -0.20291399955749512, -0.044716738164424896, 0.7731475830078125, -0.06910806894302368, -0.6304495334625244, -0.019535403698682785, 0.9909790754318237, -0.13258560001850128, 0.6339251399040222, 0.1148243397474289, 0.7648231387138367),
            ["UpperTorso"] = CFrame.new(-1.3213139027357101e-08, -1.7881393432617188e-07, -1.5425030142068863e-08, 0.9978967905044556, -0.04547674581408501, -0.04619494453072548, 0.05769486725330353, 0.9479701519012451, 0.31308773159980774, 0.029553085565567017, -0.31509438157081604, 0.9486001133918762),
            ["HumanoidRootPart"] = CFrame.new(0, 0, 0, 1, 0, 0, 0, 1, 0, 0, 0, 1),
            ["RightUpperLeg"] = CFrame.new(-0.000025540590286254883, -0.00012579932808876038, -0.004997448995709419, 0.9639492630958557, -0.0922878086566925, -0.24957004189491272, -0.018199777230620384, 0.9128632545471191, -0.407859206199646, 0.26546329259872437, 0.3976980447769165, 0.8782742619514465),
            ["LeftUpperArm"] = CFrame.new(1.1920928955078125e-07, -0.06523799896240234, -8.940696716308594e-08, 0.5906069278717041, 0.7612015604972839, 0.2678726017475128, -0.6361868381500244, 0.6434329152107239, -0.425746887922287, -0.496437132358551, 0.08103195577859879, 0.8642823696136475),
            ["RightLowerArm"] = CFrame.new(5.960464477539062e-07, 1.7881393432617188e-07, 2.682209014892578e-07, 1, -3.0547388973900524e-07, 2.3283058681045077e-07, -2.5145715198959806e-07, 0.8116446137428284, -0.5841515064239502, 8.56816981809061e-08, 0.5841516256332397, 0.8116446137428284),
            ["LeftHand"] = CFrame.new(-1.1920928955078125e-07, 1.7881393432617188e-07, -2.384185791015625e-07, 0.9143834710121155, 0.3385169804096222, -0.2220565378665924, -0.35190242528915405, 0.93576580286026, -0.022522350773215294, 0.2001689076423645, 0.0987362265586853, 0.974773645401001),
            ["LeftFoot"] = CFrame.new(1.4901161193847656e-08, 5.960464477539063e-08, -7.450580596923828e-08, 0.9834019541740417, -0.1751171052455902, 0.047482993453741074, 0.17454218864440918, 0.9845192432403564, 0.01602780818939209, -0.049554213881492615, -0.007473919540643692, 0.9987435340881348),
            ["RightHand"] = CFrame.new(2.384185791015625e-07, -1.7881393432617188e-07, -1.1920928955078125e-07, 0.9415141344070435, -0.2568645179271698, 0.21810977160930634, 0.2698037326335907, 0.9624082446098328, -0.031247440725564957, -0.20188406109809875, 0.08826636523008347, 0.9754238724708557),
            ["RightLowerLeg"] = CFrame.new(9.685754776000977e-08, -1.1920928955078125e-07, 1.553635229356587e-07, 1, -2.6077009351865854e-07, 2.2724270820617676e-07, 3.0174834364515846e-07, 0.49938756227493286, 0.866378664970398, 2.235172900100224e-07, -0.8663787841796875, 0.49938762187957764),
            ["LeftUpperLeg"] = CFrame.new(0.000025540590286254883, 0.00012560933828353882, 0.004997372627258301, 0.9665277004241943, 0.08567173033952713, -0.24183590710163116, -0.21080325543880463, 0.8024650812149048, -0.5582214593887329, 0.14624059200286865, 0.5905168056488037, 0.7936651110649109),
            ["LeftLowerLeg"] = CFrame.new(4.470348358154297e-08, 0, -7.450580596923828e-08, 1, 3.911553747570906e-08, 0, -7.4505820180093e-08, 0.5518475770950317, 0.8339449763298035, 4.4703494239684005e-08, -0.833945095539093, 0.5518477559089661),
        }},
        {Time = 0.133, Data = {
            ["RightFoot"] = CFrame.new(-3.3527612686157227e-08, 2.980232238769531e-07, -4.6733475755900145e-08, 0.9858909845352173, -0.02521582320332527, 0.16547803580760956, 0.022160036489367485, 0.9995486736297607, 0.020285962149500847, -0.16591505706310272, -0.016332300379872322, 0.9860048890113831),
            ["LeftLowerArm"] = CFrame.new(4.172325134277344e-07, 1.1920928955078125e-07, 2.9802322387695312e-08, 1, -1.8626454334480513e-07, -2.9802318834981634e-08, -1.0617077350616455e-07, 0.9310920238494873, -0.36478444933891296, -5.960464477539063e-08, 0.36478444933891296, 0.9310920834541321),
            ["RightUpperArm"] = CFrame.new(0, -0.0652381181716919, -2.9802322387695312e-08, 0.20638839900493622, -0.8528869152069092, -0.479570597410202, 0.7928850650787354, 0.43297624588012695, -0.42879441380500793, 0.5733559727668762, -0.29174599051475525, 0.765602707862854),
            ["Head"] = CFrame.new(3.725290298461914e-09, -2.384185791015625e-07, -4.842877388000488e-08, 0.9301158785820007, -0.01258323434740305, 0.36705026030540466, 0.10023712366819382, 0.9701672792434692, -0.2207443118095398, -0.3533228039741516, 0.242110013961792, 0.9036293625831604),
            ["LowerTorso"] = CFrame.new(-0.05729340761899948, -0.03208422660827637, -0.06053737923502922, 0.8435532450675964, -0.04584445059299469, -0.5350852608680725, -0.027887392789125443, 0.9912663102149963, -0.12889288365840912, 0.5363209843635559, 0.12365013360977173, 0.8349074721336365),
            ["UpperTorso"] = CFrame.new(-1.5832483768463135e-08, -2.9802322387695312e-08, -3.725290298461914e-09, 0.9985036849975586, -0.0388793870806694, -0.03845379129052162, 0.04830069839954376, 0.9567587971687317, 0.2868443429470062, 0.0256390068680048, -0.2882724106311798, 0.9572051763534546),
            ["HumanoidRootPart"] = CFrame.new(0, 0, 0, 1, 0, 0, 0, 1, 0, 0, 0, 1),
            ["RightUpperLeg"] = CFrame.new(-0.00002562999725341797, -0.00012571550905704498, -0.004997463896870613, 0.9270496368408203, -0.10108856111764908, -0.361054003238678, 0.027673305943608284, 0.9787900447845459, -0.2029884308576584, 0.37391597032546997, 0.17818887531757355, 0.9101844429969788),
            ["LeftUpperArm"] = CFrame.new(1.1920928955078125e-07, -0.0652381181716919, -1.7881393432617188e-07, 0.4855949580669403, 0.8035558462142944, 0.34423181414604187, -0.6721552610397339, 0.5949755311012268, -0.44069400429725647, -0.5589320659637451, -0.017378775402903557, 0.8290315866470337),
            ["RightLowerArm"] = CFrame.new(0, 1.7881393432617188e-07, -2.9802322387695312e-08, 1, -2.2351741790771484e-08, -8.195636524988004e-08, 5.587935447692871e-08, 0.8226674199104309, -0.568523108959198, 8.195638656616211e-08, 0.5685229301452637, 0.8226674199104309),
            ["LeftHand"] = CFrame.new(-4.470348358154297e-07, -5.960464477539063e-08, 5.960464477539063e-08, 0.8142008781433105, 0.4077840745449066, -0.4132663905620575, -0.44997090101242065, 0.8930273056030273, -0.005334169138222933, 0.3668830394744873, 0.19030103087425232, 0.9105945825576782),
            ["LeftFoot"] = CFrame.new(1.4901161193847656e-08, 5.960464477539063e-08, -9.313225746154785e-10, 0.9821836948394775, -0.08888252824544907, -0.16557537019252777, 0.1606326699256897, 0.8543598651885986, 0.4942333698272705, 0.097531758248806, -0.5120245814323425, 0.8534156680107117),
            ["RightHand"] = CFrame.new(-1.043081283569336e-07, -1.1920928955078125e-07, 1.7881393432617188e-07, 0.8616042733192444, -0.26241669058799744, 0.43448305130004883, 0.3190758228302002, 0.9457284212112427, -0.06154932454228401, -0.3947513997554779, 0.19166454672813416, 0.8985746502876282),
            ["RightLowerLeg"] = CFrame.new(-6.705522537231445e-08, -5.960464477539063e-08, 4.267349140718579e-08, 1, -5.58793225025056e-08, 1.136212830488148e-07, 3.5390257835388184e-07, 0.7915089726448059, 0.6111570596694946, -5.587935447692871e-08, -0.6111575365066528, 0.7915093898773193),
            ["LeftUpperLeg"] = CFrame.new(0.000025510787963867188, 0.00012556836009025574, 0.0049974024295806885, 0.9853280782699585, 0.10544176399707794, -0.13420291244983673, -0.15605702996253967, 0.8749807476997375, -0.45831748843193054, 0.06909960508346558, 0.47253644466400146, 0.8785982131958008),
            ["LeftLowerLeg"] = CFrame.new(-1.7881393432617188e-07, 5.960464477539063e-08, -4.470348358154297e-08, 1, 0, 4.6566135836201283e-08, -4.4703494239684005e-08, 0.8347586989402771, 0.5506160855293274, 0, -0.5506160855293274, 0.8347586393356323),
        }},
        {Time = 0.167, Data = {
            ["RightFoot"] = CFrame.new(9.778887033462524e-09, 1.7881393432617188e-07, -3.55576048605144e-08, 0.9984483122825623, 0.01666598953306675, 0.05313386395573616, -0.022908862680196762, 0.9926139712333679, 0.11913405358791351, -0.05075658857822418, -0.12016637623310089, 0.9914554953575134),
            ["LeftLowerArm"] = CFrame.new(-5.960464477539063e-08, 5.960464477539063e-08, -1.341104507446289e-07, 1, -1.7881390590446244e-07, 1.043080928297968e-07, -8.195635814445268e-08, 0.9410747289657593, -0.3381991386413574, 2.9802311729554276e-08, 0.33819881081581116, 0.9410746097564697),
            ["RightUpperArm"] = CFrame.new(1.1920928955078125e-07, -0.06523847579956055, 7.450580596923828e-08, -0.06814649701118469, -0.8978300094604492, -0.43503713607788086, 0.7557052969932556, 0.23823364078998566, -0.6100444793701172, 0.6513567566871643, -0.37033218145370483, 0.662260115146637),
            ["Head"] = CFrame.new(1.1175870895385742e-08, 1.1920928955078125e-07, 5.122274160385132e-08, 0.9619747996330261, -0.01351677905768156, 0.27280372381210327, 0.0793943852186203, 0.9694873690605164, -0.23192891478538513, -0.2613447606563568, 0.24476882815361023, 0.9336954355239868),
            ["LowerTorso"] = CFrame.new(-0.04969256371259689, 0.12340855598449707, -0.07337810844182968, 0.906348705291748, -0.035605985671281815, -0.42102769017219543, -0.02178237773478031, 0.9911807179450989, -0.1307147741317749, 0.4219687283039093, 0.12764403223991394, 0.8975797295570374),
            ["UpperTorso"] = CFrame.new(-5.587935447692871e-09, 8.940696716308594e-08, 5.029141902923584e-08, 0.9995214939117432, -0.015748487785458565, -0.02662152610719204, 0.022194860503077507, 0.9646289944648743, 0.26267561316490173, 0.021543504670262337, -0.2631406784057617, 0.9645168781280518),
            ["HumanoidRootPart"] = CFrame.new(0, 0, 0, 1, 0, 0, 0, 1, 0, 0, 0, 1),
            ["RightUpperLeg"] = CFrame.new(-0.000025570392608642578, -0.0001256503164768219, -0.004997448995709419, 0.9462894797325134, -0.08064697682857513, -0.313100665807724, 0.052352048456668854, 0.9938319325447083, -0.09776153415441513, 0.3190539479255676, 0.07611972093582153, 0.9446749091148376),
            ["LeftUpperArm"] = CFrame.new(1.7881393432617188e-07, -0.065238356590271, 8.940696716308594e-08, 0.42433685064315796, 0.8428672552108765, 0.33092811703681946, -0.7019855380058289, 0.5370573997497559, -0.46774494647979736, -0.5719742774963379, -0.03382543474435806, 0.8195738196372986),
            ["RightLowerArm"] = CFrame.new(-8.940696716308594e-08, -5.960464477539063e-08, -8.940696716308594e-08, 1, 5.2154039309471045e-08, -1.7881382063933415e-07, 1.4901161193847656e-07, 0.8396024107933044, -0.5432011485099792, -2.384185791015625e-07, 0.5432013869285583, 0.8396027088165283),
            ["LeftHand"] = CFrame.new(2.9802322387695312e-08, 1.1920928955078125e-07, 0, 0.6600693464279175, 0.4511585831642151, -0.6006367206573486, -0.5266138911247253, 0.8481020927429199, 0.05831661820411682, 0.5357111096382141, 0.27781084179878235, 0.7973924279212952),
            ["LeftFoot"] = CFrame.new(-1.1175870895385742e-08, 1.7881393432617188e-07, 7.450580596923828e-09, 0.9539695978164673, 0.10082686692476273, -0.28244662284851074, 0.10831582546234131, 0.7623863816261292, 0.6379925608634949, 0.27966007590293884, -0.6392191052436829, 0.7163724303245544),
            ["RightHand"] = CFrame.new(-2.980232238769531e-07, 2.384185791015625e-07, 0, 0.715886652469635, -0.25073832273483276, 0.6516417264938354, 0.384113073348999, 0.920802652835846, -0.06767559796571732, -0.5830639004707336, 0.2987520396709442, 0.755501925945282),
            ["RightLowerLeg"] = CFrame.new(-2.62516550719738e-08, -1.1920928955078125e-07, 1.348162186332047e-07, 1, 6.891782788898126e-08, 2.393498448327591e-07, 4.3399617766226584e-07, 0.8693323731422424, 0.49422740936279297, -7.450577932388569e-09, -0.49422794580459595, 0.8693327307701111),
            ["LeftUpperLeg"] = CFrame.new(0.000025540590286254883, 0.00012559443712234497, 0.004997521638870239, 0.9956074953079224, 0.09264610707759857, 0.013503637164831161, -0.07679825276136398, 0.8906248807907104, -0.4482067823410034, -0.05355106666684151, 0.4452011287212372, 0.8938279151916504),
            ["LeftLowerLeg"] = CFrame.new(1.341104507446289e-07, 5.960464477539063e-08, -1.4901161193847656e-08, 1, 8.568166975919667e-08, -9.31322685637781e-10, -8.195638656616211e-08, 0.8723745942115784, 0.4888378083705902, -3.725290298461914e-09, -0.48883792757987976, 0.8723747134208679),
        }},
        {Time = 0.200, Data = {
            ["RightFoot"] = CFrame.new(3.3527612686157227e-08, 4.76837158203125e-07, -1.3205863069742918e-08, 0.9862995147705078, 0.14577911794185638, -0.07721278071403503, -0.15933045744895935, 0.963103711605072, -0.21689856052398682, 0.04274400323629379, 0.2262296825647354, 0.973135769367218),
            ["LeftLowerArm"] = CFrame.new(1.1920928955078125e-07, 2.384185791015625e-07, -4.805624485015869e-07, 1, -5.9604616353681195e-08, -8.940694584680386e-08, -1.3411046495548362e-07, 0.9493061900138855, -0.31435295939445496, 3.073364851502447e-08, 0.31435298919677734, 0.9493061304092407),
            ["RightUpperArm"] = CFrame.new(0, -0.06523787975311279, 2.9802322387695312e-08, -0.291873037815094, -0.9156386852264404, -0.27643463015556335, 0.6494743227958679, 0.022433243691921234, -0.7600527405738831, 0.7021347880363464, -0.40137577056884766, 0.5881358981132507),
            ["Head"] = CFrame.new(-1.862645149230957e-09, -1.1920928955078125e-07, -2.7008354663848877e-08, 0.9855503439903259, -0.030288372188806534, 0.16665291786193848, 0.07176455110311508, 0.9658780097961426, -0.24885661900043488, -0.15342894196510315, 0.25722062587738037, 0.9540950059890747),
            ["LowerTorso"] = CFrame.new(-0.04433836787939072, 0.24280071258544922, -0.0848100483417511, 0.9560993313789368, -0.03898639231920242, -0.29043805599212646, -0.0008596532861702144, 0.99073326587677, -0.13581955432891846, 0.2930416762828827, 0.13010656833648682, 0.9472058415412903),
            ["UpperTorso"] = CFrame.new(8.847564458847046e-09, -2.682209014892578e-07, 2.2351741790771484e-08, 0.9995856285095215, 0.02651781216263771, -0.011196998879313469, -0.023048512637615204, 0.9703685641288757, 0.24052800238132477, 0.017243562266230583, -0.24017003178596497, 0.970577597618103),
            ["HumanoidRootPart"] = CFrame.new(0, 0, 0, 1, 0, 0, 0, 1, 0, 0, 0, 1),
            ["RightUpperLeg"] = CFrame.new(-0.000025480985641479492, -0.00012614857405424118, -0.004997542127966881, 0.9817172288894653, -0.10389409214258194, -0.15949095785617828, 0.07007338851690292, 0.9763214588165283, -0.2046608030796051, 0.17697755992412567, 0.18974320590496063, 0.9657518863677979),
            ["LeftUpperArm"] = CFrame.new(-1.1920928955078125e-07, -0.06523799896240234, 5.960464477539063e-08, 0.4055570065975189, 0.8718171715736389, 0.2746970057487488, -0.7298572063446045, 0.48978036642074585, -0.4768896698951721, -0.5503017902374268, -0.007083526346832514, 0.8349358439445496),
            ["RightLowerArm"] = CFrame.new(-8.940696716308594e-08, 1.1920928955078125e-07, 2.384185791015625e-07, 1, 1.4901161193847656e-08, 1.7136336794010276e-07, 9.802170097827911e-08, 0.8501020669937134, -0.5266179442405701, 1.6391277313232422e-07, 0.5266179442405701, 0.8501021265983582),
            ["LeftHand"] = CFrame.new(1.7881393432617188e-07, 5.960464477539063e-08, -5.960464477539063e-08, 0.43345674872398376, 0.4800370931625366, -0.7626793384552002, -0.5846149921417236, 0.7938529253005981, 0.16740095615386963, 0.685813844203949, 0.3733121454715729, 0.6247376203536987),
            ["LeftFoot"] = CFrame.new(-3.818422555923462e-08, 1.1920928955078125e-07, 4.284083843231201e-08, 0.9722913503646851, 0.09909749776124954, -0.21172890067100525, 0.053864698857069016, 0.786368191242218, 0.615405261516571, 0.2274819016456604, -0.6097580790519714, 0.7592412829399109),
            ["RightHand"] = CFrame.new(-4.172325134277344e-07, -5.960464477539063e-08, 7.078051567077637e-08, 0.48142072558403015, -0.21953339874744415, 0.8485510349273682, 0.45554858446121216, 0.8897623419761658, -0.028257664293050766, -0.7488055229187012, 0.40016013383865356, 0.5283583998680115),
            ["RightLowerLeg"] = CFrame.new(-5.21540641784668e-08, 1.1920928955078125e-07, 1.507069100625813e-07, 1, -1.3411032284693647e-07, 2.0116567611694336e-07, 4.284081853711541e-07, 0.5391996502876282, 0.8421778082847595, 3.352759847530251e-08, -0.8421779274940491, 0.5392000079154968),
            ["LeftUpperLeg"] = CFrame.new(0.000025600194931030273, 0.0001251213252544403, 0.004997506737709045, 0.9918232560157776, 0.08969537168741226, 0.09078289568424225, -0.035847943276166916, 0.8785220384597778, -0.47635483741760254, -0.12248149514198303, 0.4692056179046631, 0.874553918838501),
            ["LeftLowerLeg"] = CFrame.new(-5.21540641784668e-08, -5.960464477539063e-08, 1.9371509552001953e-07, 1, 4.284083843231201e-08, 1.9790613592363115e-09, -4.097820394122209e-08, 0.7868581414222717, 0.6171337962150574, 2.1420424545226524e-08, -0.6171339154243469, 0.7868582606315613),
        }},
        {Time = 0.233, Data = {
            ["RightFoot"] = CFrame.new(7.450580596923828e-09, 1.7881393432617188e-07, -1.4731631381437182e-07, 0.980427086353302, 0.19640707969665527, 0.013680506497621536, -0.17535899579524994, 0.9027249813079834, -0.39285728335380554, -0.08951036632061005, 0.3827689290046692, 0.9194977283477783),
            ["LeftLowerArm"] = CFrame.new(5.960464477539063e-08, 0, -1.564621925354004e-07, 1, -1.4901159772762185e-07, -1.8626448650138627e-07, 3.725289587919178e-08, 0.949112057685852, -0.31493863463401794, -7.078050145992165e-08, 0.3149386942386627, 0.9491119980812073),
            ["RightUpperArm"] = CFrame.new(1.1920928955078125e-07, -0.06523823738098145, -3.725290298461914e-08, -0.418974369764328, -0.8975510597229004, -0.13734233379364014, 0.6133909821510315, -0.16825245320796967, -0.7716492414474487, 0.6694863438606262, -0.4075455963611603, 0.6210431456565857),
            ["Head"] = CFrame.new(3.725290298461914e-09, 3.5762786865234375e-07, 1.816079020500183e-08, 0.9957336187362671, -0.06105959042906761, 0.06918297708034515, 0.07749447226524353, 0.9603644013404846, -0.26775872707366943, -0.0500916950404644, 0.2719777822494507, 0.9609989523887634),
            ["LowerTorso"] = CFrame.new(-0.0410839319229126, 0.2987210750579834, -0.09510434418916702, 0.9851865768432617, -0.04645386338233948, -0.16507437825202942, 0.022762885317206383, 0.989517092704773, -0.14261044561862946, 0.16996869444847107, 0.13674025237560272, 0.97591632604599),
            ["UpperTorso"] = CFrame.new(-9.313225746154785e-10, 0, -6.426125764846802e-08, 0.997649610042572, 0.06850721687078476, 0.0013923784717917442, -0.06712760776281357, 0.9730770587921143, 0.22048814594745636, 0.013750152662396431, -0.22006335854530334, 0.9753887057304382),
            ["HumanoidRootPart"] = CFrame.new(0, 0, 0, 1, 0, 0, 0, 1, 0, 0, 0, 1),
            ["RightUpperLeg"] = CFrame.new(-0.000025480985641479492, -0.0001259148120880127, -0.0049975560978055, 0.96699059009552, -0.17909924685955048, -0.18125298619270325, 0.12747851014137268, 0.9559316635131836, -0.264468789100647, 0.22063210606575012, 0.23263341188430786, 0.9472084045410156),
            ["LeftUpperArm"] = CFrame.new(-1.1920928955078125e-07, -0.06523823738098145, -2.9802322387695312e-08, 0.42611080408096313, 0.8716612458229065, 0.24214871227741241, -0.7142152190208435, 0.4884176254272461, -0.5013434886932373, -0.555271327495575, 0.040681540966033936, 0.8306737542152405),
            ["RightLowerArm"] = CFrame.new(-8.940696716308594e-08, 2.384185791015625e-07, 2.9802322387695312e-08, 1, -1.5646212148112681e-07, 1.9371502446574596e-07, -1.4901164746561335e-08, 0.8541508316993713, -0.520024836063385, 2.980232949312267e-08, 0.5200252532958984, 0.8541511297225952),
            ["LeftHand"] = CFrame.new(2.9802322387695312e-08, 1.1920928955078125e-07, 1.4901161193847656e-07, 0.22003038227558136, 0.4828975200653076, -0.847582995891571, -0.5652197003364563, 0.7712709307670593, 0.29269033670425415, 0.7950556874275208, 0.41467002034187317, 0.44264617562294006),
            ["LeftFoot"] = CFrame.new(-6.984919309616089e-09, 0, 2.60770320892334e-08, 0.9983055591583252, 0.02539302036166191, -0.05235684663057327, 0.010346353985369205, 0.8079672455787659, 0.5891364812850952, 0.05726255476474762, -0.5886801481246948, 0.8063355088233948),
            ["RightHand"] = CFrame.new(0, -2.384185791015625e-07, 0, 0.24729107320308685, -0.18401069939136505, 0.9513081312179565, 0.4953886866569519, 0.867792010307312, 0.03908016160130501, -0.8327287435531616, 0.4616028964519501, 0.3057541251182556),
            ["RightLowerLeg"] = CFrame.new(7.450580596923828e-09, 0, -1.3205863069742918e-08, 1, -1.4901154088420299e-08, 1.4156094607642444e-07, 4.768370445162873e-07, 0.16931314766407013, 0.9855623841285706, -1.713633110966839e-07, -0.9855623841285706, 0.16931307315826416),
            ["LeftUpperLeg"] = CFrame.new(0.000025540590286254883, 0.00012532994151115417, 0.004997387528419495, 0.9873825907707214, 0.09583954513072968, 0.1260576695203781, -0.016020335257053375, 0.8524249792098999, -0.5226037502288818, -0.1575407087802887, 0.5139908194541931, 0.8432051539421082),
            ["LeftLowerLeg"] = CFrame.new(-4.377216100692749e-08, 5.960464477539063e-08, -9.266659617424011e-08, 1, 7.799826562404633e-08, 4.1909544279405964e-08, -6.193296542278404e-08, 0.6382074356079102, 0.7698642611503601, 2.887100691850719e-08, -0.7698644399642944, 0.638207733631134),
        }},
        {Time = 0.267, Data = {
            ["RightFoot"] = CFrame.new(-2.9802322387695312e-08, 3.5762786865234375e-07, 1.20904587674886e-07, 0.9677200317382812, 0.23962827026844025, 0.07807871699333191, -0.1637214720249176, 0.833250880241394, -0.5280987620353699, -0.19160717725753784, 0.49826833605766296, 0.8455858826637268),
            ["LeftLowerArm"] = CFrame.new(6.556510925292969e-07, -1.7881393432617188e-07, 1.1175870895385742e-07, 1, -5.9604616353681195e-08, 2.607702498380604e-08, -1.0430809993522416e-07, 0.9497326612472534, -0.31306192278862, 8.195636524988004e-08, 0.3130621612071991, 0.9497327208518982),
            ["RightUpperArm"] = CFrame.new(1.1920928955078125e-07, -0.06523823738098145, 0, -0.4634731709957123, -0.8824169039726257, -0.0808270052075386, 0.6223520040512085, -0.25922849774360657, -0.7385649085044861, 0.6307699680328369, -0.392608106136322, 0.6693196892738342),
            ["Head"] = CFrame.new(-2.0489096641540527e-08, -3.5762786865234375e-07, 1.6298145055770874e-08, 0.9960033297538757, -0.08931610733270645, -0.0004153159388806671, 0.08562079817056656, 0.9560979604721069, -0.28026044368743896, 0.02542879618704319, 0.27910470962524414, 0.9599239826202393),
            ["LowerTorso"] = CFrame.new(-0.0378832146525383, 0.31661152839660645, -0.10326781123876572, 0.9966568946838379, -0.04528583213686943, -0.06800255924463272, 0.034706000238657, 0.9881664514541626, -0.14940734207630157, 0.07396381348371506, 0.14654771983623505, 0.9864345192909241),
            ["UpperTorso"] = CFrame.new(2.7939677238464355e-09, -1.7881393432617188e-07, 5.587935447692871e-09, 0.995869517326355, 0.09057028591632843, 0.006393980234861374, -0.08997558802366257, 0.9749791622161865, 0.20327338576316833, 0.012176677584648132, -0.20300905406475067, 0.9791011214256287),
            ["HumanoidRootPart"] = CFrame.new(0, 0, 0, 1, 0, 0, 0, 1, 0, 0, 0, 1),
            ["RightUpperLeg"] = CFrame.new(-0.000025570392608642578, -0.00012574251741170883, -0.0049974676221609116, 0.9482297897338867, -0.2454114854335785, -0.20157760381698608, 0.20131532847881317, 0.9553829431533813, -0.21613773703575134, 0.24562712013721466, 0.1643676906824112, 0.9553276896476746),
            ["LeftUpperArm"] = CFrame.new(5.960464477539063e-08, -0.06523823738098145, 2.9802322387695312e-08, 0.42094090580940247, 0.8636235594749451, 0.2774219810962677, -0.6669214963912964, 0.5019616484642029, -0.5506815314292908, -0.6148369312286377, 0.046785593032836914, 0.7872655987739563),
            ["RightLowerArm"] = CFrame.new(-2.086162567138672e-07, 5.960464477539063e-08, -4.172325134277344e-07, 1, 1.9557759856070334e-08, -8.940695295223122e-08, 1.4901166878189542e-07, 0.8551706075668335, -0.5183463096618652, -1.415610881849716e-07, 0.5183467268943787, 0.8551708459854126),
            ["LeftHand"] = CFrame.new(-2.5331974029541016e-07, -1.1920928955078125e-07, -2.8312206268310547e-07, 0.12741343677043915, 0.4839349389076233, -0.8657790422439575, -0.5503516793251038, 0.7606844902038574, 0.3441977798938751, 0.8251538276672363, 0.4326269328594208, 0.36325564980506897),
            ["LeftFoot"] = CFrame.new(-7.264316082000732e-08, -5.960464477539063e-08, 2.9802322387695312e-08, 0.9906386137008667, -0.10487100481987, 0.08739186823368073, 0.04404475912451744, 0.8514881730079651, 0.5225207209587097, -0.12921032309532166, -0.5137801170349121, 0.8481361269950867),
            ["RightHand"] = CFrame.new(1.1920928955078125e-07, 1.7881393432617188e-07, 2.086162567138672e-07, 0.1427496373653412, -0.16767148673534393, 0.97545325756073, 0.5042036175727844, 0.8603994250297546, 0.07410828024148941, -0.8517049551010132, 0.4812476634979248, 0.20736196637153625),
