return {
    ["Bird Surf"] = {
        {Time = 0.000, Data = {
            ["RightFoot"] = CFrame.new(-4.0046870708465576e-08, 4.172325134277344e-07, -3.892637323588133e-09, 0.9988935589790344, 0.04695621877908707, -0.002609587972983718, -0.04477391764521599, 0.932562530040741, -0.35822078585624695, -0.014387180097401142, 0.3579418361186981, 0.9336333274841309),
            ["LeftLowerArm"] = CFrame.new(5.364418029785156e-07, 0, -8.195638656616211e-08, 1, -9.313227522511625e-09, 3.213062171880665e-08, 1.30385160446167e-08, 0.972704291343689, -0.23204855620861053, 3.725290298461914e-09, 0.23204857110977173, 0.9727042317390442),
            ["RightUpperArm"] = CFrame.new(2.384185791015625e-07, 1.1920928955078125e-07, -1.7136335372924805e-07, 0.24901291728019714, -0.0281976405531168, 0.9680896401405334, 0.6386716961860657, -0.7466540336608887, -0.1860276311635971, 0.7280734777450562, 0.6646146178245544, -0.16791753470897675),
            ["Head"] = CFrame.new(0.000058319419622421265, 0.07291293144226074, -0.1597575843334198, 0.9932494759559631, -0.11509355157613754, -0.014459674246609211, 0.09323031455278397, 0.8662393093109131, -0.4908539056777954, 0.06901964545249939, 0.48619237542152405, 0.871121883392334),
            ["LowerTorso"] = CFrame.new(-0.14590056240558624, -0.062059640884399414, -0.10353460907936096, 0.9900395274162292, 0.13923373818397522, -0.0208740271627903, -0.12868532538414001, 0.9550637006759644, 0.26700836420059204, 0.057112596929073334, -0.26166263222694397, 0.9634681344032288),
            ["UpperTorso"] = CFrame.new(-4.470348358154297e-08, -3.2782554626464844e-07, 5.820766091346741e-10, 0.9982565641403198, -0.03619404137134552, 0.046625908464193344, 0.028169700875878334, 0.9863027930259705, 0.16252140700817108, -0.05186957120895386, -0.16092458367347717, 0.9856027960777283),
            ["HumanoidRootPart"] = CFrame.new(0, 0, 0, 1, 0, 0, 0, 1, 0, 0, 0, 1),
            ["RightUpperLeg"] = CFrame.new(0, 6.705522537231445e-08, 5.2321411203593016e-08, 0.9779503345489502, -0.20552292466163635, 0.03706018999218941, 0.17803819477558136, 0.7277325987815857, -0.6623502373695374, 0.1091582253575325, 0.6543436646461487, 0.7482772469520569),
            ["LeftUpperArm"] = CFrame.new(-3.5762786865234375e-07, 9.5367431640625e-07, -2.9802322387695312e-08, 0.9448900818824768, -0.08529438078403473, -0.31608182191848755, -0.009514068253338337, 0.9579042196273804, -0.2869306206703186, 0.3272496163845062, 0.27412518858909607, 0.9043025970458984),
            ["RightLowerArm"] = CFrame.new(-1.1920928955078125e-07, -5.960464477539063e-08, 3.5762786865234375e-07, 1, -1.3411040811206476e-07, 0, 1.0617077350616455e-07, 0.6895374059677124, -0.7242502570152283, 1.0058283805847168e-07, 0.7242501974105835, 0.6895372271537781),
            ["LeftHand"] = CFrame.new(1.7881393432617188e-07, 1.7881393432617188e-07, 1.7881393432617188e-07, 0.9414210319519043, -0.09448602795600891, 0.3237267732620239, 0.12275602668523788, 0.9901044368743896, -0.06800197064876556, -0.3140980303287506, 0.1037580743432045, 0.9437037110328674),
            ["LeftFoot"] = CFrame.new(-6.332993507385254e-08, -1.7881393432617188e-07, 3.3527612686157227e-08, 0.9947495460510254, 0.032852716743946075, -0.09692361205816269, -0.045423466712236404, 0.9904088377952576, -0.13048769533634186, 0.09170710295438766, 0.13420528173446655, 0.9867010116577148),
            ["RightHand"] = CFrame.new(2.980232238769531e-07, 2.384185791015625e-07, -1.7881393432617188e-07, 0.46048328280448914, -0.6466397643089294, -0.6081223487854004, 0.3665083944797516, 0.762458860874176, -0.5332236886024475, 0.8084719181060791, 0.022658571600914, 0.5880984663963318),
            ["RightLowerLeg"] = CFrame.new(1.862645149230957e-08, -0.0000603795051574707, -0.0000720863972674124, 1, -1.0617077350616455e-07, -5.77420280478691e-08, 1.229346082709526e-07, 0.6626423001289368, 0.748935878276825, -6.332994928470725e-08, -0.748936116695404, 0.6626425385475159),
            ["LeftUpperLeg"] = CFrame.new(-5.960464477539063e-08, 4.0978193283081055e-08, -4.6566128730773926e-08, 0.9689236879348755, -0.17233312129974365, 0.17744925618171692, 0.22642239928245544, 0.9067479968070984, -0.3557259738445282, -0.09959837794303894, 0.38484978675842285, 0.9175896644592285),
            ["LeftLowerLeg"] = CFrame.new(3.166496753692627e-08, 0.00006121397018432617, 0.00007207691669464111, 1, 3.911554458113642e-08, 3.725290298461914e-09, -2.8870999813079834e-08, 0.9660683870315552, 0.25828635692596436, -1.862645149230957e-09, -0.25828638672828674, 0.9660683870315552),
        }},
        {Time = 0.033, Data = {
            ["RightFoot"] = CFrame.new(8.66129994392395e-08, 4.172325134277344e-07, 1.287116901949048e-08, 0.998554527759552, 0.051695212721824646, 0.014719284139573574, -0.04304526373744011, 0.9331161379814148, -0.35698920488357544, -0.03218954801559448, 0.35583990812301636, 0.9339926242828369),
            ["LeftLowerArm"] = CFrame.new(1.4901161193847656e-07, -3.5762786865234375e-07, -7.264316082000732e-08, 1, -2.980233304583635e-08, -6.752092218675898e-08, 2.328307324717116e-08, 0.9425830841064453, -0.33397191762924194, 1.0360967195310877e-07, 0.33397194743156433, 0.9425831437110901),
            ["RightUpperArm"] = CFrame.new(1.1920928955078125e-07, 2.384185791015625e-07, -7.636845111846924e-08, 0.40760961174964905, 0.018456289544701576, 0.9129698276519775, 0.7192105054855347, -0.6225376129150391, -0.3085177540779114, 0.5626639723777771, 0.7823722958564758, -0.26702627539634705),
            ["Head"] = CFrame.new(-0.008317429572343826, 0.0670921802520752, -0.162074014544487, 0.9966660141944885, -0.08158624172210693, 0.0007363252225331962, 0.07258651405572891, 0.8825311064720154, -0.46461811661720276, 0.03725661709904671, 0.4631226658821106, 0.8855109214782715),
            ["LowerTorso"] = CFrame.new(-0.149346262216568, -0.05989575386047363, -0.11813409626483917, 0.9895569086074829, 0.13800989091396332, -0.04159828647971153, -0.1233578696846962, 0.9601224064826965, 0.25089403986930847, 0.07456530630588531, -0.24314245581626892, 0.967120349407196),
            ["UpperTorso"] = CFrame.new(-1.862645149230957e-08, -1.4901161193847656e-07, 9.313225746154785e-10, 0.9992574453353882, -0.03558295965194702, 0.01478123851120472, 0.03308330103754997, 0.9889867305755615, 0.14426007866859436, -0.019751645624637604, -0.14366395771503448, 0.9894294738769531),
            ["HumanoidRootPart"] = CFrame.new(0, 0, 0, 1, 0, 0, 0, 1, 0, 0, 0, 1),
            ["RightUpperLeg"] = CFrame.new(-1.7881393432617188e-07, 6.668269634246826e-07, 4.85961209051311e-08, 0.9783698916435242, -0.20421873033046722, 0.03297348693013191, 0.17723138630390167, 0.7453010678291321, -0.6427406668663025, 0.10668450593948364, 0.6346819400787354, 0.765373945236206),
            ["LeftUpperArm"] = CFrame.new(-1.1920928955078125e-07, 5.960464477539062e-07, 6.845220923423767e-08, 0.9478004574775696, -0.08828764408826828, -0.3063977062702179, -0.002509881043806672, 0.9588086009025574, -0.28404200077056885, 0.31885409355163574, 0.2699842154979706, 0.9085376262664795),
            ["RightLowerArm"] = CFrame.new(-9.5367431640625e-07, -5.960464477539063e-08, -5.885958671569824e-07, 1, 4.470347647611561e-08, 5.960464477539063e-08, 2.0489094865183688e-08, 0.670750081539154, -0.7416835427284241, -2.0489094865183688e-08, 0.7416835427284241, 0.670750081539154),
            ["LeftHand"] = CFrame.new(-1.4901161193847656e-08, -2.384185791015625e-07, 1.1920928955078125e-07, 0.8942573070526123, -0.08292610943317413, 0.4398035705089569, 0.044747017323970795, 0.9943267703056335, 0.09649841487407684, -0.44531071186065674, -0.0666145458817482, 0.8928946852684021),
            ["LeftFoot"] = CFrame.new(-4.0978193283081055e-08, -5.960464477539063e-08, -7.450580596923828e-09, 0.9967178106307983, 0.021766936406493187, -0.07797321677207947, -0.032541029155254364, 0.9896600246429443, -0.13969318568706512, 0.07412625849246979, 0.1417720913887024, 0.9871201515197754),
            ["RightHand"] = CFrame.new(-8.940696716308594e-08, 1.1920928955078125e-07, 0, 0.6033871173858643, -0.5498052835464478, -0.5776147842407227, 0.3113398551940918, 0.8292611837387085, -0.46410441398620605, 0.7341603636741638, 0.10020030289888382, 0.6715418100357056),
            ["RightLowerLeg"] = CFrame.new(1.601874828338623e-07, -0.000060439109802246094, -0.00007217207894427702, 1, -9.685754776000977e-08, -6.705523958316917e-08, 1.229346082709526e-07, 0.6728225946426392, 0.739803671836853, -3.3527619791584584e-08, -0.7398038506507874, 0.6728229522705078),
            ["LeftUpperLeg"] = CFrame.new(8.940696716308594e-08, 6.444752216339111e-07, 1.862645149230957e-09, 0.9704983830451965, -0.16886188089847565, 0.1721009463071823, 0.2186303585767746, 0.9172780513763428, -0.3328690826892853, -0.10165555030107498, 0.3606754243373871, 0.9271351099014282),
            ["LeftLowerLeg"] = CFrame.new(-3.3527612686157227e-08, 0.000060617923736572266, 0.0000720098614692688, 1, 2.8870999813079834e-08, 1.1175870895385742e-08, -3.166496043149891e-08, 0.9654923677444458, 0.2604316174983978, -4.656611762854368e-10, -0.2604316174983978, 0.965492308139801),
        }},
        {Time = 0.067, Data = {
            ["RightFoot"] = CFrame.new(6.239861249923706e-08, 1.7881393432617188e-07, 1.6596459317952394e-08, 0.9985599517822266, 0.04422881454229355, 0.030361726880073547, -0.03065384179353714, 0.9348648190498352, -0.35367798805236816, -0.044027041643857956, 0.3522380590438843, 0.934874415397644),
            ["LeftLowerArm"] = CFrame.new(5.960464477539063e-08, 7.152557373046875e-07, -1.7881393432617188e-07, 1, -1.1175868230850483e-08, -1.6763802790364934e-08, 1.3969836842875338e-08, 0.9344079494476318, -0.3562048077583313, 9.592621097453957e-08, 0.3562048077583313, 0.9344078898429871),
            ["RightUpperArm"] = CFrame.new(2.384185791015625e-07, 1.1920928955078125e-07, 1.434236764907837e-07, 0.5499552488327026, 0.041818127036094666, 0.8341465592384338, 0.7730705142021179, -0.40347325801849365, -0.48946037888526917, 0.3160875141620636, 0.9140353202819824, -0.2542206346988678),
            ["Head"] = CFrame.new(-0.010490603744983673, 0.057933807373046875, -0.16544590890407562, 0.9952263832092285, -0.0975494533777237, -0.002954421564936638, 0.08828062564134598, 0.912743866443634, -0.39887985587120056, 0.041607145220041275, 0.3967150151729584, 0.9169985055923462),
            ["LowerTorso"] = CFrame.new(-0.1317666918039322, -0.053075313568115234, -0.13445906341075897, 0.9899861216545105, 0.12769916653633118, -0.06017163395881653, -0.1124049574136734, 0.9709507822990417, 0.21123380959033966, 0.08539807796478271, -0.20235490798950195, 0.9755817651748657),
            ["UpperTorso"] = CFrame.new(2.7939677238464355e-08, -0.0000011920928955078125, -2.0023435354232788e-08, 0.9993210434913635, -0.03338200971484184, 0.015590215101838112, 0.031071724370121956, 0.9909935593605042, 0.13025465607643127, -0.01979796215891838, -0.1296817660331726, 0.9913579821586609),
            ["HumanoidRootPart"] = CFrame.new(0, 0, 0, 1, 0, 0, 0, 1, 0, 0, 0, 1),
            ["RightUpperLeg"] = CFrame.new(2.980232238769531e-07, -9.760260581970215e-07, 2.0656443666666746e-08, 0.9818199276924133, -0.18929095566272736, 0.014089901000261307, 0.1604531705379486, 0.7879992723464966, -0.5944004654884338, 0.10141182690858841, 0.5858549475669861, 0.8040457367897034),
            ["LeftUpperArm"] = CFrame.new(1.1920928955078125e-07, 4.76837158203125e-07, 1.1175870895385742e-08, 0.9280619025230408, -0.08809182792901993, -0.3618575930595398, -0.10319834202528, 0.8727477192878723, -0.4771389961242676, 0.35784241557121277, 0.48015767335891724, 0.8008729219436646),
            ["RightLowerArm"] = CFrame.new(1.1920928955078125e-07, 1.1920928955078125e-07, -8.195638656616211e-08, 1, -1.1920928955078125e-07, 4.842878098543224e-08, 1.1734663019069558e-07, 0.6970058679580688, -0.7170654535293579, -2.4680044674596502e-08, 0.7170653939247131, 0.6970058679580688),
            ["LeftHand"] = CFrame.new(3.725290298461914e-07, -1.7881393432617188e-07, 4.172325134277344e-07, 0.8667245507240295, -0.01829441636800766, 0.4984513819217682, -0.05800227075815201, 0.9888507723808289, 0.13714948296546936, -0.49540314078330994, -0.1477821171283722, 0.8560001850128174),
            ["LeftFoot"] = CFrame.new(-6.51925802230835e-09, 0, -1.862645149230957e-09, 0.997782826423645, 0.028469182550907135, -0.060159243643283844, -0.03795958682894707, 0.9858905076980591, -0.1630311757326126, 0.05466907471418381, 0.16495323181152344, 0.9847851395606995),
            ["RightHand"] = CFrame.new(-4.470348358154297e-07, -6.556510925292969e-07, -2.9802322387695312e-08, 0.6798928380012512, -0.42706164717674255, -0.5961241722106934, 0.2670442759990692, 0.9012929201126099, -0.3411139249801636, 0.6829590797424316, 0.07272962480783463, 0.7268268465995789),
            ["RightLowerLeg"] = CFrame.new(8.940696716308594e-08, -0.000060439109802246094, -0.00007220933184726164, 1, -1.0430815677864302e-07, -4.097820394122209e-08, 9.313224325069314e-08, 0.6938932538032532, 0.720077633857727, -5.774199252073231e-08, -0.7200778722763062, 0.6938936114311218),
            ["LeftUpperLeg"] = CFrame.new(-5.960464477539063e-08, 2.5704503059387207e-07, 8.568167686462402e-08, 0.9753495454788208, -0.15226562321186066, 0.15971407294273376, 0.1951681226491928, 0.9329927563667297, -0.3023805618286133, -0.10296989977359772, 0.32609790563583374, 0.939711332321167),
            ["LeftLowerLeg"] = CFrame.new(1.0151416063308716e-07, 0.00006031990051269531, 0.00007209926843643188, 1, 2.1420429874297042e-08, -5.587935447692871e-09, -1.9557775843281888e-08, 0.9579523801803589, 0.2869272828102112, 1.769513069405093e-08, -0.28692734241485596, 0.9579523801803589),
        }},
        {Time = 0.100, Data = {
            ["RightFoot"] = CFrame.new(-1.1827796697616577e-07, 2.384185791015625e-07, 3.894820110872388e-08, 0.9986055493354797, 0.03603927418589592, 0.038576915860176086, -0.02029571123421192, 0.9366552829742432, -0.3496635854244232, -0.04873497039079666, 0.34839341044425964, 0.9360807538032532),
            ["LeftLowerArm"] = CFrame.new(-5.960464477539063e-08, -7.152557373046875e-07, 5.960464477539063e-08, 1, -2.980232594040899e-08, -4.470348358154297e-08, 5.587936779960501e-09, 0.9246777296066284, -0.3807506263256073, -2.2351747119842003e-08, 0.3807508051395416, 0.9246777296066284),
            ["RightUpperArm"] = CFrame.new(2.384185791015625e-07, -0.0000011920928955078125, -2.8312206268310547e-07, 0.6423323154449463, 0.03522363677620888, 0.7656165957450867, 0.7609559893608093, -0.1484488546848297, -0.6315925121307373, 0.09140782803297043, 0.9882926344871521, -0.12215708941221237),
            ["Head"] = CFrame.new(-0.008782677352428436, 0.0487900972366333, -0.16846680641174316, 0.9942530989646912, -0.10603233426809311, -0.014769375324249268, 0.09613595902919769, 0.9450010061264038, -0.31261980533599854, 0.04710487276315689, 0.30940330028533936, 0.9497635364532471),
            ["LowerTorso"] = CFrame.new(-0.10040795803070068, -0.04690718650817871, -0.14571349322795868, 0.9916618466377258, 0.10814308375120163, -0.0700860321521759, -0.09417895972728729, 0.9793944358825684, 0.17865291237831116, 0.08796196430921555, -0.17056263983249664, 0.9814128279685974),
            ["UpperTorso"] = CFrame.new(4.6566128730773926e-08, -2.086162567138672e-07, -1.0011717677116394e-07, 0.9991611242294312, -0.025150662288069725, 0.03231813386082649, 0.0214935764670372, 0.9938195943832397, 0.10890709608793259, -0.03485745191574097, -0.10812114179134369, 0.9935264587402344),
            ["HumanoidRootPart"] = CFrame.new(0, 0, 0, 1, 0, 0, 0, 1, 0, 0, 0, 1),
            ["RightUpperLeg"] = CFrame.new(5.960464477539063e-08, -4.041939973831177e-07, 3.3694959711283445e-08, 0.9868068695068359, -0.16129937767982483, -0.013958248309791088, 0.12756669521331787, 0.8277222514152527, -0.5464455485343933, 0.09969494491815567, 0.5374554991722107, 0.8373782634735107),
            ["LeftUpperArm"] = CFrame.new(-1.1920928955078125e-07, 0, 7.450580596923828e-08, 0.9016062021255493, -0.08016492426395416, -0.4250646233558655, -0.2462870329618454, 0.712699830532074, -0.6568118333816528, 0.35559678077697754, 0.6968733668327332, 0.6228309869766235),
            ["RightLowerArm"] = CFrame.new(-3.2782554626464844e-07, 5.960464477539063e-08, -8.940696716308594e-08, 1, -6.705522537231445e-08, -1.862644971595273e-08, 6.40284341102415e-08, 0.7350555062294006, -0.6780070662498474, -1.3969840395589017e-08, 0.6780070662498474, 0.7350554466247559),
            ["LeftHand"] = CFrame.new(-3.5762786865234375e-07, 3.5762786865234375e-07, -1.7881393432617188e-07, 0.847613513469696, 0.05218493193387985, 0.5280417799949646, -0.15665090084075928, 0.9754061102867126, 0.15505924820899963, -0.5069633722305298, -0.21414873003959656, 0.8349422216415405),
            ["LeftFoot"] = CFrame.new(-2.123415470123291e-07, 1.7881393432617188e-07, 2.7939677238464355e-09, 0.9975185990333557, 0.04314133897423744, -0.055636949837207794, -0.05345264449715614, 0.9783985614776611, -0.1996975690126419, 0.045819833874702454, 0.20217621326446533, 0.9782768487930298),
            ["RightHand"] = CFrame.new(-1.341104507446289e-07, -5.364418029785156e-07, 0, 0.7178053259849548, -0.33578768372535706, -0.6099202036857605, 0.2519582211971283, 0.9419204592704773, -0.22204215824604034, 0.6490551829338074, 0.005709222983568907, 0.7607198357582092),
            ["RightLowerLeg"] = CFrame.new(0, -0.00006014108657836914, -0.00007226893649203703, 1, -7.543710722757169e-08, -5.401672353855247e-08, 1.08033368917404e-07, 0.718235194683075, 0.695800244808197, -4.284081711602994e-08, -0.6958004236221313, 0.7182353734970093),
            ["LeftUpperLeg"] = CFrame.new(1.1920928955078125e-07, -7.82310962677002e-07, 5.587935447692871e-08, 0.9822425246238708, -0.11971291899681091, 0.1444593220949173, 0.15937723219394684, 0.9386568069458008, -0.3058144152164459, -0.09898775815963745, 0.3234074115753174, 0.9410681128501892),
            ["LeftLowerLeg"] = CFrame.new(-3.632158041000366e-08, 0.00006109476089477539, 0.00007201172411441803, 1, 3.073365206773815e-08, 1.0244550985305523e-08, -2.7939680791178034e-08, 0.9354488849639893, 0.3534621596336365, 5.587936335871291e-09, -0.3534621596336365, 0.9354488849639893),
        }},
        {Time = 0.133, Data = {
            ["RightFoot"] = CFrame.new(-9.313225746154785e-09, 3.5762786865234375e-07, -2.438173396512866e-08, 0.9990150928497314, 0.030713221058249474, 0.03202689066529274, -0.017704596742987633, 0.9377046227455139, -0.34698158502578735, -0.04068891331553459, 0.34607362747192383, 0.9373249411582947),
            ["LeftLowerArm"] = CFrame.new(2.980232238769531e-07, 2.384185791015625e-07, -5.960464477539063e-08, 1, 1.4901166522918174e-08, 8.940698847936801e-08, 2.2351747119842003e-08, 0.9279389381408691, -0.37273237109184265, -8.940698847936801e-08, 0.3727322816848755, 0.9279389977455139),
            ["RightUpperArm"] = CFrame.new(1.1920928955078125e-07, 0, 8.96397978067398e-09, 0.7001049518585205, -0.003837075550109148, 0.7140297293663025, 0.7070930004119873, 0.1428760439157486, -0.6925358772277832, -0.09936051070690155, 0.9897331595420837, 0.10274135321378708),
            ["Head"] = CFrame.new(-0.002865063026547432, 0.043561577796936035, -0.170096293091774, 0.9938604831695557, -0.10545607656240463, -0.03347385674715042, 0.09397716820240021, 0.9642840623855591, -0.24763788282871246, 0.05839323252439499, 0.24297186732292175, 0.9682742953300476),
            ["LowerTorso"] = CFrame.new(-0.05633074790239334, -0.04208087921142578, -0.1556205004453659, 0.9945453405380249, 0.08154069632291794, -0.06504388153553009, -0.07113537937402725, 0.9863089919090271, 0.14877593517303467, 0.07628466188907623, -0.14333748817443848, 0.9867294430732727),
            ["UpperTorso"] = CFrame.new(1.862645149230957e-09, -5.960464477539062e-07, 1.9441358745098114e-08, 0.9981968998908997, -0.01629330776631832, 0.05777096375823021, 0.01006650272756815, 0.994263768196106, 0.10648075491189957, -0.05917450040578842, -0.10570725053548813, 0.9926350712776184),
            ["HumanoidRootPart"] = CFrame.new(0, 0, 0, 1, 0, 0, 0, 1, 0, 0, 0, 1),
            ["RightUpperLeg"] = CFrame.new(2.384185791015625e-07, -8.381903171539307e-08, 2.029992174357176e-09, 0.9914066195487976, -0.12214478105306625, -0.04683689400553703, 0.0836830735206604, 0.867352306842804, -0.4906090199947357, 0.10054944455623627, 0.4824734926223755, 0.8701202273368835),
            ["LeftUpperArm"] = CFrame.new(0, 1.1920928955078125e-07, -1.2922100722789764e-08, 0.8829630017280579, -0.07237081974744797, -0.4638306200504303, -0.39402881264686584, 0.4228326380252838, -0.816059947013855, 0.2551816701889038, 0.9033134579658508, 0.34482938051223755),
            ["RightLowerArm"] = CFrame.new(1.7881393432617188e-07, 0, -8.940696716308594e-08, 1, -1.1920926112907182e-07, -7.450583439094771e-08, 2.1886075174393227e-08, 0.755085289478302, -0.6556267142295837, 1.1920926112907182e-07, 0.655626654624939, 0.755085289478302),
            ["LeftHand"] = CFrame.new(-5.960464477539062e-07, 7.152557373046875e-07, -5.364418029785156e-07, 0.8192253112792969, 0.11181171238422394, 0.5624663829803467, -0.20704638957977295, 0.9723212122917175, 0.10827473551034927, -0.5347912311553955, -0.20515772700309753, 0.8197001218795776),
            ["LeftFoot"] = CFrame.new(1.8230639398097992e-07, -5.960464477539063e-08, 5.587935447692871e-09, 0.9958968162536621, 0.058024052530527115, -0.06944665312767029, -0.07266487181186676, 0.9701187610626221, -0.2314937263727188, 0.05393928289413452, 0.23559053242206573, 0.9703544974327087),
            ["RightHand"] = CFrame.new(4.76837158203125e-07, 1.1920928955078125e-07, 5.960464477539063e-08, 0.7409068942070007, -0.2701093256473541, -0.6148965954780579, 0.26651492714881897, 0.9586321115493774, -0.09997206926345825, 0.6164631247520447, -0.08980873972177505, 0.7822453379631042),
            ["RightLowerLeg"] = CFrame.new(-4.284083843231201e-08, -0.000060617923736572266, -0.00007203796849353239, 1, -9.126964783945368e-08, -3.259630432239646e-08, 1.0058280253133489e-07, 0.7460813522338867, 0.6658545732498169, -3.166495687878523e-08, -0.6658548712730408, 0.7460816502571106),
            ["LeftUpperLeg"] = CFrame.new(0, -0.0000011064112186431885, 2.9802322387695312e-08, 0.9897646307945251, -0.07390964776277542, 0.12207991629838943, 0.11045791953802109, 0.9384036660194397, -0.3274104595184326, -0.09036146104335785, 0.3375439941883087, 0.9369626641273499),
            ["LeftLowerLeg"] = CFrame.new(4.842877388000488e-08, 0.00006026029586791992, 0.00007199123501777649, 1, 3.911553747570906e-08, 1.5366824257512235e-08, -3.864988329382868e-08, 0.8998908400535583, 0.4361151456832886, 2.3283062144940914e-09, -0.43611517548561096, 0.8998909592628479),
        }},
        {Time = 0.167, Data = {
            ["RightFoot"] = CFrame.new(-1.0986695997416973e-07, 3.5762786865234375e-07, 5.757465260103345e-08, 0.9995797276496887, 0.02230343222618103, 0.01852155663073063, -0.014646083116531372, 0.9398354887962341, -0.341312974691391, -0.02501959539949894, 0.3408985137939453, 0.9397673010826111),
            ["LeftLowerArm"] = CFrame.new(0.0000010728836059570312, 2.384185791015625e-07, 2.682209014892578e-07, 1, -2.1420419216156006e-08, -3.725290298461914e-09, 2.7939687896605392e-08, 0.9087531566619873, -0.4173341989517212, 2.6077040971017595e-08, 0.4173341393470764, 0.9087531566619873),
            ["RightUpperArm"] = CFrame.new(2.384185791015625e-07, 8.344650268554688e-07, 2.421438694000244e-07, 0.7350955009460449, -0.04058605059981346, 0.676747739315033, 0.6207440495491028, 0.44165948033332825, -0.6477760672569275, -0.2726013958454132, 0.8962643146514893, 0.3498554229736328),
            ["Head"] = CFrame.new(0.00157530652359128, 0.043041348457336426, -0.17024578154087067, 0.9954239130020142, -0.08430702984333038, -0.04498666152358055, 0.0730699822306633, 0.9749200940132141, -0.21021784842014313, 0.06158124655485153, 0.20596884191036224, 0.9766190648078918),
            ["LowerTorso"] = CFrame.new(-0.0071230679750442505, -0.045278310775756836, -0.15708114206790924, 0.9977542757987976, 0.0463649183511734, -0.04833982139825821, -0.0397220142185688, 0.9906755685806274, 0.13032285869121552, 0.05393148958683014, -0.12811003625392914, 0.990292489528656),
            ["UpperTorso"] = CFrame.new(3.5390257835388184e-08, 1.7881393432617188e-07, -5.587935447692871e-09, 0.9978410005569458, 0.002955105621367693, 0.06561087816953659, -0.010749595239758492, 0.9928641319274902, 0.11876639723777771, -0.0647917166352272, -0.119215227663517, 0.990752100944519),
            ["HumanoidRootPart"] = CFrame.new(0, 0, 0, 1, 0, 0, 0, 1, 0, 0, 0, 1),
            ["RightUpperLeg"] = CFrame.new(0, 0.0000010952353477478027, 1.1751399142667651e-07, 0.993929922580719, -0.07089967280626297, -0.08412246406078339, 0.026778552681207657, 0.8975591063499451, -0.4400804936885834, 0.10670645534992218, 0.43515634536743164, 0.8940092325210571),
            ["LeftUpperArm"] = CFrame.new(5.960464477539063e-08, 0, 9.499490261077881e-08, 0.867681086063385, -0.049241892993450165, -0.4946765601634979, -0.4892561435699463, 0.09172232449054718, -0.8673036694526672, 0.08808057010173798, 0.9945663809776306, 0.05549372732639313),
            ["RightLowerArm"] = CFrame.new(2.980232238769531e-07, 6.556510925292969e-07, 5.960464477539063e-08, 1, 0, 2.6077039194660756e-08, -2.8870996260366155e-08, 0.7827908396720886, -0.6222850680351257, -5.960463766996327e-08, 0.622285008430481, 0.7827907800674438),
            ["LeftHand"] = CFrame.new(-8.940696716308594e-08, 4.76837158203125e-07, 2.086162567138672e-07, 0.7666244506835938, 0.17055471241474152, 0.6190302968025208, -0.252542644739151, 0.9664689898490906, 0.04647526517510414, -0.5903466939926147, -0.19196048378944397, 0.7839908003807068),
            ["LeftFoot"] = CFrame.new(-1.0826624929904938e-08, 0, 2.3283064365386963e-08, 0.9933140277862549, 0.07321041077375412, -0.08926187455654144, -0.09462342411279678, 0.959257185459137, -0.2662180960178375, 0.06613514572381973, 0.272884339094162, 0.959770917892456),
            ["RightHand"] = CFrame.new(1.1920928955078125e-07, -5.960464477539063e-08, -8.940696716308594e-08, 0.762230396270752, -0.21351130306720734, -0.6110789179801941, 0.2602040469646454, 0.9654693603515625, -0.012769564986228943, 0.5927045345306396, -0.14927180111408234, 0.7914667725563049),
            ["RightLowerLeg"] = CFrame.new(5.203764885663986e-08, -0.00006109476089477539, -0.00007182935223681852, 1, -9.598441863545304e-08, -3.023887984454632e-08, 9.56934300688772e-08, 0.7755395770072937, 0.6312986612319946, -1.9295846698241803e-08, -0.6312990188598633, 0.7755398750305176),
            ["LeftUpperLeg"] = CFrame.new(0, -7.82310962677002e-08, 7.636845111846924e-08, 0.9955828785896301, -0.019420543685555458, 0.09185665100812912, 0.05252496525645256, 0.9261500239372253, -0.3734799921512604, -0.07781984657049179, 0.3766550123691559, 0.9230791330337524),
            ["LeftLowerLeg"] = CFrame.new(3.795139491558075e-08, 0.000060617923736572266, 0.00007209088653326035, 1, 4.912727291639385e-08, 8.905771231582094e-09, -4.726463842530393e-08, 0.8491876125335693, 0.5280914306640625, 1.5832489097533653e-08, -0.5280914306640625, 0.8491874933242798),
        }},
        {Time = 0.200, Data = {
            ["RightFoot"] = CFrame.new(-3.864988684654236e-08, 4.76837158203125e-07, -2.438173396512866e-08, 0.9997460842132568, 0.020353009924292564, 0.009674127213656902, -0.016007011756300926, 0.9435396790504456, -0.33087265491485596, -0.015862109139561653, 0.3306337296962738, 0.9436258673667908),
            ["LeftLowerArm"] = CFrame.new(-1.4901161193847656e-07, 5.960464477539063e-08, -1.341104507446289e-07, 1, -3.9115558791991134e-08, 1.3317915659172286e-07, 8.568166975919667e-08, 0.8489218354225159, -0.5285184383392334, -1.6717238793262368e-07, 0.5285184383392334, 0.8489217758178711),
            ["RightUpperArm"] = CFrame.new(-2.384185791015625e-07, 3.5762786865234375e-07, 1.601874828338623e-07, 0.7513269782066345, -0.043629616498947144, 0.6584862470626831, 0.511620283126831, 0.6687639951705933, -0.5394436717033386, -0.4168362021446228, 0.7421935796737671, 0.5247821807861328),
            ["Head"] = CFrame.new(0.0008647474460303783, 0.04679763317108154, -0.1692568063735962, 0.9970820546150208, -0.06565788388252258, -0.038943663239479065, 0.05493348836898804, 0.9713537096977234, -0.23120197653770447, 0.0530083142220974, 0.22838808596134186, 0.9721260666847229),
            ["LowerTorso"] = CFrame.new(0.03138270974159241, -0.059134721755981445, -0.14708666503429413, 0.999538242816925, 0.0016739676939323545, -0.030339939519762993, 0.0028788859490305185, 0.9887729287147522, 0.14939813315868378, 0.030249398201704025, -0.1494164913892746, 0.9883115291595459),
            ["UpperTorso"] = CFrame.new(2.3283064365386963e-09, 2.9802322387695312e-08, -5.820766091346741e-11, 0.9980742335319519, 0.0398825965821743, 0.04751071706414223, -0.04529791325330734, 0.9918634295463562, 0.11897484958171844, -0.04237911477684975, -0.12089783698320389, 0.9917599558830261),
            ["HumanoidRootPart"] = CFrame.new(0, 0, 0, 1, 0, 0, 0, 1, 0, 0, 0, 1),
            ["RightUpperLeg"] = CFrame.new(2.384185791015625e-07, -9.592622518539429e-08, -8.737697498872876e-08, 0.9921463131904602, -0.01557870488613844, -0.12410871684551239, -0.039527926594018936, 0.902317464351654, -0.42925629019737244, 0.11867270618677139, 0.4307905435562134, 0.894615113735199),
            ["LeftUpperArm"] = CFrame.new(1.7881393432617188e-07, 2.384185791015625e-07, 9.685754776000977e-08, 0.8078195452690125, 0.01712525635957718, -0.589181125164032, -0.5736949443817139, -0.20657679438591003, -0.7925909757614136, -0.13528436422348022, 0.9782804846763611, -0.157052144408226),
            ["RightLowerArm"] = CFrame.new(4.172325134277344e-07, 5.960464477539063e-08, 3.5762786865234375e-07, 1, -8.940695295223122e-08, -8.940696716308594e-08, 8.934875062038827e-09, 0.8377262353897095, -0.5460904836654663, 1.1920927533992653e-07, 0.5460905432701111, 0.8377262353897095),
            ["LeftHand"] = CFrame.new(-2.3469328880310059e-07, 1.1920928955078125e-07, 0, 0.6686667799949646, 0.2690756618976593, 0.6931688189506531, -0.33163484930992126, 0.9422922134399414, -0.045868437737226486, -0.6655096411705017, -0.19920800626277924, 0.7193142771720886),
            ["LeftFoot"] = CFrame.new(1.6298145055770874e-09, 0, 2.9802322387695312e-08, 0.9909703135490417, 0.08354969322681427, -0.10486889630556107, -0.11263042688369751, 0.9430608153343201, -0.3129713535308838, 0.0727490708231926, 0.32195645570755005, 0.9439553022384644),
            ["RightHand"] = CFrame.new(-4.76837158203125e-07, -2.384185791015625e-07, -1.1920928955078125e-07, 0.777658998966217, -0.15637242794036865, -0.6089286208152771, 0.21089865267276764, 0.9773355722427368, 0.01835799589753151, 0.5922569632530212, -0.1426987200975418, 0.7930125594139099),
            ["RightLowerLeg"] = CFrame.new(-3.5390257835388184e-07, -0.00006157159805297852, -0.00007203796849353239, 1, -8.940698137394065e-08, -2.7474012398442937e-08, 7.264317503086204e-08, 0.8000674247741699, 0.5999099016189575, -5.261973967662925e-08, -0.5999101400375366, 0.8000676035881042),
            ["LeftUpperLeg"] = CFrame.new(8.940696716308594e-08, 3.6152778193354607e-07, -3.725290298461914e-08, 0.99786376953125, 0.03733158856630325, 0.05361204221844673, -0.008513376116752625, 0.8879549503326416, -0.4598516523838043, -0.06477206945419312, 0.4584128260612488, 0.8863758444786072),
            ["LeftLowerLeg"] = CFrame.new(5.21540641784668e-08, 0.000060558319091796875, 0.00007216166704893112, 1, 5.0058577727440934e-08, 6.9849175332592495e-09, -4.842877388000488e-08, 0.7840235233306885, 0.6207312345504761, 2.0954757928848267e-08, -0.6207311153411865, 0.7840235233306885),
        }},
        {Time = 0.233, Data = {
            ["RightFoot"] = CFrame.new(-7.82310962677002e-08, 4.172325134277344e-07, -2.8107024263590574e-08, 0.9996863007545471, 0.020643338561058044, 0.014185568317770958, -0.015052815899252892, 0.9478087425231934, -0.3184838593006134, -0.02001967839896679, 0.31817054748535156, 0.9478222131729126),
            ["LeftLowerArm"] = CFrame.new(-1.1920928955078125e-07, 2.980232238769531e-07, -4.6566128730773926e-08, 1, -5.960463766996327e-08, 1.043081283569336e-07, 8.940695295223122e-08, 0.7491170763969421, -0.6624376177787781, -1.234002269256962e-07, 0.6624376773834229, 0.7491170763969421),
            ["RightUpperArm"] = CFrame.new(1.1920928955078125e-07, -1.1920928955078125e-07, 3.632158041000366e-08, 0.7540976405143738, -0.020310672000050545, 0.656448245048523, 0.39786696434020996, 0.8093637824058533, -0.43200933933258057, -0.5225311517715454, 0.5869563221931458, 0.6184202432632446),
            ["Head"] = CFrame.new(-0.003320472314953804, 0.05396473407745361, -0.1670791357755661, 0.9988363981246948, -0.043385099619627, -0.02106533758342266, 0.0346766896545887, 0.9496051073074341, -0.3115246593952179, 0.03351929038763046, 0.3104318380355835, 0.9500046372413635),
            ["LowerTorso"] = CFrame.new(0.06729339063167572, -0.07668924331665039, -0.1301184445619583, 0.9989892244338989, -0.03940644487738609, -0.021626489236950874, 0.04273314028978348, 0.9818163514137268, 0.1849609613418579, 0.013944586738944054, -0.18569815158843994, 0.9825079441070557),
            ["UpperTorso"] = CFrame.new(-2.8405338525772095e-08, 0.0000010132789611816406, -3.119930624961853e-08, 0.9971237778663635, 0.0734800323843956, 0.018573371693491936, -0.07523941248655319, 0.9891964793205261, 0.1258150190114975, -0.00912783294916153, -0.12685050070285797, 0.991879940032959),
            ["HumanoidRootPart"] = CFrame.new(0, 0, 0, 1, 0, 0, 0, 1, 0, 0, 0, 1),
            ["RightUpperLeg"] = CFrame.new(-1.7881393432617188e-07, 4.637986421585083e-07, -7.639755494892597e-10, 0.9861936569213867, 0.03332234546542168, -0.16220876574516296, -0.1031365916132927, 0.8899590969085693, -0.4442248046398163, 0.1295565664768219, 0.4548211991786957, 0.8811087608337402),
            ["LeftUpperArm"] = CFrame.new(5.960464477539063e-08, 3.5762786865234375e-07, 9.313225746154785e-08, 0.6537830233573914, 0.12984800338745117, -0.7454575896263123, -0.6293516755104065, -0.4536404311656952, -0.6309731006622314, -0.4201003611087799, 0.8816744685173035, -0.21486259996891022),
            ["RightLowerArm"] = CFrame.new(-1.1920928955078125e-07, 6.556510925292969e-07, -3.5762786865234375e-07, 1, -8.940693874137651e-08, -8.195636524988004e-08, 1.0011716256030923e-07, 0.9063484072685242, -0.4225311875343323, 7.450579886381092e-08, 0.42253121733665466, 0.9063483476638794),
            ["LeftHand"] = CFrame.new(-1.4901161193847656e-07, 0, 1.4901161193847656e-08, 0.5192604064941406, 0.42761874198913574, 0.7399399280548096, -0.4401741921901703, 0.8759609460830688, -0.19733019173145294, -0.7325404286384583, -0.2232367992401123, 0.6430782675743103),
            ["LeftFoot"] = CFrame.new(1.816079020500183e-08, 1.1920928955078125e-07, -7.450580596923828e-09, 0.9910202622413635, 0.08087293058633804, -0.10648205876350403, -0.11366178840398788, 0.9289606213569641, -0.35229748487472534, 0.070426344871521, 0.3612365126609802, 0.9298108220100403),
            ["RightHand"] = CFrame.new(3.2782554626464844e-07, 1.7881393432617188e-07, -5.960464477539063e-08, 0.7804852724075317, -0.09963209182024002, -0.617184042930603, 0.13231609761714935, 0.9911805987358093, 0.0073195393197238445, 0.6110116243362427, -0.08737612515687943, 0.7867847681045532),
            ["RightLowerLeg"] = CFrame.new(1.1175870895385742e-07, -0.00006115436553955078, -0.00007191130862338468, 1, -8.568167686462402e-08, -3.4458935260772705e-08, 8.009374141693115e-08, 0.8149944543838501, 0.5794684886932373, -3.259629011154175e-08, -0.5794687271118164, 0.8149946928024292),
            ["LeftUpperLeg"] = CFrame.new(0, -2.7939677238464355e-08, -1.1455267667770386e-07, 0.996184766292572, 0.08681626617908478, 0.008891367353498936, -0.06757116317749023, 0.8317825198173523, -0.5509737730026245, -0.05522918328642845, 0.5482708215713501, 0.8344752788543701),
            ["LeftLowerLeg"] = CFrame.new(-5.587935447692871e-09, 0.000060439109802246094, 0.00007235072553157806, 1, 6.891788473240013e-08, 2.421438694000244e-08, -6.426127185932273e-08, 0.7158389687538147, 0.6982654333114624, 2.421439226907296e-08, -0.6982654333114624, 0.7158389687538147),
        }},
        {Time = 0.267, Data = {
            ["RightFoot"] = CFrame.new(4.936009645462036e-08, 6.556510925292969e-07, 1.6596459317952394e-08, 0.9991714358329773, 0.023923585191369057, 0.032926660031080246, -0.012646602466702461, 0.9514524340629578, -0.3075353503227234, -0.03868526965379715, 0.30686482787132263, 0.9509668946266174),
            ["LeftLowerArm"] = CFrame.new(-9.238719940185547e-07, -5.960464477539063e-08, 3.3527612686157227e-08, 1, -5.960463766996327e-08, 3.352760558072987e-08, 7.450579175838357e-08, 0.6214049458503723, -0.7834895849227905, 4.656611807263289e-08, 0.7834895849227905, 0.6214050054550171),
            ["RightUpperArm"] = CFrame.new(-1.7881393432617188e-07, -9.5367431640625e-07, -1.341104507446289e-07, 0.7579442262649536, 0.0096614183858037, 0.6522478461265564, 0.2958988845348358, 0.8860101699829102, -0.35697314143180847, -0.5813470482826233, 0.4635652005672455, 0.6686874032020569),
            ["Head"] = CFrame.new(-0.006788149476051331, 0.06139206886291504, -0.16438835859298706, 0.9999625086784363, -0.0035085577983409166, -0.007929745130240917, 0.0001384094648528844, 0.9208272099494934, -0.3899707794189453, 0.00867016427218914, 0.3899551033973694, 0.9207931756973267),
            ["LowerTorso"] = CFrame.new(0.10357432067394257, -0.09102702140808105, -0.1175895631313324, 0.9974606037139893, -0.06656903028488159, -0.025316519662737846, 0.07046349346637726, 0.9740959405899048, 0.21487684547901154, 0.010356578044593334, -0.2161150723695755, 0.9763129949569702),
            ["UpperTorso"] = CFrame.new(5.3783878684043884e-08, -2.086162567138672e-07, 3.841705620288849e-09, 0.9965404272079468, 0.08310436457395554, 0.0009491536766290665, -0.08240772038698196, 0.986576497554779, 0.14098162949085236, 0.010779773816466331, -0.14057216048240662, 0.9900118112564087),
            ["HumanoidRootPart"] = CFrame.new(0, 0, 0, 1, 0, 0, 0, 1, 0, 0, 0, 1),
            ["RightUpperLeg"] = CFrame.new(-3.2782554626464844e-07, -1.73225998878479e-07, 9.329960448667407e-08, 0.9788416028022766, 0.06872427463531494, -0.19273367524147034, -0.1523357480764389, 0.8736134767532349, -0.46216171979904175, 0.13661304116249084, 0.4817432165145874, 0.8655982613563538),
            ["LeftUpperArm"] = CFrame.new(0, -2.384185791015625e-07, -2.60770320892334e-08, 0.4625571668148041, 0.23430019617080688, -0.8550696969032288, -0.6161211729049683, -0.60856032371521, -0.500049352645874, -0.6375230550765991, 0.7581278681755066, -0.13713686168193817),
            ["RightLowerArm"] = CFrame.new(2.980232238769531e-07, 4.76837158203125e-07, -1.1920928955078125e-07, 1, -7.450579175838357e-08, -3.539024362453347e-08, 4.3772146796072775e-08, 0.959156334400177, -0.2828766703605652, 5.1222723840282924e-09, 0.2828766703605652, 0.9591562747955322),
            ["LeftHand"] = CFrame.new(-2.086162567138672e-07, -1.1920928955078125e-07, -2.086162567138672e-07, 0.3986005187034607, 0.5895704627037048, 0.7025129795074463, -0.5330408811569214, 0.7722602486610413, -0.3456614315509796, -0.7463144063949585, -0.2366873323917389, 0.6220881938934326),
            ["LeftFoot"] = CFrame.new(-4.353933036327362e-08, -1.1920928955078125e-07, -3.259629011154175e-08, 0.9929904937744141, 0.07003672420978546, -0.09520954638719559, -0.1009356677532196, 0.9216063618659973, -0.3747716248035431, 0.06149795651435852, 0.381754606962204, 0.9222155809402466),
