return {
    ["Blah Blah Blah"] = {
        {Time = 0.000, Data = {
            ["RightFoot"] = CFrame.new(1.8300488591194153e-07, -1.1920928955078125e-07, -1.3205863069742918e-08, 0.9879187941551208, 0.10080497711896896, -0.11770711094141006, -0.12849800288677216, 0.95741206407547, -0.2585545778274536, 0.08663059026002884, 0.2705558240413666, 0.9587985873222351),
            ["LeftLowerArm"] = CFrame.new(0.0000013113021850585938, -5.960464477539062e-07, 0.000005307141691446304, 1, 8.940695295223122e-08, -5.587935447692871e-08, -6.70552182668871e-08, 0.1831667125225067, -0.9830818772315979, -5.960463766996327e-08, 0.9830819368362427, 0.18316668272018433),
            ["RightUpperArm"] = CFrame.new(-0.025973260402679443, -0.015464305877685547, -0.014142697677016258, 0.1373620480298996, -0.8552976250648499, 0.4995976984500885, 0.9895324110984802, 0.14101961255073547, -0.03064562752842903, -0.04424193128943443, 0.4985775351524353, 0.8657153248786926),
            ["Head"] = CFrame.new(-1.4901161193847656e-08, -9.5367431640625e-07, 8.847564458847046e-09, 0.9567391872406006, 0.2822556495666504, -0.07058221101760864, -0.28071993589401245, 0.9592886567115784, 0.03101225569844246, 0.07646220922470093, -0.009856920689344406, 0.9970238208770752),
            ["RightHand"] = CFrame.new(-4.98257577419281e-08, 0.0000011324882507324219, -8.940696716308594e-07, 0.9170960783958435, 0.31289777159690857, 0.24704137444496155, -0.19066569209098816, 0.8884541988372803, -0.41748765110969543, -0.3501163721084595, 0.33577394485473633, 0.8744567632675171),
            ["UpperTorso"] = CFrame.new(9.313225746154785e-10, -2.9802322387695312e-08, -1.0104486136697233e-08, 0.9971435070037842, 0.04555869847536087, 0.060243282467126846, -0.041152290999889374, 0.9965216517448425, -0.07246530801057816, -0.06333532929420471, 0.06977918744087219, 0.9955499172210693),
            ["HumanoidRootPart"] = CFrame.new(0, 0, 0, 1, 0, 0, 0, 1, 0, 0, 0, 1),
            ["RightUpperLeg"] = CFrame.new(2.9802322387695312e-08, -3.128661774098873e-09, 8.658389560878277e-09, 0.9937145709991455, -0.07130032777786255, 0.08630042523145676, 0.10797861218452454, 0.8138783574104309, -0.5709140300750732, -0.029531724750995636, 0.5766440629959106, 0.8164616227149963),
            ["LeftUpperArm"] = CFrame.new(0.03587806224822998, 0.02460038661956787, -0.015612190589308739, 0.1128019392490387, 0.8517000675201416, -0.5117446184158325, -0.06083811819553375, 0.5199859738349915, 0.8520056009292603, 0.9917532205581665, -0.06497418880462646, 0.11047114431858063),
            ["RightLowerArm"] = CFrame.new(2.384185791015625e-07, 4.172325134277344e-07, -0.000003769993782043457, 1, 0.000002297340188306407, 0.000019367556888028048, 0.000018987571820616722, -0.3393581807613373, -0.9406572580337524, 0.000004422152414917946, 0.9406573176383972, -0.3393581807613373),
            ["LeftHand"] = CFrame.new(-0.0000014603137969970703, -8.940696716308594e-07, 2.421438694000244e-07, 0.3997476398944855, -0.13827168941497803, -0.9061360359191895, -0.5092105269432068, 0.7884840965270996, -0.34496039152145386, 0.7621722221374512, 0.599311113357544, 0.24478548765182495),
            ["LeftFoot"] = CFrame.new(1.1920928955078125e-07, -2.384185791015625e-07, -8.940696716308594e-08, 0.9665106534957886, -0.22240793704986572, 0.1280307024717331, 0.2427012324333191, 0.9542927742004395, -0.17441821098327637, -0.08338683843612671, 0.19965001940727234, 0.9763127565383911),
            ["LowerTorso"] = CFrame.new(-0.05225937068462372, -0.18300163745880127, 0.1446763128042221, 0.9975741505622864, 0.014128764159977436, 0.06816326081752777, -0.014161965809762478, 0.9998997449874878, 0.000003895936060871463, -0.06815636903047562, -0.0009692133171483874, 0.9976741671562195),
            ["RightLowerLeg"] = CFrame.new(-3.725290298461914e-08, -0.0007263422012329102, 0.00004592707409756258, 1, 1.192093321833454e-07, -3.725290742551124e-09, -5.02914261346632e-08, 0.5605059266090393, 0.8281504511833191, 1.0803343286625022e-07, -0.8281503915786743, 0.5605060458183289),
            ["LeftUpperLeg"] = CFrame.new(-2.9802322387695312e-08, 1.0302755981683731e-07, -2.0769675757037476e-08, 0.9739980697631836, 0.21142525970935822, -0.08140727132558823, -0.22441266477108002, 0.851033091545105, -0.4747436046600342, -0.031092476099729538, 0.48066842555999756, 0.8763511776924133),
            ["LeftLowerLeg"] = CFrame.new(1.210719347000122e-07, -0.0007266402244567871, 0.0000809691846370697, 1, 4.842878098543224e-08, 2.2351734685344127e-08, -5.5879347371501353e-08, 0.3988178074359894, 0.9170304536819458, 4.0978189730367376e-08, -0.9170302152633667, 0.3988173305988312),
        }},
        {Time = 0.033, Data = {
            ["RightFoot"] = CFrame.new(2.2165477275848389e-07, -2.384185791015625e-07, 3.5222910810261965e-08, 0.9916854500770569, 0.07598861306905746, -0.10385449230670929, -0.09397511184215546, 0.9789736866950989, -0.18105055391788483, 0.08791306614875793, 0.1893048733472824, 0.9779748916625977),
            ["LeftLowerArm"] = CFrame.new(0.0000014007091522216797, -6.556510925292969e-07, 0.000004645437002182007, 1, 5.960465188081798e-08, -9.313227167240257e-08, -4.4703494239684005e-08, 0.25668415427207947, -0.9664953351020813, -5.960465898624534e-08, 0.9664953947067261, 0.2566840946674347),
            ["RightUpperArm"] = CFrame.new(-0.023820698261260986, -0.020223021507263184, -0.01115073636174202, 0.045367054641246796, -0.953742504119873, 0.2971819043159485, 0.9986832737922668, 0.050433412194252014, 0.00939881056547165, -0.023951929062604904, 0.29636427760124207, 0.9547746777534485),
            ["Head"] = CFrame.new(-6.51925802230835e-09, -0.0000010728836059570312, 2.1187588572502136e-08, 0.9307564496994019, 0.364560067653656, 0.02807788923382759, -0.36541610956192017, 0.9301263689994812, 0.03655427321791649, -0.012789733707904816, -0.04428333789110184, 0.9989371299743652),
            ["RightHand"] = CFrame.new(-2.421438694000244e-08, 8.940696716308594e-07, -8.344650268554688e-07, 0.9267922639846802, 0.29443880915641785, 0.2331559956073761, -0.18117347359657288, 0.8942866325378418, -0.40917953848838806, -0.3289870619773865, 0.3369826376438141, 0.88216233253479),
            ["UpperTorso"] = CFrame.new(-1.6298145055770874e-09, -2.086162567138672e-07, -1.5077603165991604e-08, 0.9939653873443604, 0.10968592762947083, 0.0013901997590437531, -0.10921915620565414, 0.9907553195953369, -0.08046888560056686, -0.010203682817518711, 0.07983142882585526, 0.9967561364173889),
            ["HumanoidRootPart"] = CFrame.new(0, 0, 0, 1, 0, 0, 0, 1, 0, 0, 0, 1),
            ["RightUpperLeg"] = CFrame.new(-2.9802322387695312e-08, -2.8216163627803326e-07, -8.34552338346839e-09, 0.9980555176734924, 0.0017946234438568354, 0.0623052716255188, 0.03062823787331581, 0.8564644455909729, -0.5152967572212219, -0.05428701639175415, 0.5162030458450317, 0.854744017124176),
            ["LeftUpperArm"] = CFrame.new(0.03853106498718262, 0.030035734176635742, -0.013189513236284256, 0.2306850254535675, 0.8073011040687561, -0.5431843996047974, -0.058293264359235764, 0.5687047243118286, 0.8204736113548279, 0.9712807536125183, -0.1576070487499237, 0.1782519370317459),
            ["RightLowerArm"] = CFrame.new(-5.066394805908203e-07, 2.384185791015625e-07, -0.000003688037395477295, 1, 0.0000036992137211200316, 0.000019140543372486718, 0.000018980354070663452, -0.4070713520050049, -0.913396418094635, 0.000004407018423080444, 0.9133964776992798, -0.4070712625980377),
            ["LeftHand"] = CFrame.new(-0.0000014007091522216797, -0.0000010132789611816406, 2.2724270820617676e-07, 0.39112696051597595, -0.1874523162841797, -0.9010444283485413, -0.5545138120651245, 0.733381450176239, -0.3932764530181885, 0.7345299124717712, 0.6534625887870789, 0.18290044367313385),
            ["LeftFoot"] = CFrame.new(-5.960464477539063e-08, -5.960464477539063e-08, 4.470348358154297e-08, 0.9662481546401978, -0.23292718827724457, 0.11004367470741272, 0.2382233738899231, 0.9704847931861877, -0.037536509335041046, -0.09805239737033844, 0.06248452886939049, 0.9932177662849426),
            ["LowerTorso"] = CFrame.new(-0.021326400339603424, -0.14537394046783447, 0.11282961070537567, 0.9988057613372803, -0.03920178860425949, 0.029160257428884506, 0.03921830281615257, 0.9992307424545288, 0.000005697096185031114, -0.029138045385479927, 0.0011379268253222108, 0.9995747804641724),
            ["RightLowerLeg"] = CFrame.new(-8.009374141693115e-08, -0.0007265806198120117, 0.00004611706390278414, 1, 1.0803344707710494e-07, -7.450582373280668e-09, -8.754431490842762e-08, 0.6610921025276184, 0.7503046989440918, 9.685753354915505e-08, -0.7503047585487366, 0.6610921621322632),
            ["LeftUpperLeg"] = CFrame.new(-2.9802322387695312e-08, -2.6829366106539965e-07, -1.2239979696460068e-08, 0.9532173871994019, 0.27291014790534973, -0.12998788058757782, -0.3005748689174652, 0.8100233674049377, -0.5035046339035034, -0.03211835026741028, 0.5190204381942749, 0.8541581630706787),
            ["LeftLowerLeg"] = CFrame.new(9.12696123123169e-08, -0.0007266998291015625, 0.00008090585470199585, 1, 2.980232594040899e-08, 5.21540641784668e-08, -5.4016709327697754e-08, 0.32401490211486816, 0.946052074432373, 6.332993507385254e-08, -0.946052074432373, 0.32401472330093384),
        }},
        {Time = 0.067, Data = {
            ["RightFoot"] = CFrame.new(1.487787812948227e-07, -5.960464477539063e-08, 2.4047039914876223e-08, 0.9955518841743469, 0.04987229034304619, -0.07993240654468536, -0.056978676468133926, 0.9943790435791016, -0.08924077451229095, 0.07503251731395721, 0.09339837729930878, 0.9927976131439209),
            ["LeftLowerArm"] = CFrame.new(0.000001341104507446289, -4.172325134277344e-07, 0.0000047460198402404785, 1, 8.940696716308594e-08, -6.33299421792799e-08, -7.450584149637507e-08, 0.3592551350593567, -0.9332394003868103, -8.940700979565008e-08, 0.9332394003868103, 0.3592550754547119),
            ["RightUpperArm"] = CFrame.new(-0.019375622272491455, -0.023776531219482422, -0.007965046912431717, -0.032924823462963104, -0.987325131893158, 0.15525789558887482, 0.9994325041770935, -0.03141837567090988, 0.012147029861807823, -0.007115147542208433, 0.15556968748569489, 0.987799346446991),
            ["Head"] = CFrame.new(-1.4901161193847656e-08, -3.5762786865234375e-07, -1.210719347000122e-08, 0.8975921273231506, 0.4257102608680725, 0.11445113271474838, -0.43295741081237793, 0.9001767039299011, 0.04722153767943382, -0.08292350172996521, -0.09193824231624603, 0.9923059940338135),
            ["RightHand"] = CFrame.new(-4.507601261138916e-07, 0.0000010728836059570312, -6.591435521841049e-07, 0.9367654919624329, 0.26602795720100403, 0.2273748517036438, -0.1595664769411087, 0.9029426574707031, -0.399040549993515, -0.3114627003669739, 0.337525874376297, 0.8882946968078613),
            ["UpperTorso"] = CFrame.new(-4.211212001337117e-08, 0, 2.402160248493601e-09, 0.979258120059967, 0.1942564696073532, -0.05760345607995987, -0.19844700396060944, 0.9769098162651062, -0.07915867865085602, 0.04089629650115967, 0.08894801884889603, 0.9951964020729065),
            ["HumanoidRootPart"] = CFrame.new(0, 0, 0, 1, 0, 0, 0, 1, 0, 0, 0, 1),
            ["RightUpperLeg"] = CFrame.new(0, -2.3914338953545666e-07, 4.220055416226387e-10, 0.9961041212081909, 0.08532978594303131, 0.022260108962655067, -0.06666118651628494, 0.8938437104225159, -0.443395733833313, -0.05773194134235382, 0.4401843249797821, 0.8960494995117188),
            ["LeftUpperArm"] = CFrame.new(0.04358339309692383, 0.03656911849975586, -0.010615944862365723, 0.3223784267902374, 0.7425143122673035, -0.5871496796607971, -0.0431680753827095, 0.631151556968689, 0.774457573890686, 0.9456261396408081, -0.22432225942611694, 0.23552241921424866),
            ["RightLowerArm"] = CFrame.new(1.7881393432617188e-07, 5.960464477539062e-07, -0.000003807246685028076, 1, 0.000003974884748458862, 0.000019077386241406202, 0.00001898501068353653, -0.4198436737060547, -0.9075964689254761, 0.000004409346729516983, 0.9075964689254761, -0.4198436737060547),
            ["LeftHand"] = CFrame.new(-0.0000014901161193847656, -0.0000013113021850585938, 8.940696716308594e-08, 0.38397470116615295, -0.22929370403289795, -0.8944203853607178, -0.6003438234329224, 0.6739798188209534, -0.430509477853775, 0.7015345096588135, 0.7022646069526672, 0.12113618105649948),
            ["LeftFoot"] = CFrame.new(-5.122274160385132e-09, -5.960464477539063e-08, -1.4901161193847656e-08, 0.963803231716156, -0.24122843146324158, 0.11354381591081619, 0.25692057609558105, 0.9541205763816833, -0.1537722498178482, -0.07124019414186478, 0.17737795412540436, 0.981561005115509),
            ["LowerTorso"] = CFrame.new(0.011698005720973015, -0.11743724346160889, 0.08737535774707794, 0.9935452938079834, -0.11343616247177124, -0.0000015276719977919129, 0.11343616247177124, 0.9935453534126282, 0.000005977424734737724, 8.397536817028595e-07, -0.000006113201834523352, 1),
            ["RightLowerLeg"] = CFrame.new(8.195638656616211e-08, -0.0007262825965881348, 0.000046090986870694906, 1, 1.0989610643719061e-07, -4.5634816814299484e-08, -5.5879347371501353e-08, 0.7684729695320129, 0.6398821473121643, 6.891786341611805e-08, -0.6398823261260986, 0.768473207950592),
            ["LeftUpperLeg"] = CFrame.new(-1.4901161193847656e-07, -1.0191394039793522e-07, -7.509015631512739e-10, 0.9295746088027954, 0.31843388080596924, -0.18571782112121582, -0.36794301867485046, 0.7706393599510193, -0.5203201174736023, -0.02256610244512558, 0.5520099401473999, 0.8335321545600891),
            ["LeftLowerLeg"] = CFrame.new(-2.0489096641540527e-08, -0.0007265806198120117, 0.00008106976747512817, 1, 9.499492392706088e-08, 5.960465188081798e-08, -5.4948024796885875e-08, 0.209096759557724, 0.9778950214385986, 4.0978189730367376e-08, -0.9778949618339539, 0.2090967297554016),
        }},
        {Time = 0.100, Data = {
            ["RightFoot"] = CFrame.new(1.8579885363578796e-07, -1.1920928955078125e-07, 8.214556146413088e-09, 0.9980331063270569, 0.035079192370176315, -0.051957085728645325, -0.0336141400039196, 0.9990196228027344, 0.02880849875509739, 0.052916593849658966, -0.027005217969417572, 0.9982337355613708),
            ["LeftLowerArm"] = CFrame.new(0.0000013709068298339844, 1.1920928955078125e-07, 0.000005431473255157471, 1, 9.313227167240257e-08, -1.6763806343078613e-08, -1.1175873737556685e-07, 0.4689331352710724, -0.8832336664199829, -1.49011640360186e-07, 0.8832337856292725, 0.46893310546875),
            ["RightUpperArm"] = CFrame.new(-0.011580348014831543, -0.02008676528930664, -0.007025972008705139, -0.0779876559972763, -0.9869754314422607, 0.14070318639278412, 0.9969539046287537, -0.07707694172859192, 0.011919431388378143, -0.0009192374418489635, 0.14120417833328247, 0.9899801015853882),
            ["Head"] = CFrame.new(4.284083843231201e-08, -5.960464477539062e-07, 3.259629011154175e-08, 0.8824453353881836, 0.4423770606517792, 0.1599777340888977, -0.4551773965358734, 0.8888241052627563, 0.052967678755521774, -0.1187603622674942, -0.11955942958593369, 0.9856985807418823),
            ["RightHand"] = CFrame.new(-5.289912223815918e-07, 0.0000010728836059570312, -9.238719940185547e-07, 0.9450143575668335, 0.2422473430633545, 0.21969042718410492, -0.14217819273471832, 0.909307599067688, -0.39108213782310486, -0.2945050895214081, 0.3383429944515228, 0.8937510251998901),
            ["UpperTorso"] = CFrame.new(1.8044374883174896e-08, -2.086162567138672e-07, -2.8558133635669947e-09, 0.9492693543434143, 0.2998692989349365, -0.0946897640824318, -0.3067176640033722, 0.9493367075920105, -0.06844160705804825, 0.06936895102262497, 0.094012551009655, 0.9931513667106628),
            ["HumanoidRootPart"] = CFrame.new(0, 0, 0, 1, 0, 0, 0, 1, 0, 0, 0, 1),
            ["RightUpperLeg"] = CFrame.new(0, -5.674519343301654e-07, -5.158653948456049e-09, 0.9859498739242554, 0.16591189801692963, -0.019398819655179977, -0.1617700457572937, 0.9194256663322449, -0.3584510087966919, -0.0416354164481163, 0.3565526306629181, 0.9333469867706299),
            ["LeftUpperArm"] = CFrame.new(0.05144733190536499, 0.041295409202575684, -0.009829588234424591, 0.38891685009002686, 0.6778856515884399, -0.6238707900047302, -0.03370533138513565, 0.6871999502182007, 0.7256861329078674, 0.9206560850143433, -0.261203795671463, 0.2901119887828827),
            ["RightLowerArm"] = CFrame.new(2.9802322387695312e-08, 4.76837158203125e-07, -0.0000037262216210365295, 1, 0.0000037048012018203735, 0.000019134959075017832, 0.000018985942006111145, -0.4074258804321289, -0.9132383465766907, 0.000004407251253724098, 0.9132383465766907, -0.4074259102344513),
            ["LeftHand"] = CFrame.new(-0.000001341104507446289, -0.0000011324882507324219, 8.940696716308594e-08, 0.39999163150787354, -0.24849894642829895, -0.8821874856948853, -0.6957083940505981, 0.544292688369751, -0.4687597453594208, 0.59665447473526, 0.8012451529502869, 0.044829607009887695),
            ["LeftFoot"] = CFrame.new(-5.0175003707408905e-08, -2.384185791015625e-07, -4.470348358154297e-08, 0.9645487070083618, -0.2319614291191101, 0.12585638463497162, 0.2608923316001892, 0.9099748730659485, -0.3223060965538025, -0.03976359963417053, 0.34371474385261536, 0.938231885433197),
            ["LowerTorso"] = CFrame.new(0.027737542986869812, -0.100006103515625, 0.0796830952167511, 0.9799793362617493, -0.19870969653129578, -0.012456326745450497, 0.1987251490354538, 0.9800553321838379, 0.0000021522309907595627, 0.012207462452352047, -0.002477492904290557, 0.9999224543571472),
            ["RightLowerLeg"] = CFrame.new(4.6566128730773926e-09, -0.0007264614105224609, 0.00004608539893524721, 1, 8.614738078449591e-08, -5.122274160385132e-08, -1.9557779395995567e-08, 0.8682681918144226, 0.4960949420928955, 7.357449760547752e-08, -0.4960951805114746, 0.8682683110237122),
            ["LeftUpperLeg"] = CFrame.new(-1.1920928955078125e-07, -5.559704732149839e-07, -3.192326403222978e-09, 0.9118204116821289, 0.326053649187088, -0.24954473972320557, -0.4104679524898529, 0.7090954780578613, -0.5733233094215393, -0.009983117692172527, 0.6251980662345886, 0.7804023027420044),
            ["LeftLowerLeg"] = CFrame.new(1.3760291039943695e-07, -0.0007264018058776855, 0.00008097290992736816, 1, 7.578637450933456e-08, 7.648485933486882e-08, -2.514570951461792e-08, 0.02138592302799225, 0.9997713565826416, 6.682239472866058e-08, -0.9997712969779968, 0.021385792642831802),
        }},
        {Time = 0.133, Data = {
            ["RightFoot"] = CFrame.new(1.9781873561441898e-07, 5.960464477539063e-08, 1.1634256225079298e-08, 0.9993434548377991, 0.024717073887586594, -0.026492176577448845, -0.02110537886619568, 0.9914370775222778, 0.1288691610097885, 0.029450589790940285, -0.12822549045085907, 0.9913076758384705),
            ["LeftLowerArm"] = CFrame.new(0.000001430511474609375, -3.5762786865234375e-07, 0.000004656612873077393, 1, 1.3224780559539795e-07, -5.029141902923584e-08, -8.195639367158947e-08, 0.5763276219367981, -0.8172188401222229, -1.3411046495548362e-07, 0.8172187805175781, 0.5763276219367981),
            ["RightUpperArm"] = CFrame.new(-0.005611300468444824, -0.01493680477142334, -0.006231449544429779, -0.1074453815817833, -0.9824466109275818, 0.15249332785606384, 0.9942097067832947, -0.1064230427145958, 0.014874200336635113, 0.0016156702768057585, 0.15320849418640137, 0.9881926774978638),
            ["Head"] = CFrame.new(-2.2351741790771484e-08, -8.344650268554688e-07, 1.1175870895385742e-08, 0.8722653985023499, 0.44892528653144836, 0.193956196308136, -0.46703997254371643, 0.8823192715644836, 0.05819525197148323, -0.14500589668750763, -0.14134708046913147, 0.9792826175689697),
            ["RightHand"] = CFrame.new(4.6566128730773926e-08, 0.0000010728836059570312, -6.556510925292969e-07, 0.9493541717529297, 0.22919923067092896, 0.21492838859558105, -0.13302023708820343, 0.9128840565681458, -0.38593828678131104, -0.2846618592739105, 0.33780232071876526, 0.8971385359764099),
            ["UpperTorso"] = CFrame.new(-1.0896474123001099e-07, 2.9802322387695312e-08, 5.4697011364623904e-09, 0.9196169376373291, 0.3782613277435303, -0.1059396043419838, -0.3857017457485199, 0.9205995798110962, -0.06107877194881439, 0.07442420721054077, 0.0970301702618599, 0.9924950003623962),
            ["HumanoidRootPart"] = CFrame.new(0, 0, 0, 1, 0, 0, 0, 1, 0, 0, 0, 1),
            ["RightUpperLeg"] = CFrame.new(-2.9802322387695312e-08, -4.916219040751457e-07, -6.577465683221817e-09, 0.9728619456291199, 0.22939106822013855, -0.030320417135953903, -0.2277885377407074, 0.926459550857544, -0.2996417284011841, -0.040644530206918716, 0.2984165847301483, 0.9535698294639587),
            ["LeftUpperArm"] = CFrame.new(0.057379722595214844, 0.04588019847869873, -0.009083881974220276, 0.42972081899642944, 0.611358106136322, -0.6645157337188721, -0.025444436818361282, 0.7438353896141052, 0.6678785681724548, 0.9026032090187073, -0.27009305357933044, 0.3351971209049225),
            ["RightLowerArm"] = CFrame.new(-1.7881393432617188e-07, 6.556510925292969e-07, -0.0000038025900721549988, 1, 0.000003448687039053766, 0.000019178733055014163, 0.000018985476344823837, -0.39536574482917786, -0.9185237884521484, 0.0000044169428292661905, 0.9185237884521484, -0.3953658938407898),
            ["LeftHand"] = CFrame.new(-0.0000014901161193847656, -0.0000011324882507324219, 2.4586915969848633e-07, 0.4149992763996124, -0.27865710854530334, -0.8660978674888611, -0.7502354383468628, 0.43372493982315063, -0.4990290105342865, 0.5147062540054321, 0.8568739295005798, -0.029063040390610695),
            ["LeftFoot"] = CFrame.new(7.916241884231567e-08, -1.7881393432617188e-07, -2.2351741790771484e-08, 0.9521663188934326, -0.27250969409942627, 0.13826711475849152, 0.3030853569507599, 0.8998920321464539, -0.3135823607444763, -0.038971249014139175, 0.34048929810523987, 0.9394404888153076),
            ["LowerTorso"] = CFrame.new(0.035955414175987244, -0.09398078918457031, 0.07318035513162613, 0.9647216796875, -0.2606198191642761, -0.037274379283189774, 0.26080089807510376, 0.9653926491737366, -0.000004556169642455643, 0.035985592752695084, -0.00971679762005806, 0.9993051290512085),
            ["RightLowerLeg"] = CFrame.new(-7.543712854385376e-08, -0.0007263422012329102, 0.000045979693823028356, 1, 1.0643275771826666e-07, -2.901652607079086e-08, 2.421439049271612e-08, 0.9247899055480957, 0.38047799468040466, 8.521602268274364e-08, -0.380478173494339, 0.9247900247573853),
            ["LeftUpperLeg"] = CFrame.new(-1.4901161193847656e-07, -2.339365892112255e-07, -9.145878721028566e-09, 0.8956388831138611, 0.3245145380496979, -0.30417293310165405, -0.4447794258594513, 0.6557797789573669, -0.6100199818611145, 0.0015102369943633676, 0.6816474795341492, 0.7316792011260986),
            ["LeftLowerLeg"] = CFrame.new(-2.0489096641540527e-08, -0.0007268786430358887, 0.00008077174425125122, 1, 8.009374852235851e-08, 9.313227167240257e-08, -5.960465188081798e-08, -0.11236342787742615, 0.9936672449111938, 8.568168397005138e-08, -0.9936672449111938, -0.11236338317394257),
        }},
        {Time = 0.167, Data = {
            ["RightFoot"] = CFrame.new(1.3690441846847534e-07, -2.384185791015625e-07, 1.0077201295644045e-08, 0.9998833537101746, 0.015271393582224846, -0.000545005314052105, -0.014990930445492268, 0.9871906638145447, 0.15883953869342804, 0.002963736653327942, -0.15881256759166718, 0.9873042702674866),
            ["LeftLowerArm"] = CFrame.new(0.000001341104507446289, -5.960464477539063e-08, 0.000004805624485015869, 1, 9.685754776000977e-08, -4.284084198502569e-08, -6.705523247774181e-08, 0.6100147366523743, -0.7923902273178101, -3.725290653733282e-08, 0.7923900485038757, 0.6100146770477295),
            ["RightUpperArm"] = CFrame.new(-0.004346728324890137, -0.01253354549407959, -0.005572006106376648, -0.12562412023544312, -0.981796383857727, 0.14245863258838654, 0.9920680522918701, -0.12496188282966614, 0.013623014092445374, 0.0044268956407904625, 0.14304004609584808, 0.9897070527076721),
            ["Head"] = CFrame.new(-3.725290298461914e-08, -5.960464477539062e-07, 9.313225746154785e-09, 0.867733359336853, 0.4526602327823639, 0.20527468621730804, -0.47288528084754944, 0.8790400624275208, 0.060562703758478165, -0.1530303806066513, -0.14962376654148102, 0.9768288135528564),
            ["RightHand"] = CFrame.new(3.317836672067642e-07, 9.5367431640625e-07, -8.791685104370117e-07, 0.9505034685134888, 0.22864094376564026, 0.21039552986621857, -0.1346597671508789, 0.9133673310279846, -0.3842226564884186, -0.28001782298088074, 0.33687320351600647, 0.8989475965499878),
            ["UpperTorso"] = CFrame.new(6.123445928096771e-08, 2.086162567138672e-07, -3.804416337516159e-09, 0.9096383452415466, 0.40602725744247437, -0.08774756640195847, -0.41213783621788025, 0.9085533022880554, -0.0683639645576477, 0.05196574330329895, 0.09835051745176315, 0.9937940835952759),
            ["HumanoidRootPart"] = CFrame.new(0, 0, 0, 1, 0, 0, 0, 1, 0, 0, 0, 1),
            ["RightUpperLeg"] = CFrame.new(1.7881393432617188e-07, 4.0617305785417557e-07, -1.7847924027591944e-08, 0.9671231508255005, 0.25211837887763977, -0.03330639749765396, -0.2509559094905853, 0.9249538779258728, -0.2854498326778412, -0.0411602258682251, 0.2844233214855194, 0.9578148126602173),
            ["LeftUpperArm"] = CFrame.new(0.05860060453414917, 0.04762470722198486, -0.008488297462463379, 0.4374984800815582, 0.5871981978416443, -0.6810240745544434, -0.03759923204779625, 0.7686335444450378, 0.638583242893219, 0.898432731628418, -0.25377315282821655, 0.35835427045822144),
            ["RightLowerArm"] = CFrame.new(-1.7881393432617188e-07, 7.152557373046875e-07, -0.000003828667104244232, 1, 0.000003828783519566059, 0.000019104923921986483, 0.000018983962945640087, -0.41380465030670166, -0.9103657603263855, 0.000004414330760482699, 0.9103657603263855, -0.41380468010902405),
            ["LeftHand"] = CFrame.new(-0.0000013709068298339844, -0.0000010728836059570312, 3.725290298461914e-07, 0.43470221757888794, -0.30537185072898865, -0.8472199440002441, -0.7503638863563538, 0.3973868489265442, -0.5282405614852905, 0.49798402190208435, 0.865350604057312, -0.05639518052339554),
            ["LeftFoot"] = CFrame.new(2.2351741790771484e-08, -2.384185791015625e-07, -5.587935447692871e-08, 0.9496815800666809, -0.26524195075035095, 0.16658882796764374, 0.3065612316131592, 0.8961923718452454, -0.32071730494499207, -0.06422802060842514, 0.3556486964225769, 0.9324100613594055),
            ["LowerTorso"] = CFrame.new(0.03953523561358452, -0.09598815441131592, 0.06834821403026581, 0.9577193856239319, -0.28028661012649536, -0.06490909308195114, 0.28087863326072693, 0.959743320941925, -0.000004941025963489665, 0.06229745224118233, -0.01822683960199356, 0.9978911876678467),
            ["RightLowerLeg"] = CFrame.new(1.441221684217453e-07, -0.0007264018058776855, 0.000046109613322187215, 1, 6.868508961588304e-08, -9.383077070879153e-08, -2.514570951461792e-08, 0.9387921690940857, 0.34448423981666565, 6.612390279769897e-08, -0.34448423981666565, 0.9387921690940857),
            ["LeftUpperLeg"] = CFrame.new(1.1920928955078125e-07, 1.2759119272232056e-07, -5.427864380180836e-09, 0.9098519682884216, 0.304240882396698, -0.28214704990386963, -0.4146920144557953, 0.6435679197311401, -0.6433124542236328, -0.014141242951154709, 0.7023232579231262, 0.7117177248001099),
            ["LeftLowerLeg"] = CFrame.new(-4.284083843231201e-08, -0.000726163387298584, 0.00008103996515274048, 1, 9.685758328714655e-08, 1.2665985593685036e-07, -4.470348358154297e-08, -0.175276979804039, 0.9845191240310669, 1.0058283805847168e-07, -0.9845191836357117, -0.17527706921100616),
        }},
        {Time = 0.200, Data = {
            ["RightFoot"] = CFrame.new(6.775371730327606e-08, -1.7881393432617188e-07, 5.420588422566652e-09, 0.9997907876968384, 0.01315335649996996, 0.015666736289858818, -0.01540059968829155, 0.9880688190460205, 0.15324124693870544, -0.013464138843119144, -0.15345048904418945, 0.988064706325531),
            ["LeftLowerArm"] = CFrame.new(0.0000012516975402832031, -4.172325134277344e-07, 0.000004447996616363525, 1, 1.0803343286625022e-07, 5.587936779960501e-09, -1.0430814256778831e-07, 0.6253803372383118, -0.7803201079368591, -5.960465188081798e-08, 0.7803201079368591, 0.6253803372383118),
            ["RightUpperArm"] = CFrame.new(-0.00456392765045166, -0.010485053062438965, -0.005093857645988464, -0.13401363790035248, -0.9824397563934326, 0.12981703877449036, 0.9909735321998596, -0.13331197202205658, 0.014119204133749008, 0.0034348485060036182, 0.1305374652147293, 0.9914374351501465),
            ["Head"] = CFrame.new(-3.725290298461914e-08, -9.5367431640625e-07, 3.166496753692627e-08, 0.8688511252403259, 0.45273762941360474, 0.2003151923418045, -0.4725455045700073, 0.8790637850761414, 0.0628327801823616, -0.14764301478862762, -0.14925052225589752, 0.9777147173881531),
            ["RightHand"] = CFrame.new(1.3457611203193665e-07, 0.0000011920928955078125, -7.450580596923828e-07, 0.9516450762748718, 0.2280232310295105, 0.20585671067237854, -0.13623850047588348, 0.9138704538345337, -0.3824656307697296, -0.2753376364707947, 0.3359259068965912, 0.9007459282875061),
            ["UpperTorso"] = CFrame.new(1.3969838619232178e-09, -1.4901161193847656e-07, -6.70007693770458e-09, 0.9065977334976196, 0.41868406534194946, -0.052767157554626465, -0.42180800437927246, 0.9028141498565674, -0.08369403332471848, 0.012597639113664627, 0.09813449531793594, 0.9950934648513794),
            ["HumanoidRootPart"] = CFrame.new(0, 0, 0, 1, 0, 0, 0, 1, 0, 0, 0, 1),
            ["RightUpperLeg"] = CFrame.new(1.1920928955078125e-07, -6.030313670635223e-08, -1.3758835848420858e-08, 0.9643797278404236, 0.26371151208877563, -0.02068999968469143, -0.25885409116744995, 0.9247205853462219, -0.27908146381378174, -0.05446460843086243, 0.2744961082935333, 0.9600445032119751),
            ["LeftUpperArm"] = CFrame.new(0.058257877826690674, 0.04772078990936279, -0.008018553256988525, 0.4268059730529785, 0.5784401893615723, -0.6951571702957153, -0.05821627750992775, 0.7846669554710388, 0.617178201675415, 0.9024674296379089, -0.22294597327709198, 0.3685750365257263),
            ["RightLowerArm"] = CFrame.new(3.5762786865234375e-07, 2.980232238769531e-07, -0.000003896653652191162, 1, 0.000004216678462398704, 0.00001902645453810692, 0.00001898285700008273, -0.43212589621543884, -0.9018133282661438, 0.000004412006092024967, 0.901813268661499, -0.43212592601776123),
            ["LeftHand"] = CFrame.new(-0.0000012814998626708984, -0.0000013113021850585938, 1.7881393432617188e-07, 0.4568672478199005, -0.3296844959259033, -0.8261839747428894, -0.7359561324119568, 0.3815930485725403, -0.5592457056045532, 0.4996408224105835, 0.8635362982749939, -0.06829607486724854),
            ["LeftFoot"] = CFrame.new(-3.3527612686157227e-08, -5.960464477539063e-08, 7.916241884231567e-09, 0.9648185968399048, -0.1599619835615158, 0.208655446767807, 0.2238372266292572, 0.9160729050636292, -0.3327273726463318, -0.1379198133945465, 0.3677264451980591, 0.919649600982666),
            ["LowerTorso"] = CFrame.new(0.03980366140604019, -0.10290443897247314, 0.06632377207279205, 0.9532110095024109, -0.2869243919849396, -0.09520118683576584, 0.28823357820510864, 0.9575602412223816, 2.9903947051934665e-07, 0.09116075932979584, -0.02744046226143837, 0.9954581260681152),
            ["RightLowerLeg"] = CFrame.new(-1.2991949915885925e-07, -0.0007259249687194824, 0.00004604628338711336, 1, 6.007032737898044e-08, -5.587936158235607e-08, 4.470347647611561e-08, 0.9478696584701538, 0.3186586797237396, 7.450579886381092e-08, -0.31865862011909485, 0.9478695392608643),
            ["LeftUpperLeg"] = CFrame.new(1.1920928955078125e-07, -1.4685792848467827e-07, -2.4859900804585777e-09, 0.9427836537361145, 0.2628418505191803, -0.20511764287948608, -0.3301750123500824, 0.6506129503250122, -0.6838765740394592, -0.04629908874630928, 0.7124724388122559, 0.700171172618866),
            ["LeftLowerLeg"] = CFrame.new(-1.6763806343078613e-08, -0.0007265210151672363, 0.0000809933990240097, 1, 8.754432201385498e-08, 7.54371214384264e-08, -8.00937343115038e-08, -0.18641617894172668, 0.9824708700180054, 1.0058282384761696e-07, -0.9824708700180054, -0.18641623854637146),
        }},
        {Time = 0.233, Data = {
            ["RightFoot"] = CFrame.new(7.660128176212311e-08, -5.960464477539063e-08, 1.6596459317952394e-08, 0.9997774362564087, 0.019458670169115067, 0.008155613206326962, -0.02035202831029892, 0.9913551807403564, 0.12961751222610474, -0.005562867037951946, -0.12975454330444336, 0.9915305376052856),
            ["LeftLowerArm"] = CFrame.new(0.0000014901161193847656, -2.980232238769531e-07, 0.0000046193599700927734, 1, 9.313227167240257e-08, -1.4901166522918174e-08, -1.0803344707710494e-07, 0.6375252604484558, -0.7704296112060547, -8.940698847936801e-08, 0.7704295516014099, 0.637525200843811),
            ["RightUpperArm"] = CFrame.new(-0.005564987659454346, -0.008658766746520996, -0.004888474941253662, -0.10274561494588852, -0.9876564741134644, 0.11822906881570816, 0.9945105314254761, -0.09963098168373108, 0.03197512775659561, -0.019801201298832893, 0.12086542695760727, 0.9924713969230652),
            ["Head"] = CFrame.new(-4.284083843231201e-08, -7.152557373046875e-07, 3.632158041000366e-08, 0.874035120010376, 0.4518583416938782, 0.1785673350095749, -0.46900486946105957, 0.8806332945823669, 0.06722940504550934, -0.1268741637468338, -0.14250993728637695, 0.9816282391548157),
            ["RightHand"] = CFrame.new(5.960464477539062e-07, 0.0000010728836059570312, -8.381903171539307e-07, 0.9515671730041504, 0.22788384556770325, 0.20637018978595734, -0.1364576667547226, 0.9145704507827759, -0.38071030378341675, -0.2754981219768524, 0.33411064743995667, 0.9013718366622925),
            ["UpperTorso"] = CFrame.new(-5.587935447692871e-09, -8.940696716308594e-08, 1.7145339370472357e-08, 0.9058952927589417, 0.4234437942504883, -0.007006921339780092, -0.4218268096446991, 0.9007188081741333, -0.10376832634210587, -0.03762875124812126, 0.09695897996425629, 0.9945769309997559),
            ["HumanoidRootPart"] = CFrame.new(0, 0, 0, 1, 0, 0, 0, 1, 0, 0, 0, 1),
            ["RightUpperLeg"] = CFrame.new(0, -6.332993507385254e-08, 1.6028934624046087e-08, 0.9622550010681152, 0.2719592750072479, 0.0101741598919034, -0.2566191256046295, 0.9191567897796631, -0.29882699251174927, -0.09062045812606812, 0.28493669629096985, 0.954253077507019),
            ["LeftUpperArm"] = CFrame.new(0.05709195137023926, 0.04687702655792236, -0.007789634168148041, 0.3988257646560669, 0.5760425925254822, -0.7135213017463684, -0.08189874142408371, 0.7973465323448181, 0.5979392528533936, 0.9133622646331787, -0.18003712594509125, 0.36517947912216187),
            ["RightLowerArm"] = CFrame.new(1.1920928955078125e-07, 4.76837158203125e-07, -0.000003824825398623943, 1, 0.000004090368747711182, 0.00001905206954688765, 0.000018983382688020356, -0.4257940948009491, -0.9048201441764832, 0.00000440608755525318, 0.9048200845718384, -0.4257940351963043),
            ["LeftHand"] = CFrame.new(-0.000001519918441772461, -7.748603820800781e-07, 1.9371509552001953e-07, 0.4793661832809448, -0.34697943925857544, -0.8061097860336304, -0.7182998061180115, 0.37261879444122314, -0.5875378847122192, 0.5042354464530945, 0.8606743812561035, -0.07061459124088287),
            ["LeftFoot"] = CFrame.new(3.073364496231079e-08, -2.384185791015625e-07, 2.60770320892334e-08, 0.9712690711021423, -0.0515669547021389, 0.2323300540447235, 0.12721645832061768, 0.9375545978546143, -0.3237399458885193, -0.20112790167331696, 0.3439945876598358, 0.9171778559684753),
            ["LowerTorso"] = CFrame.new(0.03837959095835686, -0.11289548873901367, 0.06483778357505798, 0.9499257206916809, -0.28709062933921814, -0.12336987257003784, 0.28930050134658813, 0.9572383761405945, -0.0000016675791130182915, 0.11809483915567398, -0.03568938374519348, 0.9923607707023621),
            ["RightLowerLeg"] = CFrame.new(1.525040715932846e-07, -0.0007264614105224609, 0.00004604628338711336, 1, 2.1071185685173077e-08, -4.912727291639385e-08, -6.05359673500061e-08, 0.9437187910079956, 0.33074894547462463, 5.681067705154419e-08, -0.3307490944862366, 0.9437188506126404),
            ["LeftUpperLeg"] = CFrame.new(-5.960464477539063e-08, -9.202631190419197e-08, 2.7672967917169444e-08, 0.9669356942176819, 0.22159285843372345, -0.12622176110744476, -0.24561120569705963, 0.6759888529777527, -0.6947764754295349, -0.06863296777009964, 0.7028055787086487, 0.7080634236335754),
            ["LeftLowerLeg"] = CFrame.new(-3.725290298461914e-09, -0.0007268190383911133, 0.00008089793846011162, 1, 9.313229298868464e-08, 3.725290298461914e-08, -7.823110337312755e-08, -0.13651010394096375, 0.9906386733055115, 1.0430814256778831e-07, -0.990638792514801, -0.13651026785373688),
        }},
        {Time = 0.267, Data = {
            ["RightFoot"] = CFrame.new(2.4901237338781357e-07, -2.384185791015625e-07, -8.549250196665525e-09, 0.9996145963668823, 0.02711128443479538, -0.005983424838632345, -0.026477931067347527, 0.9957436323165894, 0.08828068524599075, 0.008351307362318039, -0.08808811753988266, 0.9960776567459106),
            ["LeftLowerArm"] = CFrame.new(0.0000012814998626708984, -7.152557373046875e-07, 0.000004366040229797363, 1, 9.685756907629184e-08, -2.6077040971017595e-08, -1.2433156371116638e-07, 0.6490033864974976, -0.760785698890686, -8.940696716308594e-08, 0.7607856392860413, 0.649003267288208),
            ["RightUpperArm"] = CFrame.new(-0.006577134132385254, -0.00785207748413086, -0.00509769469499588, -0.015974152833223343, -0.9927446246147156, 0.11917668581008911, 0.9977217316627502, -0.008012814447283745, 0.06698576360940933, -0.06554485112428665, 0.11997512727975845, 0.9906108975410461),
            ["Head"] = CFrame.new(2.7939677238464355e-09, -5.960464477539062e-07, 2.7939677238464355e-08, 0.8826013803482056, 0.44646868109703064, 0.14724358916282654, -0.46034619212150574, 0.8843046426773071, 0.0780184268951416, -0.09537529945373535, -0.1366422474384308, 0.9860184788703918),
            ["RightHand"] = CFrame.new(-7.82310962677002e-08, 0.0000010728836059570312, -8.642673492431641e-07, 0.9614629745483398, 0.22404752671718597, 0.159346804022789, -0.15722967684268951, 0.9235266447067261, -0.34982484579086304, -0.2255387157201767, 0.31128963828086853, 0.923163652420044),
            ["UpperTorso"] = CFrame.new(8.66129994392395e-08, 2.9802322387695312e-08, 1.4168108464218676e-08, 0.9060156941413879, 0.42164433002471924, 0.036764077842235565, -0.4146520495414734, 0.9016816020011902, -0.12261342257261276, -0.08484872430562973, 0.09584550559520721, 0.9917733669281006),
            ["HumanoidRootPart"] = CFrame.new(0, 0, 0, 1, 0, 0, 0, 1, 0, 0, 0, 1),
            ["RightUpperLeg"] = CFrame.new(1.4901161193847656e-07, 1.862645149230957e-08, -2.112938091158867e-08, 0.9608092308044434, 0.27516791224479675, 0.03359011188149452, -0.24914397299289703, 0.9102962017059326, -0.33058762550354004, -0.12154403328895569, 0.3092627227306366, 0.9431774020195007),
            ["LeftUpperArm"] = CFrame.new(0.055981338024139404, 0.04602611064910889, -0.008012726902961731, 0.35609492659568787, 0.5773163437843323, -0.7347805500030518, -0.10407023876905441, 0.8059340119361877, 0.5827863812446594, 0.9286365509033203, -0.131058469414711, 0.3470700979232788),
            ["RightLowerArm"] = CFrame.new(4.172325134277344e-07, 5.960464477539062e-07, -0.000003680586814880371, 1, 0.000003829597972071497, 0.000019107019397779368, 0.000018979888409376144, -0.41313087940216064, -0.9106717109680176, 0.000004417728632688522, 0.9106716513633728, -0.4131309688091278),
            ["LeftHand"] = CFrame.new(-0.0000013709068298339844, -0.0000012516975402832031, 3.7997961044311523e-07, 0.5000055432319641, -0.3479626178741455, -0.793042004108429, -0.7046312689781189, 0.3689154386520386, -0.6061325669288635, 0.5034770965576172, 0.8618720173835754, -0.06072572246193886),
