return {
    ["Bling"] = {
        {Time = 0.000, Data = {
            ["RightFoot"] = CFrame.new(-1.4901161193847656e-08, 3.5762786865234375e-07, -3.55576048605144e-08, 0.9171597957611084, 0.32650744915008545, -0.22849775850772858, -0.3963436782360077, 0.8071609139442444, -0.43749579787254333, 0.041588474065065384, 0.4918173551559448, 0.8697047233581543),
            ["LeftLowerArm"] = CFrame.new(-1.1920928955078125e-07, -6.556510925292969e-07, 1.7881393432617188e-07, 1, -1.564621925354004e-07, -1.0430814256778831e-07, 1.2665987014770508e-07, 0.7418199181556702, -0.6705991625785828, -5.960464477539063e-08, 0.6705992221832275, 0.7418199181556702),
            ["RightUpperArm"] = CFrame.new(0, 1.1920928955078125e-07, -2.9802322387695312e-08, 0.9023697376251221, -0.2804727554321289, 0.3272063732147217, 0.19366005063056946, 0.9421674609184265, 0.27352598309516907, -0.38499969244003296, -0.1834547221660614, 0.9044996500015259),
            ["Head"] = CFrame.new(7.450580596923828e-09, 2.384185791015625e-07, 1.6391277313232422e-07, 0.8315219283103943, 0.07122597098350525, 0.5509065985679626, 0.06366533041000366, 0.9729908108711243, -0.22189106047153473, -0.5518314838409424, 0.21958111226558685, 0.8045285940170288),
            ["RightHand"] = CFrame.new(2.2351741790771484e-08, 1.1920928955078125e-07, 7.450580596923828e-09, 0.9135061502456665, 0.24151015281677246, -0.327382892370224, -0.26709648966789246, 0.9630393385887146, -0.03485395759344101, 0.3068649172782898, 0.11928221583366394, 0.9442487359046936),
            ["UpperTorso"] = CFrame.new(5.587935447692871e-09, 2.9802322387695312e-08, -3.725290298461914e-09, 0.9915016889572144, -0.054970283061265945, 0.11790946125984192, 0.025787511840462685, 0.9714041352272034, 0.23602800071239471, -0.12751230597496033, -0.23098161816596985, 0.9645663499832153),
            ["HumanoidRootPart"] = CFrame.new(0, 0, 0, 1, 0, 0, 0, 1, 0, 0, 0, 1),
            ["RightUpperLeg"] = CFrame.new(0, 2.314336597919464e-07, -3.149762051180005e-08, 0.9645564556121826, -0.21628762781620026, 0.15116409957408905, 0.2621552646160126, 0.8507738709449768, -0.455476313829422, -0.03009243868291378, 0.47896087169647217, 0.8773202896118164),
            ["LeftUpperArm"] = CFrame.new(0, 4.76837158203125e-07, 2.980232238769531e-07, 0.9506959915161133, 0.3046901822090149, -0.057802848517894745, -0.3020486533641815, 0.9519715309143066, 0.05016971379518509, 0.07031281292438507, -0.030236776918172836, 0.9970666170120239),
            ["RightLowerArm"] = CFrame.new(2.384185791015625e-07, -1.1920928955078125e-07, -1.4901161193847656e-07, 1, -5.960464477539063e-08, 3.3527616238870905e-08, 4.330651037776079e-08, 0.7288077473640442, -0.6847184300422668, 1.4901164746561335e-08, 0.6847183704376221, 0.7288077473640442),
            ["LeftHand"] = CFrame.new(-1.7881393432617188e-07, 0, -5.960464477539063e-08, 0.9560096859931946, -0.025914739817380905, 0.29218828678131104, 0.027197716757655144, 0.9996300935745239, -0.0003288797743152827, -0.2920716106891632, 0.008261107839643955, 0.9563607573509216),
            ["LeftFoot"] = CFrame.new(-5.21540641784668e-08, 5.960464477539063e-08, 7.450580596923828e-09, 0.9677140116691589, -0.25180014967918396, -0.011249594390392303, 0.24766062200069427, 0.9582040905952454, -0.14321012794971466, 0.046839483082294464, 0.1357998549938202, 0.9896283745765686),
            ["LowerTorso"] = CFrame.new(-0.06417340040206909, -0.28494882583618164, 0.19677743315696716, 0.748275101184845, 0.024914857000112534, -0.6629205346107483, 0.014452862553298473, 0.9984450340270996, 0.05383877828717232, 0.6632310748100281, -0.04986731708049774, 0.7467514872550964),
            ["RightLowerLeg"] = CFrame.new(-5.960464477539063e-08, -0.0000603795051574707, -0.00007207522139651701, 1, -5.960465188081798e-08, -5.96046660916727e-08, 1.4156105976326216e-07, 0.5747674107551575, 0.818316638469696, -5.215407838932151e-08, -0.8183168768882751, 0.5747677683830261),
            ["LeftUpperLeg"] = CFrame.new(0, -3.4458935260772705e-08, 2.9802322387695312e-08, 0.750103235244751, 0.5871743559837341, 0.3042559325695038, -0.22579897940158844, 0.6598222255706787, -0.7166932821273804, -0.6215787529945374, 0.4688931703567505, 0.6275181770324707),
            ["LeftLowerLeg"] = CFrame.new(1.1175870895385742e-08, 0.00006073713302612305, 0.00007194280624389648, 1, 5.308537964765492e-08, 3.632158041000366e-08, -6.705523247774181e-08, 0.6112082600593567, 0.7914702296257019, 7.450581485102248e-09, -0.7914698719978333, 0.6112077832221985),
        }},
        {Time = 0.033, Data = {
            ["RightFoot"] = CFrame.new(6.705522537231445e-08, 3.5762786865234375e-07, 5.3849362302571535e-08, 0.9226250648498535, 0.31930434703826904, -0.21635165810585022, -0.38269728422164917, 0.8276987671852112, -0.41043537855148315, 0.04802051931619644, 0.46147552132606506, 0.885852575302124),
            ["LeftLowerArm"] = CFrame.new(2.384185791015625e-07, 1.7881393432617188e-07, -1.1920928955078125e-07, 1, -5.960465188081798e-08, 1.0430814256778831e-07, 4.470347647611561e-08, 0.6419212222099304, -0.7667707204818726, -7.4505797087454084e-09, 0.766770601272583, 0.6419212222099304),
            ["RightUpperArm"] = CFrame.new(0, -1.1920928955078125e-07, -1.1920928955078125e-07, 0.8830140829086304, -0.2955269515514374, 0.36462312936782837, 0.19977551698684692, 0.9396424889564514, 0.27778032422065735, -0.42470696568489075, -0.17244118452072144, 0.888756513595581),
            ["Head"] = CFrame.new(-4.470348358154297e-08, 0, -2.9802322387695312e-08, 0.802308201789856, 0.03482762724161148, 0.5958932042121887, 0.11281329393386841, 0.971457839012146, -0.2086692601442337, -0.5861526131629944, 0.23464183509349823, 0.7754795551300049),
            ["RightHand"] = CFrame.new(-1.9371509552001953e-07, 1.1920928955078125e-07, -2.9802322387695312e-08, 0.9615821242332458, 0.22082506120204926, -0.1630830317735672, -0.22414816915988922, 0.9745530486106873, -0.0020300785545259714, 0.1584848016500473, 0.03850700333714485, 0.9866103529930115),
            ["UpperTorso"] = CFrame.new(7.450580596923828e-09, 0, 1.862645149230957e-09, 0.993236780166626, -0.06480542570352554, 0.09633773565292358, 0.04139687493443489, 0.9728655815124512, 0.22763773798942566, -0.10847581923007965, -0.22211015224456787, 0.9689685702323914),
            ["HumanoidRootPart"] = CFrame.new(0, 0, 0, 1, 0, 0, 0, 1, 0, 0, 0, 1),
            ["RightUpperLeg"] = CFrame.new(0, -1.0151416063308716e-07, 5.790934665128589e-08, 0.9550852179527283, -0.2026328593492508, 0.21622277796268463, 0.28180572390556335, 0.8467251658439636, -0.45126739144325256, -0.091639943420887, 0.4919314384460449, 0.8657976388931274),
            ["LeftUpperArm"] = CFrame.new(0, 2.384185791015625e-07, 2.9802322387695312e-08, 0.9671124815940857, 0.24909409880638123, 0.05143454670906067, -0.25292789936065674, 0.9631873369216919, 0.09109285473823547, -0.026850536465644836, -0.10110627114772797, 0.9945132732391357),
            ["RightLowerArm"] = CFrame.new(0, -5.960464477539062e-07, -1.1920928955078125e-07, 1, -8.940695295223122e-08, 0, 4.284083843231201e-08, 0.6187725067138672, -0.7855702638626099, 4.470348358154297e-08, 0.7855702638626099, 0.6187725067138672),
            ["LeftHand"] = CFrame.new(-2.384185791015625e-07, 5.960464477539063e-08, 2.384185791015625e-07, 0.9891871809959412, -0.1308765411376953, 0.066181480884552, 0.12810669839382172, 0.9907609224319458, 0.04451555386185646, -0.0713963583111763, -0.03555603697896004, 0.9968141317367554),
            ["LeftFoot"] = CFrame.new(1.2665987014770508e-07, 5.960464477539063e-08, -3.725290298461914e-08, 0.9806163311004639, -0.19593146443367004, 0.0016223171260207891, 0.19534091651439667, 0.9769477248191833, -0.08611103147268295, 0.015286855399608612, 0.08475824445486069, 0.9962842464447021),
            ["LowerTorso"] = CFrame.new(-0.045147813856601715, -0.25618410110473633, 0.18866142630577087, 0.6956461071968079, 0.03758510947227478, -0.7174007296562195, -0.011200293898582458, 0.9990766048431396, 0.0414816290140152, 0.7182973027229309, -0.02082143723964691, 0.6954246759414673),
            ["RightLowerLeg"] = CFrame.new(-2.9802322387695312e-08, -0.000060439109802246094, -0.00007195601210696623, 1, -1.7136336794010276e-07, -8.195642919872625e-08, 1.1920930376163597e-07, 0.5853073000907898, 0.8108112812042236, 1.4901162970204496e-08, -0.8108116388320923, 0.5853077173233032),
            ["LeftUpperLeg"] = CFrame.new(0, -2.0209699869155884e-07, -5.960464477539063e-08, 0.7868696451187134, 0.5572917461395264, 0.2650703191757202, -0.25462788343429565, 0.6844537854194641, -0.6831453442573547, -0.5621395111083984, 0.4700520932674408, 0.6804779767990112),
            ["LeftLowerLeg"] = CFrame.new(1.6391277313232422e-07, 0.000060617923736572266, 0.00007197260856628418, 1, 6.51925802230835e-08, 4.470348358154297e-08, -5.960463766996327e-08, 0.5926809906959534, 0.805437445640564, 1.4901159417490817e-08, -0.8054373264312744, 0.5926807522773743),
        }},
        {Time = 0.067, Data = {
            ["RightFoot"] = CFrame.new(-1.4901161193847656e-08, 4.172325134277344e-07, 9.145878721028566e-09, 0.927864670753479, 0.3109651505947113, -0.20583511888980865, -0.36873748898506165, 0.8474566340446472, -0.3819027245044708, 0.05567769706249237, 0.4302532970905304, 0.9009897112846375),
            ["LeftLowerArm"] = CFrame.new(4.76837158203125e-07, -5.960464477539063e-08, -1.7881393432617188e-07, 1, -2.9802318834981634e-08, 4.470348358154297e-08, 4.4703490686970326e-08, 0.49843069911003113, -0.8669294714927673, 1.4901162970204496e-08, 0.8669295907020569, 0.49843084812164307),
            ["RightUpperArm"] = CFrame.new(0, 2.384185791015625e-07, 5.960464477539063e-08, 0.8689054250717163, -0.3100067377090454, 0.38587486743927, 0.20821049809455872, 0.9361686110496521, 0.28326085209846497, -0.4490566849708557, -0.1657836139202118, 0.8779886364936829),
            ["Head"] = CFrame.new(-1.862645149230957e-08, 1.1920928955078125e-07, 5.21540641784668e-08, 0.778534471988678, -0.014620290137827396, 0.6274314522743225, 0.1631699800491333, 0.9700646996498108, -0.17986157536506653, -0.6060194373130798, 0.24240648746490479, 0.7576144933700562),
            ["RightHand"] = CFrame.new(2.9802322387695312e-08, 2.384185791015625e-07, -1.1920928955078125e-07, 0.9801600575447083, 0.19588011503219604, 0.030286133289337158, -0.1968473196029663, 0.9798734784126282, 0.03315408155322075, -0.023182259872555733, -0.03845829516649246, 0.9989913105964661),
            ["UpperTorso"] = CFrame.new(7.450580596923828e-09, 2.9802322387695312e-08, 1.4901161193847656e-08, 0.9946635365486145, -0.06936116516590118, 0.0763772502541542, 0.052228182554244995, 0.9769400358200073, 0.207027867436409, -0.08897580951452255, -0.2019340544939041, 0.9753491878509521),
            ["HumanoidRootPart"] = CFrame.new(0, 0, 0, 1, 0, 0, 0, 1, 0, 0, 0, 1),
            ["RightUpperLeg"] = CFrame.new(1.1920928955078125e-07, -1.8243736121803522e-07, 5.75528247281909e-09, 0.9438897371292114, -0.19513846933841705, 0.26644545793533325, 0.30059701204299927, 0.8417891263961792, -0.4483664333820343, -0.1367974728345871, 0.5033011436462402, 0.8532141447067261),
            ["LeftUpperArm"] = CFrame.new(5.960464477539063e-08, 0, 5.960464477539063e-08, 0.9636827707290649, 0.22083333134651184, 0.15016089379787445, -0.24156659841537476, 0.9605746269226074, 0.1376303881406784, -0.11384740471839905, -0.16890589892864227, 0.9790350198745728),
            ["RightLowerArm"] = CFrame.new(1.1920928955078125e-07, -4.76837158203125e-07, 1.1920928955078125e-07, 1, -7.450579886381092e-08, 2.980232949312267e-08, 9.685753354915505e-08, 0.4794473350048065, -0.8775706887245178, 2.607702853651972e-08, 0.8775706887245178, 0.47944748401641846),
            ["LeftHand"] = CFrame.new(1.7881393432617188e-07, -2.384185791015625e-07, 0, 0.9586150646209717, -0.2081533968448639, -0.19424065947532654, 0.22831590473651886, 0.9696288108825684, 0.087702676653862, 0.1700858473777771, -0.12842166423797607, 0.9770255088806152),
            ["LeftFoot"] = CFrame.new(-8.195638656616211e-08, 0, -7.82310962677002e-08, 0.9677581787109375, -0.25113722681999207, 0.019347645342350006, 0.2512022852897644, 0.9679341912269592, -0.0009687691926956177, -0.018484001979231834, 0.005797412246465683, 0.9998123645782471),
            ["LowerTorso"] = CFrame.new(-0.02920754812657833, -0.2256302833557129, 0.1769859790802002, 0.6475460529327393, 0.05319215729832649, -0.7601675391197205, -0.03460567072033882, 0.9985842704772949, 0.04039647430181503, 0.7612401247024536, 0.00014752941206097603, 0.6484701037406921),
            ["RightLowerLeg"] = CFrame.new(-2.9802322387695312e-08, -0.00006014108657836914, -0.00007207522139651701, 1, -1.1920930376163597e-07, 0, 1.8626454334480513e-07, 0.5997225046157837, 0.8002078533172607, 8.940698137394065e-08, -0.8002081513404846, 0.5997228622436523),
            ["LeftUpperLeg"] = CFrame.new(0, -1.0028088581748307e-07, 1.4901161193847656e-08, 0.837568461894989, 0.49240729212760925, 0.23667322099208832, -0.26824772357940674, 0.7480428218841553, -0.6070215106010437, -0.47594350576400757, 0.4449349343776703, 0.7586243152618408),
            ["LeftLowerLeg"] = CFrame.new(1.4901161193847656e-08, 0.00006079673767089844, 0.0000721365213394165, 1, 1.0617078771701927e-07, -1.4901162970204496e-08, -8.009376273321323e-08, 0.6528083086013794, 0.7575232982635498, 1.4901164746561335e-08, -0.757523238658905, 0.6528081893920898),
        }},
        {Time = 0.100, Data = {
            ["RightFoot"] = CFrame.new(0, 2.384185791015625e-07, -8.77116690389812e-08, 0.9324263334274292, 0.304581880569458, -0.1944517344236374, -0.35669365525245667, 0.8619702458381653, -0.3602451682090759, 0.05788743868470192, 0.4052619934082031, 0.9123661518096924),
            ["LeftLowerArm"] = CFrame.new(-1.7881393432617188e-07, 2.384185791015625e-07, -2.384185791015625e-07, 1, -7.450580596923828e-08, 8.940698847936801e-08, 5.2154071283894154e-08, 0.40504419803619385, -0.9142971634864807, 2.980232594040899e-08, 0.9142971634864807, 0.4050443172454834),
            ["RightUpperArm"] = CFrame.new(1.1920928955078125e-07, 3.5762786865234375e-07, 1.1920928955078125e-07, 0.8449639081954956, -0.33787965774536133, 0.41457632184028625, 0.2291809320449829, 0.9291356205940247, 0.2901431620121002, -0.4832310080528259, -0.1501474827528, 0.8625215888023376),
            ["Head"] = CFrame.new(2.9802322387695312e-08, 1.1920928955078125e-07, 7.450580596923828e-09, 0.7532194256782532, -0.0617339164018631, 0.6548660397529602, 0.2105843871831894, 0.9658176302909851, -0.15116442739963531, -0.623149037361145, 0.2517646551132202, 0.740472674369812),
            ["RightHand"] = CFrame.new(1.4901161193847656e-08, -1.1920928955078125e-07, 1.043081283569336e-07, 0.9624509811401367, 0.1646917462348938, 0.21578872203826904, -0.18230873346328735, 0.9811357855796814, 0.06431406736373901, -0.20112603902816772, -0.10123920440673828, 0.9743198156356812),
            ["UpperTorso"] = CFrame.new(-2.0023435354232788e-08, 1.1920928955078125e-07, -1.862645149230957e-09, 0.9957241415977478, -0.0716824159026146, 0.058267734944820404, 0.05964011698961258, 0.9805297255516052, 0.1870950311422348, -0.07054473459720612, -0.1828199177980423, 0.9806122779846191),
            ["HumanoidRootPart"] = CFrame.new(0, 0, 0, 1, 0, 0, 0, 1, 0, 0, 0, 1),
            ["RightUpperLeg"] = CFrame.new(1.1920928955078125e-07, -5.494803190231323e-08, 5.75528247281909e-09, 0.9328325986862183, -0.1876773238182068, 0.30757230520248413, 0.3154047727584839, 0.8380255103111267, -0.44523388147354126, -0.17419317364692688, 0.5123382210731506, 0.8409317135810852),
            ["LeftUpperArm"] = CFrame.new(0, 2.384185791015625e-07, 0, 0.9500797986984253, 0.2269430011510849, 0.214115172624588, -0.2629677355289459, 0.9517694711685181, 0.15805956721305847, -0.1679176241159439, -0.20647460222244263, 0.9639356136322021),
            ["RightLowerArm"] = CFrame.new(-8.940696716308594e-08, -5.364418029785156e-07, 3.8743019104003906e-07, 1, -1.4156103134155273e-07, 7.450583439094771e-08, 7.823108916227284e-08, 0.3234706521034241, -0.9462381601333618, 1.0058282384761696e-07, 0.9462382197380066, 0.3234708607196808),
            ["LeftHand"] = CFrame.new(1.1920928955078125e-07, -1.7881393432617188e-07, -3.5762786865234375e-07, 0.8853569030761719, -0.27628254890441895, -0.37391331791877747, 0.3326898217201233, 0.9382949471473694, 0.09444641321897507, 0.32474711537361145, -0.20801614224910736, 0.9226422309875488),
            ["LeftFoot"] = CFrame.new(-5.960464477539063e-08, 5.960464477539063e-08, 1.2665987014770508e-07, 0.9507026076316833, -0.30851519107818604, 0.03135377913713455, 0.306628942489624, 0.9503254294395447, 0.05348389968276024, -0.0462968535721302, -0.041233137249946594, 0.9980764389038086),
            ["LowerTorso"] = CFrame.new(-0.013417016714811325, -0.20233535766601562, 0.16518545150756836, 0.6022675633430481, 0.06371332705020905, -0.795747697353363, -0.052297379821538925, 0.9978176355361938, 0.04031085595488548, 0.7965794205665588, 0.017337599769234657, 0.6042852401733398),
            ["RightLowerLeg"] = CFrame.new(-2.086162567138672e-07, -0.00006031990051269531, -0.0000721050237189047, 1, -1.4901159772762185e-07, 3.725290653733282e-08, 1.4156104555240745e-07, 0.6104863882064819, 0.7920265197753906, 1.4901162970204496e-08, -0.792026698589325, 0.6104868054389954),
            ["LeftUpperLeg"] = CFrame.new(-5.960464477539063e-08, -1.2619420886039734e-07, -2.9802322387695312e-08, 0.8820915818214417, 0.425251305103302, 0.20267173647880554, -0.26652199029922485, 0.8052638173103333, -0.5296375155448914, -0.3884333670139313, 0.41317248344421387, 0.8236554861068726),
            ["LeftLowerLeg"] = CFrame.new(-5.960464477539063e-08, 0.00006097555160522461, 0.00007212162017822266, 1, 2.2351745343485163e-08, 7.4505820180093e-08, -9.685756197086448e-08, 0.7095667719841003, 0.7046381235122681, 1.4901162614933128e-07, -0.7046381831169128, 0.7095670104026794),
        }},
        {Time = 0.133, Data = {
            ["RightFoot"] = CFrame.new(-8.940696716308594e-08, 2.980232238769531e-07, -5.790934665128589e-08, 0.9347915649414062, 0.3066822588443756, -0.17919567227363586, -0.35173866152763367, 0.8694820404052734, -0.34681466221809387, 0.04944547265768051, 0.38722971081733704, 0.9206566214561462),
            ["LeftLowerArm"] = CFrame.new(-5.960464477539063e-08, -6.556510925292969e-07, -5.960464477539063e-08, 1, -8.940695295223122e-08, 4.4703497792397684e-08, 1.1175868230850483e-08, 0.3313036561012268, -0.9435242414474487, 7.450579175838357e-08, 0.9435242414474487, 0.33130377531051636),
            ["RightUpperArm"] = CFrame.new(1.1920928955078125e-07, 2.384185791015625e-07, 2.9802322387695312e-08, 0.8057070374488831, -0.3817116320133209, 0.4529154896736145, 0.2720361053943634, 0.9177075028419495, 0.28949832916259766, -0.5261488556861877, -0.11004147678613663, 0.8432428240776062),
            ["Head"] = CFrame.new(2.9802322387695312e-08, 2.384185791015625e-07, 3.91155481338501e-08, 0.7214645743370056, -0.10159186273813248, 0.6849585175514221, 0.2573254704475403, 0.9576756954193115, -0.12899933755397797, -0.6428627371788025, 0.2693259119987488, 0.7170711159706116),
            ["RightHand"] = CFrame.new(-1.043081283569336e-07, 5.960464477539063e-08, 9.685754776000977e-08, 0.910038948059082, 0.1630004197359085, 0.38113027811050415, -0.21182450652122498, 0.973194420337677, 0.08957017958164215, -0.3563138544559479, -0.16224513947963715, 0.9201723337173462),
            ["UpperTorso"] = CFrame.new(-1.862645149230957e-08, 3.2782554626464844e-07, 9.313225746154785e-09, 0.9968514442443848, -0.06752751022577286, 0.041561342775821686, 0.05935963615775108, 0.9830468893051147, 0.1734800934791565, -0.05257134884595871, -0.1704668253660202, 0.9839600920677185),
            ["HumanoidRootPart"] = CFrame.new(0, 0, 0, 1, 0, 0, 0, 1, 0, 0, 0, 1),
            ["RightUpperLeg"] = CFrame.new(0, 1.2852251529693604e-07, -1.6952981241047382e-09, 0.9224857687950134, -0.176026850938797, 0.3435615599155426, 0.325287401676178, 0.8336834907531738, -0.4462733566761017, -0.2078656703233719, 0.5234370827674866, 0.826320469379425),
            ["LeftUpperArm"] = CFrame.new(0, 2.384185791015625e-07, 2.9802322387695312e-08, 0.9283932447433472, 0.2543737292289734, 0.27088743448257446, -0.30535802245140076, 0.9376495480537415, 0.16604214906692505, -0.21176068484783173, -0.23687005043029785, 0.9481824636459351),
            ["RightLowerArm"] = CFrame.new(-8.940696716308594e-08, -2.980232238769531e-07, -1.1920928955078125e-07, 1, -1.3411040811206476e-07, 4.4703490686970326e-08, 1.1175870895385742e-07, 0.17165076732635498, -0.9851579666137695, 2.2351741790771484e-08, 0.98515784740448, 0.1716507375240326),
            ["LeftHand"] = CFrame.new(2.384185791015625e-07, -5.960464477539063e-08, 5.960464477539063e-08, 0.7836600542068481, -0.34104371070861816, -0.5191974639892578, 0.44241440296173096, 0.8931368589401245, 0.0810936838388443, 0.4360578656196594, -0.2932506203651428, 0.8507983684539795),
            ["LeftFoot"] = CFrame.new(5.21540641784668e-08, 5.960464477539063e-08, -3.725290298461914e-08, 0.9428856372833252, -0.32489505410194397, 0.07355346530675888, 0.32203975319862366, 0.9455008506774902, 0.048153653740882874, -0.08518943935632706, -0.021716272458434105, 0.9961280822753906),
            ["LowerTorso"] = CFrame.new(-0.00014840858057141304, -0.19376420974731445, 0.15394213795661926, 0.5572299957275391, 0.06554035097360611, -0.8277677297592163, -0.06059164181351662, 0.9974320530891418, 0.03818531706929207, 0.8281446695327759, 0.02887779474258423, 0.5597702264785767),
            ["RightLowerLeg"] = CFrame.new(-1.1920928955078125e-07, -0.000060498714447021484, -0.00007219443068606779, 1, -1.788139627478813e-07, -8.940699558479537e-08, 9.685754776000977e-08, 0.6131428480148315, 0.7899718284606934, 6.705522537231445e-08, -0.789972186088562, 0.613143265247345),
            ["LeftUpperLeg"] = CFrame.new(-5.960464477539063e-08, 1.0803341865539551e-07, -2.2351741790771484e-08, 0.9037274122238159, 0.3891300857067108, 0.17847877740859985, -0.2633157968521118, 0.833959698677063, -0.48494952917099, -0.33755260705947876, 0.3912660777568817, 0.8561363220214844),
            ["LeftLowerLeg"] = CFrame.new(-1.043081283569336e-07, 0.00006091594696044922, 0.00007203221321105957, 1, 9.872019290924072e-08, -4.4703490686970326e-08, -1.2665987014770508e-07, 0.7089176177978516, 0.7052912712097168, -2.9802322387695312e-08, -0.7052912712097168, 0.7089176177978516),
        }},
        {Time = 0.167, Data = {
            ["RightFoot"] = CFrame.new(7.450580596923828e-09, 2.384185791015625e-07, -3.55576048605144e-08, 0.9367197751998901, 0.31389349699020386, -0.1550064980983734, -0.3489972651004791, 0.8720959424972534, -0.3430008888244629, 0.027514835819602013, 0.37539273500442505, 0.9264575242996216),
            ["LeftLowerArm"] = CFrame.new(1.1920928955078125e-07, 1.1920928955078125e-07, -5.960464477539063e-08, 1, -1.6391281576488836e-07, 5.960463766996327e-08, 7.729979500936679e-08, 0.2717091739177704, -0.9623793959617615, 4.4703494239684005e-08, 0.9623794555664062, 0.2717092037200928),
            ["RightUpperArm"] = CFrame.new(-5.960464477539063e-08, -1.1920928955078125e-07, -8.940696716308594e-08, 0.7605122327804565, -0.42609626054763794, 0.48996227979660034, 0.33185073733329773, 0.90364009141922, 0.2707578241825104, -0.5581185817718506, -0.04332021623849869, 0.8286297917366028),
            ["Head"] = CFrame.new(2.3283064365386963e-08, -1.1920928955078125e-07, -3.306195139884949e-08, 0.6858341693878174, -0.1307886689901352, 0.7159090042114258, 0.3038864731788635, 0.9453197717666626, -0.11842085421085358, -0.6612749695777893, 0.2987721562385559, 0.6880776286125183),
            ["RightHand"] = CFrame.new(1.7881393432617188e-07, 5.960464477539063e-08, -1.30385160446167e-07, 0.8250961303710938, 0.16491179168224335, 0.5403894186019897, -0.2635847330093384, 0.9583442807197571, 0.10999616980552673, -0.49973949790000916, -0.23319610953330994, 0.8341943621635437),
            ["UpperTorso"] = CFrame.new(3.725290298461914e-09, 2.9802322387695312e-08, -5.587935447692871e-09, 0.9982761740684509, -0.05465109273791313, 0.02140110917389393, 0.05013075843453407, 0.9835851192474365, 0.1733415573835373, -0.030523166060447693, -0.17196990549564362, 0.984629213809967),
            ["HumanoidRootPart"] = CFrame.new(0, 0, 0, 1, 0, 0, 0, 1, 0, 0, 0, 1),
            ["RightUpperLeg"] = CFrame.new(5.960464477539063e-08, 2.2817403078079224e-07, 1.3205863069742918e-08, 0.9197090864181519, -0.16375884413719177, 0.35681667923927307, 0.3235222101211548, 0.8310064673423767, -0.4525061845779419, -0.22241538763046265, 0.531611979007721, 0.8172637820243835),
            ["LeftUpperArm"] = CFrame.new(1.1920928955078125e-07, 1.1920928955078125e-07, 0, 0.9025741219520569, 0.2956456243991852, 0.3129754960536957, -0.3579035699367523, 0.9192877411842346, 0.16375407576560974, -0.2393013834953308, -0.2598152160644531, 0.9355377554893494),
            ["RightLowerArm"] = CFrame.new(-1.1920928955078125e-07, 3.5762786865234375e-07, 2.682209014892578e-07, 1, -6.705522537231445e-08, 4.284085264316673e-08, 7.4505820180093e-08, 0.05120375007390976, -0.9986882209777832, 8.195640788244418e-08, 0.998688280582428, 0.051203858107328415),
            ["LeftHand"] = CFrame.new(2.384185791015625e-07, -2.384185791015625e-07, 0, 0.671850860118866, -0.3913998603820801, -0.6288264393806458, 0.5408378839492798, 0.8392980098724365, 0.055438920855522156, 0.5060738921165466, -0.377339631319046, 0.7755667567253113),
            ["LeftFoot"] = CFrame.new(1.1920928955078125e-07, -1.1920928955078125e-07, 3.725290298461914e-08, 0.9288548231124878, -0.3415767550468445, 0.143365740776062, 0.3426790237426758, 0.9392856955528259, 0.017711780965328217, -0.1407119184732437, 0.03267641365528107, 0.989511251449585),
            ["LowerTorso"] = CFrame.new(0.009497420862317085, -0.20066308975219727, 0.14844173192977905, 0.5221429467201233, 0.054796695709228516, -0.8510957956314087, -0.056744128465652466, 0.9979546070098877, 0.0294397734105587, 0.8509681820869446, 0.03292291983962059, 0.5241843461990356),
            ["RightLowerLeg"] = CFrame.new(-5.960464477539063e-08, -0.0000603795051574707, -0.00007219443068606779, 1, -1.713633963618122e-07, 1.192093321833454e-07, 1.6391281576488836e-07, 0.6075941324234009, 0.7942473888397217, 1.4901164746561335e-08, -0.7942477464675903, 0.6075946688652039),
            ["LeftUpperLeg"] = CFrame.new(-5.960464477539063e-08, 1.8812716007232666e-07, -7.450580596923828e-09, 0.9143357872962952, 0.3783576190471649, 0.14434637129306793, -0.27893877029418945, 0.846839427947998, -0.4528311491012573, -0.29356998205184937, 0.3737758994102478, 0.8798342347145081),
            ["LeftLowerLeg"] = CFrame.new(-1.6391277313232422e-07, 0.00006073713302612305, 0.00007204711437225342, 1, -5.21540641784668e-08, 1.4901164746561335e-08, -7.078052277620372e-08, 0.6741869449615479, 0.7385608553886414, 5.960465188081798e-08, -0.7385607361793518, 0.6741869449615479),
        }},
        {Time = 0.200, Data = {
            ["RightFoot"] = CFrame.new(0, 2.980232238769531e-07, -1.3205863069742918e-08, 0.9375690817832947, 0.3250860571861267, -0.12362542748451233, -0.3477696180343628, 0.8716364502906799, -0.3454071879386902, -0.004530742764472961, 0.3668365776538849, 0.930274486541748),
            ["LeftLowerArm"] = CFrame.new(-1.1920928955078125e-07, -1.1920928955078125e-07, 1.1920928955078125e-07, 1, -7.450581307466564e-08, 1.043080928297968e-07, 2.2351741790771484e-08, 0.2253686487674713, -0.9742735624313354, 7.450580596923828e-08, 0.9742736220359802, 0.22536861896514893),
            ["RightUpperArm"] = CFrame.new(0, -3.5762786865234375e-07, 2.9802322387695312e-08, 0.7342740297317505, -0.4665743112564087, 0.4931025803089142, 0.38723665475845337, 0.8844820857048035, 0.2602677643299103, -0.5575746297836304, -0.00016029179096221924, 0.8301268219947815),
            ["Head"] = CFrame.new(-3.725290298461914e-08, -1.1920928955078125e-07, 1.4435499906539917e-08, 0.6506497263908386, -0.15615546703338623, 0.7431490421295166, 0.35039302706718445, 0.9299575686454773, -0.1113709881901741, -0.6737059354782104, 0.3328579366207123, 0.6597923636436462),
            ["RightHand"] = CFrame.new(-4.470348358154297e-08, 0, 3.2782554626464844e-07, 0.7419253587722778, 0.14962591230869293, 0.6535738110542297, -0.31131577491760254, 0.9402107000350952, 0.1381528675556183, -0.5938259363174438, -0.3059670925140381, 0.7441472411155701),
            ["UpperTorso"] = CFrame.new(-2.7939677238464355e-09, 5.960464477539063e-08, -1.1175870895385742e-08, 0.99937903881073, -0.035209059715270996, -0.0014063622802495956, 0.03483697772026062, 0.9812385439872742, 0.18962445855140686, -0.005296423099935055, -0.1895558089017868, 0.9818557500839233),
            ["HumanoidRootPart"] = CFrame.new(0, 0, 0, 1, 0, 0, 0, 1, 0, 0, 0, 1),
            ["RightUpperLeg"] = CFrame.new(5.960464477539063e-08, 1.3969838619232178e-08, -6.316258804872632e-08, 0.9233188629150391, -0.15755866467952728, 0.3502250909805298, 0.31466108560562134, 0.8331959843635559, -0.45472288131713867, -0.2201608419418335, 0.5300565361976624, 0.8188830614089966),
            ["LeftUpperArm"] = CFrame.new(0, -1.1920928955078125e-07, 2.9802322387695312e-08, 0.8833928108215332, 0.3309684693813324, 0.33177849650382996, -0.3997492492198944, 0.9016691446304321, 0.16490396857261658, -0.24457649886608124, -0.2783031165599823, 0.928832471370697),
            ["RightLowerArm"] = CFrame.new(-2.9802322387695312e-08, -2.384185791015625e-07, 1.7881393432617188e-07, 1, -3.7252888773764425e-08, 8.940695295223122e-08, 1.0430809993522416e-07, -0.0505756214261055, -0.9987202286720276, 9.685752644372769e-08, 0.9987202286720276, -0.05057558789849281),
            ["LeftHand"] = CFrame.new(1.4901161193847656e-07, 0, -1.1920928955078125e-07, 0.570525050163269, -0.42057380080223083, -0.7054213881492615, 0.6123546957969666, 0.7902149558067322, 0.02412765845656395, 0.547286868095398, -0.4457331597805023, 0.7083775401115417),
            ["LeftFoot"] = CFrame.new(4.470348358154297e-08, 0, -4.469984560273588e-08, 0.912817656993866, -0.35788893699645996, 0.19667115807533264, 0.37253516912460327, 0.9270647764205933, -0.04205304756760597, -0.1672767996788025, 0.1116536408662796, 0.9795673489570618),
            ["LowerTorso"] = CFrame.new(0.015155301429331303, -0.21919536590576172, 0.14298579096794128, 0.5051552653312683, 0.031098749488592148, -0.8624680638313293, -0.046016789972782135, 0.998899519443512, 0.009065733291208744, 0.8618007898330688, 0.035108402371406555, 0.5060304999351501),
            ["RightLowerLeg"] = CFrame.new(5.960464477539063e-08, -0.00006031990051269531, -0.00007207522139651701, 1, -1.6391278734317893e-07, -2.2351748896198842e-08, 1.4901162614933128e-07, 0.5951180458068848, 0.8036380410194397, 5.2154071283894154e-08, -0.8036383390426636, 0.595118522644043),
            ["LeftUpperLeg"] = CFrame.new(5.960464477539063e-08, -6.100162863731384e-08, 5.4016709327697754e-08, 0.9285906553268433, 0.36305633187294006, 0.07687438279390335, -0.30026060342788696, 0.8567603826522827, -0.4192911386489868, -0.21808940172195435, 0.36626750230789185, 0.9045913219451904),
            ["LeftLowerLeg"] = CFrame.new(5.960464477539063e-08, 0.000060558319091796875, 0.00007189810276031494, 1, 7.078051567077637e-08, 1.788139627478813e-07, -1.1175875158642157e-07, 0.6241039037704468, 0.7813413739204407, 4.4703497792397684e-08, -0.7813413739204407, 0.6241039633750916),
        }},
        {Time = 0.233, Data = {
            ["RightFoot"] = CFrame.new(-1.043081283569336e-07, 4.172325134277344e-07, -5.790934665128589e-08, 0.9359776377677917, 0.33877527713775635, -0.09579803794622421, -0.3498457074165344, 0.8645294308662415, -0.3608276844024658, -0.03941935673356056, 0.3712415397167206, 0.9276994466781616),
            ["LeftLowerArm"] = CFrame.new(-2.980232238769531e-07, -3.5762786865234375e-07, 5.960464477539063e-08, 1, -7.4505820180093e-08, 1.136213683139431e-07, 3.3527616238870905e-08, 0.18520446121692657, -0.9827001094818115, 1.3411046495548362e-07, 0.9827000498771667, 0.18520431220531464),
            ["RightUpperArm"] = CFrame.new(-5.960464477539063e-08, 2.384185791015625e-07, 2.9802322387695312e-08, 0.7124533653259277, -0.5007688999176025, 0.4915695786476135, 0.4359551966190338, 0.8647981882095337, 0.24913325905799866, -0.5498666167259216, 0.036806490272283554, 0.8344411253929138),
            ["Head"] = CFrame.new(-1.1175870895385742e-08, 0, 2.421438694000244e-08, 0.624068021774292, -0.18746329843997955, 0.7585489153862, 0.39394411444664, 0.913867712020874, -0.09825485944747925, -0.6747941970825195, 0.36014363169670105, 0.6441657543182373),
            ["RightHand"] = CFrame.new(5.960464477539063e-08, 5.960464477539063e-08, -2.384185791015625e-07, 0.6718985438346863, 0.14090117812156677, 0.7271169424057007, -0.3593069314956665, 0.9204838275909424, 0.15364867448806763, -0.6476503610610962, -0.3644947111606598, 0.6690987944602966),
            ["UpperTorso"] = CFrame.new(-4.190951585769653e-09, -2.9802322387695312e-08, -9.313225746154785e-10, 0.9996699094772339, -0.015719110146164894, -0.020320450887084007, 0.01986110769212246, 0.9745740294456482, 0.22318439185619354, 0.01629541628062725, -0.22351425886154175, 0.9745644330978394),
            ["HumanoidRootPart"] = CFrame.new(0, 0, 0, 1, 0, 0, 0, 1, 0, 0, 0, 1),
            ["RightUpperLeg"] = CFrame.new(0, -2.4319160729646683e-07, -4.546745913103223e-08, 0.9290578365325928, -0.17301224172115326, 0.3269834816455841, 0.31097376346588135, 0.8439954519271851, -0.43699777126312256, -0.20036669075489044, 0.5076794624328613, 0.8379228115081787),
            ["LeftUpperArm"] = CFrame.new(5.960464477539063e-08, 0, -4.470348358154297e-08, 0.8771172761917114, 0.35435280203819275, 0.32419055700302124, -0.42435574531555176, 0.8879073858261108, 0.1776031106710434, -0.22491714358329773, -0.2933509051799774, 0.9291703701019287),
            ["RightLowerArm"] = CFrame.new(-5.960464477539063e-08, 3.5762786865234375e-07, 1.7881393432617188e-07, 1, -1.3411040811206476e-07, 2.9802322387695312e-08, 1.0430811414607888e-07, -0.12458537518978119, -0.9922088980674744, 2.9802318834981634e-08, 0.9922088980674744, -0.12458530813455582),
            ["LeftHand"] = CFrame.new(-2.9802322387695312e-08, 1.1920928955078125e-07, 0, 0.49887949228286743, -0.42517462372779846, -0.7552124857902527, 0.6485348343849182, 0.7611852288246155, -0.00012721122766379267, 0.5749104022979736, -0.4897179901599884, 0.6554800868034363),
            ["LeftFoot"] = CFrame.new(1.4901161193847656e-08, 5.960464477539063e-08, -6.705522537231445e-08, 0.9019890427589417, -0.36812978982925415, 0.22560209035873413, 0.3962639570236206, 0.9133113026618958, -0.09400885552167892, -0.17143751680850983, 0.17419277131557465, 0.9696731567382812),
            ["LowerTorso"] = CFrame.new(0.01559855043888092, -0.24062609672546387, 0.13161996006965637, 0.5124810338020325, -0.0018190934788435698, -0.8586966395378113, -0.039343833923339844, 0.998897910118103, -0.025596993044018745, 0.857796847820282, 0.04690239205956459, 0.5118445754051208),
            ["RightLowerLeg"] = CFrame.new(-2.9802322387695312e-08, -0.000060498714447021484, -0.00007204541907412931, 1, -1.9371512394172896e-07, -5.215408194203519e-08, 1.0430814256778831e-07, 0.5774007439613342, 0.8164606690406799, -1.788139627478813e-07, -0.8164610266685486, 0.5774011015892029),
            ["LeftUpperLeg"] = CFrame.new(0, 1.964508555829525e-08, 4.190951585769653e-08, 0.9415687918663025, 0.33670926094055176, 0.008675690740346909, -0.30821388959884644, 0.8717008233070374, -0.38097524642944336, -0.1358402520418167, 0.35604023933410645, 0.9245445132255554),
            ["LeftLowerLeg"] = CFrame.new(7.450580596923828e-09, 0.000060677528381347656, 0.00007206201553344727, 1, 4.097820394122209e-08, 4.470348358154297e-08, -1.2665985593685036e-07, 0.5833663940429688, 0.8122091889381409, -1.4901159417490817e-08, -0.8122091293334961, 0.5833663940429688),
        }},
        {Time = 0.267, Data = {
            ["RightFoot"] = CFrame.new(6.705522537231445e-08, 3.5762786865234375e-07, -1.3205863069742918e-08, 0.9334924221038818, 0.3486027419567108, -0.08407454937696457, -0.35321566462516785, 0.8533890843391418, -0.38336092233657837, -0.0618925616145134, 0.3875608444213867, 0.9197641015052795),
            ["LeftLowerArm"] = CFrame.new(3.5762786865234375e-07, -5.364418029785156e-07, 1.7881393432617188e-07, 1, -7.450581307466564e-08, 9.499491682163352e-08, 7.82310962677002e-08, 0.16127602756023407, -0.9869094491004944, 7.450580596923828e-08, 0.9869093894958496, 0.1612759828567505),
            ["RightUpperArm"] = CFrame.new(0, -3.5762786865234375e-07, -5.960464477539063e-08, 0.7026900053024292, -0.5284566879272461, 0.4764035940170288, 0.47725096344947815, 0.846689760684967, 0.23526164889335632, -0.527691662311554, 0.06204814463853836, 0.847166895866394),
            ["Head"] = CFrame.new(1.862645149230957e-09, -3.5762786865234375e-07, 2.3283064365386963e-08, 0.6175091862678528, -0.22086504101753235, 0.7549179196357727, 0.42197883129119873, 0.902981162071228, -0.08098726719617844, -0.6637893319129944, 0.36856982111930847, 0.6507995128631592),
            ["RightHand"] = CFrame.new(-5.960464477539063e-08, 3.5762786865234375e-07, -2.9802322387695312e-08, 0.6742673516273499, 0.15564300119876862, 0.7218994498252869, -0.393821656703949, 0.902720034122467, 0.17320868372917175, -0.6247144341468811, -0.4010884761810303, 0.6699700951576233),
            ["UpperTorso"] = CFrame.new(4.6566128730773926e-09, -5.960464477539063e-08, 1.3969838619232178e-09, 0.9995849132537842, -0.008097277954220772, -0.027647189795970917, 0.014742782339453697, 0.9682793021202087, 0.2494351863861084, 0.024750489741563797, -0.24973933398723602, 0.9679967761039734),
            ["HumanoidRootPart"] = CFrame.new(0, 0, 0, 1, 0, 0, 0, 1, 0, 0, 0, 1),
            ["RightUpperLeg"] = CFrame.new(0, -1.4016404747962952e-07, 1.6931153368204832e-08, 0.933289110660553, -0.2077566385269165, 0.2929314374923706, 0.3177153170108795, 0.8579085469245911, -0.40379467606544495, -0.1674167364835739, 0.4699257016181946, 0.8666839599609375),
            ["LeftUpperArm"] = CFrame.new(5.960464477539063e-08, -1.1920928955078125e-07, 2.9802322387695312e-08, 0.8931554555892944, 0.35354602336883545, 0.27799004316329956, -0.41652488708496094, 0.8833943605422974, 0.21475926041603088, -0.169647678732872, -0.30760306119918823, 0.936269223690033),
            ["RightLowerArm"] = CFrame.new(1.1920928955078125e-07, 2.980232238769531e-07, 2.384185791015625e-07, 1, -4.470347647611561e-08, 6.705521116145974e-08, 1.1920930376163597e-07, -0.12906073033809662, -0.9916366934776306, 7.450581307466564e-08, 0.9916366934776306, -0.1290607452392578),
            ["LeftHand"] = CFrame.new(-1.1920928955078125e-07, -1.1920928955078125e-07, -1.1175870895385742e-07, 0.46695297956466675, -0.4075882136821747, -0.7847462296485901, 0.6401978135108948, 0.7680004239082336, -0.017949409782886505, 0.6100014448165894, -0.4940113127231598, 0.6195572018623352),
            ["LeftFoot"] = CFrame.new(3.725290298461914e-08, 0, -2.9802322387695312e-08, 0.9153683185577393, -0.3468727469444275, 0.2044028490781784, 0.3768450617790222, 0.9168689250946045, -0.13167837262153625, -0.1417350322008133, 0.197562113404274, 0.9699898362159729),
            ["LowerTorso"] = CFrame.new(0.01484514120966196, -0.2526419162750244, 0.11730539053678513, 0.5439057350158691, -0.024528853595256805, -0.8387877941131592, -0.041887905448675156, 0.9975329637527466, -0.05633297190070152, 0.8381001949310303, 0.06577488780021667, 0.5415363907814026),
            ["RightLowerLeg"] = CFrame.new(0, -0.000060498714447021484, -0.00007228383765323088, 1, -8.940696716308594e-08, -1.7881399116959074e-07, 9.685756197086448e-08, 0.5643433928489685, 0.8255399465560913, -1.1920930376163597e-07, -0.8255401849746704, 0.5643437504768372),
