return {
    ["Blinding Lights"] = {
        {Time = 0.000, Data = {
            ["RightFoot"] = CFrame.new(7.450580596923828e-08, 3.5762786865234375e-07, -1.2740201782435179e-08, 0.9825401902198792, 0.0017243417678400874, 0.18683165311813354, 0.05561135709285736, 0.9517730474472046, -0.30184847116470337, -0.17754460871219635, 0.3067982792854309, 0.9348697066307068),
            ["LeftLowerArm"] = CFrame.new(-2.9802322387695312e-08, 5.960464477539063e-08, -1.9371509552001953e-07, 1, -1.1129307608825911e-07, -6.426127185932273e-08, 0, 0.8850798010826111, -0.4654398262500763, 3.166497464235363e-08, 0.46543949842453003, 0.885079562664032),
            ["RightUpperArm"] = CFrame.new(1.1920928955078125e-07, 1.1920928955078125e-07, -8.940696716308594e-08, 0.8806034326553345, -0.41446420550346375, 0.22968943417072296, 0.19196288287639618, 0.7551984786987305, 0.6267580389976501, -0.4332296550273895, -0.5078333020210266, 0.7445919513702393),
            ["Head"] = CFrame.new(-2.0489096641540527e-08, 2.384185791015625e-07, -5.7392753660678864e-08, 0.9961718916893005, 0.07379058003425598, -0.046867918223142624, -0.08228772133588791, 0.9725030660629272, -0.21786819398403168, 0.029502494260668755, 0.2208908051252365, 0.9748522639274597),
            ["RightHand"] = CFrame.new(-1.4901161193847656e-08, 0, -2.980232238769531e-07, 0.8981186151504517, 0.4349086284637451, 0.06509435176849365, -0.4292011559009552, 0.8991437554359436, -0.0855991318821907, -0.09575711935758591, 0.04893932119011879, 0.9942009449005127),
            ["UpperTorso"] = CFrame.new(-7.450580596923828e-09, -2.9802322387695312e-08, -3.725290298461914e-08, 0.9772362112998962, -0.07590189576148987, -0.19811177253723145, 0.11953253298997879, 0.9684711694717407, 0.2185765653848648, 0.17527510225772858, -0.2372817099094391, 0.9554978013038635),
            ["HumanoidRootPart"] = CFrame.new(0, 0, 0, 1, 0, 0, 0, 1, 0, 0, 0, 1),
            ["RightUpperLeg"] = CFrame.new(-2.9802322387695312e-08, -2.7567148208618164e-07, 1.3205863069742918e-08, 0.8453876376152039, 0.06964853405952454, -0.5295931696891785, -0.39134106040000916, 0.7555668950080872, -0.5253294706344604, 0.36355456709861755, 0.651358425617218, 0.6660030484199524),
            ["LeftUpperArm"] = CFrame.new(-1.1920928955078125e-07, 2.384185791015625e-07, -1.862645149230957e-09, 0.6150640249252319, 0.41890063881874084, -0.6679962873458862, -0.3731343746185303, 0.9009660482406616, 0.22142866253852844, 0.6945984959602356, 0.11305961012840271, 0.7104578018188477),
            ["RightLowerArm"] = CFrame.new(1.1920928955078125e-07, 2.384185791015625e-07, 1.564621925354004e-07, 1, -3.7252917195473856e-08, -7.450583261459087e-09, 2.2351747119842003e-08, 0.9633578062057495, -0.2682199776172638, 3.72529100900465e-08, 0.268219918012619, 0.96335768699646),
            ["LeftHand"] = CFrame.new(-1.043081283569336e-07, -2.384185791015625e-07, -5.960464477539063e-08, 0.9866924285888672, -0.16213810443878174, 0.012224172241985798, 0.15983669459819794, 0.9809863567352295, 0.1100822389125824, -0.029840033501386642, -0.1066632941365242, 0.9938473105430603),
            ["LeftFoot"] = CFrame.new(3.725290298461914e-08, -5.960464477539063e-08, -4.912726581096649e-08, 0.9631757736206055, 0.16321961581707, -0.21366319060325623, -0.20479626953601837, 0.9602545499801636, -0.18965700268745422, 0.17421525716781616, 0.22643044590950012, 0.9583205580711365),
            ["LowerTorso"] = CFrame.new(0.06330129504203796, -0.17791748046875, 0.42968735098838806, 0.9743678569793701, 0.041776590049266815, 0.22104772925376892, -0.0699206218123436, 0.990178644657135, 0.1210680902004242, -0.21381887793540955, -0.13342055678367615, 0.9677192568778992),
            ["RightLowerLeg"] = CFrame.new(4.0978193283081055e-08, -0.00006026029586791992, -0.00007206777081592008, 1, -1.862645504502325e-08, -1.210719524635806e-08, 1.1175872316471214e-07, 0.9135143756866455, 0.40680623054504395, 5.960465188081798e-08, -0.40680673718452454, 0.9135145545005798),
            ["LeftUpperLeg"] = CFrame.new(5.960464477539063e-08, -3.4831464290618896e-07, -3.725290298461914e-08, 0.9624165296554565, -0.26909011602401733, -0.036674585193395615, 0.19193851947784424, 0.7694977521896362, -0.6091247797012329, 0.1921304315328598, 0.5791923403739929, 0.7922260761260986),
            ["LeftLowerLeg"] = CFrame.new(-5.587935447692871e-09, 0.000060558319091796875, 0.00007209926843643188, 1, 9.03382755268467e-08, 3.259629011154175e-08, -4.470348358154297e-08, 0.6440193057060242, 0.7650092244148254, 2.60770320892334e-08, -0.7650091648101807, 0.6440194249153137),
        }},
        {Time = 0.033, Data = {
            ["RightFoot"] = CFrame.new(-6.332993507385254e-08, 4.76837158203125e-07, 2.0787410903722048e-08, 0.984711229801178, 0.009228399023413658, 0.17487101256847382, 0.050618380308151245, 0.9406148791313171, -0.33585578203201294, -0.1666775941848755, 0.3393499553203583, 0.925538182258606),
            ["LeftLowerArm"] = CFrame.new(1.7881393432617188e-07, -1.1920928955078125e-07, -1.043081283569336e-07, 1, -7.264317503086204e-08, 2.8405342078485774e-08, 5.960465898624534e-08, 0.8503915667533875, -0.5261505246162415, 5.215407838932151e-08, 0.5261503458023071, 0.8503915071487427),
            ["RightUpperArm"] = CFrame.new(-5.960464477539063e-08, 0, 1.471489667892456e-07, 0.8631287217140198, -0.4427556097507477, 0.24285072088241577, 0.2255687117576599, 0.7682998776435852, 0.5990277528762817, -0.4518048167228699, -0.46225836873054504, 0.7630133628845215),
            ["Head"] = CFrame.new(1.6763806343078613e-08, -2.384185791015625e-07, 1.2177042663097382e-07, 0.9967648983001709, 0.06849298626184464, -0.04205237329006195, -0.0765489935874939, 0.9684882164001465, -0.23700422048568726, 0.024494023993611336, 0.23945659399032593, 0.9705981612205505),
            ["RightHand"] = CFrame.new(-8.940696716308594e-08, -2.384185791015625e-07, -3.5762786865234375e-07, 0.8738324046134949, 0.4699234962463379, 0.12485633790493011, -0.46400701999664307, 0.8826767206192017, -0.0746927559375763, -0.14530780911445618, 0.00733441486954689, 0.9893593192100525),
            ["UpperTorso"] = CFrame.new(7.450580596923828e-09, 2.384185791015625e-07, 3.725290298461914e-09, 0.9810128211975098, -0.045255742967128754, -0.188589408993721, 0.09355495125055313, 0.9622033834457397, 0.2557578384876251, 0.16988688707351685, -0.26854515075683594, 0.9481676816940308),
            ["HumanoidRootPart"] = CFrame.new(0, 0, 0, 1, 0, 0, 0, 1, 0, 0, 0, 1),
            ["RightUpperLeg"] = CFrame.new(-2.9802322387695312e-08, 1.564621925354004e-07, 5.75528247281909e-09, 0.8212785124778748, -0.00013547015259973705, -0.5705275535583496, -0.38690483570098877, 0.7347888946533203, -0.5571268796920776, 0.41929271817207336, 0.6782959699630737, 0.6034137010574341),
            ["LeftUpperArm"] = CFrame.new(0, -2.384185791015625e-07, 1.2293457984924316e-07, 0.6091676354408264, 0.45021551847457886, -0.652856171131134, -0.39774489402770996, 0.8856516480445862, 0.23962485790252686, 0.6860858201980591, 0.1136985644698143, 0.7185811996459961),
            ["RightLowerArm"] = CFrame.new(5.960464477539063e-08, 4.76837158203125e-07, -3.3527612686157227e-08, 1, -8.940696716308594e-08, 8.940698137394065e-08, 1.1175873559921001e-08, 0.9763320684432983, -0.21627725660800934, 6.705523958316917e-08, 0.21627724170684814, 0.9763320088386536),
            ["LeftHand"] = CFrame.new(-2.9802322387695312e-08, -1.1920928955078125e-07, 2.9802322387695312e-08, 0.9825733304023743, -0.1585111916065216, 0.0970768928527832, 0.14758549630641937, 0.982805073261261, 0.11096256971359253, -0.11299645900726318, -0.09470173716545105, 0.9890719652175903),
            ["LeftFoot"] = CFrame.new(9.313225746154785e-09, -1.1920928955078125e-07, 1.909211277961731e-08, 0.9640915393829346, 0.15095263719558716, -0.2184973508119583, -0.20585012435913086, 0.9445844292640686, -0.25570616126060486, 0.16778959333896637, 0.2915021479129791, 0.9417394995689392),
            ["LowerTorso"] = CFrame.new(0.06575460731983185, -0.20348095893859863, 0.4445747435092926, 0.9770228266716003, 0.022904731333255768, 0.21190065145492554, -0.04639711603522301, 0.9932226538658142, 0.10656525194644928, -0.20802363753318787, -0.11394819617271423, 0.9714638590812683),
            ["RightLowerLeg"] = CFrame.new(1.4901161193847656e-08, -0.0000603795051574707, -0.00007221678242785856, 1, -1.1362135410308838e-07, 3.725290742551124e-09, 1.1920930376163597e-07, 0.8541555404663086, 0.5200172066688538, -7.450581307466564e-08, -0.5200175642967224, 0.8541558384895325),
            ["LeftUpperLeg"] = CFrame.new(0, 2.4866312742233276e-07, 5.960464477539063e-08, 0.9678754210472107, -0.2487909495830536, -0.03633798658847809, 0.17239417135715485, 0.7618630528450012, -0.6243759393692017, 0.18302366137504578, 0.5980533957481384, 0.7802783846855164),
            ["LeftLowerLeg"] = CFrame.new(-4.6100467443466187e-08, 0.000060617923736572266, 0.00007189437747001648, 1, 2.421439049271612e-08, 4.93601071127614e-08, -6.705522537231445e-08, 0.597083568572998, 0.8021789789199829, 3.725290298461914e-08, -0.8021790385246277, 0.5970836877822876),
        }},
        {Time = 0.067, Data = {
            ["RightFoot"] = CFrame.new(5.21540641784668e-08, 3.5762786865234375e-07, 1.6952981241047382e-09, 0.9932119250297546, 0.016694076359272003, 0.1159842237830162, 0.021748730912804604, 0.9460448622703552, -0.323436975479126, -0.11426704376935959, 0.3236050605773926, 0.9391146302223206),
            ["LeftLowerArm"] = CFrame.new(5.960464477539063e-08, 5.960464477539063e-08, 5.960464477539063e-08, 1, -2.6077039194660756e-08, -1.0244546899684792e-07, -2.2351745343485163e-08, 0.8121962547302246, -0.5833846926689148, -2.6077035641947077e-08, 0.5833843946456909, 0.8121960163116455),
            ["RightUpperArm"] = CFrame.new(0, 0, 1.4901161193847656e-08, 0.8430732488632202, -0.46842023730278015, 0.2642160654067993, 0.2689882218837738, 0.7927016019821167, 0.5470555424690247, -0.4656962454319, -0.39013680815696716, 0.7943047881126404),
            ["Head"] = CFrame.new(4.6566128730773926e-09, -2.384185791015625e-07, 4.691537469625473e-08, 0.9966718554496765, 0.07036411017179489, -0.041160959750413895, -0.07853404432535172, 0.9641743898391724, -0.2533774673938751, 0.021857574582099915, 0.25576674938201904, 0.9664914608001709),
            ["RightHand"] = CFrame.new(1.4901161193847656e-08, -1.1920928955078125e-07, 8.940696716308594e-08, 0.8495442271232605, 0.486131876707077, 0.20481756329536438, -0.48526501655578613, 0.872444748878479, -0.057950183749198914, -0.20686356723308563, -0.05015974119305611, 0.9770832061767578),
            ["UpperTorso"] = CFrame.new(0, 5.960464477539063e-08, 2.7939677238464355e-08, 0.9848541617393494, -0.02102760225534439, -0.17210529744625092, 0.07105326652526855, 0.9543891549110413, 0.28998786211013794, 0.15815766155719757, -0.2978244423866272, 0.9414281249046326),
            ["HumanoidRootPart"] = CFrame.new(0, 0, 0, 1, 0, 0, 0, 1, 0, 0, 0, 1),
            ["RightUpperLeg"] = CFrame.new(-5.960464477539063e-08, -3.114109858870506e-08, -1.6596459317952394e-08, 0.8427865505218506, -0.0769624263048172, -0.5327171087265015, -0.3511911928653717, 0.6713992357254028, -0.6526010036468506, 0.4078916311264038, 0.7370888590812683, 0.5388175845146179),
            ["LeftUpperArm"] = CFrame.new(1.7881393432617188e-07, -1.1920928955078125e-07, 8.009374141693115e-08, 0.6100819706916809, 0.47661086916923523, -0.632963240146637, -0.4153938293457031, 0.872663140296936, 0.2567232847213745, 0.6747207045555115, 0.10630694031715393, 0.730377197265625),
            ["RightLowerArm"] = CFrame.new(1.1920928955078125e-07, -1.1920928955078125e-07, 3.4365803003311157e-07, 1, -5.2154071283894154e-08, 1.4901162970204496e-08, -2.9802311729554276e-08, 0.9802346229553223, -0.19783900678157806, 4.4703469370688254e-08, 0.19783908128738403, 0.9802345037460327),
            ["LeftHand"] = CFrame.new(-1.4901161193847656e-08, -2.384185791015625e-07, 1.043081283569336e-07, 0.972241222858429, -0.1518000364303589, 0.1780560463666916, 0.13359323143959045, 0.9848905801773071, 0.11019712686538696, -0.19209332764148712, -0.08335091918706894, 0.9778306484222412),
            ["LeftFoot"] = CFrame.new(3.166496753692627e-08, 1.1920928955078125e-07, 5.122274160385132e-09, 0.9661279916763306, 0.14548397064208984, -0.2131463587284088, -0.1954941749572754, 0.9517647624015808, -0.23648622632026672, 0.1684601753950119, 0.2701449692249298, 0.9479677677154541),
            ["LowerTorso"] = CFrame.new(0.07424312829971313, -0.1952502727508545, 0.4528960883617401, 0.9797143936157227, 0.00043012376409024, 0.20039859414100647, -0.019428269937634468, 0.9954912066459656, 0.09284330159425735, -0.19945509731769562, -0.09485325962305069, 0.9753053188323975),
            ["RightLowerLeg"] = CFrame.new(-1.2852251529693604e-07, -0.0000603795051574707, -0.00007198581442935392, 1, -1.3364478945732117e-07, -7.078052988163108e-08, 6.705522537231445e-08, 0.728491485118866, 0.685054361820221, -2.9802322387695312e-08, -0.6850549578666687, 0.728492021560669),
            ["LeftUpperLeg"] = CFrame.new(0, -1.3606040738523006e-08, -1.4901161193847656e-08, 0.9744957089424133, -0.22099873423576355, -0.03895846754312515, 0.14651726186275482, 0.7580931186676025, -0.6354743838310242, 0.1699732095003128, 0.6135588884353638, 0.7711384296417236),
            ["LeftLowerLeg"] = CFrame.new(2.444721758365631e-08, 0.00006073713302612305, 0.00007202103734016418, 1, 7.636845111846924e-08, 2.1420420992512845e-08, -5.960465188081798e-08, 0.5638298392295837, 0.8258909583091736, 2.2351745343485163e-08, -0.8258909583091736, 0.5638299584388733),
        }},
        {Time = 0.100, Data = {
            ["RightFoot"] = CFrame.new(1.862645149230957e-08, 4.76837158203125e-07, -1.6931153368204832e-08, 0.9986166954040527, 0.020071672275662422, 0.04936309903860092, -0.006821852643042803, 0.9671844840049744, -0.2539992034435272, -0.05213604494929314, 0.2532811164855957, 0.9659439325332642),
            ["LeftLowerArm"] = CFrame.new(3.2782554626464844e-07, 2.980232238769531e-07, 1.9371509552001953e-07, 1, -4.6566135836201283e-08, 6.984918599073353e-08, 3.725289943190546e-08, 0.7867341637611389, -0.6172925233840942, 7.078050856534901e-08, 0.617292046546936, 0.7867337465286255),
            ["RightUpperArm"] = CFrame.new(1.1920928955078125e-07, 0, -1.6763806343078613e-08, 0.8212491869926453, -0.48980823159217834, 0.29263967275619507, 0.32059311866760254, 0.8204011917114258, 0.47345760464668274, -0.4719850420951843, -0.29500827193260193, 0.8307827115058899),
            ["Head"] = CFrame.new(-1.7695128917694092e-08, 1.1920928955078125e-07, 3.8300640881061554e-08, 0.9961724281311035, 0.07733504474163055, -0.04073946177959442, -0.08556580543518066, 0.9579910039901733, -0.27373671531677246, 0.017858508974313736, 0.2761749029159546, 0.9609414339065552),
            ["RightHand"] = CFrame.new(7.450580596923828e-08, -1.1920928955078125e-07, 2.9802322387695312e-08, 0.8311518430709839, 0.4715202748775482, 0.2947120666503906, -0.48480138182640076, 0.8740673661231995, -0.03120642900466919, -0.2723126709461212, -0.11693944036960602, 0.9550764560699463),
            ["UpperTorso"] = CFrame.new(-1.1175870895385742e-08, 1.1920928955078125e-07, 4.190951585769653e-08, 0.9892784357070923, -0.0017545418813824654, -0.14603109657764435, 0.04859442263841629, 0.9469043612480164, 0.3178219199180603, 0.13771981000900269, -0.3215106427669525, 0.936837375164032),
            ["HumanoidRootPart"] = CFrame.new(0, 0, 0, 1, 0, 0, 0, 1, 0, 0, 0, 1),
            ["RightUpperLeg"] = CFrame.new(-2.9802322387695312e-08, 2.812594175338745e-07, 1.3205863069742918e-08, 0.8755708932876587, -0.15284684300422668, -0.45827236771583557, -0.32206183671951294, 0.5223773717880249, -0.7895559072494507, 0.3600720167160034, 0.8389039039611816, 0.4081518352031708),
            ["LeftUpperArm"] = CFrame.new(-2.384185791015625e-07, 0, -2.9802322387695312e-08, 0.6211534142494202, 0.5039547085762024, -0.6001653671264648, -0.4301503300666809, 0.8593924641609192, 0.2764328122138977, 0.6550871133804321, 0.08645426481962204, 0.7505907416343689),
            ["RightLowerArm"] = CFrame.new(-1.7881393432617188e-07, 1.7881393432617188e-07, -6.705522537231445e-08, 1, -7.450581485102248e-09, -7.450580596923828e-09, 1.043081283569336e-07, 0.9811797738075256, -0.19309695065021515, 1.4901161193847656e-08, 0.19309675693511963, 0.9811796545982361),
            ["LeftHand"] = CFrame.new(1.4901161193847656e-07, 0, -1.4901161193847656e-07, 0.9562565684318542, -0.1477113664150238, 0.25249701738357544, 0.1247636154294014, 0.9866482615470886, 0.1046866923570633, -0.26458898186683655, -0.06860470771789551, 0.9619178771972656),
            ["LeftFoot"] = CFrame.new(4.284083843231201e-08, 1.7881393432617188e-07, -6.938353180885315e-08, 0.9878178238868713, 0.15154892206192017, -0.03534100204706192, -0.1552426666021347, 0.975402295589447, -0.15649330615997314, 0.010755344294011593, 0.16007329523563385, 0.9870465993881226),
            ["LowerTorso"] = CFrame.new(0.08852149546146393, -0.15884089469909668, 0.46090400218963623, 0.9832342863082886, -0.027370069175958633, 0.18028105795383453, 0.011266406625509262, 0.9959007501602173, 0.08974900096654892, -0.18199846148490906, -0.086213119328022, 0.9795120358467102),
            ["RightLowerLeg"] = CFrame.new(-4.470348358154297e-08, -0.00006020069122314453, -0.00007198581442935392, 1, -1.0430811414607888e-07, -6.332997060098933e-08, 1.303851746570217e-07, 0.4825598895549774, 0.8758625388145447, -1.788139627478813e-07, -0.8758629560470581, 0.4825606942176819),
            ["LeftUpperLeg"] = CFrame.new(-5.960464477539063e-08, 1.695007085800171e-07, -1.4901161193847656e-08, 0.9782464504241943, -0.2072906643152237, -0.008031436242163181, 0.1552535891532898, 0.7572526335716248, -0.6344013214111328, 0.1375872641801834, 0.6193537712097168, 0.7729620933532715),
            ["LeftLowerLeg"] = CFrame.new(-1.909211277961731e-08, 0.000060617923736572266, 0.0000720582902431488, 1, 1.0617078771701927e-07, 5.0291429687376876e-08, -5.587936158235607e-08, 0.5409923791885376, 0.8410274982452393, 3.725290742551124e-09, -0.8410276174545288, 0.5409924387931824),
        }},
        {Time = 0.133, Data = {
            ["RightFoot"] = CFrame.new(2.60770320892334e-08, 1.1920928955078125e-07, 1.6596459317952394e-08, 0.9994322657585144, 0.033900804817676544, 0.0014465410495176911, -0.032965466380119324, 0.983039140701294, -0.18037916719913483, -0.006961786653846502, 0.18023541569709778, 0.98359614610672),
            ["LeftLowerArm"] = CFrame.new(-5.960464477539063e-08, -7.748603820800781e-07, 7.450580596923828e-08, 1, -6.705522537231445e-08, -4.0978189730367376e-08, 3.725289943190546e-08, 0.7686073184013367, -0.6397210955619812, 8.195637946073475e-08, 0.6397208571434021, 0.7686071991920471),
            ["RightUpperArm"] = CFrame.new(0, 0, -2.9802322387695312e-08, 0.7993945479393005, -0.5074454545974731, 0.32166385650634766, 0.3721134066581726, 0.8385109901428223, 0.398034006357193, -0.47169896960258484, -0.19849078357219696, 0.8591282963752747),
            ["Head"] = CFrame.new(-1.30385160446167e-08, 1.1920928955078125e-07, -5.4424162954092026e-08, 0.9956961870193481, 0.08314894139766693, -0.040930405259132385, -0.09144879132509232, 0.9531567692756653, -0.2883215546607971, 0.015039370395243168, 0.290823757648468, 0.9566584825515747),
            ["RightHand"] = CFrame.new(-5.364418029785156e-07, -1.7881393432617188e-07, 6.705522537231445e-08, 0.8165028691291809, 0.43368297815322876, 0.38110625743865967, -0.4717671275138855, 0.881692111492157, 0.007410917431116104, -0.3328046500682831, -0.1858445405960083, 0.9245015978813171),
            ["UpperTorso"] = CFrame.new(-2.2351741790771484e-08, -8.940696716308594e-08, 8.381903171539307e-09, 0.9936001300811768, 0.0155445896089077, -0.1118806004524231, 0.022478003054857254, 0.9434654712677002, 0.33070775866508484, 0.1106962338089943, -0.3311060070991516, 0.9370779991149902),
            ["HumanoidRootPart"] = CFrame.new(0, 0, 0, 1, 0, 0, 0, 1, 0, 0, 0, 1),
            ["RightUpperLeg"] = CFrame.new(-8.940696716308594e-08, -2.7567148208618164e-07, 5.75528247281909e-09, 0.9074664115905762, -0.18908430635929108, -0.375169038772583, -0.2825430929660797, 0.38621312379837036, -0.8780712485313416, 0.31092461943626404, 0.9028215408325195, 0.297050803899765),
            ["LeftUpperArm"] = CFrame.new(-1.1920928955078125e-07, 2.384185791015625e-07, 3.632158041000366e-08, 0.6411195397377014, 0.527583122253418, -0.5573349595069885, -0.4287954866886139, 0.8485499620437622, 0.30999550223350525, 0.6364749073982239, 0.04023867845535278, 0.7702471017837524),
            ["RightLowerArm"] = CFrame.new(-5.960464477539063e-08, 2.384185791015625e-07, 3.725290298461914e-07, 1, -5.960465188081798e-08, -3.725290653733282e-08, 1.4901161193847656e-08, 0.9797238707542419, -0.20035246014595032, 0, 0.20035241544246674, 0.9797239303588867),
            ["LeftHand"] = CFrame.new(5.960464477539063e-08, 5.960464477539063e-08, 0, 0.9374834895133972, -0.1463659107685089, 0.3157559931278229, 0.12160313874483109, 0.9878411889076233, 0.09686371684074402, -0.3260941803455353, -0.05241125077009201, 0.9438832998275757),
            ["LeftFoot"] = CFrame.new(0, 0, 5.238689482212067e-09, 0.9807225465774536, 0.10379935801029205, 0.16555702686309814, -0.10221780836582184, 0.9945979118347168, -0.0180665235966444, -0.16653776168823242, 0.0007955272449180484, 0.9860348105430603),
            ["LowerTorso"] = CFrame.new(0.10458262264728546, -0.09299683570861816, 0.46692949533462524, 0.9864697456359863, -0.05789973586797714, 0.15337887406349182, 0.04362442344427109, 0.9945347905158997, 0.09485545754432678, -0.15803268551826477, -0.08688092976808548, 0.9836043119430542),
            ["RightLowerLeg"] = CFrame.new(-7.450580596923828e-08, -0.000060498714447021484, -0.00007201561675174162, 1, -1.5832476663035777e-07, -1.0430816388407038e-07, 1.7136336794010276e-07, 0.28706490993499756, 0.9579110145568848, -1.1920930376163597e-07, -0.9579110741615295, 0.28706562519073486),
            ["LeftUpperLeg"] = CFrame.new(5.960464477539063e-08, -3.3527612686157227e-08, -3.725290298461914e-09, 0.9811952710151672, -0.19133684039115906, 0.025419559329748154, 0.16547241806983948, 0.76604163646698, -0.6211274266242981, 0.09937210381031036, 0.6136534214019775, 0.7832973003387451),
            ["LeftLowerLeg"] = CFrame.new(3.259629011154175e-09, 0.00006079673767089844, 0.00007224082946777344, 1, 7.078052277620372e-08, 4.6566135836201283e-08, -5.2154071283894154e-08, 0.5642853379249573, 0.8255798816680908, 1.1175872671742582e-08, -0.8255799412727356, 0.5642853379249573),
        }},
        {Time = 0.167, Data = {
            ["RightFoot"] = CFrame.new(2.0489096641540527e-08, 5.364418029785156e-07, 4.639878170564771e-08, 0.999779224395752, 0.014111034572124481, -0.015263552777469158, -0.016764109954237938, 0.981124222278595, -0.19269715249538422, 0.012669208459556103, 0.1928628385066986, 0.9811394810676575),
            ["LeftLowerArm"] = CFrame.new(1.7881393432617188e-07, -4.172325134277344e-07, -6.705522537231445e-08, 1, -1.2014064054710616e-07, -2.7939672797572257e-09, 2.2351747119842003e-08, 0.7622136473655701, -0.6473258137702942, 4.4703494239684005e-08, 0.6473255753517151, 0.762213408946991),
            ["RightUpperArm"] = CFrame.new(0, 2.384185791015625e-07, 4.284083843231201e-08, 0.7804149985313416, -0.518677830696106, 0.34917888045310974, 0.411935418844223, 0.8466326594352722, 0.3369310200214386, -0.47038471698760986, -0.11910681426525116, 0.8743864893913269),
            ["Head"] = CFrame.new(-1.6763806343078613e-08, -1.1920928955078125e-07, -2.246815711259842e-08, 0.9951480627059937, 0.08879674971103668, -0.042372532188892365, -0.09734528511762619, 0.9511605501174927, -0.29294636845588684, 0.014290297403931618, 0.29564979672431946, 0.95518958568573),
            ["RightHand"] = CFrame.new(-1.2945383787155151e-07, -5.960464477539063e-08, -2.1513551473617554e-07, 0.8104617595672607, 0.38238492608070374, 0.4437721073627472, -0.45010894536972046, 0.8913397789001465, 0.05399433895945549, -0.3749051094055176, -0.24350625276565552, 0.8945116400718689),
            ["UpperTorso"] = CFrame.new(-2.2351741790771484e-08, 8.940696716308594e-08, -3.818422555923462e-08, 0.9968469738960266, 0.026752334088087082, -0.07470323890447617, -0.0007710075005888939, 0.944673478603363, 0.3280114531517029, 0.07934527099132538, -0.3269195556640625, 0.9417154788970947),
            ["HumanoidRootPart"] = CFrame.new(0, 0, 0, 1, 0, 0, 0, 1, 0, 0, 0, 1),
            ["RightUpperLeg"] = CFrame.new(0, 1.8998980522155762e-07, -3.894820110872388e-08, 0.9363873600959778, -0.19446034729480743, -0.29217079281806946, -0.2156497985124588, 0.33800119161605835, -0.9161062240600586, 0.27690038084983826, 0.920836865901947, 0.2745645046234131),
            ["LeftUpperArm"] = CFrame.new(-1.1920928955078125e-07, 0, -9.313225746154785e-10, 0.6685112118721008, 0.5405937433242798, -0.5107361674308777, -0.41117241978645325, 0.8409053683280945, 0.35187387466430664, 0.6197015643119812, -0.025230903178453445, 0.7844318747520447),
            ["RightLowerArm"] = CFrame.new(0, 0, 8.195638656616211e-08, 1, -1.4901161193847656e-08, -2.980232594040899e-08, 4.470347647611561e-08, 0.9716387987136841, -0.23647016286849976, -1.4901159417490817e-08, 0.2364700436592102, 0.9716388583183289),
            ["LeftHand"] = CFrame.new(2.2351741790771484e-07, 1.1920928955078125e-07, -1.4901161193847656e-08, 0.9225945472717285, -0.1481930911540985, 0.35617175698280334, 0.12462641298770905, 0.9882609248161316, 0.08836626261472702, -0.3650854825973511, -0.037137750536203384, 0.9302328824996948),
            ["LeftFoot"] = CFrame.new(2.60770320892334e-08, -5.960464477539063e-08, -3.341119736433029e-08, 0.9907519817352295, 0.06381558626890182, 0.1197420135140419, -0.08100707083940506, 0.9861546158790588, 0.14469638466835022, -0.1088501513004303, -0.1530582159757614, 0.9822040796279907),
            ["LowerTorso"] = CFrame.new(0.12218117713928223, -0.026315927505493164, 0.46930357813835144, 0.9887003898620605, -0.0850456953048706, 0.12344599515199661, 0.07240155339241028, 0.9919875264167786, 0.10353133082389832, -0.13126175105571747, -0.09342371672391891, 0.9869358539581299),
            ["RightLowerLeg"] = CFrame.new(-4.842877388000488e-08, -0.0000603795051574707, -0.00007192620978457853, 1, -1.1548395661975519e-07, -1.2107199154343107e-07, 1.1920931797249068e-07, 0.23666296899318695, 0.9715917110443115, -1.1920931797249068e-07, -0.9715918302536011, 0.2366637885570526),
            ["LeftUpperLeg"] = CFrame.new(5.960464477539063e-08, 2.8312206268310547e-07, -1.0058283805847168e-07, 0.9900819063186646, -0.13057035207748413, 0.051859136670827866, 0.13379624485969543, 0.7637116312980652, -0.6315404772758484, 0.04285505414009094, 0.6322152018547058, 0.7736067175865173),
            ["LeftLowerLeg"] = CFrame.new(1.0244548320770264e-08, 0.00006079673767089844, 0.00007202848792076111, 1, 5.21540641784668e-08, 5.960465188081798e-08, -5.2154071283894154e-08, 0.5692573189735413, 0.8221594095230103, 3.725290653733282e-08, -0.822159469127655, 0.5692574977874756),
        }},
        {Time = 0.200, Data = {
            ["RightFoot"] = CFrame.new(-6.891787052154541e-08, 4.172325134277344e-07, 1.6596459317952394e-08, 0.9995970129966736, -0.018001360818743706, -0.021603118628263474, 0.012176521122455597, 0.9698759913444519, -0.2433624118566513, 0.025640977546572685, 0.2429332733154297, 0.9696947932243347),
            ["LeftLowerArm"] = CFrame.new(5.960464477539063e-08, 0, 1.1175870895385742e-07, 1, -7.031486148889599e-08, 1.4435499906539917e-08, 2.7939677238464355e-08, 0.7844985723495483, -0.6201309561729431, -2.2351741790771484e-08, 0.6201306581497192, 0.784498393535614),
            ["RightUpperArm"] = CFrame.new(1.1920928955078125e-07, 1.1920928955078125e-07, -2.3096799850463867e-07, 0.7654699683189392, -0.5239425301551819, 0.37355077266693115, 0.4417421221733093, 0.8499969244003296, 0.2870003283023834, -0.4678885340690613, -0.05467711389064789, 0.8820944428443909),
            ["Head"] = CFrame.new(4.284083843231201e-08, 2.384185791015625e-07, -1.942971721291542e-07, 0.9944390058517456, 0.09504847228527069, -0.04535378888249397, -0.10419704020023346, 0.9505510926246643, -0.29256734251976013, 0.015302927233278751, 0.29566606879234314, 0.9551688432693481),
            ["RightHand"] = CFrame.new(-1.1175870895385742e-07, 1.7881393432617188e-07, 9.685754776000977e-08, 0.823361337184906, 0.33142414689064026, 0.4606887698173523, -0.4156022369861603, 0.9049036502838135, 0.09178394079208374, -0.3864596486091614, -0.26703473925590515, 0.8828032612800598),
            ["UpperTorso"] = CFrame.new(-1.862645149230957e-08, 1.7881393432617188e-07, -3.91155481338501e-08, 0.9987340569496155, 0.03324037045240402, -0.03775612264871597, -0.01953868940472603, 0.9479742050170898, 0.3177470266819, 0.04635388031601906, -0.31660693883895874, 0.94742351770401),
            ["HumanoidRootPart"] = CFrame.new(0, 0, 0, 1, 0, 0, 0, 1, 0, 0, 0, 1),
            ["RightUpperLeg"] = CFrame.new(0, 4.842877388000488e-08, -6.129994289949536e-08, 0.9610034823417664, -0.18192963302135468, -0.20826409757137299, -0.13384580612182617, 0.3530198037624359, -0.9259927272796631, 0.24198679625988007, 0.9177574515342712, 0.31490251421928406),
            ["LeftUpperArm"] = CFrame.new(5.960464477539063e-08, 3.5762786865234375e-07, -9.12696123123169e-08, 0.6997644901275635, 0.54551762342453, -0.46123820543289185, -0.3855800926685333, 0.8319485187530518, 0.3989853858947754, 0.601379930973053, -0.10135137289762497, 0.7925087213516235),
            ["RightLowerArm"] = CFrame.new(2.384185791015625e-07, -4.172325134277344e-07, -3.129243850708008e-07, 1, 2.9802318834981634e-08, 2.2351741790771484e-08, 4.470347647611561e-08, 0.9525917172431946, -0.3042515218257904, 5.960463766996327e-08, 0.3042515218257904, 0.9525917768478394),
            ["LeftHand"] = CFrame.new(2.2351741790771484e-08, -5.960464477539063e-08, -8.195638656616211e-08, 0.913528323173523, -0.1550961434841156, 0.3760469853878021, 0.13600316643714905, 0.9877132177352905, 0.07697919756174088, -0.38336560130119324, -0.019179193302989006, 0.9233974814414978),
            ["LeftFoot"] = CFrame.new(-8.381903171539307e-09, 5.960464477539063e-08, -9.837094694375992e-08, 0.9980493783950806, 0.057452648878097534, 0.024429747834801674, -0.06174513325095177, 0.9662074446678162, 0.2502616345882416, -0.009225972928106785, -0.25128185749053955, 0.9678700566291809),
            ["LowerTorso"] = CFrame.new(0.14022132754325867, 0.03154158592224121, 0.4661616086959839, 0.9898092150688171, -0.10839159041643143, 0.09235315024852753, 0.09774533659219742, 0.9887868762016296, 0.11289972066879272, -0.10355491936206818, -0.10272207856178284, 0.9893051385879517),
            ["RightLowerLeg"] = CFrame.new(1.4901161193847656e-08, -0.000060439109802246094, -0.00007239559636218473, 1, -1.2107189206744806e-07, -8.102507109697399e-08, 1.5553088417163963e-07, 0.2769033908843994, 0.9608975648880005, -1.0989607801548118e-07, -0.9608978033065796, 0.27690407633781433),
            ["LeftUpperLeg"] = CFrame.new(0, -1.1175870895385742e-08, -7.82310962677002e-08, 0.991913914680481, -0.07736305147409439, 0.10060713440179825, 0.1237761378288269, 0.7648555636405945, -0.632199227809906, -0.028041066601872444, 0.6395396590232849, 0.7682464122772217),
            ["LeftLowerLeg"] = CFrame.new(-1.862645149230957e-08, 0.000060558319091796875, 0.00007203593850135803, 1, 8.568170528633345e-08, 3.72529100900465e-08, -6.705523247774181e-08, 0.5631123781204224, 0.8263803720474243, 5.2154071283894154e-08, -0.8263804316520691, 0.5631123781204224),
        }},
        {Time = 0.233, Data = {
            ["RightFoot"] = CFrame.new(-2.60770320892334e-08, 5.364418029785156e-07, 1.6952981241047382e-09, 0.9988166093826294, -0.03377826511859894, -0.03458835184574127, 0.02171548269689083, 0.9528966546058655, -0.3025682866573334, 0.043519094586372375, 0.3014084994792938, 0.9524998664855957),
            ["LeftLowerArm"] = CFrame.new(1.1920928955078125e-07, 1.1920928955078125e-07, 5.392357707023621e-07, 1, -5.029141902923584e-08, 1.6135165026298637e-07, 6.05359673500061e-08, 0.8292567133903503, -0.5588681101799011, 2.0489096641540527e-08, 0.5588679313659668, 0.8292566537857056),
            ["RightUpperArm"] = CFrame.new(1.1920928955078125e-07, 2.384185791015625e-07, -4.6566128730773926e-08, 0.752723217010498, -0.5277104377746582, 0.39361080527305603, 0.46890988945961, 0.8494212031364441, 0.2420896589756012, -0.4620944559574127, 0.0023414541501551867, 0.8868275284767151),
            ["Head"] = CFrame.new(3.259629011154175e-08, -1.1920928955078125e-07, -1.4097895473241806e-07, 0.9939664602279663, 0.09871744364500046, -0.04780808463692665, -0.10837098956108093, 0.9511271715164185, -0.2891591787338257, 0.016926424577832222, 0.2925954759120941, 0.9560865163803101),
            ["RightHand"] = CFrame.new(-4.470348358154297e-08, -1.7881393432617188e-07, 8.940696716308594e-08, 0.853579580783844, 0.2777126729488373, 0.4407694339752197, -0.3618585467338562, 0.9247179627418518, 0.11813250929117203, -0.3747805953025818, -0.2603317201137543, 0.8898129463195801),
            ["UpperTorso"] = CFrame.new(-3.3527612686157227e-08, -2.9802322387695312e-08, -7.450580596923828e-08, 0.9991968274116516, 0.04000421613454819, -0.002322098473086953, -0.037406135350465775, 0.9519511461257935, 0.3039571940898895, 0.014370129443705082, -0.3036261796951294, 0.9526829123497009),
            ["HumanoidRootPart"] = CFrame.new(0, 0, 0, 1, 0, 0, 0, 1, 0, 0, 0, 1),
            ["RightUpperLeg"] = CFrame.new(-8.940696716308594e-08, 2.60770320892334e-08, -1.6596459317952394e-08, 0.977840781211853, -0.1571255475282669, -0.13834385573863983, -0.05476202070713043, 0.44584017992019653, -0.8934359550476074, 0.20206083357334137, 0.8812139630317688, 0.4273560047149658),
            ["LeftUpperArm"] = CFrame.new(1.1920928955078125e-07, 0, -1.1734664440155029e-07, 0.7324401140213013, 0.5410372018814087, -0.41329225897789, -0.35573142766952515, 0.8217059969902039, 0.4452575147151947, 0.5805055499076843, -0.1791033297777176, 0.7943143844604492),
            ["RightLowerArm"] = CFrame.new(0, -4.76837158203125e-07, 7.450580596923828e-08, 1, -6.565824861581859e-08, -2.980232594040899e-08, 0, 0.9142038226127625, -0.40525490045547485, 1.043081283569336e-07, 0.4052547812461853, 0.9142037630081177),
            ["LeftHand"] = CFrame.new(-5.21540641784668e-08, -5.960464477539063e-08, 1.1175870895385742e-07, 0.9077338576316833, -0.16613095998764038, 0.3852531611919403, 0.15258610248565674, 0.9861034154891968, 0.0657087042927742, -0.39081549644470215, -0.0008618216961622238, 0.9204686284065247),
            ["LeftFoot"] = CFrame.new(1.0710209608078003e-08, 5.960464477539063e-08, -3.4138793125748634e-08, 0.9943144917488098, 0.07600340992212296, -0.0745805948972702, -0.05665469914674759, 0.9706287384033203, 0.23381614685058594, 0.09016091376543045, -0.22826170921325684, 0.9694162011146545),
            ["LowerTorso"] = CFrame.new(0.1566586196422577, 0.045456886291503906, 0.4584907293319702, 0.989710807800293, -0.1289101094007492, 0.06208663433790207, 0.12073979526758194, 0.9852781295776367, 0.1210326999425888, -0.07677490264177322, -0.11229101568460464, 0.9907050132751465),
            ["RightLowerLeg"] = CFrame.new(-7.450580596923828e-09, -0.000060617923736572266, -0.00007211131014628336, 1, -1.1175869474300271e-07, -5.5879368687783426e-08, 1.4156104555240745e-07, 0.4248632788658142, 0.9052572846412659, -7.17118453508192e-08, -0.9052575826644897, 0.42486390471458435),
            ["LeftUpperLeg"] = CFrame.new(-5.960464477539063e-08, 2.5331974029541016e-07, -2.421438694000244e-08, 0.989905059337616, -0.04450133070349693, 0.1345650851726532, 0.11692683398723602, 0.7929922938346863, -0.5979059934616089, -0.08010140061378479, 0.6076042056083679, 0.7901902794837952),
            ["LeftLowerLeg"] = CFrame.new(6.51925802230835e-09, 0.000060498714447021484, 0.00007199123501777649, 1, 5.215404996761208e-08, 6.705522537231445e-08, -7.450579886381092e-08, 0.598483145236969, 0.8011354207992554, 5.215405707303944e-08, -0.8011354207992554, 0.5984832048416138),
        }},
        {Time = 0.267, Data = {
            ["RightFoot"] = CFrame.new(5.122274160385132e-08, 2.384185791015625e-07, -6.686605047434568e-09, 0.9959424138069153, 0.012624049559235573, -0.08868066966533661, -0.037536680698394775, 0.9578797221183777, -0.2847924530506134, 0.0817902609705925, 0.28689196705818176, 0.95447838306427),
            ["LeftLowerArm"] = CFrame.new(2.682209014892578e-07, 0, -8.754432201385498e-08, 1, -3.4924596548080444e-09, 6.047775258366528e-08, 3.702007589367895e-08, 0.8715590834617615, -0.4902908205986023, 6.356277282293377e-08, 0.4902905821800232, 0.8715589046478271),
            ["RightUpperArm"] = CFrame.new(-5.960464477539063e-08, -3.5762786865234375e-07, -6.146728992462158e-08, 0.741542637348175, -0.5316287279129028, 0.4092501401901245, 0.4921034574508667, 0.8456143140792847, 0.20681053400039673, -0.4560140371322632, 0.04803452268242836, 0.8886752724647522),
            ["Head"] = CFrame.new(-2.2351741790771484e-08, -1.1920928955078125e-07, 2.782326191663742e-08, 0.9937485456466675, 0.09958156943321228, -0.05047119781374931, -0.10987235605716705, 0.9525183439254761, -0.2839665114879608, 0.01979682222008705, 0.2877367436885834, 0.9575048685073853),
            ["RightHand"] = CFrame.new(2.682209014892578e-07, -5.960464477539063e-08, 1.7881393432617188e-07, 0.8997856378555298, 0.22500626742839813, 0.3738422393798828, -0.2926136553287506, 0.9467290043830872, 0.1344674974679947, -0.3236713409423828, -0.2303832769393921, 0.917693018913269),
            ["UpperTorso"] = CFrame.new(-7.450580596923828e-09, -8.940696716308594e-08, -3.585591912269592e-08, 0.9985713362693787, 0.04500780254602432, 0.028803931549191475, -0.05140183866024017, 0.9563621878623962, 0.28762710094451904, -0.014601499773561954, -0.2886967062950134, 0.9573093056678772),
            ["HumanoidRootPart"] = CFrame.new(0, 0, 0, 1, 0, 0, 0, 1, 0, 0, 0, 1),
            ["RightUpperLeg"] = CFrame.new(5.960464477539063e-08, -6.668269634246826e-07, -1.845910446718335e-08, 0.9871631860733032, -0.13532257080078125, -0.08483325690031052, 0.013314254581928253, 0.5990297198295593, -0.8006162047386169, 0.15915906429290771, 0.7892093062400818, 0.5931416153907776),
            ["LeftUpperArm"] = CFrame.new(0, 0, 1.341104507446289e-07, 0.7637224793434143, 0.5267572402954102, -0.3731691241264343, -0.32605430483818054, 0.813676118850708, 0.48126864433288574, 0.5571504831314087, -0.24588224291801453, 0.793174147605896),
            ["RightLowerArm"] = CFrame.new(1.1920928955078125e-07, 1.1920928955078125e-07, -1.341104507446289e-07, 1, -8.940696716308594e-08, 6.332992796842518e-08, 0, 0.8554272055625916, -0.5179232358932495, 2.9802318834981634e-08, 0.5179230570793152, 0.855427086353302),
            ["LeftHand"] = CFrame.new(1.0943040251731873e-07, 0, -1.4901161193847656e-08, 0.9050253033638, -0.17700868844985962, 0.3867782950401306, 0.16753745079040527, 0.9841364622116089, 0.05836653709411621, -0.3909737169742584, 0.0119765754789114, 0.92032390832901),
            ["LeftFoot"] = CFrame.new(-3.259629011154175e-08, 0, 5.6461431086063385e-09, 0.9887299537658691, 0.06759706884622574, -0.13358032703399658, -0.05406546965241432, 0.9932676553726196, 0.10245152562856674, 0.13960669934749603, -0.09407473355531693, 0.9857282638549805),
            ["LowerTorso"] = CFrame.new(0.16926871240139008, -0.0007526874542236328, 0.44890791177749634, 0.989098310470581, -0.14303016662597656, 0.03503084555268288, 0.13745231926441193, 0.9820897579193115, 0.12886665761470795, -0.05283520743250847, -0.12264670431613922, 0.9910430312156677),
