return {
    ["Bling Bang Born"] = {
        {Time = 0.000, Data = {
            ["RightFoot"] = CFrame.new(-1.4901161193847656e-08, 2.980232238769531e-07, 3.149762051180005e-08, 0.8670348525047302, 0.09751354902982712, -0.48861250281333923, -0.21559233963489532, 0.9575276970863342, -0.19146952033042908, 0.4491887092590332, 0.2713521420955658, 0.8512328267097473),
            ["LeftLowerArm"] = CFrame.new(8.940696716308594e-08, 0, 2.9802322387695312e-08, 1, -5.364418029785156e-07, 2.980230462412692e-08, 3.559977130862535e-07, -0.351921021938324, -0.9360296726226807, -4.470344094897882e-08, 0.9360296726226807, -0.35192131996154785),
            ["RightUpperArm"] = CFrame.new(0, -0.06523776054382324, 1.4901161193847656e-08, 0.8890384435653687, -0.42724859714508057, 0.1645277738571167, 0.45670533180236816, 0.8528093695640564, -0.25325191020965576, -0.0321093313395977, 0.3002913296222687, 0.9533069133758545),
            ["Head"] = CFrame.new(1.862645149230957e-08, 1.1920928955078125e-07, 1.1082738637924194e-07, 0.9875343441963196, 0.13645616173744202, -0.07845879346132278, -0.15498529374599457, 0.9300030469894409, -0.3332774341106415, 0.02748922072350979, 0.3412829041481018, 0.9395586848258972),
            ["LowerTorso"] = CFrame.new(-0.03975960984826088, -0.31810688972473145, 0.28250518441200256, 0.9915266036987305, 0.00697524007409811, 0.12971632182598114, -0.002104825573042035, 0.9992889761924744, -0.03764520213007927, -0.12988676130771637, 0.03705306723713875, 0.9908362627029419),
            ["UpperTorso"] = CFrame.new(-9.313225746154785e-09, 2.682209014892578e-07, -5.4016709327697754e-08, 0.9934390783309937, -0.07446559518575668, -0.08679691702127457, 0.09858269989490509, 0.9423080682754517, 0.31990185379981995, 0.057967815548181534, -0.32635945081710815, 0.9434666037559509),
            ["HumanoidRootPart"] = CFrame.new(0, 0, 0, 1, 0, 0, 0, 1, 0, 0, 0, 1),
            ["RightUpperLeg"] = CFrame.new(-0.000025510787963867188, -0.00012566708028316498, -0.004997545853257179, 0.7079461216926575, 0.4765560030937195, 0.5212545990943909, 0.07269442081451416, 0.6849551796913147, -0.7249500751495361, -0.7025154829025269, 0.5511178970336914, 0.4502679705619812),
            ["LeftUpperArm"] = CFrame.new(-1.1920928955078125e-07, -0.06523776054382324, 7.799826562404633e-08, 0.7773658633232117, 0.014995669014751911, -0.6288695335388184, -0.5725440979003906, 0.4309747517108917, -0.69746333360672, 0.2605680227279663, 0.9022393822669983, 0.3436102569103241),
            ["RightLowerArm"] = CFrame.new(3.5762786865234375e-07, -1.7881393432617188e-07, -5.960464477539063e-08, 1, -2.2351738948600541e-07, 1.8998976258899347e-07, -1.1548398504146462e-07, 0.32815709710121155, -0.9446231722831726, -5.5879347371501353e-08, 0.9446231722831726, 0.3281570374965668),
            ["LeftHand"] = CFrame.new(-2.384185791015625e-07, -3.5762786865234375e-07, -1.043081283569336e-07, 0.253036230802536, 0.5364436507225037, -0.8051092028617859, -0.5454888343811035, 0.7664043307304382, 0.3392138183116913, 0.7990085482597351, 0.35334512591362, 0.48655223846435547),
            ["LeftFoot"] = CFrame.new(5.122274160385132e-08, 1.1920928955078125e-07, 0, 0.9915251731872559, 0.04439399763941765, -0.12209432572126389, -0.10616081953048706, 0.8185844421386719, -0.564490556716919, 0.07488475739955902, 0.5726681351661682, 0.81635981798172),
            ["RightHand"] = CFrame.new(1.6391277313232422e-07, -1.1920928955078125e-07, 1.043081283569336e-07, -0.00044241559226065874, -0.6011459827423096, 0.7991392612457275, 0.6050745248794556, -0.6364107728004456, -0.4783998727798462, 0.7961687445640564, 0.4833269417285919, 0.36401933431625366),
            ["RightLowerLeg"] = CFrame.new(2.3981556296348572e-08, 5.960464477539063e-08, 1.0414078133180737e-07, 1, -1.4901152667334827e-07, 1.6577533301642688e-07, 5.066394237474015e-07, 0.4372439384460449, 0.899342954158783, -5.960463766996327e-08, -0.8993430137634277, 0.43724408745765686),
            ["LeftUpperLeg"] = CFrame.new(0.000025510787963867188, 0.00012569036334753036, 0.004997462034225464, 0.7491260170936584, 0.34711953997612, 0.5641970634460449, 0.02233741246163845, 0.8379895687103271, -0.5452286601066589, -0.6620507836341858, 0.4210481345653534, 0.6200060844421387),
            ["LeftLowerLeg"] = CFrame.new(1.8440186977386475e-07, 0, -2.60770320892334e-08, 1, 1.3411047916633834e-07, 2.980232594040899e-08, -5.960465898624534e-08, 0.34969452023506165, 0.936863899230957, 8.56816981809061e-08, -0.9368638396263123, 0.3496943712234497),
        }},
        {Time = 0.033, Data = {
            ["RightFoot"] = CFrame.new(3.725290298461914e-08, 4.172325134277344e-07, 1.287116901949048e-08, 0.8706876039505005, 0.10770531743764877, -0.47989940643310547, -0.21054258942604065, 0.9634280204772949, -0.16576530039310455, 0.4444940686225891, 0.24536922574043274, 0.8615210652351379),
            ["LeftLowerArm"] = CFrame.new(8.940696716308594e-08, -1.7881393432617188e-07, -5.960464477539063e-08, 1, -2.0861628513557662e-07, 1.8998973416728404e-07, -4.470347647611561e-08, -0.2066190093755722, -0.9784214496612549, 5.960463766996327e-08, 0.9784215092658997, -0.20661911368370056),
            ["RightUpperArm"] = CFrame.new(1.1920928955078125e-07, -0.06523752212524414, -2.2351741790771484e-08, 0.8705466389656067, -0.4308687746524811, 0.2376997172832489, 0.4883764386177063, 0.8157010078430176, -0.31003251671791077, -0.060308799147605896, 0.3859845697879791, 0.9205318093299866),
            ["Head"] = CFrame.new(-2.561137080192566e-09, 2.384185791015625e-07, 4.353933036327362e-08, 0.9936615228652954, 0.11055393517017365, -0.020365450531244278, -0.11065488308668137, 0.9300006628036499, -0.35050591826438904, -0.019809890538454056, 0.35053765773773193, 0.9363391995429993),
            ["LowerTorso"] = CFrame.new(-0.04302962124347687, -0.3035898208618164, 0.2964477837085724, 0.9985336065292358, -0.005859429482370615, 0.05381779372692108, 0.007364538498222828, 0.9995861053466797, -0.027809349820017815, -0.053632672876119614, 0.028164811432361603, 0.9981634616851807),
            ["UpperTorso"] = CFrame.new(9.313225746154785e-10, 0, -6.938353180885315e-08, 0.9959068894386292, -0.0647532194852829, -0.06306064128875732, 0.08161476999521255, 0.9440515041351318, 0.3195403516292572, 0.038841307163238525, -0.3233788311481476, 0.945472002029419),
            ["HumanoidRootPart"] = CFrame.new(0, 0, 0, 1, 0, 0, 0, 1, 0, 0, 0, 1),
            ["RightUpperLeg"] = CFrame.new(-0.000025540590286254883, -0.00012558489106595516, -0.004997540265321732, 0.6801944375038147, 0.490273118019104, 0.5449474453926086, 0.09042616188526154, 0.681617259979248, -0.7261000275611877, -0.727432906627655, 0.5431668758392334, 0.4192984402179718),
            ["LeftUpperArm"] = CFrame.new(-2.384185791015625e-07, -0.06523764133453369, -7.450580596923828e-08, 0.7884151935577393, 0.09644977748394012, -0.6075352430343628, -0.5775025486946106, 0.45622965693473816, -0.6770122647285461, 0.21187803149223328, 0.8846197128295898, 0.4153977334499359),
            ["RightLowerArm"] = CFrame.new(-5.960464477539063e-08, 1.1920928955078125e-07, 1.3224780559539795e-07, 1, -5.215407838932151e-08, -2.793966302760964e-07, 4.4703526214107114e-07, -0.1184588372707367, -0.9929589629173279, 1.4412231053029245e-07, 0.9929589629173279, -0.11845895648002625),
            ["LeftHand"] = CFrame.new(0, -1.1920928955078125e-07, 3.129243850708008e-07, 0.12889769673347473, 0.4574390649795532, -0.8798495531082153, -0.729492723941803, 0.644749641418457, 0.22833828628063202, 0.6717333793640137, 0.6124112606048584, 0.4168051481246948),
            ["LeftFoot"] = CFrame.new(-2.7939677238464355e-09, 5.960464477539063e-08, 5.21540641784668e-08, 0.9927511811256409, 0.04068147391080856, -0.11309383809566498, -0.10008352994918823, 0.8008207678794861, -0.5904823541641235, 0.06654620170593262, 0.5975208878517151, 0.7990873456001282),
            ["RightHand"] = CFrame.new(-1.043081283569336e-07, 0, 0, 0.0941975936293602, -0.7639307379722595, 0.6383862495422363, 0.9835431575775146, -0.02789400704205036, -0.17850762605667114, 0.1541745364665985, 0.6446951627731323, 0.7487310171127319),
            ["RightLowerLeg"] = CFrame.new(9.499490261077881e-08, 5.960464477539063e-08, -5.604670150205493e-08, 1, -7.45057615603173e-09, 2.9429779146994406e-07, 5.215405280978302e-07, 0.48336896300315857, 0.8754167556762695, 5.215404996761208e-08, -0.8754167556762695, 0.4833690822124481),
            ["LeftUpperLeg"] = CFrame.new(0.000025451183319091797, 0.0001255024690181017, 0.004997486248612404, 0.7422388792037964, 0.3545541763305664, 0.5686589479446411, 0.018469352275133133, 0.8374272584915161, -0.5462366342544556, -0.6698809266090393, 0.41594094038009644, 0.6150224208831787),
            ["LeftLowerLeg"] = CFrame.new(-9.96515154838562e-08, -2.980232238769531e-07, -8.195638656616211e-08, 1, 8.568166975919667e-08, 4.842877388000488e-08, -3.725289943190546e-08, 0.3578464090824127, 0.9337804913520813, 1.6205011377223855e-07, -0.9337805509567261, 0.3578464090824127),
        }},
        {Time = 0.067, Data = {
            ["RightFoot"] = CFrame.new(5.587935447692871e-08, 5.364418029785156e-07, 3.5222910810261965e-08, 0.893990695476532, 0.09053029119968414, -0.4388457238674164, -0.182777538895607, 0.967870831489563, -0.17267969250679016, 0.4091126024723053, 0.2345857173204422, 0.8818142414093018),
            ["LeftLowerArm"] = CFrame.new(5.960464477539063e-08, 1.1920928955078125e-07, -5.960464477539063e-08, 1, -1.4901159417490817e-08, -8.568168397005138e-08, 3.948805726849969e-07, -0.09295585006475449, -0.9956703186035156, 3.1292424296225363e-07, 0.9956702589988708, -0.09295578300952911),
            ["RightUpperArm"] = CFrame.new(1.1920928955078125e-07, -0.06523823738098145, -5.960464477539063e-08, 0.848395586013794, -0.4264795482158661, 0.31359192728996277, 0.5221906304359436, 0.7714323997497559, -0.36360594630241394, -0.08684442192316055, 0.47223639488220215, 0.8771834373474121),
            ["Head"] = CFrame.new(2.421438694000244e-08, -3.5762786865234375e-07, 4.190951585769653e-08, 0.9968694448471069, 0.06448777765035629, 0.0457453727722168, -0.043241117149591446, 0.9290558695793152, -0.3674035370349884, -0.06619303673505783, 0.36427533626556396, 0.9289360046386719),
            ["LowerTorso"] = CFrame.new(-0.04650082439184189, -0.2829616069793701, 0.310358464717865, 0.9996362328529358, -0.008443239144980907, -0.025615230202674866, 0.00817621685564518, 0.9999113082885742, -0.010515505447983742, 0.025701630860567093, 0.010302132926881313, 0.9996166229248047),
            ["UpperTorso"] = CFrame.new(-6.51925802230835e-09, -5.364418029785156e-07, -2.5262124836444855e-08, 0.9981355667114258, -0.046643275767564774, -0.03936757892370224, 0.05667421966791153, 0.9477016925811768, 0.31408557295799255, 0.022658826783299446, -0.31573113799095154, 0.9485781788825989),
            ["HumanoidRootPart"] = CFrame.new(0, 0, 0, 1, 0, 0, 0, 1, 0, 0, 0, 1),
            ["RightUpperLeg"] = CFrame.new(-0.000025451183319091797, -0.0001257895492017269, -0.0049974434077739716, 0.712907075881958, 0.4646642804145813, 0.5252153277397156, 0.09915710985660553, 0.6746408343315125, -0.7314555644989014, -0.6942129135131836, 0.5735388994216919, 0.434881329536438),
            ["LeftUpperArm"] = CFrame.new(5.960464477539063e-08, -0.06523787975311279, 2.2351741790771484e-08, 0.8024156093597412, 0.1783328801393509, -0.5694965124130249, -0.5736496448516846, 0.4935331642627716, -0.6537213325500488, 0.16448497772216797, 0.8512476086616516, 0.4983194172382355),
            ["RightLowerArm"] = CFrame.new(0, 1.1920928955078125e-07, -2.6542693376541138e-08, 1, 0, 1.1920931797249068e-07, 5.960465188081798e-08, -0.16217350959777832, -0.986762285232544, 1.7508865823856468e-07, 0.986762285232544, -0.16217376291751862),
            ["LeftHand"] = CFrame.new(-1.7881393432617188e-07, 1.7881393432617188e-07, -1.4901161193847656e-07, -0.010226384736597538, 0.3860331177711487, -0.92242830991745, -0.8624387383460999, 0.4634459912776947, 0.20351208746433258, 0.5060582756996155, 0.7976192235946655, 0.32819053530693054),
            ["LeftFoot"] = CFrame.new(4.7497451305389404e-08, -5.960464477539063e-08, 2.9802322387695312e-08, 0.995457649230957, 0.04452982172369957, -0.08415065705776215, -0.08664316684007645, 0.7900638580322266, -0.6068708300590515, 0.03946038708090782, 0.6114051342010498, 0.790333092212677),
            ["RightHand"] = CFrame.new(-2.2351741790771484e-07, 1.1920928955078125e-07, 8.940696716308594e-08, 0.22502334415912628, -0.7919187545776367, 0.5676523447036743, 0.9734267592430115, 0.20811934769153595, -0.09553402662277222, -0.04248395189642906, 0.5740653276443481, 0.8177066445350647),
            ["RightLowerLeg"] = CFrame.new(8.940696716308594e-08, 2.384185791015625e-07, -1.5476689441129565e-07, 1, 7.823103942428133e-08, 1.8253918199206964e-07, 4.768370445162873e-07, 0.5199863314628601, 0.8541743755340576, -6.705521116145974e-08, -0.8541746139526367, 0.519986629486084),
            ["LeftUpperLeg"] = CFrame.new(0.000025480985641479492, 0.00012541655451059341, 0.004997490905225277, 0.7890323996543884, 0.315026193857193, 0.5274343490600586, 0.03279885649681091, 0.8356959819793701, -0.5482116341590881, -0.613475501537323, 0.4498564898967743, 0.6490585207939148),
            ["LeftLowerLeg"] = CFrame.new(1.4901161193847656e-08, -2.384185791015625e-07, -6.332993507385254e-08, 1, 6.705524668859653e-08, 1.1734668703411444e-07, -2.6077035641947077e-08, 0.38259798288345337, 0.9239150285720825, 5.960465188081798e-08, -0.9239150285720825, 0.38259801268577576),
        }},
        {Time = 0.100, Data = {
            ["RightFoot"] = CFrame.new(-2.0489096641540527e-08, 1.7881393432617188e-07, 2.032174961641431e-08, 0.9346663355827332, 0.05590546876192093, -0.35110414028167725, -0.12015826255083084, 0.9791202545166016, -0.16396775841712952, 0.3346058428287506, 0.1954433023929596, 0.9218679070472717),
            ["LeftLowerArm"] = CFrame.new(0, 1.7881393432617188e-07, -2.980232238769531e-07, 1, -4.470349495022674e-07, 6.183981895446777e-07, -2.3096805534805753e-07, -0.03830745816230774, -0.9992660880088806, -1.9371513815258368e-07, 0.9992660284042358, -0.038307271897792816),
            ["RightUpperArm"] = CFrame.new(0, -0.06523740291595459, 8.009374141693115e-08, 0.8206751346588135, -0.41292399168014526, 0.3949516713619232, 0.5606942176818848, 0.7151051163673401, -0.41742807626724243, -0.1100662499666214, 0.5640199184417725, 0.8183929920196533),
            ["Head"] = CFrame.new(1.862645149230957e-09, -1.1920928955078125e-07, -1.327134668827057e-07, 0.9945217370986938, 0.004532552324235439, 0.10443183034658432, 0.035569798201322556, 0.9247646331787109, -0.378873735666275, -0.09829211235046387, 0.3805128037929535, 0.9195372462272644),
            ["LowerTorso"] = CFrame.new(-0.04930202290415764, -0.26581788063049316, 0.32372021675109863, 0.9955161213874817, 0.0013013739371672273, -0.09458374232053757, -0.000057655226555652916, 0.9999135732650757, 0.013149780221283436, 0.09459256380796432, -0.013085464015603065, 0.9954301118850708),
            ["UpperTorso"] = CFrame.new(-2.86672729998827e-09, 1.1920928955078125e-07, -4.6566128730773926e-08, 0.9994279146194458, -0.029157981276512146, -0.017139945179224014, 0.03300334885716438, 0.9515789747238159, 0.3056276738643646, 0.007398643065243959, -0.3060183823108673, 0.9519968032836914),
            ["HumanoidRootPart"] = CFrame.new(0, 0, 0, 1, 0, 0, 0, 1, 0, 0, 0, 1),
            ["RightUpperLeg"] = CFrame.new(-0.000025480985641479492, -0.00012544298078864813, -0.004997473210096359, 0.8172195553779602, 0.3800666928291321, 0.4332456588745117, 0.08355534076690674, 0.6656602621078491, -0.7415624260902405, -0.5702374577522278, 0.6422194242477417, 0.5122337341308594),
            ["LeftUpperArm"] = CFrame.new(-1.1920928955078125e-07, -0.06523764133453369, -7.450580596923828e-09, 0.82527095079422, 0.23405778408050537, -0.5139504671096802, -0.550885021686554, 0.5339768528938293, -0.6414002180099487, 0.124313123524189, 0.8124566078186035, 0.5696145296096802),
            ["RightLowerArm"] = CFrame.new(5.960464477539063e-08, -1.7881393432617188e-07, -1.4901161193847656e-08, 1, 0, -4.544851321952592e-07, 7.264319492605864e-07, -0.22954963147640228, -0.9732969999313354, 2.533198539822479e-07, 0.9732970595359802, -0.22954948246479034),
            ["LeftHand"] = CFrame.new(-1.1920928955078125e-07, -5.960464477539063e-08, -2.5331974029541016e-07, -0.15032924711704254, 0.33420562744140625, -0.9304341673851013, -0.9266613125801086, 0.28034070134162903, 0.2504158914089203, 0.34452885389328003, 0.8998420834541321, 0.26755258440971375),
            ["LeftFoot"] = CFrame.new(1.7695128917694092e-08, -5.960464477539063e-08, 0, 0.9977931380271912, 0.054116178303956985, -0.038475751876831055, -0.06639866530895233, 0.8159072995185852, -0.5743572115898132, 0.00031037419103085995, 0.5756446123123169, 0.8177001476287842),
            ["RightHand"] = CFrame.new(2.2351741790771484e-07, 2.384185791015625e-07, -1.4901161193847656e-07, 0.32363665103912354, -0.7743287086486816, 0.5437597632408142, 0.9350349307060242, 0.34968817234039307, -0.05855204164981842, -0.144807368516922, 0.5273835062980652, 0.8371959328651428),
            ["RightLowerLeg"] = CFrame.new(-7.450580596923828e-09, 1.1920928955078125e-07, 1.6596459317952394e-08, 1, 1.1175862901779965e-08, 1.9185233668395085e-07, 3.911553392299538e-07, 0.5573310852050781, 0.8302902579307556, -1.4901155864777138e-08, -0.8302903771400452, 0.5573312640190125),
            ["LeftUpperLeg"] = CFrame.new(0.000025510787963867188, 0.0001258893753401935, 0.004997445270419121, 0.8761683106422424, 0.22782030701637268, 0.4247674345970154, 0.05891631916165352, 0.824022650718689, -0.5634849667549133, -0.4783909320831299, 0.5187336206436157, 0.708560049533844),
            ["LeftLowerLeg"] = CFrame.new(-1.1548399925231934e-07, 5.960464477539063e-08, 8.195638656616211e-08, 1, 1.0803340444454079e-07, 1.192093321833454e-07, -5.587935447692871e-08, 0.4211467206478119, 0.9069923758506775, 2.0489096641540527e-08, -0.906992495059967, 0.4211469292640686),
        }},
        {Time = 0.133, Data = {
            ["RightFoot"] = CFrame.new(-2.7474015951156616e-08, 5.364418029785156e-07, 2.032174961641431e-08, 0.9739628434181213, -0.007424671668559313, -0.22658684849739075, -0.03429427370429039, 0.9831372499465942, -0.1796250343322754, 0.22409877181053162, 0.18271882832050323, 0.9572843313217163),
            ["LeftLowerArm"] = CFrame.new(-1.7881393432617188e-07, 4.76837158203125e-07, -1.7881393432617188e-07, 1, -4.917384330838104e-07, -2.9802308176840597e-07, 4.023313522338867e-07, -0.014020618051290512, -0.9999017715454102, -2.384185791015625e-07, 0.9999017715454102, -0.014020920731127262),
            ["RightUpperArm"] = CFrame.new(0, -0.06523847579956055, -8.568167686462402e-08, 0.7948511242866516, -0.38866886496543884, 0.4659915566444397, 0.5937818288803101, 0.6564340591430664, -0.4653143584728241, -0.12503938376903534, 0.6465530395507812, 0.7525519132614136),
            ["Head"] = CFrame.new(-1.1175870895385742e-08, -1.1920928955078125e-07, 1.862645149230957e-09, 0.9889225363731384, -0.0520564466714859, 0.13900506496429443, 0.1022210493683815, 0.9178686738014221, -0.38349437713623047, -0.10762516409158707, 0.3934556543827057, 0.9130222797393799),
            ["LowerTorso"] = CFrame.new(-0.052436184138059616, -0.2600393295288086, 0.3355407118797302, 0.9889072775840759, 0.018986646085977554, -0.1473160684108734, -0.01335079874843359, 0.9991441369056702, 0.03915109857916832, 0.1479332000017166, -0.036750126630067825, 0.9883143305778503),
            ["UpperTorso"] = CFrame.new(-5.587935447692871e-09, -2.9802322387695312e-08, -7.916241884231567e-09, 0.9998127818107605, -0.01606006920337677, 0.010791925713419914, 0.012132295407354832, 0.9548231959342957, 0.2969268560409546, -0.015072857029736042, -0.29674020409584045, 0.954839289188385),
            ["HumanoidRootPart"] = CFrame.new(0, 0, 0, 1, 0, 0, 0, 1, 0, 0, 0, 1),
            ["RightUpperLeg"] = CFrame.new(-0.0000254213809967041, -0.00012560933828353882, -0.0049974191933870316, 0.9355678558349609, 0.24861635267734528, 0.2508046627044678, 0.034513846039772034, 0.6424268484115601, -0.7655692100524902, -0.35145634412765503, 0.7248984575271606, 0.5924533009529114),
            ["LeftUpperArm"] = CFrame.new(-1.1920928955078125e-07, -0.065238356590271, -9.685754776000977e-08, 0.8431607484817505, 0.26230159401893616, -0.46933719515800476, -0.5294233560562134, 0.5572640299797058, -0.639662504196167, 0.09375985711812973, 0.7878164052963257, 0.6087319254875183),
            ["RightLowerArm"] = CFrame.new(0, -2.980232238769531e-07, 1.1920928955078125e-07, 1, -1.1920931797249068e-07, 1.7881390590446244e-07, 7.450582373280668e-09, -0.34158211946487427, -0.9398519992828369, 1.4156105976326216e-07, 0.9398519992828369, -0.3415820300579071),
            ["LeftHand"] = CFrame.new(-1.7881393432617188e-07, -1.1920928955078125e-07, 5.960464477539063e-08, -0.29049673676490784, 0.28354114294052124, -0.9139016270637512, -0.9363349080085754, 0.11260204017162323, 0.3325624167919159, 0.19720184803009033, 0.952326238155365, 0.2327791303396225),
            ["LeftFoot"] = CFrame.new(-1.1175870895385742e-08, -5.960464477539063e-08, 2.9802322387695312e-08, 0.9980417490005493, 0.060482993721961975, 0.015951834619045258, -0.0425867885351181, 0.8438225388526917, -0.534929633140564, -0.04581495001912117, 0.533203125, 0.8447459936141968),
            ["RightHand"] = CFrame.new(0, -3.5762786865234375e-07, 5.960464477539063e-08, 0.3907698392868042, -0.7334002256393433, 0.5562582612037659, 0.8969848155975342, 0.4390847384929657, -0.05121708661317825, -0.20668186247348785, 0.5189689993858337, 0.8294297456741333),
            ["RightLowerLeg"] = CFrame.new(5.681067705154419e-08, 1.1920928955078125e-07, 9.145878721028566e-09, 1, 1.285224726643719e-07, 2.4773177642600785e-07, 5.30853753843985e-07, 0.5598668456077576, 0.8285825252532959, -1.1874359984176408e-07, -0.8285826444625854, 0.5598669052124023),
            ["LeftUpperLeg"] = CFrame.new(0.0000254213809967041, 0.0001258011907339096, 0.004997506737709045, 0.9570385217666626, 0.10737454891204834, 0.2693478763103485, 0.07946884632110596, 0.7962126731872559, -0.5997747778892517, -0.27885836362838745, 0.59541255235672, 0.7534733414649963),
            ["LeftLowerLeg"] = CFrame.new(3.91155481338501e-08, 1.7881393432617188e-07, -7.450580596923828e-09, 1, 1.1548395661975519e-07, 1.3038520485508798e-08, -3.725290298461914e-08, 0.4461444616317749, 0.8949608206748962, 5.587935447692871e-08, -0.8949610590934753, 0.4461446702480316),
        }},
        {Time = 0.167, Data = {
            ["RightFoot"] = CFrame.new(-2.561137080192566e-08, 3.5762786865234375e-07, -1.1343217920511961e-08, 0.9924339056015015, -0.07169567048549652, -0.09967479109764099, 0.05081424117088318, 0.9788551926612854, -0.19814229011535645, 0.11177244782447815, 0.19157861173152924, 0.9750921726226807),
            ["LeftLowerArm"] = CFrame.new(5.960464477539063e-08, -2.384185791015625e-07, 1.7881393432617188e-07, 1, -2.2351750317284313e-07, -8.940698847936801e-08, 3.5762775496550603e-07, -0.0020742870401591063, -0.9999979138374329, -1.3411040811206476e-07, 0.9999979138374329, -0.0020748083479702473),
            ["RightUpperArm"] = CFrame.new(1.1920928955078125e-07, -0.06523787975311279, -7.450580596923828e-08, 0.771648645401001, -0.3558887839317322, 0.5271636247634888, 0.6222360134124756, 0.5941752195358276, -0.5096844434738159, -0.13183647394180298, 0.7213176488876343, 0.6799414753913879),
            ["Head"] = CFrame.new(7.450580596923828e-09, 0, -2.7939677238464355e-08, 0.9823794364929199, -0.1092563197016716, 0.1516367346048355, 0.16066889464855194, 0.9081661105155945, -0.3865484297275543, -0.09547851979732513, 0.40410059690475464, 0.9097179770469666),
            ["LowerTorso"] = CFrame.new(-0.05539049580693245, -0.2712738513946533, 0.3446439504623413, 0.9817433953285217, 0.042032428085803986, -0.18550804257392883, -0.03076820820569992, 0.9975272417068481, 0.0631881058216095, 0.18770526349544525, -0.05632683262228966, 0.9806090593338013),
            ["UpperTorso"] = CFrame.new(1.4901161193847656e-08, 2.980232238769531e-07, -2.561137080192566e-08, 0.998910129070282, -0.008480141870677471, 0.045899875462055206, -0.005152799189090729, 0.9573141932487488, 0.2890038788318634, -0.0463913194835186, -0.2889251410961151, 0.9562270045280457),
            ["HumanoidRootPart"] = CFrame.new(0, 0, 0, 1, 0, 0, 0, 1, 0, 0, 0, 1),
            ["RightUpperLeg"] = CFrame.new(-0.000025480985641479492, -0.00012562423944473267, -0.004997501149773598, 0.992929220199585, 0.10737408697605133, 0.050621550530195236, -0.02520488016307354, 0.6074042320251465, -0.7939932942390442, -0.11600188165903091, 0.7871028780937195, 0.6058151721954346),
            ["LeftUpperArm"] = CFrame.new(0, -0.06523764133453369, 5.21540641784668e-08, 0.8525800108909607, 0.275077223777771, -0.4443419277667999, -0.5179022550582886, 0.5584491491317749, -0.6480059623718262, 0.06989041715860367, 0.7826027274131775, 0.6185858845710754),
            ["RightLowerArm"] = CFrame.new(1.1920928955078125e-07, 1.1920928955078125e-07, -2.9802322387695312e-08, 1, 1.7881399116959074e-07, 1.49011640360186e-07, -1.4901161193847656e-08, -0.4779547154903412, -0.8783847093582153, 3.725290298461914e-07, 0.878384530544281, -0.4779543876647949),
            ["LeftHand"] = CFrame.new(5.960464477539063e-08, -1.7881393432617188e-07, 2.5331974029541016e-07, -0.40916553139686584, 0.22573411464691162, -0.8840966820716858, -0.90992271900177, -0.02873333916068077, 0.41378211975097656, 0.06800149381160736, 0.9737651348114014, 0.2171575278043747),
            ["LeftFoot"] = CFrame.new(1.1175870895385742e-08, -1.7881393432617188e-07, -7.078051567077637e-08, 0.995902955532074, 0.05660150572657585, 0.07052305340766907, -0.014754076488316059, 0.8711374998092651, -0.4908175766468048, -0.08921626210212708, 0.4877662658691406, 0.8684035539627075),
            ["RightHand"] = CFrame.new(-1.043081283569336e-07, 0, -1.1920928955078125e-07, 0.4487818777561188, -0.6854327321052551, 0.573390543460846, 0.8542352914810181, 0.5174769163131714, -0.05000041425228119, -0.26244428753852844, 0.5122497081756592, 0.8177549839019775),
            ["RightLowerLeg"] = CFrame.new(7.916241884231567e-08, -1.1920928955078125e-07, -1.39865733217448e-07, 1, 5.4947992822462766e-08, 1.8812707480719837e-07, 4.3399626292739413e-07, 0.5293473601341248, 0.8484049439430237, -5.5879347371501353e-08, -0.8484051823616028, 0.529347836971283),
            ["LeftUpperLeg"] = CFrame.new(0.000025570392608642578, 0.00012586545199155807, 0.004997462034225464, 0.9928049445152283, -0.011561548337340355, 0.11918404698371887, 0.08647451549768448, 0.7577130198478699, -0.6468332409858704, -0.08282885700464249, 0.6524854898452759, 0.7532609105110168),
            ["LeftLowerLeg"] = CFrame.new(-5.587935447692871e-09, 1.1920928955078125e-07, -6.332993507385254e-08, 1, 7.433117588107052e-08, 5.587936158235607e-08, -6.332992796842518e-08, 0.45052701234817505, 0.8927627801895142, 5.4016702222270396e-08, -0.8927627801895142, 0.4505271911621094),
        }},
        {Time = 0.200, Data = {
            ["RightFoot"] = CFrame.new(3.259629011154175e-08, 4.76837158203125e-07, 1.6596459317952394e-08, 0.9933192133903503, -0.11531896889209747, -0.004304591100662947, 0.11210258305072784, 0.9731239080429077, -0.20115435123443604, 0.02738509699702263, 0.19932760298252106, 0.9795501232147217),
            ["LeftLowerArm"] = CFrame.new(2.980232238769531e-07, 5.960464477539063e-08, -1.7881393432617188e-07, 1, -4.470347292340193e-08, 8.940692453052179e-08, 4.470347292340193e-08, 0.0021584774367511272, -0.9999976754188538, 7.450579175838357e-08, 0.9999976754188538, 0.0021585365757346153),
            ["RightUpperArm"] = CFrame.new(0, -0.06523799896240234, -1.1734664440155029e-07, 0.7437662482261658, -0.324368417263031, 0.5844628214836121, 0.6561891436576843, 0.5209391117095947, -0.5459286570549011, -0.12738777697086334, 0.7895616292953491, 0.600304126739502),
            ["Head"] = CFrame.new(2.60770320892334e-08, 1.1920928955078125e-07, -1.7136335372924805e-07, 0.9743639230728149, -0.1634482592344284, 0.154595285654068, 0.21173836290836334, 0.8984740376472473, -0.38459235429763794, -0.0760389044880867, 0.4074666500091553, 0.9100489020347595),
            ["LowerTorso"] = CFrame.new(-0.05902814865112305, -0.29952001571655273, 0.3520393967628479, 0.9746775031089783, 0.06625064462423325, -0.2135757952928543, -0.04952399060130119, 0.9953396320343018, 0.08274275064468384, 0.218062162399292, -0.07007044553756714, 0.9734161496162415),
            ["UpperTorso"] = CFrame.new(7.450580596923828e-09, 1.4901161193847656e-07, -4.0512531995773315e-08, 0.9966049194335938, -0.005882711615413427, 0.08212356269359589, -0.017548304051160812, 0.959349513053894, 0.28167495131492615, -0.08044213801622391, -0.282159686088562, 0.9559890627861023),
            ["HumanoidRootPart"] = CFrame.new(0, 0, 0, 1, 0, 0, 0, 1, 0, 0, 0, 1),
            ["RightUpperLeg"] = CFrame.new(-0.000025540590286254883, -0.0001256931573152542, -0.004997456446290016, 0.996904730796814, 0.003707714146003127, -0.07853145152330399, -0.06710854172706604, 0.5604985356330872, -0.8254320025444031, 0.040956415235996246, 0.8281471729278564, 0.5590124726295471),
            ["LeftUpperArm"] = CFrame.new(0, -0.06523799896240234, -1.341104507446289e-07, 0.8518308401107788, 0.29087498784065247, -0.43563270568847656, -0.5218563675880432, 0.5431405305862427, -0.657772421836853, 0.04528050124645233, 0.7876484394073486, 0.6144589185714722),
            ["RightLowerArm"] = CFrame.new(-1.4901161193847656e-07, 1.7881393432617188e-07, -8.940696716308594e-08, 1, 2.2351747119842003e-08, -1.862645504502325e-08, 2.5331974029541016e-07, -0.5977933406829834, -0.80165034532547, 3.129243850708008e-07, 0.8016502857208252, -0.5977931618690491),
            ["LeftHand"] = CFrame.new(1.4901161193847656e-07, -5.960464477539063e-08, -1.4901161193847656e-07, -0.49780958890914917, 0.16943132877349854, -0.8505753874778748, -0.8665563464164734, -0.13740280270576477, 0.47979268431663513, -0.03557967394590378, 0.975916862487793, 0.21522240340709686),
            ["LeftFoot"] = CFrame.new(-1.955777406692505e-08, -1.7881393432617188e-07, 0, 0.991609513759613, 0.045833539217710495, 0.12087110430002213, 0.01383628323674202, 0.8920311331748962, -0.45176202058792114, -0.1285267472267151, 0.44964393973350525, 0.8839126229286194),
            ["RightHand"] = CFrame.new(-3.427267074584961e-07, -2.384185791015625e-07, 1.2526288628578186e-07, 0.4968035817146301, -0.6407778263092041, 0.5853118300437927, 0.810509443283081, 0.5836759209632874, -0.04896078631281853, -0.3102591037750244, 0.4987247586250305, 0.8093286752700806),
            ["RightLowerLeg"] = CFrame.new(-9.685754776000977e-08, 1.7881393432617188e-07, -9.516224963590503e-08, 1, -9.685751223287298e-08, 2.514571804113075e-07, 4.917380920232972e-07, 0.4774811863899231, 0.8786420226097107, -1.3411039390121005e-07, -0.8786420226097107, 0.4774811267852783),
            ["LeftUpperLeg"] = CFrame.new(0.000025510787963867188, 0.0001256316900253296, 0.004997484385967255, 0.9946189522743225, -0.10148400813341141, 0.020841477438807487, 0.08744536340236664, 0.7144708037376404, -0.6941790580749512, 0.05555766820907593, 0.6922661662101746, 0.7195006012916565),
            ["LeftLowerLeg"] = CFrame.new(0, 1.1920928955078125e-07, 6.705522537231445e-08, 1, 7.450580596923828e-08, 1.229346224818073e-07, -8.56816981809061e-08, 0.4297892451286316, 0.9029291868209839, -2.6077039194660756e-08, -0.9029292464256287, 0.429789274930954),
        }},
        {Time = 0.233, Data = {
            ["RightFoot"] = CFrame.new(-9.313225746154785e-09, 3.5762786865234375e-07, -9.480572771281004e-09, 0.9901083707809448, -0.1331525444984436, 0.04422609135508537, 0.13925467431545258, 0.9710983633995056, -0.19384586811065674, -0.017137426882982254, 0.1980872005224228, 0.9800347089767456),
            ["LeftLowerArm"] = CFrame.new(-1.7881393432617188e-07, 0, 2.384185791015625e-07, 1, -2.2351741790771484e-07, 0, 1.7881389169360773e-07, 0.008570075035095215, -0.9999633431434631, -7.450579175838357e-08, 0.9999633431434631, 0.00856969878077507),
            ["RightUpperArm"] = CFrame.new(1.1920928955078125e-07, -0.06523823738098145, -2.0489096641540527e-08, 0.7139245867729187, -0.29136398434638977, 0.6367249488830566, 0.6908576488494873, 0.44131389260292053, -0.5726765394210815, -0.11413795500993729, 0.8487339019775391, 0.5163553953170776),
            ["Head"] = CFrame.new(2.7939677238464355e-08, -1.1920928955078125e-07, -4.842877388000488e-08, 0.9693194627761841, -0.19444537162780762, 0.15036869049072266, 0.23814931511878967, 0.8943875432014465, -0.3786236345767975, -0.060866277664899826, 0.4028174579143524, 0.9132542610168457),
            ["LowerTorso"] = CFrame.new(-0.06108386814594269, -0.3375132083892822, 0.3583691418170929, 0.9683127403259277, 0.0865272805094719, -0.2342722862958908, -0.06537876278162003, 0.9931742548942566, 0.09659464657306671, 0.2410312294960022, -0.07821746170520782, 0.9673603177070618),
            ["UpperTorso"] = CFrame.new(-1.30385160446167e-08, -2.9802322387695312e-08, 4.889443516731262e-08, 0.9938445091247559, -0.006516844034194946, 0.11059223115444183, -0.024310611188411713, 0.9611074924468994, 0.27510252594947815, -0.10808377712965012, -0.27609753608703613, 0.955033004283905),
            ["HumanoidRootPart"] = CFrame.new(0, 0, 0, 1, 0, 0, 0, 1, 0, 0, 0, 1),
            ["RightUpperLeg"] = CFrame.new(-0.000025480985641479492, -0.00012561306357383728, -0.004997463896870613, 0.9949806928634644, -0.02009293995797634, -0.09802894294261932, -0.07479650527238846, 0.5014430284500122, -0.8619515895843506, 0.06647513806819916, 0.864957332611084, 0.49742311239242554),
            ["LeftUpperArm"] = CFrame.new(1.1920928955078125e-07, -0.06523787975311279, -2.9802322387695312e-08, 0.8439733982086182, 0.31468072533607483, -0.434378981590271, -0.5360204577445984, 0.5246513485908508, -0.6613796949386597, 0.019773952662944794, 0.791022777557373, 0.6114669442176819),
            ["RightLowerArm"] = CFrame.new(-3.5762786865234375e-07, -5.960464477539062e-07, 8.940696716308594e-08, 1, 1.713634105726669e-07, 2.3096791323951038e-07, -1.9371509552001953e-07, -0.664832353591919, -0.7469927668571472, 5.066394805908203e-07, 0.7469926476478577, -0.6648321747779846),
            ["LeftHand"] = CFrame.new(-2.682209014892578e-07, -1.1920928955078125e-07, -2.9802322387695312e-08, -0.5456773638725281, 0.14707051217556, -0.8249889016151428, -0.8324389457702637, -0.20831525325775146, 0.5134686827659607, -0.09634213149547577, 0.9669411182403564, 0.23610031604766846),
            ["LeftFoot"] = CFrame.new(-7.450580596923828e-09, 0, 4.470348358154297e-08, 0.9858434796333313, 0.03916776552796364, 0.16302910447120667, 0.0392003171145916, 0.8915430903434753, -0.4512365758419037, -0.16302141547203064, 0.45123928785324097, 0.8773865699768066),
            ["RightHand"] = CFrame.new(-2.086162567138672e-07, 1.7881393432617188e-07, -1.4901161193847656e-08, 0.5396128296852112, -0.6167289018630981, 0.5731174349784851, 0.7769792079925537, 0.6269498467445374, -0.05689943581819534, -0.3242243230342865, 0.4760037064552307, 0.8174955248832703),
            ["RightLowerLeg"] = CFrame.new(-2.60770320892334e-08, -1.7881393432617188e-07, 8.365168469026685e-08, 1, -1.1175863079415649e-07, 2.123414475363461e-07, 4.097820749393577e-07, 0.4168139398097992, 0.908991813659668, -7.450583261459087e-09, -0.9089918732643127, 0.41681405901908875),
            ["LeftUpperLeg"] = CFrame.new(0.000025600194931030273, 0.0001256987452507019, 0.004997417330741882, 0.9920637607574463, -0.12478655576705933, 0.01542249321937561, 0.09670019894838333, 0.6788149476051331, -0.7279145121574402, 0.08036494255065918, 0.7236286997795105, 0.6854945421218872),
            ["LeftLowerLeg"] = CFrame.new(-3.725290298461914e-09, 0, -5.21540641784668e-08, 1, 8.56816981809061e-08, 8.940696716308594e-08, -6.33299421792799e-08, 0.3805869519710541, 0.9247452020645142, 8.195639367158947e-08, -0.9247452020645142, 0.38058680295944214),
        }},
        {Time = 0.267, Data = {
            ["RightFoot"] = CFrame.new(1.7695128917694092e-08, 6.556510925292969e-07, 9.145878721028566e-09, 0.9838427901268005, -0.15509726107120514, 0.08943243324756622, 0.17047511041164398, 0.9641599655151367, -0.20330803096294403, -0.05469550937414169, 0.2152688354253769, 0.9750219583511353),
            ["LeftLowerArm"] = CFrame.new(2.086162567138672e-07, -4.76837158203125e-07, 5.960464477539063e-08, 1, -3.27825517842939e-07, -3.4272667903678666e-07, 3.1292427138396306e-07, 0.0009674279717728496, -0.9999995231628418, -2.2351733264258655e-07, 0.9999995827674866, 0.0009672938613221049),
            ["RightUpperArm"] = CFrame.new(-5.960464477539063e-08, -0.06523799896240234, -1.2200325727462769e-07, 0.6998192071914673, -0.2572696805000305, 0.6663823127746582, 0.7061924338340759, 0.3895075023174286, -0.5912497639656067, -0.10745001584291458, 0.8843621015548706, 0.45426681637763977),
            ["Head"] = CFrame.new(0, -1.1920928955078125e-07, -1.30385160446167e-07, 0.9679298996925354, -0.20634892582893372, 0.14328961074352264, 0.24595366418361664, 0.894555926322937, -0.37319740653038025, -0.051171645522117615, 0.39647164940834045, 0.9166197776794434),
            ["LowerTorso"] = CFrame.new(-0.059607911854982376, -0.3705582618713379, 0.36452704668045044, 0.9653208255767822, 0.10030510276556015, -0.24102845788002014, -0.07592426240444183, 0.9912021160125732, 0.10841557383537292, 0.24978236854076385, -0.08635593950748444, 0.964443564414978),
            ["UpperTorso"] = CFrame.new(1.4901161193847656e-08, 5.960464477539063e-08, -2.468004822731018e-08, 0.992161214351654, -0.00862353015691042, 0.124667227268219, -0.025548528879880905, 0.9625473618507385, 0.2699073553085327, -0.12232557684183121, -0.27097657322883606, 0.9547816514968872),
            ["HumanoidRootPart"] = CFrame.new(0, 0, 0, 1, 0, 0, 0, 1, 0, 0, 0, 1),
            ["RightUpperLeg"] = CFrame.new(-0.000025480985641479492, -0.0001253671944141388, -0.004997501149773598, 0.9907544851303101, -0.048590466380119324, -0.1266665756702423, -0.09158742427825928, 0.4492400288581848, -0.8887041807174683, 0.10008672624826431, 0.8920888304710388, 0.44063645601272583),
            ["LeftUpperArm"] = CFrame.new(0, -0.06523799896240234, -1.7881393432617188e-07, 0.8382564187049866, 0.3377718925476074, -0.42806094884872437, -0.5452596545219421, 0.5253665447235107, -0.6532087326049805, 0.004253332037478685, 0.7809610962867737, 0.6245655417442322),
            ["RightLowerArm"] = CFrame.new(5.960464477539063e-08, 0, -8.940696716308594e-08, 1, 2.2538009147865523e-07, 2.458691312767769e-07, -1.4901162614933128e-07, -0.6805700063705444, -0.7326826453208923, 3.129244134925102e-07, 0.732683002948761, -0.6805705428123474),
            ["LeftHand"] = CFrame.new(2.9802322387695312e-08, -1.1920928955078125e-07, 2.086162567138672e-07, -0.5515348315238953, 0.1810447871685028, -0.8142676949501038, -0.8303976655006409, -0.21167494356632233, 0.5153964757919312, -0.07905067503452301, 0.9604252576828003, 0.26708537340164185),
            ["LeftFoot"] = CFrame.new(-2.3283064365386963e-08, -5.960464477539063e-08, -2.2351741790771484e-08, 0.979527473449707, 0.033681806176900864, 0.19847242534160614, 0.06361793726682663, 0.8835880756378174, -0.46392321586608887, -0.1909942626953125, 0.4670521914958954, 0.8633562326431274),
            ["RightHand"] = CFrame.new(-1.7881393432617188e-07, 0, -1.043081283569336e-07, 0.5767315626144409, -0.6095101237297058, 0.5439468622207642, 0.7535825371742249, 0.6540161967277527, -0.06615589559078217, -0.31542709469795227, 0.448062926530838, 0.8365077376365662),
