return {
    ["Bloomin' Bouquet"] = {
        {Time = 0.000, Data = {
            ["LeftLowerArm"] = CFrame.new(2.384185791015625e-07, -5.960464477539063e-08, -2.9802322387695312e-08, 1, -0.0000022994354367256165, 7.045460392873792e-07, 0.0000023748725652694702, 0.991218090057373, -0.13223698735237122, -4.614703357219696e-07, 0.13223718106746674, 0.9912182092666626),
            ["LeftFoot"] = CFrame.new(0, 2.384185791015625e-07, 8.288770914077759e-08, 0.9561440944671631, -0.2885494530200958, 0.05027830973267555, 0.28621846437454224, 0.9569213390350342, 0.04879068210721016, -0.062190618366003036, -0.03226034715771675, 0.9975428581237793),
            ["RightHand"] = CFrame.new(-0.07670734822750092, -0.02662128210067749, -0.04739996790885925, 0.9956660866737366, -0.06010361760854721, -0.07096978276968002, 0.04859460890293121, 0.9868723750114441, -0.15401744842529297, 0.07929516583681107, 0.1499013453722, 0.9855161309242249),
            ["HumanoidRootPart"] = CFrame.new(0, 0, 0, 1, 0, 0, 0, 1, 0, 0, 0, 1),
            ["RightLowerLeg"] = CFrame.new(-5.960464477539063e-08, 1.7881393432617188e-07, 1.4901161193847656e-08, 1, -0.0000025257488687202567, -5.811448886561266e-07, 0.0000023655597942706663, 0.8033890724182129, 0.5954545140266418, -0.00000102072976915224, -0.5954544544219971, 0.8033890128135681),
            ["RightFoot"] = CFrame.new(2.2351741790771484e-08, 1.7881393432617188e-07, 5.960464477539063e-08, 0.9625754356384277, 0.2669207751750946, -0.0469251312315464, -0.2653612792491913, 0.8930824995040894, -0.3633004426956177, -0.05506405234336853, 0.3621562719345093, 0.9304895401000977),
            ["LeftLowerLeg"] = CFrame.new(4.470348358154297e-08, 1.1920928955078125e-07, -4.470348358154297e-08, 1, 0.0000010635707212713896, 3.1478694495490345e-07, -0.0000011324881370455842, 0.9198716282844543, 0.3922196924686432, 1.1920927533992653e-07, -0.3922196924686432, 0.9198715686798096),
            ["RightUpperArm"] = CFrame.new(1.1920928955078125e-07, 3.5762786865234375e-07, -1.1920928955078125e-07, 0.9948067665100098, 0.04446382075548172, -0.09156095236539841, -0.0381891205906868, 0.9968733191490173, 0.06918101012706757, 0.09434595704078674, -0.06531993299722672, 0.9933935403823853),
            ["Head"] = CFrame.new(2.9802322387695312e-08, 3.5762786865234375e-07, 1.7229467630386353e-08, 0.9376965761184692, -0.025091717019677162, 0.3465481400489807, 0.03876804560422897, 0.9987167119979858, -0.03258742019534111, -0.34528568387031555, 0.04399225488305092, 0.937466025352478),
            ["UpperTorso"] = CFrame.new(-3.8562575355172157e-10, -1.4901161193847656e-07, 9.313225746154785e-09, 0.9965834617614746, 0.009539848193526268, -0.08203884214162827, 0.007348679006099701, 0.979124903678894, 0.20312653481960297, 0.08226411789655685, -0.20303554832935333, 0.9757096767425537),
            ["TopHat"] = CFrame.new(-9.02927303314209, 380.9534606933594, 15.680654525756836, -0.16649466753005981, 0.153537780046463, -0.9740152955055237, 0.9856826066970825, -0.0007642509881407022, -0.16860957443714142, -0.026632385328412056, -0.9881425499916077, -0.1512121558189392),
            ["RightLowerArm"] = CFrame.new(-1.7881393432617188e-07, -2.384185791015625e-07, -5.960464477539063e-08, 1, 0.00019128803978674114, -0.000009529994713375345, -0.00019125829567201436, 0.9947382807731628, -0.10244831442832947, -0.000010117423698829953, 0.10244835913181305, 0.9947383999824524),
            ["LeftHand"] = CFrame.new(2.0489096641540527e-07, -2.980232238769531e-07, 2.9802322387695312e-08, 0.9896978139877319, 0.032332539558410645, 0.1394735425710678, -0.024020226672291756, 0.9978563189506531, -0.06087519973516464, -0.14114266633987427, 0.0568978451192379, 0.9883529543876648),
            ["Bouquet"] = CFrame.new(-3.665410041809082, 0.48783862590789795, -1.7572901248931885, 1, 0.0000020698641947092256, 6.094341387097302e-08, -0.000002067070226985379, 1, 1.444714001763714e-07, -5.296896432582798e-08, -4.889443072642052e-09, 1),
            ["LowerTorso"] = CFrame.new(-0.05721741542220116, -0.15375304222106934, 0.16261596977710724, 0.9633258581161499, -0.011721206828951836, -0.2680782079696655, -0.000028561662475112826, 0.9990411400794983, -0.043783705681562424, 0.2683343291282654, 0.042185693979263306, 0.962401807308197),
            ["LeftUpperArm"] = CFrame.new(-1.1920928955078125e-07, 5.960464477539062e-07, -8.940696716308594e-08, 0.9169783592224121, 0.10924551635980606, -0.38370412588119507, -0.08222950249910355, 0.9928808808326721, 0.08617822825908661, 0.39037054777145386, -0.0474674329161644, 0.9194262027740479),
            ["RightUpperLeg"] = CFrame.new(5.960464477539063e-08, 2.2444874048233032e-07, -2.2351741790771484e-08, 0.9146360754966736, -0.3310738801956177, -0.23201407492160797, 0.28568002581596375, 0.9353631138801575, -0.20852521061897278, 0.2860558032989502, 0.12444302439689636, 0.9500982761383057),
            ["LeftUpperLeg"] = CFrame.new(5.960464477539063e-08, 6.2515027821064e-08, 1.862645149230957e-09, 0.9550015330314636, 0.2816000282764435, -0.09313178807497025, -0.29570135474205017, 0.8795114159584045, -0.37285315990448, -0.023084888234734535, 0.3836156725883484, 0.923204779624939),
        }},
        {Time = 0.033, Data = {
            ["LeftLowerArm"] = CFrame.new(2.384185791015625e-07, -5.960464477539063e-08, -2.9802322387695312e-08, 1, -0.0000022994354367256165, 7.045460392873792e-07, 0.0000023748725652694702, 0.991218090057373, -0.13223698735237122, -4.614703357219696e-07, 0.13223718106746674, 0.9912182092666626),
            ["LeftFoot"] = CFrame.new(0, 2.384185791015625e-07, 8.288770914077759e-08, 0.9561440944671631, -0.2885494530200958, 0.05027830973267555, 0.28621846437454224, 0.9569213390350342, 0.04879068210721016, -0.062190618366003036, -0.03226034715771675, 0.9975428581237793),
            ["RightHand"] = CFrame.new(-0.07670734822750092, -0.02662128210067749, -0.04739996790885925, 0.9956660866737366, -0.06010361760854721, -0.07096978276968002, 0.04859460890293121, 0.9868723750114441, -0.15401744842529297, 0.07929516583681107, 0.1499013453722, 0.9855161309242249),
            ["HumanoidRootPart"] = CFrame.new(0, 0, 0, 1, 0, 0, 0, 1, 0, 0, 0, 1),
            ["RightLowerLeg"] = CFrame.new(-5.960464477539063e-08, 1.7881393432617188e-07, 1.4901161193847656e-08, 1, -0.0000025257488687202567, -5.811448886561266e-07, 0.0000023655597942706663, 0.8033890724182129, 0.5954545140266418, -0.00000102072976915224, -0.5954544544219971, 0.8033890128135681),
            ["RightFoot"] = CFrame.new(2.2351741790771484e-08, 1.7881393432617188e-07, 5.960464477539063e-08, 0.9625754356384277, 0.2669207751750946, -0.0469251312315464, -0.2653612792491913, 0.8930824995040894, -0.3633004426956177, -0.05506405234336853, 0.3621562719345093, 0.9304895401000977),
            ["LeftLowerLeg"] = CFrame.new(4.470348358154297e-08, 1.1920928955078125e-07, -4.470348358154297e-08, 1, 0.0000010635707212713896, 3.1478694495490345e-07, -0.0000011324881370455842, 0.9198716282844543, 0.3922196924686432, 1.1920927533992653e-07, -0.3922196924686432, 0.9198715686798096),
            ["RightUpperArm"] = CFrame.new(1.1920928955078125e-07, 3.5762786865234375e-07, -1.1920928955078125e-07, 0.9948067665100098, 0.04446382075548172, -0.09156095236539841, -0.0381891205906868, 0.9968733191490173, 0.06918101012706757, 0.09434595704078674, -0.06531993299722672, 0.9933935403823853),
            ["Head"] = CFrame.new(2.9802322387695312e-08, 3.5762786865234375e-07, 1.7229467630386353e-08, 0.9376965761184692, -0.025091717019677162, 0.3465481400489807, 0.03876804560422897, 0.9987167119979858, -0.03258742019534111, -0.34528568387031555, 0.04399225488305092, 0.937466025352478),
            ["UpperTorso"] = CFrame.new(-3.8562575355172157e-10, -1.4901161193847656e-07, 9.313225746154785e-09, 0.9965834617614746, 0.009539848193526268, -0.08203884214162827, 0.007348679006099701, 0.979124903678894, 0.20312653481960297, 0.08226411789655685, -0.20303554832935333, 0.9757096767425537),
            ["TopHat"] = CFrame.new(-0.04130629077553749, 3.616791248321533, 1.60784912109375, -0.16649487614631653, 0.15353770554065704, -0.9740152359008789, 0.9856825470924377, -0.0007646052399650216, -0.168609619140625, -0.026632558554410934, -0.9881424903869629, -0.15121226012706757),
            ["RightLowerArm"] = CFrame.new(-1.7881393432617188e-07, -2.384185791015625e-07, -5.960464477539063e-08, 1, 0.00019128803978674114, -0.000009529994713375345, -0.00019125829567201436, 0.9947382807731628, -0.10244831442832947, -0.000010117423698829953, 0.10244835913181305, 0.9947383999824524),
            ["LeftHand"] = CFrame.new(2.0489096641540527e-07, -2.980232238769531e-07, 2.9802322387695312e-08, 0.9896978139877319, 0.032332539558410645, 0.1394735425710678, -0.024020226672291756, 0.9978563189506531, -0.06087519973516464, -0.14114266633987427, 0.0568978451192379, 0.9883529543876648),
            ["Bouquet"] = CFrame.new(-3.665410041809082, 0.48783862590789795, -1.7572901248931885, 1, 0.0000020698641947092256, 6.094341387097302e-08, -0.000002067070226985379, 1, 1.444714001763714e-07, -5.296896432582798e-08, -4.889443072642052e-09, 1),
            ["LowerTorso"] = CFrame.new(-0.05721741542220116, -0.15375304222106934, 0.16261596977710724, 0.9633258581161499, -0.011721206828951836, -0.2680782079696655, -0.000028561662475112826, 0.9990411400794983, -0.043783705681562424, 0.2683343291282654, 0.042185693979263306, 0.962401807308197),
            ["LeftUpperArm"] = CFrame.new(-1.1920928955078125e-07, 5.960464477539062e-07, -8.940696716308594e-08, 0.9169783592224121, 0.10924551635980606, -0.38370412588119507, -0.08222950249910355, 0.9928808808326721, 0.08617822825908661, 0.39037054777145386, -0.0474674329161644, 0.9194262027740479),
            ["RightUpperLeg"] = CFrame.new(5.960464477539063e-08, 2.2444874048233032e-07, -2.2351741790771484e-08, 0.9146360754966736, -0.3310738801956177, -0.23201407492160797, 0.28568002581596375, 0.9353631138801575, -0.20852521061897278, 0.2860558032989502, 0.12444302439689636, 0.9500982761383057),
            ["LeftUpperLeg"] = CFrame.new(5.960464477539063e-08, 6.2515027821064e-08, 1.862645149230957e-09, 0.9550015330314636, 0.2816000282764435, -0.09313178807497025, -0.29570135474205017, 0.8795114159584045, -0.37285315990448, -0.023084888234734535, 0.3836156725883484, 0.923204779624939),
        }},
        {Time = 0.067, Data = {
            ["LeftLowerArm"] = CFrame.new(1.7881393432617188e-07, -5.364418029785156e-07, 2.682209014892578e-07, 1, -0.000002278946340084076, 6.823107128184347e-07, 0.0000023720783701719483, 0.9912132620811462, -0.1322733461856842, -4.854518351748993e-07, 0.13227353990077972, 0.991213321685791),
            ["LeftFoot"] = CFrame.new(9.685754776000977e-08, 5.960464477539063e-08, 7.264316082000732e-08, 0.9561817049980164, -0.28842511773109436, 0.05027398467063904, 0.28587472438812256, 0.9568396806716919, 0.052282676100730896, -0.06318357586860657, -0.03561972454190254, 0.9973660707473755),
            ["RightHand"] = CFrame.new(-0.07670752704143524, -0.026621580123901367, -0.04739998281002045, 0.9956645369529724, -0.0600806325674057, -0.07101043313741684, 0.048569656908512115, 0.9868813753128052, -0.1539679318666458, 0.0793294608592987, 0.14985162019729614, 0.9855208992958069),
            ["HumanoidRootPart"] = CFrame.new(0, 0, 0, 1, 0, 0, 0, 1, 0, 0, 0, 1),
            ["RightLowerLeg"] = CFrame.new(-7.450580596923828e-08, -1.1920928955078125e-07, -8.940696716308594e-08, 1, -0.000002541115691201412, -5.438919856715074e-07, 0.0000023506586330768187, 0.8033860921859741, 0.595458447933197, -0.0000010281803497491637, -0.5954585075378418, 0.8033861517906189),
            ["RightFoot"] = CFrame.new(7.450580596923828e-09, 1.1920928955078125e-07, -2.9802322387695312e-08, 0.9628105163574219, 0.266073077917099, -0.04691440612077713, -0.26465287804603577, 0.89385986328125, -0.36190265417099, -0.05435723438858986, 0.36085981130599976, 0.9310346841812134),
            ["LeftLowerLeg"] = CFrame.new(-2.2351741790771484e-08, 1.1920928955078125e-07, 4.470348358154297e-08, 1, 0.0000010374936891821562, 2.8312203426139604e-07, -0.0000011175869758517365, 0.9216960072517395, 0.3879132568836212, 8.940695295223122e-08, -0.3879132568836212, 0.9216959476470947),
            ["RightUpperArm"] = CFrame.new(1.1920928955078125e-07, 2.384185791015625e-07, -8.940696716308594e-08, 0.9951877593994141, 0.04408503323793411, -0.0875132828950882, -0.03815718740224838, 0.9969356656074524, 0.06829388439655304, 0.0902513638138771, -0.06462090462446213, 0.9938195943832397),
            ["Head"] = CFrame.new(1.3969838619232178e-08, -1.1920928955078125e-07, -5.8673322200775146e-08, 0.9370307922363281, -0.025143885985016823, 0.3483405113220215, 0.03921295702457428, 0.998672604560852, -0.03339603915810585, -0.3470384180545807, 0.04495267570018768, 0.9367730021476746),
            ["UpperTorso"] = CFrame.new(6.810296326875687e-09, 0, 2.2351741790771484e-08, 0.9965949654579163, 0.009102077223360538, -0.08194894343614578, 0.007764673326164484, 0.9791111946105957, 0.2031773328781128, 0.08208651840686798, -0.20312193036079407, 0.9757065773010254),
            ["TopHat"] = CFrame.new(-0.10026811063289642, 3.61663818359375, 1.6029337644577026, -0.17931026220321655, 0.15232761204242706, -0.9719281196594238, 0.9834010601043701, -0.00011833551252493635, -0.18144525587558746, -0.02775401622056961, -0.988330066204071, -0.14977805316448212),
            ["RightLowerArm"] = CFrame.new(-1.1920928955078125e-07, 1.1920928955078125e-07, -1.1920928955078125e-07, 1, 0.00019121725927107036, -0.000010758409189293161, -0.00019118565251119435, 0.9933155179023743, -0.11543051898479462, -0.000011355151400493924, 0.11543053388595581, 0.9933156371116638),
            ["LeftHand"] = CFrame.new(2.942979335784912e-07, -6.556510925292969e-07, -4.470348358154297e-08, 0.9896978735923767, 0.032332539558410645, 0.13947346806526184, -0.024020222947001457, 0.9978563785552979, -0.06087518110871315, -0.14114263653755188, 0.056897856295108795, 0.9883529543876648),
            ["Bouquet"] = CFrame.new(-3.6655142307281494, 0.4858427047729492, -1.7584445476531982, 1, 0.0000020771983599843225, 5.133915692567825e-08, -0.000002066953811663552, 1, 1.0256189852952957e-07, -6.554181908313694e-08, -4.470347647611561e-08, 1),
            ["LowerTorso"] = CFrame.new(-0.05722242221236229, -0.1530323028564453, 0.16446800529956818, 0.9627512693405151, -0.011333197355270386, -0.2701510787010193, -0.0003069935191888362, 0.9990747570991516, -0.04300647974014282, 0.27038851380348206, 0.041487548500299454, 0.9618569612503052),
            ["LeftUpperArm"] = CFrame.new(-1.1920928955078125e-07, 5.960464477539062e-07, -8.940696716308594e-08, 0.917492687702179, 0.10944222658872604, -0.38241615891456604, -0.0828692689538002, 0.9929000735282898, 0.08533907681703568, 0.3890243470668793, -0.04660322144627571, 0.9200408458709717),
            ["RightUpperLeg"] = CFrame.new(0, 1.2619420886039734e-07, -2.9802322387695312e-08, 0.9154183864593506, -0.33056187629699707, -0.2296467423439026, 0.2847883403301239, 0.9351202249526978, -0.21082131564617157, 0.28443798422813416, 0.1275891661643982, 0.9501667022705078),
            ["LeftUpperLeg"] = CFrame.new(8.940696716308594e-08, 2.3399479687213898e-08, 9.313225746154785e-09, 0.9550394415855408, 0.28256791830062866, -0.08975031971931458, -0.29532504081726074, 0.8800005912780762, -0.37199652194976807, -0.02613394521176815, 0.3817780017852783, 0.9238850474357605),
        }},
        {Time = 0.100, Data = {
            ["LeftLowerArm"] = CFrame.new(8.940696716308594e-08, 5.960464477539063e-08, 2.086162567138672e-07, 1, -0.000002278015244883136, 6.569320589733252e-07, 0.0000023795291781425476, 0.9912034273147583, -0.1323470026254654, -4.130415618419647e-07, 0.1323471963405609, 0.9912034869194031),
            ["LeftFoot"] = CFrame.new(7.450580596923828e-09, 5.960464477539063e-08, 4.470348358154297e-08, 0.9562087655067444, -0.2883353531360626, 0.050274889916181564, 0.28554004430770874, 0.956722617149353, 0.056113459169864655, -0.06427844613790512, -0.03930071368813515, 0.9971578121185303),
            ["RightHand"] = CFrame.new(-0.07670718431472778, -0.026621580123901367, -0.04739998281002045, 0.9956650137901306, -0.05997816473245621, -0.07109124958515167, 0.04846765846014023, 0.986909031867981, -0.15382243692874908, 0.07938654720783234, 0.14971016347408295, 0.9855378270149231),
            ["HumanoidRootPart"] = CFrame.new(0, 0, 0, 1, 0, 0, 0, 1, 0, 0, 0, 1),
            ["RightLowerLeg"] = CFrame.new(-8.940696716308594e-08, -5.960464477539063e-08, 0, 1, -0.0000025560168523952598, -5.364414050745836e-07, 0.0000023469333427783567, 0.8032041788101196, 0.5957039594650269, -0.0000010356309303460876, -0.5957039594650269, 0.8032041192054749),
            ["RightFoot"] = CFrame.new(-1.4901161193847656e-08, 5.960464477539063e-08, 6.705522537231445e-08, 0.9631345272064209, 0.26490068435668945, -0.046899594366550446, -0.2636711299419403, 0.894934892654419, -0.359957218170166, -0.053380630910396576, 0.35905328392982483, 0.9317892789840698),
            ["LeftLowerLeg"] = CFrame.new(0, -1.7881393432617188e-07, 5.960464477539063e-08, 1, 0.0000010393562206445495, 2.7939665869780583e-07, -0.0000011399386039556703, 0.9237298369407654, 0.3830447793006897, 6.705521116145974e-08, -0.3830448091030121, 0.9237297177314758),
            ["RightUpperArm"] = CFrame.new(-5.960464477539063e-08, 1.1920928955078125e-07, -8.940696716308594e-08, 0.9957924485206604, 0.04308668524026871, -0.08088140934705734, -0.03765338659286499, 0.9970059394836426, 0.06754294782876968, 0.08354523777961731, -0.06420817226171494, 0.9944325685501099),
            ["Head"] = CFrame.new(1.862645149230957e-08, -2.384185791015625e-07, -6.146728992462158e-08, 0.9358208179473877, -0.024882210418581963, 0.35159704089164734, 0.039324697107076645, 0.9986480474472046, -0.033994175493717194, -0.3502758741378784, 0.04563906416296959, 0.9355341196060181),
            ["UpperTorso"] = CFrame.new(3.4924596548080444e-09, -8.940696716308594e-08, 2.9802322387695312e-08, 0.9966185688972473, 0.008154427632689476, -0.08176203072071075, 0.008665519766509533, 0.9790835976600647, 0.20327390730381012, 0.08170948922634125, -0.20329511165618896, 0.975702166557312),
            ["TopHat"] = CFrame.new(-0.11432719230651855, 3.617614269256592, 1.6039046049118042, -0.1838509738445282, 0.1492978036403656, -0.9715498089790344, 0.9825667142868042, 0.00016517080075573176, -0.18591022491455078, -0.02759544365108013, -0.9887923002243042, -0.1467256247997284),
            ["RightLowerArm"] = CFrame.new(-2.086162567138672e-07, -2.384185791015625e-07, -5.960464477539063e-08, 1, 0.00019117628107778728, -0.00001121685272664763, -0.0001911353610921651, 0.9927911162376404, -0.11985698342323303, -0.000011764468581532128, 0.11985704302787781, 0.9927911758422852),
            ["LeftHand"] = CFrame.new(2.7567148208618164e-07, -5.960464477539062e-07, 1.341104507446289e-07, 0.9896978139877319, 0.03233250975608826, 0.1394733488559723, -0.024020208045840263, 0.9978563785552979, -0.06087514013051987, -0.14114253222942352, 0.05689781531691551, 0.9883529543876648),
            ["Bouquet"] = CFrame.new(-3.6650493144989014, 0.4852970838546753, -1.7605119943618774, 1, 0.000002070679101962014, 5.2736133682174113e-08, -0.000002082669652736513, 1, 1.9860451061504136e-07, -5.5646509622420126e-08, -3.4458931708059026e-08, 1),
            ["LowerTorso"] = CFrame.new(-0.057257477194070816, -0.1521601676940918, 0.16691404581069946, 0.9617552757263184, -0.011087391525506973, -0.2736857831478119, -0.0005858910735696554, 0.9990949034690857, -0.04253352805972099, 0.27390968799591064, 0.041067276149988174, 0.9608782529830933),
            ["LeftUpperArm"] = CFrame.new(-1.1920928955078125e-07, 2.384185791015625e-07, -5.960464477539063e-08, 0.9179813861846924, 0.11029557883739471, -0.38099536299705505, -0.08400765806436539, 0.9928324818611145, 0.08501245826482773, 0.38762471079826355, -0.04602911323308945, 0.9206603765487671),
            ["RightUpperLeg"] = CFrame.new(0, 1.0477378964424133e-07, 0, 0.9167320132255554, -0.3296860158443451, -0.22563062608242035, 0.28360065817832947, 0.9348304867744446, -0.21368791162967682, 0.2813774347305298, 0.13190573453903198, 0.9504884481430054),
            ["LeftUpperLeg"] = CFrame.new(8.940696716308594e-08, -5.7392753660678864e-08, 1.30385160446167e-08, 0.9549961090087891, 0.2842414081096649, -0.08478941768407822, -0.29503223299980164, 0.8807299733161926, -0.37049949169158936, -0.030634652823209763, 0.3788423538208008, 0.9249545931816101),
        }},
        {Time = 0.133, Data = {
            ["LeftLowerArm"] = CFrame.new(5.960464477539063e-08, 2.980232238769531e-07, 2.086162567138672e-07, 1, -0.0000022836029529571533, 7.464555551450758e-07, 0.000002343207597732544, 0.9911956787109375, -0.1324048638343811, -4.922039806842804e-07, 0.13240501284599304, 0.991195797920227),
            ["LeftFoot"] = CFrame.new(5.21540641784668e-08, 2.384185791015625e-07, 1.955777406692505e-08, 0.9563485980033875, -0.28787142038345337, 0.05027348920702934, 0.28502440452575684, 0.956829309463501, 0.05691152811050415, -0.06448610872030258, -0.04009810835123062, 0.9971126914024353),
            ["RightHand"] = CFrame.new(-0.07670731842517853, -0.026621460914611816, -0.04739999771118164, 0.9956796169281006, -0.059545211493968964, -0.07124952226877213, 0.04805418476462364, 0.9870055913925171, -0.1533322036266327, 0.07945391535758972, 0.14924606680870056, 0.9856027364730835),
            ["HumanoidRootPart"] = CFrame.new(0, 0, 0, 1, 0, 0, 0, 1, 0, 0, 0, 1),
            ["RightLowerLeg"] = CFrame.new(-1.341104507446289e-07, -1.1920928955078125e-07, -5.960464477539063e-08, 1, -0.0000025210922558471793, -5.289907676342409e-07, 0.000002361834276598529, 0.8023322820663452, 0.5968776345252991, -0.0000010430813972561737, -0.5968776941299438, 0.8023322820663452),
            ["RightFoot"] = CFrame.new(1.4901161193847656e-08, 1.1920928955078125e-07, 7.450580596923828e-09, 0.9634321928024292, 0.2638203501701355, -0.0468766912817955, -0.26275357604026794, 0.8958746194839478, -0.3582865595817566, -0.05252726376056671, 0.35750189423561096, 0.9324340224266052),
            ["LeftLowerLeg"] = CFrame.new(-5.960464477539063e-08, 0, 7.450580596923828e-08, 1, 0.00000104494426977908, 3.1292427138396306e-07, -0.000001110136281567975, 0.9230970740318298, 0.3845672011375427, 8.195636524988004e-08, -0.3845672607421875, 0.9230969548225403),
            ["RightUpperArm"] = CFrame.new(1.1920928955078125e-07, 0, -2.9802322387695312e-08, 0.9967479705810547, 0.040643949061632156, -0.06958472728729248, -0.03608821704983711, 0.9971985220909119, 0.06552346795797348, 0.07204929739236832, -0.06279412657022476, 0.9954219460487366),
            ["Head"] = CFrame.new(1.4901161193847656e-08, -2.384185791015625e-07, 2.2351741790771484e-08, 0.9340729713439941, -0.02445417270064354, 0.3562439978122711, 0.03959520161151886, 0.9985930919647217, -0.03527073562145233, -0.3548801839351654, 0.047051142901182175, 0.9337271451950073),
            ["UpperTorso"] = CFrame.new(3.725290298461914e-09, -1.4901161193847656e-07, 3.5390257835388184e-08, 0.9967138171195984, 0.006765527650713921, -0.08072105050086975, 0.009820370003581047, 0.9790637493133545, 0.20331723988056183, 0.08040658384561539, -0.20344190299510956, 0.9757797718048096),
            ["TopHat"] = CFrame.new(-0.14065054059028625, 3.61767578125, 1.6057405471801758, -0.1914823055267334, 0.14316228032112122, -0.970999002456665, 0.9811260104179382, 0.0007523010135628283, -0.19336815178394318, -0.02695237658917904, -0.9896989464759827, -0.14060451090335846),
            ["RightLowerArm"] = CFrame.new(0, -1.1920928955078125e-07, 1.1920928955078125e-07, 1, 0.00019109435379505157, -0.000011899976925633382, -0.00019104595412500203, 0.9918954372406006, -0.1270570158958435, -0.000012407546819304116, 0.12705712020397186, 0.9918954372406006),
            ["LeftHand"] = CFrame.new(2.905726432800293e-07, -6.556510925292969e-07, -8.940696716308594e-08, 0.9896978735923767, 0.03233245015144348, 0.13947300612926483, -0.024020174518227577, 0.9978563785552979, -0.060875024646520615, -0.14114227890968323, 0.05689771845936775, 0.9883529543876648),
            ["Bouquet"] = CFrame.new(-3.663508176803589, 0.4759252667427063, -1.7673017978668213, 1, 0.000002072890993076726, 5.122274160385132e-08, -0.000002072890993076726, 1, 1.4121178537607193e-07, -5.657783930246296e-08, 1.3853421521048404e-08, 1),
            ["LowerTorso"] = CFrame.new(-0.05736379325389862, -0.15160775184631348, 0.16849841177463531, 0.9600659012794495, -0.01064838096499443, -0.27957120537757874, -0.0009345930302515626, 0.9991478323936462, -0.04126517474651337, 0.2797723710536957, 0.03987862542271614, 0.959237813949585),
            ["LeftUpperArm"] = CFrame.new(-1.1920928955078125e-07, 4.76837158203125e-07, -2.9802322387695312e-08, 0.9191492199897766, 0.11138536781072617, -0.37784963846206665, -0.08614131808280945, 0.9928092956542969, 0.08312691748142242, 0.3843754231929779, -0.04385342821478844, 0.9221277832984924),
            ["RightUpperLeg"] = CFrame.new(0, 8.195638656616211e-08, -1.4901161193847656e-08, 0.9186781048774719, -0.32876166701316833, -0.2189658284187317, 0.2823234498500824, 0.9341920614242554, -0.2181253582239151, 0.27626833319664, 0.1385679841041565, 0.9510391354560852),
            ["LeftUpperLeg"] = CFrame.new(1.1920928955078125e-07, 1.7159618437290192e-07, 0, 0.9549344778060913, 0.2865927219390869, -0.07723202556371689, -0.29427310824394226, 0.8801462054252625, -0.37248533964157104, -0.03877613693475723, 0.37842756509780884, 0.9248188734054565),
        }},
        {Time = 0.167, Data = {
            ["LeftLowerArm"] = CFrame.new(1.7881393432617188e-07, -1.1920928955078125e-07, 2.980232238769531e-07, 1, -0.000002292916633450659, 6.821942974966078e-07, 0.0000023636966943740845, 0.9911836981773376, -0.13249540328979492, -4.377216100692749e-07, 0.13249561190605164, 0.9911836981773376),
            ["LeftFoot"] = CFrame.new(-1.4901161193847656e-08, 5.960464477539063e-08, 7.543712854385376e-08, 0.9567430019378662, -0.28655973076820374, 0.05026434361934662, 0.2839968204498291, 0.9573887586593628, 0.05246582627296448, -0.06315682083368301, -0.03592143952846527, 0.9973570108413696),
            ["RightHand"] = CFrame.new(-0.07670721411705017, -0.02662116289138794, -0.047399938106536865, 0.9957286715507507, -0.058106452226638794, -0.07175017148256302, 0.046687040477991104, 0.9873278141021729, -0.1516713798046112, 0.07965400069952011, 0.14767390489578247, 0.985823392868042),
            ["HumanoidRootPart"] = CFrame.new(0, 0, 0, 1, 0, 0, 0, 1, 0, 0, 0, 1),
            ["RightLowerLeg"] = CFrame.new(-8.940696716308594e-08, -1.1920928955078125e-07, -1.4901161193847656e-08, 1, -0.000002550428916947567, -5.364413482311647e-07, 0.0000023692848571954528, 0.799874484539032, 0.6001672744750977, -9.983779136746307e-07, -0.6001673340797424, 0.7998745441436768),
            ["RightFoot"] = CFrame.new(1.043081283569336e-07, 1.7881393432617188e-07, -3.725290298461914e-08, 0.9636208415031433, 0.2631312906742096, -0.04687114059925079, -0.26217806339263916, 0.8965229988098145, -0.35708436369895935, -0.05193861946463585, 0.3563825488090515, 0.9328954219818115),
            ["LeftLowerLeg"] = CFrame.new(7.450580596923828e-09, 1.1920928955078125e-07, -1.4901161193847656e-08, 1, 0.0000010132794159289915, 3.4552058991721424e-07, -0.0000011101363952548127, 0.9170787930488586, 0.3987060785293579, 1.1920927533992653e-07, -0.3987061083316803, 0.9170787930488586),
            ["RightUpperArm"] = CFrame.new(-5.960464477539063e-08, -2.384185791015625e-07, -8.940696716308594e-08, 0.9978528618812561, 0.03596053272485733, -0.05474302917718887, -0.03264976292848587, 0.9976513385772705, 0.060218531638383865, 0.05677706003189087, -0.05829709768295288, 0.9966830611228943),
            ["Head"] = CFrame.new(4.842877388000488e-08, -4.76837158203125e-07, 5.587935447692871e-09, 0.9315965175628662, -0.023798812180757523, 0.3627144396305084, 0.04038822278380394, 0.9984528422355652, -0.03822151571512222, -0.3612435460090637, 0.05025654658675194, 0.9311162829399109),
            ["UpperTorso"] = CFrame.new(4.190951585769653e-09, -1.4901161193847656e-07, 2.0489096641540527e-08, 0.9970356225967407, 0.004235940519720316, -0.07682503014802933, 0.011478099040687084, 0.9791220426559448, 0.2029491811990738, 0.0760808065533638, -0.20322945713996887, 0.9761708378791809),
            ["TopHat"] = CFrame.new(-0.19166651368141174, 3.615264892578125, 1.6102010011672974, -0.20356568694114685, 0.13556072115898132, -0.9696310758590698, 0.9787222743034363, 0.002115739742293954, -0.20517846941947937, -0.025762632489204407, -0.9907668232917786, -0.133106991648674),
            ["RightLowerArm"] = CFrame.new(-8.940696716308594e-08, -2.980232238769531e-07, -1.1920928955078125e-07, 1, 0.0001909602142404765, -0.000012962617802259047, -0.0001909155835164711, 0.9904108643531799, -0.1381528675556183, -0.000013515589671442285, 0.13815294206142426, 0.9904109835624695),
            ["LeftHand"] = CFrame.new(3.725290298461914e-07, -4.172325134277344e-07, -8.940696716308594e-08, 0.989698052406311, 0.03233232721686363, 0.13947251439094543, -0.024020107463002205, 0.9978563785552979, -0.060874808579683304, -0.14114169776439667, 0.05689752846956253, 0.9883530735969543),
            ["Bouquet"] = CFrame.new(-3.662473678588867, 0.44746559858322144, -1.7728900909423828, 1, 0.000002069398533421918, 5.2619725465774536e-08, -0.0000020707952899101656, 1, 1.2968666851520538e-07, -5.215404996761208e-08, 3.77185607192132e-08, 1),
            ["LowerTorso"] = CFrame.new(-0.057541776448488235, -0.15163862705230713, 0.16842444241046906, 0.956881582736969, -0.009436181746423244, -0.2903253734111786, -0.0016544084064662457, 0.9992789626121521, -0.037931352853775024, 0.29047396779060364, 0.03677617758512497, 0.9561759829521179),
            ["LeftUpperArm"] = CFrame.new(0, -2.384185791015625e-07, -1.1920928955078125e-07, 0.92039954662323, 0.11165017634630203, -0.3747144043445587, -0.0890313908457756, 0.9930324554443359, 0.07720404118299484, 0.38070735335350037, -0.037693459540605545, 0.9239202737808228),
            ["RightUpperLeg"] = CFrame.new(5.960464477539063e-08, -1.1641532182693481e-08, 0, 0.9218377470970154, -0.32786059379577637, -0.20669351518154144, 0.2809285521507263, 0.932633638381958, -0.2264367789030075, 0.2670100927352905, 0.15067213773727417, 0.9518425464630127),
            ["LeftUpperLeg"] = CFrame.new(5.960464477539063e-08, -3.2247044146060944e-08, 1.4901161193847656e-08, 0.954785168170929, 0.29036203026771545, -0.06383750587701797, -0.29217731952667236, 0.8767780065536499, -0.38195788860321045, -0.054934870451688766, 0.3833407759666443, 0.9219723343849182),
        }},
        {Time = 0.200, Data = {
            ["LeftLowerArm"] = CFrame.new(3.5762786865234375e-07, -1.1920928955078125e-07, 1.4901161193847656e-07, 1, -0.0000022817403078079224, 6.650811883446295e-07, 0.000002378597855567932, 0.9910809993743896, -0.13326063752174377, -4.807952791452408e-07, 0.1332608312368393, 0.9910810589790344),
            ["LeftFoot"] = CFrame.new(-1.341104507446289e-07, 1.7881393432617188e-07, 4.1443854570388794e-08, 0.9572774171829224, -0.28477123379707336, 0.0502522811293602, 0.28252485394477844, 0.9580886960029602, 0.047390662133693695, -0.061641283333301544, -0.031168505549430847, 0.9976115822792053),
            ["RightHand"] = CFrame.new(-0.07670733332633972, -0.026621341705322266, -0.047399938106536865, 0.9957876801490784, -0.056346744298934937, -0.07233249396085739, 0.04501801356673241, 0.9877108335494995, -0.1496686190366745, 0.07987692207098007, 0.14578202366828918, 0.9860869646072388),
            ["HumanoidRootPart"] = CFrame.new(0, 0, 0, 1, 0, 0, 0, 1, 0, 0, 0, 1),
            ["RightLowerLeg"] = CFrame.new(-1.4901161193847656e-07, -1.7881393432617188e-07, 1.4901161193847656e-08, 1, -0.0000025155043203994865, -5.215402438807359e-07, 0.000002358108986300067, 0.7973684668540955, 0.603492796421051, -0.0000010356308166592498, -0.603492796421051, 0.7973684668540955),
            ["RightFoot"] = CFrame.new(-8.195638656616211e-08, 1.7881393432617188e-07, -7.450580596923828e-09, 0.9636852145195007, 0.2628965675830841, -0.04686358571052551, -0.26202496886253357, 0.8970555067062378, -0.35585731267929077, -0.051514070481061935, 0.3552139103412628, 0.9333645701408386),
            ["LeftLowerLeg"] = CFrame.new(5.21540641784668e-08, -1.1920928955078125e-07, 1.1920928955078125e-07, 1, 0.0000010244551731375395, 3.1851223525336536e-07, -0.0000011175869758517365, 0.9100454449653625, 0.4145084321498871, 1.341104365337742e-07, -0.4145084619522095, 0.9100454449653625),
            ["RightUpperArm"] = CFrame.new(0, -2.384185791015625e-07, -2.9802322387695312e-08, 0.9990133047103882, 0.0291014164686203, -0.033552542328834534, -0.02732272632420063, 0.9982574582099915, 0.05230632796883583, 0.03501449525356293, -0.051333483308553696, 0.998067319393158),
            ["Head"] = CFrame.new(3.166496753692627e-08, -5.960464477539062e-07, -1.0244548320770264e-08, 0.9286213517189026, -0.022880936041474342, 0.37032294273376465, 0.04143547639250755, 0.9982485771179199, -0.04222520813345909, -0.3687081038951874, 0.05455586686730385, 0.9279429316520691),
            ["UpperTorso"] = CFrame.new(9.313225746154785e-10, -8.940696716308594e-08, 2.9802322387695312e-08, 0.9972590804100037, 0.001309811370447278, -0.07397742569446564, 0.013705966994166374, 0.9792683720588684, 0.20210294425487518, 0.07270845770835876, -0.20256297290325165, 0.9765663743019104),
            ["TopHat"] = CFrame.new(-0.24312087893486023, 3.611328125, 1.6188955307006836, -0.21668581664562225, 0.1224382296204567, -0.9685330390930176, 0.9759695529937744, 0.003756902413442731, -0.2178744375705719, -0.023037346079945564, -0.992469072341919, -0.1203102096915245),
            ["RightLowerArm"] = CFrame.new(-5.960464477539063e-08, -2.980232238769531e-07, -5.960464477539063e-08, 1, 0.00019081956997979432, -0.000013992836102261208, -0.00019077028264291584, 0.9888707399368286, -0.14877717196941376, -0.00001455936762795318, 0.14877720177173615, 0.9888708591461182),
            ["LeftHand"] = CFrame.new(1.341104507446289e-07, -4.76837158203125e-07, -4.470348358154297e-08, 0.989698052406311, 0.03233212232589722, 0.13947172462940216, -0.02401999570429325, 0.9978563785552979, -0.06087446212768555, -0.14114099740982056, 0.056897230446338654, 0.9883531928062439),
            ["Bouquet"] = CFrame.new(-3.665071964263916, 0.3936867415904999, -1.767177939414978, 1, 0.0000020656734704971313, 5.448237061500549e-08, -0.000002069398533421918, 1, 1.6007106751203537e-07, -5.4948024796885875e-08, 1.234002411365509e-08, 1),
            ["LowerTorso"] = CFrame.new(-0.0583992600440979, -0.15185165405273438, 0.16790634393692017, 0.9535198211669922, -0.007534779142588377, -0.3012361526489258, -0.002550459234043956, 0.9994497895240784, -0.03307215869426727, 0.30131956934928894, 0.03230331465601921, 0.9529759287834167),
            ["LeftUpperArm"] = CFrame.new(-1.1920928955078125e-07, 1.1920928955078125e-07, -2.9802322387695312e-08, 0.9242523312568665, 0.1080632284283638, -0.36618518829345703, -0.08954989165067673, 0.9937109351158142, 0.0672295019030571, 0.37113139033317566, -0.029341790825128555, 0.9281103014945984),
            ["RightUpperLeg"] = CFrame.new(-2.9802322387695312e-08, 2.1909363567829132e-07, 3.725290298461914e-09, 0.9247490763664246, -0.3274129331111908, -0.1940094381570816, 0.2798803150653839, 0.9305051565170288, -0.2362775057554245, 0.2578881084918976, 0.16419830918312073, 0.9521204233169556),
            ["LeftUpperLeg"] = CFrame.new(8.940696716308594e-08, 9.743962436914444e-08, 2.2351741790771484e-08, 0.95454341173172, 0.2938578128814697, -0.0499454028904438, -0.2892135679721832, 0.8725321292877197, -0.3937543034553528, -0.07212896645069122, 0.3903016746044159, 0.9178578853607178),
        }},
        {Time = 0.233, Data = {
            ["LeftLowerArm"] = CFrame.new(2.980232238769531e-07, -5.960464477539063e-08, 8.940696716308594e-08, 1, -0.0000022677706965623656, 6.653140189882834e-07, 0.0000023692846298217773, 0.9907776117324829, -0.1354980617761612, -4.6961940824985504e-07, 0.13549821078777313, 0.9907776713371277),
            ["LeftFoot"] = CFrame.new(-3.725290298461914e-08, 1.7881393432617188e-07, 6.984919309616089e-09, 0.9578077793121338, -0.2829846143722534, 0.05023884400725365, 0.28139039874076843, 0.9588977694511414, 0.03653377667069435, -0.0585121288895607, -0.02085566334426403, 0.9980688691139221),
            ["RightHand"] = CFrame.new(-0.0767073854804039, -0.026621222496032715, -0.047399938106536865, 0.9958272576332092, -0.05511769279837608, -0.07273431122303009, 0.043848901987075806, 0.9879658818244934, -0.14832666516304016, 0.08003439754247665, 0.14451855421066284, 0.9862601161003113),
            ["HumanoidRootPart"] = CFrame.new(0, 0, 0, 1, 0, 0, 0, 1, 0, 0, 0, 1),
            ["RightLowerLeg"] = CFrame.new(-1.1920928955078125e-07, 5.960464477539063e-08, 0, 1, -0.0000025033971269294852, -5.736942512157839e-07, 0.000002332032181584509, 0.7920865416526794, 0.6104088425636292, -0.000001102686155718402, -0.6104089021682739, 0.7920864820480347),
            ["RightFoot"] = CFrame.new(9.685754776000977e-08, 2.384185791015625e-07, -3.725290298461914e-08, 0.9632573127746582, 0.264458030462265, -0.04687534272670746, -0.2633523643016815, 0.8957427144050598, -0.3581767678260803, -0.05273406207561493, 0.3573611378669739, 0.9324764013290405),
            ["LeftLowerLeg"] = CFrame.new(-1.9371509552001953e-07, 5.960464477539063e-08, 2.9802322387695312e-08, 1, 0.0000010617081898089964, 3.166495901041344e-07, -0.0000010877846534640412, 0.899838387966156, 0.4362233877182007, 1.4156101713069802e-07, -0.43622344732284546, 0.899838387966156),
            ["RightUpperArm"] = CFrame.new(0, -4.76837158203125e-07, -1.1920928955078125e-07, 0.9998083114624023, 0.019567541778087616, -0.0007096140761859715, -0.01952085644006729, 0.9989374279975891, 0.04175349697470665, 0.0015257876366376877, -0.04172762855887413, 0.9991276860237122),
            ["Head"] = CFrame.new(2.0489096641540527e-08, -7.152557373046875e-07, -3.3527612686157227e-08, 0.9258835315704346, -0.019383005797863007, 0.37731173634529114, 0.04224957898259163, 0.9977309703826904, -0.052421145141124725, -0.37543949484825134, 0.06447727978229523, 0.9246015548706055),
            ["UpperTorso"] = CFrame.new(1.862645149230957e-09, -2.384185791015625e-07, 3.5390257835388184e-08, 0.9971910119056702, -0.0018426591996103525, -0.0748794823884964, 0.01689024642109871, 0.9794807434082031, 0.20082871615886688, 0.07297291606664658, -0.2015293687582016, 0.9767604470252991),
            ["TopHat"] = CFrame.new(-0.3287055194377899, 3.60101318359375, 1.6287928819656372, -0.2387414574623108, 0.0984332263469696, -0.9660815000534058, 0.970910370349884, 0.005422316025942564, -0.2393822818994522, -0.018324825912714005, -0.995128870010376, -0.09686426818370819),
            ["RightLowerArm"] = CFrame.new(-1.1920928955078125e-07, 0, -8.940696716308594e-08, 1, 0.00019059046462643892, -0.000015723580872872844, -0.00019054210861213505, 0.9860941767692566, -0.16618722677230835, -0.000016209671230171807, 0.16618725657463074, 0.9860942959785461),
            ["LeftHand"] = CFrame.new(1.5832483768463135e-07, -5.364418029785156e-07, 0, 0.9896982908248901, 0.03233182057738304, 0.13947047293186188, -0.024019842967391014, 0.9978564977645874, -0.060873936861753464, -0.14113964140415192, 0.05689677968621254, 0.988353431224823),
            ["Bouquet"] = CFrame.new(-3.671444892883301, 0.3069581985473633, -1.7410809993743896, 1, 0.0000020703298559965333, 5.8673322200775146e-08, -0.000002070329628622858, 1, 1.3114186003804207e-07, -5.867330798992043e-08, 2.9162034564933492e-08, 1),
