return {
    ["Bold Stance"] = {
        {Time = 0.000, Data = {
            ["RightFoot"] = CFrame.new(1.043081283569336e-07, 2.980232238769531e-07, -4.813045961782336e-08, 0.8007572889328003, 0.19660082459449768, -0.5653908848762512, -0.5166355967521667, 0.7044877409934998, -0.48682546615600586, 0.3031095564365387, 0.6819422841072083, 0.6658333539962769),
            ["LeftLowerArm"] = CFrame.new(1.7881393432617188e-07, -3.5762786865234375e-07, -2.8312206268310547e-07, 1, -1.4901164746561335e-08, 2.9802322387695312e-08, 1.3783575525394554e-07, 0.7643895745277405, -0.6447551250457764, 2.2351745343485163e-08, 0.6447547674179077, 0.7643892765045166),
            ["RightUpperArm"] = CFrame.new(-1.1920928955078125e-07, -1.1920928955078125e-07, 4.470348358154297e-08, 0.6007734537124634, -0.7469311952590942, -0.28489527106285095, 0.7994192838668823, 0.561558723449707, 0.2134964019060135, 0.0005182922468520701, -0.3560136556625366, 0.9344806671142578),
            ["Head"] = CFrame.new(-2.9802322387695312e-08, 1.1920928955078125e-07, 2.2351741790771484e-07, 0.9376183152198792, -0.19209042191505432, -0.2897814214229584, 0.09787695109844208, 0.9456353783607483, -0.31015148758888245, 0.3336043953895569, 0.2624407410621643, 0.9054461717605591),
            ["RightHand"] = CFrame.new(-5.960464477539063e-08, 0, 2.980232238769531e-07, 0.9317771792411804, 0.3404046297073364, 0.12615837156772614, -0.3592146635055542, 0.8142658472061157, 0.4560002088546753, 0.052498284727334976, -0.4702082574367523, 0.8809926509857178),
            ["UpperTorso"] = CFrame.new(1.210719347000122e-08, 1.1920928955078125e-07, -4.423782229423523e-09, 0.9083259105682373, -0.33060258626937866, 0.25621506571769714, 0.21326345205307007, 0.8930306434631348, 0.39625149965286255, -0.359809547662735, -0.3052840828895569, 0.8816680908203125),
            ["HumanoidRootPart"] = CFrame.new(0, 0, 0, 1, 0, 0, 0, 1, 0, 0, 0, 1),
            ["RightUpperLeg"] = CFrame.new(-8.940696716308594e-08, 1.5087425708770752e-07, 1.4602846931666136e-08, 0.6759979128837585, -0.22989556193351746, 0.7001248598098755, 0.6331642270088196, 0.6672734022140503, -0.3922366499900818, -0.3770011365413666, 0.7084450125694275, 0.5966368913650513),
            ["LeftUpperArm"] = CFrame.new(1.1920928955078125e-07, -1.1920928955078125e-07, 2.086162567138672e-07, 0.3692984879016876, 0.5650672912597656, 0.7377790212631226, -0.47422176599502563, 0.7973405122756958, -0.3733119070529938, -0.7992073893547058, -0.21200749278068542, 0.5624237060546875),
            ["RightLowerArm"] = CFrame.new(1.7881393432617188e-07, 0, -6.109476089477539e-07, 1, -3.725290653733282e-08, 1.0430814256778831e-07, 8.940696716308594e-08, -0.7596040368080139, -0.6503860354423523, 1.2293457984924316e-07, 0.6503859162330627, -0.7596039175987244),
            ["LeftHand"] = CFrame.new(-1.4901161193847656e-07, -5.960464477539063e-08, 5.960464477539063e-08, 0.9205886721611023, -0.16176436841487885, -0.35545623302459717, 0.14644232392311096, 0.9867541193962097, -0.06979178637266159, 0.36203742027282715, 0.012195738963782787, 0.9320836663246155),
            ["LeftFoot"] = CFrame.new(-5.21540641784668e-08, 0, 6.705522537231445e-08, 0.9855754971504211, -0.15374939143657684, 0.07072654366493225, 0.16659115254878998, 0.9549919366836548, -0.2454334944486618, -0.029807765036821365, 0.2536759078502655, 0.9668300747871399),
            ["LowerTorso"] = CFrame.new(-0.30975019931793213, -0.3860628604888916, 0.07235900312662125, 0.9576191902160645, 0.28750157356262207, -0.01755770668387413, -0.27476924657821655, 0.9300960302352905, 0.24376924335956573, 0.08641447126865387, -0.22861380875110626, 0.9696743488311768),
            ["RightLowerLeg"] = CFrame.new(0, -0.000060439109802246094, -0.00007207522139651701, 1, -1.0430811414607888e-07, -1.8766161247185664e-07, 1.1175872316471214e-07, 0.06198675185441971, 0.9980770349502563, -8.940698137394065e-08, -0.9980770349502563, 0.0619872622191906),
            ["LeftUpperLeg"] = CFrame.new(8.940696716308594e-08, 2.337619662284851e-07, 1.0244548320770264e-08, 0.9098452925682068, 0.15477360785007477, 0.3850022554397583, 0.20729628205299377, 0.6342175602912903, -0.7448466420173645, -0.3594578206539154, 0.7575047016143799, 0.5449557304382324),
            ["LeftLowerLeg"] = CFrame.new(1.043081283569336e-07, 0.000060677528381347656, 0.0000721663236618042, 1, 4.8428766774577525e-08, -1.1175870895385742e-08, -8.195639367158947e-08, 0.4705905020236969, 0.8823516368865967, 4.4703490686970326e-08, -0.8823517560958862, 0.470590740442276),
        }},
        {Time = 0.033, Data = {
            ["RightFoot"] = CFrame.new(-2.2351741790771484e-08, 2.980232238769531e-07, 4.639878170564771e-08, 0.8186466097831726, 0.1940893530845642, -0.5401405692100525, -0.5006426572799683, 0.7020991444587708, -0.5065363645553589, 0.28137990832328796, 0.6851176023483276, 0.6720632314682007),
            ["LeftLowerArm"] = CFrame.new(-5.960464477539063e-08, 5.960464477539063e-08, -1.4901161193847656e-08, 1, -1.862645326866641e-08, 9.313225746154785e-09, 3.9115558791991134e-08, 0.7666479349136353, -0.6420680284500122, -7.450582373280668e-09, 0.6420677304267883, 0.7666476964950562),
            ["RightUpperArm"] = CFrame.new(-5.960464477539063e-08, 2.384185791015625e-07, 2.086162567138672e-07, 0.4996248483657837, -0.7876691818237305, -0.36048904061317444, 0.8616544008255005, 0.4946724772453308, 0.11336171627044678, 0.08903264999389648, -0.36725524067878723, 0.9258492588996887),
            ["Head"] = CFrame.new(-1.4901161193847656e-08, -1.1920928955078125e-07, 1.6391277313232422e-07, 0.9641649127006531, -0.1984097957611084, -0.1761239469051361, 0.1257394403219223, 0.9263055920600891, -0.35517266392707825, 0.23361417651176453, 0.32029932737350464, 0.918059229850769),
            ["RightHand"] = CFrame.new(-5.960464477539063e-08, 5.960464477539063e-08, 1.1920928955078125e-07, 0.9105424880981445, 0.41323474049568176, -0.012228554114699364, -0.39283081889152527, 0.8740436434745789, 0.2858879566192627, 0.12882733345031738, -0.2555091679096222, 0.958185076713562),
            ["UpperTorso"] = CFrame.new(-5.2386894822120667e-08, -1.4901161193847656e-07, 8.149072527885437e-09, 0.9440181851387024, -0.2826654613018036, 0.17008823156356812, 0.20080378651618958, 0.9014220833778381, 0.38355717062950134, -0.2617395222187042, -0.3279305696487427, 0.9077190160751343),
            ["HumanoidRootPart"] = CFrame.new(0, 0, 0, 1, 0, 0, 0, 1, 0, 0, 0, 1),
            ["RightUpperLeg"] = CFrame.new(0, -2.7194619178771973e-07, -6.758637027814984e-08, 0.6936894059181213, -0.23214571177959442, 0.6818383932113647, 0.6334795951843262, 0.6471430659294128, -0.4241572916507721, -0.34278059005737305, 0.7261640429496765, 0.5959756970405579),
            ["LeftUpperArm"] = CFrame.new(0, 0, 1.4901161193847656e-07, 0.2772672474384308, 0.5283413529396057, 0.8024827241897583, -0.4400574564933777, 0.8123061656951904, -0.3827638626098633, -0.8540915250778198, -0.24701058864593506, 0.45772629976272583),
            ["RightLowerArm"] = CFrame.new(0, -1.1920928955078125e-07, 1.4901161193847656e-07, 1, 2.2351745343485163e-08, 1.0430814256778831e-07, 4.4703490686970326e-08, -0.8403032422065735, -0.5421167612075806, 2.6449563961250533e-07, 0.5421167612075806, -0.8403031826019287),
            ["LeftHand"] = CFrame.new(-4.470348358154297e-08, 1.1920928955078125e-07, 1.1920928955078125e-07, 0.9203587770462036, -0.1700737029314041, -0.3521575629711151, 0.14815570414066315, 0.9849963784217834, -0.08849789947271347, 0.3619248867034912, 0.029275644570589066, 0.9317473769187927),
            ["LeftFoot"] = CFrame.new(4.470348358154297e-08, -1.7881393432617188e-07, 1.4901161193847656e-08, 0.9850581884384155, -0.15713734924793243, 0.07048548758029938, 0.1693616807460785, 0.958132803440094, -0.23086439073085785, -0.03125695139169693, 0.23935231566429138, 0.9704295992851257),
            ["LowerTorso"] = CFrame.new(-0.3126855790615082, -0.39663219451904297, 0.09104955196380615, 0.9646658301353455, 0.2632236182689667, -0.011535040102899075, -0.2511531412601471, 0.9318972229957581, 0.26170551776885986, 0.07963662594556808, -0.24956132471561432, 0.9650788903236389),
            ["RightLowerLeg"] = CFrame.new(0, -0.00006026029586791992, -0.00007206777081592008, 1, -1.7881393432617188e-07, -1.4714899521095504e-07, 1.1175870895385742e-07, 0.08006463944911957, 0.9967896342277527, -1.9371509552001953e-07, -0.9967897534370422, 0.08006493747234344),
            ["LeftUpperLeg"] = CFrame.new(2.9802322387695312e-08, -2.598389983177185e-07, -9.313225746154785e-10, 0.916985034942627, 0.18282772600650787, 0.35455968976020813, 0.1928596794605255, 0.5748499631881714, -0.7952060699462891, -0.34920424222946167, 0.7975723147392273, 0.4918687343597412),
            ["LeftLowerLeg"] = CFrame.new(-1.043081283569336e-07, 0.000060617923736572266, 0.0000721961259841919, 1, 9.499490261077881e-08, 6.332992796842518e-08, -7.450581307466564e-08, 0.4188717007637024, 0.9080454111099243, 7.450581307466564e-08, -0.9080454707145691, 0.4188717007637024),
        }},
        {Time = 0.067, Data = {
            ["RightFoot"] = CFrame.new(3.725290298461914e-08, 4.172325134277344e-07, 6.129994289949536e-08, 0.8722923398017883, 0.22205425798892975, -0.4353503882884979, -0.45432788133621216, 0.6972522735595703, -0.5545851588249207, 0.18080982565879822, 0.6815654039382935, 0.7091582417488098),
            ["LeftLowerArm"] = CFrame.new(-1.1920928955078125e-07, -5.960464477539063e-08, 1.7136335372924805e-07, 1, -5.960465188081798e-08, 2.9802315282267955e-08, 5.029141192380848e-08, 0.7749713659286499, -0.6319966316223145, 1.862644971595273e-08, 0.6319963335990906, 0.774971067905426),
            ["RightUpperArm"] = CFrame.new(0, 0, 5.960464477539063e-08, 0.3912077248096466, -0.8033879399299622, -0.4489147961139679, 0.8659217953681946, 0.4865226447582245, -0.11608272790908813, 0.31166642904281616, -0.3433125913143158, 0.8860025405883789),
            ["Head"] = CFrame.new(-4.470348358154297e-08, 0, -6.332993507385254e-08, 0.9766839146614075, -0.185432568192482, -0.10818181931972504, 0.126308873295784, 0.9038107395172119, -0.4088669419288635, 0.1735929697751999, 0.38566941022872925, 0.9061591625213623),
            ["RightHand"] = CFrame.new(-2.9802322387695312e-08, -1.1920928955078125e-07, -1.1920928955078125e-07, 0.8898323178291321, 0.4334036707878113, -0.14268822968006134, -0.4203588664531708, 0.900282621383667, 0.11309166997671127, 0.1774739772081375, -0.04065242409706116, 0.9832855463027954),
            ["UpperTorso"] = CFrame.new(2.999149728566408e-08, 2.9802322387695312e-08, -1.862645149230957e-08, 0.9620749354362488, -0.2525479197502136, 0.10310821235179901, 0.19428667426109314, 0.8997092843055725, 0.3908657133579254, -0.19147969782352448, -0.3560096025466919, 0.9146543741226196),
            ["HumanoidRootPart"] = CFrame.new(0, 0, 0, 1, 0, 0, 0, 1, 0, 0, 0, 1),
            ["RightUpperLeg"] = CFrame.new(5.960464477539063e-08, -1.1920928955078125e-07, 1.4020770322531462e-08, 0.7236409783363342, -0.3034343719482422, 0.6198961734771729, 0.6555497050285339, 0.583106279373169, -0.4798353612422943, -0.21586693823337555, 0.7536011338233948, 0.6208758354187012),
            ["LeftUpperArm"] = CFrame.new(-1.1920928955078125e-07, 0, 1.1920928955078125e-07, 0.22336842119693756, 0.5089166164398193, 0.8313305974006653, -0.3975442349910736, 0.8262853026390076, -0.3990127742290497, -0.8899804949760437, -0.24136382341384888, 0.3868827819824219),
            ["RightLowerArm"] = CFrame.new(-2.086162567138672e-07, 3.5762786865234375e-07, -8.940696716308594e-08, 1, -2.0954762369740365e-09, 2.384185791015625e-07, 8.940696716308594e-08, -0.8599258661270142, -0.5104192495346069, 1.564621925354004e-07, 0.5104190707206726, -0.8599257469177246),
            ["LeftHand"] = CFrame.new(-2.2351741790771484e-08, -1.1920928955078125e-07, -2.9802322387695312e-08, 0.9237889647483826, -0.1579495072364807, -0.34880703687667847, 0.14046011865139008, 0.9872377514839172, -0.07504934072494507, 0.35620906949043274, 0.020336275920271873, 0.9341847896575928),
            ["LeftFoot"] = CFrame.new(-9.313225746154785e-08, -5.960464477539063e-08, 2.9802322387695312e-08, 0.9828944802284241, -0.16594839096069336, 0.07987216114997864, 0.17965322732925415, 0.959386944770813, -0.21748919785022736, -0.04053620994091034, 0.2281181812286377, 0.9727892875671387),
            ["LowerTorso"] = CFrame.new(-0.3156172037124634, -0.41060853004455566, 0.10910282284021378, 0.9669414758682251, 0.2548733949661255, 0.007970056496560574, -0.2474643588066101, 0.9303735494613647, 0.27049311995506287, 0.061526451259851456, -0.2635233700275421, 0.9626889824867249),
            ["RightLowerLeg"] = CFrame.new(0, -0.00006008148193359375, -0.00007206032023532316, 1, -2.533196834519913e-07, -2.0116578980378108e-07, 8.195638656616211e-08, 0.08070418238639832, 0.9967381358146667, -1.341104507446289e-07, -0.9967381358146667, 0.08070476353168488),
            ["LeftUpperLeg"] = CFrame.new(1.7881393432617188e-07, 1.30385160446167e-08, 4.656612873077393e-10, 0.930160403251648, 0.17480777204036713, 0.3228682279586792, 0.18660366535186768, 0.5322518944740295, -0.825764536857605, -0.3161972761154175, 0.8283417820930481, 0.462459921836853),
            ["LeftLowerLeg"] = CFrame.new(4.470348358154297e-08, 0.000060677528381347656, 0.00007218867540359497, 1, 1.0244550452398471e-07, 5.21540641784668e-08, -2.9802322387695312e-08, 0.39465001225471497, 0.9188315868377686, 2.9802322387695312e-08, -0.9188316464424133, 0.3946498930454254),
        }},
        {Time = 0.100, Data = {
            ["RightFoot"] = CFrame.new(-2.60770320892334e-08, 4.172325134277344e-07, -7.281050784513354e-08, 0.9367627501487732, 0.2791863679885864, -0.21081997454166412, -0.34964480996131897, 0.7205285429954529, -0.5989326238632202, -0.014967767521739006, 0.6347389221191406, 0.7725508213043213),
            ["LeftLowerArm"] = CFrame.new(-3.5762786865234375e-07, -1.1920928955078125e-07, -2.3469328880310059e-07, 1, -2.7939684343891713e-08, 7.4505797087454084e-09, 6.798654794692993e-08, 0.7866291403770447, -0.6174261569976807, 3.91155481338501e-08, 0.617425799369812, 0.7866288423538208),
            ["RightUpperArm"] = CFrame.new(0, -1.1920928955078125e-07, -1.043081283569336e-07, 0.2883177101612091, -0.8141412138938904, -0.5040310025215149, 0.7810172438621521, 0.5044845342636108, -0.3681136965751648, 0.5539721250534058, -0.2875231206417084, 0.7813098430633545),
            ["Head"] = CFrame.new(1.4901161193847656e-08, 2.384185791015625e-07, -1.043081283569336e-07, 0.9866219758987427, -0.14323164522647858, -0.07785816490650177, 0.09042414277791977, 0.8781862258911133, -0.4696941077709198, 0.13564878702163696, 0.45637011528015137, 0.8793892860412598),
            ["RightHand"] = CFrame.new(2.980232238769531e-07, 5.960464477539063e-08, -2.9802322387695312e-08, 0.9087123870849609, 0.36191320419311523, -0.20799244940280914, -0.384795606136322, 0.9194089770317078, -0.08135984092950821, 0.16178485751152039, 0.15396730601787567, 0.9747408628463745),
            ["UpperTorso"] = CFrame.new(-1.0186340659856796e-08, 8.940696716308594e-08, 4.0978193283081055e-08, 0.9773726463317871, -0.2019461691379547, 0.06293261796236038, 0.15941403806209564, 0.8987877368927002, 0.40837228298187256, -0.13903215527534485, -0.38909944891929626, 0.910643458366394),
            ["HumanoidRootPart"] = CFrame.new(0, 0, 0, 1, 0, 0, 0, 1, 0, 0, 0, 1),
            ["RightUpperLeg"] = CFrame.new(-1.1920928955078125e-07, 6.705522537231445e-08, 4.823959898203611e-09, 0.7673513293266296, -0.43711960315704346, 0.4691467583179474, 0.6402768492698669, 0.48250812292099, -0.5976885557174683, 0.034894321113824844, 0.7590206265449524, 0.650130569934845),
            ["LeftUpperArm"] = CFrame.new(0, 2.384185791015625e-07, 1.4901161193847656e-08, 0.21341648697853088, 0.503825306892395, 0.8370267152786255, -0.34414157271385193, 0.8406189680099487, -0.41824203729629517, -0.9143413305282593, -0.19879601895809174, 0.3527889549732208),
            ["RightLowerArm"] = CFrame.new(-2.384185791015625e-07, -3.5762786865234375e-07, 2.9802322387695312e-08, 1, -6.332993507385254e-08, 1.5273685960437433e-07, 4.470347647611561e-08, -0.7408552765846252, -0.6716649532318115, 1.4156101713069802e-07, 0.6716647744178772, -0.7408550381660461),
            ["LeftHand"] = CFrame.new(2.682209014892578e-07, 0, 0, 0.9293190240859985, -0.13437816500663757, -0.3439609706401825, 0.1291956603527069, 0.9908885955810547, -0.03805471956729889, 0.3459404408931732, -0.009073273278772831, 0.9382124543190002),
            ["LeftFoot"] = CFrame.new(-3.725290298461914e-08, 5.960464477539063e-08, -4.470348358154297e-08, 0.9793868064880371, -0.1792241334915161, 0.09316811710596085, 0.19523704051971436, 0.9582176208496094, -0.20904865860939026, -0.05180857330560684, 0.2229297012090683, 0.9734569191932678),
            ["LowerTorso"] = CFrame.new(-0.30745869874954224, -0.4276554584503174, 0.1252373456954956, 0.9730058908462524, 0.22599288821220398, 0.04676206037402153, -0.23017427325248718, 0.935643196105957, 0.2675665020942688, 0.016715604811906815, -0.27110719680786133, 0.9624039530754089),
            ["RightLowerLeg"] = CFrame.new(4.842877388000488e-08, -0.00006026029586791992, -0.0000721050237189047, 1, -1.4901159772762185e-07, -2.0116584664719994e-07, 1.713633963618122e-07, 0.06739477068185806, 0.9977264404296875, -1.5646223516796454e-07, -0.9977264404296875, 0.06739528477191925),
            ["LeftUpperLeg"] = CFrame.new(2.9802322387695312e-08, -1.2293457984924316e-07, 1.862645149230957e-08, 0.95490562915802, 0.15820284187793732, 0.2512509524822235, 0.14745238423347473, 0.48180630803108215, -0.8637827038764954, -0.2577071487903595, 0.8618785738945007, 0.4367520809173584),
            ["LeftLowerLeg"] = CFrame.new(-2.9802322387695312e-08, 0.000060677528381347656, 0.00007194280624389648, 1, 1.0803340444454079e-07, 1.4901161193847656e-08, -4.470348358154297e-08, 0.3672540783882141, 0.9301207065582275, 4.470348358154297e-08, -0.9301207065582275, 0.3672541379928589),
        }},
        {Time = 0.133, Data = {
            ["RightFoot"] = CFrame.new(-4.0978193283081055e-08, 2.980232238769531e-07, 1.6952981241047382e-09, 0.9304382801055908, 0.35502657294273376, 0.09113114327192307, -0.2378246784210205, 0.7736612558364868, -0.5873997807502747, -0.27879002690315247, 0.5247897505760193, 0.8041496276855469),
            ["LeftLowerArm"] = CFrame.new(3.8743019104003906e-07, -2.384185791015625e-07, 2.9802322387695312e-08, 1, -4.097820394122209e-08, 1.6763806343078613e-08, 4.842878098543224e-08, 0.8035473227500916, -0.5952413082122803, 3.725290653733282e-08, 0.5952408909797668, 0.8035470247268677),
            ["RightUpperArm"] = CFrame.new(-5.960464477539063e-08, 0, 0, 0.21465489268302917, -0.8262853622436523, -0.520745575428009, 0.6572677493095398, 0.5165881514549255, -0.5487586855888367, 0.722442090511322, -0.22447533905506134, 0.6539785265922546),
            ["Head"] = CFrame.new(0, 1.1920928955078125e-07, -8.195638656616211e-08, 0.9898263812065125, -0.09762900322675705, -0.10350076854228973, 0.02837066724896431, 0.8482624292373657, -0.5288158655166626, 0.13942332565784454, 0.5204994082450867, 0.8424021005630493),
            ["RightHand"] = CFrame.new(8.940696716308594e-08, 5.960464477539063e-08, -1.341104507446289e-07, 0.939601719379425, 0.29192399978637695, -0.17868715524673462, -0.32851341366767883, 0.9157033562660217, -0.23144400119781494, 0.0960603579878807, 0.2761663496494293, 0.9562973976135254),
            ["UpperTorso"] = CFrame.new(9.546056389808655e-09, 1.1920928955078125e-07, -1.6763806343078613e-08, 0.9898766279220581, -0.13244599103927612, 0.051013633608818054, 0.09720408916473389, 0.8945333957672119, 0.43630433082580566, -0.10342005640268326, -0.42692863941192627, 0.8983519673347473),
            ["HumanoidRootPart"] = CFrame.new(0, 0, 0, 1, 0, 0, 0, 1, 0, 0, 0, 1),
            ["RightUpperLeg"] = CFrame.new(-2.9802322387695312e-08, 1.8998980522155762e-07, -4.453613655641675e-08, 0.746618926525116, -0.6213290095329285, 0.2377193570137024, 0.5641305446624756, 0.4019372761249542, -0.721251368522644, 0.3525860011577606, 0.672604501247406, 0.6506043076515198),
            ["LeftUpperArm"] = CFrame.new(5.960464477539063e-08, 2.384185791015625e-07, -5.960464477539063e-08, 0.25268813967704773, 0.5184064507484436, 0.8169477581977844, -0.2853454053401947, 0.8467230200767517, -0.44904130697250366, -0.9245142936706543, -0.11964491009712219, 0.3618815839290619),
            ["RightLowerArm"] = CFrame.new(2.980232238769531e-07, 0, 1.1920928955078125e-07, 1, -8.195639367158947e-08, 1.443549422219803e-07, 9.685753354915505e-08, -0.47144758701324463, -0.8818942904472351, 1.4901159772762185e-07, 0.8818941712379456, -0.47144728899002075),
            ["LeftHand"] = CFrame.new(2.682209014892578e-07, 1.1920928955078125e-07, 1.4901161193847656e-07, 0.935287356376648, -0.10786397755146027, -0.3370508849620819, 0.11544553935527802, 0.9933107495307922, 0.0024706884287297726, 0.3345296084880829, -0.04122178629040718, 0.9414832592010498),
            ["LeftFoot"] = CFrame.new(9.313225746154785e-09, 1.1920928955078125e-07, 0, 0.973798394203186, -0.1948411911725998, 0.11727637052536011, 0.2150866538286209, 0.9565776586532593, -0.19671592116355896, -0.07385529577732086, 0.2167862206697464, 0.9734213352203369),
            ["LowerTorso"] = CFrame.new(-0.2884865403175354, -0.44597291946411133, 0.1381683349609375, 0.9784224033355713, 0.1712600588798523, 0.11558417975902557, -0.19545884430408478, 0.9485474228858948, 0.24910594522953033, -0.06697510927915573, -0.2663227915763855, 0.9615541696548462),
            ["RightLowerLeg"] = CFrame.new(-8.940696716308594e-08, -0.000060439109802246094, -0.00007211992488009855, 1, -1.3411036547950062e-07, -1.564622920113834e-07, 6.705523247774181e-08, 0.05978335440158844, 0.9982113838195801, -1.266598843585598e-07, -0.9982113838195801, 0.05978401005268097),
            ["LeftUpperLeg"] = CFrame.new(8.940696716308594e-08, 2.7939677238464355e-07, -7.450580596923828e-09, 0.984137237071991, 0.11797796189785004, 0.13249635696411133, 0.07069559395313263, 0.4241885542869568, -0.9028102159500122, -0.1627151370048523, 0.8978559374809265, 0.4091190695762634),
            ["LeftLowerLeg"] = CFrame.new(8.195638656616211e-08, 0.000060617923736572266, 0.00007213093340396881, 1, 8.940698137394065e-08, 3.7252898543727042e-09, -1.1175869474300271e-07, 0.3386715054512024, 0.9409046769142151, 7.264315371457997e-08, -0.9409047365188599, 0.33867147564888),
        }},
        {Time = 0.167, Data = {
            ["RightFoot"] = CFrame.new(5.21540641784668e-08, 2.980232238769531e-07, -6.535992724820971e-08, 0.8443498611450195, 0.37300175428390503, 0.384893000125885, -0.16113123297691345, 0.8614116311073303, -0.4818674921989441, -0.5109893679618835, 0.3447311222553253, 0.7871856093406677),
            ["LeftLowerArm"] = CFrame.new(2.682209014892578e-07, 2.384185791015625e-07, -1.1175870895385742e-07, 1, -3.3527619791584584e-08, 3.5390257835388184e-08, 9.685756907629184e-08, 0.8217630386352539, -0.5698296427726746, 2.6077039194660756e-08, 0.5698294639587402, 0.8217629194259644),
            ["RightUpperArm"] = CFrame.new(0, 1.1920928955078125e-07, 2.8312206268310547e-07, 0.13890959322452545, -0.8346484303474426, -0.5329785346984863, 0.4913284182548523, 0.5253711938858032, -0.6946810483932495, 0.8598259091377258, -0.16536954045295715, 0.48306530714035034),
            ["Head"] = CFrame.new(0, 0, 2.086162567138672e-07, 0.9777775406837463, -0.08551475405693054, -0.1914118528366089, -0.040649689733982086, 0.8183654546737671, -0.5732589364051819, 0.2056666910648346, 0.5683003067970276, 0.7967029809951782),
            ["RightHand"] = CFrame.new(2.9802322387695312e-08, -1.1920928955078125e-07, 8.195638656616211e-08, 0.9618443250656128, 0.261806845664978, -0.07945158332586288, -0.2729668617248535, 0.8985733985900879, -0.3435913026332855, -0.018561406061053276, 0.3521691858768463, 0.9357523918151855),
            ["UpperTorso"] = CFrame.new(7.82310962677002e-08, -1.4901161193847656e-07, -3.725290298461914e-08, 0.994965672492981, -0.06323027610778809, 0.07775107026100159, 0.01897064410150051, 0.880638599395752, 0.47340887784957886, -0.09840428084135056, -0.4695506691932678, 0.877404510974884),
            ["HumanoidRootPart"] = CFrame.new(0, 0, 0, 1, 0, 0, 0, 1, 0, 0, 0, 1),
            ["RightUpperLeg"] = CFrame.new(1.1920928955078125e-07, -2.5797635316848755e-07, 2.029992174357176e-09, 0.6186534762382507, -0.785647451877594, 0.0051201265305280685, 0.46852555871009827, 0.36369067430496216, -0.8051167726516724, 0.6306756138801575, 0.5004869103431702, 0.5930941700935364),
            ["LeftUpperArm"] = CFrame.new(1.1920928955078125e-07, 0, 2.384185791015625e-07, 0.34402206540107727, 0.5407513380050659, 0.7676177024841309, -0.2271748185157776, 0.8411641716957092, -0.4907490015029907, -0.9110655784606934, -0.005555062089115381, 0.4122239649295807),
            ["RightLowerArm"] = CFrame.new(-2.980232238769531e-07, -3.5762786865234375e-07, 1.4901161193847656e-07, 1, -4.470348358154297e-08, 1.4528630742915993e-07, 8.568165554834195e-08, -0.025274287909269333, -0.9996805191040039, 8.195636524988004e-08, 0.9996805787086487, -0.025274302810430527),
            ["LeftHand"] = CFrame.new(1.9371509552001953e-07, -1.1920928955078125e-07, -2.682209014892578e-07, 0.9409070611000061, -0.0837533101439476, -0.3281458914279938, 0.1023263931274414, 0.9939576983451843, 0.03971683606505394, 0.32283633947372437, -0.07094788551330566, 0.9437918066978455),
            ["LeftFoot"] = CFrame.new(-6.705522537231445e-08, 5.960464477539063e-08, -1.4901161193847656e-08, 0.9662521481513977, -0.21049705147743225, 0.14848528802394867, 0.23571765422821045, 0.9549908638000488, -0.18008317053318024, -0.10389499366283417, 0.20900624990463257, 0.972379744052887),
            ["LowerTorso"] = CFrame.new(-0.2605377435684204, -0.4637763500213623, 0.14670085906982422, 0.9732704758644104, 0.10860907286405563, 0.20235775411128998, -0.15280522406101227, 0.9640176892280579, 0.21753275394439697, -0.17145036160945892, -0.2426394671201706, 0.9548459649085999),
            ["RightLowerLeg"] = CFrame.new(-1.7881393432617188e-07, -0.000060498714447021484, -0.00007210316107375547, 1, -1.2665981330428622e-07, -1.0430819230577981e-07, 1.9371512394172896e-07, 0.038836535066366196, 0.9992455840110779, -1.3783575525394554e-07, -0.9992455840110779, 0.03883717581629753),
            ["LeftUpperLeg"] = CFrame.new(2.086162567138672e-07, -3.725290298461914e-07, -1.4901161193847656e-08, 0.998469889163971, 0.05510963499546051, -0.004569615703076124, -0.02519802935421467, 0.3798598051071167, -0.9247007369995117, -0.049224115908145905, 0.9234009981155396, 0.3806673586368561),
            ["LeftLowerLeg"] = CFrame.new(-2.2351741790771484e-08, 0.000060617923736572266, 0.00007198378443717957, 1, 9.685756197086448e-08, 7.450581307466564e-08, -1.1920926112907182e-07, 0.3196147084236145, 0.9475476741790771, 8.195636524988004e-08, -0.9475476145744324, 0.31961455941200256),
        }},
        {Time = 0.200, Data = {
            ["RightFoot"] = CFrame.new(1.4901161193847656e-08, 4.172325134277344e-07, 1.6596459317952394e-08, 0.7637531161308289, 0.2766895890235901, 0.5836647748947144, -0.1030556783080101, 0.9441567063331604, -0.31326723098754883, -0.6372289061546326, 0.17891615629196167, 0.7491322159767151),
            ["LeftLowerArm"] = CFrame.new(1.7881393432617188e-07, -5.960464477539063e-08, 2.9802322387695312e-08, 1, -2.2351745343485163e-08, -1.3038514623531228e-07, 6.332992796842518e-08, 0.8380534648895264, -0.5455885529518127, -1.4901159417490817e-08, 0.5455883145332336, 0.8380532264709473),
            ["RightUpperArm"] = CFrame.new(-1.1920928955078125e-07, 2.384185791015625e-07, -5.960464477539063e-08, 0.0663643628358841, -0.8593893647193909, -0.506996750831604, 0.23176947236061096, 0.5074962377548218, -0.8298980593681335, 0.9705044031143188, -0.062430672347545624, 0.23285958170890808),
            ["Head"] = CFrame.new(-5.960464477539063e-08, 1.1920928955078125e-07, -5.960464477539063e-08, 0.9427353143692017, -0.08989217877388, -0.32120028138160706, -0.12780192494392395, 0.7921494245529175, -0.5967967510223389, 0.30808570981025696, 0.603671133518219, 0.7352985739707947),
            ["RightHand"] = CFrame.new(-2.980232238769531e-07, 1.1920928955078125e-07, 0, 0.9681460857391357, 0.2417079210281372, 0.06534919887781143, -0.19925104081630707, 0.9017796516418457, -0.38352644443511963, -0.15163160860538483, 0.3582886755466461, 0.9212149977684021),
            ["UpperTorso"] = CFrame.new(1.1175870895385742e-08, -5.960464477539063e-08, -1.1175870895385742e-08, 0.9880155324935913, -0.016852062195539474, 0.15343227982521057, -0.06517888605594635, 0.8555030822753906, 0.5136790871620178, -0.13991819322109222, -0.5175234079360962, 0.8441517949104309),
            ["HumanoidRootPart"] = CFrame.new(0, 0, 0, 1, 0, 0, 0, 1, 0, 0, 0, 1),
            ["RightUpperLeg"] = CFrame.new(5.960464477539063e-08, -3.259629011154175e-09, -5.571200745180249e-08, 0.4508977234363556, -0.8755704164505005, -0.17340072989463806, 0.3828482925891876, 0.36520856618881226, -0.8485574126243591, 0.8062992691993713, 0.31622642278671265, 0.4998824894428253),
            ["LeftUpperArm"] = CFrame.new(0, 0, -2.384185791015625e-07, 0.4653039574623108, 0.5583798885345459, 0.6868072152137756, -0.1790410876274109, 0.8192546963691711, -0.5447626113891602, -0.8668544292449951, 0.1305132657289505, 0.48117512464523315),
            ["RightLowerArm"] = CFrame.new(-4.470348358154297e-07, -1.1920928955078125e-07, 2.384185791015625e-07, 1, -1.862645149230957e-08, 5.960465188081798e-08, 8.381903882082042e-08, 0.5346423983573914, -0.8450785279273987, 5.2154071283894154e-08, 0.8450784087181091, 0.5346423983573914),
            ["LeftHand"] = CFrame.new(1.043081283569336e-07, 5.960464477539063e-08, 2.9802322387695312e-08, 0.9463077187538147, -0.0634181872010231, -0.31698599457740784, 0.09073278307914734, 0.9932581186294556, 0.07215200364589691, 0.3102729320526123, -0.09703873842954636, 0.9456818699836731),
            ["LeftFoot"] = CFrame.new(-1.4901161193847656e-08, 0, 0, 0.9597949981689453, -0.22110514342784882, 0.17293411493301392, 0.2521347403526306, 0.9498594999313354, -0.18491922318935394, -0.12337629497051239, 0.22108732163906097, 0.9674186706542969),
            ["LowerTorso"] = CFrame.new(-0.22910429537296295, -0.4806976318359375, 0.15253666043281555, 0.9605982899665833, 0.04529258981347084, 0.274225115776062, -0.09686770290136337, 0.9793290495872498, 0.17757050693035126, -0.26051396131515503, -0.19713743031024933, 0.9451292157173157),
            ["RightLowerLeg"] = CFrame.new(0, -0.000060558319091796875, -0.00007213110075099394, 1, -5.587933316064664e-08, -1.3411047916633834e-07, 1.9371509552001953e-07, -0.0020307295490056276, 0.9999979734420776, -1.30385160446167e-07, -0.9999979138374329, -0.002030458766967058),
            ["LeftUpperLeg"] = CFrame.new(2.9802322387695312e-08, -2.2351741790771484e-08, -1.4901161193847656e-08, 0.9908648133277893, 0.00738936010748148, -0.13465681672096252, -0.12824176251888275, 0.3605710566043854, -0.9238736629486084, 0.041726529598236084, 0.9327024817466736, 0.3582247793674469),
            ["LeftLowerLeg"] = CFrame.new(1.4901161193847656e-07, 0.000060498714447021484, 0.00007224828004837036, 1, 7.078050856534901e-08, 7.450580596923828e-08, -1.043081283569336e-07, 0.3022032082080841, 0.9532435536384583, 7.450580596923828e-08, -0.9532434940338135, 0.30220329761505127),
        }},
        {Time = 0.233, Data = {
            ["RightFoot"] = CFrame.new(-5.960464477539063e-08, 4.76837158203125e-07, 9.145878721028566e-09, 0.7268728613853455, 0.14041770994663239, 0.6731076836585999, -0.06404397636651993, 0.9884772896766663, -0.1375255435705185, -0.6837793588638306, 0.05652840435504913, 0.7266449928283691),
            ["LeftLowerArm"] = CFrame.new(1.7881393432617188e-07, 0, -7.450580596923828e-08, 1, -8.195638656616211e-08, -4.470348358154297e-08, 4.0978193283081055e-08, 0.8502407073974609, -0.5263946056365967, 3.725290298461914e-08, 0.5263940691947937, 0.8502404689788818),
            ["RightUpperArm"] = CFrame.new(-1.1920928955078125e-07, -2.384185791015625e-07, 7.450580596923828e-08, 0.08685280382633209, -0.8607726693153381, -0.5015248656272888, 0.14134427905082703, 0.5089816451072693, -0.8490933775901794, 0.9861432313919067, 0.0028584382962435484, 0.1658715307712555),
            ["Head"] = CFrame.new(2.9802322387695312e-08, -1.1920928955078125e-07, 0, 0.8798336386680603, -0.09701777994632721, -0.4652748107910156, -0.22726018726825714, 0.7739051580429077, -0.5911208391189575, 0.4174274802207947, 0.6258261799812317, 0.6588592529296875),
            ["RightHand"] = CFrame.new(-1.7881393432617188e-07, 5.960464477539063e-08, -2.9802322387695312e-08, 0.9531728029251099, 0.20578376948833466, 0.22161823511123657, -0.12496539205312729, 0.9353143572807312, -0.3310146927833557, -0.2754002511501312, 0.2878198027610779, 0.917232096195221),
            ["UpperTorso"] = CFrame.new(3.725290298461914e-09, -2.9802322387695312e-08, -1.4901161193847656e-08, 0.968344509601593, -0.012258440256118774, 0.24931679666042328, -0.12866000831127167, 0.8313880562782288, 0.5405927896499634, -0.21390579640865326, -0.555557131767273, 0.8034927248954773),
            ["HumanoidRootPart"] = CFrame.new(0, 0, 0, 1, 0, 0, 0, 1, 0, 0, 0, 1),
            ["RightUpperLeg"] = CFrame.new(0, -5.459878593683243e-08, 1.1226802598685026e-08, 0.2981201708316803, -0.9165113568305969, -0.266704797744751, 0.3195897042751312, 0.35912325978279114, -0.8768656253814697, 0.8994369506835938, 0.176175057888031, 0.3999692499637604),
            ["LeftUpperArm"] = CFrame.new(1.1920928955078125e-07, -1.1920928955078125e-07, -2.9802322387695312e-08, 0.5825545191764832, 0.5630307197570801, 0.5861971378326416, -0.15461397171020508, 0.784809410572052, -0.6001406311988831, -0.7979504466056824, 0.2589800953865051, 0.5442464351654053),
            ["RightLowerArm"] = CFrame.new(5.960464477539063e-08, -1.7881393432617188e-07, 1.6391277313232422e-07, 1, -8.940698137394065e-08, 2.2351745343485163e-08, -5.21540641784668e-08, 0.896677553653717, -0.4426845908164978, 5.21540641784668e-08, 0.4426843523979187, 0.8966774940490723),
            ["LeftHand"] = CFrame.new(1.1920928955078125e-07, 5.960464477539063e-08, 8.940696716308594e-08, 0.9511013627052307, -0.048432622104883194, -0.30505824089050293, 0.08090216666460037, 0.9922123551368713, 0.09470715373754501, 0.29809558391571045, -0.11475574970245361, 0.9476127624511719),
            ["LeftFoot"] = CFrame.new(-1.2479722499847412e-07, -1.1920928955078125e-07, 3.725290298461914e-09, 0.9542056322097778, -0.23604337871074677, 0.18378067016601562, 0.2700117528438568, 0.9440407752990723, -0.18942156434059143, -0.12878450751304626, 0.23037055134773254, 0.9645435810089111),
            ["LowerTorso"] = CFrame.new(-0.1994737982749939, -0.49631500244140625, 0.15601137280464172, 0.9477988481521606, -0.0029744880739599466, 0.31885507702827454, -0.04473466798663139, 0.9888269305229187, 0.1421976238489151, -0.31571540236473083, -0.14903850853443146, 0.9370759725570679),
            ["RightLowerLeg"] = CFrame.new(-2.9802322387695312e-08, -0.000060439109802246094, -0.000071978363848757, 1, -1.713632258315556e-07, -1.3411056443146663e-07, 1.7881393432617188e-07, -0.06934642046689987, 0.9975927472114563, -1.4901161193847656e-07, -0.9975926280021667, -0.0693458691239357),
            ["LeftUpperLeg"] = CFrame.new(1.1920928955078125e-07, -1.3504177331924438e-08, -2.9802322387695312e-08, 0.972339391708374, -0.014531012624502182, -0.23311999440193176, -0.21339848637580872, 0.3504963219165802, -0.9119284749031067, 0.09495890885591507, 0.9364513754844666, 0.33770042657852173),
            ["LeftLowerLeg"] = CFrame.new(5.960464477539063e-08, 0.00006079673767089844, 0.0000721663236618042, 1, 9.685752644372769e-08, 4.0978193283081055e-08, -8.940695295223122e-08, 0.27768999338150024, 0.9606706500053406, 1.1175869474300271e-07, -0.9606707096099854, 0.2776903510093689),
        }},
        {Time = 0.267, Data = {
            ["RightFoot"] = CFrame.new(1.043081283569336e-07, 2.980232238769531e-07, -2.438173396512866e-08, 0.7065404057502747, 0.06242725998163223, 0.7059948444366455, -0.021843088790774345, 0.9975599050521851, -0.06665617972612381, -0.7073354721069336, 0.03125928342342377, 0.7050731778144836),
            ["LeftLowerArm"] = CFrame.new(0, -3.5762786865234375e-07, -5.960464477539063e-08, 1, -5.960465188081798e-08, 4.470347647611561e-08, 1.9371513815258368e-07, 0.8577431440353394, -0.5140790939331055, 1.4901164746561335e-08, 0.5140785574913025, 0.8577427864074707),
            ["RightUpperArm"] = CFrame.new(-2.384185791015625e-07, -1.1920928955078125e-07, 1.9371509552001953e-07, 0.2320796549320221, -0.8272243142127991, -0.5117020606994629, 0.3466779291629791, 0.5618633031845093, -0.7510820031166077, 0.9088197946548462, -0.003084816737100482, 0.41717714071273804),
            ["Head"] = CFrame.new(-5.960464477539063e-08, 0, 1.1920928955078125e-07, 0.7938265204429626, -0.10063964128494263, -0.5997594594955444, -0.3193815350532532, 0.7702710628509521, -0.5519765615463257, 0.51752769947052, 0.629725456237793, 0.5793189406394958),
            ["RightHand"] = CFrame.new(4.470348358154297e-08, -2.980232238769531e-07, -1.6391277313232422e-07, 0.9301484227180481, 0.15942996740341187, 0.33076637983322144, -0.07315952330827713, 0.9632250070571899, -0.2585444152355194, -0.3598218560218811, 0.21628598868846893, 0.9076058864593506),
            ["UpperTorso"] = CFrame.new(-1.862645149230957e-08, 0, 1.862645149230957e-08, 0.9470746517181396, -0.039255157113075256, 0.3186045289039612, -0.15367361903190613, 0.8159405589103699, 0.5573379397392273, -0.28184056282043457, -0.576801598072052, 0.7667239308357239),
            ["HumanoidRootPart"] = CFrame.new(0, 0, 0, 1, 0, 0, 0, 1, 0, 0, 0, 1),
            ["RightUpperLeg"] = CFrame.new(-8.940696716308594e-08, 3.4924596548080444e-08, 5.8840669225901365e-08, 0.18121372163295746, -0.9517714977264404, -0.2475733906030655, 0.2890383005142212, 0.29216739535331726, -0.9116442799568176, 0.9400098919868469, 0.09364412724971771, 0.3280429244041443),
            ["LeftUpperArm"] = CFrame.new(0, 0, 4.470348358154297e-08, 0.6725592613220215, 0.5506147146224976, 0.49445727467536926, -0.15239353477954865, 0.7568721771240234, -0.6355475783348083, -0.7241824269294739, 0.352090984582901, 0.5929512977600098),
            ["RightLowerArm"] = CFrame.new(-1.7881393432617188e-07, -2.384185791015625e-07, 3.4831464290618896e-07, 1, -1.862645149230957e-08, -7.4505797087454084e-09, 3.725290298461914e-09, 0.9897328615188599, -0.14292986690998077, -6.05359673500061e-09, 0.14292973279953003, 0.9897328019142151),
            ["LeftHand"] = CFrame.new(-1.1920928955078125e-07, -1.1920928955078125e-07, 1.1920928955078125e-07, 0.9549633264541626, -0.03859119117259979, -0.29420411586761475, 0.07242182642221451, 0.9918340444564819, 0.10497801005840302, 0.2877500355243683, -0.12155665457248688, 0.9499598145484924),
            ["LeftFoot"] = CFrame.new(3.166496753692627e-08, 0, 0, 0.9511722922325134, -0.25505200028419495, 0.17383801937103271, 0.28456181287765503, 0.9427739977836609, -0.17378659546375275, -0.11956524103879929, 0.2147688865661621, 0.9693186283111572),
            ["LowerTorso"] = CFrame.new(-0.1740816831588745, -0.5089941024780273, 0.15893688797950745, 0.9392145872116089, -0.018282214179635048, 0.34284356236457825, -0.023091347888112068, 0.9929565191268921, 0.11620716750621796, -0.3425532877445221, -0.11706007272005081, 0.9321770668029785),
            ["RightLowerLeg"] = CFrame.new(-5.960464477539063e-08, -0.000060439109802246094, -0.00007192620978457853, 1, -1.6391268786719593e-07, -1.9371523762856668e-07, 1.4901159772762185e-07, -0.1714204102754593, 0.9851980209350586, -7.823108916227284e-08, -0.9851979613304138, -0.17142024636268616),
