return {
    ["Boney Bounce"] = {
        {Time = 0.000, Data = {
            ["LeftLowerArm"] = CFrame.new(-2.384185791015625e-07, 2.384185791015625e-07, -5.960464477539063e-08, 1, -1.4062970876693726e-07, 6.891787052154541e-08, 4.470348358154297e-08, -0.27403733134269714, -0.9617191553115845, 1.1920928955078125e-07, 0.9617190957069397, -0.27403706312179565),
            ["LeftFoot"] = CFrame.new(8.32369551062584e-09, 5.960464477539063e-08, 1.862645149230957e-08, 0.9731389284133911, 0.006547098979353905, -0.2301255613565445, -0.042691607028245926, 0.9873902797698975, -0.15243975818157196, 0.2262256145477295, 0.1581694483757019, 0.9611474871635437),
            ["RightHand"] = CFrame.new(8.195638656616211e-08, -1.1920928955078125e-07, -1.9371509552001953e-07, 0.9246612787246704, 0.18795892596244812, -0.3311690092086792, -0.24338345229625702, 0.9605780243873596, -0.13436658680438995, 0.2928583025932312, 0.20484472811222076, 0.9339554309844971),
            ["HumanoidRootPart"] = CFrame.new(0, 0, 0, 1, 0, 0, 0, 1, 0, 0, 0, 1),
            ["ECO_Emote_Truck_Wheels_back02"] = CFrame.new(0, 0, 0, 1, 0, 0, 0, 1, 0, 0, 0, 1),
            ["RightLowerLeg"] = CFrame.new(-3.725290298461914e-09, 2.384185791015625e-07, 5.3849362302571535e-08, 1, -2.7474019503870295e-08, -2.1792958193600498e-07, 1.3783574104309082e-07, -0.4914630651473999, 0.8708983659744263, -3.073364496231079e-07, -0.8708985447883606, -0.49146321415901184),
            ["LeftUpperLeg"] = CFrame.new(8.940696716308594e-08, 2.1152663975954056e-07, -3.725290298461914e-09, 0.835616409778595, -0.2115185707807541, -0.5069567561149597, 0.09342355281114578, 0.9641695022583008, -0.24829252064228058, 0.5413108468055725, 0.16011562943458557, 0.8254366517066956),
            ["LeftLowerLeg"] = CFrame.new(5.2619725465774536e-08, 5.960464477539063e-08, 4.470348358154297e-08, 1, 4.540199327607297e-08, 3.9523012418385406e-08, -3.143214044598608e-08, 0.924037516117096, 0.382301926612854, -2.916204167036085e-08, -0.382301926612854, 0.9240375757217407),
            ["RightUpperArm"] = CFrame.new(1.1920928955078125e-07, 1.1920928955078125e-07, -2.9802322387695312e-08, 0.2722519636154175, -0.8910698294639587, -0.36314404010772705, 0.9000225067138672, 0.3693113923072815, -0.2314491868019104, 0.3403507173061371, -0.2638252377510071, 0.9025284647941589),
            ["Head"] = CFrame.new(-5.820766091346741e-09, -2.384185791015625e-07, -7.450580596923828e-09, 0.9937798976898193, -0.04035738483071327, -0.10379237681627274, 0.017604541033506393, 0.9772369861602783, -0.2114190310239792, 0.10996199399232864, 0.2082768827676773, 0.9718689918518066),
            ["UpperTorso"] = CFrame.new(2.468004822731018e-08, 1.4901161193847656e-07, -1.0011717677116394e-08, 0.9780420660972595, -0.1532411128282547, -0.14124831557273865, 0.14701220393180847, 0.9876819849014282, -0.05358915030956268, 0.14772048592567444, 0.031647227704524994, 0.9885227084159851),
            ["ECO_Emote_Truck_Wheels_back01"] = CFrame.new(0, 0, 0, 1, 0, 0, 0, 1, 0, 0, 0, 1),
            ["ECO_Emote_Truck_Wheels_front"] = CFrame.new(0, 0, 0, 1, 0, 0, 0, 1, 0, 0, 0, 1),
            ["LeftUpperArm"] = CFrame.new(0, 1.1920928955078125e-07, -4.470348358154297e-08, 0.1374145895242691, 0.8800368905067444, 0.45459046959877014, -0.9441763758659363, 0.2551066279411316, -0.2084505259990692, -0.29941326379776, -0.40056949853897095, 0.8659652471542358),
            ["RightLowerArm"] = CFrame.new(2.384185791015625e-07, 5.960464477539063e-08, -5.960464477539063e-08, 1, -1.8626454334480513e-07, 2.9802315282267955e-08, 1.4901159772762185e-07, 0.2020760178565979, -0.9793698787689209, 2.2351738238057806e-08, 0.9793699383735657, 0.2020757645368576),
            ["LeftHand"] = CFrame.new(3.8743019104003906e-07, 5.960464477539063e-08, -8.940696716308594e-08, 0.8696911334991455, 0.4931353032588959, -0.02133196033537388, -0.46118348836898804, 0.7964192628860474, -0.39118561148643494, -0.17591820657253265, 0.3500487208366394, 0.9200645685195923),
            ["ECO_Emote_Truck_Bed"] = CFrame.new(0, 0, 0, 1, 0, 0, 0, 1, 0, 0, 0, 1),
            ["ECO_Emote_Truck_Chasis"] = CFrame.new(0, 0, 0, 1, 0, 0, 0, 1, 0, 0, 0, 1),
            ["RightFoot"] = CFrame.new(1.862645149230957e-08, 2.980232238769531e-07, 7.107882993295789e-08, 0.9889044761657715, 0.1250246912240982, -0.08023007214069366, -0.13028112053871155, 0.989409327507019, -0.0640016421675682, 0.07137852907180786, 0.07374399900436401, 0.9947195053100586),
            ["RightUpperLeg"] = CFrame.new(5.960464477539063e-08, 1.9103754311800003e-07, -2.6266206987202168e-09, 0.7293527722358704, 0.19055010378360748, 0.6570655703544617, 0.096041738986969, 0.9223998188972473, -0.3741053342819214, -0.6773629784584045, 0.335960328578949, 0.6544539928436279),
            ["LowerTorso"] = CFrame.new(-0.14539094269275665, -0.07561516761779785, -0.0600847490131855, 0.9949895143508911, 0.09404782950878143, -0.03392758592963219, -0.09476946294307709, 0.9952917695045471, -0.020324794575572014, 0.031856343150138855, 0.02343825064599514, 0.999217689037323),
        }},
        {Time = 0.033, Data = {
            ["LeftLowerArm"] = CFrame.new(2.384185791015625e-07, 0, 1.4901161193847656e-08, 1, -4.470347647611561e-08, 8.940695295223122e-08, 6.705521116145974e-08, -0.31391140818595886, -0.94945228099823, 1.7881389169360773e-07, 0.94945228099823, -0.3139112889766693),
            ["LeftFoot"] = CFrame.new(4.423782229423523e-08, 1.1920928955078125e-07, 4.470348358154297e-08, 0.9818214178085327, 0.038712065666913986, -0.18581777811050415, -0.057892583310604095, 0.9934087991714478, -0.0989312008023262, 0.18076322972774506, 0.10789008438587189, 0.9775911569595337),
            ["RightHand"] = CFrame.new(0, 0, 1.1920928955078125e-07, 0.9292101860046387, 0.0588027685880661, -0.36484313011169434, -0.12378405034542084, 0.9797539114952087, -0.15735255181789398, 0.34820374846458435, 0.1913752257823944, 0.9176762700080872),
            ["HumanoidRootPart"] = CFrame.new(0, 0, 0, 1, 0, 0, 0, 1, 0, 0, 0, 1),
            ["ECO_Emote_Truck_Wheels_back02"] = CFrame.new(0, 0, 0, 1, 0, 0, 0, 1, 0, 0, 0, 1),
            ["RightLowerLeg"] = CFrame.new(-3.725290298461914e-09, 3.5762786865234375e-07, -2.0656443666666746e-08, 1, -1.5857222024351358e-07, -2.374873417920753e-07, 1.417938477743519e-07, -0.5312219262123108, 0.8472326397895813, -2.2118908304946672e-07, -0.8472327589988708, -0.5312221646308899),
            ["LeftUpperLeg"] = CFrame.new(0, 2.3981556296348572e-08, -1.862645149230957e-09, 0.8990357518196106, -0.18485666811466217, -0.3969418406486511, 0.14175379276275635, 0.9805711507797241, -0.1355952024459839, 0.41429540514945984, 0.0656370222568512, 0.9077726602554321),
            ["LeftLowerLeg"] = CFrame.new(8.568167686462402e-08, 5.960464477539063e-08, 0, 1, 4.6566150047056e-08, 1.862644971595273e-08, -2.9802322387695312e-08, 0.9513924717903137, 0.3079811930656433, -5.960464477539063e-08, -0.30798134207725525, 0.9513924717903137),
            ["RightUpperArm"] = CFrame.new(0, -5.960464477539062e-07, 5.21540641784668e-08, 0.2785562574863434, -0.8246933221817017, -0.49222680926322937, 0.7466844916343689, 0.5082981586456299, -0.4290630519390106, 0.6040436029434204, -0.24802009761333466, 0.7573755979537964),
            ["Head"] = CFrame.new(7.450580596923828e-09, -7.152557373046875e-07, 1.4901161193847656e-08, 0.9929940700531006, -0.07414611428976059, -0.09200707077980042, 0.054097648710012436, 0.9774985909461975, -0.20388731360435486, 0.10505421459674835, 0.19748163223266602, 0.9746614098548889),
            ["UpperTorso"] = CFrame.new(6.548361852765083e-10, 1.1920928955078125e-07, -8.149072527885437e-10, 0.976999044418335, -0.1454443335533142, -0.15594550967216492, 0.1467612385749817, 0.9891671538352966, -0.003098411951214075, 0.15470682084560394, -0.01985957846045494, 0.9877609014511108),
            ["ECO_Emote_Truck_Wheels_back01"] = CFrame.new(0, 0, 0, 1, 0, 0, 0, 1, 0, 0, 0, 1),
            ["ECO_Emote_Truck_Wheels_front"] = CFrame.new(0, 0, 0, 1, 0, 0, 0, 1, 0, 0, 0, 1),
            ["LeftUpperArm"] = CFrame.new(-1.1920928955078125e-07, -9.5367431640625e-07, -2.2351741790771484e-08, 0.2619988024234772, 0.8824267387390137, 0.3907424211502075, -0.8397928476333618, 0.4079592525959015, -0.3582138419151306, -0.4755047559738159, -0.2342911660671234, 0.8479406237602234),
            ["RightLowerArm"] = CFrame.new(-2.086162567138672e-07, -2.384185791015625e-07, -2.980232238769531e-07, 1, -5.960463766996327e-08, 0, 1.1175868053214799e-07, 0.23599714040756226, -0.9717538356781006, 8.940694584680386e-08, 0.9717537760734558, 0.23599699139595032),
            ["LeftHand"] = CFrame.new(1.341104507446289e-07, 5.960464477539063e-08, 7.450580596923828e-08, 0.8121292591094971, 0.5774021148681641, 0.08398234099149704, -0.5045374035835266, 0.7672364711761475, -0.39596715569496155, -0.2930666506290436, 0.27920424938201904, 0.9144161939620972),
            ["ECO_Emote_Truck_Bed"] = CFrame.new(0, 0, 0, 1, 0, 0, 0, 1, 0, 0, 0, 1),
            ["ECO_Emote_Truck_Chasis"] = CFrame.new(0, 0, 0, 1, 0, 0, 0, 1, 0, 0, 0, 1),
            ["RightFoot"] = CFrame.new(-5.727633833885193e-08, 3.5762786865234375e-07, -7.653579814359546e-08, 0.983527421951294, 0.16337408125400543, 0.07734965533018112, -0.15920597314834595, 0.9855793714523315, -0.05733160302042961, -0.08560065180063248, 0.04407278820872307, 0.9953543543815613),
            ["RightUpperLeg"] = CFrame.new(0, 3.073364496231079e-08, 1.227454049512744e-08, 0.7888270020484924, 0.21951454877853394, 0.5740777850151062, 0.028202202171087265, 0.920132577419281, -0.3905903398990631, -0.6139678955078125, 0.3242983818054199, 0.7196345329284668),
            ["LowerTorso"] = CFrame.new(-0.15011829137802124, -0.05355823040008545, -0.04316683113574982, 0.9956588745117188, 0.0917581170797348, -0.015621902421116829, -0.09260102361440659, 0.9934781193733215, -0.06653042882680893, 0.009415311738848686, 0.06768819689750671, 0.9976621866226196),
        }},
        {Time = 0.067, Data = {
            ["LeftLowerArm"] = CFrame.new(0, 5.960464477539063e-08, -5.960464477539063e-08, 1, -5.5879340266073996e-08, 1.7881393432617188e-07, 2.60770320892334e-08, -0.34200483560562134, -0.9396982192993164, 1.6391277313232422e-07, 0.9396981596946716, -0.34200483560562134),
            ["LeftFoot"] = CFrame.new(5.587935447692871e-08, -5.960464477539063e-08, 0, 0.9951986074447632, 0.08958504348993301, -0.039424650371074677, -0.09391830861568451, 0.9874463677406311, -0.12700003385543823, 0.027552414685487747, 0.13009294867515564, 0.9911189079284668),
            ["RightHand"] = CFrame.new(-9.685754776000977e-08, 0, 2.384185791015625e-07, 0.9200151562690735, -0.05591941997408867, -0.3878726363182068, -0.012656204402446747, 0.9850107431411743, -0.1720280796289444, 0.3916783332824707, 0.16317754983901978, 0.9055171608924866),
            ["HumanoidRootPart"] = CFrame.new(0, 0, 0, 1, 0, 0, 0, 1, 0, 0, 0, 1),
            ["ECO_Emote_Truck_Wheels_back02"] = CFrame.new(0, 0, 0, 1, 0, 0, 0, 1, 0, 0, 0, 1),
            ["RightLowerLeg"] = CFrame.new(4.470348358154297e-08, 2.384185791015625e-07, -1.3205863069742918e-08, 1, -8.501228876411915e-08, -2.365560760608787e-07, 9.313227167240257e-08, -0.5256838798522949, 0.8506800532341003, -2.2165480118019332e-07, -0.8506800532341003, -0.5256838202476501),
            ["LeftUpperLeg"] = CFrame.new(2.9802322387695312e-08, -2.270098775625229e-07, -2.3283064365386963e-10, 0.970930278301239, -0.16863171756267548, -0.16987572610378265, 0.17534607648849487, 0.9841837882995605, 0.025219794362783432, 0.16293607652187347, -0.05427372455596924, 0.9851428270339966),
            ["LeftLowerLeg"] = CFrame.new(9.313225746154785e-10, -5.960464477539063e-08, -7.450580596923828e-09, 1, 2.6077035641947077e-08, 0, -2.8870996260366155e-08, 0.962989330291748, 0.26953986287117004, 3.259628567064965e-09, -0.26953983306884766, 0.962989330291748),
            ["RightUpperArm"] = CFrame.new(-1.1920928955078125e-07, -1.1920928955078125e-07, 5.21540641784668e-08, 0.20162278413772583, -0.7745972871780396, -0.5994560718536377, 0.5815541744232178, 0.5871403217315674, -0.5630815625190735, 0.7881262302398682, -0.2350860834121704, 0.5688511729240417),
            ["Head"] = CFrame.new(-4.6566128730773926e-09, 1.1920928955078125e-07, 7.450580596923828e-09, 0.9948970675468445, -0.08088991791009903, -0.060305070132017136, 0.06944946944713593, 0.9826021790504456, -0.17224925756454468, 0.07318908721208572, 0.1671823114156723, 0.9832057356834412),
            ["UpperTorso"] = CFrame.new(2.5625922717154026e-08, -1.1920928955078125e-07, 2.2264430299401283e-08, 0.9798237085342407, -0.11078491806983948, -0.1663501262664795, 0.12254278361797333, 0.9905163645744324, 0.062134262174367905, 0.1578889936208725, -0.08126562088727951, 0.9841071963310242),
            ["ECO_Emote_Truck_Wheels_back01"] = CFrame.new(0, 0, 0, 1, 0, 0, 0, 1, 0, 0, 0, 1),
            ["ECO_Emote_Truck_Wheels_front"] = CFrame.new(0, 0, 0, 1, 0, 0, 0, 1, 0, 0, 0, 1),
            ["LeftUpperArm"] = CFrame.new(1.7881393432617188e-07, 2.384185791015625e-07, -2.2351741790771484e-08, 0.38862547278404236, 0.8388393521308899, 0.38120728731155396, -0.6990981698036194, 0.5379458665847778, -0.4710371494293213, -0.6001933217048645, -0.08344429731369019, 0.795490562915802),
            ["RightLowerArm"] = CFrame.new(0, -1.1920928955078125e-07, 2.9802322387695312e-08, 1, -5.5879347371501353e-08, 1.0989607801548118e-07, 1.862645149230957e-08, 0.2861121892929077, -0.958196222782135, 8.009374141693115e-08, 0.9581961631774902, 0.2861122190952301),
            ["LeftHand"] = CFrame.new(-3.129243850708008e-07, 0, -1.4901161193847656e-08, 0.758311927318573, 0.6336658596992493, 0.15307195484638214, -0.5438750982284546, 0.7444260716438293, -0.38733622431755066, -0.35939255356788635, 0.21046969294548035, 0.9091423153877258),
            ["ECO_Emote_Truck_Bed"] = CFrame.new(0, 0, 0, 1, 0, 0, 0, 1, 0, 0, 0, 1),
            ["ECO_Emote_Truck_Chasis"] = CFrame.new(0, 0, 0, 1, 0, 0, 0, 1, 0, 0, 0, 1),
            ["RightFoot"] = CFrame.new(-5.21540641784668e-08, 2.980232238769531e-07, 8.365168469026685e-08, 0.9647635221481323, 0.21955512464046478, 0.14500649273395538, -0.21637238562107086, 0.9755880832672119, -0.03756430745124817, -0.14971411228179932, 0.004865342751145363, 0.9887174367904663),
            ["RightUpperLeg"] = CFrame.new(0, -3.1176023185253143e-07, 7.443304639309645e-09, 0.8507387042045593, 0.24250994622707367, 0.46629658341407776, -0.044523000717163086, 0.9172520637512207, -0.39581093192100525, -0.5236996412277222, 0.3159707486629486, 0.7911391854286194),
            ["LowerTorso"] = CFrame.new(-0.1529427021741867, -0.04140639305114746, -0.02545572817325592, 0.9975461363792419, 0.06998839974403381, -0.0018133551348000765, -0.06971900165081024, 0.9906732439994812, -0.11707271635532379, -0.006397289223968983, 0.1169118732213974, 0.9931216835975647),
        }},
        {Time = 0.100, Data = {
            ["LeftLowerArm"] = CFrame.new(1.1920928955078125e-07, -1.7881393432617188e-07, 0, 1, -1.7043201694377785e-07, 1.3411042232291948e-07, 4.4703494239684005e-08, -0.3627759516239166, -0.9318764209747314, 1.1920931797249068e-07, 0.9318764209747314, -0.3627759516239166),
            ["LeftFoot"] = CFrame.new(-7.450580596923828e-09, -1.1920928955078125e-07, 2.9802322387695312e-08, 0.984684407711029, 0.13463366031646729, 0.1107727512717247, -0.12004640698432922, 0.9843215942382812, -0.12922902405261993, -0.1264345645904541, 0.1139516606926918, 0.9854082465171814),
            ["RightHand"] = CFrame.new(-4.3585896492004395e-07, 1.7881393432617188e-07, -2.9802322387695312e-08, 0.9023354649543762, -0.1447228491306305, -0.40601271390914917, 0.08384227007627487, 0.9828882813453674, -0.1640157401561737, 0.422801673412323, 0.11395624279975891, 0.8990287780761719),
            ["HumanoidRootPart"] = CFrame.new(0, 0, 0, 1, 0, 0, 0, 1, 0, 0, 0, 1),
            ["ECO_Emote_Truck_Wheels_back02"] = CFrame.new(0, 0, 0, 1, 0, 0, 0, 1, 0, 0, 0, 1),
            ["RightLowerLeg"] = CFrame.new(-1.4901161193847656e-08, 1.7881393432617188e-07, -1.6931153368204832e-08, 1, -9.918587551283053e-08, -2.421439546651527e-07, 1.3783575525394554e-07, -0.5803667902946472, 0.8143548965454102, -2.309680269263481e-07, -0.814355194568634, -0.5803672671318054),
            ["LeftUpperLeg"] = CFrame.new(-1.1920928955078125e-07, 2.817832864820957e-07, 6.752088665962219e-08, 0.9740096926689148, -0.21526658535003662, 0.07046595215797424, 0.18428935110569, 0.9340197443962097, 0.30601441860198975, -0.13169121742248535, -0.2850746214389801, 0.9494155645370483),
            ["LeftLowerLeg"] = CFrame.new(-6.426125764846802e-08, 1.7881393432617188e-07, -3.3527612686157227e-08, 1, 5.58793811222813e-09, 1.862645149230957e-09, -1.1175872671742582e-08, 0.9999877214431763, 0.00495544821023941, 7.450581485102248e-09, -0.004955448675900698, 0.9999877214431763),
            ["RightUpperArm"] = CFrame.new(-1.1920928955078125e-07, -7.152557373046875e-07, -7.450580596923828e-09, 0.13639789819717407, -0.7579171657562256, -0.6379320025444031, 0.5004243850708008, 0.6084648966789246, -0.6159107685089111, 0.8549684882164001, -0.2352277785539627, 0.462273508310318),
            ["Head"] = CFrame.new(2.9802322387695312e-08, 0, 7.450580596923828e-09, 0.9982188940048218, -0.05937575921416283, -0.005806847475469112, 0.05865165963768959, 0.9945148825645447, -0.08660315722227097, 0.010917115025222301, 0.08610841631889343, 0.9962260127067566),
            ["UpperTorso"] = CFrame.new(-5.704350769519806e-09, 2.9802322387695312e-08, 1.0657822713255882e-07, 0.9802477955818176, -0.1001189723610878, -0.17055977880954742, 0.1220557764172554, 0.9848235249519348, 0.12339019030332565, 0.15561756491661072, -0.14177072048187256, 0.9775910973548889),
            ["ECO_Emote_Truck_Wheels_back01"] = CFrame.new(0, 0, 0, 1, 0, 0, 0, 1, 0, 0, 0, 1),
            ["ECO_Emote_Truck_Wheels_front"] = CFrame.new(0, 0, 0, 1, 0, 0, 0, 1, 0, 0, 0, 1),
            ["LeftUpperArm"] = CFrame.new(1.7881393432617188e-07, -9.5367431640625e-07, 7.450580596923828e-09, 0.47558778524398804, 0.7814394235610962, 0.4039415121078491, -0.5732945799827576, 0.623621940612793, -0.5314404964447021, -0.6671952605247498, 0.021169114857912064, 0.7445820569992065),
            ["RightLowerArm"] = CFrame.new(-2.384185791015625e-07, -1.1920928955078125e-07, -8.940696716308594e-08, 1, -7.078051567077637e-08, 2.7939673685750677e-08, 8.940698847936801e-08, 0.3394204378128052, -0.9406347870826721, 2.328306969445748e-08, 0.9406348466873169, 0.3394203782081604),
            ["LeftHand"] = CFrame.new(-3.725290298461914e-07, -2.384185791015625e-07, -4.470348358154297e-08, 0.709657609462738, 0.6811456084251404, 0.18007570505142212, -0.5929610729217529, 0.7154608964920044, -0.3694763779640198, -0.38050413131713867, 0.1554238349199295, 0.9116249084472656),
            ["ECO_Emote_Truck_Bed"] = CFrame.new(0, 0, 0, 1, 0, 0, 0, 1, 0, 0, 0, 1),
            ["ECO_Emote_Truck_Chasis"] = CFrame.new(0, 0, 0, 1, 0, 0, 0, 1, 0, 0, 0, 1),
            ["RightFoot"] = CFrame.new(7.450580596923828e-08, 2.980232238769531e-07, -1.529042492620647e-07, 0.9751126170158386, 0.21692128479480743, -0.04583168029785156, -0.21875342726707458, 0.9749751091003418, -0.039632394909858704, 0.03608764708042145, 0.048671841621398926, 0.9981626868247986),
            ["RightUpperLeg"] = CFrame.new(5.960464477539063e-08, 3.080349415540695e-07, 6.955087883397937e-08, 0.9385789036750793, 0.17583079636096954, 0.2969059646129608, -0.051708150655031204, 0.9223880767822266, -0.3827883005142212, -0.3411684036254883, 0.343924343585968, 0.8748257160186768),
            ["LowerTorso"] = CFrame.new(-0.1529504805803299, -0.04887521266937256, -0.011345922946929932, 0.9976939558982849, 0.06780167669057846, 0.003140355460345745, -0.06638253480195999, 0.9843673706054688, -0.163138747215271, -0.014152344316244125, 0.1625540405511856, 0.9865982532501221),
        }},
        {Time = 0.133, Data = {
            ["LeftLowerArm"] = CFrame.new(-2.384185791015625e-07, -1.7881393432617188e-07, -1.341104507446289e-07, 1, -4.8428766774577525e-08, 1.0430811414607888e-07, 1.6391281576488836e-07, -0.3796207308769226, -0.925142228603363, 8.940698847936801e-08, 0.9251421689987183, -0.37962085008621216),
            ["LeftFoot"] = CFrame.new(3.725290298461914e-09, -5.960464477539063e-08, 4.0978193283081055e-08, 0.9783534407615662, 0.1518089324235916, 0.14063671231269836, -0.11928386241197586, 0.9690341353416443, -0.2162044197320938, -0.16910354793071747, 0.1947486698627472, 0.9661661386489868),
            ["RightHand"] = CFrame.new(-6.705522537231445e-08, 5.960464477539063e-08, 2.682209014892578e-07, 0.8733190894126892, -0.23352034389972687, -0.4275306463241577, 0.18758229911327362, 0.9711458086967468, -0.14727123081684113, 0.4495849907398224, 0.04841761663556099, 0.8919242024421692),
            ["HumanoidRootPart"] = CFrame.new(0, 0, 0, 1, 0, 0, 0, 1, 0, 0, 0, 1),
            ["ECO_Emote_Truck_Wheels_back02"] = CFrame.new(0, 0, 0, 1, 0, 0, 0, 1, 0, 0, 0, 1),
            ["RightLowerLeg"] = CFrame.new(-2.9802322387695312e-08, 4.76837158203125e-07, -1.007501850835979e-07, 1, -1.1408698696868669e-07, -2.607704345791717e-07, 1.2293457984924316e-07, -0.6486275792121887, 0.761106014251709, -2.421438694000244e-07, -0.7611059546470642, -0.6486276388168335),
            ["LeftUpperLeg"] = CFrame.new(0, -1.7462298274040222e-07, 9.778887033462524e-09, 0.9308311343193054, -0.271444171667099, 0.24468670785427094, 0.16016791760921478, 0.904838502407074, 0.39447900652885437, -0.3284810483455658, -0.3280024528503418, 0.8857282996177673),
            ["LeftLowerLeg"] = CFrame.new(2.60770320892334e-08, 0, 2.2351741790771484e-08, 1, -7.450580596923828e-09, 5.7742006731587026e-08, -7.4505797087454084e-09, 0.9999877214431763, 0.0049653728492558, 3.725289943190546e-08, -0.00496537983417511, 0.9999877214431763),
            ["RightUpperArm"] = CFrame.new(0, 5.960464477539062e-07, 1.1175870895385742e-08, 0.108113594353199, -0.7455679774284363, -0.6576016545295715, 0.4655497372150421, 0.6224344372749329, -0.6291573643684387, 0.8783934712409973, -0.2381257861852646, 0.4143926501274109),
            ["Head"] = CFrame.new(-1.30385160446167e-08, 2.384185791015625e-07, 7.450580596923828e-09, 0.9960580468177795, -0.036781203001737595, 0.08071886748075485, 0.038025014102458954, 0.9991797804832458, -0.013925816863775253, -0.08014045655727386, 0.01694035902619362, 0.9966396689414978),
            ["UpperTorso"] = CFrame.new(2.270098775625229e-08, -2.9802322387695312e-08, 2.735760062932968e-08, 0.9793777465820312, -0.10538622736930847, -0.17237459123134613, 0.13564203679561615, 0.9752867221832275, 0.1744050532579422, 0.149734765291214, -0.1941896677017212, 0.969468891620636),
            ["ECO_Emote_Truck_Wheels_back01"] = CFrame.new(0, 0, 0, 1, 0, 0, 0, 1, 0, 0, 0, 1),
            ["ECO_Emote_Truck_Wheels_front"] = CFrame.new(0, 0, 0, 1, 0, 0, 0, 1, 0, 0, 0, 1),
            ["LeftUpperArm"] = CFrame.new(0, 2.384185791015625e-07, -1.1175870895385742e-08, 0.5548579692840576, 0.7072324752807617, 0.4381266236305237, -0.4385005235671997, 0.6961517930030823, -0.5684100985527039, -0.707000732421875, 0.12326816469430923, 0.6963871121406555),
            ["RightLowerArm"] = CFrame.new(0, -4.76837158203125e-07, 3.5762786865234375e-07, 1, -1.3038514623531228e-07, 9.313225746154785e-08, 4.4703494239684005e-08, 0.3871039152145386, -0.9220361113548279, 1.0617080192787398e-07, 0.9220360517501831, 0.3871040940284729),
            ["LeftHand"] = CFrame.new(5.513429641723633e-07, 4.76837158203125e-07, -3.725290298461914e-08, 0.6687536239624023, 0.7189493775367737, 0.1894228756427765, -0.6395159363746643, 0.6861945390701294, -0.34663549065589905, -0.37919411063194275, 0.11067473888397217, 0.9186745882034302),
            ["ECO_Emote_Truck_Bed"] = CFrame.new(0, 0, 0, 1, 0, 0, 0, 1, 0, 0, 0, 1),
            ["ECO_Emote_Truck_Chasis"] = CFrame.new(0, 0, 0, 1, 0, 0, 0, 1, 0, 0, 0, 1),
            ["RightFoot"] = CFrame.new(7.450580596923828e-09, 2.980232238769531e-07, -1.2496457202360034e-07, 0.9470899701118469, 0.16228120028972626, -0.27692165970802307, -0.1843091994524002, 0.9813123345375061, -0.05528270825743675, 0.2627753019332886, 0.1033971756696701, 0.9593009352684021),
            ["RightUpperLeg"] = CFrame.new(5.960464477539063e-08, -2.828892320394516e-08, 1.5643308870494366e-09, 0.9934744238853455, 0.050240132957696915, 0.1023947075009346, -0.005559699144214392, 0.9180233478546143, -0.3964873254299164, -0.11392033100128174, 0.3933306336402893, 0.9123120307922363),
            ["LowerTorso"] = CFrame.new(-0.15214157104492188, -0.06834602355957031, 0.00011682510375976562, 0.9969684481620789, 0.07773789763450623, 0.003304039826616645, -0.0755118802189827, 0.9769139885902405, -0.19984236359596252, -0.018763085827231407, 0.1989869773387909, 0.97982257604599),
        }},
        {Time = 0.167, Data = {
            ["LeftLowerArm"] = CFrame.new(2.9802322387695312e-08, -3.5762786865234375e-07, -4.284083843231201e-08, 1, 7.450577932388569e-09, 1.043081283569336e-07, 8.940696716308594e-08, -0.3923187255859375, -0.9198293685913086, 1.1920928955078125e-07, 0.9198293685913086, -0.39231860637664795),
            ["LeftFoot"] = CFrame.new(-2.9802322387695312e-08, -5.960464477539063e-08, 1.862645149230957e-08, 0.9897282123565674, 0.13390648365020752, 0.05007277801632881, -0.11982946842908859, 0.9680503010749817, -0.22027207911014557, -0.07796880602836609, 0.21200913190841675, 0.9741524457931519),
            ["RightHand"] = CFrame.new(-1.1920928955078125e-07, 0, 1.1920928955078125e-07, 0.8371573686599731, -0.3088234066963196, -0.45143774151802063, 0.28088924288749695, 0.9509438276290894, -0.12964121997356415, 0.4693281948566437, -0.01827406883239746, 0.8828347325325012),
            ["HumanoidRootPart"] = CFrame.new(0, 0, 0, 1, 0, 0, 0, 1, 0, 0, 0, 1),
            ["ECO_Emote_Truck_Wheels_back02"] = CFrame.new(0, 0, 0, 1, 0, 0, 0, 1, 0, 0, 0, 1),
            ["RightLowerLeg"] = CFrame.new(-1.4202669262886047e-08, 1.7881393432617188e-07, -1.5534169506281614e-08, 1, -1.0686927964798087e-07, -2.568123136370559e-07, 1.059379570733654e-07, -0.7008844017982483, 0.7132747173309326, -2.5657939772827376e-07, -0.7132748365402222, -0.7008845806121826),
            ["LeftUpperLeg"] = CFrame.new(-5.960464477539063e-08, -2.0489096641540527e-08, 1.6065314412117004e-08, 0.8827123045921326, -0.3045274615287781, 0.35788559913635254, 0.125007763504982, 0.8863313794136047, 0.44585880637168884, -0.45298144221305847, -0.34882643818855286, 0.8204437494277954),
            ["LeftLowerLeg"] = CFrame.new(1.4901161193847656e-08, -1.7881393432617188e-07, 2.9802322387695312e-08, 1, 2.2351748896198842e-08, 1.862645326866641e-08, 3.725290742551124e-09, 0.9999877214431763, 0.004957870114594698, 3.539026138810186e-08, -0.004957856610417366, 0.9999877214431763),
            ["RightUpperArm"] = CFrame.new(-5.960464477539063e-08, -3.5762786865234375e-07, 5.587935447692871e-08, 0.07466041296720505, -0.744353175163269, -0.6635996103286743, 0.42430344223976135, 0.6259257197380066, -0.6543570756912231, 0.9024369120597839, -0.23271308839321136, 0.3625635802745819),
            ["Head"] = CFrame.new(1.0244548320770264e-08, 0, 1.1175870895385742e-08, 0.9756671786308289, -0.02638399600982666, 0.2176637351512909, 0.02811877243220806, 0.9995927214622498, -0.004875896964222193, -0.21744640171527863, 0.010877784341573715, 0.9760117530822754),
            ["UpperTorso"] = CFrame.new(3.4924596548080444e-09, 8.940696716308594e-08, 2.8812792152166367e-09, 0.9754676818847656, -0.13209860026836395, -0.1761048287153244, 0.16864460706710815, 0.9625875949859619, 0.2120945304632187, 0.14149893820285797, -0.2365904301404953, 0.9612507820129395),
            ["ECO_Emote_Truck_Wheels_back01"] = CFrame.new(0, 0, 0, 1, 0, 0, 0, 1, 0, 0, 0, 1),
            ["ECO_Emote_Truck_Wheels_front"] = CFrame.new(0, 0, 0, 1, 0, 0, 0, 1, 0, 0, 0, 1),
            ["LeftUpperArm"] = CFrame.new(0, -4.76837158203125e-07, 0, 0.6093286275863647, 0.6332516074180603, 0.47719094157218933, -0.31307005882263184, 0.7450584769248962, -0.5889607667922974, -0.7284955382347107, 0.2094765603542328, 0.6522376537322998),
            ["RightLowerArm"] = CFrame.new(-1.4901161193847656e-07, 1.7881393432617188e-07, 8.940696716308594e-08, 1, -9.685752644372769e-08, 7.823110337312755e-08, 7.078052277620372e-08, 0.43000856041908264, -0.902824878692627, 2.980232594040899e-08, 0.9028248190879822, 0.43000856041908264),
            ["LeftHand"] = CFrame.new(-7.450580596923828e-08, 0, -7.450580596923828e-08, 0.6395691633224487, 0.7473158836364746, 0.1801968216896057, -0.681762158870697, 0.6597104668617249, -0.31619906425476074, -0.35517850518226624, 0.07938012480735779, 0.9314222931861877),
            ["ECO_Emote_Truck_Bed"] = CFrame.new(0, 0, 0, 1, 0, 0, 0, 1, 0, 0, 0, 1),
            ["ECO_Emote_Truck_Chasis"] = CFrame.new(0, 0, 0, 1, 0, 0, 0, 1, 0, 0, 0, 1),
            ["RightFoot"] = CFrame.new(-1.83936208486557e-08, 2.384185791015625e-07, 6.968184607103467e-08, 0.9226004481315613, 0.17702503502368927, -0.3427402675151825, -0.20856493711471558, 0.9763376116752625, -0.05714556574821472, 0.3245137631893158, 0.12420625239610672, 0.9376906156539917),
            ["RightUpperLeg"] = CFrame.new(5.960464477539063e-08, 7.919152267277241e-08, 1.762964529916644e-08, 0.9979351162910461, -0.058053866028785706, 0.027484821155667305, 0.0642135962843895, 0.8916325569152832, -0.44818317890167236, 0.0015124109340831637, 0.44902247190475464, 0.8935191631317139),
            ["LowerTorso"] = CFrame.new(-0.15002942085266113, -0.0939028263092041, 0.009021639823913574, 0.9945365786552429, 0.10435856133699417, -0.0025416023563593626, -0.1021934300661087, 0.968357503414154, -0.22768452763557434, -0.02129965089261532, 0.2267002910375595, 0.9737316370010376),
        }},
        {Time = 0.200, Data = {
            ["LeftLowerArm"] = CFrame.new(-2.086162567138672e-07, 1.7881393432617188e-07, 4.470348358154297e-08, 1, -1.4901159417490817e-08, 4.470348358154297e-08, 5.960464477539063e-08, -0.4002560079097748, -0.9164035320281982, 1.341104507446289e-07, 0.9164033532142639, -0.40025585889816284),
            ["LeftFoot"] = CFrame.new(5.587935447692871e-09, -5.960464477539063e-08, 1.4901161193847656e-08, 0.9926862120628357, 0.11891566216945648, -0.020817147567868233, -0.12034384906291962, 0.9610626101493835, -0.2487490177154541, -0.009573557414114475, 0.24943511188030243, 0.9683442711830139),
            ["RightHand"] = CFrame.new(-2.384185791015625e-07, 0, 5.364418029785156e-07, 0.804763674736023, -0.36011555790901184, -0.47188180685043335, 0.3476601839065552, 0.9302877187728882, -0.11703495681285858, 0.48113197088241577, -0.06986895948648453, 0.8738595843315125),
            ["HumanoidRootPart"] = CFrame.new(0, 0, 0, 1, 0, 0, 0, 1, 0, 0, 0, 1),
            ["ECO_Emote_Truck_Wheels_back02"] = CFrame.new(0, 0, 0, 1, 0, 0, 0, 1, 0, 0, 0, 1),
            ["RightLowerLeg"] = CFrame.new(-3.3527612686157227e-08, 1.1920928955078125e-07, 4.267349140718579e-08, 1, -1.0197980770954018e-07, -2.66591172248809e-07, 9.12696123123169e-08, -0.7395150661468506, 0.6731401085853577, -2.644956111907959e-07, -0.6731401681900024, -0.739514946937561),
            ["LeftUpperLeg"] = CFrame.new(8.940696716308594e-08, 2.775341272354126e-07, -1.3504177331924438e-08, 0.8499472141265869, -0.31089919805526733, 0.42536041140556335, 0.11333154141902924, 0.8963234424591064, 0.42867282032966614, -0.5145345330238342, -0.31614261865615845, 0.7970622777938843),
            ["LeftLowerLeg"] = CFrame.new(-4.0978193283081055e-08, -2.980232238769531e-07, -3.3527612686157227e-08, 1, 1.4901162970204496e-08, 2.6077040971017595e-08, -1.1175872671742582e-08, 0.9936277270317078, 0.11271200329065323, -2.6077035641947077e-08, -0.11271201074123383, 0.9936277866363525),
            ["RightUpperArm"] = CFrame.new(0, 7.152557373046875e-07, 3.725290298461914e-09, 0.045818012207746506, -0.7525596022605896, -0.6569284796714783, 0.3915555775165558, 0.6185252666473389, -0.6812567114830017, 0.9190131425857544, -0.22601014375686646, 0.3230084776878357),
            ["Head"] = CFrame.new(-5.587935447692871e-09, 2.384185791015625e-07, -1.30385160446167e-08, 0.9292051196098328, -0.020447617396712303, 0.36899858713150024, 0.026342473924160004, 0.9995930790901184, -0.010943739674985409, -0.36862459778785706, 0.01988939568400383, 0.9293656349182129),
            ["UpperTorso"] = CFrame.new(5.3551048040390015e-09, 5.960464477539063e-08, 5.122274160385132e-09, 0.9686892628669739, -0.16934533417224884, -0.18155784904956818, 0.21019434928894043, 0.9485703110694885, 0.2367127537727356, 0.13213415443897247, -0.2674635648727417, 0.9544652104377747),
            ["ECO_Emote_Truck_Wheels_back01"] = CFrame.new(0, 0, 0, 1, 0, 0, 0, 1, 0, 0, 0, 1),
            ["ECO_Emote_Truck_Wheels_front"] = CFrame.new(0, 0, 0, 1, 0, 0, 0, 1, 0, 0, 0, 1),
            ["LeftUpperArm"] = CFrame.new(1.1920928955078125e-07, 1.1920928955078125e-07, -3.725290298461914e-08, 0.6346642374992371, 0.5775316953659058, 0.5134769082069397, -0.21570944786071777, 0.7704312801361084, -0.5999208092689514, -0.7420719861984253, 0.26998645067214966, 0.613544225692749),
            ["RightLowerArm"] = CFrame.new(-1.4901161193847656e-07, 1.7881393432617188e-07, -2.086162567138672e-07, 1, -2.2351738238057806e-08, 8.195638656616211e-08, 1.1175872316471214e-07, 0.46891212463378906, -0.8832448720932007, 7.450581485102248e-09, 0.8832448124885559, 0.46891212463378906),
            ["LeftHand"] = CFrame.new(2.2351741790771484e-07, 1.1920928955078125e-07, -1.4901161193847656e-08, 0.6244859099388123, 0.7664498686790466, 0.15024025738239288, -0.7176740765571594, 0.6390032768249512, -0.2768005430698395, -0.308157742023468, 0.06503459811210632, 0.9491098523139954),
            ["ECO_Emote_Truck_Bed"] = CFrame.new(0, 0, 0, 1, 0, 0, 0, 1, 0, 0, 0, 1),
            ["ECO_Emote_Truck_Chasis"] = CFrame.new(0, 0, 0, 1, 0, 0, 0, 1, 0, 0, 0, 1),
            ["RightFoot"] = CFrame.new(-3.166496753692627e-08, 4.76837158203125e-07, 1.7492129700258374e-07, 0.9048134684562683, 0.2017584890127182, -0.3749751150608063, -0.2336297631263733, 0.9714587926864624, -0.041046690195798874, 0.3559911847114563, 0.12474513053894043, 0.9261257648468018),
            ["RightUpperLeg"] = CFrame.new(0, -3.341119736433029e-08, 5.3252733778208494e-08, 0.9874799251556396, -0.15772923827171326, 0.0022269929759204388, 0.13547740876674652, 0.8407684564590454, -0.5241702795028687, 0.08080459386110306, 0.5179091691970825, 0.8516106009483337),
            ["LowerTorso"] = CFrame.new(-0.14701348543167114, -0.11962711811065674, 0.015581011772155762, 0.9901621341705322, 0.1394009292125702, -0.012103713117539883, -0.13804525136947632, 0.9590632915496826, -0.24726757407188416, -0.02286110445857048, 0.24650585651397705, 0.9688716530799866),
        }},
        {Time = 0.233, Data = {
            ["LeftLowerArm"] = CFrame.new(-3.2782554626464844e-07, -5.960464477539063e-08, -2.2351741790771484e-08, 1, -2.9802318834981634e-08, 5.21540641784668e-08, 1.1920931797249068e-07, -0.40301239490509033, -0.9151946306228638, 1.5646223516796454e-07, 0.9151945114135742, -0.4030122756958008),
            ["LeftFoot"] = CFrame.new(-2.421438694000244e-08, 1.1920928955078125e-07, -1.4901161193847656e-08, 0.9923494458198547, 0.11606281250715256, -0.04209486395120621, -0.12341641634702682, 0.9416980743408203, -0.31300678849220276, 0.0033121351152658463, 0.3158072531223297, 0.9488175511360168),
            ["RightHand"] = CFrame.new(8.940696716308594e-08, 0, -2.980232238769531e-07, 0.7901896238327026, -0.38009411096572876, -0.4807589054107666, 0.37378552556037903, 0.9205524325370789, -0.11343519389629364, 0.4856798052787781, -0.09006547182798386, 0.8694846034049988),
            ["HumanoidRootPart"] = CFrame.new(0, 0, 0, 1, 0, 0, 0, 1, 0, 0, 0, 1),
            ["ECO_Emote_Truck_Wheels_back02"] = CFrame.new(0, 0, 0, 1, 0, 0, 0, 1, 0, 0, 0, 1),
            ["RightLowerLeg"] = CFrame.new(7.450580596923828e-09, 2.980232238769531e-07, 2.032174961641431e-08, 1, -1.1245718667396432e-07, -2.6077046300088114e-07, 9.313225746154785e-08, -0.7395265102386475, 0.6731276512145996, -2.60770320892334e-07, -0.6731275916099548, -0.7395263910293579),
            ["LeftUpperLeg"] = CFrame.new(5.960464477539063e-08, -1.4901161193847656e-08, -3.259629011154175e-08, 0.8406851887702942, -0.2766287922859192, 0.46553733944892883, 0.11643306165933609, 0.9319093227386475, 0.3434944450855255, -0.52885901927948, -0.2345668375492096, 0.8156510591506958),
            ["LeftLowerLeg"] = CFrame.new(-1.6298145055770874e-08, -1.1920928955078125e-07, -1.862645149230957e-09, 1, 3.7252917195473856e-08, 3.725290298461914e-08, -4.749744419996205e-08, 0.9480464458465576, 0.31813210248947144, 2.9336657547673894e-08, -0.318132221698761, 0.9480463862419128),
            ["RightUpperArm"] = CFrame.new(0, 0, -7.450580596923828e-09, 0.017938971519470215, -0.7697734236717224, -0.6380652785301208, 0.3740650415420532, 0.5969900488853455, -0.7097029089927673, 0.9272290468215942, -0.2259465754032135, 0.29865479469299316),
            ["Head"] = CFrame.new(-1.3969838619232178e-08, 0, -1.6763806343078613e-08, 0.877223551273346, -0.0208682119846344, 0.4796285033226013, 0.033660054206848145, 0.9992697238922119, -0.01808561198413372, -0.4789007604122162, 0.0320095457136631, 0.8772853016853333),
            ["UpperTorso"] = CFrame.new(4.44706529378891e-08, -8.940696716308594e-08, -3.5390257835388184e-08, 0.9651492834091187, -0.18845568597316742, -0.1815803498029709, 0.23112639784812927, 0.9392746686935425, 0.25366055965423584, 0.12275006622076035, -0.28678834438323975, 0.9500973224639893),
            ["ECO_Emote_Truck_Wheels_back01"] = CFrame.new(0, 0, 0, 1, 0, 0, 0, 1, 0, 0, 0, 1),
            ["ECO_Emote_Truck_Wheels_front"] = CFrame.new(0, 0, 0, 1, 0, 0, 0, 1, 0, 0, 0, 1),
            ["LeftUpperArm"] = CFrame.new(1.7881393432617188e-07, -3.5762786865234375e-07, -2.2351741790771484e-08, 0.6357958912849426, 0.5525680780410767, 0.5389174818992615, -0.16118431091308594, 0.7778652310371399, -0.6074086427688599, -0.7548398971557617, 0.2993229329586029, 0.5836288928985596),
            ["RightLowerArm"] = CFrame.new(0, 1.1920928955078125e-07, 2.9802322387695312e-08, 1, -9.359789743257352e-08, 7.078050856534901e-08, 1.3411046495548362e-07, 0.504692792892456, -0.8632990717887878, 4.4703490686970326e-08, 0.8632991313934326, 0.5046926140785217),
            ["LeftHand"] = CFrame.new(-1.1920928955078125e-07, 2.980232238769531e-07, 0, 0.6232941150665283, 0.7760539054870605, 0.096152164041996, -0.7450013160705566, 0.6266752481460571, -0.22858449816703796, -0.23765024542808533, 0.07084182649850845, 0.9687641263008118),
            ["ECO_Emote_Truck_Bed"] = CFrame.new(0, 0, 0, 1, 0, 0, 0, 1, 0, 0, 0, 1),
            ["ECO_Emote_Truck_Chasis"] = CFrame.new(0, 0, 0, 1, 0, 0, 0, 1, 0, 0, 0, 1),
            ["RightFoot"] = CFrame.new(-1.862645149230957e-08, 3.5762786865234375e-07, -1.091320882551372e-07, 0.8925502300262451, 0.19340544939041138, -0.4073677062988281, -0.22855225205421448, 0.9727529287338257, -0.03892990201711655, 0.3887389898300171, 0.12785200774669647, 0.9124341607093811),
            ["RightUpperLeg"] = CFrame.new(0, 4.959292709827423e-08, -3.6154233384877443e-08, 0.9741557240486145, -0.22472716867923737, -0.02276696264743805, 0.1693354845046997, 0.7932897806167603, -0.5848221778869629, 0.1494862586259842, 0.5658524632453918, 0.810841977596283),
            ["LowerTorso"] = CFrame.new(-0.14401564002037048, -0.13934814929962158, 0.01991051435470581, 0.9868622422218323, 0.160559743642807, -0.0179884172976017, -0.15967494249343872, 0.9522804021835327, -0.26012691855430603, -0.02463589422404766, 0.25958171486854553, 0.9654068946838379),
        }},
        {Time = 0.267, Data = {
