return {
    ["Boo'd Up Groove"] = {
        {Time = 0.000, Data = {
            ["LeftFoot"] = CFrame.new(-3.3527612686157227e-08, 5.960464477539063e-08, -3.7136487662792206e-08, 0.9737800359725952, -0.012530000880360603, -0.22714652121067047, -0.05159392207860947, 0.9603001475334167, -0.2741564214229584, 0.22156406939029694, 0.27868738770484924, 0.9344745874404907),
            ["LeftLowerArm"] = CFrame.new(-1.1920928955078125e-07, -5.960464477539063e-08, -1.341104507446289e-07, 1, 0, 1.3411042232291948e-07, 8.195639367158947e-08, -0.3444787263870239, -0.9387941360473633, 1.4901162614933128e-07, 0.9387941956520081, -0.3444785475730896),
            ["LowerTorso"] = CFrame.new(-0.10307967662811279, -0.20572590827941895, -0.09472906589508057, 0.9863603711128235, -0.15982946753501892, -0.039343368262052536, 0.16324713826179504, 0.98048335313797, 0.10955768823623657, 0.021064968779683113, -0.11448608338832855, 0.993201494216919),
            ["Head"] = CFrame.new(2.6542693376541138e-08, 1.1920928955078125e-07, -3.259629011154175e-09, 0.9981033802032471, 0.06031867116689682, -0.012304570525884628, -0.061557356268167496, 0.9757605195045471, -0.21000511944293976, -0.0006609164993278682, 0.21036437153816223, 0.9776228666305542),
            ["RightUpperArm"] = CFrame.new(0, 1.1920928955078125e-07, 1.6763806343078613e-08, 0.7353122234344482, -0.49982118606567383, -0.45770588517189026, 0.26198193430900574, 0.832480788230896, -0.4882020950317383, 0.625045120716095, 0.23907029628753662, 0.7430774569511414),
            ["UpperTorso"] = CFrame.new(-6.728805601596832e-08, -2.9802322387695312e-08, -2.9336661100387573e-08, 0.994869589805603, 0.09541630744934082, 0.03362079709768295, -0.09770635515451431, 0.9924030900001526, 0.07476397603750229, -0.026231680065393448, -0.07766532152891159, 0.9966343641281128),
            ["HumanoidRootPart"] = CFrame.new(0, 0, 0, 1, 0, 0, 0, 1, 0, 0, 0, 1),
            ["RightHand"] = CFrame.new(2.384185791015625e-07, 0, 2.086162567138672e-07, 0.8586456775665283, -0.5010685920715332, 0.10797323286533356, 0.5115765333175659, 0.8508589863777161, -0.11970080435276031, -0.03189162537455559, 0.15801715850830078, 0.9869211912155151),
            ["LeftUpperArm"] = CFrame.new(1.1920928955078125e-07, 3.5762786865234375e-07, 3.725290298461914e-09, 0.63517826795578, 0.6563930511474609, 0.4070586562156677, -0.4030514061450958, 0.7312700152397156, -0.5502670407295227, -0.6588612794876099, 0.18545211851596832, 0.7290470004081726),
            ["RightLowerArm"] = CFrame.new(-1.7881393432617188e-07, -5.960464477539063e-08, -1.9371509552001953e-07, 1, -1.1920927533992653e-07, 7.450581307466564e-08, 1.303851746570217e-07, -0.28568440675735474, -0.9583238959312439, 4.4703490686970326e-08, 0.9583237767219543, -0.2856843173503876),
            ["LeftHand"] = CFrame.new(-2.980232238769531e-07, -3.5762786865234375e-07, 2.8312206268310547e-07, 0.8669013977050781, 0.3783511221408844, -0.32454997301101685, -0.4685451090335846, 0.840697705745697, -0.2714639902114868, 0.1701396256685257, 0.387398898601532, 0.9060766100883484),
            ["RightUpperLeg"] = CFrame.new(0, -1.601874828338623e-07, -1.7527781892567873e-08, 0.8264598250389099, 0.07934270799160004, -0.5573769211769104, -0.2759026288986206, 0.9200668334960938, -0.2781274616718292, 0.4907565712928772, 0.3836427927017212, 0.7822890281677246),
            ["LeftUpperLeg"] = CFrame.new(-2.384185791015625e-07, -1.7974525690078735e-07, -5.587935447692871e-09, 0.9466784596443176, -0.07530443370342255, 0.3132559359073639, 0.1548440307378769, 0.958987832069397, -0.2374144345521927, -0.28253018856048584, 0.2732609510421753, 0.9195135235786438),
            ["RightLowerLeg"] = CFrame.new(2.2351741790771484e-08, 1.7881393432617188e-07, -1.3241515262052417e-07, 1, -8.195640788244418e-08, -3.3527612686157227e-08, 1.0430811414607888e-07, 0.773419201374054, 0.6338944435119629, -6.146728281919422e-08, -0.6338949203491211, 0.7734196782112122),
            ["RightFoot"] = CFrame.new(-2.0489096641540527e-08, 2.980232238769531e-07, 2.4047039914876223e-08, 0.9438058733940125, 0.028629660606384277, 0.329257994890213, 0.07139160484075546, 0.9550602436065674, -0.2876858115196228, -0.32269757986068726, 0.29502591490745544, 0.8993476629257202),
            ["LeftLowerLeg"] = CFrame.new(-5.960464477539063e-08, 0, 7.450580596923828e-09, 1, 4.4703494239684005e-08, 1.3969840395589017e-08, -5.587935447692871e-08, 0.5745221972465515, 0.8184888362884521, 4.470348358154297e-08, -0.8184890151023865, 0.5745225548744202),
        }},
        {Time = 0.033, Data = {
            ["LeftFoot"] = CFrame.new(1.1175870895385742e-08, -1.1920928955078125e-07, -2.7939677238464355e-09, 0.9742335677146912, 0.05191975086927414, -0.21948449313640594, -0.0688612088561058, 0.9951497316360474, -0.07025060802698135, 0.21477262675762177, 0.08355458080768585, 0.9730835556983948),
            ["LeftLowerArm"] = CFrame.new(5.960464477539063e-08, 0, 0, 1, -8.568165554834195e-08, 1.043081283569336e-07, 7.078050856534901e-08, -0.3845546841621399, -0.9231022596359253, 1.1920927533992653e-07, 0.9231022000312805, -0.38455474376678467),
            ["LowerTorso"] = CFrame.new(-0.10978749394416809, -0.17609107494354248, -0.10349198430776596, 0.98580002784729, -0.16424554586410522, -0.034955449402332306, 0.16680364310741425, 0.9817781448364258, 0.09104023873806, 0.019365541636943817, -0.09557817131280899, 0.9952335953712463),
            ["Head"] = CFrame.new(7.916241884231567e-09, 1.1920928955078125e-07, -1.4435499906539917e-08, 0.9987292289733887, 0.0472240075469017, -0.017607521265745163, -0.049523938447237015, 0.9843823909759521, -0.16893421113491058, 0.009354782290756702, 0.16959156095981598, 0.9854701161384583),
            ["RightUpperArm"] = CFrame.new(0, 0, -7.916241884231567e-08, 0.7730283141136169, -0.5379554033279419, -0.3362014591693878, 0.3697568476200104, 0.8127334713935852, -0.450271338224411, 0.5154680609703064, 0.22375968098640442, 0.8271784782409668),
            ["UpperTorso"] = CFrame.new(-7.2177499532699585e-09, 1.1920928955078125e-07, -1.4435499906539917e-08, 0.9932603240013123, 0.11231682449579239, 0.028619101271033287, -0.11408292502164841, 0.990986704826355, 0.07021744549274445, -0.020474545657634735, -0.07300909608602524, 0.9971211552619934),
            ["HumanoidRootPart"] = CFrame.new(0, 0, 0, 1, 0, 0, 0, 1, 0, 0, 0, 1),
            ["RightHand"] = CFrame.new(3.2782554626464844e-07, 2.384185791015625e-07, -2.980232238769531e-07, 0.8347623944282532, -0.5119640231132507, 0.20264506340026855, 0.5365690588951111, 0.8389627933502197, -0.09074504673480988, -0.12355329841375351, 0.18448375165462494, 0.9750386476516724),
            ["LeftUpperArm"] = CFrame.new(5.960464477539063e-08, 1.1920928955078125e-07, 6.705522537231445e-08, 0.6422780156135559, 0.7048289179801941, 0.30115652084350586, -0.5243010520935059, 0.6906189918518066, -0.49815037846565247, -0.5590951442718506, 0.16205431520938873, 0.8131119608879089),
            ["RightLowerArm"] = CFrame.new(-8.940696716308594e-08, 2.384185791015625e-07, 0, 1, -2.9802311729554276e-08, 5.960463056453591e-08, 6.705522537231445e-08, -0.33160531520843506, -0.9434182047843933, 1.4901161193847656e-07, 0.9434181451797485, -0.33160534501075745),
            ["LeftHand"] = CFrame.new(0, 2.384185791015625e-07, 2.2351741790771484e-07, 0.8693431615829468, 0.36628809571266174, -0.33177658915519714, -0.4608856439590454, 0.8432152271270752, -0.27671685814857483, 0.17840100824832916, 0.39347323775291443, 0.9018603563308716),
            ["RightUpperLeg"] = CFrame.new(-5.960464477539063e-08, 1.3969838619232178e-08, 2.9613147489726543e-09, 0.9021904468536377, 0.0379084013402462, -0.42966917157173157, -0.21953095495700836, 0.8978182077407837, -0.3817445635795593, 0.37129339575767517, 0.43873175978660583, 0.8183248043060303),
            ["LeftUpperLeg"] = CFrame.new(-5.960464477539063e-08, 6.612390279769897e-08, 9.313225746154785e-09, 0.9638568162918091, -0.018838446587324142, 0.2657541036605835, 0.14228223264217377, 0.8797340989112854, -0.4536781311035156, -0.2252463400363922, 0.47509267926216125, 0.8506180047988892),
            ["RightLowerLeg"] = CFrame.new(-4.842877388000488e-08, 1.7881393432617188e-07, 4.639878170564771e-08, 1, -1.1734667282325972e-07, -5.587936335871291e-09, 1.043081283569336e-07, 0.7606907486915588, 0.6491139531135559, -1.7695128917694092e-08, -0.6491144895553589, 0.760691225528717),
            ["RightFoot"] = CFrame.new(-8.381903171539307e-09, 4.172325134277344e-07, 9.145878721028566e-09, 0.8926151394844055, 0.039847977459430695, 0.44905516505241394, 0.006049070507287979, 0.9949376583099365, -0.10031206905841827, -0.45077893137931824, 0.09225674718618393, 0.8878553509712219),
            ["LeftLowerLeg"] = CFrame.new(1.1175870895385742e-08, 0, -4.470348358154297e-08, 1, 1.3411047916633834e-07, 2.2351745343485163e-08, -8.940696716308594e-08, 0.28703734278678894, 0.9579193592071533, 1.4901161193847656e-08, -0.9579194784164429, 0.2870374619960785),
        }},
        {Time = 0.067, Data = {
            ["LeftFoot"] = CFrame.new(-2.2351741790771484e-08, -5.960464477539063e-08, 7.450580596923828e-08, 0.980350136756897, 0.0722876489162445, -0.18354350328445435, -0.06740371882915497, 0.9971891641616821, 0.0327187180519104, 0.1853928118944168, -0.01970437541604042, 0.9824669361114502),
            ["LeftLowerArm"] = CFrame.new(-6.258487701416016e-07, -1.1920928955078125e-07, -2.2351741790771484e-07, 1, -1.1175869474300271e-07, 1.6391277313232422e-07, 1.1548399925231934e-07, -0.40123388171195984, -0.9159756898880005, 1.1920928955078125e-07, 0.9159756898880005, -0.4012339115142822),
            ["LowerTorso"] = CFrame.new(-0.12027685344219208, -0.1620258092880249, -0.12301034480333328, 0.9857773184776306, -0.1661953181028366, -0.024947553873062134, 0.16731229424476624, 0.984495997428894, 0.05267076566815376, 0.01580713503062725, -0.0560956634581089, 0.998300313949585),
            ["Head"] = CFrame.new(3.725290298461914e-09, 0, 2.421438694000244e-08, 0.9993633031845093, 0.027039438486099243, -0.023278197273612022, -0.02939027175307274, 0.9937803745269775, -0.1074100136756897, 0.020229103043675423, 0.10802587121725082, 0.9939423203468323),
            ["RightUpperArm"] = CFrame.new(0, -1.1920928955078125e-07, -1.4901161193847656e-08, 0.7850074768066406, -0.5851644277572632, -0.20333756506443024, 0.48607137799263, 0.7853110432624817, -0.3834334909915924, 0.3840547502040863, 0.2021615356206894, 0.9009066820144653),
            ["UpperTorso"] = CFrame.new(-2.514570951461792e-08, 1.1920928955078125e-07, 1.3969838619232178e-09, 0.9910809993743896, 0.13189150393009186, 0.019059117883443832, -0.1328544318675995, 0.9890663027763367, 0.0640115886926651, -0.010408149100840092, -0.06597273796796799, 0.9977671504020691),
            ["HumanoidRootPart"] = CFrame.new(0, 0, 0, 1, 0, 0, 0, 1, 0, 0, 0, 1),
            ["RightHand"] = CFrame.new(-4.76837158203125e-07, -5.960464477539063e-08, -1.4901161193847656e-07, 0.8060001730918884, -0.5155947804450989, 0.2907331585884094, 0.5538602471351624, 0.8302117586135864, -0.06314590573310852, -0.2088123857975006, 0.21192121505737305, 0.9547182321548462),
            ["LeftUpperArm"] = CFrame.new(0, 4.76837158203125e-07, 3.91155481338501e-08, 0.634748101234436, 0.7491225004196167, 0.18950068950653076, -0.6428109407424927, 0.6480063796043396, -0.4085114896297455, -0.42882266640663147, 0.13748878240585327, 0.8928650617599487),
            ["RightLowerArm"] = CFrame.new(-1.7881393432617188e-07, -5.364418029785156e-07, 5.960464477539063e-08, 1, -6.519257311765614e-08, 4.470348358154297e-08, 2.9802318834981634e-08, -0.3702462315559387, -0.9289337396621704, 8.940695295223122e-08, 0.9289336800575256, -0.37024617195129395),
            ["LeftHand"] = CFrame.new(8.940696716308594e-08, -1.1920928955078125e-07, -2.9802322387695312e-08, 0.8646379113197327, 0.3538151979446411, -0.35667353868484497, -0.4598361849784851, 0.8433102369308472, -0.2781698405742645, 0.2023656815290451, 0.40452778339385986, 0.8918551802635193),
            ["RightUpperLeg"] = CFrame.new(-8.940696716308594e-08, 1.2200325727462769e-07, 7.617927622050047e-09, 0.9643357992172241, 0.041913166642189026, -0.26134252548217773, -0.15435001254081726, 0.8911636471748352, -0.42661890387535095, 0.21501797437667847, 0.4517419636249542, 0.8658501505851746),
            ["LeftUpperLeg"] = CFrame.new(0, 1.816079020500183e-07, -1.7695128917694092e-08, 0.9843639731407166, 0.006609424948692322, 0.1760222464799881, 0.09776106476783752, 0.8107655644416809, -0.5771499276161194, -0.14652743935585022, 0.5853336453437805, 0.7974422574043274),
            ["RightLowerLeg"] = CFrame.new(5.587935447692871e-09, 2.384185791015625e-07, -2.8107024263590574e-08, 1, -9.126963362859897e-08, -3.166497108963995e-08, 9.313225746154785e-08, 0.768812358379364, 0.6394742727279663, -4.6566128730773926e-08, -0.639474630355835, 0.7688125371932983),
            ["RightFoot"] = CFrame.new(-3.3993273973464966e-08, 4.76837158203125e-07, 3.149762051180005e-08, 0.8624617457389832, 0.06071826070547104, 0.5024672746658325, -0.06931708753108978, 0.9975935220718384, -0.001569611020386219, -0.5013532042503357, -0.03347579017281532, 0.8645948171615601),
            ["LeftLowerLeg"] = CFrame.new(0, 0, -2.9802322387695312e-08, 1, 1.1175873737556685e-07, 8.195640788244418e-08, -5.2154071283894154e-08, 0.1005060002207756, 0.9949365258216858, 5.2154071283894154e-08, -0.994936466217041, 0.10050603002309799),
        }},
        {Time = 0.100, Data = {
            ["LeftFoot"] = CFrame.new(-4.400499165058136e-08, 5.960464477539063e-08, -2.9802322387695312e-08, 0.9960700869560242, -0.002352422336116433, -0.08853817731142044, -0.009103578515350819, 0.9916335344314575, -0.12876398861408234, 0.08810029178857803, 0.12906414270401, 0.9877150058746338),
            ["LeftLowerArm"] = CFrame.new(2.086162567138672e-07, -2.384185791015625e-07, -1.4156103134155273e-07, 1, -7.450580596923828e-08, 8.940695295223122e-08, 9.499490261077881e-08, -0.37587565183639526, -0.9266701936721802, 1.4528632164001465e-07, 0.9266701936721802, -0.3758756220340729),
            ["LowerTorso"] = CFrame.new(-0.13858413696289062, -0.15574753284454346, -0.15187683701515198, 0.9864073991775513, -0.1643180102109909, -0.00046601303620263934, 0.16416658461093903, 0.9856124520301819, -0.040219202637672424, 0.007068046368658543, 0.039596009999513626, 0.9991908669471741),
            ["Head"] = CFrame.new(-7.450580596923828e-09, 0, 1.752050593495369e-08, 0.9994163513183594, -0.006258291192352772, -0.03358342498540878, 0.004946924280375242, 0.9992274045944214, -0.03898985683917999, 0.03380148112773895, 0.03880106657743454, 0.9986751675605774),
            ["RightUpperArm"] = CFrame.new(-5.960464477539063e-08, -4.76837158203125e-07, 2.0081643015146255e-08, 0.7638159990310669, -0.6417135000228882, -0.06920165568590164, 0.5984835028648376, 0.7443161010742188, -0.2963293790817261, 0.24166645109653473, 0.18492503464221954, 0.9525755643844604),
            ["UpperTorso"] = CFrame.new(1.2223608791828156e-09, 8.940696716308594e-08, 3.0464434530586004e-08, 0.9878946542739868, 0.1550319939851761, 0.005403723567724228, -0.1547863483428955, 0.9828281998634338, 0.10044882446527481, 0.01026184856891632, -0.10006927698850632, 0.9949275851249695),
            ["HumanoidRootPart"] = CFrame.new(0, 0, 0, 1, 0, 0, 0, 1, 0, 0, 0, 1),
            ["RightHand"] = CFrame.new(-5.960464477539063e-08, 2.384185791015625e-07, -5.960464477539063e-08, 0.7798669338226318, -0.504523754119873, 0.3704908490180969, 0.5571370124816895, 0.8292827606201172, -0.043455976992845535, -0.2853171229362488, 0.2403041273355484, 0.9278190732002258),
            ["LeftUpperArm"] = CFrame.new(-1.1920928955078125e-07, -4.76837158203125e-07, 2.8463546186685562e-08, 0.6179529428482056, 0.7832474708557129, 0.06824585795402527, -0.7399724125862122, 0.6087420582771301, -0.2861362099647522, -0.2656595706939697, 0.12631863355636597, 0.9557554721832275),
            ["RightLowerArm"] = CFrame.new(-3.8743019104003906e-07, -3.5762786865234375e-07, 5.960464477539063e-08, 1, -5.960463766996327e-08, 8.195637946073475e-08, 3.91155481338501e-08, -0.3899765610694885, -0.9208247661590576, 1.0803341865539551e-07, 0.9208248257637024, -0.3899765908718109),
            ["LeftHand"] = CFrame.new(-1.1920928955078125e-07, 0, 2.4586915969848633e-07, 0.838154673576355, 0.34100013971328735, -0.42569440603256226, -0.47657203674316406, 0.8374528884887695, -0.2674914598464966, 0.26528432965278625, 0.42707327008247375, 0.8644261956214905),
            ["RightUpperLeg"] = CFrame.new(0, 3.2177194952964783e-07, 3.232707967981696e-08, 0.9944330453872681, 0.10285729169845581, -0.022875528782606125, -0.10441002249717712, 0.9326273202896118, -0.3454054594039917, -0.014193127863109112, 0.3458709418773651, 0.9381746649742126),
            ["LeftUpperLeg"] = CFrame.new(0, 1.5040859580039978e-07, 3.364402800798416e-08, 0.9993519186973572, 0.008622942492365837, -0.03495015203952789, -0.027241310104727745, 0.815832257270813, -0.5776465535163879, 0.023532459512352943, 0.5782243013381958, 0.8155384063720703),
            ["RightLowerLeg"] = CFrame.new(2.9336661100387573e-08, 5.364418029785156e-07, -7.746712071821094e-08, 1, -1.0733495514614333e-07, -3.026799788585777e-08, 9.126962652317161e-08, 0.7982937097549438, 0.6022682189941406, -2.7008358216562556e-08, -0.602268397808075, 0.7982938289642334),
            ["RightFoot"] = CFrame.new(6.28642737865448e-09, 1.7881393432617188e-07, 5.653419066220522e-09, 0.9104066491127014, 0.09808400273323059, 0.4019196927547455, -0.05793333053588867, 0.9921422600746155, -0.11089371144771576, -0.4096384048461914, 0.07767398655414581, 0.9089351892471313),
            ["LeftLowerLeg"] = CFrame.new(7.636845111846924e-08, -1.1920928955078125e-07, -2.2351741790771484e-08, 1, 9.126963362859897e-08, 1.0989610643719061e-07, -1.0617080192787398e-07, -0.0035902676172554493, 0.999993622303009, 1.0617080192787398e-07, -0.9999935626983643, -0.003590271808207035),
        }},
        {Time = 0.133, Data = {
            ["LeftFoot"] = CFrame.new(5.2619725465774536e-08, 1.1920928955078125e-07, -1.862645149230957e-08, 0.9983445405960083, -0.05731630697846413, 0.00481893727555871, 0.05504133179783821, 0.9276654720306396, -0.3693335950374603, 0.016698477789759636, 0.36898723244667053, 0.9292844533920288),
            ["LeftLowerArm"] = CFrame.new(5.960464477539063e-08, -2.384185791015625e-07, 5.21540641784668e-08, 1, -5.960464477539063e-08, 1.3783574104309082e-07, 8.475035429000854e-08, -0.3292813301086426, -0.9442319869995117, 1.1548399925231934e-07, 0.9442318677902222, -0.3292812407016754),
            ["LowerTorso"] = CFrame.new(-0.16184069216251373, -0.18069851398468018, -0.17551937699317932, 0.9882074594497681, -0.15132632851600647, 0.023376576602458954, 0.15310800075531006, 0.9785494804382324, -0.13783618807792664, -0.0020168921910226345, 0.13978984951972961, 0.990179181098938),
            ["Head"] = CFrame.new(-2.444721758365631e-09, 0, -1.1175870895385742e-08, 0.9983004927635193, -0.037762705236673355, -0.04438822343945503, 0.03847420960664749, 0.9991427659988403, 0.01528570894151926, 0.04377293959259987, -0.016967445611953735, 0.9988974928855896),
            ["RightUpperArm"] = CFrame.new(0, 1.1920928955078125e-07, -3.4924596548080444e-08, 0.7174893021583557, -0.6942955255508423, 0.056240253150463104, 0.6881558299064636, 0.6939976215362549, -0.21168078482151031, 0.10793846845626831, 0.190580815076828, 0.9757193326950073),
            ["UpperTorso"] = CFrame.new(2.213346306234598e-08, 1.1920928955078125e-07, -5.21540641784668e-08, 0.9863237738609314, 0.16474391520023346, -0.005007851868867874, -0.16204364597797394, 0.974814772605896, 0.15322569012641907, 0.03012472577393055, -0.15031862258911133, 0.988178551197052),
            ["HumanoidRootPart"] = CFrame.new(0, 0, 0, 1, 0, 0, 0, 1, 0, 0, 0, 1),
            ["RightHand"] = CFrame.new(-5.21540641784668e-08, -5.960464477539063e-08, 5.960464477539063e-08, 0.7667610049247742, -0.47068676352500916, 0.43649956583976746, 0.5402112603187561, 0.8404470086097717, -0.04267064109444618, -0.34677013754844666, 0.26851987838745117, 0.8986921310424805),
            ["LeftUpperArm"] = CFrame.new(-2.384185791015625e-07, 4.76837158203125e-07, -6.51925802230835e-09, 0.5862875580787659, 0.8083961606025696, -0.05255942791700363, -0.8027092218399048, 0.5709666609764099, -0.17220644652843475, -0.10920140147209167, 0.14315247535705566, 0.9836576581001282),
            ["RightLowerArm"] = CFrame.new(2.980232238769531e-07, 5.960464477539063e-08, -2.9802322387695312e-08, 1, -5.960465188081798e-08, 7.823108916227284e-08, 1.2479723920932884e-07, -0.3959071636199951, -0.9182904958724976, 9.313227167240257e-08, 0.9182906150817871, -0.39590713381767273),
            ["LeftHand"] = CFrame.new(-2.1606683731079102e-07, -5.960464477539063e-08, 0, 0.7927008271217346, 0.3286321759223938, -0.5134456157684326, -0.5035914182662964, 0.8276592493057251, -0.24774175882339478, 0.3435419201850891, 0.45495179295539856, 0.8215823769569397),
            ["RightUpperLeg"] = CFrame.new(0, 1.7508864402770996e-07, -1.2405507732182741e-08, 0.9707914590835571, 0.1498224288225174, 0.1873960644006729, -0.09151195734739304, 0.9532364010810852, -0.28803831338882446, -0.22178737819194794, 0.2624761462211609, 0.9391041994094849),
            ["LeftUpperLeg"] = CFrame.new(8.940696716308594e-08, 2.8312206268310547e-07, -5.587935447692871e-09, 0.9700299501419067, -0.007748542353510857, -0.2428620308637619, -0.11374302208423615, 0.8687430620193481, -0.48202481865882874, 0.2147197276353836, 0.49520236253738403, 0.8418254852294922),
            ["RightLowerLeg"] = CFrame.new(-2.2351741790771484e-08, 4.76837158203125e-07, -6.535992724820971e-08, 1, -9.685759039257391e-08, -2.421439226907296e-08, 1.0523945093154907e-07, 0.7622682452201843, 0.6472606658935547, -3.3527612686157227e-08, -0.6472613215446472, 0.7622687816619873),
            ["RightFoot"] = CFrame.new(4.6566128730773926e-08, 3.5762786865234375e-07, 2.7772330213338137e-08, 0.9551224112510681, 0.07601194083690643, 0.28629249334335327, 0.010613511316478252, 0.9571112990379333, -0.2895257771015167, -0.29602113366127014, 0.2795713543891907, 0.913351833820343),
            ["LeftLowerLeg"] = CFrame.new(2.514570951461792e-08, 1.7881393432617188e-07, 7.450580596923828e-08, 1, 8.428470010812816e-08, 1.2246891856193542e-07, -9.592621097453957e-08, -0.01211441121995449, 0.9999266862869263, 8.00937343115038e-08, -0.9999266862869263, -0.012114422395825386),
        }},
        {Time = 0.167, Data = {
            ["LeftFoot"] = CFrame.new(3.725290298461914e-09, 0, -3.166496753692627e-08, 0.9992898106575012, -0.03765206038951874, 0.0014981720596551895, 0.03408513590693474, 0.8862422704696655, -0.46196645498275757, 0.016066262498497963, 0.46168944239616394, 0.8868961334228516),
            ["LeftLowerArm"] = CFrame.new(1.1920928955078125e-07, -1.1920928955078125e-07, 4.470348358154297e-08, 1, -4.9360085796479325e-08, 1.0943035988475458e-07, 9.103678166866302e-08, -0.2807411551475525, -0.9597835540771484, 1.0803341865539551e-07, 0.9597834944725037, -0.28074121475219727),
            ["LowerTorso"] = CFrame.new(-0.18714788556098938, -0.22868716716766357, -0.18496999144554138, 0.9908031225204468, -0.13216447830200195, 0.029014043509960175, 0.13522818684577942, 0.9746943116188049, -0.1780013144016266, -0.004754367750138044, 0.18028776347637177, 0.9836024641990662),
            ["Head"] = CFrame.new(2.5553163141012192e-08, 3.5762786865234375e-07, 1.0477378964424133e-09, 0.9974431991577148, -0.05599898099899292, -0.044400084763765335, 0.05803021788597107, 0.9972609281539917, 0.04586118087172508, 0.04171028733253479, -0.04832034558057785, 0.9979606866836548),
            ["RightUpperArm"] = CFrame.new(0, 4.76837158203125e-07, -3.026798367500305e-09, 0.6636571288108826, -0.7295868396759033, 0.16511256992816925, 0.7480311989784241, 0.646417498588562, -0.15031255781650543, 0.002934402087703347, 0.22326533496379852, 0.9747533202171326),
            ["UpperTorso"] = CFrame.new(3.39350663125515e-08, 2.086162567138672e-07, -3.67872416973114e-08, 0.9882615804672241, 0.15245577692985535, -0.009813398122787476, -0.1484995186328888, 0.9737281799316406, 0.17263104021549225, 0.035874176770448685, -0.16914737224578857, 0.9849376678466797),
            ["HumanoidRootPart"] = CFrame.new(0, 0, 0, 1, 0, 0, 0, 1, 0, 0, 0, 1),
            ["RightHand"] = CFrame.new(-1.30385160446167e-08, 5.960464477539063e-08, 2.980232238769531e-07, 0.772700309753418, -0.4125237464904785, 0.4824509918689728, 0.503106951713562, 0.8614498972892761, -0.06919335573911667, -0.3870629072189331, 0.2961897552013397, 0.8731858134269714),
            ["LeftUpperArm"] = CFrame.new(0, 8.344650268554688e-07, -8.381903171539307e-09, 0.5636813640594482, 0.8134191036224365, -0.14357079565525055, -0.8259236812591553, 0.5528138279914856, -0.11066654324531555, -0.01065035443753004, 0.18095917999744415, 0.983432948589325),
            ["RightLowerArm"] = CFrame.new(3.5762786865234375e-07, 1.1920928955078125e-07, -2.9802322387695312e-08, 1, -1.1641532182693481e-07, 9.918580445855696e-08, 9.19681042432785e-08, -0.39023399353027344, -0.9207156896591187, 1.1362135410308838e-07, 0.9207158088684082, -0.3902340531349182),
            ["LeftHand"] = CFrame.new(1.7695128917694092e-08, 5.960464477539063e-08, 5.960464477539063e-08, 0.7309487462043762, 0.3193279504776001, -0.6031118631362915, -0.5362465977668762, 0.8153707385063171, -0.21819840371608734, 0.4220825135707855, 0.4829081892967224, 0.7672324776649475),
            ["RightUpperLeg"] = CFrame.new(0, -3.725290298461914e-09, -3.336026566103101e-08, 0.9554439783096313, 0.15684948861598969, 0.2500503361225128, -0.06867573410272598, 0.9420090317726135, -0.328485369682312, -0.28707247972488403, 0.2966768145561218, 0.9108086228370667),
            ["LeftUpperLeg"] = CFrame.new(5.960464477539063e-08, 1.7881393432617188e-07, -3.725290298461914e-08, 0.9260507225990295, -0.04180954024195671, -0.3750762641429901, -0.12519174814224243, 0.9035385847091675, -0.4098111391067505, 0.35602983832359314, 0.4264623522758484, 0.831488311290741),
            ["RightLowerLeg"] = CFrame.new(0, 3.5762786865234375e-07, 3.149762051180005e-08, 1, -1.1920928955078125e-07, -4.4703497792397684e-08, 1.2293457984924316e-07, 0.6466991305351257, 0.7627451419830322, -4.0978193283081055e-08, -0.7627452611923218, 0.6466991901397705),
            ["RightFoot"] = CFrame.new(-7.450580596923828e-09, 2.980232238769531e-07, 8.214556146413088e-09, 0.9631409645080566, 0.05889656022191048, 0.2624702751636505, 0.054268792271614075, 0.9131296277046204, -0.40404069423675537, -0.2634660601615906, 0.40339258313179016, 0.8762764930725098),
            ["LeftLowerLeg"] = CFrame.new(-6.705522537231445e-08, -1.1920928955078125e-07, 2.9802322387695312e-08, 1, 3.3527616238870905e-08, 8.940698847936801e-08, -1.0058283805847168e-07, 0.11051909625530243, 0.9938740730285645, 8.195638656616211e-08, -0.9938740730285645, 0.11051900684833527),
        }},
        {Time = 0.200, Data = {
            ["LeftFoot"] = CFrame.new(-1.30385160446167e-08, 0, -3.3527612686157227e-08, 0.9995840191841125, 0.02784222736954689, -0.00751784723252058, -0.028027061372995377, 0.8764042854309082, -0.4807600677013397, -0.006796686910092831, 0.48077067732810974, 0.876819908618927),
            ["LeftLowerArm"] = CFrame.new(5.960464477539062e-07, 5.960464477539063e-08, -1.4901161193847656e-08, 1, -7.450579886381092e-08, 7.078051567077637e-08, 1.2107194891086692e-07, -0.2323349565267563, -0.9726358652114868, 1.0803343286625022e-07, 0.9726358652114868, -0.23233507573604584),
            ["LowerTorso"] = CFrame.new(-0.21015867590904236, -0.25459086894989014, -0.18650436401367188, 0.9934087991714478, -0.11130083352327347, 0.027406800538301468, 0.11448048055171967, 0.97539883852005, -0.18839165568351746, -0.005764411762356758, 0.19028747081756592, 0.9817115068435669),
            ["Head"] = CFrame.new(-2.3603206500411034e-08, -1.1920928955078125e-07, 4.540197551250458e-09, 0.9972020387649536, -0.06790328770875931, -0.031261272728443146, 0.06977275758981705, 0.9955587387084961, 0.06320396065711975, 0.026830675080418587, -0.06520821899175644, 0.9975109100341797),
            ["RightUpperArm"] = CFrame.new(0, -3.5762786865234375e-07, 1.0710209608078003e-08, 0.6118050813674927, -0.7509488463401794, 0.24853652715682983, 0.7880253195762634, 0.6058929562568665, -0.10913161188364029, -0.0686342716217041, 0.26262032985687256, 0.962455153465271),
            ["UpperTorso"] = CFrame.new(3.5390257835388184e-08, 2.086162567138672e-07, -3.166496753692627e-08, 0.9912519454956055, 0.13140682876110077, -0.012326358817517757, -0.12714429199695587, 0.9757905602455139, 0.1779530644416809, 0.03541219234466553, -0.17482911050319672, 0.983961820602417),
            ["HumanoidRootPart"] = CFrame.new(0, 0, 0, 1, 0, 0, 0, 1, 0, 0, 0, 1),
            ["RightHand"] = CFrame.new(-1.341104507446289e-07, -5.960464477539063e-08, -5.960464477539063e-08, 0.7929707765579224, -0.34294024109840393, 0.5035766959190369, 0.4525477886199951, 0.8849336504936218, -0.10996894538402557, -0.4079189896583557, 0.31509456038475037, 0.8569231629371643),
            ["LeftUpperArm"] = CFrame.new(0, 0, 1.6298145055770874e-08, 0.5423233509063721, 0.8132787942886353, -0.21086256206035614, -0.8388049006462097, 0.5384130477905273, -0.08073310554027557, 0.0478726401925087, 0.22065600752830505, 0.9741762280464172),
            ["RightLowerArm"] = CFrame.new(-2.9802322387695312e-08, -6.556510925292969e-07, -2.9802322387695312e-08, 1, -1.0058283805847168e-07, 7.450580596923828e-08, 1.1455269088855857e-07, -0.3746705651283264, -0.9271580576896667, 1.1175872316471214e-07, 0.927157998085022, -0.3746706545352936),
            ["LeftHand"] = CFrame.new(2.5704503059387207e-07, -1.7881393432617188e-07, -2.980232238769531e-07, 0.6690454483032227, 0.3160690367221832, -0.6726654171943665, -0.5662752985954285, 0.8029704689979553, -0.18593169748783112, 0.4813632071018219, 0.5053105354309082, 0.7162057161331177),
            ["RightUpperLeg"] = CFrame.new(-2.9802322387695312e-08, 1.4901161193847656e-08, -1.5665136743336916e-08, 0.956662654876709, 0.1356309950351715, 0.25768381357192993, -0.03629973158240318, 0.9335494041442871, -0.35660627484321594, -0.2889274060726166, 0.33179789781570435, 0.8980151414871216),
            ["LeftUpperLeg"] = CFrame.new(8.940696716308594e-08, 9.685754776000977e-08, 1.30385160446167e-08, 0.9064729809761047, -0.07686443626880646, -0.41520926356315613, -0.09678187221288681, 0.9192991256713867, -0.3814740478992462, 0.41102334856987, 0.3859805166721344, 0.8258806467056274),
            ["RightLowerLeg"] = CFrame.new(2.9802322387695312e-08, 2.980232238769531e-07, -1.4731631381437182e-07, 1, -1.49011640360186e-07, -5.960465898624534e-08, 1.0803340444454079e-07, 0.5723673105239868, 0.8199970126152039, -7.450579886381092e-08, -0.8199974298477173, 0.5723679065704346),
            ["RightFoot"] = CFrame.new(-6.705522537231445e-08, 3.5762786865234375e-07, -6.023765308782458e-08, 0.9609566330909729, 0.05702666565775871, 0.2707592248916626, 0.07499907165765762, 0.8882198929786682, -0.45325538516044617, -0.26634129881858826, 0.4558655917644501, 0.8492639064788818),
            ["LeftLowerLeg"] = CFrame.new(-2.9802322387695312e-08, -5.960464477539063e-08, -7.450580596923828e-08, 1, 1.3411047916633834e-07, 7.450583261459087e-09, -9.313227167240257e-08, 0.1986047476530075, 0.980079710483551, 8.195639367158947e-08, -0.9800796508789062, 0.19860486686229706),
        }},
        {Time = 0.233, Data = {
            ["LeftFoot"] = CFrame.new(8.195638656616211e-08, -5.960464477539063e-08, -2.9802322387695312e-08, 0.9977836012840271, 0.06616467982530594, -0.007084778510034084, -0.0595954954624176, 0.8411667943000793, -0.5374817848205566, -0.029602862894535065, 0.5367127060890198, 0.8432456254959106),
            ["LeftLowerArm"] = CFrame.new(5.960464477539063e-08, 0, 5.21540641784668e-08, 1, -7.450581307466564e-08, 7.823108916227284e-08, 4.6566135836201283e-08, -0.1927831768989563, -0.9812414050102234, 8.195639367158947e-08, 0.9812414050102234, -0.19278305768966675),
            ["LowerTorso"] = CFrame.new(-0.2224384844303131, -0.2481013536453247, -0.1824294626712799, 0.9956650137901306, -0.08989812433719635, 0.023866215720772743, 0.09274742752313614, 0.978937566280365, -0.18187706172466278, -0.007013128139078617, 0.1833021342754364, 0.9830316305160522),
            ["Head"] = CFrame.new(-6.984919309616089e-09, 2.384185791015625e-07, -1.6298145055770874e-09, 0.9973291158676147, -0.0730297714471817, -0.0011951723136007786, 0.07291816174983978, 0.994594931602478, 0.07391781359910965, -0.004209489095956087, -0.07380741834640503, 0.9972636699676514),
            ["RightUpperArm"] = CFrame.new(0, 2.384185791015625e-07, 4.656612873077393e-10, 0.5849517583847046, -0.7572653889656067, 0.2904834747314453, 0.8052728772163391, 0.5849836468696594, -0.096590556204319, -0.09678337723016739, 0.29041922092437744, 0.9519925713539124),
            ["UpperTorso"] = CFrame.new(1.3969838619232178e-08, 1.4901161193847656e-07, -4.0978193283081055e-08, 0.9941920638084412, 0.1068115159869194, -0.013171794824302197, -0.10277296602725983, 0.9785913228988647, 0.17831669747829437, 0.03193608298897743, -0.1759273260831833, 0.9838849902153015),
            ["HumanoidRootPart"] = CFrame.new(0, 0, 0, 1, 0, 0, 0, 1, 0, 0, 0, 1),
            ["RightHand"] = CFrame.new(-3.725290298461914e-08, 0, -1.1920928955078125e-07, 0.8158614039421082, -0.2768174111843109, 0.507683515548706, 0.3974741995334625, 0.9061365723609924, -0.14467544853687286, -0.41998177766799927, 0.3198259770870209, 0.849309504032135),
            ["LeftUpperArm"] = CFrame.new(-3.5762786865234375e-07, -1.1920928955078125e-07, 2.7939677238464355e-09, 0.5151496529579163, 0.8195305466651917, -0.2509789764881134, -0.8538229465484619, 0.5162683725357056, -0.06673426181077957, 0.07488171011209488, 0.24866969883441925, 0.965689480304718),
            ["RightLowerArm"] = CFrame.new(1.7881393432617188e-07, 1.7881393432617188e-07, -5.960464477539063e-08, 1, -3.725290298461914e-08, 2.1979207076583407e-07, 1.4156101713069802e-07, -0.3450769782066345, -0.9385743737220764, 8.195637946073475e-08, 0.9385744333267212, -0.34507712721824646),
            ["LeftHand"] = CFrame.new(-1.9371509552001953e-07, 0, -2.4121254682540894e-07, 0.6372603178024292, 0.3267837464809418, -0.6979339718818665, -0.5866479277610779, 0.7929884195327759, -0.1643589287996292, 0.4997435510158539, 0.5141806602478027, 0.6970468759536743),
            ["RightUpperLeg"] = CFrame.new(0, -3.725290298461914e-09, -6.502523319795728e-08, 0.9621701836585999, 0.12030529975891113, 0.2444489300251007, -0.007155450060963631, 0.9080759882926941, -0.41874444484710693, -0.27235540747642517, 0.4011542499065399, 0.8745843768119812),
            ["LeftUpperLeg"] = CFrame.new(2.9802322387695312e-08, -2.2351741790771484e-07, -2.7939677238464355e-08, 0.9127321839332581, -0.08485913276672363, -0.399648517370224, -0.0688490942120552, 0.9322553277015686, -0.3551899492740631, 0.40271562337875366, 0.3517088294029236, 0.8450570106506348),
            ["RightLowerLeg"] = CFrame.new(-1.4901161193847656e-08, 2.980232238769531e-07, -1.1751399142667651e-07, 1, -1.4156101713069802e-07, -8.940700979565008e-08, 1.341104507446289e-07, 0.489462286233902, 0.8720243573188782, -7.450580596923828e-08, -0.872024416923523, 0.48946264386177063),
            ["RightFoot"] = CFrame.new(2.9802322387695312e-08, 4.76837158203125e-07, 1.7527781892567873e-08, 0.9566215872764587, 0.029113655909895897, 0.28987517952919006, 0.08295434713363647, 0.9265856742858887, -0.36682063341140747, -0.27927365899086, 0.3749552369117737, 0.8839768767356873),
            ["LeftLowerLeg"] = CFrame.new(3.725290298461914e-09, -1.1920928955078125e-07, -1.6391277313232422e-07, 1, 8.56816981809061e-08, 7.078052988163108e-08, -7.078052277620372e-08, 0.2670869827270508, 0.9636725187301636, 1.0430814256778831e-07, -0.9636725187301636, 0.267086923122406),
        }},
        {Time = 0.267, Data = {
            ["LeftFoot"] = CFrame.new(1.1175870895385742e-08, -1.1920928955078125e-07, 2.60770320892334e-08, 0.995964765548706, 0.07640455663204193, -0.04708108678460121, -0.08943620324134827, 0.8014534711837769, -0.5913318991661072, -0.007447145879268646, 0.5931564569473267, 0.8050528168678284),
            ["LeftLowerArm"] = CFrame.new(2.9802322387695312e-08, 0, 6.332993507385254e-08, 1, -8.195637946073475e-08, 1.1175868053214799e-07, 6.146728281919422e-08, -0.1631978452205658, -0.9865934252738953, 8.568166975919667e-08, 0.9865934252738953, -0.16319791972637177),
            ["LowerTorso"] = CFrame.new(-0.23308102786540985, -0.23111343383789062, -0.16797176003456116, 0.9973613619804382, -0.06935714185237885, 0.021446945145726204, 0.07193024456501007, 0.9840481877326965, -0.1627122461795807, -0.009819569066166878, 0.16382558643817902, 0.9864404797554016),
            ["Head"] = CFrame.new(1.1990778148174286e-08, -2.384185791015625e-07, 4.423782229423523e-09, 0.9956225752830505, -0.07999993860721588, 0.048330895602703094, 0.07656485587358475, 0.9946622252464294, 0.06917356699705124, -0.0536067895591259, -0.06517021358013153, 0.9964333176612854),
            ["RightUpperArm"] = CFrame.new(1.1920928955078125e-07, -2.384185791015625e-07, -1.6298145055770874e-08, 0.5741807222366333, -0.7609047293663025, 0.30222582817077637, 0.8138996958732605, 0.5705143213272095, -0.10991246998310089, -0.08879125118255615, 0.30909112095832825, 0.9468785524368286),
            ["UpperTorso"] = CFrame.new(-1.594889909029007e-08, 8.940696716308594e-08, -1.6298145055770874e-08, 0.9964863061904907, 0.08296214044094086, -0.011513903737068176, -0.07938419282436371, 0.9793299436569214, 0.18604052066802979, 0.026710227131843567, -0.18447278439998627, 0.9824746251106262),
            ["HumanoidRootPart"] = CFrame.new(0, 0, 0, 1, 0, 0, 0, 1, 0, 0, 0, 1),
            ["RightHand"] = CFrame.new(-1.4901161193847656e-07, -5.960464477539063e-08, -2.384185791015625e-07, 0.8296440243721008, -0.2293826788663864, 0.5089936256408691, 0.3563491106033325, 0.9193977117538452, -0.16650310158729553, -0.4297744929790497, 0.31951773166656494, 0.8445130586624146),
            ["LeftUpperArm"] = CFrame.new(-2.384185791015625e-07, -1.1920928955078125e-07, -4.656612873077393e-10, 0.4857991337776184, 0.831916868686676, -0.268167108297348, -0.8712997436523438, 0.4853144586086273, -0.07284751534461975, 0.0695422887802124, 0.26904308795928955, 0.9606142044067383),
            ["RightLowerArm"] = CFrame.new(-8.940696716308594e-08, -4.172325134277344e-07, 0, 1, -8.940694584680386e-08, 1.4156101713069802e-07, 1.9557771224754106e-07, -0.3159911334514618, -0.9487622380256653, 9.685753354915505e-08, 0.9487621188163757, -0.31599101424217224),
            ["LeftHand"] = CFrame.new(1.7881393432617188e-07, -5.960464477539063e-08, 1.1175870895385742e-07, 0.6222706437110901, 0.34541746973991394, -0.7024717330932617, -0.6029497385025024, 0.7837975025177002, -0.14870446920394897, 0.49923020601272583, 0.5160894393920898, 0.696003258228302),
            ["RightUpperLeg"] = CFrame.new(5.960464477539063e-08, 6.51925802230835e-08, -1.4268152881413698e-08, 0.9733102917671204, 0.09390643984079361, 0.20940081775188446, 0.017312675714492798, 0.8798039555549622, -0.47502148151397705, -0.22883911430835724, 0.465968519449234, 0.8546963930130005),
            ["LeftUpperLeg"] = CFrame.new(8.940696716308594e-08, 2.5890767574310303e-07, -2.60770320892334e-08, 0.9263977408409119, -0.06304021924734116, -0.3712320625782013, -0.06337889283895493, 0.9457157850265503, -0.31875529885292053, 0.3711743652820587, 0.3188225030899048, 0.8721134662628174),
            ["RightLowerLeg"] = CFrame.new(7.450580596923828e-08, 2.980232238769531e-07, 4.639878170564771e-08, 1, -1.1920930376163597e-07, -6.332997060098933e-08, 1.2293456563838845e-07, 0.4375301003456116, 0.8992037177085876, -6.70552182668871e-08, -0.899203896522522, 0.4375303089618683),
