return {
    ["Boogie Down"] = {
        {Time = 0.000, Data = {
            ["LeftFoot"] = CFrame.new(2.9802322387695312e-08, 5.960464477539063e-08, 5.587935447692871e-08, 0.994583785533905, 0.1039169654250145, 0.002096815500408411, -0.08479326963424683, 0.8228873610496521, -0.5618418455123901, -0.06011049449443817, 0.5586212277412415, 0.8272419571876526),
            ["LeftLowerArm"] = CFrame.new(-0.0004928708076477051, -0.00009876489639282227, -1.7881393432617188e-07, 1, -1.4901158351676713e-07, 1.6391282997574308e-07, 1.4156105976326216e-07, -0.1839260309934616, -0.982940137386322, 8.940698847936801e-08, 0.9829400777816772, -0.18392601609230042),
            ["LowerTorso"] = CFrame.new(-0.0012471203226596117, -0.33056163787841797, -0.40836101770401, 0.990233302116394, -0.11098024249076843, -0.084389828145504, 0.11973308771848679, 0.9870325326919556, 0.10691532492637634, 0.0714300200343132, -0.11597535759210587, 0.9906803369522095),
            ["Head"] = CFrame.new(4.842877388000488e-08, 1.1920928955078125e-07, -6.146728992462158e-08, 0.8982794880867004, 0.19224295020103455, 0.3951413333415985, -0.13872362673282623, 0.9773024320602417, -0.16011208295822144, -0.416952908039093, 0.08900996297597885, 0.9045592546463013),
            ["RightUpperArm"] = CFrame.new(0.01162874698638916, -0.03296506404876709, 5.960464477539063e-08, 0.4712274968624115, -0.8687751889228821, -0.15226851403713226, 0.5908679962158203, 0.43910273909568787, -0.6767992377281189, 0.654843270778656, 0.22895117104053497, 0.7202479243278503),
            ["UpperTorso"] = CFrame.new(8.195638656616211e-08, 2.9802322387695312e-08, -3.608874976634979e-08, 0.9021767973899841, 0.08593417704105377, -0.42272019386291504, 0.01523219607770443, 0.9729984998703003, 0.23030832409858704, 0.4310973882675171, -0.21421782672405243, 0.8765077590942383),
            ["HumanoidRootPart"] = CFrame.new(0, 0, 0, 1, 0, 0, 0, 1, 0, 0, 0, 1),
            ["RightHand"] = CFrame.new(2.905726432800293e-07, -1.1920928955078125e-07, 1.564621925354004e-07, 0.9986346364021301, 0.04299604892730713, 0.0296686589717865, -0.03576911613345146, 0.9767234325408936, -0.2114991694688797, -0.0380716472864151, 0.21014909446239471, 0.9769278168678284),
            ["LeftUpperArm"] = CFrame.new(-0.01162862777709961, -0.03296518325805664, -2.384185791015625e-07, 0.7576826214790344, 0.6525507569313049, 0.010398938320577145, -0.4563266336917877, 0.5183204412460327, 0.7232589721679688, 0.4665652811527252, -0.5527398586273193, 0.6904986500740051),
            ["RightLowerArm"] = CFrame.new(-0.000007271766662597656, 0.0000010728836059570312, -1.9371509552001953e-07, 1, -4.842878098543224e-08, 3.725290742551124e-09, 8.195640788244418e-08, 0.10072161257266998, -0.994914710521698, 9.313227522511625e-09, 0.9949146509170532, 0.10072165727615356),
            ["LeftHand"] = CFrame.new(3.8743019104003906e-07, 0.00009953975677490234, 1.4901161193847656e-07, 0.2571505010128021, 0.9579065442085266, -0.12762713432312012, -0.8850355744361877, 0.1804112046957016, -0.42914316058158875, -0.3880537450313568, 0.22330895066261292, 0.8941742181777954),
            ["RightUpperLeg"] = CFrame.new(1.7881393432617188e-07, -2.7939677238464355e-07, -1.6596459317952394e-08, 0.969978928565979, 0.0834883376955986, -0.22840867936611176, -0.20467813313007355, 0.7874802947044373, -0.5813617706298828, 0.1313304901123047, 0.610659122467041, 0.7809277176856995),
            ["LeftUpperLeg"] = CFrame.new(-2.384185791015625e-07, -1.4901161193847656e-07, 1.4901161193847656e-08, 0.9708933234214783, 0.17315015196800232, 0.16548486053943634, 0.015494029968976974, 0.6440725326538086, -0.7648072838783264, -0.23901057243347168, 0.7451105713844299, 0.622643232345581),
            ["RightLowerLeg"] = CFrame.new(-9.685754776000977e-08, -0.0000036954879760742188, -0.000013118777133058757, 1, -5.923213848291198e-07, -3.837050428501243e-07, 4.991889568373153e-07, 0.34489455819129944, 0.9386416077613831, -4.1723257027115324e-07, -0.9386415481567383, 0.3448943793773651),
            ["RightFoot"] = CFrame.new(3.725290298461914e-08, 4.76837158203125e-07, 9.145878721028566e-09, 0.9979086518287659, -0.06461875140666962, -0.0016560687217861414, 0.05466500297188759, 0.8573102355003357, -0.511889636516571, 0.034497395157814026, 0.5107285380363464, 0.8590496778488159),
            ["LeftLowerLeg"] = CFrame.new(2.2351741790771484e-08, 0.000004231929779052734, 0.000013150274753570557, 1, 8.195637946073475e-08, 6.705522537231445e-08, -1.3783574104309082e-07, 0.15917955338954926, 0.9872497320175171, 9.685754776000977e-08, -0.9872497320175171, 0.1591794192790985),
        }},
        {Time = 0.033, Data = {
            ["LeftFoot"] = CFrame.new(7.450580596923828e-09, -5.960464477539063e-08, -7.450580596923828e-09, 0.9984585642814636, 0.05402399227023125, 0.012724775820970535, -0.04612521454691887, 0.9351851344108582, -0.35114333033561707, -0.030870098620653152, 0.35001471638679504, 0.936235249042511),
            ["LeftLowerArm"] = CFrame.new(-0.0004913210868835449, -0.00009828805923461914, 6.556510925292969e-07, 1, -1.1920930376163597e-07, 1.1920930376163597e-07, 1.6391278734317893e-07, -0.11086183041334152, -0.9938358068466187, 1.4901162614933128e-07, 0.9938359260559082, -0.11086178570985794),
            ["LowerTorso"] = CFrame.new(0.007917158305644989, -0.26137685775756836, -0.3882960379123688, 0.9850724935531616, -0.1230347752571106, -0.12039414048194885, 0.13280446827411652, 0.9881641268730164, 0.07677677273750305, 0.10952296108007431, -0.0916195660829544, 0.9897527694702148),
            ["Head"] = CFrame.new(2.2351741790771484e-08, -8.344650268554688e-07, -7.078051567077637e-08, 0.8956590890884399, 0.1966240257024765, 0.39891600608825684, -0.13677489757537842, 0.9752695560455322, -0.17361485958099365, -0.42318740487098694, 0.10093802958726883, 0.9004021883010864),
            ["RightUpperArm"] = CFrame.new(0.011628866195678711, -0.032965660095214844, 7.450580596923828e-08, 0.6077880859375, -0.7783135771751404, -0.15759406983852386, 0.5504622459411621, 0.5559598207473755, -0.6228092908859253, 0.5723505020141602, 0.29178184270858765, 0.7663372755050659),
            ["UpperTorso"] = CFrame.new(3.725290298461914e-09, 5.066394805908203e-07, 4.842877388000488e-08, 0.9285456538200378, 0.0754380002617836, -0.36347243189811707, 0.01579948328435421, 0.9702153205871582, 0.2417285293340683, 0.3708818852901459, -0.23019859194755554, 0.8996973037719727),
            ["HumanoidRootPart"] = CFrame.new(0, 0, 0, 1, 0, 0, 0, 1, 0, 0, 0, 1),
            ["RightHand"] = CFrame.new(-6.556510925292969e-07, 2.980232238769531e-07, -1.341104507446289e-07, 0.9965360164642334, -0.06778699159622192, 0.0481775738298893, 0.07636381685733795, 0.9752933979034424, -0.20729531347751617, -0.032935336232185364, 0.21025633811950684, 0.977091372013092),
            ["LeftUpperArm"] = CFrame.new(-0.011628508567810059, -0.032965660095214844, -7.450580596923828e-08, 0.7595143914222717, 0.6479607820510864, -0.057430677115917206, -0.47554418444633484, 0.6133103966712952, 0.6306347250938416, 0.44384193420410156, -0.45166048407554626, 0.7739518880844116),
            ["RightLowerArm"] = CFrame.new(-0.000007212162017822266, 9.5367431640625e-07, -7.003545761108398e-07, 1, -5.960465188081798e-08, 4.4703490686970326e-08, 7.450580596923828e-08, 0.17358283698558807, -0.9848193526268005, -1.4901161193847656e-08, 0.9848192930221558, 0.1735827624797821),
            ["LeftHand"] = CFrame.new(-3.2782554626464844e-07, 0.00009995698928833008, 8.940696716308594e-08, 0.27496233582496643, 0.9600463509559631, -0.05202650651335716, -0.868824303150177, 0.22493305802345276, -0.4410775899887085, -0.4117523729801178, 0.16648167371749878, 0.8959596753120422),
            ["RightUpperLeg"] = CFrame.new(1.1920928955078125e-07, -2.4959444999694824e-07, 8.77116690389812e-08, 0.9725697040557861, 0.11359082162380219, -0.2029910683631897, -0.21353918313980103, 0.7820575833320618, -0.5854799151420593, 0.09224560111761093, 0.6127666234970093, 0.7848617434501648),
            ["LeftUpperLeg"] = CFrame.new(-5.960464477539063e-08, -9.313225746154785e-08, 1.1548399925231934e-07, 0.9582661986351013, 0.23158399760723114, 0.16761529445648193, -0.023188119754195213, 0.6473515033721924, -0.761838972568512, -0.2849356234073639, 0.7261576652526855, 0.6257048845291138),
            ["RightLowerLeg"] = CFrame.new(-7.450580596923828e-08, -0.0000035762786865234375, -0.000013334843970369548, 1, -3.241002275444771e-07, -1.6391291524087137e-07, 3.2410017070105823e-07, 0.37398484349250793, 0.9274346828460693, -2.3469323195968173e-07, -0.9274348020553589, 0.37398526072502136),
            ["RightFoot"] = CFrame.new(-5.774199962615967e-08, 4.172325134277344e-07, 3.894820110872388e-08, 0.9989068508148193, -0.046177938580513, -0.0072686756029725075, 0.040332820266485214, 0.9299807548522949, -0.3653886616230011, 0.023632561787962914, 0.3646961748600006, 0.9308267831802368),
            ["LeftLowerLeg"] = CFrame.new(-1.1920928955078125e-07, 0.000003814697265625, 0.000013343989849090576, 1, -1.4901162970204496e-08, -1.1175869119028903e-08, -8.568167686462402e-08, 0.09831202030181885, 0.9951556921005249, -1.862645149230957e-08, -0.9951556324958801, 0.098311647772789),
        }},
        {Time = 0.067, Data = {
            ["LeftFoot"] = CFrame.new(6.239861249923706e-08, 1.1920928955078125e-07, -1.6763806343078613e-08, 0.9998396039009094, 0.017864100635051727, 0.001316339592449367, -0.016659589484333992, 0.9543935060501099, -0.2980867624282837, -0.006581456866115332, 0.2980167865753174, 0.9545379281044006),
            ["LeftLowerArm"] = CFrame.new(-0.0004922747611999512, -0.00009846687316894531, 0, 1, -1.0430814256778831e-07, 1.0430816388407038e-07, 1.4901168299275014e-07, 0.03384889289736748, -0.9994269609451294, 1.192093463942001e-07, 0.9994270205497742, 0.03384895250201225),
            ["LowerTorso"] = CFrame.new(0.02007615566253662, -0.1240382194519043, -0.36143267154693604, 0.9759556651115417, -0.13802282512187958, -0.1687021702528, 0.14493635296821594, 0.989006519317627, 0.029317820444703102, 0.16280101239681244, -0.05306396260857582, 0.9852309823036194),
            ["Head"] = CFrame.new(7.450580596923828e-09, 0, -4.470348358154297e-08, 0.9058323502540588, 0.20785251259803772, 0.36914125084877014, -0.15280039608478546, 0.9730114340782166, -0.17291852831840515, -0.39512017369270325, 0.10023024678230286, 0.913145124912262),
            ["RightUpperArm"] = CFrame.new(0.01162874698638916, -0.03296554088592529, 0, 0.8039177656173706, -0.5303850173950195, -0.2691132128238678, 0.33505457639694214, 0.7777190804481506, -0.5318689346313477, 0.4913805425167084, 0.3374089002609253, 0.8029280304908752),
            ["UpperTorso"] = CFrame.new(-2.9802322387695312e-08, 4.172325134277344e-07, 3.073364496231079e-08, 0.9656654596328735, 0.042289748787879944, -0.2563236355781555, 0.022404635325074196, 0.9694285988807678, 0.24434852600097656, 0.25882086157798767, -0.24170175194740295, 0.9351962208747864),
            ["HumanoidRootPart"] = CFrame.new(0, 0, 0, 1, 0, 0, 0, 1, 0, 0, 0, 1),
            ["RightHand"] = CFrame.new(3.2782554626464844e-07, 1.7881393432617188e-07, -2.086162567138672e-07, 0.9747138023376465, -0.213266983628273, 0.06670971214771271, 0.22254879772663116, 0.9533725380897522, -0.2038452923297882, -0.020125744864344597, 0.21353702247142792, 0.9767277240753174),
            ["LeftUpperArm"] = CFrame.new(-0.011628389358520508, -0.03296494483947754, 0, 0.799624502658844, 0.5680592656135559, -0.1947375237941742, -0.4526527225971222, 0.783263087272644, 0.4261404573917389, 0.39459627866744995, -0.25260186195373535, 0.8834487199783325),
            ["RightLowerArm"] = CFrame.new(-0.000006288290023803711, 3.5762786865234375e-07, -5.289912223815918e-07, 1, -1.266598843585598e-07, 0, -3.725290653733282e-08, 0.28532275557518005, -0.9584315419197083, 0, 0.9584315419197083, 0.2853226065635681),
            ["LeftHand"] = CFrame.new(0, 0.00009995698928833008, 3.8743019104003906e-07, 0.34516584873199463, 0.9332876205444336, 0.0991705060005188, -0.817572832107544, 0.35088473558425903, -0.45656847953796387, -0.4609070420265198, 0.07651277631521225, 0.8841439485549927),
            ["RightUpperLeg"] = CFrame.new(5.960464477539063e-08, 1.4621764421463013e-07, 7.653579814359546e-08, 0.9744953513145447, 0.14780637621879578, -0.16885533928871155, -0.2183644026517868, 0.7980153560638428, -0.5616838932037354, 0.051728591322898865, 0.5842301249504089, 0.8099377751350403),
            ["LeftUpperLeg"] = CFrame.new(0, 6.146728992462158e-07, 4.0978193283081055e-08, 0.8738168478012085, 0.40704554319381714, 0.26600438356399536, -0.10868911445140839, 0.6967065334320068, -0.7090747356414795, -0.4739525318145752, 0.5906894207000732, 0.6530351638793945),
            ["RightLowerLeg"] = CFrame.new(1.4901161193847656e-08, -0.0000034570693969726562, -0.000013483855582308024, 1, -1.1175869474300271e-07, -1.3038518886787642e-07, 1.5273690223693848e-07, 0.48600685596466064, 0.873954713344574, -1.564621925354004e-07, -0.8739550113677979, 0.48600730299949646),
            ["RightFoot"] = CFrame.new(2.60770320892334e-08, 3.5762786865234375e-07, -1.3205863069742918e-08, 0.9999325275421143, -0.011328553780913353, -0.0025915580336004496, 0.011126694269478321, 0.9976344704627991, -0.06783601641654968, 0.003354123327881098, 0.06780282407999039, 0.9976931214332581),
            ["LeftLowerLeg"] = CFrame.new(8.754432201385498e-08, 0.0000036954879760742188, 0.00001309812068939209, 1, -2.8638172722139643e-08, 3.725288078015865e-09, 3.678723814459772e-08, 0.11024563014507294, 0.9939044117927551, -3.026798012228937e-08, -0.9939044117927551, 0.11024557054042816),
        }},
        {Time = 0.100, Data = {
            ["LeftFoot"] = CFrame.new(0, -5.960464477539063e-08, -7.543712854385376e-08, 0.998218297958374, -0.053202901035547256, -0.027012918144464493, 0.04430721327662468, 0.9641518592834473, -0.26162636280059814, 0.039964091032743454, 0.25996309518814087, 0.9647911787033081),
            ["LeftLowerArm"] = CFrame.new(-0.0004924535751342773, -0.0000985860824584961, 6.556510925292969e-07, 1, -1.0430811414607888e-07, 8.940698137394065e-08, 1.2665985593685036e-07, 0.1627507358789444, -0.986667275428772, 1.0803340444454079e-07, 0.986667275428772, 0.16275078058242798),
            ["LowerTorso"] = CFrame.new(0.013170831836760044, -0.024927616119384766, -0.33960840106010437, 0.9678420424461365, -0.14869821071624756, -0.20290565490722656, 0.1455352008342743, 0.9888826012611389, -0.03050677850842476, 0.20518618822097778, -0.000004173813977104146, 0.9787229895591736),
            ["Head"] = CFrame.new(1.1920928955078125e-07, 0, 5.960464477539063e-08, 0.9260755777359009, 0.20745214819908142, 0.3151948153972626, -0.16018813848495483, 0.9724445343017578, -0.16938534379005432, -0.34164878726005554, 0.1063731238245964, 0.9337884783744812),
            ["RightUpperArm"] = CFrame.new(0.011628866195678711, -0.032965898513793945, 1.4901161193847656e-08, 0.879314661026001, -0.2731170654296875, -0.39015787839889526, 0.09743182361125946, 0.9050605893135071, -0.41396889090538025, 0.4661681652069092, 0.325994610786438, 0.8224394917488098),
            ["UpperTorso"] = CFrame.new(-3.725290298461914e-09, 3.2782554626464844e-07, -1.30385160446167e-08, 0.9885246753692627, 0.01911969669163227, -0.14984509348869324, 0.02059144340455532, 0.9656433463096619, 0.25905412435531616, 0.14964987337589264, -0.2591668963432312, 0.9541685581207275),
            ["HumanoidRootPart"] = CFrame.new(0, 0, 0, 1, 0, 0, 0, 1, 0, 0, 0, 1),
            ["RightHand"] = CFrame.new(3.2782554626464844e-07, -3.5762786865234375e-07, -7.450580596923828e-08, 0.9448726773262024, -0.3093542754650116, 0.10731086134910583, 0.3271986246109009, 0.9045670628547668, -0.273311972618103, -0.012519605457782745, 0.2933569550514221, 0.9559210538864136),
            ["LeftUpperArm"] = CFrame.new(-0.011628270149230957, -0.03296542167663574, 1.4901161193847656e-08, 0.8617356419563293, 0.38942959904670715, -0.32521945238113403, -0.3437567353248596, 0.9195778369903564, 0.1902691274881363, 0.3731529712677002, -0.052165158092975616, 0.9262990951538086),
            ["RightLowerArm"] = CFrame.new(-0.000007331371307373047, 2.980232238769531e-07, 6.332993507385254e-08, 1, -3.725290742551124e-09, 7.450580596923828e-09, 8.009376273321323e-08, 0.47130918502807617, -0.881968080997467, 1.4901164746561335e-08, 0.881968080997467, 0.4713091552257538),
            ["LeftHand"] = CFrame.new(2.384185791015625e-07, 0.0000997781753540039, 5.960464477539063e-08, 0.37320950627326965, 0.8865150809288025, 0.273506224155426, -0.7676632404327393, 0.4606335759162903, -0.44554460048675537, -0.5209681987762451, -0.043679166585206985, 0.8524578213691711),
            ["RightUpperLeg"] = CFrame.new(1.1920928955078125e-07, -2.474830580467824e-07, -2.7772330213338137e-08, 0.9785234332084656, 0.14384202659130096, -0.1476529985666275, -0.2008797824382782, 0.8261263966560364, -0.5264620184898376, 0.04625251144170761, 0.5448160767555237, 0.8372791409492493),
            ["LeftUpperLeg"] = CFrame.new(-1.1920928955078125e-07, -3.9988321987038944e-08, -4.0978193283081055e-08, 0.7519438862800598, 0.5583686828613281, 0.3504351079463959, -0.2473481446504593, 0.7317182421684265, -0.635143518447876, -0.611064076423645, 0.3909130096435547, 0.6883226037025452),
            ["RightLowerLeg"] = CFrame.new(-2.9802322387695312e-08, -0.0000035762786865234375, -0.000013245437003206462, 1, -2.2351734685344127e-08, -1.6205014219394798e-07, 1.3783576946480025e-07, 0.5835616588592529, 0.81206876039505, -2.3841863594498136e-07, -0.8120688199996948, 0.583561897277832),
            ["RightFoot"] = CFrame.new(-7.636845111846924e-08, 5.960464477539062e-07, 1.6596459317952394e-08, 0.9997667670249939, 0.015205631032586098, 0.015338603407144547, -0.017871083691716194, 0.9812085628509521, 0.1921209692955017, -0.012128649279475212, -0.1923501044511795, 0.9812514781951904),
            ["LeftLowerLeg"] = CFrame.new(4.470348358154297e-08, 0.000003874301910400391, 0.000013425946235656738, 1, 3.054739465824241e-07, 2.831220911048149e-07, -3.0547380447387695e-07, 0.18152359127998352, 0.9833866953849792, 2.980232238769531e-07, -0.9833866953849792, 0.18152311444282532),
        }},
        {Time = 0.133, Data = {
            ["LeftFoot"] = CFrame.new(8.195638656616211e-08, 5.960464477539063e-08, -1.4901161193847656e-08, 0.9876916408538818, -0.13232174515724182, -0.08340369164943695, 0.1357458233833313, 0.9900603294372559, 0.03679167851805687, 0.07770660519599915, -0.04766042158007622, 0.9958364963531494),
            ["LeftLowerArm"] = CFrame.new(-0.0004926919937133789, -0.00009846687316894531, 2.384185791015625e-07, 1, -1.1629889229425316e-07, 1.175212673842907e-07, 1.2345846300831909e-07, 0.31103548407554626, -0.950398325920105, 9.463111894092435e-08, 0.9503983855247498, 0.3110354542732239),
            ["LowerTorso"] = CFrame.new(-0.05228473246097565, -0.0028150081634521484, -0.3441070020198822, 0.9745433926582336, -0.08485835045576096, -0.2075197845697403, 0.06527851521968842, 0.9928984642028809, -0.09945555031299591, 0.21448571979999542, 0.0833771601319313, 0.9731619358062744),
            ["Head"] = CFrame.new(4.470348358154297e-08, -3.5762786865234375e-07, -9.685754776000977e-08, 0.9662171602249146, 0.18268239498138428, 0.18180112540721893, -0.15656337141990662, 0.9763628244400024, -0.14900916814804077, -0.20472519099712372, 0.11551178246736526, 0.9719797372817993),
            ["RightUpperArm"] = CFrame.new(0.011628985404968262, -0.0329664945602417, -1.1920928955078125e-07, 0.8523547649383545, -0.10666105896234512, -0.5119825601577759, -0.11143170297145844, 0.919457733631134, -0.3770662844181061, 0.5109543800354004, 0.3784453272819519, 0.7718127965927124),
            ["UpperTorso"] = CFrame.new(6.984919309616089e-09, -2.086162567138672e-07, -1.0058283805847168e-07, 0.9948022365570068, -0.04503163322806358, -0.09132715314626694, 0.06868848949670792, 0.9588713049888611, 0.27540460228919983, 0.07516902685165405, -0.2802462577819824, 0.9569805860519409),
            ["HumanoidRootPart"] = CFrame.new(0, 0, 0, 1, 0, 0, 0, 1, 0, 0, 0, 1),
            ["RightHand"] = CFrame.new(1.7881393432617188e-07, -1.1920928955078125e-07, -4.470348358154297e-08, 0.8768032789230347, -0.4627367854118347, 0.13073162734508514, 0.4808446764945984, 0.8425828814506531, -0.2425747811794281, 0.002096034586429596, 0.275551974773407, 0.9612839221954346),
            ["LeftUpperArm"] = CFrame.new(-0.01162862777709961, -0.03296637535095215, -1.341104507446289e-07, 0.8971318602561951, 0.14796972274780273, -0.41625481843948364, -0.1852206289768219, 0.9814066290855408, -0.05033295229077339, 0.40105825662612915, 0.12225421518087387, 0.907853901386261),
            ["RightLowerArm"] = CFrame.new(-0.000006973743438720703, 0.0000010132789611816406, -2.905726432800293e-07, 1, -7.450581485102248e-09, 2.2351741790771484e-08, 0, 0.7520412802696228, -0.6591161489486694, 2.6077039194660756e-08, 0.6591161489486694, 0.7520412802696228),
            ["LeftHand"] = CFrame.new(-1.1688098311424255e-07, 0.0000998377799987793, 1.7881393432617188e-07, 0.2860267162322998, 0.8416213989257812, 0.4581073224544525, -0.7172212600708008, 0.5050737261772156, -0.48009809851646423, -0.635438859462738, -0.19124343991279602, 0.7480933666229248),
            ["RightUpperLeg"] = CFrame.new(1.7881393432617188e-07, -7.80448317527771e-07, 3.55576048605144e-08, 0.9830684065818787, -0.05878031253814697, -0.17355507612228394, -0.05721435323357582, 0.8013323545455933, -0.5954770445823669, 0.1740775853395462, 0.5953247547149658, 0.7844015955924988),
            ["LeftUpperLeg"] = CFrame.new(-2.980232238769531e-07, -6.705522537231445e-07, -2.9802322387695312e-08, 0.6643286943435669, 0.5802215933799744, 0.4711799621582031, -0.3177294433116913, 0.7898195385932922, -0.5246263146400452, -0.6765467524528503, 0.19881677627563477, 0.7090534567832947),
            ["RightLowerLeg"] = CFrame.new(3.818422555923462e-08, -0.0000034570693969726562, -0.000013498756743501872, 1, -2.9616057872772217e-07, -1.545996042295883e-07, 3.8882726016709057e-07, 0.473733127117157, 0.8806683421134949, -3.0407690587708203e-07, -0.8806684613227844, 0.4737335443496704),
            ["RightFoot"] = CFrame.new(3.119930624961853e-08, 3.5762786865234375e-07, -2.8107024263590574e-08, 0.9947140216827393, 0.06367121636867523, 0.08056145906448364, -0.0878981500864029, 0.9335638880729675, 0.3474663197994232, -0.053085751831531525, -0.35271039605140686, 0.9342254400253296),
            ["LeftLowerLeg"] = CFrame.new(8.940696716308594e-08, 0.0000040531158447265625, 0.000013262033462524414, 1, 4.0978196835794733e-08, -5.215407838932151e-08, -2.9802322387695312e-08, 0.5115535855293274, 0.8592514395713806, 7.450580596923828e-08, -0.8592513799667358, 0.5115535259246826),
        }},
        {Time = 0.167, Data = {
            ["LeftFoot"] = CFrame.new(4.470348358154297e-08, 0, -1.1920928955078125e-07, 0.9695114493370056, -0.21092364192008972, -0.12473510950803757, 0.22479788959026337, 0.9681633710861206, 0.11011694371700287, 0.09753769636154175, -0.13479970395565033, 0.986060619354248),
            ["LeftLowerArm"] = CFrame.new(-0.0004923641681671143, -0.00009995698928833008, 2.980232238769531e-07, 1, -5.960464477539063e-08, 3.72529100900465e-08, 1.1385419895759696e-07, 0.45760026574134827, -0.8891580700874329, 6.798655505235729e-08, 0.8891580104827881, 0.45760029554367065),
            ["LowerTorso"] = CFrame.new(-0.13638368248939514, -0.09928011894226074, -0.3574065566062927, 0.9810833930969238, 0.020837541669607162, -0.19246076047420502, -0.05181853845715523, 0.9861782193183899, -0.15737640857696533, 0.1865212768316269, 0.16437241435050964, 0.9686028957366943),
            ["Head"] = CFrame.new(8.847564458847046e-08, 1.1920928955078125e-07, -1.5273690223693848e-07, 0.9902819991111755, 0.13906778395175934, -0.0013449810212478042, -0.1376974880695343, 0.979075014591217, -0.14983844757080078, -0.019520871341228485, 0.14856751263141632, 0.9887096285820007),
            ["RightUpperArm"] = CFrame.new(0.011628985404968262, -0.032965898513793945, -1.6391277313232422e-07, 0.7908617258071899, -0.11055424064397812, -0.6019376516342163, -0.18964633345603943, 0.8908626437187195, -0.41278988122940063, 0.5818695425987244, 0.4406149685382843, 0.6835755705833435),
            ["UpperTorso"] = CFrame.new(-1.1175870895385742e-08, 2.086162567138672e-07, -1.1548399925231934e-07, 0.9889740943908691, -0.13331963121891022, -0.06446796655654907, 0.14654222130775452, 0.9437936544418335, 0.29627543687820435, 0.021345127373933792, -0.3024560213088989, 0.952924370765686),
            ["HumanoidRootPart"] = CFrame.new(0, 0, 0, 1, 0, 0, 0, 1, 0, 0, 0, 1),
            ["RightHand"] = CFrame.new(-5.960464477539063e-08, 1.1920928955078125e-07, -1.1920928955078125e-07, 0.8138212561607361, -0.5759409666061401, 0.07737568765878677, 0.5810942053794861, 0.8076810240745544, -0.09990519285202026, -0.004955396056175232, 0.12626749277114868, 0.9919838905334473),
            ["LeftUpperArm"] = CFrame.new(-0.01162862777709961, -0.03296530246734619, -1.7881393432617188e-07, 0.8891035914421082, -0.07421734184026718, -0.4516591727733612, -0.01955496519804001, 0.9797067642211914, -0.19947852194309235, 0.45728814601898193, 0.1861892193555832, 0.8696046471595764),
            ["RightLowerArm"] = CFrame.new(-0.000006705522537231445, 0.0000017881393432617188, -4.0978193283081055e-07, 1, -5.774199962615967e-08, -7.823110337312755e-08, 3.725290742551124e-09, 0.937908411026001, -0.3468831181526184, -1.862645326866641e-08, 0.3468831181526184, 0.9379083514213562),
            ["LeftHand"] = CFrame.new(1.1920928955078125e-07, 0.00010013580322265625, -1.1920928955078125e-07, 0.10147718340158463, 0.7966088056564331, 0.5959169864654541, -0.6566379070281982, 0.503624439239502, -0.5614169836044312, -0.7473480105400085, -0.33433055877685547, 0.5741897821426392),
            ["RightUpperLeg"] = CFrame.new(0, -3.855675458908081e-07, -3.894820110872388e-08, 0.8809571266174316, -0.457905650138855, -0.11931955814361572, 0.20105355978012085, 0.5904735326766968, -0.7816126346588135, 0.4283598065376282, 0.6645777225494385, 0.6122454404830933),
            ["LeftUpperLeg"] = CFrame.new(-1.1920928955078125e-07, -4.470348358154297e-08, -1.4156103134155273e-07, 0.6036275625228882, 0.5094334483146667, 0.6132796406745911, -0.30288630723953247, 0.8580856323242188, -0.41466689109802246, -0.7374916076660156, 0.06455039978027344, 0.6722644567489624),
            ["RightLowerLeg"] = CFrame.new(-5.960464477539063e-08, -0.000003874301910400391, -0.000013558361388277262, 1, -1.4156093186556973e-07, -1.7136348162694048e-07, 2.0861619987044833e-07, 0.13823677599430084, 0.9903991222381592, -3.0547371920874866e-07, -0.990399181842804, 0.13823746144771576),
            ["RightFoot"] = CFrame.new(2.2351741790771484e-08, 3.5762786865234375e-07, 3.149762051180005e-08, 0.9871264696121216, 0.11221624910831451, 0.11396834999322891, -0.12356752902269363, 0.9874894022941589, 0.09795907884836197, -0.10154999047517776, -0.11078018695116043, 0.988643229007721),
            ["LeftLowerLeg"] = CFrame.new(1.7881393432617188e-07, 0.000003933906555175781, 0.000012934207916259766, 1, 5.587936779960501e-09, -5.587936158235607e-08, 4.470348358154297e-08, 0.6792092323303223, 0.7339449524879456, -5.960464477539063e-08, -0.7339447736740112, 0.6792089343070984),
        }},
        {Time = 0.200, Data = {
            ["LeftFoot"] = CFrame.new(9.685754776000977e-08, 0, -1.4901161193847656e-08, 0.9597256779670715, -0.2636015713214874, -0.0971648320555687, 0.24727389216423035, 0.9567554593086243, -0.15321484208106995, 0.13335080444812775, 0.12301791459321976, 0.9834043979644775),
            ["LeftLowerArm"] = CFrame.new(-0.0004924237728118896, -0.0000985264778137207, 4.470348358154297e-07, 1, -9.685752644372769e-08, 1.0803341865539551e-07, 1.1501836638672103e-07, 0.5520539283752441, -0.833808422088623, 1.1175873559921001e-08, 0.833808422088623, 0.5520539879798889),
            ["LowerTorso"] = CFrame.new(-0.20774737000465393, -0.25514817237854004, -0.36485570669174194, 0.9811306595802307, 0.11983263492584229, -0.15173284709453583, -0.14894981682300568, 0.9688188433647156, -0.19800017774105072, 0.1232747733592987, 0.21686460077762604, 0.9683868885040283),
            ["Head"] = CFrame.new(7.450580596923828e-08, -4.76837158203125e-07, -5.21540641784668e-08, 0.9890360832214355, 0.028935778886079788, -0.14481182396411896, -0.06520377844572067, 0.9654176831245422, -0.25242260098457336, 0.1324998438358307, 0.25909730792045593, 0.956719696521759),
            ["RightUpperArm"] = CFrame.new(0.011628866195678711, -0.032965660095214844, 0, 0.8613748550415039, -0.1747552454471588, -0.47697505354881287, -0.04920544847846031, 0.9058417677879333, -0.42074692249298096, 0.5055810213088989, 0.3858904242515564, 0.7716650366783142),
            ["UpperTorso"] = CFrame.new(7.078051567077637e-08, -1.4901161193847656e-07, -6.705522537231445e-08, 0.9803422093391418, -0.18623867630958557, -0.0651489719748497, 0.1973014771938324, 0.9272926449775696, 0.31812039017677307, 0.001165841007605195, -0.3247207701206207, 0.9458092451095581),
            ["HumanoidRootPart"] = CFrame.new(0, 0, 0, 1, 0, 0, 0, 1, 0, 0, 0, 1),
            ["RightHand"] = CFrame.new(5.21540641784668e-08, 0, -1.1920928955078125e-07, 0.7358694672584534, -0.6260676980018616, 0.2579447329044342, 0.6523532867431641, 0.7575876712799072, -0.02227478288114071, -0.18147031962871552, 0.18466249108314514, 0.9659029245376587),
            ["LeftUpperArm"] = CFrame.new(-0.011628508567810059, -0.03296554088592529, -2.2351741790771484e-07, 0.8827511668205261, -0.25558650493621826, -0.39425429701805115, 0.16001960635185242, 0.952481210231781, -0.25917211174964905, 0.4417511224746704, 0.16569572687149048, 0.8816991448402405),
            ["RightLowerArm"] = CFrame.new(-0.0000069141387939453125, 0.0000014901161193847656, 0, 1, 6.705523247774181e-08, 2.2351741790771484e-08, -1.862644971595273e-08, 0.9993518590927124, -0.03599847853183746, 4.284083487959833e-08, 0.03599848225712776, 0.9993518590927124),
            ["LeftHand"] = CFrame.new(0, 0.00009989738464355469, -2.1979212760925293e-07, -0.013514788821339607, 0.7283563017845154, 0.685065507888794, -0.6045767664909363, 0.5397555232048035, -0.5857908129692078, -0.7964322566986084, -0.4220913350582123, 0.43305251002311707),
            ["RightUpperLeg"] = CFrame.new(5.960464477539063e-08, -1.825392246246338e-07, 5.75528247281909e-09, 0.6515965461730957, -0.746178388595581, 0.13652779161930084, 0.42392051219940186, 0.20894120633602142, -0.8812692165374756, 0.6290575265884399, 0.6321088075637817, 0.4524655044078827),
            ["LeftUpperLeg"] = CFrame.new(-5.960464477539063e-08, -3.650784492492676e-07, -7.450580596923828e-08, 0.7989230751991272, 0.39758002758026123, 0.4512783885002136, -0.2578752338886261, 0.9043123126029968, -0.34017565846443176, -0.543343722820282, 0.15540063381195068, 0.8250020742416382),
            ["RightLowerLeg"] = CFrame.new(0, -0.0000035762786865234375, -0.000013271514035295695, 1, 0.0000010058281532110414, 0.0000010356308166592498, -7.413324851768266e-07, -0.12225570529699326, 0.9924987554550171, 0.000001074745910045749, -0.9924986958503723, -0.1222553700208664),
            ["RightFoot"] = CFrame.new(2.9802322387695312e-08, 4.76837158203125e-07, 1.20904587674886e-07, 0.9776016473770142, 0.14666293561458588, 0.150946706533432, -0.14701861143112183, 0.989094078540802, -0.008865313604474068, -0.1506008356809616, -0.013524995185434818, 0.9885022044181824),
            ["LeftLowerLeg"] = CFrame.new(5.960464477539063e-08, 0.0000040531158447265625, 0.000013500452041625977, 1, -1.564621925354004e-07, -1.5646217832454568e-07, 1.1920930376163597e-07, 0.5241782069206238, 0.8516088128089905, -1.3411046495548362e-07, -0.8516086935997009, 0.5241779685020447),
        }},
        {Time = 0.233, Data = {
            ["LeftFoot"] = CFrame.new(-3.725290298461914e-08, -5.960464477539063e-08, 0, 0.9508342742919922, -0.2981187403202057, -0.08390293270349503, 0.25628364086151123, 0.9095117449760437, -0.3272724449634552, 0.17387664318084717, 0.2896784842014313, 0.9411976337432861),
            ["LeftLowerArm"] = CFrame.new(-0.0004921853542327881, -0.00009864568710327148, 1.1920928955078125e-07, 1, -1.1920928955078125e-07, 5.21540641784668e-08, 1.0710212450248946e-07, 0.5659103989601135, -0.8244667649269104, 8.56816981809061e-08, 0.8244668245315552, 0.5659103989601135),
            ["LowerTorso"] = CFrame.new(-0.24589289724826813, -0.4083733558654785, -0.3672105669975281, 0.9766330718994141, 0.17706818878650665, -0.12179838865995407, -0.20099110901355743, 0.9531885385513306, -0.22590751945972443, 0.07609579712152481, 0.24510912597179413, 0.9665045142173767),
            ["Head"] = CFrame.new(4.284083843231201e-08, -1.1920928955078125e-07, -1.862645149230957e-09, 0.9819352626800537, -0.10289891064167023, -0.15879294276237488, 0.04262983798980713, 0.937936544418335, -0.3441771864891052, 0.18435314297676086, 0.33119043707847595, 0.9253793358802795),
            ["RightUpperArm"] = CFrame.new(0.01162874698638916, -0.032966017723083496, -7.450580596923828e-09, 0.9786337018013, -0.2048012912273407, -0.01828755810856819, 0.19773468375205994, 0.9617931842803955, -0.1893491894006729, 0.056366246193647385, 0.18168728053569794, 0.9817395210266113),
            ["UpperTorso"] = CFrame.new(-1.862645149230957e-09, 8.940696716308594e-08, -2.421438694000244e-08, 0.9780335426330566, -0.20163363218307495, -0.05286099761724472, 0.2076013684272766, 0.9193943738937378, 0.3340895473957062, -0.018763573840260506, -0.33772480487823486, 0.9410579204559326),
            ["HumanoidRootPart"] = CFrame.new(0, 0, 0, 1, 0, 0, 0, 1, 0, 0, 0, 1),
            ["RightHand"] = CFrame.new(-1.862645149230957e-07, 0, 7.450580596923828e-08, 0.6583552360534668, -0.7400280237197876, 0.13757579028606415, 0.7520304322242737, 0.6544332504272461, -0.0785328820347786, -0.031917668879032135, 0.1551637053489685, 0.9873730540275574),
            ["LeftUpperArm"] = CFrame.new(-0.011628508567810059, -0.03296613693237305, -5.21540641784668e-08, 0.8904767632484436, -0.35536399483680725, -0.2842143774032593, 0.29378873109817505, 0.9259535074234009, -0.23726078867912292, 0.34747567772865295, 0.12777568399906158, 0.9289400577545166),
            ["RightLowerArm"] = CFrame.new(-0.0000068247318267822266, 5.960464477539062e-07, 0, 1, 5.075708742197094e-08, 3.725290653733282e-08, -4.0512535548486994e-08, 1, 1.862645371275562e-09, -2.3283067918100642e-08, 0, 1),
            ["LeftHand"] = CFrame.new(5.960464477539063e-08, 0.0000998377799987793, 1.341104507446289e-07, 0.015171712264418602, 0.6624776721000671, 0.7489281892776489, -0.6179101467132568, 0.5950816869735718, -0.513872504234314, -0.7861024141311646, -0.45497384667396545, 0.4183799624443054),
            ["RightUpperLeg"] = CFrame.new(-2.9802322387695312e-08, -2.868473529815674e-07, -2.1776213543489575e-07, 0.4657760560512543, -0.7907615303993225, 0.39717623591423035, 0.5623188018798828, -0.08206876367330551, -0.8228380084037781, 0.683264434337616, 0.6065980195999146, 0.4064341187477112),
            ["LeftUpperLeg"] = CFrame.new(-1.1920928955078125e-07, -3.8743019104003906e-07, -8.940696716308594e-08, 0.8841060996055603, 0.34838157892227173, 0.31142690777778625, -0.22040414810180664, 0.898561954498291, -0.37948429584503174, -0.4120418131351471, 0.2668650150299072, 0.8712089657783508),
            ["RightLowerLeg"] = CFrame.new(2.9802322387695312e-08, -0.0000036954879760742188, -0.000013439152098726481, 1, -3.6880331322208804e-07, -3.799801504555944e-07, 2.3841855067985307e-07, -0.25645947456359863, 0.9665549397468567, -3.27825517842939e-07, -0.9665549993515015, -0.25645971298217773),
            ["RightFoot"] = CFrame.new(2.9802322387695312e-08, 5.364418029785156e-07, -1.3205863069742918e-08, 0.9570737481117249, 0.19068093597888947, 0.21828968822956085, -0.19097179174423218, 0.981392502784729, -0.019966449588537216, -0.2180357277393341, -0.022577689960598946, 0.9756797552108765),
            ["LeftLowerLeg"] = CFrame.new(-2.086162567138672e-07, 0.000003933906555175781, 0.000013202428817749023, 1, -2.980232594040899e-08, 4.4703462265260896e-08, -2.9802322387695312e-08, 0.3186296224594116, 0.9478795528411865, 7.450580596923828e-09, -0.9478793144226074, 0.31862884759902954),
        }},
        {Time = 0.267, Data = {
            ["LeftFoot"] = CFrame.new(1.341104507446289e-07, 0, -1.4901161193847656e-08, 0.9691016674041748, -0.23054975271224976, -0.08768723160028458, 0.19243907928466797, 0.9290645718574524, -0.3159215748310089, 0.15430285036563873, 0.2892853021621704, 0.9447245597839355),
            ["LeftLowerArm"] = CFrame.new(-0.0004925727844238281, -0.00009930133819580078, 7.450580596923828e-08, 1, -8.940698137394065e-08, 2.980232949312267e-08, 1.1082741480095137e-07, 0.5284925699234009, -0.8489379286766052, 6.891788473240013e-08, 0.84893798828125, 0.5284925699234009),
            ["LowerTorso"] = CFrame.new(-0.23444867134094238, -0.47369909286499023, -0.34781768918037415, 0.9745973348617554, 0.15733563899993896, -0.15939173102378845, -0.1869170069694519, 0.9634557962417603, -0.19187217950820923, 0.12337856739759445, 0.21679112315177917, 0.9683901071548462),
            ["Head"] = CFrame.new(5.587935447692871e-08, 2.384185791015625e-07, -2.7939677238464355e-09, 0.9834416508674622, -0.16877306997776031, -0.06601715832948685, 0.1308596432209015, 0.9133453369140625, -0.3855855464935303, 0.12537284195423126, 0.3705618977546692, 0.9203073382377625),
            ["RightUpperArm"] = CFrame.new(0.011628985404968262, -0.032965779304504395, -3.91155481338501e-08, 0.9431554675102234, -0.22003239393234253, 0.24909618496894836, 0.2094622403383255, 0.9754133224487305, 0.0685013011097908, -0.25803762674331665, -0.012431124225258827, 0.9660531282424927),
            ["UpperTorso"] = CFrame.new(7.450580596923828e-08, 5.364418029785156e-07, 5.774199962615967e-08, 0.9831427931785583, -0.17957478761672974, 0.034397613257169724, 0.16002850234508514, 0.9361174702644348, 0.3131692409515381, -0.08843749761581421, -0.3023853898048401, 0.9490742683410645),
            ["HumanoidRootPart"] = CFrame.new(0, 0, 0, 1, 0, 0, 0, 1, 0, 0, 0, 1),
            ["RightHand"] = CFrame.new(2.421438694000244e-07, 0, 5.960464477539063e-08, 0.6303830742835999, -0.7753926515579224, -0.03719443082809448, 0.7561232447624207, 0.624154806137085, -0.19674459099769592, 0.17576941847801208, 0.09590088576078415, 0.9797490239143372),
            ["LeftUpperArm"] = CFrame.new(-0.01162862777709961, -0.03296518325805664, -1.862645149230957e-09, 0.9108085036277771, -0.3264329135417938, -0.25274142622947693, 0.2868441045284271, 0.9406775832176208, -0.18122081458568573, 0.296897828578949, 0.0925598070025444, 0.9504108428955078),
            ["RightLowerArm"] = CFrame.new(-0.000006467103958129883, 0.0000014901161193847656, -2.9802322387695312e-08, 1, 4.284084909045305e-08, 2.421439226907296e-08, -3.539026138810186e-08, 1, 0, -3.725290653733282e-08, -1.1175873559921001e-08, 1),
            ["LeftHand"] = CFrame.new(-2.9802322387695312e-08, 0.0000998377799987793, 3.725290298461914e-08, 0.29465946555137634, 0.6478342413902283, 0.702485978603363, -0.5746845006942749, 0.7074665427207947, -0.41137441992759705, -0.7634878158569336, -0.282492458820343, 0.5807620286941528),
            ["RightUpperLeg"] = CFrame.new(5.960464477539063e-08, 2.2351741790771484e-07, 9.480572771281004e-09, 0.5003146529197693, -0.7434601783752441, 0.4437928795814514, 0.5762397646903992, -0.09665197134017944, -0.8115456700325012, 0.6462453603744507, 0.6617593169212341, 0.3800548017024994),
            ["LeftUpperLeg"] = CFrame.new(1.4901161193847656e-07, 2.682209014892578e-07, 3.725290298461914e-08, 0.8698731064796448, 0.4119585454463959, 0.2713131308555603, -0.24002400040626526, 0.8340131044387817, -0.4968004524707794, -0.4309398829936981, 0.36703193187713623, 0.8243656158447266),
