return {
    ["Boom!"] = {
        {Time = 0.000, Data = {
            ["LeftLowerArm"] = CFrame.new(-1.1920928955078125e-07, -3.5762786865234375e-07, -1.7881393432617188e-07, 0.9980862736701965, 0.05140602961182594, 0.034370798617601395, -0.024507179856300354, 0.8391332626342773, -0.543373167514801, -0.056774288415908813, 0.5414913892745972, 0.838787317276001),
            ["LeftFoot"] = CFrame.new(-4.842877388000488e-08, 5.960464477539063e-08, -8.009374141693115e-08, 0.9851738810539246, -0.1715000420808792, 0.00450134975835681, 0.16943764686584473, 0.9767683148384094, 0.13120579719543457, -0.026898011565208435, -0.12849728763103485, 0.9913449287414551),
            ["RightHand"] = CFrame.new(-2.682209014892578e-07, -8.344650268554688e-07, -1.1920928955078125e-07, 0.9921272993087769, 0.12332549691200256, 0.02177901193499565, -0.11811622977256775, 0.979274570941925, -0.1645292490720749, -0.04161829128861427, 0.16066129505634308, 0.9861318469047546),
            ["HumanoidRootPart"] = CFrame.new(0, 0, 0, 1, 0, 0, 0, 1, 0, 0, 0, 1),
            ["RightLowerLeg"] = CFrame.new(0, 2.384185791015625e-07, -5.21540641784668e-08, 1, -0.000007843606908863876, -0.0000014007052868691972, 0.00000780820755608147, 0.9348799586296082, 0.3549704849720001, -0.0000014854592791380128, -0.35496410727500916, 0.9348775148391724),
            ["LeftUpperLeg"] = CFrame.new(-5.960464477539063e-08, -4.577450454235077e-07, 3.91155481338501e-08, 0.9818928241729736, 0.18779756128787994, 0.024877255782485008, -0.1739409863948822, 0.9457846879959106, -0.2742902338504791, -0.07503999024629593, 0.2649969756603241, 0.9613251686096191),
            ["LeftLowerLeg"] = CFrame.new(5.587935447692871e-08, 1.1920928955078125e-07, 1.1920928955078125e-07, 1, 0.000001154840560957382, 2.309680269263481e-07, -0.0000011771919616876403, 0.982781708240509, 0.18477287888526917, -2.6077039194660756e-08, -0.18477073311805725, 0.9827812910079956),
            ["RightUpperArm"] = CFrame.new(0, 2.384185791015625e-07, 8.940696716308594e-08, 0.9727855920791626, -0.22435566782951355, -0.05790562182664871, 0.22864526510238647, 0.9699659943580627, 0.0829959511756897, 0.03754444047808647, -0.09397067874670029, 0.9948661923408508),
            ["Head"] = CFrame.new(-5.587935447692871e-09, -1.1920928955078125e-07, 1.2293457984924316e-07, 0.9167323112487793, -0.04430975392460823, 0.3970372676849365, 0.056154895573854446, 0.9982552528381348, -0.018251467496156693, -0.3955356776714325, 0.039027441293001175, 0.9176210761070251),
            ["UpperTorso"] = CFrame.new(-6.51925802230835e-09, -5.960464477539063e-08, 1.6763806343078613e-08, 0.9902827143669128, 0.023575322702527046, -0.13705633580684662, 0.003669790457934141, 0.9807531833648682, 0.19521689414978027, 0.13902071118354797, -0.19382299482822418, 0.9711364507675171),
            ["LeftUpperArm"] = CFrame.new(-1.1920928955078125e-07, -2.384185791015625e-07, 2.9802322387695312e-08, 0.9077789187431335, 0.30655455589294434, -0.28630316257476807, -0.29904234409332275, 0.9516129493713379, 0.07076044380664825, 0.29412785172462463, 0.02138277143239975, 0.9555227160453796),
            ["RightLowerArm"] = CFrame.new(1.1920928955078125e-07, 5.364418029785156e-07, -5.960464477539063e-08, 0.9979336857795715, -0.053217563778162, -0.036004647612571716, 0.02686818689107895, 0.8546409010887146, -0.5185237526893616, 0.058365579694509506, 0.5164852142333984, 0.8543049097061157),
            ["LeftHand"] = CFrame.new(0, 5.960464477539063e-08, 5.960464477539063e-08, 0.9884446859359741, -0.15146858990192413, -0.005881757475435734, 0.15080806612968445, 0.9865701794624329, -0.06274081021547318, 0.015305938199162483, 0.06112886220216751, 0.9980126023292542),
            ["RightFoot"] = CFrame.new(-3.3527612686157227e-08, 0, -7.450580596923828e-09, 0.9788771271705627, 0.20440375804901123, -0.004243393428623676, -0.19508768618106842, 0.9276377558708191, -0.3184831738471985, -0.06115886569023132, 0.31258171796798706, 0.9479190111160278),
            ["LowerTorso"] = CFrame.new(-0.05679609626531601, -0.11377191543579102, 0.09302261471748352, 0.9633871912956238, -0.005105949472635984, -0.2680657207965851, -0.006825887598097324, 0.9990274906158447, -0.04355998337268829, 0.2680274546146393, 0.043795015662908554, 0.9624153971672058),
            ["RightUpperLeg"] = CFrame.new(-1.1920928955078125e-07, -2.193264663219452e-07, 2.421438694000244e-08, 0.9138809442520142, -0.22001053392887115, -0.34120139479637146, 0.2311515361070633, 0.9728835225105286, -0.008214331232011318, 0.33375227451324463, -0.07136575877666473, 0.939954400062561),
            ["Bomb"] = CFrame.new(-0.038202688097953796, -0.03224825859069824, -0.177602156996727, -0.6725232601165771, 0.7286479473114014, -0.12898552417755127, -0.7349956631660461, -0.6373816728591919, 0.23163744807243347, 0.08656645566225052, 0.25063270330429077, 0.9642131328582764),
        }},
        {Time = 0.033, Data = {
            ["LeftLowerArm"] = CFrame.new(0, -5.960464477539063e-08, -1.7881393432617188e-07, 0.9979894161224365, 0.05269583687186241, 0.03521840274333954, -0.025975454598665237, 0.8469017744064331, -0.5311143398284912, -0.05781394988298416, 0.5291319489479065, 0.8465679883956909),
            ["LeftFoot"] = CFrame.new(4.842877388000488e-08, 1.1920928955078125e-07, 3.361492417752743e-08, 0.9831176400184631, -0.1829197108745575, 0.004515470936894417, 0.1828041672706604, 0.9829670190811157, 0.018927959725260735, -0.007900916039943695, -0.017783531919121742, 0.9998106956481934),
            ["RightHand"] = CFrame.new(2.9802322387695312e-08, -1.1920928955078125e-07, 5.960464477539063e-08, 0.9705612659454346, 0.2392655909061432, -0.027619322761893272, -0.24054765701293945, 0.9571455717086792, -0.16127386689186096, -0.012151524424552917, 0.16316981613636017, 0.9865232706069946),
            ["HumanoidRootPart"] = CFrame.new(0, 0, 0, 1, 0, 0, 0, 1, 0, 0, 0, 1),
            ["RightLowerLeg"] = CFrame.new(8.940696716308594e-08, 3.5762786865234375e-07, 5.960464477539063e-08, 1, -0.000012345659342827275, -0.000003777429128604126, 0.000012362378583929967, 0.8296710848808289, 0.5582614541053772, -0.0000036880383049719967, -0.5582526326179504, 0.8296650648117065),
            ["LeftUpperLeg"] = CFrame.new(-2.384185791015625e-07, 9.28685039980337e-08, 9.12696123123169e-08, 0.9710839986801147, 0.2286761999130249, -0.06858605891466141, -0.2309550642967224, 0.8270688056945801, -0.5124598145484924, -0.060462020337581635, 0.5134826302528381, 0.8559677600860596),
            ["LeftLowerLeg"] = CFrame.new(-1.043081283569336e-07, 2.980232238769531e-07, 5.960464477539063e-08, 1, 0.0000064689756982261315, 0.0000019895073819498066, -0.000006448476142395521, 0.847337543964386, 0.5310584902763367, 0.000001639127390262729, -0.531054675579071, 0.847335159778595),
            ["RightUpperArm"] = CFrame.new(1.1920928955078125e-07, -2.384185791015625e-07, 1.4901161193847656e-08, 0.9614037275314331, -0.24299128353595734, -0.12907284498214722, 0.23644927144050598, 0.9695315957069397, -0.06403372436761856, 0.14069345593452454, 0.03104352205991745, 0.9895655512809753),
            ["Head"] = CFrame.new(-3.3527612686157227e-08, 1.1920928955078125e-07, 1.043081283569336e-07, 0.9321286082267761, -0.06808300316333771, 0.3556700050830841, 0.12685544788837433, 0.9813231825828552, -0.14461201429367065, -0.339181512594223, 0.17991578578948975, 0.9233560562133789),
            ["UpperTorso"] = CFrame.new(-3.725290298461914e-09, 1.7881393432617188e-07, -1.862645149230957e-08, 0.993661105632782, 0.07721728831529617, -0.0817025899887085, -0.055184416472911835, 0.9682236909866333, 0.24392129480838776, 0.0979413092136383, -0.23786653578281403, 0.966347336769104),
            ["LeftUpperArm"] = CFrame.new(-1.1920928955078125e-07, -3.5762786865234375e-07, 1.7881393432617188e-07, 0.9613747000694275, 0.25891876220703125, -0.0933847725391388, -0.2634136378765106, 0.9638810753822327, -0.03932712972164154, 0.07982475310564041, 0.0624057836830616, 0.994853138923645),
            ["RightLowerArm"] = CFrame.new(-3.8743019104003906e-07, -1.7881393432617188e-07, -2.9802322387695312e-08, 0.9984848499298096, -0.045390281826257706, -0.03110983408987522, 0.018403008580207825, 0.8082298040390015, -0.5885792970657349, 0.05185973644256592, 0.5871152877807617, 0.8078407049179077),
            ["LeftHand"] = CFrame.new(1.7881393432617188e-07, -0.0000010132789611816406, -5.960464477539063e-08, 0.9790899157524109, -0.2029964178800583, 0.013247348368167877, 0.201795756816864, 0.9609392881393433, -0.1894046664237976, 0.02571849152445793, 0.1881173849105835, 0.9818097949028015),
            ["RightFoot"] = CFrame.new(-3.3527612686157227e-08, 1.7881393432617188e-07, 0, 0.9842230081558228, 0.17688044905662537, -0.004209218546748161, -0.16442392766475677, 0.9055896401405334, -0.3909966051578522, -0.06534358114004135, 0.38551369309425354, 0.9203826189041138),
            ["LowerTorso"] = CFrame.new(-0.053753916174173355, -0.16717350482940674, 0.16097426414489746, 0.9615514874458313, -0.03631708025932312, -0.2722128629684448, 0.03525228798389435, 0.999339759349823, -0.008802609518170357, 0.27235281467437744, -0.001131866592913866, 0.9621967673301697),
            ["RightUpperLeg"] = CFrame.new(-2.9802322387695312e-08, -4.283210728317499e-07, 2.2351741790771484e-08, 0.9271546602249146, -0.20822922885417938, -0.311491459608078, 0.15935105085372925, 0.9715566635131836, -0.17517414689064026, 0.33910390734672546, 0.1127757728099823, 0.9339631795883179),
            ["Bomb"] = CFrame.new(-0.03820286691188812, -0.032248109579086304, -0.17760203778743744, -0.6725443601608276, 0.7286344766616821, -0.128988116979599, -0.7349774837493896, -0.6373969316482544, 0.23164264857769012, 0.0865577906370163, 0.2506333589553833, 0.9642114639282227),
        }},
        {Time = 0.067, Data = {
            ["LeftLowerArm"] = CFrame.new(4.76837158203125e-07, 3.5762786865234375e-07, 1.043081283569336e-07, 0.9979270100593567, 0.0534864105284214, 0.03579256311058998, -0.026918012648820877, 0.8520528078079224, -0.5227630138397217, -0.05845782160758972, 0.5207160115242004, 0.8517263531684875),
            ["LeftFoot"] = CFrame.new(-8.940696716308594e-08, 1.7881393432617188e-07, 7.450580596923828e-09, 0.9884462356567383, -0.1515096127986908, 0.004474437329918146, 0.1510685533285141, 0.9823286533355713, -0.11048854887485504, 0.012344618327915668, 0.10988777130842209, 0.9938672780990601),
            ["RightHand"] = CFrame.new(3.166496753692627e-08, -5.960464477539063e-08, 2.9802322387695312e-08, 0.954800009727478, 0.29723501205444336, 0.002870224416255951, -0.29620006680488586, 0.9521971344947815, -0.07474032044410706, -0.02494845539331436, 0.07051178067922592, 0.9971988797187805),
            ["HumanoidRootPart"] = CFrame.new(0, 0, 0, 1, 0, 0, 0, 1, 0, 0, 0, 1),
            ["RightLowerLeg"] = CFrame.new(1.1175870895385742e-08, -2.384185791015625e-07, -2.60770320892334e-08, 1, -0.0000212788818316767, -0.000015795241779414937, 0.000021278865460772067, 0.29221460223197937, 0.9563528895378113, -0.00001578033516125288, -0.9563527703285217, 0.29221418499946594),
            ["LeftUpperLeg"] = CFrame.new(1.1920928955078125e-07, 0, 3.725290298461914e-09, 0.9539639949798584, 0.12215922772884369, -0.2739187479019165, -0.2997969388961792, 0.4146607518196106, -0.8591722249984741, 0.008626533672213554, 0.901739239692688, 0.43219393491744995),
            ["LeftLowerLeg"] = CFrame.new(7.450580596923828e-08, 0, -1.4901161193847656e-08, 1, 0.000006154159109428292, 0.000005535801847145194, -0.000006072224095987622, 0.09904485940933228, 0.9950829148292542, 0.00000540912196811405, -0.9950830340385437, 0.09904555231332779),
            ["RightUpperArm"] = CFrame.new(3.5762786865234375e-07, 1.1920928955078125e-07, -5.21540641784668e-08, 0.9380688071250916, -0.3301907181739807, -0.10489172488451004, 0.32089242339134216, 0.9422159790992737, -0.0962163433432579, 0.13059468567371368, 0.05659771338105202, 0.9898183345794678),
            ["Head"] = CFrame.new(2.2351741790771484e-08, 0, 5.21540641784668e-08, 0.9624570608139038, -0.05177455022931099, 0.26645079255104065, 0.12434121966362, 0.9566831588745117, -0.26324257254600525, -0.24127967655658722, 0.28649061918258667, 0.9272040128707886),
            ["UpperTorso"] = CFrame.new(1.4901161193847656e-08, -2.682209014892578e-07, 5.4016709327697754e-08, 0.9867908954620361, 0.16058436036109924, 0.021364150568842888, -0.16081732511520386, 0.9551340937614441, 0.2487100213766098, 0.01953335665166378, -0.2488606870174408, 0.9683423638343811),
            ["LeftUpperArm"] = CFrame.new(-2.384185791015625e-07, 0, -1.341104507446289e-07, 0.9418296813964844, 0.2764093279838562, 0.19120192527770996, -0.27080997824668884, 0.9610400199890137, -0.05535659193992615, -0.1990448534488678, 0.00035897642374038696, 0.9799885749816895),
            ["RightLowerArm"] = CFrame.new(1.1920928955078125e-07, 5.960464477539062e-07, -8.940696716308594e-08, 0.9998314380645752, -0.007388558704406023, -0.01681038737297058, -0.009824276901781559, 0.5581880211830139, -0.8296563029289246, 0.015513280406594276, 0.8296815752983093, 0.5580214858055115),
            ["LeftHand"] = CFrame.new(2.4586915969848633e-07, -4.76837158203125e-07, -2.9802322387695312e-08, 0.9704300165176392, -0.20415297150611877, -0.12879085540771484, 0.1697010099887848, 0.9564613103866577, -0.23745201528072357, 0.17165996134281158, 0.20857453346252441, 0.9628236889839172),
            ["RightFoot"] = CFrame.new(-2.60770320892334e-08, 0, -2.9802322387695312e-08, 0.984485387802124, 0.17541702091693878, -0.004209635779261589, -0.14933991432189941, 0.8250479102134705, -0.5449717044830322, -0.0921206921339035, 0.5371451377868652, 0.8384438753128052),
            ["LowerTorso"] = CFrame.new(-0.0655197948217392, -0.4294407367706299, 0.20709799230098724, 0.9536178708076477, -0.07989019900560379, -0.29022499918937683, 0.10170017927885056, 0.9929532408714294, 0.060835182666778564, 0.28331974148750305, -0.08752935379743576, 0.9550228714942932),
            ["RightUpperLeg"] = CFrame.new(0, 1.0803341865539551e-07, 0, 0.9462558031082153, -0.25114989280700684, -0.20378054678440094, 0.09330133348703384, 0.8152621984481812, -0.5715224146842957, 0.3096688985824585, 0.5217962861061096, 0.7948809862136841),
            ["Bomb"] = CFrame.new(-0.03820280730724335, -0.03224816918373108, -0.17760181427001953, -0.6726316809654236, 0.7285799384117126, -0.1288187950849533, -0.7348769903182983, -0.6374744772911072, 0.2317151129245758, 0.08673132210969925, 0.2505945861339569, 0.9642167687416077),
        }},
        {Time = 0.100, Data = {
            ["LeftLowerArm"] = CFrame.new(1.7881393432617188e-07, 5.960464477539063e-08, 8.940696716308594e-08, 0.9997236132621765, 0.014600352384150028, 0.01843109168112278, 0.00591643899679184, 0.6024420261383057, -0.7981405854225159, -0.022756770253181458, 0.7980291843414307, 0.6021892428398132),
            ["LeftFoot"] = CFrame.new(-7.450580596923828e-09, 5.960464477539063e-08, -1.4901161193847656e-08, 0.9929826855659485, -0.11818335950374603, 0.004426618106663227, 0.11202065646648407, 0.9279312491416931, -0.35551920533180237, 0.037906620651483536, 0.3535199761390686, 0.9346585273742676),
            ["RightHand"] = CFrame.new(1.0803341865539551e-07, -3.5762786865234375e-07, 2.2351741790771484e-08, 0.9175389409065247, 0.39731070399284363, -0.016326304525136948, -0.39762356877326965, 0.916277289390564, -0.04828633368015289, -0.004225179553031921, 0.05079621821641922, 0.9987002015113831),
            ["HumanoidRootPart"] = CFrame.new(0, 0, 0, 1, 0, 0, 0, 1, 0, 0, 0, 1),
            ["RightLowerLeg"] = CFrame.new(-4.0978193283081055e-08, -5.960464477539063e-08, 3.3527612686157227e-08, 1, -0.000013261968888400588, -0.000015139646166062448, 0.000013217329978942871, -0.14036741852760315, 0.9900993704795837, -0.000015288591384887695, -0.9900995492935181, -0.1403687596321106),
            ["LeftUpperLeg"] = CFrame.new(-1.7881393432617188e-07, -1.0523945093154907e-07, -2.2351741790771484e-08, 0.9353225827217102, 0.016817670315504074, -0.35340166091918945, -0.35221755504608154, 0.13851633667945862, -0.9256091713905334, 0.03338463231921196, 0.9902173280715942, 0.13547998666763306),
            ["LeftLowerLeg"] = CFrame.new(0, 0, -3.725290298461914e-08, 1, 0.000011250360330450349, 0.000016540312572033145, -0.000011049211025238037, -0.37507590651512146, 0.9269936084747314, 0.00001668184995651245, -0.9269940853118896, -0.3750770390033722),
            ["RightUpperArm"] = CFrame.new(1.1920928955078125e-07, 3.5762786865234375e-07, -1.0849907994270325e-07, 0.922126293182373, -0.3838363587856293, -0.04850895330309868, 0.3793758451938629, 0.9216725826263428, -0.08120236545801163, 0.07587482780218124, 0.05647476017475128, 0.9955165386199951),
            ["Head"] = CFrame.new(7.450580596923828e-09, 1.1920928955078125e-07, -1.043081283569336e-07, 0.9724649786949158, -0.04673245549201965, 0.22831565141677856, 0.11340729892253876, 0.9507611393928528, -0.2884306013584137, -0.20359449088573456, 0.3063814043998718, 0.9298816323280334),
            ["UpperTorso"] = CFrame.new(3.725290298461914e-09, 0, -7.450580596923828e-09, 0.9816344380378723, 0.17416252195835114, 0.0778539627790451, -0.18733735382556915, 0.9571242928504944, 0.22094781696796417, -0.03603503108024597, -0.23147517442703247, 0.9721733331680298),
            ["LeftUpperArm"] = CFrame.new(0, 1.1920928955078125e-07, -7.450580596923828e-08, 0.8498183488845825, 0.32013049721717834, 0.41873282194137573, -0.3821863532066345, 0.9213350415229797, 0.07126694172620773, -0.36296358704566956, -0.22058598697185516, 0.9053087830543518),
            ["RightLowerArm"] = CFrame.new(1.1920928955078125e-07, 2.980232238769531e-07, -1.4901161193847656e-07, 0.9996009469032288, 0.02477368898689747, -0.013573539443314075, -0.02098213881254196, 0.3294235169887543, -0.9439491629600525, -0.01891367882490158, 0.9438571929931641, 0.3298119902610779),
            ["LeftHand"] = CFrame.new(-1.8998980522155762e-07, 0, -1.7881393432617188e-07, 0.9076938033103943, -0.15828877687454224, -0.3886340260505676, 0.09703320264816284, 0.9802006483078003, -0.17260310053825378, 0.4082605838775635, 0.1189604103565216, 0.9050811529159546),
            ["RightFoot"] = CFrame.new(-1.043081283569336e-07, 1.1920928955078125e-07, 2.9802322387695312e-08, 0.9824820160865784, 0.18631377816200256, -0.004222766030579805, -0.15197648108005524, 0.787894070148468, -0.596757709980011, -0.10785363614559174, 0.5869498252868652, 0.8024104237556458),
            ["LowerTorso"] = CFrame.new(-0.08740200102329254, -0.6919565200805664, 0.22252963483333588, 0.9385849237442017, -0.11199461668729782, -0.3263673484325409, 0.16046388447284698, 0.9790292382240295, 0.12551185488700867, 0.30546653270721436, -0.17017365992069244, 0.9368731379508972),
            ["RightUpperLeg"] = CFrame.new(0, -1.825392246246338e-07, 2.9802322387695312e-08, 0.9558261632919312, -0.264678955078125, -0.12784133851528168, 0.05791906267404556, 0.5960050821304321, -0.8008869886398315, 0.2881700396537781, 0.7581048607826233, 0.5850100517272949),
            ["Bomb"] = CFrame.new(-0.03820298612117767, -0.03224799036979675, -0.17760205268859863, -0.6727778315544128, 0.7285098433494568, -0.1286783665418625, -0.7347303032875061, -0.6375775337219238, 0.23175367712974548, 0.08684034645557404, 0.25053611397743225, 0.964226245880127),
        }},
        {Time = 0.133, Data = {
            ["LeftLowerArm"] = CFrame.new(-1.1920928955078125e-07, 1.7881393432617188e-07, 1.4901161193847656e-07, 0.9993767142295837, -0.03238651901483536, 0.014049331657588482, 0.022204509004950523, 0.2672746479511261, -0.9633646011352539, 0.027444977313280106, 0.9630760550498962, 0.26782721281051636),
            ["LeftFoot"] = CFrame.new(1.1175870895385742e-08, 1.1920928955078125e-07, -7.450580596923828e-09, 0.9961560964584351, -0.08749426156282425, 0.004379219375550747, 0.07789172977209091, 0.8618086576461792, -0.5012161731719971, 0.04007531329989433, 0.49963048100471497, 0.8653110861778259),
            ["RightHand"] = CFrame.new(-1.043081283569336e-07, -4.76837158203125e-07, 1.1920928955078125e-07, 0.8565320372581482, 0.5127097964286804, 0.05900367349386215, -0.5069727897644043, 0.8572765588760376, -0.08975204825401306, -0.09659918397665024, 0.04696209728717804, 0.9942148327827454),
            ["HumanoidRootPart"] = CFrame.new(0, 0, 0, 1, 0, 0, 0, 1, 0, 0, 0, 1),
            ["RightLowerLeg"] = CFrame.new(-4.842877388000488e-08, 5.960464477539063e-08, -4.470348358154297e-08, 1, 0.0000011026805850633536, 0.000002011666310863802, -0.0000014007094932821929, -0.3067668676376343, 0.9517838954925537, 0.0000017881397980090696, -0.9517847299575806, -0.30676960945129395),
            ["LeftUpperLeg"] = CFrame.new(1.1920928955078125e-07, -1.9790604710578918e-07, 4.470348358154297e-08, 0.9589818120002747, 0.06566885113716125, -0.2757633328437805, -0.28036683797836304, 0.07623200118541718, -0.9568591117858887, -0.04181378707289696, 0.994925320148468, 0.0915161743760109),
            ["LeftLowerLeg"] = CFrame.new(1.4901161193847656e-08, 0, 3.725290298461914e-08, 1, 0.0000026524048735154793, 0.000004120175162825035, -0.0000022538008579431335, -0.5004657506942749, 0.865756094455719, 0.00000435859010394779, -0.8657563924789429, -0.5004662871360779),
            ["RightUpperArm"] = CFrame.new(0, -1.1920928955078125e-07, -7.450580596923828e-08, 0.9269676804542542, -0.37345388531684875, 0.035547032952308655, 0.3751404285430908, 0.9230185151100159, -0.08548011630773544, -0.0008868203731253743, 0.09256970137357712, 0.9957056045532227),
            ["Head"] = CFrame.new(6.705522537231445e-08, -4.76837158203125e-07, -9.313225746154785e-09, 0.9656992554664612, -0.06584059447050095, 0.2511771619319916, 0.10690738260746002, 0.9823445081710815, -0.1535259485244751, -0.2366342395544052, 0.17511272430419922, 0.9556882381439209),
            ["UpperTorso"] = CFrame.new(1.1175870895385742e-08, -5.960464477539063e-08, 1.1175870895385742e-08, 0.9847202301025391, 0.15023669600486755, 0.08806265890598297, -0.16215994954109192, 0.9754209518432617, 0.14919130504131317, -0.06348417699337006, -0.16119199991226196, 0.9848791360855103),
            ["LeftUpperArm"] = CFrame.new(-2.384185791015625e-07, -4.76837158203125e-07, -8.940696716308594e-08, 0.7844729423522949, 0.34292012453079224, 0.5167412161827087, -0.5146469473838806, 0.8248911499977112, 0.23388877511024475, -0.3460358679294586, -0.44940006732940674, 0.8235743045806885),
            ["RightLowerArm"] = CFrame.new(0, 0, -8.940696716308594e-08, 0.9996788501739502, 0.02137136086821556, -0.013617577962577343, -0.020303037017583847, 0.35390016436576843, -0.935062825679779, -0.015164263546466827, 0.9350391030311584, 0.354220449924469),
            ["LeftHand"] = CFrame.new(4.470348358154297e-07, -2.980232238769531e-07, -5.960464477539063e-08, 0.899618923664093, -0.14376507699489594, -0.4123312830924988, 0.036687009036540985, 0.9657952785491943, -0.25669798254966736, 0.43513211607933044, 0.21580322086811066, 0.8741218447685242),
            ["RightFoot"] = CFrame.new(-3.725290298461914e-08, 1.7881393432617188e-07, 2.9802322387695312e-08, 0.9851564168930054, 0.1716136783361435, -0.00420106016099453, -0.1393800675868988, 0.7853720784187317, -0.6031230092048645, -0.1002008244395256, 0.5947598814964294, 0.7976372241973877),
            ["LowerTorso"] = CFrame.new(-0.09919064491987228, -0.7911489009857178, 0.21398389339447021, 0.9212145209312439, -0.07560031861066818, -0.3816390931606293, 0.14477716386318207, 0.9771036505699158, 0.15591038763523102, 0.36111411452293396, -0.19887951016426086, 0.9110673069953918),
            ["RightUpperLeg"] = CFrame.new(-5.960464477539063e-08, -5.010515451431274e-07, 7.450580596923828e-08, 0.9543924331665039, -0.290145605802536, -0.07037032395601273, 0.06997019797563553, 0.44652143120765686, -0.8920319676399231, 0.2902400493621826, 0.8464243412017822, 0.44646042585372925),
            ["Bomb"] = CFrame.new(-0.03820286691188812, -0.03224799036979675, -0.17760209739208221, -0.6728847622871399, 0.7284799814224243, -0.1285848170518875, -0.7346252799034119, -0.6376391649246216, 0.23176269233226776, 0.08690152317285538, 0.25046616792678833, 0.9642365574836731),
        }},
        {Time = 0.167, Data = {
            ["LeftLowerArm"] = CFrame.new(3.5762786865234375e-07, 4.172325134277344e-07, 6.705522537231445e-08, 0.9964220523834229, -0.08069625496864319, 0.02512468211352825, 0.0157320573925972, -0.11498835682868958, -0.9932422041893005, 0.08303996920585632, 0.9900837540626526, -0.11330760270357132),
            ["LeftFoot"] = CFrame.new(3.725290298461914e-08, -5.960464477539063e-08, 1.4901161193847656e-08, 0.9916696548461914, -0.12873883545398712, 0.004444844555109739, 0.1019880548119545, 0.7636364698410034, -0.6375381946563721, 0.07867570966482162, 0.6326814293861389, 0.7704059481620789),
            ["RightHand"] = CFrame.new(3.688037395477295e-07, -1.7881393432617188e-07, 5.029141902923584e-08, 0.8174104690551758, 0.5413919687271118, 0.19681215286254883, -0.5102291703224182, 0.8390346169471741, -0.18891073763370514, -0.2674069404602051, 0.053998153656721115, 0.962069571018219),
            ["HumanoidRootPart"] = CFrame.new(0, 0, 0, 1, 0, 0, 0, 1, 0, 0, 0, 1),
            ["RightLowerLeg"] = CFrame.new(-7.82310962677002e-08, 5.960464477539063e-08, -2.2351741790771484e-08, 1, -0.00001552694993733894, -0.000022724352675140835, 0.000015124678611755371, -0.3847360610961914, 0.9230254292488098, -0.000023074448108673096, -0.9230266809463501, -0.38473907113075256),
            ["LeftUpperLeg"] = CFrame.new(5.960464477539063e-08, 9.685754776000977e-08, -1.1175870895385742e-08, 0.9779059290885925, 0.12138400971889496, -0.17020265758037567, -0.19251134991645813, 0.20555917918682098, -0.9595218300819397, -0.08148270100355148, 0.9710877537727356, 0.22438564896583557),
            ["LeftLowerLeg"] = CFrame.new(-8.195638656616211e-08, -5.960464477539063e-08, 8.195638656616211e-08, 1, 0.0000052526488616422284, 0.000008367018381250091, -0.000004924832410324598, -0.4721800684928894, 0.8815012574195862, 0.000008545814125682227, -0.8815021514892578, -0.47218185663223267),
            ["RightUpperArm"] = CFrame.new(0, 2.384185791015625e-07, 0, 0.9297276139259338, -0.34834760427474976, 0.11942315846681595, 0.3589792847633362, 0.9296473264694214, -0.08300808072090149, -0.08210096508264542, 0.12004134804010391, 0.9893674850463867),
            ["Head"] = CFrame.new(-1.1548399925231934e-07, 4.76837158203125e-07, 1.4901161193847656e-08, 0.9379278421401978, -0.17080636322498322, 0.3018554449081421, 0.16617199778556824, 0.9852370023727417, 0.04117020219564438, -0.3044312298297882, 0.011545378714799881, 0.9524644017219543),
            ["UpperTorso"] = CFrame.new(2.60770320892334e-08, 8.940696716308594e-08, -2.9802322387695312e-08, 0.9932311773300171, 0.10822305828332901, 0.042186472564935684, -0.1086990237236023, 0.9940325617790222, 0.009150482714176178, -0.0409444198012352, -0.013674262911081314, 0.9990679025650024),
            ["LeftUpperArm"] = CFrame.new(1.1920928955078125e-07, 0, 0, 0.7002081274986267, 0.6008241772651672, 0.38565316796302795, -0.6618392467498779, 0.7488290667533875, 0.03503676876425743, -0.267726331949234, -0.2797595262527466, 0.9219784140586853),
            ["RightLowerArm"] = CFrame.new(2.384185791015625e-07, 5.960464477539062e-07, 1.1920928955078125e-07, 0.999851644039154, -0.005428161937743425, -0.01635000668466091, -0.010758032090961933, 0.5445318222045898, -0.8386711478233337, 0.013455523177981377, 0.8387225866317749, 0.5443927645683289),
            ["LeftHand"] = CFrame.new(-7.152557373046875e-07, -2.980232238769531e-07, -3.4086406230926514e-07, 0.9427877068519592, -0.30549463629722595, -0.1335078477859497, 0.25176113843917847, 0.9148843288421631, -0.31560012698173523, 0.2185584455728531, 0.26393160223960876, 0.9394531846046448),
            ["RightFoot"] = CFrame.new(-6.705522537231445e-08, 1.1920928955078125e-07, -3.725290298461914e-08, 0.9868310689926147, 0.16170576214790344, -0.004190849605947733, -0.12867189943790436, 0.7690300345420837, -0.62612384557724, -0.09802103787660599, 0.6184207201004028, 0.7797123789787292),
            ["LowerTorso"] = CFrame.new(-0.0900140032172203, -0.8099892139434814, 0.17827478051185608, 0.887721598148346, 0.025627074763178825, -0.45966678857803345, 0.060107000172138214, 0.9834517240524292, 0.17090927064418793, 0.4564400017261505, -0.17934896051883698, 0.8714909553527832),
            ["RightUpperLeg"] = CFrame.new(-8.940696716308594e-08, -2.8870999813079834e-07, -1.4901161193847656e-08, 0.9567469954490662, -0.2860543727874756, 0.05300986394286156, 0.15184791386127472, 0.3356088101863861, -0.929681122303009, 0.24814775586128235, 0.8975186944007874, 0.36453115940093994),
            ["Bomb"] = CFrame.new(-0.03820297122001648, -0.03224804997444153, -0.1776018589735031, -0.6728565692901611, 0.7284942269325256, -0.12858416140079498, -0.7346532344818115, -0.6376360654830933, 0.23172873258590698, 0.08688262104988098, 0.25043219327926636, 0.9642447829246521),
        }},
        {Time = 0.200, Data = {
            ["LeftLowerArm"] = CFrame.new(-1.7881393432617188e-07, 2.384185791015625e-07, 1.7881393432617188e-07, 0.9974709153175354, -0.0680358037352562, 0.020565584301948547, 0.020096540451049805, -0.0075713880360126495, -0.9997694492340088, 0.06817580759525299, 0.9976541996002197, -0.006185073405504227),
            ["LeftFoot"] = CFrame.new(-5.960464477539063e-08, 1.7881393432617188e-07, -7.450580596923828e-09, 0.9870631694793701, -0.16027581691741943, 0.00449199415743351, 0.107595294713974, 0.6413524150848389, -0.7596615552902222, 0.11886884272098541, 0.7503191232681274, 0.6503031253814697),
            ["RightHand"] = CFrame.new(8.940696716308594e-08, -4.76837158203125e-07, -5.960464477539063e-08, 0.7443016767501831, 0.5409084558486938, 0.3917052447795868, -0.5757570266723633, 0.8169115781784058, -0.034049808979034424, -0.33840635418891907, -0.20018386840820312, 0.9194605946540833),
            ["HumanoidRootPart"] = CFrame.new(0, 0, 0, 1, 0, 0, 0, 1, 0, 0, 0, 1),
            ["RightLowerLeg"] = CFrame.new(-6.705522537231445e-08, 0, -7.82310962677002e-08, 1, -0.00001420075204805471, -0.000020876594135188498, 0.00001394748869643081, -0.3846692442893982, 0.9230533242225647, -0.00002109259548888076, -0.9230545163154602, -0.3846721649169922),
            ["LeftUpperLeg"] = CFrame.new(5.960464477539063e-08, -1.3969838619232178e-07, 5.960464477539063e-08, 0.9860832095146179, 0.14879098534584045, -0.0741838663816452, -0.13120992481708527, 0.42246514558792114, -0.8968303799629211, -0.10209807008504868, 0.8940830230712891, 0.4361099898815155),
            ["LeftLowerLeg"] = CFrame.new(8.195638656616211e-08, -1.1920928955078125e-07, 8.195638656616211e-08, 1, 0.000009551611583447084, 0.000014372214536706451, -0.000009268520443583839, -0.40437039732933044, 0.9145941138267517, 0.000014476474461844191, -0.914595365524292, -0.40437328815460205),
            ["RightUpperArm"] = CFrame.new(0, 4.76837158203125e-07, 7.450580596923828e-09, 0.9292954802513123, -0.36100319027900696, -0.07802167534828186, 0.3621409833431244, 0.9321233034133911, 0.00046904245391488075, 0.07255370169878006, -0.028687462210655212, 0.9969516396522522),
            ["Head"] = CFrame.new(3.725290298461914e-08, 1.1920928955078125e-07, 1.1175870895385742e-08, 0.77349454164505, -0.3415420353412628, 0.5339055061340332, 0.24231040477752686, 0.9377459287643433, 0.24883416295051575, -0.5856550931930542, -0.06310081481933594, 0.8081005215644836),
            ["UpperTorso"] = CFrame.new(3.026798367500305e-09, 2.9802322387695312e-08, 1.30385160446167e-08, 0.9731162786483765, 0.10107177495956421, -0.20695240795612335, -0.12970353662967682, 0.9830212593078613, -0.1297929883003235, 0.19032026827335358, 0.15314605832099915, 0.9697033166885376),
            ["LeftUpperArm"] = CFrame.new(2.384185791015625e-07, 7.152557373046875e-07, -7.450580596923828e-09, 0.5976266860961914, 0.7611985206604004, -0.2518470585346222, -0.7861183881759644, 0.4945308566093445, -0.37076273560523987, -0.1576719880104065, 0.41954267024993896, 0.8939285278320312),
            ["RightLowerArm"] = CFrame.new(-1.7881393432617188e-07, -5.960464477539063e-08, -2.3469328880310059e-07, 0.9998640418052673, -0.003551764879375696, -0.016108905896544456, -0.01174259465187788, 0.5325976610183716, -0.8462870121002197, 0.011585320346057415, 0.8463611602783203, 0.5324836373329163),
            ["LeftHand"] = CFrame.new(-5.960464477539063e-08, -4.172325134277344e-07, -8.568167686462402e-08, 0.9201276302337646, -0.3474985361099243, 0.1805819422006607, 0.3706885576248169, 0.92155921459198, -0.11540666967630386, -0.126313254237175, 0.1731284111738205, 0.9767658710479736),
            ["RightFoot"] = CFrame.new(7.450580596923828e-09, 1.1920928955078125e-07, 4.470348358154297e-08, 0.9851779937744141, 0.1714889258146286, -0.004205214325338602, -0.12501490116119385, 0.7009869813919067, -0.7021276354789734, -0.11745557934045792, 0.692249059677124, 0.7120388150215149),
            ["LowerTorso"] = CFrame.new(-0.06428204476833344, -0.8020656108856201, 0.10206779092550278, 0.8465837836265564, 0.07846537977457047, -0.5264399647712708, -0.0015737806679680943, 0.9894385933876038, 0.14494411647319794, 0.5322531461715698, -0.12187881022691727, 0.837766170501709),
            ["RightUpperLeg"] = CFrame.new(1.1920928955078125e-07, -8.754432201385498e-08, 4.470348358154297e-08, 0.9508975744247437, -0.2707008123397827, 0.15005800127983093, 0.24684014916419983, 0.3707958161830902, -0.8953085541725159, 0.18671856820583344, 0.8883870244026184, 0.4194105565547943),
            ["Bomb"] = CFrame.new(-0.03820297122001648, -0.03224781155586243, -0.17760197818279266, -0.6725981831550598, 0.7286101579666138, -0.12876564264297485, -0.734902560710907, -0.6374657154083252, 0.2316737174987793, 0.08677497506141663, 0.250529021024704, 0.9642338156700134),
        }},
        {Time = 0.233, Data = {
            ["LeftLowerArm"] = CFrame.new(-4.76837158203125e-07, 1.1920928955078125e-07, 2.9802322387695312e-08, 0.9993973970413208, -0.031625181436538696, 0.014311900362372398, 0.022363370284438133, 0.2712501287460327, -0.9622490406036377, 0.02654920518398285, 0.961989164352417, 0.27179405093193054),
            ["LeftFoot"] = CFrame.new(1.4901161193847656e-08, 1.7881393432617188e-07, -7.450580596923828e-09, 0.9885488748550415, -0.1508401483297348, 0.004478418733924627, 0.0946877971291542, 0.5969001054763794, -0.7967047691345215, 0.11749675124883652, 0.7880085706710815, 0.6043522357940674),
            ["RightHand"] = CFrame.new(3.2782554626464844e-07, 0, -5.21540641784668e-08, 0.7864059209823608, 0.6140604019165039, 0.06704917550086975, -0.6063951849937439, 0.7881200313568115, -0.10560179501771927, -0.11768867075443268, 0.04238754138350487, 0.9921455383300781),
            ["HumanoidRootPart"] = CFrame.new(0, 0, 0, 1, 0, 0, 0, 1, 0, 0, 0, 1),
            ["RightLowerLeg"] = CFrame.new(1.4901161193847656e-08, 5.960464477539063e-08, -2.9802322387695312e-08, 1, -0.0000237821714108577, -0.000033065771276596934, 0.00002346932524233125, -0.32742103934288025, 0.9448778629302979, -0.00003325938814668916, -0.9448785185813904, -0.3274231553077698),
            ["LeftUpperLeg"] = CFrame.new(-1.7881393432617188e-07, 3.632158041000366e-08, -2.9802322387695312e-08, 0.9865126013755798, 0.1618223488330841, 0.024657584726810455, -0.08031287044286728, 0.6097822189331055, -0.788486897945404, -0.1426277756690979, 0.7758731245994568, 0.6145570278167725),
            ["LeftLowerLeg"] = CFrame.new(2.2351741790771484e-08, -5.960464477539063e-08, 7.450580596923828e-08, 1, 0.0000072046686909743585, 0.00000914935844775755, -0.000007107853889465332, -0.2558678686618805, 0.9667109251022339, 0.00000928342342376709, -0.966711699962616, -0.25587108731269836),
            ["RightUpperArm"] = CFrame.new(-2.384185791015625e-07, 4.76837158203125e-07, -4.470348358154297e-08, 0.7226487994194031, -0.681408703327179, 0.11604147404432297, 0.6152948141098022, 0.7106344103813171, 0.3412020802497864, -0.31494614481925964, -0.17515994608402252, 0.9327999353408813),
            ["Head"] = CFrame.new(-3.3527612686157227e-08, 5.960464477539062e-07, 2.2351741790771484e-08, 0.48972609639167786, -0.28552567958831787, 0.8237981200218201, 0.1626247614622116, 0.9581891894340515, 0.23542912304401398, -0.8565754890441895, 0.018674232065677643, 0.5156837105751038),
            ["UpperTorso"] = CFrame.new(-1.1641532182693481e-08, 2.384185791015625e-07, -1.3504177331924438e-08, 0.8210651874542236, -0.071633480489254, -0.5663222074508667, -0.0734596699476242, 0.9705864787101746, -0.2292717844247818, 0.5660881400108337, 0.22984877228736877, 0.7916525602340698),
            ["LeftUpperArm"] = CFrame.new(0, 4.76837158203125e-07, 4.470348358154297e-08, 0.4719505310058594, 0.7807982563972473, -0.4094277620315552, -0.8700783848762512, 0.33758625388145447, -0.35917338728904724, -0.14221954345703125, 0.5257278084754944, 0.8386677503585815),
            ["RightLowerArm"] = CFrame.new(-3.5762786865234375e-07, 2.384185791015625e-07, -8.940696716308594e-08, 0.9991631507873535, -0.03258160501718521, -0.024730641394853592, 0.006771921180188656, 0.7280137538909912, -0.6855288743972778, 0.04033976420760155, 0.6847878694534302, 0.7276252508163452),
            ["LeftHand"] = CFrame.new(5.364418029785156e-07, -2.384185791015625e-07, 3.346940502524376e-08, 0.9510780572891235, -0.14555417001247406, 0.27251502871513367, 0.1694614589214325, 0.9833096861839294, -0.06621968001127243, -0.25832808017730713, 0.1091606542468071, 0.9598701000213623),
            ["RightFoot"] = CFrame.new(7.450580596923828e-08, 1.1920928955078125e-07, 0, 0.988055944442749, 0.15404202044010162, -0.0041841124184429646, -0.10842796415090561, 0.6756740212440491, -0.7291801571846008, -0.10949414223432541, 0.7209270000457764, 0.6843090057373047),
            ["LowerTorso"] = CFrame.new(-0.03511350601911545, -0.7430849075317383, 0.06533516943454742, 0.8217872381210327, 0.0925268679857254, -0.5622318387031555, -0.052247464656829834, 0.9948067665100098, 0.08734851330518723, 0.5673940777778625, -0.042406655848026276, 0.822353720664978),
            ["RightUpperLeg"] = CFrame.new(1.7881393432617188e-07, 2.1513551473617554e-07, -8.940696716308594e-08, 0.9436452388763428, -0.2762828469276428, 0.18221819400787354, 0.29657864570617676, 0.4615590572357178, -0.8360628485679626, 0.14688344299793243, 0.8429893851280212, 0.5174895524978638),
            ["Bomb"] = CFrame.new(-0.03820282220840454, -0.03224825859069824, -0.17760205268859863, -0.6725174784660339, 0.7286626100540161, -0.12908108532428741, -0.7350102663040161, -0.6373633742332458, 0.23159731924533844, 0.08648864179849625, 0.25063633918762207, 0.9642099142074585),
        }},
        {Time = 0.267, Data = {
            ["LeftLowerArm"] = CFrame.new(4.76837158203125e-07, -5.960464477539063e-08, -1.0244548320770264e-07, 0.999860405921936, -0.007744062226265669, 0.014812986366450787, 0.016711333766579628, 0.44447189569473267, -0.8956369757652283, 0.00035192075301893055, 0.8957593441009521, 0.44453930854797363),
            ["LeftFoot"] = CFrame.new(-1.862645149230957e-08, 2.384185791015625e-07, -2.2351741790771484e-08, 0.990352213382721, -0.13850446045398712, 0.004460800904780626, 0.11066948622465134, 0.7711266875267029, -0.6269851326942444, 0.0833960697054863, 0.6214338541030884, 0.7790185213088989),
            ["RightHand"] = CFrame.new(7.450580596923828e-08, -5.364418029785156e-07, -4.470348358154297e-08, 0.6421278119087219, 0.7390530109405518, 0.20364788174629211, -0.6975053548812866, 0.6734773516654968, -0.2447747141122818, -0.3180536925792694, 0.01513112336397171, 0.9479520320892334),
            ["HumanoidRootPart"] = CFrame.new(0, 0, 0, 1, 0, 0, 0, 1, 0, 0, 0, 1),
