return {
    ["Boop!"] = {
        {Time = 0.000, Data = {
            ["UpperTorso"] = CFrame.new(2.2351741790771484e-08, -5.960464477539063e-08, 5.4016709327697754e-08, 0.9996632933616638, -0.025848034769296646, 0.00230013276450336, 0.02554045058786869, 0.9956946969032288, 0.08910570293664932, -0.004593363963067532, -0.08901703357696533, 0.9960196018218994),
            ["LeftLowerArm"] = CFrame.new(-1.1920928955078125e-07, -7.152557373046875e-07, 1.7881393432617188e-07, 1, -7.450579886381092e-08, 1.4901157641133977e-08, 7.450577754752885e-08, 0.8858731389045715, -0.46392756700515747, 1.4901155864777138e-08, 0.46392765641212463, 0.8858731985092163),
            ["RightUpperArm"] = CFrame.new(0, 0, 1.1920928955078125e-07, 0.17821046710014343, -0.9839419722557068, -0.00996912270784378, 0.9089567065238953, 0.16849273443222046, -0.3813239336013794, 0.376880407333374, 0.0588945671916008, 0.9243877530097961),
            ["Head"] = CFrame.new(2.0489096641540527e-08, 1.1920928955078125e-07, 4.470348358154297e-08, 0.6231018900871277, -0.02164282836019993, -0.7818412184715271, -0.018130576238036156, 0.9989488124847412, -0.04210193455219269, 0.7819305062294006, 0.040408920496702194, 0.6220545768737793),
            ["LeftUpperLeg"] = CFrame.new(0, -7.078051567077637e-08, -6.705522537231445e-08, 0.8031229376792908, 0.2532694935798645, 0.5393034219741821, 0.16759230196475983, 0.7725811004638672, -0.6123980283737183, -0.5717572569847107, 0.5822139978408813, 0.5780315399169922),
            ["RightHand"] = CFrame.new(1.9045546650886536e-07, 5.960464477539063e-08, 5.21540641784668e-08, 0.3735394775867462, 0.4361191987991333, -0.818699061870575, -0.5815712809562683, 0.7976898550987244, 0.1595800369977951, 0.722663938999176, 0.4165226221084595, 0.5516032576560974),
            ["HumanoidRootPart"] = CFrame.new(0, 0, 0, 1, 0, 0, 0, 1, 0, 0, 0, 1),
            ["RightUpperLeg"] = CFrame.new(5.960464477539063e-08, -1.341104507446289e-07, -1.6952981241047382e-09, 0.8827237486839294, -0.39905527234077454, -0.24810020625591278, 0.04079819843173027, 0.5910881161689758, -0.8055744767189026, 0.46811768412590027, 0.700977623462677, 0.538048267364502),
            ["LeftUpperArm"] = CFrame.new(0, 1.1920928955078125e-07, 2.9802322387695312e-08, 0.83884596824646, 0.47754013538360596, -0.26132965087890625, -0.42820584774017334, 0.8752521872520447, 0.2248849719762802, 0.33612096309661865, -0.07674093544483185, 0.9386872053146362),
            ["RightLowerArm"] = CFrame.new(2.980232238769531e-07, 1.1920928955078125e-07, 0, 1, -8.47503116574444e-08, 1.527369164477932e-07, 8.568167686462402e-08, -0.2748095393180847, -0.9614986777305603, 1.0058283805847168e-07, 0.9614987373352051, -0.27480974793434143),
            ["LeftHand"] = CFrame.new(-2.980232238769531e-07, 1.7881393432617188e-07, 2.9802322387695312e-08, 0.9794188141822815, -0.17917099595069885, -0.09293433278799057, 0.15740548074245453, 0.9662396907806396, -0.20397163927555084, 0.12634272873401642, 0.1851452738046646, 0.9745557904243469),
            ["LowerTorso"] = CFrame.new(0.44473007321357727, -0.19252228736877441, 0.03636277839541435, 0.5671682953834534, -0.2863752245903015, 0.7722107172012329, -0.014606491662561893, 0.9339569211006165, 0.3570871353149414, -0.8234723806381226, -0.21380777657032013, 0.525527834892273),
            ["LeftFoot"] = CFrame.new(-1.210719347000122e-08, -5.960464477539063e-08, 7.450580596923828e-09, 0.996886134147644, -0.05633348226547241, 0.05517859756946564, 0.0767514780163765, 0.8537247776985168, -0.5150370597839355, -0.018093785271048546, 0.5176684260368347, 0.8553901314735413),
            ["RightLowerLeg"] = CFrame.new(7.450580596923828e-08, -0.00006031990051269531, -0.00007225403533084318, 1, -8.195637946073475e-08, -5.2154071283894154e-08, 1.1920931797249068e-07, 0.6504434943199158, 0.7595543265342712, -5.960465898624534e-08, -0.7595546841621399, 0.6504438519477844),
            ["RightFoot"] = CFrame.new(1.4901161193847656e-08, 3.5762786865234375e-07, 1.6952981241047382e-09, 0.9814755916595459, 0.18783685564994812, 0.03772478178143501, -0.17090655863285065, 0.9473763704299927, -0.2706821858882904, -0.08658339828252792, 0.25922080874443054, 0.9619293808937073),
            ["LeftLowerLeg"] = CFrame.new(-3.4458935260772705e-08, 0.000060617923736572266, 0.00007205549627542496, 1, 4.8428766774577525e-08, 6.891787762697277e-08, -7.357447628919545e-08, 0.6065256595611572, 0.7950640320777893, 9.220092067607766e-08, -0.7950639724731445, 0.6065255403518677),
        }},
        {Time = 0.033, Data = {
            ["UpperTorso"] = CFrame.new(-7.450580596923828e-09, -3.2782554626464844e-07, 3.5390257835388184e-08, 0.9997535347938538, -0.021688545122742653, 0.004752771463245153, 0.021193720400333405, 0.9959905743598938, 0.08691222965717316, -0.006618749350309372, -0.08679010719060898, 0.9962046146392822),
            ["LeftLowerArm"] = CFrame.new(3.5762786865234375e-07, -5.960464477539063e-08, 0, 1, -6.705523247774181e-08, -1.862644971595273e-08, 5.215407838932151e-08, 0.8870269060134888, -0.4617178738117218, -7.4505820180093e-08, 0.4617178440093994, 0.887026846408844),
            ["RightUpperArm"] = CFrame.new(1.1920928955078125e-07, 0, 2.9802322387695312e-08, 0.28732964396476746, -0.9554591774940491, -0.06737574189901352, 0.819071352481842, 0.2815619111061096, -0.4998452365398407, 0.49655210971832275, 0.08843472599983215, 0.8634902238845825),
            ["Head"] = CFrame.new(3.3527612686157227e-08, 2.384185791015625e-07, 1.4901161193847656e-07, 0.6083688139915466, -0.07307615876197815, -0.7902830839157104, -0.02006916143000126, 0.9940171837806702, -0.10736427456140518, 0.7934006452560425, 0.08117728680372238, 0.6032624244689941),
            ["LeftUpperLeg"] = CFrame.new(2.9802322387695312e-08, -5.960464477539063e-08, 5.960464477539063e-08, 0.7972062230110168, 0.24183054268360138, 0.5531550049781799, 0.19512206315994263, 0.7638729214668274, -0.6151627898216248, -0.5713052749633789, 0.5983445048332214, 0.5617777705192566),
            ["RightHand"] = CFrame.new(-1.5273690223693848e-07, 0, -2.384185791015625e-07, 0.4263536334037781, 0.6057194471359253, -0.6718084812164307, -0.5415859818458557, 0.7657982707023621, 0.3467530608177185, 0.724504828453064, 0.21600256860256195, 0.6545500755310059),
            ["HumanoidRootPart"] = CFrame.new(0, 0, 0, 1, 0, 0, 0, 1, 0, 0, 0, 1),
            ["RightUpperLeg"] = CFrame.new(0, -1.6391277313232422e-07, 1.6221747500821948e-07, 0.884856104850769, -0.41039276123046875, -0.22047075629234314, 0.04517633840441704, 0.546610951423645, -0.8361672163009644, 0.46366891264915466, 0.7299275994300842, 0.5022122859954834),
            ["LeftUpperArm"] = CFrame.new(1.1920928955078125e-07, 1.1920928955078125e-07, 8.940696716308594e-08, 0.8420329093933105, 0.4695809483528137, -0.2654704749584198, -0.417583703994751, 0.8789755702018738, 0.2302733063697815, 0.34147408604621887, -0.08304142206907272, 0.9362156391143799),
            ["RightLowerArm"] = CFrame.new(-2.086162567138672e-07, -2.384185791015625e-07, 2.9802322387695312e-08, 1, -2.9802322387695312e-08, 1.1920931797249068e-07, 5.960465898624534e-08, -0.21588708460330963, -0.9764183759689331, 1.1920931797249068e-07, 0.9764183759689331, -0.21588699519634247),
            ["LeftHand"] = CFrame.new(-1.7881393432617188e-07, 1.1920928955078125e-07, -2.086162567138672e-07, 0.9681888818740845, -0.1794004589319229, -0.17443077266216278, 0.146587535738945, 0.9716193675994873, -0.18565550446510315, 0.2027868628501892, 0.15418002009391785, 0.9670088291168213),
            ["LowerTorso"] = CFrame.new(0.4541931450366974, -0.19859099388122559, 0.04312855750322342, 0.5761139988899231, -0.29088693857192993, 0.7638570070266724, -0.02948249876499176, 0.9265274405479431, 0.3750702440738678, -0.81683748960495, -0.2386036366224289, 0.5252092480659485),
            ["LeftFoot"] = CFrame.new(5.122274160385132e-08, -1.1920928955078125e-07, 4.842877388000488e-08, 0.9970108270645142, -0.05395504832267761, 0.05530131980776787, 0.07470358163118362, 0.8558669686317444, -0.5117725729942322, -0.019717803224921227, 0.5143741369247437, 0.8573392629623413),
            ["RightLowerLeg"] = CFrame.new(1.4901161193847656e-08, -0.0000603795051574707, -0.00007192620978457853, 1, -1.0430814256778831e-07, -8.568170528633345e-08, 8.940696716308594e-08, 0.6252886056900024, 0.7803930640220642, 1.4901161193847656e-08, -0.7803936004638672, 0.6252893209457397),
            ["RightFoot"] = CFrame.new(1.7881393432617188e-07, 3.5762786865234375e-07, 1.6596459317952394e-08, 0.9819932579994202, 0.18514171242713928, 0.03757370635867119, -0.1680125594139099, 0.9468271732330322, -0.2743895649909973, -0.08637725561857224, 0.26313668489456177, 0.9608843922615051),
            ["LeftLowerLeg"] = CFrame.new(6.984919309616089e-09, 0.00006079673767089844, 0.00007206108421087265, 1, 4.842877388000488e-08, 1.862645149230957e-09, -1.331791139591587e-07, 0.6078529357910156, 0.7940496802330017, 8.754431490842762e-08, -0.7940496802330017, 0.6078528165817261),
        }},
        {Time = 0.067, Data = {
            ["UpperTorso"] = CFrame.new(-2.9802322387695312e-08, -2.682209014892578e-07, 1.862645149230957e-09, 0.9998649954795837, -0.015335265547037125, 0.005920305848121643, 0.01477469690144062, 0.9962459802627563, 0.08529786765575409, -0.007206186652183533, -0.08519889414310455, 0.9963379502296448),
            ["LeftLowerArm"] = CFrame.new(-1.1920928955078125e-07, -1.1920928955078125e-07, 1.7881393432617188e-07, 1, -1.266598985694145e-07, 1.4901162970204496e-08, 6.705523247774181e-08, 0.883840799331665, -0.46778804063796997, 2.980232594040899e-08, 0.4677879512310028, 0.883840799331665),
            ["RightUpperArm"] = CFrame.new(0, -1.1920928955078125e-07, -5.960464477539063e-08, 0.3583981394767761, -0.9272947907447815, -0.10805198550224304, 0.6746554970741272, 0.33726048469543457, -0.656578540802002, 0.6452835202217102, 0.1624186486005783, 0.7464780807495117),
            ["Head"] = CFrame.new(-7.450580596923828e-09, -1.1920928955078125e-07, -7.450580596923828e-08, 0.605361819267273, -0.1345004439353943, -0.7845041751861572, -0.020340973511338234, 0.9826833009719849, -0.1841733455657959, 0.7956904172897339, 0.12744897603988647, 0.5921430587768555),
            ["LeftUpperLeg"] = CFrame.new(0, -2.4959444999694824e-07, -4.470348358154297e-08, 0.7952892184257507, 0.234961599111557, 0.5588452816009521, 0.21734833717346191, 0.7500429153442383, -0.6246562600135803, -0.5659282803535461, 0.6182465553283691, 0.5454325675964355),
            ["RightHand"] = CFrame.new(-2.9802322387695312e-08, 1.1920928955078125e-07, 1.341104507446289e-07, 0.528365433216095, 0.5004000067710876, -0.6858786940574646, -0.34674200415611267, 0.8645889163017273, 0.36367034912109375, 0.774983823299408, 0.045672137290239334, 0.6303285956382751),
            ["HumanoidRootPart"] = CFrame.new(0, 0, 0, 1, 0, 0, 0, 1, 0, 0, 0, 1),
            ["RightUpperLeg"] = CFrame.new(-1.7881393432617188e-07, -1.341104507446289e-07, -9.110226528719068e-08, 0.8846712112426758, -0.42049071192741394, -0.20135673880577087, 0.0436234176158905, 0.5046607851982117, -0.8622150421142578, 0.4641701579093933, 0.7539927363395691, 0.46480193734169006),
            ["LeftUpperArm"] = CFrame.new(0, 0, -1.4901161193847656e-08, 0.8359085321426392, 0.47112810611724854, -0.28159451484680176, -0.41399404406547546, 0.8780444860458374, 0.24009749293327332, 0.3603692054748535, -0.08412091434001923, 0.929008960723877),
            ["RightLowerArm"] = CFrame.new(-4.172325134277344e-07, -5.960464477539063e-08, 3.5762786865234375e-07, 1, -1.1175870895385742e-07, 2.980232594040899e-08, 1.1920928955078125e-07, -0.15055465698242188, -0.9886016845703125, 9.685754776000977e-08, 0.9886016845703125, -0.15055470168590546),
            ["LeftHand"] = CFrame.new(-5.960464477539063e-08, 1.1920928955078125e-07, 2.384185791015625e-07, 0.9459048509597778, -0.18967776000499725, -0.26322323083877563, 0.14987249672412872, 0.9750068187713623, -0.16401171684265137, 0.2877536714076996, 0.11568949371576309, 0.9506912231445312),
            ["LowerTorso"] = CFrame.new(0.4647775888442993, -0.20531773567199707, 0.04409816488623619, 0.5792449116706848, -0.2986868619918823, 0.7584599256515503, -0.04234510287642479, 0.9181684851646423, 0.3939206898212433, -0.8140529990196228, -0.2602936029434204, 0.5191965103149414),
            ["LeftFoot"] = CFrame.new(1.862645149230957e-09, -5.960464477539063e-08, -6.891787052154541e-08, 0.9969869256019592, -0.05399911105632782, 0.05568799376487732, 0.07485353201627731, 0.8580533862113953, -0.5080762505531311, -0.020347347483038902, 0.5107136964797974, 0.859510064125061),
            ["RightLowerLeg"] = CFrame.new(7.450580596923828e-08, -0.00006031990051269531, -0.0000721050237189047, 1, -1.192092469182171e-07, -5.5879347371501353e-08, 5.960464477539063e-08, 0.5980362892150879, 0.8014686703681946, 2.9802322387695312e-08, -0.801469087600708, 0.5980367064476013),
            ["RightFoot"] = CFrame.new(4.842877388000488e-08, 2.384185791015625e-07, -5.75528247281909e-09, 0.9827852249145508, 0.180898055434227, 0.03753912076354027, -0.16313870251178741, 0.9450764060020447, -0.28322476148605347, -0.08671195805072784, 0.2722252607345581, 0.9583187103271484),
            ["LeftLowerLeg"] = CFrame.new(2.8405338525772095e-08, 0.00006073713302612305, 0.00007202988490462303, 1, 5.774199252073231e-08, 5.587935447692871e-09, -9.872019290924072e-08, 0.6054105162620544, 0.7959133386611938, 5.774199962615967e-08, -0.7959133386611938, 0.605410635471344),
        }},
        {Time = 0.100, Data = {
            ["UpperTorso"] = CFrame.new(2.9802322387695312e-08, 5.960464477539063e-08, 7.450580596923828e-09, 0.9999427199363708, -0.008366336114704609, 0.006671322509646416, 0.007776985876262188, 0.9964402914047241, 0.08394205570220947, -0.007349899969995022, -0.08388540893793106, 0.9964483380317688),
            ["LeftLowerArm"] = CFrame.new(2.9802322387695312e-08, 2.980232238769531e-07, 4.172325134277344e-07, 1, -4.470348358154297e-08, -4.470347647611561e-08, 1.4901162970204496e-08, 0.8780710101127625, -0.4785304665565491, -2.980232594040899e-08, 0.47853049635887146, 0.8780709505081177),
            ["RightUpperArm"] = CFrame.new(2.384185791015625e-07, -1.1920928955078125e-07, 5.960464477539063e-08, 0.29726141691207886, -0.9539244771003723, -0.04078921303153038, 0.6726464629173279, 0.23954634368419647, -0.7001173496246338, 0.6776300072669983, 0.18068119883537292, 0.7128618359565735),
            ["Head"] = CFrame.new(5.960464477539063e-08, -2.384185791015625e-07, 1.043081283569336e-07, 0.6019209027290344, -0.17751872539520264, -0.7785745859146118, -0.02304142341017723, 0.9707116484642029, -0.2391400784254074, 0.7982232570648193, 0.16188280284404755, 0.5802013278007507),
            ["LeftUpperLeg"] = CFrame.new(0, 1.7136335372924805e-07, 1.043081283569336e-07, 0.7954297661781311, 0.22997356951236725, 0.5607172846794128, 0.23667971789836884, 0.7338578701019287, -0.636738121509552, -0.5579196810722351, 0.6391907930374146, 0.5293022394180298),
            ["RightHand"] = CFrame.new(2.384185791015625e-07, 2.384185791015625e-07, -1.341104507446289e-07, 0.5687791705131531, 0.2272423505783081, -0.7904751896858215, -0.08446948975324631, 0.9721326231956482, 0.2186852991580963, 0.8181413412094116, -0.057612594217061996, 0.5721237659454346),
            ["HumanoidRootPart"] = CFrame.new(0, 0, 0, 1, 0, 0, 0, 1, 0, 0, 0, 1),
            ["RightUpperLeg"] = CFrame.new(1.1920928955078125e-07, 6.705522537231445e-08, 1.920197973959148e-07, 0.8833094835281372, -0.43002691864967346, -0.18665830790996552, 0.03925080969929695, 0.4646143615245819, -0.8846429586410522, 0.46714434027671814, 0.7740867733955383, 0.4272770881652832),
            ["LeftUpperArm"] = CFrame.new(0, 0, 5.960464477539063e-08, 0.8256672620773315, 0.47655177116394043, -0.30194729566574097, -0.4133765697479248, 0.8752710819244385, 0.25103819370269775, 0.3839183747768402, -0.08245595544576645, 0.9196779727935791),
            ["RightLowerArm"] = CFrame.new(-3.5762786865234375e-07, 2.384185791015625e-07, 0, 1, -8.195636524988004e-08, 7.4505820180093e-08, 1.4156103134155273e-07, -0.12739302217960358, -0.991852343082428, 7.450580596923828e-08, 0.9918522834777832, -0.12739312648773193),
            ["LeftHand"] = CFrame.new(-1.1920928955078125e-07, 0, 8.940696716308594e-08, 0.9111895561218262, -0.20604927837848663, -0.3567598760128021, 0.16379331052303314, 0.9757487773895264, -0.14521022140979767, 0.37802836298942566, 0.07387907803058624, 0.9228415489196777),
            ["LowerTorso"] = CFrame.new(0.4753303825855255, -0.21216344833374023, 0.042383018881082535, 0.5794055461883545, -0.30811458826065063, 0.7545559406280518, -0.0541125126183033, 0.9092056751251221, 0.4128158986568451, -0.813241183757782, -0.28001871705055237, 0.510125994682312),
            ["LeftFoot"] = CFrame.new(-2.514570951461792e-08, 0, 4.6566128730773926e-08, 0.9968997240066528, -0.05512038618326187, 0.05614839866757393, 0.07596170902252197, 0.8602531552314758, -0.5041770339012146, -0.020511474460363388, 0.5068789124488831, 0.8617731332778931),
            ["RightLowerLeg"] = CFrame.new(-8.940696716308594e-08, -0.000060498714447021484, -0.00007207522139651701, 1, -4.470347292340193e-08, -7.450580596923828e-08, 4.4703490686970326e-08, 0.5705361366271973, 0.8212722539901733, -1.4901162614933128e-07, -0.8212725520133972, 0.5705364942550659),
            ["RightFoot"] = CFrame.new(-1.2293457984924316e-07, 2.980232238769531e-07, -2.0656443666666746e-08, 0.9836406707763672, 0.1761888712644577, 0.03753157705068588, -0.157633975148201, 0.9426947832107544, -0.2940717339515686, -0.08719274401664734, 0.28334474563598633, 0.9550462365150452),
            ["LeftLowerLeg"] = CFrame.new(6.05359673500061e-08, 0.000060558319091796875, 0.0000721183605492115, 1, 1.0058282384761696e-07, 3.725289943190546e-08, -7.171183113996449e-08, 0.6016274094581604, 0.7987770438194275, 6.47269118303484e-08, -0.7987768054008484, 0.6016272306442261),
        }},
        {Time = 0.133, Data = {
            ["UpperTorso"] = CFrame.new(-3.725290298461914e-08, -1.7881393432617188e-07, -1.1548399925231934e-07, 0.9999821782112122, 0.000008083881766651757, 0.0059717921540141106, -0.0005034618079662323, 0.9965531229972839, 0.08295657485723495, -0.005950549617409706, -0.08295824378728867, 0.9965353012084961),
            ["LeftLowerArm"] = CFrame.new(2.384185791015625e-07, 1.7881393432617188e-07, -2.682209014892578e-07, 1, -2.980232949312267e-08, -2.980232949312267e-08, 7.4505820180093e-08, 0.8714370727539062, -0.4905076324939728, -1.4901164746561335e-08, 0.4905073344707489, 0.8714369535446167),
            ["RightUpperArm"] = CFrame.new(-1.1920928955078125e-07, 0, 2.9802322387695312e-08, 0.20528940856456757, -0.9782553315162659, -0.029543142765760422, 0.6983775496482849, 0.16757062077522278, -0.6958370804786682, 0.6856567859649658, 0.12221555411815643, 0.7175918221473694),
            ["Head"] = CFrame.new(-4.470348358154297e-08, 0, 5.960464477539063e-08, 0.6161120533943176, -0.179157093167305, -0.7670130133628845, -0.020820410922169685, 0.9697440266609192, -0.2432345449924469, 0.7873833775520325, 0.16582916676998138, 0.5937407612800598),
            ["LeftUpperLeg"] = CFrame.new(0, -5.21540641784668e-08, -7.450580596923828e-08, 0.7966505885124207, 0.22645971179008484, 0.5604140162467957, 0.2546572685241699, 0.7151082158088684, -0.6509761214256287, -0.5481765270233154, 0.6613140106201172, 0.5120218396186829),
            ["RightHand"] = CFrame.new(-1.4156103134155273e-07, 2.384185791015625e-07, -1.4901161193847656e-08, 0.49367451667785645, 0.30448853969573975, -0.8145997524261475, -0.1847962737083435, 0.9520390033721924, 0.24386891722679138, 0.8497857451438904, 0.03014334850013256, 0.5262654423713684),
            ["HumanoidRootPart"] = CFrame.new(0, 0, 0, 1, 0, 0, 0, 1, 0, 0, 0, 1),
            ["RightUpperLeg"] = CFrame.new(0, -1.6391277313232422e-07, -1.3580574886873364e-07, 0.8816321492195129, -0.43832927942276, -0.17490679025650024, 0.03141464665532112, 0.42429932951927185, -0.9049769639968872, 0.470890611410141, 0.7923619747161865, 0.387845903635025),
            ["LeftUpperArm"] = CFrame.new(0, -2.384185791015625e-07, 0, 0.8150939345359802, 0.4811399579048157, -0.3226863443851471, -0.4139179289340973, 0.8733723163604736, 0.25669562816619873, 0.40533173084259033, -0.07566516846418381, 0.9110329151153564),
            ["RightLowerArm"] = CFrame.new(1.1920928955078125e-07, -3.5762786865234375e-07, 1.1920928955078125e-07, 1, -7.450579886381092e-08, 5.960462345910855e-08, 9.685753354915505e-08, -0.23738005757331848, -0.9714168310165405, 1.1175869474300271e-07, 0.9714168906211853, -0.2373800426721573),
            ["LeftHand"] = CFrame.new(5.960464477539063e-08, 3.5762786865234375e-07, -8.940696716308594e-08, 0.8634340763092041, -0.22471632063388824, -0.451647013425827, 0.18336261808872223, 0.9738690853118896, -0.13400326669216156, 0.4699573218822479, 0.032887693494558334, 0.8820760846138),
            ["LowerTorso"] = CFrame.new(0.4862619936466217, -0.21860527992248535, 0.03742719814181328, 0.5780813694000244, -0.32027801871299744, 0.7504957914352417, -0.06535180658102036, 0.898621678352356, 0.43382975459098816, -0.8133580088615417, -0.2998351752758026, 0.49854567646980286),
            ["LeftFoot"] = CFrame.new(5.3085386753082275e-08, -1.1920928955078125e-07, 2.2351741790771484e-08, 0.9967032074928284, -0.05798228085041046, 0.05675319582223892, 0.07862389087677002, 0.862916111946106, -0.49919337034225464, -0.02002875693142414, 0.502009928226471, 0.8646300435066223),
            ["RightLowerLeg"] = CFrame.new(-1.043081283569336e-07, -0.000060439109802246094, -0.00007219443068606779, 1, -6.705521116145974e-08, -1.7881390590446244e-07, 5.960463056453591e-08, 0.5430193543434143, 0.8397198915481567, -5.215404996761208e-08, -0.8397202491760254, 0.5430198907852173),
            ["RightFoot"] = CFrame.new(-1.2293457984924316e-07, 2.980232238769531e-07, -5.045876605436206e-08, 0.9846736788749695, 0.17034906148910522, 0.03740470111370087, -0.1509445160627365, 0.9398162961006165, -0.30653056502342224, -0.08737051486968994, 0.29618701338768005, 0.9511256217956543),
            ["LeftLowerLeg"] = CFrame.new(-3.864988684654236e-08, 0.000060617923736572266, 0.00007216213271021843, 1, 5.774199962615967e-08, 5.587936779960501e-09, -1.0989606380462646e-07, 0.5984103083610535, 0.8011897802352905, 5.9138983488082886e-08, -0.8011898994445801, 0.598410427570343),
        }},
        {Time = 0.167, Data = {
            ["UpperTorso"] = CFrame.new(-1.4901161193847656e-08, -1.7881393432617188e-07, -1.4901161193847656e-08, 0.9999650120735168, 0.007526502013206482, 0.0036621238104999065, -0.007801651954650879, 0.9965978264808655, 0.0820489153265953, -0.0030319951474666595, -0.08207470178604126, 0.9966216087341309),
            ["LeftLowerArm"] = CFrame.new(-5.960464477539063e-08, -4.76837158203125e-07, 2.980232238769531e-07, 1, -6.70552182668871e-08, 6.33299421792799e-08, 4.470348358154297e-08, 0.8645623922348022, -0.5025255084037781, 1.4901161193847656e-08, 0.5025254487991333, 0.8645623922348022),
            ["RightUpperArm"] = CFrame.new(1.1920928955078125e-07, 2.384185791015625e-07, -8.940696716308594e-08, 0.1204543262720108, -0.9914205074310303, -0.050755225121974945, 0.7324429750442505, 0.12326797842979431, -0.6695762276649475, 0.6700881719589233, 0.043478067964315414, 0.7410071492195129),
            ["Head"] = CFrame.new(0, 0, -2.086162567138672e-07, 0.6362583041191101, -0.171708881855011, -0.7521246671676636, -0.017862439155578613, 0.9713761210441589, -0.2368740439414978, 0.7712692618370056, 0.16414779424667358, 0.614979088306427),
            ["LeftUpperLeg"] = CFrame.new(2.9802322387695312e-08, -1.1175870895385742e-07, 8.940696716308594e-08, 0.7985737323760986, 0.22558963298797607, 0.5580228567123413, 0.2702406048774719, 0.6940261125564575, -0.6673062443733215, -0.5378197431564331, 0.6836937665939331, 0.49326756596565247),
            ["RightHand"] = CFrame.new(-1.4901161193847656e-08, 0, -2.60770320892334e-07, 0.4318511486053467, 0.4302143454551697, -0.7927294969558716, -0.42828473448753357, 0.8713146448135376, 0.2395482063293457, 0.793773889541626, 0.23606468737125397, 0.5605324506759644),
            ["HumanoidRootPart"] = CFrame.new(0, 0, 0, 1, 0, 0, 0, 1, 0, 0, 0, 1),
            ["RightUpperLeg"] = CFrame.new(0, 4.470348358154297e-08, 1.7711863620206714e-07, 0.8801237344741821, -0.4446198642253876, -0.16641950607299805, 0.020069153979420662, 0.3850773870944977, -0.922666072845459, 0.4743202030658722, 0.8087204098701477, 0.34783896803855896),
            ["LeftUpperArm"] = CFrame.new(0, 1.1920928955078125e-07, -2.9802322387695312e-08, 0.8052768707275391, 0.48501691222190857, -0.34101027250289917, -0.41697561740875244, 0.8721733093261719, 0.25582176446914673, 0.4214978516101837, -0.06381428986787796, 0.9045813083648682),
            ["RightLowerArm"] = CFrame.new(5.960464477539063e-08, 1.7881393432617188e-07, -2.384185791015625e-07, 1, -5.960464477539063e-08, 1.4156103134155273e-07, 9.313227167240257e-08, -0.36439117789268494, -0.9312459230422974, 5.587936158235607e-08, 0.9312459826469421, -0.3643912672996521),
            ["LeftHand"] = CFrame.new(-2.9802322387695312e-08, -1.7881393432617188e-07, 5.960464477539063e-08, 0.8034020662307739, -0.24219518899917603, -0.5439547300338745, 0.2037641406059265, 0.9702115654945374, -0.13103258609771729, 0.5594866275787354, -0.0055666579864919186, 0.8288207054138184),
            ["LowerTorso"] = CFrame.new(0.4975932836532593, -0.22479915618896484, 0.0294903926551342, 0.5758160948753357, -0.3346078395843506, 0.7459714412689209, -0.07524976879358292, 0.8868516683578491, 0.45588549971580505, -0.8141089081764221, -0.31864041090011597, 0.4854843318462372),
            ["LeftFoot"] = CFrame.new(2.0489096641540527e-08, 5.960464477539063e-08, 1.862645149230957e-08, 0.996388852596283, -0.06255310773849487, 0.05741530656814575, 0.08279816806316376, 0.8656274080276489, -0.49379533529281616, -0.018811961635947227, 0.4967658519744873, 0.8676807284355164),
            ["RightLowerLeg"] = CFrame.new(-1.043081283569336e-07, -0.00006020069122314453, -0.00007201561675174162, 1, -1.1920927533992653e-07, -2.60770320892334e-08, 1.7881390590446244e-07, 0.5161096453666687, 0.8565222024917603, -3.725289943190546e-08, -0.8565225601196289, 0.5161101818084717),
            ["RightFoot"] = CFrame.new(-4.0978193283081055e-08, 2.980232238769531e-07, 3.149762051180005e-08, 0.9858854413032532, 0.16323214769363403, 0.03721999749541283, -0.14297132194042206, 0.9365156888961792, -0.3201523423194885, -0.08711624145507812, 0.31031253933906555, 0.9466347098350525),
            ["LeftLowerLeg"] = CFrame.new(-1.327134668827057e-07, 0.000060677528381347656, 0.0000720280222594738, 1, 6.05359673500061e-08, 8.940696716308594e-08, -4.6566135836201283e-08, 0.594741940498352, 0.8039167523384094, 3.3993277526178645e-08, -0.8039166927337646, 0.5947418808937073),
        }},
        {Time = 0.200, Data = {
            ["UpperTorso"] = CFrame.new(7.450580596923828e-09, -2.086162567138672e-07, -1.1175870895385742e-08, 0.999935507774353, 0.01135511789470911, 0.000423327146563679, -0.011352144181728363, 0.9966559410095215, 0.08092080801725388, 0.0004969984292984009, -0.08092040568590164, 0.9967204928398132),
            ["LeftLowerArm"] = CFrame.new(2.384185791015625e-07, -1.7881393432617188e-07, -1.7881393432617188e-07, 1, -8.940698137394065e-08, 2.60770320892334e-08, 7.450581485102248e-09, 0.8558796644210815, -0.5171750783920288, 4.4703490686970326e-08, 0.5171751976013184, 0.8558796644210815),
            ["RightUpperArm"] = CFrame.new(1.1920928955078125e-07, 0, 8.940696716308594e-08, 0.11636170744895935, -0.9830438494682312, -0.14172104001045227, 0.7277505993843079, 0.18149282038211823, -0.6613920331001282, 0.6758987903594971, -0.026176847517490387, 0.7365295886993408),
            ["Head"] = CFrame.new(2.9802322387695312e-08, -1.1920928955078125e-07, -5.960464477539063e-08, 0.6433898210525513, -0.16791097819805145, -0.7468972206115723, -0.030109349638223648, 0.9693440198898315, -0.24385598301887512, 0.7649464011192322, 0.17938293516635895, 0.6186103820800781),
            ["LeftUpperLeg"] = CFrame.new(-5.960464477539063e-08, -2.3096799850463867e-07, 0, 0.8011278510093689, 0.23316168785095215, 0.5512079000473022, 0.2796001434326172, 0.6685030460357666, -0.689149796962738, -0.5291672348976135, 0.7062147855758667, 0.4703642725944519),
            ["RightHand"] = CFrame.new(1.4156103134155273e-07, 0, -3.725290298461914e-08, 0.22455890476703644, 0.5330211520195007, -0.8157584071159363, -0.6188635230064392, 0.7246506810188293, 0.30313238501548767, 0.7527158260345459, 0.4367719888687134, 0.49259427189826965),
            ["HumanoidRootPart"] = CFrame.new(0, 0, 0, 1, 0, 0, 0, 1, 0, 0, 0, 1),
            ["RightUpperLeg"] = CFrame.new(1.1920928955078125e-07, -4.470348358154297e-08, -1.6952981241047382e-09, 0.8798558115959167, -0.4451639950275421, -0.16638128459453583, 0.0017543877474963665, 0.35313934087753296, -0.9355692267417908, 0.47523733973503113, 0.8228740096092224, 0.3114926517009735),
            ["LeftUpperArm"] = CFrame.new(0, -1.1920928955078125e-07, 7.450580596923828e-08, 0.7958824634552002, 0.49264299869537354, -0.3519577085971832, -0.42741015553474426, 0.8688899874687195, 0.24970075488090515, 0.4288259744644165, -0.04830209165811539, 0.9020949006080627),
            ["RightLowerArm"] = CFrame.new(0, 1.7881393432617188e-07, 1.4901161193847656e-07, 1, -2.7939673685750677e-08, 1.6391281576488836e-07, 7.823110337312755e-08, -0.4816458225250244, -0.876366138458252, 1.266598843585598e-07, 0.8763660192489624, -0.48164573311805725),
            ["LeftHand"] = CFrame.new(-1.1920928955078125e-07, -2.980232238769531e-07, -1.7881393432617188e-07, 0.7335599064826965, -0.25520429015159607, -0.6298896670341492, 0.22087132930755615, 0.9660301208496094, -0.1341700702905655, 0.6427329778671265, -0.04070296511054039, 0.7650080919265747),
            ["LowerTorso"] = CFrame.new(0.5091564655303955, -0.23055791854858398, 0.018855415284633636, 0.5728484392166138, -0.3526890277862549, 0.7399020791053772, -0.07900534570217133, 0.8747308850288391, 0.47812554240226746, -0.8158448338508606, -0.3323497176170349, 0.4732239246368408),
            ["LeftFoot"] = CFrame.new(-2.0489096641540527e-08, 5.960464477539063e-08, 2.2351741790771484e-08, 0.9959521889686584, -0.06866233795881271, 0.058007534593343735, 0.0883360505104065, 0.8669928908348083, -0.49042871594429016, -0.01661835052073002, 0.49356764554977417, 0.8695487380027771),
            ["RightLowerLeg"] = CFrame.new(1.1920928955078125e-07, -0.00006020069122314453, -0.00007177719817264006, 1, -1.5646217832454568e-07, -8.195640788244418e-08, 8.195640788244418e-08, 0.4950081706047058, 0.8688880205154419, -1.4901164746561335e-08, -0.8688883781433105, 0.4950087070465088),
            ["RightFoot"] = CFrame.new(5.960464477539063e-08, 4.172325134277344e-07, -1.1751399142667651e-07, 0.9872687458992004, 0.1546640694141388, 0.03714223578572273, -0.13374467194080353, 0.9335790276527405, -0.33247897028923035, -0.0860975906252861, 0.32327890396118164, 0.9423789978027344),
            ["LeftLowerLeg"] = CFrame.new(4.6566128730773926e-09, 0.00006091594696044922, 0.00007210398325696588, 1, -2.0489096641540527e-08, 2.421438694000244e-08, -8.381903171539307e-08, 0.5862103700637817, 0.810158908367157, 7.706694304943085e-08, -0.810158908367157, 0.586210310459137),
        }},
        {Time = 0.233, Data = {
            ["UpperTorso"] = CFrame.new(3.725290298461914e-08, -2.980232238769531e-07, 1.4901161193847656e-08, 0.9999068975448608, 0.013175137341022491, -0.00356249138712883, -0.012848684564232826, 0.9967239499092102, 0.07985208928585052, 0.004602864850312471, -0.07979884743690491, 0.996800422668457),
            ["LeftLowerArm"] = CFrame.new(-1.4901161193847656e-07, -4.76837158203125e-07, 2.980232238769531e-07, 1, -3.725290298461914e-08, 1.4901161193847656e-08, 4.4703494239684005e-08, 0.845295786857605, -0.5342986583709717, 4.4703494239684005e-08, 0.5342985987663269, 0.845295786857605),
            ["RightUpperArm"] = CFrame.new(0, 2.384185791015625e-07, -5.960464477539063e-08, 0.14723077416419983, -0.966920018196106, -0.20829947292804718, 0.6936436295509338, 0.2510639727115631, -0.6751484870910645, 0.705111026763916, -0.04508299008011818, 0.7076623439788818),
            ["Head"] = CFrame.new(7.450580596923828e-08, 1.1920928955078125e-07, -7.450580596923828e-08, 0.6465139985084534, -0.16331377625465393, -0.7452170252799988, -0.050373755395412445, 0.965548574924469, -0.2553007900714874, 0.7612372636795044, 0.2025948315858841, 0.6160138845443726),
            ["LeftUpperLeg"] = CFrame.new(8.940696716308594e-08, -3.0547380447387695e-07, 1.4901161193847656e-08, 0.8039058446884155, 0.24502919614315033, 0.5419372320175171, 0.2845936417579651, 0.6416255831718445, -0.712266206741333, -0.5222468972206116, 0.7268267869949341, 0.44607287645339966),
            ["RightHand"] = CFrame.new(-1.043081283569336e-07, 0, 2.2351741790771484e-08, 0.05112298205494881, 0.6035124063491821, -0.7957130074501038, -0.7455018162727356, 0.5532304048538208, 0.3717030882835388, 0.6645400524139404, 0.5742029547691345, 0.4782025218009949),
            ["HumanoidRootPart"] = CFrame.new(0, 0, 0, 1, 0, 0, 0, 1, 0, 0, 0, 1),
            ["RightUpperLeg"] = CFrame.new(0, -3.8743019104003906e-07, 5.790934665128589e-08, 0.8803198337554932, -0.4423413574695587, -0.1713804453611374, -0.01990663819015026, 0.32650747895240784, -0.944985032081604, 0.4739629030227661, 0.8353005647659302, 0.27862533926963806),
            ["LeftUpperArm"] = CFrame.new(0, 2.384185791015625e-07, -8.940696716308594e-08, 0.7897005677223206, 0.5003340244293213, -0.35501977801322937, -0.4414726495742798, 0.8652849793434143, 0.23745203018188477, 0.4259986877441406, -0.03078446164727211, 0.9041999578475952),
            ["RightLowerArm"] = CFrame.new(5.960464477539063e-08, 2.384185791015625e-07, 1.4901161193847656e-07, 1, -9.313227877782992e-08, 1.4901166878189542e-07, 5.960465898624534e-08, -0.4773852527141571, -0.8786941170692444, 1.3038518886787642e-07, 0.8786942362785339, -0.47738519310951233),
            ["LeftHand"] = CFrame.new(-5.960464477539063e-08, 3.5762786865234375e-07, 2.9802322387695312e-08, 0.6579046249389648, -0.26091906428337097, -0.7064583897590637, 0.2300337553024292, 0.9628565907478333, -0.14139126241207123, 0.7171095013618469, -0.06948740035295486, 0.6934876441955566),
            ["LowerTorso"] = CFrame.new(0.5207794904708862, -0.23569130897521973, 0.005789905786514282, 0.5695861577987671, -0.37186765670776367, 0.7329980134963989, -0.07958029210567474, 0.862658679485321, 0.49948662519454956, -0.818070113658905, -0.34283286333084106, 0.4617651104927063),
            ["LeftFoot"] = CFrame.new(1.210719347000122e-08, 5.960464477539063e-08, -1.4901161193847656e-08, 0.9953705072402954, -0.07625579088926315, 0.058504026383161545, 0.09514401108026505, 0.8679759502410889, -0.48740679025650024, -0.013612484559416771, 0.4907165765762329, 0.8712129592895508),
            ["RightLowerLeg"] = CFrame.new(4.470348358154297e-08, -0.00006014108657836914, -0.00007204541907412931, 1, -1.4901159772762185e-07, -3.7252920748187535e-08, 7.450581307466564e-08, 0.47743386030197144, 0.8786674737930298, -6.705523247774181e-08, -0.8786677718162537, 0.4774344265460968),
            ["RightFoot"] = CFrame.new(3.725290298461914e-09, 4.172325134277344e-07, -8.026108844205737e-08, 0.9887498617172241, 0.1449204683303833, 0.03703784570097923, -0.12349529564380646, 0.9306215047836304, -0.34451717138290405, -0.084395632147789, 0.33606794476509094, 0.9380491971969604),
            ["LeftLowerLeg"] = CFrame.new(9.243376553058624e-08, 0.00006073713302612305, 0.00007192208431661129, 1, 6.519258910486769e-09, 7.264316792543468e-08, -8.009376273321323e-08, 0.5764037370681763, 0.8171650171279907, 1.266598985694145e-07, -0.8171650767326355, 0.5764039158821106),
        }},
        {Time = 0.267, Data = {
            ["UpperTorso"] = CFrame.new(-2.9802322387695312e-08, -5.960464477539063e-08, -1.7881393432617188e-07, 0.9998631477355957, 0.014611020684242249, -0.007757898420095444, -0.01395442895591259, 0.9967894554138184, 0.07884253561496735, 0.008884931914508343, -0.07872360944747925, 0.9968569278717041),
            ["LeftLowerArm"] = CFrame.new(-3.2782554626464844e-07, -4.172325134277344e-07, -6.258487701416016e-07, 1, -5.21540641784668e-08, 4.0978193283081055e-08, 4.470347292340193e-08, 0.8345582485198975, -0.5509195923805237, 1.4901157641133977e-08, 0.5509197115898132, 0.834558367729187),
            ["RightUpperArm"] = CFrame.new(0, 2.384185791015625e-07, 5.960464477539063e-08, 0.17967043817043304, -0.9496277570724487, -0.2567598819732666, 0.605250895023346, 0.31247058510780334, -0.7321430444717407, 0.7754932641983032, -0.023859694600105286, 0.6309047937393188),
            ["Head"] = CFrame.new(-1.4901161193847656e-08, 0, -1.4901161193847656e-08, 0.6438626646995544, -0.16641254723072052, -0.7468251585960388, -0.07595695555210114, 0.9573389887809753, -0.2788054049015045, 0.7613615989685059, 0.23623892664909363, 0.6037547588348389),
            ["LeftUpperLeg"] = CFrame.new(0, -1.6391277313232422e-07, -1.043081283569336e-07, 0.8064787983894348, 0.2581857740879059, 0.531913697719574, 0.2865288257598877, 0.616269588470459, -0.7335618138313293, -0.5171976089477539, 0.7440107464790344, 0.4230307936668396),
            ["RightHand"] = CFrame.new(1.1920928955078125e-07, 1.1920928955078125e-07, 1.043081283569336e-07, 0.16889555752277374, 0.6120550036430359, -0.7725688219070435, -0.6725610494613647, 0.6445557475090027, 0.36360642313957214, 0.7205109000205994, 0.4581882953643799, 0.5205071568489075),
            ["HumanoidRootPart"] = CFrame.new(0, 0, 0, 1, 0, 0, 0, 1, 0, 0, 0, 1),
            ["RightUpperLeg"] = CFrame.new(-5.960464477539063e-08, -1.1920928955078125e-07, -6.129994289949536e-08, 0.8811995387077332, -0.4376671612262726, -0.17870332300662994, -0.04200628772377968, 0.30402714014053345, -0.9517368674278259, 0.4708744287490845, 0.8461766242980957, 0.24952393770217896),
            ["LeftUpperArm"] = CFrame.new(5.960464477539063e-08, -1.1920928955078125e-07, -1.6391277313232422e-07, 0.7877188324928284, 0.5055950880050659, -0.3519558608531952, -0.4554186165332794, 0.8626731038093567, 0.2199745923280716, 0.4148408770561218, -0.012990815564990044, 0.9098012447357178),
            ["RightLowerArm"] = CFrame.new(-4.172325134277344e-07, 0, 2.384185791015625e-07, 1, -2.421438694000244e-08, 1.229346082709526e-07, 1.1175870895385742e-07, -0.3922726511955261, -0.9198490381240845, 1.1920928955078125e-07, 0.9198489785194397, -0.3922726511955261),
            ["LeftHand"] = CFrame.new(0, 1.1920928955078125e-07, 2.9802322387695312e-08, 0.5756831169128418, -0.25518524646759033, -0.7768332362174988, 0.22638779878616333, 0.9626569151878357, -0.1484590768814087, 0.7857083678245544, -0.09040030837059021, 0.6119559407234192),
            ["LowerTorso"] = CFrame.new(0.5322870016098022, -0.24001145362854004, -0.009439588524401188, 0.5664836168289185, -0.3899475932121277, 0.7259732484817505, -0.07914894819259644, 0.8511388301849365, 0.5189394950866699, -0.8202632069587708, -0.351430743932724, 0.4512923061847687),
            ["LeftFoot"] = CFrame.new(-3.725290298461914e-08, -5.960464477539063e-08, -5.587935447692871e-08, 0.9946133494377136, -0.08528117090463638, 0.058919794857501984, 0.10317422449588776, 0.8692152500152588, -0.4835493564605713, -0.009976107627153397, 0.48702359199523926, 0.8733319044113159),
            ["RightLowerLeg"] = CFrame.new(8.940696716308594e-08, -0.000060558319091796875, -0.00007192620978457853, 1, -1.0430809993522416e-07, -1.1175873737556685e-07, 3.725290653733282e-08, 0.4619625508785248, 0.8868992924690247, 5.2154071283894154e-08, -0.8868994116783142, 0.4619629383087158),
