return {
    ["Boosting Ki"] = {
        {Time = 0.000, Data = {
            ["RightFoot"] = CFrame.new(2.2351741790771484e-08, 1.7881393432617188e-07, 3.149762051180005e-08, 0.9501115083694458, 0.29373642802238464, -0.10491573810577393, -0.3099348247051239, 0.8512803912162781, -0.4233931601047516, -0.03505358099937439, 0.43478792905807495, 0.8998504877090454),
            ["LeftLowerArm"] = CFrame.new(-0.00004857778549194336, 0.0003031492233276367, 0.00013947486877441406, 1, -3.534811909844393e-08, -2.602001103468865e-08, 4.085840998868662e-08, 0.8426153063774109, -0.5385160446166992, 0, 0.5385159850120544, 0.8426151871681213),
            ["LeftFoot"] = CFrame.new(4.842877388000488e-08, -5.960464477539063e-08, 5.4016709327697754e-08, 0.974827229976654, -0.21436460316181183, 0.06131751462817192, 0.21843582391738892, 0.9733442664146423, -0.06990689784288406, -0.04469750449061394, 0.08154100924730301, 0.9956672787666321),
            ["Head"] = CFrame.new(1.1175870895385742e-08, 0, -1.1175870895385742e-08, 0.937763512134552, -0.024976518005132675, 0.3463887870311737, 0.03467607870697975, 0.9991316795349121, -0.021783428266644478, -0.3455391228199005, 0.033349424600601196, 0.9378381967544556),
            ["LowerTorso"] = CFrame.new(-0.043648481369018555, -0.15799689292907715, 0.029889345169067383, 0.9634840488433838, -0.011836055666208267, -0.2675040066242218, -2.487583969923435e-07, 0.9990225434303284, -0.044203922152519226, 0.26776573061943054, 0.04258983954787254, 0.9625422954559326),
            ["UpperTorso"] = CFrame.new(9.063057859748369e-09, -2.682209014892578e-07, 1.862645149230957e-09, 0.9968116283416748, 0.008426285348832607, -0.07934410870075226, 0.0070260437205433846, 0.981275737285614, 0.19247998297214508, 0.07948038727045059, -0.19242379069328308, 0.9780879020690918),
            ["HumanoidRootPart"] = CFrame.new(0, 0, 0, 1, 0, 0, 0, 1, 0, 0, 0, 1),
            ["RightUpperLeg"] = CFrame.new(5.960464477539063e-08, -8.195638656616211e-08, 2.029992174357176e-09, 0.8990919589996338, -0.2933131158351898, -0.3249630033969879, 0.3105471134185791, 0.9505572319030762, 0.001229453831911087, 0.3085353970527649, -0.10202184319496155, 0.9457259774208069),
            ["LeftUpperArm"] = CFrame.new(0, -4.76837158203125e-07, -2.9802322387695312e-08, 0.7864789962768555, 0.43738242983818054, -0.43620696663856506, -0.3383536636829376, 0.8958742618560791, 0.2880247235298157, 0.5166890025138855, -0.07813963294029236, 0.8525052666664124),
            ["RightLowerArm"] = CFrame.new(-0.0000050067901611328125, 0.0002683401107788086, 0.0001520216464996338, 1, -7.163419013522798e-08, 5.575360617626757e-09, 5.942778358303258e-08, 0.8604040741920471, -0.5096123218536377, 2.2285419731815637e-08, 0.5096123218536377, 0.8604041337966919),
            ["LeftHand"] = CFrame.new(-5.960464477539063e-08, 2.980232238769531e-07, -8.940696716308594e-08, 0.9985555410385132, 0.019764132797718048, 0.04896967113018036, -0.01670145057141781, 0.9984930157661438, -0.05135075002908707, -0.051067378371953964, 0.051197849214076996, 0.9974793195724487),
            ["RightHand"] = CFrame.new(-1.4901161193847656e-08, -3.5762786865234375e-07, 4.0046870708465576e-08, 0.9983257055282593, -0.05876599997282028, -0.0021083333995193243, 0.05691435933113098, 0.9875351190567017, -0.14558877050876617, 0.010315882973372936, 0.1460166871547699, 0.989342987537384),
            ["RightUpperArm"] = CFrame.new(0, 2.384185791015625e-07, -7.450580596923828e-08, 0.9709540009498596, -0.2393513172864914, 0.004497542046010494, 0.2293001413345337, 0.9356566071510315, 0.2688443064689636, -0.06833573430776596, -0.2593410015106201, 0.9631732702255249),
            ["RightLowerLeg"] = CFrame.new(2.9802322387695312e-08, -0.000060558319091796875, -0.00007201561675174162, 1, -1.2852252950779075e-07, -2.2351741790771484e-08, 1.043081283569336e-07, 0.8782087564468384, 0.478277325630188, 4.0978193283081055e-08, -0.47827765345573425, 0.8782089352607727),
            ["LeftUpperLeg"] = CFrame.new(-1.1920928955078125e-07, 1.5366822481155396e-07, 1.1175870895385742e-08, 0.9670709371566772, 0.2545073926448822, -0.0001662243012106046, -0.2210473120212555, 0.8396057486534119, -0.496185839176178, -0.12614336609840393, 0.47988361120224, 0.8682163953781128),
            ["LeftLowerLeg"] = CFrame.new(1.1920928955078125e-07, 0.00006079673767089844, 0.0000721365213394165, 1, 4.190951585769653e-08, 0, -5.960464477539063e-08, 0.7860047817230225, 0.618220329284668, 2.9802322387695312e-08, -0.6182203888893127, 0.7860048413276672),
        }},
        {Time = 0.033, Data = {
            ["RightFoot"] = CFrame.new(2.7567148208618164e-07, 2.384185791015625e-07, -5.75528247281909e-09, 0.9495463967323303, 0.2952064871788025, -0.10589982569217682, -0.3118145763874054, 0.8523696660995483, -0.4198063313961029, -0.03366364911198616, 0.4316468834877014, 0.9014143943786621),
            ["LeftLowerArm"] = CFrame.new(-0.000005543231964111328, 0.00030350685119628906, 0.0001399517059326172, 1, -7.442000082846789e-08, -8.550004793050903e-08, 5.200609010103108e-08, 0.8426772952079773, -0.5384189486503601, -2.971776602578302e-08, 0.5384190678596497, 0.8426773548126221),
            ["LeftFoot"] = CFrame.new(4.842877388000488e-08, 1.1920928955078125e-07, 4.842877388000488e-08, 0.9742434620857239, -0.21505416929721832, 0.06783443689346313, 0.21969221532344818, 0.973019003868103, -0.07049345225095749, -0.05084426328539848, 0.08358050137758255, 0.9952031373977661),
            ["Head"] = CFrame.new(1.1175870895385742e-08, -2.384185791015625e-07, -5.587935447692871e-09, 0.9367451071739197, -0.026475373655557632, 0.3490217924118042, 0.03389488905668259, 0.9992886185646057, -0.015133683569729328, -0.3483675420284271, 0.026859942823648453, 0.9369924664497375),
            ["LowerTorso"] = CFrame.new(-0.041922301054000854, -0.15675175189971924, 0.02560584247112274, 0.9626717567443848, -0.01218094676733017, -0.2703973650932312, -0.0009198362240567803, 0.9988338947296143, -0.04827059805393219, 0.2706700563430786, 0.046717461198568344, 0.9615379571914673),
            ["UpperTorso"] = CFrame.new(-3.026798367500305e-09, -2.9802322387695312e-08, 9.313225746154785e-09, 0.9968338012695312, 0.007787054404616356, -0.07913108170032501, 0.007501012180000544, 0.9815452694892883, 0.191083163022995, 0.07915869355201721, -0.19107171893119812, 0.9783790707588196),
            ["HumanoidRootPart"] = CFrame.new(0, 0, 0, 1, 0, 0, 0, 1, 0, 0, 0, 1),
            ["RightUpperLeg"] = CFrame.new(0, 7.078051567077637e-08, 1.3205863069742918e-08, 0.8988120555877686, -0.293395072221756, -0.3256628215312958, 0.31401538848876953, 0.9493497610092163, 0.011380563490092754, 0.30582889914512634, -0.11249221116304398, 0.9454175233840942),
            ["LeftUpperArm"] = CFrame.new(-1.1920928955078125e-07, 0, 8.940696716308594e-08, 0.7872223258018494, 0.436567097902298, -0.4356716573238373, -0.33339324593544006, 0.8955469727516174, 0.29476162791252136, 0.5187773108482361, -0.08605124801397324, 0.850473940372467),
            ["RightLowerArm"] = CFrame.new(-0.000050187110900878906, 0.0002682209014892578, 0.0001519918441772461, 1, -2.604980409159907e-08, 7.434282522922331e-09, 4.4574857582801997e-08, 0.8614268898963928, -0.5078817009925842, 7.429143078496736e-09, 0.5078817009925842, 0.8614267706871033),
            ["LeftHand"] = CFrame.new(1.7881393432617188e-07, 5.364418029785156e-07, -1.4901161193847656e-07, 0.9985573291778564, 0.019733022898435593, 0.04896823689341545, -0.016685429960489273, 0.9984878301620483, -0.05148348584771156, -0.0510367788374424, 0.05130887031555176, 0.9974726438522339),
            ["RightHand"] = CFrame.new(1.4901161193847656e-07, 0, -8.335337042808533e-08, 0.9982346296310425, -0.06031344458460808, 0.0011976888636127114, 0.05873170495033264, 0.9833003282546997, -0.17118991911411285, 0.008842561393976212, 0.1717052161693573, 0.9852373600006104),
            ["RightUpperArm"] = CFrame.new(1.1920928955078125e-07, -2.384185791015625e-07, 0, 0.9701266288757324, -0.24252824485301971, 0.009815297089517117, 0.23071664571762085, 0.9343089461326599, 0.27226167917251587, -0.07499407976865768, -0.2612414062023163, 0.9621731638908386),
            ["RightLowerLeg"] = CFrame.new(4.470348358154297e-08, -0.0000603795051574707, -0.00007209757313830778, 1, -8.568168397005138e-08, -6.705523247774181e-08, 7.450579886381092e-08, 0.8831339478492737, 0.4691208004951477, -1.8626449271863521e-09, -0.46912097930908203, 0.8831340074539185),
            ["LeftUpperLeg"] = CFrame.new(0, 1.0617077350616455e-07, 2.9802322387695312e-08, 0.9671093225479126, 0.2543575167655945, 0.0013649750035256147, -0.2211008071899414, 0.8432906866073608, -0.4898728132247925, -0.12575392425060272, 0.47345876693725586, 0.8717929124832153),
            ["LeftLowerLeg"] = CFrame.new(-1.1175870895385742e-07, 0.000060617923736572266, 0.00007206201553344727, 1, 2.9802322387695312e-08, -2.60770320892334e-08, -4.470347647611561e-08, 0.7845731377601624, 0.6200363636016846, 1.4901159417490817e-08, -0.6200363636016846, 0.7845731377601624),
        }},
        {Time = 0.067, Data = {
            ["RightFoot"] = CFrame.new(9.685754776000977e-08, 3.5762786865234375e-07, -3.55576048605144e-08, 0.9483030438423157, 0.2981167137622833, -0.10884789377450943, -0.31582963466644287, 0.8527624011039734, -0.41599008440971375, -0.031192434951663017, 0.4288622736930847, 0.9028313159942627),
            ["LeftLowerArm"] = CFrame.new(0.00009465217590332031, 0.00030362606048583984, 0.00013971328735351562, 1, -8.931337447393162e-08, 2.7883913844561903e-08, 2.600827997412125e-08, 0.8485898971557617, -0.5290511846542358, 5.944749759123624e-08, 0.5290513038635254, 0.8485898971557617),
            ["LeftFoot"] = CFrame.new(1.4901161193847656e-08, 5.960464477539063e-08, 3.166496753692627e-08, 0.9727727770805359, -0.21783293783664703, 0.07913235574960709, 0.22370031476020813, 0.9717786312103271, -0.07486315071582794, -0.06059148535132408, 0.09052683413028717, 0.9940491914749146),
            ["Head"] = CFrame.new(1.862645149230957e-08, 4.76837158203125e-07, -4.377216100692749e-08, 0.933214545249939, -0.029389258474111557, 0.358126699924469, 0.03611614182591438, 0.9992551803588867, -0.012086189351975918, -0.35750019550323486, 0.02500879019498825, 0.933594822883606),
            ["LowerTorso"] = CFrame.new(-0.03884392976760864, -0.15593302249908447, 0.019089415669441223, 0.9595788717269897, -0.008436433039605618, -0.2813137471675873, -0.0038945376873016357, 0.999056875705719, -0.04324563965201378, 0.28141331672668457, 0.04259318485856056, 0.9586409330368042),
            ["UpperTorso"] = CFrame.new(1.1175870895385742e-08, -2.9802322387695312e-08, 9.313225746154785e-09, 0.9969358444213867, 0.005204861517995596, -0.07805100083351135, 0.009511496871709824, 0.9823148846626282, 0.1869952529668808, 0.07764406502246857, -0.18716466426849365, 0.9792552590370178),
            ["HumanoidRootPart"] = CFrame.new(0, 0, 0, 1, 0, 0, 0, 1, 0, 0, 0, 1),
            ["RightUpperLeg"] = CFrame.new(0, 3.3248215913772583e-07, -5.757465260103345e-08, 0.8990690112113953, -0.2983684539794922, -0.3203922510147095, 0.3178474009037018, 0.9480992555618286, 0.009000563062727451, 0.30107831954956055, -0.10992811620235443, 0.947242259979248),
            ["LeftUpperArm"] = CFrame.new(0, 0, 0, 0.7899317145347595, 0.4351855218410492, -0.432125985622406, -0.32956668734550476, 0.8955009579658508, 0.2991778254508972, 0.5171012282371521, -0.0932278111577034, 0.8507407903671265),
            ["RightLowerArm"] = CFrame.new(-0.00015395879745483398, 0.00026869773864746094, 0.00015181303024291992, 1, -5.954557025233953e-08, 4.46132837339519e-08, 5.201478003868942e-08, 0.8552058339118958, -0.5182885527610779, 1.4861365471574572e-08, 0.5182885527610779, 0.855205774307251),
            ["LeftHand"] = CFrame.new(1.7881393432617188e-07, 2.384185791015625e-07, 8.940696716308594e-08, 0.9985628724098206, 0.01965034194290638, 0.04896740987896919, -0.01608213409781456, 0.9978611469268799, -0.06255578249692917, -0.051122963428497314, 0.06234552711248398, 0.9968395233154297),
            ["RightHand"] = CFrame.new(1.4901161193847656e-08, -1.7881393432617188e-07, -7.82310962677002e-08, 0.9982275366783142, -0.06032456457614899, 0.002883422886952758, 0.059066735208034515, 0.9831677675247192, -0.17185573279857635, 0.0072791725397109985, 0.17245908081531525, 0.9851179122924805),
            ["RightUpperArm"] = CFrame.new(-5.960464477539063e-08, 4.76837158203125e-07, -1.4901161193847656e-08, 0.9672074317932129, -0.2531681954860687, 0.02194293774664402, 0.23856060206890106, 0.9346694946289062, 0.2640833556652069, -0.08716972917318344, -0.2495971918106079, 0.9642502069473267),
            ["RightLowerLeg"] = CFrame.new(1.6391277313232422e-07, -0.00006031990051269531, -0.00007210129842860624, 1, -2.980232594040899e-08, -7.450580596923828e-08, 5.960463766996327e-08, 0.886008620262146, 0.46366873383522034, 3.911554458113642e-08, -0.4636690020561218, 0.8860087394714355),
            ["LeftUpperLeg"] = CFrame.new(2.9802322387695312e-08, 1.3550743460655212e-07, 4.842877388000488e-08, 0.9667273163795471, 0.25572463870048523, 0.006579861510545015, -0.22016139328479767, 0.8448326587677002, -0.48763391375541687, -0.13025884330272675, 0.46996042132377625, 0.8730234503746033),
            ["LeftLowerLeg"] = CFrame.new(-8.195638656616211e-08, 0.00006091594696044922, 0.00007200241088867188, 1, 4.842878098543224e-08, 2.0489101970611046e-08, -5.960464477539063e-08, 0.7827422618865967, 0.622346043586731, 1.4901161193847656e-08, -0.6223461627960205, 0.7827422022819519),
        }},
        {Time = 0.100, Data = {
            ["RightFoot"] = CFrame.new(-6.705522537231445e-08, 2.980232238769531e-07, 6.875052349641919e-08, 0.9462622404098511, 0.30343008041381836, -0.11188414692878723, -0.32176509499549866, 0.8485938310623169, -0.41994696855545044, -0.032480500638484955, 0.43338048458099365, 0.9006256461143494),
            ["LeftLowerArm"] = CFrame.new(0.000265657901763916, 0.00030362606048583984, 0.0001392960548400879, 1, -7.257821721395885e-08, -1.3015482913658616e-08, 2.6017207943596077e-08, 0.8539482355117798, -0.5203577280044556, 4.4600927395777035e-08, 0.5203577280044556, 0.8539483547210693),
            ["LeftFoot"] = CFrame.new(-7.078051567077637e-08, 1.1920928955078125e-07, 4.0978193283081055e-08, 0.9689666628837585, -0.2243276685476303, 0.10383067280054092, 0.23374415934085846, 0.9681589007377625, -0.0896216556429863, -0.08041997998952866, 0.11111027747392654, 0.9905489087104797),
            ["Head"] = CFrame.new(0, 5.960464477539062e-07, 6.51925802230835e-08, 0.9268112778663635, -0.033146511763334274, 0.37407124042510986, 0.04135683923959732, 0.9990267157554626, -0.013921285979449749, -0.3732432723045349, 0.02910529635846615, 0.927295446395874),
            ["LowerTorso"] = CFrame.new(-0.036234430968761444, -0.15999698638916016, 0.011648677289485931, 0.9526367783546448, 0.0003191111027263105, -0.3041102886199951, -0.0090115275233984, 0.9995899200439453, -0.027180053293704987, 0.3039769232273102, 0.02863321639597416, 0.9522489905357361),
            ["UpperTorso"] = CFrame.new(-9.313225746154785e-10, -2.086162567138672e-07, -4.6566128730773926e-09, 0.9973943829536438, -0.00048420828534290195, -0.07214084267616272, 0.013428084552288055, 0.9837484955787659, 0.1790492832660675, 0.07088182866573334, -0.17955145239830017, 0.9811916947364807),
            ["HumanoidRootPart"] = CFrame.new(0, 0, 0, 1, 0, 0, 0, 1, 0, 0, 0, 1),
            ["RightUpperLeg"] = CFrame.new(-2.9802322387695312e-08, 2.0553125068545341e-07, -9.145878721028566e-09, 0.9014512300491333, -0.316587895154953, -0.2952248752117157, 0.3216058313846588, 0.9463061094284058, -0.03277863934636116, 0.28975045680999756, -0.06539782136678696, 0.9548653364181519),
            ["LeftUpperArm"] = CFrame.new(-1.1920928955078125e-07, -2.384185791015625e-07, 0, 0.798626720905304, 0.42623889446258545, -0.4249928593635559, -0.3254435658454895, 0.8997970819473267, 0.2906765937805176, 0.5062428712844849, -0.09319666773080826, 0.8572562336921692),
            ["RightLowerArm"] = CFrame.new(-0.0003260374069213867, 0.0002681612968444824, 0.0001518726348876953, 1, -4.931867181312555e-08, 9.296561742644371e-09, 4.459948499402344e-08, 0.8607586622238159, -0.5090132355690002, 1.486649470194834e-08, 0.5090131163597107, 0.8607587218284607),
            ["LeftHand"] = CFrame.new(-4.172325134277344e-07, -2.384185791015625e-07, -1.6391277313232422e-07, 0.9985772967338562, 0.01965411938726902, 0.04879904165863991, -0.015573459677398205, 0.9970669150352478, -0.07424511760473251, -0.05099976807832718, 0.07396873831748962, 0.9960453510284424),
            ["RightHand"] = CFrame.new(0, 0, 0, 0.9983541965484619, -0.05790729075670242, 0.0054849679581820965, 0.056986741721630096, 0.976566731929779, -0.20667505264282227, 0.006432470865547657, 0.20727798342704773, 0.9783943295478821),
            ["RightUpperArm"] = CFrame.new(0, 1.1920928955078125e-07, 8.940696716308594e-08, 0.960284948348999, -0.2753157615661621, 0.04611627757549286, 0.2568539083003998, 0.936360239982605, 0.2397197186946869, -0.10899104177951813, -0.21778593957424164, 0.9697462916374207),
            ["RightLowerLeg"] = CFrame.new(1.1920928955078125e-07, -0.000060439109802246094, -0.00007206404552562162, 1, -5.587936158235607e-08, -1.1920930376163597e-07, 9.685756197086448e-08, 0.8660311102867126, 0.49998992681503296, 1.3224781980625266e-07, -0.49999016523361206, 0.866031289100647),
            ["LeftUpperLeg"] = CFrame.new(8.940696716308594e-08, 1.6202102415263653e-07, 3.725290298461914e-09, 0.9663159847259521, 0.2572026252746582, 0.008957190439105034, -0.21904370188713074, 0.8402262926101685, -0.496023952960968, -0.13510464131832123, 0.4773538112640381, 0.8682626485824585),
            ["LeftLowerLeg"] = CFrame.new(2.2351741790771484e-08, 0.000060558319091796875, 0.00007207691669464111, 1, 7.35744833946228e-08, 1.862645149230957e-09, -4.470348358154297e-08, 0.7710935473442078, 0.6367219090461731, 3.725290298461914e-08, -0.6367219686508179, 0.771093487739563),
        }},
        {Time = 0.133, Data = {
            ["RightFoot"] = CFrame.new(-4.470348358154297e-08, 4.172325134277344e-07, 5.3849362302571535e-08, 0.9419591426849365, 0.31779560446739197, -0.10825455188751221, -0.3334917724132538, 0.8485574722290039, -0.4107713997364044, -0.03868119418621063, 0.42303207516670227, 0.9052888751029968),
            ["LeftLowerArm"] = CFrame.new(0.00045752525329589844, 0.00030350685119628906, 0.00013953447341918945, 1, -6.886450876208983e-08, -1.1531338373060862e-07, 2.602721416167242e-08, 0.8469324707984924, -0.5317007303237915, 1.0410885664668967e-07, 0.5317006707191467, 0.8469322919845581),
            ["LeftFoot"] = CFrame.new(-8.568167686462402e-08, -1.1920928955078125e-07, 4.0978193283081055e-08, 0.96665358543396, -0.22630581259727478, 0.11985994875431061, 0.2392246127128601, 0.965020477771759, -0.10727152973413467, -0.09139120578765869, 0.13236786425113678, 0.9869784116744995),
            ["Head"] = CFrame.new(-9.313225746154785e-10, 1.1920928955078125e-07, -7.450580596923828e-09, 0.9221701622009277, -0.031144559383392334, 0.38553357124328613, 0.039308011531829834, 0.9991222620010376, -0.013255340047180653, -0.3847820460796356, 0.02801460586488247, 0.922598659992218),
            ["LowerTorso"] = CFrame.new(-0.03730994835495949, -0.1668943166732788, 0.0005370954750105739, 0.9487764835357666, 0.009563199244439602, -0.3158034682273865, -0.013568809255957603, 0.9998529553413391, -0.010487450286746025, 0.31565672159194946, 0.014235320501029491, 0.9487667679786682),
            ["UpperTorso"] = CFrame.new(3.725290298461914e-09, 1.1920928955078125e-07, 2.7939677238464355e-09, 0.9968074560165405, -0.007146471180021763, -0.07952216267585754, 0.020431220531463623, 0.9856559038162231, 0.1675259917974472, 0.07718434184789658, -0.1686158925294876, 0.9826551675796509),
            ["HumanoidRootPart"] = CFrame.new(0, 0, 0, 1, 0, 0, 0, 1, 0, 0, 0, 1),
            ["RightUpperLeg"] = CFrame.new(1.7881393432617188e-07, 1.9138678908348083e-07, -2.9634975362569094e-08, 0.8980926871299744, -0.3426487147808075, -0.2757198214530945, 0.33106496930122375, 0.9393957257270813, -0.08906044065952301, 0.28952649235725403, -0.011296739801764488, 0.9571033120155334),
            ["LeftUpperArm"] = CFrame.new(-2.384185791015625e-07, 3.5762786865234375e-07, 2.9802322387695312e-08, 0.8256828188896179, 0.3983560800552368, -0.3995654582977295, -0.3075489103794098, 0.9115420579910278, 0.27303290367126465, 0.4729287028312683, -0.10199757665395737, 0.8751002550125122),
            ["RightLowerArm"] = CFrame.new(-0.0005066394805908203, 0.00026857852935791016, 0.00015175342559814453, 1, -4.002129116997821e-08, -7.438979654494915e-09, 5.205151509812822e-08, 0.8763917088508606, -0.48159900307655334, 1.4871861075960169e-08, 0.48159903287887573, 0.8763916492462158),
            ["LeftHand"] = CFrame.new(-1.7881393432617188e-07, 0, -1.4901161193847656e-07, 0.9986060261726379, 0.019590705633163452, 0.04833875596523285, -0.01616991125047207, 0.997787356376648, -0.06387996673583984, -0.050243768841028214, 0.06353393197059631, 0.9967861771583557),
            ["RightHand"] = CFrame.new(-6.705522537231445e-08, -1.7881393432617188e-07, -3.119930624961853e-08, 0.998413622379303, -0.05646353214979172, 0.008121555671095848, 0.055899478495121, 0.9639822840690613, -0.2593885362148285, 0.0067443144507706165, 0.25990378856658936, 0.9657388925552368),
            ["RightUpperArm"] = CFrame.new(0, 3.5762786865234375e-07, 5.960464477539063e-08, 0.9442415237426758, -0.3088725805282593, 0.11438745260238647, 0.2804678678512573, 0.9361864924430847, 0.21222414076328278, -0.1724698394536972, -0.16778776049613953, 0.9705032110214233),
            ["RightLowerLeg"] = CFrame.new(4.470348358154297e-08, -0.000060439109802246094, -0.00007209012255771086, 1, 2.2351741790771484e-08, -2.980232594040899e-08, 7.450581307466564e-08, 0.8297701478004456, 0.5581050515174866, 2.980232594040899e-08, -0.5581052303314209, 0.8297703266143799),
            ["LeftUpperLeg"] = CFrame.new(-5.960464477539063e-08, 2.0652078092098236e-07, 1.6763806343078613e-08, 0.9670946002006531, 0.2542593479156494, 0.008963894098997116, -0.213743194937706, 0.8310890197753906, -0.5134248733520508, -0.13799282908439636, 0.49461430311203003, 0.8580877780914307),
            ["LeftLowerLeg"] = CFrame.new(6.705522537231445e-08, 0.00006085634231567383, 0.00007197260856628418, 1, 3.911554458113642e-08, 1.1175870895385742e-08, -5.960464477539063e-08, 0.7524753212928772, 0.6586204767227173, 4.470348358154297e-08, -0.6586205363273621, 0.752475380897522),
        }},
        {Time = 0.167, Data = {
            ["RightFoot"] = CFrame.new(-7.450580596923828e-08, 1.1920928955078125e-07, -5.790934665128589e-08, 0.9354088306427002, 0.3397904336452484, -0.09773986041545868, -0.35091957449913025, 0.8584504723548889, -0.37405604124069214, -0.04319591075181961, 0.3841944932937622, 0.9222413897514343),
            ["LeftLowerArm"] = CFrame.new(0.000608980655670166, 0.000303804874420166, 0.00013947486877441406, 1, -7.538655921734971e-08, 2.418296318751345e-08, 5.2070191713937675e-08, 0.8529894351959229, -0.5219281911849976, -2.231579543376938e-08, 0.5219281911849976, 0.8529894948005676),
            ["LeftFoot"] = CFrame.new(-2.9802322387695312e-08, 5.960464477539063e-08, 1.4901161193847656e-08, 0.964931070804596, -0.22345297038555145, 0.13775700330734253, 0.24024249613285065, 0.9632198810577393, -0.120379239320755, -0.10579118877649307, 0.14925263822078705, 0.9831235408782959),
            ["Head"] = CFrame.new(5.587935447692871e-09, 3.5762786865234375e-07, -9.313225746154785e-10, 0.9216402769088745, -0.01520282868295908, 0.38774651288986206, 0.020387141034007072, 0.9997429847717285, -0.009084529243409634, -0.38750970363616943, 0.016818184405565262, 0.921721339225769),
            ["LowerTorso"] = CFrame.new(-0.04493797570466995, -0.17090845108032227, -0.014009089209139347, 0.9527089595794678, 0.009454715065658092, -0.30373719334602356, -0.009172770194709301, 0.9999551773071289, 0.0023550321348011494, 0.303745836019516, 0.0005424505798146129, 0.952752947807312),
            ["UpperTorso"] = CFrame.new(-5.587935447692871e-09, 1.1920928955078125e-07, 9.313225746154785e-10, 0.9942479729652405, -0.012992141768336296, -0.10631107538938522, 0.02930305153131485, 0.987739086151123, 0.15333934128284454, 0.10301540046930313, -0.15557262301445007, 0.9824382662773132),
            ["HumanoidRootPart"] = CFrame.new(0, 0, 0, 1, 0, 0, 0, 1, 0, 0, 0, 1),
            ["RightUpperLeg"] = CFrame.new(0, 9.187351679429412e-08, -2.6841007638722658e-08, 0.886559009552002, -0.3591674566268921, -0.29156818985939026, 0.34000563621520996, 0.9332665205001831, -0.11580100655555725, 0.3137027323246002, 0.0035294690169394016, 0.9495146870613098),
            ["LeftUpperArm"] = CFrame.new(1.1920928955078125e-07, 0, -1.1920928955078125e-07, 0.855972945690155, 0.3692484200000763, -0.3620181977748871, -0.29115551710128784, 0.9227696657180786, 0.25248467922210693, 0.42724549770355225, -0.11023539304733276, 0.8973262906074524),
            ["RightLowerArm"] = CFrame.new(-0.0006331205368041992, 0.00026744604110717773, 0.00015157461166381836, 1, -4.9337423035922257e-08, -5.58009061180087e-09, 1.8594535688976066e-08, 0.8994653224945068, -0.43699222803115845, 7.437814364408268e-09, 0.4369922876358032, 0.8994652032852173),
            ["LeftHand"] = CFrame.new(2.9802322387695312e-08, -5.960464477539063e-08, 2.980232238769531e-07, 0.9987062215805054, -0.006030451972037554, 0.049823325127363205, 0.008785123005509377, 0.9987021088600159, -0.04978543147444725, -0.05008759722113609, 0.05057521164417267, 0.9975164532661438),
            ["RightHand"] = CFrame.new(1.6763806343078613e-08, 0, 2.2351741790771484e-08, 0.9984943866729736, -0.054582156240940094, 0.010250040329992771, 0.05424387753009796, 0.943586528301239, -0.326220840215683, 0.008164103142917156, 0.3265964388847351, 0.9452379941940308),
            ["RightUpperArm"] = CFrame.new(1.1920928955078125e-07, -4.76837158203125e-07, -2.9802322387695312e-08, 0.9134496450424194, -0.3361051380634308, 0.22958408296108246, 0.29844793677330017, 0.9366195797920227, 0.18377019464969635, -0.2766561508178711, -0.09887883812189102, 0.9557822942733765),
            ["RightLowerLeg"] = CFrame.new(-5.960464477539063e-08, -0.0000603795051574707, -0.00007204541907412931, 1, -4.0978189730367376e-08, -5.960465188081798e-08, 1.2665987014770508e-07, 0.815866231918335, 0.5782404541969299, 3.3527612686157227e-08, -0.578240692615509, 0.8158664703369141),
            ["LeftUpperLeg"] = CFrame.new(0, 1.7610000213608146e-07, 1.5832483768463135e-08, 0.9703704118728638, 0.24099776148796082, -0.017363829538226128, -0.21262744069099426, 0.8175831437110901, -0.5351144671440125, -0.11476502567529678, 0.5229512453079224, 0.8446011543273926),
            ["LeftLowerLeg"] = CFrame.new(1.7136335372924805e-07, 0.0000603795051574707, 0.00007201731204986572, 1, 6.146728992462158e-08, 7.450580596923828e-09, -2.2351741790771484e-08, 0.7304836511611938, 0.6829302310943604, 0, -0.6829302310943604, 0.7304836511611938),
        }},
        {Time = 0.200, Data = {
            ["RightFoot"] = CFrame.new(-8.195638656616211e-08, 4.172325134277344e-07, 1.6596459317952394e-08, 0.9268738627433777, 0.36567801237106323, -0.08476317673921585, -0.37312597036361694, 0.8728571534156799, -0.3144790530204773, -0.04101227596402168, 0.3231099247932434, 0.9454725384712219),
            ["LeftLowerArm"] = CFrame.new(0.0005854368209838867, 0.00030344724655151367, 0.0001392960548400879, 1, 2.2800165311309684e-08, -3.7200617697408234e-08, 2.2314750935947814e-08, 0.8523388504981995, -0.5229899287223816, -1.4876500031846263e-08, 0.5229899883270264, 0.8523388504981995),
            ["LeftFoot"] = CFrame.new(-2.2351741790771484e-08, 0, 1.4901161193847656e-08, 0.9641170501708984, -0.21347065269947052, 0.15782490372657776, 0.23393172025680542, 0.9641997814178467, -0.12487980723381042, -0.1255166381597519, 0.15731890499591827, 0.9795389175415039),
            ["Head"] = CFrame.new(-4.190951585769653e-09, 1.1920928955078125e-07, 1.3504177331924438e-08, 0.9221348166465759, 0.0006829213816672564, 0.3868643343448639, -0.0013760835863649845, 0.9999984502792358, 0.0018384415889158845, -0.3868664503097534, -0.0016719865379855037, 0.9221348762512207),
            ["LowerTorso"] = CFrame.new(-0.06214864179491997, -0.16669797897338867, -0.032291971147060394, 0.95829838514328, 0.007485012989491224, -0.285671591758728, -0.004513667896389961, 0.9999287724494934, 0.011058286763727665, 0.28573399782180786, -0.009307712316513062, 0.9582637548446655),
            ["UpperTorso"] = CFrame.new(-1.210719347000122e-08, -3.8743019104003906e-07, 0, 0.9908061623573303, -0.01830136962234974, -0.13404534757137299, 0.036980804055929184, 0.9897108674049377, 0.13821999728679657, 0.130136638879776, -0.14190636575222015, 0.981288492679596),
            ["HumanoidRootPart"] = CFrame.new(0, 0, 0, 1, 0, 0, 0, 1, 0, 0, 0, 1),
            ["RightUpperLeg"] = CFrame.new(1.1920928955078125e-07, -2.7439091354608536e-07, -1.1008523870259523e-08, 0.8698524832725525, -0.3734988272190094, -0.32226595282554626, 0.3548066020011902, 0.9275492429733276, -0.11732281744480133, 0.3427375853061676, -0.012288684956729412, 0.9393507838249207),
            ["LeftUpperArm"] = CFrame.new(0, 4.76837158203125e-07, -5.960464477539063e-08, 0.87204509973526, 0.36609771847724915, -0.3250041902065277, -0.29567572474479675, 0.9230746626853943, 0.24599561095237732, 0.3900170922279358, -0.11792197078466415, 0.9131585955619812),
            ["RightLowerArm"] = CFrame.new(-0.0005506277084350586, 0.00026810169219970703, 0.00015157461166381836, 1, -2.7927675727568158e-09, 3.7196765667601994e-09, 3.9971670418026406e-08, 0.9017789363861084, -0.4321975111961365, 3.718294783183751e-09, 0.4321974813938141, 0.901779055595398),
            ["LeftHand"] = CFrame.new(0, -5.960464477539063e-08, 1.043081283569336e-07, 0.99501633644104, -0.06180228665471077, 0.07733302563428879, 0.06680034101009369, 0.9959901571273804, -0.05936865508556366, -0.07402943819761276, 0.06468484550714493, 0.9952360987663269),
            ["RightHand"] = CFrame.new(-1.5739351511001587e-07, -3.5762786865234375e-07, 4.470348358154297e-08, 0.9983795285224915, -0.055976565927267075, -0.012963837012648582, 0.04644804447889328, 0.9278408288955688, -0.3696216940879822, 0.03287552297115326, 0.36875206232070923, 0.9290918111801147),
            ["RightUpperArm"] = CFrame.new(0, 0, 1.6391277313232422e-07, 0.8667253851890564, -0.3509907126426697, 0.35447144508361816, 0.31414294242858887, 0.9360213279724121, 0.1589120775461197, -0.38742926716804504, -0.02587575651705265, 0.9214646220207214),
            ["RightLowerLeg"] = CFrame.new(1.341104507446289e-07, -0.00006020069122314453, -0.00007214227662188932, 1, -5.4016709327697754e-08, -1.1920928955078125e-07, 1.7136335372924805e-07, 0.8281289339065552, 0.5605375170707703, 8.940696716308594e-08, -0.5605378150939941, 0.8281291127204895),
            ["LeftUpperLeg"] = CFrame.new(-5.960464477539063e-08, 8.69622454047203e-08, 1.862645149230957e-09, 0.9750928282737732, 0.21752071380615234, -0.04334491118788719, -0.20546503365039825, 0.8122705221176147, -0.5458942651748657, -0.08353540301322937, 0.5412036180496216, 0.8367321491241455),
            ["LeftLowerLeg"] = CFrame.new(0, 0.00006079673767089844, 0.00007203221321105957, 1, 6.33299421792799e-08, 2.980232594040899e-08, -4.0978189730367376e-08, 0.7206273078918457, 0.6933227777481079, 7.4505797087454084e-09, -0.6933227181434631, 0.7206272482872009),
        }},
        {Time = 0.233, Data = {
            ["RightFoot"] = CFrame.new(-2.384185791015625e-07, 3.5762786865234375e-07, -9.516224963590503e-08, 0.9399372339248657, 0.3291734457015991, -0.09035045653581619, -0.34134528040885925, 0.9073963761329651, -0.24518358707427979, 0.0012755062198266387, 0.2612980008125305, 0.965257465839386),
            ["LeftLowerArm"] = CFrame.new(0.000539243221282959, 0.00030362606048583984, 0.00014001131057739258, 1, -3.7216608461676515e-08, 6.323865164858944e-08, 4.090658123345747e-08, 0.8084604144096375, -0.5885505080223083, -7.437560345380234e-09, 0.5885504484176636, 0.808460533618927),
            ["LeftFoot"] = CFrame.new(-6.332993507385254e-08, 5.960464477539063e-08, 1.0058283805847168e-07, 0.9625595211982727, -0.2019016146659851, 0.18087247014045715, 0.2271297574043274, 0.9649304151535034, -0.13161136209964752, -0.14795684814453125, 0.167765274643898, 0.9746607542037964),
            ["Head"] = CFrame.new(8.381903171539307e-09, 2.384185791015625e-07, -4.0978193283081055e-08, 0.920404314994812, 0.014214858412742615, 0.39070603251457214, -0.023021860048174858, 0.9995785355567932, 0.01833229698240757, -0.3902896046638489, -0.025312015786767006, 0.9203330278396606),
            ["LowerTorso"] = CFrame.new(-0.0817461833357811, -0.1547555923461914, -0.0533171221613884, 0.959038257598877, -0.0010520535288378596, -0.28327471017837524, 0.005482438486069441, 0.9998747110366821, 0.014847592450678349, 0.28322359919548035, -0.015792446210980415, 0.958923876285553),
            ["UpperTorso"] = CFrame.new(-1.862645149230957e-09, -2.086162567138672e-07, 3.4924596548080444e-09, 0.99003666639328, -0.020012691617012024, -0.1393800675868988, 0.03768572956323624, 0.99139803647995, 0.12533874809741974, 0.13567283749580383, -0.12934261560440063, 0.9822746515274048),
            ["HumanoidRootPart"] = CFrame.new(0, 0, 0, 1, 0, 0, 0, 1, 0, 0, 0, 1),
            ["RightUpperLeg"] = CFrame.new(5.960464477539063e-08, -2.3550819605588913e-07, -1.6829289961606264e-08, 0.8667288422584534, -0.3994383215904236, -0.29871419072151184, 0.36406922340393066, 0.9160009622573853, -0.1685107797384262, 0.340932160615921, 0.037300415337085724, 0.9393476843833923),
            ["LeftUpperArm"] = CFrame.new(-1.1920928955078125e-07, 2.384185791015625e-07, -2.9802322387695312e-08, 0.868649959564209, 0.39779943227767944, -0.29556596279144287, -0.333063542842865, 0.9102960824966431, 0.24575988948345184, 0.3667641878128052, -0.11452792584896088, 0.9231700301170349),
            ["RightLowerArm"] = CFrame.new(-0.00045627355575561523, 0.00026804208755493164, 0.00015148241072893143, 1, -6.142562369859661e-08, 1.4880022547458793e-08, 8.922219763007888e-08, 0.8331539034843445, -0.5530412197113037, 1.7193860557540575e-08, 0.5530412197113037, 0.8331538438796997),
            ["LeftHand"] = CFrame.new(5.960464477539063e-08, -5.960464477539063e-08, 7.450580596923828e-08, 0.9865739941596985, -0.0654779002070427, 0.1486307829618454, 0.07873116433620453, 0.9934219717979431, -0.08269744366407394, -0.1430843025445938, 0.09394362568855286, 0.9854288101196289),
            ["RightHand"] = CFrame.new(-4.98257577419281e-08, 2.384185791015625e-07, -1.4156103134155273e-07, 0.9954339861869812, -0.0637228786945343, -0.07104376703500748, 0.03476287052035332, 0.9382224678993225, -0.34348633885383606, 0.08889762312173843, 0.34011465311050415, 0.9364667534828186),
            ["RightUpperArm"] = CFrame.new(-5.960464477539063e-08, -1.1920928955078125e-07, -2.9802322387695312e-08, 0.8461133241653442, -0.35161370038986206, 0.4006286859512329, 0.31890520453453064, 0.9361412525177002, 0.14839425683021545, -0.42707324028015137, 0.0027164488565176725, 0.904143750667572),
            ["RightLowerLeg"] = CFrame.new(1.4156103134155273e-07, -0.00006020069122314453, -0.00007209012255771086, 1, -7.823108916227284e-08, -7.450580596923828e-08, 1.4901161193847656e-07, 0.7720010876655579, 0.6356208920478821, -9.313225746154785e-08, -0.6356211304664612, 0.772001326084137),
            ["LeftUpperLeg"] = CFrame.new(-5.960464477539063e-08, -1.385924406349659e-07, -1.1408701539039612e-08, 0.9771924018859863, 0.20457564294338226, -0.05695541948080063, -0.20230497419834137, 0.8152937889099121, -0.5425575375556946, -0.06455856561660767, 0.5417054891586304, 0.8380855917930603),
            ["LeftLowerLeg"] = CFrame.new(-4.470348358154297e-08, 0.00006091594696044922, 0.00007206201553344727, 1, 5.587936158235607e-08, 1.4901162970204496e-08, -4.0978196835794733e-08, 0.7170209288597107, 0.6970517039299011, 2.980232594040899e-08, -0.6970517039299011, 0.7170208692550659),
        }},
        {Time = 0.267, Data = {
            ["RightFoot"] = CFrame.new(0, 2.980232238769531e-07, 9.110226528719068e-08, 0.9528471231460571, 0.26634666323661804, -0.14540189504623413, -0.28736549615859985, 0.9459405541419983, -0.1503918319940567, 0.09748530387878418, 0.18508411943912506, 0.9778755903244019),
            ["LeftLowerArm"] = CFrame.new(0.0005966424942016602, 0.00030362606048583984, 0.00013947486877441406, 1, -1.1163093205368568e-07, 2.976631385820383e-08, 4.5095404743733525e-08, 0.7230176329612732, -0.6908296346664429, 6.694575915844325e-08, 0.6908295154571533, 0.7230176329612732),
            ["LeftFoot"] = CFrame.new(3.725290298461914e-09, 5.960464477539063e-08, -3.3527612686157227e-08, 0.961162269115448, -0.18872669339179993, 0.2013687789440155, 0.21938365697860718, 0.9651641845703125, -0.14257915318012238, -0.16744542121887207, 0.18121878802776337, 0.9690830707550049),
            ["Head"] = CFrame.new(1.862645149230957e-09, -1.1920928955078125e-07, 5.21540641784668e-08, 0.9194993376731873, 0.016256360337138176, 0.3927540183067322, -0.03434241935610771, 0.998647928237915, 0.03954816982150078, -0.39158856868743896, -0.04937567189335823, 0.9187929034233093),
            ["LowerTorso"] = CFrame.new(-0.10192598402500153, -0.13812506198883057, -0.0760873407125473, 0.9538399577140808, -0.0136488676071167, -0.30000507831573486, 0.018918192014098167, 0.9997134804725647, 0.014666322618722916, 0.2997189462184906, -0.019664878025650978, 0.9538248777389526),
            ["UpperTorso"] = CFrame.new(7.450580596923828e-09, 2.384185791015625e-07, -1.862645149230957e-09, 0.9931393265724182, -0.015832791104912758, -0.11585987359285355, 0.029253821820020676, 0.9929262399673462, 0.11507291346788406, 0.11321836709976196, -0.11767279356718063, 0.9865772724151611),
            ["HumanoidRootPart"] = CFrame.new(0, 0, 0, 1, 0, 0, 0, 1, 0, 0, 0, 1),
            ["RightUpperLeg"] = CFrame.new(0, -1.83936208486557e-08, -2.032174961641431e-08, 0.8870335817337036, -0.41537103056907654, -0.20159006118774414, 0.3539738953113556, 0.8921424150466919, -0.2806858718395233, 0.29643574357032776, 0.17762011289596558, 0.9383906722068787),
            ["LeftUpperArm"] = CFrame.new(0, -4.76837158203125e-07, 0, 0.8341342806816101, 0.4602319598197937, -0.304244726896286, -0.39966291189193726, 0.8842412829399109, 0.24149134755134583, 0.3801177740097046, -0.07939783483743668, 0.9214754700660706),
            ["RightLowerArm"] = CFrame.new(-0.000502169132232666, 0.0002682209014892578, 0.00015170127153396606, 1, -4.838473444124247e-08, 1.4884763643863153e-08, 1.858966314216559e-08, 0.7432287335395813, -0.669037401676178, 3.532036174647146e-08, 0.6690374612808228, 0.7432286739349365),
            ["LeftHand"] = CFrame.new(1.7881393432617188e-07, 1.1920928955078125e-07, 1.7881393432617188e-07, 0.9688500165939331, -0.04392870143055916, 0.24274727702140808, 0.07419406622648239, 0.9904190897941589, -0.11557959020137787, -0.2362726479768753, 0.13092097640037537, 0.9631796479225159),
            ["RightHand"] = CFrame.new(-3.6973506212234497e-07, -3.5762786865234375e-07, -1.341104507446289e-07, 0.9863791465759277, -0.07338341325521469, -0.1468290239572525, 0.013643699698150158, 0.9292924404144287, -0.3681286871433258, 0.1639208346605301, 0.3619813024997711, 0.9181081056594849),
            ["RightUpperArm"] = CFrame.new(-5.960464477539063e-08, -3.5762786865234375e-07, 7.450580596923828e-09, 0.8495407700538635, -0.35573312640190125, 0.38957157731056213, 0.32477033138275146, 0.9345815181732178, 0.14549852907657623, -0.4156979024410248, 0.0033562544267624617, 0.909430742263794),
