return {
    ["Boots 'N' Cats"] = {
        {Time = 0.000, Data = {
            ["RightFoot"] = CFrame.new(-6.891787052154541e-08, 4.172325134277344e-07, 3.149762051180005e-08, 0.9969100952148438, -0.07854236662387848, -0.001256513991393149, 0.06497829407453537, 0.8335253000259399, -0.5486466884613037, 0.044139109551906586, 0.5468699336051941, 0.8360533118247986),
            ["LeftLowerArm"] = CFrame.new(8.940696716308594e-08, 2.980232238769531e-07, -2.980232238769531e-07, 1, -8.940698137394065e-08, 1.266598843585598e-07, 2.980233304583635e-08, -0.2142254263162613, -0.9767842292785645, 1.4901166878189542e-07, 0.9767842888832092, -0.2142254114151001),
            ["RightUpperArm"] = CFrame.new(1.1920928955078125e-07, -2.384185791015625e-07, -3.725290298461914e-08, 0.9775131344795227, 0.16297151148319244, 0.1338222622871399, -0.1527610719203949, 0.984739363193512, -0.08338238298892975, -0.14536897838115692, 0.061064526438713074, 0.987491250038147),
            ["Head"] = CFrame.new(1.30385160446167e-07, -2.384185791015625e-07, -4.470348358154297e-08, 0.8472580909729004, 0.2121584266424179, 0.4869728684425354, -0.20000633597373962, 0.9767211675643921, -0.07754577696323395, -0.49208864569664, -0.03169635683298111, 0.8699678778648376),
            ["RightHand"] = CFrame.new(-1.9837170839309692e-07, 0, 2.0116567611694336e-07, 0.1412872076034546, -0.7500495910644531, 0.6461142897605896, 0.9705562591552734, 0.23356232047080994, 0.058899976313114166, -0.19508591294288635, 0.6187684535980225, 0.760964572429657),
            ["UpperTorso"] = CFrame.new(-1.1175870895385742e-08, 2.9802322387695312e-08, 7.450580596923828e-09, 0.9924864768981934, 0.03235116973519325, 0.11800083518028259, -0.036041077226400375, 0.9989215731620789, 0.029270917177200317, -0.1169266551733017, -0.033303871750831604, 0.9925820827484131),
            ["HumanoidRootPart"] = CFrame.new(0, 0, 0, 1, 0, 0, 0, 1, 0, 0, 0, 1),
            ["RightUpperLeg"] = CFrame.new(-1.1920928955078125e-07, -2.2724270820617676e-07, -4.639878170564771e-08, 0.928101658821106, -0.19750070571899414, -0.31562772393226624, 0.09805908054113388, 0.9474471211433411, -0.3045133948326111, 0.359182208776474, 0.251669317483902, 0.898693859577179),
            ["LeftUpperArm"] = CFrame.new(1.1920928955078125e-07, 0, 4.470348358154297e-08, 0.8671046495437622, 0.2475014328956604, -0.43228790163993835, -0.4222349226474762, 0.8256308436393738, -0.37423452734947205, 0.2642865478992462, 0.5070274472236633, 0.8204119205474854),
            ["RightLowerArm"] = CFrame.new(-1.4901161193847656e-07, -2.384185791015625e-07, -8.195638656616211e-08, 1, -8.940698137394065e-08, 5.820766091346741e-08, 9.126959810146218e-08, 0.31780412793159485, -0.948156476020813, 6.146728281919422e-08, 0.948156476020813, 0.31780412793159485),
            ["LeftHand"] = CFrame.new(-3.8743019104003906e-07, -3.5762786865234375e-07, -5.960464477539063e-08, 0.9536699056625366, 0.21461638808250427, -0.21084018051624298, -0.1721542477607727, 0.9640122652053833, 0.20259173214435577, 0.24673201143741608, -0.1569085419178009, 0.9562965631484985),
            ["LeftFoot"] = CFrame.new(1.4435499906539917e-08, 5.960464477539063e-08, 1.862645149230957e-09, 0.9999977350234985, 0.00160465226508677, 0.0014124667504802346, -0.0015659278724342585, 0.9996357560157776, -0.026943866163492203, -0.0014552389038726687, 0.026941655203700066, 0.9996360540390015),
            ["LowerTorso"] = CFrame.new(0.21995656192302704, -0.1424410343170166, 0.1450817584991455, 0.9593574404716492, 0.09937579929828644, -0.26411691308021545, -0.1353403478860855, 0.9833059310913086, -0.12162401527166367, 0.24762126803398132, 0.1524265855550766, 0.9567914605140686),
            ["RightLowerLeg"] = CFrame.new(4.7497451305389404e-08, -0.00012254714965820312, -0.00007742101297480986, 1, -1.0803338312825872e-07, -6.332993507385254e-08, 1.6391273049976007e-07, 0.5847834348678589, 0.8111890554428101, 2.7939670133036998e-08, -0.8111894130706787, 0.5847840905189514),
            ["LeftUpperLeg"] = CFrame.new(-1.1920928955078125e-07, 1.7066486179828644e-07, 2.9802322387695312e-08, 0.8600319027900696, 0.11484362185001373, 0.4971481263637543, 0.03271101787686348, 0.9599266648292542, -0.278335839509964, -0.5091907382011414, 0.255639910697937, 0.8218107223510742),
            ["LeftLowerLeg"] = CFrame.new(5.774199962615967e-08, 0.00012254714965820312, 0.00007746368646621704, 1, 1.005828522693264e-07, -4.4936321330624196e-08, -1.862645326866641e-08, 0.9417291879653931, 0.3363722562789917, -1.1175872671742582e-08, -0.3363723158836365, 0.9417291879653931),
        }},
        {Time = 0.033, Data = {
            ["RightFoot"] = CFrame.new(4.470348358154297e-08, 3.5762786865234375e-07, 4.639878170564771e-08, 0.9963874220848083, -0.08491640537977219, -0.0012516333954408765, 0.06975504010915756, 0.8267194628715515, -0.5582728385925293, 0.04844115301966667, 0.5561692714691162, 0.8296565413475037),
            ["LeftLowerArm"] = CFrame.new(-3.5762786865234375e-07, 0, -1.9371509552001953e-07, 1, -4.4703490686970326e-08, 7.450579175838357e-08, 7.450581307466564e-08, -0.21512627601623535, -0.9765862226486206, 1.0430814256778831e-07, 0.9765863418579102, -0.21512633562088013),
            ["RightUpperArm"] = CFrame.new(-1.1920928955078125e-07, -1.1920928955078125e-07, 2.2351741790771484e-08, 0.9666541814804077, 0.21973885595798492, 0.13150905072689056, -0.2130250483751297, 0.9749950766563416, -0.06328628957271576, -0.1421271115541458, 0.033161282539367676, 0.9892928600311279),
            ["Head"] = CFrame.new(-1.862645149230957e-08, 0, 5.960464477539063e-08, 0.8451424241065979, 0.20492257177829742, 0.4937014579772949, -0.19542627036571503, 0.9781123995780945, -0.07144858688116074, -0.4975369870662689, -0.03609795868396759, 0.8666914701461792),
            ["RightHand"] = CFrame.new(1.993030309677124e-07, 5.960464477539063e-08, 3.725290298461914e-09, 0.11853974312543869, -0.7141165137290955, 0.6899173259735107, 0.9783706068992615, 0.20262715220451355, 0.04163340851664543, -0.1695271134376526, 0.6700595617294312, 0.7226899862289429),
            ["UpperTorso"] = CFrame.new(1.955777406692505e-08, -2.9802322387695312e-08, -1.4901161193847656e-08, 0.9925733208656311, 0.044927313923835754, 0.11304835975170135, -0.04857388883829117, 0.9983777403831482, 0.02971021644771099, -0.11153008043766022, -0.03498072922229767, 0.993145227432251),
            ["HumanoidRootPart"] = CFrame.new(0, 0, 0, 1, 0, 0, 0, 1, 0, 0, 0, 1),
            ["RightUpperLeg"] = CFrame.new(0, -2.868473529815674e-07, 4.300818545743823e-08, 0.9272167086601257, -0.1943798065185547, -0.3201338052749634, 0.08882582187652588, 0.9445167183876038, -0.3162248134613037, 0.36383941769599915, 0.26477283239364624, 0.8930376768112183),
            ["LeftUpperArm"] = CFrame.new(0, 7.152557373046875e-07, 7.450580596923828e-09, 0.876599133014679, 0.21783383190631866, -0.4290947914123535, -0.38834303617477417, 0.8468113541603088, -0.3634558618068695, 0.2841894030570984, 0.4852410554885864, 0.8269084692001343),
            ["RightLowerArm"] = CFrame.new(-5.960464477539063e-08, -0.0000011324882507324219, -2.9802322387695312e-08, 1, -8.568168397005138e-08, 1.0011719098201866e-07, 1.210719347000122e-07, 0.3221481740474701, -0.9466893076896667, 6.51925802230835e-08, 0.9466893672943115, 0.3221482038497925),
            ["LeftHand"] = CFrame.new(1.1920928955078125e-07, 0, 2.9802322387695312e-08, 0.9405403137207031, 0.25362256169319153, -0.22596390545368195, -0.2103399783372879, 0.9571921825408936, 0.19884741306304932, 0.26672300696372986, -0.13949467241764069, 0.9536247849464417),
            ["LeftFoot"] = CFrame.new(-3.4924596548080444e-08, 0, -2.7939677238464355e-08, 0.9998446702957153, 0.017569640651345253, 0.001401419285684824, -0.017407437786459923, 0.9968195557594299, -0.07776755839586258, -0.002763537922874093, 0.0777309462428093, 0.996970534324646),
            ["LowerTorso"] = CFrame.new(0.22342859208583832, -0.15729546546936035, 0.15622496604919434, 0.961107075214386, 0.09347040951251984, -0.259878009557724, -0.12992186844348907, 0.9833835363388062, -0.12679630517959595, 0.2437080293893814, 0.15562865138053894, 0.9572805762290955),
            ["RightLowerLeg"] = CFrame.new(1.2759119272232056e-07, -0.00012248754501342773, -0.00007758120045764372, 1, -2.2351734685344127e-08, -1.0058287358560847e-07, 2.011657045386528e-07, 0.5604358315467834, 0.8281977772712708, -3.539026138810186e-08, -0.8281978964805603, 0.5604360103607178),
            ["LeftUpperLeg"] = CFrame.new(5.960464477539063e-08, -1.885928213596344e-07, -6.332993507385254e-08, 0.8401963710784912, 0.15378327667713165, 0.5200201272964478, 0.03243096545338631, 0.9429812431335449, -0.3312622606754303, -0.5413116216659546, 0.2951902151107788, 0.7873019576072693),
            ["LeftLowerLeg"] = CFrame.new(3.818422555923462e-08, 0.00012296438217163086, 0.00007748603820800781, 1, 4.3772146796072775e-08, 4.773029527171957e-09, -5.029141192380848e-08, 0.9058350324630737, 0.42363113164901733, 1.4901159772762185e-07, -0.42363083362579346, 0.9058347940444946),
        }},
        {Time = 0.067, Data = {
            ["RightFoot"] = CFrame.new(2.60770320892334e-08, 4.76837158203125e-07, 3.149762051180005e-08, 0.995910108089447, -0.09034094214439392, -0.00124727888032794, 0.07376405596733093, 0.8209856152534485, -0.5661635398864746, 0.05217170715332031, 0.5637564659118652, 0.8242920637130737),
            ["LeftLowerArm"] = CFrame.new(1.4901161193847656e-07, 1.7881393432617188e-07, -8.940696716308594e-08, 1, -1.0430811414607888e-07, 1.1920927533992653e-07, 4.470348358154297e-08, -0.21527086198329926, -0.9765544533729553, 1.1920928955078125e-07, 0.9765544533729553, -0.21527084708213806),
            ["RightUpperArm"] = CFrame.new(2.384185791015625e-07, -1.1920928955078125e-07, 1.4901161193847656e-08, 0.9600721001625061, 0.24407927691936493, 0.13670039176940918, -0.24265243113040924, 0.9697301387786865, -0.027265744283795357, -0.13921748101711273, -0.006993548013269901, 0.9902371764183044),
            ["Head"] = CFrame.new(5.960464477539063e-08, -3.5762786865234375e-07, 7.450580596923828e-08, 0.844761073589325, 0.20067735016345978, 0.49609220027923584, -0.1905267834663391, 0.9790664911270142, -0.07161340117454529, -0.5000783801078796, -0.03402259945869446, 0.8653116226196289),
            ["RightHand"] = CFrame.new(-9.12696123123169e-08, -1.7881393432617188e-07, 1.1548399925231934e-07, 0.10725957155227661, -0.6735270023345947, 0.7313390970230103, 0.9841838479042053, 0.17623712122440338, 0.017963385209441185, -0.14098800718784332, 0.7178453803062439, 0.6817774176597595),
            ["UpperTorso"] = CFrame.new(-2.2351741790771484e-08, -2.980232238769531e-07, -2.2351741790771484e-08, 0.9928616881370544, 0.05595234036445618, 0.10533367097377777, -0.0597701370716095, 0.9976518154144287, 0.03344183787703514, -0.10321526974439621, -0.03949889913201332, 0.9938744902610779),
            ["HumanoidRootPart"] = CFrame.new(0, 0, 0, 1, 0, 0, 0, 1, 0, 0, 0, 1),
            ["RightUpperLeg"] = CFrame.new(-5.960464477539063e-08, -3.3155083656311035e-07, -3.149762051180005e-08, 0.9250259399414062, -0.19123956561088562, -0.32825955748558044, 0.08002939075231552, 0.9427621960639954, -0.3237202763557434, 0.3713788688182831, 0.27317917346954346, 0.8873843550682068),
            ["LeftUpperArm"] = CFrame.new(5.960464477539063e-08, -3.5762786865234375e-07, 8.940696716308594e-08, 0.8791799545288086, 0.20021887123584747, -0.43238309025764465, -0.36928048729896545, 0.8597679138183594, -0.35274794697761536, 0.3011223375797272, 0.46979963779449463, 0.8298275470733643),
            ["RightLowerArm"] = CFrame.new(-2.9802322387695312e-08, -5.960464477539063e-08, -5.587935447692871e-09, 1, -8.568168397005138e-08, 2.6077035641947077e-08, 1.0663642058261757e-07, 0.31566330790519714, -0.9488713145256042, 5.960463766996327e-08, 0.948871374130249, 0.31566333770751953),
            ["LeftHand"] = CFrame.new(2.9802322387695312e-08, 2.384185791015625e-07, 3.725290298461914e-08, 0.9261821508407593, 0.29506751894950867, -0.2347806990146637, -0.2528298497200012, 0.9478827714920044, 0.19389545917510986, 0.27975669503211975, -0.12022297084331512, 0.9525138139724731),
            ["LeftFoot"] = CFrame.new(3.795139491558075e-08, 0, -6.891787052154541e-08, 0.9993324279785156, 0.03651044890284538, 0.0013876103330403566, -0.036102671176195145, 0.9925857782363892, -0.11606098711490631, -0.0056152245961129665, 0.1159333884716034, 0.9932411313056946),
            ["LowerTorso"] = CFrame.new(0.22669023275375366, -0.1701488494873047, 0.16622310876846313, 0.963618278503418, 0.08746246993541718, -0.25256699323654175, -0.12377633899450302, 0.9835383892059326, -0.13165004551410675, 0.236894890666008, 0.1581221967935562, 0.9585813879966736),
            ["RightLowerLeg"] = CFrame.new(-1.210719347000122e-08, -0.00012248754501342773, -0.00007738841668469831, 1, -1.5646212148112681e-07, -6.705523958316917e-08, 1.5646217832454568e-07, 0.5414373278617859, 0.8407410383224487, -5.5879347371501353e-08, -0.8407410979270935, 0.541437566280365),
            ["LeftUpperLeg"] = CFrame.new(-1.1920928955078125e-07, -1.862645149230957e-09, -3.725290298461914e-09, 0.8178888559341431, 0.18748366832733154, 0.5439742803573608, 0.034219373017549515, 0.9278997182846069, -0.37125614285469055, -0.574357807636261, 0.32226067781448364, 0.7525031566619873),
            ["LeftLowerLeg"] = CFrame.new(1.0244548320770264e-08, 0.00012284517288208008, 0.0000774487853050232, 1, 6.053596024457875e-08, 4.519824869930744e-08, -1.3038517820973539e-08, 0.8746687769889832, 0.4847211539745331, 1.541339003097164e-07, -0.4847211539745331, 0.8746687769889832),
        }},
        {Time = 0.100, Data = {
            ["RightFoot"] = CFrame.new(2.9802322387695312e-08, 2.980232238769531e-07, -2.8107024263590574e-08, 0.9955204725265503, -0.09453778713941574, -0.001243899459950626, 0.07695654034614563, 0.8178859353065491, -0.5702103972434998, 0.05492385849356651, 0.5675609111785889, 0.8214978575706482),
            ["LeftLowerArm"] = CFrame.new(-5.960464477539062e-07, 7.152557373046875e-07, 2.980232238769531e-07, 1, -1.0430815677864302e-07, 1.341104507446289e-07, 5.960465188081798e-08, -0.21495935320854187, -0.9766230583190918, 1.0430814256778831e-07, 0.976622998714447, -0.21495942771434784),
            ["RightUpperArm"] = CFrame.new(-2.384185791015625e-07, -2.384185791015625e-07, 3.725290298461914e-09, 0.9630798101425171, 0.21367542445659637, 0.1637686938047409, -0.22088846564292908, 0.9749264121055603, 0.026961149647831917, -0.15390150249004364, -0.0621403232216835, 0.9861303567886353),
            ["Head"] = CFrame.new(-7.450580596923828e-08, -4.76837158203125e-07, 1.862645149230957e-08, 0.8458690643310547, 0.1986335963010788, 0.4950255751609802, -0.18576477468013763, 0.9796754717826843, -0.07568036019802094, -0.49999698996543884, -0.02794264256954193, 0.8655762076377869),
            ["RightHand"] = CFrame.new(-2.2351741790771484e-08, 5.960464477539063e-08, -2.5704503059387207e-07, 0.0988965705037117, -0.6394212245941162, 0.7624697685241699, 0.9882363080978394, 0.15293486416339874, 0.00007421523332595825, -0.11665575951337814, 0.7534928917884827, 0.6470238566398621),
            ["UpperTorso"] = CFrame.new(-3.3527612686157227e-08, 2.086162567138672e-07, 6.705522537231445e-08, 0.9932878017425537, 0.06474264711141586, 0.09585292637348175, -0.0686698779463768, 0.9969058036804199, 0.038252852857112885, -0.09307974576950073, -0.04457829147577286, 0.9946603178977966),
            ["HumanoidRootPart"] = CFrame.new(0, 0, 0, 1, 0, 0, 0, 1, 0, 0, 0, 1),
            ["RightUpperLeg"] = CFrame.new(-2.9802322387695312e-08, 3.5390257835388184e-07, 1.0261283023282886e-07, 0.9217013716697693, -0.18830710649490356, -0.33912694454193115, 0.07283224910497665, 0.9427262544631958, -0.3255193829536438, 0.3810015022754669, 0.2753320038318634, 0.8826267123222351),
            ["LeftUpperArm"] = CFrame.new(0, 0, 3.725290298461914e-09, 0.8806529641151428, 0.18814682960510254, -0.43480026721954346, -0.3585124909877777, 0.8646180033683777, -0.3520005941390991, 0.3097083866596222, 0.4658717215061188, 0.8288813829421997),
            ["RightLowerArm"] = CFrame.new(-2.9802322387695312e-08, -2.384185791015625e-07, -6.705522537231445e-08, 1, -7.823110337312755e-08, 7.543713564928112e-08, 1.1362135410308838e-07, 0.3021681010723114, -0.9532546997070312, 5.774199962615967e-08, 0.9532546997070312, 0.302168071269989),
            ["LeftHand"] = CFrame.new(-8.940696716308594e-08, 3.5762786865234375e-07, 1.341104507446289e-07, 0.9189950227737427, 0.31159543991088867, -0.24157074093818665, -0.26993292570114136, 0.9438384771347046, 0.1905394196510315, 0.28737497329711914, -0.1098969578742981, 0.9514926671981812),
            ["LeftFoot"] = CFrame.new(2.3283064365386963e-08, 1.1920928955078125e-07, 3.259629011154175e-08, 0.9983309507369995, 0.057736240327358246, 0.001371782855130732, -0.05696457251906395, 0.9883444905281067, -0.14117519557476044, -0.00950703863054514, 0.14086125791072845, 0.9899836778640747),
            ["LowerTorso"] = CFrame.new(0.22946767508983612, -0.17822504043579102, 0.17511644959449768, 0.9665445685386658, 0.08230886608362198, -0.24293383955955505, -0.1179443746805191, 0.983665943145752, -0.13597968220710754, 0.22777341306209564, 0.1600831001996994, 0.9604648351669312),
            ["RightLowerLeg"] = CFrame.new(2.421438694000244e-08, -0.00012248754501342773, -0.00007725803152425215, 1, -1.341104365337742e-07, -3.7252917195473856e-08, 1.8626455755565985e-07, 0.5319522619247437, 0.846774160861969, 2.2351747119842003e-08, -0.8467743396759033, 0.5319526791572571),
            ["LeftUpperLeg"] = CFrame.new(-5.960464477539063e-08, 5.783513188362122e-07, 9.685754776000977e-08, 0.7938981652259827, 0.2122647613286972, 0.5697978138923645, 0.03871503844857216, 0.9175418019294739, -0.39575013518333435, -0.6068170666694641, 0.33624497056007385, 0.7202168107032776),
            ["LeftLowerLeg"] = CFrame.new(2.60770320892334e-08, 0.0001226663589477539, 0.00007748603820800781, 1, -5.587935447692871e-09, 1.4377290824540978e-07, -3.3527616238870905e-08, 0.8549944162368774, 0.5186373591423035, 1.2293459406009788e-07, -0.5186373591423035, 0.8549943566322327),
        }},
        {Time = 0.133, Data = {
            ["RightFoot"] = CFrame.new(-1.4901161193847656e-08, 2.980232238769531e-07, -2.8107024263590574e-08, 0.9952325820922852, -0.09752334654331207, -0.0012416670797392726, 0.07928973436355591, 0.8164405226707458, -0.571959376335144, 0.05679278448224068, 0.5691344141960144, 0.8202809691429138),
            ["LeftLowerArm"] = CFrame.new(-1.1920928955078125e-07, 1.1920928955078125e-07, -1.4901161193847656e-08, 1, -1.0430815677864302e-07, 1.639127589214695e-07, 5.960465188081798e-08, -0.21510683000087738, -0.9765905737876892, 1.0430814256778831e-07, 0.976590633392334, -0.21510672569274902),
            ["RightUpperArm"] = CFrame.new(-1.1920928955078125e-07, 1.1920928955078125e-07, 3.3527612686157227e-08, 0.9697248935699463, 0.14717578887939453, 0.19486655294895172, -0.16694410145282745, 0.9819269776344299, 0.08915875107049942, -0.1782226413488388, -0.11899127066135406, 0.9767691493034363),
            ["Head"] = CFrame.new(7.450580596923828e-09, -1.1920928955078125e-07, 3.725290298461914e-09, 0.847805917263031, 0.19880875945091248, 0.4916302263736725, -0.18178600072860718, 0.9798499345779419, -0.08275215327739716, -0.4981756806373596, -0.019213669002056122, 0.8668631911277771),
            ["RightHand"] = CFrame.new(-3.166496753692627e-08, -1.1920928955078125e-07, -6.332993507385254e-08, 0.08856383711099625, -0.6134955286979675, 0.7847163677215576, 0.9914387464523315, 0.13018016517162323, -0.01011922862380743, -0.09594649821519852, 0.778894305229187, 0.6197724342346191),
            ["UpperTorso"] = CFrame.new(7.450580596923828e-09, 3.8743019104003906e-07, 6.332993507385254e-08, 0.9938868880271912, 0.06994722783565521, 0.08541911095380783, -0.07392489910125732, 0.9962784051895142, 0.0443231426179409, -0.08200089633464813, -0.050366755574941635, 0.9953588247299194),
            ["HumanoidRootPart"] = CFrame.new(0, 0, 0, 1, 0, 0, 0, 1, 0, 0, 0, 1),
            ["RightUpperLeg"] = CFrame.new(-5.960464477539063e-08, 4.172325134277344e-07, 7.281050784513354e-08, 0.9174140691757202, -0.18707400560379028, -0.35121873021125793, 0.06824488937854767, 0.9434947967529297, -0.32428407669067383, 0.3920382559299469, 0.27353420853614807, 0.8783423900604248),
            ["LeftUpperArm"] = CFrame.new(-1.1920928955078125e-07, 1.1920928955078125e-07, 3.725290298461914e-09, 0.8826955556869507, 0.17972241342067719, -0.4342218041419983, -0.353671669960022, 0.8624932169914246, -0.3619695007801056, 0.30945926904678345, 0.4730808138847351, 0.8248815536499023),
            ["RightLowerArm"] = CFrame.new(-4.470348358154297e-07, -5.960464477539063e-08, -4.470348358154297e-08, 1, -8.195640788244418e-08, 8.568166975919667e-08, 7.892959530408916e-08, 0.2738393545150757, -0.961775541305542, 5.8673329306202504e-08, 0.9617754817008972, 0.2738393247127533),
            ["LeftHand"] = CFrame.new(5.364418029785156e-07, -2.384185791015625e-07, 2.2724270820617676e-07, 0.9218997955322266, 0.2987588047981262, -0.24666598439216614, -0.2562349736690521, 0.9477171301841736, 0.190199613571167, 0.2905934154987335, -0.11214049905538559, 0.9502526521682739),
            ["LeftFoot"] = CFrame.new(2.514570951461792e-08, -5.960464477539063e-08, -5.587935447692871e-08, 0.9967859983444214, 0.08009989559650421, 0.0013543013483285904, -0.07889492809772491, 0.9844468832015991, -0.15697145462036133, -0.01390701625496149, 0.15636004507541656, 0.9876022338867188),
            ["LowerTorso"] = CFrame.new(0.23166099190711975, -0.1824798583984375, 0.18294546008110046, 0.9695812463760376, 0.07912366092205048, -0.23162846267223358, -0.11363201588392258, 0.9836606979370117, -0.13964010775089264, 0.21679501235485077, 0.16171284019947052, 0.9627299308776855),
            ["RightLowerLeg"] = CFrame.new(1.955777406692505e-08, -0.00012236833572387695, -0.00007733253733022138, 1, -9.685753354915505e-08, -1.3038521728958585e-07, 1.937151665742931e-07, 0.5286509394645691, 0.8488393425941467, 3.352762334429826e-08, -0.848839282989502, 0.5286510586738586),
            ["LeftUpperLeg"] = CFrame.new(2.9802322387695312e-08, 5.178153514862061e-07, 5.960464477539063e-08, 0.7692668437957764, 0.22799052298069, 0.5968661308288574, 0.04631034657359123, 0.9118149876594543, -0.407981276512146, -0.6372472047805786, 0.3414876163005829, 0.6908705234527588),
            ["LeftLowerLeg"] = CFrame.new(2.9802322387695312e-08, 0.0001227259635925293, 0.00007739663124084473, 1, 2.235172757991677e-08, 1.9511210780365218e-07, -3.7252894102834944e-09, 0.8458157777786255, 0.5334753394126892, 1.0617074508445512e-07, -0.5334751009941101, 0.8458156585693359),
        }},
        {Time = 0.167, Data = {
            ["RightFoot"] = CFrame.new(4.470348358154297e-08, 1.7881393432617188e-07, -5.790934665128589e-08, 0.9950365424156189, -0.09950310736894608, -0.0012396707898005843, 0.08092313259840012, 0.816361129283905, -0.5718444585800171, 0.05791247636079788, 0.5689055919647217, 0.8203611373901367),
            ["LeftLowerArm"] = CFrame.new(-3.2782554626464844e-07, 5.960464477539062e-07, 8.940696716308594e-08, 1, -1.4901162614933128e-07, 1.5646214990283625e-07, 5.960464477539063e-08, -0.21662689745426178, -0.9762544631958008, 1.043081283569336e-07, 0.9762544631958008, -0.2166268676519394),
            ["RightUpperArm"] = CFrame.new(1.1920928955078125e-07, 0, -7.916241884231567e-09, 0.9749045372009277, 0.058834124356508255, 0.21470873057842255, -0.09382472932338715, 0.9831945300102234, 0.15660656988620758, -0.20188665390014648, -0.172821506857872, 0.9640407562255859),
            ["Head"] = CFrame.new(-7.82310962677002e-08, 0, -4.516914486885071e-08, 0.8500477075576782, 0.20140255987644196, 0.4866785705089569, -0.17916707694530487, 0.9794703125953674, -0.0923963338136673, -0.4952961206436157, -0.008655499666929245, 0.8686811327934265),
            ["RightHand"] = CFrame.new(-5.4016709327697754e-08, 0, -1.601874828338623e-07, 0.07881001383066177, -0.5911158919334412, 0.8027273416519165, 0.9939398765563965, 0.1084931492805481, -0.017690196633338928, -0.07663345336914062, 0.7992568016052246, 0.5960838794708252),
            ["UpperTorso"] = CFrame.new(4.0978193283081055e-08, 1.7881393432617188e-07, -1.1175870895385742e-08, 0.9947221279144287, 0.06981919705867767, 0.07518801838159561, -0.07379883527755737, 0.995941698551178, 0.05151708424091339, -0.07128596305847168, -0.05679396912455559, 0.9958378076553345),
            ["HumanoidRootPart"] = CFrame.new(0, 0, 0, 1, 0, 0, 0, 1, 0, 0, 0, 1),
            ["RightUpperLeg"] = CFrame.new(5.960464477539063e-08, 1.1548399925231934e-07, 4.300818545743823e-08, 0.9124764204025269, -0.1882401704788208, -0.363253116607666, 0.06693270057439804, 0.9445886611938477, -0.32135987281799316, 0.4036174416542053, 0.26891985535621643, 0.8745142221450806),
            ["LeftUpperArm"] = CFrame.new(-2.384185791015625e-07, 1.1920928955078125e-07, -5.2619725465774536e-08, 0.8836994767189026, 0.17459776997566223, -0.4342705011367798, -0.3538183569908142, 0.8565853834152222, -0.37559816241264343, 0.3064112961292267, 0.4855688810348511, 0.8187399506568909),
            ["RightLowerArm"] = CFrame.new(-2.9802322387695312e-08, 4.172325134277344e-07, 4.470348358154297e-08, 1, -9.685753354915505e-08, 5.774199962615967e-08, 8.568167686462402e-08, 0.22488436102867126, -0.9743854999542236, 7.59027898311615e-08, 0.9743854999542236, 0.22488440573215485),
            ["LeftHand"] = CFrame.new(2.384185791015625e-07, 4.76837158203125e-07, -9.685754776000977e-08, 0.9287137389183044, 0.27418479323387146, -0.2496269941329956, -0.2297103852033615, 0.9539042711257935, 0.19313180446624756, 0.2910740375518799, -0.12202219665050507, 0.9488869309425354),
            ["LeftFoot"] = CFrame.new(5.587935447692871e-09, 0, 1.210719347000122e-08, 0.9947552680969238, 0.1022757962346077, 0.001336388406343758, -0.10068470239639282, 0.9814157485961914, -0.16335825622081757, -0.01801929622888565, 0.16236668825149536, 0.9865660071372986),
            ["LowerTorso"] = CFrame.new(0.23350562155246735, -0.18288803100585938, 0.1897505223751068, 0.9724031686782837, 0.07892323285341263, -0.21955250203609467, -0.11197937279939651, 0.983449399471283, -0.14243559539318085, 0.2046772986650467, 0.16309015452861786, 0.9651471376419067),
            ["RightLowerLeg"] = CFrame.new(-1.1175870895385742e-08, -0.00012248754501342773, -0.00007743498281342909, 1, -1.341104365337742e-07, -5.960465188081798e-08, 1.5646213569198153e-07, 0.5303807854652405, 0.8477591276168823, -9.685751223287298e-08, -0.8477595448493958, 0.530381441116333),
            ["LeftUpperLeg"] = CFrame.new(0, 1.564621925354004e-07, 1.862645149230957e-08, 0.7449012398719788, 0.2327716052532196, 0.6252515912055969, 0.056876201182603836, 0.9115961194038391, -0.4071335792541504, -0.6647459864616394, 0.338836133480072, 0.6658098697662354),
            ["LeftLowerLeg"] = CFrame.new(5.960464477539063e-08, 0.00012242794036865234, 0.00007735192775726318, 1, 1.8626460374093767e-08, 1.2526280102065357e-07, -2.607702853651972e-08, 0.8481619358062744, 0.5297367572784424, 1.5646217832454568e-07, -0.5297372341156006, 0.8481621146202087),
        }},
        {Time = 0.200, Data = {
            ["RightFoot"] = CFrame.new(-1.862645149230957e-09, 2.980232238769531e-07, 1.6952981241047382e-09, 0.9949180483818054, -0.10068096220493317, -0.0012387788156047463, 0.08199773728847504, 0.8173113465309143, -0.5703314542770386, 0.058433931320905685, 0.567331850528717, 0.8214136958122253),
            ["LeftLowerArm"] = CFrame.new(4.76837158203125e-07, -1.1920928955078125e-07, -1.6391277313232422e-07, 1, -1.0430811414607888e-07, 1.0430809993522416e-07, 5.960465188081798e-08, -0.2201429158449173, -0.9754676818847656, 1.4901162614933128e-07, 0.9754676818847656, -0.22014284133911133),
            ["RightUpperArm"] = CFrame.new(0, 2.384185791015625e-07, -5.029141902923584e-08, 0.9764806628227234, -0.033615242689847946, 0.2129688858985901, -0.015123588964343071, 0.9746590256690979, 0.2231842279434204, -0.21507440507411957, -0.22115588188171387, 0.9512271881103516),
            ["Head"] = CFrame.new(-8.940696716308594e-08, 1.1920928955078125e-07, 5.4016709327697754e-08, 0.8520979881286621, 0.20631533861160278, 0.48100215196609497, -0.17882674932479858, 0.9784841537475586, -0.10290684551000595, -0.49188417196273804, 0.0016706883907318115, 0.8706591129302979),
            ["RightHand"] = CFrame.new(-1.387670636177063e-07, 1.1920928955078125e-07, -9.313225746154785e-08, 0.07053209096193314, -0.5749771595001221, 0.8151236176490784, 0.995492696762085, 0.09251132607460022, -0.02088312990963459, -0.06340092420578003, 0.812922477722168, 0.5789105296134949),
            ["UpperTorso"] = CFrame.new(2.60770320892334e-08, -8.940696716308594e-08, -3.725290298461914e-09, 0.9958714842796326, 0.06265213340520859, 0.06568769365549088, -0.06652162969112396, 0.9960700869560242, 0.05847521126270294, -0.061765965074300766, -0.0626034066081047, 0.9961254000663757),
            ["HumanoidRootPart"] = CFrame.new(0, 0, 0, 1, 0, 0, 0, 1, 0, 0, 0, 1),
            ["RightUpperLeg"] = CFrame.new(5.960464477539063e-08, 2.3469328880310059e-07, -3.149762051180005e-08, 0.9071520566940308, -0.19273988902568817, -0.37406766414642334, 0.06966029107570648, 0.9454552531242371, -0.31821689009666443, 0.4149973392486572, 0.262613445520401, 0.8710978031158447),
            ["LeftUpperArm"] = CFrame.new(-2.384185791015625e-07, 3.5762786865234375e-07, 1.862645149230957e-09, 0.8788048624992371, 0.1866999715566635, -0.43914151191711426, -0.3713722825050354, 0.8454770445823669, -0.383733332157135, 0.29964104294776917, 0.5003116726875305, 0.8123444318771362),
            ["RightLowerArm"] = CFrame.new(1.7881393432617188e-07, 4.172325134277344e-07, 7.450580596923828e-08, 1, -7.82310962677002e-08, 6.891786341611805e-08, 9.965150127300149e-08, 0.1623854786157608, -0.9867274165153503, 8.00937343115038e-08, 0.9867274761199951, 0.1623854786157608),
            ["LeftHand"] = CFrame.new(-2.384185791015625e-07, -5.960464477539063e-08, -3.650784492492676e-07, 0.935758650302887, 0.2552184760570526, -0.24335037171840668, -0.20981915295124054, 0.9575911164283752, 0.19747218489646912, 0.28342872858047485, -0.13372664153575897, 0.9496238827705383),
            ["LeftFoot"] = CFrame.new(3.166496753692627e-08, -1.1920928955078125e-07, 3.725290298461914e-09, 0.9924412965774536, 0.12271321564912796, 0.0013193506747484207, -0.12094976007938385, 0.9798862338066101, -0.1587269902229309, -0.020770831033587456, 0.1573677957057953, 0.9873216152191162),
            ["LowerTorso"] = CFrame.new(0.2352307140827179, -0.17942190170288086, 0.195572167634964, 0.9747167229652405, 0.08289191871881485, -0.20750004053115845, -0.11427901685237885, 0.9829341173171997, -0.14415600895881653, 0.19200949370861053, 0.16422416269779205, 0.967555046081543),
            ["RightLowerLeg"] = CFrame.new(1.1641532182693481e-07, -0.00012242794036865234, -0.00007729435310466215, 1, -1.0430809993522416e-07, -1.4528635006172408e-07, 1.713633963618122e-07, 0.5359002351760864, 0.8442811965942383, 3.725291186640334e-09, -0.8442813158035278, 0.535900354385376),
            ["LeftUpperLeg"] = CFrame.new(-1.1920928955078125e-07, 4.6566128730773926e-07, -7.450580596923828e-09, 0.7219036221504211, 0.2235782891511917, 0.654880166053772, 0.07026389986276627, 0.9177930355072021, -0.39079269766807556, -0.6884171962738037, 0.3281290829181671, 0.6468484997749329),
            ["LeftLowerLeg"] = CFrame.new(5.960464477539063e-08, 0.00012254714965820312, 0.00007735192775726318, 1, 8.940694584680386e-08, 2.328306880627906e-09, -2.2351745343485163e-08, 0.8633100986480713, 0.5046741962432861, -2.2351745343485163e-08, -0.5046740174293518, 0.863309919834137),
        }},
        {Time = 0.233, Data = {
            ["RightFoot"] = CFrame.new(3.725290298461914e-09, 4.76837158203125e-07, 1.6952981241047382e-09, 0.9948579668998718, -0.10127256065607071, -0.0012384240981191397, 0.08272850513458252, 0.8196211457252502, -0.5669016242027283, 0.058426644653081894, 0.5638840198516846, 0.8237846493721008),
            ["LeftLowerArm"] = CFrame.new(-2.682209014892578e-07, 6.556510925292969e-07, -4.3213367462158203e-07, 1, -1.341104507446289e-07, 1.6391278734317893e-07, 5.960464477539063e-08, -0.22536718845367432, -0.9742739796638489, 1.4901161193847656e-07, 0.9742739200592041, -0.22536706924438477),
            ["RightUpperArm"] = CFrame.new(1.1920928955078125e-07, 3.5762786865234375e-07, -7.82310962677002e-08, 0.9763376712799072, -0.11026103794574738, 0.1860305666923523, 0.05520794540643692, 0.9588315486907959, 0.27855733036994934, -0.20908600091934204, -0.26169565320014954, 0.9422305822372437),
            ["Head"] = CFrame.new(1.0058283805847168e-07, 2.384185791015625e-07, -1.1175870895385742e-08, 0.8533249497413635, 0.2131003588438034, 0.47584134340286255, -0.18056078255176544, 0.9769670367240906, -0.11372499167919159, -0.4891161024570465, 0.011126045137643814, 0.872147798538208),
            ["RightHand"] = CFrame.new(2.635642886161804e-07, -5.960464477539063e-08, 1.0803341865539551e-07, 0.0647694393992424, -0.5680737495422363, 0.8204250931739807, 0.996057391166687, 0.08674626052379608, -0.018570685759186745, -0.06061936169862747, 0.8183931708335876, 0.5714524388313293),
            ["UpperTorso"] = CFrame.new(3.725290298461914e-09, 0, -4.0978193283081055e-08, 0.9971147179603577, 0.0493134930729866, 0.057710472494363785, -0.053062815219163895, 0.9964507818222046, 0.06534776091575623, -0.05428312346339226, -0.0682215467095375, 0.9961923360824585),
            ["HumanoidRootPart"] = CFrame.new(0, 0, 0, 1, 0, 0, 0, 1, 0, 0, 0, 1),
            ["RightUpperLeg"] = CFrame.new(0, -3.129243850708008e-07, 3.55576048605144e-08, 0.9017109274864197, -0.19926844537258148, -0.3836790919303894, 0.07539527118206024, 0.9463269710540771, -0.3142944574356079, 0.42571479082107544, 0.2544747292995453, 0.8683371543884277),
            ["LeftUpperArm"] = CFrame.new(5.960464477539063e-08, 0, 2.60770320892334e-08, 0.8646101355552673, 0.22225302457809448, -0.45061391592025757, -0.4113914966583252, 0.828030526638031, -0.3809494972229004, 0.28845489025115967, 0.5147515535354614, 0.807356595993042),
            ["RightLowerArm"] = CFrame.new(-1.7881393432617188e-07, 1.1920928955078125e-07, 1.043081283569336e-07, 1, -9.685756197086448e-08, 8.381903171539307e-08, 7.916242594774303e-08, 0.09392806142568588, -0.9955790042877197, 7.17118453508192e-08, 0.9955790638923645, 0.09392803907394409),
            ["LeftHand"] = CFrame.new(-4.470348358154297e-07, -5.960464477539063e-08, -2.2351741790771484e-08, 0.9402716159820557, 0.25481098890304565, -0.22574493288993835, -0.2109651118516922, 0.9565942287445068, 0.2010507881641388, 0.26717621088027954, -0.1414179801940918, 0.9532144665718079),
            ["LeftFoot"] = CFrame.new(5.587935447692871e-09, 0, -5.21540641784668e-08, 0.9900933504104614, 0.14040526747703552, 0.0013038739562034607, -0.13869039714336395, 0.9793662428855896, -0.14699210226535797, -0.021915458142757416, 0.14535513520240784, 0.989136815071106),
            ["LowerTorso"] = CFrame.new(0.23706522583961487, -0.17205452919006348, 0.20045047998428345, 0.9764442443847656, 0.09023796766996384, -0.19599449634552002, -0.11982250213623047, 0.9821869134902954, -0.1447460651397705, 0.1794416308403015, 0.16482099890708923, 0.9698632955551147),
            ["RightLowerLeg"] = CFrame.new(-1.0523945093154907e-07, -0.00012224912643432617, -0.0000774778236518614, 1, -8.940698137394065e-08, -6.332992796842518e-08, 1.564621925354004e-07, 0.5460067987442017, 0.837780237197876, -2.9802322387695312e-08, -0.8377808332443237, 0.5460076332092285),
            ["LeftUpperLeg"] = CFrame.new(-1.1920928955078125e-07, -6.705522537231445e-08, 1.0058283805847168e-07, 0.7016764283180237, 0.20452463626861572, 0.6825100183486938, 0.08506367355585098, 0.927016019821167, -0.36524710059165955, -0.7073997259140015, 0.3143422305583954, 0.6330676674842834),
            ["LeftLowerLeg"] = CFrame.new(0, 0.0001227855682373047, 0.00007745623588562012, 1, 2.2351745343485163e-08, 1.2293455142753373e-07, -5.21540641784668e-08, 0.8841991424560547, 0.46710988879203796, 6.705522537231445e-08, -0.467110276222229, 0.8841992616653442),
        }},
        {Time = 0.267, Data = {
            ["RightFoot"] = CFrame.new(-3.5390257835388184e-08, 1.7881393432617188e-07, -7.281050784513354e-08, 0.9949368238449097, -0.10049504041671753, -0.0012389151379466057, 0.08315369486808777, 0.8300520777702332, -0.5514516234397888, 0.056446485221385956, 0.5485566854476929, 0.8342059850692749),
            ["LeftLowerArm"] = CFrame.new(-3.5762786865234375e-07, -1.1920928955078125e-07, -3.427267074584961e-07, 1, -5.960463056453591e-08, 9.685751223287298e-08, 1.1920928955078125e-07, -0.23030836880207062, -0.9731177091598511, 1.1920928955078125e-07, 0.9731177091598511, -0.23030847311019897),
            ["RightUpperArm"] = CFrame.new(-5.960464477539063e-08, -1.1920928955078125e-07, -4.0978193283081055e-08, 0.9773571491241455, -0.16951754689216614, 0.12663719058036804, 0.12184959650039673, 0.9401840567588806, 0.3181303143501282, -0.17299090325832367, -0.2954961657524109, 0.9395511150360107),
            ["Head"] = CFrame.new(-3.725290298461914e-08, 3.5762786865234375e-07, -1.862645149230957e-08, 0.8543826341629028, 0.2208554744720459, 0.4703757166862488, -0.1828480213880539, 0.975071907043457, -0.12570355832576752, -0.4864124655723572, 0.02139163762331009, 0.8734674453735352),
            ["RightHand"] = CFrame.new(1.2200325727462769e-07, 0, 1.5832483768463135e-07, 0.06389717757701874, -0.5660995841026306, 0.8218567371368408, 0.9952267408370972, 0.09701830893754959, -0.010549437254667282, -0.07376307994127274, 0.8186078667640686, 0.5695966482162476),
            ["UpperTorso"] = CFrame.new(7.450580596923828e-08, -3.2782554626464844e-07, 3.725290298461914e-08, 0.998115062713623, 0.03262440115213394, 0.05198075249791145, -0.036335792392492294, 0.9967330694198608, 0.07213226705789566, -0.04945763945579529, -0.07388503849506378, 0.9960396885871887),
            ["HumanoidRootPart"] = CFrame.new(0, 0, 0, 1, 0, 0, 0, 1, 0, 0, 0, 1),
            ["RightUpperLeg"] = CFrame.new(5.960464477539063e-08, 7.450580596923828e-09, 6.535992724820971e-08, 0.8963254690170288, -0.20252485573291779, -0.3944419324398041, 0.08314409106969833, 0.9505809545516968, -0.2991373836994171, 0.4355316460132599, 0.23532874882221222, 0.8688685297966003),
            ["LeftUpperArm"] = CFrame.new(5.960464477539063e-08, 4.76837158203125e-07, -3.725290298461914e-09, 0.8458923101425171, 0.26228976249694824, -0.46440333127975464, -0.4557865560054779, 0.8076918721199036, -0.37402215600013733, 0.2769924998283386, 0.5280511379241943, 0.802768349647522),
            ["RightLowerArm"] = CFrame.new(0, 2.980232238769531e-07, -1.1175870895385742e-07, 1, -8.381903882082042e-08, 8.614733815193176e-08, 8.428470010812816e-08, 0.032310571521520615, -0.9994778633117676, 8.70786678319746e-08, 0.9994779229164124, 0.03231053799390793),
            ["LeftHand"] = CFrame.new(-2.980232238769531e-07, -5.960464477539063e-08, 5.21540641784668e-08, 0.9425159692764282, 0.2608832120895386, -0.208814799785614, -0.21989765763282776, 0.9547440409660339, 0.20027205348014832, 0.25161221623420715, -0.142841637134552, 0.9572291374206543),
            ["LeftFoot"] = CFrame.new(1.4901161193847656e-08, 0, -4.470348358154297e-08, 0.9883773326873779, 0.15201528370380402, 0.0012934282422065735, -0.1509622186422348, 0.9824615120887756, -0.10945223271846771, -0.017909618094563484, 0.10798493772745132, 0.9939912557601929),
            ["LowerTorso"] = CFrame.new(0.23840272426605225, -0.1519336700439453, 0.20429974794387817, 0.977605402469635, 0.09964422136545181, -0.1853611171245575, -0.12720084190368652, 0.981477677822113, -0.14325369894504547, 0.1676533818244934, 0.16362367570400238, 0.9721726179122925),
