return {
    ["Boston Breakdance"] = {
        {Time = 0.000, Data = {
            ["LeftFoot"] = CFrame.new(-2.3189932107925415e-07, -5.960464477539063e-08, -2.0116567611694336e-07, 0.9986491203308105, -0.05192546546459198, 0.0019847035873681307, 0.05194719135761261, 0.9985569715499878, -0.013618865050375462, -0.001275168266147375, 0.013703671284019947, 0.9999052882194519),
            ["LeftLowerArm"] = CFrame.new(8.344650268554688e-07, -0.0000016689300537109375, 7.748603820800781e-07, 1, -1.639128583974525e-07, 0.0000014305118156698882, 9.536744300930877e-07, 0.785829484462738, -0.6184432506561279, -0.0000010058284942715545, 0.6184433102607727, 0.7858295440673828),
            ["LowerTorso"] = CFrame.new(-0.29345446825027466, -0.315555214881897, 0.13185471296310425, 0.7991732358932495, 0.12546800076961517, -0.5878605246543884, 0.09880638122558594, 0.9372508525848389, 0.33436235785484314, 0.5929245352745056, -0.32529783248901367, 0.7366287112236023),
            ["Head"] = CFrame.new(-2.384185791015625e-07, -0.0000017881393432617188, 1.4901161193847656e-07, 0.999721109867096, 0.011429044418036938, 0.02067127265036106, -0.001635741675272584, 0.9065415859222412, -0.4221133589744568, -0.023563655093312263, 0.4219617545604706, 0.9063073992729187),
            ["RightUpperArm"] = CFrame.new(5.960464477539062e-07, -0.0000010728836059570312, 1.1175870895385742e-07, 0.8458876013755798, -0.18713180720806122, 0.49945688247680664, 0.2914034128189087, 0.9464580416679382, -0.13892099261283875, -0.44671937823295593, 0.2630569338798523, 0.8551279306411743),
            ["UpperTorso"] = CFrame.new(-2.9569491744041443e-08, -6.258487701416016e-07, -4.784669727087021e-08, 0.9977770447731018, 0.018001146614551544, 0.06416384130716324, -0.03809526190161705, 0.9440688490867615, 0.32754072546958923, -0.05467895418405533, -0.3292568624019623, 0.9426559209823608),
            ["HumanoidRootPart"] = CFrame.new(0, 0, 0, 1, 0, 0, 0, 1, 0, 0, 0, 1),
            ["RightHand"] = CFrame.new(-6.69620931148529e-07, 1.1920928955078125e-07, -5.662441253662109e-07, 0.9850080013275146, 0.03486955538392067, 0.16894802451133728, 0.03712982311844826, 0.9135511517524719, -0.4050253927707672, -0.1684657782316208, 0.40522637963294983, 0.8985605239868164),
            ["LeftUpperArm"] = CFrame.new(4.76837158203125e-07, 7.152557373046875e-07, -4.172325134277344e-07, 0.7475031018257141, 0.12787754833698273, -0.6518331170082092, -0.28558340668678284, 0.947842538356781, -0.14155009388923645, 0.599734365940094, 0.2919621467590332, 0.7450351119041443),
            ["RightLowerArm"] = CFrame.new(-0.000002086162567138672, 0, 0.000001776963472366333, 1, -2.1304032316038501e-07, -0.0000028531082989502465, -0.0000018971022655023262, 0.6966981291770935, -0.7173643708229065, 0.0000021317953269317513, 0.7173644304275513, 0.6966981291770935),
            ["LeftHand"] = CFrame.new(1.6391277313232422e-07, -4.76837158203125e-07, 1.7881393432617188e-07, 0.9812670946121216, -0.1920320838689804, -0.015444407239556313, 0.17630082368850708, 0.9274130463600159, -0.3298836052417755, 0.07767157256603241, 0.3209809958934784, 0.9438952803611755),
            ["RightUpperLeg"] = CFrame.new(-1.4901161193847656e-07, -7.636845111846924e-08, -3.149762051180005e-08, 0.9432178139686584, -0.3051949143409729, 0.13113540410995483, 0.2989664077758789, 0.607914924621582, -0.7355673313140869, 0.14477357268333435, 0.7330044507980347, 0.6646385192871094),
            ["LeftUpperLeg"] = CFrame.new(-5.960464477539063e-08, -1.825392246246338e-07, 8.940696716308594e-08, 0.7173502445220947, 0.6415507793426514, 0.271700918674469, 0.12270192801952362, 0.2675468921661377, -0.9557004570960999, -0.6858227849006653, 0.7189098596572876, 0.11320513486862183),
            ["RightLowerLeg"] = CFrame.new(-3.725290298461914e-07, 6.556510925292969e-07, 3.149762051180005e-08, 1, -7.040812306513544e-07, -0.000001043078441398393, 0.0000014081598465054412, 0.47921279072761536, 0.8776997327804565, -2.2351744632942427e-07, -0.8776988387107849, 0.4792110323905945),
            ["RightFoot"] = CFrame.new(1.4901161193847656e-08, 4.76837158203125e-07, -1.0261283023282886e-07, 0.9587439298629761, 0.18900726735591888, 0.21233519911766052, -0.11643572896718979, 0.9425145387649536, -0.31322574615478516, -0.2593315839767456, 0.2755770683288574, 0.9256367683410645),
            ["LeftLowerLeg"] = CFrame.new(8.568167686462402e-08, 1.1920928955078125e-07, -2.0489096641540527e-08, 1, 0.000001247972363671579, -2.114100254857476e-07, -3.6321571883490833e-07, 0.4366200864315033, 0.8996460437774658, 0.000001341104166385776, -0.8996460437774658, 0.4366200864315033),
        }},
        {Time = 0.042, Data = {
            ["LeftFoot"] = CFrame.new(-2.1327286958694458e-07, 5.960464477539063e-08, -3.5297125577926636e-07, 0.998822808265686, -0.04178822785615921, -0.024635622277855873, 0.047439094632864, 0.9475255012512207, 0.3161420524120331, 0.01013135351240635, -0.31693753600120544, 0.9483919739723206),
            ["LeftLowerArm"] = CFrame.new(8.344650268554688e-07, -0.0000017881393432617188, 0.0000013187527656555176, 1, 6.25848997515277e-07, 0.0000012218948768349946, 0.0000010579822173895082, 0.2839299440383911, -0.9588450789451599, -9.611246696294984e-07, 0.9588451385498047, 0.2839299738407135),
            ["LowerTorso"] = CFrame.new(-0.29468852281570435, -0.06573402881622314, 0.10539177805185318, 0.7999300360679626, 0.12136967480182648, -0.5876915454864502, 0.09762274473905563, 0.9399685263633728, 0.3269999027252197, 0.5920994281768799, -0.3189491033554077, 0.7400606870651245),
            ["Head"] = CFrame.new(-5.960464477539063e-08, -0.0000016689300537109375, 1.6391277313232422e-07, 0.9970763921737671, 0.029222656041383743, -0.07060323655605316, -0.05543415993452072, 0.9125716686248779, -0.40514224767684937, 0.05259115248918533, 0.4078715145587921, 0.9115235209465027),
            ["RightUpperArm"] = CFrame.new(5.960464477539062e-07, -0.0000013113021850585938, -2.60770320892334e-07, 0.7728654742240906, -0.3537363111972809, 0.526833713054657, 0.5189868807792664, 0.830075204372406, -0.20401574671268463, -0.3651461601257324, 0.431098610162735, 0.8251204490661621),
            ["UpperTorso"] = CFrame.new(-2.7939677238464355e-09, -2.980232238769531e-07, -4.842877388000488e-08, 0.9954450726509094, 0.02320322021842003, 0.09247036278247833, -0.0476815402507782, 0.9610773324966431, 0.2721336781978607, -0.0825568214058876, -0.27530336380004883, 0.9578061103820801),
            ["HumanoidRootPart"] = CFrame.new(0, 0, 0, 1, 0, 0, 0, 1, 0, 0, 0, 1),
            ["RightHand"] = CFrame.new(-7.7858567237854e-07, 4.76837158203125e-07, -5.066394805908203e-07, 0.9595853686332703, 0.10548121482133865, -0.26090168952941895, -0.18044529855251312, 0.9420519471168518, -0.2828035056591034, 0.21595251560211182, 0.3184524178504944, 0.9230127334594727),
            ["LeftUpperArm"] = CFrame.new(4.172325134277344e-07, 0, -4.172325134277344e-07, 0.7152358889579773, 0.12307663261890411, -0.6879605650901794, -0.11687667667865753, 0.9915729761123657, 0.0558822937309742, 0.689041018486023, 0.040437906980514526, 0.7235934138298035),
            ["RightLowerArm"] = CFrame.new(-0.0000024139881134033203, -5.960464477539063e-08, 0.0000016530975699424744, 1, -0.000001199545636154653, -0.0000026151546990149654, -0.0000018719563286140328, 0.41262000799179077, -0.91090327501297, 0.000002161597421945771, 0.91090327501297, 0.41262009739875793),
            ["LeftHand"] = CFrame.new(5.960464477539063e-08, 0, 2.682209014892578e-07, 0.9447121620178223, -0.2734975516796112, -0.18088161945343018, 0.17509083449840546, 0.8871640563011169, -0.4269462823867798, 0.27724045515060425, 0.37167057394981384, 0.8860015869140625),
            ["RightUpperLeg"] = CFrame.new(-5.960464477539063e-08, -3.03611159324646e-07, -8.737697498872876e-08, 0.8776691555976868, -0.38462549448013306, -0.2859354317188263, 0.12497767806053162, 0.7596460580825806, -0.6382163166999817, 0.46268510818481445, 0.5244055986404419, 0.7147873044013977),
            ["LeftUpperLeg"] = CFrame.new(0, -3.390014171600342e-07, 5.960464477539063e-08, 0.7100117206573486, 0.5147631764411926, 0.48052266240119934, 0.13117054104804993, 0.5737562775611877, -0.8084547519683838, -0.6918653845787048, 0.6370420455932617, 0.3398512005805969),
            ["RightLowerLeg"] = CFrame.new(-2.384185791015625e-07, 6.556510925292969e-07, 7.620110409334302e-08, 1, -6.183986442920286e-07, -8.940675115809427e-07, 0.0000011622908004937926, 0.6890639066696167, 0.7247011661529541, 2.6822095833267667e-07, -0.7247006893157959, 0.6890632510185242),
            ["RightFoot"] = CFrame.new(-2.5331974029541016e-07, 2.980232238769531e-07, -8.026108844205737e-08, 0.9981422424316406, 0.02374708279967308, 0.05610876902937889, -0.033308207988739014, 0.983793318271637, 0.17618556320667267, -0.051017459481954575, -0.17772680521011353, 0.9827566146850586),
            ["LeftLowerLeg"] = CFrame.new(3.725290298461914e-09, -5.960464477539063e-08, 1.1920928955078125e-07, 1, 6.887132144584029e-07, -7.273625897141756e-07, -1.3783575525394554e-07, 0.8256396055221558, 0.5641974806785583, 0.0000010821969453900238, -0.5641979575157166, 0.8256398439407349),
        }},
        {Time = 0.083, Data = {
            ["LeftFoot"] = CFrame.new(-2.1979212760925293e-07, -5.960464477539063e-08, -2.384185791015625e-07, 0.9994661808013916, -0.0003719713422469795, -0.032670050859451294, 0.01929604820907116, 0.8136247396469116, 0.581070601940155, 0.026364510878920555, -0.581390380859375, 0.8131971955299377),
            ["LeftLowerArm"] = CFrame.new(8.940696716308594e-07, -0.0000016093254089355469, 0.0000015925616025924683, 1, 8.66129994392395e-07, 0.000001072883264896518, 0.0000010281800086886506, 0.08052316308021545, -0.9967527389526367, -9.462236221224885e-07, 0.9967527389526367, 0.08052313327789307),
            ["LowerTorso"] = CFrame.new(-0.29592254757881165, 0.25140905380249023, 0.14241230487823486, 0.8084508776664734, 0.07914621382951736, -0.5832178592681885, 0.08560817688703537, 0.9645660519599915, 0.24956673383712769, 0.5823044180870056, -0.25169065594673157, 0.7730287313461304),
            ["Head"] = CFrame.new(-8.195638656616211e-08, -0.0000010728836059570312, 4.470348358154297e-08, 0.9913028478622437, 0.07734609395265579, -0.10647235810756683, -0.10813836753368378, 0.9398277997970581, -0.324083149433136, 0.07499914616346359, 0.3327782154083252, 0.9400179982185364),
            ["RightUpperArm"] = CFrame.new(5.960464477539062e-07, -7.152557373046875e-07, 2.086162567138672e-07, 0.731232225894928, -0.3041502833366394, 0.6105714440345764, 0.6047185063362122, 0.7031923532485962, -0.3739387094974518, -0.31561848521232605, 0.6426610946655273, 0.6981205344200134),
            ["UpperTorso"] = CFrame.new(-1.6763806343078613e-08, -5.960464477539063e-08, -6.332993507385254e-08, 0.9984584450721741, 0.05293676257133484, 0.016686413437128067, -0.05505787581205368, 0.9065524935722351, 0.4184868633747101, 0.007026237901300192, -0.4187605082988739, 0.9080696105957031),
            ["HumanoidRootPart"] = CFrame.new(0, 0, 0, 1, 0, 0, 0, 1, 0, 0, 0, 1),
            ["RightHand"] = CFrame.new(-1.4901161193847656e-07, 2.384185791015625e-07, -1.4901161193847656e-07, 0.9613874554634094, 0.16757620871067047, -0.21829427778720856, -0.24186363816261292, 0.892922043800354, -0.37972649931907654, 0.1312866359949112, 0.41786181926727295, 0.8989746570587158),
            ["LeftUpperArm"] = CFrame.new(5.960464477539062e-07, 7.152557373046875e-07, -7.450580596923828e-07, 0.8076545596122742, 0.17151322960853577, -0.5641604661941528, -0.03560379147529602, 0.9692017436027527, 0.24368101358413696, 0.5885801315307617, -0.17672361433506012, 0.7888869047164917),
            ["RightLowerArm"] = CFrame.new(-0.000002294778823852539, -0.0000014901161193847656, 0.0000015897676348686218, 1, -6.333002033898083e-07, -0.0000028051438221154967, -0.000001889651457531727, 0.5827174186706543, -0.8126749992370605, 0.0000021504215510503855, 0.812674880027771, 0.5827173590660095),
            ["LeftHand"] = CFrame.new(6.854534149169922e-07, -5.960464477539063e-08, 2.9802322387695312e-08, 0.8832851648330688, -0.359823077917099, -0.30055728554725647, 0.3144942820072174, 0.9301814436912537, -0.18935683369636536, 0.3477077782154083, 0.07273253798484802, 0.9347777366638184),
            ["RightUpperLeg"] = CFrame.new(-8.940696716308594e-08, 2.6635825634002686e-07, -1.8050923245027661e-07, 0.795241117477417, -0.3809022605419159, -0.4717023968696594, 0.03993199020624161, 0.8092303276062012, -0.5861347317695618, 0.6049768924713135, 0.4472804367542267, 0.6587433815002441),
            ["LeftUpperLeg"] = CFrame.new(0, 8.270144462585449e-07, 8.940696716308594e-08, 0.777390718460083, 0.4044526517391205, 0.48174864053726196, 0.0701763927936554, 0.7053273916244507, -0.7054005861282349, -0.6250913143157959, 0.5821781158447266, 0.5199311375617981),
            ["RightLowerLeg"] = CFrame.new(-1.4901161193847656e-07, 7.748603820800781e-07, 4.639878170564771e-08, 1, -7.152562488954572e-07, -0.0000010952325055768597, 0.000001333654040536203, 0.660541296005249, 0.7507902979850769, 0, -0.7507897615432739, 0.6605406403541565),
            ["RightFoot"] = CFrame.new(-1.9371509552001953e-07, 3.5762786865234375e-07, -1.6221747500821948e-07, 0.9981493949890137, -0.044847920536994934, 0.04106466844677925, 0.03036339208483696, 0.9526854753494263, 0.30243775248527527, -0.0526866689324379, -0.30063116550445557, 0.9522840976715088),
            ["LeftLowerLeg"] = CFrame.new(-2.421438694000244e-08, -1.1920928955078125e-07, 8.009374141693115e-08, 1, 5.464535774990509e-07, -9.125788551500591e-07, -8.195638656616211e-08, 0.8936060070991516, 0.44885218143463135, 9.937211871147156e-07, -0.4488523304462433, 0.8936061263084412),
        }},
        {Time = 0.125, Data = {
            ["LeftFoot"] = CFrame.new(-1.955777406692505e-07, -5.960464477539063e-08, -2.5331974029541016e-07, 0.9971754550933838, -0.033023249357938766, 0.06745831668376923, -0.017693692818284035, 0.7695887088775635, 0.6382948756217957, -0.07299433648586273, -0.6376855373382568, 0.7668305039405823),
            ["LeftLowerArm"] = CFrame.new(0.0000010132789611816406, -0.0000014901161193847656, 0.0000012218952178955078, 1, 9.238722213922301e-07, 0.0000010877846534640412, 9.909273330777069e-07, 0.06369978934526443, -0.9979690909385681, -9.387732688992401e-07, 0.9979691505432129, 0.06369978189468384),
            ["LowerTorso"] = CFrame.new(-0.29729366302490234, 0.5651254653930664, 0.204662024974823, 0.8204037547111511, 0.02786428853869438, -0.5711053013801575, 0.07036392390727997, 0.9863001704216003, 0.14920084178447723, 0.5674386024475098, -0.1625901311635971, 0.8072037696838379),
            ["Head"] = CFrame.new(4.470348358154297e-08, -0.000001430511474609375, 1.4901161193847656e-07, 0.9806439876556396, 0.15131190419197083, -0.12426606565713882, -0.17190369963645935, 0.9691810607910156, -0.17645753920078278, 0.0937362015247345, 0.19440385699272156, 0.9764326214790344),
            ["RightUpperArm"] = CFrame.new(8.344650268554688e-07, -0.0000013113021850585938, 9.313225746154785e-09, 0.7407647967338562, -0.18042419850826263, 0.6470858454704285, 0.6182686686515808, 0.5597959160804749, -0.5516948699951172, -0.2627002000808716, 0.8087494969367981, 0.5262249112129211),
            ["UpperTorso"] = CFrame.new(1.1175870895385742e-08, -3.8743019104003906e-07, -2.2351741790771484e-08, 0.98676598072052, 0.13655370473861694, -0.08744121342897415, -0.04295320063829422, 0.7401221394538879, 0.6710992455482483, 0.15635830163955688, -0.6584620475769043, 0.7361928820610046),
            ["HumanoidRootPart"] = CFrame.new(0, 0, 0, 1, 0, 0, 0, 1, 0, 0, 0, 1),
            ["RightHand"] = CFrame.new(-3.7066638469696045e-07, 4.76837158203125e-07, -6.258487701416016e-07, 0.9392354488372803, 0.34323325753211975, 0.00526072084903717, -0.32233789563179016, 0.8871194124221802, -0.33032935857772827, -0.11804698407649994, 0.30856120586395264, 0.943851113319397),
            ["LeftUpperArm"] = CFrame.new(6.556510925292969e-07, 4.76837158203125e-07, -7.748603820800781e-07, 0.8921818733215332, 0.2799511253833771, -0.35445529222488403, -0.07755998522043228, 0.8680550456047058, 0.49037227034568787, 0.4449673891067505, -0.41000956296920776, 0.7961761951446533),
            ["RightLowerArm"] = CFrame.new(-0.0000018775463104248047, 0, 0.000001959502696990967, 1, -5.4761824230809e-07, -0.000002801418531817035, -0.000001903621296150959, 0.6159911155700684, -0.7877532243728638, 0.000002140177002729615, 0.7877531051635742, 0.6159910559654236),
            ["LeftHand"] = CFrame.new(3.2782554626464844e-07, -2.384185791015625e-07, 2.384185791015625e-07, 0.9258672595024109, -0.23155814409255981, -0.29858118295669556, 0.2773386538028717, 0.9531473517417908, 0.12080362439155579, 0.256618857383728, -0.19465622305870056, 0.9467078447341919),
            ["RightUpperLeg"] = CFrame.new(-2.9802322387695312e-08, -5.634501576423645e-08, -1.6596459317952394e-08, 0.6318793892860413, -0.5500770807266235, -0.546024739742279, -0.07113193720579147, 0.6603586673736572, -0.7475741505622864, 0.7717958092689514, 0.5112158060073853, 0.3781401515007019),
            ["LeftUpperLeg"] = CFrame.new(2.9802322387695312e-08, -1.5273690223693848e-07, 1.7136335372924805e-07, 0.9281620979309082, 0.3487626016139984, 0.12992322444915771, -0.028079891577363014, 0.41371792554855347, -0.9099721908569336, -0.3711153566837311, 0.8409531712532043, 0.3937900960445404),
            ["RightLowerLeg"] = CFrame.new(-2.4586915969848633e-07, 5.960464477539062e-07, 2.326632966287434e-07, 1, -0.000001266601088900643, -0.0000017681112467471394, 0.0000017262063920497894, 0.009458363056182861, 0.9999552965164185, -0.000001214444637298584, -0.9999552965164185, 0.00945774745196104),
            ["RightFoot"] = CFrame.new(-1.6670674085617065e-07, 6.556510925292969e-07, -8.794449968263507e-08, 0.9874511361122131, -0.1364753693342209, 0.07946420460939407, 0.1255713552236557, 0.9836615324020386, 0.12900176644325256, -0.09577087312936783, -0.1174079030752182, 0.9884554147720337),
            ["LeftLowerLeg"] = CFrame.new(3.3527612686157227e-08, -1.1920928955078125e-07, 2.3096799850463867e-07, 1, 0.0000011753303397199488, -5.16883460477402e-08, -1.8160794468258246e-07, 0.20489594340324402, 0.9787838459014893, 0.0000011567028650460998, -0.9787837862968445, 0.20489570498466492),
        }},
        {Time = 0.167, Data = {
            ["LeftFoot"] = CFrame.new(-2.7939677238464355e-07, -5.960464477539063e-08, -3.2782554626464844e-07, 0.9732419848442078, -0.20575053989887238, 0.10230790823698044, 0.05778278410434723, 0.6500698328018188, 0.7576746344566345, -0.22239892184734344, -0.7314888834953308, 0.6445636749267578),
            ["LeftLowerArm"] = CFrame.new(0.0000013709068298339844, -0.000002086162567138672, 1.9371509552001953e-07, 1, 7.562341011180251e-07, 0.000001154839765149518, 9.825453162193298e-07, 0.19501490890979767, -0.9808003306388855, -9.648501873016357e-07, 0.9808002710342407, 0.19501493871212006),
            ["LowerTorso"] = CFrame.new(-0.29866480827331543, 0.7654478549957275, 0.24785268306732178, 0.8265050649642944, 0.006244627293199301, -0.5628946423530579, 0.06323128193616867, 0.9925804734230042, 0.10385475307703018, 0.559366762638092, -0.12142902612686157, 0.8199779987335205),
            ["Head"] = CFrame.new(-1.1920928955078125e-07, -0.000001430511474609375, -8.940696716308594e-08, 0.9612089395523071, 0.22962766885757446, -0.15280266106128693, -0.23804184794425964, 0.9704711437225342, -0.0390104204416275, 0.13933271169662476, 0.07387061417102814, 0.9874864816665649),
            ["RightUpperArm"] = CFrame.new(4.76837158203125e-07, -0.0000015497207641601562, 2.60770320892334e-08, 0.7423654794692993, -0.1656886488199234, 0.6491891741752625, 0.6406206488609314, 0.4592864215373993, -0.6153504848480225, -0.196211040019989, 0.8726989030838013, 0.4470987915992737),
            ["UpperTorso"] = CFrame.new(5.21540641784668e-08, -2.384185791015625e-07, -2.9802322387695312e-08, 0.970954954624176, 0.206272691488266, -0.12123601138591766, -0.027204688638448715, 0.5985984802246094, 0.8005871772766113, 0.23771101236343384, -0.7740358710289001, 0.5868237614631653),
            ["HumanoidRootPart"] = CFrame.new(0, 0, 0, 1, 0, 0, 0, 1, 0, 0, 0, 1),
            ["RightHand"] = CFrame.new(-2.8312206268310547e-07, 4.76837158203125e-07, -8.493661880493164e-07, 0.9108626246452332, 0.39471930265426636, 0.12052421271800995, -0.3675572872161865, 0.9086630344390869, -0.19807395339012146, -0.187699556350708, 0.136118546128273, 0.9727490544319153),
            ["LeftUpperArm"] = CFrame.new(1.1920928955078125e-07, 4.76837158203125e-07, -2.5704503059387207e-07, 0.8976571559906006, 0.37329673767089844, -0.23422430455684662, -0.1521330177783966, 0.7613065838813782, 0.6302919983863831, 0.4136027991771698, -0.5301527380943298, 0.7401831746101379),
            ["RightLowerArm"] = CFrame.new(-0.0000019371509552001953, -0.0000012516975402832031, 0.0000016838312149047852, 1, -8.791695336185512e-07, -0.000002749264467638568, -0.0000018533297634348855, 0.5163458585739136, -0.8563802242279053, 0.0000021457647108036326, 0.8563801050186157, 0.5163457989692688),
            ["LeftHand"] = CFrame.new(3.2782554626464844e-07, 4.172325134277344e-07, 1.7881393432617188e-07, 0.9957488775253296, -0.06020063906908035, -0.06971531361341476, 0.07093687355518341, 0.9839897751808167, 0.16349945962429047, 0.05875649303197861, -0.16774965822696686, 0.9840771555900574),
            ["RightUpperLeg"] = CFrame.new(0, 2.750311978161335e-07, -6.129994289949536e-08, 0.553909957408905, -0.6013384461402893, -0.5758259296417236, -0.1272919476032257, 0.6223229169845581, -0.7723411917686462, 0.8227882385253906, 0.5011050701141357, 0.2681671380996704),
            ["LeftUpperLeg"] = CFrame.new(1.1920928955078125e-07, 2.898741513490677e-07, 1.8998980522155762e-07, 0.9937875866889954, 0.09653884917497635, -0.05537736043334007, -0.07743604481220245, 0.2423926144838333, -0.9670829772949219, -0.07993771880865097, 0.9653632640838623, 0.24836260080337524),
            ["RightLowerLeg"] = CFrame.new(-2.1327286958694458e-07, 0.0000013113021850585938, -1.4137185644358397e-08, 1, -0.0000011881371619892889, -0.0000019472754502203315, 0.0000015954723266986548, -0.2710926830768585, 0.9625535011291504, -0.0000016500711126354872, -0.9625533223152161, -0.27109208703041077),
            ["RightFoot"] = CFrame.new(-1.7749698599800467e-07, 4.76837158203125e-07, -2.893430064432323e-07, 0.9816194772720337, -0.17646194994449615, 0.07269220799207687, 0.17239363491535187, 0.9832631945610046, 0.05894048511981964, -0.08187549561262131, -0.04532823711633682, 0.995611310005188),
            ["LeftLowerLeg"] = CFrame.new(3.725290298461914e-09, 1.7881393432617188e-07, -2.2351741790771484e-08, 1, 0.0000017695151655061636, 0.000001140868562288233, -7.008201805547287e-07, -0.18036679923534393, 0.9835994839668274, 0.0000020321456304372987, -0.9835995435714722, -0.1803663820028305),
        }},
        {Time = 0.208, Data = {
            ["LeftFoot"] = CFrame.new(-3.0919909477233887e-07, 2.384185791015625e-07, -3.129243850708008e-07, 0.9896950721740723, -0.12919606268405914, 0.061742886900901794, 0.036219146102666855, 0.6430341601371765, 0.7649809122085571, -0.13853523135185242, -0.7548612356185913, 0.641086757183075),
            ["LeftLowerArm"] = CFrame.new(0.0000017285346984863281, -0.0000016689300537109375, 9.760260581970215e-07, 1, 7.078054977682768e-07, 0.0000012237575219842256, 9.955838322639465e-07, 0.20624229311943054, -0.97850102186203, -9.760260581970215e-07, 0.97850102186203, 0.20624224841594696),
            ["LowerTorso"] = CFrame.new(-0.30099570751190186, 0.8242695331573486, 0.279388964176178, 0.8292439579963684, 0.0017686844803392887, -0.5588840246200562, 0.060151778161525726, 0.9939039349555969, 0.09239557385444641, 0.5556403398513794, -0.11023635417222977, 0.8240824341773987),
            ["Head"] = CFrame.new(-1.9371509552001953e-07, -9.5367431640625e-07, 8.940696716308594e-08, 0.9343892335891724, 0.29227644205093384, -0.20369423925876617, -0.2894652187824249, 0.9561699032783508, 0.04414869099855423, 0.2076699435710907, 0.017710447311401367, 0.9780386090278625),
            ["RightUpperArm"] = CFrame.new(5.960464477539062e-07, -0.0000013113021850585938, 4.842877388000488e-08, 0.7381066083908081, -0.34583210945129395, 0.5793142318725586, 0.6646391153335571, 0.5203127264976501, -0.5362129807472229, -0.11598919332027435, 0.7808167934417725, 0.613897979259491),
            ["UpperTorso"] = CFrame.new(2.2351741790771484e-08, -8.046627044677734e-07, -5.960464477539063e-08, 0.9761866331100464, 0.20229701697826385, -0.0783306285738945, -0.06365769356489182, 0.6123170852661133, 0.7880454659461975, 0.207382470369339, -0.7642930746078491, 0.6106134653091431),
            ["HumanoidRootPart"] = CFrame.new(0, 0, 0, 1, 0, 0, 0, 1, 0, 0, 0, 1),
            ["RightHand"] = CFrame.new(-6.984919309616089e-07, 5.960464477539063e-08, -2.60770320892334e-07, 0.9570234417915344, 0.2850354015827179, 0.05348816141486168, -0.2777261435985565, 0.9538730978965759, -0.11399252712726593, -0.08351293206214905, 0.09423847496509552, 0.992040753364563),
            ["LeftUpperArm"] = CFrame.new(4.76837158203125e-07, 3.5762786865234375e-07, -5.066394805908203e-07, 0.9279384613037109, 0.3715459108352661, -0.0297272726893425, -0.2632398307323456, 0.7097258567810059, 0.6534478068351746, 0.26388460397720337, -0.5985339879989624, 0.7563876509666443),
            ["RightLowerArm"] = CFrame.new(-0.000002652406692504883, -2.384185791015625e-07, 0.000001817941665649414, 1, -0.0000011920946008103783, -0.0000026300551780877868, -0.0000018384292843620642, 0.4172513484954834, -0.9087911248207092, 0.0000021681171347154304, 0.9087911248207092, 0.4172513484954834),
            ["LeftHand"] = CFrame.new(-2.9802322387695312e-08, -3.5762786865234375e-07, 2.682209014892578e-07, 0.9960877895355225, -0.08477126806974411, -0.024958426132798195, 0.08296571671962738, 0.9943533539772034, -0.06616746634244919, 0.03042660281062126, 0.06383796036243439, 0.9974963665008545),
            ["RightUpperLeg"] = CFrame.new(0, -6.81320670992136e-08, 4.300818545743823e-08, 0.5444255471229553, -0.593609631061554, -0.5926448106765747, -0.1103745847940445, 0.6496918797492981, -0.7521424889564514, 0.8315156698226929, 0.474898099899292, 0.2881908118724823),
            ["LeftUpperLeg"] = CFrame.new(0, 2.1849700715392828e-07, 1.9953586161136627e-07, 0.9788671135902405, 0.20314174890518188, -0.02351422980427742, -0.07008388638496399, 0.22522155940532684, -0.9717836976051331, -0.19211353361606598, 0.9528949856758118, 0.23469871282577515),
            ["RightLowerLeg"] = CFrame.new(-3.383320290595293e-07, 8.940696716308594e-07, 2.2474705474451184e-07, 1, -0.000001726930236145563, -0.0000024742291770962765, 0.000001916647534017102, -0.21337831020355225, 0.9769697785377502, -0.000001990789542105631, -0.9769697189331055, -0.21337805688381195),
            ["RightFoot"] = CFrame.new(-1.7438287613913417e-07, 2.980232238769531e-07, -1.4685065252706409e-07, 0.9814180135726929, -0.1085953414440155, 0.15819589793682098, 0.09706033021211624, 0.9921436309814453, 0.0789312943816185, -0.16552358865737915, -0.06211341917514801, 0.9842479825019836),
            ["LeftLowerLeg"] = CFrame.new(7.450580596923828e-08, 1.7881393432617188e-07, 1.7881393432617188e-07, 1, 0.000001281501681660302, 4.2654554022192315e-07, -2.421439546651527e-07, -0.09709268063306808, 0.9952753782272339, 0.0000013317917364474852, -0.9952753782272339, -0.09709251672029495),
        }},
        {Time = 0.250, Data = {
            ["LeftFoot"] = CFrame.new(-2.0489096641540527e-07, 3.5762786865234375e-07, -1.7881393432617188e-07, 0.9980672001838684, -0.06195782124996185, 0.004796611610800028, 0.03859095647931099, 0.6784425377845764, 0.7336393594741821, -0.048709362745285034, -0.7320361137390137, 0.6795220971107483),
            ["LeftLowerArm"] = CFrame.new(0.000001341104507446289, -0.0000025033950805664062, -8.940696716308594e-08, 1, 8.344654247594008e-07, 0.000001151114474851056, 0.0000010021032039730926, 0.15369853377342224, -0.9881178140640259, -9.760261718838592e-07, 0.9881178140640259, 0.15369851887226105),
            ["LowerTorso"] = CFrame.new(-0.30346375703811646, 0.8090503215789795, 0.30749720335006714, 0.830100953578949, 0.0034269860479980707, -0.55760258436203, 0.05919032543897629, 0.9937898516654968, 0.09422420710325241, 0.554462730884552, -0.11122027784585953, 0.8247431516647339),
            ["Head"] = CFrame.new(-1.4901161193847656e-07, -0.000001430511474609375, -3.5762786865234375e-07, 0.9025558829307556, 0.34604722261428833, -0.25621095299720764, -0.33042508363723755, 0.9381791949272156, 0.10314661264419556, 0.2760653793811798, -0.008437065407633781, 0.9611018300056458),
            ["RightUpperArm"] = CFrame.new(7.152557373046875e-07, -0.0000013113021850585938, -3.3527612686157227e-07, 0.7720310091972351, -0.5255880355834961, 0.3573938012123108, 0.6353754997253418, 0.6237642168998718, -0.45520371198654175, 0.016315139830112457, 0.5785114169120789, 0.8155117034912109),
            ["UpperTorso"] = CFrame.new(-4.470348358154297e-08, -3.8743019104003906e-07, -4.470348358154297e-08, 0.9842341542243958, 0.1767425537109375, -0.0067254300229251385, -0.11770071089267731, 0.6828802227973938, 0.7209863066673279, 0.13202159106731415, -0.708827793598175, 0.6929168105125427),
            ["HumanoidRootPart"] = CFrame.new(0, 0, 0, 1, 0, 0, 0, 1, 0, 0, 0, 1),
            ["RightHand"] = CFrame.new(-3.3574178814888e-07, 1.1920928955078125e-07, -1.6763806343078613e-07, 0.9781340956687927, 0.20631910860538483, -0.026193905621767044, -0.20780788362026215, 0.9746162295341492, -0.08330138027667999, 0.008342302404344082, 0.08692321181297302, 0.9961801767349243),
            ["LeftUpperArm"] = CFrame.new(5.364418029785156e-07, 0, -8.568167686462402e-07, 0.8996663689613342, 0.35339099168777466, 0.25635001063346863, -0.4362012445926666, 0.7032161951065063, 0.5614404678344727, 0.018138809129595757, -0.6169293522834778, 0.7868095636367798),
            ["RightLowerArm"] = CFrame.new(-0.0000028312206268310547, 4.76837158203125e-07, 0.000001996755599975586, 1, -0.000001370908989883901, -0.000002577901568656671, -0.000001884995072032325, 0.35455766320228577, -0.9350342154502869, 0.0000021904686491325265, 0.9350340962409973, 0.3545576333999634),
            ["LeftHand"] = CFrame.new(1.7881393432617188e-07, -4.76837158203125e-07, 1.1920928955078125e-07, 0.9735896587371826, -0.22788438200950623, -0.01385643519461155, 0.2127525955438614, 0.9276115894317627, -0.30703938007354736, 0.08282285183668137, 0.2959824800491333, 0.9515959620475769),
            ["RightUpperLeg"] = CFrame.new(-1.4901161193847656e-07, 9.234645403921604e-08, -1.287116901949048e-08, 0.5480602979660034, -0.622209906578064, -0.5590028166770935, -0.06357091665267944, 0.6353957056999207, -0.7695654630661011, 0.8340196013450623, 0.45730429887771606, 0.308682382106781),
            ["LeftUpperLeg"] = CFrame.new(0, 9.941868484020233e-08, 2.1047890186309814e-07, 0.9353114366531372, 0.3522215187549591, 0.03366011008620262, -0.046511005610227585, 0.21669697761535645, -0.9751304388046265, -0.3507553040981293, 0.9104847311973572, 0.21906092762947083),
            ["RightLowerLeg"] = CFrame.new(-1.4388933777809143e-07, 7.748603820800781e-07, -1.4917895896360278e-07, 1, -0.0000016884904425751301, -0.0000023846471322030993, 0.0000020517038592515746, -0.20483414828777313, 0.9787967801094055, -0.000002140645165127353, -0.978796660900116, -0.20483385026454926),
            ["RightFoot"] = CFrame.new(-1.603184500709176e-07, 1.7881393432617188e-07, -1.0633812053129077e-07, 0.9736868739128113, -0.07120858877897263, 0.2164802998304367, 0.046746719628572464, 0.9921367764472961, 0.11609864979982376, -0.22304409742355347, -0.1029265746474266, 0.9693593382835388),
            ["LeftLowerLeg"] = CFrame.new(1.0803341865539551e-07, 1.1920928955078125e-07, -8.568167686462402e-08, 1, 0.000001631679310776235, 4.6938617970226915e-07, -5.643817644340743e-07, 0.06964601576328278, 0.9975717663764954, 0.0000015702106566095608, -0.9975717663764954, 0.06964591890573502),
        }},
        {Time = 0.292, Data = {
            ["LeftFoot"] = CFrame.new(-1.043081283569336e-07, 5.960464477539063e-08, -1.6391277313232422e-07, 0.9987362623214722, -0.02049856074154377, -0.045888617634773254, 0.04618155583739281, 0.7345399260520935, 0.6769924163818359, 0.01982908509671688, -0.6782558560371399, 0.73455810546875),
            ["LeftLowerArm"] = CFrame.new(0.0000010728836059570312, -0.0000015497207641601562, 8.046627044677734e-07, 1, 8.344654247594008e-07, 0.0000012228265404701233, 0.0000010207295417785645, 0.13078512251377106, -0.9914107918739319, -8.642673492431641e-07, 0.9914107918739319, 0.13078519701957703),
            ["LowerTorso"] = CFrame.new(-0.3062060475349426, 0.7311694622039795, 0.3330003619194031, 0.8291382193565369, 0.007066388614475727, -0.5589991211891174, 0.06033380329608917, 0.9929487109184265, 0.10204245150089264, 0.5557785034179688, -0.11833382397890091, 0.8228654265403748),
            ["Head"] = CFrame.new(-8.940696716308594e-08, -9.5367431640625e-07, -1.043081283569336e-07, 0.8703032732009888, 0.39146488904953003, -0.29887691140174866, -0.3583003580570221, 0.9195957183837891, 0.16113528609275818, 0.3379247486591339, -0.03314884752035141, 0.9405892491340637),
            ["RightUpperArm"] = CFrame.new(7.152557373046875e-07, -0.000001430511474609375, -3.5762786865234375e-07, 0.8032362461090088, -0.591510534286499, 0.0702279582619667, 0.5575833916664124, 0.7051618099212646, -0.4379976689815521, 0.20955267548561096, 0.39097580313682556, 0.8962287902832031),
            ["UpperTorso"] = CFrame.new(7.450580596923828e-08, -2.682209014892578e-07, -2.9802322387695312e-08, 0.9856529235839844, 0.15389703214168549, 0.06931126862764359, -0.16319377720355988, 0.7641225457191467, 0.6240869760513306, 0.043082814663648605, -0.626444399356842, 0.7782747149467468),
            ["HumanoidRootPart"] = CFrame.new(0, 0, 0, 1, 0, 0, 0, 1, 0, 0, 0, 1),
            ["RightHand"] = CFrame.new(-2.086162567138672e-07, 2.384185791015625e-07, -5.960464477539062e-07, 0.9770512580871582, 0.21122068166732788, -0.027509912848472595, -0.21284635365009308, 0.973126232624054, -0.08787359297275543, 0.008209803141653538, 0.09171232581138611, 0.9957517385482788),
            ["LeftUpperArm"] = CFrame.new(4.172325134277344e-07, 0.0000011920928955078125, -8.195638656616211e-07, 0.8028562068939209, 0.3999966084957123, 0.44206851720809937, -0.5618776679039001, 0.7555528879165649, 0.33679908514022827, -0.19928759336471558, -0.5187894105911255, 0.8313493728637695),
            ["RightLowerArm"] = CFrame.new(-0.0000019669532775878906, -4.76837158203125e-07, 0.0000017881393432617188, 1, -0.0000012218969231980736, -0.000002514570951461792, -0.0000018924449705082225, 0.3910565972328186, -0.920366644859314, 0.0000021308633222361095, 0.920366644859314, 0.3910565972328186),
            ["LeftHand"] = CFrame.new(0, -7.152557373046875e-07, 3.725290298461914e-07, 0.9296550154685974, -0.367436021566391, 0.027066603302955627, 0.34753385186195374, 0.8501644730567932, -0.3955257534980774, 0.12231922149658203, 0.37710896134376526, 0.9180560111999512),
            ["RightUpperLeg"] = CFrame.new(5.960464477539063e-08, 1.8300488591194153e-07, -7.24758137948811e-08, 0.5737693905830383, -0.6560267210006714, -0.4903235137462616, 0.004216106608510017, 0.6010324358940125, -0.7992135286331177, 0.819006085395813, 0.45649653673171997, 0.3476211428642273),
            ["LeftUpperLeg"] = CFrame.new(5.960464477539063e-08, 2.4959444999694824e-07, 1.9744038581848145e-07, 0.8621446490287781, 0.4886850118637085, 0.13376832008361816, 0.018702995032072067, 0.2331428825855255, -0.9722626805305481, -0.5063169598579407, 0.8407326936721802, 0.19186283648014069),
            ["RightLowerLeg"] = CFrame.new(-2.644956111907959e-07, 7.152557373046875e-07, 5.08334778714925e-07, 1, -0.0000011986147683273884, -0.0000018607787524160813, 0.000001689419150352478, -0.17937588691711426, 0.9837806820869446, -0.0000014957040548324585, -0.983780562877655, -0.17937587201595306),
            ["RightFoot"] = CFrame.new(-1.9080471247434616e-07, 4.76837158203125e-07, -1.5849218470975757e-07, 0.9594036936759949, -0.02618536166846752, 0.2808198630809784, -0.020948564633727074, 0.9863134026527405, 0.16354219615459442, -0.2812575101852417, -0.1627887487411499, 0.9457241296768188),
            ["LeftLowerLeg"] = CFrame.new(1.5273690223693848e-07, 4.76837158203125e-07, 1.0314397513866425e-07, 1, 0.000002074756821457413, 5.012839210394304e-07, -0.0000010221268667010008, 0.29669150710105896, 0.9549736976623535, 0.0000018426223959977506, -0.9549734592437744, 0.29669079184532166),
        }},
        {Time = 0.333, Data = {
            ["LeftFoot"] = CFrame.new(-2.3096799850463867e-07, 1.1920928955078125e-07, -2.0116567611694336e-07, 0.9970540404319763, 0.010534227825701237, -0.0759768858551979, 0.03649311885237694, 0.8060837984085083, 0.5906752943992615, 0.0674658715724945, -0.591707706451416, 0.8033244013786316),
            ["LeftLowerArm"] = CFrame.new(0.0000022649765014648438, -0.000001430511474609375, 9.5367431640625e-07, 1, 7.748605526103347e-07, 0.000001132487795985071, 9.685754776000977e-07, 0.15716420114040375, -0.9875724911689758, -9.872019290924072e-07, 0.9875724911689758, 0.15716418623924255),
            ["LowerTorso"] = CFrame.new(-0.30867403745651245, 0.5615601539611816, 0.35781776905059814, 0.824768602848053, 0.011971979402005672, -0.5653436779975891, 0.06596232205629349, 0.9909135103225708, 0.11721516400575638, 0.5616099834442139, -0.13396675884723663, 0.8164846897125244),
            ["Head"] = CFrame.new(-1.7881393432617188e-07, -0.0000010728836059570312, 1.4901161193847656e-08, 0.8454198241233826, 0.41940295696258545, -0.33070582151412964, -0.36372169852256775, 0.9055073261260986, 0.2185477316379547, 0.3911161422729492, -0.06447970122098923, 0.9180798530578613),
            ["RightUpperArm"] = CFrame.new(4.76837158203125e-07, -0.0000010728836059570312, -7.599592208862305e-07, 0.8391772508621216, -0.5335579514503479, -0.10537354648113251, 0.4299413859844208, 0.7694797515869141, -0.4722774922847748, 0.33306440711021423, 0.35102275013923645, 0.8751288652420044),
            ["UpperTorso"] = CFrame.new(0, -4.172325134277344e-07, -7.450580596923828e-08, 0.9834657311439514, 0.13900813460350037, 0.11606939136981964, -0.17949262261390686, 0.8332975506782532, 0.5228744745254517, -0.02403666079044342, -0.5350624918937683, 0.8444704413414001),
            ["HumanoidRootPart"] = CFrame.new(0, 0, 0, 1, 0, 0, 0, 1, 0, 0, 0, 1),
            ["RightHand"] = CFrame.new(-8.940696716308594e-07, 5.960464477539062e-07, -3.427267074584961e-07, 0.9782212972640991, 0.17954252660274506, 0.10415250062942505, -0.17064112424850464, 0.9813117384910583, -0.0889318510890007, -0.11817310750484467, 0.06922238320112228, 0.9905773401260376),
            ["LeftUpperArm"] = CFrame.new(4.172325134277344e-07, 0.0000011920928955078125, -6.556510925292969e-07, 0.7780100107192993, 0.4719926118850708, 0.41463643312454224, -0.5727013945579529, 0.8041564226150513, 0.15920361876487732, -0.25828954577445984, -0.3613246977329254, 0.8959525227546692),
            ["RightLowerArm"] = CFrame.new(-0.000002384185791015625, -1.1920928955078125e-07, 0.0000016987323760986328, 1, -0.0000010132806664842064, -0.000002633781605254626, -0.0000018626433302415535, 0.47759029269218445, -0.878582775592804, 0.000002160666326744831, 0.8785827159881592, 0.4775902330875397),
            ["LeftHand"] = CFrame.new(-1.7881393432617188e-07, -4.76837158203125e-07, 2.5331974029541016e-07, 0.936201810836792, -0.3505578935146332, 0.025204619392752647, 0.3455016314983368, 0.9048013091087341, -0.24892452359199524, 0.06445730477571487, 0.24175183475017548, 0.9681949019432068),
