return {
    Bounce = {
        [1] = {Time = 0.000, Data = {
            ["CameraPart"] = CFrame.new(9.992514549139742e-08, 2.626206874847412, -3.4155402183532715, -1, 9.192041972028164e-08, -1.197930146190629e-07, 2.8185567656137823e-15, 0.7933533191680908, 0.6087614297866821, 1.5099580252808664e-07, 0.6087614297866821, -0.7933533191680908),
            ["LeftLowerArm"] = CFrame.new(0.0000010132789611816406, -3.5762786865234375e-07, 0.000004932284355163574, 1, -8.568167686462402e-08, 0, -8.940696716308594e-08, -0.08988521993160248, -0.9959521293640137, 2.514570951461792e-08, 0.9959521889686584, -0.08988513797521591),
            ["LeftFoot"] = CFrame.new(-2.7939677238464355e-08, -1.7881393432617188e-07, -1.1175870895385742e-08, 0.9658952355384827, -0.1988016813993454, 0.16590464115142822, 0.23880942165851593, 0.931603729724884, -0.2740158140659332, -0.10008262097835541, 0.30428990721702576, 0.9473072290420532),
            ["RightHand"] = CFrame.new(3.725290298461914e-07, 7.748603820800781e-07, -7.82310962677002e-07, 0.9369917511940002, 0.015191048383712769, 0.34902071952819824, 0.1465190201997757, 0.8898533582687378, -0.43207985162734985, -0.3171413838863373, 0.45599356293678284, 0.8315597176551819),
            ["HumanoidRootPart"] = CFrame.new(0, 0, 0, 1, 0, 0, 0, 1, 0, 0, 0, 1),
            ["RightLowerLeg"] = CFrame.new(-2.2351741790771484e-08, -0.0007264018058776855, 0.00004595687641995028, 1, 1.1175873737556685e-07, 5.587936779960501e-09, -4.470347647611561e-08, 0.5921104550361633, 0.8058567643165588, 9.872017869838601e-08, -0.8058568239212036, 0.5921106338500977),
            ["LeftUpperLeg"] = CFrame.new(-5.960464477539063e-08, -2.9569491744041443e-07, 7.450580596923828e-09, 0.9618752002716064, 0.05482308566570282, -0.26793769001960754, -0.05627831816673279, 0.9984126687049866, 0.0022517291363328695, 0.2676358222961426, 0.01291328202933073, 0.9634336829185486),
            ["LeftLowerLeg"] = CFrame.new(4.1443854570388794e-08, -0.0007264018058776855, 0.00008101388812065125, 1, 1.1920931797249068e-07, 4.097817907222634e-08, -8.568166975919667e-08, 0.39492079615592957, 0.9187153577804565, 9.161884406694298e-08, -0.918715238571167, 0.39492037892341614),
            ["LowerTorso"] = CFrame.new(-0.055278148502111435, -0.2182619571685791, -0.07542365789413452, 0.9296053647994995, -0.01958629861474037, 0.3680356740951538, 0.04278859123587608, 0.9975697994232178, -0.05498869717121124, -0.3660642206668854, 0.06686551123857498, 0.9281842708587646),
            ["Head"] = CFrame.new(-2.60770320892334e-08, -9.5367431640625e-07, -4.6566128730773926e-08, 0.8836740851402283, 0.15763506293296814, 0.4407621920108795, -0.14893878996372223, 0.9873428344726562, -0.05451139435172081, -0.4437762498855591, -0.017476404085755348, 0.8959671258926392),
            ["UpperTorso"] = CFrame.new(-7.450580596923828e-09, -3.2782554626464844e-07, -1.862645149230957e-09, 0.6596564650535583, 0.054159071296453476, -0.7496135234832764, -0.08788745850324631, 0.9961159229278564, -0.005371786653995514, 0.7464109063148499, 0.06942515075206757, 0.6618540287017822),
            ["LeftUpperArm"] = CFrame.new(0.033570826053619385, 0.00958108901977539, 0.009289667010307312, 0.5869686603546143, 0.6953386068344116, -0.41469499468803406, -0.7603163123130798, 0.6494277715682983, 0.012757007963955402, 0.2781849503517151, 0.30781152844429016, 0.9098710417747498),
            ["RightLowerArm"] = CFrame.new(5.960464477539063e-08, 4.172325134277344e-07, -0.0000037550926208496094, 1, -0.000015426427125930786, 0.000011866912245750427, 0.00001898780647024978, 0.6383792757987976, -0.7697219848632812, 0.00000435859010394779, 0.7697219848632812, 0.6383792757987976),
            ["LeftHand"] = CFrame.new(-0.0000017285346984863281, -0.0000012516975402832031, 5.960464477539063e-08, 0.9595504403114319, 0.14573295414447784, -0.24088317155838013, -0.2268078625202179, 0.9070440530776978, -0.35472437739372253, 0.16679683327674866, 0.39501020312309265, 0.9034079909324646),
            ["RightFoot"] = CFrame.new(1.955777406692505e-07, -5.960464477539063e-08, 1.6952981241047382e-09, 0.9898583889007568, -0.050474949181079865, -0.1327880620956421, 0.0007452201098203659, 0.9365794658660889, -0.3504544794559479, 0.1420556753873825, 0.3468012809753418, 0.927118718624115),
            ["RightUpperLeg"] = CFrame.new(-2.9802322387695312e-08, -2.9616057872772217e-07, -1.6952981241047382e-09, 0.807949423789978, -0.2472739815711975, -0.534858226776123, -0.057046204805374146, 0.870603084564209, -0.48866772651672363, 0.5864840149879456, 0.42533040046691895, 0.6892971396446228),
            ["RightUpperArm"] = CFrame.new(-0.027443528175354004, 0.001636505126953125, 0.00925569236278534, 0.7509354948997498, -0.6308751106262207, -0.19517283141613007, 0.5404000878334045, 0.4171866476535797, 0.7307005524635315, -0.37955716252326965, -0.6541803479194641, 0.6542052030563354)
        }},
        [2] = {Time = 0.034, Data = {
            ["CameraPart"] = CFrame.new(9.992514549139742e-08, 2.626206874847412, -3.4155402183532715, -1, 9.192041972028164e-08, -1.197930146190629e-07, 2.8185567656137823e-15, 0.7933533191680908, 0.6087614297866821, 1.5099580252808664e-07, 0.6087614297866821, -0.7933533191680908),
            ["LeftLowerArm"] = CFrame.new(0.0000016093254089355469, -4.76837158203125e-07, 0.000004783272743225098, 1, 1.4901161193847656e-08, -7.450581307466564e-08, -7.450580596923828e-08, -0.04559636116027832, -0.9989599585533142, -7.450580596923828e-09, 0.9989599585533142, -0.04559637978672981),
            ["LeftFoot"] = CFrame.new(-3.725290298461914e-08, -1.1920928955078125e-07, -2.9802322387695312e-08, 0.9648313522338867, -0.22955743968486786, 0.12807786464691162, 0.25526484847068787, 0.9345354437828064, -0.24795879423618317, -0.06277246028184891, 0.27193212509155273, 0.9602669477462769),
            ["RightHand"] = CFrame.new(5.364418029785156e-07, 0.0000013709068298339844, -7.152557373046875e-07, 0.9181806445121765, -0.0031528850086033344, 0.3961491882801056, 0.14174507558345795, 0.9363848567008972, -0.3210790753364563, -0.36993613839149475, 0.3509608805179596, 0.8602175116539001),
            ["HumanoidRootPart"] = CFrame.new(0, 0, 0, 1, 0, 0, 0, 1, 0, 0, 0, 1),
            ["RightLowerLeg"] = CFrame.new(-1.1175870895385742e-07, -0.0007266402244567871, 0.00004623999848263338, 1, 1.1548404188488348e-07, -1.1175873559921001e-08, -7.078052277620372e-08, 0.5243538022041321, 0.8515005111694336, 9.313227167240257e-08, -0.8515004515647888, 0.5243538022041321),
            ["LeftUpperLeg"] = CFrame.new(5.960464477539063e-08, -2.9103830456733704e-07, -7.450580596923828e-09, 0.9724846482276917, 0.07215122878551483, -0.2215130776166916, -0.08042974770069122, 0.9963508248329163, -0.028570348396897316, 0.2186432182788849, 0.045600567013025284, 0.9747387766838074),
            ["LeftLowerLeg"] = CFrame.new(6.746267899870872e-08, -0.0007264614105224609, 0.00008099200204014778, 1, 6.053598866628818e-08, 6.33299421792799e-08, -8.847566590475253e-08, 0.29824650287628174, 0.9544890522956848, 8.242206916975192e-08, -0.9544889330863953, 0.29824626445770264),
            ["LowerTorso"] = CFrame.new(-0.049363408237695694, -0.2552356719970703, -0.07450082898139954, 0.9490629434585571, -0.035379208624362946, 0.31309396028518677, 0.051936764270067215, 0.9976495504379272, -0.04469970613718033, -0.31077659130096436, 0.05868392437696457, 0.9486696720123291),
            ["Head"] = CFrame.new(-1.862645149230957e-09, -5.960464477539062e-07, 1.862645149230957e-09, 0.9091057777404785, 0.17134468257427216, 0.3796944320201874, -0.15070001780986786, 0.9850305318832397, -0.08369240164756775, -0.3883506655693054, 0.01886511966586113, 0.9213184118270874),
            ["UpperTorso"] = CFrame.new(-3.725290298461914e-09, -3.5762786865234375e-07, -1.30385160446167e-08, 0.7471692562103271, 0.07489090412855148, -0.6604010462760925, -0.09690555185079575, 0.9952883720397949, 0.0032301880419254303, 0.6575313210487366, 0.06158307194709778, 0.7509061694145203),
            ["LeftUpperArm"] = CFrame.new(0.032457828521728516, 0.011518478393554688, 0.004179075360298157, 0.6649134755134583, 0.6130245327949524, -0.4267214238643646, -0.6900043487548828, 0.7228751182556152, -0.03668235242366791, 0.2859790325164795, 0.31883013248443604, 0.9036388993263245),
            ["RightLowerArm"] = CFrame.new(3.2782554626464844e-07, 3.5762786865234375e-07, -0.0000035762786865234375, 1, -0.00001769326627254486, 0.000007994472980499268, 0.000018976630599354394, 0.7976619005203247, -0.6031048893928528, 0.000004380941845738562, 0.6031050086021423, 0.7976619005203247),
            ["LeftHand"] = CFrame.new(-0.0000016689300537109375, -9.5367431640625e-07, 4.470348358154297e-07, 0.9577884078025818, 0.11780433356761932, -0.26222774386405945, -0.21200571954250336, 0.9055156111717224, -0.36755311489105225, 0.19415216147899628, 0.40763184428215027, 0.8922675251960754),
            ["RightFoot"] = CFrame.new(1.5925616025924683e-07, 5.960464477539063e-08, 1.6952981241047382e-09, 0.9874445796012878, -0.05590745806694031, -0.14774169027805328, -0.008037194609642029, 0.916282594203949, -0.4004518389701843, 0.15776118636131287, 0.3966112732887268, 0.9043289422988892),
            ["RightUpperLeg"] = CFrame.new(-8.940696716308594e-08, -1.94646418094635e-07, -4.639878170564771e-08, 0.8472573161125183, -0.21372082829475403, -0.48629045486450195, -0.08076231181621552, 0.8530126810073853, -0.5156034231185913, 0.5250071883201599, 0.4761226773262024, 0.7054607272148132),
            ["RightUpperArm"] = CFrame.new(-0.028588294982910156, 0.00044858455657958984, 0.004162967205047607, 0.8105072379112244, -0.57040935754776, -0.13308416306972504, 0.4977595806121826, 0.5510050058364868, 0.6697977781295776, -0.3087286651134491, -0.6091196537017822, 0.7305201292037964)
        }},
        [3] = {Time = 0.069, Data = {
            ["CameraPart"] = CFrame.new(9.992514549139742e-08, 2.626206874847412, -3.4155402183532715, -1, 9.192041972028164e-08, -1.197930146190629e-07, 2.8185567656137823e-15, 0.7933533191680908, 0.6087614297866821, 1.5099580252808664e-07, 0.6087614297866821, -0.7933533191680908),
            ["LeftLowerArm"] = CFrame.new(0.0000015795230865478516, -7.152557373046875e-07, 0.000004798173904418945, 1, -1.1175869119028903e-08, -1.1920930376163597e-07, -8.940696716308594e-08, -0.0015734282787889242, -0.9999987483024597, 7.450580596923828e-09, 0.9999987483024597, -0.0015735256019979715),
            ["LeftFoot"] = CFrame.new(1.862645149230957e-08, -1.7881393432617188e-07, 4.842877388000488e-08, 0.9675964117050171, -0.238205224275589, 0.08375851809978485, 0.25126275420188904, 0.9411545991897583, -0.22604233026504517, -0.024985238909721375, 0.23976314067840576, 0.9705098271369934),
            ["RightHand"] = CFrame.new(1.4156103134155273e-07, 7.748603820800781e-07, -7.152557373046875e-07, 0.918184220790863, -0.02659248560667038, 0.3952596187591553, 0.10448041558265686, 0.9786742329597473, -0.17686325311660767, -0.3821275532245636, 0.20369017124176025, 0.9013818502426147),
            ["HumanoidRootPart"] = CFrame.new(0, 0, 0, 1, 0, 0, 0, 1, 0, 0, 0, 1),
            ["RightLowerLeg"] = CFrame.new(-5.960464477539063e-08, -0.0007264018058776855, 0.00004615804209606722, 1, 1.415610881849716e-07, 2.421439049271612e-08, -7.82310962677002e-08, 0.48656314611434937, 0.8736453652381897, 9.685754776000977e-08, -0.8736454844474792, 0.4865632951259613),
            ["LeftUpperLeg"] = CFrame.new(2.9802322387695312e-08, 2.450542524456978e-07, -7.450580596923828e-09, 0.9852808117866516, 0.09492804110050201, -0.14216305315494537, -0.10427739471197128, 0.9927481412887573, -0.059810638427734375, 0.13545434176921844, 0.07375474274158478, 0.9880346655845642),
            ["LeftLowerLeg"] = CFrame.new(-8.195638656616211e-08, -0.0007265210151672363, 0.00008097663521766663, 1, 9.033831105398349e-08, 7.450580596923828e-08, -7.916241884231567e-08, 0.21284151077270508, 0.9770867824554443, 7.217749953269958e-08, -0.9770868420600891, 0.2128414511680603),
            ["LowerTorso"] = CFrame.new(-0.041806500405073166, -0.27964019775390625, -0.07372316718101501, 0.9714996814727783, -0.053621888160705566, 0.23089635372161865, 0.06259582191705704, 0.9975351095199585, -0.03171168267726898, -0.2286267727613449, 0.04526103660464287, 0.972461462020874),
            ["Head"] = CFrame.new(9.313225746154785e-09, -5.960464477539062e-07, 9.313225746154785e-09, 0.9437094330787659, 0.17649488151073456, 0.2797534465789795, -0.15447202324867249, 0.9830155968666077, -0.09908956289291382, -0.2924909293651581, 0.05029748007655144, 0.9549446702003479),
            ["UpperTorso"] = CFrame.new(1.862645149230957e-08, -2.9802322387695312e-08, -1.210719347000122e-08, 0.857532262802124, 0.09305372089147568, -0.505943775177002, -0.10830462723970413, 0.9941175580024719, -0.0007281749858520925, 0.5029000043869019, 0.05542050674557686, 0.8625661134719849),
            ["LeftUpperArm"] = CFrame.new(0.03060173988342285, 0.010016202926635742, 0.0012510120868682861, 0.7476915717124939, 0.5097167491912842, -0.42561259865760803, -0.5857462882995605, 0.8081873059272766, -0.06111401692032814, 0.31282365322113037, 0.2949952185153961, 0.9028394222259521),
            ["RightLowerArm"] = CFrame.new(5.960464477539063e-08, 3.5762786865234375e-07, -0.000003844499588012695, 1, -0.000019027853340958245, 0.0000036545106922858395, 0.000018943102986668237, 0.9146010875701904, -0.4043576717376709, 0.000004325062491261633, 0.4043576121330261, 0.9146010279655457),
            ["LeftHand"] = CFrame.new(-0.0000019073486328125, -0.0000011324882507324219, 2.384185791015625e-07, 0.9606019854545593, 0.05599743872880936, -0.272227942943573, -0.16196684539318085, 0.9087656140327454, -0.38459303975105286, 0.22585554420948029, 0.41353294253349304, 0.8820317983627319),
            ["RightFoot"] = CFrame.new(2.086162567138672e-07, -1.1920928955078125e-07, 1.6596459317952394e-08, 0.9849084615707397, -0.06496037542819977, -0.16042307019233704, -0.010013049468398094, 0.9039532542228699, -0.42751407623291016, 0.17278635501861572, 0.4226684868335724, 0.8896607756614685),
            ["RightUpperLeg"] = CFrame.new(5.960464477539063e-08, 1.9185245037078857e-07, 9.480572771281004e-09, 0.8918198943138123, -0.15217766165733337, -0.42602720856666565, -0.11157218366861343, 0.8386474847793579, -0.5331249833106995, 0.43841636180877686, 0.5229841470718384, 0.7309436798095703),
            ["RightUpperArm"] = CFrame.new(-0.03040754795074463, 0.0026520490646362305, 0.001245930790901184, 0.8709734678268433, -0.4852088689804077, -0.07731427252292633, 0.42963773012161255, 0.6757844686508179, 0.5989384055137634, -0.23836253583431244, -0.5548763275146484, 0.79705411195755)
        }},
        [4] = {Time = 0.103, Data = {
            ["CameraPart"] = CFrame.new(9.992514549139742e-08, 2.626206874847412, -3.4155402183532715, -1, 9.192041972028164e-08, -1.197930146190629e-07, 2.8185567656137823e-15, 0.7933533191680908, 0.6087614297866821, 1.5099580252808664e-07, 0.6087614297866821, -0.7933533191680908),
            ["LeftLowerArm"] = CFrame.new(0.0000012814998626708984, 1.1920928955078125e-07, 0.000004887580871582031, 1, 8.3819010399111e-08, -4.4703494239684005e-08, -1.1920928955078125e-07, 0.035073425620794296, -0.9993847608566284, -6.705522537231445e-08, 0.9993847608566284, 0.03507338836789131),
            ["LeftFoot"] = CFrame.new(6.705522537231445e-08, -5.960464477539063e-08, -5.21540641784668e-08, 0.9735205769538879, -0.2271484136581421, 0.025715678930282593, 0.22812525928020477, 0.9580908417701721, -0.17326562106609344, 0.014718996360898018, 0.17454397678375244, 0.9845393896102905),
            ["RightHand"] = CFrame.new(3.241002559661865e-07, 7.152557373046875e-07, -8.046627044677734e-07, 0.9399617314338684, -0.052071113139390945, 0.33728379011154175, 0.07896570861339569, 0.9946563839912415, -0.06650733202695847, -0.33201873302459717, 0.08914832025766373, 0.9390509128570557),
            ["HumanoidRootPart"] = CFrame.new(0, 0, 0, 1, 0, 0, 0, 1, 0, 0, 0, 1),
            ["RightLowerLeg"] = CFrame.new(-6.705522537231445e-08, -0.0007264018058776855, 0.000046031382225919515, 1, 1.1175876579727628e-07, 1.1175874448099421e-08, -7.82310962677002e-08, 0.46173813939094543, 0.887016236782074, 1.1920928955078125e-07, -0.8870163559913635, 0.4617381989955902),
            ["LeftUpperLeg"] = CFrame.new(5.960464477539063e-08, 1.8952414393424988e-07, 1.3969838619232178e-08, 0.9904921054840088, 0.12735313177108765, -0.05202438309788704, -0.13281771540641785, 0.9837965965270996, -0.12043143808841705, 0.0358441136777401, 0.12619632482528687, 0.9913575053215027),
            ["LeftLowerLeg"] = CFrame.new(-2.60770320892334e-08, -0.0007265210151672363, 0.00008099153637886047, 1, 9.313229298868464e-08, 8.195636524988004e-08, -8.754431490842762e-08, 0.1027870923280716, 0.9947034120559692, 7.916241173688832e-08, -0.9947034120559692, 0.10278690606355667),
            ["LowerTorso"] = CFrame.new(-0.032952845096588135, -0.2985653877258301, -0.07377047836780548, 0.9894392490386963, -0.07117199897766113, 0.12627151608467102, 0.07377837598323822, 0.9971450567245483, -0.016079802066087723, -0.12476658076047897, 0.02522609755396843, 0.9918653964996338),
            ["Head"] = CFrame.new(3.259629011154175e-09, -5.960464477539062e-07, -6.868503987789154e-09, 0.974127471446991, 0.17019079625606537, 0.14869660139083862, -0.15407390892505646, 0.9814630746841431, -0.11398087441921234, -0.1653386503458023, 0.08812150359153748, 0.9822920560836792),
            ["UpperTorso"] = CFrame.new(2.8870999813079834e-08, 1.7881393432617188e-07, 8.847564458847046e-09, 0.9517554044723511, 0.11010394990444183, -0.286424458026886, -0.11936161667108536, 0.9927374124526978, -0.015008613467216492, 0.28269171714782715, 0.04847261309623718, 0.9579852223396301),
            ["LeftUpperArm"] = CFrame.new(0.029959797859191895, 0.007546067237854004, -0.0031356364488601685, 0.8328392505645752, 0.3875521123409271, -0.39519843459129333, -0.4375515878200531, 0.8982479572296143, -0.04122519865632057, 0.3390093147754669, 0.20725363492965698, 0.9176703095436096),
            ["RightLowerArm"] = CFrame.new(5.662441253662109e-07, 8.344650268554688e-07, -0.0000037550926208496094, 1, -0.000019428325686021708, -1.49011640360186e-07, 0.00001891330066428054, 0.9767357707023621, -0.21444682776927948, 0.000004293397523724707, 0.21444687247276306, 0.9767357110977173),
            ["LeftHand"] = CFrame.new(-0.0000013709068298339844, -0.0000010728836059570312, -1.7881393432617188e-07, 0.9615282416343689, 0.011024505831301212, -0.2744845449924469, -0.11978403478860855, 0.9160265326499939, -0.38281485438346863, 0.24721506237983704, 0.4009664058685303, 0.8821060061454773),
            ["RightFoot"] = CFrame.new(2.0116567611694336e-07, -5.960464477539063e-08, 2.4047039914876223e-08, 0.9822388887405396, -0.07490760087966919, -0.1720341593027115, -0.009251986630260944, 0.8964047431945801, -0.4431399405002594, 0.18740685284137726, 0.4368607997894287, 0.8797904253005981),
            ["RightUpperLeg"] = CFrame.new(2.9802322387695312e-08, -6.170012056827545e-08, 1.3205863069742918e-08, 0.9335062503814697, -0.07321234047412872, -0.35100728273391724, -0.14364631474018097, 0.8205814957618713, -0.5531834959983826, 0.3285299241542816, 0.5668210387229919, 0.7555010914802551),
            ["RightUpperArm"] = CFrame.new(-0.03102242946624756, 0.00556027889251709, -0.0031298696994781494, 0.9189921021461487, -0.3920914828777313, -0.04144507646560669, 0.3653712272644043, 0.807395875453949, 0.4632667899131775, -0.148180291056633, -0.4408811330795288, 0.8852492570877075)
        }},
        [5] = {Time = 0.138, Data = {
            ["CameraPart"] = CFrame.new(9.992514549139742e-08, 2.626206874847412, -3.4155402183532715, -1, 9.192041972028164e-08, -1.197930146190629e-07, 2.8185567656137823e-15, 0.7933533191680908, 0.6087614297866821, 1.5099580252808664e-07, 0.6087614297866821, -0.7933533191680908),
            ["LeftLowerArm"] = CFrame.new(0.000001519918441772461, -1.7881393432617188e-07, 0.000004872214049100876, 1, 5.21540641784668e-08, -4.0978196835794733e-08, -1.4901161193847656e-08, 0.061777763068675995, -0.9980899691581726, -3.396417014300823e-08, 0.9980899691581726, 0.06177776679396629),
            ["LeftFoot"] = CFrame.new(7.450580596923828e-09, -1.7881393432617188e-07, -1.4901161193847656e-08, 0.9811478853225708, -0.19164150953292847, -0.02494734339416027, 0.18613195419311523, 0.9717932343482971, -0.14482012391090393, 0.05199712514877319, 0.13744638860225677, 0.9891435503959656),
            ["RightHand"] = CFrame.new(3.213062882423401e-07, 0.0000010132789611816406, -7.674098014831543e-07, 0.9705109596252441, -0.053712692111730576, 0.23499666154384613, 0.06567440927028656, 0.9968982338905334, -0.04336908087134361, -0.23193852603435516, 0.05752354860305786, 0.971028208732605),
            ["HumanoidRootPart"] = CFrame.new(0, 0, 0, 1, 0, 0, 0, 1, 0, 0, 0, 1),
            ["RightLowerLeg"] = CFrame.new(-5.21540641784668e-08, -0.000726163387298584, 0.000045934524678159505, 1, 1.0430816388407038e-07, 4.097820394122209e-08, -7.823110337312755e-08, 0.4542219042778015, 0.8908886909484863, 1.266598843585598e-07, -0.8908886313438416, 0.4542217552661896),
            ["LeftUpperLeg"] = CFrame.new(2.9802322387695312e-08, 1.5585101209580898e-08, -8.588813216192648e-09, 0.986416220664978, 0.1621420979499817, 0.026327580213546753, -0.15163001418113708, 0.9604119062423706, -0.23370380699634552, -0.06317854672670364, 0.22653716802597046, 0.9719513654708862),
            ["LeftLowerLeg"] = CFrame.new(-1.6763806343078613e-08, -0.0007267594337463379, 0.00008096545934677124, 1, 8.847566590475253e-08, 8.195637946073475e-08, -9.313225746154785e-08, -0.023050690069794655, 0.9997342824935913, 9.313225746154785e-08, -0.9997344017028809, -0.02305079624056816),
            ["LowerTorso"] = CFrame.new(-0.022105995565652847, -0.3055579662322998, -0.07493871450424194, 0.9966282248497009, -0.07893522083759308, 0.022391604259610176, 0.07895497232675552, 0.9968782663345337, 0.0000020885802314296598, -0.02232186496257782, 0.0017658470897004008, 0.9997493028640747),
            ["Head"] = CFrame.new(-2.4920154828578234e-08, -5.960464477539062e-07, 1.1583324521780014e-08, 0.9892060160636902, 0.14616195857524872, 0.01040352787822485, -0.1438625007867813, 0.982224702835083, -0.12057476490736008, -0.027842044830322266, 0.11777637153863907, 0.9926497936248779),
            ["UpperTorso"] = CFrame.new(1.2456439435482025e-08, 5.960464477539063e-08, 5.44787326361984e-10, 0.9916720390319824, 0.11943649500608444, -0.04818134382367134, -0.12136560678482056, 0.9918289184570312, -0.03931666910648346, 0.043091800063848495, 0.04483681917190552, 0.9980645775794983),
            ["LeftUpperArm"] = CFrame.new(0.03276544809341431, 0.007463693618774414, -0.0075287409126758575, 0.8932501077651978, 0.3018523156642914, -0.3331506848335266, -0.31149935722351074, 0.9499051570892334, 0.025467056781053543, 0.3241487443447113, 0.08102768659591675, 0.9425296783447266),
            ["RightLowerArm"] = CFrame.new(2.980232238769531e-07, 7.152557373046875e-07, -0.0000036656856536865234, 1, -0.000019339844584465027, -3.209570422768593e-07, 0.000018936583728645928, 0.9787683486938477, -0.20496957004070282, 0.0000043064360397693235, 0.20496957004070282, 0.9787684082984924),
            ["LeftHand"] = CFrame.new(-0.0000016391277313232422, -0.0000011324882507324219, 2.0116567611694336e-07, 0.9618890285491943, -0.016816582530736923, -0.2729223072528839, -0.08593093603849411, 0.9289501309394836, -0.36009395122528076, 0.25958704948425293, 0.3698228597640991, 0.8921018838882446),
            ["RightFoot"] = CFrame.new(1.3969838619232178e-07, -1.1920928955078125e-07, 3.5222910810261965e-08, 0.9799863696098328, -0.08246748149394989, -0.1811794936656952, -0.008360122330486774, 0.892299234867096, -0.4513671100139618, 0.19888930022716522, 0.4438481032848358, 0.8737515211105347),
            ["RightUpperLeg"] = CFrame.new(-2.9802322387695312e-08, 1.1968950275331736e-07, -1.6763806343078613e-08, 0.9619745016098022, 0.003141815308481455, -0.2731212377548218, -0.16401903331279755, 0.8062193393707275, -0.5684260129928589, 0.21840976178646088, 0.5916083455085754, 0.7760777473449707),
            ["RightUpperArm"] = CFrame.new(-0.028216540813446045, 0.005478501319885254, -0.007513499353080988, 0.9497590661048889, -0.3090376555919647, -0.049532752484083176, 0.3040566146373749, 0.873520016670227, 0.3801482021808624, -0.07421225309371948, -0.37610968947410583, 0.9235983490943909)
        }},
        [6] = {Time = 0.172, Data = {
            ["CameraPart"] = CFrame.new(9.992514549139742e-08, 2.626206874847412, -3.4155402183532715, -1, 9.192041972028164e-08, -1.197930146190629e-07, 2.8185567656137823e-15, 0.7933533191680908, 0.6087614297866821, 1.5099580252808664e-07, 0.6087614297866821, -0.7933533191680908),
            ["LeftLowerArm"] = CFrame.new(0.0000014007091522216797, -2.980232238769531e-07, 0.0000047497451305389404, 1, 3.725289943190546e-08, -2.421439226907296e-08, -7.776543498039246e-08, 0.0666569173336029, -0.9977760314941406, -3.166496753692627e-08, 0.9977759718894958, 0.06665685027837753),
            ["LeftFoot"] = CFrame.new(5.587935447692871e-08, -1.1920928955078125e-07, -4.470348358154297e-08, 0.9849131107330322, -0.16882166266441345, -0.03801838681101799, 0.15746110677719116, 0.9654228091239929, -0.20776183903217316, 0.07177846133708954, 0.19864100217819214, 0.977440357208252),
            ["RightHand"] = CFrame.new(2.5704503059387207e-07, 7.748603820800781e-07, -7.413327693939209e-07, 0.9876576662063599, -0.04592008888721466, 0.14974504709243774, 0.07000342011451721, 0.9846707582473755, -0.15975917875766754, -0.14011356234550476, 0.16827020049095154, 0.9757323265075684),
            ["HumanoidRootPart"] = CFrame.new(0, 0, 0, 1, 0, 0, 0, 1, 0, 0, 0, 1),
            ["RightLowerLeg"] = CFrame.new(7.450580596923828e-09, -0.000726163387298584, 0.00004609843745129183, 1, 1.4156105976326216e-07, -1.8626460374093767e-08, -7.450581307466564e-08, 0.4521404504776001, 0.8919466137886047, 8.940698137394065e-08, -0.8919467926025391, 0.4521407186985016),
            ["LeftUpperLeg"] = CFrame.new(-5.960464477539063e-08, 1.1106021702289581e-07, -3.725290298461914e-09, 0.9742198586463928, 0.20000699162483215, 0.10436893254518509, -0.1518697887659073, 0.9235265254974365, -0.3521852195262909, -0.1668269783258438, 0.32725536823272705, 0.9300928711891174),
            ["LeftLowerLeg"] = CFrame.new(-3.3527612686157227e-08, -0.0007263422012329102, 0.00008099526166915894, 1, 8.754434333013705e-08, 1.1362138252479781e-07, -7.63684582238966e-08, -0.10356177389621735, 0.9946231245994568, 9.313227167240257e-08, -0.9946231245994568, -0.10356175899505615),
            ["LowerTorso"] = CFrame.new(-0.006783170625567436, -0.30124664306640625, -0.0769677460193634, 0.9946715235710144, -0.0726550966501236, -0.07314237952232361, 0.0741104707121849, 0.9970986247062683, 0.017380861565470695, 0.07166734337806702, -0.022708863019943237, 0.997170090675354),
            ["Head"] = CFrame.new(-1.641456037759781e-08, -4.76837158203125e-07, -1.1641532182693481e-09, 0.9806362986564636, 0.12449128925800323, -0.15117640793323517, -0.13558617234230042, 0.9886042475700378, -0.0654076412320137, 0.14131100475788116, 0.08463840186595917, 0.9863405227661133),
            ["UpperTorso"] = CFrame.new(-1.210719347000122e-08, 1.7881393432617188e-07, -1.3969838619232178e-09, 0.9736683368682861, 0.10489320009946823, 0.20240391790866852, -0.08953916281461716, 0.9924682378768921, -0.08360376954078674, -0.2096489667892456, 0.06327927857637405, 0.9757269024848938),
            ["LeftUpperArm"] = CFrame.new(0.03382289409637451, 0.0064618587493896484, -0.0068051815032958984, 0.9090734720230103, 0.28545185923576355, -0.3034842014312744, -0.25438082218170166, 0.9571636319160461, 0.13830505311489105, 0.3299635350704193, -0.04852888733148575, 0.942745566368103),
            ["RightLowerArm"] = CFrame.new(4.76837158203125e-07, 4.172325134277344e-07, -0.000003904104232788086, 1, -0.000019367786080692895, 0.0000013057142496109009, 0.000018889084458351135, 0.9584048986434937, -0.28541237115859985, 0.000004287809133529663, 0.2854123115539551, 0.9584048390388489),
            ["LeftHand"] = CFrame.new(-0.0000014603137969970703, -0.0000013113021850585938, 7.450580596923828e-09, 0.9628008604049683, -0.03962860256433487, -0.2672899067401886, -0.05493006855249405, 0.9398283362388611, -0.3372023105621338, 0.26456987857818604, 0.3393411338329315, 0.9026907682418823),
            ["RightFoot"] = CFrame.new(1.5832483768463135e-07, -1.1920928955078125e-07, 1.6596459317952394e-08, 0.9779167175292969, -0.08927972614765167, -0.1889658421278, -0.007547114044427872, 0.8884886503219604, -0.45883652567863464, 0.20885896682739258, 0.45013001561164856, 0.868194043636322),
            ["RightUpperLeg"] = CFrame.new(5.960464477539063e-08, -1.1589145287871361e-07, 5.75528247281909e-09, 0.9787408709526062, 0.06672100722789764, -0.193945050239563, -0.16976171731948853, 0.7941829562187195, -0.583484947681427, 0.11509712785482407, 0.6040049195289612, 0.7886257767677307),
            ["RightUpperArm"] = CFrame.new(-0.02715986967086792, 0.0042722225189208984, -0.006775408983230591, 0.9671528935432434, -0.2505728006362915, -0.04276176169514656, 0.2531275153160095, 0.9339603781700134, 0.25227874517440796, -0.02327641099691391, -0.25481629371643066, 0.9667093753814697)
        }},
        [7] = {Time = 0.207, Data = {
            ["CameraPart"] = CFrame.new(9.992514549139742e-08, 2.626206874847412, -3.4155402183532715, -1, 9.192041972028164e-08, -1.197930146190629e-07, 2.8185567656137823e-15, 0.7933533191680908, 0.6087614297866821, 1.5099580252808664e-07, 0.6087614297866821, -0.7933533191680908),
            ["LeftLowerArm"] = CFrame.new(0.0000015497207641601562, -1.1920928955078125e-07, 0.0000047746580094099045, 1, 6.239861249923706e-08, -7.264317503086204e-08, -5.215407838932151e-08, 0.06637933105230331, -0.997794508934021, -3.050082142408428e-08, 0.9977944493293762, 0.06637928634881973),
            ["LeftFoot"] = CFrame.new(5.21540641784668e-08, -5.960464477539063e-08, 5.587935447692871e-08, 0.979961633682251, -0.1970154196023941, -0.0293271467089653, 0.18089528381824493, 0.941905677318573, -0.28300347924232483, 0.08337937295436859, 0.27202722430229187, 0.958670437335968),
            ["RightHand"] = CFrame.new(4.023313522338867e-07, 0.0000012516975402832031, -7.748603820800781e-07, 0.9767932295799255, -0.03591698780655861, 0.21115155518054962, 0.07900337874889374, 0.9767431616783142, -0.19932714104652405, -0.19908174872398376, 0.21138323843479156, 0.9569137096405029),
            ["HumanoidRootPart"] = CFrame.new(0, 0, 0, 1, 0, 0, 0, 1, 0, 0, 0, 1),
            ["RightLowerLeg"] = CFrame.new(-2.2351741790771484e-08, -0.0007262825965881348, 0.00004606118454830721, 1, 1.1175873737556685e-07, -3.725290742551124e-09, -8.381902460996571e-08, 0.47576677799224854, 0.8795714378356934, 1.1175869474300271e-07, -0.8795714974403381, 0.47576698660850525),
            ["LeftUpperLeg"] = CFrame.new(-5.960464477539063e-08, -8.707866072654724e-08, 1.1175870895385742e-08, 0.9559773802757263, 0.23762068152427673, 0.17217344045639038, -0.13640256226062775, 0.8793416023254395, -0.4562374949455261, -0.2598106265068054, 0.4126679003238678, 0.8730427622795105),
            ["LeftLowerLeg"] = CFrame.new(1.4901161193847656e-08, -0.0007264018058776855, 0.00008101761341094971, 1, 8.568170528633345e-08, 1.1175868053214799e-07, -8.195637946073475e-08, -0.11187832802534103, 0.9937219619750977, 8.568166975919667e-08, -0.9937219619750977, -0.11187838762998581),
            ["LowerTorso"] = CFrame.new(0.010489309206604958, -0.2791060209274292, -0.0791722983121872, 0.9864048361778259, -0.054432835429906845, -0.155056893825531, 0.06029873713850975, 0.9976221919059753, 0.03337849676609039, 0.1528712809085846, -0.04227444529533386, 0.987341582775116),
            ["Head"] = CFrame.new(2.3283064365386963e-09, -4.76837158203125e-07, -3.4924596548080444e-08, 0.9488492012023926, 0.11550840735435486, -0.2938418388366699, -0.11467784643173218, 0.9931990504264832, 0.020115703344345093, 0.29416701197624207, 0.01461021788418293, 0.9556424021720886),
            ["UpperTorso"] = CFrame.new(-2.60770320892334e-08, -2.9802322387695312e-08, -5.005858838558197e-09, 0.9065420031547546, 0.0748399868607521, 0.41542837023735046, -0.025959376245737076, 0.9921790361404419, -0.12209421396255493, -0.42131680250167847, 0.0998992919921875, 0.9013947248458862),
            ["LeftUpperArm"] = CFrame.new(0.03205186128616333, 0.007404804229736328, -0.001972392201423645, 0.9016887545585632, 0.33971548080444336, -0.26748958230018616, -0.25682419538497925, 0.9184752702713013, 0.30073994398117065, 0.3478486239910126, -0.20247608423233032, 0.9154260754585266),
            ["RightLowerArm"] = CFrame.new(3.5762786865234375e-07, 6.556510925292969e-07, -0.000003933906555175781, 1, -0.000018917025954579003, 0.000004194677330815466, 0.00001890398925752379, 0.9052151441574097, -0.42495372891426086, 0.000004312024429964367, 0.4249536991119385, 0.9052151441574097),
            ["LeftHand"] = CFrame.new(-0.0000015720725059509277, -0.0000011920928955078125, 2.905726432800293e-07, 0.9624280333518982, -0.06263688951730728, -0.2642136216163635, -0.026403741911053658, 0.9468320608139038, -0.3206431567668915, 0.2702501118183136, 0.3155722916126251, 0.9096038937568665),
            ["RightFoot"] = CFrame.new(9.313225746154785e-08, -5.960464477539063e-08, 4.1742168832570314e-08, 0.9765831828117371, -0.09299448877573013, -0.19400325417518616, -0.0052551394328475, 0.8911731243133545, -0.4536329507827759, 0.2150760442018509, 0.44402971863746643, 0.86981600522995),
            ["RightUpperLeg"] = CFrame.new(-2.9802322387695312e-08, -8.751521818339825e-08, -1.892476575449109e-08, 0.9866542816162109, 0.11361165344715118, -0.1166440024971962, -0.16058634221553802, 0.7974348068237305, -0.5816441178321838, 0.026934374123811722, 0.5926130414009094, 0.8050367832183838),
            ["RightUpperArm"] = CFrame.new(-0.0289534330368042, 0.0005408525466918945, -0.0018703490495681763, 0.965506911277771, -0.26002028584480286, -0.013632820919156075, 0.25938478112220764, 0.9559396505355835, 0.13747383654117584, -0.022713864222168922, -0.13626813888549805, 0.990411639213562)
        }},
        [8] = {Time = 0.241, Data = {
            ["CameraPart"] = CFrame.new(9.992514549139742e-08, 2.626206874847412, -3.4155402183532715, -1, 9.192041972028164e-08, -1.197930146190629e-07, 2.8185567656137823e-15, 0.7933533191680908, 0.6087614297866821, 1.5099580252808664e-07, 0.6087614297866821, -0.7933533191680908),
            ["LeftLowerArm"] = CFrame.new(0.0000015497207641601562, -3.5762786865234375e-07, 0.000004604458808898926, 1, 6.798654794692993e-08, -6.472693314663047e-08, -8.800999040659008e-08, 0.12481829524040222, -0.9921796321868896, -5.960465188081798e-08, 0.9921796917915344, 0.12481822073459625),
            ["LeftFoot"] = CFrame.new(3.725290298461914e-08, 0, 0, 0.9729049205780029, -0.2304847091436386, 0.01824158802628517, 0.2228945791721344, 0.9140458106994629, -0.33887791633605957, 0.06143263727426529, 0.33376219868659973, 0.9406535029411316),
            ["RightHand"] = CFrame.new(-2.9802322387695312e-08, 7.748603820800781e-07, -6.556510925292969e-07, 0.9519103169441223, 0.0042254989966750145, 0.30634748935699463, 0.06293623894453049, 0.9758836627006531, -0.2090216428041458, -0.299842894077301, 0.21825022995471954, 0.9286879897117615),
            ["HumanoidRootPart"] = CFrame.new(0, 0, 0, 1, 0, 0, 0, 1, 0, 0, 0, 1),
            ["RightLowerLeg"] = CFrame.new(-1.043081283569336e-07, -0.0007260441780090332, 0.000046031382225919515, 1, 1.3411046495548362e-07, -2.6077039194660756e-08, -8.568168397005138e-08, 0.5759800672531128, 0.8174634575843811, 5.960465188081798e-08, -0.817463755607605, 0.5759804248809814),
            ["LeftUpperLeg"] = CFrame.new(5.960464477539063e-08, -3.5669654607772827e-07, -1.4901161193847656e-08, 0.9368630051612854, 0.2634952664375305, 0.22990864515304565, -0.08664532750844955, 0.8118597865104675, -0.5773873925209045, -0.3387924134731293, 0.521012544631958, 0.7834320664405823),
            ["LeftLowerLeg"] = CFrame.new(9.685754776000977e-08, -0.0007266998291015625, 0.0000809989869594574, 1, 1.0803343286625022e-07, 7.4505820180093e-08, -8.568167686462402e-08, -0.016540804877877235, 0.9998632669448853, 9.313225746154785e-08, -0.9998632669448853, -0.016540739685297012),
            ["LowerTorso"] = CFrame.new(0.026991121470928192, -0.2154066562652588, -0.08060815930366516, 0.9771069884300232, -0.02390529401600361, -0.21140128374099731, 0.03399337828159332, 0.9984435439109802, 0.044214878231287, 0.21001525223255157, -0.05038889870047569, 0.9763988256454468),
            ["Head"] = CFrame.new(-8.381903171539307e-09, -7.152557373046875e-07, 1.3504177331924438e-08, 0.931323230266571, 0.07775691896677017, -0.355796217918396, -0.05409778654575348, 0.9956403374671936, 0.07598548382520676, 0.36015355587005615, -0.051519349217414856, 0.9314693808555603),
            ["UpperTorso"] = CFrame.new(-3.725290298461914e-09, -5.960464477539063e-08, -1.4435499906539917e-08, 0.8491737842559814, 0.03392897918820381, 0.527022659778595, 0.04349531605839729, 0.9900506138801575, -0.13382063806056976, -0.5263195037841797, 0.13655994832515717, 0.8392491340637207),
            ["LeftUpperArm"] = CFrame.new(0.02881556749343872, 0.008484601974487305, 0.00346297025680542, 0.8935563564300537, 0.41224396228790283, -0.1777978241443634, -0.29749876260757446, 0.8403017520904541, 0.4531966745853424, 0.3362314701080322, -0.35206231474876404, 0.8734991550445557),
            ["RightLowerArm"] = CFrame.new(1.7881393432617188e-07, 2.980232238769531e-07, -0.000004023313522338867, 1, -0.00001708045783743728, 0.000009387732461618725, 0.000018987808289239183, 0.7463350892066956, -0.6655703186988831, 0.00000433623881690437, 0.6655703186988831, 0.7463352084159851),
            ["LeftHand"] = CFrame.new(-0.000001452484866604209, -0.0000011920928955078125, -4.6566128730773926e-09, 0.9590577483177185, -0.08767149597406387, -0.26929840445518494, -0.010170828551054, 0.939603328704834, -0.3421142101287842, 0.2830277383327484, 0.3308464586734772, 0.9002423286437988),
            ["RightFoot"] = CFrame.new(1.234002411365509e-07, 0, 1.6596459317952394e-08, 0.9773797392845154, -0.09397727251052856, -0.18946535885334015, 0.004876990802586079, 0.9056282043457031, -0.4240444302558899, 0.21143580973148346, 0.4135286211967468, 0.8856011033058167),
            ["RightUpperLeg"] = CFrame.new(-5.960464477539063e-08, -2.1653249859809875e-08, 1.5068508218973875e-08, 0.9907058477401733, 0.12729495763778687, -0.047936633229255676, -0.13338297605514526, 0.84007728099823, -0.525813102722168, -0.02666294015944004, 0.5273199081420898, 0.8492483496665955),
            ["RightUpperArm"] = CFrame.new(-0.03222447633743286, -0.002043485641479492, 0.003586888313293457, 0.9513464570045471, -0.3067606985569, 0.028945347294211388, 0.3065227270126343, 0.9517821073532104, 0.012437191791832447, -0.03136501461267471, -0.0029595717787742615, 0.9995036125183105)
        }},
        [9] = {Time = 0.276, Data = {
            ["CameraPart"] = CFrame.new(9.992514549139742e-08, 2.626206874847412, -3.4155402183532715, -1, 9.192041972028164e-08, -1.197930146190629e-07, 2.8185567656137823e-15, 0.7933533191680908, 0.6087614297866821, 1.5099580252808664e-07, 0.6087614297866821, -0.7933533191680908),
            ["LeftLowerArm"] = CFrame.new(0.0000013709068298339844, -5.364418029785156e-07, 0.0000046193599700927734, 1, 8.940695295223122e-08, -7.450581307466564e-08, -7.82310962677002e-08, 0.20409289002418518, -0.9789515733718872, -6.705522537231445e-08, 0.9789515733718872, 0.20409297943115234),
