return {
    ["Bouncy"] = {
        {Time = 0.000, Data = {
            ["RightFoot"] = CFrame.new(1.1641532182693481e-07, -1.7881393432617188e-07, 1.287116901949048e-08, 0.9859179854393005, -0.039686720818281174, 0.1624523401260376, 0.047560565173625946, 0.9978601336479187, -0.04486774653196335, -0.1603240966796875, 0.05196207016706467, 0.9856957793235779),
            ["LeftLowerArm"] = CFrame.new(0.0000014603137969970703, -2.980232238769531e-07, 0.000004984438419342041, 1, 5.960464477539063e-08, -8.195638656616211e-08, -1.043081283569336e-07, -0.0022081881761550903, -0.999997615814209, -2.9802322387695312e-08, 0.999997615814209, -0.0022082850337028503),
            ["RightUpperArm"] = CFrame.new(-0.16603809595108032, 0.05205178260803223, -0.0015098899602890015, 0.7677275538444519, -0.639502227306366, -0.04039005562663078, 0.5786839723587036, 0.6648861169815063, 0.4722830653190613, -0.2751711905002594, -0.38595765829086304, 0.8805211782455444),
            ["Head"] = CFrame.new(1.4901161193847656e-08, -3.5762786865234375e-07, -5.960464477539063e-08, 0.7396880388259888, 0.32848745584487915, 0.5873309969902039, -0.16721807420253754, 0.9351159334182739, -0.3124043643474579, -0.6518433094024658, 0.13286936283111572, 0.7466230392456055),
            ["RightHand"] = CFrame.new(8.344650268554688e-07, 0.0000013709068298339844, -7.450580596923828e-07, 0.31172147393226624, -0.18313027918338776, 0.9323587417602539, -0.07085343450307846, 0.9740392565727234, 0.21500597894191742, -0.9475281238555908, -0.133082777261734, 0.2906537353992462),
            ["UpperTorso"] = CFrame.new(1.123407855629921e-07, 1.1920928955078125e-07, -1.0506482794880867e-07, 0.8613628149032593, 0.14181913435459137, -0.48779237270355225, -0.09954550862312317, 0.9887454509735107, 0.1116829514503479, 0.4981413185596466, -0.047642018646001816, 0.8657861351966858),
            ["HumanoidRootPart"] = CFrame.new(0, 0, 0, 1, 0, 0, 0, 1, 0, 0, 0, 1),
            ["RightUpperLeg"] = CFrame.new(-5.960464477539063e-08, -1.30385160446167e-08, -1.0600342648103833e-07, 0.9134114980697632, 0.35005271434783936, -0.20770767331123352, -0.3991669714450836, 0.8702101111412048, -0.28879109025001526, 0.07965711504220963, 0.3466951549053192, 0.9345893263816833),
            ["LeftUpperArm"] = CFrame.new(-0.09947526454925537, -0.04924595355987549, -0.005118370056152344, 0.19988861680030823, 0.8697605729103088, 0.4511776566505432, -0.00711465859785676, 0.46174678206443787, -0.8869832754135132, -0.9797928333282471, 0.17408782243728638, 0.09848588705062866),
            ["RightLowerArm"] = CFrame.new(5.960464477539062e-07, 2.980232238769531e-07, -0.000004447996616363525, 1, -0.000019165689082001336, -0.0000026822092422662536, 0.000018917027773568407, 0.9966633319854736, -0.08162234723567963, 0.000004254282430338208, 0.08162230998277664, 0.9966633319854736),
            ["LeftHand"] = CFrame.new(-0.0000013709068298339844, -0.0000010728836059570312, 3.2782554626464844e-07, 0.37722811102867126, -0.22048765420913696, 0.8994908332824707, -0.4038340449333191, 0.8348855376243591, 0.374011367559433, -0.8334368467330933, -0.5043325424194336, 0.22590211033821106),
            ["LeftFoot"] = CFrame.new(1.4901161193847656e-08, -5.960464477539063e-08, 2.2351741790771484e-08, 0.9876348972320557, 0.09785632789134979, 0.12248159199953079, -0.08136274665594101, 0.9877579212188721, -0.13309548795223236, -0.13400615751743317, 0.1214844211935997, 0.9835059642791748),
            ["LowerTorso"] = CFrame.new(-0.1516786515712738, -0.14146959781646729, 0.1730957329273224, 0.8242937326431274, -0.11626923084259033, -0.5540950298309326, 0.3320424556732178, 0.8919797539710999, 0.30678990483283997, 0.45857125520706177, -0.4368681311607361, 0.7738596796989441),
            ["RightLowerLeg"] = CFrame.new(1.4156103134155273e-07, -0.0007260441780090332, 0.00004615431680576876, 1, -5.58793988858497e-09, -5.075709808011197e-08, 2.3050230169019414e-08, 0.9887824058532715, 0.1493639498949051, 4.586762969438496e-08, -0.14936397969722748, 0.9887823462486267),
            ["LeftUpperLeg"] = CFrame.new(5.960464477539063e-08, 1.30385160446167e-07, -2.60770320892334e-08, 0.7499639987945557, 0.6363805532455444, 0.1804817020893097, 0.06185007095336914, 0.20418740808963776, -0.9769760370254517, -0.6585807204246521, 0.7438598275184631, 0.11377318203449249),
            ["LeftLowerLeg"] = CFrame.new(-7.450580596923828e-09, -0.0007265806198120117, 0.00008092820644378662, 1, 4.0978193283081055e-08, 4.842878098543224e-08, -3.725290298461914e-08, 0.3520648777484894, 0.9359756708145142, 5.21540641784668e-08, -0.9359756112098694, 0.35206493735313416),
        }},
        {Time = 0.033, Data = {
            ["RightFoot"] = CFrame.new(2.775341272354126e-07, -2.384185791015625e-07, 2.032174961641431e-08, 0.9818248152732849, -0.04040444269776344, 0.18543854355812073, 0.07971638441085815, 0.9745030403137207, -0.20973607897758484, -0.17223620414733887, 0.22070640325546265, 0.9600121974945068),
            ["LeftLowerArm"] = CFrame.new(0.0000013709068298339844, -3.5762786865234375e-07, 0.000004895031452178955, 1, 5.960465898624534e-08, -8.940698847936801e-08, -8.195640788244418e-08, 0.011054164730012417, -0.99993896484375, -2.2351747119842003e-08, 0.99993896484375, 0.011054235510528088),
            ["RightUpperArm"] = CFrame.new(-0.17476773262023926, 0.04763329029083252, -0.01357155293226242, 0.7936033010482788, -0.6030543446540833, -0.08074339479207993, 0.5436513423919678, 0.6432434916496277, 0.5391486883163452, -0.2731980085372925, -0.47176626324653625, 0.8383311629295349),
            ["Head"] = CFrame.new(0, -8.344650268554688e-07, 7.450580596923828e-08, 0.7583662867546082, 0.3043864667415619, 0.5763938426971436, -0.1837451010942459, 0.948239266872406, -0.2589986324310303, -0.6253945827484131, 0.09050606936216354, 0.775041937828064),
            ["RightHand"] = CFrame.new(2.384185791015625e-07, 8.940696716308594e-07, -8.046627044677734e-07, 0.1641477793455124, -0.19469258189201355, 0.967031717300415, -0.12578363716602325, 0.9681954383850098, 0.21627812087535858, -0.9783833622932434, -0.15713827311992645, 0.13443812727928162),
            ["UpperTorso"] = CFrame.new(-7.078051567077637e-08, -3.5762786865234375e-07, -5.774199962615967e-08, 0.8707962036132812, 0.15431538224220276, -0.46679869294166565, -0.10426407307386398, 0.9858314990997314, 0.13139773905277252, 0.4804614186286926, -0.06575023382902145, 0.8745477199554443),
            ["HumanoidRootPart"] = CFrame.new(0, 0, 0, 1, 0, 0, 0, 1, 0, 0, 0, 1),
            ["RightUpperLeg"] = CFrame.new(-2.9802322387695312e-08, -4.023313522338867e-07, -1.6952981241047382e-09, 0.8896618485450745, 0.3418925404548645, -0.3026735186576843, -0.4392779767513275, 0.8217762112617493, -0.3629309833049774, 0.12464656680822372, 0.4558435380458832, 0.8812887668609619),
            ["LeftUpperArm"] = CFrame.new(-0.10742402076721191, -0.06050455570220947, -0.017129123210906982, 0.23486655950546265, 0.8789797425270081, 0.4150089621543884, -0.012532101944088936, 0.4296545088291168, -0.9029064178466797, -0.9719468355178833, 0.20686152577400208, 0.11192701756954193),
            ["RightLowerArm"] = CFrame.new(-8.940696716308594e-08, 5.364418029785156e-07, -0.0000035800039768218994, 1, -0.000019297009203000925, -0.0000012814998626708984, 0.000018954275219584815, 0.9874301552772522, -0.1580563485622406, 0.000004345550678408472, 0.15805639326572418, 0.9874300956726074),
            ["LeftHand"] = CFrame.new(-0.0000014007091522216797, -0.0000013709068298339844, 5.960464477539063e-08, 0.3718629479408264, -0.20918649435043335, 0.904410719871521, -0.41710329055786133, 0.8327367901802063, 0.36410772800445557, -0.8293026089668274, -0.512630820274353, 0.2224118411540985),
            ["LeftFoot"] = CFrame.new(2.0489096641540527e-08, -1.1920928955078125e-07, -2.9802322387695312e-08, 0.9867250919342041, 0.09504211694002151, 0.1316835582256317, -0.0690770149230957, 0.9794804453849792, -0.18933215737342834, -0.14697609841823578, 0.17772242426872253, 0.9730431437492371),
            ["LowerTorso"] = CFrame.new(-0.13571488857269287, -0.1987929344177246, 0.1991182267665863, 0.831456184387207, -0.14409302175045013, -0.5365797281265259, 0.34959301352500916, 0.8863128423690796, 0.3037010133266449, 0.43181630969047546, -0.4400986433029175, 0.7873042225837708),
            ["RightLowerLeg"] = CFrame.new(7.82310962677002e-08, -0.0007264614105224609, 0.00004604628338711336, 1, 4.470350489782504e-08, -9.872020712009544e-08, -6.705522537231445e-08, 0.9226554036140442, 0.3856254518032074, -8.381903171539307e-09, -0.38562560081481934, 0.9226554036140442),
            ["LeftUpperLeg"] = CFrame.new(0, -2.1257437765598297e-07, -2.514570951461792e-08, 0.7717049717903137, 0.627933144569397, 0.1008538231253624, 0.02481357380747795, 0.12873131036758423, -0.9913690686225891, -0.6354963779449463, 0.7675469517707825, 0.08376124501228333),
            ["LeftLowerLeg"] = CFrame.new(-2.2351741790771484e-08, -0.0007265806198120117, 0.00008106231689453125, 1, 1.1548399925231934e-07, 1.0058285937475375e-07, -8.940696716308594e-08, 0.28508004546165466, 0.958503782749176, 3.725290298461914e-08, -0.9585037231445312, 0.2850799560546875),
        }},
        {Time = 0.067, Data = {
            ["RightFoot"] = CFrame.new(1.1548399925231934e-07, 0, -4.300818545743823e-08, 0.9809839725494385, -0.047560714185237885, 0.1881711632013321, 0.09424825757741928, 0.9642618298530579, -0.24762170016765594, -0.1696692854166031, 0.26064765453338623, 0.9504079222679138),
            ["LeftLowerArm"] = CFrame.new(0.0000012218952178955078, -4.76837158203125e-07, 0.000005066394805908203, 1, 8.195637946073475e-08, -6.705523958316917e-08, -7.450581307466564e-08, 0.0158098042011261, -0.9998751282691956, -6.705523247774181e-08, 0.9998750686645508, 0.015809787437319756),
            ["RightUpperArm"] = CFrame.new(-0.180422842502594, 0.04333376884460449, -0.025226151570677757, 0.8121083974838257, -0.5759975910186768, -0.09331096708774567, 0.5122734308242798, 0.6272252798080444, 0.5866550207138062, -0.279384970664978, -0.5242283344268799, 0.8044432997703552),
            ["Head"] = CFrame.new(-6.705522537231445e-08, -8.344650268554688e-07, -2.9802322387695312e-08, 0.7664116024971008, 0.26802700757980347, 0.5837591886520386, -0.18382053077220917, 0.9622957110404968, -0.20049169659614563, -0.615486204624176, 0.046352118253707886, 0.7867834568023682),
            ["RightHand"] = CFrame.new(-3.2782554626464844e-07, 0.0000010132789611816406, -8.344650268554688e-07, 0.1011907309293747, -0.1668378710746765, 0.9807780981063843, -0.13973377645015717, 0.9736824035644531, 0.18004794418811798, -0.9850050210952759, -0.1552668958902359, 0.07521478831768036),
            ["UpperTorso"] = CFrame.new(4.284083843231201e-08, -2.384185791015625e-07, 3.3527612686157227e-08, 0.8808020949363708, 0.16862715780735016, -0.44243907928466797, -0.11088745296001434, 0.9819098711013794, 0.1534828543663025, 0.46031689643859863, -0.08612711727619171, 0.8835670948028564),
            ["HumanoidRootPart"] = CFrame.new(0, 0, 0, 1, 0, 0, 0, 1, 0, 0, 0, 1),
            ["RightUpperLeg"] = CFrame.new(5.960464477539063e-08, -7.078051567077637e-08, 5.790934665128589e-08, 0.8718549013137817, 0.35575032234191895, -0.3366171717643738, -0.46666234731674194, 0.8120163679122925, -0.35050761699676514, 0.1486455649137497, 0.46267828345298767, 0.8739756345748901),
            ["LeftUpperArm"] = CFrame.new(-0.11258578300476074, -0.06891393661499023, -0.028573989868164062, 0.27213260531425476, 0.8780412673950195, 0.39368441700935364, -0.01576003059744835, 0.4131368398666382, -0.910532534122467, -0.9621306657791138, 0.2415810376405716, 0.12626603245735168),
            ["RightLowerArm"] = CFrame.new(5.364418029785156e-07, 4.76837158203125e-07, -0.0000037550926208496094, 1, -0.000019411558241699822, 5.736946491197159e-07, 0.000018917025954579003, 0.9687596559524536, -0.24800166487693787, 0.0000042459000724193174, 0.24800164997577667, 0.9687595963478088),
            ["LeftHand"] = CFrame.new(-0.0000015497207641601562, -7.748603820800781e-07, 2.9802322387695312e-08, 0.36903923749923706, -0.17506243288516998, 0.9127776622772217, -0.4516195058822632, 0.8245826959609985, 0.3407391607761383, -0.8123113512992859, -0.5379745364189148, 0.2252420336008072),
            ["LeftFoot"] = CFrame.new(5.960464477539063e-08, 0, -1.4901161193847656e-08, 0.9876886010169983, 0.09043256938457489, 0.12764543294906616, -0.06224439665675163, 0.975786566734314, -0.20968154072761536, -0.1435166597366333, 0.19915486872196198, 0.9694020748138428),
            ["LowerTorso"] = CFrame.new(-0.11757323145866394, -0.2210909128189087, 0.21302106976509094, 0.8358161449432373, -0.17280718684196472, -0.5211037993431091, 0.3651619255542755, 0.8837571144104004, 0.2926262617111206, 0.40996119379997253, -0.4348689615726471, 0.8017610311508179),
            ["RightLowerLeg"] = CFrame.new(-4.0978193283081055e-08, -0.000726163387298584, 0.00004601648106472567, 1, 5.587938289863814e-08, -1.275912353548847e-07, -6.705522537231445e-08, 0.9025492072105408, 0.4305866062641144, -1.0244548320770264e-08, -0.43058672547340393, 0.9025493264198303),
            ["LeftUpperLeg"] = CFrame.new(5.960464477539063e-08, -5.634501576423645e-08, 8.475035429000854e-08, 0.7790977358818054, 0.6246470212936401, 0.05312899500131607, -0.009776941500604153, 0.09684516489505768, -0.9952514171600342, -0.6268262267112732, 0.7748787999153137, 0.08155909180641174),
            ["LeftLowerLeg"] = CFrame.new(5.21540641784668e-08, -0.0007263422012329102, 0.00008118152618408203, 1, 9.685754776000977e-08, 1.0989604959377175e-07, -6.705523247774181e-08, 0.26110169291496277, 0.9653113484382629, 8.940698137394065e-08, -0.9653113484382629, 0.261101633310318),
        }},
        {Time = 0.100, Data = {
            ["RightFoot"] = CFrame.new(2.1606683731079102e-07, 0, 9.145878721028566e-09, 0.9768084287643433, -0.05344163626432419, 0.20733904838562012, 0.10367193073034286, 0.9653196930885315, -0.23960396647453308, -0.18734361231327057, 0.2555425763130188, 0.948472797870636),
            ["LeftLowerArm"] = CFrame.new(0.0000013113021850585938, -6.556510925292969e-07, 0.0000048354268074035645, 1, 6.70552182668871e-08, -8.195640788244418e-08, -8.195638656616211e-08, 0.01129396166652441, -0.9999362826347351, -3.725290298461914e-08, 0.9999362826347351, 0.011293991468846798),
            ["RightUpperArm"] = CFrame.new(-0.18496733903884888, 0.04311501979827881, -0.03317977488040924, 0.8240976333618164, -0.5607083439826965, -0.08043213188648224, 0.487344890832901, 0.629456102848053, 0.605210542678833, -0.2887181341648102, -0.5379509329795837, 0.7919917106628418),
            ["Head"] = CFrame.new(3.725290298461914e-08, -8.344650268554688e-07, 1.4901161193847656e-08, 0.7656265497207642, 0.2258836328983307, 0.6023227572441101, -0.17934472858905792, 0.9741501808166504, -0.1373574435710907, -0.6177796125411987, -0.0028591009322553873, 0.7863461375236511),
            ["RightHand"] = CFrame.new(2.682209014892578e-07, 0.0000010728836059570312, -7.152557373046875e-07, 0.05201210454106331, -0.14014065265655518, 0.9887645840644836, -0.14278796315193176, 0.978888213634491, 0.1462521255016327, -0.9883856773376465, -0.14879047870635986, 0.03090357407927513),
            ["UpperTorso"] = CFrame.new(2.421438694000244e-08, -1.4901161193847656e-07, 3.3527612686157227e-08, 0.8838878273963928, 0.18194904923439026, -0.4308561384677887, -0.11329595744609833, 0.9770841002464294, 0.18019631505012512, 0.45376917719841003, -0.11045893281698227, 0.8842467665672302),
            ["HumanoidRootPart"] = CFrame.new(0, 0, 0, 1, 0, 0, 0, 1, 0, 0, 0, 1),
            ["RightUpperLeg"] = CFrame.new(5.960464477539063e-08, -1.4156103134155273e-07, 1.920197973959148e-07, 0.8538832664489746, 0.3740117847919464, -0.36193761229515076, -0.48567384481430054, 0.8225769400596619, -0.2957841753959656, 0.18709465861320496, 0.4283486306667328, 0.8840322494506836),
            ["LeftUpperArm"] = CFrame.new(-0.11668884754180908, -0.07267796993255615, -0.03647881746292114, 0.29180893301963806, 0.8765648603439331, 0.38272929191589355, -0.016187649220228195, 0.40461358428001404, -0.9143444299697876, -0.9563396573066711, 0.2606184780597687, 0.13225959241390228),
            ["RightLowerArm"] = CFrame.new(6.556510925292969e-07, 3.5762786865234375e-07, -0.000003896653652191162, 1, -0.00001934543797688093, 0.000002078711986541748, 0.00001893192711577285, 0.946610689163208, -0.3223791718482971, 0.000004315749265515478, 0.3223792016506195, 0.946610689163208),
            ["LeftHand"] = CFrame.new(-0.0000015497207641601562, -0.0000011920928955078125, 1.4901161193847656e-07, 0.372115820646286, -0.13079257309436798, 0.9189248085021973, -0.48821502923965454, 0.8144250512123108, 0.3136204183101654, -0.7894148230552673, -0.5653363466262817, 0.23920589685440063),
            ["LeftFoot"] = CFrame.new(-3.725290298461914e-09, -1.7881393432617188e-07, 0, 0.987853467464447, 0.0779462531208992, 0.13442498445510864, -0.05201776698231697, 0.9810575842857361, -0.18660157918930054, -0.14642347395420074, 0.1773425042629242, 0.9731956720352173),
            ["LowerTorso"] = CFrame.new(-0.10080078989267349, -0.22298026084899902, 0.21795323491096497, 0.8381001949310303, -0.2003738433122635, -0.5073839426040649, 0.3776926100254059, 0.8842539191246033, 0.2746695876121521, 0.3936195969581604, -0.4218358099460602, 0.8167731165885925),
            ["RightLowerLeg"] = CFrame.new(5.21540641784668e-08, -0.000726163387298584, 0.00004610588803188875, 1, 5.587938289863814e-08, -1.3783575525394554e-07, -1.1548398504146462e-07, 0.9127482175827026, 0.4085223376750946, 1.471489525783909e-07, -0.40852269530296326, 0.9127483367919922),
            ["LeftUpperLeg"] = CFrame.new(-8.940696716308594e-08, -2.989545464515686e-07, 5.029141902923584e-08, 0.7856307625770569, 0.6186075806617737, 0.010437189601361752, -0.05226364731788635, 0.08316539973020554, -0.9951643347740173, -0.6164842844009399, 0.781286358833313, 0.09766802191734314),
            ["LeftLowerLeg"] = CFrame.new(1.4901161193847656e-08, -0.0007266402244567871, 0.00008096545934677124, 1, 8.940696716308594e-08, 5.4016702222270396e-08, -5.587936158235607e-08, 0.24846777319908142, 0.9686402082443237, 5.960465188081798e-08, -0.9686402082443237, 0.24846762418746948),
        }},
        {Time = 0.133, Data = {
            ["RightFoot"] = CFrame.new(2.2444874048233032e-07, -5.960464477539063e-08, 1.6952981241047382e-09, 0.9760535359382629, -0.059769924730062485, 0.2091582715511322, 0.10114608705043793, 0.9759486317634583, -0.19311565160751343, -0.19258517026901245, 0.20964686572551727, 0.9586236476898193),
            ["LeftLowerArm"] = CFrame.new(0.0000011920928955078125, -6.556510925292969e-07, 0.000004954636096954346, 1, 7.450581307466564e-08, -6.705523958316917e-08, -8.940698847936801e-08, 0.007633008994162083, -0.9999709129333496, -2.2351747119842003e-08, 0.9999709129333496, 0.007632961496710777),
            ["RightUpperArm"] = CFrame.new(-0.18792271614074707, 0.04693317413330078, -0.03696801885962486, 0.8323870897293091, -0.550774872303009, -0.06147308275103569, 0.471770316362381, 0.6460104584693909, 0.6000860333442688, -0.29079997539520264, -0.5285051465034485, 0.7975700497627258),
            ["Head"] = CFrame.new(-5.960464477539063e-08, -5.960464477539062e-07, 4.470348358154297e-08, 0.7612571120262146, 0.18761882185935974, 0.6207147240638733, -0.1764044314622879, 0.9810461401939392, -0.08018754422664642, -0.6239945888519287, -0.04845360666513443, 0.7799251079559326),
            ["RightHand"] = CFrame.new(2.086162567138672e-07, 0.0000011920928955078125, -0.0000010132789611816406, 0.011907831765711308, -0.11813577264547348, 0.9929260015487671, -0.13609875738620758, 0.9835641980171204, 0.11865431070327759, -0.9906237721443176, -0.13654880225658417, -0.00436597503721714),
            ["UpperTorso"] = CFrame.new(1.4528632164001465e-07, 8.940696716308594e-08, 6.705522537231445e-08, 0.8840804100036621, 0.19285613298416138, -0.4256857931613922, -0.11277859658002853, 0.9720016121864319, 0.20614081621170044, 0.4535227417945862, -0.13423685729503632, 0.8810775279998779),
            ["HumanoidRootPart"] = CFrame.new(0, 0, 0, 1, 0, 0, 0, 1, 0, 0, 0, 1),
            ["RightUpperLeg"] = CFrame.new(1.1920928955078125e-07, -1.4901161193847656e-08, -1.6952981241047382e-09, 0.843967080116272, 0.4035588502883911, -0.353355348110199, -0.49586814641952515, 0.8381816744804382, -0.2270824909210205, 0.20453476905822754, 0.3668675720691681, 0.9075095057487488),
            ["LeftUpperArm"] = CFrame.new(-0.11934769153594971, -0.07117664813995361, -0.04041475057601929, 0.29889824986457825, 0.8695720434188843, 0.39307036995887756, -0.019055459648370743, 0.41725701093673706, -0.9085887670516968, -0.9540947079658508, 0.2640856206417084, 0.14128758013248444),
            ["RightLowerArm"] = CFrame.new(-2.980232238769531e-07, 2.980232238769531e-07, -0.000004075467586517334, 1, -0.000019192697436665185, 0.0000031888489502307493, 0.00001890957537398208, 0.9253310561180115, -0.3791602849960327, 0.0000042188917177554686, 0.37916019558906555, 0.9253311157226562),
            ["LeftHand"] = CFrame.new(-0.0000013709068298339844, -0.0000011920928955078125, 2.980232238769531e-07, 0.3835088014602661, -0.09201394021511078, 0.918941855430603, -0.5136023163795471, 0.8057138919830322, 0.29502207040786743, -0.7675504684448242, -0.5851142406463623, 0.2617400288581848),
            ["LeftFoot"] = CFrame.new(2.7939677238464355e-08, -2.384185791015625e-07, -3.725290298461914e-08, 0.9875192046165466, 0.06645602732896805, 0.14279232919216156, -0.04591807350516319, 0.9887157678604126, -0.1425931751728058, -0.15065711736679077, 0.13425670564174652, 0.97942715883255),
            ["LowerTorso"] = CFrame.new(-0.09060829132795334, -0.2109893560409546, 0.22114354372024536, 0.8374269008636475, -0.22439265251159668, -0.4983614981174469, 0.3888326585292816, 0.8853966593742371, 0.254719614982605, 0.3840903341770172, -0.4070882797241211, 0.8287060856819153),
            ["RightLowerLeg"] = CFrame.new(-7.450580596923828e-08, -0.0007262825965881348, 0.000045971777581144124, 1, 7.450584149637507e-08, -6.146728992462158e-08, 1.4901161193847656e-08, 0.9443959593772888, 0.328810453414917, 6.984919309616089e-08, -0.3288106620311737, 0.9443959593772888),
            ["LeftUpperLeg"] = CFrame.new(5.960464477539063e-08, -4.284083843231201e-08, -2.2351741790771484e-08, 0.7883877158164978, 0.6148672103881836, -0.019573695957660675, -0.08970045298337936, 0.08342035114765167, -0.9924691319465637, -0.6086038947105408, 0.784206211566925, 0.1209215372800827),
            ["LeftLowerLeg"] = CFrame.new(0, -0.0007264018058776855, 0.0000807642936706543, 1, 7.82310962677002e-08, 7.078051567077637e-08, -4.097820394122209e-08, 0.2504904270172119, 0.9681190848350525, 4.842878453814592e-08, -0.9681190848350525, 0.2504903972148895),
        }},
        {Time = 0.167, Data = {
            ["RightFoot"] = CFrame.new(1.8998980522155762e-07, -1.7881393432617188e-07, -1.6931153368204832e-08, 0.9759618043899536, -0.06676997244358063, 0.20746152102947235, 0.09298780560493469, 0.9884936809539795, -0.11930416524410248, -0.19710861146450043, 0.13572783768177032, 0.9709409475326538),
            ["LeftLowerArm"] = CFrame.new(0.000001341104507446289, -5.364418029785156e-07, 0.000005237758159637451, 1, 5.960465188081798e-08, -7.450581307466564e-08, -1.1175872316471214e-07, 0.005396929103881121, -0.9999855160713196, -2.2351745343485163e-08, 0.9999855160713196, 0.005396973807364702),
            ["RightUpperArm"] = CFrame.new(-0.1891959309577942, 0.05180478096008301, -0.036706313490867615, 0.8311381340026855, -0.5542121529579163, -0.045368507504463196, 0.47258973121643066, 0.6610179543495178, 0.5828505754470825, -0.2930333614349365, -0.5058696866035461, 0.8113119006156921),
            ["Head"] = CFrame.new(5.960464477539063e-08, -7.152557373046875e-07, 2.9802322387695312e-08, 0.7605229020118713, 0.16495220363140106, 0.6280094981193542, -0.16803142428398132, 0.9842443466186523, -0.0550338551402092, -0.6271926164627075, -0.06367083638906479, 0.7762572765350342),
            ["RightHand"] = CFrame.new(2.980232238769531e-07, 0.0000010728836059570312, -6.556510925292969e-07, -0.024692963808774948, -0.10149205476045609, 0.9945298433303833, -0.12045122683048248, 0.9878877401351929, 0.0978236049413681, -0.9924121499061584, -0.11737667769193649, -0.03661876544356346),
            ["UpperTorso"] = CFrame.new(1.8998980522155762e-07, 8.940696716308594e-08, -1.043081283569336e-07, 0.8836279511451721, 0.20121219754219055, -0.422747403383255, -0.11258108913898468, 0.9677627086639404, 0.22530193626880646, 0.45445260405540466, -0.15148967504501343, 0.8777948021888733),
            ["HumanoidRootPart"] = CFrame.new(0, 0, 0, 1, 0, 0, 0, 1, 0, 0, 0, 1),
            ["RightUpperLeg"] = CFrame.new(2.384185791015625e-07, -1.341104507446289e-07, -3.149762051180005e-08, 0.8386141657829285, 0.4334498643875122, -0.3299207389354706, -0.5032444596290588, 0.8483090400695801, -0.1646716147661209, 0.20849789679050446, 0.30412665009498596, 0.9295350909233093),
            ["LeftUpperArm"] = CFrame.new(-0.12057685852050781, -0.06663858890533447, -0.04040801525115967, 0.2962605953216553, 0.8669955730438232, 0.40068483352661133, -0.018356923013925552, 0.4246097505092621, -0.9051904678344727, -0.9549307823181152, 0.26081690192222595, 0.1417103260755539),
            ["RightLowerArm"] = CFrame.new(5.960464477539063e-08, 2.384185791015625e-07, -0.000004373490810394287, 1, -0.00001900643292174209, 0.000004053116299473913, 0.000018924474716186523, 0.907136082649231, -0.4208376109600067, 0.000004298985004425049, 0.4208376407623291, 0.9071360230445862),
            ["LeftHand"] = CFrame.new(-0.000001430511474609375, -4.76837158203125e-07, 3.8743019104003906e-07, 0.3784480094909668, -0.06756926327943802, 0.9231529831886292, -0.5319519639015198, 0.8003065586090088, 0.2766524851322174, -0.7574986219406128, -0.5957716703414917, 0.26693108677864075),
            ["LeftFoot"] = CFrame.new(-1.6763806343078613e-08, -2.384185791015625e-07, 3.725290298461914e-08, 0.9872127771377563, 0.05903666839003563, 0.14807365834712982, -0.04565301164984703, 0.9946923851966858, -0.0922117680311203, -0.15273158252239227, 0.0842725858092308, 0.9846681356430054),
            ["LowerTorso"] = CFrame.new(-0.0873141810297966, -0.19490158557891846, 0.22571542859077454, 0.8333635330200195, -0.24075354635715485, -0.49753692746162415, 0.39890339970588684, 0.8850609660148621, 0.2398817241191864, 0.38259807229042053, -0.3983778953552246, 0.8336148858070374),
            ["RightLowerLeg"] = CFrame.new(-1.7136335372924805e-07, -0.0007263422012329102, 0.00004608353629009798, 1, 1.117587622445626e-08, 3.632158396271734e-08, -1.210719613453648e-08, 0.9741899371147156, 0.2257300615310669, 1.7602000923488959e-07, -0.22573022544384003, 0.9741899371147156),
            ["LeftUpperLeg"] = CFrame.new(2.384185791015625e-07, -4.842877388000488e-08, -8.195638656616211e-08, 0.785719096660614, 0.6174157857894897, -0.037989988923072815, -0.11320474743843079, 0.08314305543899536, -0.9900868535041809, -0.608136773109436, 0.7822307348251343, 0.1352214813232422),
            ["LeftLowerLeg"] = CFrame.new(-9.685754776000977e-08, -0.0007266998291015625, 0.00008105486631393433, 1, 1.2293456563838845e-07, 9.126959810146218e-08, -8.568167686462402e-08, 0.2575434744358063, 0.9662666916847229, 9.685754776000977e-08, -0.9662666916847229, 0.2575434744358063),
        }},
        {Time = 0.200, Data = {
            ["RightFoot"] = CFrame.new(1.5273690223693848e-07, 0, -3.55576048605144e-08, 0.9762818217277527, -0.07095292955636978, 0.20454753935337067, 0.07153122872114182, 0.9974279403686523, 0.004575126338750124, -0.20434586703777313, 0.010165054351091385, 0.9788458943367004),
            ["LeftLowerArm"] = CFrame.new(0.0000010728836059570312, -3.5762786865234375e-07, 0.000004932284355163574, 1, 2.980232594040899e-08, -6.705523958316917e-08, -8.940698137394065e-08, -0.0027994702104479074, -0.9999961853027344, -2.2351745343485163e-08, 0.9999961256980896, -0.0027995321433991194),
            ["RightUpperArm"] = CFrame.new(-0.1898135542869568, 0.05668139457702637, -0.03493790328502655, 0.8311583399772644, -0.5540328025817871, -0.04715634137392044, 0.48180660605430603, 0.6752723455429077, 0.5584524869918823, -0.27755773067474365, -0.4868828058242798, 0.8281951546669006),
            ["Head"] = CFrame.new(-5.21540641784668e-08, -3.5762786865234375e-07, 5.960464477539063e-08, 0.7645826935768127, 0.1555217206478119, 0.625480592250824, -0.15774446725845337, 0.9860908389091492, -0.052359890192747116, -0.6249239444732666, -0.05863276124000549, 0.7784808874130249),
            ["RightHand"] = CFrame.new(8.940696716308594e-08, 0.0000010728836059570312, -7.748603820800781e-07, -0.05513550341129303, -0.09672193229198456, 0.9937831163406372, -0.08972280472517014, 0.9917505979537964, 0.0915464535355568, -0.9944395422935486, -0.08411737531423569, -0.06335880607366562),
            ["UpperTorso"] = CFrame.new(-1.0803341865539551e-07, 0, 1.4901161193847656e-07, 0.8822110891342163, 0.20787233114242554, -0.42248427867889404, -0.11427821218967438, 0.9649713039398193, 0.2361585795879364, 0.45677587389945984, -0.1600607931613922, 0.8750635981559753),
            ["HumanoidRootPart"] = CFrame.new(0, 0, 0, 1, 0, 0, 0, 1, 0, 0, 0, 1),
            ["RightUpperLeg"] = CFrame.new(-5.960464477539063e-08, -1.7136335372924805e-07, 7.281050784513354e-08, 0.8362945318222046, 0.476645827293396, -0.2709619104862213, -0.5090807676315308, 0.8585586547851562, -0.06094229221343994, 0.2035885453224182, 0.1889069527387619, 0.9606590867042542),
            ["LeftUpperArm"] = CFrame.new(-0.12128937244415283, -0.06101870536804199, -0.03886067867279053, 0.2894841432571411, 0.8695564270019531, 0.40008848905563354, -0.014667462557554245, 0.42196595668792725, -0.9064930081367493, -0.9570704102516174, 0.2565472722053528, 0.13490673899650574),
            ["RightLowerArm"] = CFrame.new(5.662441253662109e-07, 6.556510925292969e-07, -0.000003948807716369629, 1, -0.000018894676031777635, 0.0000043958430069324095, 0.00001899153176054824, 0.8986072540283203, -0.43875402212142944, 0.000004291534878575476, 0.43875399231910706, 0.8986072540283203),
            ["LeftHand"] = CFrame.new(-0.0000014007091522216797, -7.748603820800781e-07, 3.5762786865234375e-07, 0.3602019250392914, -0.053956203162670135, 0.9313125610351562, -0.541380763053894, 0.8009232878684998, 0.2557910084724426, -0.7597114443778992, -0.5963310599327087, 0.25928348302841187),
            ["LeftFoot"] = CFrame.new(1.6763806343078613e-08, 0, 7.450580596923828e-09, 0.987261950969696, 0.05528544262051582, 0.1491887867450714, -0.04823450744152069, 0.9975597858428955, -0.05047714710235596, -0.151615709066391, 0.04263799265027046, 0.9875195026397705),
            ["LowerTorso"] = CFrame.new(-0.08697466552257538, -0.18082094192504883, 0.2303035706281662, 0.8277793526649475, -0.2505965232849121, -0.501978874206543, 0.40745988488197327, 0.883571445941925, 0.23082037270069122, 0.385691374540329, -0.39560461044311523, 0.833510160446167),
            ["RightLowerLeg"] = CFrame.new(-5.21540641784668e-08, -0.0007264018058776855, 0.000046068635128904134, 1, 2.1536845196123977e-08, -6.705523247774181e-08, -2.537854015827179e-08, 0.9999856948852539, 0.005347027909010649, 6.635673344135284e-08, -0.005346992053091526, 0.9999857544898987),
            ["LeftUpperLeg"] = CFrame.new(-1.1920928955078125e-07, -1.6391277313232422e-07, 8.568167686462402e-08, 0.7794386744499207, 0.6246320605278015, -0.048066847026348114, -0.12512816488742828, 0.08004101365804672, -0.988906741142273, -0.6138553023338318, 0.7768064737319946, 0.1405460387468338),
            ["LeftLowerLeg"] = CFrame.new(2.2351741790771484e-08, -0.0007265806198120117, 0.0000812038779258728, 1, 1.4528635006172408e-07, 1.0058282384761696e-07, -3.3527616238870905e-08, 0.26408758759498596, 0.96449875831604, 8.568168397005138e-08, -0.96449875831604, 0.2640874683856964),
        }},
        {Time = 0.233, Data = {
            ["RightFoot"] = CFrame.new(1.1734664440155029e-07, 0, -1.1343217920511961e-08, 0.9765354990959167, -0.07412920892238617, 0.20219671726226807, 0.07321519404649734, 0.9972438812255859, 0.012006526812911034, -0.20252928137779236, 0.0030791047029197216, 0.9792713522911072),
            ["LeftLowerArm"] = CFrame.new(0.0000012516975402832031, -3.5762786865234375e-07, 0.0000052675604820251465, 1, 2.980232594040899e-08, -9.685756197086448e-08, -7.450580596923828e-08, -0.029303599148988724, -0.9995705485343933, -1.4901161193847656e-08, 0.9995706081390381, -0.02930358611047268),
            ["RightUpperArm"] = CFrame.new(-0.18963295221328735, 0.05986928939819336, -0.03375104442238808, 0.8270184397697449, -0.5592167377471924, -0.057595498859882355, 0.495184063911438, 0.6761324405670166, 0.545562207698822, -0.26614534854888916, -0.47971001267433167, 0.8360889554023743),
            ["Head"] = CFrame.new(-2.4586915969848633e-07, -9.5367431640625e-07, -7.450580596923828e-08, 0.7686342597007751, 0.15039247274398804, 0.6217585206031799, -0.15381386876106262, 0.9869056344032288, -0.048566948622465134, -0.6209208369255066, -0.05830498784780502, 0.7817017436027527),
            ["RightHand"] = CFrame.new(5.364418029785156e-07, 0.0000011324882507324219, -8.046627044677734e-07, -0.07911238819360733, -0.10108739137649536, 0.9917271137237549, -0.04673997312784195, 0.9941272139549255, 0.09760355204343796, -0.9957693219184875, -0.03863145038485527, -0.0833728089928627),
            ["UpperTorso"] = CFrame.new(-1.0617077350616455e-07, -1.1920928955078125e-07, 7.450580596923828e-09, 0.8814907073974609, 0.21136637032032013, -0.42225381731987, -0.11505910754203796, 0.9634155631065369, 0.2420579046010971, 0.4579688608646393, -0.16478756070137024, 0.8735615015029907),
            ["HumanoidRootPart"] = CFrame.new(0, 0, 0, 1, 0, 0, 0, 1, 0, 0, 0, 1),
            ["RightUpperLeg"] = CFrame.new(2.9802322387695312e-08, -1.1175870895385742e-07, -3.149762051180005e-08, 0.835822582244873, 0.47991544008255005, -0.26661181449890137, -0.5112249255180359, 0.8573976159095764, -0.059318140149116516, 0.20012451708316803, 0.18587787449359894, 0.9619768857955933),
            ["LeftUpperArm"] = CFrame.new(-0.12128257751464844, -0.05646848678588867, -0.037761032581329346, 0.28660959005355835, 0.8719974160194397, 0.3968319892883301, -0.01094560232013464, 0.4171624183654785, -0.9087660908699036, -0.9579849243164062, 0.2561172842979431, 0.12910713255405426),
            ["RightLowerArm"] = CFrame.new(1.7881393432617188e-07, 2.384185791015625e-07, -0.0000036209821701049805, 1, -0.000018924476535175927, 0.000004500151590036694, 0.000018976630599354394, 0.8980468511581421, -0.4398999512195587, 0.000004291534878575476, 0.43989989161491394, 0.8980468511581421),
            ["LeftHand"] = CFrame.new(-0.0000015497207641601562, -0.0000011324882507324219, 2.086162567138672e-07, 0.3434905707836151, -0.03828038275241852, 0.9383755326271057, -0.5464943647384644, 0.8044379353523254, 0.23285998404026031, -0.7637788653373718, -0.592802107334137, 0.25539717078208923),
            ["LeftFoot"] = CFrame.new(-2.9802322387695312e-08, -1.7881393432617188e-07, 5.21540641784668e-08, 0.9872675538063049, 0.05486742779612541, 0.1493064910173416, -0.05028006434440613, 0.9981449246406555, -0.03433053195476532, -0.15091322362422943, 0.026386244222521782, 0.9881948828697205),
            ["LowerTorso"] = CFrame.new(-0.08848122507333755, -0.17451024055480957, 0.23286831378936768, 0.8244706988334656, -0.2557540237903595, -0.5048148036003113, 0.41158583760261536, 0.8832266926765442, 0.22473926842212677, 0.38838791847229004, -0.39306557178497314, 0.8334592580795288),
            ["RightLowerLeg"] = CFrame.new(-8.195638656616211e-08, -0.0007266402244567871, 0.000046165492676664144, 1, -5.640324474143199e-08, -5.681067705154419e-08, 5.005858128015461e-08, 0.9999856948852539, 0.005349458195269108, 1.9581054289119493e-07, -0.005349408369511366, 0.9999856948852539),
            ["LeftUpperLeg"] = CFrame.new(-5.960464477539063e-08, -3.0919909477233887e-07, -1.1175870895385742e-08, 0.7757773995399475, 0.6289615035057068, -0.05076274275779724, -0.13025470077991486, 0.08090530335903168, -0.9881741404533386, -0.6174166798591614, 0.7732152342796326, 0.14468970894813538),
            ["LeftLowerLeg"] = CFrame.new(-7.450580596923828e-09, -0.0007266402244567871, 0.00008101016283035278, 1, 4.0978193283081055e-08, 1.0803343286625022e-07, -1.862644971595273e-08, 0.26767852902412415, 0.9635083079338074, 1.1920927533992653e-07, -0.9635083675384521, 0.26767846941947937),
        }},
        {Time = 0.267, Data = {
            ["RightFoot"] = CFrame.new(1.8440186977386475e-07, -2.384185791015625e-07, -2.438173396512866e-08, 0.9765027165412903, -0.07544850558042526, 0.20186640322208405, 0.07383454591035843, 0.9971497058868408, 0.015523369424045086, -0.20246228575706482, -0.000253995880484581, 0.9792901277542114),
            ["LeftLowerArm"] = CFrame.new(0.0000012814998626708984, -1.1920928955078125e-07, 0.000004537403583526611, 1, 5.960464477539063e-08, -8.195640788244418e-08, -7.450581307466564e-08, -0.05656326934695244, -0.9983990788459778, -4.4703490686970326e-08, 0.9983990788459778, -0.05656314641237259),
            ["RightUpperArm"] = CFrame.new(-0.1892579197883606, 0.06045222282409668, -0.03261459618806839, 0.8180647492408752, -0.5708106160163879, -0.07032226771116257, 0.5118210911750793, 0.6667877435684204, 0.5416945815086365, -0.2623153328895569, -0.4791339337825775, 0.8376287221908569),
            ["Head"] = CFrame.new(-2.9802322387695312e-08, -9.5367431640625e-07, 7.450580596923828e-08, 0.7796036005020142, 0.16750870645046234, 0.6034555435180664, -0.15908309817314148, 0.9849289059638977, -0.06787993013858795, -0.6057316064834595, -0.04308028146624565, 0.794502317905426),
            ["RightHand"] = CFrame.new(8.940696716308594e-08, 9.5367431640625e-07, -0.0000010728836059570312, -0.10190749913454056, -0.10695275664329529, 0.9890278577804565, -0.005245218053460121, 0.9942477345466614, 0.1069769412279129, -0.9947800636291504, 0.005714281927794218, -0.10188235342502594),
            ["UpperTorso"] = CFrame.new(1.1548399925231934e-07, -1.1920928955078125e-07, 2.2351741790771484e-08, 0.881370484828949, 0.21257348358631134, -0.42189884185791016, -0.11530144512653351, 0.9628327488899231, 0.24425140023231506, 0.45813947916030884, -0.166630357503891, 0.8731223940849304),
            ["HumanoidRootPart"] = CFrame.new(0, 0, 0, 1, 0, 0, 0, 1, 0, 0, 0, 1),
            ["RightUpperLeg"] = CFrame.new(1.1920928955078125e-07, -2.384185791015625e-07, 5.790934665128589e-08, 0.8364236354827881, 0.4807284474372864, -0.2632410228252411, -0.5114978551864624, 0.8571993112564087, -0.05982668325304985, 0.19688980281352997, 0.1846875548362732, 0.9628732800483704),
            ["LeftUpperArm"] = CFrame.new(-0.1211247444152832, -0.054160475730895996, -0.036671459674835205, 0.2844613492488861, 0.8742222189903259, 0.39346808195114136, -0.007822152227163315, 0.41252657771110535, -0.9109119772911072, -0.958655595779419, 0.2560417652130127, 0.12418628484010696),
            ["RightLowerArm"] = CFrame.new(-2.980232238769531e-07, 3.5762786865234375e-07, -0.00000356137752532959, 1, -0.000018879774870583788, 0.000004455448106455151, 0.000018909577192971483, 0.8996253609657288, -0.43666282296180725, 0.000004289672688173596, 0.43666282296180725, 0.899625301361084),
            ["LeftHand"] = CFrame.new(-0.000001430511474609375, -0.0000012516975402832031, 1.1920928955078125e-07, 0.323160856962204, -0.02968725748360157, 0.9458782076835632, -0.5343743562698364, 0.8191844820976257, 0.20828090608119965, -0.7810322046279907, -0.5727613568305969, 0.24886451661586761),
