return {
    ["Bracelets Of Hephaestus"] = {
        {Time = 0.000, Data = {
            ["RightFoot"] = CFrame.new(2.60770320892334e-08, 3.5762786865234375e-07, -5.75528247281909e-09, 0.9496299624443054, 0.2919667959213257, -0.1138358935713768, -0.3083723187446594, 0.8059996962547302, -0.5052425265312195, -0.05576225742697716, 0.5148980021476746, 0.855436384677887),
            ["LeftLowerArm"] = CFrame.new(-1.1920928955078125e-07, 1.1920928955078125e-07, -5.960464477539063e-08, 1, -1.8626449271863521e-09, -4.2840824221457297e-08, 6.705521116145974e-08, 0.8978079557418823, -0.44038698077201843, 1.4901157641133977e-08, 0.440387099981308, 0.8978081345558167),
            ["RightUpperArm"] = CFrame.new(2.384185791015625e-07, -1.1920928955078125e-07, 4.470348358154297e-08, 0.9858463406562805, -0.14043861627578735, -0.09156371653079987, 0.14823274314403534, 0.9853161573410034, 0.08473002165555954, 0.07831994444131851, -0.09710366278886795, 0.9921879172325134),
            ["Head"] = CFrame.new(-1.1175870895385742e-08, 0, 9.313225746154785e-08, 0.9269692897796631, -0.04708356410264969, 0.37217095494270325, 0.07989269495010376, 0.9941104054450989, -0.07322391867637634, -0.3665313422679901, 0.09761005640029907, 0.9252713918685913),
            ["RightHand"] = CFrame.new(-1.4901161193847656e-08, 0, -4.470348358154297e-08, 0.986095666885376, -0.09148989617824554, -0.13872681558132172, 0.0679749995470047, 0.9838377237319946, -0.16565828025341034, 0.15164057910442352, 0.15392503142356873, 0.9763771295547485),
            ["UpperTorso"] = CFrame.new(-7.642142918484751e-09, -2.086162567138672e-07, -1.6763806343078613e-08, 0.9934582114219666, 0.038572464138269424, -0.10748545825481415, -0.005770615767687559, 0.956982433795929, 0.2900887131690979, 0.11405112594366074, -0.2875707149505615, 0.9509446024894714),
            ["HumanoidRootPart"] = CFrame.new(0, 0, 0, 1, 0, 0, 0, 1, 0, 0, 0, 1),
            ["RightUpperLeg"] = CFrame.new(0, -7.078051567077637e-08, -1.6596459317952394e-08, 0.9258106350898743, -0.3053153455257416, -0.22283901274204254, 0.3162534534931183, 0.9485675096511841, 0.014264115132391453, 0.20702268183231354, -0.08367957174777985, 0.9747509360313416),
            ["LeftUpperArm"] = CFrame.new(0, -1.1920928955078125e-07, 8.940696716308594e-08, 0.9085133075714111, 0.2614157199859619, -0.3259834051132202, -0.2445649802684784, 0.9652169942855835, 0.09243540465831757, 0.33880898356437683, -0.004254616796970367, 0.9408456683158875),
            ["RightLowerArm"] = CFrame.new(-1.7881393432617188e-07, 3.5762786865234375e-07, 1.1920928955078125e-07, 1, -7.078052277620372e-08, -3.911554458113642e-08, 3.748573362827301e-08, 0.9138367176055908, -0.4060819745063782, 2.9802322387695312e-08, 0.40608206391334534, 0.913836658000946),
            ["LeftHand"] = CFrame.new(4.470348358154297e-07, -1.7881393432617188e-07, -8.381903171539307e-08, 0.9799966812133789, 0.06615340709686279, 0.18769754469394684, -0.05481370538473129, 0.9963800311088562, -0.064980648458004, -0.1913169026374817, 0.053392305970191956, 0.9800750613212585),
            ["LeftFoot"] = CFrame.new(5.960464477539063e-08, -5.960464477539063e-08, 1.0244548320770264e-07, 0.9773310422897339, -0.21097739040851593, 0.01768544130027294, 0.21092583239078522, 0.9630598425865173, -0.16741003096103668, 0.01828755997121334, 0.16734537482261658, 0.9857288002967834),
            ["LowerTorso"] = CFrame.new(-0.04078742116689682, -0.2690436840057373, 0.01154998503625393, 0.963488757610321, -0.0216232817620039, -0.26687419414520264, 7.584624199807877e-07, 0.9967338442802429, -0.08075687289237976, 0.26774877309799194, 0.07780813425779343, 0.9603418707847595),
            ["RightLowerLeg"] = CFrame.new(-1.4901161193847656e-08, -0.00012230873107910156, -0.00007745081529719755, 1, -1.1175865211043856e-07, 0, 1.3783576946480025e-07, 0.8101810216903687, 0.5861799716949463, -6.891788473240013e-08, -0.5861798524856567, 0.8101808428764343),
            ["LeftUpperLeg"] = CFrame.new(2.9802322387695312e-08, -2.0675361156463623e-07, -2.9802322387695312e-08, 0.9738152623176575, 0.21485643088817596, -0.0743001252412796, -0.22155962884426117, 0.8237006664276123, -0.5219470858573914, -0.05094259977340698, 0.5247417688369751, 0.849735677242279),
            ["LeftLowerLeg"] = CFrame.new(8.940696716308594e-08, 0.00012260675430297852, 0.00007732212543487549, 1, 3.725289587919178e-08, 3.72529100900465e-08, -4.8428766774577525e-08, 0.690028190612793, 0.7237827777862549, 2.9802318834981634e-08, -0.7237825393676758, 0.6900280117988586),
        }},
        {Time = 0.033, Data = {
            ["RightFoot"] = CFrame.new(6.705522537231445e-08, 2.384185791015625e-07, 1.6596459317952394e-08, 0.9500964879989624, 0.2904921770095825, -0.11371491104364395, -0.3071146309375763, 0.8070202469825745, -0.5043793320655823, -0.05474777892231941, 0.5141328573226929, 0.8559617400169373),
            ["LeftLowerArm"] = CFrame.new(-1.7881393432617188e-07, -3.5762786865234375e-07, -5.960464477539063e-08, 1, -7.078048014363958e-08, -5.215405707303944e-08, 8.568166975919667e-08, 0.8978703022003174, -0.4402602016925812, 3.352760913344355e-08, 0.44026023149490356, 0.8978703022003174),
            ["RightUpperArm"] = CFrame.new(1.1920928955078125e-07, -4.76837158203125e-07, 1.4901161193847656e-08, 0.9861593246459961, -0.142666295170784, -0.08447661250829697, 0.1496930867433548, 0.9851856231689453, 0.08367318660020828, 0.07128793746232986, -0.09516095370054245, 0.9929061532020569),
            ["Head"] = CFrame.new(-3.3527612686157227e-08, -1.1920928955078125e-07, 1.862645149230957e-08, 0.9267395734786987, -0.04672616720199585, 0.3727874159812927, 0.0797014981508255, 0.9941030144691467, -0.07353232055902481, -0.36715322732925415, 0.0978570282459259, 0.9249986410140991),
            ["RightHand"] = CFrame.new(-4.470348358154297e-08, 1.1920928955078125e-07, -5.960464477539063e-08, 0.9869499206542969, -0.08325128257274628, -0.13783735036849976, 0.06055055558681488, 0.985032320022583, -0.16138476133346558, 0.1492096483707428, 0.1509326994419098, 0.977218508720398),
            ["UpperTorso"] = CFrame.new(-2.7939677238464355e-09, -1.1920928955078125e-07, 1.6763806343078613e-08, 0.9933853149414062, 0.03998580947518349, -0.1076420471072197, -0.006389246322214603, 0.9552077651023865, 0.2958674132823944, 0.1146509200334549, -0.293222576379776, 0.949144721031189),
            ["HumanoidRootPart"] = CFrame.new(0, 0, 0, 1, 0, 0, 0, 1, 0, 0, 0, 1),
            ["RightUpperLeg"] = CFrame.new(1.1920928955078125e-07, 1.51805579662323e-07, -3.149762051180005e-08, 0.9268164038658142, -0.30099159479141235, -0.22453421354293823, 0.3140174150466919, 0.9491170644760132, 0.023872211575508118, 0.20592376589775085, -0.09263285994529724, 0.9741737842559814),
            ["LeftUpperArm"] = CFrame.new(-1.1920928955078125e-07, -2.384185791015625e-07, 5.960464477539063e-08, 0.9116517901420593, 0.2618864178657532, -0.316711962223053, -0.24641963839530945, 0.9650946259498596, 0.08871184289455414, 0.3288896679878235, -0.0028304317966103554, 0.9443641901016235),
            ["RightLowerArm"] = CFrame.new(0, 0, 1.7881393432617188e-07, 1, -2.7939670133036998e-08, -1.1175869119028903e-08, 7.357447628919545e-08, 0.9138363003730774, -0.40608280897140503, 3.7252898543727042e-09, 0.40608280897140503, 0.9138362407684326),
            ["LeftHand"] = CFrame.new(-5.960464477539063e-08, 4.172325134277344e-07, -3.166496753692627e-08, 0.9807654619216919, 0.05700605362653732, 0.18667978048324585, -0.04592675343155861, 0.9969468712806702, -0.06314971297979355, -0.18970978260040283, 0.053361471742391586, 0.9803891181945801),
            ["LeftFoot"] = CFrame.new(1.1175870895385742e-07, 5.960464477539063e-08, 0, 0.9769076108932495, -0.21290408074855804, 0.017987878993153572, 0.21284542977809906, 0.9623621702194214, -0.1689850091934204, 0.01866673119366169, 0.16891136765480042, 0.9854544997215271),
            ["LowerTorso"] = CFrame.new(-0.03744185343384743, -0.2684568166732788, 0.01005636714398861, 0.9634631276130676, -0.02481730654835701, -0.26668882369995117, 0.0019522614311426878, 0.9963223338127136, -0.08566202223300934, 0.267833948135376, 0.08201155066490173, 0.9599682688713074),
            ["RightLowerLeg"] = CFrame.new(-5.960464477539063e-08, -0.00012242794036865234, -0.00007733905658824369, 1, -7.078050145992165e-08, -8.940696716308594e-08, 4.470347647611561e-08, 0.8136399984359741, 0.5813686847686768, -3.911554458113642e-08, -0.5813690423965454, 0.8136402368545532),
            ["LeftUpperLeg"] = CFrame.new(-5.960464477539063e-08, 5.21540641784668e-08, 4.470348358154297e-08, 0.9729750156402588, 0.21786203980445862, -0.07652290910482407, -0.22558632493019104, 0.8260757327079773, -0.5164393186569214, -0.049298956990242004, 0.5197451114654541, 0.8528978824615479),
            ["LeftLowerLeg"] = CFrame.new(9.685754776000977e-08, 0.0001227259635925293, 0.00007750093936920166, 1, 3.91155481338501e-08, 4.842878098543224e-08, -8.195641498787154e-08, 0.6896090507507324, 0.7241818308830261, 2.980233304583635e-08, -0.7241819500923157, 0.6896090507507324),
        }},
        {Time = 0.067, Data = {
            ["RightFoot"] = CFrame.new(3.3527612686157227e-08, 4.172325134277344e-07, 6.875052349641919e-08, 0.9514085054397583, 0.28631651401519775, -0.11333610862493515, -0.30354028940200806, 0.8100693821907043, -0.5016475319862366, -0.0518198125064373, 0.5116743445396423, 0.8576157093048096),
            ["LeftLowerArm"] = CFrame.new(5.960464477539063e-08, -5.960464477539063e-08, 1.1920928955078125e-07, 1, -6.146731124090365e-08, 7.4505797087454084e-09, 2.6077035641947077e-08, 0.8980541229248047, -0.4398846924304962, -5.960465188081798e-08, 0.4398850202560425, 0.898054301738739),
            ["RightUpperArm"] = CFrame.new(1.1920928955078125e-07, 4.76837158203125e-07, 0, 0.986711323261261, -0.14880433678627014, -0.06525331735610962, 0.15383996069431305, 0.9848135113716125, 0.0804724171757698, 0.05228766053915024, -0.08944159746170044, 0.9946185946464539),
            ["Head"] = CFrame.new(-7.450580596923828e-09, 3.5762786865234375e-07, 4.842877388000488e-08, 0.9262065887451172, -0.045841753482818604, 0.3742193579673767, 0.07927202433347702, 0.9940706491470337, -0.07442779093980789, -0.36858847737312317, 0.09860061854124069, 0.9243487119674683),
            ["RightHand"] = CFrame.new(1.1920928955078125e-07, 0, 2.9802322387695312e-08, 0.9889397621154785, -0.06117893382906914, -0.13511228561401367, 0.040605682879686356, 0.987838864326477, -0.15008482336997986, 0.1426512449979782, 0.14293886721134186, 0.9793974161148071),
            ["UpperTorso"] = CFrame.new(4.6566128730773926e-09, -5.960464477539063e-08, 7.450580596923828e-09, 0.9931915998458862, 0.04384269192814827, -0.10792753100395203, -0.008087996393442154, 0.9501917362213135, 0.3115611970424652, 0.11621148139238358, -0.308567076921463, 0.9440769553184509),
            ["HumanoidRootPart"] = CFrame.new(0, 0, 0, 1, 0, 0, 0, 1, 0, 0, 0, 1),
            ["RightUpperLeg"] = CFrame.new(0, 2.039596438407898e-07, 5.75528247281909e-09, 0.929521918296814, -0.2889883518218994, -0.22907383739948273, 0.3076927959918976, 0.9501797556877136, 0.04983628913760185, 0.20325902104377747, -0.11680836230516434, 0.9721325039863586),
            ["LeftUpperArm"] = CFrame.new(-1.1920928955078125e-07, 4.76837158203125e-07, -2.9802322387695312e-08, 0.9196964502334595, 0.2633795142173767, -0.291187047958374, -0.25153279304504395, 0.9646914005279541, 0.07811514288187027, 0.30147942900657654, 0.0014009700389578938, 0.9534717202186584),
            ["RightLowerArm"] = CFrame.new(-2.682209014892578e-07, -4.172325134277344e-07, 0, 1, -3.9115523264854346e-08, -1.3038519597330378e-08, 3.259628655882807e-08, 0.9137416481971741, -0.40629640221595764, -7.4505797087454084e-09, 0.40629592537879944, 0.913741409778595),
            ["LeftHand"] = CFrame.new(0, 1.1920928955078125e-07, 7.078051567077637e-08, 0.9823992252349854, 0.032606858760118484, 0.18392597138881683, -0.02221178263425827, 0.998052179813385, -0.05829782038927078, -0.1854684054851532, 0.05318611115217209, 0.9812098145484924),
            ["LeftFoot"] = CFrame.new(-4.842877388000488e-08, 5.960464477539063e-08, -3.725290298461914e-08, 0.9757174849510193, -0.21822206676006317, 0.01883023977279663, 0.21815507113933563, 0.9605196118354797, -0.1726571023464203, 0.01959080994129181, 0.172572523355484, 0.9848020076751709),
            ["LowerTorso"] = CFrame.new(-0.028228096663951874, -0.2666701078414917, 0.006349119357764721, 0.963376522064209, -0.03342392295598984, -0.2660614252090454, 0.00726293446496129, 0.9950897693634033, -0.09870976954698563, 0.268054336309433, 0.09316228330135345, 0.9588887691497803),
            ["RightLowerLeg"] = CFrame.new(0, -0.00012254714965820312, -0.00007736140833003446, 1, -4.097817907222634e-08, -5.960465898624534e-08, 1.2293459406009788e-07, 0.8231909275054932, 0.5677647590637207, -1.3969840395589017e-08, -0.5677646994590759, 0.8231908679008484),
            ["LeftUpperLeg"] = CFrame.new(0, 2.169981598854065e-07, -2.2351741790771484e-08, 0.9705889821052551, 0.22614090144634247, -0.08256825804710388, -0.236570805311203, 0.8323425054550171, -0.5012385845184326, -0.044625572860240936, 0.5060299634933472, 0.8613607883453369),
            ["LeftLowerLeg"] = CFrame.new(4.470348358154297e-08, 0.0001226663589477539, 0.00007720291614532471, 1, 2.607702853651972e-08, 2.9802315282267955e-08, -6.70552182668871e-08, 0.6891262531280518, 0.7246411442756653, 1.4901159417490817e-08, -0.7246413826942444, 0.6891263723373413),
        }},
        {Time = 0.100, Data = {
            ["RightFoot"] = CFrame.new(-3.725290298461914e-08, 3.5762786865234375e-07, 1.6596459317952394e-08, 0.9534169435501099, 0.2798435688018799, -0.11262325197458267, -0.29794690012931824, 0.8152331113815308, -0.4966108500957489, -0.04715919494628906, 0.507033109664917, 0.8606356382369995),
            ["LeftLowerArm"] = CFrame.new(5.960464477539063e-08, 1.7881393432617188e-07, -1.1920928955078125e-07, 1, -7.264316082000732e-08, -5.960462345910855e-08, 4.842878098543224e-08, 0.8983559012413025, -0.4392681121826172, 2.6077035641947077e-08, 0.4392683506011963, 0.898356020450592),
            ["RightUpperArm"] = CFrame.new(3.5762786865234375e-07, 3.5762786865234375e-07, 8.940696716308594e-08, 0.986747682094574, -0.1580267995595932, -0.03683292865753174, 0.16042152047157288, 0.9841831922531128, 0.0751553401350975, 0.024373605847358704, -0.08006810396909714, 0.9964914321899414),
            ["Head"] = CFrame.new(3.725290298461914e-09, -2.384185791015625e-07, 8.940696716308594e-08, 0.9255092144012451, -0.044705409556627274, 0.376077264547348, 0.07887198776006699, 0.993988037109375, -0.07594218105077744, -0.3704211711883545, 0.09994719177484512, 0.9234710335731506),
            ["RightHand"] = CFrame.new(4.470348358154297e-08, 1.1920928955078125e-07, 4.470348358154297e-08, 0.9910258650779724, -0.0291840061545372, -0.13044577836990356, 0.011569935828447342, 0.9909407496452332, -0.13380052149295807, 0.1331690400838852, 0.13109031319618225, 0.9823855757713318),
            ["UpperTorso"] = CFrame.new(8.381903171539307e-09, 2.9802322387695312e-08, -1.862645149230957e-09, 0.9929143786430359, 0.04956096038222313, -0.10800372809171677, -0.010621222667396069, 0.9422515630722046, 0.334737628698349, 0.1183566302061081, -0.3312186896800995, 0.9361014366149902),
            ["HumanoidRootPart"] = CFrame.new(0, 0, 0, 1, 0, 0, 0, 1, 0, 0, 0, 1),
            ["RightUpperLeg"] = CFrame.new(0, -1.7136335372924805e-07, 3.55576048605144e-08, 0.9334121346473694, -0.2706778347492218, -0.2355320304632187, 0.2978760898113251, 0.9505292177200317, 0.08811475336551666, 0.20002949237823486, -0.15240684151649475, 0.9678638577461243),
            ["LeftUpperArm"] = CFrame.new(-1.1920928955078125e-07, 3.5762786865234375e-07, 2.384185791015625e-07, 0.9302202463150024, 0.2660313546657562, -0.2528192400932312, -0.25898277759552, 0.96392822265625, 0.061404693871736526, 0.26003506779670715, 0.008355981670320034, 0.9655630588531494),
            ["RightLowerArm"] = CFrame.new(0, -5.960464477539063e-08, 5.960464477539063e-08, 1, -9.313227167240257e-08, 3.725288078015865e-09, 1.1175867342672063e-08, 0.9135568737983704, -0.4067109227180481, 7.450577932388569e-09, 0.406711220741272, 0.9135568737983704),
            ["LeftHand"] = CFrame.new(-1.1920928955078125e-07, 1.1920928955078125e-07, 1.043081283569336e-07, 0.9836946129798889, -0.002731010550633073, 0.1798267364501953, 0.012170160189270973, 0.9986037015914917, -0.05140674114227295, -0.1794351041316986, 0.052757006138563156, 0.9823542237281799),
            ["LeftFoot"] = CFrame.new(-1.4901161193847656e-08, 1.1920928955078125e-07, -4.842877388000488e-08, 0.9738674759864807, -0.22622691094875336, 0.020090334117412567, 0.22616788744926453, 0.9579160213470459, -0.17676299810409546, 0.020743638277053833, 0.17668738961219788, 0.9840484261512756),
            ["LowerTorso"] = CFrame.new(-0.014390945434570312, -0.26360154151916504, 0.0015902338782325387, 0.963190495967865, -0.04596392810344696, -0.26486119627952576, 0.015104230493307114, 0.9929708242416382, -0.11739200353622437, 0.26839524507522583, 0.10907032340765, 0.9571142792701721),
            ["RightLowerLeg"] = CFrame.new(-2.9802322387695312e-08, -0.0001227259635925293, -0.00007745640323264524, 1, -4.0978193283081055e-08, -2.9802318834981634e-08, 8.568167686462402e-08, 0.8377994298934937, 0.545977771282196, 2.7008354663848877e-08, -0.5459782481193542, 0.837799608707428),
            ["LeftUpperLeg"] = CFrame.new(-5.960464477539063e-08, 2.1420419216156006e-08, 0, 0.9668128490447998, 0.23864848911762238, -0.0912136435508728, -0.2527351677417755, 0.8411245346069336, -0.47815728187561035, -0.03738951310515404, 0.48534172773361206, 0.8735249042510986),
            ["LeftLowerLeg"] = CFrame.new(1.4901161193847656e-08, 0.00012236833572387695, 0.00007756054401397705, 1, 3.911554458113642e-08, 6.332994928470725e-08, -1.862644971595273e-08, 0.6900399327278137, 0.7237716317176819, 4.470347647611561e-08, -0.7237713932991028, 0.6900395750999451),
        }},
        {Time = 0.133, Data = {
            ["RightFoot"] = CFrame.new(-4.0978193283081055e-08, 1.7881393432617188e-07, 6.129994289949536e-08, 0.9559614658355713, 0.27147606015205383, -0.11152847111225128, -0.29062196612358093, 0.8225851058959961, -0.48876601457595825, -0.04094657674431801, 0.49965453147888184, 0.8652567863464355),
            ["LeftLowerArm"] = CFrame.new(-5.960464477539063e-08, 1.1920928955078125e-07, 0, 1, -8.195638656616211e-08, -5.5879340266073996e-08, 8.940696716308594e-08, 0.8987776041030884, -0.4384050667285919, -4.842877388000488e-08, 0.43840500712394714, 0.8987775444984436),
            ["RightUpperArm"] = CFrame.new(2.384185791015625e-07, -3.5762786865234375e-07, -8.940696716308594e-08, 0.9855252504348755, -0.1695130318403244, -0.0023361623752862215, 0.16928017139434814, 0.9832380414009094, 0.06772866100072861, -0.009184233844280243, -0.06714373081922531, 0.9977010488510132),
            ["Head"] = CFrame.new(9.313225746154785e-09, -2.384185791015625e-07, 8.568167686462402e-08, 0.9247758388519287, -0.043524034321308136, 0.37801504135131836, 0.07869602739810944, 0.9938352108001709, -0.07809341698884964, -0.3722856938838959, 0.10196719318628311, 0.9224998950958252),
            ["RightHand"] = CFrame.new(1.043081283569336e-07, 0, 5.960464477539063e-08, 0.9922745227813721, 0.008687869645655155, -0.123757004737854, -0.023027393966913223, 0.9931084513664246, -0.11491528153419495, 0.12190601974725723, 0.11687744408845901, 0.9856362342834473),
            ["UpperTorso"] = CFrame.new(-1.0244548320770264e-08, -8.940696716308594e-08, 3.3527612686157227e-08, 0.9925923347473145, 0.056525468826293945, -0.10754302144050598, -0.013748123310506344, 0.9317488670349121, 0.3628430664539337, 0.12071304768323898, -0.3586767315864563, 0.9256238341331482),
            ["HumanoidRootPart"] = CFrame.new(0, 0, 0, 1, 0, 0, 0, 1, 0, 0, 0, 1),
            ["RightUpperLeg"] = CFrame.new(0, 5.4016709327697754e-08, 1.3205863069742918e-08, 0.9379444122314453, -0.24745094776153564, -0.24295735359191895, 0.28524649143218994, 0.948940098285675, 0.13471148908138275, 0.19721758365631104, -0.1956547349691391, 0.9606375694274902),
            ["LeftUpperArm"] = CFrame.new(-1.1920928955078125e-07, 0, 1.1920928955078125e-07, 0.9407592415809631, 0.27000734210014343, -0.2051052749156952, -0.26773327589035034, 0.9626912474632263, 0.03930268436670303, 0.20806480944156647, 0.0179390050470829, 0.9779505133628845),
            ["RightLowerArm"] = CFrame.new(0, 1.1920928955078125e-07, -2.9802322387695312e-08, 1, -2.9802322387695312e-08, 3.352760202801619e-08, 6.332992796842518e-08, 0.9131976366043091, -0.40751683712005615, 3.7252898543727042e-09, 0.4075170159339905, 0.9131978154182434),
            ["LeftHand"] = CFrame.new(-8.940696716308594e-08, 5.960464477539063e-08, 1.4901161193847656e-08, 0.9835949540138245, -0.044654592871665955, 0.17477743327617645, 0.05302439257502556, 0.99764484167099, -0.043511681258678436, -0.17242246866226196, 0.052065521478652954, 0.983646035194397),
            ["LeftFoot"] = CFrame.new(4.0978193283081055e-08, -5.960464477539063e-08, -3.725290298461914e-09, 0.971466600894928, -0.23618768155574799, 0.021634100005030632, 0.23617468774318695, 0.9549564123153687, -0.17966602742671967, 0.02177526243031025, 0.17964904010295868, 0.9834897518157959),
            ["LowerTorso"] = CFrame.new(0.002819391433149576, -0.2592066526412964, -0.0030624247156083584, 0.9628732204437256, -0.06094639003276825, -0.26298436522483826, 0.024641919881105423, 0.9899577498435974, -0.13919956982135773, 0.26882708072662354, 0.12755107879638672, 0.9547056555747986),
            ["RightLowerLeg"] = CFrame.new(-7.450580596923828e-09, -0.0001220703125, -0.00007737258420092985, 1, -2.60770320892334e-08, -4.4703497792397684e-08, 2.9802322387695312e-08, 0.85636967420578, 0.5163631439208984, -1.0593794286251068e-08, -0.5163633227348328, 0.8563697934150696),
            ["LeftUpperLeg"] = CFrame.new(0, -4.470348358154297e-08, -1.4901161193847656e-08, 0.9618206024169922, 0.2542555332183838, -0.10126843303442001, -0.2722454369068146, 0.8510180711746216, -0.44905537366867065, -0.02799348533153534, 0.4594805836677551, 0.8877465724945068),
            ["LeftLowerLeg"] = CFrame.new(1.6391277313232422e-07, 0.00012242794036865234, 0.00007724761962890625, 1, 4.842877388000488e-08, 4.8428763221863846e-08, -5.960465188081798e-08, 0.6935842037200928, 0.7203752994537354, 2.980232594040899e-08, -0.7203755378723145, 0.6935844421386719),
        }},
        {Time = 0.167, Data = {
            ["RightFoot"] = CFrame.new(-4.0978193283081055e-08, 2.980232238769531e-07, 7.620110409334302e-08, 0.9588723182678223, 0.26165464520454407, -0.11000421643257141, -0.28185901045799255, 0.8320845365524292, -0.4776923656463623, -0.033457569777965546, 0.4890523850917816, 0.8716130256652832),
            ["LeftLowerArm"] = CFrame.new(-1.1920928955078125e-07, -1.7881393432617188e-07, -1.7881393432617188e-07, 1, -1.490115231206346e-08, 8.940694584680386e-08, 3.352760558072987e-08, 0.8993127346038818, -0.43730628490448, -8.568165554834195e-08, 0.43730616569519043, 0.8993126153945923),
            ["RightUpperArm"] = CFrame.new(2.384185791015625e-07, 1.1920928955078125e-07, 7.450580596923828e-08, 0.9825835227966309, -0.18246273696422577, 0.03517219051718712, 0.1802520751953125, 0.9818971157073975, 0.05820012837648392, -0.04515503719449043, -0.050846751779317856, 0.9976851940155029),
            ["Head"] = CFrame.new(3.632158041000366e-08, -1.1920928955078125e-07, 7.450580596923828e-08, 0.9241888523101807, -0.042616069316864014, 0.3795509934425354, 0.07900959253311157, 0.9935920238494873, -0.08082398027181625, -0.37367433309555054, 0.10468477755784988, 0.9216337203979492),
            ["RightHand"] = CFrame.new(8.940696716308594e-08, -1.7881393432617188e-07, -2.9802322387695312e-08, 0.9921388626098633, 0.0484173446893692, -0.11539626866579056, -0.059591375291347504, 0.9936503171920776, -0.09543612599372864, 0.1100427433848381, 0.10156256705522537, 0.9887242913246155),
            ["UpperTorso"] = CFrame.new(5.587935447692871e-09, -8.940696716308594e-08, 1.3271346688270569e-08, 0.992263913154602, 0.06415504962205887, -0.10628541558980942, -0.017288783565163612, 0.919192373752594, 0.3934291899204254, 0.12293721735477448, -0.38854798674583435, 0.9131906032562256),
            ["HumanoidRootPart"] = CFrame.new(0, 0, 0, 1, 0, 0, 0, 1, 0, 0, 0, 1),
            ["RightUpperLeg"] = CFrame.new(-5.960464477539063e-08, 1.434236764907837e-07, 1.3205863069742918e-08, 0.9426050186157227, -0.22071444988250732, -0.25056129693984985, 0.27052855491638184, 0.9446526169776917, 0.18559575080871582, 0.19572971761226654, -0.24272780120372772, 0.9501438736915588),
            ["LeftUpperArm"] = CFrame.new(-1.1920928955078125e-07, -1.1920928955078125e-07, 1.4901161193847656e-07, 0.9492666721343994, 0.27541497349739075, -0.1517871469259262, -0.276748389005661, 0.9608585834503174, 0.012694279663264751, 0.14934226870536804, 0.029956404119729996, 0.9883317947387695),
            ["RightLowerArm"] = CFrame.new(2.384185791015625e-07, 3.5762786865234375e-07, 0, 1, -2.980232949312267e-08, -1.6763799237651256e-08, 7.82310962677002e-08, 0.9126582145690918, -0.40872350335121155, 5.21540641784668e-08, 0.40872374176979065, 0.9126583337783813),
            ["LeftHand"] = CFrame.new(5.960464477539063e-08, -1.7881393432617188e-07, -1.1920928955078125e-07, 0.9815829992294312, -0.08855553716421127, 0.1692713499069214, 0.09587536752223969, 0.9947581887245178, -0.0355544313788414, -0.16523568332195282, 0.051128774881362915, 0.9849280118942261),
            ["LeftFoot"] = CFrame.new(-6.705522537231445e-08, -5.960464477539063e-08, 5.587935447692871e-08, 0.9686309695243835, -0.24741224944591522, 0.023266153410077095, 0.24750015139579773, 0.95207679271698, -0.17970384657382965, 0.022309863939881325, 0.17982521653175354, 0.9834455847740173),
            ["LowerTorso"] = CFrame.new(0.022151082754135132, -0.2535618543624878, -0.006459896918386221, 0.9624344110488892, -0.07688315957784653, -0.26040157675743103, 0.035051457583904266, 0.9862282872200012, -0.16163340210914612, 0.2692422866821289, 0.14643412828445435, 0.9518747925758362),
            ["RightLowerLeg"] = CFrame.new(6.705522537231445e-08, -0.00012224912643432617, -0.00007747502968413755, 1, -4.097817907222634e-08, -4.4703497792397684e-08, 5.960465898624534e-08, 0.8775196075439453, 0.47954076528549194, -8.055942402052096e-08, -0.47954073548316956, 0.8775196671485901),
            ["LeftUpperLeg"] = CFrame.new(8.940696716308594e-08, 4.842877388000488e-08, 0, 0.955827534198761, 0.2718733847141266, -0.11170849949121475, -0.29343268275260925, 0.860555112361908, -0.416343629360199, -0.017061585560441017, 0.4307316541671753, 0.9023188352584839),
            ["LeftLowerLeg"] = CFrame.new(1.4901161193847656e-07, 0.00012260675430297852, 0.00007735192775726318, 1, 8.754431490842762e-08, 1.4901164746561335e-08, -8.940698137394065e-08, 0.7007256150245667, 0.7134308815002441, 5.960465188081798e-08, -0.7134308815002441, 0.7007256746292114),
        }},
        {Time = 0.200, Data = {
            ["RightFoot"] = CFrame.new(-8.195638656616211e-08, 2.980232238769531e-07, -2.8107024263590574e-08, 0.9619938135147095, 0.25079166889190674, -0.10803589969873428, -0.2719099223613739, 0.8432966470718384, -0.46358948945999146, -0.025158189237117767, 0.4753466248512268, 0.8794390559196472),
            ["LeftLowerArm"] = CFrame.new(-2.384185791015625e-07, 1.7881393432617188e-07, 1.1920928955078125e-07, 1, -5.21540641784668e-08, -1.4901159417490817e-08, 5.587936158235607e-08, 0.8999584317207336, -0.4359756410121918, -7.450581485102248e-09, 0.43597570061683655, 0.8999584913253784),
            ["RightUpperArm"] = CFrame.new(-5.960464477539063e-08, -2.384185791015625e-07, -8.940696716308594e-08, 0.9778894782066345, -0.19611236453056335, 0.07261083275079727, 0.1930866539478302, 0.9800723791122437, 0.046645309776067734, -0.08031163364648819, -0.03159390389919281, 0.9962690472602844),
            ["Head"] = CFrame.new(-2.7474015951156616e-08, -1.1920928955078125e-07, -4.842877388000488e-08, 0.92393958568573, -0.04217386245727539, 0.38020655512809753, 0.0799797847867012, 0.9932351112365723, -0.0841856449842453, -0.3740840554237366, 0.10819124430418015, 0.9210622906684875),
            ["RightHand"] = CFrame.new(-1.1175870895385742e-07, -1.7881393432617188e-07, 2.9802322387695312e-08, 0.9906335473060608, 0.08588574826717377, -0.10615510493516922, -0.09435255825519562, 0.9925186634063721, -0.07748729735612869, 0.09870591014623642, 0.08677767962217331, 0.991325855255127),
            ["UpperTorso"] = CFrame.new(2.421438694000244e-08, 1.4901161193847656e-07, -3.7834979593753815e-08, 0.9919674396514893, 0.07184930145740509, -0.10410775244235992, -0.02107277698814869, 0.9053885340690613, 0.4240608811378479, 0.12472643703222275, -0.4184606969356537, 0.8996298909187317),
            ["HumanoidRootPart"] = CFrame.new(0, 0, 0, 1, 0, 0, 0, 1, 0, 0, 0, 1),
            ["RightUpperLeg"] = CFrame.new(-5.960464477539063e-08, 5.774199962615967e-08, -1.6952981241047382e-09, 0.9469153881072998, -0.1921449899673462, -0.25774332880973816, 0.25455012917518616, 0.9378061294555664, 0.23605890572071075, 0.1963558942079544, -0.2891366183757782, 0.9369336366653442),
            ["LeftUpperArm"] = CFrame.new(-1.1920928955078125e-07, -2.384185791015625e-07, -8.940696716308594e-08, 0.9544338583946228, 0.2822831869125366, -0.0968109592795372, -0.28519099950790405, 0.9583135843276978, -0.017353950068354607, 0.08787638694047928, 0.04417270049452782, 0.9951515793800354),
            ["RightLowerArm"] = CFrame.new(0, 2.384185791015625e-07, 2.086162567138672e-07, 1, -4.656611096720553e-08, -2.980232594040899e-08, 3.725289943190546e-08, 0.911895215511322, -0.41042354702949524, -2.9802318834981634e-08, 0.4104233682155609, 0.9118950366973877),
            ["LeftHand"] = CFrame.new(1.7881393432617188e-07, -1.1920928955078125e-07, -5.960464477539063e-08, 0.9778728485107422, -0.13008174300193787, 0.1638401597738266, 0.13647592067718506, 0.9902377724647522, -0.028345294296741486, -0.15855330228805542, 0.05007834732532501, 0.9860795736312866),
            ["LeftFoot"] = CFrame.new(8.940696716308594e-08, -1.1920928955078125e-07, -1.4901161193847656e-08, 0.9658994078636169, -0.25613632798194885, 0.037850286811590195, 0.2587573528289795, 0.9497848153114319, -0.17593568563461304, 0.009113864973187447, 0.17973022162914276, 0.9836738109588623),
            ["LowerTorso"] = CFrame.new(0.04237063601613045, -0.24690210819244385, -0.007467473857104778, 0.9619446396827698, -0.09231095016002655, -0.2571796476840973, 0.04553796350955963, 0.98220294713974, -0.18221920728683472, 0.2694234251976013, 0.16357335448265076, 0.9490283727645874),
            ["RightLowerLeg"] = CFrame.new(-7.450580596923828e-08, -0.00012236833572387695, -0.00007742101297480986, 1, 3.7252894102834944e-09, -7.450579886381092e-08, 3.725290653733282e-08, 0.8994500041007996, 0.4370233118534088, -9.31322685637781e-10, -0.4370236396789551, 0.8994502425193787),
            ["LeftUpperLeg"] = CFrame.new(8.940696716308594e-08, 1.1175870895385742e-08, -2.9802322387695312e-08, 0.9500964879989624, 0.28801485896110535, -0.11985111236572266, -0.3118855357170105, 0.8687914609909058, -0.3846149742603302, -0.006649214308708906, 0.4028014838695526, 0.9152634739875793),
            ["LeftLowerLeg"] = CFrame.new(1.4901161193847656e-08, 0.0001226663589477539, 0.00007748603820800781, 1, 2.9802315282267955e-08, 3.72529100900465e-08, -4.470347292340193e-08, 0.7080378532409668, 0.7061746716499329, 7.450579175838357e-08, -0.7061744928359985, 0.7080377340316772),
        }},
        {Time = 0.233, Data = {
            ["RightFoot"] = CFrame.new(-5.960464477539063e-08, 3.5762786865234375e-07, 3.149762051180005e-08, 0.9651259183883667, 0.23946478962898254, -0.10577671974897385, -0.2612842917442322, 0.8561328053474426, -0.44583290815353394, -0.01620246097445488, 0.4579228460788727, 0.8888444304466248),
            ["LeftLowerArm"] = CFrame.new(-1.4901161193847656e-07, 2.384185791015625e-07, 2.682209014892578e-07, 1, -9.685758328714655e-08, 7.450577044210149e-09, 4.4703490686970326e-08, 0.9007187485694885, -0.4344027042388916, -6.33299421792799e-08, 0.4344029128551483, 0.9007187485694885),
            ["RightUpperArm"] = CFrame.new(2.384185791015625e-07, 2.384185791015625e-07, 7.450580596923828e-09, 0.9718917608261108, -0.20974914729595184, 0.10691918432712555, 0.20741017162799835, 0.9777083396911621, 0.032673221081495285, -0.11138904094696045, -0.009578488767147064, 0.9937307238578796),
            ["Head"] = CFrame.new(-9.313225746154785e-09, 0, 1.4901161193847656e-08, 0.9241304397583008, -0.04225369915366173, 0.37973347306251526, 0.08175292611122131, 0.9927160143852234, -0.08849475532770157, -0.3732283115386963, 0.11282505095005035, 0.9208534955978394),
            ["RightHand"] = CFrame.new(1.4901161193847656e-07, 1.1920928955078125e-07, 1.4901161193847656e-08, 0.9883330464363098, 0.1171848475933075, -0.09729067981243134, -0.12360699474811554, 0.9903407692909241, -0.06282111257314682, 0.08898922055959702, 0.07411379367113113, 0.9932714104652405),
            ["UpperTorso"] = CFrame.new(1.862645149230957e-09, 2.086162567138672e-07, -5.541369318962097e-08, 0.9917545914649963, 0.07900498062372208, -0.10090193152427673, -0.024631159380078316, 0.8901945352554321, 0.45491427183151245, 0.12576285004615784, -0.44867804646492004, 0.8848004341125488),
            ["HumanoidRootPart"] = CFrame.new(0, 0, 0, 1, 0, 0, 0, 1, 0, 0, 0, 1),
            ["RightUpperLeg"] = CFrame.new(5.960464477539063e-08, 9.313225746154785e-08, -1.0600342648103833e-07, 0.9505391120910645, -0.16277682781219482, -0.26453590393066406, 0.23862224817276, 0.927901029586792, 0.28645968437194824, 0.19883409142494202, -0.3354153037071228, 0.9208483099937439),
            ["LeftUpperArm"] = CFrame.new(0, -1.1920928955078125e-07, 1.1920928955078125e-07, 0.9558345675468445, 0.2905541658401489, -0.04425667226314545, -0.29259297251701355, 0.9549309015274048, -0.04996417090296745, 0.02774481289088726, 0.060706742107868195, 0.9977700710296631),
            ["RightLowerArm"] = CFrame.new(5.960464477539063e-08, 2.384185791015625e-07, 1.4901161193847656e-07, 1, -2.980232949312267e-08, 2.7939657698539122e-08, 3.725290653733282e-08, 0.9109011292457581, -0.412624716758728, 1.862645326866641e-08, 0.4126249849796295, 0.9109011292457581),
            ["LeftHand"] = CFrame.new(-5.960464477539063e-08, 1.1920928955078125e-07, -2.086162567138672e-07, 0.973416268825531, -0.16477331519126892, 0.15909335017204285, 0.17046914994716644, 0.9851004481315613, -0.022748835384845734, -0.15297439694404602, 0.04926455020904541, 0.9870014786720276),
            ["LeftFoot"] = CFrame.new(2.2351741790771484e-08, 0, -6.705522537231445e-08, 0.9629006385803223, -0.2612060010433197, 0.06777866929769516, 0.26908349990844727, 0.9483597278594971, -0.16795219480991364, -0.02040827088057995, 0.17995938658714294, 0.983462393283844),
            ["LowerTorso"] = CFrame.new(0.06266094744205475, -0.23930978775024414, -0.006454566027969122, 0.9615123867988586, -0.10640721023082733, -0.2533208429813385, 0.05531705170869827, 0.9780552387237549, -0.20086818933486938, 0.26913559436798096, 0.17912425100803375, 0.9462984204292297),
            ["RightLowerLeg"] = CFrame.new(4.470348358154297e-08, -0.00012248754501342773, -0.00007747502968413755, 1, -1.2293459406009788e-07, 1.0430814256778831e-07, 4.4703494239684005e-08, 0.9218020439147949, 0.38766080141067505, 5.960465898624534e-08, -0.38766103982925415, 0.9218021631240845),
            ["LeftUpperLeg"] = CFrame.new(0, -3.5390257835388184e-08, 1.4901161193847656e-08, 0.9454166889190674, 0.3009639382362366, -0.12493292987346649, -0.32585349678993225, 0.8762485980987549, -0.3549758195877075, 0.0026371218264102936, 0.376309871673584, 0.9264901876449585),
            ["LeftLowerLeg"] = CFrame.new(4.470348358154297e-08, 0.00012254714965820312, 0.00007745623588562012, 1, 2.980232594040899e-08, 4.0978189730367376e-08, -5.960465188081798e-08, 0.7146205902099609, 0.6995119452476501, 5.960465188081798e-08, -0.6995123028755188, 0.7146208882331848),
        }},
        {Time = 0.267, Data = {
            ["RightFoot"] = CFrame.new(1.862645149230957e-08, 4.172325134277344e-07, 3.149762051180005e-08, 0.9681017398834229, 0.22820673882961273, -0.10344581305980682, -0.2504703998565674, 0.8705423474311829, -0.42358046770095825, -0.00661035580560565, 0.43597930669784546, 0.8999325037002563),
            ["LeftLowerArm"] = CFrame.new(1.4901161193847656e-07, 1.1920928955078125e-07, 2.9802322387695312e-08, 1, -4.4703469370688254e-08, -2.980232594040899e-08, 6.146728992462158e-08, 0.9015845656394958, -0.4326030910015106, -5.960464477539063e-08, 0.4326029121875763, 0.9015845060348511),
            ["RightUpperArm"] = CFrame.new(1.1920928955078125e-07, 4.76837158203125e-07, 5.960464477539063e-08, 0.9654998183250427, -0.222713440656662, 0.13494032621383667, 0.22263948619365692, 0.9747722744941711, 0.015832578763365746, -0.13506218791007996, 0.014756548218429089, 0.9907272458076477),
            ["Head"] = CFrame.new(2.9802322387695312e-08, 2.384185791015625e-07, 7.450580596923828e-08, 0.9250258207321167, -0.04295959323644638, 0.3774675726890564, 0.08454626798629761, 0.9919476509094238, -0.09429632127285004, -0.37037721276283264, 0.11913994699716568, 0.9212092161178589),
            ["RightHand"] = CFrame.new(1.7136335372924805e-07, 2.384185791015625e-07, -4.470348358154297e-08, 0.9862443804740906, 0.13843826949596405, -0.09031593054533005, -0.1435750275850296, 0.988215446472168, -0.05307081714272499, 0.08190444111824036, 0.06530777364969254, 0.9944981336593628),
            ["UpperTorso"] = CFrame.new(-7.450580596923828e-09, 2.9802322387695312e-08, 8.381903171539307e-09, 0.9916893839836121, 0.08496133238077164, -0.0966111347079277, -0.027434412389993668, 0.8733088374137878, 0.4863940179347992, 0.1256960928440094, -0.47970131039619446, 0.8683820366859436),
            ["HumanoidRootPart"] = CFrame.new(0, 0, 0, 1, 0, 0, 0, 1, 0, 0, 0, 1),
            ["RightUpperLeg"] = CFrame.new(0, 5.587935447692871e-08, 1.3205863069742918e-08, 0.9532382488250732, -0.1335182934999466, -0.27112653851509094, 0.22409704327583313, 0.9141917824745178, 0.33768901228904724, 0.2027745395898819, -0.38265693187713623, 0.901363730430603),
            ["LeftUpperArm"] = CFrame.new(-1.1920928955078125e-07, 5.960464477539062e-07, -5.960464477539063e-08, 0.9539204239845276, 0.30005425214767456, 0.0018058361019939184, -0.29884758591651917, 0.950590193271637, -0.0840739756822586, -0.02694333903491497, 0.07966022193431854, 0.9964579343795776),
            ["RightLowerArm"] = CFrame.new(5.960464477539063e-08, 1.1920928955078125e-07, -2.9802322387695312e-08, 1, -4.097821459936313e-08, -2.0489094865183688e-08, 1.1175872671742582e-08, 0.9095854163169861, -0.4155167043209076, 2.2351745343485163e-08, 0.4155169725418091, 0.9095855951309204),
            ["LeftHand"] = CFrame.new(1.4901161193847656e-07, 0, -1.7881393432617188e-07, 0.9696807861328125, -0.18836380541324615, 0.15568691492080688, 0.19365426898002625, 0.9808779358863831, -0.019403964281082153, -0.1490548849105835, 0.048965081572532654, 0.9876158833503723),
            ["LeftFoot"] = CFrame.new(2.0116567611694336e-07, -5.960464477539063e-08, -2.9802322387695312e-08, 0.9588353037834167, -0.2676326632499695, 0.09490884840488434, 0.2794400751590729, 0.94871586561203, -0.14782273769378662, -0.05047927796840668, 0.16825903952121735, 0.9844495058059692),
            ["LowerTorso"] = CFrame.new(0.08225169777870178, -0.23085200786590576, -0.003934347070753574, 0.9612827301025391, -0.11841657012701035, -0.2488233745098114, 0.06361962109804153, 0.9739357233047485, -0.21771948039531708, 0.2681195139884949, 0.1934598982334137, 0.9437612891197205),
