return {
    ["Brain Eater"] = {
        {Time = 0.000, Data = {
            ["LeftFoot"] = CFrame.new(-5.634501576423645e-08, 1.1920928955078125e-07, -4.6566128730773926e-08, 0.9722018837928772, -0.2268884927034378, -0.05783748999238014, 0.2055443674325943, 0.9453068971633911, -0.25327152013778687, 0.11213848739862442, 0.23434273898601532, 0.965664803981781),
            ["LeftLowerArm"] = CFrame.new(4.172325134277344e-07, 0, 1.9650906324386597e-07, 1, 2.2351745343485163e-08, 1.909211100326047e-08, 0, 0.9999832510948181, -0.005791668314486742, -3.9581212973871516e-08, 0.005791651550680399, 0.9999832510948181),
            ["LowerTorso"] = CFrame.new(0.2672610580921173, -0.25560545921325684, -0.17443865537643433, 0.966105580329895, 0.033897049725055695, -0.2559123635292053, -0.07557196170091629, 0.9850481152534485, -0.15481966733932495, 0.24683807790279388, 0.16891193389892578, 0.9542221426963806),
            ["Head"] = CFrame.new(-1.1920928955078125e-07, -2.384185791015625e-07, -2.2351741790771484e-08, 0.968515157699585, -0.17186620831489563, 0.18011260032653809, 0.0450960174202919, 0.8326202034950256, 0.5520053505897522, -0.2448364794254303, -0.5265032649040222, 0.8141557574272156),
            ["RightUpperArm"] = CFrame.new(1.1920928955078125e-07, 0, -2.2351741790771484e-08, 0.8560367822647095, -0.19995135068893433, 0.47667646408081055, 0.08796786516904831, 0.9650565385818481, 0.24683508276939392, -0.5093747973442078, -0.1693677306175232, 0.8437132835388184),
            ["UpperTorso"] = CFrame.new(-3.725290298461914e-08, 2.980232238769531e-07, -1.4901161193847656e-08, 0.9696566462516785, -0.23817557096481323, -0.05512358248233795, 0.24446934461593628, 0.945582389831543, 0.2147294282913208, 0.0009805543813854456, -0.22168980538845062, 0.9751168489456177),
            ["HumanoidRootPart"] = CFrame.new(0, 0, 0, 1, 0, 0, 0, 1, 0, 0, 0, 1),
            ["RightHand"] = CFrame.new(1.2665987014770508e-07, -5.960464477539063e-08, 8.940696716308594e-08, 0.7855633497238159, 0.13190101087093353, -0.604560136795044, -0.19076256453990936, 0.9810530543327332, -0.033833298832178116, 0.5886423587799072, 0.14190542697906494, 0.7958406805992126),
            ["LeftUpperArm"] = CFrame.new(-1.1920928955078125e-07, -1.1920928955078125e-07, -1.2665987014770508e-07, 0.7754111289978027, 0.3745797574520111, -0.508357584476471, -0.4212052822113037, 0.9066053628921509, 0.025550255551934242, 0.4704504609107971, 0.19431103765964508, 0.8607669472694397),
            ["RightLowerArm"] = CFrame.new(5.960464477539063e-08, 8.344650268554688e-07, -1.4901161193847656e-08, 1, 1.4901162970204496e-08, -1.490115231206346e-08, 0, 0.9999837875366211, -0.005694281775504351, 7.450580596923828e-09, 0.005694330204278231, 0.9999837875366211),
            ["LeftHand"] = CFrame.new(-5.960464477539063e-08, 1.7881393432617188e-07, -3.5390257835388184e-08, 0.88885897397995, -0.28793299198150635, 0.356404572725296, 0.3620208501815796, 0.9181410074234009, -0.16111554205417633, -0.2808392345905304, 0.27223485708236694, 0.920335590839386),
            ["RightUpperLeg"] = CFrame.new(-5.960464477539063e-08, 1.8533319234848022e-07, 2.0656443666666746e-08, 0.9728366136550903, -0.1114557757973671, 0.20289550721645355, 0.1939234882593155, 0.8710257411003113, -0.45134031772613525, -0.12642283737659454, 0.47842639684677124, 0.8689794540405273),
            ["LeftUpperLeg"] = CFrame.new(-5.960464477539063e-08, -4.7031790018081665e-08, 4.470348358154297e-08, 0.9590113162994385, 0.2643473148345947, 0.1020682230591774, -0.1968814730644226, 0.8806443810462952, -0.4309329390525818, -0.20380182564258575, 0.39317426085472107, 0.8965929746627808),
            ["RightLowerLeg"] = CFrame.new(-8.195638656616211e-08, -0.00012224912643432617, -0.00007729435310466215, 1, -1.639127589214695e-07, -8.940698137394065e-08, 1.564621925354004e-07, 0.37186574935913086, 0.9282861948013306, -7.82310962677002e-08, -0.9282865524291992, 0.37186679244041443),
            ["RightFoot"] = CFrame.new(1.257285475730896e-08, 2.980232238769531e-07, -2.0656443666666746e-08, 0.9914190769195557, 0.12667101621627808, 0.03228991851210594, -0.0883454829454422, 0.8313286900520325, -0.5487147569656372, -0.0963498055934906, 0.5411534905433655, 0.8353858590126038),
            ["LeftLowerLeg"] = CFrame.new(8.475035429000854e-08, 0.00012254714965820312, 0.00007721409201622009, 1, 7.275957614183426e-08, 1.955777229056821e-08, -5.587935447692871e-08, 0.6888236999511719, 0.7249286770820618, 3.3993273973464966e-08, -0.7249289155006409, 0.688823938369751),
        }},
        {Time = 0.037, Data = {
            ["LeftFoot"] = CFrame.new(5.960464477539063e-08, -5.960464477539063e-08, 7.82310962677002e-08, 0.9743049144744873, -0.2182537317276001, -0.055636387318372726, 0.20233991742134094, 0.9566560983657837, -0.20944586396217346, 0.09893717616796494, 0.19280673563480377, 0.9762361645698547),
            ["LeftLowerArm"] = CFrame.new(-1.7881393432617188e-07, -5.960464477539063e-08, 9.685754776000977e-08, 1, -4.470347292340193e-08, -4.3772150348786454e-08, -2.2351736461700966e-08, 0.9999828934669495, -0.005844614002853632, 2.7939670577126208e-09, 0.0058446102775633335, 0.9999829530715942),
            ["LowerTorso"] = CFrame.new(0.2800673544406891, -0.23711907863616943, -0.21400436758995056, 0.9706021547317505, 0.07883303612470627, -0.22741329669952393, -0.12035315483808517, 0.9771989583969116, -0.17492155730724335, 0.20843841135501862, 0.19714917242527008, 0.9579591155052185),
            ["Head"] = CFrame.new(-2.2351741790771484e-08, -2.384185791015625e-07, 3.3527612686157227e-08, 0.9737123847007751, -0.16632281243801117, 0.155630961060524, 0.03870294988155365, 0.7941193580627441, 0.6065283417701721, -0.22446905076503754, -0.5845608115196228, 0.7796810269355774),
            ["RightUpperArm"] = CFrame.new(0, 1.1920928955078125e-07, 5.587935447692871e-09, 0.8574590086936951, -0.1982315182685852, 0.47483521699905396, 0.07973453402519226, 0.9628540277481079, 0.2579818367958069, -0.5083370804786682, -0.18334808945655823, 0.8414136171340942),
            ["UpperTorso"] = CFrame.new(-6.705522537231445e-08, -1.1920928955078125e-07, 1.1920928955078125e-07, 0.9744235277175903, -0.21652957797050476, -0.06011483073234558, 0.2244754284620285, 0.950354814529419, 0.21549184620380402, 0.010470062494277954, -0.22347460687160492, 0.9746536016464233),
            ["HumanoidRootPart"] = CFrame.new(0, 0, 0, 1, 0, 0, 0, 1, 0, 0, 0, 1),
            ["RightHand"] = CFrame.new(2.5331974029541016e-07, 1.1920928955078125e-07, -1.1920928955078125e-07, 0.7815006971359253, 0.15009112656116486, -0.6055819392204285, -0.19950400292873383, 0.9797878861427307, -0.014622299000620842, 0.5911470651626587, 0.13224343955516815, 0.7956485748291016),
            ["LeftUpperArm"] = CFrame.new(5.960464477539063e-08, 1.1920928955078125e-07, 2.2351741790771484e-08, 0.8145485520362854, 0.33328449726104736, -0.4747973084449768, -0.3557494878768921, 0.9334993958473206, 0.044957131147384644, 0.458206444978714, 0.13228920102119446, 0.8789462447166443),
            ["RightLowerArm"] = CFrame.new(-8.940696716308594e-08, 0, 5.21540641784668e-08, 1, -7.4505797087454084e-09, 0, -1.4901159417490817e-08, 0.9999836087226868, -0.005721929017454386, 4.0978189730367376e-08, 0.005721844267100096, 0.9999836683273315),
            ["LeftHand"] = CFrame.new(-5.960464477539063e-08, -1.7881393432617188e-07, -8.195638656616211e-08, 0.8412584066390991, -0.4150468111038208, 0.3464396893978119, 0.48470762372016907, 0.8628620505332947, -0.14327500760555267, -0.23946386575698853, 0.2884531617164612, 0.9270662665367126),
            ["RightUpperLeg"] = CFrame.new(-1.1920928955078125e-07, -2.7567148208618164e-07, 1.3205863069742918e-08, 0.9664602875709534, -0.17333734035491943, 0.18949580192565918, 0.2361278384923935, 0.8899069428443909, -0.3902682960033417, -0.10098561644554138, 0.421923965215683, 0.9009894728660583),
            ["LeftUpperLeg"] = CFrame.new(0, -1.7136335372924805e-07, -3.3527612686157227e-08, 0.9530088901519775, 0.2351444959640503, 0.19100037217140198, -0.16093426942825317, 0.9271315336227417, -0.3384188711643219, -0.2566598355770111, 0.29177770018577576, 0.9214074611663818),
            ["RightLowerLeg"] = CFrame.new(2.1606683731079102e-07, -0.00012230873107910156, -0.00007766315684420988, 1, -1.0803338312825872e-07, -1.49011640360186e-07, 1.4156103134155273e-07, 0.3701235353946686, 0.9289826154708862, -8.940696716308594e-08, -0.9289825558662415, 0.37012359499931335),
            ["RightFoot"] = CFrame.new(3.632158041000366e-08, 4.76837158203125e-07, -7.617927622050047e-09, 0.9920774102210999, 0.12173593789339066, 0.031031958758831024, -0.08087307214736938, 0.8078799843788147, -0.5837712287902832, -0.09613581746816635, 0.5766370892524719, 0.8113250136375427),
            ["LeftLowerLeg"] = CFrame.new(1.0803341865539551e-07, 0.00012254714965820312, 0.00007720664143562317, 1, 4.8428763221863846e-08, 3.166496753692627e-08, -1.862645326866641e-08, 0.7679684162139893, 0.6404879689216614, 1.1175872671742582e-08, -0.640487790107727, 0.7679682970046997),
        }},
        {Time = 0.074, Data = {
            ["LeftFoot"] = CFrame.new(4.842877388000488e-08, 1.7881393432617188e-07, -4.470348358154297e-08, 0.9719920754432678, -0.22773107886314392, -0.05805229768157005, 0.2151906043291092, 0.9617196321487427, -0.16967211663722992, 0.09446965903043747, 0.15242746472358704, 0.9837892651557922),
            ["LeftLowerArm"] = CFrame.new(1.7881393432617188e-07, -2.384185791015625e-07, 0, 1, -4.470347647611561e-08, -3.352760558072987e-08, 7.450580596923828e-09, 0.9999873638153076, -0.005026882980018854, 1.6763806343078613e-08, 0.00502692861482501, 0.9999873638153076),
            ["LowerTorso"] = CFrame.new(0.2896409034729004, -0.2180771827697754, -0.24651950597763062, 0.9749096035957336, 0.11275523155927658, -0.1919313371181488, -0.15038873255252838, 0.9693166613578796, -0.19444401562213898, 0.16411766409873962, 0.21842962503433228, 0.9619531631469727),
            ["Head"] = CFrame.new(-4.470348358154297e-08, 0, -3.725290298461914e-08, 0.9856511950492859, -0.08960957080125809, 0.14304561913013458, -0.022522546350955963, 0.770052433013916, 0.6375828981399536, -0.16728618741035461, -0.6316560506820679, 0.7569848299026489),
            ["RightUpperArm"] = CFrame.new(1.1920928955078125e-07, 0, -1.862645149230957e-09, 0.8509590029716492, -0.19532448053359985, 0.487561970949173, 0.06690648198127747, 0.9610293507575989, 0.26822802424430847, -0.5209532380104065, -0.19563016295433044, 0.830865204334259),
            ["UpperTorso"] = CFrame.new(-2.2351741790771484e-08, 1.7881393432617188e-07, -1.4901161193847656e-08, 0.9808858036994934, -0.18202564120292664, -0.06877290457487106, 0.19288012385368347, 0.9562159776687622, 0.2201097011566162, 0.025696177035570145, -0.22916735708713531, 0.9730479121208191),
            ["HumanoidRootPart"] = CFrame.new(0, 0, 0, 1, 0, 0, 0, 1, 0, 0, 0, 1),
            ["RightHand"] = CFrame.new(-4.470348358154297e-08, 1.1920928955078125e-07, 1.1920928955078125e-07, 0.7506542801856995, 0.14182257652282715, -0.6452944874763489, -0.19507722556591034, 0.9807217717170715, -0.011385702528059483, 0.6312394142150879, 0.13442906737327576, 0.7638490796089172),
            ["LeftUpperArm"] = CFrame.new(5.960464477539063e-08, 1.1920928955078125e-07, 0, 0.8404045701026917, 0.282392293214798, -0.4625738859176636, -0.2764646112918854, 0.9574977159500122, 0.0822523906826973, 0.4661411643028259, 0.058759938925504684, 0.8827569484710693),
            ["RightLowerArm"] = CFrame.new(-2.682209014892578e-07, 1.1920928955078125e-07, 1.8998980522155762e-07, 1, 0, -1.6763802790364934e-08, 0, 0.9999834895133972, -0.005742071662098169, 1.862645149230957e-09, 0.005742168053984642, 0.9999834895133972),
            ["LeftHand"] = CFrame.new(1.7881393432617188e-07, -5.960464477539063e-08, -7.450580596923828e-08, 0.8145104646682739, -0.47208312153816223, 0.33720993995666504, 0.5331674218177795, 0.8382516503334045, -0.11430882662534714, -0.22870345413684845, 0.27289509773254395, 0.9344640970230103),
            ["RightUpperLeg"] = CFrame.new(1.7881393432617188e-07, -5.960464477539063e-08, 1.3205863069742918e-08, 0.9610328674316406, -0.22730478644371033, 0.15731632709503174, 0.26785287261009216, 0.9063981175422668, -0.32664579153060913, -0.06834305822849274, 0.35605475306510925, 0.9319624304771423),
            ["LeftUpperLeg"] = CFrame.new(-5.960464477539063e-08, 2.6635825634002686e-07, 4.0978193283081055e-08, 0.9529290199279785, 0.20342408120632172, 0.22482196986675262, -0.14949724078178406, 0.9603575468063354, -0.23529575765132904, -0.2637743353843689, 0.1906099021434784, 0.9455638527870178),
            ["RightLowerLeg"] = CFrame.new(-5.21540641784668e-08, -0.00012230873107910156, -0.00007751041994197294, 1, -1.3504173068668024e-07, -9.685756197086448e-08, 1.1920930376163597e-07, 0.38789933919906616, 0.9217014312744141, -7.450581307466564e-08, -0.9217017292976379, 0.38790005445480347),
            ["RightFoot"] = CFrame.new(1.932494342327118e-07, 2.384185791015625e-07, 3.149762051180005e-08, 0.9925594925880432, 0.11798808723688126, 0.030076611787080765, -0.07560142129659653, 0.7908129692077637, -0.6073704957962036, -0.09544748812913895, 0.6005777716636658, 0.7938492298126221),
            ["LeftLowerLeg"] = CFrame.new(9.685754776000977e-08, 0.00012260675430297852, 0.00007748277857899666, 1, 8.38190601371025e-08, 2.9802308176840597e-08, -7.078051567077637e-08, 0.8373583555221558, 0.5466539263725281, -5.587935447692871e-09, -0.5466543436050415, 0.8373587131500244),
        }},
        {Time = 0.111, Data = {
            ["LeftFoot"] = CFrame.new(-2.2351741790771484e-08, 5.960464477539063e-08, 5.774199962615967e-08, 0.9666462540626526, -0.2481788843870163, -0.0632646456360817, 0.24026858806610107, 0.964274525642395, -0.1115601658821106, 0.08869156986474991, 0.09263864159584045, 0.9917418956756592),
            ["LeftLowerArm"] = CFrame.new(1.1920928955078125e-07, 1.1920928955078125e-07, 1.7881393432617188e-07, 1, -2.3283062144940914e-09, -3.725290653733282e-08, -1.321314258007078e-08, 0.9999872446060181, -0.005058273207396269, -1.4901164746561335e-08, 0.00505824526771903, 0.9999872446060181),
            ["LowerTorso"] = CFrame.new(0.29559648036956787, -0.19842588901519775, -0.27623456716537476, 0.9786063432693481, 0.14011599123477936, -0.15065601468086243, -0.17063792049884796, 0.9618489146232605, -0.21384425461292267, 0.11494533717632294, 0.23497696220874786, 0.965180516242981),
            ["Head"] = CFrame.new(0, -2.384185791015625e-07, 7.450580596923828e-09, 0.9902900457382202, 0.03885592147707939, 0.13347595930099487, -0.11790241301059723, 0.7434436082839966, 0.658324122428894, -0.07365209609270096, -0.6676689386367798, 0.7408061027526855),
            ["RightUpperArm"] = CFrame.new(1.1920928955078125e-07, 0, -5.122274160385132e-08, 0.8449488282203674, -0.18551413714885712, 0.5016433000564575, 0.04680373892188072, 0.9599674940109253, 0.27617397904396057, -0.5327953696250916, -0.20987394452095032, 0.8198060393333435),
            ["UpperTorso"] = CFrame.new(-1.862645149230957e-08, 1.4901161193847656e-07, -3.3527612686157227e-08, 0.9869547486305237, -0.14117620885372162, -0.07739251852035522, 0.1552000343799591, 0.9621182084083557, 0.22414636611938477, 0.042816609144210815, -0.23323361575603485, 0.971477746963501),
            ["HumanoidRootPart"] = CFrame.new(0, 0, 0, 1, 0, 0, 0, 1, 0, 0, 0, 1),
            ["RightHand"] = CFrame.new(-1.2479722499847412e-07, -5.960464477539063e-08, 1.043081283569336e-07, 0.6923308968544006, 0.11697066575288773, -0.7120364904403687, -0.1664208620786667, 0.9860548377037048, 0.00017022340034600347, 0.7021268606185913, 0.11837947368621826, 0.7021425366401672),
            ["LeftUpperArm"] = CFrame.new(1.1920928955078125e-07, 0, 5.960464477539063e-08, 0.8437154293060303, 0.24312946200370789, -0.47857344150543213, -0.1956373155117035, 0.9695006012916565, 0.14763016998767853, 0.4998704195022583, -0.03093104250729084, 0.8655477166175842),
            ["RightLowerArm"] = CFrame.new(1.1920928955078125e-07, -3.5762786865234375e-07, -8.800998330116272e-08, 1, 4.656613761255812e-09, -2.5378531276487593e-08, 2.7939681679356454e-09, 0.9999833106994629, -0.005777144804596901, 3.166497108963995e-08, 0.005777252372354269, 0.9999833106994629),
            ["LeftHand"] = CFrame.new(8.940696716308594e-08, 5.364418029785156e-07, -2.9802322387695312e-08, 0.7950841188430786, -0.4980659484863281, 0.3460807502269745, 0.5500022172927856, 0.832604706287384, -0.06532034277915955, -0.2556144893169403, 0.24228042364120483, 0.9359281659126282),
            ["RightUpperLeg"] = CFrame.new(1.1920928955078125e-07, -1.9744038581848145e-07, 1.0261283023282886e-07, 0.955115020275116, -0.2750728726387024, 0.10995578020811081, 0.2947348952293396, 0.9197019338607788, -0.25938355922698975, -0.029777171090245247, 0.28014877438545227, 0.9594945907592773),
            ["LeftUpperLeg"] = CFrame.new(5.960464477539063e-08, -1.8812716007232666e-07, 6.891787052154541e-08, 0.9571452140808105, 0.18413688242435455, 0.22353243827819824, -0.15291260182857513, 0.9768056869506836, -0.14989449083805084, -0.24594897031784058, 0.10928968340158463, 0.9631017446517944),
            ["RightLowerLeg"] = CFrame.new(2.9802322387695312e-08, -0.00012242794036865234, -0.0000773874853621237, 1, -1.341104507446289e-07, -8.195639367158947e-08, 1.639127589214695e-07, 0.4206523895263672, 0.9072216153144836, -1.341104365337742e-07, -0.9072219729423523, 0.42065301537513733),
            ["RightFoot"] = CFrame.new(1.862645149230957e-09, 2.980232238769531e-07, 7.24758137948811e-08, 0.9927517771720886, 0.11645936965942383, 0.0296869408339262, -0.07269879430532455, 0.7786017656326294, -0.6232930421829224, -0.09570258855819702, 0.6166170835494995, 0.7814247012138367),
            ["LeftLowerLeg"] = CFrame.new(6.705522537231445e-08, 0.0001226663589477539, 0.00007742457091808319, 1, 5.7741978309877595e-08, -3.352760202801619e-08, -1.4901155864777138e-08, 0.8849129676818848, 0.46575647592544556, -1.1175867342672063e-08, -0.4657564163208008, 0.8849130272865295),
        }},
        {Time = 0.148, Data = {
            ["LeftFoot"] = CFrame.new(1.4901161193847656e-08, -5.960464477539063e-08, 1.862645149230957e-09, 0.9573219418525696, -0.2800676226615906, -0.07139354199171066, 0.28043773770332336, 0.9598591923713684, -0.004988159518688917, 0.06992483139038086, -0.0152460727840662, 0.9974357485771179),
            ["LeftLowerArm"] = CFrame.new(5.960464477539063e-08, -5.960464477539063e-08, -8.940696716308594e-08, 1, -7.450584149637507e-09, 0, -3.725290653733282e-08, 0.9999870657920837, -0.005085546988993883, -5.960465188081798e-08, 0.005085694137960672, 0.9999870657920837),
            ["LowerTorso"] = CFrame.new(0.2989741563796997, -0.1804354190826416, -0.29264211654663086, 0.9795670509338379, 0.15987461805343628, -0.12201846390962601, -0.18417125940322876, 0.9568315148353577, -0.2248433232307434, 0.08080436289310455, 0.24272140860557556, 0.9667248725891113),
            ["Head"] = CFrame.new(5.960464477539063e-08, -1.1920928955078125e-07, 0, 0.9738065004348755, 0.17848514020442963, 0.1408688724040985, -0.22667716443538666, 0.7134270668029785, 0.6630530953407288, 0.01784542202949524, -0.677617073059082, 0.7351983189582825),
            ["RightUpperArm"] = CFrame.new(2.384185791015625e-07, -2.384185791015625e-07, -7.450580596923828e-09, 0.8475351333618164, -0.17234212160110474, 0.5019786357879639, 0.03170454502105713, 0.9605611562728882, 0.27625572681427, -0.529791533946991, -0.21822130680084229, 0.8195732235908508),
            ["UpperTorso"] = CFrame.new(5.587935447692871e-09, 1.4901161193847656e-07, -1.0803341865539551e-07, 0.9917123913764954, -0.10035262256860733, -0.08022520691156387, 0.11618876457214355, 0.9670228362083435, 0.22664330899715424, 0.05483538284897804, -0.23408620059490204, 0.9706682562828064),
            ["HumanoidRootPart"] = CFrame.new(0, 0, 0, 1, 0, 0, 0, 1, 0, 0, 0, 1),
            ["RightHand"] = CFrame.new(2.2724270820617676e-07, 0, -1.2665987014770508e-07, 0.6314171552658081, 0.0985138937830925, -0.7691603302955627, -0.13336609303951263, 0.9909135699272156, 0.017433419823646545, 0.7638887763023376, 0.09157203882932663, 0.6388180255889893),
            ["LeftUpperArm"] = CFrame.new(-2.384185791015625e-07, 3.5762786865234375e-07, 6.705522537231445e-08, 0.8448123931884766, 0.21610967814922333, -0.48947784304618835, -0.12310860306024551, 0.9687697291374207, 0.21524323523044586, 0.5207074880599976, -0.12158121168613434, 0.8450336456298828),
            ["RightLowerArm"] = CFrame.new(-1.4901161193847656e-07, 0, -2.60770320892334e-08, 1, -1.4901161193847656e-08, 4.2840827774170975e-08, -1.4901161193847656e-08, 0.9999831318855286, -0.005813925061374903, 1.30385160446167e-08, 0.005813905969262123, 0.9999831318855286),
            ["LeftHand"] = CFrame.new(0, 1.1920928955078125e-07, 5.960464477539063e-08, 0.774603009223938, -0.5059142708778381, 0.3795270621776581, 0.5493513941764832, 0.8355590105056763, -0.007398277521133423, -0.3133741617202759, 0.21422414481639862, 0.9251510500907898),
            ["RightUpperLeg"] = CFrame.new(-2.682209014892578e-07, 3.5390257835388184e-07, -1.5815749065950513e-07, 0.9497978687286377, -0.303683340549469, 0.07523760199546814, 0.3128216564655304, 0.9257774353027344, -0.2123173028230667, -0.005176047328859568, 0.22519440948963165, 0.9743000864982605),
            ["LeftUpperLeg"] = CFrame.new(0, 1.3224780559539795e-07, 7.450580596923828e-09, 0.962866485118866, 0.18901246786117554, 0.1927758753299713, -0.1669045090675354, 0.9779857397079468, -0.12524768710136414, -0.2122054249048233, 0.08842146396636963, 0.9732165932655334),
            ["RightLowerLeg"] = CFrame.new(-4.470348358154297e-08, -0.00012224912643432617, -0.00007746199116809294, 1, -1.108273437466778e-07, -4.4703490686970326e-08, 1.3038514623531228e-07, 0.4547216296195984, 0.8906335234642029, -6.332992796842518e-08, -0.8906336426734924, 0.4547218382358551),
            ["RightFoot"] = CFrame.new(9.778887033462524e-09, 2.980232238769531e-07, 2.9634975362569094e-08, 0.99285489320755, 0.1156306341290474, 0.029475579038262367, -0.07171455025672913, 0.7756294012069702, -0.6271008849143982, -0.09537399560213089, 0.6205068230628967, 0.7783801555633545),
            ["LeftLowerLeg"] = CFrame.new(1.043081283569336e-07, 0.00012248754501342773, 0.0000774133950471878, 1, 8.568163423205988e-08, 3.725291186640334e-09, 3.7252898543727042e-09, 0.8954765796661377, 0.44510895013809204, -3.725289943190546e-08, -0.44510865211486816, 0.8954765200614929),
        }},
        {Time = 0.185, Data = {
            ["LeftFoot"] = CFrame.new(-2.2351741790771484e-08, 1.1920928955078125e-07, -2.514570951461792e-08, 0.9436284303665161, -0.32074928283691406, -0.08176404237747192, 0.3267025947570801, 0.9422023296356201, 0.07429929822683334, 0.05320695415139198, -0.09682340174913406, 0.9938784241676331),
            ["LeftLowerArm"] = CFrame.new(-2.384185791015625e-07, 0, 5.960464477539063e-08, 1, 3.7252888773764425e-08, -6.332993507385254e-08, -7.450580596923828e-09, 0.9999871253967285, -0.005080021917819977, -5.21540641784668e-08, 0.005080064758658409, 0.9999871253967285),
            ["LowerTorso"] = CFrame.new(0.30289679765701294, -0.17031121253967285, -0.27545854449272156, 0.9781098961830139, 0.16407974064350128, -0.12797994911670685, -0.1889764964580536, 0.9578838348388672, -0.21620921790599823, 0.0871143713593483, 0.235661581158638, 0.9679228663444519),
            ["Head"] = CFrame.new(-1.7508864402770996e-07, -2.384185791015625e-07, 0, 0.9447197318077087, 0.2809433341026306, 0.16904310882091522, -0.32246488332748413, 0.7028107643127441, 0.6340925693511963, 0.05933879688382149, -0.6535502076148987, 0.7545535564422607),
            ["RightUpperArm"] = CFrame.new(-1.1920928955078125e-07, -3.5762786865234375e-07, 4.842877388000488e-08, 0.854811429977417, -0.16893891990184784, 0.4906701445579529, 0.0378447100520134, 0.963302493095398, 0.2657369077205658, -0.5175570249557495, -0.20858585834503174, 0.8298354148864746),
            ["UpperTorso"] = CFrame.new(-4.0978193283081055e-08, 2.384185791015625e-07, -6.332993507385254e-08, 0.9953429102897644, -0.06236204132437706, -0.07350844889879227, 0.07765904814004898, 0.9705135822296143, 0.22819410264492035, 0.05711030215024948, -0.23283998668193817, 0.9708368182182312),
            ["HumanoidRootPart"] = CFrame.new(0, 0, 0, 1, 0, 0, 0, 1, 0, 0, 0, 1),
            ["RightHand"] = CFrame.new(2.421438694000244e-07, 2.384185791015625e-07, 5.21540641784668e-08, 0.5945144891738892, 0.09964296966791153, -0.7978873252868652, -0.12587040662765503, 0.9915916323661804, 0.030045989900827408, 0.7941720485687256, 0.08256786316633224, 0.6020573973655701),
            ["LeftUpperArm"] = CFrame.new(0, -9.5367431640625e-07, 5.21540641784668e-08, 0.8662922978401184, 0.18031883239746094, -0.46585702896118164, -0.06976880878210068, 0.9671109914779663, 0.2445991188287735, 0.49464136362075806, -0.17939195036888123, 0.8503814935684204),
            ["RightLowerArm"] = CFrame.new(-2.9802322387695312e-08, -4.76837158203125e-07, -1.2293457984924316e-07, 1, -9.313222415485711e-10, -1.266598843585598e-07, -1.862645593320167e-09, 0.9999830722808838, -0.005821264814585447, -5.5879368687783426e-08, 0.005821256898343563, 0.9999831318855286),
            ["LeftHand"] = CFrame.new(0, 2.384185791015625e-07, 1.1920928955078125e-07, 0.7563914060592651, -0.4932534098625183, 0.4296197295188904, 0.5331034660339355, 0.8454416394233704, 0.032079845666885376, -0.3790421783924103, 0.20476692914962769, 0.9024398922920227),
            ["RightUpperLeg"] = CFrame.new(-1.1920928955078125e-07, -4.209578037261963e-07, -9.145878721028566e-09, 0.9499791264533997, -0.30207958817481995, 0.0792946070432663, 0.31227952241897583, 0.9224956631660461, -0.22689953446388245, -0.004607288632541895, 0.24031172692775726, 0.9706847667694092),
            ["LeftUpperLeg"] = CFrame.new(-1.1920928955078125e-07, -3.688037395477295e-07, -1.3783574104309082e-07, 0.9565593004226685, 0.22008153796195984, 0.19120261073112488, -0.19811871647834778, 0.971852719783783, -0.12748074531555176, -0.21387697756290436, 0.08406197279691696, 0.9732370376586914),
            ["RightLowerLeg"] = CFrame.new(4.470348358154297e-08, -0.00012218952178955078, -0.00007752159581286833, 1, -1.5040858158954507e-07, -4.4703494239684005e-08, 1.7881399116959074e-07, 0.46709373593330383, 0.8842077255249023, -8.568170528633345e-08, -0.8842078447341919, 0.4670940339565277),
            ["RightFoot"] = CFrame.new(-1.862645149230957e-09, 1.7881393432617188e-07, -3.183231456205249e-08, 0.9931513667106628, 0.11321429908275604, 0.028859665617346764, -0.07196062058210373, 0.7873429656028748, -0.6123009324073792, -0.09204372018575668, 0.6060311198234558, 0.7900980114936829),
            ["LeftLowerLeg"] = CFrame.new(-1.4901161193847656e-08, 0.00012290477752685547, 0.0000774133950471878, 1, 2.0489096641540527e-08, -4.563479905073109e-08, -3.352760558072987e-08, 0.901948094367981, 0.4318445920944214, -1.1175868230850483e-08, -0.43184465169906616, 0.901948094367981),
        }},
        {Time = 0.222, Data = {
            ["LeftFoot"] = CFrame.new(-3.725290298461914e-08, -5.960464477539063e-08, 1.1175870895385742e-08, 0.9329906702041626, -0.3487476110458374, -0.0889013484120369, 0.35628071427345276, 0.9299315810203552, 0.09105715155601501, 0.05091613903641701, -0.11662933230400085, 0.9918695092201233),
            ["LeftLowerArm"] = CFrame.new(8.940696716308594e-08, -1.1920928955078125e-07, 1.1920928955078125e-07, 1, -5.960463056453591e-08, 0, -5.960465188081798e-08, 0.9999871850013733, -0.005060508381575346, -2.6077035641947077e-08, 0.005060447845607996, 0.9999871850013733),
            ["LowerTorso"] = CFrame.new(0.301754355430603, -0.16178083419799805, -0.26080524921417236, 0.9767313003540039, 0.16512542963027954, -0.1368560642004013, -0.19157515466213226, 0.9586093425750732, -0.21063506603240967, 0.09641029685735703, 0.23195208609104156, 0.9679376482963562),
            ["Head"] = CFrame.new(-3.3527612686157227e-08, -3.5762786865234375e-07, 2.2351741790771484e-08, 0.9146099090576172, 0.35550326108932495, 0.19262968003749847, -0.39551955461502075, 0.6876581907272339, 0.6088436245918274, 0.08398256450891495, -0.633043110370636, 0.7695474624633789),
            ["RightUpperArm"] = CFrame.new(0, -1.1920928955078125e-07, 1.5832483768463135e-08, 0.8590344786643982, -0.17144882678985596, 0.48235365748405457, 0.04646018147468567, 0.9644709825515747, 0.260071724653244, -0.5098052024841309, -0.20100033283233643, 0.8364793062210083),
            ["UpperTorso"] = CFrame.new(2.2351741790771484e-08, 5.960464477539063e-08, 6.332993507385254e-08, 0.9975987076759338, -0.02342904917895794, -0.06517733633518219, 0.03789646923542023, 0.9723291397094727, 0.23052091896533966, 0.05797296762466431, -0.23243732750415802, 0.9708821177482605),
            ["HumanoidRootPart"] = CFrame.new(0, 0, 0, 1, 0, 0, 0, 1, 0, 0, 0, 1),
            ["RightHand"] = CFrame.new(7.450580596923828e-08, 1.7881393432617188e-07, 4.470348358154297e-08, 0.5768455266952515, 0.11507928371429443, -0.8087065815925598, -0.13239383697509766, 0.9901078939437866, 0.0464571975171566, 0.8060528635978699, 0.08026909083127975, 0.5863747596740723),
            ["LeftUpperArm"] = CFrame.new(-1.1920928955078125e-07, -1.1920928955078125e-07, -2.2351741790771484e-08, 0.8925784826278687, 0.14334724843502045, -0.4274987578392029, -0.031055327504873276, 0.9654108881950378, 0.25887730717658997, 0.44982120394706726, -0.2177923023700714, 0.8661566972732544),
            ["RightLowerArm"] = CFrame.new(0, -3.5762786865234375e-07, -8.754432201385498e-08, 1, 2.2351747119842003e-08, -6.519256601222878e-08, 1.6763808119435453e-08, 0.9999830722808838, -0.00582934869453311, -3.539026138810186e-08, 0.005829320754855871, 0.9999830722808838),
            ["LeftHand"] = CFrame.new(5.960464477539063e-08, 5.960464477539063e-08, -1.4901161193847656e-07, 0.7335008978843689, -0.47824111580848694, 0.482972115278244, 0.5131160020828247, 0.8556244373321533, 0.0679621621966362, -0.44574490189552307, 0.19797059893608093, 0.8729944229125977),
            ["RightUpperLeg"] = CFrame.new(-5.960464477539063e-08, 1.4901161193847656e-08, 2.8107024263590574e-08, 0.9497866034507751, -0.301105260848999, 0.0850953534245491, 0.31282711029052734, 0.9195982217788696, -0.23765236139297485, -0.006695096846669912, 0.2523390054702759, 0.9676156640052795),
            ["LeftUpperLeg"] = CFrame.new(5.960464477539063e-08, -3.91155481338501e-08, 8.195638656616211e-08, 0.9490740895271301, 0.25138822197914124, 0.1899011731147766, -0.22737987339496613, 0.9637708067893982, -0.13944299519062042, -0.2180754542350769, 0.08916212618350983, 0.9718504548072815),
            ["RightLowerLeg"] = CFrame.new(-7.450580596923828e-08, -0.00012242794036865234, -0.0000772310231695883, 1, -1.2060623078014032e-07, -5.960464477539063e-08, 1.4156103134155273e-07, 0.47952839732170105, 0.8775261044502258, -5.587935447692871e-08, -0.8775264024734497, 0.47952890396118164),
            ["RightFoot"] = CFrame.new(2.421438694000244e-08, 1.7881393432617188e-07, 3.5222910810261965e-08, 0.9929521679878235, 0.11484435200691223, 0.029275182634592056, -0.07476342469453812, 0.7986330389976501, -0.5971561074256897, -0.09196010231971741, 0.5907590389251709, 0.801590621471405),
            ["LeftLowerLeg"] = CFrame.new(9.685754776000977e-08, 0.00012260675430297852, 0.00007738173007965088, 1, 5.587934559514451e-09, 5.5879341154252415e-09, -8.568168397005138e-08, 0.8865227103233337, 0.4626849293708801, -2.2351745343485163e-08, -0.4626850187778473, 0.8865227699279785),
        }},
        {Time = 0.259, Data = {
            ["LeftFoot"] = CFrame.new(8.195638656616211e-08, 0, 2.2351741790771484e-08, 0.9238259196281433, -0.3709501028060913, -0.094560906291008, 0.3783254623413086, 0.9224153757095337, 0.07758744060993195, 0.05844350904226303, -0.10745212435722351, 0.9924910068511963),
            ["LeftLowerArm"] = CFrame.new(1.7881393432617188e-07, -2.384185791015625e-07, -2.9802322387695312e-08, 1, -3.725290653733282e-08, 6.705520405603238e-08, -1.4901161193847656e-08, 0.9999873638153076, -0.0050339531153440475, 0, 0.00503374682739377, 0.9999873638153076),
            ["LowerTorso"] = CFrame.new(0.29457640647888184, -0.1549525260925293, -0.24862506985664368, 0.9756539463996887, 0.16510991752147675, -0.1443546563386917, -0.19311708211898804, 0.958735466003418, -0.20864374935626984, 0.10394877940416336, 0.2314414083957672, 0.9672795534133911),
            ["Head"] = CFrame.new(4.284083843231201e-08, 1.1920928955078125e-07, 0, 0.8889579772949219, 0.4058930575847626, 0.21214303374290466, -0.4476068913936615, 0.6719119548797607, 0.5900698304176331, 0.09696387499570847, -0.619503915309906, 0.7789821028709412),
            ["RightUpperArm"] = CFrame.new(2.384185791015625e-07, 7.152557373046875e-07, -3.166496753692627e-08, 0.8592077493667603, -0.18338294327259064, 0.47763216495513916, 0.061090368777513504, 0.9636498689651489, 0.26009073853492737, -0.5079666376113892, -0.19429314136505127, 0.8391783833503723),
            ["UpperTorso"] = CFrame.new(9.313225746154785e-09, 1.1920928955078125e-07, -4.0978193283081055e-08, 0.9982750415802002, 0.014910629019141197, -0.056786175817251205, -0.0012776367366313934, 0.9725011587142944, 0.23289448022842407, 0.05869724601507187, -0.2324201613664627, 0.970842719078064),
            ["HumanoidRootPart"] = CFrame.new(0, 0, 0, 1, 0, 0, 0, 1, 0, 0, 0, 1),
            ["RightHand"] = CFrame.new(-2.0116567611694336e-07, 0, 2.9802322387695312e-08, 0.5973488092422485, 0.142769917845726, -0.7891712188720703, -0.14205878973007202, 0.9873026013374329, 0.0710853859782219, 0.789299488067627, 0.06964567303657532, 0.6100457310676575),
            ["LeftUpperArm"] = CFrame.new(5.960464477539063e-08, 8.344650268554688e-07, 4.0978193283081055e-08, 0.9061449766159058, 0.11141975969076157, -0.40802833437919617, 0.000894219265319407, 0.964173436164856, 0.26527145504951477, 0.4229663610458374, -0.2407391220331192, 0.8735811114311218),
            ["RightLowerArm"] = CFrame.new(1.1920928955078125e-07, 2.980232238769531e-07, -4.470348358154297e-08, 1, -3.3527616238870905e-08, 1.8626442610525373e-08, -3.7252898543727042e-09, 0.9999829530715942, -0.00584141630679369, 1.1175869119028903e-08, 0.005841488484293222, 0.999983012676239),
            ["LeftHand"] = CFrame.new(1.4901161193847656e-08, -2.384185791015625e-07, 2.9802322387695312e-08, 0.7149704098701477, -0.4509180784225464, 0.534312903881073, 0.48057296872138977, 0.8720245957374573, 0.09285984933376312, -0.5078060030937195, 0.1903841495513916, 0.8401707410812378),
            ["RightUpperLeg"] = CFrame.new(-2.9802322387695312e-08, 1.862645149230957e-08, -1.1345400707796216e-07, 0.9483822584152222, -0.30421677231788635, 0.08957314491271973, 0.3170296847820282, 0.9165753126144409, -0.2436840683221817, -0.007967662066221237, 0.25950294733047485, 0.9657094478607178),
            ["LeftUpperLeg"] = CFrame.new(5.960464477539063e-08, -1.6391277313232422e-07, -7.264316082000732e-08, 0.9441987872123718, 0.2765776216983795, 0.17886711657047272, -0.24962863326072693, 0.9551633596420288, -0.1592119038105011, -0.21488194167613983, 0.10567735135555267, 0.9709058403968811),
            ["RightLowerLeg"] = CFrame.new(-6.705522537231445e-08, -0.00012242794036865234, -0.00007735023245913908, 1, -1.5087418603343394e-07, -5.960463766996327e-08, 1.341104365337742e-07, 0.49112656712532043, 0.8710879683494568, -7.078050856534901e-08, -0.8710882067680359, 0.4911271333694458),
            ["RightFoot"] = CFrame.new(6.05359673500061e-09, 2.384185791015625e-07, 4.8261426854878664e-08, 0.9923290014266968, 0.11979407072067261, 0.03053688257932663, -0.0796140655875206, 0.8082252144813538, -0.5834667682647705, -0.09457667917013168, 0.5765600204467773, 0.8115626573562622),
            ["LeftLowerLeg"] = CFrame.new(-7.450580596923828e-08, 0.0001227855682373047, 0.00007737753912806511, 1, 2.6077035641947077e-08, -1.4901161193847656e-08, -4.470348358154297e-08, 0.8584855198860168, 0.512837827205658, 1.7695128917694092e-08, -0.5128378868103027, 0.8584855794906616),
        }},
        {Time = 0.296, Data = {
            ["LeftFoot"] = CFrame.new(4.470348358154297e-08, 5.960464477539063e-08, 2.2351741790771484e-08, 0.9193784594535828, -0.38118410110473633, -0.0971696749329567, 0.3889157772064209, 0.9178757667541504, 0.07904849946498871, 0.05905772000551224, -0.110466368496418, 0.9921237230300903),
            ["LeftLowerArm"] = CFrame.new(0, -1.1920928955078125e-07, -1.4901161193847656e-07, 1, 0, -3.725289587919178e-08, 2.9802318834981634e-08, 0.9999828934669495, -0.005862890277057886, -1.2665985593685036e-07, 0.005862950347363949, 0.9999828934669495),
            ["LowerTorso"] = CFrame.new(0.2806319296360016, -0.14983534812927246, -0.23918990790843964, 0.9747445583343506, 0.1656048744916916, -0.14982742071151733, -0.19508253037929535, 0.9579724073410034, -0.21031321585178375, 0.1087016761302948, 0.23423035442829132, 0.9660849571228027),
            ["Head"] = CFrame.new(-5.587935447692871e-09, -4.76837158203125e-07, -1.4901161193847656e-08, 0.8692261576652527, 0.4371493458747864, 0.23096849024295807, -0.48376476764678955, 0.6555533409118652, 0.5798460841178894, 0.10206711292266846, -0.6157517433166504, 0.7813015580177307),
            ["RightUpperArm"] = CFrame.new(-1.1920928955078125e-07, -7.152557373046875e-07, 2.9802322387695312e-08, 0.8569705486297607, -0.2052215039730072, 0.4727424681186676, 0.08435145765542984, 0.9607795476913452, 0.26417332887649536, -0.5084155201911926, -0.1865123212337494, 0.840670645236969),
            ["UpperTorso"] = CFrame.new(-5.587935447692871e-09, -1.7881393432617188e-07, -2.2351741790771484e-08, 0.9975041747093201, 0.050728920847177505, -0.04911210760474205, -0.037817079573869705, 0.9712321162223816, 0.23511283099651337, 0.05962627753615379, -0.23266874253749847, 0.9707266092300415),
            ["HumanoidRootPart"] = CFrame.new(0, 0, 0, 1, 0, 0, 0, 1, 0, 0, 0, 1),
            ["RightHand"] = CFrame.new(-2.9802322387695312e-08, -2.384185791015625e-07, 0, 0.6498671174049377, 0.18033698201179504, -0.7383437156677246, -0.15526866912841797, 0.9824567437171936, 0.10329783707857132, 0.744019091129303, 0.047511763870716095, 0.6664668917655945),
            ["LeftUpperArm"] = CFrame.new(5.960464477539063e-08, -9.5367431640625e-07, 0, 0.9023259282112122, 0.0889856368303299, -0.4217697083950043, 0.030145946890115738, 0.9630371928215027, 0.26767638325691223, 0.42999911308288574, -0.2542460560798645, 0.866290807723999),
            ["RightLowerArm"] = CFrame.new(0, -2.384185791015625e-07, -1.0896474123001099e-07, 1, 1.4901159417490817e-08, -1.4901157641133977e-08, -1.1175870895385742e-08, 0.9999828934669495, -0.0058561586774885654, 1.4901161193847656e-08, 0.005856228526681662, 0.9999828338623047),
            ["LeftHand"] = CFrame.new(1.043081283569336e-07, 1.1920928955078125e-07, -2.9802322387695312e-08, 0.7144529819488525, -0.4137122631072998, 0.564268946647644, 0.43719756603240967, 0.893606424331665, 0.10161606222391129, -0.5462738871574402, 0.1740969717502594, 0.819313645362854),
            ["RightUpperLeg"] = CFrame.new(5.960464477539063e-08, 3.8743019104003906e-07, -3.149762051180005e-08, 0.9449843764305115, -0.3136066198348999, 0.09303438663482666, 0.3270180821418762, 0.9126313328742981, -0.2452821433544159, -0.007984054274857044, 0.2622116804122925, 0.9649773836135864),
            ["LeftUpperLeg"] = CFrame.new(0, 3.948807716369629e-07, -1.0244548320770264e-07, 0.9429424405097961, 0.2832697331905365, 0.17497995495796204, -0.2567305564880371, 0.9532083868980408, -0.15963472425937653, -0.2120121419429779, 0.10560369491577148, 0.9715445637702942),
            ["RightLowerLeg"] = CFrame.new(8.195638656616211e-08, -0.00012254714965820312, -0.00007737258420092985, 1, -1.471489525783909e-07, -4.470350489782504e-08, 1.564622067462551e-07, 0.50056391954422, 0.8656996488571167, -1.862645326866641e-08, -0.8656995892524719, 0.50056391954422),
