return {
    ["Brass Wiggle"] = {
        {Time = 0.000, Data = {
            ["LeftFoot"] = CFrame.new(1.955777406692505e-08, -5.960464477539063e-08, 5.587935447692871e-09, 0.9451483488082886, -0.023232335224747658, -0.3258140981197357, -0.2235894799232483, 0.6811411380767822, -0.6971758604049683, 0.2381225973367691, 0.7317835092544556, 0.6385851502418518),
            ["LeftLowerArm"] = CFrame.new(1.1920928955078125e-07, -1.7881393432617188e-07, -4.470348358154297e-07, 1, -1.341104507446289e-07, -2.980232594040899e-08, 2.0861628513557662e-07, -0.20699892938137054, -0.978341281414032, 1.564622067462551e-07, 0.9783411622047424, -0.2069987803697586),
            ["LowerTorso"] = CFrame.new(0.3744494616985321, -0.3254164457321167, -0.010028652846813202, 0.7760913968086243, -0.24565400183200836, -0.5808066725730896, 0.17928946018218994, 0.9689533114433289, -0.1702497899532318, 0.6045970320701599, 0.027996886521577835, 0.796039342880249),
            ["Head"] = CFrame.new(-1.6391277313232422e-07, 3.5762786865234375e-07, 5.21540641784668e-08, 0.7886314988136292, 0.55259108543396, 0.26963523030281067, -0.5743036270141602, 0.8186400532722473, 0.002005544025450945, -0.21962621808052063, -0.15643443167209625, 0.9629605412483215),
            ["RightUpperArm"] = CFrame.new(0, -1.1920928955078125e-07, 1.4901161193847656e-07, 0.9932434558868408, 0.04326627403497696, 0.10768270492553711, 0.03545904532074928, 0.7703802585601807, -0.6365982294082642, -0.11049970239400864, 0.6361151337623596, 0.7636407613754272),
            ["UpperTorso"] = CFrame.new(-5.238689482212067e-10, 0.0000010728836059570312, -2.0023435354232788e-08, 0.9975658655166626, -0.05355578288435936, -0.044656671583652496, 0.04996563866734505, 0.9957035183906555, -0.07796173542737961, 0.04864001274108887, 0.07554079592227936, 0.9959557056427002),
            ["HumanoidRootPart"] = CFrame.new(0, 0, 0, 1, 0, 0, 0, 1, 0, 0, 0, 1),
            ["RightHand"] = CFrame.new(8.493661880493164e-07, -7.152557373046875e-07, -5.960464477539063e-08, 0.8120588064193726, -0.0799836814403534, 0.5780683755874634, 0.16863174736499786, 0.9804673194885254, -0.10122933238744736, -0.5586804747581482, 0.17968493700027466, 0.8096849322319031),
            ["LeftUpperArm"] = CFrame.new(-1.1920928955078125e-07, -2.384185791015625e-07, -2.9802322387695312e-08, 0.7225184440612793, -0.08644462376832962, -0.6859256029129028, -0.4515523612499237, 0.6922844052314758, -0.5628882646560669, 0.5235145688056946, 0.7164283990859985, 0.4611538350582123),
            ["RightLowerArm"] = CFrame.new(2.384185791015625e-07, 2.980232238769531e-07, 4.470348358154297e-08, 1, -1.0244548320770264e-07, 6.70552182668871e-08, 7.450580596923828e-08, -0.2762905955314636, -0.9610742926597595, 7.450580596923828e-08, 0.96107417345047, -0.27629032731056213),
            ["LeftHand"] = CFrame.new(5.21540641784668e-07, -1.7881393432617188e-07, -8.344650268554688e-07, 0.9944790601730347, -0.053778160363435745, 0.09010809659957886, 0.07202561944723129, 0.974299967288971, -0.21342939138412476, -0.07631385326385498, 0.2187408059835434, 0.9727941751480103),
            ["RightUpperLeg"] = CFrame.new(2.384185791015625e-07, -1.862645149230957e-08, -1.6596459317952394e-08, 0.982469379901886, 0.17921924591064453, -0.051327046006917953, -0.18473006784915924, 0.9729498624801636, -0.1387210190296173, 0.02507709711790085, 0.14577050507068634, 0.9890005588531494),
            ["LeftUpperLeg"] = CFrame.new(8.940696716308594e-08, -1.4086253941059113e-07, 7.450580596923828e-09, 0.9834420680999756, 0.17880688607692719, 0.0294906385242939, -0.1498325765132904, 0.8937979340553284, -0.42270028591156006, -0.10194036364555359, 0.41128242015838623, 0.9057896137237549),
            ["RightLowerLeg"] = CFrame.new(1.755543053150177e-07, -0.00012284517288208008, -0.00007756629929644987, 1, -2.468004538513924e-07, -2.2817403078079224e-08, 1.261941804386879e-07, 0.5477167367935181, 0.8366632461547852, -8.614731683564969e-08, -0.8366638422012329, 0.5477176308631897),
            ["RightFoot"] = CFrame.new(8.12578946352005e-08, 4.172325134277344e-07, 1.6596459317952394e-08, 0.9161296486854553, 0.04018416255712509, 0.398863285779953, 0.23076027631759644, 0.7607293128967285, -0.606663167476654, -0.32780522108078003, 0.6478241682052612, 0.6876540184020996),
            ["LeftLowerLeg"] = CFrame.new(1.0058283805847168e-07, 0.00012290477752685547, 0.00007739663124084473, 1, 1.1920928955078125e-07, 5.960465188081798e-08, -1.3783576946480025e-07, 0.11988545954227448, 0.9927877187728882, 0, -0.9927877187728882, 0.11988547444343567),
        }},
        {Time = 0.059, Data = {
            ["LeftFoot"] = CFrame.new(-2.7008354663848877e-08, 0, 1.862645149230957e-09, 0.9497881531715393, -0.0007235292578116059, -0.31289276480674744, -0.22633786499500275, 0.6888698935508728, -0.6886428594589233, 0.21604087948799133, 0.7248846292495728, 0.654117226600647),
            ["LeftLowerArm"] = CFrame.new(1.1920928955078125e-07, -3.5762786865234375e-07, 1.1920928955078125e-07, 1, -5.960463056453591e-08, 2.9802315282267955e-08, 1.3411046495548362e-07, -0.2156761884689331, -0.9764649868011475, 1.1175872316471214e-07, 0.9764649271965027, -0.21567612886428833),
            ["LowerTorso"] = CFrame.new(0.38353532552719116, -0.31817710399627686, -0.014864005148410797, 0.782260000705719, -0.249008446931839, -0.5710203647613525, 0.18109992146492004, 0.9679490923881531, -0.1740047186613083, 0.5960472226142883, 0.032705169171094894, 0.8022831082344055),
            ["Head"] = CFrame.new(1.2665987014770508e-07, 1.1920928955078125e-07, 0, 0.7907083630561829, 0.5562407970428467, 0.25568777322769165, -0.5777888298034668, 0.8161070942878723, 0.011382355354726315, -0.20233741402626038, -0.15673385560512543, 0.9666924476623535),
            ["RightUpperArm"] = CFrame.new(2.384185791015625e-07, 4.76837158203125e-07, -5.960464477539063e-08, 0.9935027360916138, 0.0347604900598526, 0.10837037116289139, 0.04077674075961113, 0.7802774906158447, -0.6241031289100647, -0.10625316202640533, 0.6244667768478394, 0.7737900614738464),
            ["UpperTorso"] = CFrame.new(2.8405338525772095e-08, 7.748603820800781e-07, -5.51808625459671e-08, 0.9971808791160583, -0.05306064710021019, -0.05305546522140503, 0.04914906620979309, 0.996157169342041, -0.07249337434768677, 0.056698281317949295, 0.06968149542808533, 0.9959567785263062),
            ["HumanoidRootPart"] = CFrame.new(0, 0, 0, 1, 0, 0, 0, 1, 0, 0, 0, 1),
            ["RightHand"] = CFrame.new(4.470348358154297e-07, 1.1920928955078125e-07, 0, 0.8124107718467712, -0.08339673280715942, 0.5770909190177917, 0.17017437517642975, 0.9805423021316528, -0.09786564856767654, -0.5577002167701721, 0.17771323025226593, 0.8107949495315552),
            ["LeftUpperArm"] = CFrame.new(0, 0, -2.086162567138672e-07, 0.7144054770469666, -0.08253748714923859, -0.6948467493057251, -0.45329853892326355, 0.7018868923187256, -0.549432098865509, 0.5330528616905212, 0.7074902057647705, 0.4640178084373474),
            ["RightLowerArm"] = CFrame.new(0, 5.960464477539063e-08, 7.450580596923828e-08, 1, -8.149072527885437e-08, 1.1175872316471214e-07, 1.4901162970204496e-08, -0.28857558965682983, -0.9574572443962097, 4.4703490686970326e-08, 0.9574571847915649, -0.28857526183128357),
            ["LeftHand"] = CFrame.new(-3.725290298461914e-08, 5.960464477539063e-08, -6.556510925292969e-07, 0.99529629945755, -0.040052253752946854, 0.08821003884077072, 0.058679915964603424, 0.9737414717674255, -0.21996432542800903, -0.0770835354924202, 0.22410599887371063, 0.9715116024017334),
            ["RightUpperLeg"] = CFrame.new(0, -2.3096799850463867e-07, -9.110226528719068e-08, 0.9811503291130066, 0.1865738183259964, -0.050341472029685974, -0.19115759432315826, 0.9752322435379028, -0.11127005517482758, 0.028334548696875572, 0.11879589408636093, 0.9925143122673035),
            ["LeftUpperLeg"] = CFrame.new(-1.1920928955078125e-07, -2.991873770952225e-08, -1.280568540096283e-07, 0.9843824505805969, 0.17455005645751953, 0.022882932797074318, -0.14957483112812042, 0.8978285789489746, -0.4141632616519928, -0.09283716231584549, 0.40427225828170776, 0.9099149703979492),
            ["RightLowerLeg"] = CFrame.new(2.9802322387695312e-08, -0.00012254714965820312, -0.00007752159581286833, 1, -1.6298145055770874e-07, -3.4924596548080444e-08, 7.078052277620372e-08, 0.5704432725906372, 0.821336567401886, -1.1036173930278892e-07, -0.8213369846343994, 0.5704439878463745),
            ["RightFoot"] = CFrame.new(-1.0221265256404877e-07, 3.5762786865234375e-07, 1.6596459317952394e-08, 0.9189043045043945, 0.033576931804418564, 0.39304980635643005, 0.2312859743833542, 0.7612932324409485, -0.6057548522949219, -0.319565087556839, 0.647537887096405, 0.6917896270751953),
            ["LeftLowerLeg"] = CFrame.new(2.60770320892334e-08, 0.00012254714965820312, 0.00007741153240203857, 1, 1.415610029198433e-07, 7.823108916227284e-08, -1.4901159772762185e-07, 0.12646496295928955, 0.9919711351394653, 1.4901159417490817e-08, -0.9919711351394653, 0.1264648586511612),
        }},
        {Time = 0.118, Data = {
            ["LeftFoot"] = CFrame.new(-3.725290298461914e-09, 5.960464477539063e-08, 0, 0.9552992582321167, 0.024398909881711006, -0.2946324944496155, -0.22132962942123413, 0.7197335362434387, -0.6580248475074768, 0.19600172340869904, 0.6938216090202332, 0.6929612159729004),
            ["LeftLowerArm"] = CFrame.new(2.086162567138672e-07, -1.7881393432617188e-07, -1.4901161193847656e-07, 1, -5.960463766996327e-08, 1.5646217832454568e-07, 1.7881390590446244e-07, -0.2263171672821045, -0.9740537405014038, 4.470347647611561e-08, 0.9740536212921143, -0.22631722688674927),
            ["LowerTorso"] = CFrame.new(0.3947935104370117, -0.298395037651062, -0.028319209814071655, 0.793178141117096, -0.25820663571357727, -0.5515413880348206, 0.18245258927345276, 0.9648199677467346, -0.18929772078990936, 0.5810160040855408, 0.049516648054122925, 0.8123844861984253),
            ["Head"] = CFrame.new(-9.313225746154785e-08, 1.1920928955078125e-07, 7.450580596923828e-08, 0.7968001961708069, 0.5593891143798828, 0.22845782339572906, -0.5817709565162659, 0.8123717904090881, 0.03993424028158188, -0.16325433552265167, -0.16473013162612915, 0.9727345108985901),
            ["RightUpperArm"] = CFrame.new(-1.1920928955078125e-07, 1.1920928955078125e-07, -8.940696716308594e-08, 0.9944590926170349, 0.04342417046427727, 0.0957358255982399, 0.023465266451239586, 0.7960269451141357, -0.6048060655593872, -0.10247188806533813, 0.6037014126777649, 0.7905974388122559),
            ["UpperTorso"] = CFrame.new(-1.2945383787155151e-07, 8.642673492431641e-07, -4.237517714500427e-08, 0.9973429441452026, -0.05415656417608261, -0.048727136105298996, 0.05133391171693802, 0.9970294237136841, -0.057422712445259094, 0.05169232562184334, 0.05476886034011841, 0.9971601963043213),
            ["HumanoidRootPart"] = CFrame.new(0, 0, 0, 1, 0, 0, 0, 1, 0, 0, 0, 1),
            ["RightHand"] = CFrame.new(4.917383193969727e-07, 1.7881393432617188e-07, 1.1920928955078125e-07, 0.8028131723403931, -0.0678529441356659, 0.5923569798469543, 0.15355263650417328, 0.9835199117660522, -0.09544756263494492, -0.5761185884475708, 0.16758470237255096, 0.8000019192695618),
            ["LeftUpperArm"] = CFrame.new(-2.384185791015625e-07, 1.1920928955078125e-07, 0, 0.6961594223976135, -0.06560363620519638, -0.7148827910423279, -0.4712187349796295, 0.7095004320144653, -0.5239869952201843, 0.5415855646133423, 0.7016448378562927, 0.46301203966140747),
            ["RightLowerArm"] = CFrame.new(3.5762786865234375e-07, 2.384185791015625e-07, -2.384185791015625e-07, 1, -7.450579886381092e-08, 4.4703490686970326e-08, 7.450579886381092e-08, -0.3131256699562073, -0.9497118592262268, 1.1920927533992653e-07, 0.9497116804122925, -0.31312552094459534),
            ["LeftHand"] = CFrame.new(3.725290298461914e-08, -1.7881393432617188e-07, -8.493661880493164e-07, 0.994839072227478, -0.0035993442870676517, 0.10140202939510345, 0.027600232511758804, 0.9712859988212585, -0.23630882799625397, -0.09763932973146439, 0.23788771033287048, 0.966372549533844),
            ["RightUpperLeg"] = CFrame.new(-1.1920928955078125e-07, 2.7101486921310425e-07, 1.0261283023282886e-07, 0.9805098176002502, 0.18958331644535065, -0.051562052220106125, -0.19192646443843842, 0.9803748726844788, -0.04505055025219917, 0.04200957715511322, 0.054068613797426224, 0.9976531863212585),
            ["LeftUpperLeg"] = CFrame.new(-1.1920928955078125e-07, 2.424931153655052e-07, -5.471520125865936e-09, 0.9879562258720398, 0.15472601354122162, -0.0015533268451690674, -0.14278335869312286, 0.9077385067939758, -0.39449188113212585, -0.059627730399370193, 0.389962375164032, 0.9188981652259827),
            ["RightLowerLeg"] = CFrame.new(-3.725290298461914e-09, -0.00012260675430297852, -0.0000775141452322714, 1, -9.313227167240257e-08, -1.1734667282325972e-07, 1.9744038581848145e-07, 0.6231624484062195, 0.7820920944213867, 1.4435499906539917e-07, -0.7820925712585449, 0.6231629252433777),
            ["RightFoot"] = CFrame.new(-4.190951585769653e-09, 2.980232238769531e-07, -1.3205863069742918e-08, 0.9205529689788818, 0.035132911056280136, 0.38903459906578064, 0.22276222705841064, 0.7709027528762817, -0.5967293381690979, -0.32087281346321106, 0.6359832882881165, 0.7018306255340576),
            ["LeftLowerLeg"] = CFrame.new(5.960464477539063e-08, 0.0001227259635925293, 0.00007732957601547241, 1, 7.823106784599076e-08, 4.097818262494002e-08, -5.587935447692871e-08, 0.13057836890220642, 0.9914380311965942, 1.1175870895385742e-08, -0.9914380311965942, 0.13057827949523926),
        }},
        {Time = 0.176, Data = {
            ["LeftFoot"] = CFrame.new(-4.470348358154297e-08, 5.960464477539063e-08, 1.862645149230957e-09, 0.9609031677246094, 0.044897112995386124, -0.2732207477092743, -0.2187640517950058, 0.7279832363128662, -0.6497557759284973, 0.16972805559635162, 0.6841233372688293, 0.7093433737754822),
            ["LeftLowerArm"] = CFrame.new(-3.5762786865234375e-07, 2.980232238769531e-07, -7.450580596923828e-08, 1, -1.1920926112907182e-07, -2.980232594040899e-08, 8.940694584680386e-08, -0.24764175713062286, -0.9688516855239868, 7.450579175838357e-08, 0.9688516855239868, -0.2476416528224945),
            ["LowerTorso"] = CFrame.new(0.4024219512939453, -0.2839421033859253, -0.04656665027141571, 0.7901929616928101, -0.28003230690956116, -0.5451394319534302, 0.18568159639835358, 0.9570882320404053, -0.22249601781368256, 0.5840526223182678, 0.07459241151809692, 0.8082813024520874),
            ["Head"] = CFrame.new(8.940696716308594e-08, 3.5762786865234375e-07, 8.195638656616211e-08, 0.8000844717025757, 0.5571901202201843, 0.22226983308792114, -0.5831776261329651, 0.8092803955078125, 0.07049259543418884, -0.1406010538339615, -0.18602313101291656, 0.9724335670471191),
            ["RightUpperArm"] = CFrame.new(1.1920928955078125e-07, 0, 1.7881393432617188e-07, 0.9912493824958801, 0.0903361514210701, 0.09625028073787689, -0.01532365195453167, 0.802973747253418, -0.5958173274993896, -0.13111059367656708, 0.5891286134719849, 0.7973316311836243),
            ["UpperTorso"] = CFrame.new(-3.632158041000366e-08, 8.046627044677734e-07, -4.842877388000488e-08, 0.9985964298248291, -0.04022784158587456, -0.03445357456803322, 0.039248671382665634, 0.9988190531730652, -0.028637772426009178, 0.03556490316987038, 0.02724548615515232, 0.9989959597587585),
            ["HumanoidRootPart"] = CFrame.new(0, 0, 0, 1, 0, 0, 0, 1, 0, 0, 0, 1),
            ["RightHand"] = CFrame.new(8.270144462585449e-07, 0, -2.9802322387695312e-08, 0.7868455648422241, -0.047070082277059555, 0.6153523325920105, 0.13367536664009094, 0.986415445804596, -0.09547541290521622, -0.6024989485740662, 0.15738195180892944, 0.7824487686157227),
            ["LeftUpperArm"] = CFrame.new(0, -2.384185791015625e-07, 5.960464477539063e-08, 0.6977832913398743, -0.04280788078904152, -0.7150283455848694, -0.4769997000694275, 0.7169265151023865, -0.5084169507026672, 0.5343874096870422, 0.6958333849906921, 0.47984033823013306),
            ["RightLowerArm"] = CFrame.new(0, 2.980232238769531e-07, 5.960464477539063e-08, 1, -8.649658411741257e-08, 7.450581307466564e-08, 5.960465898624534e-08, -0.3245047628879547, -0.9458841681480408, 1.7881397695873602e-07, 0.9458840489387512, -0.3245047330856323),
            ["LeftHand"] = CFrame.new(5.140900611877441e-07, -2.980232238769531e-07, -6.705522537231445e-07, 0.9939189553260803, 0.010829523205757141, 0.10958157479763031, 0.01413529459387064, 0.9743714332580566, -0.22450074553489685, -0.10920389741659164, 0.2246844470500946, 0.9682929515838623),
            ["RightUpperLeg"] = CFrame.new(-5.960464477539063e-08, -2.775341272354126e-07, -3.149762051180005e-08, 0.981395423412323, 0.1843482255935669, -0.05365545302629471, -0.18317700922489166, 0.9827353954315186, 0.026028404012322426, 0.05752715468406677, -0.015715736895799637, 0.9982202053070068),
            ["LeftUpperLeg"] = CFrame.new(-1.1920928955078125e-07, -4.724133759737015e-07, 1.5366822481155396e-08, 0.9904727339744568, 0.13596665859222412, -0.02183499000966549, -0.13516265153884888, 0.929510235786438, -0.34313562512397766, -0.026359405368566513, 0.3428175151348114, 0.9390320777893066),
            ["RightLowerLeg"] = CFrame.new(1.2759119272232056e-07, -0.0001227259635925293, -0.00007750669465167448, 1, -1.8021094660980452e-07, 2.0721929061551236e-08, 1.5459953317531472e-07, 0.6619648933410645, 0.7495340704917908, -4.563479905073109e-08, -0.7495348453521729, 0.6619656682014465),
            ["RightFoot"] = CFrame.new(5.168840289115906e-08, 4.172325134277344e-07, 3.149762051180005e-08, 0.9126266837120056, 0.05522129312157631, 0.405047744512558, 0.21259763836860657, 0.7821871638298035, -0.5856493711471558, -0.3491631746292114, 0.6205916404724121, 0.7021048665046692),
            ["LeftLowerLeg"] = CFrame.new(9.313225746154785e-08, 0.0001226663589477539, 0.00007743388414382935, 1, 1.5273690223693848e-07, 8.195637946073475e-08, 2.9802322387695312e-08, 0.14109790325164795, 0.9899957180023193, 1.3783574104309082e-07, -0.9899957180023193, 0.14109784364700317),
        }},
        {Time = 0.235, Data = {
            ["LeftFoot"] = CFrame.new(1.862645149230957e-09, 1.1920928955078125e-07, -1.862645149230957e-08, 0.9587253332138062, 0.06328774243593216, -0.2772015333175659, -0.2400277853012085, 0.7027618885040283, -0.6697105169296265, 0.152422234416008, 0.7086046934127808, 0.688946545124054),
            ["LeftLowerArm"] = CFrame.new(-1.1920928955078125e-07, -1.1920928955078125e-07, 1.4901161193847656e-08, 1, -1.0430811414607888e-07, 7.450577754752885e-08, 1.4901158351676713e-07, -0.2845786511898041, -0.9586527347564697, 1.2665984172599565e-07, 0.9586527347564697, -0.2845783531665802),
            ["LowerTorso"] = CFrame.new(0.4020410478115082, -0.28627264499664307, -0.06574027240276337, 0.7757980823516846, -0.30962884426116943, -0.5497884154319763, 0.190695658326149, 0.9456311464309692, -0.26347100734710693, 0.6014752984046936, 0.09955804795026779, 0.7926636934280396),
            ["Head"] = CFrame.new(7.450580596923828e-08, 5.960464477539062e-07, -2.980232238769531e-07, 0.805801510810852, 0.543298065662384, 0.23560744524002075, -0.5765973925590515, 0.8105048537254333, 0.10304075479507446, -0.13497956097126007, -0.21888133883476257, 0.9663704633712769),
            ["RightUpperArm"] = CFrame.new(1.1920928955078125e-07, -1.1920928955078125e-07, -1.7881393432617188e-07, 0.9819931387901306, 0.14285972714424133, 0.12361447513103485, -0.04370613023638725, 0.8083825707435608, -0.587033212184906, -0.18379153311252594, 0.5710593461990356, 0.8000697493553162),
            ["UpperTorso"] = CFrame.new(-2.60770320892334e-08, 6.556510925292969e-07, 7.636845111846924e-08, 0.9995326399803162, -0.010435197502374649, -0.028733456507325172, 0.010578394867479801, 0.9999323487281799, 0.004839452914893627, 0.028681058436632156, -0.005140984430909157, 0.9995754957199097),
            ["HumanoidRootPart"] = CFrame.new(0, 0, 0, 1, 0, 0, 0, 1, 0, 0, 0, 1),
            ["RightHand"] = CFrame.new(0.0000010952353477478027, 4.172325134277344e-07, -1.4901161193847656e-08, 0.7700026035308838, -0.030094772577285767, 0.6373305916786194, 0.11885067820549011, 0.9881696105003357, -0.09692986309528351, -0.6268736720085144, 0.15038339793682098, 0.7644700407981873),
            ["LeftUpperArm"] = CFrame.new(5.960464477539063e-08, 1.1920928955078125e-07, 0, 0.7137343883514404, -0.011148421093821526, -0.7003273367881775, -0.464862585067749, 0.7403692007064819, -0.4855480194091797, 0.5239141583442688, 0.6721081137657166, 0.5232445001602173),
            ["RightLowerArm"] = CFrame.new(5.960464477539063e-08, 2.384185791015625e-07, -4.023313522338867e-07, 1, -3.911553747570906e-08, 1.0430811414607888e-07, 8.940696716308594e-08, -0.3159107267856598, -0.9487889409065247, 5.960464477539063e-08, 0.9487888813018799, -0.315910667181015),
            ["LeftHand"] = CFrame.new(3.8743019104003906e-07, 6.556510925292969e-07, -7.450580596923828e-07, 0.9936227798461914, 0.026019202545285225, 0.10971401631832123, -0.0032413173466920853, 0.9792007803916931, -0.20286837220191956, -0.11270970851182938, 0.20121857523918152, 0.9730402827262878),
            ["RightUpperLeg"] = CFrame.new(-1.7881393432617188e-07, -1.5087425708770752e-07, 2.218221197836101e-07, 0.9838220477104187, 0.16985635459423065, -0.056946977972984314, -0.16578061878681183, 0.983676552772522, 0.06998076289892197, 0.06790407001972198, -0.05940798670053482, 0.9959215521812439),
            ["LeftUpperLeg"] = CFrame.new(-1.1920928955078125e-07, -1.4901161193847656e-08, 1.19674950838089e-07, 0.991114616394043, 0.12985724210739136, -0.028792697936296463, -0.13277532160282135, 0.9530143141746521, -0.2722766399383545, -0.007917159236967564, 0.2736802399158478, 0.9617881774902344),
            ["RightLowerLeg"] = CFrame.new(2.9802322387695312e-08, -0.0001227259635925293, -0.00007761100278003141, 1, -1.1082740059009666e-07, -1.6205014219394798e-07, 1.1175868053214799e-07, 0.659509539604187, 0.7516957521438599, -2.3283059924494864e-09, -0.7516961693763733, 0.6595101952552795),
            ["RightFoot"] = CFrame.new(1.1990778148174286e-07, 2.980232238769531e-07, 4.639878170564771e-08, 0.8945973515510559, 0.10445691645145416, 0.4344937205314636, 0.1943749636411667, 0.7845441699028015, -0.588819682598114, -0.40238556265830994, 0.6112112998962402, 0.681547224521637),
            ["LeftLowerLeg"] = CFrame.new(5.21540641784668e-08, 0.0001226663589477539, 0.00007739663124084473, 1, 8.940694584680386e-08, 5.21540641784668e-08, -1.341104507446289e-07, 0.1570260226726532, 0.9875945448875427, 1.0058283805847168e-07, -0.987594485282898, 0.1570260375738144),
        }},
        {Time = 0.294, Data = {
            ["LeftFoot"] = CFrame.new(2.0489096641540527e-08, 5.960464477539063e-08, -7.450580596923828e-09, 0.9644086956977844, 0.12330826371908188, -0.2339041382074356, -0.25450724363327026, 0.6727884411811829, -0.6946806907653809, 0.07170838117599487, 0.7294866442680359, 0.6802262663841248),
            ["LeftLowerArm"] = CFrame.new(-1.1920928955078125e-07, -1.1920928955078125e-07, -1.341104507446289e-07, 1, -1.1920928955078125e-07, 1.192092469182171e-07, 1.639127589214695e-07, -0.3273104429244995, -0.944916844367981, 9.685753354915505e-08, 0.9449169635772705, -0.3273105323314667),
            ["LowerTorso"] = CFrame.new(0.3822093904018402, -0.31304705142974854, -0.07963458448648453, 0.7584931254386902, -0.3203083872795105, -0.5675304532051086, 0.17871138453483582, 0.9397210478782654, -0.291524738073349, 0.6266981363296509, 0.11969541013240814, 0.7700147032737732),
            ["Head"] = CFrame.new(-5.21540641784668e-08, 4.76837158203125e-07, -5.960464477539063e-08, 0.8190602660179138, 0.5133780837059021, 0.2560918629169464, -0.5559881329536438, 0.8203762769699097, 0.13364136219024658, -0.14148351550102234, -0.2518446743488312, 0.9573698043823242),
            ["RightUpperArm"] = CFrame.new(0, 0.0000010728836059570312, -8.940696716308594e-08, 0.9678464531898499, 0.19618408381938934, 0.15743190050125122, -0.0750555619597435, 0.8225934505462646, -0.5636550784111023, -0.24008318781852722, 0.5337150692939758, 0.8108687996864319),
            ["UpperTorso"] = CFrame.new(3.3527612686157227e-08, 9.834766387939453e-07, 1.862645149230957e-08, 0.9993955492973328, 0.010429072193801403, -0.03316503018140793, -0.00944443978369236, 0.9995139241218567, 0.029711302369832993, 0.0334588959813118, -0.02938000112771988, 0.9990081787109375),
            ["HumanoidRootPart"] = CFrame.new(0, 0, 0, 1, 0, 0, 0, 1, 0, 0, 0, 1),
            ["RightHand"] = CFrame.new(6.92903995513916e-07, 0, -1.1920928955078125e-07, 0.7532928586006165, -0.019996775314211845, 0.6573810577392578, 0.11320506781339645, 0.9885618090629578, -0.09965047985315323, -0.6478692293167114, 0.14948460459709167, 0.7469403743743896),
            ["LeftUpperArm"] = CFrame.new(0, 7.152557373046875e-07, 5.960464477539063e-08, 0.7300560474395752, 0.020610282197594643, -0.6830759644508362, -0.4440856873989105, 0.7740418910980225, -0.45127353072166443, 0.519428551197052, 0.632798969745636, 0.5742469429969788),
            ["RightLowerArm"] = CFrame.new(-1.1920928955078125e-07, -7.152557373046875e-07, -5.960464477539063e-08, 1, -7.82310962677002e-08, 1.452862647965958e-07, 7.450579886381092e-08, -0.3113730847835541, -0.9502878785133362, 1.0430811414607888e-07, 0.9502877593040466, -0.31137269735336304),
            ["LeftHand"] = CFrame.new(4.917383193969727e-07, -3.5762786865234375e-07, -7.599592208862305e-07, 0.9943020939826965, 0.034833118319511414, 0.10074635595083237, -0.016598304733633995, 0.9841670393943787, -0.17646418511867523, -0.10529850423336029, 0.17378684878349304, 0.979137659072876),
            ["RightUpperLeg"] = CFrame.new(1.7881393432617188e-07, 1.4156103134155273e-07, -6.129994289949536e-08, 0.9902515411376953, 0.12160598486661911, -0.06792600452899933, -0.11957252025604248, 0.9922683835029602, 0.03325571119785309, 0.07144474983215332, -0.024809662252664566, 0.9971359372138977),
            ["LeftUpperLeg"] = CFrame.new(-1.7881393432617188e-07, 1.7869751900434494e-08, 7.532071322202682e-08, 0.9948142766952515, 0.10130758583545685, 0.009017182514071465, -0.09632344543933868, 0.9668999910354614, -0.2362762838602066, -0.03265530616044998, 0.23418225347995758, 0.9716440439224243),
            ["RightLowerLeg"] = CFrame.new(2.086162567138672e-07, -0.0001226663589477539, -0.00007749924407107756, 1, -4.842878098543224e-08, -2.2351750317284313e-07, 1.601874828338623e-07, 0.5730706453323364, 0.8195053339004517, 1.210719347000122e-08, -0.8195059895515442, 0.5730717182159424),
            ["RightFoot"] = CFrame.new(6.51925802230835e-08, 4.172325134277344e-07, 1.6596459317952394e-08, 0.8615620136260986, 0.172013521194458, 0.4776218831539154, 0.18852390348911285, 0.7651472687721252, -0.6156359910964966, -0.47134873270988464, 0.6204522848129272, 0.6267932057380676),
            ["LeftLowerLeg"] = CFrame.new(2.2351741790771484e-08, 0.00012260675430297852, 0.00007745623588562012, 1, 9.685753354915505e-08, 5.960464477539063e-08, -1.266598985694145e-07, 0.15915238857269287, 0.9872540831565857, 1.4901164746561335e-08, -0.9872540235519409, 0.15915216505527496),
        }},
        {Time = 0.353, Data = {
            ["LeftFoot"] = CFrame.new(-2.60770320892334e-08, 0, -2.9802322387695312e-08, 0.9642989039421082, 0.1779288649559021, -0.19613590836524963, -0.26474976539611816, 0.6311179995536804, -0.7291069030761719, -0.0059443386271595955, 0.7550042271614075, 0.6556934118270874),
            ["LeftLowerArm"] = CFrame.new(-5.066394805908203e-07, 1.1920928955078125e-07, 4.917383193969727e-07, 1, -8.940696716308594e-08, 2.980232949312267e-08, 1.0430809993522416e-07, -0.38523930311203003, -0.9228168725967407, 4.470347292340193e-08, 0.9228167533874512, -0.38523921370506287),
            ["LowerTorso"] = CFrame.new(0.3348810076713562, -0.3629547357559204, -0.08023220300674438, 0.7407777905464172, -0.2909267842769623, -0.6054832339286804, 0.13910995423793793, 0.9482506513595581, -0.28542810678482056, 0.6571885347366333, 0.1272100806236267, 0.7429137825965881),
            ["Head"] = CFrame.new(-3.725290298461914e-08, 3.5762786865234375e-07, 1.862645149230957e-07, 0.8480825424194336, 0.44367849826812744, 0.289663702249527, -0.4962366819381714, 0.8567180633544922, 0.14065341651439667, -0.18575569987297058, -0.26302769780158997, 0.9467373490333557),
            ["RightUpperArm"] = CFrame.new(0, 3.5762786865234375e-07, 8.940696716308594e-08, 0.9521183371543884, 0.23322740197181702, 0.19767406582832336, -0.08173972368240356, 0.8172218799591064, -0.5704976916313171, -0.294600248336792, 0.5270233154296875, 0.7971558570861816),
            ["UpperTorso"] = CFrame.new(7.450580596923828e-09, 0.0000011324882507324219, -5.21540641784668e-08, 0.9993611574172974, 0.00566022889688611, -0.03528735414147377, -0.004406280815601349, 0.9993595480918884, 0.035511985421180725, 0.035466063767671585, -0.035333674401044846, 0.9987461566925049),
            ["HumanoidRootPart"] = CFrame.new(0, 0, 0, 1, 0, 0, 0, 1, 0, 0, 0, 1),
            ["RightHand"] = CFrame.new(2.4586915969848633e-07, 3.5762786865234375e-07, -5.960464477539063e-08, 0.750419020652771, -0.022432811558246613, 0.6605813503265381, 0.11278951168060303, 0.9891111254692078, -0.09453895688056946, -0.651267945766449, 0.14545081555843353, 0.7447783350944519),
            ["LeftUpperArm"] = CFrame.new(5.960464477539063e-08, 4.76837158203125e-07, 1.7881393432617188e-07, 0.7509256601333618, 0.031405698508024216, -0.659639298915863, -0.41860419511795044, 0.7951956987380981, -0.43867358565330505, 0.5107654333114624, 0.6055389642715454, 0.61027991771698),
            ["RightLowerArm"] = CFrame.new(-5.960464477539063e-08, -7.152557373046875e-07, 3.8743019104003906e-07, 1, -5.215405707303944e-08, 5.960464477539063e-08, 5.215405707303944e-08, -0.30247005820274353, -0.9531590938568115, 1.7881390590446244e-07, 0.953158974647522, -0.30246973037719727),
            ["LeftHand"] = CFrame.new(4.0978193283081055e-07, -1.7881393432617188e-07, -5.960464477539062e-07, 0.9972905516624451, 0.030590154230594635, 0.06690173596143723, -0.022237351164221764, 0.9922547340393066, -0.12221365422010422, -0.0701221451163292, 0.12039497494697571, 0.9902464747428894),
            ["RightUpperLeg"] = CFrame.new(1.1920928955078125e-07, -7.450580596923828e-09, 8.77116690389812e-08, 0.9969480037689209, 0.018557000905275345, -0.07583088427782059, -0.030520189553499222, 0.9866785407066345, -0.1597936898469925, 0.07185537368059158, 0.1616201549768448, 0.9842336177825928),
            ["LeftUpperLeg"] = CFrame.new(-1.1920928955078125e-07, 9.872019290924072e-08, 7.82310962677002e-08, 0.9963065981864929, 0.04759528487920761, 0.0714687779545784, -0.028439728543162346, 0.9682517647743225, -0.24835416674613953, -0.08102014660835266, 0.24540424346923828, 0.966029167175293),
            ["RightLowerLeg"] = CFrame.new(7.450580596923828e-09, -0.0001226663589477539, -0.00007744709000689909, 1, -1.4901162614933128e-07, -6.705523247774181e-08, 1.1920930376163597e-07, 0.3288249671459198, 0.9443907737731934, -1.564622067462551e-07, -0.9443909525871277, 0.32882556319236755),
            ["RightFoot"] = CFrame.new(-3.166496753692627e-08, 2.980232238769531e-07, -2.8107024263590574e-08, 0.7989848852157593, 0.26377758383750916, 0.5404117703437805, 0.15587973594665527, 0.7770980000495911, -0.6097701787948608, -0.5807967185974121, 0.5714367628097534, 0.5797720551490784),
            ["LeftLowerLeg"] = CFrame.new(2.9802322387695312e-08, 0.0001226663589477539, 0.00007732212543487549, 1, -4.470347647611561e-08, 1.1175869474300271e-07, -8.195639367158947e-08, 0.16671369969844818, 0.986005425453186, 1.4156104555240745e-07, -0.986005425453186, 0.16671350598335266),
        }},
        {Time = 0.412, Data = {
            ["LeftFoot"] = CFrame.new(4.842877388000488e-08, -5.960464477539063e-08, 9.313225746154785e-09, 0.9608163237571716, 0.215589240193367, -0.17422322928905487, -0.2740361988544464, 0.6443182826042175, -0.7139729857444763, -0.04166977480053902, 0.7337406277656555, 0.6781510710716248),
            ["LeftLowerArm"] = CFrame.new(-5.066394805908203e-07, 2.384185791015625e-07, -2.2351741790771484e-08, 1, -1.7881389169360773e-07, 8.195639367158947e-08, 8.940696716308594e-08, -0.4524904787540436, -0.891769528388977, 1.7508864402770996e-07, 0.8917691707611084, -0.4524900019168854),
            ["LowerTorso"] = CFrame.new(0.26562750339508057, -0.4031120538711548, -0.0662645697593689, 0.7317976355552673, -0.23109497129917145, -0.6411454677581787, 0.08562002331018448, 0.9644760489463806, -0.24991057813167572, 0.6761224865913391, 0.12798908352851868, 0.7255875468254089),
            ["Head"] = CFrame.new(0, 1.1920928955078125e-07, -5.960464477539063e-08, 0.8897765278816223, 0.32798629999160767, 0.3173680603504181, -0.3809724748134613, 0.91666579246521, 0.12076334655284882, -0.2513121962547302, -0.228361114859581, 0.9405816793441772),
            ["RightUpperArm"] = CFrame.new(-1.1920928955078125e-07, -4.76837158203125e-07, 0, 0.9391409754753113, 0.2639237344264984, 0.21990501880645752, -0.07620705664157867, 0.7842375636100769, -0.6157630085945129, -0.33497270941734314, 0.5615299940109253, 0.7566225528717041),
            ["UpperTorso"] = CFrame.new(-3.725290298461914e-09, 9.834766387939453e-07, -9.592622518539429e-08, 0.999217689037323, -0.023175569251179695, -0.03204722702503204, 0.024349618703126907, 0.9990280866622925, 0.036742836236953735, 0.031164763495326042, -0.03749433159828186, 0.9988107681274414),
            ["HumanoidRootPart"] = CFrame.new(0, 0, 0, 1, 0, 0, 0, 1, 0, 0, 0, 1),
            ["RightHand"] = CFrame.new(4.3213367462158203e-07, 1.1920928955078125e-07, -8.940696716308594e-08, 0.7541312575340271, -0.0197945274412632, 0.6564251184463501, 0.09951792657375336, 0.9914470314979553, -0.08443321287631989, -0.6491396427154541, 0.12900003790855408, 0.7496513724327087),
            ["LeftUpperArm"] = CFrame.new(1.1920928955078125e-07, -1.1920928955078125e-07, -1.1920928955078125e-07, 0.7750803232192993, 0.0005971867358312011, -0.6318622827529907, -0.37867867946624756, 0.8009595274925232, -0.4637525677680969, 0.5058192610740662, 0.5987181663513184, 0.6210344433784485),
            ["RightLowerArm"] = CFrame.new(0, -2.384185791015625e-07, -8.940696716308594e-08, 1, -3.725289943190546e-08, 1.8253925304634322e-07, 2.60770320892334e-08, -0.2861294150352478, -0.9581910967826843, 5.21540641784668e-08, 0.9581910371780396, -0.2861294448375702),
            ["LeftHand"] = CFrame.new(6.705522537231445e-08, -1.7881393432617188e-07, -4.470348358154297e-07, 0.999936580657959, 0.004822869319468737, 0.010184234008193016, -0.0044284239411354065, 0.9992539882659912, -0.03836469724774361, -0.010361671447753906, 0.03831738606095314, 0.9992119669914246),
            ["RightUpperLeg"] = CFrame.new(-2.9802322387695312e-08, 1.564621925354004e-07, -7.620110409334302e-08, 0.9954426288604736, -0.08291349560022354, -0.047109950333833694, 0.0579044446349144, 0.9180445075035095, -0.39222657680511475, 0.07577016204595566, 0.3877107799053192, 0.9186614751815796),
            ["LeftUpperLeg"] = CFrame.new(-1.1920928955078125e-07, 2.086162567138672e-07, -1.1920928955078125e-07, 0.9918240904808044, -0.026394043117761612, 0.12485377490520477, 0.06581325829029083, 0.9440234303474426, -0.32324692606925964, -0.10933282226324081, 0.32882097363471985, 0.9380421042442322),
            ["RightLowerLeg"] = CFrame.new(-8.055940270423889e-08, -0.00012254714965820312, -0.00007745593757135794, 1, -2.607702640489151e-07, -1.0430816388407038e-07, 1.7136333951839333e-07, 0.07769694924354553, 0.9969770312309265, -1.341104365337742e-07, -0.9969770312309265, 0.07769721746444702),
            ["RightFoot"] = CFrame.new(-2.60770320892334e-08, 2.980232238769531e-07, -5.790934665128589e-08, 0.8142497539520264, 0.30114880204200745, 0.49629297852516174, 0.06332749873399734, 0.8037375211715698, -0.5916038155555725, -0.5770503282546997, 0.5131428241729736, 0.6353724598884583),
            ["LeftLowerLeg"] = CFrame.new(4.0978193283081055e-08, 0.0001226663589477539, 0.00007732957601547241, 1, 5.21540641784668e-08, 5.960464477539063e-08, -1.1920930376163597e-07, 0.14744143187999725, 0.9890708327293396, 1.1175872316471214e-07, -0.9890708327293396, 0.14744119346141815),
        }},
        {Time = 0.471, Data = {
            ["LeftFoot"] = CFrame.new(2.9802322387695312e-08, 0, -3.3527612686157227e-08, 0.95689457654953, 0.23684817552566528, -0.1680946946144104, -0.2874457836151123, 0.6894760131835938, -0.6648287177085876, -0.04156612604856491, 0.6844894289970398, 0.7278371453285217),
            ["LeftLowerArm"] = CFrame.new(-2.682209014892578e-07, 3.5762786865234375e-07, 1.825392246246338e-07, 1, -1.1175872316471214e-07, 1.6391278734317893e-07, 1.4901159772762185e-07, -0.5101468563079834, -0.8600874543190002, 1.732259846676243e-07, 0.8600873947143555, -0.5101467967033386),
            ["LowerTorso"] = CFrame.new(0.18948088586330414, -0.40602099895477295, -0.047345273196697235, 0.7192374467849731, -0.16403716802597046, -0.6751216650009155, 0.031263671815395355, 0.9783848524093628, -0.2044156938791275, 0.6940605640411377, 0.12591664493083954, 0.7088193893432617),
            ["Head"] = CFrame.new(1.4901161193847656e-08, 9.5367431640625e-07, 0, 0.910452127456665, 0.15331406891345978, 0.38415011763572693, -0.1949436217546463, 0.9781955480575562, 0.07162731140851974, -0.36479294300079346, -0.14010100066661835, 0.9204881191253662),
            ["RightUpperArm"] = CFrame.new(2.384185791015625e-07, 9.5367431640625e-07, 8.940696716308594e-08, 0.924101710319519, 0.31301647424697876, 0.2192179262638092, -0.08582331985235214, 0.72898930311203, -0.6791236996650696, -0.3723849356174469, 0.6087653636932373, 0.7005244493484497),
            ["UpperTorso"] = CFrame.new(-1.3969838619232178e-09, 6.556510925292969e-07, 1.0943040251731873e-08, 0.998771607875824, -0.042328279465436935, -0.02576439455151558, 0.04354089871048927, 0.9978746771812439, 0.048480644822120667, 0.023657675832509995, -0.049542780965566635, 0.9984918832778931),
            ["HumanoidRootPart"] = CFrame.new(0, 0, 0, 1, 0, 0, 0, 1, 0, 0, 0, 1),
            ["RightHand"] = CFrame.new(4.470348358154297e-07, 8.344650268554688e-07, -5.960464477539063e-08, 0.7490136623382568, -0.01081375777721405, 0.6624661684036255, 0.07659614086151123, 0.994576096534729, -0.07036769390106201, -0.6581121683120728, 0.10344822704792023, 0.7457795143127441),
            ["LeftUpperArm"] = CFrame.new(0, 5.960464477539062e-07, -8.940696716308594e-08, 0.8052629828453064, -0.06413363665342331, -0.5894390940666199, -0.3213716149330139, 0.7882261276245117, -0.5248044729232788, 0.49826890230178833, 0.6120346188545227, 0.6141189336776733),
            ["RightLowerArm"] = CFrame.new(-8.940696716308594e-08, 4.76837158203125e-07, 8.940696716308594e-08, 1, -1.378357126213814e-07, 1.3597306747215043e-07, 7.450580596923828e-08, -0.2605418562889099, -0.9654626250267029, 1.6205012798309326e-07, 0.9654625654220581, -0.26054179668426514),
            ["LeftHand"] = CFrame.new(2.60770320892334e-08, -1.7881393432617188e-07, -7.003545761108398e-07, 0.9973956346511841, -0.05457538366317749, -0.047153912484645844, 0.05738264322280884, 0.9965245127677917, 0.060382332652807236, 0.043694376945495605, -0.06293094903230667, 0.9970609545707703),
            ["RightUpperLeg"] = CFrame.new(0, -2.384185791015625e-07, 4.300818545743823e-08, 0.988457202911377, -0.14999225735664368, 0.021323146298527718, 0.13961224257946014, 0.8471744656562805, -0.5126441121101379, 0.05882793292403221, 0.5097036957740784, 0.858336329460144),
            ["LeftUpperLeg"] = CFrame.new(0, -1.5087425708770752e-07, 3.725290298461914e-08, 0.9780024886131287, -0.08274711668491364, 0.19147907197475433, 0.15111857652664185, 0.9138223528862, -0.3769510090351105, -0.14378637075424194, 0.39759501814842224, 0.9062250256538391),
