return {
    ["Bratty"] = {
        {Time = 0.000, Data = {
            ["RightFoot"] = CFrame.new(1.7881393432617188e-07, 5.960464477539063e-08, 2.4047039914876223e-08, 0.9858773350715637, -0.13835261762142181, -0.09436339884996414, 0.08016185462474823, 0.8845826983451843, -0.4594424366950989, 0.14703726768493652, 0.4453897774219513, 0.8831807971000671),
            ["LeftLowerArm"] = CFrame.new(0.0000016093254089355469, -1.7881393432617188e-07, 0.000004654750227928162, 1, 6.612389569227162e-08, -5.6345029975091165e-08, -9.685754776000977e-08, 0.2371256947517395, -0.9714791178703308, -5.960464477539063e-08, 0.971479058265686, 0.23712562024593353),
            ["RightUpperArm"] = CFrame.new(-0.023000597953796387, -0.005426645278930664, -0.05837803706526756, 0.8738769888877869, -0.2366555631160736, -0.42465659976005554, 0.13361206650733948, 0.9567926526069641, -0.2582549452781677, 0.46742576360702515, 0.1689438372850418, 0.8677390813827515),
            ["Head"] = CFrame.new(-4.656612873077393e-10, -7.152557373046875e-07, -2.5727786123752594e-08, 0.9956064224243164, -0.0846296101808548, 0.040073495358228683, 0.091975636780262, 0.9641315340995789, -0.24897992610931396, -0.01756504364311695, 0.2515717148780823, 0.9676792621612549),
            ["RightHand"] = CFrame.new(2.682209014892578e-07, 8.344650268554688e-07, -7.748603820800781e-07, 0.15525715053081512, 0.6127055287361145, -0.7749107480049133, -0.6369611620903015, 0.6616770029067993, 0.395555704832077, 0.755099892616272, 0.43217530846595764, 0.4930000901222229),
            ["UpperTorso"] = CFrame.new(9.313225746154785e-10, 0, 2.1609594114124775e-08, 0.9995759129524231, -0.007620843127369881, 0.028107473626732826, 0.008305502124130726, 0.9996697306632996, -0.024322660639882088, -0.027912825345993042, 0.02454582415521145, 0.9993090033531189),
            ["HumanoidRootPart"] = CFrame.new(0, 0, 0, 1, 0, 0, 0, 1, 0, 0, 0, 1),
            ["RightUpperLeg"] = CFrame.new(0, -2.527667675167322e-07, 1.5068508218973875e-08, 0.979887068271637, -0.01638176292181015, -0.1988793909549713, -0.09513330459594727, 0.8377329707145691, -0.5377300977706909, 0.17541684210300446, 0.5458344221115112, 0.8193249702453613),
            ["LeftUpperArm"] = CFrame.new(0.038116395473480225, 0.010463595390319824, -0.059221185743808746, 0.9824842214584351, 0.1861046701669693, 0.009475474245846272, -0.17248845100402832, 0.9274894595146179, -0.33167922496795654, -0.07051543146371841, 0.3242352604866028, 0.9433447122573853),
            ["RightLowerArm"] = CFrame.new(2.682209014892578e-07, -5.960464477539063e-08, -0.0000037401914596557617, 1, 0.0000014677641502203187, 0.000019416218492551707, 0.00001897662878036499, -0.298787921667099, -0.9543196558952332, 0.000004429370164871216, 0.9543195962905884, -0.2987878918647766),
            ["LeftHand"] = CFrame.new(-0.0000014230608940124512, -0.0000011920928955078125, 4.209578037261963e-07, 0.3087318539619446, -0.7536773085594177, 0.5802192091941833, 0.8623128533363342, 0.47920796275138855, 0.16363580524921417, -0.40137431025505066, 0.44981130957603455, 0.7978528141975403),
            ["LeftFoot"] = CFrame.new(-2.60770320892334e-08, -1.1920928955078125e-07, 1.955777406692505e-08, 0.9888492822647095, 0.13708151876926422, 0.058187901973724365, -0.10110810399055481, 0.904873251914978, -0.4134993553161621, -0.10933566838502884, 0.40300533175468445, 0.9086432456970215),
            ["LowerTorso"] = CFrame.new(0.005644031800329685, -0.20940721035003662, 0.2237224280834198, 0.9996359348297119, 0.000012300567505008075, 0.02698533982038498, -0.0012491396628320217, 0.9989491105079651, 0.04581735283136368, -0.02695642039179802, -0.04583438113331795, 0.9985852837562561),
            ["RightLowerLeg"] = CFrame.new(-3.725290298461914e-08, -0.0007265210151672363, 0.000046053733967710286, 1, 1.1920931797249068e-07, -3.7252920748187535e-09, -8.346979285533962e-08, 0.5166581273078918, 0.8561916351318359, 1.0803343286625022e-07, -0.8561918139457703, 0.5166585445404053),
            ["LeftUpperLeg"] = CFrame.new(-2.9802322387695312e-08, -3.4695494832703844e-07, 1.6763806343078613e-08, 0.9965882897377014, -0.0335015244781971, 0.07542939484119415, 0.0715639516711235, 0.806039571762085, -0.5875194072723389, -0.041116345673799515, 0.5909128785133362, 0.8056868314743042),
            ["LeftLowerLeg"] = CFrame.new(3.166496753692627e-08, -0.0007266998291015625, 0.00008097663521766663, 1, 7.82310962677002e-08, 4.842877388000488e-08, -5.587935447692871e-08, 0.49949145317077637, 0.866318941116333, 4.0978193283081055e-08, -0.8663188815116882, 0.4994913637638092),
        }},
        {Time = 0.033, Data = {
            ["RightFoot"] = CFrame.new(2.1792948246002197e-07, -1.1920928955078125e-07, 1.6596459317952394e-08, 0.9851266741752625, -0.14389340579509735, -0.09391631186008453, 0.08794102817773819, 0.8917667865753174, -0.44386762380599976, 0.14762111008167267, 0.42900657653808594, 0.8911572694778442),
            ["LeftLowerArm"] = CFrame.new(0.000001043081283569336, -1.1920928955078125e-07, 0.0000048354268074035645, 1, 8.00937343115038e-08, -8.800999040659008e-08, -6.332993507385254e-08, 0.2391671985387802, -0.9709784388542175, -5.925539880990982e-08, 0.9709784984588623, 0.23916716873645782),
            ["RightUpperArm"] = CFrame.new(-0.020197272300720215, -0.009408354759216309, -0.05675293505191803, 0.8990214467048645, -0.23386600613594055, -0.3702258765697479, 0.13948537409305573, 0.9543467164039612, -0.2641330361366272, 0.41509556770324707, 0.18582020699977875, 0.8905990123748779),
            ["Head"] = CFrame.new(2.3283064365386963e-10, -7.152557373046875e-07, -4.300090949982405e-09, 0.9946483969688416, -0.08086781948804855, 0.06430467218160629, 0.09522693604230881, 0.958997905254364, -0.26693636178970337, -0.04008148983120918, 0.27163127064704895, 0.9615664482116699),
            ["RightHand"] = CFrame.new(3.129243850708008e-07, 0.0000010728836059570312, -7.003545761108398e-07, 0.15722446143627167, 0.6059725880622864, -0.7797931432723999, -0.6317458748817444, 0.6686298847198486, 0.3922136127948761, 0.7590636610984802, 0.4309656023979187, 0.4879459738731384),
            ["UpperTorso"] = CFrame.new(1.862645149230957e-09, -3.8743019104003906e-07, 2.7604983188211918e-08, 0.9999318718910217, 0.003024208126589656, 0.011283939704298973, -0.002621849998831749, 0.9993661642074585, -0.03550427779555321, -0.011384150944650173, 0.03547222167253494, 0.9993058443069458),
            ["HumanoidRootPart"] = CFrame.new(0, 0, 0, 1, 0, 0, 0, 1, 0, 0, 0, 1),
            ["RightUpperLeg"] = CFrame.new(0, -1.2898817658424377e-07, 9.480572771281004e-09, 0.9786901473999023, -0.006235728971660137, -0.20524802803993225, -0.10564600676298141, 0.8418126106262207, -0.5293302536010742, 0.17608119547367096, 0.5397339463233948, 0.8232149481773376),
            ["LeftUpperArm"] = CFrame.new(0.04107314348220825, 0.013727545738220215, -0.05797204002737999, 0.9798272848129272, 0.19584210216999054, -0.03980503976345062, -0.19767117500305176, 0.9204369187355042, -0.33722689747810364, -0.029405202716588974, 0.3382923901081085, 0.9405815005302429),
            ["RightLowerArm"] = CFrame.new(2.384185791015625e-07, 4.76837158203125e-07, -0.000003933906555175781, 1, 0.0000013113022987454315, 0.000019446022633928806, 0.000018991529941558838, -0.29316720366477966, -0.9560613036155701, 0.000004377216100692749, 0.9560612440109253, -0.2931671738624573),
            ["LeftHand"] = CFrame.new(-0.0000015050172805786133, -0.0000010728836059570312, 4.023313522338867e-07, 0.34201252460479736, -0.7696165442466736, 0.5391820669174194, 0.8647595047950745, 0.48230594396591187, 0.13990065455436707, -0.3677206337451935, 0.4184153974056244, 0.8304881453514099),
            ["LeftFoot"] = CFrame.new(-1.862645149230957e-09, -1.1920928955078125e-07, 9.313225746154785e-09, 0.9887365102767944, 0.13828431069850922, 0.0572509691119194, -0.10342216491699219, 0.9077720046043396, -0.40651434659957886, -0.10818535089492798, 0.396014541387558, 0.9118490219116211),
            ["LowerTorso"] = CFrame.new(0.007526092231273651, -0.19814026355743408, 0.22308628261089325, 0.999599277973175, -0.00837083999067545, 0.02704473026096821, 0.0068978057242929935, 0.9985113143920898, 0.05410806089639664, -0.027457403019070625, -0.053899820894002914, 0.9981687664985657),
            ["RightLowerLeg"] = CFrame.new(3.3527612686157227e-08, -0.0007262825965881348, 0.00004607608570950106, 1, 1.415611023958263e-07, -1.4901166522918174e-08, -6.100162863731384e-08, 0.5416325926780701, 0.8406153917312622, 1.0803341865539551e-07, -0.840615451335907, 0.5416325926780701),
            ["LeftUpperLeg"] = CFrame.new(-2.9802322387695312e-08, -2.477318048477173e-07, 3.259629011154175e-08, 0.9971591830253601, -0.02582668885588646, 0.0707581415772438, 0.0626433715224266, 0.805979311466217, -0.5886197686195374, -0.04182751104235649, 0.5913801193237305, 0.8053074479103088),
            ["LeftLowerLeg"] = CFrame.new(1.862645149230957e-09, -0.0007264614105224609, 0.00008093938231468201, 1, 8.195639367158947e-08, 4.284083843231201e-08, -7.823111758398227e-08, 0.5115578174591064, 0.8592489957809448, 5.215407838932151e-08, -0.8592489957809448, 0.5115576982498169),
        }},
        {Time = 0.067, Data = {
            ["RightFoot"] = CFrame.new(1.9744038581848145e-07, 1.1920928955078125e-07, 5.012407200410962e-08, 0.9843167066574097, -0.14983464777469635, -0.09311442822217941, 0.09656030684709549, 0.8993479609489441, -0.4264380633831024, 0.14763739705085754, 0.4107588231563568, 0.8997112512588501),
            ["LeftLowerArm"] = CFrame.new(0.000001341104507446289, -2.384185791015625e-07, 0.000004678964614868164, 1, 8.149072527885437e-08, -4.3655749237814234e-08, -7.683411240577698e-08, 0.24120721220970154, -0.9704737067222595, -5.4016709327697754e-08, 0.9704737067222595, 0.24120725691318512),
            ["RightUpperArm"] = CFrame.new(-0.017306506633758545, -0.013461589813232422, -0.05506635457277298, 0.9191256165504456, -0.23170125484466553, -0.31862637400627136, 0.14917729794979095, 0.9532331824302673, -0.26285502314567566, 0.3646289110183716, 0.19406497478485107, 0.9107055068016052),
            ["Head"] = CFrame.new(2.9103830456733704e-10, -7.152557373046875e-07, -2.6547240850050002e-08, 0.9931882619857788, -0.07573743164539337, 0.08854997903108597, 0.09823913127183914, 0.9529373645782471, -0.28680935502052307, -0.0626603439450264, 0.2935546636581421, 0.9538863897323608),
            ["RightHand"] = CFrame.new(2.2351741790771484e-07, 0.0000011920928955078125, -4.023313522338867e-07, 0.16933481395244598, 0.6060265898704529, -0.7772109508514404, -0.6397854089736938, 0.6674437522888184, 0.3810429573059082, 0.7496667504310608, 0.43272459506988525, 0.500748872756958),
            ["UpperTorso"] = CFrame.new(2.3283064365386963e-10, 4.76837158203125e-07, 2.2730091586709023e-08, 0.9998868703842163, 0.013781188987195492, -0.006032578181475401, -0.014045878313481808, 0.9988295435905457, -0.04628562182188034, 0.005387651268392801, 0.04636509343981743, 0.9989100098609924),
            ["HumanoidRootPart"] = CFrame.new(0, 0, 0, 1, 0, 0, 0, 1, 0, 0, 0, 1),
            ["RightUpperLeg"] = CFrame.new(0, 1.1827796697616577e-07, 1.0986695997416973e-09, 0.9772828817367554, 0.004333045799285173, -0.21189484000205994, -0.11638469994068146, 0.8465265035629272, -0.5194687247276306, 0.17712374031543732, 0.5323290824890137, 0.8278000950813293),
            ["LeftUpperArm"] = CFrame.new(0.0441819429397583, 0.01712501049041748, -0.05666530132293701, 0.9760812520980835, 0.20204979181289673, -0.08025851845741272, -0.2173519730567932, 0.9151614904403687, -0.3394666910171509, 0.004860321059823036, 0.3487914502620697, 0.9371877908706665),
            ["RightLowerArm"] = CFrame.new(2.980232238769531e-07, 0.0000010132789611816406, -0.0000037923455238342285, 1, 0.0000010281801223754883, 0.000019520522982929833, 0.00001898407754197251, -0.2773514688014984, -0.9607685208320618, 0.0000044479961616161745, 0.9607685208320618, -0.2773514688014984),
            ["LeftHand"] = CFrame.new(-0.0000012991949915885925, -0.0000011920928955078125, 8.195638656616211e-08, 0.37074801325798035, -0.7850992679595947, 0.4961496591567993, 0.8699589967727661, 0.48060277104377747, 0.11042071133852005, -0.3251422345638275, 0.390691876411438, 0.8611869215965271),
            ["LeftFoot"] = CFrame.new(4.0978193283081055e-08, -1.1920928955078125e-07, 2.7939677238464355e-09, 0.9886113405227661, 0.1397465616464615, 0.055843912065029144, -0.10627881437540054, 0.9110445380210876, -0.3983750641345978, -0.10654769092798233, 0.387903094291687, 0.9155211448669434),
            ["LowerTorso"] = CFrame.new(0.009423168376088142, -0.1857689619064331, 0.22244387865066528, 0.9994930028915405, -0.016921091824769974, 0.02697087451815605, 0.015210217796266079, 0.9979338645935059, 0.06242376193404198, -0.027971427887678146, -0.06198187917470932, 0.9976852536201477),
            ["RightLowerLeg"] = CFrame.new(-1.0058283805847168e-07, -0.0007264614105224609, 0.00004608353629009798, 1, 1.49011640360186e-07, -2.2351748896198842e-08, -7.031485438346863e-08, 0.5686672329902649, 0.8225677013397217, 9.685754776000977e-08, -0.8225676417350769, 0.5686671733856201),
            ["LeftUpperLeg"] = CFrame.new(0, -6.984919309616089e-08, -1.3969838619232178e-08, 0.9976246356964111, -0.017820576205849648, 0.0665406882762909, 0.053668830543756485, 0.8066319823265076, -0.58861243724823, -0.043184470385313034, 0.5907852649688721, 0.805672287940979),
            ["LeftLowerLeg"] = CFrame.new(8.568167686462402e-08, -0.0007264614105224609, 0.00008096173405647278, 1, 7.823110337312755e-08, 2.9802322387695312e-08, -8.661300654466686e-08, 0.525617778301239, 0.8507209420204163, 4.842878098543224e-08, -0.8507208824157715, 0.5256177186965942),
        }},
        {Time = 0.100, Data = {
            ["RightFoot"] = CFrame.new(1.6577541828155518e-07, 5.960464477539063e-08, 2.7772330213338137e-08, 0.9836718440055847, -0.1546487808227539, -0.09205269068479538, 0.10414950549602509, 0.9062878489494324, -0.4096285104751587, 0.14677463471889496, 0.3933523893356323, 0.9075961709022522),
            ["LeftLowerArm"] = CFrame.new(0.0000019371509552001953, -8.940696716308594e-07, 0.000005185604095458984, 1, 8.00937343115038e-08, -5.5413714505903044e-08, -5.308539385850963e-08, 0.24527586996555328, -0.9694534540176392, -6.705523247774181e-08, 0.9694533348083496, 0.24527578055858612),
            ["RightUpperArm"] = CFrame.new(-0.014360249042510986, -0.01748824119567871, -0.05336841568350792, 0.935206949710846, -0.23188945651054382, -0.2676102817058563, 0.1613236516714096, 0.951774537563324, -0.2609594762325287, 0.31521832942962646, 0.2008793205022812, 0.9275155067443848),
            ["Head"] = CFrame.new(1.7462298274040222e-10, -8.344650268554688e-07, -5.459696694742888e-09, 0.9912015199661255, -0.06967828422784805, 0.11253651231527328, 0.10118625313043594, 0.9469984769821167, -0.30488574504852295, -0.08532798290252686, 0.31359031796455383, 0.9457167983055115),
            ["RightHand"] = CFrame.new(2.2351741790771484e-07, 0.0000010132789611816406, -8.344650268554688e-07, 0.17910051345825195, 0.6073524951934814, -0.7739803194999695, -0.6510044932365417, 0.6630023717880249, 0.3696227967739105, 0.7376422882080078, 0.43766534328460693, 0.5141337513923645),
            ["UpperTorso"] = CFrame.new(-4.307366907596588e-09, -1.1920928955078125e-07, -2.2628228180110455e-08, 0.9994152188301086, 0.024640236049890518, -0.023708852007985115, -0.025919534265995026, 0.9981357455253601, -0.05525609105825424, 0.022303136065602303, 0.055838219821453094, 0.998190701007843),
            ["HumanoidRootPart"] = CFrame.new(0, 0, 0, 1, 0, 0, 0, 1, 0, 0, 0, 1),
            ["RightUpperLeg"] = CFrame.new(0, 4.470348358154297e-08, -1.939042704179883e-08, 0.975800096988678, 0.015179135836660862, -0.2181372046470642, -0.1268797367811203, 0.8517798185348511, -0.5083036422729492, 0.17808933556079865, 0.5236799716949463, 0.8330927491188049),
            ["LeftUpperArm"] = CFrame.new(0.04740852117538452, 0.020612001419067383, -0.05533907562494278, 0.9716210961341858, 0.20373934507369995, -0.12017850577831268, -0.23308506608009338, 0.9111976027488708, -0.33969148993492126, 0.040297821164131165, 0.358063280582428, 0.932827353477478),
            ["RightLowerArm"] = CFrame.new(6.556510925292969e-07, 4.76837158203125e-07, -0.0000036656856536865234, 1, 6.034968578205735e-07, 0.000019490724298520945, 0.000018972901671077125, -0.257065087556839, -0.9663941264152527, 0.000004377215645945398, 0.9663941264152527, -0.25706517696380615),
            ["LeftHand"] = CFrame.new(-0.0000015050172805786133, -0.0000011920928955078125, 1.7881393432617188e-07, 0.3988361954689026, -0.8014835119247437, 0.44559335708618164, 0.8741160035133362, 0.4791697859764099, 0.07948405295610428, -0.27722007036209106, 0.3577994704246521, 0.891700029373169),
            ["LeftFoot"] = CFrame.new(-2.2351741790771484e-08, -1.1920928955078125e-07, 3.818422555923462e-08, 0.9885631203651428, 0.14065741002559662, 0.05439357832074165, -0.10852217674255371, 0.9139413833618164, -0.3910682797431946, -0.10471910983324051, 0.3806925415992737, 0.9187529683113098),
            ["LowerTorso"] = CFrame.new(0.011342494748532772, -0.17429792881011963, 0.22188912332057953, 0.9993144273757935, -0.025561615824699402, 0.026783257722854614, 0.023644840344786644, 0.9972953796386719, 0.06959035247564316, -0.02848966419696808, -0.06890933960676193, 0.9972160458564758),
            ["RightLowerLeg"] = CFrame.new(-4.284083843231201e-08, -0.0007265806198120117, 0.00004610588803188875, 1, 1.2665991278026922e-07, -7.450580596923828e-09, -6.984920020158825e-08, 0.5954574942588806, 0.803386926651001, 1.1175872316471214e-07, -0.803386926651001, 0.5954573154449463),
            ["LeftUpperLeg"] = CFrame.new(0, -3.725290298461914e-09, -4.0978193283081055e-08, 0.9980058670043945, -0.009591835550963879, 0.062388330698013306, 0.04454488679766655, 0.8073042631149292, -0.5884518027305603, -0.04472202807664871, 0.590057373046875, 0.8061217665672302),
            ["LeftLowerLeg"] = CFrame.new(-6.332993507385254e-08, -0.0007266402244567871, 0.00008087977766990662, 1, 7.823111758398227e-08, 4.0978189730367376e-08, -8.10250853078287e-08, 0.5381292104721069, 0.8428624868392944, 4.097820394122209e-08, -0.8428623676300049, 0.5381289720535278),
        }},
        {Time = 0.133, Data = {
            ["RightFoot"] = CFrame.new(2.086162567138672e-07, -1.1920928955078125e-07, -3.183231456205249e-08, 0.983413815498352, -0.15689390897750854, -0.09100396186113358, 0.10880352556705475, 0.9117365479469299, -0.39610397815704346, 0.14511796832084656, 0.37963247299194336, 0.9136847853660583),
            ["LeftLowerArm"] = CFrame.new(0.0000014007091522216797, -5.364418029785156e-07, 0.000004723668098449707, 1, 7.636845111846924e-08, -7.357449050005016e-08, -1.1920931797249068e-07, 0.24781645834445953, -0.9688071012496948, -3.72529100900465e-08, 0.96880704164505, 0.24781638383865356),
            ["RightUpperArm"] = CFrame.new(-0.011356651782989502, -0.02144312858581543, -0.05172445625066757, 0.9478147029876709, -0.23461559414863586, -0.2158769965171814, 0.1757262498140335, 0.9494061470031738, -0.26028528809547424, 0.2660219073295593, 0.20876683294773102, 0.9410892128944397),
            ["Head"] = CFrame.new(0, -8.344650268554688e-07, -7.152266334742308e-09, 0.9886897802352905, -0.063386470079422, 0.13592161238193512, 0.10414484888315201, 0.9423197507858276, -0.3181000053882599, -0.10791833698749542, 0.32865750789642334, 0.9382631778717041),
            ["RightHand"] = CFrame.new(2.8312206268310547e-07, 0.0000010728836059570312, -8.940696716308594e-07, 0.18911917507648468, 0.6079971790313721, -0.7710855603218079, -0.6610873937606812, 0.6594739556312561, 0.3578512668609619, 0.7260835766792297, 0.4420787990093231, 0.5266589522361755),
            ["UpperTorso"] = CFrame.new(8.149072527885437e-09, -1.4901161193847656e-07, -1.696753315627575e-08, 0.9984999895095825, 0.035594891756772995, -0.041604530066251755, -0.0380881242454052, 0.9974257349967957, -0.06075645983219147, 0.03933477774262428, 0.06224997714161873, 0.9972851872444153),
            ["HumanoidRootPart"] = CFrame.new(0, 0, 0, 1, 0, 0, 0, 1, 0, 0, 0, 1),
            ["RightUpperLeg"] = CFrame.new(0, -1.0989606380462646e-07, 2.9613147489726543e-09, 0.9743402004241943, 0.025927720591425896, -0.22358211874961853, -0.1367397904396057, 0.8572064638137817, -0.49648725986480713, 0.17878322303295135, 0.5143200159072876, 0.8387559652328491),
            ["LeftUpperArm"] = CFrame.new(0.05075967311859131, 0.024280667304992676, -0.05404511094093323, 0.9657970070838928, 0.20467980206012726, -0.15919306874275208, -0.24828435480594635, 0.9070131182670593, -0.3401208817958832, 0.074774369597435, 0.3680126368999481, 0.9268093109130859),
            ["RightLowerArm"] = CFrame.new(5.662441253662109e-07, 8.344650268554688e-07, -0.000003814697265625, 1, 2.2351733264258655e-07, 0.000019542878362699412, 0.00001895427703857422, -0.23610982298851013, -0.9717264175415039, 0.000004362314939498901, 0.9717263579368591, -0.2361098825931549),
            ["LeftHand"] = CFrame.new(-0.000001601874828338623, -0.0000011920928955078125, 0, 0.42271125316619873, -0.8164059519767761, 0.39344140887260437, 0.8767827153205872, 0.4782429039478302, 0.050361376255750656, -0.22927582263946533, 0.3236745595932007, 0.917969286441803),
            ["LeftFoot"] = CFrame.new(1.862645149230957e-09, -1.1920928955078125e-07, 3.3527612686157227e-08, 0.9886839389801025, 0.14023716747760773, 0.05326985567808151, -0.10903908312320709, 0.9156777858734131, -0.3868396282196045, -0.10302728414535522, 0.37665343284606934, 0.9206070899963379),
            ["LowerTorso"] = CFrame.new(0.01326654851436615, -0.165932297706604, 0.22151817381381989, 0.9990620613098145, -0.03421253338456154, 0.026543818414211273, 0.032154250890016556, 0.9967073798179626, 0.07443515956401825, -0.02900303341448307, -0.07351184636354446, 0.9968725442886353),
            ["RightLowerLeg"] = CFrame.new(1.1175870895385742e-08, -0.0007264614105224609, 0.00004608353629009798, 1, 1.415610881849716e-07, -1.862645504502325e-08, -7.729977369308472e-08, 0.6189642548561096, 0.785419225692749, 1.0803341865539551e-07, -0.785419225692749, 0.6189642548561096),
            ["LeftUpperLeg"] = CFrame.new(0, -5.774199962615967e-08, 0, 0.9983289837837219, -0.001185460016131401, 0.05777555704116821, 0.035042013972997665, 0.8074168562889099, -0.5889398455619812, -0.045950811356306076, 0.5899801850318909, 0.8061091303825378),
            ["LeftLowerLeg"] = CFrame.new(2.7939677238464355e-08, -0.0007266402244567871, 0.00008102878928184509, 1, 8.195641498787154e-08, 3.725290298461914e-08, -7.17118453508192e-08, 0.5456418991088867, 0.8380186557769775, 5.960465188081798e-08, -0.8380184769630432, 0.5456416606903076),
        }},
        {Time = 0.167, Data = {
            ["RightFoot"] = CFrame.new(1.5087425708770752e-07, 1.1920928955078125e-07, -2.029992174357176e-09, 0.9834105968475342, -0.15724864602088928, -0.09042418003082275, 0.11059470474720001, 0.9148972630500793, -0.3882422149181366, 0.14377953112125397, 0.3718007802963257, 0.9171104431152344),
            ["LeftLowerArm"] = CFrame.new(0.0000013113021850585938, -5.364418029785156e-07, 0.000004798173904418945, 1, 8.381900329368364e-08, -8.568168397005138e-08, -1.1920928955078125e-07, 0.24715302884578705, -0.9689764380455017, -4.470348358154297e-08, 0.9689764380455017, 0.24715307354927063),
            ["RightUpperArm"] = CFrame.new(-0.008349418640136719, -0.025350332260131836, -0.05012846738100052, 0.95684415102005, -0.24010010063648224, -0.1637103259563446, 0.1922491043806076, 0.945455014705658, -0.2629738450050354, 0.21792078018188477, 0.22015166282653809, 0.9508121609687805),
            ["Head"] = CFrame.new(-3.259629011154175e-09, -4.76837158203125e-07, 2.8507201932370663e-08, 0.9856407046318054, -0.05781042203307152, 0.158651664853096, 0.107080839574337, 0.9404741525650024, -0.3225559592247009, -0.13056066632270813, 0.3349124789237976, 0.9331599473953247),
            ["RightHand"] = CFrame.new(2.384185791015625e-07, 8.940696716308594e-07, -5.21540641784668e-07, 0.20050814747810364, 0.6066556572914124, -0.7692625522613525, -0.6668053865432739, 0.6597745418548584, 0.34650859236717224, 0.7177514433860779, 0.44347083568573, 0.536811888217926),
            ["UpperTorso"] = CFrame.new(3.3760443329811096e-09, 0, 2.8390786610543728e-08, 0.9971398711204529, 0.04653690755367279, -0.05955184996128082, -0.05028923600912094, 0.9967365860939026, -0.06314485520124435, 0.05641894415020943, 0.06595904380083084, 0.9962260723114014),
            ["HumanoidRootPart"] = CFrame.new(0, 0, 0, 1, 0, 0, 0, 1, 0, 0, 0, 1),
            ["RightUpperLeg"] = CFrame.new(-2.9802322387695312e-08, -9.12696123123169e-08, -1.6952981241047382e-09, 0.9729726314544678, 0.036060821264982224, -0.22808751463890076, -0.1461583971977234, 0.8608731031417847, -0.4873758554458618, 0.17877919971942902, 0.5075402855873108, 0.8428766131401062),
            ["LeftUpperArm"] = CFrame.new(0.05418199300765991, 0.02807474136352539, -0.052772827446460724, 0.9580341577529907, 0.20824649930000305, -0.196987122297287, -0.2661719024181366, 0.9013528823852539, -0.34163689613342285, 0.10641021281480789, 0.37973201274871826, 0.9189561009407043),
            ["RightLowerArm"] = CFrame.new(2.086162567138672e-07, 7.748603820800781e-07, -0.000003598630428314209, 1, -1.5646217832454568e-07, 0.000019490720660542138, 0.00001901015821204055, -0.21706247329711914, -0.9761577248573303, 0.000004410744168126257, 0.9761577844619751, -0.21706244349479675),
            ["LeftHand"] = CFrame.new(-0.0000013709068298339844, -0.0000011920928955078125, 1.341104507446289e-07, 0.44075271487236023, -0.8281214237213135, 0.3463403284549713, 0.8778433203697205, 0.47822436690330505, 0.02632027678191662, -0.18742485344409943, 0.29243209958076477, 0.9377397298812866),
            ["LeftFoot"] = CFrame.new(3.725290298461914e-08, -1.1920928955078125e-07, 4.284083843231201e-08, 0.9888979196548462, 0.13890154659748077, 0.052795592695474625, -0.10788522660732269, 0.9154461622238159, -0.38771045207977295, -0.10218505561351776, 0.3777099847793579, 0.9202681183815002),
            ["LowerTorso"] = CFrame.new(0.015203006565570831, -0.16268384456634521, 0.22132930159568787, 0.9987359642982483, -0.04282823204994202, 0.026309527456760406, 0.04068807139992714, 0.9961926937103271, 0.07710236310958862, -0.02951151318848133, -0.07593441009521484, 0.9966760277748108),
            ["RightLowerLeg"] = CFrame.new(1.30385160446167e-08, -0.0007265210151672363, 0.000046068635128904134, 1, 1.192093321833454e-07, -7.450582373280668e-09, -8.102504267526456e-08, 0.6342431902885437, 0.7731337547302246, 9.313223614526578e-08, -0.7731336355209351, 0.6342430114746094),
            ["LeftUpperLeg"] = CFrame.new(0, -2.2351741790771484e-08, 3.725290298461914e-09, 0.9985978603363037, 0.007199597544968128, 0.05244608223438263, 0.025323042646050453, 0.8050427436828613, -0.5926761031150818, -0.04648836702108383, 0.5931732058525085, 0.8037316799163818),
            ["LeftLowerLeg"] = CFrame.new(3.5390257835388184e-08, -0.0007265806198120117, 0.0000810772180557251, 1, 6.332994928470725e-08, 3.3527616238870905e-08, -7.450581307466564e-08, 0.5437729358673096, 0.8392326235771179, 4.842878098543224e-08, -0.8392323851585388, 0.5437726974487305),
        }},
        {Time = 0.200, Data = {
            ["RightFoot"] = CFrame.new(2.0675361156463623e-07, 0, 3.149762051180005e-08, 0.9833155274391174, -0.1577863097190857, -0.09052133560180664, 0.11172274500131607, 0.916549026966095, -0.3839993178844452, 0.14355741441249847, 0.36747974157333374, 0.9188854098320007),
            ["LeftLowerArm"] = CFrame.new(0.0000013709068298339844, -7.748603820800781e-07, 0.00000476837158203125, 1, 6.332992796842518e-08, -7.636847954017867e-08, -8.195639367158947e-08, 0.24649006128311157, -0.9691454172134399, -7.450581307466564e-08, 0.9691453576087952, 0.24649007618427277),
            ["RightUpperArm"] = CFrame.new(-0.005381345748901367, -0.02921879291534424, -0.04857376217842102, 0.9627492427825928, -0.24668803811073303, -0.11072029918432236, 0.21008585393428802, 0.9402161836624146, -0.2680624723434448, 0.17022894322872162, 0.23481635749340057, 0.9570180773735046),
            ["Head"] = CFrame.new(1.862645149230957e-09, -5.960464477539062e-07, 2.4156179279088974e-09, 0.9819515943527222, -0.05388462170958519, 0.1812940537929535, 0.11008419096469879, 0.942288875579834, -0.3161853849887848, -0.15379385650157928, 0.3304365277290344, 0.9312138557434082),
            ["RightHand"] = CFrame.new(2.5331974029541016e-07, 9.5367431640625e-07, -7.003545761108398e-07, 0.21500004827976227, 0.6022870540618896, -0.768781304359436, -0.6695383191108704, 0.6639812588691711, 0.33293798565864563, 0.7109806537628174, 0.4431470036506653, 0.5460106730461121),
            ["UpperTorso"] = CFrame.new(2.3283064365386963e-10, 5.364418029785156e-07, 2.7175701688975096e-08, 0.9953358173370361, 0.05746821314096451, -0.0774860605597496, -0.06247812509536743, 0.996001124382019, -0.06386134028434753, 0.07350616157054901, 0.06840461492538452, 0.9949461221694946),
            ["HumanoidRootPart"] = CFrame.new(0, 0, 0, 1, 0, 0, 0, 1, 0, 0, 0, 1),
            ["RightUpperLeg"] = CFrame.new(1.1920928955078125e-07, 1.73225998878479e-07, 5.75528247281909e-09, 0.971746563911438, 0.04583947733044624, -0.2315330058336258, -0.1555088460445404, 0.8622857928276062, -0.4819552004337311, 0.1775548905134201, 0.5043432116508484, 0.8450513482093811),
            ["LeftUpperArm"] = CFrame.new(0.05763053894042969, 0.031917452812194824, -0.05151119828224182, 0.9479963779449463, 0.21732160449028015, -0.23253877460956573, -0.2890474200248718, 0.8937001824378967, -0.3431493043899536, 0.1332462877035141, 0.39251938462257385, 0.9100407958030701),
            ["RightLowerArm"] = CFrame.new(5.960464477539062e-07, 8.940696716308594e-07, -0.000003769993782043457, 1, -5.289911655381729e-07, 0.00001952052116394043, 0.000018976625142386183, -0.19877119362354279, -0.9800459146499634, 0.000004392116352391895, 0.9800459742546082, -0.19877119362354279),
            ["LeftHand"] = CFrame.new(-0.0000016689300537109375, -0.0000011920928955078125, -1.341104507446289e-07, 0.45338451862335205, -0.8356078267097473, 0.3101642429828644, 0.8779842257499695, 0.4786507487297058, 0.00612485408782959, -0.15357837080955505, 0.2695426940917969, 0.9506633281707764),
            ["LeftFoot"] = CFrame.new(2.7939677238464355e-08, 0, -1.30385160446167e-08, 0.9890691637992859, 0.13766638934612274, 0.05282306671142578, -0.10624092817306519, 0.9137539863586426, -0.39213070273399353, -0.10225056111812592, 0.3822324872016907, 0.918391764163971),
            ["LowerTorso"] = CFrame.new(0.01709812693297863, -0.16299712657928467, 0.2212890386581421, 0.9983571171760559, -0.05134737119078636, 0.025427445769309998, 0.04920108988881111, 0.9956719279289246, 0.07884663343429565, -0.029365958645939827, -0.07746604084968567, 0.9965624213218689),
            ["RightLowerLeg"] = CFrame.new(-5.587935447692871e-09, -0.0007265806198120117, 0.00004607608570950106, 1, 1.1920930376163597e-07, -1.8626458597736928e-08, -6.239861960466442e-08, 0.6423327326774597, 0.766425371170044, 9.313227167240257e-08, -0.7664259076118469, 0.6423333883285522),
            ["LeftUpperLeg"] = CFrame.new(-8.940696716308594e-08, 2.849847078323364e-07, 1.30385160446167e-08, 0.9987602233886719, 0.015739936381578445, 0.04722742736339569, 0.015717893838882446, 0.8004621267318726, -0.5991774797439575, -0.04723469913005829, 0.5991767644882202, 0.7992220520973206),
            ["LeftLowerLeg"] = CFrame.new(-4.0978193283081055e-08, -0.0007265806198120117, 0.00008080899715423584, 1, 8.940694584680386e-08, 2.7939677238464355e-08, -6.426125764846802e-08, 0.5349257588386536, 0.8448991179466248, 2.2351741790771484e-08, -0.8448991179466248, 0.5349258184432983),
        }},
        {Time = 0.233, Data = {
            ["RightFoot"] = CFrame.new(1.471489667892456e-07, -5.960464477539063e-08, 1.6596459317952394e-08, 0.983197033405304, -0.15837980806827545, -0.09077118337154388, 0.11275483667850494, 0.9179465174674988, -0.3803428113460541, 0.14356166124343872, 0.3637167513370514, 0.9203804135322571),
            ["LeftLowerArm"] = CFrame.new(0.000001430511474609375, -5.960464477539062e-07, 0.000004798173904418945, 1, 6.70552182668871e-08, -2.980232949312267e-08, -8.940698137394065e-08, 0.24580708146095276, -0.9693188667297363, -7.450581307466564e-08, 0.9693187475204468, 0.24580708146095276),
            ["RightUpperArm"] = CFrame.new(-0.002492666244506836, -0.0330425500869751, -0.047113776206970215, 0.9658040404319763, -0.25294429063796997, -0.05693646892905235, 0.22832784056663513, 0.9338112473487854, -0.2754323482513428, 0.12283692508935928, 0.2530134916305542, 0.9596328735351562),
            ["Head"] = CFrame.new(2.7939677238464355e-09, -0.0000011920928955078125, 5.413312464952469e-09, 0.9774477481842041, -0.051763731986284256, 0.20473529398441315, 0.11325062811374664, 0.946778416633606, -0.3013056814670563, -0.17824214696884155, 0.31769683957099915, 0.9312885403633118),
            ["RightHand"] = CFrame.new(9.685754776000977e-08, 0.0000010728836059570312, -0.0000010728836059570312, 0.23457147181034088, 0.5938789248466492, -0.7695995569229126, -0.6705794930458069, 0.6720187067985535, 0.31418782472610474, 0.7037751078605652, 0.4423786401748657, 0.5558799505233765),
            ["UpperTorso"] = CFrame.new(1.7229467630386353e-08, 5.960464477539063e-08, 3.528111847117543e-08, 0.9931021332740784, 0.06837839633226395, -0.09525053203105927, -0.07459362596273422, 0.9952033162117004, -0.06329353153705597, 0.09046574681997299, 0.06996196508407593, 0.9934391379356384),
            ["HumanoidRootPart"] = CFrame.new(0, 0, 0, 1, 0, 0, 0, 1, 0, 0, 0, 1),
            ["RightUpperLeg"] = CFrame.new(-5.960464477539063e-08, -2.849847078323364e-07, 1.879379851743579e-08, 0.9706970453262329, 0.055817440152168274, -0.23373399674892426, -0.16465236246585846, 0.8629423975944519, -0.477723628282547, 0.17503376305103302, 0.5022099018096924, 0.8468462824821472),
            ["LeftUpperArm"] = CFrame.new(0.061058998107910156, 0.03573179244995117, -0.050311919301748276, 0.9352490305900574, 0.23478324711322784, -0.26492661237716675, -0.31895771622657776, 0.8835297226905823, -0.342989057302475, 0.1535423994064331, 0.4052805006504059, 0.9012061357498169),
            ["RightLowerArm"] = CFrame.new(5.364418029785156e-07, 2.384185791015625e-07, -0.000003851950168609619, 1, -8.866187499734224e-07, 0.000019431116015766747, 0.000018950549929286353, -0.1796490103006363, -0.9837307929992676, 0.000004384666226542322, 0.9837307333946228, -0.1796489804983139),
            ["LeftHand"] = CFrame.new(-0.0000013262033462524414, -0.0000013113021850585938, -1.9371509552001953e-07, 0.4613296389579773, -0.8381209969520569, 0.2910802364349365, 0.8776651620864868, 0.4791392385959625, -0.01139381155371666, -0.12991860508918762, 0.26072755455970764, 0.9566308259963989),
            ["LeftFoot"] = CFrame.new(-2.7939677238464355e-09, -5.960464477539063e-08, -5.587935447692871e-09, 0.9892215728759766, 0.13653913140296936, 0.05289522558450699, -0.10457278788089752, 0.9116206169128418, -0.39750829339027405, -0.10249581933021545, 0.38769200444221497, 0.9160728454589844),
            ["LowerTorso"] = CFrame.new(0.018897123634815216, -0.16421103477478027, 0.22145242989063263, 0.9979451298713684, -0.05967772752046585, 0.023325081914663315, 0.05763726308941841, 0.9951211810112, 0.080074243247509, -0.027989927679300308, -0.07856529951095581, 0.9965160489082336),
            ["RightLowerLeg"] = CFrame.new(-1.4901161193847656e-07, -0.0007266998291015625, 0.00004618039383785799, 1, 1.3411050758804777e-07, -3.7252917195473856e-08, -5.960464477539063e-08, 0.6485071182250977, 0.7612088322639465, 1.1548399925231934e-07, -0.7612085938453674, 0.6485069990158081),
            ["LeftUpperLeg"] = CFrame.new(2.9802322387695312e-08, -3.725290298461914e-07, 1.5832483768463135e-08, 0.9987693428993225, 0.024734940379858017, 0.04299021139740944, 0.006372463423758745, 0.7955908179283142, -0.6058006882667542, -0.0491870753467083, 0.6053292155265808, 0.7944542169570923),
            ["LeftLowerLeg"] = CFrame.new(-2.0489096641540527e-08, -0.0007268190383911133, 0.00008095800876617432, 1, 6.332994928470725e-08, 3.725290298461914e-08, -6.426125764846802e-08, 0.5245218276977539, 0.8513972163200378, 4.842877388000488e-08, -0.8513970375061035, 0.52452152967453),
        }},
        {Time = 0.267, Data = {
            ["RightFoot"] = CFrame.new(1.5832483768463135e-07, 0, -5.75528247281909e-09, 0.9830589890480042, -0.15902626514434814, -0.09113556146621704, 0.11370158195495605, 0.9190900921821594, -0.3772871494293213, 0.14376011490821838, 0.3605329990386963, 0.9216012954711914),
            ["LeftLowerArm"] = CFrame.new(0.0000010728836059570312, -2.384185791015625e-07, 0.000004798173904418945, 1, 1.1548399925231934e-07, -7.82310962677002e-08, -7.450581307466564e-08, 0.2462053745985031, -0.9692177176475525, 7.450581485102248e-09, 0.9692177176475525, 0.24620530009269714),
            ["RightUpperArm"] = CFrame.new(0.0002868175506591797, -0.0368192195892334, -0.04574069753289223, 0.9659829139709473, -0.2585933208465576, -0.00256265327334404, 0.24720118939876556, 0.9262471199035645, -0.28453099727630615, 0.07595133036375046, 0.27421849966049194, 0.9586634635925293),
            ["Head"] = CFrame.new(-1.862645149230957e-09, -7.152557373046875e-07, -3.841705620288849e-09, 0.9720520973205566, -0.0514325276017189, 0.22906243801116943, 0.11654779314994812, 0.9527024030685425, -0.2806686460971832, -0.2037927806377411, 0.29952099919319153, 0.9320705533027649),
            ["RightHand"] = CFrame.new(2.8312206268310547e-07, 9.5367431640625e-07, -5.811452865600586e-07, 0.2610459327697754, 0.5812336802482605, -0.7707281708717346, -0.6673088073730469, 0.6855782866477966, 0.2910013496875763, 0.6975342035293579, 0.4383489489555359, 0.5668301582336426),
            ["UpperTorso"] = CFrame.new(4.0046870708465576e-08, 1.1920928955078125e-07, 9.284121915698051e-09, 0.9904624223709106, 0.07917241752147675, -0.11276573687791824, -0.08652359992265701, 0.9943278431892395, -0.061853449791669846, 0.1072290688753128, 0.07102040946483612, 0.9916945695877075),
            ["HumanoidRootPart"] = CFrame.new(0, 0, 0, 1, 0, 0, 0, 1, 0, 0, 0, 1),
            ["RightUpperLeg"] = CFrame.new(0, -8.381903171539307e-08, -1.1008523870259523e-08, 0.9697970747947693, 0.06588191539049149, -0.23484736680984497, -0.17360469698905945, 0.8627662062644958, -0.4748641550540924, 0.17133350670337677, 0.5012924671173096, 0.8481454849243164),
            ["LeftUpperArm"] = CFrame.new(0.06443500518798828, 0.03951311111450195, -0.04916949197649956, 0.9196383357048035, 0.25862497091293335, -0.2955988943576813, -0.35422107577323914, 0.8712707757949829, -0.3397274315357208, 0.1696844846010208, 0.41713353991508484, 0.8928642868995667),
            ["RightLowerArm"] = CFrame.new(2.980232238769531e-07, 1.1920928955078125e-07, -0.000003844499588012695, 1, -0.0000013113022987454315, 0.00001941994014487136, 0.000018972907128045335, -0.15980195999145508, -0.9871491193771362, 0.000004403294042276684, 0.987149178981781, -0.1598019003868103),
            ["LeftHand"] = CFrame.new(-0.000001519918441772461, -0.0000011920928955078125, 7.450580596923828e-08, 0.46787333488464355, -0.8368595242500305, 0.2841833531856537, 0.8763952255249023, 0.480840802192688, -0.026905056089162827, -0.1141311451792717, 0.26164528727531433, 0.9583925008773804),
            ["LeftFoot"] = CFrame.new(-4.6566128730773926e-09, -1.1920928955078125e-07, 2.60770320892334e-08, 0.9893627762794495, 0.13545483350753784, 0.05304041504859924, -0.10281643271446228, 0.9090712070465088, -0.4037555158138275, -0.10290801525115967, 0.39400699734687805, 0.9133281111717224),
