return {
    ["Breakdown"] = {
        {Time = 0.000, Data = {
            ["LeftFoot"] = CFrame.new(4.0978193283081055e-08, -1.1920928955078125e-07, 5.960464477539063e-08, 0.971964955329895, 0.23296162486076355, 0.031829606741666794, -0.174119770526886, 0.8041244149208069, -0.5683892369270325, -0.1580079048871994, 0.5469121336936951, 0.8221439719200134),
            ["LeftLowerArm"] = CFrame.new(0.0000010728836059570312, -2.384185791015625e-07, 0.000004947185516357422, 1, 7.450580596923828e-09, -5.215407838932151e-08, -2.9802322387695312e-08, -0.3478773534297943, -0.9375401139259338, -1.4901161193847656e-08, 0.9375401139259338, -0.3478773832321167),
            ["LowerTorso"] = CFrame.new(-0.11333782970905304, -0.16868317127227783, 0.14764957129955292, 0.8587170839309692, -0.12161526829004288, 0.4978099465370178, 0.22703665494918823, 0.961177408695221, -0.15681976079940796, -0.4594119191169739, 0.24768491089344025, 0.8529906272888184),
            ["Head"] = CFrame.new(-4.470348358154297e-08, -7.152557373046875e-07, 1.1920928955078125e-07, 0.74045330286026, 0.20353753864765167, -0.6405477523803711, -0.3367401659488678, 0.9371433258056641, -0.0914788767695427, 0.5816656351089478, 0.28343403339385986, 0.7624502182006836),
            ["RightUpperArm"] = CFrame.new(-0.024605751037597656, 0.023254752159118652, 0.02916741371154785, 0.8739671111106873, -0.4497354030609131, -0.1841728687286377, 0.4727453887462616, 0.8745993375778198, 0.10764708369970322, 0.11266481131315231, -0.18114687502384186, 0.9769813418388367),
            ["UpperTorso"] = CFrame.new(-1.4901161193847656e-08, 8.940696716308594e-08, 6.705522537231445e-08, 0.9778791666030884, -0.056819744408130646, 0.20130516588687897, -0.004723481833934784, 0.9561539888381958, 0.2928263247013092, -0.20911718904972076, -0.28729963302612305, 0.9347347021102905),
            ["HumanoidRootPart"] = CFrame.new(0, 0, 0, 1, 0, 0, 0, 1, 0, 0, 0, 1),
            ["RightHand"] = CFrame.new(2.384185791015625e-07, 0.0000013113021850585938, -0.0000011026859283447266, 0.4706122577190399, 0.56910640001297, 0.6742708086967468, -0.7135389447212219, 0.6949939131736755, -0.08857753872871399, -0.5190244913101196, -0.4394330382347107, 0.7331527471542358),
            ["LeftUpperArm"] = CFrame.new(0.03666985034942627, -0.06770455837249756, 0.029178977012634277, 0.4916948676109314, 0.8653886318206787, 0.09663823246955872, -0.8692139387130737, 0.4944121241569519, -0.0048701525665819645, -0.0519937165081501, -0.08160454034805298, 0.9953076839447021),
            ["RightLowerArm"] = CFrame.new(-5.662441253662109e-07, -4.172325134277344e-07, -0.0000039637088775634766, 1, -0.000013349343134905212, 0.000014200810255715623, 0.000018946826457977295, 0.5035852789878845, -0.8639455437660217, 0.000004351139068603516, 0.863945484161377, 0.5035853385925293),
            ["LeftHand"] = CFrame.new(-0.0000016391277313232422, -0.0000013709068298339844, 2.9802322387695312e-08, 0.9638429880142212, 0.17502442002296448, -0.20093011856079102, -0.25087496638298035, 0.8502033948898315, -0.4628346860408783, 0.08982418477535248, 0.4965084493160248, 0.8633720278739929),
            ["RightUpperLeg"] = CFrame.new(0, -3.725290298461914e-08, 2.438173396512866e-08, 0.9800198078155518, 0.05165041610598564, 0.19207683205604553, 0.14640262722969055, 0.46637266874313354, -0.8723892569541931, -0.1346386969089508, 0.8830791711807251, 0.44949257373809814),
            ["LeftUpperLeg"] = CFrame.new(-5.960464477539063e-08, -7.450580596923828e-09, 5.960464477539063e-08, 0.8906944990158081, 0.24950790405273438, 0.38001224398612976, -0.09687398374080658, 0.9208950996398926, -0.3775814175605774, -0.44416072964668274, 0.29949644207954407, 0.8444069027900696),
            ["RightLowerLeg"] = CFrame.new(7.450580596923828e-09, -0.0007263422012329102, 0.000046070497774053365, 1, 7.450581307466564e-08, 1.713634105726669e-07, -8.940696716308594e-08, -0.4472135305404663, 0.8944272398948669, 1.7508864402770996e-07, -0.8944272994995117, -0.44721361994743347),
            ["RightFoot"] = CFrame.new(1.7881393432617188e-07, -1.7881393432617188e-07, 1.6596459317952394e-08, 0.9320716857910156, 0.3592023253440857, -0.04707610607147217, -0.3184168338775635, 0.8742634057998657, 0.3664344847202301, 0.1727810800075531, -0.32655346393585205, 0.9292522668838501),
            ["LeftLowerLeg"] = CFrame.new(-1.0058283805847168e-07, -0.0007266998291015625, 0.00008111819624900818, 1, -1.0430811414607888e-07, 1.0430809993522416e-07, -1.3411042232291948e-07, 0.40175989270210266, 0.9157450199127197, -8.940694584680386e-08, -0.9157450199127197, 0.40175989270210266),
        }},
        {Time = 0.033, Data = {
            ["LeftFoot"] = CFrame.new(-3.725290298461914e-09, -1.1920928955078125e-07, -2.9802322387695312e-08, 0.9728070497512817, 0.23034539818763733, 0.024238862097263336, -0.1805088371038437, 0.819560170173645, -0.5438176989555359, -0.14513100683689117, 0.5246543288230896, 0.8388533592224121),
            ["LeftLowerArm"] = CFrame.new(0.0000016093254089355469, -5.364418029785156e-07, 0.0000045746564865112305, 1, -1.4901161193847656e-08, -4.470347647611561e-08, -7.450580596923828e-08, -0.3448314666748047, -0.9386646151542664, 4.0978193283081055e-08, 0.9386646151542664, -0.3448314368724823),
            ["LowerTorso"] = CFrame.new(-0.1132882833480835, -0.144292950630188, 0.1416655331850052, 0.8306034207344055, -0.12832897901535034, 0.5418761968612671, 0.2561332583427429, 0.9520832300186157, -0.16713279485702515, -0.4944632947444916, 0.2776135504245758, 0.823672890663147),
            ["Head"] = CFrame.new(7.450580596923828e-08, -5.960464477539062e-07, -2.9802322387695312e-08, 0.7254671454429626, 0.2045547068119049, -0.6571566462516785, -0.3253878057003021, 0.9433032870292664, -0.0655873641371727, 0.6064818501472473, 0.26141202449798584, 0.7508952021598816),
            ["RightUpperArm"] = CFrame.new(-0.019254624843597412, 0.009041309356689453, 0.019793689250946045, 0.8920981287956238, -0.4102281332015991, -0.18940386176109314, 0.4391312301158905, 0.8858798742294312, 0.14960187673568726, 0.10641828924417496, -0.2166328728199005, 0.9704357385635376),
            ["UpperTorso"] = CFrame.new(-5.960464477539063e-08, 5.960464477539063e-08, 1.4901161193847656e-08, 0.9822227358818054, -0.03050965629518032, 0.18522341549396515, -0.024746030569076538, 0.957048773765564, 0.28886929154396057, -0.186081200838089, -0.28831735253334045, 0.9392800331115723),
            ["HumanoidRootPart"] = CFrame.new(0, 0, 0, 1, 0, 0, 0, 1, 0, 0, 0, 1),
            ["RightHand"] = CFrame.new(3.5762786865234375e-07, 0.0000010132789611816406, -8.642673492431641e-07, 0.44220393896102905, 0.5544459819793701, 0.7050138711929321, -0.6992843151092529, 0.7053524255752563, -0.11610189080238342, -0.5616557002067566, -0.44166457653045654, 0.6996254920959473),
            ["LeftUpperArm"] = CFrame.new(0.040513813495635986, -0.06504940986633301, 0.020217329263687134, 0.4467371106147766, 0.894275426864624, 0.026407865807414055, -0.8873417377471924, 0.446656197309494, -0.11455583572387695, -0.11423949152231216, 0.02774364873766899, 0.9930657744407654),
            ["RightLowerArm"] = CFrame.new(2.086162567138672e-07, 7.748603820800781e-07, -0.000003993511199951172, 1, -0.000014327468306873925, 0.000013142826901457738, 0.000018909577192971483, 0.5665649175643921, -0.8240171670913696, 0.000004321337655710522, 0.8240172266960144, 0.5665648579597473),
            ["LeftHand"] = CFrame.new(-0.0000013113021850585938, -0.0000010728836059570312, 1.6391277313232422e-07, 0.989774227142334, 0.08881170302629471, -0.11162218451499939, -0.1287030726671219, 0.8934240937232971, -0.43038249015808105, 0.061502955853939056, 0.44034746289253235, 0.8957183957099915),
            ["RightUpperLeg"] = CFrame.new(-2.9802322387695312e-08, -1.3224780559539795e-07, 2.8107024263590574e-08, 0.9941197633743286, 0.07972294092178345, 0.07328268885612488, 0.058135293424129486, 0.1780250072479248, -0.9823072552680969, -0.0913584977388382, 0.9807912707328796, 0.17234325408935547),
            ["LeftUpperLeg"] = CFrame.new(-2.086162567138672e-07, -3.725290298461914e-08, 2.9802322387695312e-08, 0.9045885801315308, 0.2642208933830261, 0.3345247209072113, -0.128980815410614, 0.9176055788993835, -0.3759841322898865, -0.4063045382499695, 0.29696375131607056, 0.8641348481178284),
            ["RightLowerLeg"] = CFrame.new(-8.940696716308594e-08, -0.0007266402244567871, 0.00004598667874233797, 1, 7.4505820180093e-08, 1.639128583974525e-07, -8.009374141693115e-08, -0.575523316860199, 0.8177854418754578, 1.7881393432617188e-07, -0.8177854418754578, -0.5755233764648438),
            ["RightFoot"] = CFrame.new(3.2782554626464844e-07, -1.1920928955078125e-07, 1.6952981241047382e-09, 0.964522123336792, 0.2638266980648041, -0.009624582715332508, -0.23174801468849182, 0.8635817766189575, 0.4477938413619995, 0.12645159661769867, -0.4296765923500061, 0.8940850496292114),
            ["LeftLowerLeg"] = CFrame.new(1.4901161193847656e-08, -0.0007266402244567871, 0.00008093751966953278, 1, -2.9802322387695312e-08, 5.215405707303944e-08, -5.960464477539063e-08, 0.40824753046035767, 0.9128711819648743, 0, -0.9128713011741638, 0.40824759006500244),
        }},
        {Time = 0.067, Data = {
            ["LeftFoot"] = CFrame.new(2.9802322387695312e-08, -5.960464477539063e-08, 5.960464477539063e-08, 0.9729911088943481, 0.23083385825157166, 0.002015126869082451, -0.19802619516849518, 0.839125394821167, -0.5066106915473938, -0.11863380670547485, 0.4925285875797272, 0.8621726036071777),
            ["LeftLowerArm"] = CFrame.new(0.0000011920928955078125, -1.1920928955078125e-07, 0.000004649162292480469, 1, -2.9802318834981634e-08, -6.705522537231445e-08, -1.1920927533992653e-07, -0.3191649615764618, -0.9476991891860962, 1.4901159417490817e-08, 0.9476991891860962, -0.319164901971817),
            ["LowerTorso"] = CFrame.new(-0.12997829914093018, -0.10843884944915771, 0.13287901878356934, 0.7836970686912537, -0.13446415960788727, 0.6064143776893616, 0.30447477102279663, 0.9341119527816772, -0.18636004626750946, -0.5414000749588013, 0.33068767189979553, 0.7730017900466919),
            ["Head"] = CFrame.new(1.4901161193847656e-08, -7.152557373046875e-07, 5.960464477539063e-08, 0.7293276786804199, 0.1774594932794571, -0.6607491374015808, -0.27341291308403015, 0.9609028100967407, -0.04371758922934532, 0.6271575689315796, 0.2125418484210968, 0.7493326663970947),
            ["RightUpperArm"] = CFrame.new(-0.019311130046844482, -0.0014253854751586914, 0.0021155551075935364, 0.9169880747795105, -0.35986727476119995, -0.1721288114786148, 0.39170733094215393, 0.89393550157547, 0.2178184986114502, 0.07548650354146957, -0.2671610414981842, 0.9606908559799194),
            ["UpperTorso"] = CFrame.new(-5.960464477539063e-08, -2.682209014892578e-07, 0, 0.989162802696228, 0.04439198598265648, 0.13995100557804108, -0.0834541767835617, 0.9542385935783386, 0.28716546297073364, -0.12079902738332748, -0.2957330048084259, 0.9476020932197571),
            ["HumanoidRootPart"] = CFrame.new(0, 0, 0, 1, 0, 0, 0, 1, 0, 0, 0, 1),
            ["RightHand"] = CFrame.new(2.384185791015625e-07, 9.5367431640625e-07, -5.960464477539062e-07, 0.3777911365032196, 0.524109423160553, 0.7632709741592407, -0.6636866331100464, 0.7280957102775574, -0.17145521938800812, -0.6455958485603333, -0.4417986273765564, 0.6229130029678345),
            ["LeftUpperArm"] = CFrame.new(0.03995335102081299, -0.06892597675323486, 0.00354883074760437, 0.5099461674690247, 0.8537746667861938, -0.10499315708875656, -0.8242226243019104, 0.45002830028533936, -0.3437029719352722, -0.2461949586868286, 0.261807918548584, 0.933190643787384),
            ["RightLowerArm"] = CFrame.new(2.980232238769531e-07, 0.0000010728836059570312, -0.000003635883331298828, 1, -0.00001632422390684951, 0.000010460618796059862, 0.000018868597180698998, 0.6996249556541443, -0.7145103216171265, 0.000004291534878575476, 0.7145102620124817, 0.6996250152587891),
            ["LeftHand"] = CFrame.new(-0.0000010728836059570312, -0.0000011324882507324219, 2.980232238769531e-07, 0.9938622117042542, -0.1105717346072197, -0.003456056583672762, 0.10106002539396286, 0.9201882481575012, -0.37820714712142944, 0.044999219477176666, 0.3755365014076233, 0.9257146120071411),
            ["RightUpperLeg"] = CFrame.new(-8.940696716308594e-08, -3.7997961044311523e-07, 2.0656443666666746e-08, 0.9994609951972961, 0.020345134660601616, -0.025765608996152878, -0.02545463666319847, -0.015405487269163132, -0.9995572566986084, -0.020733045414090157, 0.999674379825592, -0.01487940363585949),
            ["LeftUpperLeg"] = CFrame.new(-5.960464477539063e-08, -5.364418029785156e-07, 0, 0.9157918691635132, 0.2913130521774292, 0.2765176594257355, -0.18100760877132416, 0.9139068722724915, -0.36333245038986206, -0.3585548400878906, 0.28268536925315857, 0.8896783590316772),
            ["RightLowerLeg"] = CFrame.new(-2.086162567138672e-07, -0.0007263422012329102, 0.00004616176738636568, 1, 5.960465898624534e-08, 9.685756907629184e-08, 2.2351736461700966e-08, -0.5630765557289124, 0.8264046311378479, 1.8626447229053156e-07, -0.8264048099517822, -0.5630766749382019),
            ["RightFoot"] = CFrame.new(1.7136335372924805e-07, -2.384185791015625e-07, -9.480572771281004e-09, 0.9811917543411255, 0.1359822005033493, 0.1370098739862442, -0.178182914853096, 0.9110288023948669, 0.3718567490577698, -0.07425399869680405, -0.38927555084228516, 0.9181235432624817),
            ["LeftLowerLeg"] = CFrame.new(0, -0.0007265210151672363, 0.00008102506399154663, 1, 1.0430816388407038e-07, -7.450580596923828e-09, -1.4901161193847656e-07, 0.4138247072696686, 0.9103567600250244, 8.195638656616211e-08, -0.9103565812110901, 0.4138243496417999),
        }},
        {Time = 0.100, Data = {
            ["LeftFoot"] = CFrame.new(0, 5.960464477539063e-08, 4.470348358154297e-08, 0.9697259664535522, 0.24322356283664703, -0.021767305210232735, -0.2252301573753357, 0.856408953666687, -0.4645802974700928, -0.09435531497001648, 0.4554184675216675, 0.8852635622024536),
            ["LeftLowerArm"] = CFrame.new(0.0000017285346984863281, -4.76837158203125e-07, 0.000004827976226806641, 1, 2.9802322387695312e-08, -1.4901162970204496e-08, -5.21540641784668e-08, -0.24514728784561157, -0.969485878944397, -1.4901161193847656e-08, 0.969485878944397, -0.245147243142128),
            ["LowerTorso"] = CFrame.new(-0.153269961476326, -0.08129227161407471, 0.1277952492237091, 0.7140969634056091, -0.1270187497138977, 0.6884270310401917, 0.3522967994213104, 0.9150035977363586, -0.19660969078540802, -0.6049401164054871, 0.3829289972782135, 0.698149561882019),
            ["Head"] = CFrame.new(1.4901161193847656e-08, -8.344650268554688e-07, 0, 0.7411652207374573, 0.13824625313282013, -0.6569339632987976, -0.20068667829036713, 0.9794450998306274, -0.020302722230553627, 0.640623927116394, 0.14688560366630554, 0.7536747455596924),
            ["RightUpperArm"] = CFrame.new(-0.02282106876373291, -0.006535053253173828, -0.0189988911151886, 0.9386184215545654, -0.30506500601768494, -0.1610306352376938, 0.3401447832584381, 0.896195650100708, 0.284841924905777, 0.057419732213020325, -0.3221316635608673, 0.9449520111083984),
            ["UpperTorso"] = CFrame.new(-7.450580596923828e-08, -3.8743019104003906e-07, -5.960464477539063e-08, 0.9895870089530945, 0.13146157562732697, 0.05861308053135872, -0.1428113728761673, 0.9475700855255127, 0.2858597934246063, -0.017960617318749428, -0.29125383496284485, 0.9564772844314575),
            ["HumanoidRootPart"] = CFrame.new(0, 0, 0, 1, 0, 0, 0, 1, 0, 0, 0, 1),
            ["RightHand"] = CFrame.new(2.980232238769531e-07, 8.344650268554688e-07, -9.238719940185547e-07, 0.31808653473854065, 0.4983832836151123, 0.8064953684806824, -0.6233216524124146, 0.7509080767631531, -0.21819059550762177, -0.714346706867218, -0.43330270051956177, 0.5495070815086365),
            ["LeftUpperArm"] = CFrame.new(0.03644472360610962, -0.0740056037902832, -0.016164004802703857, 0.6597887873649597, 0.7227793335914612, -0.2055940479040146, -0.6994528770446777, 0.4906954765319824, -0.5195993185043335, -0.274671733379364, 0.4866291284561157, 0.8293055891990662),
            ["RightLowerArm"] = CFrame.new(-1.1920928955078125e-07, 7.748603820800781e-07, -0.000003725290298461914, 1, -0.00001803040322556626, 0.000007241965249704663, 0.00001893006992759183, 0.8228340744972229, -0.5682816505432129, 0.000004261733465682482, 0.5682815909385681, 0.8228341341018677),
            ["LeftHand"] = CFrame.new(-0.0000016689300537109375, -0.0000010728836059570312, 2.682209014892578e-07, 0.9563322067260742, -0.2873314321041107, 0.05356619134545326, 0.29013192653656006, 0.911029577255249, -0.2929995059967041, 0.03538745269179344, 0.2957460880279541, 0.9546109437942505),
            ["RightUpperLeg"] = CFrame.new(-1.1920928955078125e-07, -1.434236764907837e-07, -2.4047039914876223e-08, 0.9854997396469116, -0.05575961992144585, -0.16025333106517792, -0.1568729728460312, 0.06050337851047516, -0.9857638478279114, 0.06466170400381088, 0.9966093301773071, 0.0508788637816906),
            ["LeftUpperLeg"] = CFrame.new(-8.940696716308594e-08, -5.960464477539063e-08, -5.960464477539063e-08, 0.9314663410186768, 0.30544471740722656, 0.19767117500305176, -0.22060570120811462, 0.9062012434005737, -0.3607385456562042, -0.28931573033332825, 0.29240846633911133, 0.9114789366722107),
            ["RightLowerLeg"] = CFrame.new(-2.9802322387695312e-08, -0.0007263422012329102, 0.00004620274557964876, 1, 1.4156101713069802e-07, 1.7508872929283825e-07, -4.284083487959833e-08, -0.39781689643859863, 0.9174648523330688, 1.639127589214695e-07, -0.9174648523330688, -0.39781704545021057),
            ["RightFoot"] = CFrame.new(2.086162567138672e-07, -1.1920928955078125e-07, 2.4047039914876223e-08, 0.9819886684417725, 0.06802138686180115, 0.17627117037773132, -0.116911880671978, 0.9516482949256897, 0.28407225012779236, -0.14842529594898224, -0.299564003944397, 0.9424604177474976),
            ["LeftLowerLeg"] = CFrame.new(-4.470348358154297e-08, -0.0007267594337463379, 0.0000809691846370697, 1, 1.4901159417490817e-08, 1.4901166878189542e-07, -4.470347647611561e-08, 0.39902162551879883, 0.9169414043426514, 6.70552182668871e-08, -0.9169414639472961, 0.39902207255363464),
        }},
        {Time = 0.133, Data = {
            ["LeftFoot"] = CFrame.new(-5.21540641784668e-08, -5.960464477539063e-08, 7.450580596923828e-09, 0.9627063274383545, 0.2690618336200714, -0.028324734419584274, -0.2546105980873108, 0.8656118512153625, -0.4311490058898926, -0.09148745238780975, 0.42228180170059204, 0.9018361568450928),
            ["LeftLowerArm"] = CFrame.new(0.0000013709068298339844, -2.980232238769531e-07, 0.000004708766937255859, 1, 8.940695295223122e-08, -5.960465188081798e-08, -8.568166975919667e-08, -0.07043421268463135, -0.9975165128707886, -2.9802318834981634e-08, 0.9975165128707886, -0.07043424993753433),
            ["LowerTorso"] = CFrame.new(-0.1677418053150177, -0.10209178924560547, 0.11871969699859619, 0.6086456179618835, -0.09484893828630447, 0.787752628326416, 0.37760448455810547, 0.9078152775764465, -0.18244563043117523, -0.697829008102417, 0.4085037112236023, 0.5883530974388123),
            ["Head"] = CFrame.new(-1.4901161193847656e-08, -9.5367431640625e-07, 1.4901161193847656e-08, 0.7508695721626282, 0.1117153912782669, -0.6509333252906799, -0.12800030410289764, 0.9915185570716858, 0.022516043856739998, 0.6479281783103943, 0.0664130374789238, 0.7588009834289551),
            ["RightUpperArm"] = CFrame.new(-0.02654874324798584, -0.0007807016372680664, -0.03997919708490372, 0.9526742696762085, -0.2405928075313568, -0.18581423163414001, 0.2923332452774048, 0.8927304148674011, 0.3428901731967926, 0.08338523656129837, -0.3809824287891388, 0.9208145141601562),
            ["UpperTorso"] = CFrame.new(1.4901161193847656e-08, 2.384185791015625e-07, -1.4901161193847656e-08, 0.980549693107605, 0.1823400855064392, -0.07262566685676575, -0.15630397200584412, 0.949249267578125, 0.2729373276233673, 0.11870706081390381, -0.2562768757343292, 0.9592865705490112),
            ["HumanoidRootPart"] = CFrame.new(0, 0, 0, 1, 0, 0, 0, 1, 0, 0, 0, 1),
            ["RightHand"] = CFrame.new(3.8743019104003906e-07, 9.5367431640625e-07, -9.331852197647095e-07, 0.31547677516937256, 0.49414175748825073, 0.8101221323013306, -0.6025996208190918, 0.7638105154037476, -0.23122985661029816, -0.7330403327941895, -0.4152317941188812, 0.5387346148490906),
            ["LeftUpperArm"] = CFrame.new(0.03230142593383789, -0.06221306324005127, -0.035812899470329285, 0.7219268083572388, 0.6011971831321716, -0.34261244535446167, -0.677627444267273, 0.51394122838974, -0.5260089635848999, -0.1401524841785431, 0.611903965473175, 0.778415858745575),
            ["RightLowerArm"] = CFrame.new(0, 4.172325134277344e-07, -0.000003904104232788086, 1, -0.00001882016658782959, 0.000004895031452178955, 0.000018858350813388824, 0.8897483348846436, -0.45645153522491455, 0.000004291534423828125, 0.45645150542259216, 0.8897482752799988),
            ["LeftHand"] = CFrame.new(-0.0000017285346984863281, -0.0000010728836059570312, -8.195638656616211e-08, 0.9617137908935547, -0.2733612656593323, 0.019498027861118317, 0.2712472677230835, 0.939285397529602, -0.2101619392633438, 0.03913608565926552, 0.20740452408790588, 0.977472186088562),
            ["RightUpperLeg"] = CFrame.new(5.960464477539063e-08, 9.872019290924072e-08, 5.045876605436206e-08, 0.9432417154312134, -0.06531186401844025, -0.32562175393104553, -0.2805093824863434, 0.36821088194847107, -0.8864172101020813, 0.17779114842414856, 0.9274454712867737, 0.3289909064769745),
            ["LeftUpperLeg"] = CFrame.new(2.9802322387695312e-08, 8.568167686462402e-08, -2.9802322387695312e-08, 0.9600915908813477, 0.2700176239013672, 0.07290124893188477, -0.21754050254821777, 0.8847716450691223, -0.4121350347995758, -0.175784632563591, 0.3798283040523529, 0.9082016944885254),
            ["RightLowerLeg"] = CFrame.new(-4.470348358154297e-08, -0.0007262825965881348, 0.00004602393164532259, 1, 1.3597306747215043e-07, 1.3643882823544118e-07, -8.475035429000854e-08, 0.05168746039271355, 0.9986633658409119, 1.825392246246338e-07, -0.9986633658409119, 0.05168774351477623),
            ["RightFoot"] = CFrame.new(1.9371509552001953e-07, 0, 3.149762051180005e-08, 0.991844117641449, -0.01897936314344406, 0.12603604793548584, -0.02498665824532509, 0.9407094717025757, 0.33829164505004883, -0.1249840259552002, -0.33868208527565, 0.932563066482544),
            ["LeftLowerLeg"] = CFrame.new(4.470348358154297e-08, -0.0007265806198120117, 0.00008110329508781433, 1, 1.3411046495548362e-07, 1.4901164746561335e-08, -1.1920930376163597e-07, 0.3022681176662445, 0.953222930431366, 1.0430814256778831e-07, -0.9532229900360107, 0.3022681474685669),
        }},
        {Time = 0.167, Data = {
            ["LeftFoot"] = CFrame.new(0, -2.384185791015625e-07, 0, 0.9547497630119324, 0.29182490706443787, -0.05736807733774185, -0.28842777013778687, 0.86147540807724, -0.41793492436408997, -0.072542704641819, 0.4155699610710144, 0.9066639542579651),
            ["LeftLowerArm"] = CFrame.new(0.0000011920928955078125, -5.960464477539062e-07, 0.000004947185516357422, 1, 7.450580596923828e-08, -6.705522537231445e-08, -6.705522537231445e-08, 0.4802097678184509, -0.877153754234314, -4.470348358154297e-08, 0.877153754234314, 0.4802096486091614),
            ["LowerTorso"] = CFrame.new(-0.16434365510940552, -0.20176732540130615, 0.10686585307121277, 0.3735198974609375, 0.005951984785497189, 0.9276031255722046, 0.340068519115448, 0.9294800162315369, -0.14290015399456024, -0.8630390167236328, 0.36882466077804565, 0.34515517950057983),
            ["Head"] = CFrame.new(-2.9802322387695312e-08, -7.152557373046875e-07, -1.1175870895385742e-08, 0.7618589401245117, 0.11549705266952515, -0.6373626589775085, -0.0668596401810646, 0.9927409291267395, 0.09997620433568954, 0.6442831754684448, -0.033554065972566605, 0.7640507817268372),
            ["RightUpperArm"] = CFrame.new(-0.024976909160614014, 0.0028200149536132812, -0.05788405239582062, 0.9598085880279541, -0.11978282034397125, -0.2538100779056549, 0.217579647898674, 0.888806939125061, 0.4033375084400177, 0.1772754043340683, -0.4423508048057556, 0.8791469931602478),
            ["UpperTorso"] = CFrame.new(-6.332993507385254e-08, -8.940696716308594e-08, 4.470348358154297e-08, 0.9293088912963867, 0.13458524644374847, -0.3439066708087921, -0.04591435566544533, 0.9661112427711487, 0.2540096342563629, 0.36643797159194946, -0.22026300430297852, 0.9039952754974365),
            ["HumanoidRootPart"] = CFrame.new(0, 0, 0, 1, 0, 0, 0, 1, 0, 0, 0, 1),
            ["RightHand"] = CFrame.new(2.682209014892578e-07, 0.0000012516975402832031, -8.195638656616211e-07, 0.3644670248031616, 0.5168401002883911, 0.7746222019195557, -0.6049315929412842, 0.7638248801231384, -0.22500981390476227, -0.7079699635505676, -0.3865850269794464, 0.5910423994064331),
            ["LeftUpperArm"] = CFrame.new(0.03228193521499634, -0.026102423667907715, -0.05496084690093994, 0.6460942625999451, 0.536294162273407, -0.5430935621261597, -0.7632575631141663, 0.45439156889915466, -0.45931053161621094, 0.00045164141920395195, 0.7112783789634705, 0.7029104828834534),
            ["RightLowerArm"] = CFrame.new(6.258487701416016e-07, 4.76837158203125e-07, -0.000003844499588012695, 1, -0.000019103294107480906, 0.000003484078661131207, 0.0000189468282769667, 0.9199584126472473, -0.39201629161834717, 0.000004321337200963171, 0.39201629161834717, 0.9199584126472473),
            ["LeftHand"] = CFrame.new(-0.000001519918441772461, -0.0000010728836059570312, 3.501772880554199e-07, 0.9395710229873657, 0.3359367251396179, -0.06597449630498886, -0.3411570191383362, 0.9348369240760803, -0.09844796359539032, 0.028603052720427513, 0.11500661075115204, 0.9929528832435608),
            ["RightUpperLeg"] = CFrame.new(0, -1.0577059583738446e-07, 3.276363713666797e-08, 0.8652588129043579, -0.18274430930614471, -0.4668318033218384, -0.27789953351020813, 0.6001918315887451, -0.7500277161598206, 0.4172518253326416, 0.7787002921104431, 0.4685366451740265),
            ["LeftUpperLeg"] = CFrame.new(-5.960464477539063e-08, -1.9650906324386597e-07, 7.450580596923828e-08, 0.9897017478942871, 0.06896782666444778, -0.1254347711801529, -0.12460430711507797, 0.8463925719261169, -0.5177775621414185, 0.07045706361532211, 0.5280749797821045, 0.8462698459625244),
            ["RightLowerLeg"] = CFrame.new(-3.725290298461914e-09, -0.0007263422012329102, 0.000046284701966214925, 1, 1.1734671545582387e-07, 4.9825775505496495e-08, -3.4552070360405196e-07, 0.5978281497955322, 0.8016244769096375, 9.685756197086448e-08, -0.8016242980957031, 0.5978280901908875),
            ["RightFoot"] = CFrame.new(8.940696716308594e-08, -5.960464477539063e-08, 1.6596459317952394e-08, 0.9829341769218445, -0.07873699814081192, 0.16625618934631348, 0.005834473762661219, 0.916659951210022, 0.39962536096572876, -0.18386538326740265, -0.3918353319168091, 0.9014756679534912),
            ["LeftLowerLeg"] = CFrame.new(2.9802322387695312e-08, -0.0007265806198120117, 0.00008087232708930969, 1, 1.0430811414607888e-07, 1.3411046495548362e-07, -1.4901159772762185e-07, 0.14559145271778107, 0.9893448352813721, -2.9802318834981634e-08, -0.9893448352813721, 0.14559155702590942),
        }},
        {Time = 0.200, Data = {
            ["LeftFoot"] = CFrame.new(1.1175870895385742e-08, -5.960464477539063e-08, 1.4901161193847656e-08, 0.9518671035766602, 0.26869872212409973, -0.14747869968414307, -0.30595293641090393, 0.8038957118988037, -0.5100436210632324, -0.018490631133317947, 0.5306153893470764, 0.8474111557006836),
            ["LeftLowerArm"] = CFrame.new(8.940696716308594e-07, -4.172325134277344e-07, 0.000004760921001434326, 1, 1.6763806343078613e-07, 7.450580596923828e-08, -5.960464477539063e-08, 0.8307802677154541, -0.5566006898880005, -1.7508864402770996e-07, 0.5566006302833557, 0.8307802081108093),
            ["LowerTorso"] = CFrame.new(-0.1564704179763794, -0.30806803703308105, 0.10679744184017181, 0.13648097217082977, 0.08142845332622528, 0.9872904419898987, 0.2832297384738922, 0.9518079161643982, -0.11765505373477936, -0.9492912888526917, 0.2956876754760742, 0.10684069991111755),
            ["Head"] = CFrame.new(-2.9802322387695312e-08, -9.5367431640625e-07, 8.195638656616211e-08, 0.7757599949836731, 0.10868851095438004, -0.6215974688529968, 0.00026673823595046997, 0.9849984645843506, 0.1725633293390274, 0.6310280561447144, -0.13403362035751343, 0.7640932202339172),
            ["RightUpperArm"] = CFrame.new(-0.023571133613586426, 0.012416243553161621, -0.06958518177270889, 0.9378953576087952, -0.023023081943392754, -0.3461536765098572, 0.18640829622745514, 0.8749597668647766, 0.4468750059604645, 0.2925821840763092, -0.48364803194999695, 0.8249123692512512),
            ["UpperTorso"] = CFrame.new(-3.725290298461914e-08, 0, -3.725290298461914e-09, 0.8291049599647522, 0.06699077039957047, -0.5550652146339417, 0.056912533938884735, 0.9775258898735046, 0.20298807322978973, 0.5561887621879578, -0.19988848268985748, 0.8066588044166565),
            ["HumanoidRootPart"] = CFrame.new(0, 0, 0, 1, 0, 0, 0, 1, 0, 0, 0, 1),
            ["RightHand"] = CFrame.new(7.450580596923828e-08, 8.940696716308594e-07, -8.717179298400879e-07, 0.4205978810787201, 0.5537676215171814, 0.7186362743377686, -0.6257875561714172, 0.7505922317504883, -0.2121359258890152, -0.6568769812583923, -0.36048975586891174, 0.6622387766838074),
            ["LeftUpperArm"] = CFrame.new(0.03327643871307373, 0.0034062862396240234, -0.0683964267373085, 0.5324365496635437, 0.48410651087760925, -0.6943721771240234, -0.8411961197853088, 0.3940359950065613, -0.37030306458473206, 0.09434161335229874, 0.7812660336494446, 0.6170275807380676),
            ["RightLowerArm"] = CFrame.new(1.1920928955078125e-07, 1.1920928955078125e-07, -0.000003993511199951172, 1, -0.00001920014801726211, 0.000002843327820301056, 0.000018928200006484985, 0.9329573512077332, -0.3599870204925537, 0.000004246830940246582, 0.3599869906902313, 0.9329573512077332),
            ["LeftHand"] = CFrame.new(-0.0000012516975402832031, -0.0000011920928955078125, 2.9802322387695312e-08, 0.8718355894088745, 0.4897148609161377, 0.009039896540343761, -0.4895731210708618, 0.8718459010124207, -0.014264472760260105, -0.014866994693875313, 0.008010747842490673, 0.999857485294342),
            ["RightUpperLeg"] = CFrame.new(8.940696716308594e-08, -4.6100467443466187e-08, -1.6596459317952394e-08, 0.7752991318702698, -0.3092750012874603, -0.5506906509399414, -0.18841852247714996, 0.71894770860672, -0.669038712978363, 0.6028347611427307, 0.6224653720855713, 0.49912622570991516),
            ["LeftUpperLeg"] = CFrame.new(-1.1920928955078125e-07, -2.477318048477173e-07, -1.862645149230957e-08, 0.9604923725128174, -0.1256246566772461, -0.2483402043581009, -0.0439186617732048, 0.8127274513244629, -0.5809863805770874, 0.27481910586357117, 0.568939745426178, 0.7751012444496155),
            ["RightLowerLeg"] = CFrame.new(-4.842877388000488e-08, -0.0007265210151672363, 0.0000461207891930826, 1, 7.450583261459087e-09, -6.891786341611805e-08, -2.421438694000244e-08, 0.9172828793525696, 0.39823639392852783, 7.450580596923828e-08, -0.39823654294013977, 0.9172828197479248),
            ["RightFoot"] = CFrame.new(1.043081283569336e-07, 0, 4.639878170564771e-08, 0.9496711492538452, 0.04451299458742142, 0.3100699484348297, -0.13693082332611084, 0.9492616057395935, 0.2831127941608429, -0.28173503279685974, -0.31132176518440247, 0.9075813293457031),
            ["LeftLowerLeg"] = CFrame.new(1.1920928955078125e-07, -0.0007262229919433594, 0.0000811498612165451, 1, 8.195641498787154e-08, 2.980232949312267e-08, -8.940698847936801e-08, 0.08224628865718842, 0.9966120719909668, 5.960465898624534e-08, -0.996612012386322, 0.08224626630544662),
        }},
        {Time = 0.233, Data = {
            ["LeftFoot"] = CFrame.new(-5.960464477539063e-08, -5.960464477539063e-08, 5.21540641784668e-08, 0.9510682821273804, 0.2625954747200012, -0.1628275215625763, -0.3084697127342224, 0.7766553163528442, -0.549229621887207, -0.017764240503311157, 0.5725821852684021, 0.8196548819541931),
            ["LeftLowerArm"] = CFrame.new(0.0000012218952178955078, -2.384185791015625e-07, 0.000004684552550315857, 1, 2.0116567611694336e-07, 5.960464477539063e-08, -8.195638656616211e-08, 0.8504875302314758, -0.5259953737258911, -1.1641532182693481e-07, 0.5259953141212463, 0.8504874110221863),
            ["LowerTorso"] = CFrame.new(-0.1410953402519226, -0.36951684951782227, 0.11094477027654648, 0.09685976803302765, 0.09519319981336594, 0.9907352924346924, 0.28215861320495605, 0.9519522786140442, -0.11905217170715332, -0.9544657468795776, 0.29107585549354553, 0.06534628570079803),
            ["Head"] = CFrame.new(-5.960464477539063e-08, -8.344650268554688e-07, -5.21540641784668e-08, 0.783261239528656, 0.09747295081615448, -0.6140043139457703, 0.049004144966602325, 0.9748796820640564, 0.21727436780929565, 0.6197585463523865, -0.20027151703834534, 0.7588086128234863),
            ["RightUpperArm"] = CFrame.new(-0.023085713386535645, 0.01877760887145996, -0.07754922658205032, 0.9137992858886719, -0.039668381214141846, -0.4042249321937561, 0.22580112516880035, 0.8768686056137085, 0.4243999421596527, 0.3376164436340332, -0.47909075021743774, 0.8102388978004456),
            ["UpperTorso"] = CFrame.new(1.3969838619232178e-07, 4.172325134277344e-07, -7.450580596923828e-09, 0.8229546546936035, 0.06887171417474747, -0.5639166235923767, 0.04760129377245903, 0.980774462223053, 0.1892499327659607, 0.566109299659729, -0.1825871616601944, 0.803854763507843),
            ["HumanoidRootPart"] = CFrame.new(0, 0, 0, 1, 0, 0, 0, 1, 0, 0, 0, 1),
            ["RightHand"] = CFrame.new(3.129243850708008e-07, 0.0000011920928955078125, -8.568167686462402e-07, 0.44876259565353394, 0.6006338596343994, 0.6617026329040527, -0.6693610548973083, 0.71650230884552, -0.19641940295696259, -0.5920878648757935, -0.3547723591327667, 0.7235807776451111),
            ["LeftUpperArm"] = CFrame.new(0.033753395080566406, 0.0106658935546875, -0.07630641013383865, 0.4525000751018524, 0.47386330366134644, -0.7554453015327454, -0.870664119720459, 0.4179494082927704, -0.25934967398643494, 0.19284144043922424, 0.775094747543335, 0.6016978621482849),
            ["RightLowerArm"] = CFrame.new(4.172325134277344e-07, 2.980232238769531e-07, -0.000004023313522338867, 1, -0.000019222497940063477, 0.000002907588623202173, 0.000018995253412867896, 0.9304835796356201, -0.36633357405662537, 0.000004269182227290003, 0.36633363366127014, 0.9304835796356201),
            ["LeftHand"] = CFrame.new(-0.000001430511474609375, -0.0000016093254089355469, 8.940696716308594e-08, 0.9839522242546082, 0.1760728508234024, 0.028921358287334442, -0.17642304301261902, 0.9842636585235596, 0.010011362843215466, -0.02670339308679104, -0.01495290081948042, 0.999531626701355),
            ["RightUpperLeg"] = CFrame.new(8.940696716308594e-08, 2.0023435354232788e-07, 2.029992174357176e-09, 0.7831042408943176, -0.3206895589828491, -0.5328279137611389, -0.19166027009487152, 0.6906293630599976, -0.6973504424095154, 0.5916199684143066, 0.6482200622558594, 0.47937119007110596),
            ["LeftUpperLeg"] = CFrame.new(5.960464477539063e-08, 1.9185245037078857e-07, 1.862645149230957e-08, 0.9502509236335754, -0.16775642335414886, -0.26245200634002686, -0.035371433943510056, 0.7790153622627258, -0.626006543636322, 0.30947068333625793, 0.6041464805603027, 0.7343261241912842),
            ["RightLowerLeg"] = CFrame.new(2.9802322387695312e-08, -0.0007263422012329102, 0.000046090986870694906, 1, 1.862645504502325e-08, -8.754431490842762e-08, -2.9802311729554276e-08, 0.9330758452415466, 0.35967978835105896, 8.568164844291459e-08, -0.3596799075603485, 0.9330758452415466),
            ["RightFoot"] = CFrame.new(1.043081283569336e-07, -5.960464477539063e-08, 1.0600342648103833e-07, 0.9561609029769897, 0.07153742015361786, 0.283969521522522, -0.14615851640701294, 0.9568682312965393, 0.2510795295238495, -0.2537599503993988, -0.28157708048820496, 0.9253758192062378),
            ["LeftLowerLeg"] = CFrame.new(5.960464477539063e-08, -0.0007265806198120117, 0.00008074380457401276, 1, 1.0430811414607888e-07, 2.2351738238057806e-08, -1.4901161193847656e-07, 0.0023164411541074514, 0.9999973773956299, 8.940696716308594e-08, -0.9999973177909851, 0.002316470956429839),
        }},
        {Time = 0.267, Data = {
            ["LeftFoot"] = CFrame.new(-7.450580596923828e-09, -5.960464477539063e-08, 6.705522537231445e-08, 0.9515538215637207, 0.27773207426071167, -0.13194797933101654, -0.30683329701423645, 0.8298066854476929, -0.46612679958343506, -0.019967034459114075, 0.48403069376945496, 0.874823272228241),
            ["LeftLowerArm"] = CFrame.new(0.0000011324882507324219, -5.960464477539062e-07, 0.000004708766937255859, 1, 2.2351744632942427e-07, -5.960465188081798e-08, -1.005828522693264e-07, 0.7132675051689148, -0.7008919715881348, -1.005828522693264e-07, 0.7008919715881348, 0.7132673859596252),
            ["LowerTorso"] = CFrame.new(-0.10840652883052826, -0.3518718481063843, 0.11822926253080368, 0.16163018345832825, 0.10024387389421463, 0.9817468523979187, 0.30021047592163086, 0.9426828026771545, -0.14568039774894714, -0.9400794506072998, 0.3182770311832428, 0.12227173894643784),
            ["Head"] = CFrame.new(1.4901161193847656e-08, -4.76837158203125e-07, -7.450580596923828e-09, 0.7843882441520691, 0.13573922216892242, -0.6052355766296387, 0.032376017421483994, 0.9654711484909058, 0.25849056243896484, 0.6194248199462891, -0.22235220670700073, 0.7529093623161316),
            ["RightUpperArm"] = CFrame.new(-0.022711217403411865, 0.005713224411010742, -0.0784241333603859, 0.9328746795654297, -0.22451825439929962, -0.2816672623157501, 0.2915298640727997, 0.9298868775367737, 0.22432279586791992, 0.21155418455600739, -0.29137948155403137, 0.9329217076301575),
            ["UpperTorso"] = CFrame.new(1.6670674085617065e-07, 2.9802322387695312e-08, -6.51925802230835e-08, 0.8728150129318237, 0.09749598801136017, -0.47821396589279175, 0.024396847933530807, 0.9699029326438904, 0.2422669231891632, 0.4874410331249237, -0.2231210470199585, 0.8441672325134277),
            ["HumanoidRootPart"] = CFrame.new(0, 0, 0, 1, 0, 0, 0, 1, 0, 0, 0, 1),
            ["RightHand"] = CFrame.new(2.384185791015625e-07, 0.0000013113021850585938, -7.152557373046875e-07, 0.5033866763114929, 0.6084407567977905, 0.613515317440033, -0.7021574378013611, 0.7018495798110962, -0.11992715299129486, -0.5035642385482788, -0.3704145848751068, 0.7805233001708984),
            ["LeftUpperArm"] = CFrame.new(0.03411757946014404, 0.012594938278198242, -0.0794915109872818, 0.3930467963218689, 0.551486611366272, -0.7357831001281738, -0.8527560830116272, 0.5179534554481506, -0.0673140287399292, 0.343978613615036, 0.6539011597633362, 0.6738635301589966),
            ["RightLowerArm"] = CFrame.new(3.5762786865234375e-07, 8.940696716308594e-07, -0.0000037848949432373047, 1, -0.000019103294107480906, 0.0000034049153327941895, 0.000018946826457977295, 0.9203671216964722, -0.391055703163147, 0.0000043585896492004395, 0.391055703163147, 0.9203670620918274),
            ["LeftHand"] = CFrame.new(-0.0000017285346984863281, -0.0000010728836059570312, 8.940696716308594e-08, 0.9929671883583069, -0.11833994090557098, -0.0034281478729099035, 0.11833174526691437, 0.9929710030555725, -0.0025134843308478594, 0.0037015588022768497, 0.0020903353579342365, 0.9999910593032837),
            ["RightUpperLeg"] = CFrame.new(8.940696716308594e-08, 1.0477378964424133e-08, -4.8261426854878664e-08, 0.8513811826705933, -0.363319456577301, -0.3783505856990814, -0.22142751514911652, 0.4049454927444458, -0.8871240615844727, 0.4755207896232605, 0.839057981967926, 0.2643139064311981),
