return {
    ["Break Free"] = {
        {Time = 0.000, Data = {
            ["RightFoot"] = CFrame.new(1.862645149230957e-07, -1.1920928955078125e-07, 2.3115717340260744e-08, 0.9518099427223206, 0.30661293864250183, 0.006811542436480522, -0.29067692160606384, 0.9089771509170532, -0.2987768054008484, -0.09780031442642212, 0.28239887952804565, 0.9542987942695618),
            ["LeftLowerArm"] = CFrame.new(0.000001341104507446289, -1.7881393432617188e-07, 0.000004783272743225098, 1, 1.49011640360186e-07, 5.215407838932151e-08, -1.1920931797249068e-07, 0.8886261582374573, -0.4586324691772461, -1.1548402767402877e-07, 0.4586324989795685, 0.8886260986328125),
            ["RightUpperArm"] = CFrame.new(-0.03075873851776123, -0.006381988525390625, -0.03380301222205162, 0.40964141488075256, -0.044833771884441376, 0.9111442565917969, 0.24187052249908447, 0.9683834314346313, -0.0610923245549202, -0.8795980215072632, 0.24540503323078156, 0.4075338840484619),
            ["Head"] = CFrame.new(-4.18367562815547e-10, -5.960464477539062e-07, 4.549946197585086e-09, 0.9999994039535522, -0.0010744263418018818, 0.00009846064494922757, 0.001056412234902382, 0.9935927987098694, 0.1130145788192749, -0.00021925558394286782, -0.11301450431346893, 0.9935933947563171),
            ["RightHand"] = CFrame.new(3.5762786865234375e-07, 0.0000011920928955078125, -8.195638656616211e-07, 0.9781855940818787, -0.11466633528470993, 0.1732180416584015, 0.08238718658685684, 0.9796119332313538, 0.18322940170764923, -0.19069691002368927, -0.16496135294437408, 0.9676893353462219),
            ["UpperTorso"] = CFrame.new(-7.105427357601002e-15, -2.9802322387695312e-08, -9.31694055239518e-10, 0.9999994039535522, 0.0010755843250080943, -0.0002069534093607217, -0.001040085218846798, 0.991714358329773, 0.12845881283283234, 0.0003434065147303045, -0.12845855951309204, 0.9917148947715759),
            ["HumanoidRootPart"] = CFrame.new(0, 0, 0, 1, 0, 0, 0, 1, 0, 0, 0, 1),
            ["RightUpperLeg"] = CFrame.new(0, -5.519893164773748e-08, -3.1504896469414234e-08, 0.9118959903717041, -0.39946094155311584, -0.09421569108963013, 0.3460507094860077, 0.8717662692070007, -0.3468035161495209, 0.22066840529441833, 0.2836450934410095, 0.9331939220428467),
            ["LeftUpperArm"] = CFrame.new(0.03022700548171997, -0.009684443473815918, -0.03369790315628052, -0.06022975593805313, 0.11991409957408905, -0.990955650806427, -0.2548062205314636, 0.9580206871032715, 0.13141568005084991, 0.9651145935058594, 0.2604168951511383, -0.027146492153406143),
            ["RightLowerArm"] = CFrame.new(2.980232238769531e-07, 2.980232238769531e-07, -0.000003859400749206543, 1, -0.000018700959117268212, 0.000005193055130803259, 0.000018950555386254564, 0.8810698986053467, -0.47298622131347656, 0.0000043064364945166744, 0.47298622131347656, 0.8810698986053467),
            ["LeftHand"] = CFrame.new(-0.0000015534460544586182, -0.0000010132789611816406, 7.82310962677002e-08, 0.8154217600822449, 0.29141896963119507, 0.5001617074012756, -0.31908178329467773, 0.9471976161003113, -0.03168006241321564, -0.4829845726490021, -0.1337597668170929, 0.8653523325920105),
            ["LeftFoot"] = CFrame.new(-1.3783574104309082e-07, 0, 2.2351741790771484e-08, 0.9669766426086426, -0.25348716974258423, 0.026469597592949867, 0.2507527768611908, 0.9276461005210876, -0.276759535074234, 0.04560042545199394, 0.2742574214935303, 0.9605746269226074),
            ["LowerTorso"] = CFrame.new(-8.651394978187454e-07, -0.21590542793273926, 0.17990171909332275, 1, 1.887045328885506e-07, 4.7014009396662004e-07, -1.4568493611477606e-07, 0.9959527254104614, -0.08987926691770554, -4.851979156228481e-07, 0.08987926691770554, 0.9959526658058167),
            ["RightLowerLeg"] = CFrame.new(-1.73225998878479e-07, -0.0007263422012329102, 0.00004597922816174105, 1, 1.1175872316471214e-07, 3.72529100900465e-08, -1.1175868053214799e-07, 0.6588524580001831, 0.7522720098495483, 5.215404996761208e-08, -0.7522722482681274, 0.6588528156280518),
            ["LeftUpperLeg"] = CFrame.new(0, -6.214803960347126e-08, -1.6760367316237534e-08, 0.9174448251724243, 0.3817373812198639, 0.11212370544672012, -0.30367839336395264, 0.8539523482322693, -0.42254576086997986, -0.2570497691631317, 0.3536128103733063, 0.8993794918060303),
            ["LeftLowerLeg"] = CFrame.new(1.4901161193847656e-08, -0.0007267594337463379, 0.00008101761341094971, 1, 7.450580596923828e-08, 5.215407838932151e-08, -2.980232949312267e-08, 0.6099762320518494, 0.7924197912216187, 4.4703494239684005e-08, -0.7924197912216187, 0.6099761128425598),
        }},
        {Time = 0.033, Data = {
            ["RightFoot"] = CFrame.new(2.8312206268310547e-07, 5.960464477539063e-08, -3.55576048605144e-08, 0.9555371999740601, 0.29481637477874756, 0.005653418600559235, -0.28243935108184814, 0.9205931425094604, -0.2696964144706726, -0.08471548557281494, 0.2561084032058716, 0.9629287719726562),
            ["LeftLowerArm"] = CFrame.new(0.0000012218952178955078, -1.1920928955078125e-07, 0.000004889443516731262, 1, 1.657754324924099e-07, 7.078051567077637e-08, -1.1781229147800332e-07, 0.8925239443778992, -0.4510001540184021, -1.2293456563838845e-07, 0.4510002136230469, 0.8925238847732544),
            ["RightUpperArm"] = CFrame.new(-0.03102397918701172, -0.0066787004470825195, -0.035126570612192154, 0.4096527397632599, -0.043388042598962784, 0.911209225654602, 0.24005518853664398, 0.9687907099723816, -0.06179187074303627, -0.8800898790359497, 0.2440536618232727, 0.4072831869125366),
            ["Head"] = CFrame.new(1.9281287677586079e-10, -9.5367431640625e-07, 4.418939170136582e-08, 0.9999992251396179, 0.0011651943204924464, 0.0005272263661026955, -0.0012322484981268644, 0.9881772398948669, 0.15331095457077026, -0.00034235575003549457, -0.15331149101257324, 0.9881778955459595),
            ["RightHand"] = CFrame.new(3.5762786865234375e-07, 0.0000015497207641601562, -7.152557373046875e-07, 0.9650410413742065, -0.12709912657737732, 0.22921928763389587, 0.081819087266922, 0.976936936378479, 0.19723086059093475, -0.24900098145008087, -0.17158126831054688, 0.9531834721565247),
            ["UpperTorso"] = CFrame.new(-1.7948025288205827e-09, -2.384185791015625e-07, -7.95091636973666e-09, 0.9999990463256836, 0.0014275785069912672, -0.0002230665850220248, -0.0013885922962799668, 0.9921847581863403, 0.12476970255374908, 0.0003994416620116681, -0.12476926296949387, 0.9921857714653015),
            ["HumanoidRootPart"] = CFrame.new(0, 0, 0, 1, 0, 0, 0, 1, 0, 0, 0, 1),
            ["RightUpperLeg"] = CFrame.new(-2.9802322387695312e-08, -5.37605956196785e-07, 1.0477378964424133e-08, 0.9161884784698486, -0.3891891539096832, -0.09555438905954361, 0.3384968042373657, 0.8791864514350891, -0.33533748984336853, 0.2145199030637741, 0.27488741278648376, 0.9372396469116211),
            ["LeftUpperArm"] = CFrame.new(0.029962778091430664, -0.010177254676818848, -0.03499076887965202, -0.062424395233392715, 0.1189686730504036, -0.9909338355064392, -0.2523130178451538, 0.9587376117706299, 0.1309979259967804, 0.9656299948692322, 0.2582028806209564, -0.029831258580088615),
            ["RightLowerArm"] = CFrame.new(1.7881393432617188e-07, 5.364418029785156e-07, -0.000003874301910400391, 1, -0.00001877546492323745, 0.0000051781539696094114, 0.000018965454728459008, 0.8814681172370911, -0.47224366664886475, 0.000004342757620179327, 0.4722437560558319, 0.8814681172370911),
            ["LeftHand"] = CFrame.new(-0.000001430511474609375, -9.5367431640625e-07, 9.313225746154785e-09, 0.8735382556915283, 0.2974637746810913, 0.38528668880462646, -0.3573647141456604, 0.9293514490127563, 0.09271830320358276, -0.3304867744445801, -0.2186807245016098, 0.9181272387504578),
            ["LeftFoot"] = CFrame.new(1.862645149230957e-08, -1.1920928955078125e-07, 0, 0.9690021872520447, -0.24640728533267975, 0.01783718541264534, 0.24314647912979126, 0.9384076595306396, -0.24550171196460724, 0.04375483840703964, 0.24222838878631592, 0.9692321419715881),
            ["LowerTorso"] = CFrame.new(0.005780728533864021, -0.19856441020965576, 0.17256072163581848, 0.9999964237213135, -0.002668187953531742, 0.000241315079620108, 0.0026790781412273645, 0.9959492087364197, -0.08987842500209808, -5.250508365861606e-07, 0.08987875282764435, 0.9959527254104614),
            ["RightLowerLeg"] = CFrame.new(-4.842877388000488e-08, -0.0007264018058776855, 0.000046090986870694906, 1, 1.266598985694145e-07, -2.2351747119842003e-08, -1.0430809993522416e-07, 0.6712556481361389, 0.7412256598472595, 1.2665984172599565e-07, -0.7412259578704834, 0.6712559461593628),
            ["LeftUpperLeg"] = CFrame.new(2.9802322387695312e-08, -1.6996636986732483e-07, -3.761670086532831e-08, 0.9151637554168701, 0.3859808146953583, 0.11616463214159012, -0.30837979912757874, 0.8560295701026917, -0.4148675799369812, -0.259571373462677, 0.34384915232658386, 0.9024359583854675),
            ["LeftLowerLeg"] = CFrame.new(-6.332993507385254e-08, -0.0007265806198120117, 0.00008101761341094971, 1, 5.960465188081798e-08, 7.450580596923828e-08, -1.0430814256778831e-07, 0.6239508390426636, 0.7814640402793884, 4.4703490686970326e-08, -0.7814636826515198, 0.6239503622055054),
        }},
        {Time = 0.067, Data = {
            ["RightFoot"] = CFrame.new(2.4586915969848633e-07, -5.960464477539063e-08, -1.673470251262188e-10, 0.9570869207382202, 0.2895311117172241, -0.012505649589002132, -0.2820626497268677, 0.9207571744918823, -0.26953089237213135, -0.0665230080485344, 0.2614918649196625, 0.9629106521606445),
            ["LeftLowerArm"] = CFrame.new(0.0000012814998626708984, -3.5762786865234375e-07, 0.000004984438419342041, 1, 1.7881393432617188e-07, 6.705522537231445e-08, -1.2014061212539673e-07, 0.9023206233978271, -0.43106546998023987, -1.210719347000122e-07, 0.43106549978256226, 0.9023206830024719),
            ["RightUpperArm"] = CFrame.new(-0.03126871585845947, -0.00783848762512207, -0.0353723019361496, 0.4111347496509552, -0.03457679599523544, 0.910918653011322, 0.23464138805866241, 0.9696230292320251, -0.06909812986850739, -0.8808585405349731, 0.24214789271354675, 0.4067589044570923),
            ["Head"] = CFrame.new(5.478568709804676e-10, -7.152557373046875e-07, 2.823765044013271e-08, 0.9999685883522034, 0.007758301682770252, 0.0016676951199769974, -0.007932068780064583, 0.9834097623825073, 0.18122486770153046, -0.00023403018712997437, -0.18123243749141693, 0.9834403395652771),
            ["RightHand"] = CFrame.new(4.172325134277344e-07, 0.0000010728836059570312, -5.960464477539062e-07, 0.935221791267395, -0.14237523078918457, 0.3241751194000244, 0.07054109126329422, 0.9721576571464539, 0.22345824539661407, -0.3469645082950592, -0.18611523509025574, 0.9192262887954712),
            ["UpperTorso"] = CFrame.new(4.544418175100873e-09, 3.8743019104003906e-07, 4.0217855712398887e-08, 0.9999998807907104, 0.0005705057992599905, 0.00000669383916829247, -0.0005672131665050983, 0.9928277730941772, 0.11955216526985168, 0.00006155843584565446, -0.11955218762159348, 0.9928279519081116),
            ["HumanoidRootPart"] = CFrame.new(0, 0, 0, 1, 0, 0, 0, 1, 0, 0, 0, 1),
            ["RightUpperLeg"] = CFrame.new(0, 2.1792948246002197e-07, 2.0161678548902273e-08, 0.9246680736541748, -0.36908984184265137, -0.09360361099243164, 0.3239527642726898, 0.8917323350906372, -0.3160191476345062, 0.20010890066623688, 0.26188966631889343, 0.9441240429878235),
            ["LeftUpperArm"] = CFrame.new(0.029711127281188965, -0.007835984230041504, -0.03537409007549286, -0.06602167338132858, 0.11692105233669281, -0.9909443259239197, -0.2471601516008377, 0.9602461457252502, 0.12976603209972382, 0.966722846031189, 0.2534894049167633, -0.03449883311986923),
            ["RightLowerArm"] = CFrame.new(4.172325134277344e-07, 5.960464477539063e-08, -0.000003889203071594238, 1, -0.000018790364265441895, 0.0000049620866775512695, 0.000018954278857563622, 0.8864902853965759, -0.4627472758293152, 0.000004336238362157019, 0.4627472162246704, 0.8864903450012207),
            ["LeftHand"] = CFrame.new(-0.0000014156103134155273, -0.0000010132789611816406, 1.7136335372924805e-07, 0.9192770719528198, 0.3136357069015503, 0.23782767355442047, -0.3618907928466797, 0.9111028909683228, 0.19729910790920258, -0.15480563044548035, -0.26744022965431213, 0.9510579109191895),
            ["LeftFoot"] = CFrame.new(4.842877388000488e-08, -1.7881393432617188e-07, 2.9802322387695312e-08, 0.9673768877983093, -0.2532076835632324, 0.008233776316046715, 0.2477472424507141, 0.9387226104736328, -0.23962774872779846, 0.05294634401798248, 0.2338501214981079, 0.970829963684082),
            ["LowerTorso"] = CFrame.new(0.018650125712156296, -0.191636323928833, 0.16556091606616974, 0.9999626278877258, -0.008613253943622112, 0.0007779229781590402, 0.008648312650620937, 0.9959155321121216, -0.0898754894733429, -6.251517561395303e-07, 0.0898788571357727, 0.9959527254104614),
            ["RightLowerLeg"] = CFrame.new(5.587935447692871e-09, -0.0007267594337463379, 0.000046128239773679525, 1, 1.415611023958263e-07, 3.7252917195473856e-08, -5.2154071283894154e-08, 0.6854178309440613, 0.7281498312950134, 1.3411046495548362e-07, -0.7281500697135925, 0.6854180693626404),
            ["LeftUpperLeg"] = CFrame.new(0, 1.387670636177063e-07, 2.2293534129858017e-08, 0.9086303114891052, 0.3990882933139801, 0.12296148389577866, -0.32133811712265015, 0.8562341928482056, -0.40448078513145447, -0.26670750975608826, 0.32801151275634766, 0.9062426686286926),
            ["LeftLowerLeg"] = CFrame.new(1.2293457984924316e-07, -0.0007266998291015625, 0.0000809207558631897, 1, -1.4901161193847656e-08, 2.9802318834981634e-08, -7.450580596923828e-08, 0.6417136192321777, 0.766944408416748, 3.725290298461914e-08, -0.766944408416748, 0.6417135000228882),
        }},
        {Time = 0.100, Data = {
            ["RightFoot"] = CFrame.new(1.825392246246338e-07, -1.1920928955078125e-07, -2.8107024263590574e-08, 0.9575074911117554, 0.2862108647823334, -0.03553615137934685, -0.2845352590084076, 0.9173247218132019, -0.2784869372844696, -0.047107819467782974, 0.2767646014690399, 0.9597824811935425),
            ["LeftLowerArm"] = CFrame.new(0.0000011920928955078125, -1.1920928955078125e-07, 0.000004801899194717407, 1, 1.434236764907837e-07, 5.960465188081798e-08, -1.3597311010471458e-07, 0.9105277061462402, -0.41344818472862244, -1.1548401346317405e-07, 0.41344815492630005, 0.9105276465415955),
            ["RightUpperArm"] = CFrame.new(-0.031748056411743164, -0.006774783134460449, -0.03490713983774185, 0.4122946858406067, -0.027949772775173187, 0.9106218218803406, 0.22965286672115326, 0.970440685749054, -0.07419221103191376, -0.8816306591033936, 0.23971600830554962, 0.40652602910995483),
            ["Head"] = CFrame.new(1.5643308870494366e-09, -3.5762786865234375e-07, 5.0749804358929396e-09, 0.9999130964279175, 0.012830008752644062, 0.0030310165602713823, -0.013176613487303257, 0.9798922538757324, 0.19909216463565826, -0.00041571518522687256, -0.19911491870880127, 0.9799761176109314),
            ["RightHand"] = CFrame.new(3.2782554626464844e-07, 0.0000011920928955078125, -8.493661880493164e-07, 0.8991597890853882, -0.15477879345417023, 0.40933462977409363, 0.05051754415035248, 0.9658232927322388, 0.2542313039302826, -0.43469491600990295, -0.20791584253311157, 0.8762486577033997),
            ["UpperTorso"] = CFrame.new(1.744098199196742e-09, 1.1920928955078125e-07, 1.0797521099448204e-08, 0.9999986886978149, 0.0016220769612118602, -0.00008548711775802076, -0.0016018726164475083, 0.993529200553894, 0.11356627941131592, 0.0002691467816475779, -0.11356599628925323, 0.9935305118560791),
            ["HumanoidRootPart"] = CFrame.new(0, 0, 0, 1, 0, 0, 0, 1, 0, 0, 0, 1),
            ["RightUpperLeg"] = CFrame.new(0, -2.835877239704132e-07, -1.042644726112485e-08, 0.9334701299667358, -0.3482864201068878, -0.08561553061008453, 0.30910366773605347, 0.9023149013519287, -0.3004712462425232, 0.1819022297859192, 0.25401681661605835, 0.94994056224823),
            ["LeftUpperArm"] = CFrame.new(0.02923274040222168, -0.008283615112304688, -0.03483618423342705, -0.06867178529500961, 0.11478934437036514, -0.9910134077072144, -0.2420550435781479, 0.9617592096328735, 0.1281738132238388, 0.9678292870521545, 0.2486817091703415, -0.03826035186648369),
            ["RightLowerArm"] = CFrame.new(3.2782554626464844e-07, 2.384185791015625e-07, -0.000003919005393981934, 1, -0.000018820173863787204, 0.000004827977591048693, 0.000018946830095956102, 0.8905951976776123, -0.45479699969291687, 0.0000043455520426505245, 0.45479699969291687, 0.8905952572822571),
            ["LeftHand"] = CFrame.new(-0.0000015273690223693848, -0.0000013709068298339844, 1.1175870895385742e-07, 0.9401992559432983, 0.32892298698425293, 0.08851528912782669, -0.34009087085723877, 0.8919277191162109, 0.29799890518188477, 0.019069459289312363, -0.3102816641330719, 0.950453519821167),
            ["LeftFoot"] = CFrame.new(1.0803341865539551e-07, -5.960464477539063e-08, 7.450580596923828e-09, 0.963887631893158, -0.26569727063179016, 0.018045945093035698, 0.2620500326156616, 0.9342202544212341, -0.24199679493904114, 0.047438960522413254, 0.23798660933971405, 0.970109224319458),
            ["LowerTorso"] = CFrame.new(0.03187831863760948, -0.19048058986663818, 0.15954098105430603, 0.9998907446861267, -0.01472919899970293, 0.001329827937297523, 0.01478911004960537, 0.9958439469337463, -0.08986777812242508, -6.206254283824819e-07, 0.08987761288881302, 0.9959529042243958),
            ["RightLowerLeg"] = CFrame.new(-1.30385160446167e-08, -0.0007262825965881348, 0.00004621019616024569, 1, 1.2665992699112394e-07, 0, -5.960465188081798e-08, 0.6921510696411133, 0.7217526435852051, 8.940698137394065e-08, -0.7217528223991394, 0.6921511888504028),
            ["LeftUpperLeg"] = CFrame.new(0, -1.2759119272232056e-07, 4.48198989033699e-09, 0.9068843126296997, 0.40607258677482605, 0.11254331469535828, -0.33493056893348694, 0.8567149043083191, -0.39225125312805176, -0.25570014119148254, 0.3180323839187622, 0.9129473567008972),
            ["LeftLowerLeg"] = CFrame.new(1.0803341865539551e-07, -0.0007265806198120117, 0.00008087605237960815, 1, 1.0430814256778831e-07, 9.685753354915505e-08, -9.685756197086448e-08, 0.6530265212059021, 0.7573350071907043, 3.725290653733282e-08, -0.7573350667953491, 0.6530265212059021),
        }},
        {Time = 0.133, Data = {
            ["RightFoot"] = CFrame.new(8.940696716308594e-08, 0, 5.420588422566652e-09, 0.957027792930603, 0.2843010425567627, -0.05719131976366043, -0.2882106900215149, 0.9106026887893677, -0.29620495438575745, -0.032132890075445175, 0.29995980858802795, 0.9534106254577637),
            ["LeftLowerArm"] = CFrame.new(0.0000014007091522216797, -6.556510925292969e-07, 0.000004630535840988159, 1, 1.6763807764164085e-07, 6.705522537231445e-08, -1.266598843585598e-07, 0.9204061031341553, -0.39096394181251526, -1.1920930376163597e-07, 0.39096391201019287, 0.9204060435295105),
            ["RightUpperArm"] = CFrame.new(-0.03226512670516968, -0.005466341972351074, -0.03373111039400101, 0.41367846727371216, -0.020269567146897316, 0.9101974368095398, 0.2248152643442154, 0.9710661768913269, -0.080551877617836, -0.8822291493415833, 0.23794890940189362, 0.40626582503318787),
            ["Head"] = CFrame.new(-7.725247996859252e-09, -5.960464477539062e-07, 4.200728653813712e-09, 0.9998305439949036, 0.01789752021431923, 0.0043172468431293964, -0.018404314294457436, 0.9778602123260498, 0.20844829082489014, -0.0004909563576802611, -0.2084924280643463, 0.9780239462852478),
            ["RightHand"] = CFrame.new(3.8743019104003906e-07, 0.0000011920928955078125, -8.344650268554688e-07, 0.8818556666374207, -0.16063125431537628, 0.44331464171409607, 0.037390727549791336, 0.9610459804534912, 0.27384793758392334, -0.47003453969955444, -0.2249184548854828, 0.8535100817680359),
            ["UpperTorso"] = CFrame.new(3.850004759442527e-10, 3.8743019104003906e-07, -3.4691765904426575e-08, 0.9999971985816956, 0.002383293118327856, -0.00012568585225380957, -0.002356148324906826, 0.994253933429718, 0.10702209174633026, 0.00038002670044079423, -0.10702153295278549, 0.9942566752433777),
            ["HumanoidRootPart"] = CFrame.new(0, 0, 0, 1, 0, 0, 0, 1, 0, 0, 0, 1),
            ["RightUpperLeg"] = CFrame.new(-2.9802322387695312e-08, -8.847564458847046e-08, 4.998582880944014e-09, 0.9409193992614746, -0.3297826647758484, -0.07690399885177612, 0.295047789812088, 0.9098505973815918, -0.291751503944397, 0.16618573665618896, 0.2518239915370941, 0.9533975124359131),
            ["LeftUpperArm"] = CFrame.new(0.02871716022491455, -0.007684946060180664, -0.033621832728385925, -0.07147214561700821, 0.11080692708492279, -0.9912687540054321, -0.23698410391807556, 0.9634661078453064, 0.12478598952293396, 0.9688809514045715, 0.24383366107940674, -0.042601488530635834),
            ["RightLowerArm"] = CFrame.new(2.682209014892578e-07, 0.0000010132789611816406, -0.0000036656856536865234, 1, -0.000018939374058390968, 0.0000045746564865112305, 0.000018961729438160546, 0.896258533000946, -0.4435320496559143, 0.000004336238362157019, 0.44353199005126953, 0.8962585926055908),
            ["LeftHand"] = CFrame.new(-0.000001475214958190918, -0.0000010728836059570312, 1.341104507446289e-07, 0.9419170022010803, 0.33509835600852966, 0.02239106222987175, -0.32314860820770264, 0.8861310482025146, 0.332185298204422, 0.09147331863641739, -0.3201265335083008, 0.9429484009742737),
            ["LeftFoot"] = CFrame.new(1.862645149230957e-08, -1.1920928955078125e-07, 2.9802322387695312e-08, 0.9576659202575684, -0.2830318510532379, 0.05262145400047302, 0.28696921467781067, 0.9240037798881531, -0.2527168393135071, 0.02290451154112816, 0.2571188807487488, 0.9661082625389099),
            ["LowerTorso"] = CFrame.new(0.04473680257797241, -0.19570648670196533, 0.15633000433444977, 0.9997838139533997, -0.020709330216050148, 0.0018697178456932306, 0.02079356089234352, 0.9957374930381775, -0.08985882252454758, -8.320255346916383e-07, 0.08987827599048615, 0.9959527850151062),
            ["RightLowerLeg"] = CFrame.new(-8.940696716308594e-08, -0.0007265210151672363, 0.000046109613322187215, 1, 8.195641498787154e-08, -2.2351748896198842e-08, -7.450581307466564e-08, 0.6914331912994385, 0.7224400639533997, 8.940698137394065e-08, -0.7224404811859131, 0.6914334893226624),
            ["LeftUpperLeg"] = CFrame.new(2.9802322387695312e-08, -9.220093488693237e-08, -2.6891939342021942e-08, 0.9109383821487427, 0.4046129882335663, 0.08049566298723221, -0.34766969084739685, 0.857971727848053, -0.37816718220710754, -0.22207440435886383, 0.31650111079216003, 0.9222310185432434),
            ["LeftLowerLeg"] = CFrame.new(3.725290298461914e-09, -0.0007265210151672363, 0.00008094310760498047, 1, 2.2351741790771484e-08, 0, -8.940696716308594e-08, 0.6565117239952087, 0.7543160319328308, 5.21540641784668e-08, -0.7543159127235413, 0.6565114259719849),
        }},
        {Time = 0.167, Data = {
            ["RightFoot"] = CFrame.new(3.0919909477233887e-07, -1.1920928955078125e-07, 1.6596459317952394e-08, 0.9550886750221252, 0.28507980704307556, -0.08084001392126083, -0.29566338658332825, 0.8986685872077942, -0.3240034878253937, -0.019718434661626816, 0.33335334062576294, 0.9425957202911377),
            ["LeftLowerArm"] = CFrame.new(0.0000012218952178955078, -5.960464477539062e-07, 0.0000045280903577804565, 1, 1.8067660789711226e-07, 5.5879368687783426e-08, -1.3457612624279136e-07, 0.933374285697937, -0.35890480875968933, -1.0989607801548118e-07, 0.35890477895736694, 0.9333742260932922),
            ["RightUpperArm"] = CFrame.new(-0.032726287841796875, -0.0030134916305541992, -0.032356757670640945, 0.4158169627189636, -0.011311988346278667, 0.9093781113624573, 0.21817205846309662, 0.9719644784927368, -0.08766957372426987, -0.8828914165496826, 0.23485536873340607, 0.40662720799446106),
            ["Head"] = CFrame.new(-5.093170329928398e-09, -0.0000010728836059570312, 1.983289621421136e-08, 0.99973464012146, 0.02240338735282421, 0.005363014992326498, -0.023029034957289696, 0.9778262376785278, 0.20814794301986694, -0.0005808802088722587, -0.20821629464626312, 0.9780826568603516),
            ["RightHand"] = CFrame.new(2.384185791015625e-07, 0.0000011920928955078125, -8.493661880493164e-07, 0.8942268490791321, -0.1484597772359848, 0.4222767651081085, 0.029943743720650673, 0.9611231088638306, 0.2744920253753662, -0.44661134481430054, -0.2328135371208191, 0.8639076948165894),
            ["UpperTorso"] = CFrame.new(5.838998617946345e-09, 2.384185791015625e-07, 1.5701516531407833e-08, 0.9999948740005493, 0.003210189053788781, -0.00016035388398449868, -0.003177632810547948, 0.9948954582214355, 0.10086168348789215, 0.00048332157894037664, -0.10086067020893097, 0.9949005246162415),
            ["HumanoidRootPart"] = CFrame.new(0, 0, 0, 1, 0, 0, 0, 1, 0, 0, 0, 1),
            ["RightUpperLeg"] = CFrame.new(2.9802322387695312e-08, 4.842877388000488e-08, 2.8448994271457195e-09, 0.9474741220474243, -0.3121345043182373, -0.06974964588880539, 0.2815856337547302, 0.9175077676773071, -0.2808718979358673, 0.15166570246219635, 0.2464783489704132, 0.957207441329956),
            ["LeftUpperArm"] = CFrame.new(0.02825826406478882, -0.0059615373611450195, -0.03220804035663605, -0.07445158809423447, 0.10260292142629623, -0.9919322729110718, -0.2306862771511078, 0.9659405946731567, 0.11722904443740845, 0.9701756834983826, 0.23755307495594025, -0.04824671521782875),
            ["RightLowerArm"] = CFrame.new(3.2782554626464844e-07, 5.364418029785156e-07, -0.000003978610038757324, 1, -0.000018939377696369775, 0.0000042244796532031614, 0.00001895334935397841, 0.9043625593185425, -0.4267650544643402, 0.000004312024429964367, 0.4267650544643402, 0.9043625593185425),
            ["LeftHand"] = CFrame.new(-0.000001430511474609375, -8.344650268554688e-07, 1.043081283569336e-07, 0.9439442157745361, 0.31962352991104126, 0.08252314478158951, -0.3299577534198761, 0.9060937762260437, 0.2648058533668518, 0.009864463470876217, -0.277191162109375, 0.9607642292976379),
            ["LeftFoot"] = CFrame.new(-5.587935447692871e-08, -5.960464477539063e-08, -1.4901161193847656e-08, 0.950615406036377, -0.3008597195148468, 0.07624837011098862, 0.31009379029273987, 0.9102694392204285, -0.27432000637054443, 0.013125133700668812, 0.2844168543815613, 0.9586108326911926),
            ["LowerTorso"] = CFrame.new(0.05662834271788597, -0.20503318309783936, 0.15518271923065186, 0.9996499419212341, -0.026350654661655426, 0.002378524513915181, 0.026457780972123146, 0.9956041574478149, -0.08984724432229996, -5.355748271540506e-07, 0.08987871557474136, 0.9959527254104614),
            ["RightLowerLeg"] = CFrame.new(4.470348358154297e-08, -0.0007264614105224609, 0.00004606490983860567, 1, 1.2665991278026922e-07, -1.4901164746561335e-08, -6.332992796842518e-08, 0.6944746375083923, 0.719517171382904, 7.450579886381092e-08, -0.719517171382904, 0.6944746375083923),
            ["LeftUpperLeg"] = CFrame.new(2.9802322387695312e-08, 1.210719347000122e-07, 2.1653249859809875e-08, 0.9106698036193848, 0.40837714076042175, 0.06251989305019379, -0.3598095774650574, 0.8583570122718811, -0.3657326102256775, -0.20302119851112366, 0.31056636571884155, 0.9286177754402161),
            ["LeftLowerLeg"] = CFrame.new(1.341104507446289e-07, -0.0007266402244567871, 0.00008100271224975586, 1, 8.940696716308594e-08, 2.9802318834981634e-08, -4.470348358154297e-08, 0.6630886793136597, 0.7485410571098328, 2.2351741790771484e-08, -0.7485409379005432, 0.6630885601043701),
        }},
        {Time = 0.200, Data = {
            ["RightFoot"] = CFrame.new(8.940696716308594e-08, -5.960464477539063e-08, 5.3849362302571535e-08, 0.952471911907196, 0.2860158383846283, -0.10484431684017181, -0.30448952317237854, 0.8835533857345581, -0.35583624243736267, -0.009139369241893291, 0.37084802985191345, 0.9286486506462097),
            ["LeftLowerArm"] = CFrame.new(0.0000013113021850585938, -1.1920928955078125e-07, 0.0000049211084842681885, 1, 1.788139627478813e-07, 9.313227877782992e-08, -1.5320260615681036e-07, 0.9470897316932678, -0.32096901535987854, -1.1548402767402877e-07, 0.32096895575523376, 0.9470897912979126),
            ["RightUpperArm"] = CFrame.new(-0.03318524360656738, -0.0002542734146118164, -0.030550150200724602, 0.4320010542869568, 0.005632521118968725, 0.9018555879592896, 0.20435993373394012, 0.9733587503433228, -0.10397022217512131, -0.878414511680603, 0.22921840846538544, 0.4193407893180847),
            ["Head"] = CFrame.new(-5.093170329928398e-09, -8.344650268554688e-07, -5.6197677622549236e-09, 0.9996560215950012, 0.025446409359574318, 0.006366671994328499, -0.026204386726021767, 0.9796698689460754, 0.19889754056930542, -0.0011760060442611575, -0.19899603724479675, 0.9799996614456177),
            ["RightHand"] = CFrame.new(1.7881393432617188e-07, 9.5367431640625e-07, -6.556510925292969e-07, 0.8931479454040527, -0.1276315599679947, 0.4312731921672821, 0.0007619105163030326, 0.9593187570571899, 0.2823242247104645, -0.44976237416267395, -0.2518286108970642, 0.8569111227989197),
            ["UpperTorso"] = CFrame.new(-7.57633245029865e-09, 5.960464477539063e-08, 2.176966518163681e-08, 0.9999919533729553, 0.004002811852842569, -0.000204415075131692, -0.003966024145483971, 0.9955851435661316, 0.09377972781658173, 0.0005788941634818912, -0.09377817809581757, 0.9955929517745972),
            ["HumanoidRootPart"] = CFrame.new(0, 0, 0, 1, 0, 0, 0, 1, 0, 0, 0, 1),
            ["RightUpperLeg"] = CFrame.new(8.940696716308594e-08, -7.729977369308472e-08, 2.5895133148878813e-08, 0.9533177018165588, -0.2952333986759186, -0.06342359632253647, 0.2685108184814453, 0.9248758554458618, -0.26927077770233154, 0.1381566971540451, 0.23967058956623077, 0.960973858833313),
            ["LeftUpperArm"] = CFrame.new(0.027801811695098877, -0.003934502601623535, -0.03036212921142578, -0.07756604254245758, 0.0918196588754654, -0.9927500486373901, -0.22368702292442322, 0.9687612652778625, 0.10707809776067734, 0.9715696573257446, 0.2303709089756012, -0.05460408702492714),
            ["RightLowerArm"] = CFrame.new(4.172325134277344e-07, 5.960464477539062e-07, -0.000003874301910400391, 1, -0.000019088392946287058, 0.0000037848953979846556, 0.000018937515051220544, 0.9148923754692078, -0.40369781851768494, 0.000004289672233426245, 0.4036978781223297, 0.9148923754692078),
            ["LeftHand"] = CFrame.new(-0.000001341104507446289, -0.0000013709068298339844, 2.3096799850463867e-07, 0.9352059960365295, 0.28877899050712585, 0.20492970943450928, -0.32122498750686646, 0.9353989362716675, 0.14779610931873322, -0.1490107774734497, -0.20404833555221558, 0.9675537943840027),
            ["LeftFoot"] = CFrame.new(-4.842877388000488e-08, 0, 1.862645149230957e-09, 0.9390025734901428, -0.3194563388824463, 0.12736475467681885, 0.3434368073940277, 0.8904590606689453, -0.2985532581806183, -0.018038421869277954, 0.32408398389816284, 0.9458563923835754),
            ["LowerTorso"] = CFrame.new(0.06794510036706924, -0.21600377559661865, 0.15414126217365265, 0.9994921088218689, -0.031741444021463394, 0.002865011105313897, 0.031870484352111816, 0.9954468011856079, -0.08983320742845535, -5.300979637468117e-07, 0.08987888693809509, 0.9959527254104614),
            ["RightLowerLeg"] = CFrame.new(-1.4901161193847656e-08, -0.000726163387298584, 0.000046150591515470296, 1, 9.685758328714655e-08, -7.450581485102248e-09, -2.2351745343485163e-08, 0.6989744305610657, 0.7151464819908142, 1.1548401346317405e-07, -0.7151466608047485, 0.698974609375),
            ["LeftUpperLeg"] = CFrame.new(0, -1.2945383787155151e-07, 1.525040715932846e-08, 0.9153918623924255, 0.40177837014198303, 0.02513987198472023, -0.3696478307247162, 0.8636351227760315, -0.34277501702308655, -0.1594313085079193, 0.3044806122779846, 0.9390811324119568),
            ["LeftLowerLeg"] = CFrame.new(7.450580596923828e-08, -0.0007268190383911133, 0.00008113309741020203, 1, 4.4703490686970326e-08, 5.21540641784668e-08, -5.960463766996327e-08, 0.6717427372932434, 0.7407846450805664, 7.4505797087454084e-09, -0.7407845258712769, 0.6717426180839539),
        }},
        {Time = 0.233, Data = {
            ["RightFoot"] = CFrame.new(2.0489096641540527e-07, 5.960464477539063e-08, 3.894820110872388e-08, 0.9508540034294128, 0.2871025800704956, -0.11596863716840744, -0.30955660343170166, 0.8727362751960754, -0.3775003254413605, -0.007171221077442169, 0.3948463499546051, 0.9187191128730774),
            ["LeftLowerArm"] = CFrame.new(0.0000014603137969970703, -7.152557373046875e-07, 0.00000451505184173584, 1, 2.0302834968788375e-07, 6.332993507385254e-08, -1.648441099177944e-07, 0.9592202305793762, -0.28265976905822754, -1.1641533603778953e-07, 0.2826597988605499, 0.9592202305793762),
            ["RightUpperArm"] = CFrame.new(-0.03340417146682739, 0.0022104978561401367, -0.028577029705047607, 0.40903016924858093, 0.0011969772167503834, 0.9125201106071472, 0.21560241281986237, 0.9715595841407776, -0.0979166030883789, -0.8866848349571228, 0.23679228127002716, 0.3971392810344696),
            ["Head"] = CFrame.new(7.821654435247183e-10, -5.960464477539062e-07, -1.029002305585891e-08, 0.9996984004974365, 0.023427274078130722, 0.007377790752798319, -0.024393204599618912, 0.9821040034294128, 0.18675318360328674, -0.0028706390876322985, -0.18687698245048523, 0.982379138469696),
            ["RightHand"] = CFrame.new(1.4901161193847656e-07, 0.0000010728836059570312, -7.003545761108398e-07, 0.9109503626823425, -0.1011422649025917, 0.39992430806159973, -0.02475365437567234, 0.9543271064758301, 0.29773667454719543, -0.41177281737327576, -0.2811228930950165, 0.8668410778045654),
            ["UpperTorso"] = CFrame.new(2.9747013741143746e-09, -8.940696716308594e-08, 2.1274900063872337e-08, 0.9999910593032837, 0.0042227040976285934, -0.00021887727780267596, -0.004188019782304764, 0.996250331401825, 0.08641713857650757, 0.0005829730653204024, -0.0864153504371643, 0.9962590336799622),
            ["HumanoidRootPart"] = CFrame.new(0, 0, 0, 1, 0, 0, 0, 1, 0, 0, 0, 1),
            ["RightUpperLeg"] = CFrame.new(5.960464477539063e-08, -2.738088369369507e-07, 1.8677383195608854e-08, 0.9555972814559937, -0.28891974687576294, -0.057960689067840576, 0.263485848903656, 0.9258308410644531, -0.2709473967552185, 0.13194380700588226, 0.2436448037624359, 0.9608476161956787),
            ["LeftUpperArm"] = CFrame.new(0.027584075927734375, -0.001689314842224121, -0.02837672084569931, -0.08028087019920349, 0.07876750826835632, -0.9936552047729492, -0.21693193912506104, 0.9715974926948547, 0.09454569220542908, 0.9728800058364868, 0.22314567863941193, -0.06091354787349701),
            ["RightLowerArm"] = CFrame.new(1.4901161193847656e-07, 4.172325134277344e-07, -0.0000037103891372680664, 1, -0.00001908838930830825, 0.00000356137752532959, 0.000018943102986668237, 0.9185003638267517, -0.3954203426837921, 0.0000043530021685000975, 0.3954204022884369, 0.9185003042221069),
            ["LeftHand"] = CFrame.new(-0.0000014528632164001465, -0.0000013709068298339844, 2.7567148208618164e-07, 0.9149562120437622, 0.26605212688446045, 0.3034321963787079, -0.29565879702568054, 0.9536912441253662, 0.05531025305390358, -0.2746655344963074, -0.1403188407421112, 0.9512463808059692),
            ["LeftFoot"] = CFrame.new(-1.0803341865539551e-07, -5.960464477539063e-08, -7.450580596923828e-09, 0.9308294057846069, -0.3278282880783081, 0.16150923073291779, 0.3634715974330902, 0.8764355182647705, -0.3158308267593384, -0.03801422193646431, 0.3526887595653534, 0.9349682927131653),
            ["LowerTorso"] = CFrame.new(0.07298452407121658, -0.22712254524230957, 0.15329135954380035, 0.9994120597839355, -0.03414676710963249, 0.003081895411014557, 0.034285563975572586, 0.9953672289848328, -0.0898263230919838, -3.39122578907336e-07, 0.08987917006015778, 0.9959526658058167),
            ["RightLowerLeg"] = CFrame.new(-1.4528632164001465e-07, -0.0007266402244567871, 0.00004609471216099337, 1, 1.1175875158642157e-07, -2.2351747119842003e-08, -7.450579886381092e-08, 0.6904513835906982, 0.7233787775039673, 8.195637946073475e-08, -0.7233787775039673, 0.690451443195343),
            ["LeftUpperLeg"] = CFrame.new(-5.960464477539063e-08, -1.4156103134155273e-07, 5.587935447692871e-09, 0.9184361100196838, 0.39555004239082336, -0.0039233071729540825, -0.3739226162433624, 0.8648976683616638, -0.33486416935920715, -0.1290622055530548, 0.3090183734893799, 0.9422582387924194),
            ["LeftLowerLeg"] = CFrame.new(6.332993507385254e-08, -0.0007265210151672363, 0.00008099060505628586, 1, 9.685753354915505e-08, 2.2351741790771484e-08, -5.21540641784668e-08, 0.6647887825965881, 0.7470313906669617, 6.51925802230835e-09, -0.7470315098762512, 0.6647887825965881),
        }},
        {Time = 0.267, Data = {
            ["RightFoot"] = CFrame.new(2.905726432800293e-07, 5.960464477539063e-08, 6.129994289949536e-08, 0.9499726295471191, 0.2900576591491699, -0.11583961546421051, -0.3119969666004181, 0.8640556931495667, -0.39505159854888916, -0.014495857059955597, 0.4114297330379486, 0.9113262295722961),
            ["LeftLowerArm"] = CFrame.new(0.0000014007091522216797, -5.364418029785156e-07, 0.000004699453711509705, 1, 1.8067660789711226e-07, 8.568168397005138e-08, -1.5483239224067802e-07, 0.9672991633415222, -0.253638356924057, -1.1455269088855857e-07, 0.2536383867263794, 0.9672991633415222),
            ["RightUpperArm"] = CFrame.new(-0.03402918577194214, 0.006428122520446777, -0.02665868028998375, 0.4044633209705353, -0.0034728434402495623, 0.914547860622406, 0.21917209029197693, 0.9712207317352295, -0.09324181079864502, -0.8879037499427795, 0.23815609514713287, 0.39358383417129517),
            ["Head"] = CFrame.new(-6.464688340201974e-09, -5.960464477539062e-07, -1.610169420018792e-08, 0.9998565912246704, 0.014516572467982769, 0.00872938521206379, -0.015836812555789948, 0.9839677214622498, 0.17764225602149963, -0.00601066742092371, -0.1777549386024475, 0.9840564727783203),
            ["RightHand"] = CFrame.new(2.682209014892578e-07, 0.0000013709068298339844, -8.642673492431641e-07, 0.9177650809288025, -0.07284042239189148, 0.39038628339767456, -0.060305047780275345, 0.9460716843605042, 0.3182951807975769, -0.39251837134361267, -0.31566232442855835, 0.8638790249824524),
            ["UpperTorso"] = CFrame.new(-4.4700954049403663e-10, 2.9802322387695312e-08, 2.1755113266408443e-08, 0.9999825954437256, -0.005900283344089985, 0.00020436118938960135, 0.005865640472620726, 0.9968506693840027, 0.0790853276848793, -0.0006703445105813444, -0.07908279448747635, 0.996867835521698),
            ["HumanoidRootPart"] = CFrame.new(0, 0, 0, 1, 0, 0, 0, 1, 0, 0, 0, 1),
            ["RightUpperLeg"] = CFrame.new(-8.940696716308594e-08, -1.0710209608078003e-07, 2.1122104953974485e-08, 0.9519926905632019, -0.3025606870651245, -0.04655151441693306, 0.2768584191799164, 0.9158598780632019, -0.2907754182815552, 0.13061189651489258, 0.26392778754234314, 0.9556582570075989),
            ["LeftUpperArm"] = CFrame.new(0.026990652084350586, -0.0021736621856689453, -0.026214536279439926, -0.08211695402860641, 0.06797999143600464, -0.9943015575408936, -0.2115032821893692, 0.973757266998291, 0.08404288440942764, 0.973921537399292, 0.21719928085803986, -0.06558388471603394),
            ["RightLowerArm"] = CFrame.new(2.9802322387695312e-08, 3.5762786865234375e-07, -0.000003948807716369629, 1, -0.000019088387489318848, 0.000003516674041748047, 0.000018966387870023027, 0.9186273813247681, -0.3951250910758972, 0.000004267320946382824, 0.39512497186660767, 0.9186273217201233),
            ["LeftHand"] = CFrame.new(-0.0000013671815395355225, -0.0000013113021850585938, 1.7881393432617188e-07, 0.8974328637123108, 0.25641441345214844, 0.35897842049598694, -0.2747058868408203, 0.9615284204483032, -0.000055223728850251064, -0.3451824486255646, -0.09856388717889786, 0.9333459138870239),
