return {
    ["Breakneck"] = {
        {Time = 0.000, Data = {
            ["LeftFoot"] = CFrame.new(5.960464477539063e-08, 1.1920928955078125e-07, -3.725290298461914e-09, 0.9099300503730774, 0.0068758148699998856, 0.4147050678730011, -0.28725966811180115, 0.7316812872886658, 0.6181625723838806, -0.2991810441017151, -0.6816122531890869, 0.6677534580230713),
            ["LeftLowerArm"] = CFrame.new(-0.000532686710357666, -0.00010138750076293945, 5.662441253662109e-07, 1, 8.195512890551981e-08, -1.6391179258334887e-07, -1.415639871993335e-07, 0.9397603869438171, -0.34183380007743835, 1.192117764503564e-07, 0.3418339192867279, 0.9397605061531067),
            ["LowerTorso"] = CFrame.new(-0.037755727767944336, 0.01912856101989746, -0.28333136439323425, 0.9775951504707336, 0.1936350166797638, -0.08254271745681763, -0.21043355762958527, 0.9084513187408447, -0.3611564338207245, 0.005053515546023846, 0.3704345226287842, 0.9288448691368103),
            ["Head"] = CFrame.new(-2.584420144557953e-08, 1.1920928955078125e-07, 1.1525116860866547e-08, 0.9363897442817688, 0.05834514647722244, -0.34607821702957153, -0.0710844174027443, 0.9971762299537659, -0.024220874533057213, 0.3436877429485321, 0.04728095978498459, 0.9378930330276489),
            ["RightUpperArm"] = CFrame.new(0.0023336410522460938, -0.0019669532775878906, 2.9802322387695312e-08, 0.9187957644462585, -0.2972963750362396, 0.25960439443588257, 0.38337060809135437, 0.5154828429222107, -0.7663738131523132, 0.09402909874916077, 0.8036742806434631, 0.5876027345657349),
            ["UpperTorso"] = CFrame.new(-3.550667315721512e-09, -2.682209014892578e-07, -7.89295881986618e-08, 0.8995937705039978, -0.22931000590324402, 0.37168288230895996, -0.03412426635622978, 0.8115537762641907, 0.5832805037498474, -0.43539273738861084, -0.5373988151550293, 0.7222435474395752),
            ["HumanoidRootPart"] = CFrame.new(0, 0, 0, 1, 0, 0, 0, 1, 0, 0, 0, 1),
            ["RightHand"] = CFrame.new(-5.364418029785156e-07, 3.5762786865234375e-07, 5.662441253662109e-07, 0.7571375370025635, 0.09980945289134979, -0.6455855369567871, -0.08982132375240326, 0.9947786331176758, 0.048453908413648605, 0.6470509171485901, 0.021301081404089928, 0.7621492743492126),
            ["LeftUpperArm"] = CFrame.new(-0.002333402633666992, -0.001967191696166992, 7.171183824539185e-08, 0.9461776614189148, 0.3032226264476776, 0.11304932087659836, -0.3017819821834564, 0.7004538178443909, 0.6467680931091309, 0.1169428825378418, -0.6460809111595154, 0.7542617917060852),
            ["RightLowerArm"] = CFrame.new(0.00003236532211303711, -0.0000010728836059570312, -2.980232238769531e-07, 1, -8.567971576667333e-08, 2.0861357086232601e-07, 2.5705418238430866e-07, 0.6079890131950378, -0.7939455509185791, -1.4901692324542637e-08, 0.7939454913139343, 0.6079889535903931),
            ["LeftHand"] = CFrame.new(2.682209014892578e-07, 0.00009971857070922852, 5.364418029785156e-07, 0.9082208871841431, 0.18183398246765137, -0.37692341208457947, -0.20864668488502502, 0.9774936437606812, -0.03118845261633396, 0.3627689778804779, 0.10696972161531448, 0.9257192611694336),
            ["RightUpperLeg"] = CFrame.new(4.172325134277344e-07, -8.121132850646973e-07, 7.653579814359546e-08, 0.9904452562332153, -0.09995430707931519, 0.09501319378614426, 0.11134948581457138, 0.9860944747924805, -0.1233648732304573, -0.08136110007762909, 0.1327657550573349, 0.9878023862838745),
            ["LeftUpperLeg"] = CFrame.new(5.960464477539063e-08, -5.438923835754395e-07, -8.940696716308594e-08, 0.27605971693992615, 0.10558494925498962, 0.9553234577178955, 0.9368080496788025, 0.1926758885383606, -0.29200437664985657, -0.214899480342865, 0.9755654335021973, -0.04572291299700737),
            ["RightLowerLeg"] = CFrame.new(0, -0.0000035762786865234375, -0.000013481992937158793, 1, -1.6856940021625633e-07, -9.406358003616333e-08, 1.601874686230076e-07, 0.9518894553184509, 0.3064415752887726, -6.891786341611805e-08, -0.3064417839050293, 0.9518894553184509),
            ["RightFoot"] = CFrame.new(5.029141902923584e-08, 2.384185791015625e-07, -5.3718395065516233e-08, 0.9970950484275818, -0.07024829834699631, -0.029438413679599762, 0.07585379481315613, 0.9508578777313232, 0.3001925051212311, 0.006903856061398983, -0.3015533983707428, 0.953424334526062),
            ["LeftLowerLeg"] = CFrame.new(1.4901161193847656e-07, 0.000003933906555175781, 0.000013396143913269043, 1, -4.032629590255965e-07, -3.948804021547403e-07, 3.129242998056725e-07, -0.2248145192861557, 0.9744015336036682, -4.1723239974089665e-07, -0.9744016528129578, -0.22481486201286316),
        }},
        {Time = 0.033, Data = {
            ["LeftFoot"] = CFrame.new(-9.685754776000977e-08, 1.7881393432617188e-07, 1.0058283805847168e-07, 0.9364871382713318, 0.01767224259674549, 0.35025662183761597, -0.23878231644630432, 0.7636052966117859, 0.5999091863632202, -0.25685563683509827, -0.645441472530365, 0.7193256616592407),
            ["LeftLowerArm"] = CFrame.new(-0.0005330443382263184, -0.00010138750076293945, 4.172325134277344e-07, 1, 1.378337515234307e-07, -1.6391167889651115e-07, -1.5506844874835224e-07, 0.9913036823272705, -0.13159413635730743, 1.1176103953403072e-07, 0.13159410655498505, 0.9913037419319153),
            ["LowerTorso"] = CFrame.new(-0.029715927317738533, 0.04187917709350586, -0.20718832314014435, 0.9792236685752869, 0.18982568383216858, -0.07132565975189209, -0.20277294516563416, 0.9130222797393799, -0.35394006967544556, -0.0020649863872677088, 0.3610493838787079, 0.9325445294380188),
            ["Head"] = CFrame.new(-8.719507604837418e-08, -1.1920928955078125e-07, 2.9453076422214508e-08, 0.9156789779663086, 0.07823989540338516, -0.3942214250564575, -0.079605832695961, 0.9967427253723145, 0.01291573140770197, 0.3939478397369385, 0.01955566368997097, 0.9189248085021973),
            ["RightUpperArm"] = CFrame.new(0.0023336410522460938, -0.001967191696166992, -2.9802322387695312e-08, 0.9214010834693909, -0.31661972403526306, 0.22525149583816528, 0.365705668926239, 0.5104566216468811, -0.7782771587371826, 0.13145174086093903, 0.7994911074638367, 0.586128294467926),
            ["UpperTorso"] = CFrame.new(7.369089871644974e-08, -2.086162567138672e-07, -1.30385160446167e-08, 0.8808302879333496, -0.2266097217798233, 0.41567566990852356, -0.04318772256374359, 0.8358827829360962, 0.5472062826156616, -0.4714582860469818, -0.49994799494743347, 0.7264840602874756),
            ["HumanoidRootPart"] = CFrame.new(0, 0, 0, 1, 0, 0, 0, 1, 0, 0, 0, 1),
            ["RightHand"] = CFrame.new(-5.960464477539063e-08, -2.384185791015625e-07, 2.980232238769531e-07, 0.7426137328147888, 0.11609209328889847, -0.6595813035964966, -0.08226769417524338, 0.9932153820991516, 0.08219058811664581, 0.6646479368209839, -0.006773626431822777, 0.747126042842865),
            ["LeftUpperArm"] = CFrame.new(-0.002333402633666992, -0.0019675493240356445, -1.4901161193847656e-08, 0.9336846470832825, 0.3530333638191223, 0.05976672098040581, -0.3047631084918976, 0.6958475708961487, 0.6503337025642395, 0.18802288174629211, -0.6254308819770813, 0.7572938203811646),
            ["RightLowerArm"] = CFrame.new(0.00003236532211303711, -9.5367431640625e-07, -4.76837158203125e-07, 1, -1.1175619363257283e-07, 1.8626222697548656e-07, 1.8254544897899905e-07, 0.7174777984619141, -0.6965813636779785, -4.4705007695711174e-08, 0.6965814232826233, 0.7174778580665588),
            ["LeftHand"] = CFrame.new(2.682209014892578e-07, 0.00009948015213012695, 3.5762786865234375e-07, 0.907184898853302, 0.18267777562141418, -0.37900471687316895, -0.20956480503082275, 0.9773172736167908, -0.030553264543414116, 0.3648264408111572, 0.10714354366064072, 0.9248902797698975),
            ["RightUpperLeg"] = CFrame.new(4.172325134277344e-07, -8.866190910339355e-07, 1.2868986232206225e-07, 0.9930505752563477, -0.08562050014734268, 0.0807449072599411, 0.10148525983095169, 0.9704036116600037, -0.21912916004657745, -0.05959353595972061, 0.22580070793628693, 0.9723490476608276),
            ["LeftUpperLeg"] = CFrame.new(-5.960464477539063e-08, -3.501772880554199e-07, 1.1920928955078125e-07, 0.3105051517486572, 0.07945936918258667, 0.9472448825836182, 0.9452094435691833, 0.07988731563091278, -0.3165391981601715, -0.1008247584104538, 0.993631899356842, -0.05030065029859543),
            ["RightLowerLeg"] = CFrame.new(-5.587935447692871e-09, -0.0000034570693969726562, -0.000013460572517942637, 1, -1.3032695278525352e-07, 2.3283061589829401e-10, 9.033830394855613e-08, 0.8132293820381165, 0.5819430947303772, -2.980232594040899e-08, -0.5819432735443115, 0.813229501247406),
            ["RightFoot"] = CFrame.new(2.60770320892334e-08, 4.172325134277344e-07, 3.848253982141614e-08, 0.9973801970481873, -0.06523935496807098, -0.031251225620508194, 0.0703900158405304, 0.9748634696006775, 0.21139244735240936, 0.01667485572397709, -0.2130381464958191, 0.9769015908241272),
            ["LeftLowerLeg"] = CFrame.new(2.8312206268310547e-07, 0.000003993511199951172, 0.00001329183578491211, 1, -1.8067686369249714e-07, -2.3096779955267266e-07, 1.6018749704471702e-07, -0.2688843011856079, 0.9631723761558533, -1.8626454334480513e-07, -0.9631724953651428, -0.2688847780227661),
        }},
        {Time = 0.067, Data = {
            ["LeftFoot"] = CFrame.new(-5.960464477539063e-08, -1.1920928955078125e-07, 1.6763806343078613e-08, 0.9789681434631348, 0.03867218643426895, 0.20031481981277466, -0.15071456134319305, 0.7988529801368713, 0.5823397040367126, -0.13750140368938446, -0.6002820730209351, 0.7878797054290771),
            ["LeftLowerArm"] = CFrame.new(-0.0005329251289367676, -0.00010120868682861328, 7.748603820800781e-07, 1, 1.5273475639787648e-07, -7.450527306218646e-08, -1.229372372790749e-07, 1, 6.612342673406602e-08, 1.192118617154847e-07, 8.195523548693018e-08, 1),
            ["LowerTorso"] = CFrame.new(-0.022633235901594162, 0.050776004791259766, -0.14862515032291412, 0.982384979724884, 0.17702820897102356, -0.05984030291438103, -0.18684692680835724, 0.9256791472434998, -0.32894769310951233, -0.0028401026502251625, 0.33433422446250916, 0.9424504041671753),
            ["Head"] = CFrame.new(-9.383074939250946e-08, -4.76837158203125e-07, 7.334165275096893e-09, 0.8947301506996155, 0.11344906687736511, -0.43195751309394836, -0.08943650126457214, 0.9931207895278931, 0.07557934522628784, 0.43756043910980225, -0.028990378603339195, 0.8987215757369995),
            ["RightUpperArm"] = CFrame.new(0.0023336410522460938, -0.001967906951904297, -5.960464477539063e-08, 0.932836651802063, -0.316473126411438, 0.17213737964630127, 0.3309813439846039, 0.5639929175376892, -0.7565591931343079, 0.14236295223236084, 0.7627299427986145, 0.6308621168136597),
            ["UpperTorso"] = CFrame.new(-7.104608812369406e-08, 2.384185791015625e-07, 7.683411240577698e-09, 0.8631777763366699, -0.21673256158828735, 0.45601651072502136, -0.03043965809047222, 0.8792003393173218, 0.4754787087440491, -0.5039817690849304, -0.42430368065834045, 0.7523090243339539),
            ["HumanoidRootPart"] = CFrame.new(0, 0, 0, 1, 0, 0, 0, 1, 0, 0, 0, 1),
            ["RightHand"] = CFrame.new(1.1920928955078125e-07, -2.384185791015625e-07, 4.470348358154297e-07, 0.7434918284416199, 0.0894322618842125, -0.6627380847930908, -0.08992911875247955, 0.9953868985176086, 0.033434197306632996, 0.662670910358429, 0.03474139794707298, 0.7481045722961426),
            ["LeftUpperArm"] = CFrame.new(-0.002333402633666992, -0.0019676685333251953, 2.9802322387695312e-08, 0.9157963991165161, 0.4008685350418091, -0.024221669882535934, -0.2935273349285126, 0.7092462778091431, 0.6409610509872437, 0.2741510570049286, -0.5798914432525635, 0.7671912312507629),
            ["RightLowerArm"] = CFrame.new(0.00003212690353393555, -5.364418029785156e-07, 2.384185791015625e-07, 1, -5.77407206492353e-08, 2.3469051768643112e-07, 2.2352496387156862e-07, 0.7498303651809692, -0.6616302728652954, -1.043116455434756e-07, 0.6616302132606506, 0.7498303055763245),
            ["LeftHand"] = CFrame.new(-5.960464477539063e-08, 0.00009995698928833008, 6.854534149169922e-07, 0.9030698537826538, 0.18603023886680603, -0.38711461424827576, -0.21317826211452484, 0.976612389087677, -0.02798992581665516, 0.3728539049625397, 0.10780119150876999, 0.9216066002845764),
            ["RightUpperLeg"] = CFrame.new(1.7881393432617188e-07, -3.7997961044311523e-07, 8.957431418821216e-08, 0.9957847595214844, -0.06884478032588959, 0.06060703843832016, 0.08369455486536026, 0.952340304851532, -0.2933310270309448, -0.03752397000789642, 0.29716742038726807, 0.9540879130363464),
            ["LeftUpperLeg"] = CFrame.new(1.1920928955078125e-07, -3.241002559661865e-07, 9.12696123123169e-08, 0.4731809198856354, 0.028380578383803368, 0.8805080652236938, 0.8769245743751526, 0.08044438809156418, -0.4738480746746063, -0.08427996188402176, 0.9963549971580505, 0.013177040964365005),
            ["RightLowerLeg"] = CFrame.new(7.450580596923828e-08, -0.0000034570693969726562, -0.000013454053259920329, 1, -2.2316820036394347e-07, -5.215408194203519e-08, 2.65892651896138e-07, 0.6752406358718872, 0.7375972867012024, -1.0710212450248946e-07, -0.7375975251197815, 0.6752408742904663),
            ["RightFoot"] = CFrame.new(-1.816079020500183e-08, 2.980232238769531e-07, -5.75528247281909e-09, 0.9979301691055298, -0.054715026170015335, -0.03378826379776001, 0.060994185507297516, 0.9718052744865417, 0.22775954008102417, 0.0203733891248703, -0.22934889793395996, 0.973131000995636),
            ["LeftLowerLeg"] = CFrame.new(-5.066394805908203e-07, 0.000003933906555175781, 0.000013202428817749023, 1, -6.407506134564755e-07, -7.748598136458895e-07, 3.976747962042282e-07, -0.10971145331859589, 0.9939634203910828, -6.929040523573349e-07, -0.9939635396003723, -0.10971196740865707),
        }},
        {Time = 0.100, Data = {
            ["LeftFoot"] = CFrame.new(-2.2351741790771484e-08, -5.960464477539063e-08, 3.3527612686157227e-08, 0.9995392560958862, 0.014744078740477562, 0.02653188817203045, -0.02823503315448761, 0.7724276185035706, 0.63447505235672, -0.011139079928398132, -0.6349318027496338, 0.7724879384040833),
            ["LeftLowerArm"] = CFrame.new(-0.0005331039428710938, -0.0001016855239868164, -5.960464477539063e-08, 1, 1.6391038570873206e-07, -1.3410944177394413e-07, -1.7136717644916644e-07, 1, 2.9802098566733548e-08, 8.940895668274607e-08, -3.352712596438323e-08, 1),
            ["LowerTorso"] = CFrame.new(-0.016733907163143158, 0.03469586372375488, -0.10267844796180725, 0.9867825508117676, 0.14415520429611206, -0.07402423024177551, -0.15952670574188232, 0.944445013999939, -0.2873583436012268, 0.028487613424658775, 0.295369029045105, 0.9549584984779358),
            ["Head"] = CFrame.new(-6.984919309616089e-08, 2.384185791015625e-07, 2.0489096641540527e-08, 0.8791637420654297, 0.1456022560596466, -0.45373037457466125, -0.0978984460234642, 0.9870527982711792, 0.12705422937870026, 0.46635523438453674, -0.06728192418813705, 0.8820352554321289),
            ["RightUpperArm"] = CFrame.new(0.002333521842956543, -0.001967191696166992, 0, 0.9566044807434082, -0.27711403369903564, 0.08997826278209686, 0.26127326488494873, 0.6790855526924133, -0.6859972476959229, 0.12901219725608826, 0.6797431111335754, 0.7220192551612854),
            ["UpperTorso"] = CFrame.new(2.2497260943055153e-08, -5.960464477539062e-07, 7.869675755500793e-08, 0.839381217956543, -0.19766536355018616, 0.5063276290893555, -0.02115410380065441, 0.9189456701278687, 0.39381644129753113, -0.5431313514709473, -0.3412730395793915, 0.7671642899513245),
            ["HumanoidRootPart"] = CFrame.new(0, 0, 0, 1, 0, 0, 0, 1, 0, 0, 0, 1),
            ["RightHand"] = CFrame.new(-2.980232238769531e-07, -4.76837158203125e-07, 9.685754776000977e-07, 0.7487764954566956, 0.01904870942234993, -0.662548840045929, -0.08051041513681412, 0.9947994947433472, -0.06238734349608421, 0.6579148173332214, 0.1000562384724617, 0.7464160323143005),
            ["LeftUpperArm"] = CFrame.new(-0.0023331642150878906, -0.0019674301147460938, 0, 0.8993281722068787, 0.41906484961509705, -0.12471041083335876, -0.2673373818397522, 0.7527180910110474, 0.601637065410614, 0.34603413939476013, -0.5077402591705322, 0.7889741063117981),
            ["RightLowerArm"] = CFrame.new(0.00003254413604736328, -0.0000013709068298339844, -8.344650268554688e-07, 1, -7.101174048784742e-08, 2.1233888958249736e-07, 2.309760702701169e-07, 0.6683552265167236, -0.743842363357544, -5.96067266656064e-08, 0.7438423037528992, 0.6683552265167236),
            ["LeftHand"] = CFrame.new(8.940696716308594e-08, 0.00010007619857788086, 1.1920928955078125e-07, 0.8940109014511108, 0.19309990108013153, -0.40429815649986267, -0.2207539975643158, 0.9750715494155884, -0.02243458852171898, 0.3898875117301941, 0.10930724442005157, 0.9143520593643188),
            ["RightUpperLeg"] = CFrame.new(1.7881393432617188e-07, -6.817281246185303e-07, -6.129994289949536e-08, 0.9976291656494141, -0.022686775773763657, 0.06497202813625336, 0.044681303203105927, 0.9315786361694336, -0.36078354716300964, -0.052341658622026443, 0.36283135414123535, 0.9303836822509766),
            ["LeftUpperLeg"] = CFrame.new(5.960464477539063e-08, -2.5704503059387207e-07, 1.341104507446289e-07, 0.6724993586540222, -0.06040719896554947, 0.7376288175582886, 0.7316840291023254, 0.2041221708059311, -0.6503629088401794, -0.11128000169992447, 0.9770799279212952, 0.18147093057632446),
            ["RightLowerLeg"] = CFrame.new(4.7963112592697144e-08, -0.0000034570693969726562, -0.000013321805454324931, 1, -7.986090366784993e-08, -1.4901161193847656e-08, 2.9336661100387573e-08, 0.6379610300064087, 0.7700687050819397, 1.6298145055770874e-08, -0.7700687050819397, 0.6379609107971191),
            ["RightFoot"] = CFrame.new(2.0721927285194397e-08, 2.384185791015625e-07, 1.5665136743336916e-08, 0.9978854656219482, -0.05306418240070343, -0.03753391653299332, 0.06113646551966667, 0.9623492360115051, 0.26485177874565125, 0.02206668071448803, -0.2665863335132599, 0.9635584950447083),
            ["LeftLowerLeg"] = CFrame.new(-1.7136335372924805e-07, 0.0000037550926208496094, 0.000013339798897504807, 1, 2.0489103746967885e-07, 1.2665984172599565e-07, -1.6763810606335028e-07, 0.30656006932258606, 0.9518515467643738, 1.1504747021717776e-07, -0.9518513679504395, 0.30655938386917114),
        }},
        {Time = 0.133, Data = {
            ["LeftFoot"] = CFrame.new(3.4458935260772705e-08, 5.960464477539063e-08, 3.632158041000366e-08, 0.9977693557739258, -0.0419519878923893, -0.0519271045923233, 0.06665052473545074, 0.6698262095451355, 0.7395212054252625, 0.0037578647024929523, -0.7413318157196045, 0.6711273789405823),
            ["LeftLowerArm"] = CFrame.new(-0.0005323886871337891, -0.00010079145431518555, -1.7881393432617188e-07, 1, 1.5645984774437238e-07, -8.940628504205961e-08, -1.4901496570018935e-07, 1, 2.2351571260514902e-08, 1.1921197540232242e-07, -1.3038320645364365e-08, 1),
            ["LowerTorso"] = CFrame.new(-0.012243211269378662, -0.00452113151550293, -0.0643848404288292, 0.9917892217636108, 0.07983793318271637, -0.09990093857049942, -0.10205791145563126, 0.9648663997650146, -0.24210980534553528, 0.07706151157617569, 0.2503175437450409, 0.965092122554779),
            ["Head"] = CFrame.new(-7.59027898311615e-08, -4.76837158203125e-07, 1.6763806343078613e-08, 0.873445451259613, 0.17489904165267944, -0.45442643761634827, -0.09832550585269928, 0.9773910045623779, 0.18718712031841278, 0.47689110040664673, -0.11881600320339203, 0.8708946704864502),
            ["RightUpperArm"] = CFrame.new(0.002333402633666992, -0.0019669532775878906, -4.470348358154297e-08, 0.9834077954292297, -0.1760200411081314, 0.043800704181194305, 0.16804012656211853, 0.793004035949707, -0.5855877995491028, 0.06834986805915833, 0.5832337141036987, 0.809424877166748),
            ["UpperTorso"] = CFrame.new(4.190951585769653e-08, -8.940696716308594e-08, -1.792795956134796e-08, 0.822395384311676, -0.13990913331508636, 0.5514448285102844, -0.032012712210416794, 0.9563735723495483, 0.29038727283477783, -0.5680149793624878, -0.2564663887023926, 0.7820383310317993),
            ["HumanoidRootPart"] = CFrame.new(0, 0, 0, 1, 0, 0, 0, 1, 0, 0, 0, 1),
            ["RightHand"] = CFrame.new(-2.384185791015625e-07, 5.960464477539063e-08, 8.195638656616211e-07, 0.8053693771362305, -0.013362547382712364, -0.5926227569580078, -0.15476533770561218, 0.9603299498558044, -0.2319786250591278, 0.5722131133079529, 0.27854588627815247, 0.7713521718978882),
            ["LeftUpperArm"] = CFrame.new(-0.002333402633666992, -0.0019680261611938477, -1.341104507446289e-07, 0.8948891758918762, 0.3962581157684326, -0.2052059769630432, -0.23148483037948608, 0.8053563237190247, 0.5457436442375183, 0.38155999779701233, -0.44088634848594666, 0.8124374151229858),
            ["RightLowerArm"] = CFrame.new(0.00003266334533691406, -0.000001430511474609375, 1.1920928955078125e-07, 1, -4.74963464114353e-08, 2.309650284360032e-07, 2.3842713403610105e-07, 0.5766947865486145, -0.816959798336029, -8.941017881625157e-08, 0.8169597387313843, 0.5766947269439697),
            ["LeftHand"] = CFrame.new(0, 0.00009995698928833008, 3.8743019104003906e-07, 0.8777492642402649, 0.20504134893417358, -0.43302932381629944, -0.23337246477603912, 0.9723051190376282, -0.012654362246394157, 0.41844192147254944, 0.1121644601225853, 0.901291012763977),
            ["RightUpperLeg"] = CFrame.new(2.980232238769531e-07, -3.91155481338501e-08, -7.620110409334302e-08, 0.9957935214042664, 0.056764449924230576, 0.07192462682723999, -0.026204051449894905, 0.9286236763000488, -0.3700965344905853, -0.08779950439929962, 0.366655170917511, 0.9262048602104187),
            ["LeftUpperLeg"] = CFrame.new(5.960464477539063e-08, -4.470348358154297e-08, -7.82310962677002e-08, 0.8418434262275696, -0.27441635727882385, 0.4647529721260071, 0.5236492156982422, 0.6238579154014587, -0.580166220664978, -0.13073280453681946, 0.7317765951156616, 0.668888509273529),
            ["RightLowerLeg"] = CFrame.new(-4.516914486885071e-08, -0.0000035762786865234375, -0.00001330131635768339, 1, -4.190951941041021e-08, 1.9557786501422925e-08, -1.3969840395589017e-08, 0.6831974983215332, 0.7302334904670715, 3.3527616238870905e-08, -0.7302337288856506, 0.6831977963447571),
            ["RightFoot"] = CFrame.new(1.0244548320770264e-08, 1.7881393432617188e-07, -5.75528247281909e-09, 0.996884286403656, -0.0690656304359436, -0.038103409111499786, 0.07463777810335159, 0.9821934103965759, 0.17241044342517853, 0.025517547503113747, -0.1747172772884369, 0.9842880368232727),
            ["LeftLowerLeg"] = CFrame.new(6.332993507385254e-08, 0.000003933906555175781, 0.000013478100299835205, 1, -2.607702853651972e-08, -4.470347647611561e-08, 1.1920930376163597e-07, 0.9999845027923584, 0.0055770049802958965, 2.2351745343485163e-08, -0.005577913951128721, 0.9999845027923584),
        }},
        {Time = 0.167, Data = {
            ["LeftFoot"] = CFrame.new(1.4901161193847656e-08, -5.960464477539063e-08, 1.4156103134155273e-07, 0.9999992251396179, 0.0006382506689988077, 0.0011154711246490479, -0.000910673406906426, 0.9642782211303711, 0.2648906707763672, -0.0009066258789971471, -0.26489096879959106, 0.9642778635025024),
            ["LeftLowerArm"] = CFrame.new(-0.0005325675010681152, -0.00010156631469726562, 2.980232238769531e-07, 1, 1.5645991879864596e-07, -1.1175787051342922e-07, -1.601910213366864e-07, 1, 0, 1.2666266968608397e-07, -6.053508627701376e-08, 1),
            ["LowerTorso"] = CFrame.new(-0.009388231672346592, -0.0880427360534668, -0.028736568987369537, 0.9924061298370361, 0.009347868151962757, -0.12264925986528397, -0.034613706171512604, 0.9780382513999939, -0.20553149282932281, 0.11803438514471054, 0.20821604132652283, 0.9709346294403076),
            ["Head"] = CFrame.new(-8.568167686462402e-08, -2.384185791015625e-07, -1.30385160446167e-08, 0.8817030787467957, 0.14376483857631683, -0.44936782121658325, -0.09503123164176941, 0.987038791179657, 0.12931974232196808, 0.46213504672050476, -0.0713176503777504, 0.8839372396469116),
            ["RightUpperArm"] = CFrame.new(0.002333521842956543, -0.0019674301147460938, -5.587935447692871e-09, 0.9966443777084351, -0.05514814332127571, 0.06047724932432175, 0.07855906337499619, 0.8520549535751343, -0.517524778842926, -0.022992383688688278, 0.5205392241477966, 0.8535283803939819),
            ["UpperTorso"] = CFrame.new(-4.563480615615845e-08, 3.8743019104003906e-07, 4.534376785159111e-08, 0.8230480551719666, -0.06605264544487, 0.5641179084777832, -0.05479922145605087, 0.9793460965156555, 0.19462382793426514, -0.5653220415115356, -0.19109803438186646, 0.8024291396141052),
            ["HumanoidRootPart"] = CFrame.new(0, 0, 0, 1, 0, 0, 0, 1, 0, 0, 0, 1),
            ["RightHand"] = CFrame.new(-2.086162567138672e-07, -1.7881393432617188e-07, 1.2665987014770508e-07, 0.96242755651474, -0.16089025139808655, -0.2187407910823822, 0.05707554519176483, 0.9074272513389587, -0.4163150489330292, 0.26547232270240784, 0.38818827271461487, 0.8825159072875977),
            ["LeftUpperArm"] = CFrame.new(-0.002333402633666992, -0.0019674301147460938, 1.30385160446167e-08, 0.9093434810638428, 0.33600035309791565, -0.24527378380298615, -0.19087651371955872, 0.860866904258728, 0.4716888964176178, 0.3696763813495636, -0.38211536407470703, 0.846965491771698),
            ["RightLowerArm"] = CFrame.new(0.00003266334533691406, -5.960464477539062e-07, 0, 1, -1.4528298208915658e-07, 2.272398376135243e-07, 2.4587785674157203e-07, 0.6142029762268066, -0.789148211479187, -4.8430489840711743e-08, 0.7891481518745422, 0.6142029762268066),
            ["LeftHand"] = CFrame.new(1.862645149230957e-07, 0.00009953975677490234, 4.470348358154297e-07, 0.8344398736953735, 0.17328648269176483, -0.5231461524963379, -0.15606258809566498, 0.9847216606140137, 0.07725206017494202, 0.5285400152206421, 0.01718129962682724, 0.8487344980239868),
            ["RightUpperLeg"] = CFrame.new(5.960464477539063e-08, -4.2188912630081177e-07, -9.145878721028566e-09, 0.9874944686889648, 0.13979896903038025, 0.0728764757514, -0.10096800327301025, 0.9158229827880859, -0.388682097196579, -0.1210794672369957, 0.3764634132385254, 0.9184852838516235),
            ["LeftUpperLeg"] = CFrame.new(2.384185791015625e-07, -8.009374141693115e-08, 1.1175870895385742e-08, 0.9436931014060974, -0.0845760777592659, 0.3198286294937134, 0.30710580945014954, 0.583411693572998, -0.7518752217292786, -0.12300139665603638, 0.8077608942985535, 0.5765356421470642),
            ["RightLowerLeg"] = CFrame.new(-2.2351741790771484e-08, -0.0000036954879760742188, -0.000013541597581934184, 1, -1.1757948925605888e-07, -1.2665987014770508e-07, 1.657754324924099e-07, 0.7097886800765991, 0.7044146060943604, -1.3597311010471458e-07, -0.7044146656990051, 0.7097888588905334),
            ["RightFoot"] = CFrame.new(-8.847564458847046e-09, 1.7881393432617188e-07, -2.1587766241282225e-08, 0.9951346516609192, -0.09341806173324585, -0.031307853758335114, 0.0934070348739624, 0.9956263899803162, -0.0018133084522560239, 0.03134061396121979, -0.0011196212144568563, 0.9995082020759583),
            ["LeftLowerLeg"] = CFrame.new(-1.1175870895385742e-07, 0.000003874301910400391, 0.000013358891010284424, 1, 4.4703490686970326e-08, 7.264316082000732e-08, 5.587936158235607e-08, 0.9999839067459106, 0.005675453692674637, -1.4901162970204496e-08, -0.005675890017300844, 0.9999839663505554),
        }},
        {Time = 0.200, Data = {
            ["LeftFoot"] = CFrame.new(1.4901161193847656e-08, -5.960464477539063e-08, 3.725290298461914e-09, 0.9895610213279724, 0.14400750398635864, 0.005557125899940729, -0.14407825469970703, 0.9894440174102783, 0.015561417676508427, -0.003257703734561801, -0.016198929399251938, 0.9998635053634644),
            ["LeftLowerArm"] = CFrame.new(-0.0005330443382263184, -0.00010138750076293945, -1.9371509552001953e-07, 1, 1.6018520909710787e-07, -8.568105158701655e-08, -1.601909360715581e-07, 1, 3.818394844756767e-08, 1.080357492355688e-07, -2.8870589474649933e-08, 1),
            ["LowerTorso"] = CFrame.new(-0.008393775671720505, -0.20831680297851562, 0.007392294704914093, 0.990415632724762, -0.03565327823162079, -0.13343869149684906, 0.009057785384356976, 0.9807956218719482, -0.19482813775539398, 0.13782234489917755, 0.19175215065479279, 0.9717181921005249),
            ["Head"] = CFrame.new(-7.450580596923828e-08, -5.960464477539062e-07, 5.587935447692871e-09, 0.9019259214401245, 0.10729039460420609, -0.41835203766822815, -0.0866820216178894, 0.9939112067222595, 0.06802012771368027, 0.42310264706611633, -0.025085531175136566, 0.9057344794273376),
            ["RightUpperArm"] = CFrame.new(0.002333521842956543, -0.0019674301147460938, 7.450580596923828e-09, 0.9924010634422302, 0.012198599986732006, 0.12242420017719269, 0.047088466584682465, 0.881658673286438, -0.4695330858230591, -0.11367884278297424, 0.4717300534248352, 0.8743860721588135),
            ["UpperTorso"] = CFrame.new(-2.60770320892334e-08, -5.960464477539063e-08, 2.7008354663848877e-08, 0.845404326915741, -0.013251010328531265, 0.533962607383728, -0.08009237796068192, 0.9852443337440491, 0.15125766396522522, -0.5280879735946655, -0.17064021527767181, 0.8318684101104736),
            ["HumanoidRootPart"] = CFrame.new(0, 0, 0, 1, 0, 0, 0, 1, 0, 0, 0, 1),
            ["RightHand"] = CFrame.new(-5.960464477539063e-08, -1.1920928955078125e-07, 5.513429641723633e-07, 0.9718661904335022, -0.1769053190946579, 0.15550130605697632, 0.23146352171897888, 0.8395424485206604, -0.49152129888534546, -0.04359730705618858, 0.5136857032775879, 0.8568700551986694),
            ["LeftUpperArm"] = CFrame.new(-0.002333521842956543, -0.0019674301147460938, -1.6763806343078613e-08, 0.9370787143707275, 0.24948300421237946, -0.24415774643421173, -0.14519210159778595, 0.9146161079406738, 0.37736761569976807, 0.3174944818019867, -0.3181755542755127, 0.8932976722717285),
            ["RightLowerArm"] = CFrame.new(0.00003266334533691406, -8.344650268554688e-07, 2.980232238769531e-07, 1, -1.1920664633180422e-07, 1.9371283599411981e-07, 2.0862316318925878e-07, 0.8096894025802612, -0.5868586897850037, -8.568451903556706e-08, 0.5868586897850037, 0.809689462184906),
            ["LeftHand"] = CFrame.new(2.905726432800293e-07, 0.00009936094284057617, 5.662441253662109e-07, 0.7622999548912048, 0.1501932293176651, -0.6295561194419861, -0.06930755078792572, 0.9860519766807556, 0.15132109820842743, 0.6435023546218872, -0.07171902805566788, 0.7620768547058105),
            ["RightUpperLeg"] = CFrame.new(1.7881393432617188e-07, -5.587935447692871e-07, 3.55576048605144e-08, 0.979099690914154, 0.19532452523708344, 0.05667591840028763, -0.14951108396053314, 0.8801688551902771, -0.45049870014190674, -0.13787807524204254, 0.4326096475124359, 0.8909763693809509),
            ["LeftUpperLeg"] = CFrame.new(-1.7881393432617188e-07, -1.5273690223693848e-07, 3.725290298461914e-09, 0.9866933226585388, 0.0113430330529809, 0.16219617426395416, 0.1305183619260788, 0.539628803730011, -0.8317245841026306, -0.0969599038362503, 0.8418266773223877, 0.5309677124023438),
            ["RightLowerLeg"] = CFrame.new(1.955777406692505e-08, -0.000003516674041748047, -0.000013249162293504924, 1, -2.9616063557114103e-07, -1.1734667282325972e-07, 2.3283067207557906e-07, 0.6487891674041748, 0.7609681487083435, -1.3411046495548362e-07, -0.7609682679176331, 0.6487894058227539),
            ["RightFoot"] = CFrame.new(8.847564458847046e-09, 2.980232238769531e-07, 2.8703652787953615e-08, 0.992983341217041, -0.11670169234275818, -0.01909911446273327, 0.11020530760288239, 0.9718142747879028, -0.20840290188789368, 0.04288209602236748, 0.20483608543872833, 0.9778566360473633),
            ["LeftLowerLeg"] = CFrame.new(-8.195638656616211e-08, 0.000003933906555175781, 0.000013329088687896729, 1, -3.352762334429826e-08, 8.754432911928234e-08, 4.4703490686970326e-08, 0.9999838471412659, 0.00568626681342721, 9.499491682163352e-08, -0.005686930380761623, 0.9999839067459106),
        }},
        {Time = 0.233, Data = {
            ["LeftFoot"] = CFrame.new(0, 0, -2.9802322387695312e-08, 0.9741449952125549, 0.22589707374572754, -0.0034665693528950214, -0.22589156031608582, 0.9736307263374329, -0.03188331052660942, -0.0038272691890597343, 0.031842656433582306, 0.9994856715202332),
            ["LeftLowerArm"] = CFrame.new(-0.0005335807800292969, -0.00010198354721069336, 7.450580596923828e-08, 1, 1.266580227365921e-07, -1.257276949218067e-07, -1.3970127099582896e-07, 0.9918681383132935, -0.1272699385881424, 1.0244759351962784e-07, 0.12726987898349762, 0.9918681383132935),
            ["LowerTorso"] = CFrame.new(-0.010350072756409645, -0.26772594451904297, 0.04614226892590523, 0.9916032552719116, -0.056498393416404724, -0.11632288992404938, 0.03060976043343544, 0.9764958620071411, -0.21335193514823914, 0.1256428360939026, 0.20799985527992249, 0.9700258374214172),
            ["Head"] = CFrame.new(-6.332993507385254e-08, 3.5762786865234375e-07, -3.725290298461914e-09, 0.9310782551765442, 0.07725672423839569, -0.35654565691947937, -0.07464809715747833, 0.9969869256019592, 0.021093308925628662, 0.3571009337902069, 0.0069759259931743145, 0.9340397715568542),
            ["RightUpperArm"] = CFrame.new(0.002333521842956543, -0.0019675493240356445, -9.872019290924072e-08, 0.9800688624382019, 0.025428486987948418, 0.19699913263320923, 0.046284765005111694, 0.9352419972419739, -0.3509719967842102, -0.19319112598896027, 0.3530947268009186, 0.9154289364814758),
            ["UpperTorso"] = CFrame.new(-3.91155481338501e-08, -2.086162567138672e-07, 6.402842700481415e-08, 0.8904147148132324, 0.015177464112639427, 0.45489710569381714, -0.1105535626411438, 0.976725161075592, 0.18380926549434662, -0.44151973724365234, -0.21395696699619293, 0.8713683485984802),
            ["HumanoidRootPart"] = CFrame.new(0, 0, 0, 1, 0, 0, 0, 1, 0, 0, 0, 1),
            ["RightHand"] = CFrame.new(-1.043081283569336e-07, 1.1920928955078125e-07, 5.662441253662109e-07, 0.9983626008033752, 0.03611078858375549, 0.04436560347676277, -0.014669425785541534, 0.9112498164176941, -0.4115927815437317, -0.05529118329286575, 0.4102681279182434, 0.9102873802185059),
            ["LeftUpperArm"] = CFrame.new(-0.0023332834243774414, -0.0019674301147460938, 9.313225746154785e-09, 0.9684960246086121, 0.15275202691555023, -0.19663992524147034, -0.10038740932941437, 0.962224006652832, 0.2530834376811981, 0.22789901494979858, -0.2253706157207489, 0.9472494721412659),
            ["RightLowerArm"] = CFrame.new(0.00003248453140258789, -8.344650268554688e-07, -2.384185791015625e-07, 1, -1.303823751186428e-07, 1.8253722089411895e-07, 2.0862296423729276e-07, 0.9674018025398254, -0.2532466948032379, -1.0058607813334675e-07, 0.2532466948032379, 0.9674018025398254),
            ["LeftHand"] = CFrame.new(2.4586915969848633e-07, 0.00010007619857788086, 6.556510925292969e-07, 0.7184886336326599, 0.17120367288589478, -0.6741390824317932, -0.15378671884536743, 0.9843474626541138, 0.08607993274927139, 0.678324282169342, 0.0418262705206871, 0.7335712909698486),
            ["RightUpperLeg"] = CFrame.new(1.7881393432617188e-07, -3.7439167499542236e-07, 3.183231456205249e-08, 0.9775014519691467, 0.21012558043003082, 0.018386678770184517, -0.17211094498634338, 0.8449666500091553, -0.5063685178756714, -0.12193723022937775, 0.4918115437030792, 0.8621211647987366),
            ["LeftUpperLeg"] = CFrame.new(5.960464477539063e-08, -2.742744982242584e-07, 3.3527612686157227e-08, 0.9962289929389954, 0.049961596727371216, 0.07093365490436554, 0.0305132195353508, 0.5635806322097778, -0.8254972696304321, -0.08122014999389648, 0.8245488405227661, 0.5599309206008911),
            ["RightLowerLeg"] = CFrame.new(1.7695128917694092e-08, -0.0000036954879760742188, -0.000013405624486040324, 1, -2.1606678046737215e-07, -8.009376273321323e-08, 1.825392246246338e-07, 0.5659920573234558, 0.8244104981422424, -6.705522537231445e-08, -0.8244107961654663, 0.5659922957420349),
            ["RightFoot"] = CFrame.new(4.0978193283081055e-08, 2.384185791015625e-07, 1.4733814168721437e-08, 0.9927608966827393, -0.11795277148485184, -0.022650016471743584, 0.1096898540854454, 0.9672061204910278, -0.2290859818458557, 0.048928745090961456, 0.22494344413280487, 0.973142683506012),
            ["LeftLowerLeg"] = CFrame.new(1.7508864402770996e-07, 0.000003933906555175781, 0.00001323409378528595, 1, 3.539026138810186e-08, 0, -3.911553747570906e-08, 0.9999839067459106, 0.005684024188667536, 2.9802315282267955e-08, -0.0056848954409360886, 0.9999838471412659),
        }},
        {Time = 0.267, Data = {
            ["LeftFoot"] = CFrame.new(7.078051567077637e-08, 0, 1.73225998878479e-07, 0.9679675102233887, 0.25020521879196167, 0.02088686265051365, -0.25105658173561096, 0.9655678868293762, 0.06818804889917374, -0.0031067715026438236, -0.07124649733304977, 0.9974538683891296),
            ["LeftLowerArm"] = CFrame.new(-0.0005326271057128906, -0.0001016855239868164, 2.9802322387695312e-08, 1, 7.077940722410858e-08, -1.6949974224189646e-07, -1.24799825584887e-07, 0.9219001531600952, -0.3874276578426361, 9.499688502501158e-08, 0.3874277174472809, 0.9219001531600952),
            ["LowerTorso"] = CFrame.new(-0.014081536792218685, -0.27825260162353516, 0.08965391665697098, 0.9950495362281799, -0.06340701878070831, -0.07652531564235687, 0.041100043803453445, 0.9636387825012207, -0.2640288174152374, 0.09048403799533844, 0.25957655906677246, 0.9614742994308472),
            ["Head"] = CFrame.new(-6.146728992462158e-08, 2.384185791015625e-07, 1.6763806343078613e-08, 0.9676908850669861, 0.05613838881254196, -0.2458108812570572, -0.05764424055814743, 0.998336672782898, 0.0010707922047004104, 0.24546211957931519, 0.013133385218679905, 0.9693171977996826),
            ["RightUpperArm"] = CFrame.new(0.0023337602615356445, -0.00196683406829834, 7.450580596923828e-09, 0.9945454597473145, 0.007817797362804413, 0.10399720072746277, 0.017367327585816383, 0.9708466529846191, -0.23907212913036346, -0.10284780710935593, 0.23957428336143494, 0.965416669845581),
            ["UpperTorso"] = CFrame.new(-4.284083843231201e-08, 3.8743019104003906e-07, 1.1175870895385742e-08, 0.948955774307251, 0.03462550789117813, 0.3135029375553131, -0.13024814426898956, 0.9482686519622803, 0.2895202338695526, -0.28726014494895935, -0.31557509303092957, 0.904374897480011),
            ["HumanoidRootPart"] = CFrame.new(0, 0, 0, 1, 0, 0, 0, 1, 0, 0, 0, 1),
            ["RightHand"] = CFrame.new(-1.19674950838089e-07, 2.384185791015625e-07, 8.642673492431641e-07, 0.9758530855178833, 0.1980542540550232, -0.09211523830890656, -0.21599377691745758, 0.9377543926239014, -0.27196255326271057, 0.03251809999346733, 0.28529176115989685, 0.9578889608383179),
            ["LeftUpperArm"] = CFrame.new(-0.002333402633666992, -0.001966714859008789, -1.4901161193847656e-08, 0.9942137002944946, 0.07224927097558975, -0.07947780191898346, -0.06339371204376221, 0.9920334219932556, 0.10886648297309875, 0.08672146499156952, -0.10319814831018448, 0.990874171257019),
            ["RightLowerArm"] = CFrame.new(0.000032782554626464844, -0.0000016689300537109375, -1.7881393432617188e-07, 1, -1.5250077467499068e-07, 9.834072756120804e-08, 1.593777483321901e-07, 0.9975063800811768, -0.07057705521583557, -1.378402032514714e-07, 0.07057704776525497, 0.997506320476532),
            ["LeftHand"] = CFrame.new(2.60770320892334e-07, 0.00009936094284057617, 5.066394805908203e-07, 0.6972867250442505, 0.18243613839149475, -0.6931870579719543, -0.2640354037284851, 0.964441180229187, -0.011771060526371002, 0.6663907766342163, 0.1912337839603424, 0.7206615805625916),
            ["RightUpperLeg"] = CFrame.new(3.5762786865234375e-07, -1.564621925354004e-07, 6.16346369497478e-08, 0.9809384942054749, 0.19371052086353302, -0.01535617932677269, -0.1777433156967163, 0.8625237941741943, -0.4737722873687744, -0.07852974534034729, 0.46747085452079773, 0.8805135488510132),
