return {
    ["Breakdance Routine"] = {
        {Time = 0.000, Data = {
            ["LeftFoot"] = CFrame.new(2.9802322387695312e-08, -5.960464477539063e-08, 7.450580596923828e-08, 0.9589120149612427, -0.10189471393823624, 0.26477399468421936, 0.04126854985952377, 0.9734476208686829, 0.22515912353992462, -0.2806861698627472, -0.20498107373714447, 0.9376556277275085),
            ["LeftLowerArm"] = CFrame.new(1.1920928955078125e-07, 3.5762786865234375e-07, -7.82310962677002e-08, 1, 7.450577932388569e-09, 1.1920927533992653e-07, 5.960464477539063e-08, 0.6171439290046692, -0.7868505120277405, 1.4901161193847656e-08, 0.7868502736091614, 0.6171437501907349),
            ["LowerTorso"] = CFrame.new(0.4514818787574768, -0.3573402166366577, -0.025646641850471497, 0.42197874188423157, -0.14897315204143524, 0.8942824602127075, 0.10778369009494781, 0.9876549243927002, 0.11366836726665497, -0.9001758694648743, 0.0484233982861042, 0.4328262507915497),
            ["Head"] = CFrame.new(1.7136335372924805e-07, 7.152557373046875e-07, -5.774199962615967e-08, 0.6004500389099121, 0.2145395129919052, -0.7703453302383423, -0.30251362919807434, 0.9526876211166382, 0.029525436460971832, 0.740233302116394, 0.21531184017658234, 0.636942982673645),
            ["RightUpperArm"] = CFrame.new(2.384185791015625e-07, -2.384185791015625e-07, 3.0547380447387695e-07, -0.20483094453811646, -0.6939937472343445, 0.6902294158935547, 0.43891802430152893, 0.5651795268058777, 0.6985145807266235, -0.8748687505722046, 0.44603225588798523, 0.1888405829668045),
            ["UpperTorso"] = CFrame.new(9.313225746154785e-08, -2.9802322387695312e-08, 4.540197551250458e-08, 0.9877625703811646, -0.07687351852655411, 0.13570459187030792, 0.02173805423080921, 0.9294570684432983, 0.36828935146331787, -0.15444320440292358, -0.3608326017856598, 0.9197539687156677),
            ["HumanoidRootPart"] = CFrame.new(0, 0, 0, 1, 0, 0, 0, 1, 0, 0, 0, 1),
            ["RightHand"] = CFrame.new(2.8312206268310547e-07, -5.960464477539063e-08, -5.026231519877911e-07, 0.9400425553321838, 0.30802270770072937, 0.14643169939517975, -0.33023130893707275, 0.9293582439422607, 0.16504676640033722, -0.08524897694587708, -0.2035074532032013, 0.9753550291061401),
            ["LeftUpperArm"] = CFrame.new(-1.1920928955078125e-07, -3.5762786865234375e-07, 3.8743019104003906e-07, 0.8617609143257141, 0.34124961495399475, -0.3753889501094818, -0.018197711557149887, 0.7602708339691162, 0.6493512988090515, 0.5069882273674011, -0.5527540445327759, 0.6613819003105164),
            ["RightLowerArm"] = CFrame.new(-8.940696716308594e-08, -5.960464477539063e-08, 5.145557224750519e-08, 1, 3.725290742551124e-09, -1.688021633583503e-08, 0, 0.9999870657920837, -0.005095374770462513, -8.847565347025466e-09, 0.005095544271171093, 0.999987006187439),
            ["LeftHand"] = CFrame.new(-7.450580596923828e-09, 5.960464477539063e-08, -5.178153514862061e-07, 0.8103182315826416, -0.4413737952709198, -0.3854523301124573, 0.5191059112548828, 0.8458535075187683, 0.12272224575281143, 0.27187037467956543, -0.29953473806381226, 0.914530336856842),
            ["RightUpperLeg"] = CFrame.new(1.1920928955078125e-07, 2.384185791015625e-07, -1.3580574886873364e-07, 0.9526230096817017, -0.21603311598300934, -0.21410098671913147, 0.11234137415885925, 0.9040637016296387, -0.4123695194721222, 0.282646119594574, 0.3687799870967865, 0.8855011463165283),
            ["LeftUpperLeg"] = CFrame.new(2.9802322387695312e-08, -6.891787052154541e-08, -1.9371509552001953e-07, 0.8721122145652771, 0.20090948045253754, -0.44615650177001953, -0.478618323802948, 0.5398035049438477, -0.6924861669540405, 0.10170962661504745, 0.8174641728401184, 0.566927969455719),
            ["RightLowerLeg"] = CFrame.new(-5.960464477539063e-08, -0.0001227855682373047, -0.00007761845336062834, 1, -1.4901161193847656e-07, 0, 1.9371513815258368e-07, 0.4720970690250397, 0.8815464377403259, -1.0430815677864302e-07, -0.881546676158905, 0.4720975160598755),
            ["RightFoot"] = CFrame.new(1.1920928955078125e-07, 4.76837158203125e-07, 4.639878170564771e-08, 0.9240805506706238, 0.25418609380722046, -0.285419762134552, -0.37802305817604065, 0.7179350256919861, -0.5845233798027039, 0.05633533000946045, 0.6480422616004944, 0.7595182061195374),
            ["LeftLowerLeg"] = CFrame.new(5.960464477539063e-08, 0.0001227855682373047, 0.0000772625207901001, 1, 6.70552182668871e-08, 5.960465898624534e-08, -2.980233304583635e-08, 0.9139395356178284, 0.4058505594730377, 8.940699558479537e-08, -0.4058503210544586, 0.9139395356178284),
        }},
        {Time = 0.050, Data = {
            ["LeftFoot"] = CFrame.new(-4.470348358154297e-08, 5.960464477539063e-08, 9.685754776000977e-08, 0.9552741646766663, -0.26534292101860046, 0.1305549442768097, 0.23508453369140625, 0.9492182731628418, 0.20909368991851807, -0.17940658330917358, -0.16905029118061066, 0.9691415429115295),
            ["LeftLowerArm"] = CFrame.new(8.940696716308594e-08, 0, -3.725290298461914e-07, 1, -4.097818262494002e-08, 3.725289587919178e-08, 2.9802322387695312e-08, 0.6445613503456116, -0.7645525932312012, 2.9802322387695312e-08, 0.7645525336265564, 0.6445614099502563),
            ["LowerTorso"] = CFrame.new(0.3466336727142334, -0.41134464740753174, -0.002045556902885437, 0.4291364550590515, -0.17441245913505554, 0.8862404823303223, 0.13327457010746002, 0.9826669692993164, 0.12885485589504242, -0.8933531641960144, 0.06281699985265732, 0.4449429512023926),
            ["Head"] = CFrame.new(1.6391277313232422e-07, 8.344650268554688e-07, -2.514570951461792e-07, 0.5716210603713989, 0.20915593206882477, -0.7934121489524841, -0.3180585205554962, 0.9478446245193481, 0.020718496292829514, 0.7563650608062744, 0.24050863087177277, 0.6083322167396545),
            ["RightUpperArm"] = CFrame.new(-1.1920928955078125e-07, -1.1920928955078125e-07, 1.9371509552001953e-07, 0.00972425565123558, -0.74977046251297, 0.6616263389587402, 0.15408079326152802, 0.6548791527748108, 0.7398598194122314, -0.9880104660987854, 0.09474994987249374, 0.12189377099275589),
            ["UpperTorso"] = CFrame.new(1.1175870895385742e-08, 2.384185791015625e-07, 9.220093488693237e-08, 0.9908259510993958, -0.05724719539284706, 0.12242089956998825, 0.006122814957052469, 0.9239352345466614, 0.38250017166137695, -0.13500595092773438, -0.37824150919914246, 0.9158093333244324),
            ["HumanoidRootPart"] = CFrame.new(0, 0, 0, 1, 0, 0, 0, 1, 0, 0, 0, 1),
            ["RightHand"] = CFrame.new(4.470348358154297e-08, 4.172325134277344e-07, -6.379559636116028e-07, 0.9034243822097778, 0.42873072624206543, -0.003836020827293396, -0.42512768507003784, 0.8969207406044006, 0.12165292352437973, 0.05559724569320679, -0.1082732081413269, 0.9925653338432312),
            ["LeftUpperArm"] = CFrame.new(1.1920928955078125e-07, -3.5762786865234375e-07, -8.940696716308594e-08, 0.8901280760765076, 0.3155353367328644, -0.3288000226020813, -0.04315653443336487, 0.776636004447937, 0.6284696459770203, 0.45366257429122925, -0.5452284216880798, 0.7049230337142944),
            ["RightLowerArm"] = CFrame.new(-2.682209014892578e-07, -5.960464477539063e-08, 1.3224780559539795e-07, 1, 1.1920928955078125e-07, 0, 5.960463766996327e-08, 0.9999868273735046, -0.005130380392074585, -1.341104365337742e-07, 0.00513039156794548, 0.9999868273735046),
            ["LeftHand"] = CFrame.new(2.980232238769531e-07, -1.1920928955078125e-07, -5.960464477539062e-07, 0.8348613977432251, -0.4810095429420471, -0.26764988899230957, 0.4800719916820526, 0.8741428256034851, -0.0735187903046608, 0.26932767033576965, -0.06711341440677643, 0.9607073068618774),
            ["RightUpperLeg"] = CFrame.new(-5.960464477539063e-08, 2.6635825634002686e-07, -1.6952981241047382e-09, 0.9261718392372131, -0.2830553650856018, -0.24916882812976837, 0.16359934210777283, 0.8969266414642334, -0.41080188751220703, 0.33976611495018005, 0.3397091031074524, 0.8770158290863037),
            ["LeftUpperLeg"] = CFrame.new(2.9802322387695312e-08, 2.5331974029541016e-07, -2.2351741790771484e-08, 0.9125031232833862, 0.17873932421207428, -0.36795398592948914, -0.40893983840942383, 0.37591126561164856, -0.8315403461456299, -0.010310832411050797, 0.9092541933059692, 0.41611364483833313),
            ["RightLowerLeg"] = CFrame.new(-8.940696716308594e-08, -0.00012242794036865234, -0.00007746944174868986, 1, -2.2351744632942427e-07, -1.4901166522918174e-08, 2.1420424900497892e-07, 0.44801899790763855, 0.8940238952636719, -1.1175873737556685e-07, -0.8940240740776062, 0.448019415140152),
            ["RightFoot"] = CFrame.new(7.450580596923828e-08, 2.980232238769531e-07, 4.639878170564771e-08, 0.912477433681488, 0.35604342818260193, -0.2015390247106552, -0.402640700340271, 0.6941261887550354, -0.5967151522636414, -0.07256326824426651, 0.6256372332572937, 0.7767322659492493),
            ["LeftLowerLeg"] = CFrame.new(-2.9802322387695312e-08, 0.00012254714965820312, 0.00007747113704681396, 1, 8.940696716308594e-08, 5.21540464148984e-08, -1.4901161193847656e-08, 0.7383388876914978, 0.6744297742843628, 4.470348358154297e-08, -0.6744298934936523, 0.7383390665054321),
        }},
        {Time = 0.100, Data = {
            ["LeftFoot"] = CFrame.new(1.1175870895385742e-08, 0, -1.0174699127674103e-07, 0.9545539021492004, -0.23163457214832306, 0.18754279613494873, 0.23796917498111725, 0.9712026119232178, -0.01167865190654993, -0.1794368475675583, 0.055777281522750854, 0.9821870923042297),
            ["LeftLowerArm"] = CFrame.new(-1.7881393432617188e-07, -1.1920928955078125e-07, -3.7997961044311523e-07, 1, -1.243315779220211e-07, 6.705519695060502e-08, 5.960463766996327e-08, 0.6692303419113159, -0.7430545687675476, 4.470347647611561e-08, 0.743054986000061, 0.6692308187484741),
            ["LowerTorso"] = CFrame.new(0.18116696178913116, -0.4180487394332886, -0.0055027008056640625, 0.536577045917511, -0.16356471180915833, 0.8278477191925049, 0.14815419912338257, 0.9840567708015442, 0.09840072691440582, -0.8307439684867859, 0.06984951347112656, 0.5522550344467163),
            ["Head"] = CFrame.new(-1.4901161193847656e-08, 9.5367431640625e-07, -1.862645149230957e-07, 0.5862346887588501, 0.2028369903564453, -0.7843378782272339, -0.28387895226478577, 0.9581982493400574, 0.03562021255493164, 0.7587765455245972, 0.20177558064460754, 0.6193104982376099),
            ["RightUpperArm"] = CFrame.new(0, 1.1920928955078125e-07, -1.4901161193847656e-07, 0.1709320992231369, -0.7118867039680481, 0.6811750531196594, -0.046407151967287064, 0.6847655773162842, 0.7272844910621643, -0.9841893911361694, -0.15592770278453827, 0.08401215821504593),
            ["UpperTorso"] = CFrame.new(3.725290298461914e-08, -2.9802322387695312e-08, 9.220093488693237e-08, 0.9934470057487488, -0.03610369563102722, 0.10844209790229797, -0.006252161227166653, 0.9302110075950623, 0.3669719994068146, -0.11412305384874344, -0.3652452230453491, 0.9238895773887634),
            ["HumanoidRootPart"] = CFrame.new(0, 0, 0, 1, 0, 0, 0, 1, 0, 0, 0, 1),
            ["RightHand"] = CFrame.new(1.1920928955078125e-07, 2.980232238769531e-07, -8.009374141693115e-07, 0.8553058505058289, 0.5179412364959717, -0.013737860135734081, -0.5143944025039673, 0.8520268201828003, 0.09720505774021149, 0.06205219775438309, -0.07607348263263702, 0.9951695799827576),
            ["LeftUpperArm"] = CFrame.new(0, 0, -1.4901161193847656e-07, 0.8877753615379333, 0.3104255795478821, -0.33983927965164185, -0.04087754338979721, 0.7885945439338684, 0.6135531067848206, 0.4584583342075348, -0.530805766582489, 0.7127847075462341),
            ["RightLowerArm"] = CFrame.new(-2.086162567138672e-07, 1.1920928955078125e-07, -2.046581357717514e-07, 1, -5.96046660916727e-08, 7.450577932388569e-09, -5.960463766996327e-08, 0.9960108399391174, -0.0892321988940239, -5.4016702222270396e-08, 0.08923228085041046, 0.9960108995437622),
            ["LeftHand"] = CFrame.new(0, 1.1920928955078125e-07, -4.172325134277344e-07, 0.8913110494613647, -0.4438306987285614, -0.09262509644031525, 0.4302480220794678, 0.8924111723899841, -0.13597357273101807, 0.14300793409347534, 0.08134319633245468, 0.9863730669021606),
            ["RightUpperLeg"] = CFrame.new(0, -1.4156103134155273e-07, -1.20904587674886e-07, 0.915192186832428, -0.3428662419319153, -0.2118159979581833, 0.23940809071063995, 0.8853083848953247, -0.39863893389701843, 0.324202299118042, 0.31412073969841003, 0.8923121690750122),
            ["LeftUpperLeg"] = CFrame.new(0, -1.7695128917694092e-08, 0, 0.9216813445091248, 0.21528762578964233, -0.322730153799057, -0.3795439600944519, 0.3281802237033844, -0.8650112748146057, -0.08031266927719116, 0.9197548627853394, 0.3841887414455414),
            ["RightLowerLeg"] = CFrame.new(2.980232238769531e-07, -0.00012260675430297852, -0.00007746944174868986, 1, -1.4901161193847656e-07, -7.450581307466564e-08, 8.568167686462402e-08, 0.46509692072868347, 0.8852596282958984, 7.450580596923828e-08, -0.8852598071098328, 0.46509742736816406),
            ["RightFoot"] = CFrame.new(-5.960464477539063e-08, 3.5762786865234375e-07, 5.757465260103345e-08, 0.9072585105895996, 0.41525721549987793, -0.06665818393230438, -0.3823091685771942, 0.7482379078865051, -0.542198896408081, -0.175275981426239, 0.5173988342285156, 0.837601900100708),
            ["LeftLowerLeg"] = CFrame.new(2.9802322387695312e-08, 0.00012260675430297852, 0.00007738545536994934, 1, 8.940695295223122e-08, 7.427297532558441e-08, -1.2665984172599565e-07, 0.46071723103523254, 0.8875471353530884, 2.9802315282267955e-08, -0.887546956539154, 0.4607170522212982),
        }},
        {Time = 0.150, Data = {
            ["LeftFoot"] = CFrame.new(-3.725290298461914e-08, -5.960464477539063e-08, 2.2351741790771484e-08, 0.9638773202896118, -0.16958209872245789, 0.20538359880447388, 0.21431389451026917, 0.9516634345054626, -0.22001409530639648, -0.15814560651779175, 0.2560831308364868, 0.9536306262016296),
            ["LeftLowerArm"] = CFrame.new(0, -1.1920928955078125e-07, 5.960464477539062e-07, 1, -2.607702853651972e-08, 9.313218640727428e-09, -1.4901159417490817e-08, 0.6000551581382751, -0.799958348274231, 2.0861622829215776e-07, 0.7999587059020996, 0.6000555157661438),
            ["LowerTorso"] = CFrame.new(-0.0037644600961357355, -0.3686126470565796, -0.020483210682868958, 0.6325810551643372, -0.12649720907211304, 0.7640941143035889, 0.13970817625522614, 0.9890251755714417, 0.04807283356785774, -0.7617893218994141, 0.0763402059674263, 0.6433112025260925),
            ["Head"] = CFrame.new(1.7881393432617188e-07, 9.5367431640625e-07, 2.2351741790771484e-08, 0.6004326939582825, 0.2577803134918213, -0.7569872140884399, -0.2911594808101654, 0.9521155953407288, 0.09328427910804749, 0.7447863817214966, 0.16439352929592133, 0.6467368006706238),
            ["RightUpperArm"] = CFrame.new(0, 1.1920928955078125e-07, 1.7695128917694092e-07, 0.34296131134033203, -0.7055749893188477, 0.6201140880584717, -0.07862327992916107, 0.6362743973731995, 0.7674458622932434, -0.9360533952713013, -0.3119598925113678, 0.1627434939146042),
            ["UpperTorso"] = CFrame.new(3.864988684654236e-08, 5.960464477539063e-08, 1.317821443080902e-07, 0.9961355924606323, -0.025822240859270096, 0.0839473083615303, -0.0034539077896624804, 0.9435474276542664, 0.3312196731567383, -0.08776114135980606, -0.33022966980934143, 0.9398118853569031),
            ["HumanoidRootPart"] = CFrame.new(0, 0, 0, 1, 0, 0, 0, 1, 0, 0, 0, 1),
            ["RightHand"] = CFrame.new(1.695007085800171e-07, 4.172325134277344e-07, -3.8743019104003906e-07, 0.8145757913589478, 0.5799488425254822, -0.01119890809059143, -0.5718258619308472, 0.8061082363128662, 0.15233172476291656, 0.09737259149551392, -0.11768171191215515, 0.9882659912109375),
            ["LeftUpperArm"] = CFrame.new(-1.1920928955078125e-07, -1.1920928955078125e-07, 0, 0.9106701612472534, 0.2949361801147461, -0.28929606080055237, -0.047892384231090546, 0.7708930969238281, 0.6351615786552429, 0.4103487432003021, -0.5645675659179688, 0.7161546945571899),
            ["RightLowerArm"] = CFrame.new(-1.1920928955078125e-07, -5.960464477539063e-08, 5.21540641784668e-07, 1, 2.980232594040899e-08, 1.4901155864777138e-08, 0, 0.9109296202659607, -0.4125617444515228, -4.470347292340193e-08, 0.4125620126724243, 0.9109297394752502),
            ["LeftHand"] = CFrame.new(-2.9802322387695312e-08, 1.1920928955078125e-07, -3.5762786865234375e-07, 0.9234045743942261, -0.3838040828704834, -0.004323299508541822, 0.3811272382736206, 0.9181823134422302, -0.10808864235877991, 0.04545436054468155, 0.09816186875104904, 0.9941319227218628),
            ["RightUpperLeg"] = CFrame.new(0, -3.725290298461914e-08, 1.3205863069742918e-08, 0.9243494272232056, -0.3540551960468292, -0.14220784604549408, 0.2852628529071808, 0.8888098001480103, -0.35866740345954895, 0.2533836364746094, 0.2909674644470215, 0.9225695729255676),
            ["LeftUpperLeg"] = CFrame.new(5.960464477539063e-08, -1.3224780559539795e-07, 3.725290298461914e-08, 0.9353089332580566, 0.3024708032608032, -0.1835995763540268, -0.30821171402931213, 0.4415946304798126, -0.8426149487495422, -0.17378997802734375, 0.8446926474571228, 0.5062521696090698),
            ["RightLowerLeg"] = CFrame.new(8.940696716308594e-08, -0.00012248754501342773, -0.00007752904639346525, 1, -1.3411049337719305e-07, -1.788139627478813e-07, 1.0430814256778831e-07, 0.5156697630882263, 0.8567871451377869, -8.940698137394065e-08, -0.8567875027656555, 0.5156702995300293),
            ["RightFoot"] = CFrame.new(-4.470348358154297e-08, 4.172325134277344e-07, -8.678034646436572e-08, 0.9647040367126465, 0.26267969608306885, -0.018591728061437607, -0.2443256378173828, 0.8664864301681519, -0.435323029756546, -0.09824099391698837, 0.4245004653930664, 0.9000823497772217),
            ["LeftLowerLeg"] = CFrame.new(-1.4901161193847656e-08, 0.00012260675430297852, 0.00007756799459457397, 1, 6.332992086299782e-08, 2.607702498380604e-08, -1.266598843585598e-07, 0.34063252806663513, 0.9401965141296387, 1.0430814256778831e-07, -0.9401964545249939, 0.3406323492527008),
        }},
        {Time = 0.200, Data = {
            ["LeftFoot"] = CFrame.new(3.3527612686157227e-08, 0, 2.2351741790771484e-08, 0.962498128414154, -0.12887221574783325, 0.2387246936559677, 0.20698583126068115, 0.9176849722862244, -0.33913323283195496, -0.17536894977092743, 0.3758274018764496, 0.9099446535110474),
            ["LeftLowerArm"] = CFrame.new(-2.9802322387695312e-08, 5.960464477539062e-07, 4.470348358154297e-08, 1, -7.450579886381092e-08, 9.033828973770142e-08, 1.2665987014770508e-07, 0.5322800874710083, -0.84656822681427, 3.725290298461914e-08, 0.8465682864189148, 0.5322802662849426),
            ["LowerTorso"] = CFrame.new(-0.17705145478248596, -0.2799268960952759, -0.04247120022773743, 0.7105880379676819, -0.07503928989171982, 0.6995954513549805, 0.10796932131052017, 0.9941496849060059, -0.0030323287937790155, -0.695275068283081, 0.07768957316875458, 0.714532732963562),
            ["Head"] = CFrame.new(1.1920928955078125e-07, 8.344650268554688e-07, 5.960464477539063e-08, 0.6350247859954834, 0.30657073855400085, -0.7090539336204529, -0.2791561782360077, 0.9469221830368042, 0.15940608084201813, 0.7202883958816528, 0.09671027958393097, 0.6869004964828491),
            ["RightUpperArm"] = CFrame.new(0, -9.5367431640625e-07, -1.1175870895385742e-08, 0.485733300447464, -0.6186990737915039, 0.6174744367599487, -0.10477099567651749, 0.6601043343544006, 0.7438313961029053, -0.8678054213523865, -0.42599722743034363, 0.2558131814002991),
            ["UpperTorso"] = CFrame.new(-1.1175870895385742e-08, 2.9802322387695312e-08, 1.0663643479347229e-07, 0.9978408217430115, -0.03404179960489273, 0.05616793781518936, 0.016917759552598, 0.9595558047294617, 0.28100964426994324, -0.0634622871875763, -0.27945268154144287, 0.9580600261688232),
            ["HumanoidRootPart"] = CFrame.new(0, 0, 0, 1, 0, 0, 0, 1, 0, 0, 0, 1),
            ["RightHand"] = CFrame.new(2.384185791015625e-07, 7.748603820800781e-07, -1.7881393432617188e-07, 0.7893031239509583, 0.6037788987159729, -0.1115860864520073, -0.6000893712043762, 0.7970407009124756, 0.06796538084745407, 0.1299748420715332, 0.01331604178994894, 0.9914279580116272),
            ["LeftUpperArm"] = CFrame.new(5.960464477539063e-08, -4.76837158203125e-07, 1.7881393432617188e-07, 0.9270805716514587, 0.2836786210536957, -0.24504739046096802, -0.06462385505437851, 0.7648591995239258, 0.6409474015235901, 0.36924970149993896, -0.578374445438385, 0.727418839931488),
            ["RightLowerArm"] = CFrame.new(0, -5.960464477539063e-08, -8.940696716308594e-08, 1, -3.725289943190546e-08, 2.9802311729554276e-08, 6.70552182668871e-08, 0.8644183874130249, -0.5027730464935303, -7.4505797087454084e-09, 0.5027732253074646, 0.8644184470176697),
            ["LeftHand"] = CFrame.new(1.1920928955078125e-07, 1.7881393432617188e-07, -3.8743019104003906e-07, 0.9441165924072266, -0.3202959895133972, 0.07781128585338593, 0.3247881531715393, 0.9442455172538757, -0.053973063826560974, -0.056184835731983185, 0.07622876763343811, 0.9955060482025146),
            ["RightUpperLeg"] = CFrame.new(-2.9802322387695312e-08, 1.7136335372924805e-07, 1.0411895345896482e-08, 0.9475297331809998, -0.3043224513530731, -0.09785307943820953, 0.2602093815803528, 0.9120725989341736, -0.3168829381465912, 0.1856842339038849, 0.2747936248779297, 0.9434034824371338),
            ["LeftUpperLeg"] = CFrame.new(0, -5.960464477539063e-08, -5.541369318962097e-08, 0.9414951205253601, 0.3369349241256714, -0.007860134355723858, -0.23688296973705292, 0.644970715045929, -0.7265666127204895, -0.23973630368709564, 0.6859211325645447, 0.6870510578155518),
            ["RightLowerLeg"] = CFrame.new(-2.9802322387695312e-08, -0.0001227855682373047, -0.00007764825568301603, 1, -8.940696716308594e-08, -5.960465898624534e-08, 1.341104365337742e-07, 0.5600962042808533, 0.8284271955490112, -1.1175869474300271e-07, -0.8284275531768799, 0.5600968599319458),
            ["RightFoot"] = CFrame.new(-5.960464477539063e-08, 3.5762786865234375e-07, 4.360481398180127e-08, 0.9879637360572815, 0.15392813086509705, -0.015296541154384613, -0.1416214108467102, 0.8603134155273438, -0.4896979033946991, -0.06221882253885269, 0.48597025871276855, 0.8717580437660217),
            ["LeftLowerLeg"] = CFrame.new(1.4901161193847656e-07, 0.0001226663589477539, 0.0000775698572397232, 1, 1.1175870895385742e-07, 4.097818262494002e-08, 0, 0.3963906168937683, 0.918082058429718, 6.70552182668871e-08, -0.918082058429718, 0.39639049768447876),
        }},
        {Time = 0.250, Data = {
            ["LeftFoot"] = CFrame.new(2.421438694000244e-08, 0, 2.9802322387695312e-08, 0.9539239406585693, -0.12786321341991425, 0.27144095301628113, 0.21376776695251465, 0.9244370460510254, -0.3157837688922882, -0.21055331826210022, 0.35925909876823425, 0.9091757535934448),
            ["LeftLowerArm"] = CFrame.new(-2.384185791015625e-07, 0, -8.940696716308594e-08, 1, -9.685752644372769e-08, 1.043080928297968e-07, 1.303851746570217e-07, 0.5026866793632507, -0.864468514919281, 5.2154071283894154e-08, 0.8644687533378601, 0.5026869773864746),
            ["LowerTorso"] = CFrame.new(-0.32032856345176697, -0.19071781635284424, -0.06014947593212128, 0.7854347825050354, -0.012821447104215622, 0.6188116669654846, 0.05612322688102722, 0.9971421957015991, -0.0505748949944973, -0.6163947582244873, 0.07445299625396729, 0.7839096188545227),
            ["Head"] = CFrame.new(8.381903171539307e-08, 0.0000010728836059570312, -6.705522537231445e-08, 0.6931692361831665, 0.32199397683143616, -0.6448535919189453, -0.251962810754776, 0.9464713931083679, 0.2017592340707779, 0.6753007769584656, 0.02262595109641552, 0.7371955513954163),
            ["RightUpperArm"] = CFrame.new(2.384185791015625e-07, 7.152557373046875e-07, 2.2351741790771484e-08, 0.5813456177711487, -0.5454104542732239, 0.6037918925285339, -0.13827195763587952, 0.665055513381958, 0.7338818311691284, -0.8018218278884888, -0.5101261138916016, 0.31121182441711426),
            ["UpperTorso"] = CFrame.new(-2.421438694000244e-08, -5.960464477539063e-08, 1.1920928955078125e-07, 0.9973653554916382, -0.06138439476490021, 0.03865727782249451, 0.05058302730321884, 0.9704504609107971, 0.23593905568122864, -0.05199762061238289, -0.233362078666687, 0.9709987640380859),
            ["HumanoidRootPart"] = CFrame.new(0, 0, 0, 1, 0, 0, 0, 1, 0, 0, 0, 1),
            ["RightHand"] = CFrame.new(1.2665987014770508e-07, 3.5762786865234375e-07, -3.725290298461914e-07, 0.7829153537750244, 0.5769069194793701, -0.23285581171512604, -0.6006776094436646, 0.7984122037887573, -0.04152939096093178, 0.16195650398731232, 0.1723848283290863, 0.9716241359710693),
            ["LeftUpperArm"] = CFrame.new(-2.384185791015625e-07, 7.152557373046875e-07, -5.960464477539063e-08, 0.9442511200904846, 0.26490652561187744, -0.19548645615577698, -0.0920330062508583, 0.7824922204017639, 0.6158210635185242, 0.31610122323036194, -0.5634983777999878, 0.7632492780685425),
            ["RightLowerArm"] = CFrame.new(3.5762786865234375e-07, -5.960464477539063e-08, 1.4901161193847656e-07, 1, -4.8428766774577525e-08, 1.8626444386882213e-08, 3.725290653733282e-08, 0.820663332939148, -0.5714117884635925, 2.7939680791178034e-08, 0.5714119672775269, 0.820663571357727),
            ["LeftHand"] = CFrame.new(-2.9802322387695312e-08, -5.960464477539063e-08, -4.76837158203125e-07, 0.9363427758216858, -0.30129575729370117, 0.18023166060447693, 0.30667874217033386, 0.9518107175827026, -0.0021082505118101835, -0.17091086506843567, 0.05724736675620079, 0.9836218953132629),
            ["RightUpperLeg"] = CFrame.new(-2.9802322387695312e-08, -1.9156141206622124e-07, 5.75528247281909e-09, 0.9713459014892578, -0.21449357271194458, -0.10237116366624832, 0.16578064858913422, 0.9201070070266724, -0.35485216975212097, 0.1703057438135147, 0.32771286368370056, 0.9293009638786316),
            ["LeftUpperLeg"] = CFrame.new(0, 4.6566128730773926e-09, 7.450580596923828e-09, 0.944396436214447, 0.293617308139801, 0.1480012983083725, -0.16758383810520172, 0.8170779347419739, -0.5516334176063538, -0.28289759159088135, 0.4961579144001007, 0.8208509683609009),
            ["RightLowerLeg"] = CFrame.new(1.0058283805847168e-07, -0.0001227259635925293, -0.00007750296936137602, 1, -1.1920930376163597e-07, -4.4703490686970326e-08, 1.341104365337742e-07, 0.45160940289497375, 0.8922155499458313, -8.195637946073475e-08, -0.8922157883644104, 0.45160984992980957),
            ["RightFoot"] = CFrame.new(2.9802322387695312e-08, 2.384185791015625e-07, -2.0656443666666746e-08, 0.9731113910675049, 0.2212550938129425, 0.06403382122516632, -0.1402236670255661, 0.789608895778656, -0.5973737239837646, -0.18273352086544037, 0.5723321437835693, 0.7994025349617004),
            ["LeftLowerLeg"] = CFrame.new(-8.195638656616211e-08, 0.0001227855682373047, 0.00007742363959550858, 1, 1.341104365337742e-07, 5.215405707303944e-08, -7.450579886381092e-08, 0.4946763813495636, 0.8690773248672485, 6.332992796842518e-08, -0.8690773248672485, 0.49467629194259644),
        }},
        {Time = 0.300, Data = {
            ["LeftFoot"] = CFrame.new(-7.636845111846924e-08, -5.960464477539063e-08, -1.4901161193847656e-08, 0.9703144431114197, -0.14492633938789368, 0.19361402094364166, 0.19084468483924866, 0.9505813121795654, -0.24489477276802063, -0.1485542505979538, 0.2745753526687622, 0.9500211477279663),
            ["LeftLowerArm"] = CFrame.new(1.4901161193847656e-07, -2.980232238769531e-07, 2.9802322387695312e-08, 1, -4.237517714500427e-08, -1.4668326997480108e-08, 1.0104847802949735e-07, 0.5231908559799194, -0.8522153496742249, 2.3748720323624184e-08, 0.8522155284881592, 0.5231913328170776),
            ["LowerTorso"] = CFrame.new(-0.4401945173740387, -0.13406550884246826, -0.06953290104866028, 0.836816132068634, 0.054694321006536484, 0.544745147228241, 0.0006126529769971967, 0.9949032664299011, -0.10083289444446564, -0.5474836826324463, 0.08471232652664185, 0.8325176239013672),
            ["Head"] = CFrame.new(8.568167686462402e-08, 0.0000010728836059570312, -1.8067657947540283e-07, 0.7496211528778076, 0.3064243495464325, -0.5866616368293762, -0.20907452702522278, 0.9506181478500366, 0.22937560081481934, 0.6279776692390442, -0.04928873851895332, 0.7766692042350769),
            ["RightUpperArm"] = CFrame.new(2.384185791015625e-07, 2.384185791015625e-07, 2.0489096641540527e-08, 0.6335743069648743, -0.5123482942581177, 0.5797260999679565, -0.17695041000843048, 0.6334875226020813, 0.7532480955123901, -0.7531747817993164, -0.5798214673995972, 0.3107008934020996),
            ["UpperTorso"] = CFrame.new(4.901085048913956e-08, -6.556510925292969e-07, 1.8440186977386475e-07, 0.9957293272018433, -0.089429572224617, 0.022923322394490242, 0.08284461498260498, 0.9751180410385132, 0.20562486350536346, -0.04074160382151604, -0.2028477042913437, 0.9783623814582825),
            ["HumanoidRootPart"] = CFrame.new(0, 0, 0, 1, 0, 0, 0, 1, 0, 0, 0, 1),
            ["RightHand"] = CFrame.new(1.7136335372924805e-07, -1.1920928955078125e-07, -2.4586915969848633e-07, 0.8054845333099365, 0.5092057585716248, -0.30315548181533813, -0.5605035424232483, 0.8207192420959473, -0.11070778220891953, 0.19243302941322327, 0.25909343361854553, 0.9464885592460632),
            ["LeftUpperArm"] = CFrame.new(5.960464477539063e-08, 5.960464477539062e-07, 8.754432201385498e-08, 0.9431348443031311, 0.2703090310096741, -0.19346857070922852, -0.10999897122383118, 0.8030149340629578, 0.5857192873954773, 0.3136829435825348, -0.5311310291290283, 0.7870851159095764),
            ["RightLowerArm"] = CFrame.new(0, 0, -2.5331974029541016e-07, 1, -5.960462345910855e-08, 1.1175867342672063e-08, 3.725289943190546e-08, 0.7486660480499268, -0.6629473567008972, 1.4901159417490817e-08, 0.6629472970962524, 0.7486661076545715),
            ["LeftHand"] = CFrame.new(-6.146728992462158e-08, 0, -4.172325134277344e-07, 0.9042946696281433, -0.2593913972377777, 0.3390687108039856, 0.2792237401008606, 0.9601725339889526, -0.010145104490220547, -0.32293233275413513, 0.10385040193796158, 0.9407069683074951),
            ["RightUpperLeg"] = CFrame.new(1.1920928955078125e-07, -4.075700417160988e-07, 2.9613147489726543e-09, 0.9842624664306641, -0.07486741244792938, -0.16006919741630554, 0.01679624244570732, 0.9413518905639648, -0.33700817823410034, 0.17591263353824615, 0.3290160000324249, 0.9277949333190918),
            ["LeftUpperLeg"] = CFrame.new(2.9802322387695312e-08, -4.936009645462036e-07, 0, 0.9672277569770813, 0.17164883017539978, 0.1871022880077362, -0.08790048211812973, 0.9176777005195618, -0.3874804377555847, -0.23821011185646057, 0.3583356440067291, 0.9026914238929749),
            ["RightLowerLeg"] = CFrame.new(1.7005368135869503e-07, -0.0001227259635925293, -0.0000777488385210745, 1, -9.412180190793151e-08, -9.188082827904509e-08, 1.1629889229425316e-07, 0.33526158332824707, 0.9421250820159912, -8.198548329119149e-08, -0.9421252012252808, 0.3352619409561157),
            ["RightFoot"] = CFrame.new(-3.550667315721512e-09, 2.384185791015625e-07, -4.1145540308207273e-08, 0.9909294843673706, 0.13413594663143158, 0.008140028454363346, -0.09853579849004745, 0.7664495706558228, -0.634701132774353, -0.09137533605098724, 0.628142237663269, 0.7727147936820984),
            ["LeftLowerLeg"] = CFrame.new(1.0803341865539551e-07, 0.00012248754501342773, 0.00007729977369308472, 1, 1.3038514623531228e-07, 1.862645149230957e-08, -9.313225746154785e-08, 0.5340132117271423, 0.8454761505126953, 2.421438694000244e-08, -0.8454762101173401, 0.5340132713317871),
        }},
        {Time = 0.350, Data = {
            ["LeftFoot"] = CFrame.new(6.05359673500061e-08, -5.960464477539063e-08, -4.284083843231201e-08, 0.9980883598327637, 0.028889508917927742, -0.054635364562273026, -0.04055678844451904, 0.9732145667076111, -0.2262931764125824, 0.046634458005428314, 0.22807645797729492, 0.9725257754325867),
            ["LeftLowerArm"] = CFrame.new(0, -5.960464477539062e-07, -5.066394805908203e-07, 1, -6.332994928470725e-08, 5.0291401265667446e-08, 5.21540641784668e-08, 0.5533908009529114, -0.8329214453697205, 2.9802322387695312e-08, 0.8329218029975891, 0.5533913373947144),
            ["LowerTorso"] = CFrame.new(-0.5380458235740662, -0.1275416612625122, -0.06117729842662811, 0.8722386360168457, 0.11153218895196915, 0.4761935770511627, -0.04656163230538368, 0.988165020942688, -0.1461576670408249, -0.4868590235710144, 0.10531201213598251, 0.8671088814735413),
            ["Head"] = CFrame.new(1.3317912817001343e-07, 7.152557373046875e-07, -1.471489667892456e-07, 0.7913898825645447, 0.28687959909439087, -0.5398166179656982, -0.1720905750989914, 0.9518842101097107, 0.25357747077941895, 0.5865892171859741, -0.10778123140335083, 0.8026809096336365),
            ["RightUpperArm"] = CFrame.new(0, 2.384185791015625e-07, 1.043081283569336e-07, 0.6341061592102051, -0.5383381247520447, 0.555069088935852, -0.17787672579288483, 0.5970361232757568, 0.7822451591491699, -0.7525085806846619, -0.5947604775428772, 0.28282663226127625),
            ["UpperTorso"] = CFrame.new(-1.2014061212539673e-07, -1.1920928955078125e-07, 1.0244548320770264e-07, 0.9938988089561462, -0.10873295366764069, 0.018505020067095757, 0.10346615314483643, 0.9772578477859497, 0.18509969115257263, -0.03821050003170967, -0.18205569684505463, 0.9825455546379089),
            ["HumanoidRootPart"] = CFrame.new(0, 0, 0, 1, 0, 0, 0, 1, 0, 0, 0, 1),
            ["RightHand"] = CFrame.new(1.341104507446289e-07, 4.76837158203125e-07, -4.6938657760620117e-07, 0.8497118353843689, 0.44980543851852417, -0.2750738561153412, -0.4701530933380127, 0.8825370073318481, -0.00917930155992508, 0.23863331973552704, 0.13712595403194427, 0.9613792896270752),
            ["LeftUpperArm"] = CFrame.new(5.960464477539063e-08, -1.1920928955078125e-07, -1.1920928955078125e-07, 0.9321082830429077, 0.2987649142742157, -0.20472875237464905, -0.1383984386920929, 0.8161880970001221, 0.560965895652771, 0.3346939980983734, -0.4945469796657562, 0.8021242618560791),
            ["RightLowerArm"] = CFrame.new(-5.960464477539063e-08, -5.960464477539063e-08, 4.917383193969727e-07, 1, -7.450583439094771e-08, 7.729975237680264e-08, 3.7252917195473856e-08, 0.5826737880706787, -0.8127055168151855, 2.980233304583635e-08, 0.8127062320709229, 0.5826746821403503),
            ["LeftHand"] = CFrame.new(2.9802322387695312e-08, 5.960464477539062e-07, -5.066394805908203e-07, 0.9033928513526917, -0.19808129966259003, 0.38032275438308716, 0.23864004015922546, 0.9691199660301208, -0.06210802495479584, -0.35627567768096924, 0.1468685120344162, 0.9227660298347473),
            ["RightUpperLeg"] = CFrame.new(-5.960464477539063e-08, -7.729977369308472e-08, -9.145878721028566e-09, 0.9787571430206299, 0.10736288130283356, -0.17466476559638977, -0.15087363123893738, 0.9540135860443115, -0.259027898311615, 0.13882264494895935, 0.279877632856369, 0.9499456882476807),
            ["LeftUpperLeg"] = CFrame.new(2.9802322387695312e-08, -1.3597309589385986e-07, 0, 0.9966002106666565, 0.015007998794317245, 0.08101192116737366, 0.010194809176027775, 0.9532500505447388, -0.30201077461242676, -0.08175712078809738, 0.30181005597114563, 0.949856162071228),
            ["RightLowerLeg"] = CFrame.new(1.1920928955078125e-07, -0.00012218952178955078, -0.00007746944174868986, 1, -1.788139627478813e-07, -1.3411049337719305e-07, 1.862645149230957e-07, 0.32300662994384766, 0.9463966488838196, 1.4901161193847656e-08, -0.9463967680931091, 0.3230070173740387),
            ["RightFoot"] = CFrame.new(-8.568167686462402e-08, 2.980232238769531e-07, 2.4047039914876223e-08, 0.9964532852172852, 0.03875957801938057, -0.0746900662779808, -0.07108119130134583, 0.8627628684043884, -0.5005871653556824, 0.045037150382995605, 0.5041210055351257, 0.8624579906463623),
            ["LeftLowerLeg"] = CFrame.new(1.0989606380462646e-07, 0.00012242794036865234, 0.00007742643356323242, 1, 2.9802322387695312e-08, 3.9115551686563776e-08, -1.0430814256778831e-07, 0.507144570350647, 0.8618611097335815, 1.7695130338779563e-07, -0.8618610501289368, 0.5071444511413574),
        }},
        {Time = 0.400, Data = {
            ["LeftFoot"] = CFrame.new(-8.568167686462402e-08, 5.960464477539063e-08, -1.4901161193847656e-08, 0.9936233162879944, 0.09672130644321442, -0.05794587731361389, -0.10663025081157684, 0.9731175899505615, -0.20413793623447418, 0.03664374724030495, 0.2090151607990265, 0.9772257208824158),
            ["LeftLowerArm"] = CFrame.new(-1.1920928955078125e-07, -6.556510925292969e-07, -1.4901161193847656e-07, 1, -6.33299421792799e-08, 4.0978189730367376e-08, 8.568167686462402e-08, 0.5946404933929443, -0.8039915561676025, 2.2351741790771484e-08, 0.8039917945861816, 0.5946407318115234),
            ["LowerTorso"] = CFrame.new(-0.613017737865448, -0.17041075229644775, 0.029000788927078247, 0.9026029109954834, 0.15434236824512482, 0.4018537700176239, -0.09625966101884842, 0.9822414517402649, -0.16104665398597717, -0.41957366466522217, 0.10667889565229416, 0.9014309048652649),
            ["Head"] = CFrame.new(-3.725290298461914e-08, 9.5367431640625e-07, -1.852968125604093e-07, 0.8328856825828552, 0.2708391547203064, -0.48264646530151367, -0.16025497019290924, 0.9527379870414734, 0.2580867111682892, 0.5297357439994812, -0.13761024177074432, 0.8369251489639282),
            ["RightUpperArm"] = CFrame.new(1.1920928955078125e-07, 1.1920928955078125e-07, 3.124296199530363e-08, 0.5956531763076782, -0.5002638697624207, 0.6284371018409729, -0.1308072805404663, 0.7115190029144287, 0.6903840899467468, -0.792519211769104, -0.49343371391296387, 0.3583805561065674),
            ["UpperTorso"] = CFrame.new(2.2351741790771484e-08, -1.4901161193847656e-07, 2.0116567611694336e-07, 0.9917218089103699, -0.12577378749847412, 0.02586410939693451, 0.11989283561706543, 0.979114830493927, 0.16419477760791779, -0.045975182205438614, -0.1597345918416977, 0.9860888123512268),
            ["HumanoidRootPart"] = CFrame.new(0, 0, 0, 1, 0, 0, 0, 1, 0, 0, 0, 1),
            ["RightHand"] = CFrame.new(1.043081283569336e-07, 8.344650268554688e-07, -5.550682544708252e-07, 0.8655786514282227, 0.38501906394958496, -0.32020825147628784, -0.4196964502334595, 0.9065759778022766, -0.044443029910326004, 0.27318233251571655, 0.17285965383052826, 0.9463041424751282),
            ["LeftUpperArm"] = CFrame.new(-2.384185791015625e-07, 0, 3.2883690437301993e-08, 0.9179401397705078, 0.336195170879364, -0.21061527729034424, -0.1867169886827469, 0.8345365524291992, 0.5183485746383667, 0.3500324487686157, -0.4364878237247467, 0.8288281559944153),
            ["RightLowerArm"] = CFrame.new(0, -5.960464477539063e-08, -1.601874828338623e-07, 1, -6.018671427909794e-08, 5.774199962615967e-08, 8.195639367158947e-08, 0.7120473980903625, -0.7021312713623047, 3.725290742551124e-09, 0.7021313905715942, 0.7120475172996521),
            ["LeftHand"] = CFrame.new(-9.685754776000977e-08, 4.76837158203125e-07, -5.736947059631348e-07, 0.9059680104255676, -0.07952450215816498, 0.4158100485801697, 0.15412385761737823, 0.9767522811889648, -0.1489991545677185, -0.3942941129207611, 0.1990748792886734, 0.897162914276123),
            ["RightUpperLeg"] = CFrame.new(1.1920928955078125e-07, -3.259629011154175e-07, 5.045876605436206e-08, 0.9563950896263123, 0.25206077098846436, -0.1475595086812973, -0.27935072779655457, 0.9369058609008789, -0.21016837656497955, 0.08527407050132751, 0.24222466349601746, 0.966465413570404),
            ["LeftUpperLeg"] = CFrame.new(1.1920928955078125e-07, -3.688037395477295e-07, 2.9802322387695312e-08, 0.9907482862472534, -0.0650332123041153, -0.1191161498427391, 0.01968931220471859, 0.9372998476028442, -0.3479676842689514, 0.13427682220935822, 0.3424030840396881, 0.9299085140228271),
