return {
    ["Bright Moves"] = {
        {Time = 0.000, Data = {
            ["RightHand"] = CFrame.new(2.2724270820617676e-07, -5.960464477539063e-08, 8.940696716308594e-08, -0.14859947562217712, 0.7526846528053284, -0.6413915157318115, -0.7941195964813232, 0.2956875264644623, 0.5309821963310242, 0.5893149971961975, 0.5882472991943359, 0.5537822842597961),
            ["LeftLowerArm"] = CFrame.new(1.4901161193847656e-07, 0, -1.043081283569336e-07, 1, 7.450581485102248e-09, 2.6077039194660756e-08, 3.166497108963995e-08, 0.9818764328956604, -0.1895221769809723, 9.220094909778709e-08, 0.18952254951000214, 0.9818764328956604),
            ["LeftFoot"] = CFrame.new(-9.685754776000977e-08, -1.1920928955078125e-07, -1.862645149230957e-09, 0.992797315120697, -0.09485576301813126, 0.07318677008152008, 0.11690615117549896, 0.9005975723266602, -0.4186367988586426, -0.026202622801065445, 0.424177348613739, 0.9052000045776367),
            ["Head"] = CFrame.new(-2.2351741790771484e-08, -1.1920928955078125e-07, -7.450580596923828e-09, 0.9853326082229614, -0.1679164469242096, 0.030395539477467537, 0.13829781115055084, 0.8901299834251404, 0.4342148005962372, -0.09996789693832397, -0.4236421287059784, 0.9002964496612549),
            ["RightFoot"] = CFrame.new(-3.259629011154175e-08, 3.5762786865234375e-07, -2.8107024263590574e-08, 0.9562467336654663, 0.1951945275068283, -0.21792401373386383, -0.2669811546802521, 0.8868277668952942, -0.377171128988266, 0.11963817477226257, 0.4188504219055176, 0.9001395106315613),
            ["UpperTorso"] = CFrame.new(-3.259629011154175e-09, -3.8743019104003906e-07, -7.450580596923828e-09, 0.9758079051971436, 0.172882542014122, 0.13383184373378754, -0.17589665949344635, 0.9843476414680481, 0.010951784439384937, -0.12984372675418854, -0.03422732278704643, 0.9909435510635376),
            ["HumanoidRootPart"] = CFrame.new(0, 0, 0, 1, 0, 0, 0, 1, 0, 0, 0, 1),
            ["RightUpperArm"] = CFrame.new(1.1920928955078125e-07, -0.0652381181716919, 1.4901161193847656e-08, 0.8071413636207581, 0.46817442774772644, -0.3596325218677521, -0.3581686317920685, -0.09591379016637802, -0.9287173748016357, -0.46929532289505005, 0.8784152269363403, 0.09026943892240524),
            ["LeftUpperArm"] = CFrame.new(0, -0.0652381181716919, -1.4901161193847656e-08, 0.7882257103919983, -0.20331762731075287, 0.5808287262916565, 0.10727182030677795, 0.9747896790504456, 0.19564732909202576, -0.6059646606445312, -0.09190772473812103, 0.790164589881897),
            ["RightLowerArm"] = CFrame.new(5.960464477539063e-08, 0, -8.381903171539307e-09, 1, 8.046631023717055e-07, -1.788141332781379e-07, 8.19562373521876e-08, -0.2910347878932953, -0.9567134380340576, 0.0000011594945590331918, 0.9567124843597412, -0.2910318076610565),
            ["LeftHand"] = CFrame.new(8.940696716308594e-08, 5.960464477539063e-08, 2.9802322387695312e-08, 0.9719698429107666, 0.0746585950255394, -0.22293713688850403, -0.07522524893283844, 0.9971488118171692, 0.005961842834949493, 0.22274629771709442, 0.010975174605846405, 0.9748146533966064),
            ["LowerTorso"] = CFrame.new(-0.12317052483558655, -0.147230863571167, -0.04747492074966431, 0.9948261380195618, 0.01237237174063921, 0.10083632916212082, 0.011717338114976883, 0.9719571471214294, -0.23486602306365967, -0.1009146198630333, 0.23483248054981232, 0.966783344745636),
            ["RightUpperLeg"] = CFrame.new(-0.000025510787963867188, -0.0001256195828318596, -0.004997486248612404, 0.9795101284980774, -0.16009673476219177, 0.12218096852302551, 0.15922914445400238, 0.9870972037315369, 0.016918445006012917, -0.12331314384937286, 0.0028830431401729584, 0.992363691329956),
            ["RightLowerLeg"] = CFrame.new(0, -2.384185791015625e-07, 1.20904587674886e-07, 1, -1.1920927533992653e-07, 1.4901164746561335e-08, 1.1548401346317405e-07, 0.7885401844978333, 0.6149832010269165, 4.0978196835794733e-08, -0.6149831414222717, 0.7885401844978333),
            ["LeftUpperLeg"] = CFrame.new(0.000025451183319091797, 0.00012541143223643303, 0.004997521173208952, 0.9677776098251343, 0.18192800879478455, 0.17409589886665344, -0.15629856288433075, 0.976078450679779, -0.15113131701946259, -0.19742655754089355, 0.119050532579422, 0.9730622172355652),
            ["LeftLowerLeg"] = CFrame.new(5.21540641784668e-08, 5.960464477539063e-08, -1.1920928955078125e-07, 1, 8.195638656616211e-08, 2.6077044523731274e-08, -2.2351748896198842e-08, 0.6813911199569702, 0.7319193482398987, 7.450583261459087e-09, -0.7319194674491882, 0.6813912987709045),
        }},
        {Time = 0.033, Data = {
            ["RightHand"] = CFrame.new(0, -6.556510925292969e-07, -2.384185791015625e-07, -0.09804991632699966, 0.7378063797950745, -0.6678526997566223, -0.7783135175704956, 0.3613532483577728, 0.5134708881378174, 0.6201727390289307, 0.5701451897621155, 0.5388138294219971),
            ["LeftLowerArm"] = CFrame.new(8.940696716308594e-08, 1.7881393432617188e-07, -2.9802322387695312e-08, 1, -1.713633110966839e-07, 1.8626454334480513e-07, -1.5087421445514337e-07, 0.9684316515922546, -0.24927891790866852, 1.4714893836753618e-07, 0.2492792010307312, 0.968431830406189),
            ["LeftFoot"] = CFrame.new(-8.754432201385498e-08, 5.960464477539063e-08, 2.60770320892334e-08, 0.985439658164978, -0.10643885284662247, 0.13258840143680573, 0.1451529711484909, 0.9327333569526672, -0.33005908131599426, -0.08853933215141296, 0.34449881315231323, 0.9346023201942444),
            ["Head"] = CFrame.new(-2.2351741790771484e-08, 2.384185791015625e-07, 1.6763806343078613e-08, 0.9902773499488831, -0.13528302311897278, 0.03239258751273155, 0.11256296187639236, 0.9161053895950317, 0.3848125636577606, -0.08173350244760513, -0.3774247467517853, 0.922426164150238),
            ["RightFoot"] = CFrame.new(1.4435499906539917e-08, 2.384185791015625e-07, -3.742025000974536e-08, 0.9717124104499817, 0.1915823519229889, -0.13809660077095032, -0.22107823193073273, 0.9435696601867676, -0.24657976627349854, 0.08306222409009933, 0.2701342701911926, 0.9592329263687134),
            ["UpperTorso"] = CFrame.new(-1.1175870895385742e-08, -2.9802322387695312e-08, 8.847564458847046e-09, 0.9823929667472839, 0.15140289068222046, 0.10946033895015717, -0.15742374956607819, 0.9863348603248596, 0.04859066754579544, -0.10060780495405197, -0.06496673077344894, 0.9928028583526611),
            ["HumanoidRootPart"] = CFrame.new(0, 0, 0, 1, 0, 0, 0, 1, 0, 0, 0, 1),
            ["RightUpperArm"] = CFrame.new(2.384185791015625e-07, -0.06523787975311279, 2.0116567611694336e-07, 0.8692129850387573, 0.43643537163734436, -0.23236437141895294, -0.25166624784469604, -0.014000809751451015, -0.9677128791809082, -0.42559704184532166, 0.8996267318725586, 0.09766625612974167),
            ["LeftUpperArm"] = CFrame.new(-1.1920928955078125e-07, -0.06523764133453369, 5.960464477539063e-08, 0.9289677143096924, -0.15519683063030243, 0.33605530858039856, 0.13865667581558228, 0.9876591563224792, 0.07282751798629761, -0.3432103991508484, -0.02105800248682499, 0.939022421836853),
            ["RightLowerArm"] = CFrame.new(0, 0, 4.0372833609580994e-07, 1, 2.3841872121010965e-07, -7.450580596923828e-08, 2.570449453287438e-07, -0.07624182105064392, -0.9970893859863281, 3.48780190506659e-07, 0.9970893859863281, -0.07624174654483795),
            ["LeftHand"] = CFrame.new(-1.7881393432617188e-07, -2.384185791015625e-07, -8.940696716308594e-08, 0.9720938801765442, -0.07806865870952606, -0.22122150659561157, 0.08902265131473541, 0.9952273964881897, 0.03996892645955086, 0.21704494953155518, -0.05854770168662071, 0.9744042158126831),
            ["LowerTorso"] = CFrame.new(-0.0995149239897728, -0.09470534324645996, -0.02743189036846161, 0.9972084760665894, -0.0137667590752244, 0.0733875185251236, 0.03039986453950405, 0.9725615978240967, -0.23065067827701569, -0.0681987926363945, 0.2322378158569336, 0.97026526927948),
            ["RightUpperLeg"] = CFrame.new(-0.000025451183319091797, -0.0001257709227502346, -0.004997434094548225, 0.9872515201568604, -0.14786428213119507, 0.0589061975479126, 0.14483314752578735, 0.9880449175834656, 0.05283559113740921, -0.06601404398679733, -0.043630264699459076, 0.9968643188476562),
            ["RightLowerLeg"] = CFrame.new(-5.4016709327697754e-08, -2.384185791015625e-07, -6.535992724820971e-08, 1, -7.636845111846924e-08, -1.4901157641133977e-08, 6.332993507385254e-08, 0.8782586455345154, 0.47818657755851746, -2.60770320892334e-08, -0.47818607091903687, 0.8782582879066467),
            ["LeftUpperLeg"] = CFrame.new(0.000025480985641479492, 0.0001256568357348442, 0.004997555166482925, 0.9725055694580078, 0.18649040162563324, 0.13948217034339905, -0.17306113243103027, 0.9795118570327759, -0.10298225283622742, -0.15582974255084991, 0.07601194083690643, 0.9848549962043762),
            ["LeftLowerLeg"] = CFrame.new(8.568167686462402e-08, -1.1920928955078125e-07, 4.470348358154297e-08, 1, 3.748573362827301e-08, 2.2351748896198842e-08, -5.960464477539063e-08, 0.7580636739730835, 0.6521806120872498, 3.3527612686157227e-08, -0.652180552482605, 0.7580636739730835),
        }},
        {Time = 0.067, Data = {
            ["RightHand"] = CFrame.new(2.9802322387695312e-08, -5.960464477539063e-08, 7.450580596923828e-08, -0.09958697110414505, 0.6948170065879822, -0.7122558355331421, -0.7064250111579895, 0.4547419548034668, 0.5423807501792908, 0.7007468938827515, 0.5571706295013428, 0.44554999470710754),
            ["LeftLowerArm"] = CFrame.new(8.940696716308594e-08, 2.980232238769531e-07, -9.778887033462524e-09, 1, 3.25497126141272e-07, 9.03382755268467e-08, 3.38535926402983e-07, 0.9064223170280457, -0.4223715662956238, 2.3283075734070735e-07, 0.42237263917922974, 0.9064227342605591),
            ["LeftFoot"] = CFrame.new(-1.30385160446167e-08, 0, -3.725290298461914e-08, 0.9723067879676819, -0.13003669679164886, 0.19419130682945251, 0.17232529819011688, 0.9601905345916748, -0.2198585569858551, -0.15787193179130554, 0.24723400175571442, 0.9560084342956543),
            ["Head"] = CFrame.new(-3.3527612686157227e-08, 2.384185791015625e-07, 8.847564458847046e-08, 0.9945347905158997, -0.1034332811832428, 0.014215739443898201, 0.09259504079818726, 0.9367227554321289, 0.33760419487953186, -0.04823576658964157, -0.3344428539276123, 0.941180944442749),
            ["RightFoot"] = CFrame.new(-7.8580342233181e-09, 1.7881393432617188e-07, 5.420588422566652e-09, 0.9821001291275024, 0.18377956748008728, -0.04127979278564453, -0.18658189475536346, 0.9792221784591675, -0.07944631576538086, 0.02582063525915146, 0.0857265517115593, 0.9959840774536133),
            ["UpperTorso"] = CFrame.new(3.4924596548080444e-09, -1.4901161193847656e-07, 4.0046870708465576e-08, 0.9864986538887024, 0.13842500746250153, 0.08751794695854187, -0.14545467495918274, 0.9861400723457336, 0.07981515675783157, -0.07525649666786194, -0.09146733582019806, 0.9929603934288025),
            ["HumanoidRootPart"] = CFrame.new(0, 0, 0, 1, 0, 0, 0, 1, 0, 0, 0, 1),
            ["RightUpperArm"] = CFrame.new(0, -0.06523692607879639, -1.4901161193847656e-08, 0.9042322635650635, 0.4266001284122467, -0.01940142549574375, -0.0738058090209961, 0.11136899143457413, -0.9910346865653992, -0.42061498761177063, 0.8975574374198914, 0.1321890503168106),
            ["LeftUpperArm"] = CFrame.new(-1.1920928955078125e-07, -0.06523716449737549, 7.450580596923828e-08, 0.9823348522186279, -0.13907426595687866, -0.12520694732666016, 0.12409105151891708, 0.9849342703819275, -0.12044037133455276, 0.14007073640823364, 0.10277551412582397, 0.9847930073738098),
            ["RightLowerArm"] = CFrame.new(0, 0, -2.069864422082901e-07, 1, 3.539032036314893e-07, -4.6566117362090154e-07, 6.803304017921619e-07, 0.12603141367435455, -0.992026686668396, 4.1245903048547916e-07, 0.9920262694358826, 0.1260281354188919),
            ["LeftHand"] = CFrame.new(8.055940270423889e-08, -1.1920928955078125e-07, 3.166496753692627e-08, 0.9459371566772461, -0.31854960322380066, 0.06107194349169731, 0.307545006275177, 0.940704882144928, 0.14314164221286774, -0.10304868966341019, -0.1166212260723114, 0.9878162145614624),
            ["LowerTorso"] = CFrame.new(-0.082403764128685, -0.052046775817871094, -0.007946372963488102, 0.9980669617652893, -0.03910788521170616, 0.04830227419734001, 0.049062538892030716, 0.9728637337684631, -0.2261171191930771, -0.03814875707030296, 0.22804999351501465, 0.9729018807411194),
            ["RightUpperLeg"] = CFrame.new(-0.000025540590286254883, -0.00012572668492794037, -0.004997462034225464, 0.9905788898468018, -0.13468725979328156, -0.024739734828472137, 0.1359993815422058, 0.9887399077415466, 0.062436893582344055, 0.01605162024497986, -0.06521354615688324, 0.997742235660553),
            ["RightLowerLeg"] = CFrame.new(-1.0477378964424133e-08, 1.1920928955078125e-07, -4.85961209051311e-08, 1, -2.7357593523902324e-08, 2.7939672797572257e-09, 6.85686245560646e-08, 0.9277364611625671, 0.373235821723938, -1.30385160446167e-08, -0.3732359707355499, 0.9277364611625671),
            ["LeftUpperLeg"] = CFrame.new(0.000025659799575805664, 0.00012569455429911613, 0.004997481591999531, 0.9784560799598694, 0.1922558695077896, 0.07524971663951874, -0.18589948117733002, 0.9789757132530212, -0.08394679427146912, -0.08980702608823776, 0.06814904510974884, 0.9936249256134033),
            ["LeftLowerLeg"] = CFrame.new(6.332993507385254e-08, 1.1920928955078125e-07, -4.470348358154297e-08, 1, 4.470348358154297e-08, 4.842878453814592e-08, -5.587935447692871e-08, 0.7926236987113953, 0.6097111701965332, 1.862645149230957e-08, -0.6097111105918884, 0.7926236987113953),
        }},
        {Time = 0.100, Data = {
            ["RightHand"] = CFrame.new(-2.9802322387695312e-08, 1.1920928955078125e-07, -2.9802322387695312e-08, -0.10982891172170639, 0.6133164763450623, -0.7821621894836426, -0.6169250011444092, 0.5749361515045166, 0.5374518632888794, 0.7793209552764893, 0.541563868522644, 0.31522661447525024),
            ["LeftLowerArm"] = CFrame.new(-8.940696716308594e-08, 1.1920928955078125e-07, -4.470348358154297e-08, 1, 1.3783569841052667e-07, 1.7881397695873602e-07, 1.1175878711355836e-07, 0.7857279181480408, -0.618571400642395, 2.495946205272048e-07, 0.6185723543167114, 0.7857286334037781),
            ["LeftFoot"] = CFrame.new(2.60770320892334e-08, 5.960464477539063e-08, 7.450580596923828e-09, 0.953318178653717, -0.17590448260307312, 0.2454432249069214, 0.2044973373413086, 0.9741336107254028, -0.09614568948745728, -0.222182959318161, 0.14185017347335815, 0.9646313786506653),
            ["Head"] = CFrame.new(-9.313225746154785e-10, -1.1920928955078125e-07, -4.71482053399086e-09, 0.9974185228347778, -0.07157722115516663, -0.005747838411480188, 0.07009751349687576, 0.9531755447387695, 0.2941819429397583, -0.015577984973788261, -0.2938251197338104, 0.9557321667671204),
            ["RightFoot"] = CFrame.new(-9.313225746154785e-10, 2.980232238769531e-07, -1.4137185644358397e-08, 0.9865550994873047, 0.15503889322280884, 0.05168668180704117, -0.15857253968715668, 0.9846312403678894, 0.07318910211324692, -0.039545938372612, -0.08040079474449158, 0.9959779381752014),
            ["UpperTorso"] = CFrame.new(1.4842953532934189e-08, -8.940696716308594e-08, 2.2118911147117615e-08, 0.9900805950164795, 0.12563923001289368, 0.06289398670196533, -0.13190600275993347, 0.9853478670120239, 0.10812125355005264, -0.04838820919394493, -0.11534485965967178, 0.9921462535858154),
            ["HumanoidRootPart"] = CFrame.new(0, 0, 0, 1, 0, 0, 0, 1, 0, 0, 0, 1),
            ["RightUpperArm"] = CFrame.new(-2.384185791015625e-07, -0.065238356590271, 2.2351741790771484e-08, 0.8906642198562622, 0.4011080265045166, 0.2140790820121765, 0.10125035792589188, 0.28404706716537476, -0.9534494280815125, -0.443244606256485, 0.8708786368370056, 0.2123781442642212),
            ["LeftUpperArm"] = CFrame.new(1.1920928955078125e-07, -0.065238356590271, 2.2351741790771484e-08, 0.8750432729721069, -0.1748938262462616, -0.45134419202804565, 0.02761387825012207, 0.948961079120636, -0.3141822814941406, 0.4832564890384674, 0.26245948672294617, 0.8352113962173462),
            ["RightLowerArm"] = CFrame.new(0, 5.960464477539063e-08, -1.1175870895385742e-07, 1, 2.1606699363019288e-07, -2.756712547125062e-07, 5.066389121566317e-07, 0.34903019666671753, -0.9371128678321838, 3.1664933430874953e-07, 0.9371114373207092, 0.34902650117874146),
            ["LeftHand"] = CFrame.new(1.4901161193847656e-08, -5.960464477539063e-08, 4.76837158203125e-07, 0.6443210244178772, -0.5116755366325378, 0.5683656334877014, 0.37794017791748047, 0.8591461777687073, 0.34500443935394287, -0.6648395657539368, -0.007486564107239246, 0.746948778629303),
            ["LowerTorso"] = CFrame.new(-0.0663435086607933, -0.023314952850341797, 0.011300049722194672, 0.9978316426277161, -0.06217034161090851, 0.021609019488096237, 0.06542403250932693, 0.972740113735199, -0.22247780859470367, -0.007188626565039158, 0.2234092801809311, 0.9746983051300049),
            ["RightUpperLeg"] = CFrame.new(-0.000025451183319091797, -0.0001255694660358131, -0.004997489508241415, 0.9868089556694031, -0.11760147660970688, -0.1112542450428009, 0.12430647015571594, 0.9907001256942749, 0.055334873497486115, 0.10371198505163193, -0.06843486428260803, 0.9922503232955933),
            ["RightLowerLeg"] = CFrame.new(0, 0, 3.149762051180005e-08, 1, -4.0978189730367376e-08, 1.303851426825986e-08, 4.842878098543224e-08, 0.9531046748161316, 0.30264076590538025, -7.450581485102248e-09, -0.3026410639286041, 0.9531046748161316),
            ["LeftUpperLeg"] = CFrame.new(0.000025480985641479492, 0.00012577790766954422, 0.004997476004064083, 0.9796791672706604, 0.2004111260175705, -0.008079735562205315, -0.2002374231815338, 0.9749311804771423, -0.0970212072134018, -0.011567039415240288, 0.09666711091995239, 0.9952495098114014),
            ["LeftLowerLeg"] = CFrame.new(-1.3504177331924438e-07, 1.1920928955078125e-07, 8.288770914077759e-08, 1, 4.8428766774577525e-08, 7.450581485102248e-09, -4.284083843231201e-08, 0.7877932786941528, 0.6159394979476929, 2.60770320892334e-08, -0.6159397959709167, 0.7877935767173767),
        }},
        {Time = 0.133, Data = {
            ["RightHand"] = CFrame.new(-5.960464477539063e-08, 2.384185791015625e-07, -1.3597309589385986e-07, -0.09000646322965622, 0.47928547859191895, -0.8730316758155823, -0.5492094159126282, 0.7073732018470764, 0.4449625313282013, 0.8308236598968506, 0.5195271968841553, 0.19956019520759583),
            ["LeftLowerArm"] = CFrame.new(0, -3.5762786865234375e-07, 1.6391277313232422e-07, 1, -5.774195699359552e-08, 1.8626447229053156e-07, 1.4901157641133977e-08, 0.7393379807472229, -0.6733340620994568, 1.0803339023368608e-07, 0.6733344793319702, 0.7393384575843811),
            ["LeftFoot"] = CFrame.new(-3.550667315721512e-08, 0, -1.30385160446167e-08, 0.9315556287765503, -0.23221026360988617, 0.2797907292842865, 0.2431456744670868, 0.9699788689613342, -0.004526626784354448, -0.2703409790992737, 0.07224708050489426, 0.9600503444671631),
            ["Head"] = CFrame.new(8.381903171539307e-09, -2.384185791015625e-07, -1.1699739843606949e-08, 0.9992299675941467, -0.03576194494962692, -0.016145633533596992, 0.038797877728939056, 0.9619458317756653, 0.2704722583293915, 0.005858597811311483, -0.27089011669158936, 0.9625924229621887),
            ["RightFoot"] = CFrame.new(2.3515895009040833e-08, 5.364418029785156e-07, 2.6266206987202168e-09, 0.9855393171310425, 0.11647535115480423, 0.12306587398052216, -0.1342504471540451, 0.9798799753189087, 0.1476907581090927, -0.10338813811540604, -0.1620764285326004, 0.9813471436500549),
            ["UpperTorso"] = CFrame.new(-3.725290298461914e-08, 0, -4.173489287495613e-08, 0.993788480758667, 0.10565844178199768, 0.03494548797607422, -0.10914325714111328, 0.9866808652877808, 0.12061751633882523, -0.021735774353146553, -0.12368244677782059, 0.9920837879180908),
            ["HumanoidRootPart"] = CFrame.new(0, 0, 0, 1, 0, 0, 0, 1, 0, 0, 0, 1),
            ["RightUpperArm"] = CFrame.new(1.1920928955078125e-07, -0.06523787975311279, 2.0489096641540527e-08, 0.8465222120285034, 0.337414026260376, 0.41176721453666687, 0.26202037930488586, 0.40922728180885315, -0.8740013837814331, -0.46340635418891907, 0.8477528691291809, 0.2580103874206543),
            ["LeftUpperArm"] = CFrame.new(-2.384185791015625e-07, -0.06523764133453369, 2.1420419216156006e-08, 0.8098485469818115, -0.22004611790180206, -0.543806254863739, -0.0041778734885156155, 0.9247991442680359, -0.3804332911968231, 0.5866240859031677, 0.3103650212287903, 0.7480276226997375),
            ["RightLowerArm"] = CFrame.new(-5.960464477539063e-08, 1.1920928955078125e-07, -7.450580596923828e-09, 1, -1.4901157641133977e-08, 3.725290653733282e-08, 2.3096808376976696e-07, 0.6151261329650879, -0.7884289622306824, 4.4703497792397684e-08, 0.7884287238121033, 0.615125834941864),
            ["LeftHand"] = CFrame.new(1.341104507446289e-07, -2.384185791015625e-07, -2.8312206268310547e-07, 0.31777188181877136, -0.5237448215484619, 0.7903876304626465, 0.3314606845378876, 0.8423622846603394, 0.4249230921268463, -0.888343870639801, 0.12695346772670746, 0.44127970933914185),
            ["LowerTorso"] = CFrame.new(-0.04918915778398514, -0.012743711471557617, 0.020004944875836372, 0.9966137409210205, -0.08154726773500443, -0.010549848899245262, 0.07721111923456192, 0.9722189903259277, -0.22097158432006836, 0.028276193886995316, 0.21940878033638, 0.975223183631897),
            ["RightUpperLeg"] = CFrame.new(-0.000025480985641479492, -0.0001254216767847538, -0.004997519310563803, 0.9784864783287048, -0.09948886930942535, -0.18073654174804688, 0.10924611240625381, 0.9930041432380676, 0.044817227870225906, 0.1750131994485855, -0.06359802931547165, 0.982509970664978),
            ["RightLowerLeg"] = CFrame.new(-1.1920928955078125e-07, -1.1920928955078125e-07, 1.6952981241047382e-09, 1, -6.146727571376687e-08, 2.2351736461700966e-08, 2.9802318834981634e-08, 0.9624491930007935, 0.27146151661872864, -3.7252898543727042e-09, -0.2714618444442749, 0.9624493718147278),
            ["LeftUpperLeg"] = CFrame.new(0.000025480985641479492, 0.0001261495053768158, 0.004997410345822573, 0.9743540287017822, 0.20677974820137024, -0.08875513076782227, -0.21603959798812866, 0.9699443578720093, -0.1119551807641983, 0.06293749809265137, 0.12825797498226166, 0.9897417426109314),
            ["LeftLowerLeg"] = CFrame.new(-3.259629011154175e-08, 0, -8.940696716308594e-08, 1, 5.0291408371094803e-08, 1.5832485544819974e-08, -6.426125764846802e-08, 0.7642231583595276, 0.644951581954956, 1.862645149230957e-08, -0.6449518799781799, 0.7642235159873962),
        }},
        {Time = 0.167, Data = {
            ["RightHand"] = CFrame.new(-1.7881393432617188e-07, 0, 3.725290298461914e-07, 0.040014371275901794, 0.23700767755508423, -0.9706839323043823, -0.4355134963989258, 0.8784652948379517, 0.19653664529323578, 0.8992924094200134, 0.41488099098205566, 0.13836948573589325),
            ["LeftLowerArm"] = CFrame.new(0, -5.960464477539063e-08, 8.940696716308594e-08, 1, -2.700834897950699e-07, -8.568165554834195e-08, -1.2107189206744806e-07, 0.8507084250450134, -0.525638222694397, -2.0582221793574718e-07, 0.5256379842758179, 0.8507082462310791),
            ["LeftFoot"] = CFrame.new(-1.0570511221885681e-07, 2.384185791015625e-07, 2.2351741790771484e-08, 0.9099555015563965, -0.28328031301498413, 0.3028760850429535, 0.28786706924438477, 0.9571876525878906, 0.030391499400138855, -0.29851922392845154, 0.05953330174088478, 0.9525452852249146),
            ["Head"] = CFrame.new(-5.587935447692871e-09, 0, 1.3504177331924438e-08, 0.999893844127655, 0.0020257565192878246, -0.014430982060730457, 0.0018829167820513248, 0.964028537273407, 0.2657924294471741, 0.01445031724870205, -0.2657911777496338, 0.963922381401062),
            ["RightFoot"] = CFrame.new(-7.916241884231567e-09, 4.172325134277344e-07, 1.6952981241047382e-09, 0.9812598824501038, 0.08314231783151627, 0.17382754385471344, -0.10531006753444672, 0.9868727326393127, 0.12244409322738647, -0.1613658219575882, -0.13845482468605042, 0.9771342873573303),
            ["UpperTorso"] = CFrame.new(3.725290298461914e-08, -1.1920928955078125e-07, -9.592622518539429e-08, 0.9970157146453857, 0.07704465091228485, 0.004892430733889341, -0.07699824869632721, 0.9878587126731873, 0.13493119180202484, 0.005562660750001669, -0.134905144572258, 0.990842878818512),
            ["HumanoidRootPart"] = CFrame.new(0, 0, 0, 1, 0, 0, 0, 1, 0, 0, 0, 1),
            ["RightUpperArm"] = CFrame.new(1.1920928955078125e-07, -0.06523799896240234, -1.1175870895385742e-08, 0.7756137251853943, 0.3628544211387634, 0.5164886116981506, 0.2930315136909485, 0.5177473425865173, -0.8037852048873901, -0.5590670704841614, 0.7747737169265747, 0.29524391889572144),
            ["LeftUpperArm"] = CFrame.new(-2.384185791015625e-07, -0.06523776054382324, 1.4901161193847656e-08, 0.7268620133399963, -0.3235135078430176, -0.6058144569396973, 0.040042053908109665, 0.9005658030509949, -0.43287205696105957, 0.6856153607368469, 0.2903797924518585, 0.6675408482551575),
            ["RightLowerArm"] = CFrame.new(3.5762786865234375e-07, -1.1920928955078125e-07, -4.470348358154297e-08, 1, -3.8370444599422626e-07, -4.805627327186812e-07, -1.4901168299275014e-07, 0.9219180941581726, -0.3873822093009949, -7.525089813498198e-07, 0.38738515973091125, 0.9219192862510681),
            ["LeftHand"] = CFrame.new(4.470348358154297e-08, 0, -4.470348358154297e-08, 0.11116894334554672, -0.42409852147102356, 0.8987667560577393, 0.2872122526168823, 0.8794917464256287, 0.37947818636894226, -0.9513940811157227, 0.2159510999917984, 0.21957862377166748),
            ["LowerTorso"] = CFrame.new(-0.029482409358024597, -0.021880149841308594, 0.01990848034620285, 0.9939685463905334, -0.09716144949197769, -0.05085752159357071, 0.08246412128210068, 0.9678990840911865, -0.23742571473121643, 0.07229337841272354, 0.23179973661899567, 0.9700735211372375),
            ["RightUpperLeg"] = CFrame.new(-0.0000254213809967041, -0.00012574251741170883, -0.004997598007321358, 0.9698710441589355, -0.09235682338476181, -0.22543291747570038, 0.09829773753881454, 0.9950406551361084, 0.01523580402135849, 0.22290758788585663, -0.03693645820021629, 0.9741395711898804),
            ["RightLowerLeg"] = CFrame.new(2.2351741790771484e-08, -5.960464477539063e-08, -5.75528247281909e-09, 1, -9.313224325069314e-08, 9.313222193441106e-08, 3.725290298461914e-08, 0.9432201385498047, 0.3321685791015625, -1.4901161193847656e-08, -0.3321683704853058, 0.9432200193405151),
            ["LeftUpperLeg"] = CFrame.new(0.00002562999725341797, 0.00012526405043900013, 0.004997423849999905, 0.9645566940307617, 0.20782804489135742, -0.16260087490081787, -0.22575312852859497, 0.9689640998840332, -0.10071297734975815, 0.13662350177764893, 0.13385096192359924, 0.9815385937690735),
            ["LeftLowerLeg"] = CFrame.new(1.043081283569336e-07, 5.960464477539063e-08, 6.705522537231445e-08, 1, 9.313227877782992e-08, 0, -6.33299421792799e-08, 0.7300565242767334, 0.6833869218826294, 0, -0.6833868026733398, 0.7300564050674438),
        }},
        {Time = 0.200, Data = {
            ["RightHand"] = CFrame.new(-2.384185791015625e-07, -5.960464477539063e-08, -7.450580596923828e-08, 0.15121504664421082, 0.06533042341470718, -0.9863397479057312, -0.17726092040538788, 0.9834316968917847, 0.03796352073550224, 0.9724775552749634, 0.1690979301929474, 0.16028942167758942),
            ["LeftLowerArm"] = CFrame.new(1.7881393432617188e-07, 1.7881393432617188e-07, 1.1920928955078125e-07, 1, -2.849847078323364e-07, 1.881272027048908e-07, -1.8440189819557418e-07, 0.983224630355835, -0.1823984980583191, 1.7508865823856468e-07, 0.18239912390708923, 0.9832247495651245),
            ["LeftFoot"] = CFrame.new(-9.313225746154785e-09, -5.960464477539063e-08, -7.450580596923828e-09, 0.8925850987434387, -0.32521095871925354, 0.3122980296611786, 0.3353787064552307, 0.9418212175369263, 0.022207338362932205, -0.3013520836830139, 0.08491642028093338, 0.9497246742248535),
            ["Head"] = CFrame.new(-3.725290298461914e-09, 0, 3.725290298461914e-09, 0.9992642402648926, 0.037941526621580124, -0.005607828497886658, -0.03503312170505524, 0.9624515175819397, 0.2691839039325714, 0.015610487200319767, -0.26878899335861206, 0.9630724787712097),
            ["RightFoot"] = CFrame.new(3.725290298461914e-09, 5.364418029785156e-07, -3.892637323588133e-09, 0.9759777188301086, 0.05683554708957672, 0.21032512187957764, -0.06800661981105804, 0.9966121315956116, 0.04625436291098595, -0.20698444545269012, -0.059446174651384354, 0.9765366911888123),
            ["UpperTorso"] = CFrame.new(-1.862645149230957e-08, -2.980232238769531e-07, -3.91155481338501e-08, 0.998616099357605, 0.04653729498386383, -0.024502389132976532, -0.0419069267809391, 0.985582709312439, 0.16392254829406738, 0.03177766874432564, -0.16266900300979614, 0.9861689209938049),
            ["HumanoidRootPart"] = CFrame.new(0, 0, 0, 1, 0, 0, 0, 1, 0, 0, 0, 1),
            ["RightUpperArm"] = CFrame.new(1.1920928955078125e-07, -0.06523787975311279, -6.705522537231445e-08, 0.8642582297325134, 0.40684571862220764, 0.29586243629455566, -0.037223685532808304, 0.6382481455802917, -0.7689303159713745, -0.5016693472862244, 0.6535411477088928, 0.566755473613739),
            ["LeftUpperArm"] = CFrame.new(-1.1920928955078125e-07, -0.065238356590271, 7.450580596923828e-09, 0.6336126923561096, -0.4735543727874756, -0.6117854118347168, 0.09831663966178894, 0.8336528539657593, -0.5434675216674805, 0.7673779726028442, 0.2841990888118744, 0.574770987033844),
            ["RightLowerArm"] = CFrame.new(-5.960464477539063e-08, -2.384185791015625e-07, -2.8312206268310547e-07, 1, 6.705520263494691e-07, -5.140904022482573e-07, 7.208431611616106e-07, 1, -0.000001944602900039172, -4.7683681714261184e-07, 0.0000028684723929472966, 1),
            ["LeftHand"] = CFrame.new(-2.9802322387695312e-08, 1.7881393432617188e-07, 5.960464477539063e-08, -0.06145089119672775, -0.2724388539791107, 0.9602087736129761, 0.2640361487865448, 0.9233183860778809, 0.2788696885108948, -0.9625533223152161, 0.270666241645813, 0.015194406732916832),
            ["LowerTorso"] = CFrame.new(-0.00868157297372818, -0.048799753189086914, 0.01923239976167679, 0.9889720678329468, -0.11337937414646149, -0.09528684616088867, 0.08351422101259232, 0.9582629203796387, -0.2734181880950928, 0.1223095953464508, 0.2624451220035553, 0.9571640491485596),
            ["RightUpperLeg"] = CFrame.new(-0.000025510787963867188, -0.00012591853737831116, -0.004997430369257927, 0.9635518193244934, -0.09777064621448517, -0.2490149587392807, 0.09307397902011871, 0.9951889514923096, -0.03060566633939743, 0.2508091926574707, 0.0063131218776106834, 0.9680159687995911),
            ["RightLowerLeg"] = CFrame.new(-4.470348358154297e-08, -1.1920928955078125e-07, 1.4325632946565747e-07, 1, -3.91155481338501e-08, -1.1734661597984086e-07, 8.195637946073475e-08, 0.8883482813835144, 0.45917046070098877, 5.960463766996327e-08, -0.45917031168937683, 0.8883482217788696),
            ["LeftUpperLeg"] = CFrame.new(0.000025480985641479492, 0.00012549478560686111, 0.004997514188289642, 0.9515824317932129, 0.20420514047145844, -0.22976550459861755, -0.22646375000476837, 0.9711418747901917, -0.07481132447719574, 0.20785818994045258, 0.12322232127189636, 0.9703664779663086),
            ["LeftLowerLeg"] = CFrame.new(-6.705522537231445e-08, 1.1920928955078125e-07, -1.4901161193847656e-08, 1, 1.043081283569336e-07, 2.2351738238057806e-08, -3.725290298461914e-08, 0.6763466596603394, 0.7365835905075073, 5.960464477539063e-08, -0.7365835309028625, 0.6763466596603394),
        }},
        {Time = 0.233, Data = {
            ["RightHand"] = CFrame.new(8.521601557731628e-08, -4.76837158203125e-07, -5.960464477539063e-08, 0.25339725613594055, 0.040707480162382126, -0.9665051102638245, -0.03284909203648567, 0.9989001750946045, 0.033463820815086365, 0.9668044447898865, 0.023270929232239723, 0.25445646047592163),
            ["LeftLowerArm"] = CFrame.new(1.1920928955078125e-07, -1.1920928955078125e-07, 2.5331974029541016e-07, 1, -2.42143840978315e-07, 2.0116577559292637e-07, -2.421438694000244e-07, 1, -0.000003978611857746728, 8.940696716308594e-08, 0.000004522501967585413, 1),
            ["LeftFoot"] = CFrame.new(-4.377216100692749e-08, -5.960464477539063e-08, -3.5390257835388184e-08, 0.8854517340660095, -0.3506561815738678, 0.3049857020378113, 0.3768135607242584, 0.9258174896240234, -0.029535867273807526, -0.2720050513744354, 0.14107565581798553, 0.9518989324569702),
            ["Head"] = CFrame.new(0, 0, 2.60770320892334e-08, 0.9974360466003418, 0.07101903855800629, 0.008819689974188805, -0.07063066214323044, 0.9570677280426025, 0.2811279594898224, 0.011524366214871407, -0.2810298204421997, 0.9596297740936279),
            ["RightFoot"] = CFrame.new(-1.1362135410308838e-07, 3.5762786865234375e-07, 4.267349140718579e-08, 0.9710673689842224, 0.04311955347657204, 0.23487983644008636, -0.03047737292945385, 0.9978976249694824, -0.057197991758584976, -0.2368530035018921, 0.048384908586740494, 0.9703400731086731),
            ["UpperTorso"] = CFrame.new(2.9802322387695312e-08, -3.2782554626464844e-07, 8.847564458847046e-09, 0.9985681772232056, 0.0204076636582613, -0.0494491271674633, -0.010797620750963688, 0.9822419285774231, 0.18730811774730682, 0.052393484860658646, -0.18650582432746887, 0.9810558557510376),
            ["HumanoidRootPart"] = CFrame.new(0, 0, 0, 1, 0, 0, 0, 1, 0, 0, 0, 1),
            ["RightUpperArm"] = CFrame.new(0, -0.06523787975311279, -1.4901161193847656e-08, 0.8699783086776733, 0.49308520555496216, 0.002144909929484129, -0.42167097330093384, 0.7462186217308044, -0.5151228904724121, -0.25560009479522705, 0.4472413659095764, 0.8571137189865112),
            ["LeftUpperArm"] = CFrame.new(0, -0.06523764133453369, -7.450580596923828e-09, 0.6122562289237976, -0.511774480342865, -0.602684736251831, 0.14233960211277008, 0.8211464285850525, -0.552682638168335, 0.7777414917945862, 0.252597451210022, 0.5755979418754578),
            ["RightLowerArm"] = CFrame.new(-1.4901161193847656e-07, -1.1920928955078125e-07, -1.8673017621040344e-07, 1, 0.0000019148001229041256, -2.9802347256691064e-08, 0.0000019222475202695932, 1, -0.000006306921932264231, -7.450572070410999e-08, 0.0000040307659219251946, 1),
            ["LeftHand"] = CFrame.new(1.1920928955078125e-07, -1.1920928955078125e-07, -2.086162567138672e-07, -0.17863373458385468, -0.19239456951618195, 0.964921772480011, 0.24981805682182312, 0.9396897554397583, 0.23361247777938843, -0.9516727924346924, 0.28278544545173645, -0.11979752779006958),
            ["LowerTorso"] = CFrame.new(0.010982143692672253, -0.09276700019836426, 0.017397454008460045, 0.9814578890800476, -0.1327161192893982, -0.13830088078975677, 0.08454516530036926, 0.9472818970680237, -0.3090451955795288, 0.17202498018741608, 0.29162201285362244, 0.9409378170967102),
            ["RightUpperLeg"] = CFrame.new(-0.000025659799575805664, -0.00012560933828353882, -0.0049974191933870316, 0.963002622127533, -0.10355246812105179, -0.24880187213420868, 0.0862116664648056, 0.9930880665779114, -0.07965070009231567, 0.2553301751613617, 0.05525434389710426, 0.9652737975120544),
            ["RightLowerLeg"] = CFrame.new(4.470348358154297e-08, -1.1920928955078125e-07, 1.507069100625813e-07, 1, -9.12695767851801e-08, -2.4214376281861405e-08, 7.450579886381092e-08, 0.8080551624298096, 0.5891068577766418, -5.5879347371501353e-08, -0.5891067385673523, 0.8080552220344543),
            ["LeftUpperLeg"] = CFrame.new(0.000025600194931030273, 0.0001257769763469696, 0.004997484385967255, 0.9393029808998108, 0.20313669741153717, -0.2764897048473358, -0.22762398421764374, 0.9719464778900146, -0.0592142678797245, 0.2567046582698822, 0.11855588108301163, 0.959190845489502),
            ["LeftLowerLeg"] = CFrame.new(-1.6391277313232422e-07, 0, -8.940696716308594e-08, 1, 5.960463766996327e-08, 5.960464477539063e-08, -8.195638656616211e-08, 0.5995792746543884, 0.8003153204917908, 5.21540641784668e-08, -0.8003153800964355, 0.5995794534683228),
        }},
        {Time = 0.267, Data = {
            ["RightHand"] = CFrame.new(-6.51925802230835e-08, 2.980232238769531e-07, -8.940696716308594e-08, 0.2533978819847107, 0.04070686921477318, -0.9665049314498901, -0.032848913222551346, 0.9989001750946045, 0.03346430882811546, 0.9668043255805969, 0.023270873352885246, 0.2544569969177246),
            ["LeftLowerArm"] = CFrame.new(-5.960464477539063e-08, -2.384185791015625e-07, 4.470348358154297e-08, 1, -3.725290653733282e-08, 5.215407838932151e-08, -2.9802322387695312e-08, 1, -0.00000634044545222423, 9.685754776000977e-08, 0.000006411225513147656, 1),
            ["LeftFoot"] = CFrame.new(9.499490261077881e-08, -1.7881393432617188e-07, -4.842877388000488e-08, 0.8931034803390503, -0.3567572832107544, 0.2740267217159271, 0.41446414589881897, 0.8893806338310242, -0.19292695820331573, -0.17488734424114227, 0.28587806224823, 0.9421722888946533),
            ["Head"] = CFrame.new(-1.4901161193847656e-08, 2.384185791015625e-07, -1.862645149230957e-08, 0.994083821773529, 0.10034419596195221, 0.04157455638051033, -0.10835728049278259, 0.9425911903381348, 0.3158813416957855, -0.00749098090454936, -0.3185168504714966, 0.9478874802589417),
            ["RightFoot"] = CFrame.new(2.9802322387695312e-08, 2.980232238769531e-07, -2.8107024263590574e-08, 0.968124508857727, 0.05859946459531784, 0.24351705610752106, 0.011133999563753605, 0.9612154364585876, -0.27557429671287537, -0.2502220869064331, 0.2695015072822571, 0.9299238920211792),
            ["UpperTorso"] = CFrame.new(3.5390257835388184e-08, -5.960464477539063e-08, -9.080395102500916e-08, 0.9976131319999695, 0.0010063761146739125, -0.06904458999633789, 0.012947037816047668, 0.9794374704360962, 0.2013319879770279, 0.06782746315002441, -0.20174548029899597, 0.9770866632461548),
            ["HumanoidRootPart"] = CFrame.new(0, 0, 0, 1, 0, 0, 0, 1, 0, 0, 0, 1),
            ["RightUpperArm"] = CFrame.new(0, -0.06523764133453369, 5.960464477539063e-08, 0.8291776776313782, 0.5531312823295593, -0.0806853249669075, -0.5316091179847717, 0.7356930375099182, -0.41969946026802063, -0.17278924584388733, 0.39089828729629517, 0.9040697813034058),
            ["LeftUpperArm"] = CFrame.new(-1.1920928955078125e-07, -0.06523752212524414, -4.7497451305389404e-08, 0.6613766551017761, -0.4558371603488922, -0.5956453680992126, 0.18542419373989105, 0.868853747844696, -0.4590330421924591, 0.7267729640007019, 0.1931464970111847, 0.6591625213623047),
            ["RightLowerArm"] = CFrame.new(5.960464477539063e-08, -5.364418029785156e-07, 8.940696716308594e-08, 1, 0.0000024167841274902457, -9.220099883577859e-08, 0.0000022901190277480055, 1, -0.000006109480636951048, 2.1420389018089736e-08, 0.0000037476452234841418, 1),
            ["LeftHand"] = CFrame.new(-1.043081283569336e-07, -5.960464477539063e-08, 0, -0.22877736389636993, -0.1670544147491455, 0.9590378999710083, 0.24607034027576447, 0.9432491064071655, 0.22300395369529724, -0.9418654441833496, 0.28700852394104004, -0.17468704283237457),
            ["LowerTorso"] = CFrame.new(0.03208521753549576, -0.19643378257751465, 0.007251814939081669, 0.9693081378936768, -0.15960374474525452, -0.1869993656873703, 0.08750367164611816, 0.9347872138023376, -0.3442612886428833, 0.22974969446659088, 0.31733202934265137, 0.9200627207756042),
            ["RightUpperLeg"] = CFrame.new(-0.00002562999725341797, -0.00012566521763801575, -0.004997441545128822, 0.9718042612075806, -0.10680538415908813, -0.2102106809616089, 0.07276405394077301, 0.983855128288269, -0.16350936889648438, 0.2242807149887085, 0.14360280334949493, 0.963886022567749),
            ["RightLowerLeg"] = CFrame.new(-1.4901161193847656e-08, -1.7881393432617188e-07, -1.3205863069742918e-08, 1, -4.470348358154297e-08, -9.685746960030883e-08, 1.0430811414607888e-07, 0.6435253024101257, 0.7654250264167786, -7.4505797087454084e-09, -0.765424907207489, 0.6435250639915466),
