return {
    ["Brodyquest"] = {
        {Time = 0.000, Data = {
            ["RightFoot"] = CFrame.new(-5.21540641784668e-08, 1.1920928955078125e-07, 8.913048077374697e-09, 1, -6.798659057949408e-08, 3.383330238193594e-08, -1.1175872671742582e-08, 0.9999368786811829, -0.011244334280490875, -1.0465738853326911e-07, 0.011244503781199455, 0.9999368190765381),
            ["LeftLowerArm"] = CFrame.new(5.960464477539063e-08, 5.960464477539063e-08, 1.4901161193847656e-08, 1, -5.494804611316795e-08, 1.0617078771701927e-07, 9.5926239396249e-08, -0.17291884124279022, -0.9849361181259155, 1.0011719098201866e-07, 0.9849361777305603, -0.17291882634162903),
            ["RightUpperArm"] = CFrame.new(-1.1920928955078125e-07, -3.5762786865234375e-07, 1.862645149230957e-09, 0.9054815173149109, -0.19315479695796967, 0.37788155674934387, 0.130973219871521, 0.9741430878639221, 0.18409611284732819, -0.4036698043346405, -0.11720331758260727, 0.9073666334152222),
            ["Head"] = CFrame.new(-5.029141902923584e-08, 0, 0, 0.9928091764450073, 0.00179767026565969, 0.11969421803951263, 0.0017977014649659395, 0.9995505809783936, -0.029923560097813606, -0.11969424039125443, 0.029923561960458755, 0.9923597574234009),
            ["RightHand"] = CFrame.new(9.313225746154785e-08, 5.960464477539063e-08, 3.725290298461914e-08, 0.9988357424736023, -0.04531529173254967, -0.016545504331588745, 0.045725107192993164, 0.9986338019371033, 0.025296345353126526, 0.015376545488834381, -0.026023440062999725, 0.9995431303977966),
            ["UpperTorso"] = CFrame.new(-2.1420419216156006e-08, -2.9802322387695312e-08, 5.587935447692871e-09, 0.9987503290176392, -0.0002499413676559925, 0.0499783456325531, -0.00024996325373649597, 0.9999500513076782, 0.009995668195188046, -0.04997832328081131, -0.009995665401220322, 0.9987003803253174),
            ["HumanoidRootPart"] = CFrame.new(0, 0, 0, 1, 0, 0, 0, 1, 0, 0, 0, 1),
            ["RightUpperLeg"] = CFrame.new(0, -2.0035076886415482e-07, 1.673470251262188e-10, 1, 2.3748716770910505e-08, -5.8906152844429016e-08, 2.3283064365386963e-09, 0.9999208450317383, -0.012581311166286469, 8.940696716308594e-08, 0.012581187300384045, 0.9999209046363831),
            ["LeftUpperArm"] = CFrame.new(5.960464477539063e-08, 0, -1.4901161193847656e-08, 0.9196295142173767, 0.10128277540206909, 0.37950417399406433, -0.08761391043663025, 0.9947347044944763, -0.05316712707281113, -0.3828909397125244, 0.015644213184714317, 0.9236611723899841),
            ["RightLowerArm"] = CFrame.new(-1.1920928955078125e-07, -2.384185791015625e-07, -9.988434612751007e-08, 1, 1.1175872671742582e-08, 2.2351745343485163e-08, 2.9802322387695312e-08, 0.9999377727508545, -0.011161872185766697, -3.725290298461914e-08, 0.0111618647351861, 0.9999377727508545),
            ["LeftHand"] = CFrame.new(2.682209014892578e-07, -5.960464477539063e-08, -2.7567148208618164e-07, 0.9239116907119751, -0.37932583689689636, -0.04999205842614174, 0.38204628229141235, 0.9217159152030945, 0.06693629920482635, 0.020687824115157127, -0.08094244450330734, 0.9965041279792786),
            ["LeftFoot"] = CFrame.new(1.30385160446167e-08, 5.960464477539063e-08, 1.2078089639544487e-08, 1, -3.3061954951563166e-08, -1.1914114850242186e-07, 4.1909511416804435e-09, 0.9999973177909851, -0.0023278293665498495, 1.324806220281971e-07, 0.002327718771994114, 0.9999973177909851),
            ["LowerTorso"] = CFrame.new(-0.2992951273918152, -0.017705082893371582, -0.035141102969646454, 0.9698463082313538, -0.1710101068019867, -0.17364820837974548, 0.17364820837974548, 0.9848078489303589, 2.0898219266207718e-10, 0.1710100769996643, -0.030153697356581688, 0.9848078489303589),
            ["RightLowerLeg"] = CFrame.new(-4.6566128730773926e-09, -0.00012236833572387695, -0.00007739772991044447, 1, 3.539026494081554e-08, 3.643799217911692e-08, 2.8638169169425964e-08, 0.9997162222862244, 0.023823969066143036, 6.05359673500061e-09, -0.023824011906981468, 0.9997162222862244),
            ["LeftUpperLeg"] = CFrame.new(-1.7881393432617188e-07, -8.614733815193176e-08, 1.6763806343078613e-08, 1, 3.2596294552433847e-09, 1.5270781261733646e-07, -5.075706965840254e-08, 0.9999963641166687, -0.0027176951989531517, -1.6391273049976007e-07, 0.0027178118471056223, 0.9999963641166687),
            ["LeftLowerLeg"] = CFrame.new(2.0489096641540527e-08, 0.00012284517288208008, 0.00007740315049886703, 1, 4.6100474548893544e-08, -1.3184033420543528e-08, 2.3283064365386963e-09, 0.9999873638153076, 0.0050455075688660145, -1.2514647096395493e-09, -0.005045512691140175, 0.9999873042106628),
        }},
        {Time = 0.031, Data = {
            ["RightFoot"] = CFrame.new(-5.21540641784668e-08, 1.1920928955078125e-07, 8.913048077374697e-09, 1, -6.798659057949408e-08, 3.383330238193594e-08, -1.1175872671742582e-08, 0.9999368786811829, -0.011244334280490875, -1.0465738853326911e-07, 0.011244503781199455, 0.9999368190765381),
            ["LeftLowerArm"] = CFrame.new(5.960464477539063e-08, 5.960464477539063e-08, 1.4901161193847656e-08, 1, -5.494804611316795e-08, 1.0617078771701927e-07, 9.5926239396249e-08, -0.17291884124279022, -0.9849361181259155, 1.0011719098201866e-07, 0.9849361777305603, -0.17291882634162903),
            ["RightUpperArm"] = CFrame.new(-1.1920928955078125e-07, -3.5762786865234375e-07, 1.862645149230957e-09, 0.9054815173149109, -0.19315479695796967, 0.37788155674934387, 0.130973219871521, 0.9741430878639221, 0.18409611284732819, -0.4036698043346405, -0.11720331758260727, 0.9073666334152222),
            ["Head"] = CFrame.new(-5.029141902923584e-08, 0, 0, 0.9928091764450073, 0.00179767026565969, 0.11969421803951263, 0.0017977014649659395, 0.9995505809783936, -0.029923560097813606, -0.11969424039125443, 0.029923561960458755, 0.9923597574234009),
            ["RightHand"] = CFrame.new(9.313225746154785e-08, 5.960464477539063e-08, 3.725290298461914e-08, 0.9988357424736023, -0.04531529173254967, -0.016545504331588745, 0.045725107192993164, 0.9986338019371033, 0.025296345353126526, 0.015376545488834381, -0.026023440062999725, 0.9995431303977966),
            ["UpperTorso"] = CFrame.new(-2.1420419216156006e-08, -2.9802322387695312e-08, 5.587935447692871e-09, 0.9987503290176392, -0.0002499413676559925, 0.0499783456325531, -0.00024996325373649597, 0.9999500513076782, 0.009995668195188046, -0.04997832328081131, -0.009995665401220322, 0.9987003803253174),
            ["HumanoidRootPart"] = CFrame.new(0, 0, 0, 1, 0, 0, 0, 1, 0, 0, 0, 1),
            ["RightUpperLeg"] = CFrame.new(0, -2.0035076886415482e-07, 1.673470251262188e-10, 1, 2.3748716770910505e-08, -5.8906152844429016e-08, 2.3283064365386963e-09, 0.9999208450317383, -0.012581311166286469, 8.940696716308594e-08, 0.012581187300384045, 0.9999209046363831),
            ["LeftUpperArm"] = CFrame.new(5.960464477539063e-08, 0, -1.4901161193847656e-08, 0.9196295142173767, 0.10128277540206909, 0.37950417399406433, -0.08761391043663025, 0.9947347044944763, -0.05316712707281113, -0.3828909397125244, 0.015644213184714317, 0.9236611723899841),
            ["RightLowerArm"] = CFrame.new(-1.1920928955078125e-07, -2.384185791015625e-07, -9.988434612751007e-08, 1, 1.1175872671742582e-08, 2.2351745343485163e-08, 2.9802322387695312e-08, 0.9999377727508545, -0.011161872185766697, -3.725290298461914e-08, 0.0111618647351861, 0.9999377727508545),
            ["LeftHand"] = CFrame.new(2.682209014892578e-07, -5.960464477539063e-08, -2.7567148208618164e-07, 0.9239116907119751, -0.37932583689689636, -0.04999205842614174, 0.38204628229141235, 0.9217159152030945, 0.06693629920482635, 0.020687824115157127, -0.08094244450330734, 0.9965041279792786),
            ["LeftFoot"] = CFrame.new(1.30385160446167e-08, 5.960464477539063e-08, 1.2078089639544487e-08, 1, -3.3061954951563166e-08, -1.1914114850242186e-07, 4.1909511416804435e-09, 0.9999973177909851, -0.0023278293665498495, 1.324806220281971e-07, 0.002327718771994114, 0.9999973177909851),
            ["LowerTorso"] = CFrame.new(-0.2992951273918152, -0.017705082893371582, -0.035141102969646454, 0.9698463082313538, -0.1710101068019867, -0.17364820837974548, 0.17364820837974548, 0.9848078489303589, 2.0898219266207718e-10, 0.1710100769996643, -0.030153697356581688, 0.9848078489303589),
            ["RightLowerLeg"] = CFrame.new(-4.6566128730773926e-09, -0.00012236833572387695, -0.00007739772991044447, 1, 3.539026494081554e-08, 3.643799217911692e-08, 2.8638169169425964e-08, 0.9997162222862244, 0.023823969066143036, 6.05359673500061e-09, -0.023824011906981468, 0.9997162222862244),
            ["LeftUpperLeg"] = CFrame.new(-1.7881393432617188e-07, -8.614733815193176e-08, 1.6763806343078613e-08, 1, 3.2596294552433847e-09, 1.5270781261733646e-07, -5.075706965840254e-08, 0.9999963641166687, -0.0027176951989531517, -1.6391273049976007e-07, 0.0027178118471056223, 0.9999963641166687),
            ["LeftLowerLeg"] = CFrame.new(2.0489096641540527e-08, 0.00012284517288208008, 0.00007740315049886703, 1, 4.6100474548893544e-08, -1.3184033420543528e-08, 2.3283064365386963e-09, 0.9999873638153076, 0.0050455075688660145, -1.2514647096395493e-09, -0.005045512691140175, 0.9999873042106628),
        }},
        {Time = 0.062, Data = {
            ["RightFoot"] = CFrame.new(-5.21540641784668e-08, 1.1920928955078125e-07, 8.913048077374697e-09, 1, -6.798659057949408e-08, 3.383330238193594e-08, -1.1175872671742582e-08, 0.9999368786811829, -0.011244334280490875, -1.0465738853326911e-07, 0.011244503781199455, 0.9999368190765381),
            ["LeftLowerArm"] = CFrame.new(5.960464477539063e-08, 5.960464477539063e-08, 1.4901161193847656e-08, 1, -5.494804611316795e-08, 1.0617078771701927e-07, 9.5926239396249e-08, -0.17291884124279022, -0.9849361181259155, 1.0011719098201866e-07, 0.9849361777305603, -0.17291882634162903),
            ["RightUpperArm"] = CFrame.new(-1.1920928955078125e-07, -3.5762786865234375e-07, 1.862645149230957e-09, 0.9054815173149109, -0.19315479695796967, 0.37788155674934387, 0.130973219871521, 0.9741430878639221, 0.18409611284732819, -0.4036698043346405, -0.11720331758260727, 0.9073666334152222),
            ["Head"] = CFrame.new(-5.029141902923584e-08, 0, 0, 0.9928091764450073, 0.00179767026565969, 0.11969421803951263, 0.0017977014649659395, 0.9995505809783936, -0.029923560097813606, -0.11969424039125443, 0.029923561960458755, 0.9923597574234009),
            ["RightHand"] = CFrame.new(9.313225746154785e-08, 5.960464477539063e-08, 3.725290298461914e-08, 0.9988357424736023, -0.04531529173254967, -0.016545504331588745, 0.045725107192993164, 0.9986338019371033, 0.025296345353126526, 0.015376545488834381, -0.026023440062999725, 0.9995431303977966),
            ["UpperTorso"] = CFrame.new(-2.1420419216156006e-08, -2.9802322387695312e-08, 5.587935447692871e-09, 0.9987503290176392, -0.0002499413676559925, 0.0499783456325531, -0.00024996325373649597, 0.9999500513076782, 0.009995668195188046, -0.04997832328081131, -0.009995665401220322, 0.9987003803253174),
            ["HumanoidRootPart"] = CFrame.new(0, 0, 0, 1, 0, 0, 0, 1, 0, 0, 0, 1),
            ["RightUpperLeg"] = CFrame.new(0, -2.0035076886415482e-07, 1.673470251262188e-10, 1, 2.3748716770910505e-08, -5.8906152844429016e-08, 2.3283064365386963e-09, 0.9999208450317383, -0.012581311166286469, 8.940696716308594e-08, 0.012581187300384045, 0.9999209046363831),
            ["LeftUpperArm"] = CFrame.new(5.960464477539063e-08, 0, -1.4901161193847656e-08, 0.9196295142173767, 0.10128277540206909, 0.37950417399406433, -0.08761391043663025, 0.9947347044944763, -0.05316712707281113, -0.3828909397125244, 0.015644213184714317, 0.9236611723899841),
            ["RightLowerArm"] = CFrame.new(-1.1920928955078125e-07, -2.384185791015625e-07, -9.988434612751007e-08, 1, 1.1175872671742582e-08, 2.2351745343485163e-08, 2.9802322387695312e-08, 0.9999377727508545, -0.011161872185766697, -3.725290298461914e-08, 0.0111618647351861, 0.9999377727508545),
            ["LeftHand"] = CFrame.new(2.682209014892578e-07, -5.960464477539063e-08, -2.7567148208618164e-07, 0.9239116907119751, -0.37932583689689636, -0.04999205842614174, 0.38204628229141235, 0.9217159152030945, 0.06693629920482635, 0.020687824115157127, -0.08094244450330734, 0.9965041279792786),
            ["LeftFoot"] = CFrame.new(1.30385160446167e-08, 5.960464477539063e-08, 1.2078089639544487e-08, 1, -3.3061954951563166e-08, -1.1914114850242186e-07, 4.1909511416804435e-09, 0.9999973177909851, -0.0023278293665498495, 1.324806220281971e-07, 0.002327718771994114, 0.9999973177909851),
            ["LowerTorso"] = CFrame.new(-0.2992951273918152, -0.017705082893371582, -0.035141102969646454, 0.9698463082313538, -0.1710101068019867, -0.17364820837974548, 0.17364820837974548, 0.9848078489303589, 2.0898219266207718e-10, 0.1710100769996643, -0.030153697356581688, 0.9848078489303589),
            ["RightLowerLeg"] = CFrame.new(-4.6566128730773926e-09, -0.00012236833572387695, -0.00007739772991044447, 1, 3.539026494081554e-08, 3.643799217911692e-08, 2.8638169169425964e-08, 0.9997162222862244, 0.023823969066143036, 6.05359673500061e-09, -0.023824011906981468, 0.9997162222862244),
            ["LeftUpperLeg"] = CFrame.new(-1.7881393432617188e-07, -8.614733815193176e-08, 1.6763806343078613e-08, 1, 3.2596294552433847e-09, 1.5270781261733646e-07, -5.075706965840254e-08, 0.9999963641166687, -0.0027176951989531517, -1.6391273049976007e-07, 0.0027178118471056223, 0.9999963641166687),
            ["LeftLowerLeg"] = CFrame.new(2.0489096641540527e-08, 0.00012284517288208008, 0.00007740315049886703, 1, 4.6100474548893544e-08, -1.3184033420543528e-08, 2.3283064365386963e-09, 0.9999873638153076, 0.0050455075688660145, -1.2514647096395493e-09, -0.005045512691140175, 0.9999873042106628),
        }},
        {Time = 0.094, Data = {
            ["RightFoot"] = CFrame.new(-5.21540641784668e-08, 1.1920928955078125e-07, 8.913048077374697e-09, 1, -6.798659057949408e-08, 3.383330238193594e-08, -1.1175872671742582e-08, 0.9999368786811829, -0.011244334280490875, -1.0465738853326911e-07, 0.011244503781199455, 0.9999368190765381),
            ["LeftLowerArm"] = CFrame.new(5.960464477539063e-08, 5.960464477539063e-08, 1.4901161193847656e-08, 1, -5.494804611316795e-08, 1.0617078771701927e-07, 9.5926239396249e-08, -0.17291884124279022, -0.9849361181259155, 1.0011719098201866e-07, 0.9849361777305603, -0.17291882634162903),
            ["RightUpperArm"] = CFrame.new(-1.1920928955078125e-07, -3.5762786865234375e-07, 1.862645149230957e-09, 0.9054815173149109, -0.19315479695796967, 0.37788155674934387, 0.130973219871521, 0.9741430878639221, 0.18409611284732819, -0.4036698043346405, -0.11720331758260727, 0.9073666334152222),
            ["Head"] = CFrame.new(-5.029141902923584e-08, 0, 0, 0.9928091764450073, 0.00179767026565969, 0.11969421803951263, 0.0017977014649659395, 0.9995505809783936, -0.029923560097813606, -0.11969424039125443, 0.029923561960458755, 0.9923597574234009),
            ["RightHand"] = CFrame.new(9.313225746154785e-08, 5.960464477539063e-08, 3.725290298461914e-08, 0.9988357424736023, -0.04531529173254967, -0.016545504331588745, 0.045725107192993164, 0.9986338019371033, 0.025296345353126526, 0.015376545488834381, -0.026023440062999725, 0.9995431303977966),
            ["UpperTorso"] = CFrame.new(-2.1420419216156006e-08, -2.9802322387695312e-08, 5.587935447692871e-09, 0.9987503290176392, -0.0002499413676559925, 0.0499783456325531, -0.00024996325373649597, 0.9999500513076782, 0.009995668195188046, -0.04997832328081131, -0.009995665401220322, 0.9987003803253174),
            ["HumanoidRootPart"] = CFrame.new(0, 0, 0, 1, 0, 0, 0, 1, 0, 0, 0, 1),
            ["RightUpperLeg"] = CFrame.new(0, -2.0035076886415482e-07, 1.673470251262188e-10, 1, 2.3748716770910505e-08, -5.8906152844429016e-08, 2.3283064365386963e-09, 0.9999208450317383, -0.012581311166286469, 8.940696716308594e-08, 0.012581187300384045, 0.9999209046363831),
            ["LeftUpperArm"] = CFrame.new(5.960464477539063e-08, 0, -1.4901161193847656e-08, 0.9196295142173767, 0.10128277540206909, 0.37950417399406433, -0.08761391043663025, 0.9947347044944763, -0.05316712707281113, -0.3828909397125244, 0.015644213184714317, 0.9236611723899841),
            ["RightLowerArm"] = CFrame.new(-1.1920928955078125e-07, -2.384185791015625e-07, -9.988434612751007e-08, 1, 1.1175872671742582e-08, 2.2351745343485163e-08, 2.9802322387695312e-08, 0.9999377727508545, -0.011161872185766697, -3.725290298461914e-08, 0.0111618647351861, 0.9999377727508545),
            ["LeftHand"] = CFrame.new(2.682209014892578e-07, -5.960464477539063e-08, -2.7567148208618164e-07, 0.9239116907119751, -0.37932583689689636, -0.04999205842614174, 0.38204628229141235, 0.9217159152030945, 0.06693629920482635, 0.020687824115157127, -0.08094244450330734, 0.9965041279792786),
            ["LeftFoot"] = CFrame.new(1.30385160446167e-08, 5.960464477539063e-08, 1.2078089639544487e-08, 1, -3.3061954951563166e-08, -1.1914114850242186e-07, 4.1909511416804435e-09, 0.9999973177909851, -0.0023278293665498495, 1.324806220281971e-07, 0.002327718771994114, 0.9999973177909851),
            ["LowerTorso"] = CFrame.new(-0.2992951273918152, -0.017705082893371582, -0.035141102969646454, 0.9698463082313538, -0.1710101068019867, -0.17364820837974548, 0.17364820837974548, 0.9848078489303589, 2.0898219266207718e-10, 0.1710100769996643, -0.030153697356581688, 0.9848078489303589),
            ["RightLowerLeg"] = CFrame.new(-4.6566128730773926e-09, -0.00012236833572387695, -0.00007739772991044447, 1, 3.539026494081554e-08, 3.643799217911692e-08, 2.8638169169425964e-08, 0.9997162222862244, 0.023823969066143036, 6.05359673500061e-09, -0.023824011906981468, 0.9997162222862244),
            ["LeftUpperLeg"] = CFrame.new(-1.7881393432617188e-07, -8.614733815193176e-08, 1.6763806343078613e-08, 1, 3.2596294552433847e-09, 1.5270781261733646e-07, -5.075706965840254e-08, 0.9999963641166687, -0.0027176951989531517, -1.6391273049976007e-07, 0.0027178118471056223, 0.9999963641166687),
            ["LeftLowerLeg"] = CFrame.new(2.0489096641540527e-08, 0.00012284517288208008, 0.00007740315049886703, 1, 4.6100474548893544e-08, -1.3184033420543528e-08, 2.3283064365386963e-09, 0.9999873638153076, 0.0050455075688660145, -1.2514647096395493e-09, -0.005045512691140175, 0.9999873042106628),
        }},
        {Time = 0.125, Data = {
            ["RightFoot"] = CFrame.new(-5.21540641784668e-08, 1.1920928955078125e-07, 8.913048077374697e-09, 1, -6.798659057949408e-08, 3.383330238193594e-08, -1.1175872671742582e-08, 0.9999368786811829, -0.011244334280490875, -1.0465738853326911e-07, 0.011244503781199455, 0.9999368190765381),
            ["LeftLowerArm"] = CFrame.new(5.960464477539063e-08, 5.960464477539063e-08, 1.4901161193847656e-08, 1, -5.494804611316795e-08, 1.0617078771701927e-07, 9.5926239396249e-08, -0.17291884124279022, -0.9849361181259155, 1.0011719098201866e-07, 0.9849361777305603, -0.17291882634162903),
            ["RightUpperArm"] = CFrame.new(-1.1920928955078125e-07, -3.5762786865234375e-07, 1.862645149230957e-09, 0.9054815173149109, -0.19315479695796967, 0.37788155674934387, 0.130973219871521, 0.9741430878639221, 0.18409611284732819, -0.4036698043346405, -0.11720331758260727, 0.9073666334152222),
            ["Head"] = CFrame.new(-5.029141902923584e-08, 0, 0, 0.9928091764450073, 0.00179767026565969, 0.11969421803951263, 0.0017977014649659395, 0.9995505809783936, -0.029923560097813606, -0.11969424039125443, 0.029923561960458755, 0.9923597574234009),
            ["RightHand"] = CFrame.new(9.313225746154785e-08, 5.960464477539063e-08, 3.725290298461914e-08, 0.9988357424736023, -0.04531529173254967, -0.016545504331588745, 0.045725107192993164, 0.9986338019371033, 0.025296345353126526, 0.015376545488834381, -0.026023440062999725, 0.9995431303977966),
            ["UpperTorso"] = CFrame.new(-2.1420419216156006e-08, -2.9802322387695312e-08, 5.587935447692871e-09, 0.9987503290176392, -0.0002499413676559925, 0.0499783456325531, -0.00024996325373649597, 0.9999500513076782, 0.009995668195188046, -0.04997832328081131, -0.009995665401220322, 0.9987003803253174),
            ["HumanoidRootPart"] = CFrame.new(0, 0, 0, 1, 0, 0, 0, 1, 0, 0, 0, 1),
            ["RightUpperLeg"] = CFrame.new(0, -2.0035076886415482e-07, 1.673470251262188e-10, 1, 2.3748716770910505e-08, -5.8906152844429016e-08, 2.3283064365386963e-09, 0.9999208450317383, -0.012581311166286469, 8.940696716308594e-08, 0.012581187300384045, 0.9999209046363831),
            ["LeftUpperArm"] = CFrame.new(5.960464477539063e-08, 0, -1.4901161193847656e-08, 0.9196295142173767, 0.10128277540206909, 0.37950417399406433, -0.08761391043663025, 0.9947347044944763, -0.05316712707281113, -0.3828909397125244, 0.015644213184714317, 0.9236611723899841),
            ["RightLowerArm"] = CFrame.new(-1.1920928955078125e-07, -2.384185791015625e-07, -9.988434612751007e-08, 1, 1.1175872671742582e-08, 2.2351745343485163e-08, 2.9802322387695312e-08, 0.9999377727508545, -0.011161872185766697, -3.725290298461914e-08, 0.0111618647351861, 0.9999377727508545),
            ["LeftHand"] = CFrame.new(2.682209014892578e-07, -5.960464477539063e-08, -2.7567148208618164e-07, 0.9239116907119751, -0.37932583689689636, -0.04999205842614174, 0.38204628229141235, 0.9217159152030945, 0.06693629920482635, 0.020687824115157127, -0.08094244450330734, 0.9965041279792786),
            ["LeftFoot"] = CFrame.new(1.30385160446167e-08, 5.960464477539063e-08, 1.2078089639544487e-08, 1, -3.3061954951563166e-08, -1.1914114850242186e-07, 4.1909511416804435e-09, 0.9999973177909851, -0.0023278293665498495, 1.324806220281971e-07, 0.002327718771994114, 0.9999973177909851),
            ["LowerTorso"] = CFrame.new(-0.2992951273918152, -0.017705082893371582, -0.035141102969646454, 0.9698463082313538, -0.1710101068019867, -0.17364820837974548, 0.17364820837974548, 0.9848078489303589, 2.0898219266207718e-10, 0.1710100769996643, -0.030153697356581688, 0.9848078489303589),
            ["RightLowerLeg"] = CFrame.new(-4.6566128730773926e-09, -0.00012236833572387695, -0.00007739772991044447, 1, 3.539026494081554e-08, 3.643799217911692e-08, 2.8638169169425964e-08, 0.9997162222862244, 0.023823969066143036, 6.05359673500061e-09, -0.023824011906981468, 0.9997162222862244),
            ["LeftUpperLeg"] = CFrame.new(-1.7881393432617188e-07, -8.614733815193176e-08, 1.6763806343078613e-08, 1, 3.2596294552433847e-09, 1.5270781261733646e-07, -5.075706965840254e-08, 0.9999963641166687, -0.0027176951989531517, -1.6391273049976007e-07, 0.0027178118471056223, 0.9999963641166687),
            ["LeftLowerLeg"] = CFrame.new(2.0489096641540527e-08, 0.00012284517288208008, 0.00007740315049886703, 1, 4.6100474548893544e-08, -1.3184033420543528e-08, 2.3283064365386963e-09, 0.9999873638153076, 0.0050455075688660145, -1.2514647096395493e-09, -0.005045512691140175, 0.9999873042106628),
        }},
        {Time = 0.156, Data = {
            ["RightFoot"] = CFrame.new(-5.21540641784668e-08, 1.1920928955078125e-07, 8.913048077374697e-09, 1, -6.798659057949408e-08, 3.383330238193594e-08, -1.1175872671742582e-08, 0.9999368786811829, -0.011244334280490875, -1.0465738853326911e-07, 0.011244503781199455, 0.9999368190765381),
            ["LeftLowerArm"] = CFrame.new(5.960464477539063e-08, 5.960464477539063e-08, 1.4901161193847656e-08, 1, -5.494804611316795e-08, 1.0617078771701927e-07, 9.5926239396249e-08, -0.17291884124279022, -0.9849361181259155, 1.0011719098201866e-07, 0.9849361777305603, -0.17291882634162903),
            ["RightUpperArm"] = CFrame.new(-1.1920928955078125e-07, -3.5762786865234375e-07, 1.862645149230957e-09, 0.9054815173149109, -0.19315479695796967, 0.37788155674934387, 0.130973219871521, 0.9741430878639221, 0.18409611284732819, -0.4036698043346405, -0.11720331758260727, 0.9073666334152222),
            ["Head"] = CFrame.new(-5.029141902923584e-08, 0, 0, 0.9928091764450073, 0.00179767026565969, 0.11969421803951263, 0.0017977014649659395, 0.9995505809783936, -0.029923560097813606, -0.11969424039125443, 0.029923561960458755, 0.9923597574234009),
            ["RightHand"] = CFrame.new(9.313225746154785e-08, 5.960464477539063e-08, 3.725290298461914e-08, 0.9988357424736023, -0.04531529173254967, -0.016545504331588745, 0.045725107192993164, 0.9986338019371033, 0.025296345353126526, 0.015376545488834381, -0.026023440062999725, 0.9995431303977966),
            ["UpperTorso"] = CFrame.new(-2.1420419216156006e-08, -2.9802322387695312e-08, 5.587935447692871e-09, 0.9987503290176392, -0.0002499413676559925, 0.0499783456325531, -0.00024996325373649597, 0.9999500513076782, 0.009995668195188046, -0.04997832328081131, -0.009995665401220322, 0.9987003803253174),
            ["HumanoidRootPart"] = CFrame.new(0, 0, 0, 1, 0, 0, 0, 1, 0, 0, 0, 1),
            ["RightUpperLeg"] = CFrame.new(0, -2.0035076886415482e-07, 1.673470251262188e-10, 1, 2.3748716770910505e-08, -5.8906152844429016e-08, 2.3283064365386963e-09, 0.9999208450317383, -0.012581311166286469, 8.940696716308594e-08, 0.012581187300384045, 0.9999209046363831),
            ["LeftUpperArm"] = CFrame.new(5.960464477539063e-08, 0, -1.4901161193847656e-08, 0.9196295142173767, 0.10128277540206909, 0.37950417399406433, -0.08761391043663025, 0.9947347044944763, -0.05316712707281113, -0.3828909397125244, 0.015644213184714317, 0.9236611723899841),
            ["RightLowerArm"] = CFrame.new(-1.1920928955078125e-07, -2.384185791015625e-07, -9.988434612751007e-08, 1, 1.1175872671742582e-08, 2.2351745343485163e-08, 2.9802322387695312e-08, 0.9999377727508545, -0.011161872185766697, -3.725290298461914e-08, 0.0111618647351861, 0.9999377727508545),
            ["LeftHand"] = CFrame.new(2.682209014892578e-07, -5.960464477539063e-08, -2.7567148208618164e-07, 0.9239116907119751, -0.37932583689689636, -0.04999205842614174, 0.38204628229141235, 0.9217159152030945, 0.06693629920482635, 0.020687824115157127, -0.08094244450330734, 0.9965041279792786),
            ["LeftFoot"] = CFrame.new(1.30385160446167e-08, 5.960464477539063e-08, 1.2078089639544487e-08, 1, -3.3061954951563166e-08, -1.1914114850242186e-07, 4.1909511416804435e-09, 0.9999973177909851, -0.0023278293665498495, 1.324806220281971e-07, 0.002327718771994114, 0.9999973177909851),
            ["LowerTorso"] = CFrame.new(-0.2992951273918152, -0.017705082893371582, -0.035141102969646454, 0.9698463082313538, -0.1710101068019867, -0.17364820837974548, 0.17364820837974548, 0.9848078489303589, 2.0898219266207718e-10, 0.1710100769996643, -0.030153697356581688, 0.9848078489303589),
            ["RightLowerLeg"] = CFrame.new(-4.6566128730773926e-09, -0.00012236833572387695, -0.00007739772991044447, 1, 3.539026494081554e-08, 3.643799217911692e-08, 2.8638169169425964e-08, 0.9997162222862244, 0.023823969066143036, 6.05359673500061e-09, -0.023824011906981468, 0.9997162222862244),
            ["LeftUpperLeg"] = CFrame.new(-1.7881393432617188e-07, -8.614733815193176e-08, 1.6763806343078613e-08, 1, 3.2596294552433847e-09, 1.5270781261733646e-07, -5.075706965840254e-08, 0.9999963641166687, -0.0027176951989531517, -1.6391273049976007e-07, 0.0027178118471056223, 0.9999963641166687),
            ["LeftLowerLeg"] = CFrame.new(2.0489096641540527e-08, 0.00012284517288208008, 0.00007740315049886703, 1, 4.6100474548893544e-08, -1.3184033420543528e-08, 2.3283064365386963e-09, 0.9999873638153076, 0.0050455075688660145, -1.2514647096395493e-09, -0.005045512691140175, 0.9999873042106628),
        }},
        {Time = 0.188, Data = {
            ["RightFoot"] = CFrame.new(-5.21540641784668e-08, 1.1920928955078125e-07, 8.913048077374697e-09, 1, -6.798659057949408e-08, 3.383330238193594e-08, -1.1175872671742582e-08, 0.9999368786811829, -0.011244334280490875, -1.0465738853326911e-07, 0.011244503781199455, 0.9999368190765381),
            ["LeftLowerArm"] = CFrame.new(5.960464477539063e-08, 5.960464477539063e-08, 1.4901161193847656e-08, 1, -5.494804611316795e-08, 1.0617078771701927e-07, 9.5926239396249e-08, -0.17291884124279022, -0.9849361181259155, 1.0011719098201866e-07, 0.9849361777305603, -0.17291882634162903),
            ["RightUpperArm"] = CFrame.new(-1.1920928955078125e-07, -3.5762786865234375e-07, 1.862645149230957e-09, 0.9054815173149109, -0.19315479695796967, 0.37788155674934387, 0.130973219871521, 0.9741430878639221, 0.18409611284732819, -0.4036698043346405, -0.11720331758260727, 0.9073666334152222),
            ["Head"] = CFrame.new(-5.029141902923584e-08, 0, 0, 0.9928091764450073, 0.00179767026565969, 0.11969421803951263, 0.0017977014649659395, 0.9995505809783936, -0.029923560097813606, -0.11969424039125443, 0.029923561960458755, 0.9923597574234009),
            ["RightHand"] = CFrame.new(9.313225746154785e-08, 5.960464477539063e-08, 3.725290298461914e-08, 0.9988357424736023, -0.04531529173254967, -0.016545504331588745, 0.045725107192993164, 0.9986338019371033, 0.025296345353126526, 0.015376545488834381, -0.026023440062999725, 0.9995431303977966),
            ["UpperTorso"] = CFrame.new(-2.1420419216156006e-08, -2.9802322387695312e-08, 5.587935447692871e-09, 0.9987503290176392, -0.0002499413676559925, 0.0499783456325531, -0.00024996325373649597, 0.9999500513076782, 0.009995668195188046, -0.04997832328081131, -0.009995665401220322, 0.9987003803253174),
            ["HumanoidRootPart"] = CFrame.new(0, 0, 0, 1, 0, 0, 0, 1, 0, 0, 0, 1),
            ["RightUpperLeg"] = CFrame.new(0, -2.0035076886415482e-07, 1.673470251262188e-10, 1, 2.3748716770910505e-08, -5.8906152844429016e-08, 2.3283064365386963e-09, 0.9999208450317383, -0.012581311166286469, 8.940696716308594e-08, 0.012581187300384045, 0.9999209046363831),
            ["LeftUpperArm"] = CFrame.new(5.960464477539063e-08, 0, -1.4901161193847656e-08, 0.9196295142173767, 0.10128277540206909, 0.37950417399406433, -0.08761391043663025, 0.9947347044944763, -0.05316712707281113, -0.3828909397125244, 0.015644213184714317, 0.9236611723899841),
            ["RightLowerArm"] = CFrame.new(-1.1920928955078125e-07, -2.384185791015625e-07, -9.988434612751007e-08, 1, 1.1175872671742582e-08, 2.2351745343485163e-08, 2.9802322387695312e-08, 0.9999377727508545, -0.011161872185766697, -3.725290298461914e-08, 0.0111618647351861, 0.9999377727508545),
            ["LeftHand"] = CFrame.new(2.682209014892578e-07, -5.960464477539063e-08, -2.7567148208618164e-07, 0.9239116907119751, -0.37932583689689636, -0.04999205842614174, 0.38204628229141235, 0.9217159152030945, 0.06693629920482635, 0.020687824115157127, -0.08094244450330734, 0.9965041279792786),
            ["LeftFoot"] = CFrame.new(1.30385160446167e-08, 5.960464477539063e-08, 1.2078089639544487e-08, 1, -3.3061954951563166e-08, -1.1914114850242186e-07, 4.1909511416804435e-09, 0.9999973177909851, -0.0023278293665498495, 1.324806220281971e-07, 0.002327718771994114, 0.9999973177909851),
            ["LowerTorso"] = CFrame.new(-0.2992951273918152, -0.017705082893371582, -0.035141102969646454, 0.9698463082313538, -0.1710101068019867, -0.17364820837974548, 0.17364820837974548, 0.9848078489303589, 2.0898219266207718e-10, 0.1710100769996643, -0.030153697356581688, 0.9848078489303589),
            ["RightLowerLeg"] = CFrame.new(-4.6566128730773926e-09, -0.00012236833572387695, -0.00007739772991044447, 1, 3.539026494081554e-08, 3.643799217911692e-08, 2.8638169169425964e-08, 0.9997162222862244, 0.023823969066143036, 6.05359673500061e-09, -0.023824011906981468, 0.9997162222862244),
            ["LeftUpperLeg"] = CFrame.new(-1.7881393432617188e-07, -8.614733815193176e-08, 1.6763806343078613e-08, 1, 3.2596294552433847e-09, 1.5270781261733646e-07, -5.075706965840254e-08, 0.9999963641166687, -0.0027176951989531517, -1.6391273049976007e-07, 0.0027178118471056223, 0.9999963641166687),
            ["LeftLowerLeg"] = CFrame.new(2.0489096641540527e-08, 0.00012284517288208008, 0.00007740315049886703, 1, 4.6100474548893544e-08, -1.3184033420543528e-08, 2.3283064365386963e-09, 0.9999873638153076, 0.0050455075688660145, -1.2514647096395493e-09, -0.005045512691140175, 0.9999873042106628),
        }},
        {Time = 0.219, Data = {
            ["RightFoot"] = CFrame.new(-5.21540641784668e-08, 1.1920928955078125e-07, 8.913048077374697e-09, 1, -6.798659057949408e-08, 3.383330238193594e-08, -1.1175872671742582e-08, 0.9999368786811829, -0.011244334280490875, -1.0465738853326911e-07, 0.011244503781199455, 0.9999368190765381),
            ["LeftLowerArm"] = CFrame.new(5.960464477539063e-08, 5.960464477539063e-08, 1.4901161193847656e-08, 1, -5.494804611316795e-08, 1.0617078771701927e-07, 9.5926239396249e-08, -0.17291884124279022, -0.9849361181259155, 1.0011719098201866e-07, 0.9849361777305603, -0.17291882634162903),
            ["RightUpperArm"] = CFrame.new(-1.1920928955078125e-07, -3.5762786865234375e-07, 1.862645149230957e-09, 0.9054815173149109, -0.19315479695796967, 0.37788155674934387, 0.130973219871521, 0.9741430878639221, 0.18409611284732819, -0.4036698043346405, -0.11720331758260727, 0.9073666334152222),
            ["Head"] = CFrame.new(-5.029141902923584e-08, 0, 0, 0.9928091764450073, 0.00179767026565969, 0.11969421803951263, 0.0017977014649659395, 0.9995505809783936, -0.029923560097813606, -0.11969424039125443, 0.029923561960458755, 0.9923597574234009),
            ["RightHand"] = CFrame.new(9.313225746154785e-08, 5.960464477539063e-08, 3.725290298461914e-08, 0.9988357424736023, -0.04531529173254967, -0.016545504331588745, 0.045725107192993164, 0.9986338019371033, 0.025296345353126526, 0.015376545488834381, -0.026023440062999725, 0.9995431303977966),
            ["UpperTorso"] = CFrame.new(-2.1420419216156006e-08, -2.9802322387695312e-08, 5.587935447692871e-09, 0.9987503290176392, -0.0002499413676559925, 0.0499783456325531, -0.00024996325373649597, 0.9999500513076782, 0.009995668195188046, -0.04997832328081131, -0.009995665401220322, 0.9987003803253174),
            ["HumanoidRootPart"] = CFrame.new(0, 0, 0, 1, 0, 0, 0, 1, 0, 0, 0, 1),
            ["RightUpperLeg"] = CFrame.new(0, -2.0035076886415482e-07, 1.673470251262188e-10, 1, 2.3748716770910505e-08, -5.8906152844429016e-08, 2.3283064365386963e-09, 0.9999208450317383, -0.012581311166286469, 8.940696716308594e-08, 0.012581187300384045, 0.9999209046363831),
            ["LeftUpperArm"] = CFrame.new(5.960464477539063e-08, 0, -1.4901161193847656e-08, 0.9196295142173767, 0.10128277540206909, 0.37950417399406433, -0.08761391043663025, 0.9947347044944763, -0.05316712707281113, -0.3828909397125244, 0.015644213184714317, 0.9236611723899841),
            ["RightLowerArm"] = CFrame.new(-1.1920928955078125e-07, -2.384185791015625e-07, -9.988434612751007e-08, 1, 1.1175872671742582e-08, 2.2351745343485163e-08, 2.9802322387695312e-08, 0.9999377727508545, -0.011161872185766697, -3.725290298461914e-08, 0.0111618647351861, 0.9999377727508545),
            ["LeftHand"] = CFrame.new(2.682209014892578e-07, -5.960464477539063e-08, -2.7567148208618164e-07, 0.9239116907119751, -0.37932583689689636, -0.04999205842614174, 0.38204628229141235, 0.9217159152030945, 0.06693629920482635, 0.020687824115157127, -0.08094244450330734, 0.9965041279792786),
            ["LeftFoot"] = CFrame.new(1.30385160446167e-08, 5.960464477539063e-08, 1.2078089639544487e-08, 1, -3.3061954951563166e-08, -1.1914114850242186e-07, 4.1909511416804435e-09, 0.9999973177909851, -0.0023278293665498495, 1.324806220281971e-07, 0.002327718771994114, 0.9999973177909851),
            ["LowerTorso"] = CFrame.new(-0.2992951273918152, -0.017705082893371582, -0.035141102969646454, 0.9698463082313538, -0.1710101068019867, -0.17364820837974548, 0.17364820837974548, 0.9848078489303589, 2.0898219266207718e-10, 0.1710100769996643, -0.030153697356581688, 0.9848078489303589),
            ["RightLowerLeg"] = CFrame.new(-4.6566128730773926e-09, -0.00012236833572387695, -0.00007739772991044447, 1, 3.539026494081554e-08, 3.643799217911692e-08, 2.8638169169425964e-08, 0.9997162222862244, 0.023823969066143036, 6.05359673500061e-09, -0.023824011906981468, 0.9997162222862244),
            ["LeftUpperLeg"] = CFrame.new(-1.7881393432617188e-07, -8.614733815193176e-08, 1.6763806343078613e-08, 1, 3.2596294552433847e-09, 1.5270781261733646e-07, -5.075706965840254e-08, 0.9999963641166687, -0.0027176951989531517, -1.6391273049976007e-07, 0.0027178118471056223, 0.9999963641166687),
            ["LeftLowerLeg"] = CFrame.new(2.0489096641540527e-08, 0.00012284517288208008, 0.00007740315049886703, 1, 4.6100474548893544e-08, -1.3184033420543528e-08, 2.3283064365386963e-09, 0.9999873638153076, 0.0050455075688660145, -1.2514647096395493e-09, -0.005045512691140175, 0.9999873042106628),
        }},
        {Time = 0.250, Data = {
            ["RightFoot"] = CFrame.new(-5.21540641784668e-08, 1.1920928955078125e-07, 8.913048077374697e-09, 1, -6.798659057949408e-08, 3.383330238193594e-08, -1.1175872671742582e-08, 0.9999368786811829, -0.011244334280490875, -1.0465738853326911e-07, 0.011244503781199455, 0.9999368190765381),
            ["LeftLowerArm"] = CFrame.new(5.960464477539063e-08, 5.960464477539063e-08, 1.4901161193847656e-08, 1, -5.494804611316795e-08, 1.0617078771701927e-07, 9.5926239396249e-08, -0.17291884124279022, -0.9849361181259155, 1.0011719098201866e-07, 0.9849361777305603, -0.17291882634162903),
            ["RightUpperArm"] = CFrame.new(-1.1920928955078125e-07, -3.5762786865234375e-07, 1.862645149230957e-09, 0.9054815173149109, -0.19315479695796967, 0.37788155674934387, 0.130973219871521, 0.9741430878639221, 0.18409611284732819, -0.4036698043346405, -0.11720331758260727, 0.9073666334152222),
            ["Head"] = CFrame.new(-5.029141902923584e-08, 0, 0, 0.9928091764450073, 0.00179767026565969, 0.11969421803951263, 0.0017977014649659395, 0.9995505809783936, -0.029923560097813606, -0.11969424039125443, 0.029923561960458755, 0.9923597574234009),
            ["RightHand"] = CFrame.new(9.313225746154785e-08, 5.960464477539063e-08, 3.725290298461914e-08, 0.9988357424736023, -0.04531529173254967, -0.016545504331588745, 0.045725107192993164, 0.9986338019371033, 0.025296345353126526, 0.015376545488834381, -0.026023440062999725, 0.9995431303977966),
            ["UpperTorso"] = CFrame.new(-2.1420419216156006e-08, -2.9802322387695312e-08, 5.587935447692871e-09, 0.9987503290176392, -0.0002499413676559925, 0.0499783456325531, -0.00024996325373649597, 0.9999500513076782, 0.009995668195188046, -0.04997832328081131, -0.009995665401220322, 0.9987003803253174),
            ["HumanoidRootPart"] = CFrame.new(0, 0, 0, 1, 0, 0, 0, 1, 0, 0, 0, 1),
            ["RightUpperLeg"] = CFrame.new(0, -2.0035076886415482e-07, 1.673470251262188e-10, 1, 2.3748716770910505e-08, -5.8906152844429016e-08, 2.3283064365386963e-09, 0.9999208450317383, -0.012581311166286469, 8.940696716308594e-08, 0.012581187300384045, 0.9999209046363831),
            ["LeftUpperArm"] = CFrame.new(5.960464477539063e-08, 0, -1.4901161193847656e-08, 0.9196295142173767, 0.10128277540206909, 0.37950417399406433, -0.08761391043663025, 0.9947347044944763, -0.05316712707281113, -0.3828909397125244, 0.015644213184714317, 0.9236611723899841),
            ["RightLowerArm"] = CFrame.new(-1.1920928955078125e-07, -2.384185791015625e-07, -9.988434612751007e-08, 1, 1.1175872671742582e-08, 2.2351745343485163e-08, 2.9802322387695312e-08, 0.9999377727508545, -0.011161872185766697, -3.725290298461914e-08, 0.0111618647351861, 0.9999377727508545),
            ["LeftHand"] = CFrame.new(2.682209014892578e-07, -5.960464477539063e-08, -2.7567148208618164e-07, 0.9239116907119751, -0.37932583689689636, -0.04999205842614174, 0.38204628229141235, 0.9217159152030945, 0.06693629920482635, 0.020687824115157127, -0.08094244450330734, 0.9965041279792786),
            ["LeftFoot"] = CFrame.new(1.30385160446167e-08, 5.960464477539063e-08, 1.2078089639544487e-08, 1, -3.3061954951563166e-08, -1.1914114850242186e-07, 4.1909511416804435e-09, 0.9999973177909851, -0.0023278293665498495, 1.324806220281971e-07, 0.002327718771994114, 0.9999973177909851),
