return {
    ["Brokenhearted"] = {
        {Time = 0.000, Data = {
            ["RightFoot"] = CFrame.new(1.7881393432617188e-07, 5.960464477539063e-08, -4.0912709664553404e-08, 0.9741730093955994, -0.22302423417568207, 0.03531559556722641, 0.19938591122627258, 0.7762091159820557, -0.5981181263923645, 0.10598240792751312, 0.5897116661071777, 0.8006295561790466),
            ["LeftLowerArm"] = CFrame.new(0.0000017285346984863281, -3.5762786865234375e-07, 0.000004762550815939903, 1, -3.725290298461914e-08, -6.705522537231445e-08, -6.580376776810226e-08, -0.40528038144111633, -0.9141924381256104, -8.847565347025466e-09, 0.9141924977302551, -0.40528032183647156),
            ["RightUpperArm"] = CFrame.new(-0.011716783046722412, 0.011700749397277832, -0.05616997927427292, 0.2543981075286865, -0.9670899510383606, 0.004325890447944403, 0.9435648918151855, 0.24722397327423096, -0.2203763723373413, 0.21205435693264008, 0.06014510244131088, 0.9754053950309753),
            ["Head"] = CFrame.new(7.566995918750763e-09, -2.384185791015625e-07, -5.413312464952469e-08, 0.9992606043815613, -0.030262697488069534, 0.02371831052005291, 0.03346247598528862, 0.9883024096488953, -0.1487906128168106, -0.01893804781138897, 0.14947424829006195, 0.9885842204093933),
            ["RightHand"] = CFrame.new(2.1979212760925293e-07, 0.0000010728836059570312, -8.642673492431641e-07, 0.9905242919921875, -0.03657371550798416, 0.13237811625003815, 0.053270529955625534, 0.9907416105270386, -0.12487369775772095, -0.12658555805683136, 0.1307421326637268, 0.9833018779754639),
            ["UpperTorso"] = CFrame.new(-3.119930624961853e-08, -3.5762786865234375e-07, 1.3969838619232178e-08, 0.9816583395004272, -0.18935233354568481, -0.022196203470230103, 0.18380436301231384, 0.9090639352798462, 0.37392354011535645, -0.050625529140233994, -0.3711450397968292, 0.9271939396858215),
            ["HumanoidRootPart"] = CFrame.new(0, 0, 0, 1, 0, 0, 0, 1, 0, 0, 0, 1),
            ["RightUpperLeg"] = CFrame.new(8.940696716308594e-08, -3.3155083656311035e-07, -1.845910446718335e-08, 0.9984333515167236, -0.033172789961099625, -0.04506000131368637, 0.006431977264583111, 0.8680105209350586, -0.49650412797927856, 0.055583078414201736, 0.49543651938438416, 0.8668640851974487),
            ["LeftUpperArm"] = CFrame.new(0.05177062749862671, 0.07968509197235107, -0.055402278900146484, 0.31128770112991333, 0.9492931365966797, 0.0440758541226387, -0.9277071356773376, 0.31361153721809387, -0.20250281691551208, -0.20605729520320892, 0.02214718982577324, 0.9782893061637878),
            ["RightLowerArm"] = CFrame.new(1.1920928955078125e-07, 4.76837158203125e-07, -0.000003829598426818848, 1, 0.0000034794215935107786, 0.000019175937268300913, 0.000019009994502994232, -0.396836519241333, -0.9178893566131592, 0.000004414003797137411, 0.9178893566131592, -0.3968364894390106),
            ["LeftHand"] = CFrame.new(-0.0000014975666999816895, -0.0000012516975402832031, 3.5762786865234375e-07, 0.9901902079582214, 0.036752693355083466, -0.13480545580387115, -0.05276869609951973, 0.9917019009590149, -0.11723029613494873, 0.12937846779823303, 0.12319371849298477, 0.9839129447937012),
            ["LeftFoot"] = CFrame.new(-1.7695128917694092e-08, -1.7881393432617188e-07, -1.862645149230957e-08, 0.9775015711784363, -0.21024911105632782, 0.016912059858441353, 0.20621362328529358, 0.9357184171676636, -0.2861945629119873, 0.04434722289443016, 0.28324294090270996, 0.9580222964286804),
            ["LowerTorso"] = CFrame.new(-0.1938430666923523, -0.3430696725845337, 0.16177554428577423, 0.9749045968055725, 0.20741036534309387, -0.08088359981775284, -0.2206292599439621, 0.9486688375473022, -0.2266061007976532, 0.02973129414021969, 0.23876459896564484, 0.9706222414970398),
            ["RightLowerLeg"] = CFrame.new(-2.9802322387695312e-08, -0.0007264614105224609, 0.00004614314093487337, 1, 1.2665992699112394e-07, 7.4505820180093e-08, -2.2351747119842003e-08, 0.17710360884666443, 0.9841922521591187, 1.0058285937475375e-07, -0.9841923117637634, 0.1771036833524704),
            ["LeftUpperLeg"] = CFrame.new(-2.9802322387695312e-08, -5.699694156646729e-07, 1.1175870895385742e-08, 0.9972507953643799, -0.04184078052639961, -0.061157599091529846, 0.015140948817133904, 0.922976016998291, -0.3845595419406891, 0.07253721356391907, 0.38257646560668945, 0.9210720658302307),
            ["LeftLowerLeg"] = CFrame.new(3.725290298461914e-08, -0.0007264614105224609, 0.00008088350296020508, 1, 8.940698847936801e-08, 6.798654084150257e-08, -8.940696716308594e-08, 0.43460163474082947, 0.9006229043006897, 5.21540641784668e-08, -0.9006227850914001, 0.434601366519928),
        }},
        {Time = 0.033, Data = {
            ["RightFoot"] = CFrame.new(2.1327286958694458e-07, -2.384185791015625e-07, -8.026108844205737e-08, 0.9708620309829712, -0.2381228655576706, 0.026916081085801125, 0.20643074810504913, 0.7739850878715515, -0.5986098051071167, 0.12171012908220291, 0.5867236852645874, 0.8005884885787964),
            ["LeftLowerArm"] = CFrame.new(0.0000010132789611816406, -5.960464477539062e-07, 0.000004847999662160873, 1, -4.470347292340193e-08, -8.009374852235851e-08, -8.034839282800021e-08, -0.4427327811717987, -0.8966536521911621, -2.852174940670693e-09, 0.8966535925865173, -0.4427328407764435),
            ["RightUpperArm"] = CFrame.new(-0.0111464262008667, 0.0037986040115356445, -0.0580349899828434, 0.15710219740867615, -0.9875823259353638, 0.0003588635881897062, 0.967824399471283, 0.1538868397474289, -0.19908486306667328, 0.19655738770961761, 0.03162397816777229, 0.9799821972846985),
            ["Head"] = CFrame.new(1.8175342120230198e-08, -9.5367431640625e-07, -8.272763807326555e-08, 0.9993751049041748, -0.035183683037757874, 0.0033945452887564898, 0.035293422639369965, 0.9879562854766846, -0.1506550908088684, 0.0019469358958303928, 0.1506805419921875, 0.9885805249214172),
            ["RightHand"] = CFrame.new(6.109476089477539e-07, 0.0000010728836059570312, -7.748603820800781e-07, 0.9745663404464722, -0.03562529385089874, 0.22124901413917542, 0.06327467411756516, 0.990855872631073, -0.11916783452033997, -0.21498075127601624, 0.13013634085655212, 0.9679090976715088),
            ["UpperTorso"] = CFrame.new(-4.220055416226387e-08, 2.9802322387695312e-08, 2.8405338525772095e-08, 0.9909178614616394, -0.13285163044929504, -0.020794672891497612, 0.1310437023639679, 0.919375479221344, 0.37091296911239624, -0.030158281326293945, -0.37026914954185486, 0.9284347891807556),
            ["HumanoidRootPart"] = CFrame.new(0, 0, 0, 1, 0, 0, 0, 1, 0, 0, 0, 1),
            ["RightUpperLeg"] = CFrame.new(0, -9.313225746154785e-08, -3.5579432733356953e-09, 0.994269609451294, -0.0069836946204304695, -0.10667423903942108, -0.0499190092086792, 0.8520603775978088, -0.5210580229759216, 0.09453174471855164, 0.5233970284461975, 0.8468289375305176),
            ["LeftUpperArm"] = CFrame.new(0.051626503467559814, 0.06129574775695801, -0.05768415331840515, 0.2155570387840271, 0.9764399528503418, 0.010015365667641163, -0.95885169506073, 0.2135927975177765, -0.18703339993953705, -0.1847659796476364, 0.030713101848959923, 0.9823025465011597),
            ["RightLowerArm"] = CFrame.new(3.8743019104003906e-07, 7.748603820800781e-07, -0.000003769993782043457, 1, 0.000004157423973083496, 0.00001902878466353286, 0.000018986364011652768, -0.42868342995643616, -0.9034547805786133, 0.0000044174958020448685, 0.9034548401832581, -0.42868342995643616),
            ["LeftHand"] = CFrame.new(-0.0000014435499906539917, -0.0000013113021850585938, 0, 0.9743360877037048, 0.035622794181108475, -0.2222614735364914, -0.06164116784930229, 0.9918794631958008, -0.11124565452337265, 0.2164941281080246, 0.12209104746580124, 0.9686197638511658),
            ["LeftFoot"] = CFrame.new(-3.725290298461914e-09, -1.1920928955078125e-07, -5.587935447692871e-09, 0.9745904803276062, -0.22215697169303894, 0.028633948415517807, 0.2155911922454834, 0.8956453204154968, -0.389024019241333, 0.060778677463531494, 0.3853124976158142, 0.9207825064659119),
            ["LowerTorso"] = CFrame.new(-0.18987852334976196, -0.3903876543045044, 0.16123171150684357, 0.9854133725166321, 0.16490136086940765, -0.042047418653964996, -0.17014606297016144, 0.9594462513923645, -0.2247517704963684, 0.0032803660724312067, 0.22862757742404938, 0.9735085368156433),
            ["RightLowerLeg"] = CFrame.new(-4.842877388000488e-08, -0.0007266402244567871, 0.00004612451448338106, 1, 1.5646224937881925e-07, 2.2351748896198842e-08, -8.568167686462402e-08, 0.12469558417797089, 0.9921951293945312, 1.6763806343078613e-07, -0.9921951293945312, 0.1246958076953888),
            ["LeftUpperLeg"] = CFrame.new(5.960464477539063e-08, -2.942979335784912e-07, 3.3527612686157227e-08, 0.993090033531189, -0.015211244113743305, -0.11636552959680557, -0.037581779062747955, 0.8981236815452576, -0.43813419342041016, 0.11117511987686157, 0.439479798078537, 0.8913459181785583),
            ["LeftLowerLeg"] = CFrame.new(-1.1920928955078125e-07, -0.0007266402244567871, 0.00008109211921691895, 1, 8.940694584680386e-08, 3.91155481338501e-08, -1.1175869474300271e-07, 0.341541051864624, 0.939866840839386, 5.215405707303944e-08, -0.939866840839386, 0.3415412902832031),
        }},
        {Time = 0.067, Data = {
            ["RightFoot"] = CFrame.new(1.8905848264694214e-07, -1.7881393432617188e-07, -6.303162081167102e-08, 0.9704309701919556, -0.23977553844451904, 0.02777477540075779, 0.2164534032344818, 0.8135167956352234, -0.5397580862045288, 0.10682554543018341, 0.5298095941543579, 0.8413618803024292),
            ["LeftLowerArm"] = CFrame.new(0.0000017285346984863281, -3.5762786865234375e-07, 0.000004801899194717407, 1, -4.284083487959833e-08, -6.007031316812572e-08, -5.852234608028084e-08, -0.45318785309791565, -0.8914151787757874, 1.1059455573558807e-09, 0.891414999961853, -0.45318782329559326),
            ["RightUpperArm"] = CFrame.new(-0.011885285377502441, 0.0013355016708374023, -0.060594528913497925, 0.14115241169929504, -0.989741325378418, -0.022091329097747803, 0.9746232628822327, 0.1428433209657669, -0.17235234379768372, 0.1737397313117981, 0.002797206863760948, 0.9847877025604248),
            ["Head"] = CFrame.new(1.9957951735705137e-08, -0.0000010728836059570312, -5.2386894822120667e-08, 0.9991042613983154, -0.03758049011230469, -0.019455796107649803, 0.034205544739961624, 0.9878528118133545, -0.1515812873840332, 0.024915974587202072, 0.15077978372573853, 0.9882533550262451),
            ["RightHand"] = CFrame.new(6.146728992462158e-08, 0.0000010728836059570312, -7.152557373046875e-07, 0.9663185477256775, -0.03522666543722153, 0.2549263834953308, 0.06690418720245361, 0.9909139275550842, -0.11667735129594803, -0.24850019812583923, 0.12980297207832336, 0.9598953723907471),
            ["UpperTorso"] = CFrame.new(1.862645149230957e-09, -8.940696716308594e-08, 2.7910573408007622e-08, 0.9973656535148621, -0.0712391808629036, -0.01366611011326313, 0.07142810523509979, 0.9316831231117249, 0.3561807870864868, -0.012641550041735172, -0.356218546628952, 0.9343171715736389),
            ["HumanoidRootPart"] = CFrame.new(0, 0, 0, 1, 0, 0, 0, 1, 0, 0, 0, 1),
            ["RightUpperLeg"] = CFrame.new(2.9802322387695312e-08, -2.2351741790771484e-08, -4.162575351074338e-08, 0.9854475259780884, 0.02153579704463482, -0.1686103492975235, -0.10044068098068237, 0.8740209341049194, -0.47539380192756653, 0.1371309757232666, 0.4854108691215515, 0.8634646534919739),
            ["LeftUpperArm"] = CFrame.new(0.05009007453918457, 0.044187307357788086, -0.0606900118291378, 0.1951880156993866, 0.9806249141693115, -0.0166302639991045, -0.9676833748817444, 0.18979652225971222, -0.16603076457977295, -0.15965741872787476, 0.048500049859285355, 0.9859803915023804),
            ["RightLowerArm"] = CFrame.new(-2.682209014892578e-07, 4.172325134277344e-07, -0.000003905501216650009, 1, 0.000004500150680541992, 0.00001896359390229918, 0.000018955208361148834, -0.4449784755706787, -0.8955413103103638, 0.000004418428034114186, 0.895541250705719, -0.4449785649776459),
            ["LeftHand"] = CFrame.new(-0.0000016512349247932434, -0.0000011920928955078125, 2.682209014892578e-07, 0.9656386375427246, 0.03537699952721596, -0.2574692368507385, -0.06530796736478806, 0.9919333457946777, -0.10864308476448059, 0.2515490651130676, 0.12172453105449677, 0.9601595997810364),
            ["LeftFoot"] = CFrame.new(-1.955777406692505e-08, -5.960464477539063e-08, -5.960464477539063e-08, 0.9741954207420349, -0.22366838157176971, 0.03025965765118599, 0.21834157407283783, 0.899933397769928, -0.37742117047309875, 0.05718551203608513, 0.37428906559944153, 0.9255473017692566),
            ["LowerTorso"] = CFrame.new(-0.18173256516456604, -0.34850025177001953, 0.1600964367389679, 0.9935532212257385, 0.11333854496479034, -0.002533318242058158, -0.11132971197366714, 0.9712387919425964, -0.2104780673980713, -0.021394819021224976, 0.20940320193767548, 0.977595329284668),
            ["RightLowerLeg"] = CFrame.new(0, -0.0007265210151672363, 0.000046031382225919515, 1, 1.2293463669266202e-07, 4.4703497792397684e-08, -1.0803343286625022e-07, 0.22953586280345917, 0.9733002781867981, 1.1920930376163597e-07, -0.9733002781867981, 0.22953590750694275),
            ["LeftUpperLeg"] = CFrame.new(5.960464477539063e-08, -5.960464477539063e-08, 5.448237061500549e-08, 0.9848108887672424, 0.018448490649461746, -0.17264768481254578, -0.09321878105401993, 0.8950607776641846, -0.4360922873020172, 0.14648497104644775, 0.4455623924732208, 0.8831853866577148),
            ["LeftLowerLeg"] = CFrame.new(-6.332993507385254e-08, -0.0007264614105224609, 0.00008095800876617432, 1, 7.078051567077637e-08, 5.0291436792804234e-08, -8.940695295223122e-08, 0.3743119537830353, 0.927302896976471, 5.215405707303944e-08, -0.9273028373718262, 0.37431201338768005),
        }},
        {Time = 0.100, Data = {
            ["RightFoot"] = CFrame.new(2.468004822731018e-07, -1.7881393432617188e-07, -5.9539161156862974e-08, 0.9720873236656189, -0.23194849491119385, 0.03530126065015793, 0.22607335448265076, 0.8857760429382324, -0.40532928705215454, 0.06274651736021042, 0.40199604630470276, 0.9134889245033264),
            ["LeftLowerArm"] = CFrame.new(0.0000013709068298339844, -3.5762786865234375e-07, 0.000004786066710948944, 1, -1.862645149230957e-09, -5.7742006731587026e-08, -3.7631263438697715e-08, -0.38421300053596497, -0.9232445359230042, -3.725291186640334e-09, 0.9232445359230042, -0.3842129707336426),
            ["RightUpperArm"] = CFrame.new(-0.013786017894744873, 0.004595637321472168, -0.06537985056638718, 0.3325641453266144, -0.9412937164306641, -0.05802992731332779, 0.9235718846321106, 0.33751818537712097, -0.1819244921207428, 0.19083058834075928, 0.006906745955348015, 0.9815987944602966),
            ["Head"] = CFrame.new(-9.604264050722122e-10, -8.344650268554688e-07, -4.912726581096649e-08, 0.9990399479866028, -0.038348209112882614, -0.021185187622904778, 0.03458976373076439, 0.9871855974197388, -0.15578290820121765, 0.026887711137533188, 0.1549004763364792, 0.9875641465187073),
            ["RightHand"] = CFrame.new(3.0919909477233887e-07, 0.0000011920928955078125, -8.046627044677734e-07, 0.9962018728256226, -0.037323832511901855, 0.07866887003183365, 0.04721502214670181, 0.990665078163147, -0.1278810054063797, -0.07316165417432785, 0.13110953569412231, 0.9886646270751953),
            ["UpperTorso"] = CFrame.new(3.725290298461914e-09, -2.384185791015625e-07, -4.3655745685100555e-08, 0.9996918439865112, -0.024277597665786743, -0.005176687613129616, 0.024618331342935562, 0.9428960084915161, 0.3321762681007385, -0.003183352295309305, -0.33220136165618896, 0.9432031512260437),
            ["HumanoidRootPart"] = CFrame.new(0, 0, 0, 1, 0, 0, 0, 1, 0, 0, 0, 1),
            ["RightUpperLeg"] = CFrame.new(8.940696716308594e-08, -3.0174851417541504e-07, 7.385096978396177e-09, 0.9788856506347656, 0.06597945839166641, -0.19346758723258972, -0.13467882573604584, 0.9201722741127014, -0.367620587348938, 0.15376806259155273, 0.38591426610946655, 0.909629225730896),
            ["LeftUpperArm"] = CFrame.new(0.047657132148742676, 0.03383159637451172, -0.06577913463115692, 0.39870303869247437, 0.9170591831207275, 0.00619668560102582, -0.9036539196968079, 0.3940088152885437, -0.16782906651496887, -0.156350776553154, 0.06131429970264435, 0.9857966899871826),
            ["RightLowerArm"] = CFrame.new(3.8743019104003906e-07, 1.7881393432617188e-07, -0.000003952533006668091, 1, 0.0000030584633350372314, 0.000019254168364568613, 0.00001899979542940855, -0.37564799189567566, -0.9267625212669373, 0.000004406087100505829, 0.9267624616622925, -0.3756478726863861),
            ["LeftHand"] = CFrame.new(-0.0000015748664736747742, -0.0000013113021850585938, 1.1920928955078125e-07, 0.9960045218467712, 0.037531062960624695, -0.08103444427251816, -0.0471649244427681, 0.99159836769104, -0.12045061588287354, 0.0758330300450325, 0.12379126995801926, 0.9894065260887146),
            ["LeftFoot"] = CFrame.new(-2.7474015951156616e-08, -1.7881393432617188e-07, -1.4901161193847656e-08, 0.9794309139251709, -0.20129762589931488, 0.013943145051598549, 0.1992247998714447, 0.9537547826766968, -0.22508098185062408, 0.03200992941856384, 0.22322909533977509, 0.9742403626441956),
            ["LowerTorso"] = CFrame.new(-0.17161549627780914, -0.22622573375701904, 0.15836630761623383, 0.997660756111145, 0.06771587580442429, 0.009358604438602924, -0.0648961067199707, 0.9812209010124207, -0.18164293467998505, -0.02148296684026718, 0.18061068654060364, 0.9833200573921204),
            ["RightLowerLeg"] = CFrame.new(-5.960464477539063e-08, -0.0007265806198120117, 0.00004610216274159029, 1, 9.313227877782992e-08, -1.3038519597330378e-08, -7.823108916227284e-08, 0.4757111668586731, 0.8796015977859497, 1.0430811414607888e-07, -0.8796015977859497, 0.47571122646331787),
            ["LeftUpperLeg"] = CFrame.new(-5.960464477539063e-08, -3.2782554626464844e-07, 1.7695128917694092e-08, 0.9875534176826477, 0.0991351306438446, -0.12210898101329803, -0.13940875232219696, 0.9111739993095398, -0.38772061467170715, 0.07282578200101852, 0.3999176621437073, 0.9136532545089722),
            ["LeftLowerLeg"] = CFrame.new(-1.1641532182693481e-07, -0.0007264614105224609, 0.00008103996515274048, 1, 6.332994928470725e-08, 4.842878098543224e-08, -5.867333641162986e-08, 0.5116950273513794, 0.859167218208313, 2.6077039194660756e-08, -0.859167218208313, 0.5116949081420898),
        }},
        {Time = 0.133, Data = {
            ["RightFoot"] = CFrame.new(1.5739351511001587e-07, 0, 2.1369487512856722e-08, 0.9613862037658691, -0.27512359619140625, 0.00660948920994997, 0.2744990885257721, 0.9569340944290161, -0.09448523819446564, 0.01967024616897106, 0.09265118837356567, 0.9955043792724609),
            ["LeftLowerArm"] = CFrame.new(9.834766387939453e-07, -5.364418029785156e-07, 0.0000048354268074035645, 1, -7.450581485102248e-09, -8.10250853078287e-08, -9.546057810894126e-08, -0.23827417194843292, -0.9711980223655701, -2.2351745343485163e-08, 0.9711980223655701, -0.23827418684959412),
            ["RightUpperArm"] = CFrame.new(-0.01653146743774414, 0.007850170135498047, -0.06890380382537842, 0.7006756067276001, -0.7020507454872131, -0.1271952986717224, 0.6777858138084412, 0.7106407284736633, -0.18866907060146332, 0.22284533083438873, 0.04598464444279671, 0.9737686514854431),
            ["Head"] = CFrame.new(1.4551915228366852e-09, -7.152557373046875e-07, -4.353933036327362e-08, 0.9992058277130127, -0.03362531214952469, -0.021382998675107956, 0.029796110466122627, 0.9867681860923767, -0.1593765765428543, 0.026459138840436935, 0.1586126983165741, 0.9869863390922546),
            ["RightHand"] = CFrame.new(1.4901161193847656e-07, 0.0000010728836059570312, -9.834766387939453e-07, 0.9583539962768555, -0.04484763368964195, -0.2820391356945038, 0.005049028899520636, 0.9900988340377808, -0.14028146862983704, 0.2855384051799774, 0.1330152302980423, 0.9490917921066284),
            ["UpperTorso"] = CFrame.new(2.2351741790771484e-08, -1.1920928955078125e-07, -1.816079020500183e-08, 0.9999951124191284, -0.002521684393286705, -0.0018944432958960533, 0.0029972160700708628, 0.9467867016792297, 0.3218478858470917, 0.0009820323903113604, -0.3218519687652588, 0.9467894434928894),
            ["HumanoidRootPart"] = CFrame.new(0, 0, 0, 1, 0, 0, 0, 1, 0, 0, 0, 1),
            ["RightUpperLeg"] = CFrame.new(-2.9802322387695312e-08, -3.0081719160079956e-07, -4.639878170564771e-08, 0.9675197005271912, 0.08679872751235962, -0.23742741346359253, -0.16486366093158722, 0.9286432862281799, -0.3323279619216919, 0.1916397660970688, 0.3606768548488617, 0.9127904176712036),
            ["LeftUpperArm"] = CFrame.new(0.04467272758483887, 0.028197646141052246, -0.06933653354644775, 0.7335326075553894, 0.6766872406005859, 0.06343892216682434, -0.6598828434944153, 0.7314343452453613, -0.17192547023296356, -0.16274112462997437, 0.08425066620111465, 0.9830652475357056),
            ["RightLowerArm"] = CFrame.new(7.152557373046875e-07, 5.364418029785156e-07, -0.0000038174912333488464, 1, 7.450581307466564e-08, 0.00001947768578247633, 0.000019042285202885978, -0.22940854728221893, -0.9733302593231201, 0.000004395842097437708, 0.9733303189277649, -0.22940853238105774),
            ["LeftHand"] = CFrame.new(-0.0000017583370208740234, -0.0000012516975402832031, 2.9802322387695312e-08, 0.9587921500205994, 0.045510370284318924, 0.28043949604034424, -0.007565286010503769, 0.9908264875411987, -0.13492879271507263, -0.2840079367160797, 0.12724699079990387, 0.950340986251831),
            ["LeftFoot"] = CFrame.new(-4.190951585769653e-09, -2.980232238769531e-07, 0, 0.9871922731399536, -0.15889491140842438, -0.01428111270070076, 0.1590726375579834, 0.987190306186676, 0.012304645031690598, 0.012143032625317574, -0.014418707229197025, 0.9998223781585693),
            ["LowerTorso"] = CFrame.new(-0.15501727163791656, -0.11591660976409912, 0.15750370919704437, 0.9990196228027344, 0.04174230247735977, 0.014745248481631279, -0.03869156911969185, 0.9851328134536743, -0.16738103330135345, -0.021512897685170174, 0.16664642095565796, 0.9857820272445679),
            ["RightLowerLeg"] = CFrame.new(-4.0978193283081055e-08, -0.0007263422012329102, 0.00004595687641995028, 1, 1.192093321833454e-07, 2.980232594040899e-08, -3.725290298461914e-08, 0.5909135937690735, 0.8067348003387451, 8.195638656616211e-08, -0.8067349195480347, 0.590913712978363),
            ["LeftUpperLeg"] = CFrame.new(1.4901161193847656e-07, -3.259629011154175e-07, -2.9802322387695312e-08, 0.9877884984016418, 0.14872053265571594, -0.046433597803115845, -0.15541142225265503, 0.9194838404655457, -0.36110493540763855, -0.01100875623524189, 0.3639116585254669, 0.9313684701919556),
            ["LeftLowerLeg"] = CFrame.new(-1.7695128917694092e-08, -0.0007261037826538086, 0.00008097663521766663, 1, 7.078052277620372e-08, 4.842878098543224e-08, -6.519258732851085e-08, 0.6133198738098145, 0.7898348569869995, 3.3527616238870905e-08, -0.7898346781730652, 0.6133196353912354),
        }},
        {Time = 0.167, Data = {
            ["RightFoot"] = CFrame.new(1.9837170839309692e-07, -5.960464477539063e-08, -1.5301338862627745e-08, 0.9417363405227661, -0.33627450466156006, -0.007227635942399502, 0.33459144830703735, 0.934394359588623, 0.122293621301651, -0.03437066823244095, -0.11758643388748169, 0.9924677014350891),
            ["LeftLowerArm"] = CFrame.new(0.0000011026859283447266, -5.364418029785156e-07, 0.000004760921001434326, 1, 4.842877388000488e-08, -6.519258732851085e-08, -6.286428089197216e-08, -0.11846736073493958, -0.9929580092430115, -3.3527616238870905e-08, 0.9929580092430115, -0.11846737563610077),
            ["RightUpperArm"] = CFrame.new(-0.01982402801513672, 0.015341401100158691, -0.07042919099330902, 0.8825549483299255, -0.4401535391807556, -0.1654127538204193, 0.4100010395050049, 0.8925883769989014, -0.18757788836956024, 0.23020872473716736, 0.0977284386754036, 0.9682217240333557),
            ["Head"] = CFrame.new(7.043126970529556e-09, -9.5367431640625e-07, 3.6670826375484467e-08, 0.999480128288269, -0.027091719210147858, -0.017481960356235504, 0.023830443620681763, 0.9859293699264526, -0.16545504331588745, 0.021718444302678108, 0.1649523228406906, 0.9860623478889465),
            ["RightHand"] = CFrame.new(6.332993507385254e-07, 0.0000010728836059570312, -5.885958671569824e-07, 0.836246907711029, -0.05388983339071274, -0.5456982851028442, -0.028598222881555557, 0.9895188808441162, -0.14154374599456787, 0.5476069450378418, 0.1339714676141739, 0.8259412050247192),
            ["UpperTorso"] = CFrame.new(-2.3748725652694702e-08, -3.5762786865234375e-07, 8.312053978443146e-08, 0.9998883008956909, 0.014593013562262058, -0.0032527002040296793, -0.01255569327622652, 0.9376932978630066, 0.34723716974258423, 0.00811727810651064, -0.3471575379371643, 0.937771737575531),
            ["HumanoidRootPart"] = CFrame.new(0, 0, 0, 1, 0, 0, 0, 1, 0, 0, 0, 1),
            ["RightUpperLeg"] = CFrame.new(-5.960464477539063e-08, -3.8463622331619263e-07, 1.6465492080897093e-08, 0.9446195960044861, 0.08143171668052673, -0.31790366768836975, -0.19165265560150146, 0.9232499003410339, -0.3329850435256958, 0.266388863325119, 0.3754710853099823, 0.8877264261245728),
            ["LeftUpperArm"] = CFrame.new(0.04123812913894653, 0.02763378620147705, -0.07067955285310745, 0.8935847282409668, 0.43218350410461426, 0.12134035676717758, -0.40819278359413147, 0.894783616065979, -0.18094584345817566, -0.18677528202533722, 0.11216023564338684, 0.9759791493415833),
            ["RightLowerArm"] = CFrame.new(-2.9802322387695312e-08, 1.1920928955078125e-07, -0.000004079192876815796, 1, -0.0000022798776626586914, 0.000019390143279451877, 0.000019014813005924225, -0.10948558896780014, -0.9939884543418884, 0.000004374422132968903, 0.9939883947372437, -0.10948558896780014),
            ["LeftHand"] = CFrame.new(-0.0000015944242477416992, -0.0000011920928955078125, 3.8370490074157715e-07, 0.8368809223175049, 0.05521450191736221, 0.5445927977561951, 0.02477535419166088, 0.9900593757629395, -0.1384515017271042, -0.5468240976333618, 0.1293598711490631, 0.8271940350532532),
            ["LeftFoot"] = CFrame.new(-4.353933036327362e-08, 5.960464477539063e-08, -1.1175870895385742e-08, 0.9916626811027527, -0.12516579031944275, -0.030639294534921646, 0.12849819660186768, 0.9783472418785095, 0.1622498482465744, 0.009667693637311459, -0.16483426094055176, 0.986274003982544),
            ["LowerTorso"] = CFrame.new(-0.1336151361465454, 0.03960442543029785, 0.15877796709537506, 0.9996407628059387, 0.01972275972366333, 0.018150024116039276, -0.015968134626746178, 0.9820923209190369, -0.18772272765636444, -0.021527409553527832, 0.18736545741558075, 0.9820544123649597),
            ["RightLowerLeg"] = CFrame.new(-8.940696716308594e-08, -0.0007261037826538086, 0.00004598667874233797, 1, 1.6391281576488836e-07, -2.980233304583635e-08, -7.450581307466564e-08, 0.567534327507019, 0.8233495354652405, 1.3411046495548362e-07, -0.8233497142791748, 0.5675346255302429),
            ["LeftUpperLeg"] = CFrame.new(2.9802322387695312e-08, -4.852190613746643e-07, 5.494803190231323e-08, 0.9877923130989075, 0.14336684346199036, -0.06092897802591324, -0.15575534105300903, 0.902503252029419, -0.40153247117996216, -0.002577848033979535, 0.4061206579208374, 0.9138158559799194),
            ["LeftLowerLeg"] = CFrame.new(3.725290298461914e-09, -0.0007269382476806641, 0.0000811554491519928, 1, 4.284084198502569e-08, 4.0978196835794733e-08, -3.539026138810186e-08, 0.546617329120636, 0.8373826742172241, 2.2351745343485163e-08, -0.8373826146125793, 0.5466172695159912),
        }},
        {Time = 0.200, Data = {
            ["RightFoot"] = CFrame.new(2.1513551473617554e-07, -1.1920928955078125e-07, -1.1750671546906233e-08, 0.9385953545570374, -0.3347744345664978, -0.08345676213502884, 0.344982385635376, 0.9070430397987366, 0.2413715124130249, -0.00510616647079587, -0.2553410232067108, 0.966837465763092),
            ["LeftLowerArm"] = CFrame.new(0.0000012218952178955078, 1.1920928955078125e-07, 0.000004958361387252808, 1, 5.4016702222270396e-08, -2.1420419216156006e-08, -5.3085386753082275e-08, -0.06956426054239273, -0.9975774884223938, -2.60770320892334e-08, 0.9975774884223938, -0.06956431269645691),
            ["RightUpperArm"] = CFrame.new(-0.023602843284606934, 0.02590000629425049, -0.07058382034301758, 0.9237592816352844, -0.34126967191696167, -0.1737925261259079, 0.3105319142341614, 0.9330501556396484, -0.1816243827342987, 0.224140003323555, 0.11380910873413086, 0.9678888320922852),
            ["Head"] = CFrame.new(-1.3576936908066273e-08, -5.960464477539062e-07, 8.498318493366241e-09, 0.9997595548629761, -0.01863473281264305, -0.011559603735804558, 0.016347229480743408, 0.9846898913383484, -0.1735473871231079, 0.014616630971431732, 0.1733165681362152, 0.9847577214241028),
            ["RightHand"] = CFrame.new(4.917383193969727e-07, 0.0000010728836059570312, -0.0000010756775736808777, 0.7658510804176331, -0.05828133970499039, -0.640370786190033, -0.041965898126363754, 0.9892305731773376, -0.1402207911014557, 0.641647219657898, 0.13426196575164795, 0.7551579475402832),
            ["UpperTorso"] = CFrame.new(9.313225746154785e-10, 6.854534149169922e-07, 7.916241884231567e-09, 0.9996141791343689, 0.026810232549905777, -0.007272491231560707, -0.021718820556998253, 0.9175059795379639, 0.39712873101234436, 0.01731966994702816, -0.39681753516197205, 0.9177341461181641),
            ["HumanoidRootPart"] = CFrame.new(0, 0, 0, 1, 0, 0, 0, 1, 0, 0, 0, 1),
            ["RightUpperLeg"] = CFrame.new(0, 5.403999239206314e-07, -2.49783624894917e-08, 0.9438342452049255, 0.08808420598506927, -0.31846222281455994, -0.20304542779922485, 0.9149779677391052, -0.3486946225166321, 0.2606714963912964, 0.3937721848487854, 0.8814725875854492),
            ["LeftUpperArm"] = CFrame.new(0.03739196062088013, 0.031078338623046875, -0.07065560668706894, 0.9237773418426514, 0.3526219427585602, 0.14930923283100128, -0.32452139258384705, 0.9278929233551025, -0.18357770144939423, -0.20327647030353546, 0.12113090604543686, 0.9715997576713562),
            ["RightLowerArm"] = CFrame.new(3.8743019104003906e-07, 5.960464477539062e-07, -0.000003831461071968079, 1, -0.000003172084234392969, 0.00001923298077599611, 0.000018964054106618278, -0.06058323383331299, -0.9981632232666016, 0.0000043872273636225145, 0.9981631636619568, -0.0605832114815712),
            ["LeftHand"] = CFrame.new(-0.0000014454126358032227, -0.0000011324882507324219, -1.862645149230957e-09, 0.7664140462875366, 0.05992996692657471, 0.6395447850227356, 0.03785821050405502, 0.9896932244300842, -0.13810977339744568, -0.6412302851676941, 0.13006135821342468, 0.7562462687492371),
            ["LeftFoot"] = CFrame.new(5.3551048040390015e-09, 0, -4.0978193283081055e-08, 0.9968225955963135, -0.07390351593494415, -0.029715783894062042, 0.07917864620685577, 0.9600351452827454, 0.26844626665115356, 0.008689033798873425, -0.26994606852531433, 0.9628362655639648),
            ["LowerTorso"] = CFrame.new(-0.10808493942022324, 0.10680079460144043, 0.16140736639499664, 0.9997625350952148, 0.0017193378880620003, 0.021723857149481773, 0.003367954632267356, 0.9727138876914978, -0.23198357224464417, -0.02152995578944683, 0.2320016622543335, 0.9724770784378052),
            ["RightLowerLeg"] = CFrame.new(-1.2665987014770508e-07, -0.0007263422012329102, 0.000046068635128904134, 1, 1.2665992699112394e-07, -7.450580596923828e-09, 7.450581485102248e-09, 0.480497270822525, 0.8769962191581726, 4.4703490686970326e-08, -0.8769962787628174, 0.4804973602294922),
            ["LeftUpperLeg"] = CFrame.new(2.9802322387695312e-08, 8.672941476106644e-07, -5.587935447692871e-08, 0.9899480938911438, 0.1229003444314003, -0.0699884369969368, -0.14125673472881317, 0.8837728500366211, -0.4460853636264801, 0.007029843516647816, 0.45148777961730957, 0.8922497034072876),
            ["LeftLowerLeg"] = CFrame.new(-1.30385160446167e-07, -0.0007269382476806641, 0.00008111074566841125, 1, 8.195640788244418e-08, 5.587935447692871e-08, -6.891787762697277e-08, 0.4107833206653595, 0.9117331504821777, 3.725290653733282e-08, -0.911733090877533, 0.4107830226421356),
        }},
        {Time = 0.233, Data = {
            ["RightFoot"] = CFrame.new(2.260785549879074e-07, -2.980232238769531e-07, -1.1343217920511961e-08, 0.9502699971199036, -0.2881256639957428, -0.11819809675216675, 0.3112431764602661, 0.8917081356048584, 0.3286093473434448, 0.010717506520450115, -0.3490559458732605, 0.9370406866073608),
            ["LeftLowerArm"] = CFrame.new(0.0000011920928955078125, -2.384185791015625e-07, 0.0000044852495193481445, 1, 7.450578820566989e-09, -1.1895738616374274e-08, -8.055940270423889e-08, -0.05152766406536102, -0.9986716508865356, -1.664739102125168e-08, 0.9986715316772461, -0.05152767151594162),
            ["RightUpperArm"] = CFrame.new(-0.027710258960723877, 0.03683745861053467, -0.07008668780326843, 0.9389396905899048, -0.29699015617370605, -0.17375077307224274, 0.26751869916915894, 0.9476760029792786, -0.17419494688510895, 0.21639350056648254, 0.11707696318626404, 0.9692609906196594),
            ["Head"] = CFrame.new(-1.3205863069742918e-08, -2.384185791015625e-07, -6.402842700481415e-09, 0.9999498724937439, -0.008412995375692844, -0.0054318951442837715, 0.007298373617231846, 0.9836497902870178, -0.1799447238445282, 0.006856955587863922, 0.17989592254161835, 0.9836617112159729),
            ["RightHand"] = CFrame.new(1.6391277313232422e-07, 0.0000011324882507324219, -8.558854460716248e-07, 0.7371111512184143, -0.05999533087015152, -0.6731026768684387, -0.04686763510107994, 0.9891142249107361, -0.13948675990104675, 0.674144446849823, 0.13436399400234222, 0.726275622844696),
            ["UpperTorso"] = CFrame.new(2.3283064365386963e-09, -5.662441253662109e-07, 2.3283064365386963e-10, 0.9993374943733215, 0.034279897809028625, -0.012227363884449005, -0.025278646498918533, 0.8954554796218872, 0.44443279504776, 0.02618417702615261, -0.443829208612442, 0.8957287669181824),
            ["HumanoidRootPart"] = CFrame.new(0, 0, 0, 1, 0, 0, 0, 1, 0, 0, 0, 1),
            ["RightUpperLeg"] = CFrame.new(-2.9802322387695312e-08, -5.522742867469788e-07, -4.1742168832570314e-08, 0.9546835422515869, 0.06670241802930832, -0.2900521457195282, -0.18025563657283783, 0.9050745964050293, -0.38515979051589966, 0.2368277758359909, 0.4199889898300171, 0.8760831356048584),
            ["LeftUpperArm"] = CFrame.new(0.03326994180679321, 0.03579533100128174, -0.07008148729801178, 0.931629478931427, 0.3279240131378174, 0.15662848949432373, -0.29952940344810486, 0.9369484186172485, -0.1800270825624466, -0.20578786730766296, 0.12080365419387817, 0.9711117148399353),
            ["RightLowerArm"] = CFrame.new(2.086162567138672e-07, 0.0000010728836059570312, -0.000003732740879058838, 1, -0.000003588385425246088, 0.00001912331754283514, 0.00001901574432849884, -0.04253026470541954, -0.9990952610969543, 0.000004384317435324192, 0.9990951418876648, -0.04253027215600014),
            ["LeftHand"] = CFrame.new(-0.0000015050172805786133, -0.0000011920928955078125, 2.2830499801784754e-07, 0.7376518249511719, 0.06178559362888336, 0.6723477840423584, 0.042669281363487244, 0.9895477294921875, -0.13774849474430084, -0.6738316416740417, 0.13029910624027252, 0.7273058295249939),
            ["LeftFoot"] = CFrame.new(-1.2223608791828156e-08, -1.1920928955078125e-07, 3.725290298461914e-09, 0.9996980428695679, -0.022385533899068832, -0.010139559395611286, 0.024514323100447655, 0.9373400211334229, 0.34755218029022217, 0.0017240273300558329, -0.3476961851119995, 0.9376058578491211),
            ["LowerTorso"] = CFrame.new(-0.07925797998905182, 0.13982200622558594, 0.16384479403495789, 0.9995797276496887, -0.012724940665066242, 0.026048142462968826, 0.019418828189373016, 0.9610486626625061, -0.2756964862346649, -0.0215253084897995, 0.27608639001846313, 0.960891842842102),
            ["RightLowerLeg"] = CFrame.new(-5.587935447692871e-08, -0.0007265210151672363, 0.000045912172936368734, 1, 1.3411047916633834e-07, 3.72529100900465e-08, -8.195637946073475e-08, 0.3859967887401581, 0.9225000143051147, 8.940695295223122e-08, -0.9225002527236938, 0.38599711656570435),
            ["LeftUpperLeg"] = CFrame.new(8.940696716308594e-08, -5.522742867469788e-07, -1.955777406692505e-08, 0.9935992360115051, 0.09577126055955887, -0.05990532413125038, -0.11279018968343735, 0.8704610466957092, -0.4791411757469177, 0.0062573556788265705, 0.4828307330608368, 0.8756913542747498),
            ["LeftLowerLeg"] = CFrame.new(1.862645149230957e-09, -0.0007261037826538086, 0.00008091889321804047, 1, 8.009374852235851e-08, 5.21540641784668e-08, -8.195638656616211e-08, 0.30283504724502563, 0.9530429840087891, 5.4016709327697754e-08, -0.9530429840087891, 0.30283504724502563),
        }},
        {Time = 0.267, Data = {
            ["RightFoot"] = CFrame.new(1.9953586161136627e-07, -5.960464477539063e-08, 2.49783624894917e-08, 0.9723192453384399, -0.21806809306144714, -0.08391450345516205, 0.23279230296611786, 0.9349522590637207, 0.2677167057991028, 0.02007555216550827, -0.2798406779766083, 0.9598365426063538),
            ["LeftLowerArm"] = CFrame.new(0.0000017285346984863281, -3.5762786865234375e-07, 0.0000049746595323085785, 1, 1.3969836842875338e-08, -6.501797145119781e-08, -5.587935447692871e-08, -0.048922766000032425, -0.9988026022911072, -3.41096892952919e-08, 0.9988025426864624, -0.04892278462648392),
            ["RightUpperArm"] = CFrame.new(-0.03185248374938965, 0.04540300369262695, -0.0686105415225029, 0.9440731406211853, -0.28198349475860596, -0.1709129363298416, 0.2543618679046631, 0.9526341557502747, -0.16669830679893494, 0.20982368290424347, 0.11390174925327301, 0.9710822105407715),
            ["Head"] = CFrame.new(-4.75984052172862e-09, -0.0000010728836059570312, 3.536115400493145e-09, 0.9999968409538269, 0.0023829848505556583, -0.0008957500103861094, -0.002505200682207942, 0.9837043881416321, -0.17977645993232727, 0.0004527253331616521, 0.1797780990600586, 0.9837071299552917),
            ["RightHand"] = CFrame.new(3.129243850708008e-07, 0.0000010728836059570312, -6.444752216339111e-07, 0.7328388094902039, -0.06024900823831558, -0.6777289509773254, -0.04756563529372215, 0.9890983700752258, -0.13936276733875275, 0.6787377595901489, 0.13436710834503174, 0.7219844460487366),
            ["UpperTorso"] = CFrame.new(1.5832483768463135e-08, 9.5367431640625e-07, -1.3620592653751373e-08, 0.9991578459739685, 0.03759811446070671, -0.016431914642453194, -0.0257272832095623, 0.8860173225402832, 0.4629378318786621, 0.03196457028388977, -0.4621252119541168, 0.8862384557723999),
            ["HumanoidRootPart"] = CFrame.new(0, 0, 0, 1, 0, 0, 0, 1, 0, 0, 0, 1),
            ["RightUpperLeg"] = CFrame.new(-2.9802322387695312e-08, 8.065253496170044e-07, -5.420588422566652e-09, 0.9720731973648071, 0.04781275987625122, -0.22975577414035797, -0.13833849132061005, 0.9075844883918762, -0.3964252471923828, 0.18956871330738068, 0.4171384274959564, 0.8888528347015381),
            ["LeftUpperArm"] = CFrame.new(0.029150962829589844, 0.038831114768981934, -0.068597711622715, 0.9297733306884766, 0.332244336605072, 0.15854142606258392, -0.30463385581970215, 0.9361869096755981, -0.1753634661436081, -0.20668798685073853, 0.11475124955177307, 0.97165447473526),
            ["RightLowerArm"] = CFrame.new(2.682209014892578e-07, 1.7881393432617188e-07, -0.000004064291715621948, 1, -0.000003623776137828827, 0.000019166393030900508, 0.000018974764316226356, -0.039958152920007706, -0.9992013573646545, 0.000004372326202428667, 0.9992013573646545, -0.03995818272233009),
            ["LeftHand"] = CFrame.new(-0.000001430511474609375, -0.0000011920928955078125, 6.239861249923706e-08, 0.7333922386169434, 0.06205632537603378, 0.6769669651985168, 0.04336144030094147, 0.9895267486572266, -0.1376837193965912, -0.6784214973449707, 0.13033047318458557, 0.7230207920074463),
