return {
    ["Brooklyn Pop"] = {
        {Time = 0.000, Data = {
            ["LeftFoot"] = CFrame.new(-1.9155777408741415e-08, -1.7881393432617188e-07, 1.9571416487451643e-08, 0.9949091672897339, -0.10075470060110092, 0.0020721182227134705, 0.0772046148777008, 0.7488245964050293, -0.6582562327384949, 0.06477075815200806, 0.6550650596618652, 0.7527911067008972),
            ["LeftLowerArm"] = CFrame.new(1.1920928955078125e-07, 2.980232238769531e-07, 8.940696716308594e-08, 1, -1.4901161193847656e-08, -7.4505797087454084e-09, 3.725289587919178e-08, 0.9675734639167786, -0.2525899112224579, -2.9802315282267955e-08, 0.2525899410247803, 0.9675734043121338),
            ["LowerTorso"] = CFrame.new(0.1950635462999344, -0.42912256717681885, -0.014539890922605991, 0.9950840473175049, -0.09903423488140106, 0, 0.09903423488140106, 0.9950840473175049, 0, 0, 0, 1),
            ["Head"] = CFrame.new(3.725290298461914e-09, 0, 0, 0.9990406632423401, 0.0437944270670414, 0, -0.0437944270670414, 0.9990406632423401, 0, 0, 0, 1),
            ["RightUpperArm"] = CFrame.new(0.01404106616973877, -0.1392357349395752, -0.01712871715426445, 0.9150272011756897, 0.039087194949388504, -0.40149402618408203, -0.03826726973056793, 0.9992169737815857, 0.010064874775707722, 0.40157294273376465, 0.006154445931315422, 0.9158064723014832),
            ["UpperTorso"] = CFrame.new(-1.4901161193847656e-08, 5.960464477539063e-08, 9.313225746154785e-10, 0.9966562986373901, 0.08170878887176514, 0, -0.08170878887176514, 0.9966562986373901, 0, 0, 0, 1),
            ["HumanoidRootPart"] = CFrame.new(0, 0, 0, 1, 0, 0, 0, 1, 0, 0, 0, 1),
            ["RightHand"] = CFrame.new(2.421438694000244e-08, 1.1920928955078125e-07, 2.60770320892334e-08, 0.975004255771637, -0.02250000834465027, -0.22104424238204956, 0.010140873491764069, 0.9983290433883667, -0.056889280676841736, 0.22195491194725037, 0.053225740790367126, 0.9736031293869019),
            ["LeftUpperArm"] = CFrame.new(-0.09153175354003906, -0.05775606632232666, 0.23081539571285248, 0.7761208415031433, -0.09497055411338806, -0.6233915090560913, 0.4180501699447632, 0.8176108002662659, 0.39591243863105774, 0.4720917344093323, -0.5678848028182983, 0.6742672324180603),
            ["RightLowerArm"] = CFrame.new(-2.682209014892578e-07, -1.7881393432617188e-07, 8.288770914077759e-08, 1, -3.725290653733282e-08, 3.632158396271734e-08, 2.7706850147524165e-08, 0.9484978914260864, -0.31678375601768494, -1.1677913747121238e-08, 0.31678369641304016, 0.9484978318214417),
            ["LeftHand"] = CFrame.new(5.960464477539063e-08, -1.1920928955078125e-07, -2.9802322387695312e-08, 0.9877458810806274, -0.14359568059444427, -0.06114289164543152, 0.13795070350170135, 0.9864984154701233, -0.08826420456171036, 0.07299172878265381, 0.07874789088964462, 0.9942188262939453),
            ["RightUpperLeg"] = CFrame.new(0, 5.21540641784668e-08, 1.0986695997416973e-09, 0.976627767086029, 0.022086720913648605, -0.21379977464675903, -0.15397357940673828, 0.7659252285957336, -0.6242202520370483, 0.14996764063835144, 0.6425502300262451, 0.7514245510101318),
            ["LeftUpperLeg"] = CFrame.new(-1.1920928955078125e-07, -1.30385160446167e-08, 9.313225746154785e-10, 0.9759149551391602, 0.0752856433391571, -0.2047489881515503, -0.19837866723537445, 0.6967165470123291, -0.6893708109855652, 0.0907522588968277, 0.7133850455284119, 0.6948711276054382),
            ["RightLowerLeg"] = CFrame.new(2.9802322387695312e-08, -0.0000034570693969726562, -0.00001337954745395109, 1, 5.21540464148984e-08, -7.450583261459087e-09, 1.4901159417490817e-08, 0.22732554376125336, 0.9738187789916992, 7.4505797087454084e-09, -0.973818838596344, 0.22732581198215485),
            ["RightFoot"] = CFrame.new(1.3477801985573024e-08, 5.960464477539062e-07, 2.2286258172243834e-08, 0.9984022378921509, -0.05649711936712265, 0.001093953032977879, 0.04588489606976509, 0.7992637157440186, -0.5992257595062256, 0.03298014774918556, 0.598318874835968, 0.8005794286727905),
            ["LeftLowerLeg"] = CFrame.new(1.862645149230957e-08, 0.000003874301910400391, 0.000013321638107299805, 1, 1.9744035739677201e-07, 1.7206183144935494e-07, -1.5646217832454568e-07, 0.06272796541452408, 0.9980307221412659, 1.8626448650138627e-07, -0.9980306625366211, 0.06272803992033005),
        }},
        {Time = 0.033, Data = {
            ["LeftFoot"] = CFrame.new(-7.78982212068513e-09, -1.1920928955078125e-07, -2.3632310330867767e-08, 0.9936127662658691, -0.11281098425388336, 0.0027205944061279297, 0.08923465013504028, 0.7707435488700867, -0.630865752696991, 0.0690717026591301, 0.6270789504051208, 0.7758873105049133),
            ["LeftLowerArm"] = CFrame.new(-5.960464477539063e-08, 0, 2.9802322387695312e-08, 1, -2.980232594040899e-08, 7.450581485102248e-09, 2.980232594040899e-08, 0.9489090442657471, -0.31554996967315674, 2.980232594040899e-08, 0.31554993987083435, 0.9489090442657471),
            ["LowerTorso"] = CFrame.new(0.21583771705627441, -0.3689016103744507, -0.014539890922605991, 0.9926159381866455, -0.12129944562911987, 0, 0.12129944562911987, 0.9926159381866455, 0, 0, 0, 1),
            ["Head"] = CFrame.new(-3.812601789832115e-09, 1.1920928955078125e-07, -7.916241884231567e-09, 0.9981150031089783, 0.05874761939048767, -0.017754005268216133, -0.05842947959899902, 0.9981304407119751, 0.017936285585165024, 0.018774524331092834, -0.016865119338035583, 0.9996815323829651),
            ["RightUpperArm"] = CFrame.new(0.002221822738647461, -0.1319119930267334, -0.01683339662849903, 0.9139076471328735, 0.019298436120152473, -0.40546315908432007, -0.02201070636510849, 0.9997556805610657, -0.002027384005486965, 0.4053250253200531, 0.010777371935546398, 0.9141091704368591),
            ["UpperTorso"] = CFrame.new(-1.4901161193847656e-08, -1.7881393432617188e-07, -9.313225746154785e-10, 0.9948815703392029, 0.09979333728551865, 0.015878263860940933, -0.09947675466537476, 0.9948465824127197, -0.019616207107901573, -0.017754003405570984, 0.017936285585165024, 0.9996814727783203),
            ["HumanoidRootPart"] = CFrame.new(0, 0, 0, 1, 0, 0, 0, 1, 0, 0, 0, 1),
            ["RightHand"] = CFrame.new(2.0489096641540527e-08, -1.1920928955078125e-07, -6.705522537231445e-08, 0.9791954755783081, -0.021312536671757698, -0.20179706811904907, 0.006020583212375641, 0.9970826506614685, -0.07609160244464874, 0.20283007621765137, 0.07329362630844116, 0.9764671921730042),
            ["LeftUpperArm"] = CFrame.new(-0.11716806888580322, -0.014359354972839355, 0.2506549060344696, 0.7265148162841797, -0.06525272130966187, -0.6840454936027527, 0.44215962290763855, 0.8064070343971252, 0.39268627762794495, 0.5259952545166016, -0.5877497792243958, 0.6147188544273376),
            ["RightLowerArm"] = CFrame.new(2.384185791015625e-07, 5.960464477539063e-08, -2.2351741790771484e-08, 1, -3.632158396271734e-08, 6.752088665962219e-09, 2.980232594040899e-08, 0.9431577324867249, -0.33234545588493347, -2.7648641154343068e-09, 0.33234545588493347, 0.9431577920913696),
            ["LeftHand"] = CFrame.new(0, 1.7881393432617188e-07, -2.9802322387695312e-08, 0.9901635646820068, -0.12640932202339172, -0.059974297881126404, 0.12214730679988861, 0.9900339245796204, -0.07009237259626389, 0.06823692470788956, 0.062077201902866364, 0.9957360625267029),
            ["RightUpperLeg"] = CFrame.new(0, -7.450580596923828e-09, -7.639755494892597e-10, 0.9633588194847107, 0.03868028149008751, -0.2654121518135071, -0.1842622011899948, 0.8145120739936829, -0.5501070618629456, 0.19490307569503784, 0.5788558721542358, 0.7917946577072144),
            ["LeftUpperLeg"] = CFrame.new(2.9802322387695312e-08, -2.5704503059387207e-07, -9.313225746154785e-10, 0.9658718109130859, 0.09386555105447769, -0.24141451716423035, -0.23168131709098816, 0.7298458218574524, -0.6431553959846497, 0.11582525819540024, 0.6771368384361267, 0.7266844511032104),
            ["RightLowerLeg"] = CFrame.new(1.4901161193847656e-08, -0.000003874301910400391, -0.000013349745131563395, 1, -2.719461633660103e-07, -1.564622067462551e-07, 2.868473529815674e-07, 0.3612839877605438, 0.9324557781219482, -1.9371509552001953e-07, -0.932455837726593, 0.3612842857837677),
            ["RightFoot"] = CFrame.new(4.761750460602343e-08, 3.5762786865234375e-07, 5.633773980662227e-08, 0.9978154301643372, -0.06604639440774918, 0.001548944739624858, 0.05598997324705124, 0.8329750299453735, -0.5504703521728516, 0.03506629541516304, 0.549354612827301, 0.8348533511161804),
            ["LeftLowerLeg"] = CFrame.new(7.450580596923828e-09, 0.000003874301910400391, 0.000013407319784164429, 1, 1.2665987014770508e-07, 1.005828522693264e-07, -1.0849907994270325e-07, 0.15036526322364807, 0.9886305928230286, 9.685754776000977e-08, -0.9886305332183838, 0.15036529302597046),
        }},
        {Time = 0.067, Data = {
            ["LeftFoot"] = CFrame.new(7.283233571797609e-09, -1.1920928955078125e-07, -6.886693881824613e-09, 0.9896941184997559, -0.14310789108276367, 0.0050863767974078655, 0.11631689965724945, 0.7826825976371765, -0.6114560961723328, 0.08352317661046982, 0.6057460308074951, 0.7912620306015015),
            ["LeftLowerArm"] = CFrame.new(1.4901161193847656e-07, 2.384185791015625e-07, 2.980232238769531e-07, 1, -7.450579886381092e-08, 4.842878098543224e-08, 2.2351745343485163e-08, 0.8844030499458313, -0.46672409772872925, 1.4901162970204496e-08, 0.4667240083217621, 0.8844030499458313),
            ["LowerTorso"] = CFrame.new(0.2615410089492798, -0.30635547637939453, -0.014539890922605991, 0.9854288697242737, -0.17008817195892334, 0, 0.17008817195892334, 0.9854288697242737, 0, 0, 0, 1),
            ["Head"] = CFrame.new(-1.5366822481155396e-08, 2.384185791015625e-07, 3.725290298461914e-09, 0.9937740564346313, 0.09521607309579849, -0.05785505473613739, -0.09197472780942917, 0.994167149066925, 0.05632398650050163, 0.06288054585456848, -0.05065211281180382, 0.9967349171638489),
            ["RightUpperArm"] = CFrame.new(-0.023780882358551025, -0.1157996654510498, -0.016183676198124886, 0.9085223078727722, -0.02849777787923813, -0.41686344146728516, 0.017672372981905937, 0.9993995428085327, -0.029805723577737808, 0.41746246814727783, 0.01971219666302204, 0.9084803462028503),
            ["UpperTorso"] = CFrame.new(2.9802322387695312e-08, 1.7881393432617188e-07, 9.313225746154785e-10, 0.9892128705978394, 0.13782154023647308, 0.049630358815193176, -0.13457612693309784, 0.9888544082641602, -0.06369008123874664, -0.05785505473613739, 0.05632399395108223, 0.9967348575592041),
            ["HumanoidRootPart"] = CFrame.new(0, 0, 0, 1, 0, 0, 0, 1, 0, 0, 0, 1),
            ["RightHand"] = CFrame.new(6.705522537231445e-08, -5.960464477539063e-08, -1.1920928955078125e-07, 0.9870867133140564, -0.017303749918937683, -0.15924982726573944, -0.0017165355384349823, 0.9929488897323608, -0.11853136122226715, 0.16017793118953705, 0.11727407574653625, 0.9800968766212463),
            ["LeftUpperArm"] = CFrame.new(-0.1735677719116211, 0.08111345767974854, 0.2943018972873688, 0.5914523601531982, 0.009049423038959503, -0.8062892556190491, 0.5009488463401794, 0.77942955493927, 0.37621816992759705, 0.631850004196167, -0.6264246106147766, 0.456462025642395),
            ["RightLowerArm"] = CFrame.new(-8.940696716308594e-08, 0, 0, 1, -4.470348358154297e-08, 1.3969835066518499e-08, 3.539026138810186e-08, 0.9304643273353577, -0.3663826286792755, 7.031486148889599e-08, 0.3663827180862427, 0.9304642677307129),
            ["LeftHand"] = CFrame.new(8.940696716308594e-08, 0, -1.043081283569336e-07, 0.9944815635681152, -0.08853431791067123, -0.05628770589828491, 0.08694473654031754, 0.995758593082428, -0.03009311854839325, 0.058713171631097794, 0.02503320202231407, 0.9979610443115234),
            ["RightUpperLeg"] = CFrame.new(-2.9802322387695312e-08, 1.4901161193847656e-08, 1.0986695997416973e-09, 0.923833429813385, 0.08153581619262695, -0.3740105926990509, -0.2466166913509369, 0.8740363121032715, -0.41861793398857117, 0.29276639223098755, 0.47897034883499146, 0.8275718092918396),
            ["LeftUpperLeg"] = CFrame.new(-5.960464477539063e-08, -2.421438694000244e-07, 9.313225746154785e-10, 0.9362311363220215, 0.13124209642410278, -0.3259553909301758, -0.3068203628063202, 0.7574678063392639, -0.5762845873832703, 0.17126792669296265, 0.6395453214645386, 0.7494325637817383),
            ["RightLowerLeg"] = CFrame.new(4.470348358154297e-08, -0.000003516674041748047, -0.000013334843970369548, 1, -2.3096799850463867e-07, -8.940698137394065e-08, 2.3841863594498136e-07, 0.5373443961143494, 0.8433628678321838, -1.3038518886787642e-07, -0.8433629870414734, 0.5373445749282837),
            ["RightFoot"] = CFrame.new(-8.077950042206794e-08, 3.5762786865234375e-07, 4.8879883252084255e-08, 0.9962998628616333, -0.08588990569114685, 0.003115205792710185, 0.07667119055986404, 0.8718199133872986, -0.48378875851631165, 0.03883667662739754, 0.4822376072406769, 0.8751792907714844),
            ["LeftLowerLeg"] = CFrame.new(-7.450580596923828e-09, 0.000003933906555175781, 0.00001337006688117981, 1, 5.960464477539063e-08, 4.8428766774577525e-08, -7.843482308089733e-08, 0.22879663109779358, 0.9734742641448975, 5.960464477539063e-08, -0.9734742641448975, 0.2287965714931488),
        }},
        {Time = 0.100, Data = {
            ["LeftFoot"] = CFrame.new(3.5161065170541406e-08, -5.960464477539063e-08, -3.2729076338000596e-08, 0.9851614832878113, -0.17141292989253998, 0.008632093667984009, 0.14298906922340393, 0.791904866695404, -0.5936674475669861, 0.09492646157741547, 0.5860924124717712, 0.8046642541885376),
            ["LeftLowerArm"] = CFrame.new(-3.2782554626464844e-07, -2.384185791015625e-07, 4.470348358154297e-08, 1, -5.960463766996327e-08, 1.4901159417490817e-08, -6.984919309616089e-09, 0.7689959406852722, -0.639253556728363, 0, 0.6392536759376526, 0.768996000289917),
            ["LowerTorso"] = CFrame.new(0.3072442412376404, -0.24733257293701172, -0.014539890922605991, 0.9758451581001282, -0.21846331655979156, 0, 0.21846331655979156, 0.9758451581001282, 0, 0, 0, 1),
            ["Head"] = CFrame.new(-1.3969838619232178e-08, 1.1920928955078125e-07, -3.725290298461914e-09, 0.986121416091919, 0.13316965103149414, -0.09914904832839966, -0.12405429780483246, 0.9879027009010315, 0.0930527076125145, 0.11034140735864639, -0.07946137338876724, 0.9907122850418091),
            ["RightUpperArm"] = CFrame.new(-0.04978358745574951, -0.09968805313110352, -0.015533952042460442, 0.8960559368133545, -0.08672972023487091, -0.43538692593574524, 0.06690724939107895, 0.9959118962287903, -0.060687486082315445, 0.438870370388031, 0.025248825550079346, 0.8981956839561462),
            ["UpperTorso"] = CFrame.new(-2.9802322387695312e-08, 0, -9.313225746154785e-10, 0.9809315800666809, 0.17639294266700745, 0.08160248398780823, -0.16716133058071136, 0.9799116253852844, -0.10876750946044922, -0.09914905577898026, 0.0930527001619339, 0.9907122254371643),
            ["HumanoidRootPart"] = CFrame.new(0, 0, 0, 1, 0, 0, 0, 1, 0, 0, 0, 1),
            ["RightHand"] = CFrame.new(8.940696716308594e-08, -1.7881393432617188e-07, 5.960464477539063e-08, 0.9931113719940186, -0.011391613632440567, -0.11661937832832336, -0.007590426132082939, 0.9869182705879211, -0.1610427051782608, 0.11692832410335541, 0.16081848740577698, 0.9800332188606262),
            ["LeftUpperArm"] = CFrame.new(-0.22996771335601807, 0.17658567428588867, 0.33794891834259033, 0.41163742542266846, 0.09860092401504517, -0.9059981107711792, 0.5710314512252808, 0.7468777298927307, 0.3407299518585205, 0.7102659940719604, -0.6576105356216431, 0.2511385977268219),
            ["RightLowerArm"] = CFrame.new(5.960464477539063e-08, -3.5762786865234375e-07, -2.2351741790771484e-08, 1, -2.2351745343485163e-08, 7.450581485102248e-09, 4.0978193283081055e-08, 0.9163849949836731, -0.40029820799827576, 2.1420419216156006e-08, 0.40029823780059814, 0.9163849949836731),
            ["LeftHand"] = CFrame.new(-2.9802322387695312e-08, -1.1920928955078125e-07, 1.7881393432617188e-07, 0.9974066019058228, -0.05070481449365616, -0.05107923597097397, 0.05126890540122986, 0.9986369609832764, 0.009792759083211422, 0.05051298439502716, -0.012386055663228035, 0.99864661693573),
            ["RightUpperLeg"] = CFrame.new(-2.9802322387695312e-08, 1.043081283569336e-07, -7.639755494892597e-10, 0.8720648884773254, 0.1553623080253601, -0.4640747904777527, -0.29839804768562317, 0.920408308506012, -0.2526010274887085, 0.38789355754852295, 0.3587634265422821, 0.849015474319458),
            ["LeftUpperLeg"] = CFrame.new(0, -3.725290298461914e-08, -9.313225746154785e-10, 0.8981450200080872, 0.17642077803611755, -0.40275463461875916, -0.37672436237335205, 0.7811083793640137, -0.49794429540634155, 0.2267472743988037, 0.5989536046981812, 0.768010675907135),
            ["RightLowerLeg"] = CFrame.new(5.21540641784668e-08, -0.0000036954879760742188, -0.000013364646292757243, 1, -2.2351741790771484e-07, -1.4528633585086936e-07, 2.868473529815674e-07, 0.7175256609916687, 0.6965318918228149, -1.1548399925231934e-07, -0.6965320706367493, 0.7175257802009583),
            ["RightFoot"] = CFrame.new(-1.4545366866514087e-07, 1.7881393432617188e-07, 2.6389898266643286e-08, 0.994905412197113, -0.10067585855722427, 0.005253760144114494, 0.09431685507297516, 0.911129355430603, -0.4011826813220978, 0.03560250997543335, 0.3996345102787018, 0.9159830808639526),
            ["LeftLowerLeg"] = CFrame.new(1.4901161193847656e-08, 0.000003814697265625, 0.000013336539268493652, 1, 0, 2.2351745343485163e-08, -4.66825369471735e-08, 0.3067972660064697, 0.9517750144004822, -7.4505797087454084e-09, -0.9517749547958374, 0.3067971467971802),
        }},
        {Time = 0.133, Data = {
            ["LeftFoot"] = CFrame.new(-4.842809175897855e-08, 1.1920928955078125e-07, 5.0576090870890766e-08, 0.983508825302124, -0.18056553602218628, 0.010325386188924313, 0.15449406206607819, 0.8090775609016418, -0.5670320391654968, 0.09403234720230103, 0.5592760443687439, 0.8236309885978699),
            ["LeftLowerArm"] = CFrame.new(1.4901161193847656e-07, -5.960464477539063e-08, -4.470348358154297e-08, 1, -1.4901161193847656e-08, 0, 9.126959810146218e-08, 0.653105616569519, -0.7572668194770813, 1.4901159417490817e-08, 0.7572668194770813, 0.6531057357788086),
            ["LowerTorso"] = CFrame.new(0.3280184268951416, -0.19715404510498047, -0.014539890922605991, 0.9707067012786865, -0.2402675598859787, 0, 0.2402675598859787, 0.9707067012786865, 0, 0, 0, 1),
            ["Head"] = CFrame.new(-4.0978193283081055e-08, -1.1920928955078125e-07, 1.862645149230957e-08, 0.9814777374267578, 0.1507374346256256, -0.11823569983243942, -0.13803797960281372, 0.984395444393158, 0.10913832485675812, 0.13284188508987427, -0.09079580008983612, 0.9869697690010071),
            ["RightUpperArm"] = CFrame.new(-0.06160306930541992, -0.09236454963684082, -0.015238638035953045, 0.8758252859115601, -0.13747520744800568, -0.4626345634460449, 0.11212196201086044, 0.990304172039032, -0.0820150375366211, 0.46942391991615295, 0.019959349185228348, 0.8827472925186157),
            ["UpperTorso"] = CFrame.new(-4.470348358154297e-08, 2.9802322387695312e-08, -9.313225746154785e-10, 0.9763200283050537, 0.1941136121749878, 0.09549495577812195, -0.18116210401058197, 0.9748890995979309, -0.12950506806373596, -0.11823569983243942, 0.10913830995559692, 0.9869697093963623),
            ["HumanoidRootPart"] = CFrame.new(0, 0, 0, 1, 0, 0, 0, 1, 0, 0, 0, 1),
            ["RightHand"] = CFrame.new(2.2351741790771484e-08, 1.1920928955078125e-07, -5.960464477539063e-08, 0.9952242374420166, -0.008084683679044247, -0.09727955609560013, -0.009636126458644867, 0.9835599660873413, -0.18032461404800415, 0.09713815897703171, 0.18040089309215546, 0.9787848591804504),
            ["LeftUpperArm"] = CFrame.new(-0.2556037902832031, 0.21998190879821777, 0.3577883839607239, 0.2644956409931183, 0.1630980372428894, -0.950495183467865, 0.6327318549156189, 0.7144568562507629, 0.2986668348312378, 0.7277997732162476, -0.6804046630859375, 0.08577337861061096),
            ["RightLowerArm"] = CFrame.new(-1.1920928955078125e-07, -4.76837158203125e-07, 8.940696716308594e-08, 1, -5.21540641784668e-08, 0, 4.842877388000488e-08, 0.9091910123825073, -0.4163793623447418, 5.587935447692871e-08, 0.4163793921470642, 0.9091910719871521),
            ["LeftHand"] = CFrame.new(2.086162567138672e-07, 1.1920928955078125e-07, -5.774199962615967e-08, 0.998272716999054, -0.03356916084885597, -0.0482151135802269, 0.03493819013237953, 0.9990017414093018, 0.027838218957185745, 0.04723251610994339, -0.02947467938065529, 0.9984490275382996),
            ["RightUpperLeg"] = CFrame.new(-1.1920928955078125e-07, -1.4901161193847656e-08, -7.639755494892597e-10, 0.8455890417098999, 0.22539645433425903, -0.4839170575141907, -0.31673523783683777, 0.9415267109870911, -0.1149187684059143, 0.4297184944152832, 0.25044751167297363, 0.8675355315208435),
            ["LeftUpperLeg"] = CFrame.new(0, 1.862645149230957e-08, -9.313225746154785e-10, 0.8795698881149292, 0.2084406018257141, -0.427679181098938, -0.4037240445613861, 0.8026003241539001, -0.43913522362709045, 0.2517218291759491, 0.5589144229888916, 0.7900955080986023),
            ["RightLowerLeg"] = CFrame.new(1.1175870895385742e-07, -0.000003814697265625, -0.000013290140486788005, 1, -1.2665987014770508e-07, 2.6077035641947077e-08, 9.778885612377053e-08, 0.8537647724151611, 0.5206589102745056, -1.1175869119028903e-08, -0.5206590890884399, 0.8537648916244507),
            ["RightFoot"] = CFrame.new(-3.043169272132218e-08, 5.364418029785156e-07, 9.04765329323709e-08, 0.9945278763771057, -0.10428931564092636, 0.006184786558151245, 0.10104288905858994, 0.9451486468315125, -0.31061920523643494, 0.026548808440566063, 0.3095446527004242, 0.9505144357681274),
            ["LeftLowerLeg"] = CFrame.new(-5.21540641784668e-08, 0.000003993511199951172, 0.000013221055269241333, 1, 0, -5.960464477539063e-08, 1.1175870895385742e-08, 0.3876286447048187, 0.9218156933784485, -5.21540641784668e-08, -0.9218156337738037, 0.3876284658908844),
        }},
        {Time = 0.167, Data = {
            ["LeftFoot"] = CFrame.new(1.6716057871235535e-08, 5.960464477539063e-08, -1.7019374354276806e-08, 0.9854125380516052, -0.16993485391139984, 0.009187833406031132, 0.14831580221652985, 0.8310668468475342, -0.53603196144104, 0.08345483243465424, 0.529575526714325, 0.8441476821899414),
            ["LeftLowerArm"] = CFrame.new(2.086162567138672e-07, 1.7881393432617188e-07, 1.1175870895385742e-07, 1, -4.470348358154297e-08, -2.9802322387695312e-08, 1.1920928955078125e-07, 0.5900497436523438, -0.8073669075965881, 1.4901161193847656e-08, 0.8073669672012329, 0.5900497436523438),
            ["LowerTorso"] = CFrame.new(0.318644255399704, -0.1619654893875122, -0.014539890922605991, 0.9717910289764404, -0.23584356904029846, 0, 0.23584356904029846, 0.9717910289764404, 0, 0, 0, 1),
            ["Head"] = CFrame.new(2.514570951461792e-08, 1.1920928955078125e-07, -3.166496753692627e-08, 0.9838954210281372, 0.14599555730819702, -0.10312739759683609, -0.13567858934402466, 0.9856065511703491, 0.10085231810808182, 0.11636701226234436, -0.08523594588041306, 0.9895421862602234),
            ["RightUpperArm"] = CFrame.new(-0.06160295009613037, -0.09236431121826172, -0.015238627791404724, 0.8497890830039978, -0.16443635523319244, -0.50081866979599, 0.14583981037139893, 0.9863543510437012, -0.0763937458395958, 0.5065464973449707, -0.008120727725327015, 0.8621745109558105),
            ["UpperTorso"] = CFrame.new(-2.9802322387695312e-08, -5.960464477539063e-08, 0, 0.9782859086990356, 0.19009825587272644, 0.0825798362493515, -0.17978185415267944, 0.9765713214874268, -0.11826671659946442, -0.10312739759683609, 0.10085231065750122, 0.9895421862602234),
            ["HumanoidRootPart"] = CFrame.new(0, 0, 0, 1, 0, 0, 0, 1, 0, 0, 0, 1),
            ["RightHand"] = CFrame.new(-1.4156103134155273e-07, 2.384185791015625e-07, -3.427267074584961e-07, 0.9919820427894592, -0.014268962666392326, -0.12557166814804077, -0.008563750423491001, 0.9837325811386108, -0.17943476140499115, 0.12608923017978668, 0.1790713220834732, 0.9757228493690491),
            ["LeftUpperArm"] = CFrame.new(-0.2556036710739136, 0.21998190879821777, 0.3577883541584015, 0.18835203349590302, 0.18159568309783936, -0.9651665687561035, 0.6783000826835632, 0.6866536736488342, 0.26156383752822876, 0.7102340459823608, -0.7039387822151184, 0.006156221963465214),
            ["RightLowerArm"] = CFrame.new(-1.1920928955078125e-07, -1.1920928955078125e-07, 2.2351741790771484e-08, 1, -2.2351745343485163e-08, -1.4901161193847656e-08, 4.0978196835794733e-08, 0.9167342185974121, -0.3994978070259094, 5.587936158235607e-08, 0.3994978666305542, 0.9167342185974121),
            ["LeftHand"] = CFrame.new(1.4901161193847656e-07, -1.1920928955078125e-07, -4.470348358154297e-08, 0.9982727766036987, -0.03356919065117836, -0.04821506887674332, 0.034938253462314606, 0.9990017414093018, 0.027838129550218582, 0.047232452780008316, -0.0294746495783329, 0.9984489679336548),
            ["RightUpperLeg"] = CFrame.new(0, 1.4901161193847656e-08, 1.673470251262188e-10, 0.8494567275047302, 0.25358495116233826, -0.462728887796402, -0.3067198693752289, 0.9508743286132812, -0.04196375980973244, 0.4293556213378906, 0.17757442593574524, 0.8855060935020447),
            ["LeftUpperLeg"] = CFrame.new(0, -2.9802322387695312e-08, 0, 0.8859718441963196, 0.21285761892795563, -0.4120020866394043, -0.389883816242218, 0.8229323625564575, -0.4132470190525055, 0.25108709931373596, 0.526758074760437, 0.8120845556259155),
            ["RightLowerLeg"] = CFrame.new(-6.705522537231445e-08, -0.0000033974647521972656, -0.000013275239325594157, 1, -7.450581485102248e-09, -5.587936158235607e-08, 3.539026138810186e-08, 0.9245624542236328, 0.38103044033050537, 5.587936335871291e-09, -0.3810306191444397, 0.9245625138282776),
            ["RightFoot"] = CFrame.new(3.179593477398157e-08, 2.384185791015625e-07, -3.290188033133745e-08, 0.995198130607605, -0.09772869199514389, 0.005467592738568783, 0.09623731672763824, 0.966758668422699, -0.23688830435276031, 0.017865004017949104, 0.2362772673368454, 0.9715214967727661),
            ["LeftLowerLeg"] = CFrame.new(-2.2351741790771484e-08, 0.000003933906555175781, 0.000013303011655807495, 1, 2.2351738238057806e-08, 8.195639367158947e-08, -6.705522537231445e-08, 0.45535963773727417, 0.8903075456619263, 2.9802322387695312e-08, -0.8903075456619263, 0.4553598165512085),
        }},
        {Time = 0.200, Data = {
            ["LeftFoot"] = CFrame.new(2.4228938855230808e-08, 5.960464477539063e-08, 2.1215782908257097e-08, 0.9882134795188904, -0.15289634466171265, 0.0075485119596123695, 0.13496004045009613, 0.8468919992446899, -0.5143539309501648, 0.07224997133016586, 0.5093100666999817, 0.8575448989868164),
            ["LeftLowerArm"] = CFrame.new(-3.8743019104003906e-07, -1.1920928955078125e-07, -1.9744038581848145e-07, 1, -1.0430814256778831e-07, 0, 9.499490261077881e-08, 0.563342809677124, -0.8262233138084412, 3.725290298461914e-08, 0.8262233734130859, 0.5633428692817688),
            ["LowerTorso"] = CFrame.new(0.2966645359992981, -0.1420496702194214, -0.014539890922605991, 0.9740399122238159, -0.22637628018856049, 0, 0.22637628018856049, 0.9740399122238159, 0, 0, 0, 1),
            ["Head"] = CFrame.new(-2.7939677238464355e-09, 0, -2.7939677238464355e-09, 0.9886428117752075, 0.13391928374767303, -0.06819982081651688, -0.12791045010089874, 0.9880543351173401, 0.08595086634159088, 0.07889560610055923, -0.07625121623277664, 0.9939624071121216),
            ["RightUpperArm"] = CFrame.new(-0.0616031289100647, -0.09236466884613037, -0.015238629654049873, 0.8220230937004089, -0.1692410409450531, -0.5437238812446594, 0.16942256689071655, 0.9842629432678223, -0.05022478476166725, 0.5436673164367676, -0.050833169370889664, 0.8377600908279419),
            ["UpperTorso"] = CFrame.new(2.9802322387695312e-08, 1.4901161193847656e-07, 0, 0.9819647669792175, 0.1818729192018509, 0.05164951831102371, -0.17633552849292755, 0.9795584082603455, -0.0968044102191925, -0.06819982826709747, 0.08595086634159088, 0.9939624071121216),
            ["HumanoidRootPart"] = CFrame.new(0, 0, 0, 1, 0, 0, 0, 1, 0, 0, 0, 1),
            ["RightHand"] = CFrame.new(1.30385160446167e-07, -2.980232238769531e-07, -1.434236764907837e-07, 0.9837232232093811, -0.025343894958496094, -0.17789432406425476, -0.006202589720487595, 0.984624445438385, -0.174574613571167, 0.17958346009254456, 0.1728365123271942, 0.9684407114982605),
            ["LeftUpperArm"] = CFrame.new(-0.2556037902832031, 0.21998226642608643, 0.35778844356536865, 0.15269485116004944, 0.1766836941242218, -0.9723513722419739, 0.707033634185791, 0.6679048538208008, 0.23239362239837646, 0.6904981732368469, -0.7229703068733215, -0.022935660555958748),
            ["RightLowerArm"] = CFrame.new(1.7881393432617188e-07, -1.7881393432617188e-07, -5.960464477539063e-08, 1, -1.4901162970204496e-08, -1.4901162970204496e-08, 3.9115558791991134e-08, 0.9353729486465454, -0.35366305708885193, 7.450582373280668e-09, 0.35366302728652954, 0.9353729486465454),
            ["LeftHand"] = CFrame.new(2.7567148208618164e-07, 1.1920928955078125e-07, -5.960464477539063e-08, 0.998272716999054, -0.03356926515698433, -0.04821506142616272, 0.03493821248412132, 0.999001681804657, 0.027838248759508133, 0.04723239690065384, -0.029474634677171707, 0.9984490275382996),
            ["RightUpperLeg"] = CFrame.new(0, 4.470348358154297e-08, 1.673470251262188e-10, 0.8564490675926208, 0.2527133524417877, -0.4501457214355469, -0.2874673902988434, 0.9577457904815674, -0.009254885837435722, 0.42878636717796326, 0.13732843101024628, 0.8929071426391602),
            ["LeftUpperLeg"] = CFrame.new(8.940696716308594e-08, 1.7136335372924805e-07, 0, 0.8966177701950073, 0.20025880634784698, -0.39493435621261597, -0.36535388231277466, 0.8384909629821777, -0.40428900718688965, 0.2501864731311798, 0.5067834854125977, 0.8249711990356445),
            ["RightLowerLeg"] = CFrame.new(-8.195638656616211e-08, -0.0000035762786865234375, -0.00001326033816440031, 1, -4.4703490686970326e-08, -3.9115551686563776e-08, 6.891787052154541e-08, 0.9537176489830017, 0.3007034361362457, 7.450580596923828e-09, -0.30070358514785767, 0.9537177085876465),
            ["RightFoot"] = CFrame.new(2.425440470688045e-08, 2.980232238769531e-07, -1.042644726112485e-08, 0.9962749481201172, -0.08612492680549622, 0.004330396186560392, 0.08534801006317139, 0.9776202440261841, -0.19228696823120117, 0.012327225878834724, 0.1919405609369278, 0.9813292622566223),
            ["LeftLowerLeg"] = CFrame.new(-3.725290298461914e-08, 0.0000040531158447265625, 0.000013317912817001343, 1, 2.2351745343485163e-08, 8.195637946073475e-08, -5.02914261346632e-08, 0.4955570101737976, 0.8685754537582397, 1.4901162970204496e-08, -0.8685755133628845, 0.4955570101737976),
        }},
        {Time = 0.233, Data = {
            ["LeftFoot"] = CFrame.new(2.069964466500096e-08, -1.1920928955078125e-07, 4.2864940041908994e-08, 0.9907644391059875, -0.13545985519886017, 0.0060563525184988976, 0.11998400092124939, 0.855015218257904, -0.504532516002655, 0.0631655678153038, 0.5005993843078613, 0.8633714318275452),
            ["LeftLowerArm"] = CFrame.new(2.384185791015625e-07, 0, -4.7497451305389404e-08, 1, -9.685756197086448e-08, 7.450579886381092e-08, 1.043081283569336e-07, 0.5636204481124878, -0.8260339498519897, 2.421438694000244e-08, 0.8260340094566345, 0.563620388507843),
            ["LowerTorso"] = CFrame.new(0.2712934613227844, -0.13577377796173096, -0.014539890922605991, 0.9760385751724243, -0.21759748458862305, 0, 0.21759748458862305, 0.9760385751724243, 0, 0, 0, 1),
            ["Head"] = CFrame.new(-2.3283064365386963e-10, 0, 1.1175870895385742e-08, 0.9926877021789551, 0.11716631054878235, -0.029040252789855003, -0.11454430222511292, 0.9902186393737793, 0.07966706901788712, 0.03809048980474472, -0.07575812935829163, 0.9963985085487366),
            ["RightUpperArm"] = CFrame.new(-0.061603009700775146, -0.09236454963684082, -0.015238597989082336, 0.7971771955490112, -0.16264742612838745, -0.5814244747161865, 0.1817094385623932, 0.9830124974250793, -0.025849923491477966, 0.5757519006729126, -0.08504333347082138, 0.813189685344696),
            ["UpperTorso"] = CFrame.new(-2.9802322387695312e-08, 0, 0, 0.9845382571220398, 0.17454874515533447, 0.014738531783223152, -0.17274592816829681, 0.9814203381538391, -0.08350419998168945, -0.029040254652500153, 0.07966706901788712, 0.9963984489440918),
            ["HumanoidRootPart"] = CFrame.new(0, 0, 0, 1, 0, 0, 0, 1, 0, 0, 0, 1),
            ["RightHand"] = CFrame.new(4.023313522338867e-07, 4.76837158203125e-07, -6.705522537231445e-08, 0.9780653119087219, -0.03014293685555458, -0.2061062455177307, -0.00378327164798975, 0.986740231513977, -0.16226355731487274, 0.20826441049575806, 0.15948405861854553, 0.9649823307991028),
            ["LeftUpperArm"] = CFrame.new(-0.2556039094924927, 0.21998214721679688, 0.35778841376304626, 0.13832983374595642, 0.1738666594028473, -0.9750052690505981, 0.7191480994224548, 0.6592469811439514, 0.21958932280540466, 0.6809486150741577, -0.7315489649772644, -0.03384237363934517),
            ["RightLowerArm"] = CFrame.new(-1.4901161193847656e-07, 2.384185791015625e-07, 2.9802322387695312e-08, 1, -1.4901161193847656e-08, 4.470348358154297e-08, 9.4296401798033e-09, 0.956767201423645, -0.2908550202846527, -4.470347647611561e-08, 0.2908550202846527, 0.9567671418190002),
            ["LeftHand"] = CFrame.new(-2.9802322387695312e-08, 1.1920928955078125e-07, 4.470348358154297e-08, 0.9982727766036987, -0.03356916829943657, -0.048215121030807495, 0.034938231110572815, 0.9990017414093018, 0.02783825993537903, 0.04723244532942772, -0.029474709182977676, 0.9984489679336548),
            ["RightUpperLeg"] = CFrame.new(0, 1.4901161193847656e-08, 1.673470251262188e-10, 0.863120436668396, 0.2298937737941742, -0.44963526725769043, -0.26764556765556335, 0.9632829427719116, -0.021256601437926292, 0.42823922634124756, 0.1386898308992386, 0.8929592967033386),
            ["LeftUpperLeg"] = CFrame.new(0, 3.725290298461914e-08, 0, 0.9064363837242126, 0.1808348298072815, -0.3816699981689453, -0.3408656120300293, 0.8468140363693237, -0.40830954909324646, 0.24936693906784058, 0.5002047419548035, 0.8292233943939209),
            ["RightLowerLeg"] = CFrame.new(-5.960464477539063e-08, -0.000003635883331298828, -0.00001337954745395109, 1, -9.685754776000977e-08, -3.632158396271734e-08, 9.49948883999241e-08, 0.952875554561615, 0.30336135625839233, -2.7939673685750677e-08, -0.3033615052700043, 0.9528756737709045),
            ["RightFoot"] = CFrame.new(3.073364496231079e-08, 3.5762786865234375e-07, 8.592905942350626e-09, 0.9972959160804749, -0.073419488966465, 0.0032441902440041304, 0.07272254675626755, 0.9795364737510681, -0.1876692920923233, 0.010600775480270386, 0.1873980164527893, 0.9822269082069397),
            ["LeftLowerLeg"] = CFrame.new(-2.2351741790771484e-08, 0.0000040531158447265625, 0.00001323595643043518, 1, 1.2665991278026922e-07, 7.450581307466564e-08, -1.0570511221885681e-07, 0.508589506149292, 0.8610091805458069, 5.21540641784668e-08, -0.8610091805458069, 0.5085894465446472),
        }},
        {Time = 0.267, Data = {
            ["LeftFoot"] = CFrame.new(7.189100870164111e-09, 1.1920928955078125e-07, -4.911271389573812e-10, 0.9921694993972778, -0.12479671090841293, 0.005055934656411409, 0.11022397130727768, 0.8558375239372253, -0.505364179611206, 0.05874069780111313, 0.5019640922546387, 0.862891435623169),
            ["LeftLowerArm"] = CFrame.new(1.7881393432617188e-07, -2.980232238769531e-07, -2.0675361156463623e-07, 1, -3.72529100900465e-08, 6.705523247774181e-08, 8.568168397005138e-08, 0.5805210471153259, -0.8142454028129578, 5.02914261346632e-08, 0.814245343208313, 0.5805209875106812),
            ["LowerTorso"] = CFrame.new(0.24961146712303162, -0.14028453826904297, -0.014539890922605991, 0.9770050048828125, -0.21321649849414825, 0, 0.21321649849414825, 0.9770050048828125, 0, 0, 0, 1),
            ["Head"] = CFrame.new(1.3562384992837906e-08, 0, 4.441244527697563e-08, 0.9952864050865173, 0.0969565287232399, 0.0021277698688209057, -0.09677252918481827, 0.9914854764938354, 0.08713096380233765, 0.006338263396173716, -0.08692615479230881, 0.9961946606636047),
            ["RightUpperArm"] = CFrame.new(-0.06338053941726685, -0.10455012321472168, -0.01731935329735279, 0.7797778844833374, -0.150368332862854, -0.6077300906181335, 0.18050463497638702, 0.9835041165351868, -0.011739326640963554, 0.5994702577590942, -0.1005440279841423, 0.7940569519996643),
            ["UpperTorso"] = CFrame.new(1.4901161193847656e-08, 2.9802322387695312e-08, 9.313225746154785e-10, 0.9851607084274292, 0.17078649997711182, -0.01704183593392372, -0.1716214418411255, 0.9814480543136597, -0.08547460287809372, 0.002127767540514469, 0.08713094890117645, 0.99619460105896),
            ["HumanoidRootPart"] = CFrame.new(0, 0, 0, 1, 0, 0, 0, 1, 0, 0, 0, 1),
            ["RightHand"] = CFrame.new(1.043081283569336e-07, 1.1920928955078125e-07, -2.9802322387695312e-08, 0.9805076122283936, -0.02069808356463909, -0.1953878104686737, -0.006978027522563934, 0.9901400804519653, -0.13990655541419983, 0.1963571310043335, 0.13854286074638367, 0.9706955552101135),
            ["LeftUpperArm"] = CFrame.new(-0.2556037902832031, 0.21998214721679688, 0.35778847336769104, 0.12855200469493866, 0.189493328332901, -0.973430335521698, 0.7175169587135315, 0.6598119139671326, 0.22319860756397247, 0.6845756769180298, -0.7271454930305481, -0.05114457383751869),
            ["RightLowerArm"] = CFrame.new(-1.1920928955078125e-07, 1.7881393432617188e-07, 2.9802322387695312e-08, 1, -2.980232594040899e-08, 8.940698137394065e-08, 6.519258910486769e-09, 0.9743544459342957, -0.22501914203166962, 3.725290742551124e-09, 0.22501912713050842, 0.9743544459342957),
            ["LeftHand"] = CFrame.new(-1.4901161193847656e-08, 1.7881393432617188e-07, 2.384185791015625e-07, 0.9982727766036987, -0.033569153398275375, -0.04821512848138809, 0.034938279539346695, 0.9990017414093018, 0.027838200330734253, 0.047232385724782944, -0.029474694281816483, 0.9984489679336548),
            ["RightUpperLeg"] = CFrame.new(1.1920928955078125e-07, -2.9802322387695312e-08, 1.0986695997416973e-09, 0.8762255311012268, 0.20552730560302734, -0.43587547540664673, -0.25736603140830994, 0.9642782807350159, -0.06269045174121857, 0.40742063522338867, 0.167110413312912, 0.8978210091590881),
            ["LeftUpperLeg"] = CFrame.new(-1.1920928955078125e-07, 1.4901161193847656e-08, 9.313225746154785e-10, 0.9142836928367615, 0.1703081727027893, -0.36753329634666443, -0.3272624611854553, 0.845252513885498, -0.4224306643009186, 0.2387150526046753, 0.5065011382102966, 0.8285359740257263),
            ["RightLowerLeg"] = CFrame.new(-9.685754776000977e-08, -0.0000037550926208496094, -0.000013334843970369548, 1, -8.195637946073475e-08, -3.725290298461914e-08, 9.173527359962463e-08, 0.9342949986457825, 0.3565007746219635, 6.51925802230835e-09, -0.3565009534358978, 0.9342949986457825),
            ["RightFoot"] = CFrame.new(-3.364766598679125e-08, 1.1920928955078125e-07, -3.128661774098873e-08, 0.9979068040847778, -0.06462211161851883, 0.002466141479089856, 0.06372404098510742, 0.9761131405830383, -0.20770715177059174, 0.011015176773071289, 0.20742981135845184, 0.9781880378723145),
            ["LeftLowerLeg"] = CFrame.new(4.470348358154297e-08, 0.000003874301910400391, 0.000013314187526702881, 1, -1.4901162970204496e-08, 3.725290298461914e-08, -1.2107191693644381e-08, 0.49911001324653625, 0.8665387034416199, 7.4505797087454084e-09, -0.8665386438369751, 0.49911007285118103),
        }},
        {Time = 0.300, Data = {
            ["LeftFoot"] = CFrame.new(2.962838152598124e-08, 0, 1.8870196072384715e-08, 0.9926620125770569, -0.12084340304136276, 0.004359498620033264, 0.10585855692625046, 0.8510139584541321, -0.5143630504608154, 0.05844738334417343, 0.5110500454902649, 0.857561469078064),
