return {
    ["Bubbles!"] = {
        {Time = 0.000, Data = {
            ["RightFoot"] = CFrame.new(1.9185245037078857e-07, 2.980232238769531e-07, -8.488859748467803e-08, 0.9993712306022644, -0.00586088839918375, -0.03496797755360603, -0.01227371022105217, 0.8680798411369324, -0.4962729811668396, 0.0332636795938015, 0.49639010429382324, 0.8674619793891907),
            ["LeftLowerArm"] = CFrame.new(0.0000010132789611816406, -1.1920928955078125e-07, 0.0000052675604820251465, 1, 3.799797525516624e-07, -3.352759563313157e-07, -2.42143840978315e-07, -0.5153598189353943, -0.8569740653038025, -4.1909510173354647e-07, 0.8569738864898682, -0.51535964012146),
            ["RightUpperArm"] = CFrame.new(-0.029202282428741455, -0.02388620376586914, 0.06496632099151611, 0.16465580463409424, -0.4232422411441803, 0.8909288644790649, 0.9069246053695679, -0.290149986743927, -0.30545079708099365, 0.38778382539749146, 0.8583000898361206, 0.33607396483421326),
            ["Head"] = CFrame.new(0, -5.960464477539062e-07, 1.3969838619232178e-07, 0.9531552791595459, 0.2212955206632614, -0.20621170103549957, -0.13446162641048431, 0.9206556081771851, 0.36648812890052795, 0.2709521949291229, -0.3215923607349396, 0.9072834253311157),
            ["RightHand"] = CFrame.new(0.0000011622905731201172, 0.0000013709068298339844, -6.705522537231445e-07, 0.41963720321655273, 0.8765909075737, 0.2355700582265854, -0.892813503742218, 0.351818710565567, 0.2812604308128357, 0.16367268562316895, -0.32834747433662415, 0.9302685260772705),
            ["UpperTorso"] = CFrame.new(1.1175870895385742e-08, -5.364418029785156e-07, -5.2619725465774536e-08, 0.9949777722358704, 0.004394639749079943, 0.09999950975179672, -0.07157278805971146, 0.7296435236930847, 0.6800714135169983, -0.06997551023960114, -0.6838135719299316, 0.7262939810752869),
            ["HumanoidRootPart"] = CFrame.new(0, 0, 0, 1, 0, 0, 0, 1, 0, 0, 0, 1),
            ["RightUpperLeg"] = CFrame.new(-5.960464477539063e-08, -3.46451997756958e-07, -2.4047039914876223e-08, 0.9653810858726501, -0.05697241425514221, -0.25454580783843994, 0.037481024861335754, 0.9960269331932068, -0.08078154921531677, 0.2581367492675781, 0.06844428181648254, 0.9636808633804321),
            ["LeftUpperArm"] = CFrame.new(0.029202818870544434, -0.02388787269592285, 0.06496523320674896, 0.9751623868942261, 0.08443605154752731, -0.20476555824279785, 0.07648003101348877, 0.7392582893371582, 0.6690652966499329, 0.20786799490451813, -0.6681076884269714, 0.7144388556480408),
            ["RightLowerArm"] = CFrame.new(1.7881393432617188e-07, 5.960464477539062e-07, -0.0000035762786865234375, 1, -0.00001916662404255476, 0.0000011790544931500335, 0.000018833208741853014, 0.9613640904426575, -0.27528008818626404, 0.000004116446689295117, 0.2752801775932312, 0.9613641500473022),
            ["LeftHand"] = CFrame.new(-0.000001519918441772461, -1.1920928955078125e-07, 2.682209014892578e-07, -0.7847374081611633, 0.04767822101712227, -0.6179895997047424, 0.5691011548042297, 0.45045965909957886, -0.6879042387008667, 0.24558301270008087, -0.8915228843688965, -0.3806265890598297),
            ["LeftFoot"] = CFrame.new(-3.5390257835388184e-08, 2.384185791015625e-07, 2.9802322387695312e-08, 0.9859378337860107, 0.10194101929664612, -0.13241836428642273, -0.12299133837223053, 0.9790963530540466, -0.16199886798858643, 0.11313597857952118, 0.17600716650485992, 0.977865993976593),
            ["LowerTorso"] = CFrame.new(0.000824980903416872, -0.14117956161499023, 0.4618335962295532, 0.9726913571357727, 0.08214982599020004, 0.2170783281326294, -0.03562247380614281, 0.9770260453224182, -0.21012166142463684, -0.22935260832309723, 0.1966506391763687, 0.9532712697982788),
            ["RightLowerLeg"] = CFrame.new(-4.912726581096649e-08, -0.000726163387298584, 0.000046014618419576436, 1, 2.440066282360931e-07, -1.887093077357349e-07, -5.4016709327697754e-08, 0.6863893866539001, 0.7272341847419739, 2.868473529815674e-07, -0.7272343039512634, 0.6863895058631897),
            ["LeftUpperLeg"] = CFrame.new(2.9802322387695312e-08, -4.76837158203125e-07, 4.470348358154297e-08, 0.9936765432357788, -0.07682690769433975, 0.08188217133283615, 0.09822853654623032, 0.9480721950531006, -0.30250662565231323, -0.0543895959854126, 0.30863717198371887, 0.9496235847473145),
            ["LeftLowerLeg"] = CFrame.new(5.21540641784668e-08, -0.0007262825965881348, 0.00008088350296020508, 1, 1.0430816388407038e-07, 1.862645504502325e-08, -5.2154071283894154e-08, 0.5665864944458008, 0.8240024447441101, 6.33299421792799e-08, -0.8240023255348206, 0.5665863156318665),
        }},
        {Time = 0.017, Data = {
            ["RightFoot"] = CFrame.new(1.5372643247246742e-07, 1.1920928955078125e-07, 2.7772330213338137e-08, 0.9978169798851013, -0.007962408475577831, -0.06555906683206558, -0.02600288763642311, 0.8651472926139832, -0.5008435249328613, 0.06070616841316223, 0.5014546513557434, 0.8630514740943909),
            ["LeftLowerArm"] = CFrame.new(9.834766387939453e-07, -2.384185791015625e-07, 0.000004582107067108154, 1, 3.427268211453338e-07, -3.4272667903678666e-07, -2.253800630569458e-07, -0.5434793829917908, -0.8394226431846619, -4.246830940246582e-07, 0.8394225835800171, -0.5434791445732117),
            ["RightUpperArm"] = CFrame.new(-0.029202520847320557, -0.023886442184448242, 0.06496624648571014, 0.14201246201992035, -0.3967667818069458, 0.9068675637245178, 0.8981329202651978, -0.33352217078208923, -0.2865653336048126, 0.41616085171699524, 0.8551837205886841, 0.3089849054813385),
            ["Head"] = CFrame.new(-3.725290298461914e-08, -7.152557373046875e-07, -1.1920928955078125e-07, 0.9572669267654419, 0.21338015794754028, -0.1952153444290161, -0.13183525204658508, 0.9227530360221863, 0.3621412217617035, 0.2574091851711273, -0.32092952728271484, 0.9114519357681274),
            ["RightHand"] = CFrame.new(8.493661880493164e-07, 0.0000013709068298339844, -7.748603820800781e-07, 0.3629695475101471, 0.9089206457138062, 0.20522265136241913, -0.9180171489715576, 0.31107696890830994, 0.24591773748397827, 0.15967997908592224, -0.2776587903499603, 0.9473163485527039),
            ["UpperTorso"] = CFrame.new(1.1175870895385742e-08, 0, -5.960464477539063e-08, 0.9970553517341614, -0.004742166958749294, 0.07653874903917313, -0.04845372959971428, 0.7346495389938354, 0.6767142415046692, -0.059438250958919525, -0.6784303188323975, 0.7322565913200378),
            ["HumanoidRootPart"] = CFrame.new(0, 0, 0, 1, 0, 0, 0, 1, 0, 0, 0, 1),
            ["RightUpperLeg"] = CFrame.new(-2.9802322387695312e-08, -1.9371509552001953e-07, -1.6952981241047382e-09, 0.9725468754768372, -0.05772610008716583, -0.22543354332447052, 0.036699213087558746, 0.9946681261062622, -0.09637705236673355, 0.22979505360126495, 0.08545786887407303, 0.9694799184799194),
            ["LeftUpperArm"] = CFrame.new(0.029202759265899658, -0.023888468742370605, 0.0649651437997818, 0.9768928289413452, 0.06420685350894928, -0.20385858416557312, 0.09623857587575912, 0.7194971442222595, 0.6877947449684143, 0.19083672761917114, -0.6915211081504822, 0.6966922879219055),
            ["RightLowerArm"] = CFrame.new(2.980232238769531e-07, 6.556510925292969e-07, -0.000003680586814880371, 1, -0.00001914984932227526, 9.536744300930877e-07, 0.00001878663169918582, 0.9637759327888489, -0.26671329140663147, 0.000004086642093170667, 0.2667132616043091, 0.9637759327888489),
            ["LeftHand"] = CFrame.new(-0.0000014603137969970703, -4.76837158203125e-07, 2.086162567138672e-07, -0.788277268409729, 0.08367494493722916, -0.6096025109291077, 0.5839805006980896, 0.4138796627521515, -0.698335587978363, 0.1938706487417221, -0.9064779281616211, -0.3751163184642792),
            ["LeftFoot"] = CFrame.new(2.421438694000244e-08, 1.1920928955078125e-07, -1.1175870895385742e-07, 0.9829660654067993, 0.10372725874185562, -0.15171852707862854, -0.13482044637203217, 0.9679944515228271, -0.21168413758277893, 0.12490535527467728, 0.22853316366672516, 0.9654902815818787),
            ["LowerTorso"] = CFrame.new(-0.0032089478336274624, -0.14299380779266357, 0.4678090512752533, 0.971948504447937, 0.08903975784778595, 0.21768823266029358, -0.04301390051841736, 0.9772530794143677, -0.20766888558864594, -0.231227308511734, 0.19247987866401672, 0.9536694884300232),
            ["RightLowerLeg"] = CFrame.new(-2.482556737959385e-08, -0.0007264614105224609, 0.000046090986870694906, 1, 2.448797431497951e-07, -1.8370337784290314e-07, -5.299806105085736e-08, 0.6730675101280212, 0.7395811080932617, 3.126914691620186e-07, -0.7395811080932617, 0.6730674505233765),
            ["LeftUpperLeg"] = CFrame.new(2.9802322387695312e-08, 3.725290298461914e-09, -5.21540641784668e-08, 0.9916060566902161, -0.07894721627235413, 0.10239599645137787, 0.10424034297466278, 0.9566704034805298, -0.2718745470046997, -0.0764954462647438, 0.28026634454727173, 0.9568696022033691),
            ["LeftLowerLeg"] = CFrame.new(-2.2351741790771484e-08, -0.0007263422012329102, 0.00008085370063781738, 1, 5.96046660916727e-08, -1.862645149230957e-08, -5.21540641784668e-08, 0.6009608507156372, 0.7992786765098572, 6.332993507385254e-08, -0.7992786169052124, 0.6009606122970581),
        }},
        {Time = 0.033, Data = {
            ["RightFoot"] = CFrame.new(1.73225998878479e-07, 3.5762786865234375e-07, 2.7772330213338137e-08, 0.995173454284668, -0.009123231284320354, -0.09770671278238297, -0.041876811534166336, 0.8609747886657715, -0.5069209337234497, 0.08874772489070892, 0.5085658431053162, 0.8564371466636658),
            ["LeftLowerArm"] = CFrame.new(5.960464477539062e-07, 0, 0.00000461190938949585, 1, 3.874301341966202e-07, -3.9488082848038175e-07, -1.806765510536934e-07, -0.5647178888320923, -0.8252841234207153, -4.917382625535538e-07, 0.8252840638160706, -0.5647178888320923),
            ["RightUpperArm"] = CFrame.new(-0.029202163219451904, -0.02388620376586914, 0.06496620178222656, 0.09721922129392624, -0.3901338279247284, 0.9156110882759094, 0.8896872401237488, -0.37828508019447327, -0.25565090775489807, 0.4460999667644501, 0.8394616842269897, 0.31032097339630127),
            ["Head"] = CFrame.new(1.4901161193847656e-08, -3.5762786865234375e-07, 3.725290298461914e-08, 0.959334135055542, 0.20561471581459045, -0.1933925449848175, -0.13392256200313568, 0.9346489906311035, 0.32938745617866516, 0.24848105013370514, -0.29009294509887695, 0.9241771101951599),
            ["RightHand"] = CFrame.new(0.0000011622905731201172, 0.000001430511474609375, -8.344650268554688e-07, 0.3581237196922302, 0.9035485982894897, 0.23526014387607574, -0.9201257228851318, 0.29877033829689026, 0.2531893253326416, 0.15848083794116974, -0.30714234709739685, 0.9383751153945923),
            ["UpperTorso"] = CFrame.new(9.313225746154785e-09, -1.4901161193847656e-07, 5.448237061500549e-08, 0.9982329607009888, -0.012129455804824829, 0.058170467615127563, -0.030147165060043335, 0.7402222752571106, 0.6716861128807068, -0.05120645835995674, -0.672252893447876, 0.7385486960411072),
            ["HumanoidRootPart"] = CFrame.new(0, 0, 0, 1, 0, 0, 0, 1, 0, 0, 0, 1),
            ["RightUpperLeg"] = CFrame.new(2.9802322387695312e-08, -3.166496753692627e-07, -1.6952981241047382e-09, 0.978277325630188, -0.06276855617761612, -0.1975691318511963, 0.03939143940806389, 0.9919792413711548, -0.1201067715883255, 0.2035233974456787, 0.10971511155366898, 0.9729033708572388),
            ["LeftUpperArm"] = CFrame.new(0.029202699661254883, -0.0238875150680542, 0.06496530771255493, 0.9768746495246887, 0.047795966267585754, -0.20840242505073547, 0.11504337191581726, 0.7040780186653137, 0.7007417678833008, 0.18022458255290985, -0.7085123062133789, 0.6822971701622009),
            ["RightLowerArm"] = CFrame.new(4.172325134277344e-07, 7.152557373046875e-07, -0.0000036507844924926758, 1, -0.000019181517927790992, 9.31322801989154e-07, 0.00001877732756838668, 0.9645715355873108, -0.26382192969322205, 0.000004132278718316229, 0.2638217806816101, 0.9645714163780212),
            ["LeftHand"] = CFrame.new(-0.0000014975666999816895, 0, 1.7881393432617188e-07, -0.7945513725280762, 0.13065920770168304, -0.592970609664917, 0.593458354473114, 0.37367019057273865, -0.712867259979248, 0.12843403220176697, -0.9183130264282227, -0.37444114685058594),
            ["LeftFoot"] = CFrame.new(-3.166496753692627e-08, 2.384185791015625e-07, 2.9802322387695312e-08, 0.9804241061210632, 0.10593361407518387, -0.16597196459770203, -0.14442482590675354, 0.959841787815094, -0.2405104637145996, 0.13382872939109802, 0.25977301597595215, 0.9563514590263367),
            ["LowerTorso"] = CFrame.new(-0.008306139148771763, -0.14584064483642578, 0.47732797265052795, 0.9699223041534424, 0.0987941101193428, 0.22246472537517548, -0.05325089767575264, 0.9779135584831238, -0.20211243629455566, -0.23751874268054962, 0.1841868758201599, 0.953761100769043),
            ["RightLowerLeg"] = CFrame.new(-2.6309862732887268e-08, -0.0007262825965881348, 0.00004601974069373682, 1, 2.644956964559242e-07, -1.620501706156574e-07, -3.818422200652094e-08, 0.6542901992797852, 0.7562432289123535, 3.0361113090293657e-07, -0.7562437057495117, 0.6542906761169434),
            ["LeftUpperLeg"] = CFrame.new(0, -4.6566128730773926e-07, -7.450580596923828e-09, 0.9893538355827332, -0.0897625982761383, 0.1145504042506218, 0.11655406653881073, 0.9600645899772644, -0.2543447017669678, -0.08714518696069717, 0.26498836278915405, 0.9603057503700256),
            ["LeftLowerLeg"] = CFrame.new(-4.470348358154297e-08, -0.0007263422012329102, 0.00008100271224975586, 1, 8.940698137394065e-08, -1.4901164746561335e-08, -5.960463766996327e-08, 0.629460871219635, 0.7770320773124695, 7.450579886381092e-08, -0.7770323157310486, 0.6294611096382141),
        }},
        {Time = 0.050, Data = {
            ["RightFoot"] = CFrame.new(2.086162567138672e-07, 2.384185791015625e-07, -4.300818545743823e-08, 0.9911191463470459, -0.01040828600525856, -0.13256941735744476, -0.059662677347660065, 0.8561508655548096, -0.5132700204849243, 0.11884168535470963, 0.5166209936141968, 0.8479264378547668),
            ["LeftLowerArm"] = CFrame.new(7.748603820800781e-07, -4.76837158203125e-07, 0.000005185604095458984, 1, 3.5762769812208717e-07, -4.246832929766242e-07, -1.7136335372924805e-07, -0.5821695923805237, -0.8130673766136169, -5.327165126800537e-07, 0.8130673766136169, -0.5821698307991028),
            ["RightUpperArm"] = CFrame.new(-0.02920222282409668, -0.02388596534729004, 0.06496630609035492, 0.04119071364402771, -0.3948651850223541, 0.9178151488304138, 0.8767356872558594, -0.42628535628318787, -0.22274526953697205, 0.47920554876327515, 0.8138564825057983, 0.32863351702690125),
            ["Head"] = CFrame.new(4.470348358154297e-08, -7.152557373046875e-07, 7.82310962677002e-08, 0.9587656855583191, 0.19916507601737976, -0.2027355432510376, -0.13862717151641846, 0.9504806399345398, 0.2781530022621155, 0.24809451401233673, -0.23857900500297546, 0.9388979077339172),
            ["RightHand"] = CFrame.new(8.717179298400879e-07, 0.000001430511474609375, -8.940696716308594e-07, 0.3580968379974365, 0.8910614848136902, 0.27888360619544983, -0.921800434589386, 0.2898954451084137, 0.2573804259300232, 0.1484951376914978, -0.3492421805858612, 0.9251914620399475),
            ["UpperTorso"] = CFrame.new(5.587935447692871e-09, -2.682209014892578e-07, -9.918585419654846e-08, 0.9990260004997253, -0.018685657531023026, 0.039973534643650055, -0.012788507156074047, 0.7444173693656921, 0.6675921678543091, -0.04223150759935379, -0.6674530506134033, 0.743453323841095),
            ["HumanoidRootPart"] = CFrame.new(0, 0, 0, 1, 0, 0, 0, 1, 0, 0, 0, 1),
            ["RightUpperLeg"] = CFrame.new(0, -1.1175870895385742e-07, -3.894820110872388e-08, 0.9826585054397583, -0.06913968920707703, -0.1720525175333023, 0.04426116868853569, 0.9885221719741821, -0.14444713294506073, 0.18006469309329987, 0.13432686030864716, 0.974439799785614),
            ["LeftUpperArm"] = CFrame.new(0.02920287847518921, -0.023888111114501953, 0.06496529281139374, 0.9758440852165222, 0.036193761974573135, -0.21545006334781647, 0.13125813007354736, 0.6912076473236084, 0.7106356024742126, 0.17464154958724976, -0.7217492461204529, 0.6697599291801453),
            ["RightLowerArm"] = CFrame.new(2.086162567138672e-07, 2.384185791015625e-07, -0.000003606081008911133, 1, -0.000019175926354364492, 9.452924132347107e-07, 0.0000187670775630977, 0.9645294547080994, -0.2639755308628082, 0.000004109459950996097, 0.2639753818511963, 0.9645293951034546),
            ["LeftHand"] = CFrame.new(-0.0000014603137969970703, -2.384185791015625e-07, 2.9802322387695312e-08, -0.8028303980827332, 0.17348340153694153, -0.5704084038734436, 0.5922353863716125, 0.34230270981788635, -0.7294431924819946, 0.06870729476213455, -0.9234351515769958, -0.37755393981933594),
            ["LeftFoot"] = CFrame.new(1.1175870895385742e-08, 5.960464477539063e-08, 0, 0.9779762625694275, 0.11074326932430267, -0.1769137680530548, -0.1540580689907074, 0.9548830389976501, -0.2538987696170807, 0.140814408659935, 0.2755618095397949, 0.9509138464927673),
            ["LowerTorso"] = CFrame.new(-0.012489787302911282, -0.14896368980407715, 0.48850423097610474, 0.966152012348175, 0.11107483506202698, 0.23283657431602478, -0.06515055149793625, 0.9783598184585571, -0.1963859647512436, -0.2496115118265152, 0.1745692491531372, 0.9524808526039124),
            ["RightLowerLeg"] = CFrame.new(-9.546056389808655e-08, -0.0007264018058776855, 0.00004610402538673952, 1, 2.6542699060883024e-07, -1.7136336794010276e-07, -5.4016709327697754e-08, 0.6339590549468994, 0.7733666896820068, 2.849847078323364e-07, -0.7733666896820068, 0.6339591145515442),
            ["LeftUpperLeg"] = CFrame.new(8.940696716308594e-08, -2.5704503059387207e-07, -8.940696716308594e-08, 0.9871328473091125, -0.10598044097423553, 0.11973731219768524, 0.13294601440429688, 0.9600337147712708, -0.24629418551921844, -0.08884961903095245, 0.25904369354248047, 0.9617703557014465),
            ["LeftLowerLeg"] = CFrame.new(3.725290298461914e-08, -0.000726163387298584, 0.00008106231689453125, 1, 9.685756197086448e-08, -3.7252898543727042e-09, -7.078050145992165e-08, 0.6514864563941956, 0.7586603760719299, 5.960463056453591e-08, -0.7586602568626404, 0.6514863967895508),
        }},
        {Time = 0.067, Data = {
            ["RightFoot"] = CFrame.new(2.1513551473617554e-07, 2.384185791015625e-07, -1.3205863069742918e-08, 0.9863170981407166, -0.012255407869815826, -0.1644032895565033, -0.07577091455459595, 0.8519644141197205, -0.5180882811546326, 0.14641493558883667, 0.5234562158584595, 0.8393784761428833),
            ["LeftLowerArm"] = CFrame.new(9.5367431640625e-07, -3.5762786865234375e-07, 0.000004328787326812744, 1, 3.650781934538827e-07, -3.5762798233918147e-07, -2.5145706672446977e-07, -0.6013625860214233, -0.7989761233329773, -4.5448535956893465e-07, 0.7989761829376221, -0.6013628840446472),
            ["RightUpperArm"] = CFrame.new(-0.02920246124267578, -0.023886561393737793, 0.06496603786945343, -0.013184597715735435, -0.4026627540588379, 0.9152532815933228, 0.8579678535461426, -0.4746516942977905, -0.1964622437953949, 0.5135342478752136, 0.7826675772666931, 0.35173001885414124),
            ["Head"] = CFrame.new(-2.9802322387695312e-08, -7.152557373046875e-07, 1.1175870895385742e-08, 0.9559752941131592, 0.1943606734275818, -0.21985319256782532, -0.1448630839586258, 0.9641256928443909, 0.22243264317512512, 0.255198210477829, -0.1807916909456253, 0.9498359560966492),
            ["RightHand"] = CFrame.new(0.0000011390075087547302, 0.0000011920928955078125, -7.748603820800781e-07, 0.34469738602638245, 0.8972674608230591, 0.2758530378341675, -0.9278364777565002, 0.2810545265674591, 0.24520942568778992, 0.14248916506767273, -0.34046944975852966, 0.929396390914917),
            ["UpperTorso"] = CFrame.new(4.0978193283081055e-08, 5.960464477539063e-08, 1.862645149230957e-09, 0.9993354082107544, -0.025825858116149902, 0.025724492967128754, 0.0022081404458731413, 0.7473108172416687, 0.6644712090492249, -0.03638482466340065, -0.6639726161956787, 0.7468710541725159),
            ["HumanoidRootPart"] = CFrame.new(0, 0, 0, 1, 0, 0, 0, 1, 0, 0, 0, 1),
            ["RightUpperLeg"] = CFrame.new(-2.9802322387695312e-08, -8.940696716308594e-08, 4.300818545743823e-08, 0.9859046936035156, -0.07417977601289749, -0.14996418356895447, 0.04936583340167999, 0.9854087233543396, -0.16288845241069794, 0.15985913574695587, 0.15318942070007324, 0.9751811027526855),
            ["LeftUpperArm"] = CFrame.new(0.029202640056610107, -0.0238877534866333, 0.06496520340442657, 0.9741142392158508, 0.026622002944350243, -0.22448433935642242, 0.14767858386039734, 0.676899254322052, 0.7211090326309204, 0.17115065455436707, -0.7355941534042358, 0.6554453372955322),
            ["RightLowerArm"] = CFrame.new(3.2782554626464844e-07, 5.960464477539062e-07, -0.000003643333911895752, 1, -0.000019188619262422435, 9.819633532970329e-07, 0.000018761027604341507, 0.9643348455429077, -0.26468539237976074, 0.000004137400537729263, 0.2646852433681488, 0.9643349051475525),
            ["LeftHand"] = CFrame.new(-0.0000014156103134155273, -4.76837158203125e-07, 2.384185791015625e-07, -0.8141127824783325, 0.2058819681406021, -0.5429839491844177, 0.5804768800735474, 0.31482863426208496, -0.7509532570838928, 0.016340363770723343, -0.9265503287315369, -0.37581589818000793),
            ["LeftFoot"] = CFrame.new(-7.078051567077637e-08, 5.960464477539063e-08, 7.450580596923828e-09, 0.976237416267395, 0.11136981844902039, -0.1858961433172226, -0.15791726112365723, 0.9530624151229858, -0.25832971930503845, 0.14840035140514374, 0.2815474271774292, 0.9480023384094238),
            ["LowerTorso"] = CFrame.new(-0.014892518520355225, -0.15097689628601074, 0.49797144532203674, 0.9620258212089539, 0.12308476865291595, 0.2436320185661316, -0.07646487653255463, 0.9783463478088379, -0.19233235716819763, -0.26202961802482605, 0.16639941930770874, 0.9506059885025024),
            ["RightLowerLeg"] = CFrame.new(-4.377216100692749e-08, -0.0007262825965881348, 0.00004610030009644106, 1, 2.3725451114842144e-07, -1.1734667282325972e-07, -3.725290298461914e-08, 0.6172804832458496, 0.7867431044578552, 3.1851232051849365e-07, -0.7867432236671448, 0.6172804832458496),
            ["LeftUpperLeg"] = CFrame.new(5.960464477539063e-08, -1.6391277313232422e-07, -7.450580596923828e-09, 0.9852210283279419, -0.12153899669647217, 0.12069761008024216, 0.14763818681240082, 0.9598268866539001, -0.23861166834831238, -0.08684808015823364, 0.2529047727584839, 0.963585376739502),
            ["LeftLowerLeg"] = CFrame.new(2.2351741790771484e-08, -0.0007263422012329102, 0.00008100271224975586, 1, 4.470348358154297e-08, -2.2351738238057806e-08, -6.705523247774181e-08, 0.67235267162323, 0.7402310371398926, 5.2154071283894154e-08, -0.7402310371398926, 0.6723527312278748),
        }},
        {Time = 0.083, Data = {
            ["RightFoot"] = CFrame.new(1.434236764907837e-07, 3.5762786865234375e-07, 1.8423452274873853e-07, 0.9808073043823242, -0.014281980693340302, -0.19445635378360748, -0.09104038029909134, 0.8483784794807434, -0.5215032696723938, 0.17242074012756348, 0.529197633266449, 0.8307954668998718),
            ["LeftLowerArm"] = CFrame.new(8.046627044677734e-07, 5.960464477539063e-08, 0.000005230307579040527, 1, 3.27825517842939e-07, -2.607704345791717e-07, -2.1234157543403853e-07, -0.6215509176254272, -0.7833734750747681, -4.954636665388534e-07, 0.7833737730979919, -0.6215512752532959),
            ["RightUpperArm"] = CFrame.new(-0.029202282428741455, -0.023886919021606445, 0.06496618688106537, -0.06159529462456703, -0.40734556317329407, 0.9111945629119873, 0.833950400352478, -0.5225984454154968, -0.17725154757499695, 0.5483911037445068, 0.74897301197052, 0.3718957006931305),
            ["Head"] = CFrame.new(7.450580596923828e-09, -0.0000011920928955078125, -1.4901161193847656e-07, 0.9532118439674377, 0.184688001871109, -0.2393273413181305, -0.14700980484485626, 0.9749608635902405, 0.16685107350349426, 0.26415011286735535, -0.12386111915111542, 0.9564952254295349),
            ["RightHand"] = CFrame.new(8.288770914077759e-07, 0.0000011324882507324219, -7.674098014831543e-07, 0.3395313620567322, 0.9113022685050964, 0.23290880024433136, -0.9296227693557739, 0.287409245967865, 0.2306460738182068, 0.14324817061424255, -0.29482927918434143, 0.9447518587112427),
            ["UpperTorso"] = CFrame.new(2.60770320892334e-08, -1.4901161193847656e-07, -1.210719347000122e-07, 0.9994937181472778, -0.02978380024433136, 0.011196569539606571, 0.01482016034424305, 0.7471439242362976, 0.6644971966743469, -0.028156477957963943, -0.6639946103096008, 0.7472068667411804),
            ["HumanoidRootPart"] = CFrame.new(0, 0, 0, 1, 0, 0, 0, 1, 0, 0, 0, 1),
            ["RightUpperLeg"] = CFrame.new(0, -2.3096799850463867e-07, -3.894820110872388e-08, 0.9883022308349609, -0.07705482095479965, -0.13161037862300873, 0.05384141206741333, 0.9836913347244263, -0.17161713540554047, 0.14268799126148224, 0.16252337396144867, 0.9763330817222595),
            ["LeftUpperArm"] = CFrame.new(0.029202759265899658, -0.023888587951660156, 0.06496530771255493, 0.9719983339309692, 0.015049184672534466, -0.23450633883476257, 0.16613225638866425, 0.6617707014083862, 0.7310675978660583, 0.1661909818649292, -0.749555230140686, 0.640739381313324),
            ["RightLowerArm"] = CFrame.new(-1.1920928955078125e-07, 6.556510925292969e-07, -0.000003635883331298828, 1, -0.00001918128691613674, 9.778889307199279e-07, 0.00001875939778983593, 0.9643276929855347, -0.26471146941185, 0.00000413600355386734, 0.2647114098072052, 0.9643277525901794),
            ["LeftHand"] = CFrame.new(-0.0000014677643775939941, -6.556510925292969e-07, 2.980232238769531e-07, -0.8220699429512024, 0.22677549719810486, -0.5222762227058411, 0.5688359141349792, 0.28676825761795044, -0.7708377838134766, -0.025033947080373764, -0.9307721853256226, -0.3647419512271881),
            ["LeftFoot"] = CFrame.new(-4.284083843231201e-08, 5.960464477539063e-08, 2.2351741790771484e-08, 0.9749895334243774, 0.11207451671361923, -0.19192343950271606, -0.16012217104434967, 0.9530874490737915, -0.2568759322166443, 0.1541306972503662, 0.28118273615837097, 0.9471959471702576),
            ["LowerTorso"] = CFrame.new(-0.01629430241882801, -0.15206396579742432, 0.504738450050354, 0.9573816657066345, 0.13440950214862823, 0.25564509630203247, -0.08587531000375748, 0.977558434009552, -0.19236698746681213, -0.27576392889022827, 0.16221505403518677, 0.9474389553070068),
            ["RightLowerLeg"] = CFrame.new(7.450580596923828e-09, -0.0007264614105224609, 0.00004609843745129183, 1, 2.6263307972840266e-07, -1.192093463942001e-07, -4.470347292340193e-08, 0.605505108833313, 0.7958412170410156, 3.464519124918297e-07, -0.7958414554595947, 0.6055054068565369),
            ["LeftUpperLeg"] = CFrame.new(0, -2.384185791015625e-07, -6.705522537231445e-08, 0.9838593006134033, -0.1362743228673935, 0.11597538739442825, 0.1602151244878769, 0.9594973921775818, -0.23172402381896973, -0.07969995588064194, 0.24656477570533752, 0.9658435583114624),
            ["LeftLowerLeg"] = CFrame.new(2.2351741790771484e-08, -0.0007262229919433594, 0.00008085370063781738, 1, 6.705523247774181e-08, -2.6077035641947077e-08, -6.705521116145974e-08, 0.6881610155105591, 0.7255579829216003, 7.450578820566989e-09, -0.7255580425262451, 0.6881609559059143),
        }},
        {Time = 0.100, Data = {
            ["RightFoot"] = CFrame.new(1.601874828338623e-07, 2.980232238769531e-07, 1.6596459317952394e-08, 0.9759774208068848, -0.01584843173623085, -0.2172946333885193, -0.1031123548746109, 0.844983696937561, -0.5247575640678406, 0.1919270157814026, 0.5345571041107178, 0.823050856590271),
            ["LeftLowerArm"] = CFrame.new(0.0000010728836059570312, -1.1920928955078125e-07, 0.0000050067901611328125, 1, 3.3527621212670056e-07, -3.27825517842939e-07, -1.7136336794010276e-07, -0.6408692598342896, -0.7676501274108887, -4.991889568373153e-07, 0.7676500678062439, -0.6408692002296448),
            ["RightUpperArm"] = CFrame.new(-0.02920234203338623, -0.023886680603027344, 0.06496593356132507, -0.10474202781915665, -0.4087018668651581, 0.9066376090049744, 0.8071842193603516, -0.5674754977226257, -0.16255904734134674, 0.5809326767921448, 0.714796781539917, 0.3893364667892456),
            ["Head"] = CFrame.new(1.4901161193847656e-08, -0.0000010728836059570312, -1.0803341865539551e-07, 0.951315701007843, 0.1727534532546997, -0.2552541494369507, -0.1490429937839508, 0.9827345609664917, 0.10963141173124313, 0.2697862982749939, -0.06625000387430191, 0.9606384634971619),
            ["RightHand"] = CFrame.new(8.773058652877808e-07, 0.0000014901161193847656, -8.419156074523926e-07, 0.34231892228126526, 0.919681191444397, 0.19236430525779724, -0.9279825091362, 0.298857718706131, 0.22255954146385193, 0.14719454944133759, -0.25469735264778137, 0.9557527899742126),
            ["UpperTorso"] = CFrame.new(-6.705522537231445e-08, -1.4901161193847656e-07, 4.0046870708465576e-08, 0.9993380904197693, -0.03635488450527191, -0.001351017621345818, 0.027974694967269897, 0.7441800236701965, 0.667392909526825, -0.023257741704583168, -0.6669892072677612, 0.7447046637535095),
            ["HumanoidRootPart"] = CFrame.new(0, 0, 0, 1, 0, 0, 0, 1, 0, 0, 0, 1),
            ["RightUpperLeg"] = CFrame.new(-5.960464477539063e-08, -3.91155481338501e-07, 2.8107024263590574e-08, 0.9899868369102478, -0.080680713057518, -0.11583055555820465, 0.059639617800712585, 0.9827919006347656, -0.17482368648052216, 0.1279422640800476, 0.16616511344909668, 0.977762758731842),
            ["LeftUpperArm"] = CFrame.new(0.029202699661254883, -0.023888587951660156, 0.0649649053812027, 0.9704188704490662, 0.0013010561233386397, -0.2414245754480362, 0.18348924815654755, 0.64591383934021, 0.7410309314727783, 0.15690408647060394, -0.7634093165397644, 0.6265679001808167),
            ["RightLowerArm"] = CFrame.new(3.8743019104003906e-07, 5.960464477539062e-07, -0.0000035745324566960335, 1, -0.000019193044863641262, 9.62987428465567e-07, 0.000018767776055028662, 0.9645178914070129, -0.2640175521373749, 0.000004132626600039657, 0.2640175521373749, 0.9645178914070129),
            ["LeftHand"] = CFrame.new(-0.000001385807991027832, -7.748603820800781e-07, 4.470348358154297e-07, -0.8256227970123291, 0.24044877290725708, -0.5104210376739502, 0.5614599585533142, 0.2607104480266571, -0.7853628396987915, -0.0557660236954689, -0.9349943399429321, -0.350250780582428),
            ["LeftFoot"] = CFrame.new(-5.029141902923584e-08, 1.1920928955078125e-07, 3.725290298461914e-08, 0.9745079874992371, 0.11264834553003311, -0.1940222978591919, -0.161029651761055, 0.9533635973930359, -0.25527894496917725, 0.1562170386314392, 0.28001460433006287, 0.9472001194953918),
            ["LowerTorso"] = CFrame.new(-0.01785964146256447, -0.15262210369110107, 0.5083239674568176, 0.953742504119873, 0.1456587314605713, 0.26298055052757263, -0.09501777589321136, 0.9759932160377502, -0.19598188996315002, -0.2852136790752411, 0.1619284301996231, 0.9446863532066345),
            ["RightLowerLeg"] = CFrame.new(-1.257285475730896e-07, -0.0007262229919433594, 0.00004606490983860567, 1, 2.384186927884002e-07, -1.192093463942001e-07, -3.352760202801619e-08, 0.5951955914497375, 0.8035808205604553, 3.5762775496550603e-07, -0.8035808205604553, 0.5951957702636719),
            ["LeftUpperLeg"] = CFrame.new(0, -2.3096799850463867e-07, 2.2351741790771484e-08, 0.9824541807174683, -0.15012818574905396, 0.1106584221124649, 0.1715673804283142, 0.9601582884788513, -0.2205916792154312, -0.0731324553489685, 0.23570673167705536, 0.969068706035614),
            ["LeftLowerLeg"] = CFrame.new(5.21540641784668e-08, -0.0007264614105224609, 0.0000810474157333374, 1, 1.0430814256778831e-07, -2.2351745343485163e-08, -3.3527619791584584e-08, 0.7020000219345093, 0.7121770977973938, 1.4901164746561335e-08, -0.7121769189834595, 0.701999843120575),
        }},
        {Time = 0.117, Data = {
            ["RightFoot"] = CFrame.new(1.7881393432617188e-07, 3.5762786865234375e-07, -5.75528247281909e-09, 0.9706662893295288, -0.01759084314107895, -0.2397867888212204, -0.11522014439105988, 0.8413078784942627, -0.5281341075897217, 0.21102482080459595, 0.5402699112892151, 0.814602255821228),
            ["LeftLowerArm"] = CFrame.new(8.344650268554688e-07, -1.1920928955078125e-07, 0.000004410743713378906, 1, 2.682208730675484e-07, -3.7252908668961027e-07, -2.0489096641540527e-07, -0.6577516198158264, -0.7532350420951843, -3.986060619354248e-07, 0.7532349228858948, -0.6577515006065369),
            ["RightUpperArm"] = CFrame.new(-0.029202401638031006, -0.023887038230895996, 0.06496633589267731, -0.14503681659698486, -0.40909087657928467, 0.9008932709693909, 0.7791833877563477, -0.6083801984786987, -0.15081962943077087, 0.6097849011421204, 0.6800870299339294, 0.4069947898387909),
            ["Head"] = CFrame.new(-2.2351741790771484e-08, -0.0000010728836059570312, 1.2665987014770508e-07, 0.9502339959144592, 0.1608756184577942, -0.26678523421287537, -0.15161031484603882, 0.9869027137756348, 0.055112481117248535, 0.2721574008464813, -0.011922335252165794, 0.9621788859367371),
            ["RightHand"] = CFrame.new(0.000001385807991027832, 0.0000012516975402832031, -6.258487701416016e-07, 0.3412824273109436, 0.9236491322517395, 0.17435185611248016, -0.9285709857940674, 0.30250784754753113, 0.21504634618759155, 0.14588484168052673, -0.2352900356054306, 0.9609144330024719),
            ["UpperTorso"] = CFrame.new(-1.1175870895385742e-08, 0, -5.774199962615967e-08, 0.999001681804657, -0.04117482528090477, -0.01733149215579033, 0.04212085157632828, 0.7388728857040405, 0.6725269556045532, -0.014885489828884602, -0.672585666179657, 0.7398696541786194),
            ["HumanoidRootPart"] = CFrame.new(0, 0, 0, 1, 0, 0, 0, 1, 0, 0, 0, 1),
            ["RightUpperLeg"] = CFrame.new(-1.1920928955078125e-07, 4.0978193283081055e-08, 1.3205863069742918e-08, 0.9911894202232361, -0.08300624787807465, -0.10321671515703201, 0.06444024294614792, 0.983034074306488, -0.17173083126544952, 0.1157202422618866, 0.16356651484966278, 0.9797217845916748),
            ["LeftUpperArm"] = CFrame.new(0.029202699661254883, -0.023888468742370605, 0.06496542692184448, 0.9696497917175293, -0.013870229944586754, -0.24410519003868103, 0.19801612198352814, 0.6301864981651306, 0.7507690191268921, 0.14341886341571808, -0.7763199806213379, 0.6138065457344055),
            ["RightLowerArm"] = CFrame.new(5.364418029785156e-07, 5.960464477539062e-07, -0.0000035241246223449707, 1, -0.00001919130045280326, 9.57399947765225e-07, 0.000018780121536110528, 0.9646178483963013, -0.26365241408348083, 0.000004131347395741614, 0.26365232467651367, 0.9646178483963013),
            ["LeftHand"] = CFrame.new(-0.000001475214958190918, -5.960464477539062e-07, 3.2782554626464844e-07, -0.8272022604942322, 0.2500625550746918, -0.503193199634552, 0.556270182132721, 0.23793883621692657, -0.7962100505828857, -0.0793720930814743, -0.9385382533073425, -0.3359258472919464),
            ["LeftFoot"] = CFrame.new(-1.1175870895385742e-08, 2.980232238769531e-07, -7.450580596923828e-08, 0.9741279482841492, 0.11247431486845016, -0.1960211843252182, -0.16143418848514557, 0.9533014297485352, -0.25525593757629395, 0.15815745294094086, 0.2802963852882385, 0.9467946887016296),
            ["LowerTorso"] = CFrame.new(-0.018934182822704315, -0.15371477603912354, 0.5110807418823242, 0.9494138956069946, 0.1568816751241684, 0.27203214168548584, -0.10253321379423141, 0.9736575484275818, -0.2036617547273636, -0.2968169152736664, 0.16546699404716492, 0.9404894709587097),
            ["RightLowerLeg"] = CFrame.new(-1.0617077350616455e-07, -0.0007262825965881348, 0.00004611706390278414, 1, 2.980233659855003e-07, -1.5646224937881925e-07, -2.980232594040899e-08, 0.5861417651176453, 0.8102084994316101, 2.5518241386635054e-07, -0.8102084994316101, 0.58614182472229),
            ["LeftUpperLeg"] = CFrame.new(5.960464477539063e-08, 0, -8.195638656616211e-08, 0.9813079833984375, -0.1628119945526123, 0.10260085016489029, 0.18118144571781158, 0.961334764957428, -0.20738554000854492, -0.06486890465021133, 0.22209860384464264, 0.972864031791687),
            ["LeftLowerLeg"] = CFrame.new(-5.960464477539063e-08, -0.0007262825965881348, 0.00008095800876617432, 1, 7.450581307466564e-08, 7.450581485102248e-09, -4.842877388000488e-08, 0.7136474847793579, 0.7005050778388977, -2.2351741790771484e-08, -0.7005050182342529, 0.7136474847793579),
        }},
        {Time = 0.133, Data = {
            ["RightFoot"] = CFrame.new(1.6205012798309326e-07, 2.384185791015625e-07, -4.300818545743823e-08, 0.9680247902870178, -0.01713089644908905, -0.2502690553665161, -0.12279494106769562, 0.8376046419143677, -0.5322966575622559, 0.21874533593654633, 0.5460083484649658, 0.8087185621261597),
            ["LeftLowerArm"] = CFrame.new(9.834766387939453e-07, -3.5762786865234375e-07, 0.000005498528480529785, 1, 2.3841855067985307e-07, -4.3213378830841975e-07, -1.8440184135215532e-07, -0.6732456684112549, -0.7394188642501831, -4.5448535956893465e-07, 0.7394189834594727, -0.6732457876205444),
            ["RightUpperArm"] = CFrame.new(-0.029202282428741455, -0.023886680603027344, 0.06496608257293701, -0.1827683448791504, -0.4096123278141022, 0.8937634229660034, 0.7518439292907715, -0.6440006494522095, -0.14139972627162933, 0.6335033774375916, 0.6461275815963745, 0.425667941570282),
            ["Head"] = CFrame.new(2.2351741790771484e-08, -9.5367431640625e-07, -7.82310962677002e-08, 0.950059711933136, 0.14764012396335602, -0.27493447065353394, -0.15154911577701569, 0.9884243607521057, 0.0070934840478003025, 0.27279913425445557, 0.034926481544971466, 0.9614368677139282),
            ["RightHand"] = CFrame.new(0.0000012628734111785889, 0.0000011920928955078125, -7.301568984985352e-07, 0.342366486787796, 0.9253481030464172, 0.16283784806728363, -0.9287611246109009, 0.3070986866950989, 0.20758843421936035, 0.1420847624540329, -0.22230882942676544, 0.9645677804946899),
            ["UpperTorso"] = CFrame.new(3.3527612686157227e-08, -8.940696716308594e-08, 1.955777406692505e-08, 0.998286247253418, -0.052502986043691635, -0.025846529752016068, 0.056247152388095856, 0.7389518022537231, 0.6714064478874207, -0.01615138351917267, -0.6717094779014587, 0.7406384944915771),
            ["HumanoidRootPart"] = CFrame.new(0, 0, 0, 1, 0, 0, 0, 1, 0, 0, 0, 1),
            ["RightUpperLeg"] = CFrame.new(5.960464477539063e-08, -3.203749656677246e-07, 5.790934665128589e-08, 0.9919381737709045, -0.08950477838516235, -0.0897088423371315, 0.07233218103647232, 0.9811625480651855, -0.1791318953037262, 0.10405200719833374, 0.17119862139225006, 0.9797265529632568),
            ["LeftUpperArm"] = CFrame.new(0.029202818870544434, -0.023888230323791504, 0.064965158700943, 0.9690608978271484, -0.03154006600379944, -0.24479994177818298, 0.212197944521904, 0.6130350828170776, 0.7610253691673279, 0.12606793642044067, -0.7894260287284851, 0.6007606983184814),
            ["RightLowerArm"] = CFrame.new(4.76837158203125e-07, 5.960464477539062e-07, -0.000003680586814880371, 1, -0.000019261618945165537, 9.518117849438568e-07, 0.000018775463104248047, 0.9645361304283142, -0.26395130157470703, 0.0000041369348764419556, 0.2639511823654175, 0.9645360708236694),
            ["LeftHand"] = CFrame.new(-0.0000017583370208740234, -5.960464477539062e-07, 3.5762786865234375e-07, -0.8302906155586243, 0.2581021189689636, -0.49396345019340515, 0.5486225485801697, 0.22243788838386536, -0.8059380650520325, -0.09813711047172546, -0.9401620626449585, -0.3262883722782135),
            ["LeftFoot"] = CFrame.new(-1.1175870895385742e-08, 5.960464477539063e-08, -2.9802322387695312e-08, 0.9737436175346375, 0.11201033741235733, -0.19818465411663055, -0.16224685311317444, 0.9521428942680359, -0.2590368390083313, 0.15968507528305054, 0.2843902111053467, 0.9453163146972656),
