return {
    ["Buffalo Ranch"] = {
        {Time = 0.000, Data = {
            ["LeftFoot"] = CFrame.new(-7.737230589555111e-08, 0, 3.799868864007294e-09, 0.9878078103065491, -0.1556113362312317, 0.004588456358760595, 0.14447295665740967, 0.9053249955177307, -0.39939260482788086, 0.05799584090709686, 0.39518603682518005, 0.9167686104774475),
            ["LeftLowerArm"] = CFrame.new(-2.9802322387695312e-08, 4.76837158203125e-07, -6.705522537231445e-08, 1, -1.4901161193847656e-08, -9.313225746154785e-09, 5.215404996761208e-08, 0.9659258723258972, -0.2588191330432892, -7.450578820566989e-09, 0.2588191032409668, 0.9659258723258972),
            ["LowerTorso"] = CFrame.new(0, -0.20500004291534424, 0, 0.9622501730918884, 0.08715569972991943, -0.25783419609069824, -0.08418594300746918, 0.9961947202682495, 0.022557562217116356, 0.2588190734386444, -5.6806133130749e-09, 0.9659258127212524),
            ["Head"] = CFrame.new(9.41421163247469e-09, 1.1920928955078125e-07, -5.822489157480959e-10, 0.9779263734817505, -0.1334446221590042, 0.1607871949672699, 0.13531582057476044, 0.9908022880554199, -0.0006943072658032179, -0.15921568870544434, 0.022436045110225677, 0.9869889616966248),
            ["RightUpperArm"] = CFrame.new(0, 2.384185791015625e-07, -5.587935447692871e-09, 0.5002273321151733, -0.015932846814393997, -0.8657475709915161, 0.09543301910161972, 0.9947541952133179, 0.0368339978158474, 0.860619068145752, -0.10104627907276154, 0.499123752117157),
            ["UpperTorso"] = CFrame.new(-4.529504771255688e-09, -5.662441253662109e-07, -4.864013192218408e-09, 0.9915716648101807, -0.09992347657680511, 0.08246874064207077, 0.10177388787269592, 0.9946348667144775, -0.018537502735853195, -0.08017385751008987, 0.026774413883686066, 0.996421217918396),
            ["HumanoidRootPart"] = CFrame.new(0, 0, 0, 1, 0, 0, 0, 1, 0, 0, 0, 1),
            ["RightHand"] = CFrame.new(-2.9802322387695312e-08, -1.1920928955078125e-07, 2.60770320892334e-07, 0.8061321377754211, -0.30892783403396606, 0.5046926140785217, 0.2854650318622589, 0.9501215815544128, 0.12561392784118652, -0.5183250904083252, 0.04281060770153999, 0.8541115522384644),
            ["LeftUpperArm"] = CFrame.new(5.960464477539063e-08, -1.1920928955078125e-07, -1.6763806343078613e-08, 0.965068519115448, 0.21754489839076996, -0.14600341022014618, -0.14160659909248352, 0.901967465877533, 0.4079243242740631, 0.22043223679065704, -0.3729998767375946, 0.9012662172317505),
            ["RightLowerArm"] = CFrame.new(-5.960464477539063e-08, 1.1920928955078125e-07, -1.1175870895385742e-07, 1, -1.043081283569336e-07, 5.960464477539063e-08, 8.800997619573536e-08, 0.25881898403167725, -0.965925931930542, 4.63332909816927e-08, 0.9659258723258972, 0.25881895422935486),
            ["LeftHand"] = CFrame.new(8.940696716308594e-08, 5.960464477539063e-08, 4.842877388000488e-08, 0.9541912078857422, -0.29291224479675293, -0.06100526824593544, 0.28805509209632874, 0.9544830322265625, -0.07737214863300323, 0.08089179545640945, 0.05625498667359352, 0.9951341152191162),
            ["RightUpperLeg"] = CFrame.new(0, -1.6439450689631485e-07, -1.6952981241047382e-09, 0.9346362948417664, -0.34796959161758423, -0.07329477369785309, 0.21272839605808258, 0.7122742533683777, -0.6688887476921082, 0.28495898842811584, 0.6095757484436035, 0.7397403717041016),
            ["LeftUpperLeg"] = CFrame.new(0, -3.3106874752775184e-07, 0, 0.8214792609214783, 0.2638111114501953, 0.505544900894165, -0.0739813968539238, 0.9283631443977356, -0.3642372488975525, -0.5654188990592957, 0.2618124783039093, 0.7821481227874756),
            ["RightLowerLeg"] = CFrame.new(-7.450580596923828e-08, -0.000003993511199951172, -0.000013364646292757243, 1, -1.5087421445514337e-07, -7.450580596923828e-08, 1.4156101713069802e-07, 0.5540379285812378, 0.8324912190437317, -1.4156101713069802e-07, -0.8324915170669556, 0.5540382266044617),
            ["RightFoot"] = CFrame.new(-3.108652890659869e-08, 2.384185791015625e-07, 1.9426806829869747e-08, 0.9898666143417358, 0.13966378569602966, 0.025654828175902367, -0.12726008892059326, 0.9526705145835876, -0.27608659863471985, -0.06300003826618195, 0.27002429962158203, 0.9607903957366943),
            ["LeftLowerLeg"] = CFrame.new(-5.960464477539063e-08, 0.000003874301910400391, 0.000013276934623718262, 1, -6.036133726183834e-08, 2.6077035641947077e-08, 2.9802322387695312e-08, 0.6858803629875183, 0.727714478969574, 4.842877388000488e-08, -0.7277143597602844, 0.6858802437782288),
        }},
        {Time = 0.033, Data = {
            ["LeftFoot"] = CFrame.new(1.4537818060489371e-08, 0, -2.4248492991318926e-08, 0.988274097442627, -0.152638241648674, 0.004005283582955599, 0.14232859015464783, 0.9113917350769043, -0.38614487648010254, 0.055290237069129944, 0.3821868598461151, 0.9224295616149902),
            ["LeftLowerArm"] = CFrame.new(2.9802322387695312e-08, 5.960464477539063e-08, -5.960464477539063e-08, 1, -2.2351745343485163e-08, 5.587935447692871e-09, 2.9802322387695312e-08, 0.9537581205368042, -0.3005754351615906, -1.4901161193847656e-08, 0.3005754053592682, 0.9537580609321594),
            ["LowerTorso"] = CFrame.new(0, -0.19459998607635498, 0, 0.9655492901802063, 0.08417373150587082, -0.24623064696788788, -0.08139881491661072, 0.9964509010314941, 0.02144506759941578, 0.2471618801355362, -0.0006633853772655129, 0.9689739942550659),
            ["Head"] = CFrame.new(2.201431925641373e-09, 1.1920928955078125e-07, -3.6561687011271715e-10, 0.9793155193328857, -0.13362348079681396, 0.1519409716129303, 0.13229286670684814, 0.9910308718681335, 0.018879197537899017, -0.15310096740722656, 0.0016120437067002058, 0.9882093071937561),
            ["RightUpperArm"] = CFrame.new(-5.960464477539063e-08, 2.384185791015625e-07, 5.587935447692871e-09, 0.5231099128723145, -0.004427650477737188, -0.8522537350654602, 0.13515707850456238, 0.9877629280090332, 0.07782718539237976, 0.8414800763130188, -0.1559002548456192, 0.5173070430755615),
            ["UpperTorso"] = CFrame.new(1.2951204553246498e-08, 4.172325134277344e-07, 1.9208528101444244e-09, 0.9921942949295044, -0.09673856198787689, 0.07869095355272293, 0.09843045473098755, 0.9949829578399658, -0.017903517931699753, -0.07656418532133102, 0.02550932578742504, 0.9967383146286011),
            ["HumanoidRootPart"] = CFrame.new(0, 0, 0, 1, 0, 0, 0, 1, 0, 0, 0, 1),
            ["RightHand"] = CFrame.new(2.9802322387695312e-08, 5.960464477539063e-08, 1.4901161193847656e-07, 0.818649172782898, -0.22508810460567474, 0.5283455848693848, 0.2050849199295044, 0.9739117622375488, 0.09713978320360184, -0.5364269614219666, 0.02883228473365307, 0.8434541821479797),
            ["LeftUpperArm"] = CFrame.new(1.1920928955078125e-07, 0, -1.210719347000122e-08, 0.9656677842140198, 0.23346155881881714, -0.11393624544143677, -0.16830943524837494, 0.8963488340377808, 0.4101593792438507, 0.19788311421871185, -0.37690114974975586, 0.9048689603805542),
            ["RightLowerArm"] = CFrame.new(1.1920928955078125e-07, -2.384185791015625e-07, -1.7881393432617188e-07, 1, -8.195637946073475e-08, 7.82310962677002e-08, 5.145557224750519e-08, 0.11427993327379227, -0.9934486150741577, 9.12696123123169e-08, 0.9934486746788025, 0.11427994072437286),
            ["LeftHand"] = CFrame.new(2.2351741790771484e-08, -2.980232238769531e-07, 5.21540641784668e-08, 0.9554843306541443, -0.2911408245563507, -0.047820210456848145, 0.28790926933288574, 0.9554802179336548, -0.0645439475774765, 0.06448262184858322, 0.04790285974740982, 0.9967685341835022),
            ["RightUpperLeg"] = CFrame.new(0, 6.480695446953177e-08, 5.75528247281909e-09, 0.9352222084999084, -0.34570980072021484, -0.07644837349653244, 0.2135896384716034, 0.7230750322341919, -0.6569187641143799, 0.2823811173439026, 0.5980362296104431, 0.7500755190849304),
            ["LeftUpperLeg"] = CFrame.new(0, 1.6338162822648883e-07, 2.2351741790771484e-08, 0.8278146386146545, 0.2565518021583557, 0.4989028573036194, -0.07358932495117188, 0.9312815070152283, -0.35679036378860474, -0.5561542510986328, 0.2586423456668854, 0.7898080348968506),
            ["RightLowerLeg"] = CFrame.new(7.450580596923828e-08, -0.000003874301910400391, -0.000013200733519624919, 1, -1.8440184135215532e-07, -8.940699558479537e-08, 1.1175869474300271e-07, 0.562838077545166, 0.8265668749809265, -7.450579886381092e-08, -0.8265671730041504, 0.5628385543823242),
            ["RightFoot"] = CFrame.new(-4.668254405260086e-08, 2.384185791015625e-07, -3.672175807878375e-08, 0.9892683625221252, 0.14425665140151978, 0.023198114708065987, -0.13125886023044586, 0.9471864104270935, -0.2925899922847748, -0.06418105214834213, 0.2864055633544922, 0.9559566378593445),
            ["LeftLowerLeg"] = CFrame.new(1.341104507446289e-07, 0.000003814697265625, 0.000013202428817749023, 1, 1.8894203890340577e-07, -1.4901157641133977e-08, -1.4901162614933128e-07, 0.7032326459884644, 0.7109599113464355, 7.078052277620372e-08, -0.7109599709510803, 0.7032325267791748),
        }},
        {Time = 0.067, Data = {
            ["LeftFoot"] = CFrame.new(-3.240938895032741e-08, 0, -8.429196896031499e-09, 0.9894029498100281, -0.14517433941364288, 0.002530782949179411, 0.13666172325611115, 0.9252166748046875, -0.3539743721485138, 0.049046702682971954, 0.3505690097808838, 0.935251772403717),
            ["LeftLowerArm"] = CFrame.new(6.854534149169922e-07, 5.960464477539063e-08, -3.725290298461914e-08, 1, -1.4901161193847656e-08, 2.2351738238057806e-08, 7.450581485102248e-09, 0.9171801209449768, -0.39847296476364136, 2.980232594040899e-08, 0.39847302436828613, 0.9171801209449768),
            ["LowerTorso"] = CFrame.new(0, -0.1698000431060791, 0, 0.9739846587181091, 0.07415163516998291, -0.2141387164592743, -0.07177063077688217, 0.9972423911094666, 0.018883362412452698, 0.21494843065738678, -0.0030232358258217573, 0.9766207337379456),
            ["Head"] = CFrame.new(-3.82351572625339e-09, -3.5762786865234375e-07, 2.546585164964199e-10, 0.9832062721252441, -0.12892429530620575, 0.12916679680347443, 0.1241883710026741, 0.9912779927253723, 0.044106245040893555, -0.1337265521287918, -0.027324514463543892, 0.9906415343284607),
            ["RightUpperArm"] = CFrame.new(-5.960464477539063e-08, -2.384185791015625e-07, -8.381903171539307e-09, 0.5883196592330933, -0.00900969747453928, -0.8085783123970032, 0.20826905965805054, 0.9678910374641418, 0.14075122773647308, 0.7813475728034973, -0.2512085437774658, 0.5713058710098267),
            ["UpperTorso"] = CFrame.new(-4.48198989033699e-09, -5.960464477539063e-08, -5.587935447692871e-09, 0.9939923882484436, -0.08552521467208862, 0.0682990625500679, 0.0868573933839798, 0.9960795044898987, -0.016774706542491913, -0.06659668684005737, 0.022606205195188522, 0.9975239038467407),
            ["HumanoidRootPart"] = CFrame.new(0, 0, 0, 1, 0, 0, 0, 1, 0, 0, 0, 1),
            ["RightHand"] = CFrame.new(1.1920928955078125e-07, 0, 2.1141022443771362e-07, 0.8206368684768677, -0.030280251055955887, 0.5706472396850586, 0.023804888129234314, 0.9995397329330444, 0.018805138766765594, -0.5709540247917175, -0.0018480001017451286, 0.8209799528121948),
            ["LeftUpperArm"] = CFrame.new(0, -2.384185791015625e-07, 1.1175870895385742e-08, 0.9666572213172913, 0.24650806188583374, -0.06933797150850296, -0.1977389007806778, 0.8906075954437256, 0.40953347086906433, 0.1627061516046524, -0.38216763734817505, 0.9096563458442688),
            ["RightLowerArm"] = CFrame.new(5.960464477539063e-08, 5.960464477539063e-08, -2.9802322387695312e-08, 1, -1.3969837198146706e-07, 8.614734525735912e-08, 9.080395102500916e-08, -0.02002336084842682, -0.9997994899749756, 1.4156103134155273e-07, 0.9997994899749756, -0.020023366436362267),
            ["LeftHand"] = CFrame.new(-3.91155481338501e-08, 5.960464477539063e-08, 8.568167686462402e-08, 0.9580963253974915, -0.2861287593841553, -0.01348888035863638, 0.28506746888160706, 0.9570412635803223, -0.05299769714474678, 0.028073551133275032, 0.0469316802918911, 0.9985035061836243),
            ["RightUpperLeg"] = CFrame.new(0, -5.4802512750029564e-08, -1.287116901949048e-08, 0.9379614591598511, -0.3358588218688965, -0.08618143945932388, 0.21239282190799713, 0.7529736161231995, -0.6228323578834534, 0.27407601475715637, 0.5658883452415466, 0.7775941491127014),
            ["LeftUpperLeg"] = CFrame.new(0, 3.3440301194787025e-08, 3.725290298461914e-09, 0.8445830941200256, 0.2420196831226349, 0.4776044189929962, -0.07475258409976959, 0.9365738034248352, -0.3424057066440582, -0.5301806926727295, 0.2534879446029663, 0.8091059327125549),
            ["RightLowerLeg"] = CFrame.new(8.940696716308594e-08, -0.0000036954879760742188, -0.000013349745131563395, 1, -2.621673047542572e-07, -8.195639367158947e-08, 2.60770320892334e-07, 0.5889202952384949, 0.8081907629966736, -1.4156103134155273e-07, -0.8081911206245422, 0.5889207720756531),
            ["RightFoot"] = CFrame.new(-3.725290298461914e-09, 1.7881393432617188e-07, 3.987952368333936e-08, 0.988024890422821, 0.15342500805854797, 0.01636248640716076, -0.13959597051143646, 0.9340323209762573, -0.32878008484840393, -0.06572622060775757, 0.3225592076778412, 0.944264829158783),
            ["LeftLowerLeg"] = CFrame.new(-1.564621925354004e-07, 0.000004231929779052734, 0.000013232231140136719, 1, 7.636847243475131e-08, -6.332994928470725e-08, -5.215407838932151e-08, 0.7417686581611633, 0.6706559062004089, -3.3527619791584584e-08, -0.6706559062004089, 0.7417686581611633),
        }},
        {Time = 0.100, Data = {
            ["LeftFoot"] = CFrame.new(-3.418210781092057e-08, 5.960464477539063e-08, 6.122945706010796e-09, 0.990776777267456, -0.13550300896167755, 0.0005829925648868084, 0.1287733018398285, 0.9402138590812683, -0.31530240178108215, 0.04217645898461342, 0.31246909499168396, 0.948991060256958),
            ["LeftLowerArm"] = CFrame.new(-1.7881393432617188e-07, -3.5762786865234375e-07, -3.3155083656311035e-07, 1, -1.1175872671742582e-08, 1.3038519597330378e-08, 2.980232594040899e-08, 0.8599385023117065, -0.5103977918624878, 1.4901162970204496e-08, 0.510397732257843, 0.8599385023117065),
            ["LowerTorso"] = CFrame.new(0, -0.14020001888275146, 0, 0.9846524000167847, 0.05526721104979515, -0.16554506123065948, -0.053439464420080185, 0.9984512329101562, 0.015477979555726051, 0.16614407300949097, -0.006393791642040014, 0.9860807657241821),
            ["Head"] = CFrame.new(-1.6407284419983625e-09, 1.1920928955078125e-07, -1.2078089639544487e-09, 0.9882563352584839, -0.11934096366167068, 0.09543229639530182, 0.11299874633550644, 0.9911737442016602, 0.06932631134986877, -0.10286348313093185, -0.05772843211889267, 0.9930189251899719),
            ["RightUpperArm"] = CFrame.new(-1.1920928955078125e-07, 2.384185791015625e-07, 5.587935447692871e-09, 0.6880133152008057, -0.04352318495512009, -0.7243918776512146, 0.29121989011764526, 0.930858314037323, 0.2206668257713318, 0.6647019386291504, -0.3627789616584778, 0.6531176567077637),
            ["UpperTorso"] = CFrame.new(-3.0442606657743454e-08, -8.940696716308594e-08, 9.313225746154785e-10, 0.9965733885765076, -0.06379568576812744, 0.052647609263658524, 0.06468456983566284, 0.9977877140045166, -0.015355509705841541, -0.05155143514275551, 0.01870839297771454, 0.9984951615333557),
            ["HumanoidRootPart"] = CFrame.new(0, 0, 0, 1, 0, 0, 0, 1, 0, 0, 0, 1),
            ["RightHand"] = CFrame.new(2.9802322387695312e-08, 0, -9.685754776000977e-08, 0.7625275254249573, 0.18248777091503143, 0.6206851005554199, -0.14521785080432892, 0.9831913113594055, -0.11066463589668274, -0.6304472088813782, -0.005749806296080351, 0.7762108445167542),
            ["LeftUpperArm"] = CFrame.new(1.1920928955078125e-07, 0, -8.381903171539307e-09, 0.9669211506843567, 0.254595011472702, -0.01565501093864441, -0.22655732929706573, 0.8853954076766968, 0.40589019656181335, 0.11719851195812225, -0.3889169991016388, 0.9137877821922302),
            ["RightLowerArm"] = CFrame.new(2.384185791015625e-07, -4.172325134277344e-07, 3.725290298461914e-08, 1, -7.82310962677002e-08, 5.960465188081798e-08, 1.0756775736808777e-07, -0.11868251115083694, -0.9929322600364685, 8.940696716308594e-08, 0.9929322600364685, -0.11868256330490112),
            ["LeftHand"] = CFrame.new(-4.6566128730773926e-08, -1.7881393432617188e-07, -3.725290298461914e-08, 0.961126983165741, -0.2745872139930725, 0.02892717346549034, 0.2756563425064087, 0.9602599740028381, -0.04375342279672623, -0.015763485804200172, 0.05002658814191818, 0.9986234903335571),
            ["RightUpperLeg"] = CFrame.new(-8.940696716308594e-08, 1.507578417658806e-08, 1.879379851743579e-08, 0.9441737532615662, -0.3131754994392395, -0.10225947201251984, 0.2029956728219986, 0.7975082993507385, -0.5681314468383789, 0.2594776749610901, 0.5156564712524414, 0.8165597319602966),
            ["LeftUpperLeg"] = CFrame.new(0, -2.6187626644968987e-07, -1.6763806343078613e-08, 0.8679646253585815, 0.23146046698093414, 0.4393898546695709, -0.08166370540857315, 0.9392260313034058, -0.3334450125694275, -0.4898657500743866, 0.2535364627838135, 0.8341169357299805),
            ["RightLowerLeg"] = CFrame.new(7.450580596923828e-08, -0.0000035762786865234375, -0.00001337954745395109, 1, -9.220093488693237e-08, -8.940696716308594e-08, 4.470348358154297e-08, 0.6319590210914612, 0.7750012874603271, -2.2351741790771484e-08, -0.7750018239021301, 0.6319596767425537),
            ["RightFoot"] = CFrame.new(-1.862645149230957e-09, 2.384185791015625e-07, 2.590968506410718e-08, 0.9871059656143188, 0.15992185473442078, 0.0068426658399403095, -0.14648857712745667, 0.9197694659233093, -0.3640945851802826, -0.06452040374279022, 0.3583981990814209, 0.9313368797302246),
            ["LeftLowerLeg"] = CFrame.new(5.960464477539063e-08, 0.000003993511199951172, 0.000013217329978942871, 1, 1.033768413094549e-07, 1.1175872671742582e-08, -9.685756197086448e-08, 0.7807683944702148, 0.6248208284378052, 7.450581485102248e-09, -0.6248206496238708, 0.7807681560516357),
        }},
        {Time = 0.133, Data = {
            ["LeftFoot"] = CFrame.new(2.3267148208105937e-09, 1.1920928955078125e-07, 4.989033186575398e-09, 0.9920555353164673, -0.12579157948493958, -0.001538277487270534, 0.12008746713399887, 0.9505712985992432, -0.2863443195819855, 0.03748190775513649, 0.2838852107524872, 0.9581255316734314),
            ["LeftLowerArm"] = CFrame.new(-4.172325134277344e-07, -8.940696716308594e-07, 0, 1, -7.450579175838357e-08, 2.9802318834981634e-08, 3.725289587919178e-08, 0.8013178706169128, -0.5982388854026794, -7.450578820566989e-09, 0.5982389450073242, 0.8013177514076233),
            ["LowerTorso"] = CFrame.new(0, -0.11539995670318604, 0, 0.9941801428794861, 0.025691140443086624, -0.1046222373843193, -0.02453957498073578, 0.9996235370635986, 0.012279469519853592, 0.10489829629659653, -0.009640619158744812, 0.9944363236427307),
            ["Head"] = CFrame.new(-2.9976945370435715e-09, 1.1920928955078125e-07, 1.5279510989785194e-09, 0.9929373264312744, -0.10582263022661209, 0.053639769554138184, 0.10081363469362259, 0.9909366965293884, 0.08877582103013992, -0.06254815310239792, -0.08274120092391968, 0.9946063160896301),
            ["RightUpperArm"] = CFrame.new(0, 1.1920928955078125e-07, -6.51925802230835e-09, 0.8020716309547424, -0.12007758021354675, -0.5850321054458618, 0.3563510775566101, 0.882317304611206, 0.30745765566825867, 0.47926512360572815, -0.45507994294166565, 0.7504714131355286),
            ["UpperTorso"] = CFrame.new(-1.6152625903487206e-08, -5.960464477539063e-08, 1.3969838619232178e-09, 0.9990284442901611, -0.029035301879048347, 0.03315329551696777, 0.029514174908399582, 0.9994656443595886, -0.014047689735889435, -0.0327276885509491, 0.01501252967864275, 0.9993516206741333),
            ["HumanoidRootPart"] = CFrame.new(0, 0, 0, 1, 0, 0, 0, 1, 0, 0, 0, 1),
            ["RightHand"] = CFrame.new(-3.5390257835388184e-07, -1.1920928955078125e-07, -8.381903171539307e-08, 0.6594378352165222, 0.31750378012657166, 0.6814199686050415, -0.17029336094856262, 0.9459615349769592, -0.27596569061279297, -0.7322171330451965, 0.06594093888998032, 0.677871584892273),
            ["LeftUpperArm"] = CFrame.new(0, 1.1920928955078125e-07, 2.7939677238464355e-09, 0.9657986164093018, 0.2556348443031311, 0.04340452328324318, -0.25129735469818115, 0.8815573453903198, 0.3996327221393585, 0.06389649212360382, -0.39687222242355347, 0.9156472682952881),
            ["RightLowerArm"] = CFrame.new(-3.8743019104003906e-07, 0, 1.1920928955078125e-07, 1, -1.1920928955078125e-07, 1.0430811414607888e-07, 1.1920930376163597e-07, -0.15822464227676392, -0.987403154373169, 5.960465188081798e-08, 0.987403154373169, -0.15822462737560272),
            ["LeftHand"] = CFrame.new(5.587935447692871e-09, 5.960464477539063e-08, -4.470348358154297e-08, 0.9651190042495728, -0.25326791405677795, 0.06633827835321426, 0.25609105825424194, 0.9659023284912109, -0.0380808524787426, -0.05443161353468895, 0.053741224110126495, 0.9970703125),
            ["RightUpperLeg"] = CFrame.new(0, -2.6775524020195007e-09, 7.617927622050047e-09, 0.9542198181152344, -0.2725756764411926, -0.12315516173839569, 0.17920410633087158, 0.8506556749343872, -0.4942377805709839, 0.23947986960411072, 0.4495414197444916, 0.8605589866638184),
            ["LeftUpperLeg"] = CFrame.new(-5.960464477539063e-08, -8.265487849712372e-08, -5.587935447692871e-09, 0.8936217427253723, 0.235890731215477, 0.38183218240737915, -0.09852275997400284, 0.9330938458442688, -0.3458747863769531, -0.4378737509250641, 0.27146193385124207, 0.8570734262466431),
            ["RightLowerLeg"] = CFrame.new(-1.4901161193847656e-08, -0.000003516674041748047, -0.0000133199428091757, 1, -1.9744041424019088e-07, -1.2293463669266202e-07, 2.086162567138672e-07, 0.6917369365692139, 0.7221491932868958, -1.2665987014770508e-07, -0.7221496105194092, 0.6917375326156616),
            ["RightFoot"] = CFrame.new(-3.958120942115784e-08, 4.76837158203125e-07, 2.590968506410718e-08, 0.9872549176216125, 0.1591406613588333, -0.0014488068409264088, -0.14792101085186005, 0.9142178893089294, -0.3772594630718231, -0.058712828904390335, 0.37266606092453003, 0.9261065125465393),
            ["LeftLowerLeg"] = CFrame.new(-9.685754776000977e-08, 0.000004291534423828125, 0.000013232231140136719, 1, -3.4458938813486384e-08, -4.0978196835794733e-08, 2.2351747119842003e-08, 0.7991252541542053, 0.6011642813682556, -5.5879368687783426e-08, -0.601164698600769, 0.7991254925727844),
        }},
        {Time = 0.167, Data = {
            ["LeftFoot"] = CFrame.new(4.0582904148322996e-08, -5.960464477539063e-08, -1.4078977983444929e-08, 0.993008017539978, -0.11798837780952454, -0.003730775322765112, 0.1120213121175766, 0.9518150687217712, -0.2854808270931244, 0.03723448887467384, 0.2830669581890106, 0.9583771824836731),
            ["LeftLowerArm"] = CFrame.new(2.980232238769531e-07, -1.1920928955078125e-07, -5.960464477539063e-08, 1, -2.0023437130589627e-08, -3.725290742551124e-09, 5.681068415697155e-08, 0.7740601301193237, -0.6331121325492859, 2.2351745343485163e-08, 0.6331121325492859, 0.774060070514679),
            ["LowerTorso"] = CFrame.new(0, -0.10500001907348633, 0, 0.9992185235023499, -0.016230368986725807, -0.03604111447930336, 0.016625409945845604, 0.999804675579071, 0.010688317939639091, 0.03586060181260109, -0.01127916295081377, 0.9992931485176086),
            ["Head"] = CFrame.new(2.460183168295771e-10, 2.384185791015625e-07, 2.6830093702301383e-11, 0.9958592057228088, -0.0906691923737526, 0.006607053801417351, 0.08961107581853867, 0.9912787079811096, 0.0966256633400917, -0.015310379676520824, -0.09563351422548294, 0.9952988624572754),
            ["RightUpperArm"] = CFrame.new(-1.1920928955078125e-07, 1.1920928955078125e-07, 0, 0.8957273960113525, -0.23416882753372192, -0.3779383897781372, 0.3802996277809143, 0.8438858389854431, 0.3784559667110443, 0.23031429946422577, -0.482723206281662, 0.8449459671974182),
            ["UpperTorso"] = CFrame.new(-4.016328603029251e-09, -2.9802322387695312e-08, 2.153683453798294e-09, 0.9997165203094482, 0.020946303382515907, 0.01132268738001585, -0.020793836563825607, 0.9996936917304993, -0.013419102877378464, -0.011600324884057045, 0.013179866597056389, 0.9998459219932556),
            ["HumanoidRootPart"] = CFrame.new(0, 0, 0, 1, 0, 0, 0, 1, 0, 0, 0, 1),
            ["RightHand"] = CFrame.new(2.9802322387695312e-08, 1.1920928955078125e-07, 1.341104507446289e-07, 0.5265401601791382, 0.40278491377830505, 0.7486787438392639, -0.038347452878952026, 0.8909989595413208, -0.4523829519748688, -0.8492850065231323, 0.20948787033557892, 0.484592467546463),
            ["LeftUpperArm"] = CFrame.new(5.960464477539063e-08, 0, 2.7939677238464355e-09, 0.9632708430290222, 0.2476274073123932, 0.10387531667947769, -0.2684731185436249, 0.8799909353256226, 0.39183953404426575, 0.005620861891657114, -0.40533536672592163, 0.9141507744789124),
            ["RightLowerArm"] = CFrame.new(2.384185791015625e-07, 3.5762786865234375e-07, 2.9802322387695312e-08, 1, -8.940698137394065e-08, 8.940698137394065e-08, 1.043081283569336e-07, -0.12386629730463028, -0.99229896068573, 1.043081283569336e-07, 0.9922990202903748, -0.12386631220579147),
            ["LeftHand"] = CFrame.new(6.01867213845253e-08, -2.384185791015625e-07, 4.0978193283081055e-08, 0.9719511866569519, -0.2190455049276352, 0.08561553806066513, 0.22279934585094452, 0.9741636514663696, -0.036954980343580246, -0.07530871033668518, 0.05499354004859924, 0.9956426620483398),
            ["RightUpperLeg"] = CFrame.new(0, -5.2168616093695164e-08, 2.029992174357176e-09, 0.9663426876068115, -0.2121315896511078, -0.14554059505462646, 0.13706836104393005, 0.9033042192459106, -0.4065144956111908, 0.2177020162343979, 0.3728831708431244, 0.9019777774810791),
            ["LeftUpperLeg"] = CFrame.new(0, 4.866160452365875e-08, 1.862645149230957e-09, 0.9168515205383301, 0.26188915967941284, 0.30132627487182617, -0.1292192041873932, 0.9088120460510254, -0.3966902792453766, -0.377737820148468, 0.32476896047592163, 0.8670867085456848),
            ["RightLowerLeg"] = CFrame.new(5.960464477539063e-08, -0.0000033974647521972656, -0.000013312492228578776, 1, -4.470347647611561e-08, -3.3527616238870905e-08, 6.705523247774181e-08, 0.7618343234062195, 0.6477715373039246, -3.725290653733282e-08, -0.6477720141410828, 0.7618347406387329),
            ["RightFoot"] = CFrame.new(8.288770914077759e-08, 3.5762786865234375e-07, 2.6266206987202168e-09, 0.9883080124855042, 0.15239077806472778, -0.004942229017615318, -0.14423060417175293, 0.9238927364349365, -0.3544282913208008, -0.049445655196905136, 0.3509977161884308, 0.9350702166557312),
            ["LeftLowerLeg"] = CFrame.new(-1.4901161193847656e-08, 0.0000036954879760742188, 0.000013396143913269043, 1, 8.055942402052096e-08, 4.0978193283081055e-08, -1.0430816388407038e-07, 0.7748606204986572, 0.6321318745613098, 3.7252917195473856e-08, -0.6321322321891785, 0.7748607993125916),
        }},
        {Time = 0.200, Data = {
            ["LeftFoot"] = CFrame.new(4.307560175220715e-08, 0, -2.5393092073500156e-09, 0.9935416579246521, -0.11330652981996536, -0.0060656387358903885, 0.10581555217504501, 0.944503903388977, -0.3109912872314453, 0.04096640273928642, 0.30834081768989563, 0.9503934979438782),
            ["LeftLowerArm"] = CFrame.new(0, -1.1920928955078125e-07, -8.940696716308594e-08, 1, -4.284084198502569e-08, 6.752088665962219e-09, 5.2154071283894154e-08, 0.779860258102417, -0.6259537935256958, 2.2351745343485163e-08, 0.6259537935256958, 0.7798601388931274),
            ["LowerTorso"] = CFrame.new(0, -0.11240744590759277, 0, 0.9970528483390808, -0.06829536706209183, 0.034948334097862244, 0.0678332969546318, 0.9975950121879578, 0.014242024160921574, -0.035836946219205856, -0.01182938925921917, 0.9992876648902893),
            ["Head"] = CFrame.new(7.948983693495393e-10, -5.960464477539062e-07, -7.275957614183426e-11, 0.9967073798179626, -0.06795834004878998, -0.04422750696539879, 0.07172680646181107, 0.9933474659919739, 0.090089812874794, 0.037810951471328735, -0.0929654911160469, 0.9949511289596558),
            ["RightUpperArm"] = CFrame.new(0, -3.5762786865234375e-07, -2.7939677238464355e-09, 0.9306167960166931, -0.3486061096191406, -0.11147288233041763, 0.3618622124195099, 0.8307501673698425, 0.4229773283004761, -0.05484633520245552, -0.433967649936676, 0.899257481098175),
            ["UpperTorso"] = CFrame.new(-4.087632987648249e-08, -4.470348358154297e-07, -2.3865140974521637e-09, 0.996467113494873, 0.08320238441228867, -0.01143971923738718, -0.08338604122400284, 0.9963783025741577, -0.016646981239318848, 0.010013199411332607, 0.01754208467900753, 0.9997959733009338),
            ["HumanoidRootPart"] = CFrame.new(0, 0, 0, 1, 0, 0, 0, 1, 0, 0, 0, 1),
            ["RightHand"] = CFrame.new(1.0803341865539551e-07, 5.960464477539063e-08, 1.1920928955078125e-07, 0.37495189905166626, 0.49201759696006775, 0.7857034802436829, 0.1285761445760727, 0.8117443323135376, -0.5696835517883301, -0.9180846214294434, 0.31462669372558594, 0.24110332131385803),
            ["LeftUpperArm"] = CFrame.new(0, -2.384185791015625e-07, 0, 0.9598697423934937, 0.22920261323451996, 0.16160514950752258, -0.27513888478279114, 0.881210207939148, 0.3844049870967865, -0.054301466792821884, -0.41344258189201355, 0.9089095592498779),
            ["RightLowerArm"] = CFrame.new(-2.9802322387695312e-08, 1.7881393432617188e-07, -5.960464477539063e-08, 1, -8.940698137394065e-08, 1.3783575525394554e-07, 9.685756197086448e-08, -0.02933303825557232, -0.9995697736740112, 8.195639367158947e-08, 0.9995697736740112, -0.029332999140024185),
            ["LeftHand"] = CFrame.new(-1.4621764421463013e-07, 1.7881393432617188e-07, 2.60770320892334e-08, 0.9817579388618469, -0.16676002740859985, 0.0913369283080101, 0.17182713747024536, 0.9838217496871948, -0.05069715529680252, -0.08140501379966736, 0.06546657532453537, 0.9945287704467773),
            ["RightUpperLeg"] = CFrame.new(-5.960464477539063e-08, -2.715241862460971e-07, -3.5579432733356953e-09, 0.9755182862281799, -0.1410524994134903, -0.1687256395816803, 0.08072340488433838, 0.9433284401893616, -0.3218930959701538, 0.20456746220588684, 0.3003924787044525, 0.9316204190254211),
            ["LeftUpperLeg"] = CFrame.new(0, -2.1538289729505777e-07, 1.862645149230957e-09, 0.9334998726844788, 0.298162043094635, 0.19919221103191376, -0.17256717383861542, 0.8605037927627563, -0.4793262779712677, -0.31432247161865234, 0.41307705640792847, 0.8547331094741821),
            ["RightLowerLeg"] = CFrame.new(1.4901161193847656e-08, -0.0000035762786865234375, -0.000013334843970369548, 1, -2.4586918812019576e-07, -8.940698847936801e-08, 2.4586918812019576e-07, 0.8240125775337219, 0.5665716528892517, -1.0430814256778831e-07, -0.5665715932846069, 0.8240125179290771),
            ["RightFoot"] = CFrame.new(9.452924132347107e-08, 4.172325134277344e-07, -2.029992174357176e-09, 0.989274799823761, 0.14597982168197632, -0.005035770125687122, -0.14027585089206696, 0.939879298210144, -0.3113674521446228, -0.040720317512750626, 0.30873435735702515, 0.950276255607605),
            ["LeftLowerLeg"] = CFrame.new(-1.4901161193847656e-08, 0.000004351139068603516, 0.00001341104507446289, 1, 1.5553092680420377e-07, -5.960465188081798e-08, -1.4901162614933128e-07, 0.704984188079834, 0.7092231512069702, 4.4703490686970326e-08, -0.7092230916023254, 0.7049840092658997),
        }},
        {Time = 0.233, Data = {
            ["LeftFoot"] = CFrame.new(-4.973560407961486e-08, 1.7881393432617188e-07, 1.6500962374266237e-08, 0.9937708377838135, -0.11111753433942795, -0.00852403324097395, 0.10174586623907089, 0.9358416795730591, -0.33741357922554016, 0.04546971246600151, 0.33444470167160034, 0.9413179755210876),
            ["LeftLowerArm"] = CFrame.new(-3.2782554626464844e-07, -2.384185791015625e-07, 0, 1, -1.862645149230957e-08, 7.450580596923828e-09, 6.705522537231445e-08, 0.7955040335655212, -0.605948269367218, 2.9802322387695312e-08, 0.6059483289718628, 0.795504093170166),
            ["LowerTorso"] = CFrame.new(0, -0.13092589378356934, 0, 0.9881191253662109, -0.11403246968984604, 0.1030406504869461, 0.11227493733167648, 0.9934174418449402, 0.02271779254078865, -0.10495296120643616, -0.010879003442823887, 0.994417667388916),
            ["Head"] = CFrame.new(-4.331013769842684e-09, 1.1920928955078125e-07, -1.0186340659856796e-09, 0.9948203563690186, -0.032948821783065796, -0.09616104513406754, 0.04008377343416214, 0.9965089559555054, 0.07323428243398666, 0.0934123620390892, -0.07670944929122925, 0.9926680326461792),
            ["RightUpperArm"] = CFrame.new(0, 0, 1.30385160446167e-08, 0.8894354701042175, -0.42716366052627563, 0.16259104013442993, 0.3200669586658478, 0.8360536098480225, 0.44561365246772766, -0.3262847661972046, -0.34430456161499023, 0.8803366422653198),
            ["UpperTorso"] = CFrame.new(-7.07223080098629e-09, -4.470348358154297e-07, -1.0244548320770264e-08, 0.9900231957435608, 0.1367638111114502, -0.03390982002019882, -0.13759030401706696, 0.9902138113975525, -0.023358255624771118, 0.030383368954062462, 0.02779085747897625, 0.9991519451141357),
            ["HumanoidRootPart"] = CFrame.new(0, 0, 0, 1, 0, 0, 0, 1, 0, 0, 0, 1),
            ["RightHand"] = CFrame.new(-5.960464477539063e-08, -1.1920928955078125e-07, -2.384185791015625e-07, 0.23084023594856262, 0.5405910015106201, 0.8089958429336548, 0.23916777968406677, 0.7744163274765015, -0.5857287645339966, -0.9431391954421997, 0.3286955952644348, 0.049474433064460754),
            ["LeftUpperArm"] = CFrame.new(0, 2.384185791015625e-07, -5.587935447692871e-09, 0.9559081792831421, 0.202875554561615, 0.21232342720031738, -0.27189648151397705, 0.8846075534820557, 0.37886932492256165, -0.11095952242612839, -0.419894278049469, 0.9007647037506104),
            ["RightLowerArm"] = CFrame.new(-7.748603820800781e-07, 0, -4.954636096954346e-07, 1, -1.3411046495548362e-07, 1.1920928955078125e-07, 8.195639367158947e-08, 0.10340600460767746, -0.9946392774581909, 8.940698137394065e-08, 0.9946392774581909, 0.10340601950883865),
            ["LeftHand"] = CFrame.new(1.1175870895385742e-08, 5.960464477539063e-08, -5.960464477539063e-08, 0.9905703663825989, -0.09852662682533264, 0.09519977867603302, 0.10664841532707214, 0.9907114505767822, -0.08436211198568344, -0.08600358664989471, 0.0937194898724556, 0.9918770790100098),
            ["RightUpperLeg"] = CFrame.new(0, -5.227047950029373e-08, -5.420588422566652e-09, 0.9770588278770447, -0.08491789549589157, -0.195307657122612, 0.031234344467520714, 0.9642878174781799, -0.26300865411758423, 0.21066699922084808, 0.25087445974349976, 0.9448181986808777),
            ["LeftUpperLeg"] = CFrame.new(0, -1.9581057131290436e-07, -7.450580596923828e-09, 0.9439008831977844, 0.3161630928516388, 0.09535279124975204, -0.21275655925273895, 0.8030571341514587, -0.5566273927688599, -0.2525588572025299, 0.505113959312439, 0.8252719640731812),
            ["RightLowerLeg"] = CFrame.new(-8.009374141693115e-08, -0.000003635883331298828, -0.000013305041647981852, 1, -5.5879341154252415e-09, -2.2351741790771484e-08, 1.4901159417490817e-08, 0.8591127395629883, 0.511786162853241, -1.4901159417490817e-08, -0.5117864012718201, 0.8591129183769226),
            ["RightFoot"] = CFrame.new(-1.885928213596344e-08, 4.172325134277344e-07, 2.1020241547375917e-08, 0.9895734190940857, 0.14396168291568756, -0.004423392005264759, -0.1394767314195633, 0.9501809477806091, -0.2787512540817261, -0.035926539450883865, 0.2764621675014496, 0.9603532552719116),
            ["LeftLowerLeg"] = CFrame.new(8.195638656616211e-08, 0.000004112720489501953, 0.000013247132301330566, 1, 1.7136326846411976e-07, 1.1920926112907182e-07, -1.3411046495548362e-07, 0.6231551766395569, 0.782098114490509, 5.587936158235607e-08, -0.7820982933044434, 0.6231553554534912),
        }},
        {Time = 0.267, Data = {
            ["LeftFoot"] = CFrame.new(8.444857257927652e-08, -5.960464477539063e-08, -6.855998435639776e-09, 0.993916928768158, -0.10960350930690765, -0.010787129402160645, 0.09885600209236145, 0.9310287833213806, -0.35130202770233154, 0.048547156155109406, 0.34809842705726624, 0.9362000226974487),
            ["LeftLowerArm"] = CFrame.new(5.960464477539063e-08, 0, -2.9802322387695312e-08, 1, -8.568168397005138e-08, -2.60770320892334e-08, 6.705523247774181e-08, 0.8180001378059387, -0.5752180814743042, 2.980232594040899e-08, 0.5752180814743042, 0.8180001378059387),
            ["LowerTorso"] = CFrame.new(0, -0.1549999713897705, 0, 0.977421760559082, -0.1335606575012207, 0.16373226046562195, 0.13043038547039032, 0.9910103678703308, 0.029771165922284126, -0.16623663902282715, -0.007743325550109148, 0.9860554933547974),
            ["Head"] = CFrame.new(-7.436028681695461e-09, -4.76837158203125e-07, -2.066371962428093e-09, 0.9894328713417053, 0.009656170383095741, -0.1446705162525177, -0.0022678326349705458, 0.9986884593963623, 0.05114901810884476, 0.14497466385364532, -0.050280455499887466, 0.9881569743156433),
            ["RightUpperArm"] = CFrame.new(0, -2.384185791015625e-07, -5.587935447692871e-09, 0.7965183258056641, -0.4618227481842041, 0.3902285099029541, 0.27597686648368835, 0.8519660234451294, 0.4449614882469177, -0.5379547476768494, -0.24672599136829376, 0.806058943271637),
            ["UpperTorso"] = CFrame.new(-3.1257513910532e-08, -3.5762786865234375e-07, -8.149072527885437e-09, 0.9859800934791565, 0.15789933502674103, -0.05395549163222313, -0.15955819189548492, 0.9867932200431824, -0.027937019243836403, 0.04883166402578354, 0.03615442290902138, 0.9981525540351868),
            ["HumanoidRootPart"] = CFrame.new(0, 0, 0, 1, 0, 0, 0, 1, 0, 0, 0, 1),
            ["RightHand"] = CFrame.new(-5.960464477539063e-08, -4.76837158203125e-07, 1.7881393432617188e-07, 0.1038118302822113, 0.5149434804916382, 0.8509150147438049, 0.23998212814331055, 0.817291259765625, -0.5238735675811768, -0.9652107357978821, 0.25858888030052185, -0.03873269632458687),
            ["LeftUpperArm"] = CFrame.new(0, -3.5762786865234375e-07, 1.1175870895385742e-08, 0.9522182941436768, 0.17267245054244995, 0.25192177295684814, -0.2607080638408661, 0.8892113566398621, 0.37594476342201233, -0.1590963751077652, -0.4236595332622528, 0.8917405009269714),
            ["RightLowerArm"] = CFrame.new(-4.172325134277344e-07, 0, 1.7881393432617188e-07, 1, -4.4703490686970326e-08, 5.960464477539063e-08, 7.450581307466564e-08, 0.24772994220256805, -0.9688291549682617, 5.960465188081798e-08, 0.9688292145729065, 0.2477298080921173),
            ["LeftHand"] = CFrame.new(7.450580596923828e-09, 5.960464477539063e-08, -2.9802322387695312e-08, 0.9952027201652527, -0.022840356454253197, 0.09513139724731445, 0.035151343792676926, 0.9909145832061768, -0.12981866300106049, -0.09130194783210754, 0.13253988325595856, 0.98696368932724),
            ["RightUpperLeg"] = CFrame.new(5.960464477539063e-08, -1.7636921256780624e-08, -1.6952981241047382e-09, 0.9693272709846497, -0.07632622867822647, -0.23362182080745697, 0.013694136403501034, 0.9658518433570862, -0.2587329149246216, 0.24539214372634888, 0.24759747087955475, 0.9372717142105103),
            ["LeftUpperLeg"] = CFrame.new(-1.1920928955078125e-07, -1.3533281162381172e-07, 0, 0.9531824588775635, 0.30193591117858887, 0.016670405864715576, -0.23015747964382172, 0.7601336240768433, -0.6076382994651794, -0.19613954424858093, 0.5753535032272339, 0.7940390110015869),
            ["RightLowerLeg"] = CFrame.new(4.6566128730773926e-08, -0.000003516674041748047, -0.000013288277841638774, 1, -9.499494524334295e-08, -5.587938645135182e-08, 1.3969838619232178e-07, 0.8418537378311157, 0.5397053956985474, -5.21540641784668e-08, -0.5397058129310608, 0.8418540358543396),
            ["RightFoot"] = CFrame.new(6.003938324283808e-08, 2.384185791015625e-07, -8.032657206058502e-09, 0.9890757203102112, 0.14730651676654816, -0.005497780628502369, -0.1421683430671692, 0.9433912634849548, -0.29966798424720764, -0.03895651549100876, 0.29717639088630676, 0.9540277123451233),
