return {
    ["Build Up"] = {
        {Time = 0.000, Data = {
            ["LeftFoot"] = CFrame.new(-3.67872416973114e-08, -5.960464477539063e-08, -1.2514647096395493e-09, 0.9984092712402344, 0.055273666977882385, 0.011129384860396385, -0.05126668140292168, 0.9721084833145142, -0.22885991632938385, -0.023469023406505585, 0.2279253453016281, 0.973395824432373),
            ["LeftLowerArm"] = CFrame.new(5.960464477539063e-08, 7.152557373046875e-07, -4.76837158203125e-07, 1, -3.72529100900465e-08, 4.4703494239684005e-08, 7.4505820180093e-08, 0.8200704455375671, -0.5722626447677612, 3.72529100900465e-08, 0.5722626447677612, 0.8200703859329224),
            ["LowerTorso"] = CFrame.new(0.06650345772504807, -0.18068468570709229, 0.2745387852191925, 0.990129292011261, -0.060438379645347595, 0.12645632028579712, 0.02154606766998768, 0.957158625125885, 0.28876155614852905, -0.13849101960659027, -0.2831866443157196, 0.9490129947662354),
            ["Head"] = CFrame.new(-1.0244548320770264e-07, 3.5762786865234375e-07, -4.0978193283081055e-08, 0.9867458343505859, 0.09091667085886002, -0.13441291451454163, -0.15309008955955505, 0.7962517738342285, -0.5852748155593872, 0.053815290331840515, 0.5980947017669678, 0.7996165752410889),
            ["RightUpperArm"] = CFrame.new(-5.960464477539063e-08, 1.1920928955078125e-07, 2.682209014892578e-07, 0.5884723663330078, 0.5205302238464355, 0.6186668276786804, 0.5826181769371033, 0.2575332224369049, -0.7708649635314941, -0.5605857372283936, 0.814079225063324, -0.15171915292739868),
            ["UpperTorso"] = CFrame.new(1.30385160446167e-08, 5.960464477539063e-08, -1.0943040251731873e-07, 0.9977560043334961, 0.004281992558389902, 0.06681893020868301, -0.02292114868760109, 0.9594996571540833, 0.2807757556438446, -0.06291045248508453, -0.28167724609375, 0.9574446678161621),
            ["HumanoidRootPart"] = CFrame.new(0, 0, 0, 1, 0, 0, 0, 1, 0, 0, 0, 1),
            ["RightHand"] = CFrame.new(3.788154572248459e-07, -1.1920928955078125e-07, -8.842907845973969e-07, 0.29699644446372986, 0.1382296085357666, -0.9448204636573792, -0.6220066547393799, 0.778749406337738, -0.08158973604440689, 0.7245004177093506, 0.6119166016578674, 0.31726548075675964),
            ["LeftUpperArm"] = CFrame.new(0, 2.384185791015625e-07, 1.1920928955078125e-07, 0.41790351271629333, -0.3067459166049957, -0.8551395535469055, -0.6797759532928467, 0.5188810229301453, -0.5183312296867371, 0.6027116179466248, 0.7979157567024231, 0.008323593065142632),
            ["RightLowerArm"] = CFrame.new(0.0000010728836059570312, 7.748603820800781e-07, 2.980232238769531e-07, 1, -7.450579886381092e-08, 5.960467319710006e-08, 5.960465898624534e-08, 0.4467785060405731, -0.8946446776390076, 7.4505820180093e-08, 0.894644558429718, 0.44677847623825073),
            ["LeftHand"] = CFrame.new(-3.8743019104003906e-07, -2.384185791015625e-07, 2.9802322387695312e-08, 0.3641986548900604, -0.09509961307048798, 0.9264531135559082, 0.4671672582626343, 0.8792222142219543, -0.09339713305234909, -0.8056761622428894, 0.4668237566947937, 0.3646391034126282),
            ["RightUpperLeg"] = CFrame.new(-1.1920928955078125e-07, -3.986060619354248e-07, -1.4325632946565747e-07, 0.9846805334091187, -0.02436070889234543, -0.1726588010787964, -0.11467467993497849, 0.6554575562477112, -0.7464754581451416, 0.1313549280166626, 0.7548391819000244, 0.6426223516464233),
            ["LeftUpperLeg"] = CFrame.new(8.940696716308594e-08, -2.2165477275848389e-07, -1.043081283569336e-07, 0.9916198253631592, -0.09825669229030609, -0.0838797390460968, -0.009477948769927025, 0.5921919941902161, -0.8057411909103394, 0.12884239852428436, 0.7997840046882629, 0.5862981081008911),
            ["RightLowerLeg"] = CFrame.new(-4.889443516731262e-08, -0.0000036954879760742188, -0.00001320445880992338, 1, -1.7927963824604376e-07, -7.12461769580841e-08, 1.8253925304634322e-07, 0.6506679058074951, 0.7593625783920288, -7.264316792543468e-08, -0.7593624591827393, 0.6506677269935608),
            ["RightFoot"] = CFrame.new(1.1408701539039612e-08, 2.980232238769531e-07, -4.6267814468592405e-08, 0.9983915686607361, -0.05630955100059509, -0.006601785309612751, 0.05160941928625107, 0.9508543610572815, -0.30530670285224915, 0.023469312116503716, 0.30447545647621155, 0.952231228351593),
            ["LeftLowerLeg"] = CFrame.new(4.423782229423523e-08, 0.0000035762786865234375, 0.000013461336493492126, 1, 1.9511217885792576e-07, 9.79052998673069e-08, -1.0989610643719061e-07, 0.6453253626823425, 0.763908326625824, 6.053598866628818e-08, -0.7639079093933105, 0.6453247666358948),
        }},
        {Time = 0.033, Data = {
            ["LeftFoot"] = CFrame.new(-1.2863893061876297e-08, -1.7881393432617188e-07, -1.9150320440530777e-08, 0.9982976317405701, 0.057135093957185745, 0.011727356351912022, -0.05234440416097641, 0.9663134217262268, -0.25198930501937866, -0.025729892775416374, 0.2509463131427765, 0.967659056186676),
            ["LeftLowerArm"] = CFrame.new(3.5762786865234375e-07, -4.76837158203125e-07, -4.3958425521850586e-07, 1, -5.5879368687783426e-08, 3.352762334429826e-08, 5.21540641784668e-08, 0.8510552048683167, -0.525076150894165, 5.122274160385132e-08, 0.5250762701034546, 0.8510552048683167),
            ["LowerTorso"] = CFrame.new(0.06429707258939743, -0.20539844036102295, 0.2744111120700836, 0.9893133640289307, -0.06466563045978546, 0.13068068027496338, 0.02077885903418064, 0.9496518969535828, 0.3126172721385956, -0.14431673288345337, -0.30656102299690247, 0.9408470392227173),
            ["Head"] = CFrame.new(-8.940696716308594e-08, 3.5762786865234375e-07, -1.5459954738616943e-07, 0.9875292778015137, 0.08769320696592331, -0.13075147569179535, -0.14850832521915436, 0.7945640087127686, -0.5887389183044434, 0.05226202681660652, 0.6008145213127136, 0.7976782321929932),
            ["RightUpperArm"] = CFrame.new(-1.1920928955078125e-07, 9.5367431640625e-07, 1.4901161193847656e-07, 0.5021335482597351, 0.4083403944969177, 0.7623122930526733, 0.5492002367973328, 0.5303460359573364, -0.6458423137664795, -0.668012797832489, 0.7429611682891846, 0.04204376041889191),
            ["UpperTorso"] = CFrame.new(2.2351741790771484e-08, 4.172325134277344e-07, -3.259629011154175e-08, 0.9981982111930847, 0.011451699770987034, 0.05890047550201416, -0.026206934824585915, 0.9662495851516724, 0.2562713921070099, -0.053977806121110916, -0.2573532462120056, 0.9648087024688721),
            ["HumanoidRootPart"] = CFrame.new(0, 0, 0, 1, 0, 0, 0, 1, 0, 0, 0, 1),
            ["RightHand"] = CFrame.new(-6.752088665962219e-08, -2.980232238769531e-07, -2.3048778530210257e-07, 0.2512666583061218, 0.17976747453212738, -0.9510777592658997, -0.7144190073013306, 0.6973987817764282, -0.05692494660615921, 0.6530471444129944, 0.6937713027000427, 0.30366232991218567),
            ["LeftUpperArm"] = CFrame.new(-1.1920928955078125e-07, 8.344650268554688e-07, -8.940696716308594e-08, 0.2860259413719177, -0.2083347737789154, -0.9352999329566956, -0.5646977424621582, 0.7519266605377197, -0.340180367231369, 0.7741482853889465, 0.6254621744155884, 0.09742427617311478),
            ["RightLowerArm"] = CFrame.new(3.5762786865234375e-07, 5.960464477539063e-08, -8.940696716308594e-08, 1, -7.729976658765736e-08, 3.2596300769682784e-08, 6.70552182668871e-08, 0.48490282893180847, -0.8745681047439575, 3.352760913344355e-08, 0.8745681047439575, 0.48490285873413086),
            ["LeftHand"] = CFrame.new(-3.203749656677246e-07, -4.76837158203125e-07, 5.960464477539063e-08, 0.4688098132610321, -0.07508348673582077, 0.8801021575927734, 0.3808494508266449, 0.9161887168884277, -0.12470749020576477, -0.7969762086868286, 0.3936505615711212, 0.45811378955841064),
            ["RightUpperLeg"] = CFrame.new(0, -5.364418029785156e-07, -1.8050923245027661e-07, 0.9838288426399231, -0.03526283800601959, -0.17560584843158722, -0.1181904599070549, 0.6088587045669556, -0.784424901008606, 0.1345801055431366, 0.7924946546554565, 0.5948446393013),
            ["LeftUpperLeg"] = CFrame.new(0, 5.774199962615967e-08, -1.4156103134155273e-07, 0.9907029867172241, -0.10741118341684341, -0.08348950743675232, -0.012203860096633434, 0.5410573482513428, -0.8408971428871155, 0.1354944258928299, 0.834098219871521, 0.5347163081169128),
            ["RightLowerLeg"] = CFrame.new(7.543712854385376e-08, -0.0000032186508178710938, -0.000013392585969995707, 1, 1.317821443080902e-07, 1.296866827260601e-07, -1.1734664440155029e-07, 0.5981791615486145, 0.8013627529144287, 1.825392246246338e-07, -0.8013623952865601, 0.5981788635253906),
            ["RightFoot"] = CFrame.new(-1.2863893061876297e-08, 3.5762786865234375e-07, -1.673470251262188e-10, 0.9984421133995056, -0.05541858449578285, -0.006505817640572786, 0.050040435045957565, 0.9408808350563049, -0.3350209593772888, 0.024687571451067924, 0.3341738283634186, 0.9421882033348083),
            ["LeftLowerLeg"] = CFrame.new(-5.098991096019745e-08, 0.000003933906555175781, 0.000013357028365135193, 1, 6.146729703004894e-08, 1.0419167750796987e-07, -8.707868204282931e-08, 0.5972714424133301, 0.8020398020744324, 1.266598985694145e-07, -0.8020392656326294, 0.5972706079483032),
        }},
        {Time = 0.067, Data = {
            ["LeftFoot"] = CFrame.new(2.444721758365631e-09, 0, -6.51925802230835e-09, 0.9979263544082642, 0.06303326785564423, 0.013032805174589157, -0.056157492101192474, 0.9515650868415833, -0.30227595567703247, -0.03145493566989899, 0.30091673135757446, 0.953131377696991),
            ["LeftLowerArm"] = CFrame.new(1.4901161193847656e-07, 6.556510925292969e-07, -2.980232238769531e-07, 1, -5.96046660916727e-08, -2.2351748896198842e-08, 4.4703490686970326e-08, 0.9003761410713196, -0.4351123869419098, 3.632158396271734e-08, 0.4351123571395874, 0.9003761410713196),
            ["LowerTorso"] = CFrame.new(0.05815825238823891, -0.25801408290863037, 0.2732473611831665, 0.9902558326721191, -0.06150553748011589, 0.12494201213121414, 0.01677379198372364, 0.9433302283287048, 0.3314313292503357, -0.13824643194675446, -0.3261060416698456, 0.9351699352264404),
            ["Head"] = CFrame.new(-1.1175870895385742e-07, 0, -3.818422555923462e-08, 0.9890345931053162, 0.08090364933013916, -0.12355281412601471, -0.13811154663562775, 0.8029881119728088, -0.5797717571258545, 0.05230582877993584, 0.5904783606529236, 0.8053566813468933),
            ["RightUpperArm"] = CFrame.new(0, 3.5762786865234375e-07, 3.725290298461914e-07, 0.4968256652355194, 0.29690074920654297, 0.8154841065406799, 0.4464164674282074, 0.7183782458305359, -0.5335213541984558, -0.7442288994789124, 0.629112720489502, 0.2243673950433731),
            ["UpperTorso"] = CFrame.new(2.421438694000244e-08, 1.7881393432617188e-07, -3.259629011154175e-08, 0.9982485175132751, 0.014730012975633144, 0.05729817971587181, -0.027046052739024162, 0.9750015139579773, 0.22054612636566162, -0.052617147564888, -0.2217095047235489, 0.9736921787261963),
            ["HumanoidRootPart"] = CFrame.new(0, 0, 0, 1, 0, 0, 0, 1, 0, 0, 0, 1),
            ["RightHand"] = CFrame.new(2.2724270820617676e-07, -4.172325134277344e-07, -0.0000011511147022247314, 0.24339239299297333, 0.21241535246372223, -0.9463825225830078, -0.7776401042938232, 0.6258864402770996, -0.059514857828617096, 0.5796862244606018, 0.7504304647445679, 0.3175186216831207),
            ["LeftUpperArm"] = CFrame.new(5.960464477539063e-08, 4.76837158203125e-07, 1.7881393432617188e-07, 0.2557983994483948, -0.14864897727966309, -0.9552333950996399, -0.42353224754333496, 0.8709999322891235, -0.24895718693733215, 0.8690152764320374, 0.4682549834251404, 0.15984274446964264),
            ["RightLowerArm"] = CFrame.new(3.5762786865234375e-07, 8.344650268554688e-07, -5.960464477539063e-08, 1, -2.0489096641540527e-08, 5.401672353855247e-08, 5.2154071283894154e-08, 0.6024033427238464, -0.7981917858123779, 3.073364851502447e-08, 0.7981918454170227, 0.6024034023284912),
            ["LeftHand"] = CFrame.new(-1.341104507446289e-07, 1.7881393432617188e-07, -2.9802322387695312e-08, 0.6088072657585144, -0.045148223638534546, 0.7920325398445129, 0.26318687200546265, 0.9533313512802124, -0.1479596346616745, -0.7483892440795898, 0.29853135347366333, 0.5922774076461792),
            ["RightUpperLeg"] = CFrame.new(1.1920928955078125e-07, -9.08970832824707e-07, -2.9226794140413404e-07, 0.9852320551872253, -0.049174584448337555, -0.16401134431362152, -0.11328387260437012, 0.531054675579071, -0.8397309184074402, 0.12839260697364807, 0.8459094166755676, 0.5176412463188171),
            ["LeftUpperLeg"] = CFrame.new(1.1920928955078125e-07, -4.6193599700927734e-07, -2.3469328880310059e-07, 0.9909741282463074, -0.11684706062078476, -0.06570430845022202, -0.004019046202301979, 0.46401867270469666, -0.8858163952827454, 0.13399310410022736, 0.878085196018219, 0.4593607485294342),
            ["RightLowerLeg"] = CFrame.new(-1.257285475730896e-07, -0.0000035762786865234375, -0.000013351607776712626, 1, -2.0023435354232788e-07, -2.013985600513024e-08, 2.151354863144661e-07, 0.4885888993740082, 0.8725142478942871, -2.7939673685750677e-08, -0.8725141286849976, 0.4885886609554291),
            ["RightFoot"] = CFrame.new(-2.561137080192566e-08, 5.960464477539062e-07, 2.4279870558530092e-08, 0.9985472559928894, -0.05347997322678566, -0.0065928190015256405, 0.046780046075582504, 0.9210981726646423, -0.3865092396736145, 0.02674284391105175, 0.3856399655342102, 0.9222619533538818),
            ["LeftLowerLeg"] = CFrame.new(-8.149072527885437e-09, 0.000003814697265625, 0.000013349577784538269, 1, -2.2351745343485163e-08, -1.2479713973334583e-07, 9.732318773103543e-08, 0.49613481760025024, 0.8682462573051453, -2.1094450630698702e-07, -0.868245542049408, 0.49613362550735474),
        }},
        {Time = 0.100, Data = {
            ["LeftFoot"] = CFrame.new(5.6374119594693184e-08, -1.1920928955078125e-07, 2.2351741790771484e-08, 0.9967861771583557, 0.07835928350687027, 0.016649682074785233, -0.06633783131837845, 0.9239229559898376, -0.3767835199832916, -0.04490764066576958, 0.374468058347702, 0.926151692867279),
            ["LeftLowerArm"] = CFrame.new(0, 7.152557373046875e-07, -4.023313522338867e-07, 1, -3.725291630729544e-09, 2.6077044523731274e-08, 4.4703494239684005e-08, 0.959358274936676, -0.28219130635261536, -2.6077039194660756e-08, 0.28219127655029297, 0.9593581557273865),
            ["LowerTorso"] = CFrame.new(0.04131138697266579, -0.3563685417175293, 0.27056220173835754, 0.9908424615859985, -0.053130876272916794, 0.12413040548563004, 0.0073225609958171844, 0.9391186237335205, 0.3435152471065521, -0.13482442498207092, -0.3394605815410614, 0.9309075474739075),
            ["Head"] = CFrame.new(-9.685754776000977e-08, 5.960464477539062e-07, -1.564621925354004e-07, 0.9910415410995483, 0.06500527262687683, -0.11666674166917801, -0.11909271776676178, 0.8255036473274231, -0.5516889691352844, 0.060446158051490784, 0.5606407523155212, 0.8258500695228577),
            ["RightUpperArm"] = CFrame.new(1.1920928955078125e-07, 7.152557373046875e-07, 4.470348358154297e-08, 0.4602009952068329, 0.18932051956653595, 0.8673943281173706, 0.39963120222091675, 0.8282513618469238, -0.3928036391735077, -0.7927863001823425, 0.5274065136909485, 0.3055036962032318),
            ["UpperTorso"] = CFrame.new(-7.450580596923828e-09, -1.4901161193847656e-07, -3.4458935260772705e-08, 0.9982982277870178, 0.021259816363453865, 0.05430334061384201, -0.030228596180677414, 0.984963059425354, 0.17010031640529633, -0.049870479851961136, -0.1714523285627365, 0.9839293956756592),
            ["HumanoidRootPart"] = CFrame.new(0, 0, 0, 1, 0, 0, 0, 1, 0, 0, 0, 1),
            ["RightHand"] = CFrame.new(2.384185791015625e-07, -2.980232238769531e-07, -9.5367431640625e-07, 0.37517309188842773, 0.18907104432582855, -0.9074675440788269, -0.6912435293197632, 0.7093241214752197, -0.1379919797182083, 0.6175982356071472, 0.6790518760681152, 0.39681339263916016),
            ["LeftUpperArm"] = CFrame.new(-1.1920928955078125e-07, 2.384185791015625e-07, 1.4901161193847656e-08, 0.29676175117492676, -0.13980816304683685, -0.9446619749069214, -0.3360041677951813, 0.9106816649436951, -0.2403334677219391, 0.893886923789978, 0.38873204588890076, 0.22327926754951477),
            ["RightLowerArm"] = CFrame.new(7.152557373046875e-07, 0.0000014901161193847656, 1.6763806343078613e-07, 1, -9.313223614526578e-08, 0, 5.215407838932151e-08, 0.7503055930137634, -0.661091148853302, 1.3969842171945857e-08, 0.661091148853302, 0.7503056526184082),
            ["LeftHand"] = CFrame.new(-1.6391277313232422e-07, -2.384185791015625e-07, 4.470348358154297e-08, 0.7694031000137329, -0.0018272926099598408, 0.6387609839439392, 0.1387118250131607, 0.9766107201576233, -0.16428810358047485, -0.62352055311203, 0.21500760316848755, 0.7516607642173767),
            ["RightUpperLeg"] = CFrame.new(1.1920928955078125e-07, -6.295740604400635e-07, -2.1031155483797193e-07, 0.9866693615913391, -0.07933913916349411, -0.14208735525608063, -0.09746060520410538, 0.4111364185810089, -0.9063489437103271, 0.1303262710571289, 0.9081146121025085, 0.39792320132255554),
            ["LeftUpperLeg"] = CFrame.new(8.940696716308594e-08, -3.4458935260772705e-07, 1.1175870895385742e-08, 0.9896299839019775, -0.13972242176532745, -0.03332116827368736, 0.01736527681350708, 0.3466510474681854, -0.937833309173584, 0.14258715510368347, 0.9275294542312622, 0.3454827070236206),
            ["RightLowerLeg"] = CFrame.new(-4.0978193283081055e-08, -0.000003814697265625, -0.000013347882486414164, 1, 4.349277844539756e-07, 3.41562440553389e-07, -3.2316884812644275e-07, 0.29121696949005127, 0.9566572308540344, 3.3155075129798206e-07, -0.9566571116447449, 0.29121628403663635),
            ["RightFoot"] = CFrame.new(2.1478626877069473e-08, 2.980232238769531e-07, -9.771611075848341e-09, 0.998958170413971, -0.04522544518113136, -0.006113813724368811, 0.037096790969371796, 0.8827335834503174, -0.4684073328971863, 0.026580629870295525, 0.4676923453807831, 0.8834915161132812),
            ["LeftLowerLeg"] = CFrame.new(5.448237061500549e-08, 0.000003874301910400391, 0.000013276934623718262, 1, -3.3294789147930715e-08, 4.0512528443059637e-08, -1.5366824257512235e-08, 0.32005545496940613, 0.9473990797996521, 5.634502286966381e-08, -0.947398841381073, 0.320054829120636),
        }},
        {Time = 0.133, Data = {
            ["LeftFoot"] = CFrame.new(-2.5880581233650446e-08, 1.1920928955078125e-07, -5.587935447692871e-09, 0.9949934482574463, 0.09756515175104141, 0.021657001227140427, -0.07742752134799957, 0.8895590901374817, -0.4502112865447998, -0.06319008022546768, 0.446279913187027, 0.8926594257354736),
            ["LeftLowerArm"] = CFrame.new(2.9802322387695312e-08, 4.172325134277344e-07, -2.2351741790771484e-07, 1, -1.117587622445626e-08, -6.332997060098933e-08, 1.1175874448099421e-08, 0.9955505728721619, -0.09422911703586578, -2.1886087608891103e-08, 0.09422910213470459, 0.9955506324768066),
            ["LowerTorso"] = CFrame.new(0.023663697764277458, -0.47582244873046875, 0.2652788758277893, 0.9912939667701721, -0.043179456144571304, 0.12438589334487915, -0.002925014356151223, 0.9372424483299255, 0.3486662209033966, -0.13163495063781738, -0.3459945619106293, 0.9289563894271851),
            ["Head"] = CFrame.new(-9.685754776000977e-08, 7.152557373046875e-07, -3.725290298461914e-09, 0.9927911162376404, 0.04449925571680069, -0.11129160970449448, -0.09676212817430496, 0.8455198407173157, -0.5251032114028931, 0.07073256373405457, 0.5320864915847778, 0.8437303900718689),
            ["RightUpperArm"] = CFrame.new(0, 9.5367431640625e-07, 2.2351741790771484e-07, 0.41669386625289917, 0.07783512771129608, 0.9057086110115051, 0.39984747767448425, 0.879078209400177, -0.2595064342021942, -0.816387414932251, 0.4702800214290619, 0.3351843059062958),
            ["UpperTorso"] = CFrame.new(1.1641532182693481e-08, 1.1920928955078125e-07, -1.150183379650116e-07, 0.9984283447265625, 0.024235695600509644, 0.0505317822098732, -0.030993960797786713, 0.9900068044662476, 0.13757190108299255, -0.04669264331459999, -0.13892187178134918, 0.9892020225524902),
            ["HumanoidRootPart"] = CFrame.new(0, 0, 0, 1, 0, 0, 0, 1, 0, 0, 0, 1),
            ["RightHand"] = CFrame.new(1.4901161193847656e-08, 5.960464477539063e-08, -5.662441253662109e-07, 0.7098275423049927, 0.09449698776006699, -0.6980081796646118, -0.3803601861000061, 0.8854817748069763, -0.2669235169887543, 0.5928499698638916, 0.4549642503261566, 0.6644821763038635),
            ["LeftUpperArm"] = CFrame.new(0, 4.76837158203125e-07, -1.4901161193847656e-07, 0.37535494565963745, -0.13692079484462738, -0.9167121648788452, -0.3083154857158661, 0.9142642021179199, -0.26279744505882263, 0.8740996718406677, 0.3812789022922516, 0.30095890164375305),
            ["RightLowerArm"] = CFrame.new(4.172325134277344e-07, 0.0000010728836059570312, 1.1920928955078125e-07, 1, -3.352760558072987e-08, 2.2351736461700966e-08, 2.9802322387695312e-08, 0.9328654408454895, -0.3602249026298523, 4.470348358154297e-08, 0.3602249324321747, 0.932865560054779),
            ["LeftHand"] = CFrame.new(-1.6391277313232422e-07, -1.1920928955078125e-07, 1.4901161193847656e-07, 0.9113741517066956, 0.06760140508413315, 0.4059891402721405, -0.00031031857361085713, 0.9865315556526184, -0.16357111930847168, -0.4115786850452423, 0.1489485651254654, 0.8991203308105469),
            ["RightUpperLeg"] = CFrame.new(0, -3.7997961044311523e-07, -2.550150384195149e-07, 0.9877715706825256, -0.10737210512161255, -0.11304254829883575, -0.07873645424842834, 0.2822566032409668, -0.9561023116111755, 0.1345655620098114, 0.9533113837242126, 0.2703510522842407),
            ["LeftUpperLeg"] = CFrame.new(2.086162567138672e-07, -5.010515451431274e-07, -3.2782554626464844e-07, 0.9870253205299377, -0.16037452220916748, 0.00781454797834158, 0.043413031846284866, 0.2196958214044571, -0.9746020436286926, 0.15458442270755768, 0.9622961282730103, 0.22380772233009338),
            ["RightLowerLeg"] = CFrame.new(9.313225746154785e-08, -0.0000034570693969726562, -0.000013442877389024943, 1, 4.265460518126929e-07, 2.3236486867972417e-07, -2.362212399020791e-07, 0.07115381956100464, 0.9974654316902161, 2.8870999813079834e-07, -0.9974654316902161, 0.07115279883146286),
            ["RightFoot"] = CFrame.new(-6.51925802230835e-09, 2.980232238769531e-07, 1.671287463977933e-08, 0.9993569850921631, -0.035451848059892654, -0.0053772456012666225, 0.026722149923443794, 0.8363363146781921, -0.5475656986236572, 0.02390950359404087, 0.5470693707466125, 0.8367453813552856),
            ["LeftLowerLeg"] = CFrame.new(-4.525645636022091e-08, 0.000003933906555175781, 0.000013485550880432129, 1, 9.377258436416014e-08, 9.080388707616294e-08, -6.973276356347924e-08, 0.12016231566667557, 0.992754340171814, 7.834749027324506e-08, -0.9927542805671692, 0.12016139179468155),
        }},
        {Time = 0.167, Data = {
            ["LeftFoot"] = CFrame.new(5.689798854291439e-09, 0, 1.4901161193847656e-08, 0.9935259222984314, 0.11088962852954865, 0.02469327300786972, -0.08455388993024826, 0.8669425845146179, -0.49118438363075256, -0.07587481290102005, 0.48591580986976624, 0.8707055449485779),
            ["LeftLowerArm"] = CFrame.new(1.1920928955078125e-07, 4.76837158203125e-07, -1.1920928955078125e-07, 1, -7.450583261459087e-09, 1.5366824257512235e-08, 0, 1, -5.587936335871291e-09, -5.2386901927548024e-08, 3.725291630729544e-09, 1),
            ["LowerTorso"] = CFrame.new(0.012728572823107243, -0.5435588359832764, 0.2561127245426178, 0.9918303489685059, -0.036507654935121536, 0.12222854793071747, -0.008132072165608406, 0.9381285905838013, 0.3461916744709015, -0.12730473279953003, -0.3443574011325836, 0.9301674365997314),
            ["Head"] = CFrame.new(-1.564621925354004e-07, 2.384185791015625e-07, 5.960464477539063e-08, 0.9940646886825562, 0.021511249244213104, -0.106642946600914, -0.07261943072080612, 0.8611005544662476, -0.5032218098640442, 0.08100535720586777, 0.5079793930053711, 0.8575518727302551),
            ["RightUpperArm"] = CFrame.new(0, 8.344650268554688e-07, 2.682209014892578e-07, 0.46385228633880615, -0.013409163802862167, 0.8858110904693604, 0.3846385180950165, 0.9037749767303467, -0.1877337545156479, -0.7980566620826721, 0.42779776453971863, 0.4243757128715515),
            ["UpperTorso"] = CFrame.new(-3.4924596548080444e-10, 2.384185791015625e-07, -1.0906660463660955e-07, 0.9984727501869202, 0.027315974235534668, 0.04802123084664345, -0.033228516578674316, 0.9913475513458252, 0.126988485455513, -0.04413691535592079, -0.12839022278785706, 0.9907410740852356),
            ["HumanoidRootPart"] = CFrame.new(0, 0, 0, 1, 0, 0, 0, 1, 0, 0, 0, 1),
            ["RightHand"] = CFrame.new(-1.2665987014770508e-07, -2.980232238769531e-07, -6.780028343200684e-07, 0.985796332359314, -0.14283126592636108, -0.08834516257047653, 0.12294937670230865, 0.9721085429191589, -0.19972120225429535, 0.114407479763031, 0.18602247536182404, 0.9758619666099548),
            ["LeftUpperArm"] = CFrame.new(5.960464477539063e-08, 8.344650268554688e-07, 2.5331974029541016e-07, 0.4850660562515259, -0.12454932183027267, -0.8655624985694885, -0.310465008020401, 0.9007969498634338, -0.3036056160926819, 0.8175099492073059, 0.4159955680370331, 0.39827775955200195),
            ["RightLowerArm"] = CFrame.new(4.172325134277344e-07, 0.0000016689300537109375, -7.450580596923828e-09, 1, -5.587936335871291e-09, 6.984919309616089e-09, 8.381904947896146e-09, 0.9995103478431702, -0.031290438026189804, -4.307367795775008e-09, 0.0312904417514801, 0.9995103478431702),
            ["LeftHand"] = CFrame.new(-2.1606683731079102e-07, -1.1920928955078125e-07, 2.086162567138672e-07, 0.9807037711143494, 0.17543908953666687, 0.08626310527324677, -0.16475068032741547, 0.9791971445083618, -0.11844950914382935, -0.10524932295084, 0.10195202380418777, 0.9892058968544006),
            ["RightUpperLeg"] = CFrame.new(5.960464477539063e-08, 9.313225746154785e-09, -2.1776213543489575e-07, 0.9885585904121399, -0.11838433146476746, -0.09347296506166458, -0.06565012037754059, 0.22023315727710724, -0.973235547542572, 0.13580156862735748, 0.9682368636131287, 0.20994137227535248),
            ["LeftUpperLeg"] = CFrame.new(8.940696716308594e-08, -2.551823854446411e-07, -3.948807716369629e-07, 0.9852555394172668, -0.1675809919834137, 0.034468717873096466, 0.061558447778224945, 0.15925508737564087, -0.9853163957595825, 0.1596309244632721, 0.9729104042053223, 0.1672229915857315),
            ["RightLowerLeg"] = CFrame.new(6.332993507385254e-08, -0.0000036954879760742188, -0.000013323668099474162, 1, -4.4330991499919037e-07, -3.2223741186498955e-07, 3.5949057064499357e-07, -0.044745951890945435, 0.9989984035491943, -3.874302478834579e-07, -0.9989984035491943, -0.04474661871790886),
            ["RightFoot"] = CFrame.new(-3.2421667128801346e-08, 2.980232238769531e-07, 3.149762051180005e-08, 0.9995891451835632, -0.028291210532188416, -0.00460011325776577, 0.020174013450741768, 0.8084384202957153, -0.5882358551025391, 0.02036079578101635, 0.5879006385803223, 0.8086764216423035),
            ["LeftLowerLeg"] = CFrame.new(-2.0372681319713593e-09, 0.000003933906555175781, 0.000013183802366256714, 1, -3.22645206551897e-07, -4.640309612113924e-07, 3.620515087732201e-07, 0.011576589196920395, 0.9999330043792725, -6.463376394094666e-07, -0.9999330639839172, 0.011575781740248203),
        }},
        {Time = 0.200, Data = {
            ["LeftFoot"] = CFrame.new(1.982880348805338e-08, 0, 2.2351741790771484e-08, 0.9934455752372742, 0.11208798736333847, 0.02240992896258831, -0.08686711639165878, 0.8677470088005066, -0.48935654759407043, -0.07429681718349457, 0.4842018485069275, 0.8717958331108093),
            ["LeftLowerArm"] = CFrame.new(0, 2.384185791015625e-07, -3.427267074584961e-07, 1, -3.6088767529918186e-09, 2.1609598555016873e-09, 1.7462296053594173e-09, 1, -5.587936779960501e-09, 1.2980306607346392e-08, 5.58793811222813e-09, 1),
            ["LowerTorso"] = CFrame.new(0.008369808085262775, -0.4998314380645752, 0.24017301201820374, 0.9929283857345581, -0.04361814633011818, 0.11041172593832016, 0.004413260612636805, 0.9429752230644226, 0.3328339457511902, -0.11863311380147934, -0.32999300956726074, 0.9364992380142212),
            ["Head"] = CFrame.new(-9.499490261077881e-08, -2.384185791015625e-07, -2.682209014892578e-07, 0.9953696131706238, 0.003756301710382104, -0.09604810923337936, -0.04968290776014328, 0.8755117058753967, -0.4806360602378845, 0.0822858139872551, 0.48318251967430115, 0.8716442584991455),
            ["RightUpperArm"] = CFrame.new(0, 4.76837158203125e-07, 4.470348358154297e-08, 0.7487053275108337, -0.03649294376373291, 0.6618977785110474, 0.30036234855651855, 0.9087823033332825, -0.2896501421928406, -0.5909506678581238, 0.4156717360019684, 0.6913712620735168),
            ["UpperTorso"] = CFrame.new(-8.381903171539307e-09, -2.384185791015625e-07, -4.9709342420101166e-08, 0.9972916841506958, 0.05176245793700218, 0.052250608801841736, -0.05822492390871048, 0.9896869659423828, 0.13088081777095795, -0.044937051832675934, -0.1335686445236206, 0.9900202751159668),
            ["HumanoidRootPart"] = CFrame.new(0, 0, 0, 1, 0, 0, 0, 1, 0, 0, 0, 1),
            ["RightHand"] = CFrame.new(2.384185791015625e-07, 0, -8.419156074523926e-07, 0.8874978423118591, -0.32712283730506897, 0.32455864548683167, 0.34463638067245483, 0.9387288093566895, 0.003745300229638815, -0.3058977723121643, 0.10853078961372375, 0.9458581209182739),
            ["LeftUpperArm"] = CFrame.new(-2.384185791015625e-07, 3.5762786865234375e-07, 1.4901161193847656e-08, 0.6293866038322449, -0.10474233329296112, -0.7700010538101196, -0.3139263391494751, 0.8721513748168945, -0.3752361834049225, 0.710860550403595, 0.47789230942726135, 0.5160389542579651),
            ["RightLowerArm"] = CFrame.new(2.980232238769531e-07, 7.152557373046875e-07, -9.499490261077881e-08, 1, -1.862645593320167e-09, 9.255020216869525e-08, -2.7939683899802503e-09, 1, 1.862645593320167e-09, -4.662434704982843e-08, -1.862645593320167e-09, 1),
            ["LeftHand"] = CFrame.new(-3.0780211091041565e-07, 5.960464477539063e-08, 1.4901161193847656e-08, 0.8885260820388794, 0.33175987005233765, -0.3169492483139038, -0.34401407837867737, 0.9387869834899902, 0.018256694078445435, 0.30360475182533264, 0.09281346946954727, 0.948266863822937),
            ["RightUpperLeg"] = CFrame.new(5.960464477539063e-08, -7.301568984985352e-07, -1.3580574886873364e-07, 0.9895532727241516, -0.10143974423408508, -0.10244137048721313, -0.06898309290409088, 0.2907837927341461, -0.954298734664917, 0.12659229338169098, 0.9513963460922241, 0.280748575925827),
            ["LeftUpperLeg"] = CFrame.new(1.1920928955078125e-07, -3.9301812648773193e-07, -4.842877388000488e-08, 0.9878232479095459, -0.15400418639183044, 0.022092647850513458, 0.05692113935947418, 0.22558864951133728, -0.972558319568634, 0.1447940617799759, 0.9619733095169067, 0.23160810768604279),
            ["RightLowerLeg"] = CFrame.new(2.8870999813079834e-08, -0.000003874301910400391, -0.000013400967873167247, 1, 1.1920940323761897e-07, 4.1909480330559745e-08, -2.7008351111135198e-08, 0.033310700207948685, 0.9994451403617859, 3.259628655882807e-08, -0.9994451403617859, 0.033309921622276306),
            ["RightFoot"] = CFrame.new(8.09086486697197e-09, 4.172325134277344e-07, 5.8862497098743916e-09, 0.9996994733810425, -0.024219993501901627, -0.003797755343839526, 0.017701342701911926, 0.8202856779098511, -0.5716807842254639, 0.016961080953478813, 0.5714410543441772, 0.8204673528671265),
            ["LeftLowerLeg"] = CFrame.new(1.1737574823200703e-07, 0.000003874301910400391, 0.000013340264558792114, 1, -3.0531396078004036e-07, -3.95258894059225e-07, 1.8748690422398795e-07, 0.06578584015369415, 0.9978339076042175, -3.645255333140085e-07, -0.9978338479995728, 0.06578486412763596),
        }},
        {Time = 0.233, Data = {
            ["LeftFoot"] = CFrame.new(-2.4621840566396713e-08, 0, 1.3969838619232178e-08, 0.9947509169578552, 0.10104122012853622, 0.01616385206580162, -0.08440962433815002, 0.8995679616928101, -0.4285475015640259, -0.057841550558805466, 0.4249333441257477, 0.9033746719360352),
            ["LeftLowerArm"] = CFrame.new(2.980232238769531e-07, 4.172325134277344e-07, -1.341104507446289e-07, 1, 1.8626460374093767e-09, -1.4901170075631853e-08, -7.450585037815927e-09, 1, 7.450585037815927e-09, -7.078055830334051e-08, -1.2107198799071739e-08, 1),
            ["LowerTorso"] = CFrame.new(0.0068276869133114815, -0.3426549434661865, 0.22057253122329712, 0.9943210482597351, -0.06378541141748428, 0.08518899977207184, 0.03460604324936867, 0.9507670402526855, 0.3079685866832733, -0.10063879191875458, -0.303271621465683, 0.9475749135017395),
            ["Head"] = CFrame.new(-1.0803341865539551e-07, 7.152557373046875e-07, -6.798654794692993e-08, 0.9969102144241333, -0.0277376901358366, -0.0734899640083313, -0.00999713409692049, 0.8831670880317688, -0.46895191073417664, 0.07791153341531754, 0.4682375490665436, 0.8801610469818115),
            ["RightUpperArm"] = CFrame.new(-1.1920928955078125e-07, 5.960464477539062e-07, 1.9371509552001953e-07, 0.9260378479957581, -0.08081995695829391, 0.3686760663986206, 0.23922567069530487, 0.8812182545661926, -0.4077076315879822, -0.29193317890167236, 0.46574944257736206, 0.8353757262229919),
            ["UpperTorso"] = CFrame.new(2.0489096641540527e-08, -4.172325134277344e-07, -1.4528632164001465e-07, 0.991359531879425, 0.11221066862344742, 0.06793511658906937, -0.12175072729587555, 0.9798746109008789, 0.15818540751934052, -0.04881780222058296, -0.16508981585502625, 0.9850696921348572),
            ["HumanoidRootPart"] = CFrame.new(0, 0, 0, 1, 0, 0, 0, 1, 0, 0, 0, 1),
            ["RightHand"] = CFrame.new(-1.4156103134155273e-07, 1.1920928955078125e-07, -8.158385753631592e-07, 0.7561627626419067, -0.4170851707458496, 0.5042399764060974, 0.41437238454818726, 0.9015729427337646, 0.12434504181146622, -0.5064716339111328, 0.11491803079843521, 0.8545644283294678),
            ["LeftUpperArm"] = CFrame.new(0, 0.0000010728836059570312, 2.682209014892578e-07, 0.7924356460571289, -0.08176686614751816, -0.6044501066207886, -0.292859822511673, 0.8182740807533264, -0.4946318566799164, 0.5350503325462341, 0.5689830183982849, 0.6244833469390869),
            ["RightLowerArm"] = CFrame.new(0.0000010132789611816406, 0.000001430511474609375, 2.2351741790771484e-08, 1, 4.656613428188905e-10, 1.2078089639544487e-09, -9.313225746154785e-10, 1, -4.656612873077393e-10, 4.9622030928730965e-09, 0, 1),
            ["LeftHand"] = CFrame.new(-2.384185791015625e-07, 0, -4.470348358154297e-08, 0.7523767948150635, 0.41449975967407227, -0.5119757652282715, -0.416901558637619, 0.9013769030570984, 0.1171020045876503, 0.5100218057632446, 0.12533865869045258, 0.8509806990623474),
            ["RightUpperLeg"] = CFrame.new(0, -8.754432201385498e-07, -2.885426511056721e-07, 0.9908736348152161, -0.04855349287390709, -0.125745952129364, -0.08607575297355652, 0.489985853433609, -0.8674703240394592, 0.10373228043317795, 0.8703771829605103, 0.4813348650932312),
            ["LeftUpperLeg"] = CFrame.new(1.7881393432617188e-07, -3.129243850708008e-07, -9.685754776000977e-08, 0.9936015605926514, -0.1116771474480629, -0.016862455755472183, 0.031349822878837585, 0.4161389172077179, -0.9087604284286499, 0.10850489884614944, 0.9024170637130737, 0.41697755455970764),
            ["RightLowerLeg"] = CFrame.new(-1.0803341865539551e-07, -0.0000035762786865234375, -0.000013246368325781077, 1, -3.203751646196906e-07, -1.7834831567142828e-07, 2.472662004038284e-07, 0.33391448855400085, 0.9426037073135376, -1.713633963618122e-07, -0.942603349685669, 0.3339135944843292),
            ["RightFoot"] = CFrame.new(-1.210719347000122e-08, 4.172325134277344e-07, -3.602326614782214e-08, 0.9997692108154297, -0.021265219897031784, -0.0030733931344002485, 0.017298521474003792, 0.8814845681190491, -0.4718961715698242, 0.012744257226586342, 0.4717338979244232, 0.88164883852005),
            ["LeftLowerLeg"] = CFrame.new(-7.217749953269958e-08, 0.000003814697265625, 0.000013433396816253662, 1, 4.144386878124351e-07, 2.537854015827179e-07, -2.444721474148537e-07, 0.30275923013687134, 0.9530673623085022, 2.4540346998946916e-07, -0.9530671238899231, 0.30275851488113403),
        }},
        {Time = 0.267, Data = {
            ["LeftFoot"] = CFrame.new(-4.4441549107432365e-08, -1.7881393432617188e-07, 4.6566128730773926e-09, 0.9996468424797058, -0.026003848761320114, -0.005491833668202162, 0.02376200258731842, 0.9670172929763794, -0.25360068678855896, 0.011905290186405182, 0.25338008999824524, 0.9672934412956238),
            ["LeftLowerArm"] = CFrame.new(7.152557373046875e-07, -7.748603820800781e-07, -3.5762786865234375e-07, 1, 7.450583261459087e-09, -1.4901168299275014e-08, 7.450583261459087e-09, 1, 3.352762689701194e-08, 3.725291630729544e-09, 3.725291630729544e-09, 1),
            ["LowerTorso"] = CFrame.new(0.007569447159767151, -0.18335425853729248, 0.19946762919425964, 0.9967983961105347, -0.05842204764485359, 0.05458768084645271, 0.04161953181028366, 0.962060272693634, 0.2696440815925598, -0.06826978921890259, -0.26650887727737427, 0.9614116549491882),
            ["Head"] = CFrame.new(-9.685754776000977e-08, 0, -1.632142812013626e-07, 0.9974703192710876, -0.009249899536371231, -0.07048051804304123, -0.023331016302108765, 0.8939715623855591, -0.4475160539150238, 0.06714706122875214, 0.4480283260345459, 0.8914942741394043),
            ["RightUpperArm"] = CFrame.new(-5.960464477539063e-08, 4.76837158203125e-07, 3.501772880554199e-07, 0.9812849164009094, -0.19059693813323975, 0.027437854558229446, 0.17490917444229126, 0.8226362466812134, -0.540995717048645, 0.0805407240986824, 0.5356701016426086, 0.8405777215957642),
            ["UpperTorso"] = CFrame.new(1.0244548320770264e-08, 3.2782554626464844e-07, -9.185168892145157e-08, 0.9925116300582886, 0.0984840989112854, 0.07226108014583588, -0.11087072640657425, 0.9746109843254089, 0.19452807307243347, -0.05126853287220001, -0.20108306407928467, 0.97823166847229),
            ["HumanoidRootPart"] = CFrame.new(0, 0, 0, 1, 0, 0, 0, 1, 0, 0, 0, 1),
            ["RightHand"] = CFrame.new(1.1175870895385742e-07, -2.384185791015625e-07, -6.109476089477539e-07, 0.6980563402175903, -0.4481531083583832, 0.5584588050842285, 0.4379478394985199, 0.8842517733573914, 0.16217468678951263, -0.5664972066879272, 0.13136868178844452, 0.8135251998901367),
            ["LeftUpperArm"] = CFrame.new(0, 1.1920928955078125e-07, 1.2665987014770508e-07, 0.9140375256538391, 0.023926397785544395, -0.4049234688282013, -0.28466174006462097, 0.7489925026893616, -0.5983126163482666, 0.2889692187309265, 0.6621463298797607, 0.6914181709289551),
            ["RightLowerArm"] = CFrame.new(7.152557373046875e-07, 5.960464477539063e-08, -7.450580596923828e-08, 1, -9.31322685637781e-10, 9.313227966600834e-10, 2.7939677238464355e-09, 1, -1.0244550985305523e-08, -1.862645149230957e-09, 3.725290742551124e-09, 1),
            ["LeftHand"] = CFrame.new(-3.8743019104003906e-07, -1.1920928955078125e-07, 1.1920928955078125e-07, 0.7999188303947449, 0.38512223958969116, -0.4602292776107788, -0.4033181965351105, 0.912894606590271, 0.06291250139474869, 0.4443698227405548, 0.13529394567012787, 0.8855682015419006),
            ["RightUpperLeg"] = CFrame.new(0, -6.686896085739136e-07, -2.1776213543489575e-07, 0.9910656809806824, -0.032828189432621, -0.12927217781543732, -0.08779764175415039, 0.5690420269966125, -0.8176078796386719, 0.10040191560983658, 0.8216530084609985, 0.5610758662223816),
            ["LeftUpperLeg"] = CFrame.new(5.960464477539063e-08, -6.07222318649292e-07, -2.1792948246002197e-07, 0.9977863430976868, -0.0617978498339653, -0.024567704647779465, 0.013169712387025356, 0.5457291007041931, -0.8378580212593079, 0.06518509984016418, 0.835679829120636, 0.5453351140022278),
