return {
    ["Bullet Ballet"] = {
        {Time = 0.000, Data = {
            ["LeftFoot"] = CFrame.new(1.1920928955078125e-07, -5.960464477539063e-08, -1.5087425708770752e-07, 0.9300181865692139, -0.3431806266307831, 0.13150407373905182, 0.03878440707921982, 0.44747084379196167, 0.8934569954872131, -0.3654613494873047, -0.8258310556411743, 0.429466187953949),
            ["LeftLowerArm"] = CFrame.new(1.7881393432617188e-07, 1.7881393432617188e-07, 7.450580596923828e-08, 1, -4.470347647611561e-08, 1.0430811414607888e-07, 1.0430811414607888e-07, -0.252969890832901, -0.9674742221832275, 8.940695295223122e-08, 0.9674742221832275, -0.2529698610305786),
            ["LowerTorso"] = CFrame.new(0.10481057316064835, -0.2561691999435425, 0.3178119659423828, 0.9609156250953674, 0.07846147567033768, 0.26548993587493896, -0.01718638837337494, 0.9740540981292725, -0.2256622016429901, -0.27630728483200073, 0.2122795283794403, 0.9373323321342468),
            ["Head"] = CFrame.new(-3.387685865163803e-08, -2.384185791015625e-07, -1.94646418094635e-07, 0.5855990648269653, 0.03218543156981468, 0.8099616765975952, 0.14169318974018097, 0.9797631502151489, -0.14137640595436096, -0.7981208562850952, 0.19755585491657257, 0.5691878199577332),
            ["RightUpperArm"] = CFrame.new(1.1920928955078125e-07, -1.1920928955078125e-07, -2.086162567138672e-07, 0.35249823331832886, -0.6927729845046997, 0.6291350722312927, -0.4748334586620331, 0.4469093978404999, 0.758159339427948, -0.806398332118988, -0.565983772277832, -0.1714167296886444),
            ["UpperTorso"] = CFrame.new(-1.4901161193847656e-08, 2.682209014892578e-07, -3.3527612686157227e-08, 0.9987308382987976, -0.03778095543384552, 0.03330709785223007, 0.017327474430203438, 0.8786680698394775, 0.47711870074272156, -0.04729185625910759, -0.47593602538108826, 0.8782076239585876),
            ["HumanoidRootPart"] = CFrame.new(0, 0, 0, 1, 0, 0, 0, 1, 0, 0, 0, 1),
            ["RightHand"] = CFrame.new(-6.277114152908325e-07, 1.7881393432617188e-07, 8.102506399154663e-08, 0.17808669805526733, -0.33374515175819397, 0.9256886839866638, 0.7408849596977234, 0.6645798683166504, 0.09707202762365341, -0.6475914120674133, 0.6685415506362915, 0.3656192123889923),
            ["LeftUpperArm"] = CFrame.new(-2.384185791015625e-07, 3.5762786865234375e-07, -2.384185791015625e-07, 0.055654823780059814, 0.9070499539375305, -0.4173283874988556, 0.34908273816108704, 0.37392058968544006, 0.859258234500885, 0.935437798500061, -0.1935039460659027, -0.29582488536834717),
            ["RightLowerArm"] = CFrame.new(-1.1920928955078125e-07, 0, 5.960464477539062e-07, 1, -1.0430811414607888e-07, 1.1920927533992653e-07, 9.685754776000977e-08, -0.2349339723587036, -0.9720113277435303, 1.7881393432617188e-07, 0.9720113277435303, -0.23493415117263794),
            ["LeftHand"] = CFrame.new(1.1920928955078125e-07, 3.5762786865234375e-07, -1.043081283569336e-07, -0.17022967338562012, 0.47343015670776367, -0.8642255067825317, -0.7180606126785278, 0.5410228371620178, 0.43781617283821106, 0.6748413443565369, 0.6950958967208862, 0.2478536069393158),
            ["RightUpperLeg"] = CFrame.new(-5.960464477539063e-08, 7.450580596923828e-08, -7.620110409334302e-08, 0.9404950141906738, -0.06917542964220047, -0.33269205689430237, 0.021896934136748314, 0.9893625378608704, -0.14381343126296997, 0.3391014039516449, 0.1279708445072174, 0.9320051670074463),
            ["LeftUpperLeg"] = CFrame.new(-5.960464477539063e-08, 5.960464477539062e-07, -1.043081283569336e-07, 0.5851547718048096, 0.6158557534217834, 0.5275564193725586, -0.06384867429733276, 0.6835339665412903, -0.7271208167076111, -0.808404266834259, 0.3917945623397827, 0.43929457664489746),
            ["RightLowerLeg"] = CFrame.new(2.3748725652694702e-08, -0.00012236833572387695, -0.00007746944174868986, 1, -1.3783569841052667e-07, -9.918585419654846e-08, 1.2852250108608132e-07, 0.4266592264175415, 0.9044122099876404, -7.264315371457997e-08, -0.9044125080108643, 0.4266597628593445),
            ["RightFoot"] = CFrame.new(-1.0058283805847168e-07, 2.384185791015625e-07, 1.4733814168721437e-08, 0.9828736782073975, -0.0017840303480625153, -0.1842728853225708, -0.09675349295139313, 0.8460462689399719, -0.5242559313774109, 0.15683817863464355, 0.5331065654754639, 0.831384003162384),
            ["LeftLowerLeg"] = CFrame.new(-7.450580596923828e-08, 0.0001227855682373047, 0.00007739663124084473, 1, 5.960463766996327e-08, 2.980232594040899e-08, 5.215408194203519e-08, 0.9999842643737793, 0.005619764793664217, 7.450583261459087e-09, -0.0056197973899543285, 0.9999842047691345),
        }},
        {Time = 0.033, Data = {
            ["LeftFoot"] = CFrame.new(1.6391277313232422e-07, 0, 1.4761462807655334e-07, 0.9441094994544983, -0.29568973183631897, 0.1456894874572754, 0.020370814949274063, 0.4934675097465515, 0.869525671005249, -0.3290022015571594, -0.8179593086242676, 0.4719107747077942),
            ["LeftLowerArm"] = CFrame.new(3.2782554626464844e-07, 0, 4.3213367462158203e-07, 1, -5.960463056453591e-08, 1.490115550950577e-07, 1.043081283569336e-07, -0.23993106186389923, -0.9707900285720825, 1.4901161193847656e-07, 0.970789909362793, -0.23993074893951416),
            ["LowerTorso"] = CFrame.new(0.14164821803569794, -0.27704787254333496, 0.3385925590991974, 0.951662003993988, 0.06721082329750061, 0.29970359802246094, 0.006246743258088827, 0.971327543258667, -0.23766323924064636, -0.3070838749408722, 0.2280472218990326, 0.9239556789398193),
            ["Head"] = CFrame.new(2.1420419216156006e-08, 5.960464477539062e-07, 5.8673322200775146e-08, 0.5759201645851135, 0.05760570615530014, 0.8154739141464233, 0.13185067474842072, 0.9779095649719238, -0.1621985137462616, -0.8068032264709473, 0.20093412697315216, 0.555602490901947),
            ["RightUpperArm"] = CFrame.new(-5.960464477539063e-08, 5.960464477539062e-07, 1.4901161193847656e-08, 0.3782906234264374, -0.679656982421875, 0.6284605860710144, -0.465787410736084, 0.4469465911388397, 0.7637284994125366, -0.799961507320404, -0.5816401839256287, -0.14749997854232788),
            ["UpperTorso"] = CFrame.new(3.166496753692627e-08, 2.682209014892578e-07, -5.960464477539063e-08, 0.9997187852859497, -0.021329445764422417, 0.010363818146288395, 0.013531657867133617, 0.8719943761825562, 0.4893288314342499, -0.019474364817142487, -0.48905104398727417, 0.8720378279685974),
            ["HumanoidRootPart"] = CFrame.new(0, 0, 0, 1, 0, 0, 0, 1, 0, 0, 0, 1),
            ["RightHand"] = CFrame.new(-4.624016582965851e-07, 6.556510925292969e-07, 2.530869096517563e-07, 0.16391493380069733, -0.3018585741519928, 0.939155638217926, 0.7167306542396545, 0.6905889511108398, 0.09687148034572601, -0.6778120994567871, 0.6572429537773132, 0.3295491933822632),
            ["LeftUpperArm"] = CFrame.new(-2.384185791015625e-07, 0, 5.960464477539063e-08, 0.03557845205068588, 0.9107488393783569, -0.41142550110816956, 0.3690463602542877, 0.3706139028072357, 0.8523205518722534, 0.9287298321723938, -0.18215925991535187, -0.3229224681854248),
            ["RightLowerArm"] = CFrame.new(0, 1.7881393432617188e-07, -2.9802322387695312e-08, 1, -3.725289587919178e-08, 1.3411046495548362e-07, 1.043081283569336e-07, -0.27497899532318115, -0.9614502191543579, 1.1920928955078125e-07, 0.9614502787590027, -0.27497923374176025),
            ["LeftHand"] = CFrame.new(5.960464477539063e-08, 3.5762786865234375e-07, -1.6391277313232422e-07, -0.18600422143936157, 0.49636006355285645, -0.8479560017585754, -0.7297326922416687, 0.5081155300140381, 0.45750218629837036, 0.6579457521438599, 0.7038787603378296, 0.26769834756851196),
            ["RightUpperLeg"] = CFrame.new(5.960464477539063e-08, -4.0978193283081055e-07, -1.246298779733479e-07, 0.9304214715957642, -0.07730785757303238, -0.3582450747489929, 0.03211933374404907, 0.9909383058547974, -0.13042153418064117, 0.3650813102722168, 0.10984019190073013, 0.924473226070404),
            ["LeftUpperLeg"] = CFrame.new(-1.1920928955078125e-07, 1.8440186977386475e-07, -5.587935447692871e-08, 0.5735500454902649, 0.6467912197113037, 0.5026941895484924, -0.028618454933166504, 0.6291090846061707, -0.7767902612686157, -0.8186705708503723, 0.4311414361000061, 0.3793357312679291),
            ["RightLowerLeg"] = CFrame.new(-2.1886080503463745e-08, -0.00012224912643432617, -0.0000774359141360037, 1, -1.378357268322361e-07, -8.24220549588972e-08, 1.3597308168300515e-07, 0.3980472981929779, 0.9173645973205566, -1.0244546899684792e-07, -0.9173649549484253, 0.3980480432510376),
            ["RightFoot"] = CFrame.new(-1.0244548320770264e-07, 1.7881393432617188e-07, -8.658389560878277e-10, 0.9841108918190002, 0.043465014547109604, -0.17215372622013092, -0.12789855897426605, 0.8460595607757568, -0.5175182223320007, 0.12315788120031357, 0.531313419342041, 0.8381754755973816),
            ["LeftLowerLeg"] = CFrame.new(-1.4901161193847656e-08, 0.00012254714965820312, 0.00007732631638646126, 1, 1.4901162970204496e-08, 3.9115523264854346e-08, 2.2351741790771484e-08, 0.9999843835830688, 0.005589879583567381, -1.862645149230957e-09, -0.00558993685990572, 0.9999843835830688),
        }},
        {Time = 0.067, Data = {
            ["LeftFoot"] = CFrame.new(1.1175870895385742e-07, 5.960464477539063e-08, 1.387670636177063e-07, 0.9509046673774719, -0.2445649653673172, 0.1896541267633438, -0.01367285568267107, 0.5790084004402161, 0.8152066469192505, -0.3091818392276764, -0.7777771353721619, 0.5472379922866821),
            ["LeftLowerArm"] = CFrame.new(2.086162567138672e-07, -5.960464477539063e-08, -1.6391277313232422e-07, 1, -1.1920930376163597e-07, 8.940695295223122e-08, 5.960465188081798e-08, -0.22823575139045715, -0.9736059308052063, 1.1920930376163597e-07, 0.9736059904098511, -0.22823551297187805),
            ["LowerTorso"] = CFrame.new(0.17386329174041748, -0.28853607177734375, 0.36057624220848083, 0.9438509345054626, 0.061014704406261444, 0.3246888518333435, 0.019484471529722214, 0.9708064198493958, -0.23907166719436646, -0.3297969698905945, 0.23197437822818756, 0.9151076078414917),
            ["Head"] = CFrame.new(-4.889443516731262e-08, -1.1920928955078125e-07, 1.1315569281578064e-07, 0.5699368715286255, 0.0758504644036293, 0.8181802034378052, 0.12820051610469818, 0.9753279089927673, -0.1797223687171936, -0.8116258382797241, 0.20732146501541138, 0.5461512207984924),
            ["RightUpperArm"] = CFrame.new(0, 1.1920928955078125e-07, 1.1920928955078125e-07, 0.38955172896385193, -0.6734435558319092, 0.6282702088356018, -0.4583369791507721, 0.44993752241134644, 0.7664750218391418, -0.798859715461731, -0.5865408182144165, -0.13338960707187653),
            ["UpperTorso"] = CFrame.new(3.725290298461914e-09, 3.5762786865234375e-07, -3.5390257835388184e-08, 0.999867856502533, -0.013734513893723488, -0.008699201047420502, 0.016236765310168266, 0.8707372546195984, 0.49148043990135193, 0.0008244068594649434, -0.49155670404434204, 0.8708451986312866),
            ["HumanoidRootPart"] = CFrame.new(0, 0, 0, 1, 0, 0, 0, 1, 0, 0, 0, 1),
            ["RightHand"] = CFrame.new(-2.952292561531067e-07, 2.384185791015625e-07, -8.847564458847046e-08, 0.15636764466762543, -0.2843613028526306, 0.9458794593811035, 0.6976038813591003, 0.7097434401512146, 0.09804742783308029, -0.699212372303009, 0.6445176005363464, 0.3093520998954773),
            ["LeftUpperArm"] = CFrame.new(-2.384185791015625e-07, 1.1920928955078125e-07, 2.9802322387695312e-08, 0.025241954252123833, 0.909613847732544, -0.41468748450279236, 0.3802827000617981, 0.37489673495292664, 0.845480740070343, 0.924525797367096, -0.1790393739938736, -0.33644717931747437),
            ["RightLowerArm"] = CFrame.new(0, -2.980232238769531e-07, 7.450580596923828e-08, 1, -1.4901161193847656e-08, 8.940695295223122e-08, 7.450580596923828e-08, -0.30087390542030334, -0.9536640048027039, 1.4156103134155273e-07, 0.9536640048027039, -0.30087387561798096),
            ["LeftHand"] = CFrame.new(3.2782554626464844e-07, 3.5762786865234375e-07, -3.8743019104003906e-07, -0.18582075834274292, 0.5025332570075989, -0.8443525433540344, -0.7346376776695251, 0.4996034801006317, 0.45902445912361145, 0.652516782283783, 0.7055895328521729, 0.27634286880493164),
            ["RightUpperLeg"] = CFrame.new(0, -4.0605664253234863e-07, -1.0414078133180737e-07, 0.9275342226028442, -0.08822140097618103, -0.3631763756275177, 0.0450935997068882, 0.9910585880279541, -0.1255773901939392, 0.37100791931152344, 0.10010026395320892, 0.9232190251350403),
            ["LeftUpperLeg"] = CFrame.new(-5.960464477539063e-08, -2.0489096641540527e-08, 6.891787052154541e-08, 0.5656319260597229, 0.6655675768852234, 0.4869079887866974, 0.0016157962381839752, 0.589541494846344, -0.8077368140220642, -0.8246562480926514, 0.45766887068748474, 0.33238810300827026),
            ["RightLowerLeg"] = CFrame.new(-2.561137080192566e-08, -0.00012218952178955078, -0.00007749179349048063, 1, -1.378357126213814e-07, -9.685756907629184e-08, 1.4435499906539917e-07, 0.3788924515247345, 0.9254406690597534, -9.406358003616333e-08, -0.9254407286643982, 0.37889277935028076),
            ["RightFoot"] = CFrame.new(-1.0523945093154907e-07, 1.1920928955078125e-07, 4.453613655641675e-08, 0.9818395376205444, 0.08314396440982819, -0.170524463057518, -0.159060999751091, 0.8506585955619812, -0.5010780096054077, 0.10339567810297012, 0.5191022157669067, 0.8484352231025696),
            ["LeftLowerLeg"] = CFrame.new(7.450580596923828e-08, 0.0001227259635925293, 0.00007764622569084167, 1, -1.4901157641133977e-08, 4.470347292340193e-08, 3.725290298461914e-08, 0.9999845027923584, 0.005568267311900854, 3.725290298461914e-08, -0.005568301770836115, 0.9999845027923584),
        }},
        {Time = 0.100, Data = {
            ["LeftFoot"] = CFrame.new(1.019798219203949e-07, -1.1920928955078125e-07, 1.2377859093248844e-07, 0.9455947875976562, -0.23056575655937195, 0.22954371571540833, -0.034121207892894745, 0.6313636898994446, 0.7747359275817871, -0.323552668094635, -0.7404184341430664, 0.5891468524932861),
            ["LeftLowerArm"] = CFrame.new(-8.940696716308594e-08, -1.7881393432617188e-07, 7.450580596923828e-08, 1, -7.450581307466564e-08, 0, 7.4505820180093e-08, -0.23605145514011383, -0.9717405438423157, 1.1920931797249068e-07, 0.9717406034469604, -0.23605157434940338),
            ["LowerTorso"] = CFrame.new(0.20027317106723785, -0.28917407989501953, 0.3779117465019226, 0.940127432346344, 0.05839557200670242, 0.33578336238861084, 0.023284515365958214, 0.9719060063362122, -0.23421476781368256, -0.34002697467803955, 0.22801026701927185, 0.9123557209968567),
            ["Head"] = CFrame.new(1.862645149230957e-09, -4.76837158203125e-07, 1.3969838619232178e-09, 0.5775085091590881, 0.08733917772769928, 0.811699390411377, 0.12759040296077728, 0.9723871946334839, -0.19540740549564362, -0.8063526749610901, 0.2164144515991211, 0.5504181981086731),
            ["RightUpperArm"] = CFrame.new(1.1920928955078125e-07, 0, -2.9802322387695312e-08, 0.39474427700042725, -0.6670510768890381, 0.6318385004997253, -0.45643699169158936, 0.45445430278778076, 0.7649424076080322, -0.7973971962928772, -0.5903509259223938, -0.1250733882188797),
            ["UpperTorso"] = CFrame.new(1.1175870895385742e-08, 1.1920928955078125e-07, -6.612390279769897e-08, 0.9997408986091614, -0.01632145419716835, -0.015871718525886536, 0.021974610164761543, 0.8740520477294922, 0.48533499240875244, 0.005951308645308018, -0.48555803298950195, 0.8741841912269592),
            ["HumanoidRootPart"] = CFrame.new(0, 0, 0, 1, 0, 0, 0, 1, 0, 0, 0, 1),
            ["RightHand"] = CFrame.new(-3.9674341678619385e-07, 5.960464477539062e-07, 1.471489667892456e-07, 0.14793828129768372, -0.27992746233940125, 0.9485541582107544, 0.6923563480377197, 0.71419757604599, 0.10278542339801788, -0.7062273025512695, 0.6415314674377441, 0.29946643114089966),
            ["LeftUpperArm"] = CFrame.new(-2.384185791015625e-07, -1.1920928955078125e-07, -8.940696716308594e-08, 0.025139663368463516, 0.9095920324325562, -0.414741575717926, 0.3857337534427643, 0.37391844391822815, 0.8434419631958008, 0.9222676157951355, -0.1811833381652832, -0.34146013855934143),
            ["RightLowerArm"] = CFrame.new(5.960464477539063e-08, 1.1920928955078125e-07, 1.043081283569336e-07, 1, -8.940695295223122e-08, 1.0430809993522416e-07, 5.960464477539063e-08, -0.30145320296287537, -0.9534809589385986, 1.7881393432617188e-07, 0.9534809589385986, -0.30145326256752014),
            ["LeftHand"] = CFrame.new(5.960464477539063e-08, 3.5762786865234375e-07, -7.450580596923828e-08, -0.17705295979976654, 0.49242913722991943, -0.8521538972854614, -0.7289540767669678, 0.516128659248352, 0.44970783591270447, 0.661270260810852, 0.7008030414581299, 0.26757583022117615),
            ["RightUpperLeg"] = CFrame.new(-2.9802322387695312e-08, -4.842877388000488e-07, -1.1252268450334668e-07, 0.9320781230926514, -0.09927554428577423, -0.3483888804912567, 0.06220567598938942, 0.9912934899330139, -0.11605053395032883, 0.3568767309188843, 0.08649624139070511, 0.9301384091377258),
            ["LeftUpperLeg"] = CFrame.new(-1.1920928955078125e-07, 8.568167686462402e-08, 6.798654794692993e-08, 0.5628377795219421, 0.6718940734863281, 0.4814263880252838, -0.00758750643581152, 0.5866163372993469, -0.8098297119140625, -0.8265325427055359, 0.4521500766277313, 0.3352678716182709),
            ["RightLowerLeg"] = CFrame.new(7.660128176212311e-08, -0.00012230873107910156, -0.00007740052387816831, 1, -1.4196845654623758e-07, -1.0081566870212555e-07, 1.3434328138828278e-07, 0.3793867528438568, 0.9252378940582275, -9.735231287777424e-08, -0.9252381920814514, 0.37938743829727173),
            ["RightFoot"] = CFrame.new(-1.5596742741763592e-07, 1.7881393432617188e-07, 6.223126547411084e-08, 0.9770540595054626, 0.12256498634815216, -0.1741943061351776, -0.19308361411094666, 0.854930579662323, -0.4814690351486206, 0.08991218358278275, 0.5040552020072937, 0.8589783906936646),
            ["LeftLowerLeg"] = CFrame.new(4.470348358154297e-08, 0.0001227259635925293, 0.00007735006511211395, 1, 0, -3.7252894102834944e-09, 1.4901161193847656e-08, 0.9999845623970032, 0.005572496447712183, 2.9802322387695312e-08, -0.005572548136115074, 0.9999845623970032),
        }},
        {Time = 0.133, Data = {
            ["LeftFoot"] = CFrame.new(5.960464477539063e-08, -1.7881393432617188e-07, 1.3377575669437647e-07, 0.9386817812919617, -0.25073757767677307, 0.2366584688425064, -0.026913827285170555, 0.6310126185417175, 0.7753053307533264, -0.34373268485069275, -0.7341347336769104, 0.585571825504303),
            ["LeftLowerArm"] = CFrame.new(3.2782554626464844e-07, -1.1920928955078125e-07, 5.066394805908203e-07, 1, -7.450581307466564e-08, 1.043081283569336e-07, 1.0430814256778831e-07, -0.2587886154651642, -0.9659339785575867, 1.1920930376163597e-07, 0.9659340381622314, -0.25878867506980896),
            ["LowerTorso"] = CFrame.new(0.2198745161294937, -0.27827882766723633, 0.385759174823761, 0.9401749968528748, 0.05634314566850662, 0.33600085973739624, 0.021413171663880348, 0.974507749080658, -0.22332966327667236, -0.34001854062080383, 0.2171638011932373, 0.9150012731552124),
            ["Head"] = CFrame.new(-4.842877388000488e-08, -7.152557373046875e-07, -6.239861249923706e-08, 0.6177331805229187, 0.09215652197599411, 0.7809692621231079, 0.12383498251438141, 0.9693191051483154, -0.21233361959457397, -0.7765762805938721, 0.22787676751613617, 0.5873682498931885),
            ["RightUpperArm"] = CFrame.new(0, 2.384185791015625e-07, -1.4901161193847656e-08, 0.3999202847480774, -0.6640355587005615, 0.6317598223686218, -0.45971402525901794, 0.45098328590393066, 0.7650341987609863, -0.7929229736328125, -0.5963816046714783, -0.1249089390039444),
            ["UpperTorso"] = CFrame.new(1.1175870895385742e-08, 1.1920928955078125e-07, -1.862645149230957e-08, 0.9995836615562439, -0.027304036542773247, -0.009332813322544098, 0.028493791818618774, 0.8829970955848694, 0.4685128927230835, -0.004551530349999666, -0.4685838520526886, 0.8834074139595032),
            ["HumanoidRootPart"] = CFrame.new(0, 0, 0, 1, 0, 0, 0, 1, 0, 0, 0, 1),
            ["RightHand"] = CFrame.new(-3.650784492492676e-07, 2.980232238769531e-07, 1.0617077350616455e-07, 0.1477777659893036, -0.28895556926727295, 0.9458680152893066, 0.699711799621582, 0.7064435482025146, 0.10649377107620239, -0.6989743709564209, 0.6460976004600525, 0.30658259987831116),
            ["LeftUpperArm"] = CFrame.new(-4.76837158203125e-07, -1.1920928955078125e-07, -1.7881393432617188e-07, 0.032350484281778336, 0.9103444218635559, -0.41258561611175537, 0.3863198757171631, 0.36932945251464844, 0.8451938033103943, 0.9217973947525024, -0.18673239648342133, -0.33973637223243713),
            ["RightLowerArm"] = CFrame.new(0, -1.7881393432617188e-07, -3.129243850708008e-07, 1, -1.1920927533992653e-07, 8.940695295223122e-08, 1.043081283569336e-07, -0.2823532521724701, -0.9593105316162109, 2.086162567138672e-07, 0.9593104720115662, -0.28235313296318054),
            ["LeftHand"] = CFrame.new(2.086162567138672e-07, 4.76837158203125e-07, -2.980232238769531e-07, -0.1641966551542282, 0.4711040258407593, -0.8666605353355408, -0.7116650938987732, 0.5518092513084412, 0.4347865879535675, 0.6830610632896423, 0.6881625652313232, 0.2446633130311966),
            ["RightUpperLeg"] = CFrame.new(-1.7881393432617188e-07, -5.811452865600586e-07, -8.737697498872876e-08, 0.9421452283859253, -0.10560882091522217, -0.31813350319862366, 0.08066900819540024, 0.9926137328147888, -0.09061242640018463, 0.3253534436225891, 0.05970660597085953, 0.9437057375907898),
            ["LeftUpperLeg"] = CFrame.new(2.9802322387695312e-08, -2.691522240638733e-07, 1.5273690223693848e-07, 0.5564756989479065, 0.6830815672874451, 0.47300511598587036, -0.04468198120594025, 0.593072772026062, -0.8039083480834961, -0.8296615481376648, 0.4262210726737976, 0.36055201292037964),
            ["RightLowerLeg"] = CFrame.new(-4.9854861572384834e-08, -0.00012248754501342773, -0.00007739586726529524, 1, -1.3527457554118882e-07, -8.7777195290073e-08, 1.3422686606645584e-07, 0.4124433994293213, 0.9109830856323242, -8.66129994392395e-08, -0.9109832048416138, 0.4124436676502228),
            ["RightFoot"] = CFrame.new(-1.9185245037078857e-07, 1.7881393432617188e-07, 3.80168785341084e-08, 0.970412015914917, 0.15822827816009521, -0.18238681554794312, -0.22663968801498413, 0.8574209809303284, -0.4620203673839569, 0.08327681571245193, 0.48968663811683655, 0.8679125905036926),
            ["LeftLowerLeg"] = CFrame.new(4.470348358154297e-08, 0.00012260675430297852, 0.00007751805242151022, 1, 3.725288166833707e-08, 1.6298140614878776e-09, 1.4901159417490817e-08, 0.9999843835830688, 0.005587584339082241, 5.587934559514451e-09, -0.005587399937212467, 0.9999844431877136),
        }},
        {Time = 0.167, Data = {
            ["LeftFoot"] = CFrame.new(9.685754776000977e-08, 0, 1.8463470041751862e-07, 0.9347814917564392, -0.26368552446365356, 0.23802101612091064, -0.02052590250968933, 0.6288440823554993, 0.7772603034973145, -0.35462990403175354, -0.7314541339874268, 0.5824194550514221),
            ["LeftLowerArm"] = CFrame.new(-2.682209014892578e-07, -3.5762786865234375e-07, 5.960464477539062e-07, 1, -1.043081283569336e-07, 0, 4.470348358154297e-08, -0.2743474245071411, -0.9616307020187378, 7.450580596923828e-08, 0.9616307020187378, -0.2743474245071411),
            ["LowerTorso"] = CFrame.new(0.2300872951745987, -0.2523397207260132, 0.3832436203956604, 0.9417105317115784, 0.05351363494992256, 0.33214086294174194, 0.016895944252610207, 0.9784991145133972, -0.20555776357650757, -0.3359996974468231, 0.1991877406835556, 0.920558750629425),
            ["Head"] = CFrame.new(1.1175870895385742e-08, -2.384185791015625e-07, 1.51805579662323e-07, 0.7054118514060974, 0.0820268765091896, 0.7040354013442993, 0.1120108887553215, 0.9678992033004761, -0.22499944269657135, -0.699891209602356, 0.23757684230804443, 0.6735795736312866),
            ["RightUpperArm"] = CFrame.new(0, -2.384185791015625e-07, 5.960464477539063e-08, 0.4054983854293823, -0.6630154848098755, 0.6292709112167358, -0.4632411599159241, 0.44440993666648865, 0.7667511701583862, -0.7880221009254456, -0.6024203300476074, -0.12692862749099731),
            ["UpperTorso"] = CFrame.new(-3.3527612686157227e-08, 4.76837158203125e-07, -1.043081283569336e-07, 0.9991404414176941, -0.040913645178079605, 0.006678198464214802, 0.03383016213774681, 0.8978219032287598, 0.4390574097633362, -0.023959293961524963, -0.4384540021419525, 0.8984342813491821),
            ["HumanoidRootPart"] = CFrame.new(0, 0, 0, 1, 0, 0, 0, 1, 0, 0, 0, 1),
            ["RightHand"] = CFrame.new(-5.178153514862061e-07, 5.364418029785156e-07, 6.05359673500061e-08, 0.15375754237174988, -0.3059904873371124, 0.9395362734794617, 0.7060787081718445, 0.6991941332817078, 0.1121634989976883, -0.6912391185760498, 0.646140456199646, 0.3235597610473633),
            ["LeftUpperArm"] = CFrame.new(-1.1920928955078125e-07, -3.5762786865234375e-07, -5.960464477539063e-08, 0.03817746415734291, 0.9064939022064209, -0.42048949003219604, 0.3828122019767761, 0.37542638182640076, 0.8441030979156494, 0.9230369925498962, -0.19319398701190948, -0.3326839804649353),
            ["RightLowerArm"] = CFrame.new(5.960464477539063e-08, 1.1920928955078125e-07, -4.76837158203125e-07, 1, -6.705522537231445e-08, 1.341104365337742e-07, 1.6391273049976007e-07, -0.25599947571754456, -0.9666768908500671, 2.0861619987044833e-07, 0.9666769504547119, -0.25599953532218933),
            ["LeftHand"] = CFrame.new(8.940696716308594e-08, 4.76837158203125e-07, -2.682209014892578e-07, -0.13663527369499207, 0.4513586163520813, -0.8818198442459106, -0.6932660341262817, 0.5922879576683044, 0.4105815291404724, 0.7076107859611511, 0.6674357056617737, 0.2319839894771576),
            ["RightUpperLeg"] = CFrame.new(-8.940696716308594e-08, -4.76837158203125e-07, -1.507069100625813e-07, 0.9531568288803101, -0.10668156296014786, -0.2830391228199005, 0.10044882446527481, 0.9942730069160461, -0.03648650273680687, 0.2853105068206787, 0.00634643854573369, 0.9584140777587891),
            ["LeftUpperLeg"] = CFrame.new(-1.1920928955078125e-07, 4.6566128730773926e-08, 1.1920928955078125e-07, 0.5616852641105652, 0.6691630482673645, 0.48654910922050476, -0.06281080096960068, 0.6208728551864624, -0.7813912034034729, -0.8249632716178894, 0.4083353281021118, 0.3907657563686371),
            ["RightLowerLeg"] = CFrame.new(8.149072527885437e-10, -0.00012224912643432617, -0.00007734650716884062, 1, -1.2665984172599565e-07, -8.288773756248702e-08, 1.3597309589385986e-07, 0.49188709259033203, 0.8706586956977844, -7.078051567077637e-08, -0.8706590533256531, 0.49188774824142456),
            ["RightFoot"] = CFrame.new(-1.0617077350616455e-07, 2.384185791015625e-07, 1.339431037195027e-07, 0.9608393907546997, 0.1938248723745346, -0.19804073870182037, -0.2634097933769226, 0.860755980014801, -0.4355616271495819, 0.08604156225919724, 0.47067078948020935, 0.8781036734580994),
            ["LeftLowerLeg"] = CFrame.new(-7.450580596923828e-08, 0.0001227259635925293, 0.00007758289575576782, 1, 5.960465188081798e-08, 1.1175869119028903e-08, -7.450583261459087e-09, 0.9999842643737793, 0.005612234119325876, 3.725291630729544e-09, -0.0056122285313904285, 0.9999842643737793),
        }},
        {Time = 0.200, Data = {
            ["LeftFoot"] = CFrame.new(1.0989606380462646e-07, -5.960464477539063e-08, -4.7264620661735535e-08, 0.9315689206123352, -0.2721659541130066, 0.2410508692264557, -0.01692095585167408, 0.6298428177833557, 0.7765381932258606, -0.3631710708141327, -0.7274776697158813, 0.5821365714073181),
            ["LeftLowerArm"] = CFrame.new(5.960464477539063e-08, 2.384185791015625e-07, -1.4901161193847656e-07, 1, -1.341104365337742e-07, 1.9371505288745539e-07, 1.4901159417490817e-08, -0.27824750542640686, -0.9605095386505127, 8.940695295223122e-08, 0.9605094790458679, -0.27824723720550537),
            ["LowerTorso"] = CFrame.new(0.22815223038196564, -0.20839345455169678, 0.3673847019672394, 0.9427947998046875, 0.050087958574295044, 0.3295896053314209, 0.012196275405585766, 0.9828046560287476, -0.18424507975578308, -0.3331506550312042, 0.17772506177425385, 0.9259721636772156),
            ["Head"] = CFrame.new(-5.029141902923584e-08, 0, 1.126900315284729e-07, 0.8059948086738586, 0.06756752729415894, 0.5880537033081055, 0.0838485062122345, 0.9704130291938782, -0.22642478346824646, -0.5859537720680237, 0.23180459439754486, 0.776482343673706),
            ["RightUpperArm"] = CFrame.new(-5.960464477539063e-08, 7.152557373046875e-07, 1.7881393432617188e-07, 0.4160524904727936, -0.6574039459228516, 0.6282678246498108, -0.46052342653274536, 0.4434237778186798, 0.7689563035964966, -0.7841037511825562, -0.6092581152915955, -0.1182621568441391),
            ["UpperTorso"] = CFrame.new(5.587935447692871e-09, 6.556510925292969e-07, -1.4901161193847656e-07, 0.9982378482818604, -0.0540592260658741, 0.024470342323184013, 0.03992091864347458, 0.9169110059738159, 0.39709019660949707, -0.04390360787510872, -0.3954136073589325, 0.9174533486366272),
            ["HumanoidRootPart"] = CFrame.new(0, 0, 0, 1, 0, 0, 0, 1, 0, 0, 0, 1),
            ["RightHand"] = CFrame.new(-4.7497451305389404e-07, 4.76837158203125e-07, 1.1082738637924194e-07, 0.16331255435943604, -0.3202469050884247, 0.933151125907898, 0.7117310166358948, 0.6932460069656372, 0.11335272341966629, -0.6832042336463928, 0.6456406116485596, 0.3411453664302826),
            ["LeftUpperArm"] = CFrame.new(-3.5762786865234375e-07, 5.960464477539062e-07, 8.940696716308594e-08, 0.041643060743808746, 0.8975592851638794, -0.4389229714870453, 0.37834012508392334, 0.39242419600486755, 0.8383687138557434, 0.9247295260429382, -0.20097434520721436, -0.32324084639549255),
            ["RightLowerArm"] = CFrame.new(-1.4901161193847656e-07, -5.960464477539063e-08, 4.023313522338867e-07, 1, -1.2665984172599565e-07, 7.450577754752885e-08, 1.4901158351676713e-07, -0.22536374628543854, -0.9742746949195862, 1.6391273049976007e-07, 0.974274754524231, -0.22536370158195496),
            ["LeftHand"] = CFrame.new(2.682209014892578e-07, 7.152557373046875e-07, -1.7881393432617188e-07, -0.10395687818527222, 0.4317134618759155, -0.8960003852844238, -0.6772887110710144, 0.6289898753166199, 0.3816428482532501, 0.7283358573913574, 0.646525502204895, 0.2270069718360901),
            ["RightUpperLeg"] = CFrame.new(-2.9802322387695312e-08, 4.0978193283081055e-08, -9.85528458841145e-08, 0.9609377384185791, -0.10844137519598007, -0.25463545322418213, 0.12443054467439651, 0.9910907745361328, 0.047497913241386414, 0.24721622467041016, -0.07732704281806946, 0.9658700227737427),
            ["LeftUpperLeg"] = CFrame.new(2.9802322387695312e-08, 4.805624485015869e-07, -7.450580596923828e-09, 0.5873777866363525, 0.612407922744751, 0.5290966033935547, -0.03991818055510521, 0.6748877167701721, -0.7368401885032654, -0.8083277940750122, 0.4116833209991455, 0.4208604395389557),
            ["RightLowerLeg"] = CFrame.new(-1.9371509552001953e-07, -0.00012218952178955078, -0.00007742566958768293, 1, -1.0058283805847168e-07, -5.21540641784668e-08, 1.3224781980625266e-07, 0.6152159571647644, 0.788358211517334, -4.377216455964117e-08, -0.7883586883544922, 0.6152166128158569),
            ["RightFoot"] = CFrame.new(-3.91155481338501e-08, 1.7881393432617188e-07, 4.8261426854878664e-08, 0.9488169550895691, 0.2333041876554489, -0.21287666261196136, -0.29977506399154663, 0.8774230480194092, -0.3745175004005432, 0.09940560162067413, 0.41916361451148987, 0.902452290058136),
            ["LeftLowerLeg"] = CFrame.new(5.960464477539063e-08, 0.0001227259635925293, 0.00007729791104793549, 1, -8.195637946073475e-08, -4.470347292340193e-08, -5.960464477539063e-08, 0.9999841451644897, 0.005645057652145624, 0, -0.005645241122692823, 0.9999841451644897),
        }},
        {Time = 0.233, Data = {
            ["LeftFoot"] = CFrame.new(1.6391277313232422e-07, -5.960464477539063e-08, -1.1175870895385742e-07, 0.9279217720031738, -0.28763729333877563, 0.23712052404880524, -0.01536470651626587, 0.6060435771942139, 0.7952830195426941, -0.3724583089351654, -0.741603672504425, 0.5579415559768677),
            ["LeftLowerArm"] = CFrame.new(2.086162567138672e-07, 1.1920928955078125e-07, 1.9371509552001953e-07, 1, -3.3527612686157227e-08, 1.0430811414607888e-07, 2.2351738948600541e-07, -0.2861718535423279, -0.9581782817840576, 1.639127589214695e-07, 0.9581784009933472, -0.28617188334465027),
            ["LowerTorso"] = CFrame.new(0.21016338467597961, -0.1489475965499878, 0.33695197105407715, 0.9450762271881104, 0.050098203122615814, 0.3229879140853882, 0.004185150843113661, 0.9862476587295532, -0.1652214229106903, -0.32682332396507263, 0.1574985682964325, 0.9318695664405823),
            ["Head"] = CFrame.new(-2.7939677238464355e-08, -9.5367431640625e-07, 8.940696716308594e-08, 0.8855705857276917, 0.06002500280737877, 0.46061038970947266, 0.0434693917632103, 0.9765546917915344, -0.2108353078365326, -0.46246665716171265, 0.206731915473938, 0.8621987104415894),
            ["RightUpperArm"] = CFrame.new(-5.960464477539063e-08, -2.384185791015625e-07, -2.9802322387695312e-08, 0.4323554039001465, -0.6461200714111328, 0.6289657354354858, -0.45571622252464294, 0.4453164041042328, 0.7707244157791138, -0.7780691385269165, -0.6198567152023315, -0.10191246122121811),
            ["UpperTorso"] = CFrame.new(2.0489096641540527e-08, 2.384185791015625e-07, -8.195638656616211e-08, 0.9965886473655701, -0.06817425787448883, 0.046513237059116364, 0.04769494757056236, 0.9357033371925354, 0.3495491147041321, -0.067352794110775, -0.3461381793022156, 0.935762882232666),
            ["HumanoidRootPart"] = CFrame.new(0, 0, 0, 1, 0, 0, 0, 1, 0, 0, 0, 1),
            ["RightHand"] = CFrame.new(-3.725290298461914e-07, 1.1920928955078125e-07, -1.2852251529693604e-07, 0.177970752120018, -0.33732444047927856, 0.9244124889373779, 0.721924901008606, 0.6831257343292236, 0.11028982698917389, -0.6686933636665344, 0.6477278470993042, 0.3650996685028076),
            ["LeftUpperArm"] = CFrame.new(-2.384185791015625e-07, 1.1920928955078125e-07, -8.940696716308594e-08, 0.04838405176997185, 0.8875231146812439, -0.45821595191955566, 0.3746335804462433, 0.40913689136505127, 0.8320196270942688, 0.925909698009491, -0.21191957592964172, -0.3127003312110901),
            ["RightLowerArm"] = CFrame.new(2.384185791015625e-07, 5.960464477539063e-08, -7.450580596923828e-08, 1, -3.725290298461914e-08, 2.9802318834981634e-08, 1.4901159772762185e-07, -0.1932990550994873, -0.9811398983001709, 1.8626448650138627e-07, 0.9811399579048157, -0.1932990700006485),
            ["LeftHand"] = CFrame.new(1.7881393432617188e-07, 4.76837158203125e-07, -2.384185791015625e-07, -0.07646381855010986, 0.4066764712333679, -0.9103665351867676, -0.6572557687759399, 0.6660298109054565, 0.35273149609565735, 0.7497788667678833, 0.6253148317337036, 0.21636366844177246),
            ["RightUpperLeg"] = CFrame.new(2.384185791015625e-07, -2.775341272354126e-07, -6.875052349641919e-08, 0.9643837809562683, -0.1258229911327362, -0.2326642870903015, 0.16397927701473236, 0.9745827317237854, 0.15264064073562622, 0.20754487812519073, -0.18535630404949188, 0.9605041146278381),
            ["LeftUpperLeg"] = CFrame.new(-2.384185791015625e-07, -2.1141022443771362e-07, 0, 0.661391019821167, 0.5016494393348694, 0.557593047618866, -0.054631829261779785, 0.7736622095108032, -0.6312386393547058, -0.7480491399765015, 0.38703325390815735, 0.5390990376472473),
            ["RightLowerLeg"] = CFrame.new(-7.729977369308472e-08, -0.00012248754501342773, -0.00007741076842648908, 1, -8.940696716308594e-08, -5.308537964765492e-08, 1.0547229578605766e-07, 0.7545287013053894, 0.6562665104866028, -1.7113054084916257e-08, -0.6562670469284058, 0.7545292377471924),
            ["RightFoot"] = CFrame.new(-1.3783574104309082e-07, 3.5762786865234375e-07, 7.639755494892597e-10, 0.9287212491035461, 0.3070680499076843, -0.20781391859054565, -0.35364168882369995, 0.9020148515701294, -0.24760106205940247, 0.11142031103372574, 0.3034442365169525, 0.9463123083114624),
            ["LeftLowerLeg"] = CFrame.new(-1.4901161193847656e-08, 0.00012284517288208008, 0.00007762759923934937, 1, 1.1175874448099421e-08, -7.4505797087454084e-09, -4.470347647611561e-08, 0.9999838471412659, 0.005700625013560057, 7.4505797087454084e-09, -0.005700672045350075, 0.9999837875366211),
        }},
        {Time = 0.267, Data = {
            ["LeftFoot"] = CFrame.new(6.146728992462158e-08, -1.1920928955078125e-07, 1.1920928955078125e-07, 0.9307606816291809, -0.304495245218277, 0.20240427553653717, 0.005664229858666658, 0.5655195713043213, 0.824715256690979, -0.3655850887298584, -0.7664660811424255, 0.528088390827179),
            ["LeftLowerArm"] = CFrame.new(1.1920928955078125e-07, 2.980232238769531e-07, -4.470348358154297e-07, 1, -8.172354881708088e-08, 5.960465188081798e-08, 7.4505820180093e-08, -0.3017604947090149, -0.9533838033676147, 1.0430815677864302e-07, 0.9533838033676147, -0.3017604649066925),
            ["LowerTorso"] = CFrame.new(0.17454411089420319, -0.08480632305145264, 0.29536333680152893, 0.948517382144928, 0.0491601899266243, 0.31288668513298035, 0.00016213221533689648, 0.9878053665161133, -0.15569372475147247, -0.31672507524490356, 0.14772891998291016, 0.9369426369667053),
            ["Head"] = CFrame.new(4.842877388000488e-08, 2.384185791015625e-07, 7.450580596923828e-09, 0.931864321231842, 0.055093683302402496, 0.35859960317611694, 0.010054480284452438, 0.9841017723083496, -0.1773209124803543, -0.3626677691936493, 0.16884450614452362, 0.9164953827857971),
            ["RightUpperArm"] = CFrame.new(1.1920928955078125e-07, 0, -1.341104507446289e-07, 0.44667965173721313, -0.6386309266090393, 0.6266003251075745, -0.4554910659790039, 0.4404747188091278, 0.7736343145370483, -0.7700684666633606, -0.6309774518013, -0.09413942694664001),
            ["UpperTorso"] = CFrame.new(2.2031599655747414e-08, 2.682209014892578e-07, -6.332993507385254e-08, 0.9953902959823608, -0.07012981176376343, 0.06542247533798218, 0.047021277248859406, 0.9513786435127258, 0.3044136166572571, -0.08359003812074661, -0.2999340891838074, 0.9502906203269958),
            ["HumanoidRootPart"] = CFrame.new(0, 0, 0, 1, 0, 0, 0, 1, 0, 0, 0, 1),
            ["RightHand"] = CFrame.new(-5.289912223815918e-07, 2.384185791015625e-07, -7.450580596923828e-09, 0.19245491921901703, -0.35620930790901184, 0.9143718481063843, 0.731123149394989, 0.6735609173774719, 0.1085122674703598, -0.6545381546020508, 0.6476345658302307, 0.39006316661834717),
            ["LeftUpperArm"] = CFrame.new(-1.1920928955078125e-07, -1.1920928955078125e-07, 0, 0.06751003116369247, 0.8769629597663879, -0.4757925570011139, 0.37369227409362793, 0.41994214057922363, 0.8270445466041565, 0.9250926971435547, -0.23363366723060608, -0.2993639409542084),
            ["RightLowerArm"] = CFrame.new(0, 3.5762786865234375e-07, 7.450580596923828e-08, 1, -4.4703469370688254e-08, 2.9802311729554276e-08, 1.0430809993522416e-07, -0.17632393538951874, -0.9843321442604065, 1.9371505288745539e-07, 0.9843322038650513, -0.17632411420345306),
            ["LeftHand"] = CFrame.new(2.682209014892578e-07, 1.7881393432617188e-07, -1.7881393432617188e-07, -0.05262459069490433, 0.375008225440979, -0.9255266785621643, -0.6303654313087463, 0.7063480019569397, 0.32204270362854004, 0.7745128273963928, 0.6003677845001221, 0.19922108948230743),
            ["RightUpperLeg"] = CFrame.new(1.1920928955078125e-07, -2.6635825634002686e-07, 1.6931153368204832e-08, 0.9569662809371948, -0.15534797310829163, -0.24511706829071045, 0.2246018350124359, 0.9313473105430603, 0.28661200404167175, 0.18376484513282776, -0.3293316066265106, 0.9261593818664551),
            ["LeftUpperLeg"] = CFrame.new(-1.1920928955078125e-07, 5.392357707023621e-07, 7.82310962677002e-08, 0.7602720856666565, 0.37206900119781494, 0.5324953198432922, -0.09222439676523209, 0.8732402920722961, -0.47848328948020935, -0.6430249810218811, 0.314668208360672, 0.6982138752937317),
