return {
    ["Bumblebee"] = {
        {Time = 0.000, Data = {
            ["RightFoot"] = CFrame.new(-9.313225746154785e-09, 3.5762786865234375e-07, -8.77116690389812e-08, 0.9981591701507568, 0.0543452724814415, 0.02692554146051407, -0.04058195650577545, 0.9283863306045532, -0.3693939745426178, -0.045072101056575775, 0.3676214814186096, 0.9288827776908875),
            ["LeftLowerArm"] = CFrame.new(0, 1.1920928955078125e-07, -5.960464477539063e-08, 1, -1.1269004573932762e-07, 7.450580596923828e-08, 1.136213683139431e-07, 0.08683396875858307, -0.9962228536605835, 8.195639367158947e-08, 0.9962228536605835, 0.08683395385742188),
            ["LeftFoot"] = CFrame.new(-1.5832483768463135e-08, -1.1920928955078125e-07, -2.468004822731018e-08, 0.999670147895813, -0.02302728407084942, -0.011380636133253574, 0.02395360916852951, 0.9957094192504883, 0.08938148617744446, 0.009273593313992023, -0.08962459117174149, 0.9959324598312378),
            ["Head"] = CFrame.new(-4.190951585769653e-09, -3.5762786865234375e-07, -1.871376298367977e-08, 0.9970080852508545, -0.0011270942632108927, 0.0772898718714714, 0.0032295305281877518, 0.9996280670166016, -0.027082357555627823, -0.07723059505224228, 0.027250928804278374, 0.9966408014297485),
            ["LowerTorso"] = CFrame.new(-0.000007577240467071533, -0.05206787586212158, -0.0000921487808227539, 0.9141900539398193, 0.00763394869863987, -0.4052140712738037, -0.04457447677850723, 0.995651125907898, -0.08180560916662216, 0.4028273820877075, 0.09284807741641998, 0.9105544686317444),
            ["UpperTorso"] = CFrame.new(-4.656612873077393e-10, 8.940696716308594e-08, -1.257285475730896e-08, 0.9254619479179382, -0.09504692256450653, 0.3667237460613251, 0.02104269713163376, 0.9794183969497681, 0.2007410079240799, -0.3782557547092438, -0.17806129157543182, 0.9084144234657288),
            ["HumanoidRootPart"] = CFrame.new(0, 0, 0, 1, 0, 0, 0, 1, 0, 0, 0, 1),
            ["RightUpperLeg"] = CFrame.new(0, 1.4738179743289948e-07, 1.3205863069742918e-08, 0.9441744089126587, -0.1512291133403778, 0.2926848530769348, 0.11671607196331024, 0.9843421578407288, 0.13209031522274017, -0.30807796120643616, -0.09055538475513458, 0.9470416307449341),
            ["LeftUpperArm"] = CFrame.new(-0.001124739646911621, -0.00004029273986816406, 0.0003879368305206299, 0.33954083919525146, 0.12028818577528, -0.9328680634498596, -0.5344998836517334, 0.8407682180404663, -0.08613226562738419, 0.7739651203155518, 0.5278632640838623, 0.34976911544799805),
            ["RightLowerArm"] = CFrame.new(-1.7881393432617188e-07, 0, -1.341104507446289e-07, 1, -2.756715389296005e-07, -2.011657045386528e-07, -1.9371512394172896e-07, -0.0726311206817627, -0.9973589181900024, 2.607703493140434e-07, 0.9973589777946472, -0.0726311132311821),
            ["LeftHand"] = CFrame.new(-1.1920928955078125e-07, 5.960464477539063e-08, 2.2351741790771484e-08, 0.8455298542976379, 0.015819275751709938, -0.5336937308311462, -0.1791716367006302, 0.9500073790550232, -0.25570207834243774, 0.5029679536819458, 0.31182652711868286, 0.8060940504074097),
            ["RightHand"] = CFrame.new(-2.0116567611694336e-07, 1.7881393432617188e-07, -2.086162567138672e-07, 0.9652261137962341, 0.19709321856498718, 0.17173460125923157, -0.21735817193984985, 0.9700595736503601, 0.10835099220275879, -0.14523744583129883, -0.14191105961799622, 0.9791666269302368),
            ["RightUpperArm"] = CFrame.new(0.22098171710968018, 0.24045133590698242, 0.4057391285896301, 0.06244499981403351, -0.4497213363647461, 0.8909833431243896, -0.676855742931366, 0.6369785070419312, 0.36895087361335754, -0.7334623336791992, -0.6261062622070312, -0.2646203339099884),
            ["RightLowerLeg"] = CFrame.new(5.4016709327697754e-08, 3.5762786865234375e-07, 1.287116901949048e-08, 1, -4.0978196835794733e-08, -7.450580596923828e-09, 4.7497451305389404e-08, 0.9442043900489807, 0.32936015725135803, 4.190951585769653e-09, -0.32936030626296997, 0.9442044496536255),
            ["LeftUpperLeg"] = CFrame.new(0, 1.096632331609726e-07, -1.4901161193847656e-08, 0.9103302359580994, 0.07945885509252548, 0.40618371963500977, -0.016352172940969467, 0.9875367879867554, -0.15653672814369202, -0.41355958580970764, 0.13585810363292694, 0.9002838730812073),
            ["LeftLowerLeg"] = CFrame.new(2.7939677238464355e-09, 5.960464477539063e-08, -6.565824151039124e-08, 1, 1.2654346903673286e-07, -2.076849341392517e-07, -9.103678166866302e-08, 0.987145721912384, 0.15982288122177124, 2.2631138563156128e-07, -0.15982285141944885, 0.987145721912384),
        }},
        {Time = 0.033, Data = {
            ["RightFoot"] = CFrame.new(-2.60770320892334e-08, 4.172325134277344e-07, -1.39865733217448e-07, 0.9960618019104004, 0.07944565266370773, 0.03936164081096649, -0.05104814097285271, 0.8768622875213623, -0.4780235290527344, -0.07249163836240768, 0.4741317629814148, 0.8774646520614624),
            ["LeftLowerArm"] = CFrame.new(5.960464477539063e-08, 5.960464477539063e-08, 0, 1, -2.0302836389873846e-07, 5.5879347371501353e-08, 9.499490261077881e-08, 0.036299388855695724, -0.9993409514427185, 2.384185791015625e-07, 0.9993410706520081, 0.03629937395453453),
            ["LeftFoot"] = CFrame.new(4.284083843231201e-08, 0, -1.862645149230957e-09, 0.9996057748794556, -0.02516895718872547, -0.012439565733075142, 0.02425066940486431, 0.9973116517066956, -0.06914839893579483, 0.014146514236927032, 0.06881948560476303, 0.9975289106369019),
            ["Head"] = CFrame.new(5.820766091346741e-10, -1.1920928955078125e-07, 2.3163011064752936e-08, 0.9969725608825684, -0.005657409317791462, 0.0775483101606369, 0.0077627720311284065, 0.9996086955070496, -0.02687452733516693, -0.0773659348487854, 0.02739517204463482, 0.9966263175010681),
            ["LowerTorso"] = CFrame.new(-0.000057619065046310425, -0.10388433933258057, -0.0006398558616638184, 0.9179617762565613, 0.00788432639092207, -0.3965905010700226, -0.04179845005273819, 0.9961588382720947, -0.07694420218467712, 0.3944604694843292, 0.08720870316028595, 0.9147652983665466),
            ["UpperTorso"] = CFrame.new(-2.561137080192566e-09, -1.1920928955078125e-07, 4.307366907596588e-09, 0.929461658000946, -0.08723577857017517, 0.35845643281936646, 0.0167063158005476, 0.9805964231491089, 0.19532422721385956, -0.36854028701782227, -0.17555786669254303, 0.9128842353820801),
            ["HumanoidRootPart"] = CFrame.new(0, 0, 0, 1, 0, 0, 0, 1, 0, 0, 0, 1),
            ["RightUpperLeg"] = CFrame.new(0, 9.336508810520172e-08, 1.3205863069742918e-08, 0.9482825398445129, -0.11554469168186188, 0.295651376247406, 0.12696880102157593, 0.9917117357254028, -0.019669508561491966, -0.2909281849861145, 0.05619064345955849, 0.9550934433937073),
            ["LeftUpperArm"] = CFrame.new(-0.0011421442031860352, -0.000035762786865234375, 0.00036652013659477234, 0.35531994700431824, 0.08624149858951569, -0.9307578802108765, -0.5256471633911133, 0.841812252998352, -0.12266755849123001, 0.7729443311691284, 0.5328364968299866, 0.34444528818130493),
            ["RightLowerArm"] = CFrame.new(-1.4901161193847656e-07, 1.1920928955078125e-07, 8.940696716308594e-08, 1, -2.4959447841865767e-07, 1.9744041424019088e-07, 2.1606686573250045e-07, -0.17251884937286377, -0.9850062131881714, 2.79396800806353e-07, 0.9850062131881714, -0.17251881957054138),
            ["LeftHand"] = CFrame.new(2.8312206268310547e-07, 1.1920928955078125e-07, 1.9371509552001953e-07, 0.8492510318756104, 0.011597785167396069, -0.527862012386322, -0.1498274803161621, 0.963954746723175, -0.21987071633338928, 0.5062850117683411, 0.26581358909606934, 0.8203771710395813),
            ["RightHand"] = CFrame.new(-2.384185791015625e-07, -5.960464477539063e-08, -2.9802322387695312e-08, 0.9604756236076355, 0.21725702285766602, 0.17402882874011993, -0.2346901297569275, 0.9682086706161499, 0.08656027168035507, -0.14969035983085632, -0.12398188561201096, 0.9809288382530212),
            ["RightUpperArm"] = CFrame.new(0.2196429967880249, 0.23900818824768066, 0.40328308939933777, 0.024182729423046112, -0.46692144870758057, 0.8839680552482605, -0.6970115303993225, 0.6259933114051819, 0.3497246205806732, -0.7166520357131958, -0.624593198299408, -0.3103114664554596),
            ["RightLowerLeg"] = CFrame.new(-6.426125764846802e-08, 2.980232238769531e-07, 5.420588422566652e-09, 1, 4.4703490686970326e-08, 7.450580596923828e-09, -3.4458935260772705e-08, 0.8087390065193176, 0.5881675481796265, 2.2351741790771484e-08, -0.5881677865982056, 0.8087391257286072),
            ["LeftUpperLeg"] = CFrame.new(0, -1.0617077350616455e-07, 0, 0.9144557118415833, 0.15597699582576752, 0.37341928482055664, -0.0164217259734869, 0.9362806081771851, -0.3508690297603607, -0.40435269474983215, 0.3147220313549042, 0.8587484955787659),
            ["LeftLowerLeg"] = CFrame.new(-1.7229467630386353e-08, -5.960464477539063e-08, -4.368484951555729e-08, 1, -1.6298142835324825e-09, -4.4587064707002355e-08, 2.0489096641540527e-08, 0.8702762126922607, 0.492563933134079, 3.719469532370567e-08, -0.49256399273872375, 0.8702762126922607),
        }},
        {Time = 0.067, Data = {
            ["RightFoot"] = CFrame.new(3.725290298461914e-08, 4.172325134277344e-07, -5.75528247281909e-09, 0.9893016815185547, 0.13072001934051514, 0.0647653192281723, -0.07753763347864151, 0.8472079038619995, -0.525572657585144, -0.12357254326343536, 0.5149283409118652, 0.8482798933982849),
            ["LeftLowerArm"] = CFrame.new(-1.4901161193847656e-07, 1.7881393432617188e-07, 2.9802322387695312e-08, 1, -2.9429796200020064e-07, 8.288770203535023e-08, 6.332993507385254e-08, 0.006944344379007816, -0.999975860118866, 3.203749656677246e-07, 0.9999759793281555, 0.006944327615201473),
            ["LeftFoot"] = CFrame.new(5.3551048040390015e-08, 0, 9.313225746154785e-10, 0.9994428157806396, -0.029924271628260612, -0.01478965487331152, 0.02718178555369377, 0.9867874979972839, -0.15972372889518738, 0.019373858347535133, 0.1592327207326889, 0.9870510697364807),
            ["Head"] = CFrame.new(4.656612873077393e-10, -1.1920928955078125e-07, 5.1833922043442726e-08, 0.9967703819274902, -0.014092454686760902, 0.07905957102775574, 0.01626073196530342, 0.9995072484016418, -0.026849405840039253, -0.07864224910736084, 0.02804826758801937, 0.9965082406997681),
            ["LowerTorso"] = CFrame.new(-0.00010483618825674057, -0.15570271015167236, -0.0020921677350997925, 0.9238407611846924, 0.005288889165967703, -0.38274046778678894, -0.026422472670674324, 0.9984006285667419, -0.04998094215989113, 0.3818639814853668, 0.056287381798028946, 0.9225029349327087),
            ["UpperTorso"] = CFrame.new(-5.820766091346741e-10, 2.9802322387695312e-08, 5.0640664994716644e-09, 0.9360544681549072, -0.06288301944732666, 0.3461903929710388, 0.005023741628974676, 0.986188530921936, 0.16555055975914001, -0.35181930661201477, -0.15322516858577728, 0.9234421253204346),
            ["HumanoidRootPart"] = CFrame.new(0, 0, 0, 1, 0, 0, 0, 1, 0, 0, 0, 1),
            ["RightUpperLeg"] = CFrame.new(0, 3.14321368932724e-08, 5.75528247281909e-09, 0.9550845623016357, -0.09256966412067413, 0.2815040647983551, 0.1413087397813797, 0.9772648215293884, -0.15806777775287628, -0.26047176122665405, 0.1907469481229782, 0.9464513659477234),
            ["LeftUpperArm"] = CFrame.new(-0.0011886358261108398, -0.000014185905456542969, 0.00024801120162010193, 0.36996179819107056, 0.04129180684685707, -0.9281289577484131, -0.5206962823867798, 0.8365769386291504, -0.17033620178699493, 0.7694177627563477, 0.5462911128997803, 0.33100199699401855),
            ["RightLowerArm"] = CFrame.new(5.960464477539063e-08, 1.1920928955078125e-07, 8.940696716308594e-08, 1, -1.9313301891088486e-07, 8.166535536702213e-08, 2.2468160665312098e-08, -0.26297706365585327, -0.9648021459579468, 1.8510039012653579e-07, 0.9648021459579468, -0.26297706365585327),
            ["LeftHand"] = CFrame.new(5.960464477539063e-08, 0, 3.5390257835388184e-08, 0.8635373115539551, -0.0016245841979980469, -0.5042824149131775, -0.1148572713136673, 0.9730780720710754, -0.1998172104358673, 0.4910307824611664, 0.23047006130218506, 0.8401026129722595),
            ["RightHand"] = CFrame.new(2.0884908735752106e-07, -1.1920928955078125e-07, 2.9802322387695312e-08, 0.9557144641876221, 0.2348434031009674, 0.17736518383026123, -0.24944958090782166, 0.9662174582481384, 0.06479732692241669, -0.15615609288215637, -0.10617139935493469, 0.9820095896720886),
            ["RightUpperArm"] = CFrame.new(0.21579766273498535, 0.2348705530166626, 0.3961651623249054, -0.017575524747371674, -0.48311010003089905, 0.875383198261261, -0.7141114473342896, 0.618857741355896, 0.32720017433166504, -0.6998113393783569, -0.6193704009056091, -0.35587117075920105),
            ["RightLowerLeg"] = CFrame.new(6.426125764846802e-08, 1.7881393432617188e-07, -2.996966941282153e-08, 1, -2.8312206268310547e-07, -7.450581307466564e-08, 2.3283064365386963e-07, 0.6599708199501038, 0.751291036605835, -1.564621925354004e-07, -0.7512912750244141, 0.6599711775779724),
            ["LeftUpperLeg"] = CFrame.new(0, 1.0151416063308716e-07, 0, 0.9207786321640015, 0.207711860537529, 0.3301856517791748, -0.01966761238873005, 0.8700875639915466, -0.49250465631484985, -0.3895895183086395, 0.4469938576221466, 0.8052431344985962),
            ["LeftLowerLeg"] = CFrame.new(-6.938353180885315e-08, 5.960464477539063e-08, -1.5320256352424622e-07, 1, 2.1385497461778868e-07, -3.9115551686563776e-08, -1.2991949915885925e-07, 0.7433291673660278, 0.6689258217811584, 1.7043203115463257e-07, -0.6689258217811584, 0.7433291673660278),
        }},
        {Time = 0.100, Data = {
            ["RightFoot"] = CFrame.new(-3.725290298461914e-08, 3.5762786865234375e-07, 1.6952981241047382e-09, 0.9804919362068176, 0.17612776160240173, 0.08726237714290619, -0.1130540519952774, 0.8684899210929871, -0.4826425015926361, -0.16079315543174744, 0.4633619785308838, 0.871459424495697),
            ["LeftLowerArm"] = CFrame.new(-2.9802322387695312e-08, 2.980232238769531e-07, 0, 1, 1.5832485544819974e-08, 8.568167686462402e-08, 8.195639367158947e-08, 0.0779370591044426, -0.996958315372467, 3.725290742551124e-09, 0.996958315372467, 0.0779370442032814),
            ["LeftFoot"] = CFrame.new(4.44706529378891e-08, -1.1920928955078125e-07, 5.681067705154419e-08, 0.9991747736930847, -0.036413490772247314, -0.017996771261096, 0.032657306641340256, 0.9836466312408447, -0.1771235316991806, 0.02415214292705059, 0.17638960480690002, 0.9840241074562073),
            ["Head"] = CFrame.new(3.259629011154175e-09, -1.1920928955078125e-07, -4.69735823571682e-08, 0.996379554271698, -0.0186952892690897, 0.08293638378381729, 0.021074144169688225, 0.999388575553894, -0.02790077216923237, -0.0823640450835228, 0.0295475535094738, 0.9961642622947693),
            ["LowerTorso"] = CFrame.new(0.0022553633898496628, -0.15266144275665283, -0.004074152559041977, 0.926566481590271, -0.006621105130761862, -0.3760729432106018, 0.010344835929572582, 0.9999154210090637, 0.007883126847445965, 0.37598901987075806, -0.011194653809070587, 0.9265565276145935),
            ["UpperTorso"] = CFrame.new(2.6193447411060333e-09, 0, 4.802132025361061e-10, 0.9399054646492004, -0.021743247285485268, 0.3407418131828308, -0.013436024077236652, 0.9948419332504272, 0.10054443031549454, -0.34117037057876587, -0.09908047318458557, 0.9347651600837708),
            ["HumanoidRootPart"] = CFrame.new(0, 0, 0, 1, 0, 0, 0, 1, 0, 0, 0, 1),
            ["RightUpperLeg"] = CFrame.new(-2.9802322387695312e-08, -9.19681042432785e-08, -2.032174961641431e-08, 0.9616070985794067, -0.07142374664545059, 0.26497283577919006, 0.13648174703121185, 0.9621309041976929, -0.2359595000743866, -0.23808546364307404, 0.2630641758441925, 0.9349399209022522),
            ["LeftUpperArm"] = CFrame.new(-0.0012618303298950195, 0.000020384788513183594, -0.000010911375284194946, 0.3315013349056244, 0.07953090220689774, -0.9400966763496399, -0.5525514483451843, 0.8240322470664978, -0.12513132393360138, 0.7647181153297424, 0.5609330534934998, 0.3171127140522003),
            ["RightLowerArm"] = CFrame.new(-1.1920928955078125e-07, 1.1920928955078125e-07, 2.9802322387695312e-08, 1, -2.9429799042191007e-07, 9.406359424701805e-08, -5.7742006731587026e-08, -0.16561459004878998, -0.9861905574798584, 2.2351744632942427e-07, 0.986190676689148, -0.16561459004878998),
            ["LeftHand"] = CFrame.new(-8.940696716308594e-08, 0, 1.1920928955078125e-07, 0.8798690438270569, -0.012897166423499584, -0.47504132986068726, -0.12264975160360336, 0.9596014022827148, -0.25322389602661133, 0.4591161608695984, 0.28106752038002014, 0.8427416682243347),
            ["RightHand"] = CFrame.new(-3.986060619354248e-07, -5.960464477539063e-08, -1.1920928955078125e-07, 0.9607415795326233, 0.2296634316444397, 0.15566155314445496, -0.23888453841209412, 0.9700901508331299, 0.043119728565216064, -0.14110271632671356, -0.0786120593547821, 0.9868689179420471),
            ["RightUpperArm"] = CFrame.new(0.20969641208648682, 0.22830307483673096, 0.38479799032211304, 0.021684538573026657, -0.4611246585845947, 0.8870704174041748, -0.6989338397979736, 0.627435028553009, 0.3432442843914032, -0.7148575186729431, -0.6274466514587402, -0.30869004130363464),
            ["RightLowerLeg"] = CFrame.new(-1.280568540096283e-08, 4.172325134277344e-07, -3.4626282285898924e-08, 1, -1.4901161193847656e-08, 3.725290653733282e-08, -2.421439049271612e-08, 0.6440760493278503, 0.7649611830711365, -2.2351745343485163e-08, -0.7649614810943604, 0.644076406955719),
            ["LeftUpperLeg"] = CFrame.new(0, 4.6566128730773926e-09, 8.381903171539307e-09, 0.9229137301445007, 0.24610668420791626, 0.2960774004459381, -0.03380732238292694, 0.8178513646125793, -0.5744357109069824, -0.3835197389125824, 0.5201449394226074, 0.7631264328956604),
            ["LeftLowerLeg"] = CFrame.new(7.450580596923828e-09, -1.1920928955078125e-07, 1.2852251529693604e-07, 1, 2.934830547474121e-07, -4.0512535548486994e-08, -1.7415732145309448e-07, 0.7088801264762878, 0.7053290009498596, 2.3469328880310059e-07, -0.7053290009498596, 0.7088801860809326),
        }},
        {Time = 0.133, Data = {
            ["RightFoot"] = CFrame.new(-3.3527612686157227e-08, 2.384185791015625e-07, 1.6952981241047382e-09, 0.9757643342018127, 0.19607818126678467, 0.09714706987142563, -0.1366911232471466, 0.8928414583206177, -0.4291265904903412, -0.1708792895078659, 0.4054473638534546, 0.8980050086975098),
            ["LeftLowerArm"] = CFrame.new(-2.9802322387695312e-08, -1.7881393432617188e-07, -1.043081283569336e-07, 1, -1.8067660789711226e-07, 8.568167686462402e-08, 1.1734664440155029e-07, 0.09937725961208344, -0.9950498342514038, 2.086162567138672e-07, 0.9950498342514038, 0.09937725216150284),
            ["LeftFoot"] = CFrame.new(2.0721927285194397e-08, 1.1920928955078125e-07, 4.656612873077393e-10, 0.9989920854568481, -0.04023994505405426, -0.01988798752427101, 0.036320846527814865, 0.9850177764892578, -0.16858507692813873, 0.02637387439608574, 0.16769282519817352, 0.9854865074157715),
            ["Head"] = CFrame.new(0, 0, 5.9371814131736755e-09, 0.9958335161209106, -0.016871605068445206, 0.08961573988199234, 0.01966899260878563, 0.9993435144424438, -0.03042450360953808, -0.08904358744621277, 0.032060395926237106, 0.9955117106437683),
            ["LowerTorso"] = CFrame.new(0.006633013486862183, -0.13135910034179688, -0.005859866738319397, 0.9309194684028625, -0.0231198538094759, -0.3644920587539673, 0.05180986970663071, 0.9962614178657532, 0.06913018226623535, 0.3615310788154602, -0.08323892205953598, 0.9286369681358337),
            ["UpperTorso"] = CFrame.new(9.080395102500916e-09, -2.9802322387695312e-08, 2.0605511963367462e-08, 0.9456943869590759, 0.018803462386131287, 0.3245128393173218, -0.030775099992752075, 0.999020516872406, 0.03179781883955002, -0.3235970139503479, -0.040057938545942307, 0.9453467130661011),
            ["HumanoidRootPart"] = CFrame.new(0, 0, 0, 1, 0, 0, 0, 1, 0, 0, 0, 1),
            ["RightUpperLeg"] = CFrame.new(0, 1.5832483768463135e-08, 5.75528247281909e-09, 0.9696249961853027, -0.05111266300082207, 0.23919682204723358, 0.11658883094787598, 0.9562614560127258, -0.26827460527420044, -0.21502241492271423, 0.2880132496356964, 0.9331740736961365),
            ["LeftUpperArm"] = CFrame.new(-0.0013309717178344727, 0.00003719329833984375, -0.00028432905673980713, 0.3097902536392212, 0.12660880386829376, -0.9423377513885498, -0.567284882068634, 0.8199772238731384, -0.07632403820753098, 0.7630320191383362, 0.5582183599472046, 0.3258441984653473),
            ["RightLowerArm"] = CFrame.new(1.7881393432617188e-07, -1.7881393432617188e-07, 1.6391277313232422e-07, 1, -1.6391278734317893e-07, -1.862645149230957e-07, -1.8998980522155762e-07, -0.006480813957750797, -0.9999790191650391, 1.564621925354004e-07, 0.9999790787696838, -0.006480813026428223),
            ["LeftHand"] = CFrame.new(2.980232238769531e-07, 0, -7.450580596923828e-08, 0.8768318891525269, -0.010270492173731327, -0.48068729043006897, -0.1375286877155304, 0.9526404738426208, -0.2712233066558838, 0.46070778369903564, 0.3039255440235138, 0.8338930606842041),
            ["RightHand"] = CFrame.new(-3.129243850708008e-07, -2.384185791015625e-07, 1.1920928955078125e-07, 0.9673563241958618, 0.21703997254371643, 0.13082629442214966, -0.2215808480978012, 0.974915087223053, 0.021036610007286072, -0.12297872453927994, -0.049338534474372864, 0.9911820888519287),
            ["RightUpperArm"] = CFrame.new(0.20161807537078857, 0.21954751014709473, 0.36976343393325806, 0.06835786998271942, -0.41551584005355835, 0.9070136547088623, -0.6727207899093628, 0.6521655917167664, 0.3494665026664734, -0.7367319464683533, -0.6340557336807251, -0.23494552075862885),
            ["RightLowerLeg"] = CFrame.new(-1.1175870895385742e-07, 1.7881393432617188e-07, 1.287116901949048e-08, 1, -1.4528633585086936e-07, 7.450580596923828e-09, 1.2479723920932884e-07, 0.6969255805015564, 0.7171432375907898, -1.1548401346317405e-07, -0.7171435356140137, 0.6969258189201355),
            ["LeftUpperLeg"] = CFrame.new(0, 2.2351741790771484e-08, 2.2351741790771484e-08, 0.9261336922645569, 0.2753481864929199, 0.2577979564666748, -0.05183980613946915, 0.7698895931243896, -0.6360681653022766, -0.373616099357605, 0.5757200121879578, 0.7272945642471313),
            ["LeftLowerLeg"] = CFrame.new(5.3085386753082275e-08, -5.960464477539063e-08, -4.423782229423523e-08, 1, 9.674114664903755e-08, -6.612390990312633e-08, -2.1886080503463745e-08, 0.7068411111831665, 0.7073724269866943, 1.1362135410308838e-07, -0.7073723673820496, 0.7068410515785217),
        }},
        {Time = 0.167, Data = {
            ["RightFoot"] = CFrame.new(-4.0978193283081055e-08, 2.980232238769531e-07, 3.149762051180005e-08, 0.9800775051116943, 0.17796996235847473, 0.08817532658576965, -0.12695719301700592, 0.9027660489082336, -0.4109687805175781, -0.15274173021316528, 0.3915868401527405, 0.9073752760887146),
            ["LeftLowerArm"] = CFrame.new(5.960464477539063e-08, -1.1920928955078125e-07, -5.587935447692871e-08, 1, -4.842878098543224e-08, -2.980232594040899e-08, 7.450581485102248e-09, 0.0769428238272667, -0.997035562992096, 6.63567405467802e-08, 0.997035562992096, 0.0769427940249443),
            ["LeftFoot"] = CFrame.new(-2.9293005354702473e-08, 0, 1.4901161193847656e-08, 0.999994695186615, 0.002932719187811017, 0.0014493283815681934, -0.002761713694781065, 0.9943104386329651, -0.10648641735315323, -0.0017533751670271158, 0.10648183524608612, 0.9943131804466248),
            ["Head"] = CFrame.new(-1.0477378964424133e-09, 0, 3.055902197957039e-09, 0.9951930642127991, -0.011343098245561123, 0.09727437049150467, 0.014677582308650017, 0.9993264675140381, -0.03363236039876938, -0.09682736545801163, 0.03489845618605614, 0.9946892261505127),
            ["LowerTorso"] = CFrame.new(0.008991815149784088, -0.07354450225830078, -0.006636559963226318, 0.9442452192306519, -0.033618804067373276, -0.3275221288204193, 0.06962643563747406, 0.9926645159721375, 0.09883985668420792, 0.321796715259552, -0.11613326519727707, 0.9396594762802124),
            ["UpperTorso"] = CFrame.new(-1.0710209608078003e-08, -5.960464477539063e-08, -1.6530975699424744e-08, 0.9596147537231445, 0.03531502187252045, 0.2790922224521637, -0.03742517530918121, 0.999297022819519, 0.0022342531010508537, -0.2788171172142029, -0.012589111924171448, 0.9602617025375366),
            ["HumanoidRootPart"] = CFrame.new(0, 0, 0, 1, 0, 0, 0, 1, 0, 0, 0, 1),
            ["RightUpperLeg"] = CFrame.new(-2.9802322387695312e-08, -1.7136335372924805e-07, -3.149762051180005e-08, 0.9810490608215332, -0.04969155788421631, 0.18727916479110718, 0.09650188684463501, 0.9634557962417603, -0.24988099932670593, -0.16801822185516357, 0.2632181942462921, 0.9499927163124084),
            ["LeftUpperArm"] = CFrame.new(-0.001357436180114746, 0.000038743019104003906, -0.0004020184278488159, 0.3190827965736389, 0.1655750721693039, -0.9331511855125427, -0.5663166046142578, 0.8228092789649963, -0.04765060171484947, 0.7599155306816101, 0.5436634421348572, 0.3563121557235718),
            ["RightLowerArm"] = CFrame.new(-2.086162567138672e-07, 0, 4.470348358154297e-08, 1, -2.0861628513557662e-07, 6.332993507385254e-08, 9.313227167240257e-08, 0.07236240059137344, -0.997378408908844, 2.2351744632942427e-07, 0.997378408908844, 0.07236233353614807),
            ["LeftHand"] = CFrame.new(-2.2351741790771484e-07, -1.7881393432617188e-07, 2.4586915969848633e-07, 0.86748868227005, -0.012607614509761333, -0.4972972273826599, -0.14203700423240662, 0.9517856240272522, -0.27190011739730835, 0.47674840688705444, 0.30650490522384644, 0.823872447013855),
            ["RightHand"] = CFrame.new(-1.1920928955078125e-07, 5.960464477539063e-08, -5.960464477539063e-08, 0.9704179763793945, 0.20502318441867828, 0.12749330699443817, -0.2099706083536148, 0.9773481488227844, 0.026513133198022842, -0.11916942894458771, -0.052498579025268555, 0.9914851188659668),
            ["RightUpperArm"] = CFrame.new(0.19184911251068115, 0.20887863636016846, 0.351688027381897, 0.08484774827957153, -0.40054696798324585, 0.9123393297195435, -0.6522824764251709, 0.6698391437530518, 0.3547438383102417, -0.7532122135162354, -0.6252021193504333, -0.20443539321422577),
            ["RightLowerLeg"] = CFrame.new(9.313225746154785e-09, 3.5762786865234375e-07, 9.145878721028566e-09, 1, -7.450580596923828e-09, 6.705522537231445e-08, -7.82310962677002e-08, 0.7623215317726135, 0.6471982002258301, -4.0978193283081055e-08, -0.6471984386444092, 0.7623217701911926),
            ["LeftUpperLeg"] = CFrame.new(0, -3.259629011154175e-08, -1.4901161193847656e-08, 0.9266548156738281, 0.2616170048713684, 0.26993995904922485, -0.028195085003972054, 0.7644383907318115, -0.6440800428390503, -0.3748547434806824, 0.5892288684844971, 0.7157467603683472),
            ["LeftLowerLeg"] = CFrame.new(4.2782630771398544e-08, 1.7881393432617188e-07, 5.029141902923584e-08, 1, 5.774199962615967e-08, -2.3431493900716305e-07, 1.1513475328683853e-07, 0.7390838861465454, 0.6736134886741638, 2.1266168914735317e-07, -0.673613429069519, 0.7390838265419006),
        }},
        {Time = 0.200, Data = {
            ["RightFoot"] = CFrame.new(-5.960464477539063e-08, 4.172325134277344e-07, -5.790934665128589e-08, 0.9881899952888489, 0.13730564713478088, 0.06802813708782196, -0.09936779737472534, 0.9121529459953308, -0.39762160181999207, -0.11664772778749466, 0.3861660361289978, 0.9150242209434509),
            ["LeftLowerArm"] = CFrame.new(-2.9802322387695312e-08, 5.960464477539063e-08, -1.4528632164001465e-07, 1, -6.705522537231445e-08, 1.4901161193847656e-08, 3.725290298461914e-08, 0.06012241169810295, -0.9981910586357117, 8.242204785346985e-08, 0.9981910586357117, 0.06012241542339325),
            ["LeftFoot"] = CFrame.new(0, 0, 2.9802322387695312e-08, 0.9954820275306702, 0.08512259274721146, 0.042069870978593826, -0.08720382302999496, 0.9949151277542114, 0.05039435997605324, -0.03756626695394516, -0.053835321217775345, 0.9978430271148682),
            ["Head"] = CFrame.new(0, 0, 2.0954757928848267e-09, 0.9946122765541077, -0.0023609595373272896, 0.10363884270191193, 0.006192106753587723, 0.9993085861206055, -0.03666015714406967, -0.10348062217235565, 0.03710439056158066, 0.993939220905304),
            ["LowerTorso"] = CFrame.new(0.007314436137676239, 0.031058788299560547, -0.0003033950924873352, 0.9701418876647949, -0.04030131921172142, -0.2391662448644638, 0.04822669178247452, 0.9984611868858337, 0.02737606316804886, 0.23769491910934448, -0.03809286281466484, 0.9705926179885864),
            ["UpperTorso"] = CFrame.new(-4.423782229423523e-09, -1.1920928955078125e-07, 4.423782229423523e-09, 0.9825658798217773, 0.014965405687689781, 0.18531154096126556, -0.03083384595811367, 0.9960684776306152, 0.08304782211780548, -0.1833401471376419, -0.08731383085250854, 0.9791643619537354),
            ["HumanoidRootPart"] = CFrame.new(0, 0, 0, 1, 0, 0, 0, 1, 0, 0, 0, 1),
            ["RightUpperLeg"] = CFrame.new(0, 1.1222437024116516e-07, 9.480572771281004e-09, 0.992744505405426, -0.08051247149705887, 0.08931006491184235, 0.09016656875610352, 0.9898412227630615, -0.109929658472538, -0.07955209165811539, 0.11718472838401794, 0.9899187684059143),
            ["LeftUpperArm"] = CFrame.new(-0.0013310909271240234, 0.00002586841583251953, -0.00008040294051170349, 0.3285076916217804, 0.20223252475261688, -0.92259681224823, -0.5652917623519897, 0.8246358036994934, -0.020523080602288246, 0.7566558122634888, 0.5282782912254333, 0.3852195143699646),
            ["RightLowerArm"] = CFrame.new(-1.7881393432617188e-07, 1.1920928955078125e-07, 7.450580596923828e-09, 1, -1.1920927533992653e-07, 6.705523247774181e-08, 9.313225746154785e-08, 0.10081766545772552, -0.9949049353599548, 7.450580596923828e-08, 0.9949048757553101, 0.10081768035888672),
            ["LeftHand"] = CFrame.new(1.9371509552001953e-07, 0, -2.086162567138672e-07, 0.858221709728241, -0.015552103519439697, -0.5130435824394226, -0.1481543630361557, 0.949491560459137, -0.2766154408454895, 0.4914325773715973, 0.3134070634841919, 0.8125700950622559),
            ["RightHand"] = CFrame.new(1.862645149230957e-07, 1.1920928955078125e-07, 2.9802322387695312e-08, 0.9717807173728943, 0.19513745605945587, 0.13252821564674377, -0.20174673199653625, 0.9786889553070068, 0.03829130530357361, -0.12223182618618011, -0.06394785642623901, 0.9904393553733826),
            ["RightUpperArm"] = CFrame.new(0.18064749240875244, 0.19656872749328613, 0.33131107687950134, 0.09526742994785309, -0.40987566113471985, 0.9071527719497681, -0.6378381252288818, 0.6745122671127319, 0.3717470169067383, -0.764255702495575, -0.6140319108963013, -0.19717524945735931),
            ["RightLowerLeg"] = CFrame.new(4.0978193283081055e-08, 4.172325134277344e-07, -5.75528247281909e-09, 1, -7.078052277620372e-08, 1.1920928955078125e-07, 1.0244548320770264e-08, 0.8370702266693115, 0.5470952391624451, -1.2665987014770508e-07, -0.547095537185669, 0.8370704054832458),
            ["LeftUpperLeg"] = CFrame.new(2.9802322387695312e-08, -2.062879502773285e-07, -3.725290298461914e-09, 0.9297558665275574, 0.16057188808918, 0.3313165605068207, 0.018266554921865463, 0.8786587715148926, -0.4771007001399994, -0.36772316694259644, 0.4496391713619232, 0.8140051960945129),
            ["LeftLowerLeg"] = CFrame.new(-4.470348358154297e-08, -1.1920928955078125e-07, -2.2351741790771484e-08, 1, 1.5273690223693848e-07, -1.2526288628578186e-07, -7.729977369308472e-08, 0.8697491884231567, 0.4934941828250885, 1.5087425708770752e-07, -0.4934941828250885, 0.869749128818512),
        }},
        {Time = 0.233, Data = {
            ["RightFoot"] = CFrame.new(2.60770320892334e-08, 2.980232238769531e-07, 1.6952981241047382e-09, 0.9929723739624023, 0.10604500770568848, 0.05254026874899864, -0.07835132628679276, 0.9217836856842041, -0.3797050714492798, -0.08869656175374985, 0.3729202151298523, 0.923614501953125),
            ["LeftLowerArm"] = CFrame.new(-2.9802322387695312e-08, 5.960464477539062e-07, -1.1920928955078125e-07, 1, 1.4156104555240745e-07, 7.450581307466564e-08, 5.960464477539063e-08, 0.061435334384441376, -0.9981111288070679, -1.1548399925231934e-07, 0.9981111288070679, 0.06143530085682869),
            ["LeftFoot"] = CFrame.new(-3.725290298461914e-09, -5.960464477539063e-08, -1.862645149230957e-09, 0.9910405278205872, 0.11973687261343002, 0.059177156537771225, -0.12817531824111938, 0.9771851301193237, 0.16935274004936218, -0.03754929080605507, -0.17542044818401337, 0.9837772846221924),
            ["Head"] = CFrame.new(-9.313225746154785e-09, -2.384185791015625e-07, 3.050081431865692e-08, 0.9942689538002014, 0.00980461947619915, 0.10645762085914612, -0.005720803048461676, 0.9992384314537048, -0.038598813116550446, -0.10675499588251114, 0.03776858374476433, 0.9935678243637085),
            ["LowerTorso"] = CFrame.new(0.005621455609798431, 0.09459114074707031, 0.0073404088616371155, 0.9866836667060852, -0.03125521540641785, -0.15962038934230804, 0.024297012016177177, 0.9986752867698669, -0.045359786599874496, 0.1608266532421112, 0.040877457708120346, 0.9861359000205994),
            ["UpperTorso"] = CFrame.new(-1.1641532182693481e-09, -4.76837158203125e-07, -1.0360963642597198e-08, 0.9947105050086975, -0.01177041046321392, 0.10204184055328369, -0.004893527366220951, 0.9868549108505249, 0.16153499484062195, -0.10260183364152908, -0.16117991507053375, 0.9815772771835327),
            ["HumanoidRootPart"] = CFrame.new(0, 0, 0, 1, 0, 0, 0, 1, 0, 0, 0, 1),
            ["RightUpperLeg"] = CFrame.new(0, -3.4016557037830353e-07, -9.145878721028566e-09, 0.9945726990699768, -0.1040441170334816, 0.0001740684820106253, 0.10404206067323685, 0.9945611357688904, 0.004840961657464504, -0.0006767990998923779, -0.004796696826815605, 0.999988317489624),
            ["LeftUpperArm"] = CFrame.new(-0.0012278556823730469, -0.000010251998901367188, 0.00023202598094940186, 0.3301861584186554, 0.22072939574718475, -0.9177449345588684, -0.5581607818603516, 0.8297318816184998, -0.0012538583250716329, 0.7612054944038391, 0.5126631855964661, 0.39716848731040955),
            ["RightLowerArm"] = CFrame.new(1.1920928955078125e-07, -2.980232238769531e-07, -2.9802322387695312e-08, 1, 4.470347647611561e-08, 3.054738328955864e-07, 3.5017731647712935e-07, 0.10932008922100067, -0.9940066933631897, -1.4901162970204496e-08, 0.9940065741539001, 0.10932007431983948),
            ["LeftHand"] = CFrame.new(2.5331974029541016e-07, -5.960464477539063e-08, -5.811452865600586e-07, 0.8524467945098877, -0.01193559356033802, -0.5226776003837585, -0.15721487998962402, 0.947615385055542, -0.2780444920063019, 0.498616099357605, 0.3191909193992615, 0.8059152960777283),
            ["RightHand"] = CFrame.new(0, 5.960464477539063e-08, -2.9802322387695312e-08, 0.9725079536437988, 0.18514978885650635, 0.1412370800971985, -0.19399553537368774, 0.9796470999717712, 0.051549673080444336, -0.12881812453269958, -0.07753172516822815, 0.9886327981948853),
            ["RightUpperArm"] = CFrame.new(0.16828608512878418, 0.18288087844848633, 0.30864012241363525, 0.10151800513267517, -0.43201038241386414, 0.8961368203163147, -0.6298463940620422, 0.6693515777587891, 0.3940331041812897, -0.7700569033622742, -0.6044300198554993, -0.20414888858795166),
            ["RightLowerLeg"] = CFrame.new(-4.842877388000488e-08, 1.7881393432617188e-07, 1.6596459317952394e-08, 1, -2.048909948371147e-07, -3.3527616238870905e-08, 1.8952414393424988e-07, 0.8795583844184875, 0.47579100728034973, -7.171183824539185e-08, -0.47579115629196167, 0.8795585036277771),
            ["LeftUpperLeg"] = CFrame.new(0, -5.692709237337112e-07, -1.4901161193847656e-08, 0.9378151297569275, 0.06058189272880554, 0.341808021068573, 0.03188594430685043, 0.965457558631897, -0.2586023509502411, -0.3456677198410034, 0.2534200847148895, 0.9034888744354248),
            ["LeftLowerLeg"] = CFrame.new(6.705522537231445e-08, 0, 4.470348358154297e-08, 1, 2.51457130673316e-08, -2.169981598854065e-07, 2.51457130673316e-08, 0.9642634391784668, 0.2649455666542053, 2.1234157543403853e-07, -0.26494553685188293, 0.964263379573822),
        }},
        {Time = 0.267, Data = {
            ["RightFoot"] = CFrame.new(-2.2351741790771484e-08, 3.5762786865234375e-07, 7.620110409334302e-08, 0.9947665929794312, 0.09155269712209702, 0.04536000266671181, -0.06995810568332672, 0.9338776469230652, -0.3506825864315033, -0.07446662336587906, 0.34567418694496155, 0.9353952407836914),
            ["LeftLowerArm"] = CFrame.new(-2.9802322387695312e-08, 1.1920928955078125e-07, 8.381903171539307e-08, 1, -1.7136336794010276e-07, 1.1175869474300271e-07, 1.2293457984924316e-07, 0.08321574330329895, -0.99653160572052, 1.6560079529881477e-07, 0.99653160572052, 0.08321571350097656),
            ["LeftFoot"] = CFrame.new(-1.30385160446167e-08, -1.1920928955078125e-07, 4.842877388000488e-08, 0.9944173097610474, 0.09459631890058517, 0.04675202816724777, -0.0984247550368309, 0.9912624955177307, 0.08781400322914124, -0.038036637008190155, -0.09192527085542679, 0.9950392246246338),
            ["Head"] = CFrame.new(-1.955777406692505e-08, -1.1920928955078125e-07, -1.1874362826347351e-08, 0.9961422681808472, 0.02487689070403576, 0.08415361493825912, -0.02239939384162426, 0.9992911219596863, -0.030257536098361015, -0.08484666794538498, 0.028255822136998177, 0.9959933757781982),
            ["LowerTorso"] = CFrame.new(0.0056976620107889175, 0.08245730400085449, 0.008874677121639252, 0.9889504313468933, -0.013847175054252148, -0.14759856462478638, 0.008259087800979614, 0.9992281794548035, -0.038405898958444595, 0.14801645278930664, 0.036762505769729614, 0.9883013963699341),
            ["UpperTorso"] = CFrame.new(-5.791662260890007e-09, -8.940696716308594e-08, -1.5861587598919868e-09, 0.9931568503379822, -0.04092907905578613, 0.10938169062137604, 0.02455161325633526, 0.9888198971748352, 0.14708027243614197, -0.11417863517999649, -0.1433882862329483, 0.9830580949783325),
            ["HumanoidRootPart"] = CFrame.new(0, 0, 0, 1, 0, 0, 0, 1, 0, 0, 0, 1),
            ["RightUpperLeg"] = CFrame.new(0, 4.98257577419281e-08, -1.6952981241047382e-09, 0.992826521396637, -0.11904039978981018, -0.011175844818353653, 0.11870540678501129, 0.9925634860992432, -0.02695855312049389, 0.01430187001824379, 0.025438401848077774, 0.9995740652084351),
            ["LeftUpperArm"] = CFrame.new(-0.001110672950744629, -0.0000032186508178710938, 0.0001742243766784668, 0.3408224284648895, 0.20023183524608612, -0.9185572266578674, -0.5289183259010315, 0.848598062992096, -0.011268588714301586, 0.7772294878959656, 0.48968222737312317, 0.39512741565704346),
            ["RightLowerArm"] = CFrame.new(5.960464477539063e-08, -5.960464477539063e-08, 1.2665987014770508e-07, 1, -7.4505820180093e-08, -8.940698137394065e-08, -7.450581485102248e-09, 0.04891311749815941, -0.9988031387329102, 1.564622067462551e-07, 0.9988031387329102, 0.04891308397054672),
            ["LeftHand"] = CFrame.new(1.043081283569336e-07, -1.1920928955078125e-07, 1.341104507446289e-07, 0.8757728338241577, -0.025483740493655205, -0.48205024003982544, -0.13175423443317413, 0.9480709433555603, -0.2894867956638336, 0.4643949866294861, 0.31703677773475647, 0.826937198638916),
            ["RightHand"] = CFrame.new(1.6391277313232422e-07, -2.384185791015625e-07, -1.1920928955078125e-07, 0.9707204699516296, 0.16525541245937347, 0.1743345856666565, -0.18456606566905975, 0.9776181578636169, 0.100986048579216, -0.1537441611289978, -0.13020537793636322, 0.9794944524765015),
            ["RightUpperArm"] = CFrame.new(0.15494930744171143, 0.16815388202667236, 0.2837703227996826, 0.09269258379936218, -0.48600471019744873, 0.8690268397331238, -0.6470320820808411, 0.633985161781311, 0.42357131838798523, -0.7568075656890869, -0.6015500426292419, -0.25569483637809753),
