return {
    ["Bunny Dance"] = {
        {Time = 0.000, Data = {
            ["RightFoot"] = CFrame.new(-2.1420419216156006e-08, 4.76837158203125e-07, 1.6596459317952394e-08, 0.9897463321685791, 0.024811122566461563, -0.14066565036773682, -0.032785214483737946, 0.9979668259620667, -0.05465719476342201, 0.13902342319488525, 0.05870877578854561, 0.9885473847389221),
            ["LeftLowerArm"] = CFrame.new(5.960464477539063e-08, 1.7881393432617188e-07, -2.2351741790771484e-07, 1, -1.1920930376163597e-07, 7.450580596923828e-08, -2.980232594040899e-08, 0.34232521057128906, -0.9395815134048462, -7.450581485102248e-09, 0.9395816326141357, 0.3423253893852234),
            ["LeftFoot"] = CFrame.new(-6.007030606269836e-08, 0, 1.4901161193847656e-08, 0.9913895726203918, -0.05761125311255455, 0.11759134382009506, 0.0662405714392662, 0.9952855110168457, -0.0708441436290741, -0.1129554733633995, 0.07802335172891617, 0.990531861782074),
            ["Head"] = CFrame.new(0, 2.384185791015625e-07, 7.587368600070477e-08, 1, -2.561137302237171e-09, 0, 3.4924596548080444e-10, 0.9695625901222229, -0.24484388530254364, 1.862645149230957e-09, 0.24484403431415558, 0.9695625901222229),
            ["LowerTorso"] = CFrame.new(-2.8110565090944117e-12, -0.038817644119262695, 0.12984231114387512, 0.9994398951530457, -0.015625741332769394, -0.029592793434858322, 0.012602273374795914, 0.9949344396591187, -0.09973286092281342, 0.03100128471851349, 0.09930405020713806, 0.9945741891860962),
            ["UpperTorso"] = CFrame.new(1.862645149230957e-09, -1.1920928955078125e-07, 1.8000719137489796e-08, 1, 2.2118911147117615e-09, 3.259629011154175e-09, -1.3969838619232178e-09, 0.9071477651596069, 0.42081233859062195, 3.841705620288849e-09, -0.4208123981952667, 0.9071477055549622),
            ["HumanoidRootPart"] = CFrame.new(0, 0, 0, 1, 0, 0, 0, 1, 0, 0, 0, 1),
            ["RightUpperLeg"] = CFrame.new(-5.960464477539063e-08, -2.0070001482963562e-07, -2.2184394765645266e-08, 0.971126914024353, 0.07918446511030197, 0.22503849864006042, -0.02606259286403656, 0.9728755354881287, -0.22985650599002838, -0.2371356040239334, 0.2173546701669693, 0.9468494057655334),
            ["LeftUpperArm"] = CFrame.new(5.960464477539063e-08, 8.344650268554688e-07, 2.9802322387695312e-08, 0.7973097562789917, -0.5862070918083191, -0.14373095333576202, 0.12152214348316193, 0.38916924595832825, -0.9131155014038086, 0.5912103056907654, 0.7105692028999329, 0.3815254271030426),
            ["RightLowerArm"] = CFrame.new(-2.9802322387695312e-08, -1.1920928955078125e-07, 5.960464477539063e-08, 1, -1.2665985593685036e-07, 9.685754776000977e-08, 7.450579886381092e-08, 0.20006024837493896, -0.9797836542129517, 8.195637946073475e-08, 0.9797836542129517, 0.20006029307842255),
            ["LeftHand"] = CFrame.new(-2.9802322387695312e-08, -1.7881393432617188e-07, -1.4901161193847656e-07, -0.13409890234470367, 0.7022928595542908, -0.6991440057754517, 0.7423755526542664, 0.5385355949401855, 0.39857009053230286, 0.6564266681671143, -0.46557947993278503, -0.5935819745063782),
            ["RightHand"] = CFrame.new(1.7881393432617188e-07, 0, -2.9802322387695312e-08, 0.0013188571901991963, -0.5875495076179504, 0.8091872334480286, -0.8285488486289978, 0.45243531465530396, 0.32986292243003845, -0.5599154233932495, -0.6708859801292419, -0.4862167239189148),
            ["RightUpperArm"] = CFrame.new(0, 9.5367431640625e-07, 4.0978193283081055e-08, 0.8422648310661316, 0.44640985131263733, 0.3021727204322815, 0.02937830239534378, 0.5217049717903137, -0.8526200652122498, -0.5382628440856934, 0.727009117603302, 0.42629876732826233),
            ["RightLowerLeg"] = CFrame.new(-1.7695128917694092e-08, 2.384185791015625e-07, -3.55576048605144e-08, 1, -7.82310962677002e-08, -1.979059760515156e-08, 8.475035429000854e-08, 0.875808835029602, 0.482657790184021, -2.2351741790771484e-08, -0.4826582968235016, 0.8758091330528259),
            ["LeftUpperLeg"] = CFrame.new(5.960464477539063e-08, -2.8638169169425964e-07, -9.313225746154785e-10, 0.979123592376709, -0.00625722436234355, -0.2031698077917099, -0.037897780537605286, 0.9763803482055664, -0.21270887553691864, 0.19970212876796722, 0.21596795320510864, 0.9557598829269409),
            ["LeftLowerLeg"] = CFrame.new(3.3527612686157227e-08, 1.1920928955078125e-07, 3.725290298461914e-08, 1, 5.9604616353681195e-08, 1.4901159417490817e-08, -4.842877388000488e-08, 0.8714965581893921, 0.4904017448425293, -8.009374141693115e-08, -0.49040156602859497, 0.8714964985847473),
        }},
        {Time = 0.017, Data = {
            ["RightFoot"] = CFrame.new(-3.725290298461914e-08, 4.172325134277344e-07, 5.420588422566652e-09, 0.9897743463516235, 0.024794593453407288, -0.140471413731575, -0.032925814390182495, 0.9978955984115601, -0.05585987865924835, 0.13879068195819855, 0.05991412326693535, 0.9885077476501465),
            ["LeftLowerArm"] = CFrame.new(1.1920928955078125e-07, 5.960464477539063e-08, 1.4901161193847656e-08, 1, -8.940695295223122e-08, 7.450580596923828e-08, 2.9802322387695312e-08, 0.3219687044620514, -0.9467503428459167, 5.960464477539063e-08, 0.9467503428459167, 0.32196885347366333),
            ["LeftFoot"] = CFrame.new(-4.423782229423523e-08, 0, -3.725290298461914e-09, 0.9914054274559021, -0.05762025713920593, 0.11745363473892212, 0.0663742870092392, 0.995191216468811, -0.07203444093465805, -0.11273816227912903, 0.07921111583709717, 0.9904623627662659),
            ["Head"] = CFrame.new(0, 4.76837158203125e-07, 7.587368600070477e-08, 1, -2.561137302237171e-09, 0, 3.4924596548080444e-10, 0.9695625901222229, -0.24484388530254364, 1.862645149230957e-09, 0.24484403431415558, 0.9695625901222229),
            ["LowerTorso"] = CFrame.new(-2.8110560754135427e-12, -0.03957998752593994, 0.12984231114387512, 0.9994398951530457, -0.015625741332769394, -0.029592793434858322, 0.012602273374795914, 0.9949344396591187, -0.09973286092281342, 0.03100128471851349, 0.09930405020713806, 0.9945741891860962),
            ["UpperTorso"] = CFrame.new(0, 0, 3.0995579436421394e-09, 1, 2.2118911147117615e-09, 3.259629011154175e-09, -1.3969838619232178e-09, 0.9071477651596069, 0.42081233859062195, 3.841705620288849e-09, -0.4208123981952667, 0.9071477055549622),
            ["HumanoidRootPart"] = CFrame.new(0, 0, 0, 1, 0, 0, 0, 1, 0, 0, 0, 1),
            ["RightUpperLeg"] = CFrame.new(-5.960464477539063e-08, 4.0512531995773315e-08, 7.617927622050047e-09, 0.971173882484436, 0.07944035530090332, 0.22474560141563416, -0.02603759616613388, 0.9725459814071655, -0.23124980926513672, -0.23694609105587006, 0.2187318503856659, 0.9465796947479248),
            ["LeftUpperArm"] = CFrame.new(5.960464477539063e-08, 7.152557373046875e-07, -8.940696716308594e-08, 0.7965720891952515, -0.5840314030647278, -0.1561422199010849, 0.1126638799905777, 0.3971700072288513, -0.910803496837616, 0.5939527153968811, 0.7079288959503174, 0.38217365741729736),
            ["RightLowerArm"] = CFrame.new(-5.960464477539063e-08, 0, 0, 1, -8.940695295223122e-08, 6.70552182668871e-08, 2.9802322387695312e-08, 0.1827639639377594, -0.9831568002700806, 9.685754776000977e-08, 0.9831568002700806, 0.18276391923427582),
            ["LeftHand"] = CFrame.new(0, -2.384185791015625e-07, -1.4901161193847656e-07, -0.1251809000968933, 0.7048043608665466, -0.6982697248458862, 0.7518991827964783, 0.5265694856643677, 0.3967020809650421, 0.647284746170044, -0.4753687381744385, -0.5958581566810608),
            ["RightHand"] = CFrame.new(0, 1.7881393432617188e-07, 0, 0.009857374243438244, -0.5890671014785767, 0.8080240488052368, -0.8347952961921692, 0.43999040126800537, 0.3309464454650879, -0.5504723191261292, -0.6777967214584351, -0.48741307854652405),
            ["RightUpperArm"] = CFrame.new(-5.960464477539063e-08, 7.152557373046875e-07, 7.078051567077637e-08, 0.8403006792068481, 0.4431903660297394, 0.3122134208679199, 0.03750720992684364, 0.5270033478736877, -0.8490352034568787, -0.5408215522766113, 0.7251549959182739, 0.42621833086013794),
            ["RightLowerLeg"] = CFrame.new(-8.940696716308594e-08, 4.172325134277344e-07, -1.3205863069742918e-08, 1, -7.357449050005016e-08, -2.9103819798592667e-08, 7.636845111846924e-08, 0.8745267391204834, 0.48497679829597473, -1.1641532182693481e-09, -0.4849773645401001, 0.8745270371437073),
            ["LeftUpperLeg"] = CFrame.new(5.960464477539063e-08, -4.423782229423523e-08, 2.8870999813079834e-08, 0.9791486859321594, -0.006478297058492899, -0.20304140448570251, -0.037936579436063766, 0.9760773181915283, -0.21408860385417938, 0.1995711475610733, 0.2173273116350174, 0.9554791450500488),
            ["LeftLowerLeg"] = CFrame.new(1.862645149230957e-08, 0, -4.470348358154297e-08, 1, 6.332992796842518e-08, -1.955777229056821e-08, -2.0489098417897367e-08, 0.8702136278152466, 0.4926745593547821, -2.3283067918100642e-08, -0.4926745593547821, 0.8702136874198914),
        }},
        {Time = 0.033, Data = {
            ["RightFoot"] = CFrame.new(-8.009374141693115e-08, 4.172325134277344e-07, 5.420588422566652e-09, 0.9899573922157288, 0.02468220517039299, -0.1391952782869339, -0.03386862203478813, 0.9973738193511963, -0.06401899456977844, 0.13724948465824127, 0.06809066236019135, 0.9881934523582458),
            ["LeftLowerArm"] = CFrame.new(0, -1.1920928955078125e-07, 5.960464477539063e-08, 1, -8.940696716308594e-08, 7.450580596923828e-08, 1.4901162970204496e-08, 0.2786088287830353, -0.9604046940803528, 8.940698137394065e-08, 0.9604047536849976, 0.2786088287830353),
            ["LeftFoot"] = CFrame.new(3.306195139884949e-08, 5.960464477539063e-08, 7.450580596923828e-09, 0.9915077686309814, -0.05768560245633125, 0.11655380576848984, 0.06727907806634903, 0.9945118427276611, -0.08012433350086212, -0.1112920492887497, 0.0872853696346283, 0.9899471998214722),
            ["Head"] = CFrame.new(3.725290298461914e-09, 4.76837158203125e-07, 7.587368600070477e-08, 1, -2.561137302237171e-09, 0, 3.4924596548080444e-10, 0.9695625901222229, -0.24484388530254364, 1.862645149230957e-09, 0.24484403431415558, 0.9695625901222229),
            ["LowerTorso"] = CFrame.new(-2.8110536901687633e-12, -0.04491591453552246, 0.12984231114387512, 0.9994398951530457, -0.015625741332769394, -0.029592793434858322, 0.012602273374795914, 0.9949344396591187, -0.09973286092281342, 0.03100128471851349, 0.09930405020713806, 0.9945741891860962),
            ["UpperTorso"] = CFrame.new(-1.862645149230957e-09, -1.1920928955078125e-07, 1.0550138540565968e-08, 1, 2.2118911147117615e-09, 3.259629011154175e-09, -1.3969838619232178e-09, 0.9071477651596069, 0.42081233859062195, 3.841705620288849e-09, -0.4208123981952667, 0.9071477055549622),
            ["HumanoidRootPart"] = CFrame.new(0, 0, 0, 1, 0, 0, 0, 1, 0, 0, 0, 1),
            ["RightUpperLeg"] = CFrame.new(-5.960464477539063e-08, 4.0512531995773315e-08, 1.673470251262188e-10, 0.971481442451477, 0.0811646357178688, 0.22279180586338043, -0.025860458612442017, 0.9702535271644592, -0.24070604145526886, -0.23570142686367035, 0.2280799150466919, 0.9446821212768555),
            ["LeftUpperArm"] = CFrame.new(5.960464477539063e-08, 8.344650268554688e-07, 2.9802322387695312e-08, 0.7947399616241455, -0.5788991451263428, -0.18238556385040283, 0.09319086372852325, 0.41331639885902405, -0.9058063626289368, 0.5997533798217773, 0.7028836607933044, 0.38242700695991516),
            ["RightLowerArm"] = CFrame.new(1.1920928955078125e-07, 2.384185791015625e-07, 8.940696716308594e-08, 1, -1.2665987014770508e-07, 5.215405707303944e-08, 8.940696716308594e-08, 0.1458984613418579, -0.9892995953559875, 5.960464477539063e-08, 0.9892996549606323, 0.14589853584766388),
            ["LeftHand"] = CFrame.new(-1.4901161193847656e-07, -2.384185791015625e-07, -2.980232238769531e-07, -0.10559632629156113, 0.7100557684898376, -0.6961827278137207, 0.77187180519104, 0.499919056892395, 0.39280423521995544, 0.6269477009773254, -0.49588480591773987, -0.6008614897727966),
            ["RightHand"] = CFrame.new(-2.9802322387695312e-08, -5.960464477539063e-08, 8.940696716308594e-08, 0.028522204607725143, -0.5923256874084473, 0.8051937818527222, -0.8478438258171082, 0.41234448552131653, 0.3333664834499359, -0.5294784307479858, -0.6921865940093994, -0.4904385209083557),
            ["RightUpperArm"] = CFrame.new(0, 9.5367431640625e-07, 1.601874828338623e-07, 0.8357036113739014, 0.4362722933292389, 0.333565890789032, 0.05527703836560249, 0.5374807715415955, -0.8414624333381653, -0.5463918447494507, 0.721651554107666, 0.42505860328674316),
            ["RightLowerLeg"] = CFrame.new(-9.685754776000977e-08, 2.980232238769531e-07, -4.300818545743823e-08, 1, -8.475035429000854e-08, -1.7695125364980413e-08, 8.009374852235851e-08, 0.865658164024353, 0.500635027885437, 4.423782673512733e-09, -0.5006355047225952, 0.8656585216522217),
            ["LeftUpperLeg"] = CFrame.new(5.960464477539063e-08, -4.423782229423523e-08, 2.1420419216156006e-08, 0.9793113470077515, -0.007974638603627682, -0.20220217108726501, -0.03820844367146492, 0.9739630222320557, -0.22346417605876923, 0.1987195909023285, 0.22656689584255219, 0.9535083174705505),
            ["LeftLowerLeg"] = CFrame.new(1.1175870895385742e-08, -2.384185791015625e-07, -3.725290298461914e-08, 1, 5.5879347371501353e-08, 1.303851249190302e-08, -1.862645149230957e-08, 0.8613296747207642, 0.5080463886260986, -5.587935447692871e-09, -0.5080463886260986, 0.8613297939300537),
        }},
        {Time = 0.050, Data = {
            ["RightFoot"] = CFrame.new(-2.3515895009040833e-08, 2.980232238769531e-07, 5.420588422566652e-09, 0.9901372790336609, 0.02458350360393524, -0.13792714476585388, -0.034802839159965515, 0.996784508228302, -0.07217679917812347, 0.1357092559337616, 0.07626549899578094, 0.9878090023994446),
            ["LeftLowerArm"] = CFrame.new(8.940696716308594e-08, 2.384185791015625e-07, 3.2782554626464844e-07, 1, -1.1920928955078125e-07, 5.960464477539063e-08, 5.960465188081798e-08, 0.23549455404281616, -0.9718757271766663, 1.4901162970204496e-08, 0.9718756675720215, 0.23549464344978333),
            ["LeftFoot"] = CFrame.new(2.0489096641540527e-08, -5.960464477539063e-08, -3.725290298461914e-09, 0.9916076064109802, -0.05776127800345421, 0.11566364765167236, 0.06817617267370224, 0.9937660098075867, -0.08821167796850204, -0.1098473072052002, 0.09535675495862961, 0.9893637895584106),
            ["Head"] = CFrame.new(0, 2.384185791015625e-07, 1.626904122531414e-08, 1, -2.561137302237171e-09, 0, 3.4924596548080444e-10, 0.9695625901222229, -0.24484388530254364, 1.862645149230957e-09, 0.24484403431415558, 0.9695625901222229),
            ["LowerTorso"] = CFrame.new(-2.811051304923984e-12, -0.05025172233581543, 0.12984231114387512, 0.9994398951530457, -0.015625741332769394, -0.029592793434858322, 0.012602273374795914, 0.9949344396591187, -0.09973286092281342, 0.03100128471851349, 0.09930405020713806, 0.9945741891860962),
            ["UpperTorso"] = CFrame.new(0, 0, 1.8000719137489796e-08, 1, 2.2118911147117615e-09, 3.259629011154175e-09, -1.3969838619232178e-09, 0.9071477651596069, 0.42081233859062195, 3.841705620288849e-09, -0.4208123981952667, 0.9071477055549622),
            ["HumanoidRootPart"] = CFrame.new(0, 0, 0, 1, 0, 0, 0, 1, 0, 0, 0, 1),
            ["RightUpperLeg"] = CFrame.new(-2.9802322387695312e-08, 3.958120942115784e-08, -2.2184394765645266e-08, 0.9717851877212524, 0.08287695795297623, 0.22082814574241638, -0.025700844824314117, 0.9678681492805481, -0.25014156103134155, -0.2344636172056198, 0.23740831017494202, 0.9426898956298828),
            ["LeftUpperArm"] = CFrame.new(5.960464477539063e-08, 9.5367431640625e-07, 2.9802322387695312e-08, 0.7927516102790833, -0.5727725028991699, -0.20851057767868042, 0.07322298735380173, 0.4290847182273865, -0.9002915024757385, 0.6051309108734131, 0.6984396576881409, 0.38209760189056396),
            ["RightLowerArm"] = CFrame.new(1.1920928955078125e-07, -5.960464477539063e-08, -2.9802322387695312e-08, 1, -1.2665987014770508e-07, 8.940695295223122e-08, 1.564621925354004e-07, 0.10923048853874207, -0.9940164089202881, 1.341104507446289e-07, 0.9940165281295776, 0.10923049598932266),
            ["LeftHand"] = CFrame.new(8.940696716308594e-08, -2.980232238769531e-07, 1.1920928955078125e-07, -0.08548934757709503, 0.7148791551589966, -0.6940025687217712, 0.790618896484375, 0.4725535809993744, 0.3893778920173645, 0.6063113212585449, -0.5154035687446594, -0.6055951118469238),
            ["RightHand"] = CFrame.new(2.9802322387695312e-08, 2.980232238769531e-07, -8.940696716308594e-08, 0.04754851385951042, -0.5951635241508484, 0.8021968007087708, -0.8598634600639343, 0.3842964172363281, 0.3360826075077057, -0.5083051323890686, -0.7057596445083618, -0.4934864044189453),
            ["RightUpperArm"] = CFrame.new(0, 9.5367431640625e-07, 4.0978193283081055e-08, 0.830894947052002, 0.4286346435546875, 0.354804128408432, 0.07339286059141159, 0.5476492643356323, -0.8334829807281494, -0.551567792892456, 0.7185767889022827, 0.4235801696777344),
            ["RightLowerLeg"] = CFrame.new(-1.434236764907837e-07, 4.172325134277344e-07, -4.300818545743823e-08, 1, -7.078050856534901e-08, -4.516914486885071e-08, 8.754432201385498e-08, 0.8565083146095276, 0.5161328315734863, -1.5133991837501526e-08, -0.5161332488059998, 0.8565086126327515),
            ["LeftUpperLeg"] = CFrame.new(5.960464477539063e-08, -4.6100467443466187e-08, -9.313225746154785e-10, 0.9794723987579346, -0.0094701386988163, -0.2013559490442276, -0.03846682980656624, 0.9717585444450378, -0.23282082378864288, 0.19787436723709106, 0.23578709363937378, 0.9514464139938354),
            ["LeftLowerLeg"] = CFrame.new(8.940696716308594e-08, 1.1920928955078125e-07, 5.21540641784668e-08, 1, 7.078050145992165e-08, 8.381900507004048e-09, -4.0978189730367376e-08, 0.8521730899810791, 0.5232600569725037, -5.308537964765492e-08, -0.5232600569725037, 0.8521730899810791),
        }},
        {Time = 0.067, Data = {
            ["RightFoot"] = CFrame.new(4.6798959374427795e-08, 3.5762786865234375e-07, 1.6596459317952394e-08, 0.9905857443809509, 0.02363644167780876, -0.13483814895153046, -0.03750946745276451, 0.9941492676734924, -0.10129357874393463, 0.13165494799613953, 0.10539788007736206, 0.985676646232605),
            ["LeftLowerArm"] = CFrame.new(1.1920928955078125e-07, -1.1920928955078125e-07, 1.4901161193847656e-08, 1, -8.940696716308594e-08, 1.4901159772762185e-07, 4.4703490686970326e-08, 0.19606506824493408, -0.9805909395217896, 4.4703490686970326e-08, 0.9805909395217896, 0.1960650533437729),
            ["LeftFoot"] = CFrame.new(2.1420419216156006e-08, 5.960464477539063e-08, -1.30385160446167e-08, 0.9918547868728638, -0.057451922446489334, 0.11368104070425034, 0.07079704105854034, 0.9905968904495239, -0.1170709952712059, -0.10588608682155609, 0.12416563928127289, 0.9865957498550415),
            ["Head"] = CFrame.new(1.862645149230957e-09, 4.76837158203125e-07, 2.8259819373488426e-08, 1, -4.656612873077393e-10, -2.444721758365631e-09, 3.4924596548080444e-10, 0.9678341150283813, -0.2515890896320343, 0, 0.25158920884132385, 0.9678341746330261),
            ["LowerTorso"] = CFrame.new(-2.7834316882607846e-12, -0.06932926177978516, 0.12984231114387512, 0.9994409680366516, -0.01547230128198862, -0.02963738702237606, 0.012451156973838806, 0.994955837726593, -0.09953847527503967, 0.031027980148792267, 0.09911380708217621, 0.9945922493934631),
            ["UpperTorso"] = CFrame.new(4.656612873077393e-10, 0, 2.7430360205471516e-08, 1, -0.0001511463342467323, -0.000026604629965731874, 0.0001479289639974013, 0.9031704068183899, 0.4292822778224945, -0.00004086050103069283, -0.4292823076248169, 0.9031704068183899),
            ["HumanoidRootPart"] = CFrame.new(0, 0, 0, 1, 0, 0, 0, 1, 0, 0, 0, 1),
            ["RightUpperLeg"] = CFrame.new(-5.960464477539063e-08, 3.334134817123413e-07, -1.6952981241047382e-09, 0.9725428819656372, 0.08744306862354279, 0.21567107737064362, -0.025072548538446426, 0.9607008695602417, -0.2764512598514557, -0.23136916756629944, 0.2634532153606415, 0.9365151524543762),
            ["LeftUpperArm"] = CFrame.new(1.1920928955078125e-07, 5.960464477539062e-07, 4.842877388000488e-08, 0.7907467484474182, -0.5651171207427979, -0.23529177904129028, 0.05976022407412529, 0.4538034498691559, -0.8890957832336426, 0.6092194318771362, 0.6889885663986206, 0.3926151692867279),
            ["RightLowerArm"] = CFrame.new(1.1920928955078125e-07, 2.384185791015625e-07, 1.4901161193847656e-07, 1, -2.60770320892334e-08, 3.725289587919178e-08, 1.2665987014770508e-07, 0.0767914205789566, -0.9970471858978271, 1.2665987014770508e-07, 0.9970472455024719, 0.07679159939289093),
            ["LeftHand"] = CFrame.new(5.960464477539063e-08, -1.7881393432617188e-07, -2.9802322387695312e-08, -0.0747498944401741, 0.7182125449180603, -0.6917971968650818, 0.7971189022064209, 0.4598734676837921, 0.39130309224128723, 0.5991777777671814, -0.522194504737854, -0.6068761348724365),
            ["RightHand"] = CFrame.new(0, -2.384185791015625e-07, -1.4901161193847656e-07, 0.05451531335711479, -0.6008513569831848, 0.7974998950958252, -0.8626803159713745, 0.3738388121128082, 0.3406279683113098, -0.5028029680252075, -0.7065566182136536, -0.49796241521835327),
            ["RightUpperArm"] = CFrame.new(-1.1920928955078125e-07, 7.152557373046875e-07, 1.1920928955078125e-07, 0.8258295655250549, 0.4222291111946106, 0.3738023638725281, 0.08173220604658127, 0.5662466883659363, -0.8201735019683838, -0.5579655766487122, 0.7078751921653748, 0.43311360478401184),
            ["RightLowerLeg"] = CFrame.new(-8.66129994392395e-08, 7.152557373046875e-07, -8.026108844205737e-08, 1, -8.754432201385498e-08, -9.546056389808655e-09, 8.381903171539307e-08, 0.828805685043335, 0.5595362782478333, -1.862645149230957e-08, -0.5595365762710571, 0.8288059234619141),
            ["LeftUpperLeg"] = CFrame.new(5.960464477539063e-08, 2.2724270820617676e-07, 4.6566128730773926e-08, 0.9798871874809265, -0.013698955066502094, -0.19908154010772705, -0.039103616029024124, 0.9651176333427429, -0.25887998938560486, 0.1956835389137268, 0.2614579498767853, 0.9451707005500793),
            ["LeftLowerLeg"] = CFrame.new(1.862645149230957e-08, 0, -9.685754776000977e-08, 1, 7.82310962677002e-08, -2.7939670577126208e-09, -3.3527616238870905e-08, 0.8245576024055481, 0.5657780170440674, -5.587936335871291e-09, -0.5657781362533569, 0.8245576024055481),
        }},
        {Time = 0.083, Data = {
            ["RightFoot"] = CFrame.new(4.0978193283081055e-08, 2.384185791015625e-07, -3.55576048605144e-08, 0.9910118579864502, 0.022802935913205147, -0.1318168193101883, -0.04013269767165184, 0.9906556606292725, -0.13034871220588684, 0.1276126652956009, 0.1344674527645111, 0.982666552066803),
            ["LeftLowerArm"] = CFrame.new(0, 3.5762786865234375e-07, -2.980232238769531e-07, 1, -7.450579886381092e-08, 1.0430811414607888e-07, 1.043081283569336e-07, 0.15690851211547852, -0.9876132011413574, 1.043081283569336e-07, 0.9876131415367126, 0.15690846741199493),
            ["LeftFoot"] = CFrame.new(-5.634501576423645e-08, -5.960464477539063e-08, 3.725290298461914e-09, 0.9920837879180908, -0.0572202205657959, 0.1117841973900795, 0.0733371376991272, 0.9865842461585999, -0.14585384726524353, -0.10193857550621033, 0.15289711952209473, 0.9829705357551575),
            ["Head"] = CFrame.new(-1.862645149230957e-09, -1.1920928955078125e-07, -1.2613600119948387e-07, 1, 6.984919309616089e-10, 5.8207669795251604e-09, -2.561137080192566e-09, 0.9660587310791016, -0.2583223581314087, -1.3969838619232178e-09, 0.25832241773605347, 0.9660588502883911),
            ["LowerTorso"] = CFrame.new(-2.7558120715975853e-12, -0.08840680122375488, 0.12984231114387512, 0.9994421005249023, -0.01531885378062725, -0.029681958258152008, 0.012300048023462296, 0.9949771165847778, -0.09934408962726593, 0.03105471096932888, 0.09892356395721436, 0.9946103692054749),
            ["UpperTorso"] = CFrame.new(1.862645149230957e-09, 5.960464477539063e-08, -9.822542779147625e-09, 1, -0.00030203384812921286, -0.000054618816648144275, 0.0002954693336505443, 0.8991138935089111, 0.4377147853374481, -0.0000831025026855059, -0.43771469593048096, 0.8991139531135559),
            ["HumanoidRootPart"] = CFrame.new(0, 0, 0, 1, 0, 0, 0, 1, 0, 0, 0, 1),
            ["RightUpperLeg"] = CFrame.new(0, -2.1094456315040588e-07, -2.7772330213338137e-08, 0.9732720255851746, 0.09193553030490875, 0.21045085787773132, -0.024576323106884956, 0.952808141708374, -0.3025766611099243, -0.22833681106567383, 0.28931713104248047, 0.9296008944511414),
            ["LeftUpperArm"] = CFrame.new(-1.1920928955078125e-07, 2.384185791015625e-07, -1.043081283569336e-07, 0.788350522518158, -0.5569541454315186, -0.26135358214378357, 0.046660732477903366, 0.47771307826042175, -0.8772758841514587, 0.6134544014930725, 0.6794058084487915, 0.4025932550430298),
            ["RightLowerArm"] = CFrame.new(-5.960464477539063e-08, 1.1920928955078125e-07, 0, 1, -8.940695295223122e-08, 1.1175869474300271e-07, 1.341104507446289e-07, 0.0445215217769146, -0.9990084767341614, 1.2293457984924316e-07, 0.9990084171295166, 0.04452161118388176),
            ["LeftHand"] = CFrame.new(1.1920928955078125e-07, -5.960464477539063e-08, 2.086162567138672e-07, -0.0642874613404274, 0.721799910068512, -0.689109742641449, 0.8033656477928162, 0.44708284735679626, 0.3933454155921936, 0.592005729675293, -0.5283198356628418, -0.6086109280586243),
            ["RightHand"] = CFrame.new(-2.682209014892578e-07, -1.7881393432617188e-07, 1.4901161193847656e-07, 0.06178002059459686, -0.606677770614624, 0.7925436496734619, -0.8652731776237488, 0.36322957277297974, 0.3454950153827667, -0.49747928977012634, -0.7071112990379333, -0.5025014281272888),
            ["RightUpperArm"] = CFrame.new(1.1920928955078125e-07, 5.960464477539062e-07, -9.313225746154785e-08, 0.8205732703208923, 0.4152233302593231, 0.39274564385414124, 0.09022880345582962, 0.5844393372535706, -0.806405246257782, -0.5643742084503174, 0.6971514821052551, 0.4421102702617645),
            ["RightLowerLeg"] = CFrame.new(-1.4901161193847656e-08, 2.980232238769531e-07, 6.875052349641919e-08, 1, -8.381903882082042e-08, -3.166497108963995e-08, 9.03382755268467e-08, 0.7988905310630798, 0.6014761924743652, -2.607702853651972e-08, -0.6014765501022339, 0.7988908290863037),
            ["LeftUpperLeg"] = CFrame.new(0, 2.0954757928848267e-08, -1.7695128917694092e-08, 0.9802886247634888, -0.01793385110795498, -0.19675567746162415, -0.039634279906749725, 0.9577768445014954, -0.2847677767276764, 0.19355496764183044, 0.28695282340049744, 0.9381868243217468),
            ["LeftLowerLeg"] = CFrame.new(-6.705522537231445e-08, 1.1920928955078125e-07, 2.2351741790771484e-08, 1, 7.450579886381092e-08, 1.2107190805465962e-08, -4.4703490686970326e-08, 0.7948063611984253, 0.606863260269165, -1.862645371275562e-09, -0.6068632006645203, 0.7948063015937805),
        }},
        {Time = 0.100, Data = {
            ["RightFoot"] = CFrame.new(5.4249539971351624e-08, 3.5762786865234375e-07, 3.894820110872388e-08, 0.9914080500602722, 0.02134685404598713, -0.12905214726924896, -0.04350414499640465, 0.9842400550842285, -0.1714031845331192, 0.12335929274559021, 0.17554499208927155, 0.976712167263031),
            ["LeftLowerArm"] = CFrame.new(5.960464477539063e-08, -2.384185791015625e-07, -1.7881393432617188e-07, 1, -1.4901162970204496e-08, 1.0430814256778831e-07, 5.960464477539063e-08, 0.12813572585582733, -0.9917567372322083, 7.450580596923828e-08, 0.9917567372322083, 0.12813566625118256),
            ["LeftFoot"] = CFrame.new(2.60770320892334e-08, -5.960464477539063e-08, -1.862645149230957e-09, 0.9922770857810974, -0.05666467919945717, 0.11034207046031952, 0.07668101042509079, 0.9794400334358215, -0.18659426271915436, -0.09750014543533325, 0.19361437857151031, 0.976220965385437),
            ["Head"] = CFrame.new(4.190951585769653e-09, 0, 1.1657539289444685e-07, 1, -1.1641532182693481e-09, -6.984920419839113e-10, 9.89530235528946e-10, 0.9621790647506714, -0.2724178433418274, 2.3283064365386963e-09, 0.27241790294647217, 0.9621790647506714),
            ["LowerTorso"] = CFrame.new(-2.697436458226621e-12, -0.11749601364135742, 0.12984231114387512, 0.9994440674781799, -0.014994497410953045, -0.02977715991437435, 0.011984329670667648, 0.995033860206604, -0.09881284087896347, 0.03111093118786812, 0.09840105473995209, 0.9946604371070862),
            ["UpperTorso"] = CFrame.new(9.313225746154785e-10, -5.960464477539063e-08, 3.3178366720676422e-09, 0.9999998211860657, -0.0006146951345726848, -0.00012676372716668993, 0.0006050302181392908, 0.8904114961624146, 0.4551561176776886, -0.00016691116616129875, -0.45515602827072144, 0.8904117345809937),
            ["HumanoidRootPart"] = CFrame.new(0, 0, 0, 1, 0, 0, 0, 1, 0, 0, 0, 1),
            ["RightUpperLeg"] = CFrame.new(5.960464477539063e-08, 3.306195139884949e-08, -1.0077201295644045e-08, 0.9739510416984558, 0.09734003990888596, 0.20480334758758545, -0.023703712970018387, 0.9419331550598145, -0.33496302366256714, -0.22551624476909637, 0.3213828504085541, 0.919704020023346),
            ["LeftUpperArm"] = CFrame.new(-1.1920928955078125e-07, 4.76837158203125e-07, -1.1175870895385742e-08, 0.7865405678749084, -0.5512756705284119, -0.27829721570014954, 0.024927470833063126, 0.47863075137138367, -0.8776624202728271, 0.6170352697372437, 0.683379590511322, 0.3902042806148529),
            ["RightLowerArm"] = CFrame.new(-2.9802322387695312e-08, -2.980232238769531e-07, -1.4901161193847656e-07, 1, -3.725289943190546e-08, 4.4703490686970326e-08, 1.4156104555240745e-07, 0.019313959404826164, -0.9998135566711426, 9.313227167240257e-08, 0.999813437461853, 0.019314022734761238),
            ["LeftHand"] = CFrame.new(5.960464477539063e-08, -1.1920928955078125e-07, 0, -0.04832560569047928, 0.7247888445854187, -0.6872742772102356, 0.8163878321647644, 0.42509913444519043, 0.39089882373809814, 0.5754786133766174, -0.5421918034553528, -0.6122518181800842),
            ["RightHand"] = CFrame.new(-2.086162567138672e-07, -2.980232238769531e-07, -5.960464477539063e-08, 0.07687107473611832, -0.6086528301239014, 0.7897043228149414, -0.8739774823188782, 0.34005606174468994, 0.34716740250587463, -0.47984808683395386, -0.7168707251548767, -0.5058082342147827),
            ["RightUpperArm"] = CFrame.new(1.1920928955078125e-07, 2.384185791015625e-07, -1.0058283805847168e-07, 0.8162633776664734, 0.409773588180542, 0.40718546509742737, 0.1100066676735878, 0.5817049741744995, -0.8059268593788147, -0.5671090483665466, 0.702641487121582, 0.42974644899368286),
            ["RightLowerLeg"] = CFrame.new(4.842877388000488e-08, 1.7881393432617188e-07, 2.4047039914876223e-08, 1, -1.1641532182693481e-07, -7.683412128756117e-09, 1.0523945093154907e-07, 0.7581587433815002, 0.6520697474479675, -4.516914486885071e-08, -0.652070164680481, 0.7581590414047241),
            ["LeftUpperLeg"] = CFrame.new(-5.960464477539063e-08, -1.9790604710578918e-07, -1.3969838619232178e-08, 0.9806476831436157, -0.02324291504919529, -0.19439642131328583, -0.04035439342260361, 0.9476096630096436, -0.3168713450431824, 0.19157692790031433, 0.3185839056968689, 0.9283332228660583),
            ["LeftLowerLeg"] = CFrame.new(3.725290298461914e-09, -3.5762786865234375e-07, -4.470348358154297e-08, 1, 6.705521116145974e-08, 1.7695125364980413e-08, -3.725289587919178e-08, 0.7543370127677917, 0.6564872860908508, 2.7939670133036998e-08, -0.6564874053001404, 0.7543370127677917),
        }},
        {Time = 0.117, Data = {
            ["RightFoot"] = CFrame.new(3.119930624961853e-08, 4.172325134277344e-07, 5.420588422566652e-09, 0.9917750954627991, 0.020037706941366196, -0.12641534209251404, -0.046767544001340866, 0.9761090278625488, -0.21218861639499664, 0.11914340406656265, 0.21635586023330688, 0.9690176844596863),
            ["LeftLowerArm"] = CFrame.new(-5.960464477539063e-08, -2.980232238769531e-07, -2.9802322387695312e-08, 1, -1.0430814256778831e-07, 1.043081283569336e-07, 4.4703490686970326e-08, 0.09948712587356567, -0.9950389266014099, 8.940698137394065e-08, 0.9950389266014099, 0.09948702156543732),
            ["LeftFoot"] = CFrame.new(7.916241884231567e-09, 5.960464477539063e-08, 1.1175870895385742e-08, 0.9924452304840088, -0.05619516596198082, 0.1090625748038292, 0.0799080953001976, 0.9706020951271057, -0.22703811526298523, -0.09309784322977066, 0.23403798043727875, 0.9677598476409912),
            ["Head"] = CFrame.new(-4.656612873077393e-10, 0, 8.731149137020111e-08, 1, 6.984920419839113e-10, 7.799827450583052e-09, -6.402842700481415e-10, 0.9580937027931213, -0.2864551544189453, -2.3283064365386963e-09, 0.2864552438259125, 0.9580937623977661),
            ["LowerTorso"] = CFrame.new(-2.6390606280152218e-12, -0.14658522605895996, 0.12984231114387512, 0.9994460940361023, -0.014670096337795258, -0.029872199520468712, 0.011668646708130836, 0.9950902462005615, -0.09828157722949982, 0.03116733394563198, 0.09787856787443161, 0.9947102069854736),
            ["UpperTorso"] = CFrame.new(9.313225746154785e-10, 1.1920928955078125e-07, -1.7171259969472885e-08, 0.9999995827674866, -0.0009258892969228327, -0.00020498872618190944, 0.0009128947276622057, 0.8813706040382385, 0.47242456674575806, -0.00025673885829746723, -0.47242459654808044, 0.881371021270752),
            ["HumanoidRootPart"] = CFrame.new(0, 0, 0, 1, 0, 0, 0, 1, 0, 0, 0, 1),
            ["RightUpperLeg"] = CFrame.new(0, 4.563480615615845e-08, 2.531305653974414e-08, 0.9745897054672241, 0.10268169641494751, 0.1990768015384674, -0.023014575242996216, 0.9299420714378357, -0.3669852614402771, -0.22281263768672943, 0.35307830572128296, 0.9086750149726868),
            ["LeftUpperArm"] = CFrame.new(0, -4.76837158203125e-07, 3.725290298461914e-09, 0.7846415042877197, -0.545166015625, -0.2951812446117401, 0.002910065930336714, 0.479370653629303, -0.8776076436042786, 0.6199430227279663, 0.6877483129501343, 0.37772083282470703),
            ["RightLowerArm"] = CFrame.new(1.1920928955078125e-07, -5.960464477539062e-07, 2.9802322387695312e-08, 1, -5.215405707303944e-08, 9.685752644372769e-08, 1.266598843585598e-07, -0.005780174862593412, -0.9999833106994629, 1.4528633585086936e-07, 0.9999833106994629, -0.005780069623142481),
            ["LeftHand"] = CFrame.new(-1.1920928955078125e-07, -1.1920928955078125e-07, 2.9802322387695312e-08, -0.032131485641002655, 0.72745680809021, -0.6854009032249451, 0.8287283778190613, 0.40273919701576233, 0.3886004686355591, 0.558728039264679, -0.5555248260498047, -0.6158045530319214),
            ["RightHand"] = CFrame.new(-8.940696716308594e-08, -1.7881393432617188e-07, 5.960464477539063e-08, 0.09216579794883728, -0.6102960109710693, 0.7867938280105591, -0.8820266723632812, 0.31665298342704773, 0.34894099831581116, -0.4620978832244873, -0.726133406162262, -0.5091126561164856),
            ["RightUpperArm"] = CFrame.new(0, -3.5762786865234375e-07, 7.82310962677002e-08, 0.811859130859375, 0.40395787358283997, 0.42154836654663086, 0.13003085553646088, 0.5787771344184875, -0.8050520420074463, -0.5691896080970764, 0.7084032893180847, 0.4173586368560791),
            ["RightLowerLeg"] = CFrame.new(-1.30385160446167e-08, 2.384185791015625e-07, -4.300818545743823e-08, 1, -1.0617074508445512e-07, -7.404015889278526e-08, 1.1175870895385742e-07, 0.7142059803009033, 0.6999354362487793, -4.98257577419281e-08, -0.6999355554580688, 0.7142062187194824),
            ["LeftUpperLeg"] = CFrame.new(0, 1.825392246246338e-07, -1.1175870895385742e-08, 0.9809852838516235, -0.028601927682757378, -0.19196325540542603, -0.04092096537351608, 0.9363656044006348, -0.3486329913139343, 0.18971937894821167, 0.3498591482639313, 0.9173904061317444),
            ["LeftLowerLeg"] = CFrame.new(-1.1548399925231934e-07, 5.960464477539063e-08, -1.4901161193847656e-08, 1, 7.823107495141812e-08, 1.862645149230957e-09, -4.4703490686970326e-08, 0.7107511758804321, 0.703443706035614, 9.313226634333205e-09, -0.7034435868263245, 0.7107510566711426),
        }},
        {Time = 0.133, Data = {
            ["RightFoot"] = CFrame.new(5.564652383327484e-08, 2.980232238769531e-07, -3.183231456205249e-08, 0.9919541478157043, 0.019031329080462456, -0.12515957653522491, -0.04929047077894211, 0.9686833620071411, -0.24335749447345734, 0.1166086196899414, 0.2475692480802536, 0.9618275761604309),
            ["LeftLowerArm"] = CFrame.new(-5.960464477539063e-08, 5.960464477539063e-08, 1.7881393432617188e-07, 1, 1.4901161193847656e-08, 7.450579886381092e-08, 8.940696716308594e-08, 0.11155301332473755, -0.9937585592269897, 8.940696716308594e-08, 0.9937585592269897, 0.1115528792142868),
            ["LeftFoot"] = CFrame.new(-3.5390257835388184e-08, 1.7881393432617188e-07, 7.450580596923828e-09, 0.9925007224082947, -0.055883705615997314, 0.10871677100658417, 0.08246198296546936, 0.9626194834709167, -0.2579993009567261, -0.09023495018482208, 0.26502999663352966, 0.960008978843689),
            ["Head"] = CFrame.new(6.51925802230835e-09, 0, 1.7543788999319077e-07, 1, -9.313225746154785e-10, 3.608875420724189e-09, 6.984919309616089e-10, 0.954327404499054, -0.2987627387046814, 9.313225746154785e-10, 0.2987627387046814, 0.9543274641036987),
            ["LowerTorso"] = CFrame.new(-2.5866524634016175e-12, -0.1709129810333252, 0.12984231114387512, 0.9994476437568665, -0.01437885407358408, -0.029960813000798225, 0.011398362927138805, 0.9951823353767395, -0.09737757593393326, 0.03121664747595787, 0.09698230028152466, 0.9947964549064636),
            ["UpperTorso"] = CFrame.new(3.725290298461914e-09, 2.9802322387695312e-08, 1.5032128430902958e-08, 0.9999992847442627, -0.0011890436289831996, -0.00028643847326748073, 0.0011780010536313057, 0.8733859658241272, 0.4870273470878601, -0.0003289235755801201, -0.4870273768901825, 0.8733866214752197),
            ["HumanoidRootPart"] = CFrame.new(0, 0, 0, 1, 0, 0, 0, 1, 0, 0, 0, 1),
            ["RightUpperLeg"] = CFrame.new(5.960464477539063e-08, 4.2747706174850464e-07, -4.489265847951174e-09, 0.974899172782898, 0.10664281249046326, 0.19544528424739838, -0.022287361323833466, 0.9201610088348389, -0.3909054398536682, -0.22152841091156006, 0.3767373561859131, 0.8994409441947937),
            ["LeftUpperArm"] = CFrame.new(0, 0, 1.043081283569336e-07, 0.7864494919776917, -0.5468998551368713, -0.28705060482025146, -0.001124763861298561, 0.46347394585609436, -0.8861098885536194, 0.6176536679267883, 0.6972032785415649, 0.36388370394706726),
            ["RightLowerArm"] = CFrame.new(5.960464477539063e-08, -3.5762786865234375e-07, 0, 1, -2.2351738238057806e-08, 5.960463766996327e-08, 1.4156101713069802e-07, 0.006802498362958431, -0.9999768733978271, 1.0803340444454079e-07, 0.9999768733978271, 0.006802513264119625),
            ["LeftHand"] = CFrame.new(0, -1.1920928955078125e-07, 1.4901161193847656e-07, -0.03308665752410889, 0.7254202961921692, -0.6875104904174805, 0.8284177184104919, 0.40473613142967224, 0.38718584179878235, 0.5591328144073486, -0.5567351579666138, -0.6143422722816467),
            ["RightHand"] = CFrame.new(-2.9802322387695312e-08, 1.1920928955078125e-07, 2.384185791015625e-07, 0.08929578959941864, -0.6094871163368225, 0.7877511382102966, -0.8825984597206116, 0.3181033432483673, 0.34616532921791077, -0.46156954765319824, -0.7261788845062256, -0.5095270276069641),
            ["RightUpperArm"] = CFrame.new(0, -2.384185791015625e-07, -8.940696716308594e-08, 0.8130540251731873, 0.40967562794685364, 0.4136536717414856, 0.13193486630916595, 0.5623742938041687, -0.8162894248962402, -0.5670419335365295, 0.7182626128196716, 0.4031900465488434),
            ["RightLowerLeg"] = CFrame.new(-1.210719347000122e-08, 3.5762786865234375e-07, -1.1006341082975268e-07, 1, -1.238658740021492e-07, -1.6530981028495262e-08, 1.0803343286625022e-07, 0.6796172857284546, 0.7335667014122009, -5.7276345444279286e-08, -0.7335668206214905, 0.6796175241470337),
