return {
    ["Business Up Front"] = {
        {Time = 0.000, Data = {
            ["LeftFoot"] = CFrame.new(-8.754432201385498e-08, -1.1920928955078125e-07, -3.725290298461914e-08, 0.9913622140884399, -0.11500773578882217, 0.06304243952035904, 0.1291137933731079, 0.9402427077293396, -0.31507694721221924, -0.0230389591306448, 0.32049480080604553, 0.9469700455665588),
            ["LeftLowerArm"] = CFrame.new(0.0000012814998626708984, -9.5367431640625e-07, 0.000004589557647705078, 1, 1.6391278734317893e-07, 6.705522537231445e-08, -9.685754776000977e-08, 0.9350515604019165, -0.35451197624206543, -1.043081283569336e-07, 0.35451194643974304, 0.935051441192627),
            ["LowerTorso"] = CFrame.new(-0.05255802348256111, -0.08587777614593506, -0.17557615041732788, 0.7454521059989929, -0.006697400938719511, 0.6665256023406982, 0.03223809972405434, 0.9991416335105896, -0.02601597085595131, -0.6657792329788208, 0.04088117182254791, 0.7450280785560608),
            ["Head"] = CFrame.new(7.450580596923828e-09, -9.5367431640625e-07, 1.4901161193847656e-08, 0.6471998691558838, -0.06260223686695099, -0.7597455382347107, 0.004500018898397684, 0.9969187378883362, -0.07831176370382309, 0.7623071074485779, 0.04726438224315643, 0.6454874277114868),
            ["RightUpperLeg"] = CFrame.new(1.1920928955078125e-07, -5.029141902923584e-07, 7.281050784513354e-08, 0.6323774456977844, -0.18360605835914612, -0.7525873184204102, 0.14677487313747406, 0.982306957244873, -0.11631941795349121, 0.7606286406517029, -0.036903221160173416, 0.6481375098228455),
            ["UpperTorso"] = CFrame.new(4.0978193283081055e-08, -3.2782554626464844e-07, 4.0978193283081055e-08, 0.9748455286026001, 0.09697085618972778, 0.20068137347698212, -0.12437780201435089, 0.9838414192199707, 0.12878744304180145, -0.18494977056980133, -0.1505081206560135, 0.9711544513702393),
            ["HumanoidRootPart"] = CFrame.new(0, 0, 0, 1, 0, 0, 0, 1, 0, 0, 0, 1),
            ["RightHand"] = CFrame.new(2.384185791015625e-07, 0.0000012516975402832031, -7.450580596923828e-07, 0.9061169624328613, -0.044781386852264404, -0.4206497073173523, 0.011916957795619965, 0.9966886639595032, -0.08043492585420609, 0.4228593409061432, 0.06787071377038956, 0.9036505222320557),
            ["LeftUpperArm"] = CFrame.new(-0.017612338066101074, -0.06751430034637451, 0.06427279114723206, 0.8320385813713074, 0.38998711109161377, -0.3944893181324005, -0.26574161648750305, 0.9044650197029114, 0.3336532711982727, 0.48692214488983154, -0.17278026044368744, 0.8561856150627136),
            ["RightLowerArm"] = CFrame.new(6.854534149169922e-07, 2.980232238769531e-07, -0.000004231929779052734, 1, -0.000010386110261606518, 0.00001646392593102064, 0.00001898780647024978, 0.33168911933898926, -0.9433887600898743, 0.0000043548648136493284, 0.943388819694519, 0.33168917894363403),
            ["LeftHand"] = CFrame.new(-0.0000014901161193847656, -0.0000013113021850585938, 4.470348358154297e-07, 0.9925132393836975, -0.0784565657377243, 0.09360639750957489, 0.10091089457273483, 0.9585161805152893, -0.26657789945602417, -0.06880862265825272, 0.27402812242507935, 0.9592571258544922),
            ["RightUpperArm"] = CFrame.new(-0.0848817229270935, 0.0004551410675048828, -0.056876540184020996, 0.740099310874939, -0.3996469974517822, -0.540865421295166, 0.27302178740501404, 0.9135606288909912, -0.3014402687549591, 0.6145829558372498, 0.07542769610881805, 0.7852377891540527),
            ["LeftUpperLeg"] = CFrame.new(-2.9802322387695312e-08, -3.373716026544571e-07, -3.725290298461914e-09, 0.9604519605636597, 0.21908345818519592, 0.17185665667057037, -0.15901333093643188, 0.9382129311561584, -0.30736204981803894, -0.22857585549354553, 0.26787900924682617, 0.9359455108642578),
            ["RightLowerLeg"] = CFrame.new(-7.450580596923828e-09, -0.0007262229919433594, 0.00004598295345203951, 1, -5.960467319710006e-08, -1.378357268322361e-07, 5.960463766996327e-08, 0.902824342250824, 0.4300093948841095, 9.49948883999241e-08, -0.43000978231430054, 0.9028244614601135),
            ["RightFoot"] = CFrame.new(2.1606683731079102e-07, -1.1920928955078125e-07, -2.0656443666666746e-08, 0.9852666258811951, 0.14507901668548584, -0.09056401997804642, -0.1653297394514084, 0.9434787034988403, -0.2872527241706848, 0.04377089440822601, 0.29799342155456543, 0.953563928604126),
            ["LeftLowerLeg"] = CFrame.new(-1.1175870895385742e-08, -0.0007265806198120117, 0.00008094683289527893, 1, 6.705523958316917e-08, 3.3527619791584584e-08, -8.195638656616211e-08, 0.7931941747665405, 0.60896897315979, -2.9802322387695312e-08, -0.6089688539505005, 0.7931941151618958),
        }},
        {Time = 0.033, Data = {
            ["LeftFoot"] = CFrame.new(1.1175870895385742e-08, -1.7881393432617188e-07, -2.9802322387695312e-08, 0.9915868043899536, -0.11316610872745514, 0.06284312903881073, 0.12726180255413055, 0.941046416759491, -0.31342682242393494, -0.02366880141198635, 0.31878724694252014, 0.9475307464599609),
            ["LeftLowerArm"] = CFrame.new(0.0000011920928955078125, -7.748603820800781e-07, 0.000004887580871582031, 1, 1.6391277313232422e-07, 5.960465188081798e-08, -9.685754776000977e-08, 0.9361037611961365, -0.3517239987850189, -1.6391277313232422e-07, 0.35172396898269653, 0.9361037611961365),
            ["LowerTorso"] = CFrame.new(-0.05307706072926521, -0.08583629131317139, -0.17293252050876617, 0.7413673996925354, -0.006080986466258764, 0.6710718274116516, 0.032004669308662415, 0.9991416335105896, -0.026303375139832497, -0.6703357696533203, 0.04097789525985718, 0.7409256100654602),
            ["Head"] = CFrame.new(1.4901161193847656e-08, -8.344650268554688e-07, -1.4901161193847656e-08, 0.6422405242919922, -0.0621858686208725, -0.7639766931533813, 0.004461559467017651, 0.9969900846481323, -0.0774020180106163, 0.7664901614189148, 0.04630207642912865, 0.6405844688415527),
            ["RightUpperLeg"] = CFrame.new(0, -5.253823474049568e-07, 6.908521754667163e-08, 0.6275345683097839, -0.18453815579414368, -0.756403386592865, 0.1487351804971695, 0.9820275902748108, -0.11618828773498535, 0.7642502188682556, -0.03959166258573532, 0.6437034606933594),
            ["UpperTorso"] = CFrame.new(-2.9802322387695312e-08, -4.470348358154297e-07, 2.2351741790771484e-08, 0.9747677445411682, 0.09671936929225922, 0.2011793851852417, -0.12406326830387115, 0.983975887298584, 0.12806156277656555, -0.18556994199752808, -0.1497892588376999, 0.9711472988128662),
            ["HumanoidRootPart"] = CFrame.new(0, 0, 0, 1, 0, 0, 0, 1, 0, 0, 0, 1),
            ["RightHand"] = CFrame.new(2.980232238769531e-07, 0.0000012516975402832031, -8.195638656616211e-07, 0.9060916304588318, -0.04478122666478157, -0.42070454359054565, 0.011960886418819427, 0.9966964721679688, -0.08033107221126556, 0.42291250824928284, 0.06775546073913574, 0.9036341905593872),
            ["LeftUpperArm"] = CFrame.new(-0.017565488815307617, -0.06738162040710449, 0.0641295313835144, 0.8287622332572937, 0.39184248447418213, -0.39951571822166443, -0.2658965289592743, 0.9039269089698792, 0.3349856436252594, 0.4923943877220154, -0.1713934987783432, 0.8533298969268799),
            ["RightLowerArm"] = CFrame.new(6.556510925292969e-07, 5.960464477539062e-07, -0.000003814697265625, 1, -0.000010345132068323437, 0.000016532843801542185, 0.000019002707631443627, 0.3295433223247528, -0.9441404938697815, 0.00000435859010394779, 0.9441404938697815, 0.3295433521270752),
            ["LeftHand"] = CFrame.new(-0.0000015795230865478516, -0.0000013113021850585938, 3.2782554626464844e-07, 0.9925169348716736, -0.07822097092866898, 0.09376384317874908, 0.10083482414484024, 0.9581050276756287, -0.2680804133415222, -0.0688662976026535, 0.2755291759967804, 0.9588229656219482),
            ["RightUpperArm"] = CFrame.new(-0.08493983745574951, 0.0002828836441040039, -0.057982683181762695, 0.7362138032913208, -0.3994556665420532, -0.5462826490402222, 0.27263325452804565, 0.9138782024383545, -0.3008286952972412, 0.6194033026695251, 0.07253927737474442, 0.7817144393920898),
            ["LeftUpperLeg"] = CFrame.new(-5.960464477539063e-08, -4.5821070671081543e-07, -2.9802322387695312e-08, 0.9621254205703735, 0.21592196822166443, 0.16641034185886383, -0.15691590309143066, 0.9378235936164856, -0.30961984395980835, -0.22291743755340576, 0.27178075909614563, 0.9361854195594788),
            ["RightLowerLeg"] = CFrame.new(-4.470348358154297e-08, -0.0007266998291015625, 0.00004608353629009798, 1, -4.842878098543224e-08, -1.4156101713069802e-07, 6.891786341611805e-08, 0.9032986164093018, 0.4290124475955963, 2.0489094865183688e-08, -0.4290125072002411, 0.9032986164093018),
            ["RightFoot"] = CFrame.new(1.7508864402770996e-07, -2.384185791015625e-07, 9.145878721028566e-09, 0.9850717782974243, 0.14642253518104553, -0.09052117168903351, -0.16655400395393372, 0.943591833114624, -0.2861718237400055, 0.04351317510008812, 0.29697635769844055, 0.9538929462432861),
            ["LeftLowerLeg"] = CFrame.new(2.2351741790771484e-08, -0.0007262825965881348, 0.00008097290992736816, 1, 8.940695295223122e-08, -1.862645149230957e-08, -5.2154071283894154e-08, 0.7926071286201477, 0.6097328662872314, 2.2351745343485163e-08, -0.6097326874732971, 0.7926070690155029),
        }},
        {Time = 0.067, Data = {
            ["LeftFoot"] = CFrame.new(-2.2351741790771484e-08, -1.1920928955078125e-07, -5.21540641784668e-08, 0.9917760491371155, -0.11160874366760254, 0.06264203041791916, 0.12568774819374084, 0.9416749477386475, -0.3121713399887085, -0.024147076532244682, 0.31747719645500183, 0.9479584097862244),
            ["LeftLowerArm"] = CFrame.new(0.0000012516975402832031, -7.152557373046875e-07, 0.000004470348358154297, 1, 1.2665987014770508e-07, 5.2154071283894154e-08, -1.0058283805847168e-07, 0.9371264576911926, -0.34899017214775085, -7.450580596923828e-08, 0.34899014234542847, 0.9371263980865479),
            ["LowerTorso"] = CFrame.new(-0.053561922162771225, -0.0857999324798584, -0.17063191533088684, 0.7383174896240234, -0.0054922448471188545, 0.6744309663772583, 0.031811293214559555, 0.9991375803947449, -0.026688173413276672, -0.6737026572227478, 0.04115886613726616, 0.7378554344177246),
            ["Head"] = CFrame.new(-2.9802322387695312e-08, -7.152557373046875e-07, -3.725290298461914e-08, 0.6385663151741028, -0.06206301599740982, -0.7670601606369019, 0.004680214449763298, 0.9970375895500183, -0.07677439600229263, 0.7695526480674744, 0.045435454696416855, 0.6369650363922119),
            ["RightUpperLeg"] = CFrame.new(-5.960464477539063e-08, -1.7532147467136383e-07, 2.029992174357176e-09, 0.6239251494407654, -0.18545012176036835, -0.7591612935066223, 0.15036363899707794, 0.9817720651626587, -0.11625218391418457, 0.7668821811676025, -0.04161766543984413, 0.6404370069503784),
            ["UpperTorso"] = CFrame.new(7.450580596923828e-09, 1.4901161193847656e-07, -3.3527612686157227e-08, 0.9746800661087036, 0.09661579132080078, 0.20165374875068665, -0.12396308779716492, 0.9840356707572937, 0.1276991069316864, -0.1860966682434082, -0.14946338534355164, 0.9710966348648071),
            ["HumanoidRootPart"] = CFrame.new(0, 0, 0, 1, 0, 0, 0, 1, 0, 0, 0, 1),
            ["RightHand"] = CFrame.new(5.960464477539063e-08, 0.0000010132789611816406, -0.0000010132789611816406, 0.9060667157173157, -0.04477435722947121, -0.4207588732242584, 0.011981846764683723, 0.9967018961906433, -0.08026041835546494, 0.4229651987552643, 0.06767994910478592, 0.9036152362823486),
            ["LeftUpperArm"] = CFrame.new(-0.017674267292022705, -0.06736099720001221, 0.06426698714494705, 0.8263573050498962, 0.39305779337882996, -0.40328529477119446, -0.26584866642951965, 0.9035892486572266, 0.33593323826789856, 0.4964454174041748, -0.17038805782794952, 0.8511814475059509),
            ["RightLowerArm"] = CFrame.new(2.980232238769531e-07, 5.364418029785156e-07, -0.0000037550926208496094, 1, -0.000010315327926946338, 0.000016525391401955858, 0.000018980355889652856, 0.32767507433891296, -0.9447905421257019, 0.0000043921177166339476, 0.9447904825210571, 0.32767513394355774),
            ["LeftHand"] = CFrame.new(-0.0000011920928955078125, -0.0000010728836059570312, 2.682209014892578e-07, 0.9925193786621094, -0.07801932096481323, 0.09390610456466675, 0.10076869279146194, 0.9577648639678955, -0.2693181335926056, -0.06892801076173782, 0.2767663896083832, 0.958462119102478),
            ["RightUpperArm"] = CFrame.new(-0.08514755964279175, 0.00024712085723876953, -0.05861722677946091, 0.7332109212875366, -0.39966440200805664, -0.5501546263694763, 0.27239447832107544, 0.9139260649681091, -0.30089929699897766, 0.6230594515800476, 0.07076353579759598, 0.7789669632911682),
            ["LeftUpperLeg"] = CFrame.new(2.9802322387695312e-08, -1.5366822481155396e-08, -7.450580596923828e-08, 0.9633629322052002, 0.21338771283626556, 0.1624734252691269, -0.1551850289106369, 0.937576174736023, -0.31123700737953186, -0.21874547004699707, 0.27462080121040344, 0.9363406896591187),
            ["RightLowerLeg"] = CFrame.new(-4.470348358154297e-08, -0.0007263422012329102, 0.00004599785461323336, 1, -1.117587622445626e-08, -1.1175872316471214e-07, 7.078052988163108e-08, 0.9036065936088562, 0.428363174200058, 2.7939684343891713e-08, -0.4283633232116699, 0.903606653213501),
            ["RightFoot"] = CFrame.new(1.6391277313232422e-07, -1.7881393432617188e-07, -5.045876605436206e-08, 0.984920859336853, 0.14744921028614044, -0.09049657732248306, -0.16748687624931335, 0.9437160491943359, -0.28521594405174255, 0.04334833472967148, 0.2960721254348755, 0.954181432723999),
            ["LeftLowerLeg"] = CFrame.new(8.568167686462402e-08, -0.0007266998291015625, 0.00008098408579826355, 1, 1.1175870895385742e-07, -1.0058282384761696e-07, -9.685756197086448e-08, 0.7921414375305176, 0.6103376746177673, -7.450581307466564e-08, -0.6103375554084778, 0.7921413779258728),
        }},
        {Time = 0.100, Data = {
            ["LeftFoot"] = CFrame.new(-4.842877388000488e-08, -1.7881393432617188e-07, -1.4901161193847656e-08, 0.9919280409812927, -0.11034365743398666, 0.0624755322933197, 0.12440912425518036, 0.9421589374542236, -0.31122177839279175, -0.024520371109247208, 0.3164820671081543, 0.9482815861701965),
            ["LeftLowerArm"] = CFrame.new(0.000001341104507446289, -3.5762786865234375e-07, 0.000004678964614868164, 1, 1.4156103134155273e-07, 8.568167686462402e-08, -1.3411046495548362e-07, 0.9381740093231201, -0.3461640179157257, -8.940698137394065e-08, 0.3461639881134033, 0.9381740093231201),
            ["LowerTorso"] = CFrame.new(-0.053986940532922745, -0.08576655387878418, -0.16872680187225342, 0.7361152172088623, -0.004882641602307558, 0.6768386363983154, 0.03162425756454468, 0.9991300106048584, -0.027186254039406776, -0.6761170625686646, 0.041416727006435394, 0.7356292605400085),
            ["Head"] = CFrame.new(-5.960464477539063e-08, -3.5762786865234375e-07, -3.725290298461914e-08, 0.6359477043151855, -0.061788491904735565, -0.7692544460296631, 0.0052205524407327175, 0.9971113801002502, -0.07577475905418396, 0.7717145085334778, 0.04417276009917259, 0.634433388710022),
            ["RightUpperLeg"] = CFrame.new(5.960464477539063e-08, -2.718297764658928e-07, -2.4047039914876223e-08, 0.6213245987892151, -0.18633048236370087, -0.7610761523246765, 0.15175725519657135, 0.9815384149551392, -0.11641416698694229, 0.7687168121337891, -0.04316789656877518, 0.6381308436393738),
            ["UpperTorso"] = CFrame.new(7.450580596923828e-09, -1.7881393432617188e-07, 1.4901161193847656e-08, 0.9746407270431519, 0.09639272838830948, 0.20195066928863525, -0.12367961555719376, 0.9841417074203491, 0.1271553784608841, -0.1864911913871765, -0.14890797436237335, 0.9711063504219055),
            ["HumanoidRootPart"] = CFrame.new(0, 0, 0, 1, 0, 0, 0, 1, 0, 0, 0, 1),
            ["RightHand"] = CFrame.new(2.980232238769531e-07, 0.0000011920928955078125, -6.109476089477539e-07, 0.9060428738594055, -0.04479607939720154, -0.42080798745155334, 0.011985115706920624, 0.9966990351676941, -0.08029602468013763, 0.4230162799358368, 0.06770835816860199, 0.9035890698432922),
            ["LeftUpperArm"] = CFrame.new(-0.017720401287078857, -0.06719791889190674, 0.06434088945388794, 0.8246794939041138, 0.39389410614967346, -0.40589529275894165, -0.2655154764652252, 0.9032570123672485, 0.3370879888534546, 0.4994048476219177, -0.17021824419498444, 0.8494826555252075),
            ["RightLowerArm"] = CFrame.new(2.384185791015625e-07, 5.960464477539063e-08, -0.000003814697265625, 1, -0.000010315329745935742, 0.000016542155208298936, 0.000018995257050846703, 0.32608941197395325, -0.9453389644622803, 0.000004380941845738562, 0.945339024066925, 0.32608941197395325),
            ["LeftHand"] = CFrame.new(-0.0000014007091522216797, -0.0000010728836059570312, 4.172325134277344e-07, 0.9925232529640198, -0.07784757018089294, 0.0940077155828476, 0.10069947689771652, 0.9575052857398987, -0.27026528120040894, -0.06897348165512085, 0.2777111232280731, 0.9581854343414307),
            ["RightUpperArm"] = CFrame.new(-0.08526122570037842, 0.00017499923706054688, -0.05917230248451233, 0.7310561537742615, -0.39986929297447205, -0.552866518497467, 0.2723531126976013, 0.9139417409896851, -0.30088943243026733, 0.6256043910980225, 0.0693921446800232, 0.7770483493804932),
            ["LeftUpperLeg"] = CFrame.new(-2.9802322387695312e-08, -3.7229619920253754e-07, 1.0058283805847168e-07, 0.9642637372016907, 0.2113860845565796, 0.15972255170345306, -0.1537950038909912, 0.9374750256538391, -0.3122301995754242, -0.21573719382286072, 0.27650776505470276, 0.9364833235740662),
            ["RightLowerLeg"] = CFrame.new(-1.1175870895385742e-07, -0.0007264018058776855, 0.00004598295345203951, 1, 7.450581485102248e-09, -4.842877388000488e-08, 7.450581485102248e-09, 0.9037674069404602, 0.4280239939689636, -6.891787762697277e-08, -0.428024023771286, 0.9037674069404602),
            ["RightFoot"] = CFrame.new(2.0489096641540527e-07, -5.960464477539063e-08, 3.894820110872388e-08, 0.9848069548606873, 0.14820997416973114, -0.09049391746520996, -0.16818009316921234, 0.9438252449035645, -0.28444597125053406, 0.0432528555393219, 0.2953436076641083, 0.9544115662574768),
            ["LeftLowerLeg"] = CFrame.new(4.470348358154297e-08, -0.000726163387298584, 0.0000809989869594574, 1, 1.4901159417490817e-08, 4.842878453814592e-08, -8.195638656616211e-08, 0.7918193936347961, 0.6107553243637085, -1.3783574104309082e-07, -0.6107552647590637, 0.7918193936347961),
        }},
        {Time = 0.133, Data = {
            ["LeftFoot"] = CFrame.new(-2.0489096641540527e-08, 0, -8.195638656616211e-08, 0.9920494556427002, -0.1093599945306778, 0.06227627769112587, 0.12339397519826889, 0.9425190687179565, -0.31053483486175537, -0.024736585095524788, 0.3157503306865692, 0.9485198259353638),
            ["LeftLowerArm"] = CFrame.new(0.0000012218952178955078, -5.960464477539062e-07, 0.000004649162292480469, 1, 1.2665985593685036e-07, 6.70552182668871e-08, -8.568164844291459e-08, 0.9392282962799072, -0.34329330921173096, -5.960462345910855e-08, 0.34329327940940857, 0.9392282366752625),
            ["LowerTorso"] = CFrame.new(-0.054329898208379745, -0.08573579788208008, -0.16720403730869293, 0.7346579432487488, -0.004250010941177607, 0.6784244179725647, 0.031443674117326736, 0.9991191029548645, -0.0277909766882658, -0.6777086853981018, 0.0417490117251873, 0.7341444492340088),
            ["Head"] = CFrame.new(8.195638656616211e-08, -8.344650268554688e-07, 0, 0.6343550682067871, -0.06147688627243042, -0.7705934047698975, 0.006022192537784576, 0.9971955418586731, -0.07459753006696701, 0.7730183601379395, 0.042680542916059494, 0.632946252822876),
            ["RightUpperLeg"] = CFrame.new(0, -1.2223608791828156e-08, 5.790934665128589e-08, 0.6195672154426575, -0.18716832995414734, -0.7623021602630615, 0.1529439389705658, 0.981327474117279, -0.11663930863142014, 0.7698991298675537, -0.044323697686195374, 0.6366245150566101),
            ["UpperTorso"] = CFrame.new(2.2351741790771484e-08, 3.5762786865234375e-07, 2.9802322387695312e-08, 0.9746346473693848, 0.0961180254817009, 0.20211075246334076, -0.12331034243106842, 0.9842662811279297, 0.12654846906661987, -0.18676719069480896, -0.14826077222824097, 0.9711523652076721),
            ["HumanoidRootPart"] = CFrame.new(0, 0, 0, 1, 0, 0, 0, 1, 0, 0, 0, 1),
            ["RightHand"] = CFrame.new(1.7881393432617188e-07, 0.0000011324882507324219, -0.0000010132789611816406, 0.9060285687446594, -0.04481613636016846, -0.4208363890647888, 0.011981796473264694, 0.9966951608657837, -0.08034500479698181, 0.42304685711860657, 0.0677526444196701, 0.9035714864730835),
            ["LeftUpperArm"] = CFrame.new(-0.017720937728881836, -0.0669630765914917, 0.06438323855400085, 0.8236139416694641, 0.39443984627723694, -0.4075257182121277, -0.26501524448394775, 0.9029349088668823, 0.33834224939346313, 0.5014249086380005, -0.17066295444965363, 0.8482024073600769),
            ["RightLowerArm"] = CFrame.new(4.470348358154297e-07, 4.172325134277344e-07, -0.000003993511199951172, 1, -0.000010278075023961719, 0.00001654401967243757, 0.00001902878466353286, 0.3247428238391876, -0.9458023905754089, 0.0000043921177166339476, 0.9458023905754089, 0.32474279403686523),
            ["LeftHand"] = CFrame.new(-0.0000017583370208740234, -0.0000011920928955078125, 3.8743019104003906e-07, 0.9925262928009033, -0.07767708599567413, 0.09411615878343582, 0.10061446577310562, 0.9573218822479248, -0.27094563841819763, -0.06905331462621689, 0.27839013934135437, 0.9579826593399048),
            ["RightUpperArm"] = CFrame.new(-0.08530533313751221, 0.00009834766387939453, -0.0596233606338501, 0.7296398878097534, -0.4001012444496155, -0.5545670986175537, 0.2724778950214386, 0.9139139652252197, -0.3008604943752289, 0.6272012591362, 0.06841243803501129, 0.7758468985557556),
            ["LeftUpperLeg"] = CFrame.new(0, -2.846354618668556e-07, -1.4901161193847656e-08, 0.9648630619049072, 0.20990394055843353, 0.15804949402809143, -0.15273267030715942, 0.9374994039535522, -0.3126783072948456, -0.21380355954170227, 0.2775524854660034, 0.9366176724433899),
            ["RightLowerLeg"] = CFrame.new(2.2351741790771484e-08, -0.0007265210151672363, 0.00004617294325726107, 1, -1.0058285937475375e-07, 1.4901161193847656e-08, 8.009374852235851e-08, 0.9037986993789673, 0.4279579520225525, 7.450581307466564e-08, -0.4279579520225525, 0.9037986993789673),
            ["RightFoot"] = CFrame.new(1.341104507446289e-07, -1.1920928955078125e-07, 3.894820110872388e-08, 0.9847320318222046, 0.1487298160791397, -0.0904570072889328, -0.16864103078842163, 0.9439173340797424, -0.283866822719574, 0.043164268136024475, 0.29478734731674194, 0.954587459564209),
            ["LeftLowerLeg"] = CFrame.new(7.450580596923828e-09, -0.0007264018058776855, 0.000080842524766922, 1, 1.4901161193847656e-08, 4.4703490686970326e-08, -4.470347647611561e-08, 0.7916264533996582, 0.6110055446624756, 1.1920927533992653e-07, -0.611005425453186, 0.7916263937950134),
        }},
        {Time = 0.167, Data = {
            ["LeftFoot"] = CFrame.new(-4.0978193283081055e-08, -1.1920928955078125e-07, -3.725290298461914e-08, 0.9921388626098633, -0.10861580818891525, 0.06215352192521095, 0.122635617852211, 0.942777693271637, -0.31004980206489563, -0.024921029806137085, 0.31523481011390686, 0.9486864805221558),
            ["LeftLowerArm"] = CFrame.new(0.0000011622905731201172, -2.980232238769531e-07, 0.000004827976226806641, 1, 1.1920928955078125e-07, 4.4703490686970326e-08, -1.0803344707710494e-07, 0.940201461315155, -0.3406188189983368, -1.3411047916633834e-07, 0.3406188488006592, 0.9402015209197998),
            ["LowerTorso"] = CFrame.new(-0.05456259474158287, -0.08570742607116699, -0.16598397493362427, 0.7338391542434692, -0.003593144007027149, 0.6793137788772583, 0.03127024322748184, 0.9991046786308289, -0.028495533391833305, -0.6786031723022461, 0.042153436690568924, 0.7332945466041565),
            ["Head"] = CFrame.new(-2.2351741790771484e-08, -5.960464477539062e-07, 2.2351741790771484e-08, 0.6335222125053406, -0.061152614653110504, -0.7713040709495544, 0.007089708000421524, 0.997288703918457, -0.07324660569429398, 0.7736920714378357, 0.040934886783361435, 0.63223797082901),
            ["RightUpperLeg"] = CFrame.new(2.9802322387695312e-08, -2.57161445915699e-07, 4.6733475755900145e-08, 0.6185178756713867, -0.1879802644252777, -0.7629541158676147, 0.15393702685832977, 0.9811360836029053, -0.11694212257862091, 0.7705445885658264, -0.045116208493709564, 0.6357874274253845),
            ["UpperTorso"] = CFrame.new(1.4901161193847656e-08, -2.9802322387695312e-08, 2.2351741790771484e-08, 0.9746510982513428, 0.09584547579288483, 0.20216114819049835, -0.12291980534791946, 0.9843971729278564, 0.1259092092514038, -0.18693870306015015, -0.14756707847118378, 0.9712249636650085),
            ["HumanoidRootPart"] = CFrame.new(0, 0, 0, 1, 0, 0, 0, 1, 0, 0, 0, 1),
            ["RightHand"] = CFrame.new(5.960464477539062e-07, 0.0000011324882507324219, -6.258487701416016e-07, 0.9060203433036804, -0.04483772814273834, -0.4208519756793976, 0.011946894228458405, 0.9966856241226196, -0.08046762645244598, 0.42306551337242126, 0.06787752360105515, 0.9035534262657166),
            ["LeftUpperArm"] = CFrame.new(-0.017693698406219482, -0.06668615341186523, 0.06441300362348557, 0.8230476379394531, 0.3947463631629944, -0.40837252140045166, -0.2643539011478424, 0.9026151299476624, 0.33971017599105835, 0.5027022957801819, -0.17164291441440582, 0.847247838973999),
            ["RightLowerArm"] = CFrame.new(4.470348358154297e-07, 7.152557373046875e-07, -0.0000035762786865234375, 1, -0.000010285526514053345, 0.000016534704627702013, 0.0000190250593732344, 0.32362958788871765, -0.9461838603019714, 0.000004399568297230871, 0.9461839199066162, 0.3236296474933624),
            ["LeftHand"] = CFrame.new(-0.000001341104507446289, -9.5367431640625e-07, 3.2782554626464844e-07, 0.9925295114517212, -0.07755081355571747, 0.09418629109859467, 0.10054660588502884, 0.9571945071220398, -0.27142074704170227, -0.06910573691129684, 0.2788633108139038, 0.9578412175178528),
            ["RightUpperArm"] = CFrame.new(-0.08530604839324951, 0.000045180320739746094, -0.059979476034641266, 0.7288341522216797, -0.4003487825393677, -0.5554474592208862, 0.2727757394313812, 0.913859486579895, -0.3007563054561615, 0.6280080676078796, 0.06768885999917984, 0.7752573490142822),
            ["LeftUpperLeg"] = CFrame.new(0, -2.715969458222389e-07, 1.4901161193847656e-08, 0.9652336239814758, 0.2088438719511032, 0.15718890726566315, -0.15195250511169434, 0.9376287460327148, -0.3126702904701233, -0.21268385648727417, 0.27791473269462585, 0.936765193939209),
            ["RightLowerLeg"] = CFrame.new(-5.960464477539063e-08, -0.0007265806198120117, 0.00004603883280651644, 1, -1.117587977716994e-08, 2.980232949312267e-08, 1.862645504502325e-08, 0.9037027359008789, 0.42816048860549927, 1.3411047916633834e-07, -0.428160697221756, 0.9037027955055237),
            ["RightFoot"] = CFrame.new(1.8998980522155762e-07, 0, -3.55576048605144e-08, 0.9846959114074707, 0.14902041852474213, -0.09037116914987564, -0.16887620091438293, 0.9439966082572937, -0.28346315026283264, 0.0430680513381958, 0.29438644647598267, 0.9547156095504761),
            ["LeftLowerLeg"] = CFrame.new(7.450580596923828e-09, -0.0007266402244567871, 0.00008093565702438354, 1, 7.450582373280668e-09, 1.4528635006172408e-07, -1.1175870895385742e-07, 0.791535496711731, 0.6111232042312622, 1.7136335372924805e-07, -0.6111231446266174, 0.791535496711731),
        }},
        {Time = 0.200, Data = {
            ["LeftFoot"] = CFrame.new(2.421438694000244e-08, -1.7881393432617188e-07, -2.2351741790771484e-08, 0.9922088980674744, -0.10809097439050674, 0.06195131316781044, 0.12206314504146576, 0.9429713487625122, -0.30968624353408813, -0.02494388446211815, 0.3148355782032013, 0.9488184452056885),
            ["LeftLowerArm"] = CFrame.new(0.0000013113021850585938, -5.960464477539063e-08, 0.000004827976226806641, 1, 1.3411047916633834e-07, 1.266598985694145e-07, -8.940698137394065e-08, 0.9410241842269897, -0.33833959698677063, -1.0430814256778831e-07, 0.3383394479751587, 0.9410241842269897),
            ["LowerTorso"] = CFrame.new(-0.054703906178474426, -0.08567965030670166, -0.1650168001651764, 0.733548641204834, -0.002910613315179944, 0.6796307563781738, 0.031104085966944695, 0.999086856842041, -0.02929297648370266, -0.6789248585700989, 0.04262711852788925, 0.7329692840576172),
            ["Head"] = CFrame.new(-6.705522537231445e-08, -4.76837158203125e-07, 4.470348358154297e-08, 0.6334052085876465, -0.060885488986968994, -0.7714211940765381, 0.00835616048425436, 0.9973798990249634, -0.07185856997966766, 0.7737752199172974, 0.03906942531466484, 0.632254421710968),
            ["RightUpperLeg"] = CFrame.new(0, 1.8603168427944183e-07, -2.4047039914876223e-08, 0.6181776523590088, -0.18864144384860992, -0.7630667090415955, 0.1548192948102951, 0.9809795618057251, -0.11709023267030716, 0.770641028881073, -0.04575493186712265, 0.6356249451637268),
            ["UpperTorso"] = CFrame.new(0, -8.940696716308594e-08, -2.2351741790771484e-08, 0.9746804237365723, 0.09561014920473099, 0.2021305114030838, -0.12254650145769119, 0.9845303893089294, 0.12522879242897034, -0.18703055381774902, -0.14682845771312714, 0.9713192582130432),
            ["HumanoidRootPart"] = CFrame.new(0, 0, 0, 1, 0, 0, 0, 1, 0, 0, 0, 1),
            ["RightHand"] = CFrame.new(0, 0.0000013113021850585938, -9.5367431640625e-07, 0.9060071110725403, -0.044872961938381195, -0.42087647318840027, 0.011921742931008339, 0.9966752529144287, -0.08059979230165482, 0.4230945110321045, 0.06800650805234909, 0.9035301208496094),
            ["LeftUpperArm"] = CFrame.new(-0.017647862434387207, -0.0663909912109375, 0.06441745907068253, 0.8228737711906433, 0.3948643207550049, -0.4086082875728607, -0.2635689973831177, 0.9022975564002991, 0.3411608040332794, 0.5033984780311584, -0.17303578555583954, 0.8465510606765747),
            ["RightLowerArm"] = CFrame.new(2.384185791015625e-07, 8.940696716308594e-07, -0.000004112720489501953, 1, -0.000010274347914673854, 0.000016584994227741845, 0.00001900642746477388, 0.3227253556251526, -0.9464927315711975, 0.000004358588739705738, 0.9464926719665527, 0.32272541522979736),
            ["LeftHand"] = CFrame.new(-0.0000016093254089355469, -0.0000012516975402832031, 1.1920928955078125e-07, 0.9925336241722107, -0.07743799686431885, 0.094235360622406, 0.10047277063131332, 0.9571187496185303, -0.2717149555683136, -0.06915345788002014, 0.2791544795036316, 0.9577529430389404),
            ["RightUpperArm"] = CFrame.new(-0.08528029918670654, 0.00003135204315185547, -0.06028404086828232, 0.7285501956939697, -0.4005925953388214, -0.5556437373161316, 0.2733039855957031, 0.9138006567955017, -0.3004554212093353, 0.6281079053878784, 0.06703723222017288, 0.7752332091331482),
            ["LeftUpperLeg"] = CFrame.new(2.9802322387695312e-08, -1.1583324521780014e-07, -2.2351741790771484e-08, 0.9653941988945007, 0.20817308127880096, 0.15709246695041656, -0.15141360461711884, 0.9378405809402466, -0.3122963607311249, -0.2123396098613739, 0.27770307660102844, 0.936906099319458),
            ["RightLowerLeg"] = CFrame.new(3.725290298461914e-08, -0.0007264614105224609, 0.000045934524678159505, 1, 7.078056540876787e-08, -8.195639367158947e-08, -3.539026138810186e-08, 0.9037358164787292, 0.4280906319618225, 8.940698137394065e-08, -0.42809081077575684, 0.9037358164787292),
            ["RightFoot"] = CFrame.new(2.942979335784912e-07, 5.960464477539063e-08, -5.75528247281909e-09, 0.9846704006195068, 0.1491677314043045, -0.0904063731431961, -0.1690002679824829, 0.9441574215888977, -0.28285321593284607, 0.04316525533795357, 0.29379579424858093, 0.9548930525779724),
            ["LeftLowerLeg"] = CFrame.new(5.587935447692871e-08, -0.0007265210151672363, 0.00008100271224975586, 1, 1.1920931797249068e-07, -3.3527612686157227e-08, -1.1175872316471214e-07, 0.7915377616882324, 0.6111201047897339, 6.705523247774181e-08, -0.6111202836036682, 0.7915380001068115),
        }},
        {Time = 0.233, Data = {
            ["LeftFoot"] = CFrame.new(-7.450580596923828e-09, -1.7881393432617188e-07, 3.725290298461914e-08, 0.9922587275505066, -0.10769886523485184, 0.06183534860610962, 0.12164968997240067, 0.9430773258209229, -0.3095264732837677, -0.024979621171951294, 0.3146525025367737, 0.9488781690597534),
            ["LeftLowerArm"] = CFrame.new(0.0000012814998626708984, -6.556510925292969e-07, 0.0000045299530029296875, 1, 1.564621925354004e-07, 5.960464477539063e-08, -1.0430814256778831e-07, 0.9416438937187195, -0.33661070466041565, -1.0430814256778831e-07, 0.33661067485809326, 0.9416438937187195),
            ["LowerTorso"] = CFrame.new(-0.05480417236685753, -0.08565199375152588, -0.16426080465316772, 0.7336757183074951, -0.0022145987022668123, 0.6794962882995605, 0.0309454258531332, 0.9990661144256592, -0.03015671856701374, -0.6787948608398438, 0.043152544647455215, 0.7330589890480042),
            ["Head"] = CFrame.new(1.862645149230957e-08, -9.5367431640625e-07, 7.450580596923828e-09, 0.6338645219802856, -0.0606168732047081, -0.7710654735565186, 0.009788254275918007, 0.9974730610847473, -0.07036932557821274, 0.7733821868896484, 0.03705717250704765, 0.6328555345535278),
            ["RightUpperLeg"] = CFrame.new(0, -1.126900315284729e-07, 5.75528247281909e-09, 0.6182365417480469, -0.1893860548734665, -0.7628344297409058, 0.1555406004190445, 0.9808226823806763, -0.11744790524244308, 0.7704483866691589, -0.046041205525398254, 0.6358376741409302),
            ["UpperTorso"] = CFrame.new(7.450580596923828e-09, 2.980232238769531e-07, -7.450580596923828e-09, 0.9747336506843567, 0.0954265221953392, 0.20196042954921722, -0.12220986932516098, 0.9846547842025757, 0.12457826733589172, -0.18697361648082733, -0.14611224830150604, 0.9714382290840149),
            ["HumanoidRootPart"] = CFrame.new(0, 0, 0, 1, 0, 0, 0, 1, 0, 0, 0, 1),
            ["RightHand"] = CFrame.new(5.364418029785156e-07, 0.0000011324882507324219, -6.109476089477539e-07, 0.9060039520263672, -0.04488066956400871, -0.42088302969932556, 0.01186252199113369, 0.9966643452644348, -0.08074326813220978, 0.4231031835079193, 0.06816107779741287, 0.9035143256187439),
            ["LeftUpperArm"] = CFrame.new(-0.017596840858459473, -0.06609117984771729, 0.06443814188241959, 0.8230361938476562, 0.39494001865386963, -0.408208429813385, -0.262861430644989, 0.9019429683685303, 0.3426411747932434, 0.5035030841827393, -0.1747034788131714, 0.8461459875106812),
            ["RightLowerArm"] = CFrame.new(3.2782554626464844e-07, 7.748603820800781e-07, -0.000003844499588012695, 1, -0.000010233371540380176, 0.000016573816537857056, 0.000018976630599354394, 0.3220183849334717, -0.9467334151268005, 0.0000043958430069324095, 0.9467334151268005, 0.32201841473579407),
            ["LeftHand"] = CFrame.new(-0.0000015497207641601562, -7.152557373046875e-07, 2.086162567138672e-07, 0.9925360679626465, -0.07735943049192429, 0.09427454322576523, 0.10042043775320053, 0.9570755958557129, -0.27188628911972046, -0.06919503957033157, 0.27932417392730713, 0.9577004909515381),
            ["RightUpperArm"] = CFrame.new(-0.08523470163345337, 0.0000705718994140625, -0.06044252961874008, 0.7287084460258484, -0.4007662236690521, -0.5553116798400879, 0.27394911646842957, 0.9137663841247559, -0.29997172951698303, 0.6276432275772095, 0.06646464765071869, 0.7756584882736206),
            ["LeftUpperLeg"] = CFrame.new(-5.960464477539063e-08, 1.7316779121756554e-07, 1.1175870895385742e-08, 0.965408980846405, 0.20777635276317596, 0.15752610564231873, -0.15105992555618286, 0.938127338886261, -0.31160569190979004, -0.21252396702766418, 0.27703118324279785, 0.9370632171630859),
            ["RightLowerLeg"] = CFrame.new(-8.195638656616211e-08, -0.0007260441780090332, 0.000046131965063977987, 1, -4.842879164357328e-08, -9.313232141039407e-08, 1.0617080192787398e-07, 0.9034737348556519, 0.42864367365837097, -2.421439226907296e-08, -0.4286435842514038, 0.9034737348556519),
            ["RightFoot"] = CFrame.new(1.1920928955078125e-07, -1.7881393432617188e-07, -2.8107024263590574e-08, 0.9846833944320679, 0.14913097023963928, -0.09032561630010605, -0.16893370449543, 0.944218099117279, -0.2826899588108063, 0.04312923178076744, 0.2936192750930786, 0.9549490809440613),
            ["LeftLowerLeg"] = CFrame.new(2.60770320892334e-08, -0.0007268190383911133, 0.00008108839392662048, 1, 1.1920926112907182e-07, -1.0058281674218961e-07, -1.3411042232291948e-07, 0.7915911078453064, 0.6110513210296631, -2.607702498380604e-08, -0.6110512018203735, 0.7915910482406616),
        }},
        {Time = 0.267, Data = {
            ["LeftFoot"] = CFrame.new(-5.587935447692871e-09, -1.1920928955078125e-07, -1.4901161193847656e-08, 0.9922913312911987, -0.10746962577104568, 0.06171116977930069, 0.12139269709587097, 0.9431120157241821, -0.30952188372612, -0.024936335161328316, 0.3146269619464874, 0.9488877654075623),
            ["LeftLowerArm"] = CFrame.new(0.0000011026859283447266, -2.384185791015625e-07, 0.000004798173904418945, 1, 1.1920928955078125e-07, 5.2154071283894154e-08, -1.1920930376163597e-07, 0.9418822526931763, -0.3359432816505432, -8.940698137394065e-08, 0.3359432816505432, 0.9418822526931763),
            ["LowerTorso"] = CFrame.new(-0.054911643266677856, -0.0856252908706665, -0.1637905240058899, 0.7341086864471436, -0.0015019041020423174, 0.6790303587913513, 0.03079294227063656, 0.9990424513816833, -0.03108094073832035, -0.6783335208892822, 0.0437261238694191, 0.7334519624710083),
            ["Head"] = CFrame.new(-2.60770320892334e-08, -5.960464477539062e-07, -7.450580596923828e-09, 0.6347414255142212, -0.06038575619459152, -0.7703615427017212, 0.01134362630546093, 0.9975626468658447, -0.06884872168302536, 0.7726414203643799, 0.03496235981583595, 0.6338792443275452),
            ["RightUpperLeg"] = CFrame.new(-8.940696716308594e-08, -4.60771843791008e-07, 2.438173396512866e-08, 0.6186609864234924, -0.1900324672460556, -0.7623294591903687, 0.1562173217535019, 0.980686366558075, -0.11768756061792374, 0.7699705958366394, -0.04628041759133339, 0.6363987922668457),
            ["UpperTorso"] = CFrame.new(-2.60770320892334e-08, -5.066394805908203e-07, -1.1175870895385742e-08, 0.974810004234314, 0.09523169696331024, 0.20168402791023254, -0.1218481957912445, 0.9847803115844727, 0.1239391639828682, -0.18681125342845917, -0.14539194107055664, 0.9715774655342102),
            ["HumanoidRootPart"] = CFrame.new(0, 0, 0, 1, 0, 0, 0, 1, 0, 0, 0, 1),
            ["RightHand"] = CFrame.new(4.172325134277344e-07, 0.0000011920928955078125, -6.705522537231445e-07, 0.9059967994689941, -0.04493241757154465, -0.42089277505874634, 0.01187046803534031, 0.9966558814048767, -0.08084598928689957, 0.4231182634830475, 0.0682501569390297, 0.9035006165504456),
            ["LeftUpperArm"] = CFrame.new(-0.01752007007598877, -0.06577193737030029, 0.064406618475914, 0.8233509659767151, 0.3950282037258148, -0.4074874818325043, -0.2622012495994568, 0.9015459418296814, 0.34418830275535583, 0.5033326148986816, -0.17654410004615784, 0.8458654880523682),
            ["RightLowerArm"] = CFrame.new(2.384185791015625e-07, 4.76837158203125e-07, -0.0000036656856536865234, 1, -0.000010192394256591797, 0.000016586856872891076, 0.000019017608792637475, 0.32148653268814087, -0.9469141960144043, 0.000004403293587529333, 0.9469141960144043, 0.3214864432811737),
            ["LeftHand"] = CFrame.new(-0.0000012516975402832031, -9.5367431640625e-07, 3.5762786865234375e-07, 0.9925373792648315, -0.07730983942747116, 0.09430184960365295, 0.10039817541837692, 0.9570075273513794, -0.27213406562805176, -0.06920909136533737, 0.2795710563659668, 0.9576274156570435),
