return {
    ["Bust a Move"] = {
        {Time = 0.000, Data = {
            ["LeftFoot"] = CFrame.new(2.0489096641540527e-08, -1.1920928955078125e-07, -1.1175870895385742e-08, 0.9637731313705444, 0.1942637860774994, -0.18276460468769073, -0.17520208656787872, 0.9777489900588989, 0.11537366360425949, 0.20111094415187836, -0.07917337864637375, 0.9763637781143188),
            ["LeftLowerArm"] = CFrame.new(-2.9802322387695312e-08, -1.7881393432617188e-07, -4.330649971961975e-08, 1, -9.685754776000977e-08, 8.940695295223122e-08, 8.568167686462402e-08, -0.09376896917819977, -0.9955940246582031, 1.0337680578231812e-07, 0.9955940246582031, -0.09376891702413559),
            ["LowerTorso"] = CFrame.new(0.029997706413269043, -0.11557137966156006, 0.08769521862268448, 0.9989035129547119, 0.0459517277777195, 0.008965553715825081, -0.04482463002204895, 0.9939555525779724, -0.10021625459194183, -0.013516470789909363, 0.09970447421073914, 0.9949253797531128),
            ["Head"] = CFrame.new(-1.909211277961731e-08, -3.5762786865234375e-07, 2.208980731666088e-08, 0.9878820776939392, 0.08689723163843155, -0.1286003738641739, -0.08821499347686768, 0.9960910081863403, -0.004575667902827263, 0.127700075507164, 0.01586480438709259, 0.9916859865188599),
            ["RightUpperArm"] = CFrame.new(0, -3.5762786865234375e-07, 1.3317912817001343e-07, 0.8566017150878906, -0.14331670105457306, 0.4956749677658081, 0.2453087419271469, 0.9582557082176208, -0.14686602354049683, -0.4539351463317871, 0.2473991960287094, 0.8560004234313965),
            ["UpperTorso"] = CFrame.new(5.122274160385132e-09, -5.960464477539063e-08, 3.6088749766349792e-09, 0.994970977306366, -0.0991370677947998, -0.014302515424787998, 0.09823696315288544, 0.9379640221595764, 0.3325252830982208, -0.019550329074263573, -0.33225804567337036, 0.9429859519004822),
            ["HumanoidRootPart"] = CFrame.new(0, 0, 0, 1, 0, 0, 0, 1, 0, 0, 0, 1),
            ["RightHand"] = CFrame.new(1.1920928955078125e-07, 5.960464477539063e-08, -1.1920928955078125e-07, 0.4081443250179291, 0.32067856192588806, 0.8547419309616089, -0.08593813329935074, 0.9456135034561157, -0.31373512744903564, -0.9088635444641113, 0.05459452420473099, 0.41350507736206055),
            ["LeftUpperArm"] = CFrame.new(-2.384185791015625e-07, -4.76837158203125e-07, 1.210719347000122e-08, 0.9061320424079895, 0.17335981130599976, 0.38583824038505554, -0.03374771028757095, 0.9388790726661682, -0.34258902072906494, -0.4216468036174774, 0.2974098324775696, 0.8565988540649414),
            ["RightLowerArm"] = CFrame.new(0, -2.384185791015625e-07, 0, 1, -1.3038514623531228e-07, 6.705521116145974e-08, 8.381903171539307e-08, 0.1732819676399231, -0.9848722815513611, 5.494803190231323e-08, 0.9848722815513611, 0.17328178882598877),
            ["LeftHand"] = CFrame.new(-2.9802322387695312e-08, -1.1920928955078125e-07, -1.1175870895385742e-07, 0.9557162523269653, 0.29396528005599976, 0.013822734355926514, -0.288574755191803, 0.9453336000442505, -0.1518842577934265, -0.05771583318710327, 0.1411694586277008, 0.9883016347885132),
            ["RightUpperLeg"] = CFrame.new(5.960464477539063e-08, 1.1175870895385742e-08, 2.531305653974414e-08, 0.9263479709625244, -0.15207117795944214, -0.34460675716400146, -0.03583810478448868, 0.8751460909843445, -0.4825298488140106, 0.37496015429496765, 0.45934051275253296, 0.805239737033844),
            ["LeftUpperLeg"] = CFrame.new(0, 2.9802322387695312e-08, 2.9802322387695312e-08, 0.9324267506599426, 0.0977252945303917, 0.34789422154426575, 0.07256896048784256, 0.8924843072891235, -0.4452029764652252, -0.3539976477622986, 0.44036543369293213, 0.8250842690467834),
            ["RightLowerLeg"] = CFrame.new(-1.4901161193847656e-08, 2.384185791015625e-07, -1.3205863069742918e-08, 1, -9.685754776000977e-08, -1.0430816388407038e-07, 1.1920930376163597e-07, 0.4236580431461334, 0.9058220982551575, -7.450581307466564e-08, -0.9058222770690918, 0.4236582815647125),
            ["RightFoot"] = CFrame.new(1.862645149230957e-09, 3.5762786865234375e-07, -9.480572771281004e-09, 0.9817946553230286, -0.1780528873205185, 0.06615573167800903, 0.1765104979276657, 0.983885645866394, 0.02851526066660881, -0.07016687840223312, -0.016318751499056816, 0.9974018335342407),
            ["LeftLowerLeg"] = CFrame.new(8.195638656616211e-08, -5.960464477539063e-08, 7.450580596923828e-08, 1, 8.195639367158947e-08, 5.401672353855247e-08, -6.705522537231445e-08, 0.4986076354980469, 0.8668279051780701, 8.940696716308594e-08, -0.8668278455734253, 0.4986075460910797),
        }},
        {Time = 0.033, Data = {
            ["LeftFoot"] = CFrame.new(1.4901161193847656e-08, 5.960464477539063e-08, -3.725290298461914e-09, 0.9529063105583191, 0.10454374551773071, -0.28467562794685364, -0.10461470484733582, 0.9943997263908386, 0.015000628307461739, 0.28464946150779724, 0.015487007796764374, 0.9585066437721252),
            ["LeftLowerArm"] = CFrame.new(1.7881393432617188e-07, -3.5762786865234375e-07, -1.9371509552001953e-07, 1, -1.2665984172599565e-07, 1.341104365337742e-07, 1.1175872316471214e-07, -0.2019682675600052, -0.9793921113014221, 9.313227167240257e-08, 0.9793920516967773, -0.20196814835071564),
            ["LowerTorso"] = CFrame.new(0.02465369552373886, -0.10384202003479004, 0.09251516312360764, 0.9993946552276611, 0.03313644602894783, 0.010605454444885254, -0.032057445496320724, 0.995476484298706, -0.08943695574998856, -0.01352110505104065, 0.08904281258583069, 0.9959360957145691),
            ["Head"] = CFrame.new(8.381903171539307e-09, 1.1920928955078125e-07, 2.9511284083127975e-08, 0.9892446398735046, 0.07365808635950089, -0.12637092173099518, -0.08133428543806076, 0.9950732588768005, -0.056692808866500854, 0.12157243490219116, 0.06636150181293488, 0.990361750125885),
            ["RightUpperArm"] = CFrame.new(-5.960464477539063e-08, 0, 1.2759119272232056e-07, 0.8524888753890991, -0.17871014773845673, 0.49124905467033386, 0.2905662953853607, 0.9431935548782349, -0.16111241281032562, -0.434550404548645, 0.28008702397346497, 0.8559890389442444),
            ["UpperTorso"] = CFrame.new(-1.3853423297405243e-08, 2.9802322387695312e-08, -6.199115887284279e-09, 0.9969146251678467, -0.07788507640361786, -0.009763660840690136, 0.07637035101652145, 0.9336600303649902, 0.34992361068725586, -0.018137887120246887, -0.34958964586257935, 0.9367274045944214),
            ["HumanoidRootPart"] = CFrame.new(0, 0, 0, 1, 0, 0, 0, 1, 0, 0, 0, 1),
            ["RightHand"] = CFrame.new(5.960464477539063e-08, 5.960464477539063e-08, -3.129243850708008e-07, 0.4474232792854309, 0.31387093663215637, 0.8374351263046265, -0.10420037060976028, 0.9483088850975037, -0.2997545301914215, -0.8882313370704651, 0.04685606434941292, 0.4570009112358093),
            ["LeftUpperArm"] = CFrame.new(1.1920928955078125e-07, -2.384185791015625e-07, -3.166496753692627e-08, 0.8957987427711487, 0.2012292891740799, 0.39629730582237244, 0.0010411256225779653, 0.8906851410865784, -0.4546196460723877, -0.44445884227752686, 0.4076603353023529, 0.7976650595664978),
            ["RightLowerArm"] = CFrame.new(5.960464477539063e-08, 1.7881393432617188e-07, 5.960464477539063e-08, 1, -5.2154071283894154e-08, 9.685756197086448e-08, 9.220093488693237e-08, 0.15742342174053192, -0.987531304359436, 8.009374141693115e-08, 0.987531304359436, 0.15742339193820953),
            ["LeftHand"] = CFrame.new(-2.384185791015625e-07, -5.960464477539063e-08, 5.960464477539063e-08, 0.9241489768028259, 0.38146746158599854, 0.020776251330971718, -0.3735376298427582, 0.913666844367981, -0.160257026553154, -0.08011537045240402, 0.1403406858444214, 0.9868566989898682),
            ["RightUpperLeg"] = CFrame.new(5.960464477539063e-08, -2.998858690261841e-07, 1.9725121092051268e-08, 0.8700905442237854, -0.24825884401798248, -0.4258051812648773, -0.026789627969264984, 0.8387950658798218, -0.5437878966331482, 0.4921634793281555, 0.48455187678337097, 0.7231768369674683),
            ["LeftUpperLeg"] = CFrame.new(-5.960464477539063e-08, -2.0582228899002075e-07, 6.05359673500061e-09, 0.8760344386100769, 0.22798998653888702, 0.4249521493911743, 0.018818946555256844, 0.8643559217453003, -0.5025284290313721, -0.4818812906742096, 0.4482294023036957, 0.7529150247573853),
            ["RightLowerLeg"] = CFrame.new(2.2351741790771484e-08, 1.7881393432617188e-07, -1.3241515262052417e-07, 1, -1.7136335372924805e-07, -7.823112468940963e-08, 1.8626454334480513e-07, 0.3200205862522125, 0.9474104642868042, -1.2293459406009788e-07, -0.9474105834960938, 0.3200210630893707),
            ["RightFoot"] = CFrame.new(3.166496753692627e-08, 2.384185791015625e-07, -3.9282895158976316e-08, 0.9808483719825745, -0.1408405601978302, 0.1345384269952774, 0.1483839899301529, 0.9877767562866211, -0.0477428063750267, -0.12616969645023346, 0.06679204106330872, 0.9897575974464417),
            ["LeftLowerLeg"] = CFrame.new(2.9802322387695312e-08, 0, 8.940696716308594e-08, 1, 9.499492392706088e-08, 8.195639367158947e-08, -1.3597309589385986e-07, 0.3896896541118622, 0.9209462404251099, 5.4016709327697754e-08, -0.9209463000297546, 0.38968974351882935),
        }},
        {Time = 0.067, Data = {
            ["LeftFoot"] = CFrame.new(-5.21540641784668e-08, 1.1920928955078125e-07, 2.9802322387695312e-08, 0.9405559301376343, -0.02733806148171425, -0.33853644132614136, 0.03767269477248192, 0.9990020990371704, 0.023993119597434998, 0.33754295110702515, -0.03532044589519501, 0.9406474232673645),
            ["LeftLowerArm"] = CFrame.new(-1.1920928955078125e-07, -1.7881393432617188e-07, 1.4901161193847656e-08, 1, -8.940692453052179e-08, 1.0430807861894209e-07, 8.940696716308594e-08, -0.25361377000808716, -0.967305600643158, 8.195638656616211e-08, 0.9673055410385132, -0.25361382961273193),
            ["LowerTorso"] = CFrame.new(0.018608344718813896, -0.11464691162109375, 0.09274353086948395, 0.9998663663864136, 0.009855666197836399, 0.013042772188782692, -0.00918334349989891, 0.9986748099327087, -0.05064017325639725, -0.01352457981556654, 0.050513625144958496, 0.9986318349838257),
            ["Head"] = CFrame.new(1.7695128917694092e-08, 2.384185791015625e-07, -6.31262082606554e-08, 0.9909522533416748, 0.058826860040426254, -0.1206367090344429, -0.07220730930566788, 0.9913358688354492, -0.1097244918346405, 0.11313676089048386, 0.11744266748428345, 0.9866141080856323),
            ["RightUpperArm"] = CFrame.new(1.1920928955078125e-07, 0.0000010728836059570312, -5.122274160385132e-08, 0.8557009100914001, -0.2218450903892517, 0.4675048589706421, 0.3386804461479187, 0.9231634736061096, -0.1818375289440155, -0.3912435472011566, 0.3139331638813019, 0.8650862574577332),
            ["UpperTorso"] = CFrame.new(1.0477378964424133e-09, 2.9802322387695312e-08, -1.1961674317717552e-08, 0.9989585280418396, -0.04543561488389969, -0.004195763263851404, 0.044162567704916, 0.9396345019340515, 0.3393179476261139, -0.011474636383354664, -0.3391498625278473, 0.9406623840332031),
            ["HumanoidRootPart"] = CFrame.new(0, 0, 0, 1, 0, 0, 0, 1, 0, 0, 0, 1),
            ["RightHand"] = CFrame.new(2.980232238769531e-07, 5.960464477539063e-08, -2.086162567138672e-07, 0.49100086092948914, 0.3053288757801056, 0.8158999681472778, -0.1267695277929306, 0.9516409039497375, -0.2798377275466919, -0.8618860840797424, 0.03396913409233093, 0.505962610244751),
            ["LeftUpperArm"] = CFrame.new(-2.384185791015625e-07, 5.960464477539062e-07, -6.146728992462158e-08, 0.8961604833602905, 0.26720938086509705, 0.35425353050231934, 0.007705424912273884, 0.7888620495796204, -0.6145221590995789, -0.44366320967674255, 0.5534399747848511, 0.7048879265785217),
            ["RightLowerArm"] = CFrame.new(0, -2.980232238769531e-07, 1.7881393432617188e-07, 1, -5.215404996761208e-08, 8.940694584680386e-08, 6.891787052154541e-08, 0.13741695880889893, -0.9905133247375488, 1.1362135410308838e-07, 0.9905133247375488, 0.13741706311702728),
            ["LeftHand"] = CFrame.new(-1.1920928955078125e-07, -1.7881393432617188e-07, -1.4901161193847656e-07, 0.8997524380683899, 0.43498438596725464, -0.035134293138980865, -0.43500837683677673, 0.8875436782836914, -0.1517694592475891, -0.03483399748802185, 0.151838481426239, 0.9877913594245911),
            ["RightUpperLeg"] = CFrame.new(0, -2.658925950527191e-07, 9.946234058588743e-09, 0.7928125262260437, -0.3083735406398773, -0.5256938934326172, -0.01335651334375143, 0.8535507321357727, -0.5208386182785034, 0.6093192100524902, 0.4199487268924713, 0.6725869178771973),
            ["LeftUpperLeg"] = CFrame.new(-1.1920928955078125e-07, -2.612359821796417e-07, 2.3283064365386963e-09, 0.8116311430931091, 0.31951332092285156, 0.48904627561569214, -0.0388837531208992, 0.8648558259010315, -0.5005121827125549, -0.5828748345375061, 0.38721537590026855, 0.7143677473068237),
            ["RightLowerLeg"] = CFrame.new(-8.195638656616211e-08, 3.5762786865234375e-07, 4.639878170564771e-08, 1, -1.5273690223693848e-07, -6.70552680048786e-08, 1.1175872316471214e-07, 0.41035884618759155, 0.9119240641593933, -1.3597311010471458e-07, -0.9119241237640381, 0.41035911440849304),
            ["RightFoot"] = CFrame.new(4.0978193283081055e-08, 4.76837158203125e-07, -1.6931153368204832e-08, 0.9674692749977112, -0.020914947614073753, 0.25212255120277405, 0.016770021989941597, 0.9996868371963501, 0.01857823319733143, -0.25243234634399414, -0.013745644129812717, 0.9675169587135315),
            ["LeftLowerLeg"] = CFrame.new(-1.30385160446167e-08, -1.1920928955078125e-07, 4.470348358154297e-08, 1, 9.220094909778709e-08, -1.210719613453648e-08, -8.009374852235851e-08, 0.4367540180683136, 0.8995810151100159, 5.494803900774059e-08, -0.8995809555053711, 0.4367539584636688),
        }},
        {Time = 0.100, Data = {
            ["LeftFoot"] = CFrame.new(9.313225746154785e-10, -5.960464477539063e-08, 5.960464477539063e-08, 0.804965615272522, 0.006627862341701984, -0.5932843089103699, 0.12102649360895157, 0.9770795106887817, 0.17512361705303192, 0.5808467864990234, -0.21277160942554474, 0.7857134342193604),
            ["LeftLowerArm"] = CFrame.new(-5.960464477539063e-08, 1.1920928955078125e-07, -3.2782554626464844e-07, 1, -1.639127589214695e-07, 1.6391271628890536e-07, 9.685753354915505e-08, -0.29383814334869385, -0.9558552503585815, 1.3038514623531228e-07, 0.9558551907539368, -0.2938380837440491),
            ["LowerTorso"] = CFrame.new(0.012417582795023918, -0.1354687213897705, 0.0909910723567009, 0.9997991919517517, -0.014725682325661182, 0.013591517694294453, 0.014785509556531906, 0.9998814463615417, -0.004311901051551104, -0.013526408933103085, 0.004511984996497631, 0.9998984336853027),
            ["Head"] = CFrame.new(-1.4901161193847656e-08, 1.1920928955078125e-07, -8.63510649651289e-08, 0.9931061267852783, 0.04471577703952789, -0.10835489630699158, -0.06106879562139511, 0.986391544342041, -0.15265130996704102, 0.10005444288253784, 0.1582161784172058, 0.9823221564292908),
            ["RightUpperArm"] = CFrame.new(0, 3.5762786865234375e-07, -1.494772732257843e-07, 0.8649511933326721, -0.26373490691185, 0.42696982622146606, 0.37576529383659363, 0.9042853713035583, -0.20265360176563263, -0.33265578746795654, 0.33572593331336975, 0.8812652230262756),
            ["UpperTorso"] = CFrame.new(1.280568540096283e-09, -1.1920928955078125e-07, -1.7680577002465725e-09, 0.9999341368675232, -0.011305245570838451, -0.002016596030443907, 0.01136264018714428, 0.9485896229743958, 0.3163047730922699, -0.0016629814635962248, -0.3163069486618042, 0.9486554861068726),
            ["HumanoidRootPart"] = CFrame.new(0, 0, 0, 1, 0, 0, 0, 1, 0, 0, 0, 1),
            ["RightHand"] = CFrame.new(3.5762786865234375e-07, -5.960464477539063e-08, 2.980232238769531e-07, 0.5581073760986328, 0.28829145431518555, 0.7780777812004089, -0.1609516590833664, 0.9575064182281494, -0.2393239438533783, -0.8140091300010681, 0.008335623890161514, 0.5807918310165405),
            ["LeftUpperArm"] = CFrame.new(0, 7.152557373046875e-07, -4.6566128730773926e-08, 0.8956475853919983, 0.3375656008720398, 0.2895943522453308, 0.007025773636996746, 0.6402991414070129, -0.7680935263633728, -0.44470906257629395, 0.6899757385253906, 0.571110725402832),
            ["RightLowerArm"] = CFrame.new(2.384185791015625e-07, 2.980232238769531e-07, 1.4901161193847656e-07, 1, -1.1548398504146462e-07, 3.7252885221050747e-08, 6.891787052154541e-08, 0.11724197864532471, -0.9931033849716187, 2.0116567611694336e-07, 0.9931033849716187, 0.11724189668893814),
            ["LeftHand"] = CFrame.new(-1.1920928955078125e-07, 2.980232238769531e-07, -1.7881393432617188e-07, 0.8661907911300659, 0.4796695411205292, -0.14011014997959137, -0.49579066038131714, 0.8599826693534851, -0.12091901153326035, 0.06249120086431503, 0.17420406639575958, 0.982724666595459),
            ["RightUpperLeg"] = CFrame.new(0, -2.5649205781519413e-07, 2.029992174357176e-09, 0.7448569536209106, -0.3015567362308502, -0.5951904654502869, -0.026254478842020035, 0.8781023025512695, -0.477752149105072, 0.666707456111908, 0.3714834451675415, 0.64614337682724),
            ["LeftUpperLeg"] = CFrame.new(0, -2.8577051125466824e-07, 1.4901161193847656e-08, 0.772831916809082, 0.3570890724658966, 0.5246126651763916, -0.051896411925554276, 0.8594611883163452, -0.5085599422454834, -0.6324853301048279, 0.36580586433410645, 0.6827507019042969),
            ["RightLowerLeg"] = CFrame.new(9.313225746154785e-09, 1.1920928955078125e-07, 7.620110409334302e-08, 1, -9.872019290924072e-08, -3.44589530243411e-08, 1.5273688802608376e-07, 0.6136130094528198, 0.7896067500114441, -2.4214383387288763e-08, -0.7896069884300232, 0.6136133074760437),
            ["RightFoot"] = CFrame.new(8.847564458847046e-09, 3.5762786865234375e-07, -1.1343217920511961e-08, 0.7985303997993469, -0.053023919463157654, 0.5996142625808716, -0.11987368017435074, 0.9621541500091553, 0.24472378194332123, -0.589897871017456, -0.2672976553440094, 0.7619534134864807),
            ["LeftLowerLeg"] = CFrame.new(9.313225746154785e-08, -5.960464477539063e-08, 1.4901161193847656e-08, 1, 1.0058283805847168e-07, -2.980232949312267e-08, -7.078051567077637e-08, 0.5657796263694763, 0.8245564103126526, 4.6566128730773926e-08, -0.8245564699172974, 0.5657798051834106),
        }},
        {Time = 0.133, Data = {
            ["LeftFoot"] = CFrame.new(8.381903171539307e-09, 0, 0, 0.7133048176765442, -0.07697978615760803, -0.6966134309768677, 0.22952800989151, 0.9647939205169678, 0.1284126341342926, 0.662203311920166, -0.2514895498752594, 0.7058612704277039),
            ["LeftLowerArm"] = CFrame.new(5.960464477539063e-08, 5.960464477539063e-08, 8.940696716308594e-08, 1, -1.1175866632129328e-07, 9.313223614526578e-08, 5.960463766996327e-08, -0.32307255268096924, -0.9463741779327393, 8.195637946073475e-08, 0.9463741779327393, -0.323072612285614),
            ["LowerTorso"] = CFrame.new(0.006821751594543457, -0.15935182571411133, 0.07923491299152374, 0.9995736479759216, -0.026325879618525505, 0.012628915719687939, 0.025877242907881737, 0.9990710020065308, 0.03446149080991745, -0.013524412177503109, -0.03412000089883804, 0.999326229095459),
            ["Head"] = CFrame.new(-2.3283064365386963e-09, 0, 9.733776096254587e-08, 0.994665265083313, 0.033137258142232895, -0.09768908470869064, -0.047749269753694534, 0.9873394966125488, -0.1512635052204132, 0.09143982827663422, 0.15512123703956604, 0.9836545586585999),
            ["RightUpperArm"] = CFrame.new(-5.960464477539063e-08, 1.1920928955078125e-07, 3.67872416973114e-08, 0.8762115240097046, -0.2863710820674896, 0.38761448860168457, 0.38159093260765076, 0.903511643409729, -0.19507735967636108, -0.29434964060783386, 0.31883931159973145, 0.9009438753128052),
            ["UpperTorso"] = CFrame.new(8.149072527885437e-10, 8.940696716308594e-08, -1.2769305612891912e-09, 0.9999589920043945, 0.009058431722223759, -0.00022148856078274548, -0.008665710687637329, 0.9631770849227905, 0.26872801780700684, 0.002647586865350604, -0.2687150835990906, 0.9632161259651184),
            ["HumanoidRootPart"] = CFrame.new(0, 0, 0, 1, 0, 0, 0, 1, 0, 0, 0, 1),
            ["RightHand"] = CFrame.new(1.7881393432617188e-07, 0, 9.685754776000977e-08, 0.5970017910003662, 0.281537264585495, 0.7512164115905762, -0.18546196818351746, 0.9594671130180359, -0.21219494938850403, -0.7805079817771912, -0.012641169130802155, 0.6250177025794983),
            ["LeftUpperArm"] = CFrame.new(0, -1.1920928955078125e-07, 1.0244548320770264e-08, 0.8957358002662659, 0.3624297082424164, 0.25749221444129944, 0.0019855794962495565, 0.5759046673774719, -0.8175145387649536, -0.44458243250846863, 0.7327882647514343, 0.5151387453079224),
            ["RightLowerArm"] = CFrame.new(2.384185791015625e-07, 0, 1.4901161193847656e-07, 1, -1.5646213569198153e-07, 9.685752644372769e-08, 8.288771624620495e-08, 0.1080765351653099, -0.9941425919532776, 1.2107194891086692e-07, 0.9941425919532776, 0.10807647556066513),
            ["LeftHand"] = CFrame.new(-5.960464477539063e-08, 1.1920928955078125e-07, -1.7881393432617188e-07, 0.8451346158981323, 0.49777287244796753, -0.19485880434513092, -0.521967351436615, 0.8470903038978577, -0.09993994235992432, 0.11531554162502289, 0.18617276847362518, 0.9757264256477356),
            ["RightUpperLeg"] = CFrame.new(-8.940696716308594e-08, 1.9953586161136627e-07, 9.480572771281004e-09, 0.7218626737594604, -0.2941243648529053, -0.6264225244522095, -0.03674240782856941, 0.8876215815544128, -0.4591056704521179, 0.6910603642463684, 0.3544274568557739, 0.6299339532852173),
            ["LeftUpperLeg"] = CFrame.new(2.9802322387695312e-08, 2.5168992578983307e-07, -5.122274160385132e-09, 0.7620455026626587, 0.3721799850463867, 0.529876172542572, -0.054792098701000214, 0.8524399995803833, -0.5199460983276367, -0.6452012658119202, 0.36718952655792236, 0.6699905395507812),
            ["RightLowerLeg"] = CFrame.new(5.21540641784668e-08, 3.5762786865234375e-07, 4.639878170564771e-08, 1, -8.428470010812816e-08, -6.589109347032718e-08, 8.614733815193176e-08, 0.684910774230957, 0.7286266684532166, -5.192123353481293e-08, -0.7286270260810852, 0.6849110722541809),
            ["RightFoot"] = CFrame.new(-3.026798367500305e-08, 4.76837158203125e-07, 3.708555595949292e-08, 0.6914258599281311, 0.024152565747499466, 0.7220435738563538, -0.2601276636123657, 0.9407289028167725, 0.2176295518875122, -0.6739909648895264, -0.33829835057258606, 0.6567270159721375),
            ["LeftLowerLeg"] = CFrame.new(2.2351741790771484e-08, 5.960464477539063e-08, -2.9802322387695312e-08, 1, 1.1548402767402877e-07, 3.9115551686563776e-08, -9.685753354915505e-08, 0.6076210737228394, 0.7942270040512085, 7.4505797087454084e-09, -0.794227123260498, 0.6076211929321289),
        }},
        {Time = 0.167, Data = {
            ["LeftFoot"] = CFrame.new(-5.587935447692871e-08, 5.960464477539063e-08, -3.725290298461914e-08, 0.774343729019165, -0.02457042783498764, -0.6322876811027527, 0.16511312127113342, 0.97247314453125, 0.16441914439201355, 0.6108432412147522, -0.23171597719192505, 0.7570856809616089),
            ["LeftLowerArm"] = CFrame.new(2.9802322387695312e-08, 5.960464477539063e-08, -8.940696716308594e-08, 1, -5.960464477539063e-08, 1.2293459406009788e-07, 8.195638656616211e-08, -0.3438682556152344, -0.9390180110931396, 1.341104507446289e-07, 0.9390179514884949, -0.3438681662082672),
            ["LowerTorso"] = CFrame.new(0.0020367801189422607, -0.19216656684875488, 0.054511502385139465, 0.9996045231819153, -0.019083699211478233, 0.020655376836657524, 0.018015792593359947, 0.998551070690155, 0.05070744454860687, -0.021593129262328148, -0.050315260887145996, 0.9984999895095825),
            ["Head"] = CFrame.new(3.259629011154175e-09, 0, -1.3285898603498936e-07, 0.994915783405304, 0.024726172909140587, -0.09762808680534363, -0.03324255719780922, 0.9956890344619751, -0.08659355342388153, 0.09506609290838242, 0.08939878642559052, 0.9914486408233643),
            ["RightUpperArm"] = CFrame.new(0, 0, -1.2945383787155151e-07, 0.8864397406578064, -0.2829926609992981, 0.36625099182128906, 0.35167375206947327, 0.9262711405754089, -0.13545282185077667, -0.30091559886932373, 0.24887166917324066, 0.9206046462059021),
            ["UpperTorso"] = CFrame.new(-1.7462298274040222e-10, -1.4901161193847656e-07, 4.976755008101463e-09, 0.9999533295631409, 0.00956621952354908, -0.0013914583250880241, -0.00913144275546074, 0.9819703102111816, 0.1888146847486496, 0.00317260785959661, -0.1887931525707245, 0.9820117354393005),
            ["HumanoidRootPart"] = CFrame.new(0, 0, 0, 1, 0, 0, 0, 1, 0, 0, 0, 1),
            ["RightHand"] = CFrame.new(-1.7881393432617188e-07, 0, -3.725290298461914e-08, 0.5843448042869568, 0.2813224196434021, 0.7611825466156006, -0.18610644340515137, 0.9594456553459167, -0.21172724664211273, -0.7898769378662109, -0.017939411103725433, 0.613003134727478),
            ["LeftUpperArm"] = CFrame.new(-2.384185791015625e-07, 5.960464477539062e-07, -1.3969838619232178e-07, 0.9058953523635864, 0.33140650391578674, 0.2636731266975403, -0.012809754349291325, 0.6437594294548035, -0.7651206254959106, -0.4233080744743347, 0.6897417902946472, 0.5874239802360535),
            ["RightLowerArm"] = CFrame.new(-5.960464477539063e-08, -2.384185791015625e-07, 5.960464477539063e-08, 1, -8.940695295223122e-08, 1.0058283805847168e-07, 3.5390257835388184e-08, 0.13508200645446777, -0.9908344149589539, 9.499490261077881e-08, 0.9908344149589539, 0.13508212566375732),
            ["LeftHand"] = CFrame.new(-1.7881393432617188e-07, 2.384185791015625e-07, 0, 0.8449212312698364, 0.49844539165496826, -0.19406259059906006, -0.5224846601486206, 0.8467761874198914, -0.09989899396896362, 0.11453334987163544, 0.1858014166355133, 0.9758893251419067),
            ["RightUpperLeg"] = CFrame.new(-8.940696716308594e-08, -2.0652078092098236e-07, -1.939042704179883e-08, 0.774518609046936, -0.33393293619155884, -0.5372241139411926, -0.03603682294487953, 0.8246240019798279, -0.5645322799682617, 0.631523847579956, 0.45660051703453064, 0.626652717590332),
            ["LeftUpperLeg"] = CFrame.new(0, -9.220093488693237e-08, -6.51925802230835e-09, 0.8087487816810608, 0.37350741028785706, 0.454332172870636, -0.0379607155919075, 0.804008960723877, -0.593404233455658, -0.5869280695915222, 0.46266818046569824, 0.6644198894500732),
            ["RightLowerLeg"] = CFrame.new(-1.126900315284729e-07, 1.1920928955078125e-07, -2.8107024263590574e-08, 1, -1.1548399925231934e-07, -2.4680057109094378e-08, 9.49948883999241e-08, 0.5381237268447876, 0.8428657054901123, -1.2433154950031167e-07, -0.8428659439086914, 0.5381240844726562),
            ["RightFoot"] = CFrame.new(2.9103830456733704e-08, 4.76837158203125e-07, 2.49783624894917e-08, 0.7627724409103394, -0.010395987890660763, 0.6465832591056824, -0.1860346794128418, 0.954074501991272, 0.23480449616909027, -0.6193296909332275, -0.2993893027305603, 0.7258079051971436),
            ["LeftLowerLeg"] = CFrame.new(1.1175870895385742e-07, 0, -4.470348358154297e-08, 1, 1.2293459406009788e-07, 1.862645326866641e-08, -7.450579886381092e-08, 0.4820636212825775, 0.8761362433433533, 5.4016702222270396e-08, -0.8761362433433533, 0.4820637106895447),
        }},
        {Time = 0.200, Data = {
            ["LeftFoot"] = CFrame.new(-5.029141902923584e-08, -5.960464477539063e-08, -4.6566128730773926e-09, 0.8892131447792053, -0.01633455790579319, -0.4572013318538666, 0.0951959490776062, 0.9840941429138184, 0.14998817443847656, 0.447479248046875, -0.17689518630504608, 0.876624584197998),
            ["LeftLowerArm"] = CFrame.new(0, 8.344650268554688e-07, -1.043081283569336e-07, 1, -1.2665987014770508e-07, 1.1548399925231934e-07, 6.332993507385254e-08, -0.3586403727531433, -0.9334757924079895, 8.940696716308594e-08, 0.9334758520126343, -0.35864055156707764),
            ["LowerTorso"] = CFrame.new(-0.0021997783333063126, -0.21203267574310303, 0.027486015111207962, 0.9992185831069946, -0.0010341356974095106, 0.03951198607683182, 0.0005409278674051166, 0.9999218583106995, 0.012491140514612198, -0.03952181711792946, -0.012460004538297653, 0.9991410374641418),
            ["Head"] = CFrame.new(-1.862645149230957e-09, 0, -9.051291272044182e-08, 0.9943288564682007, 0.020542316138744354, -0.10434702038764954, -0.021518778055906296, 0.9997345805168152, -0.00824052095413208, 0.10415004193782806, 0.010439286939799786, 0.9945068359375),
            ["RightUpperArm"] = CFrame.new(-1.1920928955078125e-07, 0, -7.82310962677002e-08, 0.8871017098426819, -0.2659376859664917, 0.3772635757923126, 0.31146135926246643, 0.9480980038642883, -0.06404803693294525, -0.3406500518321991, 0.17432022094726562, 0.9238885641098022),
            ["UpperTorso"] = CFrame.new(5.820766091346741e-11, -1.4901161193847656e-07, -6.039044819772243e-10, 0.9999779462814331, -0.00223842216655612, -0.006265484727919102, 0.003158212872222066, 0.9885464906692505, 0.15088365972042084, 0.005855980794876814, -0.15090009570121765, 0.9885317087173462),
            ["HumanoidRootPart"] = CFrame.new(0, 0, 0, 1, 0, 0, 0, 1, 0, 0, 0, 1),
            ["RightHand"] = CFrame.new(1.1920928955078125e-07, 0, 1.341104507446289e-07, 0.5625945925712585, 0.28091368079185486, 0.7775442004203796, -0.17982995510101318, 0.9595644474029541, -0.21655791997909546, -0.8069377541542053, -0.017991462722420692, 0.5903624892234802),
            ["LeftUpperArm"] = CFrame.new(2.384185791015625e-07, 1.1920928955078125e-07, -1.043081283569336e-07, 0.9236027598381042, 0.2706925570964813, 0.27144724130630493, -0.01512136310338974, 0.7332645654678345, -0.6797752976417542, -0.3830527365207672, 0.6237377524375916, 0.6813384294509888),
            ["RightLowerArm"] = CFrame.new(-5.960464477539063e-08, 4.172325134277344e-07, -5.960464477539063e-08, 1, -1.0430814256778831e-07, 3.3527619791584584e-08, 9.313227877782992e-08, 0.19116634130477905, -0.9815576672554016, 1.0244550452398471e-07, 0.9815577268600464, 0.19116635620594025),
            ["LeftHand"] = CFrame.new(2.9802322387695312e-08, -1.1920928955078125e-07, 0, 0.8447356820106506, 0.49898064136505127, -0.19349391758441925, -0.5229118466377258, 0.8465132117271423, -0.09989273548126221, 0.11395055055618286, 0.18556316196918488, 0.9760029315948486),
            ["RightUpperLeg"] = CFrame.new(0, 3.0340743251144886e-09, 3.4269760362803936e-09, 0.8801764249801636, -0.2924117147922516, -0.37387794256210327, 0.0023523627314716578, 0.7903754115104675, -0.6126185655593872, 0.47464078664779663, 0.5383328199386597, 0.6963576078414917),
            ["LeftUpperLeg"] = CFrame.new(0, -2.5925692170858383e-07, 0, 0.8986343145370483, 0.28731533885002136, 0.33152130246162415, -0.03298918157815933, 0.797809898853302, -0.6020060181617737, -0.43745651841163635, 0.5300465822219849, 0.7264175415039062),
            ["RightLowerLeg"] = CFrame.new(2.2351741790771484e-08, 2.980232238769531e-07, -2.8107024263590574e-08, 1, -1.5180556545146828e-07, -1.0430816388407038e-07, 1.4994293451309204e-07, 0.3826831579208374, 0.9238795638084412, -9.685754776000977e-08, -0.9238796234130859, 0.3826836049556732),
            ["RightFoot"] = CFrame.new(4.377216100692749e-08, 3.5762786865234375e-07, 3.4291588235646486e-08, 0.9003652930259705, 0.027755973860621452, 0.43424880504608154, -0.11776778101921082, 0.9762619733810425, 0.18177823722362518, -0.41889524459838867, -0.2148074507713318, 0.8822612166404724),
            ["LeftLowerLeg"] = CFrame.new(8.568167686462402e-08, -1.7881393432617188e-07, -1.1920928955078125e-07, 1, 1.303851746570217e-07, 4.284084198502569e-08, -5.215405707303944e-08, 0.37083423137664795, 0.9286991953849792, 3.166496398421259e-08, -0.9286991953849792, 0.3708341717720032),
        }},
        {Time = 0.233, Data = {
            ["LeftFoot"] = CFrame.new(-2.8870999813079834e-08, 1.1920928955078125e-07, -2.2351741790771484e-08, 0.9681909680366516, -0.022530078887939453, -0.24919603765010834, 0.057351768016815186, 0.9894050359725952, 0.1333734542131424, 0.24355094134807587, -0.14342297613620758, 0.9592251777648926),
            ["LeftLowerArm"] = CFrame.new(-2.9802322387695312e-08, -1.1920928955078125e-07, -2.2351741790771484e-07, 1, -6.891786341611805e-08, 1.7136333951839333e-07, 4.4703490686970326e-08, -0.3674943149089813, -0.9300258159637451, 7.450581307466564e-08, 0.9300258159637451, -0.36749422550201416),
            ["LowerTorso"] = CFrame.new(-0.0058539994060993195, -0.2094557285308838, 0.007247030735015869, 0.9981726408004761, 0.02158588171005249, 0.05644122138619423, -0.017377249896526337, 0.9971051812171936, -0.07402215898036957, -0.05787567421793938, 0.07290610671043396, 0.9956581592559814),
            ["Head"] = CFrame.new(4.656612873077393e-10, 0, -3.4924596548080444e-09, 0.993909478187561, 0.01946585811674595, -0.10846681892871857, -0.013833346776664257, 0.998528242111206, 0.05244109779596329, 0.10932797938585281, -0.050621166825294495, 0.9927159547805786),
            ["RightUpperArm"] = CFrame.new(-5.960464477539063e-08, 7.152557373046875e-07, 5.21540641784668e-08, 0.8823564052581787, -0.24532756209373474, 0.40157392621040344, 0.274681955575943, 0.9613984823226929, -0.016210904344916344, -0.3820955455303192, 0.12460897862911224, 0.9156831502914429),
            ["UpperTorso"] = CFrame.new(2.7939677238464355e-09, -1.4901161193847656e-07, 2.5174813345074654e-09, 0.9997798204421997, -0.017766034230589867, -0.011168219149112701, 0.01950300671160221, 0.9830999374389648, 0.18202807009220123, 0.007745557464659214, -0.18220581114292145, 0.9832299947738647),
            ["HumanoidRootPart"] = CFrame.new(0, 0, 0, 1, 0, 0, 0, 1, 0, 0, 0, 1),
            ["RightHand"] = CFrame.new(2.384185791015625e-07, 5.960464477539063e-08, -4.470348358154297e-08, 0.5408021807670593, 0.2882225215435028, 0.7902284860610962, -0.15241160988807678, 0.9574881196022034, -0.24492275714874268, -0.8272265791893005, 0.012014731764793396, 0.5617400407791138),
            ["LeftUpperArm"] = CFrame.new(0, 0, -3.725290298461914e-09, 0.937920093536377, 0.20864176750183105, 0.27708253264427185, -0.0019749070052057505, 0.8020495176315308, -0.5972543358802795, -0.3468461334705353, 0.5596296191215515, 0.7526702880859375),
            ["RightLowerArm"] = CFrame.new(1.1920928955078125e-07, 5.960464477539063e-08, -1.4901161193847656e-07, 1, -8.195637946073475e-08, 8.195636524988004e-08, 8.940695295223122e-08, 0.2389867603778839, -0.9710228443145752, 8.195637946073475e-08, 0.97102290391922, 0.23898661136627197),
            ["LeftHand"] = CFrame.new(1.043081283569336e-07, -1.7881393432617188e-07, 5.960464477539063e-08, 0.8446108102798462, 0.4993244707584381, -0.1931530088186264, -0.5231918692588806, 0.8463394641876221, -0.0998980775475502, 0.11359132826328278, 0.18543113768100739, 0.9760698080062866),
            ["RightUpperLeg"] = CFrame.new(0, -1.575099304318428e-07, -1.287116901949048e-08, 0.9554774761199951, -0.19293884932994843, -0.22324307262897491, 0.03129439055919647, 0.818587601184845, -0.5735286474227905, 0.29339998960494995, 0.5410072803497314, 0.788179874420166),
            ["LeftUpperLeg"] = CFrame.new(0, -2.798624336719513e-07, -3.725290298461914e-09, 0.9613078236579895, 0.16285400092601776, 0.22218449413776398, -0.016861576586961746, 0.8398182988166809, -0.5426059365272522, -0.27496007084846497, 0.5178648233413696, 0.8100697994232178),
            ["RightLowerLeg"] = CFrame.new(1.7695128917694092e-08, 4.172325134277344e-07, 1.6596459317952394e-08, 1, -1.410953842650997e-07, -1.2107200575428578e-07, 1.420267068397152e-07, 0.2942606508731842, 0.9557252526283264, -1.0943041672817344e-07, -0.9557252526283264, 0.2942609488964081),
            ["RightFoot"] = CFrame.new(-1.0244548320770264e-08, 3.5762786865234375e-07, -8.119241101667285e-08, 0.9815641641616821, 0.08212506026029587, 0.17259050905704498, -0.10438890755176544, 0.9867573380470276, 0.12414894253015518, -0.1601092666387558, -0.1398766189813614, 0.9771384596824646),
            ["LeftLowerLeg"] = CFrame.new(5.8673322200775146e-08, -5.960464477539063e-08, 2.9802322387695312e-08, 1, 9.499492392706088e-08, 4.70318006762227e-08, -9.313225746154785e-08, 0.32091662287712097, 0.9471074938774109, 5.960464477539063e-08, -0.9471075534820557, 0.3209165930747986),
        }},
        {Time = 0.267, Data = {
            ["LeftFoot"] = CFrame.new(-3.259629011154175e-09, 1.1920928955078125e-07, 0, 0.9983235597610474, -0.018804723396897316, -0.05474177747964859, 0.01605844683945179, 0.9986110329627991, -0.05018264427781105, 0.05560939386487007, 0.049219489097595215, 0.9972387552261353),
            ["LeftLowerArm"] = CFrame.new(8.940696716308594e-08, 1.1920928955078125e-07, -5.960464477539063e-08, 1, -3.934836811936293e-08, 1.257285475730896e-07, 1.1688096890338784e-07, -0.370426744222641, -0.928861677646637, 2.1082811940686952e-07, 0.928861677646637, -0.3704267740249634),
            ["LowerTorso"] = CFrame.new(-0.009153850376605988, -0.1986370086669922, 0.0012866556644439697, 0.9965644478797913, 0.04637148603796959, 0.06862183660268784, -0.03444261848926544, 0.9855578541755676, -0.16579978168010712, -0.07531917095184326, 0.16286665201187134, 0.9837690591812134),
            ["Head"] = CFrame.new(-8.294591680169106e-10, 0, 1.6370904631912708e-08, 0.9937074780464172, 0.019415680319070816, -0.11031119525432587, -0.008850529789924622, 0.9953930377960205, 0.09546995162963867, 0.11165660619735718, -0.09389283508062363, 0.9893012642860413),
            ["RightUpperArm"] = CFrame.new(-1.7881393432617188e-07, -5.960464477539062e-07, 1.4901161193847656e-08, 0.882293164730072, -0.22264352440834045, 0.4147152006626129, 0.24605734646320343, 0.9692502617835999, -0.003128509968519211, -0.40126627683639526, 0.10480397939682007, 0.9099459648132324),
            ["UpperTorso"] = CFrame.new(-4.656612873077393e-10, 2.9802322387695312e-08, 8.440110832452774e-09, 0.9993195533752441, -0.033252011984586716, -0.01596185751259327, 0.03612562268972397, 0.9697009921073914, 0.24160906672477722, 0.0074442601762712, -0.24202123284339905, 0.970242440700531),
            ["HumanoidRootPart"] = CFrame.new(0, 0, 0, 1, 0, 0, 0, 1, 0, 0, 0, 1),
            ["RightHand"] = CFrame.new(8.940696716308594e-08, 1.1920928955078125e-07, -1.341104507446289e-07, 0.5245062708854675, 0.2998739182949066, 0.7968493103981018, -0.10796350240707397, 0.951791524887085, -0.2871178984642029, -0.8445336222648621, 0.06456443667411804, 0.5315962433815002),
            ["LeftUpperArm"] = CFrame.new(0, -1.1920928955078125e-07, 2.60770320892334e-08, 0.9497452974319458, 0.14859597384929657, 0.27550533413887024, 0.0216013602912426, 0.8469305634498596, -0.5312646627426147, -0.312277615070343, 0.510517418384552, 0.8011583685874939),
            ["RightLowerArm"] = CFrame.new(-1.1920928955078125e-07, -4.172325134277344e-07, -4.470348358154297e-08, 1, -1.4901158351676713e-07, 3.725290298461914e-08, 8.009374141693115e-08, 0.27256277203559875, -0.9621380567550659, 1.0058283805847168e-07, 0.9621380567550659, 0.2725626528263092),
            ["LeftHand"] = CFrame.new(3.818422555923462e-08, -3.5762786865234375e-07, 1.1920928955078125e-07, 0.844566822052002, 0.4994428753852844, -0.19303861260414124, -0.5232893228530884, 0.846278727054596, -0.09990222007036209, 0.11346893012523651, 0.18538948893547058, 0.9760921001434326),
            ["RightUpperLeg"] = CFrame.new(5.960464477539063e-08, -6.472691893577576e-08, -5.420588422566652e-09, 0.9868399500846863, -0.09219634532928467, -0.13284100592136383, 0.021325593814253807, 0.888558030128479, -0.4582687020301819, 0.16028760373592377, 0.449404776096344, 0.8788304924964905),
            ["LeftUpperLeg"] = CFrame.new(-5.960464477539063e-08, -1.7182901501655579e-07, 1.4901161193847656e-08, 0.9878119826316833, 0.03921430557966232, 0.15063148736953735, 0.02603602409362793, 0.9124817848205566, -0.40828806161880493, -0.15345916152000427, 0.4072335362434387, 0.9003394246101379),
            ["RightLowerLeg"] = CFrame.new(-1.4901161193847656e-08, 3.5762786865234375e-07, -5.418405635282397e-08, 1, -1.3411046495548362e-07, -1.0617082324415605e-07, 1.4714898100010032e-07, 0.2855667471885681, 0.9583588242530823, -1.136213683139431e-07, -0.958358883857727, 0.28556713461875916),
