return {
    ["Bye Bye Bye FN"] = {
        {Time = 0.000, Data = {
            ["RightFoot"] = CFrame.new(1.564621925354004e-07, -1.1920928955078125e-07, 1.6952981241047382e-09, 0.9223214983940125, 0.3535737693309784, -0.15591301023960114, -0.3796251714229584, 0.9044182896614075, -0.1947106420993805, 0.07216588407754898, 0.23877424001693726, 0.9683898091316223),
            ["LeftLowerArm"] = CFrame.new(9.834766387939453e-07, -7.152557373046875e-07, 0.000004783272743225098, 1, 1.7695128917694092e-07, 1.136213683139431e-07, -1.5273690223693848e-07, 0.9879842400550842, -0.1545545756816864, -1.4528632164001465e-07, 0.15455469489097595, 0.987984299659729),
            ["RightUpperArm"] = CFrame.new(-0.05860108137130737, 0.02049422264099121, -0.09893551468849182, 0.8974661231040955, -0.3850846588611603, -0.215090811252594, 0.367690771818161, 0.9225069880485535, -0.11740760505199432, 0.24363493919372559, 0.026282329112291336, 0.9695109724998474),
            ["Head"] = CFrame.new(1.1175870895385742e-08, -9.5367431640625e-07, 1.1920928955078125e-07, 0.8186036944389343, -0.011704816482961178, 0.5742395520210266, 0.0911107063293457, 0.9897793531417847, -0.10970758646726608, -0.567086398601532, 0.14212626218795776, 0.8113033771514893),
            ["RightHand"] = CFrame.new(5.960464477539062e-07, 0.0000011324882507324219, -7.152557373046875e-07, 0.8508586883544922, 0.11248701810836792, 0.5132112503051758, -0.06846151500940323, 0.992220938205719, -0.10397445410490036, -0.5209150910377502, 0.05333247780799866, 0.8519410490989685),
            ["UpperTorso"] = CFrame.new(-6.332993507385254e-08, 8.940696716308594e-08, 5.21540641784668e-08, 0.9622812271118164, 0.06996035575866699, -0.262908011674881, 0.010561704635620117, 0.9560355544090271, 0.2930605113506317, 0.2718518078327179, -0.2847833037376404, 0.9192360639572144),
            ["HumanoidRootPart"] = CFrame.new(0, 0, 0, 1, 0, 0, 0, 1, 0, 0, 0, 1),
            ["RightUpperLeg"] = CFrame.new(-2.9802322387695312e-08, -8.009374141693115e-08, 7.281050784513354e-08, 0.9563128352165222, -0.2830375134944916, 0.07318200170993805, 0.2578490972518921, 0.6986483931541443, -0.6673861145973206, 0.13776668906211853, 0.6570997834205627, 0.7411075234413147),
            ["LeftUpperArm"] = CFrame.new(0.0023983120918273926, 0.026396512985229492, -0.09925785660743713, 0.567567765712738, 0.5308611392974854, 0.6293274760246277, -0.7514386177062988, 0.6463708281517029, 0.13245759904384613, -0.33646222949028015, -0.5480794906616211, 0.7657689452171326),
            ["RightLowerArm"] = CFrame.new(5.960464477539062e-07, 4.76837158203125e-07, -0.000003904104232788086, 1, -0.000019043685824726708, 0.00000400841281589237, 0.000018894672393798828, 0.9091494679450989, -0.4164701998233795, 0.000004258006811141968, 0.4164702296257019, 0.9091494083404541),
            ["LeftHand"] = CFrame.new(-0.0000011920928955078125, -0.0000010728836059570312, 2.8312206268310547e-07, 0.6196064352989197, 0.11651577055454254, -0.7762159705162048, 0.028166109696030617, 0.9849833846092224, 0.1703367829322815, 0.7844071388244629, -0.1274048238992691, 0.6070206761360168),
            ["LeftFoot"] = CFrame.new(-1.78581103682518e-07, -1.7881393432617188e-07, 2.7939677238464355e-09, 0.9452857375144958, -0.32478955388069153, 0.03076852113008499, 0.2895648181438446, 0.7918228507041931, -0.5377442240715027, 0.15029041469097137, 0.5172314047813416, 0.8425464630126953),
            ["LowerTorso"] = CFrame.new(-0.1863398551940918, -0.4324840307235718, 0.35304296016693115, 0.9411432147026062, -0.09063934534788132, -0.3256286680698395, 0.06688796728849411, 0.9942659735679626, -0.08343386650085449, 0.33132386207580566, 0.056742578744888306, 0.9418094158172607),
            ["RightLowerLeg"] = CFrame.new(-1.862645149230957e-09, -0.0007265210151672363, 0.00004607794835465029, 1, 1.2945389471497037e-07, 7.450583439094771e-08, -2.980232594040899e-08, 0.22044216096401215, 0.9754000306129456, 2.533197687171196e-07, -0.9754001498222351, 0.2204422503709793),
            ["LeftUpperLeg"] = CFrame.new(-1.1920928955078125e-07, 1.695007085800171e-07, 5.960464477539063e-08, 0.9155975580215454, 0.33882054686546326, -0.21652187407016754, -0.3999820649623871, 0.7123172879219055, -0.5767306685447693, -0.041175853461027145, 0.6146582365036011, 0.7877182960510254),
            ["LeftLowerLeg"] = CFrame.new(3.725290298461914e-08, -0.0007265210151672363, 0.00008094310760498047, 1, 6.705523958316917e-08, 8.195640788244418e-08, -7.823112468940963e-08, 0.22264572978019714, 0.974899411201477, 8.940699558479537e-08, -0.9748995304107666, 0.22264575958251953),
        }},
        {Time = 0.033, Data = {
            ["RightFoot"] = CFrame.new(1.862645149230957e-07, 0, 3.149762051180005e-08, 0.9244569540023804, 0.3210213780403137, -0.20572982728481293, -0.365087628364563, 0.900874137878418, -0.2348128706216812, 0.1099565327167511, 0.29218366742134094, 0.9500201344490051),
            ["LeftLowerArm"] = CFrame.new(0.0000017881393432617188, 2.980232238769531e-07, 0.0000049173831939697266, 1, 1.8626455755565985e-07, 1.1548402767402877e-07, -1.713633963618122e-07, 0.9924768805503845, -0.1224323958158493, -1.266598985694145e-07, 0.1224324032664299, 0.9924769401550293),
            ["RightUpperArm"] = CFrame.new(-0.054346442222595215, 0.01795172691345215, -0.08392035961151123, 0.8603870868682861, -0.5042084455490112, 0.07421541213989258, 0.5005312561988831, 0.8634106516838074, 0.06317124515771866, -0.09592986106872559, -0.017204459756612778, 0.9952394962310791),
            ["Head"] = CFrame.new(-3.725290298461914e-09, -8.344650268554688e-07, -3.725290298461914e-08, 0.8697424530982971, -0.0030776341445744038, 0.4934963881969452, 0.06750256568193436, 0.9913238883018494, -0.11278489232063293, -0.48886749148368835, 0.1314060091972351, 0.8624041080474854),
            ["RightHand"] = CFrame.new(2.2351741790771484e-07, 0.0000010728836059570312, -6.966292858123779e-07, 0.9445068836212158, 0.011151648126542568, 0.32830217480659485, 0.05459579452872276, 0.9801943898200989, -0.19036367535591125, -0.3239230513572693, 0.19772392511367798, 0.9251915812492371),
            ["UpperTorso"] = CFrame.new(-7.450580596923828e-09, -3.5762786865234375e-07, 1.862645149230957e-08, 0.9645415544509888, 0.06110210344195366, -0.25676095485687256, 0.012913725338876247, 0.9607422351837158, 0.27714189887046814, 0.26361510157585144, -0.2706306278705597, 0.9258867502212524),
            ["HumanoidRootPart"] = CFrame.new(0, 0, 0, 1, 0, 0, 0, 1, 0, 0, 0, 1),
            ["RightUpperLeg"] = CFrame.new(-2.9802322387695312e-08, -2.9802322387695312e-08, -2.4047039914876223e-08, 0.9527634382247925, -0.3021440804004669, -0.030835166573524475, 0.23195473849773407, 0.7894324660301208, -0.5683251619338989, 0.196058452129364, 0.53432697057724, 0.8222261667251587),
            ["LeftUpperArm"] = CFrame.new(0.0067177414894104, 0.030431270599365234, -0.08442017436027527, 0.677678108215332, 0.48385974764823914, 0.5537440180778503, -0.699770987033844, 0.6557493209838867, 0.2833960950374603, -0.2259933352470398, -0.5795451402664185, 0.782977819442749),
            ["RightLowerArm"] = CFrame.new(5.960464477539063e-08, 3.5762786865234375e-07, -0.000003874301910400391, 1, -0.00001864694058895111, 0.000005453824996948242, 0.000018924476535175927, 0.873930037021637, -0.48605188727378845, 0.000004231930233800085, 0.48605188727378845, 0.8739299774169922),
            ["LeftHand"] = CFrame.new(-0.000001562759280204773, -0.0000011324882507324219, 2.9802322387695312e-08, 0.7127630114555359, 0.03797105699777603, -0.7003759741783142, 0.06427620351314545, 0.9907961487770081, 0.11912915855646133, 0.6984536647796631, -0.12992839515209198, 0.7037624716758728),
            ["LeftFoot"] = CFrame.new(-6.239861249923706e-08, -1.1920928955078125e-07, 7.450580596923828e-09, 0.9675728678703308, -0.24201485514640808, 0.0723300501704216, 0.24967269599437714, 0.8729301691055298, -0.4191143810749054, 0.038292720913887024, 0.4235821068286896, 0.9050478339195251),
            ["LowerTorso"] = CFrame.new(-0.13177424669265747, -0.3599890470504761, 0.34436851739883423, 0.9673255085945129, -0.08346672356128693, -0.23940515518188477, 0.06279389560222626, 0.9937095046043396, -0.0927279070019722, 0.2456388920545578, 0.0746648907661438, 0.966481626033783),
            ["RightLowerLeg"] = CFrame.new(-3.3527612686157227e-08, -0.0007264018058776855, 0.000046070497774053365, 1, 1.4714899521095504e-07, 1.0430816388407038e-07, -4.470348358154297e-08, 0.32071611285209656, 0.9471754431724548, 1.7881393432617188e-07, -0.9471754431724548, 0.32071617245674133),
            ["LeftUpperLeg"] = CFrame.new(2.9802322387695312e-08, -3.1851232051849365e-07, 1.4901161193847656e-08, 0.9218229055404663, 0.2773127853870392, -0.27081388235092163, -0.3851218521595001, 0.7343336343765259, -0.5589592456817627, 0.04386118799448013, 0.619557797908783, 0.7837247252464294),
            ["LeftLowerLeg"] = CFrame.new(0, -0.0007264018058776855, 0.00008106231689453125, 1, 1.0430816388407038e-07, 6.705521116145974e-08, -6.70552182668871e-08, 0.2779501676559448, 0.9605956077575684, 2.9802318834981634e-08, -0.9605954885482788, 0.2779496908187866),
        }},
        {Time = 0.067, Data = {
            ["RightFoot"] = CFrame.new(1.2665987014770508e-07, 0, -2.8107024263590574e-08, 0.9136741757392883, 0.31163254380226135, -0.26093021035194397, -0.355470210313797, 0.9239577651023865, -0.14121975004673004, 0.19707997143268585, 0.22178183495998383, 0.954972505569458),
            ["LeftLowerArm"] = CFrame.new(9.238719940185547e-07, -1.7881393432617188e-07, 0.0000049211084842681885, 1, 1.341104507446289e-07, 9.872020712009544e-08, -2.086162567138672e-07, 0.9954093098640442, -0.09570948034524918, -1.695007085800171e-07, 0.09570948779582977, 0.9954093098640442),
            ["RightUpperArm"] = CFrame.new(-0.05040323734283447, 0.01574242115020752, -0.06863147020339966, 0.7956858277320862, -0.5889458656311035, 0.14151625335216522, 0.5634536147117615, 0.8054265379905701, 0.18387052416801453, -0.22227072715759277, -0.06656557321548462, 0.9727100729942322),
            ["Head"] = CFrame.new(1.1175870895385742e-08, -8.344650268554688e-07, -1.341104507446289e-07, 0.9187251329421997, 0.005041992757469416, 0.3948654234409332, 0.04336615279316902, 0.9925827980041504, -0.11357337236404419, -0.3925093710422516, 0.12146635353565216, 0.9116920232772827),
            ["RightHand"] = CFrame.new(2.0582228899002075e-07, 0.0000010728836059570312, -7.078051567077637e-07, 0.8857255578041077, 0.17684908211231232, 0.4292019307613373, -0.07287821173667908, 0.9660977125167847, -0.2476769983768463, -0.4584529399871826, 0.1880946308374405, 0.8685861229896545),
            ["UpperTorso"] = CFrame.new(-7.450580596923828e-09, 4.76837158203125e-07, -2.514570951461792e-08, 0.9686041474342346, 0.05047614127397537, -0.2434305101633072, 0.01512879692018032, 0.9653893709182739, 0.26037418842315674, 0.248147651553154, -0.2558821141719818, 0.9343162775039673),
            ["HumanoidRootPart"] = CFrame.new(0, 0, 0, 1, 0, 0, 0, 1, 0, 0, 0, 1),
            ["RightUpperLeg"] = CFrame.new(5.960464477539063e-08, 1.695007085800171e-07, -1.287116901949048e-08, 0.9560794830322266, -0.27661949396133423, -0.09692132472991943, 0.21084384620189667, 0.8787593245506287, -0.42816704511642456, 0.20360970497131348, 0.38892632722854614, 0.8984872102737427),
            ["LeftUpperArm"] = CFrame.new(0.010740876197814941, 0.03313636779785156, -0.06907227635383606, 0.8292064070701599, 0.4266747832298279, 0.36106136441230774, -0.5567986369132996, 0.6870812177658081, 0.4667920172214508, -0.048909809440374374, -0.5881055593490601, 0.8073042035102844),
            ["RightLowerArm"] = CFrame.new(0, 2.384185791015625e-07, -0.0000039637088775634766, 1, -0.000016644597053527832, 0.000010065737114928197, 0.000018915165128419176, 0.7201521396636963, -0.6938162446022034, 0.000004315749720262829, 0.6938161849975586, 0.7201521992683411),
            ["LeftHand"] = CFrame.new(-0.0000014379620552062988, -0.0000010132789611816406, 4.3958425521850586e-07, 0.8033478856086731, -0.12715592980384827, -0.5817756652832031, 0.09546585381031036, 0.991801381111145, -0.08494888991117477, 0.5878081917762756, 0.012703856453299522, 0.8089010119438171),
            ["LeftFoot"] = CFrame.new(1.1641532182693481e-08, -1.1920928955078125e-07, 3.166496753692627e-08, 0.9803789854049683, -0.15064799785614014, 0.12713126838207245, 0.17564690113067627, 0.96034836769104, -0.21651636064052582, -0.08947251737117767, 0.2345982939004898, 0.9679661393165588),
            ["LowerTorso"] = CFrame.new(-0.07468046993017197, -0.24179601669311523, 0.32825344800949097, 0.9867777228355408, -0.07298565655946732, -0.14471633732318878, 0.0583915151655674, 0.9930020570755005, -0.10265225172042847, 0.15119574964046478, 0.09284474700689316, 0.9841340184211731),
            ["RightLowerLeg"] = CFrame.new(-4.470348358154297e-08, -0.0007262825965881348, 0.00004602393164532259, 1, 1.2665991278026922e-07, 7.450584860180243e-08, -1.0430814256778831e-07, 0.4801083505153656, 0.8772091269493103, 8.940698137394065e-08, -0.8772091865539551, 0.4801086187362671),
            ["LeftUpperLeg"] = CFrame.new(-5.960464477539063e-08, 2.0116567611694336e-07, -1.4901161193847656e-08, 0.9337544441223145, 0.2175469696521759, -0.28421133756637573, -0.3452763855457306, 0.7566641569137573, -0.5551972389221191, 0.0942709892988205, 0.6165490746498108, 0.7816521525382996),
            ["LeftLowerLeg"] = CFrame.new(1.043081283569336e-07, -0.0007264614105224609, 0.0000810474157333374, 1, 6.705522537231445e-08, 5.960464477539063e-08, -8.940699558479537e-08, 0.34483852982521057, 0.9386619925498962, 5.96046660916727e-08, -0.938662052154541, 0.34483858942985535),
        }},
        {Time = 0.100, Data = {
            ["RightFoot"] = CFrame.new(2.60770320892334e-07, -5.960464477539063e-08, 3.149762051180005e-08, 0.8939117789268494, 0.3313727080821991, -0.30185040831565857, -0.34014180302619934, 0.9400503039360046, 0.02468186989426613, 0.2919335961341858, 0.08060862123966217, 0.953035831451416),
            ["LeftLowerArm"] = CFrame.new(0.0000010728836059570312, -3.5762786865234375e-07, 0.000004667788743972778, 1, 1.9371512394172896e-07, 7.450581307466564e-08, -1.7881393432617188e-07, 0.9873144626617432, -0.1587776392698288, -9.313225746154785e-08, 0.15877766907215118, 0.9873144626617432),
            ["RightUpperArm"] = CFrame.new(-0.04650294780731201, 0.013100385665893555, -0.05261361598968506, 0.7131454348564148, -0.6742786765098572, 0.19175978004932404, 0.6236314177513123, 0.7351579070091248, 0.2657570242881775, -0.3201678991317749, -0.06993614137172699, 0.9447759389877319),
            ["Head"] = CFrame.new(0, -3.5762786865234375e-07, 4.0978193283081055e-08, 0.9578535556793213, 0.01965261436998844, 0.28658416867256165, 0.014015885069966316, 0.9932712912559509, -0.11495964229106903, -0.2869149446487427, 0.11413116753101349, 0.9511328935623169),
            ["RightHand"] = CFrame.new(1.5459954738616943e-07, 7.748603820800781e-07, -6.724148988723755e-07, 0.8722674250602722, 0.3090040683746338, 0.3790324926376343, -0.2377890944480896, 0.9452755451202393, -0.2234071046113968, -0.42732423543930054, 0.10474097728729248, 0.8980109691619873),
            ["UpperTorso"] = CFrame.new(-1.862645149230957e-09, -1.1920928955078125e-07, -2.7474015951156616e-08, 0.9714949131011963, 0.03907538205385208, -0.23381826281547546, 0.019441332668066025, 0.9698665142059326, 0.2428598552942276, 0.23626211285591125, -0.24048282206058502, 0.9414606690406799),
            ["HumanoidRootPart"] = CFrame.new(0, 0, 0, 1, 0, 0, 0, 1, 0, 0, 0, 1),
            ["RightUpperLeg"] = CFrame.new(-2.9802322387695312e-08, -9.499490261077881e-08, -5.757465260103345e-08, 0.9638996124267578, -0.23841801285743713, -0.11855148524045944, 0.1944533735513687, 0.9344654083251953, -0.29826557636260986, 0.18189407885074615, 0.2644451856613159, 0.9470919370651245),
            ["LeftUpperArm"] = CFrame.new(0.014744043350219727, 0.035291194915771484, -0.05283832550048828, 0.9035284519195557, 0.37857750058174133, 0.20078696310520172, -0.4228478670120239, 0.7115928530693054, 0.5611018538475037, 0.06954216212034225, -0.5918738842010498, 0.8030251860618591),
            ["RightLowerArm"] = CFrame.new(7.748603820800781e-07, 4.172325134277344e-07, -0.000003904104232788086, 1, -0.00001221150432684226, 0.000015124680430744775, 0.000018917025954579003, 0.4368581473827362, -0.8995304107666016, 0.000004343688942753943, 0.8995305299758911, 0.436858206987381),
            ["LeftHand"] = CFrame.new(-0.0000018030405044555664, -0.0000015497207641601562, 3.2782554626464844e-07, 0.8845562934875488, -0.21319054067134857, -0.4148609936237335, 0.17872260510921478, 0.9764652848243713, -0.12072242796421051, 0.43083474040031433, 0.03264075145125389, 0.9018405675888062),
            ["LeftFoot"] = CFrame.new(-1.5832483768463135e-08, -1.1920928955078125e-07, 0, 0.9786149859428406, -0.10642620921134949, 0.17602869868278503, 0.11616954952478409, 0.9921647906303406, -0.04597446694970131, -0.16975662112236023, 0.06544043123722076, 0.9833109378814697),
            ["LowerTorso"] = CFrame.new(-0.016457168385386467, -0.13332748413085938, 0.3062337636947632, 0.9974530339241028, -0.05852570757269859, -0.04076980799436569, 0.05360972136259079, 0.9921813607215881, -0.11270415782928467, 0.04704713448882103, 0.11023145914077759, 0.9927918314933777),
            ["RightLowerLeg"] = CFrame.new(-1.4668330550193787e-07, -0.0007265210151672363, 0.000046148728870321065, 1, 1.1920931797249068e-07, -1.4901166522918174e-08, -8.195637946073475e-08, 0.5992968082427979, 0.8005268573760986, 8.195637946073475e-08, -0.8005269765853882, 0.5992969274520874),
            ["LeftUpperLeg"] = CFrame.new(-2.9802322387695312e-08, -1.6763806343078613e-08, -1.862645149230957e-08, 0.9618843197822571, 0.11347434669733047, -0.2488013356924057, -0.24177666008472443, 0.7779847979545593, -0.5798996686935425, 0.12775994837284088, 0.6179508566856384, 0.775766909122467),
            ["LeftLowerLeg"] = CFrame.new(-2.60770320892334e-08, -0.0007264614105224609, 0.00008094310760498047, 1, 5.5879368687783426e-08, 7.078048724906694e-08, -7.82310962677002e-08, 0.3632653057575226, 0.9316858053207397, 2.9802322387695312e-08, -0.9316858053207397, 0.3632649779319763),
        }},
        {Time = 0.133, Data = {
            ["RightFoot"] = CFrame.new(1.7881393432617188e-07, 0, -4.300818545743823e-08, 0.8908690810203552, 0.33648374676704407, -0.3051733076572418, -0.30001741647720337, 0.9402636289596558, 0.1609158217906952, 0.34108924865722656, -0.05179770290851593, 0.9386029243469238),
            ["LeftLowerArm"] = CFrame.new(0.0000014901161193847656, -8.344650268554688e-07, 0.000004950910806655884, 1, 1.1175870895385742e-07, 7.450581307466564e-08, -1.4901166878189542e-07, 0.988423228263855, -0.15172189474105835, -1.322478482279621e-07, 0.1517219841480255, 0.988423228263855),
            ["RightUpperArm"] = CFrame.new(-0.04165196418762207, 0.008455395698547363, -0.03549213707447052, 0.6690434217453003, -0.6565784811973572, 0.3482607305049896, 0.6115518808364868, 0.7526193261146545, 0.2440667748451233, -0.4223567843437195, 0.04968820512294769, 0.9050668478012085),
            ["Head"] = CFrame.new(0, -5.960464477539062e-07, 7.986091077327728e-08, 0.9828633069992065, 0.03882892057299614, 0.18019984662532806, -0.018095508217811584, 0.9931652545928955, -0.11530625820159912, -0.18344542384147644, 0.11006932705640793, 0.976848304271698),
            ["RightHand"] = CFrame.new(-1.4901161193847656e-08, 9.5367431640625e-07, -6.109476089477539e-07, 0.8379199504852295, 0.42887771129608154, 0.3375700116157532, -0.33848947286605835, 0.8935282230377197, -0.29501256346702576, -0.42815300822257996, 0.13293319940567017, 0.8938759565353394),
            ["UpperTorso"] = CFrame.new(5.587935447692871e-09, -1.1920928955078125e-07, -8.149072527885437e-10, 0.9704492092132568, 0.02788607031106949, -0.23968864977359772, 0.027334684506058693, 0.9742026329040527, 0.22401395440101624, 0.23975218832492828, -0.22394587099552155, 0.9446519017219543),
            ["HumanoidRootPart"] = CFrame.new(0, 0, 0, 1, 0, 0, 0, 1, 0, 0, 0, 1),
            ["RightUpperLeg"] = CFrame.new(5.960464477539063e-08, -4.880130290985107e-07, 6.16346369497478e-08, 0.962097704410553, -0.2109171450138092, -0.17286399006843567, 0.17724163830280304, 0.9653721451759338, -0.1914215087890625, 0.2072521150112152, 0.15352720022201538, 0.9661655426025391),
            ["LeftUpperArm"] = CFrame.new(0.019805490970611572, 0.03813815116882324, -0.03532324358820915, 0.9318624138832092, 0.3297297954559326, 0.1513630896806717, -0.35827335715293884, 0.7705144286155701, 0.527207612991333, 0.057208623737096786, -0.5455142259597778, 0.8361467719078064),
            ["RightLowerArm"] = CFrame.new(-2.980232238769531e-07, 1.1920928955078125e-07, -0.000003829598426818848, 1, -0.000011004504813172389, 0.000016063453585957177, 0.000019047409296035767, 0.36583971977233887, -0.9306778907775879, 0.000004395842552185059, 0.9306778311729431, 0.36583974957466125),
            ["LeftHand"] = CFrame.new(-0.0000016242265701293945, -0.0000010728836059570312, 3.427267074584961e-07, 0.8935947418212891, -0.24024730920791626, -0.3791694641113281, 0.18453064560890198, 0.9666479229927063, -0.1775960475206375, 0.4091905951499939, 0.08873040229082108, 0.9081246256828308),
            ["LeftFoot"] = CFrame.new(-1.3969838619232178e-08, -1.1920928955078125e-07, -1.6763806343078613e-08, 0.969149649143219, -0.09516630321741104, 0.22735926508903503, 0.07241223752498627, 0.9916807413101196, 0.10642317682504654, -0.23559588193893433, -0.08667648583650589, 0.9679783582687378),
            ["LowerTorso"] = CFrame.new(0.04158790409564972, -0.03364920616149902, 0.27958935499191284, 0.996555745601654, -0.03965097293257713, 0.0728318989276886, 0.04837861657142639, 0.9913168549537659, -0.12227211892604828, -0.06735128164291382, 0.12537448108196259, 0.9898207187652588),
            ["RightLowerLeg"] = CFrame.new(1.0547228157520294e-07, -0.0007265806198120117, 0.000046086795919109136, 1, 7.4505820180093e-08, -1.4901168299275014e-08, -4.8428766774577525e-08, 0.6833435893058777, 0.7300966382026672, 9.313224325069314e-08, -0.7300969958305359, 0.6833440065383911),
            ["LeftUpperLeg"] = CFrame.new(0, -1.434236764907837e-07, -3.3527612686157227e-08, 0.979539692401886, 0.003720388747751713, -0.2012166529893875, -0.12251291424036026, 0.804244875907898, -0.5815334916114807, 0.15966397523880005, 0.5942865610122681, 0.7882453799247742),
            ["LeftLowerLeg"] = CFrame.new(-1.862645149230957e-09, -0.0007261037826538086, 0.0000809207558631897, 1, 5.587935447692871e-08, 5.5879375793210784e-08, -8.288771624620495e-08, 0.38278621435165405, 0.9238369464874268, 4.0978196835794733e-08, -0.9238370060920715, 0.38278645277023315),
        }},
        {Time = 0.167, Data = {
            ["RightFoot"] = CFrame.new(1.6391277313232422e-07, 0, -7.281050784513354e-08, 0.9110863208770752, 0.30275148153305054, -0.2797558307647705, -0.24640631675720215, 0.944057047367096, 0.21918079257011414, 0.33046284317970276, -0.13075903058052063, 0.9347174167633057),
            ["LeftLowerArm"] = CFrame.new(0.0000011622905731201172, -3.5762786865234375e-07, 0.000004738569259643555, 1, 1.657754324924099e-07, 1.0058285937475375e-07, -1.4342370491249312e-07, 0.9841660857200623, -0.17724889516830444, -1.1175873737556685e-07, 0.17724886536598206, 0.984166145324707),
            ["RightUpperArm"] = CFrame.new(-0.03706550598144531, 0.0037196874618530273, -0.01790519803762436, 0.5795484185218811, -0.5977914929389954, 0.5538673400878906, 0.5630988478660583, 0.7850502133369446, 0.2581002116203308, -0.5891037583351135, 0.1623004972934723, 0.7915903925895691),
            ["Head"] = CFrame.new(3.5390257835388184e-08, -3.5762786865234375e-07, -2.6775524020195007e-08, 0.9945207834243774, 0.05434832721948624, 0.08930125832557678, -0.04444369301199913, 0.9930056929588318, -0.10938272625207901, -0.09462148696184158, 0.10481433570384979, 0.9899802207946777),
            ["RightHand"] = CFrame.new(1.1920928955078125e-07, 7.748603820800781e-07, -8.046627044677734e-07, 0.8462699055671692, 0.42194074392318726, 0.32525789737701416, -0.283589243888855, 0.8736148476600647, -0.39544230699539185, -0.451003760099411, 0.2424115389585495, 0.858971893787384),
            ["UpperTorso"] = CFrame.new(1.1175870895385742e-08, 4.172325134277344e-07, -5.3085386753082275e-08, 0.9702937602996826, 0.01931479200720787, -0.24115747213363647, 0.03139820322394371, 0.9783239960670471, 0.20468617975711823, 0.2398836761713028, -0.20617754757404327, 0.9486551880836487),
            ["HumanoidRootPart"] = CFrame.new(0, 0, 0, 1, 0, 0, 0, 1, 0, 0, 0, 1),
            ["RightUpperLeg"] = CFrame.new(-5.960464477539063e-08, 2.812594175338745e-07, -3.987952368333936e-08, 0.9611092209815979, -0.19222627580165863, -0.19828839600086212, 0.15306179225444794, 0.9684017896652222, -0.19690126180648804, 0.22987248003482819, 0.15889297425746918, 0.9601622819900513),
            ["LeftUpperArm"] = CFrame.new(0.02462303638458252, 0.03986525535583496, -0.017115518450737, 0.9453021287918091, 0.2483055740594864, 0.21153809130191803, -0.3211780786514282, 0.8218220472335815, 0.4705882668495178, -0.05699701979756355, -0.5127894878387451, 0.8566203713417053),
            ["RightLowerArm"] = CFrame.new(0.0000011622905731201172, 6.556510925292969e-07, -0.000003602355718612671, 1, -0.000012315806998230983, 0.000015005471141193993, 0.00001891329520731233, 0.4466095566749573, -0.8947290182113647, 0.000004351138159108814, 0.89472895860672, 0.44660964608192444),
            ["LeftHand"] = CFrame.new(-0.00000155717134475708, -8.344650268554688e-07, 2.0116567611694336e-07, 0.8535939455032349, -0.22647003829479218, -0.469135582447052, 0.1688731461763382, 0.9722227454185486, -0.16206476092338562, 0.4928074777126312, 0.05911315605044365, 0.8681284189224243),
            ["LeftFoot"] = CFrame.new(2.200249582529068e-08, -5.960464477539063e-08, -5.311449058353901e-09, 0.9590866565704346, -0.09349977970123291, 0.26722773909568787, 0.041579414159059525, 0.9801749587059021, 0.19372180104255676, -0.2800428867340088, -0.17468488216400146, 0.943960428237915),
            ["LowerTorso"] = CFrame.new(0.09477296471595764, 0.03925585746765137, 0.250126451253891, 0.9862959384918213, -0.02239629440009594, 0.16345921158790588, 0.04416866600513458, 0.9904236197471619, -0.13080666959285736, -0.15896426141262054, 0.136233851313591, 0.9778398275375366),
            ["RightLowerLeg"] = CFrame.new(-4.6566128730773926e-09, -0.0007262825965881348, 0.000046072360419202596, 1, 1.1548402767402877e-07, -7.450583261459087e-09, -8.754431490842762e-08, 0.6567282676696777, 0.754127025604248, 9.685753354915505e-08, -0.7541273236274719, 0.6567286252975464),
            ["LeftUpperLeg"] = CFrame.new(0, 1.9650906324386597e-07, 2.8870999813079834e-08, 0.9874809384346008, -0.0763881728053093, -0.13800841569900513, -0.011767160147428513, 0.83680659532547, -0.5473722219467163, 0.1572989821434021, 0.5421436429023743, 0.8254317045211792),
            ["LeftLowerLeg"] = CFrame.new(-2.0372681319713593e-08, -0.0007269382476806641, 0.0000810893252491951, 1, 5.4016702222270396e-08, 6.525080209485168e-08, -7.776543498039246e-08, 0.40776053071022034, 0.913088858127594, 8.242204785346985e-08, -0.913088858127594, 0.4077606499195099),
        }},
        {Time = 0.200, Data = {
            ["RightFoot"] = CFrame.new(2.3748725652694702e-07, -1.7881393432617188e-07, 9.145878721028566e-09, 0.9300947189331055, 0.2582630515098572, -0.26119711995124817, -0.19796635210514069, 0.9514241218566895, 0.23580008745193481, 0.30940788984298706, -0.1676080822944641, 0.9360418915748596),
            ["LeftLowerArm"] = CFrame.new(0.0000012516975402832031, -1.7881393432617188e-07, 0.000004887580871582031, 1, 1.4901159772762185e-07, 2.2351741790771484e-08, -1.4156101713069802e-07, 0.9726553559303284, -0.2322533130645752, -8.195637946073475e-08, 0.2322532832622528, 0.9726553559303284),
            ["RightUpperArm"] = CFrame.new(-0.03403276205062866, 0.0001920461654663086, -0.0005279667675495148, 0.4653700590133667, -0.4982163608074188, 0.7315813302993774, 0.5108033418655396, 0.8261803984642029, 0.23770971596240997, -0.7228490114212036, 0.2630711495876312, 0.6389702558517456),
            ["Head"] = CFrame.new(7.450580596923828e-09, -0.0000010728836059570312, 2.1420419216156006e-08, 0.9973434805870056, 0.06330973654985428, 0.03602708503603935, -0.059739403426647186, 0.9938934445381165, -0.09277515858411789, -0.04168062284588814, 0.09037632495164871, 0.9950351119041443),
            ["RightHand"] = CFrame.new(1.7881393432617188e-07, 0.0000010728836059570312, -7.003545761108398e-07, 0.8674824237823486, 0.34568917751312256, 0.3577326536178589, -0.18335656821727753, 0.8906644582748413, -0.4160494804382324, -0.46244412660598755, 0.29532337188720703, 0.8360205292701721),
            ["UpperTorso"] = CFrame.new(3.3527612686157227e-08, 2.9802322387695312e-08, -3.91155481338501e-08, 0.9739183783531189, 0.01651046611368656, -0.22629740834236145, 0.026462143287062645, 0.9822782278060913, 0.18555161356925964, 0.22535057365894318, -0.18670040369033813, 0.9562218189239502),
            ["HumanoidRootPart"] = CFrame.new(0, 0, 0, 1, 0, 0, 0, 1, 0, 0, 0, 1),
            ["RightUpperLeg"] = CFrame.new(-2.9802322387695312e-08, -2.0582228899002075e-07, -5.757465260103345e-08, 0.9657752513885498, -0.17657522857189178, -0.189998060464859, 0.12624229490756989, 0.959883987903595, -0.2503710389137268, 0.22658541798591614, 0.21781636774539948, 0.9493234753608704),
            ["LeftUpperArm"] = CFrame.new(0.027770400047302246, 0.039131760597229004, 0.0009442698210477829, 0.9031957983970642, 0.12938788533210754, 0.40926292538642883, -0.3012031316757202, 0.8703568577766418, 0.38955822587013245, -0.3058006763458252, -0.4751186668872833, 0.8250746726989746),
            ["RightLowerArm"] = CFrame.new(3.2782554626464844e-07, 9.5367431640625e-07, -0.000003606081008911133, 1, -0.000014021989045431837, 0.000013619663150166161, 0.000019043684005737305, 0.5460883378982544, -0.8377276062965393, 0.000004410743713378906, 0.8377276062965393, 0.5460883378982544),
            ["LeftHand"] = CFrame.new(-0.0000012516975402832031, -0.0000013113021850585938, 1.1920928955078125e-07, 0.6866443753242493, -0.23660579323768616, -0.6874130368232727, 0.23840029537677765, 0.9665534496307373, -0.09455148875713348, 0.6867932677268982, -0.0989561527967453, 0.7200856804847717),
            ["LeftFoot"] = CFrame.new(1.6763806343078613e-08, -2.980232238769531e-07, -3.91155481338501e-08, 0.9548391699790955, -0.07218174636363983, 0.2882220447063446, 0.01913011260330677, 0.9829646348953247, 0.18279635906219482, -0.29650670289993286, -0.16902747750282288, 0.9399539828300476),
            ["LowerTorso"] = CFrame.new(0.1389956772327423, 0.06728458404541016, 0.22058308124542236, 0.9796441197395325, -0.014143640175461769, 0.20024321973323822, 0.042440224438905716, 0.9895595908164978, -0.13773423433303833, -0.1962045133113861, 0.14342889189720154, 0.9700165390968323),
            ["RightLowerLeg"] = CFrame.new(-7.450580596923828e-09, -0.000726163387298584, 0.00004609424649970606, 1, 1.1548402767402877e-07, -3.725291630729544e-09, -5.029141192380848e-08, 0.5966053605079651, 0.8025345802307129, 1.234002269256962e-07, -0.8025346994400024, 0.596605658531189),
            ["LeftUpperLeg"] = CFrame.new(5.960464477539063e-08, -2.100132405757904e-07, -2.60770320892334e-08, 0.9934017062187195, -0.10203512758016586, -0.05236347019672394, 0.06427250057458878, 0.8734461069107056, -0.48266035318374634, 0.09498486667871475, 0.4761101305484772, 0.8742408752441406),
            ["LeftLowerLeg"] = CFrame.new(-1.862645149230957e-09, -0.0007266998291015625, 0.0000810474157333374, 1, 3.352760913344355e-08, 7.450579886381092e-08, -6.705522537231445e-08, 0.4317934215068817, 0.9019725322723389, 9.685754776000977e-08, -0.9019725322723389, 0.43179336190223694),
        }},
        {Time = 0.233, Data = {
            ["RightFoot"] = CFrame.new(2.5704503059387207e-07, -2.384185791015625e-07, 2.4047039914876223e-08, 0.9315810203552246, 0.24101373553276062, -0.2721567451953888, -0.19732072949409485, 0.9639950394630432, 0.1782643049955368, 0.30532172322273254, -0.11236544698476791, 0.9455963969230652),
            ["LeftLowerArm"] = CFrame.new(0.000001430511474609375, -4.172325134277344e-07, 0.000004827976226806641, 1, 1.2665987014770508e-07, 5.960465188081798e-08, -1.4156105976326216e-07, 0.9455843567848206, -0.32537737488746643, -8.195640788244418e-08, 0.32537734508514404, 0.9455842971801758),
            ["RightUpperArm"] = CFrame.new(-0.029893696308135986, -0.0053060054779052734, 0.016435101628303528, 0.3470384478569031, -0.3518751561641693, 0.8693377375602722, 0.4601447880268097, 0.8715920448303223, 0.16909851133823395, -0.8172093629837036, 0.3413374423980713, 0.46438947319984436),
            ["Head"] = CFrame.new(-7.334165275096893e-09, -3.5762786865234375e-07, 1.0011717677116394e-08, 0.997193455696106, 0.07377184927463531, 0.012769948691129684, -0.07276812940835953, 0.9951314330101013, -0.06647040694952011, -0.017611468210816383, 0.06535442173480988, 0.9977067708969116),
            ["RightHand"] = CFrame.new(5.662441253662109e-07, 0.0000011920928955078125, -8.66129994392395e-07, 0.8817368745803833, 0.24984626471996307, 0.4001455008983612, -0.10925106704235077, 0.933321475982666, -0.3420162498950958, -0.4589163362979889, 0.2578522562980652, 0.8502402305603027),
            ["UpperTorso"] = CFrame.new(-1.862645149230957e-08, 3.8743019104003906e-07, 3.725290298461914e-09, 0.9786969423294067, 0.03149391710758209, -0.20288027822971344, 0.0029108093585819006, 0.9859369397163391, 0.16709280014038086, 0.2052895873785019, -0.16412369906902313, 0.9648418426513672),
            ["HumanoidRootPart"] = CFrame.new(0, 0, 0, 1, 0, 0, 0, 1, 0, 0, 0, 1),
            ["RightUpperLeg"] = CFrame.new(-2.9802322387695312e-08, -5.774199962615967e-08, -1.6952981241047382e-09, 0.9694346189498901, -0.13337282836437225, -0.20593273639678955, 0.08741746097803116, 0.9720229506492615, -0.21801285445690155, 0.22924844920635223, 0.1933470517396927, 0.953971803188324),
            ["LeftUpperArm"] = CFrame.new(0.032142817974090576, 0.03877437114715576, 0.018790721893310547, 0.9077394008636475, 0.05848212540149689, 0.41543829441070557, -0.24914930760860443, 0.8718516230583191, 0.4216627776622772, -0.337540864944458, -0.4862658977508545, 0.8059849143028259),
            ["RightLowerArm"] = CFrame.new(5.662441253662109e-07, 7.152557373046875e-07, -0.000003814697265625, 1, -0.000014930959878256544, 0.000012520702512119897, 0.000018998980522155762, 0.6073590517044067, -0.7944275140762329, 0.0000043585896492004395, 0.7944274544715881, 0.6073591113090515),
            ["LeftHand"] = CFrame.new(-0.0000013709068298339844, -0.0000010728836059570312, 2.384185791015625e-07, 0.6605442762374878, -0.20942336320877075, -0.7209871411323547, 0.2829349637031555, 0.9589444398880005, -0.019326742738485336, 0.6954343914985657, -0.1912263035774231, 0.6926788687705994),
            ["LeftFoot"] = CFrame.new(-1.1175870895385742e-08, -1.1920928955078125e-07, -7.12461769580841e-08, 0.9584099054336548, -0.026170602068305016, 0.28419315814971924, 0.02099689468741417, 0.9995540380477905, 0.021237244829535484, -0.2846221327781677, -0.014386726543307304, 0.95853191614151),
            ["LowerTorso"] = CFrame.new(0.17427782714366913, 0.028118371963500977, 0.1930365264415741, 0.9789875745773315, -0.02632179483771324, 0.2022141069173813, 0.0560285747051239, 0.9881901144981384, -0.14262281358242035, -0.19607187807559967, 0.15095572173595428, 0.9689005017280579),
            ["RightLowerLeg"] = CFrame.new(8.102506399154663e-08, -0.0007262229919433594, 0.000046065608330536634, 1, 8.568174081347024e-08, -3.7252920748187535e-09, -5.21540641784668e-08, 0.6723896265029907, 0.7401974201202393, 1.0384246706962585e-07, -0.7401974201202393, 0.6723896265029907),
            ["LeftUpperLeg"] = CFrame.new(2.9802322387695312e-08, -4.330649971961975e-08, 1.862645149230957e-08, 0.9970808625221252, -0.07437582314014435, 0.01726623624563217, 0.07527386397123337, 0.919621467590332, -0.38552579283714294, 0.012795554473996162, 0.38570016622543335, 0.9225355386734009),
            ["LeftLowerLeg"] = CFrame.new(-6.146728992462158e-08, -0.0007266998291015625, 0.00008100271224975586, 1, 6.705523958316917e-08, 0, -1.0244548320770264e-07, 0.4727815091609955, 0.8811798691749573, 7.450580596923828e-09, -0.8811797499656677, 0.47278138995170593),
        }},
        {Time = 0.267, Data = {
            ["RightFoot"] = CFrame.new(1.955777406692505e-07, -5.960464477539063e-08, -2.8107024263590574e-08, 0.9336420893669128, 0.20565611124038696, -0.2932884097099304, -0.2133270800113678, 0.976962685585022, 0.005957901477813721, 0.28775715827941895, 0.05700372904539108, 0.9560054540634155),
            ["LeftLowerArm"] = CFrame.new(0.0000012814998626708984, -8.344650268554688e-07, 0.000004678964614868164, 1, 1.713633963618122e-07, 3.3527616238870905e-08, -8.568168397005138e-08, 0.9112132787704468, -0.4119350016117096, -5.960465188081798e-08, 0.41193509101867676, 0.911213219165802),
            ["RightUpperArm"] = CFrame.new(-0.023615896701812744, -0.013636469841003418, 0.031864188611507416, 0.1969100683927536, -0.19745732843875885, 0.9603316783905029, 0.45409655570983887, 0.8864798545837402, 0.08916275948286057, -0.8689205050468445, 0.4185260832309723, 0.2642216086387634),
            ["Head"] = CFrame.new(-9.778887033462524e-09, -8.344650268554688e-07, 2.444721758365631e-08, 0.9962658286094666, 0.08552563190460205, -0.011821707710623741, -0.08594091236591339, 0.9954651594161987, -0.04078497365117073, 0.008280019275844097, 0.04164860025048256, 0.9990980625152588),
            ["RightHand"] = CFrame.new(3.129243850708008e-07, 0.0000011920928955078125, -8.046627044677734e-07, 0.9114239811897278, 0.13625913858413696, 0.3882518708705902, -0.047257199883461, 0.9719973206520081, -0.2301909625530243, -0.40874582529067993, 0.19145414233207703, 0.892341136932373),
            ["UpperTorso"] = CFrame.new(-5.587935447692871e-08, -3.5762786865234375e-07, 0, 0.9817169904708862, 0.06308922916650772, -0.17958718538284302, -0.03615913167595863, 0.9881066679954529, 0.14945855736732483, 0.18688039481639862, -0.14023235440254211, 0.9723223447799683),
            ["HumanoidRootPart"] = CFrame.new(0, 0, 0, 1, 0, 0, 0, 1, 0, 0, 0, 1),
            ["RightUpperLeg"] = CFrame.new(-2.9802322387695312e-08, -2.514570951461792e-08, 5.75528247281909e-09, 0.9678583741188049, -0.08114597946405411, -0.2380450963973999, 0.04203781113028526, 0.9853993654251099, -0.16498799622058868, 0.24795755743980408, 0.14967811107635498, 0.9571382403373718),
            ["LeftUpperArm"] = CFrame.new(0.03893190622329712, 0.040011048316955566, 0.035506997257471085, 0.9111566543579102, 0.0022830215748399496, 0.41205382347106934, -0.20393264293670654, 0.8714296817779541, 0.44611895084381104, -0.3580573499202728, -0.49051523208618164, 0.7944743633270264),
            ["RightLowerArm"] = CFrame.new(1.1920928955078125e-07, 5.364418029785156e-07, -0.000003769993782043457, 1, -0.000015683470337535255, 0.000011488797099445947, 0.00001892820182547439, 0.6553635001182556, -0.7553136348724365, 0.000004343688942753943, 0.7553136944770813, 0.6553635597229004),
            ["LeftHand"] = CFrame.new(-0.0000014007091522216797, -0.0000010728836059570312, 2.60770320892334e-07, 0.6526334285736084, -0.11450551450252533, -0.7489708662033081, 0.2547321021556854, 0.9641324877738953, 0.07456657290458679, 0.7135692834854126, -0.2394515722990036, 0.6583938598632812),
            ["LeftFoot"] = CFrame.new(-3.725290298461914e-09, -1.7881393432617188e-07, 4.0978193283081055e-08, 0.9684513807296753, 0.007699809968471527, 0.24908387660980225, 0.04098543897271156, 0.9809905290603638, -0.18967783451080322, -0.24580946564674377, 0.19390271604061127, 0.9497261047363281),
