return {
    ["Bye Bye Bye"] = {
        {Time = 0.000, Data = {
            ["RightFoot"] = CFrame.new(4.6566128730773926e-09, 5.364418029785156e-07, 2.7430360205471516e-09, 0.9987829327583313, -0.03775736317038536, -0.03173409774899483, 0.043282631784677505, 0.9794726371765137, 0.19687582552433014, 0.02364903874695301, -0.19800971448421478, 0.9799147844314575),
            ["LeftLowerArm"] = CFrame.new(0, -2.384185791015625e-07, 2.086162567138672e-07, 1, -2.60770320892334e-08, 8.847565347025466e-09, 2.2351745343485163e-08, 0.9677918553352356, -0.2517518997192383, 1.862645326866641e-08, 0.2517518699169159, 0.9677919149398804),
            ["RightUpperArm"] = CFrame.new(0.004936814308166504, 0.0873715877532959, 0.15946294367313385, 0.9062504172325134, -0.015793876722455025, 0.42244622111320496, -0.1962026059627533, 0.8694398999214172, 0.4534080922603607, -0.37445268034935, -0.49378636479377747, 0.7848314046859741),
            ["Head"] = CFrame.new(-4.6566128730773926e-08, 0, 7.450580596923828e-08, 0.9723801612854004, -0.01522565633058548, 0.2329053431749344, -0.0035929991863667965, 0.9967753291130066, 0.0801626518368721, -0.2333749234676361, -0.07878539711236954, 0.9691898822784424),
            ["RightHand"] = CFrame.new(-5.960464477539063e-08, 1.1920928955078125e-07, -8.195638656616211e-08, 0.9904941320419312, 0.13680943846702576, -0.014304306358098984, -0.13735568523406982, 0.9892939925193787, -0.049304209649562836, 0.007405899465084076, 0.05080026388168335, 0.998681366443634),
            ["UpperTorso"] = CFrame.new(3.026798367500305e-09, -2.9802322387695312e-08, -2.0489096641540527e-08, 0.9747883677482605, -0.02862532250583172, -0.22128811478614807, 0.058058492839336395, 0.990115761756897, 0.1276721954345703, 0.21544621884822845, -0.1373010277748108, 0.9668151140213013),
            ["HumanoidRootPart"] = CFrame.new(0, 0, 0, 1, 0, 0, 0, 1, 0, 0, 0, 1),
            ["RightUpperLeg"] = CFrame.new(0, 8.288770914077759e-08, -9.145878721028566e-09, 0.9692382216453552, 0.23145969212055206, 0.08368901908397675, -0.02852570451796055, 0.4433760643005371, -0.8958817720413208, -0.2444661557674408, 0.8659353852272034, 0.43633946776390076),
            ["LeftUpperArm"] = CFrame.new(0.0017914772033691406, -0.01860356330871582, 0.0005776882171630859, 0.7338857054710388, 0.3089146018028259, -0.6049657464027405, -0.2089964598417282, 0.950092613697052, 0.23161298036575317, 0.6463220715522766, -0.043541744351387024, 0.7618213891983032),
            ["RightLowerArm"] = CFrame.new(0, 2.384185791015625e-07, 3.2782554626464844e-07, 1, -2.2351745343485163e-08, 2.2351738238057806e-08, 3.725289943190546e-08, 0.900850772857666, -0.4341290593147278, 7.4505797087454084e-09, 0.43412911891937256, 0.9008507132530212),
            ["LeftHand"] = CFrame.new(-1.7881393432617188e-07, 1.7881393432617188e-07, -8.940696716308594e-08, 0.9936398267745972, 0.034714460372924805, -0.10712120682001114, -0.00735680665820837, 0.9692750573158264, 0.24586965143680573, 0.11236517131328583, -0.24351778626441956, 0.9633655548095703),
            ["LeftFoot"] = CFrame.new(8.195638656616211e-08, 0, 2.9802322387695312e-08, 0.9906039834022522, 0.13394464552402496, 0.0276179201900959, -0.11233446002006531, 0.9120866656303406, -0.39430806040763855, -0.07800547778606415, 0.38750067353248596, 0.9185632467269897),
            ["LowerTorso"] = CFrame.new(-0.22241303324699402, -0.1312943696975708, 0.06671889126300812, 0.9684135317802429, 0.035799290984869, -0.2467663437128067, 0.0018650611164048314, 0.9885725378990173, 0.1507350653409958, 0.24934260547161102, -0.14643412828445435, 0.957280158996582),
            ["RightLowerLeg"] = CFrame.new(-4.516914486885071e-08, -0.000003635883331298828, -0.000013213772035669535, 1, -2.0908184694690135e-07, -1.0197978639325811e-07, 1.974403431859173e-07, 0.47898975014686584, 0.8778203129768372, -9.126959099603482e-08, -0.8778205513954163, 0.4789900779724121),
            ["LeftUpperLeg"] = CFrame.new(5.960464477539063e-08, -1.0244548320770264e-07, 2.60770320892334e-08, 0.9253484010696411, 0.29311609268188477, 0.24044418334960938, -0.12271533161401749, 0.8316531777381897, -0.5415663123130798, -0.35870787501335144, 0.47163134813308716, 0.8055386543273926),
            ["LeftLowerLeg"] = CFrame.new(-8.195638656616211e-08, 0.0000040531158447265625, 0.000013326294720172882, 1, -1.0058280253133489e-07, -1.1175868230850483e-08, 5.5879347371501353e-08, 0.26262468099594116, 0.9648981094360352, 4.656612428988183e-09, -0.9648981094360352, 0.2626247704029083),
        }},
        {Time = 0.034, Data = {
            ["RightFoot"] = CFrame.new(-1.6763806343078613e-08, 4.172325134277344e-07, 4.639878170564771e-08, 0.9973365068435669, -0.05130472406744957, -0.05184454843401909, 0.06006370484828949, 0.9809566736221313, 0.1847059726715088, 0.041380979120731354, -0.187328040599823, 0.9814255237579346),
            ["LeftLowerArm"] = CFrame.new(-1.7881393432617188e-07, 2.980232238769531e-07, 0, 1, -2.607702853651972e-08, -2.1420420992512845e-08, 3.725289943190546e-08, 0.9612747430801392, -0.27559199929237366, -9.313224857976365e-09, 0.27559196949005127, 0.9612747430801392),
            ["RightUpperArm"] = CFrame.new(0.00485384464263916, 0.08513832092285156, 0.15913978219032288, 0.8907493948936462, 0.016851114109158516, 0.4541824162006378, -0.23734687268733978, 0.8694706559181213, 0.433228999376297, -0.38759782910346985, -0.49369722604751587, 0.7784798741340637),
            ["Head"] = CFrame.new(-5.21540641784668e-08, -2.384185791015625e-07, -7.450580596923828e-09, 0.9788685441017151, -0.005620226729661226, 0.20441338419914246, -0.011122846975922585, 0.9966791272163391, 0.08066672831773758, -0.20418787002563477, -0.08123580366373062, 0.9755553603172302),
            ["RightHand"] = CFrame.new(-1.4901161193847656e-08, -1.7881393432617188e-07, -3.3527612686157227e-08, 0.9912566542625427, 0.13176430761814117, -0.0069558992981910706, -0.13192880153656006, 0.9906311631202698, -0.03528089076280594, 0.0022419579327106476, 0.035890132188797, 0.9993532299995422),
            ["UpperTorso"] = CFrame.new(-1.3969838619232178e-09, 8.940696716308594e-08, -4.470348358154297e-08, 0.9738871455192566, -0.06249931827187538, -0.21826092898845673, 0.10687420517206192, 0.9743869304656982, 0.19785891473293304, 0.2003045231103897, -0.21601872146129608, 0.9556223154067993),
            ["HumanoidRootPart"] = CFrame.new(0, 0, 0, 1, 0, 0, 0, 1, 0, 0, 0, 1),
            ["RightUpperLeg"] = CFrame.new(0, 4.0978193283081055e-08, -3.149762051180005e-08, 0.9949328899383545, 0.09843381494283676, 0.02047937922179699, -0.009690451435744762, 0.29662632942199707, -0.9549446105957031, -0.10007365792989731, 0.949907124042511, 0.29607683420181274),
            ["LeftUpperArm"] = CFrame.new(0.0017914772033691406, -0.018603920936584473, 0.0005776584148406982, 0.7898166179656982, 0.4143851697444916, -0.4521887004375458, -0.31962430477142334, 0.9073095917701721, 0.2731844484806061, 0.5234788060188293, -0.07123517990112305, 0.8490557074546814),
            ["RightLowerArm"] = CFrame.new(0, -3.5762786865234375e-07, -3.8743019104003906e-07, 1, -3.725290653733282e-08, 2.6077035641947077e-08, 2.2351745343485163e-08, 0.9218111634254456, -0.3876394033432007, 1.1175872671742582e-08, 0.3876393735408783, 0.9218111038208008),
            ["LeftHand"] = CFrame.new(-2.2351741790771484e-08, -1.7881393432617188e-07, 8.940696716308594e-08, 0.9959521889686584, 0.007501281797885895, -0.08957088738679886, 0.018587913364171982, 0.9577822685241699, 0.28689315915107727, 0.08794144541025162, -0.28739672899246216, 0.953765869140625),
            ["LeftFoot"] = CFrame.new(9.685754776000977e-08, 0, -4.470348358154297e-08, 0.9964223504066467, 0.08337751775979996, 0.013810068368911743, -0.06842386722564697, 0.891792356967926, -0.4472409784793854, -0.04960571229457855, 0.4446960687637329, 0.894307017326355),
            ["LowerTorso"] = CFrame.new(-0.22296695411205292, -0.16522955894470215, 0.06676498055458069, 0.959810197353363, 0.054298579692840576, -0.27534714341163635, -0.020631147548556328, 0.9921018481254578, 0.1237265020608902, 0.2798905670642853, -0.11307321488857269, 0.9533498287200928),
            ["RightLowerLeg"] = CFrame.new(-2.2351741790771484e-08, -0.0000035762786865234375, -0.000013133678294252604, 1, -2.7380880851524125e-07, -1.820736059698902e-07, 2.3469326038139116e-07, 0.27001357078552246, 0.9628564715385437, -1.5646217832454568e-07, -0.9628565907478333, 0.2700140178203583),
            ["LeftUpperLeg"] = CFrame.new(2.9802322387695312e-08, 2.0023435354232788e-07, -2.9802322387695312e-08, 0.9347989559173584, 0.3391715884208679, 0.10542186349630356, -0.2604272961616516, 0.8563629984855652, -0.4458925426006317, -0.24151350557804108, 0.389365017414093, 0.8888566493988037),
            ["LeftLowerLeg"] = CFrame.new(7.078051567077637e-08, 0.000003814697265625, 0.000013336539268493652, 1, 3.7252885221050747e-09, 3.725290298461914e-08, 3.9115530370281704e-08, 0.2189825028181076, 0.9757287502288818, 2.6077019654735523e-08, -0.9757288098335266, 0.21898269653320312),
        }},
        {Time = 0.069, Data = {
            ["RightFoot"] = CFrame.new(-2.2118911147117615e-08, 3.5762786865234375e-07, 1.6952981241047382e-09, 0.9981802105903625, -0.039720043540000916, -0.04537336528301239, 0.0473627969622612, 0.9821203947067261, 0.18219883739948273, 0.037325356155633926, -0.18401649594306946, 0.9822143316268921),
            ["LeftLowerArm"] = CFrame.new(-1.1920928955078125e-07, -5.960464477539063e-08, -5.960464477539063e-08, 1, -1.4901161193847656e-08, -2.2351738238057806e-08, 2.2351741790771484e-08, 0.9544119238853455, -0.29849281907081604, 1.4901161193847656e-08, 0.2984929084777832, 0.9544118642807007),
            ["RightUpperArm"] = CFrame.new(0.004712462425231934, 0.08132290840148926, 0.1585875153541565, 0.8787938952445984, 0.046720389276742935, 0.4749090373516083, -0.2654270529747009, 0.8749013543128967, 0.4050879180431366, -0.39657261967658997, -0.48204249143600464, 0.781258761882782),
            ["Head"] = CFrame.new(-1.4901161193847656e-08, -1.1920928955078125e-07, -2.123415470123291e-07, 0.985647439956665, 0.012502113357186317, 0.16835348308086395, -0.024715594947338104, 0.9971951842308044, 0.07064788788557053, -0.166998028755188, -0.07379483431577682, 0.983191728591919),
            ["RightHand"] = CFrame.new(0, -1.1920928955078125e-07, -3.725290298461914e-09, 0.9926177263259888, 0.12093033641576767, 0.009270705282688141, -0.12072759866714478, 0.9924846887588501, -0.01997458189725876, -0.011616569012403488, 0.018707918003201485, 0.9997575283050537),
            ["UpperTorso"] = CFrame.new(-2.514570951461792e-08, -5.960464477539063e-08, -9.313225746154785e-09, 0.9673560261726379, -0.07386655360460281, -0.2424175888299942, 0.13626442849636078, 0.9581368565559387, 0.2518050968647003, 0.213669091463089, -0.27661797404289246, 0.9369248151779175),
            ["HumanoidRootPart"] = CFrame.new(0, 0, 0, 1, 0, 0, 0, 1, 0, 0, 0, 1),
            ["RightUpperLeg"] = CFrame.new(-2.9802322387695312e-08, -1.4994293451309204e-07, -2.4047039914876223e-08, 0.9984100461006165, -0.05039237439632416, 0.02526114322245121, 0.03423415869474411, 0.18603210151195526, -0.9819471836090088, 0.04478303715586662, 0.9812506437301636, 0.18746118247509003),
            ["LeftUpperArm"] = CFrame.new(0.0017914175987243652, -0.018603801727294922, 0.0005775094032287598, 0.8327655792236328, 0.4624011516571045, -0.30444520711898804, -0.3786183297634125, 0.8768831491470337, 0.2961828410625458, 0.40391805768013, -0.13138233125209808, 0.9053114652633667),
            ["RightLowerArm"] = CFrame.new(-5.960464477539063e-08, 2.384185791015625e-07, -3.8743019104003906e-07, 1, -2.9802322387695312e-08, 2.2351738238057806e-08, 2.9802322387695312e-08, 0.93824303150177, -0.34597697854042053, 2.2351741790771484e-08, 0.34597688913345337, 0.93824303150177),
            ["LeftHand"] = CFrame.new(-5.960464477539063e-08, -1.7881393432617188e-07, -2.980232238769531e-07, 0.9963973760604858, -0.025725048035383224, -0.08081166446208954, 0.04834401607513428, 0.955194354057312, 0.2920044958591461, 0.06967896223068237, -0.2948593497276306, 0.9529968500137329),
            ["LeftFoot"] = CFrame.new(2.086162567138672e-07, 0, -5.960464477539063e-08, 0.9999666213989258, -0.00811473187059164, -0.0009767599403858185, 0.0068597495555877686, 0.898247241973877, -0.43943676352500916, 0.004443302750587463, 0.43941542506217957, 0.8982730507850647),
            ["LowerTorso"] = CFrame.new(-0.2297089546918869, -0.21208667755126953, 0.06657715886831284, 0.9590413570404053, 0.061624668538570404, -0.27648162841796875, -0.03478682413697243, 0.9942833185195923, 0.10094837844371796, 0.28112199902534485, -0.0871957540512085, 0.955702543258667),
            ["RightLowerLeg"] = CFrame.new(-3.3527612686157227e-08, -0.0000035762786865234375, -0.000013331118680071086, 1, -6.123445928096771e-08, -1.6315617301643215e-07, 1.8917486954705964e-07, 0.13058561086654663, 0.9914370775222778, -2.6915219564216386e-07, -0.9914370775222778, 0.13058580458164215),
            ["LeftUpperLeg"] = CFrame.new(-1.1920928955078125e-07, 2.0209699869155884e-07, 2.9802322387695312e-08, 0.9279956817626953, 0.37244167923927307, 0.01054962445050478, -0.3544894754886627, 0.89127516746521, -0.2827821671962738, -0.11472253501415253, 0.2586807906627655, 0.9591262340545654),
            ["LeftLowerLeg"] = CFrame.new(-5.587935447692871e-08, 0.000003814697265625, 0.000013232231140136719, 1, 4.470347647611561e-08, -1.1920931797249068e-07, 5.5879347371501353e-08, 0.3303758203983307, 0.9438495635986328, -1.2665985593685036e-07, -0.943849503993988, 0.3303758502006531),
        }},
        {Time = 0.103, Data = {
            ["RightFoot"] = CFrame.new(1.4528632164001465e-07, 4.172325134277344e-07, -1.3205863069742918e-08, 0.9997586607933044, 0.014560057781636715, 0.016454441472887993, -0.01718515157699585, 0.9848229289054871, 0.1727096140384674, -0.01368992030620575, -0.17295071482658386, 0.9848353862762451),
            ["LeftLowerArm"] = CFrame.new(-1.7881393432617188e-07, 0, -2.980232238769531e-07, 1, -4.4703494239684005e-08, 4.097820394122209e-08, 7.450581307466564e-08, 0.9638934135437012, -0.2662886381149292, 0, 0.2662885785102844, 0.9638933539390564),
            ["RightUpperArm"] = CFrame.new(0.004640698432922363, 0.07938337326049805, 0.15830689668655396, 0.8712678551673889, 0.0694747269153595, 0.48586586117744446, -0.2809085249900818, 0.882346510887146, 0.3775646984577179, -0.4024709165096283, -0.465443879365921, 0.788276195526123),
            ["Head"] = CFrame.new(0, -1.1920928955078125e-07, -1.2665987014770508e-07, 0.9879488945007324, 0.03184138610959053, 0.1514701396226883, -0.03769361227750778, 0.9986434578895569, 0.03592212498188019, -0.15012089908123016, -0.04119868949055672, 0.987808883190155),
            ["RightHand"] = CFrame.new(-2.9802322387695312e-08, -1.1920928955078125e-07, 6.705522537231445e-08, 0.9935263395309448, 0.10985393077135086, 0.02894056960940361, -0.10972754657268524, 0.9939441680908203, -0.005923029035329819, -0.029415961354970932, 0.0027090965304523706, 0.9995636343955994),
            ["UpperTorso"] = CFrame.new(8.847564458847046e-09, 5.960464477539063e-08, 2.7939677238464355e-09, 0.9658178687095642, -0.045784417539834976, -0.2551465630531311, 0.11009325832128525, 0.9635467529296875, 0.24383869767189026, 0.234681636095047, -0.2635936141014099, 0.9356511235237122),
            ["HumanoidRootPart"] = CFrame.new(0, 0, 0, 1, 0, 0, 0, 1, 0, 0, 0, 1),
            ["RightUpperLeg"] = CFrame.new(5.960464477539063e-08, 2.915039658546448e-07, 1.3205863069742918e-08, 0.9886234998703003, -0.1359265148639679, 0.0644012838602066, 0.0832432433962822, 0.13783396780490875, -0.9869511127471924, 0.12527602910995483, 0.9810839891433716, 0.14758063852787018),
            ["LeftUpperArm"] = CFrame.new(0.0017914772033691406, -0.01860368251800537, 0.0005776882171630859, 0.8825055360794067, 0.42962661385536194, -0.1913243979215622, -0.358050137758255, 0.8775275349617004, 0.31897610425949097, 0.30493295192718506, -0.21299448609352112, 0.9282506704330444),
            ["RightLowerArm"] = CFrame.new(5.960464477539063e-08, -4.76837158203125e-07, 4.507601261138916e-07, 1, -3.725290653733282e-08, 3.725289943190546e-08, 1.4901162970204496e-08, 0.9495841860771179, -0.31351229548454285, 7.450581485102248e-09, 0.31351223587989807, 0.9495841264724731),
            ["LeftHand"] = CFrame.new(4.470348358154297e-08, 1.1920928955078125e-07, -1.7881393432617188e-07, 0.9969866871833801, -0.011459783650934696, -0.07672187685966492, 0.03099038079380989, 0.9655147790908813, 0.2584974467754364, 0.07111383229494095, -0.26009616255760193, 0.9629605412483215),
            ["LeftFoot"] = CFrame.new(2.2351741790771484e-08, -5.960464477539063e-08, -2.9802322387695312e-08, 0.9902830123901367, -0.13853763043880463, -0.012123513035476208, 0.1255301833152771, 0.9280025362968445, -0.3507898449897766, 0.05984824150800705, 0.3458595275878906, 0.9363757371902466),
            ["LowerTorso"] = CFrame.new(-0.24249055981636047, -0.2532963752746582, 0.06590133160352707, 0.95713871717453, 0.050884246826171875, -0.2851253151893616, -0.01247550081461668, 0.9907755851745605, 0.13493743538856506, 0.28936144709587097, -0.1255967617034912, 0.9489443898200989),
            ["RightLowerLeg"] = CFrame.new(-1.4901161193847656e-08, -0.000003635883331298828, -0.000013077798939775676, 1, -2.402811674073746e-07, -2.738088653586601e-07, 2.756715389296005e-07, 0.11896273493766785, 0.9928987622261047, -2.8125947437729337e-07, -0.99289870262146, 0.11896296590566635),
            ["LeftUpperLeg"] = CFrame.new(-5.960464477539063e-08, 1.8812716007232666e-07, 4.470348358154297e-08, 0.9072306156158447, 0.4202745258808136, 0.01737440563738346, -0.41437235474586487, 0.9000638127326965, -0.1348365843296051, -0.07230648398399353, 0.11512839049100876, 0.9907155632972717),
            ["LeftLowerLeg"] = CFrame.new(6.332993507385254e-08, 0.000003933906555175781, 0.00001325779885519296, 1, 1.0430809993522416e-07, 8.940698137394065e-08, -8.940698137394065e-08, 0.5806927680969238, 0.81412273645401, 9.931319766565139e-08, -0.8141227960586548, 0.5806928277015686),
        }},
        {Time = 0.138, Data = {
            ["RightFoot"] = CFrame.new(-7.450580596923828e-08, 3.5762786865234375e-07, 1.6596459317952394e-08, 0.990051805973053, 0.10040825605392456, 0.09856828302145004, -0.1139957457780838, 0.9830460548400879, 0.1436159312725067, -0.08247702568769455, -0.15342344343662262, 0.984712541103363),
            ["LeftLowerArm"] = CFrame.new(-3.8743019104003906e-07, -1.1920928955078125e-07, -4.172325134277344e-07, 1, 3.725291186640334e-09, -2.421439049271612e-08, 3.725290653733282e-08, 0.9776818156242371, -0.21009156107902527, 2.2351745343485163e-08, 0.21009154617786407, 0.9776817560195923),
            ["RightUpperArm"] = CFrame.new(0.004638075828552246, 0.0793159008026123, 0.15829715132713318, 0.8693824410438538, 0.08542187511920929, 0.48670047521591187, -0.28581491112709045, 0.8903947472572327, 0.3542698919773102, -0.4030931293964386, -0.44710221886634827, 0.7985084056854248),
            ["Head"] = CFrame.new(-7.450580596923828e-09, 0, 1.4901161193847656e-08, 0.9866611361503601, 0.046766914427280426, 0.15592554211616516, -0.044397443532943726, 0.9988399744033813, -0.018646299839019775, -0.15661674737930298, 0.011474840342998505, 0.9875928163528442),
            ["RightHand"] = CFrame.new(-3.3527612686157227e-08, -1.1920928955078125e-07, -5.587935447692871e-08, 0.9939219951629639, 0.09858667850494385, 0.04898760840296745, -0.09899120032787323, 0.9950708746910095, 0.005894261412322521, -0.04816501587629318, -0.01070776954293251, 0.9987820386886597),
            ["UpperTorso"] = CFrame.new(-1.3504177331924438e-08, 2.9802322387695312e-08, -1.862645149230957e-08, 0.967683732509613, 0.009409401565790176, -0.25199174880981445, 0.041028086096048355, 0.9801133275032043, 0.19415104389190674, 0.24880725145339966, -0.19821548461914062, 0.9480536580085754),
            ["HumanoidRootPart"] = CFrame.new(0, 0, 0, 1, 0, 0, 0, 1, 0, 0, 0, 1),
            ["RightUpperLeg"] = CFrame.new(-2.9802322387695312e-08, 2.1560117602348328e-07, -9.145878721028566e-09, 0.982181191444397, -0.16160626709461212, 0.0959356501698494, 0.12236621230840683, 0.16246561706066132, -0.979097306728363, 0.14264212548732758, 0.9733901023864746, 0.17934583127498627),
            ["LeftUpperArm"] = CFrame.new(0.0017914175987243652, -0.01860368251800537, 0.0005776882171630859, 0.9339109659194946, 0.3390474319458008, -0.1133895292878151, -0.2810012102127075, 0.8922384977340698, 0.3534812033176422, 0.22101731598377228, -0.29825741052627563, 0.9285440444946289),
            ["RightLowerArm"] = CFrame.new(2.384185791015625e-07, 1.1920928955078125e-07, 8.754432201385498e-08, 1, 7.450582373280668e-09, 2.980232949312267e-08, 4.4703490686970326e-08, 0.9569891095161438, -0.2901241183280945, -1.1175872671742582e-08, 0.2901240885257721, 0.9569891095161438),
            ["LeftHand"] = CFrame.new(-1.2665987014770508e-07, 2.980232238769531e-07, 5.960464477539063e-08, 0.9969563484191895, 0.021337920799851418, -0.07498617470264435, -0.004483851138502359, 0.9759182333946228, 0.2180906981229782, 0.07783396542072296, -0.21709060668945312, 0.9730434417724609),
            ["LeftFoot"] = CFrame.new(-8.940696716308594e-08, -5.960464477539063e-08, -1.4901161193847656e-08, 0.9686805009841919, -0.24794813990592957, -0.013414949178695679, 0.23610422015190125, 0.9364471435546875, -0.2594640254974365, 0.07689588516950607, 0.2481703907251358, 0.9656596183776855),
            ["LowerTorso"] = CFrame.new(-0.2572591304779053, -0.2850959300994873, 0.0649077519774437, 0.9520851373672485, 0.02829631417989731, -0.304521381855011, 0.0377514511346817, 0.9772223234176636, 0.20883391797542572, 0.30349424481391907, -0.21032379567623138, 0.929330587387085),
            ["RightLowerLeg"] = CFrame.new(-4.470348358154297e-08, -0.0000035762786865234375, -0.000013470817066263407, 1, -4.172323713191872e-07, -2.831222047916526e-07, 2.8312206268310547e-07, 0.22059468924999237, 0.9753655791282654, -2.5704503059387207e-07, -0.9753656387329102, 0.2205950915813446),
            ["LeftUpperLeg"] = CFrame.new(0, 4.842877388000488e-08, -7.450580596923828e-09, 0.8834320306777954, 0.4624905288219452, 0.07516947388648987, -0.45927929878234863, 0.8864899277687073, -0.05655418336391449, -0.09279265254735947, 0.015437893569469452, 0.9955658316612244),
            ["LeftLowerLeg"] = CFrame.new(1.471489667892456e-07, 0.000004172325134277344, 0.00001325458288192749, 1, 1.1920927533992653e-07, 8.195637946073475e-08, -1.0710211029163474e-07, 0.7829861044883728, 0.6220391988754272, 6.705523247774181e-08, -0.6220391988754272, 0.782986044883728),
        }},
        {Time = 0.172, Data = {
            ["RightFoot"] = CFrame.new(4.470348358154297e-08, 3.5762786865234375e-07, 1.0227813618257642e-07, 0.9692091941833496, 0.19362574815750122, 0.15212766826152802, -0.21174556016921997, 0.9707076549530029, 0.11353583633899689, -0.12568801641464233, -0.14225229620933533, 0.9818181395530701),
            ["LeftLowerArm"] = CFrame.new(2.682209014892578e-07, -2.980232238769531e-07, 0, 1, 8.381904059717726e-09, 3.9115551686563776e-08, 0, 0.9848155975341797, -0.1736041158437729, 7.450581485102248e-09, 0.17360413074493408, 0.9848155975341797),
            ["RightUpperArm"] = CFrame.new(0.004672884941101074, 0.08025228977203369, 0.15843266248703003, 0.8739601373672485, 0.09600295126438141, 0.4764213263988495, -0.282539427280426, 0.897980272769928, 0.33734703063964844, -0.3954305648803711, -0.4294356107711792, 0.8119234442710876),
            ["Head"] = CFrame.new(-2.2817403078079224e-08, 0, -5.21540641784668e-08, 0.9825372099876404, 0.05292941629886627, 0.1783793568611145, -0.038626186549663544, 0.9958234429359436, -0.0827263742685318, -0.18201300501823425, 0.07439161837100983, 0.980478048324585),
            ["RightHand"] = CFrame.new(5.029141902923584e-08, -2.980232238769531e-07, -2.9802322387695312e-08, 0.9940581321716309, 0.08586420863866806, 0.066901296377182, -0.08704353868961334, 0.9960929751396179, 0.014911070466041565, -0.06535956263542175, -0.020645763725042343, 0.9976481795310974),
            ["UpperTorso"] = CFrame.new(-5.587935447692871e-09, -2.384185791015625e-07, -7.078051567077637e-08, 0.9687842726707458, 0.07203283160924911, -0.23720932006835938, -0.04033627361059189, 0.989905834197998, 0.13586559891700745, 0.24460172653198242, -0.12205630540847778, 0.9619107842445374),
            ["HumanoidRootPart"] = CFrame.new(0, 0, 0, 1, 0, 0, 0, 1, 0, 0, 0, 1),
            ["RightUpperLeg"] = CFrame.new(0, -9.831273928284645e-08, 3.55576048605144e-08, 0.98233562707901, -0.14276616275310516, 0.12097330391407013, 0.1539868265390396, 0.2494066059589386, -0.9560776352882385, 0.10632401704788208, 0.9578174352645874, 0.26698511838912964),
            ["LeftUpperArm"] = CFrame.new(0.0017913579940795898, -0.01860332489013672, 0.0005776286125183105, 0.9720602035522461, 0.22470209002494812, -0.0678834542632103, -0.18010686337947845, 0.899441123008728, 0.3982052206993103, 0.15053468942642212, -0.37485307455062866, 0.9147811532020569),
            ["RightLowerArm"] = CFrame.new(0, 0, 9.313225746154785e-09, 1, 2.980232594040899e-08, -2.2351747119842003e-08, 5.960465188081798e-08, 0.9615864753723145, -0.2745024561882019, -1.210719524635806e-08, 0.27450239658355713, 0.9615864753723145),
            ["LeftHand"] = CFrame.new(-1.8440186977386475e-07, 0, 1.7881393432617188e-07, 0.9968245029449463, 0.033945705741643906, -0.07203269749879837, -0.018826724961400032, 0.9794069528579712, 0.20101630687713623, 0.07737299054861069, -0.19902189075946808, 0.9769359827041626),
            ["LeftFoot"] = CFrame.new(1.4901161193847656e-07, 5.960464477539063e-08, 0, 0.9589700698852539, -0.28349554538726807, -0.0026240500155836344, 0.26880526542663574, 0.9121421575546265, -0.30941954255104065, 0.0901125967502594, 0.29601845145225525, 0.9509220719337463),
            ["LowerTorso"] = CFrame.new(-0.26898565888404846, -0.30742359161376953, 0.06387277692556381, 0.9442903995513916, 0.0033224846702069044, -0.3290969431400299, 0.09693103283643723, 0.9527885913848877, 0.28774696588516235, 0.3145158588886261, -0.30361637473106384, 0.8993869423866272),
            ["RightLowerLeg"] = CFrame.new(4.470348358154297e-08, -0.000003814697265625, -0.000013219359971117228, 1, -2.2351738948600541e-07, -1.6391281576488836e-07, 2.682209014892578e-07, 0.40944457054138184, 0.9123348593711853, -5.029141902923584e-08, -0.9123349785804749, 0.4094448685646057),
            ["LeftUpperLeg"] = CFrame.new(-5.960464477539063e-08, -2.2677704691886902e-07, 1.4901161193847656e-08, 0.8606322407722473, 0.5038852691650391, 0.07356494665145874, -0.4933972656726837, 0.8608713746070862, -0.12433777004480362, -0.12598201632499695, 0.07071245461702347, 0.9895091652870178),
            ["LeftLowerLeg"] = CFrame.new(2.477318048477173e-07, 0.000003814697265625, 0.000013250857591629028, 1, 1.4901162614933128e-07, 5.215405707303944e-08, -1.2014064054710616e-07, 0.7713757753372192, 0.6363801956176758, 5.960465898624534e-08, -0.6363800764083862, 0.7713755369186401),
        }},
        {Time = 0.207, Data = {
            ["RightFoot"] = CFrame.new(8.195638656616211e-08, 3.5762786865234375e-07, -3.892637323588133e-09, 0.950965404510498, 0.2628958225250244, 0.16294439136981964, -0.2839600741863251, 0.950911283493042, 0.12302219867706299, -0.12260385602712631, -0.1632595956325531, 0.9789354801177979),
            ["LeftLowerArm"] = CFrame.new(5.960464477539063e-08, 5.960464477539063e-08, -2.980232238769531e-07, 1, -1.4901161193847656e-08, 2.6077035641947077e-08, 2.980232594040899e-08, 0.9870344400405884, -0.16050885617733002, -1.4901162970204496e-08, 0.1605088859796524, 0.9870344400405884),
            ["RightUpperArm"] = CFrame.new(0.004712581634521484, 0.08132278919219971, 0.1585875153541565, 0.8852207064628601, 0.10267005115747452, 0.4536994695663452, -0.2733229994773865, 0.9040154218673706, 0.3287109434604645, -0.37640252709388733, -0.41498810052871704, 0.8283151388168335),
            ["Head"] = CFrame.new(3.725290298461914e-09, 1.1920928955078125e-07, 1.6763806343078613e-07, 0.9752308130264282, 0.045990727841854095, 0.21635587513446808, -0.014461291953921318, 0.989309549331665, -0.14511257410049438, -0.22071681916713715, 0.1383894830942154, 0.9654700756072998),
            ["RightHand"] = CFrame.new(1.4901161193847656e-08, 2.980232238769531e-07, -1.4156103134155273e-07, 0.9942852258682251, 0.0704851970076561, 0.08018073439598083, -0.07234660536050797, 0.9971678853034973, 0.020548861473798752, -0.07850529998540878, -0.026232179254293442, 0.996568500995636),
            ["UpperTorso"] = CFrame.new(7.450580596923828e-09, 2.682209014892578e-07, 9.685754776000977e-08, 0.970350980758667, 0.11815224587917328, -0.21085333824157715, -0.09859704971313477, 0.9899889826774597, 0.1009976714849472, 0.22067558765411377, -0.07721363008022308, 0.9722861647605896),
            ["HumanoidRootPart"] = CFrame.new(0, 0, 0, 1, 0, 0, 0, 1, 0, 0, 0, 1),
            ["RightUpperLeg"] = CFrame.new(5.960464477539063e-08, 2.7636997401714325e-07, 1.6221747500821948e-07, 0.9829750657081604, -0.10791025310754776, 0.14871272444725037, 0.17899304628372192, 0.37961888313293457, -0.9076625108718872, 0.04149205982685089, 0.9188280701637268, 0.39247092604637146),
            ["LeftUpperArm"] = CFrame.new(0.0017915964126586914, -0.01860344409942627, 0.0005777478218078613, 0.9914168119430542, 0.11406726390123367, -0.06388552486896515, -0.07391361892223358, 0.8920873403549194, 0.4457770884037018, 0.1078399047255516, -0.43722882866859436, 0.8928614854812622),
            ["RightLowerArm"] = CFrame.new(1.1920928955078125e-07, -1.7881393432617188e-07, 4.470348358154297e-08, 1, -1.4901161193847656e-08, 1.4901162970204496e-08, 7.450581307466564e-08, 0.9641634821891785, -0.2653089165687561, -2.2351745343485163e-08, 0.26530882716178894, 0.9641634821891785),
            ["LeftHand"] = CFrame.new(-1.341104507446289e-07, -5.960464477539063e-08, -2.9802322387695312e-08, 0.9968869090080261, 0.031342145055532455, -0.0723479613661766, -0.016948560252785683, 0.9813284873962402, 0.1915910392999649, 0.07700202614068985, -0.1897684633731842, 0.9788047075271606),
            ["LeftFoot"] = CFrame.new(1.4901161193847656e-08, 0, -1.4901161193847656e-08, 0.9549649357795715, -0.29667726159095764, 0.004957260098308325, 0.27597013115882874, 0.8819255828857422, -0.38216206431388855, 0.10900682955980301, 0.366319477558136, 0.9240821599960327),
            ["LowerTorso"] = CFrame.new(-0.2726413309574127, -0.3202176094055176, 0.06307277828454971, 0.9362654089927673, -0.017063161358237267, -0.350879043340683, 0.14441683888435364, 0.9292097091674805, 0.34016624093055725, 0.320235937833786, -0.36915871500968933, 0.8724510669708252),
            ["RightLowerLeg"] = CFrame.new(7.450580596923828e-09, -0.0000037550926208496094, -0.000013450327969621867, 1, -2.1234149016891024e-07, -3.725291186640334e-09, 1.4901159772762185e-07, 0.644075334072113, 0.7649617195129395, -1.8626449271863521e-09, -0.7649620175361633, 0.6440757513046265),
            ["LeftUpperLeg"] = CFrame.new(0, 2.60770320892334e-07, 1.1175870895385742e-07, 0.838420569896698, 0.5431687831878662, 0.04492933675646782, -0.5236575603485107, 0.8256660103797913, -0.2099008411169052, -0.15110816061496735, 0.15245768427848816, 0.9766898155212402),
            ["LeftLowerLeg"] = CFrame.new(-1.1548399925231934e-07, 0.000003993511199951172, 0.000013247132301330566, 1, 7.450579886381092e-08, 3.725289943190546e-08, -1.3888346472867852e-07, 0.6945271492004395, 0.7194664478302002, 4.8428766774577525e-08, -0.7194665670394897, 0.6945273280143738),
        }},
        {Time = 0.241, Data = {
            ["RightFoot"] = CFrame.new(-8.568167686462402e-08, 4.172325134277344e-07, -2.029992174357176e-09, 0.9418324828147888, 0.3005264103412628, 0.15045128762722015, -0.32491999864578247, 0.9286342859268188, 0.17906823754310608, -0.08589958399534225, -0.21753674745559692, 0.9722648859024048),
            ["LeftLowerArm"] = CFrame.new(3.2782554626464844e-07, -3.5762786865234375e-07, -2.682209014892578e-07, 1, 1.4901161193847656e-08, -1.4901159417490817e-08, 1.4901161193847656e-08, 0.9863380789756775, -0.16473376750946045, 0, 0.16473382711410522, 0.9863380789756775),
            ["RightUpperArm"] = CFrame.new(0.004731893539428711, 0.08184266090393066, 0.15866297483444214, 0.901992917060852, 0.1066458448767662, 0.41837233304977417, -0.2598009407520294, 0.9080116152763367, 0.3286617398262024, -0.3448364734649658, -0.40514397621154785, 0.8467267155647278),
            ["Head"] = CFrame.new(3.3527612686157227e-08, 0, 1.5273690223693848e-07, 0.9637241363525391, 0.02375238761305809, 0.26584145426750183, 0.029703617095947266, 0.9802998304367065, -0.19526898860931396, -0.26524239778518677, 0.19608189165592194, 0.9440330862998962),
            ["RightHand"] = CFrame.new(7.450580596923828e-08, 1.7881393432617188e-07, 1.7136335372924805e-07, 0.9948497414588928, 0.051965340971946716, 0.0870266780257225, -0.05411754548549652, 0.9982798099517822, 0.02255486696958542, -0.08570491522550583, -0.027148418128490448, 0.9959506392478943),
            ["UpperTorso"] = CFrame.new(1.862645149230957e-09, -2.9802322387695312e-08, 5.960464477539063e-08, 0.9770222902297974, 0.12754927575588226, -0.1707591861486435, -0.1093064621090889, 0.987642765045166, 0.11231152713298798, 0.18297426402568817, -0.09106574952602386, 0.9788910150527954),
            ["HumanoidRootPart"] = CFrame.new(0, 0, 0, 1, 0, 0, 0, 1, 0, 0, 0, 1),
            ["RightUpperLeg"] = CFrame.new(0, -3.3993273973464966e-07, 3.55576048605144e-08, 0.9803251028060913, -0.0943644642829895, 0.1733730286359787, 0.19669507443904877, 0.5406419038772583, -0.8179347515106201, -0.01654866151511669, 0.8359436392784119, 0.5485659837722778),
            ["LeftUpperArm"] = CFrame.new(0.001791536808013916, -0.01860368251800537, 0.0005776882171630859, 0.9940683841705322, 0.028872232884168625, -0.1048547774553299, 0.025969937443733215, 0.8732116222381592, 0.4866489768028259, 0.1056109368801117, -0.4864853620529175, 0.8672822117805481),
            ["RightLowerArm"] = CFrame.new(-2.9802322387695312e-08, 1.1920928955078125e-07, 2.123415470123291e-07, 1, -2.9802322387695312e-08, 0, 5.960464477539063e-08, 0.9653432369232178, -0.2609838545322418, 2.2351741790771484e-08, 0.26098382472991943, 0.965343177318573),
            ["LeftHand"] = CFrame.new(8.940696716308594e-08, 1.1920928955078125e-07, 2.5331974029541016e-07, 0.9963248372077942, 0.02646833471953869, -0.08146406710147858, -0.012428374961018562, 0.9856662154197693, 0.16824927926063538, 0.084749735891819, -0.1666184663772583, 0.982372522354126),
            ["LeftFoot"] = CFrame.new(4.470348358154297e-08, -1.1920928955078125e-07, 4.470348358154297e-08, 0.9379792213439941, -0.3466896116733551, -0.0012157188029959798, 0.3249651789665222, 0.8804145455360413, -0.34535205364227295, 0.1208002045750618, 0.3235377073287964, 0.9384725093841553),
            ["LowerTorso"] = CFrame.new(-0.2642204463481903, -0.323344349861145, 0.06271101534366608, 0.9317286610603333, -0.02975628897547722, -0.3619340658187866, 0.1644681692123413, 0.9231453537940979, 0.3474951386451721, 0.32377758622169495, -0.38329780101776123, 0.8650149703025818),
            ["RightLowerLeg"] = CFrame.new(2.2351741790771484e-08, -0.000003516674041748047, -0.000013534612662624568, 1, -2.6263299446327437e-07, -5.587935447692871e-08, 2.0116560506266978e-07, 0.8520748615264893, 0.5234200358390808, -3.0733634304169755e-08, -0.5234200954437256, 0.8520748615264893),
            ["LeftUpperLeg"] = CFrame.new(0, -1.862645149230957e-09, 1.341104507446289e-07, 0.8169637322425842, 0.5737528204917908, 0.058122359216213226, -0.5550682544708252, 0.809669017791748, -0.19061806797981262, -0.15642748773097992, 0.1234661266207695, 0.9799421429634094),
            ["LeftLowerLeg"] = CFrame.new(-1.1175870895385742e-07, 0.000003933906555175781, 0.000013329088687896729, 1, 1.4901162970204496e-08, -2.9802322387695312e-08, 7.310882921274242e-08, 0.7252260446548462, 0.6885110139846802, -1.4156104555240745e-07, -0.6885108947753906, 0.7252258658409119),
        }},
        {Time = 0.276, Data = {
            ["RightFoot"] = CFrame.new(-5.029141902923584e-08, 2.384185791015625e-07, -2.029992174357176e-09, 0.9341374039649963, 0.3286065459251404, 0.13930261135101318, -0.34548187255859375, 0.930492639541626, 0.12176137417554855, -0.08960855007171631, -0.16186822950839996, 0.9827354550361633),
            ["LeftLowerArm"] = CFrame.new(-2.9802322387695312e-08, -4.172325134277344e-07, 3.5762786865234375e-07, 1, -4.470348358154297e-08, 2.9802318834981634e-08, 7.450580596923828e-08, 0.9835119247436523, -0.18084341287612915, -7.450580596923828e-08, 0.18084335327148438, 0.9835119247436523),
            ["RightUpperArm"] = CFrame.new(0.004732608795166016, 0.08186054229736328, 0.15866532921791077, 0.9201317429542542, 0.10761737078428268, 0.37653177976608276, -0.24234294891357422, 0.9117541909217834, 0.33162370324134827, -0.30761590600013733, -0.3963872194290161, 0.8650143146514893),
            ["Head"] = CFrame.new(-2.2351741790771484e-08, 1.1920928955078125e-07, 6.332993507385254e-08, 0.9493376016616821, -0.005756420083343983, 0.3142055571079254, 0.08161268383264542, 0.9700434803962708, -0.22881214320659637, -0.303475946187973, 0.24286308884620667, 0.9213684797286987),
            ["RightHand"] = CFrame.new(2.9802322387695312e-08, 0, -9.685754776000977e-08, 0.995557427406311, 0.03263077512383461, 0.08832225948572159, -0.03471292927861214, 0.9991521239280701, 0.022141460329294205, -0.08752486854791641, -0.025109004229307175, 0.9958457946777344),
            ["UpperTorso"] = CFrame.new(2.7939677238464355e-08, 2.9802322387695312e-08, -4.470348358154297e-08, 0.986993134021759, 0.10495986044406891, -0.12177084386348724, -0.08540071547031403, 0.9840578436851501, 0.15600326657295227, 0.13620364665985107, -0.1435748040676117, 0.9802218675613403),
            ["HumanoidRootPart"] = CFrame.new(0, 0, 0, 1, 0, 0, 0, 1, 0, 0, 0, 1),
            ["RightUpperLeg"] = CFrame.new(1.1920928955078125e-07, 1.30385160446167e-07, -5.3849362302571535e-08, 0.9750922322273254, -0.08788140118122101, 0.20364701747894287, 0.2168065905570984, 0.5713809728622437, -0.7915292978286743, -0.046799108386039734, 0.8159660696983337, 0.5762025713920593),
            ["LeftUpperArm"] = CFrame.new(0.0017914175987243652, -0.01860368251800537, 0.0005775690078735352, 0.9847420454025269, -0.028385896235704422, -0.17168991267681122, 0.11409464478492737, 0.850276529788971, 0.5138213634490967, 0.13139858841896057, -0.5255704522132874, 0.8405416011810303),
            ["RightLowerArm"] = CFrame.new(-1.7881393432617188e-07, -2.384185791015625e-07, -8.940696716308594e-08, 1, -4.470348358154297e-08, -1.4901159417490817e-08, -1.4901161193847656e-08, 0.965855062007904, -0.2590831518173218, -7.450580596923828e-09, 0.2590831518173218, 0.965855062007904),
            ["LeftHand"] = CFrame.new(-7.450580596923828e-08, 1.1920928955078125e-07, -4.470348358154297e-08, 0.9951686859130859, 0.021245911717414856, -0.0958540141582489, -0.008321509696543217, 0.9910449981689453, 0.1332692801952362, 0.09782718122005463, -0.1318276971578598, 0.9864336848258972),
            ["LeftFoot"] = CFrame.new(2.9802322387695312e-08, 0, 1.1920928955078125e-07, 0.909801721572876, -0.4144698977470398, -0.021812403574585915, 0.39936959743499756, 0.8885401487350464, -0.22583246231079102, 0.11298201978206635, 0.1967514306306839, 0.9739218950271606),
            ["LowerTorso"] = CFrame.new(-0.24380935728549957, -0.3163796663284302, 0.06269848346710205, 0.9321341514587402, -0.03538365662097931, -0.36038026213645935, 0.15983888506889343, 0.9332180023193359, 0.32180067896842957, 0.32492688298225403, -0.35756418108940125, 0.8755400776863098),
