return {
    ["C R A B V I B E"] = {
        {Time = 0.000, Data = {
            ["LeftFoot"] = CFrame.new(-1.0011717677116394e-08, -5.960464477539063e-08, 1.210719347000122e-08, 0.9123279452323914, 0.03303748741745949, -0.40812572836875916, -0.20742768049240112, 0.8966680765151978, -0.39110127091407776, 0.35303208231925964, 0.44146913290023804, 0.8249079585075378),
            ["LeftLowerArm"] = CFrame.new(-0.0000010132789611816406, 7.152557373046875e-07, 5.662441253662109e-07, 1, -2.561136858147961e-09, 2.2351738238057806e-08, 2.2351748896198842e-08, 0.9721048474311829, -0.234546959400177, -1.8626458597736928e-08, 0.2345469743013382, 0.9721047878265381),
            ["LowerTorso"] = CFrame.new(0.016662903130054474, -0.15611982345581055, -0.08992382138967514, 0.9889395236968994, 0.09175314754247665, -0.11653318256139755, -0.0859125405550003, 0.9948273301124573, 0.054201025515794754, 0.12090349197387695, -0.04358987882733345, 0.9917067885398865),
            ["Head"] = CFrame.new(-5.820766091346741e-11, 5.960464477539062e-07, -5.0873495638370514e-08, 0.9896896481513977, 0.1190362200140953, 0.07965529710054398, -0.11756631731987, 0.992800772190094, -0.02291210927069187, -0.0818091481924057, 0.013311139307916164, 0.996559202671051),
            ["RightUpperArm"] = CFrame.new(2.384185791015625e-07, 0.0000019073486328125, -1.9371509552001953e-07, 0.7652913928031921, -0.3752185106277466, 0.5230107307434082, 0.27979227900505066, 0.9256628155708313, 0.2546854615211487, -0.5796943306922913, -0.04857421666383743, 0.8133849501609802),
            ["UpperTorso"] = CFrame.new(1.3969838619232178e-08, -5.662441253662109e-07, 1.0617077350616455e-07, 0.9908667206764221, -0.12253539264202118, 0.0562874861061573, 0.12861421704292297, 0.9842283129692078, -0.12146230041980743, -0.04051629453897476, 0.12759234011173248, 0.9909988045692444),
            ["HumanoidRootPart"] = CFrame.new(0, 0, 0, 1, 0, 0, 0, 1, 0, 0, 0, 1),
            ["RightHand"] = CFrame.new(-0.0000012069940567016602, 2.384185791015625e-07, -2.8673093765974045e-07, 0.9897134304046631, 0.11083558201789856, -0.09045899659395218, -0.12534768879413605, 0.9765802025794983, -0.17486897110939026, 0.06895875930786133, 0.1844090074300766, 0.9804275035858154),
            ["LeftUpperArm"] = CFrame.new(-1.1920928955078125e-07, 9.5367431640625e-07, 5.21540641784668e-08, 0.5783954858779907, 0.23779504001140594, -0.7803282737731934, -0.13913586735725403, 0.9713108539581299, 0.19286413490772247, 0.8038034439086914, -0.00298011745326221, 0.5948876142501831),
            ["RightLowerArm"] = CFrame.new(-6.258487701416016e-07, 5.364418029785156e-07, 1.9371509552001953e-07, 1, -7.450577044210149e-09, 3.985769225778313e-08, 1.5832483768463135e-08, 0.9730390310287476, -0.23064033687114716, -2.2351741790771484e-08, 0.23064033687114716, 0.9730391502380371),
            ["LeftHand"] = CFrame.new(-7.748603820800781e-07, -2.980232238769531e-07, -5.960464477539063e-08, 0.9949376583099365, 0.019094575196504593, 0.09866344183683395, -0.01483525987714529, 0.9989334940910339, -0.04372451826930046, -0.09939311444759369, 0.04203951358795166, 0.9941598176956177),
            ["RightUpperLeg"] = CFrame.new(5.960464477539063e-08, 2.5157351046800613e-07, -1.0077201295644045e-08, 0.7506373524665833, -0.5656579732894897, -0.3414304852485657, 0.2635337710380554, 0.7302001118659973, -0.6303632259368896, 0.6058825850486755, 0.3831956088542938, 0.6971854567527771),
            ["LeftUpperLeg"] = CFrame.new(-5.960464477539063e-08, 2.1420419216156006e-08, 4.6566128730773926e-09, 0.8169970512390137, 0.051817819476127625, 0.5743091106414795, 0.1108817532658577, 0.963250994682312, -0.24464812874794006, -0.5658808946609497, 0.2635572552680969, 0.7812275290489197),
            ["RightLowerLeg"] = CFrame.new(5.960464477539063e-08, -0.00012254714965820312, -0.0000775141452322714, 1, -1.0803340444454079e-07, -5.960463056453591e-08, 1.3411040811206476e-07, 0.7276291847229004, 0.68597012758255, 1.4901155864777138e-08, -0.6859707832336426, 0.7276296615600586),
            ["RightFoot"] = CFrame.new(-7.636845111846924e-08, 2.980232238769531e-07, 1.6952981241047382e-09, 0.8968936204910278, 0.22175005078315735, -0.3826344907283783, -0.26549917459487915, 0.9619269371032715, -0.06485895067453384, 0.353683739900589, 0.15976101160049438, 0.9216203689575195),
            ["LeftLowerLeg"] = CFrame.new(-9.313225746154785e-10, 0.00012242794036865234, 0.00007739663124084473, 1, 2.607702853651972e-08, 2.188606984532271e-08, -5.774199252073231e-08, 0.7648079991340637, 0.6442579030990601, 4.540196840707722e-08, -0.6442583203315735, 0.7648082971572876),
        }},
        {Time = 0.033, Data = {
            ["LeftFoot"] = CFrame.new(6.891787052154541e-08, 0, 4.563480615615845e-08, 0.9097728133201599, 0.040947627276182175, -0.4130823016166687, -0.22064542770385742, 0.890604555606842, -0.3976667523384094, 0.35160934925079346, 0.4529312252998352, 0.8192827105522156),
            ["LeftLowerArm"] = CFrame.new(-0.0000011324882507324219, 5.960464477539062e-07, 4.172325134277344e-07, 1, -3.725290298461914e-09, -2.7939673685750677e-08, 4.4703497792397684e-08, 0.9757932424545288, -0.21869544684886932, -4.284085264316673e-08, 0.21869544684886932, 0.9757932424545288),
            ["LowerTorso"] = CFrame.new(0.004843748174607754, -0.1605367660522461, -0.0877576693892479, 0.9904538989067078, 0.08373883366584778, -0.10949379950761795, -0.07869915664196014, 0.9956651926040649, 0.04957304522395134, 0.11317034065723419, -0.04048275202512741, 0.9927505254745483),
            ["Head"] = CFrame.new(-7.916241884231567e-09, -1.1920928955078125e-07, -3.073364496231079e-08, 0.9871487617492676, 0.1392936259508133, 0.07832400500774384, -0.13890179991722107, 0.9902510643005371, -0.010455034673213959, -0.07901670783758163, -0.00055863888701424, 0.996873140335083),
            ["RightUpperArm"] = CFrame.new(-5.960464477539063e-08, 0.0000011920928955078125, -1.1175870895385742e-07, 0.7328606247901917, -0.38165268301963806, 0.5632553696632385, 0.2928222417831421, 0.9241877794265747, 0.24521876871585846, -0.6141420602798462, -0.014777468517422676, 0.789057195186615),
            ["UpperTorso"] = CFrame.new(5.8673322200775146e-08, -6.556510925292969e-07, 1.3737007975578308e-07, 0.9894050359725952, -0.1332397162914276, 0.05766354128718376, 0.13868224620819092, 0.9848772883415222, -0.10384596884250641, -0.04295508563518524, 0.11074262857437134, 0.992920458316803),
            ["HumanoidRootPart"] = CFrame.new(0, 0, 0, 1, 0, 0, 0, 1, 0, 0, 0, 1),
            ["RightHand"] = CFrame.new(-0.0000017881393432617188, 4.172325134277344e-07, -8.940696716308594e-08, 0.9900766015052795, 0.10743536055088043, -0.09058748930692673, -0.12150407582521439, 0.9783207774162292, -0.16770616173744202, 0.07060597836971283, 0.17704865336418152, 0.9816662669181824),
            ["LeftUpperArm"] = CFrame.new(-2.384185791015625e-07, 1.1920928955078125e-07, 8.940696716308594e-08, 0.5510604977607727, 0.2607384920120239, -0.7926838994026184, -0.17344330251216888, 0.9649732708930969, 0.196834996342659, 0.8162412643432617, 0.029017724096775055, 0.5769820213317871),
            ["RightLowerArm"] = CFrame.new(5.960464477539063e-08, 0, -7.450580596923828e-08, 1, -2.2351748896198842e-08, 1.7695128917694092e-08, 7.450583261459087e-09, 0.9751781225204468, -0.22142215073108673, 5.96046660916727e-08, 0.22142216563224792, 0.975178062915802),
            ["LeftHand"] = CFrame.new(-0.0000010728836059570312, 0, 1.4901161193847656e-08, 0.995071530342102, 0.005207250826060772, 0.09902288764715195, -0.0021046644542366266, 0.9995043873786926, -0.031410787254571915, -0.09913744032382965, 0.03104761242866516, 0.9945892691612244),
            ["RightUpperLeg"] = CFrame.new(0, -4.631001502275467e-07, 1.925945980474353e-08, 0.753638505935669, -0.5623071789741516, -0.3403523862361908, 0.26951155066490173, 0.7366442084312439, -0.6202572584152222, 0.599493682384491, 0.3757206201553345, 0.7067115306854248),
            ["LeftUpperLeg"] = CFrame.new(8.940696716308594e-08, -2.1047890186309814e-07, 2.3283064365386963e-09, 0.8182024955749512, 0.059256412088871, 0.571868360042572, 0.11026180535554886, 0.9600377082824707, -0.2572355568408966, -0.5642578601837158, 0.27352601289749146, 0.7789713740348816),
            ["RightLowerLeg"] = CFrame.new(-1.4901161193847656e-08, -0.0001221299171447754, -0.00007746944174868986, 1, -1.2293453721667902e-07, -8.195639367158947e-08, 1.3411046495548362e-07, 0.7333818078041077, 0.679816722869873, -1.4901162970204496e-08, -0.6798170208930969, 0.7333821058273315),
            ["RightFoot"] = CFrame.new(1.862645149230957e-09, 3.5762786865234375e-07, -4.300818545743823e-08, 0.8900212049484253, 0.22974535822868347, -0.393801748752594, -0.27184590697288513, 0.9608334302902222, -0.05383901298046112, 0.3660084903240204, 0.1549716293811798, 0.9176173806190491),
            ["LeftLowerLeg"] = CFrame.new(5.960464477539063e-08, 0.00012242794036865234, 0.00007733702659606934, 1, 6.332992796842518e-08, -7.916241884231567e-09, -6.891787052154541e-08, 0.7481853365898132, 0.6634897589683533, 2.3283064365386963e-08, -0.663489818572998, 0.748185396194458),
        }},
        {Time = 0.067, Data = {
            ["LeftFoot"] = CFrame.new(-1.3969838619232178e-09, -5.960464477539063e-08, -2.1420419216156006e-08, 0.9073071479797363, 0.05000356212258339, -0.417484849691391, -0.234543114900589, 0.8842642307281494, -0.403814435005188, 0.3489745855331421, 0.46430206298828125, 0.8140271902084351),
            ["LeftLowerArm"] = CFrame.new(-0.0000014901161193847656, 8.344650268554688e-07, -1.4901161193847656e-07, 1, -4.0046874261179255e-08, 3.725291186640334e-09, 2.980233659855003e-08, 0.9783677458763123, -0.20687350630760193, -5.58793811222813e-09, 0.20687350630760193, 0.978367805480957),
            ["LowerTorso"] = CFrame.new(-0.00596620561555028, -0.162384033203125, -0.08259635418653488, 0.9927321672439575, 0.06724396347999573, -0.0998055562376976, -0.06309773027896881, 0.9970309734344482, 0.04413740709424019, 0.10247719287872314, -0.03751912713050842, 0.9940275549888611),
            ["Head"] = CFrame.new(9.19681042432785e-09, 9.5367431640625e-07, 2.0954757928848267e-08, 0.9846906661987305, 0.15692740678787231, 0.07588282972574234, -0.1576111763715744, 0.987496554851532, 0.003070248756557703, -0.07445219159126282, -0.014983201399445534, 0.9971120357513428),
            ["RightUpperArm"] = CFrame.new(-2.384185791015625e-07, 0.0000017881393432617188, -1.1175870895385742e-07, 0.6847307085990906, -0.3889566957950592, 0.6163250207901001, 0.3255562484264374, 0.9198536276817322, 0.21882089972496033, -0.6520406603813171, 0.05081505700945854, 0.7564793229103088),
            ["UpperTorso"] = CFrame.new(4.842877388000488e-08, -5.662441253662109e-07, 1.1557131074368954e-07, 0.9890867471694946, -0.13586030900478363, 0.05700451508164406, 0.14040245115756989, 0.9864259958267212, -0.08515235036611557, -0.04466187581419945, 0.09222663193941116, 0.9947359561920166),
            ["HumanoidRootPart"] = CFrame.new(0, 0, 0, 1, 0, 0, 0, 1, 0, 0, 0, 1),
            ["RightHand"] = CFrame.new(-0.0000011622905731201172, 6.556510925292969e-07, -2.60770320892334e-07, 0.9885423183441162, 0.11957507580518723, -0.09211961925029755, -0.1336546391248703, 0.9770182371139526, -0.1660478115081787, 0.07014743983745575, 0.1764574497938156, 0.9818055629730225),
            ["LeftUpperArm"] = CFrame.new(-2.384185791015625e-07, 7.152557373046875e-07, 1.341104507446289e-07, 0.5008174777030945, 0.2879388630390167, -0.816255509853363, -0.231761634349823, 0.9532203078269958, 0.19405561685562134, 0.8339475393295288, 0.09199021011590958, 0.544122576713562),
            ["RightLowerArm"] = CFrame.new(-7.152557373046875e-07, 0.0000010132789611816406, 1.1920928955078125e-07, 1, 1.4901161193847656e-08, 3.725290298461914e-08, 3.72529100900465e-08, 0.9783003330230713, -0.20719212293624878, -1.4901164746561335e-08, 0.20719216763973236, 0.9783003330230713),
            ["LeftHand"] = CFrame.new(-3.5762786865234375e-07, -2.980232238769531e-07, 2.9802322387695312e-08, 0.9922065138816833, -0.0726948156952858, 0.10120124369859695, 0.07520928978919983, 0.996941328048706, -0.021251751109957695, -0.09934679418802261, 0.028697440400719643, 0.994638979434967),
            ["RightUpperLeg"] = CFrame.new(0, 1.859152689576149e-07, 2.3501343093812466e-09, 0.7628180384635925, -0.545633852481842, -0.34697628021240234, 0.26963716745376587, 0.7561430931091309, -0.5962746739387512, 0.5877111554145813, 0.36129122972488403, 0.7239227294921875),
            ["LeftUpperLeg"] = CFrame.new(0, 1.3969838619232178e-08, -2.2031599655747414e-08, 0.8220227956771851, 0.07593859732151031, 0.5643687844276428, 0.10342754423618317, 0.9546752572059631, -0.27910202741622925, -0.5599833726882935, 0.28779950737953186, 0.7769104838371277),
            ["RightLowerLeg"] = CFrame.new(-4.470348358154297e-08, -0.00012230873107910156, -0.00007760355219943449, 1, -1.3411042232291948e-07, -9.12696123123169e-08, 5.960463766996327e-08, 0.7520864605903625, 0.6590641140937805, 4.470347647611561e-08, -0.6590644121170044, 0.7520868182182312),
            ["RightFoot"] = CFrame.new(-4.842877388000488e-08, 4.172325134277344e-07, 1.0041549103334546e-07, 0.8792953491210938, 0.23722821474075317, -0.412992388010025, -0.2755259573459625, 0.9606634974479675, -0.03480067104101181, 0.3884909152984619, 0.1443905383348465, 0.910069465637207),
            ["LeftLowerLeg"] = CFrame.new(4.470348358154297e-08, 0.00012230873107910156, 0.00007739663124084473, 1, 5.02914261346632e-08, 1.0244550985305523e-08, -7.4505820180093e-08, 0.7274572253227234, 0.6861531138420105, -3.8184236217375656e-08, -0.6861531138420105, 0.7274572849273682),
        }},
        {Time = 0.100, Data = {
            ["LeftFoot"] = CFrame.new(-6.752088665962219e-08, -5.960464477539063e-08, -9.313225746154785e-10, 0.9040384888648987, 0.06085040792822838, -0.4230981767177582, -0.2503550350666046, 0.8776546120643616, -0.4087114930152893, 0.3464634120464325, 0.47541528940200806, 0.8086673021316528),
            ["LeftLowerArm"] = CFrame.new(-0.0000013709068298339844, 2.980232238769531e-07, -2.980232238769531e-07, 1, 1.9557775843281888e-08, 3.725289587919178e-08, 7.450582373280668e-09, 0.9784934520721436, -0.20627804100513458, -1.4901164746561335e-08, 0.20627810060977936, 0.9784933924674988),
            ["LowerTorso"] = CFrame.new(-0.015813399106264114, -0.1615612506866455, -0.07314597815275192, 0.9956068992614746, 0.04052866995334625, -0.0844060629606247, -0.03706774115562439, 0.9984224438667297, 0.04217508062720299, 0.08598219603300095, -0.03886105492711067, 0.9955385327339172),
            ["Head"] = CFrame.new(-4.307366907596588e-09, 4.76837158203125e-07, 3.259629011154175e-08, 0.9824029207229614, 0.17197614908218384, 0.07286187261343002, -0.17368236184120178, 0.9846423864364624, 0.01771920546889305, -0.06869558990001678, -0.030062206089496613, 0.9971846342086792),
            ["RightUpperArm"] = CFrame.new(-1.1920928955078125e-07, 0.0000016689300537109375, -1.0989606380462646e-07, 0.6206758618354797, -0.39149630069732666, 0.6793321371078491, 0.3849218487739563, 0.9069703221321106, 0.1709970086812973, -0.6830787658691406, 0.15535610914230347, 0.7136301398277283),
            ["UpperTorso"] = CFrame.new(3.565219230949879e-08, -1.7881393432617188e-07, 1.2787131709046662e-07, 0.9900729656219482, -0.12995295226573944, 0.053552765399217606, 0.1334204375743866, 0.988774836063385, -0.0672556459903717, -0.04421154782176018, 0.07373302429914474, 0.9962975382804871),
            ["HumanoidRootPart"] = CFrame.new(0, 0, 0, 1, 0, 0, 0, 1, 0, 0, 0, 1),
            ["RightHand"] = CFrame.new(-0.000001430511474609375, 0.0000010132789611816406, -1.1175870895385742e-07, 0.987873375415802, 0.1244797632098198, -0.0927952378988266, -0.13852860033512115, 0.9765617251396179, -0.1647339165210724, 0.07011416554450989, 0.17559103667736053, 0.9819632768630981),
            ["LeftUpperArm"] = CFrame.new(-1.1920928955078125e-07, 4.76837158203125e-07, 1.4156103134155273e-07, 0.42172807455062866, 0.314536988735199, -0.850418746471405, -0.32051047682762146, 0.9290668964385986, 0.18468274176120758, 0.8481854796409607, 0.19468219578266144, 0.49262601137161255),
            ["RightLowerArm"] = CFrame.new(-7.748603820800781e-07, -9.5367431640625e-07, -3.5762786865234375e-07, 1, 0, 1.3038520485508798e-08, 1.4901162970204496e-08, 0.9805514812469482, -0.19626232981681824, 0, 0.19626227021217346, 0.980551540851593),
            ["LeftHand"] = CFrame.new(-9.5367431640625e-07, -2.384185791015625e-07, 0, 0.983506441116333, -0.14849387109279633, 0.10327031463384628, 0.15097679197788239, 0.9883977770805359, -0.016612816601991653, -0.09960521012544632, 0.03193025290966034, 0.9945145845413208),
            ["RightUpperLeg"] = CFrame.new(0, 2.4423934519290924e-07, -5.420588422566652e-09, 0.7784554958343506, -0.5122503042221069, -0.362776517868042, 0.259738564491272, 0.7890192270278931, -0.5567624568939209, 0.5714395046234131, 0.33918774127960205, 0.7472676038742065),
            ["LeftUpperLeg"] = CFrame.new(0, 1.885928213596344e-07, -1.4901161193847656e-08, 0.8288909196853638, 0.10408063977956772, 0.54964280128479, 0.09160856157541275, 0.9440208673477173, -0.31691083312034607, -0.5518584847450256, 0.3130366802215576, 0.7729557156562805),
            ["RightLowerLeg"] = CFrame.new(-4.470348358154297e-08, -0.00012254714965820312, -0.00007740983710391447, 1, -4.470347292340193e-08, -6.705521116145974e-08, 1.4901161193847656e-07, 0.7862525582313538, 0.6179048418998718, 2.9802322387695312e-08, -0.6179053783416748, 0.7862528562545776),
            ["RightFoot"] = CFrame.new(-1.1175870895385742e-08, 2.980232238769531e-07, 7.526978151872754e-08, 0.8628349900245667, 0.24453973770141602, -0.4423987865447998, -0.2751123607158661, 0.9613982439041138, -0.0051461621187627316, 0.4240625202655792, 0.12614983320236206, 0.8968036770820618),
            ["LeftLowerLeg"] = CFrame.new(-1.7508864402770996e-07, 0.00012248754501342773, 0.00007745623588562012, 1, 4.470347647611561e-08, 8.940691031966708e-08, -5.5879347371501353e-08, 0.7004252076148987, 0.7137256860733032, 7.357447628919545e-08, -0.7137258648872375, 0.7004253268241882),
        }},
        {Time = 0.133, Data = {
            ["LeftFoot"] = CFrame.new(-3.771856427192688e-08, -5.960464477539063e-08, -2.60770320892334e-08, 0.8990504741668701, 0.07441622763872147, -0.43147480487823486, -0.26984333992004395, 0.8702269792556763, -0.4121765196323395, 0.3448084890842438, 0.48699820041656494, 0.8024588227272034),
            ["LeftLowerArm"] = CFrame.new(-2.384185791015625e-07, 0, 4.470348358154297e-08, 1, -1.9092118108687828e-08, -2.2351745343485163e-08, -7.450584149637507e-09, 0.9739843010902405, -0.22661571204662323, 1.117587622445626e-08, 0.22661571204662323, 0.9739843010902405),
            ["LowerTorso"] = CFrame.new(-0.025128094479441643, -0.15932774543762207, -0.057776786386966705, 0.9981318712234497, 0.0017722632037475705, -0.06107042729854584, 0.001218812307342887, 0.9988027215003967, 0.048905447125434875, 0.06108397990465164, -0.04888852313160896, 0.9969346523284912),
            ["Head"] = CFrame.new(5.48316165804863e-08, 8.344650268554688e-07, 6.28642737865448e-09, 0.9798720479011536, 0.186897873878479, 0.07014335691928864, -0.18924348056316376, 0.9815201759338379, 0.028376368805766106, -0.06354362517595291, -0.04107939079403877, 0.9971332550048828),
            ["RightUpperArm"] = CFrame.new(1.1920928955078125e-07, 0.0000010728836059570312, -1.1059455573558807e-07, 0.5471867322921753, -0.3832540512084961, 0.7441121935844421, 0.4788458049297333, 0.8724952340126038, 0.09725581109523773, -0.686508059501648, 0.30309799313545227, 0.660937488079071),
            ["UpperTorso"] = CFrame.new(4.1676685214042664e-08, -2.086162567138672e-07, 1.1443626135587692e-07, 0.9919831156730652, -0.11730863153934479, 0.04699261486530304, 0.11954507231712341, 0.9916679859161377, -0.04799646511673927, -0.04097065329551697, 0.05322941392660141, 0.9977415204048157),
            ["HumanoidRootPart"] = CFrame.new(0, 0, 0, 1, 0, 0, 0, 1, 0, 0, 0, 1),
            ["RightHand"] = CFrame.new(-9.5367431640625e-07, 5.960464477539062e-07, -8.568167686462402e-08, 0.9912904500961304, 0.0960111990571022, -0.09013912081718445, -0.10933496057987213, 0.9815424084663391, -0.15690931677818298, 0.07341030240058899, 0.1653980165719986, 0.9834910035133362),
            ["LeftUpperArm"] = CFrame.new(-2.384185791015625e-07, 2.384185791015625e-07, 1.2828968465328217e-07, 0.3141528367996216, 0.3319125473499298, -0.8894617557525635, -0.4450486898422241, 0.8790589570999146, 0.17084191739559174, 0.8385938405990601, 0.34218329191207886, 0.4238760769367218),
            ["RightLowerArm"] = CFrame.new(-0.000001043081283569336, -5.960464477539062e-07, 8.940696716308594e-08, 1, -2.9802322387695312e-08, -2.8870999813079834e-08, 1.4901164746561335e-08, 0.9807639718055725, -0.19519774615764618, 1.4901164746561335e-08, 0.19519779086112976, 0.9807639122009277),
            ["LeftHand"] = CFrame.new(-7.748603820800781e-07, 3.5762786865234375e-07, 2.9802322387695312e-08, 0.9834855794906616, -0.14929601550102234, 0.1023077443242073, 0.15143845975399017, 0.9883751273155212, -0.013460077345371246, -0.09910889714956284, 0.028731156140565872, 0.994661808013916),
            ["RightUpperLeg"] = CFrame.new(-2.9802322387695312e-08, 1.2223608791828156e-08, -7.283233571797609e-09, 0.800439715385437, -0.45831066370010376, -0.3863259553909302, 0.23548400402069092, 0.8331226706504822, -0.5004536509513855, 0.5512201189994812, 0.30960923433303833, 0.7747893333435059),
            ["LeftUpperLeg"] = CFrame.new(2.9802322387695312e-08, 2.9685907065868378e-09, -1.4901161193847656e-08, 0.8388874530792236, 0.145445317029953, 0.5245128273963928, 0.07657817006111145, 0.9225156903266907, -0.3782863914966583, -0.5388911366462708, 0.35750600695610046, 0.7627487778663635),
            ["RightLowerLeg"] = CFrame.new(5.960464477539063e-08, -0.00012242794036865234, -0.00007748434290988371, 1, -8.195635814445268e-08, -1.4901162970204496e-08, 4.470347647611561e-08, 0.8362285494804382, 0.5483807921409607, 1.4901159417490817e-08, -0.5483810305595398, 0.8362288475036621),
            ["RightFoot"] = CFrame.new(-6.239861249923706e-08, 2.980232238769531e-07, -5.139008862897754e-08, 0.8380678296089172, 0.2522885501384735, -0.48372846841812134, -0.26770225167274475, 0.9627394080162048, 0.038317468017339706, 0.475371390581131, 0.09738291800022125, 0.87437903881073),
            ["LeftLowerLeg"] = CFrame.new(2.60770320892334e-08, 0.00012260675430297852, 0.00007742643356323242, 1, 5.960463766996327e-08, 5.02914261346632e-08, -8.195638656616211e-08, 0.6627599000930786, 0.748832106590271, -1.4901161193847656e-08, -0.7488320469856262, 0.6627597212791443),
        }},
        {Time = 0.167, Data = {
            ["LeftFoot"] = CFrame.new(3.818422555923462e-08, -1.1920928955078125e-07, 1.5832483768463135e-08, 0.8928583860397339, 0.09124201536178589, -0.4409976899623871, -0.2928536832332611, 0.8615624904632568, -0.4146650433540344, 0.3421119749546051, 0.49938473105430603, 0.795973539352417),
            ["LeftLowerArm"] = CFrame.new(-8.642673492431641e-07, 0.0000010132789611816406, 3.0547380447387695e-07, 1, -3.166496753692627e-08, 7.4505797087454084e-09, 5.960467319710006e-08, 0.9628646969795227, -0.26998448371887207, 1.8626460374093767e-09, 0.26998448371887207, 0.9628646969795227),
            ["LowerTorso"] = CFrame.new(-0.03400895744562149, -0.15932512283325195, -0.03458263725042343, 0.9983457326889038, -0.04707418009638786, -0.03301512449979782, 0.04922178387641907, 0.9964994192123413, 0.06757410615682602, 0.029718557372689247, -0.06908737868070602, 0.9971678853034973),
            ["Head"] = CFrame.new(-1.0931398719549179e-07, 7.152557373046875e-07, 1.280568540096283e-09, 0.9774947762489319, 0.19905757904052734, 0.06985757499933243, -0.20168611407279968, 0.9789018630981445, 0.03277190029621124, -0.061860229820013046, -0.0461236797273159, 0.9970185160636902),
            ["RightUpperArm"] = CFrame.new(0, 0.0000011920928955078125, -1.3015232980251312e-07, 0.4756658971309662, -0.3625064790248871, 0.801455557346344, 0.6071357131004333, 0.7945976257324219, -0.0009319947566837072, -0.6364967823028564, 0.4870356321334839, 0.5980536341667175),
            ["UpperTorso"] = CFrame.new(3.457535058259964e-08, -8.940696716308594e-08, 1.4295801520347595e-07, 0.9947659969329834, -0.09556970000267029, 0.036155011504888535, 0.09664646536111832, 0.9948872923851013, -0.029304547235369682, -0.033169522881507874, 0.032645419239997864, 0.998916506767273),
            ["HumanoidRootPart"] = CFrame.new(0, 0, 0, 1, 0, 0, 0, 1, 0, 0, 0, 1),
            ["RightHand"] = CFrame.new(-9.5367431640625e-07, 8.344650268554688e-07, -2.3469328880310059e-07, 0.9960671067237854, 0.025077074766159058, -0.08497999608516693, -0.0372149758040905, 0.9888179302215576, -0.14440935850143433, 0.08040835708379745, 0.14700397849082947, 0.9858623147010803),
            ["LeftUpperArm"] = CFrame.new(-3.5762786865234375e-07, 7.152557373046875e-07, 1.3737007975578308e-07, 0.1874249279499054, 0.3289945721626282, -0.9255454540252686, -0.6029088497161865, 0.7824049592018127, 0.15602348744869232, 0.7754822969436646, 0.5287768840789795, 0.34499597549438477),
            ["RightLowerArm"] = CFrame.new(-6.854534149169922e-07, 0, -2.682209014892578e-07, 1, -7.450579175838357e-08, -1.1175872671742582e-08, 2.980233304583635e-08, 0.979514479637146, -0.2013736218214035, -8.940699558479537e-08, 0.2013736069202423, 0.9795145392417908),
            ["LeftHand"] = CFrame.new(-0.0000012516975402832031, 0, -1.7881393432617188e-07, 0.9934342503547668, -0.05891435593366623, 0.09806890040636063, 0.05978649854660034, 0.9981933236122131, -0.005976209882646799, -0.09753958880901337, 0.011800160631537437, 0.995161771774292),
            ["RightUpperLeg"] = CFrame.new(5.960464477539063e-08, 8.032657206058502e-09, 8.549250196665525e-09, 0.8251156210899353, -0.38695430755615234, -0.41164401173591614, 0.19553598761558533, 0.8791841864585876, -0.4345121383666992, 0.5300471782684326, 0.27803152799606323, 0.8010919690132141),
            ["LeftUpperLeg"] = CFrame.new(-5.960464477539063e-08, 3.725290298461914e-08, 2.421438694000244e-08, 0.8510962128639221, 0.19629907608032227, 0.48693129420280457, 0.06168900430202484, 0.8836547136306763, -0.46405693888664246, -0.5213729739189148, 0.424995481967926, 0.7399656772613525),
            ["RightLowerLeg"] = CFrame.new(-5.21540641784668e-08, -0.00012242794036865234, -0.00007735023245913908, 1, -8.195637946073475e-08, 2.1420412110728648e-08, 3.725290298461914e-08, 0.8930984735488892, 0.4498607814311981, -7.450580596923828e-09, -0.44986122846603394, 0.8930987119674683),
            ["RightFoot"] = CFrame.new(1.1455267667770386e-07, 4.172325134277344e-07, 2.49783624894917e-08, 0.8065882325172424, 0.2597028315067291, -0.5310091972351074, -0.24846458435058594, 0.9640607833862305, 0.09408604353666306, 0.5363588929176331, 0.05604847893118858, 0.8421265482902527),
            ["LeftLowerLeg"] = CFrame.new(6.705522537231445e-08, 0.0001226663589477539, 0.00007733702659606934, 1, 5.5879340266073996e-08, 6.705521116145974e-08, -5.960463766996327e-08, 0.6107444763183594, 0.7918277978897095, 4.8428766774577525e-08, -0.7918277382850647, 0.6107445359230042),
        }},
        {Time = 0.200, Data = {
            ["LeftFoot"] = CFrame.new(-8.381903171539307e-09, -5.960464477539063e-08, 2.7939677238464355e-09, 0.8887578248977661, 0.11059696227312088, -0.44483500719070435, -0.31550708413124084, 0.8515830039978027, -0.41864287853240967, 0.33251312375068665, 0.5124205946922302, 0.7917449474334717),
            ["LeftLowerArm"] = CFrame.new(-0.0000010132789611816406, 0, -2.5704503059387207e-07, 1, -1.1175873559921001e-08, 3.7252898543727042e-09, 7.823111758398227e-08, 0.9471744298934937, -0.32071903347969055, 8.847566235203885e-09, 0.3207191228866577, 0.9471743702888489),
            ["LowerTorso"] = CFrame.new(-0.041244570165872574, -0.1679062843322754, -0.0022446364164352417, 0.9952044486999512, -0.09724144637584686, -0.010593334212899208, 0.09781070053577423, 0.9904943704605103, 0.09671631455421448, 0.0010878040920943022, -0.09728864580392838, 0.9952556490898132),
            ["Head"] = CFrame.new(-3.026798367500305e-08, 3.5762786865234375e-07, 3.026798367500305e-08, 0.975444495677948, 0.2092040628194809, 0.06886076182126999, -0.21138593554496765, 0.9770565629005432, 0.02600983716547489, -0.06183949485421181, -0.03992738947272301, 0.9972871541976929),
            ["RightUpperArm"] = CFrame.new(-5.960464477539063e-08, 0.0000016689300537109375, -8.568167686462402e-08, 0.41107839345932007, -0.3325997591018677, 0.848759114742279, 0.7513419389724731, 0.6508756279945374, -0.10884051024913788, -0.5162363648414612, 0.6824502348899841, 0.5174569487571716),
            ["UpperTorso"] = CFrame.new(4.131288733333349e-08, -2.384185791015625e-07, 1.2817326933145523e-07, 0.9972082376480103, -0.06993316859006882, 0.026175320148468018, 0.07019215077161789, 0.9974918961524963, -0.009108231402933598, -0.025472698733210564, 0.010920115746557713, 0.9996159076690674),
            ["HumanoidRootPart"] = CFrame.new(0, 0, 0, 1, 0, 0, 0, 1, 0, 0, 0, 1),
            ["RightHand"] = CFrame.new(-2.682209014892578e-07, 7.152557373046875e-07, -2.980232238769531e-07, 0.9945286512374878, -0.06763242185115814, -0.0796152800321579, 0.056106604635715485, 0.9886983036994934, -0.139025017619133, 0.08811802417039871, 0.13379740715026855, 0.987083375453949),
            ["LeftUpperArm"] = CFrame.new(-2.384185791015625e-07, 4.76837158203125e-07, 1.7136335372924805e-07, 0.05632559210062027, 0.29603105783462524, -0.9535161852836609, -0.7734254598617554, 0.6168842315673828, 0.14583195745944977, 0.6313799619674683, 0.7292596101760864, 0.26370421051979065),
            ["RightLowerArm"] = CFrame.new(-7.450580596923828e-07, -4.76837158203125e-07, -2.682209014892578e-07, 1, -5.960462345910855e-08, 7.823110337312755e-08, -7.450582373280668e-09, 0.9794368147850037, -0.20175111293792725, -1.862645504502325e-08, 0.20175105333328247, 0.9794369339942932),
            ["LeftHand"] = CFrame.new(-0.0000012516975402832031, 0, -1.1920928955078125e-07, 0.9930311441421509, 0.06817556172609329, 0.09613169729709625, -0.06850475817918777, 0.9976508021354675, 0.00012611602141987532, -0.09589719772338867, -0.006710673216730356, 0.9953686594963074),
            ["RightUpperLeg"] = CFrame.new(0, 3.003515303134918e-08, 5.173205863684416e-09, 0.8511533141136169, -0.31969982385635376, -0.4163295030593872, 0.12134024500846863, 0.8914840221405029, -0.43650075793266296, 0.5107002258300781, 0.32101139426231384, 0.7975819110870361),
            ["LeftUpperLeg"] = CFrame.new(0, -2.404849510639906e-07, -7.2177499532699585e-09, 0.8640494346618652, 0.2462102770805359, 0.4390893578529358, 0.051997002214193344, 0.8239193558692932, -0.5643166303634644, -0.5007146000862122, 0.510428786277771, 0.6991046667098999),
            ["RightLowerLeg"] = CFrame.new(-8.940696716308594e-08, -0.00012260675430297852, -0.00007740983710391447, 1, -5.21540464148984e-08, -1.3038517820973539e-08, 5.960464477539063e-08, 0.8791560530662537, 0.4765338897705078, 1.4901161193847656e-08, -0.4765339493751526, 0.8791561722755432),
            ["RightFoot"] = CFrame.new(-8.475035429000854e-08, 3.5762786865234375e-07, -3.3694959711283445e-08, 0.8462988138198853, 0.2276093065738678, -0.48163551092147827, -0.25790783762931824, 0.9661633968353271, 0.0034059365279972553, 0.46611371636390686, 0.12133540213108063, 0.8763651251792908),
            ["LeftLowerLeg"] = CFrame.new(-2.2351741790771484e-08, 0.00012296438217163086, 0.00007745623588562012, 1, 1.1175869474300271e-07, 2.607702498380604e-08, -7.450580596923828e-08, 0.5428287386894226, 0.8398435115814209, 4.842877388000488e-08, -0.8398434519767761, 0.5428286790847778),
        }},
        {Time = 0.233, Data = {
            ["LeftFoot"] = CFrame.new(2.1420419216156006e-08, -5.960464477539063e-08, -1.816079020500183e-08, 0.8920902013778687, 0.13076238334178925, -0.4325238764286041, -0.3309241831302643, 0.8408455848693848, -0.4283313453197479, 0.3076757788658142, 0.5252427458763123, 0.7933822870254517),
            ["LeftLowerArm"] = CFrame.new(-5.960464477539062e-07, 4.76837158203125e-07, 4.1350722312927246e-07, 1, -3.166496043149891e-08, 1.1175869119028903e-08, -1.0617080192787398e-07, 0.9365832805633545, -0.35044506192207336, -5.122275492652761e-09, 0.35044506192207336, 0.9365832805633545),
            ["LowerTorso"] = CFrame.new(-0.04642455279827118, -0.1882483959197998, 0.03759384900331497, 0.9901851415634155, -0.1396530568599701, -0.005521195475012064, 0.1391725391149521, 0.981613278388977, 0.13063891232013702, -0.012824445962905884, -0.13012510538101196, 0.9914146661758423),
            ["Head"] = CFrame.new(-3.91155481338501e-08, -1.1920928955078125e-07, 5.681067705154419e-08, 0.9734809398651123, 0.2203424721956253, 0.06151631474494934, -0.22101277112960815, 0.9752617478370667, 0.004229133017361164, -0.059062659740448, -0.017712943255901337, 0.9980971813201904),
            ["RightUpperArm"] = CFrame.new(-5.960464477539063e-08, 4.76837158203125e-07, -7.450580596923828e-09, 0.345670610666275, -0.2959100306034088, 0.8904769420623779, 0.8781651854515076, 0.4364195764064789, -0.19586695730686188, -0.3306625485420227, 0.8496912717819214, 0.41071534156799316),
            ["UpperTorso"] = CFrame.new(-2.153683453798294e-09, 0, 1.4674151316285133e-07, 0.9986395239830017, -0.04610371217131615, 0.02436714991927147, 0.045756153762340546, 0.9988454580307007, 0.01463681273162365, -0.025013836100697517, -0.013501961715519428, 0.9995959997177124),
            ["HumanoidRootPart"] = CFrame.new(0, 0, 0, 1, 0, 0, 0, 1, 0, 0, 0, 1),
            ["RightHand"] = CFrame.new(-4.917383193969727e-07, 5.960464477539062e-07, -1.341104507446289e-07, 0.9871780276298523, -0.1413591206073761, -0.07414258271455765, 0.129676952958107, 0.9810616374015808, -0.14388221502304077, 0.09307748824357986, 0.13242276012897491, 0.9868135452270508),
            ["LeftUpperArm"] = CFrame.new(-2.384185791015625e-07, 2.384185791015625e-07, 1.8998980522155762e-07, -0.06282880157232285, 0.23210486769676208, -0.9706595540046692, -0.9136330485343933, 0.3780396580696106, 0.149534672498703, 0.4016556739807129, 0.8962216973304749, 0.18830682337284088),
            ["RightLowerArm"] = CFrame.new(-2.384185791015625e-07, 1.1920928955078125e-07, -1.4901161193847656e-07, 1, 0, 1.862645504502325e-08, -3.725291186640334e-09, 0.9834230542182922, -0.18132595717906952, 1.862645593320167e-09, 0.18132595717906952, 0.983423113822937),
            ["LeftHand"] = CFrame.new(-9.98377799987793e-07, -4.76837158203125e-07, 5.960464477539063e-08, 0.9812762141227722, 0.16714288294315338, 0.09570961445569992, -0.16714446246623993, 0.9858995676040649, -0.00805677566677332, -0.09570669382810593, -0.00809138547629118, 0.995376706123352),
            ["RightUpperLeg"] = CFrame.new(-2.9802322387695312e-08, 7.869675755500793e-08, 4.823959898203611e-09, 0.8730714917182922, -0.26696985960006714, -0.4080114960670471, 0.03627973049879074, 0.8700369000434875, -0.491649866104126, 0.4862406849861145, 0.41444286704063416, 0.7692899703979492),
            ["LeftUpperLeg"] = CFrame.new(0, 2.0116567611694336e-07, 9.313225746154785e-10, 0.8775917887687683, 0.28502941131591797, 0.3854752779006958, 0.048725638538599014, 0.7468690276145935, -0.6631835699081421, -0.47692620754241943, 0.6007870435714722, 0.6415578722953796),
            ["RightLowerLeg"] = CFrame.new(-1.4901161193847656e-07, -0.00012224912643432617, -0.00007732043013675138, 1, -5.21540464148984e-08, -3.911554458113642e-08, 7.450580596923828e-08, 0.8203363418579102, 0.5718809962272644, -3.725290298461914e-08, -0.5718813538551331, 0.820336639881134),
            ["RightFoot"] = CFrame.new(9.476207196712494e-08, 4.172325134277344e-07, -3.183231456205249e-08, 0.914793848991394, 0.18307192623615265, -0.3600519895553589, -0.25038042664527893, 0.9564858078956604, -0.14981476962566376, 0.3169572353363037, 0.2271999567747116, 0.9208247661590576),
            ["LeftLowerLeg"] = CFrame.new(2.9802322387695312e-08, 0.00012284517288208008, 0.00007736682891845703, 1, 1.1920927533992653e-07, 1.1175870895385742e-08, -6.705523958316917e-08, 0.4626373052597046, 0.8865476250648499, 7.078052988163108e-08, -0.8865476250648499, 0.46263736486434937),
        }},
        {Time = 0.267, Data = {
            ["LeftFoot"] = CFrame.new(4.237517714500427e-08, -5.960464477539063e-08, 3.5390257835388184e-08, 0.9051588177680969, 0.14825673401355743, -0.39838141202926636, -0.3330391049385071, 0.829735279083252, -0.4479113519191742, 0.26414504647254944, 0.5381073355674744, 0.8004171848297119),
            ["LeftLowerArm"] = CFrame.new(-0.0000020265579223632812, 3.5762786865234375e-07, -3.725290298461914e-08, 1, -2.607702498380604e-08, 7.4505797087454084e-09, 3.073364496231079e-08, 0.9417755007743835, -0.33624231815338135, 1.862645149230957e-09, 0.33624231815338135, 0.9417755603790283),
            ["LowerTorso"] = CFrame.new(-0.04880398139357567, -0.22092032432556152, 0.07969702035188675, 0.9856991171836853, -0.16714493930339813, -0.02144571766257286, 0.168390691280365, 0.9720727205276489, 0.1634606122970581, -0.00647481344640255, -0.16473424434661865, 0.9863167405128479),
            ["Head"] = CFrame.new(-1.1455267667770386e-07, 1.1920928955078125e-07, 2.6775524020195007e-09, 0.9710677266120911, 0.23421838879585266, 0.0465773344039917, -0.232900470495224, 0.9719730615615845, -0.032028764486312866, -0.05277364328503609, 0.020254073664546013, 0.9984011054039001),
            ["RightUpperArm"] = CFrame.new(0, 0.0000010728836059570312, -1.1990778148174286e-07, 0.27023622393608093, -0.24650880694389343, 0.9307017922401428, 0.9568161368370056, 0.1763141006231308, -0.23111966252326965, -0.107123002409935, 0.9529672861099243, 0.2835099697113037),
            ["UpperTorso"] = CFrame.new(-2.0438164938241243e-08, -5.662441253662109e-07, 1.1106021702289581e-07, 0.9990149140357971, -0.02952639013528824, 0.03312971442937851, 0.028145652264356613, 0.9987461566925049, 0.041399627923965454, -0.03431054949760437, -0.0404263474047184, 0.998593270778656),
            ["HumanoidRootPart"] = CFrame.new(0, 0, 0, 1, 0, 0, 0, 1, 0, 0, 0, 1),
            ["RightHand"] = CFrame.new(-0.0000010207295417785645, 8.940696716308594e-07, -1.341104507446289e-07, 0.9840970635414124, -0.16211430728435516, -0.07260838150978088, 0.15064333379268646, 0.9782698154449463, -0.14246049523353577, 0.09412548691034317, 0.12925702333450317, 0.9871337413787842),
            ["LeftUpperArm"] = CFrame.new(-4.76837158203125e-07, 2.384185791015625e-07, 1.0943040251731873e-07, -0.15794411301612854, 0.1474054753780365, -0.9763838648796082, -0.9800572991371155, 0.09735072404146194, 0.17323537170886993, 0.12058773636817932, 0.9842735528945923, 0.12908969819545746),
            ["RightLowerArm"] = CFrame.new(-0.0000014007091522216797, 0, -3.762543201446533e-07, 1, -3.725290298461914e-09, 3.725290298461914e-09, 2.4214397598143478e-08, 0.9907551407814026, -0.13566245138645172, 3.7252920748187535e-09, 0.13566236197948456, 0.9907551407814026),
            ["LeftHand"] = CFrame.new(-7.003545761108398e-07, -1.7881393432617188e-07, -8.940696716308594e-08, 0.9727040529251099, 0.21239206194877625, 0.09346986562013626, -0.2108239084482193, 0.9771659970283508, -0.02645917423069477, -0.09695529192686081, 0.006031259428709745, 0.9952704906463623),
            ["RightUpperLeg"] = CFrame.new(1.1920928955078125e-07, -9.033828973770142e-08, 1.1343217920511961e-08, 0.8910324573516846, -0.2256205528974533, -0.39389926195144653, -0.03315429016947746, 0.8330716490745544, -0.5521706938743591, 0.45272713899612427, 0.5050613880157471, 0.7348136305809021),
