return {
    ["Calamity"] = {
        {Time = 0.000, Data = {
            ["RightFoot"] = CFrame.new(0.00004713796079158783, -0.03386735916137695, -0.03664792701601982, 0.9986336827278137, -0.04089023172855377, -0.032540060579776764, 0.04847225919365883, 0.9574748873710632, 0.28443455696105957, 0.019527019932866096, -0.2856043577194214, 0.9581431150436401),
            ["LeftLowerArm"] = CFrame.new(5.960464477539063e-08, -5.960464477539063e-08, 2.1327286958694458e-07, 1, -0.000002007931698244647, 0.000005709007837140234, 0.0000032782554626464844, 0.9699587225914001, -0.2432699054479599, -0.000005017966032028198, 0.2432698905467987, 0.9699587225914001),
            ["RightUpperArm"] = CFrame.new(-5.960464477539063e-08, -8.344650268554688e-07, 1.264596534156226e-07, 0.3152306079864502, -0.3219175636768341, 0.8927516341209412, -0.16362755000591278, 0.9081891775131226, 0.3852577805519104, -0.9348025321960449, -0.2675101161003113, 0.2336043268442154),
            ["Head"] = CFrame.new(-4.553468713197617e-11, -1.1920928955078125e-07, -1.2185873643488776e-08, 1, 5.449861006923129e-09, 1.7003028152107191e-10, -5.449892981346238e-09, 0.9980559349060059, 0.06232589855790138, 1.7017010023323564e-10, -0.062325626611709595, 0.9980558753013611),
            ["RightHand"] = CFrame.new(-7.916241884231567e-08, -5.960464477539063e-08, -1.5398836694657803e-07, 1, -4.284083843231201e-08, 4.861504407926986e-07, 5.587936158235607e-08, 1, 0.000001203268880090036, -4.954636665388534e-07, -0.0000011511147022247314, 1),
            ["UpperTorso"] = CFrame.new(-6.651124095924388e-11, -2.9802322387695312e-08, 3.344893073631283e-08, 1, 2.3590104092363617e-08, 3.242870860731273e-09, -2.3590073894297348e-08, 0.9629054069519043, 0.2698391377925873, 3.242918156232122e-09, -0.26983925700187683, 0.9629054069519043),
            ["HumanoidRootPart"] = CFrame.new(0, 0, 0, 1, 0, 0, 0, 1, 0, 0, 0, 1),
            ["RightUpperLeg"] = CFrame.new(-2.086162567138672e-07, 0.0003805404994636774, 0.00014328243560157716, 0.6898462772369385, -0.22335265576839447, -0.688640296459198, 0.230558842420578, 0.9694715142250061, -0.08346577733755112, 0.6862614154815674, -0.10118592530488968, 0.7202832698822021),
            ["LeftUpperArm"] = CFrame.new(0, -3.5762786865234375e-07, -5.583650874996238e-08, 0.3152306079864502, 0.32191765308380127, -0.8927516937255859, 0.1636275053024292, 0.9081891775131226, 0.38525786995887756, 0.9348024725914001, -0.2675100266933441, 0.23360437154769897),
            ["RightLowerArm"] = CFrame.new(-1.1920928955078125e-07, 1.1920928955078125e-07, 2.989545464515686e-07, 1, 0.0000019501896986184875, -0.000005690381385647925, -0.000003285706497990759, 0.9699587225914001, -0.2432698905467987, 0.000005010515906178625, 0.2432699203491211, 0.9699587225914001),
            ["LeftHand"] = CFrame.new(1.1071097105741501e-07, -5.960464477539063e-08, 1.4883698895573616e-07, 1, 1.0803341865539551e-07, -5.196780534788559e-07, -5.587936158235607e-08, 1, 0.0000012107194606869598, 5.085021825834701e-07, -0.000001125037670135498, 1),
            ["LeftFoot"] = CFrame.new(-0.00004712585359811783, -0.03386729955673218, -0.03664800152182579, 0.9986606240272522, 0.03970491513609886, 0.03317571058869362, -0.04748721420764923, 0.9579452872276306, 0.28301361203193665, -0.020544784143567085, -0.28419071435928345, 0.958541989326477),
            ["LowerTorso"] = CFrame.new(1.7218448888911553e-12, 0.20359599590301514, -7.586477224208465e-09, 1, -4.3043893782623854e-08, -5.730782248747346e-08, 2.4921344987660632e-08, 0.9585075974464417, -0.28506696224212646, 6.720038214780288e-08, 0.2850668728351593, 0.9585075974464417),
            ["RightLowerLeg"] = CFrame.new(7.450580596923828e-09, -1.1920928955078125e-07, -3.818422555923462e-08, 0.9999999403953552, 0.0005485969595611095, 0.00013899430632591248, -0.0005486442241817713, 0.8795685172080994, 0.47576358914375305, 0.0001387350057484582, -0.4757719337940216, 0.8795731663703918),
            ["LeftUpperLeg"] = CFrame.new(1.1920928955078125e-07, -0.00033805042039602995, -0.00012737281213048846, 0.6906962990760803, 0.22382409870624542, 0.6876345276832581, -0.23001481592655182, 0.969508945941925, -0.08452612161636353, -0.6855886578559875, -0.09977647662162781, 0.7211200594902039),
            ["LeftLowerLeg"] = CFrame.new(-5.960464477539063e-08, 0, -6.798654794692993e-08, 0.9999999403953552, 0.0004902961663901806, 0.00012482365127652884, -0.0004902334185317159, 0.8782076239585876, 0.4782709777355194, 0.00012497560237534344, -0.4782792925834656, 0.8782123327255249),
        }},
        {Time = 0.033, Data = {
            ["RightFoot"] = CFrame.new(0.00004709465429186821, -0.03386735916137695, -0.0366479717195034, 0.9990704655647278, -0.037014637142419815, -0.022098461166024208, 0.037871163338422775, 0.998490571975708, 0.03978561609983444, 0.020595798268914223, -0.040577083826065063, 0.9989639520645142),
            ["LeftLowerArm"] = CFrame.new(-1.1920928955078125e-07, -1.1920928955078125e-07, 6.984919309616089e-08, 1, 5.5879347371501353e-08, 0.000006083399057388306, 0.000002168118953704834, 0.9290218353271484, -0.37002497911453247, -0.000005707144737243652, 0.37002500891685486, 0.9290218353271484),
            ["RightUpperArm"] = CFrame.new(0, -5.960464477539062e-07, 1.1155849222177494e-07, 0.3385818898677826, -0.4283001720905304, 0.8378119468688965, -0.15363678336143494, 0.8532886505126953, 0.4982965588569641, -0.9283093810081482, -0.2974180281162262, 0.22309598326683044),
            ["Head"] = CFrame.new(-6.959766096770181e-12, 1.1920928955078125e-07, 2.7152871062696704e-09, 1, 6.614867320564599e-09, 1.2275154503971208e-10, -6.6110574792332955e-09, 0.9983556270599365, 0.057325609028339386, 2.5684815385673687e-10, -0.0573253370821476, 0.9983555674552917),
            ["RightHand"] = CFrame.new(7.078051567077637e-08, -1.1920928955078125e-07, 2.7939677238464355e-08, 1, -3.166496753692627e-08, 5.029142471357773e-07, 4.842878098543224e-08, 1, 0.0000012181700412838836, -4.991889568373153e-07, -0.0000011473894119262695, 1),
            ["UpperTorso"] = CFrame.new(-9.668710276855563e-12, -2.682209014892578e-07, 1.0050415966134096e-07, 1, 2.3590104092363617e-08, 3.242870860731273e-09, -2.3590073894297348e-08, 0.9629054069519043, 0.2698391377925873, 3.242918156232122e-09, -0.26983925700187683, 0.9629054069519043),
            ["HumanoidRootPart"] = CFrame.new(0, 0, 0, 1, 0, 0, 0, 1, 0, 0, 0, 1),
            ["RightUpperLeg"] = CFrame.new(-2.086162567138672e-07, 0.0003802996361628175, 0.0001433331926818937, 0.6863018870353699, -0.36091193556785583, -0.6314547061920166, 0.2293638437986374, 0.9312909245491028, -0.28298938274383545, 0.6902043223381042, 0.04939397796988487, 0.7219293713569641),
            ["LeftUpperArm"] = CFrame.new(0, -5.960464477539062e-07, -6.32870893468862e-08, 0.33858180046081543, 0.4283003509044647, -0.8378118872642517, 0.1536366492509842, 0.8532885909080505, 0.4982966184616089, 0.9283093810081482, -0.29741790890693665, 0.22309593856334686),
            ["RightLowerArm"] = CFrame.new(-5.960464477539063e-08, 0, -7.543712854385376e-08, 1, -1.3783574104309082e-07, -0.0000060461461544036865, -0.000002123415470123291, 0.9287595748901367, -0.37068265676498413, 0.000005669891834259033, 0.3706826865673065, 0.9287595748901367),
            ["LeftHand"] = CFrame.new(-1.6763806343078613e-08, -1.7881393432617188e-07, 2.2724270820617676e-07, 1, 7.264316792543468e-08, -4.842877956434677e-07, -3.3527619791584584e-08, 1, 0.000001199543589791574, 4.302711431591888e-07, -0.0000011511148159115692, 1),
            ["LeftFoot"] = CFrame.new(-0.000033190008252859116, -0.033863723278045654, -0.03665127232670784, 0.999112069606781, 0.03547485172748566, 0.022729510441422462, -0.03633866459131241, 0.9985835552215576, 0.038872525095939636, -0.021321360021829605, -0.03965505212545395, 0.9989856481552124),
            ["LowerTorso"] = CFrame.new(-2.093754281062843e-09, 0.06340181827545166, -4.79250950036203e-09, 1, -4.3043893782623854e-08, -5.730782248747346e-08, 2.4921344987660632e-08, 0.9585075974464417, -0.28506696224212646, 6.720038214780288e-08, 0.2850668728351593, 0.9585075974464417),
            ["RightLowerLeg"] = CFrame.new(-1.30385160446167e-08, 0, 2.076849341392517e-07, 0.9999995231628418, 0.0008959479746408761, 0.0004273566009942442, -0.0008960742270573974, 0.6294490098953247, 0.777044415473938, 0.0004271577636245638, -0.7770412564277649, 0.6294457912445068),
            ["LeftUpperLeg"] = CFrame.new(1.1920928955078125e-07, -0.0003381721908226609, -0.0001273215893888846, 0.6872699856758118, 0.36046409606933594, 0.6306570172309875, -0.2284005880355835, 0.9313904643058777, -0.28344058990478516, -0.689560055732727, 0.050768494606018066, 0.7224494218826294),
            ["LeftLowerLeg"] = CFrame.new(-4.284083843231201e-08, 1.7881393432617188e-07, -4.563480615615845e-08, 0.9999997019767761, 0.0007976323249749839, 0.00038110397872515023, -0.0007975457119755447, 0.6281813979148865, 0.7780694365501404, 0.0003813273215200752, -0.7780665755271912, 0.6281781792640686),
        }},
        {Time = 0.067, Data = {
            ["RightFoot"] = CFrame.new(0.000046962828491814435, -0.0338672399520874, -0.03664802387356758, 0.9996659159660339, -0.025837644934654236, -0.000735440815333277, 0.023918792605400085, 0.9354569315910339, -0.35263732075691223, 0.009798425249755383, 0.3524949848651886, 0.9357597827911377),
            ["LeftLowerArm"] = CFrame.new(-5.960464477539063e-08, -1.1920928955078125e-07, -1.4528632164001465e-07, 1, 0.00000525265977557865, 0.000005803070962429047, -2.3096799850463867e-07, 0.759529173374176, -0.6504732370376587, -0.000007890164852142334, 0.6504732966423035, 0.759529173374176),
            ["RightUpperArm"] = CFrame.new(0, -3.5762786865234375e-07, 1.1155849222177494e-07, 0.3841235339641571, -0.6428951621055603, 0.6626800894737244, -0.11528811603784561, 0.6787292957305908, 0.7252855896949768, -0.9160555601119995, -0.3549821376800537, 0.18659040331840515),
            ["Head"] = CFrame.new(-1.0096412594862159e-10, -3.5762786865234375e-07, 3.996818875862118e-08, 1, 8.514372318302321e-09, 3.325097142070632e-11, -8.505734783170738e-09, 0.99878990650177, 0.049182575196027756, 3.8572872673725556e-10, -0.04918229952454567, 0.9987898468971252),
            ["RightHand"] = CFrame.new(2.9802322387695312e-08, 5.960464477539063e-08, -8.614733815193176e-08, 1, -4.0978196835794733e-08, 4.991889568373153e-07, 4.284084198502569e-08, 1, 0.000001199543589791574, -4.3306505403961637e-07, -0.0000011511148159115692, 1),
            ["UpperTorso"] = CFrame.new(5.076916664847886e-11, -1.4901161193847656e-07, -1.1254551957051717e-08, 1, 2.3590104092363617e-08, 3.242870860731273e-09, -2.3590073894297348e-08, 0.9629054069519043, 0.2698391377925873, 3.242918156232122e-09, -0.26983925700187683, 0.9629054069519043),
            ["HumanoidRootPart"] = CFrame.new(0, 0, 0, 1, 0, 0, 0, 1, 0, 0, 0, 1),
            ["RightUpperLeg"] = CFrame.new(-2.086162567138672e-07, 0.00038017891347408295, 0.00014332853606902063, 0.6794896721839905, -0.5312031507492065, -0.5060845017433167, 0.2250891625881195, 0.8074444532394409, -0.5453037619590759, 0.6983041167259216, 0.2566255033016205, 0.6682232618331909),
            ["LeftUpperArm"] = CFrame.new(0, -3.5762786865234375e-07, -6.32870893468862e-08, 0.3841232657432556, 0.6428955793380737, -0.6626798510551453, 0.11528807133436203, 0.6787289977073669, 0.7252858877182007, 0.9160557389259338, -0.35498201847076416, 0.18659010529518127),
            ["RightLowerArm"] = CFrame.new(5.960464477539063e-08, 1.1920928955078125e-07, 3.166496753692627e-08, 1, -0.000005427747964859009, -0.000005715526640415192, 3.650783924058487e-07, 0.7582651376724243, -0.6519463658332825, 0.000007897614523244556, 0.6519463062286377, 0.7582651376724243),
            ["LeftHand"] = CFrame.new(9.313225746154785e-09, -2.980232238769531e-07, 3.4924596548080444e-08, 1, 6.891787052154541e-08, -5.243346095085144e-07, -9.499490261077881e-08, 1, 0.000001218169927597046, 5.271285772323608e-07, -0.0000011585652828216553, 1),
            ["LeftFoot"] = CFrame.new(-0.000002686218067537993, -0.033856093883514404, -0.03665842115879059, 0.9997144937515259, 0.023842841386795044, 0.001639085472561419, -0.02172640897333622, 0.9352617263793945, -0.35329607129096985, -0.0099559985101223, 0.35315296053886414, 0.9355101585388184),
            ["LowerTorso"] = CFrame.new(-6.808575481187518e-09, -0.25649356842041016, -1.3589729341845214e-10, 1, -4.3043893782623854e-08, -5.730782248747346e-08, 2.4921344987660632e-08, 0.9585075974464417, -0.28506696224212646, 6.720038214780288e-08, 0.2850668728351593, 0.9585075974464417),
            ["RightLowerLeg"] = CFrame.new(5.4016709327697754e-08, -1.1920928955078125e-07, 8.847564458847046e-08, 0.999998927116394, 0.0011444410774856806, 0.0010123832616955042, -0.0011446070857346058, 0.12208174914121628, 0.9925219416618347, 0.0010121766244992614, -0.9925194978713989, 0.12206307053565979),
            ["LeftUpperLeg"] = CFrame.new(1.1920928955078125e-07, -0.0003382930299267173, -0.0001273867819691077, 0.6807085871696472, 0.5299971103668213, 0.5057106614112854, -0.2235938012599945, 0.8077083230018616, -0.5455282926559448, -0.697597086429596, 0.2582833766937256, 0.6683230996131897),
            ["LeftLowerLeg"] = CFrame.new(-5.587935447692871e-09, 5.960464477539063e-08, -9.033828973770142e-08, 0.9999991059303284, 0.0010175603674724698, 0.0009010585490614176, -0.001017501694150269, 0.12102874368429184, 0.9926508665084839, 0.0009011077927425504, -0.9926486015319824, 0.1210099533200264),
        }},
        {Time = 0.100, Data = {
            ["RightFoot"] = CFrame.new(0.00004710222128778696, -0.03386735916137695, -0.03664799779653549, 0.9997748136520386, -0.013119474984705448, 0.016680581495165825, 0.020812753587961197, 0.7599753141403198, -0.6496275663375854, -0.0041561732068657875, 0.649819552898407, 0.760069727897644),
            ["LeftLowerArm"] = CFrame.new(-2.9802322387695312e-08, -2.980232238769531e-07, -1.6624107956886292e-07, 1, 0.000010991002454829868, 0.0000031204140213958453, -0.0000021029263734817505, 0.447265625, -0.8944011330604553, -0.000011205673217773438, 0.8944011330604553, 0.447265625),
            ["RightUpperArm"] = CFrame.new(0, -1.1920928955078125e-07, 1.0783320192331303e-07, 0.4111621081829071, -0.808391809463501, 0.4212612807750702, -0.05305110290646553, 0.440127968788147, 0.896367609500885, -0.9100172519683838, -0.39088380336761475, 0.13807319104671478),
            ["Head"] = CFrame.new(-1.1827294699173763e-10, -1.1920928955078125e-07, 3.624289846015927e-08, 1, 9.926953481453893e-09, -4.1472224959759885e-11, -9.915860132991838e-09, 0.9990602731704712, 0.04334346204996109, 4.718898605204913e-10, -0.0433431901037693, 0.9990602135658264),
            ["RightHand"] = CFrame.new(4.0978193283081055e-08, -5.960464477539063e-08, -1.3061799108982086e-07, 1, -4.0512535548486994e-08, 4.197063958599756e-07, 4.703179712350902e-08, 1, 0.000001196167545458593, -5.002148668609152e-07, -0.0000011558878441064735, 1),
            ["UpperTorso"] = CFrame.new(-2.1220358803475392e-11, -1.7881393432617188e-07, -4.105687523292545e-08, 1, 2.3590104092363617e-08, 3.242870860731273e-09, -2.3590073894297348e-08, 0.9629054069519043, 0.2698391377925873, 3.242918156232122e-09, -0.26983925700187683, 0.9629054069519043),
            ["HumanoidRootPart"] = CFrame.new(0, 0, 0, 1, 0, 0, 0, 1, 0, 0, 0, 1),
            ["RightUpperLeg"] = CFrame.new(-2.086162567138672e-07, 0.00038017460610717535, 0.00014328383258543909, 0.6748319864273071, -0.6404509544372559, -0.3666425049304962, 0.2172926515340805, 0.6472360491752625, -0.7306567430496216, 0.7052558660507202, 0.413410484790802, 0.5759462118148804),
            ["LeftUpperArm"] = CFrame.new(0, -1.1920928955078125e-07, -6.701237964534812e-08, 0.41116204857826233, 0.8083920478820801, -0.42126089334487915, 0.05305085331201553, 0.4401276707649231, 0.8963677883148193, 0.9100172519683838, -0.39088359475135803, 0.13807328045368195),
            ["RightLowerArm"] = CFrame.new(0, -3.5762786865234375e-07, -1.3597309589385986e-07, 1, -0.000011178198292327579, -0.0000029468028515111655, 0.000002387911081314087, 0.44537582993507385, -0.8953437209129333, 0.000011280179023742676, 0.8953436613082886, 0.44537582993507385),
            ["LeftHand"] = CFrame.new(-8.288770914077759e-08, -1.7881393432617188e-07, 2.093147486448288e-07, 1, 5.494803190231323e-08, -5.377751790547336e-07, -9.126962652317161e-08, 1, 0.0000011982630212514778, 5.078546223558078e-07, -0.0000011638621799647808, 1),
            ["LeftFoot"] = CFrame.new(0.000027916627004742622, -0.03384816646575928, -0.036665599793195724, 0.9998233318328857, 0.010866447351872921, -0.015336960554122925, -0.018230440095067024, 0.7595768570899963, -0.6501707434654236, 0.004586617927998304, 0.6503267884254456, 0.7596333026885986),
            ["LowerTorso"] = CFrame.new(-1.1989054193861648e-08, -0.6050592660903931, -2.248764019441296e-08, 1, -4.3043893782623854e-08, -5.730782248747346e-08, 2.4921344987660632e-08, 0.9585075974464417, -0.28506696224212646, 6.720038214780288e-08, 0.2850668728351593, 0.9585075974464417),
            ["RightLowerLeg"] = CFrame.new(2.7474015951156616e-08, 0, 2.8870999813079834e-08, 0.9999983310699463, 0.0010884536895900965, 0.001533595030196011, -0.0010885193478316069, -0.32994920015335083, 0.9439938068389893, 0.001533525763079524, -0.9439980387687683, -0.32995980978012085),
            ["LeftUpperLeg"] = CFrame.new(1.1920928955078125e-07, -0.00033817836083471775, -0.00012740214879158884, 0.6763117909431458, 0.6388422250747681, 0.36672186851501465, -0.21545255184173584, 0.6476263403892517, -0.7308559417724609, -0.7044023275375366, 0.41528385877609253, 0.5756428837776184),
            ["LeftLowerLeg"] = CFrame.new(4.6566128730773926e-08, -2.384185791015625e-07, 1.3969838619232178e-08, 0.9999986886978149, 0.000967463303823024, 0.0013641235418617725, -0.0009673164458945394, -0.3307647109031677, 0.9437084794044495, 0.0013641902478411794, -0.9437128305435181, -0.330775648355484),
        }},
        {Time = 0.133, Data = {
            ["RightFoot"] = CFrame.new(0.00004710446228273213, -0.03386729955673218, -0.03664793074131012, 0.9997153878211975, -0.008307024836540222, 0.02236628718674183, 0.022558756172657013, 0.6343453526496887, -0.7727281451225281, -0.007769606076180935, 0.7730051875114441, 0.6343429684638977),
            ["LeftLowerArm"] = CFrame.new(0, -1.7881393432617188e-07, 2.752058207988739e-07, 1, 0.000014500692486763, -0.000001142965629696846, -0.0000030207447707653046, 0.13367880880832672, -0.9910247325897217, -0.000014232471585273743, 0.9910247921943665, 0.1336788386106491),
            ["RightUpperArm"] = CFrame.new(-5.960464477539063e-08, -1.1920928955078125e-07, 1.1155850643262966e-07, 0.40037691593170166, -0.8730785846710205, 0.27828899025917053, 0.0022573089227080345, 0.3046310245990753, 0.9524682760238647, -0.9163478016853333, -0.38070178031921387, 0.12393411993980408),
            ["Head"] = CFrame.new(-2.424815903623312e-11, -1.1920928955078125e-07, 3.996818875862118e-08, 1, 3.5223983729792963e-09, 7.246703931373943e-11, -3.522472979966551e-09, 0.9991775155067444, 0.040552835911512375, 7.062077311825732e-11, -0.04055256396532059, 0.9991774559020996),
            ["RightHand"] = CFrame.new(-6.332993507385254e-08, -4.172325134277344e-07, -7.031485438346863e-08, 1, -1.1175872671742582e-08, 4.626345457836578e-07, 5.401672353855247e-08, 1, 0.0000011771918480008026, -4.3911870761803584e-07, -0.0000011287630741207977, 1),
            ["UpperTorso"] = CFrame.new(-7.061640161509786e-11, -1.4901161193847656e-07, -1.1254551068873297e-08, 1, 2.3590102316006778e-08, 3.242885071585988e-09, -2.3590075670654187e-08, 0.9629054069519043, 0.2698391377925873, 3.2429106067155544e-09, -0.26983925700187683, 0.9629054069519043),
            ["HumanoidRootPart"] = CFrame.new(0, 0, 0, 1, 0, 0, 0, 1, 0, 0, 0, 1),
            ["RightUpperLeg"] = CFrame.new(-2.086162567138672e-07, 0.00038005970418453217, 0.00014332853606902063, 0.6740557551383972, -0.6897478699684143, -0.2643795311450958, 0.2113913595676422, 0.5230532288551331, -0.8256651163101196, 0.7077872157096863, 0.5006628632545471, 0.49837803840637207),
            ["LeftUpperArm"] = CFrame.new(0, -1.1920928955078125e-07, -6.328710355774092e-08, 0.40037664771080017, 0.8730788826942444, -0.2782886028289795, -0.002257445827126503, 0.3046306371688843, 0.9524683356285095, 0.9163479208946228, -0.3807015120983124, 0.12393396347761154),
            ["RightLowerArm"] = CFrame.new(-2.9802322387695312e-08, -1.1920928955078125e-07, 6.193295121192932e-08, 1, -0.00001466646972403396, 0.0000013043173794358154, 0.0000032535749596718233, 0.1336788386106491, -0.9910247921943665, 0.000014353541700984351, 0.9910247325897217, 0.1336788684129715),
            ["LeftHand"] = CFrame.new(-1.1175870895385742e-08, -3.5762786865234375e-07, 3.3993273973464966e-08, 1, 7.636847243475131e-08, -5.753245204687119e-07, -6.332993507385254e-08, 1, 0.000001218169927597046, 4.5658089220523834e-07, -0.0000011585655101953307, 1),
            ["LeftFoot"] = CFrame.new(0.000041946565033867955, -0.033844828605651855, -0.036668818444013596, 0.9997666478157043, 0.005922436248511076, -0.020777015015482903, -0.0198231004178524, 0.6338433027267456, -0.7732147574424744, 0.008590458892285824, 0.7734388709068298, 0.6338039040565491),
            ["LowerTorso"] = CFrame.new(1.7207346658665301e-12, -0.8312641382217407, -1.358961831954275e-10, 1, -4.3043893782623854e-08, -5.730782248747346e-08, 2.4921344987660632e-08, 0.9585075974464417, -0.28506696224212646, 6.720038214780288e-08, 0.2850668728351593, 0.9585075974464417),
            ["RightLowerLeg"] = CFrame.new(5.51808625459671e-08, 0, 2.1420419216156006e-08, 0.9999979734420776, 0.0009451927617192268, 0.0018134372076019645, -0.0009453124948777258, -0.5726900696754456, 0.8197687864303589, 0.001813441631384194, -0.8197714686393738, -0.572691798210144),
            ["LeftUpperLeg"] = CFrame.new(1.1920928955078125e-07, -0.0003382930299267173, -0.0001273867819691077, 0.6757105588912964, 0.6879773736000061, 0.2647678256034851, -0.20941486954689026, 0.5235140323638916, -0.8258767127990723, -0.7067960500717163, 0.5026134252548218, 0.49782082438468933),
            ["LeftLowerLeg"] = CFrame.new(9.842915460467339e-08, -5.960464477539063e-08, -1.424923539161682e-07, 0.9999983310699463, 0.0008399662910960615, 0.0016128532588481903, -0.0008398172212764621, -0.57334303855896, 0.8193122744560242, 0.001612858148291707, -0.8193150758743286, -0.5733453035354614),
        }},
        {Time = 0.167, Data = {
            ["RightFoot"] = CFrame.new(0.000047196284867823124, -0.03386735916137695, -0.03664795681834221, 0.9995586276054382, -0.008913164027035236, 0.028343021869659424, 0.027944136410951614, 0.6059659719467163, -0.7950060367584229, -0.010088430717587471, 0.7954407334327698, 0.6059390306472778),
            ["LeftLowerArm"] = CFrame.new(0, -5.960464477539063e-08, 1.1455267667770386e-07, 1, 0.00001582130789756775, -0.000004330650426709326, -0.0000033248215913772583, -0.0596291720867157, -0.998220682144165, -0.000016070902347564697, 0.9982206225395203, -0.059629153460264206),
            ["RightUpperArm"] = CFrame.new(0, -2.384185791015625e-07, 1.2640315105727495e-07, 0.3811115324497223, -0.8862386345863342, 0.26333755254745483, 0.03325525298714638, 0.29778963327407837, 0.9540526270866394, -0.9239307641983032, -0.3548274636268616, 0.1429583728313446),
            ["Head"] = CFrame.new(2.6915625284118505e-10, -1.1920928955078125e-07, 5.486940324317402e-08, 1, 0.0000022750637072022073, -4.352038374122458e-08, -0.0000022696076484862715, 0.9986104369163513, 0.052701469510793686, 1.6335881980467093e-07, -0.05270116403698921, 0.9986103773117065),
            ["RightHand"] = CFrame.new(5.960464477539063e-08, -2.980232238769531e-07, -3.67872416973114e-08, 1, -7.450581485102248e-09, 4.6379869900192716e-07, 1.4901161193847656e-08, 1, 0.0000011809171382992645, -5.234032869338989e-07, -0.0000011026860420315643, 1),
            ["UpperTorso"] = CFrame.new(-4.452882507166578e-11, -1.4901161193847656e-07, -1.1254551068873297e-08, 1, 2.1796775939719737e-08, 3.008805871118625e-09, -2.1822243567726218e-08, 0.964935839176178, 0.2624858319759369, 2.8180029421065456e-09, -0.26248595118522644, 0.964935839176178),
            ["HumanoidRootPart"] = CFrame.new(0, 0, 0, 1, 0, 0, 0, 1, 0, 0, 0, 1),
            ["RightUpperLeg"] = CFrame.new(-2.086162567138672e-07, 0.00038005970418453217, 0.00014332853606902063, 0.6695766448974609, -0.709947407245636, -0.21826758980751038, 0.21254906058311462, 0.4647238850593567, -0.8595640659332275, 0.7116811871528625, 0.5291564464569092, 0.4620702266693115),
            ["LeftUpperArm"] = CFrame.new(0, -2.384185791015625e-07, -4.83293263187079e-08, 0.3811115026473999, 0.8862387537956238, -0.2633371949195862, -0.033255379647016525, 0.2977895140647888, 0.9540526866912842, 0.9239307641983032, -0.35482722520828247, 0.14295847713947296),
            ["RightLowerArm"] = CFrame.new(0, -1.7881393432617188e-07, -3.8370490074157715e-07, 1, -0.00001594051718711853, 0.0000044070179683330934, 0.000003498048045003088, -0.05675093084573746, -0.9983883500099182, 0.000016193838746403344, 0.9983883500099182, -0.0567508339881897),
            ["LeftHand"] = CFrame.new(7.450580596923828e-09, -5.960464477539063e-08, 7.916241884231567e-09, 1, 7.078052277620372e-08, -4.6007340870346525e-07, -7.4505820180093e-08, 1, 0.000001199543589791574, 4.63798755845346e-07, -0.000001117587203225412, 1),
            ["LeftFoot"] = CFrame.new(0.00004181783879175782, -0.033844947814941406, -0.036668770015239716, 0.9996217489242554, 0.006435260642319918, -0.02674061618745327, -0.02517574653029442, 0.605444073677063, -0.7954958081245422, 0.011070231907069683, 0.7958618402481079, 0.6053688526153564),
            ["LowerTorso"] = CFrame.new(-1.220640144516949e-09, -0.9119653701782227, -1.3589640524003244e-10, 1, -4.3043893782623854e-08, -5.730782248747346e-08, 2.4921344987660632e-08, 0.9585075974464417, -0.28506696224212646, 6.720038214780288e-08, 0.2850668728351593, 0.9585075974464417),
            ["RightLowerLeg"] = CFrame.new(2.1012965589761734e-08, -1.1920928955078125e-07, -6.798654794692993e-08, 0.9999978542327881, 0.0008716142037883401, 0.0019079117337241769, -0.0008717261371202767, -0.6546242237091064, 0.7559525370597839, 0.0019078922923654318, -0.7559539675712585, -0.6546236276626587),
            ["LeftUpperLeg"] = CFrame.new(1.1920928955078125e-07, -0.0003382930299267173, -0.0001273867819691077, 0.6713111996650696, 0.7081523537635803, 0.21877001225948334, -0.2105579674243927, 0.4652143120765686, -0.8597888946533203, -0.7106382846832275, 0.5311270952224731, 0.4614139199256897),
            ["LeftLowerLeg"] = CFrame.new(1.62515789270401e-07, 1.1920928955078125e-07, 1.1082738637924194e-07, 0.9999983310699463, 0.000774506654124707, 0.001696694060228765, -0.0007743618334643543, -0.65521240234375, 0.7554429173469543, 0.0016967648407444358, -0.7554442882537842, -0.65521240234375),
        }},
        {Time = 0.200, Data = {
            ["RightFoot"] = CFrame.new(0.00004708199412561953, -0.033867478370666504, -0.03664799779653549, 0.9989535212516785, -0.010443665087223053, 0.04453178122639656, 0.04197315871715546, 0.5960871577262878, -0.8018277883529663, -0.018169742077589035, 0.8028519153594971, 0.5958936214447021),
            ["LeftLowerArm"] = CFrame.new(5.960464477539063e-08, -1.1920928955078125e-07, 8.847564458847046e-08, 1, 0.00001620501461729873, -0.0000059083113228552975, -0.0000034049153327941895, -0.15312783420085907, -0.9882063865661621, -0.00001691281795501709, 0.9882064461708069, -0.15312783420085907),
            ["RightUpperArm"] = CFrame.new(0, -3.5762786865234375e-07, 1.1139266575810325e-07, 0.3711117208003998, -0.8865352869033813, 0.27630066871643066, 0.05638470873236656, 0.3185124099254608, 0.9462409019470215, -0.9268748164176941, -0.3355666995048523, 0.16818475723266602),
            ["Head"] = CFrame.new(1.5362644489869126e-10, 0, 1.7616596181824207e-08, 1, 0.00001792098191799596, -2.1776597236566886e-07, -0.000017833215679274872, 0.9961659908294678, 0.08748392015695572, 0.0000017847236222223728, -0.08748352527618408, 0.9961659908294678),
            ["RightHand"] = CFrame.new(-2.9802322387695312e-08, 5.960464477539063e-08, -8.89413058757782e-08, 1, -4.4703490686970326e-08, 4.433096592038055e-07, 2.2351747119842003e-08, 1, 0.0000011846425422845641, -5.289913360684295e-07, -0.000001154840106210031, 1),
            ["UpperTorso"] = CFrame.new(-2.879385618825836e-11, -2.9802322387695312e-08, -1.1254551957051717e-08, 1, 1.6916418488222007e-08, 2.4419930522157074e-09, -1.7003765506728996e-08, 0.9701681137084961, 0.24243329465389252, 1.7319510270397132e-09, -0.24243338406085968, 0.9701681733131409),
            ["HumanoidRootPart"] = CFrame.new(0, 0, 0, 1, 0, 0, 0, 1, 0, 0, 0, 1),
            ["RightUpperLeg"] = CFrame.new(-2.086162567138672e-07, 0.00038018112536519766, 0.00014333552098833025, 0.6573904752731323, -0.7256811857223511, -0.20303510129451752, 0.21562400460243225, 0.4393199384212494, -0.8720669746398926, 0.722041666507721, 0.5295138955116272, 0.4452819526195526),
            ["LeftUpperArm"] = CFrame.new(0, -3.5762786865234375e-07, -6.31209644552655e-08, 0.3711114823818207, 0.8865354657173157, -0.27630043029785156, -0.05638495832681656, 0.3185121417045593, 0.946241021156311, 0.9268749356269836, -0.3355664610862732, 0.1681847870349884),
            ["RightLowerArm"] = CFrame.new(-5.960464477539063e-08, -1.7881393432617188e-07, 3.390014171600342e-07, 1, -0.000016249714462901466, 0.000006049870080460096, 0.000003591179847717285, -0.14838464558124542, -0.9889296889305115, 0.000016957521438598633, 0.9889297485351562, -0.1483847051858902),
            ["LeftHand"] = CFrame.new(-7.450580596923828e-08, -2.384185791015625e-07, -1.708976924419403e-07, 1, 1.0430814256778831e-07, -4.619360538526962e-07, -7.450581307466564e-08, 1, 0.0000012069941703884979, 4.917383762403915e-07, -0.0000011473895256131073, 1),
            ["LeftFoot"] = CFrame.new(0.00004189866012893617, -0.03384488821029663, -0.03666882961988449, 0.9990458488464355, 0.007926925085484982, -0.04295290261507034, -0.03921866789460182, 0.5955669283866882, -0.8023534417152405, 0.01921984925866127, 0.8032665252685547, 0.595301628112793),
            ["LowerTorso"] = CFrame.new(-1.6280937709112209e-09, -0.9416974782943726, -1.3589640524003244e-10, 1, -4.3043893782623854e-08, -5.730782248747346e-08, 2.4921344987660632e-08, 0.9585075974464417, -0.28506696224212646, 6.720038214780288e-08, 0.2850668728351593, 0.9585075974464417),
            ["RightLowerLeg"] = CFrame.new(2.0489096641540527e-08, 0, 6.612390279769897e-08, 0.9999978542327881, 0.0008425680571235716, 0.0019402209436520934, -0.0008426791173405945, -0.6826547980308533, 0.7307397127151489, 0.001940227230079472, -0.730740487575531, -0.6826534867286682),
            ["LeftUpperLeg"] = CFrame.new(1.1920928955078125e-07, -0.0003382312133908272, -0.00012734952906612307, 0.6591593623161316, 0.7239263653755188, 0.2035633623600006, -0.2136497050523758, 0.43981674313545227, -0.8723024725914001, -0.7210150957107544, 0.5314997434616089, 0.44457879662513733),
            ["LeftLowerLeg"] = CFrame.new(6.123445928096771e-08, 5.960464477539063e-08, -1.2014061212539673e-07, 0.9999983310699463, 0.0007485136156901717, 0.0017254805425181985, -0.0007484742091037333, -0.6832191944122314, 0.7302120923995972, 0.0017254913691431284, -0.7302131056785583, -0.6832184195518494),
        }},
        {Time = 0.233, Data = {
            ["RightFoot"] = CFrame.new(0.00004709392669610679, -0.0338672399520874, -0.036647967994213104, 0.9975804090499878, -0.012670164927840233, 0.06836149096488953, 0.06248323619365692, 0.5945099592208862, -0.8016626834869385, -0.030482910573482513, 0.8039883971214294, 0.5938549041748047),
            ["LeftLowerArm"] = CFrame.new(-5.960464477539063e-08, -2.384185791015625e-07, -7.450580596923828e-09, 1, 0.000016003843484213576, -0.000006645916982961353, -0.000003691762685775757, -0.17832960188388824, -0.9839707612991333, -0.00001693516969680786, 0.9839707612991333, -0.17832964658737183),
            ["RightUpperArm"] = CFrame.new(0, -1.1920928955078125e-07, 1.2345685718173627e-07, 0.354633629322052, -0.8875517845153809, 0.2941027879714966, 0.09401287883520126, 0.346798300743103, 0.9332172274589539, -0.9302670359611511, -0.303286612033844, 0.20641985535621643),
            ["Head"] = CFrame.new(-2.638422813561192e-11, -2.384185791015625e-07, 7.37208694090441e-09, 1, 0.00006033293902873993, -8.940098439325084e-08, -0.00005973399311187677, 0.990278422832489, 0.13910041749477386, 0.000008480859833071008, -0.1391000598669052, 0.9902783632278442),
            ["RightHand"] = CFrame.new(5.960464477539063e-08, -4.172325134277344e-07, 3.026798367500305e-08, 1, -1.4901161193847656e-08, 4.917383762403915e-07, 0, 1, 0.0000012591482345669647, -5.438924404188583e-07, -0.0000010952353477478027, 1),
            ["UpperTorso"] = CFrame.new(-7.643929933465188e-11, -8.940696716308594e-08, -1.1254551068873297e-08, 1, 9.69567448549924e-09, 1.790573578297483e-09, -9.85466286351766e-09, 0.9771274924278259, 0.21265462040901184, 3.1221913943113577e-10, -0.21265475451946259, 0.9771274328231812),
            ["HumanoidRootPart"] = CFrame.new(0, 0, 0, 1, 0, 0, 0, 1, 0, 0, 0, 1),
            ["RightUpperLeg"] = CFrame.new(-2.086162567138672e-07, 0.00038011930882930756, 0.00014332853606902063, 0.6391364336013794, -0.7413955926895142, -0.20453785359859467, 0.22004921734333038, 0.43110623955726624, -0.8750556707382202, 0.7369417548179626, 0.5142761468887329, 0.43868204951286316),
            ["LeftUpperArm"] = CFrame.new(0, -1.1920928955078125e-07, -6.587185907847015e-08, 0.35463348031044006, 0.8875519633293152, -0.29410260915756226, -0.09401297569274902, 0.3467981815338135, 0.9332173466682434, 0.9302670359611511, -0.30328646302223206, 0.20641998946666718),
            ["RightLowerArm"] = CFrame.new(0, -3.5762786865234375e-07, 2.0023435354232788e-07, 1, -0.000015944242477416992, 0.000006772576853109058, 0.000003889203071594238, -0.1728743016719818, -0.9849439859390259, 0.000016830861568450928, 0.9849439859390259, -0.17287425696849823),
            ["LeftHand"] = CFrame.new(-8.940696716308594e-08, -2.980232238769531e-07, -1.4435499906539917e-08, 1, 2.980232594040899e-08, -4.917383193969727e-07, -1.1920930376163597e-07, 1, 0.0000011622905731201172, 4.6938663444962003e-07, -0.0000011250377838223358, 1),
            ["LeftFoot"] = CFrame.new(0.00004192561027593911, -0.033844828605651855, -0.036668818444013596, 0.9977135062217712, 0.010142066515982151, -0.06682443618774414, -0.05976739898324013, 0.5940040349960327, -0.8022445440292358, 0.03155596926808357, 0.8043981790542603, 0.5932438969612122),
            ["LowerTorso"] = CFrame.new(1.7207346658665301e-12, -0.9459449052810669, -1.358961831954275e-10, 1, -4.3043893782623854e-08, -5.730782248747346e-08, 2.4921344987660632e-08, 0.9585075974464417, -0.28506696224212646, 6.720038214780288e-08, 0.2850668728351593, 0.9585075974464417),
            ["RightLowerLeg"] = CFrame.new(4.98257577419281e-08, 5.960464477539063e-08, -3.073364496231079e-08, 0.9999978542327881, 0.0008383803069591522, 0.0019447602098807693, -0.0008385489927604795, -0.6865630745887756, 0.727069079875946, 0.0019446819787845016, -0.7270699143409729, -0.6865615844726562),
            ["LeftUpperLeg"] = CFrame.new(1.1920928955078125e-07, -0.0003382334252819419, -0.0001273867819691077, 0.6409158706665039, 0.7397170662879944, 0.20504584908485413, -0.21810410916805267, 0.43159738183021545, -0.8753006458282471, -0.7359737753868103, 0.5162773132324219, 0.43795570731163025),
            ["LeftLowerLeg"] = CFrame.new(-4.260800778865814e-08, 0, 5.122274160385132e-08, 0.9999982714653015, 0.0007448243559338152, 0.0017294535646215081, -0.0007447741227224469, -0.6871236562728882, 0.7265392541885376, 0.0017294817371293902, -0.7265401482582092, -0.6871228218078613),
        }},
        {Time = 0.267, Data = {
            ["RightFoot"] = CFrame.new(0.00004722457379102707, -0.03386741876602173, -0.0366479717195034, 0.9952088594436646, -0.034185830503702164, 0.09160251915454865, 0.09303604066371918, 0.619186520576477, -0.7797201871871948, -0.030062848702073097, 0.7844994068145752, 0.6193912029266357),
            ["LeftLowerArm"] = CFrame.new(1.7881393432617188e-07, -1.7881393432617188e-07, -2.2444874048233032e-07, 1, 0.000015348194210673682, -0.000006034968919266248, -0.000004589557647705078, -0.09244824200868607, -0.9957175254821777, -0.000015795230865478516, 0.9957175254821777, -0.0924481749534607),
            ["RightUpperArm"] = CFrame.new(0.0005046725273132324, -0.015002012252807617, 0.00023794523440301418, 0.3395596444606781, -0.8981572389602661, 0.27932289242744446, 0.17991995811462402, 0.35350289940834045, 0.917969822883606, -0.9232161641120911, -0.2614371180534363, 0.2816208302974701),
            ["Head"] = CFrame.new(-8.125056183416746e-12, -2.384185791015625e-07, 3.6242962409005486e-08, 1, 0.0001493667223257944, 0.000002129355834767921, -0.0001465804234612733, 0.9783992171287537, 0.2067248523235321, 0.00002879441854020115, -0.20672455430030823, 0.9783992171287537),
            ["RightHand"] = CFrame.new(-5.960464477539063e-08, -4.76837158203125e-07, -1.150183379650116e-07, 1, 7.450580596923828e-09, 5.364418598219345e-07, 6.705523247774181e-08, 1, 0.0000011399389450161834, -4.768372150465439e-07, -0.0000011920928955078125, 1),
            ["UpperTorso"] = CFrame.new(-3.630873379734112e-11, -1.1920928955078125e-07, -1.1254551068873297e-08, 1, 8.947846907858548e-10, 1.2963976558921786e-09, -1.1091803031604286e-09, 0.9843573570251465, 0.17618343234062195, -1.1185155024406868e-09, -0.1761835217475891, 0.9843574166297913),
            ["HumanoidRootPart"] = CFrame.new(0, 0, 0, 1, 0, 0, 0, 1, 0, 0, 0, 1),
            ["RightUpperLeg"] = CFrame.new(-2.086162567138672e-07, 0.0003803463187068701, 0.00014328755787573755, 0.618155300617218, -0.7369558215141296, -0.2734595239162445, 0.22238092124462128, 0.4976275861263275, -0.8383960127830505, 0.7539434432983398, 0.45745259523391724, 0.47149980068206787),
            ["LeftUpperArm"] = CFrame.new(-0.0005047321319580078, -0.015002012252807617, 0.00023774064902681857, 0.339559406042099, 0.8981573581695557, -0.2793227732181549, -0.17992007732391357, 0.35350272059440613, 0.9179698824882507, 0.9232162833213806, -0.26143690943717957, 0.2816208302974701),
            ["RightLowerArm"] = CFrame.new(0, -5.960464477539063e-08, -1.6391277313232422e-07, 1, -0.00001514703399152495, 0.000006258488610910717, 0.000004932284809910925, -0.08713921159505844, -0.9961961507797241, 0.000015616418750141747, 0.9961961507797241, -0.08713919669389725),
            ["LeftHand"] = CFrame.new(-1.1920928955078125e-07, 0, -1.1129304766654968e-07, 1, 5.960464477539063e-08, -4.4703489265884855e-07, -1.3411046495548362e-07, 1, 0.0000011771918480008026, 5.066395374342392e-07, -0.0000011622905731201172, 1),
            ["LeftFoot"] = CFrame.new(0.000036912475479766726, -0.03384602069854736, -0.036667708307504654, 0.9954246878623962, 0.031792107969522476, -0.09010644257068634, -0.09039976447820663, 0.6187703013420105, -0.7803604006767273, 0.03094503842294216, 0.7849284410476685, 0.6188040971755981),
            ["LowerTorso"] = CFrame.new(1.3467778003928288e-09, -0.8443107604980469, 0.0026568470057100058, 1, -4.3043893782623854e-08, -5.730782248747346e-08, 2.4921344987660632e-08, 0.9585075974464417, -0.28506696224212646, 6.720038214780288e-08, 0.2850668728351593, 0.9585075974464417),
            ["RightLowerLeg"] = CFrame.new(-5.855690687894821e-08, 5.960464477539063e-08, 1.6298145055770874e-07, 0.9999979734420776, 0.0009338821400888264, 0.0018294374458491802, -0.0009340547258034348, -0.5865098237991333, 0.8099390864372253, 0.0018293641041964293, -0.8099416494369507, -0.5865112543106079),
