return {
    ["California Gurls"] = {
        {Time = 0.000, Data = {
            ["LeftFoot"] = CFrame.new(2.0489096641540527e-08, 2.384185791015625e-07, 5.587935447692871e-09, 0.9733883142471313, -0.1949937343597412, -0.12038546800613403, 0.176890030503273, 0.9733050465583801, -0.14624421298503876, 0.14568856358528137, 0.12105747312307358, 0.9818961024284363),
            ["LeftLowerArm"] = CFrame.new(-6.258487701416016e-07, -0.000001430511474609375, 0.0000045299530029296875, 1, 8.940695295223122e-08, 6.109476657911728e-07, 2.1420419216156006e-08, 0.9265124797821045, -0.376263827085495, -5.662441253662109e-07, 0.37626391649246216, 0.9265126585960388),
            ["LowerTorso"] = CFrame.new(-0.0425439327955246, -0.10394108295440674, -0.014592079445719719, 0.9629666805267334, 0.07744953036308289, -0.2582571506500244, -0.08266732096672058, 0.9965330362319946, -0.009389323182404041, 0.25663453340530396, 0.030391031876206398, 0.9660305976867676),
            ["Head"] = CFrame.new(-6.05359673500061e-09, -8.344650268554688e-07, -1.862645149230957e-08, 0.9223779439926147, 0.028298882767558098, 0.3852507472038269, -0.01085489708930254, 0.9988179802894592, -0.04738007113337517, -0.3861362934112549, 0.03952038660645485, 0.9215948581695557),
            ["RightUpperArm"] = CFrame.new(-0.02920234203338623, -0.023886919021606445, 0.06496614217758179, 0.02542209066450596, -0.9979690313339233, 0.058408208191394806, 0.998590886592865, 0.022629231214523315, -0.048002179712057114, 0.04658317193388939, 0.05954640358686447, 0.9971380233764648),
            ["UpperTorso"] = CFrame.new(-8.149072527885437e-09, -2.980232238769531e-07, -1.234002411365509e-08, 0.9873670935630798, -0.07776026427745819, -0.13805630803108215, 0.08464471250772476, 0.99540776014328, 0.044707827270030975, 0.13394589722156525, -0.05582880973815918, 0.9894148707389832),
            ["HumanoidRootPart"] = CFrame.new(0, 0, 0, 1, 0, 0, 0, 1, 0, 0, 0, 1),
            ["RightHand"] = CFrame.new(4.847534000873566e-07, 3.5762786865234375e-07, -8.959323167800903e-07, 0.6920375823974609, -0.6875982284545898, -0.2197544276714325, 0.7213128209114075, 0.6468223333358765, 0.24764858186244965, -0.028141377493739128, -0.3298934996128082, 0.9435985684394836),
            ["LeftUpperArm"] = CFrame.new(0.02920287847518921, -0.023888826370239258, 0.06496517360210419, 0.704757571220398, 0.16200268268585205, -0.6907016634941101, -0.43746164441108704, 0.8656930923461914, -0.24331776797771454, 0.5585196614265442, 0.4736354649066925, 0.6809756755828857),
            ["RightLowerArm"] = CFrame.new(0.0000019669532775878906, 0.0000011920928955078125, -0.0000035781413316726685, 1, -0.000019584089386626147, -7.909258670224517e-07, 0.00001913332198455464, 0.9839873313903809, -0.17823806405067444, 0.000004316330432629911, 0.17823849618434906, 0.9839873909950256),
            ["LeftHand"] = CFrame.new(-0.000001430511474609375, -4.76837158203125e-07, 8.940696716308594e-08, 0.36861464381217957, 0.8899084329605103, -0.2686826288700104, -0.8937826752662659, 0.4187285006046295, 0.16067658364772797, 0.2554914355278015, 0.18091288208961487, 0.9497329592704773),
            ["RightUpperLeg"] = CFrame.new(-8.940696716308594e-08, -2.0046718418598175e-07, -9.145878721028566e-09, 0.9047344326972961, -0.3426331579685211, 0.25309741497039795, 0.4121037423610687, 0.8544188141822815, -0.31644758582115173, -0.10782575607299805, 0.39060327410697937, 0.9142224788665771),
            ["LeftUpperLeg"] = CFrame.new(2.9802322387695312e-08, -5.122274160385132e-08, 3.725290298461914e-09, 0.8429079055786133, 0.20898620784282684, 0.4958133399486542, -0.15456928312778473, 0.9766965508460999, -0.14890369772911072, -0.5153780579566956, 0.04887459799647331, 0.8555681705474854),
            ["RightLowerLeg"] = CFrame.new(-2.421438694000244e-07, -0.0007265806198120117, 0.00004612917109625414, 1, 8.94070240065048e-08, -2.6822095833267667e-07, -3.725290653733282e-08, 0.9029772877693176, 0.429688036441803, 2.3469331722481002e-07, -0.4296882450580597, 0.902977466583252),
            ["RightFoot"] = CFrame.new(-4.889443516731262e-08, 2.980232238769531e-07, 3.336026566103101e-08, 0.9764810800552368, 0.21104887127876282, -0.044082045555114746, -0.21184661984443665, 0.977199375629425, -0.014230135828256607, 0.04007374867796898, 0.023234162479639053, 0.9989266395568848),
            ["LeftLowerLeg"] = CFrame.new(7.450580596923828e-08, -0.0007265806198120117, 0.00008092820644378662, 1, 1.862645326866641e-08, -1.6763804566721774e-08, -1.862644971595273e-08, 0.9522227644920349, 0.3054044544696808, 3.352760913344355e-08, -0.30540451407432556, 0.9522227048873901),
        }},
        {Time = 0.033, Data = {
            ["LeftFoot"] = CFrame.new(-2.60770320892334e-08, 2.384185791015625e-07, 4.0978193283081055e-08, 0.9623542428016663, -0.18835270404815674, -0.1959531009197235, 0.13978122174739838, 0.9612764120101929, -0.2375059574842453, 0.23309995234012604, 0.2011743038892746, 0.951416552066803),
            ["LeftLowerArm"] = CFrame.new(-6.556510925292969e-07, -6.556510925292969e-07, 0.000004604458808898926, 1, 2.0116567611694336e-07, 5.587934879258682e-07, 5.05533606087738e-08, 0.9301617741584778, -0.36714985966682434, -6.109476657911728e-07, 0.36715012788772583, 0.9301617741584778),
            ["LowerTorso"] = CFrame.new(0.010496299713850021, -0.1371227502822876, 0.012538205832242966, 0.9901521801948547, -0.03506305068731308, -0.13553331792354584, 0.03532375767827034, 0.9993758201599121, -0.0004815513966605067, 0.1354655921459198, -0.0043107373639941216, 0.9907727837562561),
            ["Head"] = CFrame.new(-7.450580596923828e-09, -7.152557373046875e-07, -3.725290298461914e-09, 0.929165780544281, 0.1181948110461235, 0.3502584397792816, -0.1014944314956665, 0.9926623106002808, -0.06572997570037842, -0.35545727610588074, 0.025524664670228958, 0.9343439340591431),
            ["RightUpperArm"] = CFrame.new(-0.029202401638031006, -0.023886799812316895, 0.0649661123752594, 0.050270333886146545, -0.9966781139373779, 0.06407640129327774, 0.9980021715164185, 0.04767218604683876, -0.04146161302924156, 0.03826943039894104, 0.06603185832500458, 0.997083306312561),
            ["UpperTorso"] = CFrame.new(1.4202669262886047e-08, -2.682209014892578e-07, -1.3766111806035042e-08, 0.9706819653511047, 0.002862017834559083, -0.24035091698169708, 0.010650220327079296, 0.9984350800514221, 0.054901041090488434, 0.24013173580169678, -0.05585123226046562, 0.9691323041915894),
            ["HumanoidRootPart"] = CFrame.new(0, 0, 0, 1, 0, 0, 0, 1, 0, 0, 0, 1),
            ["RightHand"] = CFrame.new(-1.6507692635059357e-07, 4.172325134277344e-07, -8.381903171539307e-07, 0.6711218357086182, -0.694943904876709, -0.2581619322299957, 0.7412840723991394, 0.6336036920547485, 0.22146238386631012, 0.009667983278632164, -0.3399990200996399, 0.9403759241104126),
            ["LeftUpperArm"] = CFrame.new(0.029202938079833984, -0.023888826370239258, 0.0649651437997818, 0.609574556350708, 0.20606853067874908, -0.7654743194580078, -0.4812522232532501, 0.8635178804397583, -0.15077714622020721, 0.629932701587677, 0.46029627323150635, 0.6255520582199097),
            ["RightLowerArm"] = CFrame.new(8.046627044677734e-07, 0.0000011324882507324219, -0.0000034458935260772705, 1, -0.0000195605698536383, -9.463402648179908e-07, 0.00001912691914185416, 0.9851468205451965, -0.17171388864517212, 0.000004285014711058466, 0.17171455919742584, 0.9851468801498413),
            ["LeftHand"] = CFrame.new(-0.000001430511474609375, -3.5762786865234375e-07, 1.1920928955078125e-07, 0.375839501619339, 0.8920321464538574, -0.25105202198028564, -0.8971067667007446, 0.41813433170318604, 0.14269277453422546, 0.23225858807563782, 0.17158770561218262, 0.9573984742164612),
            ["RightUpperLeg"] = CFrame.new(2.9802322387695312e-08, -3.0788942240178585e-07, 2.321030478924513e-09, 0.9602035880088806, -0.2552104592323303, 0.11347594112157822, 0.27845367789268494, 0.906345546245575, -0.31780704855918884, -0.021740762516856194, 0.3367571532726288, 0.9413405656814575),
            ["LeftUpperLeg"] = CFrame.new(-2.9802322387695312e-08, 1.0062649380415678e-07, 6.6356733441352844e-09, 0.8358731269836426, 0.42810600996017456, 0.34357190132141113, -0.2518789768218994, 0.8552497029304504, -0.45288529992103577, -0.4877225458621979, 0.29201599955558777, 0.8227109909057617),
            ["RightLowerLeg"] = CFrame.new(-1.601874828338623e-07, -0.0007264614105224609, 0.000046211360313463956, 1, 1.1362139673565252e-07, -2.272427366278862e-07, 2.2351738238057806e-08, 0.8986704349517822, 0.4386242628097534, 2.8219071168678056e-07, -0.43862447142601013, 0.8986705541610718),
            ["RightFoot"] = CFrame.new(3.026798367500305e-08, 1.7881393432617188e-07, 2.2184394765645266e-08, 0.9749616980552673, 0.21193347871303558, -0.06733445823192596, -0.21690958738327026, 0.9730703830718994, -0.07800192385911942, 0.048990003764629364, 0.09065444767475128, 0.9946767091751099),
            ["LeftLowerLeg"] = CFrame.new(2.9802322387695312e-08, -0.0007264018058776855, 0.00008091330528259277, 1, 8.940696716308594e-08, 3.725290298461914e-09, -5.960463766996327e-08, 0.7909466028213501, 0.611885130405426, 6.70552182668871e-08, -0.6118852496147156, 0.7909467220306396),
        }},
        {Time = 0.067, Data = {
            ["LeftFoot"] = CFrame.new(1.1175870895385742e-08, 1.7881393432617188e-07, -2.9802322387695312e-08, 0.9427831172943115, -0.22865258157253265, -0.24264848232269287, 0.15273958444595337, 0.9431248903274536, -0.2952730655670166, 0.29636260867118835, 0.24131634831428528, 0.924086332321167),
            ["LeftLowerArm"] = CFrame.new(-6.258487701416016e-07, -9.5367431640625e-07, 0.0000045299530029296875, 1, 2.011657045386528e-07, 5.848706337019394e-07, 4.656612162534657e-08, 0.9353671669960022, -0.3536781668663025, -5.960463909104874e-07, 0.353678435087204, 0.935367226600647),
            ["LowerTorso"] = CFrame.new(0.053613029420375824, -0.1935431957244873, 0.024450521916151047, 0.991264820098877, -0.13096511363983154, -0.015565631911158562, 0.1310330480337143, 0.9913721084594727, 0.0034241038374602795, 0.01498289406299591, -0.0054338048212230206, 0.9998730421066284),
            ["Head"] = CFrame.new(-5.587935447692871e-09, -5.960464477539062e-07, 3.725290298461914e-09, 0.92747563123703, 0.20030003786087036, 0.3157038390636444, -0.183944970369339, 0.9795843958854675, -0.08110853284597397, -0.32550469040870667, 0.017153915017843246, 0.9453848600387573),
            ["RightUpperArm"] = CFrame.new(-0.02920246124267578, -0.023886442184448242, 0.06496613472700119, 0.06086238473653793, -0.997883677482605, 0.022894257679581642, 0.9937149286270142, 0.05841781944036484, -0.0954882949590683, 0.0939488336443901, 0.028561437502503395, 0.9951672554016113),
            ["UpperTorso"] = CFrame.new(2.601882442831993e-08, -2.9802322387695312e-08, -1.1639713193289936e-08, 0.9455981254577637, 0.07087498903274536, -0.31752318143844604, -0.05012409761548042, 0.9960670471191406, 0.07306250184774399, 0.32145270705223083, -0.05317220836877823, 0.9454315900802612),
            ["HumanoidRootPart"] = CFrame.new(0, 0, 0, 1, 0, 0, 0, 1, 0, 0, 0, 1),
            ["RightHand"] = CFrame.new(-7.450580596923828e-08, 5.960464477539062e-07, -8.344650268554688e-07, 0.6737872362136841, -0.6852477788925171, -0.27648860216140747, 0.7384157180786133, 0.6383072137832642, 0.21750134229660034, 0.0274422075599432, -0.35071271657943726, 0.9360808730125427),
            ["LeftUpperArm"] = CFrame.new(0.029202938079833984, -0.023888468742370605, 0.06496517360210419, 0.5012651681900024, 0.23812121152877808, -0.8318822979927063, -0.5142245292663574, 0.8551841378211975, -0.06506512314081192, 0.6959211826324463, 0.46038928627967834, 0.5511247515678406),
            ["RightLowerArm"] = CFrame.new(6.258487701416016e-07, 0.0000010728836059570312, -0.00000356137752532959, 1, -0.000019590834199334495, -5.508773597284744e-07, 0.00001908280137286056, 0.9815278053283691, -0.19131948053836823, 0.000004271045781933935, 0.1913197934627533, 0.9815278053283691),
            ["LeftHand"] = CFrame.new(-0.0000014156103134155273, -6.556510925292969e-07, 3.203749656677246e-07, 0.3625417947769165, 0.8999871015548706, -0.24205346405506134, -0.9074273109436035, 0.4000883400440216, 0.12846656143665314, 0.2124597281217575, 0.17306815087795258, 0.9617205858230591),
            ["RightUpperLeg"] = CFrame.new(-2.9802322387695312e-08, -1.3272801879793406e-07, -4.489265847951174e-09, 0.9710206985473633, -0.2258872240781784, -0.07806224375963211, 0.18383285403251648, 0.9146556258201599, -0.36001473665237427, 0.1527228206396103, 0.3352312445640564, 0.9296750426292419),
            ["LeftUpperLeg"] = CFrame.new(0, 1.010994310490787e-07, 9.313225746154785e-10, 0.8298240303993225, 0.5408037304878235, 0.1375623196363449, -0.3466956615447998, 0.6928161978721619, -0.6323036551475525, -0.4372575283050537, 0.477008581161499, 0.7624098658561707),
            ["RightLowerLeg"] = CFrame.new(4.470348358154297e-08, -0.0007263422012329102, 0.00004614314093487337, 1, 1.415610881849716e-07, -2.3841860752327193e-07, -8.568167686462402e-08, 0.8346602916717529, 0.5507649779319763, 2.942979335784912e-07, -0.5507652163505554, 0.8346604108810425),
            ["RightFoot"] = CFrame.new(2.514570951461792e-08, 2.980232238769531e-07, 5.420588422566652e-09, 0.9574034810066223, 0.28528037667274475, -0.044651810079813004, -0.28857770562171936, 0.9399150013923645, -0.18243564665317535, -0.010076344944536686, 0.18755005300045013, 0.9822033643722534),
            ["LeftLowerLeg"] = CFrame.new(7.450580596923828e-08, -0.0007266998291015625, 0.00008098781108856201, 1, 4.470348358154297e-08, 1.862645326866641e-08, -8.940698847936801e-08, 0.6192054748535156, 0.7852290272712708, -1.4901164746561335e-08, -0.7852290272712708, 0.6192055344581604),
        }},
        {Time = 0.100, Data = {
            ["LeftFoot"] = CFrame.new(-9.313225746154785e-08, 1.7881393432617188e-07, 0, 0.9418250918388367, -0.2564559280872345, -0.21724608540534973, 0.1651051938533783, 0.9160222411155701, -0.36557304859161377, 0.29275569319725037, 0.3084374964237213, 0.905074954032898),
            ["LeftLowerArm"] = CFrame.new(-9.834766387939453e-07, -0.0000012516975402832031, 0.000004678964614868164, 1, 2.7567151050789107e-07, 6.034971988810867e-07, 1.364387571811676e-07, 0.9343215823173523, -0.35643115639686584, -5.885958671569824e-07, 0.3564312756061554, 0.9343215823173523),
            ["LowerTorso"] = CFrame.new(0.04427994787693024, -0.2667086124420166, 0.022950777783989906, 0.9908961653709412, -0.13434426486492157, 0.008743694983422756, 0.13442686200141907, 0.9908763766288757, -0.009665161371231079, -0.007365461438894272, 0.010752558708190918, 0.9999151229858398),
            ["Head"] = CFrame.new(-3.632158041000366e-08, -7.152557373046875e-07, 7.450580596923828e-09, 0.9326860904693604, 0.20099720358848572, 0.2994944155216217, -0.18526063859462738, 0.9793984889984131, -0.08035696297883987, -0.3094758093357086, 0.019463203847408295, 0.9507081508636475),
            ["RightUpperArm"] = CFrame.new(-0.02920246124267578, -0.023886799812316895, 0.06496613472700119, 0.035585809499025345, -0.9991471767425537, -0.020942015573382378, 0.9852914214134216, 0.03858230262994766, -0.16647042334079742, 0.16713663935661316, -0.014710732735693455, 0.9858241081237793),
            ["UpperTorso"] = CFrame.new(-3.6772689782083035e-08, -2.384185791015625e-07, -9.393261279910803e-09, 0.9469602108001709, 0.07322219014167786, -0.3128978908061981, -0.051667019724845886, 0.9957188963890076, 0.07664501667022705, 0.3171703815460205, -0.05641326680779457, 0.946689248085022),
            ["HumanoidRootPart"] = CFrame.new(0, 0, 0, 1, 0, 0, 0, 1, 0, 0, 0, 1),
            ["RightHand"] = CFrame.new(7.003545761108398e-07, 6.556510925292969e-07, -0.0000010132789611816406, 0.6957552433013916, -0.6627984046936035, -0.2768082022666931, 0.7181046009063721, 0.6503509283065796, 0.24773073196411133, 0.015826623886823654, -0.371136337518692, 0.928443193435669),
            ["LeftUpperArm"] = CFrame.new(0.029202818870544434, -0.023888826370239258, 0.06496526300907135, 0.4762621521949768, 0.23193886876106262, -0.8481600284576416, -0.5465087890625, 0.833730161190033, -0.07888617366552353, 0.6888414621353149, 0.5010972023010254, 0.5238335728645325),
            ["RightLowerArm"] = CFrame.new(-2.9802322387695312e-08, 0.0000011324882507324219, -0.0000034570693969726562, 1, -0.000019580127627705224, 5.401672353855247e-08, 0.000019125638573314063, 0.9752529263496399, -0.22109198570251465, 0.0000042729075175884645, 0.22109240293502808, 0.9752530455589294),
            ["LeftHand"] = CFrame.new(-0.0000010281801223754883, -1.1920928955078125e-07, 2.942979335784912e-07, 0.36377155780792236, 0.8942615389823914, -0.26071038842201233, -0.9025681614875793, 0.40758830308914185, 0.1387123018503189, 0.23030628263950348, 0.18484625220298767, 0.9553999900817871),
            ["RightUpperLeg"] = CFrame.new(0, 9.870564099401236e-08, -4.0236045606434345e-09, 0.9332159161567688, -0.3221808671951294, -0.1590837836265564, 0.2155761569738388, 0.8562340140342712, -0.4694572389125824, 0.28746315836906433, 0.4038103222846985, 0.8685057163238525),
            ["LeftUpperLeg"] = CFrame.new(2.9802322387695312e-08, 3.413297235965729e-07, -2.561137080192566e-09, 0.8433570265769958, 0.5358937978744507, 0.03958360478281975, -0.3714189827442169, 0.6345788836479187, -0.6777591109275818, -0.3883258104324341, 0.5568908452987671, 0.7342178225517273),
            ["RightLowerLeg"] = CFrame.new(-5.21540641784668e-08, -0.0007263422012329102, 0.000045912172936368734, 1, 3.054739465824241e-07, -1.266598985694145e-07, -7.450580596923828e-09, 0.6962097883224487, 0.7178382277488708, 2.8312206268310547e-07, -0.71783846616745, 0.6962099671363831),
            ["RightFoot"] = CFrame.new(1.4528632164001465e-07, 4.172325134277344e-07, -1.673470251262188e-10, 0.9240922927856445, 0.3797496557235718, 0.04293723776936531, -0.3550889194011688, 0.8947141170501709, -0.27092188596725464, -0.14129915833473206, 0.23511028289794922, 0.9616432785987854),
            ["LeftLowerLeg"] = CFrame.new(-8.940696716308594e-08, -0.0007265806198120117, 0.0000808611512184143, 1, 1.4156104555240745e-07, 7.450581307466564e-08, -7.450580596923828e-08, 0.48002463579177856, 0.8772549629211426, 1.043081283569336e-07, -0.8772550225257874, 0.4800248146057129),
        }},
        {Time = 0.133, Data = {
            ["LeftFoot"] = CFrame.new(-2.2351741790771484e-08, 2.980232238769531e-07, -2.9802322387695312e-08, 0.9588587284088135, -0.24702590703964233, -0.13988596200942993, 0.16235268115997314, 0.881394624710083, -0.44360461831092834, 0.23287652432918549, 0.4026434123516083, 0.8852384090423584),
            ["LeftLowerArm"] = CFrame.new(-6.854534149169922e-07, -7.152557373046875e-07, 0.000004664063453674316, 1, 2.682208730675484e-07, 6.258487701416016e-07, 6.286426668111744e-08, 0.931312084197998, -0.36422204971313477, -6.705521968797257e-07, 0.3642221689224243, 0.9313121438026428),
            ["LowerTorso"] = CFrame.new(-0.015307329595088959, -0.34300506114959717, 0.0028454922139644623, 0.9963186979293823, -0.04804951325058937, -0.07099534571170807, 0.04483781382441521, 0.9979273676872253, -0.046160273253917694, 0.07306616008281708, 0.042807064950466156, 0.9964081048965454),
            ["Head"] = CFrame.new(-3.2887328416109085e-09, -9.5367431640625e-07, -2.3283064365386963e-09, 0.9495012164115906, 0.0984763577580452, 0.29790937900543213, -0.09712466597557068, 0.9950836300849915, -0.019376052543520927, -0.29835280776023865, -0.0105369184166193, 0.9543974995613098),
            ["RightUpperArm"] = CFrame.new(-0.02920234203338623, -0.023886919021606445, 0.06496609002351761, -0.035332635045051575, -0.9993014931678772, -0.01217348501086235, 0.97835773229599, -0.032101523131132126, -0.20441526174545288, 0.20388171076774597, -0.01913384720683098, 0.9788086414337158),
            ["UpperTorso"] = CFrame.new(-4.0745362639427185e-09, -2.682209014892578e-07, -9.080395102500916e-09, 0.9692211747169495, 0.02276596985757351, -0.24513740837574005, -0.007889123633503914, 0.9980759620666504, 0.06149981915950775, 0.24606552720069885, -0.05767294391989708, 0.9675357937812805),
            ["HumanoidRootPart"] = CFrame.new(0, 0, 0, 1, 0, 0, 0, 1, 0, 0, 0, 1),
            ["RightHand"] = CFrame.new(-2.384185791015625e-07, 6.556510925292969e-07, -9.08970832824707e-07, 0.757605791091919, -0.5942463874816895, -0.2700088918209076, 0.6526477336883545, 0.6955052614212036, 0.30054008960723877, 0.009197856299579144, -0.4039105772972107, 0.9147518873214722),
            ["LeftUpperArm"] = CFrame.new(0.02920299768447876, -0.02388894557952881, 0.06496516615152359, 0.5684390664100647, 0.18373917043209076, -0.8019436001777649, -0.5406385064125061, 0.8181602358818054, -0.19576576352119446, 0.6201508641242981, 0.5448427796363831, 0.5644130706787109),
            ["RightLowerArm"] = CFrame.new(0.0000011324882507324219, 0.0000011324882507324219, -0.000003516674041748047, 1, -0.00001956522282853257, 5.71832003970485e-07, 0.00001912936568260193, 0.9693566560745239, -0.2456572949886322, 0.000004295259714126587, 0.2456575632095337, 0.9693567752838135),
            ["LeftHand"] = CFrame.new(-0.0000015497207641601562, -3.5762786865234375e-07, 2.1606683731079102e-07, 0.3698256015777588, 0.8883227109909058, -0.2722409963607788, -0.8931960463523865, 0.42059656977653503, 0.15905332565307617, 0.2557927966117859, 0.18433994054794312, 0.9489925503730774),
            ["RightUpperLeg"] = CFrame.new(5.960464477539063e-08, -2.0687002688646317e-07, 2.029992174357176e-09, 0.900386393070221, -0.4342091679573059, -0.027692625299096107, 0.33663737773895264, 0.735554575920105, -0.5879071354866028, 0.2756440043449402, 0.5200211405754089, 0.8084542751312256),
            ["LeftUpperLeg"] = CFrame.new(-1.1920928955078125e-07, -5.9371814131736755e-08, 1.862645149230957e-08, 0.8748553395271301, 0.47349900007247925, 0.10211244970560074, -0.3043580949306488, 0.7013494372367859, -0.6445736289024353, -0.3768214285373688, 0.5328298807144165, 0.7576925754547119),
            ["RightLowerLeg"] = CFrame.new(-1.043081283569336e-07, -0.0007265210151672363, 0.00004610216274159029, 1, 3.427267074584961e-07, -1.1175876579727628e-07, -1.0430811414607888e-07, 0.5295298099517822, 0.8482910990715027, 3.1664964694755326e-07, -0.8482913374900818, 0.5295303463935852),
            ["RightFoot"] = CFrame.new(1.9371509552001953e-07, 3.5762786865234375e-07, 2.2184394765645266e-08, 0.9218347072601318, 0.37210971117019653, 0.10842135548591614, -0.3234579265117645, 0.8927197456359863, -0.3137298822402954, -0.2135319709777832, 0.25413748621940613, 0.9433019161224365),
            ["LeftLowerLeg"] = CFrame.new(0, -0.0007269382476806641, 0.00008088350296020508, 1, 1.1920926112907182e-07, 2.980232594040899e-08, -5.960464477539063e-08, 0.3770018219947815, 0.9262125492095947, 7.450580596923828e-08, -0.92621248960495, 0.3770020306110382),
        }},
        {Time = 0.167, Data = {
            ["LeftFoot"] = CFrame.new(6.891787052154541e-08, 5.960464477539063e-08, 2.2351741790771484e-08, 0.9693540334701538, -0.2315170019865036, -0.08217538893222809, 0.1558627039194107, 0.8381306529045105, -0.5227274298667908, 0.1898939311504364, 0.49389979243278503, 0.848530113697052),
            ["LeftLowerArm"] = CFrame.new(-8.642673492431641e-07, -0.0000015497207641601562, 0.000004738569259643555, 1, 2.0861622829215776e-07, 5.997717380523682e-07, 6.332992796842518e-08, 0.9318518042564392, -0.36283913254737854, -6.407498744920304e-07, 0.3628392517566681, 0.9318518042564392),
            ["LowerTorso"] = CFrame.new(-0.09203903377056122, -0.4014894962310791, -0.045969560742378235, 0.9739965796470642, 0.07513873279094696, -0.2137404978275299, -0.09821183234453201, 0.9901838302612305, -0.09945157170295715, 0.20416973531246185, 0.11785733699798584, 0.9718149900436401),
            ["Head"] = CFrame.new(8.381903171539307e-09, -5.960464477539062e-07, -6.05359673500061e-09, 0.9539793729782104, -0.023851044476032257, 0.29892274737358093, 0.007621164433658123, 0.9984383583068848, 0.055343374609947205, -0.29977571964263916, -0.05051836743950844, 0.9526711106300354),
            ["RightUpperArm"] = CFrame.new(-0.029202282428741455, -0.02388620376586914, 0.0649661123752594, -0.14413666725158691, -0.9882175922393799, 0.05148589611053467, 0.9598490595817566, -0.15227310359477997, -0.23559047281742096, 0.24065455794334412, 0.015461405739188194, 0.9704877138137817),
            ["UpperTorso"] = CFrame.new(1.2281816452741623e-08, -2.384185791015625e-07, -2.1944288164377213e-08, 0.9896274209022522, -0.05932912603020668, -0.1308346539735794, 0.06753715872764587, 0.9959580302238464, 0.05921493470668793, 0.12679274380207062, -0.06743691861629486, 0.9896342754364014),
            ["HumanoidRootPart"] = CFrame.new(0, 0, 0, 1, 0, 0, 0, 1, 0, 0, 0, 1),
            ["RightHand"] = CFrame.new(3.2782554626464844e-07, 5.960464477539062e-07, -7.972121238708496e-07, 0.7853972911834717, -0.5524742007255554, -0.2791465222835541, 0.6183493137359619, 0.7208160161972046, 0.31316015124320984, 0.02819984219968319, -0.4185648262500763, 0.9077489376068115),
            ["LeftUpperArm"] = CFrame.new(0.029202938079833984, -0.023888468742370605, 0.06496524810791016, 0.6848289370536804, 0.1262022852897644, -0.7176902890205383, -0.4937268793582916, 0.8047301173210144, -0.3296130299568176, 0.5359506607055664, 0.5800710916519165, 0.613413393497467),
            ["RightLowerArm"] = CFrame.new(6.556510925292969e-07, 0.0000011920928955078125, -0.0000032782554626464844, 1, -0.000019580127627705224, 7.138587534427643e-07, 0.000019133089153910987, 0.9673885703086853, -0.2532968819141388, 0.000004313885710871546, 0.25329717993736267, 0.9673885703086853),
            ["LeftHand"] = CFrame.new(-0.0000013113021850585938, -4.172325134277344e-07, 1.1175870895385742e-07, 0.3698740005493164, 0.8727113604545593, -0.3187045753002167, -0.8774512410163879, 0.44088172912597656, 0.1889471411705017, 0.305405855178833, 0.2097579538822174, 0.9288306832313538),
            ["RightUpperLeg"] = CFrame.new(-5.960464477539063e-08, -3.3620744943618774e-07, 1.6931153368204832e-08, 0.8314787149429321, -0.5143799781799316, 0.2098960280418396, 0.5184153914451599, 0.582561194896698, -0.6259937286376953, 0.19972145557403564, 0.6293137669563293, 0.7510495781898499),
            ["LeftUpperLeg"] = CFrame.new(1.1920928955078125e-07, 8.009374141693115e-08, -2.9802322387695312e-08, 0.8791861534118652, 0.37694400548934937, 0.2914533317089081, -0.19374075531959534, 0.8416419625282288, -0.5040866732597351, -0.43531185388565063, 0.3867197036743164, 0.812989354133606),
            ["RightLowerLeg"] = CFrame.new(-1.4901161193847656e-08, -0.0007262229919433594, 0.000046109613322187215, 1, 2.6822092991096724e-07, -3.7252917195473856e-08, -1.1920928955078125e-07, 0.3938971757888794, 0.9191544651985168, 3.126915544271469e-07, -0.9191545248031616, 0.39389750361442566),
            ["RightFoot"] = CFrame.new(1.3597309589385986e-07, 2.980232238769531e-07, 4.267349140718579e-08, 0.8948917984962463, 0.40929317474365234, 0.17789903283119202, -0.3349379003047943, 0.8793893456459045, -0.33836475014686584, -0.29493284225463867, 0.24321475625038147, 0.9240461587905884),
            ["LeftLowerLeg"] = CFrame.new(1.6391277313232422e-07, -0.0007265806198120117, 0.0000809989869594574, 1, 9.685754776000977e-08, -2.9802318834981634e-08, -4.470348358154297e-08, 0.36500829458236694, 0.9310042262077332, 1.1175870895385742e-07, -0.9310042858123779, 0.3650084137916565),
        }},
        {Time = 0.200, Data = {
            ["LeftFoot"] = CFrame.new(-5.4016709327697754e-08, 1.7881393432617188e-07, -7.450580596923828e-09, 0.9733045101165771, -0.2237350046634674, -0.05119731277227402, 0.16036751866340637, 0.8225070238113403, -0.5456780195236206, 0.16419723629951477, 0.522900402545929, 0.8364295959472656),
            ["LeftLowerArm"] = CFrame.new(-4.76837158203125e-07, -0.0000011324882507324219, 0.000004827976226806641, 1, 2.0861628513557662e-07, 5.997719085826247e-07, -6.705522537231445e-08, 0.9193202257156372, -0.3935105502605438, -5.960464477539062e-07, 0.39351052045822144, 0.9193202257156372),
            ["LowerTorso"] = CFrame.new(-0.14363664388656616, -0.41738617420196533, -0.09575918316841125, 0.925953209400177, 0.16610758006572723, -0.33914440870285034, -0.22374726831912994, 0.9647770524024963, -0.13835616409778595, 0.3042167127132416, 0.20399396121501923, 0.9305045008659363),
            ["Head"] = CFrame.new(2.60770320892334e-08, -7.152557373046875e-07, 9.313225746154785e-10, 0.9340344071388245, -0.10590925812721252, 0.34112024307250977, 0.0831187441945076, 0.9932593107223511, 0.08079130202531815, -0.3473774194717407, -0.047108545899391174, 0.9365414381027222),
            ["RightUpperArm"] = CFrame.new(-0.029202401638031006, -0.023886561393737793, 0.06496611982584, -0.25333061814308167, -0.9594871997833252, 0.12332107126712799, 0.9373880624771118, -0.2749707102775574, -0.2137639820575714, 0.2390134036540985, 0.06144613400101662, 0.9690701365470886),
            ["UpperTorso"] = CFrame.new(-2.7939677238464355e-09, -3.2782554626464844e-07, -6.705522537231445e-08, 0.9912092089653015, -0.12786267697811127, -0.03399325907230377, 0.1303074061870575, 0.9879465103149414, 0.08355747163295746, 0.02289951965212822, -0.08725244551897049, 0.9959229826927185),
            ["HumanoidRootPart"] = CFrame.new(0, 0, 0, 1, 0, 0, 0, 1, 0, 0, 0, 1),
            ["RightHand"] = CFrame.new(1.7881393432617188e-07, 4.76837158203125e-07, -8.814968168735504e-07, 0.7818451523780823, -0.5742363333702087, -0.24283769726753235, 0.623458206653595, 0.7227456569671631, 0.29822778701782227, 0.004256359301507473, -0.38456669449806213, 0.9230873584747314),
            ["LeftUpperArm"] = CFrame.new(0.029203057289123535, -0.023888826370239258, 0.06496524065732956, 0.7637879252433777, 0.11713143438100815, -0.6347481608390808, -0.45202523469924927, 0.7990543246269226, -0.3964672386646271, 0.4607616662979126, 0.5897393226623535, 0.6632559895515442),
            ["RightLowerArm"] = CFrame.new(8.344650268554688e-07, 0.0000010728836059570312, -0.0000034570693969726562, 1, -0.00001952424645423889, 6.763148689969967e-07, 0.000019110737412120216, 0.9675800800323486, -0.25256434082984924, 0.000004258006356394617, 0.2525644898414612, 0.9675801992416382),
            ["LeftHand"] = CFrame.new(-0.0000014007091522216797, -2.384185791015625e-07, 1.1920928955078125e-07, 0.35805395245552063, 0.859589695930481, -0.36456498503685, -0.8637121915817261, 0.45324018597602844, 0.2203921377658844, 0.3546811640262604, 0.2359638512134552, 0.9047207832336426),
            ["RightUpperLeg"] = CFrame.new(-2.9802322387695312e-08, -3.045424818992615e-07, -5.012407200410962e-08, 0.7441568970680237, -0.540001392364502, 0.39322954416275024, 0.6563752889633179, 0.48172372579574585, -0.5806150436401367, 0.12410487234592438, 0.690174400806427, 0.7129213809967041),
            ["LeftUpperLeg"] = CFrame.new(5.960464477539063e-08, -6.705522537231445e-08, 1.4901161193847656e-08, 0.8528584837913513, 0.24883684515953064, 0.4590345323085785, -0.11117000877857208, 0.94551682472229, -0.30600520968437195, -0.5101701617240906, 0.20994824171066284, 0.8340552449226379),
            ["RightLowerLeg"] = CFrame.new(-1.4901161193847656e-08, -0.0007263422012329102, 0.000046051871322561055, 1, 4.619360538526962e-07, 8.195640788244418e-08, -1.4901164746561335e-08, 0.34984299540519714, 0.9368083477020264, 3.2223769608208386e-07, -0.9368084073066711, 0.3498433232307434),
            ["RightFoot"] = CFrame.new(1.695007085800171e-07, 3.5762786865234375e-07, 5.420588422566652e-09, 0.8632130026817322, 0.4494706690311432, 0.22986920177936554, -0.35887786746025085, 0.8665765523910522, -0.34677350521087646, -0.35506367683410645, 0.2168443351984024, 0.9093450307846069),
            ["LeftLowerLeg"] = CFrame.new(0, -0.0007265806198120117, 0.00008101016283035278, 1, 4.0978193283081055e-08, 8.195639367158947e-08, -8.195636524988004e-08, 0.44521474838256836, 0.8954240083694458, 1.1920926112907182e-07, -0.8954238295555115, 0.4452145993709564),
        }},
        {Time = 0.233, Data = {
            ["LeftFoot"] = CFrame.new(2.9802322387695312e-08, 1.1920928955078125e-07, 4.470348358154297e-08, 0.9730972647666931, -0.22601677477359772, -0.04470178484916687, 0.1677166372537613, 0.827934741973877, -0.5351592898368835, 0.15796519815921783, 0.5132645964622498, 0.8435676097869873),
            ["LeftLowerArm"] = CFrame.new(-8.344650268554688e-07, -0.0000011324882507324219, 0.000004589557647705078, 1, 1.1920928955078125e-07, 6.92903995513916e-07, 5.355103471771372e-09, 0.9030830264091492, -0.4294658303260803, -4.321335609347443e-07, 0.4294659495353699, 0.903083086013794),
            ["LowerTorso"] = CFrame.new(-0.1486167013645172, -0.4023559093475342, -0.11639080941677094, 0.9106737375259399, 0.1745176613330841, -0.37445569038391113, -0.24661271274089813, 0.9568282961845398, -0.15382404625415802, 0.33144474029541016, 0.23242902755737305, 0.9143966436386108),
            ["Head"] = CFrame.new(-3.725290298461914e-09, -4.76837158203125e-07, -3.725290298461914e-09, 0.9053379893302917, -0.13335607945919037, 0.40321120619773865, 0.1104552373290062, 0.9906846284866333, 0.0796467512845993, -0.41007670760154724, -0.027570504695177078, 0.9116343855857849),
            ["RightUpperArm"] = CFrame.new(-0.02920234203338623, -0.023886919021606445, 0.0649660974740982, -0.3340800702571869, -0.9304448366165161, 0.15054088830947876, 0.9213870763778687, -0.35603997111320496, -0.155825674533844, 0.19858591258525848, 0.08664845675230026, 0.9762457609176636),
            ["UpperTorso"] = CFrame.new(9.313225746154785e-10, -4.76837158203125e-07, 5.4016709327697754e-08, 0.9919723868370056, -0.12544399499893188, -0.01595940999686718, 0.12640395760536194, 0.9872333407402039, 0.0969151183962822, 0.003598577342927456, -0.09815450012683868, 0.9951647520065308),
            ["HumanoidRootPart"] = CFrame.new(0, 0, 0, 1, 0, 0, 0, 1, 0, 0, 0, 1),
            ["RightHand"] = CFrame.new(3.5762786865234375e-07, 4.172325134277344e-07, -9.462237358093262e-07, 0.7784791588783264, -0.5793949365615845, -0.24139417707920074, 0.6276478171348572, 0.7218610644340515, 0.2915059030056, 0.005355310160666704, -0.37844184041023254, 0.9256096482276917),
            ["LeftUpperArm"] = CFrame.new(0.029203057289123535, -0.023888587951660156, 0.06496523320674896, 0.7926525473594666, 0.13853484392166138, -0.5937235355377197, -0.43374377489089966, 0.8125073909759521, -0.3894856870174408, 0.4284486770629883, 0.5662508010864258, 0.7041259407997131),
            ["RightLowerArm"] = CFrame.new(8.642673492431641e-07, 0.0000012516975402832031, -0.000003546476364135742, 1, -0.000019625762433861382, 7.890630513429642e-07, 0.00001909956154122483, 0.9664666056632996, -0.25679251551628113, 0.000004298984549677698, 0.25679269433021545, 0.9664665460586548),
            ["LeftHand"] = CFrame.new(-0.0000011622905731201172, -1.1920928955078125e-07, 2.2351741790771484e-08, 0.3607850670814514, 0.8635821342468262, -0.3522283732891083, -0.8574069142341614, 0.4557231366634369, 0.23909741640090942, 0.36699819564819336, 0.21573688089847565, 0.9048578143119812),
            ["RightUpperLeg"] = CFrame.new(-8.940696716308594e-08, -1.3131648302078247e-07, 4.6733475755900145e-08, 0.7301430106163025, -0.5352187156677246, 0.42477333545684814, 0.6781682372093201, 0.4916185140609741, -0.5462592244148254, 0.08354169130325317, 0.6869149804115295, 0.7219200730323792),
            ["LeftUpperLeg"] = CFrame.new(0, 5.21540641784668e-08, 4.470348358154297e-08, 0.8390067219734192, 0.2123630940914154, 0.5009688138961792, -0.1095544770359993, 0.9677687287330627, -0.2267632931470871, -0.5329780578613281, 0.13537251949310303, 0.8352298140525818),
            ["RightLowerLeg"] = CFrame.new(-1.4901161193847656e-07, -0.0007264614105224609, 0.00004596991493599489, 1, 3.427267074584961e-07, 0, -1.1920927533992653e-07, 0.3682459592819214, 0.9297282099723816, 3.6880368270431063e-07, -0.9297284483909607, 0.3682466149330139),
            ["RightFoot"] = CFrame.new(1.0617077350616455e-07, 2.384185791015625e-07, 2.7772330213338137e-08, 0.8599603772163391, 0.4558749794960022, 0.22944720089435577, -0.36765986680984497, 0.8651832938194275, -0.3410045802593231, -0.353969544172287, 0.20889222621917725, 0.9116303324699402),
            ["LeftLowerLeg"] = CFrame.new(-2.9802322387695312e-08, -0.0007267594337463379, 0.00008098781108856201, 1, 1.3038520307873114e-07, 0, 7.4505797087454084e-09, 0.49967247247695923, 0.8662144541740417, 7.4505797087454084e-09, -0.8662144541740417, 0.49967262148857117),
        }},
        {Time = 0.267, Data = {
            ["LeftFoot"] = CFrame.new(-1.1175870895385742e-08, 1.7881393432617188e-07, -1.4901161193847656e-08, 0.9691345691680908, -0.23720431327819824, -0.06717352569103241, 0.17397044599056244, 0.8510721325874329, -0.49538934230804443, 0.1746782660484314, 0.46841275691986084, 0.8660699725151062),
            ["LeftLowerArm"] = CFrame.new(-0.0000013113021850585938, -8.344650268554688e-07, 0.000004559755325317383, 1, 2.682208730675484e-07, 6.258487701416016e-07, 3.5390257835388184e-08, 0.8952478170394897, -0.4455685317516327, -6.556510925292969e-07, 0.44556868076324463, 0.8952478766441345),
            ["LowerTorso"] = CFrame.new(-0.11557525396347046, -0.3568613529205322, -0.12094271928071976, 0.9289680123329163, 0.13191059231758118, -0.3458586633205414, -0.20046432316303253, 0.9647533893585205, -0.17048512399196625, 0.3111794888973236, 0.22770752012729645, 0.9226682782173157),
            ["Head"] = CFrame.new(-1.862645149230957e-08, -3.5762786865234375e-07, 5.587935447692871e-09, 0.9023784399032593, -0.07251876592636108, 0.4247988760471344, 0.034895509481430054, 0.9947985410690308, 0.0956980362534523, -0.4295293390750885, -0.07153259217739105, 0.9002154469490051),
            ["RightUpperArm"] = CFrame.new(-0.029202282428741455, -0.02388632297515869, 0.06496617197990417, -0.35658618807792664, -0.9233736991882324, 0.1422225832939148, 0.9260189533233643, -0.36949875950813293, -0.07720115780830383, 0.12383633852005005, 0.10417189449071884, 0.9868195652961731),
            ["UpperTorso"] = CFrame.new(-1.1175870895385742e-08, -5.066394805908203e-07, 1.862645149230957e-09, 0.9948197603225708, -0.08908332884311676, -0.04896804317831993, 0.0933447852730751, 0.9912796020507812, 0.09301402419805527, 0.04025495797395706, -0.09710294753313065, 0.9944599866867065),
            ["HumanoidRootPart"] = CFrame.new(0, 0, 0, 1, 0, 0, 0, 1, 0, 0, 0, 1),
            ["RightHand"] = CFrame.new(6.034970283508301e-07, 4.172325134277344e-07, -9.601935744285583e-07, 0.7296007871627808, -0.6162807941436768, -0.29644539952278137, 0.6830446124076843, 0.6780282258987427, 0.2715303599834442, 0.03365882486104965, -0.4005943238735199, 0.9156371355056763),
            ["LeftUpperArm"] = CFrame.new(0.029202938079833984, -0.023888707160949707, 0.06496526300907135, 0.7667286992073059, 0.16295871138572693, -0.6209417581558228, -0.4246928095817566, 0.8540979623794556, -0.30025577545166016, 0.4814179837703705, 0.49392426013946533, 0.7240703701972961),
            ["RightLowerArm"] = CFrame.new(4.76837158203125e-07, 0.0000011920928955078125, -0.0000033676624298095703, 1, -0.000019564062313293107, 6.650807335972786e-07, 0.000019107013940811157, 0.9674302339553833, -0.25313785672187805, 0.0000042691826820373535, 0.25313812494277954, 0.9674302339553833),
            ["LeftHand"] = CFrame.new(-9.834766387939453e-07, -1.1920928955078125e-07, 3.2782554626464844e-07, 0.3691665828227997, 0.8680317997932434, -0.3320261240005493, -0.8564449548721313, 0.45646578073501587, 0.24112072587013245, 0.3608575463294983, 0.1953452229499817, 0.9119318127632141),
            ["RightUpperLeg"] = CFrame.new(2.9802322387695312e-08, -4.3259933590888977e-07, -2.4047039914876223e-08, 0.7785946726799011, -0.5236485004425049, 0.34580737352371216, 0.6243686079978943, 0.5912169814109802, -0.5105156898498535, 0.06288347393274307, 0.6133959889411926, 0.7872681617736816),
