return {
    ["California Love"] = {
        {Time = 0.000, Data = {
            ["RightFoot"] = CFrame.new(1.2293457984924316e-07, -5.960464477539063e-08, -3.090099198743701e-08, 0.9950393438339233, -0.08795946836471558, 0.04647466540336609, 0.09225908666849136, 0.9906675815582275, -0.10032953321933746, -0.037215959280729294, 0.10411963611841202, 0.9938682913780212),
            ["LeftLowerArm"] = CFrame.new(0.0000011920928955078125, -4.76837158203125e-07, 0.00000476837158203125, 1, 9.499490261077881e-08, -8.568167686462402e-08, -1.862645326866641e-08, 0.1937071979045868, -0.9810593724250793, 2.421439049271612e-08, 0.9810594320297241, 0.1937071830034256),
            ["RightUpperArm"] = CFrame.new(-0.06035834550857544, 0.006702780723571777, -0.016772130504250526, 0.38105499744415283, -0.6898163557052612, 0.6155893206596375, 0.4815042018890381, 0.7164683938026428, 0.5048039555549622, -0.7892723083496094, 0.10405080020427704, 0.6051633358001709),
            ["Head"] = CFrame.new(9.313225746154785e-09, -7.152557373046875e-07, -5.587935447692871e-09, 0.9348887205123901, 0.12116037309169769, 0.3336213231086731, -0.0910964161157608, 0.9903554916381836, -0.1043906956911087, -0.343051940202713, 0.06720183789730072, 0.9369094967842102),
            ["RightHand"] = CFrame.new(4.470348358154297e-07, 7.748603820800781e-07, -6.705522537231445e-07, 0.6137677431106567, -0.32944297790527344, 0.7174649834632874, 0.6432514786720276, 0.7355685234069824, -0.21252478659152985, -0.4577299654483795, 0.591951310634613, 0.6633833050727844),
            ["UpperTorso"] = CFrame.new(-8.847564458847046e-09, 2.086162567138672e-07, 2.7939677238464355e-09, 0.9048411250114441, 0.005968647077679634, -0.42570754885673523, -0.030532164499163628, 0.9982370138168335, -0.050900302827358246, 0.42465323209762573, 0.05905447155237198, 0.9034280776977539),
            ["HumanoidRootPart"] = CFrame.new(0, 0, 0, 1, 0, 0, 0, 1, 0, 0, 0, 1),
            ["RightUpperLeg"] = CFrame.new(0, 2.1653249859809875e-08, -2.4047039914876223e-08, 0.9273200035095215, -0.12236417084932327, -0.3537013828754425, -0.15472130477428436, 0.7351790070533752, -0.6599798202514648, 0.34079164266586304, 0.6667375564575195, 0.6628137230873108),
            ["LeftUpperArm"] = CFrame.new(0.0008126497268676758, -0.012054443359375, -0.01683897152543068, 0.3077586591243744, 0.8546020984649658, -0.4182577133178711, -0.5294804573059082, 0.5190678834915161, 0.6709837913513184, 0.790528416633606, 0.014958173967897892, 0.6122427582740784),
            ["RightLowerArm"] = CFrame.new(1.7881393432617188e-07, 8.940696716308594e-07, -0.000004023313522338867, 1, -0.000011328608707117382, 0.00001589954445080366, 0.000018976630599354394, 0.38274404406547546, -0.9238544702529907, 0.0000043511395233508665, 0.9238544702529907, 0.3827440142631531),
            ["LeftHand"] = CFrame.new(-0.0000012665987014770508, -0.0000016093254089355469, 3.725290298461914e-07, 0.6860824227333069, 0.17084185779094696, -0.7071800827980042, -0.5262596607208252, 0.7877069115638733, -0.32026374340057373, 0.5023363828659058, 0.5918876528739929, 0.6303392648696899),
            ["LeftFoot"] = CFrame.new(5.029141902923584e-08, -1.1920928955078125e-07, 2.2351741790771484e-08, 0.9749444723129272, 0.09295711666345596, -0.20209474861621857, -0.1672361046075821, 0.9053519368171692, -0.39034608006477356, 0.1466815173625946, 0.4143633544445038, 0.8982136845588684),
            ["LowerTorso"] = CFrame.new(-0.12364128977060318, -0.12944161891937256, 0.08974143862724304, 0.9936392903327942, -0.0395483560860157, 0.10543640702962875, 0.03135528415441513, 0.9964396357536316, 0.0782623216509819, -0.10815615952014923, -0.0744585394859314, 0.9913415908813477),
            ["RightLowerLeg"] = CFrame.new(-1.4901161193847656e-08, -0.0007266402244567871, 0.00004604628338711336, 1, 6.239863381551913e-08, -2.2351748896198842e-08, -6.705522537231445e-08, 0.7978657484054565, 0.6028349995613098, 7.82310962677002e-08, -0.6028351783752441, 0.7978659868240356),
            ["LeftUpperLeg"] = CFrame.new(-2.9802322387695312e-08, 1.2200325727462769e-07, 7.450580596923828e-09, 0.9689549207687378, 0.03205547854304314, 0.24515065550804138, 0.07912740111351013, 0.899198055267334, -0.4303276240825653, -0.23423339426517487, 0.4363662004470825, 0.8687458634376526),
            ["LeftLowerLeg"] = CFrame.new(-9.313225746154785e-08, -0.0007267594337463379, 0.00008094310760498047, 1, 8.195639367158947e-08, 2.6077035641947077e-08, -5.215404996761208e-08, 0.7015300393104553, 0.7126398086547852, 8.940694584680386e-08, -0.7126398086547852, 0.7015300989151001),
        }},
        {Time = 0.033, Data = {
            ["RightFoot"] = CFrame.new(1.7881393432617188e-07, -1.7881393432617188e-07, 1.6596459317952394e-08, 0.9919675588607788, -0.09870555996894836, 0.0791063904762268, 0.10809623450040817, 0.9862672090530396, -0.12486881762742996, -0.06569470465183258, 0.13241690397262573, 0.9890146255493164),
            ["LeftLowerArm"] = CFrame.new(0.0000012218952178955078, -4.76837158203125e-07, 0.000004738569259643555, 1, 6.146728992462158e-08, -5.5879368687783426e-08, -1.862645326866641e-08, 0.2179087996482849, -0.975969135761261, 0, 0.9759691953659058, 0.2179088443517685),
            ["RightUpperArm"] = CFrame.new(-0.05645477771759033, 0.002777695655822754, -0.018060708418488503, 0.4087817966938019, -0.6869980096817017, 0.6007755398750305, 0.48072192072868347, 0.7216494083404541, 0.49812495708465576, -0.7757601737976074, 0.0851815864443779, 0.6252523064613342),
            ["Head"] = CFrame.new(1.7695128917694092e-08, -4.76837158203125e-07, 1.862645149230957e-09, 0.9355959892272949, 0.10523004084825516, 0.3370266258716583, -0.08777331560850143, 0.9939071536064148, -0.06666693836450577, -0.34198859333992004, 0.03279129043221474, 0.9391319155693054),
            ["RightHand"] = CFrame.new(2.086162567138672e-07, 0.0000011324882507324219, -7.003545761108398e-07, 0.6087709069252014, -0.3298889696598053, 0.7215058207511902, 0.6459439396858215, 0.7341147661209106, -0.20936135947704315, -0.46060219407081604, 0.5935056209564209, 0.6599978804588318),
            ["UpperTorso"] = CFrame.new(2.9336661100387573e-08, -2.9802322387695312e-08, -9.313225746154785e-09, 0.9048357605934143, 0.014472048729658127, -0.42551493644714355, -0.03512126952409744, 0.9985531568527222, -0.04072209447622299, 0.4243099093437195, 0.05179138854146004, 0.9040347337722778),
            ["HumanoidRootPart"] = CFrame.new(0, 0, 0, 1, 0, 0, 0, 1, 0, 0, 0, 1),
            ["RightUpperLeg"] = CFrame.new(1.4901161193847656e-07, 1.210719347000122e-08, 5.75528247281909e-09, 0.9160757660865784, -0.11529078334569931, -0.38407444953918457, -0.1790102869272232, 0.739479124546051, -0.648942232131958, 0.35883215069770813, 0.6632335186004639, 0.6567805409431458),
            ["LeftUpperArm"] = CFrame.new(0.004586756229400635, -0.007890820503234863, -0.01806400530040264, 0.3092966377735138, 0.8481009006500244, -0.4301866292953491, -0.5160290598869324, 0.5296556949615479, 0.6731855273246765, 0.7987801432609558, 0.013774773105978966, 0.6014655232429504),
            ["RightLowerArm"] = CFrame.new(2.384185791015625e-07, 7.152557373046875e-07, -0.0000037923455238342285, 1, -0.000011684373021125793, 0.000015527013601968065, 0.000019021334082935937, 0.4052116572856903, -0.9142228960990906, 0.0000043064360397693235, 0.9142228960990906, 0.4052116572856903),
            ["LeftHand"] = CFrame.new(-0.0000015981495380401611, -7.748603820800781e-07, 2.086162567138672e-07, 0.6800296902656555, 0.1724187731742859, -0.7126226425170898, -0.531157374382019, 0.7858467102050781, -0.3167286813259125, 0.5054024457931519, 0.593899667263031, 0.6259809136390686),
            ["LeftFoot"] = CFrame.new(3.166496753692627e-08, -1.1920928955078125e-07, 1.4901161193847656e-08, 0.9773929715156555, 0.09333407133817673, -0.18971538543701172, -0.16617485880851746, 0.893890380859375, -0.41634833812713623, 0.13072526454925537, 0.4384618401527405, 0.8891919255256653),
            ["LowerTorso"] = CFrame.new(-0.11524498462677002, -0.1523529291152954, 0.08326306939125061, 0.9934836030006409, -0.04364239051938057, 0.10528954118490219, 0.036376841366291046, 0.9968859553337097, 0.06996609270572662, -0.10801516473293304, -0.06568005681037903, 0.9919772744178772),
            ["RightLowerLeg"] = CFrame.new(0, -0.000726163387298584, 0.00004588237061398104, 1, 4.842879164357328e-08, -5.401672353855247e-08, -8.940698137394065e-08, 0.8337007761001587, 0.5522162914276123, 2.980232594040899e-08, -0.5522165298461914, 0.8337008357048035),
            ["LeftUpperLeg"] = CFrame.new(-2.9802322387695312e-08, -5.029141902923584e-08, -1.862645149230957e-08, 0.9720835089683533, 0.04610826075077057, 0.23006033897399902, 0.06800902634859085, 0.8830426335334778, -0.4643390476703644, -0.2245628982782364, 0.4670222997665405, 0.8552551865577698),
            ["LeftLowerLeg"] = CFrame.new(-2.9802322387695312e-08, -0.0007266402244567871, 0.00008091330528259277, 1, 6.705523247774181e-08, 5.215405707303944e-08, -5.960463766996327e-08, 0.6384579539299011, 0.7696567177772522, 7.450579886381092e-08, -0.7696568369865417, 0.6384578943252563),
        }},
        {Time = 0.067, Data = {
            ["RightFoot"] = CFrame.new(1.8998980522155762e-07, 0, -3.183231456205249e-08, 0.9928743243217468, -0.09365138411521912, 0.07368889451026917, 0.10132544487714767, 0.9889286756515503, -0.10841251909732819, -0.06272022426128387, 0.11510652303695679, 0.9913711547851562),
            ["LeftLowerArm"] = CFrame.new(0.0000013709068298339844, -2.980232238769531e-07, 0.000004082918167114258, 1, 8.568168397005138e-08, -9.685756197086448e-08, -5.215405707303944e-08, 0.2421797811985016, -0.9702313542366028, -5.960463766996327e-08, 0.9702314734458923, 0.24217985570430756),
            ["RightUpperArm"] = CFrame.new(-0.05119115114212036, -0.0026885271072387695, -0.0200154148042202, 0.44482186436653137, -0.6824378371238708, 0.5800102949142456, 0.48124730587005615, 0.7282984852790833, 0.487834632396698, -0.7553374171257019, 0.062128946185112, 0.6523844003677368),
            ["Head"] = CFrame.new(-3.725290298461914e-09, -7.152557373046875e-07, 3.725290298461914e-09, 0.9358305931091309, 0.08552957326173782, 0.3419148921966553, -0.08205744624137878, 0.9963230490684509, -0.02463565394282341, -0.34276488423347473, -0.005001989658921957, 0.9394079446792603),
            ["RightHand"] = CFrame.new(3.725290298461914e-07, 9.5367431640625e-07, -9.387731552124023e-07, 0.6051546335220337, -0.32968568801879883, 0.7246341705322266, 0.6477023363113403, 0.7331343293190002, -0.20735427737236023, -0.46289265155792236, 0.5948289632797241, 0.6571982502937317),
            ["UpperTorso"] = CFrame.new(2.7939677238464355e-08, -4.76837158203125e-07, -2.2351741790771484e-08, 0.9127392768859863, 0.02282770536839962, -0.4079042077064514, -0.03603605553507805, 0.9990445971488953, -0.02472548931837082, 0.40695005655288696, 0.037267185747623444, 0.9126899242401123),
            ["HumanoidRootPart"] = CFrame.new(0, 0, 0, 1, 0, 0, 0, 1, 0, 0, 0, 1),
            ["RightUpperLeg"] = CFrame.new(0, -3.066379576921463e-07, -9.145878721028566e-09, 0.923603355884552, -0.10199268907308578, -0.3695327341556549, -0.16681280732154846, 0.760980486869812, -0.6269628405570984, 0.34515294432640076, 0.6407076120376587, 0.6858303546905518),
            ["LeftUpperArm"] = CFrame.new(0.00978940725326538, -0.001808762550354004, -0.020018991082906723, 0.3108125329017639, 0.8400695323944092, -0.44461071491241455, -0.501651406288147, 0.5423093438148499, 0.6739782691001892, 0.8073050379753113, 0.013558671809732914, 0.5899786353111267),
            ["RightLowerArm"] = CFrame.new(5.364418029785156e-07, 2.980232238769531e-07, -0.000003874301910400391, 1, -0.000011934898793697357, 0.000015363102647825144, 0.000018917027773568407, 0.41920262575149536, -0.9078927636146545, 0.000004321337655710522, 0.9078927040100098, 0.419202595949173),
            ["LeftHand"] = CFrame.new(-0.0000015906989574432373, -9.5367431640625e-07, 2.682209014892578e-07, 0.6739112734794617, 0.17408894002437592, -0.718008279800415, -0.5360835194587708, 0.7839619517326355, -0.313079297542572, 0.5083878040313721, 0.5958999395370483, 0.6216474771499634),
            ["LeftFoot"] = CFrame.new(0, -5.960464477539063e-08, 7.450580596923828e-09, 0.9798126220703125, 0.09339660406112671, -0.17676092684268951, -0.1589105725288391, 0.9003347754478455, -0.4051479697227478, 0.12130454927682877, 0.4250582456588745, 0.8970010280609131),
            ["LowerTorso"] = CFrame.new(-0.11118385195732117, -0.1418217420578003, 0.08001160621643066, 0.9952781796455383, -0.04392066225409508, 0.08655869960784912, 0.03907468169927597, 0.9976146817207336, 0.05690603703260422, -0.08885157108306885, -0.05325508117675781, 0.9946202039718628),
            ["RightLowerLeg"] = CFrame.new(-8.940696716308594e-08, -0.0007264614105224609, 0.000046031382225919515, 1, 5.215408194203519e-08, 1.0244551873483942e-08, -4.470348358154297e-08, 0.8256809115409851, 0.5641372203826904, 1.043081283569336e-07, -0.5641373991966248, 0.8256811499595642),
            ["LeftUpperLeg"] = CFrame.new(-5.960464477539063e-08, -2.7241185307502747e-07, -2.60770320892334e-08, 0.970710039138794, 0.052159298211336136, 0.2345241904258728, 0.05947580561041832, 0.8935962915420532, -0.44491398334503174, -0.23277635872364044, 0.44583091139793396, 0.8643205165863037),
            ["LeftLowerLeg"] = CFrame.new(-8.195638656616211e-08, -0.0007266998291015625, 0.00008094310760498047, 1, 5.215407838932151e-08, 4.842878453814592e-08, -4.470347647611561e-08, 0.647376298904419, 0.7621706128120422, 8.195637946073475e-08, -0.7621706128120422, 0.6473763585090637),
        }},
        {Time = 0.100, Data = {
            ["RightFoot"] = CFrame.new(1.695007085800171e-07, -5.960464477539063e-08, -1.5068508218973875e-08, 0.9952883720397949, -0.07993334531784058, 0.05488055944442749, 0.08414669334888458, 0.9932913780212402, -0.0793200209736824, -0.048172056674957275, 0.08356434106826782, 0.9953374266624451),
            ["LeftLowerArm"] = CFrame.new(0.0000014007091522216797, 1.1920928955078125e-07, 0.000004976987838745117, 1, 9.685753354915505e-08, -1.0617078771701927e-07, -8.940698847936801e-08, 0.26580119132995605, -0.9640278816223145, -1.1548402767402877e-07, 0.9640278816223145, 0.2658010721206665),
            ["RightUpperArm"] = CFrame.new(-0.04515981674194336, -0.007276654243469238, -0.02288176864385605, 0.4793950021266937, -0.6790615320205688, 0.5559278130531311, 0.48433566093444824, 0.7329762578010559, 0.47766628861427307, -0.7318465709686279, 0.0402647890150547, 0.6802787184715271),
            ["Head"] = CFrame.new(-1.30385160446167e-08, -8.344650268554688e-07, 1.30385160446167e-08, 0.9350799918174744, 0.06408905237913132, 0.34859442710876465, -0.07131870836019516, 0.9974220991134644, 0.007931285537779331, -0.3471873700618744, -0.032277751713991165, 0.9372401833534241),
            ["RightHand"] = CFrame.new(2.682209014892578e-07, 0.0000011324882507324219, -7.152557373046875e-07, 0.6019222736358643, -0.3293006718158722, 0.7274957895278931, 0.6491960287094116, 0.7322877645492554, -0.20566794276237488, -0.4650098979473114, 0.5960835814476013, 0.6545615196228027),
            ["UpperTorso"] = CFrame.new(1.4435499906539917e-08, -5.364418029785156e-07, -1.3504177331924438e-08, 0.9311815500259399, 0.03100081905722618, -0.36323562264442444, -0.0350465252995491, 0.9993753433227539, -0.004551338031888008, 0.3628675639629364, 0.016968226060271263, 0.931686282157898),
            ["HumanoidRootPart"] = CFrame.new(0, 0, 0, 1, 0, 0, 0, 1, 0, 0, 0, 1),
            ["RightUpperLeg"] = CFrame.new(0, -3.296881914138794e-07, -1.5665136743336916e-08, 0.94510418176651, -0.07838968932628632, -0.31722715497016907, -0.1360444873571396, 0.7882704138755798, -0.6001015901565552, 0.2971024811267853, 0.6103154420852661, 0.7343330979347229),
            ["LeftUpperArm"] = CFrame.new(0.015882909297943115, 0.0034934282302856445, -0.022929087281227112, 0.313159316778183, 0.8296613693237305, -0.4621613621711731, -0.4869094789028168, 0.5580756664276123, 0.6719159483909607, 0.8153836727142334, 0.014614066109061241, 0.578736424446106),
            ["RightLowerArm"] = CFrame.new(1.1920928955078125e-07, 5.960464477539062e-07, -0.000003829598426818848, 1, -0.000012194735973025672, 0.000015228990378091112, 0.00001898407754197251, 0.43078622221946716, -0.902454137802124, 0.00000438094093624386, 0.9024540185928345, 0.4307861626148224),
            ["LeftHand"] = CFrame.new(-0.0000010989606380462646, -0.0000013709068298339844, 3.427267074584961e-07, 0.6678306460380554, 0.17580851912498474, -0.7232517600059509, -0.540960967540741, 0.78206866979599, -0.3094024956226349, 0.5112371444702148, 0.5978795886039734, 0.6173954010009766),
            ["LeftFoot"] = CFrame.new(-1.862645149230957e-08, -1.1920928955078125e-07, 0, 0.9815691709518433, 0.09428903460502625, -0.16622726619243622, -0.15417680144309998, 0.904662549495697, -0.3972596824169159, 0.1129223182797432, 0.41556620597839355, 0.9025261402130127),
            ["LowerTorso"] = CFrame.new(-0.11249619722366333, -0.13155996799468994, 0.07853122055530548, 0.9984727501869202, -0.038975030183792114, 0.039155568927526474, 0.03740350902080536, 0.9984955191612244, 0.040096718817949295, -0.040659431368112564, -0.03857091814279556, 0.9984283447265625),
            ["RightLowerLeg"] = CFrame.new(-5.960464477539063e-08, -0.0007264018058776855, 0.00004607608570950106, 1, 9.493671626614741e-08, -1.0477381184870183e-09, -7.450581307466564e-08, 0.7989956736564636, 0.6013368368148804, 5.2154071283894154e-08, -0.6013368368148804, 0.7989956736564636),
            ["LeftUpperLeg"] = CFrame.new(0, -3.3015385270118713e-07, -5.587935447692871e-09, 0.9608768224716187, 0.06180133670568466, 0.26999324560165405, 0.056667178869247437, 0.9103050827980042, -0.41004088521003723, -0.27111726999282837, 0.4092985987663269, 0.8711889386177063),
            ["LeftLowerLeg"] = CFrame.new(-1.4901161193847656e-08, -0.0007267594337463379, 0.0000810772180557251, 1, 8.195640788244418e-08, 1.1175870895385742e-08, -6.705523247774181e-08, 0.6624367833137512, 0.749117910861969, 1.3038517820973539e-08, -0.749117910861969, 0.6624366641044617),
        }},
        {Time = 0.133, Data = {
            ["RightFoot"] = CFrame.new(1.7508864402770996e-07, 0, -2.8107024263590574e-08, 0.9977157115936279, -0.06037828326225281, 0.030297011137008667, 0.06389939785003662, 0.9890142679214478, -0.13329525291919708, -0.021915888413786888, 0.13492707908153534, 0.9906132817268372),
            ["LeftLowerArm"] = CFrame.new(0.0000016093254089355469, -5.960464477539063e-08, 0.000004887580871582031, 1, 4.470347647611561e-08, -1.1175870895385742e-08, -9.872017869838601e-08, 0.2848268449306488, -0.9585790038108826, -3.352760913344355e-08, 0.9585790634155273, 0.28482672572135925),
            ["RightUpperArm"] = CFrame.new(-0.03970760107040405, -0.008754491806030273, -0.028055943548679352, 0.5053327679634094, -0.6769568920135498, 0.535133957862854, 0.4916861355304718, 0.7355061769485474, 0.4661276936531067, -0.709142804145813, 0.027568399906158447, 0.704525887966156),
            ["Head"] = CFrame.new(-4.656612873077393e-10, -8.344650268554688e-07, 1.862645149230957e-08, 0.9322850704193115, 0.04740217328071594, 0.35860517621040344, -0.05582495033740997, 0.9983538389205933, 0.013163776136934757, -0.3573909401893616, -0.032291658222675323, 0.933396577835083),
            ["RightHand"] = CFrame.new(3.129243850708008e-07, 0.0000010132789611816406, -7.599592208862305e-07, 0.5998216867446899, -0.32831794023513794, 0.7296715974807739, 0.6499202251434326, 0.731841504573822, -0.20496825873851776, -0.4667094051837921, 0.5971729755401611, 0.6523551940917969),
            ["UpperTorso"] = CFrame.new(5.9371814131736755e-09, 2.9802322387695312e-08, -2.2351741790771484e-08, 0.9521207213401794, 0.039745673537254333, -0.30312785506248474, -0.032621484249830246, 0.9990605115890503, 0.02853170782327652, 0.3039771318435669, -0.017277130857110023, 0.9525227546691895),
            ["HumanoidRootPart"] = CFrame.new(0, 0, 0, 1, 0, 0, 0, 1, 0, 0, 0, 1),
            ["RightUpperLeg"] = CFrame.new(2.9802322387695312e-08, -1.6298145055770874e-09, -2.032174961641431e-08, 0.9700763821601868, -0.05669056996703148, -0.23608890175819397, -0.09640393406152725, 0.8024968504905701, -0.5888171792030334, 0.22284086048603058, 0.5939571261405945, 0.7730176448822021),
            ["LeftUpperArm"] = CFrame.new(0.02140939235687256, 0.007144570350646973, -0.028172224760055542, 0.31507420539855957, 0.8182709217071533, -0.4807920753955841, -0.4763239920139313, 0.5745089054107666, 0.6656235456466675, 0.8208798766136169, 0.019291916862130165, 0.5707752108573914),
            ["RightLowerArm"] = CFrame.new(4.172325134277344e-07, 6.556510925292969e-07, -0.0000035762786865234375, 1, -0.000012239441275596619, 0.000015154484572121873, 0.000018984081179951318, 0.4356303811073303, -0.9001256823539734, 0.000004246831394993933, 0.9001256823539734, 0.4356304705142975),
            ["LeftHand"] = CFrame.new(-0.0000016354024410247803, -0.0000011324882507324219, 3.2782554626464844e-07, 0.6623702049255371, 0.17730343341827393, -0.7278933525085449, -0.5453641414642334, 0.7802646160125732, -0.30621138215065, 0.5136572122573853, 0.5997922420501709, 0.6135192513465881),
            ["LeftFoot"] = CFrame.new(7.450580596923828e-08, -5.960464477539063e-08, -1.4901161193847656e-08, 0.9850088357925415, 0.0956278145313263, -0.14357274770736694, -0.14745451509952545, 0.8986851572990417, -0.4130643308162689, 0.08952610194683075, 0.4280426502227783, 0.8993135094642639),
            ["LowerTorso"] = CFrame.new(-0.11516854912042618, -0.14067542552947998, 0.07922817766666412, 0.9991927742958069, -0.03251558914780617, -0.023591140285134315, 0.03291097283363342, 0.9993209838867188, 0.016569649800658226, 0.023036343976855278, -0.01733268052339554, 0.999584436416626),
            ["RightLowerLeg"] = CFrame.new(-4.470348358154297e-08, -0.0007267594337463379, 0.00004600157990353182, 1, 1.192093321833454e-07, -1.5832487321176814e-08, -5.587935447692871e-08, 0.7069697976112366, 0.7072432041168213, 8.568167686462402e-08, -0.707243800163269, 0.7069703936576843),
            ["LeftUpperLeg"] = CFrame.new(2.9802322387695312e-08, -3.748573362827301e-08, -1.0244548320770264e-08, 0.9484189748764038, 0.07376314699649811, 0.3083189129829407, 0.054675955325365067, 0.9199209809303284, -0.38827335834503174, -0.3122692108154297, 0.3851031959056854, 0.8684372901916504),
            ["LeftLowerLeg"] = CFrame.new(2.0116567611694336e-07, -0.0007265210151672363, 0.00008095800876617432, 1, 8.940694584680386e-08, 3.725290298461914e-09, -5.960465898624534e-08, 0.6422597169876099, 0.7664869427680969, 5.960465898624534e-08, -0.7664870619773865, 0.642259955406189),
        }},
        {Time = 0.167, Data = {
            ["RightFoot"] = CFrame.new(2.0023435354232788e-07, 5.960464477539063e-08, -1.3205863069742918e-08, 0.9992254376411438, -0.03925541415810585, -0.0027593872509896755, 0.037747547030448914, 0.9759393334388733, -0.21475015580654144, 0.011123051866889, 0.21447980403900146, 0.9766651391983032),
            ["LeftLowerArm"] = CFrame.new(0.0000018477439880371094, -4.172325134277344e-07, 0.000004827976226806641, 1, 3.259629366425543e-08, 3.725291630729544e-09, -7.63684582238966e-08, 0.297086238861084, -0.9548507928848267, -1.1175872316471214e-07, 0.9548506736755371, 0.2970861494541168),
            ["RightUpperArm"] = CFrame.new(-0.0367201566696167, -0.00647425651550293, -0.039669767022132874, 0.522123396396637, -0.6725257635116577, 0.5244964361190796, 0.5024530291557312, 0.7394807934761047, 0.44800567626953125, -0.6891502737998962, 0.029620610177516937, 0.7240127325057983),
            ["Head"] = CFrame.new(-1.0244548320770264e-08, -5.960464477539062e-07, 1.0943040251731873e-08, 0.9230128526687622, 0.04391397908329964, 0.3822551667690277, -0.0429609939455986, 0.9990159273147583, -0.011032521724700928, -0.3823634684085846, -0.006239005364477634, 0.9239909052848816),
            ["RightHand"] = CFrame.new(1.1920928955078125e-07, 8.344650268554688e-07, -8.940696716308594e-07, 0.5990005731582642, -0.3266444206237793, 0.7310959696769714, 0.6497805118560791, 0.7318450212478638, -0.20539818704128265, -0.4679568409919739, 0.5980856418609619, 0.6506231427192688),
            ["UpperTorso"] = CFrame.new(-1.862645149230957e-09, -8.940696716308594e-08, -1.30385160446167e-08, 0.9686195254325867, 0.04497256875038147, -0.24444580078125, -0.02452516369521618, 0.9959881901741028, 0.08605831861495972, 0.2473354935646057, -0.07736270874738693, 0.9658365249633789),
            ["HumanoidRootPart"] = CFrame.new(0, 0, 0, 1, 0, 0, 0, 1, 0, 0, 0, 1),
            ["RightUpperLeg"] = CFrame.new(-2.9802322387695312e-08, -6.495974957942963e-08, 2.029992174357176e-09, 0.9889187812805176, -0.029321033507585526, -0.14553381502628326, -0.05825263261795044, 0.8250446915626526, -0.5620570182800293, 0.13655203580856323, 0.5643061399459839, 0.8141939640045166),
            ["LeftUpperArm"] = CFrame.new(0.024385273456573486, 0.008743047714233398, -0.03992718458175659, 0.316764771938324, 0.8096797466278076, -0.4940437078475952, -0.4781697988510132, 0.5861523747444153, 0.6540481448173523, 0.8191542029380798, 0.0290573388338089, 0.5728367567062378),
            ["RightLowerArm"] = CFrame.new(2.086162567138672e-07, 5.960464477539062e-07, -0.0000035315752029418945, 1, -0.000012153757779742591, 0.000015303494365070947, 0.000019028782844543457, 0.4329206049442291, -0.9014320969581604, 0.000004366040229797363, 0.9014320373535156, 0.4329206049442291),
            ["LeftHand"] = CFrame.new(-0.0000013224780559539795, -0.0000013113021850585938, 2.682209014892578e-07, 0.6578689813613892, 0.17837375402450562, -0.7317038178443909, -0.5490432381629944, 0.7786130905151367, -0.3038310110569, 0.5155190825462341, 0.601618230342865, 0.6101608872413635),
            ["LeftFoot"] = CFrame.new(1.4901161193847656e-08, 5.960464477539063e-08, -1.4901161193847656e-08, 0.9824672341346741, 0.13258568942546844, -0.13106976449489594, -0.1696307510137558, 0.927407443523407, -0.3333779573440552, 0.07735397666692734, 0.34976649284362793, 0.9336380362510681),
            ["LowerTorso"] = CFrame.new(-0.11587122082710266, -0.16891705989837646, 0.0827663391828537, 0.9957338571548462, -0.027858706191182137, -0.08796689659357071, 0.02640904113650322, 0.999496340751648, -0.017600946128368378, 0.08841292560100555, 0.015202736482024193, 0.9959679245948792),
            ["RightLowerLeg"] = CFrame.new(-7.078051567077637e-08, -0.0007266402244567871, 0.000046090986870694906, 1, 1.1175873737556685e-07, 1.3038520485508798e-08, -6.33299421792799e-08, 0.5936163663864136, 0.8047478199005127, 1.1175872316471214e-07, -0.8047482371330261, 0.5936169028282166),
            ["LeftUpperLeg"] = CFrame.new(2.9802322387695312e-08, 1.632142812013626e-07, -1.1175870895385742e-08, 0.9420043230056763, 0.11358573287725449, 0.3157944083213806, 0.04940607026219368, 0.8837933540344238, -0.46526169776916504, -0.33194419741630554, 0.4538806676864624, 0.8269252777099609),
            ["LeftLowerLeg"] = CFrame.new(7.450580596923828e-09, -0.0007264018058776855, 0.00008097290992736816, 1, 5.215405707303944e-08, 8.195639367158947e-08, -8.195637946073475e-08, 0.48228392004966736, 0.8760149478912354, 3.725289943190546e-08, -0.8760149478912354, 0.4822840690612793),
        }},
        {Time = 0.200, Data = {
            ["RightFoot"] = CFrame.new(1.7648562788963318e-07, -1.1920928955078125e-07, -2.438173396512866e-08, 0.9987255334854126, -0.020725732669234276, -0.04602024331688881, 0.005770128220319748, 0.9527058005332947, -0.3038392663002014, 0.050141025334596634, 0.30318647623062134, 0.9516112208366394),
            ["LeftLowerArm"] = CFrame.new(0.0000016689300537109375, -1.1920928955078125e-07, 0.000004857778549194336, 1, 6.624031811952591e-08, -5.6810691262398905e-08, -1.0256193405666636e-07, 0.30489423871040344, -0.9523862600326538, -7.88132012985443e-08, 0.9523862600326538, 0.30489420890808105),
            ["RightUpperArm"] = CFrame.new(-0.03471165895462036, -0.0037249326705932617, -0.053130924701690674, 0.5338265299797058, -0.6663334965705872, 0.5206042528152466, 0.5096071362495422, 0.7448152303695679, 0.4307563304901123, -0.6747813820838928, 0.035354360938072205, 0.7371704578399658),
            ["Head"] = CFrame.new(-1.0244548320770264e-08, -3.5762786865234375e-07, -9.313225746154785e-09, 0.9055956602096558, 0.049313295632600784, 0.42126575112342834, -0.03640800714492798, 0.9985901713371277, -0.03862868249416351, -0.4225766956806183, 0.01964428275823593, 0.9061142206192017),
            ["RightHand"] = CFrame.new(2.2351741790771484e-07, 0.0000011920928955078125, -8.344650268554688e-07, 0.5838414430618286, -0.30806297063827515, 0.7511497139930725, 0.6514438986778259, 0.7299154996871948, -0.20698921382427216, -0.4845101833343506, 0.6101807951927185, 0.6268410682678223),
            ["UpperTorso"] = CFrame.new(-2.1420419216156006e-08, 0, 8.847564458847046e-09, 0.9778342843055725, 0.04587274789810181, -0.20429399609565735, -0.01514170877635479, 0.9886430501937866, 0.14951835572719574, 0.2088325321674347, -0.14311064779758453, 0.9674235582351685),
            ["HumanoidRootPart"] = CFrame.new(0, 0, 0, 1, 0, 0, 0, 1, 0, 0, 0, 1),
            ["RightUpperLeg"] = CFrame.new(-2.9802322387695312e-08, -1.955777406692505e-08, -4.0236045606434345e-09, 0.998142659664154, 0.0024173930287361145, -0.06087189167737961, -0.03519975394010544, 0.8384184241294861, -0.5438894033432007, 0.049721281975507736, 0.5450217127799988, 0.8369462490081787),
            ["LeftUpperArm"] = CFrame.new(0.02638077735900879, 0.010687112808227539, -0.05352112650871277, 0.3211095929145813, 0.803455650806427, -0.5013459920883179, -0.47538137435913086, 0.5946027040481567, 0.6484292149543762, 0.8190856575965881, 0.03011377900838852, 0.5728803873062134),
            ["RightLowerArm"] = CFrame.new(6.556510925292969e-07, 0.0000010132789611816406, -0.0000036656856536865234, 1, -0.000012032687664031982, 0.00001534819784865249, 0.00001896918001875747, 0.4255828559398651, -0.9049195051193237, 0.0000043064360397693235, 0.9049195051193237, 0.4255828857421875),
            ["LeftHand"] = CFrame.new(-0.0000011709053069353104, -0.0000011920928955078125, 1.9371509552001953e-07, 0.6217135190963745, 0.18166254460811615, -0.7618862390518188, -0.5794939398765564, 0.7610985636711121, -0.291403204202652, 0.5269336700439453, 0.6226778030395508, 0.5784579515457153),
            ["LeftFoot"] = CFrame.new(2.1420419216156006e-08, -5.960464477539063e-08, 5.587935447692871e-09, 0.998506486415863, 0.03157389536499977, -0.04458799585700035, -0.04132671654224396, 0.9702910780906677, -0.23838520050048828, 0.03573666140437126, 0.23987190425395966, 0.970146656036377),
            ["LowerTorso"] = CFrame.new(-0.11471030116081238, -0.21398746967315674, 0.08860980719327927, 0.989730954170227, -0.026077017188072205, -0.14054419100284576, 0.018694961443543434, 0.9983879327774048, -0.05359166860580444, 0.1417151391506195, 0.05041385814547539, 0.9886229634284973),
            ["RightLowerLeg"] = CFrame.new(-1.30385160446167e-08, -0.0007264614105224609, 0.000046068635128904134, 1, 1.6018755388813588e-07, 1.676381344850597e-08, -6.705522537231445e-08, 0.48486578464508057, 0.8745885491371155, 8.381903171539307e-08, -0.874588668346405, 0.48486602306365967),
            ["LeftUpperLeg"] = CFrame.new(0, -5.366746336221695e-08, 2.9336661100387573e-08, 0.9473488330841064, 0.1532556116580963, 0.281145840883255, 0.04321752488613129, 0.8087908029556274, -0.5865063667297363, -0.3172735869884491, 0.5677765607833862, 0.7595836520195007),
            ["LeftLowerLeg"] = CFrame.new(2.2351741790771484e-08, -0.0007267594337463379, 0.00008093565702438354, 1, 6.70552182668871e-08, 7.823108916227284e-08, -8.940695295223122e-08, 0.2629885971546173, 0.9647989869117737, 4.8428766774577525e-08, -0.9647989869117737, 0.2629886567592621),
        }},
        {Time = 0.233, Data = {
            ["RightFoot"] = CFrame.new(1.30385160446167e-07, -5.960464477539063e-08, 2.7772330213338137e-08, 0.9966647624969482, -0.01718287542462349, -0.07977546751499176, -0.012616804800927639, 0.9333803057670593, -0.35866713523864746, 0.08062390983104706, 0.3584774434566498, 0.9300504326820374),
            ["LeftLowerArm"] = CFrame.new(0.0000017285346984863281, -1.1920928955078125e-07, 0.00000476837158203125, 1, 5.681067705154419e-08, -4.842878453814592e-08, -7.264317503086204e-08, 0.31104061007499695, -0.9503966569900513, -8.754434333013705e-08, 0.9503966569900513, 0.3110404908657074),
            ["RightUpperArm"] = CFrame.new(-0.03384745121002197, -0.0002766847610473633, -0.06727950274944305, 0.5413389205932617, -0.6577832698822021, 0.5237112045288086, 0.514069676399231, 0.7518197894096375, 0.4129154086112976, -0.6653455495834351, 0.045696716755628586, 0.7451359629631042),
            ["Head"] = CFrame.new(-1.30385160446167e-08, -7.152557373046875e-07, 4.470348358154297e-08, 0.8824666142463684, 0.06100308150053024, 0.4664023220539093, -0.03334768861532211, 0.9971734881401062, -0.06732916086912155, -0.46919146180152893, 0.043862052261829376, 0.8820065855979919),
            ["RightHand"] = CFrame.new(1.9371509552001953e-07, 0.0000011920928955078125, -8.791685104370117e-07, 0.5630493760108948, -0.2835375666618347, 0.7762612104415894, 0.6544461846351624, 0.7265603542327881, -0.2093086987733841, -0.5046539902687073, 0.6258725523948669, 0.5946499705314636),
            ["UpperTorso"] = CFrame.new(-2.60770320892334e-08, -2.384185791015625e-07, 3.725290298461914e-09, 0.9831796884536743, 0.042663928121328354, -0.17758816480636597, -0.0036266553215682507, 0.9767028093338013, 0.21456582844257355, 0.18260496854782104, -0.21031247079372406, 0.9604290723800659),
            ["HumanoidRootPart"] = CFrame.new(0, 0, 0, 1, 0, 0, 0, 1, 0, 0, 0, 1),
            ["RightUpperLeg"] = CFrame.new(2.9802322387695312e-08, -1.9744038581848145e-07, 1.6931153368204832e-08, 0.9991557002067566, 0.04107243940234184, 0.0009828746551647782, -0.03318750113248825, 0.820981502532959, -0.5699897408485413, -0.024217912927269936, 0.569475531578064, 0.8216512799263),
            ["LeftUpperArm"] = CFrame.new(0.02723395824432373, 0.013399839401245117, -0.06778860092163086, 0.32699593901634216, 0.8004326820373535, -0.5023757815361023, -0.46682900190353394, 0.5990265607833862, 0.6505671739578247, 0.8216716647148132, 0.021790744736790657, 0.5695446729660034),
            ["RightLowerArm"] = CFrame.new(-5.960464477539063e-08, 2.980232238769531e-07, -0.0000037997961044311523, 1, -0.000011824071407318115, 0.000015482311937375925, 0.000018969181837746873, 0.41475802659988403, -0.9099317789077759, 0.000004291535333322827, 0.9099318385124207, 0.41475793719291687),
            ["LeftHand"] = CFrame.new(-0.000001471489667892456, -0.0000011324882507324219, 2.5331974029541016e-07, 0.5722350478172302, 0.18499656021595, -0.7989512085914612, -0.6183086633682251, 0.7373204827308655, -0.2721269726753235, 0.5387407541275024, 0.6497190594673157, 0.5363059043884277),
            ["LeftFoot"] = CFrame.new(6.984919309616089e-09, -1.1920928955078125e-07, 1.4901161193847656e-08, 0.9984042644500732, 0.05310513824224472, 0.019204825162887573, -0.050644852221012115, 0.9924734830856323, -0.1114976704120636, -0.024981481954455376, 0.11034701764583588, 0.9935791492462158),
            ["LowerTorso"] = CFrame.new(-0.11325521022081375, -0.26615476608276367, 0.0961153656244278, 0.9821970462799072, -0.02718186378479004, -0.18587666749954224, 0.010590024292469025, 0.9959144592285156, -0.08967946469783783, 0.18755489587783813, 0.08611445128917694, 0.978472113609314),
            ["RightLowerLeg"] = CFrame.new(-7.264316082000732e-08, -0.0007262825965881348, 0.00004603510751621798, 1, 1.4528635006172408e-07, -9.313231297269908e-10, -7.35744833946228e-08, 0.40194517374038696, 0.9156635999679565, 1.909211277961731e-07, -0.9156638383865356, 0.401945561170578),
            ["LeftUpperLeg"] = CFrame.new(-1.1920928955078125e-07, -1.285807229578495e-07, -1.862645149230957e-09, 0.9609315991401672, 0.1849820464849472, 0.20589357614517212, 0.01676071248948574, 0.7036187052726746, -0.7103803157806396, -0.2762780487537384, 0.6860774755477905, 0.6730287075042725),
            ["LeftLowerLeg"] = CFrame.new(-6.332993507385254e-08, -0.0007264018058776855, 0.000080890953540802, 1, 7.823106074056341e-08, 8.568167686462402e-08, -7.450580596923828e-08, 0.04433721676468849, 0.9990167021751404, 6.705522537231445e-08, -0.9990166425704956, 0.04433726519346237),
        }},
        {Time = 0.267, Data = {
            ["RightFoot"] = CFrame.new(2.2398307919502258e-07, -1.1920928955078125e-07, 6.502523319795728e-08, 0.9950507879257202, -0.014435313642024994, -0.09831319004297256, -0.029125317931175232, 0.9035677909851074, -0.4274539351463318, 0.09500322490930557, 0.4282018542289734, 0.8986755013465881),
            ["LeftLowerArm"] = CFrame.new(0.0000014603137969970703, -6.556510925292969e-07, 0.000004738569259643555, 1, 1.3224780559539795e-07, -3.166497464235363e-08, -8.940698847936801e-08, 0.31514284014701843, -0.9490443468093872, -8.754434333013705e-08, 0.9490442872047424, 0.31514284014701843),
            ["RightUpperArm"] = CFrame.new(-0.03412270545959473, 0.0038307905197143555, -0.08094464242458344, 0.545468807220459, -0.6464858055114746, 0.5334038734436035, 0.5169225335121155, 0.7604572176933289, 0.39306017756462097, -0.6597385406494141, 0.061326347291469574, 0.7489886283874512),
            ["Head"] = CFrame.new(1.1175870895385742e-08, -4.76837158203125e-07, -2.7008354663848877e-08, 0.8574811220169067, 0.07598139345645905, 0.5088743567466736, -0.031585853546857834, 0.9949440956115723, -0.09533409774303436, -0.5135452151298523, 0.06567375361919403, 0.8555455803871155),
            ["RightHand"] = CFrame.new(4.470348358154297e-08, 0.0000010132789611816406, -8.046627044677734e-07, 0.5412920713424683, -0.25836771726608276, 0.8001553416252136, 0.6583476662635803, 0.7221934795379639, -0.21216730773448944, -0.5230500102043152, 0.641625165939331, 0.5610138177871704),
            ["UpperTorso"] = CFrame.new(-1.862645149230957e-09, -4.76837158203125e-07, 9.313225746154785e-09, 0.9873989820480347, 0.03521934896707535, -0.15428173542022705, 0.009049995802342892, 0.960757851600647, 0.277241051197052, 0.15799161791801453, -0.27514368295669556, 0.9483326077461243),
            ["HumanoidRootPart"] = CFrame.new(0, 0, 0, 1, 0, 0, 0, 1, 0, 0, 0, 1),
            ["RightUpperLeg"] = CFrame.new(-2.9802322387695312e-08, -3.343448042869568e-07, 5.75528247281909e-09, 0.9952128529548645, 0.08077152818441391, 0.05502248555421829, -0.03340030461549759, 0.8101907968521118, -0.5852138996124268, -0.09184741228818893, 0.5805745124816895, 0.8090100288391113),
            ["LeftUpperArm"] = CFrame.new(0.026948094367980957, 0.016768336296081543, -0.08155104517936707, 0.33696720004081726, 0.800134539604187, -0.49622344970703125, -0.4639229476451874, 0.5997286438941956, 0.6519981026649475, 0.81928551197052, 0.010507441125810146, 0.5732894539833069),
            ["RightLowerArm"] = CFrame.new(3.8743019104003906e-07, 2.980232238769531e-07, -0.0000040531158447265625, 1, -0.000011624766557361, 0.00001564622471050825, 0.000018969178199768066, 0.40159082412719727, -0.9158192276954651, 0.000004306435585021973, 0.9158191680908203, 0.40159088373184204),
            ["LeftHand"] = CFrame.new(-0.0000014677643775939941, -0.0000013709068298339844, 1.9371509552001953e-07, 0.5191594362258911, 0.18746697902679443, -0.8338640332221985, -0.6565811634063721, 0.7120750546455383, -0.24869734048843384, 0.5471514463424683, 0.6766130924224854, 0.492768257856369),
            ["LeftFoot"] = CFrame.new(-2.991873770952225e-08, -1.7881393432617188e-07, 3.282912075519562e-08, 0.99201500415802, 0.08784785121679306, 0.09049374610185623, -0.09043873101472855, 0.9955899715423584, 0.024931279942393303, -0.08790456503629684, -0.03291620314121246, 0.9955849647521973),
