return {
    ["Cancun Dance"] = {
        {Time = 0.000, Data = {
            ["LeftFoot"] = CFrame.new(-3.457535058259964e-08, -1.1920928955078125e-07, 1.4901161193847656e-08, 0.9969590902328491, 0.05649174749851227, 0.05367834120988846, -0.042213357985019684, 0.9705067276954651, -0.23734977841377258, -0.06550348550081253, 0.23436188697814941, 0.9699401259422302),
            ["LeftLowerArm"] = CFrame.new(1.4901161193847656e-07, 1.1920928955078125e-07, -1.4901161193847656e-08, 1, -1.043081283569336e-07, 5.774199962615967e-08, 5.587935447692871e-08, 0.5673706531524658, -0.8234626650810242, 5.4016709327697754e-08, 0.8234626054763794, 0.567370593547821),
            ["LowerTorso"] = CFrame.new(0.6666895747184753, -0.14383769035339355, -0.7878626585006714, 0.75166916847229, -0.21967504918575287, -0.621881365776062, 0.015049423091113567, 0.9483683109283447, -0.31681400537490845, 0.6593686938285828, 0.2287803739309311, 0.7161651849746704),
            ["Head"] = CFrame.new(1.862645149230957e-08, 0, 9.685754776000977e-08, 0.9144893884658813, 0.010563296265900135, 0.40447208285331726, -0.03407195582985878, 0.9981189370155334, 0.050967663526535034, -0.40317294001579285, -0.06039059907197952, 0.9131290316581726),
            ["RightUpperArm"] = CFrame.new(1.1920928955078125e-07, 1.1920928955078125e-07, -2.9802322387695312e-08, 0.156802698969841, -0.9596267342567444, 0.23351508378982544, 0.8422988653182983, 0.006478211376816034, -0.538972020149231, 0.5156991481781006, 0.2812018394470215, 0.8093082904815674),
            ["UpperTorso"] = CFrame.new(-2.8870999813079834e-08, -1.1920928955078125e-07, -8.940696716308594e-08, 0.998864471912384, -0.013352750800549984, -0.045733947306871414, 0.011233001947402954, 0.9988645911216736, -0.04629652574658394, 0.046300262212753296, 0.04573020339012146, 0.9978803396224976),
            ["HumanoidRootPart"] = CFrame.new(0, 0, 0, 1, 0, 0, 0, 1, 0, 0, 0, 1),
            ["RightHand"] = CFrame.new(4.76837158203125e-07, 1.1920928955078125e-07, 5.960464477539063e-08, 0.9918344020843506, -0.09754161536693573, -0.0821593627333641, 0.09072726964950562, 0.9924149513244629, -0.08295270800590515, 0.08962748199701309, 0.07482121884822845, 0.9931609630584717),
            ["LeftUpperArm"] = CFrame.new(5.960464477539063e-08, 0, 2.9802322387695312e-08, 0.9100991487503052, 0.2400473952293396, -0.3377821445465088, -0.15137134492397308, 0.9513797760009766, 0.2682597041130066, 0.38575419783592224, -0.19301237165927887, 0.9021862745285034),
            ["RightLowerArm"] = CFrame.new(-5.960464477539063e-08, -5.960464477539063e-08, 2.086162567138672e-07, 1, -7.264316082000732e-08, -5.960464477539063e-08, 8.940698137394065e-08, 0.7406989932060242, -0.6718372106552124, 7.450581485102248e-09, 0.6718371510505676, 0.7406989336013794),
            ["LeftHand"] = CFrame.new(1.4901161193847656e-08, -1.1920928955078125e-07, 1.2665987014770508e-07, 0.9738978147506714, -0.1534343808889389, -0.16727522015571594, 0.10835425555706024, 0.9618065357208252, -0.25137150287628174, 0.19945542514324188, 0.2266852706670761, 0.9533265233039856),
            ["RightUpperLeg"] = CFrame.new(-8.940696716308594e-08, -7.450580596923828e-08, -2.2521271603181958e-07, 0.9896588325500488, -0.07692267745733261, -0.12107191979885101, 0.028820237144827843, 0.9334695339202881, -0.35749706625938416, 0.1405165046453476, 0.35031062364578247, 0.9260332584381104),
            ["LeftUpperLeg"] = CFrame.new(-5.960464477539063e-08, -1.6391277313232422e-07, -2.086162567138672e-07, 0.8962474465370178, 0.3550676107406616, 0.26583385467529297, -0.15480688214302063, 0.8120396137237549, -0.5626959204673767, -0.4156626760959625, 0.46316176652908325, 0.7827552556991577),
            ["RightLowerLeg"] = CFrame.new(-1.7369166016578674e-07, -0.00012254714965820312, -0.00007740983710391447, 1, -9.452919869090692e-08, -2.232263618395791e-08, 1.4400573888906365e-07, 0.7074339389801025, 0.7067791223526001, -4.423781785334313e-09, -0.7067794799804688, 0.7074344158172607),
            ["RightFoot"] = CFrame.new(-1.8568243831396103e-08, 2.384185791015625e-07, -1.3241515262052417e-07, 0.9997944235801697, 0.014700736850500107, 0.013968165963888168, -0.014871230348944664, 0.9998154044151306, 0.012172477319836617, -0.01378660462796688, -0.012377386912703514, 0.9998283982276917),
            ["LeftLowerLeg"] = CFrame.new(2.414453774690628e-07, 0.00012254714965820312, 0.00007747858762741089, 1, 8.475033297372647e-08, 6.845219502338296e-08, -6.402842700481415e-08, -0.06118286773562431, 0.9981266260147095, 1.2828968465328217e-07, -0.9981265664100647, -0.06118309125304222),
        }},
        {Time = 0.033, Data = {
            ["LeftFoot"] = CFrame.new(3.818422555923462e-08, -5.960464477539063e-08, 1.1175870895385742e-08, 0.9980930089950562, 0.04474930837750435, 0.04252073913812637, -0.022795354947447777, 0.9073278903961182, -0.41980499029159546, -0.057366304099559784, 0.4180353581905365, 0.9066178202629089),
            ["LeftLowerArm"] = CFrame.new(1.1920928955078125e-07, -2.980232238769531e-07, 1.2665987014770508e-07, 1, -9.685756197086448e-08, 8.940698137394065e-08, 1.0803343286625022e-07, 0.4316836893558502, -0.9020251035690308, 6.33299421792799e-08, 0.9020251035690308, 0.4316836893558502),
            ["LowerTorso"] = CFrame.new(0.6364539861679077, -0.17699766159057617, -0.6694797277450562, 0.7411422729492188, -0.2566981613636017, -0.6203339695930481, 0.06668879091739655, 0.947592556476593, -0.3124436140060425, 0.6680275797843933, 0.19019588828086853, 0.7194197177886963),
            ["Head"] = CFrame.new(2.2351741790771484e-08, 1.1920928955078125e-07, 0, 0.7946638464927673, 0.0736401379108429, 0.6025665402412415, -0.14648118615150452, 0.9865448474884033, 0.07261278480291367, -0.5891116857528687, -0.14596739411354065, 0.7947584986686707),
            ["RightUpperArm"] = CFrame.new(0, 0, -2.9802322387695312e-08, 0.041991058737039566, -0.9816087484359741, 0.18622830510139465, 0.8293955326080322, -0.06968054175376892, -0.5542993545532227, 0.5570816397666931, 0.17773249745368958, 0.811215877532959),
            ["UpperTorso"] = CFrame.new(-2.9802322387695312e-08, -5.960464477539063e-08, 0, 0.9968407154083252, 0.009332382120192051, -0.07887688279151917, -0.0153600312769413, 0.9969773292541504, -0.07616020739078522, 0.0779278427362442, 0.07713115960359573, 0.9939708709716797),
            ["HumanoidRootPart"] = CFrame.new(0, 0, 0, 1, 0, 0, 0, 1, 0, 0, 0, 1),
            ["RightHand"] = CFrame.new(-2.980232238769531e-07, 1.7881393432617188e-07, 1.4901161193847656e-07, 0.9749018549919128, -0.19583642482757568, -0.10589870810508728, 0.20076383650302887, 0.9789039492607117, 0.03795991837978363, 0.09623077511787415, -0.058267876505851746, 0.9936521053314209),
            ["LeftUpperArm"] = CFrame.new(0, 0, -2.9802322387695312e-08, 0.8548793196678162, 0.31704720854759216, -0.4106854200363159, -0.2060147076845169, 0.9339215159416199, 0.29214465618133545, 0.4761716425418854, -0.16514122486114502, 0.8637065291404724),
            ["RightLowerArm"] = CFrame.new(-1.1920928955078125e-07, 0, -2.384185791015625e-07, 1, -1.0430814256778831e-07, 7.450580596923828e-09, -7.450580596923828e-09, 0.8497191071510315, -0.527235746383667, 1.4901161193847656e-08, 0.5272358059883118, 0.8497190475463867),
            ["LeftHand"] = CFrame.new(1.1548399925231934e-07, 0, 3.501772880554199e-07, 0.960858166217804, -0.16258123517036438, -0.22431901097297668, 0.08327643573284149, 0.9417477250099182, -0.32584699988365173, 0.2642284631729126, 0.2944122552871704, 0.9184252023696899),
            ["RightUpperLeg"] = CFrame.new(0, -1.1920928955078125e-07, -7.620110409334302e-08, 0.968114972114563, -0.10107579082250595, -0.22920969128608704, -0.03730425611138344, 0.8466141819953918, -0.5308984518051147, 0.24771332740783691, 0.5225210785865784, 0.8158491849899292),
            ["LeftUpperLeg"] = CFrame.new(0, -6.705522537231445e-08, -8.940696716308594e-08, 0.8985778093338013, 0.3289686441421509, 0.2904093861579895, -0.1838606297969818, 0.8831636905670166, -0.431528776884079, -0.39843857288360596, 0.3343674838542938, 0.8540757298469543),
            ["RightLowerLeg"] = CFrame.new(1.2665987014770508e-07, -0.00012230873107910156, -0.00007742473826510832, 1, -1.1175870895385742e-07, -1.2782403757682914e-07, 1.359731243155693e-07, 0.6077437400817871, 0.7941329479217529, -1.862645504502325e-08, -0.794133186340332, 0.6077442169189453),
            ["RightFoot"] = CFrame.new(-5.4016709327697754e-08, 3.5762786865234375e-07, 4.7330104280263186e-08, 0.9998829364776611, -0.011094502173364162, -0.010541544295847416, 0.013466741889715195, 0.965067446231842, 0.2616557776927948, 0.007270229049026966, -0.26176688075065613, 0.9651036858558655),
            ["LeftLowerLeg"] = CFrame.new(-8.42846930027008e-08, 0.00012254714965820312, 0.00007711350917816162, 1, -3.7252898543727042e-09, 1.378357268322361e-07, -5.3085386753082275e-08, 0.04524596780538559, 0.9989758729934692, 2.0302832126617432e-07, -0.9989758729934692, 0.0452459454536438),
        }},
        {Time = 0.067, Data = {
            ["LeftFoot"] = CFrame.new(-1.7695128917694092e-08, -5.960464477539063e-08, 5.587935447692871e-08, 0.9980990290641785, 0.04467777535319328, 0.04245270416140556, -0.012658625841140747, 0.8227527737617493, -0.5682584643363953, -0.06031675636768341, 0.5666407942771912, 0.8217543959617615),
            ["LeftLowerArm"] = CFrame.new(-2.9802322387695312e-08, 5.960464477539063e-08, -7.450580596923828e-08, 1, -5.960464477539063e-08, 1.1920928955078125e-07, 1.2386590242385864e-07, 0.29847100377082825, -0.9544187188148499, 7.450580596923828e-08, 0.9544187188148499, 0.29847100377082825),
            ["LowerTorso"] = CFrame.new(0.5966620445251465, -0.2138652801513672, -0.562218427658081, 0.7356159090995789, -0.2877200245857239, -0.6132588982582092, 0.11944179981946945, 0.9462219476699829, -0.3006621301174164, 0.6667855381965637, 0.14792311191558838, 0.7304216623306274),
            ["Head"] = CFrame.new(5.21540641784668e-08, 0, 7.450580596923828e-08, 0.6983739137649536, 0.10982678830623627, 0.7072566151618958, -0.24757669866085052, 0.9642254114151001, 0.09473685920238495, -0.6715502142906189, -0.24126198887825012, 0.7005804777145386),
            ["RightUpperArm"] = CFrame.new(1.1920928955078125e-07, 3.5762786865234375e-07, 2.9802322387695312e-08, -0.027354568243026733, -0.991924524307251, 0.12384472787380219, 0.8589693903923035, -0.08669310808181763, -0.5046343803405762, 0.511295735836029, 0.09257470816373825, 0.8544042110443115),
            ["UpperTorso"] = CFrame.new(0, -1.7881393432617188e-07, -2.9802322387695312e-08, 0.9921649694442749, 0.024346936494112015, -0.12253954261541367, -0.036734726279973984, 0.9943220019340515, -0.09987182170152664, 0.11941222846508026, 0.10359077155590057, 0.9874258637428284),
            ["HumanoidRootPart"] = CFrame.new(0, 0, 0, 1, 0, 0, 0, 1, 0, 0, 0, 1),
            ["RightHand"] = CFrame.new(2.384185791015625e-07, -3.5762786865234375e-07, -1.4901161193847656e-08, 0.9535720944404602, -0.27136579155921936, -0.1306178718805313, 0.2904112637042999, 0.9434016346931458, 0.1601707935333252, 0.07976025342941284, -0.1906672865152359, 0.9784091114997864),
            ["LeftUpperArm"] = CFrame.new(0, 0, 0, 0.7827621698379517, 0.3823929727077484, -0.49097752571105957, -0.2499055415391922, 0.9156854152679443, 0.31474989652633667, 0.5699390769004822, -0.12367630004882812, 0.8123259544372559),
            ["RightLowerArm"] = CFrame.new(0, 0, 2.980232238769531e-07, 1, -1.4901161193847656e-08, 2.2351741790771484e-08, 1.4901161193847656e-08, 0.9321364760398865, -0.3621073067188263, 4.470348358154297e-08, 0.3621073067188263, 0.9321364164352417),
            ["LeftHand"] = CFrame.new(2.2165477275848389e-07, 0, 2.998858690261841e-07, 0.9506798982620239, -0.15996554493904114, -0.26574212312698364, 0.053545139729976654, 0.928528368473053, -0.36737996339797974, 0.30551719665527344, 0.3350314795970917, 0.8912985920906067),
            ["RightUpperLeg"] = CFrame.new(0, -2.2351741790771484e-08, -1.6596459317952394e-08, 0.8934791684150696, -0.2343226671218872, -0.38312938809394836, -0.12971435487270355, 0.682092010974884, -0.7196699976921082, 0.42996424436569214, 0.6927074193954468, 0.5790398120880127),
            ["LeftUpperLeg"] = CFrame.new(5.960464477539063e-08, -1.6391277313232422e-07, 1.4901161193847656e-08, 0.9021796584129333, 0.26730576157569885, 0.33855530619621277, -0.18904481828212738, 0.9504785537719727, -0.2466832995414734, -0.387729287147522, 0.1585504114627838, 0.908035159111023),
            ["RightLowerLeg"] = CFrame.new(6.705522537231445e-08, -0.00012224912643432617, -0.00007751787052256986, 1, -8.568165554834195e-08, -1.0151421037107866e-07, 1.639127589214695e-07, 0.4597887396812439, 0.888028085231781, -1.2665985593685036e-07, -0.8880283832550049, 0.4597892463207245),
            ["RightFoot"] = CFrame.new(-4.842877388000488e-08, 2.980232238769531e-07, -1.8643186194822192e-07, 0.9925458431243896, -0.08835139870643616, -0.08394679427146912, 0.12031704187393188, 0.8200633525848389, 0.5594813227653503, 0.019411085173487663, -0.5654115676879883, 0.8245809078216553),
            ["LeftLowerLeg"] = CFrame.new(8.568167686462402e-08, 0.00012284517288208008, 0.0000775754451751709, 1, 1.4901155864777138e-08, 5.215404996761208e-08, -1.0058283805847168e-07, 0.3158666491508484, 0.9488035440444946, 1.30385160446167e-07, -0.9488035440444946, 0.3158666789531708),
        }},
        {Time = 0.100, Data = {
            ["LeftFoot"] = CFrame.new(1.1175870895385742e-08, 5.960464477539063e-08, -3.725290298461914e-09, 0.9957989454269409, 0.06637948006391525, 0.06307382881641388, -0.01249618548899889, 0.7808968424797058, -0.6245346069335938, -0.09071032702922821, 0.6211231350898743, 0.7784461379051208),
            ["LeftLowerArm"] = CFrame.new(-1.4901161193847656e-07, 1.7881393432617188e-07, 0, 1, -8.568167686462402e-08, 1.2479722499847412e-07, 1.1827796697616577e-07, 0.21253597736358643, -0.9771532416343689, 7.078051567077637e-08, 0.9771532416343689, 0.21253597736358643),
            ["LowerTorso"] = CFrame.new(0.5341351628303528, -0.2520172595977783, -0.4988941252231598, 0.7467570900917053, -0.2957824468612671, -0.5957068800926208, 0.1540549099445343, 0.9482343792915344, -0.27770277857780457, 0.6470093131065369, 0.1156049445271492, 0.7536673545837402),
            ["Head"] = CFrame.new(-2.2351741790771484e-08, 1.1920928955078125e-07, -8.195638656616211e-08, 0.6787962317466736, 0.12168372422456741, 0.7241746187210083, -0.3080030679702759, 0.9424136877059937, 0.13034838438034058, -0.6666106581687927, -0.3115279972553253, 0.6771857738494873),
            ["RightUpperArm"] = CFrame.new(0, 1.1920928955078125e-07, -8.940696716308594e-08, -0.04692848399281502, -0.9971737861633301, 0.058669596910476685, 0.9123931527137756, -0.06669902056455612, -0.40384411811828613, 0.4066160023212433, 0.03457796946167946, 0.9129445552825928),
            ["UpperTorso"] = CFrame.new(-5.960464477539063e-08, -2.682209014892578e-07, 1.043081283569336e-07, 0.9854574203491211, 0.01739506609737873, -0.16902971267700195, -0.03809637576341629, 0.9920411109924316, -0.12001282721757889, 0.16559697687625885, 0.12470696866512299, 0.9782770276069641),
            ["HumanoidRootPart"] = CFrame.new(0, 0, 0, 1, 0, 0, 0, 1, 0, 0, 0, 1),
            ["RightHand"] = CFrame.new(0, -2.384185791015625e-07, -1.4901161193847656e-07, 0.9457184076309204, -0.29829826951026917, -0.12897653877735138, 0.32114672660827637, 0.9186274409294128, 0.23019251227378845, 0.049815379083156586, -0.25911763310432434, 0.9645602703094482),
            ["LeftUpperArm"] = CFrame.new(-1.1920928955078125e-07, 0, 1.1920928955078125e-07, 0.6974562406539917, 0.422712117433548, -0.5786789059638977, -0.2887311279773712, 0.9048172235488892, 0.3129539489746094, 0.655888020992279, -0.051188934594392776, 0.7531206011772156),
            ["RightLowerArm"] = CFrame.new(0, 5.960464477539063e-08, -2.980232238769531e-07, 1, -4.470348358154297e-08, -5.960464477539063e-08, 6.705522537231445e-08, 0.961033046245575, -0.2764337360858917, -2.9802322387695312e-08, 0.2764337360858917, 0.9610329866409302),
            ["LeftHand"] = CFrame.new(1.7299316823482513e-07, 0, 4.516914486885071e-08, 0.9531199336051941, -0.134982168674469, -0.27081814408302307, 0.03393925353884697, 0.9370312690734863, -0.3475925028324127, 0.30068376660346985, 0.3221059739589691, 0.8976843357086182),
            ["RightUpperLeg"] = CFrame.new(0, -1.30385160446167e-08, 8.77116690389812e-08, 0.8517147302627563, -0.3025399446487427, -0.4278453588485718, -0.19961902499198914, 0.5675936937332153, -0.7987425327301025, 0.48449379205703735, 0.7657068371772766, 0.42303505539894104),
            ["LeftUpperLeg"] = CFrame.new(-5.960464477539063e-08, -4.0978193283081055e-08, -7.450580596923828e-08, 0.9105006456375122, 0.24455802142620087, 0.33343666791915894, -0.1704125851392746, 0.9566217660903931, -0.23629310727119446, -0.3767602741718292, 0.15832330286502838, 0.912680447101593),
            ["RightLowerLeg"] = CFrame.new(2.9802322387695312e-08, -0.00012230873107910156, -0.00007718631968600675, 1, -1.904554238763012e-07, -1.3038520307873114e-07, 1.8626448650138627e-07, 0.37811291217803955, 0.9257594347000122, -1.7136333951839333e-07, -0.9257595539093018, 0.3781130909919739),
            ["RightFoot"] = CFrame.new(8.940696716308594e-08, 1.7881393432617188e-07, 5.3849362302571535e-08, 0.9874809980392456, -0.11435168236494064, -0.10865111649036407, 0.15559007227420807, 0.8194090723991394, 0.5516881942749023, 0.025943297892808914, -0.561687171459198, 0.8269432187080383),
            ["LeftLowerLeg"] = CFrame.new(1.4901161193847656e-08, 0.00012260675430297852, 0.00007730722427368164, 1, -1.1175867342672063e-08, 1.043081283569336e-07, -9.685753354915505e-08, 0.39645859599113464, 0.9180527925491333, 1.5646217832454568e-07, -0.9180525541305542, 0.39645811915397644),
        }},
        {Time = 0.133, Data = {
            ["LeftFoot"] = CFrame.new(2.60770320892334e-08, 1.1920928955078125e-07, -3.725290298461914e-09, 0.9892919063568115, 0.10580339282751083, 0.100534588098526, -0.01930760033428669, 0.77764493227005, -0.6284074783325195, -0.14466772973537445, 0.6197371482849121, 0.7713603973388672),
            ["LeftLowerArm"] = CFrame.new(2.9802322387695312e-08, -1.1920928955078125e-07, 9.313225746154785e-09, 1, -8.568168397005138e-08, 1.0547229578605766e-07, 9.19681042432785e-08, 0.17034530639648438, -0.985384464263916, 7.264316082000732e-08, 0.985384464263916, 0.17034530639648438),
            ["LowerTorso"] = CFrame.new(0.46055299043655396, -0.28513646125793457, -0.46933937072753906, 0.771916389465332, -0.28763440251350403, -0.5669317245483398, 0.17219685018062592, 0.9530526399612427, -0.24907614290714264, 0.6119586229324341, 0.09464210271835327, 0.78520667552948),
            ["Head"] = CFrame.new(-1.4901161193847656e-08, -1.1920928955078125e-07, 2.2351741790771484e-07, 0.6707003712654114, 0.12764599919319153, 0.7306624054908752, -0.3484504818916321, 0.9238355159759521, 0.15846168994903564, -0.6547848582267761, -0.36087995767593384, 0.6640951633453369),
            ["RightUpperArm"] = CFrame.new(0, -1.1920928955078125e-07, 1.1920928955078125e-07, -0.012744811363518238, -0.9998224377632141, 0.013883450999855995, 0.9651013016700745, -0.0159318707883358, -0.26139211654663086, 0.26156678795814514, 0.010067732073366642, 0.9651329517364502),
            ["UpperTorso"] = CFrame.new(5.960464477539063e-08, -2.9802322387695312e-08, 1.4901161193847656e-08, 0.9769248962402344, -0.005152576137334108, -0.21352100372314453, -0.02394450455904007, 0.9907647371292114, -0.13346204161643982, 0.2122366577386856, 0.13549505174160004, 0.967779278755188),
            ["HumanoidRootPart"] = CFrame.new(0, 0, 0, 1, 0, 0, 0, 1, 0, 0, 0, 1),
            ["RightHand"] = CFrame.new(-1.1920928955078125e-07, 1.1920928955078125e-07, -5.960464477539063e-08, 0.9538101553916931, -0.28107941150665283, -0.10602250695228577, 0.29919663071632385, 0.9205213785171509, 0.2512410879135132, 0.026977211236953735, -0.2713577151298523, 0.9621004462242126),
            ["LeftUpperArm"] = CFrame.new(0, 0, 1.1920928955078125e-07, 0.6187165379524231, 0.4332200288772583, -0.6553704142570496, -0.3194548785686493, 0.9008681774139404, 0.2939133942127228, 0.7177314758300781, 0.027512215077877045, 0.6957762837409973),
            ["RightLowerArm"] = CFrame.new(4.76837158203125e-07, -3.5762786865234375e-07, 1.7881393432617188e-07, 1, 2.9802322387695312e-08, -2.9802322387695312e-08, 1.4901159417490817e-08, 0.9618162512779236, -0.2736961841583252, 1.4901159417490817e-08, 0.27369624376296997, 0.9618162512779236),
            ["LeftHand"] = CFrame.new(1.9571598386391997e-07, 0, 7.756170816719532e-08, 0.9632186889648438, -0.10039283335208893, -0.24926120042800903, 0.025721119716763496, 0.9577763676643372, -0.28636160492897034, 0.2674850523471832, 0.26941752433776855, 0.9251302480697632),
            ["RightUpperLeg"] = CFrame.new(1.1920928955078125e-07, 5.587935447692871e-09, -1.0600342648103833e-07, 0.8860746026039124, -0.2922726571559906, -0.35978955030441284, -0.17267240583896637, 0.5121977925300598, -0.8413309454917908, 0.43018144369125366, 0.8076077103614807, 0.4033779501914978),
            ["LeftUpperLeg"] = CFrame.new(5.960464477539063e-08, 3.3527612686157227e-08, 8.568167686462402e-08, 0.924041748046875, 0.24871192872524261, 0.29032620787620544, -0.13104969263076782, 0.9195003509521484, -0.3706011176109314, -0.35912808775901794, 0.30440372228622437, 0.882250189781189),
            ["RightLowerLeg"] = CFrame.new(-3.725290298461914e-08, -0.00012230873107910156, -0.00007749738142592832, 1, -2.048908953611317e-07, -8.381903882082042e-08, 1.974403431859173e-07, 0.38662025332450867, 0.9222388863563538, -5.494801769145852e-08, -0.9222389459609985, 0.38662049174308777),
            ["RightFoot"] = CFrame.new(1.4901161193847656e-08, 1.1920928955078125e-07, -1.39865733217448e-07, 0.99577397108078, -0.06657736003398895, -0.063258595764637, 0.08365172147750854, 0.9418110847473145, 0.32556745409965515, 0.037902094423770905, -0.3294834494590759, 0.9434003829956055),
            ["LeftLowerLeg"] = CFrame.new(4.842877388000488e-08, 0.00012254714965820312, 0.00007737055420875549, 1, 5.960463766996327e-08, 5.215404996761208e-08, -1.1175872316471214e-07, 0.3016793429851532, 0.9534093737602234, 8.195639367158947e-08, -0.9534094333648682, 0.30167943239212036),
        }},
        {Time = 0.167, Data = {
            ["LeftFoot"] = CFrame.new(-2.9802322387695312e-08, -5.960464477539063e-08, -3.725290298461914e-09, 0.9784598350524902, 0.14965224266052246, 0.14219966530799866, -0.038350656628608704, 0.8086070418357849, -0.5870981216430664, -0.20284391939640045, 0.5689981579780579, 0.7969284653663635),
            ["LeftLowerArm"] = CFrame.new(-1.4901161193847656e-07, -2.980232238769531e-07, -2.9802322387695312e-08, 1, -8.568167686462402e-08, 7.724156603217125e-08, 1.050066202878952e-07, 0.15350112318992615, -0.9881484508514404, 7.078051567077637e-08, 0.9881484508514404, 0.15350112318992615),
            ["LowerTorso"] = CFrame.new(0.3938095271587372, -0.30593180656433105, -0.452640563249588, 0.8035944700241089, -0.2749654948711395, -0.5278541445732117, 0.18124046921730042, 0.9578169584274292, -0.22302144765853882, 0.5669108629226685, 0.08355028927326202, 0.819531261920929),
            ["Head"] = CFrame.new(-2.9802322387695312e-08, 1.1920928955078125e-07, -5.960464477539063e-08, 0.6736103296279907, 0.12977874279022217, 0.7276034355163574, -0.37167951464653015, 0.910403311252594, 0.18171454966068268, -0.6388299465179443, -0.3928399980068207, 0.6614930033683777),
            ["RightUpperArm"] = CFrame.new(-1.1920928955078125e-07, -1.1920928955078125e-07, -2.9802322387695312e-08, 0.0742526575922966, -0.996997058391571, 0.021989921107888222, 0.9929823875427246, 0.07188236713409424, -0.09390910714864731, 0.09204640239477158, 0.028808701783418655, 0.995337963104248),
            ["UpperTorso"] = CFrame.new(-2.9802322387695312e-08, 2.9802322387695312e-08, 2.9802322387695312e-08, 0.966955304145813, -0.03133509308099747, -0.2530132830142975, -0.00297234277240932, 0.990964949131012, -0.1340881884098053, 0.25492891669273376, 0.13040922582149506, 0.9581257104873657),
            ["HumanoidRootPart"] = CFrame.new(0, 0, 0, 1, 0, 0, 0, 1, 0, 0, 0, 1),
            ["RightHand"] = CFrame.new(3.2782554626464844e-07, -1.7881393432617188e-07, -1.7881393432617188e-07, 0.9710665941238403, -0.22432254254817963, -0.0819101333618164, 0.237550288438797, 0.9425240159034729, 0.23498594760894775, 0.024489615112543106, -0.2476447969675064, 0.9685413837432861),
            ["LeftUpperArm"] = CFrame.new(0, 0, 1.1920928955078125e-07, 0.5751039385795593, 0.42109814286231995, -0.7013785243034363, -0.33253270387649536, 0.9036529064178467, 0.26987671852111816, 0.7474472522735596, 0.07802411168813705, 0.6597232222557068),
            ["RightLowerArm"] = CFrame.new(-2.086162567138672e-07, 1.1920928955078125e-07, 5.960464477539063e-08, 1, -1.4901161193847656e-08, 1.4901161193847656e-08, 4.0978193283081055e-08, 0.945956289768219, -0.3242942988872528, 5.960464477539063e-08, 0.3242943584918976, 0.945956289768219),
            ["LeftHand"] = CFrame.new(-7.552444003522396e-09, -5.960464477539063e-08, 4.7963112592697144e-08, 0.972381591796875, -0.07585430145263672, -0.22072690725326538, 0.02738787978887558, 0.9762638211250305, -0.21484620869159698, 0.2317846715450287, 0.20286725461483002, 0.9513784050941467),
            ["RightUpperLeg"] = CFrame.new(-5.960464477539063e-08, -1.0617077350616455e-07, 5.790934665128589e-08, 0.932354211807251, -0.2741718888282776, -0.23568060994148254, -0.04302186891436577, 0.5631044507026672, -0.8252652287483215, 0.35897746682167053, 0.7795788645744324, 0.5132173299789429),
            ["LeftUpperLeg"] = CFrame.new(0, -8.405186235904694e-08, 4.470348358154297e-08, 0.9404789805412292, 0.24115115404129028, 0.23946896195411682, -0.08383449167013168, 0.8474723100662231, -0.5241780877113342, -0.32934948801994324, 0.47290271520614624, 0.8172465562820435),
            ["RightLowerLeg"] = CFrame.new(-1.1920928955078125e-07, -0.00012260675430297852, -0.00007761845336062834, 1, -1.154839708306099e-07, -4.749745841081676e-08, 5.960465898624534e-08, 0.6037927865982056, 0.7971412539482117, -4.097820394122209e-08, -0.797141432762146, 0.6037930250167847),
            ["RightFoot"] = CFrame.new(4.470348358154297e-08, 3.5762786865234375e-07, -7.281050784513354e-08, 0.998040497303009, -0.04536180570721626, -0.04310044273734093, 0.046979740262031555, 0.9981993436813354, 0.03729834035038948, 0.041330739855766296, -0.039250001311302185, 0.9983742833137512),
            ["LeftLowerLeg"] = CFrame.new(3.725290298461914e-08, 0.00012254714965820312, 0.00007748790085315704, 1, 3.725289943190546e-08, 5.960463056453591e-08, -1.2665987014770508e-07, 0.18063901364803314, 0.9835495352745056, 8.940696716308594e-08, -0.9835494756698608, 0.18063895404338837),
        }},
        {Time = 0.200, Data = {
            ["LeftFoot"] = CFrame.new(2.2351741790771484e-08, -5.960464477539063e-08, 4.0978193283081055e-08, 0.9685943722724915, 0.1802503913640976, 0.17127422988414764, -0.06524179875850677, 0.8489296436309814, -0.5244632959365845, -0.2399345487356186, 0.49681830406188965, 0.8340284824371338),
            ["LeftLowerArm"] = CFrame.new(-2.682209014892578e-07, -1.1920928955078125e-07, -1.4901161193847656e-08, 1, -8.940698137394065e-08, 1.2168311513960361e-07, 1.4400573888906365e-07, 0.14650434255599976, -0.9892100691795349, 6.798654084150257e-08, 0.9892101287841797, 0.14650432765483856),
            ["LowerTorso"] = CFrame.new(0.3478354513645172, -0.3090360164642334, -0.43154996633529663, 0.8352659344673157, -0.26677408814430237, -0.4807937443256378, 0.1882329285144806, 0.9603134989738464, -0.20583102107048035, 0.5166230797767639, 0.08142238110303879, 0.8523327708244324),
            ["Head"] = CFrame.new(-4.470348358154297e-08, -2.384185791015625e-07, -8.195638656616211e-08, 0.686441957950592, 0.1288965493440628, 0.7156697511672974, -0.38023999333381653, 0.902523398399353, 0.2021610289812088, -0.6198508143424988, -0.41089800000190735, 0.6685415506362915),
            ["RightUpperArm"] = CFrame.new(-1.1920928955078125e-07, -2.384185791015625e-07, 5.960464477539063e-08, 0.2024802267551422, -0.972713828086853, 0.11326868832111359, 0.974531352519989, 0.21152901649475098, 0.07445915043354034, -0.09638704359531403, 0.09530731290578842, 0.9907705187797546),
            ["UpperTorso"] = CFrame.new(-2.9802322387695312e-08, -8.940696716308594e-08, 1.4901161193847656e-08, 0.9570863246917725, -0.05052908509969711, -0.28536397218704224, 0.017569132149219513, 0.992988109588623, -0.11690200865268707, 0.28926995396614075, 0.10687171667814255, 0.9512630701065063),
            ["HumanoidRootPart"] = CFrame.new(0, 0, 0, 1, 0, 0, 0, 1, 0, 0, 0, 1),
            ["RightHand"] = CFrame.new(0, -1.1920928955078125e-07, -8.940696716308594e-08, 0.9882404208183289, -0.13244986534118652, -0.076407290995121, 0.14494635164737701, 0.9705864787101746, 0.19223056733608246, 0.04869893193244934, -0.20104491710662842, 0.9783707857131958),
            ["LeftUpperArm"] = CFrame.new(1.1920928955078125e-07, -2.384185791015625e-07, -1.1920928955078125e-07, 0.5873043537139893, 0.3972643315792084, -0.7051629424095154, -0.31846195459365845, 0.9144008159637451, 0.24990634620189667, 0.7440804243087769, 0.07779647409915924, 0.6635450720787048),
            ["RightLowerArm"] = CFrame.new(5.960464477539063e-08, -5.960464477539063e-08, -1.7881393432617188e-07, 1, -4.4703490686970326e-08, -2.2351741790771484e-08, 2.7939677238464355e-08, 0.9161478877067566, -0.4008404016494751, 7.450580596923828e-09, 0.40084052085876465, 0.9161478877067566),
            ["LeftHand"] = CFrame.new(-1.212465576827526e-07, 0, 7.078051567077637e-08, 0.9758792519569397, -0.07406863570213318, -0.205362007021904, 0.04125478118658066, 0.9863046407699585, -0.15969140827655792, 0.2143775373697281, 0.14736740291118622, 0.9655698537826538),
            ["RightUpperLeg"] = CFrame.new(0, -9.406358003616333e-08, -1.6596459317952394e-08, 0.9500484466552734, -0.2795059084892273, -0.13886846601963043, 0.1735318899154663, 0.8428933620452881, -0.5093304514884949, 0.25941208004951477, 0.4597904682159424, 0.8492926955223083),
            ["LeftUpperLeg"] = CFrame.new(-1.7881393432617188e-07, -1.8067657947540283e-07, -8.568167686462402e-08, 0.9573565125465393, 0.21308283507823944, 0.19510050117969513, -0.04866496101021767, 0.784588098526001, -0.6181046366691589, -0.28478100895881653, 0.5822519659996033, 0.7615001797676086),
            ["RightLowerLeg"] = CFrame.new(-5.960464477539063e-08, -0.00012218952178955078, -0.0000772012208472006, 1, -4.470348358154297e-08, -1.4901168299275014e-08, 1.4901162970204496e-08, 0.9999874830245972, 0.005020382348448038, 0, -0.00502052903175354, 0.9999874830245972),
            ["RightFoot"] = CFrame.new(1.043081283569336e-07, 4.172325134277344e-07, 1.9541039364412427e-07, 0.9831491708755493, -0.13252349197864532, -0.1259170025587082, 0.141074538230896, 0.9880824089050293, 0.06157396733760834, 0.11625665426254272, -0.07829995453357697, 0.9901281595230103),
            ["LeftLowerLeg"] = CFrame.new(3.725290298461914e-08, 0.0001226663589477539, 0.00007729092612862587, 1, 9.872015738210393e-08, 9.685754776000977e-08, -1.3411046495548362e-07, 0.12531380355358124, 0.992117166519165, 9.685756197086448e-08, -0.992117166519165, 0.125313863158226),
        }},
        {Time = 0.233, Data = {
            ["LeftFoot"] = CFrame.new(-3.725290298461914e-08, 0, -3.725290298461914e-09, 0.9632965326309204, 0.19459910690784454, 0.18490831553936005, -0.09094127267599106, 0.884668231010437, -0.45726555585861206, -0.2525659501552582, 0.42366665601730347, 0.8698949813842773),
            ["LeftLowerArm"] = CFrame.new(-1.7881393432617188e-07, 2.384185791015625e-07, 2.2351741790771484e-08, 1, -8.242204074804249e-08, 1.187436140526188e-07, 8.987262845039368e-08, 0.148755744099617, -0.9888740181922913, 6.891787052154541e-08, 0.9888739585876465, 0.148755744099617),
            ["LowerTorso"] = CFrame.new(0.3207079768180847, -0.2967761754989624, -0.4034821689128876, 0.864069938659668, -0.2629673182964325, -0.42922183871269226, 0.19491879642009735, 0.9609643220901489, -0.19635242223739624, 0.4641011357307434, 0.08599884063005447, 0.881597638130188),
            ["Head"] = CFrame.new(-1.4901161193847656e-08, 0, -5.960464477539063e-08, 0.7077245116233826, 0.12489813566207886, 0.6953607201576233, -0.3763430118560791, 0.8996261954307556, 0.22144699096679688, -0.5979062914848328, -0.4184176027774811, 0.6836919784545898),
            ["RightUpperArm"] = CFrame.new(1.1920928955078125e-07, 0, 2.9802322387695312e-08, 0.3373548686504364, -0.9004777669906616, 0.27446600794792175, 0.8856499195098877, 0.4024202227592468, 0.23169413208961487, -0.3190860450267792, 0.16491754353046417, 0.9332665205001831),
            ["UpperTorso"] = CFrame.new(0, 2.086162567138672e-07, -9.685754776000977e-08, 0.9491357207298279, -0.059402983635663986, -0.3092130720615387, 0.03462688997387886, 0.9957782030105591, -0.08501119166612625, 0.3129575550556183, 0.06998003274202347, 0.9471854567527771),
            ["HumanoidRootPart"] = CFrame.new(0, 0, 0, 1, 0, 0, 0, 1, 0, 0, 0, 1),
            ["RightHand"] = CFrame.new(2.682209014892578e-07, 2.384185791015625e-07, 7.82310962677002e-08, 0.9955871105194092, -0.01631837710738182, -0.09241244196891785, 0.028600089251995087, 0.9906789660453796, 0.13318130373954773, 0.0893777534365654, -0.13523657619953156, 0.9867739081382751),
            ["LeftUpperArm"] = CFrame.new(0, 0, -1.1920928955078125e-07, 0.6430196762084961, 0.3638485372066498, -0.6738991141319275, -0.2812008261680603, 0.9306439757347107, 0.23415344953536987, 0.7123565077781677, 0.03893575072288513, 0.7007368803024292),
            ["RightLowerArm"] = CFrame.new(-5.960464477539063e-08, -5.960464477539063e-08, -7.450580596923828e-08, 1, -6.073969416320324e-08, 3.655441105365753e-08, 2.980232594040899e-08, 0.8722538352012634, -0.4890534281730652, 1.1175872671742582e-08, 0.4890534281730652, 0.8722538352012634),
            ["LeftHand"] = CFrame.new(-1.3969838619232178e-07, 0, -8.195638656616211e-08, 0.9740884304046631, -0.09138841181993484, -0.20688150823116302, 0.06682132929563522, 0.9901816844940186, -0.12278150767087936, 0.21607106924057007, 0.10577596724033356, 0.9706310629844666),
            ["RightUpperLeg"] = CFrame.new(0, 4.880130290985107e-07, -1.0600342648103833e-07, 0.9356532096862793, -0.35126549005508423, 0.03414296358823776, 0.3245047628879547, 0.8182485103607178, -0.4745168387889862, 0.138744056224823, 0.455062597990036, 0.879584014415741),
            ["LeftUpperLeg"] = CFrame.new(-1.1920928955078125e-07, 3.427267074584961e-07, 4.470348358154297e-08, 0.9726850986480713, 0.17388908565044403, 0.15377353131771088, -0.029802218079566956, 0.7505156397819519, -0.6601804494857788, -0.23020759224891663, 0.6375648379325867, 0.7351976037025452),
            ["RightLowerLeg"] = CFrame.new(1.043081283569336e-07, -0.00012230873107910156, -0.00007740983710391447, 1, 0, 0, -2.980232594040899e-08, 0.999987006187439, 0.005108935758471489, 1.4901162970204496e-08, -0.005109042394906282, 0.9999869465827942),
            ["RightFoot"] = CFrame.new(-1.4901161193847656e-07, 1.7881393432617188e-07, -2.516244421713054e-07, 0.9479569792747498, -0.23082199692726135, -0.2193155288696289, 0.22083605825901031, 0.9728420972824097, -0.06935176253318787, 0.22936692833900452, 0.017309851944446564, 0.9731860160827637),
            ["LeftLowerLeg"] = CFrame.new(1.4901161193847656e-08, 0.0001227855682373047, 0.00007728114724159241, 1, 9.12695767851801e-08, 5.960464477539063e-08, -5.960463056453591e-08, 0.12884919345378876, 0.9916642308235168, 4.9360085796479325e-08, -0.9916641712188721, 0.12884917855262756),
        }},
        {Time = 0.267, Data = {
            ["LeftFoot"] = CFrame.new(-7.450580596923828e-09, 1.1920928955078125e-07, -7.450580596923828e-09, 0.9625589847564697, 0.19650793075561523, 0.18672223389148712, -0.11032603681087494, 0.9131907820701599, -0.3923145830631256, -0.24760563671588898, 0.35702574253082275, 0.900679886341095),
            ["LeftLowerArm"] = CFrame.new(-1.7881393432617188e-07, 1.1920928955078125e-07, 0, 1, -9.406359424701805e-08, 8.940698137394065e-08, 1.2759119272232056e-07, 0.1632954180240631, -0.9865772724151611, 7.078051567077637e-08, 0.9865772724151611, 0.16329540312290192),
            ["LowerTorso"] = CFrame.new(0.30654090642929077, -0.2734029293060303, -0.36951735615730286, 0.8885412216186523, -0.2614557147026062, -0.3770085275173187, 0.20134875178337097, 0.9605920910835266, -0.1916286051273346, 0.41225379705429077, 0.09435970336198807, 0.9061694145202637),
            ["Head"] = CFrame.new(-7.450580596923828e-09, -2.384185791015625e-07, 1.4901161193847656e-08, 0.7357050180435181, 0.11710335314273834, 0.6671019792556763, -0.36186572909355164, 0.9005406498908997, 0.240997776389122, -0.5725307464599609, -0.418704628944397, 0.7049078345298767),
            ["RightUpperArm"] = CFrame.new(0, 1.1920928955078125e-07, -2.9802322387695312e-08, 0.4298299551010132, -0.77937251329422, 0.45587801933288574, 0.7089996337890625, 0.6039690971374512, 0.36406147480010986, -0.5590758323669434, 0.16673290729522705, 0.812178909778595),
            ["UpperTorso"] = CFrame.new(-2.9802322387695312e-08, -2.086162567138672e-07, -6.705522537231445e-08, 0.9446941018104553, -0.05749937519431114, -0.32287317514419556, 0.045779999345541, 0.9979917407035828, -0.04378116875886917, 0.3247421085834503, 0.02657872810959816, 0.9454291462898254),
            ["HumanoidRootPart"] = CFrame.new(0, 0, 0, 1, 0, 0, 0, 1, 0, 0, 0, 1),
            ["RightHand"] = CFrame.new(4.507601261138916e-07, 2.384185791015625e-07, -7.450580596923828e-08, 0.9860609769821167, 0.1086612120270729, -0.12600202858448029, -0.10058460384607315, 0.9925470352172852, 0.06879877299070358, 0.13253869116306305, -0.05516595020890236, 0.9896414875984192),
            ["LeftUpperArm"] = CFrame.new(-1.1920928955078125e-07, -2.384185791015625e-07, 5.960464477539063e-08, 0.7194998860359192, 0.31837043166160583, -0.6172197461128235, -0.22933073341846466, 0.9477981925010681, 0.2215540111064911, 0.6555359363555908, -0.01786060817539692, 0.7549528479576111),
            ["RightLowerArm"] = CFrame.new(4.172325134277344e-07, 0, 2.9802322387695312e-08, 1, -1.9557775843281888e-08, 2.9802318834981634e-08, 7.171183824539185e-08, 0.8164101839065552, -0.5774725079536438, 2.2351741790771484e-08, 0.5774725675582886, 0.8164100646972656),
            ["LeftHand"] = CFrame.new(-1.2293457984924316e-07, 0, 4.470348358154297e-08, 0.9672026038169861, -0.12133429199457169, -0.22315315902233124, 0.10117512941360474, 0.9898609519004822, -0.09969485551118851, 0.2329869568347931, 0.07384759932756424, 0.9696719646453857),
            ["RightUpperLeg"] = CFrame.new(-5.960464477539063e-08, -4.3958425521850586e-07, -3.149762051180005e-08, 0.9301894307136536, -0.3622373640537262, 0.05942975729703903, 0.34767600893974304, 0.8174557089805603, -0.45922479033470154, 0.11776714026927948, 0.4478283226490021, 0.8863299489021301),
            ["LeftUpperLeg"] = CFrame.new(-5.960464477539063e-08, -4.6193599700927734e-07, -2.2351741790771484e-08, 0.9850627183914185, 0.13103565573692322, 0.11171888560056686, -0.023209622129797935, 0.7439044117927551, -0.6678827404975891, -0.1706247180700302, 0.6553136706352234, 0.7358339428901672),
            ["RightLowerLeg"] = CFrame.new(-1.043081283569336e-07, -0.0001226663589477539, -0.00007739493594272062, 1, 2.9802318834981634e-08, -3.725290653733282e-08, -2.9802322387695312e-08, 0.999987006187439, 0.00511207478120923, -1.341104507446289e-07, -0.005112133454531431, 0.999987006187439),
            ["RightFoot"] = CFrame.new(1.1920928955078125e-07, 2.384185791015625e-07, -1.0261283023282886e-07, 0.9557440876960754, -0.21327848732471466, -0.20264644920825958, 0.2296665757894516, 0.971365213394165, 0.06085161119699478, 0.18386568129062653, -0.10469968616962433, 0.9773595333099365),
