return {
    ["Cannon Spike"] = {
        {Time = 0.000, Data = {
            ["LeftFoot"] = CFrame.new(-4.284083843231201e-08, 0, 1.3969838619232178e-08, 0.9928359389305115, -0.1105412021279335, -0.04535873979330063, 0.10788989067077637, 0.9925132989883423, -0.057246994227170944, 0.05134711414575577, 0.0519431009888649, 0.9973291158676147),
            ["LeftLowerArm"] = CFrame.new(2.384185791015625e-07, -7.748603820800781e-07, 5.364418029785156e-07, 1, -1.4901164746561335e-08, 3.72529100900465e-08, 5.960465898624534e-08, 0.894477128982544, -0.44711384177207947, -4.4703494239684005e-08, 0.44711387157440186, 0.8944770693778992),
            ["LowerTorso"] = CFrame.new(-0.06076505780220032, -0.1849684715270996, -0.02812374383211136, 0.9634893536567688, -0.011868191882967949, -0.2674836218357086, 0.00003980041219620034, 0.9990235567092896, -0.044183094054460526, 0.26774677634239197, 0.04255929961800575, 0.9625489115715027),
            ["Head"] = CFrame.new(6.51925802230835e-08, 7.152557373046875e-07, 9.685754776000977e-08, 0.9167118668556213, 0.029443303123116493, 0.39846256375312805, -0.02118656411767006, 0.9994601607322693, -0.02511008456349373, -0.3989867866039276, 0.014576684683561325, 0.9168407917022705),
            ["RightUpperArm"] = CFrame.new(1.1920928955078125e-07, 2.384185791015625e-07, 7.450580596923828e-08, 0.9552668929100037, -0.284511536359787, -0.08073680847883224, 0.28983452916145325, 0.9549212455749512, 0.0641988143324852, 0.058832015842199326, -0.08472736179828644, 0.994665801525116),
            ["UpperTorso"] = CFrame.new(-6.314076017588377e-08, 1.7881393432617188e-07, 0, 0.9903788566589355, 0.013574302196502686, -0.1377154290676117, 0.01393477525562048, 0.9803364276885986, 0.19684134423732758, 0.13767953217029572, -0.1968664973974228, 0.9707152843475342),
            ["HumanoidRootPart"] = CFrame.new(0, 0, 0, 1, 0, 0, 0, 1, 0, 0, 0, 1),
            ["RightHand"] = CFrame.new(2.2351741790771484e-07, -1.1920928955078125e-07, 1.7881393432617188e-07, 0.9972150325775146, 0.023980632424354553, 0.07061982154846191, -0.010499331168830395, 0.9826058745384216, -0.1854066699743271, -0.07383762300014496, 0.1841488480567932, 0.9801210761070251),
            ["LeftUpperArm"] = CFrame.new(-2.384185791015625e-07, 4.76837158203125e-07, -5.960464477539063e-08, 0.8666335344314575, 0.40629830956459045, -0.2895997166633606, -0.40460798144340515, 0.9119146466255188, 0.06858654320240021, 0.2919568419456482, 0.057734936475753784, 0.9546874165534973),
            ["RightLowerArm"] = CFrame.new(-5.364418029785156e-07, 5.960464477539062e-07, 1.7881393432617188e-07, 1, -5.5879340266073996e-08, 7.450579886381092e-08, 5.960464477539063e-08, 0.908269464969635, -0.41838574409484863, 0, 0.41838565468788147, 0.908269464969635),
            ["LeftHand"] = CFrame.new(0, 5.960464477539063e-08, -1.7881393432617188e-07, 0.9984158873558044, -0.04435198754072189, -0.034622564911842346, 0.04134266451001167, 0.9956699013710022, -0.08326087146997452, 0.0381653755903244, 0.08169759809970856, 0.9959262609481812),
            ["RightUpperLeg"] = CFrame.new(1.1920928955078125e-07, 5.122274160385132e-07, 3.55576048605144e-08, 0.956753134727478, -0.18361788988113403, -0.22562794387340546, 0.17417415976524353, 0.9828082323074341, -0.061249081045389175, 0.2329951822757721, 0.019301623106002808, 0.9722862243652344),
            ["LeftUpperLeg"] = CFrame.new(-1.7881393432617188e-07, 4.600733518600464e-07, 7.450580596923828e-09, 0.9844968318939209, 0.1693645417690277, 0.04562576860189438, -0.12146441638469696, 0.8459433913230896, -0.5192555785179138, -0.1265401542186737, 0.5056634545326233, 0.8534002304077148),
            ["RightLowerLeg"] = CFrame.new(-7.450580596923828e-08, -0.00012248754501342773, -0.00007735023245913908, 1, -7.450578820566989e-09, -1.3411046495548362e-07, 7.357449760547752e-08, 0.8080247640609741, 0.5891483426094055, -9.499492392706088e-08, -0.5891485810279846, 0.8080248832702637),
            ["RightFoot"] = CFrame.new(1.862645149230957e-08, 3.5762786865234375e-07, 1.6952981241047382e-09, 0.980771541595459, 0.15721765160560608, -0.1156284436583519, -0.19399099051952362, 0.850104570388794, -0.4895807206630707, 0.021325813606381416, 0.5025981664657593, 0.8642573952674866),
            ["LeftLowerLeg"] = CFrame.new(5.960464477539063e-08, 0.00012242794036865234, 0.00007736682891845703, 1, 4.214235005406408e-08, 1.5366817152084877e-08, -8.381903882082042e-08, 0.8041776418685913, 0.5943886637687683, 5.960465188081798e-08, -0.594389021396637, 0.8041778802871704),
        }},
        {Time = 0.033, Data = {
            ["LeftFoot"] = CFrame.new(-2.421438694000244e-08, 1.1920928955078125e-07, 9.546056389808655e-08, 0.9904336929321289, -0.13144752383232117, 0.04198502004146576, 0.13253995776176453, 0.9908777475357056, -0.024384325370192528, -0.03839683160185814, 0.029715759679675102, 0.9988207221031189),
            ["LeftLowerArm"] = CFrame.new(-5.960464477539063e-08, 1.7881393432617188e-07, 5.960464477539063e-08, 1, -1.1175873559921001e-08, -7.450582373280668e-09, 5.960464477539063e-08, 0.8729754090309143, -0.4877643287181854, 2.9802322387695312e-08, 0.48776426911354065, 0.8729754090309143),
            ["LowerTorso"] = CFrame.new(-0.06578399240970612, -0.16130661964416504, -0.004438281059265137, 0.9533595442771912, -0.011429139412939548, -0.30162057280540466, 0.01489170640707016, 0.9998469948768616, 0.00918293185532093, 0.30146944522857666, -0.013246281072497368, 0.9533838629722595),
            ["Head"] = CFrame.new(5.21540641784668e-08, -1.1920928955078125e-07, 5.774199962615967e-08, 0.9234623908996582, 0.016588304191827774, 0.3833303153514862, -0.005636421497911215, 0.9995437264442444, -0.029676035046577454, -0.3836476504802704, 0.02524404600262642, 0.923134446144104),
            ["RightUpperArm"] = CFrame.new(-1.1920928955078125e-07, -5.960464477539062e-07, 0, 0.9262145161628723, -0.34238460659980774, -0.15779584646224976, 0.3547185957431793, 0.9332222938537598, 0.05719141662120819, 0.12767712771892548, -0.1089446097612381, 0.9858142733573914),
            ["UpperTorso"] = CFrame.new(-6.984919309616089e-08, 1.4901161193847656e-07, 1.862645149230957e-09, 0.9933732748031616, 0.0336553193628788, -0.10989506542682648, -0.013926621526479721, 0.9843675494194031, 0.17557552456855774, 0.11408600211143494, -0.1728815883398056, 0.9783130288124084),
            ["HumanoidRootPart"] = CFrame.new(0, 0, 0, 1, 0, 0, 0, 1, 0, 0, 0, 1),
            ["RightHand"] = CFrame.new(-2.980232238769531e-07, 2.384185791015625e-07, 0, 0.9952530860900879, 0.05522869527339935, -0.08013183623552322, -0.06870667636394501, 0.9818786978721619, -0.1766171157360077, 0.06892549246549606, 0.18128427863121033, 0.9810124635696411),
            ["LeftUpperArm"] = CFrame.new(0, -1.1920928955078125e-07, 0, 0.8605825304985046, 0.38741496205329895, -0.33061665296554565, -0.397283673286438, 0.9168147444725037, 0.04020482674241066, 0.31869015097618103, 0.09674897789955139, 0.9429084062576294),
            ["RightLowerArm"] = CFrame.new(-1.1920928955078125e-07, 2.980232238769531e-07, 4.172325134277344e-07, 1, -3.725290298461914e-08, -2.2351738238057806e-08, 5.960465188081798e-08, 0.8718006014823914, -0.4898609519004822, -7.450581485102248e-09, 0.4898609220981598, 0.8718005418777466),
            ["LeftHand"] = CFrame.new(0, 2.384185791015625e-07, 1.4901161193847656e-07, 0.9965918064117432, 0.032260071486234665, -0.07592218369245529, -0.04168856516480446, 0.991144061088562, -0.12607765197753906, 0.0711824893951416, 0.12881307303905487, 0.9891109466552734),
            ["RightUpperLeg"] = CFrame.new(5.960464477539063e-08, 1.1175870895385742e-08, 3.742025000974536e-08, 0.921640157699585, -0.21981455385684967, -0.31978288292884827, 0.18573613464832306, 0.9734437465667725, -0.1338256597518921, 0.3407074213027954, 0.06394372135400772, 0.9379923343658447),
            ["LeftUpperLeg"] = CFrame.new(-2.980232238769531e-07, 3.578606992959976e-07, 1.862645149230957e-09, 0.9851449131965637, 0.17139221727848053, -0.010692085139453411, -0.1514401137828827, 0.83773273229599, -0.524661660194397, -0.08096583932638168, 0.5184868574142456, 0.851243793964386),
            ["RightLowerLeg"] = CFrame.new(-5.21540641784668e-08, -0.00012236833572387695, -0.00007738003478152677, 1, -5.960463766996327e-08, -5.960465188081798e-08, 6.519259443393821e-08, 0.7865638136863708, 0.6175087094306946, -7.4505820180093e-08, -0.6175090074539185, 0.78656405210495),
            ["RightFoot"] = CFrame.new(2.2351741790771484e-08, 2.980232238769531e-07, -2.8107024263590574e-08, 0.9859048128128052, 0.15971827507019043, -0.04982045665383339, -0.16495062410831451, 0.8781080842018127, -0.44912928342819214, -0.02798614837229252, 0.45101702213287354, 0.8920767307281494),
            ["LeftLowerLeg"] = CFrame.new(8.940696716308594e-08, 0.00012230873107910156, 0.00007738173007965088, 1, 6.58910721540451e-08, 3.166496043149891e-08, -2.9802318834981634e-08, 0.8423972725868225, 0.5388568043708801, 4.470347647611561e-08, -0.5388570427894592, 0.8423973917961121),
        }},
        {Time = 0.067, Data = {
            ["LeftFoot"] = CFrame.new(5.960464477539063e-08, 0, 7.82310962677002e-08, 0.9817745685577393, -0.14651057124137878, 0.12105052173137665, 0.15202580392360687, 0.9876608848571777, -0.03760715574026108, -0.11404715478420258, 0.055324357002973557, 0.9919337630271912),
            ["LeftLowerArm"] = CFrame.new(2.980232238769531e-07, -1.1920928955078125e-07, 2.384185791015625e-07, 1, -7.450580596923828e-08, 1.4901162970204496e-08, 7.450580596923828e-08, 0.8102120757102966, -0.5861368775367737, 3.725290298461914e-08, 0.5861368775367737, 0.8102121353149414),
            ["LowerTorso"] = CFrame.new(-0.08491773903369904, -0.15420961380004883, 0.027674779295921326, 0.923170804977417, -0.005342449992895126, -0.3843528926372528, 0.03631483390927315, 0.9966434240341187, 0.0733707919716835, 0.3826707899570465, -0.08169148862361908, 0.9202660322189331),
            ["Head"] = CFrame.new(3.725290298461914e-08, 1.1920928955078125e-07, 3.3527612686157227e-08, 0.9188159108161926, -0.010439739562571049, 0.3945484757423401, 0.025390148162841797, 0.9991430044174194, -0.032690729945898056, -0.3938690423965454, 0.040054403245449066, 0.9182934761047363),
            ["RightUpperArm"] = CFrame.new(1.1920928955078125e-07, -2.384185791015625e-07, 1.1920928955078125e-07, 0.8811479806900024, -0.37949123978614807, -0.2820722460746765, 0.4140399694442749, 0.9073534607887268, 0.0726686343550682, 0.2283620834350586, -0.1808209866285324, 0.9566370844841003),
            ["UpperTorso"] = CFrame.new(-6.00120984017849e-08, 0, -1.0244548320770264e-08, 0.9967246651649475, 0.060297198593616486, -0.05389166623353958, -0.05185772851109505, 0.9878937602043152, 0.14620764553546906, 0.0620550774037838, -0.14293405413627625, 0.9877849221229553),
            ["HumanoidRootPart"] = CFrame.new(0, 0, 0, 1, 0, 0, 0, 1, 0, 0, 0, 1),
            ["RightHand"] = CFrame.new(5.960464477539063e-08, -5.960464477539063e-08, 1.1920928955078125e-07, 0.968846321105957, 0.09117124229669571, -0.2302711308002472, -0.12881116569042206, 0.9796229600906372, -0.15409959852695465, 0.21152940392494202, 0.17896029353141785, 0.9608479142189026),
            ["LeftUpperArm"] = CFrame.new(-2.384185791015625e-07, 0, 5.960464477539063e-08, 0.855944037437439, 0.3434334397315979, -0.38654032349586487, -0.3785942792892456, 0.9254222512245178, -0.016129128634929657, 0.35217365622520447, 0.16014759242534637, 0.9221314787864685),
            ["RightLowerArm"] = CFrame.new(2.384185791015625e-07, 3.5762786865234375e-07, 4.172325134277344e-07, 1, -8.195636524988004e-08, 1.4901159417490817e-08, 3.725289943190546e-08, 0.7686132788658142, -0.639713704586029, 4.470347647611561e-08, 0.6397136449813843, 0.7686132192611694),
            ["LeftHand"] = CFrame.new(-5.960464477539063e-08, -1.7881393432617188e-07, -5.960464477539063e-08, 0.9684454798698425, 0.14818938076496124, -0.20038335025310516, -0.1901562660932541, 0.9590867757797241, -0.2097456306219101, 0.16110295057296753, 0.24123139679431915, 0.9570023417472839),
            ["RightUpperLeg"] = CFrame.new(0, -2.521555870771408e-07, -1.6952981241047382e-09, 0.860417366027832, -0.27569207549095154, -0.4285743236541748, 0.20943568646907806, 0.958017885684967, -0.19580192863941193, 0.46456289291381836, 0.0787123516201973, 0.8820350170135498),
            ["LeftUpperLeg"] = CFrame.new(-5.960464477539063e-08, -3.618188202381134e-07, -5.960464477539063e-08, 0.9782361388206482, 0.20610935986042023, -0.02394014224410057, -0.18214625120162964, 0.7977333664894104, -0.5748427510261536, -0.09938246756792068, 0.5666926503181458, 0.8179137110710144),
            ["RightLowerLeg"] = CFrame.new(-1.4901161193847656e-08, -0.00012248754501342773, -0.00007739493594272062, 1, -5.960462345910855e-08, -1.4901164746561335e-08, 1.1175870895385742e-07, 0.7517469525337219, 0.6594515442848206, -1.5273690223693848e-07, -0.6594516038894653, 0.751747190952301),
            ["RightFoot"] = CFrame.new(-1.4901161193847656e-08, 2.980232238769531e-07, 1.6596459317952394e-08, 0.97369784116745, 0.2017129510641098, -0.10594633966684341, -0.22735485434532166, 0.8906111121177673, -0.39385417103767395, 0.014911692589521408, 0.4075828790664673, 0.9130467772483826),
            ["LeftLowerLeg"] = CFrame.new(5.960464477539063e-08, 0.00012236833572387695, 0.00007736682891845703, 1, 1.4028046280145645e-08, 6.89178563106907e-08, -6.33299421792799e-08, 0.8291215300559998, 0.5590683817863464, 8.195639367158947e-08, -0.5590683817863464, 0.8291216492652893),
        }},
        {Time = 0.100, Data = {
            ["LeftFoot"] = CFrame.new(2.60770320892334e-08, 0, -5.774199962615967e-08, 0.9657456278800964, -0.15946398675441742, 0.20471104979515076, 0.17763765156269073, 0.981340765953064, -0.07358817756175995, -0.18915687501430511, 0.10743174701929092, 0.9760524034500122),
            ["LeftLowerArm"] = CFrame.new(-7.152557373046875e-07, -2.384185791015625e-07, 1.4901161193847656e-07, 1, -8.940695295223122e-08, 4.470348358154297e-08, 5.960463056453591e-08, 0.6925312876701355, -0.7213879227638245, 4.470347292340193e-08, 0.7213878631591797, 0.6925312876701355),
            ["LowerTorso"] = CFrame.new(-0.11967425048351288, -0.16411590576171875, 0.06898577511310577, 0.8652634024620056, 0.025254080072045326, -0.5006810426712036, 0.04723643511533737, 0.9901799559593201, 0.13157686591148376, 0.4990871548652649, -0.13749903440475464, 0.8555735349655151),
            ["Head"] = CFrame.new(4.470348358154297e-08, -4.76837158203125e-07, -2.60770320892334e-08, 0.9033122658729553, -0.043594203889369965, 0.4267628490924835, 0.06233183294534683, 0.997603714466095, -0.03002927079796791, -0.42443105578422546, 0.053726691752672195, 0.9038649201393127),
            ["RightUpperArm"] = CFrame.new(1.1920928955078125e-07, -3.5762786865234375e-07, 4.470348358154297e-08, 0.8232070207595825, -0.39434927701950073, -0.40843459963798523, 0.46656209230422974, 0.8798052072525024, 0.09089970588684082, 0.3234967291355133, -0.26538941264152527, 0.9082502126693726),
            ["UpperTorso"] = CFrame.new(-7.962808012962341e-08, 2.980232238769531e-07, -3.632158041000366e-08, 0.9974956512451172, 0.06997280567884445, 0.010310892015695572, -0.07069504261016846, 0.9908512234687805, 0.11496219784021378, -0.0021723085083067417, -0.11540322005748749, 0.9933164119720459),
            ["HumanoidRootPart"] = CFrame.new(0, 0, 0, 1, 0, 0, 0, 1, 0, 0, 0, 1),
            ["RightHand"] = CFrame.new(2.384185791015625e-07, 5.960464477539063e-08, 3.5762786865234375e-07, 0.9211682081222534, 0.12010341882705688, -0.37016797065734863, -0.17632998526096344, 0.9767558574676514, -0.12188474833965302, 0.34692496061325073, 0.17754803597927094, 0.9209342002868652),
            ["LeftUpperArm"] = CFrame.new(-1.1920928955078125e-07, 0, -5.960464477539063e-08, 0.8587669134140015, 0.274935245513916, -0.4323541224002838, -0.35128575563430786, 0.9302244782447815, -0.10621172189712524, 0.37298497557640076, 0.24309095740318298, 0.8954267501831055),
            ["RightLowerArm"] = CFrame.new(9.5367431640625e-07, 9.5367431640625e-07, 3.5762786865234375e-07, 1, -1.229346224818073e-07, 5.960465188081798e-08, 8.568168397005138e-08, 0.612174391746521, -0.7907228469848633, 5.960465188081798e-08, 0.7907228469848633, 0.6121743321418762),
            ["LeftHand"] = CFrame.new(5.066394805908203e-07, -1.1920928955078125e-07, -5.960464477539063e-08, 0.912468671798706, 0.23386210203170776, -0.3357222378253937, -0.318251371383667, 0.921364426612854, -0.22316746413707733, 0.25713223218917847, 0.3104773163795471, 0.9151431322097778),
            ["RightUpperLeg"] = CFrame.new(1.1920928955078125e-07, 2.7194619178771973e-07, 5.790934665128589e-08, 0.7870800495147705, -0.3428933620452881, -0.5127664804458618, 0.25293153524398804, 0.937569797039032, -0.23872292041778564, 0.5626107454299927, 0.058199137449264526, 0.8246708512306213),
            ["LeftUpperLeg"] = CFrame.new(-5.960464477539063e-08, 2.3469328880310059e-07, -7.450580596923828e-08, 0.9685364365577698, 0.2488471120595932, -0.003550821216776967, -0.19418546557426453, 0.7467109560966492, -0.6361719965934753, -0.15565788745880127, 0.6168450713157654, 0.7715391516685486),
            ["RightLowerLeg"] = CFrame.new(-1.341104507446289e-07, -0.00012236833572387695, -0.00007738003478152677, 1, -1.0430811414607888e-07, -5.960465188081798e-08, 5.960463766996327e-08, 0.7580111026763916, 0.6522412896156311, -7.823108916227284e-08, -0.652241587638855, 0.7580114603042603),
            ["RightFoot"] = CFrame.new(1.9371509552001953e-07, 3.5762786865234375e-07, 4.639878170564771e-08, 0.9373882412910461, 0.288789838552475, -0.1946892887353897, -0.3325718343257904, 0.908202588558197, -0.25409412384033203, 0.10343756526708603, 0.3029332756996155, 0.9473819136619568),
            ["LeftLowerLeg"] = CFrame.new(5.960464477539063e-08, 0.00012254714965820312, 0.00007733702659606934, 1, 7.916244015859775e-08, 1.30385116037246e-08, -5.2154071283894154e-08, 0.7862861156463623, 0.617862343788147, 1.4156104555240745e-07, -0.6178625822067261, 0.7862862348556519),
        }},
        {Time = 0.133, Data = {
            ["LeftFoot"] = CFrame.new(-2.2351741790771484e-08, -5.960464477539063e-08, -2.9802322387695312e-08, 0.9356439113616943, -0.18020956218242645, 0.30347156524658203, 0.22488144040107727, 0.9670850038528442, -0.11905920505523682, -0.27202746272087097, 0.17964212596416473, 0.9453729391098022),
            ["LeftLowerArm"] = CFrame.new(-2.384185791015625e-07, 2.384185791015625e-07, 2.5331974029541016e-07, 1, -8.940698137394065e-08, 1.862645326866641e-08, 6.705523958316917e-08, 0.5151520371437073, -0.8570988774299622, 4.4703494239684005e-08, 0.8570988774299622, 0.5151520371437073),
            ["LowerTorso"] = CFrame.new(-0.16301175951957703, -0.19763517379760742, 0.12027466297149658, 0.7677862644195557, 0.07276767492294312, -0.6365603804588318, 0.03719237074255943, 0.9867923259735107, 0.15766355395317078, 0.6396256685256958, -0.14472709596157074, 0.7549391388893127),
            ["Head"] = CFrame.new(1.043081283569336e-07, -2.384185791015625e-07, 5.960464477539063e-08, 0.8768432140350342, -0.07757557183504105, 0.47447681427001953, 0.09816131740808487, 0.9949944019317627, -0.0187254399061203, -0.4706490933895111, 0.06299460679292679, 0.8800688982009888),
            ["RightUpperArm"] = CFrame.new(-1.1920928955078125e-07, 1.1920928955078125e-07, 1.1920928955078125e-07, 0.7907231450080872, -0.3922119438648224, -0.47002866864204407, 0.50058513879776, 0.8562230467796326, 0.12765881419181824, 0.35238006711006165, -0.33623209595680237, 0.8733707070350647),
            ["UpperTorso"] = CFrame.new(-7.82310962677002e-08, -8.940696716308594e-08, -1.862645149230957e-08, 0.996557354927063, 0.04855897277593613, 0.0671987235546112, -0.055356673896312714, 0.9931085705757141, 0.10330138355493546, -0.06171924248337746, -0.10666564106941223, 0.9923775792121887),
            ["HumanoidRootPart"] = CFrame.new(0, 0, 0, 1, 0, 0, 0, 1, 0, 0, 0, 1),
            ["RightHand"] = CFrame.new(-1.1920928955078125e-07, 5.960464477539063e-08, 2.384185791015625e-07, 0.8610802888870239, 0.1312781423330307, -0.4912298321723938, -0.20097412168979645, 0.975300133228302, -0.09164617955684662, 0.4670654535293579, 0.1776392161846161, 0.8661952614784241),
            ["LeftUpperArm"] = CFrame.new(-1.1920928955078125e-07, 3.5762786865234375e-07, -8.940696716308594e-08, 0.8744346499443054, 0.20765364170074463, -0.43845638632774353, -0.32672953605651855, 0.9201439023017883, -0.21583090722560883, 0.3586248755455017, 0.331986665725708, 0.8724523782730103),
            ["RightLowerArm"] = CFrame.new(-5.960464477539063e-08, 1.1920928955078125e-07, 2.384185791015625e-07, 1, -1.1362138252479781e-07, 1.341104365337742e-07, 7.450581307466564e-08, 0.43845248222351074, -0.8987544178962708, 8.940698137394065e-08, 0.8987544178962708, 0.4384525418281555),
            ["LeftHand"] = CFrame.new(-2.086162567138672e-07, 0, -1.2665987014770508e-07, 0.835107684135437, 0.3117963969707489, -0.45318683981895447, -0.42309334874153137, 0.8905767202377319, -0.16692882776260376, 0.35154974460601807, 0.33114388585090637, 0.8756464123725891),
            ["RightUpperLeg"] = CFrame.new(1.1920928955078125e-07, 9.220093488693237e-07, 7.281050784513354e-08, 0.7440885305404663, -0.4421733319759369, -0.5008143186569214, 0.3021029531955719, 0.8913070559501648, -0.3380911648273468, 0.5958741903305054, 0.10027199238538742, 0.7967931628227234),
            ["LeftUpperLeg"] = CFrame.new(-3.5762786865234375e-07, 8.568167686462402e-08, 0, 0.9552667140960693, 0.2932269275188446, 0.03851848468184471, -0.19103756546974182, 0.7112242579460144, -0.6765093803405762, -0.22576577961444855, 0.6388882398605347, 0.735426127910614),
            ["RightLowerLeg"] = CFrame.new(3.725290298461914e-08, -0.00012218952178955078, -0.00007736513362033293, 1, -6.70552182668871e-08, -5.4948053218595305e-08, 9.685756197086448e-08, 0.7280243039131165, 0.6855512261390686, -8.195639367158947e-08, -0.6855514049530029, 0.728024423122406),
            ["RightFoot"] = CFrame.new(1.3969838619232178e-07, 4.172325134277344e-07, -2.9613147489726543e-09, 0.8914302587509155, 0.37782493233680725, -0.250201940536499, -0.4064946174621582, 0.9107317924499512, -0.07300032675266266, 0.20028552412986755, 0.1667809635400772, 0.9654377698898315),
            ["LeftLowerLeg"] = CFrame.new(-5.960464477539063e-08, 0.0001226663589477539, 0.00007742643356323242, 1, 5.774199962615967e-08, -1.862645149230957e-08, -5.215405707303944e-08, 0.7176766991615295, 0.6963765621185303, 1.0430811414607888e-07, -0.6963765621185303, 0.7176766991615295),
        }},
        {Time = 0.167, Data = {
            ["LeftFoot"] = CFrame.new(-8.940696716308594e-08, 0, -1.4901161193847656e-08, 0.8988712430000305, -0.23283687233924866, 0.37123820185661316, 0.29952725768089294, 0.9448204040527344, -0.13265743851661682, -0.3198656439781189, 0.23043788969516754, 0.9190126657485962),
            ["LeftLowerArm"] = CFrame.new(-1.4901161193847656e-07, 0, 3.2782554626464844e-07, 1, -1.0058283805847168e-07, 3.725290298461914e-08, 7.532072032745418e-08, 0.3152943551540375, -0.9489939212799072, 6.705523247774181e-08, 0.9489939212799072, 0.31529438495635986),
            ["LowerTorso"] = CFrame.new(-0.2051207274198532, -0.25433969497680664, 0.18502695858478546, 0.6315698623657227, 0.1090412586927414, -0.767612874507904, 0.01758412830531597, 0.9877915978431702, 0.1547858715057373, 0.7751196622848511, -0.11125592887401581, 0.6219419240951538),
            ["Head"] = CFrame.new(5.21540641784668e-08, 0, 3.725290298461914e-08, 0.8315034508705139, -0.08375310897827148, 0.5491697788238525, 0.11255072057247162, 0.9934661984443665, -0.018901942297816277, -0.5439984798431396, 0.07752649486064911, 0.8354970812797546),
            ["RightUpperArm"] = CFrame.new(1.1920928955078125e-07, -1.1920928955078125e-07, 1.1920928955078125e-07, 0.8099992275238037, -0.3799256980419159, -0.44671911001205444, 0.4956226944923401, 0.8506882190704346, 0.17517909407615662, 0.3134636878967285, -0.36329904198646545, 0.8773564696311951),
            ["UpperTorso"] = CFrame.new(-6.332993507385254e-08, 2.9802322387695312e-08, 0, 0.9968828558921814, -0.008642390370368958, 0.07842180877923965, -0.0002549886703491211, 0.9936242699623108, 0.11274253576993942, -0.07889609038829803, -0.11241105943918228, 0.9905247092247009),
            ["HumanoidRootPart"] = CFrame.new(0, 0, 0, 1, 0, 0, 0, 1, 0, 0, 0, 1),
            ["RightHand"] = CFrame.new(2.980232238769531e-07, 3.5762786865234375e-07, -1.1920928955078125e-07, 0.8027740120887756, 0.12696072459220886, -0.5826104283332825, -0.20691296458244324, 0.9756702780723572, -0.07248835265636444, 0.5592324137687683, 0.17874141037464142, 0.8095126152038574),
            ["LeftUpperArm"] = CFrame.new(0, 3.5762786865234375e-07, 2.9802322387695312e-08, 0.9104886054992676, 0.18978121876716614, -0.3674147427082062, -0.32226938009262085, 0.8823875784873962, -0.3428334891796112, 0.2591387927532196, 0.43055254220962524, 0.8645644187927246),
            ["RightLowerArm"] = CFrame.new(4.172325134277344e-07, 2.980232238769531e-07, 3.2782554626464844e-07, 1, -2.793969144931907e-08, 4.470348358154297e-08, 1.4901166878189542e-07, 0.26349300146102905, -0.9646613001823425, 1.0430816388407038e-07, 0.9646614193916321, 0.2634929418563843),
            ["LeftHand"] = CFrame.new(-1.1175870895385742e-07, 5.960464477539063e-08, -6.332993507385254e-08, 0.7580879330635071, 0.3167807161808014, -0.5700461864471436, -0.46906644105911255, 0.8721327185630798, -0.13914448022842407, 0.4530777335166931, 0.37287336587905884, 0.8097445964813232),
            ["RightUpperLeg"] = CFrame.new(2.384185791015625e-07, -2.1606683731079102e-07, 4.300818545743823e-08, 0.7693187594413757, -0.5340494513511658, -0.3506275415420532, 0.3126993179321289, 0.7933651804924011, -0.522294282913208, 0.5571065545082092, 0.29216957092285156, 0.7773474454879761),
            ["LeftUpperLeg"] = CFrame.new(-1.7881393432617188e-07, 7.078051567077637e-08, -1.4901161193847656e-08, 0.935016930103302, 0.35145819187164307, 0.04712296649813652, -0.22036048769950867, 0.6800078749656677, -0.6993073225021362, -0.2778211832046509, 0.6434800028800964, 0.7132663130760193),
            ["RightLowerLeg"] = CFrame.new(-1.1920928955078125e-07, -0.00012260675430297852, -0.0000772310231695883, 1, -1.1548394240890048e-07, -8.940699558479537e-08, 1.341104365337742e-07, 0.5808187127113342, 0.8140329718589783, -8.195637946073475e-08, -0.8140328526496887, 0.5808186531066895),
            ["RightFoot"] = CFrame.new(6.612390279769897e-08, 2.980232238769531e-07, 3.149762051180005e-08, 0.8800649046897888, 0.3827439844608307, -0.28105732798576355, -0.4123469591140747, 0.9095066785812378, -0.05260221287608147, 0.23549044132232666, 0.16218702495098114, 0.9582483768463135),
            ["LeftLowerLeg"] = CFrame.new(0, 0.00012290477752685547, 0.00007738173007965088, 1, 8.568168397005138e-08, 8.195638656616211e-08, -7.450581307466564e-08, 0.6012160778045654, 0.799086332321167, 4.4703490686970326e-08, -0.7990865707397461, 0.6012163162231445),
        }},
        {Time = 0.200, Data = {
            ["LeftFoot"] = CFrame.new(9.685754776000977e-08, 0, -7.450580596923828e-09, 0.8463042378425598, -0.3131759464740753, 0.43091773986816406, 0.38498902320861816, 0.9186738133430481, -0.08844229578971863, -0.36817482113838196, 0.24074766039848328, 0.8980467319488525),
            ["LeftLowerArm"] = CFrame.new(5.960464477539063e-08, -2.384185791015625e-07, 2.980232238769531e-07, 1, -1.1920927533992653e-07, 7.450579175838357e-08, 6.705523247774181e-08, 0.13591019809246063, -0.9907212257385254, -7.450581485102248e-09, 0.9907211661338806, 0.13591018319129944),
            ["LowerTorso"] = CFrame.new(-0.24384260177612305, -0.32792341709136963, 0.26111918687820435, 0.4707576334476471, 0.11749110370874405, -0.8744044899940491, 0.004130162298679352, 0.9907888770103455, 0.13535289466381073, 0.8822529911994934, -0.06732986122369766, 0.4659361243247986),
            ["Head"] = CFrame.new(-5.960464477539063e-08, -4.76837158203125e-07, -1.7508864402770996e-07, 0.7616103291511536, -0.05321992188692093, 0.6458463072776794, 0.10889597237110138, 0.9929606914520264, -0.046591583639383316, -0.6388203501701355, 0.10581469535827637, 0.7620444893836975),
            ["RightUpperArm"] = CFrame.new(-2.384185791015625e-07, -1.1920928955078125e-07, -5.960464477539063e-08, 0.8558762669563293, -0.375572144985199, -0.35555800795555115, 0.4654272198677063, 0.859102725982666, 0.2128850519657135, 0.22550716996192932, -0.3476896286010742, 0.9100871086120605),
            ["UpperTorso"] = CFrame.new(-7.543712854385376e-08, 1.4901161193847656e-07, 1.341104507446289e-07, 0.9956215023994446, -0.0849650502204895, 0.038971204310655594, 0.07893220335245132, 0.987501323223114, 0.13642142713069916, -0.050075165927410126, -0.13274799287319183, 0.9898841381072998),
            ["HumanoidRootPart"] = CFrame.new(0, 0, 0, 1, 0, 0, 0, 1, 0, 0, 0, 1),
            ["RightHand"] = CFrame.new(-1.7881393432617188e-07, 4.172325134277344e-07, -3.2782554626464844e-07, 0.7473030686378479, 0.11877834796905518, -0.6537812352180481, -0.2071424424648285, 0.9765080809593201, -0.05936255306005478, 0.6313717365264893, 0.17978763580322266, 0.7543516159057617),
            ["LeftUpperArm"] = CFrame.new(-1.1920928955078125e-07, 7.152557373046875e-07, 2.9802322387695312e-08, 0.9407659769058228, 0.2491966038942337, -0.22991418838500977, -0.3339966833591461, 0.7978302836418152, -0.5019093751907349, 0.05835840106010437, 0.5489699244499207, 0.8338024020195007),
            ["RightLowerArm"] = CFrame.new(-2.384185791015625e-07, 5.960464477539062e-07, 4.3213367462158203e-07, 1, -1.378357126213814e-07, 5.21540641784668e-08, 1.4901159772762185e-07, 0.09631691873073578, -0.9953507781028748, 1.2665985593685036e-07, 0.99535071849823, 0.09631697833538055),
            ["LeftHand"] = CFrame.new(-1.564621925354004e-07, 1.1920928955078125e-07, 1.3224780559539795e-07, 0.7486857771873474, 0.2142229974269867, -0.6273580193519592, -0.40083199739456177, 0.9000492095947266, -0.17101234197616577, 0.5280182957649231, 0.379499614238739, 0.7597214579582214),
            ["RightUpperLeg"] = CFrame.new(0, 1.9569415599107742e-07, 1.9714207155629992e-07, 0.8370984792709351, -0.5184588432312012, -0.17454658448696136, 0.2593229413032532, 0.6570152640342712, -0.7078719139099121, 0.4816822409629822, 0.5472946166992188, 0.6844347715377808),
            ["LeftUpperLeg"] = CFrame.new(-1.1920928955078125e-07, -1.7974525690078735e-07, 0, 0.9101065993309021, 0.4142167270183563, 0.011425954289734364, -0.28575125336647034, 0.6473371386528015, -0.7066124677658081, -0.30008721351623535, 0.6398274898529053, 0.7075086236000061),
            ["RightLowerLeg"] = CFrame.new(2.0721927285194397e-08, -0.0001226663589477539, -0.00007709691271884367, 1, -8.079221203161069e-08, -6.519259443393821e-08, 1.6367994248867035e-07, 0.3775450885295868, 0.9259911179542542, -7.916241884231567e-08, -0.9259912371635437, 0.37754544615745544),
            ["RightFoot"] = CFrame.new(-4.0425220504403114e-08, 4.172325134277344e-07, 4.639878170564771e-08, 0.8994694948196411, 0.29472777247428894, -0.3226310610771179, -0.3460250198841095, 0.9312790632247925, -0.11395483464002609, 0.2668735682964325, 0.21413768827915192, 0.9396401047706604),
            ["LeftLowerLeg"] = CFrame.new(-1.043081283569336e-07, 0.0001227855682373047, 0.00007727742195129395, 1, 1.1175869119028903e-08, 1.1920930376163597e-07, -7.450580596923828e-08, 0.44869574904441833, 0.8936846256256104, 1.341104507446289e-07, -0.8936845660209656, 0.4486958086490631),
        }},
        {Time = 0.233, Data = {
            ["LeftFoot"] = CFrame.new(3.725290298461914e-08, -5.960464477539063e-08, 1.043081283569336e-07, 0.829147219657898, -0.3696247935295105, 0.4193955063819885, 0.4680606722831726, 0.8692213296890259, -0.1592901349067688, -0.30567026138305664, 0.32837754487991333, 0.8937193155288696),
            ["LeftLowerArm"] = CFrame.new(-1.7881393432617188e-07, 0, 4.172325134277344e-07, 1, -8.940696716308594e-08, 1.0430814256778831e-07, 7.450581307466564e-08, -0.010926209390163422, -0.9999403953552246, 1.266598843585598e-07, 0.9999403357505798, -0.010926217772066593),
            ["LowerTorso"] = CFrame.new(-0.2766745984554291, -0.4131816625595093, 0.34085673093795776, 0.31034207344055176, 0.09576743096113205, -0.9457888603210449, 0.019510215148329735, 0.9940614700317383, 0.10705725848674774, 0.9504247307777405, -0.0516769178211689, 0.3066306412220001),
            ["Head"] = CFrame.new(-1.2293457984924316e-07, 1.1920928955078125e-07, 7.636845111846924e-08, 0.6762258410453796, -0.011342432349920273, 0.7366072535514832, 0.11112901568412781, 0.9900103807449341, -0.08677510917186737, -0.7282644510269165, 0.1405380517244339, 0.6707310080528259),
            ["RightUpperArm"] = CFrame.new(0, 1.1920928955078125e-07, -2.9802322387695312e-08, 0.9023855924606323, -0.36993083357810974, -0.22102338075637817, 0.41693636775016785, 0.8791394829750061, 0.23082004487514496, 0.10892288386821747, -0.30044135451316833, 0.9475604295730591),
            ["UpperTorso"] = CFrame.new(-7.82310962677002e-08, -3.2782554626464844e-07, 4.470348358154297e-08, 0.9911958575248718, -0.12977822124958038, -0.026238201186060905, 0.13235285878181458, 0.9766726493835449, 0.16909542679786682, 0.0036811986938118935, -0.1710793823003769, 0.9852504730224609),
            ["HumanoidRootPart"] = CFrame.new(0, 0, 0, 1, 0, 0, 0, 1, 0, 0, 0, 1),
            ["RightHand"] = CFrame.new(1.7881393432617188e-07, 2.980232238769531e-07, 3.5762786865234375e-07, 0.6802889704704285, 0.11125899851322174, -0.7244504690170288, -0.2073669135570526, 0.9772440791130066, -0.0446438193321228, 0.7029978036880493, 0.18059785664081573, 0.687879741191864),
            ["LeftUpperArm"] = CFrame.new(-2.384185791015625e-07, 9.5367431640625e-07, 0, 0.9219816327095032, 0.3783738613128662, -0.08235996961593628, -0.3331080675125122, 0.6665125489234924, -0.6669334173202515, -0.19745612144470215, 0.642335057258606, 0.7405515909194946),
            ["RightLowerArm"] = CFrame.new(5.960464477539063e-08, -1.1920928955078125e-07, 5.746260285377502e-07, 1, -8.521600847188893e-08, 2.9802311729554276e-08, 1.043081283569336e-07, -0.01652578078210354, -0.9998634457588196, 1.043081283569336e-07, 0.9998635053634644, -0.01652575097978115),
            ["LeftHand"] = CFrame.new(1.4901161193847656e-08, 1.1920928955078125e-07, -4.172325134277344e-07, 0.7566683888435364, 0.07898011803627014, -0.6490108966827393, -0.3075348436832428, 0.9189968109130859, -0.24671296775341034, 0.5769534707069397, 0.3862733244895935, 0.7196649312973022),
            ["RightUpperLeg"] = CFrame.new(-5.960464477539063e-08, 2.3562461137771606e-07, -2.4047039914876223e-08, 0.9143300652503967, -0.39873549342155457, -0.07078586518764496, 0.175340473651886, 0.5473443269729614, -0.8183338046073914, 0.36504292488098145, 0.7358152866363525, 0.5703676342964172),
            ["LeftUpperLeg"] = CFrame.new(-1.1920928955078125e-07, -3.310851752758026e-07, 1.4901161193847656e-08, 0.8815858364105225, 0.46754175424575806, -0.06489533185958862, -0.37627309560775757, 0.6130717396736145, -0.6946665644645691, -0.28500014543533325, 0.6368263959884644, 0.7163985967636108),
            ["RightLowerLeg"] = CFrame.new(-1.6763806343078613e-08, -0.0001226663589477539, -0.00007732043013675138, 1, -1.3597306747215043e-07, -1.266598843585598e-07, 1.4901159772762185e-07, 0.23347151279449463, 0.9723635911941528, -1.1548398504146462e-07, -0.9723637104034424, 0.2334718108177185),
            ["RightFoot"] = CFrame.new(-1.2246891856193542e-07, 2.384185791015625e-07, 2.4047039914876223e-08, 0.8884556293487549, 0.2299475222826004, -0.3972042500972748, -0.3031270205974579, 0.9438140988349915, -0.13163866102695465, 0.3446168303489685, 0.23735864460468292, 0.9082400798797607),
            ["LeftLowerLeg"] = CFrame.new(-3.3527612686157227e-08, 0.00012284517288208008, 0.00007748603820800781, 1, 8.940696716308594e-08, 1.3411049337719305e-07, -5.96046660916727e-08, 0.22789864242076874, 0.9736849069595337, 5.96046660916727e-08, -0.9736848473548889, 0.22789879143238068),
        }},
        {Time = 0.267, Data = {
            ["LeftFoot"] = CFrame.new(1.4901161193847656e-08, -5.960464477539063e-08, 0, 0.8835592269897461, -0.3009621202945709, 0.3588104546070099, 0.44447061419487, 0.7802764177322388, -0.4400162696838379, -0.14754320681095123, 0.548261284828186, 0.8231894969940186),
            ["LeftLowerArm"] = CFrame.new(0, 2.384185791015625e-07, 7.82310962677002e-08, 1, -8.940696716308594e-08, 1.1920927533992653e-07, 1.0430811414607888e-07, -0.12005864828824997, -0.9927668571472168, 1.1920927533992653e-07, 0.992766797542572, -0.12005870789289474),
            ["LowerTorso"] = CFrame.new(-0.30153292417526245, -0.5057374238967896, 0.4165825843811035, 0.17903995513916016, 0.08557234704494476, -0.9801133275032043, 0.037539560347795486, 0.9948906898498535, 0.09371998906135559, 0.9831254482269287, -0.05357265844941139, 0.17491281032562256),
            ["Head"] = CFrame.new(1.7695128917694092e-07, -2.384185791015625e-07, 9.69739630818367e-08, 0.5892654061317444, 0.05292944982647896, 0.8062039613723755, 0.1134931668639183, 0.9825350046157837, -0.14745976030826569, -0.7999284863471985, 0.17839154601097107, 0.5729666948318481),
            ["RightUpperArm"] = CFrame.new(0, -4.76837158203125e-07, 1.043081283569336e-07, 0.9419407248497009, -0.3284773528575897, -0.06964332610368729, 0.3355696499347687, 0.9135599732398987, 0.22978521883487701, -0.01185589749366045, -0.23981425166130066, 0.9707463979721069),
            ["UpperTorso"] = CFrame.new(-3.725290298461914e-09, -1.7881393432617188e-07, -2.2351741790771484e-08, 0.9774112701416016, -0.17625971138477325, -0.11661812663078308, 0.1965291053056717, 0.960963785648346, 0.19474342465400696, 0.07774040102958679, -0.2132633477449417, 0.9738969206809998),
            ["HumanoidRootPart"] = CFrame.new(0, 0, 0, 1, 0, 0, 0, 1, 0, 0, 0, 1),
            ["RightHand"] = CFrame.new(2.086162567138672e-07, 5.960464477539063e-08, 5.960464477539063e-08, 0.5645678043365479, 0.10176032036542892, -0.8190897107124329, -0.2068619430065155, 0.9781433939933777, -0.021061653271317482, 0.7990440726280212, 0.18132920563220978, 0.5732786655426025),
            ["LeftUpperArm"] = CFrame.new(5.960464477539063e-08, 4.76837158203125e-07, 1.7136335372924805e-07, 0.8270066380500793, 0.5620282888412476, 0.013575280085206032, -0.32864993810653687, 0.5029070973396301, -0.799420952796936, -0.45612427592277527, 0.6566649079322815, 0.6006180047988892),
            ["RightLowerArm"] = CFrame.new(1.7881393432617188e-07, 4.172325134277344e-07, 2.630986273288727e-07, 1, -8.195637946073475e-08, 5.9604616353681195e-08, 1.0430814256778831e-07, -0.08142451196908951, -0.9966794848442078, 8.195639367158947e-08, 0.9966794848442078, -0.08142451196908951),
            ["LeftHand"] = CFrame.new(2.086162567138672e-07, 1.1920928955078125e-07, 8.940696716308594e-08, 0.7410852909088135, 0.01568971574306488, -0.6712275743484497, -0.29841145873069763, 0.903253972530365, -0.3083551526069641, 0.6014509201049805, 0.428819477558136, 0.6740702986717224),
            ["RightUpperLeg"] = CFrame.new(5.960464477539063e-08, -6.016343832015991e-07, -3.149762051180005e-08, 0.9618170857429504, -0.27309736609458923, -0.0180482380092144, 0.1030086949467659, 0.4223007559776306, -0.9005838632583618, 0.2535689175128937, 0.8643379211425781, 0.4343075156211853),
            ["LeftUpperLeg"] = CFrame.new(1.1920928955078125e-07, -5.522742867469788e-07, 3.725290298461914e-09, 0.9030343890190125, 0.3918417990207672, -0.17603731155395508, -0.40840476751327515, 0.6561003923416138, -0.6346160769462585, -0.13317105174064636, 0.6449747085571289, 0.7525114417076111),
