return {
    ["Caramelldansen 2"] = {
        {Time = 0.000, Data = {
            ["LeftFoot"] = CFrame.new(-3.725290298461914e-08, -2.1606683731079102e-07, 2.9802322387695312e-08, 0.9923129081726074, 0.11911715567111969, -0.03356121480464935, -0.12167981266975403, 0.8896580934524536, -0.4401167035102844, -0.02256748452782631, 0.4408170282840729, 0.8973131775856018),
            ["LeftLowerArm"] = CFrame.new(-4.98257577419281e-08, 1.4901161193847656e-07, -7.450580596923828e-08, 0.9981155395507812, 0.027248410508036613, 0.05498203635215759, 0.037263352423906326, 0.4427401125431061, -0.8958755135536194, -0.04875393211841583, 0.8962358832359314, 0.4408903121948242),
            ["RightUpperArm"] = CFrame.new(-1.7881393432617188e-07, -8.940696716308594e-08, 1.7881393432617188e-07, -0.09923329949378967, -0.22417649626731873, 0.9694832563400269, 0.22516316175460815, -0.9540799260139465, -0.19756773114204407, 0.9692545533180237, 0.1986865997314453, 0.14515253901481628),
            ["Head"] = CFrame.new(0, -2.9802322387695312e-08, 4.196772351861e-08, 0.9946416020393372, -0.10338348895311356, 0.00012426864122971892, 0.10338357090950012, 0.9946408867835999, -0.0011936476221308112, -1.9920840088616387e-07, 0.0011999993585050106, 0.9999993443489075),
            ["LowerTorso"] = CFrame.new(-0.13359786570072174, -0.230523943901062, -0.09052637219429016, 1, 0, 0, 0, 1, 0, 0, 0, 1),
            ["UpperTorso"] = CFrame.new(7.450580596923828e-09, -1.1920928955078125e-07, 0, 0.9954144358634949, 0.09565595537424088, 0, -0.09565595537424088, 0.9954144358634949, 0, 0, 0, 1),
            ["HumanoidRootPart"] = CFrame.new(0, 0, 0, 1, 0, 0, 0, 1, 0, 0, 0, 1),
            ["LeftUpperLeg"] = CFrame.new(-1.862645149230957e-09, 8.940696716308594e-08, -1.4901161193847656e-08, 0.9993570446968079, -0.03542941436171532, -0.005498959682881832, 0.028825528919696808, 0.8851594924926758, -0.4643941819667816, 0.02132066898047924, 0.46393707394599915, 0.8856116533279419),
            ["LeftUpperArm"] = CFrame.new(2.4586915969848633e-07, -2.682209014892578e-07, -1.1920928955078125e-07, -0.11507511138916016, 0.24624034762382507, -0.9623531103134155, -0.20823433995246887, -0.953243613243103, -0.21900945901870728, -0.9712858200073242, 0.1751924306154251, 0.16097033023834229),
            ["RightLowerArm"] = CFrame.new(-7.078051567077637e-08, -2.9802322387695312e-08, 8.940696716308594e-08, 0.9971321821212769, -0.061310362070798874, 0.04436779394745827, 0.06989874690771103, 0.5213636755943298, -0.8504670262336731, 0.029010646045207977, 0.8511293530464172, 0.5241539478302002),
            ["LeftHand"] = CFrame.new(7.916241884231567e-09, -1.4901161193847656e-07, -1.862645149230957e-07, 0.9901294112205505, 0.057321131229400635, -0.12789897620677948, -0.10815034061670303, 0.8929025530815125, -0.43706831336021423, 0.08914805948734283, 0.4465864598751068, 0.8902881741523743),
            ["RightFoot"] = CFrame.new(-2.421438694000244e-08, 7.450580596923828e-09, -2.9802322387695312e-08, 0.9813286066055298, 0.19159524142742157, -0.016899805516004562, -0.17993199825286865, 0.8834295272827148, -0.43263933062553406, -0.06796187162399292, 0.427602082490921, 0.9014087319374084),
            ["RightHand"] = CFrame.new(5.4016709327697754e-08, -1.7881393432617188e-07, 3.3527612686157227e-08, 0.9870761036872864, -0.09446573257446289, 0.12944915890693665, 0.13812649250030518, 0.9110919833183289, -0.3883715569972992, -0.08125229179859161, 0.40123265981674194, 0.9123653769493103),
            ["RightLowerLeg"] = CFrame.new(1.4901161193847656e-08, -1.6391277313232422e-07, 0, 0.9928834438323975, -0.10408055782318115, -0.05787673592567444, 0.10409960150718689, 0.5224688649177551, 0.8462797403335571, -0.05784245580434799, -0.8462821841239929, 0.5295857191085815),
            ["RightUpperLeg"] = CFrame.new(7.450580596923828e-09, 0, -5.960464477539063e-08, 0.9817563891410828, -0.11890900135040283, -0.14837521314620972, 0.03405880182981491, 0.8776850700378418, -0.4780260920524597, 0.18706834316253662, 0.4642515778541565, 0.8657228350639343),
            ["LeftLowerLeg"] = CFrame.new(1.1920928955078125e-07, -2.086162567138672e-07, 1.4901161193847656e-07, 0.9935632348060608, -0.09900227934122086, -0.055052515119314194, 0.09900225698947906, 0.5227134227752686, 0.8467400670051575, -0.05505252256989479, -0.8467403650283813, 0.5291507244110107),
        }},
        {Time = 0.036, Data = {
            ["LeftFoot"] = CFrame.new(3.725290298461914e-09, -2.8312206268310547e-07, -1.4901161193847656e-08, 0.9950993061065674, 0.0923105925321579, -0.03544327989220619, -0.09872237592935562, 0.90718013048172, -0.40899667143821716, -0.005601296667009592, 0.4104911684989929, 0.9118474125862122),
            ["LeftLowerArm"] = CFrame.new(5.587935447692871e-08, 8.940696716308594e-08, 1.341104507446289e-07, 0.9984595775604248, 0.011978973634541035, 0.05417510122060776, 0.03880263492465019, 0.5471609234809875, -0.8361276388168335, -0.039658430963754654, 0.836941659450531, 0.5458531975746155),
            ["RightUpperArm"] = CFrame.new(-1.1175870895385742e-07, 0, 1.7881393432617188e-07, -0.08742684125900269, -0.23365606367588043, 0.968380868434906, 0.22641153633594513, -0.9513229131698608, -0.20909950137138367, 0.9701002240180969, 0.20097167789936066, 0.1360732913017273),
            ["Head"] = CFrame.new(-4.470348358154297e-08, 1.4901161193847656e-07, 5.727633833885193e-08, 0.9959686994552612, -0.08970224112272263, 0.00010785002814373001, 0.08970232307910919, 0.9959678649902344, -0.0011952418135479093, -1.9929568395582464e-07, 0.001199997728690505, 0.9999993443489075),
            ["LowerTorso"] = CFrame.new(-0.09650490432977676, -0.17213284969329834, -0.09052637219429016, 1, 0, 0, 0, 1, 0, 0, 0, 1),
            ["UpperTorso"] = CFrame.new(0, -1.1920928955078125e-07, 0, 0.9967454075813293, 0.08061406016349792, 0, -0.08061406016349792, 0.9967454075813293, 0, 0, 0, 1),
            ["HumanoidRootPart"] = CFrame.new(0, 0, 0, 1, 0, 0, 0, 1, 0, 0, 0, 1),
            ["LeftUpperLeg"] = CFrame.new(0, 2.9802322387695312e-08, 0, 0.9995272755622864, -0.030192945152521133, -0.005800665821880102, 0.02535741589963436, 0.9162561893463135, -0.39978957176208496, 0.01738572306931019, 0.3994535207748413, 0.9165886640548706),
            ["LeftUpperArm"] = CFrame.new(-2.60770320892334e-08, 2.9802322387695312e-08, 8.940696716308594e-08, -0.1010943353176117, 0.24981072545051575, -0.9630029201507568, -0.21071745455265045, -0.9513777494430542, -0.22467437386512756, -0.9723055362701416, 0.1802082061767578, 0.14881810545921326),
            ["RightLowerArm"] = CFrame.new(1.1175870895385742e-07, -1.9371509552001953e-07, 3.129243850708008e-07, 0.9974183440208435, -0.06366392225027084, 0.0332205705344677, 0.06419207900762558, 0.5830982327461243, -0.8098616600036621, 0.03218814730644226, 0.8099033832550049, 0.5856796503067017),
            ["LeftHand"] = CFrame.new(2.8870999813079834e-08, -3.501772880554199e-07, 2.7194619178771973e-07, 0.9920626878738403, 0.06347862631082535, -0.10854598134756088, -0.09840865433216095, 0.9293122887611389, -0.3559417128562927, 0.07827841490507126, 0.3637983798980713, 0.92818284034729),
            ["RightFoot"] = CFrame.new(-1.3969838619232178e-08, -5.21540641784668e-08, -3.725290298461914e-09, 0.9887544512748718, 0.14853231608867645, -0.017401600256562233, -0.14303269982337952, 0.9052804708480835, -0.40001121163368225, -0.043661244213581085, 0.3980017602443695, 0.9163451194763184),
            ["RightHand"] = CFrame.new(-1.0244548320770264e-08, 1.1920928955078125e-07, 2.9802322387695312e-08, 0.992682933807373, -0.06770135462284088, 0.09998656064271927, 0.09389176964759827, 0.953440248966217, -0.28659385442733765, -0.07592841982841492, 0.2938847839832306, 0.9528204202651978),
            ["RightLowerLeg"] = CFrame.new(8.009374141693115e-08, 1.341104507446289e-07, -1.4901161193847656e-07, 0.9973625540733337, -0.06567235291004181, -0.030903175473213196, 0.06568466871976852, 0.6355704069137573, 0.769243597984314, -0.030876878648996353, -0.7692446708679199, 0.6382079720497131),
            ["RightUpperLeg"] = CFrame.new(7.450580596923828e-09, 2.9802322387695312e-08, -4.470348358154297e-08, 0.9906201362609863, -0.08121338486671448, -0.1098923608660698, 0.029724089428782463, 0.9130302667617798, -0.4068073630332947, 0.13337329030036926, 0.3997249901294708, 0.9068801403045654),
            ["LeftLowerLeg"] = CFrame.new(1.4528632164001465e-07, -8.940696716308594e-08, 5.960464477539063e-08, 0.9975969195365906, -0.06269720196723938, -0.029486369341611862, 0.06269721686840057, 0.6357914805412292, 0.7693100571632385, -0.029486412182450294, -0.7693102955818176, 0.6381947994232178),
        }},
        {Time = 0.071, Data = {
            ["LeftFoot"] = CFrame.new(1.257285475730896e-08, -3.948807716369629e-07, -3.725290298461914e-08, 0.9978481531143188, 0.051989514380693436, -0.03995221108198166, -0.06307531148195267, 0.9275339841842651, -0.36837807297706604, 0.017905227839946747, 0.3701052963733673, 0.9288172721862793),
            ["LeftLowerArm"] = CFrame.new(5.7159923017024994e-08, 3.2782554626464844e-07, 4.470348358154297e-08, 0.9988104104995728, -0.008449912071228027, 0.04802576079964638, 0.041313327848911285, 0.6698412895202637, -0.7413541078567505, -0.025905266404151917, 0.7424562573432922, 0.6693935990333557),
            ["RightUpperArm"] = CFrame.new(5.960464477539063e-08, -2.086162567138672e-07, -5.960464477539063e-08, -0.0680631697177887, -0.2490462362766266, 0.9660970568656921, 0.2281503826379776, -0.9465683102607727, -0.22793838381767273, 0.9712439775466919, 0.20490115880966187, 0.1212465763092041),
            ["Head"] = CFrame.new(-3.725290298461914e-09, 0, 5.727633833885193e-08, 0.997725784778595, -0.0674043670296669, 0.00008109067130135372, 0.06740442663431168, 0.9977250099182129, -0.0011973526561632752, -1.9940485174174682e-07, 0.0011999955167993903, 0.9999993443489075),
            ["LowerTorso"] = CFrame.new(-0.04329126700758934, -0.09715902805328369, -0.09052637219429016, 1, 0, 0, 0, 1, 0, 0, 0, 1),
            ["UpperTorso"] = CFrame.new(0, -5.960464477539063e-08, 0, 0.9983541369438171, 0.05735158920288086, 0, -0.05735158920288086, 0.9983541369438171, 0, 0, 0, 1),
            ["HumanoidRootPart"] = CFrame.new(0, 0, 0, 1, 0, 0, 0, 1, 0, 0, 0, 1),
            ["LeftUpperLeg"] = CFrame.new(9.313225746154785e-10, -2.9802322387695312e-08, -3.725290298461914e-08, 0.9998531341552734, -0.01661630906164646, -0.004198266193270683, 0.014670290984213352, 0.9564294219017029, -0.2915947437286377, 0.00886057410389185, 0.2914902865886688, 0.9565328359603882),
            ["LeftUpperArm"] = CFrame.new(9.685754776000977e-08, -2.086162567138672e-07, 2.9802322387695312e-08, -0.07811737060546875, 0.25549623370170593, -0.9636489748954773, -0.21460449695587158, -0.948251485824585, -0.23401711881160736, -0.9735720753669739, 0.1885225921869278, 0.1289054900407791),
            ["RightLowerArm"] = CFrame.new(1.30385160446167e-07, -5.960464477539063e-08, 1.4901161193847656e-07, 0.9977967143058777, -0.06387069076299667, 0.017957035452127457, 0.05562770739197731, 0.6578580141067505, -0.7510848045349121, 0.03615910932421684, 0.7504288554191589, 0.659961462020874),
            ["LeftHand"] = CFrame.new(-5.587935447692871e-08, -5.811452865600586e-07, -2.9802322387695312e-08, 0.9941809177398682, 0.0687718316912651, -0.08291476219892502, -0.0873614251613617, 0.9650558233261108, -0.24705329537391663, 0.06302705407142639, 0.2528591454029083, 0.9654480814933777),
            ["RightFoot"] = CFrame.new(9.313225746154785e-10, 8.195638656616211e-08, 2.60770320892334e-08, 0.996038556098938, 0.0858304500579834, -0.023246904835104942, -0.08846189826726913, 0.9298283457756042, -0.3572028577327728, -0.009043250232934952, 0.35784417390823364, 0.9337375164031982),
            ["RightHand"] = CFrame.new(-7.35744833946228e-08, 1.4901161193847656e-08, -1.1920928955078125e-07, 0.9973779320716858, -0.028351977467536926, 0.0665847435593605, 0.03799295052886009, 0.9882099032402039, -0.14831651747226715, -0.0615946464240551, 0.15045742690563202, 0.9866958260536194),
            ["RightLowerLeg"] = CFrame.new(-3.259629011154175e-08, 2.086162567138672e-07, -8.940696716308594e-08, 0.999720573425293, -0.02236289530992508, -0.007669947110116482, 0.022367442026734352, 0.7896104454994202, 0.6132006049156189, -0.0076566897332668304, -0.6132009029388428, 0.7898899912834167),
            ["RightUpperLeg"] = CFrame.new(2.7939677238464355e-09, 0, -2.2351741790771484e-08, 0.9981322288513184, -0.03329349681735039, -0.05122080817818642, 0.016846874728798866, 0.9559426307678223, -0.2930697500705719, 0.058721475303173065, 0.2916594445705414, 0.9547181129455566),
            ["LeftLowerLeg"] = CFrame.new(4.0978193283081055e-08, -1.1920928955078125e-07, -2.9802322387695312e-08, 0.9997430443763733, -0.021448710933327675, -0.0073475306853652, 0.021448712795972824, 0.7897205948829651, 0.6130912899971008, -0.007347532082349062, -0.6130915880203247, 0.7899779081344604),
        }},
        {Time = 0.107, Data = {
            ["LeftFoot"] = CFrame.new(4.4121406972408295e-08, -2.384185791015625e-07, -7.450580596923828e-09, 0.9988843202590942, 0.009285811334848404, -0.04630281776189804, -0.024350570514798164, 0.9413592219352722, -0.33652618527412415, 0.0404626689851284, 0.33727818727493286, 0.9405351281166077),
            ["LeftLowerArm"] = CFrame.new(-4.656612873077393e-10, 1.7881393432617188e-07, -5.960464477539063e-08, 0.9990198612213135, -0.025275591760873795, 0.03634004667401314, 0.04292146489024162, 0.7538935542106628, -0.65559321641922, -0.010826025158166885, 0.6565103530883789, 0.7542393803596497),
            ["RightUpperArm"] = CFrame.new(-1.341104507446289e-07, 0, 2.9802322387695312e-08, -0.04244827479124069, -0.26910826563835144, 0.962174117565155, 0.22986610233783722, -0.9398373961448669, -0.2527199685573578, 0.9722961783409119, 0.2104436755180359, 0.10175326466560364),
            ["Head"] = CFrame.new(5.587935447692871e-09, -1.4901161193847656e-07, 4.98257577419281e-08, 0.9992714524269104, -0.03816527500748634, 0.000046001208829693496, 0.03816530853509903, 0.9992707371711731, -0.0011992105282843113, -1.9946121199154732e-07, 0.0011999927228316665, 0.9999993443489075),
            ["LowerTorso"] = CFrame.new(0.009026139974594116, -0.03876781463623047, -0.09052637219429016, 1, 0, 0, 0, 1, 0, 0, 0, 1),
            ["UpperTorso"] = CFrame.new(0, -1.1920928955078125e-07, 0, 0.9995017051696777, 0.031567733734846115, 0, -0.031567733734846115, 0.9995017051696777, 0, 0, 0, 1),
            ["HumanoidRootPart"] = CFrame.new(0, 0, 0, 1, 0, 0, 0, 1, 0, 0, 0, 1),
            ["LeftUpperLeg"] = CFrame.new(-2.3283064365386963e-10, 0, -1.4901161193847656e-08, 0.9999905824661255, 0.0041390578262507915, 0.001341183204203844, -0.0038643297739326954, 0.9865560531616211, -0.16337785124778748, -0.001999382860958576, 0.16337111592292786, 0.9865627288818359),
            ["LeftUpperArm"] = CFrame.new(9.685754776000977e-08, -8.940696716308594e-08, -5.960464477539063e-08, -0.047627441585063934, 0.2626933455467224, -0.9637032151222229, -0.21939311921596527, -0.9439893364906311, -0.24647682905197144, -0.9744733572006226, 0.1996907889842987, 0.1025930643081665),
            ["RightLowerArm"] = CFrame.new(0, 2.980232238769531e-07, -1.9371509552001953e-07, 0.99819415807724, -0.059877216815948486, 0.004827532917261124, 0.046101488173007965, 0.7120577096939087, -0.7006059288978577, 0.03851285204291344, 0.6995630860328674, 0.7135321497917175),
            ["LeftHand"] = CFrame.new(1.1175870895385742e-08, 0, 2.2351741790771484e-07, 0.9955210089683533, 0.07079422473907471, -0.06265868991613388, -0.08003143221139908, 0.9838820695877075, -0.15990965068340302, 0.05032810941338539, 0.16420824825763702, 0.9851409792900085),
            ["RightFoot"] = CFrame.new(1.3969838619232178e-08, 1.4901161193847656e-08, -1.1175870895385742e-08, 0.9990852475166321, 0.023565933108329773, -0.03568342328071594, -0.03386173024773598, 0.9455884695053101, -0.32359838485717773, 0.026115935295820236, 0.3245105743408203, 0.9455214738845825),
            ["RightHand"] = CFrame.new(1.3154931366443634e-08, -4.023313522338867e-07, -1.8905848264694214e-07, 0.9989851117134094, 0.005343855358660221, 0.044725630432367325, -0.0036606290377676487, 0.9992849826812744, -0.03763177990913391, -0.0448947548866272, 0.03742983564734459, 0.9982903599739075),
            ["RightLowerLeg"] = CFrame.new(-6.041955202817917e-08, 1.1920928955078125e-07, -4.470348358154297e-08, 0.9999955892562866, 0.0029185183811932802, 0.000607594265602529, -0.002919139340519905, 0.9173256754875183, 0.3981270492076874, 0.000604567932896316, -0.39812710881233215, 0.9173300862312317),
            ["RightUpperLeg"] = CFrame.new(-6.984919309616089e-10, -2.9802322387695312e-08, -1.4901161193847656e-08, 0.9999181628227234, 0.006246746517717838, 0.011166309006512165, -0.0043363068252801895, 0.9865204095840454, -0.16358070075511932, -0.012037641368806362, 0.16351886093616486, 0.9864667654037476),
            ["LeftLowerLeg"] = CFrame.new(7.543712854385376e-08, 2.9802322387695312e-08, 5.960464477539063e-08, 0.9999958872795105, 0.0028084958903491497, 0.0005828974535688758, -0.0028085075318813324, 0.9174030423164368, 0.39794933795928955, 0.0005828947760164738, -0.39794954657554626, 0.917407214641571),
        }},
        {Time = 0.143, Data = {
            ["LeftFoot"] = CFrame.new(5.052424967288971e-08, -1.043081283569336e-07, -7.450580596923828e-09, 0.9983006119728088, -0.026440590620040894, -0.05193189159035683, 0.008100833743810654, 0.9454573392868042, -0.32564541697502136, 0.05770965665578842, 0.32467126846313477, 0.9440646767616272),
            ["LeftLowerArm"] = CFrame.new(-1.862645149230957e-09, -1.043081283569336e-07, -2.384185791015625e-07, 0.9991597533226013, -0.03391305357217789, 0.023017676547169685, 0.04086461663246155, 0.7809485197067261, -0.6232573390007019, 0.003160943277180195, 0.623674213886261, 0.7816780805587769),
            ["RightUpperArm"] = CFrame.new(-1.7881393432617188e-07, 3.5762786865234375e-07, 0, -0.013077350333333015, -0.291698694229126, 0.9564208984375, 0.23101995885372162, -0.9315052628517151, -0.2809409201145172, 0.972861111164093, 0.21727833151817322, 0.07956983894109726),
            ["Head"] = CFrame.new(1.1641532182693481e-09, 2.9802322387695312e-08, 4.243338480591774e-08, 0.9999876618385315, -0.004983799997717142, 0.0000061804366850992665, 0.004983804654330015, 0.9999868273735046, -0.0012000732822343707, -1.9943009021972102e-07, 0.0011999894632026553, 0.9999993443489075),
            ["LowerTorso"] = CFrame.new(0.04735936224460602, -0.01803743839263916, -0.09052637219429016, 1, 0, 0, 0, 1, 0, 0, 0, 1),
            ["UpperTorso"] = CFrame.new(0, 1.7881393432617188e-07, 0, 0.9999638199806213, 0.008505222387611866, 0, -0.008505222387611866, 0.9999638199806213, 0, 0, 0, 1),
            ["HumanoidRootPart"] = CFrame.new(0, 0, 0, 1, 0, 0, 0, 1, 0, 0, 0, 1),
            ["LeftUpperLeg"] = CFrame.new(0, 2.9802322387695312e-08, 3.725290298461914e-09, 0.9996817111968994, 0.02368270605802536, 0.008694338612258434, -0.022836213931441307, 0.9959355592727661, -0.08712595701217651, -0.010722381994128227, 0.08689969778060913, 0.9961594343185425),
            ["LeftUpperArm"] = CFrame.new(1.2665987014770508e-07, 0, -2.980232238769531e-07, -0.012529891915619373, 0.2704915404319763, -0.9626409411430359, -0.22438819706439972, -0.938923716545105, -0.26090651750564575, -0.9744192957878113, 0.212736114859581, 0.07246015220880508),
            ["RightLowerArm"] = CFrame.new(-6.332993507385254e-08, -1.4901161193847656e-08, 1.1920928955078125e-07, 0.998619794845581, -0.05248408764600754, -0.0020121869165450335, 0.037023626267910004, 0.7305923104286194, -0.6818094253540039, 0.037254225462675095, 0.6807938814163208, 0.7315271496772766),
            ["LeftHand"] = CFrame.new(-1.1175870895385742e-08, -5.960464477539063e-08, 3.5390257835388184e-07, 0.9959285259246826, 0.07106783241033554, -0.0554598793387413, -0.07771488279104233, 0.9886317849159241, -0.12871487438678741, 0.045681893825531006, 0.1325010061264038, 0.9901297092437744),
            ["RightFoot"] = CFrame.new(-3.748573362827301e-08, 1.4901161193847656e-08, -1.862645149230957e-08, 0.9984224438667297, -0.022584829479455948, -0.051407668739557266, 0.005416695028543472, 0.9500122666358948, -0.3121658265590668, 0.055888138711452484, 0.3113948404788971, 0.9486358165740967),
            ["RightHand"] = CFrame.new(1.0640360414981842e-07, 3.2782554626464844e-07, 1.9909930415451527e-07, 0.999122142791748, 0.017786705866456032, 0.03792892396450043, -0.01786702871322632, 0.9998388886451721, 0.0017799902707338333, -0.03789115324616432, -0.002456061774864793, 0.9992789030075073),
            ["RightLowerLeg"] = CFrame.new(-1.0454095900058746e-07, -1.1920928955078125e-07, -1.4901161193847656e-07, 0.9999505281448364, 0.009864994324743748, 0.0013119648210704327, -0.009867100976407528, 0.9656153917312622, 0.25978735089302063, 0.0012959690066054463, -0.25978749990463257, 0.9656649827957153),
            ["RightUpperLeg"] = CFrame.new(-3.725290298461914e-09, 2.9802322387695312e-08, -1.4901161193847656e-08, 0.9977138042449951, 0.03072434477508068, 0.06019291281700134, -0.025310317054390907, 0.9957342147827148, -0.0887286588549614, -0.0626622885465622, 0.08700226992368698, 0.9942353963851929),
            ["LeftLowerLeg"] = CFrame.new(-2.2118911147117615e-08, 8.940696716308594e-08, -4.470348358154297e-08, 0.999954104423523, 0.00950607843697071, 0.0012558079324662685, -0.009506074711680412, 0.9656500816345215, 0.2596723139286041, 0.001255801529623568, -0.25967246294021606, 0.9656959772109985),
        }},
        {Time = 0.179, Data = {
            ["LeftFoot"] = CFrame.new(0.00011523952707648277, 0.0033837631344795227, -0.0052694231271743774, 0.9964694976806641, -0.062432028353214264, -0.056133609265089035, 0.039315078407526016, 0.9377552270889282, -0.34506458044052124, 0.07418269664049149, 0.34163931012153625, 0.9368988275527954),
            ["LeftLowerArm"] = CFrame.new(1.7229467630386353e-08, 1.4901161193847656e-07, -2.9802322387695312e-08, 0.9995992183685303, -0.02814793959259987, 0.003032954875379801, 0.023292049765586853, 0.7567620873451233, -0.6532753705978394, 0.016093134880065918, 0.6530840992927551, 0.7571143507957458),
            ["RightUpperArm"] = CFrame.new(-4.470348358154297e-08, 8.940696716308594e-08, 0, 0.016615012660622597, -0.31408965587615967, 0.9492479562759399, 0.2313070148229599, -0.9224179983139038, -0.30926069617271423, 0.9727389216423035, 0.22470606863498688, 0.057325128465890884),
            ["Head"] = CFrame.new(9.313225746154785e-10, -1.4901161193847656e-07, 4.9942173063755035e-08, 0.9996021389961243, 0.02820701152086258, -0.00003365165684954263, -0.02820703387260437, 0.999601423740387, -0.0011996140237897635, -1.9928295102999982e-07, 0.0011999859707430005, 0.9999993443489075),
            ["LowerTorso"] = CFrame.new(0.0775260478258133, -0.04009664058685303, -0.09052637219429016, 1, 0, 0, 0, 1, 0, 0, 0, 1),
            ["UpperTorso"] = CFrame.new(0, -1.1920928955078125e-07, 0, 0.9998615980148315, -0.01663806289434433, 0, 0.01663806289434433, 0.9998615980148315, 0, 0, 0, 1),
            ["HumanoidRootPart"] = CFrame.new(0, 0, 0, 1, 0, 0, 0, 1, 0, 0, 0, 1),
            ["LeftUpperLeg"] = CFrame.new(2.7939677238464355e-09, 8.940696716308594e-08, 7.450580596923828e-09, 0.9992985725402832, 0.035618335008621216, 0.011563003994524479, -0.03326950594782829, 0.9861497282981873, -0.1624869704246521, -0.017190368846058846, 0.16198831796646118, 0.9866430163383484),
            ["LeftUpperArm"] = CFrame.new(4.470348358154297e-08, 2.682209014892578e-07, -8.940696716308594e-08, 0.023105822503566742, 0.277879923582077, -0.9603379368782043, -0.2288970798254013, -0.9336070418357849, -0.27565237879753113, -0.9731764793395996, 0.22618767619132996, 0.042034346610307693),
            ["RightLowerArm"] = CFrame.new(5.4016709327697754e-08, -2.2351741790771484e-07, 5.960464477539063e-08, 0.9991700053215027, -0.04046585038304329, -0.004677465185523033, 0.025917472317814827, 0.7200958728790283, -0.693390429019928, 0.031426843255758286, 0.6926936507225037, 0.7205469608306885),
            ["LeftHand"] = CFrame.new(-1.7695128917694092e-08, -2.384185791015625e-07, 6.51925802230835e-08, 0.9946689605712891, 0.08248884230852127, -0.061881959438323975, -0.09100036323070526, 0.9844164252281189, -0.15047653019428253, 0.04850500077009201, 0.15530578792095184, 0.9866749048233032),
            ["RightFoot"] = CFrame.new(0.0029203351587057114, 0.007633037865161896, -0.011521372944116592, 0.9955442547798157, -0.060606300830841064, -0.07223936915397644, 0.03314895182847977, 0.942136287689209, -0.33358725905418396, 0.08827680349349976, 0.32970622181892395, 0.9399473667144775),
            ["RightHand"] = CFrame.new(1.0710209608078003e-08, -1.1175870895385742e-07, 1.0104849934577942e-07, 0.998881459236145, 0.016706928610801697, 0.044236451387405396, -0.014439652673900127, 0.9985899329185486, -0.0510861799120903, -0.04502756893634796, 0.05039024353027344, 0.997714102268219),
            ["RightLowerLeg"] = CFrame.new(-1.0896474123001099e-07, 5.960464477539063e-08, 1.4901161193847656e-08, 0.9996764063835144, 0.024910487234592438, 0.005146674811840057, -0.024915587157011032, 0.9182056784629822, 0.3953195810317993, 0.00512194586917758, -0.3953199088573456, 0.9185292720794678),
            ["RightUpperLeg"] = CFrame.new(-7.450580596923828e-09, 0, 0, 0.9939742088317871, 0.05358456075191498, 0.09562454372644424, -0.03707607835531235, 0.9853035807609558, -0.16673977673053741, -0.10315391421318054, 0.16218964755535126, 0.9813530445098877),
            ["LeftLowerLeg"] = CFrame.new(-9.313225746154785e-09, -2.086162567138672e-07, -7.450580596923828e-08, 0.9997005462646484, 0.023968935012817383, 0.004937018733471632, -0.02396892011165619, 0.918314516544342, 0.39512506127357483, 0.004937009420245886, -0.3951253890991211, 0.9186141490936279),
        }},
        {Time = 0.214, Data = {
            ["LeftFoot"] = CFrame.new(0.0004396354779601097, 0.012915343046188354, -0.020111799240112305, 0.992702066898346, -0.10583336651325226, -0.05781017243862152, 0.07434169948101044, 0.9145228266716003, -0.397644966840744, 0.09495283663272858, 0.39044517278671265, 0.9157164096832275),
            ["LeftLowerArm"] = CFrame.new(1.3969838619232178e-09, -4.917383193969727e-07, -1.9371509552001953e-07, 0.999515950679779, -0.005545482039451599, -0.03061389923095703, -0.018623126670718193, 0.6815937757492065, -0.7314938902854919, 0.02492273598909378, 0.7317097187042236, 0.6811604499816895),
            ["RightUpperArm"] = CFrame.new(4.470348358154297e-08, 2.9802322387695312e-08, 1.4901161193847656e-07, 0.043045446276664734, -0.3336430788040161, 0.941716194152832, 0.23081915080547333, -0.9137677550315857, -0.3342917859554291, 0.9720441102981567, 0.23175586760044098, 0.03767753764986992),
            ["Head"] = CFrame.new(1.30385160446167e-08, 1.1920928955078125e-07, 4.9709342420101166e-08, 0.9983472228050232, 0.05746983736753464, -0.00006876987754367292, -0.05746988579630852, 0.9983465075492859, -0.001198110869154334, -1.9907376724859205e-07, 0.0011999831767752767, 0.9999993443489075),
            ["LowerTorso"] = CFrame.new(0.10684079676866531, -0.10223066806793213, -0.09052637219429016, 1, 0, 0, 0, 1, 0, 0, 0, 1),
            ["UpperTorso"] = CFrame.new(0, 1.7881393432617188e-07, 0, 0.9988337755203247, -0.048281386494636536, 0, 0.048281386494636536, 0.9988337755203247, 0, 0, 0, 1),
            ["HumanoidRootPart"] = CFrame.new(0, 0, 0, 1, 0, 0, 0, 1, 0, 0, 0, 1),
            ["LeftUpperLeg"] = CFrame.new(-1.862645149230957e-09, -8.940696716308594e-08, 1.4901161193847656e-08, 0.9991142153739929, 0.0408206507563591, 0.010230532847344875, -0.03598080575466156, 0.9546921253204346, -0.2954123914241791, -0.021825939416885376, 0.2947826087474823, 0.955315113067627),
            ["LeftUpperArm"] = CFrame.new(-2.9802322387695312e-08, 2.9802322387695312e-08, 0, 0.05496129021048546, 0.28403401374816895, -0.957237720489502, -0.23244868218898773, -0.928706705570221, -0.28891462087631226, -0.9710545539855957, 0.23838776350021362, 0.014980334788560867),
            ["RightLowerArm"] = CFrame.new(5.774199962615967e-08, 4.76837158203125e-07, -8.940696716308594e-08, 0.999719500541687, -0.022824175655841827, -0.006338043138384819, 0.011126333847641945, 0.6886668801307678, -0.7249925136566162, 0.020912161096930504, 0.7247185707092285, 0.688727617263794),
            ["LeftHand"] = CFrame.new(-9.592622518539429e-08, -1.1920928955078125e-07, 2.9243528842926025e-07, 0.9901643395423889, 0.11383160948753357, -0.08134518563747406, -0.12872958183288574, 0.9689731597900391, -0.21099692583084106, 0.054803166538476944, 0.21939308941364288, 0.9740961790084839),
            ["RightFoot"] = CFrame.new(0.01114601083099842, 0.02913280576467514, -0.04397362470626831, 0.9899725317955017, -0.10086634755134583, -0.09889582544565201, 0.05445074290037155, 0.9184758067131042, -0.39171087741851807, 0.13034388422966003, 0.38239791989326477, 0.914758026599884),
            ["RightHand"] = CFrame.new(6.309710443019867e-08, 0, -4.470348358154297e-08, 0.9979315400123596, 0.015474250540137291, 0.062395334243774414, -0.002671174006536603, 0.979739785194397, -0.2002568393945694, -0.0642300546169281, 0.19967599213123322, 0.9777546525001526),
            ["RightLowerLeg"] = CFrame.new(2.9802322387695312e-08, -8.940696716308594e-08, -2.384185791015625e-07, 0.9982600808143616, 0.05572332441806793, 0.019283335655927658, -0.05573383346199989, 0.7848911285400391, 0.6171221733093262, 0.01925276219844818, -0.6171231269836426, 0.7866311073303223),
            ["RightUpperLeg"] = CFrame.new(0, -8.940696716308594e-08, 1.4901161193847656e-08, 0.9886690974235535, 0.08235736936330795, 0.12550228834152222, -0.040766503661870956, 0.9519456624984741, -0.3035416007041931, -0.14447028934955597, 0.29498594999313354, 0.944516658782959),
            ["LeftLowerLeg"] = CFrame.new(2.421438694000244e-08, -8.940696716308594e-08, 1.6391277313232422e-07, 0.9983999729156494, 0.05344287306070328, 0.018478181213140488, -0.053442858159542084, 0.7850073575973511, 0.6171767115592957, 0.018478186801075935, -0.61717689037323, 0.7866076231002808),
        }},
        {Time = 0.250, Data = {
            ["LeftFoot"] = CFrame.new(0.0008562617003917694, 0.02515401691198349, -0.0391693152487278, 0.9876211881637573, -0.14677293598651886, -0.05533600226044655, 0.10487639904022217, 0.8802077770233154, -0.46285563707351685, 0.11664185672998428, 0.45132243633270264, 0.8847048878669739),
            ["LeftLowerArm"] = CFrame.new(-1.1222437024116516e-07, -3.5762786865234375e-07, -1.4901161193847656e-07, 0.99722820520401, 0.020993756130337715, -0.07137993723154068, -0.07055013626813889, 0.5715339183807373, -0.8175399899482727, 0.023632816970348358, 0.8203098773956299, 0.5714308619499207),
            ["RightUpperArm"] = CFrame.new(-1.4901161193847656e-08, 2.086162567138672e-07, -1.4901161193847656e-07, 0.06336402893066406, -0.3484323024749756, 0.9351899027824402, 0.22996678948402405, -0.9067575931549072, -0.3534204661846161, 0.9711335897445679, 0.23745670914649963, 0.022672293707728386),
            ["Head"] = CFrame.new(1.1175870895385742e-08, 2.9802322387695312e-08, 5.7334545999765396e-08, 0.9968112111091614, 0.07979551702737808, -0.00009556295844959095, -0.07979559153318405, 0.9968104958534241, -0.001196269877254963, -1.9882999424680747e-07, 0.0011999807320535183, 0.9999993443489075),
            ["LowerTorso"] = CFrame.new(0.13051922619342804, -0.18201029300689697, -0.09052637219429016, 1, 0, 0, 0, 1, 0, 0, 0, 1),
            ["UpperTorso"] = CFrame.new(0, 5.960464477539063e-08, 0, 0.9968708157539368, -0.07904813438653946, 0, 0.07904813438653946, 0.9968708157539368, 0, 0, 0, 1),
            ["HumanoidRootPart"] = CFrame.new(0, 0, 0, 1, 0, 0, 0, 1, 0, 0, 0, 1),
            ["LeftUpperLeg"] = CFrame.new(1.862645149230957e-09, 2.9802322387695312e-08, 1.4901161193847656e-08, 0.9991689324378967, 0.04006557911634445, 0.007495088968425989, -0.03350507467985153, 0.9120275378227234, -0.4087582528591156, -0.023212864995002747, 0.40816745162010193, 0.9126119613647461),
            ["LeftUpperArm"] = CFrame.new(5.960464477539063e-08, 2.384185791015625e-07, 8.940696716308594e-08, 0.07953918725252151, 0.28849127888679504, -0.9541731476783752, -0.23487964272499084, -0.9248305559158325, -0.29919907450675964, -0.9687647819519043, 0.24791386723518372, -0.005799687467515469),
            ["RightLowerArm"] = CFrame.new(1.2177042663097382e-07, -1.6391277313232422e-07, 8.940696716308594e-08, 0.9999606609344482, -0.004258438944816589, -0.0077879466116428375, -0.0031951190903782845, 0.6458916068077087, -0.763422429561615, 0.008281165733933449, 0.7634172439575195, 0.6458526253700256),
            ["LeftHand"] = CFrame.new(-3.725290298461914e-08, -1.564621925354004e-07, -1.2665987014770508e-07, 0.982347846031189, 0.15194211900234222, -0.10911636054515839, -0.1774403303861618, 0.9415450096130371, -0.2863704264163971, 0.05922623351216316, 0.30067700147628784, 0.9518852829933167),
            ["RightFoot"] = CFrame.new(0.021707765758037567, 0.05673851817846298, -0.08564197272062302, 0.9828836917877197, -0.1370759755373001, -0.12308501452207565, 0.06515120714902878, 0.8835696578025818, -0.46374568343162537, 0.1723226010799408, 0.44778889417648315, 0.8773767948150635),
            ["RightHand"] = CFrame.new(-3.702007234096527e-08, -2.9802322387695312e-08, -3.762543201446533e-07, 0.9961546063423157, 0.017943894490599632, 0.08575546741485596, 0.01657845638692379, 0.9225130677223206, -0.38560980558395386, -0.08602987229824066, 0.3855486810207367, 0.9186682105064392),
            ["RightLowerLeg"] = CFrame.new(3.725290298461914e-08, -1.043081283569336e-07, -5.960464477539063e-08, 0.9949353933334351, 0.090574711561203, 0.04358745738863945, -0.09059116244316101, 0.6201066970825195, 0.7792693972587585, 0.04355323314666748, -0.7792714238166809, 0.6251716017723083),
            ["RightUpperLeg"] = CFrame.new(-3.725290298461914e-09, -2.9802322387695312e-08, 0, 0.9828716516494751, 0.1106254830956459, 0.14739522337913513, -0.03875510394573212, 0.9059804081916809, -0.4215417504310608, -0.180170476436615, 0.40860915184020996, 0.8947497606277466),
            ["LeftLowerLeg"] = CFrame.new(5.21540641784668e-08, -4.470348358154297e-08, 1.1920928955078125e-07, 0.9953916072845459, 0.08641942590475082, 0.041562896221876144, -0.08641940355300903, 0.6205469965934753, 0.779392659664154, 0.04156291484832764, -0.7793928384780884, 0.6251557469367981),
        }},
        {Time = 0.286, Data = {
            ["LeftFoot"] = CFrame.new(0.0011808071285486221, 0.03468543291091919, -0.05401166155934334, 0.9834597706794739, -0.17374542355537415, -0.05118027329444885, 0.12358035892248154, 0.8502362370491028, -0.5116896629333496, 0.13241910934448242, 0.496901273727417, 0.8576445579528809),
            ["LeftLowerArm"] = CFrame.new(8.381903171539307e-09, 3.8743019104003906e-07, 2.9802322387695312e-08, 0.9938880801200867, 0.03847597539424896, -0.10347039997577667, -0.10924878716468811, 0.4773927628993988, -0.8718721270561218, 0.01584991253912449, 0.8778473138809204, 0.47867831587791443),
            ["RightUpperArm"] = CFrame.new(2.9802322387695312e-08, 1.1920928955078125e-07, 1.4901161193847656e-07, 0.07589834183454514, -0.35745003819465637, 0.9308431148529053, 0.22923310101032257, -0.9022761583328247, -0.36517125368118286, 0.9704079627990723, 0.24109594523906708, 0.01345787476748228),
            ["Head"] = CFrame.new(-3.725290298461914e-09, -8.940696716308594e-08, 5.7101715356111526e-08, 0.9956194758415222, 0.09349804371595383, -0.00011200733570149168, -0.0934981033205986, 0.9956188201904297, -0.0011948409955948591, -1.9866631362219778e-07, 0.0011999795679003, 0.9999993443489075),
            ["LowerTorso"] = CFrame.new(0.14460955560207367, -0.24414432048797607, -0.09052637219429016, 1, 0, 0, 0, 1, 0, 0, 0, 1),
            ["UpperTorso"] = CFrame.new(-7.450580596923828e-09, -1.7881393432617188e-07, 0, 0.9949963688850403, -0.09991123527288437, 0, 0.09991123527288437, 0.9949963688850403, 0, 0, 0, 1),
            ["HumanoidRootPart"] = CFrame.new(0, 0, 0, 1, 0, 0, 0, 1, 0, 0, 0, 1),
            ["LeftUpperLeg"] = CFrame.new(-2.7939677238464355e-09, 5.960464477539063e-08, -4.470348358154297e-08, 0.999305009841919, 0.03687657415866852, 0.005445029120892286, -0.02980492264032364, 0.8781671524047852, -0.47742459177970886, -0.02238743007183075, 0.4769304096698761, 0.8786559700965881),
            ["LeftUpperArm"] = CFrame.new(1.4901161193847656e-08, 1.4901161193847656e-07, 8.940696716308594e-08, 0.09474039077758789, 0.29112082719802856, -0.9519836902618408, -0.2362479269504547, -0.9223915338516235, -0.30558261275291443, -0.9670632481575012, 0.2538551390171051, -0.01861119270324707),
            ["RightLowerArm"] = CFrame.new(6.705522537231445e-08, -4.470348358154297e-08, 4.470348358154297e-08, 0.999919593334198, 0.008891917765140533, -0.009053170680999756, -0.0125997019931674, 0.6109453439712524, -0.7915725111961365, -0.001507599139586091, 0.7916228771209717, 0.6110081672668457),
            ["LeftHand"] = CFrame.new(4.470348358154297e-08, 2.2351741790771484e-08, -3.129243850708008e-07, 0.9747400283813477, 0.17965511977672577, -0.13268719613552094, -0.215192973613739, 0.9144856929779053, -0.34264859557151794, 0.05978192016482353, 0.36254650354385376, 0.9300463199615479),
            ["RightFoot"] = CFrame.new(0.029933523386716843, 0.0782383605837822, -0.11809425055980682, 0.9772834181785583, -0.16083964705467224, -0.13801346719264984, 0.06730437278747559, 0.8530218005180359, -0.51751708984375, 0.2009657770395279, 0.49647194147109985, 0.8444693088531494),
            ["RightHand"] = CFrame.new(1.210719347000122e-08, 4.842877388000488e-07, 2.086162567138672e-07, 0.9943966269493103, 0.022939881309866905, 0.10319443047046661, 0.034143973141908646, 0.8541567325592041, -0.5188935995101929, -0.10004755109548569, 0.5195095539093018, 0.8485873341560364),
            ["RightLowerLeg"] = CFrame.new(9.685754776000977e-08, -2.086162567138672e-07, -1.4901161193847656e-07, 0.991082489490509, 0.11554764956235886, 0.06636536866426468, -0.11556866765022278, 0.4974575638771057, 0.8597557544708252, 0.06632880121469498, -0.8597586154937744, 0.5063750743865967),
            ["RightUpperLeg"] = CFrame.new(1.4901161193847656e-08, 0, 0, 0.9785521030426025, 0.1302110105752945, 0.1596275120973587, -0.03514263033866882, 0.8690528273582458, -0.49346959590911865, -0.2029799520969391, 0.4772759974002838, 0.8549893498420715),
            ["LeftLowerLeg"] = CFrame.new(-4.0978193283081055e-08, 1.341104507446289e-07, 0, 0.9919483065605164, 0.10981535166501999, 0.06308155506849289, -0.10981536656618118, 0.4977356195449829, 0.860348641872406, 0.06308157742023468, -0.8603487014770508, 0.5057875514030457),
        }},
        {Time = 0.321, Data = {
            ["LeftFoot"] = CFrame.new(0.0012960117310285568, 0.03806963190436363, -0.05928110331296921, 0.9819775223731995, -0.18244914710521698, -0.0493205264210701, 0.1293325573205948, 0.8389787077903748, -0.528571605682373, 0.13781635463237762, 0.5126665830612183, 0.8474547863006592),
            ["LeftLowerArm"] = CFrame.new(5.587935447692871e-09, 4.0978193283081055e-07, -5.960464477539063e-08, 0.9924042820930481, 0.043957922607660294, -0.1148979589343071, -0.12245180457830429, 0.4426085352897644, -0.8883149027824402, 0.011806359514594078, 0.8956369757652283, 0.4446291923522949),
            ["RightUpperArm"] = CFrame.new(-4.470348358154297e-08, -8.940696716308594e-08, -2.9802322387695312e-08, 0.08006874471902847, -0.36043253540992737, 0.92934250831604, 0.2289537936449051, -0.9007585048675537, -0.3690723478794098, 0.9701387882232666, 0.24232767522335052, 0.010399865917861462),
