return {
    ["Cardistry"] = {
        {Time = 0.000, Data = {
            ["Handle8"] = CFrame.new(-0.4771948456764221, 0.2718331813812256, -0.13318079710006714, -0.681591272354126, 0.06524289399385452, 0.7288187146186829, 0.4563243091106415, -0.7407143712043762, 0.49306225776672363, 0.5720152854919434, 0.6686446070671082, 0.47509250044822693),
            ["LeftLowerArm"] = CFrame.new(-0.0004938840866088867, -0.00010079145431518555, 2.9802322387695312e-08, 1, -2.228189828201721e-07, 1.583248945280502e-07, 1.9697475295288314e-07, 0.21202583611011505, -0.9772641658782959, 1.775333799969303e-07, 0.9772640466690063, 0.21202583611011505),
            ["LeftFoot"] = CFrame.new(-2.4738255888223648e-08, 0, 1.862645149230957e-08, 0.9969787001609802, 0.07764992117881775, -0.002007667440921068, -0.07274633646011353, 0.9243343472480774, -0.37458497285842896, -0.027230700477957726, 0.37359949946403503, 0.9271904826164246),
            ["Handle16"] = CFrame.new(-0.4517415761947632, 0.28587937355041504, -0.09389156103134155, -0.681591272354126, 0.06524289399385452, 0.7288187146186829, 0.4563243091106415, -0.7407143712043762, 0.49306225776672363, 0.5720152854919434, 0.6686446070671082, 0.47509250044822693),
            ["RightFoot"] = CFrame.new(-5.960464477539063e-08, 4.172325134277344e-07, 6.502523319795728e-08, 0.9865103363990784, 0.16186824440956116, 0.024417510256171227, -0.15285110473632812, 0.9642263650894165, -0.21657326817512512, -0.05860063433647156, 0.209919735789299, 0.9759610891342163),
            ["RightHand"] = CFrame.new(-2.514570951461792e-08, 8.344650268554688e-07, 4.023313522338867e-07, 0.8365815281867981, -0.5342893004417419, 0.12110501527786255, 0.5436415076255798, 0.7823052406311035, -0.3040600121021271, 0.06771492958068848, 0.3202086389064789, 0.9449238777160645),
            ["HumanoidRootPart"] = CFrame.new(0, 0, 0, 1, 0, 0, 0, 1, 0, 0, 0, 1),
            ["Handle11"] = CFrame.new(-0.4517415761947632, 0.28587937355041504, -0.13569152355194092, -0.681591272354126, 0.06524289399385452, 0.7288187146186829, 0.4563243091106415, -0.7407143712043762, 0.49306225776672363, 0.5720152854919434, 0.6686446070671082, 0.47509250044822693),
            ["Handle13"] = CFrame.new(-0.4517415761947632, 0.28587937355041504, -0.15649157762527466, -0.681591272354126, 0.06524289399385452, 0.7288187146186829, 0.4563243091106415, -0.7407143712043762, 0.49306225776672363, 0.5720152854919434, 0.6686446070671082, 0.47509250044822693),
            ["Handle7"] = CFrame.new(-0.4873639941215515, 0.2662231922149658, -0.10785412788391113, -0.681591272354126, 0.06524289399385452, 0.7288187146186829, 0.4563243091106415, -0.7407143712043762, 0.49306225776672363, 0.5720152854919434, 0.6686446070671082, 0.47509250044822693),
            ["Handle14"] = CFrame.new(-0.4517415761947632, 0.28587937355041504, -0.1503915786743164, -0.681591272354126, 0.06524289399385452, 0.7288187146186829, 0.4563243091106415, -0.7407143712043762, 0.49306225776672363, 0.5720152854919434, 0.6686446070671082, 0.47509250044822693),
            ["Handle9"] = CFrame.new(-0.4456526041030884, 0.27960658073425293, -0.15119320154190063, -0.681591272354126, 0.06524289399385452, 0.7288187146186829, 0.4563243091106415, -0.7407143712043762, 0.49306225776672363, 0.5720152854919434, 0.6686446070671082, 0.47509250044822693),
            ["Handle12"] = CFrame.new(-0.4517415761947632, 0.28587937355041504, -0.14179152250289917, -0.681591272354126, 0.06524289399385452, 0.7288187146186829, 0.4563243091106415, -0.7407143712043762, 0.49306225776672363, 0.5720152854919434, 0.6686446070671082, 0.47509250044822693),
            ["RightLowerLeg"] = CFrame.new(2.9802322387695312e-08, -0.000003814697265625, -0.000013156030036043376, 1, -6.705523247774181e-08, -5.215408904746255e-08, 8.940698847936801e-08, 0.7901427745819092, 0.6129221320152283, 5.960465898624534e-08, -0.6129229664802551, 0.7901433706283569),
            ["LeftUpperLeg"] = CFrame.new(1.4901161193847656e-07, 3.1385570764541626e-07, -5.774199962615967e-08, 0.923954427242279, -0.16594600677490234, 0.344630628824234, 0.12035030126571655, 0.9813520312309265, 0.14988020062446594, -0.36307594180107117, -0.09700607508420944, 0.9266961812973022),
            ["LeftLowerLeg"] = CFrame.new(4.400499165058136e-08, 0.0000040531158447265625, 0.000013287179172039032, 1, 4.190950697591234e-09, -5.308539385850963e-08, -1.2805686511185854e-09, 0.9719739556312561, 0.23508816957473755, 1.6763808119435453e-08, -0.23508845269680023, 0.9719740748405457),
            ["Handle4"] = CFrame.new(-0.47212302684783936, 0.27463364601135254, -0.11844635009765625, -0.681591272354126, 0.06524289399385452, 0.7288187146186829, 0.4563243091106415, -0.7407143712043762, 0.49306225776672363, 0.5720152854919434, 0.6686446070671082, 0.47509250044822693),
            ["Handle3"] = CFrame.new(-0.4670260548591614, 0.277446985244751, -0.1101071834564209, -0.681591272354126, 0.06524289399385452, 0.7288187146186829, 0.4563243091106415, -0.7407143712043762, 0.49306225776672363, 0.5720152854919434, 0.6686446070671082, 0.47509250044822693),
            ["LowerTorso"] = CFrame.new(-0.0292042288929224, -0.08876931667327881, -0.20368514955043793, 0.926004946231842, 0.04766737297177315, -0.3744901120662689, -0.04989391937851906, 0.9987474679946899, 0.0037535345181822777, 0.3742000162601471, 0.015208988450467587, 0.9272233247756958),
            ["Head"] = CFrame.new(4.470348358154297e-08, -5.960464477539062e-07, 5.774199962615967e-08, 0.8600706458091736, -0.11178772896528244, 0.49777713418006897, 0.05215662345290184, 0.9898529052734375, 0.1321777105331421, -0.5075019598007202, -0.08771977573633194, 0.8571738600730896),
            ["Handle2"] = CFrame.new(-0.4619378447532654, 0.28025317192077637, -0.10186988115310669, -0.681591272354126, 0.06524289399385452, 0.7288187146186829, 0.4563243091106415, -0.7407143712043762, 0.49306225776672363, 0.5720152854919434, 0.6686446070671082, 0.47509250044822693),
            ["UpperTorso"] = CFrame.new(6.51925802230835e-09, 8.344650268554688e-07, 3.026798367500305e-09, 0.9902477860450745, -0.0016490567941218615, -0.13930802047252655, -0.002241050824522972, 0.9996120929718018, -0.027763010933995247, 0.13929978013038635, 0.027804449200630188, 0.989859938621521),
            ["Handle1"] = CFrame.new(-0.4517415761947632, 0.28587937355041504, -0.17039155960083008, -0.681591272354126, 0.06524289399385452, 0.7288187146186829, 0.4563243091106415, -0.7407143712043762, 0.49306225776672363, 0.5720152854919434, 0.6686446070671082, 0.47509250044822693),
            ["Handle15"] = CFrame.new(-0.4517415761947632, 0.28587937355041504, -0.14909154176712036, -0.681591272354126, 0.06524289399385452, 0.7288187146186829, 0.4563243091106415, -0.7407143712043762, 0.49306225776672363, 0.5720152854919434, 0.6686446070671082, 0.47509250044822693),
            ["LeftUpperArm"] = CFrame.new(0.40307873487472534, -0.10151016712188721, -0.268924742937088, 0.7726343274116516, -0.0013136286288499832, -0.634858250617981, 0.05736358463764191, 0.9960516095161438, 0.06775304675102234, 0.632254421710968, -0.08876606076955795, 0.769652247428894),
            ["RightLowerArm"] = CFrame.new(-0.000005662441253662109, 2.980232238769531e-07, 1.8882565200328827e-07, 1, -2.9802311729554276e-08, -2.648448216291399e-08, -4.441244882968931e-08, -0.2876451313495636, -0.9577370285987854, 2.0489098417897367e-08, 0.9577370285987854, -0.2876451313495636),
            ["LeftHand"] = CFrame.new(2.3096799850463867e-07, 0.00010007619857788086, 3.948807716369629e-07, -0.024945564568042755, -0.2681353688240051, 0.9630582332611084, 0.18687696754932404, 0.9451254606246948, 0.26798298954963684, -0.9820665121078491, 0.18665844202041626, 0.02653161622583866),
            ["Handle6"] = CFrame.new(-0.48226702213287354, 0.26903605461120605, -0.1275152564048767, -0.681591272354126, 0.06524289399385452, 0.7288187146186829, 0.4563243091106415, -0.7407143712043762, 0.49306225776672363, 0.5720152854919434, 0.6686446070671082, 0.47509250044822693),
            ["Handle5"] = CFrame.new(-0.47719770669937134, 0.2718331813812256, -0.11318135261535645, -0.681591272354126, 0.06524289399385452, 0.7288187146186829, 0.4563243091106415, -0.7407143712043762, 0.49306225776672363, 0.5720152854919434, 0.6686446070671082, 0.47509250044822693),
            ["Handle10"] = CFrame.new(-0.4517415761947632, 0.28587937355041504, -0.16379153728485107, -0.681591272354126, 0.06524289399385452, 0.7288187146186829, 0.4563243091106415, -0.7407143712043762, 0.49306225776672363, 0.5720152854919434, 0.6686446070671082, 0.47509250044822693),
            ["RightUpperLeg"] = CFrame.new(-5.960464477539063e-08, 0.0000016674166545271873, -6.455957191064954e-08, 0.9014453291893005, -0.35070812702178955, -0.2537717819213867, 0.21071793138980865, 0.8675731420516968, -0.450460821390152, 0.3781459629535675, 0.3525914251804352, 0.8559702038764954),
            ["RightUpperArm"] = CFrame.new(-0.5360244512557983, -0.10919666290283203, -0.3788624703884125, 0.8555213212966919, -0.1576450616121292, 0.493193656206131, 0.11787227541208267, 0.9868103265762329, 0.11095526069402695, -0.5041720867156982, -0.03679073974490166, 0.8628145456314087),
        }},
        {Time = 0.033, Data = {
            ["Handle8"] = CFrame.new(-0.4832056164741516, 0.20414280891418457, -0.08720672130584717, -0.702668309211731, 0.07285217195749283, 0.7077780961990356, 0.4171949625015259, -0.7636186480522156, 0.4927828907966614, 0.5763728022575378, 0.6415443420410156, 0.5061770081520081),
            ["LeftLowerArm"] = CFrame.new(-0.0004940629005432129, -0.00010073184967041016, 1.4901161193847656e-08, 1, -2.090819748445938e-07, 1.6484415255035856e-07, 2.0209702711326827e-07, 0.2079107165336609, -0.9781478047370911, 1.9895381342394103e-07, 0.9781478047370911, 0.2079107016324997),
            ["LeftFoot"] = CFrame.new(-2.043088898062706e-08, -2.384185791015625e-07, -1.30385160446167e-08, 0.9970027208328247, 0.07734435796737671, -0.0018817787058651447, -0.07245505601167679, 0.924897313117981, -0.3732496201992035, -0.02712829038500786, 0.3722672760486603, 0.927729070186615),
            ["Handle16"] = CFrame.new(-0.4581097960472107, 0.21812224388122559, -0.04708099365234375, -0.702668309211731, 0.07285217195749283, 0.7077780961990356, 0.4171949625015259, -0.7636186480522156, 0.4927828907966614, 0.5763728022575378, 0.6415443420410156, 0.5061770081520081),
            ["RightFoot"] = CFrame.new(-3.3527612686157227e-08, 4.76837158203125e-07, -3.9282895158976316e-08, 0.9866076111793518, 0.1612740159034729, 0.024417178705334663, -0.1522519439458847, 0.9642517566680908, -0.2168821394443512, -0.05852176249027252, 0.21026042103767395, 0.9758924841880798),
            ["RightHand"] = CFrame.new(-1.0244548320770264e-07, 8.344650268554688e-07, 3.3527612686157227e-07, 0.8403801918029785, -0.5287594795227051, 0.1190573051571846, 0.5388306975364685, 0.7913534045219421, -0.2888275384902954, 0.0585038997232914, 0.30687659978866577, 0.9499495029449463),
            ["HumanoidRootPart"] = CFrame.new(0, 0, 0, 1, 0, 0, 0, 1, 0, 0, 0, 1),
            ["Handle11"] = CFrame.new(-0.4581097960472107, 0.21812224388122559, -0.08888095617294312, -0.702668309211731, 0.07285217195749283, 0.7077780961990356, 0.4171949625015259, -0.7636186480522156, 0.4927828907966614, 0.5763728022575378, 0.6415443420410156, 0.5061770081520081),
            ["Handle13"] = CFrame.new(-0.4581097960472107, 0.21812224388122559, -0.10968101024627686, -0.702668309211731, 0.07285217195749283, 0.7077780961990356, 0.4171949625015259, -0.7636186480522156, 0.4927828907966614, 0.5763728022575378, 0.6415443420410156, 0.5061770081520081),
            ["Handle7"] = CFrame.new(-0.49323201179504395, 0.19855809211730957, -0.06221473217010498, -0.702668309211731, 0.07285217195749283, 0.7077780961990356, 0.4171949625015259, -0.7636186480522156, 0.4927828907966614, 0.5763728022575378, 0.6415443420410156, 0.5061770081520081),
            ["Handle14"] = CFrame.new(-0.4581097960472107, 0.21812224388122559, -0.1035810112953186, -0.702668309211731, 0.07285217195749283, 0.7077780961990356, 0.4171949625015259, -0.7636186480522156, 0.4927828907966614, 0.5763728022575378, 0.6415443420410156, 0.5061770081520081),
            ["Handle9"] = CFrame.new(-0.45167654752731323, 0.21234631538391113, -0.10452282428741455, -0.702668309211731, 0.07285217195749283, 0.7077780961990356, 0.4171949625015259, -0.7636186480522156, 0.4927828907966614, 0.5763728022575378, 0.6415443420410156, 0.5061770081520081),
            ["Handle12"] = CFrame.new(-0.4581097960472107, 0.21812224388122559, -0.09498095512390137, -0.702668309211731, 0.07285217195749283, 0.7077780961990356, 0.4171949625015259, -0.7636186480522156, 0.4927828907966614, 0.5763728022575378, 0.6415443420410156, 0.5061770081520081),
            ["RightLowerLeg"] = CFrame.new(-8.940696716308594e-08, -0.000003337860107421875, -0.000013111326552461833, 1, -2.0861628513557662e-07, -1.080334541825323e-07, 2.2351744632942427e-07, 0.7893060445785522, 0.6139990091323853, -1.788139627478813e-07, -0.614000141620636, 0.7893068194389343),
            ["LeftUpperLeg"] = CFrame.new(2.086162567138672e-07, 1.8905848264694214e-07, -6.228219717741013e-08, 0.923880934715271, -0.16653813421726227, 0.3445418179035187, 0.11950022727251053, 0.9808686375617981, 0.15367643535137177, -0.36354321241378784, -0.1008058711886406, 0.9261071681976318),
            ["LeftLowerLeg"] = CFrame.new(6.51925802230835e-09, 0.000003874301910400391, 0.000013285316526889801, 1, 3.9115558791991134e-08, 2.0489103746967885e-08, -5.704352989965855e-09, 0.97240149974823, 0.23331375420093536, 9.313229298868464e-09, -0.23331408202648163, 0.9724015593528748),
            ["Handle4"] = CFrame.new(-0.47820496559143066, 0.20692706108093262, -0.07230591773986816, -0.702668309211731, 0.07285217195749283, 0.7077780961990356, 0.4171949625015259, -0.7636186480522156, 0.4927828907966614, 0.5763728022575378, 0.6415443420410156, 0.5061770081520081),
            ["Handle3"] = CFrame.new(-0.4731796383857727, 0.20972752571105957, -0.06379926204681396, -0.702668309211731, 0.07285217195749283, 0.7077780961990356, 0.4171949625015259, -0.7636186480522156, 0.4927828907966614, 0.5763728022575378, 0.6415443420410156, 0.5061770081520081),
            ["LowerTorso"] = CFrame.new(-0.028729597106575966, -0.08865940570831299, -0.20267733931541443, 0.9259031414985657, 0.047081347554922104, -0.37481555342674255, -0.050643518567085266, 0.9987168312072754, 0.0003466446651145816, 0.374350905418396, 0.018661020323634148, 0.927099347114563),
            ["Head"] = CFrame.new(4.842877388000488e-08, -3.5762786865234375e-07, 6.891787052154541e-08, 0.8599573373794556, -0.10572367161512375, 0.4992954432964325, 0.052109550684690475, 0.9913846850395203, 0.12017104029655457, -0.5076987147331238, -0.07732387632131577, 0.8580576777458191),
            ["Handle2"] = CFrame.new(-0.4681629538536072, 0.21252131462097168, -0.055394649505615234, -0.702668309211731, 0.07285217195749283, 0.7077780961990356, 0.4171949625015259, -0.7636186480522156, 0.4927828907966614, 0.5763728022575378, 0.6415443420410156, 0.5061770081520081),
            ["UpperTorso"] = CFrame.new(6.51925802230835e-09, 7.748603820800781e-07, -1.257285475730896e-08, 0.990165650844574, -0.0025508126709610224, -0.1398766040802002, -0.00024153015692718327, 0.9998010993003845, -0.019942250102758408, 0.13989970088005066, 0.019779913127422333, 0.9899681210517883),
            ["Handle1"] = CFrame.new(-0.4581097960472107, 0.21812224388122559, -0.12358099222183228, -0.702668309211731, 0.07285217195749283, 0.7077780961990356, 0.4171949625015259, -0.7636186480522156, 0.4927828907966614, 0.5763728022575378, 0.6415443420410156, 0.5061770081520081),
            ["Handle15"] = CFrame.new(-0.4581097960472107, 0.21812224388122559, -0.10228097438812256, -0.702668309211731, 0.07285217195749283, 0.7077780961990356, 0.4171949625015259, -0.7636186480522156, 0.4927828907966614, 0.5763728022575378, 0.6415443420410156, 0.5061770081520081),
            ["LeftUpperArm"] = CFrame.new(0.4030735492706299, -0.10153543949127197, -0.2689204812049866, 0.7704053521156311, -0.0019466876983642578, -0.6375596523284912, 0.05438495799899101, 0.9965510368347168, 0.06267561763525009, 0.635230541229248, -0.08295926451683044, 0.7678473591804504),
            ["RightLowerArm"] = CFrame.new(-0.0000055730342864990234, -1.1920928955078125e-07, 1.9185245037078857e-07, 1, -2.142040855801497e-08, -2.002342824880543e-08, -3.4691762351712896e-08, -0.22745881974697113, -0.9737876653671265, 1.7695127141337252e-08, 0.9737877249717712, -0.22745884954929352),
            ["LeftHand"] = CFrame.new(1.9185245037078857e-07, 0.00010013580322265625, 1.7136335372924805e-07, -0.022087542340159416, -0.2601943910121918, 0.9653036594390869, 0.1929696947336197, 0.9462730884552002, 0.25948014855384827, -0.9809560775756836, 0.19200563430786133, 0.02930876612663269),
            ["Handle6"] = CFrame.new(-0.488206684589386, 0.2013552188873291, -0.08170801401138306, -0.702668309211731, 0.07285217195749283, 0.7077780961990356, 0.4171949625015259, -0.7636186480522156, 0.4927828907966614, 0.5763728022575378, 0.6415443420410156, 0.5061770081520081),
            ["Handle5"] = CFrame.new(-0.4832085371017456, 0.20413947105407715, -0.06720757484436035, -0.702668309211731, 0.07285217195749283, 0.7077780961990356, 0.4171949625015259, -0.7636186480522156, 0.4927828907966614, 0.5763728022575378, 0.6415443420410156, 0.5061770081520081),
            ["Handle10"] = CFrame.new(-0.4581097960472107, 0.21812224388122559, -0.11698096990585327, -0.702668309211731, 0.07285217195749283, 0.7077780961990356, 0.4171949625015259, -0.7636186480522156, 0.4927828907966614, 0.5763728022575378, 0.6415443420410156, 0.5061770081520081),
            ["RightUpperLeg"] = CFrame.new(-1.1920928955078125e-07, 0.0000015778932720422745, -4.3954059947282076e-08, 0.9014790058135986, -0.351066529750824, -0.25315555930137634, 0.21209117770195007, 0.8681602478027344, -0.4486817717552185, 0.3772968053817749, 0.3507847785949707, 0.8570864200592041),
            ["RightUpperArm"] = CFrame.new(-0.5249024629592896, -0.10584473609924316, -0.3788624703884125, 0.845384418964386, -0.16725291311740875, 0.5073074102401733, 0.11961045861244202, 0.9848722815513611, 0.12537731230258942, -0.5205945372581482, -0.04531272128224373, 0.852595865726471),
        }},
        {Time = 0.067, Data = {
            ["Handle8"] = CFrame.new(-0.4861930012702942, 0.09932875633239746, -0.026127099990844727, -0.7219955921173096, 0.08627349138259888, 0.6864978671073914, 0.3507290184497833, -0.8096371293067932, 0.47061336040496826, 0.5964155793190002, 0.5805554389953613, 0.5542958378791809),
            ["LeftLowerArm"] = CFrame.new(-0.0004940927028656006, -0.00009989738464355469, 1.4901161193847656e-08, 1, -1.9744041424019088e-07, 1.6670674085617065e-07, 1.9976869225502014e-07, 0.20255693793296814, -0.9792705178260803, 2.5168992578983307e-07, 0.9792705774307251, 0.20255689322948456),
            ["LeftFoot"] = CFrame.new(-1.4726538211107254e-08, -1.1920928955078125e-07, -5.587935447692871e-09, 0.9970241189002991, 0.07707115262746811, -0.0017596521647647023, -0.07219060510396957, 0.9253926873207092, -0.3720713257789612, -0.027047695592045784, 0.37109091877937317, 0.9282025098800659),
            ["Handle16"] = CFrame.new(-0.46132296323776245, 0.11265158653259277, 0.015333950519561768, -0.7219955921173096, 0.08627349138259888, 0.6864978671073914, 0.3507290184497833, -0.8096371293067932, 0.47061336040496826, 0.5964155793190002, 0.5805554389953613, 0.5542958378791809),
            ["RightFoot"] = CFrame.new(2.2351741790771484e-08, 4.172325134277344e-07, -2.438173396512866e-08, 0.9867113828659058, 0.16063638031482697, 0.02442776784300804, -0.151616171002388, 0.9643123745918274, -0.2170581817626953, -0.058423593640327454, 0.2104702889919281, 0.9758530855178833),
            ["RightHand"] = CFrame.new(-3.5762786865234375e-07, 7.748603820800781e-07, 4.6566128730773926e-08, 0.8456196188926697, -0.5214322209358215, 0.11417524516582489, 0.5315104722976685, 0.8027981519699097, -0.27020689845085144, 0.04923493415117264, 0.28917762637138367, 0.9560085535049438),
            ["HumanoidRootPart"] = CFrame.new(0, 0, 0, 1, 0, 0, 0, 1, 0, 0, 0, 1),
            ["Handle11"] = CFrame.new(-0.46132296323776245, 0.11265158653259277, -0.026466012001037598, -0.7219955921173096, 0.08627349138259888, 0.6864978671073914, 0.3507290184497833, -0.8096371293067932, 0.47061336040496826, 0.5964155793190002, 0.5805554389953613, 0.5542958378791809),
            ["Handle13"] = CFrame.new(-0.46132296323776245, 0.11265158653259277, -0.04726606607437134, -0.7219955921173096, 0.08627349138259888, 0.6864978671073914, 0.3507290184497833, -0.8096371293067932, 0.47061336040496826, 0.5964155793190002, 0.5805554389953613, 0.5542958378791809),
            ["Handle7"] = CFrame.new(-0.4961288571357727, 0.09400582313537598, -0.0016683340072631836, -0.7219955921173096, 0.08627349138259888, 0.6864978671073914, 0.3507290184497833, -0.8096371293067932, 0.47061336040496826, 0.5964155793190002, 0.5805554389953613, 0.5542958378791809),
            ["Handle14"] = CFrame.new(-0.46132296323776245, 0.11265158653259277, -0.041166067123413086, -0.7219955921173096, 0.08627349138259888, 0.6864978671073914, 0.3507290184497833, -0.8096371293067932, 0.47061336040496826, 0.5964155793190002, 0.5805554389953613, 0.5542958378791809),
            ["Handle9"] = CFrame.new(-0.4546157717704773, 0.10782551765441895, -0.04242300987243652, -0.7219955921173096, 0.08627349138259888, 0.6864978671073914, 0.3507290184497833, -0.8096371293067932, 0.47061336040496826, 0.5964155793190002, 0.5805554389953613, 0.5542958378791809),
            ["Handle12"] = CFrame.new(-0.46132296323776245, 0.11265158653259277, -0.03256601095199585, -0.7219955921173096, 0.08627349138259888, 0.6864978671073914, 0.3507290184497833, -0.8096371293067932, 0.47061336040496826, 0.5964155793190002, 0.5805554389953613, 0.5542958378791809),
            ["RightLowerLeg"] = CFrame.new(-8.940696716308594e-08, -0.0000036954879760742188, -0.000013290140486788005, 1, -1.3411042232291948e-07, -9.685756907629184e-08, 1.7881387748275301e-07, 0.7885327339172363, 0.6149919629096985, 1.4901155864777138e-08, -0.6149928569793701, 0.7885334491729736),
            ["LeftUpperLeg"] = CFrame.new(1.7881393432617188e-07, 3.604218363761902e-07, -2.60770320892334e-08, 0.9238102436065674, -0.16698697209358215, 0.34451425075531006, 0.11843449622392654, 0.980373740196228, 0.15760944783687592, -0.3640713393688202, -0.10479875653982162, 0.925456166267395),
            ["LeftLowerLeg"] = CFrame.new(6.961636245250702e-08, 0.000003814697265625, 0.000013250857591629028, 1, -1.7229464077672674e-08, 2.514570596190424e-08, -2.0954757928848267e-09, 0.972700834274292, 0.23206272721290588, 2.3283064365386963e-08, -0.23206289112567902, 0.972700834274292),
            ["Handle4"] = CFrame.new(-0.48123717308044434, 0.10198283195495605, -0.010960042476654053, -0.7219955921173096, 0.08627349138259888, 0.6864978671073914, 0.3507290184497833, -0.8096371293067932, 0.47061336040496826, 0.5964155793190002, 0.5805554389953613, 0.5542958378791809),
            ["Handle3"] = CFrame.new(-0.4762566089630127, 0.10465264320373535, -0.0021861791610717773, -0.7219955921173096, 0.08627349138259888, 0.6864978671073914, 0.3507290184497833, -0.8096371293067932, 0.47061336040496826, 0.5964155793190002, 0.5805554389953613, 0.5542958378791809),
            ["LowerTorso"] = CFrame.new(-0.02830927073955536, -0.08854782581329346, -0.20151883363723755, 0.9258055686950684, 0.04624113067984581, -0.37516114115715027, -0.05134670063853264, 0.9986743330955505, -0.003617732087150216, 0.3744964897632599, 0.022612599655985832, 0.926952600479126),
            ["Head"] = CFrame.new(5.587935447692871e-08, -5.960464477539062e-07, 8.195638656616211e-08, 0.8599778413772583, -0.10047612339258194, 0.5003424882888794, 0.05210898816585541, 0.9925910234451294, 0.10976298153400421, -0.5076639652252197, -0.06832141429185867, 0.8588419556617737),
            ["Handle2"] = CFrame.new(-0.4712851643562317, 0.1073157787322998, 0.006485402584075928, -0.7219955921173096, 0.08627349138259888, 0.6864978671073914, 0.3507290184497833, -0.8096371293067932, 0.47061336040496826, 0.5964155793190002, 0.5805554389953613, 0.5542958378791809),
            ["UpperTorso"] = CFrame.new(1.0244548320770264e-08, 8.940696716308594e-07, -1.7462298274040222e-08, 0.9901115894317627, -0.003206209745258093, -0.14024591445922852, 0.0015893960371613503, 0.9999310970306396, -0.011638937518000603, 0.1402735561132431, 0.01130093913525343, 0.9900482892990112),
            ["Handle1"] = CFrame.new(-0.46132296323776245, 0.11265158653259277, -0.06116604804992676, -0.7219955921173096, 0.08627349138259888, 0.6864978671073914, 0.3507290184497833, -0.8096371293067932, 0.47061336040496826, 0.5964155793190002, 0.5805554389953613, 0.5542958378791809),
            ["Handle15"] = CFrame.new(-0.46132296323776245, 0.11265158653259277, -0.03986603021621704, -0.7219955921173096, 0.08627349138259888, 0.6864978671073914, 0.3507290184497833, -0.8096371293067932, 0.47061336040496826, 0.5964155793190002, 0.5805554389953613, 0.5542958378791809),
            ["LeftUpperArm"] = CFrame.new(0.40304434299468994, -0.1016087532043457, -0.2688907980918884, 0.7668692469596863, -0.001604853430762887, -0.6418095827102661, 0.05110841616988182, 0.9969738125801086, 0.05857563018798828, 0.6397653222084045, -0.07772169262170792, 0.7646236419677734),
            ["RightLowerArm"] = CFrame.new(-0.000005424022674560547, 9.5367431640625e-07, 2.4586915969848633e-07, 1, -1.0477373635353615e-08, -2.316664016177583e-08, -2.9802322387695312e-08, -0.13493114709854126, -0.9908549785614014, 5.587935447692871e-09, 0.9908550381660461, -0.13493111729621887),
            ["LeftHand"] = CFrame.new(3.296881914138794e-07, 0.00010019540786743164, 4.414469003677368e-07, -0.009418274275958538, -0.2596145272254944, 0.9656664133071899, 0.20787125825881958, 0.9441043734550476, 0.25584501028060913, -0.9781108498573303, 0.203143909573555, 0.04507456719875336),
            ["Handle6"] = CFrame.new(-0.49114876985549927, 0.09667229652404785, -0.02089446783065796, -0.7219955921173096, 0.08627349138259888, 0.6864978671073914, 0.3507290184497833, -0.8096371293067932, 0.47061336040496826, 0.5964155793190002, 0.5805554389953613, 0.5542958378791809),
            ["Handle5"] = CFrame.new(-0.48619544506073, 0.09932637214660645, -0.006127834320068359, -0.7219955921173096, 0.08627349138259888, 0.6864978671073914, 0.3507290184497833, -0.8096371293067932, 0.47061336040496826, 0.5964155793190002, 0.5805554389953613, 0.5542958378791809),
            ["Handle10"] = CFrame.new(-0.46132296323776245, 0.11265158653259277, -0.054566025733947754, -0.7219955921173096, 0.08627349138259888, 0.6864978671073914, 0.3507290184497833, -0.8096371293067932, 0.47061336040496826, 0.5964155793190002, 0.5805554389953613, 0.5542958378791809),
            ["RightUpperLeg"] = CFrame.new(-2.9802322387695312e-08, 0.0000015825207810848951, -5.058973329141736e-08, 0.9015250205993652, -0.35136204957962036, -0.25258132815361023, 0.21358655393123627, 0.868949294090271, -0.446439266204834, 0.3763422667980194, 0.3485281765460968, 0.8584257364273071),
            ["RightUpperArm"] = CFrame.new(-0.515434741973877, -0.1028141975402832, -0.3788623809814453, 0.8297412991523743, -0.17891712486743927, 0.5287037491798401, 0.11819249391555786, 0.9820719957351685, 0.14684820175170898, -0.545490562915802, -0.0593571811914444, 0.836007297039032),
        }},
        {Time = 0.100, Data = {
            ["Handle8"] = CFrame.new(-0.4871751666069031, -0.04589247703552246, 0.049448251724243164, -0.7517606019973755, 0.09446185827255249, 0.652635395526886, 0.22858910262584686, -0.8909945487976074, 0.39226996898651123, 0.6185491681098938, 0.4440784454345703, 0.6482216715812683),
            ["LeftLowerArm"] = CFrame.new(-0.0004938840866088867, -0.00010031461715698242, 1.4901161193847656e-08, 1, -2.472662004038284e-07, 1.5227131200390431e-07, 2.0302842074215732e-07, 0.19557271897792816, -0.980689287185669, 1.3661345121818158e-07, 0.9806892275810242, 0.19557276368141174),
            ["LeftFoot"] = CFrame.new(1.9033905118703842e-08, 0, -1.4901161193847656e-08, 0.9970380067825317, 0.07689258456230164, -0.0016859023598954082, -0.07201644778251648, 0.925667941570282, -0.3714196979999542, -0.026998836547136307, 0.3704410493373871, 0.9284636378288269),
            ["Handle16"] = CFrame.new(-0.46246594190597534, -0.034835100173950195, 0.09339374303817749, -0.7517606019973755, 0.09446185827255249, 0.652635395526886, 0.22858910262584686, -0.8909945487976074, 0.39226996898651123, 0.6185491681098938, 0.4440784454345703, 0.6482216715812683),
            ["RightFoot"] = CFrame.new(-7.450580596923828e-09, 5.960464477539062e-07, -9.480572771281004e-09, 0.9867704510688782, 0.16027343273162842, 0.024425510317087173, -0.15125754475593567, 0.9643530249595642, -0.21712718904018402, -0.05835454538464546, 0.21056042611598969, 0.975837767124176),
            ["RightHand"] = CFrame.new(-3.948807716369629e-07, 8.344650268554688e-07, -6.705522537231445e-08, 0.8470140099525452, -0.5221182703971863, 0.09979952871799469, 0.5306943655014038, 0.8198047280311584, -0.21513666212558746, 0.030510690063238144, 0.2351868748664856, 0.9714712500572205),
            ["HumanoidRootPart"] = CFrame.new(0, 0, 0, 1, 0, 0, 0, 1, 0, 0, 0, 1),
            ["Handle11"] = CFrame.new(-0.46246594190597534, -0.034835100173950195, 0.051593780517578125, -0.7517606019973755, 0.09446185827255249, 0.652635395526886, 0.22858910262584686, -0.8909945487976074, 0.39226996898651123, 0.6185491681098938, 0.4440784454345703, 0.6482216715812683),
            ["Handle13"] = CFrame.new(-0.46246594190597534, -0.034835100173950195, 0.030793726444244385, -0.7517606019973755, 0.09446185827255249, 0.652635395526886, 0.22858910262584686, -0.8909945487976074, 0.39226996898651123, 0.6185491681098938, 0.4440784454345703, 0.6482216715812683),
            ["Handle7"] = CFrame.new(-0.49704688787460327, -0.05031132698059082, 0.07291460037231445, -0.7517606019973755, 0.09446185827255249, 0.652635395526886, 0.22858910262584686, -0.8909945487976074, 0.39226996898651123, 0.6185491681098938, 0.4440784454345703, 0.6482216715812683),
            ["Handle14"] = CFrame.new(-0.46246594190597534, -0.034835100173950195, 0.03689372539520264, -0.7517606019973755, 0.09446185827255249, 0.652635395526886, 0.22858910262584686, -0.8909945487976074, 0.39226996898651123, 0.6185491681098938, 0.4440784454345703, 0.6482216715812683),
            ["Handle9"] = CFrame.new(-0.45529770851135254, -0.037842512130737305, 0.03523749113082886, -0.7517606019973755, 0.09446185827255249, 0.652635395526886, 0.22858910262584686, -0.8909945487976074, 0.39226996898651123, 0.6185491681098938, 0.4440784454345703, 0.6482216715812683),
            ["Handle12"] = CFrame.new(-0.46246594190597534, -0.034835100173950195, 0.04549378156661987, -0.7517606019973755, 0.09446185827255249, 0.652635395526886, 0.22858910262584686, -0.8909945487976074, 0.39226996898651123, 0.6185491681098938, 0.4440784454345703, 0.6482216715812683),
            ["RightLowerLeg"] = CFrame.new(1.043081283569336e-07, -0.0000035762786865234375, -0.000013215634680818766, 1, -1.8812713165061723e-07, -5.960465188081798e-08, 1.6391278734317893e-07, 0.7881929278373718, 0.6154271364212036, -2.2351745343485163e-08, -0.6154282689094543, 0.7881938815116882),
            ["LeftUpperLeg"] = CFrame.new(2.384185791015625e-07, 2.766028046607971e-07, -5.21540641784668e-08, 0.9237805008888245, -0.16717486083507538, 0.3445028066635132, 0.11781016737222672, 0.980109691619873, 0.1597055345773697, -0.36434921622276306, -0.10694686323404312, 0.925101101398468),
            ["LeftLowerLeg"] = CFrame.new(2.7008354663848877e-08, 0.0000034570693969726562, 0.000013318844139575958, 1, 3.958120942115784e-08, -3.073364496231079e-08, -1.571607022299304e-08, 0.9728750586509705, 0.231331005692482, -1.0244549208948683e-08, -0.23133142292499542, 0.9728751182556152),
            ["Handle4"] = CFrame.new(-0.4822514057159424, -0.043688058853149414, 0.06511056423187256, -0.7517606019973755, 0.09446185827255249, 0.652635395526886, 0.22858910262584686, -0.8909945487976074, 0.39226996898651123, 0.6185491681098938, 0.4440784454345703, 0.6482216715812683),
            ["Handle3"] = CFrame.new(-0.4773033857345581, -0.041474103927612305, 0.07438182830810547, -0.7517606019973755, 0.09446185827255249, 0.652635395526886, 0.22858910262584686, -0.8909945487976074, 0.39226996898651123, 0.6185491681098938, 0.4440784454345703, 0.6482216715812683),
            ["LowerTorso"] = CFrame.new(-0.028027668595314026, -0.0884619951248169, -0.2009098380804062, 0.9257517457008362, 0.04576920345425606, -0.3753516972064972, -0.05168458819389343, 0.9986472129821777, -0.005700824782252312, 0.374582976102829, 0.024677444249391556, 0.9268649220466614),
            ["Head"] = CFrame.new(1.1175870895385742e-08, -2.384185791015625e-07, 6.891787052154541e-08, 0.8600040674209595, -0.09818907082080841, 0.5007515549659729, 0.052309341728687286, 0.9931067228317261, 0.10489433258771896, -0.5075991153717041, -0.06401557475328445, 0.8592119216918945),
            ["Handle2"] = CFrame.new(-0.47236400842666626, -0.039263010025024414, 0.08354997634887695, -0.7517606019973755, 0.09446185827255249, 0.652635395526886, 0.22858910262584686, -0.8909945487976074, 0.39226996898651123, 0.6185491681098938, 0.4440784454345703, 0.6482216715812683),
            ["UpperTorso"] = CFrame.new(1.210719347000122e-08, 7.450580596923828e-07, -2.3515895009040833e-08, 0.9900851845741272, -0.003319243434816599, -0.14042967557907104, 0.0023316305596381426, 0.9999714493751526, -0.007196743506938219, 0.1404496133327484, 0.0067979623563587666, 0.9900645613670349),
            ["Handle1"] = CFrame.new(-0.46246594190597534, -0.034835100173950195, 0.016893744468688965, -0.7517606019973755, 0.09446185827255249, 0.652635395526886, 0.22858910262584686, -0.8909945487976074, 0.39226996898651123, 0.6185491681098938, 0.4440784454345703, 0.6482216715812683),
            ["Handle15"] = CFrame.new(-0.46246594190597534, -0.034835100173950195, 0.03819376230239868, -0.7517606019973755, 0.09446185827255249, 0.652635395526886, 0.22858910262584686, -0.8909945487976074, 0.39226996898651123, 0.6185491681098938, 0.4440784454345703, 0.6482216715812683),
            ["LeftUpperArm"] = CFrame.new(0.4029708504676819, -0.1017235517501831, -0.268809974193573, 0.7619786858558655, -0.0021239558700472116, -0.6476067304611206, 0.04961244389414787, 0.9972472786903381, 0.05510508641600609, 0.6456989049911499, -0.0741182491183281, 0.7599796652793884),
            ["RightLowerArm"] = CFrame.new(-0.000005304813385009766, 1.7881393432617188e-07, 1.6391277313232422e-07, 1, -6.053594070465351e-09, -4.3306489061478715e-08, -3.725290653733282e-08, -0.04518475756049156, -0.9989786744117737, -1.862645371275562e-09, 0.9989786744117737, -0.04518475756049156),
            ["LeftHand"] = CFrame.new(4.079192876815796e-07, 0.00010007619857788086, 2.942979335784912e-07, 0.010608334094285965, -0.2696983516216278, 0.9628865122795105, 0.22310768067836761, 0.9393041729927063, 0.26063504815101624, -0.9747360944747925, 0.2120625227689743, 0.07013621926307678),
            ["Handle6"] = CFrame.new(-0.49209892749786377, -0.04809737205505371, 0.05418580770492554, -0.7517606019973755, 0.09446185827255249, 0.652635395526886, 0.22858910262584686, -0.8909945487976074, 0.39226996898651123, 0.6185491681098938, 0.4440784454345703, 0.6482216715812683),
            ["Handle5"] = CFrame.new(-0.4871780276298523, -0.04589247703552246, 0.06944715976715088, -0.7517606019973755, 0.09446185827255249, 0.652635395526886, 0.22858910262584686, -0.8909945487976074, 0.39226996898651123, 0.6185491681098938, 0.4440784454345703, 0.6482216715812683),
            ["Handle10"] = CFrame.new(-0.46246594190597534, -0.034835100173950195, 0.02349376678466797, -0.7517606019973755, 0.09446185827255249, 0.652635395526886, 0.22858910262584686, -0.8909945487976074, 0.39226996898651123, 0.6185491681098938, 0.4440784454345703, 0.6482216715812683),
            ["RightUpperLeg"] = CFrame.new(-1.1920928955078125e-07, 0.000001506792614236474, -7.24758137948811e-08, 0.9015684127807617, -0.35143691301345825, -0.2523221969604492, 0.21431122720241547, 0.8694165945053101, -0.4451805353164673, 0.37582600116729736, 0.3472850024700165, 0.8591552972793579),
            ["RightUpperArm"] = CFrame.new(-0.5074858665466309, -0.10008585453033447, -0.3788621425628662, 0.8136771321296692, -0.1880476027727127, 0.5500706434249878, 0.11456811428070068, 0.9795497059822083, 0.16539587080478668, -0.5699156522750854, -0.07155828922986984, 0.818575918674469),
        }},
        {Time = 0.133, Data = {
            ["Handle8"] = CFrame.new(-0.48152053356170654, -0.08658719062805176, 0.06210118532180786, -0.7566244006156921, 0.10278510302305222, 0.645720362663269, 0.19584344327449799, -0.906600832939148, 0.37379181385040283, 0.6238307952880859, 0.40928009152412415, 0.6658264994621277),
            ["LeftLowerArm"] = CFrame.new(-0.0004939734935760498, -0.00010001659393310547, 8.940696716308594e-08, 1, -1.7415737829651334e-07, 1.7229471893642767e-07, 2.058223316225849e-07, 0.18751323223114014, -0.982262134552002, 1.5052505375479086e-07, 0.9822620749473572, 0.18751318752765656),
            ["LeftFoot"] = CFrame.new(3.0384398996829987e-08, -5.960464477539063e-08, 5.587935447692871e-09, 0.9970525503158569, 0.07670475542545319, -0.0016270293854176998, -0.07185206562280655, 0.9261171221733093, -0.37033021450042725, -0.02689918875694275, 0.3693556785583496, 0.928898811340332),
            ["Handle16"] = CFrame.new(-0.4568668603897095, -0.07608389854431152, 0.10652470588684082, -0.7566244006156921, 0.10278510302305222, 0.645720362663269, 0.19584344327449799, -0.906600832939148, 0.37379181385040283, 0.6238307952880859, 0.40928009152412415, 0.6658264994621277),
            ["RightFoot"] = CFrame.new(1.4901161193847656e-08, 2.384185791015625e-07, 2.7772330213338137e-08, 0.9867957830429077, 0.1601213961839676, 0.024399645626544952, -0.15109439194202423, 0.9643028378486633, -0.21746385097503662, -0.058349259197711945, 0.21090586483478546, 0.9757633805274963),
            ["RightHand"] = CFrame.new(-3.203749656677246e-07, 7.152557373046875e-07, 2.7567148208618164e-07, 0.8477038145065308, -0.5235722661018372, 0.08526644855737686, 0.530331552028656, 0.8327927589416504, -0.15876026451587677, 0.012113203294575214, 0.17980115115642548, 0.9836284518241882),
            ["HumanoidRootPart"] = CFrame.new(0, 0, 0, 1, 0, 0, 0, 1, 0, 0, 0, 1),
            ["Handle11"] = CFrame.new(-0.4568668603897095, -0.07608389854431152, 0.06472474336624146, -0.7566244006156921, 0.10278510302305222, 0.645720362663269, 0.19584344327449799, -0.906600832939148, 0.37379181385040283, 0.6238307952880859, 0.40928009152412415, 0.6658264994621277),
            ["Handle13"] = CFrame.new(-0.4568668603897095, -0.07608389854431152, 0.043924689292907715, -0.7566244006156921, 0.10278510302305222, 0.645720362663269, 0.19584344327449799, -0.906600832939148, 0.37379181385040283, 0.6238307952880859, 0.40928009152412415, 0.6658264994621277),
            ["Handle7"] = CFrame.new(-0.4913700819015503, -0.09078288078308105, 0.08537638187408447, -0.7566244006156921, 0.10278510302305222, 0.645720362663269, 0.19584344327449799, -0.906600832939148, 0.37379181385040283, 0.6238307952880859, 0.40928009152412415, 0.6658264994621277),
            ["Handle14"] = CFrame.new(-0.4568668603897095, -0.07608389854431152, 0.05002468824386597, -0.7566244006156921, 0.10278510302305222, 0.645720362663269, 0.19584344327449799, -0.906600832939148, 0.37379181385040283, 0.6238307952880859, 0.40928009152412415, 0.6658264994621277),
