return {
    ["Carefree"] = {
        {Time = 0.000, Data = {
            ["LeftFoot"] = CFrame.new(3.166496753692627e-08, -1.7881393432617188e-07, -3.725290298461914e-09, 0.9424957633018494, -0.11912675201892853, -0.3122667074203491, 0.012338667176663876, 0.9460856914520264, -0.32368141412734985, 0.33399030566215515, 0.3012152910232544, 0.8931516408920288),
            ["LeftLowerArm"] = CFrame.new(-2.9802322387695312e-08, -5.960464477539063e-08, 1.4901161193847656e-08, 1, 6.332992796842518e-08, 3.725290298461914e-09, -4.190951585769653e-09, 0.9999867081642151, -0.005157779902219772, -3.725290298461914e-09, 0.005157786887139082, 0.9999867081642151),
            ["LowerTorso"] = CFrame.new(-0.06894226372241974, -0.12163937091827393, 0.10815027356147766, 0.9788867235183716, 0.08898918330669403, -0.1840159296989441, -0.0901380330324173, 0.9959270358085632, 0.002129308180883527, 0.1834559291601181, 0.01450248435139656, 0.9829209446907043),
            ["Head"] = CFrame.new(6.28642737865448e-09, -1.1920928955078125e-07, 2.0954757928848267e-08, 0.9990968108177185, -0.014375358819961548, 0.03998840972781181, 0.011907669715583324, 0.9980496764183044, 0.061278313398361206, -0.040791310369968414, -0.0607466958463192, 0.9973193407058716),
            ["RightUpperArm"] = CFrame.new(0, -2.384185791015625e-07, 7.450580596923828e-09, 0.8969807624816895, -0.30744636058807373, -0.3176513612270355, 0.20752592384815216, 0.9273064136505127, -0.3115057051181793, 0.3903314173221588, 0.21349380910396576, 0.8955790996551514),
            ["UpperTorso"] = CFrame.new(2.0489096641540527e-08, -2.9802322387695312e-08, -5.587935447692871e-09, 0.9884738326072693, -0.049891628324985504, 0.14293532073497772, 0.04114061966538429, 0.9971309900283813, 0.06353975087404251, -0.14569534361362457, -0.05692693963646889, 0.9876903295516968),
            ["HumanoidRootPart"] = CFrame.new(0, 0, 0, 1, 0, 0, 0, 1, 0, 0, 0, 1),
            ["RightHand"] = CFrame.new(9.313225746154785e-08, 4.172325134277344e-07, -1.564621925354004e-07, 0.7411978244781494, -0.3122420310974121, 0.5942481756210327, 0.4484531283378601, 0.8890367746353149, -0.09221389889717102, -0.4995153546333313, 0.3348410725593567, 0.7989778518676758),
            ["LeftUpperArm"] = CFrame.new(-1.1920928955078125e-07, 0, 1.4435499906539917e-08, 0.9041041731834412, 0.3627900779247284, 0.22578547894954681, -0.33510079979896545, 0.9298110604286194, -0.15218061208724976, -0.26514747738838196, 0.06192626431584358, 0.9622172117233276),
            ["RightLowerArm"] = CFrame.new(0, 1.7881393432617188e-07, 2.9802322387695312e-08, 1, -2.2351745343485163e-08, -3.3527612686157227e-08, 0, 0.9999867677688599, -0.005158096551895142, 2.980232594040899e-08, 0.005158097017556429, 0.9999867677688599),
            ["LeftHand"] = CFrame.new(1.3131648302078247e-07, -1.1920928955078125e-07, -2.9802322387695312e-08, 0.8155691027641296, 0.3299051821231842, -0.47540488839149475, -0.38079091906547546, 0.9245879650115967, -0.011642704717814922, 0.43571266531944275, 0.19052529335021973, 0.8796901702880859),
            ["RightUpperLeg"] = CFrame.new(0, 2.6193447411060333e-07, -1.0310031939297915e-08, 0.9947660565376282, 0.06478913128376007, 0.07901178300380707, 0.010873746126890182, 0.701755166053772, -0.7123352289199829, -0.10159849375486374, 0.7094659805297852, 0.6973777413368225),
            ["LeftUpperLeg"] = CFrame.new(8.940696716308594e-08, 1.9652361515909433e-07, -1.1641532182693481e-08, 0.3666856586933136, -0.22843514382839203, 0.901864230632782, -0.0844825878739357, 0.9572060108184814, 0.2768022418022156, -0.9265011548995972, -0.1776912957429886, 0.33169499039649963),
            ["RightLowerLeg"] = CFrame.new(-3.725290298461914e-09, 2.980232238769531e-07, 8.365168469026685e-08, 1, -1.266598843585598e-07, -5.96046660916727e-08, 1.1641533603778953e-07, 0.5876480937004089, 0.8091164827346802, -5.960465188081798e-08, -0.8091167211532593, 0.587648332118988),
            ["RightFoot"] = CFrame.new(3.5390257835388184e-08, 2.980232238769531e-07, -2.0656443666666746e-08, 0.9895679950714111, 0.08605127781629562, -0.11554426699876785, -0.05007674917578697, 0.9574599862098694, 0.2841879427433014, 0.13508367538452148, -0.27543723583221436, 0.9517809152603149),
            ["LeftLowerLeg"] = CFrame.new(0, -1.7881393432617188e-07, 0, 1, 1.4901166522918174e-08, -2.2351745343485163e-08, -1.1175870895385742e-08, 0.9939062595367432, 0.11022906750440598, -7.264316082000732e-08, -0.11022909730672836, 0.9939062595367432),
        }},
        {Time = 0.033, Data = {
            ["LeftFoot"] = CFrame.new(-1.1175870895385742e-08, -5.960464477539063e-08, -3.725290298461914e-09, 0.9418755769729614, -0.12754452228546143, -0.3108096718788147, -0.009812423959374428, 0.9142959713935852, -0.40492770075798035, 0.3358186185359955, 0.38444146513938904, 0.8599017262458801),
            ["LeftLowerArm"] = CFrame.new(1.1920928955078125e-07, -4.76837158203125e-07, 3.725290298461914e-08, 1, -1.4901161193847656e-08, 1.0244545656235005e-08, -2.514570951461792e-08, 0.9999867677688599, -0.005157841835170984, 2.421438694000244e-08, 0.0051578376442193985, 0.9999867081642151),
            ["LowerTorso"] = CFrame.new(-0.06680543720722198, -0.13859617710113525, 0.10799367725849152, 0.9745138883590698, 0.08428610861301422, -0.20789074897766113, -0.08627969026565552, 0.9962708950042725, -0.0005241973558440804, 0.20707128942012787, 0.01844758912920952, 0.9781519174575806),
            ["Head"] = CFrame.new(1.3737007975578308e-08, 0, -7.159542292356491e-09, 0.9987924695014954, -0.008030670695006847, 0.04846769571304321, 0.004806003533303738, 0.9977891445159912, 0.06628589332103729, -0.048892855644226074, -0.06597278267145157, 0.9966228604316711),
            ["RightUpperArm"] = CFrame.new(2.384185791015625e-07, 5.960464477539062e-07, 3.725290298461914e-09, 0.8621677160263062, -0.32551151514053345, -0.388212651014328, 0.24000652134418488, 0.9372612237930298, -0.25286051630973816, 0.4461655616760254, 0.12483446300029755, 0.8862012028694153),
            ["UpperTorso"] = CFrame.new(2.0489096641540527e-08, 2.9802322387695312e-08, 1.7113052308559418e-08, 0.9851856231689453, -0.0629366934299469, 0.1595255583524704, 0.053073495626449585, 0.9964496493339539, 0.06535627692937851, -0.16307248175144196, -0.05592148005962372, 0.9850280284881592),
            ["HumanoidRootPart"] = CFrame.new(0, 0, 0, 1, 0, 0, 0, 1, 0, 0, 0, 1),
            ["RightHand"] = CFrame.new(3.725290298461914e-08, -3.5762786865234375e-07, -1.4901161193847656e-08, 0.7104035019874573, -0.29983535408973694, 0.6367308497428894, 0.4316464364528656, 0.9001961946487427, -0.057689368724823, -0.5558850765228271, 0.3158254027366638, 0.7689250111579895),
            ["LeftUpperArm"] = CFrame.new(0, 3.5762786865234375e-07, 4.423782229423523e-09, 0.8895743489265442, 0.3692847788333893, 0.2688610553741455, -0.36321884393692017, 0.9287682175636292, -0.07390397042036057, -0.2770010828971863, -0.031912416219711304, 0.9603394865989685),
            ["RightLowerArm"] = CFrame.new(-5.960464477539063e-08, -4.172325134277344e-07, 8.940696716308594e-08, 1, 1.862644971595273e-08, 1.8626440834168534e-08, -2.9802318834981634e-08, 0.9999867677688599, -0.005155463237315416, -1.862644971595273e-08, 0.00515546603128314, 0.9999867081642151),
            ["LeftHand"] = CFrame.new(2.3469328880310059e-07, -5.960464477539063e-08, 1.4901161193847656e-08, 0.8396336436271667, 0.325308620929718, -0.43495988845825195, -0.36364850401878357, 0.9315212965011597, -0.005286968778818846, 0.4034542441368103, 0.16261160373687744, 0.9004343152046204),
            ["RightUpperLeg"] = CFrame.new(0, -7.683411240577698e-09, 1.2099917512387037e-08, 0.9908723831176758, 0.09000634402036667, 0.10035359859466553, 0.010190604254603386, 0.6922996044158936, -0.7215383052825928, -0.1344178020954132, 0.7159749865531921, 0.6850632429122925),
            ["LeftUpperLeg"] = CFrame.new(1.1920928955078125e-07, 5.748006515204906e-10, 5.587935447692871e-09, 0.3454451560974121, -0.14079324901103973, 0.9278172850608826, -0.0985950231552124, 0.9777647852897644, 0.18508143723011017, -0.9332452416419983, -0.1554136872291565, 0.3238826394081116),
            ["RightLowerLeg"] = CFrame.new(-7.450580596923828e-08, 2.980232238769531e-07, -1.4731631381437182e-07, 1, -1.4342364806907426e-07, -6.053598156086082e-08, 1.1897645890712738e-07, 0.5747411847114563, 0.8183350563049316, -5.960464477539063e-08, -0.818335235118866, 0.5747414231300354),
            ["RightFoot"] = CFrame.new(2.421438694000244e-08, 2.980232238769531e-07, -1.1343217920511961e-08, 0.9915702939033508, 0.07723113149404526, -0.10403755307197571, -0.045727912336587906, 0.9598631858825684, 0.2767157554626465, 0.12123292684555054, -0.269625723361969, 0.9553033709526062),
            ["LeftLowerLeg"] = CFrame.new(-5.960464477539063e-08, -5.960464477539063e-08, -2.2351741790771484e-08, 1, 4.470348358154297e-08, -2.2351747119842003e-08, -1.3969838619232178e-08, 0.957434892654419, 0.2886494994163513, -1.5832483768463135e-08, -0.28864941000938416, 0.9574348330497742),
        }},
        {Time = 0.067, Data = {
            ["LeftFoot"] = CFrame.new(-5.587935447692871e-09, 0, 7.450580596923828e-09, 0.9534577131271362, -0.09540191292762756, -0.28603628277778625, -0.027485938742756844, 0.9171786308288574, -0.3975273370742798, 0.3002713620662689, 0.3868875503540039, 0.8718688488006592),
            ["LeftLowerArm"] = CFrame.new(-3.2782554626464844e-07, -2.980232238769531e-07, -2.60770320892334e-08, 1, -2.6077040971017595e-08, 3.6670808611916073e-09, 1.4901162970204496e-08, 0.9999867677688599, -0.005158062558621168, -3.14321413341645e-09, 0.005158068612217903, 0.9999867081642151),
            ["LowerTorso"] = CFrame.new(-0.06110237538814545, -0.12329423427581787, 0.1064593642950058, 0.991572916507721, 0.069715216755867, -0.10919307172298431, -0.07046517729759216, 0.9975097179412842, -0.003019795287400484, 0.1087106317281723, 0.010688652284443378, 0.9940159916877747),
            ["Head"] = CFrame.new(-5.326000973582268e-09, 1.1920928955078125e-07, 6.170012056827545e-09, 0.9997574687004089, -0.015667947009205818, -0.015477840788662434, 0.016734452918171883, 0.9973098039627075, 0.07136672735214233, 0.014318028464913368, -0.07160833477973938, 0.9973300695419312),
            ["RightUpperArm"] = CFrame.new(0, -2.384185791015625e-07, -4.6566128730773926e-09, 0.8106613755226135, -0.3417799174785614, -0.4754102826118469, 0.2669738829135895, 0.9383990168571472, -0.2193906009197235, 0.5211077332496643, 0.05092930048704147, 0.8519699573516846),
            ["UpperTorso"] = CFrame.new(-1.30385160446167e-08, -5.960464477539063e-08, 4.656612873077393e-10, 0.9915608763694763, -0.04785854369401932, 0.12048523873090744, 0.04081768915057182, 0.9973488450050354, 0.06024331599473953, -0.12304896116256714, -0.05481698364019394, 0.9908854961395264),
            ["HumanoidRootPart"] = CFrame.new(0, 0, 0, 1, 0, 0, 0, 1, 0, 0, 0, 1),
            ["RightHand"] = CFrame.new(-1.7881393432617188e-07, 1.1920928955078125e-07, 1.341104507446289e-07, 0.6905789971351624, -0.2992849349975586, 0.658429741859436, 0.42607343196868896, 0.9039727449417114, -0.03598237410187721, -0.5844331979751587, 0.3053879141807556, 0.7517815232276917),
            ["LeftUpperArm"] = CFrame.new(-1.1920928955078125e-07, 1.1920928955078125e-07, 5.587935447692871e-09, 0.8986785411834717, 0.3708314895629883, 0.23422446846961975, -0.372799277305603, 0.927152693271637, -0.037531059235334396, -0.23107948899269104, -0.053590402007102966, 0.9714578986167908),
            ["RightLowerArm"] = CFrame.new(-1.4901161193847656e-07, -2.384185791015625e-07, -5.960464477539063e-08, 1, -2.0954763257918785e-08, 3.352760202801619e-08, 1.1175872671742582e-08, 0.9999867081642151, -0.005155437625944614, -1.862645326866641e-08, 0.0051554408855736256, 0.9999867081642151),
            ["LeftHand"] = CFrame.new(1.7136335372924805e-07, 5.960464477539063e-08, -8.940696716308594e-08, 0.8442415595054626, 0.3076992928981781, -0.4388367533683777, -0.37066972255706787, 0.9265984892845154, -0.06339742243289948, 0.3871177136898041, 0.21618612110614777, 0.8963276147842407),
            ["RightUpperLeg"] = CFrame.new(-5.960464477539063e-08, 8.381903171539307e-08, 1.3671524357050657e-08, 0.9979420900344849, 0.042523667216300964, 0.047993406653404236, 0.002749084495007992, 0.7194089293479919, -0.6945813894271851, -0.06406305730342865, 0.6932838559150696, 0.7178115844726562),
            ["LeftUpperLeg"] = CFrame.new(2.9802322387695312e-08, -3.474997356534004e-08, 3.725290298461914e-09, 0.45884081721305847, -0.09930744767189026, 0.8829514980316162, -0.06590790301561356, 0.9871927499771118, 0.14528179168701172, -0.8860707879066467, -0.12485473603010178, 0.4464190602302551),
            ["RightLowerLeg"] = CFrame.new(-1.6763806343078613e-08, 0, 2.7772330213338137e-08, 1, -1.2246891856193542e-07, -6.519260864479293e-08, 1.2293459406009788e-07, 0.5959978103637695, 0.8029859066009521, -6.33299421792799e-08, -0.8029860854148865, 0.5959981083869934),
            ["RightFoot"] = CFrame.new(-2.9802322387695312e-08, 2.980232238769531e-07, -1.0411895345896482e-08, 0.993897020816803, 0.06655651330947876, -0.08797123283147812, -0.04170696437358856, 0.96500563621521, 0.25889113545417786, 0.10212366282939911, -0.2536422610282898, 0.9618921875953674),
            ["LeftLowerLeg"] = CFrame.new(3.725290298461914e-08, 5.960464477539063e-08, -1.4901161193847656e-08, 1, 7.450580596923828e-09, 4.842879164357328e-08, -3.352760913344355e-08, 0.950062096118927, 0.3120611608028412, 4.00468671557519e-08, -0.3120609223842621, 0.9500621557235718),
        }},
        {Time = 0.100, Data = {
            ["LeftFoot"] = CFrame.new(1.210719347000122e-08, 5.960464477539063e-08, -3.725290298461914e-08, 0.9668651819229126, -0.049794867634773254, -0.250384122133255, -0.03451380878686905, 0.9462911486625671, -0.3214685618877411, 0.25294381380081177, 0.3194584548473358, 0.9132173657417297),
            ["LeftLowerArm"] = CFrame.new(2.086162567138672e-07, -2.384185791015625e-07, -1.862645149230957e-09, 1, 2.4214381610931923e-08, 2.2351745343485163e-08, -3.725291186640334e-09, 0.9999867677688599, -0.005158142652362585, 2.305023905080361e-08, 0.005158137995749712, 0.9999867677688599),
            ["LowerTorso"] = CFrame.new(-0.054293736815452576, -0.08014702796936035, 0.10501407086849213, 0.9982829093933105, 0.03924689441919327, 0.04348490387201309, -0.03905873745679855, 0.9992236495018005, -0.0051683844067156315, -0.043653979897499084, 0.003461045678704977, 0.9990407228469849),
            ["Head"] = CFrame.new(9.313225746154785e-10, 0, 9.080395102500916e-09, 0.9950029850006104, -0.011091561056673527, -0.09922782331705093, 0.018517443910241127, 0.9970691800117493, 0.0742318406701088, 0.09811365604400635, -0.07569826394319534, 0.9922921061515808),
            ["RightUpperArm"] = CFrame.new(0, -1.1920928955078125e-07, 1.4901161193847656e-08, 0.7869980335235596, -0.33709916472435, -0.5167189836502075, 0.2788248062133789, 0.9414554834365845, -0.1895211637020111, 0.5503551363945007, 0.005078695248812437, 0.8349151611328125),
            ["UpperTorso"] = CFrame.new(3.725290298461914e-09, -5.960464477539063e-08, -3.3760443329811096e-09, 0.9983206391334534, -0.03011559695005417, 0.049486979842185974, 0.027210483327507973, 0.9979244470596313, 0.05836479365825653, -0.05114196613430977, -0.05692019686102867, 0.9970681071281433),
            ["HumanoidRootPart"] = CFrame.new(0, 0, 0, 1, 0, 0, 0, 1, 0, 0, 0, 1),
            ["RightHand"] = CFrame.new(7.450580596923828e-08, 1.7881393432617188e-07, -2.9802322387695312e-08, 0.7214341163635254, -0.298300564289093, 0.6249397397041321, 0.4322471022605896, 0.8990459442138672, -0.06984958052635193, -0.5410131812095642, 0.32052022218704224, 0.7775418758392334),
            ["LeftUpperArm"] = CFrame.new(-1.1920928955078125e-07, -2.384185791015625e-07, -2.2351741790771484e-08, 0.9107660055160522, 0.3801475465297699, 0.16122421622276306, -0.3760354220867157, 0.9248805046081543, -0.056509263813495636, -0.17059500515460968, -0.009159311652183533, 0.9852986931800842),
            ["RightLowerArm"] = CFrame.new(5.960464477539063e-08, -1.7881393432617188e-07, -1.4901161193847656e-08, 1, -2.561136858147961e-09, 4.470348358154297e-08, -6.938354601970786e-08, 0.9999867677688599, -0.005158064886927605, 5.5879368687783426e-08, 0.005158080719411373, 0.9999867081642151),
            ["LeftHand"] = CFrame.new(-2.4586915969848633e-07, 1.1920928955078125e-07, -1.2293457984924316e-07, 0.8591845035552979, 0.2645435929298401, -0.43797144293785095, -0.329264760017395, 0.9410503506660461, -0.07751736789941788, 0.39164629578590393, 0.2108103632926941, 0.8956406116485596),
            ["RightUpperLeg"] = CFrame.new(5.960464477539063e-08, -1.5622936189174652e-07, 1.0986695997416973e-09, 0.9987578988075256, -0.020916225388646126, -0.045224010944366455, -0.01194548886269331, 0.7806439399719238, -0.6248620748519897, 0.048373591154813766, 0.6246260404586792, 0.7794243097305298),
            ["LeftUpperLeg"] = CFrame.new(-5.960464477539063e-08, -9.837094694375992e-09, -1.0244548320770264e-08, 0.6167395710945129, -0.09490974247455597, 0.7814247608184814, -0.02979268506169319, 0.9891790747642517, 0.1436568796634674, -0.7866033315658569, -0.1118796095252037, 0.6072381734848022),
            ["RightLowerLeg"] = CFrame.new(-2.8870999813079834e-08, 4.172325134277344e-07, 7.154449122026563e-08, 1, -1.0442455788961524e-07, -4.726463131987657e-08, 1.1269001731761819e-07, 0.6729148626327515, 0.7397196292877197, -5.075707321111622e-08, -0.7397198677062988, 0.6729152202606201),
            ["RightFoot"] = CFrame.new(-1.1641532182693481e-10, 2.980232238769531e-07, 1.1474185157567263e-08, 0.9961637854576111, 0.06279794871807098, -0.060943618416786194, -0.04398585855960846, 0.9613873362541199, 0.2716608941555023, 0.07565020024776459, -0.26793813705444336, 0.9604614973068237),
            ["LeftLowerLeg"] = CFrame.new(2.60770320892334e-08, 1.1920928955078125e-07, -2.9802322387695312e-08, 1, -2.2351747119842003e-08, 8.940698137394065e-08, -1.4901161193847656e-08, 0.9769049882888794, 0.21367445588111877, 1.30385160446167e-08, -0.21367444097995758, 0.9769049286842346),
        }},
        {Time = 0.133, Data = {
            ["LeftFoot"] = CFrame.new(2.8870999813079834e-08, 5.960464477539063e-08, -2.9802322387695312e-08, 0.9735862612724304, -0.020192574709653854, -0.22742515802383423, -0.04294237494468689, 0.9621108174324036, -0.2692558169364929, 0.2242453396320343, 0.27191001176834106, 0.9358307719230652),
            ["LeftLowerArm"] = CFrame.new(2.086162567138672e-07, -2.384185791015625e-07, 0, 1, 4.190952651583757e-08, -5.5879341154252415e-09, -1.862645149230957e-09, 0.9999867677688599, -0.005157014820724726, -1.4901161193847656e-08, 0.005157028790563345, 0.9999867081642151),
            ["LowerTorso"] = CFrame.new(-0.04683103412389755, -0.03978931903839111, 0.10414806008338928, 0.9858178496360779, -0.009049132466316223, 0.16757477819919586, 0.010380806401371956, 0.9999211430549622, -0.007072465494275093, -0.16749756038188934, 0.008711726404726505, 0.985834002494812),
            ["Head"] = CFrame.new(-2.3283064365386963e-09, -1.1920928955078125e-07, -4.6566128730773926e-09, 0.9872368574142456, 0.0044798944145441055, -0.15919628739356995, 0.00991505291312933, 0.9959363341331482, 0.08951345086097717, 0.15895035862922668, -0.08994932472705841, 0.983180582523346),
            ["RightUpperArm"] = CFrame.new(-1.1920928955078125e-07, -3.5762786865234375e-07, -1.4901161193847656e-08, 0.7813713550567627, -0.3146069049835205, -0.5389633774757385, 0.27572640776634216, 0.9488032460212708, -0.15410186350345612, 0.5598514676094055, -0.028195707127451897, 0.8281130194664001),
            ["UpperTorso"] = CFrame.new(9.313225746154785e-09, -5.960464477539063e-08, -6.51925802230835e-09, 0.9998586177825928, -0.007428579032421112, -0.01508854329586029, 0.008247168734669685, 0.9984559416770935, 0.05493513494729996, 0.014657184481620789, -0.055051811039447784, 0.9983759522438049),
            ["HumanoidRootPart"] = CFrame.new(0, 0, 0, 1, 0, 0, 0, 1, 0, 0, 0, 1),
            ["RightHand"] = CFrame.new(2.2351741790771484e-08, 5.960464477539063e-08, 2.2351741790771484e-08, 0.7554565072059631, -0.2845127582550049, 0.5902016758918762, 0.4350845515727997, 0.891356885433197, -0.12721902132034302, -0.48988476395606995, 0.3528960347175598, 0.7971683144569397),
            ["LeftUpperArm"] = CFrame.new(0, -7.152557373046875e-07, 1.4901161193847656e-08, 0.9145245552062988, 0.39601466059684753, 0.08256720751523972, -0.38746780157089233, 0.9161641597747803, -0.10252798348665237, -0.1162477433681488, 0.06177216023206711, 0.9912974834442139),
            ["RightLowerArm"] = CFrame.new(-5.960464477539063e-08, -2.980232238769531e-07, 1.1920928955078125e-07, 1, -8.009374852235851e-08, -2.9802318834981634e-08, 1.303851426825986e-08, 0.9999867081642151, -0.005157934036105871, -3.725289943190546e-08, 0.0051579256542027, 0.9999867677688599),
            ["LeftHand"] = CFrame.new(-1.341104507446289e-07, -5.960464477539063e-08, -1.4901161193847656e-08, 0.8649351000785828, 0.2328910529613495, -0.4445774555206299, -0.30616751313209534, 0.9467419385910034, -0.09970631450414658, 0.3976793587207794, 0.2223547101020813, 0.8901739120483398),
            ["RightUpperLeg"] = CFrame.new(-5.960464477539063e-08, 2.865272108465433e-08, 1.3205863069742918e-08, 0.9915016293525696, -0.03131115436553955, -0.12627023458480835, -0.040394581854343414, 0.848533570766449, -0.5275975465774536, 0.12366426736116409, 0.5282143950462341, 0.8400575518608093),
            ["LeftUpperLeg"] = CFrame.new(1.1920928955078125e-07, 2.1408777683973312e-07, -1.4901161193847656e-08, 0.7254106402397156, -0.0496722050011158, 0.6865218877792358, -0.03258631378412247, 0.9937960505485535, 0.10633673518896103, -0.6875446438789368, -0.09950902312994003, 0.7192915678024292),
            ["RightLowerLeg"] = CFrame.new(4.470348358154297e-08, 5.960464477539063e-08, 1.1939846444875002e-08, 1, -9.452924132347107e-08, -2.5844210327363726e-08, 9.685754776000977e-08, 0.777565062046051, 0.6288024187088013, -3.725290298461914e-08, -0.6288025975227356, 0.7775652408599854),
            ["RightFoot"] = CFrame.new(-9.313225746154785e-10, 2.384185791015625e-07, -1.6931153368204832e-08, 0.9974803328514099, 0.0628165602684021, -0.03297149017453194, -0.04905401170253754, 0.9464437961578369, 0.3191205859184265, 0.051251694560050964, -0.31669923663139343, 0.9471403956413269),
            ["LeftLowerLeg"] = CFrame.new(2.7939677238464355e-08, 2.384185791015625e-07, -1.4901161193847656e-08, 1, 2.0489096641540527e-08, 2.5611379683709856e-08, -3.7252898543727042e-09, 0.9861154556274414, 0.16606180369853973, 2.584419789286585e-08, -0.16606172919273376, 0.9861153960227966),
        }},
        {Time = 0.167, Data = {
            ["LeftFoot"] = CFrame.new(8.731149137020111e-08, -5.960464477539063e-08, -7.450580596923828e-09, 0.9784941077232361, -0.0020905283745378256, -0.20626448094844818, -0.05694437026977539, 0.9583535194396973, -0.27985018491744995, 0.1982593685388565, 0.2855772376060486, 0.9376241564750671),
            ["LeftLowerArm"] = CFrame.new(-8.940696716308594e-08, 0, 0, 1, 1.862645504502325e-08, -1.8626444386882213e-08, 1.955777406692505e-08, 0.9999867081642151, -0.005154075101017952, -3.3527612686157227e-08, 0.0051540895365178585, 0.9999867677688599),
            ["LowerTorso"] = CFrame.new(-0.04121214896440506, -0.014903426170349121, 0.10327589511871338, 0.965451717376709, -0.054790012538433075, 0.2547568082809448, 0.05891009420156479, 0.9982265830039978, -0.00856504961848259, -0.2538357377052307, 0.02327689342200756, 0.9669672250747681),
            ["Head"] = CFrame.new(-9.313225746154785e-09, -1.1920928955078125e-07, -1.1175870895385742e-08, 0.9808992743492126, 0.039060670882463455, -0.19055433571338654, -0.01696692407131195, 0.9930778741836548, 0.11622650176286697, 0.19377514719963074, -0.1107732504606247, 0.9747720956802368),
            ["RightUpperArm"] = CFrame.new(-5.960464477539063e-08, 4.76837158203125e-07, -1.4901161193847656e-08, 0.788607120513916, -0.2812189757823944, -0.5468223690986633, 0.2570939362049103, 0.9586254954338074, -0.12222892791032791, 0.5585709810256958, -0.04419410601258278, 0.8282785415649414),
            ["UpperTorso"] = CFrame.new(0, -8.940696716308594e-08, 3.725290298461914e-09, 0.9975461959838867, -0.002266752300783992, -0.06997537612915039, 0.005907410755753517, 0.9986367225646973, 0.05186466872692108, 0.06976241618394852, -0.052150774747133255, 0.9961996078491211),
            ["HumanoidRootPart"] = CFrame.new(0, 0, 0, 1, 0, 0, 0, 1, 0, 0, 0, 1),
            ["RightHand"] = CFrame.new(-1.4528632164001465e-07, -2.980232238769531e-07, -2.9802322387695312e-08, 0.7888786792755127, -0.24748662114143372, 0.5625132918357849, 0.39664292335510254, 0.9041957259178162, -0.158443883061409, -0.46940919756889343, 0.3481098711490631, 0.8114643096923828),
            ["LeftUpperArm"] = CFrame.new(5.960464477539063e-08, 1.1920928955078125e-07, 0, 0.9043196439743042, 0.4261648654937744, 0.024279972538352013, -0.41727086901664734, 0.8945680856704712, -0.16010329127311707, -0.08995051681995392, 0.134653240442276, 0.9868016242980957),
            ["RightLowerArm"] = CFrame.new(1.1920928955078125e-07, -1.7881393432617188e-07, 2.2351741790771484e-08, 1, 5.122274604474342e-09, -3.725289943190546e-08, -6.05359762317903e-09, 0.9999867677688599, -0.00515706418082118, -8.195639367158947e-08, 0.005157086532562971, 0.9999867081642151),
            ["LeftHand"] = CFrame.new(1.4901161193847656e-08, -4.76837158203125e-07, 0, 0.8604388236999512, 0.24166876077651978, -0.4485992193222046, -0.3104229271411896, 0.9467573165893555, -0.0853729099035263, 0.4040824770927429, 0.21271349489688873, 0.8896461129188538),
            ["RightUpperLeg"] = CFrame.new(-5.960464477539063e-08, -1.7246929928660393e-07, -1.845910446718335e-08, 0.9873687624931335, -0.0057062976993620396, -0.15833641588687897, -0.06480874121189117, 0.897376298904419, -0.4364811182022095, 0.1445779949426651, 0.44122928380966187, 0.8856714367866516),
            ["LeftUpperLeg"] = CFrame.new(1.1920928955078125e-07, -1.4435499906539917e-08, 0, 0.7957442402839661, 0.032206952571868896, 0.6047759056091309, -0.054228607565164566, 0.9983629584312439, 0.01818503625690937, -0.6032001972198486, -0.047266826033592224, 0.7961881160736084),
            ["RightLowerLeg"] = CFrame.new(-5.587935447692871e-09, 2.384185791015625e-07, 5.420588422566652e-09, 1, -7.872586849089203e-08, -2.5320344931856198e-08, 7.776544208581981e-08, 0.8600578904151917, 0.5101964473724365, -2.374872920540838e-08, -0.5101966261863708, 0.8600579500198364),
            ["RightFoot"] = CFrame.new(-2.9336661100387573e-08, 3.5762786865234375e-07, 2.7772330213338137e-08, 0.9969988465309143, 0.07429942488670349, -0.02174845151603222, -0.06062977388501167, 0.9240504503250122, 0.3774316906929016, 0.04813965782523155, -0.3749805688858032, 0.9257820248603821),
            ["LeftLowerLeg"] = CFrame.new(5.2386894822120667e-08, -5.960464477539063e-08, -2.2351741790771484e-08, 1, 9.546060830700753e-09, 1.6239939171214246e-08, -1.816079020500183e-08, 0.9707084894180298, 0.24026048183441162, -5.471520125865936e-09, -0.24026061594486237, 0.9707085490226746),
        }},
        {Time = 0.200, Data = {
            ["LeftFoot"] = CFrame.new(1.9674189388751984e-08, -5.960464477539063e-08, 1.4901161193847656e-08, 0.980044424533844, 0.00642465939745307, -0.1986749768257141, -0.061976876109838486, 0.9595314264297485, -0.27469706535339355, 0.18887004256248474, 0.2815285921096802, 0.9407815933227539),
            ["LeftLowerArm"] = CFrame.new(-3.2782554626464844e-07, -5.960464477539063e-08, 2.9802322387695312e-08, 1, -5.960462345910855e-08, 0, 4.563480615615845e-08, 0.9910804629325867, -0.1332646608352661, 0, 0.13326461613178253, 0.9910805225372314),
            ["LowerTorso"] = CFrame.new(-0.03755621612071991, 0.0023250579833984375, 0.10231843590736389, 0.9473953247070312, -0.08235839754343033, 0.30928829312324524, 0.08971285820007324, 0.9959213733673096, -0.00960609782487154, -0.3072356581687927, 0.036847908049821854, 0.9509198069572449),
            ["Head"] = CFrame.new(-2.0489096641540527e-08, -2.384185791015625e-07, -7.450580596923828e-09, 0.9767789244651794, 0.06780363619327545, -0.2032380998134613, -0.038016222417354584, 0.9884001016616821, 0.1470377892255783, 0.21085023880004883, -0.1358969807624817, 0.9680259823799133),
            ["RightUpperArm"] = CFrame.new(-1.7881393432617188e-07, -9.5367431640625e-07, -3.725290298461914e-08, 0.8045932054519653, -0.2516648471355438, -0.5378610491752625, 0.23881950974464417, 0.9664127230644226, -0.09493056684732437, 0.5436865091323853, -0.052071139216423035, 0.8376716375350952),
            ["UpperTorso"] = CFrame.new(-3.725290298461914e-09, -1.1920928955078125e-07, 3.725290298461914e-09, 0.9938197135925293, -0.007498304359614849, -0.11075273901224136, 0.01270819641649723, 0.9988416433334351, 0.04641005024313927, 0.11027645319700241, -0.04753068462014198, 0.9927638173103333),
            ["HumanoidRootPart"] = CFrame.new(0, 0, 0, 1, 0, 0, 0, 1, 0, 0, 0, 1),
            ["RightHand"] = CFrame.new(-4.842877388000488e-08, 5.960464477539063e-08, 0, 0.8204753994941711, -0.20077578723430634, 0.5352658033370972, 0.3428855836391449, 0.922020673751831, -0.1797422468662262, -0.4574381709098816, 0.33100906014442444, 0.8253383040428162),
            ["LeftUpperArm"] = CFrame.new(1.7881393432617188e-07, -2.384185791015625e-07, 0, 0.8927807211875916, 0.4496251940727234, 0.027922380715608597, -0.43897947669029236, 0.8822162747383118, -0.17026901245117188, -0.10119085758924484, 0.1397557109594345, 0.9850019216537476),
            ["RightLowerArm"] = CFrame.new(-2.384185791015625e-07, -2.980232238769531e-07, -4.470348358154297e-08, 1, 1.0419168638975407e-08, -3.725290298461914e-08, -6.495975668485698e-08, 0.9999867081642151, -0.005154655314981937, -3.725290742551124e-09, 0.0051546646282076836, 0.9999867081642151),
            ["LeftHand"] = CFrame.new(3.948807716369629e-07, -4.76837158203125e-07, 8.940696716308594e-08, 0.84512859582901, 0.2504015862941742, -0.4722893238067627, -0.2770563066005707, 0.9607572555541992, 0.013607297092676163, 0.4571625292301178, 0.11935081332921982, 0.8813385367393494),
            ["RightUpperLeg"] = CFrame.new(0, 1.3993121683597565e-07, 1.1343217920511961e-08, 0.9877586364746094, 0.019317038357257843, -0.15478985011577606, -0.07593131810426712, 0.9263482093811035, -0.368935763835907, 0.1362624615430832, 0.3761727809906006, 0.9164750576019287),
            ["LeftUpperLeg"] = CFrame.new(8.940696716308594e-08, -4.0046870708465576e-08, -9.313225746154785e-09, 0.8315555453300476, 0.07340574264526367, 0.5505696535110474, -0.0737638920545578, 0.9970434904098511, -0.02152308262884617, -0.5505217909812927, -0.02271454967558384, 0.8345117568969727),
            ["RightLowerLeg"] = CFrame.new(6.51925802230835e-09, 2.980232238769531e-07, -1.3205863069742918e-08, 1, -7.287599856908855e-08, 3.3469416127474005e-09, 6.705522537231445e-08, 0.9125083684921265, 0.40905800461769104, -8.847564458847046e-09, -0.409058153629303, 0.9125084280967712),
            ["RightFoot"] = CFrame.new(3.4924596548080444e-08, 2.384185791015625e-07, 1.5665136743336916e-08, 0.9960126876831055, 0.08691390603780746, -0.020115558058023453, -0.06970331072807312, 0.8989001512527466, 0.43257370591163635, 0.05567857250571251, -0.4294469356536865, 0.9013742804527283),
            ["LeftLowerLeg"] = CFrame.new(-1.862645149230957e-09, 5.960464477539063e-08, -6.51925802230835e-08, 1, 3.539026494081554e-08, -2.0721929061551236e-08, -2.2817399525365545e-08, 0.9649739265441895, 0.2623460292816162, 6.445042544100943e-08, -0.2623460590839386, 0.9649739265441895),
        }},
        {Time = 0.233, Data = {
            ["LeftFoot"] = CFrame.new(6.402842700481415e-08, 0, 7.450580596923828e-09, 0.9781786799430847, 0.007948228158056736, -0.20761342346668243, -0.06448300182819366, 0.9615360498428345, -0.2670026123523712, 0.19750581681728363, 0.2745639383792877, 0.941066563129425),
            ["LeftLowerArm"] = CFrame.new(-8.940696716308594e-08, -1.1920928955078125e-07, 8.940696716308594e-08, 1, -1.0430811414607888e-07, 5.960462345910855e-08, 9.313225746154785e-09, 0.985460638999939, -0.16990375518798828, 2.9802322387695312e-08, 0.1699037402868271, 0.985460638999939),
            ["LowerTorso"] = CFrame.new(-0.03548711538314819, 0.012029409408569336, 0.10142843425273895, 0.9368155598640442, -0.09573259949684143, 0.33646970987319946, 0.10521148145198822, 0.9943995475769043, -0.010007713921368122, -0.33362728357315063, 0.04477585852146149, 0.9416411519050598),
            ["Head"] = CFrame.new(4.284083843231201e-08, -1.1920928955078125e-07, 1.1175870895385742e-08, 0.9742271304130554, 0.08557239174842834, -0.20870763063430786, -0.04864567145705223, 0.9831801652908325, 0.17604131996631622, 0.22026143968105316, -0.16135142743587494, 0.9620034694671631),
            ["RightUpperArm"] = CFrame.new(1.1920928955078125e-07, -5.960464477539062e-07, -1.862645149230957e-08, 0.8113200664520264, -0.2104760706424713, -0.5453987717628479, 0.2205181121826172, 0.974204957485199, -0.0479208342730999, 0.5414162278175354, -0.08139123022556305, 0.8368057012557983),
            ["UpperTorso"] = CFrame.new(-1.1175870895385742e-08, -1.4901161193847656e-07, 0, 0.9912986159324646, -0.012643977999687195, -0.13102416694164276, 0.017750585451722145, 0.9991247057914734, 0.03788026049733162, 0.13043054938316345, -0.03987640514969826, 0.990655243396759),
            ["HumanoidRootPart"] = CFrame.new(0, 0, 0, 1, 0, 0, 0, 1, 0, 0, 0, 1),
            ["RightHand"] = CFrame.new(5.960464477539063e-08, 1.1920928955078125e-07, 5.960464477539063e-08, 0.8342447280883789, -0.1678055077791214, 0.5252402424812317, 0.29555150866508484, 0.9402540326118469, -0.16903197765350342, -0.4654945135116577, 0.29624953866004944, 0.8339969515800476),
            ["LeftUpperArm"] = CFrame.new(0, 0, -1.862645149230957e-08, 0.885116696357727, 0.46483176946640015, 0.022364802658557892, -0.4514303207397461, 0.8692871332168579, -0.20137116312980652, -0.11304516345262527, 0.16814078390598297, 0.9792596697807312),
            ["RightLowerArm"] = CFrame.new(-8.940696716308594e-08, -8.940696716308594e-07, -1.4901161193847656e-08, 1, -3.818422555923462e-08, 3.725290298461914e-09, 9.31322685637781e-10, 0.9986551403999329, -0.051845502108335495, -3.725290742551124e-09, 0.051845483481884, 0.9986552000045776),
            ["LeftHand"] = CFrame.new(1.7881393432617188e-07, -2.384185791015625e-07, 5.960464477539063e-08, 0.8365274667739868, 0.25693008303642273, -0.48395147919654846, -0.26015278697013855, 0.963582456111908, 0.06188333034515381, 0.48222655057907104, 0.07413435727357864, 0.8729041218757629),
            ["RightUpperLeg"] = CFrame.new(-1.1920928955078125e-07, -2.498272806406021e-07, 3.9282895158976316e-08, 0.9885672330856323, 0.03225346654653549, -0.1472911387681961, -0.08118164539337158, 0.9370334148406982, -0.33967354893684387, 0.1270611584186554, 0.3477473855018616, 0.9289388656616211),
            ["LeftUpperLeg"] = CFrame.new(0, -2.2444874048233032e-07, -2.9802322387695312e-08, 0.8410166501998901, 0.09234265983104706, 0.5330703258514404, -0.08636302500963211, 0.9956054091453552, -0.03621312975883484, -0.5340716242790222, -0.015581727959215641, 0.8452956080436707),
            ["RightLowerLeg"] = CFrame.new(4.6566128730773926e-08, 4.76837158203125e-07, -6.535992724820971e-08, 1, -5.1688413549300094e-08, -1.748049172078936e-08, 5.4016709327697754e-08, 0.9329019784927368, 0.36013028025627136, -9.313225746154785e-09, -0.3601304888725281, 0.9329020380973816),
            ["RightFoot"] = CFrame.new(-2.514570951461792e-08, 4.172325134277344e-07, 2.8005160856992006e-08, 0.9951769709587097, 0.09549594670534134, -0.022435758262872696, -0.07367577403783798, 0.8786283135414124, 0.4717884063720703, 0.0647665336728096, -0.4678601026535034, 0.8814263939857483),
            ["LeftLowerLeg"] = CFrame.new(9.313225746154785e-09, -1.7881393432617188e-07, 4.7497451305389404e-08, 1, -1.0710208719899583e-08, 8.079225466417483e-08, -2.3457683795413686e-08, 0.964690089225769, 0.2633877396583557, -7.438938354198399e-08, -0.26338765025138855, 0.964690089225769),
        }},
        {Time = 0.267, Data = {
            ["LeftFoot"] = CFrame.new(3.213062882423401e-08, 5.960464477539063e-08, 7.450580596923828e-09, 0.9772894382476807, 0.007692776620388031, -0.21176938712596893, -0.06714018434286118, 0.959096372127533, -0.2750025689601898, 0.20099177956581116, 0.2829751968383789, 0.9378312230110168),
            ["LeftLowerArm"] = CFrame.new(1.1920928955078125e-07, -4.76837158203125e-07, -1.1920928955078125e-07, 1, -5.960465188081798e-08, -2.9802308176840597e-08, 1.862645149230957e-09, 0.9746580123901367, -0.22370007634162903, -7.450580596923828e-09, 0.22370022535324097, 0.9746580123901367),
            ["LowerTorso"] = CFrame.new(-0.03498636186122894, 0.011712074279785156, 0.10052194446325302, 0.9340757727622986, -0.09894804656505585, 0.34309154748916626, 0.10899587720632553, 0.9939911365509033, -0.010075789876282215, -0.34003299474716187, 0.04680711776018143, 0.9392479062080383),
            ["Head"] = CFrame.new(-6.705522537231445e-08, -1.1920928955078125e-07, 3.725290298461914e-09, 0.9737127423286438, 0.09396068751811981, -0.20749692618846893, -0.051381584256887436, 0.978080689907074, 0.20178738236427307, 0.2219088077545166, -0.18582135438919067, 0.9571974873542786),
            ["RightUpperArm"] = CFrame.new(0, 0, 3.725290298461914e-09, 0.8251855969429016, -0.199224591255188, -0.5285624265670776, 0.20435841381549835, 0.9776462912559509, -0.049450311809778214, 0.5265988111495972, -0.06721058487892151, 0.8474529981613159),
            ["UpperTorso"] = CFrame.new(-3.725290298461914e-09, -8.940696716308594e-08, -1.862645149230957e-09, 0.9903885126113892, -0.01710667833685875, -0.13725145161151886, 0.021037906408309937, 0.9994074702262878, 0.027243196964263916, 0.13670408725738525, -0.02986884117126465, 0.9901615977287292),
            ["HumanoidRootPart"] = CFrame.new(0, 0, 0, 1, 0, 0, 0, 1, 0, 0, 0, 1),
            ["RightHand"] = CFrame.new(-1.7136335372924805e-07, 5.960464477539063e-08, 8.940696716308594e-08, 0.8479111790657043, -0.14859305322170258, 0.508887767791748, 0.2811408042907715, 0.939852237701416, -0.1940050572156906, -0.4494512677192688, 0.3075680136680603, 0.8386866450309753),
            ["LeftUpperArm"] = CFrame.new(-3.5762786865234375e-07, 1.1920928955078125e-07, -1.909211277961731e-08, 0.8779953122138977, 0.4767835736274719, 0.042447708547115326, -0.45737430453300476, 0.8617856502532959, -0.2193952351808548, -0.14118482172489166, 0.173213392496109, 0.9747123122215271),
            ["RightLowerArm"] = CFrame.new(5.960464477539063e-08, -5.960464477539063e-08, -5.960464477539063e-08, 1, -1.1047816883547057e-07, -5.215402865133001e-08, -4.177854506792755e-08, 0.9999867081642151, -0.005153841804713011, -1.1175869119028903e-08, 0.005153868347406387, 0.9999867081642151),
            ["LeftHand"] = CFrame.new(1.2665987014770508e-07, -5.960464477539063e-08, -1.4901161193847656e-08, 0.8269376754760742, 0.26618334650993347, -0.4952983856201172, -0.24335336685180664, 0.9635063409805298, 0.11151138693094254, 0.5069055557250977, 0.028319653123617172, 0.8615362644195557),
            ["RightUpperLeg"] = CFrame.new(-2.9802322387695312e-08, -1.916196197271347e-07, -2.7772330213338137e-08, 0.9896297454833984, 0.03291564807295799, -0.13982005417346954, -0.08105817437171936, 0.9315680265426636, -0.3544161021709442, 0.1185859739780426, 0.36207419633865356, 0.9245753884315491),
            ["LeftUpperLeg"] = CFrame.new(-5.960464477539063e-08, 5.029141902923584e-08, -1.30385160446167e-08, 0.8421326279640198, 0.10320977121591568, 0.5293018221855164, -0.08999238163232803, 0.9946476817131042, -0.0507681742310524, -0.5317085981369019, -0.004879551474004984, 0.8469133973121643),
