return {
    ["Carlton"] = {
        {Time = 0.000, Data = {
            ["RightFoot"] = CFrame.new(-1.862645149230957e-08, 3.5762786865234375e-07, 1.6952981241047382e-09, 0.9796770811080933, -0.19436629116535187, -0.04954616725444794, 0.19045506417751312, 0.9788854718208313, -0.07423016428947449, 0.06292743235826492, 0.0632852092385292, 0.9960096478462219),
            ["LeftLowerArm"] = CFrame.new(0, 8.344650268554688e-07, -9.685754776000977e-08, 1, -7.450574912581942e-08, 7.450577044210149e-08, 5.215405707303944e-08, -0.36648157238960266, -0.9304254055023193, 1.3969837198146706e-07, 0.9304253458976746, -0.36648157238960266),
            ["RightUpperArm"] = CFrame.new(-5.960464477539063e-08, 1.1920928955078125e-07, 8.940696716308594e-08, 0.7490493059158325, -0.5859991908073425, -0.3090793788433075, 0.555106520652771, 0.809783935546875, -0.1900179088115692, 0.3616378605365753, -0.02923915907740593, 0.931860089302063),
            ["Head"] = CFrame.new(4.284083843231201e-08, 5.960464477539062e-07, 9.220093488693237e-08, 0.4808591902256012, -0.22552146017551422, 0.8472983837127686, 0.06267725676298141, 0.9727246165275574, 0.22333501279354095, -0.8745547533035278, -0.05428631603717804, 0.4818786382675171),
            ["RightHand"] = CFrame.new(4.246830940246582e-07, 0, -3.91155481338501e-08, 0.7199059724807739, -0.38044115900993347, 0.5805168747901917, 0.43362370133399963, 0.8996033072471619, 0.05181204900145531, -0.541946291923523, 0.21442611515522003, 0.8125981688499451),
            ["UpperTorso"] = CFrame.new(-7.497146725654602e-08, 0, -6.612390279769897e-08, 0.9745214581489563, -0.17985446751117706, -0.1340164989233017, 0.18514801561832428, 0.9823105335235596, 0.028040066361427307, 0.12660279870033264, -0.052138522267341614, 0.9905824065208435),
            ["HumanoidRootPart"] = CFrame.new(0, 0, 0, 1, 0, 0, 0, 1, 0, 0, 0, 1),
            ["RightUpperLeg"] = CFrame.new(0, -1.5459954738616943e-07, -6.129994289949536e-08, 0.9009798169136047, -0.3567911684513092, -0.2468509078025818, -0.02224879339337349, 0.5302194952964783, -0.847568690776825, 0.43329039216041565, 0.7691342234611511, 0.4697786271572113),
            ["LeftUpperArm"] = CFrame.new(-1.1920928955078125e-07, -1.1920928955078125e-07, 1.7881393432617188e-07, 0.7422803044319153, 0.6167784333229065, 0.26192399859428406, -0.5925793051719666, 0.7866841554641724, -0.17314137518405914, -0.31284138560295105, -0.02669130451977253, 0.9494303464889526),
            ["RightLowerArm"] = CFrame.new(0, 5.960464477539063e-08, -1.4901161193847656e-07, 1, -4.470347292340193e-08, 8.940695295223122e-08, 1.043081283569336e-07, -0.39581558108329773, -0.9183300137519836, 1.043081283569336e-07, 0.9183300733566284, -0.39581555128097534),
            ["LeftHand"] = CFrame.new(1.7881393432617188e-07, -2.384185791015625e-07, 2.980232238769531e-07, 0.3998456299304962, 0.45536351203918457, -0.795466959476471, -0.7741954922676086, 0.6323637366294861, -0.027157993987202644, 0.49065762758255005, 0.6267057657241821, 0.6053881645202637),
            ["LeftFoot"] = CFrame.new(2.9802322387695312e-08, -5.960464477539063e-08, 1.4901161193847656e-08, 0.9990838766098022, -0.041469231247901917, -0.010571089573204517, 0.03671485558152199, 0.9574859738349915, -0.2861342132091522, 0.021987775340676308, 0.2854838967323303, 0.9581312537193298),
            ["LowerTorso"] = CFrame.new(-0.05174078419804573, -0.18255901336669922, -0.6728410124778748, 0.8509942889213562, 0.13942556083202362, -0.5063292980194092, -0.11330579966306686, 0.9901524186134338, 0.082219198346138, 0.5128066539764404, -0.012598030269145966, 0.8584117293357849),
            ["RightLowerLeg"] = CFrame.new(6.705522537231445e-08, -0.00012242794036865234, -0.0000775141452322714, 1, -1.415610029198433e-07, -1.5459954738616943e-07, 1.7881393432617188e-07, 0.34398412704467773, 0.9389753341674805, -5.960464477539063e-08, -0.9389755129814148, 0.34398460388183594),
            ["LeftUpperLeg"] = CFrame.new(-2.384185791015625e-07, 4.470348358154297e-08, 1.1920928955078125e-07, 0.950563371181488, 0.1966395229101181, 0.24033750593662262, -0.08285076171159744, 0.9065003395080566, -0.41399648785591125, -0.2992742955684662, 0.37361761927604675, 0.8779776692390442),
            ["LeftLowerLeg"] = CFrame.new(5.960464477539063e-08, 0.00012254714965820312, 0.00007756054401397705, 1, 8.195638656616211e-08, 0, -5.960465188081798e-08, 0.580843448638916, 0.8140154480934143, 5.2154071283894154e-08, -0.8140153288841248, 0.5808432698249817),
        }},
        {Time = 0.033, Data = {
            ["RightFoot"] = CFrame.new(3.725290298461914e-08, 4.76837158203125e-07, -2.0656443666666746e-08, 0.9865667819976807, -0.15829668939113617, -0.04035169631242752, 0.16080835461616516, 0.9845476150512695, 0.06933031231164932, 0.02875322289764881, -0.07488781958818436, 0.9967774152755737),
            ["LeftLowerArm"] = CFrame.new(-1.4901161193847656e-07, 3.5762786865234375e-07, 2.086162567138672e-07, 1, -7.450577754752885e-08, 1.5646217832454568e-07, 7.82310962677002e-08, -0.1621757596731186, -0.9867619276046753, 8.195638656616211e-08, 0.9867618680000305, -0.16217581927776337),
            ["RightUpperArm"] = CFrame.new(1.1920928955078125e-07, 2.384185791015625e-07, 4.470348358154297e-08, 0.5649406313896179, -0.7404688596725464, -0.3640715181827545, 0.6599801182746887, 0.670329213142395, -0.3392419219017029, 0.4952457845211029, -0.04862825572490692, 0.8673908710479736),
            ["Head"] = CFrame.new(-3.725290298461914e-08, 0, 4.190951585769653e-08, 0.3901754915714264, -0.20839521288871765, 0.8968470692634583, 0.08926604688167572, 0.9780229330062866, 0.18842220306396484, -0.9164031744003296, 0.006540283560752869, 0.400203138589859),
            ["RightHand"] = CFrame.new(2.9802322387695312e-08, 1.1920928955078125e-07, -1.4901161193847656e-07, 0.6658535599708557, -0.4196191430091858, 0.6168946027755737, 0.5200965404510498, 0.8538860082626343, 0.019450338557362556, -0.5349193811416626, 0.30789363384246826, 0.7868053913116455),
            ["UpperTorso"] = CFrame.new(-5.4016709327697754e-08, -1.1920928955078125e-07, -3.5390257835388184e-08, 0.9696974158287048, -0.22663544118404388, -0.09123251587152481, 0.22932374477386475, 0.9731445908546448, 0.02001088485121727, 0.08424725383520126, -0.040326256304979324, 0.9956285357475281),
            ["HumanoidRootPart"] = CFrame.new(0, 0, 0, 1, 0, 0, 0, 1, 0, 0, 0, 1),
            ["RightUpperLeg"] = CFrame.new(-8.940696716308594e-08, 4.628673195838928e-07, -1.6952981241047382e-09, 0.9057105779647827, -0.36326509714126587, -0.21846425533294678, -0.02377292513847351, 0.471032053232193, -0.8817958235740662, 0.423229455947876, 0.8038452863693237, 0.41798263788223267),
            ["LeftUpperArm"] = CFrame.new(0, 0, 1.043081283569336e-07, 0.5634450912475586, 0.7215155959129333, 0.40242359042167664, -0.6841874122619629, 0.6805403232574463, -0.26220741868019104, -0.46305224299430847, -0.12759365141391754, 0.8770989775657654),
            ["RightLowerArm"] = CFrame.new(5.364418029785156e-07, 3.5762786865234375e-07, 2.384185791015625e-07, 1, -7.078050145992165e-08, 1.303851746570217e-07, 7.450579886381092e-08, -0.2302314192056656, -0.9731359481811523, 1.2665985593685036e-07, 0.9731358885765076, -0.2302314043045044),
            ["LeftHand"] = CFrame.new(-7.450580596923828e-07, -1.1920928955078125e-07, 0, 0.38558924198150635, 0.5076404213905334, -0.7704688310623169, -0.7941558361053467, 0.6077069044113159, 0.0029573000501841307, 0.4697205722332001, 0.6107320785522461, 0.6374707818031311),
            ["LeftFoot"] = CFrame.new(1.4156103134155273e-07, 1.1920928955078125e-07, 6.705522537231445e-08, 0.9791480302810669, -0.19685329496860504, -0.05018103867769241, 0.18852069973945618, 0.9725230932235718, -0.13659702241420746, 0.07569193840026855, 0.1242886483669281, 0.9893549084663391),
            ["LowerTorso"] = CFrame.new(-0.03888552263379097, -0.1393287181854248, -0.6812940239906311, 0.7647131681442261, 0.15017762780189514, -0.6266263723373413, -0.1298745572566986, 0.9884267449378967, 0.07839245349168777, 0.6311469674110413, 0.021435068920254707, 0.7753671407699585),
            ["RightLowerLeg"] = CFrame.new(-1.4901161193847656e-08, -0.00012254714965820312, -0.0000772012208472006, 1, -1.6856932916198275e-07, -6.332992796842518e-08, 1.378357126213814e-07, 0.34758222103118896, 0.9376493692398071, -1.2665984172599565e-07, -0.9376495480537415, 0.34758272767066956),
            ["LeftUpperLeg"] = CFrame.new(-1.1920928955078125e-07, 7.450580596923828e-07, -1.341104507446289e-07, 0.9221444725990295, 0.2216755449771881, 0.31703248620033264, -0.11172831058502197, 0.9372241497039795, -0.330345094203949, -0.3703599274158478, 0.26920434832572937, 0.8890234231948853),
            ["LeftLowerLeg"] = CFrame.new(5.960464477539063e-08, 0.00012254714965820312, 0.0000776052474975586, 1, 2.9802322387695312e-08, -4.470348358154297e-08, -1.266598985694145e-07, 0.6312226057052612, 0.7756018042564392, -2.2351747119842003e-08, -0.7756018042564392, 0.6312224864959717),
        }},
        {Time = 0.067, Data = {
            ["RightFoot"] = CFrame.new(-2.9802322387695312e-08, 2.980232238769531e-07, -5.75528247281909e-09, 0.9500589370727539, -0.30240052938461304, -0.0770852118730545, 0.3087097108364105, 0.9468585848808289, 0.09031707793474197, 0.04567703232169151, -0.10960318893194199, 0.9929254055023193),
            ["LeftLowerArm"] = CFrame.new(2.086162567138672e-07, 7.152557373046875e-07, 2.9802322387695312e-08, 1, -7.729974527137529e-08, 1.1269000310676347e-07, 1.6018749704471702e-07, 0.13372553884983063, -0.9910184741020203, 8.47503613954359e-08, 0.9910184741020203, 0.13372553884983063),
            ["RightUpperArm"] = CFrame.new(-5.960464477539063e-08, 0, 0, 0.41191738843917847, -0.8487299084663391, -0.33163484930992126, 0.6907623410224915, 0.5282031893730164, -0.4938105046749115, 0.594282329082489, -0.025671761482954025, 0.8038467168807983),
            ["Head"] = CFrame.new(2.7939677238464355e-08, 3.5762786865234375e-07, 1.862645149230957e-08, 0.34803953766822815, -0.19150325655937195, 0.9177119135856628, 0.11278325319290161, 0.9803569912910461, 0.16180303692817688, -0.9306710362434387, 0.047188691794872284, 0.36280128359794617),
            ["RightHand"] = CFrame.new(2.384185791015625e-07, 6.556510925292969e-07, 8.940696716308594e-08, 0.5871548056602478, -0.4042870104312897, 0.7012856006622314, 0.5993464589118958, 0.7994426488876343, -0.040931884199380875, -0.5440893769264221, 0.44434624910354614, 0.7117044925689697),
            ["UpperTorso"] = CFrame.new(8.568167686462402e-08, 0, -1.4901161193847656e-08, 0.9640865921974182, -0.25366654992103577, -0.07867839932441711, 0.2549571096897125, 0.96692955493927, 0.006648615933954716, 0.07438993453979492, -0.026469428092241287, 0.9968779683113098),
            ["HumanoidRootPart"] = CFrame.new(0, 0, 0, 1, 0, 0, 0, 1, 0, 0, 0, 1),
            ["RightUpperLeg"] = CFrame.new(2.384185791015625e-07, 1.6205012798309326e-07, 7.281050784513354e-08, 0.7797011733055115, -0.5198130011558533, -0.3490854799747467, -0.1063350960612297, 0.439487487077713, -0.8919326066970825, 0.6170567274093628, 0.7325608134269714, 0.28739434480667114),
            ["LeftUpperArm"] = CFrame.new(-1.1920928955078125e-07, -3.5762786865234375e-07, 8.940696716308594e-08, 0.4021845757961273, 0.7828222513198853, 0.4748019278049469, -0.7171196341514587, 0.5917510986328125, -0.36819860339164734, -0.5691985487937927, -0.19240599870681763, 0.7993703484535217),
            ["RightLowerArm"] = CFrame.new(-5.960464477539063e-08, 3.5762786865234375e-07, 4.470348358154297e-07, 1, -1.0430811414607888e-07, 2.9802315282267955e-08, 2.9802318834981634e-08, 0.11380733549594879, -0.9935029149055481, 7.450579886381092e-08, 0.9935029149055481, 0.11380727589130402),
            ["LeftHand"] = CFrame.new(1.2293457984924316e-07, 0, -2.980232238769531e-07, 0.3652101457118988, 0.5301358699798584, -0.7652304768562317, -0.8217452764511108, 0.5698491334915161, 0.002597510116174817, 0.4374428689479828, 0.627875804901123, 0.6437512040138245),
            ["LeftFoot"] = CFrame.new(5.960464477539063e-08, -2.384185791015625e-07, -1.4901161193847656e-08, 0.9330970644950867, -0.34848031401634216, -0.08883317559957504, 0.3495354652404785, 0.9369151592254639, -0.0038943742401897907, 0.08458602428436279, -0.027416516095399857, 0.9960389733314514),
            ["LowerTorso"] = CFrame.new(-0.0131252221763134, -0.11581635475158691, -0.6907269358634949, 0.7148204445838928, 0.15438078343868256, -0.6820544600486755, -0.14447230100631714, 0.9868884682655334, 0.07196614146232605, 0.6842218041419983, 0.047095127403736115, 0.7277517318725586),
            ["RightLowerLeg"] = CFrame.new(-5.21540641784668e-08, -0.00012218952178955078, -0.00007748806820018217, 1, -1.1548398504146462e-07, -9.685756907629184e-08, 1.1920931797249068e-07, 0.34445443749427795, 0.9388028383255005, -7.4505820180093e-08, -0.9388030767440796, 0.34445518255233765),
            ["LeftUpperLeg"] = CFrame.new(1.1920928955078125e-07, 3.241002559661865e-07, -1.6391277313232422e-07, 0.9463980197906494, 0.22171340882778168, 0.23489195108413696, -0.1497800648212433, 0.9455360770225525, -0.2890114188194275, -0.28617629408836365, 0.23833763599395752, 0.9280615448951721),
            ["LeftLowerLeg"] = CFrame.new(0, 0.00012260675430297852, 0.00007756054401397705, 1, 1.4901159417490817e-08, 0, -1.7136335372924805e-07, 0.6407659649848938, 0.7677361369132996, 1.341104507446289e-07, -0.7677362561225891, 0.6407661437988281),
        }},
        {Time = 0.100, Data = {
            ["RightFoot"] = CFrame.new(2.9802322387695312e-08, 4.76837158203125e-07, 4.639878170564771e-08, 0.8960692882537842, -0.4301588237285614, -0.10965243726968765, 0.44130179286003113, 0.8899512887001038, 0.11506207287311554, 0.04809034243226051, -0.1514931619167328, 0.9872877597808838),
            ["LeftLowerArm"] = CFrame.new(4.470348358154297e-07, 8.940696716308594e-07, -1.1920928955078125e-07, 1, -7.729975237680264e-08, 2.8405331420344737e-08, 5.215407838932151e-08, 0.5265573859214783, -0.8501396775245667, 7.078052988163108e-08, 0.8501396775245667, 0.5265572667121887),
            ["RightUpperArm"] = CFrame.new(-1.1920928955078125e-07, 3.5762786865234375e-07, -1.1175870895385742e-07, 0.292481929063797, -0.925320029258728, -0.24132391810417175, 0.6617843508720398, 0.3780260682106018, -0.6474084854125977, 0.6902868151664734, 0.029651006683707237, 0.7229281067848206),
            ["Head"] = CFrame.new(9.313225746154785e-09, 3.5762786865234375e-07, -2.421438694000244e-08, 0.3497771620750427, -0.1814792901277542, 0.9190871119499207, 0.11824868619441986, 0.9817637205123901, 0.14885324239730835, -0.9293401837348938, 0.056615423411130905, 0.3648582100868225),
            ["RightHand"] = CFrame.new(8.046627044677734e-07, -3.5762786865234375e-07, -2.682209014892578e-07, 0.5868650674819946, -0.4147852659225464, 0.6953723430633545, 0.6620213389396667, 0.7402727603912354, -0.11715012788772583, -0.46617308259010315, 0.5291024446487427, 0.7090368270874023),
            ["UpperTorso"] = CFrame.new(1.3783574104309082e-07, -1.7881393432617188e-07, -3.725290298461914e-09, 0.960523247718811, -0.26339301466941833, -0.08955080807209015, 0.263428270816803, 0.9646088480949402, -0.011638202704489231, 0.089447021484375, -0.01241145096719265, 0.9959142804145813),
            ["HumanoidRootPart"] = CFrame.new(0, 0, 0, 1, 0, 0, 0, 1, 0, 0, 0, 1),
            ["RightUpperLeg"] = CFrame.new(0, 1.5459954738616943e-07, 8.026108844205737e-08, 0.5722730755805969, -0.6892421841621399, -0.4443519413471222, -0.17758770287036896, 0.4248349964618683, -0.8876813054084778, 0.8006036281585693, 0.5869075655937195, 0.12072041630744934),
            ["LeftUpperArm"] = CFrame.new(0, 1.1920928955078125e-07, -4.470348358154297e-08, 0.30991214513778687, 0.8467522263526917, 0.43239468336105347, -0.7422289252281189, 0.4996882379055023, -0.4465511739253998, -0.5941806435585022, -0.18254423141479492, 0.7833435535430908),
            ["RightLowerArm"] = CFrame.new(-4.76837158203125e-07, 5.960464477539063e-08, 5.960464477539062e-07, 1, -1.508742428768528e-07, 3.725290298461914e-08, 1.4901162970204496e-08, 0.5172105431556702, -0.8558582067489624, 8.940698137394065e-08, 0.8558582663536072, 0.5172104835510254),
            ["LeftHand"] = CFrame.new(-7.450580596923828e-08, -3.5762786865234375e-07, 1.7881393432617188e-07, 0.39283910393714905, 0.5996099710464478, -0.6972413063049316, -0.8254038691520691, 0.5641837120056152, 0.020135464146733284, 0.40544551610946655, 0.5675956010818481, 0.7165536880493164),
            ["LeftFoot"] = CFrame.new(1.043081283569336e-07, 5.960464477539063e-08, 1.043081283569336e-07, 0.885809600353241, -0.4496687948703766, -0.11462767422199249, 0.4571446478366852, 0.88804030418396, 0.049021847546100616, 0.079750195145607, -0.09582540392875671, 0.9921982884407043),
            ["LowerTorso"] = CFrame.new(0.015373334288597107, -0.1277942657470703, -0.706319272518158, 0.7062097191810608, 0.15782947838306427, -0.6901867985725403, -0.16018790006637573, 0.9851763248443604, 0.06137993186712265, 0.6896432042121887, 0.06721245497465134, 0.721023440361023),
            ["RightLowerLeg"] = CFrame.new(-1.9371509552001953e-07, -0.00012254714965820312, -0.00007726082549197599, 1, -1.415610029198433e-07, -3.352760558072987e-08, 1.6205014219394798e-07, 0.35063332319259644, 0.9365125894546509, -1.266598843585598e-07, -0.93651282787323, 0.3506339490413666),
            ["LeftUpperLeg"] = CFrame.new(1.7881393432617188e-07, 2.2351741790771484e-07, -7.450580596923828e-08, 0.9733151793479919, 0.20469790697097778, 0.10371307283639908, -0.1736704558134079, 0.9525113701820374, -0.25012141466140747, -0.1499871015548706, 0.22543519735336304, 0.9626436829566956),
            ["LeftLowerLeg"] = CFrame.new(5.960464477539063e-08, 0.0001226663589477539, 0.00007732212543487549, 1, -2.9802311729554276e-08, -1.4901159417490817e-08, -2.9802318834981634e-08, 0.6451922059059143, 0.7640203833580017, 1.0430811414607888e-07, -0.7640202641487122, 0.6451922059059143),
        }},
        {Time = 0.133, Data = {
            ["RightFoot"] = CFrame.new(0, 1.7881393432617188e-07, 8.365168469026685e-08, 0.9299528002738953, -0.3562856614589691, -0.09082166850566864, 0.3670128881931305, 0.8846407532691956, 0.2875978946685791, -0.022123228758573532, -0.3007845878601074, 0.9534353613853455),
            ["LeftLowerArm"] = CFrame.new(-5.066394805908203e-07, 0.0000011324882507324219, 2.980232238769531e-07, 1, -5.215405707303944e-08, 4.284083487959833e-08, 1.1175870895385742e-08, 0.834134578704834, -0.5515609383583069, 1.4901161193847656e-08, 0.5515609383583069, 0.834134578704834),
            ["RightUpperArm"] = CFrame.new(0, 0, 3.3527612686157227e-08, 0.2184518277645111, -0.970406711101532, -0.10290545225143433, 0.6062238812446594, 0.21758733689785004, -0.7649498581886292, 0.7647035121917725, 0.10472097992897034, 0.6358161568641663),
            ["Head"] = CFrame.new(7.450580596923828e-09, -2.384185791015625e-07, -1.862645149230957e-08, 0.3746618926525116, -0.20485012233257294, 0.9042482972145081, 0.10265791416168213, 0.9784554839134216, 0.1791262924671173, -0.921460747718811, 0.025716397911310196, 0.3876194953918457),
            ["RightHand"] = CFrame.new(-2.384185791015625e-07, 0, 2.0489096641540527e-07, 0.6054500937461853, -0.4764252305030823, 0.6375337839126587, 0.715627908706665, 0.6764306426048279, -0.17412160336971283, -0.3482915163040161, 0.5616587996482849, 0.7504881620407104),
            ["UpperTorso"] = CFrame.new(4.470348358154297e-08, -4.470348358154297e-07, -2.2351741790771484e-08, 0.9588044881820679, -0.2624902129173279, -0.10859540104866028, 0.2602212131023407, 0.9649210572242737, -0.03481782600283623, 0.11392538249492645, 0.005124678835272789, 0.9934760928153992),
            ["HumanoidRootPart"] = CFrame.new(0, 0, 0, 1, 0, 0, 0, 1, 0, 0, 0, 1),
            ["RightUpperLeg"] = CFrame.new(5.960464477539063e-08, -1.862645149230957e-08, 1.2496457202360034e-07, 0.4375305473804474, -0.7928062677383423, -0.4242931604385376, -0.16048365831375122, 0.39543068408966064, -0.9043668508529663, 0.884766697883606, 0.4637809693813324, 0.04578058794140816),
            ["LeftUpperArm"] = CFrame.new(-2.384185791015625e-07, -5.960464477539062e-07, -2.0116567611694336e-07, 0.28139179944992065, 0.9021550416946411, 0.32700905203819275, -0.7930570840835571, 0.4104978144168854, -0.4500576853752136, -0.5402584075927734, -0.1326943039894104, 0.8309713006019592),
            ["RightLowerArm"] = CFrame.new(0, 4.172325134277344e-07, 1.1920928955078125e-07, 1, -1.1920927533992653e-07, 8.428468589727345e-08, 2.2351738238057806e-08, 0.800807774066925, -0.5989215970039368, -2.9802318834981634e-08, 0.598921537399292, 0.8008077144622803),
            ["LeftHand"] = CFrame.new(8.940696716308594e-08, -2.384185791015625e-07, 0, 0.4770945608615875, 0.6687607765197754, -0.5702102780342102, -0.78841632604599, 0.6123523116111755, 0.058518871665000916, 0.3883046805858612, 0.42164403200149536, 0.8194118738174438),
            ["LeftFoot"] = CFrame.new(-7.450580596923828e-08, -1.7881393432617188e-07, 1.043081283569336e-07, 0.8627069592475891, -0.49003341794013977, -0.1249171644449234, 0.49825847148895264, 0.8658962249755859, 0.04429492726922035, 0.08645940572023392, -0.1004544124007225, 0.9911779761314392),
            ["LowerTorso"] = CFrame.new(0.0462704598903656, -0.17577338218688965, -0.7312402725219727, 0.7167120575904846, 0.15837717056274414, -0.679146945476532, -0.17526313662528992, 0.983519971370697, 0.0443996861577034, 0.6749864816665649, 0.0872076153755188, 0.7326582670211792),
            ["RightLowerLeg"] = CFrame.new(-1.4901161193847656e-07, -0.00012248754501342773, -0.00007761845336062834, 1, -7.078048724906694e-08, -8.195639367158947e-08, 1.1175869474300271e-07, 0.34745627641677856, 0.9376959800720215, -4.470347647611561e-08, -0.9376961588859558, 0.34745705127716064),
            ["LeftUpperLeg"] = CFrame.new(8.940696716308594e-08, 1.043081283569336e-07, 5.21540641784668e-08, 0.98015958070755, 0.1913767158985138, 0.05159548670053482, -0.17677190899848938, 0.9617611169815063, -0.2092067450284958, -0.08965999633073807, 0.19593536853790283, 0.9765093922615051),
            ["LeftLowerLeg"] = CFrame.new(5.960464477539063e-08, 0.00012296438217163086, 0.00007744133472442627, 1, 5.960463766996327e-08, 1.3411047916633834e-07, -5.960463766996327e-08, 0.6442156434059143, 0.7648441791534424, 1.8626448650138627e-07, -0.7648439407348633, 0.6442154049873352),
        }},
        {Time = 0.167, Data = {
            ["RightFoot"] = CFrame.new(1.862645149230957e-08, 4.172325134277344e-07, -6.535992724820971e-08, 0.9987886548042297, -0.047683149576187134, -0.012154769152402878, 0.049191880971193314, 0.9612606763839722, 0.2712165117263794, -0.0012486103223636746, -0.2714853286743164, 0.9624416828155518),
            ["LeftLowerArm"] = CFrame.new(-1.4901161193847656e-07, 4.76837158203125e-07, -4.172325134277344e-07, 1, -7.450579175838357e-08, 1.4901155864777138e-08, 5.960464477539063e-08, 0.8547683358192444, -0.5190096497535706, 1.4901161193847656e-08, 0.5190097689628601, 0.8547683358192444),
            ["RightUpperArm"] = CFrame.new(0, -1.1920928955078125e-07, 7.078051567077637e-08, 0.20347830653190613, -0.9788541793823242, -0.021001705899834633, 0.546358585357666, 0.13132135570049286, -0.8271923065185547, 0.8124586343765259, 0.15684133768081665, 0.5615262985229492),
            ["Head"] = CFrame.new(2.2351741790771484e-08, 1.1920928955078125e-07, 3.725290298461914e-09, 0.40958622097969055, -0.24177852272987366, 0.8796490430831909, 0.06618478149175644, 0.9695748686790466, 0.23567809164524078, -0.9098674654960632, -0.03831108659505844, 0.41312652826309204),
            ["RightHand"] = CFrame.new(-5.960464477539063e-08, 4.76837158203125e-07, 6.705522537231445e-08, 0.6137248873710632, -0.4896601438522339, 0.6193341016769409, 0.7265685796737671, 0.6572301983833313, -0.20036622881889343, -0.30893370509147644, 0.5729584097862244, 0.7591302990913391),
            ["UpperTorso"] = CFrame.new(-8.940696716308594e-08, -2.086162567138672e-07, 1.4901161193847656e-08, 0.9629091620445251, -0.23742470145225525, -0.12820115685462952, 0.2296326756477356, 0.9705590605735779, -0.07269245386123657, 0.14168581366539001, 0.040557049214839935, 0.989080548286438),
            ["HumanoidRootPart"] = CFrame.new(0, 0, 0, 1, 0, 0, 0, 1, 0, 0, 0, 1),
            ["RightUpperLeg"] = CFrame.new(-5.960464477539063e-08, 4.842877388000488e-08, -6.875052349641919e-08, 0.4885213375091553, -0.8108956813812256, -0.32217302918434143, -0.016843928024172783, 0.36039721965789795, -0.9326466917991638, 0.8723894357681274, 0.46104446053504944, 0.16240307688713074),
            ["LeftUpperArm"] = CFrame.new(-1.1920928955078125e-07, 1.1920928955078125e-07, -4.842877388000488e-08, 0.27474451065063477, 0.8973017334938049, 0.34549248218536377, -0.6897408366203308, 0.4342687726020813, -0.5793690085411072, -0.669905424118042, -0.07912181317806244, 0.7382184863090515),
            ["RightLowerArm"] = CFrame.new(-5.960464477539062e-07, 0, 2.980232238769531e-07, 1, -5.960462345910855e-08, 6.332993507385254e-08, 3.725290298461914e-08, 0.8558605313301086, -0.5172066688537598, 0, 0.5172066688537598, 0.8558605313301086),
            ["LeftHand"] = CFrame.new(-5.960464477539062e-07, 0, 1.7881393432617188e-07, 0.5199589729309082, 0.691128134727478, -0.5019807815551758, -0.7699010372161865, 0.6337346434593201, 0.07505223155021667, 0.3699933886528015, 0.3474513292312622, 0.8616162538528442),
            ["LeftFoot"] = CFrame.new(-2.9802322387695312e-08, -5.960464477539063e-08, 2.9802322387695312e-08, 0.8904323577880859, -0.4410124123096466, -0.1124211847782135, 0.44113942980766296, 0.897087574005127, -0.025100652128458023, 0.11192113161087036, -0.027242660522460938, 0.9933435916900635),
            ["LowerTorso"] = CFrame.new(0.08629632741212845, -0.24036192893981934, -0.7479125261306763, 0.74072265625, 0.150490403175354, -0.6547386050224304, -0.16419628262519836, 0.9855846166610718, 0.04077524319291115, 0.6514365077018738, 0.0773024931550026, 0.754754900932312),
            ["RightLowerLeg"] = CFrame.new(-1.4901161193847656e-08, -0.00012230873107910156, -0.00007723847375018522, 1, -1.2293453721667902e-07, -1.1548402767402877e-07, 1.862645149230957e-07, 0.23955795168876648, 0.970881998538971, -7.82310962677002e-08, -0.9708820581436157, 0.23955824971199036),
            ["LeftUpperLeg"] = CFrame.new(-1.1920928955078125e-07, 2.2724270820617676e-07, -3.0547380447387695e-07, 0.9755726456642151, 0.21193702518939972, 0.05780090391635895, -0.1966763287782669, 0.9598610997200012, -0.19996263086795807, -0.09786027669906616, 0.18370991945266724, 0.978097140789032),
            ["LeftLowerLeg"] = CFrame.new(1.7881393432617188e-07, 0.0001227259635925293, 0.00007735192775726318, 1, 0, 1.3411040811206476e-07, 1.4901159417490817e-08, 0.6299161314964294, 0.7766631245613098, 1.1920927533992653e-07, -0.7766632437705994, 0.6299161314964294),
        }},
        {Time = 0.200, Data = {
            ["RightFoot"] = CFrame.new(3.079185262322426e-08, 2.384185791015625e-07, 2.4047039914876223e-08, 0.9931986927986145, 0.11282394826412201, 0.028760017827153206, -0.11630833148956299, 0.9727750420570374, 0.20045246183872223, -0.005361754912883043, -0.20243433117866516, 0.9792812466621399),
            ["LeftLowerArm"] = CFrame.new(5.960464477539063e-08, 5.364418029785156e-07, -1.1920928955078125e-07, 1, -4.097817907222634e-08, -3.5390254282674505e-08, 7.450580596923828e-08, 0.6865845918655396, -0.7270499467849731, 1.4901161193847656e-08, 0.7270499467849731, 0.6865846514701843),
            ["RightUpperArm"] = CFrame.new(1.1920928955078125e-07, 0, -2.8870999813079834e-08, 0.26008251309394836, -0.9648200273513794, -0.03846148028969765, 0.5227514505386353, 0.17418240010738373, -0.8345006704330444, 0.8118423819541931, 0.196933314204216, 0.5496630072593689),
            ["Head"] = CFrame.new(-1.862645149230957e-08, -3.5762786865234375e-07, -3.3527612686157227e-08, 0.4304395616054535, -0.2374585121870041, 0.8708245754241943, 0.03164315223693848, 0.9681516885757446, 0.24835701286792755, -0.9020646214485168, -0.07934702187776566, 0.42424464225769043),
            ["RightHand"] = CFrame.new(2.980232238769531e-07, 1.7881393432617188e-07, -3.2782554626464844e-07, 0.6320912837982178, -0.46381184458732605, 0.620756983757019, 0.7061042189598083, 0.6747226715087891, -0.2148633450269699, -0.3191826343536377, 0.5741322636604309, 0.7539858222007751),
            ["UpperTorso"] = CFrame.new(-1.043081283569336e-07, -4.172325134277344e-07, -5.21540641784668e-08, 0.9730949401855469, -0.1957150548696518, -0.12158049643039703, 0.18428900837898254, 0.9778611063957214, -0.09912288188934326, 0.13828882575035095, 0.07405002415180206, 0.9876198172569275),
            ["HumanoidRootPart"] = CFrame.new(0, 0, 0, 1, 0, 0, 0, 1, 0, 0, 0, 1),
            ["RightUpperLeg"] = CFrame.new(-8.940696716308594e-08, -2.0302832126617432e-07, -2.6991619961336255e-07, 0.5485683083534241, -0.7711567878723145, -0.3230937719345093, 0.021664395928382874, 0.399407297372818, -0.9165177345275879, 0.8358250856399536, 0.4957732558250427, 0.23580867052078247),
            ["LeftUpperArm"] = CFrame.new(5.960464477539063e-08, -4.76837158203125e-07, -5.21540641784668e-08, 0.3133368194103241, 0.8529695868492126, 0.41744834184646606, -0.577189564704895, 0.5201290249824524, -0.6295378804206848, -0.7541036009788513, -0.043689366430044174, 0.6553007960319519),
            ["RightLowerArm"] = CFrame.new(2.384185791015625e-07, 1.1920928955078125e-07, -1.4901161193847656e-07, 1, -7.450577754752885e-08, 5.960463766996327e-08, 3.725289943190546e-08, 0.7366235852241516, -0.6763030886650085, 2.9802318834981634e-08, 0.6763030886650085, 0.7366235852241516),
            ["LeftHand"] = CFrame.new(2.384185791015625e-07, -3.5762786865234375e-07, 1.7881393432617188e-07, 0.46907827258110046, 0.706636369228363, -0.5297459363937378, -0.819416880607605, 0.5719770193099976, 0.03739367052912712, 0.3294263184070587, 0.4165421724319458, 0.847331702709198),
            ["LeftFoot"] = CFrame.new(-1.043081283569336e-07, 0, 0, 0.9212984442710876, -0.37680622935295105, -0.09605392068624496, 0.36579570174217224, 0.9236055016517639, -0.1146581619977951, 0.131919726729393, 0.0704982727766037, 0.9887503385543823),
            ["LowerTorso"] = CFrame.new(0.12754279375076294, -0.2803952693939209, -0.7377569079399109, 0.7452858090400696, 0.12880507111549377, -0.6541852951049805, -0.12397545576095581, 0.9908232092857361, 0.053846970200538635, 0.6551177501678467, 0.04097151383757591, 0.7544151544570923),
            ["RightLowerLeg"] = CFrame.new(2.0954757928848267e-09, -0.00012248754501342773, -0.00007754953549010679, 1, -1.301523013808037e-07, -1.0407536166212594e-07, 1.356238925609432e-07, 0.1972154825925827, 0.980360209941864, -1.229346224818073e-07, -0.9803601503372192, 0.19721579551696777),
            ["LeftUpperLeg"] = CFrame.new(-2.384185791015625e-07, -3.725290298461914e-08, -2.2351741790771484e-07, 0.9548159241676331, 0.2780543267726898, 0.1049397811293602, -0.24946945905685425, 0.9417619705200195, -0.22549846768379211, -0.16152891516685486, 0.18913035094738007, 0.9685753583908081),
            ["LeftLowerLeg"] = CFrame.new(-2.9802322387695312e-08, 0.00012296438217163086, 0.00007745623588562012, 1, 1.7881397695873602e-07, 1.0430815677864302e-07, -2.0861632776814076e-07, 0.607426106929779, 0.7943760752677917, 1.0430816388407038e-07, -0.7943761348724365, 0.6074262857437134),
        }},
        {Time = 0.233, Data = {
            ["RightFoot"] = CFrame.new(-1.862645149230957e-09, 4.76837158203125e-07, 1.3953103916719556e-07, 0.9996948838233948, 0.023938249796628952, 0.006102282088249922, -0.02469060942530632, 0.9762296676635742, 0.2153278887271881, -0.0008027964504435658, -0.21541278064250946, 0.9765227437019348),
            ["LeftLowerArm"] = CFrame.new(3.8743019104003906e-07, 0.0000010132789611816406, 2.682209014892578e-07, 1, -8.568164844291459e-08, 1.6763802790364934e-08, 1.0430811414607888e-07, 0.4484529197216034, -0.893806517124176, 5.960463766996327e-08, 0.8938065767288208, 0.4484528601169586),
            ["RightUpperArm"] = CFrame.new(0, -1.1920928955078125e-07, -1.7695128917694092e-08, 0.3925189971923828, -0.9136673212051392, -0.10555100440979004, 0.4968177080154419, 0.3072039484977722, -0.8116636276245117, 0.774016261100769, 0.2661537528038025, 0.5745094418525696),
            ["Head"] = CFrame.new(-2.2351741790771484e-08, -2.384185791015625e-07, 8.195638656616211e-08, 0.399527370929718, -0.1984802931547165, 0.8949769139289856, 0.014955163933336735, 0.9775614738464355, 0.21011902391910553, -0.9165993332862854, -0.07056374847888947, 0.3935307264328003),
            ["RightHand"] = CFrame.new(1.7881393432617188e-07, -5.960464477539063e-08, -3.8743019104003906e-07, 0.6895618438720703, -0.39425626397132874, 0.6075084805488586, 0.63848477602005, 0.7268580198287964, -0.2530110478401184, -0.3418213129043579, 0.562351644039154, 0.7529401779174805),
            ["UpperTorso"] = CFrame.new(-4.470348358154297e-08, -3.5762786865234375e-07, 1.043081283569336e-07, 0.9780645966529846, -0.18369542062282562, -0.09821241348981857, 0.17502379417419434, 0.9803788065910339, -0.09068647772073746, 0.11294408142566681, 0.07150768488645554, 0.9910249710083008),
            ["HumanoidRootPart"] = CFrame.new(0, 0, 0, 1, 0, 0, 0, 1, 0, 0, 0, 1),
            ["RightUpperLeg"] = CFrame.new(-8.940696716308594e-08, 9.592622518539429e-08, 1.3241515262052417e-07, 0.5762810707092285, -0.7251283526420593, -0.3769465982913971, -0.034355610609054565, 0.43933454155921936, -0.8976663947105408, 0.8165290951728821, 0.5302584171295166, 0.22826795279979706),
            ["LeftUpperArm"] = CFrame.new(5.960464477539063e-08, 0, 1.2665987014770508e-07, 0.3763183355331421, 0.8122100234031677, 0.44575732946395874, -0.6227238178253174, 0.5779761075973511, -0.5274075269699097, -0.6860026121139526, -0.07911061495542526, 0.723285436630249),
            ["RightLowerArm"] = CFrame.new(1.7881393432617188e-07, 1.7881393432617188e-07, 0, 1, -1.303851746570217e-07, -4.4703494239684005e-08, 1.0430815677864302e-07, 0.48425421118736267, -0.8749273419380188, -2.980232949312267e-08, 0.8749274611473083, 0.48425424098968506),
            ["LeftHand"] = CFrame.new(-5.960464477539063e-08, 2.384185791015625e-07, 2.384185791015625e-07, 0.49120423197746277, 0.6554775834083557, -0.57364422082901, -0.8033655881881714, 0.5954385995864868, -0.007530522532761097, 0.33663374185562134, 0.46454504132270813, 0.8190701007843018),
            ["LeftFoot"] = CFrame.new(1.9371509552001953e-07, -5.960464477539063e-08, 5.960464477539063e-08, 0.9444030523300171, -0.31860166788101196, -0.08121658861637115, 0.313017338514328, 0.9468258023262024, -0.07443757355213165, 0.10061388462781906, 0.04487691447138786, 0.993912935256958),
            ["LowerTorso"] = CFrame.new(0.1551099419593811, -0.2627432346343994, -0.7091990113258362, 0.7163814902305603, 0.11547630280256271, -0.6880863308906555, -0.10553228110074997, 0.9927957653999329, 0.056741438806056976, 0.6896814703941345, 0.03196679800748825, 0.723406970500946),
            ["RightLowerLeg"] = CFrame.new(-5.587935447692871e-08, -0.0001226663589477539, -0.0000777488385210745, 1, -1.3783566998881724e-07, -1.3411047916633834e-07, 1.508742428768528e-07, 0.2235916256904602, 0.9746828675270081, -1.1175869474300271e-07, -0.9746829271316528, 0.22359226644039154),
            ["LeftUpperLeg"] = CFrame.new(0, 5.476176738739014e-07, -6.705522537231445e-08, 0.9440097212791443, 0.30686888098716736, 0.1211489588022232, -0.2681073546409607, 0.9275471568107605, -0.2603361904621124, -0.19226063787937164, 0.21327896416187286, 0.9578872919082642),
            ["LeftLowerLeg"] = CFrame.new(5.960464477539063e-08, 0.00012224912643432617, 0.00007747113704681396, 1, -4.470347647611561e-08, 1.1920927533992653e-07, -1.4901161193847656e-08, 0.5818154811859131, 0.8133207559585571, 8.940696716308594e-08, -0.8133207559585571, 0.5818156003952026),
        }},
        {Time = 0.267, Data = {
            ["RightFoot"] = CFrame.new(1.4901161193847656e-08, 4.76837158203125e-07, -3.55576048605144e-08, 0.9943077564239502, -0.10324467718601227, -0.026318103075027466, 0.10653450340032578, 0.9597310423851013, 0.2599359452724457, -0.0015787752345204353, -0.2612603008747101, 0.9652671217918396),
            ["LeftLowerArm"] = CFrame.new(6.556510925292969e-07, 7.748603820800781e-07, -2.086162567138672e-07, 1, -7.078048724906694e-08, 9.872017869838601e-08, 1.0803343286625022e-07, 0.1212199479341507, -0.9926256537437439, 7.264316792543468e-08, 0.9926256537437439, 0.12121997773647308),
            ["RightUpperArm"] = CFrame.new(-1.7881393432617188e-07, -1.1920928955078125e-07, -7.078051567077637e-08, 0.5807746648788452, -0.797724723815918, -0.1622840315103531, 0.4829851984977722, 0.4981310963630676, -0.7201324701309204, 0.6553062200546265, 0.3398539423942566, 0.6745911240577698),
            ["Head"] = CFrame.new(-6.705522537231445e-08, 0, -9.313225746154785e-08, 0.35463210940361023, -0.16957910358905792, 0.9194994568824768, -0.006760408636182547, 0.9829248189926147, 0.1838836520910263, -0.9349815845489502, -0.07142723351716995, 0.3474302291870117),
            ["RightHand"] = CFrame.new(5.960464477539063e-08, 6.556510925292969e-07, -1.7881393432617188e-07, 0.7659451961517334, -0.34201565384864807, 0.5443835258483887, 0.5584664344787598, 0.7734432816505432, -0.29983457922935486, -0.31850162148475647, 0.53367680311203, 0.7834192514419556),
            ["UpperTorso"] = CFrame.new(-4.470348358154297e-08, -3.2782554626464844e-07, 2.60770320892334e-08, 0.9764256477355957, -0.19832488894462585, -0.08520736545324326, 0.19421572983264923, 0.9794628024101257, -0.054157283157110214, 0.09419827908277512, 0.03633192926645279, 0.9948903918266296),
            ["HumanoidRootPart"] = CFrame.new(0, 0, 0, 1, 0, 0, 0, 1, 0, 0, 0, 1),
            ["RightUpperLeg"] = CFrame.new(-5.960464477539063e-08, -5.587935447692871e-09, -8.365168469026685e-08, 0.5928698182106018, -0.6794610619544983, -0.432247519493103, -0.05920819938182831, 0.49852362275123596, -0.8648519515991211, 0.8031187057495117, 0.5383371710777283, 0.2553299069404602),
            ["LeftUpperArm"] = CFrame.new(-1.1920928955078125e-07, -1.1920928955078125e-07, 1.4901161193847656e-08, 0.4729533791542053, 0.7531640529632568, 0.4572298526763916, -0.654621958732605, 0.6477105617523193, -0.38979655504226685, -0.5897333025932312, -0.11495708674192429, 0.7993744611740112),
            ["RightLowerArm"] = CFrame.new(1.1920928955078125e-07, 1.1920928955078125e-07, 6.258487701416016e-07, 1, -1.1175868053214799e-07, 4.470348358154297e-08, 5.960465188081798e-08, 0.12016879767179489, -0.9927535057067871, 1.1175872316471214e-07, 0.9927535057067871, 0.12016870081424713),
            ["LeftHand"] = CFrame.new(3.725290298461914e-08, 4.76837158203125e-07, 0, 0.5270000100135803, 0.6123712658882141, -0.5892981886863708, -0.8065916895866394, 0.5788374543190002, -0.11982102692127228, 0.2677329480648041, 0.5384687781333923, 0.7989809513092041),
            ["LeftFoot"] = CFrame.new(-1.1920928955078125e-07, 1.1920928955078125e-07, -1.4901161193847656e-08, 0.975595235824585, -0.212772399187088, -0.054239049553871155, 0.21676713228225708, 0.9726554155349731, 0.08338771760463715, 0.0350133553147316, -0.09310995042324066, 0.9950400590896606),
            ["LowerTorso"] = CFrame.new(0.18316549062728882, -0.21109890937805176, -0.676275372505188, 0.6903406381607056, 0.09560854732990265, -0.7171393632888794, -0.10828704386949539, 0.9937184453010559, 0.028241422027349472, 0.7153347134590149, 0.0581606887280941, 0.6963573694229126),
            ["RightLowerLeg"] = CFrame.new(-1.4901161193847656e-08, -0.00012248754501342773, -0.0000774955187807791, 1, -1.1548395661975519e-07, -9.685756907629184e-08, 1.4156104555240745e-07, 0.288993239402771, 0.9573310613632202, -7.450581307466564e-08, -0.957331120967865, 0.28899362683296204),
