return {
    ["Carolina Step"] = {
        {Time = 0.000, Data = {
            ["RightFoot"] = CFrame.new(2.60770320892334e-08, 2.384185791015625e-07, 3.149762051180005e-08, 0.9812076091766357, 0.1324164867401123, -0.14034852385520935, -0.17027442157268524, 0.936355710029602, -0.3069923222064972, 0.09076500684022903, 0.32512131333351135, 0.9413065314292908),
            ["LeftLowerArm"] = CFrame.new(-6.258487701416016e-07, -0.0000016689300537109375, 0.0000021457672119140625, 1, -7.636842269675981e-08, 1.0617068824103626e-07, 7.4505820180093e-08, -0.22173276543617249, -0.9751074314117432, 2.980232949312267e-08, 0.9751074314117432, -0.22173278033733368),
            ["RightUpperArm"] = CFrame.new(-2.980232238769531e-07, 0.0000022649765014648438, -7.897615432739258e-07, 0.5974915623664856, -0.33799055218696594, 0.7271630764007568, 0.22798630595207214, 0.9410070776939392, 0.25005605816841125, -0.7687821388244629, 0.016376834362745285, 0.6393010020256042),
            ["Head"] = CFrame.new(-1.8067657947540283e-07, 8.344650268554688e-07, -7.450580596923828e-09, 0.9107310771942139, -0.04143019765615463, 0.4109165370464325, 0.008895352482795715, 0.9966927170753479, 0.08077531307935715, -0.4129040837287903, -0.06990934908390045, 0.9080875515937805),
            ["RightHand"] = CFrame.new(-8.791685104370117e-07, 4.76837158203125e-07, -0.000001496635377407074, 0.9056481122970581, 0.1593281328678131, -0.3929579555988312, -0.14346687495708466, 0.9872031211853027, 0.06962262839078903, 0.3990221619606018, -0.0066771795973181725, 0.9169170260429382),
            ["UpperTorso"] = CFrame.new(1.1175870895385742e-08, 0.0000031888484954833984, -1.7508864402770996e-07, 0.9923949837684631, 0.0532241053879261, -0.11099252104759216, -0.05132632702589035, 0.9984839558601379, 0.019888123497366905, 0.11188305169343948, -0.014040051028132439, 0.9936223030090332),
            ["HumanoidRootPart"] = CFrame.new(0, 0, 0, 1, 0, 0, 0, 1, 0, 0, 0, 1),
            ["RightUpperLeg"] = CFrame.new(2.980232238769531e-07, -0.0000012461096048355103, 8.77116690389812e-08, 0.9222869277000427, -0.20915021002292633, -0.3250279724597931, 0.11005379259586334, 0.9482351541519165, -0.2978900969028473, 0.3705066740512848, 0.23896944522857666, 0.8975625038146973),
            ["LeftUpperArm"] = CFrame.new(1.1920928955078125e-07, -1.1920928955078125e-07, 3.725290298461914e-07, 0.8897126913070679, 0.3053230941295624, -0.3393952548503876, -0.17249338328838348, 0.9131603240966797, 0.36930233240127563, 0.42267873883247375, -0.2700295150279999, 0.8651166558265686),
            ["RightLowerArm"] = CFrame.new(8.344650268554688e-07, -0.0000020265579223632812, 8.940696716308594e-07, 1, -9.313209403671863e-08, 5.774201383701438e-08, 1.1175889369496872e-07, -0.11132842302322388, -0.9937837719917297, 1.3038537360898772e-07, 0.993783712387085, -0.11132843792438507),
            ["LeftHand"] = CFrame.new(3.2782554626464844e-07, -1.7881393432617188e-07, -1.4528632164001465e-07, 0.9648745656013489, -0.1784162074327469, 0.19283339381217957, 0.19666768610477448, 0.9772082567214966, -0.07991266995668411, -0.17418064177036285, 0.11502981185913086, 0.9779720902442932),
            ["LeftFoot"] = CFrame.new(7.450580596923828e-08, 1.1920928955078125e-07, -4.6566128730773926e-08, 0.9630268216133118, -0.26201698184013367, -0.06266265362501144, 0.2446759045124054, 0.9479858875274658, -0.20360884070396423, 0.11275240033864975, 0.18074867129325867, 0.977044939994812),
            ["LowerTorso"] = CFrame.new(-0.12192565947771072, -0.1317903995513916, 0.16899381577968597, 0.8981001973152161, -0.03268827497959137, -0.4385744035243988, 0.04778219386935234, 0.9985832571983337, 0.023419620469212532, 0.43718743324279785, -0.04198921471834183, 0.8983896970748901),
            ["RightLowerLeg"] = CFrame.new(-1.4901161193847656e-08, -0.00012242794036865234, -0.00007735023245913908, 1, -1.1175866632129328e-07, 3.7252898543727042e-09, 7.450579175838357e-08, 0.809666633605957, 0.5868898034095764, 5.215404996761208e-08, -0.5868901014328003, 0.8096668124198914),
            ["LeftUpperLeg"] = CFrame.new(5.960464477539063e-08, 0.000001726904883980751, -3.7997961044311523e-07, 0.9483389258384705, 0.3087995946407318, -0.07277501374483109, -0.30899742245674133, 0.847007691860199, -0.43254831433296204, -0.07192981243133545, 0.43269017338752747, 0.8986689448356628),
            ["LeftLowerLeg"] = CFrame.new(1.9371509552001953e-07, 0.0001221299171447754, 0.00007748603820800781, 1, 8.009369167893965e-08, 3.725290298461914e-09, -5.960465188081798e-08, 0.8048886656761169, 0.593425989151001, 4.4703490686970326e-08, -0.5934258699417114, 0.8048886656761169),
        }},
        {Time = 0.033, Data = {
            ["RightFoot"] = CFrame.new(-2.9802322387695312e-08, 3.5762786865234375e-07, -5.045876605436206e-08, 0.9772043824195862, 0.1313711404800415, -0.1667734831571579, -0.182227224111557, 0.9220792651176453, -0.3414131700992584, 0.10892662405967712, 0.364021360874176, 0.9249992966651917),
            ["LeftLowerArm"] = CFrame.new(-4.172325134277344e-07, -0.0000025033950805664062, 0.000002592802047729492, 1, -1.1548391398719104e-07, 1.0617068824103626e-07, 4.4703490686970326e-08, -0.14564554393291473, -0.9893368482589722, 4.4703490686970326e-08, 0.9893369078636169, -0.14564548432826996),
            ["RightUpperArm"] = CFrame.new(-2.384185791015625e-07, 0.000002384185791015625, -6.705522537231445e-07, 0.6588839888572693, -0.326224684715271, 0.677827000617981, 0.19584092497825623, 0.944389820098877, 0.26414814591407776, -0.7263044714927673, -0.041296735405921936, 0.686131477355957),
            ["Head"] = CFrame.new(-1.862645149230957e-07, 0.0000017881393432617188, 0, 0.9103100299835205, -0.059406593441963196, 0.40964192152023315, 0.028167858719825745, 0.9962440133094788, 0.08188126236200333, -0.4129678010940552, -0.06299860775470734, 0.9085642099380493),
            ["RightHand"] = CFrame.new(-9.825453162193298e-07, 4.76837158203125e-07, -0.0000011902302503585815, 0.9206544756889343, 0.16898100078105927, -0.35191014409065247, -0.16053707897663116, 0.9855911731719971, 0.05327228829264641, 0.3558415472507477, 0.0074492464773356915, 0.9345166683197021),
            ["UpperTorso"] = CFrame.new(-3.3527612686157227e-08, 0.0000023543834686279297, -1.9744038581848145e-07, 0.9889584183692932, 0.05269930884242058, -0.1385062336921692, -0.04643655940890312, 0.9977641105651855, 0.0480676144361496, 0.14072978496551514, -0.04110513627529144, 0.9891944527626038),
            ["HumanoidRootPart"] = CFrame.new(0, 0, 0, 1, 0, 0, 0, 1, 0, 0, 0, 1),
            ["RightUpperLeg"] = CFrame.new(3.5762786865234375e-07, -0.000002332031726837158, 2.0656443666666746e-08, 0.9198120832443237, -0.2178696095943451, -0.32631078362464905, 0.11878754943609238, 0.9472641944885254, -0.2976241111755371, 0.37394553422927856, 0.23499661684036255, 0.8971851468086243),
            ["LeftUpperArm"] = CFrame.new(1.7881393432617188e-07, -3.5762786865234375e-07, 1.9371509552001953e-07, 0.8896281123161316, 0.3102208971977234, -0.33514904975891113, -0.17995698750019073, 0.9126235842704773, 0.36706089973449707, 0.4197348952293396, -0.2662352919578552, 0.8677220344543457),
            ["RightLowerArm"] = CFrame.new(4.76837158203125e-07, -0.0000015497207641601562, 9.238719940185547e-07, 1, -7.823094705372569e-08, 1.0803340444454079e-07, 1.1175889369496872e-07, -0.0767277181148529, -0.9970521330833435, 7.823122416539263e-08, 0.9970520734786987, -0.07672780007123947),
            ["LeftHand"] = CFrame.new(1.7881393432617188e-07, -5.960464477539063e-08, -8.065253496170044e-07, 0.9641433358192444, -0.17328709363937378, 0.20099548995494843, 0.19261586666107178, 0.9779400825500488, -0.08082268387079239, -0.18255598843097687, 0.11663956940174103, 0.9762523770332336),
            ["LeftFoot"] = CFrame.new(1.7136335372924805e-07, 5.960464477539063e-08, 1.4901161193847656e-08, 0.9592424631118774, -0.2640216648578644, -0.10073092579841614, 0.23952384293079376, 0.9488020539283752, -0.2059200257062912, 0.14994119107723236, 0.17339929938316345, 0.9733705520629883),
            ["LowerTorso"] = CFrame.new(-0.11254563182592392, -0.14578485488891602, 0.17174071073532104, 0.9120590090751648, -0.036159832030534744, -0.40846148133277893, 0.04346713051199913, 0.9990177750587463, 0.008618396706879139, 0.40774857997894287, -0.025615135207772255, 0.912734866142273),
            ["RightLowerLeg"] = CFrame.new(0, -0.00012236833572387695, -0.00007740983710391447, 1, -9.685754776000977e-08, -1.0430815677864302e-07, 8.940696716308594e-08, 0.7760725617408752, 0.6306431889533997, -7.078051567077637e-08, -0.6306436061859131, 0.7760729193687439),
            ["LeftUpperLeg"] = CFrame.new(-5.960464477539063e-08, 6.027985364198685e-07, -3.390014171600342e-07, 0.9484533667564392, 0.3076404929161072, -0.07611706852912903, -0.30811524391174316, 0.838909924030304, -0.44865846633911133, -0.07417045533657074, 0.4489850401878357, 0.890455961227417),
            ["LeftLowerLeg"] = CFrame.new(1.7881393432617188e-07, 0.00012195110321044922, 0.0000775754451751709, 1, 0, 3.352760913344355e-08, -3.725290653733282e-08, 0.789145827293396, 0.6142061352729797, 2.980232594040899e-08, -0.6142058372497559, 0.7891455888748169),
        }},
        {Time = 0.067, Data = {
            ["RightFoot"] = CFrame.new(-6.332993507385254e-08, 2.980232238769531e-07, 1.6596459317952394e-08, 0.9663784503936768, 0.12516775727272034, -0.22460149228572845, -0.21012051403522491, 0.8878939151763916, -0.40925970673561096, 0.1481960117816925, 0.4426935315132141, 0.8843420147895813),
            ["LeftLowerArm"] = CFrame.new(-8.940696716308594e-07, -0.0000025033950805664062, 0.000002592802047729492, 1, -1.5273681697181019e-07, 1.005827670041981e-07, 1.1175873737556685e-07, -0.08084368705749512, -0.9967268109321594, 6.705523958316917e-08, 0.9967268109321594, -0.08084367215633392),
            ["RightUpperArm"] = CFrame.new(-4.172325134277344e-07, 0.000002384185791015625, -7.450580596923828e-07, 0.7738741636276245, -0.2971169948577881, 0.5593212246894836, 0.14857149124145508, 0.9436521530151367, 0.2957146167755127, -0.6156665086746216, -0.14574679732322693, 0.7744112014770508),
            ["Head"] = CFrame.new(-1.8673017621040344e-07, 0.0000011920928955078125, 4.0978193283081055e-08, 0.9091336131095886, -0.0880286768078804, 0.4070955812931061, 0.06377334147691727, 0.9953054785728455, 0.07280100136995316, -0.4115932583808899, -0.04022401198744774, 0.910479724407196),
            ["RightHand"] = CFrame.new(-0.0000010337680578231812, 2.980232238769531e-07, -8.530914783477783e-07, 0.9431908130645752, 0.1863688975572586, -0.27505961060523987, -0.1906936913728714, 0.9815859198570251, 0.011185074225068092, 0.27207913994789124, 0.04190240427851677, 0.9613621830940247),
            ["UpperTorso"] = CFrame.new(-2.60770320892334e-08, 0.000003039836883544922, -1.601874828338623e-07, 0.9775026440620422, 0.05602238327264786, -0.20334729552268982, -0.03198646381497383, 0.9923043847084045, 0.11962001025676727, 0.2084839940071106, -0.1104244738817215, 0.9717721343040466),
            ["HumanoidRootPart"] = CFrame.new(0, 0, 0, 1, 0, 0, 0, 1, 0, 0, 0, 1),
            ["RightUpperLeg"] = CFrame.new(2.980232238769531e-07, -0.0000014738179743289948, 9.888753993436694e-08, 0.9124066829681396, -0.22956134378910065, -0.33884507417678833, 0.1335471272468567, 0.9495646357536316, -0.2837115526199341, 0.3868841826915741, 0.21360865235328674, 0.8970461487770081),
            ["LeftUpperArm"] = CFrame.new(1.1920928955078125e-07, -4.76837158203125e-07, 2.086162567138672e-07, 0.8889656066894531, 0.32374143600463867, -0.323931485414505, -0.19978438317775726, 0.910598635673523, 0.36179593205451965, 0.41210001707077026, -0.25690770149230957, 0.8741694092750549),
            ["RightLowerArm"] = CFrame.new(8.940696716308594e-07, -0.0000013113021850585938, 7.897615432739258e-07, 1, -8.940678242197464e-08, 8.940694584680386e-08, 9.685769697398428e-08, 0.013210488483309746, -0.9999127984046936, 7.4505919656076e-08, 0.9999127388000488, 0.013210514560341835),
            ["LeftHand"] = CFrame.new(-1.7881393432617188e-07, -2.384185791015625e-07, -6.407499313354492e-07, 0.9619771242141724, -0.15902073681354523, 0.2220638394355774, 0.1811991035938263, 0.9799184203147888, -0.08322814851999283, -0.20436938107013702, 0.12030129879713058, 0.9714735746383667),
            ["LeftFoot"] = CFrame.new(2.0116567611694336e-07, 5.960464477539063e-08, -4.842877388000488e-08, 0.94718337059021, -0.2702018618583679, -0.17272770404815674, 0.23419319093227386, 0.9507514834403992, -0.20304003357887268, 0.21908313035964966, 0.15186378359794617, 0.9638153314590454),
            ["LowerTorso"] = CFrame.new(-0.08955105394124985, -0.17855167388916016, 0.18246027827262878, 0.9416402578353882, -0.0448312945663929, -0.33362242579460144, 0.0371389240026474, 0.9988775253295898, -0.02940290793776512, 0.3345660865306854, 0.015296579338610172, 0.9422482252120972),
            ["RightLowerLeg"] = CFrame.new(-7.450580596923828e-08, -0.0001226663589477539, -0.00007746944174868986, 1, -1.3411042232291948e-07, -7.450581485102248e-09, 9.685754776000977e-08, 0.7040852308273315, 0.7101150751113892, -4.470348358154297e-08, -0.7101155519485474, 0.7040855884552002),
            ["LeftUpperLeg"] = CFrame.new(-5.960464477539063e-08, 0.000001132648321799934, -3.296881914138794e-07, 0.9485787749290466, 0.29955533146858215, -0.1022985503077507, -0.3108958601951599, 0.8209056854248047, -0.47901690006256104, -0.05951502174139023, 0.48618993163108826, 0.8718243837356567),
            ["LeftLowerLeg"] = CFrame.new(2.980232238769531e-07, 0.00012218952178955078, 0.00007782876491546631, 1, 7.26431323982979e-08, 0, -8.940698137394065e-08, 0.7547920346260071, 0.6559644341468811, 0, -0.6559641361236572, 0.7547918558120728),
        }},
        {Time = 0.100, Data = {
            ["RightFoot"] = CFrame.new(4.0978193283081055e-08, 3.5762786865234375e-07, 1.6596459317952394e-08, 0.9578680992126465, 0.11316876113414764, -0.2639732360839844, -0.2315000295639038, 0.8482053875923157, -0.4763981103897095, 0.16998986899852753, 0.5174366235733032, 0.8386674523353577),
            ["LeftLowerArm"] = CFrame.new(-4.76837158203125e-07, -0.0000019073486328125, 0.000002562999725341797, 1, -1.266597990934315e-07, 8.940689610881236e-08, 5.2154071283894154e-08, -0.02562699466943741, -0.9996716380119324, 2.980232594040899e-08, 0.9996715784072876, -0.025626959279179573),
            ["RightUpperArm"] = CFrame.new(-3.5762786865234375e-07, 0.000002384185791015625, -6.258487701416016e-07, 0.8567609190940857, -0.27884653210639954, 0.43382659554481506, 0.15120133757591248, 0.9400677680969238, 0.3056318461894989, -0.493050754070282, -0.1962583065032959, 0.8475751876831055),
            ["Head"] = CFrame.new(-1.8347054719924927e-07, 0.0000015497207641601562, 1.3969838619232178e-08, 0.9087902903556824, -0.1032649502158165, 0.40427297353744507, 0.09050433337688446, 0.9946094751358032, 0.050606485456228256, -0.40731969475746155, -0.009402338415384293, 0.9132373332977295),
            ["RightHand"] = CFrame.new(-7.223570719361305e-07, 5.364418029785156e-07, -0.0000011101365089416504, 0.9522382020950317, 0.19579052925109863, -0.2343256175518036, -0.21022456884384155, 0.9769129157066345, -0.03803933784365654, 0.221467986702919, 0.08548353612422943, 0.9714136719703674),
            ["UpperTorso"] = CFrame.new(-1.862645149230957e-08, 0.0000028014183044433594, -1.8067657947540283e-07, 0.9584701061248779, 0.07191737741231918, -0.27597668766975403, -0.010817090980708599, 0.9761539697647095, 0.21681025624275208, 0.2849881649017334, -0.20482081174850464, 0.9363921880722046),
            ["HumanoidRootPart"] = CFrame.new(0, 0, 0, 1, 0, 0, 0, 1, 0, 0, 0, 1),
            ["RightUpperLeg"] = CFrame.new(3.5762786865234375e-07, -0.0000014845281839370728, 5.75528247281909e-09, 0.890166699886322, -0.23832637071609497, -0.3883349895477295, 0.14542986452579498, 0.956328272819519, -0.25354787707328796, 0.4318024218082428, 0.16922444105148315, 0.8859512209892273),
            ["LeftUpperArm"] = CFrame.new(1.7881393432617188e-07, -2.384185791015625e-07, 1.4901161193847656e-07, 0.8871361017227173, 0.3436867594718933, -0.30800822377204895, -0.22823667526245117, 0.9067908525466919, 0.3544551134109497, 0.40112048387527466, -0.24415118992328644, 0.8828887939453125),
            ["RightLowerArm"] = CFrame.new(0.0000011324882507324219, -0.000001430511474609375, 9.350478649139404e-07, 1, -7.520415579165274e-08, 6.891788473240013e-08, 9.685773250112106e-08, 0.13945575058460236, -0.9902284145355225, 8.079238966729463e-08, 0.9902282953262329, 0.13945572078227997),
            ["LeftHand"] = CFrame.new(-2.9802322387695312e-08, -1.1920928955078125e-07, -1.043081283569336e-07, 0.9575304388999939, -0.13879549503326416, 0.2527274191379547, 0.1654563993215561, 0.9823377132415771, -0.08738907426595688, -0.23613446950912476, 0.12549304962158203, 0.9635829925537109),
            ["LeftFoot"] = CFrame.new(1.1175870895385742e-07, 5.960464477539063e-08, -2.9802322387695312e-08, 0.9306281208992004, -0.2844080626964569, -0.23031167685985565, 0.24490569531917572, 0.9516265392303467, -0.1855488121509552, 0.27194246649742126, 0.11627160757780075, 0.9552634954452515),
            ["LowerTorso"] = CFrame.new(-0.05803815275430679, -0.21860551834106445, 0.20530635118484497, 0.9695297479629517, -0.056097615510225296, -0.2384641468524933, 0.037985578179359436, 0.9960801601409912, -0.07988444715738297, 0.242010697722435, 0.06839215010404587, 0.9678602814674377),
            ["RightLowerLeg"] = CFrame.new(-1.4156103134155273e-07, -0.00012242794036865234, -0.00007743963942630216, 1, -1.5646214990283625e-07, -8.195640788244418e-08, 1.6391278734317893e-07, 0.6273850202560425, 0.7787085771560669, 7.823110337312755e-08, -0.7787092328071594, 0.6273857951164246),
            ["LeftUpperLeg"] = CFrame.new(-1.1920928955078125e-07, 0.0000010137446224689484, -2.905726432800293e-07, 0.9454550743103027, 0.2808072865009308, -0.16511231660842896, -0.32563552260398865, 0.8011248111724854, -0.502155601978302, -0.00873373169451952, 0.5285323858261108, 0.8488685488700867),
            ["LeftLowerLeg"] = CFrame.new(2.086162567138672e-07, 0.00012189149856567383, 0.00007759034633636475, 1, 4.749742998910733e-08, 2.2351738238057806e-08, -8.195637946073475e-08, 0.719786524772644, 0.6941957473754883, -1.4901159417490817e-08, -0.6941953897476196, 0.7197862863540649),
        }},
        {Time = 0.133, Data = {
            ["RightFoot"] = CFrame.new(9.685754776000977e-08, 2.980232238769531e-07, 4.639878170564771e-08, 0.9608789682388306, 0.09595389664173126, -0.25981661677360535, -0.22499573230743408, 0.8174768090248108, -0.5301961898803711, 0.16151951253414154, 0.5679125785827637, 0.8070857524871826),
            ["LeftLowerArm"] = CFrame.new(-4.172325134277344e-07, -0.0000016689300537109375, 0.000002652406692504883, 1, -5.2154039309471045e-08, 8.940688189795765e-08, 7.450579175838357e-08, 0.021996241062879562, -0.9997580647468567, 8.195636524988004e-08, 0.9997581243515015, 0.021996261551976204),
            ["RightUpperArm"] = CFrame.new(-2.980232238769531e-07, 0.0000030994415283203125, -8.046627044677734e-07, 0.8920872807502747, -0.28971484303474426, 0.3467645049095154, 0.20440638065338135, 0.9431395530700684, 0.26211798191070557, -0.4029867947101593, -0.16295121610164642, 0.9005823135375977),
            ["Head"] = CFrame.new(-2.39349901676178e-07, 0.000001430511474609375, 2.2351741790771484e-08, 0.9091309309005737, -0.10690387338399887, 0.4025574028491974, 0.10837434232234955, 0.9939248561859131, 0.019197193905711174, -0.4021640717983246, 0.026174014434218407, 0.915193498134613),
            ["RightHand"] = CFrame.new(-9.723007678985596e-07, 3.5762786865234375e-07, -0.0000011846423149108887, 0.9534620642662048, 0.15255184471607208, -0.2600732147693634, -0.18466661870479584, 0.9773098826408386, -0.10374842584133148, 0.2383451610803604, 0.14694705605506897, 0.9599990844726562),
            ["UpperTorso"] = CFrame.new(-1.862645149230957e-08, 0.000003039836883544922, -1.8440186977386475e-07, 0.9398097991943359, 0.09830978512763977, -0.3272504210472107, 0.012788943015038967, 0.9469267129898071, 0.32119542360305786, 0.341458797454834, -0.3060477077960968, 0.8886735439300537),
            ["HumanoidRootPart"] = CFrame.new(0, 0, 0, 1, 0, 0, 0, 1, 0, 0, 0, 1),
            ["RightUpperLeg"] = CFrame.new(2.384185791015625e-07, -0.0000020042061805725098, 1.4917895896360278e-07, 0.8488519191741943, -0.24563254415988922, -0.4680976867675781, 0.1537647694349289, 0.9619309902191162, -0.22593191266059875, 0.5057736039161682, 0.11980585753917694, 0.8543063998222351),
            ["LeftUpperArm"] = CFrame.new(5.960464477539063e-08, -2.384185791015625e-07, 2.682209014892578e-07, 0.8834906220436096, 0.368028461933136, -0.28982651233673096, -0.2616899013519287, 0.9008997678756714, 0.3462629020214081, 0.38853922486305237, -0.23007537424564362, 0.892245888710022),
            ["RightLowerArm"] = CFrame.new(7.152557373046875e-07, -0.0000015497207641601562, 0.0000014007091522216797, 1, -7.450567096611849e-08, 5.960465188081798e-08, 7.636857191073432e-08, 0.27863502502441406, -0.9603971838951111, 6.333003454983555e-08, 0.9603971242904663, 0.2786349952220917),
            ["LeftHand"] = CFrame.new(2.9802322387695312e-08, 1.1920928955078125e-07, -6.109476089477539e-07, 0.9501050114631653, -0.11540798842906952, 0.2897956073284149, 0.14798271656036377, 0.9846020936965942, -0.09305936098098755, -0.2745935916900635, 0.13130098581314087, 0.9525536894798279),
            ["LeftFoot"] = CFrame.new(8.195638656616211e-08, 0, -1.4901161193847656e-08, 0.9131967425346375, -0.30709269642829895, -0.26789185404777527, 0.28037920594215393, 0.9505128860473633, -0.13383793830871582, 0.29573532938957214, 0.047109197825193405, 0.9541076421737671),
            ["LowerTorso"] = CFrame.new(-0.02142908051609993, -0.25508809089660645, 0.24470072984695435, 0.9862713813781738, -0.06735869497060776, -0.15077051520347595, 0.047731757164001465, 0.9903373122215271, -0.13020697236061096, 0.1580842137336731, 0.12122286111116409, 0.9799563884735107),
            ["RightLowerLeg"] = CFrame.new(-9.685754776000977e-08, -0.00012230873107910156, -0.00007740983710391447, 1, -1.0430809993522416e-07, -5.96046660916727e-08, 1.266598985694145e-07, 0.5627875328063965, 0.8266014456748962, -8.195640788244418e-08, -0.8266016840934753, 0.5627877116203308),
            ["LeftUpperLeg"] = CFrame.new(-5.960464477539063e-08, 7.729977369308472e-07, -2.3655593395233154e-07, 0.9336708188056946, 0.25889846682548523, -0.24744798243045807, -0.35307466983795166, 0.7811399102210999, -0.5149351358413696, 0.05997563153505325, 0.5681478977203369, 0.8207383751869202),
            ["LeftLowerLeg"] = CFrame.new(2.905726432800293e-07, 0.00012236833572387695, 0.00007766485214233398, 1, 6.961633403079759e-08, 1.4901164746561335e-08, -5.2154071283894154e-08, 0.6970281004905701, 0.7170440554618835, -5.2154071283894154e-08, -0.717043936252594, 0.6970279216766357),
        }},
        {Time = 0.167, Data = {
            ["RightFoot"] = CFrame.new(5.21540641784668e-08, 2.980232238769531e-07, 3.149762051180005e-08, 0.9624471068382263, 0.06382134556770325, -0.2638610005378723, -0.2059875875711441, 0.8047716617584229, -0.5566966533660889, 0.17681851983070374, 0.590143620967865, 0.787696897983551),
            ["LeftLowerArm"] = CFrame.new(-3.2782554626464844e-07, -0.0000026226043701171875, 0.0000015497207641601562, 1, -8.940694584680386e-08, 4.470344094897882e-08, 1.043081283569336e-07, 0.06353841722011566, -0.9979794025421143, 1.4901161193847656e-07, 0.9979794025421143, 0.0635385513305664),
            ["RightUpperArm"] = CFrame.new(-3.5762786865234375e-07, 0.00000286102294921875, -7.748603820800781e-07, 0.9026447534561157, -0.31187719106674194, 0.29658907651901245, 0.26471245288848877, 0.9456682205200195, 0.18878300487995148, -0.33935192227363586, -0.09189316630363464, 0.9361603260040283),
            ["Head"] = CFrame.new(-1.62515789270401e-07, 0.0000011920928955078125, -1.3457611203193665e-07, 0.910196840763092, -0.09855508804321289, 0.4022792875766754, 0.11354539543390274, 0.9934408068656921, -0.013522871769964695, -0.39830803871154785, 0.05798528343439102, 0.9154171347618103),
            ["RightHand"] = CFrame.new(-3.7997961044311523e-07, 5.960464477539062e-07, -0.0000011622905731201172, 0.9620522260665894, 0.1162717416882515, -0.24685285985469818, -0.15509715676307678, 0.9773306846618652, -0.14411701261997223, 0.2245001345872879, 0.17693419754505157, 0.9582765698432922),
            ["UpperTorso"] = CFrame.new(-4.6566128730773926e-09, 0.0000032782554626464844, -1.4202669262886047e-07, 0.9272065162658691, 0.12970824539661407, -0.35137417912483215, 0.03278841823339462, 0.9064120650291443, 0.42112016677856445, 0.37311258912086487, -0.4019862711429596, 0.8361782431602478),
            ["HumanoidRootPart"] = CFrame.new(0, 0, 0, 1, 0, 0, 0, 1, 0, 0, 0, 1),
            ["RightUpperLeg"] = CFrame.new(4.172325134277344e-07, -0.0000021122395992279053, 1.314838300459087e-07, 0.8156654834747314, -0.2314651608467102, -0.5302018523216248, 0.14040504395961761, 0.9682753086090088, -0.20671112835407257, 0.561227560043335, 0.09416420757770538, 0.822287380695343),
            ["LeftUpperArm"] = CFrame.new(1.7881393432617188e-07, -3.5762786865234375e-07, 8.940696716308594e-08, 0.8777735829353333, 0.3947870433330536, -0.2713976502418518, -0.2946527898311615, 0.8915680646896362, 0.3439275622367859, 0.37774765491485596, -0.22192241251468658, 0.8989199995994568),
            ["RightLowerArm"] = CFrame.new(5.364418029785156e-07, -0.0000013113021850585938, 0.0000011473894119262695, 1, -8.19562373521876e-08, 4.0978189730367376e-08, 7.450593386693072e-08, 0.4089408814907074, -0.9125608801841736, 3.725296693346536e-08, 0.9125608801841736, 0.4089409112930298),
            ["LeftHand"] = CFrame.new(-4.172325134277344e-07, 0, -5.066394805908203e-07, 0.9396361112594604, -0.09191873669624329, 0.32959818840026855, 0.1315237581729889, 0.9862661361694336, -0.09990406036376953, -0.3158884644508362, 0.13722343742847443, 0.9388206601142883),
            ["LeftFoot"] = CFrame.new(7.82310962677002e-08, 0, 3.026798367500305e-09, 0.8907527923583984, -0.32141226530075073, -0.3213313817977905, 0.33802488446235657, 0.9411272406578064, -0.004335846286267042, 0.30380716919898987, -0.10475588589906693, 0.9469568729400635),
            ["LowerTorso"] = CFrame.new(0.01687878742814064, -0.2754528522491455, 0.30613720417022705, 0.9939859509468079, -0.07601069658994675, -0.07883144915103912, 0.06196032837033272, 0.9839292168617249, -0.1674642562866211, 0.09029363840818405, 0.16157270967960358, 0.9827213883399963),
            ["RightLowerLeg"] = CFrame.new(-5.960464477539063e-08, -0.00012254714965820312, -0.00007756629929644987, 1, -3.7252885221050747e-08, -8.940698137394065e-08, 1.1175869474300271e-07, 0.5278756022453308, 0.8493216633796692, -1.2293456563838845e-07, -0.849321722984314, 0.5278757214546204),
            ["LeftUpperLeg"] = CFrame.new(-1.7881393432617188e-07, 0.0000012032687664031982, -2.2817403078079224e-07, 0.9174559712409973, 0.24656684696674347, -0.31221702694892883, -0.3828722834587097, 0.760441780090332, -0.5245341658592224, 0.1080901026725769, 0.6007770895957947, 0.792076051235199),
            ["LeftLowerLeg"] = CFrame.new(2.7194619178771973e-07, 0.0001221299171447754, 0.00007751584053039551, 1, -2.793965947489596e-09, -2.328307324717116e-08, -7.450579886381092e-08, 0.7146516442298889, 0.6994807720184326, 6.70552182668871e-08, -0.6994805335998535, 0.7146515250205994),
        }},
        {Time = 0.200, Data = {
            ["RightFoot"] = CFrame.new(-4.7497451305389404e-08, 2.980232238769531e-07, 3.149762051180005e-08, 0.9592586755752563, 0.016614176332950592, -0.2820405960083008, -0.17344599962234497, 0.8226442337036133, -0.5414539575576782, 0.22302299737930298, 0.5683135986328125, 0.7920105457305908),
            ["LeftLowerArm"] = CFrame.new(-9.5367431640625e-07, -0.000002086162567138672, 0.000002652406692504883, 1, -1.0430807861894209e-07, 1.043080430918053e-07, 1.1175869474300271e-07, 0.10110968351364136, -0.9948753118515015, 1.639127589214695e-07, 0.9948753118515015, 0.10110966116189957),
            ["RightUpperArm"] = CFrame.new(-2.384185791015625e-07, 0.000002384185791015625, -6.556510925292969e-07, 0.8947299718856812, -0.3339521586894989, 0.2965371310710907, 0.31865257024765015, 0.9425768852233887, 0.1000467836856842, -0.31291985511779785, 0.004977487493306398, 0.9497665166854858),
            ["Head"] = CFrame.new(-1.5273690223693848e-07, 0.0000013113021850585938, 1.601874828338623e-07, 0.9118888974189758, -0.07394083589315414, 0.4037221074104309, 0.10061455518007278, 0.9938969612121582, -0.045228347182273865, -0.3979140520095825, 0.08186320960521698, 0.9137631058692932),
            ["RightHand"] = CFrame.new(-7.208436727523804e-07, 2.980232238769531e-07, -0.0000010728836059570312, 0.9760148525238037, 0.09878848493099213, -0.19399942457675934, -0.13063699007034302, 0.9786124229431152, -0.1589079648256302, 0.1741519421339035, 0.1804400384426117, 0.9680457711219788),
            ["UpperTorso"] = CFrame.new(-3.725290298461914e-08, 0.0000028312206268310547, -2.075103111565113e-07, 0.9274737238883972, 0.15157809853553772, -0.34178438782691956, 0.04341375082731247, 0.8642919063568115, 0.5011137127876282, 0.37135931849479675, -0.47960785031318665, 0.7950273156166077),
            ["HumanoidRootPart"] = CFrame.new(0, 0, 0, 1, 0, 0, 0, 1, 0, 0, 0, 1),
            ["RightUpperLeg"] = CFrame.new(1.1920928955078125e-07, -0.0000016614794731140137, 7.094786269590259e-08, 0.8033526539802551, -0.19331730902194977, -0.5632522702217102, 0.09870587289333344, 0.9759848713874817, -0.19419251382350922, 0.5872663259506226, 0.10040891170501709, 0.8031414747238159),
            ["LeftUpperArm"] = CFrame.new(2.384185791015625e-07, -1.1920928955078125e-07, 3.5762786865234375e-07, 0.8700238466262817, 0.42236030101776123, -0.25430387258529663, -0.32456380128860474, 0.8789570331573486, 0.34941795468330383, 0.3711024224758148, -0.22146406769752502, 0.9017964005470276),
            ["RightLowerArm"] = CFrame.new(7.748603820800781e-07, -0.0000014901161193847656, 8.940696716308594e-07, 1, -8.754416569445311e-08, 3.6321576857289983e-08, 6.239871197522007e-08, 0.5107000470161438, -0.8597589731216431, 3.259633984953325e-08, 0.8597589731216431, 0.5107001066207886),
            ["LeftHand"] = CFrame.new(-8.940696716308594e-08, 2.384185791015625e-07, -3.2782554626464844e-07, 0.9269302487373352, -0.07089466601610184, 0.36847570538520813, 0.11777159571647644, 0.9873347878456116, -0.10630088299512863, -0.35627281665802, 0.14192944765090942, 0.9235397577285767),
            ["LeftFoot"] = CFrame.new(-2.60770320892334e-08, 0, 4.470348358154297e-08, 0.8714708685874939, -0.3104594945907593, -0.37967565655708313, 0.40357068181037903, 0.8938324451446533, 0.19543376564979553, 0.2786920666694641, -0.32354047894477844, 0.904241144657135),
            ["LowerTorso"] = CFrame.new(0.05107519030570984, -0.2605893611907959, 0.3865339457988739, 0.99611896276474, -0.07947073876857758, -0.03783523663878441, 0.07137960940599442, 0.9808850288391113, -0.18102377653121948, 0.051498107612133026, 0.1776205599308014, 0.9827507138252258),
            ["RightLowerLeg"] = CFrame.new(-8.568167686462402e-08, -0.00012248754501342773, -0.00007748434290988371, 1, -1.0430809993522416e-07, -1.396984146140312e-07, 1.1920928955078125e-07, 0.5501985549926758, 0.8350335955619812, -6.332993507385254e-08, -0.8350339531898499, 0.5501989126205444),
            ["LeftUpperLeg"] = CFrame.new(-1.1920928955078125e-07, 8.940696716308594e-07, -2.4959444999694824e-07, 0.9072484374046326, 0.25221288204193115, -0.3365843594074249, -0.40054449439048767, 0.7622419595718384, -0.5084789395332336, 0.12831372022628784, 0.5961341261863708, 0.7925655841827393),
            ["LeftLowerLeg"] = CFrame.new(2.3469328880310059e-07, 0.0001220703125, 0.00007766485214233398, 1, 8.940692453052179e-08, 1.1175870895385742e-08, -4.4703490686970326e-08, 0.7934085130691528, 0.6086896657943726, 2.2351745343485163e-08, -0.608689546585083, 0.7934083938598633),
        }},
        {Time = 0.233, Data = {
            ["RightFoot"] = CFrame.new(6.32135197520256e-08, 4.172325134277344e-07, -5.75528247281909e-09, 0.9533436894416809, -0.03611453250050545, -0.29971981048583984, -0.11296384036540985, 0.87801593542099, -0.46510958671569824, 0.27995556592941284, 0.47726696729660034, 0.8329712748527527),
            ["LeftLowerArm"] = CFrame.new(-1.7881393432617188e-07, -0.0000016689300537109375, 0.000002175569534301758, 1, -5.960464477539063e-08, 1.117586450050112e-07, 1.1175873737556685e-07, 0.13663634657859802, -0.9906213283538818, 1.0430815677864302e-07, 0.9906213283538818, 0.1366363912820816),
            ["RightUpperArm"] = CFrame.new(-4.76837158203125e-07, 0.00000286102294921875, -7.450580596923828e-07, 0.8857676982879639, -0.3286844789981842, 0.32769209146499634, 0.3511326313018799, 0.9362722039222717, -0.010020784102380276, -0.3035152554512024, 0.12393952161073685, 0.9447315335273743),
            ["Head"] = CFrame.new(-1.6763806343078613e-07, 0.000001430511474609375, -1.043081283569336e-07, 0.9129718542098999, -0.031786609441041946, 0.4067825675010681, 0.06707320362329483, 0.9950902462005615, -0.07277931272983551, -0.40247201919555664, 0.09372945129871368, 0.9106212854385376),
            ["RightHand"] = CFrame.new(-5.820766091346741e-07, 8.344650268554688e-07, -0.000001385807991027832, 0.9813762903213501, 0.07810366898775101, -0.1755005270242691, -0.11141889542341232, 0.9756675958633423, -0.1888350248336792, 0.15648144483566284, 0.20487220585346222, 0.9661992788314819),
            ["UpperTorso"] = CFrame.new(1.4901161193847656e-08, 0.0000032782554626464844, -2.183951437473297e-07, 0.9577439427375793, 0.12112051248550415, -0.2608763873577118, 0.045979250222444534, 0.8308717608451843, 0.554561197757721, 0.2839236259460449, -0.543122410774231, 0.7901932001113892),
            ["HumanoidRootPart"] = CFrame.new(0, 0, 0, 1, 0, 0, 0, 1, 0, 0, 0, 1),
            ["RightUpperLeg"] = CFrame.new(4.76837158203125e-07, -0.0000012479722499847412, 3.9282895158976316e-08, 0.8389337062835693, -0.14200739562511444, -0.5253800749778748, 0.03703521937131882, 0.9780161380767822, -0.20521454513072968, 0.5429720878601074, 0.15270386636257172, 0.8257498741149902),
            ["LeftUpperArm"] = CFrame.new(2.384185791015625e-07, 1.1920928955078125e-07, 3.2782554626464844e-07, 0.8600308299064636, 0.4504532814025879, -0.2396641969680786, -0.34975969791412354, 0.8624425530433655, 0.36587023735046387, 0.37150391936302185, -0.2308347374200821, 0.8992775678634644),
            ["RightLowerArm"] = CFrame.new(0.0000010132789611816406, -0.0000014901161193847656, 6.48200511932373e-07, 1, -8.940682505453879e-08, 3.725289587919178e-08, 5.587944684748436e-08, 0.5810967087745667, -0.8138344883918762, 3.352766952957609e-08, 0.8138346076011658, 0.5810967683792114),
            ["LeftHand"] = CFrame.new(-1.4901161193847656e-07, 3.5762786865234375e-07, -2.9802322387695312e-08, 0.9131057262420654, -0.055847760289907455, 0.40388017892837524, 0.10938159376382828, 0.9878163933753967, -0.11070013791322708, -0.3927769958972931, 0.1452580839395523, 0.9080893397331238),
            ["LeftFoot"] = CFrame.new(1.1175870895385742e-07, -5.960464477539063e-08, -4.470348358154297e-08, 0.8753179311752319, -0.28548842668533325, -0.39027532935142517, 0.4377704858779907, 0.8106522560119629, 0.38884469866752625, 0.20536701381206512, -0.5112136602401733, 0.8345568180084229),
            ["LowerTorso"] = CFrame.new(0.06833340227603912, -0.19211196899414062, 0.46579182147979736, 0.9938099384307861, -0.0663059875369072, -0.08913739025592804, 0.05177448317408562, 0.9863281846046448, -0.1564491242170334, 0.09829222410917282, 0.15086564421653748, 0.983655571937561),
            ["RightLowerLeg"] = CFrame.new(-6.891787052154541e-08, -0.00012254714965820312, -0.00007745454058749601, 1, -1.695007085800171e-07, 3.143214399869976e-08, 9.685753354915505e-08, 0.6501650214195251, 0.7597925066947937, -9.76724408019436e-08, -0.7597931027412415, 0.6501657366752625),
            ["LeftUpperLeg"] = CFrame.new(-2.980232238769531e-07, 0.000001383945345878601, -1.8998980522155762e-07, 0.9212897419929504, 0.28540897369384766, -0.2641346752643585, -0.38301458954811096, 0.7834641337394714, -0.48937034606933594, 0.06726917624473572, 0.5520197153091431, 0.8311135172843933),
            ["LeftLowerLeg"] = CFrame.new(2.477318048477173e-07, 0.00012224912643432617, 0.00007747113704681396, 1, -9.313222193441106e-09, -1.4901161193847656e-08, -5.960465188081798e-08, 0.8747117519378662, 0.4846433997154236, 2.2351745343485163e-08, -0.48464372754096985, 0.874711811542511),
        }},
        {Time = 0.267, Data = {
            ["RightFoot"] = CFrame.new(-2.7939677238464355e-09, 3.5762786865234375e-07, 5.3849362302571535e-08, 0.9691172242164612, -0.04192207753658295, -0.2430116832256317, -0.02595219761133194, 0.9626336693763733, -0.26956048607826233, 0.24523146450519562, 0.2675427198410034, 0.9318167567253113),
            ["LeftLowerArm"] = CFrame.new(-7.748603820800781e-07, -0.0000019073486328125, 0.0000014603137969970703, 1, -1.043080928297968e-07, 9.685746960030883e-08, 3.3527616238870905e-08, 0.1723669320344925, -0.9850327968597412, 5.960465188081798e-08, 0.9850327968597412, 0.1723668873310089),
            ["RightUpperArm"] = CFrame.new(0, 0.000002384185791015625, -9.834766387939453e-07, 0.8897886276245117, -0.278216689825058, 0.36176204681396484, 0.3517085611820221, 0.9231736660003662, -0.1550852358341217, -0.2908218801021576, 0.2652278244495392, 0.9192806482315063),
            ["Head"] = CFrame.new(-2.60770320892334e-07, 0.0000010728836059570312, -2.3096799850463867e-07, 0.916233241558075, 0.009323948994278908, 0.4005368947982788, 0.03326382115483284, 0.9945072531700134, -0.09924224764108658, -0.399262011051178, 0.10425204783678055, 0.9108903408050537),
            ["RightHand"] = CFrame.new(-9.422656148672104e-07, 3.5762786865234375e-07, -0.000001082196831703186, 0.9855998754501343, 0.04681216925382614, -0.16248513758182526, -0.08554805815219879, 0.966909646987915, -0.24034841358661652, 0.14585718512535095, 0.25078752636909485, 0.956990659236908),
            ["UpperTorso"] = CFrame.new(1.4901161193847656e-08, 0.0000029206275939941406, -1.9185245037078857e-07, 0.9859709739685059, 0.05221882089972496, -0.1585383266210556, 0.05139842629432678, 0.8086713552474976, 0.5860111713409424, 0.15880627930164337, -0.585938572883606, 0.7946423888206482),
            ["HumanoidRootPart"] = CFrame.new(0, 0, 0, 1, 0, 0, 0, 1, 0, 0, 0, 1),
            ["RightUpperLeg"] = CFrame.new(4.76837158203125e-07, -0.0000013522803783416748, 5.75528247281909e-09, 0.885646402835846, -0.10817566514015198, -0.45158466696739197, -0.004660405218601227, 0.9703676104545593, -0.24158871173858643, 0.46433699131011963, 0.21606656908988953, 0.8588982224464417),
            ["LeftUpperArm"] = CFrame.new(-1.1920928955078125e-07, 0, 5.960464477539063e-08, 0.847072184085846, 0.48047956824302673, -0.2271747589111328, -0.37311112880706787, 0.8420062065124512, 0.38963285088539124, 0.3784930408000946, -0.24528568983078003, 0.8925121426582336),
            ["RightLowerArm"] = CFrame.new(9.5367431640625e-07, -7.152557373046875e-07, 0.0000012814998626708984, 1, -5.9604552404834976e-08, 3.725289943190546e-08, 7.4505919656076e-08, 0.6099472641944885, -0.7924419641494751, 3.166501727491777e-08, 0.7924419641494751, 0.6099472641944885),
            ["LeftHand"] = CFrame.new(-1.341104507446289e-07, 1.7881393432617188e-07, -2.980232238769531e-07, 0.9001976251602173, -0.04966888949275017, 0.43263986706733704, 0.1074700728058815, 0.9880845546722412, -0.11017768830060959, -0.4220122992992401, 0.14567753672599792, 0.8948092460632324),
