return {
    ["Cartwheelin'"] = {
        {Time = 0.000, Data = {
            ["LeftFoot"] = CFrame.new(-7.450580596923828e-09, 1.1920928955078125e-07, 3.259629011154175e-08, 0.9998641610145569, 0.013108678162097931, 0.010000036098062992, -0.016241934150457382, 0.8874260783195496, 0.46066394448280334, -0.00283538899384439, -0.4607637822628021, 0.8875183463096619),
            ["LeftLowerArm"] = CFrame.new(1.7881393432617188e-07, 5.960464477539063e-08, 4.98257577419281e-08, 1, -5.587935447692871e-09, 3.4458938813486384e-08, 7.450578820566989e-09, 0.9992253184318542, -0.039355624467134476, -3.725289587919178e-08, 0.03935561329126358, 0.9992252588272095),
            ["LowerTorso"] = CFrame.new(-0.016726462170481682, 0.51275634765625, 0.44863930344581604, 0.6187900900840759, 0.044398967176675797, -0.7843007445335388, 0.727482259273529, -0.4091302752494812, 0.5508013367652893, -0.29642611742019653, -0.9113951921463013, -0.2854652404785156),
            ["Head"] = CFrame.new(-3.725290298461914e-08, 0, 8.195638656616211e-08, 0.9948107004165649, -0.10163576900959015, 0.004692107904702425, 0.052204594016075134, 0.47030869126319885, -0.8809565305709839, 0.08732996135950089, 0.8766298294067383, 0.47317400574684143),
            ["RightUpperArm"] = CFrame.new(2.384185791015625e-07, -2.384185791015625e-07, 8.940696716308594e-08, 0.4386598467826843, 0.06832204759120941, 0.8960523009300232, 0.746637761592865, -0.5826081037521362, -0.32109177112579346, 0.5001096725463867, 0.809876561164856, -0.3065785765647888),
            ["UpperTorso"] = CFrame.new(-2.976739779114723e-07, -5.960464477539063e-08, 1.8614809960126877e-07, 0.42103102803230286, -0.7604699730873108, -0.4943868815898895, 0.7055095434188843, 0.6171265244483948, -0.34844106435775757, 0.5700781941413879, -0.20209017395973206, 0.7963483333587646),
            ["HumanoidRootPart"] = CFrame.new(0, 0, 0, 1, 0, 0, 0, 1, 0, 0, 0, 1),
            ["RightHand"] = CFrame.new(8.306233212351799e-08, 0, -3.262539394199848e-08, 0.20483505725860596, -0.7104514241218567, 0.6732767224311829, 0.45413318276405334, 0.6783248782157898, 0.5776144862174988, -0.867067277431488, 0.1874416321516037, 0.461584210395813),
            ["LeftUpperArm"] = CFrame.new(0, 0, 8.940696716308594e-08, 0.6907460689544678, 0.405437171459198, -0.5987409353256226, -0.0073386505246162415, -0.8240491151809692, -0.5664708018302917, -0.7230602502822876, 0.3956814408302307, -0.5662332773208618),
            ["RightLowerArm"] = CFrame.new(1.1920928955078125e-07, 1.1920928955078125e-07, -2.5331974029541016e-07, 1, -5.2154071283894154e-08, -1.4901161193847656e-08, 1.3411046495548362e-07, 0.8882516622543335, -0.4593573808670044, 1.4901162970204496e-08, 0.4593573808670044, 0.888251543045044),
            ["LeftHand"] = CFrame.new(1.825392246246338e-07, 5.960464477539063e-08, 8.195638656616211e-08, 0.9483209252357483, 0.2756097912788391, 0.15724746882915497, -0.27824532985687256, 0.9604946970939636, -0.005442823749035597, -0.15253548324108124, -0.03859179466962814, 0.9875442981719971),
            ["RightUpperLeg"] = CFrame.new(-2.682209014892578e-07, -4.3958425521850586e-07, 1.6221747500821948e-07, 0.8649232983589172, -0.24348923563957214, -0.43888580799102783, 0.3021613359451294, 0.9508307576179504, 0.06796597689390182, 0.4007571339607239, -0.19139985740184784, 0.8959687352180481),
            ["LeftUpperLeg"] = CFrame.new(-5.960464477539062e-07, -7.078051567077637e-08, 1.1920928955078125e-07, 0.6464689373970032, 0.5637466311454773, -0.5140698552131653, -0.047918129712343216, -0.6424683928489685, -0.7648125886917114, -0.7614341378211975, 0.5190607905387878, -0.3883219361305237),
            ["RightLowerLeg"] = CFrame.new(-4.3585896492004395e-07, -0.000003874301910400391, -0.000013290140486788005, 1, 1.5459966107300716e-07, -2.2351745343485163e-08, -1.965090916655754e-07, 0.9999833106994629, 0.005789839196950197, 5.960465188081798e-08, -0.0057899546809494495, 0.9999833106994629),
            ["RightFoot"] = CFrame.new(1.601874828338623e-07, 5.960464477539063e-08, -5.045876605436206e-08, 0.9952004551887512, -0.09782562404870987, 0.0024888969492167234, 0.09785711765289307, 0.994810163974762, -0.027870576828718185, 0.0002504587173461914, 0.02798060141503811, 0.9996084570884705),
            ["LeftLowerLeg"] = CFrame.new(-4.0978193283081055e-08, 0.000004172325134277344, 0.00001326063647866249, 1, -3.073364851502447e-08, 1.0710208719899583e-08, 1.30385160446167e-08, 0.9364640116691589, 0.35076388716697693, -9.313225746154785e-09, -0.35076379776000977, 0.9364640116691589),
        }},
        {Time = 0.033, Data = {
            ["LeftFoot"] = CFrame.new(-3.725290298461914e-09, -5.960464477539063e-08, 9.499490261077881e-08, 0.999932050704956, 0.011076698079705238, 0.0036611706018447876, -0.01131355855613947, 0.9972859621047974, 0.0727517306804657, -0.0028452409896999598, -0.07278797030448914, 0.9973434209823608),
            ["LeftLowerArm"] = CFrame.new(4.172325134277344e-07, 0, 3.818422555923462e-08, 1, -9.31322907682386e-10, -5.587936779960501e-09, 1.4901166522918174e-08, 0.9964796900749207, -0.0838351771235466, -1.862645815364772e-09, 0.0838351920247078, 0.9964796304702759),
            ["LowerTorso"] = CFrame.new(-0.016457300633192062, 0.4456667900085449, 0.4182792007923126, 0.5008832812309265, 0.11806780099868774, -0.8574240207672119, 0.7423044443130493, -0.5680357813835144, 0.3554147481918335, -0.44508442282676697, -0.8144908547401428, -0.3721619248390198),
            ["Head"] = CFrame.new(2.9802322387695312e-08, -1.1920928955078125e-07, -5.960464477539063e-08, 0.9882383942604065, -0.08850520104169846, 0.12470705807209015, 0.15135547518730164, 0.4496840834617615, -0.8802703022956848, 0.021829714998602867, 0.8887919187545776, 0.4577907919883728),
            ["RightUpperArm"] = CFrame.new(1.1920928955078125e-07, -2.384185791015625e-07, 5.960464477539063e-08, 0.32644760608673096, 0.19941318035125732, 0.9239407777786255, 0.7946175932884216, -0.5872512459754944, -0.15400920808315277, 0.5118738412857056, 0.7844554781913757, -0.35016393661499023),
            ["UpperTorso"] = CFrame.new(1.0710209608078003e-07, 1.1920928955078125e-07, 4.284083843231201e-08, 0.5504919290542603, -0.7586883306503296, -0.3483544588088989, 0.6041042804718018, 0.6500100493431091, -0.46102607250213623, 0.5762088298797607, 0.04334867373108864, 0.8161521553993225),
            ["HumanoidRootPart"] = CFrame.new(0, 0, 0, 1, 0, 0, 0, 1, 0, 0, 0, 1),
            ["RightHand"] = CFrame.new(1.4901161193847656e-08, 0, 1.2293457984924316e-07, 0.14406734704971313, -0.7470915913581848, 0.6489213705062866, 0.6457177400588989, 0.5678878426551819, 0.5104430913925171, -0.7498621344566345, 0.34548184275627136, 0.5642243027687073),
            ["LeftUpperArm"] = CFrame.new(1.7881393432617188e-07, -1.1920928955078125e-07, -5.960464477539063e-08, 0.7337666153907776, 0.3433901071548462, -0.5862335562705994, -0.09347187727689743, -0.8036383986473083, -0.5877315998077393, -0.6729410290718079, 0.4860541820526123, -0.5575856566429138),
            ["RightLowerArm"] = CFrame.new(5.960464477539063e-08, 0, 4.76837158203125e-07, 1, 4.8428763221863846e-08, -1.4901159417490817e-08, 1.4901162970204496e-08, 0.9828165769577026, -0.18458504974842072, 1.4901162970204496e-08, 0.18458503484725952, 0.9828165173530579),
            ["LeftHand"] = CFrame.new(2.3096799850463867e-07, -5.960464477539063e-08, -2.2351741790771484e-08, 0.6465325951576233, 0.7148640155792236, -0.26639243960380554, -0.762383759021759, 0.618110179901123, -0.19160135090351105, 0.027691058814525604, 0.32696980237960815, 0.9446291327476501),
            ["RightUpperLeg"] = CFrame.new(-8.940696716308594e-08, 2.123415470123291e-07, 8.77116690389812e-08, 0.8163447976112366, -0.48846396803855896, -0.3081945478916168, 0.5190802812576294, 0.854475736618042, 0.020661819726228714, 0.25325238704681396, -0.17684495449066162, 0.9510989785194397),
            ["LeftUpperLeg"] = CFrame.new(8.940696716308594e-08, 2.5331974029541016e-07, 1.043081283569336e-07, 0.491926372051239, 0.5812112092971802, -0.6482301354408264, 0.0241379551589489, -0.7533650994300842, -0.6571589112281799, -0.870302140712738, 0.3076273500919342, -0.384629487991333),
            ["RightLowerLeg"] = CFrame.new(-4.842877388000488e-08, -0.0000032782554626464844, -0.00001331156090600416, 1, -6.402842700481415e-08, -5.960464477539063e-08, 2.561136414058751e-09, 0.9999831914901733, 0.005805237218737602, 7.450578820566989e-09, -0.005805137567222118, 0.9999831914901733),
            ["RightFoot"] = CFrame.new(1.4528632164001465e-07, 5.364418029785156e-07, 9.145878721028566e-09, 0.9846831560134888, 0.1741788536310196, 0.007797702215611935, -0.17435282468795776, 0.9837969541549683, 0.04177093878388405, -0.00039597979048267007, -0.04249070957303047, 0.9990968704223633),
            ["LeftLowerLeg"] = CFrame.new(-4.0978193283081055e-08, 0.000003933906555175781, 0.00001340918242931366, 1, 1.1734667282325972e-07, 4.377216100692749e-08, -3.72529100900465e-08, 0.8733375072479248, 0.48711520433425903, -1.769513247040777e-08, -0.4871155321598053, 0.8733377456665039),
        }},
        {Time = 0.067, Data = {
            ["LeftFoot"] = CFrame.new(7.450580596923828e-09, 1.1920928955078125e-07, -4.6566128730773926e-09, 0.9986993074417114, -0.04409307241439819, -0.02560519054532051, 0.046688053756952286, 0.9926511645317078, 0.11164220422506332, 0.020494334399700165, -0.11269233375787735, 0.9934186339378357),
            ["LeftLowerArm"] = CFrame.new(3.5762786865234375e-07, -5.960464477539063e-08, -2.421438694000244e-08, 1, -3.725290298461914e-09, 7.264316792543468e-08, 1.4901159417490817e-08, 0.9880819916725159, -0.1539284735918045, -2.4214383387288763e-08, 0.1539284586906433, 0.9880819916725159),
            ["LowerTorso"] = CFrame.new(-0.0156211256980896, 0.37857699394226074, 0.3489595353603363, 0.35379382967948914, 0.17690099775791168, -0.9184420108795166, 0.6773462295532227, -0.7256187796592712, 0.12115983664989471, -0.645005464553833, -0.6649687886238098, -0.376542866230011),
            ["Head"] = CFrame.new(3.725290298461914e-08, 1.1920928955078125e-07, 3.3527612686157227e-08, 0.9469974637031555, -0.09119794517755508, 0.30802395939826965, 0.31617599725723267, 0.4342082440853119, -0.8435022830963135, -0.05682086572051048, 0.8961843252182007, 0.44002866744995117),
            ["RightUpperArm"] = CFrame.new(1.1920928955078125e-07, 1.1920928955078125e-07, 1.043081283569336e-07, 0.2585155665874481, 0.34867390990257263, 0.9008862376213074, 0.8350074291229248, -0.5495806932449341, -0.026904771104454994, 0.4857286512851715, 0.7592019438743591, -0.4332207441329956),
            ["UpperTorso"] = CFrame.new(-6.332993507385254e-08, 2.682209014892578e-07, -5.587935447692871e-08, 0.7210968136787415, -0.659710705280304, -0.21166329085826874, 0.4667516350746155, 0.688339114189148, -0.55527663230896, 0.5120179057121277, 0.30161407589912415, 0.8042802214622498),
            ["HumanoidRootPart"] = CFrame.new(0, 0, 0, 1, 0, 0, 0, 1, 0, 0, 0, 1),
            ["RightHand"] = CFrame.new(1.043081283569336e-07, 0, 1.0058283805847168e-07, 0.13453152775764465, -0.7497283220291138, 0.6479266881942749, 0.8000253438949585, 0.46799761056900024, 0.3754165768623352, -0.5846886038780212, 0.46785223484039307, 0.6627620458602905),
            ["LeftUpperArm"] = CFrame.new(5.960464477539063e-08, 1.1920928955078125e-07, 5.960464477539063e-08, 0.7465071082115173, 0.2527501583099365, -0.6155033111572266, -0.2221343219280243, -0.7773033976554871, -0.5886050462722778, -0.6272029280662537, 0.5761222839355469, -0.5241181254386902),
            ["RightLowerArm"] = CFrame.new(-8.940696716308594e-08, -5.960464477539063e-08, -2.5331974029541016e-07, 1, -2.9802322387695312e-08, 7.4505797087454084e-09, -1.6763808119435453e-08, 1, 2.607702853651972e-08, 7.450581485102248e-09, 1.4901161193847656e-08, 1),
            ["LeftHand"] = CFrame.new(-1.1175870895385742e-07, 5.960464477539063e-08, -5.587935447692871e-08, 0.3878948986530304, 0.7951781153678894, -0.46607857942581177, -0.921005129814148, 0.3540770709514618, -0.162416473031044, 0.0358777791261673, 0.49226129055023193, 0.8697078824043274),
            ["RightUpperLeg"] = CFrame.new(5.960464477539063e-08, 4.1909515857696533e-07, -6.688787834718823e-08, 0.7789299488067627, -0.6042501926422119, -0.16778017580509186, 0.602520227432251, 0.7952903509140015, -0.06695227324962616, 0.17388960719108582, -0.04893995076417923, 0.9835482835769653),
            ["LeftUpperLeg"] = CFrame.new(-2.384185791015625e-07, 2.7567148208618164e-07, -5.960464477539063e-08, 0.39656496047973633, 0.6723282337188721, -0.6250691413879395, 0.059694789350032806, -0.69834303855896, -0.7132697701454163, -0.9160638451576233, 0.24554407596588135, -0.3170723617076874),
            ["RightLowerLeg"] = CFrame.new(2.9802322387695312e-08, -0.0000034570693969726562, -0.000013314354873728007, 1, 2.281741195986342e-08, 9.080397234129123e-08, 8.847564458847046e-09, 0.9999831318855286, 0.005823021288961172, 2.6542693376541138e-08, -0.005823107436299324, 0.9999830722808838),
            ["RightFoot"] = CFrame.new(-7.450580596923828e-09, 2.980232238769531e-07, -1.3205863069742918e-08, 0.9822990894317627, 0.18097907304763794, 0.04832485690712929, -0.1873193085193634, 0.9494816064834595, 0.2517862319946289, -0.0003157686733175069, -0.25638142228126526, 0.9665756821632385),
            ["LeftLowerLeg"] = CFrame.new(1.564621925354004e-07, 0.000003933906555175781, 0.000013436190783977509, 1, 2.756715389296005e-07, 1.0803341865539551e-07, -1.7997808754444122e-07, 0.6316730380058289, 0.7752349376678467, 7.82310962677002e-08, -0.7752349972724915, 0.6316729784011841),
        }},
        {Time = 0.100, Data = {
            ["LeftFoot"] = CFrame.new(1.862645149230957e-09, 0, -3.888271749019623e-08, 0.9970766305923462, -0.06131759658455849, -0.04558983072638512, 0.07061949372291565, 0.9673426151275635, 0.24343612790107727, 0.029173817485570908, -0.245944082736969, 0.9688449501991272),
            ["LeftLowerArm"] = CFrame.new(0, 0, -1.7508864402770996e-07, 1, -1.4901159417490817e-08, 2.0954759705205106e-08, 2.2351741790771484e-08, 0.9761260151863098, -0.2172049582004547, 6.332993507385254e-08, 0.21720491349697113, 0.9761261343955994),
            ["LowerTorso"] = CFrame.new(-0.014203457161784172, 0.38489627838134766, 0.2733219861984253, 0.32494935393333435, 0.20192040503025055, -0.9239242672920227, 0.5350072979927063, -0.8448401093482971, 0.003528227796778083, -0.7798558473587036, -0.4954527020454407, -0.3825591206550598),
            ["Head"] = CFrame.new(-1.955777406692505e-08, -2.384185791015625e-07, -2.6426278054714203e-08, 0.9714281558990479, 0.07009782642126083, 0.22674624621868134, 0.18204735219478607, 0.39288529753685, -0.9013878107070923, -0.15227055549621582, 0.9169120192527771, 0.3688986599445343),
            ["RightUpperArm"] = CFrame.new(-5.960464477539063e-08, -1.1920928955078125e-07, -2.9802322387695312e-08, 0.27256637811660767, 0.36912524700164795, 0.8885122537612915, 0.8542391061782837, -0.5177558660507202, -0.0469551645219326, 0.44269999861717224, 0.77180016040802, -0.4564441740512848),
            ["UpperTorso"] = CFrame.new(-9.12696123123169e-08, -1.4901161193847656e-07, 1.7229467630386353e-08, 0.7831637859344482, -0.5914011001586914, -0.19209174811840057, 0.3757818937301636, 0.6962675452232361, -0.6115550398826599, 0.49542146921157837, 0.4067632257938385, 0.7675293684005737),
            ["HumanoidRootPart"] = CFrame.new(0, 0, 0, 1, 0, 0, 0, 1, 0, 0, 0, 1),
            ["RightHand"] = CFrame.new(1.4901161193847656e-08, 1.1920928955078125e-07, 5.960464477539063e-08, 0.2299693524837494, -0.8206213116645813, 0.5231584906578064, 0.8956511616706848, 0.38874438405036926, 0.2160714864730835, -0.3806878626346588, 0.41887760162353516, 0.824389636516571),
            ["LeftUpperArm"] = CFrame.new(0, -2.384185791015625e-07, 2.9802322387695312e-08, 0.7389047741889954, 0.042009055614471436, -0.6724989414215088, -0.440055251121521, -0.7257254123687744, -0.5288423299789429, -0.5102657079696655, 0.6867007613182068, -0.5177558064460754),
            ["RightLowerArm"] = CFrame.new(-2.086162567138672e-07, 0, -1.2060627341270447e-07, 1, -4.8428766774577525e-08, -1.862645149230957e-08, 1.1175870895385742e-08, 1, 7.450580596923828e-09, 2.2351741790771484e-08, 1.862644971595273e-08, 1),
            ["LeftHand"] = CFrame.new(-2.682209014892578e-07, 0, -4.190951585769653e-08, 0.26400497555732727, 0.854269802570343, -0.44779959321022034, -0.9591813683509827, 0.2813190817832947, -0.028821494430303574, 0.10135331004858017, 0.43713000416755676, 0.8936693668365479),
            ["RightUpperLeg"] = CFrame.new(5.960464477539063e-08, -5.289912223815918e-07, -1.3802491594105959e-08, 0.7138326168060303, -0.6580386161804199, -0.23964160680770874, 0.6427481174468994, 0.751469075679779, -0.1488945633172989, 0.2780613303184509, -0.04774316027760506, 0.9593760967254639),
            ["LeftUpperLeg"] = CFrame.new(-5.960464477539063e-08, -1.1175870895385742e-07, 9.313225746154785e-10, 0.40246888995170593, 0.7680059671401978, -0.49818313121795654, 0.02717626467347145, -0.5539879202842712, -0.8320807814598083, -0.915030300617218, 0.32134783267974854, -0.24383443593978882),
            ["RightLowerLeg"] = CFrame.new(-2.60770320892334e-08, -0.000003516674041748047, -0.00001330853410763666, 1, 3.469177656256761e-08, 5.355105514581737e-08, -4.0396130884801096e-08, 0.999983012676239, 0.005831057671457529, 2.419984390655827e-08, -0.005831058602780104, 0.999983012676239),
            ["RightFoot"] = CFrame.new(4.284083843231201e-08, 3.5762786865234375e-07, -1.1343217920511961e-08, 0.985553503036499, 0.1582956165075302, 0.06022248789668083, -0.16936439275741577, 0.921604573726654, 0.3492288589477539, -0.00021970404486637563, -0.3543834090232849, 0.9351003170013428),
            ["LeftLowerLeg"] = CFrame.new(3.5390257835388184e-08, 0.0000037550926208496094, 0.000013383105397224426, 1, 3.2410036965302425e-07, 2.4028122425079346e-07, -1.5459956159702415e-07, 0.6684719920158386, 0.7437375783920288, 2.011657045386528e-07, -0.7437373399734497, 0.6684718132019043),
        }},
        {Time = 0.133, Data = {
            ["LeftFoot"] = CFrame.new(2.2351741790771484e-08, -5.960464477539063e-08, 1.1362135410308838e-07, 0.9893298149108887, -0.12116795778274536, -0.08090077340602875, 0.13995632529258728, 0.9446775913238525, 0.29664134979248047, 0.040481649339199066, -0.3047991394996643, 0.9515560865402222),
            ["LeftLowerArm"] = CFrame.new(-1.7881393432617188e-07, -1.1920928955078125e-07, -7.497146725654602e-08, 1, -2.2351734685344127e-08, 7.078050145992165e-08, 4.470347292340193e-08, 0.9666497111320496, -0.25610217452049255, -1.4901157641133977e-08, 0.25610214471817017, 0.9666497111320496),
            ["LowerTorso"] = CFrame.new(-0.012290198355913162, 0.4070742130279541, 0.2014981508255005, 0.27520856261253357, 0.20649221539497375, -0.9389469623565674, 0.3607580363750458, -0.9274721741676331, -0.0982292965054512, -0.8911306858062744, -0.3116990923881531, -0.32974204421043396),
            ["Head"] = CFrame.new(3.166496753692627e-08, 0, 4.284083843231201e-08, 0.976472020149231, 0.0915953740477562, 0.19522516429424286, 0.14223751425743103, 0.40688109397888184, -0.9023393392562866, -0.16208352148532867, 0.9088774919509888, 0.38427966833114624),
            ["RightUpperArm"] = CFrame.new(0, 0, 5.960464477539063e-08, 0.34123578667640686, 0.20768624544143677, 0.9167466759681702, 0.8463158011436462, -0.4922797679901123, -0.2034953087568283, 0.40903252363204956, 0.84529709815979, -0.34375181794166565),
            ["UpperTorso"] = CFrame.new(-8.940696716308594e-08, 0, 5.029141902923584e-08, 0.8667461276054382, -0.4690163731575012, -0.1696314662694931, 0.26396793127059937, 0.7199585437774658, -0.6418572068214417, 0.4231691360473633, 0.5115500092506409, 0.7478265762329102),
            ["HumanoidRootPart"] = CFrame.new(0, 0, 0, 1, 0, 0, 0, 1, 0, 0, 0, 1),
            ["RightHand"] = CFrame.new(0, 0, 4.0978193283081055e-08, 0.055549126118421555, -0.9450908899307251, 0.3220522701740265, 0.9983574748039246, 0.04804272577166557, -0.031215380877256393, 0.014028990641236305, 0.3232572078704834, 0.9462071657180786),
            ["LeftUpperArm"] = CFrame.new(1.7881393432617188e-07, -1.1920928955078125e-07, 3.725290298461914e-08, 0.7126747965812683, -0.10218345373868942, -0.6940122246742249, -0.5703257322311401, -0.6604330539703369, -0.48842281103134155, -0.4084399342536926, 0.7438997626304626, -0.52895188331604),
            ["RightLowerArm"] = CFrame.new(0, -1.7881393432617188e-07, 1.3213139027357101e-07, 1, -4.0978196835794733e-08, -6.519258910486769e-09, -4.0978193283081055e-08, 0.9997082948684692, -0.024156054481863976, -2.421438694000244e-08, 0.02415604144334793, 0.9997082948684692),
            ["LeftHand"] = CFrame.new(1.043081283569336e-07, 0, -2.60770320892334e-08, 0.18662674725055695, 0.8865309953689575, -0.4233597218990326, -0.971362292766571, 0.231016606092453, 0.055558159947395325, 0.14705713093280792, 0.4008670449256897, 0.9042565822601318),
            ["RightUpperLeg"] = CFrame.new(-1.4901161193847656e-07, 3.6135315895080566e-07, 7.281050784513354e-08, 0.6114472150802612, -0.6917105913162231, -0.3842768967151642, 0.6073346138000488, 0.7215467095375061, -0.332438588142395, 0.5072249174118042, -0.030116025358438492, 0.8612873554229736),
            ["LeftUpperLeg"] = CFrame.new(1.1920928955078125e-07, -1.2479722499847412e-07, 5.960464477539063e-08, 0.412514865398407, 0.8441452383995056, -0.3424186706542969, -0.06205614283680916, -0.34897756576538086, -0.9350742101669312, -0.90883469581604, 0.40698105096817017, -0.09157395362854004),
            ["RightLowerLeg"] = CFrame.new(-1.8812716007232666e-07, -0.0000036954879760742188, -0.000013293865777086467, 1, 3.9348389435645004e-08, -2.6077040971017595e-08, 5.564652383327484e-08, 0.999983012676239, 0.005834592506289482, -3.3527612686157227e-08, -0.005834971088916063, 0.9999830722808838),
            ["RightFoot"] = CFrame.new(-1.1175870895385742e-08, 5.364418029785156e-07, 9.145878721028566e-09, 0.9926564693450928, 0.11221251636743546, 0.045182209461927414, -0.12096740305423737, 0.9210926294326782, 0.3700753450393677, -0.0000897720456123352, -0.3728228509426117, 0.9279024600982666),
            ["LeftLowerLeg"] = CFrame.new(-6.146728992462158e-08, 0.000003516674041748047, 0.00001344410702586174, 1, -2.0489094865183688e-08, -3.748573362827301e-08, 1.4901162970204496e-08, 0.8246719241142273, 0.565611720085144, 7.450581485102248e-09, -0.5656113028526306, 0.824671745300293),
        }},
        {Time = 0.167, Data = {
            ["LeftFoot"] = CFrame.new(-1.341104507446289e-07, 5.960464477539063e-08, -1.7881393432617188e-07, 0.9849904775619507, -0.15939383208751678, -0.06623463332653046, 0.17184065282344818, 0.941697359085083, 0.2892701029777527, 0.016265252605080605, -0.2963101267814636, 0.9549533128738403),
            ["LeftLowerArm"] = CFrame.new(3.2782554626464844e-07, -1.1920928955078125e-07, 8.42846930027008e-08, 1, -5.215405707303944e-08, 8.940696716308594e-08, 0, 0.9770621657371521, -0.21295419335365295, -5.2154071283894154e-08, 0.21295419335365295, 0.9770622253417969),
            ["LowerTorso"] = CFrame.new(-0.0097665349021554, 0.48920726776123047, 0.12482316046953201, 0.19434191286563873, 0.20042967796325684, -0.960239052772522, 0.1433328539133072, -0.9741987586021423, -0.17433446645736694, -0.9704055190086365, -0.1037532314658165, -0.2180563360452652),
            ["Head"] = CFrame.new(-1.955777406692505e-08, 0, -1.862645149230957e-09, 0.9863307476043701, 0.04896903038024902, 0.15733325481414795, 0.12235977500677109, 0.42184072732925415, -0.8983754515647888, -0.11036214977502823, 0.9053466320037842, 0.41008260846138),
            ["RightUpperArm"] = CFrame.new(-5.960464477539063e-08, 0, 1.043081283569336e-07, 0.37097689509391785, 0.05879148840904236, 0.9267792701721191, 0.8283644318580627, -0.47204551100730896, -0.30163803696632385, 0.41974812746047974, 0.879611611366272, -0.2238188087940216),
            ["UpperTorso"] = CFrame.new(-1.862645149230957e-09, -2.9802322387695312e-08, 4.842877388000488e-08, 0.9524023532867432, -0.26760560274124146, -0.14600399136543274, 0.11116056144237518, 0.750836193561554, -0.6510671973228455, 0.2838541865348816, 0.6038479804992676, 0.7448452711105347),
            ["HumanoidRootPart"] = CFrame.new(0, 0, 0, 1, 0, 0, 0, 1, 0, 0, 0, 1),
            ["RightHand"] = CFrame.new(1.4901161193847656e-08, 0, -5.587935447692871e-08, -0.019175855442881584, -0.9497994780540466, 0.3122713565826416, 0.9879140257835388, -0.06604862958192825, -0.1402270346879959, 0.15381257236003876, 0.30580824613571167, 0.9395866990089417),
            ["LeftUpperArm"] = CFrame.new(-2.384185791015625e-07, 0, 9.685754776000977e-08, 0.6826786994934082, -0.2309461236000061, -0.6932631134986877, -0.65010666847229, -0.6251389384269714, -0.4319291114807129, -0.33363327383995056, 0.7455637454986572, -0.5769086480140686),
            ["RightLowerArm"] = CFrame.new(5.960464477539063e-08, -1.1920928955078125e-07, 6.007030606269836e-08, 1, 7.450580596923828e-09, -3.725291186640334e-09, 7.450581485102248e-09, 0.9968966245651245, -0.07872245460748672, 1.4901162970204496e-08, 0.07872243225574493, 0.9968966245651245),
            ["LeftHand"] = CFrame.new(8.940696716308594e-08, -5.960464477539063e-08, 1.862645149230957e-08, 0.13055990636348724, 0.9023102521896362, -0.410841166973114, -0.9803810715675354, 0.17921921610832214, 0.08205816149711609, 0.14767256379127502, 0.39206746220588684, 0.9080067276954651),
            ["RightUpperLeg"] = CFrame.new(1.1920928955078125e-07, -1.601874828338623e-07, 2.8107024263590574e-08, 0.4852769672870636, -0.7349453568458557, -0.4736672639846802, 0.5313249826431274, 0.6781061291694641, -0.5078058242797852, 0.6944063901901245, -0.00524450559169054, 0.7195640802383423),
            ["LeftUpperLeg"] = CFrame.new(-5.960464477539063e-08, -1.4901161193847656e-08, 8.195638656616211e-08, 0.4069449305534363, 0.9081864953041077, -0.09794342517852783, -0.2012622207403183, -0.01544235460460186, -0.9794157147407532, -0.891004741191864, 0.41828081011772156, 0.1764996200799942),
            ["RightLowerLeg"] = CFrame.new(1.8998980522155762e-07, -0.0000036954879760742188, -0.000013364646292757243, 1, 2.1304014552470107e-08, -2.9802311729554276e-08, 6.507617200668392e-08, 0.9999831914901733, 0.005814187228679657, 1.4901162970204496e-08, -0.005814124830067158, 0.9999831318855286),
            ["RightFoot"] = CFrame.new(-3.6135315895080566e-07, 0, -8.026108844205737e-08, 0.9892498850822449, 0.13369372487068176, 0.05924994498491287, -0.1462353616952896, 0.904797375202179, 0.39994749426841736, -0.00013916194438934326, -0.4043116271495819, 0.9146209955215454),
            ["LeftLowerLeg"] = CFrame.new(-5.21540641784668e-08, 0.000004172325134277344, 0.00001348741352558136, 1, 1.4901164746561335e-08, 4.796312325083818e-08, 3.166497108963995e-08, 0.9797021150588989, 0.20045962929725647, -5.587936335871291e-09, -0.2004593461751938, 0.9797019958496094),
        }},
        {Time = 0.200, Data = {
            ["LeftFoot"] = CFrame.new(1.6391277313232422e-07, -2.980232238769531e-07, 5.960464477539063e-08, 0.9917110204696655, -0.1281997263431549, -0.008603744208812714, 0.1284884214401245, 0.989608883857727, 0.06453955918550491, 0.00024043023586273193, -0.06510968506336212, 0.9978780746459961),
            ["LeftLowerArm"] = CFrame.new(2.980232238769531e-07, 1.1920928955078125e-07, -6.51925802230835e-09, 1, -5.215405707303944e-08, -5.2154071283894154e-08, 1.4901162970204496e-08, 0.9868080615997314, -0.16189463436603546, 2.51457130673316e-08, 0.16189463436603546, 0.9868080615997314),
            ["LowerTorso"] = CFrame.new(-0.00653202086687088, 0.6060240268707275, 0.047743819653987885, 0.06944858282804489, 0.1746942102909088, -0.9821705222129822, -0.11407104879617691, -0.9766992330551147, -0.18178696930408478, -0.9910423159599304, 0.12466205656528473, -0.04790298640727997),
            ["Head"] = CFrame.new(1.862645149230957e-09, 1.1920928955078125e-07, -1.2130476534366608e-07, 0.9941427707672119, -0.016371313482522964, 0.10682743042707443, 0.1031658723950386, 0.4382697641849518, -0.8929034471511841, -0.03220122680068016, 0.8986945152282715, 0.4373916685581207),
            ["RightUpperArm"] = CFrame.new(-5.960464477539063e-08, 1.1920928955078125e-07, -2.0209699869155884e-07, 0.37308695912361145, -0.1428341418504715, 0.916735827922821, 0.8038353323936462, -0.443649023771286, -0.3962632715702057, 0.46330881118774414, 0.8847451210021973, -0.05070459097623825),
            ["UpperTorso"] = CFrame.new(3.3993273973464966e-08, 5.960464477539063e-08, 6.28642737865448e-08, 0.9946230053901672, 0.021675296127796173, -0.10126876831054688, -0.08085654675960541, 0.7735327482223511, -0.6285772919654846, 0.06471012532711029, 0.6333856582641602, 0.7711260318756104),
            ["HumanoidRootPart"] = CFrame.new(0, 0, 0, 1, 0, 0, 0, 1, 0, 0, 0, 1),
            ["RightHand"] = CFrame.new(0, -5.960464477539063e-08, 3.3527612686157227e-08, 0.005640074145048857, -0.9580683708190918, 0.2864845097064972, 0.9877969026565552, -0.0392536036670208, -0.15071994066238403, 0.1556454747915268, 0.28383857011795044, 0.9461554884910583),
            ["LeftUpperArm"] = CFrame.new(0, 0, -1.4156103134155273e-07, 0.6637880802154541, -0.3311132788658142, -0.6706335544586182, -0.683321475982666, -0.6330242156982422, -0.3638021647930145, -0.30406755208969116, 0.6997458338737488, -0.6464507579803467),
            ["RightLowerArm"] = CFrame.new(-2.9802322387695312e-08, -1.7881393432617188e-07, 4.731118679046631e-07, 1, -8.940695295223122e-08, -7.450582373280668e-09, 3.725290653733282e-08, 0.974985659122467, -0.22226789593696594, -1.4901162970204496e-08, 0.22226786613464355, 0.9749857187271118),
            ["LeftHand"] = CFrame.new(2.2351741790771484e-07, 0, -3.3527612686157227e-08, 0.10895898193120956, 0.9180408120155334, -0.38122040033340454, -0.9821321368217468, 0.15861999988555908, 0.10127335786819458, 0.15344227850437164, 0.3633742034435272, 0.9189204573631287),
            ["RightUpperLeg"] = CFrame.new(-1.1920928955078125e-07, -2.505257725715637e-07, 4.300818545743823e-08, 0.4038763642311096, -0.7897046208381653, -0.4617900848388672, 0.43475115299224854, 0.6098328232765198, -0.6626430153846741, 0.8049070239067078, 0.0668620839715004, 0.5896220207214355),
            ["LeftUpperLeg"] = CFrame.new(-1.1920928955078125e-07, -2.942979335784912e-07, 8.754432201385498e-08, 0.36248886585235596, 0.9199943542480469, 0.1490372121334076, -0.2716417908668518, 0.2572636008262634, -0.9273760914802551, -0.8915225863456726, 0.2956787645816803, 0.3431640863418579),
            ["RightLowerLeg"] = CFrame.new(-1.5087425708770752e-07, -0.000003635883331298828, -0.000013366508937906474, 1, 7.590281114744357e-08, 5.960465188081798e-08, -2.7008354663848877e-08, 0.9999832510948181, 0.005794936325401068, 1.4901161193847656e-08, -0.005795248784124851, 0.9999833106994629),
            ["RightFoot"] = CFrame.new(-2.682209014892578e-07, 5.960464477539063e-08, 2.1776213543489575e-07, 0.9559963345527649, 0.267688512802124, 0.12005782127380371, -0.2933781147003174, 0.8729923367500305, 0.38963350653648376, -0.0005092918290756643, -0.4077098071575165, 0.91311115026474),
            ["LeftLowerLeg"] = CFrame.new(3.650784492492676e-07, 0.000003874301910400391, 0.000012680888175964355, 1, -1.4901166878189542e-07, 3.725290298461914e-08, -1.4901162970204496e-08, 0.9999844431877136, 0.005588427186012268, -6.705523247774181e-08, -0.005588384345173836, 0.9999843835830688),
        }},
        {Time = 0.233, Data = {
            ["LeftFoot"] = CFrame.new(2.384185791015625e-07, -1.1920928955078125e-07, -5.960464477539063e-08, 0.9959381818771362, -0.08754412829875946, 0.02105078101158142, 0.09004010260105133, 0.9679660201072693, -0.2343810647726059, 0.0001422390341758728, 0.23532475531101227, 0.971916913986206),
            ["LeftLowerArm"] = CFrame.new(3.8743019104003906e-07, -1.1920928955078125e-07, -1.4901161193847656e-07, 1, -1.4901161193847656e-08, 1.4901161193847656e-08, -2.9802322387695312e-08, 0.9841240048408508, -0.17748230695724487, 1.30385160446167e-08, 0.17748230695724487, 0.9841240644454956),
            ["LowerTorso"] = CFrame.new(-0.0029775253497064114, 0.7105569839477539, -0.025292977690696716, -0.059523846954107285, 0.11960797011852264, -0.9910352826118469, -0.3751063644886017, -0.9227155447006226, -0.0888328105211258, -0.9250686764717102, 0.36645594239234924, 0.09978892654180527),
            ["Head"] = CFrame.new(7.450580596923828e-09, -1.1920928955078125e-07, -5.960464477539063e-08, 0.9949191808700562, -0.07050153613090515, 0.07187142223119736, 0.09622828662395477, 0.4560461640357971, -0.8847384452819824, 0.029598712921142578, 0.8871592283248901, 0.46051332354545593),
            ["RightUpperArm"] = CFrame.new(0, -1.1920928955078125e-07, -2.384185791015625e-07, 0.3309663236141205, -0.3064241111278534, 0.8925052881240845, 0.7808617949485779, -0.44210895895957947, -0.4413551688194275, 0.5298265218734741, 0.8429970145225525, 0.09295178204774857),
            ["UpperTorso"] = CFrame.new(-8.707866072654724e-08, -2.086162567138672e-07, 1.862645149230957e-09, 0.940843939781189, 0.33529043197631836, -0.048920098692178726, -0.30212682485580444, 0.7647513151168823, -0.5691000819206238, -0.15340209007263184, 0.550214409828186, 0.8208116888999939),
            ["HumanoidRootPart"] = CFrame.new(0, 0, 0, 1, 0, 0, 0, 1, 0, 0, 0, 1),
            ["RightHand"] = CFrame.new(-4.470348358154297e-08, -5.960464477539063e-08, 5.587935447692871e-08, 0.0433586947619915, -0.9588419795036316, 0.2806103229522705, 0.9681521654129028, -0.02899724431335926, -0.24867786467075348, 0.24657972157001495, 0.2824557423591614, 0.9270476698875427),
            ["LeftUpperArm"] = CFrame.new(0, -1.1920928955078125e-07, -1.341104507446289e-07, 0.6748565435409546, -0.4044674038887024, -0.6172316670417786, -0.6972208619117737, -0.623499870300293, -0.3537387251853943, -0.24176806211471558, 0.6690695285797119, -0.7027760148048401),
            ["RightLowerArm"] = CFrame.new(0, 1.1920928955078125e-07, -1.9371509552001953e-07, 1, -1.1714293535192155e-08, 7.450581485102248e-09, -3.725290653733282e-08, 0.9705976843833923, -0.24070781469345093, 1.4901162970204496e-08, 0.24070784449577332, 0.9705976247787476),
            ["LeftHand"] = CFrame.new(3.129243850708008e-07, 0, -3.3527612686157227e-08, 0.07926645874977112, 0.9272536635398865, -0.36594733595848083, -0.9807723760604858, 0.13821549713611603, 0.13777537643909454, 0.1783323884010315, 0.3479900360107422, 0.920380711555481),
            ["RightUpperLeg"] = CFrame.new(-1.7881393432617188e-07, -4.824250936508179e-07, 2.0656443666666746e-08, 0.2963508367538452, -0.8657985329627991, -0.4031982719898224, 0.31565093994140625, 0.4872274398803711, -0.8142324090003967, 0.9014105200767517, 0.11402872204780579, 0.4176803231239319),
            ["LeftUpperLeg"] = CFrame.new(-2.384185791015625e-07, -4.2724423110485077e-07, 2.60770320892334e-08, 0.3762342631816864, 0.8537595272064209, 0.35991957783699036, -0.33615735173225403, 0.4877762496471405, -0.8056505918502808, -0.863392174243927, 0.18212391436100006, 0.4705158472061157),
            ["RightLowerLeg"] = CFrame.new(-5.420297384262085e-07, -0.000003814697265625, -0.000013098288036417216, 1, 3.1577670256410784e-08, -1.210719347000122e-08, -2.1234157543403853e-07, 0.9999832510948181, 0.005787487607449293, 1.862645371275562e-09, -0.005787309259176254, 0.9999833106994629),
            ["RightFoot"] = CFrame.new(6.891787052154541e-08, 2.980232238769531e-07, 3.58391844201833e-07, 0.9348023533821106, 0.31917425990104675, 0.15579666197299957, -0.355167955160141, 0.840868353843689, 0.40840715169906616, -0.0006515830173157156, -0.43711355328559875, 0.8994059562683105),
            ["LeftLowerLeg"] = CFrame.new(-1.9371509552001953e-07, 0.000004231929779052734, 0.000013314187526702881, 1, -1.4901155864777138e-08, 8.940693874137651e-08, -1.3411040811206476e-07, 0.9999842643737793, 0.005607469007372856, 1.4901155864777138e-08, -0.005607282742857933, 0.9999842643737793),
        }},
        {Time = 0.267, Data = {
            ["LeftFoot"] = CFrame.new(-2.9802322387695312e-08, -3.5762786865234375e-07, 4.470348358154297e-08, 0.9999337196350098, 0.01132932584732771, -0.0020648115314543247, -0.011515290476381779, 0.9818118214607239, -0.1895073801279068, -0.00012005936878267676, 0.18951858580112457, 0.9818772077560425),
            ["LeftLowerArm"] = CFrame.new(5.960464477539062e-07, -1.1920928955078125e-07, -4.842877388000488e-08, 1, 2.2351741790771484e-08, 3.725289587919178e-08, -1.4901164746561335e-08, 0.9880922436714172, -0.15386319160461426, -2.7939684343891713e-08, 0.15386316180229187, 0.9880921840667725),
            ["LowerTorso"] = CFrame.new(0.00046896934509277344, 0.7558383941650391, -0.08984027057886124, -0.12846097350120544, 0.004023631568998098, -0.9917064905166626, -0.58246248960495, -0.8096479773521423, 0.07216435670852661, -0.8026427030563354, 0.5869019031524658, 0.10635140538215637),
            ["Head"] = CFrame.new(-1.4901161193847656e-08, 1.1920928955078125e-07, -5.029141902923584e-08, 0.9916538000106812, -0.11490418016910553, 0.05847926437854767, 0.10703688859939575, 0.48085713386535645, -0.870241105556488, 0.07187420129776001, 0.8692373633384705, 0.4891427457332611),
            ["RightUpperArm"] = CFrame.new(-1.1920928955078125e-07, 1.1920928955078125e-07, 0, 0.2803080976009369, -0.43840381503105164, 0.8539493083953857, 0.760922372341156, -0.4408351480960846, -0.47608983516693115, 0.5851704478263855, 0.7832409739494324, 0.21002160012722015),
            ["UpperTorso"] = CFrame.new(2.569868229329586e-07, 2.9802322387695312e-08, -3.5390257835388184e-08, 0.8207671046257019, 0.5709290504455566, -0.019531987607479095, -0.5166776180267334, 0.7273215651512146, -0.45171627402305603, -0.24369189143180847, 0.3808456361293793, 0.891947865486145),
            ["HumanoidRootPart"] = CFrame.new(0, 0, 0, 1, 0, 0, 0, 1, 0, 0, 0, 1),
            ["RightHand"] = CFrame.new(-2.0116567611694336e-07, 1.7881393432617188e-07, -1.7508864402770996e-07, 0.07672414183616638, -0.9483282566070557, 0.307874858379364, 0.9144421219825745, -0.05613850802183151, -0.4008043110370636, 0.397377610206604, 0.31228506565093994, 0.8628841042518616),
            ["LeftUpperArm"] = CFrame.new(0, 1.1920928955078125e-07, 4.470348358154297e-08, 0.6953630447387695, -0.47107213735580444, -0.5427350997924805, -0.6837104558944702, -0.6662775278091431, -0.2976815700531006, -0.22138267755508423, 0.5780704617500305, -0.7853816747665405),
            ["RightLowerArm"] = CFrame.new(-1.7881393432617188e-07, 0, -1.862645149230957e-07, 1, 3.725290298461914e-08, 0, -7.450580596923828e-09, 0.9859674572944641, -0.16693805158138275, -1.4901161193847656e-08, 0.16693800687789917, 0.9859674572944641),
            ["LeftHand"] = CFrame.new(-3.725290298461914e-08, 5.960464477539063e-08, 2.0489096641540527e-08, 0.43604952096939087, 0.7999247908592224, -0.41228771209716797, -0.7347099781036377, 0.5809980034828186, 0.35020381212234497, 0.5196750164031982, 0.15020567178726196, 0.8410565853118896),
            ["RightUpperLeg"] = CFrame.new(5.960464477539063e-08, -2.3344182409346104e-07, -3.149762051180005e-08, 0.2169847935438156, -0.9665642380714417, -0.13664226233959198, 0.2981501817703247, 0.19890952110290527, -0.9335639476776123, 0.9295289516448975, 0.1618291139602661, 0.3313416838645935),
            ["LeftUpperLeg"] = CFrame.new(2.682209014892578e-07, -4.66563506051898e-07, 1.1175870895385742e-08, 0.6262850165367126, 0.6311682462692261, 0.4575957655906677, -0.4583204388618469, 0.7729098200798035, -0.43880847096443176, -0.6306421160697937, 0.06509368866682053, 0.7733391523361206),
            ["RightLowerLeg"] = CFrame.new(8.568167686462402e-08, -0.0000037550926208496094, -0.000013373959518503398, 1, -1.0058282384761696e-07, -1.4901159417490817e-08, 1.0058281674218961e-07, 0.9999834299087524, 0.005756897386163473, 4.097818262494002e-08, -0.005756713915616274, 0.9999834895133972),
