return {
    ["Caves In"] = {
        [1] = {Time = 0.000, Data = {
            ["LeftLowerArm"] = CFrame.new(-8.940696716308594e-08, -5.960464477539063e-08, 7.450580596923828e-08, 1, -8.940698137394065e-08, 6.705522537231445e-08, 7.916242594774303e-08, 0.2878943979740143, -0.9576621651649475, 5.960465188081798e-08, 0.9576622247695923, 0.2878943383693695),
            ["LeftFoot"] = CFrame.new(3.91155481338501e-08, -1.1920928955078125e-07, 7.82310962677002e-08, 0.9920032620429993, 0.03841249272227287, 0.12022469192743301, -0.06233268231153488, 0.9773917198181152, 0.2020401507616043, -0.10974565148353577, -0.20791840553283691, 0.9719701409339905),
            ["RightHand"] = CFrame.new(-1.8998980522155762e-07, -3.5762786865234375e-07, -2.9802322387695312e-08, 0.990403950214386, -0.13820217549800873, 0.000548187643289566, 0.13807114958763123, 0.9896228313446045, 0.039787862449884415, -0.006041272077709436, -0.0393303819000721, 0.9992080330848694),
            ["HumanoidRootPart"] = CFrame.new(0, 0, 0, 1, 0, 0, 0, 1, 0, 0, 0, 1),
            ["RightLowerLeg"] = CFrame.new(-5.960464477539063e-08, -0.00012236833572387695, -0.00007743218884570524, 1, -1.4714890994582674e-07, -1.8998984785412176e-07, 1.30385160446167e-07, -0.21802569925785065, 0.9759430885314941, -1.825392246246338e-07, -0.9759430289268494, -0.21802575886249542),
            ["RightFoot"] = CFrame.new(1.4901161193847656e-08, 4.172325134277344e-07, -2.8107024263590574e-08, 0.9831589460372925, 0.11389023810625076, 0.1429252177476883, 0.06448065489530563, 0.5155933499336243, -0.8544036746025085, -0.17099937796592712, 0.8492305278778076, 0.49956652522087097),
            ["LeftLowerLeg"] = CFrame.new(3.5390257835388184e-08, 0.0001226663589477539, 0.00007731467485427856, 1, 7.636845111846924e-08, 6.798653373607522e-08, -8.055940270423889e-08, 0.2667735815048218, 0.963759183883667, 6.542541086673737e-08, -0.9637593030929565, 0.26677364110946655),
            ["RightUpperArm"] = CFrame.new(0, 1.1920928955078125e-07, -1.2479722499847412e-07, 0.984777569770813, -0.034936726093292236, -0.17027229070663452, 0.09592239558696747, 0.9261547327041626, 0.36474165320396423, 0.1449556201696396, -0.37552228569984436, 0.9154074788093567),
            ["Head"] = CFrame.new(2.7939677238464355e-09, 1.1920928955078125e-07, -1.0686926543712616e-07, 0.9973107576370239, 0.004544861614704132, 0.07314789295196533, -0.024982353672385216, 0.9593811631202698, 0.28100502490997314, -0.06889957189559937, -0.2820766270160675, 0.9569146633148193),
            ["UpperTorso"] = CFrame.new(-1.862645149230957e-09, 8.940696716308594e-08, -2.4097971618175507e-08, 0.9972254633903503, -0.019967447966337204, 0.07171393930912018, -0.022732820361852646, 0.8356536626815796, 0.5487861633300781, -0.07088587433099747, -0.5488936901092529, 0.8328810930252075),
            ["LeftUpperArm"] = CFrame.new(5.960464477539063e-08, 2.384185791015625e-07, 2.60770320892334e-08, 0.20586250722408295, 0.38892313838005066, -0.8979752659797668, -0.41281604766845703, 0.8664975762367249, 0.2806510329246521, 0.8872449994087219, 0.31292301416397095, 0.3389331102371216),
            ["RightLowerArm"] = CFrame.new(5.960464477539063e-08, -2.384185791015625e-07, -2.9802322387695312e-08, 1, -3.725289943190546e-08, -3.725290298461914e-09, 2.9802322387695312e-08, 0.9654983282089233, -0.2604091763496399, 1.862645149230957e-08, 0.2604091167449951, 0.9654983878135681),
            ["LeftHand"] = CFrame.new(1.4901161193847656e-08, -1.1920928955078125e-07, 7.450580596923828e-09, 0.9568971991539001, 0.2627921998500824, -0.1236448660492897, -0.286948025226593, 0.9211718440055847, -0.2628750205039978, 0.044816676527261734, 0.28702405095100403, 0.9568744897842407),
            ["cam"] = CFrame.new(3.6090872287750244, -2.348043203353882, -7.173600196838379, -0.15439334511756897, 0.1064835637807846, 0.9822545051574707, -0.28482791781425476, 0.9471702575683594, -0.14745013415813446, -0.9460632801055908, -0.3025388717651367, -0.11590730398893356),
            ["LowerTorso"] = CFrame.new(-0.017453234642744064, -0.7859444618225098, 0.019580068066716194, 0.9992408156394958, -0.02525661140680313, -0.02966286800801754, 0.016519438475370407, 0.9642381072044373, -0.2645222544670105, 0.03528300300240517, 0.2638314366340637, 0.9639232754707336),
            ["RightUpperLeg"] = CFrame.new(0, 2.8312206268310547e-07, -5.198671715334058e-08, 0.9776960611343384, -0.1861604005098343, -0.09723556041717529, 0.18215273320674896, 0.9820653200149536, -0.048662666231393814, 0.10455074906349182, 0.029865412041544914, 0.9940710663795471),
            ["LeftUpperLeg"] = CFrame.new(8.940696716308594e-08, -3.800960257649422e-08, 1.1990778148174286e-08, 0.9977564215660095, 0.05888091400265694, 0.03186284750699997, 0.011357689276337624, 0.3201603591442108, -0.9472953677177429, -0.06597883254289627, 0.9455318450927734, 0.31877315044403076)
        }},
        [2] = {Time = 0.033, Data = {
            ["LeftLowerArm"] = CFrame.new(0, -4.76837158203125e-07, -5.960464477539063e-08, 1, -6.705523958316917e-08, 5.215407838932151e-08, 8.195638656616211e-08, 0.2879951000213623, -0.9576319456100464, 5.587935447692871e-08, 0.9576319456100464, 0.2879951596260071),
            ["LeftFoot"] = CFrame.new(2.1420419216156006e-08, 0, -9.685754776000977e-08, 0.9920101165771484, 0.03842521086335182, 0.12016484141349792, -0.06233303248882294, 0.9773909449577332, 0.20204389095306396, -0.10968433320522308, -0.207919642329216, 0.9719767570495605),
            ["RightHand"] = CFrame.new(5.21540641784668e-08, 1.1920928955078125e-07, -1.341104507446289e-07, 0.9903782606124878, -0.13838599622249603, 0.0005152225494384766, 0.13825607299804688, 0.9895965456962585, 0.039799608290195465, -0.0060175517573952675, -0.03934546187520027, 0.999207615852356),
            ["HumanoidRootPart"] = CFrame.new(0, 0, 0, 1, 0, 0, 0, 1, 0, 0, 0, 1),
            ["RightLowerLeg"] = CFrame.new(-3.3527612686157227e-08, -0.00012248754501342773, -0.00007743963942630216, 1, -1.583247808412125e-07, -1.6391281576488836e-07, 1.3783574104309082e-07, -0.21797911822795868, 0.9759535193443298, -2.0116567611694336e-07, -0.9759534597396851, -0.2179790884256363),
            ["RightFoot"] = CFrame.new(-6.332993507385254e-08, 4.172325134277344e-07, 9.145878721028566e-09, 0.9831759333610535, 0.11382745206356049, 0.14285792410373688, 0.06444932520389557, 0.5156179666519165, -0.8543912172317505, -0.17091314494609833, 0.8492240309715271, 0.4996071457862854),
            ["LeftLowerLeg"] = CFrame.new(1.9371509552001953e-07, 0.0001227855682373047, 0.00007752887904644012, 1, 7.916241173688832e-08, 6.332991375757047e-08, -8.102506399154663e-08, 0.2668244540691376, 0.9637451171875, 6.530899554491043e-08, -0.9637451171875, 0.2668246626853943),
            ["RightUpperArm"] = CFrame.new(0, 3.5762786865234375e-07, 3.725290298461914e-09, 0.9847215414047241, -0.03446267917752266, -0.17069268226623535, 0.09565682709217072, 0.926137387752533, 0.3648553788661957, 0.1455109864473343, -0.375608891248703, 0.9152839779853821),
            ["Head"] = CFrame.new(-9.313225746154785e-10, 1.1920928955078125e-07, 2.3283064365386963e-10, 0.9972994327545166, 0.0044778333976864815, 0.07330651581287384, -0.024962760508060455, 0.9593821167945862, 0.2810036838054657, -0.06907068192958832, -0.2820746600627899, 0.9569028615951538),
            ["UpperTorso"] = CFrame.new(1.3969838619232178e-09, 5.960464477539063e-08, -1.146690919995308e-08, 0.997220516204834, -0.01993749849498272, 0.07179055362939835, -0.022782156243920326, 0.8357916474342346, 0.5485739707946777, -0.07093913853168488, -0.5486847162246704, 0.8330143094062805),
            ["LeftUpperArm"] = CFrame.new(0, 3.5762786865234375e-07, 2.2351741790771484e-08, 0.2058669477701187, 0.38893434405326843, -0.8979693651199341, -0.412808358669281, 0.866497278213501, 0.2806631028652191, 0.8872474431991577, 0.3129099905490875, 0.338938444852829),
            ["RightLowerArm"] = CFrame.new(-8.940696716308594e-08, 5.960464477539063e-08, -1.043081283569336e-07, 1, -1.8626449271863521e-09, 7.4505797087454084e-09, 3.725290298461914e-08, 0.9654983878135681, -0.2604089379310608, 3.725290298461914e-09, 0.2604089081287384, 0.9654984474182129),
            ["LeftHand"] = CFrame.new(-5.960464477539063e-08, 1.1920928955078125e-07, 3.3527612686157227e-08, 0.9569419622421265, 0.26259562373161316, -0.12371663749217987, -0.2867569625377655, 0.9213684797286987, -0.26239416003227234, 0.045085079967975616, 0.2865726351737976, 0.9569972157478333),
            ["cam"] = CFrame.new(3.609121084213257, -2.348036050796509, -7.173371315002441, -0.15440326929092407, 0.10633426904678345, 0.9822692275047302, -0.28483206033706665, 0.9471908807754517, -0.14730972051620483, -0.9460604190826416, -0.30252689123153687, -0.11596197634935379),
            ["LowerTorso"] = CFrame.new(-0.017406189814209938, -0.7859025001525879, 0.019579915329813957, 0.9992408156394958, -0.02525661140680313, -0.02966286800801754, 0.016519438475370407, 0.9642381072044373, -0.2645222544670105, 0.03528300300240517, 0.2638314366340637, 0.9639232754707336),
            ["RightUpperLeg"] = CFrame.new(0, 2.4493783712387085e-07, -4.7330104280263186e-08, 0.9777140021324158, -0.1860676109790802, -0.09723254293203354, 0.1820613145828247, 0.9820831418037415, -0.04864656180143356, 0.10454201698303223, 0.029859988018870354, 0.9940720796585083),
            ["LeftUpperLeg"] = CFrame.new(-5.960464477539063e-08, 1.6612466424703598e-07, -8.498318493366241e-09, 0.9977524280548096, 0.05893857404589653, 0.03188205137848854, 0.011354165151715279, 0.32020753622055054, -0.9472795128822327, -0.06604016572237015, 0.9455122351646423, 0.3188185393810272)
        }},
        [3] = {Time = 0.067, Data = {
            ["LeftLowerArm"] = CFrame.new(-5.960464477539063e-08, -1.7881393432617188e-07, -2.9802322387695312e-08, 1, -8.940698137394065e-08, 4.0978196835794733e-08, 8.940696716308594e-08, 0.2882939279079437, -0.9575420618057251, 4.842877388000488e-08, 0.9575420022010803, 0.2882939577102661),
            ["LeftFoot"] = CFrame.new(4.6566128730773926e-08, 5.960464477539063e-08, 2.2351741790771484e-08, 0.9920300245285034, 0.03846249729394913, 0.11998859792947769, -0.062333814799785614, 0.9773886799812317, 0.20205438137054443, -0.10950387269258499, -0.20792324841022491, 0.9719963073730469),
            ["RightHand"] = CFrame.new(6.332993507385254e-08, -1.1920928955078125e-07, 0, 0.9903024435043335, -0.1389279067516327, 0.0004178732051514089, 0.1388012170791626, 0.9895188212394714, 0.03983420506119728, -0.0059475223533809185, -0.0393899530172348, 0.9992061853408813),
            ["HumanoidRootPart"] = CFrame.new(0, 0, 0, 1, 0, 0, 0, 1, 0, 0, 0, 1),
            ["RightLowerLeg"] = CFrame.new(-1.1175870895385742e-07, -0.00012236833572387695, -0.00007744709000689909, 1, -1.4714890994582674e-07, -1.8440189819557418e-07, 1.5273688802608376e-07, -0.21784107387065887, 0.9759842753410339, -1.8253919620292436e-07, -0.9759842753410339, -0.21784117817878723),
            ["RightFoot"] = CFrame.new(-3.3527612686157227e-08, 2.980232238769531e-07, 9.145878721028566e-09, 0.9832261204719543, 0.11364276707172394, 0.14265994727611542, 0.0643571987748146, 0.5156903862953186, -0.8543545603752136, -0.17065943777561188, 0.8492047786712646, 0.4997263252735138),
            ["LeftLowerLeg"] = CFrame.new(8.009374141693115e-08, 0.00012254714965820312, 0.00007751584053039551, 1, 7.776543498039246e-08, 6.332992086299782e-08, -7.986091787870464e-08, 0.2669757604598999, 0.9637032151222229, 6.437768007572231e-08, -0.9637032747268677, 0.26697590947151184),
            ["RightUpperArm"] = CFrame.new(0, -2.384185791015625e-07, -2.2351741790771484e-08, 0.9845584034919739, -0.033102378249168396, -0.1718982458114624, 0.09489525109529495, 0.9260867238044739, 0.36518266797065735, 0.14710426330566406, -0.3758559823036194, 0.91492760181427),
            ["Head"] = CFrame.new(-9.313225746154785e-10, -1.1920928955078125e-07, 2.6309862732887268e-08, 0.9972658157348633, 0.004279631190001965, 0.07377343624830246, -0.024904241785407066, 0.959384560585022, 0.2810001075267792, -0.0695745050907135, -0.28206905722618103, 0.956868052482605),
            ["UpperTorso"] = CFrame.new(-4.656612873077393e-10, 8.940696716308594e-08, 0, 0.997205913066864, -0.01984843797981739, 0.0720171183347702, -0.022928934544324875, 0.8361946940422058, 0.5479533076286316, -0.07109634578227997, -0.5480735898017883, 0.8334031105041504),
            ["LeftUpperArm"] = CFrame.new(0, 2.384185791015625e-07, 1.1548399925231934e-07, 0.20587971806526184, 0.3889673054218292, -0.897952139377594, -0.4127861559391022, 0.8664962649345398, 0.28069907426834106, 0.8872547745704651, 0.3128719627857208, 0.33895426988601685),
            ["RightLowerArm"] = CFrame.new(1.1920928955078125e-07, 1.7881393432617188e-07, 1.1920928955078125e-07, 1, -2.2351741790771484e-08, -3.725290742551124e-09, 3.725290298461914e-08, 0.9654989242553711, -0.2604072690010071, 7.450580596923828e-09, 0.2604071795940399, 0.9654989838600159),
            ["LeftHand"] = CFrame.new(-2.9802322387695312e-08, 2.980232238769531e-07, 1.6391277313232422e-07, 0.957072377204895, 0.26201993227005005, -0.12392761558294296, -0.2861962914466858, 0.9219430088996887, -0.26098451018333435, 0.0458710640668869, 0.28524869680404663, 0.9573553204536438),
            ["cam"] = CFrame.new(3.6092231273651123, -2.3480141162872314, -7.17268705368042, -0.15443354845046997, 0.10589137673377991, 0.9823122620582581, -0.2848442792892456, 0.9472518563270569, -0.1468934416770935, -0.946051836013794, -0.30249130725860596, -0.11612492054700851),
            ["LowerTorso"] = CFrame.new(-0.017267676070332527, -0.7857785224914551, 0.01957884058356285, 0.9992408156394958, -0.02525661140680313, -0.02966286800801754, 0.016519438475370407, 0.9642381072044373, -0.2645222544670105, 0.03528300300240517, 0.2638314366340637, 0.9639232754707336),
            ["RightUpperLeg"] = CFrame.new(0, 2.7567148208618164e-07, -4.7330104280263186e-08, 0.9777668118476868, -0.18579448759555817, -0.09722381085157394, 0.18179233372211456, 0.9821354150772095, -0.04859825596213341, 0.10451621562242508, 0.029843050986528397, 0.994075357913971),
            ["LeftUpperLeg"] = CFrame.new(2.9802322387695312e-08, 8.451752364635468e-08, 2.3865140974521637e-08, 0.9977405071258545, 0.05910828709602356, 0.03193855285644531, 0.011343644931912422, 0.32034799456596375, -0.9472320675849915, -0.0662207081913948, 0.9454541206359863, 0.3189535439014435)
        }},
        [4] = {Time = 0.100, Data = {
            ["LeftLowerArm"] = CFrame.new(0, 5.960464477539063e-08, -2.9802322387695312e-08, 1, -8.195638656616211e-08, 7.078050856534901e-08, 7.82310962677002e-08, 0.2887859344482422, -0.9573936462402344, 4.842877388000488e-08, 0.9573937654495239, 0.2887859344482422),
            ["LeftFoot"] = CFrame.new(-1.862645149230957e-08, 0, -7.264316082000732e-08, 0.9920622706413269, 0.038522470742464066, 0.11970198899507523, -0.06233423203229904, 0.977385401725769, 0.20207007229328156, -0.10921063274145126, -0.20792755484580994, 0.972028374671936),
            ["RightHand"] = CFrame.new(-6.332993507385254e-08, -5.960464477539063e-08, 8.940696716308594e-08, 0.9901778697967529, -0.1398136168718338, 0.0002583935565780848, 0.13969211280345917, 0.9893912076950073, 0.03989071026444435, -0.005832920782268047, -0.03946280851960182, 0.9992039799690247),
            ["HumanoidRootPart"] = CFrame.new(0, 0, 0, 1, 0, 0, 0, 1, 0, 0, 0, 1),
            ["RightLowerLeg"] = CFrame.new(-1.1175870895385742e-07, -0.00012236833572387695, -0.00007746199116809294, 1, -1.6763797816565784e-07, -1.620501706156574e-07, 1.4528632164001465e-07, -0.21761496365070343, 0.9760347008705139, -2.0116567611694336e-07, -0.9760347008705139, -0.21761493384838104),
            ["RightFoot"] = CFrame.new(3.725290298461914e-08, 3.5762786865234375e-07, -5.75528247281909e-09, 0.9833076000213623, 0.11334167420864105, 0.1423371136188507, 0.06420700997114182, 0.5158080458641052, -0.8542946577072144, -0.1702456921339035, 0.8491736054420471, 0.49992069602012634),
            ["LeftLowerLeg"] = CFrame.new(-1.30385160446167e-08, 0.00012296438217163086, 0.00007745809853076935, 1, 8.00937343115038e-08, 6.705521116145974e-08, -8.195639367158947e-08, 0.267219603061676, 0.9636356234550476, 6.63567405467802e-08, -0.9636356234550476, 0.2672197222709656),
            ["RightUpperArm"] = CFrame.new(0, 1.1920928955078125e-07, 1.0058283805847168e-07, 0.9842937588691711, -0.030948368832468987, -0.17380492389202118, 0.09369071573019028, 0.9260042905807495, 0.36570239067077637, 0.14962619543075562, -0.3762425184249878, 0.9143597483634949),
            ["Head"] = CFrame.new(-9.313225746154785e-10, -2.384185791015625e-07, 3.3760443329811096e-08, 0.9972106218338013, 0.003954616840928793, 0.07453493773937225, -0.024807129055261612, 0.9593888521194458, 0.2809946537017822, -0.07039674371480942, -0.2820596396923065, 0.9568105936050415),
            ["UpperTorso"] = CFrame.new(2.7939677238464355e-09, 5.960464477539063e-08, 2.2992026060819626e-08, 0.9971819519996643, -0.019701331853866577, 0.07238872349262238, -0.02317121811211109, 0.8368456959724426, 0.5469483733177185, -0.07135380804538727, -0.5470842719078064, 0.83403080701828),
            ["LeftUpperArm"] = CFrame.new(0, 0, 7.450580596923828e-08, 0.2059003859758377, 0.3890218734741211, -0.8979237675666809, -0.4127506911754608, 0.8664938807487488, 0.2807583510875702, 0.8872666358947754, 0.31281036138534546, 0.33898043632507324),
            ["RightLowerArm"] = CFrame.new(2.384185791015625e-07, -1.1920928955078125e-07, 5.960464477539063e-08, 1, -9.313225746154785e-09, 1.4901159417490817e-08, 2.9802322387695312e-08, 0.9655000567436218, -0.26040297746658325, 1.1175870895385742e-08, 0.26040294766426086, 0.965499997138977),
            ["LeftHand"] = CFrame.new(-5.960464477539063e-08, 1.1920928955078125e-07, -4.0978193283081055e-08, 0.957283079624176, 0.26108574867248535, -0.1242719441652298, -0.2852833569049835, 0.9228706359863281, -0.2586950361728668, 0.04714537411928177, 0.28309711813926697, 0.9579318761825562),
            ["cam"] = CFrame.new(3.609391689300537, -2.347978115081787, -7.1715521812438965, -0.1544845551252365, 0.10516243427991867, 0.982382595539093, -0.2848643362522125, 0.9473517537117004, -0.14620885252952576, -0.9460375308990479, -0.30243271589279175, -0.11639418452978134),
            ["LowerTorso"] = CFrame.new(-0.017041640356183052, -0.785576581954956, 0.019575925543904305, 0.9992408156394958, -0.02525661140680313, -0.02966286800801754, 0.016519438475370407, 0.9642381072044373, -0.2645222544670105, 0.03528300300240517, 0.2638314366340637, 0.9639232754707336),
            ["RightUpperLeg"] = CFrame.new(0, 1.1734664440155029e-07, 1.6931153368204832e-08, 0.9778527617454529, -0.18534903228282928, -0.09720965474843979, 0.18135370314121246, 0.9822204113006592, -0.04851815849542618, 0.10447410494089127, 0.02981412038207054, 0.9940806031227112),
            ["LeftUpperLeg"] = CFrame.new(0, 1.5797559171915054e-07, -5.238689482212067e-09, 0.9977211952209473, 0.0593843013048172, 0.03202983736991882, 0.011325879022479057, 0.3205757737159729, -0.947155237197876, -0.06651412695646286, 0.9453596472740173, 0.31917253136634827)
        }},
        [5] = {Time = 0.133, Data = {
            ["LeftLowerArm"] = CFrame.new(0, 1.1920928955078125e-07, -2.9802322387695312e-08, 1, -7.450581307466564e-08, 5.960465188081798e-08, 7.82310962677002e-08, 0.28946611285209656, -0.9571883082389832, 1.862645149230957e-08, 0.9571883678436279, 0.2894660532474518),
            ["LeftFoot"] = CFrame.new(4.6566128730773926e-09, 5.960464477539063e-08, 3.5390257835388184e-08, 0.9921063780784607, 0.038603805005550385, 0.11930987238883972, -0.062334030866622925, 0.9773812294006348, 0.20209038257598877, -0.10880964994430542, -0.2079320251941681, 0.972072422504425),
            ["RightHand"] = CFrame.new(-4.0978193283081055e-08, 1.1920928955078125e-07, 2.9802322387695312e-08, 0.990005612373352, -0.14102861285209656, 0.000039212409319588915, 0.14091432094573975, 0.9892147779464722, 0.03996814414858818, -0.005675425287336111, -0.03956315293908119, 0.9992009997367859),
            ["HumanoidRootPart"] = CFrame.new(0, 0, 0, 1, 0, 0, 0, 1, 0, 0, 0, 1),
            ["RightLowerLeg"] = CFrame.new(-2.9802322387695312e-08, -0.00012248754501342773, -0.0000774172876845114, 1, -1.825391535703602e-07, -1.8347061825352284e-07, 1.4528632164001465e-07, -0.21730364859104156, 0.9761041402816772, -1.9744038581848145e-07, -0.9761040210723877, -0.21730375289916992),
            ["RightFoot"] = CFrame.new(1.4901161193847656e-08, 3.5762786865234375e-07, 5.420588422566652e-09, 0.983418881893158, 0.1129298210144043, 0.1418953388929367, 0.06400173157453537, 0.5159690380096436, -0.8542129397392273, -0.16967962682247162, 0.8491306900978088, 0.5001859664916992),
            ["LeftLowerLeg"] = CFrame.new(6.705522537231445e-08, 0.0001226663589477539, 0.0000771600753068924, 1, 7.82310962677002e-08, 6.705520405603238e-08, -8.12578946352005e-08, 0.26755234599113464, 0.9635432958602905, 6.763730198144913e-08, -0.9635434150695801, 0.2675524950027466),
            ["RightUpperArm"] = CFrame.new(0, 0, -5.587935447692871e-08, 0.9839305877685547, -0.028092872351408005, -0.1763278841972351, 0.09209642559289932, 0.9258906245231628, 0.36639437079429626, 0.15296725928783417, -0.3767458498477936, 0.9135993123054504),
            ["Head"] = CFrame.new(-9.313225746154785e-10, 0, -1.30385160446167e-08, 0.9971337914466858, 0.0035071619786322117, 0.07557742297649384, -0.024671759456396103, 0.9593942761421204, 0.2809875011444092, -0.07152309268712997, -0.2820466160774231, 0.9567309021949768),
            ["UpperTorso"] = CFrame.new(9.313225746154785e-10, 2.9802322387695312e-08, 2.537854015827179e-08, 0.9971486926078796, -0.01949705183506012, 0.07290033996105194, -0.023506954312324524, 0.8377274870872498, 0.5455824136734009, -0.07170787453651428, -0.5457404255867004, 0.8348804712295532),
            ["LeftUpperArm"] = CFrame.new(0, 0, -1.1175870895385742e-07, 0.20592771470546722, 0.38909777998924255, -0.8978846073150635, -0.41270312666893005, 0.8664900064468384, 0.28084033727645874, 0.8872823119163513, 0.3127269446849823, 0.33901622891426086),
            ["RightLowerArm"] = CFrame.new(0, 1.1920928955078125e-07, 1.341104507446289e-07, 1, -2.2351741790771484e-08, -1.1175870895385742e-08, 3.725290298461914e-08, 0.9655022621154785, -0.2603946626186371, 3.725290298461914e-09, 0.2603946626186371, 0.9655022621154785),
            ["LeftHand"] = CFrame.new(-1.4901161193847656e-08, -1.1920928955078125e-07, -6.332993507385254e-08, 0.9575675129890442, 0.2598138749599457, -0.12474463135004044, -0.28403419256210327, 0.9241247177124023, -0.25557416677474976, 0.04887790605425835, 0.2801612913608551, 0.9587078094482422),
            ["cam"] = CFrame.new(3.6096267700195312, -2.3479275703430176, -7.169970512390137, -0.15455767512321472, 0.10415498167276382, 0.9824783205986023, -0.28489190340042114, 0.9474889039993286, -0.14526322484016418, -0.9460172057151794, -0.3023516535758972, -0.11676876246929169),
            ["LowerTorso"] = CFrame.new(-0.016732020303606987, -0.7853000164031982, 0.01957024820148945, 0.9992408156394958, -0.02525661140680313, -0.02966286800801754, 0.016519438475370407, 0.9642381072044373, -0.2645222544670105, 0.03528300300240517, 0.2638314366340637, 0.9639232754707336),
            ["RightUpperLeg"] = CFrame.new(0, 9.220093488693237e-08, -2.6266206987202168e-09, 0.9779700636863708, -0.1847393810749054, -0.09719051420688629, 0.180753692984581, 0.9823365211486816, -0.048406410962343216, 0.10441635549068451, 0.029772331938147545, 0.9940879940986633),
            ["LeftUpperLeg"] = CFrame.new(8.940696716308594e-08, 1.3725366443395615e-07, 3.1781382858753204e-08, 0.997694730758667, 0.05976187065243721, 0.032154280692338943, 0.011300919577479362, 0.3208877742290497, -0.9470499157905579, -0.06691537797451019, 0.9452298879623413, 0.3194725811481476)
        }},
        [6] = {Time = 0.167, Data = {
            ["LeftLowerArm"] = CFrame.new(-2.9802322387695312e-08, -1.7881393432617188e-07, -2.086162567138672e-07, 1, -7.450581307466564e-08, 5.960465188081798e-08, 8.381903171539307e-08, 0.29033002257347107, -0.9569266438484192, 5.587935447692871e-08, 0.9569265842437744, 0.2903299331665039),
            ["LeftFoot"] = CFrame.new(-2.9802322387695312e-08, 5.960464477539063e-08, 2.0489096641540527e-07, 0.9921614527702332, 0.03870459273457527, 0.1188182383775711, -0.06233232468366623, 0.9773765206336975, 0.20211374759674072, -0.10830729454755783, -0.20793554186820984, 0.9721277952194214),
            ["RightHand"] = CFrame.new(-1.341104507446289e-07, -5.960464477539063e-08, 1.4901161193847656e-08, 0.9897863864898682, -0.14255832135677338, -0.000237435131566599, 0.14245332777500153, 0.9889903664588928, 0.040065355598926544, -0.005476829130202532, -0.039689961820840836, 0.9991971254348755),
            ["HumanoidRootPart"] = CFrame.new(0, 0, 0, 1, 0, 0, 0, 1, 0, 0, 0, 1),
            ["RightLowerLeg"] = CFrame.new(-4.470348358154297e-08, -0.00012236833572387695, -0.00007743218884570524, 1, -1.6391268786719593e-07, -1.7043207378719671e-07, 1.4528632164001465e-07, -0.21691015362739563, 0.9761916399002075, -1.9371509552001953e-07, -0.976191520690918, -0.2169102132320404),
            ["RightFoot"] = CFrame.new(-5.21540641784668e-08, 2.980232238769531e-07, 2.032174961641431e-08, 0.983557939529419, 0.11241286993026733, 0.14134061336517334, 0.0637441873550415, 0.5161711573600769, -0.854110062122345, -0.1689687818288803, 0.8490763902664185, 0.5005185008049011),
            ["LeftLowerLeg"] = CFrame.new(1.2665987014770508e-07, 0.0001226663589477539, 0.0000774729996919632, 1, 8.335337042808533e-08, 6.891784920526334e-08, -8.032657916601238e-08, 0.26796773076057434, 0.9634278416633606, 6.321352685745296e-08, -0.9634279608726501, 0.2679678499698639),
            ["RightUpperArm"] = CFrame.new(0, 1.1920928955078125e-07, 4.842877388000488e-08, 0.9834710955619812, -0.02462814189493656, -0.17938232421875, 0.09016590565443039, 0.9257461428642273, 0.36723899841308594, 0.1570180505514145, -0.37734299898147583, 0.9126651287078857),
            ["Head"] = CFrame.new(4.6566128730773926e-09, 2.384185791015625e-07, 6.239861249923706e-08, 0.9970355033874512, 0.002941614016890526, 0.07688718289136887, -0.024498481303453445, 0.9594012498855591, 0.2809789180755615, -0.07293913513422012, -0.2820294201374054, 0.9566290974617004),
            ["UpperTorso"] = CFrame.new(4.190951585769653e-09, 2.9802322387695312e-08, -1.0069925338029861e-08, 0.9971062541007996, -0.019236324355006218, 0.07354690134525299, -0.023934006690979004, 0.8388224840164185, 0.5438788533210754, -0.07215501368045807, -0.5440652966499329, 0.8359346389770508),
            ["LeftUpperArm"] = CFrame.new(0, 1.1920928955078125e-07, 5.587935447692871e-08, 0.20596127212047577, 0.389194518327713, -0.8978348970413208, -0.4126448929309845, 0.8664838075637817, 0.2809446156024933, 0.8873015642166138, 0.3126232922077179, 0.33906129002571106),
            ["RightLowerArm"] = CFrame.new(1.1920928955078125e-07, 2.980232238769531e-07, 1.7881393432617188e-07, 1, -2.980232594040899e-08, -1.862645326866641e-08, 3.3527616238870905e-08, 0.9655060172080994, -0.26038092374801636, 1.4901162970204496e-08, 0.2603808641433716, 0.9655060768127441),
            ["LeftHand"] = CFrame.new(2.9802322387695312e-08, 5.960464477539063e-08, 5.21540641784668e-08, 0.9579192399978638, 0.2582252323627472, -0.12534146010875702, -0.28246384859085083, 0.9256762266159058, -0.2516700029373169, 0.051038067787885666, 0.2764838635921478, 0.9596623182296753),
            ["cam"] = CFrame.new(3.60992693901062, -2.347862482070923, -7.167945861816406, -0.15465371310710907, 0.10287639498710632, 0.9825980067253113, -0.2849268913269043, 0.9476614594459534, -0.1440640687942505, -0.945991039276123, -0.3022485673427582, -0.11724711209535599),
            ["LowerTorso"] = CFrame.new(-0.016342760995030403, -0.7849524021148682, 0.019560888409614563, 0.9992408156394958, -0.02525661140680313, -0.02966286800801754, 0.016519438475370407, 0.9642381072044373, -0.2645222544670105, 0.03528300300240517, 0.2638314366340637, 0.9639232754707336),
            ["RightUpperLeg"] = CFrame.new(0, 7.450580596923828e-08, 6.686605047434568e-09, 0.9781167507171631, -0.18397371470928192, -0.09716664999723434, 0.18000033497810364, 0.9824818968772888, -0.0482633039355278, 0.10434366017580032, 0.0297169741243124, 0.9940972328186035),
            ["LeftUpperLeg"] = CFrame.new(0, -5.413312464952469e-09, 1.6996636986732483e-08, 0.9976611733436584, 0.0602351576089859, 0.03230947628617287, 0.01126846857368946, 0.3212791979312897, -0.9469174742698669, -0.06741809099912643, 0.9450668692588806, 0.3198489546775818)
        }},
        [7] = {Time = 0.200, Data = {
            ["LeftLowerArm"] = CFrame.new(5.960464477539063e-08, 5.960464477539063e-08, 8.940696716308594e-08, 1, -5.2154071283894154e-08, 5.21540641784668e-08, 7.636845111846924e-08, 0.2913722097873688, -0.9566097855567932, 2.9802322387695312e-08, 0.956609845161438, 0.29137223958969116),
            ["LeftFoot"] = CFrame.new(-5.587935447692871e-08, 0, 1.1175870895385742e-07, 0.992226779460907, 0.03882342204451561, 0.11823219805955887, -0.062328726053237915, 0.9773714542388916, 0.20213927328586578, -0.10770890861749649, -0.20793718099594116, 0.9721938967704773),
            ["RightHand"] = CFrame.new(-5.960464477539063e-08, 0, -1.4901161193847656e-08, 0.9895209670066833, -0.14438845217227936, -0.0005692765116691589, 0.14429448544979095, 0.9887186884880066, 0.04018120467662811, -0.005238842219114304, -0.03984231501817703, 0.9991922974586487),
            ["HumanoidRootPart"] = CFrame.new(0, 0, 0, 1, 0, 0, 0, 1, 0, 0, 0, 1),
            ["RightLowerLeg"] = CFrame.new(-5.587935447692871e-08, -0.00012242794036865234, -0.00007738003478152677, 1, -1.7695120391181263e-07, -1.797452995333515e-07, 1.6391277313232422e-07, -0.21643735468387604, 0.9762964844703674, -1.7508864402770996e-07, -0.9762964844703674, -0.21643736958503723),
            ["RightFoot"] = CFrame.new(-6.332993507385254e-08, 4.172325134277344e-07, -5.045876605436206e-08, 0.9837231636047363, 0.1117963120341301, 0.14067864418029785, 0.06343728303909302, 0.5164121985435486, -0.8539871573448181, -0.16812071204185486, 0.8490111827850342, 0.5009146332740784),
            ["LeftLowerLeg"] = CFrame.new(6.705522537231445e-08, 0.0001227855682373047, 0.00007743202149868011, 1, 8.661300654466686e-08, 6.984918599073353e-08, -7.916242594774303e-08, 0.2684602439403534, 0.963290810585022, 6.274786557014522e-08, -0.9632908701896667, 0.26846030354499817),
            ["RightUpperArm"] = CFrame.new(0, -1.1920928955078125e-07, -4.0978193283081055e-08, 0.9829179048538208, -0.02064649574458599, -0.1828830987215042, 0.08795269578695297, 0.9255709052085876, 0.3682158887386322, 0.16166891157627106, -0.3780111074447632, 0.9115760326385498),
            ["Head"] = CFrame.new(7.450580596923828e-09, 0, 3.4924596548080444e-09, 0.9969154596328735, 0.002262353664264083, 0.07845053821802139, -0.024287646636366844, 0.9594092965126038, 0.2809695899486542, -0.07463052868843079, -0.28200820088386536, 0.9565049409866333),
            ["UpperTorso"] = CFrame.new(4.656612873077393e-10, 8.940696716308594e-08, 1.123407855629921e-08, 0.9970546960830688, -0.01891978457570076, 0.07432332634925842, -0.024450162425637245, 0.8401125073432922, 0.5418608784675598, -0.07269184291362762, -0.5420821309089661, 0.8371755480766296),
            ["LeftUpperArm"] = CFrame.new(0, 0, -7.450580596923828e-09, 0.20600077509880066, 0.38931193947792053, -0.8977749943733215, -0.41257715225219727, 0.8664753437042236, 0.2810704708099365, 0.8873239755630493, 0.3125007152557373, 0.33911582827568054),
            ["RightLowerArm"] = CFrame.new(0, -2.384185791015625e-07, 1.4901161193847656e-07, 1, -1.1175870895385742e-08, 1.862645149230957e-08, 3.725290298461914e-08, 0.9655115604400635, -0.260360449552536, 0, 0.2603604197502136, 0.9655115604400635),
            ["LeftHand"] = CFrame.new(-4.470348358154297e-08, 1.1920928955078125e-07, -1.4528632164001465e-07, 0.9583312273025513, 0.2563408315181732, -0.126058429479599, -0.28058671951293945, 0.9274952411651611, -0.2470298856496811, 0.05359477922320366, 0.27210667729377747, 0.9607734084129333),
            ["cam"] = CFrame.new(3.610292434692383, -2.347783327102661, -7.165482521057129, -0.15477322041988373, 0.1013340950012207, 0.9827394485473633, -0.28496894240379333, 0.9478674530982971, -0.14261852204799652, -0.9459587931632996, -0.3021237254142761, -0.11782743036746979),
            ["LowerTorso"] = CFrame.new(-0.015877800062298775, -0.7845373153686523, 0.01954692415893078, 0.9992408156394958, -0.02525661140680313, -0.02966286800801754, 0.016519438475370407, 0.9642381072044373, -0.2645222544670105, 0.03528300300240517, 0.2638314366340637, 0.9639232754707336),
            ["RightUpperLeg"] = CFrame.new(0, 1.4528632164001465e-07, -3.149762051180005e-08, 0.9782910346984863, -0.183059960603714, -0.09713835269212723, 0.17910164594650269, 0.9826546907424927, -0.04808909446001053, 0.10425665974617004, 0.029647326096892357, 0.9941084384918213),
            ["LeftUpperLeg"] = CFrame.new(0, -5.5122654885053635e-08, 3.457535058259964e-08, 0.9976210594177246, 0.060799211263656616, 0.032493673264980316, 0.011228537186980247, 0.3217456042766571, -0.9467596411705017, -0.06801694631576538, 0.9448720812797546, 0.3202974498271942)
        }},
        [8] = {Time = 0.233, Data = {
            ["LeftLowerArm"] = CFrame.new(0, 1.1920928955078125e-07, -1.4901161193847656e-08, 1, -7.450580596923828e-08, 3.725290653733282e-08, 7.82310962677002e-08, 0.29258832335472107, -0.9562385678291321, 3.3527612686157227e-08, 0.9562385082244873, 0.29258835315704346),
            ["LeftFoot"] = CFrame.new(1.955777406692505e-08, 1.7881393432617188e-07, 7.450580596923828e-09, 0.9923017024993896, 0.03895869851112366, 0.11755721271038055, -0.06232273578643799, 0.9773663282394409, 0.20216593146324158, -0.10702020674943924, -0.20793592929840088, 0.9722701907157898),
            ["RightHand"] = CFrame.new(1.1175870895385742e-07, 2.384185791015625e-07, -1.341104507446289e-07, 0.9892096519470215, -0.14650405943393707, -0.0009539945749565959, 0.1464230716228485, 0.9884002804756165, 0.04031459242105484, -0.004963304847478867, -0.040019236505031586, 0.9991865754127502),
            ["HumanoidRootPart"] = CFrame.new(0, 0, 0, 1, 0, 0, 0, 1, 0, 0, 0, 1),
            ["RightLowerLeg"] = CFrame.new(-4.0978193283081055e-08, -0.00012230873107910156, -0.00007745454058749601, 1, -1.6018742599044344e-07, -2.2072354965985141e-07, 1.3783574104309082e-07, -0.21588777005672455, 0.9764182567596436, -1.7881393432617188e-07, -0.976418137550354, -0.21588782966136932),
            ["RightFoot"] = CFrame.new(-5.587935447692871e-08, 2.384185791015625e-07, 5.3849362302571535e-08, 0.983912467956543, 0.11108595877885818, 0.1399156153202057, 0.06308399885892868, 0.5166905522346497, -0.853844940662384, -0.16714319586753845, 0.848935067653656, 0.5013706088066101),
            ["LeftLowerLeg"] = CFrame.new(3.5390257835388184e-08, 0.0001226663589477539, 0.00007745996117591858, 1, 7.869675755500793e-08, 6.705520405603238e-08, -8.265487849712372e-08, 0.2690252363681793, 0.9631330370903015, 6.949994713068008e-08, -0.9631332159042358, 0.26902538537979126),
            ["RightUpperArm"] = CFrame.new(0, -1.1920928955078125e-07, 3.725290298461914e-09, 0.982274055480957, -0.016240466386079788, -0.1867455095052719, 0.08551019430160522, 0.9253657460212708, 0.3693051338195801, 0.16681022942066193, -0.3787275552749634, 0.910351574420929),
            ["Head"] = CFrame.new(4.6566128730773926e-09, -1.1920928955078125e-07, 4.21423465013504e-08, 0.9967734217643738, 0.0014737506862729788, 0.08025376498699188, -0.024039581418037415, 0.9594184756278992, 0.2809597849845886, -0.0765828862786293, -0.28198230266571045, 0.9563581943511963),
            ["UpperTorso"] = CFrame.new(-9.313225746154785e-10, 1.1920928955078125e-07, -9.89530235528946e-09, 0.996994137763977, -0.018547970801591873, 0.07522443681955338, -0.02505316212773323, 0.841579794883728, 0.5395514369010925, -0.07331494987010956, -0.5398142337799072, 0.8385854363441467),
            ["LeftUpperArm"] = CFrame.new(0, 1.1920928955078125e-07, 7.450580596923828e-09, 0.20604483783245087, 0.3894496560096741, -0.8977051377296448, -0.41250109672546387, 0.866463840007782, 0.28121745586395264, 0.887349009513855, 0.3123609721660614, 0.3391788899898529),
            ["RightLowerArm"] = CFrame.new(0, -2.384185791015625e-07, -1.4901161193847656e-07, 1, -1.4901161193847656e-08, 3.725290298461914e-09, 2.60770320892334e-08, 0.9655192494392395, -0.2603317201137543, 7.450580596923828e-09, 0.2603317201137543, 0.9655192494392395),
            ["LeftHand"] = CFrame.new(8.940696716308594e-08, 3.5762786865234375e-07, 8.195638656616211e-08, 0.9587962031364441, 0.2541816532611847, -0.12689213454723358, -0.27841663360595703, 0.9295507073402405, -0.24170175194740295, 0.05651656538248062, 0.26707151532173157, 0.9620180726051331),
            ["cam"] = CFrame.new(3.6107215881347656, -2.347689628601074, -7.16258430480957, -0.15491701662540436, 0.09953545778989792, 0.9829005002975464, -0.2850179970264435, 0.9481046199798584, -0.1409340649843216, -0.945920467376709, -0.3019774258136749, -0.11850814521312714),
            ["LowerTorso"] = CFrame.new(-0.015341078862547874, -0.7840580940246582, 0.019527437165379524, 0.9992408156394958, -0.02525661140680313, -0.02966286800801754, 0.016519438475370407, 0.9642381072044373, -0.2645222544670105, 0.03528300300240517, 0.2638314366340637, 0.9639232754707336),
            ["RightUpperLeg"] = CFrame.new(-5.960464477539063e-08, 2.812594175338745e-07, -5.571200745180249e-08, 0.9784907102584839, -0.18200649321079254, -0.09710593521595001, 0.1780659556388855, 0.9828528165817261, -0.04788399860262871, 0.10415603220462799, 0.029562586918473244, 0.9941214919090271),
            ["LeftUpperLeg"] = CFrame.new(0, -4.575122147798538e-08, -4.621688276529312e-08, 0.9975743293762207, 0.06144867464900017, 0.032705001533031464, 0.011181054636836052, 0.3222835659980774, -0.946577250957489, -0.068706214427948, 0.9446466565132141, 0.3208146393299103)
        }},
        [9] = {Time = 0.267, Data = {
            ["LeftLowerArm"] = CFrame.new(2.9802322387695312e-08, 1.1920928955078125e-07, 5.960464477539063e-08, 1, -5.960465188081798e-08, 5.960465188081798e-08, 9.685754776000977e-08, 0.29397356510162354, -0.9558136463165283, 4.470348358154297e-08, 0.9558136463165283, 0.29397356510162354),
            ["LeftFoot"] = CFrame.new(3.259629011154175e-08, 0, 9.12696123123169e-08, 0.9923852682113647, 0.039108727127313614, 0.11679887771606445, -0.062313683331012726, 0.9773613214492798, 0.20219267904758453, -0.10624708235263824, -0.20793107151985168, 0.9723560214042664),
            ["RightHand"] = CFrame.new(3.3527612686157227e-08, 1.1920928955078125e-07, 1.1920928955078125e-07, 0.9888526797294617, -0.14889071881771088, -0.00138937309384346, 0.1488245129585266, 0.9880354404449463, 0.040464311838150024, -0.004652006551623344, -0.04021994024515152, 0.999180018901825),
            ["HumanoidRootPart"] = CFrame.new(0, 0, 0, 1, 0, 0, 0, 1, 0, 0, 0, 1),
            ["RightLowerLeg"] = CFrame.new(-1.1175870895385742e-08, -0.00012224912643432617, -0.00007739493594272062, 1, -1.5087418603343394e-07, -1.750886866602741e-07, 1.564622067462551e-07, -0.21526476740837097, 0.9765557050704956, -1.8253925304634322e-07, -0.9765557050704956, -0.21526475250720978),
            ["RightFoot"] = CFrame.new(-3.725290298461914e-09, 2.980232238769531e-07, 1.6596459317952394e-08, 0.984123945236206, 0.11028736084699631, 0.13905738294124603, 0.06268731504678726, 0.5170037150382996, -0.8536846041679382, -0.1660437285900116, 0.8488485217094421, 0.5018822550773621),
