return {
    ["Celebrate Me"] = {
        {Time = 0.000, Data = {
            ["RightFoot"] = CFrame.new(9.313225746154785e-08, 4.76837158203125e-07, 7.620110409334302e-08, 0.9793898463249207, 0.20047077536582947, -0.024640193209052086, -0.19804339110851288, 0.9291647672653198, -0.31214016675949097, -0.039680082350969315, 0.31058692932128906, 0.9497165083885193),
            ["LeftLowerArm"] = CFrame.new(-1.4901161193847656e-07, 0, -1.7881393432617188e-07, 1, -1.0430811414607888e-07, 1.341104507446289e-07, 9.685756197086448e-08, -0.40825971961021423, -0.9128658771514893, 1.6391278734317893e-07, 0.9128657579421997, -0.40825971961021423),
            ["LeftFoot"] = CFrame.new(-4.842877388000488e-08, 5.960464477539063e-08, -5.960464477539063e-08, 0.9817485213279724, -0.13342195749282837, -0.13553054630756378, 0.12713316082954407, 0.9904102683067322, -0.0540822334587574, 0.14144645631313324, 0.03586458042263985, 0.9892960786819458),
            ["Head"] = CFrame.new(-2.2817403078079224e-08, -3.5762786865234375e-07, 1.4319084584712982e-08, 0.9983939528465271, 0.056063711643218994, -0.008159199729561806, -0.05665402114391327, 0.9875099062919617, -0.14701873064041138, -0.0001851358392741531, 0.14724498987197876, 0.9891000986099243),
            ["LowerTorso"] = CFrame.new(0.041137032210826874, -0.17591023445129395, 0.04238395392894745, 0.998247504234314, 0.04306068271398544, -0.04059159755706787, -0.038113247603178024, 0.9925601482391357, 0.11563626676797867, 0.04526896774768829, -0.1138865277171135, 0.9924619793891907),
            ["UpperTorso"] = CFrame.new(-8.68749339133501e-09, 2.9802322387695312e-08, 8.149072527885437e-09, 0.993233859539032, -0.07643833011388779, -0.08742941915988922, 0.07959302514791489, 0.9962751269340515, 0.03317959979176521, 0.0845675840973854, -0.0399138517677784, 0.9956180453300476),
            ["HumanoidRootPart"] = CFrame.new(0, 0, 0, 1, 0, 0, 0, 1, 0, 0, 0, 1),
            ["RightUpperLeg"] = CFrame.new(-2.9802322387695312e-08, 6.100162863731384e-08, -1.287116901949048e-08, 0.718373715877533, -0.49794039130210876, -0.4857929050922394, 0.15044555068016052, 0.7929990887641907, -0.5903548002243042, 0.6791947484016418, 0.3510097861289978, 0.6445823907852173),
            ["LeftUpperArm"] = CFrame.new(-2.384185791015625e-07, -5.960464477539062e-07, 3.725290298461914e-08, 0.2909596264362335, 0.9563363194465637, 0.02762904390692711, -0.8497709035873413, 0.24505358934402466, 0.46673133969306946, 0.4395816922187805, -0.15927834808826447, 0.8839675784111023),
            ["RightLowerArm"] = CFrame.new(2.980232238769531e-07, -5.960464477539063e-08, -3.3527612686157227e-08, 1, -6.70552182668871e-08, 1.1082738637924194e-07, 7.636845111846924e-08, -0.24387753009796143, -0.9698060750961304, 1.1548399925231934e-07, 0.9698060750961304, -0.24387753009796143),
            ["LeftHand"] = CFrame.new(2.384185791015625e-07, 5.960464477539063e-08, -2.682209014892578e-07, 0.28209570050239563, -0.3508354723453522, -0.892937183380127, -0.524998664855957, 0.7225640416145325, -0.44975268840789795, 0.8029934167861938, 0.5956640839576721, 0.019644079729914665),
            ["RightHand"] = CFrame.new(-2.9802322387695312e-08, 0, 2.9802322387695312e-08, 0.08086646348237991, -0.12280742824077606, 0.9891303777694702, 0.45408010482788086, 0.8879551887512207, 0.07312233000993729, -0.8872835040092468, 0.44323140382766724, 0.12757016718387604),
            ["RightUpperArm"] = CFrame.new(-5.960464477539063e-08, -9.5367431640625e-07, 7.450580596923828e-09, 0.1154559999704361, -0.8281956315040588, 0.5484176874160767, 0.9674768447875977, -0.03134235367178917, -0.2510104775428772, 0.22507454454898834, 0.5595621466636658, 0.7976414561271667),
            ["RightLowerLeg"] = CFrame.new(1.4901161193847656e-08, 2.384185791015625e-07, 1.6596459317952394e-08, 1, -1.1920931797249068e-07, -3.72529100900465e-08, 1.1920928955078125e-07, 0.6601331830024719, 0.7511480450630188, -2.9802322387695312e-08, -0.7511486411094666, 0.6601338982582092),
            ["LeftUpperLeg"] = CFrame.new(-5.960464477539063e-08, 9.19681042432785e-08, -1.1175870895385742e-08, 0.8171787261962891, 0.436190128326416, 0.376772403717041, -0.053161174058914185, 0.707933783531189, -0.7042754292488098, -0.5739277005195618, 0.5554890632629395, 0.6016965508460999),
            ["LeftLowerLeg"] = CFrame.new(5.960464477539063e-08, -2.384185791015625e-07, -5.960464477539063e-08, 1, 4.4703494239684005e-08, 5.587936158235607e-08, -8.940698137394065e-08, 0.4936024844646454, 0.869687557220459, 5.960465188081798e-08, -0.8696877360343933, 0.4936026632785797),
        }},
        {Time = 0.033, Data = {
            ["RightFoot"] = CFrame.new(2.9802322387695312e-08, 2.980232238769531e-07, -1.3205863069742918e-08, 0.9768688678741455, 0.2083686739206314, 0.04806185141205788, -0.18199530243873596, 0.9281294941902161, -0.32473519444465637, -0.11227232962846756, 0.30847716331481934, 0.9445831179618835),
            ["LeftLowerArm"] = CFrame.new(-2.384185791015625e-07, -1.1920928955078125e-07, -8.940696716308594e-08, 1, -1.341104365337742e-07, 1.3783575525394554e-07, 1.639127589214695e-07, -0.35974082350730896, -0.9330524206161499, 9.313224325069314e-08, 0.9330523014068604, -0.3597407341003418),
            ["LeftFoot"] = CFrame.new(2.60770320892334e-08, -5.960464477539063e-08, 7.450580596923828e-09, 0.9797213673591614, -0.1345410794019699, -0.14847518503665924, 0.14789535105228424, 0.985525906085968, 0.08285918086767197, 0.1351783275604248, -0.10313769429922104, 0.9854388236999512),
            ["Head"] = CFrame.new(8.381903171539307e-09, 0, 5.471520125865936e-09, 0.9981014728546143, 0.05413906276226044, -0.02937018871307373, -0.05796969309449196, 0.9868431091308594, -0.15093126893043518, 0.020812496542930603, 0.1523473858833313, 0.9881079196929932),
            ["LowerTorso"] = CFrame.new(0.031126782298088074, -0.16982817649841309, 0.041630685329437256, 0.9970086812973022, 0.07721669226884842, -0.003388511948287487, -0.07636059820652008, 0.9908418655395508, 0.11136236786842346, 0.011956511996686459, -0.11077049374580383, 0.9937741160392761),
            ["UpperTorso"] = CFrame.new(8.851202437654138e-09, -2.980232238769531e-07, -1.6400008462369442e-08, 0.9911270141601562, -0.10990507900714874, -0.07475437968969345, 0.11337564140558243, 0.9925830960273743, 0.04387376457452774, 0.06937796622514725, -0.0519598089158535, 0.9962363839149475),
            ["HumanoidRootPart"] = CFrame.new(0, 0, 0, 1, 0, 0, 0, 1, 0, 0, 0, 1),
            ["RightUpperLeg"] = CFrame.new(-5.960464477539063e-08, -3.2223761081695557e-07, -1.1707015801221132e-08, 0.6327916979789734, -0.5724625587463379, -0.5214032530784607, 0.1742895096540451, 0.7613898515701294, -0.6244269013404846, 0.754452109336853, 0.3042568862438202, 0.5815752744674683),
            ["LeftUpperArm"] = CFrame.new(5.960464477539063e-08, 3.5762786865234375e-07, 5.960464477539063e-08, 0.3902074992656708, 0.9077429175376892, 0.15408101677894592, -0.8584691286087036, 0.29819995164871216, 0.41726210713386536, 0.3328198492527008, -0.2950926125049591, 0.8956290483474731),
            ["RightLowerArm"] = CFrame.new(-1.4901161193847656e-07, 5.960464477539063e-08, 4.470348358154297e-08, 1, -1.0058281674218961e-07, 1.1175869474300271e-07, 8.288770203535023e-08, -0.23553220927715302, -0.9718666076660156, 1.0617075929530984e-07, 0.9718665480613708, -0.23553207516670227),
            ["LeftHand"] = CFrame.new(-4.76837158203125e-07, 1.1920928955078125e-07, 9.313225746154785e-08, 0.059917621314525604, -0.29022717475891113, -0.9550801515579224, -0.7601339817047119, 0.606894850730896, -0.23210909962654114, 0.64699786901474, 0.7398965358734131, -0.18424782156944275),
            ["RightHand"] = CFrame.new(1.9371509552001953e-07, 0, 1.1920928955078125e-07, 0.06425504386425018, -0.11244476586580276, 0.9915782809257507, 0.756123960018158, 0.6539444923400879, 0.02515983209013939, -0.6512664556503296, 0.7481396198272705, 0.12704145908355713),
            ["RightUpperArm"] = CFrame.new(0, 3.5762786865234375e-07, 2.2351741790771484e-08, 0.14691530168056488, -0.9726076722145081, 0.18013928830623627, 0.9583393931388855, 0.09486003965139389, -0.26942014694213867, 0.2449520230293274, 0.2122165560722351, 0.9460247159004211),
            ["RightLowerLeg"] = CFrame.new(1.4901161193847656e-07, 2.980232238769531e-07, 7.620110409334302e-08, 1, -3.725289587919178e-08, -1.7881401959130017e-07, 1.4901162614933128e-07, 0.6414359211921692, 0.7671766877174377, -7.450581307466564e-08, -0.7671765685081482, 0.6414359211921692),
            ["LeftUpperLeg"] = CFrame.new(2.9802322387695312e-08, -2.337619662284851e-07, -1.1757947504520416e-08, 0.8206488490104675, 0.4250237047672272, 0.38195598125457764, -0.027463402599096298, 0.6969811320304871, -0.71656334400177, -0.5707725882530212, 0.5775571465492249, 0.5836494565010071),
            ["LeftLowerLeg"] = CFrame.new(1.4901161193847656e-07, 0, 8.940696716308594e-08, 1, 5.960465188081798e-08, 6.332995639013461e-08, -8.195639367158947e-08, 0.49493175745010376, 0.8689320087432861, 3.725290653733282e-08, -0.8689319491386414, 0.4949316382408142),
        }},
        {Time = 0.067, Data = {
            ["RightFoot"] = CFrame.new(-1.1175870895385742e-08, 2.980232238769531e-07, 4.639878170564771e-08, 0.9708418250083923, 0.21777072548866272, 0.10021088272333145, -0.17432984709739685, 0.928305447101593, -0.3284175395965576, -0.16454604268074036, 0.3013719916343689, 0.9392017722129822),
            ["LeftLowerArm"] = CFrame.new(2.682209014892578e-07, 1.1920928955078125e-07, -8.568167686462402e-08, 1, -2.9802311729554276e-08, 2.2351745343485163e-08, 2.980232594040899e-08, -0.20709718763828278, -0.9783204793930054, 5.960465188081798e-08, 0.9783203601837158, -0.2070971578359604),
            ["LeftFoot"] = CFrame.new(1.6763806343078613e-08, -5.960464477539063e-08, -2.2351741790771484e-08, 0.9926131367683411, -0.11723413318395615, 0.03123283013701439, 0.1158570721745491, 0.9923451542854309, 0.042760219424963, -0.03600664809346199, -0.03882588818669319, 0.9985970258712769),
            ["Head"] = CFrame.new(4.190951585769653e-09, -1.1920928955078125e-07, 2.986053004860878e-08, 0.9976399540901184, 0.046481624245643616, -0.050538595765829086, -0.054438360035419464, 0.9840074181556702, -0.16960524022579193, 0.04184682294726372, 0.17195628583431244, 0.9842154383659363),
            ["LowerTorso"] = CFrame.new(0.017944276332855225, -0.17163920402526855, 0.03847810626029968, 0.9958420991897583, 0.08788134902715683, 0.023987609893083572, -0.08983715623617172, 0.9910479187965393, 0.09875959903001785, -0.015093742869794369, -0.10050395131111145, 0.9948221445083618),
            ["UpperTorso"] = CFrame.new(3.778040991164744e-09, 2.9802322387695312e-08, -8.96397978067398e-09, 0.9925007820129395, -0.11020664125680923, -0.052884384989738464, 0.11353545635938644, 0.9914239048957825, 0.06471730768680573, 0.04529856517910957, -0.0702361911535263, 0.9965013861656189),
            ["HumanoidRootPart"] = CFrame.new(0, 0, 0, 1, 0, 0, 0, 1, 0, 0, 0, 1),
            ["RightUpperLeg"] = CFrame.new(5.960464477539063e-08, -1.862645149230957e-07, 5.75528247281909e-09, 0.5663766264915466, -0.6130393147468567, -0.5508179068565369, 0.19119171798229218, 0.7478519678115845, -0.6357384324073792, 0.8016628623008728, 0.2547554075717926, 0.5407739281654358),
            ["LeftUpperArm"] = CFrame.new(5.960464477539063e-08, -1.1920928955078125e-07, 2.60770320892334e-08, 0.5683687329292297, 0.7761633992195129, 0.27299705147743225, -0.8117933869361877, 0.47498756647109985, 0.3396737277507782, 0.1339721530675888, -0.4146771728992462, 0.9000524878501892),
            ["RightLowerArm"] = CFrame.new(-8.940696716308594e-08, -5.960464477539063e-08, 1.7695128917694092e-07, 1, -7.497144594026395e-08, 1.1082737216838723e-07, 9.126962652317161e-08, -0.17009948194026947, -0.9854269027709961, 9.685756197086448e-08, 0.9854269027709961, -0.17009949684143066),
            ["LeftHand"] = CFrame.new(-2.086162567138672e-07, -1.1920928955078125e-07, 1.341104507446289e-07, -0.16280996799468994, -0.15932931005954742, -0.9737079739570618, -0.8946701288223267, 0.43993425369262695, 0.07760720700025558, 0.41600272059440613, 0.8837828040122986, -0.21417289972305298),
            ["RightHand"] = CFrame.new(3.129243850708008e-07, -5.960464477539063e-08, 1.862645149230957e-09, 0.07662786543369293, -0.11289539188146591, 0.9906476736068726, 0.8914881348609924, 0.45271092653274536, -0.017366336658596992, -0.44651657342910767, 0.8844814896583557, 0.1353350430727005),
            ["RightUpperArm"] = CFrame.new(1.1920928955078125e-07, -3.5762786865234375e-07, -1.6763806343078613e-08, 0.1606820821762085, -0.9648929238319397, -0.20775702595710754, 0.9401770234107971, 0.2136964499950409, -0.2653321325778961, 0.30041414499282837, -0.15269429981708527, 0.9415072798728943),
            ["RightLowerLeg"] = CFrame.new(7.450580596923828e-08, 2.384185791015625e-07, 1.4325632946565747e-07, 1, -3.725289943190546e-08, -1.1175873737556685e-07, 1.1920928955078125e-07, 0.6337012052536011, 0.7735777497291565, -5.960464477539063e-08, -0.7735779285430908, 0.6337014436721802),
            ["LeftUpperLeg"] = CFrame.new(-5.960464477539063e-08, -2.4959444999694824e-07, -1.4901161193847656e-08, 0.738074004650116, 0.41647592186927795, 0.5308433175086975, 0.04817917197942734, 0.752221405506134, -0.657146692276001, -0.6729974746704102, 0.5105984210968018, 0.5351296663284302),
            ["LeftLowerLeg"] = CFrame.new(0, 0, 1.1920928955078125e-07, 1, 3.725290653733282e-08, 1.2852254371864547e-07, -8.195637946073475e-08, 0.5771682262420654, 0.8166254162788391, 0, -0.8166252970695496, 0.5771681070327759),
        }},
        {Time = 0.100, Data = {
            ["RightFoot"] = CFrame.new(5.21540641784668e-08, 1.7881393432617188e-07, 4.639878170564771e-08, 0.9644352197647095, 0.23356729745864868, 0.12373816221952438, -0.17904132604599, 0.9216552972793579, -0.3442317843437195, -0.19444531202316284, 0.3098353445529938, 0.9306951761245728),
            ["LeftLowerArm"] = CFrame.new(-2.086162567138672e-07, -1.1920928955078125e-07, -1.9371509552001953e-07, 1, -1.266598843585598e-07, 1.4901162614933128e-07, 1.2665987014770508e-07, -0.08696623891592026, -0.9962113499641418, 1.1175870895385742e-07, 0.9962113499641418, -0.08696632832288742),
            ["LeftFoot"] = CFrame.new(-2.60770320892334e-08, -5.960464477539063e-08, 9.685754776000977e-08, 0.9929825663566589, -0.11347417533397675, 0.033308569341897964, 0.11630149185657501, 0.988058865070343, -0.10106327384710312, -0.021442562341690063, 0.10422788560390472, 0.9943222999572754),
            ["Head"] = CFrame.new(9.313225746154785e-10, -1.1920928955078125e-07, -3.4924596548080444e-09, 0.9976089000701904, 0.02382057160139084, -0.0648769810795784, -0.03640604764223099, 0.9790497422218323, -0.20034047961235046, 0.05874554067850113, 0.20222346484661102, 0.977575957775116),
            ["LowerTorso"] = CFrame.new(-0.0010741949081420898, -0.19956135749816895, 0.031017765402793884, 0.9961540699005127, 0.07818799465894699, 0.03954574465751648, -0.08102183789014816, 0.9938091039657593, 0.07602064311504364, -0.03335701674222946, -0.07893233746290207, 0.9963217377662659),
            ["UpperTorso"] = CFrame.new(2.344677341170609e-09, -1.1920928955078125e-07, -2.1012965589761734e-08, 0.9967732429504395, -0.07683435082435608, -0.023231767117977142, 0.07869143038988113, 0.9924639463424683, 0.09393114596605301, 0.015839548781514168, -0.09545619785785675, 0.9953076243400574),
            ["HumanoidRootPart"] = CFrame.new(0, 0, 0, 1, 0, 0, 0, 1, 0, 0, 0, 1),
            ["RightUpperLeg"] = CFrame.new(-2.9802322387695312e-08, -4.4994521886110306e-07, -3.4291588235646486e-08, 0.5313955545425415, -0.639596700668335, -0.5554589629173279, 0.21569326519966125, 0.73624587059021, -0.6414191722869873, 0.8192040324211121, 0.22103846073150635, 0.5291945338249207),
            ["LeftUpperArm"] = CFrame.new(-2.384185791015625e-07, -1.1920928955078125e-07, -2.60770320892334e-08, 0.7206741571426392, 0.5169196128845215, 0.4619775712490082, -0.6637251377105713, 0.7069202661514282, 0.2444029003381729, -0.20024457573890686, -0.4827607274055481, 0.8525515198707581),
            ["RightLowerArm"] = CFrame.new(5.364418029785156e-07, 1.7881393432617188e-07, 9.313225746154785e-08, 1, -6.705522537231445e-08, 7.450579175838357e-08, 8.568166975919667e-08, 0.5616194605827332, -0.8273955583572388, 3.725289943190546e-08, 0.8273956775665283, 0.5616196393966675),
            ["LeftHand"] = CFrame.new(7.450580596923828e-09, 5.960464477539063e-08, 1.4901161193847656e-08, 0.03784910589456558, 0.3404179513454437, -0.9395120739936829, -0.8172978758811951, 0.5515127778053284, 0.16690675914287567, 0.5749709010124207, 0.7615439891815186, 0.2990971505641937),
            ["RightHand"] = CFrame.new(5.140900611877441e-07, 2.384185791015625e-07, -8.940696716308594e-08, 0.44840875267982483, -0.489197701215744, 0.7480744123458862, 0.8548022508621216, 0.4793059527873993, -0.1989448070526123, -0.2612328827381134, 0.728664219379425, 0.6330921649932861),
            ["RightUpperArm"] = CFrame.new(2.384185791015625e-07, -4.76837158203125e-07, -4.284083843231201e-08, 0.10290513187646866, -0.9552727937698364, -0.27724453806877136, 0.897843062877655, 0.20916958153247833, -0.38746100664138794, 0.4281218647956848, -0.20905020833015442, 0.8792096376419067),
            ["RightLowerLeg"] = CFrame.new(7.450580596923828e-09, 1.7881393432617188e-07, -6.535992724820971e-08, 1, -8.195638656616211e-08, -6.705524668859653e-08, 1.0430814256778831e-07, 0.5991896390914917, 0.8006070256233215, 0, -0.8006072044372559, 0.5991899371147156),
            ["LeftUpperLeg"] = CFrame.new(0, -4.4819898903369904e-07, -2.0489096641540527e-08, 0.7024906873703003, 0.4070548713207245, 0.5837920308113098, 0.0008425043779425323, 0.8198102712631226, -0.5726346969604492, -0.7116925716400146, 0.40276238322257996, 0.5755661129951477),
            ["LeftLowerLeg"] = CFrame.new(-1.4901161193847656e-08, -5.960464477539063e-08, -1.341104507446289e-07, 1, 1.0244550452398471e-07, -6.519259443393821e-08, -3.725290653733282e-08, 0.7218526601791382, 0.6920467615127563, 5.2154071283894154e-08, -0.6920467615127563, 0.721852719783783),
        }},
        {Time = 0.133, Data = {
            ["RightFoot"] = CFrame.new(-5.960464477539063e-08, 2.384185791015625e-07, -8.77116690389812e-08, 0.9583696126937866, 0.2557317614555359, 0.12700001895427704, -0.18922758102416992, 0.9019331932067871, -0.3882128894329071, -0.21382391452789307, 0.34801986813545227, 0.9127770066261292),
            ["LeftLowerArm"] = CFrame.new(-2.384185791015625e-07, 0, 4.470348358154297e-08, 1, -1.1175872316471214e-07, 1.4901161193847656e-07, 5.960463766996327e-08, -0.0690598264336586, -0.9976125359535217, 5.960463766996327e-08, 0.9976125955581665, -0.06905984878540039),
            ["LeftFoot"] = CFrame.new(-7.636845111846924e-08, 5.960464477539063e-08, -9.685754776000977e-08, 0.991974413394928, -0.12357255816459656, -0.02677057310938835, 0.1164492517709732, 0.975372314453125, -0.1873195618391037, 0.04925891011953354, 0.1826988011598587, 0.9819341897964478),
            ["Head"] = CFrame.new(1.862645149230957e-09, -3.5762786865234375e-07, -1.1990778148174286e-08, 0.9972240924835205, 0.0031842475291341543, -0.0743909478187561, -0.02066335268318653, 0.9716779589653015, -0.2354040890932083, 0.07153443992137909, 0.23628784716129303, 0.9690464735031128),
            ["LowerTorso"] = CFrame.new(-0.018361225724220276, -0.2599829435348511, 0.022765785455703735, 0.9965065717697144, 0.06444546580314636, 0.05311725661158562, -0.06718486547470093, 0.9964101314544678, 0.051509834825992584, -0.049606990069150925, -0.05489856004714966, 0.9972589015960693),
            ["UpperTorso"] = CFrame.new(-4.027242539450526e-09, 1.4901161193847656e-07, 1.9848812371492386e-08, 0.9990817904472351, -0.042836904525756836, 0.0007779160514473915, 0.04238433018326759, 0.9908532500267029, 0.12811538577079773, -0.006258875597268343, -0.1279647946357727, 0.9917590022087097),
            ["HumanoidRootPart"] = CFrame.new(0, 0, 0, 1, 0, 0, 0, 1, 0, 0, 0, 1),
            ["RightUpperLeg"] = CFrame.new(5.960464477539063e-08, -2.2715539671480656e-08, 1.0644725989550352e-08, 0.5142728686332703, -0.6784549355506897, -0.5246164202690125, 0.24887195229530334, 0.703443169593811, -0.6657557487487793, 0.8207229375839233, 0.211817666888237, 0.5306099653244019),
            ["LeftUpperArm"] = CFrame.new(-1.1920928955078125e-07, -3.5762786865234375e-07, -5.587935447692871e-08, 0.6903904676437378, 0.2178230732679367, 0.6898653507232666, -0.44473233819007874, 0.8799111843109131, 0.1672413945198059, -0.5705910325050354, -0.42226719856262207, 0.7043551206588745),
            ["RightLowerArm"] = CFrame.new(2.384185791015625e-07, 1.7881393432617188e-07, -1.341104507446289e-07, 1, -1.4901161193847656e-08, -7.4505797087454084e-09, -2.9802315282267955e-08, 0.9999867081642151, -0.0051560173742473125, 1.0617074508445512e-07, 0.005156032741069794, 0.9999867081642151),
            ["LeftHand"] = CFrame.new(2.3562461137771606e-07, -1.1920928955078125e-07, 2.223532646894455e-08, 0.11821486055850983, 0.8416279554367065, -0.5269606113433838, -0.6073288917541504, 0.48113229870796204, 0.6321894526481628, 0.7856061458587646, 0.24530424177646637, 0.5680220723152161),
            ["RightHand"] = CFrame.new(-1.2665987014770508e-07, -5.960464477539063e-08, 1.1920928955078125e-07, 0.44516363739967346, -0.874599039554596, 0.19210846722126007, 0.8295019865036011, 0.32196906208992004, -0.4563579857349396, 0.33727726340293884, 0.3625085949897766, 0.8688105344772339),
            ["RightUpperArm"] = CFrame.new(3.5762786865234375e-07, -1.1920928955078125e-07, -7.450580596923828e-09, 0.028068015351891518, -0.943061888217926, -0.33143097162246704, 0.8301578760147095, 0.20668485760688782, -0.5178025364875793, 0.5568215250968933, -0.26060619950294495, 0.7886914610862732),
            ["RightLowerLeg"] = CFrame.new(-1.4901161193847656e-07, 2.980232238769531e-07, -2.8107024263590574e-08, 1, -1.6391277313232422e-07, -1.4901168299275014e-08, 1.4901161193847656e-07, 0.5072224140167236, 0.8618150353431702, -2.9802322387695312e-08, -0.8618152141571045, 0.5072228312492371),
            ["LeftUpperLeg"] = CFrame.new(2.9802322387695312e-08, -5.704350769519806e-08, 9.313225746154785e-09, 0.6952149868011475, 0.47968798875808716, 0.5353275537490845, -0.04082147032022476, 0.7698959112167358, -0.6368626952171326, -0.7176418304443359, 0.4209035634994507, 0.5548246502876282),
            ["LeftLowerLeg"] = CFrame.new(4.470348358154297e-08, -1.1920928955078125e-07, 1.6391277313232422e-07, 1, 9.313227877782992e-08, -4.284084909045305e-08, -1.4901159417490817e-08, 0.6176049709320068, 0.7864884734153748, 1.0430811414607888e-07, -0.78648841381073, 0.6176050305366516),
        }},
        {Time = 0.167, Data = {
            ["RightFoot"] = CFrame.new(5.21540641784668e-08, 2.980232238769531e-07, -1.3205863069742918e-08, 0.9516480565071106, 0.28287824988365173, 0.11977536976337433, -0.20066556334495544, 0.8676642179489136, -0.4548535943031311, -0.23259307444095612, 0.4088260233402252, 0.8824750781059265),
            ["LeftLowerArm"] = CFrame.new(-1.1920928955078125e-07, -5.960464477539063e-08, -8.940696716308594e-08, 1, -6.70552182668871e-08, 1.1920928955078125e-07, 8.195638656616211e-08, -0.13921277225017548, -0.990262508392334, 4.470348358154297e-08, 0.9902625679969788, -0.1392127126455307),
            ["LeftFoot"] = CFrame.new(-7.450580596923828e-08, 0, 3.725290298461914e-09, 0.9902167320251465, -0.11588331311941147, -0.07772999256849289, 0.08936887979507446, 0.9544960260391235, -0.2845180630683899, 0.10716405510902405, 0.2747879922389984, 0.9555143117904663),
            ["Head"] = CFrame.new(1.862645149230957e-09, -2.384185791015625e-07, -2.6659108698368073e-08, 0.9968470931053162, -0.0019208549056202173, -0.07932394742965698, -0.018722280859947205, 0.9657855033874512, -0.25866565108299255, 0.0771067813038826, 0.25933533906936646, 0.9627044796943665),
            ["LowerTorso"] = CFrame.new(-0.029149167239665985, -0.35419392585754395, 0.014267638325691223, 0.9968423247337341, 0.04844151437282562, 0.06291909515857697, -0.05043787136673927, 0.9982603192329407, 0.03053726628422737, -0.06133035570383072, -0.03361434116959572, 0.9975513219833374),
            ["UpperTorso"] = CFrame.new(-1.1732481652870774e-08, 1.1920928955078125e-07, -1.0186340659856796e-08, 0.9996811747550964, -0.02026601880788803, 0.0150680523365736, 0.017583755776286125, 0.9868478775024414, 0.1606927514076233, -0.018126485869288445, -0.16037656366825104, 0.9868894219398499),
            ["HumanoidRootPart"] = CFrame.new(0, 0, 0, 1, 0, 0, 0, 1, 0, 0, 0, 1),
            ["RightUpperLeg"] = CFrame.new(-8.940696716308594e-08, 2.58034560829401e-07, -9.145878721028566e-09, 0.5093246102333069, -0.7257112264633179, -0.46252739429473877, 0.2842789888381958, 0.6491738557815552, -0.7055203318595886, 0.8122646808624268, 0.2278520166873932, 0.5369446873664856),
            ["LeftUpperArm"] = CFrame.new(0, -8.344650268554688e-07, -2.9802322387695312e-08, 0.638568103313446, 0.09370527416467667, 0.763839066028595, -0.38141629099845886, 0.9006107449531555, 0.208379328250885, -0.6683954000473022, -0.42440512776374817, 0.6108419895172119),
            ["RightLowerArm"] = CFrame.new(0, -5.960464477539063e-08, 2.0116567611694336e-07, 1, 7.450580596923828e-09, -2.4214383387288763e-08, 7.450580596923828e-09, 0.9999867677688599, -0.005156695377081633, 1.30385160446167e-08, 0.005156747996807098, 0.9999867677688599),
            ["LeftHand"] = CFrame.new(-4.172325134277344e-07, -1.7881393432617188e-07, -5.960464477539063e-08, -0.04904250428080559, 0.9103415608406067, -0.4109419286251068, -0.41170522570610046, 0.3564322888851166, 0.8387221693992615, 0.9099965691566467, 0.21031996607780457, 0.35731208324432373),
            ["RightHand"] = CFrame.new(2.086162567138672e-07, 0, 1.7881393432617188e-07, 0.3086314797401428, -0.9430565237998962, 0.12406124919652939, 0.9487913846969604, 0.2959851920604706, -0.11039827764034271, 0.06739147752523422, 0.15178050100803375, 0.9861140847206116),
            ["RightUpperArm"] = CFrame.new(0, -5.960464477539062e-07, 8.940696716308594e-08, -0.0035116709768772125, -0.893595278263092, -0.4488600492477417, 0.7868258357048035, 0.2745550870895386, -0.5527429580688477, 0.617165207862854, -0.35511571168899536, 0.7021396160125732),
            ["RightLowerLeg"] = CFrame.new(-2.9802322387695312e-08, 2.384185791015625e-07, -1.7711863620206714e-07, 1, -1.1920927533992653e-07, -1.0430816388407038e-07, 1.341104507446289e-07, 0.3569439649581909, 0.9341257214546204, -2.9802322387695312e-08, -0.9341257810592651, 0.35694435238838196),
            ["LeftUpperLeg"] = CFrame.new(5.960464477539063e-08, 4.976755008101463e-07, -7.450580596923828e-09, 0.6650822162628174, 0.5779924392700195, 0.47285327315330505, -0.061351142823696136, 0.6733483672142029, -0.7367754578590393, -0.744245707988739, 0.4610062837600708, 0.4832925796508789),
            ["LeftLowerLeg"] = CFrame.new(-2.9802322387695312e-08, 5.960464477539063e-08, -1.043081283569336e-07, 1, 8.940698137394065e-08, 3.3527619791584584e-08, -1.1920928955078125e-07, 0.41368308663368225, 0.9104211330413818, 6.705522537231445e-08, -0.9104210138320923, 0.4136829078197479),
        }},
        {Time = 0.200, Data = {
            ["RightFoot"] = CFrame.new(7.450580596923828e-09, 2.980232238769531e-07, 9.145878721028566e-09, 0.944222092628479, 0.30489248037338257, 0.12443985044956207, -0.2044290453195572, 0.8389472961425781, -0.504356861114502, -0.2581731081008911, 0.45078593492507935, 0.8544817566871643),
            ["LeftLowerArm"] = CFrame.new(2.384185791015625e-07, -5.960464477539063e-08, -8.195638656616211e-08, 1, -1.1920931797249068e-07, 1.0430814256778831e-07, 3.539026494081554e-08, -0.1621740758419037, -0.9867621660232544, 2.980232949312267e-08, 0.9867622256278992, -0.1621740758419037),
            ["LeftFoot"] = CFrame.new(4.470348358154297e-08, 5.960464477539063e-08, -1.30385160446167e-08, 0.9807815551757812, -0.10134616494178772, -0.16672314703464508, 0.03799224644899368, 0.9373562335968018, -0.346294641494751, 0.19137461483478546, 0.3333052396774292, 0.923192024230957),
            ["Head"] = CFrame.new(4.6566128730773926e-09, 0, 1.3969838619232178e-08, 0.9964463710784912, 0.007147204130887985, -0.0839269831776619, -0.028965765610337257, 0.9647009372711182, -0.2617502510547638, 0.07909364998340607, 0.2632511556148529, 0.9614796042442322),
            ["LowerTorso"] = CFrame.new(-0.03405393287539482, -0.43595409393310547, 0.004676073789596558, 0.9973010420799255, 0.030965620651841164, 0.06657171994447708, -0.03215650096535683, 0.9993401169776917, 0.01689191907644272, -0.06600472331047058, -0.01898704282939434, 0.9976386427879333),
            ["UpperTorso"] = CFrame.new(1.2951204553246498e-09, -5.960464477539063e-08, 1.3969838619232178e-09, 0.9996824860572815, -0.010649879463016987, 0.022837312892079353, 0.006295687519013882, 0.9831159710884094, 0.18287521600723267, -0.024399327114224434, -0.1826734095811844, 0.982870876789093),
            ["HumanoidRootPart"] = CFrame.new(0, 0, 0, 1, 0, 0, 0, 1, 0, 0, 0, 1),
            ["RightUpperLeg"] = CFrame.new(-2.9802322387695312e-08, 8.469214662909508e-08, 7.617927622050047e-09, 0.5021241903305054, -0.7573773860931396, -0.4174335300922394, 0.30760103464126587, 0.6075466871261597, -0.7323037981987, 0.8082406520843506, 0.23930439352989197, 0.5380340218544006),
            ["LeftUpperArm"] = CFrame.new(1.1920928955078125e-07, 3.5762786865234375e-07, 8.195638656616211e-08, 0.6235361099243164, 0.07708849757909775, 0.777984619140625, -0.36982545256614685, 0.9058282971382141, 0.20665007829666138, -0.6887901425361633, -0.4165723919868469, 0.5933259129524231),
            ["RightLowerArm"] = CFrame.new(0, 2.384185791015625e-07, 4.470348358154297e-08, 1, 7.4505797087454084e-09, -9.313227522511625e-09, 0, 0.9999867081642151, -0.005155773367732763, -4.4703494239684005e-08, 0.005155801307410002, 0.9999867081642151),
            ["LeftHand"] = CFrame.new(-1.7136335372924805e-07, 1.1920928955078125e-07, 2.2351741790771484e-08, -0.17771394550800323, 0.896813154220581, -0.40514713525772095, -0.3417993187904358, 0.32981809973716736, 0.879996120929718, 0.9228169322013855, 0.29486629366874695, 0.24791686236858368),
            ["RightHand"] = CFrame.new(4.470348358154297e-08, 0, 0, 0.28550928831100464, -0.9545473456382751, 0.0855812132358551, 0.9526119828224182, 0.2924371063709259, 0.08373118937015533, -0.10495249927043915, 0.05761951580643654, 0.992806613445282),
            ["RightUpperArm"] = CFrame.new(-5.960464477539063e-08, 1.1920928955078125e-07, 2.2351741790771484e-08, 0.010806181468069553, -0.8796899914741516, -0.4754246175289154, 0.7746896147727966, 0.307987242937088, -0.5522681474685669, 0.6322495341300964, -0.3623385727405548, 0.6848148107528687),
            ["RightLowerLeg"] = CFrame.new(1.4901161193847656e-08, 3.5762786865234375e-07, -1.3205863069742918e-08, 1, -1.341104507446289e-07, -1.3411049337719305e-07, 1.7881393432617188e-07, 0.23531201481819153, 0.9719198346138, -5.960464477539063e-08, -0.9719199538230896, 0.2353123128414154),
            ["LeftUpperLeg"] = CFrame.new(-5.960464477539063e-08, -8.667120710015297e-08, -7.450580596923828e-09, 0.5980045199394226, 0.6753858923912048, 0.4315605163574219, -0.07172510772943497, 0.5813806056976318, -0.8104641437530518, -0.7982770204544067, 0.4537075459957123, 0.3961103856563568),
            ["LeftLowerLeg"] = CFrame.new(-5.21540641784668e-08, 0, -1.1920928955078125e-07, 1, 8.940698137394065e-08, 1.4528633585086936e-07, -7.450580596923828e-08, 0.24628980457782745, 0.9691962599754333, 9.685754776000977e-08, -0.9691963195800781, 0.2462897002696991),
        }},
        {Time = 0.233, Data = {
            ["RightFoot"] = CFrame.new(-2.9802322387695312e-08, 2.980232238769531e-07, 8.365168469026685e-08, 0.9396166205406189, 0.31455880403518677, 0.13480928540229797, -0.20064575970172882, 0.8254585862159729, -0.5275976657867432, -0.2772400677204132, 0.4686906337738037, 0.8387295007705688),
            ["LeftLowerArm"] = CFrame.new(-5.960464477539063e-08, -1.7881393432617188e-07, -5.960464477539063e-08, 1, -5.21540641784668e-08, 1.0430811414607888e-07, 4.4703494239684005e-08, -0.16768604516983032, -0.9858404397964478, 7.4505820180093e-08, 0.9858404397964478, -0.1676861196756363),
            ["LeftFoot"] = CFrame.new(4.6566128730773926e-08, -5.960464477539063e-08, -9.872019290924072e-08, 0.9680995941162109, -0.09243682026863098, -0.23289211094379425, -0.0003226321714464575, 0.9290037155151367, -0.3700703978538513, 0.2505657374858856, 0.3583400845527649, 0.8993381857872009),
            ["Head"] = CFrame.new(1.1175870895385742e-08, 0, -6.658956408500671e-08, 0.9955762624740601, 0.0268683061003685, -0.09003392606973648, -0.04910653457045555, 0.9657438397407532, -0.25480836629867554, 0.08010344952344894, 0.25810250639915466, 0.9627910852432251),
            ["LowerTorso"] = CFrame.new(-0.032649241387844086, -0.47798585891723633, -0.003910785540938377, 0.9977892637252808, 0.014609992504119873, 0.06483333557844162, -0.015416563488543034, 0.9998096823692322, 0.011957844719290733, -0.06464628875255585, -0.012930912896990776, 0.9978245496749878),
            ["UpperTorso"] = CFrame.new(-1.1641532182693481e-09, 1.1920928955078125e-07, 6.984919309616089e-10, 0.9995877742767334, -0.0142398402094841, 0.024931032210588455, 0.00913408026099205, 0.9809464812278748, 0.19406349956989288, -0.027219444513320923, -0.19375577569007874, 0.9806721806526184),
            ["HumanoidRootPart"] = CFrame.new(0, 0, 0, 1, 0, 0, 0, 1, 0, 0, 0, 1),
            ["RightUpperLeg"] = CFrame.new(0, 3.2654497772455215e-08, 2.9613147489726543e-09, 0.497525155544281, -0.76650470495224, -0.406127005815506, 0.3126482367515564, 0.5951701402664185, -0.7402862906455994, 0.8091475963592529, 0.2413361668586731, 0.535758376121521),
            ["LeftUpperArm"] = CFrame.new(5.960464477539063e-08, 1.1920928955078125e-07, -7.450580596923828e-09, 0.6410897374153137, 0.13468408584594727, 0.7555558085441589, -0.41188469529151917, 0.8910700678825378, 0.19064392149448395, -0.6475763916969299, -0.4334217607975006, 0.6267299652099609),
            ["RightLowerArm"] = CFrame.new(-1.7881393432617188e-07, 1.7881393432617188e-07, 2.1979212760925293e-07, 1, -2.2351748896198842e-08, 3.352760202801619e-08, -7.450581485102248e-09, 0.9999867081642151, -0.005157900974154472, 7.078052277620372e-08, 0.005157852545380592, 0.9999867081642151),
            ["LeftHand"] = CFrame.new(5.587935447692871e-08, 5.960464477539063e-08, -2.4586915969848633e-07, -0.1929284930229187, 0.8803777098655701, -0.4332597851753235, -0.48969030380249023, 0.29624640941619873, 0.8200253248214722, 0.8502834439277649, 0.3703692555427551, 0.3739578425884247),
            ["RightHand"] = CFrame.new(2.4586915969848633e-07, 5.960464477539063e-08, 1.4901161193847656e-08, 0.3289945125579834, -0.9410665035247803, 0.0784633681178093, 0.9430823922157288, 0.3316958248615265, 0.023946788161993027, -0.048561498522758484, 0.06611908972263336, 0.9966294169425964),
            ["RightUpperArm"] = CFrame.new(-5.960464477539063e-08, 3.5762786865234375e-07, 1.043081283569336e-07, 0.07529667019844055, -0.9014170169830322, -0.42635396122932434, 0.8056652545928955, 0.30693477392196655, -0.5066501498222351, 0.587566077709198, -0.30534952878952026, 0.7493516802787781),
            ["RightLowerLeg"] = CFrame.new(8.940696716308594e-08, 2.980232238769531e-07, -1.4731631381437182e-07, 1, -7.450579886381092e-08, -1.7881399116959074e-07, 1.7881393432617188e-07, 0.1802091896533966, 0.9836282730102539, -5.960464477539063e-08, -0.9836283326148987, 0.18020957708358765),
            ["LeftUpperLeg"] = CFrame.new(-5.960464477539063e-08, 4.345201887190342e-08, 4.6566128730773926e-09, 0.5402474403381348, 0.7382969260215759, 0.40379491448402405, -0.07819758355617523, 0.521817147731781, -0.8494657874107361, -0.8378651142120361, 0.4273459315299988, 0.3396433889865875),
            ["LeftLowerLeg"] = CFrame.new(-6.705522537231445e-08, -5.960464477539063e-08, 0, 1, 5.960465898624534e-08, 1.1175872316471214e-07, -7.078051567077637e-08, 0.1597139835357666, 0.9871633052825928, 2.9802322387695312e-08, -0.9871634244918823, 0.1597139984369278),
        }},
        {Time = 0.267, Data = {
            ["RightFoot"] = CFrame.new(-1.4901161193847656e-08, 2.980232238769531e-07, -6.535992724820971e-08, 0.9379991292953491, 0.31540974974632263, 0.14378656446933746, -0.19417241215705872, 0.8217102885246277, -0.5358067750930786, -0.28714948892593384, 0.4746672213077545, 0.832007646560669),
            ["LeftLowerArm"] = CFrame.new(-2.384185791015625e-07, 2.980232238769531e-07, -5.960464477539063e-08, 1, -7.450577932388569e-09, 1.0430809993522416e-07, 1.4156103134155273e-07, -0.20370589196681976, -0.9790320992469788, 1.4901161193847656e-07, 0.9790321588516235, -0.20370598137378693),
            ["LeftFoot"] = CFrame.new(1.6763806343078613e-08, 0, 8.381903171539307e-09, 0.9628522396087646, -0.0942302867770195, -0.25305360555648804, -0.009336759336292744, 0.9249579310417175, -0.37995481491088867, 0.2698673605918884, 0.3682030737400055, 0.8897180557250977),
            ["Head"] = CFrame.new(-8.381903171539307e-09, 2.384185791015625e-07, 3.166496753692627e-08, 0.9944122433662415, 0.05324944108724594, -0.09115217626094818, -0.07418563961982727, 0.9667991995811462, -0.2445318102836609, 0.07510466128587723, 0.24992771446704865, 0.965347409248352),
            ["LowerTorso"] = CFrame.new(-0.028920870274305344, -0.4945148229598999, -0.008627265691757202, 0.9982038736343384, 0.0011067030718550086, 0.05989983305335045, -0.002145160920917988, 0.999848484992981, 0.017275042831897736, -0.05987164378166199, -0.017372503876686096, 0.9980549812316895),
            ["UpperTorso"] = CFrame.new(1.1059455573558807e-09, -5.960464477539063e-08, -1.280568540096283e-09, 0.9994406700134277, -0.026916280388832092, 0.019848525524139404, 0.022538792341947556, 0.98057621717453, 0.1948395073413849, -0.02470734529197216, -0.194283127784729, 0.9806343913078308),
            ["HumanoidRootPart"] = CFrame.new(0, 0, 0, 1, 0, 0, 0, 1, 0, 0, 0, 1),
            ["RightUpperLeg"] = CFrame.new(5.960464477539063e-08, 2.8026988729834557e-07, 5.75528247281909e-09, 0.4977339208126068, -0.764229416847229, -0.4101393520832062, 0.30249208211898804, 0.5961406230926514, -0.7437171339988708, 0.8128711581230164, 0.2461092174053192, 0.5278927087783813),
            ["LeftUpperArm"] = CFrame.new(0, 4.76837158203125e-07, 3.725290298461914e-08, 0.6611359119415283, 0.2273489534854889, 0.7149908542633057, -0.49927717447280884, 0.8446524143218994, 0.19309228658676147, -0.5600193738937378, -0.4846388101577759, 0.6719401478767395),
            ["RightLowerArm"] = CFrame.new(-5.960464477539063e-08, -5.960464477539063e-08, -2.2351741790771484e-08, 1, -3.7252888773764425e-08, 4.8428763221863846e-08, -1.4901161193847656e-08, 0.9999867081642151, -0.005157849285751581, 3.725290298461914e-08, 0.005157845094799995, 0.9999867677688599),
            ["LeftHand"] = CFrame.new(-1.6205012798309326e-07, -1.1920928955078125e-07, 5.052424967288971e-08, -0.1508949249982834, 0.883381724357605, -0.4436977207660675, -0.6463667750358582, 0.2514325678348541, 0.7204107642173767, 0.7479577660560608, 0.39549773931503296, 0.5330486297607422),
            ["RightHand"] = CFrame.new(-1.1548399925231934e-07, 1.7881393432617188e-07, -6.332993507385254e-08, 0.41510510444641113, -0.9085803627967834, 0.046579159796237946, 0.908146858215332, 0.4107587933540344, -0.08090988546609879, 0.05438027158379555, 0.07588690519332886, 0.9956324696540833),
            ["RightUpperArm"] = CFrame.new(-5.960464477539063e-08, 0, 3.725290298461914e-08, 0.1566949337720871, -0.9249252080917358, -0.34635254740715027, 0.8514989614486694, 0.30419090390205383, -0.4271034002304077, 0.5003960132598877, -0.22799386084079742, 0.8352380990982056),
