return {
    ["Chainsaw Dance"] = {
        {Time = 0.000, Data = {
            ["LeftFoot"] = CFrame.new(4.1191469790646806e-08, -1.1920928955078125e-07, -2.046817826339975e-08, 0.9947125315666199, 0.005571188870817423, -0.10254764556884766, -0.050896309316158295, 0.8940213918685913, -0.4451237916946411, 0.08920006453990936, 0.4479896128177643, 0.8895779252052307),
            ["LeftLowerArm"] = CFrame.new(-1.1920928955078125e-07, 3.5762786865234375e-07, 8.195638656616211e-08, 1, -5.122274604474342e-09, -3.725290298461914e-09, 5.587936335871291e-09, 1, -2.7939677238464355e-09, -4.423782673512733e-09, 4.6566133171666024e-09, 1),
            ["LowerTorso"] = CFrame.new(0.000581479980610311, -0.19839000701904297, -0.016648663207888603, 0.9995110630989075, 0.013466653414070606, -0.028219224885106087, -0.009300156496465206, 0.9896947741508484, 0.1428907960653305, 0.02985267899930477, -0.1425584852695465, 0.9893360733985901),
            ["Head"] = CFrame.new(-3.259629011154175e-09, 1.1920928955078125e-07, -6.05359673500061e-09, 0.9999980330467224, -0.0017681275494396687, -0.0009139374596998096, 0.0018226680113002658, 0.9979743957519531, 0.06359133869409561, 0.0007996466592885554, -0.06359288096427917, 0.9979756474494934),
            ["RightUpperArm"] = CFrame.new(-0.28018009662628174, 0.033914804458618164, 0.07445155084133148, 0.0712137520313263, 0.03828088939189911, 0.9967262744903564, 0.1566821187734604, 0.9864288568496704, -0.04907998815178871, -0.9850783944129944, 0.1596643477678299, 0.06424936652183533),
            ["UpperTorso"] = CFrame.new(-2.0954757928848267e-09, 2.9802322387695312e-08, -1.0884832590818405e-08, 0.999992311000824, 0.0036530529614537954, 0.0014687536749988794, -0.0034396289847791195, 0.9920734763145447, -0.12561263144016266, -0.00191598292440176, 0.12560659646987915, 0.9920783042907715),
            ["HumanoidRootPart"] = CFrame.new(0, 0, 0, 1, 0, 0, 0, 1, 0, 0, 0, 1),
            ["RightHand"] = CFrame.new(2.5436747819185257e-08, 0, 1.046573743224144e-07, 1, 5.587936335871291e-09, 1.0244549208948683e-08, -3.725290298461914e-09, 1, -1.862645371275562e-09, 2.3283064365386963e-08, 1.862645371275562e-09, 1),
            ["LeftUpperArm"] = CFrame.new(0.7788628935813904, -0.025609135627746582, -0.37161460518836975, 0.9948092103004456, 0.032519105821847916, 0.0964217260479927, -0.025860773399472237, 0.9972455501556396, -0.06951745599508286, -0.098416768014431, 0.06666307151317596, 0.9929099678993225),
            ["RightLowerArm"] = CFrame.new(-1.1920928955078125e-07, 4.76837158203125e-07, -1.341104507446289e-07, 1, -8.195639367158947e-08, 7.729978079851207e-08, 7.869676466043529e-08, 0.1358732134103775, -0.9907262921333313, 7.264316792543468e-08, 0.9907262921333313, 0.1358732134103775),
            ["LeftHand"] = CFrame.new(-2.60770320892334e-08, -2.384185791015625e-07, -1.4901161193847656e-08, 0.9933570027351379, -0.11494816094636917, 0.005367584992200136, 0.11490116268396378, 0.9933416843414307, 0.008367259055376053, -0.006293640937656164, -0.007694900967180729, 0.999950647354126),
            ["RightUpperLeg"] = CFrame.new(0, -2.894666977226734e-07, -1.229636836796999e-09, 0.8683268427848816, 0.23831035196781158, 0.4349905252456665, 0.07812085747718811, 0.8003519177436829, -0.594419002532959, -0.4898017346858978, 0.5501317381858826, 0.6763500571250916),
            ["LeftUpperLeg"] = CFrame.new(-1.1920928955078125e-07, -1.7415732145309448e-07, -9.313225746154785e-10, 0.9625822901725769, -0.13956795632839203, -0.2322845757007599, -0.024292778223752975, 0.8092784285545349, -0.586922824382782, 0.2698984444141388, 0.5706043839454651, 0.775606632232666),
            ["RightLowerLeg"] = CFrame.new(6.05359673500061e-08, -0.0000037550926208496094, -0.000013230535842012614, 1, -7.85803333513968e-09, -2.3050237274446772e-08, 2.7532220059356405e-08, 0.5607331991195679, 0.8279962539672852, -1.3533279386024333e-08, -0.8279964923858643, 0.5607337951660156),
            ["RightFoot"] = CFrame.new(1.601438270881772e-08, 2.980232238769531e-07, -5.798210622742772e-08, 0.9999997615814209, -0.0007479191408492625, 0.0000010728666666182107, 0.0006716698408126831, 0.8974283933639526, -0.4411593973636627, 0.00032895803451538086, 0.4411596655845642, 0.8974288105964661),
            ["LeftLowerLeg"] = CFrame.new(4.656612873077393e-10, 0.000003993511199951172, 0.000013358891010284424, 1, 1.8160787362830888e-07, 1.3853426139576186e-07, -2.3841860752327193e-07, 0.5805193781852722, 0.814246416091919, 7.590279693658886e-08, -0.814246416091919, 0.5805194973945618),
        }},
        {Time = 0.033, Data = {
            ["LeftFoot"] = CFrame.new(4.1191469790646806e-08, -1.1920928955078125e-07, -2.046817826339975e-08, 0.9947125315666199, 0.005571188870817423, -0.10254764556884766, -0.050896309316158295, 0.8940213918685913, -0.4451237916946411, 0.08920006453990936, 0.4479896128177643, 0.8895779252052307),
            ["LeftLowerArm"] = CFrame.new(-1.1920928955078125e-07, 3.5762786865234375e-07, 8.195638656616211e-08, 1, -5.122274604474342e-09, -3.725290298461914e-09, 5.587936335871291e-09, 1, -2.7939677238464355e-09, -4.423782673512733e-09, 4.6566133171666024e-09, 1),
            ["LowerTorso"] = CFrame.new(0.000581479980610311, -0.19839000701904297, -0.016648663207888603, 0.9995110630989075, 0.013466653414070606, -0.028219224885106087, -0.009300156496465206, 0.9896947741508484, 0.1428907960653305, 0.02985267899930477, -0.1425584852695465, 0.9893360733985901),
            ["Head"] = CFrame.new(-3.259629011154175e-09, 1.1920928955078125e-07, -6.05359673500061e-09, 0.9999980330467224, -0.0017681275494396687, -0.0009139374596998096, 0.0018226680113002658, 0.9979743957519531, 0.06359133869409561, 0.0007996466592885554, -0.06359288096427917, 0.9979756474494934),
            ["RightUpperArm"] = CFrame.new(-0.28018009662628174, 0.033914804458618164, 0.07445155084133148, 0.0712137520313263, 0.03828088939189911, 0.9967262744903564, 0.1566821187734604, 0.9864288568496704, -0.04907998815178871, -0.9850783944129944, 0.1596643477678299, 0.06424936652183533),
            ["UpperTorso"] = CFrame.new(-2.0954757928848267e-09, 2.9802322387695312e-08, -1.0884832590818405e-08, 0.999992311000824, 0.0036530529614537954, 0.0014687536749988794, -0.0034396289847791195, 0.9920734763145447, -0.12561263144016266, -0.00191598292440176, 0.12560659646987915, 0.9920783042907715),
            ["HumanoidRootPart"] = CFrame.new(0, 0, 0, 1, 0, 0, 0, 1, 0, 0, 0, 1),
            ["RightHand"] = CFrame.new(2.5436747819185257e-08, 0, 1.046573743224144e-07, 1, 5.587936335871291e-09, 1.0244549208948683e-08, -3.725290298461914e-09, 1, -1.862645371275562e-09, 2.3283064365386963e-08, 1.862645371275562e-09, 1),
            ["LeftUpperArm"] = CFrame.new(0.7788628935813904, -0.025609135627746582, -0.37161460518836975, 0.9948092103004456, 0.032519105821847916, 0.0964217260479927, -0.025860773399472237, 0.9972455501556396, -0.06951745599508286, -0.098416768014431, 0.06666307151317596, 0.9929099678993225),
            ["RightLowerArm"] = CFrame.new(-1.1920928955078125e-07, 4.76837158203125e-07, -1.341104507446289e-07, 1, -8.195639367158947e-08, 7.729978079851207e-08, 7.869676466043529e-08, 0.1358732134103775, -0.9907262921333313, 7.264316792543468e-08, 0.9907262921333313, 0.1358732134103775),
            ["LeftHand"] = CFrame.new(-2.60770320892334e-08, -2.384185791015625e-07, -1.4901161193847656e-08, 0.9933570027351379, -0.11494816094636917, 0.005367584992200136, 0.11490116268396378, 0.9933416843414307, 0.008367259055376053, -0.006293640937656164, -0.007694900967180729, 0.999950647354126),
            ["RightUpperLeg"] = CFrame.new(0, -2.894666977226734e-07, -1.229636836796999e-09, 0.8683268427848816, 0.23831035196781158, 0.4349905252456665, 0.07812085747718811, 0.8003519177436829, -0.594419002532959, -0.4898017346858978, 0.5501317381858826, 0.6763500571250916),
            ["LeftUpperLeg"] = CFrame.new(-1.1920928955078125e-07, -1.7415732145309448e-07, -9.313225746154785e-10, 0.9625822901725769, -0.13956795632839203, -0.2322845757007599, -0.024292778223752975, 0.8092784285545349, -0.586922824382782, 0.2698984444141388, 0.5706043839454651, 0.775606632232666),
            ["RightLowerLeg"] = CFrame.new(6.05359673500061e-08, -0.0000037550926208496094, -0.000013230535842012614, 1, -7.85803333513968e-09, -2.3050237274446772e-08, 2.7532220059356405e-08, 0.5607331991195679, 0.8279962539672852, -1.3533279386024333e-08, -0.8279964923858643, 0.5607337951660156),
            ["RightFoot"] = CFrame.new(1.601438270881772e-08, 2.980232238769531e-07, -5.798210622742772e-08, 0.9999997615814209, -0.0007479191408492625, 0.0000010728666666182107, 0.0006716698408126831, 0.8974283933639526, -0.4411593973636627, 0.00032895803451538086, 0.4411596655845642, 0.8974288105964661),
            ["LeftLowerLeg"] = CFrame.new(4.656612873077393e-10, 0.000003993511199951172, 0.000013358891010284424, 1, 1.8160787362830888e-07, 1.3853426139576186e-07, -2.3841860752327193e-07, 0.5805193781852722, 0.814246416091919, 7.590279693658886e-08, -0.814246416091919, 0.5805194973945618),
        }},
        {Time = 0.067, Data = {
            ["LeftFoot"] = CFrame.new(4.1191469790646806e-08, -1.1920928955078125e-07, -2.046817826339975e-08, 0.9947125315666199, 0.005571188870817423, -0.10254764556884766, -0.050896309316158295, 0.8940213918685913, -0.4451237916946411, 0.08920006453990936, 0.4479896128177643, 0.8895779252052307),
            ["LeftLowerArm"] = CFrame.new(-1.1920928955078125e-07, 3.5762786865234375e-07, 8.195638656616211e-08, 1, -5.122274604474342e-09, -3.725290298461914e-09, 5.587936335871291e-09, 1, -2.7939677238464355e-09, -4.423782673512733e-09, 4.6566133171666024e-09, 1),
            ["LowerTorso"] = CFrame.new(0.000581479980610311, -0.19839000701904297, -0.016648663207888603, 0.9995110630989075, 0.013466653414070606, -0.028219224885106087, -0.009300156496465206, 0.9896947741508484, 0.1428907960653305, 0.02985267899930477, -0.1425584852695465, 0.9893360733985901),
            ["Head"] = CFrame.new(-3.259629011154175e-09, 1.1920928955078125e-07, -6.05359673500061e-09, 0.9999980330467224, -0.0017681275494396687, -0.0009139374596998096, 0.0018226680113002658, 0.9979743957519531, 0.06359133869409561, 0.0007996466592885554, -0.06359288096427917, 0.9979756474494934),
            ["RightUpperArm"] = CFrame.new(-0.28018009662628174, 0.033914804458618164, 0.07445155084133148, 0.0712137520313263, 0.03828088939189911, 0.9967262744903564, 0.1566821187734604, 0.9864288568496704, -0.04907998815178871, -0.9850783944129944, 0.1596643477678299, 0.06424936652183533),
            ["UpperTorso"] = CFrame.new(-2.0954757928848267e-09, 2.9802322387695312e-08, -1.0884832590818405e-08, 0.999992311000824, 0.0036530529614537954, 0.0014687536749988794, -0.0034396289847791195, 0.9920734763145447, -0.12561263144016266, -0.00191598292440176, 0.12560659646987915, 0.9920783042907715),
            ["HumanoidRootPart"] = CFrame.new(0, 0, 0, 1, 0, 0, 0, 1, 0, 0, 0, 1),
            ["RightHand"] = CFrame.new(2.5436747819185257e-08, 0, 1.046573743224144e-07, 1, 5.587936335871291e-09, 1.0244549208948683e-08, -3.725290298461914e-09, 1, -1.862645371275562e-09, 2.3283064365386963e-08, 1.862645371275562e-09, 1),
            ["LeftUpperArm"] = CFrame.new(0.7788628935813904, -0.025609135627746582, -0.37161460518836975, 0.9948092103004456, 0.032519105821847916, 0.0964217260479927, -0.025860773399472237, 0.9972455501556396, -0.06951745599508286, -0.098416768014431, 0.06666307151317596, 0.9929099678993225),
            ["RightLowerArm"] = CFrame.new(-1.1920928955078125e-07, 4.76837158203125e-07, -1.341104507446289e-07, 1, -8.195639367158947e-08, 7.729978079851207e-08, 7.869676466043529e-08, 0.1358732134103775, -0.9907262921333313, 7.264316792543468e-08, 0.9907262921333313, 0.1358732134103775),
            ["LeftHand"] = CFrame.new(-2.60770320892334e-08, -2.384185791015625e-07, -1.4901161193847656e-08, 0.9933570027351379, -0.11494816094636917, 0.005367584992200136, 0.11490116268396378, 0.9933416843414307, 0.008367259055376053, -0.006293640937656164, -0.007694900967180729, 0.999950647354126),
            ["RightUpperLeg"] = CFrame.new(0, -2.894666977226734e-07, -1.229636836796999e-09, 0.8683268427848816, 0.23831035196781158, 0.4349905252456665, 0.07812085747718811, 0.8003519177436829, -0.594419002532959, -0.4898017346858978, 0.5501317381858826, 0.6763500571250916),
            ["LeftUpperLeg"] = CFrame.new(-1.1920928955078125e-07, -1.7415732145309448e-07, -9.313225746154785e-10, 0.9625822901725769, -0.13956795632839203, -0.2322845757007599, -0.024292778223752975, 0.8092784285545349, -0.586922824382782, 0.2698984444141388, 0.5706043839454651, 0.775606632232666),
            ["RightLowerLeg"] = CFrame.new(6.05359673500061e-08, -0.0000037550926208496094, -0.000013230535842012614, 1, -7.85803333513968e-09, -2.3050237274446772e-08, 2.7532220059356405e-08, 0.5607331991195679, 0.8279962539672852, -1.3533279386024333e-08, -0.8279964923858643, 0.5607337951660156),
            ["RightFoot"] = CFrame.new(1.601438270881772e-08, 2.980232238769531e-07, -5.798210622742772e-08, 0.9999997615814209, -0.0007479191408492625, 0.0000010728666666182107, 0.0006716698408126831, 0.8974283933639526, -0.4411593973636627, 0.00032895803451538086, 0.4411596655845642, 0.8974288105964661),
            ["LeftLowerLeg"] = CFrame.new(4.656612873077393e-10, 0.000003993511199951172, 0.000013358891010284424, 1, 1.8160787362830888e-07, 1.3853426139576186e-07, -2.3841860752327193e-07, 0.5805193781852722, 0.814246416091919, 7.590279693658886e-08, -0.814246416091919, 0.5805194973945618),
        }},
        {Time = 0.100, Data = {
            ["LeftFoot"] = CFrame.new(5.6889803090598434e-08, 1.7881393432617188e-07, -1.348598743788898e-08, 0.9957261085510254, 0.03374428302049637, -0.08597100526094437, -0.07018052041530609, 0.8815644979476929, -0.46681761741638184, 0.06003657728433609, 0.4708558917045593, 0.8801650404930115),
            ["LeftLowerArm"] = CFrame.new(-8.940696716308594e-08, -4.76837158203125e-07, 5.960464477539063e-08, 1, 2.2118913367563664e-09, 1.1059456683781832e-09, -2.3283062144940914e-09, 1, -9.31322685637781e-10, 8.032656317880082e-09, 9.31322685637781e-10, 1),
            ["LowerTorso"] = CFrame.new(-0.042048271745443344, -0.22656619548797607, -0.02270355075597763, 0.9995110630989075, 0.013466653414070606, -0.028219224885106087, -0.009300156496465206, 0.9896947741508484, 0.1428907960653305, 0.02985267899930477, -0.1425584852695465, 0.9893360733985901),
            ["Head"] = CFrame.new(6.51925802230835e-09, -1.1920928955078125e-07, -9.487848728895187e-09, 0.9999997615814209, 0.0005783671513199806, 0.0002688005624804646, -0.0005727678653784096, 0.9997919797897339, -0.020386340096592903, -0.0002805361582431942, 0.02038617618381977, 0.999792218208313),
            ["RightUpperArm"] = CFrame.new(-0.26593130826950073, 0.006800651550292969, 0.06963394582271576, 0.0712137520313263, 0.03828088939189911, 0.9967262744903564, 0.15668214857578278, 0.9864289164543152, -0.04907998815178871, -0.9850783944129944, 0.15966437757015228, 0.06424936652183533),
            ["UpperTorso"] = CFrame.new(-1.3969838619232178e-09, -3.2782554626464844e-07, -4.7730281949043274e-08, 0.999995768070221, 0.0026712031103670597, 0.0011259212624281645, -0.002555512124672532, 0.995703399181366, -0.09256543964147568, -0.0013683453435078263, 0.09256215393543243, 0.9957060813903809),
            ["HumanoidRootPart"] = CFrame.new(0, 0, 0, 1, 0, 0, 0, 1, 0, 0, 0, 1),
            ["RightHand"] = CFrame.new(-2.468004822731018e-08, 1.1920928955078125e-07, -3.119930624961853e-08, 1, 9.313226634333205e-09, -1.1175870895385742e-08, -5.587935447692871e-09, 1, -6.51925802230835e-09, 9.313225746154785e-10, 5.587936335871291e-09, 1),
            ["LeftUpperArm"] = CFrame.new(0.7795987129211426, -0.07791268825531006, -0.3810247480869293, 0.9948092103004456, 0.032519105821847916, 0.0964217334985733, -0.025860778987407684, 0.9972454905509949, -0.06951746344566345, -0.0984167754650116, 0.06666306406259537, 0.9929100275039673),
            ["RightLowerArm"] = CFrame.new(-1.7881393432617188e-07, -2.384185791015625e-07, 1.1175870895385742e-08, 1, -9.499491682163352e-08, 6.984920020158825e-08, 8.521601557731628e-08, 0.1358731985092163, -0.9907262921333313, 7.310882210731506e-08, 0.9907262325286865, 0.1358732134103775),
            ["LeftHand"] = CFrame.new(-2.9802322387695312e-08, -5.960464477539063e-08, 2.9802322387695312e-08, 0.9933570623397827, -0.11494814604520798, 0.005367587320506573, 0.11490115523338318, 0.9933416843414307, 0.008367255330085754, -0.006293632090091705, -0.007694906555116177, 0.999950647354126),
            ["RightUpperLeg"] = CFrame.new(1.1920928955078125e-07, -7.549533620476723e-07, -5.9437297750264406e-08, 0.8138004541397095, 0.2738265097141266, 0.5125893950462341, 0.1105133667588234, 0.7930203676223755, -0.5990873575210571, -0.5705397129058838, 0.5441854000091553, 0.615098774433136),
            ["LeftUpperLeg"] = CFrame.new(-5.960464477539063e-08, -6.402842700481415e-07, -2.9802322387695312e-08, 0.9571644067764282, -0.18023069202899933, -0.22661253809928894, 0.0012866668403148651, 0.7852903008460999, -0.6191263794898987, 0.2895422577857971, 0.5923143029212952, 0.7518839240074158),
            ["RightLowerLeg"] = CFrame.new(-1.30385160446167e-08, -0.0000036954879760742188, -0.000013237986422609538, 1, -1.9930305938942183e-07, -9.499492392706088e-08, 1.9930300254600297e-07, 0.5053389668464661, 0.8629205822944641, -9.778885612377053e-08, -0.8629210591316223, 0.5053394436836243),
            ["RightFoot"] = CFrame.new(2.0489096641540527e-08, 2.980232238769531e-07, -5.1579263526946306e-08, 0.994745135307312, 0.02028130553662777, -0.10035442560911179, -0.06629716604948044, 0.8745295405387878, -0.48041898012161255, 0.07801917940378189, 0.4845481514930725, 0.871278703212738),
            ["LeftLowerLeg"] = CFrame.new(-3.725290298461914e-08, 0.000003933906555175781, 0.000013239681720733643, 1, 2.6077029247062455e-07, 1.0244550452398471e-07, -2.2165477275848389e-07, 0.5249021649360657, 0.8511624932289124, 1.5832483768463135e-07, -0.8511625528335571, 0.52490234375),
        }},
        {Time = 0.133, Data = {
            ["LeftFoot"] = CFrame.new(5.6889803090598434e-08, 1.7881393432617188e-07, -1.348598743788898e-08, 0.9957261085510254, 0.03374428302049637, -0.08597100526094437, -0.07018052041530609, 0.8815644979476929, -0.46681761741638184, 0.06003657728433609, 0.4708558917045593, 0.8801650404930115),
            ["LeftLowerArm"] = CFrame.new(-8.940696716308594e-08, -4.76837158203125e-07, 5.960464477539063e-08, 1, 2.2118913367563664e-09, 1.1059456683781832e-09, -2.3283062144940914e-09, 1, -9.31322685637781e-10, 8.032656317880082e-09, 9.31322685637781e-10, 1),
            ["LowerTorso"] = CFrame.new(-0.042048271745443344, -0.22656619548797607, -0.02270355075597763, 0.9995110630989075, 0.013466653414070606, -0.028219224885106087, -0.009300156496465206, 0.9896947741508484, 0.1428907960653305, 0.02985267899930477, -0.1425584852695465, 0.9893360733985901),
            ["Head"] = CFrame.new(6.51925802230835e-09, -1.1920928955078125e-07, -9.487848728895187e-09, 0.9999997615814209, 0.0005783671513199806, 0.0002688005624804646, -0.0005727678653784096, 0.9997919797897339, -0.020386340096592903, -0.0002805361582431942, 0.02038617618381977, 0.999792218208313),
            ["RightUpperArm"] = CFrame.new(-0.26593130826950073, 0.006800651550292969, 0.06963394582271576, 0.0712137520313263, 0.03828088939189911, 0.9967262744903564, 0.15668214857578278, 0.9864289164543152, -0.04907998815178871, -0.9850783944129944, 0.15966437757015228, 0.06424936652183533),
            ["UpperTorso"] = CFrame.new(-1.3969838619232178e-09, -3.2782554626464844e-07, -4.7730281949043274e-08, 0.999995768070221, 0.0026712031103670597, 0.0011259212624281645, -0.002555512124672532, 0.995703399181366, -0.09256543964147568, -0.0013683453435078263, 0.09256215393543243, 0.9957060813903809),
            ["HumanoidRootPart"] = CFrame.new(0, 0, 0, 1, 0, 0, 0, 1, 0, 0, 0, 1),
            ["RightHand"] = CFrame.new(-2.468004822731018e-08, 1.1920928955078125e-07, -3.119930624961853e-08, 1, 9.313226634333205e-09, -1.1175870895385742e-08, -5.587935447692871e-09, 1, -6.51925802230835e-09, 9.313225746154785e-10, 5.587936335871291e-09, 1),
            ["LeftUpperArm"] = CFrame.new(0.7795987129211426, -0.07791268825531006, -0.3810247480869293, 0.9948092103004456, 0.032519105821847916, 0.0964217334985733, -0.025860778987407684, 0.9972454905509949, -0.06951746344566345, -0.0984167754650116, 0.06666306406259537, 0.9929100275039673),
            ["RightLowerArm"] = CFrame.new(-1.7881393432617188e-07, -2.384185791015625e-07, 1.1175870895385742e-08, 1, -9.499491682163352e-08, 6.984920020158825e-08, 8.521601557731628e-08, 0.1358731985092163, -0.9907262921333313, 7.310882210731506e-08, 0.9907262325286865, 0.1358732134103775),
            ["LeftHand"] = CFrame.new(-2.9802322387695312e-08, -5.960464477539063e-08, 2.9802322387695312e-08, 0.9933570623397827, -0.11494814604520798, 0.005367587320506573, 0.11490115523338318, 0.9933416843414307, 0.008367255330085754, -0.006293632090091705, -0.007694906555116177, 0.999950647354126),
            ["RightUpperLeg"] = CFrame.new(1.1920928955078125e-07, -7.549533620476723e-07, -5.9437297750264406e-08, 0.8138004541397095, 0.2738265097141266, 0.5125893950462341, 0.1105133667588234, 0.7930203676223755, -0.5990873575210571, -0.5705397129058838, 0.5441854000091553, 0.615098774433136),
            ["LeftUpperLeg"] = CFrame.new(-5.960464477539063e-08, -6.402842700481415e-07, -2.9802322387695312e-08, 0.9571644067764282, -0.18023069202899933, -0.22661253809928894, 0.0012866668403148651, 0.7852903008460999, -0.6191263794898987, 0.2895422577857971, 0.5923143029212952, 0.7518839240074158),
            ["RightLowerLeg"] = CFrame.new(-1.30385160446167e-08, -0.0000036954879760742188, -0.000013237986422609538, 1, -1.9930305938942183e-07, -9.499492392706088e-08, 1.9930300254600297e-07, 0.5053389668464661, 0.8629205822944641, -9.778885612377053e-08, -0.8629210591316223, 0.5053394436836243),
            ["RightFoot"] = CFrame.new(2.0489096641540527e-08, 2.980232238769531e-07, -5.1579263526946306e-08, 0.994745135307312, 0.02028130553662777, -0.10035442560911179, -0.06629716604948044, 0.8745295405387878, -0.48041898012161255, 0.07801917940378189, 0.4845481514930725, 0.871278703212738),
            ["LeftLowerLeg"] = CFrame.new(-3.725290298461914e-08, 0.000003933906555175781, 0.000013239681720733643, 1, 2.6077029247062455e-07, 1.0244550452398471e-07, -2.2165477275848389e-07, 0.5249021649360657, 0.8511624932289124, 1.5832483768463135e-07, -0.8511625528335571, 0.52490234375),
        }},
        {Time = 0.167, Data = {
            ["LeftFoot"] = CFrame.new(5.6889803090598434e-08, 1.7881393432617188e-07, -1.348598743788898e-08, 0.9957261085510254, 0.03374428302049637, -0.08597100526094437, -0.07018052041530609, 0.8815644979476929, -0.46681761741638184, 0.06003657728433609, 0.4708558917045593, 0.8801650404930115),
            ["LeftLowerArm"] = CFrame.new(-8.940696716308594e-08, -4.76837158203125e-07, 5.960464477539063e-08, 1, 2.2118913367563664e-09, 1.1059456683781832e-09, -2.3283062144940914e-09, 1, -9.31322685637781e-10, 8.032656317880082e-09, 9.31322685637781e-10, 1),
            ["LowerTorso"] = CFrame.new(-0.042048271745443344, -0.22656619548797607, -0.02270355075597763, 0.9995110630989075, 0.013466653414070606, -0.028219224885106087, -0.009300156496465206, 0.9896947741508484, 0.1428907960653305, 0.02985267899930477, -0.1425584852695465, 0.9893360733985901),
            ["Head"] = CFrame.new(6.51925802230835e-09, -1.1920928955078125e-07, -9.487848728895187e-09, 0.9999997615814209, 0.0005783671513199806, 0.0002688005624804646, -0.0005727678653784096, 0.9997919797897339, -0.020386340096592903, -0.0002805361582431942, 0.02038617618381977, 0.999792218208313),
            ["RightUpperArm"] = CFrame.new(-0.26593130826950073, 0.006800651550292969, 0.06963394582271576, 0.0712137520313263, 0.03828088939189911, 0.9967262744903564, 0.15668214857578278, 0.9864289164543152, -0.04907998815178871, -0.9850783944129944, 0.15966437757015228, 0.06424936652183533),
            ["UpperTorso"] = CFrame.new(-1.3969838619232178e-09, -3.2782554626464844e-07, -4.7730281949043274e-08, 0.999995768070221, 0.0026712031103670597, 0.0011259212624281645, -0.002555512124672532, 0.995703399181366, -0.09256543964147568, -0.0013683453435078263, 0.09256215393543243, 0.9957060813903809),
            ["HumanoidRootPart"] = CFrame.new(0, 0, 0, 1, 0, 0, 0, 1, 0, 0, 0, 1),
            ["RightHand"] = CFrame.new(-2.468004822731018e-08, 1.1920928955078125e-07, -3.119930624961853e-08, 1, 9.313226634333205e-09, -1.1175870895385742e-08, -5.587935447692871e-09, 1, -6.51925802230835e-09, 9.313225746154785e-10, 5.587936335871291e-09, 1),
            ["LeftUpperArm"] = CFrame.new(0.7795987129211426, -0.07791268825531006, -0.3810247480869293, 0.9948092103004456, 0.032519105821847916, 0.0964217334985733, -0.025860778987407684, 0.9972454905509949, -0.06951746344566345, -0.0984167754650116, 0.06666306406259537, 0.9929100275039673),
            ["RightLowerArm"] = CFrame.new(-1.7881393432617188e-07, -2.384185791015625e-07, 1.1175870895385742e-08, 1, -9.499491682163352e-08, 6.984920020158825e-08, 8.521601557731628e-08, 0.1358731985092163, -0.9907262921333313, 7.310882210731506e-08, 0.9907262325286865, 0.1358732134103775),
            ["LeftHand"] = CFrame.new(-2.9802322387695312e-08, -5.960464477539063e-08, 2.9802322387695312e-08, 0.9933570623397827, -0.11494814604520798, 0.005367587320506573, 0.11490115523338318, 0.9933416843414307, 0.008367255330085754, -0.006293632090091705, -0.007694906555116177, 0.999950647354126),
            ["RightUpperLeg"] = CFrame.new(1.1920928955078125e-07, -7.549533620476723e-07, -5.9437297750264406e-08, 0.8138004541397095, 0.2738265097141266, 0.5125893950462341, 0.1105133667588234, 0.7930203676223755, -0.5990873575210571, -0.5705397129058838, 0.5441854000091553, 0.615098774433136),
            ["LeftUpperLeg"] = CFrame.new(-5.960464477539063e-08, -6.402842700481415e-07, -2.9802322387695312e-08, 0.9571644067764282, -0.18023069202899933, -0.22661253809928894, 0.0012866668403148651, 0.7852903008460999, -0.6191263794898987, 0.2895422577857971, 0.5923143029212952, 0.7518839240074158),
            ["RightLowerLeg"] = CFrame.new(-1.30385160446167e-08, -0.0000036954879760742188, -0.000013237986422609538, 1, -1.9930305938942183e-07, -9.499492392706088e-08, 1.9930300254600297e-07, 0.5053389668464661, 0.8629205822944641, -9.778885612377053e-08, -0.8629210591316223, 0.5053394436836243),
            ["RightFoot"] = CFrame.new(2.0489096641540527e-08, 2.980232238769531e-07, -5.1579263526946306e-08, 0.994745135307312, 0.02028130553662777, -0.10035442560911179, -0.06629716604948044, 0.8745295405387878, -0.48041898012161255, 0.07801917940378189, 0.4845481514930725, 0.871278703212738),
            ["LeftLowerLeg"] = CFrame.new(-3.725290298461914e-08, 0.000003933906555175781, 0.000013239681720733643, 1, 2.6077029247062455e-07, 1.0244550452398471e-07, -2.2165477275848389e-07, 0.5249021649360657, 0.8511624932289124, 1.5832483768463135e-07, -0.8511625528335571, 0.52490234375),
        }},
        {Time = 0.200, Data = {
            ["LeftFoot"] = CFrame.new(-2.832553036569152e-08, 0, 8.686583896633238e-09, 0.9908386468887329, 0.032429300248622894, -0.13109983503818512, -0.08698475360870361, 0.8958165645599365, -0.43582841753959656, 0.10330794751644135, 0.44323936104774475, 0.8904304504394531),
            ["LeftLowerArm"] = CFrame.new(0, -1.1920928955078125e-07, 0, 1, 2.3283067140944524e-10, -2.444721758365631e-09, 3.4924596548080444e-09, 1, 9.313225746154785e-10, -2.3283064365386963e-09, -3.2596294552433847e-09, 1),
            ["LowerTorso"] = CFrame.new(-0.042048271745443344, -0.1977996826171875, -0.02270355075597763, 0.9995110630989075, 0.013466653414070606, -0.028219224885106087, -0.009300156496465206, 0.9896947741508484, 0.1428907960653305, 0.02985267899930477, -0.1425584852695465, 0.9893360733985901),
            ["Head"] = CFrame.new(0.005871535278856754, -0.03919708728790283, -0.015481577254831791, 0.9999993443489075, 0.0010813339613378048, 0.0004910508869215846, -0.0010619155364111066, 0.9992788434028625, -0.037956640124320984, -0.0005317429313436151, 0.03795609623193741, 0.999279260635376),
            ["RightUpperArm"] = CFrame.new(-0.26593124866485596, 0.006801009178161621, 0.06963396817445755, 0.0712137520313263, 0.03828088939189911, 0.9967262744903564, 0.15668213367462158, 0.9864288568496704, -0.04907998815178871, -0.9850783944129944, 0.1596643626689911, 0.06424938142299652),
            ["UpperTorso"] = CFrame.new(-3.259629011154175e-09, -2.086162567138672e-07, 2.6775524020195007e-08, 0.9999942183494568, 0.0031477520242333412, 0.0012968919472768903, -0.002988183870911598, 0.9940736889839172, -0.10866820067167282, -0.0016312686493620276, 0.10866371542215347, 0.9940772652626038),
            ["HumanoidRootPart"] = CFrame.new(0, 0, 0, 1, 0, 0, 0, 1, 0, 0, 0, 1),
            ["RightHand"] = CFrame.new(4.6566128730773926e-09, 5.960464477539063e-08, -6.076879799365997e-08, 1, 5.587936335871291e-09, 1.210719524635806e-08, -1.1175872671742582e-08, 1, -4.6566133171666024e-09, -8.381904059717726e-09, -4.6566133171666024e-09, 1),
            ["LeftUpperArm"] = CFrame.new(0.7795986533164978, -0.07791280746459961, -0.38102471828460693, 0.9948092103004456, 0.032519109547138214, 0.0964217334985733, -0.025860775262117386, 0.9972454905509949, -0.06951746344566345, -0.098416768014431, 0.06666307151317596, 0.9929100275039673),
            ["RightLowerArm"] = CFrame.new(-5.960464477539063e-08, 1.1920928955078125e-07, -3.725290298461914e-09, 1, -9.592622518539429e-08, 7.171183113996449e-08, 8.66129994392395e-08, 0.1358732134103775, -0.9907262921333313, 8.149072527885437e-08, 0.9907262921333313, 0.1358732134103775),
            ["LeftHand"] = CFrame.new(-2.2351741790771484e-08, -3.5762786865234375e-07, 1.4901161193847656e-08, 0.9933570623397827, -0.11494816094636917, 0.005367584526538849, 0.11490115523338318, 0.9933416843414307, 0.00836725439876318, -0.006293649785220623, -0.0076949079521000385, 0.999950647354126),
            ["RightUpperLeg"] = CFrame.new(1.1920928955078125e-07, -5.140900611877441e-07, -1.229636836796999e-09, 0.835256040096283, 0.21000024676322937, 0.5081803798675537, 0.1324111372232437, 0.8201838135719299, -0.5565661787986755, -0.5336803197860718, 0.5321639776229858, 0.6572570204734802),
            ["LeftUpperLeg"] = CFrame.new(-5.960464477539063e-08, -3.948807716369629e-07, -3.3527612686157227e-08, 0.9692344665527344, -0.14995138347148895, -0.19519031047821045, 0.006349667906761169, 0.8079751133918762, -0.5891823768615723, 0.24605756998062134, 0.5698164105415344, 0.7840695381164551),
            ["RightLowerLeg"] = CFrame.new(2.2351741790771484e-08, -0.000003635883331298828, -0.000013275239325594157, 1, -1.5273690223693848e-07, -1.564622067462551e-07, 1.9744035739677201e-07, 0.5674434900283813, 0.8234118819236755, -1.3597308168300515e-07, -0.8234124183654785, 0.5674442052841187),
            ["RightFoot"] = CFrame.new(-1.750231604091823e-08, 2.980232238769531e-07, 5.107722245156765e-09, 0.9973506331443787, 0.040437519550323486, -0.0604696124792099, -0.06385119259357452, 0.8849105834960938, -0.4613630771636963, 0.03485379368066788, 0.4640023112297058, 0.885148286819458),
            ["LeftLowerLeg"] = CFrame.new(-1.1175870895385742e-08, 0.0000040531158447265625, 0.000013247132301330566, 1, 2.3841855067985307e-07, 8.009374852235851e-08, -2.1047887344138871e-07, 0.583145797252655, 0.8123674988746643, 1.2665985593685036e-07, -0.8123674392700195, 0.5831459164619446),
        }},
        {Time = 0.233, Data = {
            ["LeftFoot"] = CFrame.new(-2.832553036569152e-08, 0, 8.686583896633238e-09, 0.9908386468887329, 0.032429300248622894, -0.13109983503818512, -0.08698475360870361, 0.8958165645599365, -0.43582841753959656, 0.10330794751644135, 0.44323936104774475, 0.8904304504394531),
            ["LeftLowerArm"] = CFrame.new(0, -1.1920928955078125e-07, 0, 1, 2.3283067140944524e-10, -2.444721758365631e-09, 3.4924596548080444e-09, 1, 9.313225746154785e-10, -2.3283064365386963e-09, -3.2596294552433847e-09, 1),
            ["LowerTorso"] = CFrame.new(-0.042048271745443344, -0.1977996826171875, -0.02270355075597763, 0.9995110630989075, 0.013466653414070606, -0.028219224885106087, -0.009300156496465206, 0.9896947741508484, 0.1428907960653305, 0.02985267899930477, -0.1425584852695465, 0.9893360733985901),
            ["Head"] = CFrame.new(0.005871535278856754, -0.03919708728790283, -0.015481577254831791, 0.9999993443489075, 0.0010813339613378048, 0.0004910508869215846, -0.0010619155364111066, 0.9992788434028625, -0.037956640124320984, -0.0005317429313436151, 0.03795609623193741, 0.999279260635376),
            ["RightUpperArm"] = CFrame.new(-0.26593124866485596, 0.006801009178161621, 0.06963396817445755, 0.0712137520313263, 0.03828088939189911, 0.9967262744903564, 0.15668213367462158, 0.9864288568496704, -0.04907998815178871, -0.9850783944129944, 0.1596643626689911, 0.06424938142299652),
            ["UpperTorso"] = CFrame.new(-3.259629011154175e-09, -2.086162567138672e-07, 2.6775524020195007e-08, 0.9999942183494568, 0.0031477520242333412, 0.0012968919472768903, -0.002988183870911598, 0.9940736889839172, -0.10866820067167282, -0.0016312686493620276, 0.10866371542215347, 0.9940772652626038),
            ["HumanoidRootPart"] = CFrame.new(0, 0, 0, 1, 0, 0, 0, 1, 0, 0, 0, 1),
            ["RightHand"] = CFrame.new(4.6566128730773926e-09, 5.960464477539063e-08, -6.076879799365997e-08, 1, 5.587936335871291e-09, 1.210719524635806e-08, -1.1175872671742582e-08, 1, -4.6566133171666024e-09, -8.381904059717726e-09, -4.6566133171666024e-09, 1),
            ["LeftUpperArm"] = CFrame.new(0.7795986533164978, -0.07791280746459961, -0.38102471828460693, 0.9948092103004456, 0.032519109547138214, 0.0964217334985733, -0.025860775262117386, 0.9972454905509949, -0.06951746344566345, -0.098416768014431, 0.06666307151317596, 0.9929100275039673),
            ["RightLowerArm"] = CFrame.new(-5.960464477539063e-08, 1.1920928955078125e-07, -3.725290298461914e-09, 1, -9.592622518539429e-08, 7.171183113996449e-08, 8.66129994392395e-08, 0.1358732134103775, -0.9907262921333313, 8.149072527885437e-08, 0.9907262921333313, 0.1358732134103775),
            ["LeftHand"] = CFrame.new(-2.2351741790771484e-08, -3.5762786865234375e-07, 1.4901161193847656e-08, 0.9933570623397827, -0.11494816094636917, 0.005367584526538849, 0.11490115523338318, 0.9933416843414307, 0.00836725439876318, -0.006293649785220623, -0.0076949079521000385, 0.999950647354126),
            ["RightUpperLeg"] = CFrame.new(1.1920928955078125e-07, -5.140900611877441e-07, -1.229636836796999e-09, 0.835256040096283, 0.21000024676322937, 0.5081803798675537, 0.1324111372232437, 0.8201838135719299, -0.5565661787986755, -0.5336803197860718, 0.5321639776229858, 0.6572570204734802),
            ["LeftUpperLeg"] = CFrame.new(-5.960464477539063e-08, -3.948807716369629e-07, -3.3527612686157227e-08, 0.9692344665527344, -0.14995138347148895, -0.19519031047821045, 0.006349667906761169, 0.8079751133918762, -0.5891823768615723, 0.24605756998062134, 0.5698164105415344, 0.7840695381164551),
            ["RightLowerLeg"] = CFrame.new(2.2351741790771484e-08, -0.000003635883331298828, -0.000013275239325594157, 1, -1.5273690223693848e-07, -1.564622067462551e-07, 1.9744035739677201e-07, 0.5674434900283813, 0.8234118819236755, -1.3597308168300515e-07, -0.8234124183654785, 0.5674442052841187),
            ["RightFoot"] = CFrame.new(-1.750231604091823e-08, 2.980232238769531e-07, 5.107722245156765e-09, 0.9973506331443787, 0.040437519550323486, -0.0604696124792099, -0.06385119259357452, 0.8849105834960938, -0.4613630771636963, 0.03485379368066788, 0.4640023112297058, 0.885148286819458),
            ["LeftLowerLeg"] = CFrame.new(-1.1175870895385742e-08, 0.0000040531158447265625, 0.000013247132301330566, 1, 2.3841855067985307e-07, 8.009374852235851e-08, -2.1047887344138871e-07, 0.583145797252655, 0.8123674988746643, 1.2665985593685036e-07, -0.8123674392700195, 0.5831459164619446),
        }},
        {Time = 0.267, Data = {
            ["LeftFoot"] = CFrame.new(-2.832553036569152e-08, 0, 8.686583896633238e-09, 0.9908386468887329, 0.032429300248622894, -0.13109983503818512, -0.08698475360870361, 0.8958165645599365, -0.43582841753959656, 0.10330794751644135, 0.44323936104774475, 0.8904304504394531),
            ["LeftLowerArm"] = CFrame.new(0, -1.1920928955078125e-07, 0, 1, 2.3283067140944524e-10, -2.444721758365631e-09, 3.4924596548080444e-09, 1, 9.313225746154785e-10, -2.3283064365386963e-09, -3.2596294552433847e-09, 1),
            ["LowerTorso"] = CFrame.new(-0.042048271745443344, -0.1977996826171875, -0.02270355075597763, 0.9995110630989075, 0.013466653414070606, -0.028219224885106087, -0.009300156496465206, 0.9896947741508484, 0.1428907960653305, 0.02985267899930477, -0.1425584852695465, 0.9893360733985901),
            ["Head"] = CFrame.new(0.005871535278856754, -0.03919708728790283, -0.015481577254831791, 0.9999993443489075, 0.0010813339613378048, 0.0004910508869215846, -0.0010619155364111066, 0.9992788434028625, -0.037956640124320984, -0.0005317429313436151, 0.03795609623193741, 0.999279260635376),
            ["RightUpperArm"] = CFrame.new(-0.26593124866485596, 0.006801009178161621, 0.06963396817445755, 0.0712137520313263, 0.03828088939189911, 0.9967262744903564, 0.15668213367462158, 0.9864288568496704, -0.04907998815178871, -0.9850783944129944, 0.1596643626689911, 0.06424938142299652),
            ["UpperTorso"] = CFrame.new(-3.259629011154175e-09, -2.086162567138672e-07, 2.6775524020195007e-08, 0.9999942183494568, 0.0031477520242333412, 0.0012968919472768903, -0.002988183870911598, 0.9940736889839172, -0.10866820067167282, -0.0016312686493620276, 0.10866371542215347, 0.9940772652626038),
            ["HumanoidRootPart"] = CFrame.new(0, 0, 0, 1, 0, 0, 0, 1, 0, 0, 0, 1),
            ["RightHand"] = CFrame.new(4.6566128730773926e-09, 5.960464477539063e-08, -6.076879799365997e-08, 1, 5.587936335871291e-09, 1.210719524635806e-08, -1.1175872671742582e-08, 1, -4.6566133171666024e-09, -8.381904059717726e-09, -4.6566133171666024e-09, 1),
            ["LeftUpperArm"] = CFrame.new(0.7795986533164978, -0.07791280746459961, -0.38102471828460693, 0.9948092103004456, 0.032519109547138214, 0.0964217334985733, -0.025860775262117386, 0.9972454905509949, -0.06951746344566345, -0.098416768014431, 0.06666307151317596, 0.9929100275039673),
            ["RightLowerArm"] = CFrame.new(-5.960464477539063e-08, 1.1920928955078125e-07, -3.725290298461914e-09, 1, -9.592622518539429e-08, 7.171183113996449e-08, 8.66129994392395e-08, 0.1358732134103775, -0.9907262921333313, 8.149072527885437e-08, 0.9907262921333313, 0.1358732134103775),
            ["LeftHand"] = CFrame.new(-2.2351741790771484e-08, -3.5762786865234375e-07, 1.4901161193847656e-08, 0.9933570623397827, -0.11494816094636917, 0.005367584526538849, 0.11490115523338318, 0.9933416843414307, 0.00836725439876318, -0.006293649785220623, -0.0076949079521000385, 0.999950647354126),
            ["RightUpperLeg"] = CFrame.new(1.1920928955078125e-07, -5.140900611877441e-07, -1.229636836796999e-09, 0.835256040096283, 0.21000024676322937, 0.5081803798675537, 0.1324111372232437, 0.8201838135719299, -0.5565661787986755, -0.5336803197860718, 0.5321639776229858, 0.6572570204734802),
            ["LeftUpperLeg"] = CFrame.new(-5.960464477539063e-08, -3.948807716369629e-07, -3.3527612686157227e-08, 0.9692344665527344, -0.14995138347148895, -0.19519031047821045, 0.006349667906761169, 0.8079751133918762, -0.5891823768615723, 0.24605756998062134, 0.5698164105415344, 0.7840695381164551),
