return {
    ["Charging Blast"] = {
        {Time = 0.000, Data = {
            ["RightFoot"] = CFrame.new(-7.450580596923828e-09, 4.172325134277344e-07, 1.1345400707796216e-07, 0.9484652876853943, 0.29471132159233093, -0.11644327640533447, -0.31687793135643005, 0.8837675452232361, -0.3443007171154022, 0.0014393540332093835, 0.36345580220222473, 0.9316105246543884),
            ["LeftLowerArm"] = CFrame.new(1.1920928955078125e-07, -1.1920928955078125e-07, 2.384185791015625e-07, 1, -7.078052277620372e-08, -2.2351745343485163e-08, 6.705523247774181e-08, 0.766511082649231, -0.6422310471534729, 0, 0.6422310471534729, 0.766511082649231),
            ["LeftFoot"] = CFrame.new(7.078051567077637e-08, -5.960464477539063e-08, 5.168840289115906e-08, 0.9790937304496765, -0.18102599680423737, 0.092763751745224, 0.17815101146697998, 0.9832513928413391, 0.038458529859781265, -0.09817209094762802, -0.021128550171852112, 0.9949451088905334),
            ["Head"] = CFrame.new(-9.313225746154785e-09, 1.1920928955078125e-07, -1.1175870895385742e-08, 0.9480029344558716, 0.009620299562811852, 0.31811603903770447, -0.006272349506616592, 0.9999136328697205, -0.011546826921403408, -0.3181997239589691, 0.008951199240982533, 0.9479814767837524),
            ["LowerTorso"] = CFrame.new(-0.054446760565042496, -0.13296401500701904, 0.026450827717781067, 0.9569791555404663, 0.007614895235747099, -0.29005706310272217, 0.001410910626873374, 0.9995216131210327, 0.030895523726940155, 0.2901535928249359, -0.029975613579154015, 0.9565105438232422),
            ["UpperTorso"] = CFrame.new(-8.847564458847046e-09, 5.960464477539063e-08, 1.4901161193847656e-08, 0.9988753199577332, -0.001757736667059362, -0.04738322272896767, 0.0030580214224755764, 0.9996203780174255, 0.027383334934711456, 0.04731712490320206, -0.02749742567539215, 0.9985014200210571),
            ["HumanoidRootPart"] = CFrame.new(0, 0, 0, 1, 0, 0, 0, 1, 0, 0, 0, 1),
            ["RightUpperLeg"] = CFrame.new(1.1920928955078125e-07, 9.941868484020233e-08, -4.267349140718579e-08, 0.9031649231910706, -0.29162898659706116, -0.3150331676006317, 0.2808198630809784, 0.9563981890678406, -0.08026722073554993, 0.3247053325176239, -0.015973148867487907, 0.9456803798675537),
            ["LeftUpperArm"] = CFrame.new(-1.1920928955078125e-07, -1.1920928955078125e-07, -4.470348358154297e-08, 0.8359239101409912, 0.41466549038887024, -0.35956063866615295, -0.3237726390361786, 0.9015550017356873, 0.28700172901153564, 0.4431734085083008, -0.12349573522806168, 0.8878886103630066),
            ["RightLowerArm"] = CFrame.new(-3.5762786865234375e-07, 5.960464477539062e-07, 5.960464477539063e-08, 1, -5.587935447692871e-08, 7.450581485102248e-09, 5.215408194203519e-08, 0.7490406036376953, -0.6625242233276367, 1.4901166522918174e-08, 0.6625242233276367, 0.7490405440330505),
            ["LeftHand"] = CFrame.new(-5.960464477539063e-08, -4.76837158203125e-07, 0, 0.9470176696777344, -0.11883170157670975, -0.2983899414539337, 0.1274786740541458, 0.991794764995575, 0.009611198678612709, 0.2947995066642761, -0.04714006930589676, 0.9543957114219666),
            ["RightHand"] = CFrame.new(5.21540641784668e-08, 1.7881393432617188e-07, -1.1920928955078125e-07, 0.9930648803710938, -0.08604906499385834, -0.08011101186275482, 0.07951987534761429, 0.9935035705566406, -0.08140871673822403, 0.08659566938877106, 0.07447300851345062, 0.9934560060501099),
            ["RightUpperArm"] = CFrame.new(0, 2.384185791015625e-07, -1.4901161193847656e-08, 0.9763709306716919, -0.21410685777664185, 0.029293566942214966, 0.18481917679309845, 0.8975745439529419, 0.4002522826194763, -0.11198998987674713, -0.3853805661201477, 0.9159367084503174),
            ["RightLowerLeg"] = CFrame.new(-4.470348358154297e-08, -0.00006031990051269531, -0.00007206404552562162, 1, -6.239861960466442e-08, -9.685756197086448e-08, 4.470348358154297e-08, 0.9054561853408813, 0.42443978786468506, 2.7939677238464355e-08, -0.424439936876297, 0.9054562449455261),
            ["LeftUpperLeg"] = CFrame.new(-1.7881393432617188e-07, 9.872019290924072e-08, 2.60770320892334e-08, 0.9533812403678894, 0.2759374678134918, 0.12215889245271683, -0.1718328893184662, 0.8291771411895752, -0.5319198966026306, -0.24806798994541168, 0.48613157868385315, 0.83793705701828),
            ["LeftLowerLeg"] = CFrame.new(3.166496753692627e-08, 0.000060617923736572266, 0.0000720098614692688, 1, 4.98257577419281e-08, 1.7229465854029513e-08, -2.0489096641540527e-08, 0.8714175224304199, 0.49054211378097534, 1.862645149230957e-08, -0.49054214358329773, 0.8714174628257751),
        }},
        {Time = 0.033, Data = {
            ["RightFoot"] = CFrame.new(-7.450580596923828e-08, 2.980232238769531e-07, -7.281050784513354e-08, 0.9497864246368408, 0.2901386320590973, -0.11715579777956009, -0.31289875507354736, 0.8811846375465393, -0.35441190004348755, 0.0004071620060130954, 0.37327370047569275, 0.9277213215827942),
            ["LeftLowerArm"] = CFrame.new(-4.76837158203125e-07, 1.1920928955078125e-07, 2.384185791015625e-07, 1, -4.842879164357328e-08, 2.2351748896198842e-08, 7.078052277620372e-08, 0.7834697365760803, -0.6214300990104675, 5.2154071283894154e-08, 0.621429979801178, 0.7834697365760803),
            ["LeftFoot"] = CFrame.new(1.6763806343078613e-08, 5.960464477539063e-08, 1.210719347000122e-08, 0.9797070622444153, -0.18328770995140076, 0.08111602813005447, 0.17586804926395416, 0.9802199006080627, 0.09077206254005432, -0.09614893049001694, -0.07466430962085724, 0.9925627112388611),
            ["Head"] = CFrame.new(-1.0244548320770264e-08, 0, 2.3283064365386963e-08, 0.9537834525108337, -0.028416724875569344, 0.2991480529308319, 0.03182467818260193, 0.9994722008705139, -0.006525510456413031, -0.29880475997924805, 0.015744347125291824, 0.9541844129562378),
            ["LowerTorso"] = CFrame.new(-0.04761965200304985, -0.1298527717590332, 0.03596214950084686, 0.9610698819160461, 0.017734073102474213, -0.2757357358932495, -0.007947307080030441, 0.9992995858192444, 0.03657027333974838, 0.2761911153793335, -0.03295523673295975, 0.9605375528335571),
            ["UpperTorso"] = CFrame.new(2.3283064365386963e-09, -3.8743019104003906e-07, 1.862645149230957e-09, 0.9990752935409546, 0.007229729555547237, -0.04238292574882507, -0.006108218804001808, 0.9996293187141418, 0.02653144858777523, 0.04255904629826546, -0.026248019188642502, 0.9987491965293884),
            ["HumanoidRootPart"] = CFrame.new(0, 0, 0, 1, 0, 0, 0, 1, 0, 0, 0, 1),
            ["RightUpperLeg"] = CFrame.new(1.1920928955078125e-07, 2.3469328880310059e-07, -4.639878170564771e-08, 0.8972492218017578, -0.29782119393348694, -0.32595452666282654, 0.2823355793952942, 0.9545977115631104, -0.09502563625574112, 0.33945605158805847, -0.0067669847048819065, 0.9405975341796875),
            ["LeftUpperArm"] = CFrame.new(1.1920928955078125e-07, 1.1920928955078125e-07, 2.9802322387695312e-08, 0.8294273614883423, 0.39294320344924927, -0.3970465660095215, -0.3037783205509186, 0.9137639403343201, 0.2697299122810364, 0.4687952995300293, -0.10310722142457962, 0.877268373966217),
            ["RightLowerArm"] = CFrame.new(-1.7881393432617188e-07, 1.1920928955078125e-07, -2.682209014892578e-07, 1, -4.842878098543224e-08, 4.0978193283081055e-08, 5.587938289863814e-08, 0.7472361922264099, -0.6645585894584656, 7.450584149637507e-09, 0.6645586490631104, 0.7472361922264099),
            ["LeftHand"] = CFrame.new(2.980232238769531e-07, -5.960464477539063e-08, 1.2665987014770508e-07, 0.9425957202911377, -0.1172509714961052, -0.3126746714115143, 0.12189219892024994, 0.9925321340560913, -0.0047348616644740105, 0.31089484691619873, -0.033649031072854996, 0.949848473072052),
            ["RightHand"] = CFrame.new(2.2351741790771484e-07, 4.172325134277344e-07, 2.9802322387695312e-08, 0.9955999255180359, -0.06934290379285812, -0.06302762776613235, 0.06660734117031097, 0.9967857599258423, -0.04451601579785347, 0.06591176986694336, 0.04012132063508034, 0.9970184564590454),
            ["RightUpperArm"] = CFrame.new(-1.1920928955078125e-07, -3.5762786865234375e-07, -1.4901161193847656e-08, 0.9740813970565796, -0.2252635508775711, 0.02053733728826046, 0.19642016291618347, 0.8873839974403381, 0.41709592938423157, -0.11218100041151047, -0.40225136280059814, 0.90863037109375),
            ["RightLowerLeg"] = CFrame.new(-1.1920928955078125e-07, -0.00006020069122314453, -0.00007212737546069548, 1, -5.7742006731587026e-08, -7.450581307466564e-08, 5.960465188081798e-08, 0.8980040550231934, 0.43998706340789795, 2.421439049271612e-08, -0.43998727202415466, 0.8980042338371277),
            ["LeftUpperLeg"] = CFrame.new(-1.7881393432617188e-07, 2.5564804673194885e-07, 7.450580596923828e-09, 0.9565775990486145, 0.2654893696308136, 0.12031078338623047, -0.1632683426141739, 0.8299742341041565, -0.5333724021911621, -0.24145956337451935, 0.49056926369667053, 0.8372809290885925),
            ["LeftLowerLeg"] = CFrame.new(-2.421438694000244e-08, 0.000060439109802246094, 0.00007214397192001343, 1, 6.100162863731384e-08, 1.0244548320770264e-08, -6.332993507385254e-08, 0.8855531215667725, 0.46453821659088135, 1.1175870895385742e-08, -0.4645382761955261, 0.8855530619621277),
        }},
        {Time = 0.067, Data = {
            ["RightFoot"] = CFrame.new(7.450580596923828e-09, 2.980232238769531e-07, 7.620110409334302e-08, 0.9536217451095581, 0.2768182158470154, -0.11822688579559326, -0.3010050356388092, 0.8752562403678894, -0.3785792291164398, -0.0013190362369641662, 0.39660853147506714, 0.917987048625946),
            ["LeftLowerArm"] = CFrame.new(-8.940696716308594e-08, 2.384185791015625e-07, 2.682209014892578e-07, 1, -2.048909131247001e-08, 5.215404996761208e-08, 4.6566128730773926e-08, 0.8019142150878906, -0.5974392294883728, 0, 0.5974392294883728, 0.8019142150878906),
            ["LeftFoot"] = CFrame.new(-3.3527612686157227e-08, 5.960464477539063e-08, -5.960464477539063e-08, 0.9806198477745056, -0.18903683125972748, 0.05147798731923103, 0.17543984949588776, 0.9642149806022644, 0.19877228140830994, -0.08721113204956055, -0.18588873744010925, 0.9786928296089172),
            ["Head"] = CFrame.new(1.3969838619232178e-08, -8.344650268554688e-07, -1.862645149230957e-09, 0.9601090550422668, -0.08377473801374435, 0.2667815089225769, 0.08586093783378601, 0.9962997436523438, 0.003856759052723646, -0.26611751317977905, 0.019203322008252144, 0.9637494087219238),
            ["LowerTorso"] = CFrame.new(-0.029105782508850098, -0.12343847751617432, 0.06043726205825806, 0.9670747518539429, 0.03942291811108589, -0.25142040848731995, -0.027701403945684433, 0.9983653426170349, 0.04999255761504173, 0.2529802918434143, -0.0413818433880806, 0.9665859937667847),
            ["UpperTorso"] = CFrame.new(2.7939677238464355e-09, 2.086162567138672e-07, 8.149072527885437e-09, 0.9993246793746948, 0.016563262790441513, -0.03280196711421013, -0.015877433121204376, 0.9996522068977356, 0.02105969376862049, 0.033139415085315704, -0.02052464708685875, 0.999239981174469),
            ["HumanoidRootPart"] = CFrame.new(0, 0, 0, 1, 0, 0, 0, 1, 0, 0, 0, 1),
            ["RightUpperLeg"] = CFrame.new(1.7881393432617188e-07, 3.3015385270118713e-07, -4.639878170564771e-08, 0.8873560428619385, -0.31101110577583313, -0.3403988182544708, 0.2808499336242676, 0.9500769376754761, -0.1359306275844574, 0.36568108201026917, 0.025017740204930305, 0.930404007434845),
            ["LeftUpperArm"] = CFrame.new(1.1920928955078125e-07, -1.1920928955078125e-07, -5.960464477539063e-08, 0.8143467903137207, 0.37355494499206543, -0.4441802203655243, -0.28942424058914185, 0.9247574806213379, 0.24709782004356384, 0.5030634999275208, -0.07266683876514435, 0.8611891269683838),
            ["RightLowerArm"] = CFrame.new(-1.1920928955078125e-07, 1.1920928955078125e-07, -2.682209014892578e-07, 1, -9.313222193441106e-08, 2.7939670133036998e-08, 5.587938289863814e-08, 0.7688367366790771, -0.6394451856613159, 1.4901168299275014e-08, 0.6394451260566711, 0.7688366770744324),
            ["LeftHand"] = CFrame.new(-2.980232238769531e-07, -3.5762786865234375e-07, -6.705522537231445e-08, 0.9344304203987122, -0.11448648571968079, -0.33724281191825867, 0.1172945648431778, 0.9930233359336853, -0.012110400013625622, 0.33627647161483765, -0.02824031561613083, 0.9413398504257202),
            ["RightHand"] = CFrame.new(-1.4901161193847656e-08, -1.1920928955078125e-07, -5.587935447692871e-08, 0.9989338517189026, -0.028209565207362175, -0.03654291853308678, 0.027346258983016014, 0.9993400573730469, -0.023913457989692688, 0.03719332069158554, 0.022888166829943657, 0.9990459680557251),
            ["RightUpperArm"] = CFrame.new(-5.960464477539063e-08, -2.384185791015625e-07, 2.9802322387695312e-08, 0.9713720083236694, -0.23752520978450775, -0.004270000383257866, 0.21681392192840576, 0.8790392875671387, 0.42459598183631897, -0.09709881991147995, -0.41336649656295776, 0.9053728580474854),
            ["RightLowerLeg"] = CFrame.new(0, -0.000060498714447021484, -0.00007206777081592008, 1, -3.5390257835388184e-08, -8.195638656616211e-08, 6.705522537231445e-08, 0.8761954307556152, 0.48195576667785645, 4.6566128730773926e-08, -0.48195600509643555, 0.8761955499649048),
            ["LeftUpperLeg"] = CFrame.new(-1.7881393432617188e-07, 2.898741513490677e-07, 3.725290298461914e-08, 0.960419774055481, 0.24907001852989197, 0.12473184615373611, -0.1463669091463089, 0.8322118520736694, -0.5347899198532104, -0.2370034158229828, 0.49536624550819397, 0.8357282876968384),
            ["LeftLowerLeg"] = CFrame.new(5.4016709327697754e-08, 0.000060677528381347656, 0.00007215142250061035, 1, 1.1408701539039612e-08, 5.587935447692871e-09, -3.632158041000366e-08, 0.9113260507583618, 0.41168537735939026, 5.587935447692871e-09, -0.41168537735939026, 0.9113260507583618),
        }},
        {Time = 0.100, Data = {
            ["RightFoot"] = CFrame.new(7.450580596923828e-08, 4.76837158203125e-07, -1.0261283023282886e-07, 0.9589927792549133, 0.2573212683200836, -0.11882302165031433, -0.2834269404411316, 0.8728469014167786, -0.3972494602203369, 0.0014934426872059703, 0.41463717818260193, 0.9099857211112976),
            ["LeftLowerArm"] = CFrame.new(8.940696716308594e-08, 2.384185791015625e-07, 1.1920928955078125e-07, 1, -5.5879347371501353e-08, 1.4901154088420299e-08, 4.540197551250458e-08, 0.8093252182006836, -0.5873607397079468, 2.9802322387695312e-08, 0.5873607993125916, 0.8093252182006836),
            ["LeftFoot"] = CFrame.new(-6.984919309616089e-08, 5.960464477539063e-08, 5.704350769519806e-08, 0.9796333909034729, -0.1960488110780716, 0.043399617075920105, 0.1826109141111374, 0.9597364664077759, 0.21344612538814545, -0.0834980458021164, -0.20117367804050446, 0.9759904146194458),
            ["Head"] = CFrame.new(-1.3504177331924438e-08, -1.1920928955078125e-07, -6.332993507385254e-08, 0.967276394367218, -0.11031197756528854, 0.22848986089229584, 0.11086832731962204, 0.993780255317688, 0.010440673679113388, -0.22822046279907227, 0.015233363956212997, 0.9734903573989868),
            ["LowerTorso"] = CFrame.new(-0.006424859166145325, -0.11267280578613281, 0.09805011749267578, 0.9731072187423706, 0.0606420524418354, -0.22222720086574554, -0.04859428480267525, 0.9970572590827942, 0.059291351586580276, 0.22516877949237823, -0.046897873282432556, 0.973190426826477),
            ["UpperTorso"] = CFrame.new(7.450580596923828e-09, 1.7881393432617188e-07, -3.4458935260772705e-08, 0.9997587203979492, 0.007977048866450787, -0.02046876586973667, -0.007492356933653355, 0.9996922612190247, 0.02364768274128437, 0.020651107653975487, -0.023488614708185196, 0.9995108842849731),
            ["HumanoidRootPart"] = CFrame.new(0, 0, 0, 1, 0, 0, 0, 1, 0, 0, 0, 1),
            ["RightUpperLeg"] = CFrame.new(5.960464477539063e-08, 1.2200325727462769e-07, -5.3849362302571535e-08, 0.8764445781707764, -0.3209894001483917, -0.35890212655067444, 0.2745284140110016, 0.9454828500747681, -0.17520393431186676, 0.3955744802951813, 0.055027566850185394, 0.9167839884757996),
            ["LeftUpperArm"] = CFrame.new(5.960464477539063e-08, -3.5762786865234375e-07, -1.4901161193847656e-08, 0.7917729616165161, 0.36931756138801575, -0.4865184426307678, -0.2959900498390198, 0.928724467754364, 0.22329534590244293, 0.5343084931373596, -0.03279460594058037, 0.8446532487869263),
            ["RightLowerArm"] = CFrame.new(-2.384185791015625e-07, 1.7881393432617188e-07, 1.1920928955078125e-07, 1, -8.568163423205988e-08, 3.725289943190546e-08, 6.705524668859653e-08, 0.7989981174468994, -0.6013334393501282, 2.980233304583635e-08, 0.601333498954773, 0.7989981770515442),
            ["LeftHand"] = CFrame.new(5.960464477539063e-08, 7.152557373046875e-07, 1.4901161193847656e-08, 0.9240444898605347, -0.1112285628914833, -0.36574625968933105, 0.11960532516241074, 0.9928215742111206, 0.00024740028311498463, 0.3630930483341217, -0.04397362843155861, 0.9307146668434143),
            ["RightHand"] = CFrame.new(1.862645149230957e-07, 4.76837158203125e-07, 9.685754776000977e-08, 0.9997865557670593, 0.020643550902605057, -0.0008077327511273324, -0.020656421780586243, 0.9995377659797668, -0.022307630628347397, 0.00034680377575568855, 0.0223186444491148, 0.9997508525848389),
            ["RightUpperArm"] = CFrame.new(1.1920928955078125e-07, -2.384185791015625e-07, -5.960464477539063e-08, 0.9735940098762512, -0.22547903656959534, -0.03569204360246658, 0.2197674661874771, 0.8834232687950134, 0.4138425588607788, -0.06178165227174759, -0.4107586443424225, 0.9096484780311584),
            ["RightLowerLeg"] = CFrame.new(-1.4901161193847656e-07, -0.00006026029586791992, -0.00007205286965472624, 1, -9.685756197086448e-08, -5.2154071283894154e-08, 7.450580596923828e-08, 0.855405867099762, 0.5179581642150879, 5.587935447692871e-08, -0.517958402633667, 0.8554060459136963),
            ["LeftUpperLeg"] = CFrame.new(-1.1920928955078125e-07, 1.8050195649266243e-07, 8.381903171539307e-09, 0.9601399302482605, 0.23419618606567383, 0.1525898575782776, -0.12142588198184967, 0.8411617279052734, -0.526975154876709, -0.2517683506011963, 0.48744145035743713, 0.8360704183578491),
            ["LeftLowerLeg"] = CFrame.new(-8.381903171539307e-09, 0.00006091594696044922, 0.00007218495011329651, 1, 5.937182123716411e-08, -1.862645371275562e-09, -2.8871003365793513e-08, 0.9180289506912231, 0.3965134024620056, -3.725290742551124e-09, -0.39651334285736084, 0.9180289506912231),
        }},
        {Time = 0.133, Data = {
            ["RightFoot"] = CFrame.new(1.1920928955078125e-07, 2.980232238769531e-07, 4.639878170564771e-08, 0.964901328086853, 0.23431770503520966, -0.11857862770557404, -0.2624657154083252, 0.8755744099617004, -0.40556246042251587, 0.00879383273422718, 0.42245081067085266, 0.9063433408737183),
            ["LeftLowerArm"] = CFrame.new(-3.5762786865234375e-07, 2.980232238769531e-07, 4.76837158203125e-07, 1, -7.07805440924858e-08, 1.4901164746561335e-08, 8.47503613954359e-08, 0.8123316168785095, -0.5831958651542664, 0, 0.5831959247589111, 0.8123316168785095),
            ["LeftFoot"] = CFrame.new(-4.0978193283081055e-08, -5.960464477539063e-08, -2.421438694000244e-08, 0.9769008755683899, -0.19497448205947876, 0.08746281266212463, 0.17507359385490417, 0.9649308919906616, 0.19559580087661743, -0.12253177165985107, -0.1757652461528778, 0.9767767190933228),
            ["Head"] = CFrame.new(-2.8870999813079834e-08, -2.384185791015625e-07, -3.073364496231079e-08, 0.9757718443870544, -0.11933493614196777, 0.18338124454021454, 0.11887386441230774, 0.9928169846534729, 0.013545697554945946, -0.183680459856987, 0.00858178362250328, 0.9829485416412354),
            ["LowerTorso"] = CFrame.new(0.014652535319328308, -0.09934830665588379, 0.14861243963241577, 0.9793420433998108, 0.077336885035038, -0.18683740496635437, -0.06483186036348343, 0.9952847361564636, 0.0721464529633522, 0.19153600931167603, -0.058543041348457336, 0.9797380566596985),
            ["UpperTorso"] = CFrame.new(-5.029141902923584e-08, -1.1920928955078125e-07, -3.725290298461914e-09, 0.9999512434005737, -0.007761873304843903, -0.006106863729655743, 0.007927404716610909, 0.999588668346405, 0.02756452187895775, 0.005890347063541412, -0.02761157974600792, 0.9996013641357422),
            ["HumanoidRootPart"] = CFrame.new(0, 0, 0, 1, 0, 0, 0, 1, 0, 0, 0, 1),
            ["RightUpperLeg"] = CFrame.new(0, -4.0046870708465576e-08, -3.149762051180005e-08, 0.8643923997879028, -0.3245571553707123, -0.3840421736240387, 0.25766056776046753, 0.9417881965637207, -0.21597722172737122, 0.43178340792655945, 0.08773645758628845, 0.8977001309394836),
            ["LeftUpperArm"] = CFrame.new(0, -2.384185791015625e-07, -8.940696716308594e-08, 0.763900876045227, 0.3680584132671356, -0.5300835371017456, -0.31441184878349304, 0.929593563079834, 0.19235685467720032, 0.5635607838630676, 0.019722891971468925, 0.8258392810821533),
            ["RightLowerArm"] = CFrame.new(-1.4901161193847656e-07, -4.172325134277344e-07, -2.980232238769531e-07, 1, -4.19095051995555e-08, 1.4901161193847656e-08, 5.5879400662206535e-08, 0.8240417242050171, -0.5665290951728821, 2.235175955433988e-08, 0.5665290951728821, 0.8240417242050171),
            ["LeftHand"] = CFrame.new(1.1920928955078125e-07, 5.960464477539063e-08, -5.21540641784668e-08, 0.9094082117080688, -0.10699448734521866, -0.40190669894218445, 0.1215553879737854, 0.9925257563591003, 0.010819785296916962, 0.3977451026439667, -0.05869346857070923, 0.9156166911125183),
            ["RightHand"] = CFrame.new(1.6391277313232422e-07, 0, -6.705522537231445e-08, 0.9961832761764526, 0.07170484215021133, 0.04977373778820038, -0.07036549597978592, 0.9971237182617188, -0.028160424903035164, -0.0516497977077961, 0.024550123140215874, 0.9983634352684021),
            ["RightUpperArm"] = CFrame.new(0, -2.384185791015625e-07, 2.9802322387695312e-08, 0.9777328968048096, -0.19561365246772766, -0.07598429173231125, 0.2097335308790207, 0.8986509442329407, 0.38527703285217285, -0.007082041818648577, -0.3926345705986023, 0.9196673631668091),
            ["RightLowerLeg"] = CFrame.new(-5.960464477539063e-08, -0.000060439109802246094, -0.00007207522139651701, 1, -9.685756197086448e-08, -1.266598843585598e-07, 5.21540641784668e-08, 0.8401637673377991, 0.5423325300216675, 5.4016709327697754e-08, -0.5423327684402466, 0.8401639461517334),
            ["LeftUpperLeg"] = CFrame.new(-5.960464477539063e-08, -4.307366907596588e-08, 3.725290298461914e-08, 0.9611710906028748, 0.21759115159511566, 0.16971856355667114, -0.09751377999782562, 0.8431626558303833, -0.5287417769432068, -0.2581499218940735, 0.4916614294052124, 0.8316416144371033),
            ["LeftLowerLeg"] = CFrame.new(1.2293457984924316e-07, 0.00006073713302612305, 0.00007206760346889496, 1, 3.864988684654236e-08, 0, -4.0978193283081055e-08, 0.9118700623512268, 0.4104790985584259, 1.1175870895385742e-08, -0.41047903895378113, 0.9118700623512268),
        }},
        {Time = 0.167, Data = {
            ["RightFoot"] = CFrame.new(6.332993507385254e-08, 2.980232238769531e-07, 1.6952981241047382e-09, 0.9684224724769592, 0.2189754843711853, -0.119196318089962, -0.24887482821941376, 0.8774672746658325, -0.41001492738723755, 0.014807557687163353, 0.4267328679561615, 0.9042567014694214),
            ["LeftLowerArm"] = CFrame.new(-5.960464477539062e-07, 7.748603820800781e-07, 8.940696716308594e-08, 1, -7.823107495141812e-08, 4.4703469370688254e-08, 4.284083487959833e-08, 0.807658851146698, -0.58965003490448, 7.450579886381092e-08, 0.58965003490448, 0.8076587915420532),
            ["LeftFoot"] = CFrame.new(2.2351741790771484e-08, 5.960464477539063e-08, 1.7695128917694092e-08, 0.9671083688735962, -0.20214442908763885, 0.15439951419830322, 0.1771947741508484, 0.9708817005157471, 0.16121689975261688, -0.1824926882982254, -0.12855541706085205, 0.9747666120529175),
            ["Head"] = CFrame.new(3.7369318306446075e-08, -4.76837158203125e-07, -6.51925802230835e-09, 0.983779788017273, -0.10990116000175476, 0.1417715698480606, 0.10600215196609497, 0.9937571287155151, 0.03479069098830223, -0.14471007883548737, -0.01919817179441452, 0.9892879128456116),
            ["LowerTorso"] = CFrame.new(0.03306743502616882, -0.09001970291137695, 0.18174779415130615, 0.985358476638794, 0.08518113195896149, -0.14769171178340912, -0.07454584538936615, 0.9943082928657532, 0.07611754536628723, 0.1533348709344864, -0.06399326771497726, 0.9861000180244446),
            ["UpperTorso"] = CFrame.new(-3.91155481338501e-08, 7.152557373046875e-07, -1.6763806343078613e-08, 0.9997503161430359, -0.022341730073094368, -0.00025417612050659955, 0.022341273725032806, 0.9994528889656067, 0.02439034730195999, -0.00029088553856126964, -0.024389950558543205, 0.999702513217926),
            ["HumanoidRootPart"] = CFrame.new(0, 0, 0, 1, 0, 0, 0, 1, 0, 0, 0, 1),
            ["RightUpperLeg"] = CFrame.new(5.960464477539063e-08, 4.116445779800415e-07, -3.894820110872388e-08, 0.8493505716323853, -0.3217076063156128, -0.4184589385986328, 0.24534891545772552, 0.9425674676895142, -0.22665046155452728, 0.4673410654067993, 0.08983715623617172, 0.8795008659362793),
            ["LeftUpperArm"] = CFrame.new(-1.1920928955078125e-07, 5.960464477539062e-07, 2.2351741790771484e-08, 0.7398096919059753, 0.3690444827079773, -0.5625724792480469, -0.32832473516464233, 0.9278514981269836, 0.17690271139144897, 0.5872687101364136, 0.053832098841667175, 0.8075999617576599),
            ["RightLowerArm"] = CFrame.new(-1.4901161193847656e-07, 2.384185791015625e-07, -2.9802322387695312e-08, 1, -7.823106074056341e-08, -1.8626442610525373e-09, 7.4505820180093e-08, 0.8383218050003052, -0.5451758503913879, 1.4901164746561335e-08, 0.5451757907867432, 0.8383217453956604),
            ["LeftHand"] = CFrame.new(-2.384185791015625e-07, 1.1920928955078125e-07, -2.8312206268310547e-07, 0.8899770975112915, -0.10438472777605057, -0.4438970983028412, 0.12614256143569946, 0.991817057132721, 0.01967431791126728, 0.4382110834121704, -0.07350366562604904, 0.895861804485321),
            ["RightHand"] = CFrame.new(2.7567148208618164e-07, 2.384185791015625e-07, -3.3527612686157227e-08, 0.9857274293899536, 0.12205902487039566, 0.11594481021165848, -0.11893224716186523, 0.9923357963562012, -0.03353969380259514, -0.11915001273155212, 0.019271330907940865, 0.9926891922950745),
            ["RightUpperArm"] = CFrame.new(0, 2.384185791015625e-07, 5.960464477539063e-08, 0.9798672199249268, -0.16281472146511078, -0.1155492439866066, 0.19387304782867432, 0.914179265499115, 0.3559347093105316, 0.047681257128715515, -0.37117061018943787, 0.9273396730422974),
            ["RightLowerLeg"] = CFrame.new(-1.4901161193847656e-08, -0.0000603795051574707, -0.00007207522139651701, 1, -4.4703490686970326e-08, -1.266598843585598e-07, 7.543712854385376e-08, 0.837694525718689, 0.5461388826370239, -3.5390257835388184e-08, -0.5461391806602478, 0.8376947641372681),
            ["LeftUpperLeg"] = CFrame.new(-1.7881393432617188e-07, 2.5192275643348694e-07, 7.450580596923828e-09, 0.9671886563301086, 0.20422208309173584, 0.15112751722335815, -0.0982828289270401, 0.8492982387542725, -0.518683910369873, -0.234279066324234, 0.48681196570396423, 0.8415032029151917),
            ["LeftLowerLeg"] = CFrame.new(-4.470348358154297e-08, 0.000060558319091796875, 0.0000721123069524765, 1, 4.179310408858328e-08, -1.3969840839678227e-09, -3.725290298461914e-08, 0.897749125957489, 0.44050732254981995, 9.313225746154785e-09, -0.44050729274749756, 0.897749125957489),
        }},
        {Time = 0.200, Data = {
            ["RightFoot"] = CFrame.new(-2.9802322387695312e-08, 3.5762786865234375e-07, 9.145878721028566e-09, 0.9691454768180847, 0.21466626226902008, -0.1211426705121994, -0.24590539932250977, 0.8758357763290405, -0.41526147723197937, 0.016958314925432205, 0.4322386384010315, 0.9016000032424927),
            ["LeftLowerArm"] = CFrame.new(-4.76837158203125e-07, 4.172325134277344e-07, 3.2782554626464844e-07, 1, -5.960465188081798e-08, -1.4901162970204496e-08, 4.0978196835794733e-08, 0.7995503544807434, -0.6005991101264954, -3.725290653733282e-08, 0.6005991101264954, 0.7995504140853882),
            ["LeftFoot"] = CFrame.new(-7.450580596923828e-09, -5.960464477539063e-08, -9.313225746154785e-09, 0.9556840062141418, -0.21375015377998352, 0.2024327665567398, 0.192769393324852, 0.974067211151123, 0.11846107989549637, -0.22250418365001678, -0.07418850809335709, 0.9721049070358276),
            ["Head"] = CFrame.new(-1.6298145055770874e-09, -1.1920928955078125e-07, -2.0489096641540527e-08, 0.989699125289917, -0.09720595180988312, 0.10510335117578506, 0.09037826955318451, 0.993590772151947, 0.06789156794548035, -0.11102920770645142, -0.057693030685186386, 0.9921411275863647),
            ["LowerTorso"] = CFrame.new(0.04594210535287857, -0.08666622638702393, 0.1923207938671112, 0.9904546141624451, 0.08674792945384979, -0.10711900144815445, -0.07959530502557755, 0.9944126009941101, 0.06934066116809845, 0.11253564804792404, -0.060152605175971985, 0.9918252825737),
            ["UpperTorso"] = CFrame.new(0, -1.1920928955078125e-07, 5.122274160385132e-08, 0.9994880557060242, -0.0318244993686676, -0.0033156361896544695, 0.03188855201005936, 0.9992602467536926, 0.0214976966381073, 0.0026290493551641703, -0.02159239910542965, 0.9997634887695312),
            ["HumanoidRootPart"] = CFrame.new(0, 0, 0, 1, 0, 0, 0, 1, 0, 0, 0, 1),
            ["RightUpperLeg"] = CFrame.new(5.960464477539063e-08, 2.1792948246002197e-07, 2.0656443666666746e-08, 0.8308855295181274, -0.31618285179138184, -0.4578838050365448, 0.2447543442249298, 0.9466664791107178, -0.2095659077167511, 0.49972447752952576, 0.062056124210357666, 0.8639586567878723),
            ["LeftUpperArm"] = CFrame.new(0, -1.1920928955078125e-07, 2.2351741790771484e-08, 0.7238559126853943, 0.37108030915260315, -0.5816631317138672, -0.33581945300102234, 0.9259397983551025, 0.17280294001102448, 0.6027088165283203, 0.07024941593408585, 0.7948629260063171),
            ["RightLowerArm"] = CFrame.new(-6.258487701416016e-07, -3.5762786865234375e-07, -2.9802322387695312e-08, 1, -5.5879368687783426e-08, 3.5390254282674505e-08, 5.5879400662206535e-08, 0.8509430289268494, -0.5252581238746643, -3.725293407086383e-09, 0.5252580642700195, 0.8509430289268494),
            ["LeftHand"] = CFrame.new(1.1920928955078125e-07, 1.1920928955078125e-07, 1.4901161193847656e-08, 0.872345507144928, -0.10890458524227142, -0.4766058027744293, 0.13432957231998444, 0.9907452464103699, 0.019481278955936432, 0.4700733721256256, -0.08101661503314972, 0.8789012432098389),
            ["RightHand"] = CFrame.new(-1.564621925354004e-07, 2.384185791015625e-07, 1.4901161193847656e-08, 0.9703243374824524, 0.15780191123485565, 0.18321944773197174, -0.15074951946735382, 0.9872092008590698, -0.0518917590379715, -0.18906454741954803, 0.022732123732566833, 0.9817016124725342),
            ["RightUpperArm"] = CFrame.new(2.384185791015625e-07, -4.76837158203125e-07, -5.960464477539063e-08, 0.9788283705711365, -0.1388280987739563, -0.15040519833564758, 0.18127043545246124, 0.9292246103286743, 0.32199814915657043, 0.09505777060985565, -0.3424449563026428, 0.9347167611122131),
            ["RightLowerLeg"] = CFrame.new(-4.470348358154297e-08, -0.0000603795051574707, -0.00007201561675174162, 1, -6.705523247774181e-08, -7.450581307466564e-08, 8.754432911928234e-08, 0.8430678844451904, 0.5378069877624512, 7.264316792543468e-08, -0.537807285785675, 0.84306800365448),
            ["LeftUpperLeg"] = CFrame.new(-1.1920928955078125e-07, 2.1141022443771362e-07, 7.450580596923828e-08, 0.9725332260131836, 0.19555644690990448, 0.12624168395996094, -0.1097818911075592, 0.8636120557785034, -0.4920590817928314, -0.20524916052818298, 0.46468478441238403, 0.8613599538803101),
            ["LeftLowerLeg"] = CFrame.new(1.1362135410308838e-07, 0.000060677528381347656, 0.00007211649790406227, 1, 4.447064938517542e-08, -5.122273716295922e-09, -5.960464477539063e-08, 0.8883818984031677, 0.45910516381263733, 1.862645149230957e-08, -0.45910513401031494, 0.8883818984031677),
        }},
        {Time = 0.233, Data = {
            ["RightFoot"] = CFrame.new(2.2724270820617676e-07, 3.5762786865234375e-07, 1.6560807125642896e-07, 0.9660969376564026, 0.2150620073080063, -0.14284653961658478, -0.2559157609939575, 0.8708047270774841, -0.41976913809776306, 0.03411492705345154, 0.44209468364715576, 0.896319568157196),
            ["LeftLowerArm"] = CFrame.new(-3.8743019104003906e-07, 2.980232238769531e-07, 1.4901161193847656e-07, 1, -8.195639367158947e-08, 0, 3.166497108963995e-08, 0.7917689681053162, -0.6108207702636719, 0, 0.6108207106590271, 0.7917690277099609),
            ["LeftFoot"] = CFrame.new(-3.5390257835388184e-08, 5.960464477539063e-08, 9.313225746154785e-09, 0.9497284293174744, -0.2261938750743866, 0.21645407378673553, 0.19253386557102203, 0.9671634435653687, 0.16590848565101624, -0.24687384068965912, -0.11589323729276657, 0.9620925784111023),
            ["Head"] = CFrame.new(-2.0489096641540527e-08, 2.384185791015625e-07, 2.7939677238464355e-09, 0.9932149052619934, -0.08992014825344086, 0.07374747097492218, 0.08216454833745956, 0.9913653135299683, 0.10219593346118927, -0.08230017125606537, -0.09544295072555542, 0.9920269250869751),
            ["LowerTorso"] = CFrame.new(0.05135633796453476, -0.08816051483154297, 0.1878337264060974, 0.9938231110572815, 0.08605878800153732, -0.07006784528493881, -0.0817367434501648, 0.9946998953819275, 0.062379542738199234, 0.07506478577852249, -0.05626711621880531, 0.9955899119377136),
            ["UpperTorso"] = CFrame.new(2.514570951461792e-08, -2.384185791015625e-07, -4.0512531995773315e-08, 0.9993393421173096, -0.03508363664150238, -0.009491199627518654, 0.03524838760495186, 0.9992203116416931, 0.017787735909223557, 0.008859748020768166, -0.018110526725649834, 0.9997968077659607),
            ["HumanoidRootPart"] = CFrame.new(0, 0, 0, 1, 0, 0, 0, 1, 0, 0, 0, 1),
            ["RightUpperLeg"] = CFrame.new(1.7881393432617188e-07, 1.9837170839309692e-07, -7.992639439180493e-08, 0.8226960301399231, -0.30605998635292053, -0.4790602922439575, 0.2491072714328766, 0.9515745639801025, -0.18014301359653473, 0.5109961032867432, 0.028865421190857887, 0.8590982556343079),
            ["LeftUpperArm"] = CFrame.new(5.960464477539063e-08, 3.5762786865234375e-07, 5.587935447692871e-09, 0.7177532315254211, 0.36968642473220825, -0.5900527834892273, -0.34039172530174255, 0.925546407699585, 0.1658235341310501, 0.6074240207672119, 0.08182864636182785, 0.7901520729064941),
            ["RightLowerArm"] = CFrame.new(3.5762786865234375e-07, -0.0000010728836059570312, 2.9802322387695312e-08, 1, -5.215404996761208e-08, -9.313222193441106e-09, 2.980232949312267e-08, 0.8609704971313477, -0.5086549520492554, 1.4901164746561335e-08, 0.5086550116539001, 0.8609704971313477),
            ["LeftHand"] = CFrame.new(4.172325134277344e-07, -5.960464477539063e-08, -1.4901161193847656e-08, 0.8606963157653809, -0.12441295385360718, -0.493683397769928, 0.14773517847061157, 0.9889920353889465, 0.008328326977789402, 0.48721277713775635, -0.08010214567184448, 0.8696019649505615),
            ["RightHand"] = CFrame.new(-3.725290298461914e-08, 3.5762786865234375e-07, 5.960464477539063e-08, 0.9538916349411011, 0.17603981494903564, 0.2431066930294037, -0.162026047706604, 0.9838052988052368, -0.07664795219898224, -0.2526627779006958, 0.03372446820139885, 0.9669665694236755),
            ["RightUpperArm"] = CFrame.new(1.1920928955078125e-07, 2.384185791015625e-07, 0, 0.9755042195320129, -0.12934298813343048, -0.1779380589723587, 0.17620153725147247, 0.9436852335929871, 0.28002023696899414, 0.1316988468170166, -0.3045137822628021, 0.9433593153953552),
            ["RightLowerLeg"] = CFrame.new(-7.450580596923828e-08, -0.00006026029586791992, -0.0000721050237189047, 1, -1.1920928955078125e-07, 7.450580596923828e-09, 6.70552182668871e-08, 0.8510650396347046, 0.5250601172447205, -1.6763804566721774e-08, -0.5250604152679443, 0.8510651588439941),
            ["LeftUpperLeg"] = CFrame.new(-1.1920928955078125e-07, 2.430751919746399e-07, -3.166496753692627e-08, 0.9767561554908752, 0.1799076795578003, 0.11653687059879303, -0.11320237070322037, 0.8946086168289185, -0.43227383494377136, -0.18202422559261322, 0.4090338349342346, 0.894180417060852),
            ["LeftLowerLeg"] = CFrame.new(7.450580596923828e-09, 0.00006079673767089844, 0.0000721542164683342, 1, 2.3690517991781235e-08, 3.725290742551124e-09, -3.352760913344355e-08, 0.9293261170387268, 0.36926019191741943, 1.4901159417490817e-08, -0.36926016211509705, 0.9293261170387268),
        }},
        {Time = 0.267, Data = {
            ["RightFoot"] = CFrame.new(1.862645149230957e-08, 3.5762786865234375e-07, -1.2496457202360034e-07, 0.9600954055786133, 0.21463708579540253, -0.17929817736148834, -0.2721363306045532, 0.8648034334182739, -0.42196744680404663, 0.06448773294687271, 0.453922837972641, 0.8887044787406921),
            ["LeftLowerArm"] = CFrame.new(-2.682209014892578e-07, 1.1920928955078125e-07, 1.4901161193847656e-07, 1, -8.940696716308594e-08, 0, 1.4901162970204496e-08, 0.7858620882034302, -0.618401825428009, 2.980232594040899e-08, 0.618401825428009, 0.7858620882034302),
            ["LeftFoot"] = CFrame.new(5.960464477539063e-08, -1.1920928955078125e-07, -7.450580596923828e-09, 0.9481491446495056, -0.23352470993995667, 0.21559087932109833, 0.19562359154224396, 0.9634119868278503, 0.18321816623210907, -0.2504887580871582, -0.13154347240924835, 0.9591411352157593),
            ["Head"] = CFrame.new(1.0011717677116394e-08, 0, 2.1420419216156006e-08, 0.9945145845413208, -0.08642905205488205, 0.058913230895996094, 0.0781695693731308, 0.988372802734375, 0.13041816651821136, -0.0695001631975174, -0.12509742379188538, 0.9897072315216064),
            ["LowerTorso"] = CFrame.new(0.051446184515953064, -0.0919419527053833, 0.1743629425764084, 0.9951090216636658, 0.08476538956165314, -0.050725407898426056, -0.08187524974346161, 0.9950356483459473, 0.05657481029629707, 0.05526917800307274, -0.05214494839310646, 0.9971089363098145),
            ["UpperTorso"] = CFrame.new(1.862645149230957e-09, -8.940696716308594e-08, -4.377216100692749e-08, 0.9992740154266357, -0.03480434790253639, -0.015495403669774532, 0.03508111089468002, 0.9992231130599976, 0.01796303689479828, 0.014858191832900047, -0.018493596464395523, 0.9997186660766602),
            ["HumanoidRootPart"] = CFrame.new(0, 0, 0, 1, 0, 0, 0, 1, 0, 0, 0, 1),
            ["RightUpperLeg"] = CFrame.new(1.1920928955078125e-07, 2.8870999813079834e-08, -7.620110409334302e-08, 0.8313999772071838, -0.2939882278442383, -0.4715350270271301, 0.2535512447357178, 0.9557998776435852, -0.14885739982128143, 0.49445533752441406, 0.004201631993055344, 0.869192898273468),
            ["LeftUpperArm"] = CFrame.new(5.960464477539063e-08, 2.384185791015625e-07, 2.9802322387695312e-08, 0.7285547256469727, 0.3650245666503906, -0.5796248912811279, -0.34687793254852295, 0.9262678623199463, 0.14732111990451813, 0.5906637907028198, 0.09372760355472565, 0.8014558553695679),
            ["RightLowerArm"] = CFrame.new(-3.2782554626464844e-07, -4.76837158203125e-07, -5.960464477539063e-08, 1, -5.960463766996327e-08, -1.4901157641133977e-08, 4.470350489782504e-08, 0.8638215065002441, -0.5037979483604431, -3.7252920748187535e-09, 0.5037980079650879, 0.8638215065002441),
            ["LeftHand"] = CFrame.new(-1.1920928955078125e-07, 2.384185791015625e-07, -8.940696716308594e-08, 0.8574775457382202, -0.14478161931037903, -0.49373140931129456, 0.1614009439945221, 0.9868472814559937, -0.009072810411453247, 0.48855113983154297, -0.07190897315740585, 0.8695671558380127),
            ["RightHand"] = CFrame.new(3.725290298461914e-08, 0, 2.9802322387695312e-08, 0.9385722875595093, 0.18035851418972015, 0.29419878125190735, -0.15918251872062683, 0.9827051162719727, -0.09461280703544617, -0.30617496371269226, 0.041969891637563705, 0.9510497450828552),
