return {
    ["Cheer It Mello"] = {
        {Time = 0.000, Data = {
            ["RightFoot"] = CFrame.new(-6.332993507385254e-08, 4.172325134277344e-07, 8.923962013795972e-08, 0.9927617311477661, 0.11981629580259323, 0.008261422626674175, -0.11074251681566238, 0.9398569464683533, -0.3231176733970642, -0.046479202806949615, 0.3198642134666443, 0.9463227391242981),
            ["LeftLowerArm"] = CFrame.new(-0.0004943609237670898, -0.00009912252426147461, -3.650784492492676e-07, 1, -5.96046660916727e-08, -1.4901162970204496e-08, -2.2351741790771484e-08, 0.7679526805877686, -0.6405065655708313, 4.470348358154297e-08, 0.6405066251754761, 0.7679527997970581),
            ["RightUpperArm"] = CFrame.new(-0.0009194016456604004, -0.03296554088592529, 1.1175870895385742e-08, 0.34781521558761597, -0.8674700260162354, 0.3557126522064209, 0.4666944742202759, -0.1688651293516159, -0.8681459426879883, 0.8131548166275024, 0.46795347332954407, 0.3461085259914398),
            ["Head"] = CFrame.new(-1.7229467630386353e-08, 4.76837158203125e-07, 1.3969838619232178e-08, 0.9928004741668701, 0.11670316010713577, -0.0269764456897974, -0.11839728057384491, 0.9902516603469849, -0.0733741745352745, 0.01815047487616539, 0.07603982836008072, 0.9969395995140076),
            ["RightHand"] = CFrame.new(2.980232238769531e-07, -1.7881393432617188e-07, 3.688037395477295e-07, 0.4347934424877167, 0.020246386528015137, -0.9003026485443115, -0.5719577670097351, 0.7784150838851929, -0.25871679186820984, 0.6955710649490356, 0.6274234056472778, 0.350029855966568),
            ["UpperTorso"] = CFrame.new(1.4435499906539917e-08, -2.980232238769531e-07, -4.751200322061777e-08, 0.9988945722579956, -0.04026937857270241, -0.024249732494354248, 0.03945507854223251, 0.9986706376075745, -0.03317045420408249, 0.025553252547979355, 0.03217700496315956, 0.9991555213928223),
            ["HumanoidRootPart"] = CFrame.new(0, 0, 0, 1, 0, 0, 0, 1, 0, 0, 0, 1),
            ["RightUpperLeg"] = CFrame.new(-8.940696716308594e-08, -5.040783435106277e-07, 3.183231456205249e-08, 0.9956928491592407, -0.072392039000988, 0.057923104614019394, 0.09108763188123703, 0.8802996873855591, -0.4655914604663849, -0.017284752801060677, 0.4688624143600464, 0.8831022381782532),
            ["LeftUpperArm"] = CFrame.new(0.000919342041015625, -0.032965660095214844, 1.862645149230957e-09, 0.619484543800354, 0.6917491555213928, -0.3711317181587219, -0.41076043248176575, -0.1172463670372963, -0.9041706919670105, -0.6689655780792236, 0.7125562429428101, 0.21151013672351837),
            ["RightLowerArm"] = CFrame.new(-0.000008046627044677734, 1.7881393432617188e-07, -0.0000010579824447631836, 1, 5.960465188081798e-08, 2.2351741790771484e-08, 2.2351741790771484e-08, 0.7809036374092102, -0.6246516108512878, 1.4901161193847656e-08, 0.6246515512466431, 0.7809035778045654),
            ["LeftHand"] = CFrame.new(-4.172325134277344e-07, 0.00009965896606445312, -1.4901161193847656e-07, 0.47820383310317993, -0.31958675384521484, 0.8180375695228577, 0.6876553893089294, 0.7156451940536499, -0.12240109592676163, -0.5463069081306458, 0.6210606098175049, 0.5619897842407227),
            ["LeftFoot"] = CFrame.new(-3.166496753692627e-08, 5.960464477539063e-08, -4.6566128730773926e-09, 0.9957711696624756, -0.09153934568166733, 0.007765716873109341, 0.08722507953643799, 0.9155252575874329, -0.3926900327205658, 0.02883710153400898, 0.39170679450035095, 0.9196381568908691),
            ["LowerTorso"] = CFrame.new(0.005498163867741823, -0.1254596710205078, -0.1483917236328125, 0.9986681938171387, -0.0020776032470166683, 0.05155128613114357, -0.0016575203044340014, 0.9973811507225037, 0.07230615615844727, -0.05156650394201279, -0.07229530811309814, 0.9960493445396423),
            ["RightLowerLeg"] = CFrame.new(3.725290298461914e-09, -0.0000036954879760742188, -0.000013312492228578776, 1, -1.452863784834335e-07, -1.136213683139431e-07, 9.313229298868464e-08, 0.5929319858551025, 0.8052527904510498, -2.980233304583635e-08, -0.8052526712417603, 0.5929316878318787),
            ["LeftUpperLeg"] = CFrame.new(2.9802322387695312e-08, -6.676418706774712e-07, 4.284083843231201e-08, 0.9874400496482849, 0.03994045406579971, -0.15286265313625336, -0.09524039179086685, 0.9224445223808289, -0.374199777841568, 0.12606149911880493, 0.38405856490135193, 0.9146625995635986),
            ["LeftLowerLeg"] = CFrame.new(-5.21540641784668e-08, 0.0000040531158447265625, 0.00001323595643043518, 1, 2.197921844526718e-07, 7.636844401304188e-08, -1.2293456563838845e-07, 0.6449729204177856, 0.7642055749893188, 3.166496398421259e-08, -0.7642054557800293, 0.6449726819992065),
        }},
        {Time = 0.033, Data = {
            ["RightFoot"] = CFrame.new(-8.288770914077759e-08, 2.980232238769531e-07, -2.7175701688975096e-08, 0.9926966428756714, 0.12023161351680756, 0.009879552759230137, -0.11081985384225845, 0.9412092566490173, -0.31912991404533386, -0.047668278217315674, 0.31570494174957275, 0.9476594924926758),
            ["LeftLowerArm"] = CFrame.new(-0.0004938840866088867, -0.00009918212890625, -6.332993507385254e-07, 1, -7.450581307466564e-08, -4.4703469370688254e-08, 1.3434325296657335e-07, 0.6324023604393005, -0.7746400833129883, 4.470347292340193e-08, 0.7746401429176331, 0.6324024200439453),
            ["RightUpperArm"] = CFrame.new(-0.0009192228317260742, -0.03296494483947754, -5.587935447692871e-08, 0.37664467096328735, -0.8739965558052063, 0.3070496618747711, 0.43100228905677795, -0.12806184589862823, -0.8932158350944519, 0.8199852705001831, 0.46875396370887756, 0.32846003770828247),
            ["Head"] = CFrame.new(-3.4924596548080444e-08, 8.344650268554688e-07, -1.210719347000122e-08, 0.9927461743354797, 0.11832737922668457, -0.021303100511431694, -0.11969361454248428, 0.989395797252655, -0.08227680623531342, 0.011341600678861141, 0.08422981947660446, 0.9963818788528442),
            ["RightHand"] = CFrame.new(1.7881393432617188e-07, -3.5762786865234375e-07, 3.501772880554199e-07, 0.4101969301700592, 0.018571896478533745, -0.9118078351020813, -0.5825647115707397, 0.7745663523674011, -0.24630312621593475, 0.7016814351081848, 0.6322198510169983, 0.32854408025741577),
            ["UpperTorso"] = CFrame.new(1.257285475730896e-08, -2.086162567138672e-07, -3.137392923235893e-08, 0.9986886382102966, -0.044842615723609924, -0.02470090053975582, 0.04374532401561737, 0.9981037974357605, -0.04330285266041756, 0.02659587934613228, 0.04216551035642624, 0.9987565875053406),
            ["HumanoidRootPart"] = CFrame.new(0, 0, 0, 1, 0, 0, 0, 1, 0, 0, 0, 1),
            ["RightUpperLeg"] = CFrame.new(-2.9802322387695312e-08, -4.154280759394169e-07, 1.673470251262188e-10, 0.995307981967926, -0.07269299775362015, 0.06385815143585205, 0.09470225870609283, 0.8672009706497192, -0.48887014389038086, -0.019840504974126816, 0.49262386560440063, 0.8700161576271057),
            ["LeftUpperArm"] = CFrame.new(0.000919342041015625, -0.03296554088592529, -1.4901161193847656e-08, 0.6701412796974182, 0.6956586241722107, -0.25881507992744446, -0.2930300831794739, -0.07240606099367142, -0.9533565044403076, -0.6819414496421814, 0.7147143483161926, 0.15532630681991577),
            ["RightLowerArm"] = CFrame.new(-0.000008165836334228516, 2.980232238769531e-07, 6.48200511932373e-07, 1, -1.4901159417490817e-08, 4.470347647611561e-08, 8.940698137394065e-08, 0.5837951302528381, -0.8119009733200073, 7.450581307466564e-08, 0.8119009733200073, 0.5837951302528381),
            ["LeftHand"] = CFrame.new(-2.980232238769531e-07, 0.00009876489639282227, -2.086162567138672e-07, 0.39988672733306885, -0.4001331329345703, 0.8246115446090698, 0.7676221132278442, 0.6378229856491089, -0.06275404989719391, -0.5008462071418762, 0.6580845713615417, 0.5622079372406006),
            ["LeftFoot"] = CFrame.new(6.05359673500061e-08, -1.7881393432617188e-07, 1.6763806343078613e-08, 0.9961878061294556, -0.08683277666568756, 0.008371550589799881, 0.08321988582611084, 0.9171629548072815, -0.3897264301776886, 0.026162883266806602, 0.38893723487854004, 0.9208926558494568),
            ["LowerTorso"] = CFrame.new(0.00664660194888711, -0.12463092803955078, -0.16084104776382446, 0.9990897178649902, 0.0015101205790415406, 0.042631711810827255, -0.005467536393553019, 0.9956637620925903, 0.09286485612392426, -0.04230660945177078, -0.09301341325044632, 0.9947656393051147),
            ["RightLowerLeg"] = CFrame.new(-4.470348358154297e-08, -0.000003635883331298828, -0.000013278964615892619, 1, -1.0803339023368608e-07, -7.636847243475131e-08, 1.8626447229053156e-07, 0.5788299441337585, 0.8154482245445251, -1.0430809993522416e-07, -0.8154482841491699, 0.5788300037384033),
            ["LeftUpperLeg"] = CFrame.new(8.940696716308594e-08, -3.791064955294132e-07, 3.725290298461914e-09, 0.988964855670929, 0.04118825122714043, -0.1423100382089615, -0.09232961386442184, 0.9225718379020691, -0.37461480498313904, 0.11586157977581024, 0.38362056016921997, 0.9161941409111023),
            ["LeftLowerLeg"] = CFrame.new(-1.4901161193847656e-08, 0.000003874301910400391, 0.000013269484043121338, 1, 1.2293456563838845e-07, 1.210719204891575e-07, -9.12696123123169e-08, 0.6607577204704285, 0.7505995631217957, 4.0978193283081055e-08, -0.750599205493927, 0.6607573628425598),
        }},
        {Time = 0.067, Data = {
            ["RightFoot"] = CFrame.new(4.377216100692749e-08, 5.960464477539063e-08, 2.49783624894917e-08, 0.9920377731323242, 0.12452340871095657, 0.018841903656721115, -0.11879625916481018, 0.9749016165733337, -0.18829280138015747, -0.0418161042034626, 0.18455559015274048, 0.9819322824478149),
            ["LeftLowerArm"] = CFrame.new(-0.0004937946796417236, -0.00009906291961669922, -2.682209014892578e-07, 1, -1.0430816388407038e-07, 0, 7.264316082000732e-08, 0.5796111822128296, -0.8148933053016663, 5.21540641784668e-08, 0.8148932456970215, 0.5796111226081848),
            ["RightUpperArm"] = CFrame.new(-0.0009194612503051758, -0.032965660095214844, 2.421438694000244e-08, 0.41556888818740845, -0.8784031867980957, 0.23605169355869293, 0.4224284291267395, -0.043444640934467316, -0.9053536057472229, 0.8055164217948914, 0.47594156861305237, 0.3530077636241913),
            ["Head"] = CFrame.new(-3.073364496231079e-08, 2.384185791015625e-07, -4.889443516731262e-08, 0.9927676320075989, 0.11840644478797913, -0.019810406491160393, -0.11927234381437302, 0.9915755391120911, -0.050517596304416656, 0.01366190705448389, 0.05251505225896835, 0.9985267519950867),
            ["RightHand"] = CFrame.new(-3.5762786865234375e-07, 1.1920928955078125e-07, 1.2665987014770508e-07, 0.39674562215805054, 0.04723062738776207, -0.916712760925293, -0.5486177206039429, 0.8128816485404968, -0.19555625319480896, 0.7359426021575928, 0.5805107951164246, 0.3484187424182892),
            ["UpperTorso"] = CFrame.new(1.3504177331924438e-08, -2.384185791015625e-07, -3.000604920089245e-08, 0.9986819624900818, -0.044536564499139786, -0.02551179938018322, 0.043516725301742554, 0.9982824325561523, -0.03922492265701294, 0.02721491828560829, 0.038063034415245056, 0.9989047050476074),
            ["HumanoidRootPart"] = CFrame.new(0, 0, 0, 1, 0, 0, 0, 1, 0, 0, 0, 1),
            ["RightUpperLeg"] = CFrame.new(1.1920928955078125e-07, -3.4389086067676544e-07, -1.1008523870259523e-08, 0.996229887008667, -0.07343719899654388, 0.04618449881672859, 0.08583131432533264, 0.9117531776428223, -0.4016704261302948, -0.012611215002834797, 0.40412017703056335, 0.9146190285682678),
            ["LeftUpperArm"] = CFrame.new(0.000919342041015625, -0.03296554088592529, -3.725290298461914e-09, 0.6763567328453064, 0.7173513770103455, -0.16722172498703003, -0.2495352178812027, 0.009551583789288998, -0.9683180451393127, -0.6930177807807922, 0.6966460943222046, 0.18546459078788757),
            ["RightLowerArm"] = CFrame.new(-0.00000768899917602539, -3.5762786865234375e-07, -1.1920928955078125e-07, 1, -3.725289943190546e-08, 7.450580596923828e-08, 3.352762334429826e-08, 0.49867457151412964, -0.8667893409729004, 5.215408194203519e-08, 0.8667893409729004, 0.498674601316452),
            ["LeftHand"] = CFrame.new(-1.1920928955078125e-07, 0.00009918212890625, -3.2782554626464844e-07, 0.3606518507003784, -0.4452231228351593, 0.8195772171020508, 0.7805277705192566, 0.6251091361045837, -0.003887017723172903, -0.5105945467948914, 0.6411046385765076, 0.5729556083679199),
            ["LeftFoot"] = CFrame.new(-9.313225746154785e-10, -1.7881393432617188e-07, 2.9802322387695312e-08, 0.9951394200325012, -0.09841089695692062, -0.0035837730392813683, 0.09477951377630234, 0.9670244455337524, -0.23639072477817535, 0.02672918513417244, 0.2349022477865219, 0.971651554107666),
            ["LowerTorso"] = CFrame.new(0.009262456558644772, -0.048768043518066406, -0.1840224266052246, 0.9992997646331787, -0.002018809085711837, 0.037363048642873764, -0.0008944630972109735, 0.9969692826271057, 0.0777914971113205, -0.037406858056783676, -0.07777044177055359, 0.9962692856788635),
            ["RightLowerLeg"] = CFrame.new(-6.51925802230835e-08, -0.000003814697265625, -0.00001337954745395109, 1, -1.3783576946480025e-07, -3.166497108963995e-08, 8.754431490842762e-08, 0.6988610625267029, 0.715257465839386, 1.8626449271863521e-09, -0.7152575850486755, 0.6988611221313477),
            ["LeftUpperLeg"] = CFrame.new(8.940696716308594e-08, -1.8172431737184525e-07, 3.166496753692627e-08, 0.9900448322296143, 0.057422395795583725, -0.12850619852542877, -0.09565090388059616, 0.944267213344574, -0.3149767518043518, 0.10325730592012405, 0.3241329491138458, 0.9403594732284546),
            ["LeftLowerLeg"] = CFrame.new(2.9802322387695312e-08, 0.000004112720489501953, 0.00001337006688117981, 1, 2.6077035641947077e-08, 7.636844401304188e-08, -6.705522537231445e-08, 0.7322683334350586, 0.6810163855552673, 3.166496753692627e-08, -0.6810162663459778, 0.732268214225769),
        }},
        {Time = 0.100, Data = {
            ["RightFoot"] = CFrame.new(2.1886080503463745e-08, 4.76837158203125e-07, -1.0986695997416973e-09, 0.9881870150566101, 0.143109530210495, 0.05482928827404976, -0.14741931855678558, 0.9854246377944946, 0.08488865941762924, -0.04188179597258568, -0.09196779131889343, 0.9948807954788208),
            ["LeftLowerArm"] = CFrame.new(-0.0004940330982208252, -0.00009924173355102539, -2.3096799850463867e-07, 1, -8.940698847936801e-08, 5.960463766996327e-08, 5.587932605521928e-08, 0.615531325340271, -0.7881124019622803, 6.146726150291215e-08, 0.7881125211715698, 0.6155314445495605),
            ["RightUpperArm"] = CFrame.new(-0.0009192824363708496, -0.032966017723083496, -3.166496753692627e-08, 0.4524056017398834, -0.8825328350067139, 0.1283547580242157, 0.42377448081970215, 0.08609668910503387, -0.9016658067703247, 0.7846937775611877, 0.46230214834213257, 0.41294538974761963),
            ["Head"] = CFrame.new(-1.6298145055770874e-09, 5.960464477539062e-07, -4.126923158764839e-08, 0.9931699633598328, 0.11461249738931656, -0.02185405045747757, -0.11497091501951218, 0.9932414889335632, -0.015912650153040886, 0.019882559776306152, 0.018316542729735374, 0.9996346235275269),
            ["RightHand"] = CFrame.new(-0.0000010132789611816406, 7.152557373046875e-07, -3.203749656677246e-07, 0.440611332654953, 0.042329493910074234, -0.8966994285583496, -0.468916654586792, 0.8626324534416199, -0.1896904706954956, 0.7654924988746643, 0.5040571093559265, 0.39993464946746826),
            ["UpperTorso"] = CFrame.new(1.7229467630386353e-08, 8.940696716308594e-08, -6.77391653880477e-08, 0.998982846736908, -0.03661651909351349, -0.026315728202462196, 0.035128723829984665, 0.997871994972229, -0.05493319407105446, 0.028271185234189034, 0.05395287647843361, 0.998143196105957),
            ["HumanoidRootPart"] = CFrame.new(0, 0, 0, 1, 0, 0, 0, 1, 0, 0, 0, 1),
            ["RightUpperLeg"] = CFrame.new(-1.1920928955078125e-07, 1.2665987014770508e-07, -2.9634975362569094e-08, 0.9969596266746521, -0.07791510969400406, 0.0009536008583381772, 0.07329004257917404, 0.933482825756073, -0.35105353593826294, 0.026462018489837646, 0.35005587339401245, 0.93635493516922),
            ["LeftUpperArm"] = CFrame.new(0.0009192228317260742, -0.032965660095214844, -6.612390279769897e-08, 0.6607159376144409, 0.745507001876831, -0.0876789316534996, -0.28151217103004456, 0.13781003654003143, -0.9496094584465027, -0.6958486437797546, 0.652094841003418, 0.3009225130081177),
            ["RightLowerArm"] = CFrame.new(-0.0000069141387939453125, -1.1920928955078125e-07, -7.450580596923828e-09, 1, -2.9802318834981634e-08, 0, 3.911554458113642e-08, 0.5479004383087158, -0.8365435600280762, 4.470347647611561e-08, 0.8365435600280762, 0.5479004383087158),
            ["LeftHand"] = CFrame.new(-4.172325134277344e-07, 0.00009912252426147461, -1.7881393432617188e-07, 0.4514435827732086, -0.4086913764476776, 0.7932024598121643, 0.6947804093360901, 0.718784511089325, -0.02507947012782097, -0.5598918795585632, 0.5624234676361084, 0.6084414124488831),
            ["LeftFoot"] = CFrame.new(2.8870999813079834e-08, 5.960464477539063e-08, -2.6542693376541138e-08, 0.9932683706283569, -0.1130487248301506, -0.025260142982006073, 0.11263077706098557, 0.9934845566749573, -0.01740160770714283, 0.02706308290362358, 0.014439594931900501, 0.9995294213294983),
            ["LowerTorso"] = CFrame.new(0.011880450882017612, 0.05445432662963867, -0.20419883728027344, 0.9992859363555908, -0.014033932238817215, 0.03508047014474869, 0.01101513858884573, 0.9963361024856567, 0.08481187373399734, -0.03614218160510063, -0.08436489850282669, 0.995779275894165),
            ["RightLowerLeg"] = CFrame.new(-4.1443854570388794e-08, -0.000003516674041748047, -0.0000133981739054434, 1, -1.4994297714565619e-07, 4.6566128730773926e-09, 1.3364478945732117e-07, 0.8065793514251709, 0.5911250710487366, 5.122274160385132e-08, -0.5911258459091187, 0.8065799474716187),
            ["LeftUpperLeg"] = CFrame.new(2.086162567138672e-07, 3.888271749019623e-07, 3.91155481338501e-08, 0.9905891418457031, 0.08326395601034164, -0.10862893611192703, -0.11041229218244553, 0.9551641345024109, -0.2747192680835724, 0.08088410645723343, 0.28412774205207825, 0.9553685188293457),
            ["LeftLowerLeg"] = CFrame.new(1.9744038581848145e-07, 0.0000034570693969726562, 0.000013288110494613647, 1, 4.842877388000488e-08, -3.911554458113642e-08, -5.308537254222756e-08, 0.8126032948493958, 0.5828171372413635, -3.725289587919178e-08, -0.5828172564506531, 0.8126034140586853),
        }},
        {Time = 0.133, Data = {
            ["RightFoot"] = CFrame.new(-6.51925802230835e-08, 1.1920928955078125e-07, -2.029992174357176e-09, 0.9773887991905212, 0.1705159693956375, 0.12504133582115173, -0.20494388043880463, 0.9094913601875305, 0.3616955876350403, -0.05204923823475838, -0.3791435956954956, 0.9238729476928711),
            ["LeftLowerArm"] = CFrame.new(-0.0004936456680297852, -0.00009894371032714844, 4.5355409383773804e-07, 1, -1.937150670983101e-07, 4.097817196679898e-08, 0, 0.7424145340919495, -0.6699408888816833, 5.7043486378915986e-08, 0.6699408292770386, 0.7424144148826599),
            ["RightUpperArm"] = CFrame.new(-0.000919342041015625, -0.03296613693237305, 5.122274160385132e-08, 0.48735231161117554, -0.8702210187911987, 0.07220680266618729, 0.4493623673915863, 0.1790323406457901, -0.8752250671386719, 0.7487064003944397, 0.4589802622795105, 0.47829633951187134),
            ["Head"] = CFrame.new(7.916241884231567e-09, 0.0000019073486328125, 2.5727786123752594e-08, 0.9943323135375977, 0.10215692967176437, -0.02945205569267273, -0.10152596235275269, 0.9945856332778931, 0.02218102663755417, 0.03155853971838951, -0.019065162166953087, 0.9993200302124023),
            ["RightHand"] = CFrame.new(5.960464477539063e-08, 5.960464477539063e-08, 1.7229467630386353e-07, 0.5180371403694153, -0.0049058725126087666, -0.8553441166877747, -0.3250705897808075, 0.9238255620002747, -0.2021770030260086, 0.7911805510520935, 0.3827824294567108, 0.47698119282722473),
            ["UpperTorso"] = CFrame.new(2.3399479687213898e-08, 2.384185791015625e-07, -5.536276148632169e-08, 0.9992609024047852, -0.03106319159269333, -0.02264747954905033, 0.02956964634358883, 0.9975411295890808, -0.06354070454835892, 0.024565568193793297, 0.06282404810190201, 0.997722327709198),
            ["HumanoidRootPart"] = CFrame.new(0, 0, 0, 1, 0, 0, 0, 1, 0, 0, 0, 1),
            ["RightUpperLeg"] = CFrame.new(5.960464477539063e-08, 5.4016709327697754e-08, 7.094786269590259e-08, 0.9927032589912415, -0.09870430827140808, -0.06926530599594116, 0.06857944279909134, 0.9346190690994263, -0.34897568821907043, 0.09918212890625, 0.3416791558265686, 0.9345685243606567),
            ["LeftUpperArm"] = CFrame.new(0.0009191632270812988, -0.032965779304504395, -1.5832483768463135e-08, 0.6496886014938354, 0.7581892609596252, -0.055385712534189224, -0.36795854568481445, 0.24987371265888214, -0.8956378698348999, -0.6652151346206665, 0.6022559404373169, 0.44132229685783386),
            ["RightLowerArm"] = CFrame.new(-0.000007510185241699219, -1.1920928955078125e-07, -6.109476089477539e-07, 1, -1.4901161193847656e-08, 1.1315569281578064e-07, 8.195639367158947e-08, 0.6955119371414185, -0.7185146808624268, 4.842878098543224e-08, 0.7185145616531372, 0.6955118775367737),
            ["LeftHand"] = CFrame.new(-2.980232238769531e-07, 0.00009995698928833008, -1.601874828338623e-07, 0.580039381980896, -0.3045934736728668, 0.7554980516433716, 0.4960700571537018, 0.8677282333374023, -0.031020399183034897, -0.6461182832717896, 0.39277297258377075, 0.6544162034988403),
            ["LeftFoot"] = CFrame.new(1.9354047253727913e-08, 5.960464477539063e-08, -7.450580596923828e-09, 0.989225447177887, -0.13028889894485474, -0.06676799058914185, 0.14300775527954102, 0.957574725151062, 0.25019967555999756, 0.03133710101246834, -0.25705188512802124, 0.9658893942832947),
            ["LowerTorso"] = CFrame.new(0.010113773867487907, 0.1564338207244873, -0.2230874001979828, 0.999200701713562, -0.02117917127907276, 0.033902205526828766, 0.01834809221327305, 0.9964845776557922, 0.08174356818199158, -0.035514283925294876, -0.08105619251728058, 0.9960766434669495),
            ["RightLowerLeg"] = CFrame.new(-7.82310962677002e-08, -0.0000037550926208496094, -0.000013427976227831095, 1, -2.011657045386528e-07, -4.4703497792397684e-08, 1.7974522847907792e-07, 0.856772780418396, 0.5156940221786499, -5.774199252073231e-08, -0.5156940817832947, 0.8567728996276855),
            ["LeftUpperLeg"] = CFrame.new(1.4901161193847656e-07, -9.313225746154785e-10, 5.587935447692871e-08, 0.9923251867294312, 0.1072126030921936, -0.06161467358469963, -0.12017598003149033, 0.9535350799560547, -0.27627623081207275, 0.02913144789636135, 0.2815605401992798, 0.9591013193130493),
            ["LeftLowerLeg"] = CFrame.new(-2.2584572434425354e-08, 0.000003635883331298828, 0.000013347715139389038, 1, 3.783499380460853e-08, 6.519259443393821e-08, -4.0454334993000884e-08, 0.8632034063339233, 0.5048562288284302, 3.539026494081554e-08, -0.504856288433075, 0.8632034063339233),
        }},
        {Time = 0.167, Data = {
            ["RightFoot"] = CFrame.new(-3.3527612686157227e-08, 4.76837158203125e-07, 4.639878170564771e-08, 0.9617895483970642, 0.20493777096271515, 0.18155333399772644, -0.26558247208595276, 0.8594825267791748, 0.43675628304481506, -0.06653404980897903, -0.4682845175266266, 0.8810689449310303),
            ["LeftLowerArm"] = CFrame.new(-0.0004933774471282959, -0.00009894371032714844, 4.3213367462158203e-07, 1, -3.3527616238870905e-08, -1.4901159417490817e-08, 8.940694584680386e-08, 0.8916237354278564, -0.4527771472930908, 2.607702498380604e-08, 0.45277711749076843, 0.8916237354278564),
            ["RightUpperArm"] = CFrame.new(-0.0009194612503051758, -0.032965898513793945, -4.842877388000488e-08, 0.4803960621356964, -0.86949223279953, 0.11495005339384079, 0.503690779209137, 0.1662125438451767, -0.8477420806884766, 0.7179939150810242, 0.46514153480529785, 0.5178029537200928),
            ["Head"] = CFrame.new(-2.8405338525772095e-08, 0.0000013113021850585938, -9.66247171163559e-09, 0.9945968985557556, 0.09474470466375351, -0.042432527989149094, -0.09273796528577805, 0.9945805668830872, 0.04700113460421562, 0.04665567725896835, -0.04281206056475639, 0.9979932308197021),
            ["RightHand"] = CFrame.new(-2.384185791015625e-07, 3.5762786865234375e-07, 1.9371509552001953e-07, 0.5642357468605042, -0.014205487444996834, -0.8254916071891785, -0.21076714992523193, 0.9642442464828491, -0.16065575182437897, 0.7982576489448547, 0.26463431119918823, 0.5410670638084412),
            ["UpperTorso"] = CFrame.new(1.862645149230957e-08, 1.7881393432617188e-07, -3.4153345040977e-08, 0.999466598033905, -0.026966197416186333, -0.018420664593577385, 0.025361357256770134, 0.9962761998176575, -0.08240499347448349, 0.020574217662215233, 0.08189386874437332, 0.9964286684989929),
            ["HumanoidRootPart"] = CFrame.new(0, 0, 0, 1, 0, 0, 0, 1, 0, 0, 0, 1),
            ["RightUpperLeg"] = CFrame.new(5.960464477539063e-08, 4.973262548446655e-07, 1.0517396731302142e-07, 0.983749270439148, -0.1106303483247757, -0.14141584932804108, 0.0484909750521183, 0.9220566153526306, -0.38400575518608093, 0.17287608981132507, 0.37090790271759033, 0.9124370217323303),
            ["LeftUpperArm"] = CFrame.new(0.0009192824363708496, -0.03296554088592529, 1.862645149230957e-09, 0.6377304792404175, 0.7602899670600891, -0.12358351051807404, -0.47018325328826904, 0.2571536898612976, -0.8442724347114563, -0.6101045608520508, 0.5965158939361572, 0.5214701890945435),
            ["RightLowerArm"] = CFrame.new(-0.0000073015689849853516, 2.384185791015625e-07, -0.000001385807991027832, 1, -4.470347647611561e-08, -4.4703490686970326e-08, 2.2351738238057806e-08, 0.8781686425209045, -0.4783511757850647, 0, 0.47835105657577515, 0.8781687617301941),
            ["LeftHand"] = CFrame.new(-1.7881393432617188e-07, 0.0000997781753540039, -2.980232238769531e-07, 0.5940850377082825, -0.20906171202659607, 0.7767601013183594, 0.2849251925945282, 0.9577211141586304, 0.03984891250729561, -0.7522504329681396, 0.197644904255867, 0.628534734249115),
            ["LeftFoot"] = CFrame.new(-1.862645149230957e-08, -1.1920928955078125e-07, 1.862645149230957e-08, 0.9860736131668091, -0.13521477580070496, -0.09682951867580414, 0.1625869870185852, 0.9062601327896118, 0.3902030885219574, 0.03499176353216171, -0.400511771440506, 0.915623128414154),
            ["LowerTorso"] = CFrame.new(0.018053436651825905, 0.22856593132019043, -0.2336764633655548, 0.9988560080528259, -0.03060101345181465, 0.03674709051847458, 0.02670218236744404, 0.9943986535072327, 0.10226591676473618, -0.03967069834470749, -0.101167693734169, 0.9940781593322754),
            ["RightLowerLeg"] = CFrame.new(-1.30385160446167e-07, -0.000003814697265625, -0.00001341680035693571, 1, 7.450582373280668e-09, 5.587935447692871e-09, 1.4901164746561335e-08, 0.864361047744751, 0.5028713345527649, 0, -0.5028717517852783, 0.8643613457679749),
            ["LeftUpperLeg"] = CFrame.new(0, 7.599592208862305e-07, 4.7264620661735535e-08, 0.9916261434555054, 0.12878136336803436, -0.00964427087455988, -0.12484574317932129, 0.9368581175804138, -0.3266659080982208, -0.03303337097167969, 0.3251344561576843, 0.9450907707214355),
            ["LeftLowerLeg"] = CFrame.new(-9.313225746154785e-08, 0.0000036954879760742188, 0.000013394281268119812, 1, 3.725290653733282e-08, -2.7939673685750677e-08, -1.3038517820973539e-08, 0.8784482479095459, 0.4778374433517456, -2.421439049271612e-08, -0.4778375029563904, 0.8784482479095459),
        }},
        {Time = 0.200, Data = {
            ["RightFoot"] = CFrame.new(6.705522537231445e-08, 5.364418029785156e-07, 2.4047039914876223e-08, 0.9599444270133972, 0.22757390141487122, 0.16345328092575073, -0.2719202935695648, 0.8973538279533386, 0.3475854694843292, -0.06757412105798721, -0.3781089186668396, 0.9232916831970215),
            ["LeftLowerArm"] = CFrame.new(-0.0004943013191223145, -0.00009953975677490234, -7.152557373046875e-07, 1, -1.4901162970204496e-08, -4.470347292340193e-08, 4.470347292340193e-08, 0.9849623441696167, -0.17276954650878906, -3.725289587919178e-08, 0.1727694422006607, 0.9849623441696167),
            ["RightUpperArm"] = CFrame.new(-0.0009194016456604004, -0.032965779304504395, -3.725290298461914e-08, 0.42989546060562134, -0.8787103295326233, 0.20752936601638794, 0.5963252782821655, 0.10374334454536438, -0.796009361743927, 0.6779278516769409, 0.46594589948654175, 0.5685953497886658),
            ["Head"] = CFrame.new(-5.122274160385132e-08, 1.1920928955078125e-07, 1.210719347000122e-08, 0.9942918419837952, 0.09415147453546524, -0.05019235983490944, -0.09057926386594772, 0.9934793710708618, 0.06923983246088028, 0.05638410151004791, -0.06429821252822876, 0.9963366389274597),
            ["RightHand"] = CFrame.new(5.960464477539063e-08, 2.384185791015625e-07, 2.682209014892578e-07, 0.48940879106521606, -0.02760319784283638, -0.8716175556182861, -0.10760991275310516, 0.9899484515190125, -0.09177303314208984, 0.8653895854949951, 0.13870930671691895, 0.48151904344558716),
            ["UpperTorso"] = CFrame.new(1.6763806343078613e-08, 5.960464477539063e-08, -2.7474015951156616e-08, 0.9993805289268494, -0.030101308599114418, -0.018237091600894928, 0.028306642547249794, 0.9953803420066833, -0.09174354374408722, 0.020914442837238312, 0.09117047488689423, 0.9956156611442566),
            ["HumanoidRootPart"] = CFrame.new(0, 0, 0, 1, 0, 0, 0, 1, 0, 0, 0, 1),
            ["RightUpperLeg"] = CFrame.new(0, -1.94646418094635e-07, 1.5301338862627745e-08, 0.9826940298080444, -0.11233111470937729, -0.14728927612304688, 0.04683331027626991, 0.9199782013893127, -0.3891617953777313, 0.17921790480613708, 0.37552881240844727, 0.9093179106712341),
            ["LeftUpperArm"] = CFrame.new(0.0009195804595947266, -0.032966017723083496, -2.60770320892334e-08, 0.6120915412902832, 0.7601339221000671, -0.2180710881948471, -0.5747609734535217, 0.23822611570358276, -0.7828748822212219, -0.5431333184242249, 0.604520320892334, 0.5827109217643738),
            ["RightLowerArm"] = CFrame.new(-0.000006735324859619141, 1.1920928955078125e-07, -0.0000012218952178955078, 1, 0, 0, -2.980232594040899e-08, 0.9800354242324829, -0.19882318377494812, 0, 0.19882310926914215, 0.9800353646278381),
            ["LeftHand"] = CFrame.new(-7.748603820800781e-07, 0.0000997781753540039, -5.662441253662109e-07, 0.45099130272865295, -0.13780929148197174, 0.8818250894546509, 0.10454117506742477, 0.989363431930542, 0.10114968568086624, -0.8863848447799683, 0.04656946286559105, 0.4606010317802429),
            ["LeftFoot"] = CFrame.new(-7.078051567077637e-08, 5.960464477539063e-08, 1.4901161193847656e-08, 0.9848215579986572, -0.13904589414596558, -0.10388818383216858, 0.16950251162052155, 0.8992642760276794, 0.40322867035865784, 0.03735559061169624, -0.4147169589996338, 0.9091832041740417),
            ["LowerTorso"] = CFrame.new(0.025990094989538193, 0.2625586986541748, -0.24126052856445312, 0.9985232353210449, -0.02923407033085823, 0.045790672302246094, 0.02421112172305584, 0.9940023422241211, 0.10664544999599457, -0.04863371700048447, -0.10537931323051453, 0.9932422041893005),
            ["RightLowerLeg"] = CFrame.new(-1.7508864402770996e-07, -0.0000035762786865234375, -0.000013278964615892619, 1, -1.8626455755565985e-07, -2.421439582178664e-08, 1.8626455755565985e-07, 0.8635241389274597, 0.5043075680732727, -5.0291429687376876e-08, -0.5043075680732727, 0.8635241389274597),
            ["LeftUpperLeg"] = CFrame.new(1.1920928955078125e-07, -6.165355443954468e-07, 3.934837877750397e-08, 0.9918744564056396, 0.12678872048854828, 0.010479525662958622, -0.11450178921222687, 0.92557692527771, -0.3608276844024658, -0.0554484985768795, 0.35669612884521484, 0.9325736165046692),
            ["LeftLowerLeg"] = CFrame.new(7.450580596923828e-09, 0.000004589557647705078, 0.000013295561075210571, 1, 4.842878098543224e-08, 3.166496753692627e-08, -5.2154071283894154e-08, 0.8752662539482117, 0.4836421310901642, 1.862645326866641e-08, -0.4836415648460388, 0.8752658367156982),
        }},
        {Time = 0.233, Data = {
            ["RightFoot"] = CFrame.new(-1.862645149230957e-08, 2.980232238769531e-07, 6.129994289949536e-08, 0.9635570049285889, 0.2234068363904953, 0.1471310257911682, -0.25702473521232605, 0.925631046295166, 0.27775058150291443, -0.07413768768310547, -0.3054448664188385, 0.9493193626403809),
            ["LeftLowerArm"] = CFrame.new(-0.0004936456680297852, -0.00009924173355102539, -2.682209014892578e-07, 1, -1.4901166522918174e-08, -1.4901162970204496e-08, 7.450581307466564e-08, 0.9988502264022827, -0.04794194549322128, -2.980232594040899e-08, 0.047941867262125015, 0.9988501667976379),
            ["RightUpperArm"] = CFrame.new(-0.0009194612503051758, -0.03296637535095215, 1.955777406692505e-08, 0.39670300483703613, -0.8786031007766724, 0.26588329672813416, 0.663527250289917, 0.07430501282215118, -0.7444509267807007, 0.63431715965271, 0.4717366397380829, 0.6124531626701355),
            ["Head"] = CFrame.new(-2.7008354663848877e-08, 4.76837158203125e-07, -1.3504177331924438e-08, 0.994102418422699, 0.09540262073278427, -0.05156305059790611, -0.09092433750629425, 0.9923803210258484, 0.0831516683101654, 0.05910303443670273, -0.07797295600175858, 0.9952020645141602),
            ["RightHand"] = CFrame.new(-2.384185791015625e-07, 5.960464477539063e-08, 4.76837158203125e-07, 0.23449988663196564, -0.05616965889930725, -0.9704920053482056, 0.011244728229939938, 0.9984192252159119, -0.05506899580359459, 0.972051203250885, 0.0020007872954010963, 0.23476070165634155),
            ["UpperTorso"] = CFrame.new(5.587935447692871e-09, 2.384185791015625e-07, -1.932494342327118e-08, 0.9992561340332031, -0.03106989525258541, -0.022847114130854607, 0.029015034437179565, 0.9959287047386169, -0.08534778654575348, 0.02540583908557892, 0.0846213772892952, 0.9960892796516418),
            ["HumanoidRootPart"] = CFrame.new(0, 0, 0, 1, 0, 0, 0, 1, 0, 0, 0, 1),
            ["RightUpperLeg"] = CFrame.new(1.1920928955078125e-07, 9.937211871147156e-07, 3.3694959711283445e-08, 0.9850673079490662, -0.11761756986379623, -0.1257321685552597, 0.0557900033891201, 0.9089381694793701, -0.41318148374557495, 0.16288015246391296, 0.399996817111969, 0.9019270539283752),
            ["LeftUpperArm"] = CFrame.new(0.0009191632270812988, -0.03296685218811035, 3.818422555923462e-08, 0.580406665802002, 0.7668240070343018, -0.2740875482559204, -0.6411210298538208, 0.22276616096496582, -0.7343930602073669, -0.5020875930786133, 0.6019602417945862, 0.6209209561347961),
            ["RightLowerArm"] = CFrame.new(-0.000005304813385009766, -3.5762786865234375e-07, -0.0000015795230865478516, 1, 7.450581485102248e-09, -7.450581307466564e-08, -2.421439226907296e-08, 0.9999946355819702, -0.003272330854088068, 4.4703494239684005e-08, 0.0032722712494432926, 0.9999946355819702),
            ["LeftHand"] = CFrame.new(-2.682209014892578e-07, 0.00009965896606445312, -5.960464477539063e-08, 0.29760751128196716, -0.0907251313328743, 0.9503677487373352, -0.03978010639548302, 0.9934312701225281, 0.1072932779788971, -0.9538592100143433, -0.06973706185817719, 0.2920435667037964),
            ["LeftFoot"] = CFrame.new(3.3527612686157227e-08, 0, -4.842877388000488e-08, 0.9822323322296143, -0.15414859354496002, -0.10704141110181808, 0.18248966336250305, 0.9176010489463806, 0.3531373143196106, 0.04378576576709747, -0.36639663577079773, 0.9294278621673584),
            ["LowerTorso"] = CFrame.new(0.032357897609472275, 0.25882792472839355, -0.24970316886901855, 0.9979593753814697, -0.028307989239692688, 0.05723477900028229, 0.02316807024180889, 0.9958019256591797, 0.08855380862951279, -0.0595012828707695, -0.08704707771539688, 0.9944257140159607),
            ["RightLowerLeg"] = CFrame.new(1.4156103134155273e-07, -0.0000035762786865234375, -0.000013517383194994181, 1, -1.6763807764164085e-07, -4.0978193283081055e-08, 1.4528635006172408e-07, 0.8190264105796814, 0.5737553834915161, -5.5879368687783426e-08, -0.5737559199333191, 0.8190268278121948),
            ["LeftUpperLeg"] = CFrame.new(-5.960464477539063e-08, 9.974464774131775e-07, 1.4901161193847656e-08, 0.9935498833656311, 0.11267658323049545, -0.012753715738654137, -0.10932862758636475, 0.9219812750816345, -0.3714807331562042, -0.03009846806526184, 0.3704787790775299, 0.9283531308174133),
            ["LeftLowerLeg"] = CFrame.new(-5.21540641784668e-08, 0.000003933906555175781, 0.000013262033462524414, 1, 7.636847243475131e-08, 3.166497108963995e-08, -6.705523247774181e-08, 0.8553043007850647, 0.5181258916854858, 2.980232594040899e-08, -0.5181261301040649, 0.8553044199943542),
        }},
        {Time = 0.267, Data = {
            ["RightFoot"] = CFrame.new(-3.91155481338501e-08, 3.5762786865234375e-07, 4.639878170564771e-08, 0.9682767391204834, 0.21268467605113983, 0.1311691701412201, -0.23937717080116272, 0.9400953054428101, 0.24273428320884705, -0.07168582081794739, -0.2664322257041931, 0.9611841440200806),
            ["LeftLowerArm"] = CFrame.new(-0.0004944503307342529, -0.00009912252426147461, -3.129243850708008e-07, 1, -8.195641498787154e-08, -7.450580596923828e-08, 7.450579175838357e-08, 0.9995803236961365, -0.028970524668693542, 0, 0.028970491141080856, 0.9995802640914917),
            ["RightUpperArm"] = CFrame.new(-0.000919342041015625, -0.03296518325805664, 1.862645149230957e-09, 0.3970862627029419, -0.8662848472595215, 0.30312439799308777, 0.6380507946014404, 0.023159272968769073, -0.7696438431739807, 0.659707248210907, 0.499013215303421, 0.5619288086891174),
            ["Head"] = CFrame.new(-2.3283064365386963e-08, 8.344650268554688e-07, 8.614733815193176e-09, 0.9942164421081543, 0.09510547667741776, -0.049887724220752716, -0.09004203230142593, 0.9913533926010132, 0.09545183181762695, 0.05853436142206192, -0.09040778130292892, 0.9941831827163696),
            ["RightHand"] = CFrame.new(-2.384185791015625e-07, 8.344650268554688e-07, 2.682209014892578e-07, 0.07045117765665054, -0.09459905326366425, -0.9930195212364197, 0.09000348299741745, 0.992035448551178, -0.08811980485916138, 0.9934465289115906, -0.083167165517807, 0.07840437442064285),
            ["UpperTorso"] = CFrame.new(7.450580596923828e-09, -4.470348358154297e-07, 1.280568540096283e-09, 0.9991246461868286, -0.03103013150393963, -0.02805601805448532, 0.02885860577225685, 0.9967851042747498, -0.07474420219659805, 0.030285147950053215, 0.07386913895606995, 0.9968080520629883),
            ["HumanoidRootPart"] = CFrame.new(0, 0, 0, 1, 0, 0, 0, 1, 0, 0, 0, 1),
            ["RightUpperLeg"] = CFrame.new(-2.9802322387695312e-08, -0.0000014193356037139893, 9.888753993436694e-08, 0.9915479421615601, -0.10342777520418167, -0.07832848280668259, 0.06387494504451752, 0.9146540760993958, -0.39915919303894043, 0.11292760074138641, 0.3907822072505951, 0.9135296940803528),
            ["LeftUpperArm"] = CFrame.new(0.0009192228317260742, -0.03296554088592529, -5.587935447692871e-08, 0.5613386631011963, 0.7696905732154846, -0.3041224777698517, -0.6484038829803467, 0.1806725710630417, -0.7395433187484741, -0.5142679214477539, 0.6123184561729431, 0.6004875302314758),
            ["RightLowerArm"] = CFrame.new(-0.00000768899917602539, 1.7881393432617188e-07, -7.450580596923828e-07, 1, -5.029141192380848e-08, -1.4901166522918174e-08, -3.3527619791584584e-08, 1, -1.4901166522918174e-08, -4.4703494239684005e-08, -2.9802318834981634e-08, 1),
            ["LeftHand"] = CFrame.new(-2.384185791015625e-07, 0.00009971857070922852, -2.682209014892578e-07, 0.271395206451416, -0.051548801362514496, 0.9610866904258728, -0.04859617352485657, 0.9965571165084839, 0.06717405468225479, -0.9612403512001038, -0.0649358257651329, 0.2679556608200073),
            ["LeftFoot"] = CFrame.new(1.909211277961731e-08, 1.1920928955078125e-07, 1.1175870895385742e-08, 0.9784271121025085, -0.17694833874702454, -0.1066281720995903, 0.19985482096672058, 0.941440999507904, 0.2715645730495453, 0.05233125016093254, -0.2870161235332489, 0.9564952254295349),
