return {
    ["Cheerful Vibe"] = {
        {Time = 0.000, Data = {
            ["RightFoot"] = CFrame.new(-1.1059455573558807e-09, 2.384185791015625e-07, 9.611540008336306e-09, 0.9838129281997681, 0.1676938831806183, 0.06317410618066788, -0.15605103969573975, 0.9750300645828247, -0.15800122916698456, -0.08809256553649902, 0.1455855816602707, 0.9854159951210022),
            ["LeftLowerArm"] = CFrame.new(-1.1920928955078125e-07, 1.7881393432617188e-07, 3.203749656677246e-07, 1, -6.705521116145974e-08, 1.3411042232291948e-07, 6.70552182668871e-08, -0.3203461468219757, -0.9473004937171936, 1.341104365337742e-07, 0.9473005533218384, -0.32034632563591003),
            ["RightUpperArm"] = CFrame.new(2.384185791015625e-07, 0, 1.210719347000122e-08, 0.22586284577846527, -0.9325761795043945, 0.28158101439476013, 0.3658933937549591, -0.18667374551296234, -0.9117428064346313, 0.9028332829475403, 0.30895718932151794, 0.29906073212623596),
            ["Head"] = CFrame.new(3.162858774885535e-08, 2.384185791015625e-07, 3.0166120268404484e-08, 0.888623833656311, 0.13537602126598358, -0.4382023215293884, -0.1639551967382431, 0.9860745668411255, -0.027849312871694565, 0.4283300042152405, 0.09659310430288315, 0.8984449505805969),
            ["RightHand"] = CFrame.new(1.4901161193847656e-07, -5.960464477539063e-08, 1.1548399925231934e-07, 0.04508260264992714, -0.3535434603691101, -0.9343311786651611, 0.5747369527816772, 0.7741717100143433, -0.26520854234695435, 0.8170955777168274, -0.5250381827354431, 0.23809599876403809),
            ["UpperTorso"] = CFrame.new(6.05359673500061e-09, 5.960464477539063e-08, 0, 0.985007643699646, 0.1530684232711792, 0.07956158369779587, -0.1562538594007492, 0.9870805740356445, 0.03544960916042328, -0.07310748845338821, -0.047349922358989716, 0.9961994886398315),
            ["HumanoidRootPart"] = CFrame.new(0, 0, 0, 1, 0, 0, 0, 1, 0, 0, 0, 1),
            ["RightUpperLeg"] = CFrame.new(5.960464477539063e-08, -6.323680281639099e-07, -1.507069100625813e-07, 0.9885863065719604, 0.14689886569976807, 0.033434655517339706, -0.11665140092372894, 0.886807918548584, -0.44717398285865784, -0.09533943235874176, 0.4381694197654724, 0.8938218951225281),
            ["LeftUpperArm"] = CFrame.new(0, -5.960464477539062e-07, -3.166496753692627e-08, 0.08860879391431808, 0.89165860414505, -0.4439525306224823, -0.34137898683547974, -0.39152589440345764, -0.8544985055923462, -0.9357398748397827, 0.22727201879024506, 0.2697007656097412),
            ["RightLowerArm"] = CFrame.new(-1.1920928955078125e-07, 5.960464477539063e-08, 8.568167686462402e-08, 1, -7.450581307466564e-08, 4.470348358154297e-08, 5.960465188081798e-08, -0.17182089388370514, -0.9851282238960266, 1.564622067462551e-07, 0.9851282835006714, -0.17182095348834991),
            ["LeftHand"] = CFrame.new(-1.1920928955078125e-07, -3.5762786865234375e-07, 1.4901161193847656e-07, 0.02539355307817459, 0.4726950526237488, 0.8808603286743164, -0.850138247013092, 0.47379595041275024, -0.22974470257759094, -0.525947093963623, -0.7430186867713928, 0.4138871729373932),
            ["LeftFoot"] = CFrame.new(9.73232090473175e-08, 5.960464477539063e-08, 7.450580596923828e-09, 0.977178156375885, -0.13896600902080536, -0.1606590300798416, 0.02310010977089405, 0.8213549852371216, -0.5699493288993835, 0.21116162836551666, 0.5532310009002686, 0.8058204054832458),
            ["LowerTorso"] = CFrame.new(0.21965524554252625, -0.21282517910003662, 0.11712881922721863, 0.9682199358940125, -0.23749172687530518, -0.07840809226036072, 0.24278388917446136, 0.9677873849868774, 0.0666603296995163, 0.0600510835647583, -0.08357807993888855, 0.9946902394294739),
            ["RightLowerLeg"] = CFrame.new(1.126900315284729e-07, -0.00012236833572387695, -0.00007740983710391447, 1, -6.449410960840396e-08, -3.166494266793052e-08, 6.984920020158825e-08, 0.8686490654945374, 0.49542704224586487, -2.421439049271612e-08, -0.49542784690856934, 0.8686495423316956),
            ["LeftUpperLeg"] = CFrame.new(0, -1.5366822481155396e-08, 1.862645149230957e-09, 0.8636116981506348, 0.4432256817817688, -0.24026232957839966, -0.4854414165019989, 0.6024063229560852, -0.6336035132408142, -0.1360936015844345, 0.6638204455375671, 0.7354050278663635),
            ["LeftLowerLeg"] = CFrame.new(1.1920928955078125e-07, 0.00012254714965820312, 0.00007734447717666626, 1, 9.872017159295865e-08, 8.568167686462402e-08, -1.5087425708770752e-07, 0.2977738380432129, 0.9546365141868591, 9.685754776000977e-08, -0.9546364545822144, 0.2977738380432129),
        }},
        {Time = 0.033, Data = {
            ["RightFoot"] = CFrame.new(-5.855690687894821e-08, 2.980232238769531e-07, -2.495653461664915e-09, 0.9833976030349731, 0.1708652377128601, 0.061108142137527466, -0.1574196070432663, 0.9707833528518677, -0.18110410869121552, -0.09026730805635452, 0.1684780716896057, 0.9815636277198792),
            ["LeftLowerArm"] = CFrame.new(5.960464477539063e-08, -5.960464477539063e-08, -4.991888999938965e-07, 1, -1.1175869474300271e-07, 1.7881390590446244e-07, 6.705521116145974e-08, -0.35243090987205505, -0.9358378648757935, 1.8253918199206964e-07, 0.9358378648757935, -0.3524310290813446),
            ["RightUpperArm"] = CFrame.new(-5.960464477539063e-08, -4.76837158203125e-07, -3.3527612686157227e-08, 0.19399923086166382, -0.9412062168121338, 0.27657800912857056, 0.3940452039241791, -0.1834261417388916, -0.9006014466285706, 0.8983834385871887, 0.28370028734207153, 0.3352934420108795),
            ["Head"] = CFrame.new(-6.28642737865448e-09, 1.1920928955078125e-07, 2.5029294192790985e-09, 0.8991068005561829, 0.12648312747478485, -0.4190573990345001, -0.154573455452919, 0.9874091744422913, -0.033617082983255386, 0.40952908992767334, 0.09500055760145187, 0.9073372483253479),
            ["RightHand"] = CFrame.new(5.960464477539063e-08, 1.1920928955078125e-07, 1.564621925354004e-07, 0.02535586804151535, -0.3605780601501465, -0.9323844909667969, 0.5274614691734314, 0.7971162796020508, -0.29392209649086, 0.8492005467414856, -0.48434412479400635, 0.21040241420269012),
            ["UpperTorso"] = CFrame.new(-6.752088665962219e-08, -8.940696716308594e-08, -1.6763806343078613e-08, 0.9802826046943665, 0.18229882419109344, 0.07624399662017822, -0.1854948252439499, 0.9819439649581909, 0.037118155509233475, -0.06810075044631958, -0.050529174506664276, 0.9963980913162231),
            ["HumanoidRootPart"] = CFrame.new(0, 0, 0, 1, 0, 0, 0, 1, 0, 0, 0, 1),
            ["RightUpperLeg"] = CFrame.new(5.960464477539063e-08, 1.126900315284729e-07, -5.3849362302571535e-08, 0.9851832389831543, 0.16853976249694824, 0.03175739943981171, -0.13421528041362762, 0.8729211091995239, -0.46903660893440247, -0.10677292197942734, 0.45782434940338135, 0.882607638835907),
            ["LeftUpperArm"] = CFrame.new(5.960464477539063e-08, -5.960464477539062e-07, 3.725290298461914e-08, 0.07658766955137253, 0.9104533791542053, -0.40645942091941833, -0.3319210708141327, -0.3611235022544861, -0.8714459538459778, -0.9401930570602417, 0.20165444910526276, 0.27454128861427307),
            ["RightLowerArm"] = CFrame.new(-2.980232238769531e-07, -4.172325134277344e-07, -1.4901161193847656e-08, 1, -2.9802315282267955e-08, 6.705521116145974e-08, 1.1175868053214799e-07, -0.17693153023719788, -0.9842231273651123, 1.3411042232291948e-07, 0.9842231273651123, -0.1769317239522934),
            ["LeftHand"] = CFrame.new(1.7136335372924805e-07, 0, 2.3283064365386963e-07, 0.06813766062259674, 0.4545574188232422, 0.8881074786186218, -0.8278239965438843, 0.5225948691368103, -0.20396560430526733, -0.5568345189094543, -0.7212989926338196, 0.41190192103385925),
            ["LeftFoot"] = CFrame.new(4.260800778865814e-08, 5.960464477539063e-08, -7.450580596923828e-09, 0.9752874374389648, -0.18052025139331818, -0.12738588452339172, 0.07240012288093567, 0.8058514595031738, -0.5876747369766235, 0.208740696310997, 0.5639290809631348, 0.799006462097168),
            ["LowerTorso"] = CFrame.new(0.21201419830322266, -0.23417484760284424, 0.12084469199180603, 0.9611207842826843, -0.2604183256626129, -0.09181049466133118, 0.2666446268558502, 0.9616979956626892, 0.0635429322719574, 0.07174620777368546, -0.08555319160223007, 0.9937471151351929),
            ["RightLowerLeg"] = CFrame.new(-1.3690441846847534e-07, -0.00012254714965820312, -0.00007735395774943754, 1, -4.7963112592697144e-08, -1.6763802790364934e-08, 7.916244015859775e-08, 0.8508943915367126, 0.525336503982544, -1.862645504502325e-08, -0.5253368616104126, 0.8508946299552917),
            ["LeftUpperLeg"] = CFrame.new(0, 2.621673047542572e-07, 6.146728992462158e-08, 0.8508442044258118, 0.4628574252128601, -0.2486511617898941, -0.5039551854133606, 0.5850378274917603, -0.6354209184646606, -0.14863862097263336, 0.6659532189369202, 0.7310355305671692),
            ["LeftLowerLeg"] = CFrame.new(2.0489096641540527e-08, 0.00012254714965820312, 0.00007747113704681396, 1, 9.872017869838601e-08, 8.195636524988004e-08, -9.685754776000977e-08, 0.2637782096862793, 0.9645833969116211, 2.9802322387695312e-08, -0.9645833969116211, 0.2637781500816345),
        }},
        {Time = 0.067, Data = {
            ["RightFoot"] = CFrame.new(-3.684544935822487e-08, 2.384185791015625e-07, 2.1609594114124775e-09, 0.9822483658790588, 0.17807342112064362, 0.058975301682949066, -0.1603812873363495, 0.9602814316749573, -0.22833657264709473, -0.0972934439778328, 0.21482473611831665, 0.9717944860458374),
            ["LeftLowerArm"] = CFrame.new(-1.1920928955078125e-07, -1.7881393432617188e-07, 7.450580596923828e-09, 1, -7.450579886381092e-08, 1.4901162614933128e-07, 8.195640788244418e-08, -0.38125815987586975, -0.9244686961174011, 1.7881397695873602e-07, 0.9244686365127563, -0.38125815987586975),
            ["RightUpperArm"] = CFrame.new(-1.1920928955078125e-07, 2.384185791015625e-07, -1.4901161193847656e-08, 0.17243647575378418, -0.9448152184486389, 0.2785498797893524, 0.40951165556907654, -0.1884264200925827, -0.8926340341567993, 0.8958604335784912, 0.2679920196533203, 0.3544211983680725),
            ["Head"] = CFrame.new(4.819594323635101e-08, 0, -6.1409082263708115e-09, 0.9179710149765015, 0.1043928936123848, -0.38266363739967346, -0.13091333210468292, 0.9904234409332275, -0.043854307383298874, 0.3744209110736847, 0.09035272896289825, 0.9228463768959045),
            ["RightHand"] = CFrame.new(-3.725290298461914e-08, 1.7881393432617188e-07, 1.043081283569336e-07, 0.026241421699523926, -0.3671991229057312, -0.929772138595581, 0.49250558018684387, 0.8141276240348816, -0.3076268136501312, 0.8699135780334473, -0.44984540343284607, 0.20221136510372162),
            ["UpperTorso"] = CFrame.new(1.387670636177063e-07, -8.940696716308594e-08, -9.313225746154785e-09, 0.9793296456336975, 0.19172565639019012, 0.06445781141519547, -0.1948750913143158, 0.9797155857086182, 0.04670203849673271, -0.05419636145234108, -0.05829789116978645, 0.9968270659446716),
            ["HumanoidRootPart"] = CFrame.new(0, 0, 0, 1, 0, 0, 0, 1, 0, 0, 0, 1),
            ["RightUpperLeg"] = CFrame.new(1.7881393432617188e-07, -1.4901161193847656e-08, -5.757465260103345e-08, 0.9869223833084106, 0.15925616025924683, 0.02493632584810257, -0.1249859556555748, 0.8537043929100037, -0.5055367350578308, -0.10179813951253891, 0.49580875039100647, 0.8624446988105774),
            ["LeftUpperArm"] = CFrame.new(-1.1920928955078125e-07, 2.384185791015625e-07, 7.450580596923828e-09, 0.05328008532524109, 0.9336478114128113, -0.3542078733444214, -0.3195761740207672, -0.3201138377189636, -0.8918510675430298, -0.9460614919662476, 0.160714253783226, 0.28131595253944397),
            ["RightLowerArm"] = CFrame.new(-8.940696716308594e-08, 2.384185791015625e-07, -7.450580596923828e-09, 1, -5.21540641784668e-08, 5.960463056453591e-08, 1.043081283569336e-07, -0.1880958378314972, -0.982150673866272, 1.7508864402770996e-07, 0.982150673866272, -0.18809574842453003),
            ["LeftHand"] = CFrame.new(1.825392246246338e-07, -1.1920928955078125e-07, 7.729977369308472e-08, 0.09287406504154205, 0.43534931540489197, 0.8954583406448364, -0.7923359274864197, 0.5769511461257935, -0.19832046329975128, -0.6029745936393738, -0.6910849213600159, 0.39852654933929443),
            ["LeftFoot"] = CFrame.new(-1.073349267244339e-07, 5.960464477539063e-08, -1.4901161193847656e-08, 0.9725372195243835, -0.20563217997550964, -0.10902766138315201, 0.1021929606795311, 0.7981328368186951, -0.5937516093254089, 0.20911267399787903, 0.5663034319877625, 0.7972276210784912),
            ["LowerTorso"] = CFrame.new(0.19899548590183258, -0.25878381729125977, 0.12707024812698364, 0.9616310596466064, -0.25933849811553955, -0.08949548751115799, 0.2652398943901062, 0.9622029662132263, 0.061752960085868835, 0.0700979083776474, -0.08312132209539413, 0.9940710663795471),
            ["RightLowerLeg"] = CFrame.new(-2.0489096641540527e-08, -0.00012242794036865234, -0.00007745454058749601, 1, -9.965152969471092e-08, -2.3748714994553666e-08, 8.195638656616211e-08, 0.8072731494903564, 0.5901774168014526, -2.7939677238464355e-08, -0.5901781320571899, 0.8072736263275146),
            ["LeftUpperLeg"] = CFrame.new(2.384185791015625e-07, -1.2759119272232056e-07, 3.5390257835388184e-08, 0.8555952310562134, 0.45071035623550415, -0.25459179282188416, -0.497073769569397, 0.5780813694000244, -0.6471010446548462, -0.14448028802871704, 0.680207371711731, 0.7186398506164551),
            ["LeftLowerLeg"] = CFrame.new(-1.6763806343078613e-08, 0.0001226663589477539, 0.00007738173007965088, 1, 8.381903882082042e-08, 7.823108916227284e-08, -5.215404996761208e-08, 0.23200178146362305, 0.9727153778076172, 5.215404996761208e-08, -0.972715437412262, 0.23200201988220215),
        }},
        {Time = 0.100, Data = {
            ["RightFoot"] = CFrame.new(-1.5919795259833336e-08, 4.172325134277344e-07, -2.029992174357176e-09, 0.9809684157371521, 0.18555739521980286, 0.05717993900179863, -0.16251547634601593, 0.9457982182502747, -0.2811661660671234, -0.10625310242176056, 0.26652249693870544, 0.9579541683197021),
            ["LeftLowerArm"] = CFrame.new(1.1920928955078125e-07, 5.960464477539063e-08, -1.6391277313232422e-07, 1, -8.568166975919667e-08, 1.8998980522155762e-07, 7.450579886381092e-08, -0.4125903844833374, -0.9109165668487549, 1.471489525783909e-07, 0.9109166860580444, -0.4125906825065613),
            ["RightUpperArm"] = CFrame.new(-1.1920928955078125e-07, -7.152557373046875e-07, -4.0978193283081055e-08, 0.16142141819000244, -0.9486828446388245, 0.2719270586967468, 0.40987056493759155, -0.18620651960372925, -0.8929350972175598, 0.8977468609809875, 0.25559353828430176, 0.3587794303894043),
            ["Head"] = CFrame.new(4.842877388000488e-08, 1.1920928955078125e-07, 2.9802322387695312e-08, 0.9479556083679199, 0.07304288446903229, -0.30991131067276, -0.09708482027053833, 0.9932894110679626, -0.06285466253757477, 0.303240567445755, 0.08967117965221405, 0.9486855864524841),
            ["RightHand"] = CFrame.new(2.086162567138672e-07, 4.76837158203125e-07, 2.4586915969848633e-07, 0.04631411284208298, -0.3692905008792877, -0.9281594157218933, 0.4751196503639221, 0.825471818447113, -0.3047255575656891, 0.8787015676498413, -0.4268733263015747, 0.21368777751922607),
            ["UpperTorso"] = CFrame.new(-3.91155481338501e-08, -1.1920928955078125e-07, -7.450580596923828e-09, 0.9815629720687866, 0.18460020422935486, 0.04956898093223572, -0.18751658499240875, 0.9802658557891846, 0.06258092820644379, -0.037038352340459824, -0.07072208821773529, 0.9968081712722778),
            ["HumanoidRootPart"] = CFrame.new(0, 0, 0, 1, 0, 0, 0, 1, 0, 0, 0, 1),
            ["RightUpperLeg"] = CFrame.new(-2.9802322387695312e-08, 2.514570951461792e-07, -4.639878170564771e-08, 0.9923944473266602, 0.12165429443120956, 0.018803568556904793, -0.09183238446712494, 0.8333658576011658, -0.5450399518013, -0.08197664469480515, 0.5391674637794495, 0.8381991982460022),
            ["LeftUpperArm"] = CFrame.new(0, -5.960464477539062e-07, -2.9802322387695312e-08, 0.026332471519708633, 0.9567797183990479, -0.2896190881729126, -0.30792561173439026, -0.26786866784095764, -0.9129228591918945, -0.9510460495948792, 0.11322057992219925, 0.2875635325908661),
            ["RightLowerArm"] = CFrame.new(0, 1.1920928955078125e-07, 2.905726432800293e-07, 1, -1.0430809993522416e-07, 1.2665985593685036e-07, 8.940695295223122e-08, -0.2203177511692047, -0.97542804479599, 1.9744035739677201e-07, 0.9754281640052795, -0.22031819820404053),
            ["LeftHand"] = CFrame.new(-5.774199962615967e-08, -5.960464477539063e-08, 1.3690441846847534e-07, 0.10441286861896515, 0.42271894216537476, 0.9002260565757751, -0.746715247631073, 0.631195604801178, -0.20978234708309174, -0.6568975448608398, -0.6503081917762756, 0.3815551698207855),
            ["LeftFoot"] = CFrame.new(4.1443854570388794e-08, 5.960464477539063e-08, -1.4901161193847656e-08, 0.9721512794494629, -0.21569178998470306, -0.09164591878652573, 0.12113168835639954, 0.7972343564033508, -0.5913920998573303, 0.20062147080898285, 0.5638214349746704, 0.8011593818664551),
            ["LowerTorso"] = CFrame.new(0.17938917875289917, -0.2805912494659424, 0.1333419531583786, 0.9686287045478821, -0.23753242194652557, -0.07305330038070679, 0.2420140653848648, 0.9684068560600281, 0.06014436483383179, 0.05645907670259476, -0.07593747228384018, 0.9955129623413086),
            ["RightLowerLeg"] = CFrame.new(-6.612390279769897e-08, -0.00012248754501342773, -0.00007740983710391447, 1, -1.1641536445949896e-07, -4.470345515983354e-08, 8.568166975919667e-08, 0.7448559999465942, 0.6672244668006897, -2.4214383387288763e-08, -0.6672253608703613, 0.7448567748069763),
            ["LeftUpperLeg"] = CFrame.new(1.4901161193847656e-07, 2.2165477275848389e-07, 4.0978193283081055e-08, 0.8774247169494629, 0.4097326099872589, -0.24948959052562714, -0.4633822739124298, 0.5893582105636597, -0.6617658734321594, -0.12410812079906464, 0.6962586641311646, 0.7069800496101379),
            ["LeftLowerLeg"] = CFrame.new(4.284083843231201e-08, 0.00012260675430297852, 0.0000774487853050232, 1, 7.450581307466564e-08, 4.842878098543224e-08, -8.940698137394065e-08, 0.215962216258049, 0.9764017462730408, 5.587936158235607e-08, -0.9764017462730408, 0.2159622311592102),
        }},
        {Time = 0.133, Data = {
            ["RightFoot"] = CFrame.new(5.5908458307385445e-08, 4.172325134277344e-07, -1.1343217920511961e-08, 0.9790984988212585, 0.19519385695457458, 0.05714413896203041, -0.1657240092754364, 0.9285328984260559, -0.3322083353996277, -0.11790518462657928, 0.31579431891441345, 0.9414734840393066),
            ["LeftLowerArm"] = CFrame.new(2.384185791015625e-07, 2.384185791015625e-07, 2.1606683731079102e-07, 1, -4.842877388000488e-08, 1.4901161193847656e-07, 7.450580596923828e-08, -0.4426964223384857, -0.89667147397995, 1.1734664440155029e-07, 0.8966715335845947, -0.4426966905593872),
            ["RightUpperArm"] = CFrame.new(-2.384185791015625e-07, -4.76837158203125e-07, 4.470348358154297e-08, 0.16649076342582703, -0.9529010653495789, 0.253496378660202, 0.4090536832809448, -0.1671731323003769, -0.8970664739608765, 0.8971933722496033, 0.2530469000339508, 0.36195507645606995),
            ["Head"] = CFrame.new(5.4016709327697754e-08, 0, 7.241033017635345e-08, 0.9842837452888489, 0.03891516476869583, -0.17225325107574463, -0.057021111249923706, 0.9932056665420532, -0.10144488513469696, 0.16713514924049377, 0.1096726655960083, 0.9798151850700378),
            ["RightHand"] = CFrame.new(-3.8743019104003906e-07, -2.980232238769531e-07, 1.5273690223693848e-07, 0.0839669331908226, -0.36976152658462524, -0.9253247976303101, 0.4773530960083008, 0.8300459384918213, -0.28837138414382935, 0.8746906518936157, -0.41749268770217896, 0.24620309472084045),
            ["UpperTorso"] = CFrame.new(1.6996636986732483e-08, 2.384185791015625e-07, -2.3283064365386963e-10, 0.9860352873802185, 0.16348326206207275, 0.031743124127388, -0.16556930541992188, 0.9828488826751709, 0.08120935410261154, -0.01792232319712639, -0.08533094823360443, 0.9961915612220764),
            ["HumanoidRootPart"] = CFrame.new(0, 0, 0, 1, 0, 0, 0, 1, 0, 0, 0, 1),
            ["RightUpperLeg"] = CFrame.new(-5.960464477539063e-08, 4.0046870708465576e-08, -2.590968506410718e-08, 0.9980130195617676, 0.05936112627387047, 0.021128911525011063, -0.03648580610752106, 0.8178346753120422, -0.5742958188056946, -0.05137072503566742, 0.5723833441734314, 0.8183751702308655),
            ["LeftUpperArm"] = CFrame.new(5.960464477539063e-08, -3.5762786865234375e-07, 4.6566128730773926e-08, 0.003924070857465267, 0.9746938347816467, -0.22350968420505524, -0.3091326951980591, -0.21138088405132294, -0.9272297620773315, -0.9510108828544617, 0.07273271679878235, 0.30048060417175293),
            ["RightLowerArm"] = CFrame.new(-5.960464477539063e-08, -1.1920928955078125e-07, -5.140900611877441e-07, 1, 7.4505797087454084e-09, 9.685756197086448e-08, 1.1920930376163597e-07, -0.27313485741615295, -0.9619757533073425, 1.1920930376163597e-07, 0.9619757533073425, -0.27313515543937683),
            ["LeftHand"] = CFrame.new(-1.7508864402770996e-07, -1.1920928955078125e-07, 3.597233444452286e-07, 0.10816879570484161, 0.4227449893951416, 0.899770200252533, -0.6947356462478638, 0.6795326471328735, -0.23574946820735931, -0.7110850214958191, -0.5996015667915344, 0.36720016598701477),
            ["LeftFoot"] = CFrame.new(9.42964106798172e-08, -5.960464477539063e-08, 5.21540641784668e-08, 0.9718316793441772, -0.22214500606060028, -0.07870738953351974, 0.13631559908390045, 0.8022676110267639, -0.5811928510665894, 0.1922534853219986, 0.5540924668312073, 0.8099506497383118),
            ["LowerTorso"] = CFrame.new(0.15258631110191345, -0.29473376274108887, 0.13822589814662933, 0.9791420698165894, -0.1978442370891571, -0.04624398797750473, 0.20024773478507996, 0.9782062768936157, 0.05489370971918106, 0.03437575697898865, -0.06300898641347885, 0.9974208474159241),
            ["RightLowerLeg"] = CFrame.new(7.404014468193054e-08, -0.00012242794036865234, -0.00007738003478152677, 1, -9.406359424701805e-08, -5.029138350209905e-08, 1.317821300972355e-07, 0.6789791584014893, 0.7341567873954773, -6.519257311765614e-08, -0.7341575026512146, 0.6789800524711609),
            ["LeftUpperLeg"] = CFrame.new(2.9802322387695312e-08, 2.337619662284851e-07, 6.984919309616089e-08, 0.9093373417854309, 0.34777215123176575, -0.2283860445022583, -0.40614813566207886, 0.6228789687156677, -0.6686300039291382, -0.0902738869190216, 0.7007684707641602, 0.7076537013053894),
            ["LeftLowerLeg"] = CFrame.new(8.754432201385498e-08, 0.00012260675430297852, 0.00007743760943412781, 1, 7.82310962677002e-08, 8.940696716308594e-08, -3.725289943190546e-08, 0.23319977521896362, 0.9724287986755371, 2.7939673685750677e-08, -0.9724289178848267, 0.23320013284683228),
        }},
        {Time = 0.167, Data = {
            ["RightFoot"] = CFrame.new(-7.411290425807238e-08, 3.5762786865234375e-07, -1.0986695997416973e-09, 0.976628839969635, 0.20629169046878815, 0.060333624482154846, -0.1682025045156479, 0.9083161354064941, -0.3829747438430786, -0.13380618393421173, 0.36387598514556885, 0.9217865467071533),
            ["LeftLowerArm"] = CFrame.new(0, -5.960464477539063e-08, -1.7881393432617188e-07, 1, -1.0058282384761696e-07, 1.94646418094635e-07, 9.592622518539429e-08, -0.4454882740974426, -0.8952877521514893, 1.3224780559539795e-07, 0.8952877521514893, -0.4454883337020874),
            ["RightUpperArm"] = CFrame.new(0, 4.76837158203125e-07, 1.210719347000122e-08, 0.18063287436962128, -0.9525341987609863, 0.2450515627861023, 0.4018571376800537, -0.15592974424362183, -0.9023285508155823, 0.8977096080780029, 0.2614659368991852, 0.3546166718006134),
            ["Head"] = CFrame.new(4.284083843231201e-08, 3.5762786865234375e-07, -2.9569491744041443e-08, 0.9999029636383057, 0.007785556372255087, 0.011561140418052673, -0.006060166750103235, 0.9897885918617249, -0.14241436123847961, -0.012551858089864254, 0.1423303782939911, 0.9897396564483643),
            ["RightHand"] = CFrame.new(2.8312206268310547e-07, -1.7881393432617188e-07, -8.940696716308594e-08, 0.12347503006458282, -0.35877829790115356, -0.9252201318740845, 0.512046217918396, 0.8216822147369385, -0.25029370188713074, 0.8500367999076843, -0.4428505003452301, 0.2851681709289551),
            ["UpperTorso"] = CFrame.new(5.454057827591896e-08, -8.940696716308594e-08, -9.66247171163559e-09, 0.9921486973762512, 0.12431416660547256, 0.01367459911853075, -0.12505686283111572, 0.9873147010803223, 0.09782857447862625, -0.0013396547874435782, -0.09877052903175354, 0.9951093792915344),
            ["HumanoidRootPart"] = CFrame.new(0, 0, 0, 1, 0, 0, 0, 1, 0, 0, 0, 1),
            ["RightUpperLeg"] = CFrame.new(-1.7881393432617188e-07, 1.3131648302078247e-07, -4.453613655641675e-08, 0.9989356398582458, -0.02860046923160553, 0.03619008511304855, 0.04454097896814346, 0.802054226398468, -0.5955885052680969, -0.011992296203970909, 0.5965660810470581, 0.8024740219116211),
            ["LeftUpperArm"] = CFrame.new(-2.384185791015625e-07, 4.76837158203125e-07, 1.862645149230957e-09, -0.0005202160100452602, 0.9817371368408203, -0.1902417242527008, -0.32059770822525024, -0.18036368489265442, -0.9298849105834961, -0.9472153782844543, 0.06050734221935272, 0.3148365914821625),
            ["RightLowerArm"] = CFrame.new(5.960464477539063e-08, 0, -1.7881393432617188e-07, 1, -1.1175868053214799e-07, 1.3411046495548362e-07, 1.341104507446289e-07, -0.3167370557785034, -0.9485134482383728, 1.6391277313232422e-07, 0.948513388633728, -0.3167371451854706),
            ["LeftHand"] = CFrame.new(2.905726432800293e-07, 2.980232238769531e-07, -2.8405338525772095e-08, 0.10276465117931366, 0.4318740665912628, 0.896060585975647, -0.6583268642425537, 0.7048391699790955, -0.2642107605934143, -0.7456843256950378, -0.5627492070198059, 0.35674652457237244),
            ["LeftFoot"] = CFrame.new(1.1827796697616577e-07, -5.960464477539063e-08, 2.9802322387695312e-08, 0.9736083745956421, -0.21601153910160065, -0.07366128265857697, 0.13946925103664398, 0.8186109662055969, -0.5571574568748474, 0.18065227568149567, 0.5321797132492065, 0.8271333575248718),
            ["LowerTorso"] = CFrame.new(0.11977569013834, -0.2997000217437744, 0.14265893399715424, 0.9904822707176208, -0.13717852532863617, -0.011268715374171734, 0.1375647634267807, 0.9893304705619812, 0.047970324754714966, 0.004567986819893122, -0.04906392842531204, 0.9987852573394775),
            ["RightLowerLeg"] = CFrame.new(-1.8114224076271057e-07, -0.00012230873107910156, -0.00007739493594272062, 1, -1.0710208186992531e-07, -5.401669156412936e-08, 1.457519971381771e-07, 0.6126975417137146, 0.7903172373771667, -7.729978079851207e-08, -0.7903175354003906, 0.6126978993415833),
            ["LeftUpperLeg"] = CFrame.new(1.4901161193847656e-07, 3.022141754627228e-07, 5.8673322200775146e-08, 0.9455209374427795, 0.2625015377998352, -0.192569762468338, -0.3222784399986267, 0.6709007024765015, -0.6678541302680969, -0.046117544174194336, 0.6935309767723083, 0.7189491391181946),
            ["LeftLowerLeg"] = CFrame.new(6.51925802230835e-08, 0.0001226663589477539, 0.00007727742195129395, 1, 6.332992086299782e-08, 6.332992086299782e-08, -8.940694584680386e-08, 0.282932311296463, 0.959139883518219, 8.940694584680386e-08, -0.959139883518219, 0.282932311296463),
        }},
        {Time = 0.200, Data = {
            ["RightFoot"] = CFrame.new(1.7535057850182056e-09, 2.384185791015625e-07, -4.230969352647662e-08, 0.9744471311569214, 0.21489104628562927, 0.06538192927837372, -0.16736674308776855, 0.8887701630592346, -0.426703542470932, -0.1498042345046997, 0.404857337474823, 0.9020251035690308),
            ["LeftLowerArm"] = CFrame.new(-5.960464477539063e-08, 1.1920928955078125e-07, -3.129243850708008e-07, 1, -2.9336657547673894e-08, 1.234002411365509e-07, 7.264316792543468e-08, -0.3953688144683838, -0.918522298336029, 1.2572856178394431e-07, 0.9185224771499634, -0.39536917209625244),
            ["RightUpperArm"] = CFrame.new(1.1920928955078125e-07, 1.1920928955078125e-07, 5.774199962615967e-08, 0.19714763760566711, -0.9438238143920898, 0.2651973068714142, 0.3769323229789734, -0.17674043774604797, -0.9092220067977905, 0.9050164818763733, 0.27921244502067566, 0.32091403007507324),
            ["Head"] = CFrame.new(4.0512531995773315e-08, 2.384185791015625e-07, 3.771856427192688e-08, 0.9801494479179382, -0.02087009884417057, 0.19715893268585205, 0.054067354649305344, 0.98488849401474, -0.1645340919494629, -0.19074569642543793, 0.17192792892456055, 0.9664662480354309),
            ["RightHand"] = CFrame.new(4.470348358154297e-08, 1.7881393432617188e-07, -1.1175870895385742e-07, 0.14358533918857574, -0.3309326767921448, -0.9326667189598083, 0.5857028961181641, 0.7880725264549255, -0.18945729732513428, 0.7977063655853271, -0.5190620422363281, 0.3069833815097809),
            ["UpperTorso"] = CFrame.new(-1.862645149230957e-09, 6.258487701416016e-07, 1.1641532182693481e-09, 0.997603178024292, 0.06919517368078232, 0.00015512941172346473, -0.06874164938926697, 0.9908033013343811, 0.11654824018478394, 0.00791087280958891, -0.11627957969903946, 0.9931850433349609),
            ["HumanoidRootPart"] = CFrame.new(0, 0, 0, 1, 0, 0, 0, 1, 0, 0, 0, 1),
            ["RightUpperLeg"] = CFrame.new(5.960464477539063e-08, -7.404014468193054e-08, -8.458300726488233e-08, 0.9889936447143555, -0.13289017975330353, 0.06505186855792999, 0.14497770369052887, 0.7825843691825867, -0.6054282188415527, 0.02954687923192978, 0.6081955432891846, 0.7932370901107788),
            ["LeftUpperArm"] = CFrame.new(0, 0, -6.891787052154541e-08, 0.02823595702648163, 0.972675085067749, -0.2304476946592331, -0.32192903757095337, -0.20940762758255005, -0.9233146905899048, -0.9463427662849426, 0.1002584919333458, 0.30721983313560486),
            ["RightLowerArm"] = CFrame.new(0, -2.384185791015625e-07, 3.5762786865234375e-07, 1, -1.4901159772762185e-07, 7.450579175838357e-08, 1.1920927533992653e-07, -0.32342007756233215, -0.9462555050849915, 1.8626448650138627e-07, 0.9462555050849915, -0.32342004776000977),
            ["LeftHand"] = CFrame.new(-6.51925802230835e-08, -1.7881393432617188e-07, 1.555308699607849e-07, 0.08977026492357254, 0.43540188670158386, 0.8957493901252747, -0.6617520451545715, 0.6982241868972778, -0.27307000756263733, -0.7443289756774902, -0.5682501792907715, 0.35080742835998535),
            ["LeftFoot"] = CFrame.new(9.499490261077881e-08, 0, 3.725290298461914e-09, 0.9787644147872925, -0.1916588395833969, -0.07271292805671692, 0.12736527621746063, 0.8465288877487183, -0.5168820023536682, 0.160618394613266, 0.4966445863246918, 0.8529630303382874),
            ["LowerTorso"] = CFrame.new(0.08417544513940811, -0.29419589042663574, 0.1467442363500595, 0.9978519678115845, -0.059857893735170364, 0.026617618277668953, 0.05890710651874542, 0.9976435899734497, 0.035174861550331116, -0.02866038680076599, -0.03353133797645569, 0.9990267157554626),
            ["RightLowerLeg"] = CFrame.new(4.551839083433151e-08, -0.00012236833572387695, -0.00007726827607257292, 1, -1.2281817873827094e-07, -6.33299421792799e-08, 1.112930618774044e-07, 0.5499517321586609, 0.8351961374282837, -6.519258732851085e-08, -0.8351965546607971, 0.5499523878097534),
            ["LeftUpperLeg"] = CFrame.new(5.960464477539063e-08, 7.310882210731506e-07, 4.842877388000488e-08, 0.9758903980255127, 0.1607854813337326, -0.1476011872291565, -0.21824832260608673, 0.7262835502624512, -0.651828408241272, 0.0023958112578839064, 0.6683264970779419, 0.7438640594482422),
            ["LeftLowerLeg"] = CFrame.new(6.612390279769897e-08, 0.00012296438217163086, 0.00007725879549980164, 1, 5.867330798992043e-08, 6.519255890680142e-08, -7.729978079851207e-08, 0.3594166338443756, 0.9331772327423096, 6.798655505235729e-08, -0.9331771731376648, 0.3594164550304413),
        }},
        {Time = 0.233, Data = {
            ["RightFoot"] = CFrame.new(-3.73584043700248e-08, 4.172325134277344e-07, -2.2519088815897703e-08, 0.9720467925071716, 0.22276131808757782, 0.07417872548103333, -0.16633783280849457, 0.8763589262962341, -0.4520251750946045, -0.165700763463974, 0.4270511269569397, 0.8889155387878418),
            ["LeftLowerArm"] = CFrame.new(-2.384185791015625e-07, -1.7881393432617188e-07, -3.129243850708008e-07, 1, -1.1967492241637956e-07, 1.555308699607849e-07, 1.0151417484394187e-07, -0.34664851427078247, -0.9379951357841492, 1.2724196096769447e-07, 0.9379950761795044, -0.34664857387542725),
            ["RightUpperArm"] = CFrame.new(0, -1.1920928955078125e-07, 2.9802322387695312e-08, 0.20408929884433746, -0.9391795992851257, 0.27620577812194824, 0.3564435839653015, -0.19148577749729156, -0.9144842624664307, 0.9117541909217834, 0.28508782386779785, 0.2956840693950653),
            ["Head"] = CFrame.new(5.727633833885193e-08, 1.1920928955078125e-07, -2.7939677238464355e-08, 0.9376131892204285, -0.045992184430360794, 0.34462493658065796, 0.10719761252403259, 0.9811633229255676, -0.1607082486152649, -0.3307420015335083, 0.18762506544589996, 0.9248819947242737),
            ["RightHand"] = CFrame.new(-3.129243850708008e-07, 2.384185791015625e-07, -1.4901161193847656e-08, 0.16072086989879608, -0.30478179454803467, -0.9387635588645935, 0.6638068556785583, 0.7372627258300781, -0.1257150024175644, 0.7304308414459229, -0.6029524803161621, 0.32080966234207153),
            ["UpperTorso"] = CFrame.new(-6.984919309616089e-09, -1.1920928955078125e-07, 3.236345946788788e-08, 0.9999411702156067, 0.00989928375929594, -0.004446698352694511, -0.009273047558963299, 0.992270290851593, 0.12374837696552277, 0.005637346766889095, -0.1236998587846756, 0.992303729057312),
            ["HumanoidRootPart"] = CFrame.new(0, 0, 0, 1, 0, 0, 0, 1, 0, 0, 0, 1),
            ["RightUpperLeg"] = CFrame.new(5.960464477539063e-08, -3.8300640881061554e-07, -5.420588422566652e-09, 0.967113196849823, -0.23449072241783142, 0.09852055460214615, 0.2452952116727829, 0.7574706673622131, -0.6050362586975098, 0.06724881380796432, 0.6093047857284546, 0.7900789976119995),
            ["LeftUpperArm"] = CFrame.new(-1.1920928955078125e-07, 1.1920928955078125e-07, 5.21540641784668e-08, 0.0686090961098671, 0.9590957760810852, -0.27464190125465393, -0.33283939957618713, -0.23751258850097656, -0.9125819802284241, -0.9404842853546143, 0.1540229469537735, 0.30292925238609314),
            ["RightLowerArm"] = CFrame.new(-8.940696716308594e-08, 5.960464477539063e-08, 2.8219074010849e-07, 1, -1.1920928955078125e-07, 7.450580596923828e-08, 7.82310962677002e-08, -0.34055712819099426, -0.9402238130569458, 1.564621925354004e-07, 0.9402238726615906, -0.34055715799331665),
            ["LeftHand"] = CFrame.new(-1.4994293451309204e-07, 1.7881393432617188e-07, -8.754432201385498e-08, 0.07760071754455566, 0.4401616156101227, 0.8945593237876892, -0.6699554920196533, 0.6875073313713074, -0.28016597032546997, -0.738334596157074, -0.5775737762451172, 0.34823936223983765),
            ["LeftFoot"] = CFrame.new(-4.423782229423523e-09, -1.1920928955078125e-07, -1.862645149230957e-08, 0.9840377569198608, -0.16317260265350342, -0.0710248276591301, 0.1122983992099762, 0.878969132900238, -0.4634677469730377, 0.13805392384529114, 0.44809383153915405, 0.8832628726959229),
            ["LowerTorso"] = CFrame.new(0.05238663777709007, -0.2756526470184326, 0.1500992625951767, 0.9979788661003113, 0.01916535571217537, 0.060588203370571136, -0.02086237259209156, 0.9994040727615356, 0.027501629665493965, -0.06002500653266907, -0.028710056096315384, 0.9977840185165405),
            ["RightLowerLeg"] = CFrame.new(-6.606569513678551e-08, -0.00012230873107910156, -0.00007736513362033293, 1, -8.911590754223653e-08, -9.906941755843945e-08, 9.441281179078942e-08, 0.5108330249786377, 0.8596795797348022, -6.810295616332951e-08, -0.8596800565719604, 0.5108336210250854),
            ["LeftUpperLeg"] = CFrame.new(2.9802322387695312e-08, -1.5320256352424622e-07, 9.872019290924072e-08, 0.9916686415672302, 0.066630057990551, -0.11024434119462967, -0.12103914469480515, 0.7748298048973083, -0.6204745769500732, 0.04407832399010658, 0.6286486387252808, 0.7764389514923096),
            ["LeftLowerLeg"] = CFrame.new(-1.5366822481155396e-08, 0.00012254714965820312, 0.00007757171988487244, 1, 8.84756374830431e-08, 5.494801058603116e-08, -7.078052277620372e-08, 0.45997774600982666, 0.8879305124282837, 3.539026138810186e-08, -0.8879305124282837, 0.4599777162075043),
        }},
        {Time = 0.267, Data = {
            ["RightFoot"] = CFrame.new(-1.2005330063402653e-08, 2.384185791015625e-07, -2.438173396512866e-08, 0.9692190885543823, 0.23046700656414032, 0.08659914880990982, -0.1660143882036209, 0.8715318441390991, -0.46138009428977966, -0.18180665373802185, 0.43280166387557983, 0.882966160774231),
            ["LeftLowerArm"] = CFrame.new(-2.086162567138672e-07, 1.7881393432617188e-07, -2.8312206268310547e-07, 1, -1.317821300972355e-07, 1.4062969455608254e-07, 8.568168397005138e-08, -0.3102307915687561, -0.9506611824035645, 7.63684582238966e-08, 0.9506612420082092, -0.3102310001850128),
            ["RightUpperArm"] = CFrame.new(-1.7881393432617188e-07, 2.384185791015625e-07, 1.4901161193847656e-08, 0.20237106084823608, -0.9369024634361267, 0.28506091237068176, 0.3470189869403839, -0.2035909742116928, -0.9154936671257019, 0.9157640337944031, 0.28419098258018494, 0.28392213582992554),
            ["Head"] = CFrame.new(5.029141902923584e-08, 2.384185791015625e-07, 9.499490261077881e-08, 0.8976728320121765, -0.07020646333694458, 0.43503403663635254, 0.13999809324741364, 0.9815168976783752, -0.13048090040683746, -0.4178325831890106, 0.17803314328193665, 0.8909098505973816),
            ["RightHand"] = CFrame.new(-1.341104507446289e-07, 1.1920928955078125e-07, 1.7136335372924805e-07, 0.17246538400650024, -0.28317883610725403, -0.9434328079223633, 0.7335436940193176, 0.6761454939842224, -0.0688542053103447, 0.6573960185050964, -0.6801742911338806, 0.32433566451072693),
            ["UpperTorso"] = CFrame.new(-9.313225746154785e-09, 2.9802322387695312e-08, 1.3969838619232178e-09, 0.9990440607070923, -0.04338286072015762, -0.005388225428760052, 0.04371607303619385, 0.9916198253631592, 0.12156962603330612, 0.00006902929453644902, -0.12168897688388824, 0.99256831407547),
            ["HumanoidRootPart"] = CFrame.new(0, 0, 0, 1, 0, 0, 0, 1, 0, 0, 0, 1),
            ["RightUpperLeg"] = CFrame.new(-2.9802322387695312e-08, -4.4330954551696777e-07, -7.24758137948811e-08, 0.9382326006889343, -0.3230266273021698, 0.12399037182331085, 0.3311384320259094, 0.7343723177909851, -0.5924906730651855, 0.10033505409955978, 0.5969515442848206, 0.7959782481193542),
            ["LeftUpperArm"] = CFrame.new(-1.1920928955078125e-07, 5.960464477539062e-07, -3.166496753692627e-08, 0.11420761048793793, 0.9440303444862366, -0.30945688486099243, -0.3504466116428375, -0.25318771600723267, -0.9017111659049988, -0.9295934438705444, 0.2114304006099701, 0.3019162118434906),
            ["RightLowerArm"] = CFrame.new(-1.1920928955078125e-07, 2.384185791015625e-07, -2.514570951461792e-08, 1, -8.940696716308594e-08, 1.0430814256778831e-07, 1.3038514623531228e-07, -0.3598984479904175, -0.932991623878479, 1.1920927533992653e-07, 0.9329915046691895, -0.3598983585834503),
            ["LeftHand"] = CFrame.new(-7.636845111846924e-08, 1.1920928955078125e-07, 2.812594175338745e-07, 0.06960031390190125, 0.4451439380645752, 0.8927502036094666, -0.683994472026825, 0.6727293133735657, -0.28211137652397156, -0.7261593341827393, -0.591001033782959, 0.35129785537719727),
            ["LeftFoot"] = CFrame.new(-6.228219717741013e-08, 2.384185791015625e-07, 5.587935447692871e-09, 0.9887338280677795, -0.13115225732326508, -0.07214298099279404, 0.09216330945491791, 0.9131802320480347, -0.3969990313053131, 0.11794695258140564, 0.38587698340415955, 0.9149793982505798),
