return {
    ["Cheer On"] = {
        {Time = 0.000, Data = {
            ["RightFoot"] = CFrame.new(7.078051567077637e-08, 1.7881393432617188e-07, -3.55576048605144e-08, 0.9887770414352417, 0.1355888992547989, -0.06273484975099564, -0.1488269418478012, 0.8572275042533875, -0.4929618835449219, -0.013062065467238426, 0.49676626920700073, 0.8677862286567688),
            ["LeftLowerArm"] = CFrame.new(5.960464477539062e-07, -2.384185791015625e-07, 1.1920928955078125e-07, 1, -2.60770320892334e-08, 5.2154071283894154e-08, 5.21540641784668e-08, 0.6981334090232849, -0.7159677743911743, 1.4901161193847656e-08, 0.7159677147865295, 0.6981333494186401),
            ["RightUpperArm"] = CFrame.new(0, 5.960464477539062e-07, 3.91155481338501e-08, 0.9096345901489258, -0.382399320602417, 0.16228295862674713, 0.3654393255710602, 0.9223881363868713, 0.1251167356967926, -0.19753240048885345, -0.05450594425201416, 0.9787799715995789),
            ["Head"] = CFrame.new(9.685754776000977e-08, -2.384185791015625e-07, 1.6391277313232422e-07, 0.8582468628883362, 0.07179312407970428, 0.5081911683082581, 0.09589926153421402, 0.9502971172332764, -0.2962074875831604, -0.5041981935501099, 0.30295416712760925, 0.8087045550346375),
            ["RightHand"] = CFrame.new(-7.450580596923828e-09, -7.748603820800781e-07, -4.470348358154297e-08, 0.8814147114753723, 0.31391143798828125, -0.35294175148010254, -0.3109200596809387, 0.9480878710746765, 0.06677041947841644, 0.35557979345321655, 0.050884269177913666, 0.933259904384613),
            ["UpperTorso"] = CFrame.new(-3.3527612686157227e-08, 2.682209014892578e-07, -3.725290298461914e-08, 0.9818035960197449, -0.11823071539402008, 0.1486043632030487, 0.05693842098116875, 0.9298182725906372, 0.3635876774787903, -0.18116240203380585, -0.34851038455963135, 0.9196308255195618),
            ["HumanoidRootPart"] = CFrame.new(0, 0, 0, 1, 0, 0, 0, 1, 0, 0, 0, 1),
            ["RightUpperLeg"] = CFrame.new(1.7881393432617188e-07, 2.5890767574310303e-07, 8.77116690389812e-08, 0.9995886087417603, -0.015401380136609077, 0.02419591322541237, 0.026093456894159317, 0.8385316133499146, -0.5442278385162354, -0.01190740056335926, 0.5446352958679199, 0.838588535785675),
            ["LeftUpperArm"] = CFrame.new(0, -2.384185791015625e-07, 1.1920928955078125e-07, 0.9069136381149292, 0.42102015018463135, -0.01579618640244007, -0.42028433084487915, 0.9014332890510559, -0.10382319241762161, -0.02947244793176651, 0.10079756379127502, 0.9944704174995422),
            ["RightLowerArm"] = CFrame.new(-7.450580596923828e-07, -5.960464477539062e-07, -1.4901161193847656e-07, 1, -7.115887257214126e-08, 2.421439582178664e-08, 8.195640788244418e-08, 0.7527636289596558, -0.6582909226417542, 5.215407838932151e-08, 0.6582909822463989, 0.7527637481689453),
            ["LeftHand"] = CFrame.new(-4.76837158203125e-07, 5.960464477539063e-08, 1.1920928955078125e-07, 0.8592805862426758, 0.008700358681380749, -0.511430561542511, 0.024564474821090698, 0.9979997873306274, 0.05824974924325943, 0.5109143257141113, -0.062615767121315, 0.8573480844497681),
            ["LeftFoot"] = CFrame.new(6.51925802230835e-08, -5.960464477539063e-08, 1.6810372471809387e-07, 0.9761670231819153, -0.10513807833194733, -0.18985295295715332, 0.06511000543832779, 0.9763962626457214, -0.2059398889541626, 0.20702357590198517, 0.18867023289203644, 0.9599712491035461),
            ["LowerTorso"] = CFrame.new(-0.12200376391410828, -0.2398449182510376, 0.14482438564300537, 0.7526649832725525, 0.0211502518504858, -0.6580638885498047, 0.06826820969581604, 0.9915896058082581, 0.10995208472013474, 0.6548547744750977, -0.1276819407939911, 0.7448909878730774),
            ["RightLowerLeg"] = CFrame.new(-1.4156103134155273e-07, -0.00012242794036865234, -0.0000775141452322714, 1, -1.043080928297968e-07, -1.0803343286625022e-07, 1.6391278734317893e-07, 0.5912821292877197, 0.8064643740653992, 2.2351745343485163e-08, -0.8064647316932678, 0.5912826657295227),
            ["LeftUpperLeg"] = CFrame.new(-5.960464477539063e-08, 9.313225746154785e-08, 8.940696716308594e-08, 0.7595714926719666, 0.5533872246742249, 0.3417808711528778, -0.08350551128387451, 0.6040945053100586, -0.7925251126289368, -0.6450411081314087, 0.5734390616416931, 0.5050641298294067),
            ["LeftLowerLeg"] = CFrame.new(3.166496753692627e-08, 0.00012260675430297852, 0.00007751211524009705, 1, 5.1688409996586415e-08, 4.749746196353044e-08, -8.940695295223122e-08, 0.5878973007202148, 0.8089355230331421, 6.332992796842518e-08, -0.8089356422424316, 0.5878974795341492),
        }},
        {Time = 0.033, Data = {
            ["RightFoot"] = CFrame.new(-4.0978193283081055e-08, 2.384185791015625e-07, -5.75528247281909e-09, 0.9887090921401978, 0.13540111482143402, -0.06419361382722855, -0.1493358463048935, 0.8549653887748718, -0.49672195315361023, -0.012373218312859535, 0.5007002949714661, 0.8655324578285217),
            ["LeftLowerArm"] = CFrame.new(4.76837158203125e-07, -2.980232238769531e-07, -1.7881393432617188e-07, 1, -6.705523247774181e-08, 0, 3.725290653733282e-08, 0.7144017815589905, -0.6997357606887817, 7.450581485102248e-09, 0.6997357606887817, 0.7144017219543457),
            ["RightUpperArm"] = CFrame.new(3.5762786865234375e-07, -1.1920928955078125e-07, 2.293381839990616e-08, 0.9072608947753906, -0.3891441524028778, 0.15951339900493622, 0.3714553415775299, 0.9193057417869568, 0.1299920231103897, -0.19722718000411987, -0.0586845800280571, 0.9785999059677124),
            ["Head"] = CFrame.new(7.450580596923828e-08, -2.384185791015625e-07, 5.21540641784668e-08, 0.8568524122238159, 0.06993797421455383, 0.5107961893081665, 0.09595058113336563, 0.9518145322799683, -0.29127755761146545, -0.5065546035766602, 0.2985929250717163, 0.8088539242744446),
            ["RightHand"] = CFrame.new(4.544854164123535e-07, -5.960464477539063e-08, -1.043081283569336e-07, 0.8906286358833313, 0.31320130825042725, -0.32967516779899597, -0.30746692419052124, 0.9489163160324097, 0.07086661458015442, 0.33502963185310364, 0.03824836015701294, 0.9414310455322266),
            ["UpperTorso"] = CFrame.new(-5.21540641784668e-08, -5.960464477539063e-08, 7.450580596923828e-09, 0.9830375909805298, -0.1125747412443161, 0.1447896808385849, 0.055115826427936554, 0.9342950582504272, 0.35221463441848755, -0.1749267578125, -0.3382600247859955, 0.9246518015861511),
            ["HumanoidRootPart"] = CFrame.new(0, 0, 0, 1, 0, 0, 0, 1, 0, 0, 0, 1),
            ["RightUpperLeg"] = CFrame.new(2.384185791015625e-07, -6.086193025112152e-07, 8.77116690389812e-08, 0.9994794130325317, -0.023006077855825424, 0.02261950820684433, 0.031496237963438034, 0.8477277755737305, -0.5294955968856812, -0.006993829272687435, 0.5299323797225952, 0.8480111956596375),
            ["LeftUpperArm"] = CFrame.new(-2.384185791015625e-07, -7.152557373046875e-07, 2.9802322387695312e-08, 0.9076203107833862, 0.41921111941337585, -0.02207586169242859, -0.4191536009311676, 0.9020866751670837, -0.10271312296390533, -0.023144109174609184, 0.10247767716646194, 0.9944660663604736),
            ["RightLowerArm"] = CFrame.new(-5.960464477539062e-07, -1.1920928955078125e-07, 2.086162567138672e-07, 1, -2.1886075174393227e-08, 2.60770320892334e-08, 4.4703494239684005e-08, 0.7514292597770691, -0.6598137021064758, 7.450582373280668e-09, 0.659813642501831, 0.7514293193817139),
            ["LeftHand"] = CFrame.new(0, 0, 1.7881393432617188e-07, 0.8641009330749512, 0.0026682433672249317, -0.5033116340637207, 0.028000162914395332, 0.9981826543807983, 0.05336328223347664, 0.5025392770767212, -0.06020404398441315, 0.8624556660652161),
            ["LeftFoot"] = CFrame.new(-7.450580596923828e-08, -5.960464477539063e-08, -7.275957614183426e-08, 0.9740950465202332, -0.10461974143981934, -0.2004832923412323, 0.06305112689733505, 0.9770409464836121, -0.20350836217403412, 0.21717168390750885, 0.18559595942497253, 0.9583271145820618),
            ["LowerTorso"] = CFrame.new(-0.11855815351009369, -0.23736727237701416, 0.1405404657125473, 0.7573620080947876, 0.017716368660330772, -0.6527549028396606, 0.06224144995212555, 0.9931220412254333, 0.09917020052671432, 0.6500222086906433, -0.11573616415262222, 0.7510501742362976),
            ["RightLowerLeg"] = CFrame.new(-1.4901161193847656e-07, -0.00012218952178955078, -0.00007739493594272062, 1, -1.2665987014770508e-07, -4.8428795196286956e-08, 1.0430815677864302e-07, 0.5915876626968384, 0.806240439414978, -4.097820394122209e-08, -0.8062407374382019, 0.5915880799293518),
            ["LeftUpperLeg"] = CFrame.new(-1.7881393432617188e-07, -4.10713255405426e-07, 5.960464477539063e-08, 0.7584154009819031, 0.54738450050354, 0.35380250215530396, -0.0830206349492073, 0.6195428371429443, -0.7805598378181458, -0.6464623808860779, 0.5626161694526672, 0.5153154730796814),
            ["LeftLowerLeg"] = CFrame.new(7.35744833946228e-08, 0.00012284517288208008, 0.0000771842896938324, 1, 5.308537964765492e-08, 5.867333641162986e-08, -8.009374141693115e-08, 0.5969790816307068, 0.8022568225860596, 5.494803190231323e-08, -0.8022567629814148, 0.596979022026062),
        }},
        {Time = 0.067, Data = {
            ["RightFoot"] = CFrame.new(4.0978193283081055e-08, 2.384185791015625e-07, 1.6952981241047382e-09, 0.988689124584198, 0.13798782229423523, -0.058764610439538956, -0.14873631298542023, 0.851751446723938, -0.5023906826972961, -0.01927100121974945, 0.5054491758346558, 0.8626415729522705),
            ["LeftLowerArm"] = CFrame.new(8.344650268554688e-07, -3.5762786865234375e-07, 5.960464477539063e-08, 1, -8.754430069757291e-08, 3.725289943190546e-08, 5.21540641784668e-08, 0.7281108498573303, -0.6854594945907593, 2.2351741790771484e-08, 0.6854594349861145, 0.7281108498573303),
            ["RightUpperArm"] = CFrame.new(-2.384185791015625e-07, 4.76837158203125e-07, -1.4528632164001465e-07, 0.8984277248382568, -0.41142863035202026, 0.15347397327423096, 0.39373376965522766, 0.9095092415809631, 0.13329190015792847, -0.19442608952522278, -0.0593252032995224, 0.9791216254234314),
            ["Head"] = CFrame.new(2.9802322387695312e-08, -4.76837158203125e-07, -1.8998980522155762e-07, 0.8532778024673462, 0.06488954275846481, 0.5174034833908081, 0.1000509038567543, 0.9534196853637695, -0.2845712900161743, -0.5117683410644531, 0.2945849597454071, 0.8070395588874817),
            ["RightHand"] = CFrame.new(1.1920928955078125e-07, -1.1920928955078125e-07, -9.685754776000977e-08, 0.8979389071464539, 0.336637407541275, -0.2835155129432678, -0.33203738927841187, 0.9409774541854858, 0.06567144393920898, 0.28888916969299316, 0.03516882658004761, 0.9567164778709412),
            ["UpperTorso"] = CFrame.new(-3.725290298461914e-09, 2.9802322387695312e-08, -2.9802322387695312e-08, 0.9849107265472412, -0.10269766300916672, 0.13929855823516846, 0.05079377070069313, 0.9409887194633484, 0.33460474014282227, -0.1654413491487503, -0.3224804401397705, 0.9320062398910522),
            ["HumanoidRootPart"] = CFrame.new(0, 0, 0, 1, 0, 0, 0, 1, 0, 0, 0, 1),
            ["RightUpperLeg"] = CFrame.new(1.1920928955078125e-07, -2.919696271419525e-07, 1.1751399142667651e-07, 0.9992451071739197, -0.0339679941534996, 0.01885608211159706, 0.038830213248729706, 0.8574865460395813, -0.5130391120910645, 0.0012582074850797653, 0.5133839845657349, 0.8581580519676208),
            ["LeftUpperArm"] = CFrame.new(-2.384185791015625e-07, -3.5762786865234375e-07, -1.1920928955078125e-07, 0.9075428247451782, 0.41947996616363525, -0.02006545476615429, -0.4193844199180603, 0.9027646780014038, -0.09556534141302109, -0.021973418071866035, 0.09514475613832474, 0.9952208995819092),
            ["RightLowerArm"] = CFrame.new(-1.7881393432617188e-07, 1.1920928955078125e-07, 5.960464477539063e-08, 1, -9.313229298868464e-08, 2.235175244891252e-08, 6.705524668859653e-08, 0.7442219257354736, -0.6679324507713318, -7.450583261459087e-09, 0.6679325103759766, 0.7442219853401184),
            ["LeftHand"] = CFrame.new(-5.960464477539063e-08, 0, 1.7881393432617188e-07, 0.86017906665802, -0.010046184062957764, -0.5098930597305298, 0.0336892232298851, 0.9987415075302124, 0.03715526685118675, 0.5088781118392944, -0.04913804307579994, 0.859434962272644),
            ["LeftFoot"] = CFrame.new(2.2351741790771484e-08, 1.1920928955078125e-07, -1.150183379650116e-07, 0.9709944128990173, -0.10904455184936523, -0.212788924574852, 0.06480050832033157, 0.9766573905944824, -0.20479577779769897, 0.2301538735628128, 0.1850666105747223, 0.955394983291626),
            ["LowerTorso"] = CFrame.new(-0.11457446217536926, -0.23411691188812256, 0.13343550264835358, 0.7601528167724609, 0.0157159473747015, -0.6495543718338013, 0.055848199874162674, 0.9944272637367249, 0.08941749483346939, 0.6473398804664612, -0.10424739122390747, 0.755038857460022),
            ["RightLowerLeg"] = CFrame.new(-3.725290298461914e-08, -0.00012224912643432617, -0.00007745454058749601, 1, -1.043080928297968e-07, -1.154840560957382e-07, 8.940695295223122e-08, 0.5951644778251648, 0.8036038875579834, -1.1175869474300271e-07, -0.8036038279533386, 0.5951645970344543),
            ["LeftUpperLeg"] = CFrame.new(5.960464477539063e-08, 3.511086106300354e-07, -1.4901161193847656e-08, 0.75302654504776, 0.5434406399726868, 0.37097591161727905, -0.081039197742939, 0.6361073851585388, -0.7673327922821045, -0.6529807448387146, 0.5477588176727295, 0.52304607629776),
            ["LeftLowerLeg"] = CFrame.new(-1.6065314412117004e-08, 0.00012260675430297852, 0.00007773563265800476, 1, 4.368483885741625e-08, 3.4691762351712896e-08, -9.196809003242379e-08, 0.6058245301246643, 0.7955982089042664, 6.146728281919422e-08, -0.7955983281135559, 0.6058245897293091),
        }},
        {Time = 0.100, Data = {
            ["RightFoot"] = CFrame.new(0, 2.384185791015625e-07, -1.3205863069742918e-08, 0.9879190921783447, 0.15021656453609467, -0.03809129446744919, -0.14847403764724731, 0.8470417857170105, -0.5103678703308105, -0.04440060630440712, 0.5098580121994019, 0.8591122031211853),
            ["LeftLowerArm"] = CFrame.new(0.0000013709068298339844, -8.344650268554688e-07, 5.960464477539063e-08, 1, -6.146726860833951e-08, 0, 9.313225746154785e-08, 0.727666437625885, -0.6859312057495117, 0, 0.6859312653541565, 0.7276664972305298),
            ["RightUpperArm"] = CFrame.new(-5.960464477539063e-08, -5.960464477539062e-07, 9.685754776000977e-08, 0.8741609454154968, -0.4637472629547119, 0.14415648579597473, 0.44723451137542725, 0.8844419121742249, 0.13320587575435638, -0.18927183747291565, -0.05197165161371231, 0.9805484414100647),
            ["Head"] = CFrame.new(-7.450580596923828e-09, -9.5367431640625e-07, 5.21540641784668e-08, 0.8440720438957214, 0.0539400652050972, 0.5335100293159485, 0.11455566436052322, 0.9538205862045288, -0.2776747941970825, -0.523850679397583, 0.29549407958984375, 0.7989141345024109),
            ["RightHand"] = CFrame.new(1.862645149230957e-07, -1.1920928955078125e-07, 1.6763806343078613e-08, 0.894212543964386, 0.38782888650894165, -0.22354619204998016, -0.38693952560424805, 0.9207685589790344, 0.04962972179055214, 0.22508205473423004, 0.04211931303143501, 0.9734290838241577),
            ["UpperTorso"] = CFrame.new(-3.725290298461914e-08, -2.9802322387695312e-08, 1.4901161193847656e-08, 0.9871146082878113, -0.08883187919855118, 0.13309235870838165, 0.043333765119314194, 0.9490742683410645, 0.3120582103729248, -0.15403519570827484, -0.3022698760032654, 0.9406945109367371),
            ["HumanoidRootPart"] = CFrame.new(0, 0, 0, 1, 0, 0, 0, 1, 0, 0, 0, 1),
            ["RightUpperLeg"] = CFrame.new(1.1920928955078125e-07, -5.168840289115906e-07, 5.790934665128589e-08, 0.998491108417511, -0.05316539108753204, 0.013749169185757637, 0.05290472134947777, 0.8641939759254456, -0.500369668006897, 0.014719994738698006, 0.5003421902656555, 0.8657028079032898),
            ["LeftUpperArm"] = CFrame.new(-2.384185791015625e-07, -0.0000013113021850585938, 1.4901161193847656e-07, 0.9068905115127563, 0.4210803806781769, -0.015520574524998665, -0.4211105406284332, 0.9044421315193176, -0.06819425523281097, -0.014677835628390312, 0.06838066875934601, 0.9975513219833374),
            ["RightLowerArm"] = CFrame.new(-5.960464477539062e-07, -7.152557373046875e-07, 4.470348358154297e-07, 1, -9.313227877782992e-08, 2.2351747119842003e-08, 5.215408194203519e-08, 0.712598443031311, -0.7015721797943115, 5.96046660916727e-08, 0.7015722393989563, 0.712598443031311),
            ["LeftHand"] = CFrame.new(-3.5762786865234375e-07, 0, -1.1920928955078125e-07, 0.8686918020248413, -0.02176687866449356, -0.49487462639808655, 0.035102006047964096, 0.9992275834083557, 0.0176666472107172, 0.4941078722476959, -0.03271795064210892, 0.8687847852706909),
            ["LeftFoot"] = CFrame.new(-5.029141902923584e-08, -5.960464477539063e-08, 8.754432201385498e-08, 0.9688064455986023, -0.11599766463041306, -0.218994602560997, 0.06916237622499466, 0.9751342535018921, -0.21054646372795105, 0.23797205090522766, 0.1888325810432434, 0.9527390003204346),
            ["LowerTorso"] = CFrame.new(-0.11317436397075653, -0.2300928831100464, 0.1225452721118927, 0.7550464868545532, 0.017840787768363953, -0.6554285287857056, 0.046731460839509964, 0.9956233501434326, 0.080935038626194, 0.6540037989616394, -0.09173884987831116, 0.7509081363677979),
            ["RightLowerLeg"] = CFrame.new(-7.450580596923828e-09, -0.00012242794036865234, -0.00007738003478152677, 1, -1.1920927533992653e-07, -1.0058289490189054e-07, 1.564622067462551e-07, 0.5996284484863281, 0.8002786040306091, 3.725290742551124e-09, -0.8002785444259644, 0.5996285080909729),
            ["LeftUpperLeg"] = CFrame.new(-1.1920928955078125e-07, -1.8347054719924927e-07, -4.470348358154297e-08, 0.742016077041626, 0.5401445627212524, 0.39705953001976013, -0.07706131786108017, 0.6570869088172913, -0.7498654723167419, -0.665938138961792, 0.525814414024353, 0.5291932821273804),
            ["LeftLowerLeg"] = CFrame.new(-4.0046870708465576e-08, 0.0001227259635925293, 0.00007739663124084473, 1, 5.483163079134101e-08, 3.119931335504589e-08, -5.355105514581737e-08, 0.6135309338569641, 0.7896706461906433, 4.190951941041021e-08, -0.7896707653999329, 0.6135310530662537),
        }},
        {Time = 0.133, Data = {
            ["RightFoot"] = CFrame.new(1.862645149230957e-08, 2.384185791015625e-07, -2.8107024263590574e-08, 0.985093355178833, 0.17198015749454498, 0.003746778704226017, -0.14589621126651764, 0.8468319773674011, -0.5114580392837524, -0.09113398939371109, 0.503287672996521, 0.8593000769615173),
            ["LeftLowerArm"] = CFrame.new(0, 5.960464477539063e-08, -1.7881393432617188e-07, 1, -6.705522537231445e-08, 2.2351747119842003e-08, 5.02914261346632e-08, 0.7291691899299622, -0.6843335032463074, 8.195639367158947e-08, 0.6843334436416626, 0.7291692495346069),
            ["RightUpperArm"] = CFrame.new(-5.960464477539063e-08, 2.384185791015625e-07, 7.450580596923828e-08, 0.8224411010742188, -0.5502657294273376, 0.1442163586616516, 0.5373040437698364, 0.8347052335739136, 0.1207134947180748, -0.18680258095264435, -0.021791666746139526, 0.9821557402610779),
            ["Head"] = CFrame.new(0, 0, -7.450580596923828e-09, 0.8250142335891724, 0.03638214245438576, 0.5639396905899048, 0.13992783427238464, 0.9536979794502258, -0.2662341594696045, -0.5475141406059265, 0.29855769872665405, 0.7817234396934509),
            ["RightHand"] = CFrame.new(5.364418029785156e-07, -1.7881393432617188e-07, -7.82310962677002e-08, 0.8848541378974915, 0.4280163645744324, -0.18394359946250916, -0.4292851388454437, 0.9024929404258728, 0.03494026139378548, 0.18096286058425903, 0.048047229647636414, 0.9823155999183655),
            ["UpperTorso"] = CFrame.new(-1.1175870895385742e-08, -1.7881393432617188e-07, -1.862645149230957e-08, 0.9894620180130005, -0.0726000964641571, 0.12527702748775482, 0.03377772867679596, 0.9570770859718323, 0.2878585755825043, -0.14079827070236206, -0.2805935740470886, 0.9494436383247375),
            ["HumanoidRootPart"] = CFrame.new(0, 0, 0, 1, 0, 0, 0, 1, 0, 0, 0, 1),
            ["RightUpperLeg"] = CFrame.new(-2.9802322387695312e-08, -3.003515303134918e-07, -1.6952981241047382e-09, 0.9964696764945984, -0.0827188789844513, 0.01434252317994833, 0.07884328812360764, 0.8633730411529541, -0.49836787581443787, 0.0288420207798481, 0.49773937463760376, 0.8668469786643982),
            ["LeftUpperArm"] = CFrame.new(0, -5.960464477539062e-07, -1.1920928955078125e-07, 0.9078896045684814, 0.41909080743789673, -0.009970075450837612, -0.4192051291465759, 0.9077308773994446, -0.017084699124097824, 0.0018900781869888306, 0.019690563902258873, 0.9998043775558472),
            ["RightLowerArm"] = CFrame.new(-6.854534149169922e-07, 2.384185791015625e-07, 4.76837158203125e-07, 1, -7.4505820180093e-08, 4.470350489782504e-08, 7.4505820180093e-08, 0.6443385481834412, -0.7647404670715332, 8.195640788244418e-08, 0.7647404074668884, 0.6443384885787964),
            ["LeftHand"] = CFrame.new(1.1920928955078125e-07, -4.172325134277344e-07, -2.384185791015625e-07, 0.9112400412559509, -0.010870971716940403, -0.41173234581947327, 0.01804330013692379, 0.9997455477714539, 0.013536900281906128, 0.41148054599761963, -0.019764361903071404, 0.9112043380737305),
            ["LeftFoot"] = CFrame.new(3.312743501737714e-08, -5.960464477539063e-08, 7.078051567077637e-08, 0.9705889821052551, -0.12007486075162888, -0.2086600363254547, 0.07328847050666809, 0.9729693531990051, -0.21899700164794922, 0.22931605577468872, 0.19726358354091644, 0.9531534314155579),
            ["LowerTorso"] = CFrame.new(-0.11809229850769043, -0.2239137887954712, 0.10696466267108917, 0.7347367405891418, 0.02670125663280487, -0.6778267025947571, 0.031993597745895386, 0.9967491626739502, 0.07394416630268097, 0.6775975227355957, -0.07601561397314072, 0.7314938902854919),
            ["RightLowerLeg"] = CFrame.new(-6.705522537231445e-08, -0.00012242794036865234, -0.00007745454058749601, 1, -1.7881389169360773e-07, -3.7252920748187535e-09, 1.49011640360186e-07, 0.6031986474990845, 0.797590970993042, -3.3527619791584584e-08, -0.7975910305976868, 0.6031987071037292),
            ["LeftUpperLeg"] = CFrame.new(5.960464477539063e-08, -1.2759119272232056e-07, -8.940696716308594e-08, 0.7277676463127136, 0.531902015209198, 0.43293657898902893, -0.0731295719742775, 0.6878520846366882, -0.7221575379371643, -0.6819137334823608, 0.4939025640487671, 0.5394946336746216),
            ["LeftLowerLeg"] = CFrame.new(-8.734787115827203e-08, 0.0001227259635925293, 0.0000774487853050232, 1, 9.447650484162295e-08, 2.5625919164440347e-08, -6.111077510695395e-08, 0.6230617165565491, 0.7821725010871887, 2.9496735720613287e-08, -0.7821727395057678, 0.6230618953704834),
        }},
        {Time = 0.167, Data = {
            ["RightFoot"] = CFrame.new(1.862645149230957e-09, 4.172325134277344e-07, 1.6952981241047382e-09, 0.9787511229515076, 0.19516690075397491, 0.06289858371019363, -0.13849830627441406, 0.8554096817970276, -0.4990915060043335, -0.1512102633714676, 0.479775071144104, 0.8642634749412537),
            ["LeftLowerArm"] = CFrame.new(8.940696716308594e-07, -4.172325134277344e-07, -2.980232238769531e-07, 1, -4.9360089349193004e-08, 7.450580596923828e-08, -1.303851426825986e-08, 0.762295663356781, -0.6472288370132446, 1.1920927533992653e-07, 0.6472288966178894, 0.7622957825660706),
            ["RightUpperArm"] = CFrame.new(1.1920928955078125e-07, -3.5762786865234375e-07, 1.043081283569336e-07, 0.7394375801086426, -0.6510809659957886, 0.17124800384044647, 0.6484313011169434, 0.7571755051612854, 0.07888013869524002, -0.18102215230464935, 0.05271555483341217, 0.9820652604103088),
            ["Head"] = CFrame.new(5.960464477539063e-08, -7.152557373046875e-07, -1.1920928955078125e-07, 0.7954094409942627, 0.015720723196864128, 0.6058686375617981, 0.16720594465732574, 0.9551754593849182, -0.24429915845394135, -0.5825512409210205, 0.29562270641326904, 0.7571269273757935),
            ["RightHand"] = CFrame.new(1.564621925354004e-07, -1.1920928955078125e-07, 1.341104507446289e-07, 0.889942467212677, 0.41918522119522095, -0.17968381941318512, -0.4216315448284149, 0.9063873291015625, 0.026248108595609665, 0.17386603355407715, 0.05240096524357796, 0.9833741784095764),
            ["UpperTorso"] = CFrame.new(-3.259629011154175e-08, 1.4901161193847656e-07, -3.725290298461914e-09, 0.9919612407684326, -0.05661585181951523, 0.11317067593336105, 0.02497183345258236, 0.9643252491950989, 0.2635398805141449, -0.12405388057231903, -0.25859522819519043, 0.9579870700836182),
            ["HumanoidRootPart"] = CFrame.new(0, 0, 0, 1, 0, 0, 0, 1, 0, 0, 0, 1),
            ["RightUpperLeg"] = CFrame.new(1.1920928955078125e-07, -2.4400651454925537e-07, -3.149762051180005e-08, 0.9927817583084106, -0.1157645434141159, 0.03135458752512932, 0.11548727750778198, 0.8521760702133179, -0.510351836681366, 0.03236118704080582, 0.5102887749671936, 0.8593939542770386),
            ["LeftUpperArm"] = CFrame.new(-1.1920928955078125e-07, -5.960464477539062e-07, -2.9802322387695312e-08, 0.9114694595336914, 0.4113155007362366, 0.00656722579151392, -0.4111732840538025, 0.9104310870170593, 0.04529590532183647, 0.012651970610022545, -0.04398607090115547, 0.9989520311355591),
            ["RightLowerArm"] = CFrame.new(-1.7881393432617188e-07, 3.5762786865234375e-07, 0, 1, -7.823108916227284e-08, 5.960465898624534e-08, 8.940698847936801e-08, 0.5469995737075806, -0.8371328711509705, 5.960465898624534e-08, 0.8371329307556152, 0.5469995737075806),
            ["LeftHand"] = CFrame.new(-5.364418029785156e-07, 5.960464477539063e-08, 1.7881393432617188e-07, 0.949975848197937, 0.019081663340330124, -0.3117400109767914, -0.015675120055675507, 0.999786913394928, 0.013429914601147175, 0.31192994117736816, -0.00787147507071495, 0.9500725865364075),
            ["LeftFoot"] = CFrame.new(-6.146728992462158e-08, 5.960464477539063e-08, -1.3969838619232178e-09, 0.9763917922973633, -0.12330546975135803, -0.1773555427789688, 0.08099361509084702, 0.9701459407806396, -0.22859777510166168, 0.20024770498275757, 0.20883625745773315, 0.9572293758392334),
            ["LowerTorso"] = CFrame.new(-0.12945707142353058, -0.21473681926727295, 0.08637300133705139, 0.6937258839607239, 0.04219246655702591, -0.7190022468566895, 0.011858534999191761, 0.9974782466888428, 0.06997564435005188, 0.7201415300369263, -0.057070232927799225, 0.6914761662483215),
            ["RightLowerLeg"] = CFrame.new(2.9802322387695312e-08, -0.00012236833572387695, -0.00007738003478152677, 1, -1.266598843585598e-07, -7.450580596923828e-08, 8.940696716308594e-08, 0.6065471768379211, 0.7950469851493835, -1.4156103134155273e-07, -0.7950475811958313, 0.6065479516983032),
            ["LeftUpperLeg"] = CFrame.new(-1.7881393432617188e-07, 1.387670636177063e-07, 7.450580596923828e-09, 0.7110509872436523, 0.5157395601272583, 0.4779328405857086, -0.07124577462673187, 0.729058027267456, -0.6807335019111633, -0.6995217204093933, 0.4499856233596802, 0.5551416277885437),
            ["LeftLowerLeg"] = CFrame.new(-4.0978193283081055e-08, 0.0001227855682373047, 0.00007748976349830627, 1, 5.1222748709278676e-08, 3.4458935260772705e-08, -6.891787762697277e-08, 0.6379830241203308, 0.7700501680374146, -1.862645371275562e-09, -0.7700504660606384, 0.6379833817481995),
        }},
        {Time = 0.200, Data = {
            ["RightFoot"] = CFrame.new(-2.60770320892334e-08, 2.384185791015625e-07, -9.516224963590503e-08, 0.9659574627876282, 0.22221924364566803, 0.13245819509029388, -0.13360081613063812, 0.8669509291648865, -0.48015260696411133, -0.22153380513191223, 0.44611066579818726, 0.86712646484375),
            ["LeftLowerArm"] = CFrame.new(-2.384185791015625e-07, -4.76837158203125e-07, -5.960464477539063e-08, 1, -7.450579175838357e-08, 7.4505797087454084e-09, 5.5879341154252415e-09, 0.826705813407898, -0.5626344680786133, 1.4901157641133977e-08, 0.5626344680786133, 0.826705813407898),
            ["RightUpperArm"] = CFrame.new(-1.7881393432617188e-07, 7.152557373046875e-07, 2.9802322387695312e-08, 0.6408988833427429, -0.7336658835411072, 0.22579389810562134, 0.7537057399749756, 0.6572005152702332, -0.003913254011422396, -0.14552083611488342, 0.17269015312194824, 0.9741672873497009),
            ["Head"] = CFrame.new(9.080395102500916e-08, -4.76837158203125e-07, -1.043081283569336e-07, 0.7626979947090149, -0.0026916435454040766, 0.6467493176460266, 0.18589232861995697, 0.9587077498435974, -0.21522898972034454, -0.619464099407196, 0.28438034653663635, 0.7317047715187073),
            ["RightHand"] = CFrame.new(7.003545761108398e-07, -3.5762786865234375e-07, -2.9802322387695312e-08, 0.9118593335151672, 0.3609432876110077, -0.1955316662788391, -0.3645709753036499, 0.9309937357902527, 0.018404079601168633, 0.18868157267570496, 0.054503075778484344, 0.9805247783660889),
            ["UpperTorso"] = CFrame.new(-3.3527612686157227e-08, 2.9802322387695312e-08, 3.3527612686157227e-08, 0.9944164752960205, -0.04281070455908775, 0.09645374864339828, 0.01869336888194084, 0.9710214734077454, 0.238260418176651, -0.10385867953300476, -0.2351270318031311, 0.9663999080657959),
            ["HumanoidRootPart"] = CFrame.new(0, 0, 0, 1, 0, 0, 0, 1, 0, 0, 0, 1),
            ["RightUpperLeg"] = CFrame.new(1.1920928955078125e-07, 1.9371509552001953e-07, 2.8107024263590574e-08, 0.9875494837760925, -0.14417216181755066, 0.06293226033449173, 0.1553185135126114, 0.8301942944526672, -0.5354005098342896, 0.024943877011537552, 0.5385088920593262, 0.8422504663467407),
            ["LeftUpperArm"] = CFrame.new(-1.1920928955078125e-07, 0, -1.4901161193847656e-07, 0.914624035358429, 0.4036749005317688, 0.02257116697728634, -0.4035642445087433, 0.9081449508666992, 0.11139446496963501, 0.02446921356022358, -0.11099293828010559, 0.9935199618339539),
            ["RightLowerArm"] = CFrame.new(-0.0000010728836059570312, 0, 1.1920928955078125e-07, 1, -6.705522537231445e-08, 7.4505820180093e-08, 5.2154071283894154e-08, 0.4397398829460144, -0.8981252312660217, 7.450581307466564e-08, 0.8981252312660217, 0.4397398829460144),
            ["LeftHand"] = CFrame.new(2.384185791015625e-07, 3.5762786865234375e-07, -8.195638656616211e-08, 0.9500011801719666, 0.020651759579777718, -0.3115626275539398, -0.019491320475935936, 0.9997866749763489, 0.006838238798081875, 0.3116374611854553, -0.00042350596049800515, 0.9502010941505432),
            ["LeftFoot"] = CFrame.new(-2.60770320892334e-08, 5.960464477539063e-08, 1.2293457984924316e-07, 0.9823384881019592, -0.13342569768428802, -0.13118216395378113, 0.09897981584072113, 0.9655083417892456, -0.24082519114017487, 0.15878961980342865, 0.2235872894525528, 0.9616624116897583),
            ["LowerTorso"] = CFrame.new(-0.14446906745433807, -0.20436465740203857, 0.061132028698921204, 0.6309791803359985, 0.06169237568974495, -0.773343026638031, -0.009339634329080582, 0.9973651170730591, 0.07194310426712036, 0.7757436037063599, -0.03817186877131462, 0.6298927068710327),
            ["RightLowerLeg"] = CFrame.new(0, -0.00012242794036865234, -0.00007742473826510832, 1, -1.639127589214695e-07, -7.823111758398227e-08, 1.341104365337742e-07, 0.6110883951187134, 0.7915623784065247, -8.195637946073475e-08, -0.7915624380111694, 0.6110883951187134),
            ["LeftUpperLeg"] = CFrame.new(-1.1920928955078125e-07, 3.902241587638855e-07, 7.450580596923828e-08, 0.6881589293479919, 0.4953259825706482, 0.5301790237426758, -0.07042840868234634, 0.772867739200592, -0.6306464672088623, -0.7221337556838989, 0.3966453969478607, 0.5667409896850586),
            ["LeftLowerLeg"] = CFrame.new(8.940696716308594e-08, 0.0001227855682373047, 0.00007728487253189087, 1, 7.264316082000732e-08, 3.539026494081554e-08, -4.4703490686970326e-08, 0.6544866561889648, 0.7560735940933228, 2.2351745343485163e-08, -0.7560735940933228, 0.6544867753982544),
        }},
        {Time = 0.233, Data = {
            ["RightFoot"] = CFrame.new(7.450580596923828e-08, 4.172325134277344e-07, 8.365168469026685e-08, 0.9410949349403381, 0.2648267447948456, 0.21025516092777252, -0.14235879480838776, 0.8743033409118652, -0.4640333652496338, -0.30671536922454834, 0.40676844120025635, 0.8605032563209534),
            ["LeftLowerArm"] = CFrame.new(7.748603820800781e-07, -5.364418029785156e-07, -1.1920928955078125e-07, 1, -3.725290298461914e-08, -2.0489094865183688e-08, 2.607702853651972e-08, 0.8895236253738403, -0.4568893015384674, -4.470347647611561e-08, 0.45688939094543457, 0.8895235657691956),
            ["RightUpperArm"] = CFrame.new(-1.1920928955078125e-07, -2.384185791015625e-07, -5.960464477539063e-08, 0.5504851341247559, -0.7825819253921509, 0.29074349999427795, 0.8325481414794922, 0.5404198169708252, -0.12169687449932098, -0.061885908246040344, 0.3090503513813019, 0.9490300416946411),
            ["Head"] = CFrame.new(1.043081283569336e-07, -5.960464477539062e-07, -1.9371509552001953e-07, 0.7406516075134277, -0.015472952276468277, 0.6717110872268677, 0.19347794353961945, 0.9622997641563416, -0.1911686360836029, -0.6434294581413269, 0.27155062556266785, 0.7157225608825684),
            ["RightHand"] = CFrame.new(3.129243850708008e-07, 0, 1.4901161193847656e-07, 0.9290534853935242, 0.2951289713382721, -0.22306649386882782, -0.30014005303382874, 0.9538209438323975, 0.011897641234099865, 0.21627682447433472, 0.05589769780635834, 0.9747306704521179),
            ["UpperTorso"] = CFrame.new(-2.60770320892334e-08, -2.980232238769531e-07, -1.862645149230957e-09, 0.9963876605033875, -0.031534139066934586, 0.07885024696588516, 0.014176974073052406, 0.9772374629974365, 0.2116742581129074, -0.08373035490512848, -0.20979180932044983, 0.9741544127464294),
            ["HumanoidRootPart"] = CFrame.new(0, 0, 0, 1, 0, 0, 0, 1, 0, 0, 0, 1),
            ["RightUpperLeg"] = CFrame.new(0, -6.686896085739136e-07, 4.300818545743823e-08, 0.9815446734428406, -0.1678561121225357, 0.09162165224552155, 0.18983244895935059, 0.7973637580871582, -0.5728650093078613, 0.023103410378098488, 0.579685628414154, 0.8145129084587097),
            ["LeftUpperArm"] = CFrame.new(5.960464477539063e-08, -9.5367431640625e-07, -1.7881393432617188e-07, 0.91391521692276, 0.40567249059677124, 0.013737156987190247, -0.4010095000267029, 0.8971351385116577, 0.18531039357185364, 0.06285127997398376, -0.17486678063869476, 0.9825840592384338),
            ["RightLowerArm"] = CFrame.new(1.1920928955078125e-07, 5.364418029785156e-07, -1.7881393432617188e-07, 1, -5.960464477539063e-08, 7.450581307466564e-08, 1.6391281576488836e-07, 0.3406071066856384, -0.9402058124542236, 8.195640788244418e-08, 0.9402058124542236, 0.34060707688331604),
            ["LeftHand"] = CFrame.new(-5.960464477539063e-08, -4.172325134277344e-07, -7.450580596923828e-08, 0.908692479133606, -0.05111173167824745, -0.4143255650997162, 0.050296977162361145, 0.9986512660980225, -0.012884464114904404, 0.414425253868103, -0.009131298400461674, 0.9100375175476074),
            ["LeftFoot"] = CFrame.new(8.195638656616211e-08, -5.960464477539063e-08, -1.862645149230957e-08, 0.9847245812416077, -0.1502828598022461, -0.08793558180332184, 0.1230391263961792, 0.9579300880432129, -0.25929024815559387, 0.12320280820131302, 0.2445099800825119, 0.9617879390716553),
            ["LowerTorso"] = CFrame.new(-0.16177958250045776, -0.19708764553070068, 0.03209972381591797, 0.5529857873916626, 0.08277678489685059, -0.8290686011314392, -0.02623187005519867, 0.9962891340255737, 0.08197600394487381, 0.8327776789665222, -0.0235835500061512, 0.5531050562858582),
            ["RightLowerLeg"] = CFrame.new(5.960464477539063e-08, -0.00012218952178955078, -0.00007736513362033293, 1, -6.705518273975031e-08, -1.378358120973644e-07, 1.9371505288745539e-07, 0.6150749921798706, 0.7884684801101685, 5.215404996761208e-08, -0.788468599319458, 0.6150752902030945),
            ["LeftUpperLeg"] = CFrame.new(5.960464477539063e-08, -5.19677996635437e-07, 0, 0.6564751267433167, 0.4784356951713562, 0.5832154154777527, -0.06797274947166443, 0.8075106143951416, -0.5859231352806091, -0.7512790560722351, 0.34500136971473694, 0.5626312494277954),
            ["LeftLowerLeg"] = CFrame.new(6.705522537231445e-08, 0.00012302398681640625, 0.00007734447717666626, 1, 6.519255890680142e-08, 3.725289943190546e-08, -7.078051567077637e-08, 0.6605097651481628, 0.750817596912384, 2.2351741790771484e-08, -0.7508174777030945, 0.6605095267295837),
        }},
        {Time = 0.267, Data = {
            ["RightFoot"] = CFrame.new(-2.2351741790771484e-08, 2.980232238769531e-07, -4.1145540308207273e-08, 0.901394248008728, 0.313740998506546, 0.2984209954738617, -0.15699289739131927, 0.8791048526763916, -0.4500304162502289, -0.40353649854660034, 0.3588053286075592, 0.8416754603385925),
            ["LeftLowerArm"] = CFrame.new(4.172325134277344e-07, 0, 5.364418029785156e-07, 1, 2.9802322387695312e-08, 1.4901159417490817e-08, 5.960463056453591e-08, 0.9319007992744446, -0.362713485956192, 1.4901157641133977e-08, 0.362713485956192, 0.931900680065155),
            ["RightUpperArm"] = CFrame.new(1.1920928955078125e-07, 3.5762786865234375e-07, 0, 0.4772002398967743, -0.8069057464599609, 0.34811365604400635, 0.8766366243362427, 0.40934431552886963, -0.2528741955757141, 0.06154731661081314, 0.4258408546447754, 0.9027023911476135),
            ["Head"] = CFrame.new(-7.450580596923828e-09, -0.0000011920928955078125, -4.470348358154297e-08, 0.7384734153747559, -0.02454293891787529, 0.6738358736038208, 0.19351188838481903, 0.9650131464004517, -0.17692607641220093, -0.645918071269989, 0.26105040311813354, 0.7173858880996704),
            ["RightHand"] = CFrame.new(4.3213367462158203e-07, -2.980232238769531e-07, -2.9802322387695312e-08, 0.9323520660400391, 0.25573986768722534, -0.2555713951587677, -0.26359203457832336, 0.9646273851394653, 0.0036513288505375385, 0.24746492505073547, 0.0639621838927269, 0.9667834043502808),
            ["UpperTorso"] = CFrame.new(-5.3551048040390015e-08, -2.682209014892578e-07, 7.194466888904572e-08, 0.997687041759491, -0.022680504247546196, 0.06407954543828964, 0.010415193624794483, 0.9825677871704102, 0.18561317026615143, -0.06717225164175034, -0.18451645970344543, 0.9805312752723694),
            ["HumanoidRootPart"] = CFrame.new(0, 0, 0, 1, 0, 0, 0, 1, 0, 0, 0, 1),
            ["RightUpperLeg"] = CFrame.new(1.7881393432617188e-07, -2.6496127247810364e-07, 8.026108844205737e-08, 0.9762272834777832, -0.19207130372524261, 0.10044386982917786, 0.21229001879692078, 0.7537624835968018, -0.62191241979599, 0.04374081641435623, 0.6284510493278503, 0.7766183018684387),
            ["LeftUpperArm"] = CFrame.new(-1.1920928955078125e-07, -1.1920928955078125e-07, -8.940696716308594e-08, 0.9069942235946655, 0.42112404108047485, -0.004024113062769175, -0.4054630398750305, 0.8757677674293518, 0.26197466254234314, 0.11384796351194382, -0.23597782850265503, 0.9650664329528809),
            ["RightLowerArm"] = CFrame.new(-0.0000012814998626708984, -5.960464477539062e-07, 2.7008354663848877e-07, 1, -7.450580596923828e-08, 7.4505820180093e-08, 4.4703497792397684e-08, 0.25618278980255127, -0.9666284322738647, 6.356278703378848e-08, 0.9666284322738647, 0.2561829090118408),
            ["LeftHand"] = CFrame.new(-2.384185791015625e-07, 0, 0, 0.8569061756134033, -0.15923233330249786, -0.4902622103691101, 0.1583930104970932, 0.9864161014556885, -0.04353053495287895, 0.4905339181423187, -0.04035245254635811, 0.8704872131347656),
            ["LeftFoot"] = CFrame.new(1.4901161193847656e-08, -5.960464477539063e-08, 6.705522537231445e-08, 0.9838654398918152, -0.1650441586971283, -0.06905923783779144, 0.13869738578796387, 0.947439968585968, -0.2883070111274719, 0.11301271617412567, 0.2740767002105713, 0.9550445079803467),
            ["LowerTorso"] = CFrame.new(-0.1808561384677887, -0.19860374927520752, 0.00018358230590820312, 0.47339537739753723, 0.1032896339893341, -0.8747732639312744, -0.03581447899341583, 0.9945369362831116, 0.0980493500828743, 0.8801217675209045, -0.015086561441421509, 0.4745084345340729),
