return {
    ["Cheers"] = {
        {Time = 0.000, Data = {
            ["LeftFoot"] = CFrame.new(1.862645149230957e-08, 0, -4.190951585769653e-08, 0.9872154593467712, -0.15420885384082794, -0.04031318053603172, 0.15334470570087433, 0.9878876805305481, -0.023735517635941505, 0.04348524659872055, 0.017250463366508484, 0.9989052414894104),
            ["LeftLowerArm"] = CFrame.new(-0.0005052089691162109, -0.00010025501251220703, -2.086162567138672e-07, 1, -3.1385570764541626e-07, -2.1979212760925293e-07, -6.705523247774181e-08, 0.4368584454059601, -0.899530291557312, 3.83704957584996e-07, 0.899530291557312, 0.4368583858013153),
            ["LowerTorso"] = CFrame.new(-0.055738143622875214, -0.10132932662963867, 0.024139665067195892, 0.9684208631515503, 0.015991313382983208, -0.24880783259868622, 0.00011415955668780953, 0.9979124069213867, 0.06458190828561783, 0.24932117760181427, -0.06257086992263794, 0.9663973450660706),
            ["Head"] = CFrame.new(-5.122274160385132e-09, 2.384185791015625e-07, -1.862645149230957e-09, 0.9457048177719116, 0.03226650506258011, 0.3234212398529053, 0.005061288829892874, 0.9934776425361633, -0.11391499638557434, -0.32498738169670105, 0.10936690121889114, 0.9393733143806458),
            ["RightUpperArm"] = CFrame.new(-0.03021240234375, -0.06663322448730469, 2.9802322387695312e-08, 0.918699324131012, -0.39365336298942566, -0.03199636563658714, 0.3850597143173218, 0.9107576012611389, -0.14917919039726257, 0.08786745369434357, 0.12473060935735703, 0.988292396068573),
            ["UpperTorso"] = CFrame.new(1.1641532182693481e-10, -5.960464477539063e-08, -7.043126970529556e-09, 0.9982306361198425, 0.0023565387818962336, -0.05941368266940117, -0.0019830770324915648, 0.9999779462814331, 0.006343968212604523, 0.05942731723189354, -0.006214912515133619, 0.9982132911682129),
            ["HumanoidRootPart"] = CFrame.new(0, 0, 0, 1, 0, 0, 0, 1, 0, 0, 0, 1),
            ["RightHand"] = CFrame.new(3.725290298461914e-09, 0, 1.1920928955078125e-07, 0.9720693230628967, -0.11746911704540253, 0.2031804919242859, 0.1997140794992447, 0.868736207485199, -0.4532237648963928, -0.12327033281326294, 0.48114290833473206, 0.8679320812225342),
            ["LeftUpperArm"] = CFrame.new(0.030212342739105225, -0.06663322448730469, 4.470348358154297e-08, 0.7615436315536499, 0.341720849275589, 0.550696849822998, -0.11536803096532822, 0.9076093435287476, -0.4036561846733093, -0.6377629637718201, 0.24386949837207794, 0.730612576007843),
            ["RightLowerArm"] = CFrame.new(0.000006198883056640625, -3.5762786865234375e-07, -1.043081283569336e-07, 1, 1.0430811414607888e-07, 3.576278118089249e-07, 1.825392246246338e-07, 0.5158542990684509, -0.8566762804985046, -2.60770320892334e-07, 0.8566763401031494, 0.5158542990684509),
            ["LeftHand"] = CFrame.new(1.1920928955078125e-07, 0.00009989738464355469, -8.940696716308594e-08, 0.9521291255950928, 0.30396100878715515, -0.03252386301755905, -0.28570523858070374, 0.846971869468689, -0.448342889547348, -0.10873191803693771, 0.4361725449562073, 0.8932698369026184),
            ["RightUpperLeg"] = CFrame.new(0, -2.8405338525772095e-08, 1.3205863069742918e-08, 0.9210110902786255, -0.23968230187892914, -0.3070688247680664, 0.21087972819805145, 0.9695771932601929, -0.12429777532815933, 0.3275185823440552, 0.049724776297807693, 0.9435352087020874),
            ["LeftUpperLeg"] = CFrame.new(-1.7881393432617188e-07, -7.916241884231567e-08, -7.450580596923828e-09, 0.9822790622711182, 0.1870351880788803, 0.012072281911969185, -0.15043076872825623, 0.8251814842224121, -0.5444687604904175, -0.11179666966199875, 0.5330042243003845, 0.8386942744255066),
            ["RightLowerLeg"] = CFrame.new(-1.6391277313232422e-07, -0.0000033974647521972656, -0.000013305041647981852, 1, 1.1175872671742582e-08, -5.215408194203519e-08, 7.450580596923828e-08, 0.8597530722618103, 0.5107097625732422, 7.450580596923828e-09, -0.5107100605964661, 0.8597531914710999),
            ["RightFoot"] = CFrame.new(9.685754776000977e-08, 2.980232238769531e-07, -5.790934665128589e-08, 0.9744399189949036, 0.2212391197681427, -0.038990411907434464, -0.21878279745578766, 0.8951888680458069, -0.3882918059825897, -0.05100119858980179, 0.38689813017845154, 0.92071133852005),
            ["LeftLowerLeg"] = CFrame.new(1.4901161193847656e-08, 0.000003933906555175781, 0.000013202428817749023, 1, 1.383014449629627e-07, 5.4016734196693506e-08, -1.229346082709526e-07, 0.8439053893089294, 0.5364922285079956, 0, -0.536492109298706, 0.8439052700996399),
        }},
        {Time = 0.033, Data = {
            ["LeftFoot"] = CFrame.new(-3.725290298461914e-09, -1.1920928955078125e-07, -5.681067705154419e-08, 0.988115668296814, -0.14693208038806915, -0.04514969512820244, 0.1483190655708313, 0.9885124564170837, 0.02906167320907116, 0.04036092013120651, -0.035412635654211044, 0.9985575079917908),
            ["LeftLowerArm"] = CFrame.new(-0.0005050897598266602, -0.0000998377799987793, -4.172325134277344e-07, 1, -3.4458935260772705e-07, -2.2593306425733317e-07, -1.043081283569336e-07, 0.3805517554283142, -0.9247596859931946, 3.5762786865234375e-07, 0.9247596859931946, 0.3805517852306366),
            ["LowerTorso"] = CFrame.new(-0.05341086536645889, -0.07079744338989258, -0.003005954436957836, 0.9710884094238281, 0.016811849549412727, -0.23812749981880188, 0.00014779028424527496, 0.9974745512008667, 0.07102461904287338, 0.2387201488018036, -0.06900636851787567, 0.9686335921287537),
            ["Head"] = CFrame.new(-4.6566128730773926e-09, 5.960464477539062e-07, 5.587935447692871e-09, 0.9514288902282715, 0.04349881410598755, 0.3047800064086914, -0.003582236124202609, 0.9914653897285461, -0.13032132387161255, -0.30784761905670166, 0.12289968878030777, 0.9434646964073181),
            ["RightUpperArm"] = CFrame.new(-0.03021228313446045, -0.06663346290588379, -2.2351741790771484e-08, 0.8868719339370728, -0.46039044857025146, -0.03863382339477539, 0.4465399384498596, 0.8756282925605774, -0.1840740591287613, 0.11857680231332779, 0.14599911868572235, 0.9821528196334839),
            ["UpperTorso"] = CFrame.new(-1.1757947504520416e-08, 2.9802322387695312e-08, -3.725290298461914e-09, 0.9991365075111389, -0.00007136062777135521, -0.041549202054739, -0.0016095769824460149, 0.9991814494132996, -0.04042162746191025, 0.04151806980371475, 0.040453605353832245, 0.9983184933662415),
            ["HumanoidRootPart"] = CFrame.new(0, 0, 0, 1, 0, 0, 0, 1, 0, 0, 0, 1),
            ["RightHand"] = CFrame.new(-2.7567148208618164e-07, -1.1920928955078125e-07, -2.1606683731079102e-07, 0.9703084826469421, -0.11352109163999557, 0.2135753333568573, 0.20298509299755096, 0.8623576164245605, -0.46382808685302734, -0.13152417540550232, 0.4934089481830597, 0.8597959876060486),
            ["LeftUpperArm"] = CFrame.new(0.030212223529815674, -0.06663310527801514, 6.705522537231445e-08, 0.7151845097541809, 0.47023144364356995, 0.5170890688896179, -0.20282849669456482, 0.847632110118866, -0.4902908205986023, -0.668858528137207, 0.24576888978481293, 0.701593816280365),
            ["RightLowerArm"] = CFrame.new(0.000005781650543212891, 4.172325134277344e-07, -3.2782554626464844e-07, 1, 1.564621925354004e-07, 2.8312206268310547e-07, 2.598389983177185e-07, 0.4483923017978668, -0.8938369154930115, -2.8312206268310547e-07, 0.8938368558883667, 0.4483923614025116),
            ["LeftHand"] = CFrame.new(1.1920928955078125e-07, 0.00009989738464355469, -2.2584572434425354e-08, 0.9160477519035339, 0.3974078893661499, -0.05407016724348068, -0.37278756499290466, 0.7939503192901611, -0.48028361797332764, -0.14793944358825684, 0.4601193964481354, 0.8754450678825378),
            ["RightUpperLeg"] = CFrame.new(0, -3.259629011154175e-08, -1.6952981241047382e-09, 0.916149914264679, -0.24114511907100677, -0.3201848268508911, 0.21505363285541534, 0.9698002338409424, -0.11506278067827225, 0.33826208114624023, 0.03655775636434555, 0.9403415322303772),
            ["LeftUpperLeg"] = CFrame.new(-1.7881393432617188e-07, 2.3283064365386963e-07, 0, 0.9839254021644592, 0.17841652035713196, 0.007647409103810787, -0.1469782143831253, 0.8333868384361267, -0.5327886939048767, -0.1014314517378807, 0.5231003165245056, 0.8462137579917908),
            ["RightLowerLeg"] = CFrame.new(-5.21540641784668e-08, -0.000003337860107421875, -0.000013323668099474162, 1, -2.2724270820617676e-07, 1.3411046495548362e-07, 1.2665985593685036e-07, 0.8679739236831665, 0.4966096878051758, 7.264315371457997e-08, -0.49660980701446533, 0.8679739832878113),
            ["RightFoot"] = CFrame.new(3.725290298461914e-08, 3.5762786865234375e-07, -4.300818545743823e-08, 0.9745213389396667, 0.22293396294116974, -0.024671968072652817, -0.21879856288433075, 0.920669674873352, -0.3232559263706207, -0.049350105226039886, 0.32041820883750916, 0.9459900259971619),
            ["LeftLowerLeg"] = CFrame.new(0, 0.0000037550926208496094, 0.000013485550880432129, 1, 5.75091689825058e-08, -2.933666820581493e-08, -4.097820394122209e-08, 0.8569903373718262, 0.5153326988220215, 7.450582373280668e-09, -0.5153325796127319, 0.8569902777671814),
        }},
        {Time = 0.067, Data = {
            ["LeftFoot"] = CFrame.new(1.7508864402770996e-07, -5.960464477539063e-08, 4.1443854570388794e-08, 0.9905983209609985, -0.1279199868440628, -0.04849135875701904, 0.13292951881885529, 0.9838017821311951, 0.12026630342006683, 0.032321397215127945, -0.12558141350746155, 0.9915566444396973),
            ["LeftLowerArm"] = CFrame.new(-0.0005054473876953125, -0.00009953975677490234, -2.9802322387695312e-08, 1, -2.309680269263481e-07, -2.998858974478935e-07, -8.940698847936801e-08, 0.5049998164176941, -0.8631194829940796, 3.501773733205482e-07, 0.8631195425987244, 0.5049997568130493),
            ["LowerTorso"] = CFrame.new(-0.05115623027086258, -0.023092269897460938, -0.030151555314660072, 0.9736497402191162, 0.015623192302882671, -0.22751286625862122, 0.0001267362094949931, 0.9976133108139038, 0.06904799491167068, 0.22804859280586243, -0.06725738942623138, 0.97132408618927),
            ["Head"] = CFrame.new(-8.905772119760513e-09, 1.1920928955078125e-07, 2.7939677238464355e-09, 0.9601191878318787, 0.049741651862859726, 0.27513065934181213, -0.013397104106843472, 0.9911015033721924, -0.13243241608142853, -0.27926984429359436, 0.12346494942903519, 0.9522420167922974),
            ["RightUpperArm"] = CFrame.new(-0.03021240234375, -0.06663334369659424, 1.4901161193847656e-08, 0.8415901064872742, -0.5394914150238037, -0.025831274688243866, 0.5222033858299255, 0.8249664902687073, -0.2161978930234909, 0.13794896006584167, 0.16846172511577606, 0.9760078191757202),
            ["UpperTorso"] = CFrame.new(-6.984919309616089e-10, 5.960464477539063e-08, 1.7695128917694092e-08, 0.9999291896820068, -0.00043249287409707904, -0.011900166049599648, -0.0007100083748809993, 0.9953969717025757, -0.09583529829978943, 0.011886856518685818, 0.09583694487810135, 0.995326042175293),
            ["HumanoidRootPart"] = CFrame.new(0, 0, 0, 1, 0, 0, 0, 1, 0, 0, 0, 1),
            ["RightHand"] = CFrame.new(-4.3213367462158203e-07, 1.7881393432617188e-07, -8.195638656616211e-08, 0.9696470499038696, -0.11213693022727966, 0.21727868914604187, 0.20424464344978333, 0.8600000143051147, -0.46763667464256287, -0.13442036509513855, 0.4978206157684326, 0.8567997813224792),
            ["LeftUpperArm"] = CFrame.new(0.030212223529815674, -0.06663334369659424, 4.470348358154297e-08, 0.6554666757583618, 0.7068415880203247, 0.265945702791214, -0.49535369873046875, 0.668205738067627, -0.5550971627235413, -0.5700775384902954, 0.2321125715970993, 0.7881244421005249),
            ["RightLowerArm"] = CFrame.new(0.0000054836273193359375, -4.76837158203125e-07, -8.940696716308594e-08, 1, 1.1920926112907182e-07, 3.2782546099952015e-07, 2.7753409881370317e-07, 0.42287278175354004, -0.9061890244483948, -2.3841855067985307e-07, 0.9061890244483948, 0.42287275195121765),
            ["LeftHand"] = CFrame.new(8.940696716308594e-08, 0.00010007619857788086, 7.450580596923828e-08, 0.8615439534187317, 0.506533682346344, -0.03414280340075493, -0.45818278193473816, 0.7468158602714539, -0.4820109009742737, -0.21865639090538025, 0.430917352437973, 0.8754996657371521),
            ["RightUpperLeg"] = CFrame.new(0, 5.820766091346741e-08, -1.6596459317952394e-08, 0.9111003279685974, -0.2292293906211853, -0.34256425499916077, 0.21983690559864044, 0.9732621312141418, -0.06657695770263672, 0.3486660122871399, -0.014650226570665836, 0.9371324181556702),
            ["LeftUpperLeg"] = CFrame.new(-1.1920928955078125e-07, 3.995373845100403e-07, -2.9802322387695312e-08, 0.9858654141426086, 0.16734381020069122, 0.008087405003607273, -0.14101970195770264, 0.8549106121063232, -0.4992407262325287, -0.09045881778001785, 0.49104371666908264, 0.8664255738258362),
            ["RightLowerLeg"] = CFrame.new(-5.960464477539063e-08, -0.000003516674041748047, -0.000013217730156611651, 1, -1.5646226358967397e-07, -1.4901166522918174e-08, 5.960464477539063e-08, 0.9072079062461853, 0.4206821024417877, 1.2665987014770508e-07, -0.4206826984882355, 0.9072081446647644),
            ["RightFoot"] = CFrame.new(5.960464477539063e-08, 3.5762786865234375e-07, 1.6596459317952394e-08, 0.9753319025039673, 0.2206042855978012, -0.007848777808248997, -0.21709227561950684, 0.952151358127594, -0.21512474119663239, -0.03998416289687157, 0.21152250468730927, 0.9765550494194031),
            ["LeftLowerLeg"] = CFrame.new(-1.1175870895385742e-07, 0.000004112720489501953, 0.000013366341590881348, 1, 3.4517132263545136e-08, 2.3050228392662575e-08, -2.9802318834981634e-08, 0.8878279328346252, 0.4601757228374481, 0, -0.4601755738258362, 0.8878278136253357),
        }},
        {Time = 0.100, Data = {
            ["LeftFoot"] = CFrame.new(-2.2351741790771484e-08, 0, 4.377216100692749e-08, 0.9935285449028015, -0.10301961749792099, -0.04783269390463829, 0.1114763543009758, 0.9651455879211426, 0.23678474128246307, 0.021772198379039764, -0.24058498442173004, 0.9703839421272278),
            ["LeftLowerArm"] = CFrame.new(-0.0005053877830505371, -0.00009948015213012695, -2.8312206268310547e-07, 1, -1.3411046495548362e-07, -3.2782557468635787e-07, -1.1920930376163597e-07, 0.7776487469673157, -0.6286991834640503, 3.799796672865341e-07, 0.6286990642547607, 0.7776486873626709),
            ["LowerTorso"] = CFrame.new(-0.04920043423771858, 0.03148293495178223, -0.05388149991631508, 0.9757866859436035, 0.013219760730862617, -0.21832457184791565, 0.00013702278374694288, 0.9981346726417542, 0.0610504187643528, 0.21872438490390778, -0.059602100402116776, 0.9739646911621094),
            ["Head"] = CFrame.new(-1.5133991837501526e-08, 3.5762786865234375e-07, -3.725290298461914e-09, 0.9713301658630371, 0.04907769337296486, 0.23261383175849915, -0.021681716665625572, 0.9926694631576538, -0.11890015751123428, -0.23674403131008148, 0.11044783890247345, 0.9652738571166992),
            ["RightUpperArm"] = CFrame.new(-0.030212342739105225, -0.06663370132446289, 2.9802322387695312e-08, 0.6597297787666321, -0.7495596408843994, 0.053915925323963165, 0.7214398384094238, 0.6116233468055725, -0.3247312903404236, 0.2104312926530838, 0.25313466787338257, 0.9442684054374695),
            ["UpperTorso"] = CFrame.new(-1.2078089639544487e-08, 2.086162567138672e-07, -6.51925802230835e-09, 0.9995147585868835, 0.0037473684642463923, 0.0309258084744215, 0.0012038942659273744, 0.9873502254486084, -0.15854966640472412, -0.03112874925136566, 0.15850992500782013, 0.9868665933609009),
            ["HumanoidRootPart"] = CFrame.new(0, 0, 0, 1, 0, 0, 0, 1, 0, 0, 0, 1),
            ["RightHand"] = CFrame.new(-7.450580596923828e-07, 5.960464477539063e-08, -5.960464477539063e-08, 0.9435821771621704, -0.2663026452064514, 0.1968134045600891, 0.3276579678058624, 0.8368035554885864, -0.4386344850063324, -0.04788466915488243, 0.47837507724761963, 0.8768490552902222),
            ["LeftUpperArm"] = CFrame.new(0.0302121639251709, -0.06663382053375244, 5.960464477539063e-08, 0.3328149914741516, 0.9339087605476379, -0.13055193424224854, -0.8703774213790894, 0.25095874071121216, -0.42363449931144714, -0.36287376284599304, 0.2546258270740509, 0.8963760137557983),
            ["RightLowerArm"] = CFrame.new(0.000006258487701416016, -3.5762786865234375e-07, -2.682209014892578e-07, 1, 1.1548399925231934e-07, 3.725289445810631e-07, 2.1606683731079102e-07, 0.5092486143112183, -0.8606195449829102, -2.5331974029541016e-07, 0.8606194853782654, 0.5092485547065735),
            ["LeftHand"] = CFrame.new(1.4901161193847656e-07, 0.00009965896606445312, 1.4901161193847656e-07, 0.8048701286315918, 0.592574417591095, 0.03224216401576996, -0.5118091702461243, 0.7206186652183533, -0.46771806478500366, -0.30039215087890625, 0.35995057225227356, 0.8832894563674927),
            ["RightUpperLeg"] = CFrame.new(0, -1.2246891856193542e-07, -1.6596459317952394e-08, 0.9065575003623962, -0.20002751052379608, -0.3716750144958496, 0.22474949061870575, 0.9741225838661194, 0.023937420919537544, 0.3572690188884735, -0.10523473471403122, 0.9280542731285095),
            ["LeftUpperLeg"] = CFrame.new(-5.960464477539063e-08, 3.7671998143196106e-07, -2.9802322387695312e-08, 0.9877728819847107, 0.15539254248142242, 0.012568764388561249, -0.13389641046524048, 0.8868929147720337, -0.44214558601379395, -0.07985349744558334, 0.43505650758743286, 0.896855354309082),
            ["RightLowerLeg"] = CFrame.new(2.2351741790771484e-08, -0.000003516674041748047, -0.000013342294550966471, 1, -1.0454099452772425e-07, 7.450581485102248e-09, 1.192093321833454e-07, 0.9637904167175293, 0.26666054129600525, -1.4901166522918174e-08, -0.26666104793548584, 0.9637905955314636),
            ["RightFoot"] = CFrame.new(5.21540641784668e-08, 4.172325134277344e-07, 4.639878170564771e-08, 0.9764485955238342, 0.21557365357875824, 0.00872668158262968, -0.21455222368240356, 0.9744889736175537, -0.06586714088916779, -0.02270359918475151, 0.06244432181119919, 0.9977902770042419),
            ["LeftLowerLeg"] = CFrame.new(9.685754776000977e-08, 0.000003933906555175781, 0.000013403594493865967, 1, 9.313224857976365e-09, 7.869678597671736e-08, -4.842878453814592e-08, 0.931568443775177, 0.36356648802757263, 2.2351747119842003e-08, -0.36356621980667114, 0.9315682649612427),
        }},
        {Time = 0.133, Data = {
            ["LeftFoot"] = CFrame.new(5.587935447692871e-08, 1.1920928955078125e-07, 1.2665987014770508e-07, 0.9959450960159302, -0.07889609038829803, -0.043231185525655746, 0.08896302431821823, 0.9351824522018433, 0.34281104803085327, 0.013382218778133392, -0.34526684880256653, 0.938409149646759),
            ["LeftLowerArm"] = CFrame.new(-0.0005056858062744141, -0.00010007619857788086, -1.4901161193847656e-07, 1, 7.823111758398227e-08, -3.762544054097816e-07, -1.4156103134155273e-07, 0.9799285531044006, -0.1993495374917984, 2.7008354663848877e-07, 0.199349507689476, 0.9799285531044006),
            ["LowerTorso"] = CFrame.new(-0.04777070879936218, 0.07499027252197266, -0.0711396336555481, 0.9772393703460693, 0.010562421754002571, -0.2118770331144333, 0.00015727484424132854, 0.9987233877182007, 0.05051342025399208, 0.21214012801647186, -0.04939701780676842, 0.9759899973869324),
            ["Head"] = CFrame.new(-1.0943040251731873e-08, 8.344650268554688e-07, 2.1420419216156006e-08, 0.9807142615318298, 0.04442645609378815, 0.1903313547372818, -0.024409759789705276, 0.9940398931503296, -0.10624980926513672, -0.19391725957393646, 0.09955473989248276, 0.9759533405303955),
            ["RightUpperArm"] = CFrame.new(-0.03021228313446045, -0.06663274765014648, -3.725290298461914e-08, 0.3012864291667938, -0.9184994697570801, 0.25608476996421814, 0.8999443650245667, 0.18514545261859894, -0.39474549889564514, 0.3151613473892212, 0.3493994176387787, 0.88238126039505),
            ["UpperTorso"] = CFrame.new(-1.076841726899147e-09, -5.960464477539063e-08, 6.51925802230835e-09, 0.9972226619720459, 0.012195930816233158, 0.07347367703914642, 0.003479926846921444, 0.9777947664260864, -0.20953600108623505, -0.07439769059419632, 0.20920966565608978, 0.9750365614891052),
            ["HumanoidRootPart"] = CFrame.new(0, 0, 0, 1, 0, 0, 0, 1, 0, 0, 0, 1),
            ["RightHand"] = CFrame.new(-4.246830940246582e-07, 0, -5.960464477539063e-08, 0.8080072999000549, -0.5773471593856812, 0.11745015531778336, 0.5691853761672974, 0.7134459018707275, -0.4086843729019165, 0.15215849876403809, 0.39707085490226746, 0.9050871133804321),
            ["LeftUpperArm"] = CFrame.new(0.030212223529815674, -0.06663298606872559, 1.862645149230957e-08, -0.10628736764192581, 0.9382067322731018, -0.32934361696243286, -0.9758033752441406, -0.16207018494606018, -0.1467709243297577, -0.1910780966281891, 0.30578020215034485, 0.9327331185340881),
            ["RightLowerArm"] = CFrame.new(0.000006198883056640625, -2.384185791015625e-07, -5.960464477539063e-08, 1, 1.4901162970204496e-08, 3.576279254957626e-07, 2.011657045386528e-07, 0.7709928750991821, -0.6368438601493835, -2.831220911048149e-07, 0.6368438005447388, 0.7709928154945374),
            ["LeftHand"] = CFrame.new(2.2351741790771484e-07, 0.00009965896606445312, 2.5331974029541016e-07, 0.7493836283683777, 0.6537992358207703, 0.10474107414484024, -0.5469992756843567, 0.7004197835922241, -0.45847997069358826, -0.37311655282974243, 0.2862841486930847, 0.8825108408927917),
            ["RightUpperLeg"] = CFrame.new(5.960464477539063e-08, 1.337612047791481e-07, -9.145878721028566e-09, 0.9032908082008362, -0.14737851917743683, -0.40292105078697205, 0.23015840351581573, 0.959030032157898, 0.16519223153591156, 0.3620675206184387, -0.24195235967636108, 0.9002034068107605),
            ["LeftUpperLeg"] = CFrame.new(-1.1920928955078125e-07, 5.122274160385132e-08, 7.450580596923828e-09, 0.9892777800559998, 0.14506523311138153, 0.016903715208172798, -0.12756970524787903, 0.9146609902381897, -0.38356396555900574, -0.0711028054356575, 0.3772948682308197, 0.9233596920967102),
            ["RightLowerLeg"] = CFrame.new(-7.450580596923828e-08, -0.000003337860107421875, -0.000013290140486788005, 1, -2.2351747119842003e-08, 1.192092469182171e-07, -6.705523247774181e-08, 0.9999841451644897, 0.005648152902722359, -5.960465188081798e-08, -0.005648267921060324, 0.999984085559845),
            ["RightFoot"] = CFrame.new(7.450580596923828e-09, 3.5762786865234375e-07, 5.3849362302571535e-08, 0.9771223068237305, 0.21145778894424438, 0.022756226360797882, -0.2126433104276657, 0.9694037437438965, 0.12263491749763489, 0.00387216592207551, -0.12466789782047272, 0.992190957069397),
            ["LeftLowerLeg"] = CFrame.new(-1.4156103134155273e-07, 0.000003874301910400391, 0.000013262033462524414, 1, 1.7695125364980413e-08, 1.5553088417163963e-07, 1.4901164746561335e-08, 0.9647297263145447, 0.26324263215065, 4.4703494239684005e-08, -0.2632424533367157, 0.9647297263145447),
        }},
        {Time = 0.167, Data = {
            ["LeftFoot"] = CFrame.new(4.842877388000488e-08, 0, -4.470348358154297e-08, 0.9974426031112671, -0.06110570207238197, -0.03707405924797058, 0.07087558507919312, 0.9125552773475647, 0.40276503562927246, 0.009221211075782776, -0.40436264872550964, 0.9145523905754089),
            ["LeftLowerArm"] = CFrame.new(-0.000504910945892334, -0.0000997781753540039, -2.7939677238464355e-07, 1, 1.6391278734317893e-07, -3.2782557468635787e-07, -1.7881397695873602e-07, 1, -3.725290653733282e-08, 2.8312211952652433e-07, 1.4901162970204496e-08, 1),
            ["LowerTorso"] = CFrame.new(-0.04724298417568207, 0.09827065467834473, -0.0794091746211052, 0.9777815937995911, 0.00771971233189106, -0.20948408544063568, 0.00015961032477207482, 0.9992939829826355, 0.0375700481235981, 0.2096261978149414, -0.03676873445510864, 0.9770901203155518),
            ["Head"] = CFrame.new(-3.725290298461914e-09, 2.384185791015625e-07, -1.6763806343078613e-08, 0.9836145043373108, 0.0445280447602272, 0.17469929158687592, -0.025007303804159164, 0.993349552154541, -0.11238951236009598, -0.17854192852973938, 0.10617919266223907, 0.9781865477561951),
            ["RightUpperArm"] = CFrame.new(-0.03021240234375, -0.06663322448730469, -7.450580596923828e-09, -0.08317118883132935, -0.8640761375427246, 0.49643492698669434, 0.9104132056236267, -0.2684709131717682, -0.31475865840911865, 0.40525370836257935, 0.4257885813713074, 0.8089990615844727),
            ["UpperTorso"] = CFrame.new(-8.149072527885437e-09, -2.9802322387695312e-08, 7.450580596923828e-09, 0.9959561228752136, 0.016247937455773354, 0.0883607268333435, 0.004566551186144352, 0.9730842709541321, -0.23040443658828735, -0.08972600847482681, 0.22987616062164307, 0.9690749645233154),
            ["HumanoidRootPart"] = CFrame.new(0, 0, 0, 1, 0, 0, 0, 1, 0, 0, 0, 1),
            ["RightHand"] = CFrame.new(-1.1920928955078125e-07, -1.1920928955078125e-07, 8.940696716308594e-08, 0.5749601125717163, -0.8179742097854614, 0.018411526456475258, 0.7398674488067627, 0.5101876854896545, -0.4385257959365845, 0.34930944442749023, 0.2657569646835327, 0.8985300064086914),
            ["LeftUpperArm"] = CFrame.new(0.030212342739105225, -0.06663286685943604, -3.725290298461914e-08, -0.3613770008087158, 0.8581801652908325, -0.36458930373191833, -0.9214521646499634, -0.38849571347236633, -0.0011085928417742252, -0.14259298145771027, 0.33555611968040466, 0.9311677813529968),
            ["RightLowerArm"] = CFrame.new(0.000005304813385009766, -1.1920928955078125e-07, -8.940696716308594e-08, 1, -1.6391277313232422e-07, 3.0919909477233887e-07, 1.3411042232291948e-07, 1, 2.9802322387695312e-08, -3.129242998056725e-07, -1.4901161193847656e-08, 1),
            ["LeftHand"] = CFrame.new(8.940696716308594e-08, 0.00010031461715698242, -2.9802322387695312e-08, 0.7012978196144104, 0.6997625231742859, 0.13606558740139008, -0.5776007771492004, 0.6696454882621765, -0.46685346961021423, -0.4178023338317871, 0.248811736702919, 0.8738043308258057),
            ["RightUpperLeg"] = CFrame.new(-2.9802322387695312e-08, 4.789908416569233e-07, 9.480572771281004e-09, 0.9020059108734131, -0.1500624120235443, -0.40480467677116394, 0.23646780848503113, 0.9562156200408936, 0.17243702709674835, 0.3612039387226105, -0.2512625455856323, 0.8979970216751099),
            ["LeftUpperLeg"] = CFrame.new(-1.1920928955078125e-07, 7.734633982181549e-07, 2.2351741790771484e-08, 0.9901574850082397, 0.13867425918579102, 0.018909133970737457, -0.12366721034049988, 0.9301482439041138, -0.3457322120666504, -0.0655326247215271, 0.3399909436702728, 0.9381426572799683),
            ["RightLowerLeg"] = CFrame.new(2.9802322387695312e-08, -0.0000037550926208496094, -0.00001337954745395109, 1, -6.70552182668871e-08, 4.842877388000488e-08, 2.235172580355993e-08, 0.9999840259552002, 0.005650196224451065, 7.45057526785331e-09, -0.005650348495692015, 0.9999840259552002),
            ["RightFoot"] = CFrame.new(-2.2351741790771484e-08, 1.1920928955078125e-07, -7.281050784513354e-08, 0.9769105315208435, 0.2112075388431549, 0.03220733255147934, -0.21361634135246277, 0.9629595875740051, 0.16455137729644775, 0.003740450832992792, -0.16763176023960114, 0.9858425259590149),
            ["LeftLowerLeg"] = CFrame.new(1.6391277313232422e-07, 0.000003933906555175781, 0.000013269484043121338, 1, 7.264314660915261e-08, -7.171186666710128e-08, -3.725291186640334e-09, 0.9783097505569458, 0.20714762806892395, -5.5879368687783426e-08, -0.20714755356311798, 0.9783097505569458),
        }},
        {Time = 0.200, Data = {
            ["LeftFoot"] = CFrame.new(3.725290298461914e-09, -1.1920928955078125e-07, -4.0978193283081055e-08, 0.9979570508003235, -0.05415123701095581, -0.033902861177921295, 0.06329555809497833, 0.9101389646530151, 0.409439355134964, 0.008684982545673847, -0.41074904799461365, 0.9117072820663452),
            ["LeftLowerArm"] = CFrame.new(-0.0005048513412475586, -0.00009989738464355469, -4.079192876815796e-07, 1, 1.1920928955078125e-07, -3.129243850708008e-07, -1.1920927533992653e-07, 1, 1.4901161193847656e-08, 3.1292435664909135e-07, 1.4901161193847656e-08, 1),
            ["LowerTorso"] = CFrame.new(-0.047242313623428345, 0.10323214530944824, -0.08174622058868408, 0.9776058793067932, 0.00579322874546051, -0.21036455035209656, 0.00010791097156470641, 0.9996070861816406, 0.028029663488268852, 0.21044427156448364, -0.027424663305282593, 0.9772211313247681),
            ["Head"] = CFrame.new(-4.6566128730773926e-09, 3.5762786865234375e-07, -5.4016709327697754e-08, 0.9816064238548279, 0.051152508705854416, 0.18393553793430328, -0.024015631526708603, 0.9888686537742615, -0.1468406319618225, -0.1893993467092514, 0.13972240686416626, 0.9719082117080688),
            ["RightUpperArm"] = CFrame.new(-0.030212461948394775, -0.06663310527801514, -5.960464477539063e-08, -0.25671425461769104, -0.7449976801872253, 0.6156829595565796, 0.8447356820106506, -0.4824816584587097, -0.23159649968147278, 0.46959495544433594, 0.46064072847366333, 0.7531916499137878),
            ["UpperTorso"] = CFrame.new(-1.1350493878126144e-09, 5.960464477539063e-08, -5.587935447692871e-09, 0.9969390034675598, 0.012642348185181618, 0.0771544873714447, 0.004214088898152113, 0.9767162203788757, -0.2144940197467804, -0.07806974649429321, 0.21416261792182922, 0.9736732244491577),
            ["HumanoidRootPart"] = CFrame.new(0, 0, 0, 1, 0, 0, 0, 1, 0, 0, 0, 1),
            ["RightHand"] = CFrame.new(-2.60770320892334e-07, 1.1920928955078125e-07, 1.043081283569336e-07, 0.44347143173217773, -0.8960011601448059, -0.022696036845445633, 0.7853555679321289, 0.40066131949424744, -0.4718974828720093, 0.4319140613079071, 0.1914486289024353, 0.8813612461090088),
            ["LeftUpperArm"] = CFrame.new(0.030212342739105225, -0.06663310527801514, 1.862645149230957e-09, -0.4466730058193207, 0.809880793094635, -0.3802188038825989, -0.8766611814498901, -0.4810866713523865, 0.0051581296138465405, -0.1787412315607071, 0.335631787776947, 0.9248822331428528),
            ["RightLowerArm"] = CFrame.new(0.000006198883056640625, -9.5367431640625e-07, 5.960464477539063e-08, 1, -1.3411046495548362e-07, 3.129244134925102e-07, 1.0430811414607888e-07, 1, 5.960465188081798e-08, -3.1292435664909135e-07, -2.980232594040899e-08, 1),
            ["LeftHand"] = CFrame.new(-4.172325134277344e-07, 0.00009989738464355469, 2.9802322387695312e-08, 0.6779605150222778, 0.7202273011207581, 0.14711295068264008, -0.5825760364532471, 0.648472011089325, -0.4899889826774597, -0.4483020305633545, 0.24648869037628174, 0.8592256307601929),
            ["RightUpperLeg"] = CFrame.new(-5.960464477539063e-08, -7.939524948596954e-08, 5.75528247281909e-09, 0.9021835923194885, -0.1530897468328476, -0.4032720625400543, 0.24155734479427338, 0.9538660049438477, 0.17829622328281403, 0.3573722541332245, -0.25826942920684814, 0.8975422382354736),
            ["LeftUpperLeg"] = CFrame.new(2.9802322387695312e-08, 3.213062882423401e-07, 7.450580596923828e-09, 0.9903792142868042, 0.13708943128585815, 0.018857883289456367, -0.12254665046930313, 0.932174801826477, -0.3406353294849396, -0.06427645683288574, 0.3350472152233124, 0.94000643491745),
            ["RightLowerLeg"] = CFrame.new(-8.940696716308594e-08, -0.000003516674041748047, -0.000013349745131563395, 1, 1.4901162970204496e-08, 1.154839708306099e-07, -5.960460924825384e-08, 0.999984085559845, 0.005649013910442591, -4.09781684140853e-08, -0.005649086553603411, 0.999984085559845),
            ["RightFoot"] = CFrame.new(-3.725290298461914e-08, 2.384185791015625e-07, -5.045876605436206e-08, 0.976112961769104, 0.2140779048204422, 0.0370694175362587, -0.21723276376724243, 0.9587810039520264, 0.18316470086574554, 0.0036698761396110058, -0.18684174120426178, 0.982383131980896),
            ["LeftLowerLeg"] = CFrame.new(-8.940696716308594e-08, 0.000003874301910400391, 0.000013239681720733643, 1, 4.8428763221863846e-08, -7.450583439094771e-08, 3.7252898543727042e-09, 0.9769734144210815, 0.21336151659488678, -1.4156101713069802e-07, -0.21336127817630768, 0.9769733548164368),
        }},
        {Time = 0.233, Data = {
            ["LeftFoot"] = CFrame.new(7.450580596923828e-09, 0, -5.587935447692871e-08, 0.9977881908416748, -0.05647886544466019, -0.03505711257457733, 0.06561897695064545, 0.9211835861206055, 0.38355597853660583, 0.010631122626364231, -0.3850077986717224, 0.922852098941803),
            ["LeftLowerArm"] = CFrame.new(-0.000504910945892334, -0.00009959936141967773, -3.7997961044311523e-07, 1, 1.4901162614933128e-07, -3.27825517842939e-07, -1.788139627478813e-07, 1, 0, 3.129244134925102e-07, -2.2351745343485163e-08, 1),
            ["LowerTorso"] = CFrame.new(-0.04739305004477501, 0.09674406051635742, -0.08264505863189697, 0.9771599769592285, 0.0074067790992558, -0.21237589418888092, 0.00015891093062236905, 0.9993666410446167, 0.03558487445116043, 0.21250495314598083, -0.034805864095687866, 0.9765399098396301),
            ["Head"] = CFrame.new(-1.7695128917694092e-08, 7.152557373046875e-07, 6.798654794692993e-08, 0.9759414196014404, 0.062229838222265244, 0.20896339416503906, -0.025330210104584694, 0.9842749834060669, -0.17481759190559387, -0.21655629575252533, 0.16531863808631897, 0.9621710777282715),
            ["RightUpperArm"] = CFrame.new(-0.030212342739105225, -0.06663286685943604, 0, -0.23646529018878937, -0.7086600065231323, 0.6647361516952515, 0.8268185257911682, -0.506105363368988, -0.24542273581027985, 0.5103482007980347, 0.4915875792503357, 0.7056156992912292),
            ["UpperTorso"] = CFrame.new(-4.685716703534126e-09, -1.7881393432617188e-07, 5.587935447692871e-09, 0.9988368153572083, 0.006424243096262217, 0.047790076583623886, 0.003183166729286313, 0.9801390171051025, -0.19828620553016663, -0.048114776611328125, 0.19820766150951385, 0.9789784550666809),
            ["HumanoidRootPart"] = CFrame.new(0, 0, 0, 1, 0, 0, 0, 1, 0, 0, 0, 1),
            ["RightHand"] = CFrame.new(-5.811452865600586e-07, 1.1920928955078125e-07, 2.60770320892334e-07, 0.5344052910804749, -0.8425332307815552, -0.06744477152824402, 0.7318402528762817, 0.5011606216430664, -0.46178779006004333, 0.42287230491638184, 0.1974230408668518, 0.8844225406646729),
            ["LeftUpperArm"] = CFrame.new(0.0302121639251709, -0.06663310527801514, 5.960464477539063e-08, -0.4298885762691498, 0.8251269459724426, -0.3665406405925751, -0.8801954984664917, -0.47343799471855164, -0.03343932703137398, -0.20112653076648712, 0.30825668573379517, 0.9298009276390076),
            ["RightLowerArm"] = CFrame.new(0.000005364418029785156, -5.960464477539063e-08, -1.4901161193847656e-07, 1, -1.3411046495548362e-07, 3.427267927236244e-07, 1.6391277313232422e-07, 1, 1.4901164746561335e-08, -2.980232238769531e-07, 2.980232594040899e-08, 1),
            ["LeftHand"] = CFrame.new(-1.6391277313232422e-07, 0.00010001659393310547, -1.4901161193847656e-07, 0.6841670870780945, 0.7097861766815186, 0.16768719255924225, -0.5589032173156738, 0.6579633355140686, -0.5046895146369934, -0.46855372190475464, 0.2515712082386017, 0.846858561038971),
            ["RightUpperLeg"] = CFrame.new(0, -9.726500138640404e-08, 2.029992174357176e-09, 0.9028348922729492, -0.1668870598077774, -0.3962800204753876, 0.24004660546779633, 0.9602455496788025, 0.14249974489212036, 0.3567447364330292, -0.223779559135437, 0.9070039391517639),
            ["LeftUpperLeg"] = CFrame.new(0, 1.8440186977386475e-07, 2.421438694000244e-08, 0.9901360869407654, 0.13908468186855316, 0.016913676634430885, -0.12275973707437515, 0.9193702936172485, -0.3737490773200989, -0.06753264367580414, 0.36798611283302307, 0.9273756742477417),
            ["RightLowerLeg"] = CFrame.new(1.4901161193847656e-08, -0.000003814697265625, -0.000013364646292757243, 1, 1.1175874448099421e-08, 0, -7.450577932388569e-09, 0.9979220628738403, 0.06443288177251816, 0, -0.06443304568529129, 0.9979221224784851),
            ["RightFoot"] = CFrame.new(-3.725290298461914e-08, 4.76837158203125e-07, 3.149762051180005e-08, 0.9754946827888489, 0.21685504913330078, 0.03720122575759888, -0.22000980377197266, 0.9632486701011658, 0.1541038453578949, -0.0024158735759556293, -0.15851184725761414, 0.9873541593551636),
            ["LeftLowerLeg"] = CFrame.new(-5.960464477539063e-08, 0.000004112720489501953, 0.000013381242752075195, 1, -1.5832481992106295e-08, 8.195640788244418e-08, -7.450578820566989e-09, 0.9638445973396301, 0.2664649188518524, -3.352760558072987e-08, -0.2664649486541748, 0.9638447165489197),
        }},
        {Time = 0.267, Data = {
            ["LeftFoot"] = CFrame.new(1.1920928955078125e-07, 0, 6.705522537231445e-08, 0.9973294138908386, -0.06237351521849632, -0.0379941388964653, 0.07183531671762466, 0.9316420555114746, 0.3562069833278656, 0.013179372996091843, -0.35798439383506775, 0.9336344003677368),
            ["LeftLowerArm"] = CFrame.new(-0.0005044341087341309, -0.00009924173355102539, -1.7136335372924805e-07, 1, 1.6391278734317893e-07, -3.2782557468635787e-07, -1.6391281576488836e-07, 1, 0, 3.1292447033592907e-07, 4.4703490686970326e-08, 1),
            ["LowerTorso"] = CFrame.new(-0.04761909320950508, 0.0875847339630127, -0.08228552341461182, 0.976505696773529, 0.00857158750295639, -0.21532101929187775, 0.00022575647744815797, 0.9991673231124878, 0.0407991036772728, 0.2154914140701294, -0.03988916426897049, 0.9756907820701599),
            ["Head"] = CFrame.new(-1.1641532182693481e-08, 2.384185791015625e-07, 5.029141902923584e-08, 0.9728138446807861, 0.0668572187423706, 0.22172820568084717, -0.027407480403780937, 0.983930766582489, -0.17643451690673828, -0.2299611121416092, 0.16556093096733093, 0.9590138792991638),
            ["RightUpperArm"] = CFrame.new(-0.030212461948394775, -0.06663310527801514, -4.470348358154297e-08, -0.18493790924549103, -0.7262866497039795, 0.6620386242866516, 0.842478334903717, -0.46402254700660706, -0.27370908856391907, 0.5059923529624939, 0.5071399211883545, 0.6977020502090454),
            ["UpperTorso"] = CFrame.new(-2.0721927285194397e-08, -5.960464477539063e-08, -9.313225746154785e-10, 0.9995344877243042, 0.003859925316646695, 0.030265148729085922, 0.0022364684846252203, 0.9800271987915039, -0.19885098934173584, -0.03042822889983654, 0.19882608950138092, 0.9795623421669006),
            ["HumanoidRootPart"] = CFrame.new(0, 0, 0, 1, 0, 0, 0, 1, 0, 0, 0, 1),
            ["RightHand"] = CFrame.new(2.4586915969848633e-07, -5.364418029785156e-07, 5.21540641784668e-08, 0.6808783411979675, -0.7168710827827454, -0.15000134706497192, 0.6118946671485901, 0.6693446636199951, -0.42138203978538513, 0.40247923135757446, 0.19512490928173065, 0.8943918347358704),
            ["LeftUpperArm"] = CFrame.new(0.03021228313446045, -0.06663322448730469, 7.450580596923828e-09, -0.3866196274757385, 0.8471704721450806, -0.364443302154541, -0.8953502774238586, -0.43953055143356323, -0.07187239825725555, -0.2210727035999298, 0.2985217869281769, 0.9284478425979614),
            ["RightLowerArm"] = CFrame.new(0.000004887580871582031, 1.7881393432617188e-07, 1.1920928955078125e-07, 1, -1.341104507446289e-07, 3.129244134925102e-07, 1.6391277313232422e-07, 1, 2.980232594040899e-08, -2.980232238769531e-07, 4.470348358154297e-08, 1),
            ["LeftHand"] = CFrame.new(-1.1920928955078125e-07, 0.00010025501251220703, -5.960464477539063e-08, 0.7097642421722412, 0.6817583441734314, 0.17731402814388275, -0.5312291383743286, 0.6833192706108093, -0.5008696913719177, -0.46263426542282104, 0.2613050937652588, 0.8471654653549194),
            ["RightUpperLeg"] = CFrame.new(0, 4.889443516731262e-09, 2.029992174357176e-09, 0.9038558006286621, -0.19267435371875763, -0.3819965124130249, 0.23914211988449097, 0.9678740501403809, 0.07765897363424301, 0.3547615706920624, -0.16154423356056213, 0.9208950996398926),
            ["LeftUpperLeg"] = CFrame.new(-1.1920928955078125e-07, 7.227063179016113e-07, -1.30385160446167e-08, 0.9896727800369263, 0.1424424946308136, 0.01606060564517975, -0.12401511520147324, 0.9070156812667847, -0.4024212956428528, -0.07188922166824341, 0.3962736427783966, 0.915313720703125),
