return {
    ["Chef's Special"] = {
        {Time = 0.000, Data = {
            ["LeftLowerArm"] = CFrame.new(-3.7997961044311523e-07, 7.450580596923828e-09, 5.960464477539062e-07, 1, -0.00003319272582302801, 0.0000030398014132515527, 0.000011131166502309497, 0.24646727740764618, -0.9691511392593384, 0.00003127753370790742, 0.9691511392593384, 0.2464672178030014),
            ["LeftFoot"] = CFrame.new(1.8998980522155762e-07, -2.5331974029541016e-07, -8.940696716308594e-08, 0.7617369294166565, -0.6418665647506714, 0.08811858296394348, 0.5843586325645447, 0.6219248175621033, -0.5212799310684204, 0.27978917956352234, 0.4485718607902527, 0.8488240838050842),
            ["R_SupportKnifeHandle"] = CFrame.new(-0.0030955076217651367, -0.03550158441066742, 0.021782130002975464, 0.9190829992294312, -0.06628458201885223, -0.38844892382621765, -0.03572973236441612, 0.9676740765571594, -0.24966022372245789, 0.3924408257007599, 0.24333804845809937, 0.8870046138763428),
            ["L_KnifeHandle"] = CFrame.new(0.000013232231140136719, -0.000005949288606643677, -0.0000017583370208740234, 0.990174412727356, 0.0074196625500917435, 0.13965469598770142, 0.005570250563323498, 0.9957156181335449, -0.09230705350637436, -0.13972699642181396, 0.09216973185539246, 0.9858884811401367),
            ["RightHand"] = CFrame.new(4.3585896492004395e-07, -1.1920928955078125e-07, -2.644956111907959e-07, 0.9130274653434753, -0.2958131730556488, -0.2808483839035034, 0.37093064188957214, 0.8885470628738403, 0.26999011635780334, 0.16968056559562683, -0.3506833016872406, 0.9209937453269958),
            ["HumanoidRootPart"] = CFrame.new(0, 0, 0, 1, 0, 0, 0, 1, 0, 0, 0, 1),
            ["R_KnifeHandle"] = CFrame.new(0.00000718235969543457, -0.00002352893352508545, -0.000011235475540161133, 0.9976032972335815, -0.029405882582068443, -0.06263403594493866, -0.0018098821165040135, 0.8939091563224792, -0.44826796650886536, 0.06916999816894531, 0.447282612323761, 0.8917022943496704),
            ["RightLowerLeg"] = CFrame.new(-1.9371509552001953e-07, -1.043081283569336e-07, -2.9802322387695312e-08, 1, -2.9802318834981634e-08, 5.5879340266073996e-08, 2.9802318834981634e-08, 0.4321467876434326, 0.9018032550811768, -8.195637946073475e-08, -0.9018033146858215, 0.432146817445755),
            ["LeftUpperLeg"] = CFrame.new(-5.960464477539063e-08, -3.5762786865234375e-07, 8.195638656616211e-07, 0.712593138217926, 0.6854956150054932, 0.1493537575006485, -0.6974782347679138, 0.7151702046394348, 0.045342329889535904, -0.07573144137859344, -0.13648247718811035, 0.9877436757087708),
            ["LeftLowerLeg"] = CFrame.new(-5.21540641784668e-08, -3.2782554626464844e-07, 1.7881393432617188e-07, 1, 2.2351736461700966e-08, -7.450579886381092e-08, 9.313224857976365e-09, 0.5223470330238342, 0.8527330756187439, 4.470347647611561e-08, -0.8527331352233887, 0.5223469138145447),
            ["LowerTorso"] = CFrame.new(-0.07251445204019547, -0.5996010303497314, -0.11436551809310913, 0.9802080392837524, 0.08255194872617722, 0.1799372285604477, -0.016703741624951363, 0.9401565790176392, -0.3403332531452179, -0.19726432859897614, 0.33059176802635193, 0.922927975654602),
            ["Head"] = CFrame.new(1.4901161193847656e-08, 1.4901161193847656e-07, 3.8743019104003906e-07, 0.9444824457168579, -0.06376863270998001, 0.322314590215683, 0.09642019867897034, 0.991587221622467, -0.08635970950126648, -0.3140958845615387, 0.11264320462942123, 0.9426851272583008),
            ["UpperTorso"] = CFrame.new(-1.862645149230957e-08, -2.384185791015625e-07, -8.940696716308594e-08, 0.9970856308937073, -0.020105861127376556, 0.07359396666288376, -0.0072935111820697784, 0.9351080656051636, 0.3542874753475189, -0.07594151794910431, -0.35379183292388916, 0.9322361946105957),
            ["LeftUpperArm"] = CFrame.new(-5.960464477539063e-08, -0.000003844499588012695, 0.000004589557647705078, 0.4155465066432953, 0.9069532155990601, -0.06896937638521194, -0.6663478016853333, 0.2519422769546509, -0.7017791271209717, -0.6191137433052063, 0.3375810384750366, 0.7090480923652649),
            ["RightLowerArm"] = CFrame.new(7.450580596923828e-08, -1.9371509552001953e-07, 2.9802322387695312e-08, 1, 0.00002890860014304053, 0.000007018363248789683, 0.0000014849938452243805, 0.18563000857830048, -0.9826197624206543, -0.000029727816581726074, 0.9826197028160095, 0.18562990427017212),
            ["LeftHand"] = CFrame.new(-2.2584572434425354e-07, -2.086162567138672e-07, -1.862645149230957e-07, 0.8960028290748596, 0.10484191030263901, 0.4314941465854645, -0.25382980704307556, 0.9182440042495728, 0.3039712607860565, -0.3643478453159332, -0.38188520073890686, 0.8493610620498657),
            ["RightFoot"] = CFrame.new(-3.0174851417541504e-07, -2.8312206268310547e-07, -7.450580596923828e-08, 0.876483142375946, 0.48140496015548706, -0.005247567780315876, -0.48137733340263367, 0.8761649131774902, -0.024696534499526024, -0.007291815709322691, 0.024173079058527946, 0.999681293964386),
            ["RightUpperLeg"] = CFrame.new(-1.7881393432617188e-07, -1.4901161193847656e-07, -9.834766387939453e-07, 0.5866574645042419, -0.8092052340507507, -0.03192692622542381, 0.6810744404792786, 0.5143275260925293, -0.5211561322212219, 0.43814459443092346, 0.2839965522289276, 0.8528639674186707),
            ["RightUpperArm"] = CFrame.new(-0.0000029802322387695312, -0.0000023990869522094727, 0.0000053942203521728516, 0.40258046984672546, -0.7186115980148315, -0.5670287609100342, 0.6136091351509094, 0.6715209484100342, -0.41537609696388245, 0.6792737245559692, -0.1807122528553009, 0.7112954258918762),
        }},
        {Time = 0.033, Data = {
            ["LeftLowerArm"] = CFrame.new(-3.129243850708008e-07, 2.9802322387695312e-08, 2.9802322387695312e-08, 1, -0.000018634102161740884, 0.00000435109495811048, 0.000011369585990905762, 0.40062400698661804, -0.9162425398826599, 0.00001539289951324463, 0.9162425398826599, 0.4006240665912628),
            ["LeftFoot"] = CFrame.new(4.246830940246582e-07, -3.2782554626464844e-07, -8.195638656616211e-08, 0.724842369556427, -0.683197557926178, 0.08857470005750656, 0.6098344326019287, 0.5765008330345154, -0.5438262820243835, 0.3204771876335144, 0.4482051432132721, 0.8345103859901428),
            ["R_SupportKnifeHandle"] = CFrame.new(-0.0030958950519561768, -0.03550179302692413, 0.021782010793685913, 0.9190830588340759, -0.06628455221652985, -0.38844892382621765, -0.03572959452867508, 0.9676740169525146, -0.24966028332710266, 0.39244088530540466, 0.24333807826042175, 0.8870046138763428),
            ["L_KnifeHandle"] = CFrame.new(1.1920928955078125e-07, -0.000019941478967666626, -0.000002950429916381836, 0.9901799559593201, 0.007364063523709774, 0.13960544764995575, 0.005618153605610132, 0.9957157969474792, -0.09231650829315186, -0.1396854668855667, 0.09217299520969391, 0.985894501209259),
            ["RightHand"] = CFrame.new(5.448237061500549e-07, -5.21540641784668e-07, 6.705522537231445e-08, 0.920244038105011, -0.226806640625, -0.3189200460910797, 0.33902278542518616, 0.8691033124923706, 0.36017125844955444, 0.19548556208610535, -0.43956613540649414, 0.8766794204711914),
            ["HumanoidRootPart"] = CFrame.new(0, 0, 0, 1, 0, 0, 0, 1, 0, 0, 0, 1),
            ["R_KnifeHandle"] = CFrame.new(0.000006882473826408386, -0.00002759695053100586, -0.000012755393981933594, 0.9993871450424194, -0.0073014553636312485, -0.03423052653670311, -0.008188747800886631, 0.9022582769393921, -0.4311458170413971, 0.03403377905488014, 0.4311341941356659, 0.9016327857971191),
            ["RightLowerLeg"] = CFrame.new(8.940696716308594e-08, 2.2351741790771484e-07, 2.9802322387695312e-08, 1, 0, -1.4528633585086936e-07, 7.450581307466564e-08, 0.31540554761886597, 0.948957085609436, -5.2154071283894154e-08, -0.9489570260047913, 0.31540554761886597),
            ["LeftUpperLeg"] = CFrame.new(3.8743019104003906e-07, -1.4901161193847656e-07, 0.0000012069940567016602, 0.6761794090270996, 0.7113560438156128, 0.1917121261358261, -0.7362719774246216, 0.6432275176048279, 0.210146963596344, 0.026175200939178467, -0.28325071930885315, 0.9586891531944275),
            ["LeftLowerLeg"] = CFrame.new(3.725290298461914e-08, -8.940696716308594e-08, 5.960464477539063e-08, 1, 5.960464477539063e-08, 1.4901162970204496e-08, -3.725290298461914e-08, 0.5451969504356384, 0.8383080959320068, 4.470348358154297e-08, -0.8383080363273621, 0.5451969504356384),
            ["LowerTorso"] = CFrame.new(-0.05823860317468643, -0.655517578125, -0.19779077172279358, 0.9837757349014282, 0.09395398199558258, 0.15283317863941193, -0.016906121745705605, 0.8966599702835083, -0.4423970580101013, -0.1786043494939804, 0.43263569474220276, 0.8837007284164429),
            ["Head"] = CFrame.new(-1.4901161193847656e-08, 0, 3.4924596548080444e-07, 0.9969589114189148, 0.047410424798727036, -0.06184900924563408, -0.048722606152296066, 0.9986144304275513, -0.019882049411535263, 0.06082068756222725, 0.02283535525202751, 0.9978874921798706),
            ["UpperTorso"] = CFrame.new(1.955777406692505e-08, -2.384185791015625e-07, -2.682209014892578e-07, 0.9996423721313477, -0.02026434615254402, -0.01745220646262169, 0.026003239676356316, 0.8889766931533813, 0.4572133719921112, 0.0062494738958776, -0.4575038552284241, 0.8891857862472534),
            ["LeftUpperArm"] = CFrame.new(-1.1920928955078125e-07, -0.0000024437904357910156, 0.000008940696716308594, 0.6403627991676331, 0.7003435492515564, 0.3153584897518158, -0.637938916683197, 0.713629961013794, -0.28941571712493896, -0.42774924635887146, -0.015852438285946846, 0.9037631154060364),
            ["RightLowerArm"] = CFrame.new(-1.341104507446289e-07, -1.6391277313232422e-07, 0, 1, 0.000028439222660381347, 0.000006355269306368427, 0.0000013895333950131317, 0.16552454233169556, -0.9862057566642761, -0.000029057267965981737, 0.9862056970596313, 0.16552439332008362),
            ["LeftHand"] = CFrame.new(2.1979212760925293e-07, -5.662441253662109e-07, 2.7939677238464355e-07, 0.8950117826461792, 0.17923563718795776, 0.4084465801715851, -0.31771451234817505, 0.8988943099975586, 0.3017394244670868, -0.31306785345077515, -0.3998296856880188, 0.861466646194458),
            ["RightFoot"] = CFrame.new(-3.129243850708008e-07, -3.129243850708008e-07, -2.2351741790771484e-08, 0.8598561882972717, 0.5103835463523865, 0.012540068477392197, -0.5058872699737549, 0.855075478553772, -0.11367715895175934, -0.06874185800552368, 0.09140308946371078, 0.9934386610984802),
            ["RightUpperLeg"] = CFrame.new(-1.1920928955078125e-07, -1.7881393432617188e-07, -0.0000010579824447631836, 0.5738403797149658, -0.8186436891555786, 0.023007692769169807, 0.7463575601577759, 0.5111926198005676, -0.4261828362941742, 0.3371317684650421, 0.2617338001728058, 0.904344379901886),
            ["RightUpperArm"] = CFrame.new(-0.0000032782554626464844, -0.000002637505531311035, 0.00000712275505065918, 0.5392780900001526, -0.5739734172821045, -0.6162191033363342, 0.5047759413719177, 0.8060408234596252, -0.3090236783027649, 0.674077570438385, -0.14440515637397766, 0.7244158387184143),
        }},
        {Time = 0.067, Data = {
            ["LeftLowerArm"] = CFrame.new(1.564621925354004e-07, -4.172325134277344e-07, 5.960464477539063e-08, 1, -0.000010043450856755953, 7.53435131173319e-07, 0.000007525087312387768, 0.6818247437477112, -0.7315155267715454, 0.000006869436219858471, 0.7315155863761902, 0.681824803352356),
            ["LeftFoot"] = CFrame.new(2.384185791015625e-07, -2.086162567138672e-07, -2.4586915969848633e-07, 0.6945044994354248, -0.7140169739723206, 0.08856705576181412, 0.6343395113945007, 0.5495648980140686, -0.5436820387840271, 0.33952468633651733, 0.4337719678878784, 0.8346052169799805),
            ["R_SupportKnifeHandle"] = CFrame.new(-0.0030958950519561768, -0.035501815378665924, 0.021781951189041138, 0.9190830588340759, -0.06628452241420746, -0.3884489834308624, -0.03572963550686836, 0.9676740765571594, -0.24966029822826385, 0.3924408555030823, 0.24333803355693817, 0.8870046138763428),
            ["L_KnifeHandle"] = CFrame.new(0.0000032261013984680176, -0.000009175390005111694, -0.0000019669532775878906, 0.9901762008666992, 0.007355830166488886, 0.13963516056537628, 0.005625608842819929, 0.9957125782966614, -0.09233924746513367, -0.13971199095249176, 0.09220824390649796, 0.9858881831169128),
            ["RightHand"] = CFrame.new(-3.557652235031128e-07, -6.258487701416016e-07, -3.4458935260772705e-08, 0.8925272822380066, -0.28934749960899353, -0.3459377586841583, 0.2569388151168823, 0.9566342830657959, -0.1372358500957489, 0.370644748210907, 0.03360222280025482, 0.9281666874885559),
            ["HumanoidRootPart"] = CFrame.new(0, 0, 0, 1, 0, 0, 0, 1, 0, 0, 0, 1),
            ["R_KnifeHandle"] = CFrame.new(-0.00000541098415851593, -0.00001379847526550293, -0.000009566545486450195, 0.9984230399131775, -0.034214265644550323, -0.044518422335386276, 0.005258935038000345, 0.8464146256446838, -0.5325120687484741, 0.05589216575026512, 0.5314241647720337, 0.8452508449554443),
            ["RightLowerLeg"] = CFrame.new(1.1920928955078125e-07, -1.1920928955078125e-07, -3.8743019104003906e-07, 1, 0, 7.4505797087454084e-09, -1.4901161193847656e-08, 0.21284174919128418, 0.9770867228507996, -7.450580596923828e-08, -0.9770866632461548, 0.21284174919128418),
            ["LeftUpperLeg"] = CFrame.new(3.5762786865234375e-07, 1.1920928955078125e-07, 0.0000015050172805786133, 0.6386264562606812, 0.7315587997436523, 0.23869936168193817, -0.7679901719093323, 0.5863897204399109, 0.257561594247818, 0.04845114052295685, -0.347805917263031, 0.9363144636154175),
            ["LeftLowerLeg"] = CFrame.new(-1.4901161193847656e-08, 1.4901161193847656e-07, 1.7881393432617188e-07, 1, 1.3411046495548362e-07, 1.1920928955078125e-07, -8.940698137394065e-08, 0.5649707317352295, 0.8251109719276428, 1.4901162970204496e-08, -0.8251110315322876, 0.5649707913398743),
            ["LowerTorso"] = CFrame.new(-0.02714521810412407, -0.6986371874809265, -0.22612440586090088, 0.9901881814002991, 0.07881949841976166, 0.11539005488157272, -0.016722511500120163, 0.8866477608680725, -0.4621429145336151, -0.13873621821403503, 0.4556788504123688, 0.8792662024497986),
            ["Head"] = CFrame.new(0, 3.2782554626464844e-07, 3.1013041734695435e-07, 0.9134153127670288, 0.14498846232891083, -0.38033002614974976, -0.12931159138679504, 0.989364743232727, 0.06660344451665878, 0.3859418034553528, -0.011655233800411224, 0.92244952917099),
            ["UpperTorso"] = CFrame.new(5.587935447692871e-09, -1.1920928955078125e-07, 5.960464477539063e-08, 0.9980807900428772, -0.025780772790312767, -0.05630423501133919, 0.04937624931335449, 0.8800469040870667, 0.47231268882751465, 0.03737375885248184, -0.47418636083602905, 0.879630982875824),
            ["LeftUpperArm"] = CFrame.new(0.000001341104507446289, -0.000001952052116394043, 0.000009670853614807129, 0.7019079923629761, 0.5430643558502197, 0.46086859703063965, -0.5337377786636353, 0.8294879198074341, -0.16453099250793457, -0.4716452658176422, -0.13050249218940735, 0.8720834851264954),
            ["RightLowerArm"] = CFrame.new(-1.9371509552001953e-07, 2.9802322387695312e-08, -1.4901161193847656e-07, 1, 0.000020429659343790263, 0.0000038593707358813845, -0.000008884819180821069, 0.5891774892807007, -0.8080036640167236, -0.000018693510355660692, 0.8080037236213684, 0.5891774892807007),
            ["LeftHand"] = CFrame.new(3.3993273973464966e-08, -2.1606683731079102e-07, -1.5459954738616943e-07, 0.923772394657135, 0.11295542865991592, 0.36590391397476196, -0.1327100545167923, 0.9907246232032776, 0.02920490875840187, -0.35921114683151245, -0.0755377933382988, 0.9301943778991699),
            ["RightFoot"] = CFrame.new(-2.4586915969848633e-07, -2.421438694000244e-07, -5.21540641784668e-08, 0.8594419956207275, 0.5109965801239014, 0.015598902478814125, -0.5020456314086914, 0.8493614196777344, -0.16289177536964417, -0.09648627042770386, 0.13216586410999298, 0.9865206480026245),
            ["RightUpperLeg"] = CFrame.new(-2.384185791015625e-07, 8.940696716308594e-08, -0.0000010281801223754883, 0.5965733528137207, -0.7971526980400085, 0.0929911807179451, 0.74418705701828, 0.5060768723487854, -0.4359714090824127, 0.3004760146141052, 0.3292929530143738, 0.8951433897018433),
            ["RightUpperArm"] = CFrame.new(-0.0000029802322387695312, -0.000002428889274597168, 0.000007525086402893066, 0.612376868724823, -0.5162960886955261, -0.5986858010292053, 0.45355066657066345, 0.8497119545936584, -0.26884591579437256, 0.6475232243537903, -0.10690199583768845, 0.7545179724693298),
        }},
        {Time = 0.100, Data = {
            ["LeftLowerArm"] = CFrame.new(-7.450580596923828e-08, -2.9802322387695312e-08, -1.4901161193847656e-07, 1, -0.00000800198449724121, -0.0000017024450471581076, 0.000003814696810877649, 0.6313276290893555, -0.775516152381897, 0.000007377936526609119, 0.7755162715911865, 0.631327748298645),
            ["LeftFoot"] = CFrame.new(3.986060619354248e-07, -2.086162567138672e-07, 3.725290298461914e-09, 0.6733825206756592, -0.7339646220207214, 0.08861704915761948, 0.6529890894889832, 0.5342785120010376, -0.5367962718009949, 0.3466428220272064, 0.41933587193489075, 0.8390451669692993),
            ["R_SupportKnifeHandle"] = CFrame.new(-0.0030957013368606567, -0.035501629114151, 0.02178168296813965, 0.9190830588340759, -0.06628458946943283, -0.38844892382621765, -0.035729605704545975, 0.9676740169525146, -0.24966025352478027, 0.3924408555030823, 0.24333804845809937, 0.8870046138763428),
            ["L_KnifeHandle"] = CFrame.new(0.000007934868335723877, -0.000008355826139450073, -0.0000020563602447509766, 0.9901700019836426, 0.007358919829130173, 0.13968409597873688, 0.005627533886581659, 0.9957121014595032, -0.09234385937452316, -0.13975617289543152, 0.0922136977314949, 0.9858807921409607),
            ["RightHand"] = CFrame.new(-2.4959444999694824e-07, -2.7567148208618164e-07, 3.5390257835388184e-08, 0.8679341673851013, -0.21301396191120148, -0.4486817419528961, 0.13517743349075317, 0.9705711603164673, -0.19929569959640503, 0.4779303967952728, 0.112324558198452, 0.8711866140365601),
            ["HumanoidRootPart"] = CFrame.new(0, 0, 0, 1, 0, 0, 0, 1, 0, 0, 0, 1),
            ["R_KnifeHandle"] = CFrame.new(-0.000008868053555488586, -0.000011414289474487305, -0.00000813603401184082, 0.9984213709831238, -0.03421608731150627, -0.04455694928765297, 0.005242705810815096, 0.8464111089706421, -0.5325157046318054, 0.05592377111315727, 0.5314297080039978, 0.8452466130256653),
            ["RightLowerLeg"] = CFrame.new(-1.4901161193847656e-08, 1.4901161193847656e-08, 0, 1, -1.1920930376163597e-07, 3.725290653733282e-08, -4.4703490686970326e-08, 0.14666058123111725, 0.9891868829727173, -2.3841860752327193e-07, -0.9891868829727173, 0.14666052162647247),
            ["LeftUpperLeg"] = CFrame.new(6.258487701416016e-07, 1.7881393432617188e-07, 0.000001475214958190918, 0.6105842590332031, 0.7421652674674988, 0.27636319398880005, -0.7901399731636047, 0.5473027229309082, 0.27593183517456055, 0.053533244878053665, -0.3868468999862671, 0.9205895066261292),
            ["LeftLowerLeg"] = CFrame.new(-2.4586915969848633e-07, -1.1920928955078125e-07, -8.940696716308594e-08, 1, 2.2351741790771484e-08, 1.4901161193847656e-08, -7.4505797087454084e-09, 0.5848062038421631, 0.8111732006072998, 1.4901159417490817e-08, -0.8111730813980103, 0.5848060846328735),
            ["LowerTorso"] = CFrame.new(-0.0009603928774595261, -0.7252252697944641, -0.23910224437713623, 0.9942143559455872, 0.06330910325050354, 0.08677448332309723, -0.015786251053214073, 0.8851950764656067, -0.4649522304534912, -0.10624806582927704, 0.46089234948158264, 0.8810730576515198),
            ["Head"] = CFrame.new(7.450580596923828e-09, -5.364418029785156e-07, 2.421438694000244e-07, 0.9070239663124084, 0.12638573348522186, -0.4016643464565277, -0.06698530167341232, 0.9850538372993469, 0.15868838131427765, 0.41571688652038574, -0.11702831834554672, 0.9019333720207214),
            ["UpperTorso"] = CFrame.new(2.0489096641540527e-08, 0, -2.682209014892578e-07, 0.9987638592720032, -0.03420938923954964, -0.03606288880109787, 0.04725930094718933, 0.8783876895904541, 0.47560638189315796, 0.01540701650083065, -0.47672292590141296, 0.8789186477661133),
            ["LeftUpperArm"] = CFrame.new(0.0000018477439880371094, -0.0000015050172805786133, 0.000010758638381958008, 0.7188839912414551, 0.42377662658691406, 0.5510089993476868, -0.4637034833431244, 0.8828895688056946, -0.07403933256864548, -0.5178657174110413, -0.2022855281829834, 0.8312082886695862),
            ["RightLowerArm"] = CFrame.new(1.7136335372924805e-07, 2.9802322387695312e-08, 5.960464477539063e-08, 1, 0.000015094988157215994, 0.000004347384219727246, -0.000006757678420399316, 0.6600097417831421, -0.7512571215629578, -0.00001425296431989409, 0.7512571215629578, 0.6600096821784973),
            ["LeftHand"] = CFrame.new(-3.604218363761902e-07, -5.662441253662109e-07, 2.9243528842926025e-07, 0.9102312922477722, 0.0632903054356575, 0.4092351198196411, -0.07188205420970917, 0.9973973035812378, 0.005629810970276594, -0.4078136384487152, -0.03454112261533737, 0.9124115705490112),
            ["RightFoot"] = CFrame.new(-2.421438694000244e-07, -3.427267074584961e-07, 0, 0.8625151515007019, 0.5058175325393677, 0.014747179113328457, -0.49420100450515747, 0.8482569456100464, -0.19032616913318634, -0.10877972841262817, 0.15687230229377747, 0.9816101789474487),
            ["RightUpperLeg"] = CFrame.new(-2.682209014892578e-07, 5.960464477539063e-08, -0.000001430511474609375, 0.6196280717849731, -0.7725372314453125, 0.13873283565044403, 0.731695294380188, 0.5045691728591919, -0.458291620016098, 0.284047931432724, 0.3854818642139435, 0.8779077529907227),
            ["RightUpperArm"] = CFrame.new(-0.000003129243850708008, -0.0000022202730178833008, 0.000008881092071533203, 0.6288632154464722, -0.4426763653755188, -0.6391865015029907, 0.44127967953681946, 0.8800702691078186, -0.17534473538398743, 0.6401588320732117, -0.17179657518863678, 0.7487956881523132),
        }},
        {Time = 0.133, Data = {
            ["LeftLowerArm"] = CFrame.new(-5.21540641784668e-08, 1.4901161193847656e-07, 2.9802322387695312e-08, 1, -0.00000627344888926018, -0.000004406976586324163, -8.046627044677734e-07, 0.4819639325141907, -0.8761910796165466, 0.000007595866918563843, 0.8761910200119019, 0.48196399211883545),
            ["LeftFoot"] = CFrame.new(1.601874828338623e-07, -1.6391277313232422e-07, -1.6391277313232422e-07, 0.6668139696121216, -0.7399431467056274, 0.08856736868619919, 0.6600576043128967, 0.5312495231628418, -0.5311272144317627, 0.34595251083374023, 0.4126233756542206, 0.8426504731178284),
            ["R_SupportKnifeHandle"] = CFrame.new(-0.0030957460403442383, -0.035502053797245026, 0.021781891584396362, 0.9190829992294312, -0.06628452241420746, -0.38844892382621765, -0.03572957217693329, 0.9676740765571594, -0.24966032803058624, 0.39244088530540466, 0.24333810806274414, 0.8870046138763428),
            ["L_KnifeHandle"] = CFrame.new(0.000011660158634185791, -0.000008869916200637817, -0.0000020563602447509766, 0.9901668429374695, 0.0073623876087367535, 0.1397094577550888, 0.005627318285405636, 0.9957128167152405, -0.09233664721250534, -0.1397780478000641, 0.09220584481954575, 0.9858779907226562),
            ["RightHand"] = CFrame.new(-4.200264811515808e-07, -1.043081283569336e-07, -5.662441253662109e-07, 0.8449227809906006, -0.18482542037963867, -0.5019412040710449, 0.0957750752568245, 0.9755144119262695, -0.1979871541261673, 0.526244044303894, 0.11921115219593048, 0.8419359922409058),
            ["HumanoidRootPart"] = CFrame.new(0, 0, 0, 1, 0, 0, 0, 1, 0, 0, 0, 1),
            ["R_KnifeHandle"] = CFrame.new(-0.000009590759873390198, -0.000011146068572998047, -0.000007927417755126953, 0.9984201192855835, -0.03421622887253761, -0.04458256810903549, 0.005230765789747238, 0.8464078903198242, -0.5325204730033875, 0.05594554543495178, 0.5314348936080933, 0.8452422618865967),
            ["RightLowerLeg"] = CFrame.new(2.9802322387695312e-08, -3.650784492492676e-07, 2.086162567138672e-07, 1, -1.0430809993522416e-07, -8.195636524988004e-08, 1.4901162970204496e-08, 0.12676014006137848, 0.9919334650039673, -1.3411046495548362e-07, -0.9919334053993225, 0.12676014006137848),
            ["LeftUpperLeg"] = CFrame.new(4.76837158203125e-07, -1.1920928955078125e-07, 0.0000016391277313232422, 0.6018859148025513, 0.7465688586235046, 0.2834916412830353, -0.7969375252723694, 0.5387545824050903, 0.2731916010379791, 0.05122445151209831, -0.39035701751708984, 0.9192382097244263),
            ["LeftLowerLeg"] = CFrame.new(6.705522537231445e-08, 5.960464477539063e-08, -5.960464477539063e-08, 1, 4.4703490686970326e-08, 1.043081283569336e-07, -5.21540641784668e-08, 0.5928564071655273, 0.8053082227706909, 2.9802322387695312e-08, -0.8053082227706909, 0.5928564071655273),
            ["LowerTorso"] = CFrame.new(0.010351604782044888, -0.7315124273300171, -0.24183985590934753, 0.9949362874031067, 0.05812005326151848, 0.08200030028820038, -0.014069369062781334, 0.88835608959198, -0.45893946290016174, -0.09951908886432648, 0.45546191930770874, 0.8846753239631653),
            ["Head"] = CFrame.new(-7.450580596923828e-09, 6.556510925292969e-07, 1.9371509552001953e-07, 0.9524991512298584, 0.06375634670257568, -0.2977929413318634, -0.011703411117196083, 0.9847813248634338, 0.17340433597564697, 0.30431652069091797, -0.16168205440044403, 0.938749372959137),
            ["UpperTorso"] = CFrame.new(0, 2.384185791015625e-07, -8.940696716308594e-08, 0.9991903901100159, -0.034659456461668015, -0.02043136954307556, 0.040208715945482254, 0.8779925107955933, 0.4769827425479889, 0.0014066334115341306, -0.47741806507110596, 0.8786752223968506),
            ["LeftUpperArm"] = CFrame.new(0.000002086162567138672, -6.109476089477539e-07, 0.000011920928955078125, 0.7198259234428406, 0.33879727125167847, 0.6058531403541565, -0.43274053931236267, 0.9014602899551392, 0.010047489777207375, -0.5427579879760742, -0.26941749453544617, 0.7955130934715271),
            ["RightLowerArm"] = CFrame.new(-4.3213367462158203e-07, 3.2782554626464844e-07, -5.960464477539063e-08, 1, 0.000011980616363871377, 0.000005349482307792641, -0.000004097819783055456, 0.6745020151138306, -0.7382729649543762, -0.000012475999028538354, 0.738273024559021, 0.6745020747184753),
            ["LeftHand"] = CFrame.new(1.3597309589385986e-07, -3.8743019104003906e-07, 2.0023435354232788e-08, 0.9012758135795593, -0.026230234652757645, 0.43245112895965576, -0.0004277238913346082, 0.9981112480163574, 0.06143161281943321, -0.4332456588745117, -0.055551838129758835, 0.8995622396469116),
            ["RightFoot"] = CFrame.new(-2.3096799850463867e-07, -1.2293457984924316e-07, -3.0547380447387695e-07, 0.864489734172821, 0.5024846196174622, 0.012968279421329498, -0.49010518193244934, 0.8483598828315735, -0.20020166039466858, -0.11159955710172653, 0.1667175590991974, 0.979668915271759),
            ["RightUpperLeg"] = CFrame.new(-5.960464477539063e-08, -2.086162567138672e-07, -0.0000012814998626708984, 0.6272054314613342, -0.7648748159408569, 0.14689964056015015, 0.7239593267440796, 0.5029807090759277, -0.4721149504184723, 0.2872219681739807, 0.4024636745452881, 0.8692111968994141),
            ["RightUpperArm"] = CFrame.new(-0.0000033676624298095703, -0.000001519918441772461, 0.000010102987289428711, 0.6355413198471069, -0.39487048983573914, -0.6634416580200195, 0.44655176997184753, 0.8889985084533691, -0.10134201496839523, 0.6298243999481201, -0.2318599671125412, 0.7413332462310791),
        }},
        {Time = 0.167, Data = {
            ["LeftLowerArm"] = CFrame.new(-1.1920928955078125e-07, 8.940696716308594e-08, -2.9802322387695312e-08, 1, -0.000005751912794949021, -0.000004466573955141939, -0.0000021755697616754333, 0.3483411371707916, -0.937367856502533, 0.0000069458046709769405, 0.937367856502533, 0.3483411371707916),
            ["LeftFoot"] = CFrame.new(2.7939677238464355e-07, -1.1920928955078125e-07, -3.203749656677246e-07, 0.668579638004303, -0.7383756637573242, 0.08833783119916916, 0.6600627899169922, 0.5345200300216675, -0.5278293490409851, 0.342517614364624, 0.41120508313179016, 0.844744086265564),
            ["R_SupportKnifeHandle"] = CFrame.new(-0.0030956417322158813, -0.0355013832449913, 0.02178192138671875, 0.9190829992294312, -0.06628451496362686, -0.38844889402389526, -0.03572964668273926, 0.9676740169525146, -0.2496602088212967, 0.3924408555030823, 0.24333806335926056, 0.8870046138763428),
            ["L_KnifeHandle"] = CFrame.new(0.000012256205081939697, -0.00000986829400062561, -0.000002652406692504883, 0.9901694655418396, 0.007367487531155348, 0.13969160616397858, 0.005620722658932209, 0.9957144260406494, -0.09232094138860703, -0.1397601217031479, 0.09218749403953552, 0.9858818650245667),
            ["RightHand"] = CFrame.new(-4.917383193969727e-07, 8.940696716308594e-08, -4.5821070671081543e-07, 0.8705520033836365, -0.23368650674819946, -0.4330471158027649, 0.06550262868404388, 0.9272412657737732, -0.3686906397342682, 0.4876972734928131, 0.29259923100471497, 0.8225190043449402),
            ["HumanoidRootPart"] = CFrame.new(0, 0, 0, 1, 0, 0, 0, 1, 0, 0, 0, 1),
            ["R_KnifeHandle"] = CFrame.new(-0.000007249414920806885, -0.00000712275505065918, -0.000004678964614868164, 0.9984219670295715, -0.03420873358845711, -0.04454559460282326, 0.005245113279670477, 0.8464145660400391, -0.5325056314468384, 0.055913157761096954, 0.5314247608184814, 0.845253586769104),
            ["RightLowerLeg"] = CFrame.new(-1.9371509552001953e-07, -5.21540641784668e-08, 2.9802322387695312e-08, 1, -2.9802322387695312e-08, -5.21540641784668e-08, 7.450581307466564e-08, 0.1309652477502823, 0.9913870096206665, -7.450581307466564e-08, -0.9913870096206665, 0.1309652030467987),
            ["LeftUpperLeg"] = CFrame.new(5.662441253662109e-07, 2.9802322387695312e-08, 0.000001341104507446289, 0.6033486127853394, 0.7486941814422607, 0.27463921904563904, -0.7965120673179626, 0.5488130450248718, 0.2537176311016083, 0.039231762290000916, -0.37183523178100586, 0.9274700284004211),
            ["LeftLowerLeg"] = CFrame.new(-1.1920928955078125e-07, 5.960464477539063e-08, 8.940696716308594e-08, 1, 4.470348358154297e-08, 5.960463766996327e-08, 2.9802322387695312e-08, 0.5906177163124084, 0.8069514632225037, -2.9802322387695312e-08, -0.8069514632225037, 0.5906177163124084),
            ["LowerTorso"] = CFrame.new(0.01326797716319561, -0.7274355292320251, -0.2358919382095337, 0.9945205450057983, 0.057225484400987625, 0.08748770505189896, -0.012436597608029842, 0.8956939578056335, -0.44449731707572937, -0.10379878431558609, 0.4409737288951874, 0.8914977312088013),
            ["Head"] = CFrame.new(-1.4901161193847656e-08, -2.9802322387695312e-08, 2.3096799850463867e-07, 0.9952045679092407, -0.06123669818043709, 0.07627514749765396, 0.05095873400568962, 0.9901933073997498, 0.13007888197898865, -0.08349277824163437, -0.1255679875612259, 0.9885654449462891),
            ["UpperTorso"] = CFrame.new(0, 0, -1.4901161193847656e-07, 0.9994797706604004, -0.03092392347753048, -0.00915752723813057, 0.031565986573696136, 0.8797515630722046, 0.4743846654891968, -0.006613467819988728, -0.4744270443916321, 0.8802700042724609),
            ["LeftUpperArm"] = CFrame.new(0.0000019669532775878906, -8.791685104370117e-07, 0.000012189149856567383, 0.7336149215698242, 0.34527483582496643, 0.5853081345558167, -0.4344290494918823, 0.9006065130233765, 0.01323834341019392, -0.5225711464881897, -0.2639947831630707, 0.8107028603553772),
            ["RightLowerArm"] = CFrame.new(4.023313522338867e-07, -1.7881393432617188e-07, -2.384185791015625e-07, 1, 0.000009700718692329247, 0.000004611880740412744, -0.0000035762777770287357, 0.7050951719284058, -0.7091126441955566, -0.00001009180869004922, 0.709112823009491, 0.7050952315330505),
            ["LeftHand"] = CFrame.new(3.0919909477233887e-07, -2.8312206268310547e-07, -1.4156103134155273e-07, 0.9026187658309937, -0.02625666931271553, 0.42963945865631104, -0.015421955846250057, 0.9955244064331055, 0.09323915839195251, -0.43016472458839417, -0.09078527241945267, 0.8981739282608032),
            ["RightFoot"] = CFrame.new(-2.60770320892334e-07, -2.8312206268310547e-07, 1.4901161193847656e-08, 0.8665493726730347, 0.4989856481552124, 0.010328706353902817, -0.4873507618904114, 0.850445032119751, -0.19806815683841705, -0.10761680454015732, 0.16660316288471222, 0.9801338315010071),
            ["RightUpperLeg"] = CFrame.new(-4.470348358154297e-07, 1.7881393432617188e-07, -0.0000014156103134155273, 0.628868818283081, -0.7648502588272095, 0.13974052667617798, 0.716118574142456, 0.4997825026512146, -0.4872276484966278, 0.3028172552585602, 0.40647438168525696, 0.8620219230651855),
            ["RightUpperArm"] = CFrame.new(-0.0000031888484954833984, -0.0000013113021850585938, 0.00000998377799987793, 0.6609960198402405, -0.4002169668674469, -0.634745180606842, 0.45382559299468994, 0.8868719935417175, -0.08658931404352188, 0.5976008176803589, -0.23083436489105225, 0.7678547501564026),
        }},
        {Time = 0.200, Data = {
            ["LeftLowerArm"] = CFrame.new(-1.4156103134155273e-07, -1.4901161193847656e-07, -1.7881393432617188e-07, 1, -0.000007316560186154675, -0.0000035166322049917653, -0.0000019818546661554137, 0.2033340483903885, -0.9791094660758972, 0.000007920899406599347, 0.979109525680542, 0.20333388447761536),
            ["LeftFoot"] = CFrame.new(1.564621925354004e-07, -8.940696716308594e-08, -2.3096799850463867e-07, 0.6771708130836487, -0.7304298281669617, 0.08895516395568848, 0.6580608487129211, 0.5470702648162842, -0.5173667073249817, 0.3292350769042969, 0.40888428688049316, 0.8511279225349426),
            ["R_SupportKnifeHandle"] = CFrame.new(-0.003095880150794983, -0.0355018675327301, 0.021781891584396362, 0.9190829992294312, -0.06628451496362686, -0.3884489834308624, -0.03572952002286911, 0.9676740765571594, -0.24966031312942505, 0.3924408257007599, 0.24333806335926056, 0.8870046138763428),
            ["L_KnifeHandle"] = CFrame.new(0.000014282763004302979, -0.000007405877113342285, -0.000003546476364135742, 0.990173876285553, 0.007381024770438671, 0.13966158032417297, 0.00560046685859561, 0.9957178235054016, -0.09228326380252838, -0.13972975313663483, 0.09215011447668076, 0.9858896732330322),
            ["RightHand"] = CFrame.new(2.1047890186309814e-07, -2.980232238769531e-07, -7.82310962677002e-08, 0.8922677636146545, -0.2533615231513977, -0.37371930480003357, 0.08314000070095062, 0.9057595133781433, -0.4155563414096832, 0.4437859058380127, 0.3397170901298523, 0.8292447328567505),
            ["HumanoidRootPart"] = CFrame.new(0, 0, 0, 1, 0, 0, 0, 1, 0, 0, 0, 1),
            ["R_KnifeHandle"] = CFrame.new(-0.000007150694727897644, -0.000007152557373046875, -0.000004887580871582031, 0.9984233975410461, -0.03421715274453163, -0.04450773075222969, 0.0052719200029969215, 0.8464324474334717, -0.5324768424034119, 0.055883895605802536, 0.5313957333564758, 0.8452736735343933),
            ["RightLowerLeg"] = CFrame.new(-1.1920928955078125e-07, -8.940696716308594e-08, 5.960464477539063e-08, 1, 1.4901159417490817e-08, -4.470347647611561e-08, 8.940696716308594e-08, 0.1592685729265213, 0.9872353672981262, -9.685754776000977e-08, -0.9872353672981262, 0.15926851332187653),
            ["LeftUpperLeg"] = CFrame.new(4.172325134277344e-07, -5.960464477539063e-08, 0.0000015944242477416992, 0.6125119924545288, 0.7437050938606262, 0.26782655715942383, -0.7900113463401794, 0.5645225048065186, 0.2391573190689087, 0.026668798178434372, -0.3580743968486786, 0.933312714099884),
            ["LeftLowerLeg"] = CFrame.new(5.21540641784668e-08, 1.1920928955078125e-07, 8.940696716308594e-08, 1, 5.960463766996327e-08, 5.960464477539063e-08, -1.4901161193847656e-08, 0.6016981601715088, 0.798723578453064, 2.9802322387695312e-08, -0.7987235188484192, 0.6016982197761536),
            ["LowerTorso"] = CFrame.new(0.012569205835461617, -0.7083641290664673, -0.2289448082447052, 0.9934922456741333, 0.058769963681697845, 0.0975676104426384, -0.010858898982405663, 0.9015727043151855, -0.43249136209487915, -0.11338182538747787, 0.428617388010025, 0.8963435292243958),
            ["Head"] = CFrame.new(-2.9802322387695312e-08, 1.1920928955078125e-07, 2.551823854446411e-07, 0.9797070026397705, -0.08768979460000992, 0.18023519217967987, 0.07481922954320908, 0.9942183494567871, 0.07702077925205231, -0.18594704568386078, -0.0619724839925766, 0.9806034564971924),
            ["UpperTorso"] = CFrame.new(-3.725290298461914e-09, -5.960464477539063e-08, -2.086162567138672e-07, 0.9996132850646973, -0.027570605278015137, -0.003628548001870513, 0.026029955595731735, 0.8817722201347351, 0.4709566831588745, -0.009784989058971405, -0.47086912393569946, 0.8821489214897156),
            ["LeftUpperArm"] = CFrame.new(0.0000016987323760986328, -0.0000011473894119262695, 0.000011861324310302734, 0.7464113831520081, 0.3738333582878113, 0.5505545139312744, -0.43346402049064636, 0.9008486866950989, -0.024017175659537315, -0.50495445728302, -0.22072650492191315, 0.8344537019729614),
            ["RightLowerArm"] = CFrame.new(3.3527612686157227e-07, -7.599592208862305e-07, -2.682209014892578e-07, 1, 0.000012278663234610576, 0.0000034756690183712635, -0.000004284084297978552, 0.5835750699043274, -0.812059223651886, -0.000011999161870335229, 0.8120593428611755, 0.5835750102996826),
            ["LeftHand"] = CFrame.new(-9.499490261077881e-08, -3.948807716369629e-07, -7.962808012962341e-08, 0.9027832746505737, 0.030431076884269714, 0.42901793122291565, -0.049196090549230576, 0.9982532858848572, 0.032715409994125366, -0.4272729754447937, -0.050640981644392014, 0.9027034044265747),
            ["RightFoot"] = CFrame.new(-1.4156103134155273e-07, -2.8312206268310547e-07, -1.862645149230957e-07, 0.8697993755340576, 0.493367075920105, 0.006254336331039667, -0.48339998722076416, 0.8546318411827087, -0.18954524397850037, -0.09886079281568527, 0.16184401512145996, 0.981852114200592),
            ["RightUpperLeg"] = CFrame.new(-5.364418029785156e-07, -1.4901161193847656e-07, -0.0000013709068298339844, 0.6291515827178955, -0.7687709927558899, 0.11471164971590042, 0.7083553671836853, 0.5063241720199585, -0.49180033802986145, 0.3200017809867859, 0.39067497849464417, 0.8631185293197632),
            ["RightUpperArm"] = CFrame.new(-0.000002950429916381836, -0.0000016391277313232422, 0.000008672475814819336, 0.677751898765564, -0.4242193400859833, -0.6005678772926331, 0.4332612156867981, 0.8903347253799438, -0.13995227217674255, 0.5940852165222168, -0.16535434126853943, 0.787230372428894),
        }},
        {Time = 0.233, Data = {
            ["LeftLowerArm"] = CFrame.new(-2.1606683731079102e-07, -3.725290298461914e-08, -1.1920928955078125e-07, 1, -0.000009130801117862575, -0.0000015348009583249222, -3.576278118089249e-07, 0.11757910251617432, -0.9930635094642639, 0.000009283422514272388, 0.9930636286735535, 0.11757898330688477),
            ["LeftFoot"] = CFrame.new(2.868473529815674e-07, -1.341104507446289e-07, -1.564621925354004e-07, 0.6882387399673462, -0.7198977470397949, 0.08986418694257736, 0.6552004814147949, 0.56358802318573, -0.5030698776245117, 0.3115122616291046, 0.4051121771335602, 0.859561026096344),
            ["R_SupportKnifeHandle"] = CFrame.new(-0.0030955523252487183, -0.03550157696008682, 0.021781980991363525, 0.9190830588340759, -0.0662846788764, -0.38844895362854004, -0.03572968766093254, 0.9676740169525146, -0.24966029822826385, 0.3924408257007599, 0.24333807826042175, 0.8870046734809875),
            ["L_KnifeHandle"] = CFrame.new(0.000016286969184875488, -0.0000012367963790893555, -0.000002175569534301758, 0.9901759028434753, 0.007399019785225391, 0.13964851200580597, 0.00557778961956501, 0.9957197308540344, -0.09225767850875854, -0.13971635699272156, 0.09212754666805267, 0.9858939051628113),
