return {
    ["Chicken Dinner Vibe"] = {
        {Time = 0.000, Data = {
            ["LeftFoot"] = CFrame.new(-4.0978193283081055e-08, 0, -4.470348358154297e-08, 0.9428327083587646, -0.09024917334318161, -0.3208140730857849, -0.04126928001642227, 0.9236087799072266, -0.38110846281051636, 0.33070144057273865, 0.3725612461566925, 0.8670840859413147),
            ["LeftLowerArm"] = CFrame.new(6.854534149169922e-07, -2.384185791015625e-07, 0.000004559755325317383, 1, 5.289916771289427e-07, -4.4703469370688254e-08, -6.705522537231445e-08, 0.3372165858745575, -0.94142746925354, -4.5262277126312256e-07, 0.9414271116256714, 0.33721545338630676),
            ["LowerTorso"] = CFrame.new(-0.42252808809280396, -0.33422601222991943, 0.03617077320814133, 0.8800334334373474, 0.456140398979187, 0.13220179080963135, -0.41210106015205383, 0.8718125820159912, -0.2647937536239624, -0.23603831231594086, 0.17854683101177216, 0.9551999568939209),
            ["Head"] = CFrame.new(-4.0046870708465576e-08, -7.152557373046875e-07, 3.725290298461914e-09, 0.9307223558425903, -0.022405928000807762, -0.36503955721855164, 0.014064665883779526, 0.9995760917663574, -0.025494221597909927, 0.3654561936855316, 0.01859387755393982, 0.9306429624557495),
            ["RightUpperArm"] = CFrame.new(-0.029202401638031006, -0.023886919021606445, 0.0649661123752594, 0.4335121810436249, -0.4705251455307007, 0.768552303314209, -0.07115332037210464, 0.8323244452476501, 0.5497031211853027, -0.8983343243598938, -0.292988121509552, 0.3273439109325409),
            ["UpperTorso"] = CFrame.new(-3.725290298461914e-08, 1.7881393432617188e-07, 2.9802322387695312e-08, 0.9092431664466858, -0.4145888686180115, 0.037324871867895126, 0.366102933883667, 0.8391255140304565, 0.40228942036628723, -0.1981048583984375, -0.35211417078971863, 0.914751410484314),
            ["HumanoidRootPart"] = CFrame.new(0, 0, 0, 1, 0, 0, 0, 1, 0, 0, 0, 1),
            ["RightHand"] = CFrame.new(9.387731552124023e-07, 0.0000011920928955078125, -7.972121238708496e-07, 0.756561279296875, -0.10685105621814728, 0.6451340317726135, 0.652692973613739, 0.06291238218545914, -0.7550058960914612, 0.040086399763822556, 0.9922826886177063, 0.11733843386173248),
            ["LeftUpperArm"] = CFrame.new(0.029202818870544434, -0.023888587951660156, 0.06496521830558777, 0.36106255650520325, 0.6714510917663574, -0.6471390724182129, -0.050041165202856064, 0.7069014310836792, 0.7055389285087585, 0.9311980605125427, -0.2223595231771469, 0.2888353168964386),
            ["RightLowerArm"] = CFrame.new(1.7881393432617188e-07, 0.0000011920928955078125, -0.0000032513635233044624, 1, -0.000017290936739300378, 0.00000850856213219231, 0.0000187605619430542, 0.7810757756233215, -0.6244362592697144, 0.000004141824319958687, 0.6244363188743591, 0.7810758352279663),
            ["LeftHand"] = CFrame.new(-0.0000015348196029663086, -4.172325134277344e-07, 4.172325134277344e-07, 0.49774032831192017, 0.2616020143032074, -0.8269332051277161, -0.8606338500976562, 0.2671813368797302, -0.4335032105445862, 0.10753632336854935, 0.9274581670761108, 0.3581291139125824),
            ["RightUpperLeg"] = CFrame.new(-5.960464477539063e-08, -3.259629011154175e-08, 6.744812708348036e-09, 0.4334295988082886, -0.9011474847793579, -0.00848858617246151, 0.8639793992042542, 0.4181945323944092, -0.2804516553878784, 0.2562781870365143, 0.11422192305326462, 0.9598305821418762),
            ["LeftUpperLeg"] = CFrame.new(1.1920928955078125e-07, 1.0244548320770264e-07, -4.470348358154297e-08, 0.8682426810264587, -0.1568673998117447, 0.4706882834434509, 0.15858283638954163, 0.9866779446601868, 0.03630677983164787, -0.47011303901672363, 0.043119970709085464, 0.8815522193908691),
            ["RightLowerLeg"] = CFrame.new(-1.043081283569336e-07, -0.0007264018058776855, 0.00004611287295119837, 1, 3.427267074584961e-07, -4.47035120032524e-08, -1.7136336794010276e-07, 0.14952051639556885, 0.9887586236000061, 3.3807012300712813e-07, -0.9887586236000061, 0.1495206207036972),
            ["RightFoot"] = CFrame.new(1.6391277313232422e-07, 2.384185791015625e-07, 5.3849362302571535e-08, 0.9635849595069885, 0.2529994547367096, -0.0865761786699295, -0.2608499526977539, 0.8181068301200867, -0.5125018954277039, -0.058834001421928406, 0.516422688961029, 0.8543103933334351),
            ["LeftLowerLeg"] = CFrame.new(6.705522537231445e-08, -0.0007261037826538086, 0.00008093193173408508, 1, 5.215407838932151e-08, 1.4901161193847656e-08, -2.2351745343485163e-08, 0.697991132736206, 0.7161063551902771, -7.450581485102248e-09, -0.7161065340042114, 0.6979912519454956),
        }},
        {Time = 0.033, Data = {
            ["LeftFoot"] = CFrame.new(4.470348358154297e-08, 1.1920928955078125e-07, 7.450580596923828e-09, 0.9398546814918518, -0.10603928565979004, -0.32469817996025085, -0.03277416154742241, 0.9182109832763672, -0.3947335183620453, 0.33999863266944885, 0.38163384795188904, 0.8595094084739685),
            ["LeftLowerArm"] = CFrame.new(0.0000011026859283447266, 1.1920928955078125e-07, 0.000004634261131286621, 1, 5.662444664267241e-07, 5.5879347371501353e-08, -1.1175873737556685e-07, 0.4007463753223419, -0.9161895513534546, -5.289913360684295e-07, 0.9161890745162964, 0.4007452726364136),
            ["LowerTorso"] = CFrame.new(-0.3767006993293762, -0.33749985694885254, 0.03256256878376007, 0.89354407787323, 0.4266807436943054, 0.13972391188144684, -0.3633061647415161, 0.869989812374115, -0.3333563506603241, -0.2637951076030731, 0.24710598587989807, 0.9323898553848267),
            ["Head"] = CFrame.new(7.450580596923828e-09, -7.152557373046875e-07, -1.4901161193847656e-08, 0.9237917065620422, -0.022552549839019775, -0.38223081827163696, -0.0012377076782286167, 0.9980827569961548, -0.061880923807621, 0.3828935921192169, 0.05763798952102661, 0.9219927191734314),
            ["RightUpperArm"] = CFrame.new(-0.02920222282409668, -0.02388620376586914, 0.06496608257293701, 0.3117118775844574, -0.5390821695327759, 0.7824485898017883, -0.04047415405511856, 0.8151964545249939, 0.5777685642242432, -0.9493142366409302, -0.21176667511463165, 0.23228788375854492),
            ["UpperTorso"] = CFrame.new(-1.043081283569336e-07, -3.5762786865234375e-07, -4.6566128730773926e-08, 0.932212233543396, -0.36176472902297974, 0.01033566053956747, 0.30912280082702637, 0.8107646703720093, 0.4970952570438385, -0.18821150064468384, -0.4602031111717224, 0.8676344156265259),
            ["HumanoidRootPart"] = CFrame.new(0, 0, 0, 1, 0, 0, 0, 1, 0, 0, 0, 1),
            ["RightHand"] = CFrame.new(0.000001087784767150879, 0.0000012516975402832031, -8.996576070785522e-07, 0.7249162793159485, -0.11364094167947769, 0.6793987154960632, 0.6868196725845337, 0.0438137911260128, -0.7255057692527771, 0.052680328488349915, 0.9925553798675537, 0.10981258004903793),
            ["LeftUpperArm"] = CFrame.new(0.029202699661254883, -0.023888111114501953, 0.06496509909629822, 0.2413017302751541, 0.6946285963058472, -0.6776923537254333, -0.0044239601120352745, 0.6991065740585327, 0.7150028347969055, 0.9704400897026062, -0.1695328801870346, 0.1717674732208252),
            ["RightLowerArm"] = CFrame.new(2.980232238769531e-07, 3.5762786865234375e-07, -0.0000037401914596557617, 1, -0.00001731468364596367, 0.00000842148165247636, 0.00001879967749118805, 0.7839546799659729, -0.6208177208900452, 0.000004135072231292725, 0.6208180785179138, 0.783954918384552),
            ["LeftHand"] = CFrame.new(-0.0000013262033462524414, -2.980232238769531e-07, 1.7881393432617188e-07, 0.4703105390071869, 0.20344814658164978, -0.858729362487793, -0.8821173906326294, 0.1370650976896286, -0.4506478011608124, 0.02601892314851284, 0.969444215297699, 0.24392718076705933),
            ["RightUpperLeg"] = CFrame.new(-1.7881393432617188e-07, -4.861503839492798e-07, -5.012407200410962e-08, 0.46291473507881165, -0.8820154070854187, -0.0880839079618454, 0.8574596047401428, 0.4707692563533783, -0.20770034193992615, 0.22466202080249786, 0.02061907947063446, 0.9742186069488525),
            ["LeftUpperLeg"] = CFrame.new(0, -4.805624485015869e-07, -1.4901161193847656e-08, 0.8905717134475708, -0.07226015627384186, 0.44906604290008545, 0.07239975035190582, 0.9972327351570129, 0.016886012628674507, -0.44904375076293945, 0.017474127933382988, 0.8933389782905579),
            ["RightLowerLeg"] = CFrame.new(-8.195638656616211e-08, -0.0007264614105224609, 0.0000460183437098749, 1, 3.166496753692627e-07, -2.980233659855003e-08, -1.4156103134155273e-07, 0.17292746901512146, 0.9849345684051514, 3.650784492492676e-07, -0.9849345684051514, 0.1729276180267334),
            ["RightFoot"] = CFrame.new(1.341104507446289e-07, 2.384185791015625e-07, 2.7772330213338137e-08, 0.9330220818519592, 0.3531459867954254, -0.06897810846567154, -0.3399828374385834, 0.8024634122848511, -0.4903712272644043, -0.11782007664442062, 0.48097851872444153, 0.8687797784805298),
            ["LeftLowerLeg"] = CFrame.new(5.960464477539063e-08, -0.0007264614105224609, 0.00008095428347587585, 1, 7.450581485102248e-09, 5.215407838932151e-08, -9.685756197086448e-08, 0.6482645273208618, 0.7614153027534485, 8.940698137394065e-08, -0.7614153027534485, 0.6482645273208618),
        }},
        {Time = 0.067, Data = {
            ["LeftFoot"] = CFrame.new(-5.21540641784668e-08, 5.960464477539063e-08, -5.21540641784668e-08, 0.9346376657485962, -0.13048693537712097, -0.33079513907432556, -0.02271694876253605, 0.9064320921897888, -0.42174032330513, 0.3548751473426819, 0.4016891121864319, 0.8442213535308838),
            ["LeftLowerArm"] = CFrame.new(7.748603820800781e-07, -1.7881393432617188e-07, 0.000005152076482772827, 1, 5.736949333368102e-07, 7.450579886381092e-08, -8.940698847936801e-08, 0.462794691324234, -0.8864660263061523, -6.109477794780105e-07, 0.8864654898643494, 0.46279376745224),
            ["LowerTorso"] = CFrame.new(-0.3154074549674988, -0.33565080165863037, 0.02917012758553028, 0.9239702224731445, 0.35336413979530334, 0.14633113145828247, -0.27108171582221985, 0.8749595284461975, -0.4011988043785095, -0.26980307698249817, 0.3310280740261078, 0.9042271375656128),
            ["Head"] = CFrame.new(3.725290298461914e-09, -9.5367431640625e-07, 3.725290298461914e-08, 0.9260193705558777, -0.027922341600060463, -0.37644174695014954, -0.014745451509952545, 0.9938234090805054, -0.10998954623937607, 0.3771878182888031, 0.10740318894386292, 0.9198880195617676),
            ["RightUpperArm"] = CFrame.new(-0.029202282428741455, -0.023886680603027344, 0.06496618688106537, 0.22199572622776031, -0.6069029569625854, 0.7631422281265259, 0.026190217584371567, 0.7861012816429138, 0.6175430417060852, -0.9746959209442139, -0.11710530519485474, 0.19040636718273163),
            ["UpperTorso"] = CFrame.new(-1.1920928955078125e-07, -5.960464477539063e-08, 1.30385160446167e-08, 0.96638023853302, -0.2570154666900635, -0.007233886048197746, 0.2121042162179947, 0.7809805274009705, 0.5874359607696533, -0.14533065259456635, -0.5692208409309387, 0.8092384338378906),
            ["HumanoidRootPart"] = CFrame.new(0, 0, 0, 1, 0, 0, 0, 1, 0, 0, 0, 1),
            ["RightHand"] = CFrame.new(0.0000010207295417785645, 0.0000010728836059570312, -8.493661880493164e-07, 0.7175254225730896, -0.12131093442440033, 0.6858874559402466, 0.6962581276893616, 0.09728238731622696, -0.7111682295799255, 0.019547805190086365, 0.9878358840942383, 0.15426687896251678),
            ["LeftUpperArm"] = CFrame.new(0.029203057289123535, -0.023888587951660156, 0.06496506929397583, 0.2219201773405075, 0.679435670375824, -0.6993713974952698, -0.00155460718087852, 0.7175009846687317, 0.6965551376342773, 0.9750635623931885, -0.15349163115024567, 0.16028332710266113),
            ["RightLowerArm"] = CFrame.new(1.4901161193847656e-07, 0.0000011324882507324219, -0.000003606081008911133, 1, -0.00001674983104749117, 0.000009590758963895496, 0.000018753107724478468, 0.7412199378013611, -0.6712619662284851, 0.0000041499724829918705, 0.6712623834609985, 0.741220235824585),
            ["LeftHand"] = CFrame.new(-0.000001430511474609375, -1.1920928955078125e-07, 1.341104507446289e-07, 0.49319711327552795, 0.0614752359688282, -0.8677422404289246, -0.86900395154953, 0.08052095770835876, -0.4882107377052307, 0.03985903784632683, 0.9948554039001465, 0.09313372522592545),
            ["RightUpperLeg"] = CFrame.new(-8.940696716308594e-08, -1.9744038581848145e-07, -5.757465260103345e-08, 0.5237163305282593, -0.8280448913574219, -0.20015732944011688, 0.8184700608253479, 0.5542503595352173, -0.15137121081352234, 0.23627939820289612, -0.0845472514629364, 0.9679998755455017),
            ["LeftUpperLeg"] = CFrame.new(-5.960464477539063e-08, -2.7567148208618164e-07, -5.960464477539063e-08, 0.9052024483680725, 0.07442069798707962, 0.41841378808021545, -0.06666550040245056, 0.997224748134613, -0.033145271241664886, -0.41971921920776367, 0.002109441440552473, 0.9076515436172485),
            ["RightLowerLeg"] = CFrame.new(-4.470348358154297e-08, -0.0007264018058776855, 0.00004606490983860567, 1, 4.116446632451698e-07, -7.450583439094771e-08, -8.195640788244418e-08, 0.22126877307891846, 0.9752129316329956, 3.799796957082435e-07, -0.9752129316329956, 0.22126881778240204),
            ["RightFoot"] = CFrame.new(1.4901161193847656e-07, 1.7881393432617188e-07, 1.6596459317952394e-08, 0.9272911548614502, 0.3743230700492859, -0.0036977529525756836, -0.32917991280555725, 0.810677170753479, -0.4841934144496918, -0.17824681103229523, 0.4502052664756775, 0.8749532699584961),
            ["LeftLowerLeg"] = CFrame.new(8.195638656616211e-08, -0.0007263422012329102, 0.00008088350296020508, 1, 2.9802318834981634e-08, 6.705522537231445e-08, -5.21540464148984e-08, 0.5735830664634705, 0.8191474676132202, 5.21540464148984e-08, -0.8191474676132202, 0.5735830068588257),
        }},
        {Time = 0.100, Data = {
            ["LeftFoot"] = CFrame.new(-7.450580596923828e-08, 5.960464477539063e-08, -3.725290298461914e-08, 0.9271466135978699, -0.16772839426994324, -0.33506128191947937, -0.0006731717730872333, 0.8934690952301025, -0.44912436604499817, 0.3746980130672455, 0.41662970185279846, 0.8282639980316162),
            ["LeftLowerArm"] = CFrame.new(6.556510925292969e-07, -3.5762786865234375e-07, 0.000005319714546203613, 1, 6.121119326962798e-07, -2.2351731132630448e-08, -1.1920931797249068e-07, 0.4596775472164154, -0.8880864381790161, -5.06639594277658e-07, 0.8880859017372131, 0.4596766531467438),
            ["LowerTorso"] = CFrame.new(-0.23893298208713531, -0.33179140090942383, 0.02747279591858387, 0.9563198685646057, 0.25016072392463684, 0.15123523771762848, -0.16107140481472015, 0.8826726078987122, -0.4415259063243866, -0.24394361674785614, 0.3978802561759949, 0.884411096572876),
            ["Head"] = CFrame.new(-1.4901161193847656e-08, -8.344650268554688e-07, 7.82310962677002e-08, 0.9381464123725891, -0.03193088620901108, -0.34476351737976074, -0.021706843748688698, 0.9883556365966797, -0.15060566365718842, 0.34555783867836, 0.14877364039421082, 0.926529049873352),
            ["RightUpperArm"] = CFrame.new(-0.02920234203338623, -0.023886561393737793, 0.06496614217758179, 0.1959589272737503, -0.6808329820632935, 0.7057381272315979, 0.10352443903684616, 0.7300330996513367, 0.6755253672599792, -0.9751322865486145, -0.05931463465094566, 0.21353943645954132),
            ["UpperTorso"] = CFrame.new(-3.3527612686157227e-08, 2.384185791015625e-07, 1.30385160446167e-08, 0.9905389547348022, -0.1366347223520279, -0.012791426852345467, 0.11287733912467957, 0.7581896185874939, 0.6421895027160645, -0.07804720848798752, -0.6375575661659241, 0.7664391994476318),
            ["HumanoidRootPart"] = CFrame.new(0, 0, 0, 1, 0, 0, 0, 1, 0, 0, 0, 1),
            ["RightHand"] = CFrame.new(9.313225746154785e-07, 0.0000011920928955078125, -9.238719940185547e-07, 0.7242628335952759, -0.09056807309389114, 0.6835504174232483, 0.6826111674308777, 0.23420001566410065, -0.6922368407249451, -0.097392737865448, 0.9679606556892395, 0.2314455658197403),
            ["LeftUpperArm"] = CFrame.new(0.029202580451965332, -0.023888230323791504, 0.06496523320674896, 0.3250136971473694, 0.6228005290031433, -0.7116795778274536, -0.011399820446968079, 0.7550593018531799, 0.6555566191673279, 0.9456406235694885, -0.20495136082172394, 0.2525028586387634),
            ["RightLowerArm"] = CFrame.new(1.7881393432617188e-07, 6.556510925292969e-07, -0.000004202127456665039, 1, -0.0000145789235830307, 0.000012606380551005714, 0.00001881644311652053, 0.5970519781112671, -0.8022022843360901, 0.000004164875008427771, 0.8022026419639587, 0.5970523357391357),
            ["LeftHand"] = CFrame.new(-0.0000014901161193847656, -1.1920928955078125e-07, 1.2665987014770508e-07, 0.5401620864868164, -0.1266002207994461, -0.8319833278656006, -0.8223887085914612, 0.13041363656520844, -0.5537778735160828, 0.17861101031303406, 0.9833437204360962, -0.03367108106613159),
            ["RightUpperLeg"] = CFrame.new(0, 7.450580596923828e-08, 1.3205863069742918e-08, 0.5825572609901428, -0.7426329255104065, -0.3303384780883789, 0.7571446895599365, 0.6436268091201782, -0.11169852316379547, 0.295565664768219, -0.18504324555397034, 0.9372299909591675),
            ["LeftUpperLeg"] = CFrame.new(-5.960464477539063e-08, 7.078051567077637e-08, 6.705522537231445e-08, 0.8891599774360657, 0.2550490200519562, 0.3799270689487457, -0.23095065355300903, 0.9668881893157959, -0.10857811570167542, -0.39503976702690125, 0.008798854425549507, 0.9186220169067383),
            ["RightLowerLeg"] = CFrame.new(1.4901161193847656e-08, -0.0007263422012329102, 0.00004607608570950106, 1, 2.980233659855003e-07, -1.0430815677864302e-07, -1.1920927533992653e-07, 0.29634013772010803, 0.9550825357437134, 3.27825517842939e-07, -0.9550825953483582, 0.29634013772010803),
            ["RightFoot"] = CFrame.new(1.6391277313232422e-07, 1.7881393432617188e-07, 4.546745913103223e-08, 0.9187588095664978, 0.38847142457962036, 0.07051382958889008, -0.3096100389957428, 0.8197157979011536, -0.48187968134880066, -0.24499760568141937, 0.4208991527557373, 0.873395562171936),
            ["LeftLowerLeg"] = CFrame.new(-2.2351741790771484e-08, -0.0007261037826538086, 0.00008094310760498047, 1, 0, 4.4703494239684005e-08, -1.0430814256778831e-07, 0.4972594976425171, 0.8676018714904785, 1.1920930376163597e-07, -0.8676019310951233, 0.49725961685180664),
        }},
        {Time = 0.133, Data = {
            ["LeftFoot"] = CFrame.new(1.1175870895385742e-08, 1.1920928955078125e-07, 5.21540641784668e-08, 0.9089199900627136, -0.21980376541614532, -0.3543313145637512, 0.028112780302762985, 0.8801458477973938, -0.47387033700942993, 0.4160216748714447, 0.42074912786483765, 0.8061614036560059),
            ["LeftLowerArm"] = CFrame.new(7.748603820800781e-07, -2.980232238769531e-07, 0.000004809349775314331, 1, 5.550685955313384e-07, 3.725288166833707e-08, -1.341104365337742e-07, 0.39382168650627136, -0.9191873073577881, -4.619359401658585e-07, 0.9191868305206299, 0.3938208818435669),
            ["LowerTorso"] = CFrame.new(-0.1538029909133911, -0.32835090160369873, 0.0279197096824646, 0.9818766117095947, 0.12619303166866302, 0.14139877259731293, -0.04894270747900009, 0.8896124958992004, -0.4540860652923584, -0.18309259414672852, 0.4389360845088959, 0.8796659708023071),
            ["Head"] = CFrame.new(-3.725290298461914e-09, -9.5367431640625e-07, 6.891787052154541e-08, 0.958604097366333, -0.047739215195178986, -0.28071197867393494, -0.008419770747423172, 0.980661928653717, -0.1955287605524063, 0.28461816906929016, 0.18979819118976593, 0.9396644830703735),
            ["RightUpperArm"] = CFrame.new(-0.02920222282409668, -0.023886561393737793, 0.06496624648571014, 0.21353696286678314, -0.750746488571167, 0.6251245737075806, 0.15308697521686554, 0.6576934456825256, 0.7375666499137878, -0.964866042137146, -0.06179934740066528, 0.25537165999412537),
            ["UpperTorso"] = CFrame.new(-2.2351741790771484e-08, 4.76837158203125e-07, -8.009374141693115e-08, 0.9997687339782715, -0.01769980415701866, -0.012218770571053028, 0.021342994645237923, 0.7462983131408691, 0.6652693748474121, -0.002656403696164489, -0.6653762459754944, 0.746503472328186),
            ["HumanoidRootPart"] = CFrame.new(0, 0, 0, 1, 0, 0, 0, 1, 0, 0, 0, 1),
            ["RightHand"] = CFrame.new(0.0000010542571544647217, 0.0000011324882507324219, -6.444752216339111e-07, 0.7187331914901733, -0.021860700100660324, 0.6949424743652344, 0.646723210811615, 0.38800686597824097, -0.6566576361656189, -0.25528740882873535, 0.9213972091674805, 0.29301154613494873),
            ["LeftUpperArm"] = CFrame.new(0.029202759265899658, -0.023888468742370605, 0.06496524065732956, 0.49089550971984863, 0.5183159112930298, -0.7002654671669006, 0.02662815898656845, 0.7944744825363159, 0.6067133545875549, 0.8708114624023438, -0.31647926568984985, 0.37620100378990173),
            ["RightLowerArm"] = CFrame.new(2.682209014892578e-07, 4.172325134277344e-07, -0.000003956258296966553, 1, -0.000010923481568170246, 0.000015862284271861427, 0.000018842516510630958, 0.3756903111934662, -0.9267451167106628, 0.00000422447874370846, 0.9267453551292419, 0.37569060921669006),
            ["LeftHand"] = CFrame.new(-0.0000014975666999816895, -4.172325134277344e-07, 2.980232238769531e-07, 0.5481007099151611, -0.2897208034992218, -0.7846308946609497, -0.7754496335983276, 0.17556080222129822, -0.6065126657485962, 0.31347036361694336, 0.9408721327781677, -0.12843956053256989),
            ["RightUpperLeg"] = CFrame.new(0, 2.3096799850463867e-07, -1.6952981241047382e-09, 0.6347798705101013, -0.6318768858909607, -0.4447318911552429, 0.673550009727478, 0.734548807144165, -0.08227073401212692, 0.37866219878196716, -0.24732539057731628, 0.8918773531913757),
            ["LeftUpperLeg"] = CFrame.new(0, 2.3096799850463867e-07, -8.195638656616211e-08, 0.834242045879364, 0.4421272575855255, 0.3294900059700012, -0.40032437443733215, 0.8965705037117004, -0.18947738409042358, -0.37918412685394287, 0.026167098432779312, 0.9249511957168579),
            ["RightLowerLeg"] = CFrame.new(-8.940696716308594e-08, -0.0007263422012329102, 0.00004606118454830721, 1, 2.831222047916526e-07, -7.450581307466564e-08, -8.195638656616211e-08, 0.3682219982147217, 0.92973792552948, 2.980232238769531e-07, -0.92973792552948, 0.3682221472263336),
            ["RightFoot"] = CFrame.new(1.9371509552001953e-07, 1.7881393432617188e-07, -6.535992724820971e-08, 0.920745313167572, 0.3588799834251404, 0.1530805230140686, -0.2469816952943802, 0.8398456573486328, -0.4833834171295166, -0.30204030871391296, 0.4072645902633667, 0.8619204163551331),
            ["LeftLowerLeg"] = CFrame.new(1.1175870895385742e-07, -0.0007266402244567871, 0.00008099526166915894, 1, 8.195640788244418e-08, 5.960465898624534e-08, -5.960465188081798e-08, 0.4345390200614929, 0.9006530046463013, 1.3411046495548362e-07, -0.900653064250946, 0.4345391094684601),
        }},
        {Time = 0.167, Data = {
            ["LeftFoot"] = CFrame.new(-2.9802322387695312e-08, 1.1920928955078125e-07, 7.450580596923828e-09, 0.8983558416366577, -0.28157860040664673, -0.33714985847473145, 0.08275645226240158, 0.8622723817825317, -0.4996374845504761, 0.4314025044441223, 0.42095109820365906, 0.7979300618171692),
            ["LeftLowerArm"] = CFrame.new(0.0000010728836059570312, -2.384185791015625e-07, 0.00000459328293800354, 1, 6.668273044851958e-07, 4.4703469370688254e-08, -1.788139627478813e-07, 0.36126279830932617, -0.9324642419815063, -5.364418598219345e-07, 0.9324641227722168, 0.3612622022628784),
            ["LowerTorso"] = CFrame.new(-0.0696110874414444, -0.32662951946258545, 0.03136807680130005, 0.993514895439148, -0.006098152603954077, 0.11353854835033417, 0.05555840954184532, 0.897271454334259, -0.4379693865776062, -0.09920409321784973, 0.44143712520599365, 0.8917914032936096),
            ["Head"] = CFrame.new(1.1175870895385742e-08, -9.5367431640625e-07, 3.259629011154175e-09, 0.9802430868148804, -0.06118834763765335, -0.18809452652931213, 0.019253969192504883, 0.9759501814842224, -0.21714192628860474, 0.19685745239257812, 0.20923009514808655, 0.9578465223312378),
            ["RightUpperArm"] = CFrame.new(-0.029202282428741455, -0.023886680603027344, 0.06496625393629074, 0.25471553206443787, -0.7953540682792664, 0.5500280261039734, 0.16493818163871765, 0.5961881279945374, 0.78572016954422, -0.9528459310531616, -0.1094149500131607, 0.28304266929626465),
            ["UpperTorso"] = CFrame.new(-9.313225746154785e-09, -3.8743019104003906e-07, 4.563480615615845e-08, 0.9960851073265076, 0.08706782758235931, -0.01528945006430149, -0.05597119778394699, 0.7550473809242249, 0.6532770991325378, 0.06842366605997086, -0.6498636603355408, 0.7569646239280701),
            ["HumanoidRootPart"] = CFrame.new(0, 0, 0, 1, 0, 0, 0, 1, 0, 0, 0, 1),
            ["RightHand"] = CFrame.new(9.685754776000977e-07, 0.0000010132789611816406, -5.774199962615967e-07, 0.710020124912262, 0.059624508023262024, 0.7016530632972717, 0.5923449993133545, 0.48823896050453186, -0.640897274017334, -0.3807874023914337, 0.8706708550453186, 0.31134170293807983),
            ["LeftUpperArm"] = CFrame.new(0.02920287847518921, -0.023888587951660156, 0.0649651512503624, 0.577864408493042, 0.3986710011959076, -0.7121344208717346, 0.11445987224578857, 0.8243578672409058, 0.554375946521759, 0.8080666065216064, -0.401865154504776, 0.43073421716690063),
            ["RightLowerArm"] = CFrame.new(1.1920928955078125e-07, 7.748603820800781e-07, -0.0000037122517824172974, 1, -0.000007358375114563387, 0.000017829243006417528, 0.000018876049580285326, 0.17112232744693756, -0.9852496981620789, 0.00000422075481765205, 0.9852498173713684, 0.17112292349338531),
            ["LeftHand"] = CFrame.new(-0.0000015255063772201538, -2.384185791015625e-07, 1.5459954738616943e-07, 0.5292908549308777, -0.3341503441333771, -0.7798675894737244, -0.7695837616920471, 0.1978996843099594, -0.6071058511734009, 0.357200562953949, 0.9215092062950134, -0.1524103879928589),
            ["RightUpperLeg"] = CFrame.new(-5.960464477539063e-08, -5.08967787027359e-07, 1.0633812053129077e-07, 0.68603515625, -0.4997780919075012, -0.528751015663147, 0.5625892877578735, 0.8252193331718445, -0.05006231740117073, 0.46135562658309937, -0.26312533020973206, 0.847299337387085),
            ["LeftUpperLeg"] = CFrame.new(2.9802322387695312e-08, -3.792811185121536e-07, -7.450580596923828e-09, 0.7587723731994629, 0.5975379943847656, 0.25925466418266296, -0.5423623919487, 0.8000168800354004, -0.25654682517051697, -0.36070457100868225, 0.05405060574412346, 0.9311127066612244),
            ["RightLowerLeg"] = CFrame.new(-7.450580596923828e-09, -0.0007260441780090332, 0.00004607608570950106, 1, 3.5017748700738593e-07, -8.940699558479537e-08, -5.21540641784668e-08, 0.4365602433681488, 0.8996748924255371, 3.427267074584961e-07, -0.8996750712394714, 0.4365604817867279),
            ["RightFoot"] = CFrame.new(1.4156103134155273e-07, 1.7881393432617188e-07, 1.6596459317952394e-08, 0.9289571642875671, 0.29827025532722473, 0.21925634145736694, -0.15993058681488037, 0.857525110244751, -0.48895102739334106, -0.3338574469089508, 0.41914868354797363, 0.8443065881729126),
            ["LeftLowerLeg"] = CFrame.new(-2.9802322387695312e-08, -0.0007263422012329102, 0.00008116662502288818, 1, 8.940698137394065e-08, 1.0430815677864302e-07, -8.940696716308594e-08, 0.3910280466079712, 0.9203787446022034, 0, -0.9203788638114929, 0.39102813601493835),
        }},
        {Time = 0.200, Data = {
            ["LeftFoot"] = CFrame.new(-3.725290298461914e-08, 1.1920928955078125e-07, -8.940696716308594e-08, 0.881860077381134, -0.3479626178741455, -0.3181903064250946, 0.14520201086997986, 0.8424460291862488, -0.5188459157943726, 0.44859713315963745, 0.41134747862815857, 0.7934442162513733),
            ["LeftLowerArm"] = CFrame.new(8.642673492431641e-07, -7.152557373046875e-07, 0.000004611327312886715, 1, 5.401672638072341e-07, 7.450574202039206e-08, -1.0430811414607888e-07, 0.35494664311408997, -0.9348869323730469, -6.10947552104335e-07, 0.9348865747451782, 0.3549458384513855),
            ["LowerTorso"] = CFrame.new(0.012975867837667465, -0.3261212110519409, 0.03944813460111618, 0.9875715970993042, -0.1403738558292389, 0.07069370150566101, 0.15692608058452606, 0.9057142734527588, -0.3937714993953705, -0.008753068745136261, 0.3999713063240051, 0.9164859652519226),
            ["Head"] = CFrame.new(-1.979060471057892e-09, -0.0000010728836059570312, -2.087472239509225e-08, 0.994240939617157, -0.06055622920393944, -0.08841993659734726, 0.039464786648750305, 0.9739571213722229, -0.22327114641666412, 0.09963779151439667, 0.21849580109119415, 0.9707378149032593),
            ["RightUpperArm"] = CFrame.new(-0.029202282428741455, -0.023886442184448242, 0.06496615707874298, 0.3497399091720581, -0.7968835830688477, 0.4926034212112427, 0.16101856529712677, 0.5691163539886475, 0.8063372373580933, -0.9229057431221008, -0.2026899755001068, 0.32735639810562134),
            ["UpperTorso"] = CFrame.new(-2.491287887096405e-08, 2.980232238769531e-07, -4.7963112592697144e-08, 0.9834437966346741, 0.18039298057556152, -0.017227206379175186, -0.13279086351394653, 0.7820783257484436, 0.6088678240776062, 0.12330847978591919, -0.5964996218681335, 0.7930846214294434),
            ["HumanoidRootPart"] = CFrame.new(0, 0, 0, 1, 0, 0, 0, 1, 0, 0, 0, 1),
            ["RightHand"] = CFrame.new(9.238719940185547e-07, 0.0000015497207641601562, -8.493661880493164e-07, 0.7032804489135742, 0.16566289961338043, 0.6913414001464844, 0.5093726515769958, 0.5609531998634338, -0.6525876522064209, -0.4959195554256439, 0.8111026287078857, 0.3101232945919037),
            ["LeftUpperArm"] = CFrame.new(0.029202759265899658, -0.023888468742370605, 0.06496517360210419, 0.6327641606330872, 0.29707321524620056, -0.7150931358337402, 0.17839354276657104, 0.8427132964134216, 0.5079466104507446, 0.7535153031349182, -0.4489787518978119, 0.4802418649196625),
            ["RightLowerArm"] = CFrame.new(2.384185791015625e-07, 5.960464477539062e-07, -0.0000034123659133911133, 1, -0.000004112720034754602, 0.000018924476535175927, 0.000018872320652008057, -0.0052185761742293835, -0.9999864101409912, 0.0000042282044887542725, 0.999986469745636, -0.005218603182584047),
            ["LeftHand"] = CFrame.new(-0.0000015981495380401611, -5.364418029785156e-07, 1.7136335372924805e-07, 0.5246338248252869, -0.33153748512268066, -0.7841176986694336, -0.7277590036392212, 0.30325332283973694, -0.615146815776825, 0.44173094630241394, 0.893375813961029, -0.08218264579772949),
            ["RightUpperLeg"] = CFrame.new(-2.9802322387695312e-08, 1.126900315284729e-07, 3.9282895158976316e-08, 0.751767635345459, -0.33546191453933716, -0.5677240490913391, 0.4087250828742981, 0.9126555323600769, 0.001946083502843976, 0.5174835324287415, -0.2335062474012375, 0.8232166171073914),
            ["LeftUpperLeg"] = CFrame.new(-5.960464477539063e-08, 7.450580596923828e-08, 3.725290298461914e-09, 0.65740966796875, 0.7300902009010315, 0.18649603426456451, -0.6607638597488403, 0.6775097250938416, -0.3230663537979126, -0.3622204065322876, 0.08915694057941437, 0.9278185963630676),
            ["RightLowerLeg"] = CFrame.new(1.1175870895385742e-08, -0.0007265806198120117, 0.00004621764674084261, 1, 3.1292447033592907e-07, -7.450584149637507e-08, -4.470347647611561e-08, 0.5160262584686279, 0.8565727472305298, 3.799795535996964e-07, -0.8565728068351746, 0.516026496887207),
            ["RightFoot"] = CFrame.new(2.4586915969848633e-07, 2.384185791015625e-07, -1.3205863069742918e-08, 0.9370313882827759, 0.25031793117523193, 0.2435428500175476, -0.10508191585540771, 0.8671018481254578, -0.48692092299461365, -0.3330616056919098, 0.4306684136390686, 0.8388056755065918),
            ["LeftLowerLeg"] = CFrame.new(-4.470348358154297e-08, -0.0007263422012329102, 0.0000810474157333374, 1, 1.1920931797249068e-07, -5.960463766996327e-08, -7.450580596923828e-08, 0.3648945689201355, 0.9310489296913147, 4.470348358154297e-08, -0.9310489296913147, 0.36489447951316833),
        }},
        {Time = 0.233, Data = {
            ["LeftFoot"] = CFrame.new(-1.341104507446289e-07, 1.1920928955078125e-07, -1.043081283569336e-07, 0.8573497533798218, -0.414359450340271, -0.30538061261177063, 0.20803308486938477, 0.8216003179550171, -0.5307495594024658, 0.4708223044872284, 0.3915088176727295, 0.790599524974823),
            ["LeftLowerArm"] = CFrame.new(8.344650268554688e-07, 2.384185791015625e-07, 0.000004945322871208191, 1, 4.991890136807342e-07, 2.9802293965985882e-08, -1.6391277313232422e-07, 0.3075917959213257, -0.9515185952186584, -5.960464477539062e-07, 0.9515185356140137, 0.3075913190841675),
            ["LowerTorso"] = CFrame.new(0.0907156839966774, -0.32709622383117676, 0.054456308484077454, 0.9626687169075012, -0.27057844400405884, 0.007506176829338074, 0.25790461897850037, 0.9084526896476746, -0.3289361894130707, 0.08218401670455933, 0.3185923993587494, 0.944322407245636),
            ["Head"] = CFrame.new(-7.566995918750763e-09, -0.0000011920928955078125, -1.0244548320770264e-07, 0.9984331130981445, -0.05563654750585556, 0.00600766483694315, 0.05544260889291763, 0.9689241647720337, -0.24106454849243164, 0.007591012865304947, 0.24101990461349487, 0.9704905152320862),
            ["RightUpperArm"] = CFrame.new(-0.029202401638031006, -0.023886561393737793, 0.06496602296829224, 0.48198816180229187, -0.7574971914291382, 0.4403223991394043, 0.13818326592445374, 0.5619804859161377, 0.815527081489563, -0.865212619304657, -0.33222898840904236, 0.3755421042442322),
            ["UpperTorso"] = CFrame.new(-4.6566128730773926e-08, -2.086162567138672e-07, 2.926390152424574e-08, 0.9621865153312683, 0.27209362387657166, -0.012739574536681175, -0.22182203829288483, 0.8098428249359131, 0.5430923104286194, 0.15808895230293274, -0.5197303891181946, 0.8395764231681824),
            ["HumanoidRootPart"] = CFrame.new(0, 0, 0, 1, 0, 0, 0, 1, 0, 0, 0, 1),
            ["RightHand"] = CFrame.new(0.0000010505318641662598, 0.0000011324882507324219, -6.556510925292969e-07, 0.6930202841758728, 0.27672359347343445, 0.6656932234764099, 0.3840692341327667, 0.6397250890731812, -0.6657642722129822, -0.6100931763648987, 0.7170606255531311, 0.3370618522167206),
            ["LeftUpperArm"] = CFrame.new(0.029202818870544434, -0.023888587951660156, 0.06496511399745941, 0.7237319350242615, 0.21354342997074127, -0.6562100052833557, 0.2077621966600418, 0.8393697142601013, 0.5022886991500854, 0.6580629944801331, -0.499857634305954, 0.5631115436553955),
            ["RightLowerArm"] = CFrame.new(1.4901161193847656e-07, 5.960464477539062e-07, -0.0000035837292671203613, 1, -4.0978164861371624e-07, 0.00001931191400217358, 0.000018883489246945828, -0.19861799478530884, -0.9800770878791809, 0.000004176049060333753, 0.9800769686698914, -0.19861768186092377),
            ["LeftHand"] = CFrame.new(-0.0000015599653124809265, -4.76837158203125e-07, 2.0116567611694336e-07, 0.5335227847099304, -0.3382008373737335, -0.7752243280410767, -0.623335063457489, 0.4622877240180969, -0.6306692957878113, 0.5716702342033386, 0.8197013735771179, 0.03582824766635895),
            ["RightUpperLeg"] = CFrame.new(-5.960464477539063e-08, -2.1606683731079102e-07, -2.6841007638722658e-08, 0.8257400393486023, -0.137394979596138, -0.5470613241195679, 0.20427967607975006, 0.9768834710121155, 0.06299658119678497, 0.5257596969604492, -0.16377252340316772, 0.8347187042236328),
            ["LeftUpperLeg"] = CFrame.new(2.9802322387695312e-08, -4.675239324569702e-07, 2.0721927285194397e-08, 0.5285975337028503, 0.8405764102935791, 0.11838895082473755, -0.7530083060264587, 0.528702437877655, -0.3917298913002014, -0.39187151193618774, 0.11791958659887314, 0.9124318361282349),
            ["RightLowerLeg"] = CFrame.new(-7.078051567077637e-08, -0.0007265210151672363, 0.00004599971725838259, 1, 2.5331974029541016e-07, -1.2665991278026922e-07, -4.470348358154297e-08, 0.6043992042541504, 0.7966811656951904, 2.60770320892334e-07, -0.7966816425323486, 0.6043999195098877),
            ["RightFoot"] = CFrame.new(1.2665987014770508e-07, 3.5762786865234375e-07, 4.639878170564771e-08, 0.9537730813026428, 0.20700335502624512, 0.21786876022815704, -0.08108719438314438, 0.8753229975700378, -0.47669079899787903, -0.28938207030296326, 0.43698880076408386, 0.8516449332237244),
            ["LeftLowerLeg"] = CFrame.new(1.4901161193847656e-08, -0.0007263422012329102, 0.00008101761341094971, 1, 2.1979212760925293e-07, -2.980233304583635e-08, -7.450579886381092e-08, 0.35212695598602295, 0.9359524250030518, 8.940695295223122e-08, -0.9359522461891174, 0.352126806974411),
        }},
        {Time = 0.267, Data = {
            ["LeftFoot"] = CFrame.new(-7.450580596923828e-09, 1.7881393432617188e-07, 0, 0.8444233536720276, -0.4756105840206146, -0.246461883187294, 0.28500112891197205, 0.7884619235992432, -0.5450712442398071, 0.45356762409210205, 0.390028715133667, 0.8013451099395752),
            ["LeftLowerArm"] = CFrame.new(6.556510925292969e-07, 5.960464477539063e-08, 0.0000047013163566589355, 1, 5.36441632448259e-07, -4.470347292340193e-08, -1.341104365337742e-07, 0.2535695433616638, -0.9673171639442444, -5.364417461350968e-07, 0.9673171043395996, 0.253569632768631),
            ["LowerTorso"] = CFrame.new(0.15055949985980988, -0.32475149631500244, 0.07053716480731964, 0.9250326156616211, -0.3731215298175812, -0.07138005644083023, 0.3450826406478882, 0.9038832187652588, -0.25281044840812683, 0.15884827077388763, 0.2092258781194687, 0.9648791551589966),
            ["Head"] = CFrame.new(-1.862645149230957e-09, -7.152557373046875e-07, 4.842877388000488e-08, 0.9924449920654297, -0.06476552784442902, 0.10420402884483337, 0.08879388123750687, 0.9652594327926636, -0.24574394524097443, -0.08466801792383194, 0.2531399428844452, 0.963717520236969),
            ["RightUpperArm"] = CFrame.new(-0.029202163219451904, -0.02388608455657959, 0.06496617197990417, 0.5959782600402832, -0.6919369101524353, 0.407471239566803, 0.10240031033754349, 0.5687816739082336, 0.8160890340805054, -0.7964445948600769, -0.4446466565132141, 0.40983638167381287),
            ["UpperTorso"] = CFrame.new(4.470348358154297e-08, -3.2782554626464844e-07, 7.935159374028444e-08, 0.9321924448013306, 0.3613402545452118, -0.021227220073342323, -0.31182560324668884, 0.8314656019210815, 0.4598151743412018, 0.18379923701286316, -0.4220168888568878, 0.8877609968185425),
            ["HumanoidRootPart"] = CFrame.new(0, 0, 0, 1, 0, 0, 0, 1, 0, 0, 0, 1),
            ["RightHand"] = CFrame.new(0.0000012636883184313774, 0.0000012516975402832031, -7.121125236153603e-07, 0.6763611435890198, 0.36442574858665466, 0.6401016116142273, 0.2515260875225067, 0.702518105506897, -0.6657347083091736, -0.6922935843467712, 0.6112791299819946, 0.3834935128688812),
            ["LeftUpperArm"] = CFrame.new(0.029202580451965332, -0.02388787269592285, 0.06496527791023254, 0.817436158657074, 0.1298576146364212, -0.561191737651825, 0.2222273051738739, 0.8277363181114197, 0.5152349472045898, 0.5314256548881531, -0.5458842515945435, 0.6477628946304321),
            ["RightLowerArm"] = CFrame.new(2.980232238769531e-07, 7.152557373046875e-07, -0.0000037848949432373047, 1, 0.000002659857500475482, 0.000019155444533680566, 0.00001885741949081421, -0.34962791204452515, -0.9368888139724731, 0.000004202127456665039, 0.9368887543678284, -0.3496277630329132),
            ["LeftHand"] = CFrame.new(-0.0000014901161193847656, -6.556510925292969e-07, 1.6391277313232422e-07, 0.5528956055641174, -0.3247831463813782, -0.7673459649085999, -0.5170993208885193, 0.5883828401565552, -0.6216228008270264, 0.653387188911438, 0.7404875159263611, 0.15736955404281616),
            ["RightUpperLeg"] = CFrame.new(5.960464477539063e-08, -2.812594175338745e-07, 9.480572771281004e-09, 0.8765937685966492, 0.04651521146297455, -0.4789777994155884, -0.0037504141218960285, 0.9959477186203003, 0.08985604345798492, 0.48121652007102966, -0.07697100192308426, 0.8732160329818726),
