return {
    ["Chicken Papa"] = {
        {Time = 0.000, Data = {
            ["RightFoot"] = CFrame.new(7.450580596923828e-08, 2.980232238769531e-07, -8.026108844205737e-08, 0.9603069424629211, 0.2525135576725006, -0.1185225173830986, -0.2785694897174835, 0.8901925683021545, -0.36049410700798035, 0.01447787694633007, 0.3792020380496979, 0.9252008199691772),
            ["LeftLowerArm"] = CFrame.new(3.2782554626464844e-07, 1.1920928955078125e-07, -5.960464477539063e-08, 1, -1.1641530406336642e-08, 7.823108916227284e-08, 4.470348358154297e-08, 0.8374840021133423, -0.5464619994163513, 3.725290298461914e-09, 0.5464619398117065, 0.8374839425086975),
            ["RightUpperArm"] = CFrame.new(-1.7881393432617188e-07, -3.5762786865234375e-07, 9.685754776000977e-08, 0.9232423305511475, -0.21768739819526672, 0.3166002631187439, 0.15085971355438232, 0.9632211327552795, 0.22236564755439758, -0.35336241126060486, -0.15753518044948578, 0.9221267700195312),
            ["Head"] = CFrame.new(3.725290298461914e-08, 1.1920928955078125e-07, -8.940696716308594e-08, 0.8587368130683899, 0.10345318913459778, 0.501865029335022, 0.04823343828320503, 0.958739697933197, -0.28016385436058044, -0.5101418495178223, 0.2647937536239624, 0.8183152675628662),
            ["LowerTorso"] = CFrame.new(-0.06962072849273682, -0.19467651844024658, 0.1776084303855896, 0.7481750249862671, 0.024869093671441078, -0.6630352139472961, 0.0741000771522522, 0.989914059638977, 0.12074484676122665, 0.6593507528305054, -0.1394692361354828, 0.7387861609458923),
            ["UpperTorso"] = CFrame.new(1.862645149230957e-08, 8.940696716308594e-08, -3.725290298461914e-08, 0.9814324975013733, -0.10535802692174911, 0.16028091311454773, 0.05722597986459732, 0.9584124684333801, 0.27959057688713074, -0.18307217955589294, -0.26522698998451233, 0.9466463327407837),
            ["HumanoidRootPart"] = CFrame.new(0, 0, 0, 1, 0, 0, 0, 1, 0, 0, 0, 1),
            ["RightUpperLeg"] = CFrame.new(1.1920928955078125e-07, -2.314336597919464e-07, 1.3205863069742918e-08, 0.9889838695526123, -0.1446782350540161, -0.031290266662836075, 0.11702100932598114, 0.8936324715614319, -0.4332749843597412, 0.09064750373363495, 0.4248403012752533, 0.9007183909416199),
            ["LeftUpperArm"] = CFrame.new(1.1920928955078125e-07, -4.76837158203125e-07, 0, 0.9242995381355286, 0.3475816547870636, -0.1576627641916275, -0.34762656688690186, 0.9372090101242065, 0.028196904808282852, 0.15756356716156006, 0.028745297342538834, 0.9870904088020325),
            ["RightLowerArm"] = CFrame.new(-2.384185791015625e-07, 8.344650268554688e-07, -8.940696716308594e-08, 1, -4.5169151974278066e-08, 9.720678484370637e-09, 3.632158041000366e-08, 0.7888343334197998, -0.6146060824394226, 2.2351741790771484e-08, 0.6146060228347778, 0.7888342142105103),
            ["LeftHand"] = CFrame.new(2.9802322387695312e-08, -5.960464477539063e-08, -2.682209014892578e-07, 0.9726305603981018, -0.0034126867540180683, 0.2323324978351593, 0.038286320865154266, 0.9885789155960083, -0.14576011896133423, -0.2291814237833023, 0.15066589415073395, 0.9616525173187256),
            ["LeftFoot"] = CFrame.new(3.934837877750397e-08, -1.1920928955078125e-07, 5.4016709327697754e-08, 0.9848130345344543, -0.16154052317142487, -0.06362299621105194, 0.14140444993972778, 0.958916962146759, -0.24593298137187958, 0.10073728859424591, 0.23320142924785614, 0.9671965837478638),
            ["RightHand"] = CFrame.new(5.21540641784668e-08, 5.960464477539063e-08, 9.313225746154785e-09, 0.9173170924186707, 0.216977059841156, -0.3338419497013092, -0.2720579206943512, 0.9537763595581055, -0.1276523768901825, 0.2907129228115082, 0.2079220712184906, 0.9339456558227539),
            ["RightLowerLeg"] = CFrame.new(-8.940696716308594e-08, -0.00006020069122314453, -0.00007204541907412931, 1, -9.685754776000977e-08, 7.450581485102248e-09, 6.705522537231445e-08, 0.7462183833122253, 0.6657009720802307, -8.940696716308594e-08, -0.6657013297080994, 0.7462186813354492),
            ["LeftUpperLeg"] = CFrame.new(5.960464477539063e-08, 4.6566128730773926e-09, -9.685754776000977e-08, 0.7228010296821594, 0.5623754262924194, 0.4016125202178955, -0.13068944215774536, 0.6819098591804504, -0.719666063785553, -0.678585946559906, 0.46768879890441895, 0.5663816332817078),
            ["LeftLowerLeg"] = CFrame.new(-1.6298145055770874e-07, 0.00006079673767089844, 0.00007211044430732727, 1, 9.417999535799026e-08, 3.3527612686157227e-08, -5.634500865880909e-08, 0.6150766611099243, 0.7884673476219177, 2.514570596190424e-08, -0.7884674072265625, 0.6150766015052795),
        }},
        {Time = 0.033, Data = {
            ["RightFoot"] = CFrame.new(-1.6763806343078613e-07, 3.5762786865234375e-07, -2.0656443666666746e-08, 0.9601718783378601, 0.24510560929775238, -0.13413956761360168, -0.2747659385204315, 0.9154537320137024, -0.2940202057361603, 0.050732456147670746, 0.3191671073436737, 0.9463397264480591),
            ["LeftLowerArm"] = CFrame.new(2.980232238769531e-07, 5.960464477539063e-08, -3.5762786865234375e-07, 1, -6.519256601222878e-08, -8.754431490842762e-08, 5.215404996761208e-08, 0.8279934525489807, -0.5607378482818604, 1.4901157641133977e-08, 0.5607379078865051, 0.8279933929443359),
            ["RightUpperArm"] = CFrame.new(-5.960464477539063e-08, -2.384185791015625e-07, -1.7136335372924805e-07, 0.9012137651443481, -0.24605721235275269, 0.3567487895488739, 0.1843780130147934, 0.9626644253730774, 0.19819700717926025, -0.39219704270362854, -0.1128411740064621, 0.9129339456558228),
            ["Head"] = CFrame.new(1.043081283569336e-07, -5.960464477539062e-07, -3.725290298461914e-08, 0.860396146774292, 0.07519175112247467, 0.5040484666824341, 0.08569519221782684, 0.9536262154579163, -0.28853684663772583, -0.5023692846298218, 0.2914505898952484, 0.8140526413917542),
            ["LowerTorso"] = CFrame.new(-0.05691864341497421, -0.19363713264465332, 0.17433854937553406, 0.7619462013244629, 0.02174149826169014, -0.6472753882408142, 0.06327156722545624, 0.9921565651893616, 0.10780653357505798, 0.6445423364639282, -0.12309691309928894, 0.7545942068099976),
            ["UpperTorso"] = CFrame.new(-7.450580596923828e-09, -2.9802322387695312e-08, -1.862645149230957e-09, 0.9871285557746887, -0.07521890848875046, 0.14113649725914001, 0.03660479933023453, 0.9653297066688538, 0.2584545910358429, -0.15568388998508453, -0.24996162950992584, 0.9556577801704407),
            ["HumanoidRootPart"] = CFrame.new(0, 0, 0, 1, 0, 0, 0, 1, 0, 0, 0, 1),
            ["RightUpperLeg"] = CFrame.new(1.1920928955078125e-07, -1.0617077350616455e-07, -1.6596459317952394e-08, 0.9895282983779907, -0.10505324602127075, 0.09898267686367035, 0.13971789181232452, 0.8692781329154968, -0.4741672873497009, -0.03623071685433388, 0.48303157091140747, 0.8748530149459839),
            ["LeftUpperArm"] = CFrame.new(1.7881393432617188e-07, -2.384185791015625e-07, -5.960464477539063e-08, 0.9191274642944336, 0.3497573435306549, -0.1813138723373413, -0.34531307220458984, 0.9367803931236267, 0.056582167744636536, 0.18964126706123352, 0.01060385350137949, 0.9817962646484375),
            ["RightLowerArm"] = CFrame.new(5.960464477539063e-08, -4.76837158203125e-07, -1.4901161193847656e-08, 1, -5.943002889807758e-08, 2.3952456018605517e-08, 4.470347647611561e-08, 0.8334630131721497, -0.5525753498077393, 1.862644971595273e-08, 0.552575409412384, 0.8334630727767944),
            ["LeftHand"] = CFrame.new(-3.2782554626464844e-07, 0, -4.470348358154297e-08, 0.9804816246032715, -0.0326061025261879, 0.19388821721076965, 0.05499289929866791, 0.9922724962234497, -0.11122554540634155, -0.18876349925994873, 0.11971711367368698, 0.974698007106781),
            ["LeftFoot"] = CFrame.new(2.2817403078079224e-08, -1.7881393432617188e-07, -5.21540641784668e-08, 0.9846907258033752, -0.16723544895648956, -0.04915891960263252, 0.15130086243152618, 0.9600555300712585, -0.23537538945674896, 0.08655840903520584, 0.22433419525623322, 0.9706605672836304),
            ["RightHand"] = CFrame.new(-1.341104507446289e-07, 7.152557373046875e-07, -4.307366907596588e-09, 0.9515827298164368, 0.2125588208436966, -0.22205650806427002, -0.2512485384941101, 0.9540196657180786, -0.16346454620361328, 0.17710043489933014, 0.21134145557880402, 0.9612337350845337),
            ["RightLowerLeg"] = CFrame.new(-1.4901161193847656e-08, -0.00006026029586791992, -0.00007198581442935392, 1, -8.195640788244418e-08, -5.96046660916727e-08, 1.0430814256778831e-07, 0.7091466784477234, 0.7050608992576599, -7.450581307466564e-08, -0.705061137676239, 0.7091467380523682),
            ["LeftUpperLeg"] = CFrame.new(-5.960464477539063e-08, -2.1420419216156006e-08, 2.9802322387695312e-08, 0.7464496493339539, 0.5395722985267639, 0.38945433497428894, -0.14172084629535675, 0.7007330060005188, -0.6992055773735046, -0.6501754522323608, 0.46672797203063965, 0.5995305776596069),
            ["LeftLowerLeg"] = CFrame.new(-4.7031790018081665e-08, 0.00006073713302612305, 0.00007195025682449341, 1, 8.358620817716655e-08, 3.585592622812328e-08, -6.845220923423767e-08, 0.6315006017684937, 0.7753753662109375, 4.330649971961975e-08, -0.7753754258155823, 0.631500780582428),
        }},
        {Time = 0.067, Data = {
            ["RightFoot"] = CFrame.new(-1.2665987014770508e-07, 2.980232238769531e-07, -5.75528247281909e-09, 0.9549732804298401, 0.25420835614204407, -0.15298515558242798, -0.283913791179657, 0.9326855540275574, -0.2224646359682083, 0.08613436669111252, 0.25588271021842957, 0.9628629684448242),
            ["LeftLowerArm"] = CFrame.new(1.1920928955078125e-07, 2.384185791015625e-07, 0, 1, -7.078050856534901e-08, 3.725290298461914e-09, 2.980232594040899e-08, 0.8248957991600037, -0.5652848482131958, 2.2351745343485163e-08, 0.5652848482131958, 0.8248958587646484),
            ["RightUpperArm"] = CFrame.new(0, 4.76837158203125e-07, 7.450580596923828e-08, 0.8616642951965332, -0.3011554777622223, 0.40846073627471924, 0.24388551712036133, 0.9515828490257263, 0.18710964918136597, -0.4450331926345825, -0.061608027666807175, 0.8933924436569214),
            ["Head"] = CFrame.new(0, 3.5762786865234375e-07, 1.7881393432617188e-07, 0.8478678464889526, 0.04452982917428017, 0.5283345580101013, 0.13695672154426575, 0.9442558884620667, -0.29937222599983215, -0.512213945388794, 0.3261871337890625, 0.7945054769515991),
            ["LowerTorso"] = CFrame.new(-0.041259460151195526, -0.19782686233520508, 0.1733262985944748, 0.7790073156356812, 0.01379733718931675, -0.6268630623817444, 0.05251353234052658, 0.9948098063468933, 0.08715485781431198, 0.6248119473457336, -0.10081308335065842, 0.7742395401000977),
            ["UpperTorso"] = CFrame.new(9.313225746154785e-09, -1.4901161193847656e-07, -9.313225746154785e-09, 0.9939976930618286, -0.03232518583536148, 0.10451704263687134, 0.00625276006758213, 0.9705758094787598, 0.24071481823921204, -0.10922277718782425, -0.2386164665222168, 0.9649521708488464),
            ["HumanoidRootPart"] = CFrame.new(0, 0, 0, 1, 0, 0, 0, 1, 0, 0, 0, 1),
            ["RightUpperLeg"] = CFrame.new(1.1920928955078125e-07, 7.916241884231567e-09, -7.620110409334302e-08, 0.9729877710342407, -0.05586767941713333, 0.22399497032165527, 0.16381347179412842, 0.8507547974586487, -0.4993811547756195, -0.16266533732414246, 0.5225849747657776, 0.836925745010376),
            ["LeftUpperArm"] = CFrame.new(1.7881393432617188e-07, -3.5762786865234375e-07, 1.1920928955078125e-07, 0.9037978649139404, 0.3699966073036194, -0.21506266295909882, -0.35566413402557373, 0.9288785457611084, 0.10338128358125687, 0.23801776766777039, -0.0169457346200943, 0.9711130261421204),
            ["RightLowerArm"] = CFrame.new(1.1920928955078125e-07, -5.960464477539063e-08, -1.9371509552001953e-07, 1, -7.310882210731506e-08, 1.2107191693644381e-08, 5.4016702222270396e-08, 0.8243259787559509, -0.5661153793334961, 2.2351738238057806e-08, 0.5661154389381409, 0.8243260979652405),
            ["LeftHand"] = CFrame.new(-2.9802322387695312e-08, 2.384185791015625e-07, 3.725290298461914e-08, 0.984674870967865, -0.09797374159097672, 0.14427971839904785, 0.1116524413228035, 0.9896668195724487, -0.08996369689702988, -0.13397490978240967, 0.10469432175159454, 0.9854390025138855),
            ["LeftFoot"] = CFrame.new(-2.2351741790771484e-08, -5.960464477539063e-08, 1.862645149230957e-09, 0.9839766025543213, -0.17206107079982758, -0.046744488179683685, 0.15738415718078613, 0.9613812565803528, -0.22577889263629913, 0.08378706127405167, 0.21480457484722137, 0.973056435585022),
            ["RightHand"] = CFrame.new(-2.2910535335540771e-07, -1.7881393432617188e-07, -3.725290298461914e-09, 0.969960629940033, 0.22396674752235413, -0.09494870901107788, -0.23574210703372955, 0.9617165923118591, -0.13973857462406158, 0.06001701205968857, 0.15792423486709595, 0.985625684261322),
            ["RightLowerLeg"] = CFrame.new(9.685754776000977e-08, -0.00006020069122314453, -0.00007207522139651701, 1, -1.0803340444454079e-07, 0, 8.940695295223122e-08, 0.6753149628639221, 0.7375292778015137, -8.195637946073475e-08, -0.7375295758247375, 0.675315260887146),
            ["LeftUpperLeg"] = CFrame.new(0, 4.1443854570388794e-08, -2.2351741790771484e-08, 0.7654358744621277, 0.5228515863418579, 0.3751458525657654, -0.1548863798379898, 0.7155159711837769, -0.6812099814414978, -0.624594509601593, 0.4633176028728485, 0.6286641359329224),
            ["LeftLowerLeg"] = CFrame.new(1.5366822481155396e-08, 0.00006085634231567383, 0.00007228925824165344, 1, 7.77654278749651e-08, 3.073364851502447e-08, -6.146728992462158e-08, 0.6397599577903748, 0.7685747742652893, 3.3527612686157227e-08, -0.7685747146606445, 0.6397600173950195),
        }},
        {Time = 0.100, Data = {
            ["RightFoot"] = CFrame.new(3.725290298461914e-09, 3.5762786865234375e-07, 9.145878721028566e-09, 0.9529778957366943, 0.26709818840026855, -0.14315004646778107, -0.29075148701667786, 0.9390445351600647, -0.1834632009267807, 0.08542139828205109, 0.21645759046077728, 0.9725479483604431),
            ["LeftLowerArm"] = CFrame.new(1.1920928955078125e-07, -5.960464477539063e-08, -5.364418029785156e-07, 1, -5.587935447692871e-08, -5.21540641784668e-08, 2.2351745343485163e-08, 0.8274043798446655, -0.5616066455841064, 3.725290653733282e-08, 0.5616067051887512, 0.8274044394493103),
            ["RightUpperArm"] = CFrame.new(0, -1.1920928955078125e-07, -1.1920928955078125e-07, 0.7865204811096191, -0.41048964858055115, 0.4613933861255646, 0.34181156754493713, 0.9116023778915405, 0.2283550202846527, -0.5143447518348694, -0.02189631573855877, 0.857304036617279),
            ["Head"] = CFrame.new(4.284083843231201e-08, 0, -1.043081283569336e-07, 0.8216724991798401, 0.024707725271582603, 0.569424033164978, 0.1899951696395874, 0.9300438761711121, -0.3145160675048828, -0.5373603105545044, 0.3666170835494995, 0.7594972252845764),
            ["LowerTorso"] = CFrame.new(-0.025440484285354614, -0.2076486349105835, 0.17584370076656342, 0.7980473041534424, 0.00244989525526762, -0.6025898456573486, 0.04108508676290512, 0.9974435567855835, 0.05846675485372543, 0.6011925935745239, -0.0714166909456253, 0.7959064841270447),
            ["UpperTorso"] = CFrame.new(5.587935447692871e-09, -5.960464477539063e-08, 1.6763806343078613e-08, 0.9985905885696411, 0.020436326041817665, 0.048981599509716034, -0.031509872525930405, 0.9709254503250122, 0.23729950189590454, -0.042707961052656174, -0.2385084480047226, 0.9702009558677673),
            ["HumanoidRootPart"] = CFrame.new(0, 0, 0, 1, 0, 0, 0, 1, 0, 0, 0, 1),
            ["RightUpperLeg"] = CFrame.new(1.1920928955078125e-07, 1.9435537979006767e-07, 1.3205863069742918e-08, 0.9477723836898804, -0.016309797763824463, 0.31853052973747253, 0.18597190082073212, 0.8396115899085999, -0.5103597044944763, -0.25911805033683777, 0.5429424047470093, 0.7987936735153198),
            ["LeftUpperArm"] = CFrame.new(0, -4.76837158203125e-07, -1.1920928955078125e-07, 0.8808746933937073, 0.40921181440353394, -0.23791947960853577, -0.380199134349823, 0.9110730886459351, 0.15935684740543365, 0.2819727659225464, -0.04991675540804863, 0.9581230878829956),
            ["RightLowerArm"] = CFrame.new(1.7881393432617188e-07, -9.5367431640625e-07, -4.246830940246582e-07, 1, -8.568166975919667e-08, 1.1175869119028903e-08, 3.911553747570906e-08, 0.7571778297424316, -0.65320885181427, 1.862644793959589e-08, 0.6532089114189148, 0.7571778297424316),
            ["LeftHand"] = CFrame.new(2.384185791015625e-07, -1.1920928955078125e-07, 4.470348358154297e-08, 0.9869919419288635, -0.13254648447036743, 0.09098502993583679, 0.1396561712026596, 0.9872177243232727, -0.07679474353790283, -0.07964308559894562, 0.08850237727165222, 0.9928868412971497),
            ["LeftFoot"] = CFrame.new(5.029141902923584e-08, 0, 0, 0.9832103252410889, -0.17706546187400818, -0.044106028974056244, 0.16356462240219116, 0.962335467338562, -0.2171572744846344, 0.08089582622051239, 0.20629705488681793, 0.9751396775245667),
            ["RightHand"] = CFrame.new(-1.043081283569336e-07, 0, 2.9802322387695312e-08, 0.9712274074554443, 0.23779109120368958, 0.013143548741936684, -0.23351283371448517, 0.9616909623146057, -0.1436050683259964, -0.04678797349333763, 0.13640402257442474, 0.989547848701477),
            ["RightLowerLeg"] = CFrame.new(-1.4901161193847656e-07, -0.000060439109802246094, -0.00007203051791293547, 1, -1.341104365337742e-07, -2.980232594040899e-08, 1.4901161193847656e-07, 0.6436532735824585, 0.7653170824050903, -1.1175870895385742e-07, -0.7653172016143799, 0.6436535716056824),
            ["LeftUpperLeg"] = CFrame.new(0, 1.6391277313232422e-07, 1.4901161193847656e-08, 0.786530613899231, 0.5070608854293823, 0.35250383615493774, -0.17137819528579712, 0.7276082038879395, -0.664240837097168, -0.593295156955719, 0.46203428506851196, 0.6591852307319641),
            ["LeftLowerLeg"] = CFrame.new(2.8870999813079834e-08, 0.00006091594696044922, 0.00007193908095359802, 1, 7.753260433673859e-08, 2.7939677238464355e-08, -8.102505688611927e-08, 0.6396037340164185, 0.7687047719955444, 4.656612162534657e-08, -0.7687047719955444, 0.6396037340164185),
        }},
        {Time = 0.133, Data = {
            ["RightFoot"] = CFrame.new(-8.195638656616211e-08, 2.980232238769531e-07, -5.045876605436206e-08, 0.9560067057609558, 0.2695509195327759, -0.11573119461536407, -0.2885470986366272, 0.9351564049720764, -0.20548270642757416, 0.05283857136964798, 0.22983698546886444, 0.9717938303947449),
            ["LeftLowerArm"] = CFrame.new(1.7881393432617188e-07, -3.5762786865234375e-07, -1.1920928955078125e-07, 1, -4.0978189730367376e-08, -6.146728992462158e-08, 8.381903882082042e-08, 0.8257097005844116, -0.5640952587127686, -2.980232594040899e-08, 0.5640951991081238, 0.8257097601890564),
            ["RightUpperArm"] = CFrame.new(-1.1920928955078125e-07, -1.1920928955078125e-07, -2.9802322387695312e-08, 0.6870534420013428, -0.5628719329833984, 0.4594917893409729, 0.4594894051551819, 0.8264511823654175, 0.32534289360046387, -0.5628740191459656, -0.012396380305290222, 0.8264498710632324),
            ["Head"] = CFrame.new(-1.7695128917694092e-08, -2.384185791015625e-07, -1.1920928955078125e-07, 0.798389732837677, 0.007075135596096516, 0.6020994186401367, 0.23355287313461304, 0.9180116057395935, -0.3204806447029114, -0.5550017952919006, 0.39649060368537903, 0.731278657913208),
            ["LowerTorso"] = CFrame.new(-0.008849532343447208, -0.2257375717163086, 0.18685877323150635, 0.8320568203926086, 0.004995804280042648, -0.5546679496765137, 0.027387626469135284, 0.9983698129653931, 0.05007631331682205, 0.5540139079093933, -0.05685737729072571, 0.8305636048316956),
            ["UpperTorso"] = CFrame.new(4.190951585769653e-09, 1.4901161193847656e-07, -7.683411240577698e-09, 0.9967739582061768, 0.07580196857452393, -0.02637801505625248, -0.06757764518260956, 0.9699549078941345, 0.23371098935604095, 0.043301209807395935, -0.23117439448833466, 0.9719483256340027),
            ["HumanoidRootPart"] = CFrame.new(0, 0, 0, 1, 0, 0, 0, 1, 0, 0, 0, 1),
            ["RightUpperLeg"] = CFrame.new(-5.960464477539063e-08, -9.173527359962463e-08, -6.129994289949536e-08, 0.9209659099578857, 0.01231693010777235, 0.38944852352142334, 0.21458318829536438, 0.8182421326637268, -0.5333237051963806, -0.3252321183681488, 0.5747418999671936, 0.7509298920631409),
            ["LeftUpperArm"] = CFrame.new(-1.1920928955078125e-07, -1.1920928955078125e-07, -2.9802322387695312e-08, 0.8542960286140442, 0.46753600239753723, -0.22713081538677216, -0.4283202290534973, 0.8807637691497803, 0.20198290050029755, 0.29448285698890686, -0.07526852935552597, 0.9526881575584412),
            ["RightLowerArm"] = CFrame.new(-2.384185791015625e-07, 2.384185791015625e-07, 3.3527612686157227e-08, 1, -8.195638656616211e-08, 7.450579886381092e-08, 1.4156103134155273e-07, 0.5851194858551025, -0.8109471201896667, 3.166496753692627e-08, 0.8109471201896667, 0.5851194262504578),
            ["LeftHand"] = CFrame.new(-1.1920928955078125e-07, 0, -2.9802322387695312e-08, 0.9879152178764343, -0.10594428330659866, 0.11313459277153015, 0.11171748489141464, 0.9926769733428955, -0.04595347121357918, -0.10743766278028488, 0.05803733691573143, 0.9925164580345154),
            ["LeftFoot"] = CFrame.new(-4.563480615615845e-08, -5.960464477539063e-08, 2.421438694000244e-08, 0.9829832315444946, -0.17850127816200256, -0.04337555170059204, 0.16657817363739014, 0.9657120704650879, -0.1991284191608429, 0.07743296772241592, 0.18851450085639954, 0.9790130853652954),
            ["RightHand"] = CFrame.new(2.2351741790771484e-07, -4.172325134277344e-07, 1.0803341865539551e-07, 0.974030077457428, 0.22484523057937622, 0.026648614555597305, -0.21654435992240906, 0.9594552516937256, -0.18042832612991333, -0.0661366656422615, 0.16997194290161133, 0.9832271337509155),
            ["RightLowerLeg"] = CFrame.new(1.1175870895385742e-08, -0.000060498714447021484, -0.00007211992488009855, 1, -8.940696716308594e-08, -3.72529100900465e-08, 1.415610029198433e-07, 0.5965210199356079, 0.8025972247123718, -5.960463056453591e-08, -0.8025974631309509, 0.5965214371681213),
            ["LeftUpperLeg"] = CFrame.new(-5.960464477539063e-08, -1.955777406692505e-08, 2.2351741790771484e-08, 0.821910560131073, 0.4808184504508972, 0.30541256070137024, -0.1702967882156372, 0.7190674543380737, -0.6737515330314636, -0.5435643792152405, 0.5017526149749756, 0.672890841960907),
            ["LeftLowerLeg"] = CFrame.new(8.381903171539307e-09, 0.00006073713302612305, 0.00007200241088867188, 1, 9.452925553432578e-08, 4.656612162534657e-08, -8.381903171539307e-08, 0.6324032545089722, 0.7746393084526062, 3.91155481338501e-08, -0.7746394872665405, 0.6324032545089722),
        }},
        {Time = 0.167, Data = {
            ["RightFoot"] = CFrame.new(-5.21540641784668e-08, 2.980232238769531e-07, 3.894820110872388e-08, 0.957719624042511, 0.25632286071777344, -0.1306595653295517, -0.2840704023838043, 0.9144278168678284, -0.2883153259754181, 0.04557684436440468, 0.3132419288158417, 0.9485791921615601),
            ["LeftLowerArm"] = CFrame.new(-2.384185791015625e-07, 4.76837158203125e-07, -1.1920928955078125e-07, 1, -3.725290298461914e-08, 7.450581485102248e-09, 5.960465188081798e-08, 0.8090395331382751, -0.5877543687820435, 4.4703490686970326e-08, 0.5877543091773987, 0.8090394735336304),
            ["RightUpperArm"] = CFrame.new(1.1920928955078125e-07, 1.1920928955078125e-07, 5.960464477539063e-08, 0.6229649186134338, -0.6942482590675354, 0.3604638874530792, 0.5601099133491516, 0.7175532579421997, 0.4139977693557739, -0.5460692644119263, -0.05600679665803909, 0.83586585521698),
            ["Head"] = CFrame.new(-4.0978193283081055e-08, -1.1920928955078125e-07, 4.470348358154297e-08, 0.8027557730674744, -0.007690702565014362, 0.5962583422660828, 0.2649729549884796, 0.9003763794898987, -0.34512555599212646, -0.5342026948928833, 0.4350440204143524, 0.7248201370239258),
            ["LowerTorso"] = CFrame.new(0.008682098239660263, -0.24727678298950195, 0.21162614226341248, 0.8932544589042664, 0.020989011973142624, -0.44906118512153625, 0.014273468405008316, 0.9970816969871521, 0.07499556988477707, 0.4493247866630554, -0.07339978218078613, 0.8903480768203735),
            ["UpperTorso"] = CFrame.new(4.6566128730773926e-09, -2.980232238769531e-07, 1.955777406692505e-08, 0.9861089587211609, 0.12797148525714874, -0.10588952153921127, -0.10128248482942581, 0.9685406684875488, 0.22731266915798187, 0.13164784014225006, -0.21343031525611877, 0.9680477976799011),
            ["HumanoidRootPart"] = CFrame.new(0, 0, 0, 1, 0, 0, 0, 1, 0, 0, 0, 1),
            ["RightUpperLeg"] = CFrame.new(1.1920928955078125e-07, 2.3655593395233154e-07, -9.110226528719068e-08, 0.8986395597457886, 0.03114737942814827, 0.4375806450843811, 0.24533198773860931, 0.791231095790863, -0.5601478815078735, -0.3636745810508728, 0.6107233762741089, 0.7033900618553162),
            ["LeftUpperArm"] = CFrame.new(5.960464477539063e-08, -2.384185791015625e-07, -2.9802322387695312e-08, 0.818544864654541, 0.547076404094696, -0.1751909852027893, -0.516918957233429, 0.834509551525116, 0.19075828790664673, 0.25055792927742004, -0.0655847117304802, 0.9658775329589844),
            ["RightLowerArm"] = CFrame.new(-3.8743019104003906e-07, 3.5762786865234375e-07, 2.384185791015625e-07, 1, -3.725290298461914e-08, 7.450581307466564e-08, 1.4901159417490817e-08, 0.3175694942474365, -0.9482350945472717, 3.352760913344355e-08, 0.9482350945472717, 0.317569375038147),
            ["LeftHand"] = CFrame.new(-1.1920928955078125e-07, 1.1920928955078125e-07, 5.21540641784668e-08, 0.9684171080589294, -0.09344551712274551, 0.23116320371627808, 0.10014289617538452, 0.9948212504386902, -0.01738368161022663, -0.22834162414073944, 0.03998411446809769, 0.9727597832679749),
            ["LeftFoot"] = CFrame.new(-8.568167686462402e-08, 0, 2.3283064365386963e-08, 0.9870431423187256, -0.15980331599712372, -0.01445017196238041, 0.15540239214897156, 0.9744983911514282, -0.1618737131357193, 0.03994959965348244, 0.15753081440925598, 0.9867057204246521),
            ["RightHand"] = CFrame.new(1.043081283569336e-07, 0, 4.470348358154297e-08, 0.9778749942779541, 0.17461355030536652, -0.11519786715507507, -0.19462734460830688, 0.9612940549850464, -0.1950230598449707, 0.07668539136648178, 0.21312884986400604, 0.9740099906921387),
            ["RightLowerLeg"] = CFrame.new(-8.312053978443146e-08, -0.000060439109802246094, -0.00007200630352599546, 1, -1.5459956159702415e-07, -4.0978196835794733e-08, 1.0058282384761696e-07, 0.5363473892211914, 0.843997061252594, -7.078050856534901e-08, -0.8439973592758179, 0.5363478064537048),
            ["LeftUpperLeg"] = CFrame.new(0, 1.566368155181408e-07, 3.073364496231079e-08, 0.8940892815589905, 0.4064462184906006, 0.18816474080085754, -0.1549551635980606, 0.6748756766319275, -0.7214788794517517, -0.4202301502227783, 0.6159094572067261, 0.666379988193512),
            ["LeftLowerLeg"] = CFrame.new(-3.166496753692627e-08, 0.000060677528381347656, 0.00007192045450210571, 1, 6.239861249923706e-08, 2.3283064365386963e-08, -4.0978193283081055e-08, 0.6267226338386536, 0.7792423963546753, 3.91155481338501e-08, -0.7792424559593201, 0.6267226934432983),
        }},
        {Time = 0.200, Data = {
            ["RightFoot"] = CFrame.new(4.842877388000488e-08, 2.980232238769531e-07, -1.5104160411283374e-07, 0.9573947787284851, 0.2261512726545334, -0.1795857548713684, -0.2795557379722595, 0.8817397356033325, -0.37997832894325256, 0.07241521030664444, 0.4139937162399292, 0.9073949456214905),
            ["LeftLowerArm"] = CFrame.new(-2.384185791015625e-07, -5.960464477539063e-08, 2.384185791015625e-07, 1, -5.960463056453591e-08, 1.862644971595273e-08, 7.450580596923828e-08, 0.757203996181488, -0.6531785130500793, 0, 0.6531783938407898, 0.757203996181488),
            ["RightUpperArm"] = CFrame.new(-1.1920928955078125e-07, 1.1920928955078125e-07, 2.9802322387695312e-08, 0.6208102703094482, -0.744672417640686, 0.2450665533542633, 0.6085377931594849, 0.6548213958740234, 0.4482085108757019, -0.49424320459365845, -0.12912026047706604, 0.8596811294555664),
            ["Head"] = CFrame.new(5.960464477539063e-08, -4.76837158203125e-07, -7.450580596923828e-08, 0.8465046286582947, -0.018648622557520866, 0.5320546627044678, 0.27004238963127136, 0.8763195276260376, -0.3989250659942627, -0.4588104784488678, 0.4813692271709442, 0.746844470500946),
            ["LowerTorso"] = CFrame.new(0.02163216471672058, -0.2653069496154785, 0.24841737747192383, 0.9521331787109375, 0.03379145637154579, -0.30381035804748535, -0.001529795816168189, 0.9943855404853821, 0.10580668598413467, 0.3056800067424774, -0.10027728229761124, 0.9468390941619873),
            ["UpperTorso"] = CFrame.new(-6.05359673500061e-09, -3.8743019104003906e-07, 2.1420419216156006e-08, 0.9785091876983643, 0.1453285962343216, -0.1462857574224472, -0.10814306139945984, 0.9657116532325745, 0.236021488904953, 0.17557057738304138, -0.21512937545776367, 0.9606739282608032),
            ["HumanoidRootPart"] = CFrame.new(0, 0, 0, 1, 0, 0, 0, 1, 0, 0, 0, 1),
            ["RightUpperLeg"] = CFrame.new(-2.9802322387695312e-08, -9.499490261077881e-08, -3.149762051180005e-08, 0.8984097838401794, 0.022803550586104393, 0.43856561183929443, 0.2625355124473572, 0.772663950920105, -0.577984094619751, -0.35204392671585083, 0.6344056129455566, 0.6881821155548096),
            ["LeftUpperArm"] = CFrame.new(0, 2.384185791015625e-07, 1.9371509552001953e-07, 0.7552080750465393, 0.6490429639816284, -0.09167308360338211, -0.6402751207351685, 0.7603874206542969, 0.10889854282140732, 0.14038687944412231, -0.023545224219560623, 0.9898167848587036),
            ["RightLowerArm"] = CFrame.new(7.152557373046875e-07, 1.7881393432617188e-07, -1.7881393432617188e-07, 1, -8.195639367158947e-08, 7.450580596923828e-08, 5.960463766996327e-08, 0.11461509764194489, -0.9934099912643433, 7.450579886381092e-08, 0.9934099912643433, 0.11461508274078369),
            ["LeftHand"] = CFrame.new(-5.960464477539063e-08, 0, 4.470348358154297e-08, 0.8939419984817505, -0.05125724896788597, 0.44524210691452026, 0.07281506061553955, 0.9968498945236206, -0.031436190009117126, -0.4422282874584198, 0.060522474348545074, 0.8948583006858826),
            ["LeftFoot"] = CFrame.new(6.239861249923706e-08, 1.1920928955078125e-07, 5.21540641784668e-08, 0.985129714012146, -0.16958831250667572, -0.027554715052247047, 0.1679999679327011, 0.9843992590904236, -0.0522909089922905, 0.03599274158477783, 0.046884145587682724, 0.9982516765594482),
            ["RightHand"] = CFrame.new(-1.043081283569336e-07, 1.1920928955078125e-07, -2.9802322387695312e-08, 0.9458622336387634, 0.16400934755802155, -0.28008127212524414, -0.2027938812971115, 0.972392737865448, -0.11544299870729446, 0.2534152567386627, 0.1659919172525406, 0.9530097246170044),
            ["RightLowerLeg"] = CFrame.new(-9.19681042432785e-08, -0.00006026029586791992, -0.00007202306733233854, 1, -1.639127589214695e-07, -1.0803344707710494e-07, 1.6018749704471702e-07, 0.4740683138370514, 0.880487859249115, -8.940698137394065e-08, -0.8804880380630493, 0.4740687906742096),
            ["LeftUpperLeg"] = CFrame.new(5.960464477539063e-08, -1.0803341865539551e-07, 2.9802322387695312e-08, 0.9477892518043518, 0.30663245916366577, 0.08759119361639023, -0.13459153473377228, 0.6336385011672974, -0.7618317008018494, -0.2891034483909607, 0.7102667689323425, 0.641825795173645),
            ["LeftLowerLeg"] = CFrame.new(-8.754432201385498e-08, 0.000060677528381347656, 0.00007209926843643188, 1, 8.672940765563908e-08, 1.30385160446167e-08, -9.685753354915505e-08, 0.6818728446960449, 0.7314708232879639, 4.470347647611561e-08, -0.7314707636833191, 0.6818727850914001),
        }},
        {Time = 0.233, Data = {
            ["RightFoot"] = CFrame.new(3.725290298461914e-09, 4.172325134277344e-07, -1.3205863069742918e-08, 0.9524601101875305, 0.18879006803035736, -0.2391197830438614, -0.2788279950618744, 0.8564597368240356, -0.4344325065612793, 0.12277987599372864, 0.4804530739784241, 0.8683836460113525),
            ["LeftLowerArm"] = CFrame.new(3.2782554626464844e-07, -3.5762786865234375e-07, -2.384185791015625e-07, 1, -4.4703490686970326e-08, 2.9802322387695312e-08, 7.636845111846924e-08, 0.6501068472862244, -0.7598428130149841, 2.9802322387695312e-08, 0.7598428726196289, 0.6501068472862244),
            ["RightUpperArm"] = CFrame.new(0, 4.76837158203125e-07, -5.960464477539063e-08, 0.6519339680671692, -0.7315340638160706, 0.19959941506385803, 0.5975466966629028, 0.6576796174049377, 0.45868900418281555, -0.46681907773017883, -0.17976512014865875, 0.8658894896507263),
            ["Head"] = CFrame.new(-3.3527612686157227e-08, 2.384185791015625e-07, -1.4901161193847656e-07, 0.9025225639343262, -0.02592349424958229, 0.4298616647720337, 0.2422836273908615, 0.855789840221405, -0.4570804238319397, -0.35602205991744995, 0.5166738629341125, 0.7786505222320557),
            ["LowerTorso"] = CFrame.new(0.036658380180597305, -0.2688049077987671, 0.29442763328552246, 0.9881254434585571, 0.04279734566807747, -0.14756883680820465, -0.0226223636418581, 0.9904813170433044, 0.13577555119991302, 0.15197502076625824, -0.13082490861415863, 0.9796879291534424),
            ["UpperTorso"] = CFrame.new(3.725290298461914e-09, 6.258487701416016e-07, 2.0489096641540527e-08, 0.9788923859596252, 0.12775982916355133, -0.1595219224691391, -0.08666817098855972, 0.9663667678833008, 0.24212394654750824, 0.18509037792682648, -0.22318774461746216, 0.9570417404174805),
            ["HumanoidRootPart"] = CFrame.new(0, 0, 0, 1, 0, 0, 0, 1, 0, 0, 0, 1),
            ["RightUpperLeg"] = CFrame.new(5.960464477539063e-08, 1.3783574104309082e-07, -4.639878170564771e-08, 0.9159726500511169, -0.008810627274215221, 0.40114402770996094, 0.2660141885280609, 0.7617922425270081, -0.5906853675842285, -0.3003841042518616, 0.6477614641189575, 0.7001244425773621),
            ["LeftUpperArm"] = CFrame.new(-1.1920928955078125e-07, 4.76837158203125e-07, -1.6391277313232422e-07, 0.6827502250671387, 0.7305358648300171, 0.013017229735851288, -0.729743480682373, 0.6826813817024231, -0.03769193962216377, -0.036421820521354675, 0.016234800219535828, 0.9992046356201172),
            ["RightLowerArm"] = CFrame.new(-2.682209014892578e-07, -4.76837158203125e-07, 4.0978193283081055e-08, 1, -1.5832485189548606e-07, 4.470348358154297e-08, 4.470347292340193e-08, 0.12738822400569916, -0.9918529987335205, 1.0617074508445512e-07, 0.9918529987335205, 0.12738822400569916),
            ["LeftHand"] = CFrame.new(-1.7881393432617188e-07, 1.7881393432617188e-07, -1.778826117515564e-07, 0.7578179240226746, 0.008858912624418736, 0.6524060964584351, 0.08701557666063309, 0.9896036386489868, -0.11451252549886703, -0.6466377973556519, 0.14354902505874634, 0.7491682767868042),
            ["LeftFoot"] = CFrame.new(2.60770320892334e-08, 0, 7.450580596923828e-09, 0.9519286751747131, -0.24332155287265778, -0.18608170747756958, 0.28160858154296875, 0.93418949842453, 0.21905891597270966, 0.12053379416465759, -0.2609306871891022, 0.9578031897544861),
            ["RightHand"] = CFrame.new(2.8312206268310547e-07, -1.1920928955078125e-07, 1.30385160446167e-07, 0.9210700988769531, 0.18162095546722412, -0.3444468677043915, -0.22302976250648499, 0.9711581468582153, -0.08431874960660934, 0.3191985487937927, 0.15448543429374695, 0.9350116848945618),
            ["RightLowerLeg"] = CFrame.new(-3.5390257835388184e-08, -0.00006020069122314453, -0.00007197091326816007, 1, -1.7881393432617188e-07, -1.0803343286625022e-07, 1.564621925354004e-07, 0.43191802501678467, 0.9019127488136292, -7.450580596923828e-08, -0.9019129276275635, 0.43191850185394287),
            ["LeftUpperLeg"] = CFrame.new(0, -6.891787052154541e-08, 7.450580596923828e-08, 0.9658017158508301, 0.2311725616455078, 0.11741563677787781, -0.07665633410215378, 0.6871870160102844, -0.722425103187561, -0.2476913332939148, 0.6887186169624329, 0.68140709400177),
            ["LeftLowerLeg"] = CFrame.new(-8.381903171539307e-08, 0.00006079673767089844, 0.00007209181785583496, 1, 4.6566128730773926e-08, 1.4901159417490817e-08, -6.70552182668871e-08, 0.8880959749221802, 0.4596582353115082, 1.955777229056821e-08, -0.4596581757068634, 0.8880959153175354),
        }},
        {Time = 0.267, Data = {
            ["RightFoot"] = CFrame.new(1.601874828338623e-07, 2.980232238769531e-07, 1.20904587674886e-07, 0.9477660059928894, 0.14718922972679138, -0.28297528624534607, -0.2720259726047516, 0.8362478017807007, -0.4761209487915039, 0.16655750572681427, 0.528228223323822, 0.8326066732406616),
            ["LeftLowerArm"] = CFrame.new(-5.066394805908203e-07, 1.1920928955078125e-07, -1.341104507446289e-07, 1, -4.470347647611561e-08, -1.4901162970204496e-08, 2.60770320892334e-08, 0.4840962290763855, -0.8750147819519043, 5.960464477539063e-08, 0.8750147223472595, 0.48409631848335266),
            ["RightUpperArm"] = CFrame.new(0, -2.384185791015625e-07, -1.6763806343078613e-07, 0.6659992933273315, -0.7201235890388489, 0.1945945769548416, 0.5703569650650024, 0.659722089767456, 0.4893462657928467, -0.48076802492141724, -0.21491599082946777, 0.850101888179779),
            ["Head"] = CFrame.new(-2.60770320892334e-08, -4.76837158203125e-07, -1.4901161193847656e-08, 0.9315014481544495, -0.08754976093769073, 0.3530441224575043, 0.2627364993095398, 0.8331741690635681, -0.48661112785339355, -0.2515445351600647, 0.5460365414619446, 0.7991055250167847),
            ["LowerTorso"] = CFrame.new(0.05915127322077751, -0.2627197504043579, 0.33184415102005005, 0.998827338218689, 0.04838315024971962, -0.0017472689505666494, -0.04754570871591568, 0.9870676398277283, 0.15309108793735504, 0.009131702594459057, -0.15282849967479706, 0.9882105588912964),
            ["UpperTorso"] = CFrame.new(-1.0477378964424133e-08, 8.940696716308594e-08, -1.8233549781143665e-08, 0.9830915331840515, 0.1241656169295311, -0.13458821177482605, -0.08778925985097885, 0.9646055698394775, 0.24865472316741943, 0.16069887578487396, -0.23263485729694366, 0.9591959714889526),
            ["HumanoidRootPart"] = CFrame.new(0, 0, 0, 1, 0, 0, 0, 1, 0, 0, 0, 1),
            ["RightUpperLeg"] = CFrame.new(1.7881393432617188e-07, 1.5273690223693848e-07, -1.3744283933192492e-08, 0.9356204271316528, -0.049852948635816574, 0.34946978092193604, 0.2619141936302185, 0.7617703676223755, -0.5925428867340088, -0.2366757094860077, 0.6459261775016785, 0.7257850766181946),
            ["LeftUpperArm"] = CFrame.new(-1.1920928955078125e-07, -3.5762786865234375e-07, -1.1175870895385742e-07, 0.6426323056221008, 0.7624703049659729, 0.07525269687175751, -0.7478970885276794, 0.6455942392349243, -0.1544605791568756, -0.16635432839393616, 0.04297998920083046, 0.9851289987564087),
            ["RightLowerArm"] = CFrame.new(0, -2.384185791015625e-07, -1.2665987014770508e-07, 1, -5.21540641784668e-08, 6.705523247774181e-08, 5.960463766996327e-08, 0.21780331432819366, -0.975992739200592, 7.450579886381092e-08, 0.9759926795959473, 0.21780338883399963),
            ["LeftHand"] = CFrame.new(2.086162567138672e-07, -2.980232238769531e-07, 1.1920928955078125e-07, 0.6363303065299988, -0.010615416802465916, 0.7713437080383301, 0.24614383280277252, 0.9504320025444031, -0.18997962772846222, -0.7310929894447327, 0.3107512295246124, 0.6074017286300659),
            ["LeftFoot"] = CFrame.new(2.253800630569458e-07, -5.960464477539063e-08, -2.2351741790771484e-08, 0.8739447593688965, -0.3065528869628906, -0.37715524435043335, 0.46372872591018677, 0.7582811117172241, 0.4582199156284332, 0.14552100002765656, -0.5753566026687622, 0.8048532009124756),
            ["RightHand"] = CFrame.new(1.341104507446289e-07, 1.1920928955078125e-07, 1.7881393432617188e-07, 0.8769692778587341, 0.13062012195587158, -0.46245354413986206, -0.25118380784988403, 0.9450156092643738, -0.2094096690416336, 0.4096725583076477, 0.29980674386024475, 0.8615592122077942),
