return {
    ["Chikiri Bai Bai"] = {
        {Time = 0.000, Data = {
            ["RightFoot"] = CFrame.new(2.60770320892334e-08, 3.5762786865234375e-07, -5.75528247281909e-09, 0.9991497993469238, 0.040479011833667755, -0.007817531935870647, -0.04042064771056175, 0.9245154857635498, -0.378994882106781, -0.008113942109048367, 0.37898892164230347, 0.9253658056259155),
            ["LeftLowerArm"] = CFrame.new(1.7881393432617188e-07, 1.7881393432617188e-07, 1.4901161193847656e-08, 1, -7.450580596923828e-08, 0, 4.470348358154297e-08, 0.7222952842712402, -0.6915848255157471, 1.4901161193847656e-08, 0.6915848255157471, 0.7222952246665955),
            ["RightUpperArm"] = CFrame.new(0, 2.384185791015625e-07, 1.7695128917694092e-08, 0.6889379620552063, -0.2852025628089905, -0.6663511991500854, 0.20993198454380035, 0.9584431648254395, -0.19317196309566498, 0.6937528848648071, -0.006804959382861853, 0.7201809883117676),
            ["Head"] = CFrame.new(2.939486876130104e-09, 4.76837158203125e-07, 8.527422323822975e-09, 0.9999228119850159, 0.007849026471376419, 0.00963686965405941, -0.007654409855604172, 0.9997693300247192, -0.020068442448973656, -0.009792163968086243, 0.019993120804429054, 0.9997522234916687),
            ["RightHand"] = CFrame.new(1.6391277313232422e-07, 1.7881393432617188e-07, -1.7881393432617188e-07, 0.838306725025177, 0.002730101579800248, -0.5451921820640564, 0.011537508107721806, 0.9996746778488159, 0.022746441885828972, 0.5450769066810608, -0.025358695536851883, 0.8380024433135986),
            ["UpperTorso"] = CFrame.new(0, -2.9802322387695312e-08, -4.0745362639427185e-09, 0.9993525147438049, 0.009737382642924786, 0.03463774174451828, -0.011425377801060677, 0.9987396001815796, 0.048873577266931534, -0.034118182957172394, -0.0492376908659935, 0.998204231262207),
            ["HumanoidRootPart"] = CFrame.new(0, 0, 0, 1, 0, 0, 0, 1, 0, 0, 0, 1),
            ["RightUpperLeg"] = CFrame.new(5.960464477539063e-08, -1.7881393432617188e-07, -1.4733814168721437e-08, 0.9908773899078369, -0.044723305851221085, -0.12712955474853516, 0.05418422445654869, 0.9959345459938049, 0.07196159660816193, 0.12339429557323456, -0.07819365710020065, 0.9892722368240356),
            ["LeftUpperArm"] = CFrame.new(0, 4.76837158203125e-07, -1.0244548320770264e-08, 0.6589020490646362, 0.43276771903038025, 0.6152724623680115, -0.2813572585582733, 0.9003499746322632, -0.3319758474826813, -0.6976289749145508, 0.04562818631529808, 0.7150048017501831),
            ["RightLowerArm"] = CFrame.new(-2.682209014892578e-07, -5.364418029785156e-07, 1.341104507446289e-07, 1, -5.960463766996327e-08, 1.4901161193847656e-08, 3.725290298461914e-08, 0.7943706512451172, -0.6074333190917969, -5.960464477539063e-08, 0.6074333786964417, 0.794370710849762),
            ["LeftHand"] = CFrame.new(-2.2351741790771484e-07, -2.384185791015625e-07, 8.195638656616211e-08, 0.7051806449890137, 0.03664039820432663, 0.7080802917480469, 0.03446133807301521, 0.995712399482727, -0.08584444224834442, -0.7081896662712097, 0.08493725210428238, 0.7008944749832153),
            ["LeftFoot"] = CFrame.new(5.8673322200775146e-08, 5.960464477539063e-08, 3.725290298461914e-09, 0.9967971444129944, -0.07996831089258194, -0.0007299618446268141, 0.0769195407629013, 0.961211621761322, -0.2648690640926361, 0.021882779896259308, 0.26396453380584717, 0.9642841219902039),
            ["LowerTorso"] = CFrame.new(-0.033917807042598724, -0.07535231113433838, -0.1636127382516861, 0.999513566493988, -0.013523295521736145, -0.02810577303171158, 0.01037086546421051, 0.9939407110214233, -0.10942728072404861, 0.029415296390652657, 0.10908254981040955, 0.9935974478721619),
            ["RightLowerLeg"] = CFrame.new(-1.862645149230957e-09, -0.000003516674041748047, -0.000013256612874101847, 1, -1.0710211029163474e-07, 5.587934559514451e-09, 1.0151416063308716e-07, 0.9122970700263977, 0.40952879190444946, -3.1315721571445465e-08, -0.4095292389392853, 0.9122971892356873),
            ["LeftUpperLeg"] = CFrame.new(-1.1920928955078125e-07, -2.71480530500412e-07, -6.51925802230835e-09, 0.9928358793258667, 0.10870713740587234, 0.049595363438129425, -0.09672146290540695, 0.9748878479003906, -0.2005961835384369, -0.07015611976385117, 0.19436222314834595, 0.9784178733825684),
            ["LeftLowerLeg"] = CFrame.new(8.381903171539307e-08, 0.000003635883331298828, 0.000013381242752075195, 1, 9.126959810146218e-08, 2.9802318834981634e-08, -1.089647057028742e-07, 0.8305824398994446, 0.5568956732749939, 2.793966658032332e-08, -0.5568957328796387, 0.8305823802947998),
        }},
        {Time = 0.033, Data = {
            ["RightFoot"] = CFrame.new(6.51925802230835e-09, 5.960464477539063e-08, 2.4047039914876223e-08, 0.9990813136100769, 0.042176324874162674, -0.007599446456879377, -0.042220339179039, 0.9382584095001221, -0.3433489203453064, -0.0073509830981493, 0.3433544933795929, 0.9391772747039795),
            ["LeftLowerArm"] = CFrame.new(2.682209014892578e-07, 0, 1.043081283569336e-07, 1, -7.450580596923828e-08, 0, 4.470348358154297e-08, 0.7222952842712402, -0.6915848255157471, 1.4901161193847656e-08, 0.6915848255157471, 0.7222952246665955),
            ["RightUpperArm"] = CFrame.new(1.1920928955078125e-07, 1.1920928955078125e-07, 2.3283064365386963e-09, 0.6889379620552063, -0.2852025628089905, -0.6663511991500854, 0.20993198454380035, 0.9584431648254395, -0.19317196309566498, 0.6937528848648071, -0.006804959382861853, 0.7201809883117676),
            ["Head"] = CFrame.new(-2.119122655130923e-09, 3.5762786865234375e-07, -7.334165275096893e-09, 0.9999228119850159, 0.007849026471376419, 0.00963686965405941, -0.007654409855604172, 0.9997693300247192, -0.020068442448973656, -0.009792163968086243, 0.019993120804429054, 0.9997522234916687),
            ["RightHand"] = CFrame.new(1.4156103134155273e-07, 2.384185791015625e-07, -3.3527612686157227e-08, 0.838306725025177, 0.002730101579800248, -0.5451921820640564, 0.011537508107721806, 0.9996746778488159, 0.022746441885828972, 0.5450769066810608, -0.025358695536851883, 0.8380024433135986),
            ["UpperTorso"] = CFrame.new(3.259629011154175e-09, -1.7881393432617188e-07, 4.249159246683121e-08, 0.9993525147438049, 0.009737382642924786, 0.03463774174451828, -0.011425377801060677, 0.9987396001815796, 0.048873577266931534, -0.034118182957172394, -0.0492376908659935, 0.998204231262207),
            ["HumanoidRootPart"] = CFrame.new(0, 0, 0, 1, 0, 0, 0, 1, 0, 0, 0, 1),
            ["RightUpperLeg"] = CFrame.new(0, 3.073364496231079e-08, 1.0411895345896482e-08, 0.9907791018486023, -0.04428844526410103, -0.12804418802261353, 0.05589384213089943, 0.994505763053894, 0.08851132541894913, 0.1234206035733223, -0.09485219419002533, 0.9878109693527222),
            ["LeftUpperArm"] = CFrame.new(0, 3.5762786865234375e-07, -2.561137080192566e-08, 0.6589020490646362, 0.43276771903038025, 0.6152724623680115, -0.2813572585582733, 0.9003499746322632, -0.3319758474826813, -0.6976289749145508, 0.04562818631529808, 0.7150048017501831),
            ["RightLowerArm"] = CFrame.new(-2.980232238769531e-07, -1.1920928955078125e-07, -1.6391277313232422e-07, 1, -5.960463766996327e-08, 1.4901161193847656e-08, 3.725290298461914e-08, 0.7943706512451172, -0.6074333190917969, -5.960464477539063e-08, 0.6074333786964417, 0.794370710849762),
            ["LeftHand"] = CFrame.new(5.960464477539063e-08, -1.7881393432617188e-07, -8.568167686462402e-08, 0.7051806449890137, 0.03664039820432663, 0.7080802917480469, 0.03446133807301521, 0.995712399482727, -0.08584444224834442, -0.7081896662712097, 0.08493725210428238, 0.7008944749832153),
            ["LeftFoot"] = CFrame.new(6.426125764846802e-08, -5.960464477539063e-08, 1.1175870895385742e-08, 0.9971843957901001, -0.07497444748878479, -0.0015002656728029251, 0.07259501516819, 0.9701656103134155, -0.23131971061229706, 0.018798556178808212, 0.23055942356586456, 0.9728767275810242),
            ["LowerTorso"] = CFrame.new(-0.040401726961135864, -0.0624767541885376, -0.14499497413635254, 0.999513566493988, -0.013523295521736145, -0.02810577303171158, 0.01037086546421051, 0.9939407110214233, -0.10942728072404861, 0.029415296390652657, 0.10908254981040955, 0.9935974478721619),
            ["RightLowerLeg"] = CFrame.new(-3.725290298461914e-09, -0.000003993511199951172, -0.000013273376680444926, 1, -8.568168397005138e-08, -7.450578820566989e-09, 8.847564458847046e-08, 0.933379054069519, 0.35889187455177307, -1.1641532182693481e-08, -0.35889220237731934, 0.9333791136741638),
            ["LeftUpperLeg"] = CFrame.new(-5.960464477539063e-08, -3.0407682061195374e-07, 1.5832483768463135e-08, 0.9931980967521667, 0.10337662696838379, 0.053581759333610535, -0.0918620377779007, 0.9784421920776367, -0.18496575951576233, -0.07154776155948639, 0.17878559231758118, 0.9812831878662109),
            ["LeftLowerLeg"] = CFrame.new(-2.9802322387695312e-08, 0.0000037550926208496094, 0.000013407319784164429, 1, 7.450579886381092e-08, 1.4901161193847656e-08, -7.636842269675981e-08, 0.8578158617019653, 0.5139570832252502, 2.2351734685344127e-08, -0.513957142829895, 0.8578159213066101),
        }},
        {Time = 0.067, Data = {
            ["RightFoot"] = CFrame.new(-6.984919309616089e-08, 2.384185791015625e-07, -1.3205863069742918e-08, 0.9991482496261597, 0.04075341299176216, -0.006481235381215811, -0.04045809432864189, 0.9365212321281433, -0.3482685983181, -0.00812329351902008, 0.34823453426361084, 0.9373724460601807),
            ["LeftLowerArm"] = CFrame.new(-2.980232238769531e-07, -2.980232238769531e-07, -1.043081283569336e-07, 1, -4.4703490686970326e-08, 2.980232594040899e-08, 6.70552182668871e-08, 0.6804167628288269, -0.7328253388404846, 1.4901159417490817e-08, 0.7328253388404846, 0.6804167628288269),
            ["RightUpperArm"] = CFrame.new(-5.960464477539063e-08, -1.1920928955078125e-07, -3.841705620288849e-09, 0.6534699201583862, -0.284176230430603, -0.7015845775604248, 0.2064989060163498, 0.9586244225502014, -0.19595275819301605, 0.7282412052154541, -0.016827214509248734, 0.685114324092865),
            ["Head"] = CFrame.new(-4.103640094399452e-09, -1.1920928955078125e-07, -6.28642737865448e-09, 0.9995965361595154, 0.027238503098487854, 0.008059829473495483, -0.02707352489233017, 0.9994350671768188, -0.01991621032357216, -0.008597764186561108, 0.01968996413052082, 0.9997691512107849),
            ["RightHand"] = CFrame.new(0, -1.1920928955078125e-07, -1.8812716007232666e-07, 0.8219001889228821, 0.008844852447509766, -0.5695630311965942, -0.0038024489767849445, 0.9999423623085022, 0.010041404515504837, 0.5696189999580383, -0.006087273359298706, 0.8218863606452942),
            ["UpperTorso"] = CFrame.new(1.862645149230957e-09, -1.4901161193847656e-07, 4.190951585769653e-08, 0.9977548122406006, -0.012721340171992779, 0.06575291603803635, 0.009234802797436714, 0.9985487461090088, 0.053059328347444534, -0.06633245944976807, -0.052332982420921326, 0.9964243173599243),
            ["HumanoidRootPart"] = CFrame.new(0, 0, 0, 1, 0, 0, 0, 1, 0, 0, 0, 1),
            ["RightUpperLeg"] = CFrame.new(5.960464477539063e-08, -1.993030309677124e-07, 3.9282895158976316e-08, 0.9928362965583801, -0.07154258340597153, -0.09569691866636276, 0.07564745098352432, 0.9963330626487732, 0.03997313231229782, 0.0924861803650856, -0.04692608490586281, 0.9946076273918152),
            ["LeftUpperArm"] = CFrame.new(-1.1920928955078125e-07, -1.1920928955078125e-07, -2.0023435354232788e-08, 0.623478889465332, 0.3895059823989868, 0.6779080033302307, -0.23852984607219696, 0.920492947101593, -0.30950990319252014, -0.7445653676986694, 0.03127160668373108, 0.6668166518211365),
            ["RightLowerArm"] = CFrame.new(-8.940696716308594e-08, 2.980232238769531e-07, 1.7881393432617188e-07, 1, -5.21540641784668e-08, 4.470348358154297e-08, 7.078051567077637e-08, 0.753303587436676, -0.6576729416847229, -2.9802322387695312e-08, 0.6576729416847229, 0.7533036470413208),
            ["LeftHand"] = CFrame.new(9.685754776000977e-08, 0, 2.8312206268310547e-07, 0.6594868898391724, 0.04740196093916893, 0.750220000743866, 0.06505680084228516, 0.9906662106513977, -0.11978310346603394, -0.7488956451416016, 0.12780232727527618, 0.6502476334571838),
            ["LeftFoot"] = CFrame.new(-2.8870999813079834e-08, 1.1920928955078125e-07, -7.450580596923828e-09, 0.9973315000534058, -0.07298624515533447, -0.001730597112327814, 0.07144241034984589, 0.9805680513381958, -0.18270812928676605, 0.015032174065709114, 0.18209703266620636, 0.9831656813621521),
            ["LowerTorso"] = CFrame.new(-0.04260711371898651, -0.0537261962890625, -0.12357888370752335, 0.9981549382209778, 0.007153340615332127, -0.06029586121439934, -0.013931762427091599, 0.9935245513916016, -0.1127612516283989, 0.059098806232213974, 0.11339323967695236, 0.9917909502983093),
            ["RightLowerLeg"] = CFrame.new(-2.9802322387695312e-08, -0.000003635883331298828, -0.000013312492228578776, 1, -7.729978079851207e-08, -2.421439226907296e-08, 7.729978079851207e-08, 0.9122574329376221, 0.40961718559265137, -2.0954759705205106e-08, -0.40961742401123047, 0.9122576117515564),
            ["LeftUpperLeg"] = CFrame.new(0, -2.3515895009040833e-07, 6.705522537231445e-08, 0.9921700358390808, 0.08233030140399933, 0.09391622990369797, -0.06951740384101868, 0.9887595772743225, -0.13237059116363525, -0.10375864803791046, 0.12480539828538895, 0.9867410063743591),
            ["LeftLowerLeg"] = CFrame.new(-9.872019290924072e-08, 0.000003874301910400391, 0.000013327226042747498, 1, 3.725290298461914e-08, -4.6566133171666024e-09, -2.60770320892334e-08, 0.9040860533714294, 0.4273504912853241, -7.450580596923828e-09, -0.4273505210876465, 0.9040861129760742),
        }},
        {Time = 0.100, Data = {
            ["RightFoot"] = CFrame.new(-3.725290298461914e-09, 2.980232238769531e-07, -2.0656443666666746e-08, 0.9992668628692627, 0.037929683923721313, -0.005204651039093733, -0.03724132850766182, 0.9314730167388916, -0.3618989586830139, -0.008878706954419613, 0.3618279993534088, 0.9322028160095215),
            ["LeftLowerArm"] = CFrame.new(-1.1920928955078125e-07, -1.7881393432617188e-07, -1.9371509552001953e-07, 1, -5.960464477539063e-08, 2.9802318834981634e-08, 8.195638656616211e-08, 0.5901104211807251, -0.80732262134552, 5.960464477539063e-08, 0.80732262134552, 0.5901104211807251),
            ["RightUpperArm"] = CFrame.new(0, 1.1920928955078125e-07, 3.725290298461914e-09, 0.5870431065559387, -0.28378400206565857, -0.7581867575645447, 0.2018665075302124, 0.9582764506340027, -0.20237652957439423, 0.7839837074279785, -0.034248773008584976, 0.6198359727859497),
            ["Head"] = CFrame.new(2.0954757928848267e-09, 1.1920928955078125e-07, -1.4406396076083183e-09, 0.9984157085418701, 0.055951181799173355, 0.005972920451313257, -0.055813711136579514, 0.998217761516571, -0.02112501673400402, -0.0071442448534071445, 0.02075818181037903, 0.9997590780258179),
            ["RightHand"] = CFrame.new(1.5273690223693848e-07, -2.384185791015625e-07, 6.202608346939087e-07, 0.7875329256057739, 0.024370338767766953, -0.6157904863357544, -0.03304116427898407, 0.9994504451751709, -0.002702184021472931, 0.6153861880302429, 0.02247449941933155, 0.7879053354263306),
            ["UpperTorso"] = CFrame.new(1.6763806343078613e-08, 1.1920928955078125e-07, 2.491287887096405e-08, 0.9944330453872681, -0.040685027837753296, 0.0971989557147026, 0.034842319786548615, 0.997525155544281, 0.061070509254932404, -0.09944305568933487, -0.05734388902783394, 0.9933896064758301),
            ["HumanoidRootPart"] = CFrame.new(0, 0, 0, 1, 0, 0, 0, 1, 0, 0, 0, 1),
            ["RightUpperLeg"] = CFrame.new(0, 2.514570951461792e-07, -3.5222910810261965e-08, 0.9931902289390564, -0.10036370158195496, -0.05916444957256317, 0.09945527464151382, 0.9948772192001343, -0.018111737444996834, 0.06067907065153122, 0.012104041874408722, 0.9980838894844055),
            ["LeftUpperArm"] = CFrame.new(-1.1920928955078125e-07, 0, -1.0244548320770264e-08, 0.5605787038803101, 0.31287723779678345, 0.7667198777198792, -0.1728358268737793, 0.9496920108795166, -0.2611761689186096, -0.809863805770874, 0.013893109746277332, 0.5864534378051758),
            ["RightLowerArm"] = CFrame.new(1.7881393432617188e-07, 6.556510925292969e-07, 1.043081283569336e-07, 1, -1.1175869474300271e-07, 2.9802322387695312e-08, 7.264316082000732e-08, 0.6750053763389587, -0.7378128170967102, 1.1175870895385742e-08, 0.737812876701355, 0.6750053763389587),
            ["LeftHand"] = CFrame.new(-8.940696716308594e-08, -5.960464477539063e-08, -3.050081431865692e-07, 0.5663468837738037, 0.06564590334892273, 0.8215485215187073, 0.12252074480056763, 0.9790403246879578, -0.16269193589687347, -0.8150091767311096, 0.19279688596725464, 0.5464333295822144),
            ["LeftFoot"] = CFrame.new(-2.9802322387695312e-08, -5.960464477539063e-08, -7.450580596923828e-09, 0.9973074793815613, -0.07330380380153656, -0.002106007421389222, 0.0725180134177208, 0.9900757074356079, -0.12037922441959381, 0.010909444652497768, 0.11990245431661606, 0.9927257895469666),
            ["LowerTorso"] = CFrame.new(-0.041672926396131516, -0.04852008819580078, -0.09994050860404968, 0.9950869083404541, 0.032810017466545105, -0.09341081976890564, -0.043757930397987366, 0.9920870661735535, -0.11767949163913727, 0.08881061524152756, 0.12118878215551376, 0.988648533821106),
            ["RightLowerLeg"] = CFrame.new(-4.284083843231201e-08, -0.000003635883331298828, -0.000013312492228578776, 1, -1.1082741480095137e-07, -3.9115551686563776e-08, 1.098960922263359e-07, 0.8782251477241516, 0.47824689745903015, -6.426127185932273e-08, -0.4782474637031555, 0.8782254457473755),
            ["LeftUpperLeg"] = CFrame.new(5.960464477539063e-08, 1.862645149230957e-07, -2.2351741790771484e-08, 0.9896267652511597, 0.05277508497238159, 0.1336183100938797, -0.044630441814661026, 0.9970003366470337, -0.06323457509279251, -0.1365547478199005, 0.056615155190229416, 0.9890134334564209),
            ["LeftLowerLeg"] = CFrame.new(-4.842877388000488e-08, 0.0000037550926208496094, 0.000013303011655807495, 1, 7.450580596923828e-09, -2.3283060812673284e-08, 3.725290298461914e-09, 0.9499353766441345, 0.3124462068080902, -1.862645149230957e-08, -0.31244635581970215, 0.9499354362487793),
        }},
        {Time = 0.133, Data = {
            ["RightFoot"] = CFrame.new(-6.239861249923706e-08, 5.960464477539062e-07, 4.639878170564771e-08, 0.9993842244148254, 0.03479568660259247, -0.004544917959719896, -0.03404422104358673, 0.9299995303153992, -0.36598050594329834, -0.008507763966917992, 0.3659101724624634, 0.9306114912033081),
            ["LeftLowerArm"] = CFrame.new(-5.960464477539063e-08, -3.5762786865234375e-07, 2.2351741790771484e-07, 1, -9.87202142255228e-08, 3.72529100900465e-08, 7.823110337312755e-08, 0.47964179515838623, -0.8774645328521729, 2.51457130673316e-08, 0.8774644136428833, 0.47964176535606384),
            ["RightUpperArm"] = CFrame.new(0, 0, 1.955777406692505e-08, 0.5039721131324768, -0.2823915481567383, -0.8162519931793213, 0.19634482264518738, 0.9577571153640747, -0.21011923253536224, 0.8411070108413696, -0.0543726347386837, 0.5381289720535278),
            ["Head"] = CFrame.new(-9.022187441587448e-10, -1.1920928955078125e-07, 3.613240551203489e-08, 0.9967679977416992, 0.08022954314947128, 0.004100522957742214, -0.08012071996927261, 0.9965417981147766, -0.022025540471076965, -0.005853442940860987, 0.021625814959406853, 0.9997490644454956),
            ["RightHand"] = CFrame.new(1.4901161193847656e-07, -5.960464477539063e-08, -3.3155083656311035e-07, 0.7536791563034058, 0.04211829975247383, -0.6558915972709656, -0.06369608640670776, 0.9979277849197388, -0.009110375307500362, 0.6541487574577332, 0.04864397644996643, 0.7548001408576965),
            ["UpperTorso"] = CFrame.new(6.170012056827545e-09, 1.1920928955078125e-07, -9.19681042432785e-09, 0.9959798455238342, -0.05346732586622238, 0.0718720406293869, 0.04843541979789734, 0.9963690638542175, 0.07002028822898865, -0.07535487413406372, -0.06625764071941376, 0.9949531555175781),
            ["HumanoidRootPart"] = CFrame.new(0, 0, 0, 1, 0, 0, 0, 1, 0, 0, 0, 1),
            ["RightUpperLeg"] = CFrame.new(0, 3.1478703022003174e-07, -2.4047039914876223e-08, 0.9901375770568848, -0.11335863918066025, -0.08232492208480835, 0.11120505630970001, 0.9933354258537292, -0.030304627493023872, 0.08521152287721634, 0.02085062675178051, 0.996144711971283),
            ["LeftUpperArm"] = CFrame.new(-1.1920928955078125e-07, 0, 2.9336661100387573e-08, 0.4989491105079651, 0.2250060886144638, 0.8369123935699463, -0.1125727966427803, 0.9743528366088867, -0.1948438584804535, -0.8592888712882996, 0.0030035977251827717, 0.5114818811416626),
            ["RightLowerArm"] = CFrame.new(1.1920928955078125e-07, -2.384185791015625e-07, -1.1920928955078125e-07, 1, -1.0430811414607888e-07, 2.9802318834981634e-08, 7.124616274722939e-08, 0.5878940224647522, -0.8089379072189331, 1.3411042232291948e-07, 0.8089380264282227, 0.5878940224647522),
            ["LeftHand"] = CFrame.new(6.705522537231445e-08, 1.1920928955078125e-07, -1.3597309589385986e-07, 0.466442346572876, 0.08664865791797638, 0.8802974224090576, 0.17655232548713684, 0.9660459756851196, -0.18863852322101593, -0.866753101348877, 0.24340751767158508, 0.4353066682815552),
            ["LeftFoot"] = CFrame.new(-3.91155481338501e-08, 0, -2.0489096641540527e-08, 0.9973240494728088, -0.07301480323076248, -0.003713214537128806, 0.07262768596410751, 0.9952970743179321, -0.06410251557826996, 0.008376202546060085, 0.06366132199764252, 0.9979364275932312),
            ["LowerTorso"] = CFrame.new(-0.03873811289668083, -0.046277403831481934, -0.07465584576129913, 0.9965129494667053, 0.04646247625350952, -0.06930537521839142, -0.05497585982084274, 0.9904447793960571, -0.12647829949855804, 0.0627666637301445, 0.12984739243984222, 0.9895453453063965),
            ["RightLowerLeg"] = CFrame.new(-2.0489096641540527e-08, -0.0000037550926208496094, -0.000013342294550966471, 1, -2.7194619178771973e-07, -4.8428766774577525e-08, 2.3841860752327193e-07, 0.8669078350067139, 0.49846816062927246, -8.149073238428173e-08, -0.4984685182571411, 0.8669080138206482),
            ["LeftUpperLeg"] = CFrame.new(0, 1.695007085800171e-07, 1.1175870895385742e-08, 0.993034839630127, 0.03529953584074974, 0.11240869760513306, -0.031311891973018646, 0.9988230466842651, -0.03704501688480377, -0.11358405649662018, 0.03326721489429474, 0.9929713010787964),
            ["LeftLowerLeg"] = CFrame.new(-1.1920928955078125e-07, 0.000003993511199951172, 0.000013265758752822876, 1, 3.119930269690485e-08, -5.587936779960501e-09, -4.0978196835794733e-08, 0.9703049659729004, 0.2418850213289261, -2.7939681679356454e-09, -0.24188494682312012, 0.9703049659729004),
        }},
        {Time = 0.167, Data = {
            ["RightFoot"] = CFrame.new(-2.7939677238464355e-08, 2.980232238769531e-07, 2.4047039914876223e-08, 0.9994351267814636, 0.0332840234041214, -0.004663008730858564, -0.032727476209402084, 0.9322401285171509, -0.3603571355342865, -0.007647096179425716, 0.36030641198158264, 0.9328028559684753),
            ["LeftLowerArm"] = CFrame.new(1.1920928955078125e-07, 2.384185791015625e-07, -1.4901161193847656e-08, 1, -1.2014061212539673e-07, 2.7939680791178034e-08, 8.754432201385498e-08, 0.3966686427593231, -0.9179618954658508, 5.98374754190445e-08, 0.9179618954658508, 0.3966686725616455),
            ["RightUpperArm"] = CFrame.new(0, -1.1920928955078125e-07, 9.313225746154785e-10, 0.4238583445549011, -0.2799108326435089, -0.8613907694816589, 0.19087158143520355, 0.957294225692749, -0.2171541005373001, 0.8853882551193237, -0.0723724514245987, 0.45918408036231995),
            ["Head"] = CFrame.new(9.313225746154785e-10, -1.1920928955078125e-07, -7.807102520018816e-09, 0.9962544441223145, 0.08640886843204498, 0.0032558636739850044, -0.08632199466228485, 0.9960453510284424, -0.02103048749268055, -0.00506020849570632, 0.020670663565397263, 0.9997735619544983),
            ["RightHand"] = CFrame.new(2.5331974029541016e-07, -2.384185791015625e-07, 1.4901161193847656e-07, 0.744198739528656, 0.05768086388707161, -0.6654632091522217, -0.08247046917676926, 0.9965764284133911, -0.005847096908837557, 0.6628475189208984, 0.05923251807689667, 0.7464078068733215),
            ["UpperTorso"] = CFrame.new(1.1204974725842476e-09, 2.086162567138672e-07, 2.0023435354232788e-08, 0.9987572431564331, -0.04805176332592964, -0.013232555240392685, 0.0489310584962368, 0.9958299398422241, 0.07699619978666306, 0.00947757437825203, -0.07754798978567123, 0.9969436526298523),
            ["HumanoidRootPart"] = CFrame.new(0, 0, 0, 1, 0, 0, 0, 1, 0, 0, 0, 1),
            ["RightUpperLeg"] = CFrame.new(0, -5.774199962615967e-08, -1.2405507732182741e-08, 0.9793807864189148, -0.10916651040315628, -0.1699882596731186, 0.11128336191177368, 0.9937843680381775, 0.002946234308183193, 0.16861005127429962, -0.021802404895424843, 0.9854417443275452),
            ["LeftUpperArm"] = CFrame.new(0, -2.384185791015625e-07, 3.259629011154175e-09, 0.48339584469795227, 0.15242646634578705, 0.8620293736457825, -0.07872029393911362, 0.9883036017417908, -0.13061103224754333, -0.8718552589416504, -0.0047223856672644615, 0.48974084854125977),
            ["RightLowerArm"] = CFrame.new(1.1920928955078125e-07, -1.1920928955078125e-07, -1.4901161193847656e-08, 1, -8.568168397005138e-08, 2.980232594040899e-08, 9.406359424701805e-08, 0.5292847156524658, -0.848444402217865, 7.450581307466564e-08, 0.848444402217865, 0.5292847156524658),
            ["LeftHand"] = CFrame.new(-1.4901161193847656e-07, -5.960464477539063e-08, 2.7939677238464355e-08, 0.4116842746734619, 0.09320724010467529, 0.9065475463867188, 0.19070984423160553, 0.9639196395874023, -0.18571166694164276, -0.8911486864089966, 0.24934209883213043, 0.3790549039840698),
            ["LeftFoot"] = CFrame.new(2.8870999813079834e-08, -1.1920928955078125e-07, 2.7939677238464355e-09, 0.9973565936088562, -0.07236438244581223, -0.006577927153557539, 0.07213479280471802, 0.9969377517700195, -0.030195148661732674, 0.00874283630400896, 0.02964060939848423, 0.9995224475860596),
            ["LowerTorso"] = CFrame.new(-0.03494160994887352, -0.04641759395599365, -0.04830090329051018, 0.9987736344337463, 0.04700491204857826, 0.015549306757748127, -0.0444282665848732, 0.989506185054779, -0.13749045133590698, -0.02184886485338211, 0.13663099706172943, 0.990381121635437),
            ["RightLowerLeg"] = CFrame.new(0, -0.0000034570693969726562, -0.000013327393389772624, 1, -1.2479725342018355e-07, -3.9115558791991134e-08, 1.0803344707710494e-07, 0.8827831149101257, 0.46978050470352173, -1.862645504502325e-08, -0.46978089213371277, 0.8827833533287048),
            ["LeftUpperLeg"] = CFrame.new(-5.960464477539063e-08, 2.8032809495925903e-07, -8.381903171539307e-09, 0.9990349411964417, 0.0331428162753582, 0.028823480010032654, -0.030856173485517502, 0.9965957999229431, -0.07645175606012344, -0.031259190291166306, 0.0754886344075203, 0.9966566562652588),
            ["LeftLowerLeg"] = CFrame.new(3.5390257835388184e-08, 0.000004112720489501953, 0.000013276934623718262, 1, 5.634501576423645e-08, 5.82076831179279e-09, -5.1222752261992355e-08, 0.9672498106956482, 0.25382643938064575, 8.381904947896146e-09, -0.2538262605667114, 0.967249870300293),
        }},
        {Time = 0.200, Data = {
            ["RightFoot"] = CFrame.new(-1.1175870895385742e-08, 3.5762786865234375e-07, 1.6596459317952394e-08, 0.9993222951889038, 0.0363612063229084, -0.005736853927373886, -0.03613220900297165, 0.9391227960586548, -0.34167641401290894, -0.007036304101347923, 0.3416523337364197, 0.9398001432418823),
            ["LeftLowerArm"] = CFrame.new(1.7881393432617188e-07, -3.5762786865234375e-07, 5.960464477539063e-08, 1, -7.590281114744357e-08, 4.284084198502569e-08, 8.56816981809061e-08, 0.383291095495224, -0.9236276745796204, 1.3527463238460768e-07, 0.9236277341842651, 0.383291095495224),
            ["RightUpperArm"] = CFrame.new(-5.960464477539063e-08, 0, 2.7939677238464355e-09, 0.3661125898361206, -0.27765199542045593, -0.8881840705871582, 0.1868630051612854, 0.9569452404975891, -0.2221216857433319, 0.9116161465644836, -0.08464719355106354, 0.40223264694213867),
            ["Head"] = CFrame.new(-1.9208528101444244e-09, 0, 1.1139491107314825e-08, 0.9978194832801819, 0.06589069217443466, 0.0038324526976794004, -0.06581627577543259, 0.9976857304573059, -0.01707429625093937, -0.004948620684444904, 0.016784828156232834, 0.9998469352722168),
            ["RightHand"] = CFrame.new(-5.960464477539063e-08, 5.960464477539063e-08, 7.450580596923828e-08, 0.7745679616928101, 0.06726586073637009, -0.6289036870002747, -0.08048698306083679, 0.9967275857925415, 0.007478252053260803, 0.6273487210273743, 0.04482609033584595, 0.7774472236633301),
            ["UpperTorso"] = CFrame.new(4.190951585769653e-09, 2.9802322387695312e-08, 1.885928213596344e-08, 0.9907938241958618, -0.02960227057337761, -0.13210366666316986, 0.04066867753863335, 0.9958125948905945, 0.08187475800514221, 0.12912683188915253, -0.08649348467588425, 0.9878488183021545),
            ["HumanoidRootPart"] = CFrame.new(0, 0, 0, 1, 0, 0, 0, 1, 0, 0, 0, 1),
            ["RightUpperLeg"] = CFrame.new(-2.9802322387695312e-08, 1.8347054719924927e-07, 1.3205863069742918e-08, 0.9531353116035461, -0.08262302726507187, -0.2910439968109131, 0.10683078318834305, 0.991931140422821, 0.06826388835906982, 0.28305545449256897, -0.0961572676897049, 0.9542711973190308),
            ["LeftUpperArm"] = CFrame.new(5.960464477539063e-08, 1.1920928955078125e-07, 1.0244548320770264e-08, 0.5460211038589478, 0.11578443646430969, 0.8297317624092102, -0.07931434363126755, 0.9930994510650635, -0.08638714998960495, -0.8340085744857788, -0.0186404287815094, 0.5514366626739502),
            ["RightLowerArm"] = CFrame.new(1.1920928955078125e-07, 2.384185791015625e-07, 1.7881393432617188e-07, 1, -5.960463766996327e-08, 0, 7.450580596923828e-08, 0.5266937613487244, -0.8500550985336304, 5.587935447692871e-08, 0.8500551581382751, 0.5266937613487244),
            ["LeftHand"] = CFrame.new(1.341104507446289e-07, -1.1920928955078125e-07, 1.6391277313232422e-07, 0.4405387341976166, 0.07254262268543243, 0.8947978615760803, 0.14179609715938568, 0.9785954356193542, -0.1491471827030182, -0.8864647150039673, 0.19258394837379456, 0.42082300782203674),
            ["LeftFoot"] = CFrame.new(-6.51925802230835e-08, 1.1920928955078125e-07, -1.280568540096283e-08, 0.9971926808357239, -0.07413631677627563, -0.010524878278374672, 0.07413217425346375, 0.997248113155365, -0.0007852227427065372, 0.010554120875895023, 0.0000028798087896575453, 0.9999443888664246),
            ["LowerTorso"] = CFrame.new(-0.03142237290740013, -0.04835987091064453, -0.02145169861614704, 0.9900653958320618, 0.0387735590338707, 0.13515661656856537, -0.01887989044189453, 0.9891818761825562, -0.14547407627105713, -0.13933508098125458, 0.14147710800170898, 0.9800866842269897),
            ["RightLowerLeg"] = CFrame.new(-3.725290298461914e-08, -0.000003814697265625, -0.000013237986422609538, 1, -4.377218587592324e-08, 1.6763809895792292e-08, 2.7939684343891713e-08, 0.9172764420509338, 0.39825087785720825, 9.313227522511625e-09, -0.3982512652873993, 0.9172766208648682),
            ["LeftUpperLeg"] = CFrame.new(5.960464477539063e-08, 1.932494342327118e-07, 3.3527612686157227e-08, 0.9954764246940613, 0.02864358015358448, -0.09058849513530731, -0.041669465601444244, 0.9885029792785645, -0.14534637331962585, 0.08538380265235901, 0.14846372604370117, 0.9852249026298523),
            ["LeftLowerLeg"] = CFrame.new(2.514570951461792e-08, 0.000003874301910400391, 0.000013248994946479797, 1, 6.344636460653419e-08, -1.6298147276216923e-09, -4.470348358154297e-08, 0.955057680606842, 0.2964201271533966, 0, -0.29642003774642944, 0.955057680606842),
        }},
        {Time = 0.233, Data = {
            ["RightFoot"] = CFrame.new(-6.51925802230835e-09, 2.384185791015625e-07, -2.0656443666666746e-08, 0.9992349147796631, 0.03861983120441437, -0.006181915756314993, -0.03849099949002266, 0.9429793357849121, -0.33061784505844116, -0.00693901814520359, 0.33060330152511597, 0.9437444806098938),
            ["LeftLowerArm"] = CFrame.new(1.1920928955078125e-07, 5.960464477539063e-08, 5.960464477539063e-08, 1, -8.754431490842762e-08, 1.862644971595273e-08, 8.754431490842762e-08, 0.42634859681129456, -0.9045590162277222, 4.982575063650074e-08, 0.9045590162277222, 0.42634859681129456),
            ["RightUpperArm"] = CFrame.new(0, -3.5762786865234375e-07, 2.7939677238464355e-08, 0.3352012038230896, -0.2765076756477356, -0.9006574153900146, 0.18538342416286469, 0.9566316604614258, -0.22469724714756012, 0.9237279295921326, -0.0916481465101242, 0.3719240427017212),
            ["Head"] = CFrame.new(4.0745362639427185e-10, -1.1920928955078125e-07, 2.382876118645072e-08, 0.9995309710502625, 0.03026687540113926, 0.0046628606505692005, -0.03021346405148506, 0.9994814991950989, -0.011128487065434456, -0.004997268784791231, 0.010982387699186802, 0.9999272227287292),
            ["RightHand"] = CFrame.new(5.960464477539063e-08, 5.960464477539063e-08, -2.2351741790771484e-08, 0.8230212330818176, 0.06662767380475998, -0.5640894174575806, -0.06375130265951157, 0.9976571202278137, 0.024823766201734543, 0.5644218325614929, 0.015530923381447792, 0.8253404498100281),
            ["UpperTorso"] = CFrame.new(-9.313225746154785e-10, 1.4901161193847656e-07, 6.05359673500061e-09, 0.9802643060684204, -0.018622053787112236, -0.1968124955892563, 0.03627700358629227, 0.9955925941467285, 0.08648369461297989, 0.19433455169200897, -0.09191666543483734, 0.9766194224357605),
            ["HumanoidRootPart"] = CFrame.new(0, 0, 0, 1, 0, 0, 0, 1, 0, 0, 0, 1),
            ["RightUpperLeg"] = CFrame.new(0, 1.210719347000122e-08, 1.3205863069742918e-08, 0.9328836798667908, -0.0666065663099289, -0.3539656698703766, 0.10540840029716492, 0.9902127981185913, 0.09147513657808304, 0.34440848231315613, -0.1226467490196228, 0.9307742714881897),
            ["LeftUpperArm"] = CFrame.new(0, 0, 1.3969838619232178e-09, 0.6504293084144592, 0.11094623059034348, 0.7514204978942871, -0.10186459124088287, 0.9930794835090637, -0.05845290794968605, -0.7527053952217102, -0.03852364793419838, 0.6572295427322388),
            ["RightLowerArm"] = CFrame.new(1.7881393432617188e-07, 4.172325134277344e-07, -8.940696716308594e-08, 1, -5.960463766996327e-08, 5.215405707303944e-08, 8.00937343115038e-08, 0.5668231844902039, -0.823839545249939, 7.823108916227284e-08, 0.8238394260406494, 0.5668231248855591),
            ["LeftHand"] = CFrame.new(4.842877388000488e-08, 0, -1.043081283569336e-07, 0.5269250869750977, 0.0408228263258934, 0.848930835723877, 0.05851764231920242, 0.9947329759597778, -0.0841556116938591, -0.8478949069976807, 0.09402117878198624, 0.521760880947113),
            ["LeftFoot"] = CFrame.new(-4.6566128730773926e-09, 5.960464477539063e-08, 2.0023435354232788e-08, 0.9969874620437622, -0.07636862993240356, -0.013566702604293823, 0.07673358917236328, 0.9966355562210083, 0.028802745044231415, 0.011321470141410828, -0.029756994917988777, 0.9994931221008301),
            ["LowerTorso"] = CFrame.new(-0.02931937575340271, -0.051523447036743164, 0.005315773189067841, 0.9791282415390015, 0.03440975397825241, 0.20030951499938965, -0.004052103031426668, 0.9886730909347534, -0.15003018081188202, -0.20320315659046173, 0.14608711004257202, 0.9681772589683533),
            ["RightLowerLeg"] = CFrame.new(-9.685754776000977e-08, -0.0000036954879760742188, -0.000013293865777086467, 1, -6.845221633966503e-08, -3.3527616238870905e-08, 1.005828522693264e-07, 0.9287284016609192, 0.3707604706287384, -3.9348382330217646e-08, -0.370760977268219, 0.9287285804748535),
            ["LeftUpperLeg"] = CFrame.new(0, 3.725290298461914e-09, 2.2351741790771484e-08, 0.9876762628555298, 0.020646128803491592, -0.15514367818832397, -0.04894810542464256, 0.9822839498519897, -0.18089376389980316, 0.148660346865654, 0.18625840544700623, 0.9711889028549194),
            ["LeftLowerLeg"] = CFrame.new(3.91155481338501e-08, 0.000003814697265625, 0.000013316050171852112, 1, 2.8754591596680257e-08, -8.149074304242276e-09, -2.7939677238464355e-08, 0.9518029689788818, 0.3067103624343872, 2.421438694000244e-08, -0.30671045184135437, 0.9518029689788818),
        }},
        {Time = 0.267, Data = {
            ["RightFoot"] = CFrame.new(5.494803190231323e-08, 2.980232238769531e-07, 1.6596459317952394e-08, 0.9994837045669556, 0.031859587877988815, -0.004172160290181637, -0.03130923956632614, 0.936468780040741, -0.3493506908416748, -0.007222977001219988, 0.349301278591156, 0.9369828104972839),
            ["LeftLowerArm"] = CFrame.new(0, 1.7881393432617188e-07, -5.960464477539063e-08, 1, -8.195637946073475e-08, 1.4901161193847656e-08, 8.154893293976784e-08, 0.49438342452049255, -0.8692439198493958, 2.2817403078079224e-08, 0.8692439198493958, 0.4943835139274597),
            ["RightUpperArm"] = CFrame.new(0, 2.384185791015625e-07, -7.916241884231567e-09, 0.33059829473495483, -0.2766484320163727, -0.9023140072822571, 0.18721455335617065, 0.9562965035438538, -0.2246060073375702, 0.9250165820121765, -0.09467197209596634, 0.36794260144233704),
            ["Head"] = CFrame.new(1.0477378964424133e-09, 1.1920928955078125e-07, -6.948539521545172e-09, 0.9999838471412659, -0.0036617445293813944, 0.004357936792075634, 0.003682485781610012, 0.9999819397926331, -0.004760649520903826, -0.004340427462011576, 0.004776606801897287, 0.9999792575836182),
            ["RightHand"] = CFrame.new(8.940696716308594e-08, -2.384185791015625e-07, 4.470348358154297e-08, 0.8629560470581055, 0.05377607047557831, -0.5024091601371765, -0.040253445506095886, 0.9984768033027649, 0.03773265331983566, 0.5036729574203491, -0.012337930500507355, 0.8638062477111816),
            ["UpperTorso"] = CFrame.new(-4.6566128730773926e-09, 8.940696716308594e-08, -2.0954757928848267e-08, 0.9891148209571838, -0.03138989582657814, -0.14375856518745422, 0.044786788523197174, 0.9948502779006958, 0.09092356264591217, 0.14016415178775787, -0.09637235105037689, 0.9854270219802856),
            ["HumanoidRootPart"] = CFrame.new(0, 0, 0, 1, 0, 0, 0, 1, 0, 0, 0, 1),
            ["RightUpperLeg"] = CFrame.new(5.960464477539063e-08, -2.0954757928848267e-08, 2.029992174357176e-09, 0.949296236038208, -0.09976081550121307, -0.29813501238822937, 0.10808947682380676, 0.9940742254257202, 0.011536126025021076, 0.2952173352241516, -0.04317654296755791, 0.9544540643692017),
            ["LeftUpperArm"] = CFrame.new(1.1920928955078125e-07, 1.1920928955078125e-07, 1.3969838619232178e-08, 0.7452244758605957, 0.12566810846328735, 0.6548648476600647, -0.13270029425621033, 0.9903869032859802, -0.03904404118657112, -0.6534762382507324, -0.05780419334769249, 0.7547369003295898),
            ["RightLowerArm"] = CFrame.new(0, -2.980232238769531e-07, 0, 1, -1.0058283805847168e-07, 2.2351745343485163e-08, 5.960464477539063e-08, 0.6256006956100464, -0.7801434993743896, 8.195638656616211e-08, 0.7801434397697449, 0.6256006956100464),
            ["LeftHand"] = CFrame.new(2.7008354663848877e-08, -5.960464477539063e-08, 3.259629011154175e-08, 0.6243239641189575, 0.016685983166098595, 0.7809873223304749, -0.016799792647361755, 0.99982750415802, -0.007931694388389587, -0.7809849381446838, -0.008168504573404789, 0.624496579170227),
            ["LeftFoot"] = CFrame.new(-4.936009645462036e-08, 5.960464477539063e-08, 4.6566128730773926e-09, 0.9972218871116638, -0.0733477994799614, -0.012990737333893776, 0.0738302543759346, 0.9963996410369873, 0.04167643189430237, 0.009887129068374634, -0.0425199531018734, 0.9990466833114624),
            ["LowerTorso"] = CFrame.new(-0.029771529138088226, -0.055327653884887695, 0.031425461173057556, 0.9883214831352234, 0.04294638708233833, 0.14620625972747803, -0.019960829988121986, 0.9876829981803894, -0.15518969297409058, -0.15107029676437378, 0.1504589021205902, 0.9770055413246155),
