return {
    ["Chronoshift"] = {
        {Time = 0.000, Data = {
            ["LeftFoot"] = CFrame.new(-5.132675084951188e-08, -1.1920928955078125e-07, 5.641368261422031e-09, 0.9983810186386108, -0.05687488988041878, -0.0008359552593901753, 0.05468598008155823, 0.963792622089386, -0.26098525524139404, 0.01564912684261799, 0.26051706075668335, 0.9653425216674805),
            ["LeftLowerArm"] = CFrame.new(0, -1.7881393432617188e-07, 1.862645149230957e-07, 1, -8.940696716308594e-08, 4.8428766774577525e-08, 9.499490261077881e-08, 0.3595927357673645, -0.9331093430519104, 4.470348358154297e-08, 0.9331094026565552, 0.35959282517433167),
            ["LowerTorso"] = CFrame.new(-0.0027136499993503094, -0.07920026779174805, -0.017324957996606827, 0.9987528920173645, 0.00012067686475347728, 0.049928244203329086, -0.00010468503023730591, 0.9999999403953552, -0.0003229115391150117, -0.04992828890681267, 0.0003172820433974266, 0.998752772808075),
            ["Head"] = CFrame.new(-1.862645149230957e-09, 3.5762786865234375e-07, 1.1990778148174286e-08, 0.9719797968864441, 0.10010973364114761, 0.21268142759799957, -0.08272455632686615, 0.9925771951675415, -0.08914756774902344, -0.22002722322940826, 0.0690557062625885, 0.9730463624000549),
            ["RightUpperArm"] = CFrame.new(0, 5.960464477539062e-07, 2.2351741790771484e-08, 0.37770846486091614, 0.02294306829571724, 0.9256404042243958, 0.28701716661453247, 0.9475504755973816, -0.14060373604297638, -0.8803167939186096, 0.3187818229198456, 0.3513127267360687),
            ["UpperTorso"] = CFrame.new(-8.731149137020111e-11, -5.960464477539063e-08, -2.954038791358471e-09, 0.9959744811058044, 0.009872238151729107, 0.0890924334526062, -0.014730199240148067, 0.9984304308891296, 0.054035551846027374, -0.08841916918754578, -0.055130403488874435, 0.9945566058158875),
            ["HumanoidRootPart"] = CFrame.new(0, 0, 0, 1, 0, 0, 0, 1, 0, 0, 0, 1),
            ["RightHand"] = CFrame.new(5.21540641784668e-08, 0, 4.246830940246582e-07, 1, 1.4901161193847656e-08, -3.725290742551124e-09, 0, 1, -1.1175872671742582e-08, 2.6077035641947077e-08, -1.1175870895385742e-08, 1),
            ["LeftUpperArm"] = CFrame.new(0, 3.5762786865234375e-07, 0, -0.026275910437107086, 0.20571547746658325, -0.9782590270042419, -0.32443955540657043, 0.9238685965538025, 0.2029922753572464, 0.9455414414405823, 0.3227197229862213, 0.04246673360466957),
            ["RightLowerArm"] = CFrame.new(2.384185791015625e-07, 1.7881393432617188e-07, -1.4901161193847656e-08, 1, -7.823108916227284e-08, 8.568166975919667e-08, 7.264316082000732e-08, -0.08715575188398361, -0.9961947798728943, 7.078051567077637e-08, 0.9961947202682495, -0.0871557891368866),
            ["LeftHand"] = CFrame.new(-8.940696716308594e-08, 1.1920928955078125e-07, 1.043081283569336e-07, 1, 7.450582373280668e-09, 0, -7.450581485102248e-09, 1, -2.2351745343485163e-08, 7.450581485102248e-09, 9.313227877782992e-08, 1),
            ["RightUpperLeg"] = CFrame.new(0, -5.788024282082915e-09, -2.10275175049901e-09, 0.9730323553085327, -0.12630923092365265, -0.19301331043243408, 0.06541487574577332, 0.9535015225410461, -0.2942037284374237, 0.22119909524917603, 0.27364376187324524, 0.936050295829773),
            ["LeftUpperLeg"] = CFrame.new(0, 7.2598140832269564e-09, 2.0954757928848267e-09, 0.9905450940132141, 0.0938158631324768, 0.10009539872407913, -0.056811489164829254, 0.9446356296539307, -0.3231658339500427, -0.12487166374921799, 0.3144238591194153, 0.9410339593887329),
            ["RightLowerLeg"] = CFrame.new(1.0058283805847168e-07, -0.0000035762786865234375, -0.000013290140486788005, 1, -4.7497451305389404e-08, -1.3038517820973539e-08, 4.842877388000488e-08, 0.8302920460700989, 0.557328462600708, 0, -0.5573286414146423, 0.8302922248840332),
            ["RightFoot"] = CFrame.new(-1.2070813681930304e-08, 4.172325134277344e-07, 2.0881998352706432e-09, 0.9978691339492798, 0.06524166464805603, -0.0009299505036324263, -0.0627555251121521, 0.9557476043701172, -0.28741654753685, -0.017862694337964058, 0.2868626117706299, 0.957805335521698),
            ["LeftLowerLeg"] = CFrame.new(-3.3527612686157227e-08, 0.000003933906555175781, 0.000013239681720733643, 1, 4.656613761255812e-09, 7.450581485102248e-09, -1.862645149230957e-08, 0.8287340402603149, 0.5596426725387573, -3.725290298461914e-09, -0.5596427321434021, 0.8287340402603149),
        }},
        {Time = 0.017, Data = {
            ["LeftFoot"] = CFrame.new(-5.132675084951188e-08, -1.1920928955078125e-07, 5.641368261422031e-09, 0.9983810186386108, -0.05687488988041878, -0.0008359552593901753, 0.05468598008155823, 0.963792622089386, -0.26098525524139404, 0.01564912684261799, 0.26051706075668335, 0.9653425216674805),
            ["LeftLowerArm"] = CFrame.new(0, -1.7881393432617188e-07, 1.862645149230957e-07, 1, -8.940696716308594e-08, 4.8428766774577525e-08, 9.499490261077881e-08, 0.3595927357673645, -0.9331093430519104, 4.470348358154297e-08, 0.9331094026565552, 0.35959282517433167),
            ["LowerTorso"] = CFrame.new(-0.0027136499993503094, -0.07920026779174805, -0.017324957996606827, 0.9987528920173645, 0.00012067686475347728, 0.049928244203329086, -0.00010468503023730591, 0.9999999403953552, -0.0003229115391150117, -0.04992828890681267, 0.0003172820433974266, 0.998752772808075),
            ["Head"] = CFrame.new(-1.862645149230957e-09, 3.5762786865234375e-07, 1.1990778148174286e-08, 0.9719797968864441, 0.10010973364114761, 0.21268142759799957, -0.08272455632686615, 0.9925771951675415, -0.08914756774902344, -0.22002722322940826, 0.0690557062625885, 0.9730463624000549),
            ["RightUpperArm"] = CFrame.new(0, 5.960464477539062e-07, 2.2351741790771484e-08, 0.37770846486091614, 0.02294306829571724, 0.9256404042243958, 0.28701716661453247, 0.9475504755973816, -0.14060373604297638, -0.8803167939186096, 0.3187818229198456, 0.3513127267360687),
            ["UpperTorso"] = CFrame.new(-8.731149137020111e-11, -5.960464477539063e-08, -2.954038791358471e-09, 0.9959744811058044, 0.009872238151729107, 0.0890924334526062, -0.014730199240148067, 0.9984304308891296, 0.054035551846027374, -0.08841916918754578, -0.055130403488874435, 0.9945566058158875),
            ["HumanoidRootPart"] = CFrame.new(0, 0, 0, 1, 0, 0, 0, 1, 0, 0, 0, 1),
            ["RightHand"] = CFrame.new(5.21540641784668e-08, 0, 4.246830940246582e-07, 1, 1.4901161193847656e-08, -3.725290742551124e-09, 0, 1, -1.1175872671742582e-08, 2.6077035641947077e-08, -1.1175870895385742e-08, 1),
            ["LeftUpperArm"] = CFrame.new(0, 3.5762786865234375e-07, 0, -0.026275910437107086, 0.20571547746658325, -0.9782590270042419, -0.32443955540657043, 0.9238685965538025, 0.2029922753572464, 0.9455414414405823, 0.3227197229862213, 0.04246673360466957),
            ["RightLowerArm"] = CFrame.new(2.384185791015625e-07, 1.7881393432617188e-07, -1.4901161193847656e-08, 1, -7.823108916227284e-08, 8.568166975919667e-08, 7.264316082000732e-08, -0.08715575188398361, -0.9961947798728943, 7.078051567077637e-08, 0.9961947202682495, -0.0871557891368866),
            ["LeftHand"] = CFrame.new(-8.940696716308594e-08, 1.1920928955078125e-07, 1.043081283569336e-07, 1, 7.450582373280668e-09, 0, -7.450581485102248e-09, 1, -2.2351745343485163e-08, 7.450581485102248e-09, 9.313227877782992e-08, 1),
            ["RightUpperLeg"] = CFrame.new(0, -5.788024282082915e-09, -2.10275175049901e-09, 0.9730323553085327, -0.12630923092365265, -0.19301331043243408, 0.06541487574577332, 0.9535015225410461, -0.2942037284374237, 0.22119909524917603, 0.27364376187324524, 0.936050295829773),
            ["LeftUpperLeg"] = CFrame.new(0, 7.2598140832269564e-09, 2.0954757928848267e-09, 0.9905450940132141, 0.0938158631324768, 0.10009539872407913, -0.056811489164829254, 0.9446356296539307, -0.3231658339500427, -0.12487166374921799, 0.3144238591194153, 0.9410339593887329),
            ["RightLowerLeg"] = CFrame.new(1.0058283805847168e-07, -0.0000035762786865234375, -0.000013290140486788005, 1, -4.7497451305389404e-08, -1.3038517820973539e-08, 4.842877388000488e-08, 0.8302920460700989, 0.557328462600708, 0, -0.5573286414146423, 0.8302922248840332),
            ["RightFoot"] = CFrame.new(-1.2070813681930304e-08, 4.172325134277344e-07, 2.0881998352706432e-09, 0.9978691339492798, 0.06524166464805603, -0.0009299505036324263, -0.0627555251121521, 0.9557476043701172, -0.28741654753685, -0.017862694337964058, 0.2868626117706299, 0.957805335521698),
            ["LeftLowerLeg"] = CFrame.new(-3.3527612686157227e-08, 0.000003933906555175781, 0.000013239681720733643, 1, 4.656613761255812e-09, 7.450581485102248e-09, -1.862645149230957e-08, 0.8287340402603149, 0.5596426725387573, -3.725290298461914e-09, -0.5596427321434021, 0.8287340402603149),
        }},
        {Time = 0.033, Data = {
            ["LeftFoot"] = CFrame.new(-5.132675084951188e-08, -1.1920928955078125e-07, 5.641368261422031e-09, 0.9983810186386108, -0.05687488988041878, -0.0008359552593901753, 0.05468598008155823, 0.963792622089386, -0.26098525524139404, 0.01564912684261799, 0.26051706075668335, 0.9653425216674805),
            ["LeftLowerArm"] = CFrame.new(0, -1.7881393432617188e-07, 1.862645149230957e-07, 1, -8.940696716308594e-08, 4.8428766774577525e-08, 9.499490261077881e-08, 0.3595927357673645, -0.9331093430519104, 4.470348358154297e-08, 0.9331094026565552, 0.35959282517433167),
            ["LowerTorso"] = CFrame.new(-0.0027136499993503094, -0.07920026779174805, -0.017324957996606827, 0.9987528920173645, 0.00012067686475347728, 0.049928244203329086, -0.00010468503023730591, 0.9999999403953552, -0.0003229115391150117, -0.04992828890681267, 0.0003172820433974266, 0.998752772808075),
            ["Head"] = CFrame.new(-1.862645149230957e-09, 3.5762786865234375e-07, 1.1990778148174286e-08, 0.9719797968864441, 0.10010973364114761, 0.21268142759799957, -0.08272455632686615, 0.9925771951675415, -0.08914756774902344, -0.22002722322940826, 0.0690557062625885, 0.9730463624000549),
            ["RightUpperArm"] = CFrame.new(0, 5.960464477539062e-07, 2.2351741790771484e-08, 0.37770846486091614, 0.02294306829571724, 0.9256404042243958, 0.28701716661453247, 0.9475504755973816, -0.14060373604297638, -0.8803167939186096, 0.3187818229198456, 0.3513127267360687),
            ["UpperTorso"] = CFrame.new(-8.731149137020111e-11, -5.960464477539063e-08, -2.954038791358471e-09, 0.9959744811058044, 0.009872238151729107, 0.0890924334526062, -0.014730199240148067, 0.9984304308891296, 0.054035551846027374, -0.08841916918754578, -0.055130403488874435, 0.9945566058158875),
            ["HumanoidRootPart"] = CFrame.new(0, 0, 0, 1, 0, 0, 0, 1, 0, 0, 0, 1),
            ["RightHand"] = CFrame.new(5.21540641784668e-08, 0, 4.246830940246582e-07, 1, 1.4901161193847656e-08, -3.725290742551124e-09, 0, 1, -1.1175872671742582e-08, 2.6077035641947077e-08, -1.1175870895385742e-08, 1),
            ["LeftUpperArm"] = CFrame.new(0, 3.5762786865234375e-07, 0, -0.026275910437107086, 0.20571547746658325, -0.9782590270042419, -0.32443955540657043, 0.9238685965538025, 0.2029922753572464, 0.9455414414405823, 0.3227197229862213, 0.04246673360466957),
            ["RightLowerArm"] = CFrame.new(2.384185791015625e-07, 1.7881393432617188e-07, -1.4901161193847656e-08, 1, -7.823108916227284e-08, 8.568166975919667e-08, 7.264316082000732e-08, -0.08715575188398361, -0.9961947798728943, 7.078051567077637e-08, 0.9961947202682495, -0.0871557891368866),
            ["LeftHand"] = CFrame.new(-8.940696716308594e-08, 1.1920928955078125e-07, 1.043081283569336e-07, 1, 7.450582373280668e-09, 0, -7.450581485102248e-09, 1, -2.2351745343485163e-08, 7.450581485102248e-09, 9.313227877782992e-08, 1),
            ["RightUpperLeg"] = CFrame.new(0, -5.788024282082915e-09, -2.10275175049901e-09, 0.9730323553085327, -0.12630923092365265, -0.19301331043243408, 0.06541487574577332, 0.9535015225410461, -0.2942037284374237, 0.22119909524917603, 0.27364376187324524, 0.936050295829773),
            ["LeftUpperLeg"] = CFrame.new(0, 7.2598140832269564e-09, 2.0954757928848267e-09, 0.9905450940132141, 0.0938158631324768, 0.10009539872407913, -0.056811489164829254, 0.9446356296539307, -0.3231658339500427, -0.12487166374921799, 0.3144238591194153, 0.9410339593887329),
            ["RightLowerLeg"] = CFrame.new(1.0058283805847168e-07, -0.0000035762786865234375, -0.000013290140486788005, 1, -4.7497451305389404e-08, -1.3038517820973539e-08, 4.842877388000488e-08, 0.8302920460700989, 0.557328462600708, 0, -0.5573286414146423, 0.8302922248840332),
            ["RightFoot"] = CFrame.new(-1.2070813681930304e-08, 4.172325134277344e-07, 2.0881998352706432e-09, 0.9978691339492798, 0.06524166464805603, -0.0009299505036324263, -0.0627555251121521, 0.9557476043701172, -0.28741654753685, -0.017862694337964058, 0.2868626117706299, 0.957805335521698),
            ["LeftLowerLeg"] = CFrame.new(-3.3527612686157227e-08, 0.000003933906555175781, 0.000013239681720733643, 1, 4.656613761255812e-09, 7.450581485102248e-09, -1.862645149230957e-08, 0.8287340402603149, 0.5596426725387573, -3.725290298461914e-09, -0.5596427321434021, 0.8287340402603149),
        }},
        {Time = 0.050, Data = {
            ["LeftFoot"] = CFrame.new(9.169559689325979e-08, 5.960464477539063e-08, 1.047646946972236e-08, 0.9977378845214844, -0.06721817702054977, -0.0009398162364959717, 0.0635102316737175, 0.9470983743667603, -0.31459689140319824, 0.022036686539649963, 0.31382572650909424, 0.9492249488830566),
            ["LeftLowerArm"] = CFrame.new(2.384185791015625e-07, 5.960464477539062e-07, -1.341104507446289e-07, 1, -1.0803343286625022e-07, 5.2154071283894154e-08, 1.0803343286625022e-07, 0.023821797221899033, -0.9997162222862244, 7.823110337312755e-08, 0.9997162818908691, 0.023821763694286346),
            ["LowerTorso"] = CFrame.new(0.01165249664336443, -0.12711691856384277, -0.021388452500104904, 0.9983852505683899, 0.027077455073595047, 0.04993691295385361, -0.027811933308839798, 0.999514102935791, 0.014072272926568985, -0.04953160509467125, -0.015438391827046871, 0.9986532330513),
            ["Head"] = CFrame.new(2.444721758365631e-09, 0, -5.471520125865936e-09, 0.9711817502975464, 0.1126784160733223, 0.2100232094526291, -0.09008494764566422, 0.9893615245819092, -0.11422976106405258, -0.22066010534763336, 0.09201791882514954, 0.9710004925727844),
            ["RightUpperArm"] = CFrame.new(-5.960464477539063e-08, 1.1920928955078125e-07, 1.4901161193847656e-08, 0.37278464436531067, 0.23581896722316742, 0.8974525928497314, 0.26864707469940186, 0.8983190655708313, -0.34763744473457336, -0.8881781101226807, 0.37069183588027954, 0.2715274393558502),
            ["UpperTorso"] = CFrame.new(-7.566995918750763e-09, -2.9802322387695312e-08, 3.958120942115784e-09, 0.9954731464385986, -0.032793544232845306, 0.08920712769031525, 0.0285513773560524, 0.9984188079833984, 0.04842222109436989, -0.09065398573875427, -0.04565601423382759, 0.994835376739502),
            ["HumanoidRootPart"] = CFrame.new(0, 0, 0, 1, 0, 0, 0, 1, 0, 0, 0, 1),
            ["RightHand"] = CFrame.new(-1.341104507446289e-07, 2.980232238769531e-07, 3.427267074584961e-07, 1, 3.725290298461914e-09, 0, 1.1175872671742582e-08, 1, -1.30385160446167e-08, 0, 1.6763806343078613e-08, 1),
            ["LeftUpperArm"] = CFrame.new(0, 0, -2.9802322387695312e-08, 0.08968480676412582, 0.21007540822029114, -0.973563015460968, -0.29586705565452576, 0.938994824886322, 0.17536091804504395, 0.9510096907615662, 0.27231794595718384, 0.1463678777217865),
            ["RightLowerArm"] = CFrame.new(1.1920928955078125e-07, 5.960464477539063e-08, -2.9802322387695312e-08, 1, -9.313225746154785e-08, 1.1920927533992653e-07, 4.470348358154297e-08, -0.3564360737800598, -0.9343197345733643, 9.685754776000977e-08, 0.9343197345733643, -0.3564360439777374),
            ["LeftHand"] = CFrame.new(6.705522537231445e-08, 1.1920928955078125e-07, -2.086162567138672e-07, 1, 2.2351747119842003e-08, 3.725290298461914e-09, 2.2351745343485163e-08, 1, 7.450580596923828e-09, 1.4901162970204496e-08, 3.725291186640334e-09, 1),
            ["RightUpperLeg"] = CFrame.new(5.960464477539063e-08, -5.343463271856308e-08, -4.489265847951174e-09, 0.9714809656143188, -0.16632261872291565, -0.16900169849395752, 0.08344390988349915, 0.906944751739502, -0.4129028022289276, 0.22195018827915192, 0.3870247006416321, 0.894957959651947),
            ["LeftUpperLeg"] = CFrame.new(-5.960464477539063e-08, -1.5727709978818893e-07, 9.313225746154785e-10, 0.9913273453712463, 0.0839536115527153, 0.10110313445329666, -0.03789502754807472, 0.9192778468132019, -0.3917810618877411, -0.12583325803279877, 0.384552001953125, 0.9144866466522217),
            ["RightLowerLeg"] = CFrame.new(7.450580596923828e-08, -0.0000037550926208496094, -0.000013208184100221843, 1, -1.1362132568137895e-07, -6.33299421792799e-08, 1.1548398504146462e-07, 0.6958286762237549, 0.7182074785232544, -5.4016702222270396e-08, -0.718207836151123, 0.6958290338516235),
            ["RightFoot"] = CFrame.new(6.704067345708609e-08, 4.172325134277344e-07, -2.0554580260068178e-08, 0.9982271790504456, 0.059508100152015686, -0.001112966681830585, -0.05537775531411171, 0.9217646718025208, -0.3837743103504181, -0.02181170880794525, 0.3831561505794525, 0.9234263300895691),
            ["LeftLowerLeg"] = CFrame.new(2.2351741790771484e-08, 0.000003933906555175781, 0.000013224780559539795, 1, 5.4948024796885875e-08, 1.862645149230957e-08, -4.8428766774577525e-08, 0.7568216919898987, 0.6536213755607605, 1.1175869119028903e-08, -0.65362149477005, 0.7568218111991882),
        }},
        {Time = 0.067, Data = {
            ["LeftFoot"] = CFrame.new(9.169559689325979e-08, 5.960464477539063e-08, 1.047646946972236e-08, 0.9977378845214844, -0.06721817702054977, -0.0009398162364959717, 0.0635102316737175, 0.9470983743667603, -0.31459689140319824, 0.022036686539649963, 0.31382572650909424, 0.9492249488830566),
            ["LeftLowerArm"] = CFrame.new(2.384185791015625e-07, 5.960464477539062e-07, -1.341104507446289e-07, 1, -1.0803343286625022e-07, 5.2154071283894154e-08, 1.0803343286625022e-07, 0.023821797221899033, -0.9997162222862244, 7.823110337312755e-08, 0.9997162818908691, 0.023821763694286346),
            ["LowerTorso"] = CFrame.new(0.01165249664336443, -0.12711691856384277, -0.021388452500104904, 0.9983852505683899, 0.027077455073595047, 0.04993691295385361, -0.027811933308839798, 0.999514102935791, 0.014072272926568985, -0.04953160509467125, -0.015438391827046871, 0.9986532330513),
            ["Head"] = CFrame.new(2.444721758365631e-09, 0, -5.471520125865936e-09, 0.9711817502975464, 0.1126784160733223, 0.2100232094526291, -0.09008494764566422, 0.9893615245819092, -0.11422976106405258, -0.22066010534763336, 0.09201791882514954, 0.9710004925727844),
            ["RightUpperArm"] = CFrame.new(-5.960464477539063e-08, 1.1920928955078125e-07, 1.4901161193847656e-08, 0.37278464436531067, 0.23581896722316742, 0.8974525928497314, 0.26864707469940186, 0.8983190655708313, -0.34763744473457336, -0.8881781101226807, 0.37069183588027954, 0.2715274393558502),
            ["UpperTorso"] = CFrame.new(-7.566995918750763e-09, -2.9802322387695312e-08, 3.958120942115784e-09, 0.9954731464385986, -0.032793544232845306, 0.08920712769031525, 0.0285513773560524, 0.9984188079833984, 0.04842222109436989, -0.09065398573875427, -0.04565601423382759, 0.994835376739502),
            ["HumanoidRootPart"] = CFrame.new(0, 0, 0, 1, 0, 0, 0, 1, 0, 0, 0, 1),
            ["RightHand"] = CFrame.new(-1.341104507446289e-07, 2.980232238769531e-07, 3.427267074584961e-07, 1, 3.725290298461914e-09, 0, 1.1175872671742582e-08, 1, -1.30385160446167e-08, 0, 1.6763806343078613e-08, 1),
            ["LeftUpperArm"] = CFrame.new(0, 0, -2.9802322387695312e-08, 0.08968480676412582, 0.21007540822029114, -0.973563015460968, -0.29586705565452576, 0.938994824886322, 0.17536091804504395, 0.9510096907615662, 0.27231794595718384, 0.1463678777217865),
            ["RightLowerArm"] = CFrame.new(1.1920928955078125e-07, 5.960464477539063e-08, -2.9802322387695312e-08, 1, -9.313225746154785e-08, 1.1920927533992653e-07, 4.470348358154297e-08, -0.3564360737800598, -0.9343197345733643, 9.685754776000977e-08, 0.9343197345733643, -0.3564360439777374),
            ["LeftHand"] = CFrame.new(6.705522537231445e-08, 1.1920928955078125e-07, -2.086162567138672e-07, 1, 2.2351747119842003e-08, 3.725290298461914e-09, 2.2351745343485163e-08, 1, 7.450580596923828e-09, 1.4901162970204496e-08, 3.725291186640334e-09, 1),
            ["RightUpperLeg"] = CFrame.new(5.960464477539063e-08, -5.343463271856308e-08, -4.489265847951174e-09, 0.9714809656143188, -0.16632261872291565, -0.16900169849395752, 0.08344390988349915, 0.906944751739502, -0.4129028022289276, 0.22195018827915192, 0.3870247006416321, 0.894957959651947),
            ["LeftUpperLeg"] = CFrame.new(-5.960464477539063e-08, -1.5727709978818893e-07, 9.313225746154785e-10, 0.9913273453712463, 0.0839536115527153, 0.10110313445329666, -0.03789502754807472, 0.9192778468132019, -0.3917810618877411, -0.12583325803279877, 0.384552001953125, 0.9144866466522217),
            ["RightLowerLeg"] = CFrame.new(7.450580596923828e-08, -0.0000037550926208496094, -0.000013208184100221843, 1, -1.1362132568137895e-07, -6.33299421792799e-08, 1.1548398504146462e-07, 0.6958286762237549, 0.7182074785232544, -5.4016702222270396e-08, -0.718207836151123, 0.6958290338516235),
            ["RightFoot"] = CFrame.new(6.704067345708609e-08, 4.172325134277344e-07, -2.0554580260068178e-08, 0.9982271790504456, 0.059508100152015686, -0.001112966681830585, -0.05537775531411171, 0.9217646718025208, -0.3837743103504181, -0.02181170880794525, 0.3831561505794525, 0.9234263300895691),
            ["LeftLowerLeg"] = CFrame.new(2.2351741790771484e-08, 0.000003933906555175781, 0.000013224780559539795, 1, 5.4948024796885875e-08, 1.862645149230957e-08, -4.8428766774577525e-08, 0.7568216919898987, 0.6536213755607605, 1.1175869119028903e-08, -0.65362149477005, 0.7568218111991882),
        }},
        {Time = 0.083, Data = {
            ["LeftFoot"] = CFrame.new(9.169559689325979e-08, 5.960464477539063e-08, 1.047646946972236e-08, 0.9977378845214844, -0.06721817702054977, -0.0009398162364959717, 0.0635102316737175, 0.9470983743667603, -0.31459689140319824, 0.022036686539649963, 0.31382572650909424, 0.9492249488830566),
            ["LeftLowerArm"] = CFrame.new(2.384185791015625e-07, 5.960464477539062e-07, -1.341104507446289e-07, 1, -1.0803343286625022e-07, 5.2154071283894154e-08, 1.0803343286625022e-07, 0.023821797221899033, -0.9997162222862244, 7.823110337312755e-08, 0.9997162818908691, 0.023821763694286346),
            ["LowerTorso"] = CFrame.new(0.01165249664336443, -0.12711691856384277, -0.021388452500104904, 0.9983852505683899, 0.027077455073595047, 0.04993691295385361, -0.027811933308839798, 0.999514102935791, 0.014072272926568985, -0.04953160509467125, -0.015438391827046871, 0.9986532330513),
            ["Head"] = CFrame.new(2.444721758365631e-09, 0, -5.471520125865936e-09, 0.9711817502975464, 0.1126784160733223, 0.2100232094526291, -0.09008494764566422, 0.9893615245819092, -0.11422976106405258, -0.22066010534763336, 0.09201791882514954, 0.9710004925727844),
            ["RightUpperArm"] = CFrame.new(-5.960464477539063e-08, 1.1920928955078125e-07, 1.4901161193847656e-08, 0.37278464436531067, 0.23581896722316742, 0.8974525928497314, 0.26864707469940186, 0.8983190655708313, -0.34763744473457336, -0.8881781101226807, 0.37069183588027954, 0.2715274393558502),
            ["UpperTorso"] = CFrame.new(-7.566995918750763e-09, -2.9802322387695312e-08, 3.958120942115784e-09, 0.9954731464385986, -0.032793544232845306, 0.08920712769031525, 0.0285513773560524, 0.9984188079833984, 0.04842222109436989, -0.09065398573875427, -0.04565601423382759, 0.994835376739502),
            ["HumanoidRootPart"] = CFrame.new(0, 0, 0, 1, 0, 0, 0, 1, 0, 0, 0, 1),
            ["RightHand"] = CFrame.new(-1.341104507446289e-07, 2.980232238769531e-07, 3.427267074584961e-07, 1, 3.725290298461914e-09, 0, 1.1175872671742582e-08, 1, -1.30385160446167e-08, 0, 1.6763806343078613e-08, 1),
            ["LeftUpperArm"] = CFrame.new(0, 0, -2.9802322387695312e-08, 0.08968480676412582, 0.21007540822029114, -0.973563015460968, -0.29586705565452576, 0.938994824886322, 0.17536091804504395, 0.9510096907615662, 0.27231794595718384, 0.1463678777217865),
            ["RightLowerArm"] = CFrame.new(1.1920928955078125e-07, 5.960464477539063e-08, -2.9802322387695312e-08, 1, -9.313225746154785e-08, 1.1920927533992653e-07, 4.470348358154297e-08, -0.3564360737800598, -0.9343197345733643, 9.685754776000977e-08, 0.9343197345733643, -0.3564360439777374),
            ["LeftHand"] = CFrame.new(6.705522537231445e-08, 1.1920928955078125e-07, -2.086162567138672e-07, 1, 2.2351747119842003e-08, 3.725290298461914e-09, 2.2351745343485163e-08, 1, 7.450580596923828e-09, 1.4901162970204496e-08, 3.725291186640334e-09, 1),
            ["RightUpperLeg"] = CFrame.new(5.960464477539063e-08, -5.343463271856308e-08, -4.489265847951174e-09, 0.9714809656143188, -0.16632261872291565, -0.16900169849395752, 0.08344390988349915, 0.906944751739502, -0.4129028022289276, 0.22195018827915192, 0.3870247006416321, 0.894957959651947),
            ["LeftUpperLeg"] = CFrame.new(-5.960464477539063e-08, -1.5727709978818893e-07, 9.313225746154785e-10, 0.9913273453712463, 0.0839536115527153, 0.10110313445329666, -0.03789502754807472, 0.9192778468132019, -0.3917810618877411, -0.12583325803279877, 0.384552001953125, 0.9144866466522217),
            ["RightLowerLeg"] = CFrame.new(7.450580596923828e-08, -0.0000037550926208496094, -0.000013208184100221843, 1, -1.1362132568137895e-07, -6.33299421792799e-08, 1.1548398504146462e-07, 0.6958286762237549, 0.7182074785232544, -5.4016702222270396e-08, -0.718207836151123, 0.6958290338516235),
            ["RightFoot"] = CFrame.new(6.704067345708609e-08, 4.172325134277344e-07, -2.0554580260068178e-08, 0.9982271790504456, 0.059508100152015686, -0.001112966681830585, -0.05537775531411171, 0.9217646718025208, -0.3837743103504181, -0.02181170880794525, 0.3831561505794525, 0.9234263300895691),
            ["LeftLowerLeg"] = CFrame.new(2.2351741790771484e-08, 0.000003933906555175781, 0.000013224780559539795, 1, 5.4948024796885875e-08, 1.862645149230957e-08, -4.8428766774577525e-08, 0.7568216919898987, 0.6536213755607605, 1.1175869119028903e-08, -0.65362149477005, 0.7568218111991882),
        }},
        {Time = 0.100, Data = {
            ["LeftFoot"] = CFrame.new(9.169559689325979e-08, 5.960464477539063e-08, 1.047646946972236e-08, 0.9977378845214844, -0.06721817702054977, -0.0009398162364959717, 0.0635102316737175, 0.9470983743667603, -0.31459689140319824, 0.022036686539649963, 0.31382572650909424, 0.9492249488830566),
            ["LeftLowerArm"] = CFrame.new(2.384185791015625e-07, 5.960464477539062e-07, -1.341104507446289e-07, 1, -1.0803343286625022e-07, 5.2154071283894154e-08, 1.0803343286625022e-07, 0.023821797221899033, -0.9997162222862244, 7.823110337312755e-08, 0.9997162818908691, 0.023821763694286346),
            ["LowerTorso"] = CFrame.new(0.01165249664336443, -0.12711691856384277, -0.021388452500104904, 0.9983852505683899, 0.027077455073595047, 0.04993691295385361, -0.027811933308839798, 0.999514102935791, 0.014072272926568985, -0.04953160509467125, -0.015438391827046871, 0.9986532330513),
            ["Head"] = CFrame.new(2.444721758365631e-09, 0, -5.471520125865936e-09, 0.9711817502975464, 0.1126784160733223, 0.2100232094526291, -0.09008494764566422, 0.9893615245819092, -0.11422976106405258, -0.22066010534763336, 0.09201791882514954, 0.9710004925727844),
            ["RightUpperArm"] = CFrame.new(-5.960464477539063e-08, 1.1920928955078125e-07, 1.4901161193847656e-08, 0.37278464436531067, 0.23581896722316742, 0.8974525928497314, 0.26864707469940186, 0.8983190655708313, -0.34763744473457336, -0.8881781101226807, 0.37069183588027954, 0.2715274393558502),
            ["UpperTorso"] = CFrame.new(-7.566995918750763e-09, -2.9802322387695312e-08, 3.958120942115784e-09, 0.9954731464385986, -0.032793544232845306, 0.08920712769031525, 0.0285513773560524, 0.9984188079833984, 0.04842222109436989, -0.09065398573875427, -0.04565601423382759, 0.994835376739502),
            ["HumanoidRootPart"] = CFrame.new(0, 0, 0, 1, 0, 0, 0, 1, 0, 0, 0, 1),
            ["RightHand"] = CFrame.new(-1.341104507446289e-07, 2.980232238769531e-07, 3.427267074584961e-07, 1, 3.725290298461914e-09, 0, 1.1175872671742582e-08, 1, -1.30385160446167e-08, 0, 1.6763806343078613e-08, 1),
            ["LeftUpperArm"] = CFrame.new(0, 0, -2.9802322387695312e-08, 0.08968480676412582, 0.21007540822029114, -0.973563015460968, -0.29586705565452576, 0.938994824886322, 0.17536091804504395, 0.9510096907615662, 0.27231794595718384, 0.1463678777217865),
            ["RightLowerArm"] = CFrame.new(1.1920928955078125e-07, 5.960464477539063e-08, -2.9802322387695312e-08, 1, -9.313225746154785e-08, 1.1920927533992653e-07, 4.470348358154297e-08, -0.3564360737800598, -0.9343197345733643, 9.685754776000977e-08, 0.9343197345733643, -0.3564360439777374),
            ["LeftHand"] = CFrame.new(6.705522537231445e-08, 1.1920928955078125e-07, -2.086162567138672e-07, 1, 2.2351747119842003e-08, 3.725290298461914e-09, 2.2351745343485163e-08, 1, 7.450580596923828e-09, 1.4901162970204496e-08, 3.725291186640334e-09, 1),
            ["RightUpperLeg"] = CFrame.new(5.960464477539063e-08, -5.343463271856308e-08, -4.489265847951174e-09, 0.9714809656143188, -0.16632261872291565, -0.16900169849395752, 0.08344390988349915, 0.906944751739502, -0.4129028022289276, 0.22195018827915192, 0.3870247006416321, 0.894957959651947),
            ["LeftUpperLeg"] = CFrame.new(-5.960464477539063e-08, -1.5727709978818893e-07, 9.313225746154785e-10, 0.9913273453712463, 0.0839536115527153, 0.10110313445329666, -0.03789502754807472, 0.9192778468132019, -0.3917810618877411, -0.12583325803279877, 0.384552001953125, 0.9144866466522217),
            ["RightLowerLeg"] = CFrame.new(7.450580596923828e-08, -0.0000037550926208496094, -0.000013208184100221843, 1, -1.1362132568137895e-07, -6.33299421792799e-08, 1.1548398504146462e-07, 0.6958286762237549, 0.7182074785232544, -5.4016702222270396e-08, -0.718207836151123, 0.6958290338516235),
            ["RightFoot"] = CFrame.new(6.704067345708609e-08, 4.172325134277344e-07, -2.0554580260068178e-08, 0.9982271790504456, 0.059508100152015686, -0.001112966681830585, -0.05537775531411171, 0.9217646718025208, -0.3837743103504181, -0.02181170880794525, 0.3831561505794525, 0.9234263300895691),
            ["LeftLowerLeg"] = CFrame.new(2.2351741790771484e-08, 0.000003933906555175781, 0.000013224780559539795, 1, 5.4948024796885875e-08, 1.862645149230957e-08, -4.8428766774577525e-08, 0.7568216919898987, 0.6536213755607605, 1.1175869119028903e-08, -0.65362149477005, 0.7568218111991882),
        }},
        {Time = 0.117, Data = {
            ["LeftFoot"] = CFrame.new(7.834751158952713e-08, -5.960464477539063e-08, 2.3283064365386963e-09, 0.9979811906814575, -0.06341997534036636, -0.003413592930883169, 0.05842607095837593, 0.9378144145011902, -0.3421848714351654, 0.024902692064642906, 0.3412947654724121, 0.9396264553070068),
            ["LeftLowerArm"] = CFrame.new(-5.960464477539063e-08, 5.960464477539063e-08, -4.470348358154297e-08, 1, -1.1175868053214799e-07, 6.146728281919422e-08, 8.940695295223122e-08, 0.11606574058532715, -0.993241548538208, 8.84756374830431e-08, 0.993241548538208, 0.11606577038764954),
            ["LowerTorso"] = CFrame.new(0.012615570798516273, -0.1763591766357422, -0.020463790744543076, 0.9968107342720032, 0.06142590939998627, 0.050943393260240555, -0.0628775805234909, 0.9976450800895691, 0.027398856356739998, -0.04914042726159096, -0.03051467053592205, 0.9983256459236145),
            ["Head"] = CFrame.new(6.51925802230835e-09, 0, 1.7345882952213287e-08, 0.9685482382774353, 0.12708613276481628, 0.21392448246479034, -0.10033006221055984, 0.9862086176872253, -0.13163010776042938, -0.22770251333713531, 0.10602705925703049, 0.9679411053657532),
            ["RightUpperArm"] = CFrame.new(0, 0, 5.960464477539063e-08, 0.36325278878211975, 0.43355292081832886, 0.8246691823005676, 0.1710081249475479, 0.8390687108039856, -0.5164493918418884, -0.9158623218536377, 0.3286268711090088, 0.23065298795700073),
            ["UpperTorso"] = CFrame.new(2.0605511963367462e-08, -2.9802322387695312e-08, 8.847564458847046e-09, 0.9932312965393066, -0.0750545859336853, 0.08864736557006836, 0.07009849697351456, 0.9958665370941162, 0.05775967240333557, -0.09261609613895416, -0.051154643297195435, 0.9943870306015015),
            ["HumanoidRootPart"] = CFrame.new(0, 0, 0, 1, 0, 0, 0, 1, 0, 0, 0, 1),
            ["RightHand"] = CFrame.new(-9.685754776000977e-08, 2.980232238769531e-07, 2.8312206268310547e-07, 1, 0, -1.4901159417490817e-08, -7.450580596923828e-09, 1, -2.4214383387288763e-08, -2.9802322387695312e-08, -4.470348358154297e-08, 1),
            ["LeftUpperArm"] = CFrame.new(0, 0, 9.313225746154785e-10, 0.13785240054130554, -0.1717870682477951, -0.9754414558410645, -0.14935925602912903, 0.9699762463569641, -0.19193249940872192, 0.979126513004303, 0.17214952409267426, 0.10805562138557434),
            ["RightLowerArm"] = CFrame.new(-1.1920928955078125e-07, 2.384185791015625e-07, -5.960464477539063e-08, 1, -6.705523247774181e-08, 1.043081283569336e-07, 6.705522537231445e-08, -0.3440594971179962, -0.938947856426239, 8.940696716308594e-08, 0.9389479160308838, -0.3440594971179962),
            ["LeftHand"] = CFrame.new(-5.21540641784668e-08, 5.960464477539063e-08, 4.0978193283081055e-08, 1, 3.2130635929661366e-08, -1.0244548320770264e-08, 1.210719347000122e-08, 1, 2.0489096641540527e-08, -1.862645149230957e-09, -1.862645593320167e-09, 1),
            ["RightUpperLeg"] = CFrame.new(0, 1.57160684466362e-07, 5.75528247281909e-09, 0.9675917625427246, -0.21760660409927368, -0.1281159520149231, 0.11676400154829025, 0.8354046940803528, -0.5370896458625793, 0.22390297055244446, 0.5047240257263184, 0.8337392210960388),
            ["LeftUpperLeg"] = CFrame.new(0, 2.5109329726547003e-07, 5.122274160385132e-09, 0.9920341372489929, 0.06322424113750458, 0.1089538037776947, -0.003728974610567093, 0.8792842030525208, -0.47628289461135864, -0.12591397762298584, 0.47208261489868164, 0.8725157380104065),
            ["RightLowerLeg"] = CFrame.new(3.725290298461914e-08, -0.000003993511199951172, -0.000013297591067384928, 1, -4.619359401658585e-07, -2.1606686573250045e-07, 4.2468295191611105e-07, 0.5211035013198853, 0.853493332862854, -2.5331965503028187e-07, -0.8534934520721436, 0.5211039185523987),
            ["RightFoot"] = CFrame.new(-6.915070116519928e-08, 4.172325134277344e-07, 2.032174961641431e-08, 0.9984453320503235, 0.055729445070028305, 0.0011071079643443227, -0.04950066655874252, 0.8956321477890015, -0.44203224778175354, -0.02562582492828369, 0.4412905275821686, 0.8969985246658325),
            ["LeftLowerLeg"] = CFrame.new(-3.725290298461914e-08, 0.000004172325134277344, 0.000013284385204315186, 1, -1.0407529771327972e-07, -4.6566128730773926e-08, 1.1175870895385742e-07, 0.651997983455658, 0.7582206130027771, -4.842877388000488e-08, -0.7582206726074219, 0.6519981622695923),
        }},
        {Time = 0.133, Data = {
            ["LeftFoot"] = CFrame.new(7.834751158952713e-08, -5.960464477539063e-08, 2.3283064365386963e-09, 0.9979811906814575, -0.06341997534036636, -0.003413592930883169, 0.05842607095837593, 0.9378144145011902, -0.3421848714351654, 0.024902692064642906, 0.3412947654724121, 0.9396264553070068),
            ["LeftLowerArm"] = CFrame.new(-5.960464477539063e-08, 5.960464477539063e-08, -4.470348358154297e-08, 1, -1.1175868053214799e-07, 6.146728281919422e-08, 8.940695295223122e-08, 0.11606574058532715, -0.993241548538208, 8.84756374830431e-08, 0.993241548538208, 0.11606577038764954),
            ["LowerTorso"] = CFrame.new(0.012615570798516273, -0.1763591766357422, -0.020463790744543076, 0.9968107342720032, 0.06142590939998627, 0.050943393260240555, -0.0628775805234909, 0.9976450800895691, 0.027398856356739998, -0.04914042726159096, -0.03051467053592205, 0.9983256459236145),
            ["Head"] = CFrame.new(6.51925802230835e-09, 0, 1.7345882952213287e-08, 0.9685482382774353, 0.12708613276481628, 0.21392448246479034, -0.10033006221055984, 0.9862086176872253, -0.13163010776042938, -0.22770251333713531, 0.10602705925703049, 0.9679411053657532),
            ["RightUpperArm"] = CFrame.new(0, 0, 5.960464477539063e-08, 0.36325278878211975, 0.43355292081832886, 0.8246691823005676, 0.1710081249475479, 0.8390687108039856, -0.5164493918418884, -0.9158623218536377, 0.3286268711090088, 0.23065298795700073),
            ["UpperTorso"] = CFrame.new(2.0605511963367462e-08, -2.9802322387695312e-08, 8.847564458847046e-09, 0.9932312965393066, -0.0750545859336853, 0.08864736557006836, 0.07009849697351456, 0.9958665370941162, 0.05775967240333557, -0.09261609613895416, -0.051154643297195435, 0.9943870306015015),
            ["HumanoidRootPart"] = CFrame.new(0, 0, 0, 1, 0, 0, 0, 1, 0, 0, 0, 1),
            ["RightHand"] = CFrame.new(-9.685754776000977e-08, 2.980232238769531e-07, 2.8312206268310547e-07, 1, 0, -1.4901159417490817e-08, -7.450580596923828e-09, 1, -2.4214383387288763e-08, -2.9802322387695312e-08, -4.470348358154297e-08, 1),
            ["LeftUpperArm"] = CFrame.new(0, 0, 9.313225746154785e-10, 0.13785240054130554, -0.1717870682477951, -0.9754414558410645, -0.14935925602912903, 0.9699762463569641, -0.19193249940872192, 0.979126513004303, 0.17214952409267426, 0.10805562138557434),
            ["RightLowerArm"] = CFrame.new(-1.1920928955078125e-07, 2.384185791015625e-07, -5.960464477539063e-08, 1, -6.705523247774181e-08, 1.043081283569336e-07, 6.705522537231445e-08, -0.3440594971179962, -0.938947856426239, 8.940696716308594e-08, 0.9389479160308838, -0.3440594971179962),
            ["LeftHand"] = CFrame.new(-5.21540641784668e-08, 5.960464477539063e-08, 4.0978193283081055e-08, 1, 3.2130635929661366e-08, -1.0244548320770264e-08, 1.210719347000122e-08, 1, 2.0489096641540527e-08, -1.862645149230957e-09, -1.862645593320167e-09, 1),
            ["RightUpperLeg"] = CFrame.new(0, 1.57160684466362e-07, 5.75528247281909e-09, 0.9675917625427246, -0.21760660409927368, -0.1281159520149231, 0.11676400154829025, 0.8354046940803528, -0.5370896458625793, 0.22390297055244446, 0.5047240257263184, 0.8337392210960388),
            ["LeftUpperLeg"] = CFrame.new(0, 2.5109329726547003e-07, 5.122274160385132e-09, 0.9920341372489929, 0.06322424113750458, 0.1089538037776947, -0.003728974610567093, 0.8792842030525208, -0.47628289461135864, -0.12591397762298584, 0.47208261489868164, 0.8725157380104065),
            ["RightLowerLeg"] = CFrame.new(3.725290298461914e-08, -0.000003993511199951172, -0.000013297591067384928, 1, -4.619359401658585e-07, -2.1606686573250045e-07, 4.2468295191611105e-07, 0.5211035013198853, 0.853493332862854, -2.5331965503028187e-07, -0.8534934520721436, 0.5211039185523987),
            ["RightFoot"] = CFrame.new(-6.915070116519928e-08, 4.172325134277344e-07, 2.032174961641431e-08, 0.9984453320503235, 0.055729445070028305, 0.0011071079643443227, -0.04950066655874252, 0.8956321477890015, -0.44203224778175354, -0.02562582492828369, 0.4412905275821686, 0.8969985246658325),
            ["LeftLowerLeg"] = CFrame.new(-3.725290298461914e-08, 0.000004172325134277344, 0.000013284385204315186, 1, -1.0407529771327972e-07, -4.6566128730773926e-08, 1.1175870895385742e-07, 0.651997983455658, 0.7582206130027771, -4.842877388000488e-08, -0.7582206726074219, 0.6519981622695923),
        }},
        {Time = 0.150, Data = {
            ["LeftFoot"] = CFrame.new(7.834751158952713e-08, -5.960464477539063e-08, 2.3283064365386963e-09, 0.9979811906814575, -0.06341997534036636, -0.003413592930883169, 0.05842607095837593, 0.9378144145011902, -0.3421848714351654, 0.024902692064642906, 0.3412947654724121, 0.9396264553070068),
