return {
    ["sharp lay twerk v1.1"] = {
        {Time = 0.000, Data = {
            ["RightFoot"] = CFrame.new(0, 0.03436744213104248, -0.00010064819798571989, 0.8187773823738098, 0.43917205929756165, 0.3697948157787323, -0.1843499094247818, 0.8110997080802917, -0.5551143288612366, -0.5437082052230835, 0.3863227367401123, 0.7450503706932068),
            ["LeftLowerArm"] = CFrame.new(-0.0005000829696655273, 0.05692577362060547, 0.018749602138996124, 1, -1.9348223645465623e-07, -1.7881291114463238e-07, 5.4016709327697754e-08, 0.8120994567871094, -0.5835193991661072, 2.123415470123291e-07, 0.5835190415382385, 0.8120992183685303),
            ["RightUpperArm"] = CFrame.new(0.4580690860748291, 0.4738914966583252, -0.7408851981163025, 0.08386216312646866, -0.5827311873435974, 0.8083266615867615, -0.19488945603370667, -0.8051099181175232, -0.5601927042007446, 0.9772334694862366, -0.11055533587932587, -0.18108634650707245),
            ["Head"] = CFrame.new(0, 0, -8.940696716308594e-08, 0.614762544631958, 0.14914685487747192, -0.7744819521903992, -0.14914682507514954, 0.9862241744995117, 0.07153471559286118, 0.7744818925857544, 0.071534663438797, 0.6285383105278015),
            ["RightHand"] = CFrame.new(-0.0004952177405357361, 0.007182776927947998, 2.905726432800293e-07, 0.999702513217926, -0.020741144195199013, 0.012834182009100914, 0.020333966240286827, 0.9993101954460144, 0.031078802421689034, -0.013469850644469261, -0.030807245522737503, 0.9994345903396606),
            ["UpperTorso"] = CFrame.new(-0.03883269429206848, 0.021663010120391846, -0.044118113815784454, 0.9992049932479858, -0.03777754306793213, -0.01274014264345169, 0.039429593831300735, 0.9836602807044983, 0.1756640076637268, 0.005895817186683416, -0.17602668702602386, 0.9843677878379822),
            ["HumanoidRootPart"] = CFrame.new(0, 0, 0, 1, 0, 0, 0, 1, 0, 0, 0, 1),
            ["RightUpperLeg"] = CFrame.new(-0.2476920485496521, -0.3606589436531067, -0.11713981628417969, 0.841221272945404, -0.4196788966655731, 0.3408898115158081, -0.3389301300048828, -0.9005443453788757, -0.2723311185836792, 0.4212755560874939, 0.11353203654289246, -0.899794340133667),
            ["LeftUpperArm"] = CFrame.new(0.022236227989196777, 0.007817387580871582, -0.009012386202812195, 0.9968219995498657, -0.07638202607631683, -0.022621359676122665, -0.07828754931688309, -0.8867820501327515, -0.4555100202560425, 0.014732356183230877, 0.45583269000053406, -0.8899433016777039),
            ["RightLowerArm"] = CFrame.new(-3.8743019104003906e-07, 0.09012746810913086, 0.0458245575428009, 1, 2.3795271886228875e-07, 1.0756724577731802e-07, -5.2619732571201894e-08, 0.5370415449142456, -0.8435560464859009, -2.0232985775692214e-07, 0.8435558080673218, 0.5370412468910217),
            ["LeftHand"] = CFrame.new(0.0005009500309824944, -0.0016281604766845703, 1.1175870895385742e-08, 0.9968220591545105, 0.06840940564870834, -0.04081813991069794, -0.07523025572299957, 0.9769197106361389, -0.19992172718048096, 0.026199055835604668, 0.20235660672187805, 0.9789613485336304),
            ["LeftFoot"] = CFrame.new(-6.239861249923706e-08, 0.028595268726348877, -0.0000020489096641540527, 0.9914830327033997, 0.0996306762099266, 0.08388613164424896, 0.05740192532539368, 0.24388931691646576, -0.9681068062782288, -0.11690349131822586, 0.9646719098091125, 0.2360769808292389),
            ["LowerTorso"] = CFrame.new(-0.10952062159776688, -0.9204756021499634, 0.5745790600776672, 0.9992050528526306, 0.039429593831300735, 0.005895817186683416, -0.005366479977965355, -0.013517280109226704, 0.9998942613601685, 0.03950512036681175, -0.99913090467453, -0.01329493522644043),
            ["RightLowerLeg"] = CFrame.new(2.9802322387695312e-08, 0.12225198745727539, -0.12381511181592941, 1, 2.384204265126755e-07, 3.7251231788104633e-07, -2.607703493140434e-07, -0.28348684310913086, 0.9589732885360718, 3.6507850609268644e-07, -0.9589762091636658, -0.2834964990615845),
            ["LeftUpperLeg"] = CFrame.new(0.015508562326431274, -0.001197371631860733, 0.08847629278898239, 0.9588539004325867, 0.001217914861626923, -0.2838980257511139, -0.2808707654476166, 0.14976665377616882, -0.9479848742485046, 0.041363127529621124, 0.9887206554412842, 0.14396755397319794),
            ["LeftLowerLeg"] = CFrame.new(3.725290298461914e-09, 0.11635178327560425, -0.059136196970939636, 1, -2.3375987723284197e-07, -1.154807378611622e-07, 1.9744038581848145e-07, 0.3886859714984894, 0.9213759303092957, -1.5832483768463135e-07, -0.921370267868042, 0.38867273926734924),
        }},
        {Time = 0.017, Data = {
            ["RightFoot"] = CFrame.new(-7.450580596923828e-08, 0.03430771827697754, -0.00010083446250064299, 0.8202004432678223, 0.43761515617370605, 0.36848416924476624, -0.18509306013584137, 0.8124455213546753, -0.5528944730758667, -0.541305661201477, 0.3852599859237671, 0.747346818447113),
            ["LeftLowerArm"] = CFrame.new(-0.000500023365020752, 0.05687767267227173, 0.018717359751462936, 1, -1.989537850022316e-07, -1.5902246275345533e-07, 5.02914261346632e-08, 0.8124222159385681, -0.5830699801445007, 2.3283067207557906e-07, 0.5830696225166321, 0.812421977519989),
            ["RightUpperArm"] = CFrame.new(0.4579932689666748, 0.4751572608947754, -0.7392622828483582, 0.08389990031719208, -0.5827605128288269, 0.8083014488220215, -0.19619014859199524, -0.8049446940422058, -0.55997633934021, 0.9769700169563293, -0.11159874498844147, -0.18186607956886292),
            ["Head"] = CFrame.new(0, 0, 8.940696716308594e-08, 0.6147305369377136, 0.14915154874324799, -0.7745064496994019, -0.15049763023853302, 0.9860971570014954, 0.07044801861047745, 0.7742460370063782, 0.07325483113527298, 0.6286309957504272),
            ["RightHand"] = CFrame.new(-0.000495249405503273, 0.007182955741882324, 2.123415470123291e-07, 0.9996973872184753, -0.0209221001714468, 0.012939759530127048, 0.02051210030913353, 0.9993087649345398, 0.0310073085129261, -0.013579687103629112, -0.030731458216905594, 0.9994354248046875),
            ["UpperTorso"] = CFrame.new(-0.0385509617626667, 0.021928608417510986, -0.044598255306482315, 0.9990091919898987, -0.04230991378426552, -0.01380605436861515, 0.0440509095788002, 0.9842484593391418, 0.17121484875679016, 0.006344502326101065, -0.1716533750295639, 0.9851370453834534),
            ["HumanoidRootPart"] = CFrame.new(0, 0, 0, 1, 0, 0, 0, 1, 0, 0, 0, 1),
            ["RightUpperLeg"] = CFrame.new(-0.24598509073257446, -0.35976922512054443, -0.11548961699008942, 0.8440450429916382, -0.41673558950424194, 0.3375036120414734, -0.3360697329044342, -0.9015014171600342, -0.2727096676826477, 0.4179055094718933, 0.11673343926668167, -0.9009554982185364),
            ["LeftUpperArm"] = CFrame.new(0.02223658561706543, 0.00781095027923584, -0.009073108434677124, 0.9968228340148926, -0.0763922929763794, -0.02255331166088581, -0.07830078899860382, -0.8878690600395203, -0.4533851444721222, 0.01461056713014841, 0.45370998978614807, -0.891029417514801),
            ["RightLowerArm"] = CFrame.new(-2.980232238769531e-07, 0.09012633562088013, 0.04582288861274719, 1, 2.272425660976296e-07, 9.196765660135497e-08, -4.377216100692749e-08, 0.5370563268661499, -0.8435463905334473, -2.260785549879074e-07, 0.8435465097427368, 0.5370562672615051),
            ["LeftHand"] = CFrame.new(0.0005009882152080536, -0.0016325116157531738, -1.1175870895385742e-08, 0.996822714805603, 0.06840109825134277, -0.040813639760017395, -0.07521341741085052, 0.9769805073738098, -0.19963058829307556, 0.026218697428703308, 0.20206555724143982, 0.9790209531784058),
            ["LeftFoot"] = CFrame.new(-1.210719347000122e-08, 0.028564274311065674, -0.000002034008502960205, 0.9894781112670898, 0.11068210750818253, 0.09319116920232773, 0.06335185468196869, 0.24765820801258087, -0.9667780995368958, -0.13007524609565735, 0.962504506111145, 0.23802438378334045),
            ["LowerTorso"] = CFrame.new(-0.11174717545509338, -0.9159984588623047, 0.574616551399231, 0.9990092515945435, 0.0440509095788002, 0.00634450139477849, -0.00548814469948411, -0.019533973187208176, 0.9997941255569458, 0.044165775179862976, -0.9988383054733276, -0.019272862002253532),
            ["RightLowerLeg"] = CFrame.new(0, 0.12255203723907471, -0.1227758526802063, 1, 2.6822291943062737e-07, 5.215173928263539e-07, -1.0430814256778831e-07, -0.27265664935112, 0.9621086716651917, 3.427267358802055e-07, -0.9621114134788513, -0.27266648411750793),
            ["LeftUpperLeg"] = CFrame.new(0.009212285280227661, -0.0028268154710531235, 0.08673276752233505, 0.9590029716491699, -0.010288221761584282, -0.28321006894111633, -0.2787671685218811, 0.14564523100852966, -0.9492473006248474, 0.0510135218501091, 0.9892835021018982, 0.1368272304534912),
            ["LeftLowerLeg"] = CFrame.new(3.3527612686157227e-08, 0.11624473333358765, -0.05893094837665558, 1, -2.04889133215147e-07, -8.940445184180135e-08, 2.2072347860557784e-07, 0.39081940054893494, 0.920473039150238, -2.3469331722481002e-07, -0.9204673767089844, 0.3908061981201172),
        }},
        {Time = 0.033, Data = {
            ["RightFoot"] = CFrame.new(-2.2351741790771484e-08, 0.034132301807403564, -0.00010099092469317839, 0.8241786360740662, 0.4332194924354553, 0.36478304862976074, -0.18713673949241638, 0.8162387013435364, -0.5465831160545349, -0.5345179438591003, 0.38219791650772095, 0.7537773847579956),
            ["LeftLowerArm"] = CFrame.new(-0.0005000829696655273, 0.05673140287399292, 0.018620185554027557, 1, -1.825392246246338e-07, -1.597209120518528e-07, 3.5390254282674505e-08, 0.8133928179740906, -0.5817151069641113, 2.2165474433677446e-07, 0.581714928150177, 0.8133926391601562),
            ["RightUpperArm"] = CFrame.new(0.45777428150177, 0.47883570194244385, -0.7345467209815979, 0.08400700241327286, -0.5828484296798706, 0.8082271218299866, -0.199973464012146, -0.8044542670249939, -0.559342622756958, 0.9761934280395508, -0.11463508009910583, -0.18413294851779938),
            ["Head"] = CFrame.new(1.4901161193847656e-08, 0, 5.960464477539063e-08, 0.6146447062492371, 0.14916369318962097, -0.7745723724365234, -0.15445375442504883, 0.9857079982757568, 0.06725984811782837, 0.7735347151756287, 0.07829469442367554, 0.6288989186286926),
            ["RightHand"] = CFrame.new(-0.0004952019080519676, 0.007182002067565918, 3.91155481338501e-07, 0.9996824860572815, -0.021438326686620712, 0.013241167180240154, 0.02102123759686947, 0.9993043541908264, 0.03080381639301777, -0.01389266550540924, -0.03051472082734108, 0.9994378089904785),
            ["UpperTorso"] = CFrame.new(-0.037737373262643814, 0.02276095747947693, -0.045978568494319916, 0.9983494281768799, -0.05489743500947952, -0.016877489164471626, 0.05688271299004555, 0.9857134819030762, 0.15853501856327057, 0.00793320219963789, -0.15923340618610382, 0.9872090816497803),
            ["HumanoidRootPart"] = CFrame.new(0, 0, 0, 1, 0, 0, 0, 1, 0, 0, 0, 1),
            ["RightUpperLeg"] = CFrame.new(-0.24114301800727844, -0.3572510778903961, -0.11075793951749802, 0.8517438769340515, -0.40852364897727966, 0.32807162404060364, -0.32798105478286743, -0.9040160775184631, -0.27422869205474854, 0.40860840678215027, 0.12594987452030182, -0.9039732813835144),
            ["LeftUpperArm"] = CFrame.new(0.02223789691925049, 0.007792830467224121, -0.009250059723854065, 0.996825098991394, -0.07642123848199844, -0.022352730855345726, -0.07833679020404816, -0.8910111784934998, -0.4471724033355713, 0.014256670139729977, 0.44750308990478516, -0.894168496131897),
            ["RightLowerArm"] = CFrame.new(-3.2782554626464844e-07, 0.09012359380722046, 0.04581928998231888, 1, 2.2444861258463789e-07, 1.1851021497477632e-07, -5.1688409996586415e-08, 0.5370945334434509, -0.8435220122337341, -2.048909948371147e-07, 0.8435221314430237, 0.5370945930480957),
            ["LeftHand"] = CFrame.new(0.0005010310560464859, -0.0016453266143798828, -1.4901161193847656e-08, 0.996825098991394, 0.06837573647499084, -0.04079991206526756, -0.07516396790742874, 0.9771512746810913, -0.19881191849708557, 0.026273248717188835, 0.2012465000152588, 0.979188084602356),
            ["LeftFoot"] = CFrame.new(1.862645149230957e-08, 0.028456926345825195, -0.0000021010637283325195, 0.9825477004051208, 0.14229828119277954, 0.11981140822172165, 0.07982411980628967, 0.25924810767173767, -0.9625106453895569, -0.16801278293132782, 0.9552704691886902, 0.24334843456745148),
            ["LowerTorso"] = CFrame.new(-0.1179644912481308, -0.9031249284744263, 0.5746118426322937, 0.9983493685722351, 0.05688271299004555, 0.007933203130960464, -0.005848834291100502, -0.036716558039188385, 0.999308705329895, 0.057134658098220825, -0.9977055788040161, -0.03632325306534767),
            ["RightLowerLeg"] = CFrame.new(-2.9802322387695312e-08, 0.12332940101623535, -0.11978191137313843, 1, 1.9371641712950805e-07, 2.5330862740702287e-07, -2.4586915969848633e-07, -0.24143940210342407, 0.9704132080078125, 2.905726432800293e-07, -0.9704160094261169, -0.2414502054452896),
            ["LeftUpperLeg"] = CFrame.new(-0.008315503597259521, -0.007419697940349579, 0.08187266439199448, 0.9582657217979431, -0.04299922659993172, -0.28262829780578613, -0.27480265498161316, 0.13397744297981262, -0.9521176218986511, 0.07880544662475586, 0.9900510907173157, 0.1165909469127655),
            ["LeftLowerLeg"] = CFrame.new(1.0803341865539551e-07, 0.11586892604827881, -0.05821937322616577, 1, -2.142022736961735e-07, -1.1175557546039272e-07, 2.1792948246002197e-07, 0.3982091546058655, 0.9173004031181335, -1.955777406692505e-07, -0.9172946810722351, 0.39819592237472534),
        }},
        {Time = 0.050, Data = {
            ["RightFoot"] = CFrame.new(-3.725290298461914e-08, 0.03385615348815918, -0.00010113993630511686, 0.8300755023956299, 0.42658016085624695, 0.3591931164264679, -0.1903264969587326, 0.8221316933631897, -0.5365574955940247, -0.5241665840148926, 0.3769998252391815, 0.7636009454727173),
            ["LeftLowerArm"] = CFrame.new(-0.0004998147487640381, 0.05647927522659302, 0.01845337077975273, 1, -1.4691612193473702e-07, -1.627477104193531e-07, 5.21540641784668e-08, 0.8150625824928284, -0.5793735980987549, 2.2724270820617676e-07, 0.5793728828430176, 0.8150621652603149),
            ["RightUpperArm"] = CFrame.new(0.4574253559112549, 0.4847480058670044, -0.726963222026825, 0.08417373150587082, -0.5829877853393555, 0.8081088662147522, -0.20606477558612823, -0.803640604019165, -0.5583006739616394, 0.9749113917350769, -0.11952835321426392, -0.18777790665626526),
            ["Head"] = CFrame.new(0, 1.1920928955078125e-07, 2.9802322387695312e-08, 0.6145214438438416, 0.14918014407157898, -0.7746668457984924, -0.16086775064468384, 0.9850218296051025, 0.06207703799009323, 0.7723245024681091, 0.08647125214338303, 0.6293153166770935),
            ["RightHand"] = CFrame.new(-0.000495346263051033, 0.00718080997467041, 2.086162567138672e-07, 0.9996585249900818, -0.022244345396757126, 0.01371210440993309, 0.021817386150360107, 0.9992973804473877, 0.0304782222956419, -0.014380579814314842, -0.03016757220029831, 0.999441385269165),
            ["UpperTorso"] = CFrame.new(-0.03644441068172455, 0.024269789457321167, -0.04815367981791496, 0.9970192909240723, -0.07399707287549973, -0.021840080618858337, 0.07631923258304596, 0.9874065518379211, 0.1385776847600937, 0.011310695670545101, -0.13983143866062164, 0.9901107549667358),
            ["HumanoidRootPart"] = CFrame.new(0, 0, 0, 1, 0, 0, 0, 1, 0, 0, 0, 1),
            ["RightUpperLeg"] = CFrame.new(-0.23358368873596191, -0.3533325493335724, -0.10327465087175369, 0.8628246784210205, -0.3959554433822632, 0.31423449516296387, -0.31537875533103943, -0.9074803590774536, -0.27755066752433777, 0.39505669474601746, 0.1403525471687317, -0.9078669548034668),
            ["LeftUpperArm"] = CFrame.new(0.02223968505859375, 0.007767081260681152, -0.009534314274787903, 0.9968289732933044, -0.0764661654829979, -0.022021636366844177, -0.07838824391365051, -0.8960118889808655, -0.4370568096637726, 0.013688172213733196, 0.437396377325058, -0.8991643786430359),
            ["RightLowerArm"] = CFrame.new(-2.086162567138672e-07, 0.0901181697845459, 0.045813314616680145, 1, 2.3422745698553626e-07, 1.0454042609353564e-07, -4.0046874261179255e-08, 0.5371586084365845, -0.8434810638427734, -2.0745213191730727e-07, 0.8434812426567078, 0.5371589064598083),
            ["LeftHand"] = CFrame.new(0.0005009276792407036, -0.0016670823097229004, -7.450580596923828e-08, 0.9968290328979492, 0.06833254545927048, -0.04077634960412979, -0.07508399337530136, 0.9774057269096375, -0.1975872665643692, 0.02635287307202816, 0.2000221610069275, 0.9794368743896484),
            ["LeftFoot"] = CFrame.new(1.4901161193847656e-08, 0.028201580047607422, -0.000002086162567138672, 0.9688194394111633, 0.18954139947891235, 0.15958930552005768, 0.10261629521846771, 0.2793356776237488, -0.9546990394592285, -0.22551900148391724, 0.9412999749183655, 0.2511597275733948),
            ["LowerTorso"] = CFrame.new(-0.12745605409145355, -0.8826947212219238, 0.5742663145065308, 0.9970192909240723, 0.07631923258304596, 0.011310695670545101, -0.0064408499747514725, -0.06375584751367569, 0.9979448318481445, 0.07688349485397339, -0.9950430989265442, -0.0630742534995079),
            ["RightLowerLeg"] = CFrame.new(6.705522537231445e-08, 0.1243547797203064, -0.11499140411615372, 1, 2.682224931049859e-07, 1.93706739537447e-07, -2.011657045386528e-07, -0.1915179342031479, 0.9814867377281189, 4.023314090773056e-07, -0.9814891815185547, -0.19152992963790894),
            ["LeftUpperLeg"] = CFrame.new(-0.035032689571380615, -0.014535162597894669, 0.07445001602172852, 0.9549546837806702, -0.09198374301195145, -0.28213849663734436, -0.2712061107158661, 0.11538966745138168, -0.9555770754814148, 0.12045273929834366, 0.9890522360801697, 0.08526625484228134),
            ["LeftLowerLeg"] = CFrame.new(-2.2351741790771484e-07, 0.11505335569381714, -0.056780070066452026, 1, -1.6391122414916026e-07, -1.1175560388210215e-07, 2.495944215752388e-07, 0.41318240761756897, 0.9106542468070984, -1.5832482347377663e-07, -0.9106482863426208, 0.41316935420036316),
        }},
        {Time = 0.067, Data = {
            ["RightFoot"] = CFrame.new(-2.9802322387695312e-08, 0.03349214792251587, -0.0001013411019812338, 0.8372048139572144, 0.4183477759361267, 0.3522615432739258, -0.19455628097057343, 0.8297858834266663, -0.523088276386261, -0.511112630367279, 0.3693786859512329, 0.7760737538337708),
            ["LeftLowerArm"] = CFrame.new(-0.000500023365020752, 0.05610477924346924, 0.01820753887295723, 1, -1.5902332961559296e-07, -1.5506434181133955e-07, 3.5390257835388184e-08, 0.8175235986709595, -0.5758956074714661, 2.477318048477173e-07, 0.5758950710296631, 0.8175233006477356),
            ["RightUpperArm"] = CFrame.new(0.4569607973098755, 0.4927220344543457, -0.7167275547981262, 0.08438892662525177, -0.5831771492958069, 0.8079501390457153, -0.21430130302906036, -0.8024899959564209, -0.5568525791168213, 0.9731154441833496, -0.12615233659744263, -0.19269612431526184),
            ["Head"] = CFrame.new(0, 1.1920928955078125e-07, -2.9802322387695312e-08, 0.6143767237663269, 0.14919732511043549, -0.774778425693512, -0.16958747804164886, 0.9839790463447571, 0.05500461906194687, 0.7705720067024231, 0.09759917110204697, 0.6298357248306274),
            ["RightHand"] = CFrame.new(-0.0004952754825353622, 0.007179915904998779, 1.0803341865539551e-07, 0.9996263980865479, -0.02328457683324814, 0.014319824054837227, 0.022845597937703133, 0.999287486076355, 0.03004462830722332, -0.015009286813437939, -0.02970525063574314, 0.9994460344314575),
            ["UpperTorso"] = CFrame.new(-0.03473113104701042, 0.026610642671585083, -0.05098344013094902, 0.9947711825370789, -0.0980333611369133, -0.028632689267396927, 0.10065342485904694, 0.9885668158531189, 0.11227013915777206, 0.01729911006987095, -0.11456505954265594, 0.9932650923728943),
            ["HumanoidRootPart"] = CFrame.new(0, 0, 0, 1, 0, 0, 0, 1, 0, 0, 0, 1),
            ["RightUpperLeg"] = CFrame.new(-0.22372519969940186, -0.348239541053772, -0.09336802363395691, 0.8756882548332214, -0.3799982964992523, 0.29793086647987366, -0.29900428652763367, -0.911207914352417, -0.28339987993240356, 0.37916579842567444, 0.15906453132629395, -0.9115490913391113),
            ["LeftUpperArm"] = CFrame.new(0.02224266529083252, 0.007739067077636719, -0.009917497634887695, 0.9968347549438477, -0.07652268558740616, -0.021558107808232307, -0.07844448834657669, -0.9026511907577515, -0.4231642782688141, 0.012921974062919617, 0.42351508140563965, -0.9057965278625488),
            ["RightLowerArm"] = CFrame.new(-2.384185791015625e-07, 0.09011238813400269, 0.0458049513399601, 1, 2.3096779955267266e-07, 7.986051997477261e-08, -4.284084198502569e-08, 0.5372436046600342, -0.8434271812438965, -2.118759141467308e-07, 0.8434270620346069, 0.5372436046600342),
            ["LeftHand"] = CFrame.new(0.0005009155720472336, -0.0016993284225463867, -8.940696716308594e-08, 0.9968347549438477, 0.068268783390522, -0.04074147343635559, -0.07497477531433105, 0.9777104258537292, -0.19611606001853943, 0.026444213464856148, 0.19854941964149475, 0.9797340035438538),
            ["LeftFoot"] = CFrame.new(1.2293457984924316e-07, 0.027758002281188965, -0.000002130866050720215, 0.9470165371894836, 0.24570460617542267, 0.2068774253129959, 0.12597329914569855, 0.30837205052375793, -0.9428927898406982, -0.29544976353645325, 0.9189863801002502, 0.2610650956630707),
            ["LowerTorso"] = CFrame.new(-0.13946488499641418, -0.8555595874786377, 0.5731977224349976, 0.9947711229324341, 0.10065342485904694, 0.0172991082072258, -0.007254866883158684, -0.09931303560733795, 0.9950298070907593, 0.10187118500471115, -0.9899524450302124, -0.09806351363658905),
            ["RightLowerLeg"] = CFrame.new(-5.21540641784668e-08, 0.12532585859298706, -0.10855293273925781, 1, 2.6822203835763503e-07, 2.3840868834668072e-07, -2.9057261485831987e-07, -0.12447229772806168, 0.9922214150428772, 3.1292435664909135e-07, -0.9922230839729309, -0.12448586523532867),
            ["LeftUpperLeg"] = CFrame.new(-0.06889712810516357, -0.023731037974357605, 0.06502080708742142, 0.9479269981384277, -0.15057870745658875, -0.280647337436676, -0.26941394805908203, 0.09083063155412674, -0.9587293863296509, 0.16985496878623962, 0.9844164848327637, 0.045553479343652725),
            ["LeftLowerLeg"] = CFrame.new(-2.2351741790771484e-08, 0.11357617378234863, -0.05433119088411331, 1, -2.644929963935283e-07, -1.0430527197513584e-07, 2.0861628513557662e-07, 0.43865966796875, 0.898659348487854, -1.881271884940361e-07, -0.8986532688140869, 0.4386472702026367),
        }},
        {Time = 0.083, Data = {
            ["RightFoot"] = CFrame.new(2.2351741790771484e-08, 0.032942235469818115, -0.00010172853217227384, 0.8450223207473755, 0.409046471118927, 0.34442993998527527, -0.1996893435716629, 0.8388857841491699, -0.5063714981079102, -0.496045857667923, 0.35909825563430786, 0.7905415296554565),
            ["LeftLowerArm"] = CFrame.new(-0.0004998743534088135, 0.05558454990386963, 0.017870493233203888, 1, -1.8556605141384352e-07, -1.608850368484127e-07, 1.3038517820973539e-08, 0.8208978772163391, -0.5710756778717041, 1.9744041424019088e-07, 0.5710751414299011, 0.8208974003791809),
            ["RightUpperArm"] = CFrame.new(0.4563952684402466, 0.502585768699646, -0.7040504217147827, 0.08463983982801437, -0.5834095478057861, 0.8077558279037476, -0.22452133893966675, -0.8009833097457886, -0.5549918413162231, 0.9707865118980408, -0.13438408076763153, -0.19878284633159637),
            ["Head"] = CFrame.new(0, 0, 0, 0.614226758480072, 0.14921224117279053, -0.7748944163322449, -0.18045669794082642, 0.9824997782707214, 0.04614781215786934, 0.7682193517684937, 0.1114896908402443, 0.6304038763046265),
            ["RightHand"] = CFrame.new(-0.0004952456802129745, 0.007177770137786865, 1.9371509552001953e-07, 0.9995868802070618, -0.02449849061667919, 0.01502915658056736, 0.02404700219631195, 0.9992750883102417, 0.029516000300645828, -0.01574135571718216, -0.029141170904040337, 0.9994513392448425),
            ["UpperTorso"] = CFrame.new(-0.032662246376276016, 0.029949069023132324, -0.05429195985198021, 0.9914077520370483, -0.12540848553180695, -0.03719431534409523, 0.12806135416030884, 0.9884897470474243, 0.08055107295513153, 0.026664406061172485, -0.0846220999956131, 0.996056318283081),
            ["HumanoidRootPart"] = CFrame.new(0, 0, 0, 1, 0, 0, 0, 1, 0, 0, 0, 1),
            ["RightUpperLeg"] = CFrame.new(-0.21198564767837524, -0.3421992063522339, -0.08136773109436035, 0.8889367580413818, -0.36171144247055054, 0.2809769809246063, -0.27967673540115356, -0.9144784212112427, -0.29245471954345703, 0.362729012966156, 0.181367427110672, -0.9140690565109253),
            ["LeftUpperArm"] = CFrame.new(0.022246599197387695, 0.007714033126831055, -0.010390758514404297, 0.9968426823616028, -0.07658613473176956, -0.02095804549753666, -0.07849408686161041, -0.9106836915016174, -0.405579537153244, 0.011975366622209549, 0.4059430956840515, -0.9138194918632507),
            ["RightLowerArm"] = CFrame.new(-3.5762786865234375e-07, 0.09010416269302368, 0.04579433053731918, 1, 2.2328445936636854e-07, 9.150199531404724e-08, -4.6566135836201283e-08, 0.5373499393463135, -0.8433595299720764, -2.0908194642288436e-07, 0.8433594703674316, 0.5373498797416687),
            ["LeftHand"] = CFrame.new(0.0005009816959500313, -0.001744091510772705, -8.195638656616211e-08, 0.9968427419662476, 0.06818163394927979, -0.04069354757666588, -0.07483849674463272, 0.9780259728431702, -0.19458810985088348, 0.026531483978033066, 0.19701895117759705, 0.9800406098365784),
            ["LeftFoot"] = CFrame.new(-1.4901161193847656e-08, 0.027079761028289795, -0.00000216066837310791, 0.9174798727035522, 0.3042999505996704, 0.2562141418457031, 0.14414776861667633, 0.3460034728050232, -0.927099347114563, -0.37074556946754456, 0.887515127658844, 0.27357107400894165),
            ["LowerTorso"] = CFrame.new(-0.15318715572357178, -0.82259202003479, 0.5710290670394897, 0.9914078116416931, 0.12806135416030884, 0.026664406061172485, -0.008280041627585888, -0.1419975310564041, 0.9898324012756348, 0.13054557144641876, -0.9815482497215271, -0.13971708714962006),
            ["RightLowerLeg"] = CFrame.new(-1.043081283569336e-07, 0.1258510947227478, -0.10063613206148148, 1, 2.8312271638242237e-07, 2.2350864981035556e-07, -2.60770320892334e-07, -0.042020902037620544, 0.9991161227226257, 3.2782554626464844e-07, -0.9991167783737183, -0.04203655198216438),
            ["LeftUpperLeg"] = CFrame.new(-0.10786658525466919, -0.03456525504589081, 0.05413954704999924, 0.9369362592697144, -0.21197697520256042, -0.2778840661048889, -0.2708284854888916, 0.06220420449972153, -0.9606143236160278, 0.22091303765773773, 0.9752930402755737, 0.000892012205440551),
            ["LeftLowerLeg"] = CFrame.new(-8.940696716308594e-08, 0.11116534471511841, -0.050618961453437805, 1, -2.1606459199574601e-07, -1.1920609210847033e-07, 2.0116564769523393e-07, 0.47723329067230225, 0.8787828683853149, -1.6763804921993142e-07, -0.8787766098976135, 0.47722193598747253),
        }},
        {Time = 0.100, Data = {
            ["RightFoot"] = CFrame.new(-1.6391277313232422e-07, 0.03232681751251221, -0.0001021532152662985, 0.8531990647315979, 0.3989907205104828, 0.3359627425670624, -0.20549441874027252, 0.8491299748420715, -0.48658668994903564, -0.479399174451828, 0.3460991680622101, 0.8064505457878113),
            ["LeftLowerArm"] = CFrame.new(-0.0004999637603759766, 0.054892778396606445, 0.017428472638130188, 1, -1.5168912170793192e-07, -1.6298054106300697e-07, 2.0489098417897367e-08, 0.8253211379051208, -0.5646640062332153, 2.2538009147865523e-07, 0.564663827419281, 0.825320839881897),
            ["RightUpperArm"] = CFrame.new(0.455743670463562, 0.5141700506210327, -0.6891384124755859, 0.08491300791501999, -0.5836787223815918, 0.8075328469276428, -0.23656825721263885, -0.7990951538085938, -0.552704393863678, 0.9678974151611328, -0.14410485327243805, -0.20593340694904327),
            ["Head"] = CFrame.new(0, 0, 0, 0.6140875220298767, 0.1492222100496292, -0.7750029563903809, -0.1933142989873886, 0.9804904460906982, 0.035611528903245926, 0.7651968002319336, 0.1279505342245102, 0.6309535503387451),
            ["RightHand"] = CFrame.new(-0.0004952508024871349, 0.007175743579864502, -1.862645149230957e-08, 0.999541699886322, -0.025821080431342125, 0.01580178365111351, 0.025357021018862724, 0.999260663986206, 0.028902240097522736, -0.016536232084035873, -0.0284870732575655, 0.9994573593139648),
            ["UpperTorso"] = CFrame.new(-0.030305273830890656, 0.0344277024269104, -0.057868339121341705, 0.9868513941764832, -0.1545182317495346, -0.04741973429918289, 0.15662208199501038, 0.9866597652435303, 0.04440750181674957, 0.03992537036538124, -0.05125056207180023, 0.9978874325752258),
            ["HumanoidRootPart"] = CFrame.new(0, 0, 0, 1, 0, 0, 0, 1, 0, 0, 0, 1),
            ["RightUpperLeg"] = CFrame.new(-0.1987830400466919, -0.3354387879371643, -0.06760378926992416, 0.9015247821807861, -0.3421153128147125, 0.2649591267108917, -0.2582967281341553, -0.9167169332504272, -0.3048486113548279, 0.3471830487251282, 0.20636676251888275, -0.9148027896881104),
            ["LeftUpperArm"] = CFrame.new(0.022251605987548828, 0.007699131965637207, -0.010945528745651245, 0.9968531131744385, -0.07665073126554489, -0.020215710625052452, -0.07852372527122498, -0.919838011264801, -0.3843596279621124, 0.01086609810590744, 0.38473716378211975, -0.9229620695114136),
            ["RightLowerArm"] = CFrame.new(-2.980232238769531e-07, 0.09009408950805664, 0.045781247317790985, 1, 2.3056037434798782e-07, 8.332386869369657e-08, -4.406319575878115e-08, 0.5374814867973328, -0.843275785446167, -2.261076303966547e-07, 0.8432756066322327, 0.5374811887741089),
            ["LeftHand"] = CFrame.new(0.0005012284964323044, -0.0018038749694824219, -2.2351741790771484e-08, 0.9968530535697937, 0.0680675357580185, -0.04063055291771889, -0.07467693835496902, 0.9783099889755249, -0.19321832060813904, 0.026596922427415848, 0.19564378261566162, 0.9803141951560974),
            ["LeftFoot"] = CFrame.new(4.470348358154297e-08, 0.025941073894500732, -0.0000022351741790771484, 0.8821744918823242, 0.36025041341781616, 0.3033239543437958, 0.1525295376777649, 0.39081594347953796, -0.9077494144439697, -0.44553691148757935, 0.8470434546470642, 0.2898029386997223),
            ["LowerTorso"] = CFrame.new(-0.1677803099155426, -0.7846890687942505, 0.5674617290496826, 0.9868512749671936, 0.15662208199501038, 0.03992537036538124, -0.009504484944045544, -0.19035620987415314, 0.9816690683364868, 0.16135108470916748, -0.969140887260437, -0.18636466562747955),
            ["RightLowerLeg"] = CFrame.new(-1.4901161193847656e-08, 0.12557482719421387, -0.09148240834474564, 1, 2.6822073095900123e-07, 2.384098820584768e-07, -1.9371512394172896e-07, 0.05324750021100044, 0.9985822439193726, 2.0861628513557662e-07, -0.9985813498497009, 0.053230542689561844),
            ["LeftUpperLeg"] = CFrame.new(-0.14989924430847168, -0.046596676111221313, 0.042360398918390274, 0.9226029515266418, -0.2704254984855652, -0.2750955820083618, -0.27690795063972473, 0.03220035135746002, -0.9603559374809265, 0.268562376499176, 0.962202250957489, -0.04515540599822998),
            ["LeftLowerLeg"] = CFrame.new(-8.940696716308594e-08, 0.1073407530784607, -0.0455462783575058, 1, -2.309654973942088e-07, -8.940462237205793e-08, 1.7881397695873602e-07, 0.5299615263938904, 0.8480279445648193, -1.49011640360186e-07, -0.8480218052864075, 0.5299516320228577),
        }},
        {Time = 0.117, Data = {
            ["RightFoot"] = CFrame.new(-1.4901161193847656e-08, 0.0314822793006897, -0.00010236183152301237, 0.8615981340408325, 0.38828545808792114, 0.3269486725330353, -0.21166513860225677, 0.8602551817893982, -0.4638688266277313, -0.46135300397872925, 0.33044734597206116, 0.823365330696106),
            ["LeftLowerArm"] = CFrame.new(-0.0005000829696655273, 0.053999364376068115, 0.01686820015311241, 1, -1.695007085800171e-07, -1.5250320473114698e-07, 1.862645149230957e-08, 0.8309258222579956, -0.5563840866088867, 2.1047890186309814e-07, 0.5563833117485046, 0.8309252858161926),
            ["RightUpperArm"] = CFrame.new(0.4550211429595947, 0.5273017883300781, -0.6721972823143005, 0.08519551903009415, -0.5839765667915344, 0.807287871837616, -0.25027742981910706, -0.7967982292175293, -0.5499758720397949, 0.9644184112548828, -0.15519040822982788, -0.21403971314430237),
            ["Head"] = CFrame.new(0, 1.1920928955078125e-07, 2.9802322387695312e-08, 0.6139751672744751, 0.14922530949115753, -0.7750911116600037, -0.20799417793750763, 0.9778477549552917, 0.023502249270677567, 0.7614282369613647, 0.14678466320037842, 0.6314123272895813),
            ["RightHand"] = CFrame.new(-0.0004952701274305582, 0.00717395544052124, 1.7508864402770996e-07, 0.9994924664497375, -0.02718905359506607, 0.016600821167230606, 0.026713693514466286, 0.9992449283599854, 0.02821357175707817, -0.017355334013700485, -0.027754614129662514, 0.9994640946388245),
            ["UpperTorso"] = CFrame.new(-0.027726314961910248, 0.04013827443122864, -0.06146954745054245, 0.9811885952949524, -0.1837749034166336, -0.05912408232688904, 0.18438009917736053, 0.9828428626060486, 0.004902601707726717, 0.057208701968193054, -0.01571168377995491, 0.9982386231422424),
            ["HumanoidRootPart"] = CFrame.new(0, 0, 0, 1, 0, 0, 0, 1, 0, 0, 0, 1),
            ["RightUpperLeg"] = CFrame.new(-0.18453523516654968, -0.32818570733070374, -0.052403662353754044, 0.912778913974762, -0.32237255573272705, 0.25080734491348267, -0.2358267456293106, -0.9173147082328796, -0.32084211707115173, 0.33349716663360596, 0.23368707299232483, -0.9133215546607971),
            ["LeftUpperArm"] = CFrame.new(0.022258400917053223, 0.0077010393142700195, -0.011572152376174927, 0.9968661665916443, -0.07670922577381134, -0.01932530105113983, -0.078520268201828, -0.9298128485679626, -0.3595597445964813, 0.009612444788217545, 0.35994961857795715, -0.9329219460487366),
            ["RightLowerArm"] = CFrame.new(-2.980232238769531e-07, 0.09008216857910156, 0.045765478163957596, 1, 2.427839262963971e-07, 1.1437752078791164e-07, -5.075708742197094e-08, 0.5376429557800293, -0.8431730270385742, -2.0547307144624938e-07, 0.8431726694107056, 0.5376424193382263),
            ["LeftHand"] = CFrame.new(0.0005012601613998413, -0.0018816590309143066, 3.3527612686157227e-08, 0.9968661665916443, 0.06792256236076355, -0.04055028408765793, -0.0744924321770668, 0.9785171151161194, -0.192237988114357, 0.026621365919709206, 0.19465599954128265, 0.9805102348327637),
            ["LeftFoot"] = CFrame.new(-2.9802322387695312e-08, 0.024184763431549072, -0.0000023990869522094727, 0.8439555764198303, 0.41034790873527527, 0.3455059230327606, 0.14799420535564423, 0.44099336862564087, -0.8852314949035645, -0.5155935287475586, 0.7982101440429688, 0.3114336431026459),
            ["LowerTorso"] = CFrame.new(-0.18238794803619385, -0.7427729368209839, 0.5623302459716797, 0.9811887145042419, 0.18438011407852173, 0.05720870569348335, -0.010916298255324364, -0.24287481606006622, 0.9699963331222534, 0.19274258613586426, -0.9523738622665405, -0.2362932562828064),
            ["RightLowerLeg"] = CFrame.new(5.21540641784668e-08, 0.12410873174667358, -0.08136279881000519, 1, 2.831209826581471e-07, 1.1920533893317042e-07, -1.788139627478813e-07, 0.15855078399181366, 0.9873537421226501, 2.2351744632942427e-07, -0.9873508810997009, 0.1585327535867691),
            ["LeftUpperLeg"] = CFrame.new(-0.19295287132263184, -0.05938321352005005, 0.03023926541209221, 0.9060326218605042, -0.32169610261917114, -0.2749924957752228, -0.2890457808971405, 0.004228043835610151, -0.9573056697845459, 0.3091236352920532, 0.946833610534668, -0.08913584798574448),
            ["LeftLowerLeg"] = CFrame.new(4.470348358154297e-08, 0.10158252716064453, -0.03915414959192276, 1, -2.5331684128104826e-07, -3.7251943751925864e-08, 1.2665987014770508e-07, 0.5963831543922424, 0.8027055263519287, -1.4156103134155273e-07, -0.8026999831199646, 0.596375584602356),
        }},
        {Time = 0.133, Data = {
            ["RightFoot"] = CFrame.new(0, 0.03044593334197998, -0.00010274181113345549, 0.8702099919319153, 0.3768797814846039, 0.31734445691108704, -0.21785582602024078, 0.8720495700836182, -0.43827301263809204, -0.4418973922729492, 0.31223613023757935, 0.8409574627876282),
            ["LeftLowerArm"] = CFrame.new(-0.0005000829696655273, 0.052871108055114746, 0.016178427264094353, 1, -1.9307483967168082e-07, -1.7858010892268794e-07, 3.5390257835388184e-08, 0.8378282785415649, -0.545934796333313, 2.3655593395233154e-07, 0.5459340214729309, 0.8378276824951172),
            ["RightUpperArm"] = CFrame.new(0.4542425870895386, 0.5418071746826172, -0.65343177318573, 0.08547423034906387, -0.584293007850647, 0.8070291876792908, -0.26548314094543457, -0.794065535068512, -0.5467894673347473, 0.9603191614151001, -0.1675160676240921, -0.2229914665222168),
            ["Head"] = CFrame.new(0, 1.1920928955078125e-07, 2.9802322387695312e-08, 0.6139059066772461, 0.1492207646369934, -0.7751466631889343, -0.2243250012397766, 0.974463939666748, 0.009928196668624878, 0.756834089756012, 0.16778983175754547, 0.63170325756073),
            ["RightHand"] = CFrame.new(-0.0004952051676809788, 0.007170975208282471, -3.725290298461914e-08, 0.9994414448738098, -0.028538903221488, 0.01738913357257843, 0.02805451676249504, 0.9992292523384094, 0.02745756134390831, -0.0181594081223011, -0.02695353515446186, 0.9994717836380005),
            ["UpperTorso"] = CFrame.new(-0.024984028190374374, 0.047102123498916626, -0.0648452639579773, 0.9746923446655273, -0.21163247525691986, -0.07201787829399109, 0.20944203436374664, 0.977128267288208, -0.03680349141359329, 0.07815951853990555, 0.020788585767149925, 0.9967241287231445),
            ["HumanoidRootPart"] = CFrame.new(0, 0, 0, 1, 0, 0, 0, 1, 0, 0, 0, 1),
            ["RightUpperLeg"] = CFrame.new(-0.1696605682373047, -0.32066649198532104, -0.03609779104590416, 0.9223582148551941, -0.30363255739212036, 0.23886628448963165, -0.21325816214084625, -0.9157224297523499, -0.34057918190956116, 0.32214346528053284, 0.2631724178791046, -0.9093672633171082),
            ["LeftUpperArm"] = CFrame.new(0.022266507148742676, 0.00772547721862793, -0.012261509895324707, 0.996882438659668, -0.07675507664680481, -0.018281854689121246, -0.07847176492214203, -0.9402797222137451, -0.33123549818992615, 0.008233782835304737, 0.33163654804229736, -0.9433709979057312),
            ["RightLowerArm"] = CFrame.new(-3.5762786865234375e-07, 0.09006726741790771, 0.045745544135570526, 1, 2.3562441242575005e-07, 8.800956408094862e-08, -5.2619732571201894e-08, 0.537842869758606, -0.843045175075531, -2.2957104306442488e-07, 0.8430451154708862, 0.5378429293632507),
            ["LeftHand"] = CFrame.new(0.0005013421177864075, -0.001979827880859375, -5.587935447692871e-08, 0.9968823790550232, 0.06774433702230453, -0.04045121371746063, -0.07428865134716034, 0.9786008596420288, -0.19188986718654633, 0.026585670188069344, 0.1942966729402542, 0.9805824756622314),
            ["LeftFoot"] = CFrame.new(-7.450580596923828e-09, 0.021369099617004395, -0.0000024437904357910156, 0.8056789636611938, 0.4531388282775879, 0.38153621554374695, 0.12909331917762756, 0.49430954456329346, -0.8596547842025757, -0.5781144499778748, 0.7418378591537476, 0.3397408127784729),
            ["LowerTorso"] = CFrame.new(-0.19617851078510284, -0.6977815628051758, 0.555635392665863, 0.9746924042701721, 0.20944203436374664, 0.07815951108932495, -0.012505126185715199, -0.2979983985424042, 0.9544844627380371, 0.22320058941841125, -0.9313060641288757, -0.2878376245498657),
