return {
    ["Clap It Mello"] = {
        {Time = 0.000, Data = {
            ["RightFoot"] = CFrame.new(1.6763806343078613e-08, 3.5762786865234375e-07, 2.2184394765645266e-08, 0.9960286021232605, 0.08852290362119675, 0.009533390402793884, -0.08671782910823822, 0.9887998700141907, -0.12146984040737152, -0.02017930895090103, 0.12016074359416962, 0.9925494194030762),
            ["LeftLowerArm"] = CFrame.new(-0.0004937350749969482, -0.0000985860824584961, 2.2351741790771484e-07, 1, -7.450592143243284e-09, -4.4703405421842035e-08, 1.303851249190302e-08, 1, -7.450567274247533e-09, 0, -7.450592143243284e-09, 1),
            ["RightUpperArm"] = CFrame.new(-0.0009195804595947266, -0.032965660095214844, 3.5390257835388184e-08, 0.5908682346343994, -0.5982125401496887, -0.5413272976875305, 0.5783330202102661, 0.7818784117698669, -0.23278267681598663, 0.5624995231628418, -0.1755218803882599, 0.8079462647438049),
            ["Head"] = CFrame.new(-2.0489096641540527e-08, 9.5367431640625e-07, -6.82193785905838e-08, 0.995442807674408, -0.08031807839870453, 0.051406584680080414, 0.08291824907064438, 0.9952699542045593, -0.050619520246982574, -0.04709777608513832, 0.05465137958526611, 0.9973942041397095),
            ["RightHand"] = CFrame.new(-2.682209014892578e-07, 6.556510925292969e-07, -2.384185791015625e-07, 0.9151500463485718, -0.11935896426439285, -0.38503745198249817, 0.056936874985694885, 0.983856201171875, -0.1696622371673584, 0.39907217025756836, 0.13334359228610992, 0.9071719646453857),
            ["UpperTorso"] = CFrame.new(1.6298145055770874e-08, 5.364418029785156e-07, -1.7404090613126755e-08, 0.999958872795105, -0.0015566268702968955, -0.008944080211222172, 0.0011419394286349416, 0.9989323616027832, -0.046183615922927856, 0.009006415493786335, 0.046171512454748154, 0.9988929629325867),
            ["HumanoidRootPart"] = CFrame.new(0, 0, 0, 1, 0, 0, 0, 1, 0, 0, 0, 1),
            ["RightUpperLeg"] = CFrame.new(1.1920928955078125e-07, -1.2665987014770508e-07, -9.145878721028566e-09, 0.9918642640113831, -0.10275881737470627, -0.0751403346657753, 0.055263884365558624, 0.8793149590492249, -0.473023384809494, 0.11467914283275604, 0.46502232551574707, 0.8778398633003235),
            ["LeftUpperArm"] = CFrame.new(0.0009194612503051758, -0.032965898513793945, -3.725290298461914e-08, 0.5705938339233398, 0.7151542901992798, 0.40372559428215027, -0.6510727405548096, 0.6935436129570007, -0.3083678185939789, -0.5005267262458801, -0.08690080791711807, 0.8613448143005371),
            ["RightLowerArm"] = CFrame.new(-0.000006854534149169922, 5.364418029785156e-07, -7.152557373046875e-07, 1, -8.940732953988118e-08, 7.4505557279280765e-09, 5.960465898624534e-08, 1, 2.9802222911712306e-08, -1.4901164746561335e-08, 4.470366476994059e-08, 1),
            ["LeftHand"] = CFrame.new(-8.605420589447021e-07, 0.00010001659393310547, -3.3527612686157227e-07, 0.7998822927474976, -0.16269995272159576, 0.5776824355125427, 0.08500612527132034, 0.9835621118545532, 0.1593099683523178, -0.5941063165664673, -0.078322634100914, 0.8005644083023071),
            ["LeftFoot"] = CFrame.new(2.1886080503463745e-08, -2.384185791015625e-07, -3.725290298461914e-09, 0.9972047805786133, -0.0747174322605133, -0.00001925277138070669, 0.07187353819608688, 0.9593186974525452, -0.27302348613739014, 0.02041800506412983, 0.2722592055797577, 0.9620074033737183),
            ["LowerTorso"] = CFrame.new(-0.005536483135074377, -0.07516717910766602, 0.07582847774028778, 0.9959086775779724, -0.003208000212907791, -0.09030851721763611, 0.014999198727309704, 0.9913752675056458, 0.1301926076412201, 0.08911196887493134, -0.13101449608802795, 0.9873673915863037),
            ["RightLowerLeg"] = CFrame.new(-8.754432201385498e-08, -0.000004231929779052734, -0.000013312492228578776, 1, -1.7508864402770996e-07, -2.3283060812673284e-08, 1.6391278734317893e-07, 0.8813039660453796, 0.4725494384765625, -8.195639367158947e-08, -0.4725499153137207, 0.881304144859314),
            ["LeftUpperLeg"] = CFrame.new(0, -4.920875653624535e-07, -1.6763806343078613e-08, 0.9850990176200867, 0.12521566450595856, 0.11790245026350021, -0.055344320833683014, 0.8798519968986511, -0.472014456987381, -0.1628401130437851, 0.45845553278923035, 0.8736712336540222),
            ["LeftLowerLeg"] = CFrame.new(-9.499490261077881e-08, 0.000003814697265625, 0.00001323595643043518, 1, -9.313225746154785e-09, -8.381901395182467e-09, 3.7252898543727042e-09, 0.8247770667076111, 0.5654578804969788, -5.5879347371501353e-08, -0.5654581785202026, 0.8247771859169006),
        }},
        {Time = 0.033, Data = {
            ["RightFoot"] = CFrame.new(4.6566128730773926e-09, 2.980232238769531e-07, 9.145878721028566e-09, 0.9960992336273193, 0.08773033320903778, 0.009469249285757542, -0.08598624914884567, 0.9891518354415894, -0.11910095810890198, -0.019815566018223763, 0.11782251298427582, 0.9928370714187622),
            ["LeftLowerArm"] = CFrame.new(-0.0004941821098327637, -0.00009888410568237305, -9.499490261077881e-08, 1, -2.6077072945440705e-08, 4.470342673812411e-08, -3.725290653733282e-08, 1, -2.2351713369062054e-08, -4.4703490686970326e-08, 2.0489128615963637e-08, 1),
            ["RightUpperArm"] = CFrame.new(-0.0009194612503051758, -0.032965660095214844, 4.260800778865814e-08, 0.577124834060669, -0.677114725112915, -0.45657509565353394, 0.5218991041183472, 0.7357988953590393, -0.43152177333831787, 0.6281308531761169, 0.010755649767816067, 0.7780284285545349),
            ["Head"] = CFrame.new(-3.073364496231079e-08, 8.344650268554688e-07, -1.1641532182693481e-09, 0.9957091212272644, -0.07994985580444336, 0.04659808799624443, 0.08223551511764526, 0.9953883290290833, -0.04939047992229462, -0.04243443161249161, 0.05301057547330856, 0.9976919889450073),
            ["RightHand"] = CFrame.new(-3.2782554626464844e-07, 4.172325134277344e-07, 2.9802322387695312e-08, 0.9663126468658447, -0.15575918555259705, -0.20488795638084412, 0.08029372245073318, 0.9387921690940857, -0.33499595522880554, 0.24452589452266693, 0.30725955963134766, 0.9196731448173523),
            ["UpperTorso"] = CFrame.new(1.1874362826347351e-08, 2.9802322387695312e-08, -9.703217074275017e-08, 0.99996018409729, -0.0016258530085906386, -0.008776665665209293, 0.0012080093147233129, 0.998875081539154, -0.04740555211901665, 0.008843871764838696, 0.04739304259419441, 0.9988372325897217),
            ["HumanoidRootPart"] = CFrame.new(0, 0, 0, 1, 0, 0, 0, 1, 0, 0, 0, 1),
            ["RightUpperLeg"] = CFrame.new(5.960464477539063e-08, 3.022141754627228e-07, 2.029992174357176e-09, 0.991888701915741, -0.10261903703212738, -0.07500804960727692, 0.055049315094947815, 0.8786980509757996, -0.4741934537887573, 0.11457092314958572, 0.4662177562713623, 0.8772197365760803),
            ["LeftUpperArm"] = CFrame.new(0.0009194612503051758, -0.032966017723083496, 7.450580596923828e-09, 0.5754323601722717, 0.7087283134460449, 0.40816548466682434, -0.5610005855560303, 0.7051833868026733, -0.4335716962814331, -0.5951100587844849, 0.020509831607341766, 0.8033782243728638),
            ["RightLowerArm"] = CFrame.new(-0.000006586313247680664, -5.960464477539063e-08, -7.152557373046875e-07, 1, -3.7252981144320074e-08, 4.4703405421842035e-08, -3.725290298461914e-08, 1, 2.2351702710921018e-08, -2.9802322387695312e-08, 3.7252981144320074e-08, 1),
            ["LeftHand"] = CFrame.new(-0.0000010991934686899185, 0.00009948015213012695, -3.7904828786849976e-07, 0.802402138710022, -0.024683885276317596, 0.5962730050086975, -0.01727307215332985, 0.9977651238441467, 0.0645487979054451, -0.5965337157249451, -0.06209351122379303, 0.8001824617385864),
            ["LeftFoot"] = CFrame.new(3.655441105365753e-08, -1.1920928955078125e-07, 3.725290298461914e-09, 0.9972202181816101, -0.07451106607913971, 0.000009277835488319397, 0.0717143639922142, 0.959756076335907, -0.2715246081352234, 0.020222725346684456, 0.27077028155326843, 0.9624314904212952),
            ["LowerTorso"] = CFrame.new(-0.0057751694694161415, -0.07413721084594727, 0.07540470361709595, 0.9958598017692566, -0.002654528245329857, -0.09086336940526962, 0.014866074547171593, 0.9908720254898071, 0.13398391008377075, 0.08967830240726471, -0.13477997481822968, 0.9868091344833374),
            ["RightLowerLeg"] = CFrame.new(-3.725290298461914e-08, -0.0000034570693969726562, -0.000013364646292757243, 1, -4.656613938891496e-08, -4.5634816814299484e-08, 8.195639367158947e-08, 0.8834330439567566, 0.4685572683811188, 1.6763808119435453e-08, -0.4685577154159546, 0.8834332227706909),
            ["LeftUpperLeg"] = CFrame.new(-1.7881393432617188e-07, -5.497131496667862e-07, 1.862645149230957e-09, 0.9850230813026428, 0.12487903237342834, 0.11888975650072098, -0.054393019527196884, 0.8793728947639465, -0.4730168282985687, -0.1636183112859726, 0.4594656825065613, 0.8729950785636902),
            ["LeftLowerLeg"] = CFrame.new(1.4901161193847656e-08, 0.0000040531158447265625, 0.000013204291462898254, 1, 9.313225746154785e-09, 1.30385160446167e-08, -2.2351741790771484e-08, 0.8270933628082275, 0.5620648860931396, 5.587935447692871e-09, -0.5620646476745605, 0.827093243598938),
        }},
        {Time = 0.067, Data = {
            ["RightFoot"] = CFrame.new(-2.7474015951156616e-08, 4.172325134277344e-07, 1.287116901949048e-08, 0.9961965084075928, 0.08664058148860931, 0.009270229376852512, -0.08489497005939484, 0.9890463352203369, -0.12074816972017288, -0.01963069662451744, 0.11950215697288513, 0.99263995885849),
            ["LeftLowerArm"] = CFrame.new(-0.0004943907260894775, -0.00009810924530029297, 4.1909515857696533e-07, 1, -7.450593031421704e-09, 4.470344094897882e-08, -1.1175869119028903e-08, 1, 1.4901146982992941e-08, 4.470347647611561e-08, 0, 1),
            ["RightUpperArm"] = CFrame.new(-0.000919342041015625, -0.03296554088592529, 4.330649971961975e-08, 0.5615211725234985, -0.69135981798172, -0.45467954874038696, 0.5446078181266785, 0.7224614024162292, -0.42595964670181274, 0.6229738593101501, -0.00843655876815319, 0.7821923494338989),
            ["Head"] = CFrame.new(-1.6763806343078613e-08, 0.0000010728836059570312, 5.704350769519806e-08, 0.9955747723579407, -0.0816040113568306, 0.04660028964281082, 0.08359865844249725, 0.995589017868042, -0.042588699609041214, -0.042919326573610306, 0.04629597067832947, 0.9980053305625916),
            ["RightHand"] = CFrame.new(-1.4901161193847656e-07, -5.960464477539063e-08, 2.9802322387695312e-08, 0.9611923098564148, -0.16147750616073608, -0.22368359565734863, 0.09153140336275101, 0.9515374302864075, -0.293596088886261, 0.2602524757385254, 0.2617282271385193, 0.9293906688690186),
            ["UpperTorso"] = CFrame.new(2.0954757928848267e-08, 5.960464477539062e-07, -2.9278453439474106e-08, 0.99995356798172, -0.000049060687160817906, -0.009638018906116486, -0.0004412860726006329, 0.9987053275108337, -0.050867725163698196, 0.00962804351001978, 0.050869617611169815, 0.9986589550971985),
            ["HumanoidRootPart"] = CFrame.new(0, 0, 0, 1, 0, 0, 0, 1, 0, 0, 0, 1),
            ["RightUpperLeg"] = CFrame.new(0, -1.341104507446289e-07, -9.85528458841145e-08, 0.9918060898780823, -0.10331281274557114, -0.07514775544404984, 0.055639881640672684, 0.8788325786590576, -0.4738750457763672, 0.11499986797571182, 0.46581074595451355, 0.8773797154426575),
            ["LeftUpperArm"] = CFrame.new(0.000919342041015625, -0.032965898513793945, 2.2351741790771484e-08, 0.5440733432769775, 0.7502589225769043, 0.37564921379089355, -0.5551137924194336, 0.6575764417648315, -0.5093443989753723, -0.6291525363922119, 0.06859153509140015, 0.7742454409599304),
            ["RightLowerArm"] = CFrame.new(-0.0000050961971282958984, -1.1920928955078125e-07, -9.5367431640625e-07, 1, 3.7253013118743183e-08, 1.4901127443067708e-08, -7.450581307466564e-08, 1, 0, -2.980232594040899e-08, -7.45060280138432e-09, 1),
            ["LeftHand"] = CFrame.new(-9.57399606704712e-07, 0.00009989738464355469, -3.0919909477233887e-07, 0.7344599366188049, 0.009812362492084503, 0.678581178188324, -0.08584487438201904, 0.9932070970535278, 0.07855211943387985, -0.673200786113739, -0.11594603955745697, 0.7303130030632019),
            ["LeftFoot"] = CFrame.new(3.9814040064811707e-08, -5.960464477539063e-08, 3.725290298461914e-09, 0.9972699284553528, -0.07384275645017624, 0.000040671799069968984, 0.07106678932905197, 0.9596304893493652, -0.27213752269744873, 0.02005675993859768, 0.27139756083488464, 0.9622584581375122),
            ["LowerTorso"] = CFrame.new(-0.006396122742444277, -0.07430875301361084, 0.07438769936561584, 0.9959380626678467, -0.0026213210076093674, -0.09000297635793686, 0.014677769504487514, 0.9909323453903198, 0.13355779647827148, 0.08883675932884216, -0.13433633744716644, 0.9869456887245178),
            ["RightLowerLeg"] = CFrame.new(-4.6566128730773926e-08, -0.0000037550926208496094, -0.000013386998034548014, 1, -1.303851746570217e-07, 2.51457130673316e-08, 1.266598843585598e-07, 0.8826503753662109, 0.4700297713279724, 9.313226634333205e-09, -0.47003015875816345, 0.88265061378479),
            ["LeftUpperLeg"] = CFrame.new(-1.1920928955078125e-07, -6.816117092967033e-07, -1.6763806343078613e-08, 0.9851930737495422, 0.12404477596282959, 0.11835266649723053, -0.05398552492260933, 0.8796427249908447, -0.4725612699985504, -0.16272714734077454, 0.45917484164237976, 0.8733146786689758),
            ["LeftLowerLeg"] = CFrame.new(4.0978193283081055e-08, 0.0000040531158447265625, 0.000013306736946105957, 1, 2.2351741790771484e-08, 1.8626458597736928e-08, -2.421438694000244e-08, 0.826774537563324, 0.5625341534614563, -5.21540641784668e-08, -0.5625335574150085, 0.8267741203308105),
        }},
        {Time = 0.100, Data = {
            ["RightFoot"] = CFrame.new(-3.771856427192688e-08, 2.384185791015625e-07, 2.590968506410718e-08, 0.996307909488678, 0.08537685871124268, 0.00902455672621727, -0.08360529690980911, 0.9887475371360779, -0.12404963374137878, -0.0195142924785614, 0.12283765524625778, 0.9922350645065308),
            ["LeftLowerArm"] = CFrame.new(-0.0004939436912536621, -0.0000985860824584961, 9.126961231231689e-07, 1, -7.450591255064865e-09, -3.7252863904768674e-08, 3.725290298461914e-08, 1, 0, 6.705522537231445e-08, 2.980236502025946e-08, 1),
            ["RightUpperArm"] = CFrame.new(-0.0009197592735290527, -0.03296613693237305, 4.284083843231201e-08, 0.5311374664306641, -0.7509650588035583, -0.3923787474632263, 0.58629310131073, 0.6600568294525146, -0.4696540832519531, 0.6116807460784912, 0.01940161921083927, 0.7908629179000854),
            ["Head"] = CFrame.new(-2.7008354663848877e-08, 5.960464477539062e-07, -5.238689482212067e-09, 0.9952120780944824, -0.08471698313951492, 0.04874537140130997, 0.08621205389499664, 0.9958420991897583, -0.029429301619529724, -0.04604953154921532, 0.033490829169750214, 0.9983776807785034),
            ["RightHand"] = CFrame.new(-2.682209014892578e-07, 4.172325134277344e-07, -2.086162567138672e-07, 0.9465785622596741, -0.18449927866458893, -0.26447877287864685, 0.11487733572721481, 0.9592803120613098, -0.2580399811267853, 0.30131736397743225, 0.21387255191802979, 0.9292289614677429),
            ["UpperTorso"] = CFrame.new(1.862645149230957e-08, 7.748603820800781e-07, -4.330649971961975e-08, 0.9999239444732666, 0.002434557769447565, -0.012098034843802452, -0.0031100704800337553, 0.9984184503555298, -0.05613512545824051, 0.011942238546907902, 0.056168485432863235, 0.9983499646186829),
            ["HumanoidRootPart"] = CFrame.new(0, 0, 0, 1, 0, 0, 0, 1, 0, 0, 0, 1),
            ["RightUpperLeg"] = CFrame.new(-1.1920928955078125e-07, 1.8975697457790375e-07, -2.4047039914876223e-08, 0.9915022850036621, -0.10499077290296555, -0.07681214809417725, 0.0567602664232254, 0.880436360836029, -0.4707551896572113, 0.11705337464809418, 0.46239474415779114, 0.8789137601852417),
            ["LeftUpperArm"] = CFrame.new(0.0009196996688842773, -0.03296554088592529, -4.470348358154297e-08, 0.530723512172699, 0.7994569540023804, 0.2814534604549408, -0.5878474712371826, 0.5864230990409851, -0.5572556257247925, -0.6105473041534424, 0.1302947849035263, 0.7811851501464844),
            ["RightLowerArm"] = CFrame.new(-0.000007241964340209961, 1.1920928955078125e-07, -8.940696716308594e-07, 1, 7.450606354098e-09, 7.450560701727227e-08, -4.470348358154297e-08, 1, -2.2351683170995784e-08, -1.4901161193847656e-08, 0, 1),
            ["LeftHand"] = CFrame.new(-9.313225746154785e-07, 0.00010013580322265625, -4.172325134277344e-07, 0.6025435924530029, 0.06798864156007767, 0.7951847910881042, -0.19116270542144775, 0.9796554446220398, 0.061090681701898575, -0.774853527545929, -0.18881948292255402, 0.6032819151878357),
            ["LeftFoot"] = CFrame.new(2.7939677238464355e-09, -5.960464477539063e-08, -1.6763806343078613e-08, 0.9973392486572266, -0.0729004442691803, 0.000056594151828903705, 0.07013942301273346, 0.959354043006897, -0.2733505070209503, 0.01987321488559246, 0.27262717485427856, 0.9619144797325134),
            ["LowerTorso"] = CFrame.new(-0.007375375833362341, -0.07496166229248047, 0.0728621631860733, 0.9961589574813843, -0.0030792299658060074, -0.087508924305439, 0.014415876939892769, 0.991511881351471, 0.12921439111232758, 0.08636825531721115, -0.12997959554195404, 0.987747848033905),
            ["RightLowerLeg"] = CFrame.new(2.60770320892334e-08, -0.000003635883331298828, -0.000013245437003206462, 1, -1.6577546091411932e-07, 6.519260242754399e-09, 1.8626454334480513e-07, 0.8805258870124817, 0.4739977717399597, -4.284084198502569e-08, -0.47399821877479553, 0.8805261254310608),
            ["LeftUpperLeg"] = CFrame.new(1.1920928955078125e-07, -2.655433490872383e-07, -9.872019290924072e-08, 0.9856434464454651, 0.12245024740695953, 0.11624476313591003, -0.05408575385808945, 0.8811977505683899, -0.46964383125305176, -0.15994268655776978, 0.4566141366958618, 0.8751696348190308),
            ["LeftLowerLeg"] = CFrame.new(-1.4901161193847656e-08, 0.0000036954879760742188, 0.000013349577784538269, 1, 2.7939673685750677e-08, 2.60770320892334e-08, -1.862644971595273e-08, 0.8254443407058716, 0.5644839406013489, -1.862644971595273e-08, -0.5644835233688354, 0.8254440426826477),
        }},
        {Time = 0.133, Data = {
            ["RightFoot"] = CFrame.new(4.842877388000488e-08, 3.5762786865234375e-07, -1.6931153368204832e-08, 0.9964074492454529, 0.08424224704504013, 0.008686049841344357, -0.08241912722587585, 0.988175094127655, -0.12929460406303406, -0.01947558857500553, 0.12811459600925446, 0.9915682077407837),
            ["LeftLowerArm"] = CFrame.new(-0.0004944205284118652, -0.00009971857070922852, -3.7997961044311523e-07, 1, -4.4703554635816545e-08, 7.450569938782792e-09, 3.7252888773764425e-08, 1, 1.1175854908174188e-08, -3.7252889661942845e-09, 5.5879439742057e-08, 1),
            ["RightUpperArm"] = CFrame.new(-0.0009195804595947266, -0.032965779304504395, 1.4901161193847656e-08, 0.4923860430717468, -0.8249268531799316, -0.27760690450668335, 0.640885055065155, 0.5594192147254944, -0.5256491899490356, 0.5889163017272949, 0.08090675622224808, 0.8041314482688904),
            ["Head"] = CFrame.new(-3.4458935260772705e-08, 5.960464477539062e-07, -2.9336661100387573e-08, 0.9948757886886597, -0.08822362124919891, 0.04938485845923424, 0.08890252560377121, 0.9959713816642761, -0.011719442903995514, -0.04815196990966797, 0.0160498209297657, 0.998711109161377),
            ["RightHand"] = CFrame.new(2.2351741790771484e-07, 5.960464477539062e-07, -3.2782554626464844e-07, 0.941307008266449, -0.18186745047569275, -0.2843685448169708, 0.11566053330898285, 0.9652230143547058, -0.23445113003253937, 0.31711792945861816, 0.1878003180027008, 0.9296059012413025),
            ["UpperTorso"] = CFrame.new(2.0372681319713593e-08, 6.556510925292969e-07, -5.098991096019745e-08, 0.999870240688324, 0.004596096463501453, -0.01544546615332365, -0.005551923997700214, 0.9980344772338867, -0.06242216378450394, 0.01512821577489376, 0.062499817460775375, 0.9979303479194641),
            ["HumanoidRootPart"] = CFrame.new(0, 0, 0, 1, 0, 0, 0, 1, 0, 0, 0, 1),
            ["RightUpperLeg"] = CFrame.new(5.960464477539063e-08, 8.312053978443146e-08, 2.438173396512866e-08, 0.9909022450447083, -0.10776352137327194, -0.08062195777893066, 0.058293238282203674, 0.8836001753807068, -0.4645996391773224, 0.12130450457334518, 0.4556729197502136, 0.881843090057373),
            ["LeftUpperArm"] = CFrame.new(0.0009194612503051758, -0.03296637535095215, 7.450580596923828e-09, 0.5145460963249207, 0.8459667563438416, 0.13998132944107056, -0.648937463760376, 0.4908849000930786, -0.5812950134277344, -0.5604663491249084, 0.20825999975204468, 0.8015618920326233),
            ["RightLowerArm"] = CFrame.new(-0.000005781650543212891, -4.76837158203125e-07, -6.854534149169922e-07, 1, -1.1175911751593048e-08, 1.4901115008569832e-08, -3.91155481338501e-08, 1, 7.450557504284916e-09, 1.4901161193847656e-08, -1.8626520326137097e-09, 1),
            ["LeftHand"] = CFrame.new(-0.0000011175870895385742, 0.00009942054748535156, -1.9371509552001953e-07, 0.47223585844039917, 0.0771779790520668, 0.8780871033668518, -0.22586946189403534, 0.973495602607727, 0.03590911254286766, -0.8520424365997314, -0.21529069542884827, 0.47715166211128235),
            ["LeftFoot"] = CFrame.new(-1.210719347000122e-08, 0, 1.862645149230957e-09, 0.997437596321106, -0.07154227793216705, 0.00003608526094467379, 0.06880607455968857, 0.9591512084007263, -0.27439895272254944, 0.01959666982293129, 0.273698091506958, 0.9616159200668335),
            ["LowerTorso"] = CFrame.new(-0.008593480102717876, -0.07582008838653564, 0.07091286778450012, 0.9966025948524475, -0.004134856630116701, -0.08225686103105545, 0.014170677401125431, 0.9924535155296326, 0.12179994583129883, 0.08113248646259308, -0.12255176901817322, 0.9891403317451477),
            ["RightLowerLeg"] = CFrame.new(2.60770320892334e-08, -0.000003516674041748047, -0.000013290140486788005, 1, -1.1920926112907182e-07, 2.7939672797572257e-09, 1.4156097449813387e-07, 0.8776857852935791, 0.47923630475997925, 5.587933671336032e-09, -0.47923657298088074, 0.8776859641075134),
            ["LeftUpperLeg"] = CFrame.new(-1.7881393432617188e-07, -9.131617844104767e-07, 6.332993507385254e-08, 0.9865034818649292, 0.11982904374599457, 0.11158828437328339, -0.054754700511693954, 0.8836804628372192, -0.46487706899642944, -0.15431438386440277, 0.45249298214912415, 0.8783150315284729),
            ["LeftLowerLeg"] = CFrame.new(3.725290298461914e-09, 0.000003814697265625, 0.000013284385204315186, 1, 3.725290653733282e-08, 1.0989607801548118e-07, -8.195638656616211e-08, 0.8236773610115051, 0.5670589208602905, 4.6566128730773926e-08, -0.567058801651001, 0.8236772418022156),
        }},
        {Time = 0.167, Data = {
            ["RightFoot"] = CFrame.new(-1.257285475730896e-08, 4.76837158203125e-07, 1.4733814168721437e-08, 0.9965116381645203, 0.08304283767938614, 0.008287783712148666, -0.08115222305059433, 0.9873904585838318, -0.13592062890529633, -0.01947074569761753, 0.13477420806884766, 0.9906851649284363),
            ["LeftLowerArm"] = CFrame.new(-0.0004942715167999268, -0.00009912252426147461, 5.066394805908203e-07, 1, 2.9802372125686816e-08, -4.842872769472706e-08, 1.043081283569336e-07, 1, -7.4505734914964705e-09, 1.1175870895385742e-08, -2.2351779094265112e-08, 1),
            ["RightUpperArm"] = CFrame.new(-0.0009194016456604004, -0.03296554088592529, 1.862645149230957e-08, 0.43412449955940247, -0.8918233513832092, -0.12726685404777527, 0.6907110214233398, 0.42020079493522644, -0.5885089635848999, 0.5783202648162842, 0.16757792234420776, 0.7984111905097961),
            ["Head"] = CFrame.new(-2.1886080503463745e-08, 4.76837158203125e-07, -1.3271346688270569e-08, 0.9948796629905701, -0.08952189236879349, 0.046907659620046616, 0.08921515196561813, 0.9959753751754761, 0.008596380241215229, -0.04748844727873802, -0.004367500077933073, 0.9988622069358826),
            ["RightHand"] = CFrame.new(-1.7881393432617188e-07, 5.364418029785156e-07, 3.2782554626464844e-07, 0.9474919438362122, -0.16969217360019684, -0.2710420489311218, 0.10065805912017822, 0.9627681970596313, -0.25088945031166077, 0.30352452397346497, 0.21043311059474945, 0.9292958974838257),
            ["UpperTorso"] = CFrame.new(1.3969838619232178e-08, 4.76837158203125e-07, -6.984919309616089e-09, 0.9998237490653992, 0.004836357664316893, -0.01814168319106102, -0.006066143978387117, 0.9976425170898438, -0.06835741549730301, 0.01776830665767193, 0.06845542788505554, 0.9974960088729858),
            ["HumanoidRootPart"] = CFrame.new(0, 0, 0, 1, 0, 0, 0, 1, 0, 0, 0, 1),
            ["RightUpperLeg"] = CFrame.new(5.960464477539063e-08, -5.098991096019745e-07, 7.281050784513354e-08, 0.9901086091995239, -0.11108573526144028, -0.0857028067111969, 0.06014139577746391, 0.8879055976867676, -0.4560777246952057, 0.12675966322422028, 0.44641196727752686, 0.8858036994934082),
            ["LeftUpperArm"] = CFrame.new(0.0009194612503051758, -0.03296613693237305, -4.470348358154297e-08, 0.4724525511264801, 0.8811647891998291, -0.018637223169207573, -0.7061520218849182, 0.36578720808029175, -0.6062531471252441, -0.5273878574371338, 0.2995802164077759, 0.7950534224510193),
            ["RightLowerArm"] = CFrame.new(-0.000005781650543212891, 6.556510925292969e-07, -2.980232238769531e-07, 1, 1.8626520770226307e-08, 2.9802222911712306e-08, -4.470348358154297e-08, 1, -1.1175833591892115e-08, -1.4901161193847656e-08, -7.450608130454839e-09, 1),
            ["LeftHand"] = CFrame.new(-0.0000014156103134155273, 0.0000998377799987793, -3.2782554626464844e-07, 0.346846342086792, 0.09213453531265259, 0.9333857297897339, -0.27173101902008057, 0.9623547196388245, 0.0059812418185174465, -0.8976970911026001, -0.255704402923584, 0.35882505774497986),
            ["LeftFoot"] = CFrame.new(5.844049155712128e-08, 0, 1.862645149230957e-09, 0.9975342154502869, -0.07018192112445831, 0.000003156485718136537, 0.06746302545070648, 0.9588758945465088, -0.27569130063056946, 0.019345508888363838, 0.27501189708709717, 0.9612462520599365),
            ["LowerTorso"] = CFrame.new(-0.009835490956902504, -0.07691919803619385, 0.06853978335857391, 0.9971291422843933, -0.005535820033401251, -0.07551737129688263, 0.013973159715533257, 0.9936480522155762, 0.11166156828403473, 0.0744195505976677, -0.11239621788263321, 0.9908727407455444),
            ["RightLowerLeg"] = CFrame.new(3.725290298461914e-08, -0.0000032782554626464844, -0.000013252887583803385, 1, -2.011657187495075e-07, 1.3876709203941573e-07, 1.5646223516796454e-07, 0.8740845322608948, 0.4857735335826874, 5.215407838932151e-08, -0.48577386140823364, 0.8740847706794739),
            ["LeftUpperLeg"] = CFrame.new(-1.1920928955078125e-07, -0.0000010211952030658722, 6.51925802230835e-08, 0.9875510334968567, 0.11676096171140671, 0.10540305078029633, -0.05596208572387695, 0.8870360255241394, -0.4582962989807129, -0.14700736105442047, 0.44669216871261597, 0.8825274109840393),
            ["LeftLowerLeg"] = CFrame.new(-4.0978193283081055e-08, 0.0000036954879760742188, 0.000013295561075210571, 1, 5.4016709327697754e-08, 3.91155481338501e-08, -6.146728281919422e-08, 0.8213620781898499, 0.5704072117805481, 3.7252898543727042e-09, -0.5704072713851929, 0.8213621377944946),
        }},
        {Time = 0.200, Data = {
            ["RightFoot"] = CFrame.new(4.98257577419281e-08, 1.7881393432617188e-07, -2.438173396512866e-08, 0.9966081976890564, 0.0819123387336731, 0.007908309809863567, -0.07996616512537003, 0.9866364002227783, -0.14196498692035675, -0.019431475549936295, 0.14085163176059723, 0.9898400902748108),
            ["LeftLowerArm"] = CFrame.new(-0.000494837760925293, -0.00009882450103759766, 1.4901161193847656e-08, 1, -7.450594097235808e-08, 7.450569050604372e-09, 2.9802315282267955e-08, 1, 1.4901138101208744e-08, 3.725289587919178e-08, -1.4901187839200247e-08, 1),
            ["RightUpperArm"] = CFrame.new(-0.000919640064239502, -0.03296554088592529, 2.2351741790771484e-08, 0.3704032599925995, -0.9271689057350159, 0.056272201240062714, 0.7199195027351379, 0.24826455116271973, -0.6481335163116455, 0.5869560837745667, 0.28057560324668884, 0.7594448328018188),
            ["Head"] = CFrame.new(-3.3760443329811096e-08, 2.384185791015625e-07, -1.6298145055770874e-09, 0.9951729774475098, -0.087729312479496, 0.04398045688867569, 0.0865776538848877, 0.9958670735359192, 0.027444148436188698, -0.046206340193748474, -0.023503951728343964, 0.9986554384231567),
            ["RightHand"] = CFrame.new(-2.905726432800293e-07, 5.364418029785156e-07, -3.8929283618927e-07, 0.9549129605293274, -0.16442085802555084, -0.2471982091665268, 0.09195299446582794, 0.9554910659790039, -0.28032395243644714, 0.28228676319122314, 0.24495434761047363, 0.9275298714637756),
            ["UpperTorso"] = CFrame.new(1.1408701539039612e-08, 7.748603820800781e-07, -9.761424735188484e-08, 0.9997888207435608, 0.003675584215670824, -0.0202235896140337, -0.005152266938239336, 0.9972850680351257, -0.07345741242170334, 0.019898688420653343, 0.07354608178138733, 0.9970933794975281),
            ["HumanoidRootPart"] = CFrame.new(0, 0, 0, 1, 0, 0, 0, 1, 0, 0, 0, 1),
            ["RightUpperLeg"] = CFrame.new(-2.9802322387695312e-08, 3.2479874789714813e-07, -7.992639439180493e-08, 0.989067792892456, -0.11489449441432953, -0.09243513643741608, 0.06212054565548897, 0.8931448459625244, -0.4454587399959564, 0.13373875617980957, 0.4348464906215668, 0.8905180096626282),
            ["LeftUpperArm"] = CFrame.new(0.0009194612503051758, -0.032965898513793945, -2.9802322387695312e-08, 0.4208456575870514, 0.8895183205604553, -0.17792125046253204, -0.7430223822593689, 0.2254929542541504, -0.6301319003105164, -0.5203908681869507, 0.39737918972969055, 0.7558292150497437),
            ["RightLowerArm"] = CFrame.new(-0.000006705522537231445, 4.76837158203125e-07, -6.565824151039124e-07, 1, 1.4901219813623356e-08, 1.69965836960273e-08, 0, 1, -1.676375482873027e-08, 1.2572857421844219e-08, -8.847599097805414e-09, 1),
            ["LeftHand"] = CFrame.new(-0.0000011920928955078125, 0.00010001659393310547, -2.384185791015625e-07, 0.2340119183063507, 0.1726076602935791, 0.956788957118988, -0.34750550985336304, 0.9339531064033508, -0.08349496871232986, -0.9080079793930054, -0.31295067071914673, 0.2785382866859436),
            ["LeftFoot"] = CFrame.new(-3.748573362827301e-08, 0, 1.30385160446167e-08, 0.9976477026939392, -0.0685504674911499, -0.00003481237945379689, 0.06586282700300217, 0.9586739540100098, -0.27677828073501587, 0.01900678128004074, 0.27612513303756714, 0.9609338045120239),
            ["LowerTorso"] = CFrame.new(-0.011340191587805748, -0.07788074016571045, 0.06574296951293945, 0.9976829290390015, -0.007156695704907179, -0.06765768676996231, 0.013944155536592007, 0.9948506951332092, 0.10038773715496063, 0.06659084558486938, -0.10109855979681015, 0.9926453232765198),
            ["RightLowerLeg"] = CFrame.new(-2.60770320892334e-08, -0.000003516674041748047, -0.000013245437003206462, 1, -1.7508870087112882e-07, 1.5832489097533653e-08, 1.9371512394172896e-07, 0.8709980249404907, 0.491286039352417, -5.2154071283894154e-08, -0.49128663539886475, 0.8709983229637146),
            ["LeftUpperLeg"] = CFrame.new(5.960464477539063e-08, -4.7730281949043274e-08, -3.3527612686157227e-08, 0.9886847138404846, 0.1132974773645401, 0.09831693023443222, -0.05727174133062363, 0.8908546566963196, -0.45066407322883606, -0.13864536583423615, 0.4399336874485016, 0.8872631192207336),
            ["LeftLowerLeg"] = CFrame.new(2.421438694000244e-08, 0.000003933906555175781, 0.000013384968042373657, 1, 2.0489094865183688e-08, 6.146726860833951e-08, -5.587935447692871e-08, 0.819145143032074, 0.5735859274864197, 5.960464477539063e-08, -0.5735863447189331, 0.8191454410552979),
        }},
        {Time = 0.233, Data = {
            ["RightFoot"] = CFrame.new(4.0512531995773315e-08, 2.980232238769531e-07, 5.420588422566652e-09, 0.9966858625411987, 0.08100403100252151, 0.007467048242688179, -0.07899052649736404, 0.9856572151184082, -0.1491314023733139, -0.01944037526845932, 0.14804798364639282, 0.9887892603874207),
            ["LeftLowerArm"] = CFrame.new(-0.0004934072494506836, -0.00009930133819580078, 2.086162567138672e-07, 1, 7.450595695956963e-09, 4.4703405421842035e-08, 9.685752644372769e-08, 1, -3.7252835483059243e-08, 7.450579175838357e-08, -1.4901191391913926e-08, 1),
            ["RightUpperArm"] = CFrame.new(-0.0009195804595947266, -0.032965898513793945, 2.9802322387695312e-08, 0.3274012804031372, -0.9162404537200928, 0.2309107631444931, 0.7110779285430908, 0.07798313349485397, -0.6987734436988831, 0.6222352385520935, 0.3929656445980072, 0.6770493388175964),
            ["Head"] = CFrame.new(-2.1245796233415604e-08, 5.960464477539062e-07, 7.450580596923828e-09, 0.9953680038452148, -0.08658687025308609, 0.04177725315093994, 0.08469634503126144, 0.9953864812850952, 0.04508090391755104, -0.04548793286085129, -0.04133371263742447, 0.9981094002723694),
            ["RightHand"] = CFrame.new(-1.30385160446167e-07, 6.556510925292969e-07, 6.332993507385254e-08, 0.9522994160652161, -0.2123475968837738, -0.21916739642620087, 0.13713127374649048, 0.9393694996833801, -0.3142929673194885, 0.2726184129714966, 0.26924630999565125, 0.9236805438995361),
            ["UpperTorso"] = CFrame.new(1.1874362826347351e-08, 5.066394805908203e-07, -9.93022695183754e-08, 0.9997687935829163, 0.002877026330679655, -0.021309612318873405, -0.00453439075499773, 0.9969320893287659, -0.07814041525125504, 0.021019428968429565, 0.0782189667224884, 0.9967146515846252),
            ["HumanoidRootPart"] = CFrame.new(0, 0, 0, 1, 0, 0, 0, 1, 0, 0, 0, 1),
            ["RightUpperLeg"] = CFrame.new(5.960464477539063e-08, -5.140900611877441e-07, -2.9634975362569094e-08, 0.9880923628807068, -0.11824032664299011, -0.09845099598169327, 0.06427039951086044, 0.8985555171966553, -0.4341284930706024, 0.1397952437400818, 0.4226313829421997, 0.8954551219940186),
            ["LeftUpperArm"] = CFrame.new(0.0009192824363708496, -0.032965660095214844, -3.725290298461914e-09, 0.3884807229042053, 0.8591533303260803, -0.33309170603752136, -0.7505741715431213, 0.0853443518280983, -0.6552486419677734, -0.5345288515090942, 0.504551112651825, 0.6780111193656921),
            ["RightLowerArm"] = CFrame.new(-0.000007152557373046875, 1.7881393432617188e-07, -7.450580596923828e-07, 1, 3.35277512419907e-08, 2.607693971867775e-08, -1.862645326866641e-08, 1, -1.4901107903142474e-08, -3.725290742551124e-09, 3.725305841584259e-09, 1),
            ["LeftHand"] = CFrame.new(-0.0000014007091522216797, 0.00009948015213012695, -8.940696716308594e-08, 0.1818542629480362, 0.31069907546043396, 0.9329497814178467, -0.400505930185318, 0.8899108171463013, -0.21829766035079956, -0.8980668187141418, -0.33395349979400635, 0.2862708866596222),
            ["LeftFoot"] = CFrame.new(3.5157427191734314e-08, 0, 7.450580596923828e-09, 0.9977449774742126, -0.06712006032466888, -0.00005638040602207184, 0.06444671750068665, 0.9582407474517822, -0.27860647439956665, 0.018754499033093452, 0.27797433733940125, 0.9604053497314453),
            ["LowerTorso"] = CFrame.new(-0.012821030803024769, -0.07901430130004883, 0.06260718405246735, 0.9981741309165955, -0.008896689862012863, -0.059743545949459076, 0.014181621372699738, 0.9959639310836792, 0.08862792700529099, 0.058713916689157486, -0.08931338042020798, 0.9942715167999268),
            ["RightLowerLeg"] = CFrame.new(-3.725290298461914e-08, -0.000003814697265625, -0.0000133199428091757, 1, -2.2351753159455257e-07, -5.7742006731587026e-08, 2.0861632776814076e-07, 0.8678328990936279, 0.49685579538345337, -7.07805440924858e-08, -0.49685633182525635, 0.867833137512207),
            ["LeftUpperLeg"] = CFrame.new(-1.1920928955078125e-07, -0.000001010950654745102, -2.9802322387695312e-08, 0.9897490739822388, 0.11006990075111389, 0.09100138396024704, -0.058761317282915115, 0.8946099877357483, -0.44296741485595703, -0.1301683932542801, 0.433079332113266, 0.8919073343276978),
            ["LeftLowerLeg"] = CFrame.new(-6.705522537231445e-08, 0.000003814697265625, 0.000013230368494987488, 1, 7.823108916227284e-08, -2.8870996260366155e-08, -4.6566135836201283e-08, 0.8162437677383423, 0.5777081847190857, -1.3038517820973539e-08, -0.5777076482772827, 0.8162433505058289),
        }},
        {Time = 0.267, Data = {
            ["RightFoot"] = CFrame.new(3.4924596548080444e-08, 4.172325134277344e-07, 2.032174961641431e-08, 0.9968048334121704, 0.07956638187170029, 0.007032181601971388, -0.07748290151357651, 0.9845702648162842, -0.1569000631570816, -0.01940791867673397, 0.15585438907146454, 0.9875895380973816),
            ["LeftLowerArm"] = CFrame.new(-0.0004941225051879883, -0.00009906291961669922, 1.7881393432617188e-07, 1, -1.1175895764381494e-08, -2.9802261991562773e-08, 7.450582373280668e-09, 1, -4.097811157066644e-08, 2.980232949312267e-08, -3.352768729314448e-08, 1),
            ["RightUpperArm"] = CFrame.new(-0.0009194612503051758, -0.03296542167663574, 2.60770320892334e-08, 0.3308131694793701, -0.8638437390327454, 0.37993189692497253, 0.658168375492096, -0.07732348889112473, -0.7488872408866882, 0.6762966513633728, 0.49779030680656433, 0.5429731011390686),
            ["Head"] = CFrame.new(-1.932494342327118e-08, 0.0000013113021850585938, 9.313225746154785e-09, 0.9955236315727234, -0.0853380635380745, 0.04062288999557495, 0.08288314193487167, 0.9948288798332214, 0.0587022565305233, -0.045422352850437164, -0.055072519928216934, 0.997448742389679),
            ["RightHand"] = CFrame.new(1.4901161193847656e-07, 5.960464477539062e-07, -4.172325134277344e-07, 0.958544909954071, -0.24318000674247742, -0.14850984513759613, 0.17336231470108032, 0.9113481640815735, -0.3733498454093933, 0.22613541781902313, 0.33212658762931824, 0.9157264232635498),
            ["UpperTorso"] = CFrame.new(1.641456037759781e-08, 4.76837158203125e-07, -5.8498699218034744e-08, 0.9997714161872864, 0.0029478867072612047, -0.02117849327623844, -0.004684065002948046, 0.9965881109237671, -0.08240271359682083, 0.020863322541117668, 0.08248306810855865, 0.9963741302490234),
            ["HumanoidRootPart"] = CFrame.new(0, 0, 0, 1, 0, 0, 0, 1, 0, 0, 0, 1),
            ["RightUpperLeg"] = CFrame.new(0, 2.360902726650238e-07, -2.4047039914876223e-08, 0.9872562885284424, -0.1208576038479805, -0.10353022813796997, 0.06616058945655823, 0.9033905863761902, -0.42368414998054504, 0.1447339504957199, 0.41143518686294556, 0.8998740315437317),
            ["LeftUpperArm"] = CFrame.new(0.000919342041015625, -0.032965660095214844, -1.862645149230957e-09, 0.40816760063171387, 0.78120356798172, -0.4723722040653229, -0.7084877490997314, -0.055245738476514816, -0.7035536766052246, -0.5757119655609131, 0.6218270659446716, 0.530920684337616),
            ["RightLowerArm"] = CFrame.new(-0.00000667572021484375, 2.384185791015625e-07, 3.725290298461914e-08, 1, 4.4703675428081624e-08, 3.725278219235406e-08, 0, 1, 1.4901113232212992e-08, 2.2351747119842003e-08, 7.450612571346937e-09, 1),
            ["LeftHand"] = CFrame.new(-0.0000013113021850585938, 0.0000997781753540039, -7.152557373046875e-07, 0.19348423182964325, 0.505096971988678, 0.8410950303077698, -0.45581957697868347, 0.8054319024085999, -0.378824383020401, -0.868787944316864, -0.3100910782814026, 0.38607165217399597),
            ["LeftFoot"] = CFrame.new(6.682239472866058e-08, -1.1920928955078125e-07, -1.6763806343078613e-08, 0.9978007078170776, -0.06628557294607162, -0.000022051857740734704, 0.06357649713754654, 0.9571172595024109, -0.2826388478279114, 0.018756384029984474, 0.2820156514644623, 0.9592264294624329),
            ["LowerTorso"] = CFrame.new(-0.013657131232321262, -0.08083450794219971, 0.0587085597217083, 0.9985193610191345, -0.01056614425033331, -0.053362198173999786, 0.01463906280696392, 0.996960461139679, 0.07652156054973602, 0.05239146202802658, -0.07718943059444427, 0.9956389665603638),
