return {
    ["Classy Feeling"] = {
        {Time = 0.000, Data = {
            ["RightFoot"] = CFrame.new(-6.315531209111214e-08, 4.172325134277344e-07, 5.3849362302571535e-08, 0.8085347414016724, 0.5702140927314758, 0.14535430073738098, -0.5353096723556519, 0.8153067827224731, -0.2207215577363968, -0.2443670630455017, 0.10065176337957382, 0.9644450545310974),
            ["LeftLowerArm"] = CFrame.new(1.7881393432617188e-07, -4.76837158203125e-07, 1.341104507446289e-07, 1, -4.470347292340193e-08, 2.2351734685344127e-08, 3.352760913344355e-08, 0.7740902900695801, -0.6330753564834595, 7.4505797087454084e-09, 0.6330751776695251, 0.7740901708602905),
            ["RightUpperArm"] = CFrame.new(-5.960464477539063e-08, 3.5762786865234375e-07, 1.1175870895385742e-07, 0.7049651741981506, -0.3004530370235443, 0.6424575448036194, 0.6347741484642029, -0.1367713063955307, -0.7604970335960388, 0.3163633942604065, 0.9439394474029541, 0.09430090337991714),
            ["Head"] = CFrame.new(4.470348358154297e-08, -1.1920928955078125e-07, 0, 0.4992975890636444, -0.09169544279575348, -0.8615647554397583, 0.486324667930603, 0.8526265025138855, 0.19109275937080383, 0.7170706391334534, -0.5144123435020447, 0.4703081548213959),
            ["RightHand"] = CFrame.new(0, 1.1920928955078125e-07, -2.3096799850463867e-07, -0.06288642436265945, -0.6461592316627502, -0.7606075406074524, -0.625776469707489, 0.6192212700843811, -0.47430849075317383, 0.7774633765220642, 0.44614261388778687, -0.44329172372817993),
            ["UpperTorso"] = CFrame.new(-1.2852251529693604e-07, 2.9802322387695312e-08, -2.7939677238464355e-08, 0.9633053541183472, -0.19958356022834778, 0.17946939170360565, 0.16482943296432495, 0.9675908088684082, 0.19130933284759521, -0.2118351310491562, -0.15470749139785767, 0.9649826884269714),
            ["HumanoidRootPart"] = CFrame.new(0, 0, 0, 1, 0, 0, 0, 1, 0, 0, 0, 1),
            ["RightUpperLeg"] = CFrame.new(-2.9802322387695312e-08, 2.0489096641540527e-08, -1.6952981241047382e-09, 0.4289397597312927, -0.9031777381896973, 0.016757166013121605, 0.7937788367271423, 0.3679993152618408, -0.4842432141304016, 0.43119123578071594, 0.22101247310638428, 0.8747729659080505),
            ["LeftUpperArm"] = CFrame.new(1.7881393432617188e-07, -1.1920928955078125e-07, 3.725290298461914e-08, 0.6228082776069641, 0.44100797176361084, -0.6462364196777344, -0.33032625913619995, 0.8969847559928894, 0.2937743067741394, 0.7092210054397583, 0.030503854155540466, 0.7043260931968689),
            ["RightLowerArm"] = CFrame.new(-1.1920928955078125e-07, 0, 2.980232238769531e-07, 1, -4.4703469370688254e-08, 2.9802311729554276e-08, 5.960463766996327e-08, 0.603367269039154, -0.7974632978439331, 8.940695295223122e-08, 0.7974633574485779, 0.6033673882484436),
            ["LeftHand"] = CFrame.new(-3.725290298461914e-09, -3.5762786865234375e-07, 8.940696716308594e-08, 0.8305493593215942, 0.04423360154032707, 0.555185854434967, -0.0011156128020957112, 0.9969713091850281, -0.07776300609111786, -0.5569440722465515, 0.06396675854921341, 0.8280830979347229),
            ["LeftFoot"] = CFrame.new(-1.862645149230957e-09, -5.960464477539063e-08, -3.725290298461914e-09, 0.9870303869247437, -0.1555592566728592, -0.039654690772295, 0.15865498781204224, 0.9829320907592773, 0.0931297168135643, 0.02449047565460205, -0.0982130840420723, 0.9948640465736389),
            ["LowerTorso"] = CFrame.new(-0.1406347006559372, -0.1819019317626953, 0.10013040155172348, 0.7237875461578369, 0.4276137948036194, 0.5415515303611755, -0.43811389803886414, 0.8911277651786804, -0.11809978634119034, -0.5330926775932312, -0.1517820805311203, 0.8323307037353516),
            ["RightLowerLeg"] = CFrame.new(-1.5832483768463135e-08, -0.00012230873107910156, -0.00007743963942630216, 1, -2.575106066160515e-07, -1.834705898318134e-07, 1.5273688802608376e-07, 0.20465758442878723, 0.9788335561752319, -1.3969837198146706e-07, -0.9788336753845215, 0.2046578973531723),
            ["LeftUpperLeg"] = CFrame.new(5.960464477539063e-08, -6.332993507385254e-08, -1.4901161193847656e-08, 0.6812840700149536, -0.40755584836006165, -0.6080710291862488, 0.2208668440580368, 0.9064093232154846, -0.3600555658340454, 0.6979040503501892, 0.11099720001220703, 0.7075378894805908),
            ["LeftLowerLeg"] = CFrame.new(2.4586915969848633e-07, 0.00012254714965820312, 0.00007742643356323242, 1, 2.0489096641540527e-08, 5.401671643312511e-08, 4.097820749393577e-08, 0.999987006187439, 0.005100645590573549, 5.774202094244174e-08, -0.005100667476654053, 0.999987006187439),
        }},
        {Time = 0.033, Data = {
            ["RightFoot"] = CFrame.new(-6.984919309616089e-08, 1.7881393432617188e-07, 3.894820110872388e-08, 0.8237914443016052, 0.5493265986442566, 0.140029639005661, -0.5068315863609314, 0.8243418335914612, -0.25215426087379456, -0.2539476156234741, 0.1367512196302414, 0.9575019478797913),
            ["LeftLowerArm"] = CFrame.new(8.940696716308594e-08, 3.5762786865234375e-07, -7.450580596923828e-08, 1, -3.399327042075129e-08, 3.352760558072987e-08, 4.0978196835794733e-08, 0.7533169984817505, -0.6576575636863708, 1.4901162970204496e-08, 0.6576575636863708, 0.7533169984817505),
            ["RightUpperArm"] = CFrame.new(0, 0, -4.0978193283081055e-08, 0.6456171870231628, -0.39424046874046326, 0.6540281176567078, 0.6227829456329346, -0.2238282710313797, -0.7496948838233948, 0.44195014238357544, 0.8913334608078003, 0.10101904720067978),
            ["Head"] = CFrame.new(-7.450580596923828e-08, 2.384185791015625e-07, 3.725290298461914e-08, 0.500717043876648, -0.07091034203767776, -0.8627017140388489, 0.43465593457221985, 0.8824779987335205, 0.17974086105823517, 0.7485698461532593, -0.4649776220321655, 0.47269338369369507),
            ["RightHand"] = CFrame.new(-1.7881393432617188e-07, 2.384185791015625e-07, 3.725290298461914e-08, -0.07352753728628159, -0.6779144406318665, -0.7314544320106506, -0.6459658741950989, 0.5911659002304077, -0.48296043276786804, 0.7598170042037964, 0.4369838535785675, -0.48137688636779785),
            ["UpperTorso"] = CFrame.new(-1.4901161193847656e-08, 0, -1.1175870895385742e-08, 0.9615951776504517, -0.20689140260219574, 0.1803625375032425, 0.17446976900100708, 0.9680271148681641, 0.18023279309272766, -0.21188440918922424, -0.14184319972991943, 0.966946542263031),
            ["HumanoidRootPart"] = CFrame.new(0, 0, 0, 1, 0, 0, 0, 1, 0, 0, 0, 1),
            ["RightUpperLeg"] = CFrame.new(0, 2.868473529815674e-07, -3.894820110872388e-08, 0.4363361597061157, -0.8994898796081543, -0.022998051717877388, 0.7439764142036438, 0.3750375509262085, -0.5530332326889038, 0.506072998046875, 0.22419823706150055, 0.8328417539596558),
            ["LeftUpperArm"] = CFrame.new(0, 2.384185791015625e-07, 8.940696716308594e-08, 0.6489466428756714, 0.443174809217453, -0.6184370517730713, -0.32988932728767395, 0.8963574171066284, 0.2961702346801758, 0.6855955719947815, 0.011817172169685364, 0.7278866767883301),
            ["RightLowerArm"] = CFrame.new(-1.7881393432617188e-07, 1.1920928955078125e-07, 2.086162567138672e-07, 1, -5.21540641784668e-08, -7.450581485102248e-09, 9.313225746154785e-08, 0.6135290861129761, -0.7896721959114075, 1.4901161193847656e-07, 0.7896721959114075, 0.6135290265083313),
            ["LeftHand"] = CFrame.new(1.0617077350616455e-07, -1.7881393432617188e-07, 2.9802322387695312e-08, 0.8432387709617615, 0.04203873872756958, 0.5358930826187134, -0.008269200101494789, 0.9978337287902832, -0.06526419520378113, -0.5374757051467896, 0.050601888447999954, 0.8417596817016602),
            ["LeftFoot"] = CFrame.new(-6.146728992462158e-08, -5.960464477539063e-08, -3.725290298461914e-09, 0.9829070568084717, -0.17839756608009338, -0.045476362109184265, 0.18228784203529358, 0.9776571393013, 0.10467955470085144, 0.02578580006957054, -0.11118010431528091, 0.9934657216072083),
            ["LowerTorso"] = CFrame.new(-0.0908636823296547, -0.16683447360992432, 0.1066817045211792, 0.7146097421646118, 0.39517903327941895, 0.5772057771682739, -0.4365173280239105, 0.8966901302337646, -0.07348090410232544, -0.5466128587722778, -0.19945013523101807, 0.8132859468460083),
            ["RightLowerLeg"] = CFrame.new(-7.078051567077637e-08, -0.00012242794036865234, -0.00007736513362033293, 1, -1.6763806343078613e-07, 4.6566150047056e-08, 2.3469337406822888e-07, 0.21094658970832825, 0.9774975776672363, -1.1175875158642157e-07, -0.9774976372718811, 0.21094681322574615),
            ["LeftUpperLeg"] = CFrame.new(-1.7881393432617188e-07, 5.960464477539063e-08, 2.9802322387695312e-08, 0.6817631125450134, -0.39033570885658264, -0.6187384724617004, 0.15498656034469604, 0.9036304950714111, -0.39928847551345825, 0.7149673104286194, 0.1763240396976471, 0.6765585541725159),
            ["LeftLowerLeg"] = CFrame.new(1.2665987014770508e-07, 0.00012248754501342773, 0.00007743388414382935, 1, 4.470347647611561e-08, 3.166496398421259e-08, 2.6077035641947077e-08, 0.999987006187439, 0.005114092957228422, 5.960465188081798e-08, -0.005114119034260511, 0.999987006187439),
        }},
        {Time = 0.067, Data = {
            ["RightFoot"] = CFrame.new(-2.87545844912529e-08, 2.980232238769531e-07, -8.212373359128833e-08, 0.8336995244026184, 0.5351067781448364, 0.13640500605106354, -0.4845793843269348, 0.827367901802063, -0.28398022055625916, -0.26481691002845764, 0.17065522074699402, 0.9490779042243958),
            ["LeftLowerArm"] = CFrame.new(-5.960464477539063e-08, -1.1920928955078125e-07, -2.384185791015625e-07, 1, -3.2829131413336654e-08, 3.539024007181979e-08, 4.7497451305389404e-08, 0.7334731817245483, -0.6797179579734802, 1.210719347000122e-08, 0.6797183156013489, 0.7334735989570618),
            ["RightUpperArm"] = CFrame.new(-5.960464477539063e-08, -1.1920928955078125e-07, -1.341104507446289e-07, 0.5513184070587158, -0.4979882836341858, 0.6693692803382874, 0.6088160276412964, -0.3084251284599304, -0.7309020161628723, 0.5704305768013, 0.8104823231697083, 0.13314282894134521),
            ["Head"] = CFrame.new(-4.470348358154297e-08, 1.1920928955078125e-07, -4.470348358154297e-08, 0.5064047574996948, -0.04586024582386017, -0.8610755205154419, 0.37307026982307434, 0.9119394421577454, 0.1708362102508545, 0.7774142622947693, -0.40775394439697266, 0.4789196252822876),
            ["RightHand"] = CFrame.new(5.960464477539063e-08, 5.960464477539063e-08, -2.7567148208618164e-07, -0.08043675124645233, -0.710079550743103, -0.6995121240615845, -0.6643128991127014, 0.5613921284675598, -0.4934843182563782, 0.7431139945983887, 0.42500102519989014, -0.5168713331222534),
            ["UpperTorso"] = CFrame.new(-1.6205012798309326e-07, 2.086162567138672e-07, -3.725290298461914e-08, 0.9607794284820557, -0.21178250014781952, 0.1790284663438797, 0.18168523907661438, 0.9684468507766724, 0.1705906093120575, -0.20950770378112793, -0.13137313723564148, 0.9689415693283081),
            ["HumanoidRootPart"] = CFrame.new(0, 0, 0, 1, 0, 0, 0, 1, 0, 0, 0, 1),
            ["RightUpperLeg"] = CFrame.new(-1.7881393432617188e-07, 2.4586915969848633e-07, -3.708555595949292e-08, 0.4563170075416565, -0.8867316246032715, -0.07403954863548279, 0.6848862767219543, 0.40312716364860535, -0.6069757342338562, 0.5680719017982483, 0.22626453638076782, 0.791263997554779),
            ["LeftUpperArm"] = CFrame.new(1.7881393432617188e-07, 0, -1.4901161193847656e-08, 0.6578027606010437, 0.4500948488712311, -0.6039122343063354, -0.3295229375362396, 0.892976701259613, 0.3066062331199646, 0.6772814989089966, -0.0026835345197468996, 0.7357191443443298),
            ["RightLowerArm"] = CFrame.new(1.7881393432617188e-07, 0, -2.9802322387695312e-08, 1, -1.415610029198433e-07, -5.960463766996327e-08, 8.195638656616211e-08, 0.6132324934005737, -0.7899026274681091, 7.078051567077637e-08, 0.7899025678634644, 0.6132323741912842),
            ["LeftHand"] = CFrame.new(3.3620744943618774e-07, -2.980232238769531e-07, 5.960464477539063e-08, 0.8401680588722229, 0.05112425237894058, 0.5399113893508911, -0.019728539511561394, 0.9977691173553467, -0.0637783408164978, -0.5419672727584839, 0.04293275624513626, 0.8393021821975708),
            ["LeftFoot"] = CFrame.new(9.406358003616333e-08, 5.960464477539063e-08, -1.1175870895385742e-08, 0.9743832349777222, -0.21792463958263397, -0.05555250868201256, 0.22447146475315094, 0.9575496315956116, 0.180862694978714, 0.013779840432107449, -0.1886996626853943, 0.9819381833076477),
            ["LowerTorso"] = CFrame.new(-0.03951231762766838, -0.14275717735290527, 0.11540623754262924, 0.7130783796310425, 0.3571324944496155, 0.6033039093017578, -0.42982017993927, 0.902533233165741, -0.02623632177710533, -0.5538716912269592, -0.24060362577438354, 0.7970796823501587),
            ["RightLowerLeg"] = CFrame.new(-6.146728992462158e-08, -0.00012236833572387695, -0.00007727572665316984, 1, -1.9930300254600297e-07, -1.4528635006172408e-07, 2.142042205832695e-07, 0.24896857142448425, 0.9685115814208984, -1.3783575525394554e-07, -0.9685116410255432, 0.2489687204360962),
            ["LeftUpperLeg"] = CFrame.new(-1.1920928955078125e-07, 3.725290298461914e-07, -2.7939677238464355e-08, 0.6872256398200989, -0.36673152446746826, -0.6270798444747925, 0.08394356071949005, 0.8975251317024231, -0.4328995645046234, 0.7215777635574341, 0.24486030638217926, 0.6475870609283447),
            ["LeftLowerLeg"] = CFrame.new(-1.7136335372924805e-07, 0.00012242794036865234, 0.00007747113704681396, 1, -1.1920927533992653e-07, -5.5879347371501353e-08, -6.332993507385254e-08, 0.9999869465827942, 0.005120064597576857, 3.725290298461914e-09, -0.005120098125189543, 0.9999868869781494),
        }},
        {Time = 0.100, Data = {
            ["RightFoot"] = CFrame.new(3.6961864680051804e-09, 4.76837158203125e-07, -8.072674972936511e-08, 0.871872067451477, 0.4745582044124603, 0.12097041308879852, -0.41352206468582153, 0.8457148671150208, -0.33729156851768494, -0.26237109303474426, 0.24405153095722198, 0.9335955381393433),
            ["LeftLowerArm"] = CFrame.new(-1.7881393432617188e-07, 1.1920928955078125e-07, -1.7881393432617188e-07, 1, -3.376043267167006e-08, 2.6077035641947077e-08, 6.891787052154541e-08, 0.7149044871330261, -0.6992222666740417, 3.3527612686157227e-08, 0.699222207069397, 0.7149043679237366),
            ["RightUpperArm"] = CFrame.new(0, -3.5762786865234375e-07, -2.9802322387695312e-08, 0.4262748956680298, -0.6003275513648987, 0.6766806244850159, 0.5796259045600891, -0.3930419683456421, -0.7138288021087646, 0.6944952011108398, 0.6965090036392212, 0.18042148649692535),
            ["Head"] = CFrame.new(-4.470348358154297e-08, -3.5762786865234375e-07, -2.9802322387695312e-08, 0.5166983604431152, -0.02034960873425007, -0.8559256792068481, 0.3068382740020752, 0.9377111792564392, 0.1629355251789093, 0.7992954850196838, -0.3468194305896759, 0.4907578229904175),
            ["RightHand"] = CFrame.new(7.82310962677002e-08, -2.980232238769531e-07, -1.4901161193847656e-07, -0.08177404850721359, -0.7380766868591309, -0.6697431802749634, -0.6621158123016357, 0.5424997210502625, -0.5170075297355652, 0.7449266314506531, 0.4011693298816681, -0.5330546498298645),
            ["UpperTorso"] = CFrame.new(5.587935447692871e-08, -2.980232238769531e-07, 7.450580596923828e-09, 0.9611372947692871, -0.21378475427627563, 0.17467495799064636, 0.18586298823356628, 0.9689314961433411, 0.16317708790302277, -0.20413267612457275, -0.12437000870704651, 0.9710108041763306),
            ["HumanoidRootPart"] = CFrame.new(0, 0, 0, 1, 0, 0, 0, 1, 0, 0, 0, 1),
            ["RightUpperLeg"] = CFrame.new(-5.960464477539063e-08, -1.6763806343078613e-07, 2.8107024263590574e-08, 0.48577696084976196, -0.8641625046730042, -0.13131654262542725, 0.6121009588241577, 0.44356533885002136, -0.6546618342399597, 0.623981773853302, 0.2376403957605362, 0.7444285154342651),
            ["LeftUpperArm"] = CFrame.new(1.1920928955078125e-07, -5.960464477539062e-07, -5.960464477539063e-08, 0.6479063630104065, 0.4637854993343353, -0.6042518615722656, -0.32999876141548157, 0.8858679533004761, 0.3260962665081024, 0.6865261197090149, -0.011877520009875298, 0.7270082831382751),
            ["RightLowerArm"] = CFrame.new(5.960464477539063e-08, 0, 8.940696716308594e-08, 1, -2.048909131247001e-08, -1.1175868230850483e-08, 6.146728281919422e-08, 0.5967444777488708, -0.8024312853813171, 1.0523943672069436e-07, 0.8024313449859619, 0.5967445373535156),
            ["LeftHand"] = CFrame.new(8.754432201385498e-08, 0, -2.2351741790771484e-08, 0.8192768096923828, 0.07412082701921463, 0.5685871839523315, -0.03628816083073616, 0.9963245391845703, -0.07759308069944382, -0.5722488164901733, 0.04293709993362427, 0.8189554810523987),
            ["LeftFoot"] = CFrame.new(-3.259629011154175e-08, 0, -7.450580596923828e-09, 0.9632713198661804, -0.2602088153362274, -0.06633124500513077, 0.26844626665115356, 0.9269630312919617, 0.26206111907958984, -0.00670406362041831, -0.27024227380752563, 0.9627690315246582),
            ["LowerTorso"] = CFrame.new(0.012611133977770805, -0.12281250953674316, 0.12485963106155396, 0.7174848318099976, 0.3174358010292053, 0.6200404167175293, -0.4184224605560303, 0.9080474972724915, 0.019297165796160698, -0.5569005608558655, -0.2732842266559601, 0.7843325734138489),
            ["RightLowerLeg"] = CFrame.new(5.587935447692871e-08, -0.00012242794036865234, -0.0000774172876845114, 1, -8.568164844291459e-08, -1.4156105976326216e-07, 1.4901159772762185e-07, 0.2862918972969055, 0.9581423997879028, -1.1548398504146462e-07, -0.9581425189971924, 0.2862922251224518),
            ["LeftUpperLeg"] = CFrame.new(-1.1920928955078125e-07, -1.7881393432617188e-07, -6.705522537231445e-08, 0.7005078196525574, -0.3372741639614105, -0.6289157271385193, 0.016610873863101006, 0.8887399435043335, -0.45811086893081665, 0.7134514451026917, 0.3104633092880249, 0.6281716227531433),
            ["LeftLowerLeg"] = CFrame.new(1.7508864402770996e-07, 0.00012248754501342773, 0.00007743388414382935, 1, 3.166496043149891e-08, 6.332993507385254e-08, 8.009374141693115e-08, 0.9999869465827942, 0.005122046917676926, 8.940696716308594e-08, -0.005122075323015451, 0.9999868869781494),
        }},
        {Time = 0.133, Data = {
            ["RightFoot"] = CFrame.new(3.993045538663864e-08, 4.172325134277344e-07, -4.347384674474597e-08, 0.9189646244049072, 0.38212087750434875, 0.09740708023309708, -0.3173562288284302, 0.863265872001648, -0.3925000727176666, -0.2340705692768097, 0.3297812342643738, 0.914579451084137),
            ["LeftLowerArm"] = CFrame.new(5.960464477539063e-08, -4.76837158203125e-07, 5.066394805908203e-07, 1, -1.005828522693264e-07, 4.470347647611561e-08, 2.421439049271612e-08, 0.6726006865501404, -0.7400055527687073, 2.6077035641947077e-08, 0.740005612373352, 0.6726008057594299),
            ["RightUpperArm"] = CFrame.new(0, 1.1920928955078125e-07, -1.4901161193847656e-07, 0.28919515013694763, -0.6853185892105103, 0.6683598160743713, 0.5403962731361389, -0.4594272971153259, -0.7049103379249573, 0.7901507019996643, 0.5650355219841003, 0.2374795377254486),
            ["Head"] = CFrame.new(-2.9802322387695312e-08, 0, -8.940696716308594e-08, 0.5437663197517395, 0.003047347068786621, -0.8392312526702881, 0.23667806386947632, 0.9588466286659241, 0.1568334996700287, 0.8051719069480896, -0.2839083969593048, 0.5206671357154846),
            ["RightHand"] = CFrame.new(5.960464477539063e-08, -2.384185791015625e-07, 1.7881393432617188e-07, -0.09498149901628494, -0.7754719853401184, -0.6241971254348755, -0.6377852559089661, 0.5288428068161011, -0.5599597096443176, 0.7643353939056396, 0.3449181616306305, -0.5448148250579834),
            ["UpperTorso"] = CFrame.new(5.541369318962097e-08, 1.7881393432617188e-07, 2.7939677238464355e-08, 0.9607836008071899, -0.21916687488555908, 0.169884592294693, 0.1926933228969574, 0.9682362675666809, 0.15933609008789062, -0.19940973818302155, -0.12035185843706131, 0.9724974632263184),
            ["HumanoidRootPart"] = CFrame.new(0, 0, 0, 1, 0, 0, 0, 1, 0, 0, 0, 1),
            ["RightUpperLeg"] = CFrame.new(1.7881393432617188e-07, 1.8998980522155762e-07, 2.8107024263590574e-08, 0.5295229554176331, -0.8311676979064941, -0.16960421204566956, 0.5356342792510986, 0.4826401174068451, -0.6929318308830261, 0.6578004360198975, 0.27607741951942444, 0.7007708549499512),
            ["LeftUpperArm"] = CFrame.new(0, -3.5762786865234375e-07, -7.450580596923828e-08, 0.641366720199585, 0.4854145348072052, -0.5941563844680786, -0.32485565543174744, 0.8733816146850586, 0.36286845803260803, 0.6950666308403015, -0.03971657156944275, 0.7178472280502319),
            ["RightLowerArm"] = CFrame.new(-5.364418029785156e-07, -2.384185791015625e-07, -1.4901161193847656e-07, 1, -1.862644793959589e-08, 5.215407838932151e-08, 1.6763808119435453e-08, 0.5573338866233826, -0.8302886486053467, 5.7742006731587026e-08, 0.8302885293960571, 0.5573337078094482),
            ["LeftHand"] = CFrame.new(1.2852251529693604e-07, 0, -4.470348358154297e-08, 0.7923539280891418, 0.1098872721195221, 0.6000835299491882, -0.06820874661207199, 0.9934336543083191, -0.0918540209531784, -0.6062365770339966, 0.03184998780488968, 0.7946463227272034),
            ["LeftFoot"] = CFrame.new(-2.9802322387695312e-08, -5.960464477539063e-08, 2.2351741790771484e-08, 0.9557542204856873, -0.28505074977874756, -0.07266414165496826, 0.2926698327064514, 0.8965401649475098, 0.3325057625770569, -0.029634959995746613, -0.3390602469444275, 0.9402977824211121),
            ["LowerTorso"] = CFrame.new(0.0639418363571167, -0.10910928249359131, 0.13299205899238586, 0.7320724129676819, 0.2840115427970886, 0.6191990971565247, -0.40663692355155945, 0.9114351272583008, 0.0627092719078064, -0.5465496778488159, -0.29769688844680786, 0.7827260494232178),
            ["RightLowerLeg"] = CFrame.new(1.0803341865539551e-07, -0.00012236833572387695, -0.0000774172876845114, 1, -1.4156097449813387e-07, -1.8626455755565985e-07, 1.0803344707710494e-07, 0.3122745156288147, 0.9499919414520264, -6.332994928470725e-08, -0.9499919414520264, 0.3122747242450714),
            ["LeftUpperLeg"] = CFrame.new(1.4901161193847656e-07, 2.384185791015625e-07, 0, 0.7312625050544739, -0.3085058927536011, -0.6083414554595947, -0.026465345174074173, 0.8783660531044006, -0.4772554636001587, 0.6815825700759888, 0.3650989234447479, 0.6341513395309448),
            ["LeftLowerLeg"] = CFrame.new(6.332993507385254e-08, 0.0001226663589477539, 0.00007740408182144165, 1, -4.0978193283081055e-08, 8.195639367158947e-08, 6.332994928470725e-08, 0.9999868869781494, 0.00512103782966733, 8.195640788244418e-08, -0.005121074616909027, 0.9999869465827942),
        }},
        {Time = 0.167, Data = {
            ["RightFoot"] = CFrame.new(-2.0023435354232788e-08, 2.384185791015625e-07, -2.0656443666666746e-08, 0.956038236618042, 0.28415536880493164, 0.07243459671735764, -0.22299392521381378, 0.8648948669433594, -0.44970014691352844, -0.19043299555778503, 0.4137784242630005, 0.8902376294136047),
            ["LeftLowerArm"] = CFrame.new(8.940696716308594e-08, -1.1920928955078125e-07, -1.7881393432617188e-07, 1, -8.195637946073475e-08, 5.5879340266073996e-08, 5.5879375793210784e-08, 0.6064384579658508, -0.7951304912567139, 2.980233304583635e-08, 0.7951304316520691, 0.6064385175704956),
            ["RightUpperArm"] = CFrame.new(-1.1920928955078125e-07, 5.960464477539062e-07, 0, 0.13854297995567322, -0.7468028664588928, 0.650454580783844, 0.5281399488449097, -0.4998888075351715, -0.6864252686500549, 0.8377792239189148, 0.43863043189048767, 0.3251601755619049),
            ["Head"] = CFrame.new(-2.9802322387695312e-08, 1.1920928955078125e-07, 4.470348358154297e-08, 0.5907700061798096, 0.024997133761644363, -0.8064526915550232, 0.16993126273155212, 0.9732454419136047, 0.1546509563922882, 0.788742184638977, -0.22840458154678345, 0.570716381072998),
            ["RightHand"] = CFrame.new(-1.1920928955078125e-07, -2.384185791015625e-07, 2.9802322387695312e-08, -0.13628751039505005, -0.8177509307861328, -0.5592041015625, -0.6462161540985107, 0.501228928565979, -0.5754773020744324, 0.7508863806724548, 0.2829364240169525, -0.5967551469802856),
            ["UpperTorso"] = CFrame.new(5.3085386753082275e-08, 5.960464477539063e-08, -8.381903171539307e-09, 0.9583324193954468, -0.23386581242084503, 0.16402988135814667, 0.206938236951828, 0.9642176628112793, 0.16571316123008728, -0.1969151347875595, -0.12486421316862106, 0.9724369049072266),
            ["HumanoidRootPart"] = CFrame.new(0, 0, 0, 1, 0, 0, 0, 1, 0, 0, 0, 1),
            ["RightUpperLeg"] = CFrame.new(-8.940696716308594e-08, 5.21540641784668e-08, -1.6952981241047382e-09, 0.5838136672973633, -0.7912204265594482, -0.1820221096277237, 0.4767112731933594, 0.5155477523803711, -0.7120091319084167, 0.6571971774101257, 0.3289085924625397, 0.678167462348938),
            ["LeftUpperArm"] = CFrame.new(1.1920928955078125e-07, 4.76837158203125e-07, 1.4901161193847656e-08, 0.6299067139625549, 0.5155408978462219, -0.5808916687965393, -0.3177732825279236, 0.8535314798355103, 0.4129219353199005, 0.7086872458457947, -0.07551011443138123, 0.7014701962471008),
            ["RightLowerArm"] = CFrame.new(-2.682209014892578e-07, 2.384185791015625e-07, 1.4156103134155273e-07, 1, -7.450579886381092e-08, 7.450580596923828e-09, 1.0430815677864302e-07, 0.4949268698692322, -0.8689345717430115, 5.960465898624534e-08, 0.8689346313476562, 0.49492698907852173),
            ["LeftHand"] = CFrame.new(6.705522537231445e-08, -1.1920928955078125e-07, -5.960464477539063e-08, 0.756138801574707, 0.16123102605342865, 0.6342391967773438, -0.11459250003099442, 0.9868215918540955, -0.11424442380666733, -0.6443002820014954, 0.013705799356102943, 0.764649510383606),
            ["LeftFoot"] = CFrame.new(-7.078051567077637e-08, -5.960464477539063e-08, 3.725290298461914e-09, 0.9602897763252258, -0.27035894989967346, -0.06891888380050659, 0.2756381928920746, 0.8810469508171082, 0.38442134857177734, -0.043211083859205246, -0.3881525993347168, 0.920581579208374),
            ["LowerTorso"] = CFrame.new(0.11063691228628159, -0.10282230377197266, 0.13697804510593414, 0.7553797364234924, 0.2691456079483032, 0.597463071346283, -0.39961010217666626, 0.911803126335144, 0.09448210895061493, -0.5193392038345337, -0.31012213230133057, 0.7963109016418457),
            ["RightLowerLeg"] = CFrame.new(1.30385160446167e-07, -0.00012248754501342773, -0.00007732043013675138, 1, -6.705521116145974e-08, -6.332994928470725e-08, 1.564622067462551e-07, 0.33165672421455383, 0.943399965763092, -1.8253925304634322e-07, -0.9434002041816711, 0.3316572606563568),
            ["LeftUpperLeg"] = CFrame.new(-1.7881393432617188e-07, -1.4901161193847656e-08, -5.960464477539063e-08, 0.7829784154891968, -0.29344627261161804, -0.5484834909439087, -0.01748117431998253, 0.8710086345672607, -0.49095669388771057, 0.6218032836914062, 0.39399662613868713, 0.6768511533737183),
            ["LeftLowerLeg"] = CFrame.new(3.3527612686157227e-08, 0.00012320280075073242, 0.00007734447717666626, 1, 7.450580596923828e-09, -7.450583261459087e-09, -5.5879375793210784e-08, 0.9999869465827942, 0.005118219181895256, 4.842879164357328e-08, -0.005118228495121002, 0.999987006187439),
        }},
        {Time = 0.200, Data = {
            ["RightFoot"] = CFrame.new(6.146728992462158e-08, 2.980232238769531e-07, -2.8107024263590574e-08, 0.9716407060623169, 0.22913511097431183, 0.058409251272678375, -0.16760249435901642, 0.8415966629981995, -0.5134430527687073, -0.1668049693107605, 0.48909324407577515, 0.8561335802078247),
            ["LeftLowerArm"] = CFrame.new(-8.940696716308594e-08, -5.960464477539063e-08, -8.195638656616211e-08, 1, -6.705521116145974e-08, 5.5879340266073996e-08, 8.195639367158947e-08, 0.5329009294509888, -0.8461775779724121, 4.4703490686970326e-08, 0.8461776375770569, 0.5329010486602783),
            ["RightUpperArm"] = CFrame.new(2.384185791015625e-07, -2.384185791015625e-07, 0, -0.004570545628666878, -0.7823140025138855, 0.6228676438331604, 0.5301259756088257, -0.5300403237342834, -0.6618338227272034, 0.8479066491127014, 0.32717302441596985, 0.4171474874019623),
            ["Head"] = CFrame.new(0, -3.5762786865234375e-07, 1.1920928955078125e-07, 0.6515232920646667, 0.04314953461289406, -0.7574005126953125, 0.11868905276060104, 0.9802889227867126, 0.15794514119625092, 0.7492864727973938, -0.1928001493215561, 0.6335596442222595),
            ["RightHand"] = CFrame.new(-3.5762786865234375e-07, 3.5762786865234375e-07, 2.2351741790771484e-07, -0.1979246437549591, -0.8541221022605896, -0.4809384047985077, -0.6918613910675049, 0.4692947566509247, -0.54871666431427, 0.6943728923797607, 0.2241383194923401, -0.6838188767433167),
            ["UpperTorso"] = CFrame.new(1.1315569281578064e-07, 1.4901161193847656e-07, 1.862645149230957e-09, 0.9551455974578857, -0.25301358103752136, 0.15388675034046173, 0.2241770476102829, 0.9573023915290833, 0.18252909183502197, -0.19349852204322815, -0.13984400033950806, 0.9710829257965088),
            ["HumanoidRootPart"] = CFrame.new(0, 0, 0, 1, 0, 0, 0, 1, 0, 0, 0, 1),
            ["RightUpperLeg"] = CFrame.new(1.1920928955078125e-07, 1.7136335372924805e-07, 2.0656443666666746e-08, 0.6252953410148621, -0.7578117847442627, -0.18635228276252747, 0.4415944814682007, 0.5404819846153259, -0.7161518931388855, 0.6434284448623657, 0.36551421880722046, 0.672606348991394),
            ["LeftUpperArm"] = CFrame.new(0, -2.384185791015625e-07, 1.341104507446289e-07, 0.6005101203918457, 0.5532357096672058, -0.5773369073867798, -0.31637874245643616, 0.8274864554405212, 0.4638651907444, 0.7343651056289673, -0.09589844197034836, 0.6719458699226379),
            ["RightLowerArm"] = CFrame.new(-5.960464477539062e-07, -2.384185791015625e-07, -5.587935447692871e-08, 1, -1.4901159417490817e-08, 8.940695295223122e-08, 5.960464477539063e-08, 0.40987351536750793, -0.9121424555778503, 2.7008354663848877e-08, 0.9121423959732056, 0.4098733961582184),
            ["LeftHand"] = CFrame.new(5.960464477539063e-08, 5.960464477539063e-08, 5.960464477539063e-08, 0.7178611159324646, 0.21528959274291992, 0.6620621085166931, -0.15644313395023346, 0.9765467643737793, -0.1479254961013794, -0.6783812046051025, 0.0026149379555135965, 0.7347052693367004),
            ["LeftFoot"] = CFrame.new(1.5133991837501526e-08, -5.960464477539063e-08, 4.190951585769653e-09, 0.9720873832702637, -0.22734874486923218, -0.05795475095510483, 0.23070135712623596, 0.8812780976295471, 0.4124631881713867, -0.04269865155220032, -0.41432055830955505, 0.9091289043426514),
            ["LowerTorso"] = CFrame.new(0.1500730961561203, -0.1054309606552124, 0.13588446378707886, 0.7789832353591919, 0.2730100452899933, 0.5644915103912354, -0.39641594886779785, 0.9119313955307007, 0.1059979796409607, -0.48583903908729553, -0.30634406208992004, 0.8186047673225403),
            ["RightLowerLeg"] = CFrame.new(7.82310962677002e-08, -0.00012242794036865234, -0.00007752345845801756, 1, -1.3038511781360285e-07, -1.266598985694145e-07, 1.6763806343078613e-07, 0.34305498003959656, 0.9393152594566345, -8.940696716308594e-08, -0.9393153190612793, 0.34305518865585327),
            ["LeftUpperLeg"] = CFrame.new(-5.960464477539063e-08, 2.980232238769531e-07, -2.9802322387695312e-08, 0.8393846154212952, -0.2913292646408081, -0.45886921882629395, 0.03426870331168175, 0.8709118962287903, -0.49024301767349243, 0.5424565672874451, 0.3957775831222534, 0.7410134077072144),
            ["LeftLowerLeg"] = CFrame.new(3.674067556858063e-07, 0.00012224912643432617, 0.00007736613042652607, 1, 1.9557779395995567e-08, 1.4901162970204496e-08, 6.05359762317903e-09, 0.999987006187439, 0.0051123895682394505, 4.4703490686970326e-08, -0.00511240353807807, 0.9999869465827942),
        }},
        {Time = 0.233, Data = {
            ["RightFoot"] = CFrame.new(-8.195638656616211e-08, 4.172325134277344e-07, -3.55576048605144e-08, 0.980111837387085, 0.19229669868946075, 0.049018796533346176, -0.1304425746202469, 0.810434877872467, -0.5711214542388916, -0.14955131709575653, 0.5533690452575684, 0.8194006681442261),
            ["LeftLowerArm"] = CFrame.new(-3.5762786865234375e-07, 2.384185791015625e-07, 6.370246410369873e-07, 1, -8.195638656616211e-08, 5.5879347371501353e-08, 5.960464477539063e-08, 0.45110172033309937, -0.892472505569458, 2.6426278054714203e-08, 0.8924726247787476, 0.45110195875167847),
            ["RightUpperArm"] = CFrame.new(0, 0, -1.1920928955078125e-07, -0.09460119903087616, -0.8081170320510864, 0.5813755989074707, 0.5291892886161804, -0.5354718565940857, -0.6582009196281433, 0.8432137370109558, 0.24539107084274292, 0.4783031940460205),
            ["Head"] = CFrame.new(7.450580596923828e-08, -2.384185791015625e-07, -8.940696716308594e-08, 0.7191563844680786, 0.054769836366176605, -0.6926863193511963, 0.08791476488113403, 0.9817051887512207, 0.1688966006040573, 0.689264178276062, -0.18236041069030762, 0.7011844515800476),
            ["RightHand"] = CFrame.new(2.384185791015625e-07, 5.960464477539063e-08, 0, -0.24365027248859406, -0.8691033124923706, -0.4304578900337219, -0.7500049471855164, 0.4502454102039337, -0.4845326542854309, 0.614920437335968, 0.204788938164711, -0.7615342140197754),
            ["UpperTorso"] = CFrame.new(-8.195638656616211e-08, 8.940696716308594e-08, -2.9802322387695312e-08, 0.9505211114883423, -0.2773618698120117, 0.13992881774902344, 0.24719765782356262, 0.9480845332145691, 0.2000727653503418, -0.18815693259239197, -0.15558333694934845, 0.9697374701499939),
            ["HumanoidRootPart"] = CFrame.new(0, 0, 0, 1, 0, 0, 0, 1, 0, 0, 0, 1),
            ["RightUpperLeg"] = CFrame.new(-1.1920928955078125e-07, 3.725290298461914e-08, -9.110226528719068e-08, 0.6574438214302063, -0.7329990267753601, -0.17458544671535492, 0.4237612187862396, 0.5512621402740479, -0.7187048196792603, 0.6230522990226746, 0.3985254168510437, 0.6730402708053589),
            ["LeftUpperArm"] = CFrame.new(5.960464477539063e-08, -2.384185791015625e-07, -1.043081283569336e-07, 0.5642041563987732, 0.5944989919662476, -0.5729261040687561, -0.32002562284469604, 0.7971423864364624, 0.5120038390159607, 0.761089563369751, -0.10552342981100082, 0.6400060653686523),
            ["RightLowerArm"] = CFrame.new(1.1920928955078125e-07, 1.7881393432617188e-07, -7.450580596923828e-08, 1, -4.4703490686970326e-08, 9.685753354915505e-08, 1.0430815677864302e-07, 0.30193257331848145, -0.9533293843269348, 7.4505820180093e-08, 0.95332932472229, 0.3019324541091919),
            ["LeftHand"] = CFrame.new(-1.862645149230957e-07, 1.1920928955078125e-07, 5.960464477539063e-08, 0.6942281126976013, 0.25591331720352173, 0.672722578048706, -0.18730850517749786, 0.9666873216629028, -0.17444562911987305, -0.6949554681777954, -0.00490168621763587, 0.7190362811088562),
            ["LeftFoot"] = CFrame.new(-2.427259460091591e-08, 1.7881393432617188e-07, 0, 0.9867349863052368, -0.15730857849121094, -0.040100496262311935, 0.15880519151687622, 0.8840791583061218, 0.4395284652709961, -0.033689431846141815, -0.4400659501552582, 0.8973332047462463),
            ["LowerTorso"] = CFrame.new(0.18357329070568085, -0.11571681499481201, 0.13415275514125824, 0.7986441254615784, 0.2886451184749603, 0.5280641317367554, -0.3996146023273468, 0.9104504585266113, 0.1067156121134758, -0.44997334480285645, -0.2962498962879181, 0.8424726128578186),
            ["RightLowerLeg"] = CFrame.new(-4.470348358154297e-08, -0.00012218952178955078, -0.00007734138489468023, 1, -8.195637946073475e-08, -1.3411050758804777e-07, 1.7136335372924805e-07, 0.33567774295806885, 0.9419767260551453, -1.0151416063308716e-07, -0.9419769048690796, 0.33567821979522705),
            ["LeftUpperLeg"] = CFrame.new(-2.384185791015625e-07, 2.0489096641540527e-07, 0, 0.8912690281867981, -0.30129480361938477, -0.33891165256500244, 0.1133379116654396, 0.8716491460800171, -0.4768461585044861, 0.43908315896987915, 0.3865867257118225, 0.8110219240188599),
            ["LeftLowerLeg"] = CFrame.new(7.636845111846924e-08, 0.00012314319610595703, 0.00007736869156360626, 1, -1.4901166522918174e-08, -3.166496398421259e-08, -5.587936779960501e-09, 0.999987006187439, 0.005102463997900486, 7.450582373280668e-09, -0.0051024919375777245, 0.9999870657920837),
        }},
        {Time = 0.267, Data = {
            ["RightFoot"] = CFrame.new(-3.818422555923462e-08, 4.172325134277344e-07, -5.75528247281909e-09, 0.9861716628074646, 0.16059193015098572, 0.040936749428510666, -0.10105066001415253, 0.7784575819969177, -0.6195093393325806, -0.13135582208633423, 0.6068065166473389, 0.7839211821556091),
            ["LeftLowerArm"] = CFrame.new(2.384185791015625e-07, -2.980232238769531e-07, 0, 1, -7.450577044210149e-08, 1.2293456563838845e-07, 1.3411042232291948e-07, 0.38291680812835693, -0.9237829446792603, 8.195636524988004e-08, 0.9237828254699707, 0.38291651010513306),
            ["RightUpperArm"] = CFrame.new(-5.960464477539063e-08, -1.1920928955078125e-07, 5.960464477539063e-08, -0.16860169172286987, -0.8454916477203369, 0.5066728591918945, 0.5434862971305847, -0.5085746049880981, -0.6678133010864258, 0.822311520576477, 0.16277559101581573, 0.5452596545219421),
            ["Head"] = CFrame.new(7.450580596923828e-08, -2.384185791015625e-07, 5.960464477539063e-08, 0.7877171635627747, 0.05000368505716324, -0.614004373550415, 0.07945190370082855, 0.980129599571228, 0.18175069987773895, 0.610892117023468, -0.19195199012756348, 0.7680919766426086),
            ["RightHand"] = CFrame.new(1.4901161193847656e-07, 5.960464477539062e-07, 0, -0.26004528999328613, -0.8527788519859314, -0.4529290199279785, -0.8057681918144226, 0.4501235783100128, -0.3848716914653778, 0.5320847034454346, 0.264871746301651, -0.8041947484016418),
            ["UpperTorso"] = CFrame.new(8.66129994392395e-08, -1.7881393432617188e-07, 2.0489096641540527e-08, 0.9459625482559204, -0.29855597019195557, 0.12656645476818085, 0.2677045464515686, 0.939258873462677, 0.21477214992046356, -0.18300016224384308, -0.16928403079509735, 0.9684286117553711),
            ["HumanoidRootPart"] = CFrame.new(0, 0, 0, 1, 0, 0, 0, 1, 0, 0, 0, 1),
            ["RightUpperLeg"] = CFrame.new(0, -8.381903171539307e-08, 5.418405635282397e-08, 0.6912826299667358, -0.7070461511611938, -0.14904406666755676, 0.41552942991256714, 0.55772864818573, -0.718522310256958, 0.5911545753479004, 0.4347696602344513, 0.67934650182724),
            ["LeftUpperArm"] = CFrame.new(0, -1.1920928955078125e-07, 1.1920928955078125e-07, 0.5095892548561096, 0.6380612850189209, -0.5772318243980408, -0.33006852865219116, 0.7645142674446106, 0.5536900758743286, 0.794590175151825, -0.09162856638431549, 0.6001922488212585),
            ["RightLowerArm"] = CFrame.new(5.960464477539063e-08, -2.384185791015625e-07, 3.2782554626464844e-07, 1, -5.960464477539063e-08, 1.3411046495548362e-07, -2.980232949312267e-08, 0.18529753386974335, -0.9826825261116028, 1.0430815677864302e-07, 0.9826825261116028, 0.18529751896858215),
            ["LeftHand"] = CFrame.new(-4.470348358154297e-08, 5.960464477539063e-08, -1.4901161193847656e-08, 0.6643285155296326, 0.2849760353565216, 0.6909818053245544, -0.19743534922599792, 0.9585346579551697, -0.2055010348558426, -0.720893144607544, 0.0000957847005338408, 0.6930466294288635),
            ["LeftFoot"] = CFrame.new(4.0512531995773315e-08, -5.960464477539063e-08, -1.4901161193847656e-08, 0.9957262277603149, -0.08949320763349533, -0.02281339280307293, 0.08934526145458221, 0.8708749413490295, 0.4833158254623413, -0.02338595502078533, -0.4832886755466461, 0.8751488327980042),
            ["LowerTorso"] = CFrame.new(0.21351855993270874, -0.12976586818695068, 0.13573318719863892, 0.8168180584907532, 0.306723028421402, 0.4885992705821991, -0.40347370505332947, 0.909081757068634, 0.10382401943206787, -0.4123314321041107, -0.2819422781467438, 0.8663090467453003),
