return {
    ["Classy Strut"] = {
        {Time = 0.000, Data = {
            ["LeftLowerArm"] = CFrame.new(0.0000013113021850585938, -5.364418029785156e-07, 0.000004678964614868164, 1, 8.940696716308594e-08, 2.980232594040899e-08, -1.1175870895385742e-07, 0.5696226358413696, -0.8219064474105835, -9.685754776000977e-08, 0.8219063878059387, 0.5696225166320801),
            ["LeftFoot"] = CFrame.new(5.960464477539063e-08, -1.7881393432617188e-07, 0, 0.9860621094703674, -0.009994343854486942, -0.16607743501663208, -0.02256205677986145, 0.9809409976005554, -0.1929919421672821, 0.16484083235263824, 0.19404898583889008, 0.9670431613922119),
            ["RightHand"] = CFrame.new(3.5762786865234375e-07, 9.5367431640625e-07, -5.238689482212067e-07, 0.97040855884552, 0.21731022000312805, -0.10527798533439636, -0.17711281776428223, 0.9369106292724609, 0.3013797104358673, 0.16412901878356934, -0.2738153636455536, 0.9476745128631592),
            ["HumanoidRootPart"] = CFrame.new(0, 0, 0, 1, 0, 0, 0, 1, 0, 0, 0, 1),
            ["RightLowerLeg"] = CFrame.new(-6.426125764846802e-08, -0.0007262825965881348, 0.00004598109080689028, 1, 1.6763804921993142e-07, 1.4901168299275014e-07, -8.009374141693115e-08, -0.26482200622558594, 0.964297354221344, 1.564621925354004e-07, -0.9642972946166992, -0.2648220956325531),
            ["LeftUpperLeg"] = CFrame.new(-1.1920928955078125e-07, 1.3702083379030228e-07, -1.5925616025924683e-07, 0.9447748064994812, 0.2306969165802002, 0.2327653020620346, 0.04166438803076744, 0.6199395060539246, -0.7835426926612854, -0.32506126165390015, 0.7499693036079407, 0.5760912895202637),
            ["Guitar"] = CFrame.new(-0.5444259643554688, -0.112335205078125, 1.2001681327819824, 0.3396938741207123, -0.9404942989349365, 0.008854769170284271, 0.9404715299606323, 0.33976590633392334, 0.008519883267581463, -0.0110215088352561, 0.005433529149740934, 0.9999245405197144),
            ["LowerTorso"] = CFrame.new(-0.28530722856521606, -0.6236870288848877, 1.0055079460144043, 0.9690797328948975, 0.24560683965682983, -0.023701610043644905, -0.24556948244571686, 0.9693685173988342, 0.004519207403063774, 0.02408553659915924, 0.0014409201685339212, 0.999708890914917),
            ["Head"] = CFrame.new(-1.1175870895385742e-08, -7.152557373046875e-07, -4.7177309170365334e-08, 0.9837357997894287, 0.06211739033460617, 0.16853904724121094, -0.06522033363580704, 0.9977871775627136, 0.012932218611240387, -0.1673627495765686, -0.023714307695627213, 0.9856102466583252),
            ["UpperTorso"] = CFrame.new(-1.6763806343078613e-08, 2.9802322387695312e-08, -1.387670636177063e-07, 0.9882278442382812, -0.14277401566505432, -0.054967157542705536, 0.15169169008731842, 0.9611179232597351, 0.2307426780462265, 0.019885843619704247, -0.23636426031589508, 0.9714609384536743),
            ["LeftUpperArm"] = CFrame.new(0.030159354209899902, 0.02338588237762451, -0.14908140897750854, 0.73845374584198, 0.5102062225341797, 0.44088050723075867, -0.44130775332450867, 0.8600348830223083, -0.2561005651950836, -0.509836733341217, -0.005445666611194611, 0.8602539896965027),
            ["RightLowerArm"] = CFrame.new(4.470348358154297e-07, -1.1920928955078125e-07, -0.000003829598426818848, 1, -0.0000088810902525438, 0.00001732725831971038, 0.000018902122974395752, 0.2500557005405426, -0.9682314395904541, 0.000004395842552185059, 0.9682314395904541, 0.25005584955215454),
            ["LeftHand"] = CFrame.new(-0.0000016987323760986328, -0.0000011324882507324219, 1.341104507446289e-07, -0.08169861882925034, 0.3106340169906616, 0.9470119476318359, 0.5733080506324768, 0.791892945766449, -0.21029365062713623, -0.8152565360069275, 0.5257490277290344, -0.2427860051393509),
            ["RightFoot"] = CFrame.new(1.993030309677124e-07, -1.1920928955078125e-07, -6.722257239744067e-08, 0.991173505783081, -0.11960230767726898, -0.057187438011169434, 0.08705604076385498, 0.9125349521636963, -0.3996261656284332, 0.09998176991939545, 0.39112040400505066, 0.9148927330970764),
            ["RightUpperArm"] = CFrame.new(-0.030893385410308838, 0.011869668960571289, -0.14789646863937378, 0.4195358455181122, -0.6076347231864929, 0.6743661761283875, 0.66803377866745, 0.7096651196479797, 0.22384436428546906, -0.6145898103713989, 0.35658857226371765, 0.7036505341529846),
            ["RightUpperLeg"] = CFrame.new(8.940696716308594e-08, 7.136259227991104e-08, -1.3021781342104077e-07, 0.9993278384208679, 0.011245101690292358, -0.03489129990339279, -0.03647956624627113, 0.3989894688129425, -0.9162296652793884, 0.0036181150935590267, 0.916886568069458, 0.3991313576698303),
            ["LeftLowerLeg"] = CFrame.new(-3.0547380447387695e-07, -0.0007262229919433594, 0.00008092820644378662, 1, 7.450581307466564e-08, 1.3411046495548362e-07, -5.2154071283894154e-08, -0.3625114858150482, 0.9319794178009033, 1.6205014219394798e-07, -0.9319792985916138, -0.36251145601272583),
        }},
        {Time = 0.033, Data = {
            ["LeftLowerArm"] = CFrame.new(0.0000011324882507324219, -2.980232238769531e-07, 0.000004649162292480469, 1, 2.9802322387695312e-08, 0, -1.1920930376163597e-07, 0.5779062509536743, -0.8161032795906067, -7.450581307466564e-08, 0.8161032199859619, 0.5779061913490295),
            ["LeftFoot"] = CFrame.new(-8.195638656616211e-08, 0, -2.9802322387695312e-08, 0.984382152557373, 0.06273293495178223, -0.16448810696601868, -0.06978248804807663, 0.9968598484992981, -0.03743033856153488, 0.16162367165088654, 0.048324208706617355, 0.9856687188148499),
            ["RightHand"] = CFrame.new(3.5762786865234375e-07, 9.5367431640625e-07, -5.103647708892822e-07, 0.9648799896240234, 0.18228939175605774, -0.18914794921875, -0.11410120874643326, 0.9393979907035828, 0.32328367233276367, 0.23661662638187408, -0.2903479337692261, 0.9272059202194214),
            ["HumanoidRootPart"] = CFrame.new(0, 0, 0, 1, 0, 0, 0, 1, 0, 0, 0, 1),
            ["RightLowerLeg"] = CFrame.new(-9.313225746154785e-09, -0.0007264018058776855, 0.00004596991493599489, 1, 1.6577546091411932e-07, 1.806766505296764e-07, -6.70552182668871e-08, -0.4393268823623657, 0.8983272910118103, 1.4528630742915993e-07, -0.8983272910118103, -0.43932679295539856),
            ["LeftUpperLeg"] = CFrame.new(-2.9802322387695312e-08, 1.0617077350616455e-07, -7.031485438346863e-08, 0.909142255783081, 0.3395872712135315, 0.24112465977668762, 0.10485998541116714, 0.3736647963523865, -0.9216175675392151, -0.4030693471431732, 0.8631657958030701, 0.3041054308414459),
            ["Guitar"] = CFrame.new(-0.5880856513977051, -0.2141575813293457, 1.1422921419143677, 0.36452779173851013, -0.9299960136413574, 0.04719257727265358, 0.9308757185935974, 0.36525729298591614, 0.007582191843539476, -0.024288970977067947, 0.04116654396057129, 0.9988570809364319),
            ["LowerTorso"] = CFrame.new(-0.30690115690231323, -0.742139458656311, 0.960411012172699, 0.9633280634880066, 0.2681668996810913, -0.009246274828910828, -0.267950177192688, 0.9632304310798645, 0.019747601822018623, 0.014201946556568146, -0.01654588058590889, 0.999762237071991),
            ["Head"] = CFrame.new(-3.725290298461914e-09, -9.5367431640625e-07, 2.7619535103440285e-08, 0.9877944588661194, 0.04952946677803993, 0.1476788967847824, -0.0646957978606224, 0.9929091930389404, 0.09972906857728958, -0.14169226586818695, -0.10806603729724884, 0.9839944839477539),
            ["UpperTorso"] = CFrame.new(-1.6298145055770874e-07, 1.1920928955078125e-07, -4.540197551250458e-08, 0.9862785339355469, -0.161640003323555, -0.03357392176985741, 0.1650887280702591, 0.9648821949958801, 0.20432373881340027, -0.0006320051033981144, -0.20706294476985931, 0.9783274531364441),
            ["LeftUpperArm"] = CFrame.new(0.026874661445617676, -0.0038118362426757812, -0.18070709705352783, 0.7515228986740112, 0.5531932711601257, 0.3594304919242859, -0.4903295338153839, 0.8328865766525269, -0.25666543841362, -0.4413504898548126, 0.016650663688778877, 0.897180438041687),
            ["RightLowerArm"] = CFrame.new(2.682209014892578e-07, 2.980232238769531e-07, -0.000004093162715435028, 1, -0.000008225439160014503, 0.000017680229575489648, 0.000018939374058390968, 0.2109598070383072, -0.9774947762489319, 0.0000043213362914684694, 0.9774947166442871, 0.21095983684062958),
            ["LeftHand"] = CFrame.new(-0.0000012293457984924316, -9.5367431640625e-07, 2.8312206268310547e-07, -0.09640110284090042, 0.3366313576698303, 0.9366888403892517, 0.5514622926712036, 0.8014950752258301, -0.2312900573015213, -0.8286110162734985, 0.49425214529037476, -0.2629047930240631),
            ["RightFoot"] = CFrame.new(1.7136335372924805e-07, 5.960464477539063e-08, -9.480572771281004e-09, 0.9929718375205994, -0.10097900032997131, -0.061726171523332596, 0.06275777518749237, 0.8914434909820557, -0.4487649202346802, 0.10034140944480896, 0.44173726439476013, 0.8915155529975891),
            ["RightUpperArm"] = CFrame.new(-0.03417569398880005, -0.015078306198120117, -0.17911486327648163, 0.37066251039505005, -0.638058602809906, 0.674900233745575, 0.6775767803192139, 0.6827625632286072, 0.2733592987060547, -0.635215699672699, 0.35597267746925354, 0.6854082942008972),
            ["RightUpperLeg"] = CFrame.new(-8.940696716308594e-08, -3.3527612686157227e-08, -3.068271325901151e-08, 0.9994115829467773, -0.014649966731667519, -0.03101411834359169, -0.025219159200787544, 0.29901981353759766, -0.9539136290550232, 0.02324865199625492, 0.9541344046592712, 0.29847434163093567),
            ["LeftLowerLeg"] = CFrame.new(-3.725290298461914e-08, -0.0007264614105224609, 0.00008098781108856201, 1, 9.685753354915505e-08, 1.5646217832454568e-07, -6.705522537231445e-08, -0.5260124802589417, 0.8504768013954163, 1.3597309589385986e-07, -0.850476861000061, -0.5260125994682312),
        }},
        {Time = 0.067, Data = {
            ["LeftLowerArm"] = CFrame.new(0.000001430511474609375, -2.384185791015625e-07, 0.000004887580871582031, 1, 4.470347647611561e-08, 1.4901161193847656e-08, -1.6391277313232422e-07, 0.6134237051010132, -0.7897540330886841, -8.940696716308594e-08, 0.7897539734840393, 0.6134236454963684),
            ["LeftFoot"] = CFrame.new(-1.1175870895385742e-07, -1.1920928955078125e-07, 0, 0.9899682998657227, 0.06478672474622726, -0.12556098401546478, -0.05420894920825958, 0.994827389717102, 0.08590693026781082, 0.13047707080841064, -0.07823868840932846, 0.9883595108985901),
            ["RightHand"] = CFrame.new(3.5762786865234375e-07, 9.5367431640625e-07, -7.227063179016113e-07, 0.942741334438324, 0.1616794317960739, -0.29171615839004517, -0.06859140843153, 0.9499363303184509, 0.30482175946235657, 0.3263956606388092, -0.2673589587211609, 0.9066341519355774),
            ["HumanoidRootPart"] = CFrame.new(0, 0, 0, 1, 0, 0, 0, 1, 0, 0, 0, 1),
            ["RightLowerLeg"] = CFrame.new(9.778887033462524e-09, -0.0007264018058776855, 0.00004598667874233797, 1, 1.3411046495548362e-07, 1.9371512394172896e-07, -8.568162712663252e-08, -0.4557493031024933, 0.8901081681251526, 1.6577531880557217e-07, -0.8901082873344421, -0.45574936270713806),
            ["LeftUpperLeg"] = CFrame.new(-1.1920928955078125e-07, -1.1175870895385742e-07, -6.612390279769897e-08, 0.887004554271698, 0.38371968269348145, 0.25686967372894287, 0.15624427795410156, 0.27406245470046997, -0.9489349722862244, -0.43452343344688416, 0.8818440437316895, 0.18314075469970703),
            ["Guitar"] = CFrame.new(-0.6336271166801453, -0.22003555297851562, 1.0793845653533936, 0.37429940700531006, -0.9224090576171875, 0.09519077092409134, 0.9264621138572693, 0.37636634707450867, 0.004088256973773241, -0.03959764540195465, 0.08666042983531952, 0.9954507350921631),
            ["LowerTorso"] = CFrame.new(-0.3290218412876129, -0.7475966215133667, 0.9180699586868286, 0.9602072834968567, 0.2790646255016327, 0.011177719570696354, -0.2792791724205017, 0.9590814709663391, 0.04654030129313469, 0.0022674070205539465, -0.04781004786491394, 0.9988539218902588),
            ["Head"] = CFrame.new(-2.7008354663848877e-08, -7.152557373046875e-07, -6.426125764846802e-08, 0.989033579826355, 0.04927869141101837, 0.1392275094985962, -0.06359335780143738, 0.992921769618988, 0.10031121969223022, -0.1332988291978836, -0.10806528478860855, 0.9851666688919067),
            ["UpperTorso"] = CFrame.new(-9.313225746154785e-10, 0, 1.6298145055770874e-09, 0.9846246838569641, -0.1736881136894226, -0.018620328977704048, 0.17437918484210968, 0.971022367477417, 0.16342414915561676, -0.010304061695933342, -0.16415834426879883, 0.9863802194595337),
            ["LeftUpperArm"] = CFrame.new(0.03321242332458496, -0.030929207801818848, -0.21113009750843048, 0.766466498374939, 0.5703915953636169, 0.2952669560909271, -0.5023899674415588, 0.8188366293907166, -0.2776889503002167, -0.40016674995422363, 0.06450002640485764, 0.9141698479652405),
            ["RightLowerArm"] = CFrame.new(3.5762786865234375e-07, 6.556510925292969e-07, -0.000003762543201446533, 1, -0.00000883638858795166, 0.000017352411305182613, 0.000019028782844543457, 0.24275334179401398, -0.9700881242752075, 0.000004410743713378906, 0.9700881242752075, 0.2427532821893692),
            ["LeftHand"] = CFrame.new(-0.0000015087425708770752, -9.5367431640625e-07, 5.21540641784668e-08, -0.07547391951084137, 0.33834293484687805, 0.937991201877594, 0.5439676642417908, 0.8023452162742615, -0.2456447184085846, -0.835705041885376, 0.49169737100601196, -0.24460402131080627),
            ["RightFoot"] = CFrame.new(1.7881393432617188e-07, -5.960464477539063e-08, 1.6596459317952394e-08, 0.9958635568618774, -0.07898377627134323, -0.04491442069411278, 0.044616855680942535, 0.8557083606719971, -0.5155314803123474, 0.07915226370096207, 0.5113949775695801, 0.8556928038597107),
            ["RightUpperArm"] = CFrame.new(-0.028177082538604736, -0.0579601526260376, -0.20612607896327972, 0.305171400308609, -0.640300989151001, 0.7049008011817932, 0.6985059380531311, 0.6536226868629456, 0.291319340467453, -0.6472710967063904, 0.40347495675086975, 0.6467209458351135),
            ["RightUpperLeg"] = CFrame.new(-8.940696716308594e-08, -2.2351741790771484e-08, 1.850348780862987e-07, 0.9985126852989197, -0.05280644819140434, -0.013564066030085087, 0.003657527966424823, 0.3131062090396881, -0.9497110843658447, 0.054397884756326675, 0.9482488632202148, 0.3128335773944855),
            ["LeftLowerLeg"] = CFrame.new(2.9802322387695312e-08, -0.0007266402244567871, 0.00008093193173408508, 1, 8.195638656616211e-08, 1.4901161193847656e-07, -2.7939677238464355e-08, -0.4994087219238281, 0.8663665056228638, 1.387670636177063e-07, -0.8663666248321533, -0.4994088113307953),
        }},
        {Time = 0.100, Data = {
            ["LeftLowerArm"] = CFrame.new(0.0000016391277313232422, -1.1920928955078125e-07, 0.000004798173904418945, 1, 1.7881393432617188e-07, -4.4703490686970326e-08, -1.6205014219394798e-07, 0.6404548287391663, -0.7679958939552307, -1.266598843585598e-07, 0.7679958343505859, 0.640454888343811),
            ["LeftFoot"] = CFrame.new(-7.450580596923828e-08, -2.980232238769531e-07, 0, 0.9919642806053162, 0.014008084312081337, -0.12574101984500885, 0.0043128058314323425, 0.9895304441452026, 0.14426028728485107, 0.12644550204277039, -0.14364340901374817, 0.9815183281898499),
            ["RightHand"] = CFrame.new(3.129243850708008e-07, 9.5367431640625e-07, -6.407499313354492e-07, 0.9189566969871521, 0.13418498635292053, -0.37082719802856445, -0.042332973331213, 0.9684630632400513, 0.2455349713563919, 0.3920798897743225, -0.20993763208389282, 0.8956561088562012),
            ["HumanoidRootPart"] = CFrame.new(0, 0, 0, 1, 0, 0, 0, 1, 0, 0, 0, 1),
            ["RightLowerLeg"] = CFrame.new(-5.8673322200775146e-08, -0.0007264614105224609, 0.00004601648106472567, 1, 1.4156105976326216e-07, 1.5273694486950262e-07, -1.3038514623531228e-07, -0.41590118408203125, 0.9094098806381226, 1.7136333951839333e-07, -0.9094098210334778, -0.4159013032913208),
            ["LeftUpperLeg"] = CFrame.new(8.940696716308594e-08, -2.8870999813079834e-08, 1.3969838619232178e-08, 0.8704450726509094, 0.4293830394744873, 0.240740105509758, 0.09830819815397263, 0.32756638526916504, -0.9396998286247253, -0.4823494851589203, 0.8416237235069275, 0.24291658401489258),
            ["Guitar"] = CFrame.new(-0.6736308932304382, -0.18262124061584473, 1.0430059432983398, 0.37428033351898193, -0.9180919528007507, 0.1304655373096466, 0.9259696006774902, 0.377597451210022, 0.0007412197301164269, -0.04994397982954979, 0.12052974849939346, 0.9914526343345642),
            ["LowerTorso"] = CFrame.new(-0.35193464159965515, -0.6934925317764282, 0.8902730345726013, 0.9547646641731262, 0.29726147651672363, 0.007761348504573107, -0.2973364293575287, 0.9547023773193359, 0.011601668782532215, -0.0039610471576452255, -0.013384596444666386, 0.9999026656150818),
            ["Head"] = CFrame.new(-1.862645149230957e-09, -7.152557373046875e-07, 1.3969838619232178e-09, 0.985945999622345, 0.06184400990605354, 0.15519611537456512, -0.06218695268034935, 0.9980611205101013, -0.0026492252945899963, -0.1550590991973877, -0.007039104588329792, 0.9878801703453064),
            ["UpperTorso"] = CFrame.new(4.44706529378891e-08, 2.9802322387695312e-08, -7.299240678548813e-08, 0.9799321293830872, -0.1985180824995041, -0.017992552369832993, 0.1980239748954773, 0.9592056274414062, 0.20177032053470612, -0.02279646135866642, -0.20128437876701355, 0.9792676568031311),
            ["LeftUpperArm"] = CFrame.new(0.028243601322174072, -0.04862678050994873, -0.23238098621368408, 0.775713324546814, 0.5753970146179199, 0.25920483469963074, -0.4854331314563751, 0.8064859509468079, -0.3375426232814789, -0.4032662510871887, 0.1360098421573639, 0.9049187898635864),
            ["RightLowerArm"] = CFrame.new(3.5762786865234375e-07, 7.152557373046875e-07, -0.0000035315752029418945, 1, -0.000010132789611816406, 0.000016652053091092966, 0.000018939377696369775, 0.3150797188282013, -0.9490653872489929, 0.0000043511395233508665, 0.9490652084350586, 0.31507956981658936),
            ["LeftHand"] = CFrame.new(-0.0000013541430234909058, -0.0000010728836059570312, 2.942979335784912e-07, -0.03518963232636452, 0.3155384659767151, 0.9482600092887878, 0.5190334916114807, 0.8166163563728333, -0.2524723410606384, -0.8540292978286743, 0.4832943379878998, -0.19251161813735962),
            ["RightFoot"] = CFrame.new(1.862645149230957e-07, 5.960464477539063e-08, -2.6244379114359617e-08, 0.9958789348602295, -0.08749422430992126, -0.023875921964645386, 0.05999318137764931, 0.8329614996910095, -0.5500694513320923, 0.06801576167345047, 0.5463698506355286, 0.8347776532173157),
            ["RightUpperArm"] = CFrame.new(-0.03300672769546509, -0.0704951286315918, -0.2278228998184204, 0.24900440871715546, -0.6199823021888733, 0.7440555691719055, 0.7117886543273926, 0.6381281018257141, 0.2935125529766083, -0.6567753553390503, 0.45652449131011963, 0.6001930832862854),
            ["RightUpperLeg"] = CFrame.new(0, -3.026798367500305e-07, -1.224761945195496e-07, 0.9951738119125366, -0.09686116129159927, 0.015716448426246643, 0.05366261675953865, 0.4031082093715668, -0.913577675819397, 0.0821547582745552, 0.9100119471549988, 0.4063605070114136),
            ["LeftLowerLeg"] = CFrame.new(1.1920928955078125e-07, -0.0007265806198120117, 0.00008112937211990356, 1, 7.450579886381092e-08, 1.4901162614933128e-07, -1.30385160446167e-07, -0.4205627143383026, 0.9072635173797607, 1.043081283569336e-07, -0.9072635173797607, -0.4205628037452698),
        }},
        {Time = 0.133, Data = {
            ["LeftLowerArm"] = CFrame.new(0.0000011324882507324219, -5.960464477539063e-08, 0.000004649162292480469, 1, 4.4703490686970326e-08, 1.043081283569336e-07, -1.2852254371864547e-07, 0.7027226686477661, -0.7114639282226562, -8.940698847936801e-08, 0.7114639282226562, 0.7027226090431213),
            ["LeftFoot"] = CFrame.new(-1.1920928955078125e-07, -5.960464477539063e-08, -8.195638656616211e-08, 0.9889037013053894, -0.07833770662546158, -0.12622447311878204, 0.09541554749011993, 0.9861737489700317, 0.13548974692821503, 0.1138654500246048, -0.1460300087928772, 0.9827054738998413),
            ["RightHand"] = CFrame.new(3.129243850708008e-07, 0.0000011920928955078125, -9.909272193908691e-07, 0.9082521200180054, 0.10209978371858597, -0.4057750701904297, -0.04251231253147125, 0.9872713088989258, 0.15325812995433807, 0.41625815629959106, -0.12194645404815674, 0.9010319709777832),
            ["HumanoidRootPart"] = CFrame.new(0, 0, 0, 1, 0, 0, 0, 1, 0, 0, 0, 1),
            ["RightLowerLeg"] = CFrame.new(-3.5390257835388184e-08, -0.0007263422012329102, 0.00004625210567610338, 1, 1.788139627478813e-07, 5.215408194203519e-08, -8.381903171539307e-08, -0.25340694189071655, 0.9673597812652588, 1.6391277313232422e-07, -0.9673597812652588, -0.25340700149536133),
            ["LeftUpperLeg"] = CFrame.new(-1.1920928955078125e-07, -6.612390279769897e-08, -2.0489096641540527e-08, 0.8433108925819397, 0.4769333004951477, 0.24771243333816528, 0.03915509581565857, 0.40517354011535645, -0.9134009480476379, -0.5359978675842285, 0.7799801230430603, 0.32301291823387146),
            ["Guitar"] = CFrame.new(-0.7009283900260925, -0.04961419105529785, 1.0185503959655762, 0.36610740423202515, -0.9193083047866821, 0.14435212314128876, 0.9291948676109314, 0.36957883834838867, -0.0029682067688554525, -0.05062093958258629, 0.13521790504455566, 0.9895219802856445),
            ["LowerTorso"] = CFrame.new(-0.37385839223861694, -0.5348869562149048, 0.8694326877593994, 0.9479462504386902, 0.31841978430747986, 0.0026070328895002604, -0.31841927766799927, 0.947812557220459, 0.016147393733263016, 0.0026706713251769543, -0.01613699272274971, 0.999866247177124),
            ["Head"] = CFrame.new(-3.91155481338501e-08, -9.5367431640625e-07, -4.7497451305389404e-08, 0.985626220703125, 0.09598657488822937, 0.13902419805526733, -0.07598359882831573, 0.986851155757904, -0.1426587700843811, -0.1508895307779312, 0.1300443410873413, 0.9799595475196838),
            ["UpperTorso"] = CFrame.new(5.541369318962097e-08, -1.7881393432617188e-07, -1.0366784408688545e-07, 0.973788321018219, -0.22716590762138367, -0.011486447416245937, 0.22516699135303497, 0.9556115865707397, 0.1900169998407364, -0.03218879923224449, -0.1876225620508194, 0.9817136526107788),
            ["LeftUpperArm"] = CFrame.new(0.01088947057723999, -0.06557333469390869, -0.23151978850364685, 0.7946501970291138, 0.5539081692695618, 0.2484285533428192, -0.4236176013946533, 0.7990797758102417, -0.42663803696632385, -0.43483248353004456, 0.2337891310453415, 0.8696339726448059),
            ["RightLowerArm"] = CFrame.new(4.470348358154297e-07, 4.172325134277344e-07, -0.000003814697265625, 1, -0.00001198053541884292, 0.000015288595022866502, 0.000019013883502339013, 0.4263981282711029, -0.9045356512069702, 0.000004366040684544714, 0.904535710811615, 0.42639800906181335),
            ["LeftHand"] = CFrame.new(-0.0000014621764421463013, -0.0000013113021850585938, 2.2910535335540771e-07, 0.046053607016801834, 0.2575097382068634, 0.9651776552200317, 0.5113723278045654, 0.8239254951477051, -0.24422390758991241, -0.8581243753433228, 0.5048125386238098, -0.09373868256807327),
            ["RightFoot"] = CFrame.new(1.8998980522155762e-07, -1.1920928955078125e-07, 4.267349140718579e-08, 0.9873107671737671, -0.1587838977575302, -0.002282120054587722, 0.13212832808494568, 0.829369068145752, -0.5428526997566223, 0.08808911591768265, 0.5356627702713013, 0.8398248553276062),
            ["RightUpperArm"] = CFrame.new(-0.05010885000228882, -0.05986511707305908, -0.23275446891784668, 0.22241529822349548, -0.5805113315582275, 0.7832866311073303, 0.6921989917755127, 0.6598014831542969, 0.29244285821914673, -0.6865800023078918, 0.47714632749557495, 0.5485792756080627),
            ["RightUpperLeg"] = CFrame.new(8.940696716308594e-08, -2.7567148208618164e-07, -3.3462129067629576e-08, 0.9881114959716797, -0.14977654814720154, 0.034681759774684906, 0.10674966871738434, 0.5060737133026123, -0.8558586835861206, 0.11063609272241592, 0.8493858575820923, 0.5160457491874695),
            ["LeftLowerLeg"] = CFrame.new(-2.5331974029541016e-07, -0.0007265806198120117, 0.0000810474157333374, 1, 1.1175873737556685e-07, 6.705522537231445e-08, -7.450581307466564e-08, -0.2716675102710724, 0.9623912572860718, 9.313227167240257e-08, -0.962391197681427, -0.2716674506664276),
        }},
        {Time = 0.167, Data = {
            ["LeftLowerArm"] = CFrame.new(0.0000016093254089355469, -5.960464477539062e-07, 0.0000049173831939697266, 1, 1.4901161193847656e-07, 7.450580596923828e-08, -1.5646223516796454e-07, 0.791216254234314, -0.61153644323349, -1.3411047916633834e-07, 0.61153644323349, 0.791216254234314),
            ["LeftFoot"] = CFrame.new(1.7881393432617188e-07, 0, -9.033828973770142e-08, 0.9869559407234192, -0.14452460408210754, -0.07092688232660294, 0.15149329602718353, 0.9828240275382996, 0.10538867115974426, 0.05447748675942421, -0.11475864052772522, 0.9918985366821289),
            ["RightHand"] = CFrame.new(3.725290298461914e-07, 0.0000013113021850585938, -7.413327693939209e-07, 0.9099176526069641, 0.08512996137142181, -0.4059585928916931, -0.06212450563907623, 0.9956427812576294, 0.06954152882099152, 0.410110205411911, -0.03805696591734886, 0.911241888999939),
            ["HumanoidRootPart"] = CFrame.new(0, 0, 0, 1, 0, 0, 0, 1, 0, 0, 0, 1),
            ["RightLowerLeg"] = CFrame.new(-2.9802322387695312e-08, -0.0007262825965881348, 0.00004601368709700182, 1, 1.4901166878189542e-07, 1.3038521728958585e-07, -1.3224781980625266e-07, 0.20363390445709229, 0.9790471196174622, 1.564622067462551e-07, -0.9790471792221069, 0.203634113073349),
            ["LeftUpperLeg"] = CFrame.new(-1.7881393432617188e-07, 1.2665987014770508e-07, -2.1420419216156006e-07, 0.7988283038139343, 0.5411437749862671, 0.26274845004081726, 0.04545500501990318, 0.38123130798339844, -0.9233615398406982, -0.5998393893241882, 0.7495506405830383, 0.279940664768219),
            ["Guitar"] = CFrame.new(-0.7222490906715393, 0.23511409759521484, 1.002185344696045, 0.34169915318489075, -0.9287829995155334, 0.1435403972864151, 0.9389641284942627, 0.34386301040649414, -0.010235792025923729, -0.039851464331150055, 0.1382768750190735, 0.9895915985107422),
            ["LowerTorso"] = CFrame.new(-0.3936488926410675, -0.21875953674316406, 0.8507290482521057, 0.9451113939285278, 0.3261309862136841, 0.020075995475053787, -0.32664358615875244, 0.9414675831794739, 0.08332376182079315, 0.008273564279079437, -0.08530791103839874, 0.996320366859436),
            ["Head"] = CFrame.new(-1.30385160446167e-08, -9.5367431640625e-07, 7.636845111846924e-08, 0.9932387471199036, 0.019855692982673645, 0.11437920480966568, -0.0010834522545337677, 0.9868072271347046, -0.16189636290073395, -0.11608480662107468, 0.16067761182785034, 0.9801566004753113),
            ["UpperTorso"] = CFrame.new(-1.1688098311424255e-07, 4.172325134277344e-07, -1.5133991837501526e-07, 0.9710745811462402, -0.2386452704668045, 0.007919000461697578, 0.23680379986763, 0.9667758941650391, 0.09627287089824677, -0.030630936846137047, -0.09161291271448135, 0.9953235387802124),
            ["LeftUpperArm"] = CFrame.new(0.0009225606918334961, -0.07842910289764404, -0.21654999256134033, 0.8157352805137634, 0.5081820487976074, 0.2762731611728668, -0.3228415250778198, 0.7963152527809143, -0.5115228295326233, -0.4799472689628601, 0.3280746340751648, 0.8136445879936218),
            ["RightLowerArm"] = CFrame.new(4.470348358154297e-07, 5.960464477539062e-07, -0.000003814697265625, 1, -0.000013731418221141212, 0.000013835729987476952, 0.000019006431102752686, 0.5305991768836975, -0.8476228713989258, 0.00000432133674621582, 0.8476228713989258, 0.5305992364883423),
            ["LeftHand"] = CFrame.new(-0.0000015855766832828522, -0.0000013113021850585938, 2.4028122425079346e-07, 0.16215036809444427, 0.15999852120876312, 0.9737082719802856, 0.5433098077774048, 0.8092489838600159, -0.223451629281044, -0.8237243890762329, 0.5652579665184021, 0.04429112747311592),
            ["RightFoot"] = CFrame.new(1.6391277313232422e-07, -5.960464477539063e-08, -7.956259651109576e-08, 0.9794699549674988, -0.19829148054122925, 0.036321379244327545, 0.19580715894699097, 0.8929525017738342, -0.4053337872028351, 0.04794098436832428, 0.40412408113479614, 0.9134469032287598),
            ["RightUpperArm"] = CFrame.new(-0.06030493974685669, -0.05755269527435303, -0.22113345563411713, 0.2336515635251999, -0.5390787124633789, 0.8091977834701538, 0.6463500261306763, 0.7078467607498169, 0.28492966294288635, -0.7263873219490051, 0.4564506411552429, 0.5138229727745056),
            ["RightUpperLeg"] = CFrame.new(2.9802322387695312e-08, 1.30385160446167e-08, -1.1403608368709683e-07, 0.9759323596954346, -0.2179984152317047, 0.005742141045629978, 0.1515367329120636, 0.6589919328689575, -0.7367268800735474, 0.15682122111320496, 0.719865620136261, 0.6761661767959595),
            ["LeftLowerLeg"] = CFrame.new(-5.960464477539063e-08, -0.0007265806198120117, 0.00008103996515274048, 1, 1.4901162614933128e-07, 6.705523247774181e-08, -4.470348358154297e-08, -0.19365783035755157, 0.9810692667961121, 8.195638656616211e-08, -0.9810691475868225, -0.19365763664245605),
        }},
        {Time = 0.200, Data = {
            ["LeftLowerArm"] = CFrame.new(0.0000013709068298339844, -2.384185791015625e-07, 0.0000050067901611328125, 1, 1.1920928955078125e-07, 4.842878098543224e-08, -1.3411046495548362e-07, 0.8699028491973877, -0.49322324991226196, -2.2351744632942427e-07, 0.4932231307029724, 0.8699028491973877),
            ["LeftFoot"] = CFrame.new(-5.960464477539063e-08, 0, 3.073364496231079e-08, 0.9729979038238525, -0.23075266182422638, 0.0053178295493125916, 0.23071147501468658, 0.9729942083358765, 0.007379747927188873, -0.006877032108604908, -0.005953550338745117, 0.9999586939811707),
            ["RightHand"] = CFrame.new(2.5331974029541016e-07, 0.0000012516975402832031, -8.782371878623962e-07, 0.9182828664779663, 0.08650132268667221, -0.38635969161987305, -0.09238637983798981, 0.9957176446914673, 0.0033494383096694946, 0.38499534130096436, 0.03261877968907356, 0.9223421216011047),
            ["HumanoidRootPart"] = CFrame.new(0, 0, 0, 1, 0, 0, 0, 1, 0, 0, 0, 1),
            ["RightLowerLeg"] = CFrame.new(2.2351741790771484e-08, -0.0007264018058776855, 0.00004598761006491259, 1, 1.5646223516796454e-07, 2.2351745343485163e-08, -2.60770320892334e-08, 0.5597417950630188, 0.8286668062210083, 1.043081283569336e-07, -0.828667163848877, 0.5597422122955322),
            ["LeftUpperLeg"] = CFrame.new(5.960464477539063e-08, 8.195638656616211e-08, 5.029141902923584e-08, 0.7537527084350586, 0.6147568821907043, 0.23223042488098145, 0.02993379905819893, 0.32090064883232117, -0.9466397166252136, -0.6564761400222778, 0.7204837203025818, 0.22347773611545563),
            ["Guitar"] = CFrame.new(-0.7407796382904053, 0.6385636329650879, 1.0108718872070312, 0.2957819104194641, -0.946029007434845, 0.13244622945785522, 0.9550585150718689, 0.2956800162792206, -0.020894430577754974, -0.019395235925912857, 0.13267409801483154, 0.9909699559211731),
            ["LowerTorso"] = CFrame.new(-0.4128527045249939, 0.23301911354064941, 0.8407729268074036, 0.9460882544517517, 0.32236430048942566, 0.031595584005117416, -0.32390081882476807, 0.9408591389656067, 0.09935973584651947, 0.0023030429147183895, -0.10423692315816879, 0.9945498704910278),
            ["Head"] = CFrame.new(3.91155481338501e-08, -8.344650268554688e-07, -1.1175870895385742e-07, 0.9876163601875305, 0.13857342302799225, 0.07356163114309311, -0.10469800233840942, 0.9313365817070007, -0.34878429770469666, -0.11684291809797287, 0.3367633819580078, 0.9343116879463196),
            ["UpperTorso"] = CFrame.new(1.1280644685029984e-07, 5.960464477539063e-08, 4.6566128730773926e-08, 0.9711928963661194, -0.23785413801670074, 0.0144859803840518, 0.23630650341510773, 0.969144344329834, 0.07013300061225891, -0.03072044998407364, -0.06468948721885681, 0.9974325299263),
            ["LeftUpperArm"] = CFrame.new(0.007503926753997803, -0.06641316413879395, -0.1969243884086609, 0.8172903060913086, 0.467639297246933, 0.3366747200489044, -0.2090013474225998, 0.7850632667541504, -0.5830900073051453, -0.5369870662689209, 0.4061886668205261, 0.7393620610237122),
            ["RightLowerArm"] = CFrame.new(2.384185791015625e-07, 4.172325134277344e-07, -0.0000037848949432373047, 1, -0.000015199186236714013, 0.000012194972441648133, 0.000018984081179951318, 0.6208280324935913, -0.7839468121528625, 0.0000042617325561877806, 0.7839468121528625, 0.6208280324935913),
            ["LeftHand"] = CFrame.new(-0.0000017546117305755615, -0.0000013709068298339844, -3.725290298461914e-08, 0.27763164043426514, 0.04705935716629028, 0.9595342874526978, 0.6022406816482544, 0.7696508169174194, -0.21199926733970642, -0.7484830617904663, 0.6367283463478088, 0.18533852696418762),
            ["RightFoot"] = CFrame.new(1.7136335372924805e-07, 0, 4.8261426854878664e-08, 0.982161819934845, -0.18667542934417725, -0.022593552246689796, 0.18554936349391937, 0.9426615238189697, 0.2774176299571991, -0.0304889976978302, -0.2766614258289337, 0.9604837894439697),
            ["RightUpperArm"] = CFrame.new(-0.053527891635894775, -0.05681335926055908, -0.19887937605381012, 0.27246353030204773, -0.48972073197364807, 0.8282132148742676, 0.605212926864624, 0.7563969492912292, 0.24815429747104645, -0.7479845881462097, 0.4336325228214264, 0.5024763345718384),
            ["RightUpperLeg"] = CFrame.new(1.7881393432617188e-07, -8.288770914077759e-08, -5.303445504978299e-08, 0.9672779440879822, -0.25068774819374084, -0.039104267954826355, 0.16293996572494507, 0.7319101095199585, -0.6616332530975342, 0.19448409974575043, 0.6336112022399902, 0.7488072514533997),
            ["LeftLowerLeg"] = CFrame.new(0, -0.0007266998291015625, 0.00008090585470199585, 1, 4.842878453814592e-08, 1.1920927533992653e-07, -1.0803341865539551e-07, -0.23075991868972778, 0.973010778427124, 7.82310962677002e-08, -0.973010778427124, -0.2307598888874054),
        }},
        {Time = 0.233, Data = {
            ["LeftLowerArm"] = CFrame.new(0.0000012218952178955078, -3.5762786865234375e-07, 0.0000046193599700927734, 1, 8.940698847936801e-08, 2.980232594040899e-08, -1.6391278734317893e-07, 0.906038224697113, -0.42319607734680176, -1.1920930376163597e-07, 0.42319607734680176, 0.906038224697113),
            ["LeftFoot"] = CFrame.new(-5.960464477539063e-08, 0, -1.695007085800171e-07, 0.9732439517974854, -0.2297307848930359, -0.004479416646063328, 0.2292937934398651, 0.9722834825515747, -0.04570995643734932, 0.014856669120490551, 0.0434599332511425, 0.9989447593688965),
            ["RightHand"] = CFrame.new(2.086162567138672e-07, 0.0000011920928955078125, -8.419156074523926e-07, 0.9159693121910095, 0.0751037523150444, -0.39415669441223145, -0.11347699910402298, 0.9907108545303345, -0.07493270933628082, 0.38486790657043457, 0.11336386948823929, 0.9159834384918213),
            ["HumanoidRootPart"] = CFrame.new(0, 0, 0, 1, 0, 0, 0, 1, 0, 0, 0, 1),
            ["RightLowerLeg"] = CFrame.new(-3.428976924624294e-08, -0.0007260441780090332, 0.0000462855605292134, 1, 1.639128583974525e-07, 4.842878453814592e-08, -8.381902460996571e-08, 0.5720379948616028, 0.8202272057533264, 5.960463766996327e-08, -0.8202272653579712, 0.572037935256958),
            ["LeftUpperLeg"] = CFrame.new(1.1920928955078125e-07, 6.705522537231445e-08, 1.0803341865539551e-07, 0.7163233757019043, 0.6802510023117065, 0.1553683578968048, 0.022819548845291138, 0.19970694184303284, -0.9795898199081421, -0.6973953247070312, 0.7052487134933472, 0.12753184139728546),
            ["Guitar"] = CFrame.new(-0.7635279297828674, 0.9308602809906006, 1.0322020053863525, 0.26231566071510315, -0.9577581882476807, 0.11785437166690826, 0.9649654626846313, 0.26106759905815125, -0.02618517354130745, -0.005688860546797514, 0.12059414386749268, 0.9926856756210327),
            ["LowerTorso"] = CFrame.new(-0.4313627779483795, 0.5588216781616211, 0.8350579142570496, 0.9516299366950989, 0.30514010787010193, 0.03591713681817055, -0.3071501553058624, 0.9477385878562927, 0.08631663024425507, -0.007701382972300053, -0.09317344427108765, 0.9956201314926147),
            ["Head"] = CFrame.new(2.9802322387695312e-08, -4.76837158203125e-07, -2.514570951461792e-08, 0.989497721195221, 0.1284186989068985, 0.06635494530200958, -0.10061056166887283, 0.9414701461791992, -0.32173195481300354, -0.10378758609294891, 0.31167712807655334, 0.9445027709007263),
            ["UpperTorso"] = CFrame.new(2.7939677238464355e-09, 0, -1.5832483768463135e-08, 0.9739000797271729, -0.22615467011928558, 0.01930389553308487, 0.2239426076412201, 0.9712587594985962, 0.0806608498096466, -0.03699095919728279, -0.07423286139965057, 0.9965547323226929),
            ["LeftUpperArm"] = CFrame.new(0.018057942390441895, -0.048685431480407715, -0.1714594066143036, 0.8148749470710754, 0.4441978931427002, 0.37238040566444397, -0.14556187391281128, 0.7786705493927002, -0.6103144884109497, -0.5610619783401489, 0.44312578439712524, 0.6991774439811707),
            ["RightLowerArm"] = CFrame.new(1.4901161193847656e-07, 7.748603820800781e-07, -0.000003598630428314209, 1, -0.000016354024410247803, 0.00001054629774444038, 0.000018924476535175927, 0.6995810866355896, -0.71455317735672, 0.0000042989854591724, 0.7145532369613647, 0.6995811462402344),
            ["LeftHand"] = CFrame.new(-0.0000013187527656555176, -0.0000010728836059570312, -1.9371509552001953e-07, 0.3567967712879181, -0.02442966215312481, 0.9338624477386475, 0.6371803283691406, 0.7373982071876526, -0.22415471076965332, -0.6831524968147278, 0.675016462802887, 0.27866777777671814),
            ["RightFoot"] = CFrame.new(2.086162567138672e-07, -5.960464477539063e-08, -4.85961209051311e-08, 0.9867082834243774, -0.14925794303417206, -0.06425652652978897, 0.15881571173667908, 0.9694774150848389, 0.1867920309305191, 0.03441496565937996, -0.19451411068439484, 0.9802958369255066),
            ["RightUpperArm"] = CFrame.new(-0.04292482137680054, -0.05098307132720947, -0.1710522472858429, 0.28993546962738037, -0.45419827103614807, 0.8424021601676941, 0.57451331615448, 0.7865715622901917, 0.22636175155639648, -0.7654225826263428, 0.4183410704135895, 0.48899805545806885),
            ["RightUpperLeg"] = CFrame.new(8.940696716308594e-08, 2.7008354663848877e-08, 5.924812285229564e-08, 0.9682303667068481, -0.2414470911026001, -0.06506391614675522, 0.1514810174703598, 0.773349404335022, -0.6156169176101685, 0.1989562064409256, 0.5862030386924744, 0.7853550314903259),
            ["LeftLowerLeg"] = CFrame.new(-3.129243850708008e-07, -0.0007265806198120117, 0.00008107349276542664, 1, 5.960465188081798e-08, 9.685753354915505e-08, -7.264314660915261e-08, -0.33543461561203003, 0.9420635104179382, 1.2665984172599565e-07, -0.942063570022583, -0.3354346454143524),
        }},
        {Time = 0.267, Data = {
            ["LeftLowerArm"] = CFrame.new(0.0000010728836059570312, -8.344650268554688e-07, 0.000005155801773071289, 1, 1.3411046495548362e-07, 8.940698137394065e-08, -1.4901161193847656e-07, 0.9269851446151733, -0.37509816884994507, -1.6391277313232422e-07, 0.37509816884994507, 0.9269851446151733),
            ["LeftFoot"] = CFrame.new(-5.960464477539063e-08, 1.1920928955078125e-07, 2.0489096641540527e-08, 0.9824510812759399, -0.17749281227588654, -0.05732598155736923, 0.17431478202342987, 0.9830737709999084, -0.056394532322883606, 0.0663653090596199, 0.045412082225084305, 0.9967615008354187),
            ["RightHand"] = CFrame.new(1.6391277313232422e-07, 0.0000010728836059570312, -8.158385753631592e-07, 0.9064106941223145, 0.05550459027290344, -0.4187346398830414, -0.1257593035697937, 0.9818341732025146, -0.14207838475704193, 0.4032423496246338, 0.18144139647483826, 0.8969254493713379),
            ["HumanoidRootPart"] = CFrame.new(0, 0, 0, 1, 0, 0, 0, 1, 0, 0, 0, 1),
