return {
    ["Clear Out!"] = {
        {Time = 0.000, Data = {
            ["RightFoot"] = CFrame.new(4.842877388000488e-08, 1.1920928955078125e-07, -3.742025000974536e-08, 0.9991276264190674, 0.02848775126039982, -0.03053806908428669, -0.03423985838890076, 0.9774371981620789, -0.20843160152435303, 0.023911558091640472, 0.20929640531539917, 0.9775601625442505),
            ["LeftLowerArm"] = CFrame.new(-1.1920928955078125e-07, -1.1920928955078125e-07, 5.960464477539063e-08, 1, -1.0244549208948683e-08, 5.1222723840282924e-08, -2.1420419216156006e-08, 0.9999873638153076, -0.005046231672167778, 3.3760443329811096e-08, 0.0050462414510548115, 0.9999873042106628),
            ["RightUpperArm"] = CFrame.new(-5.960464477539063e-08, -0.0000010728836059570312, 3.725290298461914e-09, 0.16966593265533447, -0.9850099682807922, 0.031125811859965324, 0.5580469369888306, 0.06999432295560837, -0.8268521428108215, 0.8122789263725281, 0.15765826404094696, 0.5615575313568115),
            ["Head"] = CFrame.new(-6.752088665962219e-09, -5.960464477539062e-07, -1.57160684466362e-08, 0.9972082376480103, 0.00021885152091272175, -0.0746704488992691, 0.03672131896018982, 0.8692805171012878, 0.492953360080719, 0.06501743942499161, -0.49431902170181274, 0.8668456077575684),
            ["RightHand"] = CFrame.new(2.9802322387695312e-08, 5.960464477539063e-08, -2.9802322387695312e-08, 0.8289834856987, -0.23148442804813385, -0.5091181397438049, 0.3869287967681885, 0.8946799635887146, 0.22323504090309143, 0.4038224220275879, -0.38205063343048096, 0.8312429785728455),
            ["UpperTorso"] = CFrame.new(6.065238267183304e-08, -1.7881393432617188e-07, 4.307366907596588e-09, 0.9995111227035522, -0.006622808985412121, -0.030558867380023003, 0.011691012419760227, 0.9855830669403076, 0.16878820955753326, 0.029000451788306236, -0.16906294226646423, 0.9851785898208618),
            ["HumanoidRootPart"] = CFrame.new(0, 0, 0, 1, 0, 0, 0, 1, 0, 0, 0, 1),
            ["RightUpperLeg"] = CFrame.new(1.1920928955078125e-07, 1.8719583749771118e-07, 5.9881131164729595e-09, 0.9510844945907593, 0.3025846481323242, -0.06229645758867264, -0.27063700556755066, 0.7188323140144348, -0.6403405666351318, -0.148976668715477, 0.6258774995803833, 0.7655606269836426),
            ["LeftUpperArm"] = CFrame.new(0, -7.152557373046875e-07, 1.862645149230957e-09, 0.04353044554591179, 0.9759187698364258, 0.2137467861175537, -0.7170135974884033, 0.17950382828712463, -0.6735502481460571, -0.695698618888855, -0.12393929809331894, 0.7075608968734741),
            ["RightLowerArm"] = CFrame.new(1.1920928955078125e-07, 5.960464477539063e-08, 7.450580596923828e-09, 1, 1.862645371275562e-09, 1.4808027515300637e-07, -2.2351741790771484e-08, 0.993322491645813, -0.115370973944664, -5.774199962615967e-08, 0.11537104845046997, 0.993322491645813),
            ["LeftHand"] = CFrame.new(-1.7136335372924805e-07, 0, -2.086162567138672e-07, 0.5970683097839355, -0.29175999760627747, 0.7472522258758545, 0.07925066351890564, 0.9484111070632935, 0.3069787323474884, -0.7982661128044128, -0.12406694889068604, 0.5893881320953369),
            ["LeftFoot"] = CFrame.new(-1.862645149230957e-08, -5.960464477539063e-08, 4.0978193283081055e-08, 0.998035728931427, -0.05831523239612579, 0.02289372868835926, 0.06262765824794769, 0.9194267988204956, -0.38824260234832764, 0.0015910156071186066, 0.3889135420322418, 0.9212727546691895),
            ["LowerTorso"] = CFrame.new(-0.08277124166488647, -0.3623393774032593, 0.07987143099308014, 0.9976685047149658, 0.06811285018920898, -0.00427725026383996, -0.06803577393293381, 0.9876978397369385, -0.14079810678958893, -0.005365528166294098, 0.14076083898544312, 0.9900290966033936),
            ["RightLowerLeg"] = CFrame.new(-1.2665987014770508e-07, -0.00012218952178955078, -0.0000777488385210745, 1, -1.9371501025489124e-07, -1.3411049337719305e-07, 1.4901159772762185e-07, 0.3854445517063141, 0.9227308034896851, -1.4156101713069802e-07, -0.9227310419082642, 0.3854452967643738),
            ["LeftUpperLeg"] = CFrame.new(5.960464477539063e-08, -2.654269337654114e-07, -6.146728992462158e-08, 0.9626993536949158, -0.2529752552509308, 0.0959865152835846, 0.14132505655288696, 0.7726448774337769, 0.6189082264900208, -0.23073191940784454, -0.5822571516036987, 0.7795763611793518),
            ["LeftLowerLeg"] = CFrame.new(1.043081283569336e-07, 0.0001227855682373047, 0.00007734820246696472, 1, 3.725290653733282e-08, 2.9802315282267955e-08, -2.2351745343485163e-08, 0.9183744788169861, 0.39571234583854675, -3.725290653733282e-08, -0.39571255445480347, 0.9183745384216309),
        }},
        {Time = 0.026, Data = {
            ["RightFoot"] = CFrame.new(0, 3.5762786865234375e-07, -2.029992174357176e-09, 0.9701866507530212, -0.223520889878273, -0.09368307888507843, 0.195419043302536, 0.950108528137207, -0.24311470985412598, 0.14335036277770996, 0.2175603061914444, 0.9654630422592163),
            ["LeftLowerArm"] = CFrame.new(1.1920928955078125e-07, 1.1920928955078125e-07, 2.980232238769531e-07, 1, -7.4505797087454084e-09, -3.3527612686157227e-08, -2.9802322387695312e-08, 0.9892279505729675, -0.14638358354568481, 7.450580596923828e-08, 0.14638353884220123, 0.9892278909683228),
            ["RightUpperArm"] = CFrame.new(0, -2.384185791015625e-07, 3.166496753692627e-08, 0.03048764169216156, -0.9917904138565063, -0.12418636679649353, 0.4932156205177307, 0.1229921206831932, -0.861168622970581, 0.8693727254867554, -0.03499569371342659, 0.4929162859916687),
            ["Head"] = CFrame.new(-2.3515895009040833e-08, -2.384185791015625e-07, 1.1059455573558807e-09, 0.990253210067749, 0.038710977882146835, -0.13379113376140594, 0.02111809328198433, 0.9077609777450562, 0.41895589232444763, 0.13766856491565704, -0.41769781708717346, 0.8980957865715027),
            ["RightHand"] = CFrame.new(-5.960464477539063e-08, 5.960464477539063e-08, -2.086162567138672e-07, 0.8595564961433411, -0.2516098916530609, -0.4448093771934509, 0.46051618456840515, 0.7587134838104248, 0.46073687076568604, 0.2215569019317627, -0.6008712649345398, 0.7680274248123169),
            ["UpperTorso"] = CFrame.new(-1.210719347000122e-08, 1.1920928955078125e-07, -1.7229467630386353e-08, 0.9992690682411194, -0.009766582399606705, -0.03696051239967346, 0.015173863619565964, 0.9887240529060364, 0.14897862076759338, 0.03508872166275978, -0.149430513381958, 0.9881495237350464),
            ["HumanoidRootPart"] = CFrame.new(0, 0, 0, 1, 0, 0, 0, 1, 0, 0, 0, 1),
            ["RightUpperLeg"] = CFrame.new(5.960464477539063e-08, -2.658925950527191e-07, 1.3205863069742918e-08, 0.9370997548103333, 0.32926416397094727, -0.1158851757645607, -0.30439141392707825, 0.6083336472511292, -0.7329912185668945, -0.17085078358650208, 0.7221602201461792, 0.670294463634491),
            ["LeftUpperArm"] = CFrame.new(0, -3.5762786865234375e-07, 0, -0.008948301896452904, 0.9572458863258362, 0.289137065410614, -0.6430037021636963, 0.2159338742494583, -0.7347918152809143, -0.7658109068870544, -0.19249139726161957, 0.6135803461074829),
            ["RightLowerArm"] = CFrame.new(5.960464477539063e-08, -2.384185791015625e-07, -4.470348358154297e-08, 1, -1.862644971595273e-08, 6.51925624595151e-09, 1.2107191693644381e-08, 0.9521483182907104, -0.3056364357471466, -1.0151414642223244e-07, 0.3056364953517914, 0.9521482586860657),
            ["LeftHand"] = CFrame.new(2.5331974029541016e-07, 5.960464477539063e-08, -4.172325134277344e-07, 0.6836872696876526, -0.30077260732650757, 0.6649120450019836, -0.059623174369335175, 0.885051429271698, 0.4616592228412628, -0.7273354530334473, -0.35527458786964417, 0.5871649980545044),
            ["LeftFoot"] = CFrame.new(2.60770320892334e-08, -5.960464477539063e-08, 2.3748725652694702e-08, 0.9984679222106934, 0.03116796538233757, 0.04572075232863426, -0.002752274041995406, 0.853222668170929, -0.5215395092964172, -0.05526519939303398, 0.5206146836280823, 0.8520013093948364),
            ["LowerTorso"] = CFrame.new(-0.09605395793914795, -0.4252803325653076, 0.06652098894119263, 0.9952138066291809, 0.07718554884195328, 0.05993368849158287, -0.07054368406534195, 0.9918633699417114, -0.10597506165504456, -0.06762576103210449, 0.1012398824095726, 0.9925610423088074),
            ["RightLowerLeg"] = CFrame.new(-4.0978193283081055e-08, -0.0001220703125, -0.0000773036663304083, 1, -1.266597990934315e-07, -1.341105360097572e-07, 1.043081283569336e-07, 0.23963603377342224, 0.9708627462387085, -7.450580596923828e-08, -0.9708628058433533, 0.23963662981987),
            ["LeftUpperLeg"] = CFrame.new(-1.1920928955078125e-07, -4.1909515857696533e-07, -5.587935447692871e-08, 0.9658538699150085, -0.2576942443847656, 0.02683248184621334, 0.17614760994911194, 0.7290782332420349, 0.6613748669624329, -0.1899953931570053, -0.6340652704238892, 0.7495753765106201),
            ["LeftLowerLeg"] = CFrame.new(-6.705522537231445e-08, 0.00012284517288208008, 0.00007750838994979858, 1, 1.4901164746561335e-08, -1.8626442610525373e-08, 3.725290653733282e-08, 0.9594228863716125, 0.281971275806427, 0, -0.28197139501571655, 0.9594228267669678),
        }},
        {Time = 0.051, Data = {
            ["RightFoot"] = CFrame.new(-3.725290298461914e-09, 3.5762786865234375e-07, -4.300818545743823e-08, 0.8956511616706848, -0.4216890037059784, -0.14137832820415497, 0.35470372438430786, 0.8690240383148193, -0.3449370265007019, 0.2683175504207611, 0.2587965726852417, 0.9279173612594604),
            ["LeftLowerArm"] = CFrame.new(4.172325134277344e-07, 1.1920928955078125e-07, 5.960464477539063e-08, 1, 1.4901159417490817e-08, -6.519257311765614e-08, -2.2351738238057806e-08, 0.9999871253967285, -0.005070268642157316, -5.4016702222270396e-08, 0.005070313345640898, 0.9999871253967285),
            ["RightUpperArm"] = CFrame.new(-5.960464477539063e-08, 0, -1.4901161193847656e-08, -0.08540032804012299, -0.9799361228942871, -0.18008889257907867, 0.4965118169784546, 0.11485035717487335, -0.860398530960083, 0.8638187646865845, -0.16289453208446503, 0.4767414629459381),
            ["Head"] = CFrame.new(-1.6996636986732483e-08, 1.1920928955078125e-07, 8.614733815193176e-09, 0.9805573225021362, 0.06088703125715256, -0.1865478754043579, 0.0076226177625358105, 0.9381095767021179, 0.3462548851966858, 0.19608479738235474, -0.3409447968006134, 0.919405996799469),
            ["RightHand"] = CFrame.new(7.450580596923828e-09, -5.960464477539063e-08, -1.4901161193847656e-07, 0.8766023516654968, -0.20728859305381775, -0.4342808127403259, 0.42221182584762573, 0.7642950415611267, 0.48743221163749695, 0.23087966442108154, -0.610642671585083, 0.7575026154518127),
            ["UpperTorso"] = CFrame.new(-5.587935447692871e-09, -1.1920928955078125e-07, -1.210719347000122e-08, 0.9989261031150818, -0.01976322941482067, -0.0419054739177227, 0.024977566674351692, 0.9914846420288086, 0.12780624628067017, 0.0390227846801281, -0.12871569395065308, 0.9909135103225708),
            ["HumanoidRootPart"] = CFrame.new(0, 0, 0, 1, 0, 0, 0, 1, 0, 0, 0, 1),
            ["RightUpperLeg"] = CFrame.new(-2.9802322387695312e-08, -4.529138095676899e-07, -2.6266206987202168e-09, 0.9332033395767212, 0.3187354505062103, -0.16595037281513214, -0.3206351697444916, 0.5300472378730774, -0.7850114703178406, -0.1622493416070938, 0.7857847809791565, 0.5968394875526428),
            ["LeftUpperArm"] = CFrame.new(0, 1.1920928955078125e-07, -7.450580596923828e-09, -0.011160965077579021, 0.971023678779602, 0.23872268199920654, -0.6818482279777527, 0.16723497211933136, -0.7121200561523438, -0.7314085960388184, -0.1707206517457962, 0.6602245569229126),
            ["RightLowerArm"] = CFrame.new(-1.1920928955078125e-07, 0, 5.960464477539063e-08, 1, -2.9802322387695312e-08, -3.8184211348379904e-08, 2.0489098417897367e-08, 0.9625382423400879, -0.27114585041999817, 1.6298146832127713e-08, 0.2711459994316101, 0.9625382423400879),
            ["LeftHand"] = CFrame.new(8.940696716308594e-08, -5.960464477539063e-08, -5.960464477539063e-08, 0.639046847820282, -0.34673842787742615, 0.6865798830986023, 0.032880984246730804, 0.9041257500648499, 0.42599931359291077, -0.7684648036956787, -0.24965833127498627, 0.5891796946525574),
            ["LeftFoot"] = CFrame.new(7.450580596923828e-09, 5.960464477539063e-08, -3.5390257835388184e-08, 0.9982252717018127, 0.03648420050740242, 0.04706677049398422, -0.0036388826556503773, 0.8262476921081543, -0.5632955431938171, -0.05944003909826279, 0.5621242523193359, 0.8249139785766602),
            ["LowerTorso"] = CFrame.new(-0.10928163677453995, -0.4750950336456299, 0.05273742601275444, 0.9891006946563721, 0.09232392907142639, 0.11469994485378265, -0.08472507447004318, 0.9939807057380676, -0.0694558173418045, -0.12042194604873657, 0.05898083373904228, 0.9909692406654358),
            ["RightLowerLeg"] = CFrame.new(-9.685754776000977e-08, -0.00012224912643432617, -0.00007737374835414812, 1, -8.940691031966708e-08, -1.3411059285317606e-07, 1.4901162614933128e-07, 0.104920893907547, 0.9944806098937988, -2.2351744632942427e-07, -0.994480550289154, 0.104921355843544),
            ["LeftUpperLeg"] = CFrame.new(0, -5.154870450496674e-07, -5.960464477539063e-08, 0.9678795337677002, -0.245404452085495, -0.05464426800608635, 0.2143941968679428, 0.6921064853668213, 0.6892195343971252, -0.13131791353225708, -0.6787969470024109, 0.7224891781806946),
            ["LeftLowerLeg"] = CFrame.new(0, 0.0001227855682373047, 0.00007751211524009705, 1, 5.960465898624534e-08, 1.1175868230850483e-08, -2.980232949312267e-08, 0.9896122813224792, 0.1437627673149109, 3.72529100900465e-08, -0.1437627077102661, 0.9896122217178345),
        }},
        {Time = 0.077, Data = {
            ["RightFoot"] = CFrame.new(1.862645149230957e-08, 2.384185791015625e-07, 1.6952981241047382e-09, 0.8578002452850342, -0.48935553431510925, -0.1571955680847168, 0.3712846636772156, 0.8014448881149292, -0.4688628315925598, 0.35542428493499756, 0.34382733702659607, 0.8691704273223877),
            ["LeftLowerArm"] = CFrame.new(-1.7881393432617188e-07, -5.960464477539063e-08, -1.1920928955078125e-07, 1, -2.2351745343485163e-08, -5.587934559514451e-09, 6.705522537231445e-08, 0.9999873638153076, -0.005033827852457762, -1.341104507446289e-07, 0.005033825058490038, 0.9999873042106628),
            ["RightUpperArm"] = CFrame.new(1.1920928955078125e-07, 5.960464477539062e-07, 0, -0.1435680389404297, -0.9847742319107056, -0.09802071750164032, 0.5472927093505859, 0.00351665448397398, -0.836933970451355, 0.8245356678962708, -0.17380310595035553, 0.5384547710418701),
            ["Head"] = CFrame.new(4.6566128730773926e-09, 5.960464477539062e-07, 1.257285475730896e-08, 0.9758215546607971, 0.06752853095531464, -0.20787526667118073, 0.0009406347526237369, 0.9497693777084351, 0.31294938921928406, 0.21856658160686493, -0.30557823181152344, 0.926741898059845),
            ["RightHand"] = CFrame.new(2.8312206268310547e-07, 5.960464477539063e-08, -5.960464477539063e-08, 0.8654265403747559, -0.19728273153305054, -0.46056094765663147, 0.37484705448150635, 0.8648731708526611, 0.3338925838470459, 0.33245566487312317, -0.4615994989871979, 0.8224351406097412),
            ["UpperTorso"] = CFrame.new(2.7939677238464355e-09, 2.980232238769531e-07, -1.30385160446167e-08, 0.9987544417381287, -0.020893730223178864, -0.045310113579034805, 0.025958918035030365, 0.9931125640869141, 0.1142522543668747, 0.042610861361026764, -0.11528615653514862, 0.9924180507659912),
            ["HumanoidRootPart"] = CFrame.new(0, 0, 0, 1, 0, 0, 0, 1, 0, 0, 0, 1),
            ["RightUpperLeg"] = CFrame.new(5.960464477539063e-08, -5.203764885663986e-08, 1.6931153368204832e-08, 0.9319565296173096, 0.3192930519580841, -0.1717817485332489, -0.3250280022621155, 0.5257849097251892, -0.7860704660415649, -0.16066645085811615, 0.7884175181388855, 0.5937881469726562),
            ["LeftUpperArm"] = CFrame.new(0, 5.960464477539062e-07, -3.3527612686157227e-08, 0.015738362446427345, 0.9675730466842651, 0.25210073590278625, -0.7401290535926819, 0.18079808354377747, -0.6477043628692627, -0.6722806692123413, -0.17639325559139252, 0.7189744114875793),
            ["RightLowerArm"] = CFrame.new(-2.384185791015625e-07, 2.384185791015625e-07, 5.066394805908203e-07, 1, -1.1175869119028903e-08, 2.0489101970611046e-08, -1.6763802790364934e-08, 0.999987006187439, -0.005105250980705023, 1.3399400700109254e-07, 0.005105226766318083, 0.9999870657920837),
            ["LeftHand"] = CFrame.new(-1.7881393432617188e-07, -5.960464477539063e-08, -5.960464477539063e-08, 0.5428111553192139, -0.36246898770332336, 0.7576097249984741, 0.0504521019756794, 0.914516270160675, 0.40139099955558777, -0.8383381366729736, -0.17965643107891083, 0.5146967172622681),
            ["LeftFoot"] = CFrame.new(7.450580596923828e-09, 5.960464477539063e-08, -1.3597309589385986e-07, 0.9993271231651306, -0.010776344686746597, 0.03506109490990639, 0.027897022664546967, 0.8439133167266846, -0.5357540249824524, -0.02381516993045807, 0.5363714098930359, 0.8436459898948669),
            ["LowerTorso"] = CFrame.new(-0.12152998149394989, -0.501057505607605, 0.030552275478839874, 0.9846146702766418, 0.09690885990858078, 0.1454053372144699, -0.09082373976707458, 0.9947126507759094, -0.04793553799390793, -0.14928191900253296, 0.033991776406764984, 0.9882102608680725),
            ["RightLowerLeg"] = CFrame.new(-1.0244548320770264e-07, -0.00012236833572387695, -0.00007720704161329195, 1, -1.9371501025489124e-07, -1.639128583974525e-07, 2.2351744632942427e-07, 0.07583525031805038, 0.9971203804016113, -1.0430814256778831e-07, -0.9971204400062561, 0.07583589106798172),
            ["LeftUpperLeg"] = CFrame.new(-5.960464477539063e-08, -2.260785549879074e-07, -7.82310962677002e-08, 0.9706524014472961, -0.2177407592535019, -0.10209284722805023, 0.22224938869476318, 0.6500270962715149, 0.7266840934753418, -0.09186555445194244, -0.7280479073524475, 0.6793432235717773),
            ["LeftLowerLeg"] = CFrame.new(0, 0.00012260675430297852, 0.00007724016904830933, 1, -7.450581485102248e-09, -2.980230462412692e-08, -3.725290298461914e-08, 0.9999872446060181, 0.0050500547513365746, 1.4901161193847656e-08, -0.005050093401223421, 0.9999873042106628),
        }},
        {Time = 0.103, Data = {
            ["RightFoot"] = CFrame.new(7.078051567077637e-08, 1.7881393432617188e-07, 1.6596459317952394e-08, 0.819141685962677, -0.5476373434066772, -0.1705896407365799, 0.38342663645744324, 0.7439850568771362, -0.5472376942634583, 0.4266039729118347, 0.3828573524951935, 0.8194084167480469),
            ["LeftLowerArm"] = CFrame.new(5.364418029785156e-07, -1.1920928955078125e-07, 2.980232238769531e-07, 1, 7.450581485102248e-09, -6.705520405603238e-08, -3.725290298461914e-08, 0.9999870657920837, -0.005090339109301567, 1.3783574104309082e-07, 0.005090386141091585, 0.9999871253967285),
            ["RightUpperArm"] = CFrame.new(-5.960464477539063e-08, -3.5762786865234375e-07, 1.4901161193847656e-08, -0.14124663174152374, -0.975841760635376, -0.16668032109737396, 0.4773445427417755, 0.08036898076534271, -0.8750331401824951, 0.8672898411750793, -0.2031593769788742, 0.4544610381126404),
            ["Head"] = CFrame.new(2.561137080192566e-08, -4.76837158203125e-07, -3.259629011154175e-09, 0.9802117943763733, 0.05054890736937523, -0.19138884544372559, 0.011103672906756401, 0.9512835741043091, 0.3081176280975342, 0.1976400762796402, -0.3041456639766693, 0.9318979978561401),
            ["RightHand"] = CFrame.new(-3.725290298461914e-08, -5.960464477539063e-08, 5.066394805908203e-07, 0.9076448082923889, -0.26301929354667664, -0.32711154222488403, 0.39480310678482056, 0.7995753288269043, 0.4525594115257263, 0.14251846075057983, -0.5399077534675598, 0.829571008682251),
            ["UpperTorso"] = CFrame.new(4.400499165058136e-08, 8.940696716308594e-08, 1.4901161193847656e-08, 0.9989104866981506, 0.0004904642701148987, -0.04666672646999359, 0.0051905009895563126, 0.9925735592842102, 0.12153564393520355, 0.04637974873185158, -0.12164545804262161, 0.9914894700050354),
            ["HumanoidRootPart"] = CFrame.new(0, 0, 0, 1, 0, 0, 0, 1, 0, 0, 0, 1),
            ["RightUpperLeg"] = CFrame.new(1.7881393432617188e-07, -1.3364478945732117e-07, -5.420588422566652e-09, 0.9181568026542664, 0.3473198711872101, -0.1906753033399582, -0.36734965443611145, 0.5658814311027527, -0.7381274104118347, -0.14846663177013397, 0.7477613091468811, 0.6471560597419739),
            ["LeftUpperArm"] = CFrame.new(1.1920928955078125e-07, 1.1920928955078125e-07, 5.587935447692871e-08, 0.017660589888691902, 0.969584584236145, 0.24411869049072266, -0.7231380939483643, 0.18099746108055115, -0.6665663123130798, -0.6904776692390442, -0.1647595316171646, 0.7043403387069702),
            ["RightLowerArm"] = CFrame.new(0, -1.1920928955078125e-07, -5.364418029785156e-07, 1, -1.3038520485508798e-08, -3.0267976569575694e-08, 1.4901162970204496e-08, 0.9730701446533203, -0.23050940036773682, -9.662473132721061e-08, 0.23050963878631592, 0.9730701446533203),
            ["LeftHand"] = CFrame.new(1.4901161193847656e-08, 0, 1.1920928955078125e-07, 0.6067564487457275, -0.3400689363479614, 0.7184705138206482, 0.016349289566278458, 0.9090119004249573, 0.41644951701164246, -0.7947196960449219, -0.2409370243549347, 0.5571085214614868),
            ["LeftFoot"] = CFrame.new(-7.450580596923828e-09, 0, 8.754432201385498e-08, 0.9956902265548706, -0.09163147211074829, 0.01431223750114441, 0.08617673069238663, 0.8570864200592041, -0.5079144239425659, 0.03427404537796974, 0.5069581866264343, 0.8612887263298035),
            ["LowerTorso"] = CFrame.new(-0.13175788521766663, -0.5082297325134277, -0.005852655041962862, 0.9862514734268188, 0.07689595967531204, 0.14627070724964142, -0.06863417476415634, 0.9957923293113708, -0.060721997171640396, -0.1503245085477829, 0.04984799027442932, 0.987379252910614),
            ["RightLowerLeg"] = CFrame.new(-2.1979212760925293e-07, -0.00012230873107910156, -0.00007739819557173178, 1, -7.450577044210149e-08, -1.6391281576488836e-07, 1.788139627478813e-07, 0.09437526762485504, 0.9955366849899292, -1.6391278734317893e-07, -0.995536744594574, 0.09437571465969086),
            ["LeftUpperLeg"] = CFrame.new(-1.1920928955078125e-07, -3.764871507883072e-07, -7.450580596923828e-09, 0.9791959524154663, -0.19107109308242798, -0.06831639260053635, 0.17586514353752136, 0.631161093711853, 0.7554517388343811, -0.10122647881507874, -0.7517496347427368, 0.6516330242156982),
            ["LeftLowerLeg"] = CFrame.new(8.940696716308594e-08, 0.00012284517288208008, 0.00007730349898338318, 1, 0, 2.235172757991677e-08, 4.4703490686970326e-08, 0.9999872446060181, 0.005054636858403683, -7.450581485102248e-09, -0.0050546457059681416, 0.9999873042106628),
        }},
        {Time = 0.128, Data = {
            ["RightFoot"] = CFrame.new(1.4901161193847656e-08, 4.172325134277344e-07, 2.4047039914876223e-08, 0.8146814703941345, -0.5538159012794495, -0.1719958633184433, 0.37957388162612915, 0.7334792017936707, -0.5638532042503357, 0.43842658400535583, 0.39407652616500854, 0.8077667355537415),
            ["LeftLowerArm"] = CFrame.new(-8.344650268554688e-07, 1.1920928955078125e-07, -2.384185791015625e-07, 1, 7.4505797087454084e-09, 8.754432201385498e-08, -2.2351741790771484e-08, 0.999987006187439, -0.00510154664516449, -3.166496753692627e-08, 0.0051016355864703655, 0.999987006187439),
            ["RightUpperArm"] = CFrame.new(0, 0, 3.725290298461914e-08, -0.07815593481063843, -0.9808499217033386, -0.17839571833610535, 0.49004286527633667, 0.11803562939167023, -0.863669753074646, 0.8681875467300415, -0.15492258965969086, 0.4714336097240448),
            ["Head"] = CFrame.new(3.073364496231079e-08, -3.5762786865234375e-07, 1.257285475730896e-08, 0.982991635799408, 0.052207592874765396, -0.17607399821281433, 0.0035420097410678864, 0.9531747102737427, 0.3023996949195862, 0.18361686170101166, -0.29787999391555786, 0.9367777109146118),
            ["RightHand"] = CFrame.new(2.8312206268310547e-07, -5.960464477539063e-08, -1.1175870895385742e-07, 0.9091207385063171, -0.2647811472415924, -0.3215440809726715, 0.4024404287338257, 0.7574559450149536, 0.5141032338142395, 0.10743061453104019, -0.5967842936515808, 0.7951775193214417),
            ["UpperTorso"] = CFrame.new(7.683411240577698e-09, -3.2782554626464844e-07, -7.450580596923828e-09, 0.9990689754486084, 0.011608918197453022, -0.0415521115064621, -0.006174912676215172, 0.9916788339614868, 0.1285889595746994, 0.04269911348819733, -0.12821264564990997, 0.9908270835876465),
            ["HumanoidRootPart"] = CFrame.new(0, 0, 0, 1, 0, 0, 0, 1, 0, 0, 0, 1),
            ["RightUpperLeg"] = CFrame.new(5.960464477539063e-08, -4.5634806156158447e-07, -1.6952981241047382e-09, 0.9088032841682434, 0.3715752959251404, -0.1897595375776291, -0.3894214630126953, 0.5921818017959595, -0.7054585218429565, -0.1497587263584137, 0.7150192260742188, 0.6828761100769043),
            ["LeftUpperArm"] = CFrame.new(0, 0, 1.0419171303510666e-08, 0.023246346041560173, 0.9754860401153564, 0.2188304364681244, -0.6912209391593933, 0.17382290959358215, -0.7014263272285461, -0.7222694158554077, -0.1349545121192932, 0.6783173084259033),
            ["RightLowerArm"] = CFrame.new(2.384185791015625e-07, 0, 0, 1, -3.352760913344355e-08, -8.24220549588972e-08, 2.980232594040899e-08, 0.9586808681488037, -0.2844840884208679, -8.102507109697399e-08, 0.28448402881622314, 0.9586808085441589),
            ["LeftHand"] = CFrame.new(-4.470348358154297e-08, 1.1920928955078125e-07, 2.682209014892578e-07, 0.6429305672645569, -0.31343674659729004, 0.6988546848297119, 0.0005615201080217957, 0.9126253724098206, 0.4087965786457062, -0.765924334526062, -0.2624354660511017, 0.5869305729866028),
            ["LeftFoot"] = CFrame.new(1.4901161193847656e-08, 0, -2.8870999813079834e-08, 0.983189582824707, -0.1823517233133316, -0.009286709129810333, 0.15558357536792755, 0.8633131980895996, -0.4800877869129181, 0.09556213766336441, 0.47057223320007324, 0.8771713376045227),
            ["LowerTorso"] = CFrame.new(-0.13486148416996002, -0.5033737421035767, -0.041308559477329254, 0.9878501892089844, 0.059278182685375214, 0.14366032183170319, -0.04935633763670921, 0.9962062835693359, -0.07167349010705948, -0.14736399054527283, 0.06371212005615234, 0.987028181552887),
            ["RightLowerLeg"] = CFrame.new(-2.4586915969848633e-07, -0.0001221299171447754, -0.0000775504668126814, 1, -1.7881379221762472e-07, -1.4901169720360485e-07, 7.450579886381092e-08, 0.1136622205376625, 0.9935194253921509, -8.195637946073475e-08, -0.9935194849967957, 0.11366281658411026),
            ["LeftUpperLeg"] = CFrame.new(-1.1920928955078125e-07, -8.62637534737587e-07, -4.0978193283081055e-08, 0.9839020371437073, -0.17202572524547577, -0.04841358959674835, 0.15837857127189636, 0.7138733863830566, 0.6821298003196716, -0.0827827975153923, -0.6788164973258972, 0.7296265959739685),
            ["LeftLowerLeg"] = CFrame.new(2.2351741790771484e-08, 0.0001226663589477539, 0.00007747113704681396, 1, 1.4901161193847656e-08, 0, -7.450578820566989e-09, 0.9676066637039185, 0.2524624466896057, 5.960463056453591e-08, -0.2524625062942505, 0.9676067233085632),
        }},
        {Time = 0.154, Data = {
            ["RightFoot"] = CFrame.new(-8.940696716308594e-08, 4.172325134277344e-07, 7.620110409334302e-08, 0.8067702651023865, -0.5645323395729065, -0.1744282841682434, 0.3878082036972046, 0.7286403775215149, -0.5645233392715454, 0.44578778743743896, 0.3877970576286316, 0.8067764639854431),
            ["LeftLowerArm"] = CFrame.new(-4.76837158203125e-07, 1.1920928955078125e-07, -5.960464477539063e-08, 1, -1.4901162970204496e-08, 1.3876702098514215e-07, 1.4901161193847656e-08, 0.9999871253967285, -0.005082113668322563, 5.029141902923584e-08, 0.005082197953015566, 0.9999870657920837),
            ["RightUpperArm"] = CFrame.new(0, -1.1920928955078125e-07, -4.0978193283081055e-08, 0.009517714381217957, -0.9844022393226624, -0.17567498981952667, 0.5256719589233398, 0.15437433123588562, -0.8365628123283386, 0.8506340980529785, -0.0843852236866951, 0.5189422369003296),
            ["Head"] = CFrame.new(-2.2351741790771484e-08, 1.1920928955078125e-07, -1.7229467630386353e-08, 0.9816162586212158, 0.06812948733568192, -0.17829203605651855, -0.012413466349244118, 0.9549342393875122, 0.2965579628944397, 0.19046153128147125, -0.28889283537864685, 0.9382245540618896),
            ["RightHand"] = CFrame.new(3.213062882423401e-07, -2.384185791015625e-07, -1.1175870895385742e-07, 0.896949291229248, -0.267300009727478, -0.3521832525730133, 0.42991501092910767, 0.7132519483566284, 0.5535749197006226, 0.10322457551956177, -0.647936999797821, 0.7546666860580444),
            ["UpperTorso"] = CFrame.new(-2.7939677238464355e-09, -1.1920928955078125e-07, 4.0978193283081055e-08, 0.9991422295570374, 0.0228558536618948, -0.0345330685377121, -0.017738429829478264, 0.9897317290306091, 0.14183309674263, 0.03742019087076187, -0.14109881222248077, 0.9892881512641907),
            ["HumanoidRootPart"] = CFrame.new(0, 0, 0, 1, 0, 0, 0, 1, 0, 0, 0, 1),
            ["RightUpperLeg"] = CFrame.new(1.1920928955078125e-07, -4.6566128730773926e-09, -3.5222910810261965e-08, 0.8973039984703064, 0.40037956833839417, -0.1858552247285843, -0.4146583080291748, 0.6202006936073303, -0.6658904552459717, -0.15134121477603912, 0.6745720505714417, 0.7225286960601807),
            ["LeftUpperArm"] = CFrame.new(0, 0, -1.210719347000122e-08, 0.05774123966693878, 0.9842438697814941, 0.16712301969528198, -0.6884743571281433, 0.1604849100112915, -0.7072818875312805, -0.7229585647583008, -0.07422049343585968, 0.6868931651115417),
            ["RightLowerArm"] = CFrame.new(0, -5.960464477539063e-08, 3.0547380447387695e-07, 1, -4.4703497792397684e-08, -2.9802315282267955e-08, 3.91155481338501e-08, 0.9462158679962158, -0.3235360085964203, 1.0617077350616455e-07, 0.3235361874103546, 0.9462158679962158),
            ["LeftHand"] = CFrame.new(-8.940696716308594e-08, 4.172325134277344e-07, -1.7881393432617188e-07, 0.6512273550033569, -0.2719421982765198, 0.7084847092628479, -0.004332821816205978, 0.9322414994239807, 0.3618110120296478, -0.7588703632354736, -0.23869101703166962, 0.6059225797653198),
            ["LeftFoot"] = CFrame.new(4.0978193283081055e-08, -5.960464477539063e-08, -2.60770320892334e-08, 0.9244505763053894, -0.37639501690864563, -0.06097368150949478, 0.32092052698135376, 0.8544025421142578, -0.4086644649505615, 0.20591533184051514, 0.35822224617004395, 0.9106456637382507),
            ["LowerTorso"] = CFrame.new(-0.13002319633960724, -0.4882620573043823, -0.07447539269924164, 0.9880779981613159, 0.04000551998615265, 0.14866547286510468, -0.02727794088423252, 0.9958621859550476, -0.08668626099824905, -0.15151822566986084, 0.08159749209880829, 0.9850808382034302),
            ["RightLowerLeg"] = CFrame.new(-7.450580596923828e-08, -0.0001220703125, -0.00007758539140922949, 1, -1.639126736563412e-07, -8.94070240065048e-08, 1.639127589214695e-07, 0.1519598513841629, 0.9883865118026733, -9.685753354915505e-08, -0.9883866310119629, 0.15196099877357483),
            ["LeftUpperLeg"] = CFrame.new(-1.7881393432617188e-07, -9.622453944757581e-08, -1.1757947504520416e-08, 0.9895710349082947, -0.13100792467594147, -0.059883903712034225, 0.1422969102859497, 0.8244964480400085, 0.5476837158203125, -0.022376788780093193, -0.5504931211471558, 0.8345397114753723),
            ["LeftLowerLeg"] = CFrame.new(8.940696716308594e-08, 0.0001227259635925293, 0.00007727742195129395, 1, 7.078050856534901e-08, 2.9802315282267955e-08, -2.980232594040899e-08, 0.8321918249130249, 0.5544877648353577, 1.862645326866641e-08, -0.5544878840446472, 0.8321919441223145),
        }},
        {Time = 0.179, Data = {
            ["RightFoot"] = CFrame.new(-4.470348358154297e-08, 1.7881393432617188e-07, -4.300818545743823e-08, 0.7988904714584351, -0.5749126672744751, -0.1767764389514923, 0.3961935043334961, 0.7241237163543701, -0.5645121335983276, 0.4525536298751831, 0.38094666600227356, 0.8062731027603149),
            ["LeftLowerArm"] = CFrame.new(-4.172325134277344e-07, -2.980232238769531e-07, 0, 1, 8.381904059717726e-09, 8.090862024801027e-08, -6.9849201977945086e-09, 0.9999873042106628, -0.0050438325852155685, 8.638017590101299e-08, 0.005043924320489168, 0.9999873638153076),
            ["RightUpperArm"] = CFrame.new(0, -2.384185791015625e-07, -2.7939677238464355e-08, 0.10413949191570282, -0.9846099019050598, -0.1403505802154541, 0.5631305575370789, 0.17469260096549988, -0.8076919913291931, 0.8197798132896423, 0.005077018868178129, 0.572656512260437),
            ["Head"] = CFrame.new(0, -3.5762786865234375e-07, -2.0489096641540527e-08, 0.9762068390846252, 0.09277134388685226, -0.19599395990371704, -0.03313104435801506, 0.9570592045783997, 0.2879931628704071, 0.21429532766342163, -0.27464747428894043, 0.9373613595962524),
            ["RightHand"] = CFrame.new(-4.470348358154297e-08, 1.7881393432617188e-07, 1.4901161193847656e-07, 0.8733111619949341, -0.3038099408149719, -0.3808245062828064, 0.4797508120536804, 0.6721821427345276, 0.5639244914054871, 0.08465748280286789, -0.675182044506073, 0.7327768802642822),
            ["UpperTorso"] = CFrame.new(-9.313225746154785e-09, 1.4901161193847656e-07, 3.725290298461914e-09, 0.9991591572761536, 0.03009403496980667, -0.02784544788300991, -0.02521779201924801, 0.9865722060203552, 0.1613672375679016, 0.03232774883508682, -0.16052934527397156, 0.9865015149116516),
            ["HumanoidRootPart"] = CFrame.new(0, 0, 0, 1, 0, 0, 0, 1, 0, 0, 0, 1),
            ["RightUpperLeg"] = CFrame.new(5.960464477539063e-08, -2.0954757928848267e-07, -2.4047039914876223e-08, 0.8871245980262756, 0.42082852125167847, -0.18950873613357544, -0.44162970781326294, 0.654739260673523, -0.6134167909622192, -0.13406430184841156, 0.6278693079948425, 0.7666853666305542),
            ["LeftUpperArm"] = CFrame.new(5.960464477539063e-08, -4.76837158203125e-07, -3.189779818058014e-08, 0.10827600955963135, 0.9914098381996155, 0.07336846739053726, -0.7188680768013, 0.12905989587306976, -0.6830604076385498, -0.6866623163223267, 0.02121676318347454, 0.7266673445701599),
            ["RightLowerArm"] = CFrame.new(5.960464477539063e-08, 0, -4.684552550315857e-07, 1, -8.195641498787154e-08, -1.1175863789958385e-08, -7.450580596923828e-09, 0.9400812387466431, -0.340950608253479, -1.6763806343078613e-08, 0.3409508168697357, 0.9400812387466431),
            ["LeftHand"] = CFrame.new(3.4831464290618896e-07, 5.960464477539063e-08, 5.960464477539063e-08, 0.6446294784545898, -0.20642052590847015, 0.7361005544662476, 0.00536261685192585, 0.9640551805496216, 0.26564812660217285, -0.7644762992858887, -0.16729728877544403, 0.622564971446991),
            ["LeftFoot"] = CFrame.new(1.4901161193847656e-08, 5.960464477539063e-08, -3.91155481338501e-08, 0.8555114269256592, -0.5085645914077759, -0.09727402776479721, 0.4376482367515564, 0.8106266260147095, -0.38903599977493286, 0.27670255303382874, 0.29025256633758545, 0.9160725474357605),
            ["LowerTorso"] = CFrame.new(-0.11985238641500473, -0.471085786819458, -0.1033424586057663, 0.9859511852264404, 0.02351149171590805, 0.1653708666563034, -0.005611932370811701, 0.9941477179527283, -0.10788362473249435, -0.16693955659866333, 0.1054399237036705, 0.9803131222724915),
            ["RightLowerLeg"] = CFrame.new(3.3527612686157227e-08, -0.00012224912643432617, -0.00007741309673292562, 1, -7.450574912581942e-08, -1.4901173628345532e-08, 1.1920931797249068e-07, 0.20044514536857605, 0.979704737663269, -2.6077037773575285e-07, -0.9797049164772034, 0.20044608414173126),
            ["LeftUpperLeg"] = CFrame.new(0, -3.1176023185253143e-07, -4.0978193283081055e-08, 0.991540253162384, -0.08709373325109482, -0.09624294936656952, 0.11616829037666321, 0.9262129664421082, 0.35865697264671326, 0.05790455639362335, -0.36680272221565247, 0.9284948110580444),
            ["LeftLowerLeg"] = CFrame.new(9.499490261077881e-08, 0.0001227855682373047, 0.00007731467485427856, 1, 7.636847243475131e-08, 3.3527612686157227e-08, -7.264316792543468e-08, 0.5311305522918701, 0.8472898006439209, 4.842878098543224e-08, -0.8472899794578552, 0.5311309695243835),
        }},
        {Time = 0.205, Data = {
            ["RightFoot"] = CFrame.new(3.725290298461914e-09, 3.5762786865234375e-07, 9.145878721028566e-09, 0.794075608253479, -0.581117570400238, -0.17817585170269012, 0.3987266421318054, 0.7192775011062622, -0.5689074397087097, 0.45876047015190125, 0.38071298599243164, 0.8028684854507446),
            ["LeftLowerArm"] = CFrame.new(3.5762786865234375e-07, 1.1920928955078125e-07, 3.2782554626464844e-07, 1, 8.381903171539307e-09, 5.005858128015461e-08, 1.5832485544819974e-08, 0.999983012676239, -0.005840280558913946, -3.026798811589515e-09, 0.005840235389769077, 0.999983012676239),
            ["RightUpperArm"] = CFrame.new(1.1920928955078125e-07, -2.384185791015625e-07, 1.7229467630386353e-08, 0.19454246759414673, -0.9790103435516357, -0.06076139584183693, 0.5940967798233032, 0.16689269244670868, -0.7868899703025818, 0.7805142402648926, 0.11698535084724426, 0.6140946745872498),
            ["Head"] = CFrame.new(-9.313225746154785e-09, 1.1920928955078125e-07, 1.0710209608078003e-08, 0.9684584736824036, 0.12026099860668182, -0.21823301911354065, -0.056475911289453506, 0.958968460559845, 0.27783113718032837, 0.24269086122512817, -0.25674301385879517, 0.9355128407478333),
            ["RightHand"] = CFrame.new(-1.1920928955078125e-07, -2.384185791015625e-07, 3.5762786865234375e-07, 0.836277961730957, -0.384341835975647, -0.39105069637298584, 0.5467215776443481, 0.6386824250221252, 0.5414614081382751, 0.041650865226984024, -0.6666079759597778, 0.744243860244751),
            ["UpperTorso"] = CFrame.new(3.725290298461914e-09, 2.086162567138672e-07, -9.313225746154785e-09, 0.9993824362754822, 0.028040044009685516, -0.02117827534675598, -0.02362692356109619, 0.9823279976844788, 0.18567053973674774, 0.02601023018360138, -0.18505552411079407, 0.9823838472366333),
            ["HumanoidRootPart"] = CFrame.new(0, 0, 0, 1, 0, 0, 0, 1, 0, 0, 0, 1),
            ["RightUpperLeg"] = CFrame.new(-2.9802322387695312e-08, -3.2316893339157104e-07, 4.300818545743823e-08, 0.8799571394920349, 0.4308941066265106, -0.20001459121704102, -0.464205265045166, 0.6904700398445129, -0.5547655820846558, -0.10094121843576431, 0.5810175538063049, 0.8076071739196777),
            ["LeftUpperArm"] = CFrame.new(-1.1920928955078125e-07, 0, -6.100162863731384e-08, 0.1626506745815277, 0.9849021434783936, -0.05926607549190521, -0.759078323841095, 0.0865311399102211, -0.6452232003211975, -0.6303530335426331, 0.14993368089199066, 0.7616919875144958),
            ["RightLowerArm"] = CFrame.new(-5.960464477539063e-08, 5.960464477539063e-08, -2.2351741790771484e-08, 1, -1.0803339023368608e-07, 3.725289943190546e-08, 7.450581307466564e-08, 0.9496843218803406, -0.3132087290287018, 9.31322685637781e-10, 0.3132086396217346, 0.9496843814849854),
            ["LeftHand"] = CFrame.new(1.6391277313232422e-07, 0, 1.341104507446289e-07, 0.6407081484794617, -0.10268986970186234, 0.7608864307403564, 0.02629048191010952, 0.9933685064315796, 0.11192792654037476, -0.7673343420028687, -0.051708996295928955, 0.6391589045524597),
            ["LeftFoot"] = CFrame.new(-5.494803190231323e-08, 0, -9.313225746154785e-09, 0.8963277339935303, -0.43658775091171265, -0.07738174498081207, 0.35021495819091797, 0.8041361570358276, -0.48032793402671814, 0.2719305455684662, 0.40343067049980164, 0.8736687898635864),
            ["LowerTorso"] = CFrame.new(-0.10811333358287811, -0.45968568325042725, -0.12731117010116577, 0.9818763732910156, 0.014928081072866917, 0.18893420696258545, 0.011183751747012138, 0.9905921220779419, -0.136389821767807, -0.1891927868127823, 0.13603092730045319, 0.9724720120429993),
