return {
    ["Click"] = {
        {Time = 0.000, Data = {
            ["RightFoot"] = CFrame.new(-5.960464477539063e-08, 3.5762786865234375e-07, -7.281050784513354e-08, 0.9700201749801636, 0.2354932427406311, 0.06003035604953766, -0.19672861695289612, 0.9059256911277771, -0.37496182322502136, -0.14268384873867035, 0.3519114553928375, 0.9250946640968323),
            ["LeftLowerArm"] = CFrame.new(-1.7881393432617188e-07, -8.940696716308594e-07, 0.0000010728836059570312, 1, -2.048909131247001e-08, 1.396983329016166e-08, 9.313225746154785e-09, 0.9909189939498901, -0.13446079194545746, 3.632158041000366e-08, 0.13446076214313507, 0.9909189343452454),
            ["RightUpperArm"] = CFrame.new(-1.7881393432617188e-07, 0, 2.086162567138672e-07, 0.9946441054344177, 0.05290761590003967, -0.08879212290048599, -0.04605666920542717, 0.9959273338317871, 0.07750844955444336, 0.09253129363059998, -0.07300382852554321, 0.9930298924446106),
            ["Head"] = CFrame.new(-1.9744038581848145e-07, 0.0000013113021850585938, 1.2759119272232056e-07, 0.9370648264884949, 0.039218928664922714, 0.3469458520412445, -0.029149619862437248, 0.9989900588989258, -0.0341961532831192, -0.3479365408420563, 0.021930662915110588, 0.9372615814208984),
            ["RightHand"] = CFrame.new(-5.848705768585205e-07, 1.1920928955078125e-07, -8.940696716308594e-08, 0.9786357879638672, -0.19186143577098846, -0.07390045374631882, 0.17391356825828552, 0.9641976952552795, -0.2001924216747284, 0.1096639335155487, 0.18306313455104828, 0.9769656658172607),
            ["UpperTorso"] = CFrame.new(-2.3335451260209084e-07, -3.8743019104003906e-07, 4.656612873077393e-10, 0.9965625405311584, 0.0035130497999489307, -0.08276953548192978, 0.013411772437393665, 0.9790793657302856, 0.20303663611412048, 0.08175107091665268, -0.20344878733158112, 0.9756667017936707),
            ["HumanoidRootPart"] = CFrame.new(0, 0, 0, 1, 0, 0, 0, 1, 0, 0, 0, 1),
            ["RightUpperLeg"] = CFrame.new(-3.8743019104003906e-07, -5.4016709327697754e-08, 1.5476689441129565e-07, 0.8838387727737427, -0.2604830265045166, -0.38855844736099243, 0.2578309178352356, 0.9643259644508362, -0.059990718960762024, 0.39032331109046936, -0.04716023802757263, 0.9194690585136414),
            ["LeftUpperArm"] = CFrame.new(5.960464477539063e-08, 7.152557373046875e-07, 1.1920928955078125e-07, 0.9160866141319275, 0.12364713102579117, -0.38144049048423767, -0.09636040776968002, 0.9912776947021484, 0.08990702778100967, 0.38923022150993347, -0.0456068217754364, 0.9200107455253601),
            ["RightLowerArm"] = CFrame.new(-5.960464477539063e-08, 2.384185791015625e-07, 8.940696716308594e-08, 1, -3.725291186640334e-09, 2.561137302237171e-09, 1.862645326866641e-08, 0.9945181012153625, -0.10456528514623642, 8.847565347025466e-09, 0.10456530004739761, 0.9945180416107178),
            ["LeftHand"] = CFrame.new(-1.2665987014770508e-07, 5.960464477539062e-07, -9.834766387939453e-07, 0.9771353006362915, 0.16202417016029358, 0.13767693936824799, -0.1475539356470108, 0.9829668402671814, -0.10956310480833054, -0.1530836969614029, 0.08674324303865433, 0.9843988418579102),
            ["LeftFoot"] = CFrame.new(-1.1175870895385742e-08, -5.960464477539063e-08, -1.862645149230957e-09, 0.9836639761924744, -0.17443586885929108, -0.044466517865657806, 0.17634737491607666, 0.9833692908287048, 0.04343587905168533, 0.03615020588040352, -0.050567664206027985, 0.998066246509552),
            ["LowerTorso"] = CFrame.new(-0.05963216722011566, -0.1130683422088623, -0.023177921772003174, 0.9635006785392761, -0.011919904500246048, -0.26744040846824646, 0.00009291696915170178, 0.9990230798721313, -0.044192034751176834, 0.26770588755607605, 0.04255419969558716, 0.9625605344772339),
            ["RightLowerLeg"] = CFrame.new(-7.450580596923828e-08, -0.0001221299171447754, -0.0000774172876845114, 1, -1.1175870895385742e-08, -8.940698847936801e-08, 7.450580596923828e-08, 0.8944382667541504, 0.44719141721725464, -5.587935447692871e-09, -0.44719159603118896, 0.8944383859634399),
            ["LeftUpperLeg"] = CFrame.new(-1.7881393432617188e-07, 3.902241587638855e-07, 1.341104507446289e-07, 0.9749726057052612, 0.21855273842811584, 0.04078095778822899, -0.18537235260009766, 0.9003974795341492, -0.39360111951828003, -0.12274164706468582, 0.3761903941631317, 0.9183763265609741),
            ["LeftLowerLeg"] = CFrame.new(1.4156103134155273e-07, 0.0001226663589477539, 0.00007741153240203857, 1, 6.705524668859653e-08, 9.313221305262687e-10, -7.078051567077637e-08, 0.9230833649635315, 0.384599894285202, 2.9802322387695312e-08, -0.38460004329681396, 0.923083484172821),
        }},
        {Time = 0.033, Data = {
            ["RightFoot"] = CFrame.new(-8.195638656616211e-08, 2.980232238769531e-07, 4.639878170564771e-08, 0.9682257771492004, 0.24232837557792664, 0.061772413551807404, -0.20787978172302246, 0.9172181487083435, -0.3398480713367462, -0.13901382684707642, 0.31620875000953674, 0.938449501991272),
            ["LeftLowerArm"] = CFrame.new(-2.384185791015625e-07, 1.7881393432617188e-07, 5.960464477539062e-07, 1, -2.1420417439799166e-08, 1.688021988854871e-08, 1.30385160446167e-08, 0.9830483198165894, -0.1833469271659851, 1.955777406692505e-08, 0.18334688246250153, 0.9830483198165894),
            ["RightUpperArm"] = CFrame.new(-1.7881393432617188e-07, 0, 1.043081283569336e-07, 0.9965798854827881, 0.038181573152542114, -0.07328551262617111, -0.03254252299666405, 0.9965265393257141, 0.07665511220693588, 0.07595771551132202, -0.07400798797607422, 0.9943607449531555),
            ["Head"] = CFrame.new(-1.955777406692505e-07, 0.0000010728836059570312, 4.516914486885071e-08, 0.9391365647315979, 0.03141755610704422, 0.34210479259490967, -0.018955761566758156, 0.9990314841270447, -0.039710212498903275, -0.3430210053920746, 0.0308084636926651, 0.9388223886489868),
            ["RightHand"] = CFrame.new(-3.3155083656311035e-07, 4.76837158203125e-07, 1.6391277313232422e-07, 0.9789227247238159, -0.18615713715553284, -0.08399983495473862, 0.16853214800357819, 0.9686352014541626, -0.18260036408901215, 0.11535753309726715, 0.16459494829177856, 0.9795924425125122),
            ["UpperTorso"] = CFrame.new(-2.2596213966608047e-07, 8.940696716308594e-08, -1.6298145055770874e-09, 0.9967252612113953, 0.01695290394127369, -0.07906581461429596, -0.00019080936908721924, 0.9782668948173523, 0.2073499709367752, 0.0808626040816307, -0.20665587484836578, 0.9750664830207825),
            ["HumanoidRootPart"] = CFrame.new(0, 0, 0, 1, 0, 0, 0, 1, 0, 0, 0, 1),
            ["RightUpperLeg"] = CFrame.new(-3.5762786865234375e-07, 2.5937333703041077e-07, 1.1751399142667651e-07, 0.8848066329956055, -0.2752969563007355, -0.37593701481819153, 0.2647770047187805, 0.9609425663948059, -0.08051377534866333, 0.3834192752838135, -0.028300317004323006, 0.9231407642364502),
            ["LeftUpperArm"] = CFrame.new(-1.1920928955078125e-07, 5.960464477539062e-07, 1.1920928955078125e-07, 0.91581791639328, 0.11079030483961105, -0.3860093951225281, -0.08607173711061478, 0.9930071234703064, 0.0807998776435852, 0.3922618329524994, -0.040773432701826096, 0.9189494252204895),
            ["RightLowerArm"] = CFrame.new(-5.662441253662109e-07, 9.5367431640625e-07, 2.9802322387695312e-08, 1, -1.862645326866641e-08, 6.263145024831829e-08, 1.4901161193847656e-08, 0.9906585812568665, -0.13636569678783417, -4.190951585769653e-09, 0.13636568188667297, 0.9906586408615112),
            ["LeftHand"] = CFrame.new(7.450580596923828e-09, 7.152557373046875e-07, -9.313225746154785e-07, 0.9743780493736267, 0.16386400163173676, 0.1540651023387909, -0.1561242640018463, 0.9858431816101074, -0.06114406883716583, -0.16190345585346222, 0.0355241522192955, 0.9861670136451721),
            ["LeftFoot"] = CFrame.new(-4.0978193283081055e-08, 0, 6.51925802230835e-08, 0.9855258464813232, -0.16427189111709595, -0.041875582188367844, 0.16707994043827057, 0.9830141663551331, 0.0759434700012207, 0.02868901938199997, -0.08184055984020233, 0.9962325096130371),
            ["LowerTorso"] = CFrame.new(-0.07684274762868881, -0.10226750373840332, -0.019229695200920105, 0.9636294841766357, -0.010176611132919788, -0.2670481503009796, -0.001642938586883247, 0.9990302324295044, -0.043999288231134415, 0.2672369182109833, 0.042837753891944885, 0.9626782536506653),
            ["RightLowerLeg"] = CFrame.new(4.470348358154297e-08, -0.00012224912643432617, -0.00007736513362033293, 1, -3.352759847530251e-08, -1.6391278734317893e-07, 8.940694584680386e-08, 0.8852130770683289, 0.4651857912540436, 1.2107190627830278e-07, -0.4651857912540436, 0.8852130770683289),
            ["LeftUpperLeg"] = CFrame.new(-1.1920928955078125e-07, 1.73225998878479e-07, 1.1920928955078125e-07, 0.977474570274353, 0.2051662653684616, 0.04949897900223732, -0.17340567708015442, 0.9144055843353271, -0.3657776117324829, -0.12030749768018723, 0.3489547073841095, 0.9293850660324097),
            ["LeftLowerLeg"] = CFrame.new(5.21540641784668e-08, 0.00012218952178955078, 0.00007753074169158936, 1, 3.725290653733282e-08, 2.9802308176840597e-08, 7.078050856534901e-08, 0.9455586671829224, 0.32545173168182373, -4.470347647611561e-08, -0.32545188069343567, 0.9455586075782776),
        }},
        {Time = 0.067, Data = {
            ["RightFoot"] = CFrame.new(5.960464477539063e-08, 2.980232238769531e-07, 1.6596459317952394e-08, 0.9695088267326355, 0.2374626249074936, 0.06053221598267555, -0.21003800630569458, 0.9324647188186646, -0.2939278781414032, -0.12624108791351318, 0.2722519636154175, 0.9539090394973755),
            ["LeftLowerArm"] = CFrame.new(-2.9802322387695312e-08, -2.980232238769531e-07, 7.748603820800781e-07, 1, -3.166497108963995e-08, -1.932493631784382e-08, 3.539026138810186e-08, 0.9517236351966858, -0.3069564402103424, 2.7474019503870295e-08, 0.3069564998149872, 0.9517235159873962),
            ["RightUpperArm"] = CFrame.new(-2.980232238769531e-07, 2.384185791015625e-07, 7.450580596923828e-08, 0.9995561838150024, 0.00540516572073102, -0.029297756031155586, -0.003023669822141528, 0.9967315793037415, 0.08072857558727264, 0.029638437554240227, -0.0806041732430458, 0.9963054656982422),
            ["Head"] = CFrame.new(-1.7508864402770996e-07, 4.76837158203125e-07, 3.91155481338501e-08, 0.9452868700027466, 0.018647287040948868, 0.32570698857307434, -0.002058373298496008, 0.9986861944198608, -0.05120246112346649, -0.3262339234352112, 0.047730594873428345, 0.9440833926200867),
            ["RightHand"] = CFrame.new(-2.7567148208618164e-07, 2.980232238769531e-07, -7.450580596923828e-09, 0.9790039658546448, -0.17388281226158142, -0.10637706518173218, 0.15698665380477905, 0.9760420322418213, -0.1506560742855072, 0.13002489507198334, 0.13079309463500977, 0.982846200466156),
            ["UpperTorso"] = CFrame.new(-2.0116567611694336e-07, -2.086162567138672e-07, 4.190951585769653e-09, 0.9965985417366028, 0.04451936110854149, -0.06934953480958939, -0.028677675873041153, 0.97627854347229, 0.21461091935634613, 0.07725879549980164, -0.21189212799072266, 0.9742345213890076),
            ["HumanoidRootPart"] = CFrame.new(0, 0, 0, 1, 0, 0, 0, 1, 0, 0, 0, 1),
            ["RightUpperLeg"] = CFrame.new(-3.8743019104003906e-07, -3.909226506948471e-07, 1.3241515262052417e-07, 0.8680974841117859, -0.29771238565444946, -0.3972077965736389, 0.2710994482040405, 0.9546552300453186, -0.12303943186998367, 0.4158268868923187, -0.0008725372026674449, 0.9094433784484863),
            ["LeftUpperArm"] = CFrame.new(0, 0.000001430511474609375, 8.940696716308594e-08, 0.9148982763290405, 0.08395984023809433, -0.3948570489883423, -0.06425398588180542, 0.9959498047828674, 0.06289345771074295, 0.39853835105895996, -0.03216998651623726, 0.9165872931480408),
            ["RightLowerArm"] = CFrame.new(5.960464477539063e-08, 0, 2.9802322387695312e-08, 1, -1.3504180884638117e-08, 3.189780173329382e-08, 3.3527616238870905e-08, 0.9760300517082214, -0.2176358550786972, 2.6077035641947077e-08, 0.2176358848810196, 0.9760300517082214),
            ["LeftHand"] = CFrame.new(-9.685754776000977e-08, -1.7881393432617188e-07, -7.748603820800781e-07, 0.9689974188804626, 0.16536715626716614, 0.1835695058107376, -0.17348304390907288, 0.9844111800193787, 0.028955815359950066, -0.17591948807239532, -0.05990429222583771, 0.9825802445411682),
            ["LeftFoot"] = CFrame.new(-2.9802322387695312e-08, 0, 1.1175870895385742e-08, 0.9891650676727295, -0.14225807785987854, -0.036263950169086456, 0.1467970460653305, 0.9614179134368896, 0.23265130817890167, 0.0017683024052530527, -0.23545366525650024, 0.9718839526176453),
            ["LowerTorso"] = CFrame.new(-0.11432266980409622, -0.07692670822143555, -0.01121840626001358, 0.9639059901237488, -0.005372952204197645, -0.26618874073028564, -0.00634576752781868, 0.9990487098693848, -0.04314443841576576, 0.2661673426628113, 0.0432763509452343, 0.9629549384117126),
            ["RightLowerLeg"] = CFrame.new(-6.705522537231445e-08, -0.00012242794036865234, -0.0000775141452322714, 1, -8.195638656616211e-08, -5.960463056453591e-08, 1.0989603538291703e-07, 0.8504449129104614, 0.5260637402534485, -5.5879340266073996e-08, -0.5260642766952515, 0.8504452109336853),
            ["LeftUpperLeg"] = CFrame.new(8.940696716308594e-08, -7.264316082000732e-08, 1.1175870895385742e-07, 0.9825018644332886, 0.16666477918624878, 0.0831446424126625, -0.14648346602916718, 0.9671575427055359, -0.20772339403629303, -0.1150343120098114, 0.19190916419029236, 0.9746476411819458),
            ["LeftLowerLeg"] = CFrame.new(1.1548399925231934e-07, 0.00012254714965820312, 0.00007747858762741089, 1, -7.450581485102248e-09, 3.7252885221050747e-08, -1.862644971595273e-08, 0.9999873638153076, 0.00504582142457366, 1.4901159417490817e-08, -0.005045865196734667, 0.9999873042106628),
        }},
        {Time = 0.100, Data = {
            ["RightFoot"] = CFrame.new(7.450580596923828e-09, 4.172325134277344e-07, 4.639878170564771e-08, 0.9764089584350586, 0.2092386931180954, 0.05333772301673889, -0.1846001297235489, 0.937017560005188, -0.29651448130607605, -0.11202049255371094, 0.27967333793640137, 0.9535378217697144),
            ["LeftLowerArm"] = CFrame.new(-2.980232238769531e-07, -4.172325134277344e-07, 6.556510925292969e-07, 1, -1.862644971595273e-08, 8.381900507004048e-09, 4.842877388000488e-08, 0.8836150169372559, -0.46821415424346924, -5.494803190231323e-08, 0.46821412444114685, 0.8836150765419006),
            ["RightUpperArm"] = CFrame.new(-2.384185791015625e-07, 1.1920928955078125e-07, -4.470348358154297e-08, 0.9985985159873962, -0.03697263076901436, 0.03787010908126831, 0.03314739838242531, 0.9947240352630615, 0.09708458185195923, -0.0412597693502903, -0.0956932082772255, 0.9945554733276367),
            ["Head"] = CFrame.new(-2.2724270820617676e-07, 8.344650268554688e-07, 5.8673322200775146e-08, 0.9556413888931274, 0.00926466565579176, 0.2943870723247528, 0.009209918789565563, 0.9980764389038086, -0.06130773946642876, -0.29438892006874084, 0.06129949167370796, 0.953717827796936),
            ["RightHand"] = CFrame.new(-3.501772880554199e-07, 4.172325134277344e-07, 4.470348358154297e-08, 0.9780482053756714, -0.16271407902240753, -0.13017654418945312, 0.14487306773662567, 0.9799931049346924, -0.13647480309009552, 0.14977847039699554, 0.11461985856294632, 0.9820533990859985),
            ["UpperTorso"] = CFrame.new(-2.5704503059387207e-07, -9.834766387939453e-07, 1.0244548320770264e-08, 0.995846152305603, 0.0708882138133049, -0.0571439154446125, -0.05686401203274727, 0.9743504524230957, 0.2177334874868393, 0.07111287862062454, -0.21357965469360352, 0.9743340015411377),
            ["HumanoidRootPart"] = CFrame.new(0, 0, 0, 1, 0, 0, 0, 1, 0, 0, 0, 1),
            ["RightUpperLeg"] = CFrame.new(-2.682209014892578e-07, 2.0803418010473251e-07, 1.2868986232206225e-07, 0.8254773616790771, -0.3063063621520996, -0.4740923345088959, 0.2683877944946289, 0.9519181847572327, -0.1477147489786148, 0.49654310941696167, -0.005305344704538584, 0.8679959177970886),
            ["LeftUpperArm"] = CFrame.new(-1.1920928955078125e-07, 0.0000013113021850585938, 0, 0.9139817953109741, 0.053049150854349136, -0.40227246284484863, -0.03783083334565163, 0.9982391595840454, 0.04568812623620033, 0.4039878845214844, -0.026539839804172516, 0.9143792390823364),
            ["RightLowerArm"] = CFrame.new(-2.384185791015625e-07, 3.5762786865234375e-07, 2.9802322387695312e-08, 1, -2.0489096641540527e-08, -1.234002589001193e-08, 4.0978189730367376e-08, 0.9453041553497314, -0.3261902630329132, 1.7695127141337252e-08, 0.3261902630329132, 0.9453042149543762),
            ["LeftHand"] = CFrame.new(5.21540641784668e-08, 4.76837158203125e-07, -8.642673492431641e-07, 0.9662034511566162, 0.1657567173242569, 0.19742265343666077, -0.18400399386882782, 0.97983717918396, 0.07785701751708984, -0.18053671717643738, -0.11155225336551666, 0.9772219061851501),
            ["LeftFoot"] = CFrame.new(0, -1.1920928955078125e-07, -1.043081283569336e-07, 0.9932869076728821, -0.11209264397621155, -0.028574224561452866, 0.11565332859754562, 0.9572785496711731, 0.2650323212146759, -0.0023546097800135612, -0.26655784249305725, 0.9638160467147827),
            ["LowerTorso"] = CFrame.new(-0.1641625612974167, -0.04763150215148926, -0.0026887357234954834, 0.9642080664634705, 0.006110424641519785, -0.2650764286518097, -0.01752692088484764, 0.9990167021751404, -0.04072479531168938, 0.26456692814826965, 0.04391314834356308, 0.9633669853210449),
            ["RightLowerLeg"] = CFrame.new(-6.705522537231445e-08, -0.00012224912643432617, -0.00007744709000689909, 1, -7.450581307466564e-08, -5.21540641784668e-08, 1.1548398504146462e-07, 0.8173525333404541, 0.5761375427246094, -1.3038514623531228e-07, -0.5761380195617676, 0.8173527717590332),
            ["LeftUpperLeg"] = CFrame.new(-5.960464477539063e-08, 4.782341420650482e-07, 1.30385160446167e-07, 0.9883926510810852, 0.1266644448041916, 0.08388194441795349, -0.10621720552444458, 0.9709205627441406, -0.21454857289791107, -0.10861838608980179, 0.20314863324165344, 0.9731047749519348),
            ["LeftLowerLeg"] = CFrame.new(8.568167686462402e-08, 0.00012254714965820312, 0.00007733702659606934, 1, -7.450582373280668e-09, -1.8626442610525373e-08, 7.450581485102248e-09, 0.9999873042106628, 0.005057711619883776, 7.450581485102248e-09, -0.005057710688561201, 0.9999871850013733),
        }},
        {Time = 0.133, Data = {
            ["RightFoot"] = CFrame.new(3.725290298461914e-08, 2.384185791015625e-07, -7.281050784513354e-08, 0.9835173487663269, 0.17521122097969055, 0.044663410633802414, -0.1498085856437683, 0.927931547164917, -0.3413214385509491, -0.10124800354242325, 0.32900506258010864, 0.938884973526001),
            ["LeftLowerArm"] = CFrame.new(2.682209014892578e-07, -9.5367431640625e-07, 0.0000011920928955078125, 1, -4.4703494239684005e-08, 2.9802322387695312e-08, 4.842879164357328e-08, 0.7770444750785828, -0.6294457316398621, 9.313229298868464e-09, 0.6294457912445068, 0.7770444750785828),
            ["RightUpperArm"] = CFrame.new(-2.980232238769531e-07, 2.384185791015625e-07, 1.1920928955078125e-07, 0.989336371421814, -0.0778178721666336, 0.12311771512031555, 0.0637538805603981, 0.9913966655731201, 0.11431616544723511, -0.1309543251991272, -0.105247862637043, 0.985785961151123),
            ["Head"] = CFrame.new(-2.905726432800293e-07, 0.0000010728836059570312, 1.8533319234848022e-07, 0.9781369566917419, 0.05467228591442108, 0.2006467878818512, -0.03740959241986275, 0.9953429102897644, -0.08884256333112717, -0.20456966757774353, 0.07939409464597702, 0.9756270051002502),
            ["RightHand"] = CFrame.new(-2.3096799850463867e-07, 0, 5.960464477539063e-08, 0.9756008386611938, -0.15943612158298492, -0.15094135701656342, 0.135933518409729, 0.9785193800926208, -0.15499044954776764, 0.17241011559963226, 0.1306908279657364, 0.9763169288635254),
            ["UpperTorso"] = CFrame.new(-2.7008354663848877e-07, -2.086162567138672e-07, 0, 0.9953752160072327, 0.08478322625160217, -0.04516774043440819, -0.07335252314805984, 0.9743981957435608, 0.21252655982971191, 0.06203007698059082, -0.20823052525520325, 0.9761108160018921),
            ["HumanoidRootPart"] = CFrame.new(0, 0, 0, 1, 0, 0, 0, 1, 0, 0, 0, 1),
            ["RightUpperLeg"] = CFrame.new(-4.172325134277344e-07, -6.984919309616089e-09, 1.6408012015745044e-07, 0.800035834312439, -0.2848368287086487, -0.5280252695083618, 0.24596013128757477, 0.9584681987762451, -0.14436829090118408, 0.5472170114517212, -0.014373512007296085, 0.8368673920631409),
            ["LeftUpperArm"] = CFrame.new(-2.384185791015625e-07, 5.960464477539062e-07, 1.4901161193847656e-07, 0.9147055149078369, 0.030687015503644943, -0.40295422077178955, -0.02237856015563011, 0.9994291067123413, 0.025312377139925957, 0.4035010039806366, -0.014135796576738358, 0.9148700833320618),
            ["RightLowerArm"] = CFrame.new(5.960464477539063e-08, -2.384185791015625e-07, 1.7881393432617188e-07, 1, -4.097820749393577e-08, 1.862645504502325e-08, 4.0978196835794733e-08, 0.8979215621948242, -0.44015565514564514, 3.725290742551124e-09, 0.44015565514564514, 0.897921621799469),
            ["LeftHand"] = CFrame.new(1.9371509552001953e-07, 0, -0.0000010132789611816406, 0.9677954316139221, 0.1685265451669693, 0.18700487911701202, -0.1818307787179947, 0.9817164540290833, 0.05630682408809662, -0.17409665882587433, -0.08849667757749557, 0.9807440638542175),
            ["LeftFoot"] = CFrame.new(8.754432201385498e-08, 0, 5.21540641784668e-08, 0.9965247511863708, -0.08071690052747726, -0.02057609148323536, 0.08317111432552338, 0.9505303502082825, 0.299290269613266, -0.004599517211318016, -0.2999613881111145, 0.9539403319358826),
            ["LowerTorso"] = CFrame.new(-0.22049163281917572, -0.03224921226501465, 0.004949599504470825, 0.9646136164665222, 0.026964297518134117, -0.26228511333465576, -0.033873382955789566, 0.999187171459198, -0.021855410188436508, 0.2614825963973999, 0.029966512694954872, 0.96474289894104),
            ["RightLowerLeg"] = CFrame.new(-1.043081283569336e-07, -0.00012224912643432617, -0.00007745454058749601, 1, -1.4901161193847656e-07, 2.2351747119842003e-08, 9.313227877782992e-08, 0.7956346273422241, 0.6057766675949097, -2.7939684343891713e-08, -0.6057769060134888, 0.7956347465515137),
            ["LeftUpperLeg"] = CFrame.new(5.960464477539063e-08, 4.577450454235077e-07, 9.499490261077881e-08, 0.9932058453559875, 0.07923352718353271, 0.08523066341876984, -0.0568280853331089, 0.9693709015846252, -0.23893630504608154, -0.10155199468135834, 0.23246942460536957, 0.9672876000404358),
            ["LeftLowerLeg"] = CFrame.new(6.332993507385254e-08, 0.0001226663589477539, 0.00007745623588562012, 1, 0, 2.607702498380604e-08, 1.1175873559921001e-08, 0.9999871850013733, 0.005062305834144354, -1.1175873559921001e-08, -0.0050621493719518185, 0.9999871850013733),
        }},
        {Time = 0.167, Data = {
            ["RightFoot"] = CFrame.new(-1.6763806343078613e-08, 4.76837158203125e-07, 9.145878721028566e-09, 0.9905390739440918, 0.1329786479473114, 0.03389770910143852, -0.10641138255596161, 0.9002545475959778, -0.422159343957901, -0.08665511012077332, 0.4145582318305969, 0.9058876633644104),
            ["LeftLowerArm"] = CFrame.new(-2.384185791015625e-07, -9.5367431640625e-07, 8.940696716308594e-07, 1, -4.0978189730367376e-08, 1.862644971595273e-08, 8.568168397005138e-08, 0.6505600810050964, -0.7594547867774963, 2.6077035641947077e-08, 0.7594548463821411, 0.6505601406097412),
            ["RightUpperArm"] = CFrame.new(-3.5762786865234375e-07, 1.1920928955078125e-07, 1.341104507446289e-07, 0.9712459444999695, -0.08641811460256577, 0.22184079885482788, 0.05738203972578049, 0.9892975687980652, 0.13415543735027313, -0.23106002807617188, -0.11756820231676102, 0.9658100008964539),
            ["Head"] = CFrame.new(-2.0582228899002075e-07, 8.344650268554688e-07, 1.8370337784290314e-07, 0.9795920848846436, 0.11846790462732315, 0.16237272322177887, -0.10268057882785797, 0.9894275665283203, -0.10242043435573578, -0.17278960347175598, 0.08365768939256668, 0.981399655342102),
            ["RightHand"] = CFrame.new(-9.313225746154785e-10, 1.7881393432617188e-07, -4.470348358154297e-08, 0.9722198247909546, -0.16069523990154266, -0.17019279301166534, 0.12703381478786469, 0.9729456901550293, -0.19297482073307037, 0.1965983808040619, 0.16599369049072266, 0.9663307666778564),
            ["UpperTorso"] = CFrame.new(-2.4633482098579407e-07, -7.748603820800781e-07, -2.7939677238464355e-09, 0.9974963068962097, 0.06371535360813141, -0.030683932825922966, -0.05702275037765503, 0.9812875986099243, 0.18391069769859314, 0.04182766005396843, -0.18170052766799927, 0.9824639558792114),
            ["HumanoidRootPart"] = CFrame.new(0, 0, 0, 1, 0, 0, 0, 1, 0, 0, 0, 1),
            ["RightUpperLeg"] = CFrame.new(-1.4901161193847656e-07, -2.2584572434425354e-08, 1.5104160411283374e-07, 0.8314046263694763, -0.20160600543022156, -0.5178044438362122, 0.18778246641159058, 0.9789757132530212, -0.07965241372585297, 0.522976279258728, -0.031011097133159637, 0.8517829775810242),
            ["LeftUpperArm"] = CFrame.new(0, 3.5762786865234375e-07, 1.1920928955078125e-07, 0.9175059795379639, 0.04857063293457031, -0.394745409488678, -0.041518617421388626, 0.9987891316413879, 0.026392297819256783, 0.3955492675304413, -0.007825742475688457, 0.9184114336967468),
            ["RightLowerArm"] = CFrame.new(5.960464477539063e-08, 2.384185791015625e-07, -1.862645149230957e-07, 1, -5.7742006731587026e-08, 1.1175873559921001e-08, 4.284083843231201e-08, 0.8419153690338135, -0.5396097302436829, 1.30385160446167e-08, 0.5396096706390381, 0.8419152498245239),
            ["LeftHand"] = CFrame.new(-5.960464477539063e-08, 8.344650268554688e-07, -7.748603820800781e-07, 0.970943033695221, 0.17301398515701294, 0.16533596813678741, -0.17568235099315643, 0.9844458103179932, 0.0015402293065562844, -0.16249768435955048, -0.03054211661219597, 0.9862361550331116),
            ["LeftFoot"] = CFrame.new(1.4901161193847656e-08, -1.1920928955078125e-07, 5.21540641784668e-08, 0.9984210133552551, -0.054433856159448624, -0.013876143842935562, 0.05614137277007103, 0.9584023356437683, 0.2798452079296112, -0.0019340391736477613, -0.2801819443702698, 0.9599449038505554),
            ["LowerTorso"] = CFrame.new(-0.27592170238494873, -0.05121731758117676, 0.010711289942264557, 0.9650044441223145, 0.04687528312206268, -0.25801005959510803, -0.044016577303409576, 0.9988887310028076, 0.016848184168338776, 0.25851309299468994, -0.004901852458715439, 0.9659953117370605),
            ["RightLowerLeg"] = CFrame.new(-5.960464477539063e-08, -0.00012236833572387695, -0.00007742101297480986, 1, -8.940699558479537e-08, 8.940694584680386e-08, 7.078052277620372e-08, 0.8205592036247253, 0.5715606808662415, -2.374872920540838e-08, -0.5715615153312683, 0.8205599188804626),
            ["LeftUpperLeg"] = CFrame.new(-1.1920928955078125e-07, -2.0337756723165512e-07, 1.4156103134155273e-07, 0.99562007188797, 0.04073161259293556, 0.08415300399065018, -0.015027624554932117, 0.9581246972084045, -0.2859569489955902, -0.09227661788463593, 0.2834397554397583, 0.9545401334762573),
            ["LeftLowerLeg"] = CFrame.new(1.2293457984924316e-07, 0.0001226663589477539, 0.0000775754451751709, 1, -1.5832492650247332e-08, -3.725287101019603e-08, 8.381902283360887e-09, 0.9999871850013733, 0.005065517034381628, -1.4901159417490817e-08, -0.00506539735943079, 0.9999871850013733),
        }},
        {Time = 0.200, Data = {
            ["RightFoot"] = CFrame.new(-4.842877388000488e-08, 3.5762786865234375e-07, 4.639878170564771e-08, 0.9965284466743469, 0.08067429065704346, 0.02056477777659893, -0.0526183620095253, 0.8017310500144958, -0.5953636169433594, -0.06451791524887085, 0.592215359210968, 0.8031931519508362),
            ["LeftLowerArm"] = CFrame.new(-2.980232238769531e-07, -0.0000013709068298339844, 0.0000010132789611816406, 1, -5.215407838932151e-08, 1.8626442610525373e-08, 9.313224325069314e-08, 0.5417351126670837, -0.8405493497848511, -4.284083487959833e-08, 0.8405493497848511, 0.541735053062439),
            ["RightUpperArm"] = CFrame.new(-3.5762786865234375e-07, 1.1920928955078125e-07, 6.705522537231445e-08, 0.9445139765739441, -0.06848025321960449, 0.32125353813171387, 0.032949160784482956, 0.992845892906189, 0.11476726830005646, -0.3268145024776459, -0.09781433641910553, 0.9400131106376648),
            ["Head"] = CFrame.new(-2.2351741790771484e-07, 0.0000010728836059570312, -5.587935447692871e-09, 0.9731519818305969, 0.18982817232608795, 0.13015608489513397, -0.17097504436969757, 0.9747912287712097, -0.14335161447525024, -0.15408726036548615, 0.11724945902824402, 0.9810758233070374),
            ["RightHand"] = CFrame.new(-2.4354085326194763e-07, 5.364418029785156e-07, -7.450580596923828e-09, 0.9691491723060608, -0.15889275074005127, -0.18842244148254395, 0.11132101714611053, 0.964234471321106, -0.24054035544395447, 0.21990349888801575, 0.212144136428833, 0.9521751403808594),
            ["UpperTorso"] = CFrame.new(-2.621673047542572e-07, -4.76837158203125e-07, -2.421438694000244e-08, 0.9997920393943787, 0.019430944696068764, -0.006188555620610714, -0.018350087106227875, 0.9896054267883301, 0.14263372123241425, 0.008895769715309143, -0.14249052107334137, 0.989756166934967),
            ["HumanoidRootPart"] = CFrame.new(0, 0, 0, 1, 0, 0, 0, 1, 0, 0, 0, 1),
            ["RightUpperLeg"] = CFrame.new(-2.980232238769531e-07, -3.5669654607772827e-07, 1.0633812053129077e-07, 0.8911186456680298, -0.13324587047100067, -0.43376660346984863, 0.09457676112651825, 0.9894605278968811, -0.10964992642402649, 0.44380509853363037, 0.05668671429157257, 0.8943285346031189),
            ["LeftUpperArm"] = CFrame.new(0, 3.5762786865234375e-07, 2.9802322387695312e-08, 0.9195079207420349, 0.09942816197872162, -0.38028860092163086, -0.10056943446397781, 0.9947862029075623, 0.01692228391766548, 0.37998834252357483, 0.022685235366225243, 0.9247130155563354),
            ["RightLowerArm"] = CFrame.new(1.1920928955078125e-07, -3.5762786865234375e-07, -2.086162567138672e-07, 1, -4.842878453814592e-08, 1.1175872671742582e-08, 6.33299421792799e-08, 0.7934556007385254, -0.6086281538009644, 2.6077035641947077e-08, 0.6086281538009644, 0.7934556603431702),
            ["LeftHand"] = CFrame.new(-7.450580596923828e-08, 5.364418029785156e-07, -0.0000011920928955078125, 0.9745020270347595, 0.17729002237319946, 0.13752850890159607, -0.16920985281467438, 0.9831991195678711, -0.06846538931131363, -0.14735598862171173, 0.04344862326979637, 0.9881287813186646),
            ["LeftFoot"] = CFrame.new(1.0151416063308716e-07, 0, 1.1175870895385742e-08, 0.999592125415802, -0.02767510712146759, -0.007054971065372229, 0.027958709746599197, 0.9986448287963867, 0.04389610141515732, 0.005830608773976564, -0.04407545551657677, 0.9990112781524658),
            ["LowerTorso"] = CFrame.new(-0.3314467966556549, -0.15598583221435547, 0.013684742152690887, 0.9657719731330872, 0.0648491159081459, -0.2511555254459381, -0.04221968352794647, 0.9946321845054626, 0.09446905553340912, 0.25593358278274536, -0.08063185960054398, 0.9633257389068604),
            ["RightLowerLeg"] = CFrame.new(-2.2351741790771484e-08, -0.0001220703125, -0.00007739563443465158, 1, -1.2665981330428622e-07, 1.4901166522918174e-08, 1.005828522693264e-07, 0.7535948157310486, 0.657339334487915, 1.2805687177319669e-08, -0.6573392748832703, 0.7535948157310486),
            ["LeftUpperLeg"] = CFrame.new(0, -4.7497451305389404e-07, 1.1175870895385742e-07, 0.9966270327568054, 0.03692324459552765, 0.07328935712575912, 0.01636599749326706, 0.785700798034668, -0.6183900833129883, -0.08041652292013168, 0.617503821849823, 0.7824464440345764),
            ["LeftLowerLeg"] = CFrame.new(-1.4901161193847656e-08, 0.0001227855682373047, 0.00007747113704681396, 1, 4.190952651583757e-08, 1.548323602662549e-08, -2.7939677238464355e-08, 0.8670265078544617, 0.4982616901397705, 2.60770320892334e-08, -0.4982619881629944, 0.867026686668396),
        }},
        {Time = 0.233, Data = {
            ["RightFoot"] = CFrame.new(7.450580596923828e-08, 2.980232238769531e-07, -1.39865733217448e-07, 0.9997895956039429, 0.01987813413143158, 0.005067149642854929, -0.010013424791395664, 0.6884868144989014, -0.7251796126365662, -0.017903853207826614, 0.7249764204025269, 0.6885411739349365),
            ["LeftLowerArm"] = CFrame.new(-2.384185791015625e-07, -0.0000010728836059570312, 2.384185791015625e-07, 1, -8.940696716308594e-08, -1.8626444386882213e-08, 7.4505820180093e-08, 0.4960829019546509, -0.8682751655578613, 3.539026494081554e-08, 0.8682751655578613, 0.4960829019546509),
            ["RightUpperArm"] = CFrame.new(-1.1920928955078125e-07, -4.76837158203125e-07, -8.940696716308594e-08, 0.9102174639701843, -0.06734480708837509, 0.40861842036247253, 0.03280429169535637, 0.9953137040138245, 0.09096545726060867, -0.4128294587135315, -0.06939388066530228, 0.908160924911499),
            ["Head"] = CFrame.new(-2.1606683731079102e-07, 9.5367431640625e-07, -2.2351741790771484e-08, 0.9795579314231873, 0.1696193516254425, 0.10814576596021652, -0.14776378870010376, 0.9715034365653992, -0.18532924354076385, -0.13649949431419373, 0.16556057333946228, 0.9767075777053833),
            ["RightHand"] = CFrame.new(-3.8743019104003906e-07, 5.960464477539062e-07, 1.043081283569336e-07, 0.9671990871429443, -0.14645420014858246, -0.20755042135715485, 0.08278949558734894, 0.9541943669319153, -0.2875050902366638, 0.24014973640441895, 0.2608916759490967, 0.9350206851959229),
            ["UpperTorso"] = CFrame.new(-2.1606683731079102e-07, -2.384185791015625e-07, 1.1175870895385742e-08, 0.9996423721313477, -0.006514150183647871, 0.025940030813217163, 0.0032728170044720173, 0.9923902750015259, 0.12308944761753082, -0.026544446125626564, -0.1229603961110115, 0.9920565485954285),
            ["HumanoidRootPart"] = CFrame.new(0, 0, 0, 1, 0, 0, 0, 1, 0, 0, 0, 1),
            ["RightUpperLeg"] = CFrame.new(-2.384185791015625e-07, 3.096647560596466e-07, 1.4545366866514087e-07, 0.9422367215156555, -0.053729161620140076, -0.3306103050708771, 0.008194982074201107, 0.9904528260231018, -0.1376081258058548, 0.33484745025634766, 0.12695001065731049, 0.933681309223175),
            ["LeftUpperArm"] = CFrame.new(-1.1920928955078125e-07, 5.960464477539062e-07, 2.9802322387695312e-08, 0.9238882064819336, 0.136837899684906, -0.35736000537872314, -0.1451282948255539, 0.989406168460846, 0.0036543672904372215, 0.3540741205215454, 0.04848683625459671, 0.9339596033096313),
            ["RightLowerArm"] = CFrame.new(7.152557373046875e-07, -6.556510925292969e-07, 9.220093488693237e-08, 1, -5.215407838932151e-08, 2.2351748896198842e-08, 5.960465188081798e-08, 0.7729541659355164, -0.6344618797302246, 1.4901162970204496e-08, 0.6344619989395142, 0.7729542851448059),
            ["LeftHand"] = CFrame.new(1.6391277313232422e-07, 3.5762786865234375e-07, -7.152557373046875e-07, 0.9775813221931458, 0.1798364669084549, 0.10951569676399231, -0.16458255052566528, 0.9770427942276001, -0.1352773904800415, -0.13132928311824799, 0.11422038078308105, 0.9847367405891418),
            ["LeftFoot"] = CFrame.new(9.604264050722122e-08, -1.1920928955078125e-07, -5.774199962615967e-08, 1, 0.00016657404194120318, 0.0000423116835008841, -0.00016154954209923744, 0.9951870441436768, -0.09799438714981079, -0.000058407080359756947, 0.09799439460039139, 0.9951870441436768),
            ["LowerTorso"] = CFrame.new(-0.38136351108551025, -0.2680478096008301, 0.014660507440567017, 0.9665632247924805, 0.06635366380214691, -0.24769526720046997, -0.030111752450466156, 0.9886281490325928, 0.14733505249023438, 0.25465476512908936, -0.13495008647441864, 0.9575695395469666),
            ["RightLowerLeg"] = CFrame.new(-1.862645149230957e-08, -0.00012218952178955078, -0.00007741263107163832, 1, -7.264316082000732e-08, -1.1175872316471214e-07, 1.0803343286625022e-07, 0.6849537491798401, 0.7285860776901245, -3.4633562684405206e-09, -0.7285866141319275, 0.6849542260169983),
            ["LeftUpperLeg"] = CFrame.new(1.4901161193847656e-07, 6.435438990592957e-07, 1.4901161193847656e-07, 0.9970442056655884, 0.035178378224372864, 0.06830441206693649, 0.034875500947237015, 0.5849303007125854, -0.810333788394928, -0.06845953315496445, 0.8103203773498535, 0.5819739699363708),
            ["LeftLowerLeg"] = CFrame.new(4.516914486885071e-08, 0.00012254714965820312, 0.00007731467485427856, 1, 6.007032737898044e-08, 3.0326177125061804e-08, -1.0384246706962585e-07, 0.6308358311653137, 0.775915801525116, 4.470348358154297e-08, -0.775916337966919, 0.630836546421051),
        }},
        {Time = 0.267, Data = {
            ["RightFoot"] = CFrame.new(3.003515303134918e-08, 3.5762786865234375e-07, -3.55576048605144e-08, 0.9999573826789856, 0.008952945470809937, 0.0022821573074907064, -0.0037163265515118837, 0.6158915758132935, -0.7878221869468689, -0.00845880713313818, 0.7877801656723022, 0.6158985495567322),
            ["LeftLowerArm"] = CFrame.new(8.940696716308594e-08, -0.0000010728836059570312, 7.748603820800781e-07, 1, -9.685753354915505e-08, 4.097818262494002e-08, 4.4703469370688254e-08, 0.5200531482696533, -0.8541339635848999, 6.891784920526334e-08, 0.8541339635848999, 0.5200530886650085),
            ["RightUpperArm"] = CFrame.new(-2.980232238769531e-07, -2.384185791015625e-07, 5.960464477539063e-08, 0.8512631058692932, -0.1442265659570694, 0.5045294165611267, 0.13584765791893005, 0.9892792701721191, 0.0535910427570343, -0.5068496465682983, 0.02291904203593731, 0.8617298007011414),
            ["Head"] = CFrame.new(-2.1606683731079102e-07, 2.384185791015625e-07, 3.725290298461914e-09, 0.9882802963256836, 0.13473698496818542, 0.07175032794475555, -0.11774025857448578, 0.9719725251197815, -0.2034866213798523, -0.09715653955936432, 0.1926538348197937, 0.976445198059082),
            ["RightHand"] = CFrame.new(-2.8312206268310547e-07, 0, -5.960464477539063e-08, 0.967814564704895, -0.08686034381389618, -0.2361997812986374, 0.0022121185902506113, 0.9414498805999756, -0.3371458947658539, 0.25165483355522156, 0.3257721960544586, 0.9113410115242004),
            ["UpperTorso"] = CFrame.new(-2.4959444999694824e-07, -6.556510925292969e-07, -6.705522537231445e-08, 0.9971556067466736, 0.011271212249994278, 0.07452408224344254, -0.02191002480685711, 0.9894044995307922, 0.14352257549762726, -0.07211671769618988, -0.1447470635175705, 0.9868370890617371),
            ["HumanoidRootPart"] = CFrame.new(0, 0, 0, 1, 0, 0, 0, 1, 0, 0, 0, 1),
            ["RightUpperLeg"] = CFrame.new(-3.2782554626464844e-07, -1.932494342327118e-07, 1.6221747500821948e-07, 0.9617066383361816, -0.008613687939941883, -0.2739456295967102, -0.03150268644094467, 0.9894078969955444, -0.14170269668102264, 0.2722645699977875, 0.14490625262260437, 0.9512487649917603),
            ["LeftUpperArm"] = CFrame.new(5.960464477539063e-08, 7.152557373046875e-07, -1.1920928955078125e-07, 0.9574468731880188, 0.13216929137706757, -0.25656771659851074, -0.14024776220321655, 0.9900262951850891, -0.013363821431994438, 0.25224247574806213, 0.048778217285871506, 0.9664338827133179),
            ["RightLowerArm"] = CFrame.new(-3.5762786865234375e-07, -8.940696716308594e-07, -5.960464477539063e-08, 1, -9.313229298868464e-08, 5.215408194203519e-08, 5.5879375793210784e-08, 0.7739136815071106, -0.6332911252975464, 6.7986569263212e-08, 0.6332911252975464, 0.7739138007164001),
            ["LeftHand"] = CFrame.new(0, 4.76837158203125e-07, -8.344650268554688e-07, 0.9810362458229065, 0.17975029349327087, 0.07251051068305969, -0.15986180305480957, 0.9619219303131104, -0.22169902920722961, -0.10959997773170471, 0.20590312778949738, 0.9724155068397522),
            ["LeftFoot"] = CFrame.new(3.632158041000366e-08, 1.7881393432617188e-07, 2.9802322387695312e-08, 0.999138355255127, 0.0402185320854187, 0.010252215899527073, -0.03848760947585106, 0.9902552962303162, -0.1338406801223755, -0.015535024926066399, 0.13333038985729218, 0.9909498691558838),
