return {
    ["Click Click Flash"] = {
        {Time = 0.000, Data = {
            ["LeftFoot"] = CFrame.new(7.968628779053688e-08, 0, -1.862645149230957e-08, 0.9955053925514221, -0.0027526961639523506, 0.09466502815485, 0.02472553215920925, 0.9724639058113098, -0.23173803091049194, -0.09142045676708221, 0.2330373227596283, 0.9681612253189087),
            ["LeftLowerArm"] = CFrame.new(-1.7881393432617188e-07, -2.384185791015625e-07, -4.470348358154297e-08, 1, -1.1920926112907182e-07, 2.1379671011345636e-07, 5.960463766996327e-08, -0.476179838180542, -0.8793478608131409, 1.4156101713069802e-07, 0.8793479800224304, -0.47617989778518677),
            ["LowerTorso"] = CFrame.new(-0.06936343014240265, -0.03268003463745117, 0.1348247230052948, 0.9986870884895325, -0.030258838087320328, 0.0413365364074707, 0.037102386355400085, 0.9836254715919495, -0.17636477947235107, -0.03532307967543602, 0.17766690254211426, 0.983456552028656),
            ["Head"] = CFrame.new(5.587935447692871e-09, -3.5762786865234375e-07, 3.4226104617118835e-08, 0.8709561228752136, 0.07631433010101318, -0.4853985607624054, -0.029611743986606598, 0.9942219853401184, 0.1031789481639862, 0.4904678463935852, -0.07549073547124863, 0.868183434009552),
            ["RightUpperArm"] = CFrame.new(2.384185791015625e-07, -5.960464477539062e-07, 7.450580596923828e-08, 0.6399771571159363, -0.6171032190322876, 0.4578351080417633, 0.44343316555023193, -0.18999774754047394, -0.8759382963180542, 0.6275319457054138, 0.7635996341705322, 0.15204989910125732),
            ["UpperTorso"] = CFrame.new(5.238689482212067e-09, -1.1920928955078125e-07, -4.423782229423523e-09, 0.9991200566291809, 0.040307145565748215, -0.011597166769206524, -0.03985686972737312, 0.9985297322273254, 0.036740124225616455, 0.013061008416116238, -0.03624558821320534, 0.9992576241493225),
            ["HumanoidRootPart"] = CFrame.new(0, 0, 0, 1, 0, 0, 0, 1, 0, 0, 0, 1),
            ["RightHand"] = CFrame.new(-2.682209014892578e-07, -2.980232238769531e-07, 1.043081283569336e-07, 0.7384127974510193, 0.26828038692474365, -0.6186859011650085, -0.3920118808746338, 0.9172846078872681, -0.0701119527220726, 0.5487013459205627, 0.29430389404296875, 0.7825037240982056),
            ["LeftUpperArm"] = CFrame.new(0, -3.5762786865234375e-07, -3.725290298461914e-09, 0.4828677475452423, -0.2814391255378723, -0.8292351961135864, -0.7133342623710632, 0.42284372448921204, -0.5588894486427307, 0.5079302191734314, 0.8613914847373962, 0.0034173994790762663),
            ["RightLowerArm"] = CFrame.new(-5.960464477539063e-08, -5.364418029785156e-07, -2.0954757928848267e-08, 1, -2.9802311729554276e-08, 8.940698137394065e-08, 0, 0.9483410716056824, -0.3172527253627777, 1.2107191693644381e-08, 0.31725263595581055, 0.9483410716056824),
            ["LeftHand"] = CFrame.new(3.5390257835388184e-08, 0, 6.123445928096771e-08, 0.21172526478767395, -0.12360519170761108, 0.9694814682006836, 0.06506440788507462, 0.9915521144866943, 0.11220969259738922, -0.9751611351966858, 0.03932158648967743, 0.2179788053035736),
            ["RightUpperLeg"] = CFrame.new(0, -2.1327286958694458e-07, -4.8261426854878664e-08, 0.8981603384017944, -0.12103452533483505, -0.4226803183555603, 0.20674040913581848, 0.9647122621536255, 0.1630604863166809, 0.388029009103775, -0.23383979499340057, 0.8914890289306641),
            ["LeftUpperLeg"] = CFrame.new(-5.960464477539063e-08, -2.7194619178771973e-07, -2.2351741790771484e-08, 0.9991843700408936, 0.03690469264984131, -0.01639246568083763, -0.03800511360168457, 0.9966185092926025, -0.07285147905349731, 0.013648491352796555, 0.07341497391462326, 0.9972080588340759),
            ["RightLowerLeg"] = CFrame.new(-6.705522537231445e-08, 1.1920928955078125e-07, 7.639755494892597e-10, 1, -4.8428763221863846e-08, -2.23517560016262e-08, 8.381903882082042e-08, 0.8850325345993042, 0.4655292332172394, -4.260801134137182e-08, -0.4655291438102722, 0.885032594203949),
            ["RightFoot"] = CFrame.new(2.2351741790771484e-08, 4.172325134277344e-07, 1.6952981241047382e-09, 0.9581813216209412, 0.2420434057712555, -0.1526561975479126, -0.2562239170074463, 0.9632152915000916, -0.08102700859308243, 0.12742871046066284, 0.11675311625003815, 0.9849522113800049),
            ["LeftLowerLeg"] = CFrame.new(5.5995769798755646e-08, 5.960464477539063e-08, 1.210719347000122e-08, 1, 4.00468671557519e-08, 9.895306796181558e-09, -4.167668876675634e-08, 0.8841872215270996, 0.4671330749988556, 6.926712536881041e-09, -0.4671328067779541, 0.8841869831085205),
        }},
        {Time = 0.033, Data = {
            ["LeftFoot"] = CFrame.new(-1.7345882952213287e-08, 0, -1.3969838619232178e-08, 0.9954900741577148, 0.0071868556551635265, 0.0945938378572464, 0.01531367190182209, 0.9718753099441528, -0.2349976897239685, -0.09362238645553589, 0.23538634181022644, 0.9673821330070496),
            ["LeftLowerArm"] = CFrame.new(-1.7881393432617188e-07, 0, 6.51925802230835e-08, 1, -8.940694584680386e-08, 1.0430811414607888e-07, 5.960465188081798e-08, -0.47946280241012573, -0.8775622844696045, 1.1734665861240501e-07, 0.8775621652603149, -0.47946274280548096),
            ["LowerTorso"] = CFrame.new(-0.08674745261669159, -0.030746936798095703, 0.11640390753746033, 0.9987220764160156, -0.02696128748357296, 0.04274680092930794, 0.034313373267650604, 0.9827254414558411, -0.18186108767986298, -0.03710515424609184, 0.18309545516967773, 0.9823947548866272),
            ["Head"] = CFrame.new(4.190951585769653e-09, 1.1920928955078125e-07, -4.1443854570388794e-08, 0.8686761260032654, 0.08137927204370499, -0.48865050077438354, -0.029462037608027458, 0.993155300617218, 0.1130242645740509, 0.4945036768913269, -0.08378475904464722, 0.8651279807090759),
            ["RightUpperArm"] = CFrame.new(1.1920928955078125e-07, 0, 1.1175870895385742e-08, 0.6422425508499146, -0.6198106408119202, 0.45095399022102356, 0.45564180612564087, -0.16438284516334534, -0.8748537302017212, 0.6163726449012756, 0.7673416137695312, 0.17683792114257812),
            ["UpperTorso"] = CFrame.new(4.6566128730773926e-09, 1.1920928955078125e-07, -1.3969838619232178e-08, 0.9994138479232788, 0.03264172747731209, -0.01032197941094637, -0.032283198088407516, 0.9989280104637146, 0.03317737206816673, 0.01139388233423233, -0.03282470628619194, 0.9993962049484253),
            ["HumanoidRootPart"] = CFrame.new(0, 0, 0, 1, 0, 0, 0, 1, 0, 0, 0, 1),
            ["RightHand"] = CFrame.new(2.086162567138672e-07, -5.960464477539063e-08, -4.470348358154297e-08, 0.7430251836776733, 0.2683599293231964, -0.6131043434143066, -0.3933827579021454, 0.9162535071372986, -0.07569286972284317, 0.541445791721344, 0.29742640256881714, 0.7863673567771912),
            ["LeftUpperArm"] = CFrame.new(0, 0, -5.587935447692871e-08, 0.4795137345790863, -0.2973749339580536, -0.8256118297576904, -0.7036905884742737, 0.43180933594703674, -0.5642343759536743, 0.5242959856987, 0.8515332937240601, -0.002201416762545705),
            ["RightLowerArm"] = CFrame.new(-1.7881393432617188e-07, 1.1920928955078125e-07, -5.3085386753082275e-08, 1, -1.4901155864777138e-08, -2.9802315282267955e-08, -4.470348358154297e-08, 0.9509669542312622, -0.3092924654483795, 3.725290298461914e-09, 0.30929234623908997, 0.950967013835907),
            ["LeftHand"] = CFrame.new(3.166496753692627e-08, -2.384185791015625e-07, 8.381903171539307e-08, 0.22005592286586761, -0.13897226750850677, 0.9655373096466064, 0.05806617811322212, 0.9899109601974487, 0.1292465776205063, -0.9737576246261597, 0.02762364223599434, 0.22590504586696625),
            ["RightUpperLeg"] = CFrame.new(0, 3.259629011154175e-07, 2.8107024263590574e-08, 0.9093056917190552, -0.16864348948001862, -0.3804241716861725, 0.2122117578983307, 0.9743167757987976, 0.07531918585300446, 0.3579515218734741, -0.14921872317790985, 0.921739935874939),
            ["LeftUpperLeg"] = CFrame.new(0, 2.0302832126617432e-07, 2.421438694000244e-08, 0.9995973110198975, 0.0244461540132761, -0.01440976932644844, -0.02510608732700348, 0.9985533356666565, -0.047551073133945465, 0.013226485811173916, 0.04789375886321068, 0.9987649321556091),
            ["RightLowerLeg"] = CFrame.new(7.450580596923828e-09, 1.1920928955078125e-07, -2.0656443666666746e-08, 1, -6.332995639013461e-08, -4.4703494239684005e-08, 1.0337680578231812e-07, 0.7978009581565857, 0.6029205322265625, -4.284083843231201e-08, -0.6029210686683655, 0.7978013157844543),
            ["RightFoot"] = CFrame.new(5.21540641784668e-08, 3.5762786865234375e-07, 4.639878170564771e-08, 0.9576963186264038, 0.24948889017105103, -0.14343291521072388, -0.2627277672290802, 0.9613804817199707, -0.08198671042919159, 0.11743885278701782, 0.11620238423347473, 0.9862582087516785),
            ["LeftLowerLeg"] = CFrame.new(-6.996560841798782e-08, 0, -5.587935447692871e-09, 1, 3.958122363201255e-08, 1.0826625818083357e-08, -3.9406586438417435e-08, 0.8921921849250793, 0.4516559839248657, 8.498318493366241e-09, -0.4516561031341553, 0.8921922445297241),
        }},
        {Time = 0.067, Data = {
            ["LeftFoot"] = CFrame.new(6.239861249923706e-08, -1.7881393432617188e-07, 1.862645149230957e-08, 0.9953905344009399, 0.017402900382876396, 0.0943135991692543, 0.0048302882350981236, 0.9730535745620728, -0.23052842915058136, -0.09578409790992737, 0.22992143034934998, 0.9684841632843018),
            ["LeftLowerArm"] = CFrame.new(-1.7881393432617188e-07, 1.7881393432617188e-07, -9.313225746154785e-09, 1, -1.341104507446289e-07, 1.364387571811676e-07, 4.4703494239684005e-08, -0.4813789427280426, -0.8765125274658203, 1.1920931797249068e-07, 0.8765125870704651, -0.48137906193733215),
            ["LowerTorso"] = CFrame.new(-0.10469239950180054, -0.029525160789489746, 0.09670975804328918, 0.9988988637924194, -0.016386238858103752, 0.0439632385969162, 0.024283062666654587, 0.9823247790336609, -0.18560302257537842, -0.040144845843315125, 0.18646621704101562, 0.9816408157348633),
            ["Head"] = CFrame.new(1.3969838619232178e-08, 3.5762786865234375e-07, -2.7706846594810486e-08, 0.8674530386924744, 0.08791103214025497, -0.4896906912326813, -0.03515451028943062, 0.9926354289054871, 0.11592775583267212, 0.4962756633758545, -0.08334695547819138, 0.8641549348831177),
            ["RightUpperArm"] = CFrame.new(0, 9.5367431640625e-07, -1.862645149230957e-09, 0.6452766060829163, -0.621907651424408, 0.443676620721817, 0.46701323986053467, -0.13848842680454254, -0.8733382821083069, 0.6045798063278198, 0.7707476019859314, 0.20107579231262207),
            ["UpperTorso"] = CFrame.new(-7.450580596923828e-09, 0, 2.514570951461792e-08, 0.9998703002929688, 0.011591899208724499, -0.011189405806362629, -0.011257859878242016, 0.9995023608207703, 0.029468024149537086, 0.011525430716574192, -0.029338255524635315, 0.9995031952857971),
            ["HumanoidRootPart"] = CFrame.new(0, 0, 0, 1, 0, 0, 0, 1, 0, 0, 0, 1),
            ["RightHand"] = CFrame.new(-2.9802322387695312e-08, -5.960464477539063e-08, 2.2351741790771484e-08, 0.7483546137809753, 0.2691103219985962, -0.6062552332878113, -0.3923267126083374, 0.9165610074996948, -0.07743197679519653, 0.5348318815231323, 0.29579657316207886, 0.7914915680885315),
            ["LeftUpperArm"] = CFrame.new(0, 7.152557373046875e-07, -2.2351741790771484e-08, 0.47328054904937744, -0.31098413467407227, -0.8241932392120361, -0.6929799914360046, 0.4461970925331116, -0.5662922859191895, 0.5438606142997742, 0.8391644358634949, -0.00432937266305089),
            ["RightLowerArm"] = CFrame.new(-1.7881393432617188e-07, -1.1920928955078125e-07, 2.6263296604156494e-07, 1, -2.9802322387695312e-08, 6.705521116145974e-08, 7.450581485102248e-09, 0.9522584676742554, -0.30529290437698364, 2.0489098417897367e-08, 0.3052930533885956, 0.9522585272789001),
            ["LeftHand"] = CFrame.new(8.568167686462402e-08, 1.1920928955078125e-07, -9.685754776000977e-08, 0.2317287027835846, -0.15926088392734528, 0.9596551060676575, 0.056550633162260056, 0.9870444536209106, 0.15015095472335815, -0.9711353778839111, 0.019474666565656662, 0.23773270845413208),
            ["RightUpperLeg"] = CFrame.new(0, 4.996545612812042e-07, -2.9634975362569094e-08, 0.9169994592666626, -0.21621449291706085, -0.33520662784576416, 0.21628817915916443, 0.9756052494049072, -0.037600334733724594, 0.3351590931415558, -0.03802187368273735, 0.9413940906524658),
            ["LeftUpperLeg"] = CFrame.new(0, 1.993030309677124e-07, 1.4901161193847656e-08, 0.999912679195404, 0.004443833604454994, -0.012451914139091969, -0.00462115416303277, 0.9998878836631775, -0.014247327111661434, 0.012387210503220558, 0.014303603209555149, 0.9998209476470947),
            ["RightLowerLeg"] = CFrame.new(-2.2351741790771484e-08, 2.384185791015625e-07, -2.438173396512866e-08, 1, -1.0803343286625022e-07, -3.7252917195473856e-08, 1.30385160446167e-07, 0.6755781173706055, 0.7372883558273315, -9.313225746154785e-08, -0.7372884750366211, 0.6755782961845398),
            ["RightFoot"] = CFrame.new(-3.725290298461914e-08, 2.980232238769531e-07, -1.3205863069742918e-08, 0.9762058258056641, 0.19435827434062958, -0.09616203606128693, -0.20580080151557922, 0.9701273441314697, -0.12844811379909515, 0.06832439452409744, 0.14518219232559204, 0.987043023109436),
            ["LeftLowerLeg"] = CFrame.new(-1.0523945093154907e-07, -2.980232238769531e-07, -5.587935447692871e-09, 1, 3.678724525002508e-08, 3.725291186640334e-09, -3.632158041000366e-08, 0.9076037406921387, 0.41982805728912354, 6.984919309616089e-09, -0.41982805728912354, 0.9076036810874939),
        }},
        {Time = 0.100, Data = {
            ["LeftFoot"] = CFrame.new(1.3969838619232178e-08, 0, -2.7939677238464355e-09, 0.9953435659408569, 0.026237672194838524, 0.09275088459253311, -0.006472081411629915, 0.9782605171203613, -0.20727919042110443, -0.09617305546998978, 0.20571368932724, 0.973875105381012),
            ["LeftLowerArm"] = CFrame.new(1.1920928955078125e-07, -1.1920928955078125e-07, -2.2351741790771484e-08, 1, -7.450577754752885e-08, 1.6042029926666146e-07, 7.4505820180093e-08, -0.48236674070358276, -0.8759692311286926, 9.126963362859897e-08, 0.8759693503379822, -0.4823668897151947),
            ["LowerTorso"] = CFrame.new(-0.12066513299942017, -0.02867424488067627, 0.0768069326877594, 0.9989675879478455, 0.00629514129832387, 0.04499272257089615, 0.0022816567216068506, 0.9821516871452332, -0.18807673454284668, -0.04537365213036537, 0.18798519670963287, 0.9811232686042786),
            ["Head"] = CFrame.new(-1.862645149230957e-09, -4.76837158203125e-07, 4.6100467443466187e-08, 0.8662992715835571, 0.09381507337093353, -0.49063682556152344, -0.04645576700568199, 0.9930798411369324, 0.10786249488592148, 0.4973606467247009, -0.0706481859087944, 0.8646625876426697),
            ["RightUpperArm"] = CFrame.new(-1.1920928955078125e-07, -5.960464477539062e-07, -3.166496753692627e-08, 0.6513280272483826, -0.6241896152496338, 0.4314616322517395, 0.4731248915195465, -0.11047264188528061, -0.8740416169166565, 0.5932325124740601, 0.7734230160713196, 0.22336578369140625),
            ["UpperTorso"] = CFrame.new(-5.587935447692871e-09, -5.960464477539063e-08, -2.2817403078079224e-08, 0.9995348453521729, -0.027791764587163925, -0.012559669092297554, 0.02809932827949524, 0.9992921352386475, 0.025014199316501617, 0.011855587363243103, -0.02535548061132431, 0.9996082782745361),
            ["HumanoidRootPart"] = CFrame.new(0, 0, 0, 1, 0, 0, 0, 1, 0, 0, 0, 1),
            ["RightHand"] = CFrame.new(-3.2782554626464844e-07, 5.960464477539063e-08, -3.725290298461914e-08, 0.7551708817481995, 0.2698422074317932, -0.5974134802818298, -0.3903875946998596, 0.9172399044036865, -0.07917369902133942, 0.5266066193580627, 0.2930122911930084, 0.7980155348777771),
            ["LeftUpperArm"] = CFrame.new(2.384185791015625e-07, -0.0000010728836059570312, 0, 0.46386149525642395, -0.3189217150211334, -0.8265117406845093, -0.6837558150291443, 0.4643346071243286, -0.5629132986068726, 0.5633032917976379, 0.8262459635734558, -0.0026776755694299936),
            ["RightLowerArm"] = CFrame.new(1.7881393432617188e-07, 2.384185791015625e-07, -7.310882210731506e-08, 1, 2.9802322387695312e-08, -7.450578820566989e-09, -8.195640788244418e-08, 0.952735960483551, -0.3037997782230377, 2.6077039194660756e-08, 0.30379989743232727, 0.9527359008789062),
            ["LeftHand"] = CFrame.new(8.568167686462402e-08, 2.384185791015625e-07, -3.725290298461914e-08, 0.24402645230293274, -0.18029369413852692, 0.9528617858886719, 0.05870506539940834, 0.9835103750228882, 0.1710582971572876, -0.9679901599884033, 0.014195045456290245, 0.2505864202976227),
            ["RightUpperLeg"] = CFrame.new(0, 3.562308847904205e-08, -5.757465260103345e-08, 0.9217334985733032, -0.2570124864578247, -0.2904341220855713, 0.2228718400001526, 0.9639031291007996, -0.14566731452941895, 0.3173886239528656, 0.06953669339418411, 0.945742666721344),
            ["LeftUpperLeg"] = CFrame.new(-5.960464477539063e-08, -5.3318217396736145e-08, -5.4016709327697754e-08, 0.9995998740196228, -0.025980839505791664, -0.01119102444499731, 0.026385720819234848, 0.9989408850669861, 0.03769437223672867, 0.010199864394962788, -0.03797459974884987, 0.9992266893386841),
            ["RightLowerLeg"] = CFrame.new(-1.4901161193847656e-08, 3.5762786865234375e-07, -7.281050784513354e-08, 1, -1.2665985593685036e-07, -7.450583439094771e-08, 1.1175870895385742e-07, 0.5386759638786316, 0.842512845993042, -9.313225746154785e-08, -0.8425129652023315, 0.5386763215065002),
            ["RightFoot"] = CFrame.new(5.21540641784668e-08, 3.5762786865234375e-07, -4.300818545743823e-08, 0.9901513457298279, 0.1089436337351799, -0.08793050050735474, -0.12407412379980087, 0.9737839102745056, -0.1906580924987793, 0.06485426425933838, 0.19969038665294647, 0.977710485458374),
            ["LeftLowerLeg"] = CFrame.new(5.227047950029373e-08, -2.980232238769531e-07, -1.862645149230957e-08, 1, 3.2596300769682784e-08, 7.916242772409987e-09, -3.213062882423401e-08, 0.9363183975219727, 0.3511524498462677, 6.05359673500061e-09, -0.35115253925323486, 0.9363183975219727),
        }},
        {Time = 0.133, Data = {
            ["LeftFoot"] = CFrame.new(3.259629011154175e-09, 1.1920928955078125e-07, 1.7695128917694092e-08, 0.9951612949371338, 0.03436307609081268, 0.09205068647861481, -0.016831476241350174, 0.982621967792511, -0.1848534196615219, -0.0968032032251358, 0.18240951001644135, 0.9784456491470337),
            ["LeftLowerArm"] = CFrame.new(-1.7881393432617188e-07, -1.1920928955078125e-07, -2.2724270820617676e-07, 1, -1.4901155864777138e-08, 1.938351061880894e-07, 2.980232594040899e-08, -0.4829694926738739, -0.8756370544433594, 1.6018749704471702e-07, 0.8756372332572937, -0.482969731092453),
            ["LowerTorso"] = CFrame.new(-0.1356227695941925, -0.027779221534729004, 0.05910870432853699, 0.9986965656280518, 0.022404465824365616, 0.04586053267121315, -0.01331048272550106, 0.9817413091659546, -0.18975475430488586, -0.04927453026175499, 0.1888969987630844, 0.9807599186897278),
            ["Head"] = CFrame.new(1.3969838619232178e-08, -1.1920928955078125e-07, 4.6566128730773926e-09, 0.8651143312454224, 0.09185135364532471, -0.4930928945541382, -0.057094939053058624, 0.9947332739830017, 0.08512388914823532, 0.4983145594596863, -0.04548868536949158, 0.8658021688461304),
            ["RightUpperArm"] = CFrame.new(-5.960464477539063e-08, 2.384185791015625e-07, 0, 0.6594675183296204, -0.6255534291267395, 0.41687583923339844, 0.4734635055065155, -0.08510535210371017, -0.8766923546791077, 0.5838963389396667, 0.775525689125061, 0.24005255103111267),
            ["UpperTorso"] = CFrame.new(1.862645149230957e-09, 0, 1.5366822481155396e-08, 0.9981126189231873, -0.05994170904159546, -0.013353304006159306, 0.0602002814412117, 0.9979882836341858, 0.019885603338479996, 0.012134464457631111, -0.02065197378396988, 0.9997131824493408),
            ["HumanoidRootPart"] = CFrame.new(0, 0, 0, 1, 0, 0, 0, 1, 0, 0, 0, 1),
            ["RightHand"] = CFrame.new(-5.960464477539063e-08, -2.384185791015625e-07, -2.8312206268310547e-07, 0.7635603547096252, 0.2712532579898834, -0.5860013961791992, -0.3877168297767639, 0.9182891845703125, -0.08013003319501877, 0.5163829326629639, 0.2883865535259247, 0.806338369846344),
            ["LeftUpperArm"] = CFrame.new(-1.1920928955078125e-07, 2.384185791015625e-07, 4.0978193283081055e-08, 0.4555015563964844, -0.32464051246643066, -0.8289312720298767, -0.6732056736946106, 0.48365700244903564, -0.5593478083610535, 0.5825052857398987, 0.812825083732605, 0.0017565882299095392),
            ["RightLowerArm"] = CFrame.new(2.384185791015625e-07, 0, -1.3504177331924438e-07, 1, 1.4901159417490817e-08, 3.7252888773764425e-08, -3.725290298461914e-08, 0.9527673721313477, -0.30370116233825684, 1.4901161193847656e-08, 0.3037013113498688, 0.9527673721313477),
            ["LeftHand"] = CFrame.new(3.427267074584961e-07, 1.7881393432617188e-07, 4.928733687847853e-08, 0.25592607259750366, -0.20025931298732758, 0.9457263350486755, 0.0634041577577591, 0.9796782732009888, 0.1902904361486435, -0.9646149277687073, 0.011262873187661171, 0.2634221911430359),
            ["RightUpperLeg"] = CFrame.new(0, 0, 3.3694959711283445e-08, 0.9315463304519653, -0.27220115065574646, -0.241097554564476, 0.2205144166946411, 0.9500982165336609, -0.22065098583698273, 0.2891276776790619, 0.1523810476064682, 0.9450847506523132),
            ["LeftUpperLeg"] = CFrame.new(2.9802322387695312e-08, -5.21540641784668e-08, 4.470348358154297e-08, 0.9986957907676697, -0.04934533312916756, -0.013102971948683262, 0.050287626683712006, 0.9950704574584961, 0.0854753851890564, 0.008820568211376667, -0.0860227569937706, 0.9962541460990906),
            ["RightLowerLeg"] = CFrame.new(2.9802322387695312e-08, 3.5762786865234375e-07, -3.55576048605144e-08, 1, -1.3411046495548362e-07, -8.195642919872625e-08, 1.341104365337742e-07, 0.4362083077430725, 0.899845540523529, -9.313224325069314e-08, -0.8998457789421082, 0.43620866537094116),
            ["RightFoot"] = CFrame.new(-5.21540641784668e-08, 2.384185791015625e-07, 1.6952981241047382e-09, 0.9934760332107544, 0.05617140978574753, -0.09924846887588501, -0.07776114344596863, 0.9702556133270264, -0.22925347089767456, 0.08341901749372482, 0.2354758232831955, 0.9682936668395996),
            ["LeftLowerLeg"] = CFrame.new(-5.5886630434542894e-08, 5.960464477539063e-08, 1.932494342327118e-08, 1, 2.6077039194660756e-08, 2.7939683899802503e-09, -2.0256265997886658e-08, 0.9586073160171509, 0.28473180532455444, 3.4924596548080444e-09, -0.28473177552223206, 0.9586073160171509),
        }},
        {Time = 0.167, Data = {
            ["LeftFoot"] = CFrame.new(6.332993507385254e-08, -5.960464477539063e-08, -2.2351741790771484e-08, 0.9947795867919922, 0.041819412261247635, 0.09308546781539917, -0.024585586041212082, 0.9835208654403687, -0.1791153848171234, -0.09904210269451141, 0.17589171230793, 0.9794144630432129),
            ["LeftLowerArm"] = CFrame.new(5.960464477539063e-08, 1.1920928955078125e-07, -6.332993507385254e-08, 1, -4.470347647611561e-08, 2.0489093799369584e-07, 8.940696716308594e-08, -0.48351818323135376, -0.8753343224525452, 1.862645149230957e-07, 0.8753343820571899, -0.48351821303367615),
            ["LowerTorso"] = CFrame.new(-0.14911048114299774, -0.026985883712768555, 0.042149633169174194, 0.9985646605491638, 0.026427309960126877, 0.046585191041231155, -0.01707400381565094, 0.9814807176589966, -0.1907987892627716, -0.05076475441455841, 0.1897294968366623, 0.9805232286453247),
            ["Head"] = CFrame.new(-1.862645149230957e-09, -2.384185791015625e-07, -2.3283064365386963e-08, 0.863851010799408, 0.0865287110209465, -0.49626022577285767, -0.06649981439113617, 0.9961037039756775, 0.05792458355426788, 0.49933871626853943, -0.017036911100149155, 0.8662393093109131),
            ["RightUpperArm"] = CFrame.new(1.1920928955078125e-07, -1.1920928955078125e-07, -4.842877388000488e-08, 0.6678487062454224, -0.6267958879470825, 0.40137919783592224, 0.4700906574726105, -0.06288313865661621, -0.8803752660751343, 0.5770554542541504, 0.7766419649124146, 0.25265443325042725),
            ["UpperTorso"] = CFrame.new(3.259629011154175e-09, 2.9802322387695312e-08, 3.259629011154175e-09, 0.9968294501304626, -0.07842137664556503, -0.013462621718645096, 0.07861506193876266, 0.9967993497848511, 0.014518776908516884, 0.012280949391424656, -0.015531100332736969, 0.9998040199279785),
            ["HumanoidRootPart"] = CFrame.new(0, 0, 0, 1, 0, 0, 0, 1, 0, 0, 0, 1),
            ["RightHand"] = CFrame.new(-2.682209014892578e-07, 1.1920928955078125e-07, -1.341104507446289e-07, 0.7729490399360657, 0.27293625473976135, -0.572761595249176, -0.3842174708843231, 0.9197508096694946, -0.08022075146436691, 0.5049027800559998, 0.2820717692375183, 0.8157872557640076),
            ["LeftUpperArm"] = CFrame.new(-2.384185791015625e-07, -1.1920928955078125e-07, -2.2351741790771484e-08, 0.4494885206222534, -0.33045026659965515, -0.8299174308776855, -0.6604679226875305, 0.5025967955589294, -0.5578337907791138, 0.6014500856399536, 0.7988737225532532, 0.007659709081053734),
            ["RightLowerArm"] = CFrame.new(2.980232238769531e-07, -1.7881393432617188e-07, 2.654269337654114e-07, 1, -5.960462345910855e-08, -7.450581485102248e-09, 4.470348358154297e-08, 0.9527360796928406, -0.30379918217658997, 3.725290298461914e-09, 0.303799033164978, 0.9527361989021301),
            ["LeftHand"] = CFrame.new(6.705522537231445e-08, 5.960464477539063e-08, 6.51925802230835e-08, 0.26688089966773987, -0.22103038430213928, 0.9380406737327576, 0.06822969764471054, 0.9752354025840759, 0.2103823572397232, -0.9613112807273865, 0.007855304516851902, 0.2753523886203766),
            ["RightUpperLeg"] = CFrame.new(0, 1.3597309589385986e-07, 2.8107024263590574e-08, 0.9475612640380859, -0.2577310800552368, -0.18895094096660614, 0.2007889300584793, 0.9401236772537231, -0.2754112780094147, 0.2486192137002945, 0.22302976250648499, 0.9425743222236633),
            ["LeftUpperLeg"] = CFrame.new(0, 6.705522537231445e-08, 3.725290298461914e-09, 0.9980475902557373, -0.060337040573358536, -0.016139473766088486, 0.061786677688360214, 0.9915759563446045, 0.11384043842554092, 0.009134718216955662, -0.114615298807621, 0.9933679699897766),
            ["RightLowerLeg"] = CFrame.new(3.725290298461914e-08, 0, -2.0656443666666746e-08, 1, -1.5273690223693848e-07, -7.450584149637507e-08, 1.4901161193847656e-07, 0.35810133814811707, 0.9336825609207153, -8.195638656616211e-08, -0.9336827993392944, 0.35810184478759766),
            ["RightFoot"] = CFrame.new(2.9802322387695312e-08, 4.172325134277344e-07, 1.6952981241047382e-09, 0.9916571378707886, 0.015063163824379444, -0.12802079319953918, -0.04780695214867592, 0.9652982354164124, -0.25673648715019226, 0.1197110265493393, 0.26071521639823914, 0.9579651355743408),
            ["LeftLowerLeg"] = CFrame.new(8.46412149257958e-08, -2.384185791015625e-07, 3.4924596548080444e-09, 1, 2.2817408407149742e-08, 7.450581485102248e-09, -2.7008351111135198e-08, 0.9677618741989136, 0.25186702609062195, 2.7939672797572257e-09, -0.2518671452999115, 0.9677619338035583),
        }},
        {Time = 0.200, Data = {
            ["LeftFoot"] = CFrame.new(-1.0710209608078003e-08, -2.384185791015625e-07, -8.381903171539307e-09, 0.9943275451660156, 0.04825273156166077, 0.09478623420000076, -0.030547009781003, 0.983180820941925, -0.18006250262260437, -0.10188055038452148, 0.1761455535888672, 0.9790776968002319),
            ["LeftLowerArm"] = CFrame.new(0, 0, 1.30385160446167e-07, 1, -1.4901157641133977e-08, 1.657754324924099e-07, 7.450581307466564e-08, -0.4844507575035095, -0.8748185634613037, 1.8626454334480513e-07, 0.8748185634613037, -0.4844508171081543),
            ["LowerTorso"] = CFrame.new(-0.16057662665843964, -0.025483369827270508, 0.0258730947971344, 0.9985843300819397, 0.024597804993391037, 0.04716191813349724, -0.015125970356166363, 0.9813624024391174, -0.19156989455223083, -0.050995130091905594, 0.19058533012866974, 0.9803452491760254),
            ["Head"] = CFrame.new(1.1175870895385742e-08, 2.384185791015625e-07, -6.146728992462158e-08, 0.8624427914619446, 0.08557797223329544, -0.49886754155158997, -0.07634610682725906, 0.9963212609291077, 0.03892628848552704, 0.5003636479377747, 0.0045150150544941425, 0.8658036589622498),
            ["RightUpperArm"] = CFrame.new(-5.960464477539063e-08, -3.5762786865234375e-07, 6.891787052154541e-08, 0.6783320307731628, -0.6279680132865906, 0.38147321343421936, 0.45985841751098633, -0.04208477959036827, -0.8869945406913757, 0.5730584859848022, 0.7771005034446716, 0.2602289617061615),
            ["UpperTorso"] = CFrame.new(-2.1420419216156006e-08, -1.1920928955078125e-07, -2.9802322387695312e-08, 0.9956707954406738, -0.0920131504535675, -0.013162074610590935, 0.09212859719991684, 0.9957113265991211, 0.008451209403574467, 0.012328003533184528, -0.009627253748476505, 0.9998777508735657),
            ["HumanoidRootPart"] = CFrame.new(0, 0, 0, 1, 0, 0, 0, 1, 0, 0, 0, 1),
            ["RightHand"] = CFrame.new(2.9802322387695312e-08, -2.384185791015625e-07, 4.3958425521850586e-07, 0.7833213806152344, 0.2742602825164795, -0.5578433871269226, -0.3801192343235016, 0.9214051365852356, -0.08075883239507675, 0.4918507933616638, 0.27530694007873535, 0.8260076642036438),
            ["LeftUpperArm"] = CFrame.new(5.960464477539063e-08, 2.384185791015625e-07, -4.470348358154297e-08, 0.44429290294647217, -0.3350488543510437, -0.8308706879615784, -0.6472241282463074, 0.521213710308075, -0.5562707781791687, 0.6194391846656799, 0.7849067449569702, 0.014719842001795769),
            ["RightLowerArm"] = CFrame.new(-5.960464477539063e-08, 0, 2.523884177207947e-07, 1, -4.470347647611561e-08, -2.9802315282267955e-08, 2.980232594040899e-08, 0.9527662396430969, -0.30370450019836426, -7.450581485102248e-09, 0.3037046492099762, 0.9527662396430969),
            ["LeftHand"] = CFrame.new(-9.685754776000977e-08, -1.7881393432617188e-07, -1.1548399925231934e-07, 0.2755647897720337, -0.24225148558616638, 0.9302571415901184, 0.07130800187587738, 0.9702101945877075, 0.23153242468833923, -0.9586341381072998, 0.00253275316208601, 0.2846302092075348),
            ["RightUpperLeg"] = CFrame.new(-5.960464477539063e-08, 2.000451786443591e-07, -7.468770490959287e-08, 0.9625866413116455, -0.22824539244174957, -0.14605142176151276, 0.1737026572227478, 0.9334284067153931, -0.3139091730117798, 0.2079768031835556, 0.2767951190471649, 0.9381524920463562),
            ["LeftUpperLeg"] = CFrame.new(2.9802322387695312e-08, 5.4016709327697754e-08, -2.60770320892334e-08, 0.9977302551269531, -0.06459525972604752, -0.019022280350327492, 0.06656865030527115, 0.9887369871139526, 0.13404449820518494, 0.01014939695596695, -0.13500645756721497, 0.9907927513122559),
            ["RightLowerLeg"] = CFrame.new(8.940696716308594e-08, 5.960464477539062e-07, 5.757465260103345e-08, 1, -1.4156104555240745e-07, -1.1920936060505483e-07, 1.4156104555240745e-07, 0.3082599937915802, 0.9513021111488342, -9.313227167240257e-08, -0.9513022303581238, 0.3082605004310608),
            ["RightFoot"] = CFrame.new(-7.82310962677002e-08, 1.7881393432617188e-07, 9.85528458841145e-08, 0.9871357679367065, -0.015202520415186882, -0.15916045010089874, -0.0308355875313282, 0.9586783051490784, -0.28281646966934204, 0.15688326954841614, 0.2840862274169922, 0.9458767175674438),
            ["LeftLowerLeg"] = CFrame.new(-1.2150849215686321e-08, -5.960464477539063e-08, 2.3283064365386963e-09, 1, 1.6298148608484553e-08, 9.31322685637781e-10, -1.6996636986732483e-08, 0.9724398255348206, 0.23315410315990448, 3.958120942115784e-09, -0.23315414786338806, 0.9724398851394653),
        }},
        {Time = 0.233, Data = {
            ["LeftFoot"] = CFrame.new(4.190951585769653e-08, -5.960464477539063e-08, 2.60770320892334e-08, 0.9938640594482422, 0.05335113778710365, 0.09689199179410934, -0.03420422226190567, 0.9812897443771362, -0.18947459757328033, -0.10518787056207657, 0.18499797582626343, 0.9770933389663696),
            ["LeftLowerArm"] = CFrame.new(-5.960464477539062e-07, -4.76837158203125e-07, -5.587935447692871e-08, 1, -7.4505820180093e-08, 1.7206184566020966e-07, 1.9371509552001953e-07, -0.4845063090324402, -0.8747878074645996, 1.341104507446289e-07, 0.8747878074645996, -0.484506219625473),
            ["LowerTorso"] = CFrame.new(-0.16944453120231628, -0.022912025451660156, 0.010584354400634766, 0.9987329840660095, 0.01630440540611744, 0.04760878160595894, -0.006872179917991161, 0.9813851714134216, -0.19192729890346527, -0.049851808696985245, 0.19135698676109314, 0.9802536964416504),
            ["Head"] = CFrame.new(3.725290298461914e-09, 1.1920928955078125e-07, -7.450580596923828e-09, 0.8610460758209229, 0.0861179307103157, -0.5011820197105408, -0.08391973376274109, 0.9961071610450745, 0.02698414772748947, 0.5015548467636108, 0.01882454752922058, 0.8649210333824158),
            ["RightUpperArm"] = CFrame.new(1.1920928955078125e-07, 1.1920928955078125e-07, -5.587935447692871e-08, 0.6893631815910339, -0.6288138031959534, 0.35968247056007385, 0.44589000940322876, -0.02299715206027031, -0.8947923183441162, 0.5709294676780701, 0.7772157788276672, 0.2645284831523895),
            ["UpperTorso"] = CFrame.new(-1.862645149230957e-09, -1.1920928955078125e-07, 6.05359673500061e-09, 0.995191216468811, -0.09715849161148071, -0.01244055014103651, 0.09717831015586853, 0.9952664971351624, 0.0009941898752003908, 0.01228506863117218, -0.002198371570557356, 0.9999221563339233),
            ["HumanoidRootPart"] = CFrame.new(0, 0, 0, 1, 0, 0, 0, 1, 0, 0, 0, 1),
            ["RightHand"] = CFrame.new(-1.1920928955078125e-07, 4.76837158203125e-07, 1.7136335372924805e-07, 0.7937740683555603, 0.2752172350883484, -0.542382001876831, -0.37550532817840576, 0.9232684969902039, -0.08106238394975662, 0.4784543514251709, 0.2680125832557678, 0.8362120389938354),
            ["LeftUpperArm"] = CFrame.new(0, -1.1920928955078125e-07, 0, 0.4417557120323181, -0.34030044078826904, -0.8300888538360596, -0.632161557674408, 0.5384575724601746, -0.5571672320365906, 0.6365719437599182, 0.7708821296691895, 0.02274181693792343),
            ["RightLowerArm"] = CFrame.new(-5.960464477539063e-08, 5.960464477539063e-08, -3.8230791687965393e-07, 1, 1.4901162970204496e-08, 2.9802315282267955e-08, 7.450579886381092e-08, 0.9528304934501648, -0.30350297689437866, 4.470347647611561e-08, 0.30350300669670105, 0.9528305530548096),
            ["LeftHand"] = CFrame.new(-2.9802322387695312e-08, 5.960464477539063e-08, 9.872019290924072e-08, 0.2821086645126343, -0.26341894268989563, 0.9225102066993713, 0.0742570012807846, 0.9646774530410767, 0.2527516782283783, -0.9565044641494751, -0.0028007382061332464, 0.2917044758796692),
            ["RightUpperLeg"] = CFrame.new(0, -5.9371814131736755e-08, -1.0077201295644045e-08, 0.9734103083610535, -0.19230255484580994, -0.12446746975183487, 0.14079855382442474, 0.9308846592903137, -0.33708998560905457, 0.18068815767765045, 0.3106020390987396, 0.9332085251808167),
            ["LeftUpperLeg"] = CFrame.new(5.960464477539063e-08, -5.4016709327697754e-08, -5.21540641784668e-08, 0.997901976108551, -0.06132146716117859, -0.020771902054548264, 0.06367862969636917, 0.9875603318214417, 0.14376956224441528, 0.011697356589138508, -0.14479070901870728, 0.9893932342529297),
            ["RightLowerLeg"] = CFrame.new(1.4901161193847656e-08, 2.384185791015625e-07, -3.183231456205249e-08, 1, -1.3038514623531228e-07, -1.192093463942001e-07, 1.4901161193847656e-07, 0.2884249985218048, 0.9575024843215942, -1.1175870895385742e-07, -0.9575024843215942, 0.28842517733573914),
            ["RightFoot"] = CFrame.new(1.862645149230957e-08, 3.5762786865234375e-07, -3.55576048605144e-08, 0.9823314547538757, -0.044560521841049194, -0.1817672699689865, -0.014203930273652077, 0.9506873488426208, -0.3098250925540924, 0.1866098791360855, 0.30693319439888, 0.9332573413848877),
            ["LeftLowerLeg"] = CFrame.new(1.1075462680310011e-07, -1.1920928955078125e-07, -9.778887033462524e-09, 1, 1.862645326866641e-08, 9.31322907682386e-10, -1.8742866814136505e-08, 0.9725024104118347, 0.23289327323436737, 4.6566128730773926e-09, -0.2328932136297226, 0.9725024104118347),
        }},
        {Time = 0.267, Data = {
            ["LeftFoot"] = CFrame.new(7.986091077327728e-08, 1.7881393432617188e-07, -3.725290298461914e-09, 0.9933580160140991, 0.05739962309598923, 0.0997258722782135, -0.03577446565032005, 0.9778024554252625, -0.2064526081085205, -0.10936255753040314, 0.20151370763778687, 0.9733613133430481),
            ["LeftLowerArm"] = CFrame.new(-5.960464477539063e-08, 1.1920928955078125e-07, 1.9744038581848145e-07, 1, -7.450579175838357e-08, 9.522771904357796e-08, 2.980232949312267e-08, -0.48148906230926514, -0.8764521479606628, 1.6763810606335028e-07, 0.8764520883560181, -0.4814891219139099),
            ["LowerTorso"] = CFrame.new(-0.17621321976184845, -0.01811230182647705, -0.003777444362640381, 0.9988501071929932, -0.0003004136378876865, 0.047941625118255615, 0.009502990171313286, 0.9813796877861023, -0.19184261560440063, -0.046991296112537384, 0.19207759201526642, 0.9802541732788086),
            ["Head"] = CFrame.new(4.936009645462036e-08, 3.5762786865234375e-07, -2.0489096641540527e-08, 0.8598873019218445, 0.08769391477108002, -0.5028951168060303, -0.0872204527258873, 0.9958871006965637, 0.02452501282095909, 0.5029775500297546, 0.022774092853069305, 0.8639994859695435),
            ["RightUpperArm"] = CFrame.new(-5.960464477539063e-08, 0, 4.0978193283081055e-08, 0.6992356181144714, -0.6296535134315491, 0.33853501081466675, 0.4313128888607025, -0.00608396902680397, -0.9021819829940796, 0.570121705532074, 0.7768523693084717, 0.2673236131668091),
            ["UpperTorso"] = CFrame.new(-1.0244548320770264e-08, 1.1920928955078125e-07, -1.7695128917694092e-08, 0.9958994388580322, -0.0897269994020462, -0.01155140995979309, 0.08964143693447113, 0.9959442019462585, -0.007724670693278313, 0.012197667732834816, 0.0066574495285749435, 0.9999034404754639),
            ["HumanoidRootPart"] = CFrame.new(0, 0, 0, 1, 0, 0, 0, 1, 0, 0, 0, 1),
            ["RightHand"] = CFrame.new(0, -1.1920928955078125e-07, -7.450580596923828e-09, 0.8035020232200623, 0.27569320797920227, -0.5276154279708862, -0.3703337609767914, 0.9254104495048523, -0.08042716979980469, 0.4660874903202057, 0.2600170969963074, 0.8456674218177795),
            ["LeftUpperArm"] = CFrame.new(1.1920928955078125e-07, 3.5762786865234375e-07, -7.078051567077637e-08, 0.4442714750766754, -0.35161757469177246, -0.8240073323249817, -0.6139250993728638, 0.5503674745559692, -0.5658546686172485, 0.6524713039398193, 0.757271945476532, 0.028645671904087067),
            ["RightLowerArm"] = CFrame.new(-1.1920928955078125e-07, 0, 6.752088665962219e-08, 1, 2.9802318834981634e-08, -1.4901157641133977e-08, 2.2351745343485163e-08, 0.9527672529220581, -0.3037014603614807, 2.980232594040899e-08, 0.30370157957077026, 0.9527672529220581),
            ["LeftHand"] = CFrame.new(-1.6391277313232422e-07, 0, 8.940696716308594e-08, 0.2856908440589905, -0.28586345911026, 0.9146928191184998, 0.07552418112754822, 0.9582209587097168, 0.2758781313896179, -0.9553413391113281, -0.009734481573104858, 0.29534438252449036),
            ["RightUpperLeg"] = CFrame.new(-2.9802322387695312e-08, 1.7407000996172428e-07, 6.686605047434568e-09, 0.9814549088478088, -0.1487669199705124, -0.12089133262634277, 0.10087603330612183, 0.9370871782302856, -0.33420330286026, 0.1630041003227234, 0.31581026315689087, 0.934715747833252),
            ["LeftUpperLeg"] = CFrame.new(-5.960464477539063e-08, 1.0494841262698174e-07, 1.862645149230957e-09, 0.9985682964324951, -0.04902457073330879, -0.02140144445002079, 0.05160930007696152, 0.9881694912910461, 0.14442184567451477, 0.014068026095628738, -0.14531965553760529, 0.9892847537994385),
