return {
    ["close to you"] = {
        {Time = 0.000, Data = {
            ["RightFoot"] = CFrame.new(-7.450580596923828e-09, 3.5762786865234375e-07, 4.1742168832570314e-08, 0.777334451675415, -0.2729589343070984, 0.5667847990989685, 0.2500135004520416, 0.9607993364334106, 0.11982358992099762, -0.5772733092308044, 0.048560868948698044, 0.8151057362556458),
            ["LeftLowerArm"] = CFrame.new(-1.1920928955078125e-07, 3.5762786865234375e-07, -1.1920928955078125e-07, 1, -3.089661788635567e-07, -1.3038518886787642e-07, -1.0244548320770264e-08, 0.5202053189277649, -0.8540411591529846, -2.2631138563156128e-07, 0.8540412783622742, 0.520205557346344),
            ["RightUpperArm"] = CFrame.new(-1.1920928955078125e-07, -0.0652381181716919, 1.4901161193847656e-07, 0.993036687374115, 0.11255455017089844, -0.034780167043209076, -0.11701168119907379, 0.9766038060188293, -0.1804254800081253, 0.013658996671438217, 0.18323887884616852, 0.9829735159873962),
            ["Head"] = CFrame.new(3.91155481338501e-08, -1.1920928955078125e-07, 7.82310962677002e-08, 0.5448567867279053, -0.025230051949620247, 0.8381494879722595, 0.11137089878320694, 0.9928693175315857, -0.042511388659477234, -0.8311002850532532, 0.1165081188082695, 0.5437813997268677),
            ["LowerTorso"] = CFrame.new(-0.0667046308517456, -0.21286702156066895, -0.04976728558540344, 0.39437705278396606, 0.16284729540348053, -0.9044046998023987, -0.20555773377418518, 0.9748678803443909, 0.08589882403612137, 0.8956634402275085, 0.15203090012073517, 0.4179397225379944),
            ["UpperTorso"] = CFrame.new(-7.508788257837296e-09, 1.4901161193847656e-07, -3.934837877750397e-08, 0.9792550206184387, -0.1698230355978012, 0.11054336279630661, 0.16201061010360718, 0.9838389158248901, 0.0762472152709961, -0.12170515954494476, -0.0567561537027359, 0.9909422397613525),
            ["HumanoidRootPart"] = CFrame.new(0, 0, 0, 1, 0, 0, 0, 1, 0, 0, 0, 1),
            ["RightUpperLeg"] = CFrame.new(-0.0000254213809967041, -0.00012582167983055115, -0.004997493699193001, 0.7419334053993225, 0.21620066463947296, -0.634658932685852, -0.3162197768688202, 0.9475266337394714, -0.04688779264688492, 0.5912190079689026, 0.23547965288162231, 0.771368682384491),
            ["LeftUpperArm"] = CFrame.new(2.384185791015625e-07, -0.06523823738098145, 5.960464477539063e-08, 0.12546277046203613, 0.3773520588874817, 0.9175318479537964, 0.1521937996149063, 0.9065718650817871, -0.3936554789543152, -0.9803552031517029, 0.18903160095214844, 0.05631006509065628),
            ["RightLowerArm"] = CFrame.new(-8.940696716308594e-08, -1.1920928955078125e-07, -2.9802322387695312e-08, 1, 1.043081780949251e-07, -2.60770320892334e-07, 4.0605658568892977e-07, 0.8216511011123657, -0.5699910521507263, -1.5366820704798556e-08, 0.5699909329414368, 0.8216508626937866),
            ["LeftHand"] = CFrame.new(2.2351741790771484e-08, -5.960464477539063e-08, 3.5762786865234375e-07, 0.7011867165565491, -0.02750016748905182, 0.7124468684196472, -0.0939699038863182, 0.9869741797447205, 0.13058176636695862, -0.7067579627037048, -0.15851105749607086, 0.6894693374633789),
            ["LeftFoot"] = CFrame.new(2.7939677238464355e-08, 1.1920928955078125e-07, -3.725290298461914e-09, 0.9624575972557068, -0.08699909597635269, 0.2571117579936981, 0.08439666777849197, 0.996207594871521, 0.02116239257156849, -0.2579781115055084, 0.0013316568220034242, 0.9661499261856079),
            ["RightHand"] = CFrame.new(5.960464477539063e-08, -1.1920928955078125e-07, -5.960464477539063e-08, 0.44826093316078186, -0.41305088996887207, -0.7927492260932922, 0.50981205701828, 0.8466008305549622, -0.15283560752868652, 0.7342709302902222, -0.3356427550315857, 0.5900763273239136),
            ["RightLowerLeg"] = CFrame.new(-6.705522537231445e-08, -1.7881393432617188e-07, -2.8107024263590574e-08, 1, 2.831218921528489e-07, 1.8253909672694135e-07, 3.6414706983123324e-07, 0.892539381980896, 0.450968861579895, 1.0430811414607888e-07, -0.4509694278240204, 0.8925396800041199),
            ["LeftUpperLeg"] = CFrame.new(0.000025510787963867188, 0.00012573227286338806, 0.0049974918365478516, 0.8973910808563232, -0.1710204780101776, 0.40674516558647156, 0.37151971459388733, 0.7901773452758789, -0.48743510246276855, -0.23803873360157013, 0.5885335206985474, 0.7726354002952576),
            ["LeftLowerLeg"] = CFrame.new(5.960464477539063e-08, 0, -7.450580596923828e-09, 1, 6.705524668859653e-08, 3.352760913344355e-08, -4.470347292340193e-08, 0.6386829018592834, 0.76947021484375, 1.2665984172599565e-07, -0.76947021484375, 0.6386826634407043),
        }},
        {Time = 0.033, Data = {
            ["RightFoot"] = CFrame.new(-7.450580596923828e-09, 2.980232238769531e-07, 1.4733814168721437e-08, 0.7709600925445557, -0.3078916370868683, 0.5575154423713684, 0.3281262516975403, 0.9422808289527893, 0.06663097441196442, -0.5458514094352722, 0.13156597316265106, 0.8274884223937988),
            ["LeftLowerArm"] = CFrame.new(-2.9802322387695312e-08, -2.384185791015625e-07, 4.470348358154297e-08, 1, 6.332993507385254e-08, -1.136213683139431e-07, 1.899896915347199e-07, 0.5379299521446228, -0.8429896235466003, 1.39698306256264e-08, 0.8429896235466003, 0.5379300117492676),
            ["RightUpperArm"] = CFrame.new(-1.7881393432617188e-07, -0.06523871421813965, -1.4901161193847656e-07, 0.9911609888076782, 0.10787884891033173, -0.07721561193466187, -0.11814820021390915, 0.9825137257575989, -0.14390234649181366, 0.06034137308597565, 0.1517532765865326, 0.9865748286247253),
            ["Head"] = CFrame.new(-1.862645149230957e-08, -3.5762786865234375e-07, 5.3085386753082275e-08, 0.45015886425971985, -0.02736983634531498, 0.8925290107727051, 0.11289993673563004, 0.9932534098625183, -0.026483876630663872, -0.8857824802398682, 0.11268850415945053, 0.45021194219589233),
            ["LowerTorso"] = CFrame.new(-0.07506266981363297, -0.28336191177368164, -0.05037103220820427, 0.2808050811290741, 0.13263869285583496, -0.9505555033683777, -0.19925788044929504, 0.976881742477417, 0.07744905352592468, 0.9388529658317566, 0.1676575392484665, 0.30074238777160645),
            ["UpperTorso"] = CFrame.new(-1.909211277961731e-08, -2.980232238769531e-07, -1.6298145055770874e-08, 0.9757461547851562, -0.1831759512424469, 0.11985930055379868, 0.17325082421302795, 0.9808804392814636, 0.08864419162273407, -0.1338045597076416, -0.06572838872671127, 0.9888255596160889),
            ["HumanoidRootPart"] = CFrame.new(0, 0, 0, 1, 0, 0, 0, 1, 0, 0, 0, 1),
            ["RightUpperLeg"] = CFrame.new(-0.000025510787963867188, -0.0001255786046385765, -0.004997493699193001, 0.7606461644172668, 0.2418483942747116, -0.6024341583251953, -0.33429181575775146, 0.9414350986480713, -0.044142916798591614, 0.556476891040802, 0.2349664270877838, 0.7969470024108887),
            ["LeftUpperArm"] = CFrame.new(0, -0.0652381181716919, 2.9802322387695312e-08, 0.15176787972450256, 0.29717183113098145, 0.9426854252815247, 0.11425519734621048, 0.9420652389526367, -0.3153708279132843, -0.9817904233932495, 0.15557003021240234, 0.10902170091867447),
            ["RightLowerArm"] = CFrame.new(1.1920928955078125e-07, 1.1920928955078125e-07, -1.4901161193847656e-08, 1, 1.4901168299275014e-08, -2.905726432800293e-07, 3.2037499408943404e-07, 0.8643599152565002, -0.5028735399246216, -2.2308088887257327e-07, 0.5028738379478455, 0.8643600344657898),
            ["LeftHand"] = CFrame.new(1.4901161193847656e-08, 1.1920928955078125e-07, 1.3783574104309082e-07, 0.6918736100196838, 0.19781672954559326, 0.6943908333778381, -0.15436871349811554, 0.9800257682800293, -0.12537866830825806, -0.7053234577178955, -0.020446717739105225, 0.7085912823677063),
            ["LeftFoot"] = CFrame.new(-5.21540641784668e-08, 0, -1.3969838619232178e-08, 0.941962480545044, -0.055841706693172455, 0.33104148507118225, 0.1172500029206276, 0.9786968231201172, -0.16853787004947662, -0.3145778179168701, 0.19757089018821716, 0.9284430742263794),
            ["RightHand"] = CFrame.new(2.980232238769531e-07, -5.960464477539063e-08, -2.9802322387695312e-08, 0.40596213936805725, -0.4918203353881836, -0.7702650427818298, 0.486214816570282, 0.8298903703689575, -0.27363601326942444, 0.7738152146339417, -0.26342904567718506, 0.5760341286659241),
            ["RightLowerLeg"] = CFrame.new(2.60770320892334e-08, -2.384185791015625e-07, 3.5579432733356953e-09, 1, -5.960459503739912e-08, 1.9371502446574596e-07, 1.9744031476420787e-07, 0.8551860451698303, 0.5183208584785461, 2.2724262294104847e-07, -0.51832115650177, 0.8551863431930542),
            ["LeftUpperLeg"] = CFrame.new(0.000025480985641479492, 0.00012567080557346344, 0.004997536540031433, 0.8979510068893433, -0.14571034908294678, 0.41527441143989563, 0.36007159948349, 0.7857939004898071, -0.5028680562973022, -0.2530464828014374, 0.6010794043540955, 0.7580704689025879),
            ["LeftLowerLeg"] = CFrame.new(1.341104507446289e-07, 1.7881393432617188e-07, 0, 1, 1.043081283569336e-07, -7.450581307466564e-08, -5.960464477539063e-08, 0.5589814186096191, 0.8291801810264587, 8.940696716308594e-08, -0.8291801810264587, 0.5589814782142639),
        }},
        {Time = 0.067, Data = {
            ["RightFoot"] = CFrame.new(3.725290298461914e-08, 3.5762786865234375e-07, -3.183231456205249e-08, 0.7452384829521179, -0.30633026361465454, 0.5922682285308838, 0.37202274799346924, 0.9281466603279114, 0.011942781507968903, -0.5533704161643982, 0.21143710613250732, 0.8056524395942688),
            ["LeftLowerArm"] = CFrame.new(-5.960464477539063e-08, 1.7881393432617188e-07, -1.6391277313232422e-07, 1, -1.0058280253133489e-07, 2.9802322387695312e-08, 5.401669511684304e-08, 0.48861098289489746, -0.8725016713142395, 5.5879340266073996e-08, 0.8725018501281738, 0.48861122131347656),
            ["RightUpperArm"] = CFrame.new(2.384185791015625e-07, -0.06523799896240234, 0, 0.9872490763664246, 0.09502474218606949, -0.1277095526456833, -0.1168464720249176, 0.9774312376976013, -0.17599771916866302, 0.10810327529907227, 0.18867604434490204, 0.9760712385177612),
            ["Head"] = CFrame.new(-1.862645149230957e-09, 2.384185791015625e-07, 3.4458935260772705e-08, 0.3323308229446411, -0.06340279430150986, 0.9410293102264404, 0.1289142668247223, 0.9914276003837585, 0.02127149887382984, -0.9343112111091614, 0.11424306780099869, 0.3376556932926178),
            ["LowerTorso"] = CFrame.new(-0.0777290090918541, -0.32697296142578125, -0.054267946630716324, 0.14803962409496307, 0.1008392944931984, -0.9838271141052246, -0.18087667226791382, 0.9807698130607605, 0.07330868393182755, 0.9723003506660461, 0.16709885001182556, 0.16343219578266144),
            ["UpperTorso"] = CFrame.new(-4.0512531995773315e-08, 0, -1.6065314412117004e-08, 0.9743873476982117, -0.19041049480438232, 0.11963775753974915, 0.18094715476036072, 0.9797587394714355, 0.08562187850475311, -0.13351932168006897, -0.061780598014593124, 0.9891186356544495),
            ["HumanoidRootPart"] = CFrame.new(0, 0, 0, 1, 0, 0, 0, 1, 0, 0, 0, 1),
            ["RightUpperLeg"] = CFrame.new(-0.000025480985641479492, -0.00012561041512526572, -0.004997487645596266, 0.7820017337799072, 0.2619968354701996, -0.5655359029769897, -0.3386855721473694, 0.9403314590454102, -0.03269211947917938, 0.5232259631156921, 0.21710465848445892, 0.82407546043396),
            ["LeftUpperArm"] = CFrame.new(5.960464477539063e-08, -0.06523764133453369, 1.4901161193847656e-08, 0.4594361484050751, 0.18804068863391876, 0.8680777549743652, -0.016312547028064728, 0.9789546132087708, -0.20342503488063812, -0.8880610466003418, 0.07930021733045578, 0.45283475518226624),
            ["RightLowerArm"] = CFrame.new(-1.1920928955078125e-07, -2.384185791015625e-07, 1.4901161193847656e-08, 1, -1.192093321833454e-07, 3.725290653733282e-08, -1.0035002873109988e-07, 0.8898356556892395, -0.45628103613853455, -4.284084909045305e-08, 0.4562811851501465, 0.8898358345031738),
            ["LeftHand"] = CFrame.new(2.9802322387695312e-08, 0, -2.2351741790771484e-07, 0.6819021105766296, 0.2588132321834564, 0.6841236352920532, -0.28865423798561096, 0.9546138048171997, -0.07342644780874252, -0.6720775961875916, -0.14740541577339172, 0.7256606817245483),
            ["LeftFoot"] = CFrame.new(0, -5.960464477539063e-08, 2.60770320892334e-08, 0.9035025835037231, 0.011576327495276928, 0.428426057100296, 0.15143634378910065, 0.9265297055244446, -0.3443974256515503, -0.4009365439414978, 0.37604349851608276, 0.8353691697120667),
            ["RightHand"] = CFrame.new(7.450580596923828e-08, -1.1920928955078125e-07, -5.960464477539063e-08, 0.40530744194984436, -0.48480406403541565, -0.7750425338745117, 0.42559683322906494, 0.8503873348236084, -0.309368371963501, 0.8090693950653076, -0.20446641743183136, 0.5509993433952332),
            ["RightLowerLeg"] = CFrame.new(-8.381903171539307e-08, 1.1920928955078125e-07, -2.029992174357176e-09, 1, 5.9604616353681195e-08, 2.9057261485831987e-07, 4.5821064986739657e-07, 0.8215932250022888, 0.5700739622116089, 1.341104365337742e-07, -0.5700741410255432, 0.8215934634208679),
            ["LeftUpperLeg"] = CFrame.new(0.0000254213809967041, 0.00012558698654174805, 0.004997484385967255, 0.9156650900840759, -0.13299928605556488, 0.3793003559112549, 0.33382096886634827, 0.7772483825683594, -0.5333367586135864, -0.22387701272964478, 0.6149765253067017, 0.7560973167419434),
            ["LeftLowerLeg"] = CFrame.new(2.2351741790771484e-08, 0, -5.960464477539063e-08, 1, 5.960463056453591e-08, 1.043081780949251e-07, -7.450581485102248e-09, 0.4827979505062103, 0.8757317066192627, 6.705523247774181e-08, -0.8757317066192627, 0.4827982187271118),
        }},
        {Time = 0.100, Data = {
            ["RightFoot"] = CFrame.new(-7.450580596923828e-09, 2.980232238769531e-07, 3.894820110872388e-08, 0.6983567476272583, -0.3071022033691406, 0.646518886089325, 0.3870084583759308, 0.9218622446060181, 0.01985347457230091, -0.6020983457565308, 0.23634371161460876, 0.7626396417617798),
            ["LeftLowerArm"] = CFrame.new(2.384185791015625e-07, -5.364418029785156e-07, -1.4901161193847656e-08, 1, -1.6391278734317893e-07, 3.4272667903678666e-07, -1.4528623637488636e-07, 0.42143088579177856, -0.9068603515625, -1.6763795684937577e-08, 0.9068605303764343, 0.42143136262893677),
            ["RightUpperArm"] = CFrame.new(1.1920928955078125e-07, -0.06523776054382324, 7.450580596923828e-09, 0.9734946489334106, 0.07582885771989822, -0.21577347815036774, -0.1316392570734024, 0.9572704434394836, -0.25749707221984863, 0.187027707695961, 0.2790759801864624, 0.9418796300888062),
            ["Head"] = CFrame.new(-1.1175870895385742e-08, -2.384185791015625e-07, 1.3969838619232178e-08, 0.23656438291072845, -0.07929027080535889, 0.9683751463890076, 0.13282199203968048, 0.9899472594261169, 0.04860956594347954, -0.9624944925308228, 0.11712229996919632, 0.24471771717071533),
            ["LowerTorso"] = CFrame.new(-0.0801902562379837, -0.34230661392211914, -0.061787378042936325, -0.009775469079613686, 0.06710541993379593, -0.9976980090141296, -0.14930973947048187, 0.986462414264679, 0.06781257688999176, 0.9887421727180481, 0.14962907135486603, 0.0003762409614864737),
            ["UpperTorso"] = CFrame.new(6.76955096423626e-08, -2.980232238769531e-07, 1.6532510471733985e-08, 0.976067066192627, -0.18156947195529938, 0.1196904256939888, 0.17349454760551453, 0.9819877743721008, 0.07483066618442535, -0.13112132251262665, -0.052274059504270554, 0.9899872541427612),
            ["HumanoidRootPart"] = CFrame.new(0, 0, 0, 1, 0, 0, 0, 1, 0, 0, 0, 1),
            ["RightUpperLeg"] = CFrame.new(-0.000025391578674316406, -0.0001261550933122635, -0.004997486248612404, 0.8069357872009277, 0.2887011468410492, -0.5152729749679565, -0.33634617924690247, 0.941737949848175, 0.0009147301316261292, 0.4855162501335144, 0.17257244884967804, 0.857025682926178),
            ["LeftUpperArm"] = CFrame.new(-1.1920928955078125e-07, -0.06523740291595459, -5.587935447692871e-09, 0.7487071752548218, 0.1036687046289444, 0.6547448039054871, -0.09299307316541672, 0.9943545460700989, -0.051101915538311005, -0.6563458442687988, -0.022626502439379692, 0.7541206479072571),
            ["RightLowerArm"] = CFrame.new(5.960464477539063e-08, 0, 2.9802322387695312e-08, 1, 2.4959453526207653e-07, -3.2782554626464844e-07, 4.7590594931534724e-07, 0.8998137712478638, -0.43627381324768066, -2.2258615217651823e-07, 0.43627408146858215, 0.8998140096664429),
            ["LeftHand"] = CFrame.new(-1.4901161193847656e-07, 1.1920928955078125e-07, -2.9802322387695312e-08, 0.7157319784164429, 0.2797212600708008, 0.639909029006958, -0.40012913942337036, 0.9152284860610962, 0.04747011139988899, -0.5723848342895508, -0.2900221645832062, 0.766983151435852),
            ["LeftFoot"] = CFrame.new(-2.2351741790771484e-08, -1.7881393432617188e-07, -7.450580596923828e-09, 0.86636883020401, 0.08620212227106094, 0.4919089674949646, 0.17764410376548767, 0.8673736453056335, -0.4648718237876892, -0.4667416512966156, 0.49013492465019226, 0.7361521124839783),
            ["RightHand"] = CFrame.new(-1.1175870895385742e-08, 0, -7.450580596923828e-08, 0.45029616355895996, -0.4793028235435486, -0.7533278465270996, 0.40461933612823486, 0.861642062664032, -0.30635932087898254, 0.7959375977516174, -0.16685862839221954, 0.5819289088249207),
            ["RightLowerLeg"] = CFrame.new(-1.1641532182693481e-08, -2.384185791015625e-07, 1.845910446718335e-08, 1, 1.3411036547950062e-07, 1.7881387748275301e-07, 4.209578037261963e-07, 0.8186545968055725, 0.5742858052253723, -8.568167686462402e-08, -0.5742862224578857, 0.8186549544334412),
            ["LeftUpperLeg"] = CFrame.new(0.000025480985641479492, 0.00012549478560686111, 0.004997508134692907, 0.9258370995521545, -0.09986454993486404, 0.3644903600215912, 0.295091837644577, 0.793570339679718, -0.5321339964866638, -0.23610705137252808, 0.6002277135848999, 0.7641859650611877),
            ["LeftLowerLeg"] = CFrame.new(2.9802322387695312e-08, 0, -7.450580596923828e-08, 1, 1.1175872316471214e-07, 4.470348358154297e-08, -4.0978193283081055e-08, 0.4466203451156616, 0.8947235941886902, 2.2351741790771484e-08, -0.8947235941886902, 0.44662028551101685),
        }},
        {Time = 0.133, Data = {
            ["RightFoot"] = CFrame.new(0, 2.384185791015625e-07, -4.300818545743823e-08, 0.6225510835647583, -0.35129526257514954, 0.6993011832237244, 0.38552188873291016, 0.9153024554252625, 0.11659394204616547, -0.6810309290885925, 0.19701039791107178, 0.7052543759346008),
            ["LeftLowerArm"] = CFrame.new(-2.9802322387695312e-08, 3.5762786865234375e-07, 3.725290298461914e-08, 1, -1.0617080192787398e-07, 5.5879347371501353e-08, 5.075707321111622e-08, 0.4149110019207001, -0.9098618626594543, -2.7939672797572257e-09, 0.9098620414733887, 0.4149112403392792),
            ["RightUpperArm"] = CFrame.new(1.1920928955078125e-07, -0.06523776054382324, 1.30385160446167e-08, 0.9803887605667114, 0.10199367254972458, -0.16862772405147552, -0.15268196165561676, 0.9341087937355042, -0.32269051671028137, 0.12460412830114365, 0.34210845828056335, 0.9313622713088989),
            ["Head"] = CFrame.new(2.7939677238464355e-09, 1.1920928955078125e-07, 1.0710209608078003e-08, 0.29203665256500244, -0.03993423283100128, 0.9555731415748596, 0.09608650952577591, 0.995297908782959, 0.012229015119373798, -0.9515681862831116, 0.0882464200258255, 0.2945007383823395),
            ["LowerTorso"] = CFrame.new(-0.08501024544239044, -0.32299017906188965, -0.07287441194057465, -0.20960134267807007, 0.03420320525765419, -0.9771885275840759, -0.11885032802820206, 0.9910866022109985, 0.06018230319023132, 0.9705368876457214, 0.12875355780124664, -0.20366816222667694),
            ["UpperTorso"] = CFrame.new(2.1420419216156006e-08, 5.960464477539063e-08, 1.862645149230957e-09, 0.9805114269256592, -0.1624690592288971, 0.11045943200588226, 0.1577414870262146, 0.9861971735954285, 0.05032782629132271, -0.11711131781339645, -0.03192288428544998, 0.9926055669784546),
            ["HumanoidRootPart"] = CFrame.new(0, 0, 0, 1, 0, 0, 0, 1, 0, 0, 0, 1),
            ["RightUpperLeg"] = CFrame.new(-0.000025540590286254883, -0.0001256628893315792, -0.004997478798031807, 0.8365229964256287, 0.29517486691474915, -0.4616283178329468, -0.3234963119029999, 0.9460445642471313, 0.018709424883127213, 0.44224369525909424, 0.13368447124958038, 0.8868761658668518),
            ["LeftUpperArm"] = CFrame.new(0, -0.0652381181716919, -7.450580596923828e-09, 0.9437253475189209, 0.007480998989194632, 0.33064576983451843, -0.04343382641673088, 0.9938888549804688, 0.10148157179355621, -0.32786595821380615, -0.11013174057006836, 0.9382829666137695),
            ["RightLowerArm"] = CFrame.new(5.960464477539063e-08, -2.384185791015625e-07, 8.568167686462402e-08, 1, -8.195638656616211e-08, -1.1175870895385742e-07, 9.313225746154785e-08, 0.9079311490058899, -0.4191192090511322, -7.450580596923828e-09, 0.41911938786506653, 0.9079312086105347),
            ["LeftHand"] = CFrame.new(8.940696716308594e-08, 0, -1.4901161193847656e-08, 0.7167247533798218, 0.2523871958255768, 0.6500815749168396, -0.4676607847213745, 0.8654707670211792, 0.1795932948589325, -0.5172998309135437, -0.43273690342903137, 0.7383360266685486),
            ["LeftFoot"] = CFrame.new(1.3969838619232178e-08, -1.7881393432617188e-07, -5.587935447692871e-09, 0.8360288143157959, 0.0995686948299408, 0.5395755171775818, 0.21886713802814484, 0.8412551879882812, -0.4943547546863556, -0.5031430721282959, 0.5313904881477356, 0.6815216541290283),
            ["RightHand"] = CFrame.new(-3.725290298461914e-08, 1.7881393432617188e-07, 8.940696716308594e-08, 0.5167059302330017, -0.4472084939479828, -0.7300818562507629, 0.3325282335281372, 0.8906177878379822, -0.31020158529281616, 0.7889485955238342, -0.08249001950025558, 0.6088970303535461),
            ["RightLowerLeg"] = CFrame.new(-5.21540641784668e-08, -2.384185791015625e-07, 3.149762051180005e-08, 1, 2.5331965503028187e-07, 8.940693874137651e-08, 3.7997943991285865e-07, 0.8187276721000671, 0.5741814374923706, -5.9604616353681195e-08, -0.5741820335388184, 0.8187281489372253),
            ["LeftUpperLeg"] = CFrame.new(0.000025510787963867188, 0.00012557697482407093, 0.004997498355805874, 0.9122767448425293, -0.03683251887559891, 0.4079154133796692, 0.25244930386543274, 0.8348331451416016, -0.48920655250549316, -0.32252225279808044, 0.5492695569992065, 0.770896852016449),
            ["LeftLowerLeg"] = CFrame.new(-5.587935447692871e-08, -1.1920928955078125e-07, 5.960464477539063e-08, 1, 6.70552182668871e-08, 4.4703490686970326e-08, -4.0978193283081055e-08, 0.45258259773254395, 0.8917223811149597, 4.0978193283081055e-08, -0.8917225003242493, 0.45258283615112305),
        }},
        {Time = 0.167, Data = {
            ["RightFoot"] = CFrame.new(2.2351741790771484e-08, 1.7881393432617188e-07, -2.8107024263590574e-08, 0.5571028590202332, -0.4227069318294525, 0.7148116827011108, 0.37232843041419983, 0.8965360522270203, 0.23998872935771942, -0.7422991991043091, 0.1324463039636612, 0.6568483710289001),
            ["LeftLowerArm"] = CFrame.new(1.1920928955078125e-07, -4.172325134277344e-07, 2.9802322387695312e-08, 1, -9.685758328714655e-08, 1.937150670983101e-07, -3.352759847530251e-08, 0.46708834171295166, -0.8842107653617859, 1.0617072376817305e-07, 0.8842106461524963, 0.4670881927013397),
            ["RightUpperArm"] = CFrame.new(0, -0.06523776054382324, 5.960464477539063e-08, 0.9848628640174866, 0.1545960158109665, -0.07839102298021317, -0.17233334481716156, 0.9218698143959045, -0.34706947207450867, 0.018610704690217972, 0.35532546043395996, 0.9345574975013733),
            ["Head"] = CFrame.new(2.7939677238464355e-09, 1.1920928955078125e-07, 1.30385160446167e-08, 0.4495863914489746, -0.005785601679235697, 0.8932182192802429, 0.04324321821331978, 0.9989475011825562, -0.015295160934329033, -0.8921895027160645, 0.04550217092037201, 0.44936317205429077),
            ["LowerTorso"] = CFrame.new(-0.09126594662666321, -0.2732057571411133, -0.08643132448196411, -0.4311702251434326, 0.0032039072830229998, -0.9022647738456726, -0.09010030329227448, 0.9948424100875854, 0.046589307487010956, 0.8977606296539307, 0.10138240456581116, -0.42865806818008423),
            ["UpperTorso"] = CFrame.new(-1.862645149230957e-08, 1.1920928955078125e-07, -2.0489096641540527e-08, 0.9870467185974121, -0.12820804119110107, 0.0964452400803566, 0.1262485682964325, 0.9916532635688782, 0.026176346465945244, -0.09899575263261795, -0.013661105185747147, 0.9949941039085388),
            ["HumanoidRootPart"] = CFrame.new(0, 0, 0, 1, 0, 0, 0, 1, 0, 0, 0, 1),
            ["RightUpperLeg"] = CFrame.new(-0.000025570392608642578, -0.0001253304653801024, -0.004997508600354195, 0.8698107004165649, 0.31770145893096924, -0.3774847984313965, -0.31135353446006775, 0.9469582438468933, 0.07955682277679443, 0.38273802399635315, 0.04833251237869263, 0.922592043876648),
            ["LeftUpperArm"] = CFrame.new(-1.1920928955078125e-07, -0.06523776054382324, -1.4901161193847656e-08, 0.9883089065551758, -0.10703866928815842, 0.1085733026266098, 0.09378762543201447, 0.9882635474205017, 0.12057798355817795, -0.12020562589168549, -0.10898545384407043, 0.9867486953735352),
            ["RightLowerArm"] = CFrame.new(-5.960464477539063e-08, 2.384185791015625e-07, -1.4901161193847656e-08, 1, 1.415610881849716e-07, -4.470348358154297e-08, 1.0058281674218961e-07, 0.918424665927887, -0.3955964744091034, -1.3038513202445756e-07, 0.3955959975719452, 0.9184244871139526),
            ["LeftHand"] = CFrame.new(1.9371509552001953e-07, -1.1920928955078125e-07, -8.195638656616211e-08, 0.872750461101532, 0.0813867598772049, 0.48133376240730286, -0.24192151427268982, 0.9285184144973755, 0.28165167570114136, -0.424005389213562, -0.3622565269470215, 0.8300542831420898),
            ["LeftFoot"] = CFrame.new(1.100124791264534e-08, 5.960464477539063e-08, 3.5390257835388184e-08, 0.7923572063446045, 0.08558444678783417, 0.6040248274803162, 0.27032506465911865, 0.8383439779281616, -0.47339627146720886, -0.5468953251838684, 0.5383816361427307, 0.6411319375038147),
            ["RightHand"] = CFrame.new(-8.940696716308594e-08, 0, 4.470348358154297e-08, 0.6449074745178223, -0.38395196199417114, -0.6608139276504517, 0.26712676882743835, 0.9233521223068237, -0.2757973372936249, 0.7160571217536926, 0.0013425647048279643, 0.6980407238006592),
            ["RightLowerLeg"] = CFrame.new(4.842877388000488e-08, -1.1920928955078125e-07, -2.8107024263590574e-08, 1, 8.940691031966708e-08, 1.639126736563412e-07, 2.980232238769531e-07, 0.8612809777259827, 0.5081287622451782, 2.60770320892334e-08, -0.5081290006637573, 0.8612810969352722),
            ["LeftUpperLeg"] = CFrame.new(0.000025540590286254883, 0.00012586358934640884, 0.0049974992871284485, 0.8779363632202148, 0.010311420075595379, 0.4786667227745056, 0.2059275060892105, 0.894433856010437, -0.396965354681015, -0.4322287142276764, 0.44708141684532166, 0.7831325531005859),
            ["LeftLowerLeg"] = CFrame.new(-6.984919309616089e-09, 0, 2.0489096641540527e-08, 1, 8.661302786094893e-08, 5.21540641784668e-08, -8.568167686462402e-08, 0.5271568298339844, 0.8497681617736816, 5.3085386753082275e-08, -0.8497680425643921, 0.5271565914154053),
        }},
        {Time = 0.200, Data = {
            ["RightFoot"] = CFrame.new(5.960464477539063e-08, 2.980232238769531e-07, -5.790934665128589e-08, 0.5246835350990295, -0.5071582198143005, 0.6837384700775146, 0.3759658634662628, 0.8586469888687134, 0.34838852286338806, -0.7637780904769897, 0.07426898181438446, 0.6411919593811035),
            ["LeftLowerArm"] = CFrame.new(2.086162567138672e-07, -1.1920928955078125e-07, -1.043081283569336e-07, 1, -2.1606680888908159e-07, -2.9802322387695312e-08, -7.450577932388569e-09, 0.45157167315483093, -0.8922348022460938, -6.519255890680142e-08, 0.8922348618507385, 0.4515719413757324),
            ["RightUpperArm"] = CFrame.new(2.384185791015625e-07, -0.06523776054382324, 2.9802322387695312e-08, 0.9782969951629639, 0.16798074543476105, 0.12131590396165848, -0.12813469767570496, 0.9505512714385986, -0.2829025089740753, -0.16283908486366272, 0.26121777296066284, 0.9514456391334534),
            ["Head"] = CFrame.new(3.725290298461914e-09, 0, -5.587935447692871e-09, 0.5875891447067261, 0.002604651264846325, 0.8091554045677185, 0.0067319488152861595, 0.9999445080757141, -0.008107217960059643, -0.8091315627098083, 0.010210985317826271, 0.5875387787818909),
            ["LowerTorso"] = CFrame.new(-0.09931630641222, -0.20211362838745117, -0.10190925747156143, -0.6554295420646667, -0.033698584884405136, -0.7545042634010315, -0.06715821474790573, 0.9976471662521362, 0.01378149725496769, 0.7522644996643066, 0.059704091399908066, -0.6561504006385803),
            ["UpperTorso"] = CFrame.new(-2.60770320892334e-08, 8.940696716308594e-08, -7.450580596923828e-09, 0.9925488829612732, -0.08780381828546524, 0.08448220789432526, 0.08448829501867294, 0.9955365657806396, 0.0420563705265522, -0.08779791742563248, -0.034605175256729126, 0.9955371022224426),
            ["HumanoidRootPart"] = CFrame.new(0, 0, 0, 1, 0, 0, 0, 1, 0, 0, 0, 1),
            ["RightUpperLeg"] = CFrame.new(-0.000025510787963867188, -0.00012583378702402115, -0.0049975235015153885, 0.9137500524520874, 0.32233235239982605, -0.24731095135211945, -0.29999637603759766, 0.9458065629005432, 0.12430840730667114, 0.27397653460502625, -0.03939433768391609, 0.9609290957450867),
            ["LeftUpperArm"] = CFrame.new(0, -0.06523752212524414, 5.960464477539063e-08, 0.9769335389137268, -0.20904862880706787, -0.04358430579304695, 0.21043509244918823, 0.9771457314491272, 0.03005795180797577, 0.036304742097854614, -0.03853617236018181, 0.9985975623130798),
            ["RightLowerArm"] = CFrame.new(5.960464477539063e-08, -6.556510925292969e-07, -5.960464477539063e-08, 1, 5.215407838932151e-08, -1.4901158351676713e-07, 1.100124791264534e-07, 0.9182732701301575, -0.3959473967552185, -8.195638656616211e-08, 0.3959474265575409, 0.9182732105255127),
            ["LeftHand"] = CFrame.new(2.384185791015625e-07, 0, -2.0116567611694336e-07, 0.9941337704658508, 0.0372173935174942, -0.10155332088470459, -0.015285838395357132, 0.9778544902801514, 0.20872712135314941, 0.10707234591245651, -0.20595034956932068, 0.9726870059967041),
            ["LeftFoot"] = CFrame.new(-2.0954757928848267e-08, -5.960464477539063e-08, -4.470348358154297e-08, 0.7475038170814514, 0.015661699697375298, 0.664072573184967, 0.31308937072753906, 0.8734010457992554, -0.37302252650260925, -0.5858439207077026, 0.48674991726875305, 0.6479673981666565),
            ["RightHand"] = CFrame.new(-8.195638656616211e-08, -1.1920928955078125e-07, 1.7881393432617188e-07, 0.7173521518707275, -0.4189448952674866, -0.5566789507865906, 0.37734726071357727, 0.9052984714508057, -0.19504794478416443, 0.5856747031211853, -0.07014316320419312, 0.8075053691864014),
            ["RightLowerLeg"] = CFrame.new(1.150183379650116e-07, -5.960464477539063e-08, 7.899507181718946e-08, 1, 1.7508851613001752e-07, 2.533196834519913e-07, 3.576278118089249e-07, 0.8841689825057983, 0.4671669900417328, 1.7136333951839333e-07, -0.46716731786727905, 0.8841691613197327),
            ["LeftUpperLeg"] = CFrame.new(0.000025480985641479492, 0.00012554926797747612, 0.004997488111257553, 0.8323261141777039, 0.03751653805375099, 0.5530150532722473, 0.13798893988132477, 0.9522706270217896, -0.27228572964668274, -0.5368356108665466, 0.30294081568717957, 0.7874228954315186),
            ["LeftLowerLeg"] = CFrame.new(2.2351741790771484e-08, -5.960464477539063e-08, 0, 1, 4.284084909045305e-08, 4.0978218152076806e-08, -9.313227877782992e-08, 0.6322693228721619, 0.7747486233711243, 6.332994928470725e-08, -0.7747488021850586, 0.6322694420814514),
        }},
        {Time = 0.233, Data = {
            ["RightFoot"] = CFrame.new(7.450580596923828e-09, 3.5762786865234375e-07, 1.6596459317952394e-08, 0.48135751485824585, -0.5358584523200989, 0.693650484085083, 0.3666503131389618, 0.8418987393379211, 0.3959471881389618, -0.796154797077179, 0.06373529881238937, 0.6017266511917114),
            ["LeftLowerArm"] = CFrame.new(-1.7881393432617188e-07, -5.960464477539063e-08, 7.450580596923828e-09, 1, 3.7252885221050747e-08, -1.2665987014770508e-07, 3.2223749713011784e-07, 0.4437883794307709, -0.8961315155029297, -3.213061816609297e-08, 0.8961316347122192, 0.4437885582447052),
            ["RightUpperArm"] = CFrame.new(-5.960464477539063e-08, -0.06523764133453369, -2.9802322387695312e-08, 0.8789212703704834, -0.026500150561332703, 0.476230263710022, 0.03324658423662186, 0.9994307160377502, -0.005744967609643936, -0.4758068025112152, 0.02088231034576893, 0.879301905632019),
            ["Head"] = CFrame.new(-1.30385160446167e-08, 2.384185791015625e-07, 7.450580596923828e-09, 0.7500160336494446, 0.020773012191057205, 0.6610932946205139, -0.01949230395257473, 0.9997667074203491, -0.00930056069046259, -0.6611323356628418, -0.005910584703087807, 0.7502461671829224),
            ["LowerTorso"] = CFrame.new(-0.10762304067611694, -0.12006878852844238, -0.1176067441701889, -0.843328058719635, -0.047314345836639404, -0.5353119969367981, -0.046518705785274506, 0.9988048672676086, -0.014995397999882698, 0.5353820323944092, 0.012256131507456303, -0.8445214033126831),
            ["UpperTorso"] = CFrame.new(3.725290298461914e-09, 2.682209014892578e-07, -1.862645149230957e-08, 0.9954368472099304, -0.053698793053627014, 0.0788801982998848, 0.04785919561982155, 0.9960986375808716, 0.07414250820875168, -0.0825534239411354, -0.07002893835306168, 0.9941232204437256),
            ["HumanoidRootPart"] = CFrame.new(0, 0, 0, 1, 0, 0, 0, 1, 0, 0, 0, 1),
            ["RightUpperLeg"] = CFrame.new(-0.00002536177635192871, -0.00012540130410343409, -0.004997437819838524, 0.9473274350166321, 0.2661918103694916, -0.1780790537595749, -0.24372448027133942, 0.9599257111549377, 0.13835269212722778, 0.2077721804380417, -0.08766252547502518, 0.9742414951324463),
            ["LeftUpperArm"] = CFrame.new(0, -0.06523776054382324, 1.1920928955078125e-07, 0.9440435171127319, -0.1470402032136917, -0.29523059725761414, 0.12929311394691467, 0.9884647727012634, -0.07887217402458191, 0.30342233180999756, 0.03628731518983841, 0.9521650075912476),
            ["RightLowerArm"] = CFrame.new(5.960464477539063e-08, 1.7881393432617188e-07, 1.9371509552001953e-07, 1, -1.6670679769958952e-07, 4.0512531995773315e-08, -2.887100691850719e-08, 0.8408958315849304, -0.541196882724762, -1.532317099872671e-07, 0.5411970615386963, 0.84089595079422),
            ["LeftHand"] = CFrame.new(-3.3527612686157227e-08, 5.960464477539063e-08, -3.5762786865234375e-07, 0.9599035382270813, 0.05635280907154083, -0.2746078670024872, -0.000037517398595809937, 0.9796122908592224, 0.20089669525623322, 0.28033068776130676, -0.1928318738937378, 0.9403355717658997),
            ["LeftFoot"] = CFrame.new(-3.864988684654236e-08, 0, -1.862645149230957e-09, 0.7757633328437805, -0.07659895718097687, 0.6263580918312073, 0.2998100221157074, 0.9181572794914246, -0.25903958082199097, -0.5552524328231812, 0.38874155282974243, 0.7352374792098999),
            ["RightHand"] = CFrame.new(8.009374141693115e-08, 0, -8.940696716308594e-08, 0.6912063956260681, -0.4873824417591095, -0.5335658192634583, 0.5211856365203857, 0.8476669788360596, -0.0991276204586029, 0.5005989074707031, -0.20956890285015106, 0.8399293422698975),
            ["RightLowerLeg"] = CFrame.new(-2.514570951461792e-08, 2.980232238769531e-07, -1.5068508218973875e-08, 1, 4.433093749867112e-07, -2.9802293965985882e-08, 6.482002845586976e-07, 0.8737741112709045, 0.486331582069397, -2.8684723929472966e-07, -0.4863319396972656, 0.8737742900848389),
            ["LeftUpperLeg"] = CFrame.new(0.000025570392608642578, 0.00012593809515237808, 0.004997510462999344, 0.8018413782119751, 0.05514936149120331, 0.5949868559837341, 0.04304298385977745, 0.9878140687942505, -0.14956830441951752, -0.5959848165512085, 0.14554037153720856, 0.789696216583252),
            ["LeftLowerLeg"] = CFrame.new(2.421438694000244e-08, -5.960464477539063e-08, -8.940696716308594e-08, 1, 7.450580596923828e-08, 1.1641527741801383e-08, -6.519256601222878e-08, 0.7525888085365295, 0.6584910154342651, 1.909210745054679e-08, -0.6584908366203308, 0.7525885701179504),
        }},
        {Time = 0.267, Data = {
            ["RightFoot"] = CFrame.new(-2.3283064365386963e-09, 3.5762786865234375e-07, -2.438173396512866e-08, 0.433602899312973, -0.47048765420913696, 0.7685250639915466, 0.3599875569343567, 0.872299075126648, 0.33091238141059875, -0.8260736465454102, 0.13317523896694183, 0.5476004481315613),
            ["LeftLowerArm"] = CFrame.new(-8.940696716308594e-08, 1.7881393432617188e-07, -1.4901161193847656e-08, 1, 1.1175872671742582e-08, 1.1175874448099421e-08, 1.2200328569633712e-07, 0.43373608589172363, -0.9010398387908936, 7.729979500936679e-08, 0.9010400176048279, 0.43373629450798035),
            ["RightUpperArm"] = CFrame.new(0, -0.06523787975311279, 5.960464477539063e-08, 0.7373003363609314, -0.22238290309906006, 0.6379138231277466, 0.14170044660568237, 0.9741693139076233, 0.17582756280899048, -0.66053706407547, -0.03924496844410896, 0.749767005443573),
            ["Head"] = CFrame.new(-6.51925802230835e-09, -3.5762786865234375e-07, -1.4901161193847656e-08, 0.9201322793960571, 0.07604808360338211, 0.38415253162384033, -0.06995117664337158, 0.9971039891242981, -0.02984088659286499, -0.3853096663951874, 0.0005856911302544177, 0.9227873086929321),
            ["LowerTorso"] = CFrame.new(-0.11505810916423798, -0.03802371025085449, -0.13171255588531494, -0.9626529812812805, -0.02643553726375103, -0.2694445252418518, -0.02397082932293415, 0.9996353387832642, -0.012433874420821667, 0.2696751058101654, -0.0055105723440647125, -0.962935745716095),
            ["UpperTorso"] = CFrame.new(9.313225746154785e-09, 1.7881393432617188e-07, -2.421438694000244e-08, 0.9960969686508179, -0.03701361268758774, 0.08013114333152771, 0.030487118288874626, 0.9962321519851685, 0.08119121938943863, -0.08283384144306183, -0.07843124121427536, 0.9934722781181335),
            ["HumanoidRootPart"] = CFrame.new(0, 0, 0, 1, 0, 0, 0, 1, 0, 0, 0, 1),
            ["RightUpperLeg"] = CFrame.new(-0.000025451183319091797, -0.00012563283962663263, -0.0049974932335317135, 0.9557563066482544, 0.15729881823062897, -0.24856935441493988, -0.1403699815273285, 0.986483633518219, 0.08453723788261414, 0.25850772857666016, -0.045904871076345444, 0.9649180769920349),
            ["LeftUpperArm"] = CFrame.new(0, -0.06523764133453369, -4.470348358154297e-08, 0.858496367931366, -0.07148182392120361, -0.5078134536743164, 0.01287125889211893, 0.9929291009902954, -0.11800878494977951, 0.5126581192016602, 0.09477390348911285, 0.8533461093902588),
            ["RightLowerArm"] = CFrame.new(0, 3.5762786865234375e-07, -5.960464477539063e-08, 1, -1.266598985694145e-07, 0, 7.078052277620372e-08, 0.7678940296173096, -0.6405768394470215, -5.587936335871291e-09, 0.6405770182609558, 0.7678941488265991),
            ["LeftHand"] = CFrame.new(8.940696716308594e-08, 0, -2.2724270820617676e-07, 0.973743736743927, 0.04590831696987152, -0.2229701727628708, 0.006687813438475132, 0.9732629656791687, 0.22959618270397186, 0.22754904627799988, -0.22505910694599152, 0.9474017024040222),
            ["LeftFoot"] = CFrame.new(-1.5832483768463135e-08, 0, -2.9802322387695312e-08, 0.8600137829780579, -0.18343022465705872, 0.4761611521244049, 0.28916385769844055, 0.9440507888793945, -0.1585957258939743, -0.4204290509223938, 0.27408304810523987, 0.8649381399154663),
            ["RightHand"] = CFrame.new(-2.9802322387695312e-08, -5.960464477539063e-08, 2.9802322387695312e-08, 0.7465539574623108, -0.541882336139679, -0.3860319256782532, 0.615537166595459, 0.7827650904655457, 0.09161175042390823, 0.2525295317173004, -0.3060103952884674, 0.917925238609314),
