return {
    ["C'mere"] = {
        {Time = 0.000, Data = {
            ["LeftFoot"] = CFrame.new(-5.587935447692871e-08, 1.1920928955078125e-07, 1.1175870895385742e-07, 0.9799120426177979, -0.1934204250574112, -0.04859047383069992, 0.19677944481372833, 0.9773426055908203, 0.07797087728977203, 0.03240835294127464, -0.08596602082252502, 0.9957708716392517),
            ["LeftLowerArm"] = CFrame.new(-5.960464477539063e-08, 3.5762786865234375e-07, 5.364418029785156e-07, 1, -5.960465188081798e-08, -1.4901161193847656e-08, 4.656613938891496e-08, 0.873095691204071, -0.4875490069389343, -1.1175873559921001e-08, 0.4875490367412567, 0.873095691204071),
            ["LowerTorso"] = CFrame.new(0.021201612427830696, -0.11502265930175781, 0.06948015093803406, 0.9055579900741577, -0.01019549835473299, -0.42410004138946533, 0.005005467217415571, 0.999898374080658, -0.013349968008697033, 0.42419302463531494, 0.00996635016053915, 0.905517041683197),
            ["Head"] = CFrame.new(-9.313225746154785e-09, -2.384185791015625e-07, -1.3783574104309082e-07, 0.9207565188407898, -0.05843336135149002, 0.38573700189590454, 0.0752660408616066, 0.9967513084411621, -0.02866763062775135, -0.38280874490737915, 0.055428795516490936, 0.9221633672714233),
            ["RightUpperArm"] = CFrame.new(-5.960464477539063e-08, -5.960464477539062e-07, -8.940696716308594e-08, 0.9715871810913086, -0.2365458756685257, 0.008033059537410736, 0.23547720909118652, 0.9695039391517639, 0.0679159164428711, -0.02385328710079193, -0.06409462541341782, 0.9976587891578674),
            ["UpperTorso"] = CFrame.new(-4.6566128730773926e-09, -5.364418029785156e-07, -6.05359673500061e-09, 0.9992078542709351, 0.014332880266010761, 0.03712594136595726, -0.01966015063226223, 0.9888871312141418, 0.14736251533031464, -0.03460119664669037, -0.14797566831111908, 0.9883856177330017),
            ["HumanoidRootPart"] = CFrame.new(0, 0, 0, 1, 0, 0, 0, 1, 0, 0, 0, 1),
            ["RightHand"] = CFrame.new(-5.21540641784668e-07, -2.384185791015625e-07, -2.086162567138672e-07, 0.9974814653396606, 0.03511923551559448, -0.06162453070282936, -0.038278978317976, 0.9979717135429382, -0.050866078585386276, 0.05971323698759079, 0.05309692397713661, 0.9968025088310242),
            ["LeftUpperArm"] = CFrame.new(1.1920928955078125e-07, -1.1920928955078125e-07, -2.9802322387695312e-08, 0.9021591544151306, 0.2604309022426605, -0.3439256250858307, -0.23112817108631134, 0.9649372696876526, 0.1244022473692894, 0.3642648756504059, -0.03273973986506462, 0.9307197332382202),
            ["RightLowerArm"] = CFrame.new(-1.1920928955078125e-07, 4.76837158203125e-07, 0, 1, -3.7252920748187535e-08, -3.3527619791584584e-08, 2.980232594040899e-08, 0.9076833128929138, -0.41965579986572266, 4.4703490686970326e-08, 0.41965582966804504, 0.9076834321022034),
            ["LeftHand"] = CFrame.new(0, -2.980232238769531e-07, -1.341104507446289e-07, 0.9176732897758484, -0.0913328230381012, 0.3866964876651764, 0.11181237548589706, 0.9932534694671631, -0.030749082565307617, -0.38127920031547546, 0.07145511358976364, 0.921694278717041),
            ["RightUpperLeg"] = CFrame.new(0, -7.154885679483414e-07, -2.7772330213338137e-08, 0.9797731041908264, -0.14068560302257538, -0.14231111109256744, 0.12852004170417786, 0.9874876141548157, -0.09138292819261551, 0.15338654816150665, 0.0712444856762886, 0.985594630241394),
            ["LeftUpperLeg"] = CFrame.new(1.1920928955078125e-07, -4.974426701664925e-07, 9.313225746154785e-09, 0.9455358982086182, 0.2885696291923523, 0.15063031017780304, -0.20544025301933289, 0.8879522681236267, -0.41150346398353577, -0.25249987840652466, 0.35814571380615234, 0.8988745808601379),
            ["RightLowerLeg"] = CFrame.new(1.043081283569336e-07, -0.000003635883331298828, -0.000013215634680818766, 1, -1.4901166522918174e-08, -2.6077044523731274e-08, 5.401671643312511e-08, 0.837595522403717, 0.546290934085846, 6.519258910486769e-09, -0.5462909936904907, 0.837595522403717),
            ["RightFoot"] = CFrame.new(-7.450580596923828e-08, 2.980232238769531e-07, -1.0261283023282886e-07, 0.9913976788520813, 0.1286674290895462, -0.023989081382751465, -0.12611328065395355, 0.8900365829467773, -0.43809816241264343, -0.035017725080251694, 0.4373551607131958, 0.8986070156097412),
            ["LeftLowerLeg"] = CFrame.new(1.564621925354004e-07, 0.0000036954879760742188, 0.000013314187526702881, 1, 1.0058283805847168e-07, 0, 0, 0.9403248429298401, 0.3402782678604126, -7.450581485102248e-09, -0.3402783274650574, 0.9403248429298401),
        }},
        {Time = 0.033, Data = {
            ["LeftFoot"] = CFrame.new(1.1175870895385742e-08, -1.7881393432617188e-07, -7.450580596923828e-09, 0.9813982844352722, -0.18573886156082153, -0.04856327176094055, 0.19021883606910706, 0.9749681353569031, 0.11512693017721176, 0.025964397937059402, -0.12222269177436829, 0.9921630024909973),
            ["LeftLowerArm"] = CFrame.new(-1.1920928955078125e-07, 3.5762786865234375e-07, -2.384185791015625e-07, 1, -6.891786341611805e-08, -7.4505797087454084e-09, 2.7939680791178034e-08, 0.8760974407196045, -0.48213401436805725, 2.6077035641947077e-08, 0.48213398456573486, 0.876097559928894),
            ["LowerTorso"] = CFrame.new(0.006135173141956329, -0.11319136619567871, 0.08468305319547653, 0.9055604934692383, -0.0015112360706552863, -0.4242144823074341, -0.003370987018570304, 0.9999364614486694, -0.01075817458331585, 0.4242037534713745, 0.011172199621796608, 0.9054979085922241),
            ["Head"] = CFrame.new(6.51925802230835e-09, 0, -1.4901161193847656e-07, 0.9240984320640564, -0.06464799493551254, 0.37664687633514404, 0.08133257180452347, 0.9962782263755798, -0.028546439483761787, -0.373399555683136, 0.057013366371393204, 0.9259170889854431),
            ["RightUpperArm"] = CFrame.new(0, -4.76837158203125e-07, -2.384185791015625e-07, 0.9708600640296936, -0.23964476585388184, 0.0010698693804442883, 0.23910453915596008, 0.9689523577690125, 0.06293128430843353, -0.016117846593260765, -0.0608416423201561, 0.9980173110961914),
            ["UpperTorso"] = CFrame.new(1.3969838619232178e-09, -4.470348358154297e-07, 3.026798367500305e-09, 0.9991034865379333, 0.010666409507393837, 0.04097140580415726, -0.01649855449795723, 0.9893286824226379, 0.14476378262043, -0.03898998349905014, -0.14530998468399048, 0.9886175990104675),
            ["HumanoidRootPart"] = CFrame.new(0, 0, 0, 1, 0, 0, 0, 1, 0, 0, 0, 1),
            ["RightHand"] = CFrame.new(5.364418029785156e-07, 1.1920928955078125e-07, 1.1920928955078125e-07, 0.9973037242889404, 0.036493487656116486, -0.06366796791553497, -0.04030681774020195, 0.9974038004875183, -0.059674784541130066, 0.06132499501109123, 0.06208018213510513, 0.9961854219436646),
            ["LeftUpperArm"] = CFrame.new(1.1920928955078125e-07, -1.1920928955078125e-07, -2.9802322387695312e-08, 0.9006310105323792, 0.2603045701980591, -0.34800177812576294, -0.23288771510124207, 0.9651674032211304, 0.11922808736562729, 0.3669154942035675, -0.026335205882787704, 0.9298814535140991),
            ["RightLowerArm"] = CFrame.new(7.748603820800781e-07, 4.172325134277344e-07, -2.980232238769531e-07, 1, -5.587933316064664e-08, -2.9802318834981634e-08, 4.4703462265260896e-08, 0.9140033721923828, -0.4057067036628723, -3.7252885221050747e-09, 0.4057067036628723, 0.914003312587738),
            ["LeftHand"] = CFrame.new(-2.9802322387695312e-08, -2.384185791015625e-07, 0, 0.9182054400444031, -0.09107761085033417, 0.3854915201663971, 0.11437907814979553, 0.9927140474319458, -0.03789810463786125, -0.37923112511634827, 0.07889041304588318, 0.9219328165054321),
            ["RightUpperLeg"] = CFrame.new(-1.4901161193847656e-07, -1.582084223628044e-07, 5.2321411203593016e-08, 0.9781855940818787, -0.1541556864976883, -0.1392451375722885, 0.13882315158843994, 0.9837489724159241, -0.11386880278587341, 0.15453553199768066, 0.09205418825149536, 0.9836893081665039),
            ["LeftUpperLeg"] = CFrame.new(1.1920928955078125e-07, 3.111199475824833e-07, 3.725290298461914e-09, 0.9486688375473022, 0.27091535925865173, 0.16319432854652405, -0.18917548656463623, 0.8995770215988159, -0.39366716146469116, -0.25345632433891296, 0.34258753061294556, 0.9046512246131897),
            ["RightLowerLeg"] = CFrame.new(-1.4901161193847656e-08, -0.000003516674041748047, -0.0000133199428091757, 1, 7.450582373280668e-09, 1.1175870895385742e-08, 1.8440186977386475e-07, 0.8294212818145752, 0.5586232542991638, 4.6566128730773926e-08, -0.558623731136322, 0.8294215202331543),
            ["RightFoot"] = CFrame.new(2.2351741790771484e-08, 2.384185791015625e-07, -2.0656443666666746e-08, 0.9910978674888611, 0.13114404678344727, -0.022940317168831825, -0.1280326247215271, 0.8916048407554626, -0.4343363642692566, -0.03650689497590065, 0.43340742588043213, 0.9004586338996887),
            ["LeftLowerLeg"] = CFrame.new(-3.725290298461914e-08, 0.0000036954879760742188, 0.000013314187526702881, 1, 2.980232949312267e-08, -1.210719347000122e-07, -1.4901162970204496e-08, 0.9586805105209351, 0.28448486328125, -9.685756197086448e-08, -0.2844850420951843, 0.9586805105209351),
        }},
        {Time = 0.067, Data = {
            ["LeftFoot"] = CFrame.new(4.470348358154297e-08, 0, -2.60770320892334e-08, 0.9832395911216736, -0.17592276632785797, -0.04786652326583862, 0.18136966228485107, 0.9705583453178406, 0.15849734842777252, 0.01857393980026245, -0.16452237963676453, 0.9861984848976135),
            ["LeftLowerArm"] = CFrame.new(-4.76837158203125e-07, -1.1920928955078125e-07, -2.384185791015625e-07, 1, -4.284083843231201e-08, 2.2351736461700966e-08, 4.842877388000488e-08, 0.8801432251930237, -0.47470822930336, 2.9802322387695312e-08, 0.47470822930336, 0.8801431655883789),
            ["LowerTorso"] = CFrame.new(-0.013057166710495949, -0.11102533340454102, 0.0998181700706482, 0.9055703282356262, 0.004541333299130201, -0.4241718649864197, -0.011105552315711975, 0.999853789806366, -0.013004610314965248, 0.4240507483482361, 0.016487250104546547, 0.9054883718490601),
            ["Head"] = CFrame.new(2.421438694000244e-08, 0, -1.7136335372924805e-07, 0.9271749258041382, -0.07054772973060608, 0.3679264783859253, 0.08501014858484268, 0.9961093664169312, -0.023227466270327568, -0.3648563623428345, 0.052813369780778885, 0.9295647740364075),
            ["RightUpperArm"] = CFrame.new(-1.1920928955078125e-07, 1.1920928955078125e-07, -1.4901161193847656e-07, 0.969933032989502, -0.24325180053710938, -0.007650184910744429, 0.2432757318019867, 0.968185544013977, 0.058598585426807404, -0.006847488693892956, -0.05869777500629425, 0.9982523918151855),
            ["UpperTorso"] = CFrame.new(9.313225746154785e-10, 2.682209014892578e-07, -1.862645149230957e-09, 0.9989296793937683, 0.008086993359029293, 0.04554437845945358, -0.014618584886193275, 0.9893291592597961, 0.144962877035141, -0.043886080384254456, -0.14547351002693176, 0.9883882999420166),
            ["HumanoidRootPart"] = CFrame.new(0, 0, 0, 1, 0, 0, 0, 1, 0, 0, 0, 1),
            ["RightHand"] = CFrame.new(1.4901161193847656e-08, -2.384185791015625e-07, 0, 0.9971504807472229, 0.03554258123040199, -0.06654122471809387, -0.039830081164836884, 0.9971383213996887, -0.06425687670707703, 0.06406698375940323, 0.06672413647174835, 0.9957125186920166),
            ["LeftUpperArm"] = CFrame.new(0, 0, -5.960464477539063e-08, 0.8992760181427002, 0.2581985890865326, -0.353038489818573, -0.23487524688243866, 0.9659848809242249, 0.1081986278295517, 0.36896660923957825, -0.01438041403889656, 0.9293314218521118),
            ["RightLowerArm"] = CFrame.new(1.1920928955078125e-07, -5.960464477539063e-08, 0, 1, -5.5879375793210784e-08, -1.1175870895385742e-08, 2.2351745343485163e-08, 0.9185582399368286, -0.39528578519821167, 7.450581485102248e-09, 0.39528584480285645, 0.9185582399368286),
            ["LeftHand"] = CFrame.new(0, 1.1920928955078125e-07, -1.4901161193847656e-08, 0.91976398229599, -0.09422268718481064, 0.38099414110183716, 0.11849962919950485, 0.9921190738677979, -0.04071323573589325, -0.3741554319858551, 0.08259428292512894, 0.9236807227134705),
            ["RightUpperLeg"] = CFrame.new(0, 1.5296973288059235e-07, -2.2184394765645266e-08, 0.9762159585952759, -0.16977736353874207, -0.1348261833190918, 0.15148763358592987, 0.9790575504302979, -0.1360064595937729, 0.15509335696697235, 0.11234713345766068, 0.9814907908439636),
            ["LeftUpperLeg"] = CFrame.new(-5.960464477539063e-08, 8.230563253164291e-08, 1.6763806343078613e-08, 0.9520290493965149, 0.25005897879600525, 0.17638404667377472, -0.17258039116859436, 0.9147417545318604, -0.3653266727924347, -0.2526991069316864, 0.31736117601394653, 0.9140160083770752),
            ["RightLowerLeg"] = CFrame.new(2.9802322387695312e-08, -0.000003516674041748047, -0.000013230535842012614, 1, -2.4586918812019576e-07, -6.705523958316917e-08, 1.9744041424019088e-07, 0.8187253475189209, 0.5741850733757019, -1.1734665861240501e-07, -0.5741853713989258, 0.8187255263328552),
            ["RightFoot"] = CFrame.new(-7.450580596923828e-09, 2.384185791015625e-07, -5.75528247281909e-09, 0.9904838800430298, 0.13588356971740723, -0.021848492324352264, -0.13201509416103363, 0.8931577205657959, -0.42993155121803284, -0.038906365633010864, 0.42872488498687744, 0.9025970697402954),
            ["LeftLowerLeg"] = CFrame.new(6.705522537231445e-08, 0.000003933906555175781, 0.000013247132301330566, 1, 8.195639367158947e-08, 6.705522537231445e-08, 5.960465898624534e-08, 0.9765675067901611, 0.21521131694316864, 0, -0.2152114361524582, 0.9765675067901611),
        }},
        {Time = 0.100, Data = {
            ["LeftFoot"] = CFrame.new(3.725290298461914e-09, 2.384185791015625e-07, 2.9802322387695312e-08, 0.984951913356781, -0.16583378612995148, -0.04867237061262131, 0.1717667132616043, 0.9704539179801941, 0.1694570630788803, 0.019132589921355247, -0.17526720464229584, 0.9843350052833557),
            ["LeftLowerArm"] = CFrame.new(-2.384185791015625e-07, 0, 1.7881393432617188e-07, 1, -3.539024362453347e-08, 4.0978189730367376e-08, 1.3969836398786128e-09, 0.8805959224700928, -0.4738680124282837, -3.352760913344355e-08, 0.4738680422306061, 0.880595862865448),
            ["LowerTorso"] = CFrame.new(-0.02788318134844303, -0.10977602005004883, 0.11324805021286011, 0.9055848717689514, 0.007231011055409908, -0.4241034984588623, -0.01531833317130804, 0.9997599720954895, -0.01566310040652752, 0.4238884150981903, 0.020680824294686317, 0.9054783582687378),
            ["Head"] = CFrame.new(4.284083843231201e-08, -4.76837158203125e-07, -9.685754776000977e-08, 0.9297029376029968, -0.07471588999032974, 0.3606524169445038, 0.08617522567510605, 0.9961551427841187, -0.015773462131619453, -0.3580872118473053, 0.04574394226074219, 0.9325669407844543),
            ["RightUpperArm"] = CFrame.new(-5.960464477539063e-08, -5.960464477539062e-07, -8.940696716308594e-08, 0.9700272083282471, -0.2425185889005661, -0.015237051993608475, 0.24299679696559906, 0.9680923819541931, 0.061235085129737854, -0.00009982103074435145, -0.06310223042964935, 0.99800705909729),
            ["UpperTorso"] = CFrame.new(-1.862645149230957e-09, -1.4901161193847656e-07, 9.313225746154785e-10, 0.9986637234687805, 0.007547789253294468, 0.051127005368471146, -0.014919526875019073, 0.9892634749412537, 0.14537976682186127, -0.0494808554649353, -0.14594826102256775, 0.988054096698761),
            ["HumanoidRootPart"] = CFrame.new(0, 0, 0, 1, 0, 0, 0, 1, 0, 0, 0, 1),
            ["RightHand"] = CFrame.new(-4.470348358154297e-08, -1.7881393432617188e-07, -8.940696716308594e-08, 0.9975458383560181, 0.03264901041984558, -0.061939582228660583, -0.03670568764209747, 0.9971753358840942, -0.06552886962890625, 0.059625186026096344, 0.06764156371355057, 0.9959264397621155),
            ["LeftUpperArm"] = CFrame.new(5.960464477539063e-08, -4.76837158203125e-07, 8.940696716308594e-08, 0.8976207971572876, 0.25974857807159424, -0.3561007082462311, -0.2397731989622116, 0.9656664133071899, 0.0999860018491745, 0.3698456585407257, -0.004366104956716299, 0.929082989692688),
            ["RightLowerArm"] = CFrame.new(-2.682209014892578e-07, 5.960464477539063e-08, 5.960464477539063e-08, 1, -1.4901159417490817e-08, 0, 5.215405707303944e-08, 0.9179092645645142, -0.3967905044555664, 3.7252898543727042e-09, 0.3967905640602112, 0.9179092645645142),
            ["LeftHand"] = CFrame.new(3.5762786865234375e-07, -1.1920928955078125e-07, 1.9371509552001953e-07, 0.9217132329940796, -0.0999159961938858, 0.374781996011734, 0.12370560318231583, 0.991516649723053, -0.03989714756608009, -0.3676162362098694, 0.08313637971878052, 0.9262542128562927),
            ["RightUpperLeg"] = CFrame.new(0, -2.9872171580791473e-07, 2.2519088815897703e-08, 0.9749003052711487, -0.17953133583068848, -0.13167376816272736, 0.15910571813583374, 0.9754859209060669, -0.15202851593494415, 0.15573947131633759, 0.12726245820522308, 0.9795659184455872),
            ["LeftUpperLeg"] = CFrame.new(-5.960464477539063e-08, 4.7497451305389404e-07, 4.470348358154297e-08, 0.9503636956214905, 0.24450719356536865, 0.19241897761821747, -0.15902557969093323, 0.9132620692253113, -0.37505099177360535, -0.26743149757385254, 0.32583534717559814, 0.9068140387535095),
            ["RightLowerLeg"] = CFrame.new(1.4901161193847656e-08, -0.000003635883331298828, -0.000013349745131563395, 1, -5.513431347026199e-07, -2.458692449636146e-07, 4.4330971604722436e-07, 0.8111726641654968, 0.5848066806793213, -2.067536826189098e-07, -0.5848067998886108, 0.8111728429794312),
            ["RightFoot"] = CFrame.new(-7.450580596923828e-09, 2.384185791015625e-07, 1.6952981241047382e-09, 0.9900822639465332, 0.1389557421207428, -0.020696913823485374, -0.13451392948627472, 0.8951243162155151, -0.42503902316093445, -0.04053506627678871, 0.4236080050468445, 0.9049383401870728),
            ["LeftLowerLeg"] = CFrame.new(4.470348358154297e-08, 0.000004231929779052734, 0.000013321638107299805, 1, 1.6763809895792292e-08, -8.381905303167514e-08, -7.450581485102248e-09, 0.9723312854766846, 0.2336064726114273, -7.450581307466564e-08, -0.23360665142536163, 0.9723312258720398),
        }},
        {Time = 0.133, Data = {
            ["LeftFoot"] = CFrame.new(5.21540641784668e-08, 0, -3.725290298461914e-09, 0.9871072769165039, -0.15329061448574066, -0.046057045459747314, 0.15769533812999725, 0.9806725382804871, 0.11581769585609436, 0.027413232252001762, -0.12158766388893127, 0.9922021627426147),
            ["LeftLowerArm"] = CFrame.new(3.5762786865234375e-07, -9.5367431640625e-07, -1.1920928955078125e-07, 1, -7.078050856534901e-08, 3.352759847530251e-08, 6.193295121192932e-08, 0.8716215491294861, -0.4901793599128723, 1.1175870895385742e-08, 0.4901794195175171, 0.8716215491294861),
            ["LowerTorso"] = CFrame.new(-0.04093995690345764, -0.10968327522277832, 0.1255204677581787, 0.9055954217910767, 0.010602526366710663, -0.4240102469921112, -0.018074942752718925, 0.9997440576553345, -0.013605261221528053, 0.42375749349594116, 0.01998482085764408, 0.905555248260498),
            ["Head"] = CFrame.new(6.51925802230835e-09, 5.960464477539062e-07, -1.5273690223693848e-07, 0.930983304977417, -0.07829799503087997, 0.35656648874282837, 0.08815989643335342, 0.996040403842926, -0.011463269591331482, -0.35425707697868347, 0.04210695996880531, 0.9341996312141418),
            ["RightUpperArm"] = CFrame.new(-5.960464477539063e-08, -2.384185791015625e-07, -1.7881393432617188e-07, 0.9706025123596191, -0.2401716411113739, -0.015759801492094994, 0.24068818986415863, 0.9685569405555725, 0.0629819706082344, 0.00013775752449873835, -0.06492366641759872, 0.997890293598175),
            ["UpperTorso"] = CFrame.new(0, -2.384185791015625e-07, 2.7939677238464355e-09, 0.9984286427497864, 0.006671231705695391, 0.05563954636454582, -0.014547646977007389, 0.9897044897079468, 0.14238494634628296, -0.05411685258150101, -0.14297065138816833, 0.9882463812828064),
            ["HumanoidRootPart"] = CFrame.new(0, 0, 0, 1, 0, 0, 0, 1, 0, 0, 0, 1),
            ["RightHand"] = CFrame.new(-3.8743019104003906e-07, -4.76837158203125e-07, 5.960464477539063e-08, 0.9983577728271484, 0.030857432633638382, -0.04826672375202179, -0.03415055572986603, 0.9970346093177795, -0.06896209716796875, 0.04599558562040329, 0.07049718499183655, 0.9964510798454285),
            ["LeftUpperArm"] = CFrame.new(1.1920928955078125e-07, 0, -8.940696716308594e-08, 0.897430956363678, 0.2659725248813629, -0.3519606292247772, -0.24638457596302032, 0.9639752507209778, 0.10023229569196701, 0.3659403622150421, -0.0032338956370949745, 0.9306327104568481),
            ["RightLowerArm"] = CFrame.new(-5.960464477539063e-08, -1.1920928955078125e-07, 0, 1, -4.4703494239684005e-08, -4.842878098543224e-08, 2.980232594040899e-08, 0.9168791174888611, -0.39916515350341797, 8.940698137394065e-08, 0.39916515350341797, 0.9168791770935059),
            ["LeftHand"] = CFrame.new(1.1920928955078125e-07, 1.7881393432617188e-07, -1.1920928955078125e-07, 0.9249060750007629, -0.10564061254262924, 0.36522454023361206, 0.1256648600101471, 0.9915748834609985, -0.03142629191279411, -0.3588275611400604, 0.07496233284473419, 0.930388867855072),
            ["RightUpperLeg"] = CFrame.new(5.960464477539063e-08, -5.210749804973602e-07, -2.590968506410718e-08, 0.9738546013832092, -0.18716482818126678, -0.1287507563829422, 0.16408415138721466, 0.9714877009391785, -0.17113810777664185, 0.15711075067520142, 0.14553755521774292, 0.9767983555793762),
            ["LeftUpperLeg"] = CFrame.new(8.940696716308594e-08, -3.25031578540802e-07, 9.499490261077881e-08, 0.9415078163146973, 0.25700753927230835, 0.2179684042930603, -0.14352330565452576, 0.891025722026825, -0.4306672513484955, -0.30490028858184814, 0.37419307231903076, 0.8757942914962769),
            ["RightLowerLeg"] = CFrame.new(7.450580596923828e-08, -0.000003635883331298828, -0.000013334843970369548, 1, 5.215405707303944e-08, -1.1175869119028903e-08, -3.72529100900465e-08, 0.8036471605300903, 0.5951059460639954, -1.1175873559921001e-08, -0.5951061844825745, 0.8036473393440247),
            ["RightFoot"] = CFrame.new(-1.4901161193847656e-08, 2.980232238769531e-07, -4.300818545743823e-08, 0.9897376894950867, 0.1415482759475708, -0.019580332562327385, -0.13657060265541077, 0.8966863751411438, -0.42107221484184265, -0.04204455018043518, 0.41942545771598816, 0.906815767288208),
            ["LeftLowerLeg"] = CFrame.new(3.725290298461914e-09, 0.000003993511199951172, 0.000013403594493865967, 1, 0, 1.1175874448099421e-08, -2.980232594040899e-08, 0.9337332248687744, 0.35796982049942017, 0, -0.3579697906970978, 0.9337332844734192),
        }},
        {Time = 0.167, Data = {
            ["LeftFoot"] = CFrame.new(3.3527612686157227e-08, 5.960464477539063e-08, 2.421438694000244e-08, 0.9891777634620667, -0.1409893035888672, -0.04061376675963402, 0.14314104616641998, 0.9881102442741394, 0.056113675236701965, 0.03221943974494934, -0.06131994351744652, 0.9975980520248413),
            ["LeftLowerArm"] = CFrame.new(-5.960464477539063e-08, 3.5762786865234375e-07, 1.1920928955078125e-07, 1, -6.332992086299782e-08, -2.9802315282267955e-08, 2.1653244530739357e-08, 0.8606036901473999, -0.5092752575874329, 2.9802315282267955e-08, 0.5092753171920776, 0.8606037497520447),
            ["LowerTorso"] = CFrame.new(-0.052876293659210205, -0.11018180847167969, 0.13736151158809662, 0.9056636095046997, 0.010057885199785233, -0.4238777160644531, -0.017542745918035507, 0.9997514486312866, -0.013759730383753777, 0.4236339330673218, 0.019897663965821266, 0.905614972114563),
            ["Head"] = CFrame.new(1.6763806343078613e-08, 3.5762786865234375e-07, -1.0803341865539551e-07, 0.9304836988449097, -0.08118832111358643, 0.3572237491607666, 0.08945030719041824, 0.9959692358970642, -0.006637243088334799, -0.3552449643611908, 0.03812963142991066, 0.933995246887207),
            ["RightUpperArm"] = CFrame.new(1.1920928955078125e-07, -4.76837158203125e-07, -5.960464477539063e-08, 0.9711995720863342, -0.2380632609128952, -0.009871360845863819, 0.23819409310817719, 0.9690350294113159, 0.06507542729377747, -0.0059263575822114944, -0.06555253267288208, 0.9978315234184265),
            ["UpperTorso"] = CFrame.new(-5.587935447692871e-09, 2.9802322387695312e-08, -7.450580596923828e-09, 0.9982097744941711, 0.008266011252999306, 0.059237804263830185, -0.01661859266459942, 0.9897371530532837, 0.14193089306354523, -0.05745662376284599, -0.14266124367713928, 0.9881024956703186),
            ["HumanoidRootPart"] = CFrame.new(0, 0, 0, 1, 0, 0, 0, 1, 0, 0, 0, 1),
            ["RightHand"] = CFrame.new(-1.4901161193847656e-07, 1.7881393432617188e-07, -5.960464477539063e-08, 0.9994151592254639, 0.031188663095235825, -0.014019738882780075, -0.0321873240172863, 0.9964501261711121, -0.07778948545455933, 0.011543769389390945, 0.07819518446922302, 0.9968712329864502),
            ["LeftUpperArm"] = CFrame.new(0, 0, -2.9802322387695312e-08, 0.9000234603881836, 0.2715728282928467, -0.3408900201320648, -0.25264307856559753, 0.9624112248420715, 0.09968040883541107, 0.3551468551158905, -0.003591237124055624, 0.9348036646842957),
            ["RightLowerArm"] = CFrame.new(-1.7881393432617188e-07, -6.556510925292969e-07, 5.960464477539063e-08, 1, -3.7252898543727042e-09, -3.725291186640334e-09, 4.4703490686970326e-08, 0.9143121838569641, -0.4050101935863495, 5.587936158235607e-08, 0.4050101935863495, 0.9143123030662537),
            ["LeftHand"] = CFrame.new(1.1920928955078125e-07, -2.980232238769531e-07, -8.940696716308594e-08, 0.9299346208572388, -0.11466899514198303, 0.34938904643058777, 0.1294516921043396, 0.991400420665741, -0.019172679632902145, -0.34418579936027527, 0.06305840611457825, 0.936781644821167),
            ["RightUpperLeg"] = CFrame.new(1.7881393432617188e-07, 8.381903171539307e-09, 4.1145540308207273e-08, 0.9733976125717163, -0.19069187343120575, -0.12701909244060516, 0.16567717492580414, 0.9687312841415405, -0.18469122052192688, 0.15826618671417236, 0.15873360633850098, 0.9745538830757141),
            ["LeftUpperLeg"] = CFrame.new(-1.1920928955078125e-07, -8.614733815193176e-09, 6.146728992462158e-08, 0.926491379737854, 0.27507951855659485, 0.2567974627017975, -0.13222697377204895, 0.8768519163131714, -0.4622194468975067, -0.3523203730583191, 0.3942868411540985, 0.8487686514854431),
            ["RightLowerLeg"] = CFrame.new(-1.341104507446289e-07, -0.0000033974647521972656, -0.0000133199428091757, 1, -3.725291151113197e-07, -1.6763806343078613e-07, 4.2095774688277743e-07, 0.7988752126693726, 0.6014962792396545, -2.4400648612754594e-07, -0.6014968752861023, 0.7988755702972412),
            ["RightFoot"] = CFrame.new(-2.60770320892334e-08, 3.5762786865234375e-07, -5.75528247281909e-09, 0.989462673664093, 0.14361260831356049, -0.018414583057165146, -0.13821958005428314, 0.899026095867157, -0.415508508682251, -0.04311664029955864, 0.41367578506469727, 0.9094029068946838),
            ["LeftLowerLeg"] = CFrame.new(1.0058283805847168e-07, 0.000003993511199951172, 0.000013321638107299805, 1, -4.097818262494002e-08, -2.1886075174393227e-08, 1.4901159417490817e-08, 0.8910294771194458, 0.4539455473423004, -4.470347647611561e-08, -0.45394548773765564, 0.8910293579101562),
        }},
        {Time = 0.200, Data = {
            ["LeftFoot"] = CFrame.new(-2.7939677238464355e-09, 2.384185791015625e-07, 2.1420419216156006e-08, 0.9906566143035889, -0.13196349143981934, -0.03442441672086716, 0.1323564201593399, 0.9911577701568604, 0.009382305666804314, 0.03288184851408005, -0.013850599527359009, 0.9993633031845093),
            ["LeftLowerArm"] = CFrame.new(-1.1920928955078125e-07, 4.76837158203125e-07, 2.384185791015625e-07, 1, -3.725289943190546e-08, 0, 5.273614789302883e-08, 0.8488024473190308, -0.5287103056907654, 1.862645326866641e-08, 0.5287102460861206, 0.8488024473190308),
            ["LowerTorso"] = CFrame.new(-0.06339062005281448, -0.1112666130065918, 0.1473194807767868, 0.9056291580200195, 0.014484020881354809, -0.42382320761680603, -0.022076640278100967, 0.9996716380119324, -0.01301010325551033, 0.4234955608844757, 0.02113891951739788, 0.9056515693664551),
            ["Head"] = CFrame.new(1.816079020500183e-08, 7.152557373046875e-07, -1.1082738637924194e-07, 0.9292857646942139, -0.08480618894100189, 0.359494149684906, 0.09125250577926636, 0.995827317237854, -0.0009661263902671635, -0.3579122722148895, 0.0337025411427021, 0.9331468939781189),
            ["RightUpperArm"] = CFrame.new(-1.1920928955078125e-07, 3.5762786865234375e-07, -8.940696716308594e-08, 0.9718762040138245, -0.23549053072929382, 0.0009385490557178855, 0.23479129374027252, 0.9692825078964233, 0.0732431560754776, -0.0181578416377306, -0.07096292078495026, 0.9973136782646179),
            ["UpperTorso"] = CFrame.new(0, -2.384185791015625e-07, 2.0489096641540527e-08, 0.9980356693267822, 0.005618225317448378, 0.06239703670144081, -0.014373835176229477, 0.989937424659729, 0.1407744437456131, -0.06097821891307831, -0.14139482378959656, 0.9880735278129578),
            ["HumanoidRootPart"] = CFrame.new(0, 0, 0, 1, 0, 0, 0, 1, 0, 0, 0, 1),
            ["RightHand"] = CFrame.new(-5.21540641784668e-07, -3.5762786865234375e-07, 2.9802322387695312e-08, 0.9987967610359192, 0.031037062406539917, 0.03797195106744766, -0.027443494647741318, 0.9954038858413696, -0.09174979478120804, -0.040645089000463486, 0.09059733152389526, 0.9950578808784485),
            ["LeftUpperArm"] = CFrame.new(0, 5.960464477539062e-07, 0, 0.9036436676979065, 0.2780594527721405, -0.3257471024990082, -0.26017916202545166, 0.9605557322502136, 0.09818153828382492, 0.3401986062526703, -0.003968512639403343, 0.9403452277183533),
            ["RightLowerArm"] = CFrame.new(5.960464477539062e-07, -2.384185791015625e-07, 0, 1, -7.078052988163108e-08, 1.1175870895385742e-08, 2.2351741790771484e-08, 0.9079219698905945, -0.4191393554210663, 3.3527612686157227e-08, 0.41913941502571106, 0.9079219102859497),
            ["LeftHand"] = CFrame.new(5.960464477539063e-08, -1.7881393432617188e-07, -8.940696716308594e-08, 0.934788703918457, -0.1291140615940094, 0.33090740442276, 0.13841424882411957, 0.9903637766838074, -0.004587862640619278, -0.3271261751651764, 0.05009108781814575, 0.9436521530151367),
            ["RightUpperLeg"] = CFrame.new(-5.960464477539063e-08, 4.0372833609580994e-07, 4.1145540308207273e-08, 0.972098171710968, -0.19962641596794128, -0.12318561226129532, 0.17224058508872986, 0.9639356732368469, -0.20288248360157013, 0.15924355387687683, 0.17600399255752563, 0.9714236855506897),
            ["LeftUpperLeg"] = CFrame.new(8.940696716308594e-08, 2.2165477275848389e-07, -8.009374141693115e-08, 0.9091266989707947, 0.2825782597064972, 0.3060036599636078, -0.11937061697244644, 0.8806130886077881, -0.4585535228252411, -0.3990480899810791, 0.38035550713539124, 0.8343204259872437),
            ["RightLowerLeg"] = CFrame.new(-4.470348358154297e-08, -0.000003516674041748047, -0.000013290140486788005, 1, -1.192093321833454e-07, 6.705523958316917e-08, 7.823110337312755e-08, 0.7883726954460144, 0.6151979565620422, -7.078052277620372e-08, -0.6151981353759766, 0.7883726358413696),
            ["RightFoot"] = CFrame.new(-1.862645149230957e-08, 3.5762786865234375e-07, -6.535992724820971e-08, 0.9891496300697327, 0.1458691656589508, -0.017475690692663193, -0.1398899406194687, 0.8988431096076965, -0.4153454303741455, -0.04487808421254158, 0.4132835865020752, 0.9094959497451782),
            ["LeftLowerLeg"] = CFrame.new(-6.612390279769897e-08, 0.000003993511199951172, 0.000013284385204315186, 1, 1.7724234524507665e-08, 7.31088150018877e-08, -2.8870999813079834e-08, 0.8686237335205078, 0.4954725205898285, 5.029141902923584e-08, -0.4954724609851837, 0.868623673915863),
        }},
        {Time = 0.233, Data = {
            ["LeftFoot"] = CFrame.new(-1.4901161193847656e-08, 5.960464477539063e-08, 1.862645149230957e-09, 0.9913299679756165, -0.12818418443202972, -0.02887461706995964, 0.1271023154258728, 0.9912133812904358, -0.036620479077100754, 0.03331495448946953, 0.03263329714536667, 0.9989120364189148),
            ["LeftLowerArm"] = CFrame.new(-2.384185791015625e-07, 0, 0, 1, -4.470347292340193e-08, 2.2351741790771484e-08, 5.756739085427398e-08, 0.8381041884422302, -0.5455102324485779, -3.725291186640334e-09, 0.5455102324485779, 0.838104248046875),
            ["LowerTorso"] = CFrame.new(-0.07217609137296677, -0.11270618438720703, 0.15392623841762543, 0.9056006073951721, 0.015527390874922276, -0.42384716868400574, -0.024461258202791214, 0.9995783567428589, -0.0156454686075449, 0.42342546582221985, 0.0245363786816597, 0.9055987000465393),
            ["Head"] = CFrame.new(3.417153493501246e-08, -3.5762786865234375e-07, -1.407825038768351e-07, 0.9286530613899231, -0.0883362740278244, 0.3602782189846039, 0.09254982322454453, 0.9956924319267273, 0.005576489958912134, -0.35921886563301086, 0.0281650573015213, 0.9328282475471497),
            ["RightUpperArm"] = CFrame.new(-1.1920928955078125e-07, -3.5762786865234375e-07, -1.7881393432617188e-07, 0.9721472859382629, -0.23416106402873993, 0.009916705079376698, 0.23239998519420624, 0.9685845971107483, 0.08851174265146255, -0.030331170186400414, -0.08374180644750595, 0.9960258603096008),
            ["UpperTorso"] = CFrame.new(1.4901161193847656e-08, -2.384185791015625e-07, 1.862645149230957e-09, 0.9979514479637146, 0.004540188238024712, 0.06381557136774063, -0.013539216481149197, 0.989874005317688, 0.14130201935768127, -0.06252782791852951, -0.14187657833099365, 0.9879075884819031),
            ["HumanoidRootPart"] = CFrame.new(0, 0, 0, 1, 0, 0, 0, 1, 0, 0, 0, 1),
            ["RightHand"] = CFrame.new(-2.980232238769531e-07, -2.980232238769531e-07, -8.940696716308594e-08, 0.9959293007850647, 0.030428949743509293, 0.08484717458486557, -0.02260993793606758, 0.995535671710968, -0.09163805097341537, -0.08725692331790924, 0.08934665471315384, 0.9921711683273315),
            ["LeftUpperArm"] = CFrame.new(0, -1.1920928955078125e-07, -2.9802322387695312e-08, 0.9073864221572876, 0.28398260474205017, -0.309844970703125, -0.26713845133781433, 0.9588176608085632, 0.09646689891815186, 0.32447972893714905, -0.004761234391480684, 0.9458807706832886),
            ["RightLowerArm"] = CFrame.new(-4.470348358154297e-07, 2.980232238769531e-07, 1.7881393432617188e-07, 1, -3.72529100900465e-08, -1.1175874448099421e-08, 3.7252917195473856e-08, 0.8926481008529663, -0.450754314661026, 5.5879375793210784e-08, 0.45075440406799316, 0.8926480412483215),
            ["LeftHand"] = CFrame.new(1.7881393432617188e-07, -2.384185791015625e-07, 8.940696716308594e-08, 0.9386019110679626, -0.14498427510261536, 0.31305935978889465, 0.14950937032699585, 0.9887133836746216, 0.009640845470130444, -0.31092366576194763, 0.037756480276584625, 0.9496846199035645),
            ["RightUpperLeg"] = CFrame.new(0, -7.827766239643097e-07, 2.6244379114359617e-08, 0.9711623787879944, -0.20589514076709747, -0.12021233886480331, 0.1774003505706787, 0.960896909236908, -0.2126179337501526, 0.15928852558135986, 0.18516050279140472, 0.9697127342224121),
            ["LeftUpperLeg"] = CFrame.new(8.940696716308594e-08, -6.926711648702621e-07, -2.9802322387695312e-08, 0.8936831951141357, 0.28678515553474426, 0.3450867235660553, -0.11540929228067398, 0.8901249766349792, -0.4408608078956604, -0.43360260128974915, 0.3541637361049652, 0.8285873532295227),
            ["RightLowerLeg"] = CFrame.new(-4.470348358154297e-08, -0.000003635883331298828, -0.00001337954745395109, 1, 1.4156103134155273e-07, 9.685754776000977e-08, -1.8626444386882213e-08, 0.7809478640556335, 0.6245958805084229, 7.823106784599076e-08, -0.624596357345581, 0.7809482216835022),
            ["RightFoot"] = CFrame.new(1.3783574104309082e-07, 2.980232238769531e-07, -9.516224963590503e-08, 0.9888009428977966, 0.14828701317310333, -0.016841409727931023, -0.14184953272342682, 0.8987568020820618, -0.4148670434951782, -0.04638320580124855, 0.41261038184165955, 0.9097261428833008),
            ["LeftLowerLeg"] = CFrame.new(1.2386590242385864e-07, 0.0000035762786865234375, 0.00001329369843006134, 1, 5.960463766996327e-08, 5.1222723840282924e-08, -6.239861960466442e-08, 0.8547053933143616, 0.5191135406494141, 9.313226634333205e-09, -0.5191134214401245, 0.8547053337097168),
        }},
        {Time = 0.267, Data = {
            ["LeftFoot"] = CFrame.new(3.632158041000366e-08, -1.7881393432617188e-07, 1.30385160446167e-08, 0.991283118724823, -0.12942297756671906, -0.024647267535328865, 0.1271430104970932, 0.988772451877594, -0.07850977778434753, 0.03453156352043152, 0.07469221204519272, 0.9966086745262146),
            ["LeftLowerArm"] = CFrame.new(-2.086162567138672e-07, -1.1920928955078125e-07, -3.5762786865234375e-07, 1, -7.450579886381092e-08, 3.725289943190546e-08, 7.078051567077637e-08, 0.8279826045036316, -0.5607538223266602, 2.9802322387695312e-08, 0.5607537627220154, 0.8279826045036316),
            ["LowerTorso"] = CFrame.new(-0.0795803889632225, -0.11472439765930176, 0.15695823729038239, 0.9055825471878052, 0.015216349624097347, -0.4238971769809723, -0.02473086304962635, 0.9995504021644592, -0.016952995210886, 0.4234486222267151, 0.025835677981376648, 0.9055517315864563),
            ["Head"] = CFrame.new(-2.7939677238464355e-09, 0, -1.3504177331924438e-07, 0.9276054501533508, -0.09031064063310623, 0.3624805510044098, 0.0930396318435669, 0.9956125617027283, 0.009960091672837734, -0.36178964376449585, 0.02448602207005024, 0.9319382309913635),
            ["RightUpperArm"] = CFrame.new(-5.960464477539063e-08, 4.76837158203125e-07, -1.7881393432617188e-07, 0.9727351665496826, -0.23154494166374207, 0.013161296024918556, 0.22906510531902313, 0.9680929183959961, 0.10161340236663818, -0.03626943379640579, -0.0958280861377716, 0.9947369694709778),
            ["UpperTorso"] = CFrame.new(-2.60770320892334e-08, -5.364418029785156e-07, 1.6763806343078613e-08, 0.9978664517402649, 0.004709492903202772, 0.06511944532394409, -0.013899924233555794, 0.9898535013198853, 0.14141027629375458, -0.06379275768995285, -0.14201371371746063, 0.9878069758415222),
            ["HumanoidRootPart"] = CFrame.new(0, 0, 0, 1, 0, 0, 0, 1, 0, 0, 0, 1),
            ["RightHand"] = CFrame.new(-2.5331974029541016e-07, -1.7881393432617188e-07, 2.9802322387695312e-08, 0.9913351535797119, 0.03128388151526451, 0.1275775283575058, -0.0213610902428627, 0.9966916441917419, -0.07841796427965164, -0.12960870563983917, 0.07501320540904999, 0.9887237548828125),
            ["LeftUpperArm"] = CFrame.new(0, 0, -5.960464477539063e-08, 0.9104797840118408, 0.28986668586730957, -0.2949643135070801, -0.2740634083747864, 0.9570526480674744, 0.09454872459173203, 0.30970287322998047, -0.005245781037956476, 0.9508189558982849),
            ["RightLowerArm"] = CFrame.new(4.76837158203125e-07, -7.152557373046875e-07, -2.980232238769531e-07, 1, -5.960464477539063e-08, -2.607702498380604e-08, 2.9802311729554276e-08, 0.8717109560966492, -0.4900204539299011, -3.352760202801619e-08, 0.4900204837322235, 0.871711015701294),
            ["LeftHand"] = CFrame.new(-1.1920928955078125e-07, 0, 0, 0.9411992430686951, -0.16101859509944916, 0.2970134913921356, 0.16170556843280792, 0.9865841269493103, 0.022427542135119438, -0.2966401278972626, 0.026919957250356674, 0.9546098709106445),
            ["RightUpperLeg"] = CFrame.new(0, -3.855675458908081e-07, 4.300818545743823e-08, 0.9705775380134583, -0.2098914384841919, -0.11800333857536316, 0.18070703744888306, 0.9588167667388916, -0.21912424266338348, 0.1591358333826065, 0.1913527548313141, 0.9685348868370056),
            ["LeftUpperLeg"] = CFrame.new(-5.960464477539063e-08, 9.092036634683609e-08, 4.842877388000488e-08, 0.8873871564865112, 0.2867557108402252, 0.360991895198822, -0.11755181103944778, 0.8978750109672546, -0.4242665767669678, -0.4457865059375763, 0.33405327796936035, 0.830471396446228),
