return {
    ["Committed"] = {
        {Time = 0.000, Data = {
            ["RightFoot"] = CFrame.new(1.6391277313232422e-07, -1.1920928955078125e-07, 9.110226528719068e-08, 0.9787780046463013, 0.1862746924161911, -0.0854133889079094, -0.20259566605091095, 0.9422458410263062, -0.2666979134082794, 0.03080141730606556, 0.2783423662185669, 0.959987998008728),
            ["LeftLowerArm"] = CFrame.new(0.0000011920928955078125, -3.5762786865234375e-07, 0.00000502169132232666, 1, 1.8067660789711226e-07, 1.266598843585598e-07, -1.2665985593685036e-07, 0.9923490881919861, -0.1234641969203949, -1.341104365337742e-07, 0.12346421182155609, 0.9923490881919861),
            ["RightUpperArm"] = CFrame.new(0.03725075721740723, 0.001515030860900879, -0.07863807678222656, 0.9627969861030579, -0.02439655177295208, 0.269122451543808, 0.1559477597475052, 0.8635010719299316, -0.4796314835548401, -0.22068625688552856, 0.5037565231323242, 0.8351807594299316),
            ["Head"] = CFrame.new(-6.984919309616089e-09, -5.960464477539062e-07, 6.007030606269836e-08, 0.9371853470802307, 0.1443115770816803, 0.31758129596710205, -0.1502189189195633, 0.9886350035667419, -0.005947061814367771, -0.3148302435874939, -0.04213331267237663, 0.9482123851776123),
            ["RightHand"] = CFrame.new(1.2200325727462769e-07, 0.0000011324882507324219, -7.37607479095459e-07, 0.09842175245285034, 0.05178418755531311, -0.9937965869903564, -0.2515430450439453, 0.9675101041793823, 0.025502627715468407, 0.9628288745880127, 0.24747267365455627, 0.10825011134147644),
            ["UpperTorso"] = CFrame.new(4.470348358154297e-08, -1.1920928955078125e-07, 0, 0.9606234431266785, 0.27770283818244934, -0.009154467843472958, -0.2321537733078003, 0.8202924132347107, 0.5227091908454895, 0.15266723930835724, -0.5000014901161194, 0.8524618744850159),
            ["HumanoidRootPart"] = CFrame.new(0, 0, 0, 1, 0, 0, 0, 1, 0, 0, 0, 1),
            ["RightUpperLeg"] = CFrame.new(8.940696716308594e-08, -2.60770320892334e-07, 5.790934665128589e-08, 0.9776614904403687, -0.1764359474182129, -0.11422963440418243, 0.1131342351436615, 0.8997616767883301, -0.42146119475364685, 0.17714039981365204, 0.3991232216358185, 0.8996233344078064),
            ["LeftUpperArm"] = CFrame.new(0.10439038276672363, 0.10792100429534912, -0.08167493343353271, 0.030760981142520905, 0.8796776533126831, -0.4745747447013855, -0.9211029410362244, -0.1594095677137375, -0.35518738627433777, -0.3881019651889801, 0.4480580985546112, 0.8053699731826782),
            ["RightLowerArm"] = CFrame.new(2.384185791015625e-07, 4.76837158203125e-07, -0.000004112720489501953, 1, -0.000004536938831734005, 0.00001889933628262952, 0.000018998516679857858, 0.006239385809749365, -0.9999805688858032, 0.000004346948571765097, 0.999980628490448, 0.006239416543394327),
            ["LeftHand"] = CFrame.new(-6.48200511932373e-07, -0.0000011324882507324219, 1.8998980522155762e-07, 0.366866797208786, -0.9273816347122192, -0.0732925683259964, 0.8769512176513672, 0.371054470539093, -0.30541059374809265, 0.31042778491973877, 0.0477711446583271, 0.949396014213562),
            ["LeftFoot"] = CFrame.new(-7.82310962677002e-08, -5.960464477539063e-08, -1.4901161193847656e-08, 0.9135948419570923, -0.21648262441158295, 0.34420907497406006, 0.3899024426937103, 0.7066506743431091, -0.5904415845870972, -0.11541516333818436, 0.6736321449279785, 0.729999303817749),
            ["LowerTorso"] = CFrame.new(-0.13304543495178223, -0.43483150005340576, 0.21472838521003723, 0.7580310106277466, -0.3655467629432678, -0.540152370929718, 0.15343956649303436, 0.9048821330070496, -0.39704495668411255, 0.6339127421379089, 0.21809162199497223, 0.7420179843902588),
            ["RightLowerLeg"] = CFrame.new(-1.1920928955078125e-07, -0.0007262825965881348, 0.000045971777581144124, 1, 1.1920936060505483e-07, 3.352762334429826e-08, -1.0430816388407038e-07, 0.33150938153266907, 0.943452000617981, 1.3411049337719305e-07, -0.9434519410133362, 0.33150947093963623),
            ["LeftUpperLeg"] = CFrame.new(2.9802322387695312e-08, -1.5273690223693848e-07, -7.450580596923828e-08, 0.9613878130912781, 0.2589492201805115, -0.09316114336252213, -0.2662019431591034, 0.9609008431434631, -0.07619845867156982, 0.06978697329759598, 0.0980561152100563, 0.992730975151062),
            ["LeftLowerLeg"] = CFrame.new(-7.450580596923828e-08, -0.0007265806198120117, 0.00008097290992736816, 1, 8.940700979565008e-08, 9.685753354915505e-08, -1.4156104555240745e-07, -0.015592306852340698, 0.999878466129303, 1.0430814256778831e-07, -0.9998785257339478, -0.015592409297823906),
        }},
        {Time = 0.033, Data = {
            ["RightFoot"] = CFrame.new(2.4959444999694824e-07, -5.960464477539063e-08, 1.6596459317952394e-08, 0.9723591208457947, 0.21565277874469757, -0.08950791507959366, -0.23271235823631287, 0.9263513088226318, -0.29617249965667725, 0.019045395776629448, 0.30881568789482117, 0.950931191444397),
            ["LeftLowerArm"] = CFrame.new(6.556510925292969e-07, -3.5762786865234375e-07, 0.00000476837158203125, 1, 1.620501706156574e-07, 8.940699558479537e-08, -1.49011640360186e-07, 0.9961947798728943, -0.08715562522411346, -1.1175873737556685e-07, 0.08715572208166122, 0.9961947798728943),
            ["RightUpperArm"] = CFrame.new(0.0446850061416626, 0.0016529560089111328, -0.08026698231697083, 0.9414982795715332, 0.033121492713689804, 0.3353864550590515, 0.13662190735340118, 0.8722111582756042, -0.46966180205345154, -0.30808383226394653, 0.48800691962242126, 0.8166601657867432),
            ["Head"] = CFrame.new(-3.3527612686157227e-08, -4.76837158203125e-07, 5.587935447692871e-09, 0.9297424554824829, 0.04875272512435913, 0.364968866109848, -0.044034652411937714, 0.9988040924072266, -0.021244335919618607, -0.3655681610107422, 0.0036803334951400757, 0.930777370929718),
            ["RightHand"] = CFrame.new(2.086162567138672e-07, 0.0000010728836059570312, -9.313225746154785e-07, 0.185421884059906, -0.017571838572621346, -0.9825019240379333, -0.12757675349712372, 0.9909475445747375, -0.04179977998137474, 0.9743423461914062, 0.13309498131275177, 0.18150193989276886),
            ["UpperTorso"] = CFrame.new(1.4901161193847656e-08, 3.8743019104003906e-07, -5.960464477539063e-08, 0.9639756083488464, 0.26142367720603943, -0.04907900467514992, -0.20252098143100739, 0.8409739136695862, 0.501745343208313, 0.17244255542755127, -0.47373059391975403, 0.8636220097541809),
            ["HumanoidRootPart"] = CFrame.new(0, 0, 0, 1, 0, 0, 0, 1, 0, 0, 0, 1),
            ["RightUpperLeg"] = CFrame.new(-1.1920928955078125e-07, 2.3096799850463867e-07, 1.3205863069742918e-08, 0.9805887937545776, -0.1904536485671997, -0.04661642387509346, 0.1383551061153412, 0.8405493497848511, -0.5237701535224915, 0.13893747329711914, 0.5071531534194946, 0.8505831956863403),
            ["LeftUpperArm"] = CFrame.new(0.11122405529022217, 0.10275888442993164, -0.08309254050254822, 0.00036343169631436467, 0.8996242880821228, -0.43666478991508484, -0.9292219877243042, -0.16105344891548157, -0.3325784504413605, -0.3695220351219177, 0.40587934851646423, 0.8358920216560364),
            ["RightLowerArm"] = CFrame.new(2.9802322387695312e-08, 3.5762786865234375e-07, -0.0000037550926208496094, 1, -0.000005317852355801733, 0.000018755912606138736, 0.000018978493244503625, 0.047914907336235046, -0.9988514184951782, 0.000004347879894339712, 0.998851478099823, 0.04791494086384773),
            ["LeftHand"] = CFrame.new(-0.0000015348196029663086, -0.0000012516975402832031, 1.341104507446289e-07, 0.37183085083961487, -0.9247860908508301, -0.08069977164268494, 0.8723269104957581, 0.37781840562820435, -0.31032130122184753, 0.31747084856033325, 0.04499050974845886, 0.9472002387046814),
            ["LeftFoot"] = CFrame.new(-4.842877388000488e-08, 0, -7.450580596923828e-09, 0.9190213084220886, -0.1790332794189453, 0.3512081503868103, 0.38107988238334656, 0.6314886212348938, -0.675277590751648, -0.10088686645030975, 0.7544330954551697, 0.6485777497291565),
            ["LowerTorso"] = CFrame.new(-0.16578441858291626, -0.5129326581954956, 0.2058107852935791, 0.7459025382995605, -0.35042548179626465, -0.5664198994636536, 0.1403670608997345, 0.9140140414237976, -0.38062524795532227, 0.6510964632034302, 0.20440258085727692, 0.7309535145759583),
            ["RightLowerLeg"] = CFrame.new(-5.960464477539063e-08, -0.000726163387298584, 0.00004597922816174105, 1, 1.4901162614933128e-07, 5.960467319710006e-08, -5.960465188081798e-08, 0.2127993404865265, 0.9770959615707397, 5.960465188081798e-08, -0.9770959615707397, 0.21279951930046082),
            ["LeftUpperLeg"] = CFrame.new(5.960464477539063e-08, 4.507601261138916e-07, -8.195638656616211e-08, 0.9682119488716125, 0.2444254606962204, -0.05312222242355347, -0.2492525279521942, 0.9605889320373535, -0.12305371463298798, 0.020951272919774055, 0.1323828101158142, 0.9909772872924805),
            ["LeftLowerLeg"] = CFrame.new(-4.470348358154297e-08, -0.0007263422012329102, 0.00008097290992736816, 1, 1.1920926112907182e-07, 8.195639367158947e-08, -8.195638656616211e-08, -0.0970156267285347, 0.9952828884124756, 8.195638656616211e-08, -0.9952829480171204, -0.09701567143201828),
        }},
        {Time = 0.067, Data = {
            ["RightFoot"] = CFrame.new(2.384185791015625e-07, -5.960464477539063e-08, 6.875052349641919e-08, 0.9652534127235413, 0.24362817406654358, -0.09450573474168777, -0.2611248791217804, 0.9130895733833313, -0.3131793439388275, 0.00999295525252819, 0.3269754648208618, 0.9449800848960876),
            ["LeftLowerArm"] = CFrame.new(0.0000013113021850585938, -3.5762786865234375e-07, 0.00000492483377456665, 1, 1.899897767998482e-07, 1.2293459406009788e-07, -1.508742428768528e-07, 0.9974888563156128, -0.07082410901784897, -1.4901159772762185e-07, 0.07082413136959076, 0.9974889159202576),
            ["RightUpperArm"] = CFrame.new(0.048763394355773926, 0.0018256902694702148, -0.07875096797943115, 0.9169703125953674, 0.10492993891239166, 0.3849096894264221, 0.09579961746931076, 0.8786526918411255, -0.46775203943252563, -0.3872828185558319, 0.46578893065452576, 0.7956460118293762),
            ["Head"] = CFrame.new(-1.862645149230957e-08, -8.344650268554688e-07, 4.470348358154297e-08, 0.905389666557312, -0.032409291714429855, 0.42334339022636414, 0.054302506148815155, 0.9977329969406128, -0.039752814918756485, -0.42109501361846924, 0.0589803010225296, 0.9050967693328857),
            ["RightHand"] = CFrame.new(1.6391277313232422e-07, 0.0000010728836059570312, -5.438923835754395e-07, 0.26902276277542114, -0.09260988980531693, -0.958670973777771, -0.01850762404501438, 0.9946855902671814, -0.10128280520439148, 0.9629560112953186, 0.044990137219429016, 0.265879362821579),
            ["UpperTorso"] = CFrame.new(1.4901161193847656e-08, 2.682209014892578e-07, -1.4901161193847656e-08, 0.9691876769065857, 0.22653691470623016, -0.09672824293375015, -0.15958544611930847, 0.8765984773635864, 0.45399096608161926, 0.18763744831085205, -0.42456600069999695, 0.8857402801513672),
            ["HumanoidRootPart"] = CFrame.new(0, 0, 0, 1, 0, 0, 0, 1, 0, 0, 0, 1),
            ["RightUpperLeg"] = CFrame.new(-5.960464477539063e-08, 1.5273690223693848e-07, -1.6952981241047382e-09, 0.978696882724762, -0.203750878572464, 0.02526109851896763, 0.1763765811920166, 0.7714031338691711, -0.6114152669906616, 0.10508977621793747, 0.6028455495834351, 0.7909066677093506),
            ["LeftUpperArm"] = CFrame.new(0.11404502391815186, 0.09080350399017334, -0.08096984028816223, -0.02893183007836342, 0.9163305759429932, -0.3993762135505676, -0.9387179017066956, -0.1621958464384079, -0.30414023995399475, -0.34347015619277954, 0.36610206961631775, 0.8648684620857239),
            ["RightLowerArm"] = CFrame.new(1.4901161193847656e-07, 5.364418029785156e-07, -0.000003904104232788086, 1, -0.000005560926638281671, 0.000018645085219759494, 0.000018991533579537645, 0.06465882807970047, -0.9979074597358704, 0.000004334376171755139, 0.9979074597358704, 0.06465883553028107),
            ["LeftHand"] = CFrame.new(-0.000001259148120880127, -0.0000013113021850585938, 1.7881393432617188e-07, 0.3761235773563385, -0.9228648543357849, -0.0827726349234581, 0.8690658807754517, 0.38235145807266235, -0.3138982653617859, 0.3213340938091278, 0.04612975940108299, 0.9458418488502502),
            ["LeftFoot"] = CFrame.new(3.166496753692627e-08, -2.384185791015625e-07, -2.9802322387695312e-08, 0.927100658416748, -0.11986932903528214, 0.35512804985046387, 0.3616469204425812, 0.5349982976913452, -0.7635365128517151, -0.0984683483839035, 0.8363063335418701, 0.5393479466438293),
            ["LowerTorso"] = CFrame.new(-0.19648554921150208, -0.5664796829223633, 0.19735980033874512, 0.7377730011940002, -0.3134424686431885, -0.5978668928146362, 0.11385133117437363, 0.9307535290718079, -0.3474707007408142, 0.6653788089752197, 0.18828654289245605, 0.7223706245422363),
            ["RightLowerLeg"] = CFrame.new(-8.195638656616211e-08, -0.0007262229919433594, 0.00004598667874233797, 1, 2.011657187495075e-07, 3.725293140632857e-08, -6.705522537231445e-08, 0.13047939538955688, 0.9914510846138, 1.043081283569336e-07, -0.9914510250091553, 0.13047967851161957),
            ["LeftUpperLeg"] = CFrame.new(5.960464477539063e-08, 2.868473529815674e-07, 1.4901161193847656e-08, 0.9757280945777893, 0.21880358457565308, 0.008929171599447727, -0.21500468254089355, 0.9649327397346497, -0.15059210360050201, -0.04156618192791939, 0.14501702785491943, 0.9885557293891907),
            ["LeftLowerLeg"] = CFrame.new(1.4901161193847656e-08, -0.0007264614105224609, 0.00008101761341094971, 1, 5.587935447692871e-08, 8.94070240065048e-08, -8.195641498787154e-08, -0.09832492470741272, 0.9951544404029846, 5.215408194203519e-08, -0.9951544404029846, -0.09832494705915451),
        }},
        {Time = 0.100, Data = {
            ["RightFoot"] = CFrame.new(2.086162567138672e-07, 5.960464477539063e-08, 9.145878721028566e-09, 0.9588221311569214, 0.26627591252326965, -0.09877924621105194, -0.28396016359329224, 0.9051675796508789, -0.31628841161727905, 0.005192102398723364, 0.3313136398792267, 0.9435064196586609),
            ["LeftLowerArm"] = CFrame.new(6.258487701416016e-07, -1.1920928955078125e-07, 0.0000047013163566589355, 1, 1.6205014219394798e-07, 1.3411046495548362e-07, -1.5832485189548606e-07, 0.9979355335235596, -0.0642232671380043, -1.266598843585598e-07, 0.06422330439090729, 0.9979355335235596),
            ["RightUpperArm"] = CFrame.new(0.05317127704620361, -0.002960205078125, -0.0755002498626709, 0.901663601398468, 0.16054970026016235, 0.4015304148197174, 0.0492638535797596, 0.8843457102775574, -0.4642260670661926, -0.4296228289604187, 0.4383566379547119, 0.7894729375839233),
            ["Head"] = CFrame.new(-7.450580596923828e-09, -7.152557373046875e-07, 3.725290298461914e-08, 0.876812219619751, -0.10649262368679047, 0.46889233589172363, 0.14849795401096344, 0.9874690771102905, -0.05341663211584091, -0.45732802152633667, 0.11646576970815659, 0.8816386461257935),
            ["RightHand"] = CFrame.new(2.905726432800293e-07, 0.0000010728836059570312, -0.000001080334186553955, 0.34726083278656006, -0.13053637742996216, -0.9286386966705322, 0.03573711961507797, 0.9913872480392456, -0.12599317729473114, 0.93708735704422, 0.01056563388556242, 0.3489353358745575),
            ["UpperTorso"] = CFrame.new(7.450580596923828e-09, 5.960464477539063e-08, 2.9802322387695312e-08, 0.9761483669281006, 0.17959363758563995, -0.12198646366596222, -0.1212003156542778, 0.9169584512710571, 0.3801287114620209, 0.1801249086856842, -0.3562771677970886, 0.916854202747345),
            ["HumanoidRootPart"] = CFrame.new(0, 0, 0, 1, 0, 0, 0, 1, 0, 0, 0, 1),
            ["RightUpperLeg"] = CFrame.new(0, -2.2351741790771484e-08, 2.0656443666666746e-08, 0.9711270928382874, -0.21736621856689453, 0.09830694645643234, 0.22511902451515198, 0.6985964179039001, -0.6791794300079346, 0.07895351946353912, 0.6817002296447754, 0.7273589968681335),
            ["LeftUpperArm"] = CFrame.new(0.11776936054229736, 0.07866013050079346, -0.07747551798820496, -0.04135936126112938, 0.9227888584136963, -0.38307985663414, -0.9484040141105652, -0.15688829123973846, -0.2755284905433655, -0.3143552243709564, 0.35191893577575684, 0.8816655278205872),
            ["RightLowerArm"] = CFrame.new(1.4901161193847656e-07, 1.1920928955078125e-07, -0.0000039637088775634766, 1, -0.000005437060735857813, 0.000018678609194466844, 0.000018976630599354394, 0.057398028671741486, -0.9983513951301575, 0.0000043511395233508665, 0.9983513355255127, 0.057398054748773575),
            ["LeftHand"] = CFrame.new(-9.5367431640625e-07, -0.0000012516975402832031, 1.7881393432617188e-07, 0.38141098618507385, -0.9204883575439453, -0.08500967174768448, 0.8660857081413269, 0.3879810571670532, -0.31522446870803833, 0.3231427073478699, 0.046604495495557785, 0.945202112197876),
            ["LeftFoot"] = CFrame.new(5.8673322200775146e-08, 0, -5.960464477539063e-08, 0.9365366101264954, -0.0659971758723259, 0.34430161118507385, 0.33421656489372253, 0.46454769372940063, -0.8200579285621643, -0.10582295060157776, 0.8830854892730713, 0.4571230709552765),
            ["LowerTorso"] = CFrame.new(-0.22434760630130768, -0.5874000787734985, 0.18999281525611877, 0.7311354875564575, -0.2541058361530304, -0.6331438422203064, 0.07307510077953339, 0.9518769979476929, -0.29764118790626526, 0.6783073544502258, 0.17134903371334076, 0.7145199179649353),
            ["RightLowerLeg"] = CFrame.new(-9.685754776000977e-08, -0.0007264614105224609, 0.00004594570054905489, 1, 1.3411047916633834e-07, 2.2351747119842003e-08, -1.7881390590446244e-07, 0.09163803607225418, 0.9957924485206604, 1.4901159772762185e-07, -0.9957924485206604, 0.09163808077573776),
            ["LeftUpperLeg"] = CFrame.new(0, -9.313225746154785e-08, -1.4901161193847656e-08, 0.9801233410835266, 0.1812279373407364, 0.0807136818766594, -0.16522987186908722, 0.9708740711212158, -0.17350150644779205, -0.10980641841888428, 0.15671668946743011, 0.9815205335617065),
            ["LeftLowerLeg"] = CFrame.new(6.705522537231445e-08, -0.0007264614105224609, 0.00008101761341094971, 1, 2.3469334564651945e-07, 7.450579886381092e-08, -7.078050145992165e-08, -0.03909433260560036, 0.9992355108261108, 1.4901157641133977e-08, -0.9992355108261108, -0.039094459265470505),
        }},
        {Time = 0.133, Data = {
            ["RightFoot"] = CFrame.new(1.7136335372924805e-07, 0, -3.55576048605144e-08, 0.9536097049713135, 0.2830601632595062, -0.10249517858028412, -0.3009977638721466, 0.9025713801383972, -0.3078403174877167, 0.0053724972531199455, 0.32441022992134094, 0.9459012150764465),
            ["LeftLowerArm"] = CFrame.new(0.0000016391277313232422, -3.5762786865234375e-07, 0.000004855915904045105, 1, 1.8253925304634322e-07, 1.0430811414607888e-07, -1.5087425708770752e-07, 0.9983733296394348, -0.057015806436538696, -1.2665987014770508e-07, 0.05701576918363571, 0.99837327003479),
            ["RightUpperArm"] = CFrame.new(0.05757880210876465, -0.007042288780212402, -0.06862038373947144, 0.9052743315696716, 0.1795951873064041, 0.384998619556427, 0.012904453091323376, 0.8942041397094727, -0.44747355580329895, -0.4246315658092499, 0.41005459427833557, 0.8071825504302979),
            ["Head"] = CFrame.new(7.450580596923828e-09, -8.344650268554688e-07, 2.9802322387695312e-08, 0.8552268147468567, -0.18091243505477905, 0.4856519103050232, 0.24178600311279297, 0.9681411385536194, -0.06513527780771255, -0.45839589834213257, 0.17312906682491302, 0.8717222809791565),
            ["RightHand"] = CFrame.new(1.862645149230957e-07, 0.0000010132789611816406, -6.631016731262207e-07, 0.4135548770427704, -0.10569136589765549, -0.9043237566947937, 0.0011586981127038598, 0.9932998418807983, -0.11556051671504974, 0.9104785323143005, 0.046742867678403854, 0.41090676188468933),
            ["UpperTorso"] = CFrame.new(9.313225746154785e-09, -5.960464477539063e-08, 7.450580596923828e-09, 0.9848341345787048, 0.13570566475391388, -0.1081007868051529, -0.0973706990480423, 0.9480011463165283, 0.30300667881965637, 0.1435992270708084, -0.28788530826568604, 0.9468374848365784),
            ["HumanoidRootPart"] = CFrame.new(0, 0, 0, 1, 0, 0, 0, 1, 0, 0, 0, 1),
            ["RightUpperLeg"] = CFrame.new(5.960464477539063e-08, -6.332993507385254e-08, 3.55576048605144e-08, 0.9584311842918396, -0.23402546346187592, 0.16322322189807892, 0.2778790295124054, 0.6357766389846802, -0.7201192378997803, 0.06475219875574112, 0.7355408072471619, 0.6743785738945007),
            ["LeftUpperArm"] = CFrame.new(0.12173247337341309, 0.06940603256225586, -0.0703495591878891, -0.028849605470895767, 0.9151856899261475, -0.4019983410835266, -0.9568429589271545, -0.14162695407867432, -0.25375840067863464, -0.2891698479652405, 0.3773288130760193, 0.8797749876976013),
            ["RightLowerArm"] = CFrame.new(2.086162567138672e-07, 2.384185791015625e-07, -0.0000036954879760742188, 1, -0.000005193055130803259, 0.000018782920960802585, 0.00001898408299894072, 0.04011261463165283, -0.9991952180862427, 0.0000043474146877997555, 0.9991951584815979, 0.04011261463165283),
            ["LeftHand"] = CFrame.new(-0.0000014603137969970703, -0.0000010728836059570312, 2.086162567138672e-07, 0.3892737627029419, -0.9164563417434692, -0.09259261190891266, 0.8622550368309021, 0.3979097604751587, -0.3133441209793091, 0.3240097463130951, 0.04213825985789299, 0.9451149106025696),
            ["LeftFoot"] = CFrame.new(-1.0244548320770264e-08, -1.7881393432617188e-07, -2.2351741790771484e-08, 0.9450703859329224, -0.03729301691055298, 0.3247326612472534, 0.3049864172935486, 0.4579795002937317, -0.8350076675415039, -0.11758100986480713, 0.8881801962852478, 0.4441971182823181),
            ["LowerTorso"] = CFrame.new(-0.24991773068904877, -0.5804440975189209, 0.18501237034797668, 0.7267475724220276, -0.18636184930801392, -0.6611408591270447, 0.026144247502088547, 0.9693000912666321, -0.24448692798614502, 0.6864069104194641, 0.16039524972438812, 0.7093087434768677),
            ["RightLowerLeg"] = CFrame.new(5.21540641784668e-08, -0.0007262229919433594, 0.00004617666854755953, 1, 1.1175875158642157e-07, 1.266598985694145e-07, -9.685756197086448e-08, 0.0896889865398407, 0.995969831943512, 1.788139627478813e-07, -0.9959698915481567, 0.08968896418809891),
            ["LeftUpperLeg"] = CFrame.new(2.9802322387695312e-08, -1.8812716007232666e-07, 1.4901161193847656e-08, 0.9802398085594177, 0.1376415491104126, 0.14207233488559723, -0.10776986926794052, 0.973865807056427, -0.19992780685424805, -0.16587790846824646, 0.18066586554050446, 0.9694557785987854),
            ["LeftLowerLeg"] = CFrame.new(-9.685754776000977e-08, -0.0007265210151672363, 0.00008092820644378662, 1, 7.450579175838357e-08, 1.0430815677864302e-07, -7.450580596923828e-08, 0.03206707537174225, 0.9994857907295227, 1.210719347000122e-07, -0.9994857311248779, 0.032067060470581055),
        }},
        {Time = 0.167, Data = {
            ["RightFoot"] = CFrame.new(1.043081283569336e-07, -1.1920928955078125e-07, 3.894820110872388e-08, 0.9495459794998169, 0.2950136065483093, -0.10644026100635529, -0.3134981095790863, 0.9025854468345642, -0.2950567901134491, 0.009025721810758114, 0.31353887915611267, 0.9495325684547424),
            ["LeftLowerArm"] = CFrame.new(8.344650268554688e-07, -2.384185791015625e-07, 0.00000486522912979126, 1, 1.4156105976326216e-07, 1.1920931797249068e-07, -1.5459954738616943e-07, 0.9988646507263184, -0.047639183700084686, -1.043081283569336e-07, 0.047639209777116776, 0.9988645911216736),
            ["RightUpperArm"] = CFrame.new(0.05979490280151367, -0.011769413948059082, -0.05813238024711609, 0.9155001044273376, 0.17592187225818634, 0.3618165850639343, 0.004650658927857876, 0.894642174243927, -0.4467591941356659, -0.4022909998893738, 0.4106908142566681, 0.8182268142700195),
            ["Head"] = CFrame.new(-4.470348358154297e-08, -3.5762786865234375e-07, 3.725290298461914e-08, 0.8406070470809937, -0.2510070502758026, 0.47997429966926575, 0.3228757679462433, 0.9437022805213928, -0.07195338606834412, -0.434891939163208, 0.21545660495758057, 0.8743268251419067),
            ["RightHand"] = CFrame.new(2.3096799850463867e-07, 0.0000011324882507324219, -6.109476089477539e-07, 0.45747071504592896, -0.05701253190636635, -0.887394905090332, -0.04361705109477043, 0.995302677154541, -0.08643092960119247, 0.8881543874740601, 0.07824525237083435, 0.45283564925193787),
            ["UpperTorso"] = CFrame.new(-4.470348358154297e-08, 4.172325134277344e-07, 1.4901161193847656e-08, 0.9934942722320557, 0.09409023076295853, -0.06415758281946182, -0.0767417848110199, 0.9693775773048401, 0.2332763671875, 0.084141805768013, -0.22683531045913696, 0.9702916741371155),
            ["HumanoidRootPart"] = CFrame.new(0, 0, 0, 1, 0, 0, 0, 1, 0, 0, 0, 1),
            ["RightUpperLeg"] = CFrame.new(-5.960464477539063e-08, 2.8312206268310547e-07, 2.438173396512866e-08, 0.9429302215576172, -0.24940474331378937, 0.22063560783863068, 0.3278796672821045, 0.5797557234764099, -0.7459075450897217, 0.05811801925301552, 0.775680661201477, 0.6284439563751221),
            ["LeftUpperArm"] = CFrame.new(0.12390691041946411, 0.0641859769821167, -0.05963447690010071, 0.0002461074327584356, 0.8933773636817932, -0.44930729269981384, -0.9653584361076355, -0.11702433228492737, -0.23321332037448883, -0.2609274387359619, 0.43379998207092285, 0.8624004125595093),
            ["RightLowerArm"] = CFrame.new(2.682209014892578e-07, 2.980232238769531e-07, -0.0000037550926208496094, 1, -0.000004600733063853113, 0.000018939383153337985, 0.000018954278857563622, 0.011168393306434155, -0.9999376535415649, 0.0000043548648136493284, 0.9999376535415649, 0.011168327182531357),
            ["LeftHand"] = CFrame.new(-0.0000011920928955078125, -0.0000011920928955078125, 1.6391277313232422e-07, 0.4013317823410034, -0.9093962907791138, -0.10922828316688538, 0.8573343753814697, 0.414945513010025, -0.3046281933784485, 0.32235169410705566, 0.028611861169338226, 0.9461875557899475),
            ["LeftFoot"] = CFrame.new(3.3527612686157227e-08, -1.1920928955078125e-07, 2.2351741790771484e-08, 0.9531566500663757, -0.03216848149895668, 0.30076196789741516, 0.2767782509326935, 0.49383652210235596, -0.8243297934532166, -0.12200973927974701, 0.8689595460891724, 0.479606956243515),
            ["LowerTorso"] = CFrame.new(-0.2693481743335724, -0.5638076066970825, 0.18296104669570923, 0.7226530313491821, -0.11942795664072037, -0.6808153986930847, -0.020937245339155197, 0.9807263016700745, -0.19426187872886658, 0.690893828868866, 0.15463833510875702, 0.7062243223190308),
            ["RightLowerLeg"] = CFrame.new(-1.043081283569336e-07, -0.000726163387298584, 0.00004613941564457491, 1, 1.9744048529446445e-07, 1.043081780949251e-07, -5.96046660916727e-08, 0.09701189398765564, 0.9952832460403442, 1.4901166878189542e-07, -0.9952832460403442, 0.09701204299926758),
            ["LeftUpperLeg"] = CFrame.new(-2.9802322387695312e-08, 2.0302832126617432e-07, 8.940696716308594e-08, 0.9758800268173218, 0.1006324514746666, 0.1937304437160492, -0.05476832017302513, 0.9718936681747437, -0.22896094620227814, -0.21132631599903107, 0.212828129529953, 0.9539629817008972),
            ["LeftLowerLeg"] = CFrame.new(5.21540641784668e-08, -0.0007264614105224609, 0.00008098781108856201, 1, 1.0803344707710494e-07, 6.70552182668871e-08, -1.0430811414607888e-07, 0.08675341308116913, 0.996229887008667, 1.639127589214695e-07, -0.996229887008667, 0.08675333857536316),
        }},
        {Time = 0.200, Data = {
            ["RightFoot"] = CFrame.new(2.384185791015625e-07, 0, 1.3580574886873364e-07, 0.946887195110321, 0.30319473147392273, -0.10713419318199158, -0.32117608189582825, 0.908112108707428, -0.26866036653518677, 0.01583358831703663, 0.28879988193511963, 0.9572585821151733),
            ["LeftLowerArm"] = CFrame.new(0.000001430511474609375, -1.7881393432617188e-07, 0.000004932284355163574, 1, 1.4901162614933128e-07, 9.685754776000977e-08, -1.3783574104309082e-07, 0.9991538524627686, -0.041129015386104584, -1.2665987014770508e-07, 0.04112895950675011, 0.9991538524627686),
            ["RightUpperArm"] = CFrame.new(0.060346364974975586, -0.018841862678527832, -0.050371453166007996, 0.9213129281997681, 0.15526068210601807, 0.3564779460430145, 0.02769066020846367, 0.8882877826690674, -0.4584517776966095, -0.3878345787525177, 0.43224889039993286, 0.8140919208526611),
            ["Head"] = CFrame.new(1.4901161193847656e-08, -0.0000011920928955078125, 1.4901161193847656e-08, 0.8275930285453796, -0.3115369379520416, 0.46694204211235046, 0.38434261083602905, 0.9207651615142822, -0.06687572598457336, -0.4091097414493561, 0.23481164872646332, 0.8817556500434875),
            ["RightHand"] = CFrame.new(3.129243850708008e-07, 0.0000010728836059570312, -7.599592208862305e-07, 0.4786588251590729, 0.0058639077469706535, -0.8779811263084412, -0.12064551562070847, 0.990931510925293, -0.05915554240345955, 0.8696725368499756, 0.13423964381217957, 0.47502607107162476),
            ["UpperTorso"] = CFrame.new(-5.960464477539063e-08, 1.4901161193847656e-07, -5.21540641784668e-08, 0.9985721111297607, 0.05167912691831589, -0.0135340029373765, -0.04850616678595543, 0.9832594990730286, 0.17563587427139282, 0.022384213283658028, -0.1747286021709442, 0.9843622446060181),
            ["HumanoidRootPart"] = CFrame.new(0, 0, 0, 1, 0, 0, 0, 1, 0, 0, 0, 1),
            ["RightUpperLeg"] = CFrame.new(-8.940696716308594e-08, 5.3085386753082275e-08, -2.7772330213338137e-08, 0.925905168056488, -0.26368874311447144, 0.2704955041408539, 0.3734288215637207, 0.5308436155319214, -0.7607601881027222, 0.057012889534235, 0.8054025769233704, 0.5899796485900879),
            ["LeftUpperArm"] = CFrame.new(0.12494969367980957, 0.06283736228942871, -0.052014052867889404, 0.03316862881183624, 0.8629239797592163, -0.5042440295219421, -0.972717821598053, -0.08803419768810272, -0.2146390676498413, -0.22960804402828217, 0.497606486082077, 0.8364616632461548),
            ["RightLowerArm"] = CFrame.new(1.1920928955078125e-07, 3.5762786865234375e-07, -0.000003814697265625, 1, -0.000003993511199951172, 0.0000191032904695021, 0.000018969176380778663, -0.02270810678601265, -0.9997421503067017, 0.000004313885710871546, 0.9997422099113464, -0.022708037868142128),
            ["LeftHand"] = CFrame.new(-0.000001296401023864746, -0.0000011920928955078125, 2.682209014892578e-07, 0.4163879454135895, -0.899553120136261, -0.1320028156042099, 0.8520662784576416, 0.4367442727088928, -0.28850966691970825, 0.31718140840530396, 0.00765686109662056, 0.9483340382575989),
            ["LeftFoot"] = CFrame.new(-5.3085386753082275e-08, -1.1920928955078125e-07, 1.1175870895385742e-07, 0.9622955322265625, -0.0347895585000515, 0.2697716951370239, 0.2455374300479889, 0.5378555059432983, -0.8064880967140198, -0.1170409694314003, 0.8423189520835876, 0.5261181592941284),
            ["LowerTorso"] = CFrame.new(-0.28279057145118713, -0.5360071659088135, 0.1826799213886261, 0.7180622220039368, -0.055197592824697495, -0.69378662109375, -0.06669051945209503, 0.9868060350418091, -0.14753419160842896, 0.6927763223648071, 0.15220774710178375, 0.7049069404602051),
            ["RightLowerLeg"] = CFrame.new(-1.2665987014770508e-07, -0.0007264614105224609, 0.00004602393164532259, 1, 8.940699558479537e-08, 5.215408194203519e-08, -8.940698137394065e-08, 0.11217477172613144, 0.9936885833740234, 2.011657045386528e-07, -0.9936885833740234, 0.11217493563890457),
            ["LeftUpperLeg"] = CFrame.new(-8.940696716308594e-08, -8.195638656616211e-08, 7.450580596923828e-09, 0.9668539762496948, 0.0696604773402214, 0.24564404785633087, -0.008988414891064167, 0.9707533717155457, -0.2399105429649353, -0.2551717460155487, 0.22975048422813416, 0.9392029047012329),
            ["LeftLowerLeg"] = CFrame.new(-7.450580596923828e-09, -0.0007266998291015625, 0.00008094310760498047, 1, 1.303851746570217e-07, 4.284084198502569e-08, -7.450581307466564e-08, 0.1613740772008896, 0.9868934154510498, 9.685756197086448e-08, -0.9868934154510498, 0.1613740772008896),
        }},
        {Time = 0.233, Data = {
            ["RightFoot"] = CFrame.new(1.2665987014770508e-07, -5.960464477539063e-08, -5.045876605436206e-08, 0.9445933699607849, 0.3116878867149353, -0.10292774438858032, -0.32726648449897766, 0.9184531569480896, -0.22212755680084229, 0.02529963105916977, 0.24350480735301971, 0.9695696830749512),
            ["LeftLowerArm"] = CFrame.new(0.000001519918441772461, -2.384185791015625e-07, 0.000004947185516357422, 1, 1.4342373333420255e-07, 1.266598843585598e-07, -1.3411046495548362e-07, 0.9993005394935608, -0.0373975969851017, -1.1920930376163597e-07, 0.03739757090806961, 0.999300479888916),
            ["RightUpperArm"] = CFrame.new(0.057810187339782715, -0.02538919448852539, -0.04555082693696022, 0.9284898638725281, 0.1177278682589531, 0.3522030711174011, 0.06603079289197922, 0.8809678554534912, -0.46854639053344727, -0.36544033885002136, 0.45829665660858154, 0.810195803642273),
            ["Head"] = CFrame.new(0, -8.344650268554688e-07, -1.4901161193847656e-08, 0.8214862942695618, -0.34382814168930054, 0.4549095928668976, 0.410670667886734, 0.9102039933204651, -0.0536516048014164, -0.3956134617328644, 0.2308918684720993, 0.8889200091362),
            ["RightHand"] = CFrame.new(2.7567148208618164e-07, 0.0000010728836059570312, -6.407499313354492e-07, 0.4662829637527466, 0.10420647263526917, -0.8784764409065247, -0.28712308406829834, 0.9571048617362976, -0.038867343217134476, 0.8367440104484558, 0.27035409212112427, 0.47620224952697754),
            ["UpperTorso"] = CFrame.new(7.450580596923828e-08, -6.258487701416016e-07, -4.470348358154297e-08, 0.9992860555648804, 0.004672531969845295, 0.037490833550691605, -0.00921171996742487, 0.9925077557563782, 0.12183399498462677, -0.03664080798625946, -0.1220923364162445, 0.9918422698974609),
            ["HumanoidRootPart"] = CFrame.new(0, 0, 0, 1, 0, 0, 0, 1, 0, 0, 0, 1),
            ["RightUpperLeg"] = CFrame.new(1.1920928955078125e-07, -7.857452146708965e-07, -5.420588422566652e-09, 0.9060376286506653, -0.27832409739494324, 0.31879693269729614, 0.41877543926239014, 0.48103639483451843, -0.7702149152755737, 0.06101646646857262, 0.8313482403755188, 0.5523924827575684),
            ["LeftUpperArm"] = CFrame.new(0.12287569046020508, 0.06133222579956055, -0.04762238264083862, 0.05893125757575035, 0.8285282254219055, -0.5568377375602722, -0.9781956672668457, -0.06335216015577316, -0.1977871209383011, -0.1991489827632904, 0.5563519597053528, 0.8067291975021362),
            ["RightLowerArm"] = CFrame.new(2.384185791015625e-07, 6.556510925292969e-07, -0.0000039637088775634766, 1, -0.0000033061951398849487, 0.00001924858042912092, 0.000018961729438160546, -0.05783146247267723, -0.9983263611793518, 0.000004369765974843176, 0.9983264207839966, -0.0578312948346138),
            ["LeftHand"] = CFrame.new(-0.000001341104507446289, -0.0000011920928955078125, 1.1920928955078125e-07, 0.43158087134361267, -0.8883944153785706, -0.15650202333927155, 0.8469497561454773, 0.4587814211845398, -0.2686937749385834, 0.3105063736438751, -0.016586188226938248, 0.9504266381263733),
            ["LeftFoot"] = CFrame.new(-1.3597309589385986e-07, -1.1920928955078125e-07, 0, 0.971441388130188, -0.039704758673906326, 0.23393432796001434, 0.211866095662117, 0.589057445526123, -0.7798231244087219, -0.10683795809745789, 0.8071152567863464, 0.5806468725204468),
            ["LowerTorso"] = CFrame.new(-0.29513970017433167, -0.4989057779312134, 0.18248599767684937, 0.712179958820343, 0.01132259052246809, -0.7019056677818298, -0.11262623965740204, 0.9887606501579285, -0.09832490235567093, 0.692903459072113, 0.14907801151275635, 0.705450713634491),
            ["RightLowerLeg"] = CFrame.new(0, -0.0007264018058776855, 0.000046228822611737996, 1, 2.0116574717121694e-07, 1.1175872316471214e-07, -7.450580596923828e-08, 0.13488520681858063, 0.9908612370491028, 1.6391277313232422e-07, -0.9908612370491028, 0.13488514721393585),
            ["LeftUpperLeg"] = CFrame.new(0, -8.242204785346985e-07, -2.9802322387695312e-08, 0.9536845684051514, 0.03616645932197571, 0.2986263930797577, 0.037830475717782974, 0.9704437851905823, -0.23834407329559326, -0.29842036962509155, 0.23860223591327667, 0.9241290092468262),
            ["LeftLowerLeg"] = CFrame.new(3.3527612686157227e-08, -0.0007268190383911133, 0.00008097290992736816, 1, 2.42143840978315e-07, 2.607702498380604e-08, -6.70552182668871e-08, 0.25487419962882996, 0.9669742584228516, 6.332992796842518e-08, -0.9669742584228516, 0.2548741102218628),
        }},
        {Time = 0.267, Data = {
            ["RightFoot"] = CFrame.new(1.2665987014770508e-07, 0, 9.145878721028566e-09, 0.9427063465118408, 0.3197192847728729, -0.09531278908252716, -0.3316556513309479, 0.9290733933448792, -0.16378986835479736, 0.03618590906262398, 0.18601657450199127, 0.9818800091743469),
            ["LeftLowerArm"] = CFrame.new(0.000001519918441772461, -2.384185791015625e-07, 0.000004678964614868164, 1, 1.7788265438412054e-07, 1.1734667282325972e-07, -1.434236907016384e-07, 0.9993452429771423, -0.03618314117193222, -1.1175872316471214e-07, 0.03618316352367401, 0.9993452429771423),
            ["RightUpperArm"] = CFrame.new(0.05481541156768799, -0.03154098987579346, -0.041060689836740494, 0.9362688064575195, 0.07023293524980545, 0.34419238567352295, 0.10673034936189651, 0.8766173720359802, -0.4692020118236542, -0.33467814326286316, 0.47603508830070496, 0.8132534623146057),
            ["Head"] = CFrame.new(2.9802322387695312e-08, -0.0000011920928955078125, -3.5390257835388184e-08, 0.8216958045959473, -0.3613738715648651, 0.4407102167606354, 0.42063474655151367, 0.9062976837158203, -0.04111938551068306, -0.38455498218536377, 0.2191656231880188, 0.8967071771621704),
            ["RightHand"] = CFrame.new(4.163011908531189e-07, 0.0000011920928955078125, -6.631016731262207e-07, 0.3920203149318695, 0.26213034987449646, -0.8818204998970032, -0.6095197796821594, 0.7919736504554749, -0.03554443642497063, 0.6890615224838257, 0.5514213442802429, 0.470243901014328),
            ["UpperTorso"] = CFrame.new(0, -1.7881393432617188e-07, 1.4901161193847656e-08, 0.9950425028800964, -0.044388022273778915, 0.08899599313735962, 0.037885989993810654, 0.9965780377388, 0.07346386462450027, -0.09195253252983093, -0.06972799450159073, 0.993319034576416),
            ["HumanoidRootPart"] = CFrame.new(0, 0, 0, 1, 0, 0, 0, 1, 0, 0, 0, 1),
            ["RightUpperLeg"] = CFrame.new(0, -1.1920928955078125e-07, -1.1008523870259523e-08, 0.8841376900672913, -0.29383447766304016, 0.36326536536216736, 0.4619390070438385, 0.43309757113456726, -0.7739761471748352, 0.07009141147136688, 0.8521077632904053, 0.5186513662338257),
            ["LeftUpperArm"] = CFrame.new(0.12045818567276001, 0.06107914447784424, -0.0435347706079483, 0.07248057425022125, 0.7944788336753845, -0.6029513478279114, -0.9816953539848328, -0.04992831498384476, -0.18379724025726318, -0.17612743377685547, 0.6052360534667969, 0.7763171792030334),
            ["RightLowerArm"] = CFrame.new(5.066394805908203e-07, 2.384185791015625e-07, -0.0000037848949432373047, 1, -0.0000026740592602436664, 0.00001934404281200841, 0.000018981048924615607, -0.09043721109628677, -0.9959022402763367, 0.000004395375981403049, 0.9959021210670471, -0.09043735265731812),
            ["LeftHand"] = CFrame.new(-0.000001519918441772461, -0.0000010728836059570312, 5.960464477539063e-08, 0.4437349736690521, -0.878134548664093, -0.17882582545280457, 0.842888593673706, 0.47673797607421875, -0.24952004849910736, 0.3043653964996338, -0.04000948742032051, 0.9517148733139038),
            ["LeftFoot"] = CFrame.new(6.705522537231445e-08, -2.384185791015625e-07, 4.470348358154297e-08, 0.9797849655151367, -0.04617198929190636, 0.1946525275707245, 0.17816390097141266, 0.6439340710639954, -0.744047224521637, -0.09098925441503525, 0.7636865377426147, 0.6391432881355286),
