return {
    ["Company Jig"] = {
        {Time = 0.000, Data = {
            ["LeftFoot"] = CFrame.new(1.2828968465328217e-07, -1.7881393432617188e-07, -1.1175870895385742e-08, 0.9964525103569031, -0.07968608289957047, -0.027064355090260506, 0.06472806632518768, 0.931220531463623, -0.35866236686706543, 0.053783267736434937, 0.3556381165981293, 0.933074951171875),
            ["LeftLowerArm"] = CFrame.new(-2.9802322387695312e-08, -1.1920928955078125e-07, -7.05476850271225e-08, 1, -8.661297812295743e-08, 1.1673543554024945e-07, 8.643836935107174e-08, -0.12283134460449219, -0.9924275875091553, 9.825451741107827e-08, 0.9924275279045105, -0.12283127754926682),
            ["LowerTorso"] = CFrame.new(0.04098765552043915, -0.16620194911956787, 0.07313521206378937, 0.9995207190513611, 0.01038758922368288, -0.029161494225263596, -0.010382790118455887, 0.9999460577964783, 0.00031594926258549094, 0.02916320227086544, -0.000013021838640270289, 0.9995746612548828),
            ["Head"] = CFrame.new(-4.307366907596588e-09, -2.384185791015625e-07, 4.9622030928730965e-09, 0.9975682497024536, 0.04956245422363281, 0.04900358244776726, -0.04104720801115036, 0.9859957695007324, -0.16164052486419678, -0.05632861331105232, 0.1592360883951187, 0.9856323599815369),
            ["RightUpperArm"] = CFrame.new(-5.960464477539063e-08, -5.960464477539062e-07, -2.491287887096405e-08, 0.9102597832679749, -0.3292650282382965, 0.2510215938091278, 0.3351694643497467, 0.9419424533843994, 0.020146513357758522, -0.24308137595653534, 0.06579630076885223, 0.9677718281745911),
            ["UpperTorso"] = CFrame.new(-3.026798367500305e-09, -2.9802322387695312e-08, 5.820766091346741e-11, 0.9996272325515747, -0.005282972007989883, 0.02678922563791275, -0.0008390893344767392, 0.9746978282928467, 0.2235254943370819, -0.027292275801301003, -0.22346465289592743, 0.9743298888206482),
            ["HumanoidRootPart"] = CFrame.new(0, 0, 0, 1, 0, 0, 0, 1, 0, 0, 0, 1),
            ["RightHand"] = CFrame.new(0, -1.7881393432617188e-07, -5.960464477539063e-08, 0.782320499420166, -0.6228218078613281, 0.008229197934269905, 0.6038441061973572, 0.7551093697547913, -0.2553078532218933, 0.15279734134674072, 0.20470191538333893, 0.9668248891830444),
            ["LeftUpperArm"] = CFrame.new(5.960464477539063e-08, -8.344650268554688e-07, -9.452924132347107e-08, 0.9899722933769226, 0.14122404158115387, 0.003286773106083274, -0.13895995914936066, 0.9777578711509705, -0.15709829330444336, -0.025399720296263695, 0.15506625175476074, 0.9875775575637817),
            ["RightLowerArm"] = CFrame.new(5.960464477539063e-08, 5.960464477539062e-07, 5.960464477539063e-08, 1, -9.313223614526578e-08, 5.960463056453591e-08, 1.0803340444454079e-07, 0.5644699335098267, -0.8254538774490356, 3.352760913344355e-08, 0.8254537582397461, 0.564469575881958),
            ["LeftHand"] = CFrame.new(7.450580596923828e-08, 0, -4.470348358154297e-08, 0.9565295577049255, 0.24966998398303986, -0.15071913599967957, -0.282891184091568, 0.9199391603469849, -0.27144891023635864, 0.07087986171245575, 0.3022861182689667, 0.9505784511566162),
            ["RightUpperLeg"] = CFrame.new(5.960464477539063e-08, -1.1120766885142075e-07, -3.208697307854891e-09, 0.9863854646682739, -0.13659626245498657, -0.09157121181488037, 0.1045454666018486, 0.9506886005401611, -0.2919955849647522, 0.12694118916988373, 0.2784467041492462, 0.9520258903503418),
            ["LeftUpperLeg"] = CFrame.new(-5.960464477539063e-08, 3.9957399167178664e-08, 6.344635039567947e-09, 0.9822195172309875, 0.14187198877334595, 0.12295226752758026, -0.06943274289369583, 0.8830021619796753, -0.4642050862312317, -0.17442475259304047, 0.4474143385887146, 0.8771525025367737),
            ["RightLowerLeg"] = CFrame.new(-9.313225746154785e-09, 1.1920928955078125e-07, 4.639878170564771e-08, 1, -1.2142120908720244e-07, -5.215408194203519e-08, 1.1175870895385742e-07, 0.6752880215644836, 0.7375537157058716, -4.284083843231201e-08, -0.737554132938385, 0.6752884387969971),
            ["RightFoot"] = CFrame.new(9.313225746154785e-08, 2.980232238769531e-07, -5.75528247281909e-09, 0.9929960370063782, 0.09433002024888992, -0.07113920152187347, -0.11734797060489655, 0.8573966026306152, -0.5010989904403687, 0.01372583582997322, 0.5059376358985901, 0.8624609708786011),
            ["LeftLowerLeg"] = CFrame.new(-1.1175870895385742e-08, 5.960464477539063e-08, 0, 1, 6.146731124090365e-08, 3.539026494081554e-08, -5.21540641784668e-08, 0.6596960425376892, 0.7515324950218201, 3.3527612686157227e-08, -0.7515325546264648, 0.6596961617469788),
        }},
        {Time = 0.033, Data = {
            ["LeftFoot"] = CFrame.new(4.7963112592697144e-08, -5.960464477539063e-08, 3.725290298461914e-09, 0.9966081380844116, -0.07757273316383362, -0.02747258171439171, 0.06341253221035004, 0.9366674423217773, -0.34443169832229614, 0.05245119333267212, 0.3415212035179138, 0.9384093880653381),
            ["LeftLowerArm"] = CFrame.new(5.960464477539063e-08, -4.172325134277344e-07, -9.313225746154785e-09, 1, -8.3819010399111e-08, 1.1723024329057807e-07, 9.681389201432467e-08, -0.09696177393198013, -0.9952881932258606, 9.511131793260574e-08, 0.9952881932258606, -0.09696178138256073),
            ["LowerTorso"] = CFrame.new(0.03849659860134125, -0.15410518646240234, 0.0744345635175705, 0.9994402527809143, 0.01047087088227272, -0.03177332878112793, -0.010404358617961407, 0.9999434351921082, 0.002257924759760499, 0.03179517015814781, -0.0019260820699855685, 0.9994926452636719),
            ["Head"] = CFrame.new(-4.656612873077393e-10, 0, 5.605397745966911e-08, 0.9973863959312439, 0.04843175783753395, 0.05361666902899742, -0.039683811366558075, 0.9873288869857788, -0.1536456048488617, -0.06037861108779907, 0.15111643075942993, 0.9866703748703003),
            ["RightUpperArm"] = CFrame.new(0, 2.384185791015625e-07, 1.0244548320770264e-07, 0.913070023059845, -0.32411956787109375, 0.24748702347278595, 0.3294369876384735, 0.9439480304718018, 0.020821040496230125, -0.2403634488582611, 0.06252039223909378, 0.9686674475669861),
            ["UpperTorso"] = CFrame.new(-8.381903171539307e-09, 1.1920928955078125e-07, 2.9103830456733704e-09, 0.9996971487998962, -0.004663163796067238, 0.0241632629185915, -0.0007475921302102506, 0.9756749272346497, 0.2192211151123047, -0.024597762152552605, -0.21917277574539185, 0.9753759503364563),
            ["HumanoidRootPart"] = CFrame.new(0, 0, 0, 1, 0, 0, 0, 1, 0, 0, 0, 1),
            ["RightHand"] = CFrame.new(-1.4901161193847656e-07, 0, 1.7881393432617188e-07, 0.7773867249488831, -0.6243429183959961, 0.07659024745225906, 0.617121696472168, 0.7334302067756653, -0.28502774238586426, 0.12178154289722443, 0.26884233951568604, 0.9554545283317566),
            ["LeftUpperArm"] = CFrame.new(-1.1920928955078125e-07, -2.384185791015625e-07, 2.9802322387695312e-08, 0.9896908402442932, 0.14318658411502838, -0.003103684401139617, -0.14064687490463257, 0.9675905704498291, -0.2097308188676834, -0.02702755481004715, 0.20800530910491943, 0.9777542352676392),
            ["RightLowerArm"] = CFrame.new(2.384185791015625e-07, -4.172325134277344e-07, 0, 1, -2.9802318834981634e-08, 0, 7.450581307466564e-08, 0.5181495547294617, -0.8552899360656738, 4.842878098543224e-08, 0.8552901148796082, 0.5181496739387512),
            ["LeftHand"] = CFrame.new(-1.2200325727462769e-07, -1.1920928955078125e-07, -3.7997961044311523e-07, 0.9503462910652161, 0.25644102692604065, -0.17629510164260864, -0.30163076519966125, 0.8984349966049194, -0.31911322474479675, 0.07655597478151321, 0.3564442992210388, 0.9311749935150146),
            ["RightUpperLeg"] = CFrame.new(5.960464477539063e-08, 2.482556737959385e-08, 1.4602846931666136e-08, 0.9866558909416199, -0.13505852222442627, -0.09093645960092545, 0.10491255670785904, 0.9544637203216553, -0.2792711555957794, 0.12451352179050446, 0.2660040557384491, 0.9558966159820557),
            ["LeftUpperLeg"] = CFrame.new(0, 1.9514118321239948e-08, 3.259629011154175e-09, 0.9818286299705505, 0.13900724053382874, 0.12918847799301147, -0.06695650517940521, 0.8907341957092285, -0.4495657980442047, -0.1775655597448349, 0.4327465891838074, 0.8838557600975037),
            ["RightLowerLeg"] = CFrame.new(7.450580596923828e-09, 2.384185791015625e-07, 2.4047039914876223e-08, 1, -9.17352949159067e-08, -3.352762334429826e-08, 1.0430814256778831e-07, 0.699934720993042, 0.7142064571380615, -4.284084198502569e-08, -0.7142069339752197, 0.6999351978302002),
            ["RightFoot"] = CFrame.new(-3.3527612686157227e-08, 2.980232238769531e-07, 6.129994289949536e-08, 0.9929389953613281, 0.09491371363401413, -0.07115969061851501, -0.11758972704410553, 0.8666549921035767, -0.484852135181427, 0.015651727095246315, 0.4897964894771576, 0.871696412563324),
            ["LeftLowerLeg"] = CFrame.new(1.862645149230957e-08, -2.384185791015625e-07, 4.470348358154297e-08, 1, 5.960467319710006e-08, 4.284084198502569e-08, -5.2154071283894154e-08, 0.6846081018447876, 0.7289112210273743, 2.2351745343485163e-08, -0.7289114594459534, 0.6846082806587219),
        }},
        {Time = 0.067, Data = {
            ["LeftFoot"] = CFrame.new(-2.3283064365386963e-10, -1.7881393432617188e-07, -1.3504177331924438e-08, 0.996898889541626, -0.07332627475261688, -0.028564300388097763, 0.06079704686999321, 0.948118269443512, -0.31205055117607117, 0.04996383935213089, 0.30934616923332214, 0.9496361017227173),
            ["LeftLowerArm"] = CFrame.new(8.940696716308594e-08, -5.960464477539063e-08, 1.4901161193847656e-08, 1, -8.568168397005138e-08, 1.01281344200288e-07, 7.427296822015705e-08, -0.03154657781124115, -0.9995023012161255, 9.126959810146218e-08, 0.9995023608207703, -0.03154649958014488),
            ["LowerTorso"] = CFrame.new(0.033199913799762726, -0.12775027751922607, 0.07608389854431152, 0.9992032647132874, 0.010416788049042225, -0.038527026772499084, -0.010165804997086525, 0.999925971031189, 0.006704602390527725, 0.03859401121735573, -0.006307602860033512, 0.9992350935935974),
            ["Head"] = CFrame.new(1.3969838619232178e-09, -4.76837158203125e-07, -3.026798367500305e-08, 0.9970259070396423, 0.046348780393600464, 0.06157350540161133, -0.0373990498483181, 0.9895456433296204, -0.1392870843410492, -0.06738556921482086, 0.13657011091709137, 0.988335907459259),
            ["RightUpperArm"] = CFrame.new(-1.7881393432617188e-07, -8.344650268554688e-07, -9.96515154838562e-08, 0.919910192489624, -0.31579333543777466, 0.23246519267559052, 0.32034748792648315, 0.9471110105514526, 0.01892867684364319, -0.22614794969558716, 0.05705689638853073, 0.9724205136299133),
            ["UpperTorso"] = CFrame.new(1.862645149230957e-09, -2.384185791015625e-07, -7.916241884231567e-09, 0.9997608661651611, -0.004495539236813784, 0.021403448656201363, -0.00014466822904068977, 0.9772652983665466, 0.21202044188976288, -0.021869990974664688, -0.21197283267974854, 0.977030873298645),
            ["HumanoidRootPart"] = CFrame.new(0, 0, 0, 1, 0, 0, 0, 1, 0, 0, 0, 1),
            ["RightHand"] = CFrame.new(-1.7881393432617188e-07, 1.7881393432617188e-07, -2.9802322387695312e-08, 0.7567603588104248, -0.6138978004455566, 0.2245960831642151, 0.6527311205863953, 0.691018283367157, -0.31054097414016724, 0.03544029965996742, 0.3816063106060028, 0.9236454963684082),
            ["LeftUpperArm"] = CFrame.new(1.1920928955078125e-07, -7.152557373046875e-07, -1.1362135410308838e-07, 0.9890775680541992, 0.147325336933136, -0.004575824365019798, -0.14305582642555237, 0.9520103335380554, -0.2705760598182678, -0.03550645336508751, 0.2682752311229706, 0.9626878499984741),
            ["RightLowerArm"] = CFrame.new(0, 4.76837158203125e-07, 1.4901161193847656e-07, 1, -7.078050856534901e-08, 1.0430815677864302e-07, 8.940698137394065e-08, 0.4637722969055176, -0.8859546184539795, 5.2154071283894154e-08, 0.8859543800354004, 0.4637719988822937),
            ["LeftHand"] = CFrame.new(8.847564458847046e-08, -1.1920928955078125e-07, -3.501772880554199e-07, 0.9346952438354492, 0.26143330335617065, -0.24082627892494202, -0.33649954199790955, 0.8690869808197021, -0.3625684082508087, 0.11451172828674316, 0.4199291467666626, 0.900303840637207),
            ["RightUpperLeg"] = CFrame.new(-1.1920928955078125e-07, -2.0657898858189583e-07, -9.145878721028566e-09, 0.9873191118240356, -0.13116085529327393, -0.08943076431751251, 0.10546855628490448, 0.9630056619644165, -0.2479851394891739, 0.11864824593067169, 0.23540817201137543, 0.964627206325531),
            ["LeftUpperLeg"] = CFrame.new(5.960464477539063e-08, -4.741596058011055e-07, -1.210719347000122e-08, 0.980654776096344, 0.13274018466472626, 0.14386199414730072, -0.06211341544985771, 0.9079812169075012, -0.4143815040588379, -0.18562902510166168, 0.3974294364452362, 0.898661196231842),
            ["RightLowerLeg"] = CFrame.new(-1.0710209608078003e-07, 2.384185791015625e-07, -4.300818545743823e-08, 1, -9.872020712009544e-08, -7.450583261459087e-09, 8.940696716308594e-08, 0.7548531889915466, 0.6558937430381775, -4.842877388000488e-08, -0.6558939218521118, 0.754853367805481),
            ["RightFoot"] = CFrame.new(-7.078051567077637e-08, 2.980232238769531e-07, -2.0656443666666746e-08, 0.9928434491157532, 0.09621087461709976, -0.0707496702671051, -0.11777713894844055, 0.8868712186813354, -0.4467521905899048, 0.019763434305787086, 0.4518880546092987, 0.8918560147285461),
            ["LeftLowerLeg"] = CFrame.new(-4.0978193283081055e-08, -1.1920928955078125e-07, 7.450580596923828e-09, 1, 4.842878453814592e-08, 2.421439049271612e-08, -4.4703490686970326e-08, 0.7392268180847168, 0.6734566688537598, 4.0978196835794733e-08, -0.6734566688537598, 0.7392266392707825),
        }},
        {Time = 0.100, Data = {
            ["LeftFoot"] = CFrame.new(-8.381903171539307e-09, -5.960464477539063e-08, 2.561137080192566e-08, 0.9969049692153931, -0.06945864111185074, -0.03682538494467735, 0.05750240758061409, 0.9636433720588684, -0.2609309256076813, 0.05361047387123108, 0.2580057978630066, 0.9646549224853516),
            ["LeftLowerArm"] = CFrame.new(8.940696716308594e-08, 2.384185791015625e-07, 1.862645149230957e-08, 1, -8.102506399154663e-08, 8.684583718832073e-08, 8.62637534737587e-08, 0.05137272924184799, -0.9986795783042908, 8.568167686462402e-08, 0.9986795783042908, 0.05137278139591217),
            ["LowerTorso"] = CFrame.new(0.025539455935359, -0.09904706478118896, 0.07806555926799774, 0.9987208843231201, 0.01031395886093378, -0.049501966685056686, -0.009643138386309147, 0.9998587369918823, 0.013771168887615204, 0.04963700845837593, -0.013276198878884315, 0.9986791014671326),
            ["Head"] = CFrame.new(-9.313225746154785e-10, 3.5762786865234375e-07, 2.561137080192566e-08, 0.9964721202850342, 0.04351077228784561, 0.07176560908555984, -0.03474629670381546, 0.9922685623168945, -0.11914685368537903, -0.07639492303133011, 0.1162329912185669, 0.9902796745300293),
            ["RightUpperArm"] = CFrame.new(-5.960464477539063e-08, 5.960464477539062e-07, -6.51925802230835e-08, 0.9293811321258545, -0.30430418252944946, 0.20892548561096191, 0.3084457814693451, 0.9511492252349854, 0.013281996361911297, -0.20276105403900146, 0.0520981103181839, 0.9778414368629456),
            ["UpperTorso"] = CFrame.new(-6.05359673500061e-09, 1.1920928955078125e-07, 1.862645149230957e-09, 0.9997919201850891, -0.005464283749461174, 0.019656943157315254, 0.0013361487071961164, 0.9789351224899292, 0.20416750013828278, -0.0203584972769022, -0.20409874618053436, 0.9787386655807495),
            ["HumanoidRootPart"] = CFrame.new(0, 0, 0, 1, 0, 0, 0, 1, 0, 0, 0, 1),
            ["RightHand"] = CFrame.new(-2.9802322387695312e-08, 1.7881393432617188e-07, 2.9802322387695312e-08, 0.6993508338928223, -0.5851155519485474, 0.41054660081863403, 0.7113048434257507, 0.6262624263763428, -0.3191250264644623, -0.0703849196434021, 0.5152040123939514, 0.8541726469993591),
            ["LeftUpperArm"] = CFrame.new(1.7881393432617188e-07, 8.344650268554688e-07, -7.450580596923828e-09, 0.987980306148529, 0.1545172929763794, -0.004388731904327869, -0.14690305292606354, 0.9297021627426147, -0.3377474844455719, -0.048107605427503586, 0.33433255553245544, 0.9412264823913574),
            ["RightLowerArm"] = CFrame.new(1.1920928955078125e-07, 1.1920928955078125e-07, -8.940696716308594e-08, 1, -8.195637946073475e-08, 1.4901161193847656e-08, 7.450580596923828e-08, 0.4036792814731598, -0.9149006009101868, 2.9802322387695312e-08, 0.914900541305542, 0.4036792814731598),
            ["LeftHand"] = CFrame.new(1.862645149230957e-08, 0, -2.4586915969848633e-07, 0.9048545360565186, 0.26382583379745483, -0.33411723375320435, -0.38886210322380066, 0.8316407799720764, -0.3964338004589081, 0.17327606678009033, 0.48864060640335083, 0.8551058173179626),
            ["RightUpperLeg"] = CFrame.new(0, -1.5692785382270813e-07, -9.145878721028566e-09, 0.9882564544677734, -0.12696897983551025, -0.08501826226711273, 0.10667042434215546, 0.9716240763664246, -0.2111118584871292, 0.10941043496131897, 0.19956359267234802, 0.9737575054168701),
            ["LeftUpperLeg"] = CFrame.new(0, 8.498318493366241e-09, -3.725290298461914e-09, 0.9787554144859314, 0.12849031388759613, 0.1597752720117569, -0.05798567458987236, 0.9209281206130981, -0.3853946626186371, -0.1966610699892044, 0.3679424524307251, 0.9088139533996582),
            ["RightLowerLeg"] = CFrame.new(7.450580596923828e-09, 2.980232238769531e-07, 1.287116901949048e-08, 1, -6.705523247774181e-08, -4.842879164357328e-08, 8.009374141693115e-08, 0.8157801628112793, 0.578361988067627, -4.470348358154297e-08, -0.5783621072769165, 0.8157803416252136),
            ["RightFoot"] = CFrame.new(-6.705522537231445e-08, 4.76837158203125e-07, -5.75528247281909e-09, 0.9926745891571045, 0.09862571209669113, -0.06978780031204224, -0.11837012320756912, 0.9096167087554932, -0.39822810888290405, 0.024204617366194725, 0.40357208251953125, 0.9146278500556946),
            ["LeftLowerLeg"] = CFrame.new(-1.30385160446167e-07, 2.384185791015625e-07, -8.195638656616211e-08, 1, 6.33299421792799e-08, 4.656614649434232e-08, -5.587935447692871e-08, 0.7860552072525024, 0.6181564927101135, -5.587935447692871e-09, -0.618156373500824, 0.7860552072525024),
        }},
        {Time = 0.133, Data = {
            ["LeftFoot"] = CFrame.new(4.260800778865814e-08, -5.960464477539063e-08, 1.955777406692505e-08, 0.9965869188308716, -0.06600596755743027, -0.049576535820961, 0.05383191257715225, 0.9749321341514587, -0.2158927321434021, 0.06258396059274673, 0.21248701214790344, 0.9751576781272888),
            ["LeftLowerArm"] = CFrame.new(-1.1920928955078125e-07, 5.960464477539063e-08, 1.1920928955078125e-07, 1, -8.84756374830431e-08, 6.239859828838235e-08, 9.35978832217188e-08, 0.14043690264225006, -0.9900896549224854, 6.705520405603238e-08, 0.9900895953178406, 0.14043699204921722),
            ["LowerTorso"] = CFrame.new(0.015990283340215683, -0.07476532459259033, 0.08044420927762985, 0.9979264736175537, 0.01023401040583849, -0.06354569643735886, -0.008814669214189053, 0.9997063279151917, 0.022576065734028816, 0.06375806778669357, -0.02196911908686161, 0.9977236390113831),
            ["Head"] = CFrame.new(-4.190951585769653e-09, -1.1920928955078125e-07, -9.988434612751007e-08, 0.9958325624465942, 0.03804207220673561, 0.08288820087909698, -0.029733043164014816, 0.9946164488792419, -0.09926778823137283, -0.08621832728385925, 0.09638965874910355, 0.9916025400161743),
            ["RightUpperArm"] = CFrame.new(1.1920928955078125e-07, 2.384185791015625e-07, 2.2351741790771484e-08, 0.9393357634544373, -0.2923194169998169, 0.17943724989891052, 0.2962026596069336, 0.9551100730895996, 0.0053698294796049595, -0.17295204102993011, 0.048105694353580475, 0.9837548136711121),
            ["UpperTorso"] = CFrame.new(-9.313225746154785e-10, -5.960464477539063e-08, -5.005858838558197e-09, 0.9998036623001099, -0.00524064339697361, 0.01911056414246559, 0.0013823466142639518, 0.9804913401603699, 0.19655770063400269, -0.01976783201098442, -0.19649268686771393, 0.980306088924408),
            ["HumanoidRootPart"] = CFrame.new(0, 0, 0, 1, 0, 0, 0, 1, 0, 0, 0, 1),
            ["RightHand"] = CFrame.new(-1.043081283569336e-07, 5.960464477539063e-08, 2.384185791015625e-07, 0.6017733812332153, -0.5383439660072327, 0.5899614095687866, 0.7824753522872925, 0.5453908443450928, -0.30046871304512024, -0.1600039303302765, 0.6424443125724792, 0.7494425773620605),
            ["LeftUpperArm"] = CFrame.new(5.960464477539063e-08, -2.384185791015625e-07, -1.0803341865539551e-07, 0.9866830706596375, 0.16261133551597595, -0.003751784563064575, -0.14999231696128845, 0.9007068872451782, -0.40771231055259705, -0.06291940063238144, 0.4028455913066864, 0.9131027460098267),
            ["RightLowerArm"] = CFrame.new(5.960464477539063e-08, -5.960464477539062e-07, -2.9802322387695312e-08, 1, -7.450579886381092e-08, 2.2351738238057806e-08, 5.960463056453591e-08, 0.3404179513454437, -0.9402742385864258, 5.215404996761208e-08, 0.9402742385864258, 0.3404179513454437),
            ["LeftHand"] = CFrame.new(1.601874828338623e-07, -1.1920928955078125e-07, 8.195638656616211e-08, 0.8561505675315857, 0.2623775005340576, -0.44515639543533325, -0.45684924721717834, 0.786889910697937, -0.4148417115211487, 0.24144384264945984, 0.5585359930992126, 0.7935630679130554),
            ["RightUpperLeg"] = CFrame.new(1.1920928955078125e-07, 1.7229467630386353e-08, -5.420588422566652e-09, 0.9892178773880005, -0.12412632256746292, -0.07772169262170792, 0.10883890092372894, 0.9781832695007324, -0.17695078253746033, 0.09799027442932129, 0.16658367216587067, 0.9811461567878723),
            ["LeftUpperLeg"] = CFrame.new(0, -1.050066202878952e-07, -3.725290298461914e-09, 0.9761074185371399, 0.1264452040195465, 0.1767091006040573, -0.054454829543828964, 0.9296436309814453, -0.36441370844841003, -0.21035481989383698, 0.3460842967033386, 0.9143175482749939),
            ["RightLowerLeg"] = CFrame.new(-7.197922968771309e-08, 2.980232238769531e-07, 9.225914254784584e-09, 1, -6.332995639013461e-08, 0, 7.63684582238966e-08, 0.8683861494064331, 0.49588823318481445, -2.421439049271612e-08, -0.4958886504173279, 0.868386447429657),
            ["RightFoot"] = CFrame.new(-1.4901161193847656e-08, 2.980232238769531e-07, 5.3849362302571535e-08, 0.9924175143241882, 0.1022929847240448, -0.06814389675855637, -0.11973632127046585, 0.9298096299171448, -0.3480190634727478, 0.02776094526052475, 0.35353970527648926, 0.935007631778717),
            ["LeftLowerLeg"] = CFrame.new(1.1175870895385742e-07, -1.1920928955078125e-07, 8.195638656616211e-08, 1, 4.842878453814592e-08, 2.421439226907296e-08, -6.705522537231445e-08, 0.8207300305366516, 0.571316123008728, 1.4901161193847656e-08, -0.571316123008728, 0.8207301497459412),
        }},
        {Time = 0.167, Data = {
            ["LeftFoot"] = CFrame.new(8.800998330116272e-08, 5.960464477539063e-08, -1.257285475730896e-08, 0.9957994818687439, -0.06792058795690536, -0.06140332296490669, 0.054314661771059036, 0.9780747890472412, -0.20104670524597168, 0.07371226698160172, 0.19686712324619293, 0.977655291557312),
            ["LeftLowerArm"] = CFrame.new(-1.7881393432617188e-07, -1.7881393432617188e-07, -1.2665987014770508e-07, 1, -8.847562327218839e-08, 7.03730620443821e-08, 9.173525938876992e-08, 0.2329005002975464, -0.9725006818771362, 6.798654084150257e-08, 0.9725006222724915, 0.23290041089057922),
            ["LowerTorso"] = CFrame.new(0.005126982927322388, -0.059916138648986816, 0.08317076414823532, 0.9968528747558594, 0.010147125460207462, -0.07862163335084915, -0.007609639782458544, 0.9994426369667053, 0.032507285475730896, 0.07890765368938446, -0.03180669993162155, 0.9963743686676025),
            ["Head"] = CFrame.new(6.51925802230835e-09, 0, -8.800998330116272e-08, 0.9953591823577881, 0.0313497856259346, 0.09098072350025177, -0.023094041272997856, 0.9956362843513489, -0.09041599929332733, -0.09341823309659958, 0.08789537847042084, 0.9917396306991577),
            ["RightUpperArm"] = CFrame.new(1.1920928955078125e-07, 2.384185791015625e-07, -7.078051567077637e-08, 0.948696494102478, -0.28011107444763184, 0.1466723084449768, 0.28379130363464355, 0.9588762521743774, -0.004362609703093767, -0.1394186168909073, 0.04576306790113449, 0.98917555809021),
            ["UpperTorso"] = CFrame.new(4.656612873077393e-10, -3.2782554626464844e-07, 9.371433407068253e-09, 0.9998111128807068, -0.0035588140599429607, 0.01910814456641674, -0.0001401817426085472, 0.9817489385604858, 0.19018152356147766, -0.019436225295066833, -0.190148264169693, 0.9815630316734314),
            ["HumanoidRootPart"] = CFrame.new(0, 0, 0, 1, 0, 0, 0, 1, 0, 0, 0, 1),
            ["RightHand"] = CFrame.new(-1.4156103134155273e-07, 0, -2.384185791015625e-07, 0.4857006371021271, -0.4833376705646515, 0.7283406257629395, 0.8477334976196289, 0.463652104139328, -0.2576320469379425, -0.21317355334758759, 0.7425708174705505, 0.634937584400177),
            ["LeftUpperArm"] = CFrame.new(5.960464477539063e-08, 5.960464477539062e-07, -1.4901161193847656e-08, 0.9851986169815063, 0.17138096690177917, -0.0035025975666940212, -0.15222352743148804, 0.8653098940849304, -0.47756341099739075, -0.07881446927785873, 0.4710279703140259, 0.8785903453826904),
            ["RightLowerArm"] = CFrame.new(-3.2782554626464844e-07, -3.5762786865234375e-07, -7.450580596923828e-08, 1, -9.499488129449674e-08, 8.195637946073475e-08, 6.146728281919422e-08, 0.27224475145339966, -0.9622280597686768, 5.5879347371501353e-08, 0.9622281193733215, 0.2722446322441101),
            ["LeftHand"] = CFrame.new(-1.1734664440155029e-07, 0, -1.7881393432617188e-07, 0.7861067056655884, 0.25630906224250793, -0.562443196773529, -0.5356440544128418, 0.7365592122077942, -0.41299575567245483, 0.3084181547164917, 0.6259283423423767, 0.7163046002388),
            ["RightUpperLeg"] = CFrame.new(0, -2.514570951461792e-07, 2.438173396512866e-08, 0.9898993372917175, -0.124076247215271, -0.06858912110328674, 0.11206301301717758, 0.9811360239982605, -0.1575251817703247, 0.08684036880731583, 0.14824755489826202, 0.9851301908493042),
            ["LeftUpperLeg"] = CFrame.new(-5.960464477539063e-08, -4.845205694437027e-07, 1.4901161193847656e-08, 0.9726812839508057, 0.12909872829914093, 0.19293738901615143, -0.054647047072649, 0.9350846409797668, -0.35018646717071533, -0.22562135756015778, 0.33007630705833435, 0.9165940880775452),
            ["RightLowerLeg"] = CFrame.new(4.6566128730773926e-08, 2.980232238769531e-07, -2.438173396512866e-08, 1, -7.078050856534901e-08, -4.842880230171431e-08, 5.7742006731587026e-08, 0.9015579223632812, 0.43265852332115173, -3.632158396271734e-08, -0.43265843391418457, 0.901557981967926),
            ["RightFoot"] = CFrame.new(-7.450580596923828e-09, 4.76837158203125e-07, 9.145878721028566e-09, 0.992077112197876, 0.10728424042463303, -0.06536953896284103, -0.12234237790107727, 0.9432926774024963, -0.3085951805114746, 0.028555208817124367, 0.3141482174396515, 0.948944628238678),
            ["LeftLowerLeg"] = CFrame.new(-2.2351741790771484e-08, 0, -4.470348358154297e-08, 1, 4.4703490686970326e-08, 2.6077039194660756e-08, -4.842877388000488e-08, 0.8371492624282837, 0.546974778175354, 2.421438694000244e-08, -0.5469746589660645, 0.8371491432189941),
        }},
        {Time = 0.200, Data = {
            ["LeftFoot"] = CFrame.new(-2.7008354663848877e-08, 0, 5.587935447692871e-09, 0.9947075843811035, -0.07202177494764328, -0.07327824831008911, 0.05584712326526642, 0.9776309728622437, -0.2027779072523117, 0.08624347299337387, 0.19761216640472412, 0.9764791131019592),
            ["LeftLowerArm"] = CFrame.new(-2.086162567138672e-07, -3.5762786865234375e-07, 1.4901161193847656e-08, 1, -9.103676745780831e-08, 8.975619891771203e-08, 1.057050980080021e-07, 0.32599857449531555, -0.9453703165054321, 5.308537964765492e-08, 0.9453702569007874, 0.32599860429763794),
            ["LowerTorso"] = CFrame.new(-0.006375351920723915, -0.055039167404174805, 0.0860610231757164, 0.9956079125404358, 0.010155776515603065, -0.093068428337574, -0.006176368799060583, 0.9990583658218384, 0.04294658452272415, 0.09341694414615631, -0.04218313470482826, 0.9947330951690674),
            ["Head"] = CFrame.new(5.587935447692871e-09, -3.5762786865234375e-07, -1.0547228157520294e-07, 0.9951592087745667, 0.02467937394976616, 0.09512682259082794, -0.015248948708176613, 0.9950087666511536, -0.0986161157488823, -0.09708577394485474, 0.09668824076652527, 0.9905683994293213),
            ["RightUpperArm"] = CFrame.new(-5.960464477539063e-08, -4.76837158203125e-07, -1.6391277313232422e-07, 0.9565725326538086, -0.2682698667049408, 0.11401993781328201, 0.2717086970806122, 0.9622551202774048, -0.015480799600481987, -0.1055632084608078, 0.04578876867890358, 0.9933578968048096),
            ["UpperTorso"] = CFrame.new(2.0954757928848267e-09, 2.9802322387695312e-08, 1.4115357771515846e-09, 0.9998176097869873, -0.0005033020861446857, 0.019095970317721367, -0.003062182106077671, 0.9825026392936707, 0.18622355163097382, -0.018855569884181023, -0.1862480640411377, 0.9823219180107117),
            ["HumanoidRootPart"] = CFrame.new(0, 0, 0, 1, 0, 0, 0, 1, 0, 0, 0, 1),
            ["RightHand"] = CFrame.new(3.129243850708008e-07, 2.384185791015625e-07, -8.940696716308594e-08, 0.3890553116798401, -0.43703410029411316, 0.8109484314918518, 0.891239583492279, 0.40129944682121277, -0.21130821108818054, -0.23308412730693817, 0.8049596548080444, 0.5456295013427734),
            ["LeftUpperArm"] = CFrame.new(-1.1920928955078125e-07, -4.76837158203125e-07, -1.9371509552001953e-07, 0.9835646748542786, 0.18050828576087952, -0.004158754367381334, -0.15360580384731293, 0.8244271874427795, -0.5447246432304382, -0.09489870071411133, 0.5364108085632324, 0.8386046886444092),
            ["RightLowerArm"] = CFrame.new(1.7881393432617188e-07, 2.980232238769531e-07, -1.4901161193847656e-07, 1, -9.220092067607766e-08, 5.5879340266073996e-08, 7.636844401304188e-08, 0.19605301320552826, -0.9805933237075806, 6.332992796842518e-08, 0.9805933237075806, 0.1960531622171402),
            ["LeftHand"] = CFrame.new(5.029141902923584e-08, -1.1920928955078125e-07, -1.955777406692505e-07, 0.6961248517036438, 0.24552159011363983, -0.6746327877044678, -0.6179062128067017, 0.6833351850509644, -0.38890236616134644, 0.3655162751674652, 0.6875843405723572, 0.6273958683013916),
            ["RightUpperLeg"] = CFrame.new(0, 1.993030309677124e-07, -9.145878721028566e-09, 0.9901036620140076, -0.12717808783054352, -0.059333812445402145, 0.11628743261098862, 0.9801710844039917, -0.16044272482395172, 0.07856205105781555, 0.15195508301258087, 0.9852602481842041),
            ["LeftUpperLeg"] = CFrame.new(0, 2.782326191663742e-07, 1.4901161193847656e-08, 0.969083845615387, 0.1354820728302002, 0.20620672404766083, -0.05687227472662926, 0.9359043836593628, -0.34763285517692566, -0.24008773267269135, 0.32515794038772583, 0.9146749377250671),
            ["RightLowerLeg"] = CFrame.new(-6.51925802230835e-09, 2.384185791015625e-07, 2.4047039914876223e-08, 1, -4.097821459936313e-08, -4.0978189730367376e-08, 5.774199962615967e-08, 0.9135947823524475, 0.40662530064582825, -2.60770320892334e-08, -0.40662577748298645, 0.9135949611663818),
            ["RightFoot"] = CFrame.new(-2.7939677238464355e-08, 3.5762786865234375e-07, 3.149762051180005e-08, 0.991702675819397, 0.11343002319335938, -0.06049433723092079, -0.12615858018398285, 0.9491432309150696, -0.28846365213394165, 0.02469734288752079, 0.29370203614234924, 0.9555779695510864),
            ["LeftLowerLeg"] = CFrame.new(8.381903171539307e-08, 1.7881393432617188e-07, 2.2351741790771484e-08, 1, 4.097821459936313e-08, -3.725290298461914e-09, -4.470348358154297e-08, 0.8374263644218445, 0.5465499758720398, 2.7939677238464355e-08, -0.5465501546859741, 0.8374265432357788),
        }},
        {Time = 0.233, Data = {
            ["LeftFoot"] = CFrame.new(-4.377216100692749e-08, -5.960464477539063e-08, 1.30385160446167e-08, 0.9939955472946167, -0.07231342047452927, -0.08211944252252579, 0.05268952623009682, 0.9740774035453796, -0.2199934870004654, 0.09589922428131104, 0.21434564888477325, 0.9720388054847717),
            ["LeftLowerArm"] = CFrame.new(-1.1920928955078125e-07, -2.980232238769531e-07, -1.1920928955078125e-07, 1, -8.346976443363019e-08, 6.562185461689296e-08, 6.798654794692993e-08, 0.4169296622276306, -0.9089388251304626, 6.705522537231445e-08, 0.9089388251304626, 0.4169296324253082),
            ["LowerTorso"] = CFrame.new(-0.018139025196433067, -0.05875265598297119, 0.0889463797211647, 0.9945269823074341, 0.010056937113404274, -0.1039946973323822, -0.004528010729700327, 0.9985701441764832, 0.05326550453901291, 0.10438168048858643, -0.052503082901239395, 0.9931505918502808),
            ["Head"] = CFrame.new(-5.587935447692871e-09, -1.1920928955078125e-07, -8.381903171539307e-09, 0.9952626824378967, 0.019109170883893967, 0.09532622247934341, -0.00806364230811596, 0.9933401346206665, -0.11493633687496185, -0.09688768535852432, 0.11362324655056, 0.9887884259223938),
            ["RightUpperArm"] = CFrame.new(0, 3.5762786865234375e-07, 1.2665987014770508e-07, 0.9629523158073425, -0.2563413381576538, 0.08373716473579407, 0.25941458344459534, 0.9653610587120056, -0.02796822413802147, -0.07366718351840973, 0.04865472763776779, 0.9960953593254089),
            ["UpperTorso"] = CFrame.new(1.862645149230957e-09, 1.4901161193847656e-07, 1.234002411365509e-08, 0.9998384714126587, 0.0025796976406127214, 0.017790669575333595, -0.0058387285098433495, 0.9825971126556396, 0.18565823137760162, -0.017002131789922714, -0.18573209643363953, 0.9824534058570862),
            ["HumanoidRootPart"] = CFrame.new(0, 0, 0, 1, 0, 0, 0, 1, 0, 0, 0, 1),
            ["RightHand"] = CFrame.new(-1.4156103134155273e-07, 5.960464477539063e-08, 1.7881393432617188e-07, 0.35123196244239807, -0.4177723228931427, 0.8379157185554504, 0.9057232141494751, 0.37840282917022705, -0.19098910689353943, -0.23727947473526, 0.826000988483429, 0.5112929344177246),
            ["LeftUpperArm"] = CFrame.new(-1.1920928955078125e-07, -2.384185791015625e-07, 5.21540641784668e-08, 0.9816925525665283, 0.19033414125442505, -0.0072689056396484375, -0.1555940955877304, 0.7793313264846802, -0.6069869995117188, -0.10986548662185669, 0.5970054864883423, 0.7946785688400269),
            ["RightLowerArm"] = CFrame.new(-1.1920928955078125e-07, 1.1920928955078125e-07, 9.546056389808655e-09, 1, -8.00937343115038e-08, 1.1269001731761819e-07, 6.426126475389538e-08, 0.11887850612401962, -0.9929088950157166, 1.0155783058962697e-07, 0.992908775806427, 0.11887838691473007),
            ["LeftHand"] = CFrame.new(8.381903171539307e-08, 5.960464477539063e-08, -3.725290298461914e-09, 0.5918123722076416, 0.23066186904907227, -0.7723689675331116, -0.6954525113105774, 0.6305739283561707, -0.34456053376197815, 0.40755870938301086, 0.7410611510276794, 0.5335955619812012),
            ["RightUpperLeg"] = CFrame.new(-2.9802322387695312e-08, -5.075708031654358e-08, 1.3205863069742918e-08, 0.9896231889724731, -0.13317759335041046, -0.053942229598760605, 0.12119036912918091, 0.9753147959709167, -0.18459159135818481, 0.07719408720731735, 0.17613869905471802, 0.9813339114189148),
            ["LeftUpperLeg"] = CFrame.new(8.940696716308594e-08, 6.85686245560646e-08, 7.450580596923828e-09, 0.9660995006561279, 0.13917499780654907, 0.21744458377361298, -0.05634872242808342, 0.9356188774108887, -0.34848541021347046, -0.2519457936286926, 0.3244188725948334, 0.9117432832717896),
            ["RightLowerLeg"] = CFrame.new(-3.725290298461914e-09, 2.384185791015625e-07, -2.029992174357176e-09, 1, -6.705523247774181e-08, -3.725291630729544e-09, 8.381903882082042e-08, 0.9076594710350037, 0.4197072982788086, -2.2351745343485163e-08, -0.4197075068950653, 0.9076595306396484),
            ["RightFoot"] = CFrame.new(-5.587935447692871e-09, 2.384185791015625e-07, -2.0656443666666746e-08, 0.9913160800933838, 0.12064123153686523, -0.05232875049114227, -0.1306696981191635, 0.9483770728111267, -0.28897449374198914, 0.014765117317438126, 0.2933032214641571, 0.9559056162834167),
            ["LeftLowerLeg"] = CFrame.new(4.0978193283081055e-08, 0, 5.960464477539063e-08, 1, 4.656614649434232e-08, 3.5390257835388184e-08, -4.470348358154297e-08, 0.8365383148193359, 0.5479084849357605, 0, -0.5479085445404053, 0.8365382552146912),
        }},
        {Time = 0.267, Data = {
            ["LeftFoot"] = CFrame.new(-6.239861249923706e-08, -1.1920928955078125e-07, 2.60770320892334e-08, 0.993797779083252, -0.06909821182489395, -0.08712998032569885, 0.045204225927591324, 0.9668822288513184, -0.25118815898895264, 0.10160104930400848, 0.2456914484500885, 0.9640087485313416),
            ["LeftLowerArm"] = CFrame.new(8.940696716308594e-08, 1.1920928955078125e-07, -8.940696716308594e-08, 1, -6.984917888530617e-08, 5.157198756933212e-08, 8.847565169389782e-08, 0.5013238787651062, -0.8652597665786743, 4.936010356004772e-08, 0.8652597069740295, 0.5013237595558167),
            ["LowerTorso"] = CFrame.new(-0.029708102345466614, -0.07132112979888916, 0.09165439009666443, 0.9937424063682556, 0.01004269253462553, -0.11124375462532043, -0.003044625511392951, 0.9980152249336243, 0.06289959698915482, 0.11165463924407959, -0.06216730177402496, 0.9918006658554077),
            ["Head"] = CFrame.new(0, 0, 4.819594323635101e-08, 0.995598554611206, 0.015440666116774082, 0.09244012832641602, -0.002778861438855529, 0.9907649159431458, -0.1355627179145813, -0.09367960691452026, 0.13470925390720367, 0.9864470362663269),
            ["RightUpperArm"] = CFrame.new(-2.384185791015625e-07, 1.1920928955078125e-07, 5.960464477539063e-08, 0.967688262462616, -0.24510295689105988, 0.059194959700107574, 0.24759365618228912, 0.9680739045143127, -0.03912079334259033, -0.04771648719906807, 0.05251309648156166, 0.9974795579910278),
            ["UpperTorso"] = CFrame.new(-2.7939677238464355e-09, 2.9802322387695312e-08, 4.889443516731262e-09, 0.9998748898506165, 0.004621337167918682, 0.015131554566323757, -0.007368357852101326, 0.9823570251464844, 0.18687011301517487, -0.01400100626051426, -0.18695814907550812, 0.9822680950164795),
            ["HumanoidRootPart"] = CFrame.new(0, 0, 0, 1, 0, 0, 0, 1, 0, 0, 0, 1),
            ["RightHand"] = CFrame.new(-2.728775143623352e-07, 0, 2.682209014892578e-07, 0.3538723886013031, -0.41766005754470825, 0.836859941482544, 0.9043846726417542, 0.38092494010925293, -0.19231344759464264, -0.2384592592716217, 0.8248977661132812, 0.5125242471694946),
            ["LeftUpperArm"] = CFrame.new(2.384185791015625e-07, 0, 9.685754776000977e-08, 0.9796055555343628, 0.20052777230739594, -0.012714573182165623, -0.15878742933273315, 0.7338172197341919, -0.6605291366577148, -0.12312428653240204, 0.6490769386291504, 0.7506927847862244),
            ["RightLowerArm"] = CFrame.new(1.1920928955078125e-07, 1.7881393432617188e-07, -8.195638656616211e-08, 1, -6.891786341611805e-08, 5.2386901927548024e-08, 7.380732114370403e-08, 0.048023127019405365, -0.9988462924957275, 8.47503613954359e-08, 0.9988462328910828, 0.04802302271127701),
            ["LeftHand"] = CFrame.new(9.313225746154785e-08, 0, 1.30385160446167e-07, 0.48215535283088684, 0.21345937252044678, -0.8496831655502319, -0.7614745497703552, 0.5817053318023682, -0.28596362471580505, 0.4332238435745239, 0.7848910689353943, 0.44301629066467285),
            ["RightUpperLeg"] = CFrame.new(-2.9802322387695312e-08, 2.0023435354232788e-08, -2.032174961641431e-08, 0.9885425567626953, -0.14195114374160767, -0.05131811276078224, 0.1267716884613037, 0.9653282165527344, -0.22818925976753235, 0.08193054795265198, 0.2190689742565155, 0.9722633957862854),
            ["LeftUpperLeg"] = CFrame.new(-5.960464477539063e-08, 3.026798367500305e-09, -7.450580596923828e-09, 0.9640939235687256, 0.14295704662799835, 0.22379948198795319, -0.052518196403980255, 0.9287334680557251, -0.36700955033302307, -0.2603166103363037, 0.3420780599117279, 0.902894139289856),
