return {
    ["Conga!"] = {
        {Time = 0.000, Data = {
            ["LeftFoot"] = CFrame.new(-1.7881393432617188e-07, 1.1920928955078125e-07, -2.5331974029541016e-07, 0.9631359577178955, -0.2476549595594406, -0.10505404323339462, 0.20373137295246124, 0.9265087246894836, -0.3163452744483948, 0.17567817866802216, 0.28328198194503784, 0.9428092837333679),
            ["LeftLowerArm"] = CFrame.new(-0.0000018477439880371094, -0.000002682209014892578, -0.0000011026859283447266, 1, 2.0489086693942227e-07, 0.0000015031553175504087, 9.350483196612913e-07, 0.6910447478294373, -0.7228120565414429, -0.000001195818754240463, 0.7228119969367981, 0.691044807434082),
            ["LowerTorso"] = CFrame.new(0.008358241058886051, -0.17967534065246582, -0.006336018443107605, 0.9928841590881348, 0.11168477684259415, -0.04132256656885147, -0.10747876018285751, 0.9898590445518494, 0.09288422763347626, 0.051277268677949905, -0.08778198063373566, 0.9948191046714783),
            ["Head"] = CFrame.new(1.1641532182693481e-08, -0.000001430511474609375, 1.2945383787155151e-07, 0.9962601661682129, 0.06414025276899338, 0.05789368972182274, -0.0657244548201561, 0.9975021481513977, 0.025882963091135025, -0.05608881264925003, -0.029591184109449387, 0.9979871511459351),
            ["RightUpperArm"] = CFrame.new(5.960464477539062e-07, -4.76837158203125e-07, -1.825392246246338e-07, 0.748954713344574, -0.5639194846153259, 0.34794437885284424, -0.08316550403833389, 0.44094565510749817, 0.893671989440918, -0.6573813557624817, -0.6982563138008118, 0.28334641456604004),
            ["UpperTorso"] = CFrame.new(2.3283064365386963e-09, -6.854534149169922e-07, -1.7695128917694092e-08, 0.9999686479568481, -0.002831305144354701, -0.007403712719678879, 0.002421108540147543, 0.9984912276268005, -0.0548592135310173, 0.007547709159553051, 0.054839543998241425, 0.9984667301177979),
            ["HumanoidRootPart"] = CFrame.new(0, 0, 0, 1, 0, 0, 0, 1, 0, 0, 0, 1),
            ["RightHand"] = CFrame.new(-6.258487701416016e-07, 4.76837158203125e-07, -2.682209014892578e-07, 0.9035158157348633, -0.1602463573217392, 0.3974672555923462, 0.07285107672214508, 0.9713921546936035, 0.22603097558021545, -0.4223173260688782, -0.17526665329933167, 0.8893423080444336),
            ["LeftUpperArm"] = CFrame.new(2.980232238769531e-07, 7.152557373046875e-07, -6.183981895446777e-07, 0.6859984993934631, 0.23525625467300415, -0.6885166764259338, -0.7275612354278564, 0.2116585224866867, -0.6525784730911255, -0.007795494049787521, 0.9486070275306702, 0.31636422872543335),
            ["RightLowerArm"] = CFrame.new(-0.0000029802322387695312, 5.364418029785156e-07, 0.000003129243850708008, 1, -0.0000011324897286613123, -0.0000028712649964290904, -0.0000021010621367167914, 0.4472208619117737, -0.8944234848022461, 0.000002339480715818354, 0.8944236040115356, 0.4472210109233856),
            ["LeftHand"] = CFrame.new(-8.195638656616211e-08, 0, 0, 0.9242542386054993, 0.38067275285720825, 0.029022451490163803, -0.34908348321914673, 0.8734386563301086, -0.33947861194610596, -0.15457960963249207, 0.30363327264785767, 0.9401659965515137),
            ["RightUpperLeg"] = CFrame.new(-5.960464477539063e-08, -5.0407834351062775e-08, -5.012407200410962e-08, 0.9750905632972717, -0.1711658239364624, -0.14106670022010803, -0.009576735086739063, 0.6029168963432312, -0.7977468371391296, 0.22160018980503082, 0.7792261838912964, 0.5862594842910767),
            ["LeftUpperLeg"] = CFrame.new(2.9802322387695312e-08, 1.6530975699424744e-08, 1.210719347000122e-07, 0.8977990746498108, 0.066412553191185, 0.43536892533302307, -0.09439585357904434, 0.9946083426475525, 0.04293762892484665, -0.4301699995994568, -0.07964688539505005, 0.8992276787757874),
            ["RightLowerLeg"] = CFrame.new(-2.086162567138672e-07, 5.960464477539062e-07, 1.6560807125642896e-07, 1, -9.089715717891522e-07, -0.000001089645706997544, 0.0000013336538131625275, 0.6333890557289124, 0.7738348841667175, -8.940695295223122e-08, -0.7738336324691772, 0.6333873867988586),
            ["RightFoot"] = CFrame.new(-2.514570951461792e-07, 2.980232238769531e-07, -1.3241515262052417e-07, 0.8873079419136047, -0.248836487531662, 0.3882844150066376, 0.2579897940158844, 0.9657027125358582, 0.029323138296604156, -0.382264107465744, 0.07415338605642319, 0.9210730195045471),
            ["LeftLowerLeg"] = CFrame.new(4.470348358154297e-08, -5.960464477539063e-08, 6.705522537231445e-08, 1, 6.705522537231445e-07, -7.748602683932404e-07, -8.568166975919667e-08, 0.8162203431129456, 0.5777400732040405, 0.0000010170041377932648, -0.5777407288551331, 0.816220760345459),
        }},
        {Time = 0.033, Data = {
            ["LeftFoot"] = CFrame.new(-2.1606683731079102e-07, 5.960464477539063e-08, -2.384185791015625e-07, 0.968912661075592, -0.24185024201869965, -0.052125900983810425, 0.24590258300304413, 0.96458899974823, 0.09539438039064407, 0.027209360152482986, -0.10524579882621765, 0.9940738677978516),
            ["LeftLowerArm"] = CFrame.new(-0.0000018477439880371094, -0.0000026226043701171875, -0.0000014603137969970703, 1, 4.69386236545688e-07, 0.0000013485557701642392, 9.089709465115448e-07, 0.5323654413223267, -0.8465147614479065, -0.0000010654331390469451, 0.8465146422386169, 0.5323653817176819),
            ["LowerTorso"] = CFrame.new(0.034149300307035446, -0.12296545505523682, -0.03223969787359238, 0.9932937622070312, 0.10754793137311935, 0.04243855178356171, -0.10892243683338165, 0.9935504198074341, 0.03152017667889595, -0.03877491131424904, -0.0359313040971756, 0.9986017346382141),
            ["Head"] = CFrame.new(1.0186340659856796e-08, -0.0000010728836059570312, 6.239861249923706e-08, 0.9956679344177246, 0.026457808911800385, 0.08913645148277283, -0.03532850742340088, 0.9944141507148743, 0.09946057200431824, -0.08600707352161407, -0.10217878222465515, 0.9910410046577454),
            ["RightUpperArm"] = CFrame.new(7.152557373046875e-07, -0.0000011920928955078125, -5.21540641784668e-08, 0.8679543733596802, -0.44078293442726135, 0.2288384586572647, -0.007559966761618853, 0.4489843547344208, 0.8935075402259827, -0.4965864419937134, -0.7772538065910339, 0.3863641023635864),
            ["UpperTorso"] = CFrame.new(-5.098991096019745e-08, -8.940696716308594e-08, -1.6298145055770874e-08, 0.9987519979476929, 0.03025738149881363, 0.039736390113830566, -0.02774691954255104, 0.997672975063324, -0.062279343605041504, -0.041528381407260895, 0.0610991008579731, 0.9972674250602722),
            ["HumanoidRootPart"] = CFrame.new(0, 0, 0, 1, 0, 0, 0, 1, 0, 0, 0, 1),
            ["RightHand"] = CFrame.new(-5.885958671569824e-07, 4.172325134277344e-07, -2.980232238769531e-07, 0.9635125994682312, -0.05161401629447937, 0.2626396119594574, -0.02672330103814602, 0.9577794671058655, 0.28625938296318054, -0.26632583141326904, -0.28283312916755676, 0.9214532375335693),
            ["LeftUpperArm"] = CFrame.new(2.384185791015625e-07, 5.960464477539062e-07, -6.332993507385254e-07, 0.6849184036254883, 0.22149400413036346, -0.6941343545913696, -0.7083666920661926, 0.42548447847366333, -0.5631899833679199, 0.17059728503227234, 0.87744140625, 0.4483243227005005),
            ["RightLowerArm"] = CFrame.new(-0.000003159046173095703, -4.172325134277344e-07, 0.000003390014171600342, 1, -0.0000010957022595903254, -0.00000294903156827786, -0.000002134589976776624, 0.4807613492012024, -0.8768513798713684, 0.000002346931523788953, 0.876851499080658, 0.48076149821281433),
            ["LeftHand"] = CFrame.new(8.046627044677734e-07, 1.1920928955078125e-07, 1.7881393432617188e-07, 0.8527920842170715, 0.521460771560669, 0.028710879385471344, -0.46806228160858154, 0.7875365018844604, -0.4008791744709015, -0.23165354132652283, 0.32842817902565, 0.915681004524231),
            ["RightUpperLeg"] = CFrame.new(-8.940696716308594e-08, 3.187451511621475e-07, -1.845910446718335e-08, 0.9523621797561646, -0.22278554737567902, -0.20825856924057007, 0.015224750153720379, 0.7167723774909973, -0.6971415877342224, 0.30458903312683105, 0.6607601642608643, 0.6860189437866211),
            ["LeftUpperLeg"] = CFrame.new(5.960464477539063e-08, 2.4467590264976025e-07, 1.4528632164001465e-07, 0.9159476161003113, 0.1631791889667511, 0.36662280559539795, -0.13625463843345642, 0.9857800602912903, -0.09834879636764526, -0.3774580955505371, 0.04012782871723175, 0.9251568913459778),
            ["RightLowerLeg"] = CFrame.new(-2.1606683731079102e-07, 9.5367431640625e-07, 3.149762051180005e-08, 1, -8.083888474175183e-07, -0.0000010849890941244666, 0.0000013187527656555176, 0.6454516649246216, 0.7638022899627686, -4.0978193283081055e-08, -0.7638012170791626, 0.6454502940177917),
            ["RightFoot"] = CFrame.new(-7.636845111846924e-08, 3.5762786865234375e-07, -1.2123928172513843e-07, 0.8912872076034546, -0.22338946163654327, 0.3945937156677246, 0.2659829258918762, 0.9623512029647827, -0.055977385491132736, -0.36723315715789795, 0.15484583377838135, 0.9171490669250488),
            ["LeftLowerLeg"] = CFrame.new(2.4493783712387085e-07, 1.1920928955078125e-07, 1.341104507446289e-07, 1, 0.0000014081597328186035, -4.172325134277344e-07, -5.395268090069294e-07, 0.6765757203102112, 0.7363726496696472, 0.0000012479722499847412, -0.7363731861114502, 0.6765762567520142),
        }},
        {Time = 0.067, Data = {
            ["LeftFoot"] = CFrame.new(-2.086162567138672e-07, -5.960464477539063e-08, -2.086162567138672e-07, 0.9511879682540894, -0.30615538358688354, 0.03886541724205017, 0.2778657376766205, 0.9044015407562256, 0.323803186416626, -0.13428382575511932, -0.2971983253955841, 0.9453258514404297),
            ["LeftLowerArm"] = CFrame.new(-0.0000028312206268310547, -0.000003159046173095703, -9.98377799987793e-07, 1, 4.619357696356019e-07, 0.0000013839460279996274, 9.238721077053924e-07, 0.539717972278595, -0.8418460488319397, -0.0000010840595905392547, 0.8418459892272949, 0.5397179126739502),
            ["LowerTorso"] = CFrame.new(0.08784294873476028, -0.044083476066589355, -0.018793687224388123, 0.969817578792572, 0.12271580100059509, 0.21070048213005066, -0.11927597224712372, 0.9924373030662537, -0.029007071629166603, -0.21266664564609528, 0.003000062657520175, 0.9771202206611633),
            ["Head"] = CFrame.new(-3.5390257835388184e-08, -0.0000013113021850585938, 7.82310962677002e-08, 0.9933416247367859, 0.02568807825446129, 0.11230537295341492, -0.05455653369426727, 0.9634780287742615, 0.2621713876724243, -0.10146917402744293, -0.26655271649360657, 0.9584642648696899),
            ["RightUpperArm"] = CFrame.new(7.152557373046875e-07, -9.5367431640625e-07, -8.940696716308594e-08, 0.8413711190223694, -0.5282086730003357, -0.11443598568439484, 0.31551775336265564, 0.3081448972225189, 0.8974927663803101, -0.4387974441051483, -0.7912284135818481, 0.4259238541126251),
            ["UpperTorso"] = CFrame.new(4.307366907596588e-08, -5.662441253662109e-07, -1.862645149230957e-08, 0.9990649223327637, 0.016600901260972023, 0.03992241993546486, -0.014780870638787746, 0.998856782913208, -0.04546104371547699, -0.040631454437971115, 0.04482842981815338, 0.9981680512428284),
            ["HumanoidRootPart"] = CFrame.new(0, 0, 0, 1, 0, 0, 0, 1, 0, 0, 0, 1),
            ["RightHand"] = CFrame.new(-6.705522537231445e-07, 7.152557373046875e-07, -4.76837158203125e-07, 0.9358159899711609, 0.10198318958282471, -0.33741360902786255, -0.01954292505979538, 0.970770537853241, 0.23921282589435577, 0.3519468307495117, -0.21726518869400024, 0.910455584526062),
            ["LeftUpperArm"] = CFrame.new(5.364418029785156e-07, 4.76837158203125e-07, -5.811452865600586e-07, 0.76275634765625, 0.19568777084350586, -0.6163649559020996, -0.6304429173469543, 0.43729811906814575, -0.6413384675979614, 0.14402933418750763, 0.8777679800987244, 0.45692381262779236),
            ["RightLowerArm"] = CFrame.new(-0.0000035762786865234375, 4.76837158203125e-07, 0.0000029206275939941406, 1, -0.000002082442961182096, -0.0000023469337975257076, -0.00000213831208384363, 0.12675230205059052, -0.9919344186782837, 0.0000023767302081978414, 0.9919344782829285, 0.12675239145755768),
            ["LeftHand"] = CFrame.new(4.0978193283081055e-07, 1.7881393432617188e-07, 4.172325134277344e-07, 0.8827056288719177, 0.36257651448249817, -0.29894670844078064, -0.45942726731300354, 0.7995662093162537, -0.3868081569671631, 0.09878004342317581, 0.4787818491458893, 0.8723591566085815),
            ["RightUpperLeg"] = CFrame.new(-5.960464477539063e-08, 2.2939639165997505e-07, -2.4047039914876223e-08, 0.8886011242866516, -0.28946158289909363, -0.3558068871498108, 0.04804033413529396, 0.8301893472671509, -0.555408775806427, 0.4561581313610077, 0.47644269466400146, 0.7516133785247803),
            ["LeftUpperLeg"] = CFrame.new(0, 5.581823643296957e-07, 1.4528632164001465e-07, 0.9486802816390991, 0.25322437286376953, 0.1894286870956421, -0.1627815067768097, 0.9045815467834473, -0.3939984440803528, -0.2711237967014313, 0.34294265508651733, 0.8993786573410034),
            ["RightLowerLeg"] = CFrame.new(-2.086162567138672e-07, 6.556510925292969e-07, 1.507069100625813e-07, 1, -7.040802074698149e-07, -9.583293376635993e-07, 0.0000012554231716421782, 0.718741774559021, 0.6952780485153198, 1.4528635006172408e-07, -0.695277214050293, 0.7187409400939941),
            ["RightFoot"] = CFrame.new(-1.7136335372924805e-07, 4.172325134277344e-07, -9.143695933744311e-08, 0.8760890364646912, -0.22075121104717255, 0.4286460876464844, 0.27662771940231323, 0.9582856893539429, -0.07187288254499435, -0.39489907026290894, 0.1815420538187027, 0.9006091356277466),
            ["LeftLowerLeg"] = CFrame.new(2.4586915969848633e-07, 1.1920928955078125e-07, 7.450580596923828e-08, 1, 0.0000018924474716186523, 1.937150670983101e-07, -0.0000010132789611816406, 0.4310707449913025, 0.9023180603981018, 0.0000017136335372924805, -0.9023181200027466, 0.4310707747936249),
        }},
        {Time = 0.100, Data = {
            ["LeftFoot"] = CFrame.new(-1.7881393432617188e-07, 0, -2.905726432800293e-07, 0.8999758362770081, -0.3692336976528168, 0.2317550927400589, 0.30868786573410034, 0.9151421785354614, 0.2592807710170746, -0.30782365798950195, -0.16180650889873505, 0.9375836849212646),
            ["LeftLowerArm"] = CFrame.new(-0.000003159046173095703, -0.0000029206275939941406, -0.000001084059476852417, 1, 1.690349904492905e-07, 0.0000014640394283560454, 9.387732688992401e-07, 0.6711556911468506, -0.7413164973258972, -0.000001117587203225412, 0.741316556930542, 0.6711556315422058),
            ["LowerTorso"] = CFrame.new(0.13293960690498352, 0.03570270538330078, 0.03044290840625763, 0.9229004979133606, 0.17481273412704468, 0.34306737780570984, -0.15426680445671082, 0.9842333793640137, -0.08652416616678238, -0.3527838885784149, 0.02692928910255432, 0.9353172779083252),
            ["Head"] = CFrame.new(3.725290298461914e-08, -0.0000022649765014648438, 1.1175870895385742e-07, 0.9948182106018066, 0.041834019124507904, 0.09266353398561478, -0.0778936892747879, 0.8993534445762634, 0.430227667093277, -0.06533931195735931, -0.4352163076400757, 0.8979520201683044),
            ["RightUpperArm"] = CFrame.new(4.76837158203125e-07, -8.344650268554688e-07, -1.7881393432617188e-07, 0.314706027507782, -0.7321907877922058, -0.6040445566177368, 0.949181318283081, 0.2401578426361084, 0.20340804755687714, -0.0038684620521962643, -0.6373546123504639, 0.7705551385879517),
            ["UpperTorso"] = CFrame.new(-4.377216100692749e-08, -6.854534149169922e-07, 1.1175870895385742e-08, 0.9967883229255676, -0.02910977229475975, 0.07460413873195648, 0.028202300891280174, 0.9995152950286865, 0.013188431039452553, -0.0749519020318985, -0.011042001657187939, 0.9971259832382202),
            ["HumanoidRootPart"] = CFrame.new(0, 0, 0, 1, 0, 0, 0, 1, 0, 0, 0, 1),
            ["RightHand"] = CFrame.new(-0.0000013187527656555176, 6.556510925292969e-07, -4.3213367462158203e-07, 0.05838916078209877, 0.1487421691417694, -0.9871507287025452, 0.4684903025627136, 0.8691042065620422, 0.1586659997701645, 0.881537139415741, -0.47173482179641724, -0.01893809251487255),
            ["LeftUpperArm"] = CFrame.new(3.5762786865234375e-07, 5.960464477539062e-07, -5.513429641723633e-07, 0.6147814393043518, 0.27122870087623596, -0.740591824054718, -0.7858862280845642, 0.28988298773765564, -0.5462161898612976, 0.06653279811143875, 0.9178250432014465, 0.39137154817581177),
            ["RightLowerArm"] = CFrame.new(-0.0000029802322387695312, 1.1920928955078125e-07, 0.000002905726432800293, 1, -0.0000029988812002557097, -0.0000010905781664405367, -0.0000020544841845548945, -0.3555298447608948, -0.9346649646759033, 0.0000024139721972460393, 0.9346649646759033, -0.3555298447608948),
            ["LeftHand"] = CFrame.new(3.5762786865234375e-07, -5.960464477539063e-08, 2.682209014892578e-07, 0.7358585596084595, 0.09982491284608841, -0.6697366237640381, -0.5039678812026978, 0.741326630115509, -0.4432283043861389, 0.45224836468696594, 0.6636790633201599, 0.5958201885223389),
            ["RightUpperLeg"] = CFrame.new(-5.960464477539063e-08, -2.3562461137771606e-07, -4.639878170564771e-08, 0.8052816987037659, -0.36824530363082886, -0.46466660499572754, 0.11467809230089188, 0.8656733632087708, -0.4872984290122986, 0.581696093082428, 0.33912393450737, 0.739341139793396),
            ["LeftUpperLeg"] = CFrame.new(-5.960464477539063e-08, 2.71480530500412e-07, 1.043081283569336e-07, 0.9715481996536255, 0.22727727890014648, 0.0666263997554779, -0.1399703472852707, 0.7779140472412109, -0.6125836372375488, -0.1910560429096222, 0.585828423500061, 0.7875927090644836),
            ["RightLowerLeg"] = CFrame.new(-2.2351741790771484e-07, 6.556510925292969e-07, 1.507069100625813e-07, 1, -7.487836910513579e-07, -9.294588494412892e-07, 0.0000011287630741207977, 0.7632184624671936, 0.6461410522460938, 2.831220911048149e-07, -0.6461405754089355, 0.7632179856300354),
            ["RightFoot"] = CFrame.new(-1.1175870895385742e-07, 3.5762786865234375e-07, -7.281050784513354e-08, 0.8184168338775635, -0.24574288725852966, 0.5194280743598938, 0.2409970462322235, 0.9673898220062256, 0.07795702666044235, -0.5216459631919861, 0.06137987598776817, 0.8509508371353149),
            ["LeftLowerLeg"] = CFrame.new(1.1920928955078125e-07, 0, -4.470348358154297e-08, 1, 0.00000134296715259552, 9.685754776000977e-08, -4.470348358154297e-07, 0.3342781066894531, 0.9424744844436646, 0.0000014901161193847656, -0.9424744844436646, 0.33427804708480835),
        }},
        {Time = 0.133, Data = {
            ["LeftFoot"] = CFrame.new(-2.1606683731079102e-07, 5.960464477539063e-08, -1.9371509552001953e-07, 0.7565522193908691, -0.44645363092422485, 0.47781649231910706, 0.3376537263393402, 0.8924391865730286, 0.2992362678050995, -0.5600167512893677, -0.06505093723535538, 0.8259232640266418),
            ["LeftLowerArm"] = CFrame.new(-0.000002086162567138672, -0.000003039836883544922, -0.0000016391277313232422, 1, -9.685751223287298e-08, 0.0000014379626236404874, 9.238722213922301e-07, 0.796331524848938, -0.6048605442047119, -0.000001102686155718402, 0.6048604249954224, 0.796331524848938),
            ["LowerTorso"] = CFrame.new(0.16778017580509186, 0.09708881378173828, 0.08422757685184479, 0.8783509731292725, 0.22552934288978577, 0.4214690625667572, -0.1843395233154297, 0.973315954208374, -0.13665655255317688, -0.44104260206222534, 0.0423390194773674, 0.8964869976043701),
            ["Head"] = CFrame.new(-7.450580596923828e-09, -0.000001430511474609375, 8.940696716308594e-08, 0.9980106949806213, 0.055731721222400665, 0.029475852847099304, -0.06257755309343338, 0.8187562823295593, 0.5707208514213562, 0.007673688232898712, -0.571429967880249, 0.8206148743629456),
            ["RightUpperArm"] = CFrame.new(5.960464477539062e-07, -4.76837158203125e-07, -1.4156103134155273e-07, 0.04213116690516472, -0.9695453643798828, -0.24126790463924408, 0.7111687660217285, 0.19870752096176147, -0.6743537187576294, 0.7017577886581421, -0.1431686133146286, 0.6978803277015686),
            ["UpperTorso"] = CFrame.new(-1.862645149230957e-08, -1.7881393432617188e-07, -2.2351741790771484e-08, 0.9924753308296204, -0.07442525029182434, 0.0972309485077858, 0.0655750036239624, 0.9936667680740356, 0.09124879539012909, -0.10340624302625656, -0.08418632298707962, 0.9910700917243958),
            ["HumanoidRootPart"] = CFrame.new(0, 0, 0, 1, 0, 0, 0, 1, 0, 0, 0, 1),
            ["RightHand"] = CFrame.new(-3.2782554626464844e-07, 7.748603820800781e-07, -4.76837158203125e-07, 0.5509377717971802, 0.8118747472763062, -0.1932012438774109, 0.7898783683776855, -0.43256041407585144, 0.434722900390625, 0.2693694531917572, -0.3921108543872833, -0.8795961141586304),
            ["LeftUpperArm"] = CFrame.new(4.76837158203125e-07, 4.76837158203125e-07, -5.587935447692871e-07, 0.4819164276123047, 0.35406294465065, -0.8014954328536987, -0.8682625889778137, 0.06999015808105469, -0.49114328622817993, -0.11779923737049103, 0.9325989484786987, 0.34115028381347656),
            ["RightLowerArm"] = CFrame.new(-0.000003069639205932617, 3.5762786865234375e-07, 0.0000034570693969726562, 1, -0.0000030100432013568934, -0.0000010803336181197665, -0.000002026552692768746, -0.35552978515625, -0.9346649646759033, 0.0000023730037810310023, 0.9346649646759033, -0.3555298447608948),
            ["LeftHand"] = CFrame.new(-7.972121238708496e-07, -2.384185791015625e-07, 2.384185791015625e-07, 0.4679765999317169, -0.10313671827316284, -0.877701997756958, -0.5973437428474426, 0.6950173377990723, -0.40016406774520874, 0.6512898206710815, 0.7115572094917297, 0.2636438012123108),
            ["RightUpperLeg"] = CFrame.new(-2.9802322387695312e-08, 2.682209014892578e-07, 5.790934665128589e-08, 0.730701744556427, -0.43702414631843567, -0.5244833827018738, 0.17716753482818604, 0.8633224964141846, -0.47253310680389404, 0.6593076586723328, 0.2523574233055115, 0.7082581520080566),
            ["LeftUpperLeg"] = CFrame.new(1.1920928955078125e-07, 2.39349901676178e-07, 6.705522537231445e-08, 0.9780682325363159, 0.20822477340698242, 0.00499437702819705, -0.13814717531204224, 0.6664735674858093, -0.732617974281311, -0.15587802231311798, 0.7158599495887756, 0.6806218028068542),
            ["RightLowerLeg"] = CFrame.new(-2.7567148208618164e-07, 6.556510925292969e-07, 1.0600342648103833e-07, 1, -8.158384048329026e-07, -9.480845619691536e-07, 0.00000114366400794097, 0.7720910906791687, 0.6355121731758118, 2.533197118737007e-07, -0.6355118751525879, 0.7720909118652344),
            ["RightFoot"] = CFrame.new(-1.9371509552001953e-07, 2.980232238769531e-07, -1.4731631381437182e-07, 0.6830856204032898, -0.35914260149002075, 0.635934591293335, 0.2612802982330322, 0.9332802295684814, 0.24641400575637817, -0.6820019483566284, -0.00216327584348619, 0.7313461899757385),
            ["LeftLowerLeg"] = CFrame.new(2.2351741790771484e-08, 3.5762786865234375e-07, -1.4901161193847656e-08, 1, 6.705520263494691e-07, -5.885958103135636e-07, 0, 0.43630167841911316, 0.8998001217842102, 6.780027774766495e-07, -0.8998005390167236, 0.4363022744655609),
        }},
        {Time = 0.167, Data = {
            ["LeftFoot"] = CFrame.new(-7.078051567077637e-08, -1.7881393432617188e-07, -2.980232238769531e-07, 0.5837262868881226, -0.46247100830078125, 0.6673714518547058, 0.3377220928668976, 0.8857531547546387, 0.3184105455875397, -0.7383816838264465, 0.03952205926179886, 0.6732235550880432),
            ["LeftLowerArm"] = CFrame.new(-0.0000023245811462402344, -0.000002562999725341797, -0.0000012814998626708984, 1, -3.874299636663636e-07, 0.0000013485550880432129, 9.015207069751341e-07, 0.9267653822898865, -0.37564072012901306, -0.0000011250382385696867, 0.3756406903266907, 0.9267654418945312),
            ["LowerTorso"] = CFrame.new(0.18889567255973816, 0.12634849548339844, 0.12041328847408295, 0.8659241199493408, 0.24720656871795654, 0.43481528759002686, -0.1865006685256958, 0.96621173620224, -0.17791111767292023, -0.46410444378852844, 0.07296420633792877, 0.8827702403068542),
            ["Head"] = CFrame.new(3.3527612686157227e-08, -0.000002384185791015625, 9.685754776000977e-08, 0.9976813197135925, 0.06729888916015625, -0.01015083584934473, -0.04413120448589325, 0.7532173991203308, 0.65628981590271, 0.05181334167718887, -0.6543199419975281, 0.7544406652450562),
            ["RightUpperArm"] = CFrame.new(2.384185791015625e-07, -0.0000010728836059570312, -1.7136335372924805e-07, 0.4838879704475403, -0.8602995276451111, 0.16045702993869781, 0.28818055987358093, -0.016484059393405914, -0.9574339985847473, 0.8263198733329773, 0.5095223188400269, 0.2399451732635498),
            ["UpperTorso"] = CFrame.new(1.043081283569336e-07, -9.834766387939453e-07, -1.1920928955078125e-07, 0.9918278455734253, -0.08486048132181168, 0.09526907652616501, 0.06799587607383728, 0.9834240078926086, 0.1680884063243866, -0.10795430094003677, -0.16023683547973633, 0.9811575412750244),
            ["HumanoidRootPart"] = CFrame.new(0, 0, 0, 1, 0, 0, 0, 1, 0, 0, 0, 1),
            ["RightHand"] = CFrame.new(-7.152557373046875e-07, 0.0000011920928955078125, -2.384185791015625e-07, 0.9808730483055115, 0.11618108302354813, -0.1561732292175293, 0.19070075452327728, -0.41280847787857056, 0.8906303644180298, 0.03900481387972832, -0.9033777117729187, -0.42706844210624695),
            ["LeftUpperArm"] = CFrame.new(7.152557373046875e-07, 4.76837158203125e-07, -6.109476089477539e-07, 0.40107572078704834, 0.42926815152168274, -0.809238612651825, -0.8403240442276001, -0.17927943170070648, -0.5115812420845032, -0.36468324065208435, 0.8852050304412842, 0.28882095217704773),
            ["RightLowerArm"] = CFrame.new(-0.0000029802322387695312, 4.76837158203125e-07, 0.0000033974647521972656, 1, -0.0000019669573703140486, -0.00000240280996877118, -0.0000020600843981810613, 0.17852170765399933, -0.9839360117912292, 0.0000023767338461766485, 0.9839360117912292, 0.17852173745632172),
            ["LeftHand"] = CFrame.new(8.745118975639343e-07, 1.7881393432617188e-07, 1.909211277961731e-07, 0.5446852445602417, 0.061207354068756104, -0.8364039063453674, -0.6958255171775818, 0.5896949768066406, -0.4099839925765991, 0.4681292474269867, 0.8053033947944641, 0.3637878894805908),
            ["RightUpperLeg"] = CFrame.new(-8.940696716308594e-08, 1.5925616025924683e-07, -1.1345400707796216e-07, 0.7098565101623535, -0.4456765055656433, -0.5454123616218567, 0.21381932497024536, 0.8741649389266968, -0.4360247254371643, 0.6711074113845825, 0.19289401173591614, 0.7158267498016357),
            ["LeftUpperLeg"] = CFrame.new(5.960464477539063e-08, -2.3655593395233154e-07, 1.7136335372924805e-07, 0.9630995988845825, 0.2616646885871887, -0.06301287561655045, -0.21668492257595062, 0.6149562001228333, -0.7582064270973206, -0.15964607894420624, 0.7438821196556091, 0.6489625573158264),
            ["RightLowerLeg"] = CFrame.new(-1.8998980522155762e-07, 5.364418029785156e-07, 1.6560807125642896e-07, 1, -7.934870041026443e-07, -0.0000010039647122539463, 0.000001173466444015503, 0.7594220042228699, 0.6505988836288452, 1.8998980522155762e-07, -0.6505985260009766, 0.7594215273857117),
            ["RightFoot"] = CFrame.new(-1.9185245037078857e-07, 4.76837158203125e-07, -1.1751399142667651e-07, 0.6323253512382507, -0.4739888608455658, 0.6127821207046509, 0.4355357587337494, 0.8716499209403992, 0.2247973382472992, -0.64068204164505, 0.1247439980506897, 0.7576043605804443),
            ["LeftLowerLeg"] = CFrame.new(5.21540641784668e-08, 1.7881393432617188e-07, 4.470348358154297e-08, 1, 8.642673492431641e-07, -5.58793601612706e-07, -1.937150670983101e-07, 0.6422452926635742, 0.766498863697052, 0.0000010728834922701935, -0.7664992809295654, 0.6422457695007324),
        }},
        {Time = 0.200, Data = {
            ["LeftFoot"] = CFrame.new(-1.7881393432617188e-07, -5.960464477539063e-08, -3.725290298461914e-07, 0.5207637548446655, -0.3642277717590332, 0.772104024887085, 0.3542024493217468, 0.9150834679603577, 0.19277635216712952, -0.7767534255981445, 0.17309032380580902, 0.6055516600608826),
            ["LeftLowerArm"] = CFrame.new(-0.0000022351741790771484, -0.0000030994415283203125, -0.000001430511474609375, 1, -9.033830110638519e-07, 0.0000010672958978830138, 8.717183277440199e-07, 0.9999097585678101, -0.013435768894851208, -0.0000010561202543613035, 0.01343587227165699, 0.9999098181724548),
            ["LowerTorso"] = CFrame.new(0.17592474818229675, 0.09844565391540527, 0.13109110295772552, 0.8788455128669739, 0.23129375278949738, 0.41729360818862915, -0.14113576710224152, 0.9615220427513123, -0.23570340871810913, -0.45575380325317383, 0.14825180172920227, 0.8776730298995972),
            ["Head"] = CFrame.new(3.725290298461914e-08, -0.0000011920928955078125, 6.705522537231445e-08, 0.9997324347496033, -0.014744305983185768, -0.017826030030846596, 0.022503836080431938, 0.7984257936477661, 0.6016726493835449, 0.005361899733543396, -0.601912796497345, 0.7985438704490662),
            ["RightUpperArm"] = CFrame.new(3.5762786865234375e-07, -4.76837158203125e-07, -1.1175870895385742e-07, 0.7074234485626221, -0.5520896911621094, 0.44131824374198914, 0.2129295915365219, -0.42891234159469604, -0.8778907656669617, 0.6739533543586731, 0.7150043249130249, -0.18586578965187073),
            ["UpperTorso"] = CFrame.new(2.2351741790771484e-08, -4.470348358154297e-07, -4.470348358154297e-08, 0.9986013174057007, -0.008898954838514328, 0.05211823061108589, -0.0030042610596865416, 0.9745922088623047, 0.22396652400493622, -0.052787233144044876, -0.22380973398685455, 0.9732024073600769),
            ["HumanoidRootPart"] = CFrame.new(0, 0, 0, 1, 0, 0, 0, 1, 0, 0, 0, 1),
            ["RightHand"] = CFrame.new(-8.046627044677734e-07, 2.384185791015625e-07, -3.2782554626464844e-07, 0.6641721129417419, -0.7423096299171448, -0.08861149102449417, 0.6757087111473083, 0.5453769564628601, 0.4959656000137329, -0.31983327865600586, -0.3892820477485657, 0.8638091683387756),
            ["LeftUpperArm"] = CFrame.new(5.364418029785156e-07, 0.0000010728836059570312, -7.003545761108398e-07, 0.4312914311885834, 0.48061394691467285, -0.7635430097579956, -0.6717073321342468, -0.3939499855041504, -0.6273877620697021, -0.6023263335227966, 0.783462643623352, 0.15292753279209137),
            ["RightLowerArm"] = CFrame.new(-0.0000029802322387695312, 0, 0.000003427267074584961, 1, 7.599603009111888e-07, -0.000003039836883544922, -0.0000021234145606285892, 0.8797323703765869, -0.4754694104194641, 0.000002324580009371857, 0.47546932101249695, 0.8797323107719421),
            ["LeftHand"] = CFrame.new(5.364418029785156e-07, -2.384185791015625e-07, -1.7881393432617188e-07, 0.8093907833099365, 0.33103272318840027, -0.4850813150405884, -0.5859508514404297, 0.5105544328689575, -0.6292820572853088, 0.039347365498542786, 0.7935688495635986, 0.6072069406509399),
            ["RightUpperLeg"] = CFrame.new(-5.960464477539063e-08, 2.1886080503463745e-07, 1.3205863069742918e-08, 0.7169755101203918, -0.3951963186264038, -0.5742508172988892, 0.22873182594776154, 0.9115374088287354, -0.3417339324951172, 0.6585041880607605, 0.1136641651391983, 0.7439448833465576),
            ["LeftUpperLeg"] = CFrame.new(-5.960464477539063e-08, 1.1175870895385742e-07, 5.21540641784668e-08, 0.9040499329566956, 0.35221442580223083, -0.24215444922447205, -0.40925630927085876, 0.5498669743537903, -0.7281181812286377, -0.12330129742622375, 0.757358193397522, 0.6412527561187744),
            ["RightLowerLeg"] = CFrame.new(-2.2724270820617676e-07, 5.364418029785156e-07, -1.3205863069742918e-08, 1, -6.556512630595535e-07, -9.39703568292316e-07, 0.0000011250377838223358, 0.7435526847839355, 0.6686775088310242, 2.5983902673942794e-07, -0.6686775088310242, 0.743552565574646),
            ["RightFoot"] = CFrame.new(-1.3969838619232178e-07, 4.76837158203125e-07, -8.77116690389812e-08, 0.7406977415084839, -0.5144051909446716, 0.4321537911891937, 0.5429314970970154, 0.837181806564331, 0.06595273315906525, -0.3957175314426422, 0.18577979505062103, 0.8993850946426392),
            ["LeftLowerLeg"] = CFrame.new(-1.4901161193847656e-08, 3.5762786865234375e-07, 3.725290298461914e-08, 1, 9.536745437799254e-07, -6.109476089477539e-07, -3.5762786865234375e-07, 0.7668972015380859, 0.6417699456214905, 0.0000011846423149108887, -0.64177006483078, 0.7668973207473755),
        }},
        {Time = 0.233, Data = {
            ["LeftFoot"] = CFrame.new(-1.341104507446289e-07, -1.1920928955078125e-07, -2.086162567138672e-07, 0.48977747559547424, -0.2846434712409973, 0.8240736126899719, 0.39606669545173645, 0.9146823883056641, 0.08054392039775848, -0.7766912579536438, 0.2869395911693573, 0.5607275366783142),
            ["LeftLowerArm"] = CFrame.new(-0.000002086162567138672, -0.0000035762786865234375, -0.0000017434358596801758, 1, -8.102502420115343e-07, 0.0000011343508958816528, 8.717178161532502e-07, 0.9999097585678101, -0.013435840606689453, -0.0000011287628467471222, 0.013435804285109043, 0.9999097585678101),
            ["LowerTorso"] = CFrame.new(0.17758379876613617, 0.04083061218261719, 0.13168440759181976, 0.88175368309021, 0.2322334498167038, 0.41058284044265747, -0.11581133306026459, 0.9503516554832458, -0.28882449865341187, -0.45727279782295227, 0.20712192356586456, 0.8648712038993835),
            ["Head"] = CFrame.new(-8.568167686462402e-08, -9.5367431640625e-07, 8.195638656616211e-08, 0.9970117211341858, -0.07724691927433014, -0.0007759259315207601, 0.065205879509449, 0.8361294865608215, 0.5446431040763855, -0.04142357409000397, -0.5430657863616943, 0.8386676907539368),
            ["RightUpperArm"] = CFrame.new(5.960464477539062e-07, -7.152557373046875e-07, -1.5832483768463135e-07, 0.6997281908988953, -0.28075888752937317, 0.6569382548332214, 0.37990275025367737, -0.6325235962867737, -0.6749681830406189, 0.6050242781639099, 0.7218645811080933, -0.3359319269657135),
            ["UpperTorso"] = CFrame.new(5.21540641784668e-08, -6.854534149169922e-07, -4.470348358154297e-08, 0.9998458027839661, 0.01668945513665676, -0.005479023326188326, -0.014467520639300346, 0.9593082070350647, 0.2819901406764984, 0.009962119162082672, -0.2818676233291626, 0.9594016671180725),
            ["HumanoidRootPart"] = CFrame.new(0, 0, 0, 1, 0, 0, 0, 1, 0, 0, 0, 1),
            ["RightHand"] = CFrame.new(-5.364418029785156e-07, 0.0000013709068298339844, -2.384185791015625e-07, 0.5369764566421509, -0.8169789910316467, 0.21024189889431, 0.8431575894355774, 0.5278069376945496, -0.10249500721693039, -0.027230799198150635, 0.23230446875095367, 0.972261905670166),
            ["LeftUpperArm"] = CFrame.new(1.1920928955078125e-07, 0.0000010728836059570312, -6.332993507385254e-07, 0.4777739644050598, 0.38184013962745667, -0.791157603263855, -0.5223696827888489, -0.6005977988243103, -0.6053233742713928, -0.7063016295433044, 0.7024816870689392, -0.08748315274715424),
            ["RightLowerArm"] = CFrame.new(-0.0000029802322387695312, 2.980232238769531e-07, 0.0000032782554626464844, 1, 0.0000018738219296210445, -0.0000025331983124488033, -0.0000021189896415307885, 0.9931583404541016, -0.11677560955286026, 0.0000022947765501157846, 0.1167754977941513, 0.9931584000587463),
            ["LeftHand"] = CFrame.new(-2.5331974029541016e-07, 0, 5.21540641784668e-08, 0.922832727432251, 0.38080355525016785, -0.05803763493895531, -0.3529048264026642, 0.7754179835319519, -0.523626983165741, -0.15439559519290924, 0.5037018656730652, 0.849968433380127),
            ["RightUpperLeg"] = CFrame.new(5.960464477539063e-08, -1.4528632164001465e-07, -2.4047039914876223e-08, 0.710976779460907, -0.36554259061813354, -0.6007404327392578, 0.2545001208782196, 0.9301230907440186, -0.26476600766181946, 0.655547022819519, 0.03535301238298416, 0.7543274760246277),
            ["LeftUpperLeg"] = CFrame.new(1.1920928955078125e-07, 1.1548399925231934e-07, 8.195638656616211e-08, 0.8097638487815857, 0.41901519894599915, -0.4107414782047272, -0.5835733413696289, 0.5023221373558044, -0.6380555629730225, -0.06103077530860901, 0.7563721537590027, 0.6512883305549622),
            ["RightLowerLeg"] = CFrame.new(-1.4901161193847656e-07, 5.364418029785156e-07, 9.110226528719068e-08, 1, -5.58793601612706e-07, -9.005880770018848e-07, 0.0000010523946230023284, 0.7401775121688843, 0.6724117398262024, 2.56113736440966e-07, -0.6724115610122681, 0.7401772737503052),
            ["RightFoot"] = CFrame.new(-1.7043203115463257e-07, 2.980232238769531e-07, -1.5476689441129565e-07, 0.7826905846595764, -0.4047679305076599, 0.47282156348228455, 0.46606382727622986, 0.8846365809440613, -0.014195381663739681, -0.41252899169921875, 0.23147593438625336, 0.8810438513755798),
            ["LeftLowerLeg"] = CFrame.new(1.1920928955078125e-07, 1.1920928955078125e-07, 4.470348358154297e-08, 1, 8.121132850646973e-07, -8.270145599453826e-07, -1.788139627478813e-07, 0.8647181391716003, 0.5022574067115784, 0.0000010579825584500213, -0.5022574067115784, 0.8647181987762451),
        }},
        {Time = 0.267, Data = {
            ["LeftFoot"] = CFrame.new(-2.2351741790771484e-07, -5.960464477539063e-08, -2.728775143623352e-07, 0.4857063889503479, -0.1899036020040512, 0.8532446026802063, 0.2823057174682617, 0.9578870534896851, 0.052492525428533554, -0.8272803425788879, 0.2153809666633606, 0.5188624262809753),
            ["LeftLowerArm"] = CFrame.new(-0.0000022351741790771484, -0.0000029206275939941406, -0.000001564621925354004, 1, -8.456407840640168e-07, 0.0000011548398788363556, 9.08970832824707e-07, 0.9999097585678101, -0.01343587227165699, -0.000001125037670135498, 0.013435853645205498, 0.9999097585678101),
            ["LowerTorso"] = CFrame.new(0.2048831284046173, -0.03126347064971924, 0.13603462278842926, 0.8891978859901428, 0.23726361989974976, 0.39119458198547363, -0.11300072818994522, 0.9424280524253845, -0.31473830342292786, -0.44334864616394043, 0.23565934598445892, 0.8648160696029663),
            ["Head"] = CFrame.new(1.0058283805847168e-07, -0.000001430511474609375, 1.043081283569336e-07, 0.9990676045417786, -0.033589404076337814, -0.0271226167678833, 0.042090144008398056, 0.8976109027862549, 0.43877464532852173, 0.009607325308024883, -0.43950697779655457, 0.8981877565383911),
            ["RightUpperArm"] = CFrame.new(5.960464477539062e-07, -9.5367431640625e-07, -1.0244548320770264e-07, 0.5659276843070984, -0.09739658981561661, 0.8186880350112915, 0.5118544697761536, -0.7369437217712402, -0.44149094820022583, 0.6463209986686707, 0.6689005494117737, -0.36719992756843567),
            ["UpperTorso"] = CFrame.new(3.725290298461914e-08, -2.980232238769531e-07, -9.685754776000977e-08, 0.9997565150260925, -0.022066336125135422, 0.00012150514521636069, 0.020861009135842323, 0.9469141960144043, 0.320809006690979, -0.007194253616034985, -0.32072824239730835, 0.9471439719200134),
            ["HumanoidRootPart"] = CFrame.new(0, 0, 0, 1, 0, 0, 0, 1, 0, 0, 0, 1),
            ["RightHand"] = CFrame.new(-0.000001341104507446289, 9.5367431640625e-07, 5.960464477539063e-08, 0.6011348962783813, -0.7978565096855164, 0.04540787264704704, 0.7875028252601624, 0.5817540287971497, -0.2034740000963211, 0.13592685759067535, 0.15807414054870605, 0.978026807308197),
            ["LeftUpperArm"] = CFrame.new(4.172325134277344e-07, 4.76837158203125e-07, -5.289912223815918e-07, 0.5259276032447815, 0.1469978243112564, -0.8377310037612915, -0.48491546511650085, -0.7573671340942383, -0.437328040599823, -0.698754072189331, 0.6362285017967224, -0.327033668756485),
            ["RightLowerArm"] = CFrame.new(-0.0000033974647521972656, -4.76837158203125e-07, 0.0000026226043701171875, 1, 0.0000021010641830798704, -0.0000022798787995270686, -0.0000021457656202983344, 0.9998961687088013, -0.014414518140256405, 0.0000022649749098491156, 0.014414515346288681, 0.9998961091041565),
            ["LeftHand"] = CFrame.new(-2.682209014892578e-07, -3.5762786865234375e-07, 2.123415470123291e-07, 0.8672224283218384, 0.4848334789276123, 0.11341062188148499, -0.4081488251686096, 0.8226444721221924, -0.3958166539669037, -0.28520169854164124, 0.2969726026058197, 0.9112998247146606),
