return {
    ["Controller Crew"] = {
        {Time = 0.000, Data = {
            ["LeftLowerArm"] = CFrame.new(8.940696716308594e-08, -2.384185791015625e-07, -1.043081283569336e-07, 1, -8.009374852235851e-08, 6.332992796842518e-08, 1.0151413931680509e-07, 0.22753143310546875, -0.973770797252655, 1.1641529340522538e-07, 0.973770797252655, 0.22753149271011353),
            ["LeftFoot"] = CFrame.new(1.1175870895385742e-07, 1.1920928955078125e-07, -2.9802322387695312e-08, 0.9948249459266663, 0.10159413516521454, -0.001466674730181694, -0.09970199316740036, 0.9733117818832397, -0.20669767260551453, -0.019571496173739433, 0.20577403903007507, 0.9784038066864014),
            ["RightHand"] = CFrame.new(-1.341104507446289e-07, 5.960464477539063e-08, -1.4901161193847656e-07, 0.7648557424545288, -0.3634091913700104, 0.531911313533783, 0.3895123302936554, 0.918546736240387, 0.06746923178434372, -0.5131042003631592, 0.1555817723274231, 0.8441080451011658),
            ["HumanoidRootPart"] = CFrame.new(0, 0, 0, 1, 0, 0, 0, 1, 0, 0, 0, 1),
            ["RightLowerLeg"] = CFrame.new(2.9802322387695312e-08, -4.172325134277344e-07, -0.0000024048422346822917, 1, -8.940695295223122e-08, -5.960467319710006e-08, 7.450581307466564e-08, 0.09108491986989975, 0.9958431720733643, -1.6763807764164085e-07, -0.9958431720733643, 0.09108509123325348),
            ["RightFoot"] = CFrame.new(0, 3.5762786865234375e-07, 4.0810846257954836e-08, 0.9892235398292542, 0.14640596508979797, 0.0014826658880338073, -0.12202338874340057, 0.8299884796142578, -0.5442697405815125, -0.08091466873884201, 0.5382235050201416, 0.8389089703559875),
            ["LeftLowerLeg"] = CFrame.new(1.30385160446167e-08, 5.364418029785156e-07, 0.0000025723129510879517, 1, 0.0000011026862694052397, 9.424982181371888e-07, -0.0000010505316367925843, 0.15920326113700867, 0.9872457981109619, 9.685752502264222e-07, -0.9872459173202515, 0.15920329093933105),
            ["RightUpperArm"] = CFrame.new(0, -3.5762786865234375e-07, 8.568167686462402e-08, 0.7211282253265381, -0.21932432055473328, 0.657168984413147, 0.18014559149742126, 0.9752998352050781, 0.12781938910484314, -0.6689707040786743, 0.02621188573539257, 0.742826521396637),
            ["Head"] = CFrame.new(3.725290298461914e-08, -0.0000013113021850585938, 0, 0.9998893737792969, 0.003840748220682144, -0.014371450990438461, -0.002721355762332678, 0.9970186352729797, 0.07711392641067505, 0.014624771662056446, -0.07706617563962936, 0.996918797492981),
            ["Controller"] = CFrame.new(-0.5078867077827454, -1.0666470527648926, -1.1334500312805176, 0.7529662847518921, 0.38983553647994995, -0.5301604270935059, -0.20260487496852875, 0.9038416147232056, 0.37685754895210266, 0.6260934472084045, -0.17634791135787964, 0.7595449686050415),
            ["UpperTorso"] = CFrame.new(7.078051567077637e-08, 0, -3.3527612686157227e-08, 0.9973224401473999, 0.06751984357833862, -0.028092585504055023, -0.051846787333488464, 0.9237265586853027, 0.3795278072357178, 0.05157553032040596, -0.3770550489425659, 0.924753725528717),
            ["LeftUpperArm"] = CFrame.new(0, -2.384185791015625e-07, 1.4901161193847656e-08, 0.6454524993896484, 0.4177513122558594, -0.6394335031509399, -0.35694947838783264, 0.9051083326339722, 0.23101110756397247, 0.6752616167068481, 0.07913870364427567, 0.7333203554153442),
            ["RightLowerArm"] = CFrame.new(5.960464477539063e-08, 2.980232238769531e-07, 2.1606683731079102e-07, 1, -6.70552182668871e-08, 5.960463766996327e-08, 8.940696716308594e-08, 0.18679335713386536, -0.9823992848396301, 1.341104507446289e-07, 0.9823992252349854, 0.18679335713386536),
            ["LeftHand"] = CFrame.new(-3.166496753692627e-08, 0, 0, 0.7957478165626526, 0.4406041204929352, -0.41551607847213745, -0.3239078223705292, 0.8893424272537231, 0.3227287232875824, 0.5117316842079163, -0.12222179025411606, 0.8504073619842529),
            ["LowerTorso"] = CFrame.new(-0.5381860733032227, -0.34583914279937744, 0.6361934542655945, 0.997032880783081, -0.028632907196879387, -0.07145379483699799, 0.035028379410505295, 0.9953327775001526, 0.08992068469524384, 0.06854560971260071, -0.0921567901968956, 0.9933823943138123),
            ["RightUpperLeg"] = CFrame.new(1.1920928955078125e-07, -2.293381839990616e-08, -3.80168785341084e-08, 0.9307529330253601, -0.23456555604934692, -0.2804960012435913, 0.016385981813073158, 0.7931054830551147, -0.6088640093803406, 0.36528149247169495, 0.5621057152748108, 0.7420287132263184),
            ["LeftUpperLeg"] = CFrame.new(1.4901161193847656e-07, -1.7881393432617188e-07, 1.1175870895385742e-07, 0.7441685795783997, 0.5418481826782227, 0.3906579315662384, 0.1289953589439392, 0.45724794268608093, -0.8799343705177307, -0.6554185152053833, 0.7052126526832581, 0.270373672246933),
        }},
        {Time = 0.033, Data = {
            ["LeftLowerArm"] = CFrame.new(2.682209014892578e-07, -3.5762786865234375e-07, -2.086162567138672e-07, 1, -1.266598985694145e-07, 3.725289943190546e-08, 7.450579886381092e-08, 0.4732166528701782, -0.8809460401535034, 1.1548398504146462e-07, 0.880946159362793, 0.4732166528701782),
            ["LeftFoot"] = CFrame.new(8.195638656616211e-08, 0, 0, 0.993934154510498, 0.10996780544519424, -0.0014686130452901125, -0.09703193604946136, 0.8705730438232422, -0.48237720131874084, -0.05176756903529167, 0.4795933663845062, 0.8759624361991882),
            ["RightHand"] = CFrame.new(-1.4901161193847656e-07, 3.5762786865234375e-07, -2.1606683731079102e-07, 0.7246121764183044, -0.3848893642425537, 0.5716620087623596, 0.490908682346344, 0.8704590797424316, -0.03618912398815155, -0.48367956280708313, 0.3068569302558899, 0.8196907639503479),
            ["HumanoidRootPart"] = CFrame.new(0, 0, 0, 1, 0, 0, 0, 1, 0, 0, 0, 1),
            ["RightLowerLeg"] = CFrame.new(5.960464477539063e-08, -2.980232238769531e-07, -0.000002352688170503825, 1, -1.2293453721667902e-07, -5.2154071283894154e-08, 1.043081283569336e-07, 0.021423719823360443, 0.9997705221176147, -1.341104507446289e-07, -0.9997705221176147, 0.021423855796456337),
            ["RightFoot"] = CFrame.new(1.1175870895385742e-08, 4.172325134277344e-07, 3.5222910810261965e-08, 0.9946902990341187, 0.10290292650461197, 0.0015045270556584, -0.06374213099479675, 0.6274951696395874, -0.7760070562362671, -0.08079731464385986, 0.7717907428741455, 0.6307224631309509),
            ["LeftLowerLeg"] = CFrame.new(4.586763679981232e-08, 5.960464477539062e-07, 0.0000023834872990846634, 1, 0.000001057982672136859, 0.0000010766087825686554, -9.834764114202699e-07, 0.01434958353638649, 0.9998970627784729, 9.983775726141175e-07, -0.9998971223831177, 0.014349592849612236),
            ["RightUpperArm"] = CFrame.new(1.1920928955078125e-07, -1.1920928955078125e-07, 0, 0.6431846022605896, -0.10888715833425522, 0.7579295635223389, 0.10986360907554626, 0.9927190542221069, 0.04938681423664093, -0.7577885389328003, 0.0515039823949337, 0.6504642963409424),
            ["Head"] = CFrame.new(3.725290298461914e-08, -0.000001430511474609375, -4.842877388000488e-08, 0.9991332292556763, 0.0016367242205888033, -0.041595425456762314, 0.0005965976743027568, 0.9985610842704773, 0.05362250655889511, 0.04162334278225899, -0.053600750863552094, 0.9976946711540222),
            ["Controller"] = CFrame.new(-0.5149033069610596, -1.0663349628448486, -1.196427822113037, 0.7376357316970825, 0.38835540413856506, -0.5523348450660706, -0.18236394226551056, 0.9022208452224731, 0.39082109928131104, 0.650105357170105, -0.18755771219730377, 0.7363322377204895),
            ["UpperTorso"] = CFrame.new(-3.3527612686157227e-08, -2.384185791015625e-07, -3.725290298461914e-09, 0.9978213310241699, 0.06021910160779953, -0.026952184736728668, -0.04567680507898331, 0.9253267645835876, 0.3764094114303589, 0.04760660603642464, -0.37435823678970337, 0.9260613322257996),
            ["LeftUpperArm"] = CFrame.new(-1.1920928955078125e-07, -2.384185791015625e-07, 9.685754776000977e-08, 0.6685797572135925, 0.2407277524471283, -0.7035989165306091, -0.23529945313930511, 0.9660235047340393, 0.10692477971315384, 0.7054327130317688, 0.09406866133213043, 0.7025067806243896),
            ["RightLowerArm"] = CFrame.new(5.960464477539063e-08, 0, 3.3527612686157227e-08, 1, -7.450581307466564e-08, 2.9802318834981634e-08, 7.823110337312755e-08, 0.5243450403213501, -0.8515059351921082, 3.725290653733282e-08, 0.8515059947967529, 0.5243449807167053),
            ["LeftHand"] = CFrame.new(1.1920928955078125e-07, -4.172325134277344e-07, 1.1920928955078125e-07, 0.783542275428772, 0.42384400963783264, -0.4543324112892151, -0.3289579749107361, 0.9033050537109375, 0.2753666043281555, 0.5271131992340088, -0.06630510836839676, 0.8472044467926025),
            ["LowerTorso"] = CFrame.new(-0.5571108460426331, -0.5053558349609375, 0.6237078905105591, 0.9976765513420105, -0.018108706921339035, -0.06567926704883575, 0.02359262853860855, 0.9962112307548523, 0.08370541036128998, 0.06391463428735733, -0.08506046235561371, 0.99432373046875),
            ["RightUpperLeg"] = CFrame.new(5.960464477539063e-08, -2.1152663975954056e-07, 7.071503205224872e-08, 0.9004468321800232, -0.2794904112815857, -0.33328771591186523, 0.03271206468343735, 0.8075816035270691, -0.5888480544090271, 0.4337344169616699, 0.5193237662315369, 0.7363269329071045),
            ["LeftUpperLeg"] = CFrame.new(1.1920928955078125e-07, -3.948807716369629e-07, 1.043081283569336e-07, 0.7583207488059998, 0.534340500831604, 0.3734032213687897, 0.1413588523864746, 0.4243888854980469, -0.8943778872489929, -0.6363705992698669, 0.7310090661048889, 0.2462891787290573),
        }},
        {Time = 0.067, Data = {
            ["LeftLowerArm"] = CFrame.new(5.960464477539063e-08, -2.384185791015625e-07, -1.341104507446289e-07, 1, -8.195638656616211e-08, -7.450578820566989e-09, 5.215404996761208e-08, 0.7450621128082275, -0.6669950485229492, 2.2351736461700966e-08, 0.666995108127594, 0.7450621128082275),
            ["LeftFoot"] = CFrame.new(-7.82310962677002e-08, 5.960464477539063e-08, -4.470348358154297e-08, 0.9925647974014282, 0.12170837819576263, -0.0014789386186748743, -0.10300072282552719, 0.8334023952484131, -0.542984127998352, -0.06485355645418167, 0.539098858833313, 0.8397417068481445),
            ["RightHand"] = CFrame.new(-8.195638656616211e-08, 4.172325134277344e-07, -2.60770320892334e-07, 0.7757416367530823, -0.3999376595020294, 0.4881340265274048, 0.39101025462150574, 0.911770761013031, 0.12563881278038025, -0.49531400203704834, 0.09340214729309082, 0.8636782169342041),
            ["HumanoidRootPart"] = CFrame.new(0, 0, 0, 1, 0, 0, 0, 1, 0, 0, 0, 1),
            ["RightLowerLeg"] = CFrame.new(6.705522537231445e-08, -1.7881393432617188e-07, -0.0000023750399122945964, 1, -1.0430809993522416e-07, -1.4901164746561335e-08, 9.685756197086448e-08, -0.06484067440032959, 0.9978957176208496, -7.450581307466564e-08, -0.9978956580162048, -0.06484051793813705),
            ["RightFoot"] = CFrame.new(-2.60770320892334e-08, 3.5762786865234375e-07, 2.4047039914876223e-08, 0.9947497844696045, 0.10232646763324738, 0.0015048447530716658, -0.048839665949344635, 0.4876043200492859, -0.8716977834701538, -0.08993130177259445, 0.8670475482940674, 0.490041583776474),
            ["LeftLowerLeg"] = CFrame.new(-1.3224780559539795e-07, 5.364418029785156e-07, 0.000002389773726463318, 1, 9.83476752480783e-07, 0.0000011287627330602845, -9.313223472418031e-07, -0.11774580180644989, 0.993043839931488, 0.000001110136281567975, -0.9930437803268433, -0.11774574220180511),
            ["RightUpperArm"] = CFrame.new(1.1920928955078125e-07, 7.152557373046875e-07, -2.2351741790771484e-08, 0.5550615191459656, 0.003134713042527437, 0.8318035006523132, 0.12672008574008942, 0.9880021214485168, -0.08828350901603699, -0.8221002817153931, 0.15440893173217773, 0.548004686832428),
            ["Head"] = CFrame.new(2.60770320892334e-08, -7.152557373046875e-07, -1.862645149230957e-08, 0.9975627064704895, -0.009040378965437412, -0.06918759644031525, 0.007291032467037439, 0.99964839220047, -0.025494813919067383, 0.06939375400543213, 0.024928303435444832, 0.9972779154777527),
            ["Controller"] = CFrame.new(-0.5184527039527893, -1.066453456878662, -1.2212533950805664, 0.7347548007965088, 0.37269750237464905, -0.5667732954025269, -0.16268453001976013, 0.9079721570014954, 0.3861609399318695, 0.6585355997085571, -0.19152837991714478, 0.7277690172195435),
            ["UpperTorso"] = CFrame.new(3.91155481338501e-08, -2.980232238769531e-07, -3.725290298461914e-09, 0.9980420470237732, 0.059421416372060776, -0.01952715590596199, -0.044967710971832275, 0.898664116859436, 0.4363265335559845, 0.04347549378871918, -0.43459412455558777, 0.8995764851570129),
            ["LeftUpperArm"] = CFrame.new(5.960464477539063e-08, 0, -1.1175870895385742e-07, 0.6801056265830994, 0.03443409129977226, -0.7323049902915955, -0.13149884343147278, 0.9884257316589355, -0.0756482407450676, 0.7212242484092712, 0.14774605631828308, 0.6767619252204895),
            ["RightLowerArm"] = CFrame.new(0, -2.384185791015625e-07, 5.960464477539063e-08, 1, -5.960464477539063e-08, 5.215405707303944e-08, 4.842877388000488e-08, 0.8210981488227844, -0.5707870125770569, -2.2351741790771484e-08, 0.5707870125770569, 0.8210982084274292),
            ["LeftHand"] = CFrame.new(1.7881393432617188e-07, -3.5762786865234375e-07, 1.564621925354004e-07, 0.7488317489624023, 0.5012879967689514, -0.4335450530052185, -0.388079434633255, 0.86192786693573, 0.32630476355552673, 0.5372572541236877, -0.07609741389751434, 0.8399784564971924),
            ["LowerTorso"] = CFrame.new(-0.5679001212120056, -0.6011840105056763, 0.6135839223861694, 0.9982056617736816, -0.006838596425950527, -0.05948706716299057, 0.0104631083086133, 0.9980931282043457, 0.06083304062485695, 0.05895761400461197, -0.06134629622101784, 0.9963738322257996),
            ["RightUpperLeg"] = CFrame.new(1.1920928955078125e-07, -3.5902485251426697e-07, 1.739681465551257e-08, 0.891575813293457, -0.31584781408309937, -0.32454997301101685, 0.07132896780967712, 0.8056427240371704, -0.5880920886993408, 0.4472188949584961, 0.5011787414550781, 0.7408205270767212),
            ["LeftUpperLeg"] = CFrame.new(1.7881393432617188e-07, -2.9383227229118347e-07, 2.0116567611694336e-07, 0.7606348395347595, 0.5472925901412964, 0.3491499423980713, 0.14797386527061462, 0.37750664353370667, -0.9141075611114502, -0.6320905685424805, 0.7469669580459595, 0.20615965127944946),
        }},
        {Time = 0.100, Data = {
            ["LeftLowerArm"] = CFrame.new(2.682209014892578e-07, -1.1920928955078125e-07, 5.960464477539063e-08, 1, 0, 7.450580596923828e-09, 5.21540641784668e-08, 0.9362003803253174, -0.35146671533584595, -1.1175870895385742e-08, 0.35146668553352356, 0.9362004399299622),
            ["LeftFoot"] = CFrame.new(6.705522537231445e-08, -5.960464477539063e-08, -2.9802322387695312e-08, 0.9918212890625, 0.12762616574764252, -0.0014917032094672322, -0.10624779015779495, 0.8190965056419373, -0.5637311935424805, -0.07072542607784271, 0.5592786073684692, 0.8259570002555847),
            ["RightHand"] = CFrame.new(-1.1175870895385742e-07, 1.1920928955078125e-07, -2.2712629288434982e-07, 0.8696479797363281, -0.3840659260749817, 0.31017056107521057, 0.2907000780105591, 0.9062091708183289, 0.30704814195632935, -0.39900609850883484, -0.17685715854167938, 0.899730920791626),
            ["HumanoidRootPart"] = CFrame.new(0, 0, 0, 1, 0, 0, 0, 1, 0, 0, 0, 1),
            ["RightLowerLeg"] = CFrame.new(8.195638656616211e-08, -4.76837158203125e-07, -0.0000024048422346822917, 1, -8.568165554834195e-08, -9.685756197086448e-08, 7.450580596923828e-08, -0.13192151486873627, 0.9912601709365845, -1.4901161193847656e-07, -0.9912601709365845, -0.13192136585712433),
            ["RightFoot"] = CFrame.new(4.470348358154297e-08, 4.172325134277344e-07, 3.894820110872388e-08, 0.9933003187179565, 0.11555195599794388, 0.001495754113420844, -0.04969038441777229, 0.43875762820243835, -0.8972306251525879, -0.10433286428451538, 0.8911450505256653, 0.44155964255332947),
            ["LeftLowerLeg"] = CFrame.new(7.078051567077637e-08, 4.76837158203125e-07, 0.0000025350600481033325, 1, 9.685754776000977e-07, 0.0000011026855872842134, -9.573994930178742e-07, -0.17637154459953308, 0.9843236804008484, 0.0000011324881370455842, -0.9843236804008484, -0.17637154459953308),
            ["RightUpperArm"] = CFrame.new(-5.960464477539063e-08, 1.1920928955078125e-07, 1.0058283805847168e-07, 0.46207401156425476, 0.11725649982690811, 0.8790555000305176, 0.2159193456172943, 0.94651859998703, -0.23975296318531036, -0.860154926776886, 0.3005887269973755, 0.41204363107681274),
            ["Head"] = CFrame.new(4.842877388000488e-08, -9.5367431640625e-07, 2.1420419216156006e-07, 0.9954721331596375, -0.020527230575680733, -0.09281118959188461, 0.009168586693704128, 0.9925867319107056, -0.12119215726852417, 0.09461084753274918, 0.11979246884584427, 0.988280713558197),
            ["Controller"] = CFrame.new(-0.5210664868354797, -1.0667245388031006, -1.2258973121643066, 0.7406060695648193, 0.34530654549598694, -0.576425313949585, -0.14201317727565765, 0.9189125895500183, 0.3680107593536377, 0.6567609906196594, -0.1906910389661789, 0.7295902967453003),
            ["UpperTorso"] = CFrame.new(-5.681067705154419e-08, 2.9802322387695312e-08, 1.5087425708770752e-07, 0.9981852769851685, 0.059295669198036194, -0.010500980541110039, -0.04590138792991638, 0.8620826601982117, 0.5046846270561218, 0.03897832706570625, -0.5032867789268494, 0.8632399439811707),
            ["LeftUpperArm"] = CFrame.new(0, -2.384185791015625e-07, -8.940696716308594e-08, 0.6848832368850708, -0.18126197159290314, -0.7057471871376038, -0.07053147256374359, 0.9475244283676147, -0.31180569529533386, 0.7252312302589417, 0.2633278965950012, 0.63615882396698),
            ["RightLowerArm"] = CFrame.new(0, -1.1920928955078125e-07, -7.82310962677002e-08, 1, 7.450580596923828e-09, -3.7252898543727042e-09, 3.725290298461914e-08, 0.9846510291099548, -0.17453475296497345, 9.313225746154785e-09, 0.17453470826148987, 0.9846510887145996),
            ["LeftHand"] = CFrame.new(5.960464477539063e-08, -5.960464477539063e-08, 1.1920928955078125e-07, 0.7730805277824402, 0.5029790997505188, -0.3864692747592926, -0.43976572155952454, 0.8640817403793335, 0.24488565325737, 0.4571133553981781, -0.019360439851880074, 0.8891976475715637),
            ["LowerTorso"] = CFrame.new(-0.5739081501960754, -0.6467360258102417, 0.605463445186615, 0.9986156821250916, 0.005406338255852461, -0.05232126638293266, -0.0029860790818929672, 0.99892657995224, 0.04622574523091316, 0.05251501500606537, -0.04600552096962929, 0.9975598454475403),
            ["RightUpperLeg"] = CFrame.new(5.960464477539063e-08, -3.2680691219866276e-07, 2.0016886992380023e-07, 0.8854265809059143, -0.3468955159187317, -0.30932721495628357, 0.10385619103908539, 0.7963767051696777, -0.5958172082901001, 0.4530273973941803, 0.49542683362960815, 0.7411602139472961),
            ["LeftUpperLeg"] = CFrame.new(1.1920928955078125e-07, -4.363246262073517e-07, 2.123415470123291e-07, 0.7627595663070679, 0.5469709038734436, 0.3449940085411072, 0.15458935499191284, 0.3637928366661072, -0.9185625910758972, -0.6279332041740417, 0.7539746761322021, 0.19293056428432465),
        }},
        {Time = 0.133, Data = {
            ["LeftLowerArm"] = CFrame.new(2.086162567138672e-07, -3.5762786865234375e-07, -1.434236764907837e-07, 1, -3.725290298461914e-09, -1.1175868230850483e-08, 0, 0.997433602809906, -0.07159757614135742, 2.048909131247001e-08, 0.07159758359193802, 0.997433602809906),
            ["LeftFoot"] = CFrame.new(4.470348358154297e-08, 0, -4.470348358154297e-08, 0.991493821144104, 0.1301451176404953, -0.001494858181104064, -0.10777550935745239, 0.8145273327827454, -0.5700264573097229, -0.07296887040138245, 0.5653383731842041, 0.8216249346733093),
            ["RightHand"] = CFrame.new(-1.4156103134155273e-07, 5.960464477539063e-08, -2.277083694934845e-07, 0.8431635499000549, -0.38989219069480896, 0.37021535634994507, 0.3383762538433075, 0.9199111461639404, 0.19815406203269958, -0.41782402992248535, -0.04180419445037842, 0.9075657725334167),
            ["HumanoidRootPart"] = CFrame.new(0, 0, 0, 1, 0, 0, 0, 1, 0, 0, 0, 1),
            ["RightLowerLeg"] = CFrame.new(5.960464477539063e-08, -2.384185791015625e-07, -0.000002486798621248454, 1, -8.195638656616211e-08, -1.2665991278026922e-07, 9.685754776000977e-08, -0.14914874732494354, 0.9888148307800293, -1.7136335372924805e-07, -0.9888148307800293, -0.14914867281913757),
            ["RightFoot"] = CFrame.new(1.4901161193847656e-08, 4.172325134277344e-07, -3.183231456205249e-08, 0.9920103549957275, 0.1261480152606964, 0.0014886619755998254, -0.052211567759513855, 0.4212689995765686, -0.9054316878318787, -0.1148453801870346, 0.8981198072433472, 0.42448940873146057),
            ["LeftLowerLeg"] = CFrame.new(2.9802322387695312e-08, 4.76837158203125e-07, 0.0000024531036615371704, 1, 9.462239631830016e-07, 0.0000011473892982394318, -9.76025830823346e-07, -0.18640221655368805, 0.9824735522270203, 0.000001147389184552594, -0.9824735522270203, -0.18640214204788208),
            ["RightUpperArm"] = CFrame.new(0, -1.1920928955078125e-07, 2.7008354663848877e-07, 0.4517362415790558, 0.20017772912979126, 0.8694040179252625, 0.28102245926856995, 0.8929666876792908, -0.3516204059123993, -0.8467352986335754, 0.40316182374954224, 0.34713101387023926),
            ["Head"] = CFrame.new(6.891787052154541e-08, -0.0000011920928955078125, 2.086162567138672e-07, 0.9937494993209839, -0.022209281101822853, -0.10940239578485489, 0.002199015812948346, 0.9837145805358887, -0.1797245889902115, 0.11161232739686966, 0.1783606857061386, 0.9776145815849304),
            ["Controller"] = CFrame.new(-0.5212387442588806, -1.0672225952148438, -1.1967666149139404, 0.7524353861808777, 0.3083980977535248, -0.5820065140724182, -0.11927790939807892, 0.9328033328056335, 0.3400748372077942, 0.6477760076522827, -0.1864638328552246, 0.7386592626571655),
            ["UpperTorso"] = CFrame.new(-1.862645149230957e-08, 8.940696716308594e-08, 7.450580596923828e-08, 0.9984689354896545, 0.05515069514513016, -0.0042907074093818665, -0.04401133954524994, 0.8389931917190552, 0.5423592329025269, 0.033511366695165634, -0.5413399338722229, 0.8401357531547546),
            ["LeftUpperArm"] = CFrame.new(5.960464477539063e-08, 1.1920928955078125e-07, 2.8312206268310547e-07, 0.8111562728881836, -0.43491703271865845, -0.3909894526004791, 0.1676539182662964, 0.8134211301803589, -0.5569903254508972, 0.5602836608886719, 0.3862554132938385, 0.7327272295951843),
            ["RightLowerArm"] = CFrame.new(-8.940696716308594e-08, 5.960464477539063e-08, 1.3969838619232178e-08, 1, -2.9802322387695312e-08, -1.1175869119028903e-08, 0, 1, 2.2351738238057806e-08, 0, -2.9802322387695312e-08, 1),
            ["LeftHand"] = CFrame.new(-1.043081283569336e-07, -1.1920928955078125e-07, 1.341104507446289e-07, 0.7319630980491638, 0.47002455592155457, -0.4932616949081421, -0.4621322751045227, 0.8744593262672424, 0.14749476313591003, 0.5006633400917053, 0.11999139934778214, 0.8572854399681091),
            ["LowerTorso"] = CFrame.new(-0.5783968567848206, -0.65802001953125, 0.5979487299919128, 0.9989804625511169, 0.014847579412162304, -0.04263332113623619, -0.013181163929402828, 0.9991481304168701, 0.03910570964217186, 0.04317762702703476, -0.03850388154387474, 0.9983251690864563),
            ["RightUpperLeg"] = CFrame.new(1.1920928955078125e-07, -3.604218363761902e-07, 5.767651600763202e-08, 0.8784987926483154, -0.36681443452835083, -0.3060835301876068, 0.12629811465740204, 0.7962080240249634, -0.5916941165924072, 0.4607481062412262, 0.48114460706710815, 0.7457956075668335),
            ["LeftUpperLeg"] = CFrame.new(2.086162567138672e-07, -3.855675458908081e-07, 1.7136335372924805e-07, 0.7671343684196472, 0.5360097289085388, 0.3524181842803955, 0.1601816862821579, 0.37191471457481384, -0.9143420457839966, -0.6211656928062439, 0.7578740119934082, 0.1994495987892151),
        }},
        {Time = 0.167, Data = {
            ["LeftLowerArm"] = CFrame.new(1.4901161193847656e-07, -4.76837158203125e-07, 7.450580596923828e-09, 1, -1.5599654901166105e-08, -2.6077035641947077e-08, 3.7252898543727042e-09, 0.9849940538406372, -0.17258861660957336, -5.587934559514451e-09, 0.17258858680725098, 0.9849940538406372),
            ["LeftFoot"] = CFrame.new(4.842877388000488e-08, 1.1920928955078125e-07, 0, 0.9915944337844849, 0.12937679886817932, -0.0014867521822452545, -0.10776875913143158, 0.8195147514343262, -0.562833845615387, -0.0715993344783783, 0.558262825012207, 0.8265687227249146),
            ["RightHand"] = CFrame.new(-1.9371509552001953e-07, 2.384185791015625e-07, -3.0547380447387695e-07, 0.7372093796730042, -0.46636179089546204, 0.4889061450958252, 0.4242481291294098, 0.882669985294342, 0.2022554725408554, -0.5258669257164001, 0.05831281840801239, 0.8485656380653381),
            ["HumanoidRootPart"] = CFrame.new(0, 0, 0, 1, 0, 0, 0, 1, 0, 0, 0, 1),
            ["RightLowerLeg"] = CFrame.new(8.195638656616211e-08, 0, -0.0000024048422346822917, 1, -8.940695295223122e-08, -1.192093321833454e-07, 5.960464477539063e-08, -0.13085129857063293, 0.9914020895957947, -1.043081283569336e-07, -0.9914020299911499, -0.1308511644601822),
            ["RightFoot"] = CFrame.new(-3.3527612686157227e-08, 4.172325134277344e-07, 7.992639439180493e-08, 0.990776777267456, 0.1354958713054657, 0.0014884761767461896, -0.059173520654439926, 0.44251903891563416, -0.894804835319519, -0.12190078943967819, 0.8864637017250061, 0.44645509123802185),
            ["LeftLowerLeg"] = CFrame.new(-1.5832483768463135e-07, 5.960464477539062e-07, 0.000002469867467880249, 1, 9.983781410483061e-07, 0.0000011324881370455842, -9.983776863009552e-07, -0.1570456475019455, 0.9875913262367249, 0.0000011324881370455842, -0.9875914454460144, -0.1570456176996231),
            ["RightUpperArm"] = CFrame.new(0, 7.152557373046875e-07, 2.505257725715637e-07, 0.4308938682079315, 0.12456454336643219, 0.893764078617096, 0.3082868754863739, 0.910518229007721, -0.27552828192710876, -0.8481094241142273, 0.3942592442035675, 0.3539351224899292),
            ["Head"] = CFrame.new(9.313225746154785e-09, -8.344650268554688e-07, 9.685754776000977e-08, 0.9930315613746643, -0.010509488172829151, -0.11737890541553497, -0.011850709095597267, 0.9820618629455566, -0.18818621337413788, 0.11725106835365295, 0.18826591968536377, 0.9750940203666687),
            ["Controller"] = CFrame.new(-0.5126860737800598, -1.069482684135437, -1.1248633861541748, 0.7738989591598511, 0.26248684525489807, -0.5763515830039978, -0.09793836623430252, 0.9487190842628479, 0.3005663752555847, 0.6256904602050781, -0.17616108059883118, 0.7599202394485474),
            ["UpperTorso"] = CFrame.new(2.7939677238464355e-08, -2.682209014892578e-07, 1.0803341865539551e-07, 0.9988714456558228, 0.047295477241277695, -0.00435759499669075, -0.037224192172288895, 0.836533784866333, 0.5466495752334595, 0.029499312862753868, -0.5458703637123108, 0.8373501300811768),
            ["LeftUpperArm"] = CFrame.new(5.960464477539063e-08, 0, 1.341104507446289e-07, 0.8601145148277283, -0.44119465351104736, -0.2560277283191681, 0.2593139410018921, 0.8104040026664734, -0.5253585577011108, 0.43927133083343506, 0.3854770064353943, 0.8114482760429382),
            ["RightLowerArm"] = CFrame.new(0, 5.960464477539063e-08, -8.940696716308594e-08, 1, 2.9802318834981634e-08, 3.911554458113642e-08, -1.4901161193847656e-08, 1, 0, -2.60770320892334e-08, -1.4901159417490817e-08, 1),
            ["LeftHand"] = CFrame.new(1.862645149230957e-07, -2.384185791015625e-07, 8.195638656616211e-08, 0.6521270275115967, 0.5201388597488403, -0.5515307784080505, -0.45361244678497314, 0.8506209850311279, 0.26585653424263, 0.6074258685112, 0.07680892944335938, 0.7906542420387268),
            ["LowerTorso"] = CFrame.new(-0.5797518491744995, -0.6393928527832031, 0.5911931991577148, 0.9994650483131409, 0.017559785395860672, -0.027591072022914886, -0.01652347482740879, 0.9991656541824341, 0.03734898194670677, 0.02822389267385006, -0.03687310218811035, 0.9989213347434998),
            ["RightUpperLeg"] = CFrame.new(5.960464477539063e-08, -3.685709089040756e-07, 1.0354415280744433e-07, 0.8716328144073486, -0.37442728877067566, -0.316323459148407, 0.1352333277463913, 0.8040007948875427, -0.5790466070175171, 0.4711351692676544, 0.46193844079971313, 0.7514283657073975),
            ["LeftUpperLeg"] = CFrame.new(1.7881393432617188e-07, -6.835907697677612e-07, 1.7881393432617188e-07, 0.7761034965515137, 0.5161532759666443, 0.362283319234848, 0.16061605513095856, 0.39375612139701843, -0.9050738215446472, -0.609808087348938, 0.7606194615364075, 0.22269295156002045),
        }},
        {Time = 0.200, Data = {
            ["LeftLowerArm"] = CFrame.new(4.76837158203125e-07, -5.960464477539063e-08, 4.470348358154297e-08, 1, 1.1641533959050321e-08, 1.862645326866641e-08, -4.470347647611561e-08, 0.9409390687942505, -0.3385761082172394, -7.4505797087454084e-09, 0.3385760486125946, 0.9409391283988953),
            ["LeftFoot"] = CFrame.new(9.313225746154785e-09, -1.1920928955078125e-07, -1.4901161193847656e-08, 0.9926043152809143, 0.12138619273900986, -0.0014761211350560188, -0.10336560010910034, 0.8387432098388672, -0.5346267819404602, -0.06365819275379181, 0.5308250784873962, 0.8450869917869568),
            ["RightHand"] = CFrame.new(-1.341104507446289e-07, 1.1920928955078125e-07, -1.6391277313232422e-07, 0.5887432098388672, -0.5380575656890869, 0.6032208204269409, 0.45467445254325867, 0.8374524116516113, 0.303224116563797, -0.6683207154273987, 0.09574797004461288, 0.7376854419708252),
            ["HumanoidRootPart"] = CFrame.new(0, 0, 0, 1, 0, 0, 0, 1, 0, 0, 0, 1),
            ["RightLowerLeg"] = CFrame.new(1.4156103134155273e-07, -1.7881393432617188e-07, -0.0000024271939764730632, 1, -9.685751223287298e-08, -8.195639367158947e-08, 8.195637946073475e-08, -0.1134621724486351, 0.9935423731803894, -1.1175869474300271e-07, -0.9935423731803894, -0.11346199363470078),
            ["RightFoot"] = CFrame.new(3.3527612686157227e-08, 3.5762786865234375e-07, -3.183231456205249e-08, 0.9879017472267151, 0.1550745964050293, 0.0014777022879570723, -0.08539000898599625, 0.5518813133239746, -0.8295392990112305, -0.1294560730457306, 0.8193771839141846, 0.55844646692276),
            ["LeftLowerLeg"] = CFrame.new(-1.4901161193847656e-08, 5.364418029785156e-07, 0.000002507120370864868, 1, 9.909275604513823e-07, 0.0000011250375564486603, -0.000001065432797986432, -0.07682867348194122, 0.9970443844795227, 0.0000010803339591802796, -0.9970443844795227, -0.07682863622903824),
            ["RightUpperArm"] = CFrame.new(0, 3.5762786865234375e-07, 4.889443516731262e-08, 0.4345153868198395, -0.01573222689330578, 0.9005270004272461, 0.305513858795166, 0.9431419372558594, -0.13093756139278412, -0.8472647666931152, 0.33201783895492554, 0.41461607813835144),
            ["Head"] = CFrame.new(5.587935447692871e-09, -9.5367431640625e-07, -3.818422555923462e-08, 0.992746889591217, 0.012100298888981342, -0.11961251497268677, -0.031616516411304474, 0.9861783385276794, -0.1626429557800293, 0.11599122732877731, 0.16524504125118256, 0.9794081449508667),
            ["Controller"] = CFrame.new(-0.48981407284736633, -1.0746665000915527, -1.030221939086914, 0.8081978559494019, 0.20860040187835693, -0.5507288575172424, -0.07988221198320389, 0.9653528332710266, 0.2484205961227417, 0.5834683179855347, -0.15677955746650696, 0.7968594431877136),
            ["UpperTorso"] = CFrame.new(4.377216100692749e-08, -3.2782554626464844e-07, 3.213062882423401e-08, 0.9994164109230042, 0.03269946575164795, -0.009875561110675335, -0.02255314588546753, 0.8488261699676514, 0.5281907916069031, 0.02565419115126133, -0.5276598334312439, 0.8490684032440186),
            ["LeftUpperArm"] = CFrame.new(-1.1920928955078125e-07, 0, -1.862645149230957e-08, 0.8465842008590698, -0.2841993570327759, -0.45002901554107666, 0.10875308513641357, 0.9200387001037598, -0.37643295526504517, 0.5210260152816772, 0.2697400748729706, 0.8097976446151733),
            ["RightLowerArm"] = CFrame.new(-2.9802322387695312e-08, 1.7881393432617188e-07, 0, 1, -2.9802322387695312e-08, -2.2351738238057806e-08, 8.381903171539307e-09, 0.9254704713821411, -0.37881991267204285, -1.862645149230957e-09, 0.37881988286972046, 0.9254704117774963),
            ["LeftHand"] = CFrame.new(-1.4901161193847656e-08, -3.5762786865234375e-07, 6.705522537231445e-08, 0.6745511889457703, 0.529050886631012, -0.5148648023605347, -0.5737197995185852, 0.8145900964736938, 0.08537426590919495, 0.46457111835479736, 0.23779883980751038, 0.8530096411705017),
            ["LowerTorso"] = CFrame.new(-0.5728577375411987, -0.5843542814254761, 0.5850945711135864, 0.9998849034309387, 0.013451491482555866, -0.007029999513179064, -0.013159883208572865, 0.9991130232810974, 0.039999376982450485, 0.007561814971268177, -0.039902251213788986, 0.9991750717163086),
            ["RightUpperLeg"] = CFrame.new(1.7881393432617188e-07, -5.016336217522621e-07, 1.1064548743888736e-07, 0.8708451390266418, -0.3704174757003784, -0.32314029335975647, 0.12897862493991852, 0.8065349459648132, -0.5769453644752502, 0.4743346571922302, 0.4607517719268799, 0.7501429319381714),
            ["LeftUpperLeg"] = CFrame.new(1.4901161193847656e-07, -4.675239324569702e-07, 1.4435499906539917e-07, 0.7898838520050049, 0.4873409867286682, 0.3722664713859558, 0.1512136459350586, 0.43351367115974426, -0.8883695602416992, -0.5943214297294617, 0.7580004930496216, 0.26873281598091125),
        }},
        {Time = 0.233, Data = {
            ["LeftLowerArm"] = CFrame.new(0, -1.7881393432617188e-07, -1.0803341865539551e-07, 1, -7.450581307466564e-08, -3.725290298461914e-08, 7.450579175838357e-08, 0.8203747868537903, -0.5718263983726501, -1.4901157641133977e-08, 0.5718263983726501, 0.8203746676445007),
            ["LeftFoot"] = CFrame.new(-6.705522537231445e-08, 0, -1.043081283569336e-07, 0.9942752718925476, 0.10683880746364594, -0.001467089750804007, -0.09453538060188293, 0.8732102513313293, -0.4780869483947754, -0.049797121435403824, 0.4754886031150818, 0.8783112168312073),
            ["RightHand"] = CFrame.new(-7.450580596923828e-08, 4.76837158203125e-07, -1.9371509552001953e-07, 0.5125550031661987, -0.563440203666687, 0.6479371786117554, 0.467277467250824, 0.8161054253578186, 0.3400348126888275, -0.7203744053840637, 0.12847991287708282, 0.6815817952156067),
            ["HumanoidRootPart"] = CFrame.new(0, 0, 0, 1, 0, 0, 0, 1, 0, 0, 0, 1),
            ["RightLowerLeg"] = CFrame.new(4.470348358154297e-08, -3.5762786865234375e-07, -0.000002434644557069987, 1, -1.2293456563838845e-07, -7.450583439094771e-08, 2.2351745343485163e-08, -0.05955479294061661, 0.9982250928878784, -1.1175872316471214e-07, -0.9982250332832336, -0.05955468863248825),
            ["RightFoot"] = CFrame.new(-2.9802322387695312e-08, 2.980232238769531e-07, 1.0600342648103833e-07, 0.9862690567970276, 0.16514040529727936, 0.0014724418288096786, -0.10901478677988052, 0.6577141284942627, -0.7453376650810242, -0.12405364215373993, 0.7349426746368408, 0.6666856408119202),
            ["LeftLowerLeg"] = CFrame.new(9.359791874885559e-08, 5.960464477539062e-07, 0.0000025884946808218956, 1, 0.0000010877849945245543, 0.0000010617076213748078, -0.0000010617076213748078, 0.02809656411409378, 0.9996052384376526, 0.0000011175869758517365, -0.9996052384376526, 0.028096582740545273),
            ["RightUpperArm"] = CFrame.new(0, 0, -5.25033101439476e-08, 0.44434553384780884, -0.0730031281709671, 0.8928760290145874, 0.28133654594421387, 0.9576228260993958, -0.06171199306845665, -0.8505333065986633, 0.2786200940608978, 0.44605380296707153),
            ["Head"] = CFrame.new(4.190951585769653e-09, -8.344650268554688e-07, 4.284083843231201e-08, 0.9922836422920227, 0.03198334947228432, -0.1197924092411995, -0.04616280272603035, 0.9919957518577576, -0.11753036826848984, 0.1150745302438736, 0.12215345352888107, 0.9858176112174988),
            ["Controller"] = CFrame.new(-0.45597708225250244, -1.0820581912994385, -0.9246106147766113, 0.855443000793457, 0.1492379903793335, -0.49592873454093933, -0.06435028463602066, 0.9807901978492737, 0.1841457486152649, 0.5138835906982422, -0.1256130486726761, 0.8486136198043823),
            ["UpperTorso"] = CFrame.new(6.05359673500061e-08, -1.7881393432617188e-07, 8.66129994392395e-08, 0.9995313286781311, 0.022201906889677048, -0.021078847348690033, -0.009280066005885601, 0.8758599758148193, 0.48247623443603516, 0.02917400747537613, -0.4820544719696045, 0.8756554126739502),
            ["LeftUpperArm"] = CFrame.new(-1.1920928955078125e-07, -2.384185791015625e-07, -1.0756775736808777e-07, 0.8528076410293579, -0.12726086378097534, -0.5064817667007446, 0.059082992374897, 0.9871385097503662, -0.14854954183101654, 0.5188721418380737, 0.09675981849431992, 0.8493582606315613),
            ["RightLowerArm"] = CFrame.new(0, -5.960464477539063e-08, -4.470348358154297e-08, 1, -4.6566128730773926e-08, -5.215405707303944e-08, 5.029141902923584e-08, 0.8077037930488586, -0.5895885825157166, 4.470348358154297e-08, 0.5895885825157166, 0.8077037334442139),
            ["LeftHand"] = CFrame.new(-1.4901161193847656e-08, 0, 1.4901161193847656e-07, 0.7005029916763306, 0.5612015724182129, -0.4408496618270874, -0.592205286026001, 0.8018332123756409, 0.0797288790345192, 0.3982318043708801, 0.20522314310073853, 0.8940329551696777),
            ["LowerTorso"] = CFrame.new(-0.5549051761627197, -0.5119237899780273, 0.5790385007858276, 0.9998281002044678, 0.008380157873034477, 0.016539696604013443, -0.009318649768829346, 0.9983018040657043, 0.05750543624162674, -0.016029704362154007, -0.05764968320727348, 0.9982081651687622),
            ["RightUpperLeg"] = CFrame.new(1.1920928955078125e-07, -3.572204150259495e-07, 9.865470929071307e-08, 0.8690066933631897, -0.35505610704421997, -0.3446193039417267, 0.10560917854309082, 0.8135274052619934, -0.5718566179275513, 0.4833984971046448, 0.4605522155761719, 0.7444579005241394),
            ["LeftUpperLeg"] = CFrame.new(1.4901161193847656e-07, -4.684552550315857e-07, 2.3096799850463867e-07, 0.8047325611114502, 0.4581336975097656, 0.37751689553260803, 0.14321275055408478, 0.46733081340789795, -0.8724059462547302, -0.5761038661003113, 0.756118655204773, 0.3104656934738159),
        }},
        {Time = 0.267, Data = {
            ["LeftLowerArm"] = CFrame.new(2.384185791015625e-07, 1.1920928955078125e-07, 4.470348358154297e-08, 1, -9.685754776000977e-08, 5.960463766996327e-08, 7.450580596923828e-08, 0.6357988119125366, -0.7718548774719238, 4.470348358154297e-08, 0.771854817867279, 0.6357988119125366),
            ["LeftFoot"] = CFrame.new(-4.842877388000488e-08, 1.1920928955078125e-07, 1.4901161193847656e-08, 0.9960897564888, 0.08833465725183487, -0.0014649273362010717, -0.08278410881757736, 0.9274529814720154, -0.36466166377067566, -0.030853688716888428, 0.36335673928260803, 0.9311389923095703),
            ["RightHand"] = CFrame.new(-4.470348358154297e-08, 1.1920928955078125e-07, -1.341104507446289e-07, 0.462655633687973, -0.5825698375701904, 0.6682531237602234, 0.48858287930488586, 0.7965273857116699, 0.3561334013938904, -0.7397544384002686, 0.1617298573255539, 0.6531514525413513),
            ["HumanoidRootPart"] = CFrame.new(0, 0, 0, 1, 0, 0, 0, 1, 0, 0, 0, 1),
            ["RightLowerLeg"] = CFrame.new(8.940696716308594e-08, -2.384185791015625e-07, -0.0000023750399122945964, 1, -1.3783566998881724e-07, -3.725289943190546e-08, 7.450580596923828e-08, -0.040107611566782, 0.999195396900177, -1.2665987014770508e-07, -0.999195396900177, -0.04010745510458946),
            ["RightFoot"] = CFrame.new(-3.725290298461914e-08, 2.980232238769531e-07, 7.806374924257398e-08, 0.9842408299446106, 0.17682689428329468, 0.0014657495776191354, -0.13428276777267456, 0.7527759075164795, -0.644435465335846, -0.1150565892457962, 0.6340826749801636, 0.7646573185920715),
