return {
["corkscrew 2"] = {
    {Time = 0.000, Data = {
      ["LeftFoot"] = CFrame.new(-0.000000, -0.000201, -0.000003, 1.000000, 0.000000, 0.000000, 0.000000, 1.000000, 0.000000, 0.000000, 0.000000, 1.000000),
      ["LeftHand"] = CFrame.new(0.000500, 0.000100, -0.000000, 1.000000, 0.000000, 0.000000, 0.000000, 1.000000, 0.000000, 0.000000, 0.000000, 1.000000),
      ["LeftLowerArm"] = CFrame.new(-0.000500, -0.000100, -0.000000, 1.000000, 0.000000, 0.000000, 0.000000, 1.000000, 0.000000, 0.000000, 0.000000, 1.000000),
      ["LeftLowerLeg"] = CFrame.new(-0.000000, 0.000199, 0.000104, 1.000000, 0.000000, 0.000000, 0.000000, 1.000000, 0.000000, 0.000000, 0.000000, 1.000000),
      ["LeftUpperArm"] = CFrame.new(0.000000, 0.000000, 0.000000, 1.000000, 0.000000, 0.000000, 0.000000, 1.000000, 0.000000, 0.000000, 0.000000, 1.000000),
      ["LeftUpperLeg"] = CFrame.new(0.000000, -0.000000, -0.000100, 1.000000, 0.000000, 0.000000, 0.000000, 1.000000, 0.000000, 0.000000, 0.000000, 1.000000),
      ["RightFoot"] = CFrame.new(-0.000000, -0.000001, -0.000103, 1.000000, 0.000000, 0.000000, 0.000000, 1.000000, 0.000000, 0.000000, 0.000000, 1.000000),
      ["RightHand"] = CFrame.new(-0.000500, -0.000000, -0.000000, 1.000000, 0.000000, 0.000000, 0.000000, 1.000000, 0.000000, 0.000000, 0.000000, 1.000000),
      ["RightLowerArm"] = CFrame.new(-0.000000, -0.000000, -0.000000, 1.000000, 0.000000, 0.000000, 0.000000, 1.000000, 0.000000, 0.000000, 0.000000, 1.000000),
      ["RightLowerLeg"] = CFrame.new(-0.000000, -0.000001, 0.000004, 1.000000, 0.000000, 0.000000, 0.000000, 1.000000, 0.000000, 0.000000, 0.000000, 1.000000),
      ["RightUpperArm"] = CFrame.new(0.000000, 0.000000, 0.000000, 1.000000, 0.000000, 0.000000, 0.000000, 1.000000, 0.000000, 0.000000, 0.000000, 1.000000),
      ["RightUpperLeg"] = CFrame.new(0.000000, -0.000000, -0.000000, 1.000000, 0.000000, 0.000000, 0.000000, 1.000000, 0.000000, 0.000000, 0.000000, 1.000000)
    }},
    {Time = 0.033, Data = {
      ["LeftFoot"] = CFrame.new(-0.000000, -0.000201, -0.000003, 1.000000, 0.000000, 0.000000, 0.000000, 1.000000, 0.000000, 0.000000, 0.000000, 1.000000),
      ["LeftHand"] = CFrame.new(0.000500, 0.000100, -0.000000, 1.000000, 0.000000, 0.000000, 0.000000, 1.000000, 0.000000, 0.000000, 0.000000, 1.000000),
      ["LeftLowerArm"] = CFrame.new(-0.000500, -0.000100, -0.000000, 1.000000, 0.000000, 0.000000, 0.000000, 1.000000, 0.000000, 0.000000, 0.000000, 1.000000),
      ["LeftLowerLeg"] = CFrame.new(-0.000000, 0.000199, 0.000104, 1.000000, 0.000000, 0.000000, 0.000000, 1.000000, 0.000000, 0.000000, 0.000000, 1.000000),
      ["LeftUpperArm"] = CFrame.new(0.000000, 0.000000, 0.000000, 1.000000, 0.000000, 0.000000, 0.000000, 1.000000, 0.000000, 0.000000, 0.000000, 1.000000),
      ["LeftUpperLeg"] = CFrame.new(0.000000, -0.000000, -0.000100, 1.000000, 0.000000, 0.000000, 0.000000, 1.000000, 0.000000, 0.000000, 0.000000, 1.000000),
      ["RightFoot"] = CFrame.new(-0.000000, -0.000001, -0.000103, 1.000000, 0.000000, 0.000000, 0.000000, 1.000000, 0.000000, 0.000000, 0.000000, 1.000000),
      ["RightHand"] = CFrame.new(-0.000500, -0.000000, -0.000000, 1.000000, 0.000000, 0.000000, 0.000000, 1.000000, 0.000000, 0.000000, 0.000000, 1.000000),
      ["RightLowerArm"] = CFrame.new(-0.000000, -0.000000, -0.000000, 1.000000, 0.000000, 0.000000, 0.000000, 1.000000, 0.000000, 0.000000, 0.000000, 1.000000),
      ["RightLowerLeg"] = CFrame.new(-0.000000, -0.000001, 0.000004, 1.000000, 0.000000, 0.000000, 0.000000, 1.000000, 0.000000, 0.000000, 0.000000, 1.000000),
      ["RightUpperArm"] = CFrame.new(0.000000, 0.000000, 0.000000, 1.000000, 0.000000, 0.000000, 0.000000, 1.000000, 0.000000, 0.000000, 0.000000, 1.000000),
      ["RightUpperLeg"] = CFrame.new(0.000000, -0.000000, -0.000000, 1.000000, 0.000000, 0.000000, 0.000000, 1.000000, 0.000000, 0.000000, 0.000000, 1.000000)
    }},
    {Time = 0.067, Data = {
      ["LeftFoot"] = CFrame.new(-0.000000, -0.000201, -0.000003, 1.000000, 0.000000, 0.000000, 0.000000, 1.000000, 0.000000, 0.000000, 0.000000, 1.000000),
      ["LeftHand"] = CFrame.new(0.000500, 0.000100, -0.000000, 1.000000, 0.000000, 0.000000, 0.000000, 1.000000, 0.000000, 0.000000, 0.000000, 1.000000),
      ["LeftLowerArm"] = CFrame.new(-0.000500, -0.000100, -0.000000, 1.000000, 0.000000, 0.000000, 0.000000, 1.000000, 0.000000, 0.000000, 0.000000, 1.000000),
      ["LeftLowerLeg"] = CFrame.new(-0.000000, 0.000199, 0.000104, 1.000000, 0.000000, 0.000000, 0.000000, 1.000000, 0.000000, 0.000000, 0.000000, 1.000000),
      ["LeftUpperArm"] = CFrame.new(0.000000, 0.000000, 0.000000, 1.000000, 0.000000, 0.000000, 0.000000, 1.000000, 0.000000, 0.000000, 0.000000, 1.000000),
      ["LeftUpperLeg"] = CFrame.new(0.000000, -0.000000, -0.000100, 1.000000, 0.000000, 0.000000, 0.000000, 1.000000, 0.000000, 0.000000, 0.000000, 1.000000),
      ["RightFoot"] = CFrame.new(-0.000000, -0.000001, -0.000103, 1.000000, 0.000000, 0.000000, 0.000000, 1.000000, 0.000000, 0.000000, 0.000000, 1.000000),
      ["RightHand"] = CFrame.new(-0.000500, -0.000000, -0.000000, 1.000000, 0.000000, 0.000000, 0.000000, 1.000000, 0.000000, 0.000000, 0.000000, 1.000000),
      ["RightLowerArm"] = CFrame.new(-0.000000, -0.000000, -0.000000, 1.000000, 0.000000, 0.000000, 0.000000, 1.000000, 0.000000, 0.000000, 0.000000, 1.000000),
      ["RightLowerLeg"] = CFrame.new(-0.000000, -0.000001, 0.000004, 1.000000, 0.000000, 0.000000, 0.000000, 1.000000, 0.000000, 0.000000, 0.000000, 1.000000),
      ["RightUpperArm"] = CFrame.new(0.000000, 0.000000, 0.000000, 1.000000, 0.000000, 0.000000, 0.000000, 1.000000, 0.000000, 0.000000, 0.000000, 1.000000),
      ["RightUpperLeg"] = CFrame.new(0.000000, -0.000000, -0.000000, 1.000000, 0.000000, 0.000000, 0.000000, 1.000000, 0.000000, 0.000000, 0.000000, 1.000000)
    }},
    {Time = 0.100, Data = {
      ["LeftFoot"] = CFrame.new(-0.000000, -0.000201, -0.000003, 1.000000, 0.000000, 0.000000, 0.000000, 1.000000, 0.000000, 0.000000, 0.000000, 1.000000),
      ["LeftHand"] = CFrame.new(0.000500, 0.000100, -0.000000, 1.000000, 0.000000, 0.000000, 0.000000, 1.000000, 0.000000, 0.000000, 0.000000, 1.000000),
      ["LeftLowerArm"] = CFrame.new(-0.000500, -0.000100, -0.000000, 1.000000, 0.000000, 0.000000, 0.000000, 1.000000, 0.000000, 0.000000, 0.000000, 1.000000),
      ["LeftLowerLeg"] = CFrame.new(-0.000000, 0.000199, 0.000104, 1.000000, 0.000000, 0.000000, 0.000000, 1.000000, 0.000000, 0.000000, 0.000000, 1.000000),
      ["LeftUpperArm"] = CFrame.new(0.000000, 0.000000, 0.000000, 1.000000, 0.000000, 0.000000, 0.000000, 1.000000, 0.000000, 0.000000, 0.000000, 1.000000),
      ["LeftUpperLeg"] = CFrame.new(0.000000, -0.000000, -0.000100, 1.000000, 0.000000, 0.000000, 0.000000, 1.000000, 0.000000, 0.000000, 0.000000, 1.000000),
      ["RightFoot"] = CFrame.new(-0.000000, -0.000001, -0.000103, 1.000000, 0.000000, 0.000000, 0.000000, 1.000000, 0.000000, 0.000000, 0.000000, 1.000000),
      ["RightHand"] = CFrame.new(-0.000500, -0.000000, -0.000000, 1.000000, 0.000000, 0.000000, 0.000000, 1.000000, 0.000000, 0.000000, 0.000000, 1.000000),
      ["RightLowerArm"] = CFrame.new(-0.000000, -0.000000, -0.000000, 1.000000, 0.000000, 0.000000, 0.000000, 1.000000, 0.000000, 0.000000, 0.000000, 1.000000),
      ["RightLowerLeg"] = CFrame.new(-0.000000, -0.000001, 0.000004, 1.000000, 0.000000, 0.000000, 0.000000, 1.000000, 0.000000, 0.000000, 0.000000, 1.000000),
      ["RightUpperArm"] = CFrame.new(0.000000, 0.000000, 0.000000, 1.000000, 0.000000, 0.000000, 0.000000, 1.000000, 0.000000, 0.000000, 0.000000, 1.000000),
      ["RightUpperLeg"] = CFrame.new(0.000000, -0.000000, -0.000000, 1.000000, 0.000000, 0.000000, 0.000000, 1.000000, 0.000000, 0.000000, 0.000000, 1.000000)
    }},
    {Time = 0.133, Data = {
      ["LeftFoot"] = CFrame.new(-0.000000, -0.000201, -0.000003, 1.000000, 0.000000, 0.000000, 0.000000, 1.000000, 0.000000, 0.000000, 0.000000, 1.000000),
      ["LeftHand"] = CFrame.new(0.000500, 0.000100, -0.000000, 1.000000, 0.000000, 0.000000, 0.000000, 1.000000, 0.000000, 0.000000, 0.000000, 1.000000),
      ["LeftLowerArm"] = CFrame.new(-0.000500, -0.000100, -0.000000, 1.000000, 0.000000, 0.000000, 0.000000, 1.000000, 0.000000, 0.000000, 0.000000, 1.000000),
      ["LeftLowerLeg"] = CFrame.new(-0.000000, 0.000199, 0.000104, 1.000000, 0.000000, 0.000000, 0.000000, 1.000000, 0.000000, 0.000000, 0.000000, 1.000000),
      ["LeftUpperArm"] = CFrame.new(0.000000, 0.000000, 0.000000, 1.000000, 0.000000, 0.000000, 0.000000, 1.000000, 0.000000, 0.000000, 0.000000, 1.000000),
      ["LeftUpperLeg"] = CFrame.new(0.000000, -0.000000, -0.000100, 1.000000, 0.000000, 0.000000, 0.000000, 1.000000, 0.000000, 0.000000, 0.000000, 1.000000),
      ["RightFoot"] = CFrame.new(-0.000000, -0.000001, -0.000103, 1.000000, 0.000000, 0.000000, 0.000000, 1.000000, 0.000000, 0.000000, 0.000000, 1.000000),
      ["RightHand"] = CFrame.new(-0.000500, -0.000000, -0.000000, 1.000000, 0.000000, 0.000000, 0.000000, 1.000000, 0.000000, 0.000000, 0.000000, 1.000000),
      ["RightLowerArm"] = CFrame.new(-0.000000, -0.000000, -0.000000, 1.000000, 0.000000, 0.000000, 0.000000, 1.000000, 0.000000, 0.000000, 0.000000, 1.000000),
      ["RightLowerLeg"] = CFrame.new(-0.000000, -0.000001, 0.000004, 1.000000, 0.000000, 0.000000, 0.000000, 1.000000, 0.000000, 0.000000, 0.000000, 1.000000),
      ["RightUpperArm"] = CFrame.new(0.000000, 0.000000, 0.000000, 1.000000, 0.000000, 0.000000, 0.000000, 1.000000, 0.000000, 0.000000, 0.000000, 1.000000),
      ["RightUpperLeg"] = CFrame.new(0.000000, -0.000000, -0.000000, 1.000000, 0.000000, 0.000000, 0.000000, 1.000000, 0.000000, 0.000000, 0.000000, 1.000000)
    }},
    {Time = 0.167, Data = {
      ["Head"] = CFrame.new(-0.000000, 0.000000, 0.000000, 0.999934, 0.000604, -0.011481, -0.000604, 1.000000, 0.000003, 0.011481, 0.000003, 0.999934),
      ["LeftFoot"] = CFrame.new(0.000000, 0.004859, -0.000003, 0.999998, 0.001686, 0.001415, -0.001593, 0.998013, -0.062985, -0.001518, 0.062983, 0.998013),
      ["LeftHand"] = CFrame.new(0.000500, 0.000100, -0.000000, 1.000000, 0.000000, 0.000000, 0.000000, 1.000000, 0.000000, 0.000000, 0.000000, 1.000000),
      ["LeftLowerArm"] = CFrame.new(-0.000500, 0.003676, 0.000067, 1.000000, 0.000000, 0.000000, 0.000000, 0.999288, -0.037716, 0.000000, 0.037716, 0.999288),
      ["LeftLowerLeg"] = CFrame.new(0.000000, 0.021442, -0.001206, 1.000000, -0.000000, 0.000000, 0.000000, 0.986550, 0.163459, -0.000000, -0.163459, 0.986550),
      ["LeftUpperArm"] = CFrame.new(0.000997, -0.010050, 0.006008, 0.999771, 0.017245, -0.012659, -0.017453, 0.999712, -0.016464, 0.012372, 0.016681, 0.999784),
      ["LeftUpperLeg"] = CFrame.new(0.000005, -0.000353, -0.000008, 1.000000, 0.000657, -0.000641, -0.000722, 0.994150, -0.108003, 0.000566, 0.108003, 0.994150),
      ["LowerTorso"] = CFrame.new(-0.000158, -0.009652, 0.000003, 1.000000, 0.000006, -0.000950, 0.000006, 0.999929, 0.011912, 0.000950, -0.011912, 0.999929),
      ["RightFoot"] = CFrame.new(0.000000, 0.005119, -0.000103, 0.999989, 0.003612, 0.003022, -0.003464, 0.998854, -0.047728, -0.003191, 0.047717, 0.998856),
      ["RightHand"] = CFrame.new(-0.000500, 0.000000, -0.000000, 1.000000, 0.000000, 0.000000, 0.000000, 1.000000, 0.000000, 0.000000, 0.000000, 1.000000),
      ["RightLowerArm"] = CFrame.new(-0.000000, 0.004622, 0.000102, 1.000000, 0.000000, 0.000000, 0.000000, 0.998930, -0.046256, 0.000000, 0.046256, 0.998930),
      ["RightLowerLeg"] = CFrame.new(0.000000, 0.021538, -0.001345, 1.000000, -0.000000, 0.000000, 0.000000, 0.986151, 0.165852, -0.000000, -0.165852, 0.986151),
      ["RightUpperArm"] = CFrame.new(-0.011416, -0.005434, 0.009957, 0.997552, -0.056939, 0.040601, 0.057622, 0.998213, -0.015844, -0.039626, 0.018145, 0.999050),
      ["RightUpperLeg"] = CFrame.new(-0.000000, -0.000000, -0.000000, 0.999990, -0.004085, -0.001640, 0.003841, 0.991732, -0.128271, 0.002150, 0.128264, 0.991738),
      ["UpperTorso"] = CFrame.new(-0.000000, 0.000000, 0.000000, 1.000000, 0.000777, -0.000001, -0.000777, 0.999998, -0.001813, -0.000001, 0.001813, 0.999998)
    }},
    {Time = 0.200, Data = {
      ["Head"] = CFrame.new(0.000000, -0.000000, 0.000000, 0.999135, 0.002587, -0.041512, -0.002591, 0.999997, -0.000033, 0.041512, 0.000140, 0.999138),
      ["LeftFoot"] = CFrame.new(0.000000, 0.010990, -0.000003, 0.999970, 0.005939, 0.004983, -0.005076, 0.987398, -0.158174, -0.005859, 0.158144, 0.987399),
      ["LeftHand"] = CFrame.new(0.000500, 0.000100, 0.000000, 1.000000, 0.000000, 0.000000, 0.000000, 1.000000, 0.000000, 0.000000, 0.000000, 1.000000),
      ["LeftLowerArm"] = CFrame.new(-0.000500, 0.013079, 0.000859, 1.000000, 0.000000, 0.000000, 0.000000, 0.991278, -0.131784, 0.000000, 0.131784, 0.991278),
      ["LeftLowerLeg"] = CFrame.new(0.000000, 0.054367, -0.009833, 1.000000, -0.000000, 0.000000, 0.000000, 0.899062, 0.437821, -0.000000, -0.437821, 0.899062),
      ["LeftUpperArm"] = CFrame.new(0.002839, -0.035999, 0.021408, 0.997105, 0.059182, -0.047730, -0.061875, 0.996451, -0.057065, 0.044183, 0.059853, 0.997229),
      ["LeftUpperLeg"] = CFrame.new(0.000020, -0.001389, 0.000264, 0.999993, 0.002764, -0.002371, -0.003371, 0.948990, -0.315289, 0.001378, 0.315295, 0.948993),
      ["LowerTorso"] = CFrame.new(-0.000624, -0.033782, 0.000024, 0.999993, 0.000081, -0.003625, 0.000081, 0.999004, 0.044617, 0.003625, -0.044617, 0.998998),
      ["RightFoot"] = CFrame.new(-0.000000, 0.010964, -0.000103, 0.999846, 0.013429, 0.011269, -0.012264, 0.995135, -0.097759, -0.012527, 0.097605, 0.995146),
      ["RightHand"] = CFrame.new(-0.000500, 0.000000, 0.000000, 1.000000, 0.000000, 0.000086, 0.000000, 1.000000, -0.000950, -0.000086, 0.000950, 1.000000),
      ["RightLowerArm"] = CFrame.new(-0.000000, 0.015580, 0.001205, 1.000000, 0.000000, 0.000000, 0.000000, 0.987794, -0.155765, 0.000000, 0.155765, 0.987794),
      ["RightLowerLeg"] = CFrame.new(0.000000, 0.052909, -0.009430, 1.000000, -0.000000, 0.000000, 0.000000, 0.904192, 0.427126, -0.000000, -0.427126, 0.904192),
      ["RightUpperArm"] = CFrame.new(-0.035689, -0.027513, 0.040276, 0.967889, -0.191337, 0.163037, 0.200659, 0.978734, -0.042613, -0.151416, 0.073959, 0.985699),
      ["RightUpperLeg"] = CFrame.new(0.000000, -0.000000, -0.000000, 0.999868, -0.016063, -0.002625, 0.013944, 0.928570, -0.370895, 0.008395, 0.370809, 0.928671),
      ["UpperTorso"] = CFrame.new(-0.000000, -0.000000, 0.000000, 0.999996, 0.002848, -0.000183, -0.002849, 0.999970, -0.007164, 0.000162, 0.007165, 0.999974)
    }},
    {Time = 0.233, Data = {
      ["Head"] = CFrame.new(-0.000000, 0.000000, 0.000000, 0.996465, 0.006626, -0.083746, -0.006655, 0.999978, -0.000066, 0.083743, 0.000624, 0.996487),
      ["LeftFoot"] = CFrame.new(-0.000000, 0.016754, -0.000003, 0.999899, 0.010876, 0.009168, -0.008693, 0.977368, -0.211367, -0.011260, 0.211266, 0.977364),
      ["LeftHand"] = CFrame.new(0.000500, 0.000100, 0.000000, 1.000000, 0.000000, 0.000000, 0.000000, 1.000000, 0.000000, 0.000000, 0.000000, 1.000000),
      ["LeftLowerArm"] = CFrame.new(-0.000500, 0.025118, 0.003206, 1.000000, 0.000000, 0.000000, 0.000000, 0.967687, -0.252156, 0.000000, 0.252156, 0.967687),
      ["LeftLowerLeg"] = CFrame.new(0.000000, 0.079890, -0.022994, 1.000000, -0.000000, 0.000000, 0.000000, 0.764346, 0.644807, -0.000000, -0.644807, 0.764346),
      ["LeftUpperArm"] = CFrame.new(0.003667, -0.071489, 0.042166, 0.988801, 0.110217, -0.100623, -0.120961, 0.986788, -0.107787, 0.087413, 0.118751, 0.989069),
      ["LeftUpperLeg"] = CFrame.new(0.000045, -0.003078, 0.000707, 0.999962, 0.006830, -0.005397, -0.008637, 0.855964, -0.516964, 0.001089, 0.516991, 0.855990),
      ["LowerTorso"] = CFrame.new(-0.001383, -0.065152, 0.000080, 0.999969, 0.000541, -0.007838, 0.000196, 0.995598, 0.093729, 0.007855, -0.093727, 0.995567),
      ["RightFoot"] = CFrame.new(-0.000000, 0.015405, -0.000103, 0.999335, 0.027865, 0.023515, -0.025589, 0.995424, -0.092066, -0.025973, 0.091403, 0.995475),
      ["RightHand"] = CFrame.new(-0.000500, 0.000000, -0.000000, 1.000000, 0.000000, 0.000086, 0.000000, 0.999998, -0.002158, -0.000086, 0.002158, 0.999998),
      ["RightLowerArm"] = CFrame.new(-0.000000, 0.028376, 0.004081, 1.000000, 0.000000, 0.000000, 0.000000, 0.958909, -0.283715, 0.000000, 0.283715, 0.958909),
      ["RightLowerLeg"] = CFrame.new(-0.000000, 0.074790, -0.020286, 1.000000, -0.000000, 0.000000, 0.000000, 0.793323, 0.608801, -0.000000, -0.608801, 0.793323),
      ["RightUpperArm"] = CFrame.new(-0.048635, -0.072699, 0.091300, 0.868262, -0.337041, 0.364039, 0.375983, 0.925779, -0.039628, -0.323663, 0.171280, 0.930540),
      ["RightUpperLeg"] = CFrame.new(0.000000, -0.000000, -0.000000, 0.999426, -0.033821, 0.001915, 0.028292, 0.802277, -0.596280, 0.018631, 0.595992, 0.802774),
      ["UpperTorso"] = CFrame.new(-0.000000, -0.000000, -0.000000, 0.999981, 0.006123, -0.000738, -0.006134, 0.999861, -0.015535, 0.000643, 0.015540, 0.999879)
    }},
    {Time = 0.267, Data = {
      ["Head"] = CFrame.new(-0.000000, -0.000000, 0.000000, 0.991225, 0.013121, -0.131530, -0.013235, 0.999912, 0.000009, 0.131519, 0.001732, 0.991312),
      ["LeftFoot"] = CFrame.new(0.000000, 0.022458, -0.000003, 0.999803, 0.015179, 0.012778, -0.012113, 0.977009, -0.212852, -0.015715, 0.212655, 0.977001),
      ["LeftHand"] = CFrame.new(0.000500, 0.000100, -0.000000, 1.000000, 0.000000, 0.000000, 0.000000, 1.000000, 0.000000, 0.000000, 0.000000, 1.000000),
      ["LeftLowerArm"] = CFrame.new(-0.000500, 0.036778, 0.007009, 1.000000, 0.000000, 0.000000, 0.000000, 0.929532, -0.368741, 0.000000, 0.368741, 0.929532),
      ["LeftLowerLeg"] = CFrame.new(-0.000000, 0.096451, -0.034514, 1.000000, -0.000000, 0.000000, 0.000000, 0.644658, 0.764471, -0.000000, -0.764471, 0.644658),
      ["LeftUpperArm"] = CFrame.new(0.002771, -0.109733, 0.065083, 0.974007, 0.155743, -0.164485, -0.181584, 0.970935, -0.155927, 0.135419, 0.181742, 0.973977),
      ["LeftUpperLeg"] = CFrame.new(0.000078, -0.005387, 0.001313, 0.999854, 0.013711, -0.010197, -0.016988, 0.733396, -0.679590, -0.001839, 0.679664, 0.733521),
      ["LowerTorso"] = CFrame.new(-0.002421, -0.096521, 0.000190, 0.999909, 0.001389, -0.013399, 0.000701, 0.987955, 0.154738, 0.013452, -0.154733, 0.987865),
      ["RightFoot"] = CFrame.new(0.000000, 0.019660, -0.000103, 0.998212, 0.045726, 0.038510, -0.043810, 0.997828, -0.049192, -0.040675, 0.047417, 0.998047),
      ["RightHand"] = CFrame.new(-0.000500, 0.000000, -0.000000, 1.000000, 0.000087, 0.000172, -0.000086, 0.999993, -0.003798, -0.000173, 0.003798, 0.999993),
      ["RightLowerArm"] = CFrame.new(-0.000000, 0.038782, 0.007785, 1.000000, 0.000000, 0.000000, 0.000000, 0.921779, -0.387716, 0.000000, 0.387716, 0.921779),
      ["RightLowerLeg"] = CFrame.new(-0.000000, 0.087746, -0.028233, 1.000000, -0.000000, 0.000000, 0.000000, 0.711019, 0.703173, -0.000000, -0.703173, 0.711019),
      ["RightUpperArm"] = CFrame.new(-0.022696, -0.133475, 0.155081, 0.670674, -0.419144, 0.611976, 0.519267, 0.854460, 0.016150, -0.529678, 0.306947, 0.790711),
      ["RightUpperLeg"] = CFrame.new(0.000000, -0.000001, -0.000000, 0.998462, -0.054067, 0.012264, 0.044675, 0.653657, -0.755471, 0.032829, 0.754857, 0.655067),
      ["UpperTorso"] = CFrame.new(0.000000, -0.000000, -0.000000, 0.999944, 0.010423, -0.001692, -0.010465, 0.999592, -0.026576, 0.001415, 0.026593, 0.999645)
    }},
    {Time = 0.300, Data = {
      ["Head"] = CFrame.new(0.000000, -0.000000, 0.000000, 0.983730, 0.022542, -0.178236, -0.022851, 0.999739, 0.000320, 0.178196, 0.003758, 0.983988),
      ["LeftFoot"] = CFrame.new(0.000000, 0.024451, -0.000002, 0.999718, 0.018179, 0.015272, -0.015366, 0.985749, -0.167518, -0.018100, 0.167236, 0.985751),
      ["LeftHand"] = CFrame.new(0.000500, 0.000100, -0.000000, 1.000000, 0.000000, 0.000000, 0.000000, 1.000000, 0.000000, 0.000000, 0.000000, 1.000000),
      ["LeftLowerArm"] = CFrame.new(-0.000500, 0.045380, 0.010890, 1.000000, 0.000000, 0.000000, 0.000000, 0.890632, -0.454725, 0.000000, 0.454725, 0.890632),
      ["LeftLowerLeg"] = CFrame.new(-0.000000, 0.102637, -0.040305, 1.000000, -0.000000, 0.000000, 0.000000, 0.584450, 0.811430, -0.000000, -0.811430, 0.584450),
      ["LeftUpperArm"] = CFrame.new(0.001205, -0.143691, 0.088561, 0.955382, 0.184313, -0.230813, -0.230209, 0.954235, -0.190890, 0.185066, 0.235508, 0.954089),
      ["LeftUpperLeg"] = CFrame.new(0.000121, -0.008284, 0.002073, 0.999575, 0.023652, -0.017055, -0.027978, 0.613100, -0.789510, -0.008217, 0.789651, 0.613501),
      ["LowerTorso"] = CFrame.new(-0.003724, -0.120651, 0.000372, 0.999796, 0.002865, -0.020003, 0.001664, 0.974872, 0.222760, 0.020139, -0.222748, 0.974668),
      ["RightFoot"] = CFrame.new(0.000000, 0.021660, -0.000102, 0.996274, 0.065970, 0.055554, -0.065113, 0.997731, -0.017105, -0.056557, 0.013424, 0.998309),
      ["RightHand"] = CFrame.new(-0.000500, 0.000000, 0.000000, 1.000000, 0.000087, 0.000259, -0.000086, 0.999983, -0.005870, -0.000259, 0.005870, 0.999983),
      ["RightLowerArm"] = CFrame.new(-0.000000, 0.043357, 0.009840, 1.000000, 0.000000, 0.000000, 0.000000, 0.901184, -0.433437, 0.000000, 0.433437, 0.901184),
      ["RightLowerLeg"] = CFrame.new(-0.000000, 0.093208, -0.032098, 1.000000, -0.000000, 0.000000, 0.000000, 0.670793, 0.741645, -0.000000, -0.741645, 0.670793),
      ["RightUpperArm"] = CFrame.new(0.051729, -0.194610, 0.206639, 0.387036, -0.375487, 0.842148, 0.584881, 0.806044, 0.090589, -0.712823, 0.457495, 0.531584),
      ["RightUpperLeg"] = CFrame.new(0.000000, 0.000000, -0.000000, 0.996799, -0.076161, 0.024304, 0.061606, 0.538031, -0.840671, 0.050949, 0.839477, 0.541001),
      ["UpperTorso"] = CFrame.new(0.000000, -0.000000, -0.000000, 0.999876, 0.015388, -0.003329, -0.015508, 0.999082, -0.039935, 0.002712, 0.039981, 0.999197)
    }},
    {Time = 0.333, Data = {
      ["Head"] = CFrame.new(-0.000000, 0.000000, 0.000000, 0.975454, 0.035282, -0.217360, -0.035924, 0.999354, 0.001000, 0.217255, 0.006833, 0.976091),
      ["LeftFoot"] = CFrame.new(-0.000000, 0.023986, -0.000002, 0.999664, 0.019792, 0.016708, -0.018325, 0.996312, -0.083819, -0.018305, 0.083485, 0.996341),
      ["LeftHand"] = CFrame.new(0.000500, 0.000100, 0.000000, 1.000000, 0.000000, 0.000000, 0.000000, 1.000000, 0.000000, 0.000000, 0.000000, 1.000000),
      ["LeftLowerArm"] = CFrame.new(-0.000500, 0.048712, 0.012666, 1.000000, 0.000000, 0.000000, 0.000000, 0.872844, -0.487999, 0.000000, 0.487999, 0.872844),
      ["LeftLowerLeg"] = CFrame.new(-0.000000, 0.100878, -0.038435, 1.000000, -0.000000, 0.000000, 0.000000, 0.603814, 0.797125, -0.000000, -0.797125, 0.603814),
      ["LeftUpperArm"] = CFrame.new(0.001295, -0.166286, 0.112600, 0.938146, 0.188212, -0.290617, -0.253208, 0.945420, -0.205104, 0.236152, 0.266004, 0.934598),
      ["LeftUpperLeg"] = CFrame.new(0.000171, -0.011738, 0.002978, 0.999031, 0.036451, -0.024666, -0.040220, 0.528504, -0.847977, -0.017874, 0.848148, 0.529458),
      ["LowerTorso"] = CFrame.new(-0.005276, -0.130304, 0.000643, 0.999611, 0.005159, -0.027417, 0.003111, 0.956013, 0.293308, 0.027725, -0.293279, 0.955625),
      ["RightFoot"] = CFrame.new(-0.000000, 0.020973, -0.000102, 0.993639, 0.086125, 0.072550, -0.087102, 0.996145, 0.010404, -0.071375, -0.016657, 0.997310),
      ["RightHand"] = CFrame.new(-0.000500, 0.000000, 0.000000, 1.000000, 0.000174, 0.000431, -0.000171, 0.999966, -0.008287, -0.000432, 0.008287, 0.999966),
      ["RightLowerArm"] = CFrame.new(0.000000, 0.044174, 0.010237, 1.000000, 0.000000, 0.000000, 0.000000, 0.897192, -0.441641, 0.000000, 0.441641, 0.897192),
      ["RightLowerLeg"] = CFrame.new(-0.000000, 0.091383, -0.030768, 1.000000, -0.000000, 0.000000, 0.000000, 0.684653, 0.728869, -0.000000, -0.728869, 0.684653),
      ["RightUpperArm"] = CFrame.new(0.162013, -0.251412, 0.208837, 0.041457, -0.222974, 0.973942, 0.601583, 0.783855, 0.153849, -0.797734, 0.579529, 0.166634),
      ["RightUpperLeg"] = CFrame.new(0.000000, -0.000000, -0.000000, 0.994543, -0.099149, 0.032467, 0.076373, 0.479883, -0.874002, 0.071076, 0.871712, 0.484837),
      ["UpperTorso"] = CFrame.new(0.000000, 0.000000, 0.000000, 0.999762, 0.020994, -0.005848, -0.021285, 0.998250, -0.055166, 0.004679, 0.055277, 0.998460)
    }},
    {Time = 0.367, Data = {
      ["Head"] = CFrame.new(0.000000, 0.000000, 0.000000, 0.968271, 0.051577, -0.244523, -0.052725, 0.998607, 0.001851, 0.244278, 0.011100, 0.969642),
      ["LeftFoot"] = CFrame.new(-0.000000, 0.022509, -0.000002, 0.999652, 0.020183, 0.016991, -0.019865, 0.999629, -0.018643, -0.017361, 0.018299, 0.999682),
      ["LeftHand"] = CFrame.new(0.000500, 0.000100, -0.000000, 1.000000, 0.000000, 0.000000, 0.000000, 1.000000, 0.000000, 0.000000, 0.000000, 1.000000),
      ["LeftLowerArm"] = CFrame.new(-0.000500, 0.047638, 0.012076, 1.000000, 0.000000, 0.000000, 0.000000, 0.878781, -0.477226, 0.000000, 0.477226, 0.878781),
      ["LeftLowerLeg"] = CFrame.new(-0.000000, 0.096607, -0.034647, 1.000000, -0.000000, 0.000000, 0.000000, 0.643274, 0.765636, -0.000000, -0.765636, 0.643274),
      ["LeftUpperArm"] = CFrame.new(0.003148, -0.174580, 0.141047, 0.923113, 0.187180, -0.335895, -0.245078, 0.959511, -0.138834, 0.296308, 0.210480, 0.931611),
      ["LeftUpperLeg"] = CFrame.new(0.000229, -0.015716, 0.004022, 0.998357, 0.050087, -0.027850, -0.048778, 0.487555, -0.871729, -0.030084, 0.871654, 0.489197),
      ["LowerTorso"] = CFrame.new(-0.006980, -0.139576, -0.030768, 0.999284, 0.012477, -0.035712, 0.000929, 0.935661, 0.352898, 0.037817, -0.352678, 0.934980),
      ["RightFoot"] = CFrame.new(-0.000000, 0.019606, -0.000102, 0.990398, 0.105730, 0.089071, -0.108327, 0.993805, 0.024829, -0.085894, -0.034239, 0.995716),
      ["RightHand"] = CFrame.new(-0.000500, 0.000000, 0.000000, 1.000000, 0.000176, 0.000603, -0.000169, 0.999938, -0.011135, -0.000605, 0.011135, 0.999938),
      ["RightLowerArm"] = CFrame.new(-0.000000, 0.045416, 0.010857, 1.000000, 0.000000, 0.000000, 0.000000, 0.890955, -0.454093, 0.000000, 0.454093, 0.890955),
      ["RightLowerLeg"] = CFrame.new(0.000000, 0.087590, -0.028126, 1.000000, -0.000000, 0.000000, 0.000000, 0.712134, 0.702044, -0.000000, -0.702044, 0.712134),
      ["RightUpperArm"] = CFrame.new(0.276934, -0.298749, 0.141286, -0.310497, -0.034092, 0.949963, 0.593704, 0.773508, 0.221813, -0.742366, 0.632868, -0.219931),
      ["RightUpperLeg"] = CFrame.new(0.000000, -0.000000, -0.000000, 0.991390, -0.124443, 0.040747, 0.093859, 0.458357, -0.883799, 0.091306, 0.880013, 0.466090),
      ["UpperTorso"] = CFrame.new(-0.000657, -0.002461, 0.029169, 0.999711, 0.022351, -0.008815, -0.022857, 0.997797, -0.062284, 0.007404, 0.062468, 0.998020)
    }},
    {Time = 0.400, Data = {
      ["Head"] = CFrame.new(-0.000000, 0.000000, 0.000000, 0.962595, 0.070650, -0.261573, -0.072494, 0.997365, 0.002604, 0.261067, 0.016456, 0.965180),
      ["LeftFoot"] = CFrame.new(0.000000, 0.022122, -0.000002, 0.999725, 0.017929, 0.015119, -0.017806, 0.999807, -0.008249, -0.015264, 0.007978, 0.999852),
      ["LeftHand"] = CFrame.new(0.000500, 0.000100, -0.000000, 1.000000, 0.000000, 0.000000, 0.000000, 1.000000, 0.000000, 0.000000, 0.000000, 1.000000),
      ["LeftLowerArm"] = CFrame.new(-0.000500, 0.044687, 0.010540, 1.000000, 0.000000, 0.000000, 0.000000, 0.894156, -0.447756, 0.000000, 0.447756, 0.894156),
      ["LeftLowerLeg"] = CFrame.new(0.000000, 0.095444, -0.033666, 1.000000, -0.000000, 0.000000, 0.000000, 0.653481, 0.756943, -0.000000, -0.756943, 0.653481),
      ["LeftUpperArm"] = CFrame.new(0.005070, -0.170453, 0.173101, 0.907471, 0.208234, -0.364877, -0.210069, 0.977055, 0.035146, 0.363823, 0.044756, 0.930392),
      ["LeftUpperLeg"] = CFrame.new(0.000294, -0.020188, 0.005195, 0.997652, 0.064548, -0.022897, -0.051093, 0.478790, -0.876441, -0.045610, 0.875553, 0.480964),
      ["LowerTorso"] = CFrame.new(-0.007973, -0.169999, -0.108182, 0.998552, 0.027402, -0.046284, -0.007095, 0.920080, 0.391666, 0.053317, -0.390771, 0.918943),
      ["RightFoot"] = CFrame.new(-0.000000, 0.019857, -0.000102, 0.986279, 0.126267, 0.106349, -0.126304, 0.991971, -0.006416, -0.106306, -0.007104, 0.994308),
      ["RightHand"] = CFrame.new(-0.000500, 0.000000, 0.000000, 1.000000, 0.000264, 0.000689, -0.000254, 0.999899, -0.014243, -0.000692, 0.014243, 0.999898),
      ["RightLowerArm"] = CFrame.new(-0.000000, 0.047095, 0.011730, 1.000000, 0.000000, 0.000000, 0.000000, 0.882241, -0.470799, 0.000000, 0.470799, 0.882241),
      ["RightLowerLeg"] = CFrame.new(0.000000, 0.088317, -0.028625, 1.000000, -0.000000, 0.000000, 0.000000, 0.707002, 0.707211, -0.000000, -0.707211, 0.707002),
      ["RightUpperArm"] = CFrame.new(0.355823, -0.337905, 0.025534, -0.579391, 0.137501, 0.803368, 0.567428, 0.775620, 0.276478, -0.585092, 0.616042, -0.527409),
      ["RightUpperLeg"] = CFrame.new(0.000000, 0.000000, -0.000000, 0.986581, -0.153687, 0.055121, 0.120095, 0.454352, -0.882690, 0.110614, 0.877465, 0.466712),
      ["UpperTorso"] = CFrame.new(-0.002217, -0.005937, 0.102288, 0.999806, 0.016281, -0.011060, -0.016853, 0.998407, -0.053841, 0.010166, 0.054017, 0.998488)
    }},
    {Time = 0.433, Data = {
      ["Head"] = CFrame.new(0.000000, 0.000000, 0.000000, 0.957914, 0.091305, -0.272147, -0.094030, 0.995565, 0.003037, 0.271218, 0.022681, 0.962251),
      ["LeftFoot"] = CFrame.new(0.000000, 0.022727, -0.000002, 0.999887, 0.011487, 0.009719, -0.011125, 0.999273, -0.036477, -0.010131, 0.036365, 0.999287),
      ["LeftHand"] = CFrame.new(0.000500, 0.000100, 0.000000, 1.000000, 0.000000, 0.000000, 0.000000, 1.000000, 0.000000, 0.000000, 0.000000, 1.000000),
      ["LeftLowerArm"] = CFrame.new(-0.000500, 0.040248, 0.008457, 1.000000, 0.000000, 0.000000, 0.000000, 0.915015, -0.403420, 0.000000, 0.403420, 0.915015),
      ["LeftLowerLeg"] = CFrame.new(-0.000000, 0.097255, -0.035202, 1.000000, -0.000000, 0.000000, 0.000000, 0.637491, 0.770458, -0.000000, -0.770458, 0.637491),
      ["LeftUpperArm"] = CFrame.new(0.007713, -0.156716, 0.200747, 0.892983, 0.248607, -0.375202, -0.154389, 0.952227, 0.263493, 0.422783, -0.177367, 0.888704),
      ["LeftUpperLeg"] = CFrame.new(0.000366, -0.025121, 0.006489, 0.996488, 0.082932, -0.011551, -0.050850, 0.489764, -0.870371, -0.066524, 0.867902, 0.492262),
      ["LowerTorso"] = CFrame.new(-0.007576, -0.218705, -0.206786, 0.997019, 0.047451, -0.060841, -0.018335, 0.911650, 0.410559, 0.074947, -0.408219, 0.909802),
      ["RightFoot"] = CFrame.new(0.000000, 0.021337, -0.000102, 0.981393, 0.146886, 0.123661, -0.139981, 0.988159, -0.062834, -0.131426, 0.044354, 0.990333),
      ["RightHand"] = CFrame.new(-0.000500, -0.000000, 0.000000, 0.999999, 0.000354, 0.000946, -0.000337, 0.999842, -0.017782, -0.000953, 0.017781, 0.999841),
      ["RightLowerArm"] = CFrame.new(-0.000000, 0.049241, 0.012907, 1.000000, 0.000000, 0.000000, 0.000000, 0.870439, -0.492277, 0.000000, 0.492277, 0.870439),
      ["RightLowerLeg"] = CFrame.new(0.000000, 0.092261, -0.031367, 1.000000, -0.000000, 0.000000, 0.000000, 0.678384, 0.734708, -0.000000, -0.734708, 0.678384),
      ["RightUpperArm"] = CFrame.new(0.390487, -0.373823, -0.096937, -0.740873, 0.261171, 0.618787, 0.536557, 0.784313, 0.311384, -0.403998, 0.562710, -0.721209),
      ["RightUpperLeg"] = CFrame.new(0.000000, 0.000000, -0.000000, 0.980153, -0.183344, 0.075401, 0.153524, 0.461369, -0.873825, 0.125422, 0.868058, 0.480359),
      ["UpperTorso"] = CFrame.new(-0.003688, -0.003729, 0.197590, 0.999927, 0.004302, -0.011295, -0.004675, 0.999438, -0.033204, 0.011146, 0.033254, 0.999385)
    }},
    {Time = 0.467, Data = {
      ["Head"] = CFrame.new(0.000000, 0.000000, 0.000000, 0.953475, 0.112562, -0.279669, -0.116410, 0.993197, 0.002866, 0.278089, 0.029824, 0.960092),
      ["LeftFoot"] = CFrame.new(0.000000, 0.023798, -0.000002, 1.000000, -0.000629, -0.000579, 0.000579, 0.996516, -0.083401, 0.000629, 0.083400, 0.996516),
      ["LeftHand"] = CFrame.new(0.000500, 0.000099, -0.000000, 1.000000, 0.000000, 0.000000, 0.000000, 1.000000, 0.000000, 0.000000, 0.000000, 1.000000),
      ["LeftLowerArm"] = CFrame.new(-0.000500, 0.034730, 0.006224, 1.000000, 0.000000, 0.000000, 0.000000, 0.937401, -0.348252, 0.000000, 0.348252, 0.937401),
      ["LeftLowerLeg"] = CFrame.new(-0.000000, 0.100350, -0.037950, 1.000000, -0.000000, 0.000000, 0.000000, 0.608869, 0.793271, -0.000000, -0.793271, 0.608869),
      ["LeftUpperArm"] = CFrame.new(0.011601, -0.141776, 0.218912, 0.881280, 0.296437, -0.368065, -0.095281, 0.874271, 0.475996, 0.462891, -0.384416, 0.798722),
      ["LeftUpperLeg"] = CFrame.new(0.000444, -0.030484, 0.007895, 0.994219, 0.107255, 0.004907, -0.051619, 0.517568, -0.854084, -0.094145, 0.848893, 0.520112),
      ["LowerTorso"] = CFrame.new(-0.005802, -0.274594, -0.304798, 0.994217, 0.069943, -0.081484, -0.030536, 0.911615, 0.409909, 0.102952, -0.405051, 0.908479),
      ["RightFoot"] = CFrame.new(-0.000000, 0.022882, -0.000102, 0.976279, 0.165613, 0.139471, -0.148619, 0.981016, -0.124581, -0.157456, 0.100898, 0.982358),
      ["RightHand"] = CFrame.new(-0.000500, 0.000000, 0.000000, 0.999999, 0.000357, 0.001118, -0.000333, 0.999767, -0.021579, -0.001126, 0.021579, 0.999767),
      ["RightLowerArm"] = CFrame.new(0.000000, 0.051903, 0.014463, 1.000000, 0.000000, 0.000000, 0.000000, 0.854835, -0.518899, 0.000000, 0.518899, 0.854835),
      ["RightLowerLeg"] = CFrame.new(0.000000, 0.096921, -0.035186, 1.000000, -0.000000, 0.000000, 0.000000, 0.638739, 0.769423, -0.000000, -0.769423, 0.638739),
      ["RightUpperArm"] = CFrame.new(0.398011, -0.409563, -0.196151, -0.821270, 0.336778, 0.460539, 0.510691, 0.793827, 0.330204, -0.254383, 0.506379, -0.823935),
      ["RightUpperLeg"] = CFrame.new(0.000000, -0.000000, -0.000000, 0.972661, -0.209324, 0.100567, 0.191652, 0.478975, -0.856652, 0.131149, 0.852506, 0.505997),
      ["UpperTorso"] = CFrame.new(-0.003784, 0.008608, 0.292702, 0.999896, -0.011670, -0.008523, 0.011637, 0.999925, -0.003934, 0.008568, 0.003835, 0.999956)
    }},
    {Time = 0.500, Data = {
      ["Head"] = CFrame.new(0.000000, 0.000000, -0.000000, 0.948459, 0.133263, -0.287516, -0.138521, 0.990357, 0.002075, 0.285020, 0.037859, 0.957774),
      ["LeftFoot"] = CFrame.new(-0.000000, 0.024444, -0.000002, 0.999682, -0.019300, -0.016223, 0.017049, 0.991496, -0.129017, 0.018575, 0.128699, 0.991510),
      ["LeftHand"] = CFrame.new(0.000500, 0.000100, -0.000000, 1.000000, 0.000000, 0.000000, 0.000000, 1.000000, 0.000000, 0.000000, 0.000000, 1.000000),
      ["LeftLowerArm"] = CFrame.new(-0.000500, 0.028585, 0.004173, 1.000000, 0.000000, 0.000000, 0.000000, 0.957988, -0.286809, 0.000000, 0.286809, 0.957988),
      ["LeftLowerLeg"] = CFrame.new(-0.000000, 0.102611, -0.040277, 1.000000, -0.000000, 0.000000, 0.000000, 0.584765, 0.811203, -0.000000, -0.811203, 0.584765),
      ["LeftUpperArm"] = CFrame.new(0.015739, -0.135539, 0.229855, 0.870690, 0.339597, -0.355772, -0.053193, 0.784137, 0.618304, 0.488948, -0.519426, 0.700804),
      ["LeftUpperLeg"] = CFrame.new(0.000528, -0.036244, 0.009406, 0.990076, 0.138204, 0.025480, -0.057119, 0.561396, -0.825574, -0.128402, 0.815926, 0.563718),
      ["LowerTorso"] = CFrame.new(-0.003387, -0.320648, -0.383803, 0.989770, 0.091689, -0.109313, -0.042174, 0.919947, 0.389767, 0.136300, -0.381169, 0.914403),
      ["RightFoot"] = CFrame.new(-0.000000, 0.024172, -0.000102, 0.972041, 0.179612, 0.151244, -0.153091, 0.973166, -0.171786, -0.178041, 0.143829, 0.973455),
      ["RightHand"] = CFrame.new(-0.000500, 0.000000, 0.000000, 0.999999, 0.000448, 0.001289, -0.000415, 0.999671, -0.025636, -0.001300, 0.025635, 0.999671),
      ["RightLowerArm"] = CFrame.new(-0.000000, 0.055146, 0.016514, 1.000000, 0.000000, 0.000000, 0.000000, 0.834295, -0.551318, 0.000000, 0.551318, 0.834295),
      ["RightLowerLeg"] = CFrame.new(0.000000, 0.100641, -0.038501, 1.000000, -0.000000, 0.000000, 0.000000, 0.604198, 0.796834, -0.000000, -0.796834, 0.604198),
      ["RightUpperArm"] = CFrame.new(0.399479, -0.445357, -0.258349, -0.854695, 0.376178, 0.357752, 0.494194, 0.800606, 0.338825, -0.158960, 0.466391, -0.870179),
      ["RightUpperLeg"] = CFrame.new(0.000000, 0.000000, -0.000000, 0.965312, -0.227019, 0.128980, 0.230564, 0.509325, -0.829113, 0.122531, 0.830091, 0.543999),
      ["UpperTorso"] = CFrame.new(-0.001515, 0.030356, 0.364854, 0.999553, -0.029839, -0.001841, 0.029882, 0.999079, 0.030789, 0.000921, -0.030830, 0.999524)
    }},
    {Time = 0.533, Data = {
      ["Head"] = CFrame.new(0.000000, 0.000000, 0.000000, 0.942025, 0.152183, -0.299047, -0.159291, 0.987232, 0.000615, 0.295322, 0.047056, 0.954238),
      ["LeftFoot"] = CFrame.new(0.000000, 0.024467, -0.000002, 0.998340, -0.044043, -0.037119, 0.037860, 0.987444, -0.153366, 0.043408, 0.151706, 0.987472),
      ["LeftHand"] = CFrame.new(0.000500, 0.000100, -0.000000, 1.000000, 0.000000, 0.000000, 0.000000, 1.000000, 0.000000, 0.000000, 0.000000, 1.000000),
      ["LeftLowerArm"] = CFrame.new(-0.000500, 0.022320, 0.002523, 1.000000, 0.000000, 0.000000, 0.000000, 0.974542, -0.224205, 0.000000, 0.224205, 0.974542),
      ["LeftLowerLeg"] = CFrame.new(0.000000, 0.102700, -0.040376, 1.000000, -0.000000, 0.000000, 0.000000, 0.583741, 0.811940, -0.000000, -0.811940, 0.583741),
      ["LeftUpperArm"] = CFrame.new(0.017689, -0.144639, 0.240089, 0.856810, 0.370795, -0.358312, -0.041825, 0.742586, 0.668444, 0.513933, -0.557743, 0.651763),
      ["LeftUpperLeg"] = CFrame.new(0.000617, -0.042369, 0.011013, 0.983478, 0.174034, 0.049840, -0.069913, 0.619089, -0.782203, -0.166985, 0.765795, 0.621027),
      ["LowerTorso"] = CFrame.new(-0.001841, -0.337480, -0.427278, 0.983356, 0.109514, -0.144973, -0.052630, 0.935409, 0.349629, 0.173898, -0.336180, 0.925604),
      ["RightFoot"] = CFrame.new(-0.000000, 0.024564, -0.000102, 0.970268, 0.185140, 0.155893, -0.154871, 0.969893, -0.187944, -0.185996, 0.158212, 0.969729),
      ["RightHand"] = CFrame.new(-0.000500, 0.000000, -0.000000, 0.999999, 0.000541, 0.001546, -0.000495, 0.999551, -0.029951, -0.001561, 0.029950, 0.999550),
      ["RightLowerArm"] = CFrame.new(0.000000, 0.059042, 0.019217, 1.000000, 0.000000, 0.000000, 0.000000, 0.807233, -0.590233, 0.000000, 0.590233, 0.807233),
      ["RightLowerLeg"] = CFrame.new(-0.000000, 0.102097, -0.040032, 1.000000, -0.000000, 0.000000, 0.000000, 0.588297, 0.808645, -0.000000, -0.808645, 0.588297),
      ["RightUpperArm"] = CFrame.new(0.409999, -0.480108, -0.277186, -0.863564, 0.388447, 0.321507, 0.488349, 0.803102, 0.341384, -0.125593, 0.451814, -0.883227),
      ["RightUpperLeg"] = CFrame.new(-0.000000, -0.000000, -0.000000, 0.959707, -0.231415, 0.159404, 0.264540, 0.552740, -0.790251, 0.094767, 0.800578, 0.591687),
      ["UpperTorso"] = CFrame.new(0.002821, 0.054400, 0.391750, 0.998786, -0.048327, 0.009516, 0.047580, 0.996599, 0.067281, -0.012735, -0.066747, 0.997689)
    }},
    {Time = 0.567, Data = {
      ["Head"] = CFrame.new(0.000000, 0.000000, 0.000000, 0.933216, 0.168130, -0.317553, -0.177753, 0.984074, -0.001353, 0.312268, 0.057709, 0.948240),
      ["LeftFoot"] = CFrame.new(-0.000000, 0.023584, -0.000002, 0.993499, -0.087106, -0.073293, 0.071790, 0.979067, -0.190460, 0.088349, 0.183960, 0.978955),
      ["LeftHand"] = CFrame.new(0.000500, 0.000100, 0.000000, 1.000000, 0.000000, 0.000000, 0.000000, 1.000000, 0.000000, 0.000000, 0.000000, 1.000000),
      ["LeftLowerArm"] = CFrame.new(-0.000500, 0.016480, 0.001367, 1.000000, 0.000000, 0.000000, 0.000000, 0.986165, -0.165766, 0.000000, 0.165766, 0.986165),
      ["LeftLowerLeg"] = CFrame.new(0.000000, 0.099742, -0.037398, 1.000000, -0.000000, 0.000000, 0.000000, 0.614650, 0.788800, -0.000000, -0.788800, 0.614650),
      ["LeftUpperArm"] = CFrame.new(0.023969, -0.192024, 0.235965, 0.852944, 0.314798, -0.416399, -0.107676, 0.886644, 0.449742, 0.510776, -0.338769, 0.790154),
      ["LeftUpperLeg"] = CFrame.new(0.000711, -0.048829, 0.012707, 0.979244, 0.196081, 0.051327, -0.100679, 0.690339, -0.716447, -0.175915, 0.696409, 0.695751),
