return {
    ["Courtside Flow"] = {
        {Time = 0.000, Data = {
            ["RightFoot"] = CFrame.new(0.007500305771827698, -0.009015083312988281, 4.639878170564771e-08, 0.9625739455223083, 0.2192501723766327, 0.159314826130867, -0.17591090500354767, 0.9526160955429077, -0.24814864993095398, -0.2061716765165329, 0.21083614230155945, 0.9555318355560303),
            ["LeftLowerArm"] = CFrame.new(-1.564621925354004e-07, -4.172325134277344e-07, -5.736947059631348e-07, 1, -6.891787052154541e-08, 9.685754776000977e-08, 9.406356582530861e-08, -0.32431015372276306, -0.9459508657455444, 1.3201496074088936e-07, 0.9459508657455444, -0.32431018352508545),
            ["RightUpperArm"] = CFrame.new(1.1920928955078125e-07, -1.1920928955078125e-07, 6.705522537231445e-08, 0.9218752980232239, -0.19149546325206757, 0.336861252784729, 0.376531720161438, 0.6479657292366028, -0.6620908975601196, -0.09148716181516647, 0.7372041344642639, 0.669447660446167),
            ["Head"] = CFrame.new(-1.4901161193847656e-08, -3.5762786865234375e-07, 3.5390257835388184e-08, 0.9952021837234497, -0.055233798921108246, -0.08075892925262451, 0.04285501688718796, 0.9881047606468201, -0.14769110083580017, 0.08795579522848129, 0.14352156221866608, 0.9857308864593506),
            ["RightHand"] = CFrame.new(1.7881393432617188e-07, 4.76837158203125e-07, 2.1606683731079102e-07, 0.5177890658378601, -0.6082785129547119, 0.6015745997428894, 0.8309099674224854, 0.5249780416488647, -0.18435491621494293, -0.20367440581321716, 0.5953111052513123, 0.7772524952888489),
            ["UpperTorso"] = CFrame.new(-1.1175870895385742e-08, 3.2782554626464844e-07, -1.1175870895385742e-08, 0.9998511075973511, 0.015366202220320702, -0.007853943854570389, -0.01319140661507845, 0.9739805459976196, 0.22624748945236206, 0.011126152239739895, -0.22611021995544434, 0.9740381836891174),
            ["HumanoidRootPart"] = CFrame.new(0, 0, 0, 1, 0, 0, 0, 1, 0, 0, 0, 1),
            ["RightUpperLeg"] = CFrame.new(-0.06434136629104614, -0.0074795931577682495, 6.535992724820971e-08, 0.9226738810539246, -0.24923034012317657, -0.29420819878578186, 0.24469402432441711, 0.9681636691093445, -0.05275984853506088, 0.29798972606658936, -0.02331097051501274, 0.9542840719223022),
            ["LeftUpperArm"] = CFrame.new(0, -4.76837158203125e-07, -7.450580596923828e-09, 0.965417742729187, 0.09822675585746765, 0.2414957582950592, -0.08119574189186096, 0.9935213327407837, -0.0795152485370636, -0.2477416843175888, 0.0571569986641407, 0.9671387076377869),
            ["RightLowerArm"] = CFrame.new(2.682209014892578e-07, -2.980232238769531e-07, 7.152557373046875e-07, 1, -4.470348358154297e-08, 9.685753354915505e-08, 8.195638656616211e-08, -0.36630791425704956, -0.9304937720298767, 1.4901161193847656e-07, 0.9304937124252319, -0.36630794405937195),
            ["LeftHand"] = CFrame.new(-2.384185791015625e-07, -1.7881393432617188e-07, 2.086162567138672e-07, 0.49793630838394165, 0.7643813490867615, -0.4096105396747589, -0.8342009782791138, 0.551266074180603, 0.014644617214798927, 0.23699837923049927, 0.3344053626060486, 0.9121429920196533),
            ["LeftFoot"] = CFrame.new(-0.007500261068344116, -0.009215176105499268, 0.00010003149509429932, 0.9571253061294556, -0.2445024847984314, -0.15533816814422607, 0.1939079910516739, 0.9391706585884094, -0.2834746539592743, 0.21519950032234192, 0.24119913578033447, 0.9463150501251221),
            ["LowerTorso"] = CFrame.new(0.10745630413293839, -0.0632176399230957, -0.30051255226135254, 0.9837130904197693, -0.0015659598866477609, 0.1797390580177307, 0.03244001045823097, 0.985088586807251, -0.16896191239356995, -0.17679430544376373, 0.17204077541828156, 0.9690953493118286),
            ["RightLowerLeg"] = CFrame.new(0, 1.7881393432617188e-07, -0.000007374379492830485, 1, 5.960467319710006e-08, -3.725290742551124e-09, -3.3527612686157227e-08, 0.9105116724967957, 0.41348332166671753, 3.3527612686157227e-08, -0.41348353028297424, 0.9105117321014404),
            ["LeftUpperLeg"] = CFrame.new(0.06434127688407898, -0.0074798548594117165, -0.00009998306632041931, 0.9515515565872192, 0.2585291862487793, -0.1664726734161377, -0.2610970735549927, 0.9652894139289856, 0.006652131676673889, 0.1624133139848709, 0.03713565692305565, 0.9860236644744873),
            ["LeftLowerLeg"] = CFrame.new(-2.60770320892334e-08, 0.00020062923431396484, 0.00010735495015978813, 1, -9.685758328714655e-08, 2.235174747511337e-07, -4.0978196835794733e-08, 0.8681964874267578, 0.49622058868408203, -2.440065429709648e-07, -0.4962206482887268, 0.8681965470314026),
        }},
        {Time = 0.033, Data = {
            ["RightFoot"] = CFrame.new(0.00750027596950531, -0.009015083312988281, 1.2276723282411695e-07, 0.956917941570282, 0.22095218300819397, 0.18838483095169067, -0.17961522936820984, 0.9602140784263611, -0.21383917331695557, -0.2281368225812912, 0.1707896590232849, 0.9585321545600891),
            ["LeftLowerArm"] = CFrame.new(-8.381903171539307e-08, -3.5762786865234375e-07, -7.897615432739258e-07, 1, -8.195638656616211e-08, 1.0430809993522416e-07, 7.404013757650318e-08, -0.35158053040504456, -0.9361576437950134, 1.6205011377223855e-07, 0.9361577033996582, -0.3515804409980774),
            ["RightUpperArm"] = CFrame.new(-5.960464477539063e-08, -8.344650268554688e-07, -6.705522537231445e-08, 0.8904992938041687, -0.3165380358695984, 0.32682523131370544, 0.44355258345603943, 0.4439515471458435, -0.7785680890083313, 0.10135181248188019, 0.8382784128189087, 0.5357398390769958),
            ["Head"] = CFrame.new(1.30385160446167e-08, -5.960464477539062e-07, -2.60770320892334e-08, 0.974412202835083, -0.05633678659796715, -0.21759384870529175, 0.023597193881869316, 0.9883701205253601, -0.15022580325603485, 0.2235264778137207, 0.1412472426891327, 0.9644092917442322),
            ["RightHand"] = CFrame.new(-5.960464477539063e-08, 4.76837158203125e-07, 8.568167686462402e-08, 0.5055627822875977, -0.6146353483200073, 0.6054995656013489, 0.8272682428359985, 0.5446227788925171, -0.13788889348506927, -0.24501745402812958, 0.5706219673156738, 0.7838093042373657),
            ["UpperTorso"] = CFrame.new(-1.862645149230957e-08, 1.4901161193847656e-07, -1.862645149230957e-09, 0.9980006814002991, -0.033106010407209396, 0.05384102836251259, 0.02523314394056797, 0.9897114634513855, 0.14083534479141235, -0.057949602603912354, -0.13919517397880554, 0.9885680079460144),
            ["HumanoidRootPart"] = CFrame.new(0, 0, 0, 1, 0, 0, 0, 1, 0, 0, 0, 1),
            ["RightUpperLeg"] = CFrame.new(-0.06434133648872375, -0.007479732856154442, 5.045876605436206e-08, 0.877622663974762, -0.26166871190071106, -0.4016340970993042, 0.24313782155513763, 0.9650817513465881, -0.09747186303138733, 0.41311338543891907, -0.012109005823731422, 0.9105983972549438),
            ["LeftUpperArm"] = CFrame.new(5.960464477539063e-08, -8.344650268554688e-07, 1.4901161193847656e-08, 0.9589142799377441, 0.1566278487443924, 0.23653985559940338, -0.13163548707962036, 0.9842396974563599, -0.11808660626411438, -0.2513076364994049, 0.08209790289402008, 0.9644192457199097),
            ["RightLowerArm"] = CFrame.new(0, 5.960464477539063e-08, 7.748603820800781e-07, 1, -3.352760913344355e-08, 8.568165554834195e-08, 7.450580596923828e-08, -0.24301525950431824, -0.970022439956665, 1.862645149230957e-07, 0.9700224995613098, -0.24301521480083466),
            ["LeftHand"] = CFrame.new(-2.384185791015625e-07, 1.1920928955078125e-07, 1.4901161193847656e-07, 0.49990561604499817, 0.714004397392273, -0.490196168422699, -0.8043962717056274, 0.5925520658493042, 0.042763736099004745, 0.321000337600708, 0.3729340136051178, 0.8705624938011169),
            ["LeftFoot"] = CFrame.new(-0.0075003416277468204, -0.009215116500854492, 0.00009996257722377777, 0.96368008852005, -0.23608434200286865, -0.12484025210142136, 0.20913879573345184, 0.9578452706336975, -0.1969594955444336, 0.1660773903131485, 0.16369672119617462, 0.972430944442749),
            ["LowerTorso"] = CFrame.new(0.10702616721391678, -0.014713287353515625, -0.3056473433971405, 0.9754042625427246, 0.007321169599890709, 0.220302015542984, 0.0124380337074399, 0.9960277080535889, -0.08817078173160553, -0.2200724184513092, 0.08874227851629257, 0.9714385867118835),
            ["RightLowerLeg"] = CFrame.new(6.705522537231445e-08, 1.7881393432617188e-07, -0.000007255170203279704, 1, 2.9802340151263707e-08, -3.166497108963995e-08, -1.862645326866641e-08, 0.956579327583313, 0.29147231578826904, 4.0978196835794733e-08, -0.2914724349975586, 0.956579327583313),
            ["LeftUpperLeg"] = CFrame.new(0.06434127688407898, -0.0074799563735723495, -0.00010002404451370239, 0.9564418792724609, 0.22857938706874847, -0.1815793663263321, -0.2399158626794815, 0.9698477983474731, -0.04284137114882469, 0.1663108915090561, 0.0845390260219574, 0.9824426770210266),
            ["LeftLowerLeg"] = CFrame.new(1.0058283805847168e-07, 0.00020039081573486328, 0.00010735169053077698, 1, -1.0058285937475375e-07, 2.53319797138829e-07, -2.6077039194660756e-08, 0.911392092704773, 0.41153934597969055, -2.3841863594498136e-07, -0.41153937578201294, 0.911392092704773),
        }},
        {Time = 0.067, Data = {
            ["RightFoot"] = CFrame.new(0.007500100880861282, -0.009015202522277832, -3.892637323588133e-09, 0.9749059677124023, 0.18911294639110565, 0.11745228618383408, -0.16602230072021484, 0.9691174626350403, -0.18234004080295563, -0.1483069211244583, 0.15826457738876343, 0.976195216178894),
            ["LeftLowerArm"] = CFrame.new(-7.264316082000732e-08, -2.384185791015625e-07, -7.180497050285339e-07, 1, -2.2351741790771484e-08, 7.450580596923828e-08, 7.078051567077637e-08, -0.3656274676322937, -0.9307613372802734, 4.284083843231201e-08, 0.9307613372802734, -0.3656274378299713),
            ["RightUpperArm"] = CFrame.new(-5.960464477539063e-08, -7.152557373046875e-07, -2.2351741790771484e-08, 0.8099560737609863, -0.4358581304550171, 0.3924271762371063, 0.5066635608673096, 0.18298281729221344, -0.8425018191337585, 0.2954038381576538, 0.8812179565429688, 0.36904147267341614),
            ["Head"] = CFrame.new(9.313225746154785e-10, -9.5367431640625e-07, 1.5832483768463135e-08, 0.937882125377655, -0.08003967255353928, -0.3375958800315857, 0.01866655796766281, 0.9832580089569092, -0.18126007914543152, 0.3464518189430237, 0.16369879245758057, 0.9236741662025452),
            ["RightHand"] = CFrame.new(2.980232238769531e-07, 3.5762786865234375e-07, -9.685754776000977e-08, 0.4879637658596039, -0.6280007362365723, 0.6062231659889221, 0.8410860300064087, 0.5239899754524231, -0.13419727981090546, -0.23337897658348083, 0.5753691792488098, 0.7838907241821289),
            ["UpperTorso"] = CFrame.new(-2.1653249859809875e-08, -8.940696716308594e-08, 4.284083843231201e-08, 0.9922827482223511, -0.06278287619352341, 0.10692673176527023, 0.05204864963889122, 0.9935868382453918, 0.10037971287965775, -0.11254309117794037, -0.0940396636724472, 0.9891868829727173),
            ["HumanoidRootPart"] = CFrame.new(0, 0, 0, 1, 0, 0, 0, 1, 0, 0, 0, 1),
            ["RightUpperLeg"] = CFrame.new(-0.06434136629104614, -0.007479929365217686, 1.137887011282146e-07, 0.8370603322982788, -0.2717801034450531, -0.4748345911502838, 0.22515086829662323, 0.9621122479438782, -0.1537752002477646, 0.4986353814601898, 0.021809620782732964, 0.8665363788604736),
            ["LeftUpperArm"] = CFrame.new(1.7881393432617188e-07, -5.960464477539062e-07, 4.936009645462036e-08, 0.9227979779243469, 0.25735369324684143, 0.28672826290130615, -0.18531757593154907, 0.9489361047744751, -0.25529929995536804, -0.33778905868530273, 0.18245384097099304, 0.9233683943748474),
            ["RightLowerArm"] = CFrame.new(1.5273690223693848e-07, -2.384185791015625e-07, 4.470348358154297e-07, 1, -1.3317908553744928e-07, 7.450579886381092e-08, 8.940696716308594e-08, 0.01561942882835865, -0.9998780488967896, 1.1734664440155029e-07, 0.9998779892921448, 0.015619473531842232),
            ["LeftHand"] = CFrame.new(-1.7881393432617188e-07, 1.1920928955078125e-07, 2.905726432800293e-07, 0.5199793577194214, 0.6612117290496826, -0.5407593250274658, -0.7683016657829285, 0.6386963129043579, 0.04218592122197151, 0.3732748031616211, 0.39353030920028687, 0.8401188850402832),
            ["LeftFoot"] = CFrame.new(-0.007500372361391783, -0.009215116500854492, 0.00009995326399803162, 0.9705957770347595, -0.23148775100708008, -0.06601108610630035, 0.21961726248264313, 0.9638500809669495, -0.15086719393730164, 0.09855011850595474, 0.13193361461162567, 0.9863476753234863),
            ["LowerTorso"] = CFrame.new(0.10544012486934662, 0.009326457977294922, -0.30648666620254517, 0.9657880067825317, 0.008512506261467934, 0.2591931223869324, -0.0007246457971632481, 0.9995458126068115, -0.03012729249894619, -0.2593318521976471, 0.028908755630254745, 0.9653555154800415),
            ["RightLowerLeg"] = CFrame.new(1.4901161193847656e-08, 1.1920928955078125e-07, -0.00000734457717044279, 1, 1.4901171851988693e-08, 3.725290742551124e-09, -1.1175872671742582e-08, 0.969681441783905, 0.24437279999256134, -7.450581485102248e-09, -0.24437285959720612, 0.969681441783905),
            ["LeftUpperLeg"] = CFrame.new(0.06434124708175659, -0.007480066269636154, -0.000099964439868927, 0.9610377550125122, 0.20472277700901031, -0.18573017418384552, -0.22401337325572968, 0.9704752564430237, -0.0894181951880455, 0.16193976998329163, 0.12754026055335999, 0.9785237908363342),
            ["LeftLowerLeg"] = CFrame.new(1.6391277313232422e-07, 0.00020015239715576172, 0.00010742992162704468, 1, -7.264316792543468e-08, 2.533197687171196e-07, 1.862645371275562e-09, 0.9321871995925903, 0.3619764745235443, -2.4214389782173384e-07, -0.3619765043258667, 0.9321871995925903),
        }},
        {Time = 0.100, Data = {
            ["RightFoot"] = CFrame.new(0.0075002871453762054, -0.009015083312988281, 6.351910997182131e-09, 0.9887632131576538, 0.14762143790721893, 0.023567982017993927, -0.1412062793970108, 0.9740422368049622, -0.17692536115646362, -0.04907336086034775, 0.17160926759243011, 0.9839420318603516),
            ["LeftLowerArm"] = CFrame.new(-8.009374141693115e-08, -5.364418029785156e-07, -6.724148988723755e-07, 1, -8.940695295223122e-08, 1.3411042232291948e-07, 1.2665987014770508e-07, -0.35277247428894043, -0.9357091188430786, 1.0058283805847168e-07, 0.9357091188430786, -0.35277247428894043),
            ["RightUpperArm"] = CFrame.new(0, 0, 2.60770320892334e-08, 0.7040542364120483, -0.4504503607749939, 0.5490010380744934, 0.5894524455070496, -0.06046012043952942, -0.8055374026298523, 0.39604729413986206, 0.8907519578933716, 0.22295188903808594),
            ["Head"] = CFrame.new(3.725290298461914e-09, -2.384185791015625e-07, -7.450580596923828e-09, 0.9120997786521912, -0.12728963792324066, -0.3897068202495575, 0.04532456398010254, 0.9760595560073853, -0.2127285748720169, 0.4074552059173584, 0.17636635899543762, 0.8960331082344055),
            ["RightHand"] = CFrame.new(3.5762786865234375e-07, 3.5762786865234375e-07, 8.940696716308594e-08, 0.44683289527893066, -0.6593207716941833, 0.6046788692474365, 0.8865344524383545, 0.4169883728027344, -0.20044295489788055, -0.11998800188302994, 0.6256331205368042, 0.7708346843719482),
            ["UpperTorso"] = CFrame.new(-9.313225746154785e-09, -8.940696716308594e-08, 2.7939677238464355e-09, 0.9915701150894165, -0.0516526959836483, 0.11883136630058289, 0.04119652137160301, 0.9951949119567871, 0.0888255164027214, -0.12284844368696213, -0.08318126946687698, 0.9889333844184875),
            ["HumanoidRootPart"] = CFrame.new(0, 0, 0, 1, 0, 0, 0, 1, 0, 0, 0, 1),
            ["RightUpperLeg"] = CFrame.new(-0.06434139609336853, -0.007479849271476269, 8.026108844205737e-08, 0.8186541199684143, -0.2678494453430176, -0.508000373840332, 0.19672773778438568, 0.9618492722511292, -0.190115287899971, 0.5395401120185852, 0.055700793862342834, 0.8401142358779907),
            ["LeftUpperArm"] = CFrame.new(0, 1.1920928955078125e-07, 2.60770320892334e-08, 0.8549643158912659, 0.3551017642021179, 0.3780723810195923, -0.22744199633598328, 0.9117510914802551, -0.3420236110687256, -0.4661610424518585, 0.20642845332622528, 0.8602797389030457),
            ["RightLowerArm"] = CFrame.new(2.2351741790771484e-08, -2.384185791015625e-07, 6.444752216339111e-07, 1, -9.872020712009544e-08, 2.2351745343485163e-08, 7.962808012962341e-08, 0.43290451169013977, -0.9014397859573364, 7.281778380274773e-08, 0.9014398455619812, 0.43290451169013977),
            ["LeftHand"] = CFrame.new(-5.364418029785156e-07, -3.5762786865234375e-07, -7.729977369308472e-08, 0.5310344696044922, 0.6907641291618347, -0.49076205492019653, -0.7756535410881042, 0.6294332146644592, 0.04664386436343193, 0.3411218822002411, 0.35589179396629333, 0.8700442910194397),
            ["LeftFoot"] = CFrame.new(-0.007500378880649805, -0.009215116500854492, 0.00009999983012676239, 0.974226176738739, -0.2253100723028183, -0.0109126390889287, 0.22129826247692108, 0.9640183448791504, -0.14729301631450653, 0.043708622455596924, 0.14108149707317352, 0.9890326857566833),
            ["LowerTorso"] = CFrame.new(0.10295513272285461, 0.009446382522583008, -0.30497267842292786, 0.955463171005249, -0.008117422461509705, 0.29499903321266174, 0.009591064415872097, 0.999947726726532, -0.0035488540306687355, -0.2949548363685608, 0.006220153067260981, 0.9554909467697144),
            ["RightLowerLeg"] = CFrame.new(0, 1.7881393432617188e-07, -0.000007284972525667399, 1, 4.097821459936313e-08, 3.3527612686157227e-08, -3.725290653733282e-08, 0.9650827646255493, 0.26194530725479126, 1.1175872671742582e-08, -0.26194530725479126, 0.9650827646255493),
            ["LeftUpperLeg"] = CFrame.new(0.06434124708175659, -0.007479997351765633, -0.0000999821349978447, 0.9595550894737244, 0.1995418667793274, -0.1985894739627838, -0.22612766921520233, 0.9664912819862366, -0.12149287015199661, 0.16769126057624817, 0.16148565709590912, 0.9725234508514404),
            ["LeftLowerLeg"] = CFrame.new(5.960464477539063e-08, 0.0002002120018005371, 0.00010735169053077698, 1, -8.940698137394065e-08, 2.3841863594498136e-07, -2.9802322387695312e-08, 0.9316892027854919, 0.3632565438747406, -2.514570951461792e-07, -0.3632565438747406, 0.9316892623901367),
        }},
        {Time = 0.133, Data = {
            ["RightFoot"] = CFrame.new(0.007500156760215759, -0.009015023708343506, -9.702489478513598e-08, 0.987276017665863, 0.15672087669372559, 0.026922060176730156, -0.14830473065376282, 0.9685661196708679, -0.1997133195400238, -0.057374007999897, 0.19317954778671265, 0.979484498500824),
            ["LeftLowerArm"] = CFrame.new(-1.9371509552001953e-07, -2.384185791015625e-07, -8.270144462585449e-07, 1, -1.1920927533992653e-07, 1.1175868053214799e-07, 8.195639367158947e-08, -0.31403523683547974, -0.9494113922119141, 6.705523247774181e-08, 0.9494113326072693, -0.31403523683547974),
            ["RightUpperArm"] = CFrame.new(1.1920928955078125e-07, -7.152557373046875e-07, -4.0978193283081055e-08, 0.5905440449714661, -0.374878466129303, 0.7146495580673218, 0.6978858113288879, -0.207443967461586, -0.6855088472366333, 0.405232310295105, 0.9035669565200806, 0.13911759853363037),
            ["Head"] = CFrame.new(-4.0978193283081055e-08, -8.344650268554688e-07, 3.91155481338501e-08, 0.900082528591156, -0.1409498006105423, -0.41229209303855896, 0.06742643564939499, 0.979891300201416, -0.18779446184635162, 0.4304709732532501, 0.14123116433620453, 0.8914867043495178),
            ["RightHand"] = CFrame.new(1.7881393432617188e-07, 4.172325134277344e-07, 7.450580596923828e-08, 0.4485987722873688, -0.6663123369216919, 0.5956400632858276, 0.8897185921669006, 0.3960445523262024, -0.22704535722732544, -0.08461694419384003, 0.6318042874336243, 0.7704955339431763),
            ["UpperTorso"] = CFrame.new(-3.725290298461914e-09, -2.9802322387695312e-08, -1.30385160446167e-08, 0.9928374886512756, -0.039778780192136765, 0.11265617609024048, 0.03185952827334404, 0.9969500303268433, 0.07124431431293488, -0.11514658480882645, -0.06714486330747604, 0.9910765886306763),
            ["HumanoidRootPart"] = CFrame.new(0, 0, 0, 1, 0, 0, 0, 1, 0, 0, 0, 1),
            ["RightUpperLeg"] = CFrame.new(-0.06434136629104614, -0.007479859050363302, 9.329960448667407e-08, 0.8122432231903076, -0.2602803409099579, -0.5220322012901306, 0.177637979388237, 0.9627938270568848, -0.20364809036254883, 0.5556130409240723, 0.07267896831035614, 0.828257143497467),
            ["LeftUpperArm"] = CFrame.new(0, -7.152557373046875e-07, 5.21540641784668e-08, 0.7951374053955078, 0.4049389660358429, 0.4514211416244507, -0.2588074207305908, 0.899791419506073, -0.3512752056121826, -0.5484298467636108, 0.1624809056520462, 0.8202589750289917),
            ["RightLowerArm"] = CFrame.new(1.564621925354004e-07, -5.960464477539063e-08, 7.450580596923828e-07, 1, -6.705522537231445e-08, -1.1175872671742582e-08, 4.8428766774577525e-08, 0.8290255665779114, -0.5592107772827148, -1.5832481992106295e-08, 0.5592107176780701, 0.8290256261825562),
            ["LeftHand"] = CFrame.new(-3.5762786865234375e-07, -4.76837158203125e-07, -1.0989606380462646e-07, 0.5342742800712585, 0.7242398262023926, -0.43592190742492676, -0.7852610945701599, 0.6161319017410278, 0.06120895594358444, 0.3129153251647949, 0.30960994958877563, 0.8979006409645081),
            ["LeftFoot"] = CFrame.new(-0.0075003174133598804, -0.009215295314788818, 0.00010002497583627701, 0.977116048336029, -0.20828473567962646, 0.04315464571118355, 0.21253706514835358, 0.9641396403312683, -0.15894174575805664, -0.00849951896816492, 0.16447608172893524, 0.9863443374633789),
            ["LowerTorso"] = CFrame.new(0.09995998442173004, 0.009566783905029297, -0.3074563443660736, 0.9463567733764648, -0.026048315688967705, 0.32207196950912476, 0.02436790056526661, 0.9996602535247803, 0.009248673915863037, -0.32220348715782166, -0.0009043291211128235, 0.9466699957847595),
            ["RightLowerLeg"] = CFrame.new(-1.1920928955078125e-07, 3.5762786865234375e-07, -0.000007329676009248942, 1, 3.35276340024393e-08, -2.887100691850719e-08, -2.980232949312267e-08, 0.958114504814148, 0.2863856554031372, 1.4901164746561335e-08, -0.28638577461242676, 0.958114504814148),
            ["LeftUpperLeg"] = CFrame.new(0.06434130668640137, -0.007480228319764137, -0.00009998679161071777, 0.9592660665512085, 0.20016448199748993, -0.19935761392116547, -0.2313387095928192, 0.9616017937660217, -0.14766237139701843, 0.16214506328105927, 0.1877666562795639, 0.9687376022338867),
            ["LeftLowerLeg"] = CFrame.new(1.6391277313232422e-07, 0.0002002716064453125, 0.00010737776756286621, 1, -9.685756907629184e-08, 2.309680269263481e-07, -3.539026138810186e-08, 0.9242223501205444, 0.3818548917770386, -2.477318332694267e-07, -0.3818548917770386, 0.9242223501205444),
        }},
        {Time = 0.167, Data = {
            ["RightFoot"] = CFrame.new(0.007500175386667252, -0.009015023708343506, -2.996966941282153e-08, 0.973737895488739, 0.20334360003471375, 0.10240358114242554, -0.1812046617269516, 0.9644907116889954, -0.1921520233154297, -0.13783881068229675, 0.16854971647262573, 0.9760076999664307),
            ["LeftLowerArm"] = CFrame.new(-1.341104507446289e-07, 5.960464477539063e-08, -9.238719940185547e-07, 1, -8.195639367158947e-08, 9.313227877782992e-08, 8.940695295223122e-08, -0.259484201669693, -0.9657474160194397, 1.1920927533992653e-07, 0.9657474160194397, -0.259484201669693),
            ["RightUpperArm"] = CFrame.new(0, 0, 6.705522537231445e-08, 0.5904152989387512, -0.3845495283603668, 0.709599494934082, 0.7133309841156006, -0.16268578171730042, -0.6816835403442383, 0.37758269906044006, 0.9086557030677795, 0.17825885117053986),
            ["Head"] = CFrame.new(-3.725290298461914e-08, -2.384185791015625e-07, 2.9802322387695312e-08, 0.8878901600837708, -0.09658191353082657, -0.4498034119606018, 0.047564439475536346, 0.9917473793029785, -0.11905842274427414, 0.4575901925563812, 0.08431614190340042, 0.885156512260437),
            ["RightHand"] = CFrame.new(-2.682209014892578e-07, 4.76837158203125e-07, 0, 0.4942731261253357, -0.6503427028656006, 0.5768434405326843, 0.8623528480529785, 0.45057931542396545, -0.23092389106750488, -0.1097341775894165, 0.6115820407867432, 0.7835342288017273),
            ["UpperTorso"] = CFrame.new(7.450580596923828e-09, 3.2782554626464844e-07, -6.367918103933334e-08, 0.9923223853111267, -0.04340050742030144, 0.11581369489431381, 0.036459729075431824, 0.9974477291107178, 0.06139105185866356, -0.11818249523639679, -0.05669718235731125, 0.9913719296455383),
            ["HumanoidRootPart"] = CFrame.new(0, 0, 0, 1, 0, 0, 0, 1, 0, 0, 0, 1),
            ["RightUpperLeg"] = CFrame.new(-0.06434130668640137, -0.007479584310203791, 4.475441528484225e-08, 0.8234414458274841, -0.24752481281757355, -0.5105663537979126, 0.17602437734603882, 0.966873824596405, -0.18485212326049805, 0.5394067764282227, 0.06234268099069595, 0.8397331237792969),
            ["LeftUpperArm"] = CFrame.new(0, -1.1920928955078125e-07, 3.725290298461914e-08, 0.7990766763687134, 0.3854247033596039, 0.4614372253417969, -0.2701786458492279, 0.9158275723457336, -0.29709160327911377, -0.5371032953262329, 0.11272852122783661, 0.8359498977661133),
            ["RightLowerArm"] = CFrame.new(-2.384185791015625e-07, 0, 0.0000010132789611816406, 1, -6.332993507385254e-08, 7.4505797087454084e-09, 2.6077035641947077e-08, 0.9006494283676147, -0.43454647064208984, 9.778887921640944e-09, 0.4345465302467346, 0.90064936876297),
            ["LeftHand"] = CFrame.new(-2.384185791015625e-07, 1.1920928955078125e-07, 4.563480615615845e-08, 0.5183447003364563, 0.730333149433136, -0.44489586353302, -0.7866728901863098, 0.611231803894043, 0.08684086054563522, 0.3353572189807892, 0.3049740195274353, 0.891362190246582),
            ["LeftFoot"] = CFrame.new(-0.0075002205558121204, -0.009215056896209717, 0.0001000422053039074, 0.9773971438407898, -0.19323086738586426, 0.08577682822942734, 0.20534798502922058, 0.9641901254653931, -0.1678367406129837, -0.050271179527044296, 0.18165680766105652, 0.9820759296417236),
            ["LowerTorso"] = CFrame.new(0.09657654166221619, 0.009687423706054688, -0.3238046169281006, 0.9363413453102112, -0.03604988008737564, 0.34923532605171204, 0.03877870365977287, 0.9992474913597107, -0.0008228028891608119, -0.3489428460597992, 0.014313315972685814, 0.9370347261428833),
            ["RightLowerLeg"] = CFrame.new(7.450580596923828e-08, 3.5762786865234375e-07, -0.000007284972525667399, 1, 5.215408194203519e-08, 1.6763804566721774e-08, -3.725290653733282e-08, 0.949906587600708, 0.312533974647522, 3.725290653733282e-08, -0.31253406405448914, 0.9499066472053528),
            ["LeftUpperLeg"] = CFrame.new(0.06434124708175659, -0.0074798609130084515, -0.00010003382340073586, 0.9600833654403687, 0.2070097029209137, -0.1881158947944641, -0.2344575971364975, 0.9623373746871948, -0.1376090943813324, 0.1525437831878662, 0.17622141540050507, 0.9724587798118591),
            ["LeftLowerLeg"] = CFrame.new(-6.332993507385254e-08, 0.00020039081573486328, 0.00010735541582107544, 1, -6.705524668859653e-08, 2.3469331722481002e-07, 0, 0.9255045056343079, 0.3787367343902588, -2.5145715198959806e-07, -0.37873682379722595, 0.9255045056343079),
        }},
        {Time = 0.200, Data = {
            ["RightFoot"] = CFrame.new(0.0075002796947956085, -0.009015142917633057, -1.6931153368204832e-08, 0.956143856048584, 0.24095715582370758, 0.16652145981788635, -0.21434764564037323, 0.96308833360672, -0.1628367304801941, -0.19960962235927582, 0.1200019046664238, 0.9724993109703064),
            ["LeftLowerArm"] = CFrame.new(1.4901161193847656e-07, -3.5762786865234375e-07, -5.587935447692871e-07, 1, -7.823108916227284e-08, 1.2665985593685036e-07, 7.450579886381092e-08, -0.19382908940315247, -0.9810353517532349, 8.754431490842762e-08, 0.9810353517532349, -0.19382907450199127),
            ["RightUpperArm"] = CFrame.new(0, -1.1920928955078125e-07, 2.9802322387695312e-08, 0.7328437566757202, -0.4477500021457672, 0.5123083591461182, 0.586401104927063, 0.033770300447940826, -0.8093166947364807, 0.34507063031196594, 0.8935208916664124, 0.28730934858322144),
            ["Head"] = CFrame.new(1.4901161193847656e-08, -1.1920928955078125e-07, -2.60770320892334e-08, 0.8799505233764648, -0.04321027919650078, -0.47309625148773193, 0.02970828302204609, 0.9989109039306641, -0.0359787680208683, 0.4741356372833252, 0.017604660242795944, 0.8802758455276489),
            ["RightHand"] = CFrame.new(-3.2782554626464844e-07, 5.960464477539062e-07, -5.960464477539063e-08, 0.4964919686317444, -0.6065525412559509, 0.6209588050842285, 0.8527454733848572, 0.4745161235332489, -0.2183111310005188, -0.16223783791065216, 0.637909471988678, 0.7528282999992371),
            ["UpperTorso"] = CFrame.new(-2.2351741790771484e-08, 1.4901161193847656e-07, -1.862645149230957e-08, 0.9921258687973022, -0.049459975212812424, 0.11506500840187073, 0.04119395092129707, 0.9964706897735596, 0.07313967496156693, -0.11827642470598221, -0.06782378256320953, 0.9906617403030396),
            ["HumanoidRootPart"] = CFrame.new(0, 0, 0, 1, 0, 0, 0, 1, 0, 0, 0, 1),
            ["RightUpperLeg"] = CFrame.new(-0.06434133648872375, -0.007479790598154068, 6.535992724820971e-08, 0.8699604868888855, -0.22019259631633759, -0.4412320852279663, 0.18399952352046967, 0.9750953912734985, -0.12382638454437256, 0.4575072228908539, 0.026537476107478142, 0.8888089060783386),
            ["LeftUpperArm"] = CFrame.new(1.1920928955078125e-07, -3.5762786865234375e-07, -1.4901161193847656e-08, 0.8352569341659546, 0.3110959827899933, 0.4533929228782654, -0.238633930683136, 0.9479504227638245, -0.2108170986175537, -0.49537837505340576, 0.06789153814315796, 0.866020143032074),
            ["RightLowerArm"] = CFrame.new(5.066394805908203e-07, -3.5762786865234375e-07, 3.2316893339157104e-07, 1, 1.1175872671742582e-08, 4.284084198502569e-08, 6.146729703004894e-08, 0.699657678604126, -0.7144782543182373, -4.663889541234312e-08, 0.7144782543182373, 0.6996576189994812),
            ["LeftHand"] = CFrame.new(-4.172325134277344e-07, -1.1920928955078125e-07, -1.1734664440155029e-07, 0.4938561022281647, 0.7242749929428101, -0.48117774724960327, -0.7828248143196106, 0.6112251877784729, 0.1165730357170105, 0.3785388767719269, 0.3191075921058655, 0.8688376545906067),
            ["LeftFoot"] = CFrame.new(-0.0075003295205533504, -0.009215116500854492, 0.00010002497583627701, 0.978123664855957, -0.17723535001277924, 0.10891666263341904, 0.19432978332042694, 0.9653128385543823, -0.17437535524368286, -0.07423005253076553, 0.19172605872154236, 0.9786370396614075),
            ["LowerTorso"] = CFrame.new(0.09077340364456177, 0.009807586669921875, -0.34772080183029175, 0.9274654984474182, -0.03688306733965874, 0.37208548188209534, 0.053175315260887146, 0.9980192184448242, -0.033616602420806885, -0.37010860443115234, 0.05096399411559105, 0.9275895357131958),
            ["RightLowerLeg"] = CFrame.new(2.2351741790771484e-08, 3.5762786865234375e-07, -0.000007333401299547404, 1, 4.2840863301307763e-08, 7.450580596923828e-09, -2.6077035641947077e-08, 0.9437006115913391, 0.3308005928993225, 2.6077035641947077e-08, -0.33080074191093445, 0.9437007308006287),
            ["LeftUpperLeg"] = CFrame.new(0.0643412172794342, -0.00748003926128149, -0.00009997189044952393, 0.9628892540931702, 0.21786446869373322, -0.15931139886379242, -0.23487113416194916, 0.9671820998191833, -0.0969233438372612, 0.1329662948846817, 0.130744069814682, 0.9824590682983398),
            ["LeftLowerLeg"] = CFrame.new(8.195638656616211e-08, 0.00020045042037963867, 0.00010722875595092773, 1, -6.705523958316917e-08, 2.2724276504959562e-07, -1.6763808119435453e-08, 0.9317572116851807, 0.36308202147483826, -2.3469331722481002e-07, -0.36308208107948303, 0.9317572712898254),
        }},
        {Time = 0.233, Data = {
            ["RightFoot"] = CFrame.new(0.0075002992525696754, -0.009015142917633057, -1.879379851743579e-08, 0.9400669932365417, 0.24765545129776, 0.2343975156545639, -0.20911768078804016, 0.9616680145263672, -0.17738229036331177, -0.2693396210670471, 0.11773470044136047, 0.9558207392692566),
            ["LeftLowerArm"] = CFrame.new(-1.6391277313232422e-07, -4.76837158203125e-07, -6.780028343200684e-07, 1, -3.073364496231079e-08, 9.126962652317161e-08, 9.313224325069314e-08, -0.12661878764629364, -0.9919515252113342, 3.073364140959711e-08, 0.9919515252113342, -0.12661883234977722),
            ["RightUpperArm"] = CFrame.new(0, -4.76837158203125e-07, 2.9802322387695312e-08, 0.8699188232421875, -0.41697201132774353, 0.26339247822761536, 0.40197962522506714, 0.29002541303634644, -0.8685031533241272, 0.28575098514556885, 0.861405611038208, 0.4199129045009613),
            ["Head"] = CFrame.new(-3.725290298461914e-08, -5.960464477539062e-07, -3.725290298461914e-09, 0.8842399716377258, -0.02906041219830513, -0.466127872467041, 0.04123183339834213, 0.9990226626396179, 0.0159330815076828, 0.4652092754840851, -0.03330797702074051, 0.8845738768577576),
            ["RightHand"] = CFrame.new(-2.9802322387695312e-08, 5.960464477539062e-07, 2.9802322387695312e-08, 0.4877992570400238, -0.624927282333374, 0.6095225811004639, 0.8642263412475586, 0.44420862197875977, -0.23620271682739258, -0.12314572930335999, 0.6419849395751953, 0.756763219833374),
            ["UpperTorso"] = CFrame.new(-3.725290298461914e-08, 0, 9.313225746154785e-09, 0.9933370351791382, -0.06053309515118599, 0.0980677679181099, 0.04888410493731499, 0.9919144511222839, 0.11711546778678894, -0.10436411947011948, -0.11154118925333023, 0.9882645606994629),
            ["HumanoidRootPart"] = CFrame.new(0, 0, 0, 1, 0, 0, 0, 1, 0, 0, 0, 1),
            ["RightUpperLeg"] = CFrame.new(-0.06434142589569092, -0.007479729130864143, 1.0261283023282886e-07, 0.9210317730903625, -0.19446821510791779, -0.337466835975647, 0.19317902624607086, 0.9804369211196899, -0.037750065326690674, 0.33820468187332153, -0.030422620475292206, 0.9405801296234131),
            ["LeftUpperArm"] = CFrame.new(-1.1920928955078125e-07, -5.960464477539062e-07, 3.725290298461914e-08, 0.857700526714325, 0.206660196185112, 0.47078803181648254, -0.1754569113254547, 0.9783442616462708, -0.10980602353811264, -0.4832853674888611, 0.011577662080526352, 0.8753863573074341),
            ["RightLowerArm"] = CFrame.new(-5.811452865600586e-07, -1.1920928955078125e-07, 5.662441253662109e-07, 1, -1.1175869474300271e-07, 3.725290298461914e-08, 1.0360961510968991e-07, 0.28270223736763, -0.9592077732086182, 1.1175868230850483e-08, 0.9592077732086182, 0.28270223736763),
            ["LeftHand"] = CFrame.new(-1.7881393432617188e-07, -5.960464477539063e-08, 3.869645297527313e-07, 0.48732757568359375, 0.7267391681671143, -0.4841095209121704, -0.799034833908081, 0.5947406888008118, 0.08847101777791977, 0.3522149920463562, 0.34370604157447815, 0.8705233931541443),
            ["LeftFoot"] = CFrame.new(-0.007500350475311279, -0.009215176105499268, 0.00010001100599765778, 0.9814675450325012, -0.1583772599697113, 0.10788518190383911, 0.1770532727241516, 0.9648203253746033, -0.1943540722131729, -0.07330513745546341, 0.20985329151153564, 0.9749807119369507),
            ["LowerTorso"] = CFrame.new(0.0815509483218193, 0.0012218952178955078, -0.37291666865348816, 0.9231406450271606, -0.021727396175265312, 0.3838479220867157, 0.06265655159950256, 0.9935562610626221, -0.09444737434387207, -0.3793223798274994, 0.11123881489038467, 0.9185534715652466),
            ["RightLowerLeg"] = CFrame.new(-8.475035429000854e-08, 5.960464477539063e-08, -0.00000724771962268278, 1, 7.194471152160986e-08, -3.725291186640334e-09, -4.5867643905239674e-08, 0.932305634021759, 0.3616715371608734, 2.7939680791178034e-08, -0.3616716265678406, 0.9323056936264038),
            ["LeftUpperLeg"] = CFrame.new(0.06434127688407898, -0.0074799261055886745, -0.00009995698928833008, 0.9671137928962708, 0.22736458480358124, -0.1140027567744255, -0.23374006152153015, 0.9712143540382385, -0.045913372188806534, 0.10028161108493805, 0.07105045020580292, 0.9924189448356628),
            ["LeftLowerLeg"] = CFrame.new(5.21540641784668e-08, 0.00020045042037963867, 0.00010733306407928467, 1, -6.705523247774181e-08, 2.3469331722481002e-07, -1.1175872671742582e-08, 0.9274343848228455, 0.37398603558540344, -2.1979215603096236e-07, -0.3739860951900482, 0.9274344444274902),
        }},
        {Time = 0.267, Data = {
            ["RightFoot"] = CFrame.new(0.0075001828372478485, -0.009015142917633057, 2.7772330213338137e-08, 0.9390370845794678, 0.2342253476381302, 0.2516937553882599, -0.17888633906841278, 0.9580041766166687, -0.22411544620990753, -0.2936139702796936, 0.16542832553386688, 0.941500186920166),
            ["LeftLowerArm"] = CFrame.new(-6.705522537231445e-08, -2.384185791015625e-07, -6.854534149169922e-07, 1, -1.5222762783650978e-07, 1.0055374843886966e-07, 8.754432201385498e-08, -0.07983232289552689, -0.9968083500862122, 1.0558869689702988e-07, 0.9968084096908569, -0.07983230799436569),
            ["RightUpperArm"] = CFrame.new(0, -4.76837158203125e-07, 7.450580596923828e-09, 0.9350385069847107, -0.3448929488658905, 0.0821697860956192, 0.2645891308784485, 0.5245290398597717, -0.8092353940010071, 0.23599913716316223, 0.7784075140953064, 0.5817097425460815),
            ["Head"] = CFrame.new(-7.450580596923828e-09, -4.76837158203125e-07, -1.4901161193847656e-08, 0.8940730690956116, -0.021579574793577194, -0.447401225566864, 0.04177577421069145, 0.9985024929046631, 0.03532247617840767, 0.44596895575523376, -0.050271399319171906, 0.893635630607605),
            ["RightHand"] = CFrame.new(1.1920928955078125e-07, 4.76837158203125e-07, 1.341104507446289e-07, 0.5230152606964111, -0.6361462473869324, 0.5672503709793091, 0.8386477828025818, 0.5028406977653503, -0.209335058927536, -0.15206900238990784, 0.5852086544036865, 0.7964960336685181),
            ["UpperTorso"] = CFrame.new(-2.2351741790771484e-08, 8.940696716308594e-08, -5.21540641784668e-08, 0.9935776591300964, -0.07463014125823975, 0.08505187928676605, 0.05971141532063484, 0.9842936992645264, 0.16613440215587616, -0.0961146205663681, -0.15998883545398712, 0.9824284911155701),
            ["HumanoidRootPart"] = CFrame.new(0, 0, 0, 1, 0, 0, 0, 1, 0, 0, 0, 1),
            ["RightUpperLeg"] = CFrame.new(-0.06434133648872375, -0.007479834370315075, -1.6952981241047382e-09, 0.9624707102775574, -0.1661493331193924, -0.21458140015602112, 0.19046668708324432, 0.9767912030220032, 0.09798562526702881, 0.19332006573677063, -0.1351790428161621, 0.9717786312103271),
            ["LeftUpperArm"] = CFrame.new(1.1920928955078125e-07, -3.5762786865234375e-07, 2.2351741790771484e-08, 0.8538061380386353, 0.08041971176862717, 0.5143422484397888, -0.0854640007019043, 0.9962443113327026, -0.013897428289055824, -0.5135281085968018, -0.03209203854203224, 0.8574724197387695),
            ["RightLowerArm"] = CFrame.new(0, -1.7881393432617188e-07, 0.0000011324882507324219, 1, -1.3411046495548362e-07, 1.1548398504146462e-07, 9.499488129449674e-08, -0.15025362372398376, -0.9886474609375, 1.1175868053214799e-07, 0.9886475801467896, -0.15025368332862854),
            ["LeftHand"] = CFrame.new(-2.384185791015625e-07, 1.1920928955078125e-07, -1.6088597476482391e-07, 0.47866207361221313, 0.738015353679657, -0.47562175989151, -0.8249860405921936, 0.5634363293647766, 0.044016655534505844, 0.3004676401615143, 0.3713122010231018, 0.8785480260848999),
            ["LeftFoot"] = CFrame.new(-0.007500237785279751, -0.009215235710144043, 0.00010002776980400085, 0.9853557348251343, -0.15404896438121796, 0.07310211658477783, 0.1669604331254959, 0.9587135910987854, -0.23020024597644806, -0.03461854159832001, 0.23903384804725647, 0.9703937768936157),
            ["LowerTorso"] = CFrame.new(0.07252568006515503, -0.01791858673095703, -0.397945374250412, 0.9260219931602478, 0.005475953686982393, 0.37742987275123596, 0.05644505098462105, 0.9866434931755066, -0.15280239284038544, -0.37322545051574707, 0.16280242800712585, 0.9133445024490356),
