return {
    ["Crabby"] = {
        {Time = 0.000, Data = {
            ["LeftFoot"] = CFrame.new(-5.960464477539063e-08, 5.960464477539063e-08, 6.705522537231445e-08, 0.9943315386772156, -0.09870118647813797, -0.039533715695142746, 0.06879155337810516, 0.8807173371315002, -0.4686203896999359, 0.08107154816389084, 0.46324416995048523, 0.8825146555900574),
            ["LeftLowerArm"] = CFrame.new(-0.0005058646202087402, -0.00010037422180175781, -2.2351741790771484e-07, 1, -1.5087418603343394e-07, 1.7508864402770996e-07, 1.6391278734317893e-07, -0.15037432312965393, -0.988629162311554, 2.0302834968788375e-07, 0.988629162311554, -0.1503743678331375),
            ["LowerTorso"] = CFrame.new(-0.0745394229888916, -0.7787189483642578, 0.49590831995010376, 0.9995752573013306, -0.029067669063806534, -0.0020901523530483246, 0.029141074046492577, 0.9977070093154907, 0.06108597666025162, 0.0003097327135037631, -0.06112093850970268, 0.9981303215026855),
            ["Head"] = CFrame.new(-5.21540641784668e-08, 4.76837158203125e-07, -2.584420144557953e-07, 0.9965094923973083, 0.03755100071430206, 0.07455772161483765, 0.0018383004935458302, 0.8830320239067078, -0.46930932998657227, -0.08345988392829895, 0.46780818700790405, 0.8798806667327881),
            ["RightUpperArm"] = CFrame.new(-0.00822538137435913, -0.08043503761291504, -3.5762786865234375e-07, 0.9607082009315491, 0.16983184218406677, -0.21952949464321136, -0.27747541666030884, 0.607260525226593, -0.7444761395454407, 0.006876033265143633, 0.7761390805244446, 0.6305252313613892),
            ["UpperTorso"] = CFrame.new(-1.973239704966545e-08, -2.9802322387695312e-08, 1.3140379451215267e-08, 0.9974170923233032, 0.025838863104581833, -0.06701888144016266, 0.011077462695538998, 0.8665550351142883, 0.49895864725112915, 0.07096806168556213, -0.49841219186782837, 0.8640305995941162),
            ["HumanoidRootPart"] = CFrame.new(0, 0, 0, 1, 0, 0, 0, 1, 0, 0, 0, 1),
            ["RightHand"] = CFrame.new(-8.940696716308594e-08, -1.1920928955078125e-07, -2.384185791015625e-07, 0.10176011174917221, -0.8175427913665771, 0.5668058395385742, 0.5680610537528992, 0.515490710735321, 0.6415420174598694, -0.8166711330413818, 0.2566968500614166, 0.5168704390525818),
            ["LeftUpperArm"] = CFrame.new(0.00822538137435913, -0.08043479919433594, 7.450580596923828e-09, 0.9949789643287659, -0.04654647782444954, -0.08860062807798386, -0.030153796076774597, 0.7047121524810791, -0.7088524103164673, 0.09543468803167343, 0.7079647779464722, 0.6997700929641724),
            ["RightLowerArm"] = CFrame.new(0.000005602836608886719, -0.0000019073486328125, 1.4901161193847656e-07, 1, -7.450581485102248e-09, 7.450580596923828e-09, 1.4901164746561335e-08, -0.004911926109343767, -0.9999880194664001, -1.4901164746561335e-08, 0.9999880194664001, -0.004911929368972778),
            ["LeftHand"] = CFrame.new(-1.9371509552001953e-07, 0.00009959936141967773, 1.7881393432617188e-07, 0.9866490364074707, -0.008826648816466331, -0.1626216471195221, -0.06299122422933578, 0.9001346230506897, -0.43103349208831787, 0.15018592774868011, 0.4355226159095764, 0.8875609040260315),
            ["RightUpperLeg"] = CFrame.new(1.1920928955078125e-07, -6.742775440216064e-07, -4.133471520617604e-08, 0.9121180772781372, -0.37029829621315, -0.17584116756916046, -0.0781235322356224, 0.2640690505504608, -0.9613347053527832, 0.40241459012031555, 0.8905878663063049, 0.21193304657936096),
            ["LeftUpperLeg"] = CFrame.new(5.960464477539063e-08, -9.760260581970215e-07, -9.604264050722122e-08, 0.8859323263168335, 0.4607127904891968, -0.05355105549097061, -0.10271626710891724, 0.0822950154542923, -0.9913005828857422, -0.4522978961467743, 0.8837258219718933, 0.12023057043552399),
            ["RightLowerLeg"] = CFrame.new(3.5390257835388184e-08, -0.0000036954879760742188, -0.000013316217518877238, 1, 3.7252888773764425e-08, -4.0978221704790485e-08, -6.51925802230835e-09, -0.3611218333244324, 0.9325186610221863, 3.166496753692627e-08, -0.9325186014175415, -0.3611220121383667),
            ["RightFoot"] = CFrame.new(1.3969838619232178e-09, 3.5762786865234375e-07, 3.149762051180005e-08, 0.9993958473205566, -0.0331261120736599, -0.010517693124711514, 0.018797332420945168, 0.7697129249572754, -0.6381130218505859, 0.029234062880277634, 0.6375302672386169, 0.7698708772659302),
            ["LeftLowerLeg"] = CFrame.new(-5.960464477539063e-08, 0.000003814697265625, 0.000013303011655807495, 1, -1.7136335372924805e-07, -1.9744028634249844e-07, 1.1827791013274691e-07, -0.3174261152744293, 0.9482828974723816, -2.123414475363461e-07, -0.9482830166816711, -0.3174264430999756),
        }},
        {Time = 0.033, Data = {
            ["LeftFoot"] = CFrame.new(6.705522537231445e-08, -5.960464477539063e-08, -5.960464477539063e-08, 0.9552980065345764, -0.28223851323127747, -0.08801832050085068, 0.19633376598358154, 0.8282228112220764, -0.5248821377754211, 0.2210405021905899, 0.48413699865341187, 0.8466118574142456),
            ["LeftLowerArm"] = CFrame.new(-0.0005058050155639648, -0.00009995698928833008, -2.086162567138672e-07, 1, -1.6391268786719593e-07, 1.6391273049976007e-07, 1.6391277313232422e-07, -0.10862039774656296, -0.9940832853317261, 1.9371509552001953e-07, 0.9940832853317261, -0.10862039774656296),
            ["LowerTorso"] = CFrame.new(-0.05728389695286751, -0.75287926197052, 0.46517711877822876, 0.9989433288574219, -0.045934874564409256, -0.001481584389694035, 0.04594836384057999, 0.9975124001502991, 0.05345795303583145, -0.0009776855586096644, -0.053469542413949966, 0.9985690116882324),
            ["Head"] = CFrame.new(-4.0978193283081055e-08, 5.960464477539062e-07, -1.869630068540573e-07, 0.9999492168426514, -0.005704198032617569, -0.008319012820720673, 0.0009999555768445134, 0.8767374157905579, -0.48096826672554016, 0.010037128813564777, 0.4809355139732361, 0.8766986131668091),
            ["RightUpperArm"] = CFrame.new(-0.00822538137435913, -0.08043479919433594, -2.4959444999694824e-07, 0.9805277585983276, 0.1947900950908661, 0.024905478581786156, -0.10979364812374115, 0.648921549320221, -0.7528923749923706, -0.16282117366790771, 0.7354982495307922, 0.6576723456382751),
            ["UpperTorso"] = CFrame.new(-2.1245796233415604e-08, -8.940696716308594e-08, 2.932938514277339e-08, 0.9981487393379211, 0.026760632172226906, 0.054617468267679214, -0.04973554611206055, 0.876013994216919, 0.4797143042087555, -0.035008206963539124, -0.4815426766872406, 0.8757231831550598),
            ["HumanoidRootPart"] = CFrame.new(0, 0, 0, 1, 0, 0, 0, 1, 0, 0, 0, 1),
            ["RightHand"] = CFrame.new(-2.9802322387695312e-08, -5.960464477539063e-08, 3.427267074584961e-07, -0.373155802488327, -0.7724242806434631, 0.5139217972755432, 0.36795344948768616, 0.38529178500175476, 0.8462626934051514, -0.8516836166381836, 0.5048871040344238, 0.1404423713684082),
            ["LeftUpperArm"] = CFrame.new(0.00822538137435913, -0.08043456077575684, 2.9802322387695312e-08, 0.9479818940162659, -0.17620466649532318, 0.26509881019592285, 0.31472134590148926, 0.6437633633613586, -0.697511613368988, -0.047757092863321304, 0.7446615099906921, 0.6657328009605408),
            ["RightLowerArm"] = CFrame.new(0.000005543231964111328, -0.0000021457672119140625, 1.043081283569336e-07, 1, 2.2351745343485163e-08, 5.4016702222270396e-08, 0, 0.14332258701324463, -0.9896759986877441, -2.2351747119842003e-08, 0.9896760582923889, 0.14332260191440582),
            ["LeftHand"] = CFrame.new(1.1920928955078125e-07, 0.00009971857070922852, 3.129243850708008e-07, 0.9754460453987122, -0.20556049048900604, 0.07905792444944382, 0.21945646405220032, 0.8769639730453491, -0.4275197684764862, 0.018550211563706398, 0.43437230587005615, 0.9005424976348877),
            ["RightUpperLeg"] = CFrame.new(5.960464477539063e-08, -8.791685104370117e-07, -1.0950316209346056e-08, 0.7913098335266113, -0.45785778760910034, -0.4052099287509918, -0.25215503573417664, 0.35937151312828064, -0.898482084274292, 0.5569979548454285, 0.8131532669067383, 0.1689230501651764),
            ["LeftUpperLeg"] = CFrame.new(8.940696716308594e-08, -7.264316082000732e-07, -1.8335413187742233e-08, 0.8929170370101929, 0.38725489377975464, -0.22963641583919525, -0.31190264225006104, 0.16425170004367828, -0.9358087778091431, -0.32467836141586304, 0.9072238206863403, 0.26744917035102844),
            ["RightLowerLeg"] = CFrame.new(3.725290298461914e-08, -0.0000035762786865234375, -0.000013368371583055705, 1, -3.874302478834579e-07, -6.183986442920286e-07, 4.172326271145721e-07, -0.30299684405326843, 0.9529915452003479, -7.823111332072585e-07, -0.9529916644096375, -0.30299702286720276),
            ["RightFoot"] = CFrame.new(5.960464477539063e-08, 2.384185791015625e-07, -1.3205863069742918e-08, 0.9810373187065125, -0.1913280189037323, -0.03097318857908249, 0.1235382929444313, 0.7404035329818726, -0.6607122421264648, 0.14934560656547546, 0.6443572044372559, 0.75),
            ["LeftLowerLeg"] = CFrame.new(-1.4901161193847656e-08, 0.000003933906555175781, 0.000013336539268493652, 1, 1.1175880132441307e-07, 1.490114556190747e-07, -7.450581307466564e-08, -0.27198803424835205, 0.962300717830658, 1.7136336794010276e-07, -0.962300717830658, -0.27198803424835205),
        }},
        {Time = 0.067, Data = {
            ["LeftFoot"] = CFrame.new(-6.705522537231445e-08, -5.960464477539063e-08, -1.862645149230957e-08, 0.9286679625511169, -0.36227747797966003, -0.079567089676857, 0.25341254472732544, 0.7763532400131226, -0.5771125555038452, 0.2708469331264496, 0.5157817006111145, 0.8127793669700623),
            ["LeftLowerArm"] = CFrame.new(-0.0005057454109191895, -0.00009989738464355469, -3.501772880554199e-07, 1, -2.5331962660857243e-07, 1.7136333951839333e-07, 1.7881397695873602e-07, 0.03467072546482086, -0.9993988275527954, 2.1606689415420988e-07, 0.9993987679481506, 0.03467078134417534),
            ["LowerTorso"] = CFrame.new(-0.04940950497984886, -0.7153747081756592, 0.4209376275539398, 0.9983274340629578, -0.05780342221260071, -0.0010634923819452524, 0.05779590830206871, 0.997409999370575, 0.042812690138816833, -0.0014139817794784904, -0.04280254989862442, 0.9990825653076172),
            ["Head"] = CFrame.new(-4.842877388000488e-08, 3.5762786865234375e-07, -1.778826117515564e-07, 0.9980128407478333, -0.02437565289437771, -0.058107007294893265, -0.007047359365969896, 0.8731845617294312, -0.48733875155448914, 0.06261733919382095, 0.4867797791957855, 0.8712775707244873),
            ["RightUpperArm"] = CFrame.new(-0.008225440979003906, -0.08043539524078369, -4.172325134277344e-07, 0.9477863311767578, 0.16269397735595703, 0.2742767632007599, 0.08121035993099213, 0.7085816264152527, -0.7009409070014954, -0.3083926737308502, 0.6866170167922974, 0.6583723425865173),
            ["UpperTorso"] = CFrame.new(-2.1653249859809875e-08, -5.960464477539063e-08, 3.0027877073735e-08, 0.9919830560684204, 0.024024348706007004, 0.12406616657972336, -0.07699406892061234, 0.8934006094932556, 0.4426141679286957, -0.10020726174116135, -0.4486181139945984, 0.8880879878997803),
            ["HumanoidRootPart"] = CFrame.new(0, 0, 0, 1, 0, 0, 0, 1, 0, 0, 0, 1),
            ["RightHand"] = CFrame.new(-5.960464477539063e-08, -1.1920928955078125e-07, 1.4156103134155273e-07, -0.6486405730247498, -0.6123381853103638, 0.45200368762016296, 0.2912744879722595, 0.3489547371864319, 0.8907243013381958, -0.7031533122062683, 0.7094171047210693, -0.04798777773976326),
            ["LeftUpperArm"] = CFrame.new(0.008225440979003906, -0.08043491840362549, -5.960464477539063e-08, 0.8144648671150208, -0.15983891487121582, 0.5577525496482849, 0.5218096971511841, 0.6221189498901367, -0.583686113357544, -0.2536962032318115, 0.76643306016922, 0.5901040434837341),
            ["RightLowerArm"] = CFrame.new(0.0000057220458984375, -0.0000016093254089355469, 2.384185791015625e-07, 1, 3.8649897504683395e-08, 1.4901161193847656e-08, 0, 0.36844053864479065, -0.9296513795852661, -4.656613938891496e-08, 0.9296513795852661, 0.36844053864479065),
            ["LeftHand"] = CFrame.new(-8.940696716308594e-08, 0.00009965896606445312, 3.427267074584961e-07, 0.8878798484802246, -0.34338778257369995, 0.30619341135025024, 0.43915605545043945, 0.8309601545333862, -0.3415365219116211, -0.1371549516916275, 0.4377099871635437, 0.8885935544967651),
            ["RightUpperLeg"] = CFrame.new(5.960464477539063e-08, -6.07222318649292e-07, 3.733293851837516e-08, 0.7524874806404114, -0.458892285823822, -0.47242000699043274, -0.26218751072883606, 0.44929084181785583, -0.8540467023849487, 0.6041690707206726, 0.7665218710899353, 0.21776965260505676),
            ["LeftUpperLeg"] = CFrame.new(1.1920928955078125e-07, -7.580965757369995e-07, -3.277091309428215e-08, 0.8830026984214783, 0.356454461812973, -0.3053627610206604, -0.4098876118659973, 0.2686227262020111, -0.8716845512390137, -0.22868862748146057, 0.8948643803596497, 0.3833009898662567),
            ["RightLowerLeg"] = CFrame.new(-1.862645149230957e-07, -0.0000037550926208496094, -0.000013182107068132609, 1, -3.5762778338721546e-07, -3.4272696325388097e-07, 2.1606686573250045e-07, -0.2486930787563324, 0.9685823917388916, -3.427267358802055e-07, -0.9685823321342468, -0.24869295954704285),
            ["RightFoot"] = CFrame.new(-1.4901161193847656e-08, 3.5762786865234375e-07, -5.790934665128589e-08, 0.9799983501434326, -0.19777612388134003, -0.022085975855588913, 0.13036002218723297, 0.721843957901001, -0.6796668767929077, 0.15036512911319733, 0.6631937623023987, 0.7331883311271667),
            ["LeftLowerLeg"] = CFrame.new(-4.470348358154297e-08, 0.000003814697265625, 0.000013381242752075195, 1, 1.4901175404702371e-07, 1.6391263102377707e-07, -8.195639367158947e-08, -0.2145605981349945, 0.9767106771469116, 6.705523247774181e-08, -0.9767106771469116, -0.21456068754196167),
        }},
        {Time = 0.100, Data = {
            ["LeftFoot"] = CFrame.new(5.960464477539063e-08, 0, -1.4901161193847656e-08, 0.9502426385879517, -0.30562010407447815, -0.06029375270009041, 0.2156849205493927, 0.785144567489624, -0.5805416703224182, 0.2247643768787384, 0.538650393486023, 0.8119950890541077),
            ["LeftLowerArm"] = CFrame.new(-0.0005058646202087402, -0.00010013580322265625, 2.130400389432907e-08, 1, -1.797452142682232e-07, 8.940696716308594e-08, 1.3643877139202232e-07, 0.28583383560180664, -0.9582792520523071, 2.0861628513557662e-07, 0.9582791924476624, 0.28583383560180664),
            ["LowerTorso"] = CFrame.new(-0.0475316196680069, -0.6654164791107178, 0.36888793110847473, 0.9978554248809814, -0.06545355916023254, -0.0007508961134590209, 0.06544684618711472, 0.9974114298820496, 0.02978837676346302, -0.0012008027406409383, -0.029773637652397156, 0.9995559453964233),
            ["Head"] = CFrame.new(-4.470348358154297e-08, 3.5762786865234375e-07, -1.7508864402770996e-07, 0.9952516555786133, -0.02082136645913124, -0.09508313983678818, -0.02678067237138748, 0.8805763721466064, -0.47314706444740295, 0.09357956051826477, 0.47344666719436646, 0.8758374452590942),
            ["RightUpperArm"] = CFrame.new(-0.008225440979003906, -0.08043527603149414, -3.948807716369629e-07, 0.8503026366233826, 0.10644711554050446, 0.5154082179069519, 0.23696087300777435, 0.7970146536827087, -0.5555357933044434, -0.46993088722229004, 0.5945054888725281, 0.6524832248687744),
            ["UpperTorso"] = CFrame.new(-2.7939677238464355e-09, 5.960464477539063e-08, 7.930793799459934e-09, 0.9889793992042542, 0.01984906569123268, 0.1467168927192688, -0.07625735551118851, 0.9177045226097107, 0.38987594842910767, -0.12690408527851105, -0.3967674970626831, 0.9091044664382935),
            ["HumanoidRootPart"] = CFrame.new(0, 0, 0, 1, 0, 0, 0, 1, 0, 0, 0, 1),
            ["RightHand"] = CFrame.new(2.3981556296348572e-08, -1.7881393432617188e-07, -1.341104507446289e-07, -0.2852306365966797, -0.4321221113204956, 0.8555198311805725, 0.6738478541374207, 0.544350266456604, 0.4996117949485779, -0.6815957427024841, 0.7189946174621582, 0.13591915369033813),
            ["LeftUpperArm"] = CFrame.new(0.00822538137435913, -0.08043503761291504, -9.313225746154785e-08, 0.6780464053153992, -0.07269249856472015, 0.7314079999923706, 0.5888667702674866, 0.6492442488670349, -0.4813774824142456, -0.4398740530014038, 0.7570982575416565, 0.4830300807952881),
            ["RightLowerArm"] = CFrame.new(0.0000054836273193359375, -0.0000016689300537109375, 2.682209014892578e-07, 1, 7.258496736994857e-08, 2.2584567105354836e-08, 8.498320269723081e-09, 0.5816906094551086, -0.813410222530365, 6.548363629121923e-09, 0.813410222530365, 0.5816905498504639),
            ["LeftHand"] = CFrame.new(1.043081283569336e-07, 0.00009971857070922852, 2.2351741790771484e-07, 0.7478851675987244, -0.43202194571495056, 0.5040086507797241, 0.5923855304718018, 0.7769834995269775, -0.2130168229341507, -0.2995784282684326, 0.45787960290908813, 0.8370179533958435),
            ["RightUpperLeg"] = CFrame.new(1.1920928955078125e-07, -9.397044777870178e-07, 4.431785782799125e-08, 0.7673074007034302, -0.42859089374542236, -0.4770212173461914, -0.21277961134910583, 0.5315614938735962, -0.8198582530021667, 0.6049497127532959, 0.7305836081504822, 0.31667524576187134),
            ["LeftUpperLeg"] = CFrame.new(5.960464477539063e-08, -9.51811671257019e-07, -4.025059752166271e-08, 0.8873769044876099, 0.40662673115730286, -0.21729496121406555, -0.3616003096103668, 0.3214392364025116, -0.8751698732376099, -0.28602027893066406, 0.8551792502403259, 0.43227386474609375),
            ["RightLowerLeg"] = CFrame.new(-5.960464477539063e-08, -0.0000037550926208496094, -0.000013193282939027995, 1, -4.39584198375087e-07, -2.756716241947288e-07, 2.3096805534805753e-07, -0.1882772147655487, 0.9821159243583679, -2.6077037773575285e-07, -0.9821159839630127, -0.1882772296667099),
            ["RightFoot"] = CFrame.new(8.940696716308594e-08, 3.5762786865234375e-07, -4.300818545743823e-08, 0.9886736273765564, -0.14960013329982758, -0.012018176726996899, 0.10032115876674652, 0.7183065414428711, -0.6884557604789734, 0.11162598431110382, 0.6794524788856506, 0.7251788377761841),
            ["LeftLowerLeg"] = CFrame.new(-1.6391277313232422e-07, 0.000003933906555175781, 0.000013425946235656738, 1, 3.7252917195473856e-07, 4.023310680167924e-07, -3.203749656677246e-07, -0.1864863485097885, 0.9824575185775757, 4.917383193969727e-07, -0.9824576377868652, -0.18648679554462433),
        }},
        {Time = 0.133, Data = {
            ["LeftFoot"] = CFrame.new(1.4901161193847656e-08, -5.960464477539063e-08, -3.725290298461914e-08, 0.9810894727706909, -0.1900610625743866, -0.03661014512181282, 0.1365097016096115, 0.813542366027832, -0.5652563571929932, 0.1372171938419342, 0.5495686531066895, 0.824102520942688),
            ["LeftLowerArm"] = CFrame.new(-0.0005057454109191895, -0.00009989738464355469, -2.4586915969848633e-07, 1, -2.3096785639609152e-07, 5.215405707303944e-08, 1.6391278734317893e-07, 0.570025622844696, -0.8216270208358765, 1.8626454334480513e-07, 0.8216269016265869, 0.5700255632400513),
            ["LowerTorso"] = CFrame.new(-0.04991448298096657, -0.6022155284881592, 0.31472495198249817, 0.9975560903549194, -0.06986919790506363, -0.0006214677123352885, 0.06987051665782928, 0.9974383115768433, 0.015327607281506062, -0.00045105189201422036, -0.015333568677306175, 0.9998823404312134),
            ["Head"] = CFrame.new(-4.6566128730773926e-08, 5.960464477539062e-07, -9.313225746154785e-08, 0.9935137629508972, -0.0029602665454149246, -0.11367421597242355, -0.04610433802008629, 0.9033229947090149, -0.42647629976272583, 0.10394701361656189, 0.4289509356021881, 0.8973272442817688),
            ["RightUpperArm"] = CFrame.new(-0.008225440979003906, -0.08043491840362549, -2.905726432800293e-07, 0.7852156162261963, 0.04077789559960365, 0.6178697347640991, 0.2687700688838959, 0.8764906525611877, -0.399411141872406, -0.5578522086143494, 0.4796888530254364, 0.6772797107696533),
            ["UpperTorso"] = CFrame.new(9.458744898438454e-10, -8.940696716308594e-08, -6.395566742867231e-09, 0.990454375743866, 0.015775498002767563, 0.13693532347679138, -0.05954340100288391, 0.9449272155761719, 0.32181859016418457, -0.12431707233190536, -0.3269001841545105, 0.9368466734886169),
            ["HumanoidRootPart"] = CFrame.new(0, 0, 0, 1, 0, 0, 0, 1, 0, 0, 0, 1),
            ["RightHand"] = CFrame.new(-5.960464477539063e-08, 0, -2.086162567138672e-07, 0.6472970843315125, -0.009720021858811378, 0.7621759176254272, 0.47330793738365173, 0.7889158129692078, -0.39190757274627686, -0.5974831581115723, 0.614424467086792, 0.5152634978294373),
            ["LeftUpperArm"] = CFrame.new(0.008225500583648682, -0.08043456077575684, 4.377216100692749e-08, 0.5454354882240295, 0.053747355937957764, 0.8364222645759583, 0.5875388383865356, 0.6871823668479919, -0.42729809880256653, -0.5977442860603333, 0.7244940996170044, 0.3432406783103943),
            ["RightLowerArm"] = CFrame.new(0.000005364418029785156, -0.0000012516975402832031, 2.0582228899002075e-07, 1, 5.5879375793210784e-08, 2.6077035641947077e-08, -2.2351747119842003e-08, 0.7592975497245789, -0.6507436633110046, -5.401672353855247e-08, 0.6507437229156494, 0.7592975497245789),
            ["LeftHand"] = CFrame.new(-2.9802322387695312e-08, 0.0000998377799987793, -2.60770320892334e-08, 0.5928869247436523, -0.47300267219543457, 0.6517312526702881, 0.6683962345123291, 0.7404413819313049, -0.07066192477941513, -0.44914552569389343, 0.47750940918922424, 0.7551511526107788),
            ["RightUpperLeg"] = CFrame.new(1.1920928955078125e-07, -0.0000010561197996139526, 3.0871888156980276e-08, 0.8019538521766663, -0.3843011260032654, -0.45736443996429443, -0.1468474119901657, 0.6153011918067932, -0.7744936347007751, 0.579055905342102, 0.6882710456848145, 0.43700945377349854),
            ["LeftUpperLeg"] = CFrame.new(8.940696716308594e-08, -9.140931069850922e-07, -1.83936208486557e-08, 0.8704909682273865, 0.49042263627052307, -0.04160633310675621, -0.2505946159362793, 0.36886540055274963, -0.8950645327568054, -0.4236130714416504, 0.7895720601081848, 0.44399139285087585),
            ["RightLowerLeg"] = CFrame.new(-3.725290298461914e-08, -0.0000036954879760742188, -0.000013386998034548014, 1, -1.7508860139514582e-07, -1.4528630742915993e-07, 2.868473529815674e-07, -0.10410844534635544, 0.9945659637451172, -1.4901161193847656e-07, -0.994566023349762, -0.1041082888841629),
            ["RightFoot"] = CFrame.new(1.1175870895385742e-08, 1.7881393432617188e-07, -4.300818545743823e-08, 0.9961641430854797, -0.08730088174343109, -0.005964826326817274, 0.05932635813951492, 0.7239133715629578, -0.6873353123664856, 0.0643225833773613, 0.684345006942749, 0.7263157963752747),
            ["LeftLowerLeg"] = CFrame.new(-5.960464477539063e-08, 0.000003933906555175781, 0.000013398006558418274, 1, 4.470353687224815e-08, 6.705519695060502e-08, 7.450582373280668e-09, -0.14699730277061462, 0.989136815071106, -1.3038518886787642e-07, -0.9891369938850403, -0.14699767529964447),
        }},
        {Time = 0.167, Data = {
            ["LeftFoot"] = CFrame.new(-2.7939677238464355e-08, 0, 2.2351741790771484e-08, 0.993995726108551, -0.10802482068538666, -0.017412995919585228, 0.08066242188215256, 0.8309516906738281, -0.5504665374755859, 0.07393332570791245, 0.5457563400268555, 0.834675669670105),
            ["LeftLowerArm"] = CFrame.new(-0.0005058646202087402, -0.00009989738464355469, -3.3155083656311035e-07, 1, -1.4901154088420299e-07, 0, 1.1920931797249068e-07, 0.8020777702331543, -0.597219705581665, 1.1920931797249068e-07, 0.5972196459770203, 0.8020777106285095),
            ["LowerTorso"] = CFrame.new(-0.0570879690349102, -0.5171405076980591, 0.2641461491584778, 0.9974084496498108, -0.0719463899731636, -0.0005304744117893279, 0.07194649428129196, 0.9974084496498108, 0.00017057762306649238, 0.000516827218234539, -0.00020830129506066442, 0.9999999403953552),
            ["Head"] = CFrame.new(-6.612390279769897e-08, 7.152557373046875e-07, -4.0978193283081055e-08, 0.9942487478256226, 0.018664710223674774, -0.10545682907104492, -0.05614462494850159, 0.929374635219574, -0.3648432791233063, 0.09119921922683716, 0.36866581439971924, 0.9250774383544922),
            ["RightUpperArm"] = CFrame.new(-0.008225560188293457, -0.08043503761291504, -1.9371509552001953e-07, 0.8409626483917236, -0.010741356760263443, 0.5409781336784363, 0.23278667032718658, 0.9097298383712769, -0.3438074290752411, -0.488459050655365, 0.41506168246269226, 0.7675540447235107),
            ["UpperTorso"] = CFrame.new(-8.60018189996481e-09, 8.940696716308594e-08, 8.094502845779061e-09, 0.9938488006591797, 0.012974356301128864, 0.10998295247554779, -0.040645577013492584, 0.966541588306427, 0.25326937437057495, -0.10301708430051804, -0.2561818063259125, 0.961123526096344),
            ["HumanoidRootPart"] = CFrame.new(0, 0, 0, 1, 0, 0, 0, 1, 0, 0, 0, 1),
            ["RightHand"] = CFrame.new(-1.4901161193847656e-07, -5.960464477539062e-07, 1.7881393432617188e-07, 0.914493978023529, 0.3993983268737793, 0.06466751545667648, -0.27779528498649597, 0.7360168695449829, -0.6173402667045593, -0.2941611111164093, 0.5465895533561707, 0.7840338945388794),
            ["LeftUpperArm"] = CFrame.new(0.008225440979003906, -0.08043491840362549, 0, 0.4248763620853424, 0.20111025869846344, 0.8826252222061157, 0.5601534247398376, 0.7075234651565552, -0.43086373805999756, -0.7111316323280334, 0.6774697303771973, 0.1879608929157257),
            ["RightLowerArm"] = CFrame.new(0.000005602836608886719, -0.000002086162567138672, 3.241002559661865e-07, 1, 4.4703497792397684e-08, 5.960464477539063e-08, -1.862645504502325e-08, 0.887931227684021, -0.4599762260913849, -8.195640788244418e-08, 0.45997628569602966, 0.887931227684021),
            ["LeftHand"] = CFrame.new(-4.470348358154297e-08, 0.00009959936141967773, -1.30385160446167e-08, 0.45998522639274597, -0.46532142162323, 0.7562339305877686, 0.6783795952796936, 0.7336854338645935, 0.03881723806262016, -0.5729002952575684, 0.49515819549560547, 0.6531489491462708),
            ["RightUpperLeg"] = CFrame.new(5.960464477539063e-08, -6.694826879538596e-07, 3.021705197170377e-08, 0.8349074721336365, -0.33398669958114624, -0.4374728500843048, -0.08616936206817627, 0.705720067024231, -0.7032313942909241, 0.5436031818389893, 0.6248296499252319, 0.5604313015937805),
            ["LeftUpperLeg"] = CFrame.new(0, -5.751935532316566e-07, -4.7264620661735535e-08, 0.834301769733429, 0.538689136505127, 0.11727967858314514, -0.17394879460334778, 0.45907729864120483, -0.8712003827095032, -0.5231465697288513, 0.7064433097839355, 0.4767131209373474),
            ["RightLowerLeg"] = CFrame.new(9.313225746154785e-09, -0.0000036954879760742188, -0.000013334843970369548, 1, -3.1292427138396306e-07, -2.4214389782173384e-07, 3.557652519248222e-07, 0.027254318818449974, 0.9996285438537598, -2.5890770416481246e-07, -0.9996286034584045, 0.027254480868577957),
            ["RightFoot"] = CFrame.new(3.585591912269592e-08, 3.5762786865234375e-07, -5.790934665128589e-08, 0.9994884133338928, -0.03168836981058121, -0.004342967178672552, 0.0206920076161623, 0.7441611289978027, -0.6676793694496155, 0.024389538913965225, 0.6672481894493103, 0.7444363832473755),
            ["LeftLowerLeg"] = CFrame.new(-1.4901161193847656e-08, 0.000003933906555175781, 0.000013262033462524414, 1, 1.4901168299275014e-08, -4.4703462265260896e-08, -1.4901162970204496e-08, -0.04729122668504715, 0.9988811612129211, -5.960465188081798e-08, -0.9988812208175659, -0.047291554510593414),
        }},
        {Time = 0.200, Data = {
            ["LeftFoot"] = CFrame.new(-5.587935447692871e-09, 0, 5.21540641784668e-08, 0.9968327283859253, -0.07897664606571198, -0.009349080733954906, 0.06235351040959358, 0.8491078615188599, -0.5245267152786255, 0.04936358332633972, 0.5222821235656738, 0.8513426780700684),
            ["LeftLowerArm"] = CFrame.new(-0.000505983829498291, -0.00010019540786743164, -8.940696716308594e-08, 1, -1.192092469182171e-07, -5.215405707303944e-08, 1.0430815677864302e-07, 0.9395166635513306, -0.3425031900405884, 1.1175873737556685e-07, 0.3425031900405884, 0.9395166635513306),
            ["LowerTorso"] = CFrame.new(-0.06906826049089432, -0.41341912746429443, 0.2228490114212036, 0.9973742365837097, -0.07241813838481903, -0.0005382327944971621, 0.07240209728479385, 0.9972642660140991, -0.01490340381860733, 0.0016160366358235478, 0.014825302176177502, 0.9998888969421387),
            ["Head"] = CFrame.new(-6.007030606269836e-08, 3.5762786865234375e-07, -1.778826117515564e-07, 0.9967160224914551, 0.03563077747821808, -0.07271616905927658, -0.057131022214889526, 0.9458135962486267, -0.3196446895599365, 0.05738675221800804, 0.32274940609931946, 0.9447432160377502),
            ["RightUpperArm"] = CFrame.new(-0.00822538137435913, -0.08043491840362549, -2.4959444999694824e-07, 0.9438034296035767, -0.07670437544584274, 0.32147693634033203, 0.2037242203950882, 0.90095055103302, -0.3831263482570648, -0.2602527439594269, 0.42708858847618103, 0.8659485578536987),
            ["UpperTorso"] = CFrame.new(-1.210719347000122e-08, -8.940696716308594e-08, -2.8230715543031693e-09, 0.9972506761550903, 0.013498540036380291, 0.0728621631860733, -0.028202403336763382, 0.9784101843833923, 0.20473943650722504, -0.06852539628744125, -0.20623145997524261, 0.9761009216308594),
            ["HumanoidRootPart"] = CFrame.new(0, 0, 0, 1, 0, 0, 0, 1, 0, 0, 0, 1),
            ["RightHand"] = CFrame.new(-1.4901161193847656e-07, 0, 5.960464477539063e-08, 0.8006097078323364, 0.4951587915420532, -0.3374045491218567, -0.5959786176681519, 0.71625816822052, -0.36302047967910767, 0.06191599369049072, 0.49172359704971313, 0.868547260761261),
            ["LeftUpperArm"] = CFrame.new(0.00822538137435913, -0.08043503761291504, -1.2665987014770508e-07, 0.3167908787727356, 0.36168378591537476, 0.8768240809440613, 0.5426196455955505, 0.689112663269043, -0.48030564188957214, -0.7779508233070374, 0.6279399394989014, 0.022048285230994225),
            ["RightLowerArm"] = CFrame.new(0.000005543231964111328, -0.0000017285346984863281, 8.940696716308594e-08, 1, 1.0314397513866425e-07, 7.450580596923828e-08, -3.725290653733282e-08, 0.9650232791900635, -0.26216423511505127, -1.005828522693264e-07, 0.26216423511505127, 0.9650232791900635),
            ["LeftHand"] = CFrame.new(-4.470348358154297e-08, 0.00009953975677490234, 4.0978193283081055e-08, 0.35675355792045593, -0.4109800457954407, 0.8389412760734558, 0.6493654251098633, 0.7546977996826172, 0.09357298165559769, -0.6716037392616272, 0.5113968849182129, 0.5361172556877136),
            ["RightUpperLeg"] = CFrame.new(-2.9802322387695312e-08, -5.639158189296722e-07, -3.0187948141247034e-08, 0.8502545952796936, -0.2878210246562958, -0.44071096181869507, -0.04501651972532272, 0.7944334149360657, -0.6056810617446899, 0.5244433283805847, 0.5348220467567444, 0.6625137329101562),
            ["LeftUpperLeg"] = CFrame.new(5.960464477539063e-08, -7.185153663158417e-07, -7.38364178687334e-08, 0.8146334886550903, 0.5336818695068359, 0.2270592898130417, -0.15226726233959198, 0.5745673179626465, -0.8041688203811646, -0.5596310496330261, 0.6205289959907532, 0.5493237972259521),
            ["RightLowerLeg"] = CFrame.new(5.4016709327697754e-08, -0.000003635883331298828, -0.000013334843970369548, 1, -2.0582228899002075e-07, -1.8160793047172774e-07, 2.989545464515686e-07, 0.20601606369018555, 0.9785486459732056, -2.6030465960502625e-07, -0.9785486459732056, 0.20601621270179749),
            ["RightFoot"] = CFrame.new(5.2852556109428406e-08, 3.5762786865234375e-07, -1.3205863069742918e-08, 0.999983012676239, 0.002860408276319504, -0.005084828939288855, -0.005402805283665657, 0.7829790711402893, -0.6220242977142334, 0.0022020251490175724, 0.6220415234565735, 0.7829813957214355),
            ["LeftLowerLeg"] = CFrame.new(-3.725290298461914e-08, 0.0000040531158447265625, 0.00001329183578491211, 1, 5.960467319710006e-08, 1.0430806440808738e-07, -1.2665987014770508e-07, 0.10772238671779633, 0.9941810369491577, 1.2665987014770508e-07, -0.9941810369491577, 0.10772193223237991),
        }},
        {Time = 0.233, Data = {
            ["LeftFoot"] = CFrame.new(1.30385160446167e-08, 0, 0, 0.9980373382568359, -0.06241997331380844, -0.00503197917714715, 0.05225183814764023, 0.8743540048599243, -0.4824678599834442, 0.03451527655124664, 0.4812576472759247, 0.8758991956710815),
            ["LeftLowerArm"] = CFrame.new(-0.0005060434341430664, -0.00010013580322265625, 3.520399332046509e-07, 1, -1.2665982751514093e-07, -8.940695295223122e-08, 6.705524668859653e-08, 0.9917295575141907, -0.12834544479846954, 9.685758328714655e-08, 0.12834541499614716, 0.9917295575141907),
            ["LowerTorso"] = CFrame.new(-0.08587329834699631, -0.3080509901046753, 0.1906793862581253, 0.997455894947052, -0.07128368318080902, -0.0005841270904056728, 0.07123685628175735, 0.9970384240150452, -0.028980841860175133, 0.002648257650434971, 0.028865503147244453, 0.9995797872543335),
            ["Head"] = CFrame.new(-4.9301888793706894e-08, 7.152557373046875e-07, -5.681067705154419e-08, 0.9984456300735474, 0.044778089970350266, -0.033186573535203934, -0.05252751708030701, 0.9550775289535522, -0.29166385531425476, 0.018635602667927742, 0.29295361042022705, 0.9559450745582581),
            ["RightUpperArm"] = CFrame.new(-0.008225560188293457, -0.08043515682220459, -2.0302832126617432e-07, 0.9810621738433838, -0.19205380976200104, 0.025125445798039436, 0.17807048559188843, 0.8432724475860596, -0.5071327686309814, 0.07621084898710251, 0.5020030736923218, 0.8615016937255859),
            ["UpperTorso"] = CFrame.new(-1.3445969671010971e-08, -2.086162567138672e-07, -3.3927790354937315e-08, 0.9993455410003662, 0.017444534227252007, 0.031690604984760284, -0.02277093566954136, 0.9840587973594666, 0.17638003826141357, -0.028108546510338783, -0.1769862025976181, 0.9838119149208069),
            ["HumanoidRootPart"] = CFrame.new(0, 0, 0, 1, 0, 0, 0, 1, 0, 0, 0, 1),
            ["RightHand"] = CFrame.new(2.514570951461792e-08, 0, 1.6391277313232422e-07, 0.6537598967552185, 0.44831472635269165, -0.6095997095108032, -0.6003175377845764, 0.7977176904678345, -0.057144008576869965, 0.46067002415657043, 0.4033118486404419, 0.7906470894813538),
            ["LeftUpperArm"] = CFrame.new(0.008225560188293457, -0.08043479919433594, 0, 0.23601572215557098, 0.5260516405105591, 0.8170410394668579, 0.5445948243141174, 0.6247488260269165, -0.5595648288726807, -0.8048061728477478, 0.5770256519317627, -0.13903671503067017),
            ["RightLowerArm"] = CFrame.new(0.000005602836608886719, -0.0000016093254089355469, 4.023313522338867e-07, 1, 6.984920020158825e-08, 9.499490261077881e-08, -6.239861960466442e-08, 0.9970245361328125, -0.0770857185125351, -9.685756197086448e-08, 0.07708577066659927, 0.9970244765281677),
            ["LeftHand"] = CFrame.new(-2.9802322387695312e-08, 0.00009965896606445312, 6.165355443954468e-07, 0.27594664692878723, -0.30723291635513306, 0.9107477068901062, 0.5442312955856323, 0.8309575915336609, 0.11542016267776489, -0.7922535538673401, 0.46380770206451416, 0.39650577306747437),
            ["RightUpperLeg"] = CFrame.new(1.1920928955078125e-07, -8.800998330116272e-07, -2.331944415345788e-08, 0.8431234359741211, -0.2502879798412323, -0.4759190082550049, -0.021324843168258667, 0.8688085079193115, -0.49468889832496643, 0.5372969508171082, 0.42723265290260315, 0.7271754145622253),
            ["LeftUpperLeg"] = CFrame.new(8.940696716308594e-08, -8.153729140758514e-07, -1.0174699127674103e-07, 0.8037751913070679, 0.5013315677642822, 0.32033127546310425, -0.1423526257276535, 0.6848569512367249, -0.7146377563476562, -0.5776513814926147, 0.5288077592849731, 0.62183678150177),
            ["RightLowerLeg"] = CFrame.new(-7.636845111846924e-08, -0.000003874301910400391, -0.000013245437003206462, 1, -2.514570951461792e-07, -5.308541162207803e-08, 1.601874686230076e-07, 0.4018860459327698, 0.9156894683837891, -1.3969836842875338e-08, -0.9156897068023682, 0.40188664197921753),
            ["RightFoot"] = CFrame.new(1.3969838619232178e-08, 2.980232238769531e-07, 6.129994289949536e-08, 0.9998339414596558, 0.017265422269701958, -0.005830489099025726, -0.017604736611247063, 0.8324748873710632, -0.5537827014923096, -0.004707542713731527, 0.5537937879562378, 0.8326408267021179),
            ["LeftLowerLeg"] = CFrame.new(6.705522537231445e-08, 0.000003933906555175781, 0.000013485550880432129, 1, 2.3096808376976696e-07, 1.0430806440808738e-07, -1.7881393432617188e-07, 0.28524303436279297, 0.958455502986908, 5.21540641784668e-08, -0.9584552645683289, 0.2852421998977661),
        }},
        {Time = 0.267, Data = {
            ["LeftFoot"] = CFrame.new(4.470348358154297e-08, 1.1920928955078125e-07, 7.450580596923828e-09, 0.9984896183013916, -0.05487637221813202, -0.0026970079634338617, 0.04826965928077698, 0.8996059894561768, -0.4340269863605499, 0.02624385990202427, 0.43324100971221924, 0.9008957743644714),
            ["LeftLowerArm"] = CFrame.new(-0.0005059242248535156, -0.00009965896606445312, 1.6577541828155518e-07, 1, -8.940693874137651e-08, -8.940695295223122e-08, 1.49011640360186e-07, 1, 0, 8.940698847936801e-08, 6.705520405603238e-08, 1),
            ["LowerTorso"] = CFrame.new(-0.10499807447195053, -0.21803557872772217, 0.1642313450574875, 0.9976751804351807, -0.06814519315958023, -0.0007007318781688809, 0.06805840879678726, 0.9968286156654358, -0.04124073311686516, 0.0035088665317744017, 0.041097160428762436, 0.9991490840911865),
            ["Head"] = CFrame.new(-4.8115907702594995e-08, 3.5762786865234375e-07, -1.2689270079135895e-07, 0.9988682866096497, 0.047250114381313324, 0.005450174678117037, -0.044035084545612335, 0.9619897603988647, -0.2695118188858032, -0.017977474257349968, 0.26896679401397705, 0.9629817605018616),
            ["RightUpperArm"] = CFrame.new(-0.008225500583648682, -0.08043491840362549, -2.1513551473617554e-07, 0.9057629108428955, -0.35629528760910034, -0.22943544387817383, 0.11386873573064804, 0.7261183857917786, -0.6780768036842346, 0.40820053219795227, 0.5880525708198547, 0.6982630491256714),
            ["UpperTorso"] = CFrame.new(5.820766091346741e-09, -1.1920928955078125e-07, 5.689798854291439e-09, 0.9997120499610901, 0.023091310635209084, -0.006540926638990641, -0.021793361753225327, 0.9875850081443787, 0.15556620061397552, 0.010051951743662357, -0.15537886321544647, 0.9878038167953491),
            ["HumanoidRootPart"] = CFrame.new(0, 0, 0, 1, 0, 0, 0, 1, 0, 0, 0, 1),
            ["RightHand"] = CFrame.new(1.341104507446289e-07, 5.960464477539063e-08, 2.682209014892578e-07, 0.4907681345939636, 0.3237673044204712, -0.8089013695716858, -0.46301963925361633, 0.883365273475647, 0.07265348732471466, 0.7380781769752502, 0.3388811945915222, 0.5834380984306335),
            ["LeftUpperArm"] = CFrame.new(0.008225560188293457, -0.08043491840362549, 0, 0.20425736904144287, 0.6813129782676697, 0.7029079794883728, 0.5499852299690247, 0.5141409635543823, -0.6581665277481079, -0.8098118305206299, 0.5210295915603638, -0.2696983516216278),
            ["RightLowerArm"] = CFrame.new(0.000005662441253662109, -0.000002086162567138672, 2.2351741790771484e-07, 1, 2.980232949312267e-08, 8.940694584680386e-08, -1.0430815677864302e-07, 1, 7.450579175838357e-08, -1.266598985694145e-07, -1.4901164746561335e-08, 1),
            ["LeftHand"] = CFrame.new(0, 0.00009953975677490234, 4.3213367462158203e-07, 0.1924106478691101, -0.17708943784236908, 0.9652033448219299, 0.4070495665073395, 0.9093766212463379, 0.08570247143507004, -0.892910361289978, 0.3763955533504486, 0.24705788493156433),
            ["RightUpperLeg"] = CFrame.new(5.960464477539063e-08, -7.203780114650726e-07, 2.932938514277339e-08, 0.8242419958114624, -0.21534834802150726, -0.5236891508102417, -0.003636180656030774, 0.9228252172470093, -0.38520193099975586, 0.5662260055541992, 0.31940361857414246, 0.7598481178283691),
