return {
    ["Crackdown"] = {
        {Time = 0.000, Data = {
            ["LeftFoot"] = CFrame.new(1.862645149230957e-09, 0, 3.725290298461914e-09, 0.959958553314209, 0.014740338549017906, 0.27975431084632874, 0.09170205891132355, 0.9270632266998291, -0.3635171353816986, -0.26470819115638733, 0.3746154010295868, 0.8885904550552368),
            ["LeftLowerArm"] = CFrame.new(0.0000013113021850585938, -2.980232238769531e-07, 0.000005081295967102051, 1, 7.4505797087454084e-09, -1.4156105976326216e-07, -7.823110337312755e-08, -0.11604955792427063, -0.9932434558868408, -3.3527616238870905e-08, 0.9932434558868408, -0.11604952067136765),
            ["LowerTorso"] = CFrame.new(-0.006869891658425331, -0.07216501235961914, -0.07555359601974487, 0.9788466095924377, -0.020079130306839943, -0.20360785722732544, -0.023700226098299026, 0.9773450493812561, -0.2103215605020523, 0.20321819186210632, 0.21069811284542084, 0.9561948776245117),
            ["Head"] = CFrame.new(2.2351741790771484e-08, -0.0000010728836059570312, 7.450580596923828e-08, 0.6925235390663147, 0.19732606410980225, 0.6938830614089966, 0.008128049783408642, 0.9596669673919678, -0.2810218036174774, -0.7213494777679443, 0.20025406777858734, 0.6629880666732788),
            ["RightUpperArm"] = CFrame.new(-0.022587120532989502, -0.0203549861907959, 0.03463226556777954, 0.6705523729324341, -0.30191534757614136, 0.6776479482650757, 0.6950263381004333, 0.5750834941864014, -0.4315292239189148, -0.2594187259674072, 0.7603460550308228, 0.5954626798629761),
            ["UpperTorso"] = CFrame.new(2.10711732506752e-08, 1.4901161193847656e-07, 3.725290298461914e-09, 0.8856105208396912, 0.09064986556768417, -0.45549607276916504, -0.0733175054192543, 0.9957565665245056, 0.05561944097280502, 0.4586050510406494, -0.015861352905631065, 0.8884986639022827),
            ["HumanoidRootPart"] = CFrame.new(0, 0, 0, 1, 0, 0, 0, 1, 0, 0, 0, 1),
            ["RightHand"] = CFrame.new(-2.5331974029541016e-07, 0.0000011324882507324219, -9.238719940185547e-07, 0.7748433947563171, -0.20683999359607697, -0.5973562002182007, 0.5234033465385437, 0.7398195862770081, 0.42274802923202515, 0.3544948697090149, -0.6402220129966736, 0.681505560874939),
            ["LeftUpperArm"] = CFrame.new(0.03428173065185547, -0.03138875961303711, 0.03464554250240326, 0.6271538138389587, 0.6002359986305237, -0.4963817596435547, -0.5370315909385681, -0.12836766242980957, -0.8337379693984985, -0.5641587376594543, 0.7894545793533325, 0.2418392300605774),
            ["RightLowerArm"] = CFrame.new(-2.980232238769531e-07, 8.344650268554688e-07, -0.0000034868717193603516, 1, 0.00001237727701663971, 0.000015057628843351267, 0.000018894672393798828, -0.796110212802887, -0.6051517724990845, 0.000004500150680541992, 0.6051517724990845, -0.7961102724075317),
            ["LeftHand"] = CFrame.new(-0.0000013336539268493652, -0.0000013113021850585938, 1.9744038581848145e-07, -0.554868757724762, 0.4254443347454071, 0.7149245738983154, -0.5845832824707031, 0.4120471179485321, -0.6989133358001709, -0.5919315814971924, -0.8057384490966797, 0.020075654610991478),
            ["RightUpperLeg"] = CFrame.new(2.9802322387695312e-08, -4.656612873077393e-10, 3.892637323588133e-09, 0.9582207202911377, -0.062490396201610565, -0.27912017703056335, 0.08720043301582336, 0.9932108521461487, 0.07699579745531082, 0.2724137306213379, -0.09811840951442719, 0.9571643471717834),
            ["LeftUpperLeg"] = CFrame.new(5.960464477539063e-08, 1.601874828338623e-07, -2.2351741790771484e-08, 0.9288614988327026, -0.06092884764075279, 0.3653818666934967, -0.041487280279397964, 0.9630627036094666, 0.26606202125549316, -0.3680965006351471, -0.26229357719421387, 0.8920241594314575),
            ["RightLowerLeg"] = CFrame.new(-1.2479722499847412e-07, -0.0007263422012329102, 0.000046053733967710286, 1, -2.2351745343485163e-08, -4.144385812310247e-08, 7.357447628919545e-08, 0.8583925366401672, 0.5129933953285217, 2.4447214030942632e-08, -0.5129933953285217, 0.8583925366401672),
            ["RightFoot"] = CFrame.new(1.762527972459793e-07, -1.7881393432617188e-07, -5.75528247281909e-09, 0.9985193610191345, 0.003896624781191349, -0.054257582873106, -0.026047447696328163, 0.9098990559577942, -0.4140113294124603, 0.04775569960474968, 0.4148115813732147, 0.9086533188819885),
            ["LeftLowerLeg"] = CFrame.new(5.4016709327697754e-08, -0.0007266402244567871, 0.00008098781108856201, 1, 3.073364851502447e-08, -1.8626458597736928e-08, -1.9557775843281888e-08, 0.9383933544158936, 0.3455694317817688, -4.551839793975887e-08, -0.34556910395622253, 0.9383932948112488),
        }},
        {Time = 0.033, Data = {
            ["LeftFoot"] = CFrame.new(-1.955777406692505e-08, -2.384185791015625e-07, 2.2351741790771484e-08, 0.9599586129188538, 0.01474026869982481, 0.279754102230072, 0.09170178323984146, 0.9270635843276978, -0.3635161519050598, -0.2647082209587097, 0.374614417552948, 0.8885908126831055),
            ["LeftLowerArm"] = CFrame.new(7.748603820800781e-07, -4.76837158203125e-07, 0.000004827976226806641, 1, 5.960464477539063e-08, -1.266598843585598e-07, -9.685756907629184e-08, -0.11604981124401093, -0.993243396282196, -7.450582373280668e-09, 0.9932434558868408, -0.11604976654052734),
            ["LowerTorso"] = CFrame.new(-0.006869891658425331, -0.07216501235961914, -0.07555359601974487, 0.9788466095924377, -0.020079126581549644, -0.20360785722732544, -0.023700226098299026, 0.9773450493812561, -0.2103215456008911, 0.20321819186210632, 0.21069809794425964, 0.9561948776245117),
            ["Head"] = CFrame.new(3.725290298461914e-08, -9.5367431640625e-07, 0, 0.692523717880249, 0.19732609391212463, 0.6938827633857727, 0.008127979002892971, 0.9596670269966125, -0.2810218334197998, -0.7213493585586548, 0.20025412738323212, 0.6629882454872131),
            ["RightUpperArm"] = CFrame.new(-0.022586941719055176, -0.020354628562927246, 0.034631967544555664, 0.6705523133277893, -0.3019150495529175, 0.6776481866836548, 0.6950262188911438, 0.5750835537910461, -0.43152931332588196, -0.25941914319992065, 0.7603461742401123, 0.595462441444397),
            ["UpperTorso"] = CFrame.new(-1.979060471057892e-09, 1.4901161193847656e-07, 2.0721927285194397e-08, 0.8856104612350464, 0.0906497910618782, -0.4554961621761322, -0.07331740111112595, 0.9957565665245056, 0.055619433522224426, 0.4586052894592285, -0.015861354768276215, 0.8884986639022827),
            ["HumanoidRootPart"] = CFrame.new(0, 0, 0, 1, 0, 0, 0, 1, 0, 0, 0, 1),
            ["RightHand"] = CFrame.new(2.2351741790771484e-07, 0.0000012516975402832031, -6.258487701416016e-07, 0.7748432755470276, -0.2068403661251068, -0.5973561406135559, 0.5234036445617676, 0.7398194670677185, 0.42274782061576843, 0.3544946610927582, -0.6402220726013184, 0.6815056800842285),
            ["LeftUpperArm"] = CFrame.new(0.03428155183792114, -0.031388163566589355, 0.034645646810531616, 0.6271534562110901, 0.6002362370491028, -0.4963817894458771, -0.5370317697525024, -0.12836775183677673, -0.8337377905845642, -0.5641589760780334, 0.789454460144043, 0.24183958768844604),
            ["RightLowerArm"] = CFrame.new(-3.2782554626464844e-07, 8.940696716308594e-07, -0.0000037848949432373047, 1, 0.000012435017197276466, 0.000015035275282571092, 0.00001893937587738037, -0.7961103320121765, -0.6051515936851501, 0.000004447996616363525, 0.6051515936851501, -0.7961103320121765),
            ["LeftHand"] = CFrame.new(-0.0000017881393432617188, -0.0000013113021850585938, -4.842877388000488e-08, -0.5548689365386963, 0.4254440665245056, 0.7149246335029602, -0.5845832824707031, 0.41204720735549927, -0.6989133358001709, -0.5919314622879028, -0.8057384490966797, 0.020075317472219467),
            ["RightUpperLeg"] = CFrame.new(-2.9802322387695312e-08, -4.656612873077393e-10, -3.5579432733356953e-09, 0.9582207798957825, -0.062490127980709076, -0.2791202664375305, 0.0872003510594368, 0.9932108521461487, 0.07699660956859589, 0.2724136710166931, -0.09811919927597046, 0.9571642875671387),
            ["LeftUpperLeg"] = CFrame.new(5.960464477539063e-08, 1.6205012798309326e-07, -2.2351741790771484e-08, 0.9288615584373474, -0.06092926114797592, 0.3653818964958191, -0.04148733243346214, 0.9630623459815979, 0.26606321334838867, -0.36809659004211426, -0.2622947096824646, 0.8920238614082336),
            ["RightLowerLeg"] = CFrame.new(-9.778887033462524e-08, -0.0007263422012329102, 0.00004608353629009798, 1, -7.916245436945246e-09, -6.612391700855369e-08, 7.68340910894949e-08, 0.8583934903144836, 0.5129919648170471, 6.670596519597893e-08, -0.5129919648170471, 0.8583934903144836),
            ["RightFoot"] = CFrame.new(1.7194543033838272e-07, -5.960464477539063e-08, 3.149762051180005e-08, 0.9985193610191345, 0.0038965933490544558, -0.054257575422525406, -0.026047363877296448, 0.9098992943763733, -0.41401058435440063, 0.04775577411055565, 0.41481077671051025, 0.9086535573005676),
            ["LeftLowerLeg"] = CFrame.new(-3.725290298461914e-09, -0.0007265806198120117, 0.00008095055818557739, 1, 4.190953006855125e-08, -1.2572860974557898e-08, -1.862645326866641e-08, 0.9383941292762756, 0.3455672264099121, -2.9336664653101252e-08, -0.345566987991333, 0.9383940696716309),
        }},
        {Time = 0.067, Data = {
            ["LeftFoot"] = CFrame.new(1.862645149230957e-09, 0, 3.725290298461914e-09, 0.959958553314209, 0.014740338549017906, 0.27975431084632874, 0.09170205891132355, 0.9270632266998291, -0.3635171353816986, -0.26470819115638733, 0.3746154010295868, 0.8885904550552368),
            ["LeftLowerArm"] = CFrame.new(8.940696716308594e-07, -4.76837158203125e-07, 0.000004246830940246582, 1, 7.450581307466564e-08, -5.2154071283894154e-08, -8.195640788244418e-08, -0.11604975908994675, -0.9932434558868408, 3.725291186640334e-09, 0.9932434558868408, -0.11604975163936615),
            ["LowerTorso"] = CFrame.new(-0.006869891658425331, -0.07216501235961914, -0.07555359601974487, 0.9788466095924377, -0.020079130306839943, -0.20360785722732544, -0.023700226098299026, 0.9773450493812561, -0.2103215605020523, 0.20321819186210632, 0.21069811284542084, 0.9561948776245117),
            ["Head"] = CFrame.new(-1.4901161193847656e-08, -4.76837158203125e-07, 4.470348358154297e-08, 0.6925235390663147, 0.19732624292373657, 0.6938830018043518, 0.008127829059958458, 0.9596670269966125, -0.2810218632221222, -0.7213494777679443, 0.20025397837162018, 0.6629881262779236),
            ["RightUpperArm"] = CFrame.new(-0.022587060928344727, -0.0203549861907959, 0.03463223576545715, 0.6705523729324341, -0.30191507935523987, 0.6776480078697205, 0.695026159286499, 0.5750837326049805, -0.4315292537212372, -0.2594189941883087, 0.760345995426178, 0.5954625606536865),
            ["UpperTorso"] = CFrame.new(2.10711732506752e-08, 1.4901161193847656e-07, 3.725290298461914e-09, 0.8856105804443359, 0.09064964950084686, -0.45549604296684265, -0.07331734150648117, 0.9957566261291504, 0.05561931058764458, 0.45860499143600464, -0.015861323103308678, 0.8884986639022827),
            ["HumanoidRootPart"] = CFrame.new(0, 0, 0, 1, 0, 0, 0, 1, 0, 0, 0, 1),
            ["RightHand"] = CFrame.new(1.4901161193847656e-07, 0.0000013709068298339844, -7.450580596923828e-07, 0.7748432755470276, -0.2068404257297516, -0.5973560810089111, 0.5234036445617676, 0.7398194670677185, 0.42274782061576843, 0.3544946610927582, -0.6402220726013184, 0.6815056800842285),
            ["LeftUpperArm"] = CFrame.new(0.03428167104721069, -0.031388163566589355, 0.03464558720588684, 0.6271535754203796, 0.6002359986305237, -0.49638205766677856, -0.5370320677757263, -0.128367617726326, -0.8337376713752747, -0.5641587376594543, 0.7894545197486877, 0.24183963239192963),
            ["RightLowerArm"] = CFrame.new(-5.364418029785156e-07, 7.748603820800781e-07, -0.0000039637088775634766, 1, 0.000012435017197276466, 0.000015012921721790917, 0.00001893937587738037, -0.7961103320121765, -0.6051515936851501, 0.000004447996616363525, 0.6051515936851501, -0.7961102724075317),
            ["LeftHand"] = CFrame.new(-0.0000014454126358032227, -6.556510925292969e-07, -1.1548399925231934e-07, -0.5548689365386963, 0.4254443347454071, 0.7149245142936707, -0.5845832824707031, 0.41204720735549927, -0.6989134550094604, -0.5919314026832581, -0.8057383298873901, 0.020075460895895958),
            ["RightUpperLeg"] = CFrame.new(2.9802322387695312e-08, -4.656612873077393e-10, 3.892637323588133e-09, 0.9582206606864929, -0.06249029189348221, -0.2791203260421753, 0.08720040321350098, 0.9932108521461487, 0.07699602842330933, 0.27241387963294983, -0.09811864048242569, 0.9571642279624939),
            ["LeftUpperLeg"] = CFrame.new(5.960464477539063e-08, 1.601874828338623e-07, -2.2351741790771484e-08, 0.9288614988327026, -0.06092884764075279, 0.3653818666934967, -0.041487280279397964, 0.9630627036094666, 0.26606202125549316, -0.3680965006351471, -0.26229357719421387, 0.8920241594314575),
            ["RightLowerLeg"] = CFrame.new(-5.21540641784668e-08, -0.0007263422012329102, 0.000046109613322187215, 1, -2.5145714843688438e-08, -3.725290298461914e-09, 7.776543498039246e-08, 0.8583928346633911, 0.5129930377006531, 3.300374373793602e-08, -0.5129929780960083, 0.8583927750587463),
            ["RightFoot"] = CFrame.new(2.3783650249242783e-07, -1.7881393432617188e-07, -1.3205863069742918e-08, 0.9985194206237793, 0.003896577749401331, -0.05425749346613884, -0.02604730986058712, 0.9098991751670837, -0.4140112102031708, 0.04775557294487953, 0.414811372756958, 0.9086533188819885),
            ["LeftLowerLeg"] = CFrame.new(5.4016709327697754e-08, -0.0007266402244567871, 0.00008098781108856201, 1, 3.073364851502447e-08, -1.8626458597736928e-08, -1.9557775843281888e-08, 0.9383933544158936, 0.3455694317817688, -4.551839793975887e-08, -0.34556910395622253, 0.9383932948112488),
        }},
        {Time = 0.100, Data = {
            ["LeftFoot"] = CFrame.new(4.6566128730773926e-08, 5.960464477539063e-08, -2.2351741790771484e-08, 0.9602899551391602, 0.012910681776702404, 0.27870506048202515, 0.08897330611944199, 0.9326037168502808, -0.349762886762619, -0.26443710923194885, 0.3606710731983185, 0.8944212794303894),
            ["LeftLowerArm"] = CFrame.new(5.662441253662109e-07, 1.1920928955078125e-07, 0.0000046193599700927734, 1, 5.960463766996327e-08, -4.4703490686970326e-08, -9.313225746154785e-08, -0.11604928225278854, -0.9932434558868408, 3.725290298461914e-08, 0.9932435154914856, -0.11604924499988556),
            ["LowerTorso"] = CFrame.new(-0.00663740374147892, -0.07344114780426025, -0.07048045843839645, 0.9796600937843323, -0.016979284584522247, -0.1999444216489792, -0.03968987986445427, 0.9603325724601746, -0.2760184407234192, 0.19669972360134125, 0.27834004163742065, 0.9401255249977112),
            ["Head"] = CFrame.new(-7.450580596923828e-08, -2.384185791015625e-07, 7.450580596923828e-09, 0.6986880898475647, 0.1422167420387268, 0.7011486291885376, 0.002036947524175048, 0.9796435832977295, -0.2007347196340561, -0.715423583984375, 0.14167916774749756, 0.6841756105422974),
            ["RightUpperArm"] = CFrame.new(-0.028818905353546143, -0.01603710651397705, 0.02792811393737793, 0.6341395378112793, -0.3411230742931366, 0.6939034461975098, 0.713813066482544, 0.6032306551933289, -0.3557860851287842, -0.29721683263778687, 0.7209354639053345, 0.6260306239128113),
            ["UpperTorso"] = CFrame.new(3.725290298461914e-09, -2.384185791015625e-07, -6.728805601596832e-08, 0.8847732543945312, 0.09429970383644104, -0.4563814103603363, -0.08256430923938751, 0.9955402612686157, 0.04563842713832855, 0.4586496949195862, -0.0026990065816789865, 0.8886131644248962),
            ["HumanoidRootPart"] = CFrame.new(0, 0, 0, 1, 0, 0, 0, 1, 0, 0, 0, 1),
            ["RightHand"] = CFrame.new(5.662441253662109e-07, 0.0000011920928955078125, -8.940696716308594e-07, 0.7748434543609619, -0.20684050023555756, -0.5973560214042664, 0.5234035849571228, 0.7398195266723633, 0.42274796962738037, 0.35449454188346863, -0.640221893787384, 0.6815057992935181),
            ["LeftUpperArm"] = CFrame.new(0.02819192409515381, -0.03567659854888916, 0.028051704168319702, 0.6617013216018677, 0.5978798866271973, -0.45242780447006226, -0.5351764559745789, -0.045980021357536316, -0.8434882164001465, -0.5251073241233826, 0.8002658486366272, 0.28954610228538513),
            ["RightLowerArm"] = CFrame.new(5.364418029785156e-07, 7.152557373046875e-07, -0.000003933906555175781, 1, 0.000012433156371116638, 0.000015020374121377245, 0.000018909573554992676, -0.7961105108261108, -0.6051514148712158, 0.000004447996616363525, 0.6051514148712158, -0.7961104512214661),
            ["LeftHand"] = CFrame.new(-0.0000011026859283447266, -9.5367431640625e-07, 2.3096799850463867e-07, -0.5548685193061829, 0.4254443943500519, 0.7149248123168945, -0.5845831632614136, 0.41204747557640076, -0.6989131569862366, -0.591931939125061, -0.8057382106781006, 0.020075451582670212),
            ["RightUpperLeg"] = CFrame.new(-2.9802322387695312e-08, 1.1175870895385742e-08, -6.688787834718823e-08, 0.9556355476379395, -0.0839756578207016, -0.2823273837566376, 0.12129790335893631, 0.9856487512588501, 0.11740290373563766, 0.26841670274734497, -0.14644037187099457, 0.9521070122718811),
            ["LeftUpperLeg"] = CFrame.new(0, -1.7229467630386353e-07, -8.195638656616211e-08, 0.9299584627151489, -0.07490140199661255, 0.35995447635650635, -0.05025747790932655, 0.9439419507980347, 0.32626333832740784, -0.3642135560512543, -0.32150185108184814, 0.8740624189376831),
            ["RightLowerLeg"] = CFrame.new(-1.2712553143501282e-07, -0.0007264614105224609, 0.000046090986870694906, 1, -7.916244015859775e-08, -5.5530108511447906e-08, 1.3224779138454323e-07, 0.8389235138893127, 0.5442492961883545, 3.78931837019536e-08, -0.5442493557929993, 0.8389235734939575),
            ["RightFoot"] = CFrame.new(1.498265191912651e-07, 0, -1.3205863069742918e-08, 0.9985528588294983, 0.003150812815874815, -0.05368707701563835, -0.02594989351928234, 0.9026064276695251, -0.429684042930603, 0.04710434377193451, 0.43045538663864136, 0.9013819694519043),
            ["LeftLowerLeg"] = CFrame.new(4.0978193283081055e-08, -0.0007267594337463379, 0.00008103251457214355, 1, 4.377215745421381e-08, 7.916240996053148e-09, -4.7497451305389404e-08, 0.9377987384796143, 0.3471793830394745, 3.899913281202316e-09, -0.3471793234348297, 0.937798798084259),
        }},
        {Time = 0.133, Data = {
            ["LeftFoot"] = CFrame.new(-8.381903171539307e-09, -1.1920928955078125e-07, -1.1175870895385742e-08, 0.9602898955345154, 0.01291095931082964, 0.2787052392959595, 0.08897308260202408, 0.9326037764549255, -0.349762886762619, -0.2644372880458832, 0.3606710731983185, 0.8944212198257446),
            ["LeftLowerArm"] = CFrame.new(0.0000011920928955078125, -3.5762786865234375e-07, 0.000004947185516357422, 1, 8.195639367158947e-08, -9.685756907629184e-08, -9.313227167240257e-08, -0.11604926735162735, -0.9932434558868408, -4.842878098543224e-08, 0.9932435154914856, -0.11604924499988556),
            ["LowerTorso"] = CFrame.new(-0.00663740374147892, -0.07344114780426025, -0.07048045843839645, 0.9796600937843323, -0.016979284584522247, -0.1999444216489792, -0.03968987986445427, 0.9603325724601746, -0.2760184407234192, 0.19669972360134125, 0.27834004163742065, 0.9401255249977112),
            ["Head"] = CFrame.new(-7.450580596923828e-09, -3.5762786865234375e-07, 1.1175870895385742e-07, 0.6986882090568542, 0.14221711456775665, 0.7011483907699585, 0.0020363812800496817, 0.9796435832977295, -0.20073488354682922, -0.7154234051704407, 0.14167888462543488, 0.6841758489608765),
            ["RightUpperArm"] = CFrame.new(-0.028818786144256592, -0.016037702560424805, 0.02792811393737793, 0.634140133857727, -0.34112271666526794, 0.6939030289649963, 0.7138126492500305, 0.603230893611908, -0.3557867407798767, -0.2972167432308197, 0.7209355235099792, 0.6260306239128113),
            ["UpperTorso"] = CFrame.new(3.725290298461914e-09, -2.384185791015625e-07, -6.728805601596832e-08, 0.8847732543945312, 0.09429913014173508, -0.4563814103603363, -0.08256368339061737, 0.9955402612686157, 0.04563833773136139, 0.4586496949195862, -0.0026991378981620073, 0.8886131644248962),
            ["HumanoidRootPart"] = CFrame.new(0, 0, 0, 1, 0, 0, 0, 1, 0, 0, 0, 1),
            ["RightHand"] = CFrame.new(5.960464477539063e-08, 0.0000010728836059570312, -8.344650268554688e-07, 0.7748433351516724, -0.20684045553207397, -0.5973559617996216, 0.5234038233757019, 0.7398197650909424, 0.42274805903434753, 0.35449448227882385, -0.6402218341827393, 0.6815057396888733),
            ["LeftUpperArm"] = CFrame.new(0.02819204330444336, -0.03567636013031006, 0.028051741421222687, 0.6617010235786438, 0.597879946231842, -0.4524281620979309, -0.5351767539978027, -0.045980386435985565, -0.8434878587722778, -0.5251073837280273, 0.800265908241272, 0.28954610228538513),
            ["RightLowerArm"] = CFrame.new(3.5762786865234375e-07, 2.384185791015625e-07, -0.0000040978193283081055, 1, 0.000012435020835255273, 0.0000150725227285875, 0.000018849965272238478, -0.7961103916168213, -0.6051515936851501, 0.0000044554462874657474, 0.6051515340805054, -0.796110212802887),
            ["LeftHand"] = CFrame.new(-0.000001125037670135498, -8.940696716308594e-07, 2.2351741790771484e-08, -0.5548684597015381, 0.42544445395469666, 0.714924693107605, -0.5845832824707031, 0.41204744577407837, -0.6989132165908813, -0.5919318795204163, -0.8057381510734558, 0.020075544714927673),
            ["RightUpperLeg"] = CFrame.new(-2.9802322387695312e-08, 1.1175870895385742e-08, -6.688787834718823e-08, 0.9556354880332947, -0.08397563546895981, -0.2823275625705719, 0.1212979406118393, 0.9856487512588501, 0.11740302294492722, 0.2684169113636017, -0.14644044637680054, 0.9521069526672363),
            ["LeftUpperLeg"] = CFrame.new(0, -1.7229467630386353e-07, -8.195638656616211e-08, 0.9299585223197937, -0.07490144670009613, 0.35995426774024963, -0.0502573661506176, 0.9439419507980347, 0.3262633979320526, -0.3642134368419647, -0.32150185108184814, 0.8740624189376831),
            ["RightLowerLeg"] = CFrame.new(-6.472691893577576e-08, -0.0007264018058776855, 0.00004604628338711336, 1, -8.055942402052096e-08, -1.2316742470375175e-07, 1.2433156371116638e-07, 0.8389235734939575, 0.5442491769790649, 3.91155481338501e-08, -0.5442493557929993, 0.8389236927032471),
            ["RightFoot"] = CFrame.new(1.3958197087049484e-07, -1.1920928955078125e-07, -2.8107024263590574e-08, 0.9985529184341431, 0.0031508300453424454, -0.05368686839938164, -0.025949792936444283, 0.9026063084602356, -0.42968398332595825, 0.04710417240858078, 0.4304554760456085, 0.9013819694519043),
            ["LeftLowerLeg"] = CFrame.new(-3.725290298461914e-09, -0.0007267594337463379, 0.00008103251457214355, 1, 4.470347647611561e-08, -1.303851426825986e-08, -4.563480615615845e-08, 0.9377987384796143, 0.3471793830394745, 7.62520357966423e-09, -0.3471793234348297, 0.9377987384796143),
        }},
        {Time = 0.167, Data = {
            ["LeftFoot"] = CFrame.new(4.6566128730773926e-08, 5.960464477539063e-08, -2.2351741790771484e-08, 0.9602899551391602, 0.012910681776702404, 0.27870506048202515, 0.08897330611944199, 0.9326037168502808, -0.349762886762619, -0.26443710923194885, 0.3606710731983185, 0.8944212794303894),
            ["LeftLowerArm"] = CFrame.new(0.0000010728836059570312, -1.1920928955078125e-07, 0.000005125999450683594, 1, 8.195639367158947e-08, -9.685756907629184e-08, -9.313227167240257e-08, -0.11604926735162735, -0.9932434558868408, -4.842878098543224e-08, 0.9932435154914856, -0.11604924499988556),
            ["LowerTorso"] = CFrame.new(-0.00663740374147892, -0.07344114780426025, -0.07048045843839645, 0.9796600937843323, -0.016979284584522247, -0.1999444216489792, -0.03968987986445427, 0.9603325724601746, -0.2760184407234192, 0.19669972360134125, 0.27834004163742065, 0.9401255249977112),
            ["Head"] = CFrame.new(4.470348358154297e-08, -5.960464477539062e-07, 2.2351741790771484e-08, 0.6986880302429199, 0.14221739768981934, 0.7011484503746033, 0.0020363328512758017, 0.9796434640884399, -0.20073509216308594, -0.715423583984375, 0.14167895913124084, 0.6841756105422974),
            ["RightUpperArm"] = CFrame.new(-0.028818726539611816, -0.016037940979003906, 0.027928024530410767, 0.6341403126716614, -0.34112250804901123, 0.6939030289649963, 0.7138124704360962, 0.6032311320304871, -0.35578659176826477, -0.2972170412540436, 0.7209352254867554, 0.6260307431221008),
            ["UpperTorso"] = CFrame.new(3.725290298461914e-09, -2.384185791015625e-07, -6.728805601596832e-08, 0.8847732543945312, 0.09429901093244553, -0.4563814103603363, -0.0825636088848114, 0.9955402612686157, 0.045638248324394226, 0.4586496651172638, -0.002699114615097642, 0.8886131644248962),
            ["HumanoidRootPart"] = CFrame.new(0, 0, 0, 1, 0, 0, 0, 1, 0, 0, 0, 1),
            ["RightHand"] = CFrame.new(-2.9802322387695312e-08, 0.0000011920928955078125, -8.940696716308594e-07, 0.7748433351516724, -0.20684053003787994, -0.5973560214042664, 0.5234037637710571, 0.7398195862770081, 0.42274796962738037, 0.35449448227882385, -0.640221893787384, 0.6815057396888733),
            ["LeftUpperArm"] = CFrame.new(0.02819216251373291, -0.03567659854888916, 0.0280517116189003, 0.6617009043693542, 0.5978800058364868, -0.45242828130722046, -0.5351768136024475, -0.04598032310605049, -0.8434878587722778, -0.5251073241233826, 0.800265908241272, 0.2895462214946747),
            ["RightLowerArm"] = CFrame.new(4.172325134277344e-07, 9.5367431640625e-07, -0.000004082918167114258, 1, 0.000012397767932270654, 0.000015020370483398438, 0.000018924474716186523, -0.7961103320121765, -0.6051515340805054, 0.0000044405460357666016, 0.6051515340805054, -0.7961103320121765),
            ["LeftHand"] = CFrame.new(-0.0000012293457984924316, -0.0000010728836059570312, 2.5331974029541016e-07, -0.5548685789108276, 0.4254441559314728, 0.7149248123168945, -0.5845835208892822, 0.41204720735549927, -0.6989131569862366, -0.5919315218925476, -0.8057384490966797, 0.020075598731637),
            ["RightUpperLeg"] = CFrame.new(-2.9802322387695312e-08, 1.1175870895385742e-08, -6.688787834718823e-08, 0.9556354284286499, -0.08397568017244339, -0.282327800989151, 0.12129798531532288, 0.9856487512588501, 0.11740291118621826, 0.268417090177536, -0.14644038677215576, 0.9521069526672363),
            ["LeftUpperLeg"] = CFrame.new(0, -1.7229467630386353e-07, -8.195638656616211e-08, 0.9299584627151489, -0.07490140199661255, 0.35995447635650635, -0.05025747790932655, 0.9439419507980347, 0.32626333832740784, -0.3642135560512543, -0.32150185108184814, 0.8740624189376831),
            ["RightLowerLeg"] = CFrame.new(-5.9138983488082886e-08, -0.0007263422012329102, 0.00004604628338711336, 1, -7.916244015859775e-08, -9.965152969471092e-08, 1.1688098311424255e-07, 0.838923454284668, 0.5442492365837097, 1.2223608791828156e-08, -0.544249415397644, 0.8389236330986023),
            ["RightFoot"] = CFrame.new(1.8416903913021088e-07, -2.384185791015625e-07, -5.75528247281909e-09, 0.9985528588294983, 0.0031508898828178644, -0.053686629980802536, -0.025949792936444283, 0.9026062488555908, -0.429684042930603, 0.04710393399000168, 0.4304555356502533, 0.9013819098472595),
            ["LeftLowerLeg"] = CFrame.new(4.0978193283081055e-08, -0.0007267594337463379, 0.00008103251457214355, 1, 4.377215745421381e-08, 7.916240996053148e-09, -4.7497451305389404e-08, 0.9377987384796143, 0.3471793830394745, 3.899913281202316e-09, -0.3471793234348297, 0.937798798084259),
        }},
        {Time = 0.200, Data = {
            ["LeftFoot"] = CFrame.new(-1.0244548320770264e-08, 0, -1.862645149230957e-08, 0.9603720903396606, 0.012219211086630821, 0.27845320105552673, 0.08818314224481583, 0.934398353099823, -0.3451431393623352, -0.26440367102622986, 0.3560205399990082, 0.896292507648468),
            ["LeftLowerArm"] = CFrame.new(8.940696716308594e-07, -2.384185791015625e-07, 0.0000044852495193481445, 1, 5.21540641784668e-08, -1.4901164746561335e-08, -9.313227877782992e-08, -0.1160493940114975, -0.9932435154914856, 1.862645504502325e-08, 0.9932435154914856, -0.11604944616556168),
            ["LowerTorso"] = CFrame.new(-0.006546502001583576, -0.07394266128540039, -0.06881675124168396, 0.9798017740249634, -0.015767255797982216, -0.1993485987186432, -0.045187510550022125, 0.9536441564559937, -0.2975247800350189, 0.1947987675666809, 0.3005233705043793, 0.9336697459220886),
            ["Head"] = CFrame.new(2.2351741790771484e-08, -8.344650268554688e-07, 5.960464477539063e-08, 0.7003722190856934, 0.12370163202285767, 0.7029770612716675, 0.00030658397008664906, 0.9848159551620483, -0.17360195517539978, -0.7137777209281921, 0.12180127203464508, 0.689699649810791),
            ["RightUpperArm"] = CFrame.new(-0.030910253524780273, -0.014623403549194336, 0.025659888982772827, 0.6215867400169373, -0.3540428578853607, 0.6987729072570801, 0.7191898822784424, 0.6114821434020996, -0.32993268966674805, -0.3104768395423889, 0.7076321244239807, 0.6347131133079529),
            ["UpperTorso"] = CFrame.new(1.6763806343078613e-08, -1.1920928955078125e-07, 7.450580596923828e-09, 0.8844861388206482, 0.09550318866968155, -0.45668765902519226, -0.08565348386764526, 0.9954276084899902, 0.04227662459015846, 0.4586370289325714, 0.0017240638844668865, 0.8886221051216125),
            ["HumanoidRootPart"] = CFrame.new(0, 0, 0, 1, 0, 0, 0, 1, 0, 0, 0, 1),
            ["RightHand"] = CFrame.new(6.258487701416016e-07, 0.0000013709068298339844, -6.854534149169922e-07, 0.7748433947563171, -0.20684026181697845, -0.5973561406135559, 0.5234034657478333, 0.7398194670677185, 0.422747939825058, 0.35449472069740295, -0.6402221918106079, 0.681505560874939),
            ["LeftUpperArm"] = CFrame.new(0.02616596221923828, -0.03713810443878174, 0.025839917361736298, 0.6728370785713196, 0.5965884327888489, -0.43746164441108704, -0.5334523320198059, -0.01844472438097, -0.8456290364265442, -0.5125611424446106, 0.8023354411125183, 0.30584120750427246),
            ["RightLowerArm"] = CFrame.new(3.8743019104003906e-07, 4.76837158203125e-07, -0.000003948807716369629, 1, 0.000012451780094124842, 0.00001499802056059707, 0.000018909573554992676, -0.7961105108261108, -0.6051514148712158, 0.000004470348358154297, 0.605151355266571, -0.7961104512214661),
            ["LeftHand"] = CFrame.new(-0.000001166015863418579, -9.5367431640625e-07, -3.725290298461914e-08, -0.5548685789108276, 0.4254445433616638, 0.7149247527122498, -0.5845835208892822, 0.41204702854156494, -0.6989132165908813, -0.5919316411018372, -0.8057382702827454, 0.020075900480151176),
            ["RightUpperLeg"] = CFrame.new(0, -7.031485438346863e-08, 4.487083060666919e-08, 0.9573788642883301, -0.09457672387361526, -0.27291199564933777, 0.1275157481431961, 0.986203134059906, 0.10556137561798096, 0.25916314125061035, -0.13586264848709106, 0.9562299847602844),
            ["LeftUpperLeg"] = CFrame.new(5.960464477539063e-08, -2.444721758365631e-07, 5.960464477539063e-08, 0.9301834106445312, -0.07967638224363327, 0.35834404826164246, -0.05300891399383545, 0.9367771744728088, 0.3458884060382843, -0.36324766278266907, -0.34073489904403687, 0.8671509623527527),
            ["RightLowerLeg"] = CFrame.new(-3.4924596548080444e-10, -0.0007262229919433594, 0.000046031382225919515, 1, -2.6659133567363824e-08, -4.4936321330624196e-08, 8.195637946073475e-08, 0.8221585750579834, 0.5692583322525024, 6.331537605319681e-08, -0.5692585110664368, 0.822158694267273),
            ["RightFoot"] = CFrame.new(2.018932718783617e-07, -1.1920928955078125e-07, 9.145878721028566e-09, 0.9984220266342163, 0.0008905453141778708, 0.05614916980266571, 0.023221474140882492, 0.9038354754447937, -0.42725005745887756, -0.05113023519515991, 0.4278792440891266, 0.9023883938789368),
            ["LeftLowerLeg"] = CFrame.new(-5.774199962615967e-08, -0.0007264614105224609, 0.00008100271224975586, 1, 5.494806387673634e-08, 4.656615093523442e-09, -4.0978196835794733e-08, 0.9374691247940063, 0.34806838631629944, 2.0954759705205106e-08, -0.348068505525589, 0.9374691843986511),
        }},
        {Time = 0.233, Data = {
            ["LeftFoot"] = CFrame.new(-1.6763806343078613e-08, -1.7881393432617188e-07, -7.450580596923828e-09, 0.9603722095489502, 0.012219326570630074, 0.27845317125320435, 0.08818300813436508, 0.9343980550765991, -0.3451436161994934, -0.26440322399139404, 0.3560211658477783, 0.8962922096252441),
            ["LeftLowerArm"] = CFrame.new(0.0000016391277313232422, -2.980232238769531e-07, 0.00000527501106262207, 1, 3.725289943190546e-08, -4.4703497792397684e-08, -8.568168397005138e-08, -0.11604958772659302, -0.9932434558868408, -5.2154071283894154e-08, 0.9932434558868408, -0.11604961007833481),
            ["LowerTorso"] = CFrame.new(-0.006546478718519211, -0.07394266128540039, -0.06881669163703918, 0.9798017740249634, -0.015767034143209457, -0.19934873282909393, -0.04518774151802063, 0.9536442160606384, -0.29752466082572937, 0.19479882717132568, 0.3005233108997345, 0.9336697459220886),
            ["Head"] = CFrame.new(3.725290298461914e-08, -8.344650268554688e-07, 2.9802322387695312e-08, 0.7003720998764038, 0.12370162457227707, 0.7029771208763123, 0.00030645719380117953, 0.9848159551620483, -0.17360195517539978, -0.7137777805328369, 0.1218012273311615, 0.6896997690200806),
            ["RightUpperArm"] = CFrame.new(-0.030910253524780273, -0.014623165130615234, 0.025659799575805664, 0.6215869188308716, -0.354043185710907, 0.6987727284431458, 0.7191898226737976, 0.6114820241928101, -0.32993292808532715, -0.310476690530777, 0.7076321840286255, 0.6347134113311768),
            ["UpperTorso"] = CFrame.new(-9.313225746154785e-09, -4.76837158203125e-07, 6.449408829212189e-08, 0.8844860196113586, 0.0955030769109726, -0.4566873610019684, -0.08565326035022736, 0.995427668094635, 0.04227659851312637, 0.4586372375488281, 0.001723874593153596, 0.8886222243309021),
            ["HumanoidRootPart"] = CFrame.new(0, 0, 0, 1, 0, 0, 0, 1, 0, 0, 0, 1),
            ["RightHand"] = CFrame.new(3.5762786865234375e-07, 7.748603820800781e-07, -9.238719940185547e-07, 0.7748433947563171, -0.20684032142162323, -0.5973559617996216, 0.5234035849571228, 0.7398196458816528, 0.42274799942970276, 0.3544946610927582, -0.6402218341827393, 0.6815057992935181),
            ["LeftUpperArm"] = CFrame.new(0.026166021823883057, -0.037137746810913086, 0.025840070098638535, 0.6728368997573853, 0.5965885519981384, -0.43746161460876465, -0.5334522128105164, -0.018444664776325226, -0.8456290364265442, -0.5125614404678345, 0.8023354411125183, 0.3058414161205292),
            ["RightLowerArm"] = CFrame.new(3.5762786865234375e-07, 8.344650268554688e-07, -0.000003859400749206543, 1, 0.000012364240319584496, 0.000015057627024361864, 0.000018909571736003272, -0.7961103916168213, -0.6051515340805054, 0.000004462897322810022, 0.6051515936851501, -0.7961103320121765),
            ["LeftHand"] = CFrame.new(-0.000001043081283569336, -8.344650268554688e-07, 9.685754776000977e-08, -0.5548686981201172, 0.4254440665245056, 0.7149248123168945, -0.584583580493927, 0.4120469093322754, -0.698913037776947, -0.5919314026832581, -0.8057386875152588, 0.020075645297765732),
            ["RightUpperLeg"] = CFrame.new(2.9802322387695312e-08, -7.543712854385376e-08, -3.894820110872388e-08, 0.9573788642883301, -0.09457718580961227, -0.27291184663772583, 0.1275157481431961, 0.9862033128738403, 0.10555984079837799, 0.2591629922389984, -0.1358613669872284, 0.9562302231788635),
            ["LeftUpperLeg"] = CFrame.new(-2.9802322387695312e-08, -1.0663643479347229e-07, -1.043081283569336e-07, 0.9301831722259521, -0.07967623323202133, 0.3583446145057678, -0.05300894379615784, 0.9367774128913879, 0.3458874225616455, -0.3632482588291168, -0.34073418378829956, 0.8671510815620422),
            ["RightLowerLeg"] = CFrame.new(-5.506444722414017e-08, -0.000726163387298584, 0.00004603883280651644, 1, -2.4214401150857157e-08, -6.105984340365467e-08, 9.685754776000977e-08, 0.822157084941864, 0.5692602396011353, 1.4339457266032696e-07, -0.5692607760429382, 0.8221574425697327),
            ["RightFoot"] = CFrame.new(1.6720150597393513e-07, -5.960464477539063e-08, 1.6596459317952394e-08, 0.9984219670295715, 0.0008905598660930991, 0.056149277836084366, 0.023221513256430626, 0.903834879398346, -0.42725086212158203, -0.05113018676638603, 0.42788055539131165, 0.9023879766464233),
            ["LeftLowerLeg"] = CFrame.new(9.313225746154785e-09, -0.0007267594337463379, 0.00008102506399154663, 1, 2.7939687896605392e-08, -1.2572859198201058e-08, -4.5634813261585805e-08, 0.9374686479568481, 0.3480698764324188, 3.3120162612476634e-08, -0.34806984663009644, 0.9374687075614929),
        }},
        {Time = 0.267, Data = {
            ["LeftFoot"] = CFrame.new(-1.0244548320770264e-08, 0, -1.862645149230957e-08, 0.9603720903396606, 0.012219211086630821, 0.27845320105552673, 0.08818314224481583, 0.934398353099823, -0.3451431393623352, -0.26440367102622986, 0.3560205399990082, 0.896292507648468),
            ["LeftLowerArm"] = CFrame.new(0.0000010132789611816406, -5.364418029785156e-07, 0.000004753470420837402, 1, 5.21540641784668e-08, -1.4901164746561335e-08, -9.313227877782992e-08, -0.1160493940114975, -0.9932435154914856, 1.862645504502325e-08, 0.9932435154914856, -0.11604944616556168),
            ["LowerTorso"] = CFrame.new(-0.006546502001583576, -0.07394266128540039, -0.06881675124168396, 0.9798017740249634, -0.015767255797982216, -0.1993485987186432, -0.045187510550022125, 0.9536441564559937, -0.2975247800350189, 0.1947987675666809, 0.3005233705043793, 0.9336697459220886),
            ["Head"] = CFrame.new(6.705522537231445e-08, -7.152557373046875e-07, 1.4901161193847656e-08, 0.7003722190856934, 0.12370181828737259, 0.7029769420623779, 0.0003063865297008306, 0.9848159551620483, -0.17360197007656097, -0.7137777209281921, 0.12180116772651672, 0.6896997094154358),
            ["RightUpperArm"] = CFrame.new(-0.030910134315490723, -0.014623284339904785, 0.025659888982772827, 0.6215870380401611, -0.35404303669929504, 0.6987725496292114, 0.7191898226737976, 0.6114819645881653, -0.3299330770969391, -0.3104763329029083, 0.7076321840286255, 0.6347132921218872),
            ["UpperTorso"] = CFrame.new(1.6763806343078613e-08, -1.1920928955078125e-07, 7.450580596923828e-09, 0.8844861388206482, 0.09550295025110245, -0.4566875994205475, -0.08565329015254974, 0.995427668094635, 0.04227649047970772, 0.4586370289325714, 0.001724079716950655, 0.8886221051216125),
            ["HumanoidRootPart"] = CFrame.new(0, 0, 0, 1, 0, 0, 0, 1, 0, 0, 0, 1),
            ["RightHand"] = CFrame.new(-8.940696716308594e-08, 0.0000010132789611816406, -7.450580596923828e-07, 0.7748432755470276, -0.2068401724100113, -0.5973562002182007, 0.5234036445617676, 0.7398197054862976, 0.42274796962738037, 0.35449475049972534, -0.640221893787384, 0.6815055012702942),
            ["LeftUpperArm"] = CFrame.new(0.026166021823883057, -0.037137746810913086, 0.025839783251285553, 0.67283695936203, 0.5965883135795593, -0.437461793422699, -0.5334525108337402, -0.018444743007421494, -0.8456288576126099, -0.5125610828399658, 0.8023353815078735, 0.3058413565158844),
            ["RightLowerArm"] = CFrame.new(1.4901161193847656e-07, 9.5367431640625e-07, -0.000003993511199951172, 1, 0.000012485310435295105, 0.000015035271644592285, 0.000018954275219584815, -0.7961103320121765, -0.6051515936851501, 0.000004470347903406946, 0.6051515936851501, -0.7961102724075317),
            ["LeftHand"] = CFrame.new(-0.0000010579824447631836, -8.940696716308594e-07, -3.3527612686157227e-08, -0.5548685789108276, 0.4254445433616638, 0.7149247527122498, -0.5845835208892822, 0.41204702854156494, -0.6989132165908813, -0.5919316411018372, -0.8057382702827454, 0.020075900480151176),
