return {
    ["Cradle"] = {
        {Time = 0.000, Data = {
            ["LeftFoot"] = CFrame.new(8.568167686462402e-08, 0, 0, 0.9845427870750427, -0.14916673302650452, 0.09178757667541504, 0.1751343309879303, 0.8441662192344666, -0.5066670179367065, -0.001906268997117877, 0.5149103403091431, 0.8572418689727783),
            ["LeftLowerArm"] = CFrame.new(-1.4901161193847656e-07, -4.76837158203125e-07, -9.313225746154785e-08, 1, -5.5879347371501353e-08, 2.2351747119842003e-08, 3.5390254282674505e-08, 0.8622833490371704, -0.5064261555671692, 7.4505797087454084e-09, 0.5064260363578796, 0.8622834086418152),
            ["LowerTorso"] = CFrame.new(-0.05429006367921829, -0.22992610931396484, -0.0026775416918098927, 0.9860982894897461, -0.03946390002965927, -0.16140885651111603, 0.031053287908434868, 0.9980415105819702, -0.054303184151649475, 0.16323576867580414, 0.048535995185375214, 0.9853925108909607),
            ["Head"] = CFrame.new(1.1641532182693481e-09, 0, 6.05359673500061e-09, 0.986515998840332, -0.006388820707798004, -0.16354070603847504, 0.0021184843499213457, 0.9996525645256042, -0.02627270482480526, 0.163651704788208, 0.02557208761572838, 0.9861867427825928),
            ["RightUpperArm"] = CFrame.new(0, -2.384185791015625e-07, 9.313225746154785e-09, 0.9554276466369629, -0.21518269181251526, 0.20212522149085999, 0.16684918105602264, 0.9583906531333923, 0.23162204027175903, -0.2435559332370758, -0.18757373094558716, 0.9515758752822876),
            ["UpperTorso"] = CFrame.new(-1.234002411365509e-08, 8.940696716308594e-08, -5.587935447692871e-09, 0.9903270602226257, 0.018869876861572266, 0.13746356964111328, -0.021054737269878387, 0.9996738433837891, 0.014457333832979202, -0.13714593648910522, -0.017211753875017166, 0.9904013276100159),
            ["HumanoidRootPart"] = CFrame.new(0, 0, 0, 1, 0, 0, 0, 1, 0, 0, 0, 1),
            ["RightHand"] = CFrame.new(4.470348358154297e-08, -5.960464477539063e-08, 2.9802322387695312e-08, 0.9722219705581665, 0.20771588385105133, -0.10788258165121078, -0.1710548847913742, 0.9451513886451721, 0.2782606780529022, 0.1597643941640854, -0.2520773708820343, 0.9544277787208557),
            ["LeftUpperArm"] = CFrame.new(-1.1920928955078125e-07, -2.384185791015625e-07, 7.450580596923828e-09, 0.9818650484085083, 0.15910832583904266, -0.10308033227920532, -0.13977539539337158, 0.9748860597610474, 0.17337849736213684, 0.1280774623155594, -0.15582622587680817, 0.9794459939002991),
            ["RightLowerArm"] = CFrame.new(1.7881393432617188e-07, 1.1920928955078125e-07, -1.6391277313232422e-07, 1, -6.705523247774181e-08, 2.2351747119842003e-08, 2.9802322387695312e-08, 0.8733676671981812, -0.48706164956092834, 5.960464477539063e-08, 0.4870617091655731, 0.8733676075935364),
            ["LeftHand"] = CFrame.new(8.568167686462402e-08, 0, 8.940696716308594e-08, 0.9553804993629456, -0.17845432460308075, 0.23537638783454895, 0.10319611430168152, 0.94830721616745, 0.3001064658164978, -0.27676478028297424, -0.26242607831954956, 0.9244101643562317),
            ["RightUpperLeg"] = CFrame.new(-2.9802322387695312e-08, 2.530869096517563e-07, 5.75528247281909e-09, 0.9890624284744263, -0.1256992220878601, 0.07717014849185944, 0.14735545217990875, 0.865031361579895, -0.47959041595458984, -0.006470497231930494, 0.4857163727283478, 0.8740925788879395),
            ["LeftUpperLeg"] = CFrame.new(0, 1.5227124094963074e-07, 0, 0.9607000350952148, 0.2524395287036896, 0.11545436829328537, -0.20778527855873108, 0.9297615885734558, -0.30392229557037354, -0.1840669810771942, 0.267988383769989, 0.945675253868103),
            ["RightLowerLeg"] = CFrame.new(-5.587935447692871e-08, -0.000060439109802246094, -0.00007209384784800932, 1, -1.1175869474300271e-07, -4.4703497792397684e-08, 1.0430816388407038e-07, 0.6749366521835327, 0.7378754615783691, -4.842879164357328e-08, -0.7378756999969482, 0.6749370098114014),
            ["RightFoot"] = CFrame.new(-1.043081283569336e-07, 2.980232238769531e-07, 2.4047039914876223e-08, 0.9732988476753235, 0.17711645364761353, 0.14601154625415802, -0.1447252631187439, 0.9672406911849976, -0.2085665464401245, -0.17816878855228424, 0.18186599016189575, 0.967047393321991),
            ["LeftLowerLeg"] = CFrame.new(3.3527612686157227e-08, 0.000060558319091796875, 0.00007206015288829803, 1, 5.774199252073231e-08, 3.91155481338501e-08, -4.656611807263289e-08, 0.6101816296577454, 0.7922616004943848, 3.166496043149891e-08, -0.79226154088974, 0.6101815700531006),
        }},
        {Time = 0.033, Data = {
            ["LeftFoot"] = CFrame.new(4.190951585769653e-08, -5.960464477539063e-08, 4.470348358154297e-08, 0.9867268800735474, -0.15233352780342102, 0.056255701929330826, 0.1596844643354416, 0.8472496271133423, -0.5066248774528503, 0.029513511806726456, 0.5088837742805481, 0.8603293299674988),
            ["LeftLowerArm"] = CFrame.new(-3.5762786865234375e-07, -1.1920928955078125e-07, -5.960464477539063e-08, 1, -5.02914261346632e-08, 2.2351738238057806e-08, 5.02914261346632e-08, 0.8458290100097656, -0.5334543585777283, 5.587936158235607e-08, 0.5334542989730835, 0.8458288311958313),
            ["LowerTorso"] = CFrame.new(-0.05521830916404724, -0.23129725456237793, -0.004334792494773865, 0.9908800721168518, -0.03563070669770241, -0.12995131313800812, 0.029564330354332924, 0.9983945488929749, -0.04831651598215103, 0.13146424293518066, 0.044033948332071304, 0.9903424382209778),
            ["Head"] = CFrame.new(-2.2118911147117615e-09, 0, 6.6356733441352844e-09, 0.9882839918136597, -0.00852243322879076, -0.1523885428905487, 0.006018966902047396, 0.9998393654823303, -0.01688188686966896, 0.1525079309940338, 0.01576695404946804, 0.9881765842437744),
            ["RightUpperArm"] = CFrame.new(0, 2.384185791015625e-07, 8.381903171539307e-09, 0.9534611701965332, -0.2174096703529358, 0.20891347527503967, 0.1614062488079071, 0.9532691240310669, 0.2553938329219818, -0.25467586517333984, -0.20978814363479614, 0.9439963698387146),
            ["UpperTorso"] = CFrame.new(-6.402842700481415e-09, -8.940696716308594e-08, 8.381903171539307e-09, 0.9934927821159363, 0.010856684297323227, 0.11337732523679733, -0.012116450816392899, 0.9998723268508911, 0.010428051464259624, -0.11324965208768845, -0.01173391006886959, 0.993497371673584),
            ["HumanoidRootPart"] = CFrame.new(0, 0, 0, 1, 0, 0, 0, 1, 0, 0, 0, 1),
            ["RightHand"] = CFrame.new(8.568167686462402e-08, -2.980232238769531e-07, 7.450580596923828e-08, 0.983169674873352, 0.17864294350147247, -0.038264479488134384, -0.1606278270483017, 0.9450290203094482, 0.28481388092041016, 0.0870409905910492, -0.2738739252090454, 0.9578189253807068),
            ["LeftUpperArm"] = CFrame.new(-1.1920928955078125e-07, 1.1920928955078125e-07, 0, 0.9766399264335632, 0.1606450229883194, -0.14271573722362518, -0.13238835334777832, 0.972966730594635, 0.18923319876194, 0.1692570149898529, -0.16591878235340118, 0.9715055823326111),
            ["RightLowerArm"] = CFrame.new(-5.960464477539063e-08, 0, 7.450580596923828e-08, 1, -4.470348358154297e-08, -7.450582373280668e-09, 9.313225746154785e-08, 0.850304365158081, -0.5262914896011353, 2.2351741790771484e-08, 0.5262912511825562, 0.8503043055534363),
            ["LeftHand"] = CFrame.new(-8.940696716308594e-08, 5.960464477539063e-08, -1.043081283569336e-07, 0.9818377494812012, -0.15006990730762482, 0.11607584357261658, 0.10304485261440277, 0.9355266094207764, 0.3378935158252716, -0.15929968655109406, -0.3197952210903168, 0.9339991807937622),
            ["RightUpperLeg"] = CFrame.new(0, 2.3469328880310059e-07, -5.420588422566652e-09, 0.9887285828590393, -0.13875116407871246, 0.056249942630529404, 0.1486467570066452, 0.8648355603218079, -0.4795451760292053, 0.01789042167365551, 0.48250147700309753, 0.8757125735282898),
            ["LeftUpperLeg"] = CFrame.new(2.9802322387695312e-08, -2.561137080192566e-08, 0, 0.9586882591247559, 0.25791341066360474, 0.1199895441532135, -0.20750069618225098, 0.9225963354110718, -0.3252067565917969, -0.19457726180553436, 0.28687411546707153, 0.9379995465278625),
            ["RightLowerLeg"] = CFrame.new(8.195638656616211e-08, -0.00006026029586791992, -0.00007205473229987547, 1, -6.332990665214311e-08, -2.607702498380604e-08, 1.2665987014770508e-07, 0.6641285419464111, 0.7476181387901306, -4.0978193283081055e-08, -0.7476183772087097, 0.6641288995742798),
            ["RightFoot"] = CFrame.new(-5.4016709327697754e-08, 4.172325134277344e-07, 1.6952981241047382e-09, 0.976149320602417, 0.1751207560300827, 0.12831811606884003, -0.1424669325351715, 0.9626956582069397, -0.23004412651062012, -0.16381649672985077, 0.20627640187740326, 0.9646835327148438),
            ["LeftLowerLeg"] = CFrame.new(3.166496753692627e-08, 0.00006073713302612305, 0.00007209507748484612, 1, 5.960464477539063e-08, 4.4703494239684005e-08, -5.587935447692871e-08, 0.6042032837867737, 0.7968301177024841, 4.563480615615845e-08, -0.7968301773071289, 0.604203462600708),
        }},
        {Time = 0.067, Data = {
            ["LeftFoot"] = CFrame.new(3.91155481338501e-08, -5.960464477539063e-08, -2.9802322387695312e-08, 0.9877257347106934, -0.1549176275730133, 0.019959647208452225, 0.14366139471530914, 0.8508422374725342, -0.5054000020027161, 0.06131282076239586, 0.5020638704299927, 0.8626543283462524),
            ["LeftLowerArm"] = CFrame.new(5.960464477539063e-08, 3.5762786865234375e-07, -6.705522537231445e-08, 1, -4.9825747083787064e-08, 3.725290298461914e-08, 7.450580596923828e-08, 0.8326025605201721, -0.5538710951805115, 2.0489096641540527e-08, 0.5538709759712219, 0.8326024413108826),
            ["LowerTorso"] = CFrame.new(-0.057020798325538635, -0.23261380195617676, -0.00469248229637742, 0.9947310090065002, -0.03136816993355751, -0.09760267287492752, 0.02730204351246357, 0.9987139701843262, -0.04272054508328438, 0.09881721436977386, 0.03983069956302643, 0.9943081140518188),
            ["Head"] = CFrame.new(3.0850060284137726e-09, -5.960464477539062e-07, -4.190951585769653e-09, 0.9897627234458923, -0.014786863699555397, -0.1419551819562912, 0.013488257303833961, 0.999858021736145, -0.010105918161571026, 0.14208446443080902, 0.008087807334959507, 0.9898214936256409),
            ["RightUpperArm"] = CFrame.new(0, -4.76837158203125e-07, 9.313225746154785e-10, 0.9506721496582031, -0.21939027309417725, 0.21929559111595154, 0.15374945104122162, 0.947266697883606, 0.28115302324295044, -0.26941365003585815, -0.23356778919696808, 0.9342710971832275),
            ["UpperTorso"] = CFrame.new(-3.6088749766349792e-09, -3.2782554626464844e-07, 3.259629011154175e-09, 0.9962069988250732, 0.004932396579533815, 0.08687552064657211, -0.005407162010669708, 0.9999718070030212, 0.0052304333075881, -0.08684725314378738, -0.005680332891643047, 0.9962055087089539),
            ["HumanoidRootPart"] = CFrame.new(0, 0, 0, 1, 0, 0, 0, 1, 0, 0, 0, 1),
            ["RightHand"] = CFrame.new(1.1175870895385742e-08, 2.980232238769531e-07, 1.4901161193847656e-08, 0.9885557293891907, 0.14814944565296173, 0.02844933047890663, -0.15020574629306793, 0.9491396546363831, 0.27671703696250916, 0.01399293728172779, -0.27782320976257324, 0.9605302810668945),
            ["LeftUpperArm"] = CFrame.new(1.1920928955078125e-07, -3.5762786865234375e-07, -4.6566128730773926e-09, 0.9669072031974792, 0.16031362116336823, -0.1984693855047226, -0.11817015707492828, 0.9708560109138489, 0.20850536227226257, 0.22611139714717865, -0.1781521737575531, 0.9576719999313354),
            ["RightLowerArm"] = CFrame.new(-5.960464477539063e-08, -2.980232238769531e-07, 5.960464477539063e-08, 1, -5.2154071283894154e-08, 0, 3.725290653733282e-08, 0.8349002599716187, -0.5504014492034912, 1.1175872671742582e-08, 0.5504013895988464, 0.8349002003669739),
            ["LeftHand"] = CFrame.new(1.4901161193847656e-08, 0, 0, 0.9961375594139099, -0.08758365362882614, 0.00625119311735034, 0.07842881232500076, 0.919506847858429, 0.385170042514801, -0.0394824855029583, -0.3831923305988312, 0.922824501991272),
            ["RightUpperLeg"] = CFrame.new(0, -2.705492079257965e-07, 2.029992174357176e-09, 0.98762446641922, -0.15277867019176483, 0.03544877842068672, 0.15091876685619354, 0.8642574548721313, -0.4798777997493744, 0.04267830029129982, 0.4792887270450592, 0.8766189813613892),
            ["LeftUpperLeg"] = CFrame.new(-1.1920928955078125e-07, -2.2514723241329193e-07, 0, 0.9570398330688477, 0.2618585526943207, 0.12451906502246857, -0.20535938441753387, 0.9153037667274475, -0.3464773893356323, -0.20470088720321655, 0.3060213625431061, 0.929757297039032),
            ["RightLowerLeg"] = CFrame.new(-1.1920928955078125e-07, -0.000060439109802246094, -0.0000721348260412924, 1, -1.266598843585598e-07, -6.332995639013461e-08, 6.705523958316917e-08, 0.6526733636856079, 0.7576391696929932, -7.823111758398227e-08, -0.7576395273208618, 0.6526737213134766),
            ["RightFoot"] = CFrame.new(-3.91155481338501e-08, 5.364418029785156e-07, 1.6596459317952394e-08, 0.9786606431007385, 0.17334361374378204, 0.11034294962882996, -0.14122170209884644, 0.9574707746505737, -0.25160717964172363, -0.1492646485567093, 0.23065529763698578, 0.9615188241004944),
            ["LeftLowerLeg"] = CFrame.new(-2.60770320892334e-08, 0.000060558319091796875, 0.00007209554314613342, 1, 5.960464477539063e-08, 4.4703490686970326e-08, -8.940698137394065e-08, 0.5980468988418579, 0.8014612793922424, 2.980232594040899e-08, -0.8014611005783081, 0.5980467796325684),
        }},
        {Time = 0.100, Data = {
            ["LeftFoot"] = CFrame.new(-1.862645149230957e-09, 1.7881393432617188e-07, -3.725290298461914e-09, 0.9876258373260498, -0.15631158649921417, -0.012725049629807472, 0.12877921760082245, 0.854619026184082, -0.5030331015586853, 0.08950481563806534, 0.4951697587966919, 0.8641735315322876),
            ["LeftLowerArm"] = CFrame.new(1.1920928955078125e-07, 1.7881393432617188e-07, -1.862645149230957e-08, 1, -3.725291186640334e-09, 3.725290653733282e-08, 5.587935447692871e-08, 0.8194408416748047, -0.5731639862060547, -1.30385160446167e-08, 0.5731638669967651, 0.8194407820701599),
            ["LowerTorso"] = CFrame.new(-0.0602186843752861, -0.23399043083190918, -0.005822197999805212, 0.9975392818450928, -0.02705898880958557, -0.06467790901660919, 0.02459832839667797, 0.9989542365074158, -0.038543105125427246, 0.06565319746732712, 0.036857299506664276, 0.9971615672111511),
            ["Head"] = CFrame.new(-3.841705620288849e-09, -1.1920928955078125e-07, -1.2223608791828156e-09, 0.9906114339828491, -0.022435516119003296, -0.1348540037870407, 0.022532114759087563, 0.999745786190033, -0.0008099749102257192, 0.13483786582946777, -0.0022360822185873985, 0.990865170955658),
            ["RightUpperArm"] = CFrame.new(-5.960464477539063e-08, 0, 8.381903171539307e-09, 0.9486573338508606, -0.21470138430595398, 0.23227748274803162, 0.1373240351676941, 0.9410878419876099, 0.30902397632598877, -0.28494131565093994, -0.2612604796886444, 0.9222534894943237),
            ["UpperTorso"] = CFrame.new(-1.05355866253376e-08, -1.4901161193847656e-07, 7.450580596923828e-09, 0.9974576830863953, 0.004305609967559576, 0.0711321234703064, -0.00430802907794714, 0.999990701675415, -0.0001194171782117337, -0.07113195955753326, -0.00018732008174993098, 0.9974669814109802),
            ["HumanoidRootPart"] = CFrame.new(0, 0, 0, 1, 0, 0, 0, 1, 0, 0, 0, 1),
            ["RightHand"] = CFrame.new(1.7881393432617188e-07, 1.7881393432617188e-07, 5.960464477539063e-08, 0.9908608198165894, 0.1117110326886177, 0.07560232281684875, -0.12771908938884735, 0.9572803974151611, 0.2594267427921295, -0.04339214414358139, -0.2667115032672882, 0.9627991914749146),
            ["LeftUpperArm"] = CFrame.new(0, -1.1920928955078125e-07, 4.656612873077393e-10, 0.9609249234199524, 0.14696523547172546, -0.2345731258392334, -0.09393590688705444, 0.9702627062797546, 0.22308410704135895, 0.26038309931755066, -0.1923322081565857, 0.9461548924446106),
            ["RightLowerArm"] = CFrame.new(0, -6.556510925292969e-07, 7.450580596923828e-08, 1, -7.450580596923828e-08, 2.60770320892334e-08, 7.450580596923828e-08, 0.8279266953468323, -0.5608364343643188, 3.725290298461914e-08, 0.5608363151550293, 0.8279266357421875),
            ["LeftHand"] = CFrame.new(-1.1920928955078125e-07, 0, -4.470348358154297e-08, 0.9916378259658813, -0.000928576453588903, -0.12904855608940125, 0.05780811980366707, 0.8972349762916565, 0.43775326013565063, 0.11538045853376389, -0.4415525794029236, 0.8897857666015625),
            ["RightUpperLeg"] = CFrame.new(-5.960464477539063e-08, -1.775333657860756e-07, 2.029992174357176e-09, 0.9856353998184204, -0.16824451088905334, 0.014721348881721497, 0.1547144502401352, 0.8645323514938354, -0.4781705439090729, 0.06772249191999435, 0.4735797345638275, 0.8781436681747437),
            ["LeftUpperLeg"] = CFrame.new(-5.960464477539063e-08, -3.41096892952919e-08, 7.450580596923828e-09, 0.955784261226654, 0.26415014266967773, 0.12923336029052734, -0.20132608711719513, 0.9081029891967773, -0.3671737313270569, -0.21434609591960907, 0.32492101192474365, 0.9211309552192688),
            ["RightLowerLeg"] = CFrame.new(-2.2351741790771484e-08, -0.0000603795051574707, -0.00007208267197711393, 1, -1.4901162614933128e-07, -4.8428795196286956e-08, 9.685754776000977e-08, 0.6407043933868408, 0.767787516117096, -5.587935447692871e-08, -0.767787754535675, 0.6407046318054199),
            ["RightFoot"] = CFrame.new(1.4901161193847656e-08, 2.980232238769531e-07, -5.75528247281909e-09, 0.9802773594856262, 0.17245715856552124, 0.0965145155787468, -0.14022961258888245, 0.9511047005653381, -0.2752005457878113, -0.13925577700138092, 0.2562389671802521, 0.956529974937439),
            ["LeftLowerLeg"] = CFrame.new(-1.862645149230957e-08, 0.00006073713302612305, 0.00007206574082374573, 1, 3.725290653733282e-08, 0, -6.705523958316917e-08, 0.5901363492012024, 0.8073037266731262, 2.2351747119842003e-08, -0.8073036670684814, 0.5901361703872681),
        }},
        {Time = 0.133, Data = {
            ["LeftFoot"] = CFrame.new(1.862645149230957e-08, -1.1920928955078125e-07, -1.4901161193847656e-08, 0.9866461753845215, -0.15619589388370514, -0.04617788642644882, 0.11242150515317917, 0.8582063913345337, -0.5008427500724792, 0.11785968393087387, 0.4889630079269409, 0.8643056154251099),
            ["LeftLowerArm"] = CFrame.new(-2.384185791015625e-07, -5.364418029785156e-07, 2.2351741790771484e-08, 1, -4.470347647611561e-08, 4.842878098543224e-08, 5.21540641784668e-08, 0.8151516914367676, -0.5792473554611206, 4.190951585769653e-08, 0.5792475342750549, 0.8151518702507019),
            ["LowerTorso"] = CFrame.new(-0.06585689634084702, -0.2362663745880127, -0.005913240369409323, 0.9993261694908142, -0.023617222905158997, -0.028097664937376976, 0.02257942408323288, 0.9990713596343994, -0.03669634461402893, 0.028938237577676773, 0.03603718429803848, 0.9989314079284668),
            ["Head"] = CFrame.new(6.6356733441352844e-09, 2.384185791015625e-07, 8.381903171539307e-09, 0.9909563064575195, -0.03150006756186485, -0.13043610751628876, 0.03308829665184021, 0.9994022250175476, 0.010026589967310429, 0.13004228472709656, -0.014251714572310448, 0.9914060831069946),
            ["RightUpperArm"] = CFrame.new(1.1920928955078125e-07, 2.384185791015625e-07, 0, 0.946636438369751, -0.20474085211753845, 0.2489190548658371, 0.1184806153178215, 0.9392942190170288, 0.322007417678833, -0.29973623156547546, -0.27533194422721863, 0.9134279489517212),
            ["UpperTorso"] = CFrame.new(7.887138053774834e-09, 0, -2.0954757928848267e-09, 0.9984422922134399, 0.009022960439324379, 0.05505950748920441, -0.008909736759960651, 0.9999576807022095, -0.002301465952768922, -0.0550779290497303, 0.0018073143437504768, 0.998480498790741),
            ["HumanoidRootPart"] = CFrame.new(0, 0, 0, 1, 0, 0, 0, 1, 0, 0, 0, 1),
            ["RightHand"] = CFrame.new(-5.960464477539063e-08, 1.7881393432617188e-07, -1.4901161193847656e-08, 0.9892007112503052, 0.06733932346105576, 0.1301822066307068, -0.09725099802017212, 0.9660758972167969, 0.23924775421619415, -0.10965539515018463, -0.2493244707584381, 0.9621918201446533),
            ["LeftUpperArm"] = CFrame.new(-1.1920928955078125e-07, 0, 1.862645149230957e-09, 0.9531842470169067, 0.12996530532836914, -0.2730361223220825, -0.06655281037092209, 0.9709515571594238, 0.2298341542482376, 0.29497531056404114, -0.20090293884277344, 0.9341453909873962),
            ["RightLowerArm"] = CFrame.new(5.960464477539063e-08, 1.7881393432617188e-07, 8.568167686462402e-08, 1, -3.725290653733282e-08, 3.725290298461914e-08, 8.195640788244418e-08, 0.8298916816711426, -0.5579245090484619, 6.705523958316917e-08, 0.557924747467041, 0.8298916816711426),
            ["LeftHand"] = CFrame.new(1.4156103134155273e-07, 1.1920928955078125e-07, -7.450580596923828e-08, 0.9795562624931335, 0.06214495375752449, -0.19133079051971436, 0.0356922373175621, 0.8823110461235046, 0.4693112373352051, 0.19797870516777039, -0.46654611825942993, 0.8620554208755493),
            ["RightUpperLeg"] = CFrame.new(0, 1.1184602044522762e-07, -6.351910997182131e-09, 0.9828553199768066, -0.18427585065364838, -0.006161974743008614, 0.1594870686531067, 0.8664609789848328, -0.4730850160121918, 0.09251721948385239, 0.4639911353588104, 0.8809952735900879),
            ["LeftUpperLeg"] = CFrame.new(-5.960464477539063e-08, 8.568167686462402e-08, 1.862645149230957e-09, 0.9544708132743835, 0.26644167304039, 0.1341431736946106, -0.1963355839252472, 0.8996589183807373, -0.389956533908844, -0.22458381950855255, 0.34586507081985474, 0.9110101461410522),
            ["RightLowerLeg"] = CFrame.new(4.470348358154297e-08, -0.00006020069122314453, -0.0000720929165254347, 1, -1.0430814256778831e-07, -1.1175876579727628e-07, 8.940695295223122e-08, 0.6283243298530579, 0.7779513001441956, -6.332992796842518e-08, -0.7779515981674194, 0.6283246278762817),
            ["RightFoot"] = CFrame.new(-4.7963112592697144e-08, 2.384185791015625e-07, 2.7772330213338137e-08, 0.9814026355743408, 0.1732269674539566, 0.08271323144435883, -0.1410161703824997, 0.9429387450218201, -0.30163049697875977, -0.13024404644966125, 0.2843569815158844, 0.9498303532600403),
            ["LeftLowerLeg"] = CFrame.new(1.4901161193847656e-07, 0.000060617923736572266, 0.00007197260856628418, 1, 7.823108916227284e-08, -7.450581485102248e-09, -5.960465188081798e-08, 0.5782465934753418, 0.815862238407135, 0, -0.8158619999885559, 0.5782463550567627),
        }},
        {Time = 0.167, Data = {
            ["LeftFoot"] = CFrame.new(-1.862645149230957e-08, 5.960464477539063e-08, 7.450580596923828e-09, 0.9853355884552002, -0.15347057580947876, -0.07457061111927032, 0.09601780027151108, 0.8599942922592163, -0.5011893510818481, 0.14104804396629333, 0.4866793155670166, 0.8621185421943665),
            ["LeftLowerArm"] = CFrame.new(-3.2782554626464844e-07, 4.76837158203125e-07, -4.470348358154297e-08, 1, -1.1175868230850483e-08, 1.30385160446167e-08, 3.725289943190546e-08, 0.8096844553947449, -0.5868654847145081, 5.960463766996327e-08, 0.5868655443191528, 0.8096845149993896),
            ["LowerTorso"] = CFrame.new(-0.07323957979679108, -0.2402205467224121, -0.006540403701364994, 0.9997486472129822, -0.021621523424983025, 0.0059310863725841045, 0.02184443175792694, 0.9989398121833801, -0.04052253067493439, -0.005048639606684446, 0.0406419038772583, 0.9991610050201416),
            ["Head"] = CFrame.new(8.847564458847046e-09, 2.384185791015625e-07, -5.587935447692871e-09, 0.9909543991088867, -0.03586405888199806, -0.12931795418262482, 0.03943214192986488, 0.998906135559082, 0.025136876851320267, 0.12827499210834503, -0.030008645728230476, 0.9912846088409424),
            ["RightUpperArm"] = CFrame.new(0, 0, 1.862645149230957e-09, 0.943816065788269, -0.1872730404138565, 0.27228671312332153, 0.09301809221506119, 0.9411666393280029, 0.3248894214630127, -0.3171100616455078, -0.28130820393562317, 0.9057078957557678),
            ["UpperTorso"] = CFrame.new(-3.5033735912293196e-09, 0, 6.111804395914078e-10, 0.9990634322166443, 0.014599641785025597, 0.040733154863119125, -0.014612938277423382, 0.999893307685852, 0.000028730024496326223, -0.040728382766246796, -0.0006239403155632317, 0.9991700649261475),
            ["HumanoidRootPart"] = CFrame.new(0, 0, 0, 1, 0, 0, 0, 1, 0, 0, 0, 1),
            ["RightHand"] = CFrame.new(-1.4901161193847656e-08, -2.980232238769531e-07, 1.4901161193847656e-08, 0.9828342795372009, 0.016981231048703194, 0.18370726704597473, -0.0624922513961792, 0.967532753944397, 0.24489840865135193, -0.17358441650867462, -0.25217482447624207, 0.9519855380058289),
            ["LeftUpperArm"] = CFrame.new(0, 0, 3.725290298461914e-09, 0.9322707653045654, 0.11980901658535004, -0.34134599566459656, -0.03895188122987747, 0.9713253378868103, 0.23454169929027557, 0.3596581816673279, -0.20536023378372192, 0.910205066204071),
            ["RightLowerArm"] = CFrame.new(0, -5.960464477539063e-08, 2.60770320892334e-08, 1, -3.655441460637121e-08, 5.401671643312511e-08, 6.705522537231445e-08, 0.839592456817627, -0.5432168841362, 9.685754776000977e-08, 0.5432168245315552, 0.839592456817627),
            ["LeftHand"] = CFrame.new(2.2351741790771484e-08, -5.960464477539063e-08, 1.7881393432617188e-07, 0.9838337898254395, 0.09101242572069168, -0.15423274040222168, -0.0006582365022040904, 0.8630640506744385, 0.5050938129425049, 0.17908276617527008, -0.4968271255493164, 0.8491716980934143),
            ["RightUpperLeg"] = CFrame.new(5.960464477539063e-08, -4.71482053399086e-09, -4.489265847951174e-09, 0.9794521331787109, -0.20006811618804932, -0.02542402595281601, 0.16587452590465546, 0.8708540201187134, -0.4627087116241455, 0.11471377313137054, 0.44898349046707153, 0.8861457705497742),
            ["LeftUpperLeg"] = CFrame.new(-5.960464477539063e-08, 1.2402597349137068e-07, -4.889443516731262e-09, 0.9530373215675354, 0.26875972747802734, 0.1395997405052185, -0.19179090857505798, 0.892336368560791, -0.408597856760025, -0.23438440263271332, 0.36263495683670044, 0.9019755721092224),
            ["RightLowerLeg"] = CFrame.new(-4.0978193283081055e-08, -0.000060439109802246094, -0.00007205380097730085, 1, -9.313227167240257e-08, -4.4703497792397684e-08, 7.823108916227284e-08, 0.6154246926307678, 0.7881953120231628, -5.867331509534779e-08, -0.7881956696510315, 0.615425169467926),
            ["RightFoot"] = CFrame.new(-1.909211277961731e-08, 3.5762786865234375e-07, -2.029992174357176e-09, 0.9815084338188171, 0.17615319788455963, 0.07490931451320648, -0.14234216511249542, 0.9333064556121826, -0.3296634256839752, -0.12798455357551575, 0.3129046857357025, 0.9411219954490662),
            ["LeftLowerLeg"] = CFrame.new(0, 0.00006091594696044922, 0.00007201731204986572, 1, 1.1455267667770386e-07, 4.4703490686970326e-08, -5.215405707303944e-08, 0.5613600611686707, 0.8275718688964844, 1.4901159417490817e-08, -0.8275717496871948, 0.5613599419593811),
        }},
        {Time = 0.200, Data = {
            ["LeftFoot"] = CFrame.new(-4.842877388000488e-08, -1.1920928955078125e-07, 2.421438694000244e-08, 0.9840878844261169, -0.14794468879699707, -0.09840451180934906, 0.07898342609405518, 0.8603301644325256, -0.5035808086395264, 0.15916237235069275, 0.4877953827381134, 0.858325719833374),
            ["LeftLowerArm"] = CFrame.new(-2.9802322387695312e-08, -1.7881393432617188e-07, -8.940696716308594e-08, 1, -6.33299421792799e-08, -3.4458931708059026e-08, 1.862644793959589e-08, 0.8098308444023132, -0.5866636633872986, 3.352760558072987e-08, 0.586663544178009, 0.8098307251930237),
            ["LowerTorso"] = CFrame.new(-0.08236143738031387, -0.24634146690368652, -0.006984517443925142, 0.9990874528884888, -0.0204152911901474, 0.037518907338380814, 0.02226809598505497, 0.9985185265541077, -0.049647584557533264, -0.03644975647330284, 0.05043775215744972, 0.9980618357658386),
            ["Head"] = CFrame.new(0, -1.1920928955078125e-07, -7.916241884231567e-09, 0.9907259345054626, -0.0403955839574337, -0.12973187863826752, 0.04518677294254303, 0.9983929395675659, 0.034201789647340775, 0.12814176082611084, -0.039746690541505814, 0.9909591674804688),
            ["RightUpperArm"] = CFrame.new(0, 1.1920928955078125e-07, 6.984919309616089e-10, 0.9502775073051453, -0.1539207100868225, 0.27070510387420654, 0.06791167706251144, 0.9508132338523865, 0.3022286295890808, -0.30390918254852295, -0.2688170075416565, 0.9139894247055054),
            ["UpperTorso"] = CFrame.new(1.0884832590818405e-08, 2.682209014892578e-07, -2.7939677238464355e-09, 0.9993768334388733, 0.020439568907022476, 0.028780322521924973, -0.020801302045583725, 0.9997076988220215, 0.01232585497200489, -0.028519975021481514, -0.012916836887598038, 0.9995098114013672),
            ["HumanoidRootPart"] = CFrame.new(0, 0, 0, 1, 0, 0, 0, 1, 0, 0, 0, 1),
            ["RightHand"] = CFrame.new(-7.450580596923828e-09, 1.1920928955078125e-07, 1.4901161193847656e-08, 0.9697412252426147, -0.01181445736438036, 0.24384930729866028, -0.052122607827186584, 0.9657793641090393, 0.25407376885414124, -0.238506481051445, -0.2590961456298828, 0.9359402656555176),
            ["LeftUpperArm"] = CFrame.new(0, 0, -1.4901161193847656e-08, 0.9167376756668091, 0.1052473783493042, -0.38537663221359253, -0.020035672932863235, 0.975570797920227, 0.21876990795135498, 0.3989870548248291, -0.19283334910869598, 0.8964511156082153),
            ["RightLowerArm"] = CFrame.new(-1.4901161193847656e-07, 5.960464477539062e-07, -5.587935447692871e-09, 1, -4.6566128730773926e-08, -7.07805440924858e-08, 5.960465898624534e-08, 0.8573107719421387, -0.5147991180419922, 0, 0.5147992372512817, 0.8573108911514282),
            ["LeftHand"] = CFrame.new(2.0116567611694336e-07, -5.960464477539063e-08, 1.7881393432617188e-07, 0.9859349727630615, 0.07508464902639389, -0.14931362867355347, 0.016386115923523903, 0.8456687927246094, 0.5334567427635193, 0.1663241982460022, -0.5284001231193542, 0.8325438499450684),
            ["RightUpperLeg"] = CFrame.new(-2.9802322387695312e-08, 2.7939677238464355e-07, 9.480572771281004e-09, 0.9757166504859924, -0.21476006507873535, -0.043072592467069626, 0.172967791557312, 0.8761011958122253, -0.45003220438957214, 0.13438498973846436, 0.43165358901023865, 0.8919730186462402),
            ["LeftUpperLeg"] = CFrame.new(0, 2.997112460434437e-07, -9.313225746154785e-10, 0.9513320922851562, 0.2714426517486572, 0.1458979994058609, -0.18767499923706055, 0.8858348727226257, -0.42435234785079956, -0.2444288283586502, 0.37631845474243164, 0.8936660289764404),
            ["RightLowerLeg"] = CFrame.new(0, -0.00006031990051269531, -0.00007212928176159039, 1, -1.0430811414607888e-07, -5.960463766996327e-08, 1.0430811414607888e-07, 0.5996345281600952, 0.8002737760543823, -6.065237556640568e-08, -0.8002739548683167, 0.5996347069740295),
            ["RightFoot"] = CFrame.new(4.889443516731262e-08, 2.980232238769531e-07, 2.032174961641431e-08, 0.9812660813331604, 0.17899176478385925, 0.07126620411872864, -0.14243662357330322, 0.9230942726135254, -0.357223778963089, -0.12972553074359894, 0.34038054943084717, 0.9312960505485535),
            ["LeftLowerLeg"] = CFrame.new(-5.21540641784668e-08, 0.00006073713302612305, 0.00007212162017822266, 1, 6.984918599073353e-08, -2.2351745343485163e-08, -6.705523247774181e-08, 0.5388452410697937, 0.8424047827720642, 1.4901162970204496e-08, -0.8424047827720642, 0.5388453602790833),
        }},
        {Time = 0.233, Data = {
            ["LeftFoot"] = CFrame.new(-3.725290298461914e-09, 0, 1.4901161193847656e-08, 0.9833507537841797, -0.14030922949314117, -0.11547626554965973, 0.06282573938369751, 0.8587862849235535, -0.5084677338600159, 0.17051167786121368, 0.4927469789981842, 0.8533028960227966),
            ["LeftLowerArm"] = CFrame.new(-5.960464477539063e-08, 5.960464477539063e-08, -2.1606683731079102e-07, 1, -6.705523247774181e-08, 4.3772150348786454e-08, 4.097820394122209e-08, 0.8150723576545715, -0.5793594121932983, 6.332994928470725e-08, 0.5793593525886536, 0.8150721788406372),
            ["LowerTorso"] = CFrame.new(-0.09334307163953781, -0.2554500102996826, -0.005688077304512262, 0.9977651834487915, -0.01749167963862419, 0.06448822468519211, 0.02151767536997795, 0.9978272318840027, -0.06227365508675575, -0.0632588267326355, 0.06352213025093079, 0.995973527431488),
            ["Head"] = CFrame.new(-9.778887033462524e-09, -2.384185791015625e-07, -9.313225746154785e-09, 0.9906212091445923, -0.04346044734120369, -0.1295413076877594, 0.04797989875078201, 0.9983365535736084, 0.031972527503967285, 0.1279362589120865, -0.03788796812295914, 0.9910584688186646),
            ["RightUpperArm"] = CFrame.new(0, -2.384185791015625e-07, -7.450580596923828e-09, 0.9747921228408813, -0.09067953377962112, 0.2038566619157791, 0.03985968604683876, 0.9697632193565369, 0.24077056348323822, -0.21952567994594574, -0.22657561302185059, 0.9489319920539856),
            ["UpperTorso"] = CFrame.new(8.149072527885437e-10, 5.960464477539063e-08, 9.778887033462524e-09, 0.9995999932289124, 0.020449237897992134, 0.019535502418875694, -0.0211019329726696, 0.9992055296897888, 0.03381069377064705, -0.01882859133183956, -0.034209392964839935, 0.9992372989654541),
            ["HumanoidRootPart"] = CFrame.new(0, 0, 0, 1, 0, 0, 0, 1, 0, 0, 0, 1),
            ["RightHand"] = CFrame.new(4.470348358154297e-08, -5.960464477539063e-08, -5.960464477539063e-08, 0.9162359237670898, -0.05556630343198776, 0.39676716923713684, -0.05031787231564522, 0.9665334820747375, 0.25155776739120483, -0.3974669277667999, -0.25045040249824524, 0.8827766180038452),
            ["LeftUpperArm"] = CFrame.new(0, -2.384185791015625e-07, -7.450580596923828e-09, 0.8978129029273987, 0.09180272370576859, -0.4307020604610443, -0.011620079167187214, 0.9826281666755676, 0.18522146344184875, 0.4402238130569458, -0.16128940880298615, 0.8832829594612122),
            ["RightLowerArm"] = CFrame.new(0, 4.76837158203125e-07, -6.705522537231445e-08, 1, -3.725290298461914e-08, -6.984917888530617e-08, 4.0978193283081055e-08, 0.88511061668396, -0.4653806686401367, -1.4901161193847656e-08, 0.4653806984424591, 0.8851106762886047),
            ["LeftHand"] = CFrame.new(-1.564621925354004e-07, -1.1920928955078125e-07, -1.4901161193847656e-08, 0.9848394989967346, 0.07872439920902252, -0.15457579493522644, 0.0233193039894104, 0.8229191303253174, 0.5676801800727844, 0.1718936264514923, -0.5626780390739441, 0.8086072206497192),
            ["RightUpperLeg"] = CFrame.new(-2.9802322387695312e-08, 7.846392691135406e-08, 7.617927622050047e-09, 0.9719776511192322, -0.22880107164382935, -0.05394018813967705, 0.18220670521259308, 0.8782642483711243, -0.44210031628608704, 0.14852674305438995, 0.41988325119018555, 0.8953422904014587),
            ["LeftUpperLeg"] = CFrame.new(-5.960464477539063e-08, -1.1059455573558807e-08, 1.862645149230957e-08, 0.9496804475784302, 0.2724756896495819, 0.15448042750358582, -0.18161600828170776, 0.8808525800704956, -0.4371660649776459, -0.25519147515296936, 0.38711225986480713, 0.886014461517334),
            ["RightLowerLeg"] = CFrame.new(-3.3527612686157227e-08, -0.00006026029586791992, -0.00007199000538093969, 1, -1.0430811414607888e-07, -5.960465898624534e-08, 1.1175870895385742e-07, 0.5741055607795715, 0.8187808990478516, -8.475035429000854e-08, -0.8187812566757202, 0.5741062164306641),
            ["RightFoot"] = CFrame.new(6.752088665962219e-08, 3.5762786865234375e-07, -2.438173396512866e-08, 0.9809646010398865, 0.1813335418701172, 0.06947414577007294, -0.14167022705078125, 0.9129846692085266, -0.3826073408126831, -0.1328083872795105, 0.36548224091529846, 0.9212952852249146),
            ["LeftLowerLeg"] = CFrame.new(-1.4156103134155273e-07, 0.00006085634231567383, 0.00007210671901702881, 1, 7.450580596923828e-09, 9.685753354915505e-08, -4.4703490686970326e-08, 0.5121034383773804, 0.8589239120483398, 8.195639367158947e-08, -0.8589237928390503, 0.512103259563446),
        }},
        {Time = 0.267, Data = {
            ["LeftFoot"] = CFrame.new(5.21540641784668e-08, 0, 3.725290298461914e-08, 0.9838741421699524, -0.12822996079921722, -0.12469502538442612, 0.045817047357559204, 0.8545789122581482, -0.5172966122627258, 0.17289452254772186, 0.5032415390014648, 0.8466731309890747),
            ["LeftLowerArm"] = CFrame.new(2.384185791015625e-07, 1.1920928955078125e-07, -9.685754776000977e-08, 1, -9.685756907629184e-08, -3.2596297216969106e-08, 5.96046660916727e-08, 0.8065460920333862, -0.5911712646484375, 1.3504181772816537e-08, 0.5911712646484375, 0.8065460324287415),
            ["LowerTorso"] = CFrame.new(-0.10731691867113113, -0.2707400321960449, -0.0011833852622658014, 0.996221661567688, -0.009540537372231483, 0.08632108569145203, 0.015902889892458916, 0.9971815943717957, -0.07332108914852142, -0.08537827432155609, 0.07441680878400803, 0.9935656189918518),
            ["Head"] = CFrame.new(4.190951585769653e-09, 1.1920928955078125e-07, 5.587935447692871e-09, 0.9905279278755188, -0.049122028052806854, -0.1282244324684143, 0.051459815353155136, 0.9985626935958862, 0.014981339685618877, 0.12730419635772705, -0.0214377474039793, 0.9916321039199829),
            ["RightUpperArm"] = CFrame.new(0, 1.1920928955078125e-07, 5.587935447692871e-09, 0.9912671446800232, -0.02635735087096691, 0.12920868396759033, 0.006134172435849905, 0.9879773259162903, 0.15447774529457092, -0.13172684609889984, -0.15233613550662994, 0.9795110821723938),
            ["UpperTorso"] = CFrame.new(7.450580596923828e-09, -5.960464477539063e-08, -1.1175870895385742e-08, 0.9998183250427246, 0.014264285564422607, 0.012650541961193085, -0.01496482826769352, 0.998254656791687, 0.05712951347231865, -0.011813546530902386, -0.05730844661593437, 0.9982866644859314),
            ["HumanoidRootPart"] = CFrame.new(0, 0, 0, 1, 0, 0, 0, 1, 0, 0, 0, 1),
            ["RightHand"] = CFrame.new(1.8998980522155762e-07, 3.5762786865234375e-07, 2.9802322387695312e-08, 0.8638452291488647, -0.1311604082584381, 0.48638296127319336, -0.0013669393956661224, 0.964896559715271, 0.2626264989376068, -0.5037555694580078, -0.22753393650054932, 0.8333421349525452),
            ["LeftUpperArm"] = CFrame.new(0, 2.384185791015625e-07, 9.313225746154785e-09, 0.8678587079048157, 0.08208366483449936, -0.4899832606315613, -0.011942296288907528, 0.9894183874130249, 0.1445985585451126, 0.4966675341129303, -0.11963963508605957, 0.8596555590629578),
            ["RightLowerArm"] = CFrame.new(2.384185791015625e-07, 0, -1.4901161193847656e-08, 1, -3.259629011154175e-08, 3.422612238068723e-08, 3.4458931708059026e-08, 0.9064875841140747, -0.4222324788570404, 1.0011716788937974e-08, 0.4222325086593628, 0.9064876437187195),
            ["LeftHand"] = CFrame.new(9.313225746154785e-08, -2.384185791015625e-07, -2.9802322387695312e-08, 0.985335648059845, 0.09535623341798782, -0.14149543642997742, 0.011441976763308048, 0.7904720306396484, 0.612391471862793, 0.1702435463666916, -0.6050300002098083, 0.7777891159057617),
            ["RightUpperLeg"] = CFrame.new(-8.940696716308594e-08, 1.7229467630386353e-08, -2.4047039914876223e-08, 0.9694430828094482, -0.24141338467597961, -0.043586570769548416, 0.197015181183815, 0.8720434308052063, -0.4480237364768982, 0.14616823196411133, 0.4257463216781616, 0.8929586410522461),
            ["LeftUpperLeg"] = CFrame.new(8.940696716308594e-08, -2.882443368434906e-07, 7.450580596923828e-09, 0.9490787386894226, 0.267294704914093, 0.16674308478832245, -0.16783086955547333, 0.8768976330757141, -0.45042553544044495, -0.26661303639411926, 0.3995046615600586, 0.8771052360534668),
            ["RightLowerLeg"] = CFrame.new(1.2665987014770508e-07, -0.000060558319091796875, -0.0000721050237189047, 1, -1.564622067462551e-07, -8.195639367158947e-08, 8.195638656616211e-08, 0.5278233885765076, 0.8493539094924927, -3.3527612686157227e-08, -0.8493542671203613, 0.5278238654136658),
