return {
    ["Crazyboy"] = {
        {Time = 0.000, Data = {
            ["RightFoot"] = CFrame.new(1.1292286217212677e-08, 4.76837158203125e-07, 6.129994289949536e-08, 0.9484992027282715, 0.0904875248670578, 0.3035808801651001, -0.05177205055952072, 0.9897292256355286, -0.13325054943561554, -0.31252047419548035, 0.1106715127825737, 0.943442165851593),
            ["LeftLowerArm"] = CFrame.new(-1.1920928955078125e-07, -3.5762786865234375e-07, -2.60770320892334e-08, 1, -7.450581307466564e-08, 1.1920927533992653e-07, 8.940695295223122e-08, -0.23464761674404144, -0.9720805287361145, 1.0430811414607888e-07, 0.9720805883407593, -0.23464761674404144),
            ["RightUpperArm"] = CFrame.new(0, 3.5762786865234375e-07, 8.940696716308594e-08, 0.9096870422363281, -0.2798596918582916, 0.3068358898162842, 0.36957260966300964, 0.8825499415397644, -0.29072636365890503, -0.18943539261817932, 0.3778681755065918, 0.9062725305557251),
            ["Head"] = CFrame.new(-5.21540641784668e-08, 1.1920928955078125e-07, 8.940696716308594e-08, 0.9873377084732056, 0.0920555517077446, -0.1291903853416443, -0.10093902051448822, 0.9928336143493652, -0.06397546827793121, 0.12237533181905746, 0.0762057974934578, 0.9895539879798889),
            ["RightHand"] = CFrame.new(-1.1920928955078125e-07, 0, -3.03611159324646e-07, 0.9624516367912292, 0.24176181852817535, -0.12344292551279068, -0.26568979024887085, 0.932189404964447, -0.24582883715629578, 0.05564016103744507, 0.2693958878517151, 0.9614208936691284),
            ["UpperTorso"] = CFrame.new(7.450580596923828e-09, -4.172325134277344e-07, -2.7939677238464355e-09, 0.9707672595977783, 0.19717749953269958, -0.13686521351337433, -0.13734252750873566, 0.923963189125061, 0.35697227716445923, 0.19684526324272156, -0.3277396261692047, 0.9240339398384094),
            ["HumanoidRootPart"] = CFrame.new(0, 0, 0, 1, 0, 0, 0, 1, 0, 0, 0, 1),
            ["RightUpperLeg"] = CFrame.new(-2.9802322387695312e-08, -5.603651516139507e-07, -3.894820110872388e-08, 0.9987574219703674, -0.007876655086874962, -0.04921036586165428, -0.03583737835288048, 0.5726696848869324, -0.8190023899078369, 0.0346321202814579, 0.8197483420372009, 0.5716760158538818),
            ["LeftUpperArm"] = CFrame.new(-1.1920928955078125e-07, 0, 0, -0.008708304725587368, 0.23707328736782074, -0.9714527726173401, -0.6649878025054932, 0.724166214466095, 0.18268655240535736, 0.7468034625053406, 0.647595226764679, 0.15134456753730774),
            ["RightLowerArm"] = CFrame.new(-2.086162567138672e-07, 1.1920928955078125e-07, 2.1606683731079102e-07, 1, -8.56816981809061e-08, 7.916242594774303e-08, 8.940696716308594e-08, 0.1953669935464859, -0.9807302951812744, 1.6903504729270935e-07, 0.9807302355766296, 0.1953669786453247),
            ["LeftHand"] = CFrame.new(-1.7881393432617188e-07, 2.384185791015625e-07, -1.1920928955078125e-07, 0.811432957649231, -0.26220694184303284, 0.5223257541656494, 0.41534847021102905, 0.887462854385376, -0.19973832368850708, -0.4111718237400055, 0.37902140617370605, 0.8290237784385681),
            ["LeftFoot"] = CFrame.new(4.0978193283081055e-08, -5.960464477539063e-08, 2.9802322387695312e-08, 0.9930475354194641, 0.10285234451293945, 0.05725369229912758, -0.054213881492614746, 0.8313371539115906, -0.5531180500984192, -0.10448679327964783, 0.5461685061454773, 0.8311333060264587),
            ["LowerTorso"] = CFrame.new(-0.3281264007091522, -0.28830599784851074, 0.07037539780139923, 0.7187378406524658, -0.02143961191177368, -0.694950520992279, 0.0324220135807991, 0.9994706511497498, 0.002697553252801299, 0.6945248246192932, -0.024470528587698936, 0.7190524935722351),
            ["RightLowerLeg"] = CFrame.new(4.423782229423523e-08, -0.00012242794036865234, -0.00007727013871772215, 1, -1.3667158782482147e-07, -4.668257247431029e-08, 1.8079299479722977e-07, 0.27591943740844727, 0.9611806869506836, -7.706694304943085e-08, -0.9611808061599731, 0.27591994404792786),
            ["LeftUpperLeg"] = CFrame.new(2.9802322387695312e-08, -5.229376256465912e-07, 6.845220923423767e-08, 0.9908533096313477, -0.1241782158613205, 0.05281485244631767, 0.1342020183801651, 0.8658386468887329, -0.4819888174533844, 0.014123592525720596, 0.48466813564300537, 0.8745841383934021),
            ["LeftLowerLeg"] = CFrame.new(1.4901161193847656e-08, 0.00012260675430297852, 0.00007759034633636475, 1, 2.4586915969848633e-07, 7.450580596923828e-09, -1.4901164746561335e-08, 0.3074740171432495, 0.9515565037727356, 2.2351747119842003e-08, -0.9515565037727356, 0.30747395753860474),
        }},
        {Time = 0.033, Data = {
            ["RightFoot"] = CFrame.new(1.5832483768463135e-08, 3.5762786865234375e-07, -5.75528247281909e-09, 0.9574027061462402, 0.11258331686258316, 0.26590415835380554, -0.06044619530439377, 0.9785994291305542, -0.19669626653194427, -0.28235840797424316, 0.17224475741386414, 0.9437190890312195),
            ["LeftLowerArm"] = CFrame.new(2.384185791015625e-07, -4.172325134277344e-07, -3.129243850708008e-07, 1, -1.0058280253133489e-07, 1.2665985593685036e-07, 5.960463766996327e-08, -0.2226758599281311, -0.9748925566673279, 1.1175869474300271e-07, 0.9748925566673279, -0.2226758897304535),
            ["RightUpperArm"] = CFrame.new(-5.960464477539063e-08, 1.1920928955078125e-07, 0, 0.8869323134422302, -0.2445826232433319, 0.39182958006858826, 0.3849360942840576, 0.8602508902549744, -0.33435413241386414, -0.2552945613861084, 0.44737881422042847, 0.8571330308914185),
            ["Head"] = CFrame.new(2.2351741790771484e-07, -1.1920928955078125e-07, -1.1920928955078125e-07, 0.9931496977806091, 0.09817281365394592, 0.06337088346481323, -0.09403780102729797, 0.9934289455413818, -0.06523716449737549, -0.06935911625623703, 0.0588311105966568, 0.9958555698394775),
            ["RightHand"] = CFrame.new(3.2782554626464844e-07, -1.1920928955078125e-07, -7.450580596923828e-09, 0.8143467307090759, 0.32375791668891907, -0.48168492317199707, -0.44762441515922546, 0.8786417841911316, -0.16619616746902466, 0.3694210946559906, 0.35095515847206116, 0.8604409694671631),
            ["UpperTorso"] = CFrame.new(-2.2351741790771484e-08, 2.384185791015625e-07, 3.67872416973114e-08, 0.9626249670982361, 0.16696913540363312, -0.21324782073497772, -0.07350919395685196, 0.9188772439956665, 0.38763511180877686, 0.2606716454029083, -0.3574715256690979, 0.8968079090118408),
            ["HumanoidRootPart"] = CFrame.new(0, 0, 0, 1, 0, 0, 0, 1, 0, 0, 0, 1),
            ["RightUpperLeg"] = CFrame.new(1.1920928955078125e-07, -5.820766091346741e-09, -6.351910997182131e-09, 0.9929594993591309, -0.04989752173423767, -0.10743188112974167, -0.05940542742609978, 0.5748850703239441, -0.8160749077796936, 0.10248133540153503, 0.8167113661766052, 0.567873477935791),
            ["LeftUpperArm"] = CFrame.new(1.7881393432617188e-07, -3.5762786865234375e-07, -2.9802322387695312e-08, 0.08234762400388718, 0.34756916761398315, -0.9340313673019409, -0.5982597470283508, 0.7668017148971558, 0.2325953096151352, 0.7970597743988037, 0.5396395921707153, 0.2710810601711273),
            ["RightLowerArm"] = CFrame.new(1.7881393432617188e-07, 1.7881393432617188e-07, 2.7939677238464355e-09, 1, -1.0803339023368608e-07, 6.70552182668871e-08, 8.940696716308594e-08, 0.22907757759094238, -0.9734082221984863, 5.0640664994716644e-08, 0.9734081625938416, 0.2290775626897812),
            ["LeftHand"] = CFrame.new(1.4901161193847656e-07, 5.960464477539063e-08, -3.8743019104003906e-07, 0.8311717510223389, -0.2274995744228363, 0.5073435306549072, 0.37842845916748047, 0.8999767899513245, -0.2164110541343689, -0.40736398100852966, 0.3718680143356323, 0.8341276049613953),
            ["LeftFoot"] = CFrame.new(0, -1.1920928955078125e-07, 5.587935447692871e-08, 0.9853456616401672, 0.12087754905223846, 0.12034400552511215, -0.030274301767349243, 0.8182772994041443, -0.5740259885787964, -0.16786164045333862, 0.5619707107543945, 0.8099454045295715),
            ["LowerTorso"] = CFrame.new(-0.32257190346717834, -0.3198678493499756, 0.11733685433864594, 0.8044838905334473, -0.0277310349047184, -0.5933268070220947, 0.036758605390787125, 0.9993192553520203, 0.0031341100111603737, 0.5928360223770142, -0.02433120645582676, 0.8049556016921997),
            ["RightLowerLeg"] = CFrame.new(4.284083843231201e-08, -0.00012254714965820312, -0.00007744336471660063, 1, -2.086161856595936e-07, -1.471489667892456e-07, 1.5459953317531472e-07, 0.22555950284004211, 0.9742293953895569, -1.2665985593685036e-07, -0.9742293953895569, 0.22555981576442719),
            ["LeftUpperLeg"] = CFrame.new(-1.1920928955078125e-07, -3.5529956221580505e-07, -3.864988684654236e-08, 0.9879184365272522, -0.09745381027460098, 0.12049837410449982, 0.14746610820293427, 0.8302277326583862, -0.5375645160675049, -0.0476531945168972, 0.5488395094871521, 0.834568440914154),
            ["LeftLowerLeg"] = CFrame.new(4.470348358154297e-08, 0.0001226663589477539, 0.00007736682891845703, 1, 4.4703490686970326e-08, 1.1920930376163597e-07, -1.6391278734317893e-07, 0.25734952092170715, 0.9663183689117432, 8.195639367158947e-08, -0.9663184881210327, 0.25734981894493103),
        }},
        {Time = 0.067, Data = {
            ["RightFoot"] = CFrame.new(-4.377216100692749e-08, 2.384185791015625e-07, -7.281050784513354e-08, 0.9719023108482361, 0.10164380818605423, 0.21230798959732056, -0.039815887808799744, 0.9599537253379822, -0.2773149907588959, -0.2319929599761963, 0.2610700726509094, 0.937028169631958),
            ["LeftLowerArm"] = CFrame.new(5.960464477539063e-08, -2.384185791015625e-07, 5.960464477539063e-08, 1, -1.1548401346317405e-07, 1.0430814256778831e-07, 9.685756907629184e-08, -0.21389804780483246, -0.9768560528755188, 1.266598985694145e-07, 0.9768560528755188, -0.21389803290367126),
            ["RightUpperArm"] = CFrame.new(0, -2.384185791015625e-07, -8.940696716308594e-08, 0.8082695603370667, -0.26723966002464294, 0.5246745944023132, 0.4686371982097626, 0.8314486742019653, -0.2984499931335449, -0.35648229718208313, 0.4871099591255188, 0.7972730994224548),
            ["Head"] = CFrame.new(-1.1920928955078125e-07, 0, -6.705522537231445e-08, 0.9827888607978821, 0.0970296710729599, 0.1571989506483078, -0.08627130836248398, 0.9935279488563538, -0.07388906925916672, -0.16335083544254303, 0.05905555933713913, 0.9847989082336426),
            ["RightHand"] = CFrame.new(4.200264811515808e-07, -1.1920928955078125e-07, 3.5390257835388184e-08, 0.4811241626739502, 0.4618143141269684, -0.7451491355895996, -0.6181679368019104, 0.7814196348190308, 0.0851578637957573, 0.6216011643409729, 0.41965582966804504, 0.661438524723053),
            ["UpperTorso"] = CFrame.new(-1.4901161193847656e-08, -2.384185791015625e-07, 3.166496753692627e-08, 0.9600949883460999, 0.14732302725315094, -0.23772594332695007, -0.040936365723609924, 0.9148819446563721, 0.40164077281951904, 0.2766619920730591, -0.3758815824985504, 0.8844044804573059),
            ["HumanoidRootPart"] = CFrame.new(0, 0, 0, 1, 0, 0, 0, 1, 0, 0, 0, 1),
            ["RightUpperLeg"] = CFrame.new(1.1920928955078125e-07, -2.0302832126617432e-07, 5.977199180051684e-08, 0.993965744972229, -0.041505374014377594, -0.10153612494468689, -0.05924195796251297, 0.5759187936782837, -0.8153578639030457, 0.0923183485865593, 0.81645268201828, 0.5699843168258667),
            ["LeftUpperArm"] = CFrame.new(0, 0, -2.9802322387695312e-08, 0.25003692507743835, 0.4077339470386505, -0.8781996965408325, -0.5545470118522644, 0.8038153648376465, 0.21531051397323608, 0.7936998009681702, 0.43316739797592163, 0.427091121673584),
            ["RightLowerArm"] = CFrame.new(-2.384185791015625e-07, -3.5762786865234375e-07, -1.4901161193847656e-07, 1, -1.0430814256778831e-07, 7.450581307466564e-08, 6.519258732851085e-08, 0.24766364693641663, -0.9688461422920227, 6.426126475389538e-08, 0.9688460826873779, 0.247663676738739),
            ["LeftHand"] = CFrame.new(-2.60770320892334e-07, 5.960464477539063e-08, 4.190951585769653e-08, 0.8720073103904724, -0.15445612370967865, 0.46448543667793274, 0.29008781909942627, 0.9273901581764221, -0.23621323704719543, -0.39427468180656433, 0.34072133898735046, 0.8534966707229614),
            ["LeftFoot"] = CFrame.new(-5.21540641784668e-08, 0, 1.862645149230957e-08, 0.98463374376297, 0.12472005188465118, 0.12223456799983978, -0.031480573117733, 0.8152543902397156, -0.5782473683357239, -0.1717715561389923, 0.5655133724212646, 0.806652843952179),
            ["LowerTorso"] = CFrame.new(-0.30565088987350464, -0.36403918266296387, 0.15450730919837952, 0.8790632486343384, -0.03210427984595299, -0.47562289237976074, 0.04210822656750679, 0.9990590214729309, 0.010390004143118858, 0.47484177350997925, -0.029161106795072556, 0.8795879483222961),
            ["RightLowerLeg"] = CFrame.new(5.587935447692871e-09, -0.00012236833572387695, -0.0000775737498770468, 1, -1.2945379523898737e-07, -9.173528781047935e-08, 1.0803340444454079e-07, 0.18423044681549072, 0.9828829765319824, -1.1362133989223366e-07, -0.9828831553459167, 0.18423089385032654),
            ["LeftUpperLeg"] = CFrame.new(-2.384185791015625e-07, -1.4528632164001465e-07, 1.0244548320770264e-07, 0.9938845634460449, -0.054310545325279236, 0.09614576399326324, 0.10368508100509644, 0.7585188746452332, -0.6433498859405518, -0.037987638264894485, 0.6493838429450989, 0.7595109343528748),
            ["LeftLowerLeg"] = CFrame.new(-4.470348358154297e-08, 0.0001227259635925293, 0.00007742643356323242, 1, 5.960465188081798e-08, 1.5646223516796454e-07, 1.4901159417490817e-08, 0.13311584293842316, 0.991100549697876, -2.9802318834981634e-08, -0.991100549697876, 0.1331159472465515),
        }},
        {Time = 0.100, Data = {
            ["RightFoot"] = CFrame.new(3.3993273973464966e-08, 2.980232238769531e-07, 3.149762051180005e-08, 0.9881642460823059, 0.06011028587818146, 0.14113137125968933, -0.002720303600654006, 0.9267492294311523, -0.37567055225372314, -0.15337541699409485, 0.3708406388759613, 0.9159440398216248),
            ["LeftLowerArm"] = CFrame.new(5.960464477539063e-08, -1.7881393432617188e-07, -8.940696716308594e-08, 1, -8.940698847936801e-08, 1.1548404188488348e-07, 9.685756197086448e-08, -0.20186878740787506, -0.9794126749038696, 1.0430814256778831e-07, 0.9794126152992249, -0.20186883211135864),
            ["RightUpperArm"] = CFrame.new(-1.7881393432617188e-07, 0, -7.450580596923828e-08, 0.6933803558349609, -0.28391772508621216, 0.6622797250747681, 0.5424178838729858, 0.8106976747512817, -0.2203456461429596, -0.47434860467910767, 0.5120157599449158, 0.7161239385604858),
            ["Head"] = CFrame.new(4.842877388000488e-08, 2.384185791015625e-07, -8.195638656616211e-08, 0.976946234703064, 0.1035107895731926, 0.1867130845785141, -0.0890180692076683, 0.9924457669258118, -0.0844235047698021, -0.19404134154319763, 0.06585638970136642, 0.9787803292274475),
            ["RightHand"] = CFrame.new(-3.8743019104003906e-07, 5.960464477539063e-08, 0, 0.48324161767959595, 0.5279923677444458, -0.6983565092086792, -0.6936795711517334, 0.7175660729408264, 0.06251057237386703, 0.5341220498085022, 0.45422792434692383, 0.7130151391029358),
            ["UpperTorso"] = CFrame.new(-1.862645149230957e-08, -2.9802322387695312e-08, 1.1175870895385742e-08, 0.9627281427383423, 0.12562541663646698, -0.23952634632587433, -0.019550085067749023, 0.9155941605567932, 0.4016280174255371, 0.26976367831230164, -0.38197582960128784, 0.8839242458343506),
            ["HumanoidRootPart"] = CFrame.new(0, 0, 0, 1, 0, 0, 0, 1, 0, 0, 0, 1),
            ["RightUpperLeg"] = CFrame.new(-2.9802322387695312e-08, -5.774199962615967e-08, 9.480572771281004e-09, 0.9975128173828125, -0.005545951426029205, -0.07026650756597519, -0.05446919798851013, 0.5720589756965637, -0.8184018731117249, 0.04473576694726944, 0.8201938271522522, 0.5703341364860535),
            ["LeftUpperArm"] = CFrame.new(-1.1920928955078125e-07, 0, -2.086162567138672e-07, 0.3498401939868927, 0.466430127620697, -0.8124375939369202, -0.517459511756897, 0.8191453814506531, 0.24746020138263702, 0.7809273600578308, 0.3338320553302765, 0.5279285907745361),
            ["RightLowerArm"] = CFrame.new(1.7881393432617188e-07, -1.7881393432617188e-07, -4.470348358154297e-08, 1, -7.31088150018877e-08, 3.725289587919178e-08, 9.220093488693237e-08, 0.253288596868515, -0.967390775680542, 7.078051567077637e-08, 0.967390775680542, 0.2532885670661926),
            ["LeftHand"] = CFrame.new(1.1920928955078125e-07, 5.960464477539063e-08, 1.8998980522155762e-07, 0.9112542867660522, -0.08883871138095856, 0.40214845538139343, 0.18699049949645996, 0.9592567682266235, -0.21180444955825806, -0.36694708466529846, 0.2682056725025177, 0.890738844871521),
            ["LeftFoot"] = CFrame.new(-3.259629011154175e-08, -5.960464477539063e-08, -3.725290298461914e-09, 0.9860200881958008, 0.10772418975830078, 0.12712131440639496, -0.024732645601034164, 0.8490809202194214, -0.527683675289154, -0.1647806465625763, 0.5171626210212708, 0.8398751020431519),
            ["LowerTorso"] = CFrame.new(-0.27473536133766174, -0.41606569290161133, 0.18388424813747406, 0.9342288970947266, -0.03453322872519493, -0.35499832034111023, 0.04550597071647644, 0.9987083077430725, 0.022603966295719147, 0.35375919938087463, -0.03727182373404503, 0.9345936179161072),
            ["RightLowerLeg"] = CFrame.new(-2.2351741790771484e-08, -0.00012242794036865234, -0.00007732043013675138, 1, -1.2433152107860224e-07, -9.546059054343914e-09, 1.3690440425762063e-07, 0.134565532207489, 0.9909046292304993, -1.3923271069415932e-07, -0.9909047484397888, 0.13456608355045319),
            ["LeftUpperLeg"] = CFrame.new(2.9802322387695312e-08, -3.3286050893366337e-07, 1.909211277961731e-08, 0.9999539256095886, -0.00028022006154060364, 0.009596230462193489, 0.007634712383151054, 0.6292424201965332, -0.7771714329719543, -0.005820559803396463, 0.7772090435028076, 0.6292158961296082),
            ["LeftLowerLeg"] = CFrame.new(-7.450580596923828e-09, 0.0001227259635925293, 0.00007715821266174316, 1, 1.0803343286625022e-07, 7.82310962677002e-08, -5.960465898624534e-08, -0.030478764325380325, 0.9995354413986206, 7.4505820180093e-08, -0.9995355010032654, -0.030478719621896744),
        }},
        {Time = 0.133, Data = {
            ["RightFoot"] = CFrame.new(-3.91155481338501e-08, 3.5762786865234375e-07, 9.145878721028566e-09, 0.99884432554245, 0.03730807080864906, 0.030301732942461967, -0.019194122403860092, 0.8876268267631531, -0.46016278862953186, -0.044064175337553024, 0.459049791097641, 0.8873172998428345),
            ["LeftLowerArm"] = CFrame.new(5.960464477539063e-08, -5.960464477539063e-08, -2.2351741790771484e-07, 1, -9.872019290924072e-08, 1.0803343286625022e-07, 8.195638656616211e-08, -0.1789572834968567, -0.9838568568229675, 9.685754776000977e-08, 0.9838569164276123, -0.17895734310150146),
            ["RightUpperArm"] = CFrame.new(1.1920928955078125e-07, 8.344650268554688e-07, 1.4901161193847656e-08, 0.5744873881340027, -0.30555230379104614, 0.759343147277832, 0.6182655096054077, 0.7699371576309204, -0.15793867409229279, -0.5363879799842834, 0.560209333896637, 0.6312317252159119),
            ["Head"] = CFrame.new(-7.078051567077637e-08, -1.1920928955078125e-07, 6.938353180885315e-08, 0.9743780493736267, 0.11698959767818451, 0.19209595024585724, -0.09760614484548569, 0.9894053936004639, -0.1074717789888382, -0.2026338130235672, 0.0859685093164444, 0.9754737615585327),
            ["RightHand"] = CFrame.new(2.9802322387695312e-08, 0, 8.940696716308594e-08, 0.6704009771347046, 0.5168176293373108, -0.5324114561080933, -0.6743758320808411, 0.723672091960907, -0.14668305218219757, 0.3094830811023712, 0.4573819637298584, 0.8336798548698425),
            ["UpperTorso"] = CFrame.new(4.470348358154297e-08, 1.1920928955078125e-07, -7.450580596923828e-09, 0.9646554589271545, 0.10321895033121109, -0.24245783686637878, 0.0033438843674957752, 0.9152236580848694, 0.40293240547180176, 0.2634934186935425, -0.3895016312599182, 0.8825303316116333),
            ["HumanoidRootPart"] = CFrame.new(0, 0, 0, 1, 0, 0, 0, 1, 0, 0, 0, 1),
            ["RightUpperLeg"] = CFrame.new(0, -4.7124922275543213e-07, -6.875052349641919e-08, 0.9985488057136536, 0.03500781208276749, -0.04092319682240486, -0.05341139808297157, 0.5465373396873474, -0.8357295393943787, -0.006891133729368448, 0.8367026448249817, 0.5476142168045044),
            ["LeftUpperArm"] = CFrame.new(0, 4.76837158203125e-07, 2.086162567138672e-07, 0.3973281681537628, 0.5153313279151917, -0.7593180537223816, -0.499668151140213, 0.8155137300491333, 0.29200875759124756, 0.7697154879570007, 0.2633836567401886, 0.5815213322639465),
            ["RightLowerArm"] = CFrame.new(1.7881393432617188e-07, -1.1920928955078125e-07, -3.91155481338501e-08, 1, -1.043081283569336e-07, 3.725290653733282e-08, 1.0989607801548118e-07, 0.23027169704437256, -0.9731264114379883, 4.0978196835794733e-08, 0.9731264710426331, 0.23027172684669495),
            ["LeftHand"] = CFrame.new(-2.9802322387695312e-08, 1.7881393432617188e-07, -1.341104507446289e-07, 0.99213707447052, -0.02194196730852127, 0.12321840971708298, 0.04045550152659416, 0.9878844618797302, -0.14982561767101288, -0.11843810230493546, 0.15363240242004395, 0.9810044169425964),
            ["LeftFoot"] = CFrame.new(1.30385160446167e-08, -5.960464477539063e-08, -4.284083843231201e-08, 0.9888701438903809, 0.09049169719219208, 0.11809758841991425, -0.02536081150174141, 0.8846729397773743, -0.4655221402645111, -0.14660382270812988, 0.45734578371047974, 0.8771215081214905),
            ["LowerTorso"] = CFrame.new(-0.24369029700756073, -0.4722926616668701, 0.20746523141860962, 0.9682796001434326, -0.03509162738919258, -0.2473929077386856, 0.04554012790322304, 0.9982904195785522, 0.036637838929891586, 0.24568428099155426, -0.046741973608732224, 0.9682223200798035),
            ["RightLowerLeg"] = CFrame.new(-7.916241884231567e-08, -0.00012242794036865234, -0.00007745454058749601, 1, -1.545995047536053e-07, -1.5040866685467336e-07, 1.583248803171955e-07, 0.05472218245267868, 0.9985015988349915, -1.4575201134903182e-07, -0.9985016584396362, 0.05472255498170853),
            ["LeftUpperLeg"] = CFrame.new(2.9802322387695312e-08, -4.10713255405426e-07, -4.842877388000488e-08, 0.9976120591163635, 0.011445693671703339, -0.06811241805553436, -0.06488501280546188, 0.4932650625705719, -0.8674556612968445, 0.023669011890888214, 0.8698037266731262, 0.49282997846603394),
            ["LeftLowerLeg"] = CFrame.new(8.568167686462402e-08, 0.0001226663589477539, 0.00007736682891845703, 1, 7.450579886381092e-08, 1.4808026094215165e-07, -1.201405837036873e-07, -0.13470344245433807, 0.9908859133720398, 1.0058281674218961e-07, -0.9908859729766846, -0.13470353186130524),
        }},
        {Time = 0.167, Data = {
            ["RightFoot"] = CFrame.new(7.916241884231567e-09, 3.5762786865234375e-07, -2.996966941282153e-08, 0.9993127584457397, 0.024579014629125595, -0.027749069035053253, -0.03545747697353363, 0.8521167039871216, -0.5221493244171143, 0.010811394080519676, 0.5227744579315186, 0.8524025678634644),
            ["LeftLowerArm"] = CFrame.new(0, 3.5762786865234375e-07, 5.21540641784668e-08, 1, -7.823110337312755e-08, 9.126964783945368e-08, 8.940698137394065e-08, -0.12099744379520416, -0.9926528334617615, 1.005828522693264e-07, 0.9926528334617615, -0.12099742144346237),
            ["RightUpperArm"] = CFrame.new(0, -1.1920928955078125e-07, 1.5832483768463135e-07, 0.47592657804489136, -0.31886032223701477, 0.8196476697921753, 0.6680658459663391, 0.7371987104415894, -0.10112474858760834, -0.5719983577728271, 0.5957064032554626, 0.5638719797134399),
            ["Head"] = CFrame.new(-7.078051567077637e-08, -4.76837158203125e-07, 3.4086406230926514e-07, 0.973205029964447, 0.12270454317331314, 0.19446249306201935, -0.09653224050998688, 0.9856038093566895, -0.1388050764799118, -0.20869486033916473, 0.11631398648023605, 0.9710394740104675),
            ["RightHand"] = CFrame.new(2.384185791015625e-07, -5.960464477539063e-08, 1.4901161193847656e-08, 0.8692938089370728, 0.37121865153312683, -0.32638171315193176, -0.4678996205329895, 0.8308709263801575, -0.30120375752449036, 0.1593686044216156, 0.414548397064209, 0.8959638476371765),
            ["UpperTorso"] = CFrame.new(-7.450580596923828e-09, -2.384185791015625e-07, -1.4901161193847656e-08, 0.9656552076339722, 0.0884404107928276, -0.2443123459815979, 0.018870308995246887, 0.9139326810836792, 0.40542691946029663, 0.2591411769390106, -0.396112859249115, 0.8808748722076416),
            ["HumanoidRootPart"] = CFrame.new(0, 0, 0, 1, 0, 0, 0, 1, 0, 0, 0, 1),
            ["RightUpperLeg"] = CFrame.new(1.1920928955078125e-07, -5.21540641784668e-08, -1.6952981241047382e-09, 0.9984409809112549, 0.054505605250597, -0.012038322165608406, -0.03831236809492111, 0.5123212337493896, -0.8579389452934265, -0.04059473052620888, 0.857062578201294, 0.5136106610298157),
            ["LeftUpperArm"] = CFrame.new(0, 1.1920928955078125e-07, 2.682209014892578e-07, 0.4483884274959564, 0.5181102156639099, -0.7283610105514526, -0.5083798170089722, 0.818056583404541, 0.26894867420196533, 0.7351855039596558, 0.24969056248664856, 0.630203902721405),
            ["RightLowerArm"] = CFrame.new(4.172325134277344e-07, 5.364418029785156e-07, 1.4901161193847656e-07, 1, -1.341104507446289e-07, 2.9802322387695312e-08, 7.264316082000732e-08, 0.18721695244312286, -0.982318639755249, 7.450580596923828e-08, 0.982318639755249, 0.18721693754196167),
            ["LeftHand"] = CFrame.new(-2.60770320892334e-08, -1.1920928955078125e-07, -1.6391277313232422e-07, 0.9911160469055176, -0.04478652775287628, -0.12523239850997925, 0.03511748090386391, 0.9963050484657288, -0.07837847620248795, 0.1282799392938614, 0.07328429073095322, 0.9890267252922058),
            ["LeftFoot"] = CFrame.new(5.8673322200775146e-08, 1.7881393432617188e-07, -2.60770320892334e-08, 0.9934994578361511, 0.04971977323293686, 0.10240500420331955, 0.0034890850074589252, 0.8858535289764404, -0.46395233273506165, -0.11378347128629684, 0.461293488740921, 0.8799213171005249),
            ["LowerTorso"] = CFrame.new(-0.22355414927005768, -0.5218377113342285, 0.22726625204086304, 0.9853814840316772, -0.03379129245877266, -0.16697748005390167, 0.04317484423518181, 0.9976666569709778, 0.05288885533809662, 0.16480067372322083, -0.059324923902750015, 0.9845411777496338),
            ["RightLowerLeg"] = CFrame.new(-7.427297532558441e-08, -0.00012230873107910156, -0.00007727386400802061, 1, -1.727602807477524e-07, -1.551816239953041e-07, 1.317821300972355e-07, -0.020966563373804092, 0.9997802376747131, -1.532025493133915e-07, -0.9997801780700684, -0.020966246724128723),
            ["LeftUpperLeg"] = CFrame.new(0, 1.341104507446289e-07, 7.450580596923828e-09, 0.9959377646446228, 0.0005340666393749416, -0.09004296362400055, -0.0821673721075058, 0.41441282629966736, -0.9063720703125, 0.03683088347315788, 0.910088837146759, 0.4127735197544098),
            ["LeftLowerLeg"] = CFrame.new(6.332993507385254e-08, 0.0001227855682373047, 0.00007761269807815552, 1, 9.126963362859897e-08, 9.313227167240257e-08, -1.0803344707710494e-07, -0.1497725546360016, 0.9887204766273499, 1.1548402767402877e-07, -0.9887204766273499, -0.14977271854877472),
        }},
        {Time = 0.200, Data = {
            ["RightFoot"] = CFrame.new(-1.3969838619232178e-08, 3.5762786865234375e-07, -2.2519088815897703e-08, 0.9989686012268066, 0.0031180190853774548, -0.045299287885427475, -0.02852480858564377, 0.8192995190620422, -0.5726556777954102, 0.03532800078392029, 0.573357343673706, 0.818543553352356),
            ["LeftLowerArm"] = CFrame.new(0, 2.384185791015625e-07, -1.4901161193847656e-07, 1, -1.0058283805847168e-07, 7.82310962677002e-08, 8.195639367158947e-08, -0.005934129469096661, -0.9999824166297913, 1.0803343286625022e-07, 0.999982476234436, -0.005934068933129311),
            ["RightUpperArm"] = CFrame.new(0, -1.1920928955078125e-07, -1.4528632164001465e-07, 0.45824670791625977, -0.31013137102127075, 0.8329638242721558, 0.6667776703834534, 0.7396255731582642, -0.09144153445959091, -0.5877224206924438, 0.5973043441772461, 0.545719563961029),
            ["Head"] = CFrame.new(7.450580596923828e-09, -3.5762786865234375e-07, -2.1792948246002197e-07, 0.9752132892608643, 0.11885076016187668, 0.18663781881332397, -0.08729398995637894, 0.9817354083061218, -0.16904263198375702, -0.20331978797912598, 0.14856022596359253, 0.9677762985229492),
            ["RightHand"] = CFrame.new(-5.364418029785156e-07, -2.384185791015625e-07, 6.705522537231445e-08, 0.9091084003448486, 0.25045114755630493, -0.33286070823669434, -0.3209676444530487, 0.9304985404014587, -0.17649997770786285, 0.2655218243598938, 0.26729512214660645, 0.9263107776641846),
            ["UpperTorso"] = CFrame.new(-9.313225746154785e-09, 1.4901161193847656e-07, -3.725290298461914e-08, 0.9697829484939575, 0.07586295902729034, -0.23187486827373505, 0.024707702919840813, 0.9149991869926453, 0.4026985168457031, 0.24271515011787415, -0.3962591886520386, 0.8854762315750122),
            ["HumanoidRootPart"] = CFrame.new(0, 0, 0, 1, 0, 0, 0, 1, 0, 0, 0, 1),
            ["RightUpperLeg"] = CFrame.new(1.1920928955078125e-07, 4.861503839492798e-07, 5.045876605436206e-08, 0.9964021444320679, 0.07759761810302734, 0.034078944474458694, -0.007743057794868946, 0.48377400636672974, -0.875158965587616, -0.08439654111862183, 0.8717462420463562, 0.4826339781284332),
            ["LeftUpperArm"] = CFrame.new(5.960464477539063e-08, -3.5762786865234375e-07, -1.7881393432617188e-07, 0.4644770622253418, 0.48171529173851013, -0.7431092858314514, -0.5263621807098389, 0.8249813318252563, 0.20578797161579132, 0.7121825218200684, 0.2955608665943146, 0.6367416381835938),
            ["RightLowerArm"] = CFrame.new(-1.7881393432617188e-07, 2.384185791015625e-07, 2.384185791015625e-07, 1, -1.043081283569336e-07, 7.4505820180093e-08, 1.1734664440155029e-07, 0.16389290988445282, -0.9864782094955444, 1.4156103134155273e-07, 0.9864781498908997, 0.16389290988445282),
            ["LeftHand"] = CFrame.new(-7.450580596923828e-08, 1.1920928955078125e-07, 4.470348358154297e-08, 0.9915229082107544, -0.08251412957906723, 0.10036861896514893, 0.09660325199365616, 0.9847397804260254, -0.1447603851556778, -0.08689216524362564, 0.15322919189929962, 0.9843630790710449),
            ["LeftFoot"] = CFrame.new(3.725290298461914e-08, -5.960464477539063e-08, 0, 0.9956388473510742, -0.015880145132541656, 0.09193027764558792, 0.05983366817235947, 0.8647381067276001, -0.49864593148231506, -0.07157701998949051, 0.5019720196723938, 0.8619171380996704),
            ["LowerTorso"] = CFrame.new(-0.20849880576133728, -0.560582160949707, 0.24407842755317688, 0.9932152032852173, -0.028466450050473213, -0.11275280267000198, 0.03661182150244713, 0.9968154430389404, 0.07084187865257263, 0.11037711799144745, -0.07448931783437729, 0.9910944700241089),
            ["RightLowerLeg"] = CFrame.new(-1.3969838619232178e-08, -0.00012254714965820312, -0.00007747211930109188, 1, -1.5681138165746233e-07, -1.5832490873890492e-07, 1.6205014219394798e-07, -0.07203613966703415, 0.9974021315574646, -1.564622067462551e-07, -0.9974020719528198, -0.07203599065542221),
            ["LeftUpperLeg"] = CFrame.new(2.9802322387695312e-08, 7.450580596923828e-09, -1.4901161193847656e-08, 0.9964385032653809, 0.0029725595377385616, -0.08427120745182037, -0.07912828773260117, 0.3783276379108429, -0.9222835898399353, 0.029140472412109375, 0.9256669282913208, 0.37721526622772217),
            ["LeftLowerLeg"] = CFrame.new(8.940696716308594e-08, 0.0001226663589477539, 0.00007744133472442627, 1, 7.82310962677002e-08, 1.0803344707710494e-07, -9.87202142255228e-08, -0.11576535552740097, 0.9932766556739807, 1.3038518886787642e-07, -0.9932765960693359, -0.1157652735710144),
        }},
        {Time = 0.233, Data = {
            ["RightFoot"] = CFrame.new(-1.6763806343078613e-08, 4.172325134277344e-07, 2.2184394765645266e-08, 0.9960554242134094, -0.007057068403810263, -0.08845313638448715, -0.047894496470689774, 0.796399712562561, -0.6028710007667542, 0.07469870895147324, 0.6047294735908508, 0.7929203510284424),
            ["LeftLowerArm"] = CFrame.new(2.9802322387695312e-08, -2.384185791015625e-07, 1.2665987014770508e-07, 1, -8.940696716308594e-08, 8.661299233381214e-08, 8.754434333013705e-08, 0.08318234980106354, -0.9965343475341797, 8.195640788244418e-08, 0.9965343475341797, 0.08318241685628891),
            ["RightUpperArm"] = CFrame.new(1.1920928955078125e-07, 5.960464477539062e-07, 1.4901161193847656e-08, 0.5223427414894104, -0.29537433385849, 0.7999449968338013, 0.612760066986084, 0.7824036478996277, -0.11121874302625656, -0.5930288434028625, 0.5482686161994934, 0.5896764397621155),
            ["Head"] = CFrame.new(-7.450580596923828e-09, -2.384185791015625e-07, -8.381903171539307e-08, 0.9788479804992676, 0.1050974652171135, 0.17553123831748962, -0.07050488889217377, 0.97869873046875, -0.19281555712223053, -0.19205668568611145, 0.1763612926006317, 0.965407133102417),
            ["RightHand"] = CFrame.new(5.960464477539063e-08, -5.960464477539063e-08, -8.940696716308594e-08, 0.9113649725914001, 0.2637858986854553, -0.315960556268692, -0.3086911141872406, 0.9458093643188477, -0.10076925903558731, 0.2722569406032562, 0.1893717646598816, 0.9434058666229248),
            ["UpperTorso"] = CFrame.new(5.587935447692871e-09, -2.9802322387695312e-08, 2.9802322387695312e-08, 0.975304365158081, 0.06060764193534851, -0.21238675713539124, 0.029921216890215874, 0.9164906740188599, 0.3989357054233551, 0.21882902085781097, -0.39543861150741577, 0.8920438885688782),
            ["HumanoidRootPart"] = CFrame.new(0, 0, 0, 1, 0, 0, 0, 1, 0, 0, 0, 1),
            ["RightUpperLeg"] = CFrame.new(0, 1.7508864402770996e-07, 1.2310192687436938e-07, 0.9917498826980591, 0.10269830375909805, 0.07671628892421722, 0.022075394168496132, 0.45269453525543213, -0.8913924098014832, -0.12627354264259338, 0.8857317566871643, 0.446692556142807),
            ["LeftUpperArm"] = CFrame.new(-3.5762786865234375e-07, 0, 0, 0.3685150146484375, 0.44344156980514526, -0.817041277885437, -0.5039680004119873, 0.833834171295166, 0.22524800896644592, 0.7811612486839294, 0.32875534892082214, 0.5307607054710388),
            ["RightLowerArm"] = CFrame.new(3.5762786865234375e-07, -4.172325134277344e-07, -2.9802322387695312e-08, 1, -8.195638656616211e-08, 6.705522537231445e-08, 1.2293456563838845e-07, 0.19894437491893768, -0.9800108075141907, 1.341104365337742e-07, 0.9800108075141907, 0.1989443302154541),
            ["LeftHand"] = CFrame.new(7.450580596923828e-09, 0, 8.055940270423889e-08, 0.9341692924499512, 0.025367122143507004, 0.3559274971485138, 0.11362453550100327, 0.924402117729187, -0.3641020655632019, -0.3382563889026642, 0.380575031042099, 0.8606656193733215),
            ["LeftFoot"] = CFrame.new(4.470348358154297e-08, 0, 1.1175870895385742e-08, 0.9964345693588257, -0.050677865743637085, 0.06745416671037674, 0.07821450382471085, 0.8546306490898132, -0.513311505317688, -0.03163498640060425, 0.5167573690414429, 0.8555473685264587),
            ["LowerTorso"] = CFrame.new(-0.19758300483226776, -0.5896704196929932, 0.25806155800819397, 0.9968786835670471, -0.013658941723406315, -0.07775835692882538, 0.020320838317275047, 0.9961276054382324, 0.08553886413574219, 0.07628887891769409, -0.08685198426246643, 0.9932959079742432),
            ["RightLowerLeg"] = CFrame.new(-3.725290298461914e-09, -0.00012254714965820312, -0.0000773874853621237, 1, -1.4156097449813387e-07, -1.8067660789711226e-07, 1.0989607801548118e-07, -0.11987997591495514, 0.9927883744239807, -1.6763807764164085e-07, -0.9927883744239807, -0.11987992376089096),
            ["LeftUpperLeg"] = CFrame.new(2.9802322387695312e-08, 1.7136335372924805e-07, 9.685754776000977e-08, 0.998108446598053, 0.009141531772911549, -0.06079491972923279, -0.06016446650028229, 0.3485734164714813, -0.9353484511375427, 0.012641017325222492, 0.937237024307251, 0.3484642207622528),
            ["LeftLowerLeg"] = CFrame.new(1.4156103134155273e-07, 0.00012260675430297852, 0.00007769837975502014, 1, 8.568166975919667e-08, 8.940695295223122e-08, -1.005828522693264e-07, -0.09808747470378876, 0.9951778054237366, 1.0803343286625022e-07, -0.9951778650283813, -0.09808747470378876),
        }},
        {Time = 0.267, Data = {
            ["RightFoot"] = CFrame.new(-8.381903171539307e-09, 2.980232238769531e-07, -3.742025000974536e-08, 0.991396963596344, -0.018401194363832474, -0.12959013879299164, -0.06730901449918747, 0.777455747127533, -0.6253254413604736, 0.11225733160972595, 0.6286683678627014, 0.769528865814209),
            ["LeftLowerArm"] = CFrame.new(5.960464477539063e-08, 5.364418029785156e-07, -1.9371509552001953e-07, 1, -8.754432201385498e-08, 7.82310962677002e-08, 9.220094909778709e-08, 0.07113150507211685, -0.9974669218063354, 8.568168397005138e-08, 0.9974669814109802, 0.07113150507211685),
            ["RightUpperArm"] = CFrame.new(-1.1920928955078125e-07, -4.76837158203125e-07, -4.470348358154297e-08, 0.5460922122001648, -0.31333398818969727, 0.7769202589988708, 0.5803704261779785, 0.8102999329566956, -0.08114262670278549, -0.604113757610321, 0.4952129125595093, 0.6243483424186707),
            ["Head"] = CFrame.new(-4.842877388000488e-08, 0, -6.705522537231445e-08, 0.983291506767273, 0.08592552691698074, 0.16048254072666168, -0.050762251019477844, 0.9760441780090332, -0.21156813204288483, -0.17481714487075806, 0.19988678395748138, 0.9640976786613464),
            ["RightHand"] = CFrame.new(1.1920928955078125e-07, -1.7881393432617188e-07, -2.9802322387695312e-08, 0.9293628931045532, 0.26361900568008423, -0.25843682885169983, -0.2743634283542633, 0.96160888671875, -0.005745455157011747, 0.2470005750656128, 0.07624521106481552, 0.9660110473632812),
            ["UpperTorso"] = CFrame.new(1.1175870895385742e-08, -2.086162567138672e-07, -4.6566128730773926e-09, 0.9806652665138245, 0.04259049519896507, -0.1910022497177124, 0.03808826208114624, 0.9158233404159546, 0.39977121353149414, 0.19195081293582916, -0.3993166387081146, 0.8964937925338745),
            ["HumanoidRootPart"] = CFrame.new(0, 0, 0, 1, 0, 0, 0, 1, 0, 0, 0, 1),
            ["RightUpperLeg"] = CFrame.new(-2.9802322387695312e-08, -1.30385160446167e-07, 1.5068508218973875e-08, 0.9864798784255981, 0.11800693720579147, 0.11371814459562302, 0.0527702160179615, 0.42821529507637024, -0.9021347165107727, -0.15515407919883728, 0.8959386348724365, 0.4161984920501709),
            ["LeftUpperArm"] = CFrame.new(0, 2.384185791015625e-07, -5.960464477539063e-08, 0.26868826150894165, 0.4367634057998657, -0.8585128784179688, -0.5349586606025696, 0.8088552355766296, 0.2440747618675232, 0.8010155558586121, 0.3936889171600342, 0.4509803354740143),
            ["RightLowerArm"] = CFrame.new(1.1920928955078125e-07, 4.76837158203125e-07, 5.960464477539063e-08, 1, -1.0430814256778831e-07, 5.960463056453591e-08, 1.1175870895385742e-07, 0.177461639046669, -0.9841277003288269, 5.960464477539063e-08, 0.9841277599334717, 0.1774616539478302),
            ["LeftHand"] = CFrame.new(5.21540641784668e-08, 2.980232238769531e-07, -1.2293457984924316e-07, 0.8836460113525391, 0.08988769352436066, 0.45944520831108093, 0.12237387895584106, 0.902923583984375, -0.41201186180114746, -0.45187872648239136, 0.42029672861099243, 0.7868648767471313),
            ["LeftFoot"] = CFrame.new(2.468004822731018e-08, -1.1920928955078125e-07, -1.4901161193847656e-08, 0.9983012676239014, -0.0501258447766304, 0.02969961427152157, 0.05825874209403992, 0.8654009103775024, -0.49768194556236267, -0.0007553412578999996, 0.4985668361186981, 0.8668509721755981),
            ["LowerTorso"] = CFrame.new(-0.18891406059265137, -0.6085208654403687, 0.26937589049339294, 0.9985507726669312, 0.010996042750775814, -0.05268334969878197, -0.005946952383965254, 0.9954544305801392, 0.09505333006381989, 0.0534890852868557, -0.09460226446390152, 0.9940771460533142),
