return {
    ["Crazy Feet"] = {
        {Time = 0.000, Data = {
            ["LeftFoot"] = CFrame.new(1.0896474123001099e-07, 5.960464477539063e-08, 2.9802322387695312e-08, 0.9615656137466431, -0.27252063155174255, -0.033526837825775146, 0.27053332328796387, 0.9611955285072327, -0.053991902619600296, 0.04693976417183876, 0.04284660890698433, 0.9979784488677979),
            ["LeftLowerArm"] = CFrame.new(0.000001341104507446289, -2.384185791015625e-07, 0.000004991888999938965, 1, 8.754432201385498e-08, -6.426127185932273e-08, -7.078050856534901e-08, 0.28420206904411316, -0.9587644934654236, -7.823108916227284e-08, 0.9587644338607788, 0.28420209884643555),
            ["LowerTorso"] = CFrame.new(-0.07010886073112488, -0.10468184947967529, -0.6036471128463745, 0.9968410134315491, -0.06120183318853378, -0.050619401037693024, 0.06012944504618645, 0.9979382157325745, -0.022444888949394226, 0.05188870057463646, 0.01933026872575283, 0.9984657764434814),
            ["Head"] = CFrame.new(-2.0489096641540527e-08, -8.344650268554688e-07, -2.60770320892334e-08, 0.9966897368431091, 0.052648842334747314, 0.06194955110549927, -0.03886862471699715, 0.9778450131416321, -0.2056903839111328, -0.07140640914440155, 0.2026015818119049, 0.9766543507575989),
            ["RightUpperArm"] = CFrame.new(-0.03927969932556152, -0.025840044021606445, 0.06428302824497223, 0.9137250781059265, -0.26212090253829956, -0.31048205494880676, -0.28972041606903076, 0.11548102647066116, -0.9501190185546875, 0.28490084409713745, 0.9581006169319153, 0.02957608923316002),
            ["UpperTorso"] = CFrame.new(6.51925802230835e-09, 2.9802322387695312e-08, 4.237517714500427e-08, 0.9998794794082642, 0.015519129112362862, 0.0005527437315322459, -0.01485477015376091, 0.9454886317253113, 0.32531633973121643, 0.004526008851826191, -0.32528525590896606, 0.9456051588058472),
            ["HumanoidRootPart"] = CFrame.new(0, 0, 0, 1, 0, 0, 0, 1, 0, 0, 0, 1),
            ["RightHand"] = CFrame.new(2.086162567138672e-07, 0.0000016689300537109375, -7.152557373046875e-07, 0.9517838358879089, 0.256971538066864, -0.16755014657974243, -0.30487295985221863, 0.8529936075210571, -0.42362090945243835, 0.03406083956360817, 0.4542769491672516, 0.8902091383934021),
            ["LeftUpperArm"] = CFrame.new(0.017634928226470947, -0.040229201316833496, 0.06376963108778, 0.9945886731147766, -0.06853567063808441, -0.07807885855436325, 0.09810926020145416, 0.8668261766433716, 0.48886293172836304, 0.03417627140879631, -0.4938778877258301, 0.8688595294952393),
            ["RightLowerArm"] = CFrame.new(1.1920928955078125e-07, 5.960464477539062e-07, -0.000003933906555175781, 1, 0.000007346273378061596, 0.000018050894141197205, 0.000019013879864360206, -0.5799219012260437, -0.8146721124649048, 0.0000044032926780346315, 0.8146721720695496, -0.5799218416213989),
            ["LeftHand"] = CFrame.new(-0.000001389533281326294, -0.0000011324882507324219, 9.872019290924072e-08, 0.5099731683731079, -0.6217024922370911, -0.5944851040840149, 0.21758124232292175, 0.7618664503097534, -0.6100971102714539, 0.8322173953056335, 0.18178445100784302, 0.5238025188446045),
            ["RightUpperLeg"] = CFrame.new(2.9802322387695312e-08, 1.0617077350616455e-07, 7.46731529943645e-08, 0.9981253147125244, -0.05449968948960304, -0.027849599719047546, 0.029910853132605553, 0.8313649892807007, -0.554921567440033, 0.05339621379971504, 0.5530480742454529, 0.8314364552497864),
            ["LeftUpperLeg"] = CFrame.new(-8.940696716308594e-08, 2.0489096641540527e-08, -1.30385160446167e-08, 0.9510341882705688, 0.2914126217365265, -0.1030181273818016, -0.30812230706214905, 0.8675617575645447, -0.3903810977935791, -0.02438739314675331, 0.4030079245567322, 0.9148715734481812),
            ["RightLowerLeg"] = CFrame.new(-1.043081283569336e-07, -0.0007263422012329102, 0.00004593079938786104, 1, 1.3783578367565497e-07, 8.940699558479537e-08, -9.685753354915505e-08, 0.003481787396594882, 0.9999940395355225, 1.5646217832454568e-07, -0.9999939799308777, 0.003481908468529582),
            ["RightFoot"] = CFrame.new(1.3969838619232178e-07, 5.960464477539063e-08, -1.0261283023282886e-07, 0.9948397874832153, 0.10028834640979767, 0.01536514051258564, -0.09176799654960632, 0.954031765460968, -0.2853105962276459, -0.04327210783958435, 0.28242814540863037, 0.958311915397644),
            ["LeftLowerLeg"] = CFrame.new(1.2852251529693604e-07, -0.0007266998291015625, 0.00008102506399154663, 1, 6.332993507385254e-08, 3.166496398421259e-08, -5.4016702222270396e-08, 0.4592059850692749, 0.8883298635482788, 2.9802318834981634e-08, -0.8883298635482788, 0.4592058062553406),
        }},
        {Time = 0.033, Data = {
            ["LeftFoot"] = CFrame.new(-5.960464477539063e-08, -5.960464477539063e-08, -4.470348358154297e-08, 0.958513617515564, -0.2825208008289337, -0.037865228950977325, 0.2617379426956177, 0.9249444007873535, -0.2756286561489105, 0.11289415508508682, 0.25428304076194763, 0.9605181813240051),
            ["LeftLowerArm"] = CFrame.new(0.000001519918441772461, -5.960464477539063e-08, 0.0000045299530029296875, 1, 8.568165554834195e-08, -5.960464477539063e-08, -6.33299421792799e-08, 0.2498934417963028, -0.9682733416557312, -5.7742006731587026e-08, 0.9682733416557312, 0.249893456697464),
            ["LowerTorso"] = CFrame.new(-0.060071911662817, -0.1434001922607422, -0.6168416738510132, 0.9934058785438538, -0.09486321359872818, 0.06438801437616348, 0.09668347984552383, 0.9949817657470703, -0.025762256234884262, -0.061621006578207016, 0.031817637383937836, 0.9975923895835876),
            ["Head"] = CFrame.new(-2.491287887096405e-08, -5.960464477539062e-07, 1.6298145055770874e-07, 0.9982139468193054, 0.0510617196559906, -0.031009502708911896, -0.05556308478116989, 0.9842332005500793, -0.1679219752550125, 0.021946178749203682, 0.16934503614902496, 0.9853125214576721),
            ["RightUpperArm"] = CFrame.new(-0.059230268001556396, -0.008543252944946289, 0.07119110226631165, 0.8545706868171692, -0.3309623897075653, -0.4002159833908081, -0.3897280991077423, 0.10065402835607529, -0.9154130220413208, 0.3432506024837494, 0.9382604956626892, -0.042969461530447006),
            ["UpperTorso"] = CFrame.new(-2.9802322387695312e-08, -1.1920928955078125e-07, 7.683411240577698e-08, 0.9977380633354187, 0.06689731031656265, -0.006610100623220205, -0.061654720455408096, 0.949842095375061, 0.3065921366214752, 0.026788756251335144, -0.3054911494255066, 0.9518181085586548),
            ["HumanoidRootPart"] = CFrame.new(0, 0, 0, 1, 0, 0, 0, 1, 0, 0, 0, 1),
            ["RightHand"] = CFrame.new(-1.4901161193847656e-08, 5.960464477539062e-07, -5.960464477539062e-07, 0.9123204350471497, 0.26972055435180664, -0.3080940544605255, -0.36559030413627625, 0.8754266500473022, -0.31618404388427734, 0.1844327449798584, 0.40109723806381226, 0.8972768783569336),
            ["LeftUpperArm"] = CFrame.new(-0.0009500980377197266, -0.06081855297088623, 0.06912018358707428, 0.9911124110221863, -0.02805611677467823, -0.1300354301929474, 0.09404389560222626, 0.839128851890564, 0.5357412099838257, 0.09408567100763321, -0.5432088375091553, 0.8343093395233154),
            ["RightLowerArm"] = CFrame.new(3.5762786865234375e-07, 6.556510925292969e-07, -0.000003904104232788086, 1, 0.000008881092981027905, 0.000017374757590005174, 0.00001896172580018174, -0.6467569470405579, -0.7626962065696716, 0.0000044479961616161745, 0.7626962065696716, -0.6467570662498474),
            ["LeftHand"] = CFrame.new(-0.0000014994293451309204, -0.0000013113021850585938, 1.825392246246338e-07, 0.6784586906433105, -0.5356113314628601, -0.5028060078620911, 0.26390454173088074, 0.8164346218109131, -0.5136041641235352, 0.685600757598877, 0.2157665342092514, 0.6952675580978394),
            ["RightUpperLeg"] = CFrame.new(0, -2.384185791015625e-07, 5.790934665128589e-08, 0.9671213030815125, -0.21537810564041138, -0.13523617386817932, 0.09635474532842636, 0.8024390935897827, -0.5889037251472473, 0.2353557050228119, 0.5565104484558105, 0.7968084812164307),
            ["LeftUpperLeg"] = CFrame.new(-1.1920928955078125e-07, -3.1478703022003174e-07, 0, 0.9224851727485657, 0.28340792655944824, -0.26210910081863403, -0.3635379672050476, 0.8661748766899109, -0.3429012596607208, 0.1298513263463974, 0.41160786151885986, 0.9020629525184631),
            ["RightLowerLeg"] = CFrame.new(0, -0.0007262229919433594, 0.000046187844418454915, 1, 1.4901166878189542e-07, 8.940699558479537e-08, -1.0430814256778831e-07, -0.05329027771949768, 0.9985791444778442, 1.6018749704471702e-07, -0.9985790848731995, -0.053290367126464844),
            ["RightFoot"] = CFrame.new(1.341104507446289e-07, -2.384185791015625e-07, -2.8107024263590574e-08, 0.9839649200439453, 0.1724865436553955, 0.045403268188238144, -0.14915579557418823, 0.9353214502334595, -0.3208216428756714, -0.0978039801120758, 0.30890488624572754, 0.9460507035255432),
            ["LeftLowerLeg"] = CFrame.new(-3.725290298461914e-09, -0.0007264614105224609, 0.00008101016283035278, 1, 9.313229298868464e-08, 2.9802322387695312e-08, -4.284083843231201e-08, 0.5016277432441711, 0.8650837540626526, 1.862645149230957e-08, -0.865083634853363, 0.5016274452209473),
        }},
        {Time = 0.067, Data = {
            ["LeftFoot"] = CFrame.new(0, -1.7881393432617188e-07, -1.1175870895385742e-08, 0.952142059803009, -0.3036774694919586, 0.0347193218767643, 0.28380879759788513, 0.8361918330192566, -0.46929317712783813, 0.11348173767328262, 0.45668724179267883, 0.8823596835136414),
            ["LeftLowerArm"] = CFrame.new(0.000001043081283569336, -5.960464477539062e-07, 0.000004172325134277344, 1, 5.122274160385132e-08, -5.587936158235607e-08, -7.729976658765736e-08, 0.17418557405471802, -0.9847128391265869, -5.5879347371501353e-08, 0.9847128391265869, 0.17418552935123444),
            ["LowerTorso"] = CFrame.new(-0.03655250743031502, -0.180617094039917, -0.6286085844039917, 0.9652572274208069, -0.12715893983840942, 0.22827428579330444, 0.13079772889614105, 0.9914087653160095, -0.0008190422668121755, -0.22620898485183716, 0.030648348852992058, 0.9735965132713318),
            ["Head"] = CFrame.new(2.2351741790771484e-08, -7.152557373046875e-07, -9.313225746154785e-09, 0.9861607551574707, 0.05592767149209976, -0.1560743898153305, -0.07309258729219437, 0.9916225671768188, -0.1064998209476471, 0.14881068468093872, 0.11643365025520325, 0.9819870591163635),
            ["RightUpperArm"] = CFrame.new(-0.08782190084457397, 0.012188315391540527, 0.0778440609574318, 0.7718232274055481, -0.4171381890773773, -0.4798797369003296, -0.49071669578552246, 0.08914902061223984, -0.8667465448379517, 0.4043341875076294, 0.9044601917266846, -0.13588935136795044),
            ["UpperTorso"] = CFrame.new(8.195638656616211e-08, 5.364418029785156e-07, -5.052424967288971e-08, 0.9921879768371582, 0.118162602186203, -0.040007930248975754, -0.10490711778402328, 0.9638336300849915, 0.2449885755777359, 0.06750950962305069, -0.23887743055820465, 0.9687002301216125),
            ["HumanoidRootPart"] = CFrame.new(0, 0, 0, 1, 0, 0, 0, 1, 0, 0, 0, 1),
            ["RightHand"] = CFrame.new(2.384185791015625e-07, 0.0000011920928955078125, -6.556510925292969e-07, 0.8747121691703796, 0.2902188003063202, -0.3881381154060364, -0.39194655418395996, 0.8946741819381714, -0.21432814002037048, 0.28505539894104004, 0.33960476517677307, 0.8963328003883362),
            ["LeftUpperArm"] = CFrame.new(-0.02522069215774536, -0.09124910831451416, 0.07356451451778412, 0.9779901504516602, 0.06667378544807434, -0.19771184027194977, 0.06249411031603813, 0.8104668259620667, 0.5824412107467651, 0.19907251000404358, -0.5819778442382812, 0.7884620428085327),
            ["RightLowerArm"] = CFrame.new(3.5762786865234375e-07, 7.152557373046875e-07, -0.000003993511199951172, 1, 0.000010006130651163403, 0.000016719106497475877, 0.00001893192711577285, -0.6958803534507751, -0.7181577682495117, 0.0000044815246837970335, 0.7181577086448669, -0.6958804130554199),
            ["LeftHand"] = CFrame.new(-0.0000014165416359901428, -0.0000013709068298339844, 2.60770320892334e-07, 0.8310785889625549, -0.4420902132987976, -0.3374374210834503, 0.3164261281490326, 0.8748263120651245, -0.36681562662124634, 0.4573651850223541, 0.1980786770582199, 0.8669384717941284),
            ["RightUpperLeg"] = CFrame.new(8.940696716308594e-08, 1.993030309677124e-07, 6.454501999542117e-08, 0.8843535780906677, -0.3653653562068939, -0.29056310653686523, 0.16613207757472992, 0.8280107975006104, -0.5355358123779297, 0.4362556040287018, 0.4253309965133667, 0.7929530143737793),
            ["LeftUpperLeg"] = CFrame.new(0, 1.2293457984924316e-07, 2.6891939342021942e-08, 0.8463252186775208, 0.26069962978363037, -0.4645097851753235, -0.4180457592010498, 0.8655115365982056, -0.2759125232696533, 0.3301084041595459, 0.427698016166687, 0.8414885401725769),
            ["RightLowerLeg"] = CFrame.new(-5.960464477539063e-08, -0.0007261037826538086, 0.00004593079938786104, 1, 1.6763810606335028e-07, 2.2351747119842003e-08, -1.1175868053214799e-07, 0.025947919115424156, 0.9996633529663086, 1.6018744020129816e-07, -0.9996633529663086, 0.025947866961359978),
            ["RightFoot"] = CFrame.new(1.1175870895385742e-07, 0, 3.149762051180005e-08, 0.9617937207221985, 0.24755746126174927, 0.11691093444824219, -0.19241338968276978, 0.9150094389915466, -0.3545912802219391, -0.19475647807121277, 0.3185483515262604, 0.9276835918426514),
            ["LeftLowerLeg"] = CFrame.new(2.2351741790771484e-08, -0.0007265210151672363, 0.00008089840412139893, 1, 2.980232949312267e-08, -2.2351738238057806e-08, -3.725290298461914e-08, 0.6061460375785828, 0.7953535318374634, -2.2351741790771484e-08, -0.7953534126281738, 0.6061459183692932),
        }},
        {Time = 0.100, Data = {
            ["LeftFoot"] = CFrame.new(0, -2.384185791015625e-07, 1.1175870895385742e-08, 0.9524447321891785, -0.2997412085533142, 0.05481262877583504, 0.28411003947257996, 0.8085443377494812, -0.5153033137321472, 0.11013930290937424, 0.5063709020614624, 0.8552532196044922),
            ["LeftLowerArm"] = CFrame.new(0.000001341104507446289, -1.7881393432617188e-07, 0.000005125213647261262, 1, 5.401671643312511e-08, -6.705524668859653e-08, -6.519257311765614e-08, 0.11093033105134964, -0.9938282370567322, -5.029141192380848e-08, 0.9938282370567322, 0.11093033850193024),
            ["LowerTorso"] = CFrame.new(-0.0265901368111372, -0.19443809986114502, -0.6451772451400757, 0.966289758682251, -0.16411761939525604, 0.19836722314357758, 0.15133841335773468, 0.9853953123092651, 0.07805706560611725, -0.20828066766262054, -0.04540516436100006, 0.9770146012306213),
            ["Head"] = CFrame.new(-5.587935447692871e-09, -9.5367431640625e-07, 6.705522537231445e-08, 0.9594488143920898, 0.050826478749513626, -0.2772628366947174, -0.05345926806330681, 0.9985682368278503, -0.0019397068535909057, 0.27676719427108765, 0.01668321155011654, 0.9607922434806824),
            ["RightUpperArm"] = CFrame.new(-0.11555689573287964, 0.02933216094970703, 0.07143223285675049, 0.7153371572494507, -0.5146133303642273, -0.47272175550460815, -0.4803195893764496, 0.12923362851142883, -0.8675205707550049, 0.5075291395187378, 0.8476271629333496, -0.15473328530788422),
            ["UpperTorso"] = CFrame.new(-4.470348358154297e-08, 5.960464477539063e-08, -2.2351741790771484e-08, 0.9867411255836487, 0.13329671323299408, 0.09259673207998276, -0.1386946737766266, 0.988834023475647, 0.054508622735738754, -0.08429695665836334, -0.06662857532501221, 0.9942106604576111),
            ["HumanoidRootPart"] = CFrame.new(0, 0, 0, 1, 0, 0, 0, 1, 0, 0, 0, 1),
            ["RightHand"] = CFrame.new(3.8743019104003906e-07, 0.0000010728836059570312, -9.5367431640625e-07, 0.8624464869499207, 0.2868361473083496, -0.41702592372894287, -0.38235798478126526, 0.9090771675109863, -0.16547362506389618, 0.3316452205181122, 0.3021651804447174, 0.8937046527862549),
            ["LeftUpperArm"] = CFrame.new(-0.045899391174316406, -0.12449252605438232, 0.06857180595397949, 0.9448581337928772, 0.1521618366241455, -0.28998246788978577, 0.04830996319651604, 0.8110441565513611, 0.5829869508743286, 0.3238968849182129, -0.5648488998413086, 0.7589706778526306),
            ["RightLowerArm"] = CFrame.new(5.960464477539062e-07, 5.364418029785156e-07, -0.000003933906555175781, 1, 0.000010669232324289624, 0.00001636147680983413, 0.00001897662878036499, -0.7247780561447144, -0.6889824271202087, 0.000004470348358154297, 0.688982367515564, -0.7247779965400696),
            ["LeftHand"] = CFrame.new(-0.0000014249235391616821, -0.000001430511474609375, 2.4586915969848633e-07, 0.9204652905464172, -0.351299524307251, -0.17126555740833282, 0.3211379647254944, 0.9296042323112488, -0.18085025250911713, 0.22274212539196014, 0.11146654188632965, 0.9684840440750122),
            ["RightUpperLeg"] = CFrame.new(-5.960464477539063e-08, -3.725290298461914e-09, 1.1006341082975268e-07, 0.8588680028915405, -0.35550135374069214, -0.3687339425086975, 0.16186115145683289, 0.8713950514793396, -0.4631110727787018, 0.48594948649406433, 0.3380674421787262, 0.8059549927711487),
            ["LeftUpperLeg"] = CFrame.new(2.9802322387695312e-08, -1.3783574104309082e-07, 2.2351741790771484e-08, 0.8340738415718079, 0.30960845947265625, -0.4565778374671936, -0.46319830417633057, 0.8425697088241577, -0.27481597661972046, 0.2996133267879486, 0.4407029151916504, 0.8461754322052002),
            ["RightLowerLeg"] = CFrame.new(-8.940696716308594e-08, -0.0007262229919433594, 0.000046090986870694906, 1, 1.5646224937881925e-07, 0, -7.4505797087454084e-09, 0.36472615599632263, 0.9311147928237915, 1.2665985593685036e-07, -0.9311148524284363, 0.3647262454032898),
            ["RightFoot"] = CFrame.new(2.980232238769531e-07, 1.1920928955078125e-07, 4.639878170564771e-08, 0.9443445801734924, 0.26830872893333435, 0.1903252899646759, -0.22622376680374146, 0.9497313499450684, -0.21640996634960175, -0.23882268369197845, 0.16130946576595306, 0.9575714468955994),
            ["LeftLowerLeg"] = CFrame.new(1.1175870895385742e-07, -0.0007262229919433594, 0.00008089840412139893, 1, 8.195637946073475e-08, -1.1175870895385742e-08, -8.195637946073475e-08, 0.6653619408607483, 0.7465209364891052, -2.2351738238057806e-08, -0.7465210556983948, 0.6653620004653931),
        }},
        {Time = 0.133, Data = {
            ["LeftFoot"] = CFrame.new(7.82310962677002e-08, -1.1920928955078125e-07, 6.332993507385254e-08, 0.9409213066101074, -0.3384524881839752, -0.010824553668498993, 0.31422922015190125, 0.8846002221107483, -0.3445901870727539, 0.1262027472257614, 0.3208310008049011, 0.9386907815933228),
            ["LeftLowerArm"] = CFrame.new(0.0000013709068298339844, -3.5762786865234375e-07, 0.0000048782676458358765, 1, 5.215407838932151e-08, -6.519259443393821e-08, -6.891787052154541e-08, 0.0654570609331131, -0.9978554248809814, -4.842877388000488e-08, 0.9978554844856262, 0.06545709073543549),
            ["LowerTorso"] = CFrame.new(-0.009457506239414215, -0.18520879745483398, -0.6287016868591309, 0.9812869429588318, -0.12920022010803223, 0.14276987314224243, 0.13014522194862366, 0.9914911389350891, 0.002739295130595565, -0.14190898835659027, 0.01589277759194374, 0.9897521138191223),
            ["Head"] = CFrame.new(-5.681067705154419e-08, -0.0000010728836059570312, 1.1175870895385742e-08, 0.938804030418396, 0.05378779396414757, -0.340226411819458, -0.05427568778395653, 0.9984932541847229, 0.008089834824204445, 0.3401487469673157, 0.010871107690036297, 0.9403088092803955),
            ["RightUpperArm"] = CFrame.new(-0.12694203853607178, 0.038588881492614746, 0.08355721831321716, 0.6992663145065308, -0.5916439294815063, -0.40122824907302856, -0.392471045255661, 0.15137691795825958, -0.9072219133377075, 0.597489058971405, 0.7918601036071777, -0.1263502538204193),
            ["UpperTorso"] = CFrame.new(0, -1.7881393432617188e-07, 9.452924132347107e-08, 0.9704471826553345, 0.09717170894145966, 0.22088472545146942, -0.12484246492385864, 0.9854952692985535, 0.11494987457990646, -0.2065107673406601, -0.13912850618362427, 0.9685022234916687),
            ["HumanoidRootPart"] = CFrame.new(0, 0, 0, 1, 0, 0, 0, 1, 0, 0, 0, 1),
            ["RightHand"] = CFrame.new(5.066394805908203e-07, 0.0000010132789611816406, -6.556510925292969e-07, 0.9046816825866699, 0.19345040619373322, -0.37964150309562683, -0.2848794460296631, 0.9371861219406128, -0.2013111412525177, 0.3168514370918274, 0.29027441143989563, 0.9029653072357178),
            ["LeftUpperArm"] = CFrame.new(-0.05400395393371582, -0.1334702968597412, 0.07624232769012451, 0.9212048649787903, 0.15701071918010712, -0.355990469455719, 0.015725204721093178, 0.8991872072219849, 0.4372815191745758, 0.3887598216533661, -0.4084239602088928, 0.8258666396141052),
            ["RightLowerArm"] = CFrame.new(5.960464477539063e-08, 1.7881393432617188e-07, -0.0000037550926208496094, 1, 0.00001132302077166969, 0.000015810133845661767, 0.00001901388168334961, -0.7518508434295654, -0.6593334078788757, 0.000004474073648452759, 0.6593334078788757, -0.7518508434295654),
            ["LeftHand"] = CFrame.new(-0.0000014379620552062988, -9.5367431640625e-07, 5.029141902923584e-07, 0.9555692076683044, -0.28078338503837585, -0.08971047401428223, 0.26607877016067505, 0.9526166319847107, -0.14739049971103668, 0.1268446296453476, 0.11697180569171906, 0.9850015640258789),
            ["RightUpperLeg"] = CFrame.new(1.1920928955078125e-07, -8.754432201385498e-08, 4.347384674474597e-08, 0.8765031695365906, -0.33701491355895996, -0.34374886751174927, 0.22041082382202148, 0.9157742857933044, -0.33582237362861633, 0.42797330021858215, 0.21858319640159607, 0.8769606947898865),
            ["LeftUpperLeg"] = CFrame.new(-5.960464477539063e-08, -8.009374141693115e-08, 4.0512531995773315e-08, 0.8596886992454529, 0.2969633936882019, -0.4156297743320465, -0.4364120662212372, 0.8498495817184448, -0.29546600580215454, 0.2654802203178406, 0.43539467453956604, 0.8602044582366943),
            ["RightLowerLeg"] = CFrame.new(-2.9802322387695312e-08, -0.0007260441780090332, 0.00004623999848263338, 1, 1.713633963618122e-07, 4.47035120032524e-08, -8.195639367158947e-08, 0.5392062664031982, 0.8421735763549805, 1.0430814256778831e-07, -0.8421737551689148, 0.5392065644264221),
            ["RightFoot"] = CFrame.new(1.1175870895385742e-07, -5.960464477539063e-08, 6.129994289949536e-08, 0.9414187073707581, 0.26553648710250854, 0.2078968584537506, -0.24689078330993652, 0.9626075625419617, -0.1114974319934845, -0.22972984611988068, 0.05363806337118149, 0.9717754125595093),
            ["LeftLowerLeg"] = CFrame.new(-6.705522537231445e-08, -0.0007263422012329102, 0.00008083879947662354, 1, 7.450579175838357e-08, 5.587936158235607e-08, -4.842878098543224e-08, 0.5772955417633057, 0.816535234451294, 1.4901162970204496e-08, -0.8165352940559387, 0.5772957801818848),
        }},
        {Time = 0.167, Data = {
            ["LeftFoot"] = CFrame.new(-1.4901161193847656e-08, -1.1920928955078125e-07, 7.450580596923828e-09, 0.9285230040550232, -0.3470514416694641, -0.1319109946489334, 0.35282841324806213, 0.9354168772697449, 0.022527750581502914, 0.11557340621948242, -0.06745950132608414, 0.9910055994987488),
            ["LeftLowerArm"] = CFrame.new(0.0000014007091522216797, -5.960464477539062e-07, 0.000004664063453674316, 1, 4.4703490686970326e-08, -7.729978079851207e-08, -7.823108916227284e-08, -0.0001411182020092383, -1, -3.911554458113642e-08, 1, -0.00014110190386418253),
            ["LowerTorso"] = CFrame.new(0.016577577218413353, -0.1619873046875, -0.6084831953048706, 0.9879723787307739, -0.06846434623003006, 0.13864843547344208, 0.07898373901844025, 0.99428391456604, -0.07184173911809921, -0.13293728232383728, 0.08192861080169678, 0.9877325296401978),
            ["Head"] = CFrame.new(0, -0.0000011920928955078125, -6.705522537231445e-08, 0.9450043439865112, 0.06968171894550323, -0.31954851746559143, -0.07449575513601303, 0.9972172975540161, -0.002851021708920598, 0.3184606730937958, 0.026499086990952492, 0.9475656747817993),
            ["RightUpperArm"] = CFrame.new(-0.11868071556091309, 0.03378641605377197, 0.10196539759635925, 0.7454034090042114, -0.6355684399604797, -0.20106388628482819, -0.19555316865444183, 0.07986710220575333, -0.9774355292320251, 0.637285590171814, 0.7679023742675781, -0.06475421041250229),
            ["UpperTorso"] = CFrame.new(3.259629011154175e-08, 1.4901161193847656e-07, 2.9336661100387573e-08, 0.9791334867477417, 0.02191908471286297, 0.2020329236984253, -0.06725168973207474, 0.9730986952781677, 0.22035491466522217, -0.19176813960075378, -0.22934386134147644, 0.9542675018310547),
            ["HumanoidRootPart"] = CFrame.new(0, 0, 0, 1, 0, 0, 0, 1, 0, 0, 0, 1),
            ["RightHand"] = CFrame.new(1.7881393432617188e-07, 9.5367431640625e-07, -7.748603820800781e-07, 0.9627097249031067, 0.06529885530471802, -0.26253756880760193, -0.1363411545753479, 0.9552918672561646, -0.2623520493507385, 0.23366905748844147, 0.2883634865283966, 0.9285717010498047),
            ["LeftUpperArm"] = CFrame.new(-0.048610687255859375, -0.1220245361328125, 0.08980534970760345, 0.9325156211853027, 0.09087079018354416, -0.3495098650455475, -0.01364563126116991, 0.9759989976882935, 0.21734736859798431, 0.3608717918395996, -0.1979105919599533, 0.9113742113113403),
            ["RightLowerArm"] = CFrame.new(4.470348358154297e-07, 2.384185791015625e-07, -0.0000034123659133911133, 1, 0.000010356309758208226, 0.00001654401967243757, 0.000018958004147862084, -0.710712194442749, -0.703482985496521, 0.000004451722361409338, 0.703482985496521, -0.710712194442749),
            ["LeftHand"] = CFrame.new(-0.000001387670636177063, -0.0000010728836059570312, 7.450580596923828e-08, 0.9563657641410828, -0.24224303662776947, -0.16334818303585052, 0.21741929650306702, 0.9635360240936279, -0.15597231686115265, 0.19517530500888824, 0.1136515736579895, 0.9741612672805786),
            ["RightUpperLeg"] = CFrame.new(5.960464477539063e-08, -1.30385160446167e-07, -2.4047039914876223e-08, 0.8941386938095093, -0.30698516964912415, -0.325999915599823, 0.25969961285591125, 0.948582649230957, -0.1809617429971695, 0.3647904396057129, 0.0771426409482956, 0.9278884530067444),
            ["LeftUpperLeg"] = CFrame.new(0, -6.51925802230835e-08, -4.470348358154297e-08, 0.8830399513244629, 0.2375842034816742, -0.4047151803970337, -0.3944096863269806, 0.8430562019348145, -0.3656466007232666, 0.25432583689689636, 0.4825039803981781, 0.8381576538085938),
            ["RightLowerLeg"] = CFrame.new(-4.470348358154297e-08, -0.0007263422012329102, 0.00004606118454830721, 1, 1.266598843585598e-07, 0, -1.2293459406009788e-07, 0.6386564373970032, 0.7694916129112244, 7.450581307466564e-08, -0.7694920301437378, 0.6386569738388062),
            ["RightFoot"] = CFrame.new(1.564621925354004e-07, 0, 7.620110409334302e-08, 0.9532326459884644, 0.28079459071159363, 0.11181248724460602, -0.24848084151744843, 0.938694953918457, -0.2389746755361557, -0.17206060886383057, 0.2000153809785843, 0.9645668268203735),
            ["LeftLowerLeg"] = CFrame.new(-2.2351741790771484e-08, -0.0007264018058776855, 0.00008095800876617432, 1, 8.940698137394065e-08, 3.725290653733282e-08, -3.725290653733282e-08, 0.4956384599208832, 0.8685289025306702, 2.2351745343485163e-08, -0.8685290217399597, 0.4956386089324951),
        }},
        {Time = 0.200, Data = {
            ["LeftFoot"] = CFrame.new(1.4901161193847656e-08, -1.7881393432617188e-07, 7.450580596923828e-08, 0.9645432233810425, -0.24144110083580017, -0.10659562051296234, 0.26249611377716064, 0.9195675849914551, 0.29238900542259216, 0.027427148073911667, -0.31000274419784546, 0.9503400325775146),
            ["LeftLowerArm"] = CFrame.new(0.0000011622905731201172, -4.172325134277344e-07, 0.000004872679710388184, 1, 3.166496753692627e-08, -7.4505820180093e-08, -6.05359673500061e-08, -0.05570594221353531, -0.9984472990036011, -3.4458935260772705e-08, 0.9984472393989563, -0.055705975741147995),
            ["LowerTorso"] = CFrame.new(0.03855791687965393, -0.09959173202514648, -0.5898710489273071, 0.9928375482559204, -0.027704473584890366, 0.11621648073196411, 0.04263827204704285, 0.9908503890037537, -0.12805317342281342, -0.11160550266504288, 0.13209125399589539, 0.9849345684051514),
            ["Head"] = CFrame.new(2.9802322387695312e-08, -7.152557373046875e-07, -2.421438694000244e-08, 0.9618868827819824, 0.07116586714982986, -0.2640248239040375, -0.08286863565444946, 0.9959992170333862, -0.033440813422203064, 0.260588675737381, 0.0540454164147377, 0.9639360904693604),
            ["RightUpperArm"] = CFrame.new(-0.1048516035079956, 0.02638387680053711, 0.1163548156619072, 0.8044895529747009, -0.5938258171081543, 0.012936081737279892, -0.03864847123622894, -0.07406757026910782, -0.9965040683746338, 0.5927080512046814, 0.8011772632598877, -0.08253694325685501),
            ["UpperTorso"] = CFrame.new(-3.725290298461914e-09, -4.470348358154297e-07, 4.7730281949043274e-08, 0.9872321486473083, -0.029062852263450623, 0.1566149890422821, -0.0191512294113636, 0.9544261693954468, 0.2978323996067047, -0.15813317894935608, -0.29702892899513245, 0.9416834115982056),
            ["HumanoidRootPart"] = CFrame.new(0, 0, 0, 1, 0, 0, 0, 1, 0, 0, 0, 1),
            ["RightHand"] = CFrame.new(1.7881393432617188e-07, 0.0000011920928955078125, -0.0000011622905731201172, 0.9922254085540771, 0.016559040173888206, -0.12334753572940826, -0.05487796291708946, 0.9477660655975342, -0.3142102062702179, 0.11170174926519394, 0.31853625178337097, 0.9413062334060669),
            ["LeftUpperArm"] = CFrame.new(-0.038146018981933594, -0.10799729824066162, 0.10201286524534225, 0.951772928237915, 0.04057781770825386, -0.30410823225975037, -0.03072902001440525, 0.9988389015197754, 0.03710378706455231, 0.30526068806648254, -0.02596953883767128, 0.9519147276878357),
            ["RightLowerArm"] = CFrame.new(4.470348358154297e-07, 5.960464477539062e-07, -0.0000034347176551818848, 1, 0.000007659195944142994, 0.000017900018065120094, 0.00001894821980386041, -0.5910241603851318, -0.8066538572311401, 0.000004427506610227283, 0.8066537976264954, -0.5910241007804871),
            ["LeftHand"] = CFrame.new(-0.0000015050172805786133, -0.0000011324882507324219, -1.043081283569336e-07, 0.888649046421051, -0.382828950881958, -0.2524767518043518, 0.30151909589767456, 0.9025781750679016, -0.30730974674224854, 0.345527321100235, 0.19696401059627533, 0.9175055027008057),
            ["RightUpperLeg"] = CFrame.new(2.9802322387695312e-08, -4.76837158203125e-07, 1.2123928172513843e-07, 0.9346423745155334, -0.2419942170381546, -0.2605428993701935, 0.24897445738315582, 0.9684889912605286, -0.006396724842488766, 0.25388088822364807, -0.058889977633953094, 0.965441107749939),
            ["LeftUpperLeg"] = CFrame.new(-8.940696716308594e-08, -5.327165126800537e-07, 1.862645149230957e-08, 0.9364104270935059, 0.22134359180927277, -0.272291362285614, -0.337380975484848, 0.7812597155570984, -0.5251736044883728, 0.09648638963699341, 0.583643913269043, 0.8062569499015808),
            ["RightLowerLeg"] = CFrame.new(-2.9802322387695312e-08, -0.0007263422012329102, 0.00004600157990353182, 1, 1.1175876579727628e-07, -2.2351747119842003e-08, -3.5390257835388184e-08, 0.7919962406158447, 0.6105260252952576, 9.685754776000977e-08, -0.6105260848999023, 0.7919962406158447),
            ["RightFoot"] = CFrame.new(1.30385160446167e-07, 5.960464477539063e-08, -2.8107024263590574e-08, 0.9635694622993469, 0.26692184805870056, -0.016932250931859016, -0.26340967416763306, 0.9361057281494141, -0.23306983709335327, -0.04636107012629509, 0.22903907299041748, 0.9723126888275146),
            ["LeftLowerLeg"] = CFrame.new(-1.4901161193847656e-08, -0.0007264018058776855, 0.00008101016283035278, 1, 1.1734664440155029e-07, 6.705523958316917e-08, -6.332992796842518e-08, 0.3106394410133362, 0.9505279064178467, 5.960463766996327e-08, -0.9505278468132019, 0.31063947081565857),
        }},
        {Time = 0.233, Data = {
            ["LeftFoot"] = CFrame.new(3.725290298461914e-08, -2.384185791015625e-07, -1.043081283569336e-07, 0.9971939325332642, -0.06947357952594757, -0.02788960561156273, 0.07450717687606812, 0.8847551941871643, 0.4600619375705719, -0.007286683656275272, -0.46084892749786377, 0.887448787689209),
            ["LeftLowerArm"] = CFrame.new(0.000001519918441772461, -3.5762786865234375e-07, 0.000004714354872703552, 1, 5.587934559514451e-09, -7.357449050005016e-08, -7.287598435823384e-08, -0.21726910769939423, -0.9761118292808533, -1.7695127141337252e-08, 0.9761117100715637, -0.21726909279823303),
            ["LowerTorso"] = CFrame.new(0.0569765567779541, -0.0347902774810791, -0.5710808038711548, 0.9970450401306152, 0.0015222934307530522, 0.0768045112490654, 0.012355261482298374, 0.9836098551750183, -0.17988654971122742, -0.07581949979066849, 0.1803039014339447, 0.9806845188140869),
            ["Head"] = CFrame.new(-1.4901161193847656e-08, -8.344650268554688e-07, 5.681067705154419e-08, 0.9807668328285217, 0.06942468881607056, -0.18241925537586212, -0.08492717146873474, 0.9932833313941956, -0.07858475297689438, 0.17573821544647217, 0.09256570041179657, 0.9800753593444824),
            ["RightUpperArm"] = CFrame.new(-0.08742612600326538, 0.01626574993133545, 0.127519428730011, 0.8792008757591248, -0.45449674129486084, 0.14296405017375946, 0.05409778282046318, -0.20289230346679688, -0.9777055978775024, 0.4733700454235077, 0.8673335909843445, -0.1537959724664688),
            ["UpperTorso"] = CFrame.new(-5.587935447692871e-09, 5.960464477539063e-08, -3.213062882423401e-08, 0.9927402138710022, -0.0704820528626442, 0.09746406227350235, 0.030460236594080925, 0.9312263131141663, 0.3631662428379059, -0.11635787785053253, -0.35756105184555054, 0.9266127347946167),
            ["HumanoidRootPart"] = CFrame.new(0, 0, 0, 1, 0, 0, 0, 1, 0, 0, 0, 1),
            ["RightHand"] = CFrame.new(3.2782554626464844e-07, 8.344650268554688e-07, -9.5367431640625e-07, 0.9989224672317505, 0.04569261893630028, -0.008141441270709038, -0.04517730325460434, 0.9170687198638916, -0.39616167545318604, -0.010635319165885448, 0.3961023986339569, 0.9181447625160217),
            ["LeftUpperArm"] = CFrame.new(-0.02425551414489746, -0.09126889705657959, 0.11327920109033585, 0.9773831963539124, 0.03512810915708542, -0.20853810012340546, -0.050401899963617325, 0.9963850975036621, -0.06838470697402954, 0.20538191497325897, 0.07734895497560501, 0.9756206274032593),
            ["RightLowerArm"] = CFrame.new(3.8743019104003906e-07, 4.76837158203125e-07, -0.000003892695531249046, 1, 0.000003971159912907751, 0.00001908838930830825, 0.000018987802832270972, -0.4190922677516937, -0.9079437255859375, 0.000004420289315021364, 0.9079437851905823, -0.41909220814704895),
            ["LeftHand"] = CFrame.new(-0.0000015702098608016968, -0.0000011920928955078125, 1.6391277313232422e-07, 0.8725296258926392, -0.447554349899292, -0.19592531025409698, 0.32362619042396545, 0.8298848271369934, -0.4544861614704132, 0.3660030663013458, 0.33314603567123413, 0.8689393997192383),
            ["RightUpperLeg"] = CFrame.new(5.960464477539063e-08, -2.942979335784912e-07, -5.420588422566652e-09, 0.958482027053833, -0.2025933861732483, -0.2006690502166748, 0.2377041131258011, 0.956375777721405, 0.1698298305273056, 0.15750859677791595, -0.21047881245613098, 0.9648263454437256),
            ["LeftUpperLeg"] = CFrame.new(2.9802322387695312e-08, 1.0977964848279953e-07, 3.725290298461914e-09, 0.9731081128120422, 0.2181537002325058, -0.07395731657743454, -0.22166313230991364, 0.7995004653930664, -0.5582691431045532, -0.0626596212387085, 0.5596498847007751, 0.8263570666313171),
            ["RightLowerLeg"] = CFrame.new(8.195638656616211e-08, -0.0007264018058776855, 0.00004587957664625719, 1, 0, -4.4703497792397684e-08, -2.2351745343485163e-08, 0.9231919646263123, 0.38433918356895447, 7.590279693658886e-08, -0.3843393921852112, 0.923192024230957),
            ["RightFoot"] = CFrame.new(2.5704503059387207e-07, 0, 4.639878170564771e-08, 0.9658448696136475, 0.24103152751922607, -0.09511838853359222, -0.25336623191833496, 0.9553988575935364, -0.1517191082239151, 0.05430682748556137, 0.17063698172569275, 0.98383629322052),
            ["LeftLowerLeg"] = CFrame.new(2.9802322387695312e-08, -0.0007264614105224609, 0.00008085044100880623, 1, 1.043081283569336e-07, 6.705523247774181e-08, -8.195638656616211e-08, 0.37533995509147644, 0.9268873333930969, 8.288770914077759e-08, -0.9268872141838074, 0.37533995509147644),
        }},
        {Time = 0.267, Data = {
            ["LeftFoot"] = CFrame.new(-3.725290298461914e-09, 1.7881393432617188e-07, 4.470348358154297e-08, 0.9973815083503723, 0.0525285005569458, -0.04970817267894745, -0.02486993744969368, 0.8945435285568237, 0.44628867506980896, 0.06790897995233536, -0.44388386607170105, 0.8935074806213379),
            ["LeftLowerArm"] = CFrame.new(0.0000013113021850585938, -1.7881393432617188e-07, 0.0000049103982746601105, 1, -3.539026138810186e-08, -7.229392195995388e-08, -7.766357157379389e-08, -0.4414057731628418, -0.8973076939582825, -4.656612873077393e-10, 0.8973076343536377, -0.44140568375587463),
            ["LowerTorso"] = CFrame.new(0.0697406530380249, -0.01564621925354004, -0.5620259642601013, 0.9995881915092468, 0.011244609020650387, 0.026400558650493622, -0.0055100517347455025, 0.9781177639961243, -0.20797927677631378, -0.02816149964928627, 0.2077481597661972, 0.9777768850326538),
            ["Head"] = CFrame.new(-7.450580596923828e-09, -9.5367431640625e-07, 6.100162863731384e-08, 0.9940686225891113, 0.06790309399366379, -0.08495187759399414, -0.07689190655946732, 0.9912328124046326, -0.10744933038949966, 0.07691095024347305, 0.1133439689874649, 0.9905745387077332),
            ["RightUpperArm"] = CFrame.new(-0.06977134943008423, 0.004076838493347168, 0.1351502537727356, 0.9442023038864136, -0.27581238746643066, 0.18002665042877197, 0.11437167972326279, -0.23801133036613464, -0.9645049571990967, 0.30887094140052795, 0.9312776923179626, -0.19318576157093048),
            ["UpperTorso"] = CFrame.new(4.6566128730773926e-09, 1.1920928955078125e-07, 5.052424967288971e-08, 0.9949376583099365, -0.09274851530790329, 0.03868883475661278, 0.07113277912139893, 0.9219110608100891, 0.38081538677215576, -0.07098768651485443, -0.3761352598667145, 0.9238413572311401),
            ["HumanoidRootPart"] = CFrame.new(0, 0, 0, 1, 0, 0, 0, 1, 0, 0, 0, 1),
            ["RightHand"] = CFrame.new(1.341104507446289e-07, 0.0000015497207641601562, -8.195638656616211e-07, 0.9935697913169861, 0.0833609402179718, 0.07661574333906174, -0.03814093768596649, 0.883571982383728, -0.4667395055294037, -0.10660336911678314, 0.4608161449432373, 0.881070077419281),
            ["LeftUpperArm"] = CFrame.new(-0.009388387203216553, -0.07641100883483887, 0.12305314838886261, 0.995023250579834, 0.04593304172158241, -0.08842521160840988, -0.06412733346223831, 0.9744086265563965, -0.21544276177883148, 0.07626636326313019, 0.22004105150699615, 0.9725047945976257),
            ["RightLowerArm"] = CFrame.new(-2.9802322387695312e-08, 5.960464477539062e-07, -0.000004254281520843506, 1, 1.1175872671742582e-08, 0.000019490724298520945, 0.000019008297385880724, -0.2260516881942749, -0.9741153717041016, 0.000004385133252071682, 0.9741153717041016, -0.2260517179965973),
            ["LeftHand"] = CFrame.new(-0.0000013741664588451385, -0.0000013709068298339844, 5.960464477539063e-08, 0.9121017456054688, -0.40405040979385376, -0.06937846541404724, 0.3270859122276306, 0.8192397356033325, -0.4710216820240021, 0.24715429544448853, 0.4069270193576813, 0.8793891072273254),
            ["RightUpperLeg"] = CFrame.new(2.9802322387695312e-08, -5.727633833885193e-08, 1.1006341082975268e-07, 0.9615645408630371, -0.23699088394641876, -0.13866868615150452, 0.24452002346515656, 0.9688273072242737, 0.03979550302028656, 0.12491481006145477, -0.07217341661453247, 0.9895389676094055),
