return {
    ["Criss Cross"] = {
        {Time = 0.000, Data = {
            ["LeftFoot"] = CFrame.new(2.9802322387695312e-08, 5.960464477539063e-08, -6.705522537231445e-08, 0.931377649307251, -0.3421209454536438, -0.12445496767759323, 0.31158632040023804, 0.9259201288223267, -0.21350902318954468, 0.18828122317790985, 0.1600789725780487, 0.9689814448356628),
            ["LeftLowerArm"] = CFrame.new(5.960464477539063e-08, 3.5762786865234375e-07, 1.7881393432617188e-07, 1, -1.6391277313232422e-07, 2.9802333756379085e-07, 4.6566128730773926e-08, -0.8660253882408142, -0.5000001192092896, 8.940696716308594e-08, 0.5000000596046448, -0.8660253882408142),
            ["LowerTorso"] = CFrame.new(-0.21513211727142334, -0.26836323738098145, 0.05029207840561867, 0.9617204070091248, -0.15785600244998932, 0.22399896383285522, 0.10705568641424179, 0.9688862562179565, 0.22315610945224762, -0.25225603580474854, -0.1906333714723587, 0.9486968517303467),
            ["Head"] = CFrame.new(0, 2.384185791015625e-07, -1.1920928955078125e-07, 0.9739871621131897, 0.20501923561096191, -0.09652025252580643, -0.22623175382614136, 0.9041574597358704, -0.36237916350364685, 0.012974711135029793, 0.37478864192962646, 0.9270195960998535),
            ["RightUpperArm"] = CFrame.new(0, 2.384185791015625e-07, -4.470348358154297e-08, 0.5161747932434082, -0.466225802898407, -0.7184686660766602, 0.7248214483261108, 0.6846833825111389, 0.0764368399977684, 0.4562867283821106, -0.5602162480354309, 0.6913467645645142),
            ["UpperTorso"] = CFrame.new(-2.7008354663848877e-08, -5.960464477539063e-08, 1.1175870895385742e-08, 0.9705249071121216, -0.10689839720726013, 0.21599578857421875, 0.0768861323595047, 0.9867488145828247, 0.14288277924060822, -0.22840750217437744, -0.12206428498029709, 0.9658832550048828),
            ["HumanoidRootPart"] = CFrame.new(0, 0, 0, 1, 0, 0, 0, 1, 0, 0, 0, 1),
            ["RightHand"] = CFrame.new(-6.705522537231445e-08, -1.1920928955078125e-07, 5.960464477539063e-08, 0.2674797475337982, 0.07508402317762375, 0.9606336951255798, 0.30023178458213806, 0.9408347606658936, -0.1571332961320877, -0.9155957102775574, 0.3304429054260254, 0.22911164164543152),
            ["LeftUpperArm"] = CFrame.new(5.960464477539063e-08, 2.384185791015625e-07, 4.0978193283081055e-08, 0.8260325789451599, 0.2712958753108978, 0.49403321743011475, -0.23239386081695557, 0.9624956846237183, -0.13998255133628845, -0.5134814381599426, 0.0008196931448765099, 0.8581002950668335),
            ["RightLowerArm"] = CFrame.new(-1.4901161193847656e-07, 1.1920928955078125e-07, 1.1175870895385742e-08, 1, -5.5879347371501353e-08, -2.6077035641947077e-08, 6.146728992462158e-08, 0.5800144076347351, -0.8146061301231384, 7.450580596923828e-09, 0.814606249332428, 0.5800145864486694),
            ["LeftHand"] = CFrame.new(-7.450580596923828e-08, 1.7881393432617188e-07, 0, 0.4919288754463196, 0.03109772503376007, -0.8700798749923706, 0.04204462841153145, 0.9973474740982056, 0.059417493641376495, 0.8696196675300598, -0.06581142544746399, 0.48931634426116943),
            ["RightUpperLeg"] = CFrame.new(0, -2.868473529815674e-07, -2.032174961641431e-08, 0.7845749258995056, -0.46363431215286255, -0.41168591380119324, 0.32345789670944214, 0.8725170493125916, -0.3661819100379944, 0.5289775133132935, 0.15413394570350647, 0.8345210552215576),
            ["LeftUpperLeg"] = CFrame.new(0, -2.868473529815674e-07, 4.470348358154297e-08, 0.8519542217254639, 0.4750472903251648, -0.22023673355579376, -0.4574037194252014, 0.47046440839767456, -0.7546159029006958, -0.25486472249031067, 0.7436352968215942, 0.6181024312973022),
            ["RightLowerLeg"] = CFrame.new(2.60770320892334e-08, -0.000060439109802246094, -0.00007206032023532316, 1, -5.96046660916727e-08, 1.4901164746561335e-08, 1.1734668703411444e-07, 0.7296103835105896, 0.683862566947937, -1.4901166522918174e-08, -0.6838629841804504, 0.7296109199523926),
            ["RightFoot"] = CFrame.new(-2.2351741790771484e-08, 2.980232238769531e-07, -6.908521754667163e-08, 0.8455979228019714, 0.4181062877178192, -0.33189159631729126, -0.4544103443622589, 0.8900440335273743, -0.036504585295915604, 0.2801349461078644, 0.1816834658384323, 0.9426109790802002),
            ["LeftLowerLeg"] = CFrame.new(2.1606683731079102e-07, 0.00006079673767089844, 0.00007205083966255188, 1, 7.450581307466564e-08, 2.980232594040899e-08, -8.940698847936801e-08, 0.4453924298286438, 0.8953355550765991, 8.195640788244418e-08, -0.8953354954719543, 0.44539231061935425),
        }},
        {Time = 0.033, Data = {
            ["LeftFoot"] = CFrame.new(-1.341104507446289e-07, 5.960464477539063e-08, 1.4901161193847656e-08, 0.8727171421051025, -0.450368732213974, -0.1885010451078415, 0.3675693869590759, 0.8602092266082764, -0.35345888137817383, 0.32133734226226807, 0.23918235301971436, 0.9162610769271851),
            ["LeftLowerArm"] = CFrame.new(2.980232238769531e-07, 5.960464477539062e-07, 5.960464477539063e-08, 1, -1.341104507446289e-07, 1.7881393432617188e-07, 5.774199252073231e-08, -0.8660255074501038, -0.5000001788139343, 2.3841855067985307e-07, 0.4999999403953552, -0.8660253286361694),
            ["LowerTorso"] = CFrame.new(-0.25298675894737244, -0.34375810623168945, 0.03744557872414589, 0.9516406059265137, -0.119883693754673, 0.28285691142082214, 0.06555920094251633, 0.9787567853927612, 0.19426091015338898, -0.3001367747783661, -0.16632264852523804, 0.9392842054367065),
            ["Head"] = CFrame.new(4.563480615615845e-08, 1.1920928955078125e-07, 0, 0.9559418559074402, 0.2025260031223297, -0.2125047743320465, -0.26602575182914734, 0.9037323594093323, -0.33540746569633484, 0.1241186261177063, 0.3771618902683258, 0.917792797088623),
            ["RightUpperArm"] = CFrame.new(0, 2.384185791015625e-07, 1.0058283805847168e-07, 0.5410470366477966, -0.4865301549434662, -0.6859712600708008, 0.7870129942893982, 0.5804327130317688, 0.20906560122966766, 0.29644352197647095, -0.6529826521873474, 0.696946918964386),
            ["UpperTorso"] = CFrame.new(1.4901161193847656e-08, 1.4901161193847656e-07, -3.725290298461914e-09, 0.9618217945098877, -0.1467786282300949, 0.23098672926425934, 0.10816338658332825, 0.9791725873947144, 0.17181888222694397, -0.25139522552490234, -0.14027483761310577, 0.9576656222343445),
            ["HumanoidRootPart"] = CFrame.new(0, 0, 0, 1, 0, 0, 0, 1, 0, 0, 0, 1),
            ["RightHand"] = CFrame.new(-1.7881393432617188e-07, -1.1920928955078125e-07, -5.960464477539063e-08, 0.14158709347248077, 0.08488890528678894, 0.9862794280052185, 0.17336004972457886, 0.9787933826446533, -0.10913169384002686, -0.9746277928352356, 0.18643324077129364, 0.12386805564165115),
            ["LeftUpperArm"] = CFrame.new(-1.1920928955078125e-07, 1.1920928955078125e-07, -8.940696716308594e-08, 0.8659511804580688, 0.2873092591762543, 0.4093681573867798, -0.2528473734855652, 0.9577142596244812, -0.13730059564113617, -0.4315052926540375, 0.015387803316116333, 0.9019790887832642),
            ["RightLowerArm"] = CFrame.new(-4.76837158203125e-07, 1.1920928955078125e-07, -2.9802322387695312e-08, 1, -7.450581307466564e-08, 0, 1.1175872316471214e-07, 0.7521853446960449, -0.6589515209197998, 7.450581307466564e-08, 0.6589516401290894, 0.7521854639053345),
            ["LeftHand"] = CFrame.new(-2.086162567138672e-07, -2.980232238769531e-07, -1.4901161193847656e-08, 0.5252672433853149, 0.060064174234867096, -0.8488149046897888, -0.018351703882217407, 0.9980733394622803, 0.05926942825317383, 0.8507394194602966, -0.01555521972477436, 0.5253574252128601),
            ["RightUpperLeg"] = CFrame.new(0, -3.91155481338501e-08, -2.4047039914876223e-08, 0.7225347757339478, -0.49941158294677734, -0.4780501127243042, 0.4676966667175293, 0.8623393177986145, -0.1939864456653595, 0.5091202855110168, -0.08342045545578003, 0.8566431403160095),
            ["LeftUpperLeg"] = CFrame.new(5.960464477539063e-08, 2.2724270820617676e-07, -2.9802322387695312e-08, 0.8717905282974243, 0.45645684003829956, -0.17784452438354492, -0.4339204430580139, 0.5510279536247253, -0.7127982378005981, -0.22736415266990662, 0.6985809803009033, 0.6784467101097107),
            ["RightLowerLeg"] = CFrame.new(-1.30385160446167e-07, -0.000060439109802246094, -0.00007206777081592008, 1, -3.7252920748187535e-08, -2.9802318834981634e-08, 4.470348358154297e-08, 0.902213990688324, 0.43128812313079834, -4.842877388000488e-08, -0.43128883838653564, 0.9022142291069031),
            ["RightFoot"] = CFrame.new(-1.1920928955078125e-07, 2.980232238769531e-07, -6.535992724820971e-08, 0.8570370674133301, 0.4989854395389557, -0.12845513224601746, -0.5110549926757812, 0.8549773097038269, -0.08852683007717133, 0.06565266847610474, 0.14151868224143982, 0.9877562522888184),
            ["LeftLowerLeg"] = CFrame.new(1.6391277313232422e-07, 0.0000603795051574707, 0.00007210671901702881, 1, 8.940696716308594e-08, 1.4901164746561335e-08, -4.470347647611561e-08, 0.5458672642707825, 0.8378717303276062, -4.470347647611561e-08, -0.8378716707229614, 0.5458672642707825),
        }},
        {Time = 0.067, Data = {
            ["LeftFoot"] = CFrame.new(-1.1175870895385742e-07, 5.960464477539063e-08, -2.9802322387695312e-08, 0.889816403388977, -0.3998376727104187, -0.21990127861499786, 0.2737188935279846, 0.8532631397247314, -0.44386976957321167, 0.36510947346687317, 0.3347713351249695, 0.8686904907226562),
            ["LeftLowerArm"] = CFrame.new(1.7881393432617188e-07, 5.364418029785156e-07, 8.940696716308594e-08, 1, -4.470347647611561e-08, 2.0861631355728605e-07, -9.313226634333205e-09, -0.8660255074501038, -0.5000001788139343, 1.9371512394172896e-07, 0.4999999403953552, -0.8660253286361694),
            ["LowerTorso"] = CFrame.new(-0.29540565609931946, -0.4062361717224121, 0.017330575734376907, 0.9444025158882141, -0.08470621705055237, 0.3176928162574768, 0.044767826795578, 0.9903734922409058, 0.13098129630088806, -0.32572951912879944, -0.10947659611701965, 0.939103364944458),
            ["Head"] = CFrame.new(1.1548399925231934e-07, 1.1920928955078125e-07, -2.9802322387695312e-08, 0.9247131943702698, 0.24831494688987732, -0.2885221540927887, -0.3389487862586975, 0.8820856213569641, -0.3271678686141968, 0.17326049506664276, 0.4003308415412903, 0.8998422622680664),
            ["RightUpperArm"] = CFrame.new(1.1920928955078125e-07, 1.1920928955078125e-07, -5.587935447692871e-09, 0.6516731977462769, -0.4661582410335541, -0.5983465313911438, 0.7418802380561829, 0.5559598207473755, 0.3748631775379181, 0.15791107714176178, -0.6881898641586304, 0.7081376910209656),
            ["UpperTorso"] = CFrame.new(2.514570951461792e-08, -2.9802322387695312e-08, 2.0489096641540527e-08, 0.9535540342330933, -0.20222492516040802, 0.22324831783771515, 0.14520534873008728, 0.9579401612281799, 0.24751998484134674, -0.26391321420669556, -0.20360678434371948, 0.9428118467330933),
            ["HumanoidRootPart"] = CFrame.new(0, 0, 0, 1, 0, 0, 0, 1, 0, 0, 0, 1),
            ["RightHand"] = CFrame.new(4.172325134277344e-07, 1.7881393432617188e-07, 5.960464477539063e-08, 0.08009730279445648, 0.11186712980270386, 0.9904899001121521, 0.023995675146579742, 0.9931781888008118, -0.11411095410585403, -0.9964982271194458, 0.03290770202875137, 0.0768665224313736),
            ["LeftUpperArm"] = CFrame.new(0, 0, -5.960464477539063e-08, 0.8726900815963745, 0.333326131105423, 0.35679951310157776, -0.2916666865348816, 0.9419072270393372, -0.16655698418617249, -0.39158979058265686, 0.041285980492830276, 0.9192132353782654),
            ["RightLowerArm"] = CFrame.new(-2.9802322387695312e-08, 1.1920928955078125e-07, 1.4901161193847656e-08, 1, -1.1548398504146462e-07, 7.450581307466564e-08, 1.043081283569336e-07, 0.8657768368721008, -0.5004301071166992, -8.195638656616211e-08, 0.5004302859306335, 0.8657770752906799),
            ["LeftHand"] = CFrame.new(3.2782554626464844e-07, 2.384185791015625e-07, 7.450580596923828e-09, 0.5371502637863159, 0.10628984868526459, -0.8367630243301392, -0.09029446542263031, 0.9935742020606995, 0.06824515014886856, 0.8386397957801819, 0.0388968400657177, 0.5432958006858826),
            ["RightUpperLeg"] = CFrame.new(0, -2.2817403078079224e-07, 1.6931153368204832e-08, 0.6752318143844604, -0.4677584767341614, -0.5703191757202148, 0.5967695713043213, 0.800872266292572, 0.049696747213602066, 0.43350672721862793, -0.37390586733818054, 0.8199185132980347),
            ["LeftUpperLeg"] = CFrame.new(-1.1920928955078125e-07, -2.3655593395233154e-07, -1.4901161193847656e-08, 0.8869783878326416, 0.4367636442184448, -0.1500232219696045, -0.3986418843269348, 0.5601243376731873, -0.72618567943573, -0.2331397533416748, 0.7039163708686829, 0.6709303855895996),
            ["RightLowerLeg"] = CFrame.new(-1.424923539161682e-07, -0.00006031990051269531, -0.00007203983113868162, 1, -5.5879368687783426e-08, -2.2351734685344127e-08, -1.4901159417490817e-08, 0.9999833703041077, 0.00577426515519619, 4.470347647611561e-08, -0.005774573888629675, 0.9999833703041077),
            ["RightFoot"] = CFrame.new(-2.60770320892334e-08, 1.1920928955078125e-07, -1.3205863069742918e-08, 0.8732902407646179, 0.48551246523857117, -0.040521204471588135, -0.48649877309799194, 0.8734733462333679, -0.019061312079429626, 0.026139579713344574, 0.036359671503305435, 0.9989968538284302),
            ["LeftLowerLeg"] = CFrame.new(1.1920928955078125e-07, 0.00006079673767089844, 0.00007207691669464111, 1, 0, 2.980232594040899e-08, -8.940696716308594e-08, 0.4290377199649811, 0.9032866954803467, 1.1175870895385742e-07, -0.9032866954803467, 0.4290376603603363),
        }},
        {Time = 0.100, Data = {
            ["LeftFoot"] = CFrame.new(-8.940696716308594e-08, 0, -1.1920928955078125e-07, 0.900355875492096, -0.36287081241607666, -0.2401750236749649, 0.22184856235980988, 0.8575854301452637, -0.4640374481678009, 0.37435629963874817, 0.3645162582397461, 0.8526342511177063),
            ["LeftLowerArm"] = CFrame.new(1.1920928955078125e-07, 0, 1.4901161193847656e-07, 1, -7.450580596923828e-08, 3.2782554626464844e-07, 5.02914261346632e-08, -0.8660253882408142, -0.5000001192092896, 9.685756197086448e-08, 0.4999999701976776, -0.8660253882408142),
            ["LowerTorso"] = CFrame.new(-0.3256310224533081, -0.4290947914123535, 0.00411634985357523, 0.9347015619277954, -0.06337296217679977, 0.3497385084629059, 0.03767931088805199, 0.9960991144180298, 0.07979307323694229, -0.35343095660209656, -0.061404746025800705, 0.9334431886672974),
            ["Head"] = CFrame.new(1.1175870895385742e-07, 0, 0, 0.8893578052520752, 0.28610125184059143, -0.35663533210754395, -0.39731118083000183, 0.8695887923240662, -0.29318806529045105, 0.22624436020851135, 0.40244436264038086, 0.8870468139648438),
            ["RightUpperArm"] = CFrame.new(1.1920928955078125e-07, -1.1920928955078125e-07, -8.381903171539307e-08, 0.7636911273002625, -0.41897159814834595, -0.4911607503890991, 0.6438779234886169, 0.5495544075965881, 0.5323637127876282, 0.04687422513961792, -0.7228089570999146, 0.6894563436508179),
            ["UpperTorso"] = CFrame.new(1.0244548320770264e-08, 0, 9.313225746154785e-09, 0.9461162090301514, -0.23032699525356293, 0.22762633860111237, 0.16223189234733582, 0.9454815983772278, 0.28239238262176514, -0.28025907278060913, -0.23024776577949524, 0.9319018125534058),
            ["HumanoidRootPart"] = CFrame.new(0, 0, 0, 1, 0, 0, 0, 1, 0, 0, 0, 1),
            ["RightHand"] = CFrame.new(3.2782554626464844e-07, 5.960464477539063e-08, 8.940696716308594e-08, 0.1295415163040161, 0.1652994304895401, 0.9776989817619324, -0.15946927666664124, 0.976645290851593, -0.14399218559265137, -0.9786667227745056, -0.13725975155830383, 0.15287597477436066),
            ["LeftUpperArm"] = CFrame.new(5.960464477539063e-08, 0, 1.1920928955078125e-07, 0.8806694746017456, 0.3723941743373871, 0.2928207516670227, -0.3374772369861603, 0.9269585013389587, -0.16388089954853058, -0.3324609398841858, 0.04550446197390556, 0.9420185685157776),
            ["RightLowerArm"] = CFrame.new(-1.7881393432617188e-07, 1.1920928955078125e-07, 3.129243850708008e-07, 1, 5.960465188081798e-08, 6.705522537231445e-08, 5.960464477539063e-08, 0.9286795854568481, -0.3708832263946533, 1.043081283569336e-07, 0.3708832263946533, 0.9286795854568481),
            ["LeftHand"] = CFrame.new(2.384185791015625e-07, -5.960464477539063e-08, -8.940696716308594e-08, 0.5392316579818726, 0.15775777399539948, -0.8272496461868286, -0.15449446439743042, 0.984157919883728, 0.0869751051068306, 0.8278651833534241, 0.08090565353631973, 0.5550616383552551),
            ["RightUpperLeg"] = CFrame.new(0, -2.3748725652694702e-07, -2.4047039914876223e-08, 0.64207923412323, -0.4981079697608948, -0.5827714204788208, 0.6616858243942261, 0.7439746856689453, 0.09313249588012695, 0.3871771991252899, -0.4454100728034973, 0.8072817325592041),
            ["LeftUpperLeg"] = CFrame.new(5.960464477539063e-08, 2.421438694000244e-08, 3.3527612686157227e-08, 0.8971303105354309, 0.41855376958847046, -0.14131595194339752, -0.3810092508792877, 0.5711902976036072, -0.7270308136940002, -0.22358302772045135, 0.7060838341712952, 0.6719047427177429),
            ["RightLowerLeg"] = CFrame.new(9.872019290924072e-08, -0.00006014108657836914, -0.00007203331188065931, 1, 1.396984146140312e-07, 5.960464477539063e-08, 9.313225746154785e-09, 0.9999833703041077, 0.0057768747210502625, -2.2351741790771484e-08, -0.0057768612168729305, 0.9999833106994629),
            ["RightFoot"] = CFrame.new(3.166496753692627e-08, 4.76837158203125e-07, 2.3115717340260744e-08, 0.9082337021827698, 0.41606605052948, 0.04473044350743294, -0.41264697909355164, 0.9082384705543518, -0.0694638192653656, -0.06952756643295288, 0.04463145509362221, 0.9965811371803284),
            ["LeftLowerLeg"] = CFrame.new(-9.685754776000977e-08, 0.00006103515625, 0.00007197260856628418, 1, 5.5879368687783426e-08, 4.4703497792397684e-08, -1.3411047916633834e-07, 0.3565390110015869, 0.934280514717102, 1.0430815677864302e-07, -0.934280514717102, 0.35653889179229736),
        }},
        {Time = 0.133, Data = {
            ["LeftFoot"] = CFrame.new(3.725290298461914e-08, -5.960464477539063e-08, 0, 0.9071787595748901, -0.3761785626411438, -0.18845713138580322, 0.2604389786720276, 0.8538475036621094, -0.4506842792034149, 0.3304515480995178, 0.3597697615623474, 0.872563898563385),
            ["LeftLowerArm"] = CFrame.new(5.960464477539063e-08, 2.384185791015625e-07, 2.980232238769531e-07, 1, -8.940696716308594e-08, 2.235174747511337e-07, 7.310882210731506e-08, -0.8660253882408142, -0.5, 9.685754776000977e-08, 0.5000000596046448, -0.8660253882408142),
            ["LowerTorso"] = CFrame.new(-0.30835798382759094, -0.4206399917602539, 0.020149098709225655, 0.9248188138008118, -0.11156047135591507, 0.36368194222450256, 0.07161151617765427, 0.989995002746582, 0.12158016860485077, -0.3736068308353424, -0.0863957554101944, 0.9235550165176392),
            ["Head"] = CFrame.new(-8.940696716308594e-08, 2.384185791015625e-07, 2.9802322387695312e-08, 0.8679773807525635, 0.3022693395614624, -0.39401566982269287, -0.4248199164867401, 0.8628476858139038, -0.27390146255493164, 0.2571834325790405, 0.40512603521347046, 0.8773423433303833),
            ["RightUpperArm"] = CFrame.new(0, 1.1920928955078125e-07, 1.0058283805847168e-07, 0.839644193649292, -0.3724953234195709, -0.3952783942222595, 0.5431343913078308, 0.5780987739562988, 0.6089391708374023, 0.0016831012908369303, -0.7259814739227295, 0.6877121925354004),
            ["UpperTorso"] = CFrame.new(-2.1886080503463745e-08, 2.9802322387695312e-08, -1.5832483768463135e-08, 0.949779212474823, -0.1973542869091034, 0.24283896386623383, 0.13598290085792542, 0.9592405557632446, 0.24772244691848755, -0.2818301022052765, -0.20225965976715088, 0.9379035234451294),
            ["HumanoidRootPart"] = CFrame.new(0, 0, 0, 1, 0, 0, 0, 1, 0, 0, 0, 1),
            ["RightHand"] = CFrame.new(-2.384185791015625e-07, 0, 2.8312206268310547e-07, 0.25426608324050903, 0.23358140885829926, 0.9385033845901489, -0.2980164885520935, 0.9420995712280273, -0.1537354290485382, -0.9200733304023743, -0.2405998408794403, 0.30915480852127075),
            ["LeftUpperArm"] = CFrame.new(0, 4.76837158203125e-07, 2.086162567138672e-07, 0.8960350155830383, 0.3790087401866913, 0.23124386370182037, -0.34429076313972473, 0.9220088720321655, -0.17709733545780182, -0.28033021092414856, 0.0790703296661377, 0.9566414952278137),
            ["RightLowerArm"] = CFrame.new(8.344650268554688e-07, 5.960464477539063e-08, 8.195638656616211e-08, 1, -4.470347647611561e-08, 1.30385160446167e-08, 2.2351741790771484e-08, 0.9692233204841614, -0.2461833655834198, -7.450580596923828e-09, 0.24618345499038696, 0.9692233204841614),
            ["LeftHand"] = CFrame.new(-2.682209014892578e-07, -1.1920928955078125e-07, -1.341104507446289e-07, 0.5332960486412048, 0.2110966593027115, -0.819166362285614, -0.17570723593235016, 0.9748861789703369, 0.13683538138866425, 0.8274796009063721, 0.07095988094806671, 0.5569941401481628),
            ["RightUpperLeg"] = CFrame.new(5.960464477539063e-08, -9.778887033462524e-08, 1.3205863069742918e-08, 0.6549874544143677, -0.5369231700897217, -0.5317001342773438, 0.6069203615188599, 0.7929851412773132, -0.05312579870223999, 0.45015472173690796, -0.28790295124053955, 0.8452649116516113),
            ["LeftUpperLeg"] = CFrame.new(0, 1.1362135410308838e-07, -2.2351741790771484e-08, 0.8889487981796265, 0.39537331461906433, -0.23119279742240906, -0.4241006672382355, 0.5199710130691528, -0.7414640784263611, -0.1729414016008377, 0.7571724653244019, 0.6299055218696594),
            ["RightLowerLeg"] = CFrame.new(1.3597309589385986e-07, -0.000060558319091796875, -0.00007208825991256163, 1, -2.980232949312267e-08, -9.685753354915505e-08, 9.499490261077881e-08, 0.9585915207862854, 0.28478455543518066, -4.0978193283081055e-08, -0.2847847640514374, 0.9585915207862854),
            ["RightFoot"] = CFrame.new(-1.2293457984924316e-07, 3.5762786865234375e-07, 2.4047039914876223e-08, 0.916780412197113, 0.39559540152549744, 0.054937683045864105, -0.3855706453323364, 0.9125147461891174, -0.1365731954574585, -0.10415910929441452, 0.1040254458785057, 0.9891055226325989),
            ["LeftLowerLeg"] = CFrame.new(2.2351741790771484e-08, 0.000060617923736572266, 0.00007210671901702881, 1, 2.980232949312267e-08, 4.4703494239684005e-08, -1.0430814256778831e-07, 0.35642459988594055, 0.9343240857124329, 6.705523247774181e-08, -0.9343241453170776, 0.35642483830451965),
        }},
        {Time = 0.167, Data = {
            ["LeftFoot"] = CFrame.new(-3.725290298461914e-08, -5.960464477539063e-08, -2.9802322387695312e-08, 0.913428008556366, -0.3943908214569092, -0.10052463412284851, 0.3269718587398529, 0.8581627011299133, -0.39578598737716675, 0.2423606663942337, 0.32865312695503235, 0.9128243923187256),
            ["LeftLowerArm"] = CFrame.new(1.1920928955078125e-07, -1.1920928955078125e-07, -2.9802322387695312e-08, 1, -8.940698137394065e-08, 1.6391277313232422e-07, 5.075708031654358e-08, -0.866025447845459, -0.5, 1.6763806343078613e-07, 0.5000001192092896, -0.866025447845459),
            ["LowerTorso"] = CFrame.new(-0.2722684442996979, -0.36997509002685547, 0.047808438539505005, 0.9157677888870239, -0.1774146556854248, 0.360407292842865, 0.11364595592021942, 0.974956214427948, 0.19116729497909546, -0.38529711961746216, -0.13410592079162598, 0.9129960536956787),
            ["Head"] = CFrame.new(-3.725290298461914e-09, -2.384185791015625e-07, -4.470348358154297e-08, 0.8615477681159973, 0.31330469250679016, -0.3994690477848053, -0.42197462916374207, 0.8794214725494385, -0.22035318613052368, 0.28226393461227417, 0.35841068625450134, 0.889870285987854),
            ["RightUpperArm"] = CFrame.new(0, 1.1920928955078125e-07, 5.960464477539063e-08, 0.8895260691642761, -0.32710376381874084, -0.3189775049686432, 0.45644426345825195, 0.6055880188941956, 0.6518602967262268, -0.020056983456015587, -0.7254422903060913, 0.6879909038543701),
            ["UpperTorso"] = CFrame.new(1.6298145055770874e-08, 1.1920928955078125e-07, 4.7497451305389404e-08, 0.9563518166542053, -0.13902217149734497, 0.25702935457229614, 0.1004335954785347, 0.9823737144470215, 0.15765532851219177, -0.2744164764881134, -0.12495958805084229, 0.9534573554992676),
            ["HumanoidRootPart"] = CFrame.new(0, 0, 0, 1, 0, 0, 0, 1, 0, 0, 0, 1),
            ["RightHand"] = CFrame.new(1.7881393432617188e-07, -1.1920928955078125e-07, -4.731118679046631e-07, 0.392813503742218, 0.3032894730567932, 0.8681665658950806, -0.39635351300239563, 0.9077028632164001, -0.13776564598083496, -0.8298201560974121, -0.2899845540523529, 0.4767678380012512),
            ["LeftUpperArm"] = CFrame.new(0, -2.384185791015625e-07, 0, 0.9102125763893127, 0.37180987000465393, 0.182402566075325, -0.34424710273742676, 0.9241107702255249, -0.16587048768997192, -0.23023249208927155, 0.08818574249744415, 0.9691317677497864),
            ["RightLowerArm"] = CFrame.new(0, 0, -2.0116567611694336e-07, 1, -4.470348358154297e-08, 4.377216455964117e-08, -8.940696716308594e-08, 0.9915231466293335, -0.12993045151233673, 1.4901161193847656e-08, 0.1299304962158203, 0.9915230870246887),
            ["LeftHand"] = CFrame.new(1.7881393432617188e-07, 1.1920928955078125e-07, 0, 0.5199167132377625, 0.25875020027160645, -0.8140856623649597, -0.1766095906496048, 0.9649888277053833, 0.19392146170139313, 0.8357605934143066, 0.0429525189101696, 0.5474112629890442),
            ["RightUpperLeg"] = CFrame.new(0, 2.2351741790771484e-07, 8.77116690389812e-08, 0.6702075600624084, -0.5096219182014465, -0.539543628692627, 0.49105027318000793, 0.8495942950248718, -0.1925075203180313, 0.5564993023872375, -0.13592328131198883, 0.8196544647216797),
            ["LeftUpperLeg"] = CFrame.new(0, -2.60770320892334e-08, 5.960464477539063e-08, 0.8670904040336609, 0.37549346685409546, -0.32735124230384827, -0.4848807156085968, 0.4855136275291443, -0.7274389266967773, -0.11421505361795425, 0.7894816398620605, 0.603053629398346),
            ["RightLowerLeg"] = CFrame.new(3.91155481338501e-08, -0.000060677528381347656, -0.00007206777081592008, 1, -2.2351741790771484e-08, 4.4703494239684005e-08, 1.685693860054016e-07, 0.9055167436599731, 0.4243103861808777, -2.60770320892334e-08, -0.42431050539016724, 0.9055169224739075),
            ["RightFoot"] = CFrame.new(-3.3527612686157227e-08, 2.980232238769531e-07, -4.300818545743823e-08, 0.9345070719718933, 0.3498395085334778, 0.0656440481543541, -0.3412037193775177, 0.9329637885093689, -0.1147104799747467, -0.10137385129928589, 0.08479968458414078, 0.9912278056144714),
            ["LeftLowerLeg"] = CFrame.new(-3.725290298461914e-08, 0.000060677528381347656, 0.0000719800591468811, 1, 1.341104507446289e-07, 2.980232594040899e-08, -7.450580596923828e-08, 0.4391516447067261, 0.8984130620956421, 3.725290298461914e-09, -0.8984129428863525, 0.4391515552997589),
        }},
        {Time = 0.200, Data = {
            ["LeftFoot"] = CFrame.new(-1.2665987014770508e-07, 0, 5.960464477539063e-08, 0.9194996356964111, -0.39103707671165466, -0.040132392197847366, 0.3742630183696747, 0.902101457118988, -0.21480222046375275, 0.12019910663366318, 0.1824907809495926, 0.9758327007293701),
            ["LeftLowerArm"] = CFrame.new(1.7881393432617188e-07, -2.384185791015625e-07, 1.341104507446289e-07, 1, -4.4703494239684005e-08, 1.7881390590446244e-07, 6.33299421792799e-08, -0.866025447845459, -0.5000001192092896, 2.2351744632942427e-07, 0.5000000596046448, -0.8660253286361694),
            ["LowerTorso"] = CFrame.new(-0.2358674257993698, -0.24838757514953613, 0.06260174512863159, 0.9139673709869385, -0.21581017971038818, 0.34364190697669983, 0.14356815814971924, 0.9640514254570007, 0.2235914021730423, -0.3795417249202728, -0.155019149184227, 0.9120950102806091),
            ["Head"] = CFrame.new(-1.1920928955078125e-07, 1.1920928955078125e-07, -1.4901161193847656e-08, 0.8711190819740295, 0.3080759346485138, -0.3824141025543213, -0.3870570957660675, 0.910004734992981, -0.14858759939670563, 0.30222246050834656, 0.27745363116264343, 0.9119656085968018),
            ["RightUpperArm"] = CFrame.new(0, 2.384185791015625e-07, 4.284083843231201e-08, 0.918175220489502, -0.2853488326072693, -0.2748279273509979, 0.3955753743648529, 0.622186541557312, 0.6755768656730652, -0.02178071439266205, -0.7290129661560059, 0.6841531991958618),
            ["UpperTorso"] = CFrame.new(-2.6135239750146866e-08, -1.7881393432617188e-07, -3.812601789832115e-08, 0.9613475799560547, -0.08064288645982742, 0.2632633447647095, 0.06341052055358887, 0.9952902793884277, 0.07332471758127213, -0.2679366171360016, -0.05379690229892731, 0.961933434009552),
            ["HumanoidRootPart"] = CFrame.new(0, 0, 0, 1, 0, 0, 0, 1, 0, 0, 0, 1),
            ["RightHand"] = CFrame.new(-1.4901161193847656e-07, 2.384185791015625e-07, 2.1327286958694458e-07, 0.5382286310195923, 0.37446409463882446, 0.7550409436225891, -0.46807682514190674, 0.8778175711631775, -0.10168810188770294, -0.70086669921875, -0.29868561029434204, 0.647744357585907),
            ["LeftUpperArm"] = CFrame.new(-2.384185791015625e-07, -1.1920928955078125e-07, -8.940696716308594e-08, 0.9196138381958008, 0.35983729362487793, 0.15756839513778687, -0.34186720848083496, 0.93068927526474, -0.13017010688781738, -0.19348709285259247, 0.06583867222070694, 0.9788912534713745),
            ["RightLowerArm"] = CFrame.new(0, 3.5762786865234375e-07, -3.725290298461914e-08, 1, -2.9802318834981634e-08, -5.2619725465774536e-08, 8.940695295223122e-08, 0.9990947842597961, -0.04254099354147911, -3.166496398421259e-08, 0.042540982365608215, 0.9990947246551514),
            ["LeftHand"] = CFrame.new(-8.940696716308594e-08, -1.1920928955078125e-07, 1.6391277313232422e-07, 0.5008156299591064, 0.29472437500953674, -0.8138314485549927, -0.16266891360282898, 0.9555379152297974, 0.2459394484758377, 0.8501309752464294, 0.009214685298502445, 0.5264904499053955),
            ["RightUpperLeg"] = CFrame.new(5.960464477539063e-08, -4.917383193969727e-07, -2.4047039914876223e-08, 0.6468847393989563, -0.40972861647605896, -0.6431663036346436, 0.3682766854763031, 0.9063788056373596, -0.2070019692182541, 0.667766809463501, -0.10295690596103668, 0.7372159957885742),
            ["LeftUpperLeg"] = CFrame.new(2.9802322387695312e-08, -2.5704503059387207e-07, -2.9802322387695312e-08, 0.8399707674980164, 0.37496933341026306, -0.3922339379787445, -0.5401472449302673, 0.5086869597434998, -0.6704315543174744, -0.0518668070435524, 0.775006890296936, 0.6298207640647888),
            ["RightLowerLeg"] = CFrame.new(7.450580596923828e-09, -0.000060498714447021484, -0.0000720565949450247, 1, -1.1175875158642157e-07, -1.4901159417490817e-08, -4.6566135836201283e-08, 0.9524554014205933, 0.30467742681503296, -7.450581485102248e-09, -0.30467817187309265, 0.9524556398391724),
            ["RightFoot"] = CFrame.new(9.685754776000977e-08, 2.384185791015625e-07, -9.480572771281004e-09, 0.941579282283783, 0.3140026926994324, 0.12178270518779755, -0.32397013902664185, 0.9432690143585205, 0.07271083444356918, -0.09204242378473282, -0.10791639983654022, 0.989889919757843),
            ["LeftLowerLeg"] = CFrame.new(2.60770320892334e-08, 0.000060439109802246094, 0.00007208110764622688, 1, 7.4505820180093e-08, 4.4703490686970326e-08, -5.960465188081798e-08, 0.5494634509086609, 0.8355177640914917, 3.678724525002508e-08, -0.8355178236961365, 0.5494635105133057),
        }},
        {Time = 0.233, Data = {
            ["LeftFoot"] = CFrame.new(-1.341104507446289e-07, -5.960464477539063e-08, -2.9802322387695312e-08, 0.9553871154785156, -0.29515111446380615, -0.011011452414095402, 0.29520928859710693, 0.9554242491722107, 0.004028812516480684, 0.009331434033811092, -0.007099757436662912, 0.9999313354492188),
            ["LeftLowerArm"] = CFrame.new(1.1920928955078125e-07, 1.7881393432617188e-07, -1.9744038581848145e-07, 1, -1.0430814256778831e-07, 2.2351741790771484e-07, 5.587935447692871e-08, -0.866025447845459, -0.5000000596046448, 2.2724270820617676e-07, 0.49999991059303284, -0.866025447845459),
            ["LowerTorso"] = CFrame.new(-0.19741977751255035, -0.11120748519897461, 0.0654330924153328, 0.9224914312362671, -0.22626207768917084, 0.31275421380996704, 0.15659396350383759, 0.959895133972168, 0.23255053162574768, -0.35282862186431885, -0.16555041074752808, 0.9209261536598206),
            ["Head"] = CFrame.new(5.960464477539063e-08, 0, -2.9802322387695312e-08, 0.8957650065422058, 0.27631059288978577, -0.3482204079627991, -0.3222191035747528, 0.9432430863380432, -0.08042135834693909, 0.306235134601593, 0.1842418909072876, 0.9339566826820374),
            ["RightUpperArm"] = CFrame.new(0, -1.1920928955078125e-07, -7.450580596923828e-08, 0.9327676892280579, -0.2537001967430115, -0.25608766078948975, 0.3602343499660492, 0.6298877000808716, 0.6880935430526733, -0.01326301135122776, -0.7340829372406006, 0.678930401802063),
            ["UpperTorso"] = CFrame.new(-3.6030542105436325e-08, -5.960464477539063e-08, 1.8277205526828766e-08, 0.9645607471466064, -0.02734978497028351, 0.26243963837623596, 0.027566011995077133, 0.9996159672737122, 0.002859123283997178, -0.2624169886112213, 0.004476659465581179, 0.9649441838264465),
            ["HumanoidRootPart"] = CFrame.new(0, 0, 0, 1, 0, 0, 0, 1, 0, 0, 0, 1),
            ["RightHand"] = CFrame.new(0, -5.960464477539063e-08, -3.119930624961853e-07, 0.6509039402008057, 0.4334723651409149, 0.623238205909729, -0.5132275223731995, 0.8561890125274658, -0.05948376655578613, -0.5593939423561096, -0.28114429116249084, 0.7797664999961853),
            ["LeftUpperArm"] = CFrame.new(-1.1920928955078125e-07, -2.384185791015625e-07, -2.9802322387695312e-08, 0.9259546399116516, 0.34066396951675415, 0.16296124458312988, -0.3298708498477936, 0.9397169351577759, -0.09009573608636856, -0.18382976949214935, 0.02966827154159546, 0.9825102686882019),
            ["RightLowerArm"] = CFrame.new(-2.682209014892578e-07, 0, -1.73225998878479e-07, 1, 1.4901164746561335e-08, -4.7963112592697144e-08, 8.940698137394065e-08, 0.9999983310699463, -0.0018549957312643528, -1.1269004573932762e-07, 0.0018548592925071716, 0.9999983310699463),
            ["LeftHand"] = CFrame.new(8.940696716308594e-08, 1.7881393432617188e-07, -2.384185791015625e-07, 0.477692186832428, 0.31335580348968506, -0.8207427859306335, -0.1407018005847931, 0.9494543671607971, 0.2806054949760437, 0.867186963558197, -0.01856314018368721, 0.49763625860214233),
            ["RightUpperLeg"] = CFrame.new(0, 4.0978193283081055e-08, 2.0656443666666746e-08, 0.5832014083862305, -0.3468853235244751, -0.7345384955406189, 0.24494661390781403, 0.9372463822364807, -0.24813398718833923, 0.7745174765586853, -0.035210587084293365, 0.6315716505050659),
            ["LeftUpperLeg"] = CFrame.new(-5.960464477539063e-08, -4.842877388000488e-08, -5.960464477539063e-08, 0.8268623948097229, 0.392771452665329, -0.4025282859802246, -0.5616468787193298, 0.5395547747612, -0.6272429823875427, -0.029177065938711166, 0.7447222471237183, 0.6667362451553345),
            ["RightLowerLeg"] = CFrame.new(-7.450580596923828e-09, -0.00006031990051269531, -0.00007206032023532316, 1, 0, -7.450578820566989e-09, 1.1920928955078125e-07, 0.9660443067550659, 0.25837624073028564, 2.2351741790771484e-08, -0.2583766579627991, 0.9660444259643555),
            ["RightFoot"] = CFrame.new(2.9802322387695312e-08, 3.5762786865234375e-07, -2.9038346838206053e-08, 0.9358873963356018, 0.29249411821365356, 0.19637276232242584, -0.3324081301689148, 0.9177886843681335, 0.21718375384807587, -0.11670359969139099, -0.2685352563858032, 0.9561741352081299),
            ["LeftLowerLeg"] = CFrame.new(1.862645149230957e-09, 0.00006073713302612305, 0.00007202662527561188, 1, 8.940698137394065e-08, 1.043081283569336e-07, -5.21540641784668e-08, 0.5676246285438538, 0.8232874870300293, 4.6566128730773926e-08, -0.8232876062393188, 0.5676246285438538),
        }},
        {Time = 0.267, Data = {
            ["LeftFoot"] = CFrame.new(8.940696716308594e-08, -1.1920928955078125e-07, -7.450580596923828e-08, 0.9640661478042603, -0.2488129436969757, -0.09310593456029892, 0.24805092811584473, 0.968543529510498, -0.01985309086740017, 0.09511689841747284, -0.003955164924263954, 0.9954583644866943),
            ["LeftLowerArm"] = CFrame.new(0, 7.152557373046875e-07, -1.4156103134155273e-07, 1, -8.940699558479537e-08, 7.450581307466564e-08, 2.980232949312267e-08, -0.8590566515922546, -0.5118805766105652, 2.8684740982498624e-07, 0.51188063621521, -0.8590567111968994),
            ["LowerTorso"] = CFrame.new(-0.162334606051445, -0.020982980728149414, 0.05496544763445854, 0.9410446286201477, -0.1969054788351059, 0.27506983280181885, 0.1428011655807495, 0.9683623313903809, 0.2046515792608261, -0.30666425824165344, -0.15330593287944794, 0.9393904805183411),
            ["Head"] = CFrame.new(2.3283064365386963e-08, -3.5762786865234375e-07, 1.4901161193847656e-07, 0.9261863827705383, 0.22579236328601837, -0.3019879162311554, -0.24328017234802246, 0.9697270393371582, -0.02107894979417324, 0.2880863845348358, 0.09299073368310928, 0.9530786871910095),
            ["RightUpperArm"] = CFrame.new(-1.1920928955078125e-07, -4.76837158203125e-07, 4.470348358154297e-08, 0.94347083568573, -0.23271998763084412, -0.23601746559143066, 0.3312584459781647, 0.6374745965003967, 0.6956249475479126, -0.011430607177317142, -0.7344845533370972, 0.6785292029380798),
            ["UpperTorso"] = CFrame.new(1.7462298274040222e-09, -2.9802322387695312e-08, -7.450580596923828e-09, 0.9656773209571838, 0.00134296715259552, 0.2597414553165436, 0.00252570235170424, 0.9998908638954163, -0.014559166505932808, -0.25973275303840637, 0.01471550390124321, 0.965568482875824),
            ["HumanoidRootPart"] = CFrame.new(0, 0, 0, 1, 0, 0, 0, 1, 0, 0, 0, 1),
            ["RightHand"] = CFrame.new(-4.470348358154297e-08, -5.960464477539063e-08, -1.6763806343078613e-07, 0.7126778364181519, 0.4721866846084595, 0.5187775492668152, -0.5383964776992798, 0.8422595262527466, -0.026987483724951744, -0.44968846440315247, -0.2600746154785156, 0.8544831871986389),
            ["LeftUpperArm"] = CFrame.new(0, -3.5762786865234375e-07, 8.940696716308594e-08, 0.9264795780181885, 0.32213011384010315, 0.19459745287895203, -0.31454792618751526, 0.9466899037361145, -0.06955335289239883, -0.20662860572338104, 0.0032294318079948425, 0.9784141182899475),
            ["RightLowerArm"] = CFrame.new(2.384185791015625e-07, -1.1920928955078125e-07, -5.159527063369751e-07, 1, -1.4901159417490817e-08, -3.725291186640334e-09, 5.960464477539063e-08, 1, -6.798656215778465e-08, 5.587935447692871e-09, -2.2351738238057806e-08, 1),
            ["LeftHand"] = CFrame.new(-1.1920928955078125e-07, 2.384185791015625e-07, 1.043081283569336e-07, 0.4278051257133484, 0.31546857953071594, -0.8470316529273987, -0.12528367340564728, 0.948765754699707, 0.2900821268558502, 0.8951461911201477, -0.01797926425933838, 0.4454096555709839),
            ["RightUpperLeg"] = CFrame.new(5.960464477539063e-08, 5.774199962615967e-08, -1.6596459317952394e-08, 0.569595992565155, -0.3838177025318146, -0.726804256439209, 0.14546789228916168, 0.917387068271637, -0.37045949697494507, 0.8089497685432434, 0.10528551787137985, 0.5783730149269104),
            ["LeftUpperLeg"] = CFrame.new(-5.960464477539063e-08, -9.685754776000977e-08, 1.4901161193847656e-08, 0.8761824369430542, 0.3926696181297302, -0.27949103713035583, -0.47991105914115906, 0.6570924520492554, -0.581304669380188, -0.04460922256112099, 0.6434595584869385, 0.7641791105270386),
            ["RightLowerLeg"] = CFrame.new(-3.725290298461914e-08, -0.0000603795051574707, -0.00007207522139651701, 1, -1.1920930376163597e-07, -1.303851746570217e-07, 1.8998984785412176e-07, 0.8844155669212341, 0.46669989824295044, 4.4703494239684005e-08, -0.4667002558708191, 0.884415864944458),
