return {
    ["Crossbounce"] = {
        {Time = 0.000, Data = {
            ["RightFoot"] = CFrame.new(-0.00520695373415947, 0.008377611637115479, 0.0017771030543372035, 0.9553935527801514, 0.22415849566459656, -0.19229243695735931, -0.27111393213272095, 0.9239002466201782, -0.2700097858905792, 0.11713405698537827, 0.31009894609451294, 0.9434608221054077),
            ["LeftLowerArm"] = CFrame.new(-2.980232238769531e-07, -5.960464477539063e-08, 2.3096799850463867e-07, 1, -9.546057810894126e-08, -1.6298146832127713e-08, 8.33533917443674e-08, 0.7286282181739807, -0.684909462928772, 5.215407838932151e-08, 0.684909462928772, 0.7286282181739807),
            ["RightUpperArm"] = CFrame.new(2.384185791015625e-07, -2.384185791015625e-07, -1.862645149230957e-08, 0.9331889748573303, 0.1267005354166031, 0.33631134033203125, 0.011955752968788147, 0.9243314862251282, -0.381403386592865, -0.35918715596199036, 0.3599422872066498, 0.8610610961914062),
            ["Head"] = CFrame.new(-6.51925802230835e-09, 1.1920928955078125e-07, 1.7695128917694092e-08, 0.9894521832466125, 0.05533096566796303, -0.13387687504291534, -0.07806389033794403, 0.9821696281433105, -0.17102356255054474, 0.12202689796686172, 0.1796705722808838, 0.9761290550231934),
            ["RightHand"] = CFrame.new(-5.606561899185181e-07, -1.1920928955078125e-07, 8.292263373732567e-07, 0.5742638111114502, 0.13981389999389648, 0.8066431879997253, -0.8167056441307068, 0.02961672469973564, 0.5762939453125, 0.05668377876281738, -0.9897347688674927, 0.1311945766210556),
            ["UpperTorso"] = CFrame.new(-9.19681042432785e-09, -1.7881393432617188e-07, -4.563480615615845e-08, 0.9960235357284546, -0.009304692037403584, 0.08860393613576889, 0.015603989362716675, 0.9973777532577515, -0.07067011296749115, -0.08771401643753052, 0.07177164405584335, 0.993556797504425),
            ["HumanoidRootPart"] = CFrame.new(0, 0, 0, 1, 0, 0, 0, 1, 0, 0, 0, 1),
            ["RightUpperLeg"] = CFrame.new(1.1920928955078125e-07, -4.637986421585083e-07, -7.573544280603528e-08, 0.9581639766693115, -0.13586804270744324, 0.2519162595272064, 0.25830841064453125, 0.7895862460136414, -0.5566241145133972, -0.12328218668699265, 0.598409116268158, 0.7916487455368042),
            ["LeftUpperArm"] = CFrame.new(1.7881393432617188e-07, 2.384185791015625e-07, 6.332993507385254e-08, 0.5955691933631897, 0.4530886113643646, 0.6633310914039612, 0.03276190906763077, 0.8113663792610168, -0.583619236946106, -0.802635669708252, 0.3693176209926605, 0.46838074922561646),
            ["RightLowerArm"] = CFrame.new(-2.086162567138672e-07, -5.960464477539062e-07, -6.556510925292969e-07, 1, -9.577343007549644e-08, 3.178138996418056e-08, 7.264314660915261e-08, 0.37038013339042664, -0.9288803339004517, 6.984917888530617e-08, 0.9288803339004517, 0.370380163192749),
            ["LeftHand"] = CFrame.new(-1.3597309589385986e-07, -3.5762786865234375e-07, -8.456408977508545e-07, 0.5973471403121948, 0.032547399401664734, -0.8013221025466919, 0.7870913743972778, 0.16786102950572968, 0.5935568809509277, 0.15382951498031616, -0.9852733016014099, 0.0746535062789917),
            ["LeftFoot"] = CFrame.new(-0.008175423368811607, 0.003644585609436035, 0.004508528858423233, 0.9492127895355225, -0.23605497181415558, 0.20802243053913116, 0.30196452140808105, 0.869202196598053, -0.3915412425994873, -0.08838821202516556, 0.43447157740592957, 0.896338164806366),
            ["LowerTorso"] = CFrame.new(-0.07392554730176926, -0.1858384609222412, -0.06088395044207573, 0.9997321963310242, 0.017429498955607414, -0.015225469134747982, -0.015829723328351974, 0.994909405708313, 0.09952320903539658, 0.016882600262761116, -0.09925554692745209, 0.9949187636375427),
            ["RightLowerLeg"] = CFrame.new(-5.21540641784668e-08, -0.00012248754501342773, -0.00007749924407107756, 1, -1.4156101713069802e-07, -5.960464477539063e-08, 1.2665985593685036e-07, 0.6703251600265503, 0.7420671582221985, -6.70552182668871e-08, -0.7420675754547119, 0.6703255772590637),
            ["LeftUpperLeg"] = CFrame.new(-5.960464477539063e-08, -2.8870999813079834e-08, -1.1920928955078125e-07, 0.9193525910377502, 0.11030436307191849, -0.37765586376190186, -0.2597033381462097, 0.8911976218223572, -0.37191545963287354, 0.29554203152656555, 0.4399997293949127, 0.8479711413383484),
            ["LeftLowerLeg"] = CFrame.new(7.450580596923828e-08, 0.00012284517288208008, 0.00007742643356323242, 1, 1.0430811414607888e-07, -4.4703494239684005e-08, -7.4505820180093e-08, 0.7336682677268982, 0.6795079708099365, 0, -0.679507851600647, 0.7336682677268982),
        }},
        {Time = 0.033, Data = {
            ["RightFoot"] = CFrame.new(-0.0051817335188388824, 0.008394598960876465, 0.0017707551596686244, 0.9525694847106934, 0.22501687705516815, -0.20488815009593964, -0.27688243985176086, 0.9202108979225159, -0.2766727805137634, 0.12628422677516937, 0.320279985666275, 0.93886798620224),
            ["LeftLowerArm"] = CFrame.new(-3.8743019104003906e-07, -5.960464477539063e-08, -9.313225746154785e-08, 1, -7.334165985639629e-08, 3.539026138810186e-08, 6.33299421792799e-08, 0.7190994024276733, -0.6949073076248169, 4.842878098543224e-08, 0.6949073076248169, 0.7190994024276733),
            ["RightUpperArm"] = CFrame.new(2.384185791015625e-07, -2.384185791015625e-07, -2.2351741790771484e-08, 0.9381636381149292, 0.12628720700740814, 0.3223363757133484, 0.005779378581792116, 0.9252472519874573, -0.37932083010673523, -0.3461441695690155, 0.35772785544395447, 0.8673033714294434),
            ["Head"] = CFrame.new(0, -3.5762786865234375e-07, 1.7695128917694092e-08, 0.9869608879089355, 0.06055191159248352, -0.14913660287857056, -0.08584719151258469, 0.9817838072776794, -0.1695018857717514, 0.13615624606609344, 0.18009470403194427, 0.9741804003715515),
            ["RightHand"] = CFrame.new(-6.277114152908325e-07, 5.960464477539063e-08, 6.295740604400635e-07, 0.5743221044540405, 0.11306873708963394, 0.8107834458351135, -0.8162462115287781, 0.0035740029998123646, 0.5776931047439575, 0.06242130696773529, -0.9935807585716248, 0.09434457868337631),
            ["UpperTorso"] = CFrame.new(-1.0011717677116394e-08, -3.8743019104003906e-07, -2.529122866690159e-08, 0.9960218667984009, -0.010854393243789673, 0.08844585716724396, 0.018548106774687767, 0.9960673451423645, -0.0866362452507019, -0.08715765178203583, 0.08793206512928009, 0.9923062324523926),
            ["HumanoidRootPart"] = CFrame.new(0, 0, 0, 1, 0, 0, 0, 1, 0, 0, 0, 1),
            ["RightUpperLeg"] = CFrame.new(1.7881393432617188e-07, -4.922039806842804e-07, -2.8594513423740864e-09, 0.9583536386489868, -0.13203996419906616, 0.25322702527046204, 0.25754687190055847, 0.7827374935150146, -0.5665613412857056, -0.12340157479047775, 0.608183741569519, 0.7841455936431885),
            ["LeftUpperArm"] = CFrame.new(0, -1.1920928955078125e-07, 2.9802322387695312e-08, 0.6007659435272217, 0.4634914994239807, 0.6513493657112122, 0.033642228692770004, 0.7993925213813782, -0.5998666286468506, -0.7987167835235596, 0.3822921812534332, 0.46465498208999634),
            ["RightLowerArm"] = CFrame.new(-6.556510925292969e-07, -4.76837158203125e-07, -5.662441253662109e-07, 1, -1.6184280582365318e-07, 4.3539344574128336e-08, 9.499492392706088e-08, 0.35070672631263733, -0.9364854097366333, 3.969763540112581e-08, 0.9364854693412781, 0.35070666670799255),
            ["LeftHand"] = CFrame.new(-4.470348358154297e-08, -2.980232238769531e-07, -7.245689630508423e-07, 0.570669412612915, -0.024088406935334206, -0.820826530456543, 0.8193179368972778, 0.08397724479436874, 0.5671561360359192, 0.05526897311210632, -0.996176540851593, 0.06765922904014587),
            ["LeftFoot"] = CFrame.new(-0.00816386193037033, 0.003567516803741455, 0.004590533673763275, 0.9473122954368591, -0.23753288388252258, 0.21489045023918152, 0.3070348799228668, 0.8645256161689758, -0.3979005217552185, -0.09126375615596771, 0.44291481375694275, 0.8919065594673157),
            ["LowerTorso"] = CFrame.new(-0.07479087263345718, -0.19182372093200684, -0.059000905603170395, 0.999906599521637, 0.012408494018018246, -0.0057357135228812695, -0.011694022454321384, 0.9937302470207214, 0.11119182407855988, 0.0070794750936329365, -0.11111437529325485, 0.9937824010848999),
            ["RightLowerLeg"] = CFrame.new(2.2351741790771484e-08, -0.00012260675430297852, -0.00007740983710391447, 1, -1.1175872316471214e-07, -5.960463056453591e-08, 1.1920928955078125e-07, 0.6634635329246521, 0.7482079863548279, -5.960464477539063e-08, -0.7482086420059204, 0.6634642481803894),
            ["LeftUpperLeg"] = CFrame.new(-5.960464477539063e-08, -5.131587386131287e-07, -3.119930624961853e-08, 0.912098228931427, 0.10342103987932205, -0.396712988615036, -0.2703777849674225, 0.8791349530220032, -0.3924506604671478, 0.3081764578819275, 0.465215802192688, 0.8298200368881226),
            ["LeftLowerLeg"] = CFrame.new(1.1920928955078125e-07, 0.0001226663589477539, 0.00007736682891845703, 1, 7.450580596923828e-08, 1.4901159417490817e-08, -6.705523958316917e-08, 0.716727077960968, 0.6973537802696228, 5.215407838932151e-08, -0.6973538398742676, 0.7167271375656128),
        }},
        {Time = 0.067, Data = {
            ["RightFoot"] = CFrame.new(-0.005179848521947861, 0.008412718772888184, 0.0016876141307875514, 0.9511018395423889, 0.2238084077835083, -0.21287421882152557, -0.27779141068458557, 0.9211175441741943, -0.2727167010307312, 0.13504566252231598, 0.31851571798324585, 0.9382484555244446),
            ["LeftLowerArm"] = CFrame.new(-6.258487701416016e-07, 4.76837158203125e-07, -1.3783574104309082e-07, 1, -6.705523247774181e-08, 4.284084198502569e-08, 6.053598156086082e-08, 0.7161160111427307, -0.6979812383651733, 8.10250853078287e-08, 0.6979812383651733, 0.7161160707473755),
            ["RightUpperArm"] = CFrame.new(4.76837158203125e-07, 7.152557373046875e-07, -5.21540641784668e-08, 0.9423427581787109, 0.12266289442777634, 0.3113582730293274, 0.004035766236484051, 0.9261685013771057, -0.3770884573459625, -0.3346249759197235, 0.3566031754016876, 0.8722731471061707),
            ["Head"] = CFrame.new(-6.28642737865448e-09, 2.384185791015625e-07, -4.190951585769653e-09, 0.98441082239151, 0.06355120241641998, -0.16400207579135895, -0.09118016809225082, 0.9817537665367126, -0.16687041521072388, 0.15040485560894012, 0.17922274768352509, 0.9722436666488647),
            ["RightHand"] = CFrame.new(-5.834735929965973e-07, 2.980232238769531e-07, 1.9650906324386597e-07, 0.5803159475326538, 0.07719546556472778, 0.8107244968414307, -0.8135594725608826, 0.009964387863874435, 0.5813963413238525, 0.036802854388952255, -0.9969662427902222, 0.06858564168214798),
            ["UpperTorso"] = CFrame.new(-5.413312464952469e-09, 2.9802322387695312e-08, -3.259629011154175e-08, 0.9965153932571411, 0.0032496179919689894, 0.08334644138813019, 0.004944888409227133, 0.9951816201210022, -0.09792398661375046, -0.08326307684183121, 0.09799489378929138, 0.9916976690292358),
            ["HumanoidRootPart"] = CFrame.new(0, 0, 0, 1, 0, 0, 0, 1, 0, 0, 0, 1),
            ["RightUpperLeg"] = CFrame.new(5.960464477539063e-08, -6.600748747587204e-07, -5.897163646295667e-08, 0.963617742061615, -0.12444893270730972, 0.2365444004535675, 0.24029335379600525, 0.7909063100814819, -0.5627844929695129, -0.1170465424656868, 0.5991491079330444, 0.7920355796813965),
            ["LeftUpperArm"] = CFrame.new(0, 4.76837158203125e-07, 2.9802322387695312e-08, 0.6124504208564758, 0.46759042143821716, 0.6373881697654724, 0.03346193581819534, 0.7902436852455139, -0.611878514289856, -0.7898005247116089, 0.396073579788208, 0.46833863854408264),
            ["RightLowerArm"] = CFrame.new(-5.662441253662109e-07, -6.556510925292969e-07, -5.066394805908203e-07, 1, -7.836934656779704e-08, 3.67872416973114e-08, 7.77654278749651e-08, 0.354962557554245, -0.9348805546760559, 5.646142398063603e-08, 0.9348805546760559, 0.3549625277519226),
            ["LeftHand"] = CFrame.new(-8.195638656616211e-08, -3.5762786865234375e-07, -0.0000014081597328186035, 0.5570871233940125, -0.02815752662718296, -0.8299764394760132, 0.8301779627799988, 0.04465620592236519, 0.5557073354721069, 0.0214164350181818, -0.998605489730835, 0.04825304448604584),
            ["LeftFoot"] = CFrame.new(-0.008157545700669289, 0.003479480743408203, 0.004668485373258591, 0.9452062249183655, -0.23995035886764526, 0.2213800996541977, 0.31292662024497986, 0.8591864109039307, -0.40481579303741455, -0.09307093918323517, 0.4519099295139313, 0.8871950507164001),
            ["LowerTorso"] = CFrame.new(-0.07559536397457123, -0.19306159019470215, -0.05767403542995453, 0.9999523162841797, -0.006512231659144163, 0.007281096186488867, 0.005609989166259766, 0.9930310845375061, 0.11771941930055618, -0.007996969856321812, -0.11767295747995377, 0.993020236492157),
            ["RightLowerLeg"] = CFrame.new(-8.940696716308594e-08, -0.0001221299171447754, -0.00007745454058749601, 1, -1.229346224818073e-07, -5.215405707303944e-08, 9.685756197086448e-08, 0.6786267161369324, 0.7344827055931091, -8.940698137394065e-08, -0.7344834208488464, 0.6786274909973145),
            ["LeftUpperLeg"] = CFrame.new(-1.1920928955078125e-07, -1.78581103682518e-07, -5.2619725465774536e-08, 0.8993146419525146, 0.10546129196882248, -0.4243949353694916, -0.2928546369075775, 0.8659683465957642, -0.40538260340690613, 0.32476040720939636, 0.48885250091552734, 0.809662938117981),
            ["LeftLowerLeg"] = CFrame.new(4.470348358154297e-08, 0.00012254714965820312, 0.00007742643356323242, 1, 8.940696716308594e-08, 4.4703469370688254e-08, -8.195638656616211e-08, 0.6962314248085022, 0.7178172469139099, -7.450580596923828e-09, -0.7178174257278442, 0.6962316036224365),
        }},
        {Time = 0.100, Data = {
            ["RightFoot"] = CFrame.new(-0.005189578980207443, 0.008421123027801514, 0.0016137639759108424, 0.9506984949111938, 0.2218831330537796, -0.21665796637535095, -0.27644237875938416, 0.9229589700698853, -0.26781755685806274, 0.14054203033447266, 0.3145071268081665, 0.9387934803962708),
            ["LeftLowerArm"] = CFrame.new(-3.5762786865234375e-07, 1.1920928955078125e-07, 1.6391277313232422e-07, 1, -7.05476850271225e-08, 3.3527612686157227e-08, 2.980232594040899e-08, 0.7280869483947754, -0.685484766960144, 4.749745841081676e-08, 0.685484766960144, 0.7280870676040649),
            ["RightUpperArm"] = CFrame.new(3.5762786865234375e-07, -5.960464477539062e-07, -4.470348358154297e-08, 0.9530034065246582, 0.1147988811135292, 0.280367374420166, -0.0022482979111373425, 0.9280820488929749, -0.37236902117729187, -0.30295148491859436, 0.3542386293411255, 0.8847233653068542),
            ["Head"] = CFrame.new(1.6763806343078613e-08, -1.1920928955078125e-07, 1.210719347000122e-08, 0.9823962450027466, 0.06473568826913834, -0.17523416876792908, -0.09422145038843155, 0.9816877245903015, -0.16556455194950104, 0.16130730509757996, 0.17916081845760345, 0.9705057740211487),
            ["RightHand"] = CFrame.new(-5.047768354415894e-07, 0, 5.3257099352777e-07, 0.5668609142303467, 0.0429619662463665, 0.8226925134658813, -0.8238125443458557, 0.027979107573628426, 0.5661715269088745, 0.0013056123862043023, -0.9986848831176758, 0.05125284567475319),
            ["UpperTorso"] = CFrame.new(-2.3748725652694702e-08, -3.8743019104003906e-07, 1.5366822481155396e-08, 0.9971046447753906, 0.021450866013765335, 0.0729544386267662, -0.013901847414672375, 0.9946408867835999, -0.10245171934366226, -0.07476115226745605, 0.10114084929227829, 0.9920591711997986),
            ["HumanoidRootPart"] = CFrame.new(0, 0, 0, 1, 0, 0, 0, 1, 0, 0, 0, 1),
            ["RightUpperLeg"] = CFrame.new(-2.9802322387695312e-08, -1.6670674085617065e-07, 2.6244379114359617e-08, 0.9704545736312866, -0.1185479387640953, 0.2101537585258484, 0.21776968240737915, 0.8053779602050781, -0.551310122013092, -0.10389654338359833, 0.580786406993866, 0.8073986172676086),
            ["LeftUpperArm"] = CFrame.new(2.980232238769531e-07, 0, 3.725290298461914e-08, 0.635076105594635, 0.46590501070022583, 0.6161257028579712, 0.028745543211698532, 0.7828187942504883, -0.621585488319397, -0.771914541721344, 0.4124649167060852, 0.4837568998336792),
            ["RightLowerArm"] = CFrame.new(-5.662441253662109e-07, -5.364418029785156e-07, -4.172325134277344e-07, 1, -1.1278278577719902e-07, 4.3757609091699123e-08, 7.823110337312755e-08, 0.3533104360103607, -0.9355061054229736, 7.043127681072292e-08, 0.9355061650276184, 0.3533104956150055),
            ["LeftHand"] = CFrame.new(2.7194619178771973e-07, -2.384185791015625e-07, -7.916241884231567e-07, 0.564976155757904, -0.02387596294283867, -0.824761688709259, 0.824488639831543, 0.05503607541322708, 0.5631957650184631, 0.03194490075111389, -0.9981988668441772, 0.05077947676181793),
            ["LeftFoot"] = CFrame.new(-0.008160170167684555, 0.003398597240447998, 0.0047232769429683685, 0.9433140754699707, -0.24298638105392456, 0.22608928382396698, 0.3185119330883026, 0.8542740345001221, -0.4108112156391144, -0.09332068264484406, 0.45953622460365295, 0.8832427859306335),
            ["LowerTorso"] = CFrame.new(-0.07632233202457428, -0.1931304931640625, -0.05748237669467926, 0.9992885589599609, -0.028799371793866158, 0.02435188926756382, 0.025697000324726105, 0.9925248026847839, 0.1193077489733696, -0.02760584093630314, -0.1185971051454544, 0.9925586581230164),
            ["RightLowerLeg"] = CFrame.new(-1.341104507446289e-07, -0.00012224912643432617, -0.00007735023245913908, 1, -8.568170528633345e-08, -2.980232594040899e-08, 1.0430816388407038e-07, 0.6986843347549438, 0.7154296040534973, -6.705524668859653e-08, -0.7154301404953003, 0.6986848711967468),
            ["LeftUpperLeg"] = CFrame.new(5.960464477539063e-08, -3.632158041000366e-07, -4.563480615615845e-08, 0.8839510679244995, 0.10819467157125473, -0.4548894464969635, -0.3167467415332794, 0.8541933298110962, -0.41234102845191956, 0.34395039081573486, 0.5085741281509399, 0.7893354892730713),
            ["LeftLowerLeg"] = CFrame.new(-4.470348358154297e-08, 0.0001227855682373047, 0.00007736682891845703, 1, 7.450581307466564e-08, 2.2351747119842003e-08, -2.2351747119842003e-08, 0.6755902171134949, 0.7372773885726929, -2.980232949312267e-08, -0.7372773289680481, 0.6755902171134949),
        }},
        {Time = 0.133, Data = {
            ["RightFoot"] = CFrame.new(-0.00519581139087677, 0.008419573307037354, 0.001602945732884109, 0.9505851864814758, 0.2202894240617752, -0.21877096593379974, -0.2758752703666687, 0.9225688576698303, -0.2697393000125885, 0.1424103081226349, 0.3167637288570404, 0.9377527236938477),
            ["LeftLowerArm"] = CFrame.new(-5.066394805908203e-07, 2.384185791015625e-07, -1.4901161193847656e-07, 1, -4.4703490686970326e-08, 6.519258910486769e-09, 4.4703494239684005e-08, 0.7331368327140808, -0.680081307888031, -9.313227522511625e-09, 0.6800811886787415, 0.733136773109436),
            ["RightUpperArm"] = CFrame.new(4.76837158203125e-07, 5.960464477539062e-07, 0, 0.9654311537742615, 0.07955439388751984, 0.24822114408016205, 0.015782158821821213, 0.932698667049408, -0.360311359167099, -0.2601797878742218, 0.3517732620239258, 0.8992008566856384),
            ["Head"] = CFrame.new(1.210719347000122e-08, -2.384185791015625e-07, 4.936009645462036e-08, 0.9824407696723938, 0.06269809603691101, -0.17572453618049622, -0.0915311947464943, 0.9826822280883789, -0.16111403703689575, 0.16257983446121216, 0.17436924576759338, 0.9711659550666809),
            ["RightHand"] = CFrame.new(-4.246830940246582e-07, 1.1920928955078125e-07, 3.045424818992615e-07, 0.5284159779548645, 0.06209706887602806, 0.8467115759849548, -0.8483587503433228, 0.07693827152252197, 0.5238015055656433, -0.03261807560920715, -0.9951002597808838, 0.09333596378564835),
            ["UpperTorso"] = CFrame.new(-1.1175870895385742e-08, 3.8743019104003906e-07, -8.242204785346985e-08, 0.9976958632469177, 0.029123181477189064, 0.061277490109205246, -0.02271624654531479, 0.9944457411766052, -0.10277042537927628, -0.06393013894557953, 0.10114158689975739, 0.9928159117698669),
            ["HumanoidRootPart"] = CFrame.new(0, 0, 0, 1, 0, 0, 0, 1, 0, 0, 0, 1),
            ["RightUpperLeg"] = CFrame.new(2.384185791015625e-07, -4.6566128730773926e-08, -6.875052349641919e-08, 0.9743069410324097, -0.1220586970448494, 0.18928195536136627, 0.2073318213224411, 0.8143435716629028, -0.5420869588851929, -0.08797410875558853, 0.5674031376838684, 0.8187271356582642),
            ["LeftUpperArm"] = CFrame.new(1.7881393432617188e-07, 5.960464477539062e-07, 4.6566128730773926e-08, 0.6676204800605774, 0.4410468339920044, 0.5998005270957947, 0.026252498850226402, 0.791192889213562, -0.6110029816627502, -0.7440387606620789, 0.423664391040802, 0.5166380405426025),
            ["RightLowerArm"] = CFrame.new(-2.384185791015625e-07, 9.5367431640625e-07, -5.960464477539062e-07, 1, -1.1939846444875002e-07, 4.5052722441596416e-08, 8.381903171539307e-08, 0.34379643201828003, -0.9390442371368408, 9.685754776000977e-08, 0.939044177532196, 0.34379643201828003),
            ["LeftHand"] = CFrame.new(-2.421438694000244e-07, -1.7881393432617188e-07, -0.000001214444637298584, 0.6362795829772949, -0.057107023894786835, -0.7693420052528381, 0.7691804766654968, 0.12354416400194168, 0.6269754767417908, 0.05924311652779579, -0.990694522857666, 0.12253418564796448),
            ["LeftFoot"] = CFrame.new(-0.008158385753631592, 0.0033716559410095215, 0.004745498299598694, 0.9416719675064087, -0.2449936419725418, 0.23072126507759094, 0.32227611541748047, 0.8539211750030518, -0.4086035192012787, -0.0969124585390091, 0.45912620425224304, 0.8830690979957581),
            ["LowerTorso"] = CFrame.new(-0.07698030769824982, -0.19247221946716309, -0.057410530745983124, 0.9983428120613098, -0.03878748044371605, 0.04251129925251007, 0.03344082832336426, 0.9922142624855042, 0.11996981501579285, -0.04683363810181618, -0.11834939569234848, 0.991866946220398),
            ["RightLowerLeg"] = CFrame.new(-1.1920928955078125e-07, -0.00012230873107910156, -0.00007733533129794523, 1, -7.450581307466564e-08, -3.725290298461914e-08, 9.685756907629184e-08, 0.7085084915161133, 0.7057015895843506, -3.72529100900465e-08, -0.7057022452354431, 0.7085092067718506),
            ["LeftUpperLeg"] = CFrame.new(0, 2.039596438407898e-07, -6.332993507385254e-08, 0.8717844486236572, 0.10286983102560043, -0.4789673388004303, -0.32803112268447876, 0.8487395644187927, -0.41477322578430176, 0.36385083198547363, 0.518709123134613, 0.7736624479293823),
            ["LeftLowerLeg"] = CFrame.new(1.4901161193847656e-08, 0.00012254714965820312, 0.00007733702659606934, 1, 7.450580596923828e-08, 5.960463766996327e-08, -1.4901161193847656e-08, 0.6690762639045715, 0.7431936860084534, 5.21540641784668e-08, -0.7431938052177429, 0.6690764427185059),
        }},
        {Time = 0.167, Data = {
            ["RightFoot"] = CFrame.new(-0.005194026976823807, 0.008418083190917969, 0.0016170534072443843, 0.950215756893158, 0.22036881744861603, -0.22029072046279907, -0.2767724394798279, 0.9216837286949158, -0.27183806896209717, 0.14313362538814545, 0.31927528977394104, 0.936790406703949),
            ["LeftLowerArm"] = CFrame.new(-6.258487701416016e-07, 0, -2.384185791015625e-07, 1, -4.936010356004772e-08, 2.980232594040899e-08, 5.5879368687783426e-08, 0.7186771631240845, -0.6953439116477966, 6.938354601970786e-08, 0.6953439116477966, 0.7186772227287292),
            ["RightUpperArm"] = CFrame.new(3.5762786865234375e-07, 3.5762786865234375e-07, 0, 0.9740840792655945, 0.02548186294734478, 0.2247461974620819, 0.05573425441980362, 0.935955286026001, -0.3476799726486206, -0.21921195089817047, 0.3511955738067627, 0.9102789759635925),
            ["Head"] = CFrame.new(0, 2.384185791015625e-07, -4.6566128730773926e-09, 0.9845030903816223, 0.0658128559589386, -0.162549689412117, -0.09082794934511185, 0.9842591285705566, -0.15160593390464783, 0.15001340210437775, 0.16402052342891693, 0.974983811378479),
            ["RightHand"] = CFrame.new(-4.76837158203125e-07, 2.980232238769531e-07, 5.601905286312103e-07, 0.49801191687583923, 0.13866418600082397, 0.8560118675231934, -0.8641648292541504, 0.1614719182252884, 0.4765985310077667, -0.07213491946458817, -0.9770870208740234, 0.2002435028553009),
            ["UpperTorso"] = CFrame.new(-1.6298145055770874e-08, -4.76837158203125e-07, 9.778887033462524e-09, 0.9984382390975952, 0.013069131411612034, 0.05431641638278961, -0.007768761366605759, 0.9952859282493591, -0.09667234122753143, -0.05532379448413849, 0.0960993617773056, 0.9938331842422485),
            ["HumanoidRootPart"] = CFrame.new(0, 0, 0, 1, 0, 0, 0, 1, 0, 0, 0, 1),
            ["RightUpperLeg"] = CFrame.new(5.960464477539063e-08, -1.1362135410308838e-07, 3.742025000974536e-08, 0.9725357890129089, -0.13469281792640686, 0.1898210048675537, 0.2174379527568817, 0.8167150616645813, -0.5345068573951721, -0.083035409450531, 0.5611011981964111, 0.8235717415809631),
            ["LeftUpperArm"] = CFrame.new(0, 4.76837158203125e-07, 2.9802322387695312e-08, 0.7320330739021301, 0.38315349817276, 0.5633125305175781, 0.017835866659879684, 0.8157956600189209, -0.5780653357505798, -0.681035578250885, 0.4332101047039032, 0.5903555154800415),
            ["RightLowerArm"] = CFrame.new(-2.9802322387695312e-08, 0, -6.556510925292969e-07, 1, -6.461051782480354e-08, 6.239861249923706e-08, 8.195637946073475e-08, 0.3437831401824951, -0.9390490651130676, 8.195637946073475e-08, 0.9390491843223572, 0.34378311038017273),
            ["LeftHand"] = CFrame.new(-1.6205012798309326e-07, -3.5762786865234375e-07, -9.872019290924072e-07, 0.600340723991394, -0.10848770290613174, -0.7923519015312195, 0.7942101955413818, 0.19722850620746613, 0.574744462966919, 0.0939217135310173, -0.9743363261222839, 0.20456627011299133),
            ["LeftFoot"] = CFrame.new(-0.008138343691825867, 0.003451108932495117, 0.004722964018583298, 0.9412124156951904, -0.24311064183712006, 0.23455625772476196, 0.32062655687332153, 0.8615427613258362, -0.3936273753643036, -0.10638529062271118, 0.44569212198257446, 0.8888424634933472),
            ["LowerTorso"] = CFrame.new(-0.07751936465501785, -0.1866319179534912, -0.058085016906261444, 0.9983403086662292, -0.028059309348464012, 0.05029241368174553, 0.022069111466407776, 0.9930115342140198, 0.11593654751777649, -0.053194042295217514, -0.11463423818349838, 0.9919825792312622),
            ["RightLowerLeg"] = CFrame.new(5.21540641784668e-08, -0.00012242794036865234, -0.00007729062781436369, 1, -7.823108916227284e-08, -5.960465188081798e-08, 1.1920930376163597e-07, 0.7081797122955322, 0.7060319185256958, -7.450581307466564e-08, -0.7060322761535645, 0.7081800103187561),
            ["LeftUpperLeg"] = CFrame.new(-1.7881393432617188e-07, -4.919711500406265e-07, -2.7939677238464355e-08, 0.8712263107299805, 0.09431600570678711, -0.48173588514328003, -0.31582820415496826, 0.8589749336242676, -0.40300700068473816, 0.3757888972759247, 0.5032560229301453, 0.7781491279602051),
            ["LeftLowerLeg"] = CFrame.new(7.450580596923828e-08, 0.0001226663589477539, 0.00007745623588562012, 1, 6.705520405603238e-08, -3.725290298461914e-08, -6.705523247774181e-08, 0.692215085029602, 0.7216917276382446, -4.4703490686970326e-08, -0.721691370010376, 0.6922146677970886),
        }},
        {Time = 0.200, Data = {
            ["RightFoot"] = CFrame.new(-0.00520845502614975, 0.00845569372177124, 0.0013518350897356868, 0.9496747851371765, 0.22121629118919373, -0.22176918387413025, -0.27256250381469727, 0.9324845671653748, -0.23702755570411682, 0.15436165034770966, 0.2855449318885803, 0.9458522200584412),
            ["LeftLowerArm"] = CFrame.new(-5.662441253662109e-07, 2.980232238769531e-07, -2.5890767574310303e-07, 1, -1.74623018267539e-08, 3.818422555923462e-08, 6.612390990312633e-08, 0.6620334386825562, -0.7494744062423706, 6.286428089197216e-08, 0.7494743466377258, 0.6620333790779114),
            ["RightUpperArm"] = CFrame.new(2.384185791015625e-07, 3.5762786865234375e-07, -3.725290298461914e-08, 0.9816998839378357, -0.027866359800100327, 0.1883847862482071, 0.09116467088460922, 0.9372867941856384, -0.33642634749412537, -0.16719557344913483, 0.34744369983673096, 0.9226747155189514),
            ["Head"] = CFrame.new(1.210719347000122e-08, 2.384185791015625e-07, 2.60770320892334e-08, 0.9880506992340088, 0.06857664883136749, -0.1380331963300705, -0.08759205043315887, 0.9867222905158997, -0.13677340745925903, 0.12682098150253296, 0.1472296565771103, 0.9809383153915405),
            ["RightHand"] = CFrame.new(-4.470348358154297e-07, 2.980232238769531e-07, -8.568167686462402e-08, 0.5161712169647217, 0.20672743022441864, 0.8311625123023987, -0.8427224159240723, 0.29585593938827515, 0.4497647285461426, -0.15292571485042572, -0.9325947761535645, 0.3269261419773102),
            ["UpperTorso"] = CFrame.new(-2.1420419216156006e-08, -2.384185791015625e-07, 4.656612873077393e-10, 0.9987213611602783, 0.0029964183922857046, 0.05046635866165161, 0.0015216779429465532, 0.996008038520813, -0.08925140649080276, -0.050532326102256775, 0.08921407163143158, 0.9947298765182495),
            ["HumanoidRootPart"] = CFrame.new(0, 0, 0, 1, 0, 0, 0, 1, 0, 0, 0, 1),
            ["RightUpperLeg"] = CFrame.new(1.1920928955078125e-07, 1.5832483768463135e-08, -5.420588422566652e-09, 0.9708290696144104, -0.14406397938728333, 0.19166818261146545, 0.22290723025798798, 0.8367818593978882, -0.500108540058136, -0.08833691477775574, 0.5282440185546875, 0.8444849848747253),
            ["LeftUpperArm"] = CFrame.new(5.960464477539063e-08, 4.76837158203125e-07, 4.6566128730773926e-08, 0.8091591596603394, 0.30317023396492004, 0.5033381581306458, -0.006145961582660675, 0.8609350919723511, -0.5086777806282043, -0.5875573754310608, 0.40850773453712463, 0.6984968185424805),
            ["RightLowerArm"] = CFrame.new(-1.1920928955078125e-07, -0.0000010132789611816406, -2.9802322387695312e-08, 1, -1.0756770763009627e-07, 4.0978193283081055e-08, 7.590276851487943e-08, 0.38402846455574036, -0.9233213067054749, 4.097818262494002e-08, 0.9233213067054749, 0.38402849435806274),
            ["LeftHand"] = CFrame.new(-2.384185791015625e-07, -3.5762786865234375e-07, -9.909272193908691e-07, 0.481990784406662, -0.14527000486850739, -0.86404949426651, 0.8661832809448242, 0.22751855850219727, 0.44492921233177185, 0.13195255398750305, -0.9628769755363464, 0.23549214005470276),
            ["LeftFoot"] = CFrame.new(-0.00808999128639698, 0.0036829113960266113, 0.004629902541637421, 0.9411497712135315, -0.2371469885110855, 0.24082966148853302, 0.31271910667419434, 0.8813101649284363, -0.3542579412460327, -0.12823431193828583, 0.4087221026420593, 0.9036052823066711),
            ["LowerTorso"] = CFrame.new(-0.07786140590906143, -0.15886282920837402, -0.05924605578184128, 0.998555600643158, -0.019847920164465904, 0.049928102642297745, 0.014250707812607288, 0.9938226342201233, 0.11006204038858414, -0.05180417373776436, -0.10919155180454254, 0.992669939994812),
            ["RightLowerLeg"] = CFrame.new(-7.450580596923828e-09, -0.00012224912643432617, -0.00007740983710391447, 1, -9.685759039257391e-08, 0, 1.415610881849716e-07, 0.7508234977722168, 0.6605021953582764, -7.450583261459087e-09, -0.6605030298233032, 0.7508241534233093),
            ["LeftUpperLeg"] = CFrame.new(-5.960464477539063e-08, 6.426125764846802e-08, -1.6763806343078613e-08, 0.8727210164070129, 0.10475989431142807, -0.47684746980667114, -0.30149009823799133, 0.8838680386543274, -0.357604444026947, 0.3840077519416809, 0.45585373044013977, 0.8029541969299316),
            ["LeftLowerLeg"] = CFrame.new(-3.725290298461914e-08, 0.00012236833572387695, 0.00007733702659606934, 1, 8.195634393359796e-08, 2.9802322387695312e-08, -5.960465188081798e-08, 0.7571284770965576, 0.6532661318778992, 8.195639367158947e-08, -0.6532660126686096, 0.7571283578872681),
        }},
        {Time = 0.233, Data = {
            ["RightFoot"] = CFrame.new(-0.005308672785758972, 0.00844275951385498, 0.0009983497438952327, 0.9545535445213318, 0.19843527674674988, -0.22237659990787506, -0.2374376356601715, 0.9572910666465759, -0.1649763286113739, 0.18014183640480042, 0.21027955412864685, 0.9609014391899109),
            ["LeftLowerArm"] = CFrame.new(-6.854534149169922e-07, 2.980232238769531e-07, 1.0477378964424133e-07, 1, -6.705522537231445e-08, 2.9802322387695312e-08, 7.823110337312755e-08, 0.5863538384437561, -0.8100550174713135, 4.6566135836201283e-08, 0.8100550770759583, 0.5863538384437561),
            ["RightUpperArm"] = CFrame.new(3.5762786865234375e-07, 0, -2.2351741790771484e-08, 0.9918397068977356, -0.06201513856649399, 0.1113922968506813, 0.09721275418996811, 0.9331588745117188, -0.3460695445537567, -0.082485131919384, 0.3540741801261902, 0.9315727353096008),
            ["Head"] = CFrame.new(1.5832483768463135e-08, 2.384185791015625e-07, 1.30385160446167e-08, 0.9934049844741821, 0.0738176628947258, -0.08773576468229294, -0.0841783657670021, 0.9890833497047424, -0.12094707787036896, 0.07784994691610336, 0.127534881234169, 0.9887741804122925),
            ["RightHand"] = CFrame.new(-6.705522537231445e-07, 5.960464477539063e-08, 3.8743019104003906e-07, 0.5679072737693787, 0.24008458852767944, 0.787299633026123, -0.7729033827781677, 0.4844495952129364, 0.40979140996932983, -0.2830224931240082, -0.841230034828186, 0.460684597492218),
            ["UpperTorso"] = CFrame.new(-9.313225746154785e-09, -5.364418029785156e-07, -5.2386894822120667e-08, 0.9989607930183411, -0.004618828184902668, 0.045344218611717224, 0.008183371275663376, 0.996861457824707, -0.07874293625354767, -0.04483818635344505, 0.07903215289115906, 0.9958632588386536),
            ["HumanoidRootPart"] = CFrame.new(0, 0, 0, 1, 0, 0, 0, 1, 0, 0, 0, 1),
            ["RightUpperLeg"] = CFrame.new(1.1920928955078125e-07, -5.457550287246704e-07, -4.453613655641675e-08, 0.9717439413070679, -0.14513307809829712, 0.18614555895328522, 0.21690066158771515, 0.8601172566413879, -0.46168437600135803, -0.09310132265090942, 0.4890140891075134, 0.8672932386398315),
            ["LeftUpperArm"] = CFrame.new(0, 5.960464477539062e-07, 4.470348358154297e-08, 0.8943884372711182, 0.21962326765060425, 0.3896600604057312, -0.048360493034124374, 0.9135292172431946, -0.4038883447647095, -0.44466906785964966, 0.34238898754119873, 0.8276709318161011),
            ["RightLowerArm"] = CFrame.new(1.7881393432617188e-07, -4.172325134277344e-07, -7.748603820800781e-07, 1, -8.009374141693115e-08, 5.587935447692871e-08, 7.450579175838357e-08, 0.4716707468032837, -0.8817747831344604, 2.607702498380604e-08, 0.8817747235298157, 0.4716707170009613),
            ["LeftHand"] = CFrame.new(-2.5331974029541016e-07, -2.980232238769531e-07, -6.109476089477539e-07, 0.5096385478973389, -0.16163721680641174, -0.845069169998169, 0.843686044216156, 0.2864774465560913, 0.45400965213775635, 0.16870851814746857, -0.9443538784980774, 0.2823708951473236),
            ["LeftFoot"] = CFrame.new(-0.008032811805605888, 0.004027009010314941, 0.004439126700162888, 0.93282151222229, -0.24034883081912994, 0.26847130060195923, 0.30941829085350037, 0.9161122441291809, -0.25494712591171265, -0.18467366695404053, 0.3208906352519989, 0.9289377331733704),
            ["LowerTorso"] = CFrame.new(-0.07605568319559097, -0.11054396629333496, -0.06095609813928604, 0.9987624883651733, -0.013016307726502419, 0.04800112172961235, 0.008088089525699615, 0.9948059320449829, 0.10146885365247726, -0.049072541296482086, -0.1009550467133522, 0.9936800599098206),
            ["RightLowerLeg"] = CFrame.new(-8.195638656616211e-08, -0.00012236833572387695, -0.00007733533129794523, 1, -8.195637946073475e-08, -2.9802322387695312e-08, 9.685754776000977e-08, 0.799258291721344, 0.600987434387207, -3.725290298461914e-08, -0.6009877324104309, 0.7992584705352783),
            ["LeftUpperLeg"] = CFrame.new(0, -5.743931978940964e-07, -9.12696123123169e-08, 0.8852887749671936, 0.09460953623056412, -0.4553161561489105, -0.27436086535453796, 0.8967958688735962, -0.34710684418678284, 0.3754860758781433, 0.4322108328342438, 0.8198805451393127),
            ["LeftLowerLeg"] = CFrame.new(-2.9802322387695312e-08, 0.0001227855682373047, 0.00007736682891845703, 1, 8.195634393359796e-08, -2.23517560016262e-08, -6.705523247774181e-08, 0.7890018224716187, 0.6143914461135864, 4.842878098543224e-08, -0.6143909692764282, 0.78900146484375),
        }},
        {Time = 0.267, Data = {
            ["RightFoot"] = CFrame.new(-0.005571369081735611, 0.008294165134429932, 0.0007871331763453782, 0.9537175297737122, 0.1586679369211197, -0.25543615221977234, -0.18190635740756989, 0.9808263778686523, -0.06992607563734055, 0.2394435554742813, 0.11315538734197617, 0.964293897151947),
            ["LeftLowerArm"] = CFrame.new(-5.960464477539062e-07, -5.364418029785156e-07, -1.1548399925231934e-07, 1, -7.450580596923828e-08, 3.352760913344355e-08, 6.705522537231445e-08, 0.49721020460128784, -0.867630124092102, 5.4016709327697754e-08, 0.8676301836967468, 0.49721023440361023),
            ["RightUpperArm"] = CFrame.new(2.384185791015625e-07, -2.384185791015625e-07, -2.60770320892334e-08, 0.9959824085235596, -0.08953887969255447, -0.0013350833905860782, 0.08216836303472519, 0.9197206497192383, -0.38387826085090637, 0.03559992089867592, 0.38222628831863403, 0.9233827590942383),
            ["Head"] = CFrame.new(-7.450580596923828e-09, 1.1920928955078125e-07, 4.0046870708465576e-08, 0.9969647526741028, 0.07647857815027237, -0.014573171734809875, -0.07764206826686859, 0.9904927015304565, -0.11356023699045181, 0.0057497210800647736, 0.11434704065322876, 0.9934242367744446),
            ["RightHand"] = CFrame.new(-5.029141902923584e-07, 1.1920928955078125e-07, -1.341104507446289e-07, 0.5972591638565063, 0.2902792692184448, 0.7476761341094971, -0.6855049133300781, 0.6686928868293762, 0.287980854511261, -0.41637077927589417, -0.6845347285270691, 0.5983707904815674),
            ["UpperTorso"] = CFrame.new(-1.210719347000122e-08, -8.940696716308594e-08, -3.003515303134918e-08, 0.9992724061012268, -0.008137630298733711, 0.0372634194791317, 0.010576261207461357, 0.9977820515632629, -0.06572086364030838, -0.036645952612161636, 0.0660671517252922, 0.9971420168876648),
            ["HumanoidRootPart"] = CFrame.new(0, 0, 0, 1, 0, 0, 0, 1, 0, 0, 0, 1),
            ["RightUpperLeg"] = CFrame.new(1.1920928955078125e-07, -1.8137507140636444e-07, -3.5222910810261965e-08, 0.9774845242500305, -0.12370064854621887, 0.17094503343105316, 0.19027817249298096, 0.866913914680481, -0.46071094274520874, -0.09120438992977142, 0.48286494612693787, 0.870932400226593),
            ["LeftUpperArm"] = CFrame.new(2.384185791015625e-07, 2.384185791015625e-07, 2.60770320892334e-08, 0.959545910358429, 0.14140227437019348, 0.24346908926963806, -0.07049687951803207, 0.9578552842140198, -0.2784663438796997, -0.27258387207984924, 0.25003743171691895, 0.9290745258331299),
            ["RightLowerArm"] = CFrame.new(0, 0, -4.0978193283081055e-07, 1, -7.078050145992165e-08, 3.259628655882807e-08, 6.705522537231445e-08, 0.5902690291404724, -0.8072065711021423, 2.9802322387695312e-08, 0.8072066903114319, 0.5902689695358276),
            ["LeftHand"] = CFrame.new(1.1920928955078125e-07, -2.980232238769531e-07, -7.7858567237854e-07, 0.5448251366615295, -0.12826862931251526, -0.8286813497543335, 0.8030532002449036, 0.36429452896118164, 0.4715878963470459, 0.24139413237571716, -0.9224080443382263, 0.3014833629131317),
            ["LeftFoot"] = CFrame.new(-0.00797492079436779, 0.004458785057067871, 0.00411919504404068, 0.9154444932937622, -0.24610169231891632, 0.31842678785324097, 0.29758355021476746, 0.9466203451156616, -0.12391098588705063, -0.2709342837333679, 0.2081921398639679, 0.939814031124115),
            ["LowerTorso"] = CFrame.new(-0.07146034389734268, -0.058805227279663086, -0.06267896294593811, 0.9989617466926575, -0.007729297038167715, 0.04489671811461449, 0.0036228145472705364, 0.9958593249320984, 0.09083602577447891, -0.04541290923953056, -0.0905790627002716, 0.9948533177375793),
