return {
    ["Crossed Out"] = {
        {Time = 0.000, Data = {
            ["RightFoot"] = CFrame.new(-4.6100467443466187e-08, 2.384185791015625e-07, -1.3205863069742918e-08, 0.9763273596763611, -0.06336009502410889, 0.20681066811084747, -0.04107740521430969, 0.8844208717346191, 0.46487945318222046, -0.2123621702194214, -0.46236923336982727, 0.8608812093734741),
            ["LeftLowerArm"] = CFrame.new(-0.0000015497207641601562, -0.0000019669532775878906, 0.000002346932888031006, 1, -7.450577044210149e-08, 1.0430807861894209e-07, 4.0978193283081055e-08, -0.39786380529403687, -0.9174445271492004, 1.601874828338623e-07, 0.9174444675445557, -0.39786389470100403),
            ["RightUpperArm"] = CFrame.new(-3.5762786865234375e-07, 0.0000021457672119140625, -5.811452865600586e-07, 0.5478070974349976, 0.3087671995162964, 0.7775411009788513, 0.8265091776847839, -0.05579178407788277, -0.5601516366004944, -0.12957610189914703, 0.9494999051094055, -0.28576210141181946),
            ["Head"] = CFrame.new(-1.778826117515564e-07, -1.1920928955078125e-07, -2.852175384759903e-09, 0.9979127645492554, 0.06125146895647049, -0.02045626938343048, -0.06374802440404892, 0.9849666953086853, -0.16055208444595337, 0.01031470112502575, 0.16152097284793854, 0.9868154525756836),
            ["RightHand"] = CFrame.new(-3.427267074584961e-07, 7.152557373046875e-07, -7.003545761108398e-07, 0.6106331944465637, 0.6360687017440796, -0.47174546122550964, -0.7340414524078369, 0.6781622767448425, -0.03576551750302315, 0.2971707284450531, 0.3681202530860901, 0.8810092210769653),
            ["UpperTorso"] = CFrame.new(2.7939677238464355e-09, 0.000003248453140258789, -1.7415732145309448e-07, 0.9964544177055359, 0.08079715818166733, -0.023465218022465706, -0.07424703240394592, 0.9756336212158203, 0.20646165311336517, 0.03957490622997284, -0.20398728549480438, 0.9781733155250549),
            ["HumanoidRootPart"] = CFrame.new(0, 0, 0, 1, 0, 0, 0, 1, 0, 0, 0, 1),
            ["RightUpperLeg"] = CFrame.new(6.556510925292969e-07, -0.0000012293457984924316, 3.9282895158976316e-08, 0.9861109852790833, 0.155380517244339, -0.05866899713873863, -0.14907371997833252, 0.9837751388549805, 0.09981723129749298, 0.07322689890861511, -0.08968506008386612, 0.9932746291160583),
            ["LeftUpperArm"] = CFrame.new(0, 0, 4.1909515857696533e-07, 0.23727470636367798, -0.27291417121887207, -0.9323189854621887, -0.8801772594451904, 0.34572768211364746, -0.3252081573009491, 0.41108232736587524, 0.897769570350647, -0.15818041563034058),
            ["RightLowerArm"] = CFrame.new(0.000002384185791015625, -8.940696716308594e-07, 7.748603820800781e-07, 1, -8.940677531654728e-08, 6.519254469594671e-08, 6.14673538734678e-08, -0.11104590445756912, -0.9938153028488159, 9.685765434142013e-08, 0.9938153028488159, -0.11104588210582733),
            ["LeftHand"] = CFrame.new(1.1920928955078125e-07, 0, -3.427267074584961e-07, 0.8907438516616821, -0.4092272222042084, 0.19775894284248352, 0.4198349118232727, 0.9075061082839966, -0.013092425651848316, -0.17410968244075775, 0.0946880504488945, 0.9801632165908813),
            ["LeftFoot"] = CFrame.new(5.494803190231323e-08, 5.960464477539063e-08, -3.725290298461914e-09, 0.9893482327461243, -0.12199556082487106, 0.0794188529253006, 0.04133658483624458, 0.7585627436637878, 0.6502879858016968, -0.13957639038562775, -0.6400780081748962, 0.7555250525474548),
            ["LowerTorso"] = CFrame.new(0.07664220035076141, 0.12325596809387207, -0.005426526069641113, 0.9885715246200562, -0.08601938188076019, 0.12380272150039673, 0.10163111984729767, 0.9868268370628357, -0.12587276101112366, -0.1113443374633789, 0.1370164155960083, 0.9842911958694458),
            ["RightLowerLeg"] = CFrame.new(-2.9802322387695312e-08, -0.00012201070785522461, -0.00007740424916846678, 1, -1.9557788277779764e-08, 4.6566089872968064e-10, 1.1175869119028903e-08, 0.994261622428894, 0.10697568953037262, 1.6298142835324825e-09, -0.10697592049837112, 0.994261622428894),
            ["LeftUpperLeg"] = CFrame.new(-5.960464477539063e-08, 6.924383342266083e-07, 3.725290298461914e-09, 0.9562250971794128, -0.16970720887184143, -0.23839713633060455, -0.020733341574668884, 0.7733264565467834, -0.6336685419082642, 0.29189690947532654, 0.6108729839324951, 0.7359558343887329),
            ["LeftLowerLeg"] = CFrame.new(3.203749656677246e-07, 0.0001221299171447754, 0.00007759407162666321, 1, 5.960464477539063e-08, 1.0058280253133489e-07, -9.313227877782992e-08, 0.1965152770280838, 0.9805009365081787, 6.332994928470725e-08, -0.9805008172988892, 0.1965142786502838),
        }},
        {Time = 0.033, Data = {
            ["RightFoot"] = CFrame.new(9.778887033462524e-09, 1.7881393432617188e-07, -2.029992174357176e-09, 0.9743344783782959, -0.08843166381120682, 0.20700764656066895, 0.038385797291994095, 0.9714059829711914, 0.2343018501996994, -0.22180810570716858, -0.2203417420387268, 0.9498686790466309),
            ["LeftLowerArm"] = CFrame.new(-1.7881393432617188e-07, -0.0000025033950805664062, 0.0000028796494007110596, 1, -8.940691031966708e-08, 1.4901152667334827e-07, 3.352759847530251e-08, -0.4300670921802521, -0.9027969241142273, 1.0058278832048018e-07, 0.9027969837188721, -0.43006715178489685),
            ["RightUpperArm"] = CFrame.new(-2.980232238769531e-07, 0.0000022649765014648438, -6.258487701416016e-07, 0.5493344068527222, 0.31600576639175415, 0.7735452055931091, 0.826521098613739, -0.06937629729509354, -0.5586140751838684, -0.12285956740379333, 0.94621741771698, -0.2992962598800659),
            ["Head"] = CFrame.new(-1.9744038581848145e-07, -2.384185791015625e-07, -7.986091077327728e-08, 0.9969677925109863, 0.0741947591304779, -0.023462707176804543, -0.07667947560548782, 0.9880331754684448, -0.133831188082695, 0.013252361677587032, 0.13522441685199738, 0.9907264113426208),
            ["RightHand"] = CFrame.new(-2.682209014892578e-07, 2.384185791015625e-07, -6.621703505516052e-07, 0.5406365394592285, 0.6593971252441406, -0.5224056243896484, -0.7685498595237732, 0.6396763920783997, 0.01204932201653719, 0.3421159088611603, 0.3949805200099945, 0.8526120781898499),
            ["UpperTorso"] = CFrame.new(9.778887033462524e-09, 0.000003039836883544922, -1.708976924419403e-07, 0.9946356415748596, 0.1021336168050766, -0.016396887600421906, -0.09630762040615082, 0.97217857837677, 0.21352703869342804, 0.037748951464891434, -0.21080231666564941, 0.9767996072769165),
            ["HumanoidRootPart"] = CFrame.new(0, 0, 0, 1, 0, 0, 0, 1, 0, 0, 0, 1),
            ["RightUpperLeg"] = CFrame.new(-0.004018008708953857, -0.01867438666522503, 0.0032718314323574305, 0.9780253171920776, 0.20589640736579895, -0.03276142477989197, -0.20041951537132263, 0.9717909097671509, 0.12431561201810837, 0.057433564215898514, -0.11501793563365936, 0.9917017221450806),
            ["LeftUpperArm"] = CFrame.new(0, -3.5762786865234375e-07, 3.0174851417541504e-07, 0.17816777527332306, -0.2649505138397217, -0.9476589560508728, -0.9057319760322571, 0.33224672079086304, -0.26317617297172546, 0.3845853805541992, 0.9052146077156067, -0.18077853322029114),
            ["RightLowerArm"] = CFrame.new(0.0000029802322387695312, -8.344650268554688e-07, 8.046627044677734e-07, 1, -1.1175846736932726e-07, 8.309139332141058e-08, 7.078058672504994e-08, -0.05608123540878296, -0.9984261989593506, 8.940705242821423e-08, 0.9984262585639954, -0.05608123540878296),
            ["LeftHand"] = CFrame.new(7.450580596923828e-09, -2.384185791015625e-07, -3.725290298461914e-07, 0.9069682359695435, -0.3486163020133972, 0.2363794445991516, 0.3488260507583618, 0.9362301230430603, 0.042351651936769485, -0.23607006669044495, 0.044043608009815216, 0.9707375168800354),
            ["LeftFoot"] = CFrame.new(1.862645149230957e-09, -1.7881393432617188e-07, -1.1175870895385742e-08, 0.9862755537033081, -0.1424877643585205, 0.08341376483440399, 0.05347699671983719, 0.7536545395851135, 0.6550920009613037, -0.1562078297138214, -0.6416401267051697, 0.7509304285049438),
            ["LowerTorso"] = CFrame.new(0.1000007912516594, 0.02550983428955078, -0.003793768584728241, 0.9836795330047607, -0.12182663381099701, 0.13241182267665863, 0.13753367960453033, 0.9835901260375977, -0.11676905304193497, -0.11601336300373077, 0.13307438790798187, 0.9842928051948547),
            ["RightLowerLeg"] = CFrame.new(-2.2351741790771484e-08, -0.0001226663589477539, -0.00007738841668469831, 1, -8.381910276966664e-09, 6.053591850019302e-09, 1.4319084584712982e-08, 0.9941897988319397, 0.10764112323522568, -8.716597221791744e-09, -0.10764138400554657, 0.9941897988319397),
            ["LeftUpperLeg"] = CFrame.new(-2.384185791015625e-07, -3.585591912269592e-08, -6.705522537231445e-08, 0.9441527724266052, -0.1624850034713745, -0.28666019439697266, -0.06890805065631866, 0.7533657550811768, -0.65398108959198, 0.32222214341163635, 0.6372115612030029, 0.7000961303710938),
            ["LeftLowerLeg"] = CFrame.new(2.1606683731079102e-07, 0.0001220703125, 0.00007797591388225555, 1, 5.02914261346632e-08, 8.754427938129083e-08, -1.0058281674218961e-07, 0.16478599607944489, 0.9863296151161194, 8.009372010064908e-08, -0.9863294363021851, 0.16478489339351654),
        }},
        {Time = 0.067, Data = {
            ["RightFoot"] = CFrame.new(-4.842877388000488e-08, 2.384185791015625e-07, 1.6596459317952394e-08, 0.9809062480926514, -0.10556521266698837, 0.16333742439746857, 0.10431109368801117, 0.9944118857383728, 0.016261298209428787, -0.16414113342761993, 0.0010876061860471964, 0.9864362478256226),
            ["LeftLowerArm"] = CFrame.new(5.960464477539063e-08, -0.0000017881393432617188, 0.0000026971101760864258, 1, -1.0430807861894209e-07, 8.940693874137651e-08, 4.842878098543224e-08, -0.44077643752098083, -0.8976169228553772, 1.3783575525394554e-07, 0.897616982460022, -0.44077640771865845),
            ["RightUpperArm"] = CFrame.new(-3.5762786865234375e-07, 0.0000021457672119140625, -5.587935447692871e-07, 0.5418107509613037, 0.27853110432624817, 0.7930079102516174, 0.8311841487884521, -0.037470512092113495, -0.5547332763671875, -0.12479601800441742, 0.9596959948539734, -0.25181254744529724),
            ["Head"] = CFrame.new(-1.8812716007232666e-07, 4.76837158203125e-07, 1.5133991837501526e-08, 0.996616780757904, 0.08068899065256119, -0.015635091811418533, -0.08196918666362762, 0.9897221922874451, -0.1171800047159195, 0.006019296124577522, 0.11806508153676987, 0.9929876327514648),
            ["RightHand"] = CFrame.new(-2.8312206268310547e-07, 3.5762786865234375e-07, -8.493661880493164e-07, 0.5331811308860779, 0.6964714527130127, -0.4802556037902832, -0.7696980237960815, 0.6349563598632812, 0.06629911065101624, 0.351116806268692, 0.3343021869659424, 0.8746193051338196),
            ["UpperTorso"] = CFrame.new(4.6566128730773926e-09, 0.00000286102294921875, -1.2526288628578186e-07, 0.9892088174819946, 0.14648906886577606, 0.002619409002363682, -0.14315181970596313, 0.9625568389892578, 0.2302001565694809, 0.031200386583805084, -0.22809094190597534, 0.9731398224830627),
            ["HumanoidRootPart"] = CFrame.new(0, 0, 0, 1, 0, 0, 0, 1, 0, 0, 0, 1),
            ["RightUpperLeg"] = CFrame.new(-0.0020087063312530518, -0.009338251315057278, 0.0016359520377591252, 0.9608973860740662, 0.2765140235424042, -0.014695733785629272, -0.2747306227684021, 0.9586473703384399, 0.07428566366434097, 0.03462924435734749, -0.06734389066696167, 0.9971287250518799),
            ["LeftUpperArm"] = CFrame.new(0, -3.5762786865234375e-07, 3.3620744943618774e-07, 0.1666530817747116, -0.26937437057495117, -0.9485063552856445, -0.9031369090080261, 0.34433406591415405, -0.2564719021320343, 0.3956899344921112, 0.8993728756904602, -0.1858975738286972),
            ["RightLowerArm"] = CFrame.new(0.0000025033950805664062, -9.5367431640625e-07, 1.7881393432617188e-07, 1, -2.9802254886135415e-08, 8.940692453052179e-08, 7.450590544522129e-08, -0.08676336705684662, -0.9962289333343506, 1.0430826336005339e-07, 0.9962289333343506, -0.0867634117603302),
            ["LeftHand"] = CFrame.new(-2.9802322387695312e-08, -4.76837158203125e-07, -2.980232238769531e-07, 0.9080812931060791, -0.3130182921886444, 0.27822309732437134, 0.28875359892845154, 0.9491546154022217, 0.12540698051452637, -0.3033314049243927, -0.033541809767484665, 0.9522945880889893),
            ["LeftFoot"] = CFrame.new(2.9103830456733704e-08, 5.960464477539063e-08, -1.862645149230957e-08, 0.985322892665863, -0.1696390062570572, 0.0190095417201519, 0.11976273357868195, 0.7663503289222717, 0.6311613321304321, -0.12163768708705902, -0.6196206212043762, 0.7754186987876892),
            ["LowerTorso"] = CFrame.new(0.12396613508462906, -0.06109762191772461, 0.0016674995422363281, 0.9752216339111328, -0.1757468581199646, 0.13437215983867645, 0.19150498509407043, 0.9747301936149597, -0.11500930786132812, -0.11076407879590988, 0.13789249956607819, 0.9842342734336853),
            ["RightLowerLeg"] = CFrame.new(-6.612390279769897e-08, -0.00012230873107910156, -0.00007742101297480986, 1, -3.7252920748187535e-08, -1.8626435949187226e-09, 3.91155481338501e-08, 0.9758592247962952, 0.21840012073516846, -9.313225746154785e-10, -0.21840055286884308, 0.9758592844009399),
            ["LeftUpperLeg"] = CFrame.new(-3.5762786865234375e-07, 1.3504177331924438e-07, -1.1175870895385742e-08, 0.9315007925033569, -0.1269647777080536, -0.34086087346076965, -0.1394689530134201, 0.7408086061477661, -0.6570770740509033, 0.33593854308128357, 0.6596079468727112, 0.6723566651344299),
            ["LeftLowerLeg"] = CFrame.new(3.050081431865692e-07, 0.00012218952178955078, 0.00007745251059532166, 1, 9.755606100725345e-08, 8.067581802606583e-08, -7.380732824913139e-08, 0.14784885942935944, 0.9890101552009583, 8.195640788244418e-08, -0.9890099763870239, 0.14784763753414154),
        }},
        {Time = 0.100, Data = {
            ["RightFoot"] = CFrame.new(4.284083843231201e-08, 2.384185791015625e-07, 3.149762051180005e-08, 0.9807325601577759, -0.12619800865650177, 0.14912334084510803, 0.151384636759758, 0.9734253883361816, -0.17183004319667816, -0.1234760507941246, 0.19109436869621277, 0.9737744927406311),
            ["LeftLowerArm"] = CFrame.new(-5.960464477539063e-08, -0.0000021457672119140625, 0.000002816319465637207, 1, -5.960460924825384e-08, 1.0430809993522416e-07, 5.960465188081798e-08, -0.43525657057762146, -0.9003064632415771, 1.1175872316471214e-07, 0.9003064632415771, -0.43525663018226624),
            ["RightUpperArm"] = CFrame.new(-1.7881393432617188e-07, 0.0000021457672119140625, -5.364418029785156e-07, 0.4954730272293091, 0.23483431339263916, 0.8362771272659302, 0.8574261665344238, 0.021862953901290894, -0.5141424536705017, -0.13902167975902557, 0.9717894792556763, -0.1905205249786377),
            ["Head"] = CFrame.new(-2.0023435354232788e-07, 0, 5.8906152844429016e-08, 0.9975952506065369, 0.06909018009901047, 0.005498338956385851, -0.06803363561630249, 0.9913036823272705, -0.11264306306838989, -0.013233008794486523, 0.11199802160263062, 0.9936203956604004),
            ["RightHand"] = CFrame.new(-1.6391277313232422e-07, 1.1920928955078125e-07, -8.046627044677734e-07, 0.5710644721984863, 0.6622412204742432, -0.48509979248046875, -0.7128312587738037, 0.6931153535842896, 0.10706455260515213, 0.407132625579834, 0.28465354442596436, 0.8678799271583557),
            ["UpperTorso"] = CFrame.new(8.568167686462402e-08, 0.0000028312206268310547, -1.6205012798309326e-07, 0.9809301495552063, 0.19338588416576385, 0.01944197528064251, -0.19213365018367767, 0.949726402759552, 0.24719305336475372, 0.029339024797081947, -0.24621449410915375, 0.9687712788581848),
            ["HumanoidRootPart"] = CFrame.new(0, 0, 0, 1, 0, 0, 0, 1, 0, 0, 0, 1),
            ["RightUpperLeg"] = CFrame.new(5.364418029785156e-07, -0.000001953449100255966, 7.281050784513354e-08, 0.9431993365287781, 0.33076635003089905, -0.031126633286476135, -0.33167794346809387, 0.9428835511207581, -0.030987927690148354, 0.019099276512861252, 0.03955166041851044, 0.9990350008010864),
            ["LeftUpperArm"] = CFrame.new(5.960464477539063e-08, -2.384185791015625e-07, 3.4319236874580383e-07, 0.1396435797214508, -0.27732568979263306, -0.9505736827850342, -0.9018943905830383, 0.3606639504432678, -0.23771435022354126, 0.40876173973083496, 0.8905122876167297, -0.1997540295124054),
            ["RightLowerArm"] = CFrame.new(0.000003159046173095703, -0.0000011920928955078125, 5.662441253662109e-07, 1, -1.1920903375539638e-07, 9.68574909165909e-08, 7.450587702351186e-08, -0.14880305528640747, -0.988866925239563, 1.1920940323761897e-07, 0.9888668656349182, -0.14880304038524628),
            ["LeftHand"] = CFrame.new(9.760260581970215e-07, 1.1920928955078125e-07, -2.384185791015625e-07, 0.926485002040863, -0.2549729347229004, 0.27679285407066345, 0.205586239695549, 0.9589680433273315, 0.19522985816001892, -0.3152139484882355, -0.12397268414497375, 0.9408884048461914),
            ["LeftFoot"] = CFrame.new(6.05359673500061e-08, 5.960464477539063e-08, -3.725290298461914e-09, 0.9802893996238708, -0.19728900492191315, 0.010474803857505322, 0.14925619959831238, 0.774275541305542, 0.6149972677230835, -0.12944276630878448, -0.6013105511665344, 0.7884597182273865),
            ["LowerTorso"] = CFrame.new(0.13670718669891357, -0.1499786376953125, 0.010675802826881409, 0.9662250876426697, -0.22307929396629333, 0.12901465594768524, 0.2382396012544632, 0.9641092419624329, -0.11719829589128494, -0.09823969751596451, 0.1439763307571411, 0.9846928119659424),
            ["RightLowerLeg"] = CFrame.new(-3.725290298461914e-09, -0.00012254714965820312, -0.00007738376007182524, 1, -7.078055119791316e-08, -7.450577044210149e-09, 5.960464477539063e-08, 0.9057745933532715, 0.42375919222831726, -1.3969838619232178e-08, -0.4237598478794098, 0.9057748913764954),
            ["LeftUpperLeg"] = CFrame.new(-2.384185791015625e-07, 1.3690441846847534e-07, -4.470348358154297e-08, 0.9160856008529663, -0.1349039524793625, -0.3776084780693054, -0.19745293259620667, 0.6678550243377686, -0.7176216244697571, 0.34899789094924927, 0.7319634556770325, 0.5851761102676392),
            ["LeftLowerLeg"] = CFrame.new(2.3283064365386963e-07, 0.00012230873107910156, 0.0000773891806602478, 1, 6.798659768492143e-08, 7.12461272200926e-08, -6.28642737865448e-08, -0.022069890052080154, 0.999756395816803, 9.220093488693237e-08, -0.9997565150260925, -0.0220713559538126),
        }},
        {Time = 0.133, Data = {
            ["RightFoot"] = CFrame.new(-8.381903171539307e-09, 3.5762786865234375e-07, -3.55576048605144e-08, 0.9790434241294861, -0.1323804408311844, 0.1547558754682541, 0.16214589774608612, 0.9664815664291382, -0.19905315339565277, -0.1232181191444397, 0.21997474133968353, 0.9676923751831055),
            ["LeftLowerArm"] = CFrame.new(-8.344650268554688e-07, -0.0000027418136596679688, 0.0000027567148208618164, 1, -7.450577044210149e-08, 7.450577044210149e-08, 1.0430814256778831e-07, -0.41236576437950134, -0.911018431186676, 1.3411046495548362e-07, 0.911018431186676, -0.41236573457717896),
            ["RightUpperArm"] = CFrame.new(-4.172325134277344e-07, 0.000002384185791015625, -4.917383193969727e-07, 0.44209617376327515, 0.18720224499702454, 0.8772151470184326, 0.8835078477859497, 0.07790449261665344, -0.4618927836418152, -0.15480633080005646, 0.9792273640632629, -0.1309533268213272),
            ["Head"] = CFrame.new(-2.1792948246002197e-07, 7.152557373046875e-07, -1.955777406692505e-08, 0.9980759024620056, 0.05418556556105614, 0.030140290036797523, -0.050390999764204025, 0.9920973777770996, -0.11490754038095474, -0.03612837940454483, 0.11316756159067154, 0.9929189085960388),
            ["RightHand"] = CFrame.new(0.000001087784767150879, 4.172325134277344e-07, -5.327165126800537e-07, 0.6033903360366821, 0.6374742388725281, -0.4791104197502136, -0.6761773228645325, 0.7274894714355469, 0.11637584865093231, 0.42273440957069397, 0.25374361872673035, 0.8700056672096252),
            ["UpperTorso"] = CFrame.new(1.8533319234848022e-07, 0.0000032186508178710938, -1.5227124094963074e-07, 0.9719710350036621, 0.23463553190231323, 0.014779859222471714, -0.23000457882881165, 0.9360035061836243, 0.26644957065582275, 0.048684459179639816, -0.26238054037094116, 0.9637356400489807),
            ["HumanoidRootPart"] = CFrame.new(0, 0, 0, 1, 0, 0, 0, 1, 0, 0, 0, 1),
            ["RightUpperLeg"] = CFrame.new(7.748603820800781e-07, -0.0000018230639398097992, 2.6244379114359617e-08, 0.9321863055229187, 0.35812538862228394, -0.05267860367894173, -0.3607806861400604, 0.9310407042503357, -0.054776012897491455, 0.029429448768496513, 0.07006681710481644, 0.9971081614494324),
            ["LeftUpperArm"] = CFrame.new(0, -5.960464477539062e-07, 3.2782554626464844e-07, 0.11158572137355804, -0.29187971353530884, -0.9499236345291138, -0.8986762762069702, 0.378381609916687, -0.22182978689670563, 0.424181193113327, 0.8784267902374268, -0.22008337080478668),
            ["RightLowerArm"] = CFrame.new(0.00000286102294921875, -0.0000011324882507324219, 9.238719940185547e-07, 1, -5.215395759705643e-08, 7.450577044210149e-08, 1.117588297461225e-07, -0.21437357366085052, -0.9767518043518066, 1.192094174484737e-07, 0.9767517447471619, -0.21437355875968933),
            ["LeftHand"] = CFrame.new(5.885958671569824e-07, -1.7881393432617188e-07, -1.7881393432617188e-07, 0.9347514510154724, -0.21686500310897827, 0.2814415395259857, 0.1563778966665268, 0.9623820781707764, 0.22218623757362366, -0.3190387785434723, -0.16367760300636292, 0.9335010051727295),
            ["LeftFoot"] = CFrame.new(8.89413058757782e-08, -5.960464477539063e-08, -7.450580596923828e-09, 0.9794506430625916, -0.2010214924812317, 0.01633559539914131, 0.14590969681739807, 0.7621787786483765, 0.6307095885276794, -0.13923698663711548, -0.6153648495674133, 0.7758470773696899),
            ["LowerTorso"] = CFrame.new(0.13579708337783813, -0.18157553672790527, 0.020584873855113983, 0.9571757316589355, -0.2555615305900574, 0.13602609932422638, 0.27283531427383423, 0.9534281492233276, -0.12859128415584564, -0.09682813286781311, 0.16019713878631592, 0.982324481010437),
            ["RightLowerLeg"] = CFrame.new(-1.2479722499847412e-07, -0.00012224912643432617, -0.0000774172876845114, 1, -4.842879164357328e-08, -9.313223969797946e-09, 7.078050856534901e-08, 0.8740564584732056, 0.48582369089126587, -1.303851426825986e-08, -0.485824316740036, 0.874056875705719),
            ["LeftUpperLeg"] = CFrame.new(0, 6.109476089477539e-07, 1.1175870895385742e-08, 0.9072160124778748, -0.1341245174407959, -0.39871010184288025, -0.22747835516929626, 0.6408575773239136, -0.7331814169883728, 0.3538539707660675, 0.7558519840240479, 0.5508859753608704),
            ["LeftLowerLeg"] = CFrame.new(2.942979335784912e-07, 0.00012201070785522461, 0.00007780082523822784, 1, 8.940698847936801e-08, 9.220089935979559e-08, -1.0803343286625022e-07, -0.08393499255180359, 0.9964711666107178, 7.729978079851207e-08, -0.9964712262153625, -0.08393573760986328),
        }},
        {Time = 0.167, Data = {
            ["RightFoot"] = CFrame.new(-8.381903171539307e-09, 4.172325134277344e-07, -9.480572771281004e-09, 0.9739298224449158, -0.12898124754428864, 0.18661372363567352, 0.16948872804641724, 0.9605054259300232, -0.22068731486797333, -0.15077897906303406, 0.2465631663799286, 0.9573257565498352),
            ["LeftLowerArm"] = CFrame.new(1.7881393432617188e-07, -0.0000020265579223632812, 0.0000026714988052845, 1, -4.470345515983354e-08, 1.0430807861894209e-07, 9.313225746154785e-08, -0.37085410952568054, -0.9286912679672241, 1.1920928955078125e-07, 0.9286911487579346, -0.37085407972335815),
            ["RightUpperArm"] = CFrame.new(-2.980232238769531e-07, 0.0000025033950805664062, -6.034970283508301e-07, 0.4453556537628174, 0.15829895436763763, 0.8812490105628967, 0.8733168244361877, 0.1402232050895691, -0.4665353000164032, -0.1974235624074936, 0.9773837327957153, -0.07579592615365982),
            ["Head"] = CFrame.new(-1.7881393432617188e-07, 5.960464477539062e-07, -8.009374141693115e-08, 0.998240053653717, 0.052450135350227356, 0.027672341093420982, -0.04930830001831055, 0.9933475255966187, -0.10406503826379776, -0.03294644504785538, 0.10251731425523758, 0.9941855072975159),
            ["RightHand"] = CFrame.new(3.725290298461914e-07, 1.1920928955078125e-07, -6.631016731262207e-07, 0.631603479385376, 0.6562352776527405, -0.4128345847129822, -0.7211191058158875, 0.6928082704544067, -0.0019766998011618853, 0.28471803665161133, 0.29895132780075073, 0.9108039736747742),
            ["UpperTorso"] = CFrame.new(9.499490261077881e-08, 0.000002592802047729492, -1.273583620786667e-07, 0.9709666967391968, 0.2391928881406784, 0.0032441222574561834, -0.23103837668895721, 0.9341762065887451, 0.2719120979309082, 0.06200876832008362, -0.2647669315338135, 0.9623166918754578),
            ["HumanoidRootPart"] = CFrame.new(0, 0, 0, 1, 0, 0, 0, 1, 0, 0, 0, 1),
            ["RightUpperLeg"] = CFrame.new(7.152557373046875e-07, -0.000001860782504081726, 6.16346369497478e-08, 0.9362568855285645, 0.33535236120224, -0.10469941794872284, -0.3427419364452362, 0.9373410940170288, -0.0626075491309166, 0.07714373618364334, 0.09450159966945648, 0.9925312995910645),
            ["LeftUpperArm"] = CFrame.new(1.1920928955078125e-07, 3.5762786865234375e-07, 2.60770320892334e-07, 0.09114141762256622, -0.31500527262687683, -0.9447036385536194, -0.8935931324958801, 0.3928314745426178, -0.21719758212566376, 0.4395276606082916, 0.8639764189720154, -0.24568334221839905),
            ["RightLowerArm"] = CFrame.new(0.0000024437904357910156, -8.344650268554688e-07, 5.289912223815918e-07, 1, -1.1175845315847255e-07, 1.0430802888095059e-07, 1.117588297461225e-07, -0.23695938289165497, -0.9715195298194885, 1.415611876609546e-07, 0.9715195894241333, -0.2369592934846878),
            ["LeftHand"] = CFrame.new(-3.725290298461914e-08, 0, -2.980232238769531e-07, 0.9233053922653198, -0.20812946557998657, 0.3227836489677429, 0.15895970165729523, 0.972160816192627, 0.17214922606945038, -0.34962689876556396, -0.1076367050409317, 0.9306855201721191),
            ["LeftFoot"] = CFrame.new(2.0721927285194397e-08, 0, 3.725290298461914e-09, 0.9816703200340271, -0.18732593953609467, 0.035105589777231216, 0.121357761323452, 0.7564182877540588, 0.6427319049835205, -0.14695492386817932, -0.6266902089118958, 0.7652864456176758),
            ["LowerTorso"] = CFrame.new(0.1175956204533577, -0.19476008415222168, 0.020472265779972076, 0.9549771547317505, -0.2521508038043976, 0.15632940828800201, 0.2743045389652252, 0.9511827230453491, -0.14145155251026154, -0.11303070932626724, 0.17796485126018524, 0.9775237441062927),
            ["RightLowerLeg"] = CFrame.new(-3.166496753692627e-08, -0.00012230873107910156, -0.00007742473826510832, 1, -7.450580596923828e-08, -1.4901155864777138e-08, 9.12696123123169e-08, 0.8334675431251526, 0.5525678396224976, -2.421438694000244e-08, -0.5525683760643005, 0.8334679007530212),
            ["LeftUpperLeg"] = CFrame.new(-5.960464477539063e-08, 2.0582228899002075e-07, -3.725290298461914e-08, 0.9097350239753723, -0.15435412526130676, -0.3854309320449829, -0.20605863630771637, 0.6380726099014282, -0.7418912649154663, 0.3604471981525421, 0.7543461918830872, 0.5486714243888855),
            ["LeftLowerLeg"] = CFrame.new(1.8882565200328827e-07, 0.0001220703125, 0.00007790513336658478, 1, 8.009376273321323e-08, 1.0954678941743623e-07, -9.592621097453957e-08, -0.09737900644540787, 0.9952473044395447, 9.755602548011666e-08, -0.9952474236488342, -0.09737998247146606),
        }},
        {Time = 0.200, Data = {
            ["RightFoot"] = CFrame.new(9.313225746154785e-10, 4.172325134277344e-07, 5.012407200410962e-08, 0.9711235165596008, -0.10654029250144958, 0.21346722543239594, 0.14494729042053223, 0.9741606116294861, -0.1732090711593628, -0.1894979178905487, 0.1991489678621292, 0.9614731073379517),
            ["LeftLowerArm"] = CFrame.new(-2.980232238769531e-07, -0.000002384185791015625, 0.0000026226043701171875, 1, -7.450576333667414e-08, 5.2154039309471045e-08, 1.0803340444454079e-07, -0.31864020228385925, -0.9478757381439209, 1.0058282384761696e-07, 0.9478757977485657, -0.31864026188850403),
            ["RightUpperArm"] = CFrame.new(-2.980232238769531e-07, 0.0000020265579223632812, -5.811452865600586e-07, 0.4924215078353882, 0.15823830664157867, 0.855851411819458, 0.8364700078964233, 0.18567433953285217, -0.5155996680259705, -0.24049735069274902, 0.9697864651679993, -0.04093154892325401),
            ["Head"] = CFrame.new(-2.0302832126617432e-07, 4.76837158203125e-07, -1.210719347000122e-08, 0.9984066486358643, 0.05593697354197502, 0.007441278081387281, -0.05515400692820549, 0.9951943159103394, -0.08091020584106445, -0.01193133182823658, 0.08037079125642776, 0.9966936707496643),
            ["RightHand"] = CFrame.new(7.301568984985352e-07, 1.1920928955078125e-07, -6.556510925292969e-07, 0.6671313643455505, 0.559380292892456, -0.49196481704711914, -0.6493709087371826, 0.7603016495704651, -0.01609455794095993, 0.36503866314888, 0.3302047848701477, 0.8704663515090942),
            ["UpperTorso"] = CFrame.new(5.634501576423645e-08, 0.000003069639205932617, -2.1441155695356429e-07, 0.9767381548881531, 0.21443109214305878, 0.0014033011393621564, -0.2076275646686554, 0.9440712332725525, 0.25616490840911865, 0.05360483005642891, -0.2504972517490387, 0.9666321873664856),
            ["HumanoidRootPart"] = CFrame.new(0, 0, 0, 1, 0, 0, 0, 1, 0, 0, 0, 1),
            ["RightUpperLeg"] = CFrame.new(4.172325134277344e-07, -0.0000018477439880371094, -5.420588422566652e-09, 0.9477888345718384, 0.28997910022735596, -0.1326976865530014, -0.2954387664794922, 0.955083429813385, -0.02305656298995018, 0.12005162984132767, 0.061056677252054214, 0.9908883571624756),
            ["LeftUpperArm"] = CFrame.new(0, -5.960464477539062e-07, 3.427267074584961e-07, 0.1054658368229866, -0.32851389050483704, -0.9385923743247986, -0.888089656829834, 0.39354145526885986, -0.237533301115036, 0.447407990694046, 0.858605682849884, -0.2502445876598358),
            ["RightLowerArm"] = CFrame.new(0.0000021457672119140625, -8.344650268554688e-07, 5.289912223815918e-07, 1, -2.235169382913682e-08, 1.490115550950577e-07, 1.192094316593284e-07, -0.1888500601053238, -0.9820059537887573, 1.3038531676556886e-07, 0.9820060133934021, -0.18885011970996857),
            ["LeftHand"] = CFrame.new(2.9802322387695312e-08, -2.980232238769531e-07, -3.2782554626464844e-07, 0.8822295069694519, -0.2081179916858673, 0.422324538230896, 0.1809953898191452, 0.9779860973358154, 0.10384680330753326, -0.4346398413181305, -0.015177887864410877, 0.9004764556884766),
            ["LeftFoot"] = CFrame.new(8.381903171539307e-09, 0, 0, 0.9870116710662842, -0.14936253428459167, 0.059150680899620056, 0.0838189497590065, 0.7929074168205261, 0.6035500764846802, -0.13704907894134521, -0.5907527208328247, 0.7951279878616333),
            ["LowerTorso"] = CFrame.new(0.09029333293437958, -0.16066241264343262, 0.019740350544452667, 0.9587076902389526, -0.2264859825372696, 0.17199914157390594, 0.2518182694911957, 0.9571048021316528, -0.14331063628196716, -0.13216334581375122, 0.18070553243160248, 0.9746171236038208),
            ["RightLowerLeg"] = CFrame.new(-1.1455267667770386e-07, -0.0001220703125, -0.00007742846355540678, 1, -6.519261575022028e-08, -3.352760202801619e-08, 9.778888454547996e-08, 0.8605143427848816, 0.509425699710846, -1.862645326866641e-08, -0.5094264149665833, 0.8605146408081055),
            ["LeftUpperLeg"] = CFrame.new(-1.7881393432617188e-07, 4.041939973831177e-07, -1.2665987014770508e-07, 0.9206660985946655, -0.165679931640625, -0.3534461557865143, -0.1575157344341278, 0.6707819104194641, -0.7247344255447388, 0.35715919733047485, 0.722912073135376, 0.5914691686630249),
            ["LeftLowerLeg"] = CFrame.new(2.086162567138672e-07, 0.00012224912643432617, 0.00007767416536808014, 1, 8.009376273321323e-08, 8.940693874137651e-08, -1.0803341865539551e-07, -0.04028752073645592, 0.9991881251335144, 8.195638656616211e-08, -0.9991881251335144, -0.04028856009244919),
        }},
        {Time = 0.233, Data = {
            ["RightFoot"] = CFrame.new(3.3527612686157227e-08, 4.172325134277344e-07, 2.2184394765645266e-08, 0.9675083756446838, -0.08288667351007462, 0.238866925239563, 0.08511734008789062, 0.9963705539703369, 0.0009806083980947733, -0.23808102309703827, 0.019383102655410767, 0.9710518717765808),
            ["LeftLowerArm"] = CFrame.new(-0.0000011026859283447266, -0.0000016093254089355469, 0.000002250075340270996, 1, -5.9604587931971764e-08, 7.450574912581942e-08, 8.195637946073475e-08, -0.26550552248954773, -0.9641093015670776, 1.2293456563838845e-07, 0.9641094207763672, -0.26550552248954773),
            ["RightUpperArm"] = CFrame.new(-3.5762786865234375e-07, 0.0000015497207641601562, -6.109476089477539e-07, 0.5555872321128845, 0.14487987756729126, 0.8187384605407715, 0.7914770245552063, 0.2095227986574173, -0.5741642117500305, -0.2547292709350586, 0.9670108556747437, 0.0017390729626640677),
            ["Head"] = CFrame.new(-1.6344711184501648e-07, 3.5762786865234375e-07, -2.7939677238464355e-09, 0.9983091950416565, 0.05730317160487175, -0.009762180037796497, -0.05771306902170181, 0.9971413612365723, -0.048768915235996246, 0.006939673330634832, 0.04924981668591499, 0.9987623691558838),
            ["RightHand"] = CFrame.new(1.4901161193847656e-07, 2.980232238769531e-07, -7.674098014831543e-07, 0.7327978014945984, 0.40202534198760986, -0.548983633518219, -0.504254162311554, 0.8625608682632446, -0.0414310023188591, 0.4568755030632019, 0.30718788504600525, 0.8348056674003601),
            ["UpperTorso"] = CFrame.new(1.862645149230957e-09, 0.0000025331974029541016, -1.2619420886039734e-07, 0.987933874130249, 0.15419305860996246, 0.014537164010107517, -0.1534208357334137, 0.9614852070808411, 0.22805345058441162, 0.02118687517940998, -0.22753185033798218, 0.973540186882019),
            ["HumanoidRootPart"] = CFrame.new(0, 0, 0, 1, 0, 0, 0, 1, 0, 0, 0, 1),
            ["RightUpperLeg"] = CFrame.new(-0.0028367936611175537, -0.011836303398013115, 0.0013647769810631871, 0.9676682949066162, 0.22581513226032257, -0.11236337572336197, -0.2171967625617981, 0.9725108742713928, 0.08395374566316605, 0.12823285162448883, -0.05683446303009987, 0.9901142716407776),
            ["LeftUpperArm"] = CFrame.new(1.7881393432617188e-07, -0.0000010728836059570312, 3.650784492492676e-07, 0.16582955420017242, -0.34215104579925537, -0.9248962998390198, -0.8615452647209167, 0.4060804545879364, -0.30469411611557007, 0.479833722114563, 0.8473673462867737, -0.22743847966194153),
            ["RightLowerArm"] = CFrame.new(0.0000034570693969726562, -6.556510925292969e-07, 4.0605664253234863e-07, 1, -7.078037356222922e-08, 1.1920926112907182e-07, 1.192094174484737e-07, -0.10723262280225754, -0.9942339658737183, 9.499500208676182e-08, 0.9942339658737183, -0.10723263770341873),
            ["LeftHand"] = CFrame.new(-2.5331974029541016e-07, -5.960464477539063e-08, -3.8743019104003906e-07, 0.8269349932670593, -0.12048225849866867, 0.5492382645606995, 0.1107807606458664, 0.9925389289855957, 0.05093395709991455, -0.5512769222259521, 0.018726158887147903, 0.834112286567688),
            ["LeftFoot"] = CFrame.new(9.313225746154785e-09, -1.1920928955078125e-07, 5.21540641784668e-08, 0.9919196963310242, -0.10473667830228806, 0.07159289717674255, 0.037896011024713516, 0.7831563353538513, 0.6206695437431335, -0.1210753545165062, -0.612940788269043, 0.7807969450950623),
            ["LowerTorso"] = CFrame.new(0.05358695983886719, -0.057915449142456055, 0.006509460508823395, 0.9728323817253113, -0.17414091527462006, 0.15255217254161835, 0.1963481307029724, 0.9697302579879761, -0.14515741169452667, -0.12265662848949432, 0.17116715013980865, 0.977577269077301),
            ["RightLowerLeg"] = CFrame.new(-8.218921720981598e-08, -0.00012236833572387695, -0.00007745454058749601, 1, -4.284087040673512e-08, -2.7939646152219666e-09, 4.144384391224776e-08, 0.9498358964920044, 0.3127482831478119, -6.2864260463868504e-09, -0.3127489387989044, 0.9498361349105835),
            ["LeftUpperLeg"] = CFrame.new(-1.1920928955078125e-07, 5.140900611877441e-07, 1.4901161193847656e-08, 0.9473299384117126, -0.14243225753307343, -0.2868432104587555, -0.07979738712310791, 0.7624338865280151, -0.6421265006065369, 0.31015849113464355, 0.6311954259872437, 0.7109111547470093),
            ["LeftLowerLeg"] = CFrame.new(2.7567148208618164e-07, 0.0001221299171447754, 0.00007758848369121552, 1, 8.009374141693115e-08, 3.911553392299538e-08, -1.0430811414607888e-07, 0.16686762869358063, 0.9859795570373535, 7.823108916227284e-08, -0.9859793186187744, 0.16686636209487915),
        }},
        {Time = 0.267, Data = {
            ["RightFoot"] = CFrame.new(4.423782229423523e-09, 1.7881393432617188e-07, -1.6305421013385057e-08, 0.9684102535247803, -0.07193023711442947, 0.23876288533210754, 0.03882446885108948, 0.9893090724945068, 0.1405714899301529, -0.24632151424884796, -0.12686066329479218, 0.9608496427536011),
            ["LeftLowerArm"] = CFrame.new(4.76837158203125e-07, -0.0000020265579223632812, 0.0000029588118195533752, 1, -9.68574909165909e-08, 1.3411036547950062e-07, 5.21540641784668e-08, -0.1979432851076126, -0.9802135229110718, 1.5972182154655457e-07, 0.9802135229110718, -0.19794327020645142),
            ["RightUpperArm"] = CFrame.new(-2.384185791015625e-07, 0.0000025033950805664062, -6.034970283508301e-07, 0.6444623470306396, 0.12418323755264282, 0.7544845342636108, 0.731866180896759, 0.18558964133262634, -0.6556892395019531, -0.22145016491413116, 0.9747487306594849, 0.028720049187541008),
            ["Head"] = CFrame.new(-1.8137507140636444e-07, 9.5367431640625e-07, -1.6763806343078613e-08, 0.9980029463768005, 0.05499710887670517, -0.031073540449142456, -0.05528027191758156, 0.9984362125396729, -0.008326172828674316, 0.030567079782485962, 0.010027267038822174, 0.9994823932647705),
            ["RightHand"] = CFrame.new(4.023313522338867e-07, 3.5762786865234375e-07, -6.407499313354492e-07, 0.7624548673629761, 0.22028498351573944, -0.6083889603614807, -0.2983679175376892, 0.9540256857872009, -0.028492528945207596, 0.5741420984268188, 0.2032480388879776, 0.7931274175643921),
            ["UpperTorso"] = CFrame.new(-3.3527612686157227e-08, 0.0000029206275939941406, -1.448206603527069e-07, 0.9965224862098694, 0.0740484893321991, 0.038207218050956726, -0.08011277765035629, 0.9775309562683105, 0.19497506320476532, -0.022911211475729942, -0.19735774397850037, 0.9800638556480408),
            ["HumanoidRootPart"] = CFrame.new(0, 0, 0, 1, 0, 0, 0, 1, 0, 0, 0, 1),
            ["RightUpperLeg"] = CFrame.new(-0.0014180243015289307, -0.005919261835515499, 0.0006824230658821762, 0.9845282435417175, 0.13568732142448425, -0.11087425798177719, -0.12641175091266632, 0.9881710410118103, 0.08682189881801605, 0.12134353071451187, -0.07146311551332474, 0.9900347590446472),
            ["LeftUpperArm"] = CFrame.new(2.384185791015625e-07, -3.5762786865234375e-07, 3.3527612686157227e-07, 0.3308703601360321, -0.30473262071609497, -0.8931196928024292, -0.8477980494499207, 0.31966155767440796, -0.42314890027046204, 0.41444340348243713, 0.8971925973892212, -0.1525852233171463),
            ["RightLowerArm"] = CFrame.new(0.0000025033950805664062, -0.0000010728836059570312, 7.003545761108398e-07, 1, -8.102490767214476e-08, 7.450577754752885e-08, 1.192094174484737e-07, -0.001908954349346459, -0.999998152256012, 8.381912408594872e-08, 0.9999982118606567, -0.0019089498091489077),
            ["LeftHand"] = CFrame.new(-2.384185791015625e-07, -3.5762786865234375e-07, -5.21540641784668e-07, 0.7403181195259094, 0.03853822126984596, 0.6711512207984924, -0.018098648637533188, 0.999136209487915, -0.037407610565423965, -0.672012984752655, 0.015546606853604317, 0.7403761148452759),
