return {
    ["Cut It"] = {
        {Time = 0.000, Data = {
            ["RightFoot"] = CFrame.new(7.138442015275359e-08, 2.980232238769531e-07, 6.47523847874254e-08, 0.9995220899581909, 0.02655632793903351, 0.015825288370251656, -0.020548805594444275, 0.9531863927841187, -0.30168479681015015, -0.023096149787306786, 0.30121535062789917, 0.9532764554023743),
            ["LeftLowerArm"] = CFrame.new(0.000020682811737060547, 5.960464477539063e-08, 3.5762786865234375e-07, 1, 0.00003441423541516997, -0.00001814589268178679, -0.000027462843718240038, 0.2940181791782379, -0.9557998776435852, -0.0000275448001048062, 0.9557998776435852, 0.2940182089805603),
            ["RightUpperArm"] = CFrame.new(0, 2.384185791015625e-07, 3.725290298461914e-08, 0.9824937582015991, -0.16661612689495087, -0.08333691954612732, 0.1817183643579483, 0.9556698799133301, 0.23167534172534943, 0.04104173928499222, -0.24276363849639893, 0.9692169427871704),
            ["Head"] = CFrame.new(-7.450580596923828e-09, 2.384185791015625e-07, 9.685754776000977e-08, 0.9643051624298096, -0.11131930351257324, 0.2402576357126236, 0.2055962234735489, 0.8865617513656616, -0.41441354155540466, -0.16687099635601044, 0.44901713728904724, 0.877802848815918),
            ["RightHand"] = CFrame.new(5.960464477539063e-08, -1.1920928955078125e-07, 2.9802322387695312e-08, 0.9999474287033081, -0.008154106326401234, 0.00622696615755558, 0.006140483543276787, 0.9618592262268066, 0.2734763026237488, -0.008219406008720398, -0.2734237015247345, 0.9618586301803589),
            ["UpperTorso"] = CFrame.new(-1.862645149230957e-09, 5.960464477539063e-08, 2.6775524020195007e-08, 0.9535697102546692, 0.19012077152729034, -0.23357874155044556, -0.046752285212278366, 0.8596073389053345, 0.508811891078949, 0.2975216805934906, -0.47426724433898926, 0.8285840153694153),
            ["HumanoidRootPart"] = CFrame.new(0, 0, 0, 1, 0, 0, 0, 1, 0, 0, 0, 1),
            ["RightUpperLeg"] = CFrame.new(5.960464477539063e-08, 6.612390279769897e-08, -8.509232429787517e-09, 0.7019160985946655, -0.6115052700042725, -0.3652057349681854, 0.18761974573135376, 0.6533738970756531, -0.7334176898002625, 0.6871044635772705, 0.44627776741981506, 0.5733440518379211),
            ["LeftUpperArm"] = CFrame.new(-5.960464477539063e-08, 1.1920928955078125e-07, 1.043081283569336e-07, 0.4321751892566681, 0.7952318787574768, -0.4252423644065857, -0.7666152119636536, 0.5723087787628174, 0.29114246368408203, 0.4748955965042114, 0.20017267763614655, 0.8569743633270264),
            ["RightLowerArm"] = CFrame.new(2.384185791015625e-07, 5.364418029785156e-07, 5.960464477539063e-08, 1, -1.2293459406009788e-07, 6.053599577171553e-08, 1.4528635006172408e-07, 0.7451980113983154, -0.6668431162834167, 2.6077039194660756e-08, 0.6668432354927063, 0.745198130607605),
            ["LeftHand"] = CFrame.new(1.4901161193847656e-08, -1.1920928955078125e-07, 1.4901161193847656e-08, 0.8331616520881653, -0.11285121738910675, -0.541392982006073, 0.2754392921924591, 0.9335761666297913, 0.22927947342395782, 0.4795570373535156, -0.34014761447906494, 0.8089034557342529),
            ["LeftFoot"] = CFrame.new(-8.086649927463441e-08, -1.1920928955078125e-07, -1.00062635510767e-07, 0.9884385466575623, -0.14413942396640778, -0.04704362526535988, 0.10804340988397598, 0.8872653841972351, -0.4484272599220276, 0.10637638717889786, 0.43815988302230835, 0.8925804495811462),
            ["LowerTorso"] = CFrame.new(0.009958033449947834, -0.4680277109146118, 6.288365028694898e-08, 0.9987627267837524, 0.014633186161518097, 0.0475279726088047, -0.003894672030583024, 0.9758081436157227, -0.21859396994113922, -0.049576908349990845, 0.21813839673995972, 0.9746577739715576),
            ["RightLowerLeg"] = CFrame.new(-4.842877388000488e-08, -0.0000037550926208496094, -0.000013098899216856807, 1, -0.00000430084764957428, -0.000005679206424247241, 0.00000439584346167976, -0.27095827460289, 0.9625911116600037, -0.0000056847943596949335, -0.9625911116600037, -0.27095827460289),
            ["LeftUpperLeg"] = CFrame.new(5.2013948703688584e-14, 3.026798367500305e-08, 1.6763806343078613e-08, 0.9501436948776245, 0.30830222368240356, 0.0466558113694191, -0.20684589445590973, 0.7351633906364441, -0.6455615162849426, -0.2333277314901352, 0.6037256121635437, 0.7622818350791931),
            ["LeftLowerLeg"] = CFrame.new(-2.4740138826473412e-08, 0.000003933906555175781, 0.00001284174868487753, 1, -0.000004507603989623021, -0.000005148352556716418, 0.000004515052751230542, -0.11811239272356033, 0.9930002689361572, -0.000005044044428359484, -0.993000328540802, -0.11811232566833496),
        }},
        {Time = 0.033, Data = {
            ["RightFoot"] = CFrame.new(8.866845746524632e-08, 4.172325134277344e-07, -1.2587406672537327e-08, 0.9991415739059448, 0.0365639291703701, 0.019476547837257385, -0.026344384998083115, 0.9236032962799072, -0.3824431896209717, -0.03197226673364639, 0.381602019071579, 0.9237737655639648),
            ["LeftLowerArm"] = CFrame.new(0.00002104043960571289, -2.384185791015625e-07, 5.960464477539063e-08, 1, 0.00003166497117490508, -0.000022560356228495948, -0.000027447935281088576, 0.16440005600452423, -0.9863937497138977, -0.000027470287022879347, 0.9863938093185425, 0.16440004110336304),
            ["RightUpperArm"] = CFrame.new(0, 1.1920928955078125e-07, 3.3527612686157227e-08, 0.9671787023544312, -0.20697443187236786, -0.14740091562271118, 0.22661273181438446, 0.9650125503540039, 0.13189895451068878, 0.11494403332471848, -0.16097287833690643, 0.9802426695823669),
            ["Head"] = CFrame.new(-1.4901161193847656e-08, 0, -3.725290298461914e-08, 0.9521617293357849, -0.07719922810792923, 0.295682817697525, 0.2089090496301651, 0.8706040978431702, -0.44542747735977173, -0.22303590178489685, 0.48588988184928894, 0.845083475112915),
            ["RightHand"] = CFrame.new(-2.980232238769531e-07, -5.960464477539063e-08, 2.9802322387695312e-08, 0.9989396929740906, -0.045918870717287064, 0.0033149425871670246, 0.043860189616680145, 0.9710935354232788, 0.23463523387908936, -0.013993307948112488, -0.23424112796783447, 0.9720778465270996),
            ["UpperTorso"] = CFrame.new(2.9103830456733704e-11, 0, -4.3655745685100555e-10, 0.9357985854148865, 0.2236114740371704, -0.27254199981689453, -0.04061948508024216, 0.836334228515625, 0.5467131733894348, 0.35018742084503174, -0.5005427598953247, 0.7917232513427734),
            ["HumanoidRootPart"] = CFrame.new(0, 0, 0, 1, 0, 0, 0, 1, 0, 0, 0, 1),
            ["RightUpperLeg"] = CFrame.new(-2.9802322387695312e-08, -9.313225746154785e-09, 2.6881025405600667e-08, 0.7127408981323242, -0.6248282194137573, -0.31873205304145813, 0.18784163892269135, 0.6078351140022278, -0.7715259194374084, 0.6758077144622803, 0.4900268614292145, 0.5505975484848022),
            ["LeftUpperArm"] = CFrame.new(0, -1.1920928955078125e-07, -5.960464477539063e-08, 0.452785462141037, 0.7828674912452698, -0.4267365336418152, -0.7768266797065735, 0.581291139125824, 0.24215903878211975, 0.43763652443885803, 0.22185412049293518, 0.8713524341583252),
            ["RightLowerArm"] = CFrame.new(1.1920928955078125e-07, 1.1920928955078125e-07, -5.960464477539063e-08, 1, -1.4156105976326216e-07, 2.980233659855003e-08, 1.4901159772762185e-07, 0.6496040225028992, -0.7602726817131042, 8.195637946073475e-08, 0.7602728009223938, 0.6496041417121887),
            ["LeftHand"] = CFrame.new(8.940696716308594e-08, -1.1920928955078125e-07, 1.4901161193847656e-08, 0.7962480783462524, -0.07629064470529556, -0.6001406311988831, 0.20650608837604523, 0.9667084217071533, 0.15109668672084808, 0.5686336159706116, -0.24424304068088531, 0.7854941487312317),
            ["LeftFoot"] = CFrame.new(7.373277099986808e-08, 1.1920928955078125e-07, -1.0655184290442321e-08, 0.9866339564323425, -0.16056999564170837, -0.027762509882450104, 0.11376229673624039, 0.8007116317749023, -0.5881484746932983, 0.1166689321398735, 0.5771293044090271, 0.8082764148712158),
            ["LowerTorso"] = CFrame.new(-0.003768934402614832, -0.5591186285018921, -0.00007917291077319533, 0.9991837739944458, 0.006039515137672424, 0.0399417020380497, 0.00275090872310102, 0.9762920141220093, -0.21644029021263123, -0.040301959961652756, 0.2163735032081604, 0.97547847032547),
            ["RightLowerLeg"] = CFrame.new(-1.4901161193847656e-08, -0.0000036954879760742188, -0.000013098899216856807, 1, -0.000004254279701854102, -0.000006167219453345751, 0.000004207715846860083, -0.35818055272102356, 0.9336523413658142, -0.000006150455192255322, -0.9336523413658142, -0.35818055272102356),
            ["LeftUpperLeg"] = CFrame.new(5.960463411724959e-08, -6.51925802230835e-09, -3.725517672137357e-09, 0.9476457238197327, 0.3161340057849884, 0.045021526515483856, -0.20838862657546997, 0.7190791964530945, -0.6629475355148315, -0.24195440113544464, 0.6188573241233826, 0.7473108768463135),
            ["LeftLowerLeg"] = CFrame.new(6.466682833661253e-08, 0.000003993511199951172, 0.000012893902749055997, 1, -0.000003851949259114917, -0.000004708769210992614, 0.000003926456429326208, -0.16503310203552246, 0.9862881302833557, -0.000004544854618870886, -0.9862880110740662, -0.16503304243087769),
        }},
        {Time = 0.067, Data = {
            ["RightFoot"] = CFrame.new(-1.95796019397676e-08, 4.172325134277344e-07, -1.3969838619232178e-08, 0.9990642666816711, 0.04028293862938881, 0.01574450172483921, -0.026815123856067657, 0.8625370264053345, -0.5052825808525085, -0.033934444189071655, 0.5043878555297852, 0.8628103137016296),
            ["LeftLowerArm"] = CFrame.new(0.000021159648895263672, 1.1920928955078125e-07, 1.7881393432617188e-07, 1, 0.000028245151042938232, -0.000026881694793701172, -0.00002746284008026123, 0.022201329469680786, -0.9997535347938538, -0.00002759695053100586, 0.9997535943984985, 0.022201284766197205),
            ["RightUpperArm"] = CFrame.new(-1.1920928955078125e-07, 0, 5.960464477539063e-08, 0.8994809985160828, -0.3358810544013977, -0.2794960141181946, 0.3125550448894501, 0.9415552020072937, -0.12563078105449677, 0.3053579032421112, 0.02564447745680809, 0.9518923163414001),
            ["Head"] = CFrame.new(-2.9802322387695312e-08, 0, -4.470348358154297e-08, 0.9368767738342285, -0.0448654368519783, 0.34676963090896606, 0.21278373897075653, 0.8601148128509521, -0.463600754737854, -0.27746206521987915, 0.5081236958503723, 0.815368115901947),
            ["RightHand"] = CFrame.new(-2.2351741790771484e-07, 1.1920928955078125e-07, -2.5331974029541016e-07, 0.9906454086303711, -0.13646161556243896, 0.00005866587889613584, 0.13512171804904938, 0.9809786677360535, 0.1393667310476303, -0.01907581090927124, -0.13805507123470306, 0.9902408719062805),
            ["UpperTorso"] = CFrame.new(1.280568540096283e-09, 5.960464477539063e-08, -3.3993273973464966e-08, 0.9191561341285706, 0.2489129602909088, -0.3052774965763092, -0.03328905254602432, 0.8213416337966919, 0.5694645047187805, 0.39248421788215637, -0.5132644176483154, 0.7632272839546204),
            ["HumanoidRootPart"] = CFrame.new(0, 0, 0, 1, 0, 0, 0, 1, 0, 0, 0, 1),
            ["RightUpperLeg"] = CFrame.new(0, 2.561137080192566e-07, -7.742710295133293e-08, 0.7290998697280884, -0.6234250068664551, -0.28240829706192017, 0.17977242171764374, 0.5725906491279602, -0.7998887300491333, 0.6603750586509705, 0.532429575920105, 0.5295503735542297),
            ["LeftUpperArm"] = CFrame.new(0, 0, 2.9802322387695312e-08, 0.5091782212257385, 0.7533332109451294, -0.41620510816574097, -0.7889028191566467, 0.6018367409706116, 0.1241971105337143, 0.34404921531677246, 0.26510685682296753, 0.9007489085197449),
            ["RightLowerArm"] = CFrame.new(-2.384185791015625e-07, 5.960464477539063e-08, 2.9802322387695312e-08, 1, -1.3411049337719305e-07, 8.940699558479537e-08, 1.6391278734317893e-07, 0.5157539248466492, -0.8567367792129517, 1.1175872316471214e-07, 0.8567368388175964, 0.5157539248466492),
            ["LeftHand"] = CFrame.new(-1.1920928955078125e-07, -2.384185791015625e-07, 1.1920928955078125e-07, 0.7604260444641113, -0.022328896448016167, -0.649040699005127, 0.024330556392669678, 0.9996867179870605, -0.0058859558776021, 0.6489686965942383, -0.011315601877868176, 0.7607309818267822),
            ["LeftFoot"] = CFrame.new(-1.567424234849568e-08, 1.1920928955078125e-07, 4.245698459470759e-09, 0.9861178398132324, -0.16560180485248566, -0.012154074385762215, 0.11163602769374847, 0.7153894305229187, -0.6897504925727844, 0.12291869521141052, 0.6788182854652405, 0.7239452004432678),
            ["LowerTorso"] = CFrame.new(-0.015213849022984505, -0.6524099111557007, -0.00031013682018965483, 0.9998369812965393, -0.0024448568001389503, 0.017894405871629715, 0.006158960517495871, 0.9775601625442505, -0.2105664610862732, -0.016978053376078606, 0.21064229309558868, 0.9774158596992493),
            ["RightLowerLeg"] = CFrame.new(-2.60770320892334e-08, -0.000004172325134277344, -0.000012994591088499874, 1, -0.0000040270369936479256, -0.000006239862159418408, 0.0000040121371966961306, -0.4052274227142334, 0.9142160415649414, -0.00000615417866356438, -0.9142160415649414, -0.40522733330726624),
            ["LeftUpperLeg"] = CFrame.new(-1.1920936060505483e-07, -1.6763806343078613e-08, -2.3282723304873798e-08, 0.9410603046417236, 0.335635244846344, 0.04188767820596695, -0.21504151821136475, 0.6892805099487305, -0.6918449997901917, -0.26107993721961975, 0.6420603394508362, 0.720829963684082),
            ["LeftLowerLeg"] = CFrame.new(5.0621835612219e-09, 0.000003933906555175781, 0.000012953507393831387, 1, -0.000004179775714874268, -0.000005468724339152686, 0.000004217028617858887, -0.24658071994781494, 0.9691222906112671, -0.000005368143320083618, -0.9691222906112671, -0.24658067524433136),
        }},
        {Time = 0.100, Data = {
            ["RightFoot"] = CFrame.new(4.30663931183517e-08, 3.5762786865234375e-07, -4.202593117952347e-08, 0.9992474317550659, 0.037738025188446045, 0.00897081196308136, -0.02378086745738983, 0.7787110209465027, -0.6269320845603943, -0.030644884333014488, 0.6262468099594116, 0.7790223956108093),
            ["LeftLowerArm"] = CFrame.new(0.000021338462829589844, 4.172325134277344e-07, -7.644625506630354e-20, 1, 0.000024631623091408983, -0.00003004074824275449, -0.000027462843718240038, -0.0970914363861084, -0.9952754974365234, -0.00002737343675107695, 0.9952754974365234, -0.09709151834249496),
            ["RightUpperArm"] = CFrame.new(-5.960464477539063e-08, -1.1920928955078125e-07, -3.3527612686157227e-08, 0.7611521482467651, -0.5331334471702576, -0.3693455457687378, 0.36463749408721924, 0.8227131366729736, -0.4360993206501007, 0.5363644957542419, 0.19726063311100006, 0.8206102848052979),
            ["Head"] = CFrame.new(-4.470348358154297e-08, -2.384185791015625e-07, 4.470348358154297e-08, 0.9196068644523621, -0.014177026227116585, 0.39258429408073425, 0.2147214412689209, 0.8549965023994446, -0.4720972180366516, -0.3289652466773987, 0.5184401273727417, 0.7893046140670776),
            ["RightHand"] = CFrame.new(-1.4901161193847656e-08, -1.1920928955078125e-07, 8.940696716308594e-08, 0.9699218273162842, -0.24330970644950867, 0.007218722254037857, 0.24308355152606964, 0.969719409942627, 0.02355044335126877, -0.012730225920677185, -0.021087324246764183, 0.9996966123580933),
            ["UpperTorso"] = CFrame.new(1.0477378964424133e-09, 1.4901161193847656e-07, -1.539592631161213e-08, 0.9045896530151367, 0.2655255198478699, -0.3334875702857971, -0.025197720155119896, 0.8142518401145935, 0.579964816570282, 0.4255382716655731, -0.5162269473075867, 0.7432543039321899),
            ["HumanoidRootPart"] = CFrame.new(0, 0, 0, 1, 0, 0, 0, 1, 0, 0, 0, 1),
            ["RightUpperLeg"] = CFrame.new(5.960464477539063e-08, 4.9942173063755035e-08, -3.852619556710124e-09, 0.7495938539505005, -0.610939085483551, -0.25468116998672485, 0.16465172171592712, 0.544789731502533, -0.8222494125366211, 0.6410918831825256, 0.574419379234314, 0.5089632272720337),
            ["LeftUpperArm"] = CFrame.new(-5.960464477539063e-08, -2.384185791015625e-07, 0, 0.5886482000350952, 0.7181795239448547, -0.3710949718952179, -0.7769793272018433, 0.6293596029281616, -0.014482052996754646, 0.22315147519111633, 0.2968578636646271, 0.9284820556640625),
            ["RightLowerArm"] = CFrame.new(2.384185791015625e-07, 2.384185791015625e-07, -1.4901161193847656e-08, 1, -1.3411046495548362e-07, 1.4528639269428822e-07, 1.1920928955078125e-07, 0.3419738709926605, -0.9397095441818237, 1.210719347000122e-08, 0.9397095441818237, 0.3419739305973053),
            ["LeftHand"] = CFrame.new(-8.940696716308594e-08, 0, -3.5762786865234375e-07, 0.7260422706604004, 0.018199743703007698, -0.6874092221260071, -0.16805002093315125, 0.9740351438522339, -0.15170606970787048, 0.6667997241020203, 0.2256641834974289, 0.7102492451667786),
            ["LeftFoot"] = CFrame.new(1.4127977010502946e-08, -5.551115123125783e-16, 3.7773403960272844e-08, 0.9862369894981384, -0.16533039510250092, -0.0016166394343599677, 0.10650350898504257, 0.6427381634712219, -0.7586467862129211, 0.12646643817424774, 0.7480331063270569, 0.6515001058578491),
            ["LowerTorso"] = CFrame.new(-0.02458415925502777, -0.7350085973739624, -0.0006827136967331171, 0.9998396039009094, -0.010360297746956348, -0.014609511010348797, 0.00720549002289772, 0.979469895362854, -0.20146216452121735, 0.0163967814296484, 0.20132461190223694, 0.9793873429298401),
            ["RightLowerLeg"] = CFrame.new(-2.2351741790771484e-08, -0.000004172325134277344, -0.000012994591088499874, 1, -0.0000040084123611450195, -0.000006454066351579968, 0.000004077330231666565, -0.4257325232028961, 0.9048490524291992, -0.00000642240047454834, -0.9048490524291992, -0.4257325530052185),
            ["LeftUpperLeg"] = CFrame.new(-5.960470872423684e-08, 2.550659701228142e-07, -2.0488869267865084e-08, 0.9305291771888733, 0.36390629410743713, 0.041083913296461105, -0.22483520209789276, 0.6562339663505554, -0.7202818393707275, -0.28907573223114014, 0.6610062122344971, 0.6924639940261841),
            ["LeftLowerLeg"] = CFrame.new(-5.4542461214168725e-08, 0.000003933906555175781, 0.000012964683264726773, 1, -0.000003837051281152526, -0.00000546872615814209, 0.000003851951078104321, -0.3326475918292999, 0.9430512189865112, -0.00000538677113581798, -0.9430512189865112, -0.3326475918292999),
        }},
        {Time = 0.133, Data = {
            ["RightFoot"] = CFrame.new(9.34596755541861e-09, 4.172325134277344e-07, -1.4319084584712982e-08, 0.9995189309120178, 0.0307876355946064, 0.003749249968677759, -0.01897052861750126, 0.7025178074836731, -0.7114131450653076, -0.024536753073334694, 0.7109999060630798, 0.702764093875885),
            ["LeftLowerArm"] = CFrame.new(0.000021517276763916016, -1.7881393432617188e-07, 5.960464477539063e-08, 1, 0.000023126607629819773, -0.000031158331694314256, -0.000027477741241455078, -0.14769399166107178, -0.9890331029891968, -0.00002746284008026123, 0.9890331625938416, -0.14769405126571655),
            ["RightUpperArm"] = CFrame.new(-1.1920928955078125e-07, 3.5762786865234375e-07, 1.564621925354004e-07, 0.5893154144287109, -0.7244371175765991, -0.35762840509414673, 0.37973809242248535, 0.6390951871871948, -0.6688471436500549, 0.7130963206291199, 0.2583566904067993, 0.6517249941825867),
            ["Head"] = CFrame.new(-2.9802322387695312e-08, 2.384185791015625e-07, 5.960464477539063e-08, 0.901641845703125, 0.015163423493504524, 0.4322177469730377, 0.2128053605556488, 0.8544741868972778, -0.47390684485435486, -0.3765050172805786, 0.51927250623703, 0.7672027945518494),
            ["RightHand"] = CFrame.new(3.2782554626464844e-07, 5.960464477539063e-08, 1.043081283569336e-07, 0.9440267086029053, -0.32909640669822693, 0.022565558552742004, 0.32985928654670715, 0.9412602186203003, -0.07226391136646271, 0.002541707828640938, 0.07566245645284653, 0.997130274772644),
            ["UpperTorso"] = CFrame.new(0, -1.1920928955078125e-07, 1.1641532182693481e-09, 0.892707884311676, 0.27353334426879883, -0.3581230342388153, -0.016537142917513847, 0.8140560388565063, 0.5805508494377136, 0.45033225417137146, -0.5123400092124939, 0.7312377691268921),
            ["HumanoidRootPart"] = CFrame.new(0, 0, 0, 1, 0, 0, 0, 1, 0, 0, 0, 1),
            ["RightUpperLeg"] = CFrame.new(0, -3.157183527946472e-07, 1.0117219062522054e-08, 0.7728714346885681, -0.5902152061462402, -0.23305700719356537, 0.14465215802192688, 0.5214700102806091, -0.840919017791748, 0.6178555488586426, 0.6162102222442627, 0.4884052574634552),
            ["LeftUpperArm"] = CFrame.new(0, 0, -4.470348358154297e-08, 0.6732916235923767, 0.6855819821357727, -0.27686807513237, -0.7317883372306824, 0.6714097261428833, -0.11702536046504974, 0.10566134750843048, 0.2814009189605713, 0.9537553787231445),
            ["RightLowerArm"] = CFrame.new(-1.1920928955078125e-07, 1.1920928955078125e-07, -8.940696716308594e-08, 1, -9.685756907629184e-08, 2.2351753159455257e-07, 2.0861628513557662e-07, 0.135675847530365, -0.9907532930374146, 7.450581307466564e-08, 0.9907533526420593, 0.13567575812339783),
            ["LeftHand"] = CFrame.new(2.9802322387695312e-08, 0, 2.9802322387695312e-08, 0.7102957367897034, 0.03269180282950401, -0.7031437754631042, -0.25329819321632385, 0.9438751935958862, -0.2119901329278946, 0.6567495465278625, 0.32868078351020813, 0.6787112951278687),
            ["LeftFoot"] = CFrame.new(2.716653391132695e-08, -1.1920928955078125e-07, 2.473492877186345e-08, 0.9863330721855164, -0.16468599438667297, 0.005062396172434092, 0.10250473767518997, 0.5892845392227173, -0.8013968467712402, 0.1289958357810974, 0.7909628748893738, 0.598111629486084),
            ["LowerTorso"] = CFrame.new(-0.03208731859922409, -0.7940225601196289, -0.0011867881985381246, 0.9984209537506104, -0.01721726357936859, -0.053471580147743225, 0.006778883282095194, 0.9818442463874817, -0.18956787884235382, 0.05576459690928459, 0.18890602886676788, 0.980410635471344),
            ["RightLowerLeg"] = CFrame.new(2.60770320892334e-08, -0.000003933906555175781, -0.000012920085282530636, 1, -0.0000038538114495167974, -0.0000063050538301467896, 0.000003901309810316889, -0.43040966987609863, 0.9026336669921875, -0.000006152316018415149, -0.9026337265968323, -0.430409699678421),
            ["LeftUpperLeg"] = CFrame.new(-5.960457372111705e-08, -3.413297235965729e-07, 2.2351969164446928e-08, 0.9169241786003113, 0.396278440952301, 0.04704637825489044, -0.2349219173192978, 0.6313158869743347, -0.7390884160995483, -0.3225861191749573, 0.666636049747467, 0.6719635725021362),
            ["LeftLowerLeg"] = CFrame.new(4.976566714276487e-08, 0.0000040531158447265625, 0.000012916254490846768, 1, -0.000004291534878575476, -0.000006675719305349048, 0.000004351139068603516, -0.3977659344673157, 0.9174869656562805, -0.000006638467311859131, -0.9174870252609253, -0.39776578545570374),
        }},
        {Time = 0.167, Data = {
            ["RightFoot"] = CFrame.new(1.7018464859575033e-08, 2.980232238769531e-07, -9.782525012269616e-09, 0.9997527003288269, 0.02215535193681717, 0.001913678483106196, -0.01361896749585867, 0.6780245900154114, -0.7349129915237427, -0.01757970079779625, 0.7347052097320557, 0.6781588792800903),
            ["LeftLowerArm"] = CFrame.new(0.000020951032638549805, 0, -5.960464477539063e-08, 1, 0.000023975971998879686, -0.000030532482924172655, -0.000027447935281088576, -0.12007567286491394, -0.9927647709846497, -0.000027447935281088576, 0.9927648305892944, -0.12007568776607513),
            ["RightUpperArm"] = CFrame.new(-1.1920928955078125e-07, 1.1920928955078125e-07, 2.9802322387695312e-08, 0.4307688772678375, -0.8579508066177368, -0.2799261212348938, 0.43491509556770325, 0.46914196014404297, -0.7686058282852173, 0.7907509803771973, 0.20934723317623138, 0.5752274990081787),
            ["Head"] = CFrame.new(2.9802322387695312e-08, 0, -7.450580596923828e-08, 0.884353518486023, 0.043786872178316116, 0.46475985646247864, 0.2055523693561554, 0.8573536276817322, -0.4719034433364868, -0.4191267788410187, 0.512861967086792, 0.7492031455039978),
            ["RightHand"] = CFrame.new(3.2782554626464844e-07, 2.980232238769531e-07, -7.450580596923828e-08, 0.9310672283172607, -0.363493949174881, 0.03140255808830261, 0.3646669387817383, 0.9244421124458313, -0.11146695911884308, 0.01148773729801178, 0.11523473262786865, 0.9932718873023987),
            ["UpperTorso"] = CFrame.new(-2.3283064365386963e-09, -1.4901161193847656e-07, -1.4901161193847656e-08, 0.8838752508163452, 0.2732005715370178, -0.37963953614234924, -0.007065580226480961, 0.8193827271461487, 0.5732035040855408, 0.4676694869995117, -0.5039579272270203, 0.726162314414978),
            ["HumanoidRootPart"] = CFrame.new(0, 0, 0, 1, 0, 0, 0, 1, 0, 0, 0, 1),
            ["RightUpperLeg"] = CFrame.new(5.960464477539063e-08, -1.5832483768463135e-07, 2.6666384655982256e-09, 0.7975887060165405, -0.5638670921325684, -0.2142573595046997, 0.12231774628162384, 0.4990094304084778, -0.8579207062721252, 0.5906697511672974, 0.6580603718757629, 0.46697530150413513),
            ["LeftUpperArm"] = CFrame.new(0, 2.384185791015625e-07, 8.940696716308594e-08, 0.7485028505325317, 0.6485627889633179, -0.13823844492435455, -0.6630913019180298, 0.7343113422393799, -0.14524735510349274, 0.007307977415621281, 0.20038272440433502, 0.9796904921531677),
            ["RightLowerArm"] = CFrame.new(0, 8.344650268554688e-07, 1.7881393432617188e-07, 1, -1.7881397695873602e-07, 2.0861638461155962e-07, 2.607703493140434e-07, -0.08343180269002914, -0.9965135455131531, 1.1920930376163597e-07, 0.9965134859085083, -0.08343196660280228),
            ["LeftHand"] = CFrame.new(2.086162567138672e-07, 0, 1.4901161193847656e-07, 0.7315640449523926, 0.018452942371368408, -0.6815230250358582, -0.22033271193504333, 0.9523913264274597, -0.21072350442409515, 0.64518803358078, 0.3043196499347687, 0.700800895690918),
            ["LeftFoot"] = CFrame.new(-4.175109324933146e-08, -6.661338147750939e-16, -5.349638243501431e-08, 0.9860115051269531, -0.16640114784240723, 0.009589213877916336, 0.1023186594247818, 0.5588670969009399, -0.822920560836792, 0.13157598674297333, 0.8123904466629028, 0.5680756568908691),
            ["LowerTorso"] = CFrame.new(-0.03793077915906906, -0.816558837890625, -0.0018122453475371003, 0.9952681064605713, -0.02259509265422821, -0.09450322389602661, 0.005700115114450455, 0.9844891428947449, -0.175353541970253, 0.09699950367212296, 0.17398510873317719, 0.9799594283103943),
            ["RightLowerLeg"] = CFrame.new(2.2351741790771484e-08, -0.000003933906555175781, -0.000012964788766112179, 1, -0.000004094093128514942, -0.000006489456609415356, 0.000004122033260500757, -0.4290417432785034, 0.9032846689224243, -0.000006530432983709034, -0.9032846689224243, -0.42904189229011536),
            ["LeftUpperLeg"] = CFrame.new(-1.788138632718983e-07, -1.5366822481155396e-07, 2.2352310224960092e-08, 0.9019373655319214, 0.4267562925815582, 0.06624399125576019, -0.2410520762205124, 0.624742329120636, -0.7426915764808655, -0.3583337664604187, 0.6538930535316467, 0.666348934173584),
            ["LeftLowerLeg"] = CFrame.new(-9.838977632625756e-09, 0.000003933906555175781, 0.000013020562619203702, 1, -0.000003673136689030798, -0.000005915763722441625, 0.000003777444362640381, -0.42174196243286133, 0.9067159295082092, -0.000005895271897315979, -0.906715989112854, -0.42174190282821655),
        }},
        {Time = 0.200, Data = {
            ["RightFoot"] = CFrame.new(-1.0659277904778719e-09, 2.384185791015625e-07, 3.168679540976882e-09, 0.999909520149231, 0.013388329185545444, 0.0013573087053373456, -0.008464863523840904, 0.7041701078414917, -0.709980845451355, -0.010461265221238136, 0.7099050879478455, 0.7042197585105896),
            ["LeftLowerArm"] = CFrame.new(0.00002086162567138672, -2.384185791015625e-07, -1.4901161193847656e-07, 1, 0.000026270750822732225, -0.000028580430807778612, -0.00002746284008026123, -0.04141413792967796, -0.9991421103477478, -0.000027477741241455078, 0.9991421699523926, -0.04141414538025856),
            ["RightUpperArm"] = CFrame.new(0, 2.384185791015625e-07, 2.086162567138672e-07, 0.28559941053390503, -0.9355677366256714, -0.2077159732580185, 0.5823993682861328, 0.3415648639202118, -0.737661600112915, 0.7610808610916138, 0.08970212936401367, 0.6424247026443481),
            ["Head"] = CFrame.new(1.1920928955078125e-07, 0, 1.6391277313232422e-07, 0.8700343370437622, 0.07023725658655167, 0.4879622161388397, 0.1857912540435791, 0.8701047301292419, -0.4565078020095825, -0.45664215087890625, 0.4878365099430084, 0.7439714670181274),
            ["RightHand"] = CFrame.new(-7.450580596923828e-08, 2.384185791015625e-07, 1.341104507446289e-07, 0.9518865346908569, -0.3055686056613922, -0.023240188136696815, 0.3012424409389496, 0.9469358921051025, -0.11209563165903091, 0.056259773671627045, 0.09970135986804962, 0.993425726890564),
            ["UpperTorso"] = CFrame.new(2.7939677238464355e-09, 8.940696716308594e-08, -5.075708031654358e-08, 0.8793638348579407, 0.2582755982875824, -0.4000164270401001, 0.009985937736928463, 0.8299165368080139, 0.5577982664108276, 0.4760459363460541, -0.49450209736824036, 0.7272194027900696),
            ["HumanoidRootPart"] = CFrame.new(0, 0, 0, 1, 0, 0, 0, 1, 0, 0, 0, 1),
            ["RightUpperLeg"] = CFrame.new(-2.9802322387695312e-08, 2.2444874048233032e-07, -3.831155481748283e-08, 0.8210124969482422, -0.5286353826522827, -0.215599924325943, 0.09965498000383377, 0.5045440793037415, -0.85761559009552, 0.562145471572876, 0.6826273202896118, 0.4669179916381836),
            ["LeftUpperArm"] = CFrame.new(5.960464477539063e-08, 0, 1.1920928955078125e-07, 0.8081061840057373, 0.588779628276825, 0.017407774925231934, -0.5841777324676514, 0.8048778176307678, -0.10444140434265137, -0.07550418376922607, 0.07423050701618195, 0.9943786859512329),
            ["RightLowerArm"] = CFrame.new(3.5762786865234375e-07, 3.5762786865234375e-07, 2.384185791015625e-07, 1, -9.12696123123169e-08, 2.0861628513557662e-07, 2.1699813146369706e-07, -0.28701066970825195, -0.9579273462295532, 7.357447628919545e-08, 0.9579274654388428, -0.2870108485221863),
            ["LeftHand"] = CFrame.new(8.940696716308594e-08, 0, -2.086162567138672e-07, 0.7827678918838501, -0.018188748508691788, -0.622048020362854, -0.1395314484834671, 0.9689940214157104, -0.20391586422920227, 0.6064697504043579, 0.24641409516334534, 0.7559593915939331),
            ["LeftFoot"] = CFrame.new(-4.547634802065659e-08, -1.1920928955078125e-07, -6.467226398854109e-08, 0.9863613247871399, -0.16412286460399628, 0.012449976988136768, 0.10378438234329224, 0.5614553093910217, -0.8209728598594666, 0.12775041162967682, 0.8110682368278503, 0.5708314180374146),
            ["LowerTorso"] = CFrame.new(-0.04232198745012283, -0.780152440071106, -0.0025489695835858583, 0.9907016754150391, -0.0262221097946167, -0.13350136578083038, 0.004656273405998945, 0.9872108697891235, -0.15935243666172028, 0.1359725445508957, 0.15724912285804749, 0.9781534671783447),
            ["RightLowerLeg"] = CFrame.new(9.499490261077881e-08, -0.0000040531158447265625, -0.000012949887604918331, 1, -0.000004055908902955707, -0.000006227754056453705, 0.000004187689683021745, -0.38213616609573364, 0.9241060018539429, -0.000006242651579668745, -0.9241060018539429, -0.38213637471199036),
            ["LeftUpperLeg"] = CFrame.new(-6.961098364399732e-14, 1.7695128917694092e-08, -2.2351741790771484e-08, 0.8875272870063782, 0.44731274247169495, 0.11048445850610733, -0.23716729879379272, 0.6490973234176636, -0.7227895259857178, -0.3950279951095581, 0.615291953086853, 0.6821791529655457),
            ["LeftLowerLeg"] = CFrame.new(-2.4740138826473412e-08, 0.0000036954879760742188, 0.00001297958442592062, 1, -0.000003986060164606897, -0.000005960465387033764, 0.000004053114935231861, -0.3731323182582855, 0.9277781248092651, -0.000005919484920013929, -0.9277781844139099, -0.3731323480606079),
        }},
        {Time = 0.233, Data = {
            ["RightFoot"] = CFrame.new(-3.954846761189401e-08, 1.7881393432617188e-07, 1.9637809600681067e-08, 0.9999792575836182, 0.006404236424714327, 0.0006710619200021029, -0.004330281633883715, 0.7459301948547363, -0.6660099029541016, -0.004765844903886318, 0.6659933924674988, 0.7459426522254944),
            ["LeftLowerArm"] = CFrame.new(0.000020682811737060547, -1.7881393432617188e-07, -1.1920928955078125e-07, 1, 0.000029757615266134962, -0.00002506002419977449, -0.000027478672564029694, 0.08277582377195358, -0.9965682029724121, -0.000027626752853393555, 0.9965682625770569, 0.08277580887079239),
            ["RightUpperArm"] = CFrame.new(0, 1.1920928955078125e-07, 1.4901161193847656e-07, 0.15573452413082123, -0.9738811254501343, -0.16523391008377075, 0.7667449116706848, 0.2246418297290802, -0.6013637185096741, 0.6227752566337585, -0.033039383590221405, 0.7817028760910034),
            ["Head"] = CFrame.new(5.587935447692871e-08, 1.1920928955078125e-07, 1.9371509552001953e-07, 0.859696626663208, 0.09529653191566467, 0.5018370151519775, 0.14982041716575623, 0.8921934962272644, -0.42608073353767395, -0.48833978176116943, 0.44148555397987366, 0.752738356590271),
            ["RightHand"] = CFrame.new(-3.7904828786849976e-07, -5.960464477539063e-08, 1.4901161193847656e-08, 0.9749169945716858, -0.16972653567790985, -0.1439788043498993, 0.1567804515361786, 0.9828565716743469, -0.09702039510011673, 0.1579774171113968, 0.07201376557350159, 0.9848132729530334),
            ["UpperTorso"] = CFrame.new(4.190951585769653e-09, -8.940696716308594e-08, -1.4901161193847656e-08, 0.8789249658584595, 0.22559471428394318, -0.42023569345474243, 0.03808140382170677, 0.8450665473937988, 0.5333033800125122, 0.47543761134147644, -0.484736829996109, 0.734158992767334),
            ["HumanoidRootPart"] = CFrame.new(0, 0, 0, 1, 0, 0, 0, 1, 0, 0, 0, 1),
            ["RightUpperLeg"] = CFrame.new(5.960464477539063e-08, 2.169981598854065e-07, -3.4586264519020915e-08, 0.8398217558860779, -0.4839966297149658, -0.24585925042629242, 0.07929986715316772, 0.5574123859405518, -0.8264400959014893, 0.5370391607284546, 0.6745656728744507, 0.5065078139305115),
            ["LeftUpperArm"] = CFrame.new(0, 1.1920928955078125e-07, 2.384185791015625e-07, 0.8520302772521973, 0.4985382556915283, 0.15970011055469513, -0.5042086839675903, 0.863562822341919, -0.005749240517616272, -0.1407773196697235, -0.07562367618083954, 0.9871488213539124),
            ["RightLowerArm"] = CFrame.new(-2.384185791015625e-07, 3.5762786865234375e-07, -1.7881393432617188e-07, 1, -3.1199316907759567e-08, 1.639128583974525e-07, 1.4621764421463013e-07, -0.44844672083854675, -0.8938094973564148, 1.126900315284729e-07, 0.8938095569610596, -0.44844701886177063),
            ["LeftHand"] = CFrame.new(5.960464477539063e-08, 5.960464477539063e-08, 1.4901161193847656e-08, 0.8435730338096619, -0.06708982586860657, -0.5328072309494019, -0.04019816964864731, 0.9814930558204651, -0.1872313767671585, 0.5355077385902405, 0.17936144769191742, 0.8252641558647156),
            ["LeftFoot"] = CFrame.new(7.187023953747484e-08, -5.960464477539063e-08, -4.60454465667226e-08, 0.9880080223083496, -0.15385505557060242, 0.012990611605346203, 0.10389584302902222, 0.6002241373062134, -0.7930552959442139, 0.11421826481819153, 0.7848947644233704, 0.6090111136436462),
            ["LowerTorso"] = CFrame.new(-0.04546840488910675, -0.6862624883651733, -0.0033868462778627872, 0.9856691956520081, -0.0280256737023592, -0.1663454920053482, 0.004153724759817123, 0.9898359775543213, -0.14215363562107086, 0.1686386913061142, 0.13942551612854004, 0.9757671356201172),
            ["RightLowerLeg"] = CFrame.new(7.031485438346863e-08, -0.000003933906555175781, -0.00001289028296014294, 1, -0.0000043804748202092014, -0.000005717855401599081, 0.000004389556124806404, -0.2548191547393799, 0.9669888019561768, -0.000005683396011590958, -0.9669886827468872, -0.25481918454170227),
            ["LeftUpperLeg"] = CFrame.new(-5.96047158296642e-08, 1.3783574104309082e-07, -2.235151441709604e-08, 0.8747550249099731, 0.45118167996406555, 0.17674510180950165, -0.22379213571548462, 0.6996839046478271, -0.6784980297088623, -0.42979153990745544, 0.5539653897285461, 0.7130228877067566),
            ["LeftLowerLeg"] = CFrame.new(-2.4740138826473412e-08, 0.0000040531158447265625, 0.000012957232684129849, 1, -0.000003606080099416431, -0.000004805622666026466, 0.00000374019055016106, -0.24488994479179382, 0.9695509076118469, -0.000004552303835225757, -0.9695508480072021, -0.24488995969295502),
        }},
        {Time = 0.267, Data = {
            ["RightFoot"] = CFrame.new(2.529122866690159e-08, 4.172325134277344e-07, 3.1996023608371615e-08, 0.9999967217445374, 0.002569018630310893, 0.00024792368640191853, -0.0018984139896929264, 0.79720139503479, -0.6037102937698364, -0.0017485319403931499, 0.6037080883979797, 0.7972038984298706),
            ["LeftLowerArm"] = CFrame.new(0.000021219253540039062, 0, -5.960464477539063e-08, 1, 0.00003343820571899414, -0.000019878150851582177, -0.000027470290660858154, 0.24397695064544678, -0.9697811007499695, -0.000027611851692199707, 0.9697810411453247, 0.24397696554660797),
            ["RightUpperArm"] = CFrame.new(0, -1.1920928955078125e-07, -1.1920928955078125e-07, 0.07211432605981827, -0.9901575446128845, -0.11994883418083191, 0.9122685790061951, 0.11409618705511093, -0.39338046312332153, 0.4031943380832672, -0.08105718344449997, 0.9115175008773804),
            ["Head"] = CFrame.new(-1.30385160446167e-08, -2.384185791015625e-07, 8.940696716308594e-08, 0.852468729019165, 0.1258065551519394, 0.5074149370193481, 0.10097425431013107, 0.9127108454704285, -0.39593321084976196, -0.512934148311615, 0.3887564539909363, 0.7653542757034302),
            ["RightHand"] = CFrame.new(8.12578946352005e-08, 5.960464477539063e-08, -4.284083843231201e-08, 0.9653545022010803, -0.026707785204052925, -0.2595716714859009, 0.012576408684253693, 0.9983543753623962, -0.05595049634575844, 0.2606387734413147, 0.050747573375701904, 0.9641017913818359),
            ["UpperTorso"] = CFrame.new(3.725290298461914e-09, 0, -1.3969838619232178e-08, 0.8804500699043274, 0.17985914647579193, -0.4387006461620331, 0.07335389405488968, 0.8624464869499207, 0.5008046627044678, 0.4684302806854248, -0.4731139540672302, 0.7461477518081665),
            ["HumanoidRootPart"] = CFrame.new(0, 0, 0, 1, 0, 0, 0, 1, 0, 0, 0, 1),
            ["RightUpperLeg"] = CFrame.new(-2.9802322387695312e-08, -8.195638656616211e-08, 1.0117219062522054e-08, 0.8522037267684937, -0.4344562590122223, -0.29154181480407715, 0.06305886059999466, 0.6384426355361938, -0.7670819163322449, 0.519396185874939, 0.6353257298469543, 0.5714795589447021),
            ["LeftUpperArm"] = CFrame.new(-1.1920928955078125e-07, 0, 2.384185791015625e-07, 0.885491132736206, 0.3849709630012512, 0.26019787788391113, -0.4272705316543579, 0.8946762681007385, 0.13036216795444489, -0.1826072782278061, -0.22660943865776062, 0.9567146301269531),
            ["RightLowerArm"] = CFrame.new(2.980232238769531e-07, 3.5762786865234375e-07, 2.7939677238464355e-09, 1, -2.6077035641947077e-08, 2.0023439617489203e-07, 1.5459954738616943e-07, -0.5512876510620117, -0.8343151211738586, 1.3830140233039856e-07, 0.834315299987793, -0.5512879490852356),
            ["LeftHand"] = CFrame.new(0, -1.1920928955078125e-07, -1.1920928955078125e-07, 0.898108720779419, -0.11156962811946869, -0.42538580298423767, 0.04484150931239128, 0.9854745864868164, -0.1637955904006958, 0.43748149275779724, 0.1280314177274704, 0.890066385269165),
            ["LeftFoot"] = CFrame.new(8.540339990759094e-09, -5.960464477539063e-08, -5.815283898868984e-08, 0.9894329309463501, -0.1448943316936493, -0.005310621578246355, 0.09944629669189453, 0.7048283219337463, -0.7023730874061584, 0.1055130660533905, 0.6944225430488586, 0.7117892503738403),
