return {
    ["Cyberdyne Salute"] = {
        {Time = 0.000, Data = {
            ["RightFoot"] = CFrame.new(-0.0000021420419216156006, -0.00002473592758178711, 0.00007413700222969055, 0.9849655628204346, 0.1709762066602707, -0.024698274210095406, -0.17000603675842285, 0.9339728355407715, -0.3143131136894226, -0.030672619119286537, 0.3137865662574768, 0.9489981532096863),
            ["LeftLowerArm"] = CFrame.new(0.001437092199921608, 0.0003378540277481079, 0.00023427605628967285, 1, 5.211380837977231e-08, 0, -2.977108337631762e-08, 0.6450225114822388, -0.764163613319397, -1.488554168815881e-08, 0.7641636729240417, 0.645022451877594),
            ["LeftFoot"] = CFrame.new(-0.000008281320333480835, 0.000025466084480285645, -0.00007351860404014587, 0.9756243228912354, -0.19328196346759796, 0.10391968488693237, 0.21684473752975464, 0.921822190284729, -0.32128167152404785, -0.03369751572608948, 0.33598488569259644, 0.9412645101547241),
            ["Head"] = CFrame.new(-0.000011105090379714966, 0.0000011622905731201172, 0.00003266334533691406, 0.9819169044494629, -0.08089101314544678, 0.17117497324943542, 0.06877575069665909, 0.994777500629425, 0.07544666528701782, -0.17637786269187927, -0.06224429979920387, 0.9823477268218994),
            ["RightUpperArm"] = CFrame.new(0.000011265277862548828, -0.00001099705696105957, -0.000013783574104309082, 0.9741812348365784, -0.20323455333709717, -0.09835918992757797, 0.22001811861991882, 0.9522258639335632, 0.21183674037456512, 0.05062529444694519, -0.22795099020004272, 0.9723429083824158),
            ["UpperTorso"] = CFrame.new(-1.210719347000122e-07, 1.7881393432617188e-07, -5.774199962615967e-08, 0.9990645051002502, 0.017927417531609535, -0.0393550731241703, -0.01831003464758396, 0.9997883439064026, -0.009383393451571465, 0.039178527891635895, 0.01009521633386612, 0.99918133020401),
            ["HumanoidRootPart"] = CFrame.new(0, 0, 0, 1, 0, 0, 0, 1, 0, 0, 0, 1),
            ["RightHand"] = CFrame.new(0.000529176089912653, -0.000022709369659423828, -0.000005272217094898224, 0.9967197179794312, 0.04277496412396431, -0.06844690442085266, -0.04762165620923042, 0.9967746734619141, -0.064560666680336, 0.06543706357479095, 0.0679015964269638, 0.9955637454986572),
            ["LeftUpperArm"] = CFrame.new(0.0000037550926208496094, -0.000011831521987915039, 0.0000057406723499298096, 0.5055898427963257, 0.6026924848556519, -0.6173723936080933, -0.6672764420509338, -0.180423766374588, -0.7226250767707825, -0.5469195246696472, 0.7773088216781616, 0.31090861558914185),
            ["RightLowerArm"] = CFrame.new(-0.00033409008756279945, 0.00020229816436767578, 0.00009801983833312988, 1, 6.145422304371095e-08, 1.302554331061856e-08, -3.3487864925518807e-08, 0.9279655814170837, -0.37266597151756287, -1.8604369600438986e-08, 0.37266600131988525, 0.9279655814170837),
            ["LeftHand"] = CFrame.new(0.000443900004029274, -0.00006169825792312622, -0.0004530809819698334, 0.7258673906326294, -0.22516481578350067, 0.6496812701225281, -0.07872526347637177, 0.912160336971283, 0.4026888906955719, -0.6833145618438721, -0.3424389958381653, 0.644791305065155),
            ["LowerTorso"] = CFrame.new(0.03883453458547592, -0.08407533168792725, -0.3561692535877228, 0.9954599738121033, -0.0038921707309782505, -0.09510142356157303, 0.007576618809252977, 0.9992332458496094, 0.03841198980808258, 0.09487900137901306, -0.038958143442869186, 0.9947262406349182),
            ["RightUpperLeg"] = CFrame.new(0.000007271766662597656, 0.000017911195755004883, -0.00006373971700668335, 0.9748618602752686, -0.19384242594242096, -0.1098618432879448, 0.15876804292201996, 0.9502838850021362, -0.2678682208061218, 0.15632414817810059, 0.24369193613529205, 0.9571714401245117),
            ["RightLowerLeg"] = CFrame.new(-1.5401560915506707e-07, 0.00020694732666015625, 0.000013053417205810547, 1, -5.960463766996327e-08, -7.450581485102248e-09, 3.725290298461914e-08, 0.8545045256614685, 0.519443929195404, -4.0978193283081055e-08, -0.519443929195404, 0.8545046448707581),
            ["LeftUpperLeg"] = CFrame.new(0.000010527670383453369, -0.000011622905731201172, 0.00006476789712905884, 0.9624155163764954, 0.22183333337306976, 0.15667274594306946, -0.19509239494800568, 0.9660443067550659, -0.16940325498580933, -0.18893209099769592, 0.13247054815292358, 0.9730140566825867),
            ["LeftLowerLeg"] = CFrame.new(-2.993277448126719e-08, -0.00021073222160339355, -0.000024497509002685547, 1, 5.587936158235607e-08, 2.980232594040899e-08, -4.842878098543224e-08, 0.892419695854187, 0.45120611786842346, 5.587936335871291e-09, -0.45120635628700256, 0.8924198746681213),
        }},
        {Time = 0.033, Data = {
            ["RightFoot"] = CFrame.new(-0.0000020507723093032837, -0.000024609267711639404, 0.00007411092519760132, 0.9849614500999451, 0.17099831998348236, -0.024712540209293365, -0.17003345489501953, 0.9339872002601624, -0.3142557442188263, -0.030656035989522934, 0.3137317895889282, 0.9490166902542114),
            ["LeftLowerArm"] = CFrame.new(0.0014372437726706266, 0.00033773481845855713, 0.0002342015504837036, 1, 1.3400716625255882e-07, 0, -1.1908447561381763e-07, 0.6450532674789429, -0.7641373872756958, -5.9542237806908815e-08, 0.7641375064849854, 0.6450533270835876),
            ["LeftFoot"] = CFrame.new(-0.000008326023817062378, 0.000025503337383270264, -0.00007355213165283203, 0.975631058216095, -0.1932724118232727, 0.1038753017783165, 0.21681462228298187, 0.9218892455101013, -0.3211096227169037, -0.033699799329042435, 0.3358064293861389, 0.9413281083106995),
            ["Head"] = CFrame.new(-0.000011023133993148804, 0.0000011920928955078125, 0.00003238767385482788, 0.9820054769515991, -0.0810961052775383, 0.17056889832019806, 0.06914012134075165, 0.9948018193244934, 0.07479003816843033, -0.17574118077754974, -0.06158622354269028, 0.982503354549408),
            ["RightUpperArm"] = CFrame.new(0.00001138448715209961, -0.00001138448715209961, -0.000013582408428192139, 0.9741342067718506, -0.20337969064712524, -0.0985245630145073, 0.22021043300628662, 0.9521284699440002, 0.21207411587238312, 0.05069413408637047, -0.22822809219360352, 0.9722744822502136),
            ["UpperTorso"] = CFrame.new(-1.0989606380462646e-07, 5.960464477539063e-08, 9.313225746154785e-09, 0.99909508228302, 0.01762613281607628, -0.038708291947841644, -0.01800535060465336, 0.9997930526733398, -0.009470206685364246, 0.03853335976600647, 0.010158596560359001, 0.9992056488990784),
            ["HumanoidRootPart"] = CFrame.new(0, 0, 0, 1, 0, 0, 0, 1, 0, 0, 0, 1),
            ["RightHand"] = CFrame.new(0.0005290755070745945, -0.000022701919078826904, -0.000005519948899745941, 0.9967447519302368, 0.0427154004573822, -0.06812047958374023, -0.04753465950489044, 0.9967839121818542, -0.06448107212781906, 0.06511954218149185, 0.06780332326889038, 0.9955912232398987),
            ["LeftUpperArm"] = CFrame.new(0.000003516674041748047, -0.000011861324310302734, 0.000005647540092468262, 0.5055177211761475, 0.6027087569236755, -0.6174157857894897, -0.6674754619598389, -0.18024221062660217, -0.7224865555763245, -0.5467435121536255, 0.7773383855819702, 0.31114450097084045),
            ["RightLowerArm"] = CFrame.new(-0.000334752636263147, 0.00020168721675872803, 0.00009803473949432373, 1, -9.31125576641989e-09, -7.443186067490615e-09, -6.325494439352042e-08, 0.9277682900428772, -0.3731568455696106, 7.441758320680947e-09, 0.373156875371933, 0.927768349647522),
            ["LeftHand"] = CFrame.new(0.00044346414506435394, -0.00006175041198730469, -0.0004531592130661011, 0.7258854508399963, -0.22512304782867432, 0.6496762037277222, -0.07861960679292679, 0.9122321009635925, 0.4025455117225647, -0.6833075881004333, -0.34227505326271057, 0.6448860168457031),
            ["LowerTorso"] = CFrame.new(0.038773369044065475, -0.08407557755708694, -0.3560522496700287, 0.9954119920730591, -0.0036746454425156116, -0.0956120416522026, 0.007367969956248999, 0.9992389678955078, 0.038303911685943604, 0.09539853781461716, -0.038832634687423706, 0.9946814179420471),
            ["RightUpperLeg"] = CFrame.new(0.00000727921724319458, 0.00001773238182067871, -0.00006370246410369873, 0.9749066829681396, -0.1939862072467804, -0.10920856893062592, 0.1590157300233841, 0.950147807598114, -0.2682035565376282, 0.15579213201999664, 0.24410757422447205, 0.9571521878242493),
            ["RightLowerLeg"] = CFrame.new(1.5447954027081323e-08, 0.00020712614059448242, 0.000013187527656555176, 1, -2.980232949312267e-08, -3.3527616238870905e-08, 6.33299421792799e-08, 0.854249119758606, 0.5198638439178467, -2.6077035641947077e-08, -0.5198639035224915, 0.8542492389678955),
            ["LeftUpperLeg"] = CFrame.new(0.000010594725608825684, -0.00001150369644165039, 0.00006478279829025269, 0.9623608589172363, 0.22160761058330536, 0.15732696652412415, -0.19487401843070984, 0.9661760330200195, -0.16890232264995575, -0.18943561613559723, 0.13188596069812775, 0.9729955196380615),
            ["LeftLowerLeg"] = CFrame.new(1.4208225707079691e-09, -0.0002110898494720459, -0.000024810433387756348, 1, 8.381903882082042e-08, 1.4901164746561335e-08, -4.377216100692749e-08, 0.8926987051963806, 0.45065391063690186, 2.0489096641540527e-08, -0.4506540894508362, 0.8926988840103149),
        }},
        {Time = 0.067, Data = {
            ["RightFoot"] = CFrame.new(-0.0000021420419216156006, -0.000024534761905670166, 0.00007414817810058594, 0.9849665760993958, 0.1709560751914978, -0.0247991681098938, -0.17002244293689728, 0.9340100288391113, -0.3141935169696808, -0.03055066429078579, 0.3136866092681885, 0.9490349888801575),
            ["LeftLowerArm"] = CFrame.new(0.0014389725401997566, 0.0003380328416824341, 0.000234261155128479, 1, 7.444872096584731e-08, -2.978538482523163e-08, -3.721405050782778e-08, 0.6447986960411072, -0.7643523812294006, -5.209966857933068e-08, 0.7643523812294006, 0.6447986364364624),
            ["LeftFoot"] = CFrame.new(-0.000008361414074897766, 0.000025667250156402588, -0.00007357820868492126, 0.9756352305412292, -0.1932910829782486, 0.10380082577466965, 0.21680547297000885, 0.9219078421592712, -0.3210623562335968, -0.033636245876550674, 0.3357446789741516, 0.9413524270057678),
            ["Head"] = CFrame.new(-0.000010892748832702637, 0.0000014901161193847656, 0.00003198347985744476, 0.982144832611084, -0.08136606961488724, 0.16963531076908112, 0.06958603113889694, 0.9948181509971619, 0.07415550202131271, -0.17478379607200623, -0.060963090509176254, 0.9827130436897278),
            ["RightUpperArm"] = CFrame.new(0.000011026859283447266, -0.00001138448715209961, -0.000013306736946105957, 0.974072277545929, -0.2035616636276245, -0.09876032173633575, 0.22046582400798798, 0.9519703388214111, 0.21251779794692993, 0.0507739782333374, -0.22872497141361237, 0.9721536636352539),
            ["UpperTorso"] = CFrame.new(-1.0989606380462646e-07, 0, 2.9802322387695312e-08, 0.9991510510444641, 0.01731717772781849, -0.03738228231668472, -0.017683355137705803, 0.9997987151145935, -0.009487192146480083, 0.03721041977405548, 0.010140188038349152, 0.9992559552192688),
            ["HumanoidRootPart"] = CFrame.new(0, 0, 0, 1, 0, 0, 0, 1, 0, 0, 0, 1),
            ["RightHand"] = CFrame.new(0.0005288380198180676, -0.000022836029529571533, -0.000005561858415603638, 0.9967724680900574, 0.04265137389302254, -0.06775439530611038, -0.04743749648332596, 0.9967948198318481, -0.06438354402780533, 0.06476391106843948, 0.06768296658992767, 0.9956225752830505),
            ["LeftUpperArm"] = CFrame.new(0.0000037848949432373047, -0.000011801719665527344, 0.000005595386028289795, 0.5054141879081726, 0.6028227806091309, -0.617388904094696, -0.6677384972572327, -0.17990684509277344, -0.7223270535469055, -0.5465177893638611, 0.7773276567459106, 0.31156784296035767),
            ["RightLowerArm"] = CFrame.new(-0.0003379703557584435, 0.00020216405391693115, 0.00009769201278686523, 1, 7.262777756977812e-08, -1.4886447630146904e-08, -2.9767226905619282e-08, 0.9275478720664978, -0.3737045228481293, 3.7209033632024102e-09, 0.37370455265045166, 0.9275477528572083),
            ["LeftHand"] = CFrame.new(0.00044205598533153534, -0.00006146728992462158, -0.00045240670442581177, 0.7258124947547913, -0.22507791221141815, 0.6497747898101807, -0.07868897169828415, 0.9122440814971924, 0.4025019705295563, -0.6833771467208862, -0.34227293729782104, 0.6448138356208801),
            ["LowerTorso"] = CFrame.new(0.038720160722732544, -0.08407546579837799, -0.3559439778327942, 0.9953029155731201, -0.0034282817505300045, -0.09674885869026184, 0.007148695643991232, 0.9992470741271973, 0.03813397139310837, 0.0965452641248703, -0.038646478205919266, 0.9945781230926514),
            ["RightUpperLeg"] = CFrame.new(0.00000727921724319458, 0.000018090009689331055, -0.00006364285945892334, 0.9750655889511108, -0.19396859407424927, -0.10781168192625046, 0.15925408899784088, 0.9499471783638, -0.2687721848487854, 0.1545487344264984, 0.24490100145339966, 0.9571510553359985),
            ["RightLowerLeg"] = CFrame.new(-1.0468938427266039e-07, 0.00020706653594970703, 0.000013083219528198242, 1, -5.960464477539063e-08, 3.725290742551124e-09, 5.960464477539063e-08, 0.853923499584198, 0.5203986763954163, -1.862645149230957e-08, -0.5203986167907715, 0.853923499584198),
            ["LeftUpperLeg"] = CFrame.new(0.00001068413257598877, -0.00001150369644165039, 0.00006483495235443115, 0.9621776342391968, 0.22143816947937012, 0.15868033468723297, -0.19466933608055115, 0.9663504362106323, -0.1681395173072815, -0.1905733048915863, 0.13088975846767426, 0.9729078412055969),
            ["LeftLowerLeg"] = CFrame.new(-1.0010298012730345e-07, -0.00021091103553771973, -0.000024810433387756348, 1, 5.21540641784668e-08, 2.980232949312267e-08, -6.146728281919422e-08, 0.8929866552352905, 0.45008301734924316, 1.862644971595273e-08, -0.45008325576782227, 0.8929868340492249),
        }},
        {Time = 0.100, Data = {
            ["RightFoot"] = CFrame.new(-0.0000021830201148986816, -0.00002477318048477173, 0.00007421523332595825, 0.9849704504013062, 0.17092180252075195, -0.024878371506929398, -0.17001871764659882, 0.934052050113678, -0.31407076120376587, -0.030443821102380753, 0.31358015537261963, 0.9490736722946167),
            ["LeftLowerArm"] = CFrame.new(0.001443521468900144, 0.00033783912658691406, 0.00023539364337921143, 1, 1.2656371950470202e-07, -4.467835879040649e-08, 0, 0.6445226669311523, -0.7645851969718933, -9.67572759691393e-08, 0.7645851373672485, 0.6445226073265076),
            ["LeftFoot"] = CFrame.new(-0.00000821240246295929, 0.000025607645511627197, -0.00007351860404014587, 0.9756390452384949, -0.19331052899360657, 0.10372830182313919, 0.2167941927909851, 0.9219610095024109, -0.3209173083305359, -0.03359674662351608, 0.33558741211891174, 0.9414098858833313),
            ["Head"] = CFrame.new(-0.000010773539543151855, 0.000001430511474609375, 0.000031501054763793945, 0.9822847247123718, -0.0816614031791687, 0.16868063807487488, 0.07007279992103577, 0.9948372840881348, 0.07343550771474838, -0.17380042374134064, -0.060251545161008835, 0.98293137550354),
            ["RightUpperArm"] = CFrame.new(0.000011086463928222656, -0.000011742115020751953, -0.000013090670108795166, 0.9740234613418579, -0.20367814600467682, -0.09900116175413132, 0.2206638753414154, 0.9518026113510132, 0.21306240558624268, 0.05085070803761482, -0.22931872308254242, 0.9720098376274109),
            ["UpperTorso"] = CFrame.new(-1.126900315284729e-07, 5.960464477539063e-08, 1.5832483768463135e-08, 0.9992090463638306, 0.017000902444124222, -0.0359480082988739, -0.017354046925902367, 0.9998040199279785, -0.009534725919365883, 0.03577886149287224, 0.010151022113859653, 0.9993082284927368),
            ["HumanoidRootPart"] = CFrame.new(0, 0, 0, 1, 0, 0, 0, 1, 0, 0, 0, 1),
            ["RightHand"] = CFrame.new(0.0005288063548505306, -0.00002291053533554077, -0.000005413778126239777, 0.9967954158782959, 0.04260002449154854, -0.0674518421292305, -0.04735676571726799, 0.9968045949935913, -0.0642925426363945, 0.06447038799524307, 0.06757138669490814, 0.995648980140686),
            ["LeftUpperArm"] = CFrame.new(0.0000037550926208496094, -0.000011622905731201172, 0.000005405396223068237, 0.5053918361663818, 0.6029410362243652, -0.6172915697097778, -0.6679577231407166, -0.17949450016021729, -0.7222273349761963, -0.5462706089019775, 0.7773312926292419, 0.311991810798645),
            ["RightLowerArm"] = CFrame.new(-0.00034326588502153754, 0.00020238757133483887, 0.00009775161743164062, 1, 4.6556326793734115e-08, -2.605152360501961e-08, -2.976753243899566e-08, 0.9273608326911926, -0.3741682767868042, -2.2325648885157534e-08, 0.3741682171821594, 0.9273608326911926),
            ["LeftHand"] = CFrame.new(0.0004412941634654999, -0.00006117671728134155, -0.00045158714056015015, 0.7258521318435669, -0.22498275339603424, 0.6497657895088196, -0.0787215381860733, 0.9122692942619324, 0.402434766292572, -0.683331310749054, -0.3422683775424957, 0.6448649168014526),
            ["LowerTorso"] = CFrame.new(0.03865979611873627, -0.08407507091760635, -0.3558329641819, 0.9951865077018738, -0.0031536270398646593, -0.09794837236404419, 0.0068990690633654594, 0.9992569088935852, 0.03792383894324303, 0.09775596857070923, -0.03841704502701759, 0.9944687485694885),
            ["RightUpperLeg"] = CFrame.new(0.000007092952728271484, 0.000018268823623657227, -0.00006365031003952026, 0.9752270579338074, -0.19398824870586395, -0.1063055694103241, 0.15955300629138947, 0.9497275352478027, -0.26937055587768555, 0.15321604907512665, 0.24573609232902527, 0.9571514129638672),
            ["RightLowerLeg"] = CFrame.new(-2.0962671598567795e-08, 0.0002072453498840332, 0.000012800097465515137, 1, -2.2351745343485163e-08, -4.470348358154297e-08, 3.3527612686157227e-08, 0.8535758256912231, 0.5209686756134033, -1.862645149230957e-08, -0.5209687352180481, 0.8535758256912231),
            ["LeftUpperLeg"] = CFrame.new(0.00001078099012374878, -0.00001099705696105957, 0.00006476789712905884, 0.9619856476783752, 0.22121977806091309, 0.16014210879802704, -0.19443590939044952, 0.9665586948394775, -0.16720987856388092, -0.19177687168121338, 0.12971602380275726, 0.9728285670280457),
            ["LeftLowerLeg"] = CFrame.new(-3.843524609692395e-09, -0.0002110898494720459, -0.000024870038032531738, 1, 5.7742006731587026e-08, 2.9802322387695312e-08, -5.4016709327697754e-08, 0.8933850526809692, 0.4492917060852051, 2.0489096641540527e-08, -0.44929200410842896, 0.893385112285614),
        }},
        {Time = 0.133, Data = {
            ["RightFoot"] = CFrame.new(-0.000002089887857437134, -0.000024847686290740967, 0.00007413327693939209, 0.9849639534950256, 0.17095568776130676, -0.024904366582632065, -0.1700585037469864, 0.9340397119522095, -0.3140862286090851, -0.03043312020599842, 0.3135988116264343, 0.9490678310394287),
            ["LeftLowerArm"] = CFrame.new(0.001446794020012021, 0.00033761560916900635, 0.0002349764108657837, 1, 2.9779872789958972e-08, -1.4892864719229237e-08, -2.9771637599651513e-08, 0.6441603302955627, -0.7648904919624329, -6.698618193468064e-08, 0.7648904919624329, 0.6441603899002075),
            ["LeftFoot"] = CFrame.new(-0.000008217990398406982, 0.000025413930416107178, -0.00007350742816925049, 0.9756463766098022, -0.19329339265823364, 0.10369110107421875, 0.21676139533519745, 0.9220084547996521, -0.32080328464508057, -0.03359484672546387, 0.33546704053878784, 0.9414529204368591),
            ["Head"] = CFrame.new(-0.000010661780834197998, 8.642673492431641e-07, 0.00003100186586380005, 0.9824280142784119, -0.08197742700576782, 0.1676899492740631, 0.0705602690577507, 0.9948468804359436, 0.07283440232276917, -0.17279042303562164, -0.05966029316186905, 0.9831455945968628),
            ["RightUpperArm"] = CFrame.new(0.000010788440704345703, -0.000011652708053588867, -0.000012896955013275146, 0.9740026593208313, -0.20368638634681702, -0.09918896853923798, 0.220743790268898, 0.9516626596450806, 0.213603213429451, 0.050903405994176865, -0.22989128530025482, 0.9718720316886902),
            ["UpperTorso"] = CFrame.new(-1.2665987014770508e-07, -2.980232238769531e-07, 4.6566128730773926e-09, 0.9992459416389465, 0.016646934673190117, -0.03507690504193306, -0.016993744298815727, 0.9998093843460083, -0.00961220171302557, 0.03491021320223808, 0.010201025754213333, 0.9993384480476379),
            ["HumanoidRootPart"] = CFrame.new(0, 0, 0, 1, 0, 0, 0, 1, 0, 0, 0, 1),
            ["RightHand"] = CFrame.new(0.0005286280065774918, -0.000022783875465393066, -0.00000541098415851593, 0.9968052506446838, 0.042581040412187576, -0.06731979548931122, -0.0473199188709259, 0.9968125820159912, -0.064195916056633, 0.06434471160173416, 0.06746590882539749, 0.9956640601158142),
            ["LeftUpperArm"] = CFrame.new(0.000003427267074584961, -0.000011831521987915039, 0.000005338340997695923, 0.5053215622901917, 0.6031326055526733, -0.6171620488166809, -0.6682033538818359, -0.17903828620910645, -0.7221132516860962, -0.5460351705551147, 0.7772879004478455, 0.31251171231269836),
            ["RightLowerArm"] = CFrame.new(-0.00034741038689389825, 0.00020238757133483887, 0.00009775161743164062, 1, 5.772994171593382e-08, -1.3025841738567578e-08, -3.3488760209365864e-08, 0.9272604584693909, -0.37441694736480713, -2.232584073169619e-08, 0.37441694736480713, 0.9272604584693909),
            ["LeftHand"] = CFrame.new(0.00044130533933639526, -0.00006064772605895996, -0.0004505366086959839, 0.7257925271987915, -0.22489354014396667, 0.6498652696609497, -0.07882287353277206, 0.9122871160507202, 0.402370423078537, -0.6833828091621399, -0.3422793745994568, 0.6448047757148743),
            ["LowerTorso"] = CFrame.new(0.038582585752010345, -0.08407509326934814, -0.3557317852973938, 0.9951183199882507, -0.0028562138322740793, -0.09864752739667892, 0.006604850757867098, 0.9992674589157104, 0.03769468143582344, 0.09846760332584381, -0.038162220269441605, 0.9944082498550415),
            ["RightUpperLeg"] = CFrame.new(0.0000070035457611083984, 0.000017940998077392578, -0.00006365031003952026, 0.9752791523933411, -0.19420503079891205, -0.10542793571949005, 0.15991637110710144, 0.949546754360199, -0.26979219913482666, 0.15250371396541595, 0.2462630718946457, 0.9571296572685242),
            ["RightLowerLeg"] = CFrame.new(-2.2350354456079913e-08, 0.00020691752433776855, 0.000012889504432678223, 1, -4.470347647611561e-08, -1.4901159417490817e-08, 4.0978189730367376e-08, 0.8532251715660095, 0.5215427279472351, -1.862644971595273e-08, -0.5215427875518799, 0.8532251715660095),
            ["LeftUpperLeg"] = CFrame.new(0.00001074373722076416, -0.000011533498764038086, 0.00006476417183876038, 0.961905300617218, 0.220906063914299, 0.16105550527572632, -0.1941503882408142, 0.9667486548423767, -0.16644161939620972, -0.19246816635131836, 0.12883196771144867, 0.9728094935417175),
            ["LeftLowerLeg"] = CFrame.new(1.4806164472247474e-07, -0.00021123886108398438, -0.000025138258934020996, 1, 5.02914261346632e-08, 7.450580596923828e-09, -6.519257311765614e-08, 0.8936732411384583, 0.44871819019317627, 2.0489094865183688e-08, -0.44871851801872253, 0.893673300743103),
        }},
        {Time = 0.167, Data = {
            ["RightFoot"] = CFrame.new(-0.00000208243727684021, -0.000024721026420593262, 0.0000741221010684967, 0.9849603772163391, 0.17097072303295135, -0.02494220994412899, -0.17007970809936523, 0.9339836835861206, -0.314240962266922, -0.030430475249886513, 0.3137570917606354, 0.9490155577659607),
            ["LeftLowerArm"] = CFrame.new(0.0014497525990009308, 0.00033786892890930176, 0.00023436546325683594, 1, 2.978002378029032e-08, -1.4892937549859653e-08, -5.2100638470164995e-08, 0.6437447667121887, -0.7652402520179749, -8.931537820444646e-08, 0.7652401924133301, 0.6437448263168335),
            ["LeftFoot"] = CFrame.new(-0.000008104369044303894, 0.000025503337383270264, -0.0000735260546207428, 0.9756631255149841, -0.1932445764541626, 0.10362450778484344, 0.2166816145181656, 0.9221377372741699, -0.3204854428768158, -0.03362392634153366, 0.3351396322250366, 0.9415684342384338),
            ["Head"] = CFrame.new(-0.000010594725608825684, 7.450580596923828e-07, 0.000030415132641792297, 0.982528805732727, -0.08224925398826599, 0.16696462035179138, 0.07098523527383804, 0.9948603510856628, 0.07223467528820038, -0.17204143106937408, -0.05905969440937042, 0.983313262462616),
            ["RightUpperArm"] = CFrame.new(0.000010669231414794922, -0.000011175870895385742, -0.000012509524822235107, 0.9739769697189331, -0.20375624299049377, -0.09929686784744263, 0.22086398303508759, 0.9515196681022644, 0.21411484479904175, 0.050872620195150375, -0.23042091727256775, 0.9717484712600708),
            ["UpperTorso"] = CFrame.new(-1.1362135410308838e-07, 3.5762786865234375e-07, 1.3969838619232178e-08, 0.9992662072181702, 0.016309138387441635, -0.034655001014471054, -0.016653258353471756, 0.9998146295547485, -0.009664702229201794, 0.03449098765850067, 0.010234737768769264, 0.9993525743484497),
            ["HumanoidRootPart"] = CFrame.new(0, 0, 0, 1, 0, 0, 0, 1, 0, 0, 0, 1),
            ["RightHand"] = CFrame.new(0.0005281143821775913, -0.00002244114875793457, -0.000005179084837436676, 0.9968142509460449, 0.04258476942777634, -0.06718627363443375, -0.047308679670095444, 0.9968165159225464, -0.06414405256509781, 0.06421373784542084, 0.06740549206733704, 0.9956765174865723),
            ["LeftUpperArm"] = CFrame.new(0.000003337860107421875, -0.00001093745231628418, 0.000005304813385009766, 0.5051625967025757, 0.6034659147262573, -0.6169661283493042, -0.6684490442276001, -0.17856384813785553, -0.7220034003257751, -0.5458815693855286, 0.7771382331848145, 0.31315138936042786),
            ["RightLowerArm"] = CFrame.new(-0.00035147988819517195, 0.00020207464694976807, 0.00009788572788238525, 1, 5.586775486676743e-09, -2.6051864665532776e-08, -4.093103456170866e-08, 0.9272693991661072, -0.3743949830532074, -3.7210030612300216e-09, 0.3743949234485626, 0.9272693991661072),
            ["LeftHand"] = CFrame.new(0.00044105760753154755, -0.000060930848121643066, -0.0004496462643146515, 0.7258551716804504, -0.22474321722984314, 0.6498490571975708, -0.07897239923477173, 0.912280797958374, 0.4023521840572357, -0.6832991242408752, -0.3423951268196106, 0.64483243227005),
            ["LowerTorso"] = CFrame.new(0.03849693015217781, -0.0840747207403183, -0.3556429147720337, 0.9950852990150452, -0.002562744077295065, -0.09898834675550461, 0.006299159023910761, 0.9992786049842834, 0.03745194151997566, 0.09882095456123352, -0.03789141774177551, 0.9943835735321045),
            ["RightUpperLeg"] = CFrame.new(0.0000070855021476745605, 0.000018090009689331055, -0.0000637248158454895, 0.9752858877182007, -0.1944943517446518, -0.10483073443174362, 0.16030871868133545, 0.9494108557701111, -0.2700374126434326, 0.15204818546772003, 0.24655842781066895, 0.9571260809898376),
            ["RightLowerLeg"] = CFrame.new(2.1811672468174947e-08, 0.00020682811737060547, 0.000012665987014770508, 1, -4.470347647611561e-08, -2.2351741790771484e-08, 3.3527612686157227e-08, 0.8528661131858826, 0.5221296548843384, -3.3527612686157227e-08, -0.5221296548843384, 0.8528661727905273),
            ["LeftUpperLeg"] = CFrame.new(0.000010855495929718018, -0.000011056661605834961, 0.0000647716224193573, 0.9619060754776001, 0.22053875029087067, 0.16155342757701874, -0.19384001195430756, 0.9669193029403687, -0.16581085324287415, -0.19277679920196533, 0.12817882001399994, 0.9728347063064575),
            ["LeftLowerLeg"] = CFrame.new(-1.3048165214968321e-08, -0.0002111494541168213, -0.000025153160095214844, 1, 6.519259443393821e-08, 1.4901162970204496e-08, -3.166497108963995e-08, 0.8939911127090454, 0.44808468222618103, 5.587936335871291e-09, -0.4480849802494049, 0.8939911723136902),
        }},
        {Time = 0.200, Data = {
            ["RightFoot"] = CFrame.new(-0.000002168118953704834, -0.000024683773517608643, 0.00007416680455207825, 0.9849533438682556, 0.1709948629140854, -0.025054624304175377, -0.17013628780841827, 0.9339570999145508, -0.31428948044776917, -0.03034204989671707, 0.3138231933116913, 0.9489965438842773),
            ["LeftLowerArm"] = CFrame.new(0.001451138872653246, 0.00033736228942871094, 0.00023446977138519287, 1, 5.211528986137637e-08, 1.489300505141955e-08, -4.4657852527052455e-08, 0.6434043049812317, -0.765526533126831, -5.210083031670365e-08, 0.7655264735221863, 0.6434042453765869),
            ["LeftFoot"] = CFrame.new(-0.000008223578333854675, 0.00002549588680267334, -0.00007360801100730896, 0.975670576095581, -0.19322969019412994, 0.10358221083879471, 0.21664643287658691, 0.9222126007080078, -0.3202935755252838, -0.0336344912648201, 0.3349420428276062, 0.9416383504867554),
            ["Head"] = CFrame.new(-0.000010546296834945679, 0.0000014901161193847656, 0.000030044466257095337, 0.9825823307037354, -0.08249663561582565, 0.16652733087539673, 0.07134129106998444, 0.9948675632476807, 0.07178264856338501, -0.17158819735050201, -0.058591969311237335, 0.9834205508232117),
            ["RightUpperArm"] = CFrame.new(0.000010788440704345703, -0.00001099705696105957, -0.000012315809726715088, 0.9739013910293579, -0.20408272743225098, -0.09936678409576416, 0.22122599184513092, 0.9513201117515564, 0.21462643146514893, 0.05074486508965492, -0.2309550642967224, 0.9716284871101379),
            ["UpperTorso"] = CFrame.new(-1.1362135410308838e-07, -1.1920928955078125e-07, 2.7939677238464355e-09, 0.9992873668670654, 0.016047818586230278, -0.034166645258665085, -0.01638777181506157, 0.9998188018798828, -0.009693184867501259, 0.03400491923093796, 0.01024619210511446, 0.9993691444396973),
            ["HumanoidRootPart"] = CFrame.new(0, 0, 0, 1, 0, 0, 0, 1, 0, 0, 0, 1),
            ["RightHand"] = CFrame.new(0.0005276431329548359, -0.000023029744625091553, -0.000005217269062995911, 0.9968361258506775, 0.04258759319782257, -0.06685909628868103, -0.04728427901864052, 0.9968218207359314, -0.06408017873764038, 0.0638904944062233, 0.06732574105262756, 0.9957026243209839),
            ["LeftUpperArm"] = CFrame.new(0.000003159046173095703, -0.00001093745231628418, 0.000005200505256652832, 0.5050296187400818, 0.6038168668746948, -0.616731584072113, -0.6686356067657471, -0.17810936272144318, -0.7219429612159729, -0.5457760095596313, 0.776969850063324, 0.3137524724006653),
            ["RightLowerArm"] = CFrame.new(-0.0003544663486536592, 0.00020225346088409424, 0.00009778887033462524, 1, 2.234716234283951e-08, 2.9773680410016823e-08, -2.2326144488715727e-08, 0.9273302555084229, -0.37424421310424805, -2.9768191467383076e-08, 0.37424418330192566, 0.9273301959037781),
            ["LeftHand"] = CFrame.new(0.0004397481679916382, -0.00006125122308731079, -0.00044904276728630066, 0.7257901430130005, -0.22466036677360535, 0.6499517560005188, -0.07909894734621048, 0.9122856259346008, 0.40231359004974365, -0.6833535432815552, -0.3424363434314728, 0.6447529792785645),
            ["LowerTorso"] = CFrame.new(0.03843024745583534, -0.08407413959503174, -0.3555592894554138, 0.995037317276001, -0.0023155200760811567, -0.09947538375854492, 0.006043190136551857, 0.9992899894714355, 0.0371883362531662, 0.09931864589452744, -0.037604931741952896, 0.9943448305130005),
            ["RightUpperLeg"] = CFrame.new(0.000006973743438720703, 0.000018030405044555664, -0.0000636950135231018, 0.9753184914588928, -0.19468806684017181, -0.10416591167449951, 0.1606220006942749, 0.9492822885513306, -0.2703031599521637, 0.1515076756477356, 0.2469002902507782, 0.9571236968040466),
            ["RightLowerLeg"] = CFrame.new(-1.7157789500288345e-07, 0.00020691752433776855, 0.00001271069049835205, 1, -5.960463766996327e-08, -3.352760913344355e-08, 2.2351736461700966e-08, 0.8525813221931458, 0.5225945115089417, -4.097818262494002e-08, -0.5225945115089417, 0.8525813817977905),
            ["LeftUpperLeg"] = CFrame.new(0.000010967254638671875, -0.000011295080184936523, 0.00006483495235443115, 0.9618622064590454, 0.22024211287498474, 0.16221776604652405, -0.19359855353832245, 0.9670921564102173, -0.1650829166173935, -0.19323772192001343, 0.12738177180290222, 0.9728479385375977),
            ["LeftLowerLeg"] = CFrame.new(4.682705778691343e-08, -0.00021135807037353516, -0.00002530217170715332, 1, 6.332993507385254e-08, 2.980232594040899e-08, -5.4948024796885875e-08, 0.8943071961402893, 0.4474532902240753, 2.2351738238057806e-08, -0.4474535286426544, 0.8943073153495789),
        }},
        {Time = 0.233, Data = {
            ["RightFoot"] = CFrame.new(-0.0000021774321794509888, -0.000024728477001190186, 0.00007413700222969055, 0.9849554300308228, 0.17098209261894226, -0.025060007348656654, -0.17012690007686615, 0.9339699149131775, -0.31425654888153076, -0.03032682277262211, 0.31379199028015137, 0.9490072727203369),
            ["LeftLowerArm"] = CFrame.new(0.0014496867079287767, 0.0003375411033630371, 0.00023449957370758057, 1, 1.0423052998476123e-07, -1.489300505141955e-08, -1.563021641004525e-07, 0.6431838274002075, -0.7657117247581482, -6.698664378745889e-08, 0.7657116651535034, 0.6431839466094971),
            ["LeftFoot"] = CFrame.new(-0.000008335337042808533, 0.000025406479835510254, -0.00007359310984611511, 0.9756738543510437, -0.19323866069316864, 0.10353515297174454, 0.216633602976799, 0.9222690463066101, -0.32014000415802, -0.03362375497817993, 0.33478161692619324, 0.9416958689689636),
            ["Head"] = CFrame.new(-0.000010602176189422607, 8.046627044677734e-07, 0.000029709190130233765, 0.9826375246047974, -0.08273059129714966, 0.16608545184135437, 0.07165221124887466, 0.9948647618293762, 0.07150986790657043, -0.1711423099040985, -0.05830845981836319, 0.9835150837898254),
            ["RightUpperArm"] = CFrame.new(0.000010848045349121094, -0.000010758638381958008, -0.000012032687664031982, 0.9737921357154846, -0.2045748382806778, -0.0994265079498291, 0.2217472642660141, 0.9510822296142578, 0.21514156460762024, 0.05056694895029068, -0.23149894177913666, 0.9715083837509155),
            ["UpperTorso"] = CFrame.new(-1.1920928955078125e-07, -5.960464477539063e-08, 3.073364496231079e-08, 0.9993087649345398, 0.015893682837486267, -0.03360680490732193, -0.016228793188929558, 0.999821126461029, -0.009722299873828888, 0.0334463007748127, 0.010260969400405884, 0.999387800693512),
            ["HumanoidRootPart"] = CFrame.new(0, 0, 0, 1, 0, 0, 0, 1, 0, 0, 0, 1),
            ["RightHand"] = CFrame.new(0.0005275583826005459, -0.00002228468656539917, -0.00000545009970664978, 0.9968659281730652, 0.04259225353598595, -0.06641031801700592, -0.04725731909275055, 0.9968248009681702, -0.06405360996723175, 0.06344408541917801, 0.06727755814790726, 0.9957342743873596),
            ["LeftUpperArm"] = CFrame.new(0.0000033080577850341797, -0.000010311603546142578, 0.000005260109901428223, 0.5048502087593079, 0.6041521430015564, -0.6165500283241272, -0.668881356716156, -0.17766644060611725, -0.721824586391449, -0.5456408858299255, 0.7768105864524841, 0.31438106298446655),
            ["RightLowerArm"] = CFrame.new(-0.00035378613392822444, 0.0002022087574005127, 0.00009780377149581909, 1, 5.214331011416107e-08, -2.0469382633336863e-08, -3.721023134062307e-08, 0.92745041847229, -0.37394630908966064, -1.8605115670311534e-08, 0.37394630908966064, 0.92745041847229),
            ["LeftHand"] = CFrame.new(0.00043962523341178894, -0.0000610649585723877, -0.00044887885451316833, 0.7257242202758789, -0.22453229129314423, 0.6500697731971741, -0.07923754304647446, 0.9123147130012512, 0.4022200107574463, -0.6834074258804321, -0.3424431383609772, 0.6446924805641174),
            ["LowerTorso"] = CFrame.new(0.03838310018181801, -0.08407365530729294, -0.3554913103580475, 0.9949779510498047, -0.0021383091807365417, -0.10007130354642868, 0.005862911697477102, 0.9993003010749817, 0.03694022074341774, 0.0999222919344902, -0.037341415882110596, 0.994294285774231),
            ["RightUpperLeg"] = CFrame.new(0.000007063150405883789, 0.000017911195755004883, -0.00006370991468429565, 0.9753776788711548, -0.19477753341197968, -0.10344181209802628, 0.16085687279701233, 0.949181079864502, -0.2705187499523163, 0.1508760154247284, 0.24721860885620117, 0.9571412801742554),
            ["RightLowerLeg"] = CFrame.new(5.794943191972379e-09, 0.00020685791969299316, 0.000012561678886413574, 1, -5.960464477539063e-08, -3.725289943190546e-08, 5.215405707303944e-08, 0.8523504734039307, 0.5229710936546326, -3.725289943190546e-08, -0.5229710936546326, 0.8523504734039307),
            ["LeftUpperLeg"] = CFrame.new(0.000010959804058074951, -0.00001099705696105957, 0.00006480887532234192, 0.9617758393287659, 0.22006694972515106, 0.16296541690826416, -0.1934540718793869, 0.9672322869300842, -0.16443011164665222, -0.19381099939346313, 0.12661847472190857, 0.972833514213562),
            ["LeftLowerLeg"] = CFrame.new(4.2629743290945044e-08, -0.0002111196517944336, -0.00002537667751312256, 1, 5.774201383701438e-08, 3.3527619791584584e-08, -4.0046870708465576e-08, 0.8945217728614807, 0.4470243752002716, 1.4901161193847656e-08, -0.4470246434211731, 0.8945218324661255),
        }},
        {Time = 0.267, Data = {
            ["RightFoot"] = CFrame.new(-0.000002089887857437134, -0.000024609267711639404, 0.00007414072751998901, 0.9849560856819153, 0.1709662824869156, -0.025142289698123932, -0.1701405942440033, 0.9339983463287354, -0.3141646385192871, -0.030228640884160995, 0.31371602416038513, 0.9490355253219604),
            ["LeftLowerArm"] = CFrame.new(0.00144712976180017, 0.00033739209175109863, 0.00023451447486877441, 1, 1.7868076440663572e-07, -8.935803208487414e-08, -2.9771747733775555e-08, 0.6430718898773193, -0.7658057808876038, 0, 0.765805721282959, 0.6430718898773193),
            ["LeftFoot"] = CFrame.new(-0.000008121132850646973, 0.000025406479835510254, -0.00007358193397521973, 0.9756771922111511, -0.19323867559432983, 0.10350406169891357, 0.21662385761737823, 0.9222644567489624, -0.32015976309776306, -0.03359077125787735, 0.33479422330856323, 0.9416925311088562),
            ["Head"] = CFrame.new(-0.000010721385478973389, 5.960464477539063e-08, 0.000029571354389190674, 0.9826216101646423, -0.0828087329864502, 0.1661403328180313, 0.07176660746335983, 0.9948724508285522, 0.07128679752349854, -0.17118537425994873, -0.058065567165613174, 0.9835219979286194),
            ["RightUpperArm"] = CFrame.new(0.000011026859283447266, -0.000011444091796875, -0.000011943280696868896, 0.9736584424972534, -0.20519116520881653, -0.09946725517511368, 0.2223837971687317, 0.9508228302001953, 0.21563012897968292, 0.050346940755844116, -0.2320185899734497, 0.9713959097862244),
            ["UpperTorso"] = CFrame.new(-1.1641532182693481e-07, -2.384185791015625e-07, 2.7939677238464355e-08, 0.9993294477462769, 0.015874121338129044, -0.032995712012052536, -0.01620391197502613, 0.9998212456703186, -0.009751737117767334, 0.03283499553799629, 0.010279852896928787, 0.9994078874588013),
            ["HumanoidRootPart"] = CFrame.new(0, 0, 0, 1, 0, 0, 0, 1, 0, 0, 0, 1),
            ["RightHand"] = CFrame.new(0.0005281218327581882, -0.0000225752592086792, -0.000005778856575489044, 0.996898889541626, 0.042598310858011246, -0.06590836495161057, -0.04723060876131058, 0.996827244758606, -0.0640358105301857, 0.06294412165880203, 0.06723710894584656, 0.9957688450813293),
            ["LeftUpperArm"] = CFrame.new(0.0000029206275939941406, -0.000010728836059570312, 0.000005129724740982056, 0.5046894550323486, 0.6045014262199402, -0.6163393259048462, -0.6690146327018738, -0.177336186170578, -0.7217823266983032, -0.5456262826919556, 0.7766143679618835, 0.3148908317089081),
            ["RightLowerArm"] = CFrame.new(-0.0003530021058395505, 0.00020165741443634033, 0.00009785592555999756, 1, 1.86226341014617e-08, -1.4886792243373748e-08, -4.093116601211477e-08, 0.9276009202003479, -0.3735727071762085, -1.488406020655475e-08, 0.37357261776924133, 0.9276009798049927),
