return {
    ["Dame Tu Cosita"] = {
        {Time = 0.000, Data = {
            ["RightFoot"] = CFrame.new(1.7695128917694092e-08, 4.172325134277344e-07, -5.75528247281909e-09, 0.972095251083374, 0.12303093820810318, 0.1997358649969101, -0.07606823742389679, 0.9707479476928711, -0.22773252427577972, -0.22191131114959717, 0.20618441700935364, 0.9530181288719177),
            ["LeftLowerArm"] = CFrame.new(-1.4901161193847656e-07, -4.172325134277344e-07, -1.210719347000122e-08, 1, -7.078052277620372e-08, 2.4214383387288763e-08, 3.189780173329382e-08, 0.8562370538711548, -0.5165829062461853, 1.1175872671742582e-08, 0.5165831446647644, 0.8562372326850891),
            ["RightUpperArm"] = CFrame.new(0, 1.1920928955078125e-07, 1.1175870895385742e-08, 0.9819839000701904, -0.18107284605503082, 0.05403986573219299, 0.16051730513572693, 0.9502139091491699, 0.26707279682159424, -0.09970911592245102, -0.2535869777202606, 0.9621599912643433),
            ["Head"] = CFrame.new(-1.2922100722789764e-08, 3.5762786865234375e-07, 1.7462298274040222e-08, 0.9885153770446777, -0.01606122776865959, -0.15026430785655975, 0.020633744075894356, 0.9993687272071838, 0.02892030030488968, 0.14970490336418152, -0.03168868273496628, 0.9882228374481201),
            ["RightHand"] = CFrame.new(-3.527384251356125e-08, 1.7881393432617188e-07, -2.9802322387695312e-08, 0.9996456503868103, -0.013729233294725418, 0.02280927263200283, 0.00731301587074995, 0.9654199481010437, 0.2605974078178406, -0.02559838816523552, -0.26033827662467957, 0.9651781916618347),
            ["UpperTorso"] = CFrame.new(3.306195139884949e-08, 6.556510925292969e-07, 1.210719347000122e-08, 0.9915928244590759, 0.03806217014789581, 0.12367335706949234, -0.04073414206504822, 0.9989866018295288, 0.019147921353578568, -0.12281917780637741, -0.024024665355682373, 0.9921382665634155),
            ["HumanoidRootPart"] = CFrame.new(0, 0, 0, 1, 0, 0, 0, 1, 0, 0, 0, 1),
            ["RightUpperLeg"] = CFrame.new(1.1920928955078125e-07, 7.026828825473785e-07, -2.4047039914876223e-08, 0.9954615831375122, -0.0830257311463356, 0.04650897905230522, 0.09500988572835922, 0.8949480652809143, -0.43593719601631165, -0.005429011303931475, 0.4383774697780609, 0.8987745046615601),
            ["LeftUpperArm"] = CFrame.new(-1.1920928955078125e-07, 4.76837158203125e-07, -1.3969838619232178e-08, 0.9943913817405701, 0.10214681923389435, 0.02741832099854946, -0.10538999736309052, 0.9787549376487732, 0.17587417364120483, -0.008870804682374, -0.1777774691581726, 0.9840308427810669),
            ["RightLowerArm"] = CFrame.new(0, 4.172325134277344e-07, 3.3527612686157227e-08, 1, -7.450580596923828e-08, 2.9802315282267955e-08, 3.259629011154175e-08, 0.858607292175293, -0.5126339197158813, 1.6763806343078613e-08, 0.5126340389251709, 0.8586073517799377),
            ["LeftHand"] = CFrame.new(8.614733815193176e-08, 0, -7.450580596923828e-09, 0.9982563257217407, -0.016580328345298767, 0.056652359664440155, -0.001702289329841733, 0.9512558579444885, 0.3083983361721039, -0.059004295617341995, -0.3079569637775421, 0.9495688080787659),
            ["LeftFoot"] = CFrame.new(-1.862645149230957e-09, -5.960464477539063e-08, 1.4901161193847656e-08, 0.9959572553634644, -0.08796088397502899, -0.018223490566015244, 0.06456075608730316, 0.8419778943061829, -0.5356348156929016, 0.06245879828929901, 0.5322932004928589, 0.8442530632019043),
            ["LowerTorso"] = CFrame.new(-0.056693185120821, -0.18016886711120605, -0.03203582018613815, 0.9864671230316162, -0.039265118539333344, -0.15918809175491333, 0.031146999448537827, 0.9980993270874023, -0.05317605286836624, 0.1609734743833542, 0.047498200088739395, 0.9858151078224182),
            ["RightLowerLeg"] = CFrame.new(1.862645149230957e-08, -0.00012242794036865234, -0.000077309254265856, 1, -1.1548399925231934e-07, -4.656613938891496e-08, 1.2665985593685036e-07, 0.7280886769294739, 0.6854827404022217, -6.70552182668871e-08, -0.6854829788208008, 0.7280889749526978),
            ["LeftUpperLeg"] = CFrame.new(8.940696716308594e-08, 9.266659617424011e-08, 5.960464477539063e-08, 0.9613876938819885, 0.20832982659339905, 0.1798117607831955, -0.15659822523593903, 0.9514319896697998, -0.2650551497936249, -0.22629767656326294, 0.2266625314950943, 0.9473191499710083),
            ["LeftLowerLeg"] = CFrame.new(-4.284083843231201e-08, 0.00012254714965820312, 0.00007744133472442627, 1, 6.332992086299782e-08, 4.470348358154297e-08, -8.009374852235851e-08, 0.6669118404388428, 0.7451372742652893, 1.1175872671742582e-08, -0.7451366782188416, 0.6669111251831055),
        }},
        {Time = 0.033, Data = {
            ["RightFoot"] = CFrame.new(1.862645149230957e-08, 4.172325134277344e-07, 3.149762051180005e-08, 0.9680797457695007, 0.10329113155603409, 0.22836953401565552, -0.049557074904441833, 0.9720296263694763, -0.22957012057304382, -0.2456948459148407, 0.21092502772808075, 0.946121096611023),
            ["LeftLowerArm"] = CFrame.new(0, -5.960464477539063e-08, 3.14321368932724e-08, 1, -5.029141192380848e-08, 2.6077039194660756e-08, 1.5832487321176814e-08, 0.8593753576278687, -0.5113455057144165, 1.4901164746561335e-08, 0.5113453269004822, 0.8593752980232239),
            ["RightUpperArm"] = CFrame.new(1.1920928955078125e-07, -1.1920928955078125e-07, -7.450580596923828e-09, 0.9798136949539185, -0.19051651656627655, 0.0605686716735363, 0.15765772759914398, 0.9226832389831543, 0.3518516719341278, -0.12291937321424484, -0.33520007133483887, 0.9340941905975342),
            ["Head"] = CFrame.new(-1.862645149230957e-09, 2.384185791015625e-07, 7.683411240577698e-09, 0.998295783996582, -0.012985417619347572, -0.056895218789577484, 0.013843320310115814, 0.9997959733009338, 0.014710579067468643, 0.05669252574443817, -0.01547312457114458, 0.9982717633247375),
            ["RightHand"] = CFrame.new(-1.4825491234660149e-07, -1.1920928955078125e-07, -2.8870999813079834e-08, 0.999701976776123, -0.012064604088664055, 0.021226348355412483, 0.004785500932484865, 0.9493415951728821, 0.3142097592353821, -0.02394191175699234, -0.3140145540237427, 0.9491162300109863),
            ["UpperTorso"] = CFrame.new(2.8405338525772095e-08, -2.9802322387695312e-08, 1.862645149230957e-08, 0.9910351037979126, 0.04143177345395088, 0.1270158290863037, -0.044130291789770126, 0.9988544583320618, 0.018504410982131958, -0.12610359489917755, -0.023943761363625526, 0.9917281270027161),
            ["HumanoidRootPart"] = CFrame.new(0, 0, 0, 1, 0, 0, 0, 1, 0, 0, 0, 1),
            ["RightUpperLeg"] = CFrame.new(1.1920928955078125e-07, 3.112945705652237e-07, -2.7772330213338137e-08, 0.9974867701530457, -0.06173194199800491, 0.03477740287780762, 0.07080191373825073, 0.8872506022453308, -0.45582181215286255, -0.0027173764538019896, 0.4571385383605957, 0.8893914222717285),
            ["LeftUpperArm"] = CFrame.new(5.960464477539063e-08, -3.5762786865234375e-07, 1.1175870895385742e-08, 0.9918617010116577, 0.12519031763076782, 0.023188939318060875, -0.12731465697288513, 0.9768834114074707, 0.1717260628938675, -0.0011544828303158283, -0.17328082025051117, 0.9848718643188477),
            ["RightLowerArm"] = CFrame.new(1.1920928955078125e-07, 5.960464477539062e-07, 2.7706846594810486e-08, 1, -6.332990665214311e-08, 1.4901161193847656e-08, 3.9115551686563776e-08, 0.7763800621032715, -0.6302654147148132, 2.444722113636999e-08, 0.6302649974822998, 0.7763798236846924),
            ["LeftHand"] = CFrame.new(2.812594175338745e-07, 2.384185791015625e-07, 5.960464477539063e-08, 0.9976537227630615, -0.00875689648091793, 0.06790006905794144, -0.012058209627866745, 0.9538062214851379, 0.30018046498298645, -0.06739222258329391, -0.3002948760986328, 0.9514626860618591),
            ["LeftFoot"] = CFrame.new(-6.984919309616089e-09, 1.1920928955078125e-07, -2.2351741790771484e-08, 0.995033860206604, -0.09702372550964355, 0.022228365764021873, 0.0933842882514, 0.8326525092124939, -0.5458653569221497, 0.034453410655260086, 0.5452303886413574, 0.8375780582427979),
            ["LowerTorso"] = CFrame.new(-0.036944061517715454, -0.18017792701721191, -0.04469015449285507, 0.9809954166412354, -0.04103543236851692, -0.18964214622974396, 0.03451048582792282, 0.9986975193023682, -0.037583127617836, 0.1909373700618744, 0.030324237421154976, 0.9811336994171143),
            ["RightLowerLeg"] = CFrame.new(5.21540641784668e-08, -0.00012236833572387695, -0.00007746199116809294, 1, -9.313224325069314e-08, -3.9115558791991134e-08, 1.639127589214695e-07, 0.7241253852844238, 0.6896681189537048, 3.7252898543727042e-09, -0.6896684169769287, 0.7241256237030029),
            ["LeftUpperLeg"] = CFrame.new(8.940696716308594e-08, -2.398155629634857e-07, 2.9802322387695312e-08, 0.9597653746604919, 0.21586190164089203, 0.17959405481815338, -0.16596856713294983, 0.9519791007041931, -0.257274866104126, -0.22650566697120667, 0.21711643040180206, 0.9495028257369995),
            ["LeftLowerLeg"] = CFrame.new(-2.9802322387695312e-08, 0.00012290477752685547, 0.00007737241685390472, 1, 6.705520405603238e-08, 2.60770232074492e-08, -6.984920020158825e-08, 0.6688284873962402, 0.7434176206588745, 2.1420420992512845e-08, -0.7434168457984924, 0.6688275933265686),
        }},
        {Time = 0.067, Data = {
            ["RightFoot"] = CFrame.new(-2.9802322387695312e-08, 3.5762786865234375e-07, -5.75528247281909e-09, 0.962099015712738, 0.08965856581926346, 0.257540225982666, -0.028105709701776505, 0.9719785451889038, -0.2333834022283554, -0.2712482213973999, 0.21729998290538788, 0.9376594424247742),
            ["LeftLowerArm"] = CFrame.new(2.9802322387695312e-08, 0, -6.705522537231445e-08, 1, -5.587936158235607e-08, 1.862644971595273e-08, 2.7939677238464355e-08, 0.8708069920539856, -0.4916251599788666, 7.450580596923828e-09, 0.49162524938583374, 0.8708069920539856),
            ["RightUpperArm"] = CFrame.new(2.384185791015625e-07, 4.76837158203125e-07, -1.6763806343078613e-08, 0.9770799279212952, -0.18946892023086548, 0.0970381572842598, 0.14234571158885956, 0.9204733371734619, 0.36396002769470215, -0.1582801342010498, -0.3418045938014984, 0.9263460040092468),
            ["Head"] = CFrame.new(9.313225746154785e-10, 0.0000010728836059570312, 1.7462298274040222e-10, 0.9966065883636475, -0.005319492891430855, 0.08214151859283447, 0.005976020358502865, 0.9999521374702454, -0.007749078795313835, -0.0820963904261589, 0.00821366161108017, 0.9965905547142029),
            ["RightHand"] = CFrame.new(-6.32135197520256e-08, 5.960464477539063e-08, -7.450580596923828e-09, 0.9995852708816528, -0.02159564569592476, 0.01905103214085102, 0.01488119550049305, 0.9537248611450195, 0.3003122806549072, -0.02465488389134407, -0.2999042570590973, 0.953650712966919),
            ["UpperTorso"] = CFrame.new(1.6763806343078613e-08, 4.172325134277344e-07, 1.1641532182693481e-08, 0.9892053604125977, 0.046804510056972504, 0.1388600915670395, -0.049872543662786484, 0.9985805749893188, 0.01869611069560051, -0.1377878487110138, -0.02541959658265114, 0.9901355504989624),
            ["HumanoidRootPart"] = CFrame.new(0, 0, 0, 1, 0, 0, 0, 1, 0, 0, 0, 1),
            ["RightUpperLeg"] = CFrame.new(5.960464477539063e-08, 5.725305527448654e-07, -2.4047039914876223e-08, 0.9983758926391602, -0.05098510906100273, 0.025417622178792953, 0.05694786459207535, 0.8808262348175049, -0.47000256180763245, 0.0015746995341032743, 0.4706864655017853, 0.8822990655899048),
            ["LeftUpperArm"] = CFrame.new(-3.5762786865234375e-07, 2.384185791015625e-07, 9.313225746154785e-09, 0.9895554780960083, 0.14415200054645538, -0.0005775355384685099, -0.14203326404094696, 0.9756796360015869, 0.16696122288703918, 0.02463115192949772, -0.1651352345943451, 0.9859632849693298),
            ["RightLowerArm"] = CFrame.new(1.7881393432617188e-07, -1.7881393432617188e-07, 7.078051567077637e-08, 1, -8.568167686462402e-08, 2.6077010772951326e-08, 4.8428766774577525e-08, 0.7842233777046204, -0.6204782128334045, 2.9802318834981634e-08, 0.6204786896705627, 0.7842236757278442),
            ["LeftHand"] = CFrame.new(-2.2351741790771484e-08, 1.1920928955078125e-07, -2.086162567138672e-07, 0.9958745241165161, -0.010453696362674236, 0.09013675153255463, -0.015458587557077408, 0.959276020526886, 0.28204724192619324, -0.08941439539194107, -0.28227701783180237, 0.9551569223403931),
            ["LeftFoot"] = CFrame.new(2.444721758365631e-09, -1.1920928955078125e-07, 2.9802322387695312e-08, 0.9919272661209106, -0.11536779999732971, 0.05263786017894745, 0.12544403970241547, 0.8319907784461975, -0.5404205918312073, 0.018553268164396286, 0.5426616668701172, 0.83974689245224),
            ["LowerTorso"] = CFrame.new(-0.015316690318286419, -0.1813349723815918, -0.058663129806518555, 0.9752922058105469, -0.03898810222744942, -0.21745140850543976, 0.033468108624219894, 0.999018669128418, -0.029011806473135948, 0.21836912631988525, 0.021017299965023994, 0.9756398797035217),
            ["RightLowerLeg"] = CFrame.new(-2.9802322387695312e-08, -0.00012254714965820312, -0.00007727572665316984, 1, -1.0617073797902776e-07, -3.91155481338501e-08, 1.0430814256778831e-07, 0.7155800461769104, 0.6985306143760681, -3.725290653733282e-08, -0.6985307931900024, 0.7155801653862),
            ["LeftUpperLeg"] = CFrame.new(1.4901161193847656e-07, 2.7939677238464355e-07, -3.725290298461914e-08, 0.9584264755249023, 0.22062787413597107, 0.18094725906848907, -0.1745930165052414, 0.9550228714942932, -0.2396845668554306, -0.2256900519132614, 0.19812782108783722, 0.9538393020629883),
            ["LeftLowerLeg"] = CFrame.new(-2.2025778889656067e-07, 0.0001226663589477539, 0.00007739290595054626, 1, 4.982572932021867e-08, 1.955777406692505e-08, -8.149072527885437e-08, 0.6772802472114563, 0.7357257008552551, 3.818422555923462e-08, -0.7357252240180969, 0.6772797107696533),
        }},
        {Time = 0.100, Data = {
            ["RightFoot"] = CFrame.new(1.862645149230957e-09, 2.980232238769531e-07, 3.149762051180005e-08, 0.9561136364936829, 0.07639024406671524, 0.28286322951316833, -0.006271362770348787, 0.9705288410186768, -0.2409033626317978, -0.2929293215274811, 0.2285572737455368, 0.9284147620201111),
            ["LeftLowerArm"] = CFrame.new(-2.9802322387695312e-08, -2.980232238769531e-07, -2.2351741790771484e-08, 1, -4.4703462265260896e-08, 1.1175874448099421e-08, 6.705522537231445e-08, 0.8775463104248047, -0.47949230670928955, 6.705522537231445e-08, 0.4794919192790985, 0.8775460720062256),
            ["RightUpperArm"] = CFrame.new(0, -8.344650268554688e-07, 3.725290298461914e-09, 0.973135232925415, -0.185019850730896, 0.1370241641998291, 0.12245693057775497, 0.9199283719062805, 0.3724732995033264, -0.19496744871139526, -0.34568697214126587, 0.9178714752197266),
            ["Head"] = CFrame.new(-1.210719347000122e-08, -1.1920928955078125e-07, -7.2177499532699585e-09, 0.9725927114486694, 0.005923128221184015, 0.23244035243988037, 0.002787606557831168, 0.9993066191673279, -0.037128765136003494, -0.2324991375207901, 0.03675912320613861, 0.9719017148017883),
            ["RightHand"] = CFrame.new(-1.3737007975578308e-07, -5.960464477539063e-08, 3.725290298461914e-08, 0.9989810585975647, -0.04358445107936859, 0.011723343282938004, 0.03842335566878319, 0.9575384855270386, 0.28573381900787354, -0.02367919683456421, -0.28499239683151245, 0.95823734998703),
            ["UpperTorso"] = CFrame.new(3.4458935260772705e-08, 3.2782554626464844e-07, 1.7695128917694092e-08, 0.9865576028823853, 0.05089375004172325, 0.15528669953346252, -0.055021557956933975, 0.9982339143753052, 0.0223979689180851, -0.15387248992919922, -0.03064100258052349, 0.9876155853271484),
            ["HumanoidRootPart"] = CFrame.new(0, 0, 0, 1, 0, 0, 0, 1, 0, 0, 0, 1),
            ["RightUpperLeg"] = CFrame.new(2.980232238769531e-07, 1.8684659153223038e-08, -3.5222910810261965e-08, 0.9989023804664612, -0.043478306382894516, 0.01742972992360592, 0.04650765284895897, 0.8761943578720093, -0.47970882058143616, 0.005585069302469492, 0.47999274730682373, 0.8772546052932739),
            ["LeftUpperArm"] = CFrame.new(0, -3.5762786865234375e-07, -5.494803190231323e-08, 0.984692394733429, 0.17069537937641144, -0.03527173027396202, -0.16230589151382446, 0.9717274308204651, 0.17147260904312134, 0.06354406476020813, -0.16312289237976074, 0.9845573902130127),
            ["RightLowerArm"] = CFrame.new(-8.940696716308594e-08, -8.344650268554688e-07, -9.685754776000977e-08, 1, -5.587932605521928e-08, 1.862645593320167e-09, 4.0978193283081055e-08, 0.7941648364067078, -0.6077028512954712, 2.9802322387695312e-08, 0.607702374458313, 0.7941645383834839),
            ["LeftHand"] = CFrame.new(-2.384185791015625e-07, -5.960464477539063e-08, 0, 0.9952157735824585, -0.008501540869474411, 0.09733092784881592, -0.017820730805397034, 0.9636997580528259, 0.26639288663864136, -0.09606258571147919, -0.26685306429862976, 0.9589377641677856),
            ["LeftFoot"] = CFrame.new(1.816079020500183e-08, 0, 0, 0.9876567125320435, -0.1345195472240448, 0.08024300634860992, 0.1565856635570526, 0.8351861238479614, -0.5272045731544495, 0.003901802934706211, 0.5332623720169067, 0.8459412455558777),
            ["LowerTorso"] = CFrame.new(0.007316904608160257, -0.18236207962036133, -0.07426770031452179, 0.9699158668518066, -0.034310322254896164, -0.2410106509923935, 0.029294157400727272, 0.9992738962173462, -0.02436630055308342, 0.24167166650295258, 0.01657305844128132, 0.9702165722846985),
            ["RightLowerLeg"] = CFrame.new(-6.705522537231445e-08, -0.00012248754501342773, -0.00007737258420092985, 1, -1.0803340444454079e-07, -5.401672353855247e-08, 9.685756197086448e-08, 0.7036322951316833, 0.7105642557144165, -3.3527616238870905e-08, -0.7105644345283508, 0.7036324143409729),
            ["LeftUpperLeg"] = CFrame.new(5.960464477539063e-08, -1.9441358745098114e-07, 2.60770320892334e-08, 0.9575580954551697, 0.2220076024532318, 0.1838342398405075, -0.18072034418582916, 0.9592692852020264, -0.21712400019168854, -0.2245500236749649, 0.17468605935573578, 0.958677351474762),
            ["LeftLowerLeg"] = CFrame.new(-1.0477378964424133e-07, 0.00012260675430297852, 0.00007734633982181549, 1, 3.352759847530251e-08, 1.4901157641133977e-08, -4.1443854570388794e-08, 0.6870986223220825, 0.7265647649765015, 2.2351741790771484e-08, -0.7265642285346985, 0.6870979070663452),
        }},
        {Time = 0.133, Data = {
            ["RightFoot"] = CFrame.new(-1.210719347000122e-08, 5.364418029785156e-07, 1.6952981241047382e-09, 0.950188398361206, 0.06275089085102081, 0.3052939474582672, 0.015233904123306274, 0.9690015912055969, -0.24658438563346863, -0.31130361557006836, 0.23895275592803955, 0.9197781085968018),
            ["LeftLowerArm"] = CFrame.new(-5.960464477539063e-08, 2.384185791015625e-07, 4.470348358154297e-08, 1, -1.862644971595273e-08, 1.1175873559921001e-08, 1.4901162970204496e-08, 0.8872411251068115, -0.46130606532096863, 2.980232594040899e-08, 0.4613058269023895, 0.8872411251068115),
            ["RightUpperArm"] = CFrame.new(0, -1.1920928955078125e-07, 1.4901161193847656e-08, 0.9671935439109802, -0.1768200695514679, 0.1824043244123459, 0.09712694585323334, 0.920844316482544, 0.3776401877403259, -0.23474058508872986, -0.34753477573394775, 0.9078086018562317),
            ["Head"] = CFrame.new(1.862645149230957e-09, 2.384185791015625e-07, -1.6763806343078613e-08, 0.9309219121932983, 0.020633483305573463, 0.3646349608898163, 0.006565873045474291, 0.9972959160804749, -0.07319648563861847, -0.3651593327522278, 0.0705343708395958, 0.9282692670822144),
            ["RightHand"] = CFrame.new(3.172317519783974e-08, -1.7881393432617188e-07, -5.192123353481293e-08, 0.9960893988609314, -0.08703592419624329, -0.015188513323664665, 0.08787665516138077, 0.95819091796875, 0.27230122685432434, -0.009146478958427906, -0.27257123589515686, 0.9620922207832336),
            ["UpperTorso"] = CFrame.new(2.9802322387695312e-08, 6.556510925292969e-07, 1.1175870895385742e-08, 0.9830523133277893, 0.04951703920960426, 0.17651143670082092, -0.055934689939022064, 0.9979352951049805, 0.031566932797431946, -0.17458385229110718, -0.04090505465865135, 0.9837923049926758),
            ["HumanoidRootPart"] = CFrame.new(0, 0, 0, 1, 0, 0, 0, 1, 0, 0, 0, 1),
            ["RightUpperLeg"] = CFrame.new(5.960464477539063e-08, 5.144393071532249e-07, -5.012407200410962e-08, 0.9992339015007019, -0.03784993290901184, 0.009953220374882221, 0.03794563189148903, 0.8747029304504395, -0.4831717610359192, 0.009582028724253178, 0.4831792712211609, 0.8754689693450928),
            ["LeftUpperArm"] = CFrame.new(5.960464477539063e-08, 1.1920928955078125e-07, -2.9802322387695312e-08, 0.9782909750938416, 0.19462771713733673, -0.07118222117424011, -0.18036755919456482, 0.9687937498092651, 0.1700189858675003, 0.10205147415399551, -0.1534891575574875, 0.9828665852546692),
            ["RightLowerArm"] = CFrame.new(1.1920928955078125e-07, -1.7881393432617188e-07, 1.4901161193847656e-07, 1, -5.774198541530495e-08, 4.4703490686970326e-08, 5.215404996761208e-08, 0.802550196647644, -0.5965847969055176, 2.2351736461700966e-08, 0.596584677696228, 0.802550196647644),
            ["LeftHand"] = CFrame.new(-3.725290298461914e-08, -1.1920928955078125e-07, 2.9802322387695312e-08, 0.9974589943885803, 0.0019083304796367884, 0.07121797651052475, -0.01981041021645069, 0.9676464796066284, 0.2515310049057007, -0.06843395531177521, -0.2523026168346405, 0.9652255177497864),
            ["LeftFoot"] = CFrame.new(-3.236345946788788e-08, 1.1920928955078125e-07, -2.2351741790771484e-08, 0.9825893044471741, -0.15143650770187378, 0.10763546824455261, 0.18525820970535278, 0.8424471616744995, -0.5059270858764648, -0.014061261899769306, 0.5170589089393616, 0.855834424495697),
            ["LowerTorso"] = CFrame.new(0.031075168401002884, -0.18104124069213867, -0.08969986438751221, 0.9648373126983643, -0.028175169602036476, -0.2613333761692047, 0.023102719336748123, 0.9994807839393616, -0.02246238850057125, 0.26183053851127625, 0.015635039657354355, 0.9649872183799744),
            ["RightLowerLeg"] = CFrame.new(-3.725290298461914e-08, -0.00012224912643432617, -0.00007740983710391447, 1, -8.940694584680386e-08, -2.0489098417897367e-08, 1.0803341865539551e-07, 0.6946851015090942, 0.7193138003349304, 3.725290298461914e-09, -0.7193139791488647, 0.6946852803230286),
            ["LeftUpperLeg"] = CFrame.new(8.940696716308594e-08, 1.885928213596344e-08, -1.1175870895385742e-08, 0.957179069519043, 0.22027787566184998, 0.18784546852111816, -0.1846866011619568, 0.9643115401268005, -0.18972134590148926, -0.2229330688714981, 0.1469048410654068, 0.9637011885643005),
            ["LeftLowerLeg"] = CFrame.new(1.862645149230957e-09, 0.00012248754501342773, 0.00007745996117591858, 1, 6.891787052154541e-08, 2.7939684343891713e-08, -3.725290742551124e-09, 0.7009133100509644, 0.7132474184036255, 2.2351745343485163e-08, -0.7132465243339539, 0.7009124159812927),
        }},
        {Time = 0.167, Data = {
            ["RightFoot"] = CFrame.new(1.1175870895385742e-07, 4.172325134277344e-07, -5.75528247281909e-09, 0.9461477994918823, 0.05051404610276222, 0.3197695314884186, 0.033575039356946945, 0.967113733291626, -0.252118319272995, -0.32198917865753174, 0.24927787482738495, 0.9133366942405701),
            ["LeftLowerArm"] = CFrame.new(-2.086162567138672e-07, 1.1920928955078125e-07, -1.4901161193847656e-08, 1, -5.587933316064664e-08, 1.4901159417490817e-08, 1.8626447051417472e-09, 0.8954758644104004, -0.4451102018356323, 7.450579175838357e-08, 0.44511014223098755, 0.8954758048057556),
            ["RightUpperArm"] = CFrame.new(-5.960464477539063e-08, 2.384185791015625e-07, 7.450580596923828e-09, 0.9607672691345215, -0.16362906992435455, 0.22394582629203796, 0.07139729708433151, 0.9261309504508972, 0.37038347125053406, -0.2680087983608246, -0.33986321091651917, 0.9014790058135986),
            ["Head"] = CFrame.new(8.381903171539307e-09, 7.152557373046875e-07, 2.514570951461792e-08, 0.8820533752441406, 0.03662247583270073, 0.46972402930259705, 0.016913285478949547, 0.9938706159591675, -0.10924804210662842, -0.4708458483219147, 0.10430718213319778, 0.8760275840759277),
            ["RightHand"] = CFrame.new(-1.778826117515564e-07, 0, 5.21540641784668e-08, 0.9881980419158936, -0.14375340938568115, -0.05291241407394409, 0.15269701182842255, 0.951904833316803, 0.26563283801078796, 0.012182081118226051, -0.27057743072509766, 0.9626212120056152),
            ["UpperTorso"] = CFrame.new(2.7939677238464355e-08, 2.980232238769531e-07, 1.30385160446167e-08, 0.9790723919868469, 0.04320376366376877, 0.19887371361255646, -0.05300149321556091, 0.9976155161857605, 0.04420676454901695, -0.1964895874261856, -0.05382223054766655, 0.9790275692939758),
            ["HumanoidRootPart"] = CFrame.new(0, 0, 0, 1, 0, 0, 0, 1, 0, 0, 0, 1),
            ["RightUpperLeg"] = CFrame.new(5.960464477539063e-08, 1.3737007975578308e-07, -4.639878170564771e-08, 0.9993330240249634, -0.03628505393862724, 0.00412796949967742, 0.0337921641767025, 0.8759246468544006, -0.48126304149627686, 0.013846884481608868, 0.4810815751552582, 0.876566469669342),
            ["LeftUpperArm"] = CFrame.new(5.960464477539063e-08, 3.5762786865234375e-07, 1.4901161193847656e-08, 0.9747058153152466, 0.2071170210838318, -0.08397172391414642, -0.19244372844696045, 0.9688487648963928, 0.15587656199932098, 0.11364070326089859, -0.13577395677566528, 0.9842008948326111),
            ["RightLowerArm"] = CFrame.new(5.960464477539063e-08, -4.76837158203125e-07, 1.6391277313232422e-07, 1, -6.146728992462158e-08, 4.563479549801741e-08, 6.146728281919422e-08, 0.8100630044937134, -0.5863425731658936, -3.6321576857289983e-08, 0.5863428115844727, 0.8100633025169373),
            ["LeftHand"] = CFrame.new(2.4586915969848633e-07, -2.980232238769531e-07, 1.4901161193847656e-07, 0.9997482299804688, 0.012829113751649857, 0.018411843106150627, -0.017069168388843536, 0.9673672318458557, 0.2528032064437866, -0.014567922800779343, -0.25305381417274475, 0.9673426151275635),
            ["LeftFoot"] = CFrame.new(6.984919309616089e-08, 0, -3.725290298461914e-09, 0.9772154688835144, -0.15839692950248718, 0.14128150045871735, 0.20736156404018402, 0.8545085787773132, -0.4762519896030426, -0.04528934881091118, 0.4946975111961365, 0.8678845763206482),
            ["LowerTorso"] = CFrame.new(0.052108507603406906, -0.17796778678894043, -0.10300881415605545, 0.9618597626686096, -0.0206807442009449, -0.2727600932121277, 0.01505168154835701, 0.9996287822723389, -0.02271394617855549, 0.27312856912612915, 0.017742134630680084, 0.9618139266967773),
            ["RightLowerLeg"] = CFrame.new(2.9802322387695312e-08, -0.00012224912643432617, -0.00007735023245913908, 1, -1.0430811414607888e-07, -5.401672709126615e-08, 1.2293457984924316e-07, 0.6880759000778198, 0.7256386280059814, -6.146728992462158e-08, -0.7256388664245605, 0.6880760192871094),
            ["LeftUpperLeg"] = CFrame.new(1.7881393432617188e-07, 2.314336597919464e-07, -3.3527612686157227e-08, 0.9575250744819641, 0.21427729725837708, 0.19295354187488556, -0.18293380737304688, 0.9686774611473083, -0.16792619228363037, -0.2228924185037613, 0.12549565732479095, 0.9667315483093262),
            ["LeftLowerLeg"] = CFrame.new(-6.891787052154541e-08, 0.00012254714965820312, 0.00007738545536994934, 1, 2.9802311729554276e-08, 1.1175868230850483e-08, -7.35744833946228e-08, 0.708560049533844, 0.7056512832641602, 1.862645149230957e-08, -0.7056506276130676, 0.7085592150688171),
        }},
        {Time = 0.200, Data = {
            ["RightFoot"] = CFrame.new(2.3283064365386963e-08, 4.172325134277344e-07, 1.6952981241047382e-09, 0.9423385858535767, 0.03993239998817444, 0.33226996660232544, 0.050829898566007614, 0.9642584919929504, -0.26004183292388916, -0.3307783901691437, 0.2619369626045227, 0.9066283106803894),
            ["LeftLowerArm"] = CFrame.new(-2.9802322387695312e-08, 3.5762786865234375e-07, -1.4901161193847656e-08, 1, 7.450580596923828e-09, -7.450582373280668e-09, 2.9802322387695312e-08, 0.9011164307594299, -0.43357741832733154, 4.842877388000488e-08, 0.43357735872268677, 0.9011164307594299),
            ["RightUpperArm"] = CFrame.new(1.1920928955078125e-07, -7.152557373046875e-07, 0, 0.9576482772827148, -0.1427282989025116, 0.2500767409801483, 0.04831665754318237, 0.9358408451080322, 0.34909504652023315, -0.2838577330112457, -0.3222275674343109, 0.9031026363372803),
            ["Head"] = CFrame.new(5.587935447692871e-09, -1.1920928955078125e-07, 1.5832483768463135e-08, 0.8453762531280518, 0.04705071821808815, 0.532095193862915, 0.03195935860276222, 0.9898738265037537, -0.13830594718456268, -0.5332144498825073, 0.13392601907253265, 0.835312008857727),
            ["RightHand"] = CFrame.new(1.7415732145309448e-07, -2.980232238769531e-07, 3.725290298461914e-08, 0.9715015292167664, -0.21492448449134827, -0.09996119886636734, 0.23440103232860565, 0.9337801337242126, 0.2703908681869507, 0.03522806987166405, -0.286115825176239, 0.957547128200531),
            ["UpperTorso"] = CFrame.new(8.381903171539307e-09, 2.980232238769531e-07, 2.9802322387695312e-08, 0.9754893183708191, 0.032034993171691895, 0.2177029401063919, -0.04622475802898407, 0.9971032738685608, 0.06040145829319954, -0.2151373028755188, -0.06898422539234161, 0.9741443991661072),
            ["HumanoidRootPart"] = CFrame.new(0, 0, 0, 1, 0, 0, 0, 1, 0, 0, 0, 1),
            ["RightUpperLeg"] = CFrame.new(2.980232238769531e-07, -3.051827661693096e-07, -1.287116901949048e-08, 0.9988901019096375, -0.046092331409454346, -0.009697992354631424, 0.035902876406908035, 0.8783580660820007, -0.47665321826934814, 0.03048856183886528, 0.47577589750289917, 0.8790380358695984),
            ["LeftUpperArm"] = CFrame.new(0, -7.152557373046875e-07, 1.1175870895385742e-08, 0.9719458818435669, 0.20665951073169708, -0.11230804771184921, -0.1903303563594818, 0.9715906381607056, 0.1406635046005249, 0.13818687200546265, -0.11534171551465988, 0.9836670160293579),
            ["RightLowerArm"] = CFrame.new(0, 2.384185791015625e-07, 2.2351741790771484e-08, 1, -6.263144314289093e-08, 3.6088736443673497e-09, 4.0512535548486994e-08, 0.8121976256370544, -0.5833823084831238, -1.0593795174429488e-08, 0.5833824276924133, 0.8121976256370544),
            ["LeftHand"] = CFrame.new(1.6391277313232422e-07, 0, 0, 0.9978938698768616, 0.03167662397027016, -0.056608036160469055, -0.01580052264034748, 0.9650739431381226, 0.2615010440349579, 0.06291453540325165, -0.26005589962005615, 0.9635418057441711),
            ["LeftFoot"] = CFrame.new(-1.7695128917694092e-08, 5.960464477539063e-08, -1.862645149230957e-08, 0.9721050262451172, -0.1524215191602707, 0.1782681941986084, 0.21737313270568848, 0.8709510564804077, -0.4406733512878418, -0.0880948156118393, 0.467131644487381, 0.8797882795333862),
            ["LowerTorso"] = CFrame.new(0.06670717149972916, -0.17465853691101074, -0.11164291948080063, 0.9629694819450378, -0.011558044701814651, -0.2693626284599304, 0.004903080873191357, 0.9996662735939026, -0.02536606602370739, 0.2695659101009369, 0.023106040433049202, 0.9627047181129456),
            ["RightLowerLeg"] = CFrame.new(-2.60770320892334e-08, -0.00012248754501342773, -0.00007727572665316984, 1, -1.3038514623531228e-07, -3.4458935260772705e-08, 1.1920926112907182e-07, 0.6805905699729919, 0.732663631439209, -1.303851249190302e-08, -0.7326640486717224, 0.6805910468101501),
            ["LeftUpperLeg"] = CFrame.new(-5.960464477539063e-08, -1.1688098311424255e-07, 1.862645149230957e-08, 0.9587469100952148, 0.20482555031776428, 0.19710665941238403, -0.17390669882297516, 0.9711340665817261, -0.16326428949832916, -0.22485753893852234, 0.12225093692541122, 0.9666921496391296),
            ["LeftLowerLeg"] = CFrame.new(7.171183824539185e-08, 0.00012248754501342773, 0.00007739290595054626, 1, 5.5879340266073996e-08, 2.607702498380604e-08, -2.7939677238464355e-08, 0.7003093361854553, 0.7138403654098511, 3.166496753692627e-08, -0.713839590549469, 0.7003083825111389),
        }},
        {Time = 0.233, Data = {
            ["RightFoot"] = CFrame.new(2.1420419216156006e-08, 4.172325134277344e-07, -5.045876605436206e-08, 0.9314100742340088, 0.029693957418203354, 0.36275869607925415, 0.071754589676857, 0.9621261954307556, -0.26299089193344116, -0.3568287193775177, 0.27098241448402405, 0.8940033912658691),
            ["LeftLowerArm"] = CFrame.new(1.4901161193847656e-07, 1.1920928955078125e-07, 0, 1, -2.2351734685344127e-08, -3.725291186640334e-09, 1.4901161193847656e-08, 0.9004218578338623, -0.4350181519985199, 7.450580596923828e-09, 0.4350178837776184, 0.9004217982292175),
            ["RightUpperArm"] = CFrame.new(-5.960464477539063e-08, 2.384185791015625e-07, -3.3527612686157227e-08, 0.9544787406921387, -0.1170189157128334, 0.2743668258190155, 0.025207530707120895, 0.9481861591339111, 0.3167136609554291, -0.297212153673172, -0.29538026452064514, 0.9079732298851013),
            ["Head"] = CFrame.new(1.862645149230957e-09, 3.5762786865234375e-07, -1.3969838619232178e-09, 0.8245020508766174, 0.05690741911530495, 0.5629903078079224, 0.04504935070872307, 0.985170841217041, -0.16555671393871307, -0.5640630125999451, 0.16186417639255524, 0.8097116351127625),
            ["RightHand"] = CFrame.new(-4.0978193283081055e-08, 5.960464477539063e-08, 0, 0.9443148970603943, -0.29007646441459656, -0.1553226262331009, 0.3232480585575104, 0.9060260057449341, 0.2731809616088867, 0.061482951045036316, -0.3081764578819275, 0.949340283870697),
            ["UpperTorso"] = CFrame.new(2.60770320892334e-08, 6.556510925292969e-07, 1.6763806343078613e-08, 0.9722322821617126, 0.01609938032925129, 0.23346373438835144, -0.035351771861314774, 0.9962859749794006, 0.07851561903953552, -0.23133252561092377, -0.08458876609802246, 0.9691904187202454),
            ["HumanoidRootPart"] = CFrame.new(0, 0, 0, 1, 0, 0, 0, 1, 0, 0, 0, 1),
            ["RightUpperLeg"] = CFrame.new(1.7881393432617188e-07, 4.300381988286972e-07, -5.10553945787251e-08, 0.9958859086036682, -0.07381485402584076, -0.05256155505776405, 0.04064187780022621, 0.8822739720344543, -0.46897876262664795, 0.0809912383556366, 0.46491286158561707, 0.881644070148468),
            ["LeftUpperArm"] = CFrame.new(0, 5.960464477539062e-07, 4.284083843231201e-08, 0.967349112033844, 0.20515750348567963, -0.14881572127342224, -0.18603883683681488, 0.973527193069458, 0.1327945441007614, 0.17211996018886566, -0.10077308118343353, 0.9799079298973083),
            ["RightLowerArm"] = CFrame.new(1.1920928955078125e-07, 2.384185791015625e-07, -2.60770320892334e-08, 1, -8.00937343115038e-08, -8.847562682490206e-09, 4.8428766774577525e-08, 0.8174368143081665, -0.5760183930397034, 3.259628567064965e-09, 0.5760183334350586, 0.8174368143081665),
            ["LeftHand"] = CFrame.new(-1.4901161193847656e-07, -2.384185791015625e-07, 5.960464477539063e-08, 0.9864659309387207, 0.057335060089826584, -0.15361590683460236, -0.01179131306707859, 0.959251344203949, 0.28230786323547363, 0.16354237496852875, -0.2766759991645813, 0.9469448328018188),
            ["LeftFoot"] = CFrame.new(6.658956408500671e-08, -1.1920928955078125e-07, 0, 0.9686216115951538, -0.13625279068946838, 0.20786458253860474, 0.21209663152694702, 0.8891363739967346, -0.405525803565979, -0.12956565618515015, 0.43688854575157166, 0.8901354670524597),
            ["LowerTorso"] = CFrame.new(0.07456778734922409, -0.1703014373779297, -0.11560039967298508, 0.9680182337760925, -0.0031482139602303505, -0.2508601248264313, -0.004185493569821119, 0.9995795488357544, -0.028695371001958847, 0.25084495544433594, 0.028827620670199394, 0.9675979614257812),
            ["RightLowerLeg"] = CFrame.new(-7.450580596923828e-08, -0.0001227259635925293, -0.00007733533129794523, 1, -1.415610029198433e-07, -6.053597445543346e-08, 1.247972107876194e-07, 0.6771582365036011, 0.7358371615409851, -3.5390254282674505e-08, -0.7358373999595642, 0.6771585941314697),
            ["LeftUpperLeg"] = CFrame.new(1.1920928955078125e-07, 2.3702159523963928e-07, 4.470348358154297e-08, 0.9607717394828796, 0.19576144218444824, 0.19645637273788452, -0.16177989542484283, 0.9709462523460388, -0.1763257533311844, -0.22526656091213226, 0.1376260221004486, 0.96452796459198),
            ["LeftLowerLeg"] = CFrame.new(-4.190951585769653e-08, 0.0001226663589477539, 0.00007736682891845703, 1, 8.102502846440984e-08, 3.725289587919178e-08, -6.635673344135284e-08, 0.6796759963035583, 0.733513355255127, 2.60770320892334e-08, -0.7335125803947449, 0.6796751022338867),
        }},
        {Time = 0.267, Data = {
            ["RightFoot"] = CFrame.new(1.3969838619232178e-09, 4.172325134277344e-07, 1.6596459317952394e-08, 0.9120451211929321, 0.02266121469438076, 0.4094632863998413, 0.093515545129776, 0.9606719613075256, -0.26146477460861206, -0.39928510785102844, 0.2767598330974579, 0.8740571737289429),
            ["LeftLowerArm"] = CFrame.new(-1.4901161193847656e-07, 4.172325134277344e-07, 7.450580596923828e-09, 1, -2.2351731132630448e-08, -2.2351738238057806e-08, 5.587935447692871e-08, 0.8901842832565308, -0.45560088753700256, 7.450580596923828e-09, 0.45560067892074585, 0.8901841044425964),
            ["RightUpperArm"] = CFrame.new(0, 4.76837158203125e-07, 3.3527612686157227e-08, 0.9519678950309753, -0.0844321995973587, 0.2943270802497864, -0.0009527207585051656, 0.9604098200798035, 0.27858978509902954, -0.3061963617801666, -0.26548898220062256, 0.9141986966133118),
            ["Head"] = CFrame.new(5.122274160385132e-09, -2.384185791015625e-07, 9.080395102500916e-09, 0.824123740196228, 0.0661710649728775, 0.5625313520431519, 0.05068786442279816, 0.9805517792701721, -0.18960225582122803, -0.5641372799873352, 0.18476924300193787, 0.8047419190406799),
            ["RightHand"] = CFrame.new(1.1175870895385742e-07, 5.960464477539063e-08, 1.1920928955078125e-07, 0.9075672626495361, -0.36379727721214294, -0.20969823002815247, 0.41128039360046387, 0.8708468079566956, 0.26921066641807556, 0.0846768319606781, -0.33057135343551636, 0.9399746656417847),
            ["UpperTorso"] = CFrame.new(3.5390257835388184e-08, 6.556510925292969e-07, -1.30385160446167e-08, 0.9698777198791504, -0.002492510015144944, 0.24357958137989044, -0.02141168713569641, 0.9952048659324646, 0.09544012695550919, -0.2426493912935257, -0.09778068214654922, 0.9651736617088318),
            ["HumanoidRootPart"] = CFrame.new(0, 0, 0, 1, 0, 0, 0, 1, 0, 0, 0, 1),
            ["RightUpperLeg"] = CFrame.new(1.7881393432617188e-07, 4.12575900554657e-07, -6.781920092180371e-08, 0.985066831111908, -0.11804085969924927, -0.12533925473690033, 0.04827103391289711, 0.8881325125694275, -0.45704570412635803, 0.1652677357196808, 0.44416993856430054, 0.8805676698684692),
            ["LeftUpperArm"] = CFrame.new(5.960464477539063e-08, 4.76837158203125e-07, 2.0489096641540527e-08, 0.9635893702507019, 0.2136199027299881, -0.160817950963974, -0.19389984011650085, 0.9723900556564331, 0.12984798848628998, 0.18411576747894287, -0.09393754601478577, 0.9784053564071655),
            ["RightLowerArm"] = CFrame.new(-1.4901161193847656e-07, 4.172325134277344e-07, 4.470348358154297e-08, 1, -1.1548402767402877e-07, -5.681064862983476e-08, 7.450581307466564e-08, 0.8282516002655029, -0.5603560209274292, 7.450581485102248e-09, 0.5603563785552979, 0.8282518982887268),
            ["LeftHand"] = CFrame.new(-1.3783574104309082e-07, 1.1920928955078125e-07, 0, 0.9594400525093079, 0.08049800246953964, -0.270175963640213, 0.012369351461529732, 0.945422887802124, 0.32561105489730835, 0.28164151310920715, -0.31574612855911255, 0.9060808420181274),
            ["LeftFoot"] = CFrame.new(5.2619725465774536e-08, 5.960464477539063e-08, 1.4901161193847656e-08, 0.9712320566177368, -0.09134628623723984, 0.21991902589797974, 0.174224391579628, 0.9021318554878235, -0.39471933245658875, -0.1623394936323166, 0.42167988419532776, 0.8920943140983582),
