return {
    ["Dancery"] = {
        {Time = 0.000, Data = {
            ["RightFoot"] = CFrame.new(-4.470348358154297e-08, 1.7881393432617188e-07, 1.6596459317952394e-08, 0.9726126194000244, 0.11941653490066528, 0.1994103491306305, -0.05685210973024368, 0.9540932774543762, -0.2940644919872284, -0.22537219524383545, 0.2746742367744446, 0.9347521662712097),
            ["LeftLowerArm"] = CFrame.new(1.4901161193847656e-07, 2.980232238769531e-07, 5.960464477539063e-08, 1, -8.195639367158947e-08, 8.940693874137651e-08, 9.685756907629184e-08, -0.07856721431016922, -0.9969089031219482, 1.1920931797249068e-07, 0.9969088435173035, -0.0785672664642334),
            ["LeftFoot"] = CFrame.new(-3.725290298461914e-09, 5.960464477539063e-08, -7.450580596923828e-08, 0.9707164168357849, -0.21679574251174927, -0.10348619520664215, 0.18385249376296997, 0.947716474533081, -0.26082926988601685, 0.15462230145931244, 0.23416490852832794, 0.9598222970962524),
            ["Head"] = CFrame.new(-4.470348358154297e-08, 0, -5.21540641784668e-08, 0.8860523700714111, 0.050658393651247025, -0.46080923080444336, -0.07571090012788773, 0.9964786767959595, -0.036031778901815414, 0.4573611617088318, 0.06681440025568008, 0.8867675065994263),
            ["LowerTorso"] = CFrame.new(0.04581865668296814, -0.36799442768096924, 0.06489281356334686, 0.7929999232292175, -0.10196138918399811, 0.6006289124488831, 0.11988810449838638, 0.9927346110343933, 0.010238171555101871, -0.5973089933395386, 0.06388939172029495, 0.7994623780250549),
            ["UpperTorso"] = CFrame.new(-9.313225746154785e-09, -1.7881393432617188e-07, 7.916241884231567e-09, 0.9993483424186707, 0.019705088809132576, 0.03024527058005333, -0.02526313066482544, 0.980262279510498, 0.19608090817928314, -0.02578456699848175, -0.19671718776226044, 0.9801211953163147),
            ["HumanoidRootPart"] = CFrame.new(0, 0, 0, 1, 0, 0, 0, 1, 0, 0, 0, 1),
            ["RightUpperLeg"] = CFrame.new(0, -2.076849341392517e-07, 9.480572771281004e-09, 0.9129100441932678, -0.3516969382762909, 0.20713426172733307, 0.3724552392959595, 0.9253829717636108, -0.07031073421239853, -0.16695062816143036, 0.14133557677268982, 0.9757826924324036),
            ["LeftUpperArm"] = CFrame.new(0, -4.76837158203125e-07, -2.9802322387695312e-08, 0.3847731053829193, 0.922356128692627, 0.03476898372173309, -0.20327067375183105, 0.1214209645986557, -0.9715647101402283, -0.9003502726554871, 0.3667644262313843, 0.23420755565166473),
            ["RightLowerArm"] = CFrame.new(-5.960464477539063e-08, 3.5762786865234375e-07, 2.2351741790771484e-07, 1, -2.2351745343485163e-08, 4.470347647611561e-08, 5.215407838932151e-08, 0.9565463662147522, -0.29158052802085876, 6.053598156086082e-08, 0.291580468416214, 0.9565463066101074),
            ["LeftHand"] = CFrame.new(2.9802322387695312e-08, -4.172325134277344e-07, 1.1920928955078125e-07, 0.9248142242431641, 0.374884694814682, 0.06465443223714828, -0.328951358795166, 0.8734242916107178, -0.3590560853481293, -0.1910751909017563, 0.31079167127609253, 0.9310739636421204),
            ["RightHand"] = CFrame.new(-5.066394805908203e-07, 0, -1.7881393432617188e-07, 0.6751877069473267, -0.6820122599601746, -0.28103575110435486, 0.6964781880378723, 0.7149226069450378, -0.06167324632406235, 0.24298067390918732, -0.15409420430660248, 0.9577136635780334),
            ["RightUpperArm"] = CFrame.new(-5.960464477539063e-08, -4.76837158203125e-07, 2.9802322387695312e-08, 0.6724276542663574, -0.6643115878105164, -0.3263915479183197, 0.682431697845459, 0.38570651412010193, 0.6209003925323486, -0.2865801155567169, -0.6402503848075867, 0.7127070426940918),
            ["RightLowerLeg"] = CFrame.new(5.960464477539063e-08, 2.384185791015625e-07, 6.502523319795728e-08, 1, -1.4901161193847656e-07, -7.450584149637507e-08, 7.450580596923828e-08, 0.5898236036300659, 0.8075318336486816, -5.4016709327697754e-08, -0.8075321316719055, 0.5898240804672241),
            ["LeftUpperLeg"] = CFrame.new(5.960464477539063e-08, -9.12696123123169e-08, 4.0978193283081055e-08, 0.8059248924255371, 0.5919504165649414, -0.008934058248996735, -0.3092295527458191, 0.40804368257522583, -0.8589979410171509, -0.504838764667511, 0.6950504183769226, 0.5119010806083679),
            ["LeftLowerLeg"] = CFrame.new(1.4901161193847656e-08, 0, -8.940696716308594e-08, 1, 5.0291429687376876e-08, 5.2154071283894154e-08, -1.1175870895385742e-07, 0.3647158443927765, 0.931118905544281, 5.960464477539063e-08, -0.931118905544281, 0.36471590399742126),
        }},
        {Time = 0.033, Data = {
            ["RightFoot"] = CFrame.new(-4.470348358154297e-08, 3.5762786865234375e-07, 1.0600342648103833e-07, 0.9728764295578003, 0.12196366488933563, 0.19656167924404144, -0.054394811391830444, 0.9465063810348511, -0.31806695461273193, -0.22483940422534943, 0.2987484633922577, 0.9274681210517883),
            ["LeftLowerArm"] = CFrame.new(-1.1920928955078125e-07, -4.76837158203125e-07, -1.1920928955078125e-07, 1, -3.352760913344355e-08, 6.70552182668871e-08, 6.705523247774181e-08, -0.06652416288852692, -0.9977848529815674, 2.048909948371147e-07, 0.9977848529815674, -0.06652408838272095),
            ["LeftFoot"] = CFrame.new(-4.842877388000488e-08, 1.1920928955078125e-07, -2.9802322387695312e-08, 0.9677744507789612, -0.2216237336397171, -0.11956382542848587, 0.20148855447769165, 0.9662953019142151, -0.16023729741573334, 0.151046484708786, 0.1309828758239746, 0.9798105359077454),
            ["Head"] = CFrame.new(-6.332993507385254e-08, -2.384185791015625e-07, -8.195638656616211e-08, 0.8825221061706543, 0.05369361490011215, -0.46719565987586975, -0.060170501470565796, 0.9981875419616699, 0.0010586234275251627, 0.4664056897163391, 0.02717721462249756, 0.884153425693512),
            ["LowerTorso"] = CFrame.new(0.03965096175670624, -0.40454626083374023, 0.05417937785387039, 0.7798606753349304, -0.11246609687805176, 0.6157668232917786, 0.11826348304748535, 0.9924827814102173, 0.03149184584617615, -0.6146796941757202, 0.04826347529888153, 0.787298858165741),
            ["UpperTorso"] = CFrame.new(1.1641532182693481e-08, 1.1920928955078125e-07, 1.0477378964424133e-08, 0.9997003078460693, 0.02282167226076126, 0.008856191299855709, -0.02400614134967327, 0.9847761988639832, 0.17216163873672485, -0.004792462568730116, -0.17232267558574677, 0.9850289225578308),
            ["HumanoidRootPart"] = CFrame.new(0, 0, 0, 1, 0, 0, 0, 1, 0, 0, 0, 1),
            ["RightUpperLeg"] = CFrame.new(-2.9802322387695312e-08, 3.9208680391311646e-07, -4.639878170564771e-08, 0.912818968296051, -0.35675010085105896, 0.19872339069843292, 0.38154178857803345, 0.9185232520103455, -0.10363844782114029, -0.14555902779102325, 0.17042429745197296, 0.9745604991912842),
            ["LeftUpperArm"] = CFrame.new(0, 0, -5.960464477539063e-08, 0.44986310601234436, 0.8928755521774292, 0.01991336978971958, -0.2114141881465912, 0.12812837958335876, -0.9689618945121765, -0.8677138090133667, 0.4316902160644531, 0.24640683829784393),
            ["RightLowerArm"] = CFrame.new(0, -2.980232238769531e-07, 2.905726432800293e-07, 1, -1.1175872671742582e-08, -8.940698137394065e-08, 3.725290653733282e-08, 0.9563305377960205, -0.292287677526474, 1.5832485544819974e-08, 0.2922876477241516, 0.9563305377960205),
            ["LeftHand"] = CFrame.new(2.9802322387695312e-08, 0, -1.7881393432617188e-07, 0.9239269495010376, 0.3771027624607086, 0.06444117426872253, -0.32882654666900635, 0.868879497051239, -0.37002912163734436, -0.1955304890871048, 0.3206899166107178, 0.9267826080322266),
            ["RightHand"] = CFrame.new(-2.384185791015625e-07, -1.1920928955078125e-07, 5.960464477539063e-08, 0.6753197908401489, -0.6818622946739197, -0.281081885099411, 0.696455180644989, 0.7149884700775146, -0.06116993725299835, 0.24267970025539398, -0.15445180237293243, 0.9577323794364929),
            ["RightUpperArm"] = CFrame.new(-5.960464477539063e-08, 0, -5.960464477539063e-08, 0.6748576164245605, -0.660462498664856, -0.32917556166648865, 0.6802656054496765, 0.3838954567909241, 0.6243900060653687, -0.28601720929145813, -0.6453011631965637, 0.708364725112915),
            ["RightLowerLeg"] = CFrame.new(-5.960464477539063e-08, 2.384185791015625e-07, 9.110226528719068e-08, 1, -1.4901161193847656e-07, -1.1920936060505483e-07, 1.49011640360186e-07, 0.52968829870224, 0.8481922745704651, -8.009376273321323e-08, -0.8481923937797546, 0.5296885371208191),
            ["LeftUpperLeg"] = CFrame.new(0, 2.8870999813079834e-07, -7.450580596923828e-09, 0.8172299265861511, 0.5743348598480225, -0.047692276537418365, -0.30637162923812866, 0.36286330223083496, -0.8800378441810608, -0.4881308376789093, 0.7338049411773682, 0.47250276803970337),
            ["LeftLowerLeg"] = CFrame.new(-1.4901161193847656e-08, 5.960464477539063e-08, 3.725290298461914e-08, 1, 7.4505820180093e-08, 9.872022843637751e-08, -6.705522537231445e-08, 0.33946695923805237, 0.9406179785728455, 5.960464477539063e-08, -0.940618097782135, 0.33946701884269714),
        }},
        {Time = 0.067, Data = {
            ["RightFoot"] = CFrame.new(-5.960464477539063e-08, 2.980232238769531e-07, 7.620110409334302e-08, 0.9714329242706299, 0.12837590277194977, 0.19959424436092377, -0.05439365655183792, 0.9391095638275146, -0.3392847776412964, -0.23099690675735474, 0.31873640418052673, 0.9192650318145752),
            ["LeftLowerArm"] = CFrame.new(-2.9802322387695312e-08, 3.5762786865234375e-07, -1.4901161193847656e-07, 1, -8.754432201385498e-08, 7.823111758398227e-08, 7.823111758398227e-08, -0.06902110576629639, -0.9976152181625366, 1.1734667282325972e-07, 0.9976152181625366, -0.06902112066745758),
            ["LeftFoot"] = CFrame.new(2.9802322387695312e-08, 0, 1.1548399925231934e-07, 0.9667940139770508, -0.2295525223016739, -0.1123160570859909, 0.20647037029266357, 0.960604190826416, -0.18603631854057312, 0.15059657394886017, 0.15666887164115906, 0.9761022329330444),
            ["Head"] = CFrame.new(1.4901161193847656e-08, 0, 4.470348358154297e-08, 0.886038064956665, 0.05174420401453972, -0.4607161283493042, -0.03890910744667053, 0.9985457062721252, 0.03732017055153847, 0.46197715401649475, -0.015140961855649948, 0.8867626190185547),
            ["LowerTorso"] = CFrame.new(0.024327442049980164, -0.4408884048461914, 0.04337310791015625, 0.7667168378829956, -0.12015542387962341, 0.630640983581543, 0.11209513992071152, 0.99229496717453, 0.05277862027287483, -0.6321234107017517, 0.03022552654147148, 0.7742779850959778),
            ["UpperTorso"] = CFrame.new(-1.862645149230957e-09, 8.940696716308594e-08, -8.381903171539307e-09, 0.9990423917770386, 0.027673959732055664, -0.03389156982302666, -0.02240022085607052, 0.9888615012168884, 0.14714345335960388, 0.03758620098233223, -0.14624331891536713, 0.9885343909263611),
            ["HumanoidRootPart"] = CFrame.new(0, 0, 0, 1, 0, 0, 0, 1, 0, 0, 0, 1),
            ["RightUpperLeg"] = CFrame.new(0, 3.9208680391311646e-07, -5.3849362302571535e-08, 0.9087170958518982, -0.3744000494480133, 0.1845480054616928, 0.399558961391449, 0.9081370234489441, -0.1250595599412918, -0.12077268958091736, 0.18738150596618652, 0.9748343825340271),
            ["LeftUpperArm"] = CFrame.new(1.1920928955078125e-07, -2.384185791015625e-07, 5.960464477539063e-08, 0.4906286597251892, 0.8712834715843201, -0.012197241187095642, -0.24285218119621277, 0.12328258901834488, -0.9621977210044861, -0.8368431925773621, 0.47504377365112305, 0.27207890152931213),
            ["RightLowerArm"] = CFrame.new(-1.7881393432617188e-07, -5.960464477539063e-08, -1.1920928955078125e-07, 1, -3.725290653733282e-08, 0, 3.725290653733282e-08, 0.9565467238426208, -0.29157906770706177, 2.0489098417897367e-08, 0.29157909750938416, 0.9565467834472656),
            ["LeftHand"] = CFrame.new(-6.705522537231445e-08, 2.384185791015625e-07, -2.2351741790771484e-08, 0.9214242696762085, 0.38477689027786255, 0.054075632244348526, -0.34355464577674866, 0.8717883229255676, -0.349220871925354, -0.18151459097862244, 0.3032028377056122, 0.9354788661003113),
            ["RightHand"] = CFrame.new(-3.8743019104003906e-07, -2.980232238769531e-07, -1.1920928955078125e-07, 0.6751887202262878, -0.6820103526115417, -0.28103771805763245, 0.696476936340332, 0.714924156665802, -0.06167301535606384, 0.24298208951950073, -0.15409529209136963, 0.9577130079269409),
            ["RightUpperArm"] = CFrame.new(0, -1.1920928955078125e-07, 2.9802322387695312e-08, 0.6685911417007446, -0.6770382523536682, -0.30757951736450195, 0.678451657295227, 0.386025607585907, 0.6250501871109009, -0.3044491708278656, -0.6265806555747986, 0.7174308896064758),
            ["RightLowerLeg"] = CFrame.new(-1.4901161193847656e-07, 2.384185791015625e-07, -3.9282895158976316e-08, 1, -1.4901161193847656e-07, -1.4901168299275014e-08, 1.4901161193847656e-07, 0.4808189868927002, 0.8768198490142822, -1.4901161193847656e-07, -0.8768199682235718, 0.48081904649734497),
            ["LeftUpperLeg"] = CFrame.new(5.960464477539063e-08, 1.3317912817001343e-07, 4.470348358154297e-08, 0.8302680253982544, 0.5509949326515198, -0.08402119576931, -0.30139386653900146, 0.3170294463634491, -0.8992519974708557, -0.4688461422920227, 0.7719436883926392, 0.4292858839035034),
            ["LeftLowerLeg"] = CFrame.new(8.940696716308594e-08, -1.1920928955078125e-07, -1.4901161193847656e-07, 1, 6.146729703004894e-08, 7.823112468940963e-08, -5.21540641784668e-08, 0.2772255837917328, 0.9608049988746643, 7.450580596923828e-08, -0.9608048796653748, 0.2772254943847656),
        }},
        {Time = 0.100, Data = {
            ["RightFoot"] = CFrame.new(-1.6391277313232422e-07, 4.172325134277344e-07, 3.894820110872388e-08, 0.9675830602645874, 0.22075164318084717, 0.12268581986427307, -0.1738179326057434, 0.9345033764839172, -0.3106294870376587, -0.1832224428653717, 0.2792351543903351, 0.9425802826881409),
            ["LeftLowerArm"] = CFrame.new(5.960464477539063e-08, 5.960464477539063e-08, -2.980232238769531e-07, 1, -1.5459953317531472e-07, 4.842877388000488e-08, 1.2572856178394431e-07, -0.09406179934740067, -0.9955663681030273, 1.0430814256778831e-07, 0.9955663681030273, -0.09406182169914246),
            ["LeftFoot"] = CFrame.new(2.9802322387695312e-08, 5.960464477539063e-08, 0, 0.9725402593612671, -0.21263426542282104, -0.09461642056703568, 0.19218024611473083, 0.963018536567688, -0.18884418904781342, 0.13127216696739197, 0.16547513008117676, 0.9774383306503296),
            ["Head"] = CFrame.new(-7.450580596923828e-09, 1.1920928955078125e-07, -1.4901161193847656e-08, 0.9066261649131775, 0.03606514260172844, -0.42039063572883606, -0.02650020271539688, 0.9992403984069824, 0.02857346460223198, 0.4211016893386841, -0.014764958992600441, 0.906893253326416),
            ["LowerTorso"] = CFrame.new(0.00028555095195770264, -0.4184025526046753, 0.06301186978816986, 0.7716928720474243, -0.08879780769348145, 0.6297659277915955, 0.09918671101331711, 0.9948923587799072, 0.018741227686405182, -0.6282134652137756, 0.04800194129347801, 0.7765588760375977),
            ["UpperTorso"] = CFrame.new(-5.587935447692871e-09, -2.9802322387695312e-08, 1.862645149230957e-09, 0.9958521723747253, 0.0293421633541584, -0.08612469583749771, -0.013380678370594978, 0.9835102558135986, 0.18035642802715302, 0.0899965837597847, -0.17845594882965088, 0.9798235297203064),
            ["HumanoidRootPart"] = CFrame.new(0, 0, 0, 1, 0, 0, 0, 1, 0, 0, 0, 1),
            ["RightUpperLeg"] = CFrame.new(5.960464477539063e-08, -1.8067657947540283e-07, 3.9282895158976316e-08, 0.8819750547409058, -0.46908265352249146, 0.04562396928668022, 0.470619797706604, 0.8713879585266113, -0.1385645568370819, 0.025242168456315994, 0.14368180930614471, 0.9893019795417786),
            ["LeftUpperArm"] = CFrame.new(-2.384185791015625e-07, -1.1920928955078125e-07, 8.940696716308594e-08, 0.5770623087882996, 0.8089362978935242, -0.1123436838388443, -0.3549031615257263, 0.12449225783348083, -0.9265771508216858, -0.7355560660362244, 0.5745639204978943, 0.3589340150356293),
            ["RightLowerArm"] = CFrame.new(5.960464477539063e-08, 2.980232238769531e-07, -1.7881393432617188e-07, 1, 2.2351741790771484e-08, -7.823110337312755e-08, 5.215407838932151e-08, 0.967402994632721, -0.25324204564094543, -2.2351747119842003e-08, 0.25324201583862305, 0.967402994632721),
            ["LeftHand"] = CFrame.new(-2.9802322387695312e-08, 1.1920928955078125e-07, -1.0803341865539551e-07, 0.9551495313644409, 0.29611220955848694, -0.002676489530131221, -0.2853315770626068, 0.9178827404975891, -0.2758207619190216, -0.0792170837521553, 0.264213889837265, 0.9612054824829102),
            ["RightHand"] = CFrame.new(-5.960464477539063e-08, 1.7881393432617188e-07, -1.1920928955078125e-07, 0.6511163711547852, -0.7306121587753296, -0.20555709302425385, 0.7257931232452393, 0.6785853505134583, -0.11289838701486588, 0.22197303175926208, -0.07568230479955673, 0.9721112847328186),
            ["RightUpperArm"] = CFrame.new(0, -2.384185791015625e-07, -8.940696716308594e-08, 0.6122698783874512, -0.7633421421051025, -0.20599694550037384, 0.6802082061767578, 0.37573984265327454, 0.6293933391571045, -0.40304139256477356, -0.5254791975021362, 0.749285876750946),
            ["RightLowerLeg"] = CFrame.new(2.9802322387695312e-08, 4.172325134277344e-07, 4.639878170564771e-08, 1, -1.043081283569336e-07, -6.845223055051974e-08, 1.341104507446289e-07, 0.47041988372802734, 0.8824425339698792, -5.960464477539063e-08, -0.8824427127838135, 0.47042033076286316),
            ["LeftUpperLeg"] = CFrame.new(0, -5.21540641784668e-08, -3.166496753692627e-08, 0.8451442122459412, 0.5324466228485107, -0.04724319279193878, -0.29112643003463745, 0.3843676447868347, -0.8760747909545898, -0.4483042061328888, 0.7541632652282715, 0.47985532879829407),
            ["LeftLowerLeg"] = CFrame.new(5.960464477539063e-08, -5.960464477539063e-08, 2.9802322387695312e-08, 1, 8.381903882082042e-08, 8.195639367158947e-08, -8.940696716308594e-08, 0.3006761968135834, 0.9537262916564941, 5.960464477539063e-08, -0.9537262916564941, 0.3006761372089386),
        }},
        {Time = 0.133, Data = {
            ["RightFoot"] = CFrame.new(9.313225746154785e-08, 2.980232238769531e-07, -4.300818545743823e-08, 0.9581775665283203, 0.28267785906791687, 0.04459845647215843, -0.2726692855358124, 0.949114203453064, -0.15758785605430603, -0.08687564730644226, 0.13883686065673828, 0.9864974021911621),
            ["LeftLowerArm"] = CFrame.new(2.9802322387695312e-08, -1.1920928955078125e-07, 1.1920928955078125e-07, 1, -1.0523943672069436e-07, 8.940694584680386e-08, 1.0430811414607888e-07, -0.06762566417455673, -0.9977108240127563, 8.288770203535023e-08, 0.9977108240127563, -0.06762562692165375),
            ["LeftFoot"] = CFrame.new(3.725290298461914e-09, 1.7881393432617188e-07, 9.313225746154785e-08, 0.9800125956535339, -0.1884177178144455, -0.06382881104946136, 0.17513753473758698, 0.96933513879776, -0.1723840981721878, 0.09435155242681503, 0.15775972604751587, 0.9829596281051636),
            ["Head"] = CFrame.new(5.587935447692871e-08, 1.1920928955078125e-07, 7.078051567077637e-08, 0.9294041991233826, 0.013193072751164436, -0.3688276708126068, -0.012625552713871002, 0.9999125599861145, 0.003952375613152981, 0.3688475787639618, 0.000983387348242104, 0.9294894933700562),
            ["LowerTorso"] = CFrame.new(-0.025993596762418747, -0.36232495307922363, 0.09609279036521912, 0.7852058410644531, -0.041880685836076736, 0.6178169250488281, 0.0799374058842659, 0.9962177872657776, -0.03406355530023575, -0.6140536069869995, 0.076133593916893, 0.7855837941169739),
            ["UpperTorso"] = CFrame.new(-1.862645149230957e-08, -1.4901161193847656e-07, 0, 0.9896843433380127, 0.027843549847602844, -0.14053356647491455, 0.005482468754053116, 0.9728531837463379, 0.2313583493232727, 0.1431603580713272, -0.2297421544790268, 0.9626649618148804),
            ["HumanoidRootPart"] = CFrame.new(0, 0, 0, 1, 0, 0, 0, 1, 0, 0, 0, 1),
            ["RightUpperLeg"] = CFrame.new(1.1920928955078125e-07, 2.4028122425079346e-07, 1.6931153368204832e-08, 0.8386762142181396, -0.5406050682067871, -0.06609345972537994, 0.5169457793235779, 0.8283601999282837, -0.21583931148052216, 0.1714329719543457, 0.14685237407684326, 0.9741894602775574),
            ["LeftUpperArm"] = CFrame.new(5.960464477539063e-08, 4.76837158203125e-07, -5.960464477539063e-08, 0.5524817705154419, 0.7484236359596252, -0.366914302110672, -0.5895538330078125, 0.03969462588429451, -0.8067532181739807, -0.589228630065918, 0.6620320081710815, 0.46316641569137573),
            ["RightLowerArm"] = CFrame.new(-8.940696716308594e-08, -5.960464477539063e-08, 1.1920928955078125e-07, 1, -7.4505797087454084e-09, -2.2351734685344127e-08, 4.470347647611561e-08, 0.9826211333274841, -0.18562278151512146, 7.450579886381092e-08, 0.18562273681163788, 0.9826211333274841),
            ["LeftHand"] = CFrame.new(-3.2782554626464844e-07, 1.7881393432617188e-07, 4.842877388000488e-08, 0.96258145570755, 0.2659264802932739, -0.05215676128864288, -0.2707981765270233, 0.9366102814674377, -0.22232790291309357, -0.010272103361785412, 0.22813254594802856, 0.9735758900642395),
            ["RightHand"] = CFrame.new(5.960464477539063e-08, 5.960464477539063e-08, -2.384185791015625e-07, 0.6396534442901611, -0.7629637718200684, -0.0934331938624382, 0.7523648142814636, 0.6463463306427002, -0.1272159069776535, 0.1574510931968689, 0.011078521609306335, 0.9874646663665771),
            ["RightUpperArm"] = CFrame.new(0, 4.76837158203125e-07, 0, 0.5052229762077332, -0.8605186939239502, -0.06524912267923355, 0.7031052112579346, 0.3666028082370758, 0.6092994213104248, -0.5003927946090698, -0.35370898246765137, 0.7902511358261108),
            ["RightLowerLeg"] = CFrame.new(-7.450580596923828e-08, 2.384185791015625e-07, 1.6596459317952394e-08, 1, -1.341104507446289e-07, -2.2351753159455257e-07, 1.6391277313232422e-07, 0.4182587265968323, 0.9083276391029358, -5.960464477539063e-08, -0.9083279371261597, 0.4182593524456024),
            ["LeftUpperLeg"] = CFrame.new(-5.960464477539063e-08, 1.0617077350616455e-07, -2.2351741790771484e-08, 0.8626430630683899, 0.5052742958068848, 0.023345930501818657, -0.2747878432273865, 0.5068899393081665, -0.8170399069786072, -0.42466285824775696, 0.6983985304832458, 0.5761082768440247),
            ["LeftLowerLeg"] = CFrame.new(4.470348358154297e-08, 5.960464477539063e-08, 5.960464477539063e-08, 1, 8.568170528633345e-08, 1.0058285937475375e-07, -1.341104507446289e-07, 0.38408154249191284, 0.9232991933822632, 7.450580596923828e-08, -0.9232993125915527, 0.3840816915035248),
        }},
        {Time = 0.167, Data = {
            ["RightFoot"] = CFrame.new(1.6670674085617065e-07, 4.172325134277344e-07, 1.287116901949048e-08, 0.9653003215789795, 0.24862129986286163, 0.07989273965358734, -0.22680416703224182, 0.9498177170753479, -0.21542052924633026, -0.1294417530298233, 0.18982598185539246, 0.973247766494751),
            ["LeftLowerArm"] = CFrame.new(5.066394805908203e-07, 1.1920928955078125e-07, -2.086162567138672e-07, 1, -1.4156101713069802e-07, 1.3411042232291948e-07, 1.341104507446289e-07, 0.03841577097773552, -0.9992619156837463, -7.450580596923828e-09, 0.9992618560791016, 0.038415662944316864),
            ["LeftFoot"] = CFrame.new(1.1175870895385742e-08, 5.960464477539063e-08, 3.725290298461914e-08, 0.9859665632247925, -0.1664758324623108, -0.012483672238886356, 0.16058693826198578, 0.9662083983421326, -0.20162644982337952, 0.045627668499946594, 0.1967921257019043, 0.9793829917907715),
            ["Head"] = CFrame.new(-2.9802322387695312e-08, 1.1920928955078125e-07, 3.725290298461914e-09, 0.9463996291160583, -0.016071191057562828, -0.32259827852249146, 0.0037665129639208317, 0.9992426037788391, -0.03873049095273018, 0.32297641038894653, 0.035439591854810715, 0.9457433223724365),
            ["LowerTorso"] = CFrame.new(-0.049366991966962814, -0.2785145044326782, 0.12582236528396606, 0.8049167394638062, -0.002020210260525346, 0.5933843851089478, 0.05295024812221527, 0.9962494969367981, -0.06843442469835281, -0.5910205841064453, 0.08650384843349457, 0.8020049333572388),
            ["UpperTorso"] = CFrame.new(3.725290298461914e-09, -5.960464477539063e-08, 5.587935447692871e-09, 0.9825317859649658, 0.02319994382560253, -0.18464311957359314, 0.026178749278187752, 0.9651010632514954, 0.26056617498397827, 0.18424440920352936, -0.2608483135700226, 0.9476351141929626),
            ["HumanoidRootPart"] = CFrame.new(0, 0, 0, 1, 0, 0, 0, 1, 0, 0, 0, 1),
            ["RightUpperLeg"] = CFrame.new(0, -4.1315797716379166e-07, -1.6596459317952394e-08, 0.8088850378990173, -0.5693413019180298, -0.14681768417358398, 0.49098166823387146, 0.7914430499076843, -0.3640812933444977, 0.32348427176475525, 0.22241519391536713, 0.9197224378585815),
            ["LeftUpperArm"] = CFrame.new(5.960464477539063e-08, 4.76837158203125e-07, 2.9802322387695312e-08, 0.45977264642715454, 0.6575618982315063, -0.5968427062034607, -0.7895501255989075, -0.00494038499891758, -0.6136661767959595, -0.4064723253250122, 0.7533842325210571, 0.5169067978858948),
            ["RightLowerArm"] = CFrame.new(1.1920928955078125e-07, 2.384185791015625e-07, 1.4901161193847656e-07, 1, -2.235172757991677e-08, -5.2154071283894154e-08, 2.2351745343485163e-08, 0.944107711315155, -0.329637348651886, -1.7508865823856468e-07, 0.3296371102333069, 0.9441076517105103),
            ["LeftHand"] = CFrame.new(-1.4901161193847656e-08, -1.1920928955078125e-07, 2.384185791015625e-07, 0.9548405408859253, 0.295147180557251, 0.0341741144657135, -0.2722838222980499, 0.9152559041976929, -0.29693078994750977, -0.11891639232635498, 0.27421656250953674, 0.9542872905731201),
            ["RightHand"] = CFrame.new(1.4156103134155273e-07, 1.1920928955078125e-07, -1.7881393432617188e-07, 0.6154178380966187, -0.7640023231506348, 0.19380995631217957, 0.7854158282279968, 0.6150675415992737, -0.06937569379806519, -0.06620274484157562, 0.19491612911224365, 0.978583037853241),
            ["RightUpperArm"] = CFrame.new(-1.1920928955078125e-07, 0, 2.9802322387695312e-08, 0.3802522122859955, -0.9242779016494751, -0.03344685956835747, 0.8338335752487183, 0.326947957277298, 0.44477713108062744, -0.4001624584197998, -0.19701658189296722, 0.8950165510177612),
            ["RightLowerLeg"] = CFrame.new(-6.705522537231445e-08, 1.1920928955078125e-07, 1.0600342648103833e-07, 1, -1.4156101713069802e-07, -1.192093463942001e-07, 1.341104507446289e-07, 0.2649131417274475, 0.9642722010612488, -1.341104507446289e-07, -0.9642723202705383, 0.26491352915763855),
            ["LeftUpperLeg"] = CFrame.new(1.1920928955078125e-07, -4.045432433485985e-08, 4.470348358154297e-08, 0.8785619735717773, 0.4635013937950134, 0.11530524492263794, -0.24700452387332916, 0.6475319266319275, -0.7208961844444275, -0.4088001847267151, 0.6048710346221924, 0.6833838224411011),
            ["LeftLowerLeg"] = CFrame.new(8.940696716308594e-08, 0, -8.195638656616211e-08, 1, 1.1548404188488348e-07, 1.1175873559921001e-08, -9.685756197086448e-08, 0.5175944566726685, 0.8556259870529175, 0, -0.855626106262207, 0.5175946354866028),
        }},
        {Time = 0.200, Data = {
            ["RightFoot"] = CFrame.new(3.7834979593753815e-10, 1.7881393432617188e-07, -6.675691111013293e-08, 0.9770698547363281, 0.19587773084640503, 0.08346519619226456, -0.16904965043067932, 0.9519933462142944, -0.2552075982093811, -0.12944787740707397, 0.23524616658687592, 0.9632770419120789),
            ["LeftLowerArm"] = CFrame.new(1.4901161193847656e-07, 1.7881393432617188e-07, -3.3527612686157227e-08, 1, -1.1920930376163597e-07, 4.4703490686970326e-08, 4.470348358154297e-08, 0.2001619189977646, -0.979762852191925, 8.940696716308594e-08, 0.9797629117965698, 0.20016199350357056),
            ["LeftFoot"] = CFrame.new(7.450580596923828e-08, -5.960464477539063e-08, -2.0489096641540527e-08, 0.981456995010376, -0.19062398374080658, 0.020116087049245834, 0.19144099950790405, 0.9695425629615784, -0.15276673436164856, 0.009617662988603115, 0.15378502011299133, 0.9880576133728027),
            ["Head"] = CFrame.new(-4.190951585769653e-09, -2.384185791015625e-07, 1.4901161193847656e-08, 0.963254451751709, -0.03830629959702492, -0.26584500074386597, 0.013577860780060291, 0.9954569339752197, -0.0942402258515358, 0.26824724674224854, 0.08716780692338943, 0.9593983888626099),
            ["LowerTorso"] = CFrame.new(-0.06622019410133362, -0.17934155464172363, 0.14914387464523315, 0.8341246843338013, 0.03133166581392288, 0.5506854057312012, 0.025098958984017372, 0.9951951503753662, -0.0946398600935936, -0.5510045886039734, 0.09276306629180908, 0.8293304443359375),
            ["UpperTorso"] = CFrame.new(7.450580596923828e-09, -2.9802322387695312e-08, 1.6763806343078613e-08, 0.9750193357467651, 0.018200116232037544, -0.22137300670146942, 0.046682342886924744, 0.957587480545044, 0.2843363583087921, 0.21715888381004333, -0.2875676453113556, 0.9328166246414185),
            ["HumanoidRootPart"] = CFrame.new(0, 0, 0, 1, 0, 0, 0, 1, 0, 0, 0, 1),
            ["RightUpperLeg"] = CFrame.new(-8.940696716308594e-08, -8.288770914077759e-08, -9.145878721028566e-09, 0.8065950274467468, -0.530480146408081, -0.26075926423072815, 0.38231396675109863, 0.80463045835495, -0.4543192386627197, 0.450822114944458, 0.2667597532272339, 0.8518208265304565),
            ["LeftUpperArm"] = CFrame.new(5.960464477539063e-08, -1.1920928955078125e-07, -2.9802322387695312e-08, 0.3206011950969696, 0.4711715579032898, -0.8217130899429321, -0.924862802028656, -0.03163047507405281, -0.37898334860801697, -0.20455732941627502, 0.8814743757247925, 0.4256282448768616),
            ["RightLowerArm"] = CFrame.new(-8.940696716308594e-08, 0, -1.1920928955078125e-07, 1, -1.8626447229053156e-07, -2.6077035641947077e-08, 5.960464477539063e-08, 0.8252062797546387, -0.564831554889679, -2.2351741790771484e-08, 0.5648314356803894, 0.8252063393592834),
            ["LeftHand"] = CFrame.new(-2.3096799850463867e-07, 5.960464477539063e-08, -1.4901161193847656e-07, 0.9395624399185181, 0.2920466363430023, 0.17869308590888977, -0.20912253856658936, 0.902766227722168, -0.37587374448776245, -0.2710907757282257, 0.3157881498336792, 0.9092786908149719),
            ["RightHand"] = CFrame.new(0, 0, -1.341104507446289e-07, 0.569591760635376, -0.6196486353874207, 0.5400009155273438, 0.736277163028717, 0.6766799092292786, -0.00013649463653564453, -0.36532336473464966, 0.39766818284988403, 0.8416644334793091),
            ["RightUpperArm"] = CFrame.new(-5.960464477539063e-08, -2.384185791015625e-07, 4.470348358154297e-08, 0.330719530582428, -0.9430425763130188, 0.035993870347738266, 0.939656138420105, 0.332592248916626, 0.08017947524785995, -0.08758383244276047, 0.0073049021884799, 0.9961304068565369),
            ["RightLowerLeg"] = CFrame.new(5.21540641784668e-08, 4.172325134277344e-07, 3.149762051180005e-08, 1, -1.043081283569336e-07, -8.754436464641913e-08, 1.7136335372924805e-07, 0.23114638030529022, 0.9729189872741699, -1.341104507446289e-07, -0.9729189872741699, 0.2311467081308365),
            ["LeftUpperLeg"] = CFrame.new(5.960464477539063e-08, -1.210719347000122e-07, 4.470348358154297e-08, 0.9308404326438904, 0.3525718152523041, 0.09606920927762985, -0.24859197437763214, 0.8036482334136963, -0.5406955480575562, -0.2678399384021759, 0.47941920161247253, 0.8357147574424744),
            ["LeftLowerLeg"] = CFrame.new(2.9802322387695312e-08, 2.980232238769531e-07, -1.4901161193847656e-08, 1, 3.3527619791584584e-08, -2.980233304583635e-08, -1.1920928955078125e-07, 0.7175835967063904, 0.6964725255966187, 2.2351741790771484e-08, -0.6964725255966187, 0.7175834774971008),
        }},
        {Time = 0.233, Data = {
            ["RightFoot"] = CFrame.new(3.4924596548080444e-10, 4.172325134277344e-07, -1.3205863069742918e-08, 0.9917978048324585, 0.10991263389587402, -0.06524080038070679, -0.11849682778120041, 0.9820163249969482, -0.146977499127388, 0.04791288077831268, 0.15350307524204254, 0.9869859218597412),
            ["LeftLowerArm"] = CFrame.new(-5.960464477539063e-08, -5.960464477539063e-08, -1.7881393432617188e-07, 1, -1.0803340444454079e-07, 5.960464477539063e-08, 8.195637946073475e-08, 0.29432860016822815, -0.9557042717933655, 5.960463766996327e-08, 0.9557043313980103, 0.2943286895751953),
            ["LeftFoot"] = CFrame.new(-1.862645149230957e-08, 5.960464477539063e-08, -2.60770320892334e-08, 0.9830945134162903, -0.1795717179775238, 0.03576761484146118, 0.180670827627182, 0.9830769300460815, -0.030295971781015396, -0.029722006991505623, 0.036245886236429214, 0.9989008903503418),
            ["Head"] = CFrame.new(-3.073364496231079e-08, 0, 7.078051567077637e-08, 0.9807591438293457, -0.037737179547548294, -0.19153966009616852, 0.0075160302221775055, 0.9877104759216309, -0.15611372888088226, 0.19507701694965363, 0.15167047083377838, 0.9689897298812866),
            ["LowerTorso"] = CFrame.new(-0.07130157947540283, -0.059683918952941895, 0.15685118734836578, 0.8721617460250854, 0.050378113985061646, 0.486616849899292, 0.004194856621325016, 0.9938770532608032, -0.11041184514760971, -0.48919960856437683, 0.09833826869726181, 0.8666103482246399),
            ["UpperTorso"] = CFrame.new(8.381903171539307e-09, -2.086162567138672e-07, 1.4901161193847656e-08, 0.9674263596534729, 0.016731612384319305, -0.2525993883609772, 0.06271883845329285, 0.950864315032959, 0.3031889796257019, 0.245260551571846, -0.30915576219558716, 0.9188417196273804),
            ["HumanoidRootPart"] = CFrame.new(0, 0, 0, 1, 0, 0, 0, 1, 0, 0, 0, 1),
            ["RightUpperLeg"] = CFrame.new(5.960464477539063e-08, -1.434236764907837e-07, 5.75528247281909e-09, 0.855303943157196, -0.39251279830932617, -0.3382141888141632, 0.21593068540096283, 0.8634083271026611, -0.4559606611728668, 0.4709872901439667, 0.3169540464878082, 0.8232320547103882),
            ["LeftUpperArm"] = CFrame.new(-1.1920928955078125e-07, 0, 8.940696716308594e-08, 0.0937860757112503, 0.1618352085351944, -0.9823510646820068, -0.9953626394271851, 0.0364421010017395, -0.08902473002672195, 0.02139156125485897, 0.9861447215080261, 0.16450248658657074),
            ["RightLowerArm"] = CFrame.new(-5.960464477539063e-08, -1.7881393432617188e-07, -1.341104507446289e-07, 1, -6.70552182668871e-08, 1.1175869119028903e-08, 5.215405707303944e-08, 0.8376222252845764, -0.5462499856948853, -7.4505797087454084e-09, 0.54625004529953, 0.8376222252845764),
            ["LeftHand"] = CFrame.new(4.470348358154297e-08, -1.1920928955078125e-07, 2.9802322387695312e-08, 0.9988303184509277, -0.011865463107824326, 0.04687589406967163, 0.028426572680473328, 0.9283034205436707, -0.3707352578639984, -0.03911620005965233, 0.3716341555118561, 0.9275548458099365),
            ["RightHand"] = CFrame.new(7.450580596923828e-08, 0, -3.3527612686157227e-07, 0.6542372703552246, -0.6624484658241272, 0.36487796902656555, 0.7192329168319702, 0.6941484808921814, -0.029356257990002632, -0.23383256793022156, 0.28163814544677734, 0.93059241771698),
            ["RightUpperArm"] = CFrame.new(-5.960464477539063e-08, -1.1920928955078125e-07, 7.450580596923828e-08, 0.3913204073905945, -0.8285644054412842, 0.40043649077415466, 0.9136031866073608, 0.29756173491477966, -0.2771036624908447, 0.11044365912675858, 0.4742763340473175, 0.8734209537506104),
            ["RightLowerLeg"] = CFrame.new(-3.259629011154175e-09, 1.7881393432617188e-07, 1.1717929737642407e-07, 1, -1.401640332687748e-07, -1.1827800960872992e-07, 1.2433154950031167e-07, 0.31686127185821533, 0.9484718441963196, -8.84756374830431e-08, -0.9484719038009644, 0.316861629486084),
            ["LeftUpperLeg"] = CFrame.new(0, -3.0919909477233887e-07, -2.2351741790771484e-08, 0.9835005402565002, 0.17723514139652252, -0.03625744581222534, -0.17781156301498413, 0.9101555347442627, -0.374165803194046, -0.03331539407372475, 0.37443920969963074, 0.9266528487205505),
            ["LeftLowerLeg"] = CFrame.new(0, 0, 7.450580596923828e-08, 1, 7.450581307466564e-08, -3.1664978195067306e-08, -5.960463766996327e-08, 0.807328462600708, 0.5901025533676147, -1.4901159417490817e-08, -0.5901023745536804, 0.8073283433914185),
        }},
        {Time = 0.267, Data = {
            ["RightFoot"] = CFrame.new(-1.3504177331924438e-08, 3.5762786865234375e-07, -1.1343217920511961e-08, 0.9894200563430786, -0.0016608178848400712, -0.14507021009922028, 0.0019494560547173023, 0.9999964833259583, 0.0018473309464752674, 0.14506657421588898, -0.00211041490547359, 0.9894196391105652),
            ["LeftLowerArm"] = CFrame.new(-2.384185791015625e-07, 0, -1.4156103134155273e-07, 1, -8.195638656616211e-08, 5.960465188081798e-08, 2.7939681679356454e-09, 0.5436199307441711, -0.8393317461013794, 4.4703490686970326e-08, 0.8393315076828003, 0.5436196327209473),
            ["LeftFoot"] = CFrame.new(5.587935447692871e-08, 1.1920928955078125e-07, 0, 0.9951523542404175, -0.08580119907855988, 0.048062898218631744, 0.08684493601322174, 0.9960199594497681, -0.020059868693351746, -0.046150486916303635, 0.024136623367667198, 0.9986428618431091),
            ["Head"] = CFrame.new(-1.862645149230957e-09, -2.384185791015625e-07, 2.2351741790771484e-08, 0.9949385523796082, -0.02227333001792431, -0.09798549860715866, 0.0008914050413295627, 0.9770424962043762, -0.21304255723953247, 0.10048115253448486, 0.2118770331144333, 0.9721171259880066),
            ["LowerTorso"] = CFrame.new(-0.07061218470335007, -0.01787590980529785, 0.15796984732151031, 0.9195491075515747, 0.05873621255159378, 0.38856077194213867, -0.013419312424957752, 0.9928836226463318, -0.11833028495311737, -0.3927459120750427, 0.1035962924361229, 0.9137935042381287),
            ["UpperTorso"] = CFrame.new(1.4901161193847656e-08, 1.1920928955078125e-07, 1.30385160446167e-08, 0.9629812240600586, 0.013880928047001362, -0.26921096444129944, 0.07440721243619919, 0.9461886882781982, 0.314945250749588, 0.2590961754322052, -0.3233175575733185, 0.9101291298866272),
            ["HumanoidRootPart"] = CFrame.new(0, 0, 0, 1, 0, 0, 0, 1, 0, 0, 0, 1),
            ["RightUpperLeg"] = CFrame.new(-2.9802322387695312e-08, 1.4528632164001465e-07, 2.8107024263590574e-08, 0.879106879234314, -0.2347460240125656, -0.41480743885040283, 0.059438884258270264, 0.9175039529800415, -0.3932604193687439, 0.4729037582874298, 0.3210620880126953, 0.8205371499061584),
            ["LeftUpperArm"] = CFrame.new(-1.1920928955078125e-07, -4.76837158203125e-07, -7.078051567077637e-08, 0.02826506271958351, -0.021378155797719955, -0.9993718266487122, -0.9869217276573181, 0.158132866024971, -0.03129558637738228, 0.15870264172554016, 0.9871864914894104, -0.016628922894597054),
            ["RightLowerArm"] = CFrame.new(2.384185791015625e-07, 2.384185791015625e-07, 1.1920928955078125e-07, 1, -6.47269118303484e-08, 3.073364851502447e-08, 1.0430814256778831e-07, 0.8220615386962891, -0.5693987011909485, -1.3038517820973539e-08, 0.5693985819816589, 0.8220615386962891),
            ["LeftHand"] = CFrame.new(-2.384185791015625e-07, 0, 1.3969838619232178e-07, 0.9948059916496277, 0.009970325045287609, 0.10130059719085693, 0.02561403624713421, 0.9386485815048218, -0.34392249584198, -0.09851471334695816, 0.3447311818599701, 0.9335178136825562),
            ["RightHand"] = CFrame.new(-7.450580596923828e-08, 0, 7.450580596923828e-09, 0.7373315691947937, -0.6385727524757385, 0.22037917375564575, 0.6593250632286072, 0.7513002157211304, -0.028956547379493713, -0.14708034694194794, 0.1666523814201355, 0.9749844670295715),
            ["RightUpperArm"] = CFrame.new(0, -7.152557373046875e-07, -1.4901161193847656e-07, 0.5931705832481384, -0.5074542760848999, 0.6250113844871521, 0.778974711894989, 0.16568246483802795, -0.6047706007957458, 0.20333999395370483, 0.8456000685691833, 0.493571937084198),
            ["RightLowerLeg"] = CFrame.new(-6.51925802230835e-09, 2.384185791015625e-07, 6.129994289949536e-08, 1, -1.2712555985672225e-07, -7.543716407099055e-08, 1.266598843585598e-07, 0.4952092468738556, 0.8687734603881836, -8.47503613954359e-08, -0.8687737584114075, 0.49520984292030334),
