return {
    ["Dancin' Shuffle 3"] = {
        {Time = 0.000, Data = {
            ["RightFoot"] = CFrame.new(-8.568167686462402e-08, 4.76837158203125e-07, 9.145878721028566e-09, 0.998793363571167, 0.016224147751927376, 0.04635537415742874, -0.017975961789488792, 0.9991301894187927, 0.03762819617986679, -0.04570465534925461, -0.03841597959399223, 0.9982161521911621),
            ["LeftLowerArm"] = CFrame.new(-2.384185791015625e-07, -2.384185791015625e-07, -7.450580596923828e-09, 1, 7.078052988163108e-08, -1.1548399925231934e-07, 9.313227167240257e-08, 0.6135494709014893, -0.7896563410758972, 2.6077035641947077e-08, 0.7896562814712524, 0.6135494112968445),
            ["RightUpperArm"] = CFrame.new(0, -0.06523787975311279, 0, 0.8217776417732239, -0.21268820762634277, -0.5286256074905396, 0.28179576992988586, 0.9580308794975281, 0.05261121690273285, 0.49524998664855957, -0.19219937920570374, 0.8472232222557068),
            ["Head"] = CFrame.new(-3.4924596548080444e-08, 2.384185791015625e-07, 3.725290298461914e-09, 0.57703697681427, -0.0033210867550224066, 0.8167112469673157, 0.1431885063648224, 0.9849145412445068, -0.09716285020112991, -0.8040681481361389, 0.1730101853609085, 0.5688077211380005),
            ["RightHand"] = CFrame.new(-2.1606683731079102e-07, 0, 2.3061875253915787e-07, 0.9083070755004883, -0.20421738922595978, 0.3650658428668976, 0.3042182922363281, 0.9215004444122314, -0.241428405046463, -0.2871057391166687, 0.3303517997264862, 0.8991325497627258),
            ["UpperTorso"] = CFrame.new(-2.3283064365386963e-08, -2.9802322387695312e-08, -2.9802322387695312e-08, 0.9990974068641663, 0.03327307105064392, 0.026405733078718185, -0.035900626331567764, 0.9936937093734741, 0.10622663795948029, -0.022704701870679855, -0.10707876086235046, 0.9939913153648376),
            ["HumanoidRootPart"] = CFrame.new(0, 0, 0, 1, 0, 0, 0, 1, 0, 0, 0, 1),
            ["RightUpperLeg"] = CFrame.new(-0.000025510787963867188, -0.0001258309930562973, -0.004997482523322105, 0.9938840270042419, -0.09262287616729736, -0.06012922152876854, 0.028577253222465515, 0.7416876554489136, -0.6701363921165466, 0.10666704177856445, 0.6643195152282715, 0.7397984266281128),
            ["LeftUpperArm"] = CFrame.new(-1.1920928955078125e-07, -0.06523752212524414, -1.4901161193847656e-08, 0.8257930874824524, 0.16578805446624756, -0.539054811000824, -0.3963717520236969, 0.850549042224884, -0.34562385082244873, 0.4011923670768738, 0.4990798532962799, 0.7680912017822266),
            ["RightLowerArm"] = CFrame.new(-2.980232238769531e-07, 3.5762786865234375e-07, 0, 1, 4.926694714413316e-07, -1.883454672224616e-07, 4.842878453814592e-08, -0.29444143176078796, -0.955669641494751, -5.140901748745819e-07, 0.9556695222854614, -0.294441282749176),
            ["LeftHand"] = CFrame.new(-1.7136335372924805e-07, -1.1920928955078125e-07, 3.8743019104003906e-07, 0.7738450169563293, -0.42806732654571533, -0.46682116389274597, 0.43909385800361633, 0.8937519192695618, -0.09167405962944031, 0.4564652442932129, -0.13403715193271637, 0.8795872926712036),
            ["LeftFoot"] = CFrame.new(7.450580596923828e-09, 1.1920928955078125e-07, 8.940696716308594e-08, 0.9711887240409851, -0.16145487129688263, -0.1752854585647583, 0.19197197258472443, 0.9658524394035339, 0.17399941384792328, 0.14120684564113617, -0.2026362419128418, 0.9690196514129639),
            ["LowerTorso"] = CFrame.new(-0.1100974828004837, -0.015236616134643555, 0.14076995849609375, 0.3422393798828125, 0.09132545441389084, -0.9351640939712524, -0.0020648601930588484, 0.9953360557556152, 0.09644600749015808, 0.9396105408668518, -0.031076641753315926, 0.34083178639411926),
            ["RightLowerLeg"] = CFrame.new(-3.725290298461914e-09, -1.7881393432617188e-07, 8.365168469026685e-08, 1, -0.000024970608137664385, 0.00004426203668117523, -0.00002468191087245941, 0.5222247838973999, 0.852807879447937, -0.000044383108615875244, -0.852807879447937, 0.5222249031066895),
            ["LeftUpperLeg"] = CFrame.new(0.000025510787963867188, 0.00012567080557346344, 0.0049974992871284485, 0.9794508218765259, 0.19137334823608398, -0.06365873664617538, -0.19405482709407806, 0.9802170395851135, -0.03895390033721924, 0.05494464933872223, 0.05050673335790634, 0.997211217880249),
            ["LeftLowerLeg"] = CFrame.new(-5.960464477539063e-08, 0, 2.2351741790771484e-08, 1, -0.0000010654330253601074, 0.0000025928022751031676, -0.00000118277955607482, 0.6752392649650574, 0.7375988364219666, -0.000002552754949647351, -0.7375988364219666, 0.6752392649650574),
        }},
        {Time = 0.033, Data = {
            ["RightFoot"] = CFrame.new(-6.612390279769897e-08, 2.980232238769531e-07, 1.6952981241047382e-09, 0.9988337755203247, 0.02893042378127575, 0.038655634969472885, -0.023635083809494972, 0.991095781326294, -0.1310366690158844, -0.04210250824689865, 0.1299704760313034, 0.9906235933303833),
            ["LeftLowerArm"] = CFrame.new(-5.364418029785156e-07, -5.960464477539063e-08, 0, 1, 1.0943042916267132e-08, 3.72529200376448e-07, 1.7881399116959074e-07, 0.7318610548973083, -0.6814541220664978, -4.4889765149491723e-07, 0.6814538836479187, 0.731860876083374),
            ["RightUpperArm"] = CFrame.new(0, -0.06523776054382324, 2.9802322387695312e-08, 0.8025113344192505, -0.20416292548179626, -0.56061851978302, 0.30428776144981384, 0.9482967853546143, 0.09023473411798477, 0.513210117816925, -0.2430039346218109, 0.8231431245803833),
            ["Head"] = CFrame.new(-2.9802322387695312e-08, 3.5762786865234375e-07, 1.3597309589385986e-07, 0.5522510409355164, -0.015204297378659248, 0.8335391879081726, 0.1993294507265091, 0.9732425212860107, -0.11431050300598145, -0.8094978332519531, 0.22927692532539368, 0.5405048727989197),
            ["RightHand"] = CFrame.new(-3.5762786865234375e-07, 5.960464477539063e-08, 4.6193599700927734e-07, 0.9131306409835815, -0.2730826437473297, 0.3026851713657379, 0.357098251581192, 0.8939672112464905, -0.27074506878852844, -0.19665560126304626, 0.3553149402141571, 0.9138264060020447),
            ["UpperTorso"] = CFrame.new(-1.862645149230957e-08, 0, -1.4901161193847656e-08, 0.9980579614639282, 0.06149324029684067, 0.009952165186405182, -0.06221149489283562, 0.9921316504478455, 0.10864866524934769, -0.003192625707015395, -0.10905680805444717, 0.9940304756164551),
            ["HumanoidRootPart"] = CFrame.new(0, 0, 0, 1, 0, 0, 0, 1, 0, 0, 0, 1),
            ["RightUpperLeg"] = CFrame.new(-0.000025480985641479492, -0.00012562749907374382, -0.00499747134745121, 0.993782639503479, -0.08336342871189117, -0.07380110025405884, 0.015147507190704346, 0.7579280734062195, -0.6521621942520142, 0.11030241847038269, 0.6469895839691162, 0.7544785141944885),
            ["LeftUpperArm"] = CFrame.new(-1.1920928955078125e-07, -0.0652381181716919, -2.0489096641540527e-08, 0.8051730990409851, 0.17885251343250275, -0.5654271841049194, -0.4001298248767853, 0.8675562739372253, -0.2953683137893677, 0.4377126097679138, 0.46406692266464233, 0.7700971961021423),
            ["RightLowerArm"] = CFrame.new(2.384185791015625e-07, 3.5762786865234375e-07, 0, 1, -1.564621925354004e-07, -2.1606686573250045e-07, -5.96046660916727e-08, -0.47892728447914124, -0.8778547644615173, 3.7252917195473856e-08, 0.8778546452522278, -0.4789271354675293),
            ["LeftHand"] = CFrame.new(-1.4901161193847656e-07, 1.1920928955078125e-07, 0, 0.7861000299453735, -0.4211479425430298, -0.45241686701774597, 0.4411959946155548, 0.894944429397583, -0.0664869174361229, 0.43288901448249817, -0.14733964204788208, 0.8893247842788696),
            ["LeftFoot"] = CFrame.new(1.4901161193847656e-08, 5.960464477539063e-08, 1.1175870895385742e-07, 0.9616363644599915, -0.17472480237483978, -0.2114870548248291, 0.1856178194284439, 0.9820797443389893, 0.032641928642988205, 0.20199374854564667, -0.07064548879861832, 0.9768355488777161),
            ["LowerTorso"] = CFrame.new(-0.1100974828004837, -0.07226526737213135, 0.14879906177520752, 0.2991260886192322, 0.1314251720905304, -0.9451196193695068, 0.008904878050088882, 0.9900420308113098, 0.14049029350280762, 0.9541720747947693, -0.05044052004814148, 0.294977068901062),
            ["RightLowerLeg"] = CFrame.new(3.725290298461914e-09, 5.960464477539063e-08, -1.6221747500821948e-07, 1, -0.00002549588134570513, 0.000043977051973342896, -0.00002517179018468596, 0.5034314393997192, 0.8640351295471191, -0.00004415214425534941, -0.8640351891517639, 0.503431499004364),
            ["LeftUpperLeg"] = CFrame.new(0.000025540590286254883, 0.00012567080557346344, 0.004997506737709045, 0.9766222834587097, 0.20252282917499542, -0.0720655620098114, -0.2063198983669281, 0.9772172570228577, -0.04978532716631889, 0.060341060161590576, 0.06349001824855804, 0.996156632900238),
            ["LeftLowerLeg"] = CFrame.new(-1.4901161193847656e-08, 0, -2.9802322387695312e-08, 1, -0.0000013560057823269744, 0.0000024810433387756348, -0.0000014808028936386108, 0.4848959147930145, 0.8745719194412231, -0.0000023934990167617798, -0.8745719790458679, 0.48489582538604736),
        }},
        {Time = 0.067, Data = {
            ["RightFoot"] = CFrame.new(-2.5494955480098724e-08, 2.384185791015625e-07, -4.6733475755900145e-08, 0.9988871812820435, 0.04058018699288368, 0.024035902693867683, -0.03517848998308182, 0.9804856777191162, -0.19341737031936646, -0.03141574561595917, 0.19235680997371674, 0.9808221459388733),
            ["LeftLowerArm"] = CFrame.new(-5.960464477539062e-07, -1.7881393432617188e-07, -1.4901161193847656e-08, 1, 1.965090916655754e-07, 2.6822095833267667e-07, 1.4528633585086936e-07, 0.8041560053825378, -0.5944184064865112, -4.7218060217346647e-07, 0.5944182872772217, 0.8041560053825378),
            ["RightUpperArm"] = CFrame.new(-5.960464477539063e-08, -0.06523764133453369, -1.1920928955078125e-07, 0.7841315269470215, -0.1929807960987091, -0.5898272395133972, 0.32437336444854736, 0.9377096891403198, 0.1244286596775055, 0.5290743708610535, -0.288892924785614, 0.797885537147522),
            ["Head"] = CFrame.new(3.725290298461914e-09, 1.1920928955078125e-07, -1.1175870895385742e-07, 0.5285113453865051, -0.02312697283923626, 0.8486111760139465, 0.2484726458787918, 0.9600666165351868, -0.12858310341835022, -0.8117495179176331, 0.2788141369819641, 0.513152539730072),
            ["RightHand"] = CFrame.new(2.2351741790771484e-07, -5.960464477539063e-08, -2.3096799850463867e-07, 0.9040688276290894, -0.34467819333076477, 0.2526986598968506, 0.41115498542785645, 0.8628215193748474, -0.29409241676330566, -0.11666692048311234, 0.369778573513031, 0.9217662811279297),
            ["UpperTorso"] = CFrame.new(9.313225746154785e-09, 0, 2.60770320892334e-08, 0.9962835907936096, 0.08602442592382431, -0.004349192138761282, -0.08501692861318588, 0.9902116656303406, 0.1106933206319809, 0.013828967697918415, -0.10991217941045761, 0.9938451647758484),
            ["HumanoidRootPart"] = CFrame.new(0, 0, 0, 1, 0, 0, 0, 1, 0, 0, 0, 1),
            ["RightUpperLeg"] = CFrame.new(-0.000025480985641479492, -0.00012559723109006882, -0.004997434094548225, 0.9943302869796753, -0.06670999526977539, -0.0828075185418129, 0.004596216604113579, 0.8049705624580383, -0.593297004699707, 0.10623648762702942, 0.5895525813102722, 0.8007131218910217),
            ["LeftUpperArm"] = CFrame.new(-1.1920928955078125e-07, -0.06523787975311279, -2.1606683731079102e-07, 0.779822587966919, 0.19417738914489746, -0.5951234102249146, -0.39929527044296265, 0.886462390422821, -0.2339828759431839, 0.4821203947067261, 0.42009496688842773, 0.7688174247741699),
            ["RightLowerArm"] = CFrame.new(-8.940696716308594e-08, 2.980232238769531e-07, 1.4156103134155273e-07, 1, 2.4586918812019576e-07, -8.754431490842762e-08, 2.8312211952652433e-07, -0.5988220572471619, -0.8008822798728943, -2.6822095833267667e-07, 0.8008822202682495, -0.5988218188285828),
            ["LeftHand"] = CFrame.new(1.1920928955078125e-07, 2.980232238769531e-07, -2.384185791015625e-07, 0.800255537033081, -0.4134121537208557, -0.4343748688697815, 0.44008374214172363, 0.8969325423240662, -0.042873941361904144, 0.40732961893081665, -0.1568513810634613, 0.8997113108634949),
            ["LeftFoot"] = CFrame.new(5.960464477539063e-08, -1.1920928955078125e-07, 2.086162567138672e-07, 0.951781690120697, -0.1887439787387848, -0.24184174835681915, 0.1618889570236206, 0.9786471128463745, -0.12665633857250214, 0.2605832815170288, 0.08139760047197342, 0.9620140194892883),
            ["LowerTorso"] = CFrame.new(-0.1100974828004837, -0.14204156398773193, 0.1559983640909195, 0.26011690497398376, 0.168097585439682, -0.9508324861526489, 0.020507197827100754, 0.9835458397865295, 0.1794910728931427, 0.9653593301773071, -0.06618760526180267, 0.25238969922065735),
            ["RightLowerLeg"] = CFrame.new(3.725290298461914e-09, 1.7881393432617188e-07, 3.894820110872388e-08, 1, -0.000022575251932721585, 0.000045536085963249207, -0.00002221949580416549, 0.6113958358764648, 0.7913248538970947, -0.00004573725527734496, -0.7913249135017395, 0.6113959550857544),
            ["LeftUpperLeg"] = CFrame.new(0.000025510787963867188, 0.00012579187750816345, 0.00499754399061203, 0.9741506576538086, 0.2127229869365692, -0.07602383196353912, -0.2161191701889038, 0.9755652546882629, -0.03955914452672005, 0.0657510831952095, 0.054966773837804794, 0.9963209629058838),
            ["LeftLowerLeg"] = CFrame.new(-6.332993507385254e-08, -1.1920928955078125e-07, -2.9802322387695312e-08, 1, -0.0000016018750557122985, 0.000002297573018950061, -0.0000017806889900384704, 0.26552972197532654, 0.9641026854515076, -0.000002181157697123126, -0.9641027450561523, 0.26552972197532654),
        }},
        {Time = 0.100, Data = {
            ["RightFoot"] = CFrame.new(-5.4016709327697754e-08, 2.980232238769531e-07, 5.420588422566652e-09, 0.9967111349105835, 0.0741717666387558, 0.0326421782374382, -0.053733766078948975, 0.9064310193061829, -0.41892147064208984, -0.06066010892391205, 0.41578999161720276, 0.9074355363845825),
            ["LeftLowerArm"] = CFrame.new(-4.76837158203125e-07, -4.76837158203125e-07, -2.9802322387695312e-08, 1, 1.9371513815258368e-07, -1.1920931797249068e-07, -1.862645326866641e-08, 0.8471689224243164, -0.5313238501548767, -2.1979215603096236e-07, 0.5313236713409424, 0.8471688628196716),
            ["RightUpperArm"] = CFrame.new(0, -0.06523776054382324, 2.9802322387695312e-08, 0.7683531641960144, -0.1811826378107071, -0.6138453483581543, 0.34066176414489746, 0.9277223348617554, 0.15258103609085083, 0.5418331623077393, -0.3263499438762665, 0.7745405435562134),
            ["Head"] = CFrame.new(-1.6763806343078613e-08, 2.384185791015625e-07, 7.82310962677002e-08, 0.5082372426986694, -0.027635695412755013, 0.8607734441757202, 0.2875778377056122, 0.9475618600845337, -0.1393759846687317, -0.8117844462394714, 0.31837528944015503, 0.4895339012145996),
            ["RightHand"] = CFrame.new(-5.960464477539063e-08, 0, -1.1920928955078125e-07, 0.8877432346343994, -0.4065340459346771, 0.21596777439117432, 0.4572926163673401, 0.8326777219772339, -0.31229937076568604, -0.05287156626582146, 0.37600257992744446, 0.9251092672348022),
            ["UpperTorso"] = CFrame.new(-2.9802322387695312e-08, 1.4901161193847656e-07, -5.4016709327697754e-08, 0.9943275451660156, 0.10547342151403427, -0.013716800138354301, -0.10333332419395447, 0.988504946231842, 0.11036434769630432, 0.025199681520462036, -0.10832091420888901, 0.9937965869903564),
            ["HumanoidRootPart"] = CFrame.new(0, 0, 0, 1, 0, 0, 0, 1, 0, 0, 0, 1),
            ["RightUpperLeg"] = CFrame.new(-0.000025510787963867188, -0.0001254900125786662, -0.004997486714273691, 0.9934023022651672, -0.05473409220576286, -0.1007775068283081, -0.01724941097199917, 0.7974472045898438, -0.603142261505127, 0.11337721347808838, 0.600901186466217, 0.7912416458129883),
            ["LeftUpperArm"] = CFrame.new(0, -0.06523787975311279, -1.043081283569336e-07, 0.7504711747169495, 0.2121627926826477, -0.6259229183197021, -0.3920159637928009, 0.9053789973258972, -0.16313345730304718, 0.532086968421936, 0.3677985668182373, 0.7626322507858276),
            ["RightLowerArm"] = CFrame.new(1.1920928955078125e-07, -5.960464477539063e-08, -3.166496753692627e-08, 1, 4.023314090773056e-07, -1.6577541828155518e-07, 3.427268211453338e-07, -0.6747286915779114, -0.7380658984184265, -4.4703500634568627e-07, 0.738065779209137, -0.6747287511825562),
            ["LeftHand"] = CFrame.new(2.980232238769531e-07, -3.5762786865234375e-07, 5.960464477539063e-08, 0.810472846031189, -0.40714603662490845, -0.4211481511592865, 0.43777233362197876, 0.8986995816230774, -0.02635500393807888, 0.3892160654067993, -0.16300702095031738, 0.9066088795661926),
            ["LeftFoot"] = CFrame.new(-1.4901161193847656e-08, 0, 2.4586915969848633e-07, 0.9434689283370972, -0.20004482567310333, -0.26428869366645813, 0.1283084899187088, 0.9555988907814026, -0.2652689814567566, 0.30561962723731995, 0.21636243164539337, 0.9272453188896179),
            ["LowerTorso"] = CFrame.new(-0.1100974828004837, -0.2132948637008667, 0.1621699333190918, 0.22641077637672424, 0.20008087158203125, -0.953260600566864, 0.03180845454335213, 0.97663414478302, 0.2125416398048401, 0.9735124707221985, -0.0784434899687767, 0.21475620567798615),
            ["RightLowerLeg"] = CFrame.new(2.2351741790771484e-08, 0, 1.6596459317952394e-08, 1, -0.00002311541720700916, 0.00004525668919086456, -0.000022715888917446136, 0.5932917594909668, 0.8049874305725098, -0.00004544854164123535, -0.8049874901771545, 0.5932919383049011),
            ["LeftUpperLeg"] = CFrame.new(0.000025480985641479492, 0.00012568384408950806, 0.004997462034225464, 0.9725579023361206, 0.22019484639167786, -0.07513628900051117, -0.2208675742149353, 0.9753036499023438, -0.0006612455472350121, 0.07313511520624161, 0.01723826862871647, 0.9971730709075928),
            ["LeftLowerLeg"] = CFrame.new(-3.725290298461914e-08, -5.960464477539063e-08, -7.450580596923828e-09, 1, -0.0000018142161479772767, 0.000002142041694241925, -0.000001991167664527893, 0.0726507380604744, 0.9973574280738831, -0.0000019781291484832764, -0.9973574280738831, 0.07265075296163559),
        }},
        {Time = 0.133, Data = {
            ["RightFoot"] = CFrame.new(-5.820766091346741e-08, 1.7881393432617188e-07, 7.992639439180493e-08, 0.9933503866195679, 0.10258252918720245, 0.05226870998740196, -0.06134366989135742, 0.8557674288749695, -0.5137107372283936, -0.09742756187915802, 0.5070886015892029, 0.8563699126243591),
            ["LeftLowerArm"] = CFrame.new(-4.172325134277344e-07, -8.344650268554688e-07, -2.086162567138672e-07, 1, -9.173528781047935e-08, 1.8253926725719793e-07, 2.0489103746967885e-07, 0.8716940879821777, -0.4900505542755127, -1.080334541825323e-07, 0.4900505244731903, 0.8716940879821777),
            ["RightUpperArm"] = CFrame.new(-5.960464477539063e-08, -0.06523787975311279, 7.450580596923828e-08, 0.7564353346824646, -0.17100463807582855, -0.6313185095787048, 0.3524254858493805, 0.9196807146072388, 0.17315739393234253, 0.551000714302063, -0.3534753918647766, 0.7559454441070557),
            ["Head"] = CFrame.new(-1.3969838619232178e-08, 1.1920928955078125e-07, 1.043081283569336e-07, 0.4931025803089142, -0.02979780174791813, 0.8694607019424438, 0.31531187891960144, 0.9375819563865662, -0.14669226109981537, -0.8108195662498474, 0.3464854955673218, 0.47171974182128906),
            ["RightHand"] = CFrame.new(1.341104507446289e-07, 5.960464477539063e-08, -2.384185791015625e-07, 0.8710779547691345, -0.45247918367385864, 0.19101306796073914, 0.49109354615211487, 0.8080395460128784, -0.3254208266735077, -0.007100298069417477, 0.37727275490760803, 0.9260752201080322),
            ["UpperTorso"] = CFrame.new(-1.5366822481155396e-08, 5.960464477539063e-08, -7.82310962677002e-08, 0.9927087426185608, 0.1192680150270462, -0.01744970679283142, -0.11673727631568909, 0.9873470664024353, 0.10732349008321762, 0.030029211193323135, -0.10450391471385956, 0.9940710067749023),
            ["HumanoidRootPart"] = CFrame.new(0, 0, 0, 1, 0, 0, 0, 1, 0, 0, 0, 1),
            ["RightUpperLeg"] = CFrame.new(-0.000025540590286254883, -0.00012560223694890738, -0.004997489042580128, 0.9917764663696289, -0.05534464493393898, -0.11539722979068756, -0.03352583944797516, 0.7578287720680237, -0.6515917181968689, 0.12351347506046295, 0.6501019597053528, 0.7497411370277405),
            ["LeftUpperArm"] = CFrame.new(5.960464477539063e-08, -0.0652381181716919, 4.470348358154297e-08, 0.7183570265769958, 0.2328118532896042, -0.6555621027946472, -0.3769696354866028, 0.9222662448883057, -0.08555161207914352, 0.5846854448318481, 0.30858340859413147, 0.750279426574707),
            ["RightLowerArm"] = CFrame.new(-2.980232238769531e-07, 2.384185791015625e-07, -5.8673322200775146e-08, 1, 4.02331437499015e-07, 3.5390257835388184e-08, 5.513431347026199e-07, -0.7217950224876404, -0.692107081413269, -2.682209867543861e-07, 0.6921070218086243, -0.721794843673706),
            ["LeftHand"] = CFrame.new(-1.4901161193847656e-07, -1.7881393432617188e-07, 0, 0.8135239481925964, -0.4032911956310272, -0.41896945238113403, 0.43573951721191406, 0.8998486399650574, -0.02008841373026371, 0.38511019945144653, -0.16621915996074677, 0.9077781438827515),
            ["LeftFoot"] = CFrame.new(7.450580596923828e-09, 1.1920928955078125e-07, 5.21540641784668e-08, 0.9307410717010498, -0.20884785056114197, -0.3001728951931, 0.11552079021930695, 0.9467542767524719, -0.30051854252815247, 0.3469523787498474, 0.2450285702943802, 0.90530925989151),
            ["LowerTorso"] = CFrame.new(-0.1100974828004837, -0.2756437063217163, 0.1672331988811493, 0.1993902325630188, 0.2259199470281601, -0.9535217881202698, 0.04172560200095177, 0.9702208042144775, 0.2386016547679901, 0.9790314435958862, -0.08736112713813782, 0.18402588367462158),
            ["RightLowerLeg"] = CFrame.new(-8.754432201385498e-08, 1.7881393432617188e-07, -1.1006341082975268e-07, 1, -0.000025060018742806278, 0.0000442061573266983, -0.000024607812520116568, 0.5222243666648865, 0.8528080582618713, -0.00004447624087333679, -0.8528081774711609, 0.5222246050834656),
            ["LeftUpperLeg"] = CFrame.new(0.000025540590286254883, 0.00012569501996040344, 0.004997439682483673, 0.9732812643051147, 0.21911513805389404, -0.06864503026008606, -0.21800650656223297, 0.9756683111190796, 0.023337706923484802, 0.07208843529224396, -0.007749113254249096, 0.9973682165145874),
            ["LeftLowerLeg"] = CFrame.new(-2.60770320892334e-08, 1.1920928955078125e-07, -3.725290298461914e-09, 1, -0.0000019147989860357484, 0.000002032145857810974, -0.000002073124051094055, -0.021632665768265724, 0.9997660517692566, -0.0000018812716007232666, -0.9997659921646118, -0.02163269743323326),
        }},
        {Time = 0.167, Data = {
            ["RightFoot"] = CFrame.new(-5.587935447692871e-08, 1.7881393432617188e-07, 3.894820110872388e-08, 0.9902607202529907, 0.12013863772153854, 0.07035943865776062, -0.06183677911758423, 0.8323075175285339, -0.5508540272712708, -0.1247396171092987, 0.5411385893821716, 0.831630527973175),
            ["LeftLowerArm"] = CFrame.new(-3.2782554626464844e-07, -1.1920928955078125e-07, 0, 1, -1.2922103564960707e-07, 1.545996042295883e-07, 2.2351753159455257e-07, 0.8840415477752686, -0.4674086570739746, -1.378358120973644e-07, 0.46740853786468506, 0.8840413689613342),
            ["RightUpperArm"] = CFrame.new(-5.960464477539063e-08, -0.06523787975311279, -1.1920928955078125e-07, 0.7491125464439392, -0.1642334908246994, -0.6417614817619324, 0.3594379723072052, 0.9145413041114807, 0.1855224072933197, 0.5564482808113098, -0.3696507215499878, 0.7441261410713196),
            ["Head"] = CFrame.new(-2.468004822731018e-08, 1.1920928955078125e-07, 1.862645149230957e-09, 0.4839435815811157, -0.030642367899417877, 0.8745625019073486, 0.33155348896980286, 0.9313005805015564, -0.15083639323711395, -0.8098585605621338, 0.36296042799949646, 0.4608566164970398),
            ["RightHand"] = CFrame.new(1.4901161193847656e-07, 1.1920928955078125e-07, 5.960464477539063e-08, 0.8592277765274048, -0.4803881049156189, 0.1759408414363861, 0.5111721754074097, 0.7922009229660034, -0.3333471119403839, 0.020755352452397346, 0.37635740637779236, 0.9262421727180481),
            ["UpperTorso"] = CFrame.new(-1.4202669262886047e-08, -8.940696716308594e-08, -4.284083843231201e-08, 0.9917089343070984, 0.12738871574401855, -0.016898348927497864, -0.12500469386577606, 0.9868030548095703, 0.10292532294988632, 0.029786881059408188, -0.09995954483747482, 0.994545578956604),
            ["HumanoidRootPart"] = CFrame.new(0, 0, 0, 1, 0, 0, 0, 1, 0, 0, 0, 1),
            ["RightUpperLeg"] = CFrame.new(-0.000025510787963867188, -0.00012574205175042152, -0.004997512325644493, 0.9900687336921692, -0.06205037981271744, -0.12614934146404266, -0.045158881694078445, 0.7093953490257263, -0.7033627033233643, 0.133133664727211, 0.7020741701126099, 0.6995479464530945),
            ["LeftUpperArm"] = CFrame.new(0, -0.0652381181716919, -7.450580596923828e-08, 0.6856427192687988, 0.2552703022956848, -0.6817119717597961, -0.3542316257953644, 0.935137927532196, -0.006107331719249487, 0.6359357237815857, 0.24567115306854248, 0.7315950989723206),
            ["RightLowerArm"] = CFrame.new(0, -1.7881393432617188e-07, 1.9371509552001953e-07, 1, -1.4901162970204496e-08, 1.303851249190302e-08, 2.533197687171196e-07, -0.7495179176330566, -0.6619842052459717, 1.4901162614933128e-07, 0.6619841456413269, -0.7495177388191223),
            ["LeftHand"] = CFrame.new(8.940696716308594e-08, -5.960464477539063e-08, 1.0058283805847168e-07, 0.8076038956642151, -0.402398943901062, -0.431104451417923, 0.4365953207015991, 0.899398148059845, -0.021620552986860275, 0.39643457531929016, -0.17075733840465546, 0.9020430445671082),
            ["LeftFoot"] = CFrame.new(-7.078051567077637e-08, 5.960464477539063e-08, 8.940696716308594e-08, 0.9112416505813599, -0.22259534895420074, -0.3465404808521271, 0.10520490258932114, 0.9392613172531128, -0.3266804814338684, 0.39820945262908936, 0.26122698187828064, 0.8793119192123413),
            ["LowerTorso"] = CFrame.new(-0.1100974828004837, -0.3235950469970703, 0.17115998268127441, 0.18089409172534943, 0.24371030926704407, -0.9528288245201111, 0.04895755276083946, 0.9653792381286621, 0.25621497631073, 0.982283353805542, -0.09299600124359131, 0.16269993782043457),
            ["RightLowerLeg"] = CFrame.new(-1.30385160446167e-08, 0, -9.143695933744311e-08, 1, -0.000027293330276734196, 0.000042863186536123976, -0.00002676434814929962, 0.43417873978614807, 0.900826632976532, -0.000043196603655815125, -0.9008268117904663, 0.43417882919311523),
            ["LeftUpperLeg"] = CFrame.new(0.000025510787963867188, 0.0001255478709936142, 0.00499744713306427, 0.9714069962501526, 0.22701366245746613, -0.06952302157878876, -0.22425980865955353, 0.9734786748886108, 0.04524277523159981, 0.0779498890042305, -0.028357859700918198, 0.9965539574623108),
            ["LeftLowerLeg"] = CFrame.new(1.30385160446167e-08, -1.1920928955078125e-07, -1.4901161193847656e-08, 1, -0.000002004205725825159, 0.000001953914306795923, -0.00000216159946830885, -0.11959144473075867, 0.9928232431411743, -0.000001758336793500348, -0.9928231835365295, -0.11959143728017807),
        }},
        {Time = 0.200, Data = {
            ["RightFoot"] = CFrame.new(-2.491287887096405e-08, 2.384185791015625e-07, -3.3374817576259375e-08, 0.9887253642082214, 0.12778998911380768, 0.07805056124925613, -0.06002156063914299, 0.8157550692558289, -0.5752744674682617, -0.13718454539775848, 0.5641039609909058, 0.8142281770706177),
            ["LeftLowerArm"] = CFrame.new(-4.470348358154297e-07, 1.1920928955078125e-07, 1.1920928955078125e-07, 1, 7.706696436571292e-08, 1.769513247040777e-08, 0, 0.8876934051513672, -0.46043530106544495, -6.705524668859653e-08, 0.4604352116584778, 0.8876934051513672),
            ["RightUpperArm"] = CFrame.new(0, -0.06523787975311279, 0, 0.7466672658920288, -0.16188690066337585, -0.6451982259750366, 0.36174389719963074, 0.9127930998802185, 0.18960528075695038, 0.5582377910614014, -0.37496867775917053, 0.7401142716407776),
            ["Head"] = CFrame.new(2.0023435354232788e-08, 0, -4.0978193283081055e-08, 0.4809315502643585, -0.030846962705254555, 0.8762153387069702, 0.33681032061576843, 0.9291976094245911, -0.15215404331684113, -0.8094835877418518, 0.36829397082328796, 0.457270085811615),
            ["RightHand"] = CFrame.new(-7.450580596923828e-08, 0, -6.705522537231445e-08, 0.855113685131073, -0.49006760120391846, 0.1691577285528183, 0.5174777507781982, 0.7869377732276917, -0.33607378602027893, 0.03158196061849594, 0.37491700053215027, 0.9265204071998596),
            ["UpperTorso"] = CFrame.new(5.238689482212067e-09, -2.9802322387695312e-08, 2.2351741790771484e-08, 0.9913869500160217, 0.1300433874130249, -0.015512757003307343, -0.12785854935646057, 0.9867021441459656, 0.10035494714975357, 0.028356999158859253, -0.09750709682703018, 0.994830846786499),
            ["HumanoidRootPart"] = CFrame.new(0, 0, 0, 1, 0, 0, 0, 1, 0, 0, 0, 1),
            ["RightUpperLeg"] = CFrame.new(-0.000025451183319091797, -0.0001258193515241146, -0.004997462034225464, 0.9891003966331482, -0.0672861784696579, -0.1309693455696106, -0.05059587210416794, 0.6800019145011902, -0.7314625978469849, 0.13827672600746155, 0.7301164269447327, 0.6691858172416687),
            ["LeftUpperArm"] = CFrame.new(0, -0.06523776054382324, 6.705522537231445e-08, 0.6575337052345276, 0.2760838270187378, -0.7010185718536377, -0.32860806584358215, 0.9423689246177673, 0.06291098892688751, 0.6779868006706238, 0.18899409472942352, 0.7103626132011414),
            ["RightLowerArm"] = CFrame.new(0, 1.7881393432617188e-07, 1.7136335372924805e-07, 1, 8.940696716308594e-08, 1.471489667892456e-07, 1.7881397695873602e-07, -0.7635704874992371, -0.6457245349884033, 5.960465898624534e-08, 0.6457244753837585, -0.7635704278945923),
            ["LeftHand"] = CFrame.new(1.1920928955078125e-07, 2.980232238769531e-07, 8.940696716308594e-08, 0.7944430708885193, -0.40400993824005127, -0.4534716010093689, 0.44117388129234314, 0.8970363736152649, -0.02629483863711357, 0.4174036681652069, -0.17916999757289886, 0.8908827304840088),
            ["LeftFoot"] = CFrame.new(-3.725290298461914e-08, 0, 1.4901161193847656e-07, 0.8826499581336975, -0.23461216688156128, -0.4072914719581604, 0.09888274222612381, 0.9398127198219299, -0.32706937193870544, 0.45951196551322937, 0.2484133541584015, 0.8527246713638306),
            ["LowerTorso"] = CFrame.new(-0.1100974828004837, -0.35605740547180176, 0.17394784092903137, 0.1737791746854782, 0.2505762279033661, -0.9523720145225525, 0.051835693418979645, 0.9634185433387756, 0.26294106245040894, 0.9834194779396057, -0.0950605571269989, 0.1544332653284073),
            ["RightLowerLeg"] = CFrame.new(-3.5390257835388184e-08, -5.960464477539063e-08, -6.908521754667163e-08, 1, -0.000028714526706608012, 0.00004192886990495026, -0.0000281352513411548, 0.3743312954902649, 0.9272949695587158, -0.00004231929415254854, -0.9272950887680054, 0.3743314743041992),
            ["LeftUpperLeg"] = CFrame.new(0.000025540590286254883, 0.00012565217912197113, 0.004997558891773224, 0.9651510119438171, 0.24938949942588806, -0.07930047810077667, -0.2451699823141098, 0.9676668643951416, 0.05926722288131714, 0.09151706844568253, -0.03775973245501518, 0.9950873851776123),
            ["LeftLowerLeg"] = CFrame.new(2.60770320892334e-08, 0, -6.146728992462158e-08, 1, -0.0000020712614059448242, 0.0000018607827314554015, -0.000002252403646707535, -0.21275140345096588, 0.9771064519882202, -0.000001644715666770935, -0.9771063923835754, -0.21275147795677185),
        }},
        {Time = 0.233, Data = {
            ["RightFoot"] = CFrame.new(-1.1245720088481903e-07, 2.384185791015625e-07, -3.5077391657978296e-08, 0.9889248609542847, 0.1266724318265915, 0.077342189848423, -0.05694511532783508, 0.8050706386566162, -0.5904390215873718, -0.13705840706825256, 0.5794958472251892, 0.8033679127693176),
            ["LeftLowerArm"] = CFrame.new(-4.172325134277344e-07, -4.172325134277344e-07, -5.960464477539063e-08, 1, -3.725291186640334e-09, -2.7567156735130993e-07, -1.1175876579727628e-07, 0.8822695016860962, -0.47074487805366516, 2.1979222708523594e-07, 0.4707448482513428, 0.8822694420814514),
            ["RightUpperArm"] = CFrame.new(0, -0.06523799896240234, -1.043081283569336e-07, 0.7575380802154541, -0.16707390546798706, -0.6310487389564514, 0.36045968532562256, 0.9130133390426636, 0.19098560512065887, 0.5442470908164978, -0.37214651703834534, 0.7518657445907593),
            ["Head"] = CFrame.new(3.026798367500305e-08, 0, -1.1734664440155029e-07, 0.48820072412490845, -0.03251440078020096, 0.872125506401062, 0.33259710669517517, 0.9308240413665771, -0.15147925913333893, -0.8068699836730957, 0.36401864886283875, 0.46524322032928467),
            ["RightHand"] = CFrame.new(-7.450580596923828e-08, 0, -3.203749656677246e-07, 0.8648220896720886, -0.4728010892868042, 0.16894444823265076, 0.5016136169433594, 0.7991600036621094, -0.33125001192092896, 0.021601593121886253, 0.37121742963790894, 0.928294837474823),
            ["UpperTorso"] = CFrame.new(-6.170012056827545e-09, 8.940696716308594e-08, -3.073364496231079e-08, 0.991977870464325, 0.12600171566009521, -0.01018108893185854, -0.1243739128112793, 0.9872162938117981, 0.09967508167028427, 0.022610191255807877, -0.09760916978120804, 0.9949679374694824),
            ["HumanoidRootPart"] = CFrame.new(0, 0, 0, 1, 0, 0, 0, 1, 0, 0, 0, 1),
            ["RightUpperLeg"] = CFrame.new(-0.000025480985641479492, -0.0001254878006875515, -0.00499744713306427, 0.9890023469924927, -0.07134370505809784, -0.12955458462238312, -0.0491957813501358, 0.6673939824104309, -0.7430781126022339, 0.1394779235124588, 0.7412796020507812, 0.6565444469451904),
            ["LeftUpperArm"] = CFrame.new(-1.1920928955078125e-07, -0.06523799896240234, -1.1175870895385742e-07, 0.7634618282318115, 0.29302436113357544, -0.5755543112754822, -0.29585230350494385, 0.9508278369903564, 0.09163987636566162, 0.5741057395935059, 0.10031531751155853, 0.8126126527786255),
            ["RightLowerArm"] = CFrame.new(2.980232238769531e-07, 2.384185791015625e-07, 3.725290298461914e-09, 1, 7.450579886381092e-08, 3.147870017983223e-07, 3.5762795391747204e-07, -0.7544117569923401, -0.6564014554023743, 3.725291151113197e-07, 0.6564015746116638, -0.7544116973876953),
            ["LeftHand"] = CFrame.new(4.470348358154297e-08, -1.7881393432617188e-07, -5.21540641784668e-08, 0.7775305509567261, -0.40738892555236816, -0.47904154658317566, 0.4478941261768341, 0.8934824466705322, -0.03286457806825638, 0.44140374660491943, -0.18900662660598755, 0.877176821231842),
            ["LeftFoot"] = CFrame.new(-1.210719347000122e-08, 0, 1.8998980522155762e-07, 0.8437835574150085, -0.23504528403282166, -0.4824758768081665, 0.09698759019374847, 0.950975775718689, -0.2936640679836273, 0.5278472900390625, 0.20099468529224396, 0.8252142071723938),
            ["LowerTorso"] = CFrame.new(-0.1100974828004837, -0.37417685985565186, 0.1756073534488678, 0.17560572922229767, 0.24823880195617676, -0.9526490569114685, 0.04986966773867607, 0.9642009139060974, 0.2604416012763977, 0.9831966757774353, -0.09324333816766739, 0.15693959593772888),
            ["RightLowerLeg"] = CFrame.new(-8.568167686462402e-08, 1.1920928955078125e-07, -7.653579814359546e-08, 1, -0.00002954899173346348, 0.00004135253038839437, -0.000028926879167556763, 0.33828386664390564, 0.9410441517829895, -0.00004178844392299652, -0.9410440921783447, 0.33828410506248474),
            ["LeftUpperLeg"] = CFrame.new(0.000025480985641479492, 0.00012571550905704498, 0.004997503012418747, 0.9530776739120483, 0.28621259331703186, -0.09861767292022705, -0.28182554244995117, 0.9578205347061157, 0.056163325905799866, 0.11053270101547241, -0.02573510818183422, 0.9935393333435059),
            ["LeftLowerLeg"] = CFrame.new(2.3748725652694702e-08, 0, -1.1175870895385742e-08, 1, -0.0000021783635020256042, 0.0000017425045371055603, -0.000002334360033273697, -0.3009306788444519, 0.9536460041999817, -0.0000015455298125743866, -0.9536460041999817, -0.3009306788444519),
        }},
        {Time = 0.267, Data = {
            ["RightFoot"] = CFrame.new(-1.5832483768463135e-08, 2.980232238769531e-07, 6.223126547411084e-08, 0.9900520443916321, 0.12045615166425705, 0.07271341234445572, -0.05344163626432419, 0.7999985218048096, -0.5976167917251587, -0.13015732169151306, 0.5877861976623535, 0.7984778881072998),
            ["LeftLowerArm"] = CFrame.new(-2.384185791015625e-07, -2.980232238769531e-07, -1.043081283569336e-07, 1, 1.7508864402770996e-07, 1.9790608973835333e-07, -4.4703497792397684e-08, 0.8634033203125, -0.5045143961906433, -2.607704061574623e-07, 0.5045143365859985, 0.8634033203125),
            ["RightUpperArm"] = CFrame.new(1.1920928955078125e-07, -0.06523776054382324, 1.043081283569336e-07, 0.7884564399719238, -0.18226416409015656, -0.5874659419059753, 0.356423020362854, 0.9137787818908691, 0.19486193358898163, 0.5012975335121155, -0.36302655935287476, 0.7854378819465637),
            ["Head"] = CFrame.new(1.862645149230957e-09, 1.1920928955078125e-07, 5.587935447692871e-09, 0.5099676847457886, -0.03706970438361168, 0.859394371509552, 0.3197253942489624, 0.9356631636619568, -0.14936649799346924, -0.7985667586326599, 0.3509421646595001, 0.48901012539863586),
            ["RightHand"] = CFrame.new(-8.940696716308594e-08, -5.960464477539063e-08, -2.0116567611694336e-07, 0.8890441656112671, -0.4255005717277527, 0.16896718740463257, 0.4577901065349579, 0.830536961555481, -0.3172324597835541, -0.005350835155695677, 0.3593851625919342, 0.9331740140914917),
            ["UpperTorso"] = CFrame.new(7.916241884231567e-09, 5.960464477539063e-08, -3.073364496231079e-08, 0.9934849739074707, 0.11380942165851593, 0.005930229555815458, -0.11384212970733643, 0.9886754155158997, 0.09778062999248505, 0.0052652801387012005, -0.09781865775585175, 0.9951903820037842),
            ["HumanoidRootPart"] = CFrame.new(0, 0, 0, 1, 0, 0, 0, 1, 0, 0, 0, 1),
            ["RightUpperLeg"] = CFrame.new(-0.000025510787963867188, -0.00012571504339575768, -0.004997527226805687, 0.9895198941230774, -0.07484976947307587, -0.12348224222660065, -0.042458128184080124, 0.6665357947349548, -0.7442629933357239, 0.13801327347755432, 0.7417058944702148, 0.6563724875450134),
            ["LeftUpperArm"] = CFrame.new(-1.1920928955078125e-07, -0.06523776054382324, 1.043081283569336e-07, 0.881219744682312, 0.287039190530777, -0.3755800127983093, -0.25157392024993896, 0.957443356513977, 0.14146654307842255, 0.4002031683921814, -0.03017711639404297, 0.9159296154975891),
            ["RightLowerArm"] = CFrame.new(-8.940696716308594e-08, -1.7881393432617188e-07, 5.029141902923584e-08, 1, 1.1175870895385742e-07, -3.185122920967842e-07, -1.0430814256778831e-07, -0.7349216341972351, -0.6781520843505859, -1.3411046495548362e-07, 0.6781521439552307, -0.7349216938018799),
            ["LeftHand"] = CFrame.new(5.21540641784668e-08, -5.960464477539063e-08, 7.450580596923828e-09, 0.7607597708702087, -0.41241422295570374, -0.5011579990386963, 0.45557737350463867, 0.8892860412597656, -0.04024519771337509, 0.46227025985717773, -0.19769923388957977, 0.8644195199012756),
            ["LeftFoot"] = CFrame.new(2.2351741790771484e-08, 5.960464477539063e-08, 0, 0.8008521199226379, -0.21032452583312988, -0.5607132315635681, 0.10515137016773224, 0.9711378216743469, -0.21409061551094055, 0.5895583629608154, 0.11249491572380066, 0.7998536825180054),
            ["LowerTorso"] = CFrame.new(-0.1100974828004837, -0.37979650497436523, 0.17615599930286407, 0.18112978339195251, 0.2412082403898239, -0.9534204602241516, 0.04397692158818245, 0.9664998054504395, 0.25287190079689026, 0.9824754595756531, -0.08773113042116165, 0.16445431113243103),
