return {
    ["Dance Monkey"] = {
        {Time = 0.000, Data = {
            ["RightFoot"] = CFrame.new(3.166496753692627e-08, 2.980232238769531e-07, 1.6952981241047382e-09, 0.9950862526893616, 0.09776589274406433, -0.015646986663341522, -0.09598033130168915, 0.9136931300163269, -0.39490917325019836, -0.024312706664204597, 0.3944701552391052, 0.9185869097709656),
            ["LeftLowerArm"] = CFrame.new(-1.1920928955078125e-07, 2.384185791015625e-07, 0, 1, 3.3900130347319646e-07, -3.799792125391832e-07, 5.736948196499725e-07, 0.18511177599430084, -0.982717752456665, 5.140901748745819e-07, 0.9827175140380859, 0.1851104199886322),
            ["RightUpperArm"] = CFrame.new(0, -0.06523799896240234, -1.1920928955078125e-07, 0.025854790583252907, -0.6443511247634888, 0.7642925381660461, -0.3910284638404846, 0.6971126794815063, 0.6009417772293091, -0.9200153946876526, -0.3143971860408783, -0.23393583297729492),
            ["Head"] = CFrame.new(2.7939677238464355e-09, -1.1920928955078125e-07, -2.898741513490677e-08, 0.995175838470459, 0.09720171242952347, 0.013304054737091064, -0.08547043800354004, 0.792400062084198, 0.6039846539497375, 0.0481661781668663, -0.602207601070404, 0.7968849539756775),
            ["LowerTorso"] = CFrame.new(-0.019649939611554146, -0.13843083381652832, 0.11791322380304337, 0.9956895709037781, 0.020285947248339653, -0.09050306677818298, -0.02166452445089817, 0.9996635317802429, -0.014265742152929306, 0.09018323570489883, 0.016164887696504593, 0.9957940578460693),
            ["UpperTorso"] = CFrame.new(4.6566128730773926e-09, 0, -1.6880221664905548e-08, 0.9992983341217041, -0.017952024936676025, 0.032872457057237625, 0.010232128202915192, 0.9751075506210327, 0.22149646282196045, -0.036030497401952744, -0.2210046648979187, 0.9746070504188538),
            ["HumanoidRootPart"] = CFrame.new(0, 0, 0, 1, 0, 0, 0, 1, 0, 0, 0, 1),
            ["RightUpperLeg"] = CFrame.new(-0.000025480985641479492, -0.0001256866380572319, -0.004997493699193001, 0.8906389474868774, -0.2568422555923462, -0.3752257525920868, 0.11100202053785324, 0.9230372309684753, -0.36835041642189026, 0.44095462560653687, 0.28641676902770996, 0.8506019115447998),
            ["LeftUpperArm"] = CFrame.new(0, -0.06523776054382324, -6.705522537231445e-08, 0.8926960229873657, -0.36063557863235474, -0.270251989364624, -0.03386325016617775, 0.5443068742752075, -0.838202714920044, 0.4493851959705353, 0.7574114203453064, 0.47368791699409485),
            ["RightLowerArm"] = CFrame.new(-1.1920928955078125e-07, 0, 3.241002559661865e-07, 1, -1.2479736710702127e-07, 3.576272717964457e-07, -4.023311532819207e-07, 0.39158448576927185, -0.9201446771621704, 5.2154039309471045e-08, 0.9201421737670898, 0.3915784955024719),
            ["LeftHand"] = CFrame.new(8.940696716308594e-08, 1.1920928955078125e-07, -2.682209014892578e-07, 0.4845411479473114, -0.7076187133789062, 0.5142917037010193, 0.7779761552810669, 0.6173967123031616, 0.11651049554347992, -0.39996618032455444, 0.34365251660346985, 0.8496642112731934),
            ["LeftFoot"] = CFrame.new(-6.565824151039124e-08, -1.1920928955078125e-07, -2.7939677238464355e-09, 0.9922922849655151, 0.10808424651622772, -0.060609929263591766, -0.1206374391913414, 0.95440673828125, -0.2730472981929779, 0.028334125876426697, 0.2782544791698456, 0.9600894451141357),
            ["RightHand"] = CFrame.new(1.1920928955078125e-07, -2.384185791015625e-07, 2.9802322387695312e-08, 0.9255329370498657, 0.05964116007089615, 0.373941570520401, 0.006714357994496822, 0.9847776889801025, -0.17368479073047638, -0.37860769033432007, 0.16326645016670227, 0.9110441207885742),
            ["RightLowerLeg"] = CFrame.new(-5.587935447692871e-08, -1.1920928955078125e-07, -2.438173396512866e-08, 1, -8.195642919872625e-08, -5.5879308291650887e-08, 1.2665984172599565e-07, 0.5883303880691528, 0.8086212277412415, -7.450579175838357e-08, -0.8086206912994385, 0.5883296728134155),
            ["LeftUpperLeg"] = CFrame.new(0.000025510787963867188, 0.00012563669588416815, 0.004997488111257553, 0.9844440817832947, -0.16721783578395844, -0.053921762853860855, 0.12747971713542938, 0.8909955620765686, -0.4357485771179199, 0.12090866267681122, 0.4220961928367615, 0.8984518051147461),
            ["LeftLowerLeg"] = CFrame.new(-4.0978193283081055e-08, -1.7881393432617188e-07, 2.60770320892334e-08, 1, 6.705523958316917e-08, 2.7939670133036998e-08, -3.725290298461914e-08, 0.7410567402839661, 0.6714426279067993, 3.725290298461914e-08, -0.6714425086975098, 0.741056501865387),
        }},
        {Time = 0.033, Data = {
            ["RightFoot"] = CFrame.new(7.450580596923828e-09, 1.1920928955078125e-07, -2.8107024263590574e-08, 0.9967641830444336, 0.07711957395076752, -0.022659361362457275, -0.07892721146345139, 0.8856735825538635, -0.45755136013031006, -0.015218241140246391, 0.45785897970199585, 0.8888945579528809),
            ["LeftLowerArm"] = CFrame.new(-5.960464477539063e-08, -1.1920928955078125e-07, 1.7881393432617188e-07, 1, 4.7311175421782536e-07, -2.980229396598588e-07, 6.33299521268782e-07, 0.17693592607975006, -0.9842227697372437, 6.072224891795486e-07, 0.9842223525047302, 0.17693404853343964),
            ["RightUpperArm"] = CFrame.new(2.384185791015625e-07, -0.06523764133453369, -9.685754776000977e-08, 0.03651159256696701, -0.6448145508766174, 0.7634662985801697, -0.39053115248680115, 0.6940174698829651, 0.6048355102539062, -0.9198653697967529, -0.32024070620536804, -0.2264803946018219),
            ["Head"] = CFrame.new(-4.6566128730773926e-09, 0, -8.498318493366241e-08, 0.9960617423057556, 0.08825754374265671, 0.00846976600587368, -0.0748426616191864, 0.7857384085655212, 0.6140146851539612, 0.04753637686371803, -0.6122302412986755, 0.7892491817474365),
            ["LowerTorso"] = CFrame.new(-0.011613872833549976, -0.1596834659576416, 0.12345202267169952, 0.9949813485145569, -0.00037848224746994674, -0.10005994886159897, -0.0014941778499633074, 0.9998253583908081, -0.018630607053637505, 0.10004952549934387, 0.01868654042482376, 0.9948070049285889),
            ["UpperTorso"] = CFrame.new(6.984919309616089e-10, -2.980232238769531e-07, 1.0128132998943329e-08, 0.9992918968200684, 0.012522897683084011, 0.035483039915561676, -0.020014386624097824, 0.9754230380058289, 0.21942946314811707, -0.031863078474998474, -0.2199842482805252, 0.9749829769134521),
            ["HumanoidRootPart"] = CFrame.new(0, 0, 0, 1, 0, 0, 0, 1, 0, 0, 0, 1),
            ["RightUpperLeg"] = CFrame.new(-0.000025540590286254883, -0.0001255880924873054, -0.004997460171580315, 0.8967565894126892, -0.2078966349363327, -0.39064863324165344, 0.08387633413076401, 0.9466231465339661, -0.31123995780944824, 0.4345025420188904, 0.2463405579328537, 0.8663275241851807),
            ["LeftUpperArm"] = CFrame.new(0, -0.06523764133453369, -8.195638656616211e-08, 0.8924933075904846, -0.36631494760513306, -0.2631908059120178, -0.019212301820516586, 0.5520910620689392, -0.8335626721382141, 0.4506513476371765, 0.7490051984786987, 0.4856993556022644),
            ["RightLowerArm"] = CFrame.new(-4.172325134277344e-07, 2.980232238769531e-07, -3.0547380447387695e-07, 1, -3.427270769407187e-07, 4.917376372759463e-07, -3.650783924058487e-07, 0.38416212797164917, -0.9232680201530457, -8.195637946073475e-08, 0.9232657551765442, 0.3841567039489746),
            ["LeftHand"] = CFrame.new(-2.9802322387695312e-08, 1.1920928955078125e-07, 2.980232238769531e-07, 0.4874439835548401, -0.7067223787307739, 0.5127790570259094, 0.7739928364753723, 0.6215492486953735, 0.1208806186914444, -0.4041454493999481, 0.3379645049571991, 0.8499680161476135),
            ["LeftFoot"] = CFrame.new(1.8742866814136505e-08, 2.384185791015625e-07, -8.381903171539307e-09, 0.9929401874542236, 0.10465187579393387, -0.05583490431308746, -0.1169854924082756, 0.9418045878410339, -0.31514972448349, 0.019604288041591644, 0.3194562494754791, 0.9473980665206909),
            ["RightHand"] = CFrame.new(1.1175870895385742e-07, -2.980232238769531e-07, -2.2351741790771484e-08, 0.9179532527923584, 0.06803957372903824, 0.39081063866615295, -0.002138987183570862, 0.9860149025917053, -0.16663914918899536, -0.3966829776763916, 0.1521359086036682, 0.9052615165710449),
            ["RightLowerLeg"] = CFrame.new(-5.587935447692871e-09, 3.5762786865234375e-07, -5.2321411203593016e-08, 1, -1.043081780949251e-07, -8.19563368281706e-08, 9.685756197086448e-08, 0.6406411528587341, 0.7678409218788147, -2.6077035641947077e-08, -0.7678404450416565, 0.6406404972076416),
            ["LeftUpperLeg"] = CFrame.new(0.000025659799575805664, 0.00012557493755593896, 0.004997488111257553, 0.9877280592918396, -0.14709420502185822, -0.05249793827533722, 0.1045423150062561, 0.8723948001861572, -0.47749218344688416, 0.116035096347332, 0.46614450216293335, 0.8770662546157837),
            ["LeftLowerLeg"] = CFrame.new(-9.685754776000977e-08, -1.7881393432617188e-07, 3.725290298461914e-08, 1, 1.117587622445626e-08, 1.8626447051417472e-09, -6.705522537231445e-08, 0.6732204556465149, 0.7394423484802246, 5.587935447692871e-08, -0.7394419312477112, 0.6732198596000671),
        }},
        {Time = 0.067, Data = {
            ["RightFoot"] = CFrame.new(-1.862645149230957e-09, 4.172325134277344e-07, -1.3205863069742918e-08, 0.9977610111236572, 0.06158877909183502, -0.02606852538883686, -0.06641831248998642, 0.8667733669281006, -0.494259774684906, -0.007846100255846977, 0.49488455057144165, 0.8689233064651489),
            ["LeftLowerArm"] = CFrame.new(-5.960464477539063e-08, 3.5762786865234375e-07, -8.940696716308594e-08, 1, 2.9057258643661044e-07, -1.3038501833761984e-07, 4.6938663444962003e-07, 0.16680829226970673, -0.9859893321990967, 4.2468315086807706e-07, 0.9859893321990967, 0.1668081283569336),
            ["RightUpperArm"] = CFrame.new(-1.7881393432617188e-07, -0.06523787975311279, 6.332993507385254e-08, 0.052657052874565125, -0.643080472946167, 0.7639860510826111, -0.3878624439239502, 0.6918131709098816, 0.609062671661377, -0.9202119708061218, -0.32839319109916687, -0.2129978984594345),
            ["Head"] = CFrame.new(-1.7695128917694092e-08, 2.384185791015625e-07, 5.122274160385132e-08, 0.9967431426048279, 0.08052763342857361, 0.004291484598070383, -0.06590168178081512, 0.7827269434928894, 0.618866503238678, 0.046476852148771286, -0.617133617401123, 0.7854845523834229),
            ["LowerTorso"] = CFrame.new(-0.001919603906571865, -0.1774308681488037, 0.13171885907649994, 0.9936121106147766, -0.02330358885228634, -0.11041736602783203, 0.020711271092295647, 0.9994838237762451, -0.024558333680033684, 0.11093264818191528, 0.022114498540759087, 0.9935818910598755),
            ["UpperTorso"] = CFrame.new(-1.1175870895385742e-08, -1.7881393432617188e-07, -4.656612873077393e-10, 0.9983097314834595, 0.043510161340236664, 0.03853263705968857, -0.051130857318639755, 0.9726946353912354, 0.22638675570487976, -0.027630405500531197, -0.22797396779060364, 0.9732750654220581),
            ["HumanoidRootPart"] = CFrame.new(0, 0, 0, 1, 0, 0, 0, 1, 0, 0, 0, 1),
            ["RightUpperLeg"] = CFrame.new(-0.000025480985641479492, -0.00012558093294501305, -0.00499751977622509, 0.9032351970672607, -0.17210260033607483, -0.39312461018562317, 0.05580420047044754, 0.9553859829902649, -0.29004210233688354, 0.4255022406578064, 0.24003836512565613, 0.8725415468215942),
            ["LeftUpperArm"] = CFrame.new(0, -0.06523787975311279, 2.2351741790771484e-08, 0.8918505311012268, -0.37154874205589294, -0.25798144936561584, -0.008244181983172894, 0.5568919777870178, -0.8305438160896301, 0.45225510001182556, 0.7428478002548218, 0.493601530790329),
            ["RightLowerArm"] = CFrame.new(1.7881393432617188e-07, -2.384185791015625e-07, 1.9185245037078857e-07, 1, -1.8998994733010477e-07, 4.991880473426136e-07, -3.688034837523446e-07, 0.3770797848701477, -0.9261832237243652, 2.2351726158831298e-07, 0.9261807799339294, 0.37707382440567017),
            ["LeftHand"] = CFrame.new(-1.4901161193847656e-08, 1.1920928955078125e-07, -3.2782554626464844e-07, 0.49178215861320496, -0.7051448822021484, 0.5108050107955933, 0.7685670852661133, 0.627249538898468, 0.12594695389270782, -0.4092126488685608, 0.3306489884853363, 0.8504208922386169),
            ["LeftFoot"] = CFrame.new(-1.4086253941059113e-08, 1.7881393432617188e-07, 2.0954757928848267e-08, 0.9939825534820557, 0.09917029738426208, -0.046515438705682755, -0.10919219255447388, 0.9308261275291443, -0.3487696051597595, 0.008709675632417202, 0.3517499566078186, 0.936053454875946),
            ["RightHand"] = CFrame.new(1.6391277313232422e-07, -1.1920928955078125e-07, 5.960464477539063e-08, 0.9017261266708374, 0.07446673512458801, 0.42584627866744995, -0.009183241985738277, 0.9881290197372437, -0.15334714949131012, -0.4322103261947632, 0.13437166810035706, 0.8917059898376465),
            ["RightLowerLeg"] = CFrame.new(-1.4156103134155273e-07, -5.960464477539063e-08, 3.987952368333936e-08, 1, -2.1606683731079102e-07, -7.45057526785331e-09, 9.685752644372769e-08, 0.648840606212616, 0.7609248161315918, -1.0617074508445512e-07, -0.7609244585037231, 0.648840069770813),
            ["LeftUpperLeg"] = CFrame.new(0.000025510787963867188, 0.00012546975631266832, 0.00499749556183815, 0.9902774691581726, -0.1255599558353424, -0.05987377464771271, 0.0776391252875328, 0.856020450592041, -0.5110793113708496, 0.1154240295290947, 0.5014616250991821, 0.8574456572532654),
            ["LeftLowerLeg"] = CFrame.new(2.2351741790771484e-08, 5.960464477539063e-08, -9.313225746154785e-08, 1, 6.612391700855369e-08, 4.8428763221863846e-08, -5.960464477539063e-08, 0.6117428541183472, 0.7910568714141846, 1.1175870895385742e-08, -0.7910566329956055, 0.6117427349090576),
        }},
        {Time = 0.100, Data = {
            ["RightFoot"] = CFrame.new(-1.0244548320770264e-08, 2.980232238769531e-07, -1.3205863069742918e-08, 0.9984673857688904, 0.04791010171175003, -0.027700131759047508, -0.05533786490559578, 0.857598602771759, -0.5113340020179749, -0.0007431612466461957, 0.5120833516120911, 0.8589355945587158),
            ["LeftLowerArm"] = CFrame.new(-2.384185791015625e-07, 5.960464477539063e-08, -1.7881393432617188e-07, 1, 1.7881397695873602e-07, -1.6763797816565784e-07, 3.6507861977952416e-07, 0.15490247309207916, -0.9879299402236938, 3.464521682872146e-07, 0.9879298210144043, 0.1549014002084732),
            ["RightUpperArm"] = CFrame.new(-1.1920928955078125e-07, -0.06523799896240234, -6.984919309616089e-08, 0.07273492217063904, -0.6395944952964783, 0.765263557434082, -0.38487404584884644, 0.6898629665374756, 0.6131565570831299, -0.9200987815856934, -0.33912819623947144, -0.19598646461963654),
            ["Head"] = CFrame.new(5.587935447692871e-09, 0, -7.916241884231567e-09, 0.9972776770591736, 0.07371972501277924, 0.001679422683082521, -0.05868673324584961, 0.7797089219093323, 0.6233856081962585, 0.04464643821120262, -0.6217873096466064, 0.7819127440452576),
            ["LowerTorso"] = CFrame.new(0.008284937590360641, -0.19189143180847168, 0.14122571051120758, 0.9911977052688599, -0.0456523671746254, -0.12426993250846863, 0.0425233393907547, 0.998711109161377, -0.02771048992872238, 0.12537479400634766, 0.022182108834385872, 0.9918614625930786),
            ["UpperTorso"] = CFrame.new(-8.381903171539307e-09, -3.2782554626464844e-07, -3.67872416973114e-08, 0.9964680671691895, 0.0719548910856247, 0.043290965259075165, -0.0800662711262703, 0.9695361852645874, 0.2314929962158203, -0.025315137580037117, -0.23414131999015808, 0.9718729257583618),
            ["HumanoidRootPart"] = CFrame.new(0, 0, 0, 1, 0, 0, 0, 1, 0, 0, 0, 1),
            ["RightUpperLeg"] = CFrame.new(-0.000025570392608642578, -0.0001257103867828846, -0.004997512325644493, 0.9103199243545532, -0.13845355808734894, -0.390062153339386, 0.025830350816249847, 0.9595588445663452, -0.2803218960762024, 0.4130987524986267, 0.2451072782278061, 0.877081036567688),
            ["LeftUpperArm"] = CFrame.new(5.960464477539063e-08, -0.06523776054382324, -2.9802322387695312e-08, 0.8913989663124084, -0.3750106990337372, -0.25450941920280457, 0.0016373287653550506, 0.56421959400177, -0.8256230354309082, 0.4532167315483093, 0.735542893409729, 0.5035589337348938),
            ["RightLowerArm"] = CFrame.new(-3.2782554626464844e-07, 4.76837158203125e-07, 1.5832483768463135e-08, 1, -2.011659887557471e-07, 4.6193554226192646e-07, -3.203750509328529e-07, 0.3666779696941376, -0.9303501844406128, 1.5646223516796454e-07, 0.9303479790687561, 0.36667218804359436),
            ["LeftHand"] = CFrame.new(5.960464477539063e-08, 0, 3.8743019104003906e-07, 0.49707141518592834, -0.7032303214073181, 0.5083186030387878, 0.7625295519828796, 0.6335797309875488, 0.13086530566215515, -0.4140879511833191, 0.32255855202674866, 0.8511677384376526),
            ["LeftFoot"] = CFrame.new(6.984919309616089e-10, -5.960464477539063e-08, 0, 0.9954211711883545, 0.09146620333194733, -0.027755415067076683, -0.09535989165306091, 0.9303000569343567, -0.35418733954429626, -0.006576055195182562, 0.3552122116088867, 0.9347625970840454),
            ["RightHand"] = CFrame.new(2.9802322387695312e-08, -1.1920928955078125e-07, 1.1920928955078125e-07, 0.880717933177948, 0.08346234261989594, 0.46623027324676514, -0.023334890604019165, 0.9908018708229065, -0.13328991830348969, -0.47306615114212036, 0.10651624947786331, 0.874564528465271),
            ["RightLowerLeg"] = CFrame.new(-3.096647560596466e-08, -4.172325134277344e-07, -4.510366125032306e-08, 1, -8.940695295223122e-08, -4.6566096756350817e-08, 1.2293457984924316e-07, 0.6507611870765686, 0.7592827677726746, -6.146728992462158e-08, -0.7592825293540955, 0.6507608890533447),
            ["LeftUpperLeg"] = CFrame.new(0.000025451183319091797, 0.0001255440292879939, 0.004997473210096359, 0.9919191598892212, -0.10549712181091309, -0.0704735666513443, 0.04947367683053017, 0.8331278562545776, -0.5508638620376587, 0.11682794243097305, 0.5429257750511169, 0.8316144347190857),
            ["LeftLowerLeg"] = CFrame.new(4.470348358154297e-08, -1.1920928955078125e-07, -4.842877388000488e-08, 1, 1.1362139673565252e-07, 4.0978196835794733e-08, -3.72529100900465e-08, 0.5439625382423401, 0.8391097187995911, 4.842878453814592e-08, -0.8391095995903015, 0.5439624190330505),
        }},
        {Time = 0.133, Data = {
            ["RightFoot"] = CFrame.new(-4.284083843231201e-08, 2.980232238769531e-07, -2.8107024263590574e-08, 0.9989454746246338, 0.036232177168130875, -0.028199275955557823, -0.0455639474093914, 0.858015775680542, -0.5115984082221985, 0.00565802538767457, 0.5123438835144043, 0.8587618470191956),
            ["LeftLowerArm"] = CFrame.new(5.960464477539063e-08, 5.960464477539063e-08, 1.7881393432617188e-07, 1, 2.8312194899626775e-07, -1.266597848825768e-07, 3.5390277730584785e-07, 0.14190199971199036, -0.9898808002471924, 4.4703509161081456e-07, 0.9898807406425476, 0.14190171658992767),
            ["RightUpperArm"] = CFrame.new(-1.1920928955078125e-07, -0.06523787975311279, -6.239861249923706e-08, 0.09506426751613617, -0.6343000531196594, 0.7672195434570312, -0.38246333599090576, 0.688284695148468, 0.6164305210113525, -0.9190672039985657, -0.3520338237285614, -0.17716528475284576),
            ["Head"] = CFrame.new(-1.4901161193847656e-08, 2.384185791015625e-07, 1.6763806343078613e-08, 0.9976938366889954, 0.06787343323230743, 0.0004609377356246114, -0.05325475335121155, 0.7785627245903015, 0.6253031492233276, 0.04208261892199516, -0.6238857507705688, 0.7803818583488464),
            ["LowerTorso"] = CFrame.new(0.017724111676216125, -0.20098400115966797, 0.15139393508434296, 0.9877617955207825, -0.06514550000429153, -0.1417137086391449, 0.061489544808864594, 0.997655987739563, -0.030024392530322075, 0.14333747327327728, 0.020942915230989456, 0.9894522428512573),
            ["UpperTorso"] = CFrame.new(1.7695128917694092e-08, 5.960464477539063e-08, 2.0023435354232788e-08, 0.9942004084587097, 0.09538692235946655, 0.049669671803712845, -0.10454840958118439, 0.9654910564422607, 0.23852993547916412, -0.02520298957824707, -0.24233925342559814, 0.9698641300201416),
            ["HumanoidRootPart"] = CFrame.new(0, 0, 0, 1, 0, 0, 0, 1, 0, 0, 0, 1),
            ["RightUpperLeg"] = CFrame.new(-0.000025540590286254883, -0.00012570200487971306, -0.0049974676221609116, 0.9177343845367432, -0.10841216892004013, -0.3821130394935608, -0.002303125336766243, 0.9605594873428345, -0.27806609869003296, 0.39718806743621826, 0.25607091188430786, 0.8812882304191589),
            ["LeftUpperArm"] = CFrame.new(0, -0.06523740291595459, 6.705522537231445e-08, 0.8911925554275513, -0.3767317533493042, -0.2526838481426239, 0.009310945868492126, 0.5721063017845154, -0.8201268315315247, 0.4535297453403473, 0.7285380363464355, 0.513364315032959),
            ["RightLowerArm"] = CFrame.new(-1.7881393432617188e-07, 5.960464477539063e-08, 2.0791776478290558e-07, 1, -1.2666001225625223e-07, 2.682206172721635e-07, -4.4703490686970326e-08, 0.3540032207965851, -0.9352460503578186, 1.6391278734317893e-07, 0.9352443218231201, 0.3539983332157135),
            ["LeftHand"] = CFrame.new(-4.470348358154297e-08, 1.1920928955078125e-07, -5.960464477539063e-08, 0.502861499786377, -0.7011680603027344, 0.5054650902748108, 0.7565671801567078, 0.6398477554321289, 0.13491025567054749, -0.4180149734020233, 0.3145761489868164, 0.8522348999977112),
            ["LeftFoot"] = CFrame.new(-2.0954757928848267e-08, 0, -1.4901161193847656e-08, 0.99676513671875, 0.08026831597089767, -0.004009004216641188, -0.07717951387166977, 0.9420870542526245, -0.32636767625808716, -0.02242097072303295, 0.325621098279953, 0.945234477519989),
            ["RightHand"] = CFrame.new(-8.940696716308594e-08, -2.980232238769531e-07, 0, 0.856579065322876, 0.08784767985343933, 0.5084837675094604, -0.04046117141842842, 0.9938024282455444, -0.10353319346904755, -0.5144271850585938, 0.0681154727935791, 0.8548246622085571),
            ["RightLowerLeg"] = CFrame.new(5.774199962615967e-08, 5.960464477539063e-08, 6.688787834718823e-08, 1, -7.450580596923828e-09, -1.1734658755813143e-07, 1.4901159772762185e-07, 0.6508099436759949, 0.7592408061027527, -1.8626449271863521e-09, -0.7592406868934631, 0.6508099436759949),
            ["LeftUpperLeg"] = CFrame.new(0.000025570392608642578, 0.0001254519447684288, 0.004997480660676956, 0.9926357269287109, -0.08899641036987305, -0.08218128234148026, 0.023318475112318993, 0.8060968518257141, -0.5913242697715759, 0.11887183785438538, 0.5850533843040466, 0.8022356033325195),
            ["LeftLowerLeg"] = CFrame.new(2.9802322387695312e-08, 0, 4.0978193283081055e-08, 1, 9.685759039257391e-08, 7.823107495141812e-08, -7.450581307466564e-08, 0.4778567850589752, 0.8784379363059998, 5.2154071283894154e-08, -0.8784378170967102, 0.47785648703575134),
        }},
        {Time = 0.167, Data = {
            ["RightFoot"] = CFrame.new(5.587935447692871e-09, 2.980232238769531e-07, -1.3205863069742918e-08, 0.9992891550064087, 0.025196833536028862, -0.02804114669561386, -0.0358603373169899, 0.8648308515548706, -0.5007810592651367, 0.011631622910499573, 0.5014308094978333, 0.8651196956634521),
            ["LeftLowerArm"] = CFrame.new(-5.960464477539063e-08, -3.5762786865234375e-07, 2.9802322387695312e-08, 1, 1.4528629321830522e-07, -1.490115550950577e-07, 2.980232238769531e-07, 0.12913158535957336, -0.9916276931762695, 2.0489096641540527e-07, 0.9916274547576904, 0.12913042306900024),
            ["RightUpperArm"] = CFrame.new(1.1920928955078125e-07, -0.06523799896240234, 1.862645149230957e-09, 0.11736321449279785, -0.6277338862419128, 0.7695299983024597, -0.3809942901134491, 0.6871300935745239, 0.6186236143112183, -0.917098343372345, -0.36579033732414246, -0.15851937234401703),
            ["Head"] = CFrame.new(5.587935447692871e-09, -1.1920928955078125e-07, -5.587935447692871e-08, 0.9979310631752014, 0.06428178399801254, 0.00117843272164464, -0.05090881139039993, 0.7788650393486023, 0.6251218318939209, 0.03926610201597214, -0.6238886713981628, 0.7805263996124268),
            ["LowerTorso"] = CFrame.new(0.027290858328342438, -0.20350360870361328, 0.16172745823860168, 0.9834276437759399, -0.08144717663526535, -0.16197700798511505, 0.07742267102003098, 0.9965159296989441, -0.031010152772068977, 0.16393837332725525, 0.01795540377497673, 0.9863072037696838),
            ["UpperTorso"] = CFrame.new(-3.259629011154175e-09, -2.980232238769531e-07, 1.5832483768463135e-08, 0.9920290112495422, 0.11234919726848602, 0.057065848261117935, -0.12302055954933167, 0.9615522027015686, 0.24552646279335022, -0.027287129312753677, -0.25058940052986145, 0.9677088260650635),
            ["HumanoidRootPart"] = CFrame.new(0, 0, 0, 1, 0, 0, 0, 1, 0, 0, 0, 1),
            ["RightUpperLeg"] = CFrame.new(-0.000025570392608642578, -0.00012590317055583, -0.004997497424483299, 0.9250261187553406, -0.07911239564418793, -0.3715749979019165, -0.02880079858005047, 0.9606571793556213, -0.2762402296066284, 0.37881025671958923, 0.26623138785362244, 0.8863539695739746),
            ["LeftUpperArm"] = CFrame.new(0, -0.06523776054382324, -7.450580596923828e-09, 0.8910731673240662, -0.3763939440250397, -0.25360703468322754, 0.01342569850385189, 0.5803936719894409, -0.814225435256958, 0.45366132259368896, 0.7221294641494751, 0.5222265720367432),
            ["RightLowerArm"] = CFrame.new(1.1920928955078125e-07, -1.7881393432617188e-07, -1.3317912817001343e-07, 1, 3.725293140632857e-08, 1.1920913323137938e-07, 7.450572603318051e-09, 0.3396359086036682, -0.9405590891838074, 2.2351717632318469e-07, 0.940557062625885, 0.3396303057670593),
            ["LeftHand"] = CFrame.new(-1.043081283569336e-07, 0, -2.086162567138672e-07, 0.509244441986084, -0.6986954808235168, 0.502488911151886, 0.7506186366081238, 0.6462031602859497, 0.13781650364398956, -0.421001136302948, 0.3069955110549927, 0.8535288572311401),
            ["LeftFoot"] = CFrame.new(8.381903171539307e-09, -1.1920928955078125e-07, 1.4901161193847656e-08, 0.9976621270179749, 0.06493674963712692, 0.021288953721523285, -0.055954404175281525, 0.9550620913505554, -0.29107701778411865, -0.039234500378370285, 0.2892051041126251, 0.9564628005027771),
            ["RightHand"] = CFrame.new(-4.470348358154297e-08, 2.980232238769531e-07, 1.4901161193847656e-08, 0.8310064077377319, 0.08884738385677338, 0.5491219162940979, -0.059864312410354614, 0.99571293592453, -0.07051187753677368, -0.5530322194099426, 0.025728732347488403, 0.8327624201774597),
            ["RightLowerLeg"] = CFrame.new(5.494803190231323e-08, -1.7881393432617188e-07, -8.957431418821216e-08, 1, -1.210719347000122e-07, -1.0337675604432661e-07, 1.4156103134155273e-07, 0.6573210954666138, 0.7536107897758484, -6.612390279769897e-08, -0.7536106705665588, 0.657321035861969),
            ["LeftUpperLeg"] = CFrame.new(0.000025600194931030273, 0.0001256412360817194, 0.0049974918365478516, 0.9926277995109558, -0.07474453002214432, -0.09541179984807968, -0.0014953274512663484, 0.7795807123184204, -0.626300036907196, 0.12119357287883759, 0.6218257546424866, 0.7737215757369995),
            ["LeftLowerLeg"] = CFrame.new(1.1175870895385742e-07, 0, 1.862645149230957e-08, 1, 7.450584149637507e-08, 8.00937343115038e-08, -1.1548401346317405e-07, 0.4217778444290161, 0.9066993594169617, 2.6077035641947077e-08, -0.9066992998123169, 0.42177754640579224),
        }},
        {Time = 0.200, Data = {
            ["RightFoot"] = CFrame.new(4.6100467443466187e-08, 4.172325134277344e-07, -2.8107024263590574e-08, 0.9995309710502625, 0.013557955622673035, -0.02745954319834709, -0.025179337710142136, 0.8742509484291077, -0.4848208725452423, 0.017432477325201035, 0.4852848947048187, 0.8741822838783264),
            ["LeftLowerArm"] = CFrame.new(-8.940696716308594e-08, 2.384185791015625e-07, 1.1920928955078125e-07, 1, 3.725292518907963e-09, -5.2154071283894154e-08, 2.2724289294728806e-07, 0.11765725165605545, -0.9930543899536133, 2.1979231235036423e-07, 0.9930542707443237, 0.11765632033348083),
            ["RightUpperArm"] = CFrame.new(0, -0.06523847579956055, 7.450580596923828e-09, 0.13996344804763794, -0.619549572467804, 0.7723788022994995, -0.381313681602478, 0.6861674785614014, 0.6194948554039001, -0.9137888550758362, -0.3812251389026642, -0.14020435512065887),
            ["Head"] = CFrame.new(1.30385160446167e-08, -4.76837158203125e-07, -1.862645149230957e-08, 0.9979914426803589, 0.06322086602449417, 0.0040415008552372456, -0.05195598676800728, 0.7803270220756531, 0.6232097744941711, 0.036246027797460556, -0.6221678853034973, 0.7820443511009216),
            ["LowerTorso"] = CFrame.new(0.03800559788942337, -0.20131278038024902, 0.1715650111436844, 0.9780039191246033, -0.09548246115446091, -0.1854497790336609, 0.09127029776573181, 0.9953393340110779, -0.031134266406297684, 0.18755823373794556, 0.013523208908736706, 0.9821603894233704),
            ["UpperTorso"] = CFrame.new(1.654552761465311e-08, -5.960464477539063e-08, 1.1496013030409813e-09, 0.9901869893074036, 0.12329612672328949, 0.06578897684812546, -0.13603079319000244, 0.9582316279411316, 0.2515702545642853, -0.0320233590900898, -0.25805091857910156, 0.9656004905700684),
            ["HumanoidRootPart"] = CFrame.new(0, 0, 0, 1, 0, 0, 0, 1, 0, 0, 0, 1),
            ["RightUpperLeg"] = CFrame.new(-0.000025570392608642578, -0.00012551783584058285, -0.0049975235015153885, 0.9322802424430847, -0.048158466815948486, -0.3585173487663269, -0.054683901369571686, 0.9609439969062805, -0.27128657698631287, 0.35757976770401, 0.27252060174942017, 0.8932351469993591),
            ["LeftUpperArm"] = CFrame.new(-1.1920928955078125e-07, -0.065238356590271, 9.685754776000977e-08, 0.8910223245620728, -0.3737733066082001, -0.257629930973053, 0.01383400708436966, 0.5896100997924805, -0.8075696229934692, 0.4537487030029297, 0.7159982919692993, 0.530526340007782),
            ["RightLowerArm"] = CFrame.new(-6.258487701416016e-07, 4.172325134277344e-07, 4.544854164123535e-07, 1, -3.8743075947422767e-07, 3.725285750988405e-07, -4.1723231447576836e-07, 0.32538801431655884, -0.9455827474594116, -2.2351731132630448e-08, 0.9455806612968445, 0.325381875038147),
            ["LeftHand"] = CFrame.new(8.940696716308594e-08, -5.960464477539063e-08, -1.341104507446289e-07, 0.5160456299781799, -0.6959328651428223, 0.4993743598461151, 0.7454127669334412, 0.6520706415176392, 0.13843482732772827, -0.4219677448272705, 0.3008013367652893, 0.8552550673484802),
            ["LeftFoot"] = CFrame.new(-2.60770320892334e-08, 0, 2.2351741790771484e-08, 0.9976071119308472, 0.05631503835320473, 0.04010642692446709, -0.04262042045593262, 0.9576897621154785, -0.28462955355644226, -0.05443909391760826, 0.28223916888237, 0.9577983021736145),
            ["RightHand"] = CFrame.new(5.960464477539063e-08, -1.1920928955078125e-07, -1.1920928955078125e-07, 0.8039613962173462, 0.08879762142896652, 0.5880148410797119, -0.078895203769207, 0.995975136756897, -0.04253523424267769, -0.5894248485565186, -0.012188689783215523, 0.8077309727668762),
            ["RightLowerLeg"] = CFrame.new(5.960464477539063e-08, 0, -4.1145540308207273e-08, 1, -1.1175872316471214e-07, -4.4703462265260896e-08, 1.3783574104309082e-07, 0.6721055507659912, 0.7404556274414062, -4.377216100692749e-08, -0.7404553890228271, 0.6721053123474121),
            ["LeftUpperLeg"] = CFrame.new(0.000025480985641479492, 0.00012580712791532278, 0.004997510462999344, 0.9919173121452332, -0.06983767449855804, -0.10593801736831665, -0.022710295394062996, 0.72369384765625, -0.6897470355033875, 0.1248370110988617, 0.6865785121917725, 0.7162584066390991),
            ["LeftLowerLeg"] = CFrame.new(5.21540641784668e-08, -1.1920928955078125e-07, -4.470348358154297e-08, 1, 2.9802343703977385e-08, 1.0058281674218961e-07, -1.2293459406009788e-07, 0.3234333395957947, 0.9462510347366333, 2.6077035641947077e-08, -0.9462510347366333, 0.32343313097953796),
        }},
        {Time = 0.233, Data = {
            ["RightFoot"] = CFrame.new(9.336508810520172e-08, 2.980232238769531e-07, -4.300818545743823e-08, 0.9996522665023804, 0.001924112904816866, -0.026302766054868698, -0.013923860155045986, 0.8855386972427368, -0.4643566608428955, 0.022397417575120926, 0.4645617604255676, 0.8852577209472656),
            ["LeftLowerArm"] = CFrame.new(1.1920928955078125e-07, 1.1920928955078125e-07, 1.1920928955078125e-07, 1, 1.9744035739677201e-07, 6.705520405603238e-08, 1.4901162614933128e-07, 0.10790573060512543, -0.9941611886024475, 4.880130859419296e-07, 0.9941611886024475, 0.10790548473596573),
            ["RightUpperArm"] = CFrame.new(-1.7881393432617188e-07, -0.06523764133453369, -8.195638656616211e-08, 0.16265174746513367, -0.6099852323532104, 0.7755401134490967, -0.38379713892936707, 0.6849938035011292, 0.6192604899406433, -0.9089797735214233, -0.3983735740184784, -0.12269513309001923),
            ["Head"] = CFrame.new(-4.470348358154297e-08, 3.5762786865234375e-07, -2.60770320892334e-08, 0.9979236125946045, 0.06387864053249359, 0.008257661946117878, -0.05527370423078537, 0.7834840416908264, 0.6189492344856262, 0.033067818731069565, -0.6181200742721558, 0.7853876948356628),
            ["LowerTorso"] = CFrame.new(0.0494856983423233, -0.1944108009338379, 0.18032783269882202, 0.9715701341629028, -0.10648234188556671, -0.21145516633987427, 0.10217861086130142, 0.9942764639854431, -0.031204206869006157, 0.21356749534606934, 0.008710704743862152, 0.9768894910812378),
            ["UpperTorso"] = CFrame.new(-1.1641532182693481e-08, 8.940696716308594e-08, -2.7124769985675812e-08, 0.9888275265693665, 0.12859663367271423, 0.07538917660713196, -0.1438879519701004, 0.9555462002754211, 0.25734734535217285, -0.03894367069005966, -0.2653195261955261, 0.9633737206459045),
            ["HumanoidRootPart"] = CFrame.new(0, 0, 0, 1, 0, 0, 0, 1, 0, 0, 0, 1),
            ["RightUpperLeg"] = CFrame.new(-0.000025540590286254883, -0.00012574275024235249, -0.004997448995709419, 0.9392982721328735, -0.017247600480914116, -0.3426682651042938, -0.07810920476913452, 0.9617589712142944, -0.2625238001346588, 0.3340926170349121, 0.27335378527641296, 0.9020308256149292),
            ["LeftUpperArm"] = CFrame.new(0, -0.06523728370666504, -1.043081283569336e-07, 0.8909565210342407, -0.3694450855255127, -0.26402121782302856, 0.01127892266958952, 0.5992563962936401, -0.800477921962738, 0.4539487659931183, 0.710212767124176, 0.5380779504776001),
            ["RightLowerArm"] = CFrame.new(-4.76837158203125e-07, 5.960464477539063e-08, -2.868473529815674e-07, 1, 0, 2.086160861836106e-07, 0, 0.3116169571876526, -0.9502096772193909, 2.533195697651536e-07, 0.9502078890800476, 0.31161150336265564),
            ["LeftHand"] = CFrame.new(1.1920928955078125e-07, 1.1920928955078125e-07, -8.940696716308594e-08, 0.5232580900192261, -0.6929265260696411, 0.4960385262966156, 0.7414560914039612, 0.6571164131164551, 0.13579696416854858, -0.4200522303581238, 0.29673346877098083, 0.8576158881187439),
            ["LeftFoot"] = CFrame.new(3.166496753692627e-08, 0, 7.450580596923828e-09, 0.997332751750946, 0.054925303906202316, 0.048066396266222, -0.04124056175351143, 0.9674201011657715, -0.24979570508003235, -0.060221463441848755, 0.24714700877666473, 0.9671049118041992),
            ["RightHand"] = CFrame.new(2.086162567138672e-07, -1.1920928955078125e-07, 1.7881393432617188e-07, 0.777198851108551, 0.08708267658948898, 0.6231998205184937, -0.09557834267616272, 0.995223879814148, -0.019871188327670097, -0.6219540238380432, -0.0441146157681942, 0.7818102240562439),
            ["RightLowerLeg"] = CFrame.new(4.470348358154297e-08, 1.1920928955078125e-07, 8.737697498872876e-08, 1, -1.1920928955078125e-07, -1.1641529962247432e-09, 9.080397234129123e-08, 0.694350004196167, 0.719637393951416, -2.5844206774650047e-08, -0.7196375131607056, 0.6943500638008118),
            ["LeftUpperLeg"] = CFrame.new(0.000025570392608642578, 0.00012571248225867748, 0.004997488111257553, 0.9908077716827393, -0.07760073989629745, -0.11080700904130936, -0.038753241300582886, 0.6219398975372314, -0.782105565071106, 0.12960761785507202, 0.7792105078697205, 0.6132152080535889),
            ["LeftLowerLeg"] = CFrame.new(-6.705522537231445e-08, 1.7881393432617188e-07, 5.960464477539063e-08, 1, 6.705524668859653e-08, -3.166497464235363e-08, -9.685756907629184e-08, 0.18751578032970428, 0.9822617173194885, 2.980232949312267e-08, -0.9822616577148438, 0.18751564621925354),
        }},
        {Time = 0.267, Data = {
            ["RightFoot"] = CFrame.new(1.9150320440530777e-08, 4.76837158203125e-07, 1.6952981241047382e-09, 0.999660074710846, -0.009115112014114857, -0.024431243538856506, -0.0025385033804923296, 0.8984706997871399, -0.43902647495269775, 0.025951413437724113, 0.43893903493881226, 0.8981418609619141),
            ["LeftLowerArm"] = CFrame.new(-1.1920928955078125e-07, -2.980232238769531e-07, -2.682209014892578e-07, 1, 4.09781684140853e-08, -1.1920920428565296e-07, 3.129242998056725e-07, 0.10007920861244202, -0.9949795603752136, 2.2351736106429598e-07, 0.9949794411659241, 0.10007905960083008),
            ["RightUpperArm"] = CFrame.new(-2.384185791015625e-07, -0.065238356590271, -1.7881393432617188e-07, 0.18346863985061646, -0.6001347303390503, 0.7785740494728088, -0.388095885515213, 0.6834609508514404, 0.6182740926742554, -0.9031726717948914, -0.41559526324272156, -0.10751618444919586),
            ["Head"] = CFrame.new(-1.4901161193847656e-08, 0, -2.9802322387695312e-08, 0.9976748824119568, 0.06671557575464249, 0.013925280421972275, -0.061240553855895996, 0.7879047393798828, 0.6127447485923767, 0.0299077071249485, -0.6121724843978882, 0.7901582717895508),
            ["LowerTorso"] = CFrame.new(0.06122088059782982, -0.18268871307373047, 0.18743731081485748, 0.9644095301628113, -0.11365222930908203, -0.238741934299469, 0.10933834314346313, 0.9935123324394226, -0.031276851892471313, 0.24074776470661163, 0.004059834871441126, 0.9705792665481567),
            ["UpperTorso"] = CFrame.new(1.30385160446167e-08, -2.9802322387695312e-08, -1.1408701539039612e-08, 0.9882249236106873, 0.12741324305534363, 0.084721140563488, -0.14548154175281525, 0.9539550542831421, 0.262306809425354, -0.04739875718951225, -0.2715434432029724, 0.9612583518028259),
            ["HumanoidRootPart"] = CFrame.new(0, 0, 0, 1, 0, 0, 0, 1, 0, 0, 0, 1),
            ["RightUpperLeg"] = CFrame.new(-0.000025540590286254883, -0.00012588780373334885, -0.004997527226805687, 0.9458605647087097, 0.011886696331202984, -0.3243560492992401, -0.09749631583690643, 0.9635820388793945, -0.24900616705417633, 0.30958402156829834, 0.2671487629413605, 0.9125728607177734),
            ["LeftUpperArm"] = CFrame.new(1.1920928955078125e-07, -0.06523823738098145, -1.1920928955078125e-07, 0.8908313512802124, -0.3632234036922455, -0.27292558550834656, 0.00542769581079483, 0.6091808676719666, -0.7930127382278442, 0.45430174469947815, 0.7049592733383179, 0.5446488857269287),
            ["RightLowerArm"] = CFrame.new(-1.7881393432617188e-07, 1.1920928955078125e-07, 2.1792948246002197e-07, 1, -2.980236857297314e-08, 2.6822067411558237e-07, -1.043080928297968e-07, 0.2988787293434143, -0.9542930126190186, 2.3096791323951038e-07, 0.9542911648750305, 0.29887285828590393),
            ["LeftHand"] = CFrame.new(-1.1920928955078125e-07, 1.1920928955078125e-07, -2.8312206268310547e-07, 0.5306239724159241, -0.6896948218345642, 0.49270665645599365, 0.7385760545730591, 0.6614274978637695, 0.13045687973499298, -0.41586482524871826, 0.2946775555610657, 0.8603610992431641),
            ["LeftFoot"] = CFrame.new(2.421438694000244e-08, -1.7881393432617188e-07, 7.450580596923828e-09, 0.9975287914276123, 0.05490230396389961, 0.043838731944561005, -0.04688509926199913, 0.9849010705947876, -0.16664853692054749, -0.052327126264572144, 0.164181649684906, 0.9850413799285889),
            ["RightHand"] = CFrame.new(-1.7881393432617188e-07, 2.384185791015625e-07, 5.960464477539063e-08, 0.7540621161460876, 0.08480534702539444, 0.651305079460144, -0.10793957859277725, 0.9941478967666626, -0.0044776019640266895, -0.6478729844093323, -0.06691887229681015, 0.7588027119636536),
