return {
    ["Dance Therapy"] = {
        {Time = 0.000, Data = {
            ["RightFoot"] = CFrame.new(1.601874828338623e-07, 2.384185791015625e-07, -1.0261283023282886e-07, 0.9694461226463318, 0.24530063569545746, 0.001383990398608148, -0.24485386908054352, 0.9673085808753967, 0.06603610515594482, 0.01486000046133995, -0.0643569603562355, 0.997816264629364),
            ["LeftLowerArm"] = CFrame.new(-2.384185791015625e-07, 1.1920928955078125e-07, -8.940696716308594e-08, 1, -9.685756907629184e-08, 1.0430814256778831e-07, 1.4901161193847656e-07, -0.1831400990486145, -0.983086884021759, 5.960464477539063e-08, 0.983086884021759, -0.1831400841474533),
            ["RightUpperArm"] = CFrame.new(-5.960464477539063e-08, 3.5762786865234375e-07, 2.9802322387695312e-08, -0.13325119018554688, -0.8870554566383362, 0.4420144855976105, 0.9903934597969055, -0.10255614668130875, 0.09275289624929428, -0.03694571182131767, 0.45012763142585754, 0.8921996355056763),
            ["Head"] = CFrame.new(-1.4901161193847656e-08, -3.5762786865234375e-07, -3.725290298461914e-08, 0.8213620781898499, 0.01602419652044773, -0.5701821446418762, -0.15910668671131134, 0.9663671851158142, -0.20203888416290283, 0.5477677583694458, 0.2566668689250946, 0.7962867617607117),
            ["RightHand"] = CFrame.new(-3.0547380447387695e-07, -1.1920928955078125e-07, 1.564621925354004e-07, 0.765230119228363, 0.2422839105129242, -0.5964239239692688, -0.4507598876953125, 0.8631103038787842, -0.22771941125392914, 0.45960694551467896, 0.4431016147136688, 0.7696899175643921),
            ["UpperTorso"] = CFrame.new(0, -2.980232238769531e-07, 5.587935447692871e-09, 0.9467645287513733, -0.011821908876299858, -0.32170984148979187, 0.0625908151268959, 0.9870153665542603, 0.14792943000793457, 0.3157837390899658, -0.1601904332637787, 0.9352111220359802),
            ["HumanoidRootPart"] = CFrame.new(0, 0, 0, 1, 0, 0, 0, 1, 0, 0, 0, 1),
            ["RightUpperLeg"] = CFrame.new(1.1920928955078125e-07, -8.220922609325498e-07, -3.056629793718457e-08, 0.7785791158676147, -0.5344572067260742, 0.3288925886154175, 0.576773464679718, 0.4029228985309601, -0.7106232643127441, 0.24727925658226013, 0.7429729104042053, 0.6219680309295654),
            ["LeftUpperArm"] = CFrame.new(0, 2.384185791015625e-07, 2.9802322387695312e-08, 0.5864061713218689, 0.8063094615936279, -0.07741476595401764, -0.3981052339076996, 0.20365376770496368, -0.8944480419158936, -0.7054360508918762, 0.5553290247917175, 0.4404197931289673),
            ["RightLowerArm"] = CFrame.new(-1.7881393432617188e-07, 4.76837158203125e-07, 1.1175870895385742e-07, 1, -8.614735946821384e-08, 9.126959099603482e-08, 8.847566590475253e-08, -0.037636734545230865, -0.9992915391921997, 9.551879287528209e-08, 0.9992915987968445, -0.037636738270521164),
            ["LeftHand"] = CFrame.new(-3.2782554626464844e-07, -2.384185791015625e-07, -1.7881393432617188e-07, 0.9147694110870361, -0.32596156001091003, 0.23863382637500763, 0.3888035714626312, 0.8707617521286011, -0.301008015871048, -0.10967619717121124, 0.3681345582008362, 0.923281192779541),
            ["LeftFoot"] = CFrame.new(-1.0803341865539551e-07, 1.1920928955078125e-07, 1.1175870895385742e-08, 0.980972170829773, -0.18131986260414124, 0.06940317898988724, 0.17587251961231232, 0.9813247323036194, 0.07791464030742645, -0.08223457634449005, -0.06422600150108337, 0.994541347026825),
            ["LowerTorso"] = CFrame.new(0.07115358114242554, -0.1336526870727539, -0.07781080901622772, 0.9896886944770813, 0.06051576882600784, -0.1298235058784485, -0.05977692827582359, 0.9981657862663269, 0.00958387553691864, 0.13016535341739655, -0.001724603702314198, 0.9914907813072205),
            ["RightLowerLeg"] = CFrame.new(1.9371509552001953e-07, -0.0000035762786865234375, -0.000013439152098726481, 1, -2.9802315282267955e-08, 0, 2.0861622829215776e-07, 0.2584592401981354, 0.9660220742225647, -1.4901159772762185e-07, -0.9660221338272095, 0.2584596872329712),
            ["LeftUpperLeg"] = CFrame.new(1.1920928955078125e-07, -4.050962161272764e-07, -1.4901161193847656e-08, 0.9238733649253845, 0.29654040932655334, -0.24191296100616455, -0.36724185943603516, 0.8648001551628113, -0.3424236476421356, 0.10766395181417465, 0.4051969051361084, 0.907867968082428),
            ["LeftLowerLeg"] = CFrame.new(0, 0.000003814697265625, 0.000013232231140136719, 1, 4.842878098543224e-08, 3.725289943190546e-08, -6.70552182668871e-08, 0.7427802681922913, 0.6695356369018555, 2.9802318834981634e-08, -0.6695351600646973, 0.7427799701690674),
        }},
        {Time = 0.033, Data = {
            ["RightFoot"] = CFrame.new(-1.5273690223693848e-07, 3.5762786865234375e-07, 1.6596459317952394e-08, 0.9219663143157959, 0.38278815150260925, -0.05874829739332199, -0.3690949082374573, 0.914454996585846, 0.16595548391342163, 0.11724810302257538, -0.13132132589817047, 0.9843817353248596),
            ["LeftLowerArm"] = CFrame.new(2.384185791015625e-07, -6.556510925292969e-07, 5.811452865600586e-07, 1, -1.341104507446289e-07, 5.587933316064664e-08, 8.940695295223122e-08, 0.32532209157943726, -0.9456032514572144, 7.823108916227284e-08, 0.9456033110618591, 0.3253220319747925),
            ["RightUpperArm"] = CFrame.new(-1.1920928955078125e-07, 0, 6.705522537231445e-08, -0.32946810126304626, -0.8894522786140442, 0.3167419135570526, 0.9413666129112244, -0.33527275919914246, 0.03769988566637039, 0.07266268134117126, 0.3105911314487457, 0.9477623105049133),
            ["Head"] = CFrame.new(-2.0605511963367462e-08, -1.1920928955078125e-07, 1.4901161193847656e-08, 0.7491012811660767, -0.0669715479016304, -0.6590615510940552, -0.17609268426895142, 0.9389535188674927, -0.29556339979171753, 0.6386224031448364, 0.33746281266212463, 0.6915780901908875),
            ["RightHand"] = CFrame.new(-4.6193599700927734e-07, 0, -2.980232238769531e-07, 0.5610286593437195, 0.23690328001976013, -0.7931731939315796, -0.6902787685394287, 0.6627529859542847, -0.29029950499534607, 0.4569050073623657, 0.7103769183158875, 0.5353527069091797),
            ["UpperTorso"] = CFrame.new(0, -2.086162567138672e-07, 0, 0.924046516418457, 0.012774591334164143, -0.38206666707992554, 0.042910169810056686, 0.9896591901779175, 0.13686999678611755, 0.379864364862442, -0.1428688019514084, 0.9139428734779358),
            ["HumanoidRootPart"] = CFrame.new(0, 0, 0, 1, 0, 0, 0, 1, 0, 0, 0, 1),
            ["RightUpperLeg"] = CFrame.new(-1.7881393432617188e-07, -3.604218363761902e-07, 5.75528247281909e-09, 0.6935357451438904, -0.6713881492614746, 0.26123905181884766, 0.6748953461647034, 0.47862449288368225, -0.5616360902786255, 0.2520405054092407, 0.5658239126205444, 0.785059928894043),
            ["LeftUpperArm"] = CFrame.new(0, -2.384185791015625e-07, 1.4901161193847656e-08, 0.6890996098518372, 0.47733157873153687, -0.5452490448951721, -0.3978269398212433, -0.3797105848789215, -0.835196852684021, -0.6057025194168091, 0.7924484014511108, -0.07176300138235092),
            ["RightLowerArm"] = CFrame.new(-0.0000010728836059570312, 3.5762786865234375e-07, -5.960464477539063e-08, 1, -6.705523958316917e-08, 6.705522537231445e-08, 6.426125054304066e-08, 0.2671813666820526, -0.9636462330818176, 7.450579886381092e-08, 0.9636462926864624, 0.267181396484375),
            ["LeftHand"] = CFrame.new(-1.4901161193847656e-07, -9.5367431640625e-07, 0, 0.8378565311431885, -0.22863326966762543, 0.49570485949516296, 0.32822608947753906, 0.9365832209587097, -0.12279918789863586, -0.4361928403377533, 0.2655913233757019, 0.8597657084465027),
            ["LeftFoot"] = CFrame.new(1.4156103134155273e-07, 5.960464477539063e-08, -1.0244548320770264e-08, 0.9364296197891235, -0.2744525671005249, 0.2185755968093872, 0.2799488306045532, 0.9599959850311279, 0.006044521927833557, -0.21149057149887085, 0.0555293895304203, 0.9758013486862183),
            ["LowerTorso"] = CFrame.new(0.18235275149345398, -0.307997465133667, -0.09342695772647858, 0.9968251585960388, 0.05401322618126869, -0.05850090831518173, -0.053119853138923645, 0.9984481930732727, 0.016721226274967194, 0.059313297271728516, -0.013560579158365726, 0.9981473088264465),
            ["RightLowerLeg"] = CFrame.new(1.4901161193847656e-07, -0.0000036954879760742188, -0.000013334843970369548, 1, -1.713634105726669e-07, -7.4505797087454084e-09, 1.341104365337742e-07, 0.554077684879303, 0.8324649930000305, -1.4901159417490817e-08, -0.8324649930000305, 0.5540776252746582),
            ["LeftUpperLeg"] = CFrame.new(5.960464477539063e-08, -2.398155629634857e-07, -1.4901161193847656e-08, 0.8480768203735352, 0.4042521119117737, -0.34255746006965637, -0.5045894384384155, 0.8134621977806091, -0.289255291223526, 0.16172578930854797, 0.41816219687461853, 0.8938601016998291),
            ["LeftLowerLeg"] = CFrame.new(1.6391277313232422e-07, 0.0000036954879760742188, 0.000013440847396850586, 1, 8.940696716308594e-08, 1.4435498130183078e-08, -8.940695295223122e-08, 0.7092117667198181, 0.7049961090087891, 1.4901159417490817e-08, -0.7049955725669861, 0.7092112898826599),
        }},
        {Time = 0.067, Data = {
            ["RightFoot"] = CFrame.new(1.1827796697616577e-07, 2.384185791015625e-07, -3.183231456205249e-08, 0.7793213725090027, 0.6054297685623169, -0.16159723699092865, -0.6070922017097473, 0.7933763265609741, 0.04463941603899002, 0.1552332490682602, 0.0633159801363945, 0.985846757888794),
            ["LeftLowerArm"] = CFrame.new(-3.2782554626464844e-07, -2.980232238769531e-07, -5.960464477539063e-08, 1, -1.4901161193847656e-08, -2.60770320892334e-08, 0, 0.9113461375236511, -0.411641001701355, -2.9802318834981634e-08, 0.4116409718990326, 0.9113461375236511),
            ["RightUpperArm"] = CFrame.new(-5.960464477539063e-08, 1.1920928955078125e-07, 0, -0.5288243293762207, -0.7858557105064392, 0.3205864429473877, 0.7929810881614685, -0.5921255350112915, -0.143417090177536, 0.3025325536727905, 0.17837649583816528, 0.9362990856170654),
            ["Head"] = CFrame.new(-4.470348358154297e-08, 2.384185791015625e-07, 5.21540641784668e-08, 0.7046559453010559, -0.15776939690113068, -0.6917867064476013, -0.19863036274909973, 0.8921240568161011, -0.4057839512825012, 0.6811800003051758, 0.42334794998168945, 0.5973027944564819),
            ["RightHand"] = CFrame.new(-4.209578037261963e-07, 2.384185791015625e-07, -2.682209014892578e-07, 0.10132988542318344, 0.24111050367355347, -0.9651932716369629, -0.6278048753738403, 0.7681100964546204, 0.12596860527992249, 0.7717469334602356, 0.5931885838508606, 0.22920285165309906),
            ["UpperTorso"] = CFrame.new(-2.0489096641540527e-08, 1.7881393432617188e-07, 1.862645149230957e-09, 0.9046429395675659, 0.04773835465312004, -0.4234882593154907, 0.00872004497796297, 0.9914248585700989, 0.13038736581802368, 0.42608118057250977, -0.12164683640003204, 0.896469235420227),
            ["HumanoidRootPart"] = CFrame.new(0, 0, 0, 1, 0, 0, 0, 1, 0, 0, 0, 1),
            ["RightUpperLeg"] = CFrame.new(-5.960464477539063e-08, -7.869675755500793e-08, 5.75528247281909e-09, 0.655358612537384, -0.7467507719993591, 0.11343713104724884, 0.6977092623710632, 0.5409805178642273, -0.4696195125579834, 0.28932154178619385, 0.3869152367115021, 0.8755509853363037),
            ["LeftUpperArm"] = CFrame.new(0, 3.5762786865234375e-07, 3.725290298461914e-08, 0.7085749506950378, -0.04942086711525917, -0.7039029002189636, -0.37803885340690613, -0.8688951730728149, -0.3195430636405945, -0.595825731754303, 0.4925229549407959, -0.6343603134155273),
            ["RightLowerArm"] = CFrame.new(1.7881393432617188e-07, 5.364418029785156e-07, 4.44706529378891e-08, 1, -5.21540641784668e-08, 1.4901159417490817e-08, 5.122273094571028e-08, 0.7446467280387878, -0.6674588918685913, 2.4214381610931923e-08, 0.6674588918685913, 0.7446467280387878),
            ["LeftHand"] = CFrame.new(-6.854534149169922e-07, 1.1920928955078125e-07, 7.450580596923828e-09, 0.6884098649024963, -0.012527762912213802, 0.7252137064933777, -0.029429420828819275, 0.9985450506210327, 0.045185379683971405, -0.7247246503829956, -0.052448686212301254, 0.6870396137237549),
            ["LeftFoot"] = CFrame.new(5.587935447692871e-09, 5.960464477539063e-08, 3.725290298461914e-08, 0.8740525245666504, -0.2930518686771393, 0.3874964118003845, 0.35165584087371826, 0.9319450259208679, -0.08840898424386978, -0.3352168798446655, 0.21353964507579803, 0.9176222681999207),
            ["LowerTorso"] = CFrame.new(0.27528175711631775, -0.5120260715484619, -0.10712119936943054, 0.9974880218505859, 0.05677250400185585, -0.042362384498119354, -0.05536912754178047, 0.9979005455970764, 0.03359750658273697, 0.04418085888028145, -0.031167542561888695, 0.9985372424125671),
            ["RightLowerLeg"] = CFrame.new(1.043081283569336e-07, -0.000003874301910400391, -0.00001337954745395109, 1, -1.9371512394172896e-07, -5.960465188081798e-08, -5.960463766996327e-08, 0.6847382187843323, 0.7287887930870056, -2.9802318834981634e-08, -0.7287891507148743, 0.6847385168075562),
            ["LeftUpperLeg"] = CFrame.new(-1.1920928955078125e-07, -6.472691893577576e-08, 0, 0.7783862352371216, 0.4775483012199402, -0.40750840306282043, -0.5943881273269653, 0.7695074677467346, -0.23358222842216492, 0.20203404128551483, 0.42403537034988403, 0.8828228712081909),
            ["LeftLowerLeg"] = CFrame.new(1.564621925354004e-07, 0.000003874301910400391, 0.000013247132301330566, 1, 1.7136335372924805e-07, 4.0978189730367376e-08, -9.685756197086448e-08, 0.6528840065002441, 0.7574577927589417, 4.4703490686970326e-08, -0.757457971572876, 0.6528841257095337),
        }},
        {Time = 0.100, Data = {
            ["RightFoot"] = CFrame.new(1.4901161193847656e-08, 2.980232238769531e-07, -1.659427653066814e-07, 0.7393214702606201, 0.649522066116333, -0.1775524914264679, -0.6706622838973999, 0.7338546514511108, -0.10802503675222397, 0.060132745653390884, 0.19894322752952576, 0.978164553642273),
            ["LeftLowerArm"] = CFrame.new(-5.960464477539063e-08, 1.7881393432617188e-07, 2.086162567138672e-07, 1, 1.0244549208948683e-08, -3.725290742551124e-09, -1.1641533959050321e-08, 1, -3.725290742551124e-09, 5.587936335871291e-09, 3.725290742551124e-09, 1),
            ["RightUpperArm"] = CFrame.new(-1.1920928955078125e-07, -1.1920928955078125e-07, 9.685754776000977e-08, -0.532302737236023, -0.6365213990211487, 0.5581167340278625, 0.5114777088165283, -0.7671606540679932, -0.3871113061904907, 0.6745697855949402, 0.07940389961004257, 0.7339281439781189),
            ["Head"] = CFrame.new(5.960464477539063e-08, -2.384185791015625e-07, -5.21540641784668e-08, 0.705896258354187, -0.21966126561164856, -0.6733940839767456, -0.22974613308906555, 0.8282938003540039, -0.5110245943069458, 0.6700204610824585, 0.5154398679733276, 0.5342230796813965),
            ["RightHand"] = CFrame.new(2.682209014892578e-07, -9.5367431640625e-07, 2.9802322387695312e-08, -0.3811695873737335, 0.20664168894290924, -0.901115357875824, 0.06884834915399551, 0.9783384799957275, 0.19522760808467865, 0.9219379425048828, 0.012374458834528923, -0.38713976740837097),
            ["UpperTorso"] = CFrame.new(1.30385160446167e-08, -5.960464477539063e-08, 1.862645149230957e-09, 0.8954278826713562, 0.09445508569478989, -0.43507152795791626, -0.03806523233652115, 0.9898993372917175, 0.13656678795814514, 0.4435763955116272, -0.10572462528944016, 0.88997882604599),
            ["HumanoidRootPart"] = CFrame.new(0, 0, 0, 1, 0, 0, 0, 1, 0, 0, 0, 1),
            ["RightUpperLeg"] = CFrame.new(5.960464477539063e-08, -1.7927959561347961e-07, -1.6596459317952394e-08, 0.6427460312843323, -0.7384341359138489, 0.2039411962032318, 0.6995829343795776, 0.45728856325149536, -0.5490643382072449, 0.3121877610683441, 0.4955826997756958, 0.8105161786079407),
            ["LeftUpperArm"] = CFrame.new(0, -4.76837158203125e-07, 2.2351741790771484e-08, 0.7780147790908813, -0.19981487095355988, -0.5956234931945801, -0.1909080594778061, -0.9784343838691711, 0.07886943966150284, -0.5985376238822937, 0.05234770476818085, -0.7993825078010559),
            ["RightLowerArm"] = CFrame.new(-2.980232238769531e-07, -3.5762786865234375e-07, 1.4901161193847656e-07, 1, 7.4505797087454084e-09, -1.862645149230957e-08, -4.8428763221863846e-08, 1, 1.1175870895385742e-08, 0, 3.7252898543727042e-09, 1),
            ["LeftHand"] = CFrame.new(1.1920928955078125e-07, 5.364418029785156e-07, 1.4156103134155273e-07, 0.3132820129394531, 0.06849977374076843, 0.9471864700317383, -0.3005443215370178, 0.9532811641693115, 0.030464481562376022, -0.9008482098579407, -0.29421547055244446, 0.3192330300807953),
            ["LeftFoot"] = CFrame.new(7.078051567077637e-08, -5.960464477539063e-08, 7.450580596923828e-09, 0.87836754322052, -0.2492120862007141, 0.40787771344184875, 0.3300797641277313, 0.9334380626678467, -0.14050137996673584, -0.3457138240337372, 0.25804397463798523, 0.9021614789962769),
            ["LowerTorso"] = CFrame.new(0.33583325147628784, -0.619353175163269, -0.11841025948524475, 0.99524986743927, 0.06668612360954285, -0.07092682272195816, -0.06285983324050903, 0.9965124726295471, 0.054877832531929016, 0.07433904707431793, -0.05015870928764343, 0.9959707856178284),
            ["RightLowerLeg"] = CFrame.new(-2.086162567138672e-07, -0.000003874301910400391, -0.000013439152098726481, 1, -1.1920930376163597e-07, -8.940698847936801e-08, 7.450579886381092e-08, 0.49722522497177124, 0.867621123790741, -1.4901159772762185e-07, -0.8676216006278992, 0.497225821018219),
            ["LeftUpperLeg"] = CFrame.new(2.9802322387695312e-08, -4.637986421585083e-07, 1.7695128917694092e-08, 0.7604148387908936, 0.5476683378219604, -0.34904029965400696, -0.6372072696685791, 0.7329908609390259, -0.23809900879859924, 0.12544381618499756, 0.4034648835659027, 0.9063552021980286),
            ["LeftLowerLeg"] = CFrame.new(-1.4901161193847656e-08, 0.000004112720489501953, 0.000013336539268493652, 1, 3.725290298461914e-08, 0, -1.3411046495548362e-07, 0.6393072009086609, 0.7689513564109802, 1.1920930376163597e-07, -0.768951416015625, 0.6393072605133057),
        }},
        {Time = 0.133, Data = {
            ["RightFoot"] = CFrame.new(3.3527612686157227e-08, 2.980232238769531e-07, 1.287116901949048e-08, 0.7801546454429626, 0.6014038324356079, -0.1722572296857834, -0.6203562617301941, 0.7792580723762512, -0.08896574378013611, 0.08072865754365921, 0.17626790702342987, 0.981026291847229),
            ["LeftLowerArm"] = CFrame.new(-3.5762786865234375e-07, 2.384185791015625e-07, -3.725290298461914e-08, 1, -2.700834755842152e-08, 1.8626449271863521e-09, -2.7939672797572257e-09, 0.9971995949745178, -0.07478685677051544, -1.303851426825986e-08, 0.07478684931993484, 0.9971995949745178),
            ["RightUpperArm"] = CFrame.new(1.1920928955078125e-07, -4.76837158203125e-07, 0, -0.4145560562610626, -0.5952314138412476, 0.6883624196052551, 0.3423294723033905, -0.8028636574745178, -0.4880785346031189, 0.843180775642395, 0.033310920000076294, 0.5365971326828003),
            ["Head"] = CFrame.new(-1.7695128917694092e-08, 0, -5.960464477539063e-08, 0.7230497598648071, -0.2441752552986145, -0.6462023258209229, -0.26271921396255493, 0.7679552435874939, -0.584143340587616, 0.6388878226280212, 0.5921345353126526, 0.4911203980445862),
            ["RightHand"] = CFrame.new(-5.066394805908203e-07, 2.384185791015625e-07, -2.384185791015625e-07, -0.624754011631012, 0.12609300017356873, -0.7705732583999634, 0.3957047462463379, 0.9018896818161011, -0.17324267327785492, 0.673127293586731, -0.4131532907485962, -0.6133546829223633),
            ["UpperTorso"] = CFrame.new(-1.862645149230957e-09, 2.9802322387695312e-08, -1.4901161193847656e-08, 0.9001019597053528, 0.15596963465213776, -0.4068045914173126, -0.09550061821937561, 0.9816491007804871, 0.16505993902683258, 0.4250836968421936, -0.10972069203853607, 0.8984794616699219),
            ["HumanoidRootPart"] = CFrame.new(0, 0, 0, 1, 0, 0, 0, 1, 0, 0, 0, 1),
            ["RightUpperLeg"] = CFrame.new(-2.9802322387695312e-08, 1.7927959561347961e-07, 1.3205863069742918e-08, 0.6816454529762268, -0.6954932808876038, 0.22726362943649292, 0.6691604852676392, 0.4669342041015625, -0.5780974626541138, 0.2959456145763397, 0.5461332201957703, 0.7836801409721375),
            ["LeftUpperArm"] = CFrame.new(1.1920928955078125e-07, -2.384185791015625e-07, -2.60770320892334e-08, 0.7121642231941223, -0.06959893554449081, -0.698554277420044, 0.024928154423832893, -0.991938591003418, 0.12424345314502716, -0.7015702128410339, -0.10589538514614105, -0.7046881914138794),
            ["RightLowerArm"] = CFrame.new(3.5762786865234375e-07, 5.960464477539062e-07, -4.172325134277344e-07, 1, -1.1175873559921001e-08, -4.4703494239684005e-08, 6.705523958316917e-08, 0.99427330493927, -0.1068677231669426, 2.2351747119842003e-08, 0.1068677008152008, 0.99427330493927),
            ["LeftHand"] = CFrame.new(-1.341104507446289e-07, 0, -5.587935447692871e-08, 0.024607624858617783, 0.12831471860408783, 0.9914281964302063, -0.458236426115036, 0.882855236530304, -0.10288910567760468, -0.8884896636009216, -0.4517765939235687, 0.08052343875169754),
            ["LeftFoot"] = CFrame.new(-3.91155481338501e-08, 0, -2.9802322387695312e-08, 0.9201029539108276, -0.1458233892917633, 0.3635193109512329, 0.20853197574615479, 0.9680151343345642, -0.13950319588184357, -0.3315494656562805, 0.20416271686553955, 0.9210822582244873),
            ["LowerTorso"] = CFrame.new(0.3544871509075165, -0.5746288299560547, -0.12646593153476715, 0.9885525107383728, 0.07200893759727478, -0.1325845718383789, -0.06291452795267105, 0.995450496673584, 0.0715545266866684, 0.13713392615318298, -0.0623939111828804, 0.9885855913162231),
            ["RightLowerLeg"] = CFrame.new(-4.3213367462158203e-07, -0.0000036954879760742188, -0.00001322308526141569, 1, -1.4901162614933128e-07, -2.2351736461700966e-08, 8.940696716308594e-08, 0.5263577699661255, 0.8502631783485413, 5.587935447692871e-08, -0.8502631783485413, 0.5263577699661255),
            ["LeftUpperLeg"] = CFrame.new(0, 3.0640512704849243e-07, -1.1175870895385742e-08, 0.7839279174804688, 0.5851494073867798, -0.20750321447849274, -0.6208301782608032, 0.7416119575500488, -0.25412845611572266, 0.00518384063616395, 0.3280427157878876, 0.9446486830711365),
            ["LeftLowerLeg"] = CFrame.new(-9.685754776000977e-08, 0.000003933906555175781, 0.000013306736946105957, 1, 1.9371512394172896e-07, 8.940695295223122e-08, -7.450579886381092e-08, 0.697218120098114, 0.7168592810630798, 7.4505797087454084e-09, -0.7168591022491455, 0.6972180008888245),
        }},
        {Time = 0.167, Data = {
            ["RightFoot"] = CFrame.new(-1.424923539161682e-07, 4.172325134277344e-07, -7.094786269590259e-08, 0.8327430486679077, 0.5326062440872192, -0.15122760832309723, -0.5316426753997803, 0.8454815149307251, 0.05016947165131569, 0.15458057820796967, 0.03862088918685913, 0.9872250556945801),
            ["LeftLowerArm"] = CFrame.new(1.1920928955078125e-07, -1.1920928955078125e-07, 5.960464477539063e-08, 1, -1.4901164746561335e-08, 7.450580596923828e-09, 1.816079198135867e-08, 0.9794101715087891, -0.20188070833683014, 4.6566133171666024e-09, 0.20188066363334656, 0.9794101119041443),
            ["RightUpperArm"] = CFrame.new(-2.384185791015625e-07, -1.1920928955078125e-07, -1.1920928955078125e-07, -0.3530133068561554, -0.5851468443870544, 0.7300580739974976, 0.2280816286802292, -0.8105751276016235, -0.5393950939178467, 0.907392144203186, -0.023900728672742844, 0.4196047782897949),
            ["Head"] = CFrame.new(-1.1920928955078125e-07, 1.1920928955078125e-07, -1.1920928955078125e-07, 0.7371142506599426, -0.2292252480983734, -0.6357030868530273, -0.29520854353904724, 0.7369759678840637, -0.6080447435379028, 0.6078771352767944, 0.6358633637428284, 0.47556623816490173),
            ["RightHand"] = CFrame.new(-8.940696716308594e-08, 0, -8.940696716308594e-08, -0.5878725051879883, 0.08813177794218063, -0.8041385412216187, 0.3318490982055664, 0.9328311085700989, -0.14036506414413452, 0.737754762172699, -0.34936949610710144, -0.5776321291923523),
            ["UpperTorso"] = CFrame.new(1.862645149230957e-08, -2.9802322387695312e-08, -7.450580596923828e-09, 0.9212527275085449, 0.21824288368225098, -0.3219683766365051, -0.15457673370838165, 0.9650055170059204, 0.21182623505592346, 0.35693085193634033, -0.14537662267684937, 0.9227491617202759),
            ["HumanoidRootPart"] = CFrame.new(0, 0, 0, 1, 0, 0, 0, 1, 0, 0, 0, 1),
            ["RightUpperLeg"] = CFrame.new(1.7881393432617188e-07, 1.5203841030597687e-07, 2.2519088815897703e-08, 0.7341532111167908, -0.6333722472190857, 0.24466106295585632, 0.6371568441390991, 0.5181315541267395, -0.570587694644928, 0.2346278876066208, 0.5747863054275513, 0.7839455604553223),
            ["LeftUpperArm"] = CFrame.new(-2.384185791015625e-07, 0, -1.1175870895385742e-07, 0.649924099445343, 0.009703733958303928, -0.7599371671676636, 0.12909270823001862, -0.9867976307868958, 0.0978039875626564, -0.7489551901817322, -0.16166754066944122, -0.6425961852073669),
            ["RightLowerArm"] = CFrame.new(-8.344650268554688e-07, 2.384185791015625e-07, -5.960464477539063e-08, 1, -7.916241884231567e-08, 1.4901161193847656e-08, 1.6391277313232422e-07, 0.97212153673172, -0.23447778820991516, 0, 0.23447777330875397, 0.97212153673172),
            ["LeftHand"] = CFrame.new(5.960464477539063e-08, -4.76837158203125e-07, -5.587935447692871e-08, 0.25538206100463867, 0.2512276768684387, 0.9336298108100891, -0.5483077764511108, 0.8329817652702332, -0.0741623193025589, -0.7963283061981201, -0.49297675490379333, 0.3504786193370819),
            ["LeftFoot"] = CFrame.new(9.220093488693237e-08, 0, 1.4901161193847656e-08, 0.9377005696296692, -0.015477459877729416, 0.3470992147922516, 0.07444518804550171, 0.9847558736801147, -0.1572059690952301, -0.33937516808509827, 0.17325203120708466, 0.9245585203170776),
            ["LowerTorso"] = CFrame.new(0.3322667181491852, -0.4947364330291748, -0.1311211884021759, 0.9717912077903748, 0.06631822884082794, -0.22632662951946259, -0.050107263028621674, 0.9957989454269409, 0.07664066553115845, 0.23045848309993744, -0.06313811987638474, 0.971031665802002),
            ["RightLowerLeg"] = CFrame.new(-8.940696716308594e-08, -0.0000036954879760742188, -0.000013241711712908, 1, -1.3411046495548362e-07, 3.725291630729544e-09, 5.960465188081798e-08, 0.6627833843231201, 0.7488108277320862, -4.6566135836201283e-08, -0.7488112449645996, 0.6627837419509888),
            ["LeftUpperLeg"] = CFrame.new(0, -2.3283064365386963e-08, -1.862645149230957e-08, 0.8066576719284058, 0.5893242955207825, -0.044729165732860565, -0.5800912976264954, 0.7749857306480408, -0.25078046321868896, -0.11312638223171234, 0.2282409965991974, 0.9670100808143616),
            ["LeftLowerLeg"] = CFrame.new(2.384185791015625e-07, 0.0000037550926208496094, 0.000013276934623718262, 1, 5.5879347371501353e-08, 1.4901164746561335e-08, -1.601874686230076e-07, 0.7384585738182068, 0.6742988228797913, 5.960463766996327e-08, -0.6742989420890808, 0.7384586334228516),
        }},
        {Time = 0.200, Data = {
            ["RightFoot"] = CFrame.new(5.4016709327697754e-08, 5.364418029785156e-07, 1.892476575449109e-08, 0.8805807828903198, 0.4627995789051056, -0.10195279866456985, -0.4245951771736145, 0.8660435676574707, 0.26398345828056335, 0.21046726405620575, -0.18916967511177063, 0.9591237306594849),
            ["LeftLowerArm"] = CFrame.new(-2.384185791015625e-07, -7.152557373046875e-07, 1.9371509552001953e-07, 1, -3.725289943190546e-08, 7.450578820566989e-09, 3.725290653733282e-08, 0.9680331349372864, -0.25082236528396606, 2.51457130673316e-08, 0.25082236528396606, 0.9680331349372864),
            ["RightUpperArm"] = CFrame.new(-1.7881393432617188e-07, 2.384185791015625e-07, 0, -0.34261831641197205, -0.5490720868110657, 0.7623204588890076, 0.07637958228588104, -0.8250263333320618, -0.5599087476730347, 0.9363647699356079, -0.1336093246936798, 0.32460692524909973),
            ["Head"] = CFrame.new(4.470348358154297e-08, 0, -5.960464477539063e-08, 0.7398406863212585, -0.18002915382385254, -0.6482478380203247, -0.3302176594734192, 0.742316484451294, -0.5830287933349609, 0.5861672163009644, 0.6454113721847534, 0.4897470474243164),
            ["RightHand"] = CFrame.new(6.556510925292969e-07, -3.5762786865234375e-07, -1.1920928955078125e-07, -0.45299655199050903, 0.006040231324732304, -0.8914918899536133, 0.1749989241361618, 0.9811250567436218, -0.08227516710758209, 0.8741679191589355, -0.19328051805496216, -0.4455033242702484),
            ["UpperTorso"] = CFrame.new(-2.9802322387695312e-08, 1.7881393432617188e-07, 1.4901161193847656e-08, 0.9480249881744385, 0.2585366368293762, -0.18549302220344543, -0.206263929605484, 0.9432014226913452, 0.26043471693992615, 0.24228911101818085, -0.20863807201385498, 0.9475052952766418),
            ["HumanoidRootPart"] = CFrame.new(0, 0, 0, 1, 0, 0, 0, 1, 0, 0, 0, 1),
            ["RightUpperLeg"] = CFrame.new(-2.086162567138672e-07, 6.968621164560318e-07, 2.0656443666666746e-08, 0.7659821510314941, -0.5622655153274536, 0.3116554617881775, 0.6276657581329346, 0.5493278503417969, -0.5516108870506287, 0.13895030319690704, 0.6181395053863525, 0.7736901044845581),
            ["LeftUpperArm"] = CFrame.new(5.960464477539063e-08, 4.76837158203125e-07, -9.499490261077881e-08, 0.5687558054924011, 0.04624428227543831, -0.8212053775787354, 0.15891477465629578, -0.9857842326164246, 0.054550059139728546, -0.8070086240768433, -0.1615273356437683, -0.5680193901062012),
            ["RightLowerArm"] = CFrame.new(-1.4901161193847656e-07, -5.960464477539062e-07, -4.172325134277344e-07, 1, 2.9802315282267955e-08, 4.470347647611561e-08, 7.450579175838357e-08, 0.9628236293792725, -0.27013108134269714, -1.4901157641133977e-08, 0.27013108134269714, 0.9628235697746277),
            ["LeftHand"] = CFrame.new(-1.043081283569336e-07, -1.1920928955078125e-07, 1.1594966053962708e-07, 0.2485525757074356, 0.40793120861053467, 0.87852942943573, -0.5712351202964783, 0.7942118644714355, -0.2071664184331894, -0.7822481393814087, -0.45035505294799805, 0.4304278492927551),
            ["LeftFoot"] = CFrame.new(-9.685754776000977e-08, 5.960464477539063e-08, 0, 0.9117293357849121, 0.06514496356248856, 0.40559303760528564, 0.020957710221409798, 0.9786832332611084, -0.20430389046669006, -0.410256564617157, 0.19477027654647827, 0.8909288644790649),
            ["LowerTorso"] = CFrame.new(0.28439685702323914, -0.4528512954711914, -0.13299906253814697, 0.9397582411766052, 0.05462854355573654, -0.33744654059410095, -0.032941170036792755, 0.9970262050628662, 0.06966837495565414, 0.3402489125728607, -0.054355550557374954, 0.9387630820274353),
            ["RightLowerLeg"] = CFrame.new(6.705522537231445e-08, -0.000003993511199951172, -0.000013399105228018016, 1, -2.1606678046737215e-07, -1.4901159417490817e-08, 2.9802315282267955e-08, 0.7871511578559875, 0.616759717464447, -5.739273944982415e-08, -0.6167601346969604, 0.7871514558792114),
            ["LeftUpperLeg"] = CFrame.new(8.940696716308594e-08, 3.4365803003311157e-07, -7.450580596923828e-09, 0.8232067823410034, 0.565795361995697, 0.04697195068001747, -0.5452370643615723, 0.8109282851219177, -0.21239522099494934, -0.1582631915807724, 0.14923422038555145, 0.976054310798645),
            ["LeftLowerLeg"] = CFrame.new(-7.450580596923828e-09, 0.000003814697265625, 0.000013366341590881348, 1, 1.0430814256778831e-07, 2.2351747119842003e-08, -3.725290653733282e-08, 0.7220179438591003, 0.691874086856842, -7.450581485102248e-09, -0.6918743252754211, 0.722018301486969),
        }},
        {Time = 0.233, Data = {
            ["RightFoot"] = CFrame.new(-1.7136335372924805e-07, 2.980232238769531e-07, 1.6952981241047382e-09, 0.9088084697723389, 0.4139012098312378, -0.05247161537408829, -0.33946144580841064, 0.8066877722740173, 0.4837568700313568, 0.24255555868148804, -0.4218301475048065, 0.8736281991004944),
            ["LeftLowerArm"] = CFrame.new(5.960464477539063e-08, -2.384185791015625e-07, 2.9802322387695312e-08, 1, 7.450581485102248e-09, 4.4703497792397684e-08, 1.4901164746561335e-08, 0.928974986076355, -0.3701426088809967, -3.725291186640334e-09, 0.3701426386833191, 0.9289750456809998),
            ["RightUpperArm"] = CFrame.new(-1.7881393432617188e-07, 1.1920928955078125e-07, 1.7136335372924805e-07, -0.2846693694591522, -0.6038836240768433, 0.7445051670074463, 0.030641432851552963, -0.7819731831550598, -0.62255859375, 0.9581359028816223, -0.154410719871521, 0.24110764265060425),
            ["Head"] = CFrame.new(4.470348358154297e-08, 1.1920928955078125e-07, 8.940696716308594e-08, 0.7110388278961182, -0.11452707648277283, -0.6937631368637085, -0.3726804554462433, 0.775283932685852, -0.5099453330039978, 0.596265971660614, 0.6211428642272949, 0.5085749626159668),
            ["RightHand"] = CFrame.new(-2.9802322387695312e-08, 7.748603820800781e-07, 3.2782554626464844e-07, -0.2061316817998886, -0.11192916333675385, -0.9721017479896545, -0.022859720513224602, 0.9937162399291992, -0.10957049578428268, 0.9782572984695435, -0.00036390128661878407, -0.20739507675170898),
            ["UpperTorso"] = CFrame.new(-2.2351741790771484e-08, 1.7881393432617188e-07, -7.450580596923828e-09, 0.9623331427574158, 0.2691463828086853, -0.03840934485197067, -0.2459503710269928, 0.9220491051673889, 0.2988877594470978, 0.11585990339517593, -0.2781827449798584, 0.9535150527954102),
            ["HumanoidRootPart"] = CFrame.new(0, 0, 0, 1, 0, 0, 0, 1, 0, 0, 0, 1),
            ["RightUpperLeg"] = CFrame.new(-1.7881393432617188e-07, -1.157168298959732e-07, -3.894820110872388e-08, 0.7683505415916443, -0.5214966535568237, 0.3710503876209259, 0.6387084722518921, 0.5875357985496521, -0.4968438446521759, 0.04109683632850647, 0.6187430024147034, 0.7845175266265869),
            ["LeftUpperArm"] = CFrame.new(1.7881393432617188e-07, 2.384185791015625e-07, 7.264316082000732e-08, 0.4403972923755646, 0.0468323715031147, -0.8965808153152466, 0.09024108946323395, -0.9958902597427368, -0.007693666033446789, -0.8932563066482544, -0.07752016186714172, -0.44281336665153503),
            ["RightLowerArm"] = CFrame.new(2.384185791015625e-07, -7.748603820800781e-07, -5.364418029785156e-07, 1, 1.1175872671742582e-08, 1.4901159417490817e-08, 5.960463766996327e-08, 0.9553481936454773, -0.29548248648643494, -1.4901159417490817e-08, 0.2954825162887573, 0.9553481340408325),
            ["LeftHand"] = CFrame.new(2.2351741790771484e-07, -4.76837158203125e-07, -3.948807716369629e-07, 0.2249804437160492, 0.5541876554489136, 0.8014112114906311, -0.5345908403396606, 0.7578542828559875, -0.3739914894104004, -0.8146143555641174, -0.3442862927913666, 0.4667659401893616),
            ["LeftFoot"] = CFrame.new(5.960464477539063e-08, -1.1920928955078125e-07, -3.725290298461914e-08, 0.8635481595993042, 0.08424535393714905, 0.49717947840690613, 0.04556218162178993, 0.9688782095909119, -0.243308424949646, -0.5022038817405701, 0.23276104032993317, 0.8328347206115723),
            ["LowerTorso"] = CFrame.new(0.22942213714122772, -0.4398503303527832, -0.13356170058250427, 0.9023439884185791, 0.04224531725049019, -0.4289413392543793, -0.02150557190179825, 0.9983583688735962, 0.05308544635772705, 0.4304797947406769, -0.038676705211400986, 0.9017711877822876),
            ["RightLowerLeg"] = CFrame.new(6.705522537231445e-08, -0.0000035762786865234375, -0.000013312492228578776, 1, 5.5879368687783426e-08, 1.4901164746561335e-08, 1.713633963618122e-07, 0.9061592221260071, 0.42293673753738403, -4.656613938891496e-08, -0.42293688654899597, 0.9061593413352966),
            ["LeftUpperLeg"] = CFrame.new(8.940696716308594e-08, 2.300366759300232e-07, -1.4901161193847656e-08, 0.846881091594696, 0.5260637998580933, 0.07777425646781921, -0.51170814037323, 0.845954418182373, -0.15005488693714142, -0.14473176002502441, 0.08728126436471939, 0.9856138825416565),
            ["LeftLowerLeg"] = CFrame.new(-4.470348358154297e-08, 0.000003933906555175781, 0.000013269484043121338, 1, -7.450579886381092e-08, -7.450582373280668e-09, -8.195639367158947e-08, 0.6925963759422302, 0.7213252782821655, 3.3527616238870905e-08, -0.7213253974914551, 0.6925965547561646),
        }},
        {Time = 0.267, Data = {
            ["RightFoot"] = CFrame.new(-2.1979212760925293e-07, 2.980232238769531e-07, -6.535992724820971e-08, 0.9109659194946289, 0.4112732708454132, -0.031551823019981384, -0.30765533447265625, 0.728417694568634, 0.6121731400489807, 0.274753212928772, -0.5479615330696106, 0.7900940179824829),
            ["LeftLowerArm"] = CFrame.new(6.556510925292969e-07, 0.0000013113021850585938, -2.2351741790771484e-08, 1, -5.960465188081798e-08, 5.960464477539063e-08, 5.960463056453591e-08, 0.8564247488975525, -0.5162720084190369, 0, 0.5162720084190369, 0.8564247488975525),
            ["RightUpperArm"] = CFrame.new(1.1920928955078125e-07, 1.1920928955078125e-07, 7.450580596923828e-09, -0.1354890912771225, -0.7486927509307861, 0.6489236354827881, 0.0503263846039772, -0.659318208694458, -0.7501779198646545, 0.9894999265670776, -0.06898294389247894, 0.12700936198234558),
            ["Head"] = CFrame.new(2.9802322387695312e-08, -2.384185791015625e-07, -8.940696716308594e-08, 0.6568582653999329, -0.030981361865997314, -0.753377377986908, -0.4120933413505554, 0.8219800591468811, -0.39310047030448914, 0.6314399242401123, 0.5686730146408081, 0.5271571278572083),
            ["RightHand"] = CFrame.new(0, -2.384185791015625e-07, -5.662441253662109e-07, 0.10781797766685486, -0.2392875850200653, -0.9649439454078674, -0.1408795863389969, 0.9571300745010376, -0.25309109687805176, 0.9841383099555969, 0.1632288247346878, 0.06948503851890564),
            ["UpperTorso"] = CFrame.new(3.725290298461914e-09, 0, 7.450580596923828e-09, 0.962952196598053, 0.26102444529533386, 0.06774423271417618, -0.2687804102897644, 0.9085785746574402, 0.3197532892227173, 0.021912453696131706, -0.3261154592037201, 0.9450759887695312),
            ["HumanoidRootPart"] = CFrame.new(0, 0, 0, 1, 0, 0, 0, 1, 0, 0, 0, 1),
            ["RightUpperLeg"] = CFrame.new(1.1920928955078125e-07, -3.307359293103218e-07, -2.032174961641431e-08, 0.7499446272850037, -0.5404303669929504, 0.38146811723709106, 0.6612629890441895, 0.6279247999191284, -0.4104168713092804, -0.017731567844748497, 0.5600405335426331, 0.8282753825187683),
            ["LeftUpperArm"] = CFrame.new(0, -1.1920928955078125e-07, 5.774199962615967e-08, 0.27948036789894104, 0.00009262559615308419, -0.9601513743400574, -0.06553790718317032, -0.9976658821105957, -0.019172919914126396, -0.957912027835846, 0.06828474998474121, -0.27882224321365356),
            ["RightLowerArm"] = CFrame.new(6.556510925292969e-07, 0, -1.4901161193847656e-07, 1, -1.1175868230850483e-08, 2.9802322387695312e-08, 2.980232594040899e-08, 0.9319354295730591, -0.3626243472099304, -3.725290653733282e-08, 0.36262425780296326, 0.9319354295730591),
            ["LeftHand"] = CFrame.new(-2.086162567138672e-07, -5.960464477539063e-08, -5.21540641784668e-07, 0.2913607954978943, 0.49091213941574097, 0.8210445642471313, -0.31293097138404846, 0.8599727153778076, -0.4031390845775604, -0.9039818048477173, -0.13947129249572754, 0.4041840136051178),
            ["LeftFoot"] = CFrame.new(-6.332993507385254e-08, 0, -3.91155481338501e-08, 0.8414371013641357, 0.08163157850503922, 0.5341531038284302, 0.07924547791481018, 0.9591927528381348, -0.27142107486724854, -0.5345126390457153, 0.27071312069892883, 0.8006317019462585),
            ["LowerTorso"] = CFrame.new(0.19111748039722443, -0.44265294075012207, -0.13404640555381775, 0.8858007192611694, 0.034630414098501205, -0.4627718925476074, -0.021935656666755676, 0.9992216229438782, 0.032786861062049866, 0.46354711055755615, -0.01889142021536827, 0.8858708739280701),
            ["RightLowerLeg"] = CFrame.new(-5.587935447692871e-08, -0.0000035762786865234375, -0.000013305041647981852, 1, -9.266661749052219e-08, -1.6391278734317893e-07, 1.1920931797249068e-07, 0.9744834303855896, 0.2244594395160675, -5.5879368687783426e-08, -0.22445961833000183, 0.9744834303855896),
