return {
    ["Dance Off"] = {
        {Time = 0.000, Data = {
            ["LeftFoot"] = CFrame.new(-9.033828973770142e-08, -7.152557373046875e-07, -6.146728992462158e-08, 0.9857544302940369, -0.1528092473745346, -0.07026370614767075, 0.11850631982088089, 0.9274964332580566, -0.35454604029655457, 0.11934997141361237, 0.3411741554737091, 0.9323949217796326),
            ["LeftLowerArm"] = CFrame.new(-1.1920928955078125e-07, 1.7881393432617188e-07, 1.6391277313232422e-07, 1, -3.865035225203428e-08, 9.918471732817125e-08, 1.2386590242385864e-07, 0.2194487601518631, -0.9756240844726562, -6.868503987789154e-08, 0.9756240844726562, 0.2194487601518631),
            ["LowerTorso"] = CFrame.new(0.014945494011044502, -0.12651121616363525, -0.061860065907239914, 0.9943565726280212, -0.042873069643974304, 0.09704083204269409, 0.04986106604337692, 0.9962457418441772, -0.07076986879110336, -0.09364240616559982, 0.07520904392004013, 0.9927611351013184),
            ["Head"] = CFrame.new(9.313225746154785e-09, -1.1920928955078125e-07, 1.862645149230957e-08, 0.9942222237586975, -0.015041977167129517, -0.10628265887498856, 0.041657332330942154, 0.9665997624397278, 0.25288280844688416, 0.09892898797988892, -0.2558490037918091, 0.9616415500640869),
            ["RightUpperArm"] = CFrame.new(0, -2.384185791015625e-07, 4.842877388000488e-08, 0.4308639168739319, -0.8636713027954102, 0.26158782839775085, 0.8805354833602905, 0.4658127427101135, 0.08761138468980789, -0.19751831889152527, 0.1925886571407318, 0.9611951112747192),
            ["UpperTorso"] = CFrame.new(-6.752088665962219e-09, 2.086162567138672e-07, 2.5320332497358322e-09, 0.96260005235672, -0.07849763333797455, -0.25930580496788025, 0.0738852322101593, 0.9968875050544739, -0.027501702308654785, 0.2606574594974518, 0.007314248010516167, 0.96540367603302),
            ["HumanoidRootPart"] = CFrame.new(0, 0, 0, 1, 0, 0, 0, 1, 0, 0, 0, 1),
            ["RightHand"] = CFrame.new(5.029141902923584e-08, -2.980232238769531e-07, -1.043081283569336e-07, 0.6619879007339478, 0.7172397971153259, 0.2175971418619156, -0.20664569735527039, 0.45371314883232117, -0.8668601512908936, -0.7204648852348328, 0.5288776755332947, 0.4485587179660797),
            ["LeftUpperArm"] = CFrame.new(5.960464477539063e-08, -2.384185791015625e-07, -3.725290298461914e-09, 0.8198778629302979, 0.28531327843666077, -0.4963836669921875, -0.02941620908677578, 0.8868340253829956, 0.4611508548259735, 0.5717824101448059, -0.3634856343269348, 0.7354884147644043),
            ["RightLowerArm"] = CFrame.new(0, 5.364418029785156e-07, -4.563480615615845e-08, 1, -5.634573341239957e-08, 8.474935242475112e-08, 6.915070827062664e-08, -0.04259420186281204, -0.9990925192832947, 6.053597445543346e-08, 0.9990925192832947, -0.04259432852268219),
            ["LeftHand"] = CFrame.new(-3.864988684654236e-08, -2.980232238769531e-07, 0, 0.998416006565094, -0.052479129284620285, -0.020284952595829964, 0.04705085605382919, 0.976476788520813, -0.2104339301586151, 0.030849982053041458, 0.20913885533809662, 0.9773976802825928),
            ["RightUpperLeg"] = CFrame.new(0, 1.3504177331924438e-07, -9.313225746154785e-09, 0.9222151637077332, -0.12174133956432343, -0.3670122027397156, 0.05413031205534935, 0.9804441332817078, -0.18920932710170746, 0.3828694224357605, 0.15462347865104675, 0.9107698798179626),
            ["LeftUpperLeg"] = CFrame.new(0, 9.42964106798172e-08, -9.313225746154785e-10, 0.9625007510185242, 0.26016148924827576, 0.07686464488506317, -0.2168431580066681, 0.9080888628959656, -0.3582678437232971, -0.16300766170024872, 0.3281627595424652, 0.9304493069648743),
            ["RightLowerLeg"] = CFrame.new(3.725290298461914e-08, -2.384185791015625e-07, 9.313225746154785e-08, 1, -7.227034757306683e-07, -2.533207918986591e-07, 7.22706431588449e-07, 0.7835720181465149, 0.6212906241416931, -2.9057267170173873e-07, -0.6213009357452393, 0.7835803031921387),
            ["RightFoot"] = CFrame.new(1.434236764907837e-07, 0, 1.0058283805847168e-07, 0.993568480014801, 0.07068292796611786, -0.0884607657790184, -0.09870842099189758, 0.9234599471092224, -0.3707742691040039, 0.055484138429164886, 0.3771282434463501, 0.9245005249977112),
            ["LeftLowerLeg"] = CFrame.new(7.450580596923828e-09, -5.960464477539063e-08, -5.960464477539063e-08, 1, -1.4901084810503562e-08, -9.685795276936915e-08, 5.960465188081798e-08, 0.6986390352249146, 0.7154661417007446, 6.705523247774181e-08, -0.7154743075370789, 0.6986474990844727),
        }},
        {Time = 0.033, Data = {
            ["LeftFoot"] = CFrame.new(-8.288770914077759e-08, -7.152557373046875e-07, 1.862645149230957e-08, 0.9859451055526733, -0.15365932881832123, -0.06557858735322952, 0.11981669068336487, 0.9238908886909485, -0.36340832710266113, 0.11643145233392715, 0.350448876619339, 0.9293189644813538),
            ["LeftLowerArm"] = CFrame.new(-5.960464477539063e-08, 3.5762786865234375e-07, 2.60770320892334e-08, 1, -6.007101660543412e-08, 6.23979019565013e-08, 1.1129304766654968e-07, 0.25596293807029724, -0.9666866064071655, -8.707866072654724e-08, 0.9666865468025208, 0.25596287846565247),
            ["LowerTorso"] = CFrame.new(0.014780784025788307, -0.13545513153076172, -0.06184137240052223, 0.995087742805481, -0.0380556620657444, 0.09139017760753632, 0.044607993215322495, 0.9964956641197205, -0.07075781375169754, -0.08837718516588211, 0.07448696345090866, 0.9932981133460999),
            ["Head"] = CFrame.new(-1.6763806343078613e-08, -2.384185791015625e-07, 2.421438694000244e-08, 0.9962815046310425, -0.017090363427996635, -0.0844457745552063, 0.03672805428504944, 0.9708571434020996, 0.23682819306850433, 0.0779373049736023, -0.23904883861541748, 0.9678746461868286),
            ["RightUpperArm"] = CFrame.new(0, -2.384185791015625e-07, 2.9802322387695312e-08, 0.3113202154636383, -0.8958982229232788, 0.316932737827301, 0.8181942701339722, 0.4223286211490631, 0.3901239335536957, -0.4833608865737915, 0.13785897195339203, 0.8644980788230896),
            ["UpperTorso"] = CFrame.new(-2.852175384759903e-09, 2.980232238769531e-07, -1.5752448234707117e-09, 0.9627330899238586, -0.07603612542152405, -0.25954511761665344, 0.07171332836151123, 0.997083842754364, -0.026097632944583893, 0.26077255606651306, 0.006512212101370096, 0.9653784036636353),
            ["HumanoidRootPart"] = CFrame.new(0, 0, 0, 1, 0, 0, 0, 1, 0, 0, 0, 1),
            ["RightHand"] = CFrame.new(2.682209014892578e-07, -2.384185791015625e-07, 1.0244548320770264e-07, 0.40190497040748596, 0.8611185550689697, 0.31137123703956604, -0.3937104344367981, 0.4695088565349579, -0.7902907729148865, -0.8267191052436829, 0.19502896070480347, 0.527720034122467),
            ["LeftUpperArm"] = CFrame.new(0, -3.5762786865234375e-07, 2.60770320892334e-08, 0.8226822018623352, 0.28139668703079224, -0.49397358298301697, -0.026349328458309174, 0.8868446350097656, 0.4613160789012909, 0.5678905248641968, -0.3665006160736084, 0.7370058298110962),
            ["RightLowerArm"] = CFrame.new(-2.9802322387695312e-08, 3.5762786865234375e-07, -8.195638656616211e-08, 1, 7.450676520193156e-09, 4.097771011402074e-08, 1.1501835217586631e-07, -0.023393787443637848, -0.9997263550758362, 1.862645326866641e-08, 0.999726414680481, -0.023393921554088593),
            ["LeftHand"] = CFrame.new(-5.21540641784668e-08, -5.960464477539063e-08, -8.940696716308594e-08, 0.9989520907402039, -0.042367834597826004, 0.017313728109002113, 0.045029256492853165, 0.9775155782699585, -0.20600713789463043, -0.008196656592190266, 0.20656278729438782, 0.9783973097801208),
            ["RightUpperLeg"] = CFrame.new(-8.940696716308594e-08, 1.909211277961731e-07, -2.0489096641540527e-08, 0.9251723289489746, -0.13258662819862366, -0.3556356430053711, 0.05797980725765228, 0.9753733277320862, -0.21280626952648163, 0.3750928044319153, 0.1762608289718628, 0.9100751876831055),
            ["LeftUpperLeg"] = CFrame.new(2.9802322387695312e-08, 1.4225952327251434e-07, 0, 0.9633209705352783, 0.2570071220397949, 0.07719935476779938, -0.21260719001293182, 0.9064821600914001, -0.3648153245449066, -0.163740336894989, 0.33501872420310974, 0.9278740286827087),
            ["RightLowerLeg"] = CFrame.new(-1.862645149230957e-07, 0, 0, 1, -7.934833092804183e-07, -2.7194735707780637e-07, 7.972121238708496e-07, 0.7581700086593628, 0.6520466804504395, -3.520399332046509e-07, -0.6520569324493408, 0.7581788301467896),
            ["RightFoot"] = CFrame.new(1.341104507446289e-07, 0, 1.4156103134155273e-07, 0.9933353066444397, 0.07039520144462585, -0.09126398712396622, -0.10051276534795761, 0.9165888428688049, -0.3869841992855072, 0.05641108751296997, 0.39358532428741455, 0.9175588488578796),
            ["LeftLowerLeg"] = CFrame.new(-1.4901161193847656e-08, -2.980232238769531e-07, -9.685754776000977e-08, 1, 2.6076900638827283e-08, -1.1175916370120831e-07, 5.960462345910855e-08, 0.6851310729980469, 0.7284114956855774, 8.195635814445268e-08, -0.7284198999404907, 0.6851399540901184),
        }},
        {Time = 0.067, Data = {
            ["LeftFoot"] = CFrame.new(-6.891787052154541e-08, -6.556510925292969e-07, 4.284083843231201e-08, 0.9860172271728516, -0.1556655466556549, -0.05947888642549515, 0.12115669995546341, 0.91472327709198, -0.3854837417602539, 0.11441610753536224, 0.37289339303970337, 0.9207956194877625),
            ["LeftLowerArm"] = CFrame.new(0, 4.172325134277344e-07, 1.4901161193847656e-07, 1, -2.840564938821899e-08, 1.0104746195338521e-07, 1.2759120693317527e-07, 0.3483690023422241, -0.937357485294342, -4.307367262867956e-08, 0.9373574256896973, 0.3483690619468689),
            ["LowerTorso"] = CFrame.new(0.014344547875225544, -0.15461206436157227, -0.061800744384527206, 0.9964666366577148, -0.03366246074438095, 0.07694875448942184, 0.0390746034681797, 0.9967852234840393, -0.0699465423822403, -0.07434680312871933, 0.07270611077547073, 0.9945785403251648),
            ["Head"] = CFrame.new(1.862645149230957e-09, 0, 5.587935447692871e-09, 0.9995022416114807, -0.01207544282078743, -0.029145870357751846, 0.017711196094751358, 0.9792999625205994, 0.20163866877555847, 0.026107709854841232, -0.20205430686473846, 0.9790263175964355),
            ["RightUpperArm"] = CFrame.new(0, -1.1920928955078125e-07, 4.0978193283081055e-08, 0.16182151436805725, -0.9240670204162598, 0.34628593921661377, 0.6345685124397278, 0.36617904901504517, 0.6806142330169678, -0.7557358145713806, 0.10960406064987183, 0.6456395387649536),
            ["UpperTorso"] = CFrame.new(-9.080395102500916e-09, 2.086162567138672e-07, 2.3734173737466335e-08, 0.9629155993461609, -0.07106322050094604, -0.26027628779411316, 0.06768598407506943, 0.9974656701087952, -0.02192782238125801, 0.26117491722106934, 0.0034975330345332623, 0.9652851819992065),
            ["HumanoidRootPart"] = CFrame.new(0, 0, 0, 1, 0, 0, 0, 1, 0, 0, 0, 1),
            ["RightHand"] = CFrame.new(2.384185791015625e-07, -1.7881393432617188e-07, 7.078051567077637e-08, 0.22388452291488647, 0.8652456998825073, 0.4485875070095062, -0.6804535388946533, 0.46828708052635193, -0.5636480450630188, -0.6977526545524597, -0.17904521524906158, 0.6935923099517822),
            ["LeftUpperArm"] = CFrame.new(1.7881393432617188e-07, -1.1920928955078125e-07, -2.60770320892334e-08, 0.8282363414764404, 0.2757732570171356, -0.48782530426979065, -0.02338029071688652, 0.8867753148078918, 0.4616089165210724, 0.5598910450935364, -0.37091580033302307, 0.7409073114395142),
            ["RightLowerArm"] = CFrame.new(-2.086162567138672e-07, 4.172325134277344e-07, -8.754432201385498e-08, 1, -5.7742720827036464e-08, 6.70544295644504e-08, 7.63684582238966e-08, 0.03102957084774971, -0.9995184540748596, 3.3527616238870905e-08, 0.9995185136795044, 0.03102942369878292),
            ["LeftHand"] = CFrame.new(-1.30385160446167e-07, -1.1920928955078125e-07, 0, 0.9938179850578308, -0.017425382509827614, 0.10964781045913696, 0.04031980037689209, 0.9768268465995789, -0.21020899713039398, -0.10344211012125015, 0.21332073211669922, 0.971488356590271),
            ["RightUpperLeg"] = CFrame.new(0, 1.3969838619232178e-09, 1.6763806343078613e-08, 0.9324607253074646, -0.14559747278690338, -0.3306328356266022, 0.060257688164711, 0.9650533199310303, -0.2550347149372101, 0.3562108874320984, 0.21788407862186432, 0.9086470007896423),
            ["LeftUpperLeg"] = CFrame.new(0, -2.4097971618175507e-08, 2.421438694000244e-08, 0.9626193642616272, 0.2586815059185028, 0.08029703795909882, -0.2097514420747757, 0.8995072245597839, -0.383266806602478, -0.1713722199201584, 0.35209473967552185, 0.92014080286026),
            ["RightLowerLeg"] = CFrame.new(2.2351741790771484e-08, -1.1920928955078125e-07, 0, 1, -8.754384452913655e-07, -3.0920048743610096e-07, 8.270144462585449e-07, 0.7100579142570496, 0.7041335105895996, -4.33996319770813e-07, -0.704143226146698, 0.710067629814148),
            ["RightFoot"] = CFrame.new(1.5459954738616943e-07, -1.1920928955078125e-07, 1.4528632164001465e-07, 0.9928207993507385, 0.06951703876256943, -0.09733407944440842, -0.103921078145504, 0.9042428135871887, -0.41417285799980164, 0.05922286584973335, 0.4213220477104187, 0.9049790501594543),
            ["LeftLowerLeg"] = CFrame.new(-4.470348358154297e-08, -5.960464477539063e-08, 0, 1, 1.229338693065074e-07, -5.21542986575696e-08, 7.4505797087454084e-09, 0.6502041816711426, 0.759751558303833, 6.70552182668871e-08, -0.7597595453262329, 0.6502135396003723),
        }},
        {Time = 0.100, Data = {
            ["LeftFoot"] = CFrame.new(-9.220093488693237e-08, -6.556510925292969e-07, 1.3597309589385986e-07, 0.9858856797218323, -0.15801948308944702, -0.05530623346567154, 0.12213237583637238, 0.9047790765762329, -0.40798693895339966, 0.11451245099306107, 0.39548030495643616, 0.911311149597168),
            ["LeftLowerArm"] = CFrame.new(-1.1920928955078125e-07, 2.980232238769531e-07, 1.4528632164001465e-07, 1, -4.796360286718482e-08, 9.77879395236414e-08, 1.1874364247432823e-07, 0.44450727105140686, -0.8957751989364624, -1.01281344200288e-07, 0.895775318145752, 0.44450753927230835),
            ["LowerTorso"] = CFrame.new(0.013727134093642235, -0.17556357383728027, -0.06177486851811409, 0.997732400894165, -0.02920612320303917, 0.06063983216881752, 0.03337789326906204, 0.9970606565475464, -0.06896331906318665, -0.05844743177294731, 0.07083091884851456, 0.995774507522583),
            ["Head"] = CFrame.new(1.6763806343078613e-08, 0, 1.1175870895385742e-08, 0.9992831349372864, -0.0006053206161595881, 0.03785436600446701, -0.005601857323199511, 0.9865020513534546, 0.16365393996238708, -0.03744243457913399, -0.1637483686208725, 0.9857912659645081),
            ["RightUpperArm"] = CFrame.new(0, -1.1920928955078125e-07, 7.450580596923828e-09, 0.11006543040275574, -0.9176728129386902, 0.3817881941795349, 0.4978850185871124, 0.38335853815078735, 0.777911901473999, -0.8602302670478821, 0.10446538776159286, 0.49908992648124695),
            ["UpperTorso"] = CFrame.new(2.3283064365386963e-09, 4.172325134277344e-07, -3.550667315721512e-08, 0.9631273746490479, -0.06448377668857574, -0.261203795671463, 0.062499839812517166, 0.9979182481765747, -0.015904249623417854, 0.2616855800151825, -0.0010074644815176725, 0.9651526212692261),
            ["HumanoidRootPart"] = CFrame.new(0, 0, 0, 1, 0, 0, 0, 1, 0, 0, 0, 1),
            ["RightHand"] = CFrame.new(8.940696716308594e-08, -2.384185791015625e-07, -5.960464477539063e-08, 0.19556531310081482, 0.782987117767334, 0.590499758720398, -0.5816494822502136, 0.5773938298225403, -0.5729814767837524, -0.7895810008049011, -0.2314034253358841, 0.568332850933075),
            ["LeftUpperArm"] = CFrame.new(0, -1.1920928955078125e-07, 0, 0.8323348164558411, 0.26998472213745117, -0.4840731620788574, -0.021160012111067772, 0.8881890773773193, 0.45899099111557007, 0.5538693070411682, -0.3717910647392273, 0.7449835538864136),
            ["RightLowerArm"] = CFrame.new(5.960464477539063e-08, 1.1920928955078125e-07, -1.601874828338623e-07, 1, -1.2852412112351885e-07, 7.450492489624594e-08, 6.705522537231445e-08, 0.13182605803012848, -0.9912729263305664, -7.450580596923828e-09, 0.9912728667259216, 0.13182604312896729),
            ["LeftHand"] = CFrame.new(1.2293457984924316e-07, -1.7881393432617188e-07, 5.960464477539063e-08, 0.9739474058151245, 0.012645551934838295, 0.2264253795146942, 0.04029081016778946, 0.9729135632514954, -0.22764292359352112, -0.2231665700674057, 0.23082321882247925, 0.9470534920692444),
            ["RightUpperLeg"] = CFrame.new(5.960464477539063e-08, 4.0978193283081055e-08, -4.470348358154297e-08, 0.9399876594543457, -0.15754061937332153, -0.30266091227531433, 0.06281405687332153, 0.9517654180526733, -0.3003319203853607, 0.3353767991065979, 0.26329371333122253, 0.9045425057411194),
            ["LeftUpperLeg"] = CFrame.new(-1.1920928955078125e-07, -6.565824151039124e-08, -2.9802322387695312e-08, 0.9611309766769409, 0.26226475834846497, 0.08627878129482269, -0.20716331899166107, 0.8916370272636414, -0.40257853269577026, -0.1825118362903595, 0.36905357241630554, 0.9113104343414307),
            ["RightLowerLeg"] = CFrame.new(-5.21540641784668e-08, 0, -4.470348358154297e-08, 1, -9.238659117727366e-07, -3.390032077277283e-07, 8.940695579440217e-07, 0.6546726226806641, 0.7559030652046204, -4.302709726289322e-07, -0.7559126019477844, 0.6546837091445923),
            ["RightFoot"] = CFrame.new(2.60770320892334e-08, -1.1920928955078125e-07, -9.685754776000977e-08, 0.9922491312026978, 0.06981299072504044, -0.1027987077832222, -0.10789370536804199, 0.894434928894043, -0.43397945165634155, 0.06165069341659546, 0.4417153298854828, 0.8950387835502625),
            ["LeftLowerLeg"] = CFrame.new(2.2351741790771484e-08, -5.960464477539063e-08, -2.9802322387695312e-08, 1, 3.35273995233365e-08, -8.195678447009414e-08, 5.2154071283894154e-08, 0.611984372138977, 0.7908624410629272, 9.685756197086448e-08, -0.7908698320388794, 0.6119940876960754),
        }},
        {Time = 0.133, Data = {
            ["LeftFoot"] = CFrame.new(-1.0663643479347229e-07, -8.344650268554688e-07, 5.587935447692871e-09, 0.9856471419334412, -0.16025108098983765, -0.053092047572135925, 0.12259827554225922, 0.8956781625747681, -0.42746293544769287, 0.11605758965015411, 0.4148254692554474, 0.9024725556373596),
            ["LeftLowerArm"] = CFrame.new(0, 2.980232238769531e-07, 3.725290298461914e-08, 1, -3.539059889590135e-08, 8.614657076577714e-08, 1.0710211029163474e-07, 0.4876915216445923, -0.8730160593986511, -6.682240183408794e-08, 0.8730160593986511, 0.48769158124923706),
            ["LowerTorso"] = CFrame.new(0.013019313104450703, -0.19460022449493408, -0.061771493405103683, 0.9987518787384033, -0.025177419185638428, 0.04313836991786957, 0.028073392808437347, 0.9972972869873047, -0.06789731979370117, -0.04131229966878891, 0.06902358680963516, 0.9967593550682068),
            ["Head"] = CFrame.new(0, -2.384185791015625e-07, 2.7939677238464355e-08, 0.9948572516441345, 0.009622018784284592, 0.10082932561635971, -0.023689251393079758, 0.989971935749054, 0.13926459848880768, -0.09847819060087204, -0.1409367322921753, 0.9851085543632507),
            ["RightUpperArm"] = CFrame.new(1.1920928955078125e-07, -3.5762786865234375e-07, 1.1175870895385742e-08, 0.19644169509410858, -0.8653819561004639, 0.46100449562072754, 0.48084843158721924, 0.4947705566883087, 0.723869264125824, -0.8545148372650146, 0.07947520166635513, 0.5133108496665955),
            ["UpperTorso"] = CFrame.new(9.313225746154785e-10, 4.76837158203125e-07, -1.1801603250205517e-08, 0.9632636904716492, -0.05656397342681885, -0.2625333368778229, 0.056179292500019073, 0.9983804225921631, -0.00897747278213501, 0.26261597871780396, -0.00610137265175581, 0.9648812413215637),
            ["HumanoidRootPart"] = CFrame.new(0, 0, 0, 1, 0, 0, 0, 1, 0, 0, 0, 1),
            ["RightHand"] = CFrame.new(8.242204785346985e-08, -2.384185791015625e-07, 9.66247171163559e-08, 0.47652336955070496, 0.7430566549301147, 0.46989262104034424, -0.6671735644340515, 0.6537044644355774, -0.35715004801750183, -0.5725425481796265, -0.14330816268920898, 0.8072451949119568),
            ["LeftUpperArm"] = CFrame.new(-1.1920928955078125e-07, -3.5762786865234375e-07, 3.3527612686157227e-08, 0.8354203701019287, 0.2628014087677002, -0.48270970582962036, -0.01891077123582363, 0.8914983868598938, 0.452629029750824, 0.5492861270904541, -0.36900705099105835, 0.7497454881668091),
            ["RightLowerArm"] = CFrame.new(-2.9802322387695312e-08, 5.960464477539063e-08, 5.029141902923584e-08, 1, -6.705599986389643e-08, 2.9801991985323184e-08, 5.960463766996327e-08, 0.27293527126312256, -0.9620324373245239, -4.470347647611561e-08, 0.9620324969291687, 0.27293527126312256),
            ["LeftHand"] = CFrame.new(-1.210719347000122e-08, 0, 2.9802322387695312e-08, 0.9419041872024536, 0.04245804622769356, 0.3331931233406067, 0.04608285427093506, 0.9662663340568542, -0.2534005343914032, -0.33270570635795593, 0.2540209889411926, 0.9081687927246094),
            ["RightUpperLeg"] = CFrame.new(5.960464477539063e-08, 2.0721927285194397e-07, -2.0489096641540527e-08, 0.9474071264266968, -0.16644470393657684, -0.27334117889404297, 0.06522148847579956, 0.9366044402122498, -0.34426945447921753, 0.3133145570755005, 0.30833137035369873, 0.8982000350952148),
            ["LeftUpperLeg"] = CFrame.new(5.960464477539063e-08, 1.096632331609726e-07, -9.313225746154785e-09, 0.9587975144386292, 0.26751509308815, 0.09561651945114136, -0.20508627593517303, 0.8846854567527771, -0.4186580777168274, -0.1965882033109665, 0.3817949891090393, 0.9030963778495789),
            ["RightLowerLeg"] = CFrame.new(-1.1175870895385742e-07, -2.980232238769531e-07, 0, 1, -0.0000010020958143286407, -4.693894197771442e-07, 9.760259445101838e-07, 0.5983849763870239, 0.8011999726295471, -4.936009077027848e-07, -0.8012087345123291, 0.5983966588973999),
            ["RightFoot"] = CFrame.new(1.0989606380462646e-07, -1.1920928955078125e-07, -3.725290298461914e-09, 0.9916358590126038, 0.07203078269958496, -0.10709568858146667, -0.11208447068929672, 0.8920303583145142, -0.43784892559051514, 0.06399539113044739, 0.44619908928871155, 0.8926471471786499),
            ["LeftLowerLeg"] = CFrame.new(8.940696716308594e-08, -1.7881393432617188e-07, 2.2351741790771484e-08, 1, 5.4016354056329874e-08, -5.960496451962172e-08, 2.9802315282267955e-08, 0.5775178670883179, 0.8163710236549377, 5.215404996761208e-08, -0.8163780570030212, 0.5775278806686401),
        }},
        {Time = 0.167, Data = {
            ["LeftFoot"] = CFrame.new(-1.0803341865539551e-07, -8.344650268554688e-07, 6.705522537231445e-08, 0.9857017993927002, -0.16194729506969452, -0.04652584344148636, 0.12567725777626038, 0.8905417323112488, -0.4371896982192993, 0.11223767697811127, 0.4250982403755188, 0.8981651067733765),
            ["LeftLowerArm"] = CFrame.new(-3.5762786865234375e-07, 2.980232238769531e-07, 1.1175870895385742e-07, 1, -1.1641648711702146e-07, 1.6763650023676746e-08, 1.0710211029163474e-07, 0.4825535714626312, -0.8758664131164551, -6.356277282293377e-08, 0.8758665323257446, 0.4825535714626312),
            ["LowerTorso"] = CFrame.new(0.0123116010800004, -0.20284545421600342, -0.06178602948784828, 0.9995248913764954, -0.022723406553268433, 0.02082640863955021, 0.024059195071458817, 0.9975091218948364, -0.06630811840295792, -0.019267786294221878, 0.06677766144275665, 0.9975818395614624),
            ["Head"] = CFrame.new(1.0244548320770264e-08, -2.384185791015625e-07, 1.862645149230957e-09, 0.9854586720466614, 0.018911350518465042, 0.16885951161384583, -0.04163191840052605, 0.9903689026832581, 0.13204708695411682, -0.16473598778247833, -0.13715660572052002, 0.9767549633979797),
            ["RightUpperArm"] = CFrame.new(0, -2.384185791015625e-07, -1.30385160446167e-08, 0.34338441491127014, -0.7485731840133667, 0.567208468914032, 0.421992689371109, 0.6625085473060608, 0.6188738942146301, -0.839052677154541, 0.026846198365092278, 0.543387234210968),
            ["UpperTorso"] = CFrame.new(2.0372681319713593e-09, 8.940696716308594e-08, 3.979948814958334e-09, 0.9633607864379883, -0.04808696359395981, -0.2638629972934723, 0.04931710287928581, 0.9987813234329224, -0.0019637267105281353, 0.26363590359687805, -0.01112122181802988, 0.9645582437515259),
            ["HumanoidRootPart"] = CFrame.new(0, 0, 0, 1, 0, 0, 0, 1, 0, 0, 0, 1),
            ["RightHand"] = CFrame.new(1.4901161193847656e-07, -2.980232238769531e-07, 3.3527612686157227e-08, 0.5339911580085754, 0.6118401288986206, 0.5835354328155518, -0.5463666319847107, 0.7764164805412292, -0.3141111731529236, -0.6452417373657227, -0.15109331905841827, 0.748879611492157),
            ["LeftUpperArm"] = CFrame.new(0, -2.384185791015625e-07, 3.166496753692627e-08, 0.8419177532196045, 0.2466995120048523, -0.4799104928970337, -0.016950473189353943, 0.9010242223739624, 0.4334375858306885, 0.5393397212028503, -0.35678398609161377, 0.7627697587013245),
            ["RightLowerArm"] = CFrame.new(1.1920928955078125e-07, 3.5762786865234375e-07, -1.0803341865539551e-07, 1, -7.520507949720923e-08, 8.94060860900936e-08, 8.940694584680386e-08, 0.4385908544063568, -0.8986868858337402, 1.4901157641133977e-08, 0.8986868262290955, 0.438590943813324),
            ["LeftHand"] = CFrame.new(1.0384246706962585e-07, -2.384185791015625e-07, -5.960464477539063e-08, 0.9097654223442078, 0.06783133745193481, 0.4095495939254761, 0.059795234352350235, 0.9548638463020325, -0.2909756898880005, -0.410793662071228, 0.289195716381073, 0.864639937877655),
            ["RightUpperLeg"] = CFrame.new(-8.940696716308594e-08, -9.452924132347107e-08, 9.313225746154785e-09, 0.956244707107544, -0.174126997590065, -0.2351071834564209, 0.07432720065116882, 0.9218225479125977, -0.38042402267456055, 0.2829693853855133, 0.34629911184310913, 0.8944283723831177),
            ["LeftUpperLeg"] = CFrame.new(5.960464477539063e-08, -4.6798959374427795e-08, 5.587935447692871e-09, 0.9560360908508301, 0.27208125591278076, 0.10939108580350876, -0.20350855588912964, 0.8841614127159119, -0.4205310046672821, -0.21113823354244232, 0.37977707386016846, 0.900659441947937),
            ["RightLowerLeg"] = CFrame.new(-1.043081283569336e-07, -2.384185791015625e-07, -2.9802322387695312e-08, 1, -0.000001020721924760437, -4.991922537556093e-07, 9.98377799987793e-07, 0.5610942840576172, 0.8277440071105957, -4.880130290985107e-07, -0.8277519345283508, 0.5611059069633484),
            ["RightFoot"] = CFrame.new(1.555308699607849e-07, 5.960464477539063e-08, -5.21540641784668e-08, 0.993290364742279, 0.08240006119012833, -0.08114307373762131, -0.108777716755867, 0.9039168357849121, -0.4136366844177246, 0.03926364332437515, 0.4196959435939789, 0.9068189263343811),
            ["LeftLowerLeg"] = CFrame.new(-2.9802322387695312e-08, -1.1920928955078125e-07, -3.725290298461914e-08, 1, 3.3527385312481783e-08, -5.2154337737420065e-08, 2.9802318834981634e-08, 0.5641647577285767, 0.8256555199623108, 5.215405707303944e-08, -0.8256622552871704, 0.5641745924949646),
        }},
        {Time = 0.200, Data = {
            ["LeftFoot"] = CFrame.new(-1.5087425708770752e-07, -5.960464477539062e-07, -5.21540641784668e-08, 0.9861688017845154, -0.1621350646018982, -0.034395962953567505, 0.13204717636108398, 0.893994927406311, -0.4281718134880066, 0.1001739501953125, 0.41771429777145386, 0.9030426144599915),
            ["LeftLowerArm"] = CFrame.new(-1.1920928955078125e-07, 2.980232238769531e-07, 1.4901161193847656e-07, 1, -7.217822428629006e-08, 4.889397331453438e-08, 8.56816981809061e-08, 0.4639727771282196, -0.8858494162559509, -4.70318006762227e-08, 0.8858494758605957, 0.4639728367328644),
            ["LowerTorso"] = CFrame.new(0.01169508695602417, -0.191045880317688, -0.061818476766347885, 0.9997464418411255, -0.02142935059964657, -0.006918163038790226, 0.020939311012625694, 0.9976996183395386, -0.06447561830282211, 0.008283919654786587, 0.06431441009044647, 0.9978953003883362),
            ["Head"] = CFrame.new(0, 1.1920928955078125e-07, 2.60770320892334e-08, 0.9686452746391296, 0.027975650504231453, 0.24686792492866516, -0.062393609434366226, 0.9891879558563232, 0.13271914422512054, -0.24048583209514618, -0.14396058022975922, 0.9599176645278931),
            ["RightUpperArm"] = CFrame.new(0, -2.384185791015625e-07, 1.1175870895385742e-08, 0.46019625663757324, -0.619896411895752, 0.6355692148208618, 0.33092591166496277, 0.784058153629303, 0.5251104831695557, -0.8238371014595032, -0.031327567994594574, 0.565960168838501),
            ["UpperTorso"] = CFrame.new(6.984919309616089e-10, 1.4901161193847656e-07, 5.3933035815134645e-09, 0.9632967710494995, -0.03987922519445419, -0.2654600441455841, 0.042499516159296036, 0.9990879893302917, 0.004131528083235025, 0.2650532126426697, -0.015261759050190449, 0.9641130566596985),
            ["HumanoidRootPart"] = CFrame.new(0, 0, 0, 1, 0, 0, 0, 1, 0, 0, 0, 1),
            ["RightHand"] = CFrame.new(1.4901161193847656e-07, -2.384185791015625e-07, 2.9802322387695312e-08, 0.5913142561912537, 0.5129407048225403, 0.6222943663597107, -0.4863138794898987, 0.8423572182655334, -0.23224005103111267, -0.6433088183403015, -0.16530653834342957, 0.7475389242172241),
            ["LeftUpperArm"] = CFrame.new(0, -1.1920928955078125e-07, 4.0978193283081055e-08, 0.8483328223228455, 0.22399668395519257, -0.4797470271587372, -0.014497854746878147, 0.9155876636505127, 0.4018568694591522, 0.5292649269104004, -0.33395305275917053, 0.7799703478813171),
            ["RightLowerArm"] = CFrame.new(5.960464477539063e-08, 5.364418029785156e-07, 6.705522537231445e-08, 1, -5.0291873776586726e-08, 0, 6.705522537231445e-08, 0.5319018959999084, -0.8468059301376343, 0, 0.8468061089515686, 0.531902015209198),
            ["LeftHand"] = CFrame.new(9.778887033462524e-08, -1.1920928955078125e-07, -2.9802322387695312e-08, 0.8834806680679321, 0.09214960783720016, 0.459321528673172, 0.0837099626660347, 0.9336357712745667, -0.34831759333610535, -0.4609280228614807, 0.34616875648498535, 0.8171283006668091),
            ["RightUpperLeg"] = CFrame.new(-2.9802322387695312e-08, 1.525040715932846e-07, -1.3504177331924438e-08, 0.9648621082305908, -0.18365053832530975, -0.1879178136587143, 0.09632360190153122, 0.9126124978065491, -0.39732080698013306, 0.24446448683738708, 0.36525464057922363, 0.8982332944869995),
            ["LeftUpperLeg"] = CFrame.new(0, -1.30385160446167e-08, 3.026798367500305e-09, 0.9532185196876526, 0.2722455561161041, 0.1313638985157013, -0.2010429948568344, 0.8955039978027344, -0.39706072211265564, -0.22573521733283997, 0.35207226872444153, 0.908342719078064),
            ["RightLowerLeg"] = CFrame.new(-5.21540641784668e-08, 0, -1.4901161193847656e-08, 1, -0.0000010207218110735994, -5.029173166803957e-07, 0.0000010281801223754883, 0.566521167755127, 0.8240395784378052, -5.364418029785156e-07, -0.8240472078323364, 0.5665323734283447),
            ["RightFoot"] = CFrame.new(8.475035429000854e-08, 5.960464477539063e-08, 7.450580596923828e-08, 0.994414746761322, 0.102109894156456, -0.026698952540755272, -0.10494036972522736, 0.9295750856399536, -0.35337406396865845, -0.011264909990131855, 0.3542085289955139, 0.9351010918617249),
            ["LeftLowerLeg"] = CFrame.new(-7.450580596923828e-09, -2.384185791015625e-07, -7.450580596923828e-08, 1, 3.352739597062282e-08, -6.705555932740026e-08, 5.215405707303944e-08, 0.591083824634552, 0.8066030740737915, 4.470347647611561e-08, -0.8066101670265198, 0.5910935401916504),
        }},
        {Time = 0.233, Data = {
            ["LeftFoot"] = CFrame.new(-2.0489096641540527e-08, -6.556510925292969e-07, -9.12696123123169e-08, 0.9864881634712219, -0.16192853450775146, -0.024898333474993706, 0.13766662776470184, 0.9016989469528198, -0.4098561108112335, 0.088820680975914, 0.4008968472480774, 0.9118103384971619),
            ["LeftLowerArm"] = CFrame.new(2.9802322387695312e-08, 2.980232238769531e-07, -1.1175870895385742e-08, 1, 6.519330852938765e-09, 8.754342673000792e-08, 1.1175872316471214e-07, 0.3591722846031189, -0.9332712888717651, -7.357449050005016e-08, 0.9332713484764099, 0.35917234420776367),
            ["LowerTorso"] = CFrame.new(0.011260448954999447, -0.17035377025604248, -0.06185910478234291, 0.9990627765655518, -0.020395543426275253, -0.03817806392908096, 0.017962254583835602, 0.9978501796722412, -0.06302769482135773, 0.03938145935535431, 0.06228284537792206, 0.9972813725471497),
            ["Head"] = CFrame.new(-8.381903171539307e-09, -1.1920928955078125e-07, 1.3969838619232178e-08, 0.9476283192634583, 0.030478937551379204, 0.31791791319847107, -0.07758469879627228, 0.987586498260498, 0.1365790069103241, -0.30980852246284485, -0.15409152209758759, 0.9382294416427612),
            ["RightUpperArm"] = CFrame.new(0, -3.5762786865234375e-07, 4.0046870708465576e-08, 0.5277438163757324, -0.5355890989303589, 0.6592655181884766, 0.2713302671909332, 0.841784656047821, 0.4666675925254822, -0.8049014806747437, -0.06740235537290573, 0.5895680785179138),
            ["UpperTorso"] = CFrame.new(0, -2.9802322387695312e-08, 3.4582626540213823e-08, 0.9630805850028992, -0.03254122659564018, -0.2672395408153534, 0.03619416803121567, 0.9993064999580383, 0.008753390982747078, 0.26676928997039795, -0.01810271106660366, 0.9635904431343079),
            ["HumanoidRootPart"] = CFrame.new(0, 0, 0, 1, 0, 0, 0, 1, 0, 0, 0, 1),
            ["RightHand"] = CFrame.new(2.2351741790771484e-07, -1.7881393432617188e-07, -2.9802322387695312e-08, 0.7321352362632751, 0.4340766668319702, 0.5249443650245667, -0.42118000984191895, 0.8941549062728882, -0.15197061002254486, -0.5353367328643799, -0.1098385825753212, 0.8374594449996948),
            ["LeftUpperArm"] = CFrame.new(0, -2.384185791015625e-07, -3.073364496231079e-08, 0.8519492149353027, 0.2122810184955597, -0.47866445779800415, -0.014489895664155483, 0.9233439564704895, 0.383700430393219, 0.5234240889549255, -0.319957435131073, 0.7897178530693054),
            ["RightLowerArm"] = CFrame.new(5.960464477539063e-08, 3.5762786865234375e-07, -5.21540641784668e-08, 1, -1.3038624402383903e-08, 4.470313186288877e-08, 8.940698137394065e-08, 0.5915154814720154, -0.8062936067581177, 2.980232594040899e-08, 0.8062937259674072, 0.5915155410766602),
            ["LeftHand"] = CFrame.new(1.30385160446167e-07, -2.980232238769531e-07, -2.9802322387695312e-08, 0.8739933371543884, 0.1063017025589943, 0.4741746485233307, 0.103648342192173, 0.9125514626502991, -0.39561986923217773, -0.47475552558898926, 0.394904762506485, 0.7865388989448547),
            ["RightUpperLeg"] = CFrame.new(-2.9802322387695312e-08, -2.423767000436783e-07, 9.313225746154785e-09, 0.9703951478004456, -0.1977509707212448, -0.1386626809835434, 0.1287514716386795, 0.9092939496040344, -0.3957410454750061, 0.2043435424566269, 0.36616796255111694, 0.9078335762023926),
            ["LeftUpperLeg"] = CFrame.new(0, -3.175809979438782e-07, 3.725290298461914e-08, 0.9486156702041626, 0.2712312936782837, 0.16297653317451477, -0.19866223633289337, 0.9113848805427551, -0.36043477058410645, -0.24629585444927216, 0.30953386425971985, 0.9184364080429077),
            ["RightLowerLeg"] = CFrame.new(5.960464477539063e-08, -2.384185791015625e-07, 7.450580596923828e-09, 1, -9.965078788809478e-07, -4.731146816538967e-07, 9.462235084356507e-07, 0.6009485125541687, 0.7992792129516602, -4.917382057101349e-07, -0.799287736415863, 0.6009598970413208),
            ["RightFoot"] = CFrame.new(1.3597309589385986e-07, 5.960464477539063e-08, 4.6566128730773926e-08, 0.9913331270217896, 0.1312301754951477, 0.00609801709651947, -0.12428022176027298, 0.9518512487411499, -0.28023338317871094, -0.04258101433515549, 0.2770519256591797, 0.9599125981330872),
            ["LeftLowerLeg"] = CFrame.new(5.21540641784668e-08, -1.7881393432617188e-07, -7.450580596923828e-09, 1, 5.2153772855945135e-08, -1.1920985798496986e-07, 5.9604616353681195e-08, 0.6372194886207581, 0.7706747055053711, 2.9802308176840597e-08, -0.7706823945045471, 0.6372288465499878),
        }},
        {Time = 0.267, Data = {
            ["LeftFoot"] = CFrame.new(-7.450580596923828e-08, -8.344650268554688e-07, 9.12696123123169e-08, 0.9863827228546143, -0.1623707413673401, -0.026160966604948044, 0.13932769000530243, 0.9094992280006409, -0.39165595173835754, 0.08738929033279419, 0.38268399238586426, 0.9197397828102112),
            ["LeftLowerArm"] = CFrame.new(-2.980232238769531e-07, 3.5762786865234375e-07, 1.0803341865539551e-07, 1, -6.985001022030701e-08, 5.7741353032270126e-08, 9.49948883999241e-08, 0.20875194668769836, -0.977968692779541, 4.00468671557519e-08, 0.977968692779541, 0.20875191688537598),
            ["LowerTorso"] = CFrame.new(0.01109636016190052, -0.15075838565826416, -0.06188109889626503, 0.9973459839820862, -0.019775284454226494, -0.07007216662168503, 0.015441480092704296, 0.9979655742645264, -0.06185844540596008, 0.07115287333726883, 0.06061223894357681, 0.9956221580505371),
            ["Head"] = CFrame.new(-1.0244548320770264e-08, -2.384185791015625e-07, 5.587935447692871e-09, 0.9305829405784607, 0.024907130748033524, 0.3652331531047821, -0.0806673914194107, 0.9871113896369934, 0.13821761310100555, -0.35708314180374146, -0.1580851674079895, 0.920598030090332),
            ["RightUpperArm"] = CFrame.new(0, -3.5762786865234375e-07, 2.9802322387695312e-08, 0.5736472010612488, -0.47026604413986206, 0.6706554889678955, 0.21930405497550964, 0.877054750919342, 0.42741143703460693, -0.7891988158226013, -0.09810598194599152, 0.6062514781951904),
            ["UpperTorso"] = CFrame.new(2.3283064365386963e-09, 2.086162567138672e-07, -8.60018189996481e-09, 0.9627006649971008, -0.02703307941555977, -0.26921510696411133, 0.03115060366690159, 0.9994537830352783, 0.011033570393919945, 0.26876968145370483, -0.019008411094546318, 0.9630168676376343),
            ["HumanoidRootPart"] = CFrame.new(0, 0, 0, 1, 0, 0, 0, 1, 0, 0, 0, 1),
            ["RightHand"] = CFrame.new(9.685754776000977e-08, -1.7881393432617188e-07, -8.195638656616211e-08, 0.8128845691680908, 0.38296324014663696, 0.43882519006729126, -0.36684873700141907, 0.9218507409095764, -0.12495342642068863, -0.4523725211620331, -0.05941688269376755, 0.8898422122001648),
            ["LeftUpperArm"] = CFrame.new(0, -3.5762786865234375e-07, 1.6763806343078613e-08, 0.8579351305961609, 0.20894169807434082, -0.4693511128425598, -0.016196809709072113, 0.9241108298301697, 0.3817810118198395, 0.5135025978088379, -0.3199414312839508, 0.7962115406990051),
            ["RightLowerArm"] = CFrame.new(-1.1920928955078125e-07, 4.76837158203125e-07, 4.0978193283081055e-08, 1, -1.3038615520599706e-08, 5.215370890709892e-08, 7.450581307466564e-08, 0.6283508539199829, -0.7779300212860107, 0, 0.7779301404953003, 0.6283509135246277),
            ["LeftHand"] = CFrame.new(-7.450580596923828e-09, -1.1920928955078125e-07, 2.9802322387695312e-08, 0.8832776546478271, 0.10403693467378616, 0.4571681618690491, 0.1123078316450119, 0.899739682674408, -0.42173758149147034, -0.4552007019519806, 0.42384544014930725, 0.783029317855835),
            ["RightUpperLeg"] = CFrame.new(1.1920928955078125e-07, 1.5832483768463135e-08, -2.9802322387695312e-08, 0.973199188709259, -0.2073284536600113, -0.09948781877756119, 0.1553719937801361, 0.9117592573165894, -0.38020774722099304, 0.1695370078086853, 0.35455626249313354, 0.9195348024368286),
            ["LeftUpperLeg"] = CFrame.new(-5.960464477539063e-08, -9.918585419654846e-08, -1.862645149230957e-09, 0.9399465918540955, 0.2731669545173645, 0.20464490354061127, -0.1982908844947815, 0.9250391721725464, -0.3240145444869995, -0.27781492471694946, 0.26397454738616943, 0.9236531257629395),
            ["RightLowerLeg"] = CFrame.new(-8.195638656616211e-08, -2.384185791015625e-07, 1.4901161193847656e-08, 1, -9.499428870185511e-07, -4.023335975489317e-07, 8.940697853176971e-07, 0.6452305316925049, 0.7639784812927246, -4.395843120619247e-07, -0.7639879584312439, 0.6452417969703674),
