return {
    ["Dancin' Shuffle 2"] = {
        {Time = 0.000, Data = {
            ["RightFoot"] = CFrame.new(1.4901161193847656e-08, 4.76837158203125e-07, -5.790934665128589e-08, 0.9748911261558533, 0.2060794234275818, 0.08437275886535645, -0.2191077172756195, 0.955339252948761, 0.19829055666923523, -0.039740968495607376, -0.21179738640785217, 0.9765050411224365),
            ["LeftLowerArm"] = CFrame.new(-1.4901161193847656e-07, 2.980232238769531e-07, -7.450580596923828e-09, 1, 1.8812708901805308e-07, 0, 1.6856932916198275e-07, 0.990251898765564, -0.13928858935832977, 9.313222193441106e-09, 0.1392885446548462, 0.9902518391609192),
            ["RightUpperArm"] = CFrame.new(1.1920928955078125e-07, -0.06523787975311279, -2.9802322387695312e-08, 0.34269678592681885, -0.14004924893379211, -0.9289484024047852, 0.4573769271373749, 0.8885931372642517, 0.03476507589221001, 0.8205884099006653, -0.4367935061454773, 0.36857330799102783),
            ["Head"] = CFrame.new(-7.916241884231567e-09, 0, -1.955777406692505e-08, 0.9659972190856934, 0.041675373911857605, -0.25517135858535767, -0.0021863761357963085, 0.9882053136825562, 0.15311981737613678, 0.2585434317588806, -0.14735539257526398, 0.9546946883201599),
            ["RightHand"] = CFrame.new(-1.7881393432617188e-07, 2.980232238769531e-07, -2.9802322387695312e-08, 0.6862068176269531, -0.7235251665115356, -0.07504350692033768, 0.7256788611412048, 0.6880303621292114, 0.0021127366926521063, 0.05010359361767769, -0.05590713769197464, 0.9971780180931091),
            ["UpperTorso"] = CFrame.new(-1.4901161193847656e-08, 1.4901161193847656e-07, 1.862645149230957e-09, 0.9027870297431946, 0.10409888625144958, -0.41729971766471863, -0.1239679753780365, 0.9920699596405029, -0.020712140947580338, 0.4118344187736511, 0.07043135166168213, 0.9085329174995422),
            ["HumanoidRootPart"] = CFrame.new(0, 0, 0, 1, 0, 0, 0, 1, 0, 0, 0, 1),
            ["RightUpperLeg"] = CFrame.new(-0.000025451183319091797, -0.00012556230649352074, -0.004997493699193001, 0.9777212738990784, -0.1272387057542801, 0.16694752871990204, 0.19400960206985474, 0.8514013290405273, -0.4873138964176178, -0.08013375848531723, 0.5088478326797485, 0.8571195006370544),
            ["LeftUpperArm"] = CFrame.new(0, -0.06523764133453369, 0, 0.9786627292633057, -0.18281374871730804, -0.09380007535219193, 0.02842344343662262, 0.5725682973861694, -0.8193640112876892, 0.20349790155887604, 0.7992151379585266, 0.5655475854873657),
            ["RightLowerArm"] = CFrame.new(1.1920928955078125e-07, 1.7881393432617188e-07, -5.960464477539063e-08, 1, -2.533197118737007e-07, 6.705523247774181e-08, -1.788139627478813e-07, 1, -0.0003335103683639318, -5.02914261346632e-08, 0.0003333426720928401, 0.9999999403953552),
            ["LeftHand"] = CFrame.new(-6.705522537231445e-08, 0, 2.086162567138672e-07, 0.5615093111991882, 0.14198115468025208, -0.8151986598968506, -0.6589944362640381, 0.6725356578826904, -0.33678174018859863, 0.5004333853721619, 0.7263175249099731, 0.47119981050491333),
            ["LeftFoot"] = CFrame.new(4.237517714500427e-08, 1.1920928955078125e-07, -5.960464477539063e-08, 0.9993041157722473, -0.030156167224049568, 0.021955864503979683, 0.037254698574543, 0.8366657495498657, -0.5464468598365784, -0.0018911962397396564, 0.5468831062316895, 0.8372059464454651),
            ["LowerTorso"] = CFrame.new(-1.662428061877108e-08, -0.15113389492034912, 0.11009763181209564, 0.7709830403327942, -0.12399570643901825, 0.6246680617332458, 0.07407047599554062, 0.9916648864746094, 0.10542328655719757, -0.6325335502624512, -0.03501091152429581, 0.7737414240837097),
            ["RightLowerLeg"] = CFrame.new(0, 1.7881393432617188e-07, -1.4731631381437182e-07, 1, 0, -8.195625156304231e-08, -6.70552182668871e-08, 0.9999865293502808, 0.005190475378185511, -1.0430811414607888e-07, -0.005192106124013662, 0.9999865889549255),
            ["LeftUpperLeg"] = CFrame.new(0.0000254213809967041, 0.00012561865150928497, 0.004997372627258301, 0.9984069466590881, 0.048967394977808, 0.02803172543644905, -0.042053185403347015, 0.9770261645317078, -0.20892643928527832, -0.03761789947748184, 0.20741739869117737, 0.9775295853614807),
            ["LeftLowerLeg"] = CFrame.new(-1.1734664440155029e-07, 1.1920928955078125e-07, 7.450580596923828e-09, 1, 2.793969322567591e-08, 1.9557782948709246e-08, -6.891788473240013e-08, 0.7739571332931519, 0.6332373023033142, 1.2805688065498089e-08, -0.6332379579544067, 0.7739577293395996),
        }},
        {Time = 0.033, Data = {
            ["RightFoot"] = CFrame.new(7.450580596923828e-09, 3.5762786865234375e-07, -5.75528247281909e-09, 0.9701647758483887, 0.2135317325592041, 0.11482503265142441, -0.22858260571956635, 0.9634576439857483, 0.13964083790779114, -0.08081136643886566, -0.1617213785648346, 0.9835221171379089),
            ["LeftLowerArm"] = CFrame.new(1.4901161193847656e-07, -2.384185791015625e-07, 4.6938657760620117e-07, 1, -2.79396800806353e-07, 4.144386522852983e-08, -1.881272027048908e-07, 0.9684414267539978, -0.24924124777317047, -1.210719613453648e-08, 0.2492416352033615, 0.9684414863586426),
            ["RightUpperArm"] = CFrame.new(-1.1920928955078125e-07, -0.0652388334274292, -1.4901161193847656e-08, 0.34206023812294006, -0.13971035182476044, -0.9292340874671936, 0.4573768377304077, 0.8885931372642517, 0.03476513922214508, 0.8208538889884949, -0.43690192699432373, 0.3678525388240814),
            ["Head"] = CFrame.new(9.313225746154785e-09, -3.5762786865234375e-07, -2.60770320892334e-08, 0.9662638902664185, 0.04232802614569664, -0.2540524899959564, -0.0033595797140151262, 0.9883903861045837, 0.15189915895462036, 0.2575324773788452, -0.14592087268829346, 0.955187976360321),
            ["RightHand"] = CFrame.new(-2.384185791015625e-07, -1.1920928955078125e-07, -4.470348358154297e-08, 0.6899397373199463, -0.7202181816101074, -0.07258879393339157, 0.7219780087471008, 0.6919102668762207, -0.002824705094099045, 0.0522591769695282, -0.05045842379331589, 0.997357964515686),
            ["UpperTorso"] = CFrame.new(1.1175870895385742e-08, 1.4901161193847656e-07, -1.1175870895385742e-08, 0.903843343257904, 0.10301428288221359, -0.41527724266052246, -0.12025922536849976, 0.9926213622093201, -0.015510814264416695, 0.4106152653694153, 0.06396084278821945, 0.9095627665519714),
            ["HumanoidRootPart"] = CFrame.new(0, 0, 0, 1, 0, 0, 0, 1, 0, 0, 0, 1),
            ["RightUpperLeg"] = CFrame.new(-0.000025570392608642578, -0.0001253611408174038, -0.004997493699193001, 0.978632390499115, -0.11700665950775146, 0.16908060014247894, 0.1943662315607071, 0.7947046160697937, -0.5750356912612915, -0.06708581745624542, 0.5956123471260071, 0.8004659414291382),
            ["LeftUpperArm"] = CFrame.new(1.1920928955078125e-07, -0.0652385950088501, 0, 0.9733064770698547, -0.1691116988658905, -0.15516327321529388, -0.030521098524332047, 0.574687659740448, -0.817803680896759, 0.2274707406759262, 0.8007093071937561, 0.5541855096817017),
            ["RightLowerArm"] = CFrame.new(0, 0, 1.4901161193847656e-08, 1, 0, 8.102507109697399e-08, 1.4901162970204496e-08, 0.9990799427032471, -0.04288885369896889, 1.2293459406009788e-07, 0.04288867488503456, 0.9990798830986023),
            ["LeftHand"] = CFrame.new(-6.705522537231445e-08, 0, 1.7136335372924805e-07, 0.5615347027778625, 0.17414917051792145, -0.8089196681976318, -0.6711991429328918, 0.6675872802734375, -0.3222098648548126, 0.4839116632938385, 0.723878026008606, 0.4917619228363037),
            ["LeftFoot"] = CFrame.new(-6.705522537231445e-08, -5.960464477539063e-08, 1.862645149230957e-08, 0.9979623556137085, 0.017180979251861572, 0.06144939363002777, 0.020140307024121284, 0.8290107250213623, -0.5588710904121399, -0.060544271022081375, 0.5589687824249268, 0.826974630355835),
            ["LowerTorso"] = CFrame.new(0.0010469498811289668, -0.14887583255767822, 0.10957414656877518, 0.7739804983139038, -0.11925819516181946, 0.6218777298927307, 0.07250984013080597, 0.9923361539840698, 0.10005592554807663, -0.6290441751480103, -0.03234979882836342, 0.7766962647438049),
            ["RightLowerLeg"] = CFrame.new(0, -1.7881393432617188e-07, 3.149762051180005e-08, 1, -2.2351748896198842e-08, 3.725283903577292e-08, 1.788139627478813e-07, 0.9735963940620422, 0.22827550768852234, -8.195639367158947e-08, -0.22827661037445068, 0.9735966324806213),
            ["LeftUpperLeg"] = CFrame.new(0.000025510787963867188, 0.00012587476521730423, 0.004997536540031433, 0.9992823004722595, 0.02349824458360672, -0.02970963343977928, -0.02969854511320591, 0.9728724360466003, -0.22942590713500977, 0.023512616753578186, 0.23014584183692932, 0.9728726148605347),
            ["LeftLowerLeg"] = CFrame.new(-2.2351741790771484e-08, -2.384185791015625e-07, -5.960464477539063e-08, 1, 9.313227877782992e-08, 7.07805440924858e-08, -5.215405707303944e-08, 0.7457602620124817, 0.6662138104438782, 1.6437842020877724e-07, -0.6662144064903259, 0.7457608580589294),
        }},
        {Time = 0.067, Data = {
            ["RightFoot"] = CFrame.new(1.1920928955078125e-07, 3.5762786865234375e-07, -6.39629433862865e-08, 0.9567701816558838, 0.22287026047706604, 0.18686848878860474, -0.22960618138313293, 0.9731690883636475, 0.014929557219147682, -0.17852702736854553, -0.057190824300050735, 0.9822714924812317),
            ["LeftLowerArm"] = CFrame.new(0, 5.960464477539062e-07, -3.427267074584961e-07, 1, -3.720635106674308e-07, 3.4458938813486384e-08, -2.533196834519913e-07, 0.9096322655677795, -0.4154142439365387, -4.19095051995555e-08, 0.41541439294815063, 0.9096324443817139),
            ["RightUpperArm"] = CFrame.new(-1.7881393432617188e-07, -0.06523799896240234, 4.470348358154297e-08, 0.34043335914611816, -0.13884463906288147, -0.9299609065055847, 0.4573766887187958, 0.8885930776596069, 0.03476511687040329, 0.8215300440788269, -0.4371780753135681, 0.36601102352142334),
            ["Head"] = CFrame.new(-6.05359673500061e-09, 2.384185791015625e-07, 2.9802322387695312e-08, 0.9669994115829468, 0.044168781489133835, -0.25092098116874695, -0.006643159780651331, 0.9888945817947388, 0.1484706699848175, 0.25469234585762024, -0.14190389215946198, 0.9565538167953491),
            ["RightHand"] = CFrame.new(1.7881393432617188e-07, 0, -1.1548399925231934e-07, 0.7079100012779236, -0.7051541805267334, -0.040263984352350235, 0.7051272392272949, 0.7088701128959656, -0.01728895492851734, 0.04073316231369972, -0.01615198701620102, 0.9990395903587341),
            ["UpperTorso"] = CFrame.new(1.30385160446167e-08, -1.4901161193847656e-07, 2.421438694000244e-08, 0.9064313173294067, 0.10013143718242645, -0.4103125035762787, -0.11049139499664307, 0.9938758611679077, -0.0015469264471903443, 0.4076445996761322, 0.04673878103494644, 0.9119436740875244),
            ["HumanoidRootPart"] = CFrame.new(0, 0, 0, 1, 0, 0, 0, 1, 0, 0, 0, 1),
            ["RightUpperLeg"] = CFrame.new(-0.000025451183319091797, -0.00012574531137943268, -0.004997434094548225, 0.9760082364082336, -0.09522084891796112, 0.19580857455730438, 0.2123497724533081, 0.6150322556495667, -0.7593702077865601, -0.0481208898127079, 0.7827313542366028, 0.6204965114593506),
            ["LeftUpperArm"] = CFrame.new(0, -0.06523787975311279, 1.4901161193847656e-08, 0.9636435508728027, -0.15538331866264343, -0.21736373007297516, -0.09018747508525848, 0.5766119360923767, -0.812025249004364, 0.2515101730823517, 0.802106499671936, 0.5416345596313477),
            ["RightLowerArm"] = CFrame.new(0, 2.384185791015625e-07, -2.9802322387695312e-08, 1, 4.619360538526962e-07, -3.1664981747780985e-08, 3.2782554626464844e-07, 0.9963218569755554, -0.08569052070379257, 4.0978193283081055e-08, 0.0856904610991478, 0.9963218569755554),
            ["LeftHand"] = CFrame.new(-2.2910535335540771e-07, 1.1920928955078125e-07, 3.427267074584961e-07, 0.5506291389465332, 0.2621684968471527, -0.7925119400024414, -0.7088596224784851, 0.6482238173484802, -0.27807164192199707, 0.44082385301589966, 0.7148941159248352, 0.5427716970443726),
            ["LeftFoot"] = CFrame.new(5.774199962615967e-08, 1.1920928955078125e-07, -3.3527612686157227e-08, 0.9921892881393433, 0.06676384061574936, 0.10537174344062805, 0.005053684581071138, 0.8225085735321045, -0.5687313079833984, -0.12463973462581635, 0.5648206472396851, 0.8157458901405334),
            ["LowerTorso"] = CFrame.new(0.0036500366404652596, -0.14340710639953613, 0.10827260464429855, 0.7817891240119934, -0.10678917914628983, 0.6143306493759155, 0.06826914101839066, 0.9939618706703186, 0.08590131253004074, -0.6197943687438965, -0.0252174511551857, 0.7843588590621948),
            ["RightLowerLeg"] = CFrame.new(-4.470348358154297e-08, -2.384185791015625e-07, 1.1345400707796216e-07, 1, -1.4901159772762185e-07, 5.541370029504833e-08, 2.980232949312267e-08, 0.6900408864021301, 0.723770022392273, -7.4505820180093e-08, -0.7237704396247864, 0.6900413036346436),
            ["LeftUpperLeg"] = CFrame.new(0.0000254213809967041, 0.0001252172514796257, 0.004997551441192627, 0.9964594841003418, -0.007754754275083542, -0.08371629565954208, -0.012529054656624794, 0.9709209203720093, -0.239070326089859, 0.08313542604446411, 0.23927484452724457, 0.9673866629600525),
            ["LeftLowerLeg"] = CFrame.new(-4.470348358154297e-08, -1.1920928955078125e-07, 1.4901161193847656e-08, 1, -2.6077035641947077e-08, 8.195640788244418e-08, -9.313224325069314e-08, 0.7194486856460571, 0.6945452094078064, 4.470347647611561e-08, -0.694545567035675, 0.7194491028785706),
        }},
        {Time = 0.100, Data = {
            ["RightFoot"] = CFrame.new(-2.9802322387695312e-08, 2.980232238769531e-07, -8.77116690389812e-08, 0.9336533546447754, 0.21389314532279968, 0.2872994840145111, -0.23023754358291626, 0.9728400111198425, 0.023940518498420715, -0.2743759751319885, -0.08850005269050598, 0.9575416445732117),
            ["LeftLowerArm"] = CFrame.new(-3.2782554626464844e-07, 2.384185791015625e-07, 1.341104507446289e-07, 1, -1.2770753698987392e-07, 1.2456436770946766e-08, -2.6077019654735523e-08, 0.7768895030021667, -0.6296369433403015, -5.9604616353681195e-08, 0.6296370029449463, 0.7768895030021667),
            ["RightUpperArm"] = CFrame.new(-5.960464477539063e-08, -0.0652381181716919, 1.4901161193847656e-08, 0.3381126821041107, -0.137609601020813, -0.9309905171394348, 0.4573771059513092, 0.8885931372642517, 0.03476511314511299, 0.8224878311157227, -0.43756812810897827, 0.3633843660354614),
            ["Head"] = CFrame.new(-4.656612873077393e-10, 0, 2.7939677238464355e-09, 0.968107283115387, 0.04706059396266937, -0.24607664346694946, -0.011725992895662785, 0.98963463306427, 0.1431293785572052, 0.25026175379753113, -0.13567900657653809, 0.9586242437362671),
            ["RightHand"] = CFrame.new(-2.384185791015625e-07, -5.960464477539063e-08, 7.450580596923828e-09, 0.7352774143218994, -0.6775845885276794, 0.01569526270031929, 0.6775692701339722, 0.7343080043792725, -0.04113178700208664, 0.016345327720046043, 0.04087795689702034, 0.9990304708480835),
            ["UpperTorso"] = CFrame.new(-5.587935447692871e-09, 8.940696716308594e-08, -7.450580596923828e-09, 0.9099230766296387, 0.09571492671966553, -0.403582364320755, -0.09612017124891281, 0.9951825141906738, 0.019306838512420654, 0.4034861922264099, 0.02122540958225727, 0.9147396087646484),
            ["HumanoidRootPart"] = CFrame.new(0, 0, 0, 1, 0, 0, 0, 1, 0, 0, 0, 1),
            ["RightUpperLeg"] = CFrame.new(-0.000025540590286254883, -0.0001256356481462717, -0.00499747134745121, 0.9657971262931824, -0.10312840342521667, 0.23790861666202545, 0.25754013657569885, 0.48820120096206665, -0.8338666558265686, -0.030151285231113434, 0.866616427898407, 0.4980621337890625),
            ["LeftUpperArm"] = CFrame.new(1.7881393432617188e-07, -0.06523823738098145, 1.4901161193847656e-08, 0.9495165348052979, -0.14165858924388885, -0.27991288900375366, -0.15010567009449005, 0.5783354640007019, -0.8018707036972046, 0.2754756212234497, 0.8034058809280396, 0.5278750658035278),
            ["RightLowerArm"] = CFrame.new(1.1920928955078125e-07, -1.1920928955078125e-07, -5.960464477539063e-08, 1, -1.0430807861894209e-07, -2.2351744632942427e-07, -7.450582373280668e-09, 0.9916920065879822, -0.12863530218601227, -1.49011640360186e-07, 0.1286352574825287, 0.9916920065879822),
            ["LeftHand"] = CFrame.new(1.564621925354004e-07, -5.960464477539063e-08, 2.0954757928848267e-07, 0.511402428150177, 0.39373868703842163, -0.7638309001922607, -0.7714664936065674, 0.6019179224967957, -0.2062387615442276, 0.37855932116508484, 0.6947408318519592, 0.6115783452987671),
            ["LeftFoot"] = CFrame.new(2.7939677238464355e-09, 5.960464477539063e-08, -1.4901161193847656e-08, 0.9990469813346863, 0.0012752421898767352, 0.04363032430410385, 0.019083363935351372, 0.8862190246582031, -0.46287450194358826, -0.039256561547517776, 0.4632647633552551, 0.885349452495575),
            ["LowerTorso"] = CFrame.new(0.007280548568814993, -0.13684117794036865, 0.10645735263824463, 0.7930057644844055, -0.08853644877672195, 0.6027464866638184, 0.06170842424035072, 0.9959683418273926, 0.06510846316814423, -0.6060808300971985, -0.014437464065849781, 0.7952720522880554),
            ["RightLowerLeg"] = CFrame.new(-1.825392246246338e-07, -2.384185791015625e-07, -8.398637874051929e-08, 1, -1.5553081311736605e-07, -8.195639367158947e-08, 7.450580596923828e-08, 0.32109349966049194, 0.9470473527908325, -8.940696716308594e-08, -0.9470475316047668, 0.32109394669532776),
            ["LeftUpperLeg"] = CFrame.new(0.000025600194931030273, 0.00012544216588139534, 0.004997476935386658, 0.988601565361023, -0.024804912507534027, -0.14849789440631866, -0.018363572657108307, 0.9591025114059448, -0.2824608385562897, 0.1494312882423401, 0.2819700837135315, 0.9477152824401855),
            ["LeftLowerLeg"] = CFrame.new(3.3527612686157227e-08, -1.1920928955078125e-07, 4.470348358154297e-08, 1, -6.332994928470725e-08, 1.0989604959377175e-07, -7.450577754752885e-08, 0.7142899036407471, 0.699849545955658, 1.0058280253133489e-07, -0.6998499631881714, 0.7142903208732605),
        }},
        {Time = 0.133, Data = {
            ["RightFoot"] = CFrame.new(-2.9802322387695312e-08, 2.980232238769531e-07, -7.281050784513354e-08, 0.9035114049911499, 0.1849139779806137, 0.38661834597587585, -0.22860868275165558, 0.9710107445716858, 0.06982863694429398, -0.3624986410140991, -0.15147587656974792, 0.9195924997329712),
            ["LeftLowerArm"] = CFrame.new(-1.1920928955078125e-07, 2.384185791015625e-07, -1.4901161193847656e-07, 1, 2.756713399776345e-07, -9.313227167240257e-08, 3.0547380447387695e-07, 0.5307405591011047, -0.8475344777107239, 1.341104507446289e-07, 0.8475343585014343, 0.5307405591011047),
            ["RightUpperArm"] = CFrame.new(-5.960464477539063e-08, -0.06523847579956055, 4.470348358154297e-08, 0.33529552817344666, -0.1361110955476761, -0.932228684425354, 0.4573768079280853, 0.888593316078186, 0.034765105694532394, 0.8236402869224548, -0.43803641200065613, 0.3601958751678467),
            ["Head"] = CFrame.new(1.1641532182693481e-10, 1.1920928955078125e-07, 1.0943040251731873e-08, 0.9694908261299133, 0.05089611932635307, -0.2397853583097458, -0.018332362174987793, 0.9905221462249756, 0.136124849319458, 0.24444113671779633, -0.12757588922977448, 0.9612351655960083),
            ["RightHand"] = CFrame.new(-1.7881393432617188e-07, -1.1920928955078125e-07, -1.4901161193847656e-08, 0.764823317527771, -0.6387060880661011, 0.08426008373498917, 0.6439915299415588, 0.7615938186645508, -0.07245602458715439, -0.017893970012664795, 0.10967911034822464, 0.9938060641288757),
            ["UpperTorso"] = CFrame.new(1.6763806343078613e-08, 3.8743019104003906e-07, 2.7939677238464355e-08, 0.9138921499252319, 0.08984583616256714, -0.3958902955055237, -0.07814456522464752, 0.9958977103233337, 0.04562244936823845, 0.3983650207519531, -0.01075641717761755, 0.9171638488769531),
            ["HumanoidRootPart"] = CFrame.new(0, 0, 0, 1, 0, 0, 0, 1, 0, 0, 0, 1),
            ["RightUpperLeg"] = CFrame.new(-0.000025510787963867188, -0.00012542493641376495, -0.004997456446290016, 0.9418847560882568, -0.12366835027933121, 0.31234508752822876, 0.33465105295181274, 0.42666342854499817, -0.8402191996574402, -0.029357310384511948, 0.8959155082702637, 0.44325190782546997),
            ["LeftUpperArm"] = CFrame.new(-1.1920928955078125e-07, -0.065238356590271, 2.9802322387695312e-08, 0.9308397769927979, -0.1279674917459488, -0.342289000749588, -0.20977257192134857, 0.5798561573028564, -0.7872502207756042, 0.29922038316726685, 0.8046063184738159, 0.5129088163375854),
            ["RightLowerArm"] = CFrame.new(2.384185791015625e-07, 2.384185791015625e-07, -1.7881393432617188e-07, 1, 4.470348358154297e-08, -2.235175244891252e-08, -3.725290653733282e-08, 0.985164225101471, -0.1716146618127823, -4.842878098543224e-08, 0.17161467671394348, 0.9851641654968262),
            ["LeftHand"] = CFrame.new(-5.960464477539063e-08, 2.384185791015625e-07, -3.725290298461914e-07, 0.42860954999923706, 0.5319686532020569, -0.7302762269973755, -0.8472629189491272, 0.5173463225364685, -0.12041044235229492, 0.31375086307525635, 0.670344889163971, 0.672456681728363),
            ["LeftFoot"] = CFrame.new(0, 5.960464477539063e-08, 4.470348358154297e-08, 0.9978822469711304, -0.06174188852310181, -0.020471734926104546, 0.05113876610994339, 0.9391483664512634, -0.33968499302864075, 0.040198832750320435, 0.3379175662994385, 0.9403164386749268),
            ["LowerTorso"] = CFrame.new(0.011549201793968678, -0.1313725709915161, 0.10432302206754684, 0.8065416216850281, -0.06592216342687607, 0.5874906182289124, 0.052984531968832016, 0.9978247284889221, 0.03922440484166145, -0.5887981653213501, -0.0005088567268103361, 0.8082798719406128),
            ["RightLowerLeg"] = CFrame.new(-4.470348358154297e-08, 0, -1.2123928172513843e-07, 1, -4.470345160711986e-08, -1.6391292945172609e-07, 2.980232594040899e-08, -0.009465091861784458, 0.9999552965164185, -1.9371512394172896e-07, -0.9999551773071289, -0.009464511647820473),
            ["LeftUpperLeg"] = CFrame.new(0.000025510787963867188, 0.0001258394622709602, 0.0049974992871284485, 0.9768630266189575, -0.04581521451473236, -0.20890183746814728, -0.019464882090687752, 0.9536833763122559, -0.300179660320282, 0.21297842264175415, 0.2973027229309082, 0.9307267069816589),
            ["LeftLowerLeg"] = CFrame.new(0, 1.1920928955078125e-07, -2.9802322387695312e-08, 1, 2.235175244891252e-08, 4.842877388000488e-08, -4.470347292340193e-08, 0.730868399143219, 0.6825178265571594, 4.9360085796479325e-08, -0.6825185418128967, 0.7308689951896667),
        }},
        {Time = 0.167, Data = {
            ["RightFoot"] = CFrame.new(-5.960464477539063e-08, 2.384185791015625e-07, 6.129994289949536e-08, 0.8695347905158997, 0.15090687572956085, 0.47025081515312195, -0.22106923162937164, 0.9703847765922546, 0.09737440943717957, -0.44163063168525696, -0.18862849473953247, 0.8771445155143738),
            ["LeftLowerArm"] = CFrame.new(2.9802322387695312e-08, 1.1920928955078125e-07, -2.384185791015625e-07, 1, -9.685753354915505e-08, 9.685760460342863e-08, 5.960462345910855e-08, 0.1810322254896164, -0.9834771752357483, 7.450577932388569e-09, 0.9834772348403931, 0.1810322403907776),
            ["RightUpperArm"] = CFrame.new(-5.960464477539063e-08, -0.06523776054382324, -7.450580596923828e-08, 0.33212512731552124, -0.13442547619342804, -0.933607280254364, 0.45737677812576294, 0.8885931372642517, 0.0347650982439518, 0.8249238729476929, -0.43855684995651245, 0.3566077649593353),
            ["Head"] = CFrame.new(4.889443516731262e-09, 3.5762786865234375e-07, -4.256435204297304e-08, 0.9710531830787659, 0.05557435005903244, -0.23230864107608795, -0.026193030178546906, 0.9914671778678894, 0.12769785523414612, 0.23742327094078064, -0.117916539311409, 0.9642229676246643),
            ["RightHand"] = CFrame.new(-5.960464477539063e-08, -1.7881393432617188e-07, 2.9802322387695312e-08, 0.7897039651870728, -0.5944918394088745, 0.15148326754570007, 0.610965371131897, 0.7844743728637695, -0.10640145093202591, -0.05557987093925476, 0.17657744884490967, 0.98271644115448),
            ["UpperTorso"] = CFrame.new(6.05359673500061e-09, -2.9802322387695312e-08, -1.6807462088763714e-08, 0.9180231094360352, 0.08256308734416962, -0.3878363370895386, -0.057358019053936005, 0.9954457879066467, 0.07614324241876602, 0.3923565149307251, -0.04765480011701584, 0.9185779094696045),
            ["HumanoidRootPart"] = CFrame.new(0, 0, 0, 1, 0, 0, 0, 1, 0, 0, 0, 1),
            ["RightUpperLeg"] = CFrame.new(-0.000025510787963867188, -0.00012538419105112553, -0.004997476935386658, 0.902093768119812, -0.15209293365478516, 0.40385037660598755, 0.4285748600959778, 0.4252747893333435, -0.7971611618995667, -0.05050341412425041, 0.8921934962272644, 0.448819637298584),
            ["LeftUpperArm"] = CFrame.new(5.960464477539063e-08, -0.06523740291595459, -2.9802322387695312e-08, 0.9076064825057983, -0.1143408939242363, -0.4039509892463684, -0.26866579055786133, 0.5811754465103149, -0.7681496739387512, 0.32259753346443176, 0.8057054281234741, 0.496759295463562),
            ["RightLowerArm"] = CFrame.new(1.1920928955078125e-07, 2.384185791015625e-07, 2.2351741790771484e-07, 1, 1.4901159417490817e-08, -1.8626455755565985e-07, 4.470348358154297e-08, 0.9767208099365234, -0.21451468765735626, -1.2665987014770508e-07, 0.21451467275619507, 0.9767208099365234),
            ["LeftHand"] = CFrame.new(-1.4901161193847656e-07, -1.1920928955078125e-07, -8.940696716308594e-08, 0.3157981336116791, 0.6268547177314758, -0.7122670412063599, -0.9124590158462524, 0.4064802825450897, -0.04682045057415962, 0.26017314195632935, 0.6647006869316101, 0.7003452181816101),
            ["LeftFoot"] = CFrame.new(-4.423782229423523e-08, 5.960464477539063e-08, -1.4901161193847656e-08, 0.9968293905258179, -0.07672200351953506, -0.021092558279633522, 0.06385339051485062, 0.9294993877410889, -0.36325567960739136, 0.047474924474954605, 0.36075595021247864, 0.9314506649971008),
            ["LowerTorso"] = CFrame.new(0.015728218480944633, -0.12911450862884521, 0.10223352164030075, 0.821479082107544, -0.040124569088220596, 0.5688253045082092, 0.042201824486255646, 0.9990637302398682, 0.009525865316390991, -0.5686749219894409, 0.016179440543055534, 0.8224033117294312),
            ["RightLowerLeg"] = CFrame.new(-1.862645149230957e-07, -2.384185791015625e-07, -3.55576048605144e-08, 1, -8.940691031966708e-08, -2.0861648408754263e-07, 1.341104365337742e-07, -0.2387143075466156, 0.9710898995399475, -1.639127589214695e-07, -0.9710898399353027, -0.2387140542268753),
            ["LeftUpperLeg"] = CFrame.new(0.000025480985641479492, 0.00012568337842822075, 0.004997512325644493, 0.961207389831543, -0.06501233577728271, -0.2680557370185852, -0.011210414581000805, 0.961814284324646, -0.27347108721733093, 0.2755988538265228, 0.2658695876598358, 0.923774778842926),
            ["LeftLowerLeg"] = CFrame.new(7.450580596923828e-09, -1.7881393432617188e-07, 0, 1, 2.793969322567591e-08, 4.936009645462036e-08, -8.195637946073475e-08, 0.7525798678398132, 0.6585001349449158, 9.313224857976365e-09, -0.658501148223877, 0.7525806427001953),
        }},
        {Time = 0.200, Data = {
            ["RightFoot"] = CFrame.new(1.4901161193847656e-07, 2.384185791015625e-07, 7.620110409334302e-08, 0.8341856002807617, 0.1274867057800293, 0.5365457534790039, -0.21026358008384705, 0.9729467630386353, 0.09572756290435791, -0.5098270177841187, -0.192670539021492, 0.8384240865707397),
            ["LeftLowerArm"] = CFrame.new(2.980232238769531e-07, -2.384185791015625e-07, 5.364418029785156e-07, 1, 1.1920923270736239e-07, -1.5273684539351962e-07, 2.831221763699432e-07, -0.1734021008014679, -0.9848511219024658, 3.129244987576385e-07, 0.9848511219024658, -0.17340216040611267),
            ["RightUpperArm"] = CFrame.new(-5.960464477539063e-08, -0.06523847579956055, -1.4901161193847656e-08, 0.32871487736701965, -0.13261261582374573, -0.9350723624229431, 0.4573769271373749, 0.8885931372642517, 0.03476503863930702, 0.826288640499115, -0.439108282327652, 0.35274797677993774),
            ["Head"] = CFrame.new(-4.423782229423523e-09, -1.1920928955078125e-07, 6.984919309616089e-09, 0.9726925492286682, 0.060961879789829254, -0.22394821047782898, -0.03499565273523331, 0.9923800826072693, 0.11814061552286148, 0.22944402694702148, -0.10707718878984451, 0.967414140701294),
            ["RightHand"] = CFrame.new(0, 1.1920928955078125e-07, 1.1920928955078125e-07, 0.8061615228652954, -0.5551410913467407, 0.20474807918071747, 0.585091233253479, 0.7994725704193115, -0.1360592544078827, -0.08815845102071762, 0.22948198020458221, 0.9693121910095215),
            ["UpperTorso"] = CFrame.new(2.7939677238464355e-09, 8.940696716308594e-08, -1.3969838619232178e-09, 0.9220638871192932, 0.07395961135625839, -0.3799055218696594, -0.03454228863120079, 0.9933806657791138, 0.10955312103033066, 0.38549336791038513, -0.08789131790399551, 0.918515145778656),
            ["HumanoidRootPart"] = CFrame.new(0, 0, 0, 1, 0, 0, 0, 1, 0, 0, 0, 1),
            ["RightUpperLeg"] = CFrame.new(-0.000025480985641479492, -0.00012573227286338806, -0.004997501149773598, 0.8503742218017578, -0.18297621607780457, 0.49333930015563965, 0.5188019871711731, 0.44801491498947144, -0.7280990481376648, -0.08779687434434891, 0.8751013875007629, 0.4759078323841095),
            ["LeftUpperArm"] = CFrame.new(0, -0.06523823738098145, 0, 0.8798940181732178, -0.10081019252538681, -0.46435338258743286, -0.3262580931186676, 0.5822996497154236, -0.744635820388794, 0.345459520816803, 0.8066996932029724, 0.47947198152542114),
            ["RightLowerArm"] = CFrame.new(3.5762786865234375e-07, -1.1920928955078125e-07, 0, 1, -2.533196834519913e-07, 2.2351747119842003e-08, -2.6077037773575285e-07, 0.9663533568382263, -0.25721797347068787, -1.862645504502325e-08, 0.25721806287765503, 0.9663534164428711),
            ["LeftHand"] = CFrame.new(7.450580596923828e-08, -1.1920928955078125e-07, 3.725290298461914e-09, 0.21812307834625244, 0.6578961610794067, -0.7208293676376343, -0.9510085582733154, 0.3091132342815399, -0.005649545695632696, 0.2191006988286972, 0.6867471933364868, 0.6930895447731018),
            ["LeftFoot"] = CFrame.new(-2.0489096641540527e-08, 5.960464477539063e-08, 1.4901161193847656e-08, 0.9956696629524231, -0.09103945642709732, -0.018814699724316597, 0.0752096176147461, 0.907812774181366, -0.41257789731025696, 0.054640743881464005, 0.40937498211860657, 0.9107280373573303),
            ["LowerTorso"] = CFrame.new(0.01887386478483677, -0.13762593269348145, 0.10066069662570953, 0.8369661569595337, -0.01229347288608551, 0.5471163988113403, 0.029533732682466507, 0.9993054270744324, -0.022726962342858315, -0.546457052230835, 0.03517942503094673, 0.8367480039596558),
            ["RightLowerLeg"] = CFrame.new(1.043081283569336e-07, 5.960464477539063e-08, 8.365168469026685e-08, 1, -1.937149818331818e-07, -1.6763814869591442e-07, 2.2351741790771484e-07, -0.37921780347824097, 0.92530757188797, -2.682209014892578e-07, -0.9253075122833252, -0.37921759486198425),
            ["LeftUpperLeg"] = CFrame.new(0.000025540590286254883, 0.00012549804523587227, 0.004997473210096359, 0.9432361125946045, -0.09171880781650543, -0.31920740008354187, 0.0037310877814888954, 0.9639768004417419, -0.26595839858055115, 0.33210209012031555, 0.24967247247695923, 0.9096003770828247),
            ["LeftLowerLeg"] = CFrame.new(2.2351741790771484e-08, -1.1920928955078125e-07, -2.2351741790771484e-08, 1, 6.332997770641668e-08, 3.539026494081554e-08, -8.940695295223122e-08, 0.742426872253418, 0.6699265837669373, 5.587934559514451e-09, -0.6699272394180298, 0.7424274682998657),
        }},
        {Time = 0.233, Data = {
            ["RightFoot"] = CFrame.new(-1.4901161193847656e-08, 3.5762786865234375e-07, 6.875052349641919e-08, 0.8036894202232361, 0.11659709364175797, 0.5835139751434326, -0.2018006443977356, 0.9759083986282349, 0.08294231444597244, -0.5597854852676392, -0.18441274762153625, 0.8078564405441284),
            ["LeftLowerArm"] = CFrame.new(1.1920928955078125e-07, 3.5762786865234375e-07, -5.364418029785156e-07, 1, -2.6822095833267667e-07, -1.4901166522918174e-08, 2.2724276504959562e-07, -0.41868528723716736, -0.9081313610076904, 1.4901164746561335e-08, 0.90813148021698, -0.4186853766441345),
            ["RightUpperArm"] = CFrame.new(-1.7881393432617188e-07, -0.0652385950088501, -1.4901161193847656e-08, 0.32516276836395264, -0.13072538375854492, -0.9365789294242859, 0.45737671852111816, 0.8885932564735413, 0.034765079617500305, 0.8276930451393127, -0.4396738111972809, 0.34872838854789734),
            ["Head"] = CFrame.new(-4.190951585769653e-09, -4.76837158203125e-07, -1.0710209608078003e-08, 0.974288284778595, 0.06679610162973404, -0.2151755839586258, -0.044248200953006744, 0.9931704998016357, 0.10795579850673676, 0.22091726958751678, -0.09565877914428711, 0.9705901145935059),
            ["RightHand"] = CFrame.new(5.960464477539063e-08, 2.384185791015625e-07, 5.960464477539063e-08, 0.8137713074684143, -0.5311323404312134, 0.23595492541790009, 0.5710868835449219, 0.8061192631721497, -0.15502125024795532, -0.1078713983297348, 0.2609024941921234, 0.9593194127082825),
            ["UpperTorso"] = CFrame.new(-1.3504177331924438e-08, -2.086162567138672e-07, -2.7939677238464355e-08, 0.9257972836494446, 0.06432100385427475, -0.37250831723213196, -0.010795208625495434, 0.9895145297050476, 0.14403004944324493, 0.3778664171695709, -0.12932035326957703, 0.9167840480804443),
            ["HumanoidRootPart"] = CFrame.new(0, 0, 0, 1, 0, 0, 0, 1, 0, 0, 0, 1),
            ["RightUpperLeg"] = CFrame.new(-0.000025540590286254883, -0.00012575602158904076, -0.004997468553483486, 0.7992968559265137, -0.20580799877643585, 0.5645959377288818, 0.5873078107833862, 0.4664929509162903, -0.6614031791687012, -0.12725621461868286, 0.8602485060691833, 0.4937381148338318),
            ["LeftUpperArm"] = CFrame.new(0, -0.06523895263671875, -1.4901161193847656e-08, 0.8478631377220154, -0.0874045342206955, -0.5229612588882446, -0.38203200697898865, 0.5832391381263733, -0.7168567180633545, 0.3676680028438568, 0.8075844645500183, 0.4611159563064575),
            ["RightLowerArm"] = CFrame.new(-1.1920928955078125e-07, -2.384185791015625e-07, -2.9802322387695312e-08, 1, 5.960465188081798e-08, -6.705523247774181e-08, 2.9802322387695312e-08, 0.954063892364502, -0.29960307478904724, 4.842877388000488e-08, 0.29960325360298157, 0.9540639519691467),
            ["LeftHand"] = CFrame.new(5.960464477539063e-08, 2.980232238769531e-07, 4.470348358154297e-08, 0.16532288491725922, 0.650848925113678, -0.7409884929656982, -0.9671921730041504, 0.25394248962402344, 0.00725919846445322, 0.19289305806159973, 0.7154781222343445, 0.6714785099029541),
            ["LeftFoot"] = CFrame.new(-1.955777406692505e-08, 5.960464477539063e-08, 7.450580596923828e-09, 0.9981617331504822, -0.05259329080581665, 0.030119841918349266, 0.06042926013469696, 0.9016725420951843, -0.4281772971153259, -0.004639331251382828, 0.42920929193496704, 0.9031926393508911),
            ["LowerTorso"] = CFrame.new(0.022019511088728905, -0.15363216400146484, 0.09908787161111832, 0.8520547151565552, 0.01609162986278534, 0.5232053399085999, 0.015447515062987804, 0.998319149017334, -0.055861905217170715, -0.5232247710227966, 0.055678777396678925, 0.8503738641738892),
            ["RightLowerLeg"] = CFrame.new(-1.043081283569336e-07, 1.1920928955078125e-07, -6.535992724820971e-08, 1, -5.960463056453591e-08, -1.713634958377952e-07, 1.1920931797249068e-07, -0.4585714042186737, 0.8886574506759644, -1.6018752546642645e-07, -0.8886575102806091, -0.45857176184654236),
            ["LeftUpperLeg"] = CFrame.new(0.000025510787963867188, 0.00012546638026833534, 0.0049974871799349785, 0.927143394947052, -0.13013100624084473, -0.35138458013534546, 0.038700517266988754, 0.9659982323646545, -0.2556334435939789, 0.37270277738571167, 0.22341272234916687, 0.9006556272506714),
            ["LeftLowerLeg"] = CFrame.new(-3.91155481338501e-08, 5.960464477539063e-08, -7.450580596923828e-08, 1, 5.587939355677918e-08, 3.25963149805375e-08, -6.705522537231445e-08, 0.7233351469039917, 0.6904963850975037, 8.288770914077759e-08, -0.6904971599578857, 0.723335862159729),
        }},
        {Time = 0.267, Data = {
            ["RightFoot"] = CFrame.new(8.940696716308594e-08, 4.76837158203125e-07, 4.639878170564771e-08, 0.7897155284881592, 0.11336208134889603, 0.6029083132743835, -0.20128364861011505, 0.9762532711029053, 0.08009140193462372, -0.5795120596885681, -0.18460433185100555, 0.7937802672386169),
            ["LeftLowerArm"] = CFrame.new(-1.7881393432617188e-07, -2.384185791015625e-07, 4.172325134277344e-07, 1, -1.2665992699112394e-07, 2.4586918812019576e-07, 1.1175872671742582e-08, -0.5051349997520447, -0.8630403280258179, -8.940698137394065e-08, 0.8630403876304626, -0.5051351189613342),
            ["RightUpperArm"] = CFrame.new(-1.1920928955078125e-07, -0.06523716449737549, 5.960464477539063e-08, 0.32156023383140564, -0.12881207466125488, -0.9380866289138794, 0.45737698674201965, 0.888593316078186, 0.034765224903821945, 0.8290990591049194, -0.44023802876472473, 0.3446519672870636),
            ["Head"] = CFrame.new(8.381903171539307e-09, 3.5762786865234375e-07, 1.257285475730896e-08, 0.9756023287773132, 0.07216383516788483, -0.207346111536026, -0.05252215266227722, 0.9937277436256409, 0.09872639924287796, 0.2131701409816742, -0.08542705327272415, 0.9732732772827148),
            ["RightHand"] = CFrame.new(0, 5.960464477539063e-08, 1.7881393432617188e-07, 0.8133407831192017, -0.5293911695480347, 0.241291344165802, 0.5713154673576355, 0.8051059246063232, -0.15938390791416168, -0.10988873243331909, 0.2674873471260071, 0.9572749733924866),
            ["UpperTorso"] = CFrame.new(-4.190951585769653e-09, 0, 2.2351741790771484e-08, 0.9289351105690002, 0.05484131723642349, -0.36615830659866333, 0.010790515691041946, 0.9845388531684875, 0.1748342514038086, 0.3700852692127228, -0.1663600355386734, 0.9139809012413025),
            ["HumanoidRootPart"] = CFrame.new(0, 0, 0, 1, 0, 0, 0, 1, 0, 0, 0, 1),
            ["RightUpperLeg"] = CFrame.new(-0.000025451183319091797, -0.0001258132979273796, -0.004997448995709419, 0.7691085338592529, -0.21021059155464172, 0.6035597324371338, 0.6200267672538757, 0.4745052754878998, -0.6248294711112976, -0.15504489839076996, 0.8547844290733337, 0.4952816367149353),
            ["LeftUpperArm"] = CFrame.new(1.1920928955078125e-07, -0.06523728370666504, 7.450580596923828e-08, 0.811756432056427, -0.0741514340043068, -0.5792691707611084, -0.43549641966819763, 0.5840073227882385, -0.6850390434265137, 0.3890943229198456, 0.8083544969558716, 0.4417790174484253),
            ["RightLowerArm"] = CFrame.new(5.960464477539063e-08, 4.172325134277344e-07, 5.960464477539063e-08, 1, -4.470348358154297e-08, -2.2351748896198842e-08, -1.9371512394172896e-07, 0.9398647546768188, -0.3415469527244568, -7.450581307466564e-08, 0.34154704213142395, 0.9398647546768188),
            ["LeftHand"] = CFrame.new(1.4901161193847656e-08, -2.384185791015625e-07, 1.4901161193847656e-08, 0.15068548917770386, 0.6424993276596069, -0.7513245344161987, -0.9711905121803284, 0.23813974857330322, 0.00886449869722128, 0.18461553752422333, 0.7283433675765991, 0.659873366355896),
            ["LeftFoot"] = CFrame.new(1.862645149230957e-08, 1.1920928955078125e-07, 4.6566128730773926e-08, 0.9969505071640015, -0.014683765359222889, 0.07664325833320618, 0.0464477613568306, 0.900874137878418, -0.4315893352031708, -0.06270910054445267, 0.433832049369812, 0.8988084197044373),
            ["LowerTorso"] = CFrame.new(0.02516515739262104, -0.16214370727539062, 0.0975150614976883, 0.8648423552513123, 0.04134523868560791, 0.5003380179405212, 0.0018657369073480368, 0.9963316321372986, -0.08555731177330017, -0.5020400285720825, 0.07492631673812866, 0.8615925908088684),
