return {
    ["Dancin' Domino"] = {
        {Time = 0.000, Data = {
            ["LeftFoot"] = CFrame.new(-1.6763806343078613e-08, -1.1920928955078125e-07, 0, 0.9974234700202942, 0.07148440182209015, 0.006034175865352154, -0.07117470353841782, 0.9755488038063049, 0.20793911814689636, 0.008977776393294334, -0.20783290266990662, 0.9781232476234436),
            ["LeftLowerArm"] = CFrame.new(-2.384185791015625e-07, -2.980232238769531e-07, 1.7881393432617188e-07, 1, -1.1920930376163597e-07, 8.940698137394065e-08, 9.685753354915505e-08, -0.0896085724234581, -0.9959771037101746, 7.823108916227284e-08, 0.9959770441055298, -0.08960860222578049),
            ["LowerTorso"] = CFrame.new(-0.0522281676530838, 0.07355403900146484, 0.09862136840820312, 0.9996691346168518, 0.014667648822069168, 0.021129772067070007, -0.011420425027608871, 0.9891685843467712, -0.1463397890329361, -0.02304736338555813, 0.1460500806570053, 0.9890087246894836),
            ["Head"] = CFrame.new(2.6193447411060333e-10, 2.384185791015625e-07, -4.8370566219091415e-08, 0.9964613318443298, 0.08121906965970993, -0.02164250798523426, -0.08348874747753143, 0.9861862063407898, -0.14306113123893738, 0.009724246338009834, 0.14436188340187073, 0.9894772171974182),
            ["RightUpperArm"] = CFrame.new(2.384185791015625e-07, 0, -4.98257577419281e-08, 0.8348791003227234, 0.3553662896156311, 0.4203471541404724, 0.02339334227144718, 0.7400680184364319, -0.6721251010894775, -0.549936056137085, 0.5709764957427979, 0.60955411195755),
            ["UpperTorso"] = CFrame.new(-9.313225746154785e-10, -2.384185791015625e-07, -2.7008354663848877e-08, 0.9996956586837769, -0.014620478264987469, -0.019873037934303284, 0.01965334825217724, 0.9588531255722046, 0.2832215428352356, 0.014914488419890404, -0.28352591395378113, 0.9588486552238464),
            ["HumanoidRootPart"] = CFrame.new(0, 0, 0, 1, 0, 0, 0, 1, 0, 0, 0, 1),
            ["RightHand"] = CFrame.new(-5.960464477539063e-08, -2.384185791015625e-07, -2.384185791015625e-07, 0.8249852061271667, -0.5111300945281982, 0.24113383889198303, 0.564784586429596, 0.7610697150230408, -0.3190479874610901, -0.02044464834034443, 0.3993985056877136, 0.9165494441986084),
            ["LeftUpperArm"] = CFrame.new(-2.384185791015625e-07, 1.1920928955078125e-07, -7.12461769580841e-08, 0.9084295630455017, -0.1383846253156662, -0.3944688141345978, -0.14689688384532928, 0.7777695655822754, -0.6111429929733276, 0.39137864112854004, 0.6131265163421631, 0.6862205266952515),
            ["RightLowerArm"] = CFrame.new(5.960464477539063e-08, 4.76837158203125e-07, -1.7881393432617188e-07, 1, -8.754432201385498e-08, 1.3783574104309082e-07, 1.1920930376163597e-07, 0.11545723676681519, -0.9933125376701355, 1.3411046495548362e-07, 0.9933124780654907, 0.1154572069644928),
            ["LeftHand"] = CFrame.new(2.9802322387695312e-08, -5.960464477539063e-08, 0, 0.8617244958877563, 0.43864983320236206, -0.2549844980239868, -0.4827488660812378, 0.8635095953941345, -0.14596204459667206, 0.15615539252758026, 0.2488725483417511, 0.9558650851249695),
            ["RightUpperLeg"] = CFrame.new(0, -3.734603524208069e-07, 7.617927622050047e-09, 0.9966709613800049, 0.004843736998736858, -0.0813848078250885, -0.022047854959964752, 0.9770520925521851, -0.21185636520385742, 0.07849100232124329, 0.21294531226158142, 0.9739062786102295),
            ["LeftUpperLeg"] = CFrame.new(2.9802322387695312e-08, -6.593763828277588e-07, 1.3969838619232178e-08, 0.9915714263916016, -0.0939582958817482, 0.08920679986476898, 0.11228225380182266, 0.9667285680770874, -0.22984451055526733, -0.06464295834302902, 0.23792359232902527, 0.9691303968429565),
            ["RightLowerLeg"] = CFrame.new(2.2351741790771484e-08, 4.172325134277344e-07, -2.438173396512866e-08, 1, -9.126962652317161e-08, -2.7939687896605392e-08, 9.313224325069314e-08, 0.7770965695381165, 0.6293811202049255, -3.725289943190546e-08, -0.6293813586235046, 0.7770968675613403),
            ["RightFoot"] = CFrame.new(-7.916241884231567e-09, 4.76837158203125e-07, 2.49783624894917e-08, 0.9963493943214417, 0.08301075547933578, 0.01992843486368656, -0.08489686995744705, 0.9389336109161377, 0.33346110582351685, 0.00896940752863884, -0.3339357078075409, 0.9425532221794128),
            ["LeftLowerLeg"] = CFrame.new(3.4458935260772705e-08, -5.960464477539063e-08, 6.705522537231445e-08, 1, 6.891788473240013e-08, 1.862645504502325e-08, -5.21540641784668e-08, 0.7825152277946472, 0.6226315498352051, 2.9802322387695312e-08, -0.6226315498352051, 0.7825151681900024),
        }},
        {Time = 0.033, Data = {
            ["LeftFoot"] = CFrame.new(-4.0978193283081055e-08, -5.960464477539063e-08, 4.6566128730773926e-09, 0.9992340207099915, 0.038713883608579636, 0.005715988110750914, -0.03898739814758301, 0.9722097516059875, 0.23084230720996857, 0.003379669040441513, -0.23088830709457397, 0.9729744791984558),
            ["LeftLowerArm"] = CFrame.new(2.086162567138672e-07, 1.1920928955078125e-07, -1.1920928955078125e-07, 1, -6.705522537231445e-08, 9.406356582530861e-08, 6.984918599073353e-08, 0.007943391799926758, -0.9999685287475586, 7.4505797087454084e-09, 0.9999684691429138, 0.007943428121507168),
            ["LowerTorso"] = CFrame.new(-0.04528306797146797, 0.051244497299194336, 0.09740541875362396, 0.9995065927505493, 0.02693129889667034, 0.016169847920536995, -0.024360226467251778, 0.9895238876342773, -0.1422993689775467, -0.019832758232951164, 0.14183524250984192, 0.9896916151046753),
            ["Head"] = CFrame.new(6.9267116487026215e-09, -3.5762786865234375e-07, -3.864988684654236e-08, 0.9953590631484985, 0.09557146579027176, -0.011250239796936512, -0.09620748460292816, 0.9856860041618347, -0.13844603300094604, -0.0021422833669930696, 0.13888594508171082, 0.9903061389923096),
            ["RightUpperArm"] = CFrame.new(-5.960464477539063e-08, -2.384185791015625e-07, -5.494803190231323e-08, 0.8320668339729309, 0.16830991208553314, 0.5285232663154602, 0.08149546384811401, 0.9054147601127625, -0.41663262248039246, -0.5486558675765991, 0.3897383213043213, 0.7396488785743713),
            ["UpperTorso"] = CFrame.new(-1.3969838619232178e-09, 8.940696716308594e-08, 4.807952791452408e-08, 0.998832106590271, -0.038760971277952194, -0.028844432905316353, 0.045029446482658386, 0.9632166624069214, 0.2649265229701996, 0.017514625564217567, -0.2659159302711487, 0.9638371467590332),
            ["HumanoidRootPart"] = CFrame.new(0, 0, 0, 1, 0, 0, 0, 1, 0, 0, 0, 1),
            ["RightHand"] = CFrame.new(5.960464477539063e-08, 5.960464477539063e-08, 2.3096799850463867e-07, 0.6744030714035034, -0.6405889391899109, 0.3671875596046448, 0.7325184941291809, 0.6429160237312317, -0.22377631068229675, -0.0927220806479454, 0.4198867678642273, 0.9028275012969971),
            ["LeftUpperArm"] = CFrame.new(1.1920928955078125e-07, -2.384185791015625e-07, 2.3748725652694702e-08, 0.8094451427459717, 0.02929895743727684, -0.5864643454551697, -0.2740269601345062, 0.902177631855011, -0.33314383029937744, 0.5193340182304382, 0.4303686320781708, 0.73829185962677),
            ["RightLowerArm"] = CFrame.new(1.7881393432617188e-07, 0, 8.940696716308594e-08, 1, -7.450581307466564e-08, 9.499491682163352e-08, 1.0989606380462646e-07, 0.11235983669757843, -0.9936676621437073, 1.555308699607849e-07, 0.9936676621437073, 0.11235982179641724),
            ["LeftHand"] = CFrame.new(1.1920928955078125e-07, 1.7881393432617188e-07, 2.4959444999694824e-07, 0.7939325571060181, 0.5702385306358337, -0.21094873547554016, -0.6054606437683105, 0.7732121348381042, -0.18857517838478088, 0.055575210601091385, 0.277436763048172, 0.959135115146637),
            ["RightUpperLeg"] = CFrame.new(-5.960464477539063e-08, 5.122274160385132e-08, -9.611540008336306e-09, 0.9997522830963135, 0.02105743996798992, -0.007221836596727371, -0.02215239405632019, 0.9731172919273376, -0.22924262285232544, 0.002200429793447256, 0.22934569418430328, 0.9733425974845886),
            ["LeftUpperLeg"] = CFrame.new(5.960464477539063e-08, 3.650784492492676e-07, 1.30385160446167e-08, 0.9908583164215088, -0.1156076043844223, 0.06953273713588715, 0.12309572100639343, 0.9856700897216797, -0.11533419042825699, -0.05520283058285713, 0.12283898144960403, 0.9908902049064636),
            ["RightLowerLeg"] = CFrame.new(-4.190951585769653e-08, 2.384185791015625e-07, -4.5860360842198133e-08, 1, -9.406356582530861e-08, -3.166497464235363e-08, 8.475034718458119e-08, 0.7995464205741882, 0.6006042957305908, -2.9802318834981634e-08, -0.6006044149398804, 0.7995463609695435),
            ["RightFoot"] = CFrame.new(-1.6472768038511276e-08, 2.980232238769531e-07, 1.3802491594105959e-08, 0.9977262020111084, 0.05191749706864357, 0.0429767370223999, -0.06415671855211258, 0.926963746547699, 0.3696241080760956, -0.020647941157221794, -0.3715413212776184, 0.9281870126724243),
            ["LeftLowerLeg"] = CFrame.new(6.146728992462158e-08, 2.384185791015625e-07, -3.725290298461914e-08, 1, 4.6566135836201283e-08, 1.1175874448099421e-08, -3.818422555923462e-08, 0.8862336874008179, 0.4632387161254883, 7.450580596923828e-09, -0.46323859691619873, 0.8862336277961731),
        }},
        {Time = 0.067, Data = {
            ["LeftFoot"] = CFrame.new(1.862645149230957e-08, -5.960464477539063e-08, 2.3283064365386963e-08, 0.9988003373146057, 0.04895865544676781, -0.0010242901043966413, -0.04875868558883667, 0.9962235689163208, 0.07184240967035294, 0.004537743516266346, -0.07170633971691132, 0.9974155426025391),
            ["LeftLowerArm"] = CFrame.new(-1.7881393432617188e-07, 2.384185791015625e-07, 1.4901161193847656e-07, 1, -1.0803340444454079e-07, 1.4156104555240745e-07, 7.82310962677002e-08, 0.044684331864118576, -0.9990012049674988, 1.1920928955078125e-07, 0.9990012049674988, 0.04468432441353798),
            ["LowerTorso"] = CFrame.new(-0.03167130798101425, -0.0015711784362792969, 0.09823426604270935, 0.9988474249839783, 0.04607081413269043, -0.013463535346090794, -0.04749434441328049, 0.9892109036445618, -0.1385859102010727, 0.006933509837836027, 0.13906562328338623, 0.9902589321136475),
            ["Head"] = CFrame.new(-5.471520125865936e-09, 2.384185791015625e-07, 6.51925802230835e-09, 0.993534505367279, 0.11247242987155914, 0.01546494010835886, -0.10830135643482208, 0.9798026084899902, -0.16810011863708496, -0.03405921906232834, 0.16533848643302917, 0.9856486320495605),
            ["RightUpperArm"] = CFrame.new(2.384185791015625e-07, 2.384185791015625e-07, -1.4901161193847656e-08, 0.9424659013748169, 0.07841239124536514, 0.3249763250350952, 0.011921401135623455, 0.9636014103889465, -0.2670774459838867, -0.33408963680267334, 0.25558552145957947, 0.9072266817092896),
            ["UpperTorso"] = CFrame.new(4.540197551250458e-09, -5.960464477539063e-08, -9.997165761888027e-09, 0.9958465695381165, -0.08204382658004761, -0.039479076862335205, 0.0893239974975586, 0.9643524289131165, 0.2490895837545395, 0.01763547584414482, -0.2515814006328583, 0.9676754474639893),
            ["HumanoidRootPart"] = CFrame.new(0, 0, 0, 1, 0, 0, 0, 1, 0, 0, 0, 1),
            ["RightHand"] = CFrame.new(-8.940696716308594e-08, 1.1920928955078125e-07, 2.735760062932968e-07, 0.9020155072212219, -0.31882786750793457, 0.29106172919273376, 0.3943834602832794, 0.8827992677688599, -0.25520059466362, -0.17558395862579346, 0.34498462080955505, 0.9220389723777771),
            ["LeftUpperArm"] = CFrame.new(-1.1920928955078125e-07, 3.5762786865234375e-07, 1.862645149230957e-08, 0.8669069409370422, 0.29914388060569763, -0.3987295925617218, -0.27055490016937256, 0.9542039632797241, 0.12765133380889893, 0.4186553955078125, -0.0027836179360747337, 0.9081409573554993),
            ["RightLowerArm"] = CFrame.new(1.7881393432617188e-07, -1.1920928955078125e-07, -4.470348358154297e-08, 1, -5.139736458659172e-08, 7.753261144216594e-08, 9.220094909778709e-08, 0.1244952529668808, -0.9922202825546265, 9.511133214346046e-08, 0.9922202229499817, 0.12449537962675095),
            ["LeftHand"] = CFrame.new(5.960464477539063e-08, 5.960464477539063e-08, -7.450580596923828e-08, 0.9555061459541321, 0.18340915441513062, -0.23101806640625, -0.23625484108924866, 0.9447833895683289, -0.22708629071712494, 0.17661233246326447, 0.27156150341033936, 0.9460774064064026),
            ["RightUpperLeg"] = CFrame.new(0, -3.1851232051849365e-07, 1.2740201782435179e-08, 0.9986910820007324, 0.0354166254401207, 0.036902088671922684, -0.02717471309006214, 0.9786345958709717, -0.20380373299121857, -0.04333169013261795, 0.202534019947052, 0.978316068649292),
            ["LeftUpperLeg"] = CFrame.new(-5.960464477539063e-08, -7.450580596923828e-08, 4.6566128730773926e-09, 0.987540602684021, -0.12980544567108154, 0.08896157145500183, 0.13731281459331512, 0.9869415163993835, -0.08421190083026886, -0.0768686905503273, 0.09537823498249054, 0.9924687147140503),
            ["RightLowerLeg"] = CFrame.new(-1.5832483768463135e-08, 2.384185791015625e-07, -1.0028452379629016e-07, 1, -9.965152969471092e-08, -3.72529100900465e-08, 1.0896472701915627e-07, 0.7724615335464478, 0.6350613236427307, -3.166496398421259e-08, -0.6350616216659546, 0.7724617719650269),
            ["RightFoot"] = CFrame.new(4.284083843231201e-08, 1.7881393432617188e-07, -4.300818545743823e-08, 0.9998685121536255, -0.007131671998649836, -0.014567621052265167, 0.00687982514500618, 0.9998272657394409, -0.01726534776389599, 0.014688245952129364, 0.017163025215268135, 0.9997448325157166),
            ["LeftLowerLeg"] = CFrame.new(3.306195139884949e-08, 5.960464477539063e-08, -3.725290298461914e-09, 1, 4.3772175217782205e-08, 7.450583261459087e-09, -4.9360089349193004e-08, 0.883503258228302, 0.4684252142906189, 1.6763804566721774e-08, -0.4684251844882965, 0.8835031986236572),
        }},
        {Time = 0.100, Data = {
            ["LeftFoot"] = CFrame.new(-1.1175870895385742e-08, 0, 1.30385160446167e-08, 0.9975383877754211, 0.06617781519889832, -0.023186612874269485, -0.06887923181056976, 0.9867217540740967, -0.14709147810935974, 0.013144569471478462, 0.14832644164562225, 0.9888511896133423),
            ["LeftLowerArm"] = CFrame.new(-3.2782554626464844e-07, 2.384185791015625e-07, 0, 1, -6.70552182668871e-08, 1.1175869474300271e-07, 9.685753354915505e-08, -0.004115769173949957, -0.9999915957450867, 9.685753354915505e-08, 0.9999915957450867, -0.004115754272788763),
            ["LowerTorso"] = CFrame.new(-0.011601433157920837, -0.06598114967346191, 0.10248792171478271, 0.9939912557601929, 0.08253393322229385, -0.07189961522817612, -0.09164367616176605, 0.9866913557052612, -0.1343192458152771, 0.0598568320274353, 0.14010131359100342, 0.9883262515068054),
            ["Head"] = CFrame.new(-6.868503987789154e-09, 2.384185791015625e-07, 2.3283064365386963e-09, 0.987478494644165, 0.14528141915798187, 0.06147843599319458, -0.12909622490406036, 0.968183159828186, -0.2143722027540207, -0.09066668897867203, 0.2037513703107834, 0.9748154282569885),
            ["RightUpperArm"] = CFrame.new(1.1920928955078125e-07, 0, -4.470348358154297e-08, 0.9694149494171143, -0.18534289300441742, 0.16088120639324188, 0.2150775045156479, 0.9573137164115906, -0.1931118369102478, -0.11822181940078735, 0.22180737555027008, 0.9678972959518433),
            ["UpperTorso"] = CFrame.new(-1.0244548320770264e-08, 2.384185791015625e-07, -1.1757947504520416e-08, 0.9867491722106934, -0.1546454280614853, -0.04910026118159294, 0.16189515590667725, 0.9584959745407104, 0.23468172550201416, 0.010769931599497795, -0.2395211160182953, 0.9708315134048462),
            ["HumanoidRootPart"] = CFrame.new(0, 0, 0, 1, 0, 0, 0, 1, 0, 0, 0, 1),
            ["RightHand"] = CFrame.new(1.4901161193847656e-08, -1.1920928955078125e-07, 9.685754776000977e-08, 0.9379196763038635, -0.17212246358394623, 0.3011319041252136, 0.24165259301662445, 0.9470710158348083, -0.2113308608531952, -0.24881862103939056, 0.2709806561470032, 0.9298704266548157),
            ["LeftUpperArm"] = CFrame.new(-1.1920928955078125e-07, 3.5762786865234375e-07, 0, 0.9832318425178528, 0.1823423206806183, -0.0025623738765716553, -0.1611645668745041, 0.8754400610923767, 0.45566508173942566, 0.08533018827438354, -0.4476114511489868, 0.8901476263999939),
            ["RightLowerArm"] = CFrame.new(-2.9802322387695312e-08, 4.172325134277344e-07, 1.979060471057892e-08, 1, -8.940695295223122e-08, 7.078051567077637e-08, 7.217749242727223e-08, -0.06022164970636368, -0.9981850981712341, 9.313224325069314e-08, 0.9981850385665894, -0.06022167578339577),
            ["LeftHand"] = CFrame.new(1.4901161193847656e-08, 5.960464477539063e-08, -1.9371509552001953e-07, 0.8766269087791443, 0.08705675601959229, -0.4732295274734497, -0.15721391141414642, 0.9813408851623535, -0.11069783568382263, 0.4547627568244934, 0.17143899202346802, 0.8739564418792725),
            ["RightUpperLeg"] = CFrame.new(-2.9802322387695312e-08, 3.501772880554199e-07, 9.480572771281004e-09, 0.9941778182983398, 0.0363997146487236, 0.10141846537590027, -0.010856572538614273, 0.9702630043029785, -0.24180975556373596, -0.10720443725585938, 0.23930059373378754, 0.9650090336799622),
            ["LeftUpperLeg"] = CFrame.new(-5.960464477539063e-08, 4.069879651069641e-07, 1.1175870895385742e-08, 0.9758007526397705, -0.15533606708049774, 0.1538952887058258, 0.16080400347709656, 0.986702561378479, -0.023666588589549065, -0.14817264676094055, 0.04784085229039192, 0.9878036975860596),
            ["RightLowerLeg"] = CFrame.new(-3.632158041000366e-08, 5.960464477539063e-08, 5.3383701015263796e-08, 1, -1.0244549741855735e-07, -4.842878098543224e-08, 1.136213683139431e-07, 0.7027752995491028, 0.7114114165306091, -4.749745841081676e-08, -0.7114118337631226, 0.7027758359909058),
            ["RightFoot"] = CFrame.new(-2.9802322387695312e-08, 2.980232238769531e-07, 4.267349140718579e-08, 0.9975056052207947, -0.06635551154613495, -0.024074267596006393, 0.05647380277514458, 0.9548167586326599, -0.2917802631855011, 0.042347803711891174, 0.289693146944046, 0.9561824202537537),
            ["LeftLowerLeg"] = CFrame.new(7.12461769580841e-08, 5.960464477539063e-08, 1.862645149230957e-08, 1, 5.401672709126615e-08, -3.725290298461914e-09, -3.91155481338501e-08, 0.8958325982093811, 0.44439151883125305, 2.7939677238464355e-08, -0.4443916082382202, 0.8958327174186707),
        }},
        {Time = 0.133, Data = {
            ["LeftFoot"] = CFrame.new(5.587935447692871e-09, -1.7881393432617188e-07, 0, 0.996513843536377, 0.08077744394540787, -0.020864563062787056, -0.08334271609783173, 0.9525142908096313, -0.2928663194179535, -0.003783187363296747, 0.29358431696891785, 0.9559258222579956),
            ["LeftLowerArm"] = CFrame.new(1.4901161193847656e-07, -3.5762786865234375e-07, -4.0978193283081055e-07, 1, -5.5049881098057085e-08, 8.195639367158947e-08, 1.0430814256778831e-07, 0.24636076390743256, -0.9691781997680664, 7.450581307466564e-08, 0.9691781997680664, 0.2463608831167221),
            ["LowerTorso"] = CFrame.new(0.008369818329811096, -0.12144660949707031, 0.11125248670578003, 0.9853093028068542, 0.09657420217990875, -0.14085157215595245, -0.11491555720567703, 0.9850295782089233, -0.12849639356136322, 0.12633351981639862, 0.14279472827911377, 0.981656551361084),
            ["Head"] = CFrame.new(-3.213062882423401e-08, -4.76837158203125e-07, -2.7939677238464355e-09, 0.9769120216369629, 0.18079957365989685, 0.11381810903549194, -0.14819295704364777, 0.9572104811668396, -0.24856984615325928, -0.15388919413089752, 0.22596393525600433, 0.9619035720825195),
            ["RightUpperArm"] = CFrame.new(1.1920928955078125e-07, -2.384185791015625e-07, -4.470348358154297e-08, 0.9018350839614868, -0.3780311942100525, -0.20925137400627136, 0.32610398530960083, 0.9132094383239746, -0.24434500932693481, 0.2834603190422058, 0.15212123095989227, 0.946841835975647),
            ["UpperTorso"] = CFrame.new(3.725290298461914e-09, -2.9802322387695312e-08, -5.2619725465774536e-08, 0.977228045463562, -0.20643384754657745, -0.04909757897257805, 0.21219205856323242, 0.9509323239326477, 0.22517170011997223, 0.00020541719277389348, -0.23046216368675232, 0.9730812907218933),
            ["HumanoidRootPart"] = CFrame.new(0, 0, 0, 1, 0, 0, 0, 1, 0, 0, 0, 1),
            ["RightHand"] = CFrame.new(2.1606683731079102e-07, 1.1920928955078125e-07, 5.066394805908203e-07, 0.8544207215309143, -0.3401990532875061, 0.39272168278694153, 0.4524308741092682, 0.8587880730628967, -0.24039310216903687, -0.2554832994937897, 0.383076548576355, 0.8876829147338867),
            ["LeftUpperArm"] = CFrame.new(0, -3.5762786865234375e-07, 2.9802322387695312e-08, 0.9639012813568115, 0.24210308492183685, 0.11081740260124207, -0.26090243458747864, 0.7757439017295837, 0.5745877027511597, 0.053143519908189774, -0.5827585458755493, 0.8109059929847717),
            ["RightLowerArm"] = CFrame.new(1.1920928955078125e-07, -1.1920928955078125e-07, 5.960464477539063e-08, 1, -1.1920927533992653e-07, 1.7136335372924805e-07, 1.266598843585598e-07, -0.20210205018520355, -0.9793645739555359, 1.7136336794010276e-07, 0.9793645143508911, -0.20210188627243042),
            ["LeftHand"] = CFrame.new(5.960464477539063e-08, 5.960464477539063e-08, -5.960464477539063e-08, 0.7647477984428406, 0.09158734232187271, -0.6377871036529541, -0.14175951480865479, 0.9895083904266357, -0.027883533388376236, 0.6285420060157776, 0.11173608154058456, 0.7697078585624695),
            ["RightUpperLeg"] = CFrame.new(5.960464477539063e-08, -1.0244548320770264e-07, -4.639878170564771e-08, 0.9842397570610046, 0.06338348984718323, 0.1650901883840561, -0.010543369688093662, 0.9529312252998352, -0.3030034899711609, -0.17652496695518494, 0.2964872419834137, 0.9385809302330017),
            ["LeftUpperLeg"] = CFrame.new(-5.960464477539063e-08, 1.1641532182693481e-08, -5.587935447692871e-08, 0.9637821912765503, -0.14837801456451416, 0.2216033786535263, 0.16547523438930511, 0.9843512773513794, -0.060586005449295044, -0.20914584398269653, 0.09506148099899292, 0.9732530117034912),
            ["RightLowerLeg"] = CFrame.new(-3.073364496231079e-08, 4.172325134277344e-07, 5.08807715959847e-08, 1, -1.1175872316471214e-07, -5.215408904746255e-08, 1.3224781980625266e-07, 0.6271597146987915, 0.7788906097412109, -5.83240833407217e-08, -0.7788907289505005, 0.6271598935127258),
            ["RightFoot"] = CFrame.new(-7.450580596923828e-09, 2.980232238769531e-07, -7.46731529943645e-08, 0.9947388768196106, -0.10089895874261856, -0.01772586815059185, 0.08386874198913574, 0.9014496803283691, -0.42468124628067017, 0.05882890522480011, 0.4209606647491455, 0.9051694273948669),
            ["LeftLowerLeg"] = CFrame.new(2.514570951461792e-08, -1.1920928955078125e-07, 1.1175870895385742e-08, 1, 3.725290653733282e-08, 7.450583261459087e-09, -5.029141902923584e-08, 0.8358045816421509, 0.5490272641181946, 2.0489096641540527e-08, -0.5490272045135498, 0.8358044624328613),
        }},
        {Time = 0.167, Data = {
            ["LeftFoot"] = CFrame.new(4.0978193283081055e-08, -5.960464477539063e-08, 3.4458935260772705e-08, 0.997185468673706, 0.07437936216592789, -0.009435323998332024, -0.0740785226225853, 0.9580161571502686, -0.27697935700416565, -0.01156237069517374, 0.27689868211746216, 0.9608296155929565),
            ["LeftLowerArm"] = CFrame.new(-2.9802322387695312e-08, -2.384185791015625e-07, 8.195638656616211e-08, 1, -8.195637946073475e-08, 2.980232594040899e-08, 7.450579175838357e-08, 0.4732539653778076, -0.8809260725975037, 1.1175868230850483e-08, 0.8809260725975037, 0.47325411438941956),
            ["LowerTorso"] = CFrame.new(0.018764778971672058, -0.14720726013183594, 0.11953195929527283, 0.9677219986915588, 0.04667725786566734, -0.24765966832637787, -0.0858953669667244, 0.9849482178688049, -0.149996817111969, 0.2369304895401001, 0.16642804443836212, 0.9571654796600342),
            ["Head"] = CFrame.new(2.7008354663848877e-08, -2.384185791015625e-07, 3.725290298461914e-08, 0.9661855101585388, 0.16336941719055176, 0.19948948919773102, -0.1165108010172844, 0.9667949676513672, -0.22744867205619812, -0.2300235778093338, 0.1965150088071823, 0.9531374573707581),
            ["RightUpperArm"] = CFrame.new(-5.960464477539063e-08, -3.5762786865234375e-07, -2.9802322387695312e-08, 0.4908802807331085, -0.3408098816871643, -0.801801323890686, 0.029341036453843117, 0.9262575507164001, -0.375747412443161, 0.870732843875885, 0.16092129051685333, 0.4646812379360199),
            ["UpperTorso"] = CFrame.new(0, -1.4901161193847656e-07, 0, 0.986126720905304, -0.16535191237926483, -0.014593678526580334, 0.16340860724449158, 0.9515465497970581, 0.260493665933609, -0.029186571016907692, -0.2592644691467285, 0.9653652906417847),
            ["HumanoidRootPart"] = CFrame.new(0, 0, 0, 1, 0, 0, 0, 1, 0, 0, 0, 1),
            ["RightHand"] = CFrame.new(-2.9802322387695312e-08, -5.960464477539063e-08, 2.4586915969848633e-07, 0.7271862030029297, -0.5683566927909851, 0.3849295377731323, 0.6806808710098267, 0.6695305705070496, -0.29732587933540344, -0.08873502165079117, 0.4782254993915558, 0.873742938041687),
            ["LeftUpperArm"] = CFrame.new(5.960464477539063e-08, -1.1920928955078125e-07, 5.960464477539063e-08, 0.9519176483154297, 0.25046074390411377, 0.17641504108905792, -0.30533134937286377, 0.7286300659179688, 0.6130831837654114, 0.02501191385090351, -0.6374697685241699, 0.7700693607330322),
            ["RightLowerArm"] = CFrame.new(2.980232238769531e-07, -5.364418029785156e-07, -1.1920928955078125e-07, 1, -1.1175869474300271e-07, 1.1548399925231934e-07, 5.587933316064664e-08, -0.3303442895412445, -0.9438605904579163, 1.192092469182171e-07, 0.9438605904579163, -0.33034420013427734),
            ["LeftHand"] = CFrame.new(-2.5704503059387207e-07, 5.960464477539063e-08, -3.725290298461914e-08, 0.610690176486969, -0.09556450694799423, -0.7860819101333618, 0.014461828395724297, 0.9938716888427734, -0.10959053784608841, 0.7917375564575195, 0.05555754527449608, 0.6083297729492188),
            ["RightUpperLeg"] = CFrame.new(-1.1920928955078125e-07, 6.146728992462158e-08, -4.639878170564771e-08, 0.9633126854896545, 0.14089208841323853, 0.22842548787593842, -0.05830416828393936, 0.9406564831733704, -0.3343144357204437, -0.2619720995426178, 0.3087310791015625, 0.9143608808517456),
            ["LeftUpperLeg"] = CFrame.new(2.9802322387695312e-08, -6.332993507385254e-08, 2.4097971618175507e-08, 0.9434702396392822, -0.04172244295477867, 0.3288208842277527, 0.1058407723903656, 0.9780319929122925, -0.1795864701271057, -0.31410443782806396, 0.2042372226715088, 0.9271599054336548),
            ["RightLowerLeg"] = CFrame.new(7.450580596923828e-09, 2.384185791015625e-07, 4.0810846257954836e-08, 1, -1.1548401346317405e-07, -6.705524668859653e-08, 1.1920928955078125e-07, 0.6038382053375244, 0.7971065640449524, -5.960464477539063e-08, -0.797106921672821, 0.6038386821746826),
            ["RightFoot"] = CFrame.new(1.3969838619232178e-08, 2.384185791015625e-07, -1.6931153368204832e-08, 0.9948894381523132, -0.10096904635429382, 0.0005230049719102681, 0.09273166209459305, 0.9116489291191101, -0.40037107467651367, 0.03994832932949066, 0.39837372303009033, 0.9163529872894287),
            ["LeftLowerLeg"] = CFrame.new(2.421438694000244e-08, 0, 5.21540641784668e-08, 1, 5.960465898624534e-08, 2.421439049271612e-08, -5.587935447692871e-08, 0.6499839425086975, 0.7599479556083679, 3.166496753692627e-08, -0.7599480152130127, 0.6499840617179871),
        }},
        {Time = 0.200, Data = {
            ["LeftFoot"] = CFrame.new(-1.862645149230957e-09, -1.7881393432617188e-07, -1.0244548320770264e-08, 0.9991484880447388, 0.028897155076265335, 0.029450420290231705, -0.022903041914105415, 0.9821535348892212, -0.18668115139007568, -0.0343194305896759, 0.18584778904914856, 0.9819791316986084),
            ["LeftLowerArm"] = CFrame.new(2.9802322387695312e-08, -2.384185791015625e-07, -6.798654794692993e-08, 1, -6.705520405603238e-08, 5.2154071283894154e-08, 7.450581307466564e-08, 0.5076465606689453, -0.8615656495094299, 5.587936158235607e-08, 0.8615654706954956, 0.5076463222503662),
            ["LowerTorso"] = CFrame.new(0.02328650839626789, -0.11819159984588623, 0.12058669328689575, 0.9467915296554565, -0.0024618906900286674, -0.32183805108070374, -0.06100325658917427, 0.9804714918136597, -0.18696105480194092, 0.31601327657699585, 0.19664636254310608, 0.9281518459320068),
            ["Head"] = CFrame.new(4.0745362639427185e-09, -1.1920928955078125e-07, 7.188646122813225e-09, 0.9557892084121704, 0.12782742083072662, 0.26481521129608154, -0.07308750599622726, 0.9755807518959045, -0.20712444186210632, -0.28482481837272644, 0.17861269414424896, 0.9417921900749207),
            ["RightUpperArm"] = CFrame.new(-5.960464477539063e-08, -1.1920928955078125e-07, -2.9802322387695312e-08, 0.39004942774772644, -0.3189469575881958, -0.8637906908988953, -0.021078256890177727, 0.9347548484802246, -0.35466787219047546, 0.920552670955658, 0.15654520690441132, 0.35787779092788696),
            ["UpperTorso"] = CFrame.new(7.450580596923828e-09, 2.9802322387695312e-08, -5.122274160385132e-09, 0.9930068850517273, -0.11758606135845184, 0.010537822730839252, 0.10824601352214813, 0.9424741268157959, 0.31626811623573303, -0.04712033271789551, -0.3129156827926636, 0.9486113786697388),
            ["HumanoidRootPart"] = CFrame.new(0, 0, 0, 1, 0, 0, 0, 1, 0, 0, 0, 1),
            ["RightHand"] = CFrame.new(-1.043081283569336e-07, 1.1920928955078125e-07, -9.592622518539429e-08, 0.6436671018600464, -0.6844490766525269, 0.34237778186798096, 0.7610097527503967, 0.5250948667526245, -0.380971223115921, 0.08097474277019501, 0.5057715773582458, 0.8588588237762451),
            ["LeftUpperArm"] = CFrame.new(5.960464477539063e-08, -3.5762786865234375e-07, 8.940696716308594e-08, 0.9545578956604004, 0.24720337986946106, 0.16646257042884827, -0.29320552945137024, 0.6789215207099915, 0.6731241345405579, 0.053383637219667435, -0.6913437247276306, 0.7205512523651123),
            ["RightLowerArm"] = CFrame.new(-1.4901161193847656e-07, -1.1920928955078125e-07, -1.1920928955078125e-07, 1, -7.450579175838357e-08, 1.3783575525394554e-07, 9.313227167240257e-08, -0.4405120611190796, -0.8977468609809875, 1.0803343286625022e-07, 0.8977466821670532, -0.44051194190979004),
            ["LeftHand"] = CFrame.new(-1.5273690223693848e-07, -5.960464477539063e-08, -6.705522537231445e-08, 0.4639992415904999, -0.22342117130756378, -0.8571977019309998, 0.13339516520500183, 0.9742595553398132, -0.18172527849674225, 0.8757342100143433, -0.03002563863992691, 0.4818588197231293),
            ["RightUpperLeg"] = CFrame.new(1.1920928955078125e-07, 1.7404090613126755e-07, 2.8107024263590574e-08, 0.9447208642959595, 0.1738143265247345, 0.2780129313468933, -0.09748514741659164, 0.9584803581237793, -0.2679779827594757, -0.31304827332496643, 0.22606201469898224, 0.9224405288696289),
            ["LeftUpperLeg"] = CFrame.new(-5.960464477539063e-08, 7.683411240577698e-09, 2.9802322387695312e-08, 0.9290170669555664, 0.11519866436719894, 0.35164833068847656, 0.05736658349633217, 0.8939794898033142, -0.444420725107193, -0.36556297540664673, 0.4330472946166992, 0.8239136338233948),
            ["RightLowerLeg"] = CFrame.new(-4.936009645462036e-08, 2.980232238769531e-07, -3.090099198743701e-08, 1, -9.56933803308857e-08, -4.190953006855125e-08, 1.0710209608078003e-07, 0.6911537647247314, 0.7227077484130859, -4.6566128730773926e-08, -0.7227078080177307, 0.6911538243293762),
            ["RightFoot"] = CFrame.new(-4.470348358154297e-08, 2.980232238769531e-07, 2.590968506410718e-08, 0.9952654242515564, -0.09478215873241425, 0.021521924063563347, 0.09658781439065933, 0.939786970615387, -0.3278277814388275, 0.010846171528100967, 0.32835492491722107, 0.9444923996925354),
            ["LeftLowerLeg"] = CFrame.new(-7.450580596923828e-09, -5.960464477539063e-08, 1.043081283569336e-07, 1, 8.754434333013705e-08, 8.009376273321323e-08, -9.313225746154785e-08, 0.03556041419506073, 0.9993675947189331, 8.568167686462402e-08, -0.9993675947189331, 0.035560473799705505),
        }},
        {Time = 0.233, Data = {
            ["LeftFoot"] = CFrame.new(-4.470348358154297e-08, 0, -4.563480615615845e-08, 0.9708206057548523, 0.22109577059745789, -0.09286565333604813, -0.2270694375038147, 0.9720593690872192, -0.05949913710355759, 0.07711596041917801, 0.07885003834962845, 0.993899405002594),
            ["LeftLowerArm"] = CFrame.new(-8.940696716308594e-08, -1.7881393432617188e-07, -2.300366759300232e-07, 1, -7.450580596923828e-08, 4.0978189730367376e-08, 9.685754776000977e-08, 0.3790246546268463, -0.9253865480422974, 5.21540641784668e-08, 0.9253865480422974, 0.3790246844291687),
            ["LowerTorso"] = CFrame.new(0.026360871270298958, -0.05333352088928223, 0.11452600359916687, 0.9452887773513794, 0.00944959744811058, -0.32609793543815613, -0.08399111777544022, 0.9729339480400085, -0.2152789831161499, 0.315237432718277, 0.23089012503623962, 0.9204971790313721),
            ["Head"] = CFrame.new(-3.247987478971481e-08, -2.384185791015625e-07, 1.234002411365509e-08, 0.9422332644462585, 0.14528991281986237, 0.3018069267272949, -0.07216007262468338, 0.9679197072982788, -0.24067477881908417, -0.3270924687385559, 0.20499347150325775, 0.9224902391433716),
            ["RightUpperArm"] = CFrame.new(0, -9.5367431640625e-07, 0, 0.4207720160484314, -0.3481414318084717, -0.8377043008804321, 0.0449642539024353, 0.930298388004303, -0.36403727531433105, 0.9060513973236084, 0.11551006138324738, 0.4070974886417389),
            ["UpperTorso"] = CFrame.new(-2.9802322387695312e-08, 1.4901161193847656e-07, -3.259629011154175e-08, 0.9883140921592712, -0.15009786188602448, -0.026568125933408737, 0.14992140233516693, 0.9256657958030701, 0.34737077355384827, -0.027546431869268417, -0.34729450941085815, 0.9373514652252197),
            ["HumanoidRootPart"] = CFrame.new(0, 0, 0, 1, 0, 0, 0, 1, 0, 0, 0, 1),
            ["RightHand"] = CFrame.new(-1.043081283569336e-07, 1.1920928955078125e-07, 3.166496753692627e-08, 0.7001133561134338, -0.6784902811050415, 0.22246797382831573, 0.688660204410553, 0.5593095421791077, -0.4614327847957611, 0.1886492669582367, 0.4762602150440216, 0.8588293194770813),
            ["LeftUpperArm"] = CFrame.new(0, 0, 1.1920928955078125e-07, 0.9533551335334778, 0.23825836181640625, 0.1853296011686325, -0.2965257465839386, 0.6244093179702759, 0.7226240634918213, 0.05644960328936577, -0.743872344493866, 0.6659335494041443),
            ["RightLowerArm"] = CFrame.new(-5.960464477539063e-08, 1.1920928955078125e-07, 2.9802322387695312e-08, 1, -1.0803339023368608e-07, 1.30385160446167e-07, 1.0430811414607888e-07, -0.5360012650489807, -0.8442173004150391, 1.2665985593685036e-07, 0.8442171812057495, -0.5360012054443359),
            ["LeftHand"] = CFrame.new(-7.450580596923828e-08, -1.1920928955078125e-07, 0, 0.5366600751876831, -0.23284877836704254, -0.8110347390174866, 0.11212395131587982, 0.9723262190818787, -0.20496372878551483, 0.8363158702850342, 0.019059406593441963, 0.54791659116745),
            ["RightUpperLeg"] = CFrame.new(-5.960464477539063e-08, 6.100162863731384e-08, -3.149762051180005e-08, 0.948600709438324, 0.12933285534381866, 0.288842111825943, -0.0796859934926033, 0.9808884859085083, -0.17750512063503265, -0.3062792420387268, 0.1453646719455719, 0.9407774209976196),
            ["LeftUpperLeg"] = CFrame.new(-5.960464477539063e-08, -4.842877388000488e-08, 1.862645149230957e-08, 0.9071813821792603, 0.17405954003334045, 0.3830473721027374, 0.07395397871732712, 0.8302726745605469, -0.5524292588233948, -0.4141894280910492, 0.5294814109802246, 0.7403355836868286),
            ["RightLowerLeg"] = CFrame.new(-8.483766578137875e-09, 5.960464477539063e-08, 3.4291588235646486e-08, 1, -1.1170051550379867e-07, -4.505274020516481e-08, 1.0535586625337601e-07, 0.7695616483688354, 0.6385724544525146, -3.585591912269592e-08, -0.6385725140571594, 0.769561767578125),
            ["RightFoot"] = CFrame.new(4.394678398966789e-09, 2.384185791015625e-07, 6.40939106233418e-08, 0.9979335069656372, -0.060060881078243256, 0.022833796218037605, 0.06343234330415726, 0.9775333404541016, -0.20100952684879303, -0.01024790108203888, 0.20204272866249084, 0.979323148727417),
            ["LeftLowerLeg"] = CFrame.new(-1.1175870895385742e-08, 1.1920928955078125e-07, -2.0116567611694336e-07, 1, 9.313227167240257e-08, 1.0244550452398471e-07, -8.783536031842232e-08, -0.24780529737472534, 0.968809962272644, 1.043081283569336e-07, -0.968809962272644, -0.24780519306659698),
        }},
        {Time = 0.267, Data = {
            ["LeftFoot"] = CFrame.new(-1.1641532182693481e-09, -1.1920928955078125e-07, -2.0489096641540527e-08, 0.9932262301445007, 0.07933119684457779, -0.08490214496850967, -0.0917663648724556, 0.9837485551834106, -0.15432998538017273, 0.07127920538187027, 0.1610756814479828, 0.9843648076057434),
            ["LeftLowerArm"] = CFrame.new(1.7881393432617188e-07, 5.960464477539063e-08, -1.0710209608078003e-07, 1, -1.4156101713069802e-07, 8.940696716308594e-08, 7.450581307466564e-08, 0.14433598518371582, -0.9895287752151489, 4.749745841081676e-08, 0.9895287752151489, 0.1443360596895218),
            ["LowerTorso"] = CFrame.new(0.02749600261449814, 0.022957324981689453, 0.10573405027389526, 0.946715235710144, 0.04957897588610649, -0.31823301315307617, -0.1323845237493515, 0.9606542587280273, -0.2441677302122116, 0.2936062514781952, 0.2732864320278168, 0.9160295128822327),
            ["Head"] = CFrame.new(-3.4458935260772705e-08, -3.5762786865234375e-07, -5.21540641784668e-08, 0.9237838983535767, 0.18008722364902496, 0.3379230201244354, -0.08004775643348694, 0.953827977180481, -0.28949013352394104, -0.37445393204689026, 0.24037645757198334, 0.895546555519104),
            ["RightUpperArm"] = CFrame.new(-5.960464477539063e-08, 0, -2.9802322387695312e-08, 0.5123141407966614, -0.3296080529689789, -0.7930274605751038, 0.12902894616127014, 0.9424759745597839, -0.30836793780326843, 0.8490499258041382, 0.055657751858234406, 0.5253728628158569),
            ["UpperTorso"] = CFrame.new(-2.9802322387695312e-08, 0, -1.6763806343078613e-08, 0.9735681414604187, -0.21405676007270813, -0.07965424656867981, 0.2282998263835907, 0.9018936157226562, 0.3666977882385254, -0.006654422730207443, -0.3751903772354126, 0.926923930644989),
            ["HumanoidRootPart"] = CFrame.new(0, 0, 0, 1, 0, 0, 0, 1, 0, 0, 0, 1),
            ["RightHand"] = CFrame.new(-2.9802322387695312e-08, -4.172325134277344e-07, -7.59027898311615e-08, 0.8140401244163513, -0.5641221404075623, 0.13822175562381744, 0.5510039925575256, 0.6748237609863281, -0.4909249246120453, 0.18366633355617523, 0.47579336166381836, 0.8601672053337097),
            ["LeftUpperArm"] = CFrame.new(0, 0, 0, 0.9439795017242432, 0.19274868071079254, 0.2678631842136383, -0.3295918107032776, 0.5912336111068726, 0.7360786199569702, -0.01649148017168045, -0.7831288576126099, 0.6216410398483276),
            ["RightLowerArm"] = CFrame.new(5.960464477539063e-08, 1.1920928955078125e-07, -1.4901161193847656e-07, 1, -6.705522537231445e-08, 1.420267210505699e-07, 2.980232949312267e-08, -0.6079517602920532, -0.793973982334137, 1.1175873737556685e-07, 0.793973982334137, -0.607951819896698),
            ["LeftHand"] = CFrame.new(0, 2.980232238769531e-07, 0, 0.7063102126121521, -0.20717941224575043, -0.6769071817398071, 0.06642897427082062, 0.9713930487632751, -0.22799727320671082, 0.704778790473938, 0.1160702034831047, 0.6998671889305115),
            ["RightUpperLeg"] = CFrame.new(0, -4.7497451305389404e-07, 8.77116690389812e-08, 0.9553056359291077, 0.05624941736459732, 0.2902195453643799, -0.03053850680589676, 0.9952558279037476, -0.09237530827522278, -0.2940387427806854, 0.07938370108604431, 0.9524911642074585),
            ["LeftUpperLeg"] = CFrame.new(2.9802322387695312e-08, -3.241002559661865e-07, 1.862645149230957e-08, 0.9187179207801819, 0.17319926619529724, 0.3549079895019531, 0.08705618232488632, 0.7877649664878845, -0.6097931265830994, -0.3851996660232544, 0.5911247730255127, 0.7086555361747742),
