return {
    ["Dance Potion"] = {
        {Time = 0.000, Data = {
            ["LeftFoot"] = CFrame.new(-2.3057010523075405e-08, -5.960464477539063e-08, 3.7198333302512765e-10, 0.9997645616531372, -0.00008829814760247245, 0.021701809018850327, 0.0000825708921183832, 1, 0.0002649268717505038, -0.021701859310269356, -0.0002630865783430636, 0.9997645020484924),
            ["LeftLowerArm"] = CFrame.new(0, 1.1920928955078125e-07, -5.627932786467227e-09, 1, -1.3576028079498315e-09, 1.0548806619881113e-11, 1.3576028079498315e-09, 0.9998794794082642, -0.015529165975749493, 1.0534620051294574e-11, 0.015529165975749493, 0.9998794794082642),
            ["RightUpperArm"] = CFrame.new(0, 0, 0, 1, -6.31154328800676e-09, 2.2812685074313777e-10, 6.304646582577789e-09, 0.9997367262840271, 0.022945629432797432, -3.728928277269006e-10, -0.022945629432797432, 0.9997367262840271),
            ["Head"] = CFrame.new(0, 2.384185791015625e-07, 0, 1, 5.975597794360965e-11, 1.9918661564588547e-07, 1.7926794770861676e-10, 0.9999992847442627, -0.0012000994756817818, -1.9918653038075718e-07, 0.001199999707750976, 0.9999993443489075),
            ["LowerTorso"] = CFrame.new(0, 0.002310514450073242, 0, 1, 0, 0, 0, 1, 0, 0, 0, 1),
            ["UpperTorso"] = CFrame.new(0, 0, 0, 1, 0, 0, 0, 1, 0, 0, 0, 1),
            ["HumanoidRootPart"] = CFrame.new(0, 0, 0, 1, 0, 0, 0, 1, 0, 0, 0, 1),
            ["LeftUpperLeg"] = CFrame.new(0.000025510787963867188, 0.00012564659118652344, 0.004997489042580128, 0.999722957611084, -0.0000700917953508906, -0.023537687957286835, -0.00006593044963665307, 0.9999833703041077, -0.00577807379886508, 0.02353769727051258, 0.0057780067436397076, 0.9997062683105469),
            ["LeftUpperArm"] = CFrame.new(0, 0, 0, 1, 2.159269207879788e-09, 2.665956344571896e-11, -2.1592689858351832e-09, 0.9996949434280396, 0.024699175730347633, 2.666666887307656e-11, -0.024699175730347633, 0.9996949434280396),
            ["RightLowerArm"] = CFrame.new(0, 1.1920928955078125e-07, 2.204840976460787e-09, 1, 9.50282696976501e-09, 5.180020301587263e-10, -9.500145559115936e-09, 0.999987781047821, -0.004953548312187195, -5.650651613287039e-10, 0.004953548312187195, 0.999987781047821),
            ["LeftHand"] = CFrame.new(-1.2103971869237284e-07, 0, -5.529951496718866e-12, 0.9999680519104004, 0.007999292574822903, 1.8859855344111054e-10, -0.007999292574822903, 0.9999680519104004, 2.421439049271612e-08, -3.5882147947363663e-12, 2.950070743246158e-14, 1),
            ["RightFoot"] = CFrame.new(-3.255149749747943e-08, -5.960464477539063e-08, -9.458744898438454e-11, 0.9997001886367798, -0.0003963669005315751, -0.024484530091285706, 0.0002627040958032012, 0.9999850988388062, -0.005462664179503918, 0.024486305192112923, 0.0054547484032809734, 0.9996852874755859),
            ["RightHand"] = CFrame.new(-7.341161456508871e-09, 5.960464477539063e-08, 4.891377081150949e-09, 1, -3.122502256758253e-17, -1.734723475976807e-17, -2.2551405187698492e-17, 1, 3.469446951953614e-18, 2.0816681711721685e-17, 3.469446951953614e-18, 1),
            ["RightLowerLeg"] = CFrame.new(-6.252957973629236e-08, -3.5762786865234375e-07, 9.713403414934874e-09, 0.9999498724937439, 0.000146439197123982, -0.010012771002948284, -0.00009129785757977515, 0.999984860420227, 0.005508702248334885, 0.010013420134782791, -0.005507645662873983, 0.9999347925186157),
            ["RightUpperLeg"] = CFrame.new(-0.000025510787963867188, -0.00012564659118652344, -0.004997489042580128, 0.9998857975006104, 0.0003523009945638478, -0.015116001479327679, -0.00035321226459927857, 0.9999999403953552, -0.000057611636293586344, 0.015115986578166485, 0.0000629425048828125, 0.9998857378959656),
            ["LeftLowerLeg"] = CFrame.new(-1.5181740309344605e-08, 0, 1.3620592653751373e-08, 0.9995923638343811, 0.000029843689844710752, 0.02855040691792965, -0.00018736311176326126, 0.9999848008155823, 0.0055145323276519775, -0.028549784794449806, -0.00551760196685791, 0.9995772242546082),
        }},
        {Time = 0.033, Data = {
            ["LeftFoot"] = CFrame.new(6.01198877347997e-08, -5.960464477539063e-08, 1.169309982174127e-09, 0.9997639060020447, -0.0008791324798949063, 0.02171056717634201, 0.0013782025780528784, 0.9997349381446838, -0.022982975468039513, -0.021684633567929268, 0.023007448762655258, 0.9995001554489136),
            ["LeftLowerArm"] = CFrame.new(0, 1.1920928955078125e-07, 1.8226480325012062e-09, 1, -1.3576028079498315e-09, 1.0548806619881113e-11, 1.3576028079498315e-09, 0.9998794794082642, -0.015529165975749493, 1.0534620051294574e-11, 0.015529165975749493, 0.9998794794082642),
            ["RightUpperArm"] = CFrame.new(0, 0, 0, 1, -2.128271248125202e-08, 1.884245648398064e-09, 2.132778931240864e-08, 0.9890552759170532, -0.14754538238048553, 1.2765468682118808e-09, 0.14754538238048553, 0.9890552759170532),
            ["Head"] = CFrame.new(0, 2.384185791015625e-07, 0, 1, 5.975597794360965e-11, 1.9918661564588547e-07, 1.7926794770861676e-10, 0.9999992847442627, -0.0012000994756817818, -1.9918653038075718e-07, 0.001199999707750976, 0.9999993443489075),
            ["LowerTorso"] = CFrame.new(0, -0.0007927417755126953, 0, 1, 0, 0, 0, 1, 0, 0, 0, 1),
            ["UpperTorso"] = CFrame.new(0, 0, 0, 1, 0, 0, 0, 1, 0, 0, 0, 1),
            ["HumanoidRootPart"] = CFrame.new(0, 0, 0, 1, 0, 0, 0, 1, 0, 0, 0, 1),
            ["LeftUpperLeg"] = CFrame.new(0.000025510787963867188, 0.00012564659118652344, 0.004997489042580128, 0.9997228980064392, -0.0008296036394312978, -0.0235256589949131, 0.00007584014383610338, 0.9994872212409973, -0.03202285245060921, 0.023540159687399864, 0.03201218321919441, 0.9992102384567261),
            ["LeftUpperArm"] = CFrame.new(0, 0, 0, 1, 2.159269207879788e-09, 2.665956344571896e-11, -2.1592689858351832e-09, 0.9996949434280396, 0.024699175730347633, 2.666666887307656e-11, -0.024699175730347633, 0.9996949434280396),
            ["RightLowerArm"] = CFrame.new(5.960464477539063e-08, 1.7881393432617188e-07, 2.8263622553481582e-09, 1, 5.252138279843166e-09, 4.0087649866293873e-10, -5.2229625069344365e-09, 0.9985520839691162, -0.053795285522937775, -6.828321241769686e-10, 0.053795285522937775, 0.9985520839691162),
            ["LeftHand"] = CFrame.new(-1.2103723179279768e-07, 2.384185791015625e-07, -1.868175170116615e-09, 0.9999680519104004, 0.007999292574822903, 1.8859855344111054e-10, -0.007999292574822903, 0.9999680519104004, 2.421439049271612e-08, -3.5882147947363663e-12, 2.950070743246158e-14, 1),
            ["RightFoot"] = CFrame.new(6.560640031239018e-09, -1.7881393432617188e-07, 3.7107383832335472e-09, 0.9997000694274902, -0.0008755949675105512, -0.02447628229856491, 0.00005933786087553017, 0.9994444847106934, -0.033329129219055176, 0.024491867050528526, 0.03331782668828964, 0.9991447329521179),
            ["RightHand"] = CFrame.new(-8.17120167084795e-08, 1.1920928955078125e-07, -2.4661378716928084e-08, 1, -1.6653345369377348e-16, -2.7755575615628914e-17, -2.0296264668928643e-15, 1, -5.551115123125783e-17, 2.3592239273284576e-16, -5.551115123125783e-17, 1),
            ["RightLowerLeg"] = CFrame.new(-3.623426891863346e-08, 4.76837158203125e-07, -2.9613147489726543e-09, 0.9999489784240723, 0.001756903133355081, -0.009956341236829758, -0.0011086681624874473, 0.997901439666748, 0.06474149227142334, 0.0100491838529706, -0.064727284014225, 0.9978524446487427),
            ["RightUpperLeg"] = CFrame.new(-0.000025510787963867188, -0.00012564659118652344, -0.004997489042580128, 0.9998854398727417, -0.0009755135397426784, -0.015105072408914566, 0.0004999682423658669, 0.9995051026344299, -0.031454309821128845, 0.015128280967473984, 0.03144316002726555, 0.9993910789489746),
            ["LeftLowerLeg"] = CFrame.new(-1.4944816939532757e-08, -1.7881393432617188e-07, 1.210719347000122e-08, 0.9995920658111572, 0.0002976352989207953, 0.028558513149619102, -0.0018685179529711604, 0.9984849691390991, 0.05499481409788132, -0.028498858213424683, -0.05502571538090706, 0.9980781674385071),
        }},
        {Time = 0.067, Data = {
            ["LeftFoot"] = CFrame.new(1.1916642783660336e-08, 5.960464477539063e-08, -4.832259037357289e-10, 0.9997550845146179, -0.0034237527288496494, 0.021863985806703568, 0.0055466569028794765, 0.9951918125152588, -0.09778789430856705, -0.021424073725938797, 0.09788517653942108, 0.9949671030044556),
            ["LeftLowerArm"] = CFrame.new(0, 1.1920928955078125e-07, 1.8226480325012062e-09, 1, -1.3576028079498315e-09, 1.0548806619881113e-11, 1.3576028079498315e-09, 0.9998794794082642, -0.015529165975749493, 1.0534620051294574e-11, 0.015529165975749493, 0.9998794794082642),
            ["RightUpperArm"] = CFrame.new(0, 0, 0, 1, -5.592204388449318e-08, 1.699664409215984e-08, 5.609723174870851e-08, 0.8366615176200867, -0.5477202534675598, 1.6409188674515462e-08, 0.5477202534675598, 0.8366615176200867),
            ["Head"] = CFrame.new(0, 0, 0, 1, 5.975597794360965e-11, 1.9918661564588547e-07, 1.7926794770861676e-10, 0.9999992847442627, -0.0012000994756817818, -1.9918653038075718e-07, 0.001199999707750976, 0.9999993443489075),
            ["LowerTorso"] = CFrame.new(0, -0.01017141342163086, 0, 1, 0, 0, 0, 1, 0, 0, 0, 1),
            ["UpperTorso"] = CFrame.new(0, 0, 0, 1, 0, 0, 0, 1, 0, 0, 0, 1),
            ["HumanoidRootPart"] = CFrame.new(0, 0, 0, 1, 0, 0, 0, 1, 0, 0, 0, 1),
            ["LeftUpperLeg"] = CFrame.new(0.000025510787963867188, 0.00012564659118652344, 0.004997489042580128, 0.9997220635414124, -0.003273366717621684, -0.023351263254880905, 0.0005319882766343653, 0.993196427822113, -0.11645007133483887, 0.02357357181608677, 0.11640525609254837, 0.9929220676422119),
            ["LeftUpperArm"] = CFrame.new(0, 0, 0, 1, 2.159269207879788e-09, 2.665956344571896e-11, -2.1592689858351832e-09, 0.9996949434280396, 0.024699175730347633, 2.666666887307656e-11, -0.024699175730347633, 0.9996949434280396),
            ["RightLowerArm"] = CFrame.new(-5.960464477539063e-08, 5.960464477539063e-08, -3.410966087358247e-08, 1, -5.542065917296668e-09, 1.0396351557417916e-09, 5.638582933897851e-09, 0.9841590523719788, -0.17728818953037262, -4.0609293705529126e-11, 0.17728818953037262, 0.9841590523719788),
            ["LeftHand"] = CFrame.new(-1.2102971425065334e-07, 2.384185791015625e-07, -3.730820097302967e-09, 0.9999680519104004, 0.007999292574822903, 1.8859855344111054e-10, -0.007999292574822903, 0.9999680519104004, 2.421439049271612e-08, -3.5882147947363663e-12, 2.950070743246158e-14, 1),
            ["RightFoot"] = CFrame.new(-3.1052422855282202e-09, -2.384185791015625e-07, -2.5902409106492996e-09, 0.9997001886367798, -0.0021059669088572264, -0.024394365027546883, -0.00046380481217056513, 0.9944868683815002, -0.10486068576574326, 0.024480683729052544, 0.1048407331109047, 0.9941877722740173),
            ["RightHand"] = CFrame.new(-9.834605663172624e-08, -2.384185791015625e-07, 1.0112667325756775e-07, 1, -8.881785255792436e-16, 2.6645356826168493e-15, -8.881784197001252e-16, 1, -1.6098235974647138e-15, 8.881784197001252e-16, -1.6098235974647138e-15, 1),
            ["RightLowerLeg"] = CFrame.new(5.704350769519806e-09, 0, -2.2053427528589964e-08, 0.99993896484375, 0.005860006902366877, -0.00937412865459919, -0.003700715722516179, 0.976462721824646, 0.21565428376197815, 0.01041722483932972, -0.21560661494731903, 0.9764248728752136),
            ["RightUpperLeg"] = CFrame.new(-0.000025510787963867188, -0.00012564659118652344, -0.004997489042580128, 0.9998795986175537, -0.004385876469314098, -0.014884894713759422, 0.0026903855614364147, 0.9936965703964233, -0.11207124590873718, 0.015282600186765194, 0.11201770603656769, 0.9935887455940247),
            ["LeftLowerLeg"] = CFrame.new(-3.370223566889763e-08, 1.1920928955078125e-07, -2.7008354663848877e-08, 0.999588131904602, 0.001153058954514563, 0.02867458388209343, -0.007238540332764387, 0.9770151376724243, 0.21304702758789062, -0.02776983194053173, -0.21316681802272797, 0.9766210913658142),
        }},
        {Time = 0.100, Data = {
            ["LeftFoot"] = CFrame.new(-5.261464508521385e-08, -5.960464477539063e-08, 6.851905709481798e-10, 0.9997404217720032, -0.005453277844935656, 0.022124139592051506, 0.008870535530149937, 0.9874889850616455, -0.1574384719133377, -0.02098880521953106, 0.1575937420129776, 0.9872809648513794),
            ["LeftLowerArm"] = CFrame.new(0, 1.1920928955078125e-07, 1.8226480325012062e-09, 1, -1.3576028079498315e-09, 1.0548806619881113e-11, 1.3576028079498315e-09, 0.9998794794082642, -0.015529165975749493, 1.0534620051294574e-11, 0.015529165975749493, 0.9998794794082642),
            ["RightUpperArm"] = CFrame.new(0, 0, 0, 1, 0, 0, 0, 0.6013408303260803, -0.7989926338195801, 0, 0.7989926338195801, 0.6013408303260803),
            ["Head"] = CFrame.new(0, 0, 0, 1, 5.975597794360965e-11, 1.9918661564588547e-07, 1.7926794770861676e-10, 0.9999992847442627, -0.0012000994756817818, -1.9918653038075718e-07, 0.001199999707750976, 0.9999993443489075),
            ["LowerTorso"] = CFrame.new(0, -0.025743842124938965, 0, 1, 0, 0, 0, 1, 0, 0, 0, 1),
            ["UpperTorso"] = CFrame.new(0, 1.1920928955078125e-07, 0, 1, 0, 0, 0, 1, 0, 0, 0, 1),
            ["HumanoidRootPart"] = CFrame.new(0, 0, 0, 1, 0, 0, 0, 1, 0, 0, 0, 1),
            ["LeftUpperLeg"] = CFrame.new(0.000025510787963867188, 0.00012552738189697266, 0.004997489042580128, 0.9997204542160034, -0.0052219233475625515, -0.023061001673340797, 0.0008952715434134007, 0.9829685091972351, -0.1837719827890396, 0.023627879098057747, 0.18369993567466736, 0.9826984405517578),
            ["LeftUpperArm"] = CFrame.new(0, 0, 0, 1, 2.159269207879788e-09, 2.665956344571896e-11, -2.1592689858351832e-09, 0.9996949434280396, 0.024699175730347633, 2.666666887307656e-11, -0.024699175730347633, 0.9996949434280396),
            ["RightLowerArm"] = CFrame.new(0, 0, -5.960464477539063e-08, 1, -3.552713678800501e-15, 7.105427357601002e-15, 2.838592059431662e-15, 0.9588739275932312, -0.283832311630249, 2.1363917935207167e-15, 0.283832311630249, 0.9588739275932312),
            ["LeftHand"] = CFrame.new(-1.2101722290935868e-07, 0, -1.868175170116615e-09, 0.9999680519104004, 0.007999292574822903, 1.8859855344111054e-10, -0.007999292574822903, 0.9999680519104004, 2.421439049271612e-08, -3.5882147947363663e-12, 2.950070743246158e-14, 1),
            ["RightFoot"] = CFrame.new(1.56808255269425e-08, -1.1920928955078125e-07, -7.421476766467094e-10, 0.9997007250785828, -0.0031289977487176657, -0.024261197075247765, -0.0008985454915091395, 0.9864190220832825, -0.16424597799777985, 0.024445587769150734, 0.16421858966350555, 0.9861211180686951),
            ["RightHand"] = CFrame.new(-1.1920926823449918e-07, -5.960464477539063e-08, 2.9802320611338473e-08, 1, 1.1102246128119326e-16, 0, 0, 1, 2.9802322387695312e-08, 0, -2.9802322387695312e-08, 1),
            ["RightLowerLeg"] = CFrame.new(-1.7229467630386353e-08, -2.980232238769531e-07, -1.1343217920511961e-08, 0.9999223947525024, 0.009191001765429974, -0.008412507362663746, -0.005804982036352158, 0.9410678744316101, 0.33816778659820557, 0.011024842970073223, -0.3380928635597229, 0.941048264503479),
            ["RightUpperLeg"] = CFrame.new(-0.000025510787963867188, -0.00012576580047607422, -0.004997489042580128, 0.9998690485954285, -0.007216460071504116, -0.014487151987850666, 0.004507246892899275, 0.9838390946388245, -0.17899847030639648, 0.015544761903584003, 0.17890974879264832, 0.9837427735328674),
            ["LeftLowerLeg"] = CFrame.new(-1.7578713595867157e-08, 5.960464477539063e-08, -9.313225746154785e-10, 0.9995817542076111, 0.0018200129270553589, 0.02886553667485714, -0.011425646021962166, 0.9416916966438293, 0.3362833261489868, -0.02657037228345871, -0.3364723324775696, 0.9413184523582458),
        }},
        {Time = 0.133, Data = {
            ["LeftFoot"] = CFrame.new(-2.7003331126707053e-08, -1.7881393432617188e-07, 1.3176077118259855e-08, 0.9997200965881348, -0.00736572640016675, 0.02248372882604599, 0.01200178638100624, 0.9768400192260742, -0.21363459527492523, -0.02038944885134697, 0.21384470164775848, 0.9766549468040466),
            ["LeftLowerArm"] = CFrame.new(0, -1.1920928955078125e-07, 1.8226480325012062e-09, 1, -1.3576028079498315e-09, 1.0548806619881113e-11, 1.3576028079498315e-09, 0.9998794794082642, -0.015529165975749493, 1.0534620051294574e-11, 0.015529165975749493, 0.9998794794082642),
            ["RightUpperArm"] = CFrame.new(0, 0, 0, 1, -1.2393414294820104e-08, 7.639428645234148e-09, 1.2393414294820104e-08, 0.44931530952453613, -0.8933732509613037, 7.639428645234148e-09, 0.8933732509613037, 0.44931530952453613),
            ["Head"] = CFrame.new(0, 0, 0, 1, 5.975597794360965e-11, 1.9918661564588547e-07, 1.7926794770861676e-10, 0.9999992847442627, -0.0012000994756817818, -1.9918653038075718e-07, 0.001199999707750976, 0.9999993443489075),
            ["LowerTorso"] = CFrame.new(0, -0.047098398208618164, 0, 1, 0, 0, 0, 1, 0, 0, 0, 1),
            ["UpperTorso"] = CFrame.new(0, 0, 0, 1, 0, 0, 0, 1, 0, 0, 0, 1),
            ["HumanoidRootPart"] = CFrame.new(0, 0, 0, 1, 0, 0, 0, 1, 0, 0, 0, 1),
            ["LeftUpperLeg"] = CFrame.new(0.000025510787963867188, 0.00012564659118652344, 0.004997489042580128, 0.9997183084487915, -0.007057478651404381, -0.02266085334122181, 0.0012370903277769685, 0.9689643383026123, -0.24719735980033875, 0.023702148348093033, 0.24709969758987427, 0.968700110912323),
            ["LeftUpperArm"] = CFrame.new(0, 0, 0, 1, 2.159269207879788e-09, 2.665956344571896e-11, -2.1592689858351832e-09, 0.9996949434280396, 0.024699175730347633, 2.666666887307656e-11, -0.024699175730347633, 0.9996949434280396),
            ["RightLowerArm"] = CFrame.new(5.960464477539063e-08, 1.1920928955078125e-07, 1.0086611723636452e-07, 1, -6.408088282228164e-09, 1.1765470819824486e-09, 6.408084285425275e-09, 0.9347781538963318, -0.3552321195602417, 1.1765468599378437e-09, 0.3552321195602417, 0.9347781538963318),
            ["LeftHand"] = CFrame.new(-1.2100011304028158e-07, 0, -5.529951496718866e-12, 0.9999680519104004, 0.007999292574822903, 1.8859855344111054e-10, -0.007999292574822903, 0.9999680519104004, 2.421439049271612e-08, -3.5882147947363663e-12, 2.950070743246158e-14, 1),
            ["RightFoot"] = CFrame.new(-6.214804670889862e-08, -4.172325134277344e-07, 3.6452547647058964e-09, 0.9997016787528992, -0.0040961760096251965, -0.024080077186226845, -0.001309670740738511, 0.9754313826560974, -0.2202998697757721, 0.02439083717763424, 0.2202656865119934, 0.9751350283622742),
            ["RightHand"] = CFrame.new(2.7621489095963625e-08, 0, 1.3828967837525852e-07, 1, -5.551115123125783e-16, -2.220446049250313e-16, 5.551115123125783e-16, 1, -1.942890293094024e-16, -1.1102230246251565e-16, -1.942890293094024e-16, 1),
            ["RightLowerLeg"] = CFrame.new(-2.3283064365386963e-09, -1.7881393432617188e-07, -1.6931153368204832e-08, 0.9998999834060669, 0.012231007218360901, -0.007106590550392866, -0.007725371513515711, 0.8930073380470276, 0.44997572898864746, 0.011849894188344479, -0.44987595081329346, 0.8930125832557678),
            ["RightUpperLeg"] = CFrame.new(-0.000025510787963867188, -0.00012564659118652344, -0.004997489042580128, 0.9998541474342346, -0.009887169115245342, -0.013927516527473927, 0.00622071698307991, 0.9702134132385254, -0.2421720027923584, 0.015907060354948044, 0.24205005168914795, 0.970133364200592),
            ["LeftLowerLeg"] = CFrame.new(-9.313225746154785e-09, 1.1920928955078125e-07, -1.3969838619232178e-08, 0.9995728731155396, 0.002427594270557165, 0.029125353321433067, -0.015239953063428402, 0.8936291933059692, 0.44854721426963806, -0.024938365444540977, -0.44879940152168274, 0.8932844996452332),
        }},
        {Time = 0.167, Data = {
            ["LeftFoot"] = CFrame.new(-1.0866836319678441e-09, 5.960464477539063e-08, 1.2648342817556113e-08, 0.9996951222419739, -0.009165327996015549, 0.02292678877711296, 0.01494741253554821, 0.963718056678772, -0.26650354266166687, -0.01965240016579628, 0.26676496863365173, 0.9635612368583679),
            ["LeftLowerArm"] = CFrame.new(0, 1.1920928955078125e-07, 1.8226480325012062e-09, 1, -1.3576028079498315e-09, 1.0548806619881113e-11, 1.3576028079498315e-09, 0.9998794794082642, -0.015529165975749493, 1.0534620051294574e-11, 0.015529165975749493, 0.9998794794082642),
            ["RightUpperArm"] = CFrame.new(0, 0, 0, 1, -1.8751899588664855e-08, 1.3136487453380141e-08, 1.8751897812308016e-08, 0.34159860014915466, -0.9398460388183594, 1.313648922973698e-08, 0.9398460388183594, 0.34159860014915466),
            ["Head"] = CFrame.new(0, 0, 0, 1, 5.975597794360965e-11, 1.9918661564588547e-07, 1.7926794770861676e-10, 0.9999992847442627, -0.0012000994756817818, -1.9918653038075718e-07, 0.001199999707750976, 0.9999993443489075),
            ["LowerTorso"] = CFrame.new(0, -0.07340240478515625, 0, 1, 0, 0, 0, 1, 0, 0, 0, 1),
            ["UpperTorso"] = CFrame.new(0, 0, 0, 1, 0, 0, 0, 1, 0, 0, 0, 1),
            ["HumanoidRootPart"] = CFrame.new(0, 0, 0, 1, 0, 0, 0, 1, 0, 0, 0, 1),
            ["LeftUpperLeg"] = CFrame.new(0.000025510787963867188, 0.00012552738189697266, 0.004997489042580128, 0.9997157454490662, -0.008784093894064426, -0.022167416289448738, 0.0015582789201289415, 0.9517513513565063, -0.30686652660369873, 0.023793410509824753, 0.3067447245121002, 0.9514943957328796),
            ["LeftUpperArm"] = CFrame.new(0, 0, 0, 1, 2.159269207879788e-09, 2.665956344571896e-11, -2.1592689858351832e-09, 0.9996949434280396, 0.024699175730347633, 2.666666887307656e-11, -0.024699175730347633, 0.9996949434280396),
            ["RightLowerArm"] = CFrame.new(-5.960464477539063e-08, 1.7881393432617188e-07, -2.0381267518132518e-07, 1, -1.1742205430209651e-08, 2.5484980792356282e-09, 1.1742204542031232e-08, 0.9100277423858643, -0.4145474135875702, 2.5485009658154922e-09, 0.4145473837852478, 0.9100277423858643),
            ["LeftHand"] = CFrame.new(-1.209790099210295e-07, 0, -1.868175170116615e-09, 0.9999680519104004, 0.007999292574822903, 1.8859855344111054e-10, -0.007999292574822903, 0.9999680519104004, 2.421439049271612e-08, -3.5882147947363663e-12, 2.950070743246158e-14, 1),
            ["RightFoot"] = CFrame.new(1.2046939446008764e-08, -2.384185791015625e-07, 4.103640094399452e-09, 0.9997028112411499, -0.0050092474557459354, -0.023858577013015747, -0.0016982946544885635, 0.9619749188423157, -0.2731325626373291, 0.02431950718164444, 0.2730918824672699, 0.96168053150177),
            ["RightHand"] = CFrame.new(-8.390735217744805e-08, 0, -4.8541465957896435e-08, 1, -7.771561172376096e-16, 0, -6.661338147750939e-16, 1, -5.134781488891349e-16, 0, -5.134781488891349e-16, 1),
            ["RightLowerLeg"] = CFrame.new(-4.6566128730773926e-08, 1.1920928955078125e-07, -3.9282895158976316e-08, 0.9998727440834045, 0.01496860757470131, -0.005521484650671482, -0.009454682469367981, 0.8346768617630005, 0.5506587028503418, 0.012851252220571041, -0.5505366921424866, 0.8347122669219971),
            ["RightUpperLeg"] = CFrame.new(-0.000025510787963867188, -0.00012576580047607422, -0.004997489042580128, 0.9998356103897095, -0.012402945198118687, -0.013229679316282272, 0.007834256626665592, 0.9533663392066956, -0.30171406269073486, 0.016354871913790703, 0.3015608489513397, 0.9533066749572754),
            ["LeftLowerLeg"] = CFrame.new(5.774199962615967e-08, 0, 2.7939677238464355e-08, 0.99956214427948, 0.0029737602453678846, 0.02944062650203705, -0.018668701872229576, 0.8353093862533569, 0.5494632720947266, -0.022958042100071907, -0.5497722625732422, 0.8349990844726562),
        }},
        {Time = 0.200, Data = {
            ["LeftFoot"] = CFrame.new(2.1535882410717022e-08, 5.960464477539063e-08, 3.0093815439613536e-08, 0.9996668696403503, -0.010831104591488838, 0.023430965840816498, 0.017673073336482048, 0.948784589767456, -0.3154292106628418, -0.018814515322446823, 0.31573835015296936, 0.9486598372459412),
            ["LeftLowerArm"] = CFrame.new(0, -1.1920928955078125e-07, 1.8226480325012062e-09, 1, -1.3576028079498315e-09, 1.0548806619881113e-11, 1.3576028079498315e-09, 0.9998794794082642, -0.015529165975749493, 1.0534620051294574e-11, 0.015529165975749493, 0.9998794794082642),
            ["RightUpperArm"] = CFrame.new(0, 0, 0, 1, 0, 0, 0, 0.20444510877132416, -0.9788780212402344, 3.552713678800501e-15, 0.9788780212402344, 0.20444510877132416),
            ["Head"] = CFrame.new(0, 0, 0, 1, 5.975597794360965e-11, 1.9918661564588547e-07, 1.7926794770861676e-10, 0.9999992847442627, -0.0012000994756817818, -1.9918653038075718e-07, 0.001199999707750976, 0.9999993443489075),
            ["LowerTorso"] = CFrame.new(0, -0.10336089134216309, 0, 1, 0, 0, 0, 1, 0, 0, 0, 1),
            ["UpperTorso"] = CFrame.new(0, 0, 0, 1, 0, 0, 0, 1, 0, 0, 0, 1),
            ["HumanoidRootPart"] = CFrame.new(0, 0, 0, 1, 0, 0, 0, 1, 0, 0, 0, 1),
            ["LeftUpperLeg"] = CFrame.new(0.000025510787963867188, 0.00012552738189697266, 0.004997489042580128, 0.9997127056121826, -0.010381588712334633, -0.021604284644126892, 0.0018551081884652376, 0.9321437478065491, -0.36208376288414, 0.02389729581773281, 0.36193960905075073, 0.9318952560424805),
            ["LeftUpperArm"] = CFrame.new(0, 0, 0, 1, 2.159269207879788e-09, 2.665956344571896e-11, -2.1592689858351832e-09, 0.9996949434280396, 0.024699175730347633, 2.666666887307656e-11, -0.024699175730347633, 0.9996949434280396),
            ["RightLowerArm"] = CFrame.new(0, 1.1920928955078125e-07, 1.043081283569336e-07, 1, -1.1764344165499097e-08, 7.951755920387882e-10, 1.0790829563234183e-08, 0.8858942985534668, -0.46388721466064453, 4.752892746040516e-09, 0.46388721466064453, 0.8858942985534668),
            ["LeftHand"] = CFrame.new(-1.209549935765608e-07, 0, -5.529951496718866e-12, 0.9999680519104004, 0.007999292574822903, 1.8859855344111054e-10, -0.007999292574822903, 0.9999680519104004, 2.421439049271612e-08, -3.5882147947363663e-12, 2.950070743246158e-14, 1),
            ["RightFoot"] = CFrame.new(-5.2039922593394294e-08, -2.384185791015625e-07, -7.137714419513941e-09, 0.9997041821479797, -0.0058561828918755054, -0.023607855662703514, -0.002059527672827244, 0.946718156337738, -0.32205677032470703, 0.024235989898443222, 0.32201021909713745, 0.9464259743690491),
            ["RightHand"] = CFrame.new(-2.5762254551864316e-08, -1.1920928955078125e-07, -3.266328008066921e-07, 1, -2.220446049250313e-16, 2.220446049250313e-16, 9.992007221626409e-16, 1, 2.9802322387695312e-08, -5.551115123125783e-17, -2.9802322387695312e-08, 1),
            ["RightLowerLeg"] = CFrame.new(5.21540641784668e-08, -5.960464477539063e-08, 9.145878721028566e-09, 0.9998422265052795, 0.017362544313073158, -0.0037468995433300734, -0.01096689235419035, 0.7693760991096497, 0.6387017369270325, 0.013972260057926178, -0.6385600566864014, 0.7694454193115234),
            ["RightUpperLeg"] = CFrame.new(-0.000025510787963867188, -0.00012576580047607422, -0.004997489042580128, 0.9998142719268799, -0.01473083533346653, -0.012428432703018188, 0.009326949715614319, 0.9341153502464294, -0.35684946179389954, 0.016866281628608704, 0.3566672205924988, 0.9340792894363403),
            ["LeftLowerLeg"] = CFrame.new(-1.792795956134796e-08, 1.1920928955078125e-07, -4.0978193283081055e-08, 0.9995502233505249, 0.0034511045087128878, 0.029793621972203255, -0.021665383130311966, 0.7700111269950867, 0.6376624703407288, -0.02074076421558857, -0.6380212306976318, 0.7697395086288452),
        }},
        {Time = 0.233, Data = {
            ["LeftFoot"] = CFrame.new(2.0425488855835283e-08, 5.960464477539063e-08, 4.3519321479834616e-10, 0.999636709690094, -0.012334180995821953, 0.023967035114765167, 0.02013160102069378, 0.9329029321670532, -0.359564870595932, -0.017923997715115547, 0.35991665720939636, 0.9328122735023499),
            ["LeftLowerArm"] = CFrame.new(0, 1.1920928955078125e-07, -5.627932786467227e-09, 1, -1.3576028079498315e-09, 1.0548806619881113e-11, 1.3576028079498315e-09, 0.9998794794082642, -0.015529165975749493, 1.0534620051294574e-11, 0.015529165975749493, 0.9998794794082642),
            ["RightUpperArm"] = CFrame.new(0, 0, 0, 1, -1.0250055915150824e-08, 1.0608091294272981e-08, 1.0250055026972404e-08, -0.034319862723350525, -0.9994109272956848, 1.0608083300667204e-08, 0.9994109272956848, -0.034319862723350525),
            ["Head"] = CFrame.new(0, 0, 0, 1, 5.975597794360965e-11, 1.9918661564588547e-07, 1.7926794770861676e-10, 0.9999992847442627, -0.0012000994756817818, -1.9918653038075718e-07, 0.001199999707750976, 0.9999993443489075),
            ["LowerTorso"] = CFrame.new(0, -0.1352689266204834, 0, 1, 0, 0, 0, 1, 0, 0, 0, 1),
            ["UpperTorso"] = CFrame.new(0, 0, 0, 1, 0, 0, 0, 1, 0, 0, 0, 1),
            ["HumanoidRootPart"] = CFrame.new(0, 0, 0, 1, 0, 0, 0, 1, 0, 0, 0, 1),
            ["LeftUpperLeg"] = CFrame.new(0.000025510787963867188, 0.00012564659118652344, 0.004997489042580128, 0.9997095465660095, -0.011822326108813286, -0.02100290358066559, 0.0021224813535809517, 0.9112290143966675, -0.41189461946487427, 0.024008003994822502, 0.41173040866851807, 0.9109894633293152),
            ["LeftUpperArm"] = CFrame.new(0, 0, 0, 1, 2.159269207879788e-09, 2.665956344571896e-11, -2.1592689858351832e-09, 0.9996949434280396, 0.024699175730347633, 2.666666887307656e-11, -0.024699175730347633, 0.9996949434280396),
            ["RightLowerArm"] = CFrame.new(-8.940696716308594e-08, 5.960464477539063e-08, -6.439613287057e-09, 1, -1.6341266118047315e-08, 2.3981205909962e-09, 1.5256789609452426e-08, 0.8583402633666992, -0.5130810141563416, 6.325989065913973e-09, 0.5130810141563416, 0.8583402633666992),
            ["LeftHand"] = CFrame.new(-1.2092941403807345e-07, 0, -1.868175170116615e-09, 0.9999680519104004, 0.007999292574822903, 1.8859855344111054e-10, -0.007999292574822903, 0.9999680519104004, 2.421439049271612e-08, -3.5882147947363663e-12, 2.950070743246158e-14, 1),
            ["RightFoot"] = CFrame.new(1.4862507669022307e-08, -2.384185791015625e-07, -1.4915713109076023e-08, 0.9997056722640991, -0.006621920969337225, -0.02334228716790676, -0.00238705868832767, 0.9305281043052673, -0.3662126362323761, 0.024145668372511864, 0.3661606013774872, 0.9302383661270142),
            ["RightHand"] = CFrame.new(9.803651579431971e-08, 2.384185791015625e-07, 2.6356244120506744e-07, 1, -2.553513168396097e-15, 1.9984016560835186e-15, -1.1102230246251565e-16, 1, -3.3306696032710617e-16, -1.3322676295501878e-15, -3.3306696032710617e-16, 1),
            ["RightLowerLeg"] = CFrame.new(-1.862645149230957e-08, 5.960464477539063e-08, -5.651236278936267e-08, 0.9998103976249695, 0.01938129961490631, -0.0018917436245828867, -0.012242075055837631, 0.7011129856109619, 0.7129448652267456, 0.015144126489758492, -0.7127867937088013, 0.701217532157898),
            ["RightUpperLeg"] = CFrame.new(-0.000025510787963867188, -0.00012564659118652344, -0.004997489042580128, 0.9997914433479309, -0.01683003269135952, -0.011569567024707794, 0.01067280862480402, 0.9135392308235168, -0.40661072731018066, 0.017412524670362473, 0.40640243887901306, 0.913528323173523),
            ["LeftLowerLeg"] = CFrame.new(1.1641532182693481e-09, 1.7881393432617188e-07, -1.862645149230957e-08, 0.9995376467704773, 0.0038534891791641712, 0.030162621289491653, -0.024191470816731453, 0.7017515897750854, 0.7120110392570496, -0.018422931432724, -0.7124113440513611, 0.7015201449394226),
        }},
        {Time = 0.267, Data = {
            ["LeftFoot"] = CFrame.new(4.390820151911612e-08, -1.7881393432617188e-07, -1.1102656571893021e-08, 0.9996066093444824, -0.013648180291056633, 0.024501876905560493, 0.022280005738139153, 0.9170548915863037, -0.39813825488090515, -0.017035752534866333, 0.3985276222229004, 0.9169982075691223),
            ["LeftLowerArm"] = CFrame.new(0, 1.1920928955078125e-07, 1.8226480325012062e-09, 1, -1.3576028079498315e-09, 1.0548806619881113e-11, 1.3576028079498315e-09, 0.9998794794082642, -0.015529165975749493, 1.0534620051294574e-11, 0.015529165975749493, 0.9998794794082642),
            ["RightUpperArm"] = CFrame.new(0, 0, 0, 1, -1.791487136415526e-08, 2.4489764882673626e-08, 1.7914878469582618e-08, -0.3028223514556885, -0.9530470371246338, 2.448975600088943e-08, 0.9530470371246338, -0.3028223514556885),
            ["Head"] = CFrame.new(0, 0, 0, 1, 5.975597794360965e-11, 1.9918661564588547e-07, 1.7926794770861676e-10, 0.9999992847442627, -0.0012000994756817818, -1.9918653038075718e-07, 0.001199999707750976, 0.9999993443489075),
            ["LowerTorso"] = CFrame.new(0, -0.1671769618988037, 0, 1, 0, 0, 0, 1, 0, 0, 0, 1),
            ["UpperTorso"] = CFrame.new(0, 0, 0, 1, 0, 0, 0, 1, 0, 0, 0, 1),
            ["HumanoidRootPart"] = CFrame.new(0, 0, 0, 1, 0, 0, 0, 1, 0, 0, 0, 1),
            ["LeftUpperLeg"] = CFrame.new(0.000025510787963867188, 0.00012576580047607422, 0.004997489042580128, 0.9997063279151917, -0.013081230223178864, -0.020399807021021843, 0.0023558407556265593, 0.8902689814567566, -0.4554291367530823, 0.024118885397911072, 0.45524728298187256, 0.8900383710861206),
            ["LeftUpperArm"] = CFrame.new(0, 0, 0, 1, 2.159269207879788e-09, 2.665956344571896e-11, -2.1592689858351832e-09, 0.9996949434280396, 0.024699175730347633, 2.666666887307656e-11, -0.024699175730347633, 0.9996949434280396),
            ["RightLowerArm"] = CFrame.new(-5.960464477539063e-08, 1.1920928955078125e-07, -2.286999034595283e-08, 1, -2.0126998734326662e-08, 3.950775706584864e-09, 1.8948647095839988e-08, 0.8327882289886475, -0.5535917282104492, 7.851985728279942e-09, 0.5535917282104492, 0.8327882289886475),
            ["LeftHand"] = CFrame.new(-1.2090382028873137e-07, -2.384185791015625e-07, -3.730820097302967e-09, 0.9999680519104004, 0.007999292574822903, 1.8859855344111054e-10, -0.007999292574822903, 0.9999680519104004, 2.421439049271612e-08, -3.5882147947363663e-12, 2.950070743246158e-14, 1),
            ["RightFoot"] = CFrame.new(1.3595808923128061e-08, -3.5762786865234375e-07, -2.741580829024315e-08, 0.9997071623802185, -0.007292666006833315, -0.023078231140971184, -0.0026748753152787685, 0.9143936038017273, -0.4048173427581787, 0.024054791778326035, 0.40476059913635254, 0.9141063094139099),
            ["RightHand"] = CFrame.new(-2.6272088504697422e-08, 5.960464477539063e-08, 1.1099927377244967e-07, 1, 2.4424906541753444e-15, -1.9984014443252818e-15, 6.661338147750939e-16, 1, -7.216449660063518e-16, 1.5543122344752192e-15, -7.216449660063518e-16, 1),
            ["RightLowerLeg"] = CFrame.new(-9.918585419654846e-08, 5.960464477539063e-08, 5.897163646295667e-08, 0.9997791647911072, 0.021016430109739304, -0.00007248020847328007, -0.013274920172989368, 0.6341708898544312, 0.7730786800384521, 0.016293318942189217, -0.7729071974754333, 0.6343101859092712),
            ["RightUpperLeg"] = CFrame.new(-0.000025510787963867188, -0.00012552738189697266, -0.004997489042580128, 0.9997685551643372, -0.018663505092263222, -0.010706121101975441, 0.011848215013742447, 0.8928909301757812, -0.4501170516014099, 0.017960166558623314, 0.4498859643936157, 0.8929054737091064),
            ["LeftLowerLeg"] = CFrame.new(-4.6798959374427795e-08, 1.1920928955078125e-07, 6.05359673500061e-08, 0.9995253086090088, 0.00417935149744153, 0.030524494126439095, -0.02623707987368107, 0.6348155736923218, 0.7722180485725403, -0.016150040552020073, -0.7726524472236633, 0.6346239447593689),
        }},
        {Time = 0.300, Data = {
            ["LeftFoot"] = CFrame.new(-6.37545882753443e-09, 0, -1.460807652620133e-08, 0.9995784759521484, -0.01475516613572836, 0.025002941489219666, 0.024089371785521507, 0.9022074937820435, -0.430629163980484, -0.016203846782445908, 0.43104976415634155, 0.9021826386451721),
            ["LeftLowerArm"] = CFrame.new(0, -1.1920928955078125e-07, 1.8226480325012062e-09, 1, -1.3576030299944364e-09, 1.0541701192523512e-11, 1.3576028079498315e-09, 0.9998794794082642, -0.015529165975749493, 1.0541727213375651e-11, 0.015529165975749493, 0.9998794794082642),
            ["RightUpperArm"] = CFrame.new(0, 0, 0, 1, 0, -7.105428204633949e-15, 0, -0.4026775062084198, -0.9153419733047485, -7.105427357601002e-15, 0.9153419733047485, -0.4026775062084198),
            ["Head"] = CFrame.new(0, 0, 0, 1, 5.975597794360965e-11, 1.9918661564588547e-07, 1.7926794770861676e-10, 0.9999992847442627, -0.0012000994756817818, -1.9918653038075718e-07, 0.001199999707750976, 0.9999993443489075),
            ["LowerTorso"] = CFrame.new(0, -0.19713544845581055, 0, 1, 0, 0, 0, 1, 0, 0, 0, 1),
            ["UpperTorso"] = CFrame.new(0, 0, 0, 1, 0, 0, 0, 1, 0, 0, 0, 1),
            ["HumanoidRootPart"] = CFrame.new(0, 0, 0, 1, 0, 0, 0, 1, 0, 0, 0, 1),
            ["LeftUpperLeg"] = CFrame.new(0.000025510787963867188, 0.00012552738189697266, 0.004997489042580128, 0.9997034072875977, -0.014141464605927467, -0.019831756129860878, 0.0025521679781377316, 0.8705345392227173, -0.4921008050441742, 0.02422325313091278, 0.49190419912338257, 0.8703123927116394),
            ["LeftUpperArm"] = CFrame.new(0, 0, 0, 1, 2.159269207879788e-09, 2.665956344571896e-11, -2.1592689858351832e-09, 0.9996949434280396, 0.024699175730347633, 2.666666887307656e-11, -0.024699175730347633, 0.9996949434280396),
            ["RightLowerArm"] = CFrame.new(0, 1.1920928955078125e-07, -1.7881393432617188e-07, 1, -1.9305559817439644e-08, 2.1582793330310324e-09, 1.712485975247091e-08, 0.8236428499221802, -0.5671089887619019, 9.170703307859185e-09, 0.5671089887619019, 0.8236428499221802),
            ["LeftHand"] = CFrame.new(-1.2087980394426268e-07, 0, -1.8681645119755785e-09, 0.9999680519104004, 0.007999292574822903, 1.8859855344111054e-10, -0.007999292574822903, 0.9999680519104004, 2.421439049271612e-08, -3.5953202220939673e-12, 2.9443461557754347e-14, 1),
            ["RightFoot"] = CFrame.new(-2.8758677217410877e-08, -1.7881393432617188e-07, 7.457856554538012e-09, 0.9997085332870483, -0.007858077064156532, -0.022831900045275688, -0.002918380545452237, 0.8993109464645386, -0.4373001158237457, 0.023969324305653572, 0.43723928928375244, 0.8990257382392883),
            ["RightHand"] = CFrame.new(1.5667521324758127e-07, -5.960464477539063e-08, -5.636723798829735e-08, 1, -4.440892098500626e-16, 0, 1.3322676295501878e-15, 1, -5.551115123125783e-17, -6.661338147750939e-16, -5.551115123125783e-17, 1),
            ["RightLowerLeg"] = CFrame.new(-2.9802322387695312e-08, -2.384185791015625e-07, 3.149762051180005e-08, 0.9997503757476807, 0.022284623235464096, 0.0016009702812880278, -0.014075962826609612, 0.5725963115692139, 0.8197165131568909, 0.01735035888850689, -0.8195345401763916, 0.5727672576904297),
            ["RightUpperLeg"] = CFrame.new(-0.000025510787963867188, -0.00012576580047607422, -0.004997489042580128, 0.9997470378875732, -0.020204385742545128, -0.009892955422401428, 0.012836016714572906, 0.8734655380249023, -0.4867168664932251, 0.018474971875548363, 0.48646676540374756, 0.8735038042068481),
            ["LeftLowerLeg"] = CFrame.new(-9.778887033462524e-09, 2.384185791015625e-07, -8.288770914077759e-08, 0.9995140433311462, 0.004432378336787224, 0.03085779771208763, -0.027825670316815376, 0.5731558203697205, 0.8189740180969238, -0.014056308194994926, -0.8194345235824585, 0.5730004906654358),
        }},
        {Time = 0.333, Data = {
            ["LeftFoot"] = CFrame.new(1.054888532081577e-08, 0, -2.7448550099506974e-09, 0.999553918838501, -0.01564568281173706, 0.0254408810287714, 0.025544214993715286, 0.8892248272895813, -0.45675691962242126, -0.015476400963962078, 0.4572029709815979, 0.8892277479171753),
            ["LeftLowerArm"] = CFrame.new(2.9802322387695312e-08, 1.7881393432617188e-07, -8.097650550098479e-09, 1, -2.4711304114077848e-09, 3.493552669375788e-11, 2.471133297987649e-09, 0.9996004104614258, -0.02826644480228424, 3.493558220490911e-11, 0.02826644480228424, 0.9996004104614258),
            ["RightUpperArm"] = CFrame.new(0, 0, 0, 1, 8.810019380689482e-11, -1.3451995073410217e-10, -8.810019380689482e-11, -0.39970719814300537, -0.9166429042816162, -1.3451639802042337e-10, 0.9166429042816162, -0.39970719814300537),
