return {
    ["Dark Side"] = {
        {Time = 0.000, Data = {
            ["LeftFoot"] = CFrame.new(2.2351741790771484e-08, -5.960464477539063e-08, -4.842877388000488e-08, 0.9933055639266968, -0.11528453230857849, -0.007331137545406818, 0.10965031385421753, 0.960925817489624, -0.25416237115859985, 0.03634578734636307, 0.2516568601131439, 0.9671338200569153),
            ["LeftLowerArm"] = CFrame.new(-1.7881393432617188e-07, -5.960464477539063e-08, -7.152557373046875e-07, 1, -5.681063797169372e-08, 2.409796628910499e-08, 3.818424687551669e-08, 0.925413191318512, -0.3789598047733307, 4.936012487632979e-08, 0.3789598047733307, 0.925413191318512),
            ["LowerTorso"] = CFrame.new(0.1737176775932312, -0.21708643436431885, -0.22403666377067566, 0.6226580739021301, 0.013566732406616211, 0.7823764681816101, -0.09978006780147552, 0.9930641055107117, 0.062190309166908264, -0.7761062979698181, -0.11678887158632278, 0.6196930408477783),
            ["Head"] = CFrame.new(4.842877388000488e-08, 3.5762786865234375e-07, 2.9802322387695312e-08, 0.6045305728912354, 0.2990691363811493, -0.7383092045783997, -0.2548038959503174, 0.9507505893707275, 0.17648890614509583, 0.7547303438186646, 0.081431083381176, 0.6509617567062378),
            ["RightUpperArm"] = CFrame.new(-2.384185791015625e-07, -1.1920928955078125e-07, -1.4901161193847656e-07, 0.6744043231010437, -0.7323774695396423, -0.09381945431232452, 0.24039046466350555, 0.3379290699958801, -0.9099541306495667, 0.698134183883667, 0.5911237001419067, 0.4039573669433594),
            ["UpperTorso"] = CFrame.new(5.960464477539063e-08, 0.0000011622905731201172, 1.9371509552001953e-07, 0.9837480783462524, -0.04807749390602112, -0.17299817502498627, 0.10518854111433029, 0.9351536631584167, 0.33826497197151184, 0.1455167680978775, -0.35096487402915955, 0.9250127673149109),
            ["HumanoidRootPart"] = CFrame.new(0, 0, 0, 1, 0, 0, 0, 1, 0, 0, 0, 1),
            ["RightHand"] = CFrame.new(-6.705522537231445e-07, 8.344650268554688e-07, 1.1920928955078125e-07, 0.8337991237640381, -0.279291570186615, -0.47620925307273865, 0.20203158259391785, 0.9571229219436646, -0.20760321617126465, 0.5137725472450256, 0.07689005136489868, 0.8544740080833435),
            ["LeftUpperArm"] = CFrame.new(-2.384185791015625e-07, 5.960464477539062e-07, -3.166496753692627e-08, 0.9797885417938232, 0.12598998844623566, -0.1553734391927719, -0.10532534122467041, 0.9852655529975891, 0.13475282490253448, 0.17006154358386993, -0.11566449701786041, 0.9786219000816345),
            ["RightLowerArm"] = CFrame.new(3.5762786865234375e-07, 2.384185791015625e-07, 1.7881393432617188e-07, 1, -2.607702853651972e-08, -8.009368457351229e-08, 2.60770320892334e-08, 0.9449115991592407, -0.327325701713562, 7.450580596923828e-09, 0.327325701713562, 0.9449116587638855),
            ["LeftHand"] = CFrame.new(-2.2910535335540771e-07, 6.556510925292969e-07, 2.9802322387695312e-08, 0.9706700444221497, 0.2158432900905609, 0.10588372498750687, -0.19770579040050507, 0.9672358632087708, -0.1592714488506317, -0.13679225742816925, 0.13366618752479553, 0.981540322303772),
            ["RightUpperLeg"] = CFrame.new(2.980232238769531e-07, 5.881302058696747e-07, 2.739761839620769e-07, 0.8203896880149841, -0.5424931049346924, -0.18072733283042908, 0.27296531200408936, 0.6492830514907837, -0.7098743915557861, 0.5024446249008179, 0.5330411791801453, 0.6807466149330139),
            ["LeftUpperLeg"] = CFrame.new(-1.7881393432617188e-07, 8.111819624900818e-07, 8.195638656616211e-08, 0.9638148546218872, 0.2665659487247467, -0.0019062282517552376, -0.24691185355186462, 0.8900117874145508, -0.38329312205314636, -0.10047654062509537, 0.3698942959308624, 0.9236248135566711),
            ["RightLowerLeg"] = CFrame.new(-4.470348358154297e-08, -0.0000037550926208496094, -0.000013096425391267985, 1, -2.7194613494430087e-07, -3.129244134925102e-07, 2.7567151050789107e-07, 0.5781815052032471, 0.8159080147743225, -2.0861628513557662e-07, -0.8159081935882568, 0.5781819224357605),
            ["RightFoot"] = CFrame.new(-1.4901161193847656e-07, 4.76837158203125e-07, -2.438173396512866e-08, 0.9653422236442566, 0.255658894777298, 0.052470382302999496, -0.23428648710250854, 0.937471330165863, -0.2574041187763214, -0.11499686539173126, 0.2361905574798584, 0.9648783206939697),
            ["LeftLowerLeg"] = CFrame.new(-5.960464477539063e-08, 0.000003874301910400391, 0.000013276934623718262, 1, 1.0058282384761696e-07, 1.4156104555240745e-07, -8.940695295223122e-08, 0.7679023742675781, 0.6405665278434753, 5.215405707303944e-08, -0.6405669450759888, 0.7679027318954468),
        }},
        {Time = 0.033, Data = {
            ["LeftFoot"] = CFrame.new(2.2351741790771484e-08, 0, -1.0244548320770264e-08, 0.9936099052429199, -0.1126282587647438, -0.007377869449555874, 0.10704461485147476, 0.9610457420349121, -0.2548189163208008, 0.035790860652923584, 0.25240057706832886, 0.9669607281684875),
            ["LeftLowerArm"] = CFrame.new(5.960464477539063e-08, -0.0000010728836059570312, -5.662441253662109e-07, 1, -4.097815420323059e-08, -3.026796591143466e-08, -9.313231297269908e-10, 0.9210755228996277, -0.38938403129577637, 9.313231075225303e-09, 0.38938403129577637, 0.9210755228996277),
            ["LowerTorso"] = CFrame.new(0.17764253914356232, -0.2175968885421753, -0.2191420942544937, 0.6302168965339661, 0.01426910050213337, 0.7762880921363831, -0.09921304136514664, 0.9931147694587708, 0.062289875000715256, -0.7700541615486145, -0.11627403646707535, 0.6272933483123779),
            ["Head"] = CFrame.new(8.195638656616211e-08, 2.384185791015625e-07, 1.4901161193847656e-08, 0.6065266132354736, 0.2989507019519806, -0.736718475818634, -0.2562803030014038, 0.9506697654724121, 0.17477840185165405, 0.7526260614395142, 0.08279866725206375, 0.6532215476036072),
            ["RightUpperArm"] = CFrame.new(-1.7881393432617188e-07, 0, -2.9802322387695312e-08, 0.671965479850769, -0.733700156211853, -0.10073010623455048, 0.24088642001152039, 0.34515485167503357, -0.907106339931488, 0.700311541557312, 0.5852795243263245, 0.4086706340312958),
            ["UpperTorso"] = CFrame.new(1.4901161193847656e-08, 0.0000011026859283447266, 1.9371509552001953e-07, 0.9840380549430847, -0.050427161157131195, -0.17066434025764465, 0.10681749880313873, 0.9344098567962646, 0.33980634808540344, 0.14233499765396118, -0.35261231660842896, 0.9248813390731812),
            ["HumanoidRootPart"] = CFrame.new(0, 0, 0, 1, 0, 0, 0, 1, 0, 0, 0, 1),
            ["RightHand"] = CFrame.new(-6.258487701416016e-07, 5.960464477539062e-07, -6.556510925292969e-07, 0.8285671472549438, -0.28516143560409546, -0.48182937502861023, 0.2234506756067276, 0.9574927091598511, -0.18242168426513672, 0.5133677124977112, 0.04348358139395714, 0.8570663928985596),
            ["LeftUpperArm"] = CFrame.new(-1.1920928955078125e-07, 4.76837158203125e-07, -1.7695128917694092e-08, 0.9772379398345947, 0.14117778837680817, -0.15835097432136536, -0.11803895980119705, 0.9820544123649597, 0.14709161221981049, 0.1762753576040268, -0.12505190074443817, 0.9763652682304382),
            ["RightLowerArm"] = CFrame.new(-2.980232238769531e-07, 8.344650268554688e-07, 0, 1, -4.842877388000488e-08, 2.4214372729147726e-08, 3.725290653733282e-08, 0.9380859136581421, -0.3464029133319855, 0, 0.3464028537273407, 0.9380858540534973),
            ["LeftHand"] = CFrame.new(5.587935447692871e-08, 8.344650268554688e-07, 8.940696716308594e-08, 0.9727534055709839, 0.20907166600227356, 0.10019895434379578, -0.19225646555423737, 0.9689701795578003, -0.1553521305322647, -0.12956960499286652, 0.13185542821884155, 0.982764482498169),
            ["RightUpperLeg"] = CFrame.new(3.5762786865234375e-07, 4.782341420650482e-07, 3.261302481405437e-07, 0.8255030512809753, -0.5370125770568848, -0.17367449402809143, 0.2704675793647766, 0.6464794874191284, -0.7133802771568298, 0.4953707456588745, 0.541924238204956, 0.6789150834083557),
            ["LeftUpperLeg"] = CFrame.new(-2.980232238769531e-07, 6.216578185558319e-07, 2.9802322387695312e-08, 0.9628697633743286, 0.26981526613235474, 0.009029707871377468, -0.24546687304973602, 0.8889226317405701, -0.3867329955101013, -0.1123737171292305, 0.3701571524143219, 0.9221475124359131),
            ["RightLowerLeg"] = CFrame.new(-2.9802322387695312e-08, -0.0000037550926208496094, -0.000013290140486788005, 1, -4.991888999938965e-07, -3.7997952517798694e-07, 4.619359401658585e-07, 0.5803583860397339, 0.8143612742424011, -3.576278118089249e-07, -0.8143612146377563, 0.5803583860397339),
            ["RightFoot"] = CFrame.new(-1.0803341865539551e-07, 1.7881393432617188e-07, -3.183231456205249e-08, 0.966026246547699, 0.2528015673160553, 0.05371107533574104, -0.2321297526359558, 0.9400864243507385, -0.24970643222332, -0.11361881345510483, 0.22875528037548065, 0.9668309092521667),
            ["LeftLowerLeg"] = CFrame.new(1.4901161193847656e-08, 0.000003874301910400391, 0.000013217329978942871, 1, -3.352762334429826e-08, -2.2351747119842003e-08, -1.862644971595273e-08, 0.764136552810669, 0.6450546383857727, -1.0430811414607888e-07, -0.6450546979904175, 0.7641364932060242),
        }},
        {Time = 0.067, Data = {
            ["LeftFoot"] = CFrame.new(-7.450580596923828e-08, 5.960464477539063e-08, 6.28642737865448e-09, 0.9938960075378418, -0.11007418483495712, -0.007384980097413063, 0.10454975813627243, 0.9611557126045227, -0.25543922185897827, 0.03521587699651718, 0.25310760736465454, 0.9667969346046448),
            ["LeftLowerArm"] = CFrame.new(1.1920928955078125e-07, -5.960464477539062e-07, -5.960464477539062e-07, 1, -4.8428734800154416e-08, 6.100160732103177e-08, 3.7252920748187535e-08, 0.9157664775848389, -0.40171119570732117, 2.6077044523731274e-08, 0.40171122550964355, 0.9157664775848389),
            ["LowerTorso"] = CFrame.new(0.18111392855644226, -0.21753919124603271, -0.21461071074008942, 0.6372194886207581, 0.014347972348332405, 0.7705488204956055, -0.09794963151216507, 0.9932265281677246, 0.06250691413879395, -0.7644326090812683, -0.11530561000108719, 0.6343086361885071),
            ["Head"] = CFrame.new(-4.470348358154297e-08, 4.76837158203125e-07, -1.043081283569336e-07, 0.6095101833343506, 0.29700565338134766, -0.7350407838821411, -0.25557371973991394, 0.9512839913368225, 0.17245566844940186, 0.7504527568817139, 0.08274364471435547, 0.6557241082191467),
            ["RightUpperArm"] = CFrame.new(-2.980232238769531e-07, 2.384185791015625e-07, -8.940696716308594e-08, 0.6674022078514099, -0.7381300330162048, -0.09868257492780685, 0.24620802700519562, 0.3437690734863281, -0.9062034487724304, 0.7028199434280396, 0.5805057287216187, 0.4111657440662384),
            ["UpperTorso"] = CFrame.new(3.725290298461914e-08, 0.0000011324882507324219, 1.7881393432617188e-07, 0.9844608306884766, -0.04989372938871384, -0.16836778819561005, 0.10561473667621613, 0.9342238903045654, 0.34069257974624634, 0.14029476046562195, -0.35318052768707275, 0.9249762296676636),
            ["HumanoidRootPart"] = CFrame.new(0, 0, 0, 1, 0, 0, 0, 1, 0, 0, 0, 1),
            ["RightHand"] = CFrame.new(-5.513429641723633e-07, 9.5367431640625e-07, 5.960464477539063e-08, 0.8137989044189453, -0.2835713326931, -0.5072659850120544, 0.23201540112495422, 0.9588244557380676, -0.16378241777420044, 0.5328229665756226, 0.015592437237501144, 0.8460831046104431),
            ["LeftUpperArm"] = CFrame.new(-2.384185791015625e-07, 8.344650268554688e-07, -2.523884177207947e-07, 0.9749582409858704, 0.155830979347229, -0.15866072475910187, -0.1307768076658249, 0.9787865877151489, 0.15771636366844177, 0.17987215518951416, -0.1330176740884781, 0.9746549725532532),
            ["RightLowerArm"] = CFrame.new(-4.470348358154297e-07, 5.960464477539062e-07, 2.384185791015625e-07, 1, -7.450580596923828e-09, -8.381897842468788e-09, -3.3527616238870905e-08, 0.9298669099807739, -0.367896169424057, 2.0489098417897367e-08, 0.3678961396217346, 0.9298669695854187),
            ["LeftHand"] = CFrame.new(-2.905726432800293e-07, 8.940696716308594e-07, 0, 0.9745181798934937, 0.20309843122959137, 0.09521189332008362, -0.18767592310905457, 0.970741331577301, -0.1497969627380371, -0.12284959852695465, 0.12811091542243958, 0.9841217994689941),
            ["RightUpperLeg"] = CFrame.new(2.384185791015625e-07, 5.448237061500549e-07, 2.8142676455900073e-07, 0.8304551243782043, -0.5310145020484924, -0.16842874884605408, 0.26745665073394775, 0.6452579498291016, -0.7156181931495667, 0.4886832535266876, 0.5492411255836487, 0.6778808832168579),
            ["LeftUpperLeg"] = CFrame.new(-2.980232238769531e-07, 5.955807864665985e-07, 7.450580596923828e-08, 0.9616895914077759, 0.27347081899642944, 0.01915373094379902, -0.24468767642974854, 0.8877758383750916, -0.38984861969947815, -0.1236167848110199, 0.3702267110347748, 0.9206797480583191),
            ["RightLowerLeg"] = CFrame.new(-5.960464477539063e-08, -0.000003874301910400391, -0.00001326033816440031, 1, -4.507601261138916e-07, -3.054737760521675e-07, 4.39584198375087e-07, 0.5843079686164856, 0.8115319013595581, -2.2351738948600541e-07, -0.8115320801734924, 0.5843080878257751),
            ["RightFoot"] = CFrame.new(1.341104507446289e-07, 5.364418029785156e-07, 5.420588422566652e-09, 0.9666628837585449, 0.2501261830329895, 0.05477292463183403, -0.23022064566612244, 0.9426541924476624, -0.2416638731956482, -0.11207818239927292, 0.22099779546260834, 0.9688129425048828),
            ["LeftLowerLeg"] = CFrame.new(-4.470348358154297e-08, 0.000003874301910400391, 0.000013306736946105957, 1, 8.568168397005138e-08, -1.4901161193847656e-08, -8.940696716308594e-08, 0.7608540654182434, 0.648922860622406, -2.9802322387695312e-08, -0.6489230990409851, 0.7608542442321777),
        }},
        {Time = 0.100, Data = {
            ["LeftFoot"] = CFrame.new(9.685754776000977e-08, 5.960464477539063e-08, -7.144990377128124e-09, 0.9941608905792236, -0.10765934735536575, -0.007332273758947849, 0.10222216695547104, 0.9613637924194336, -0.2555982768535614, 0.034567177295684814, 0.2533557713031769, 0.9667553901672363),
            ["LeftLowerArm"] = CFrame.new(1.1920928955078125e-07, -8.344650268554688e-07, -4.76837158203125e-07, 1, -5.215403220404369e-08, -9.778886145284105e-09, 3.7252924300901213e-08, 0.9100049138069153, -0.41459769010543823, -2.793969322567591e-08, 0.41459769010543823, 0.9100047945976257),
            ["LowerTorso"] = CFrame.new(0.18418678641319275, -0.2165924310684204, -0.21046748757362366, 0.6436861753463745, 0.012941041961312294, 0.7651801705360413, -0.09509971737861633, 0.9934596419334412, 0.06319816410541534, -0.759357750415802, -0.11344820261001587, 0.6407069563865662),
            ["Head"] = CFrame.new(2.2351741790771484e-08, 5.960464477539062e-07, -1.4901161193847656e-08, 0.6128854751586914, 0.2951233685016632, -0.7329896092414856, -0.2557072043418884, 0.9517948031425476, 0.1694125384092331, 0.7476531863212585, 0.08360021561384201, 0.658806324005127),
            ["RightUpperArm"] = CFrame.new(-1.1920928955078125e-07, 1.1920928955078125e-07, -1.7881393432617188e-07, 0.6666022539138794, -0.7395684719085693, -0.09316518902778625, 0.25178614258766174, 0.3410380184650421, -0.9057024121284485, 0.7016018629074097, 0.5802857279777527, 0.4135497808456421),
            ["UpperTorso"] = CFrame.new(5.21540641784668e-08, 0.0000013113021850585938, 1.862645149230957e-07, 0.9847245812416077, -0.04846316576004028, -0.16723917424678802, 0.10402461141347885, 0.9339762926101685, 0.3418586850166321, 0.1396297663450241, -0.35403358936309814, 0.9247506856918335),
            ["HumanoidRootPart"] = CFrame.new(0, 0, 0, 1, 0, 0, 0, 1, 0, 0, 0, 1),
            ["RightHand"] = CFrame.new(-6.854534149169922e-07, 5.364418029785156e-07, -5.960464477539063e-08, 0.7902935147285461, -0.27794721722602844, -0.5460600852966309, 0.22328875958919525, 0.9605534672737122, -0.1657683551311493, 0.5705947875976562, 0.009076573885977268, 0.8211817145347595),
            ["LeftUpperArm"] = CFrame.new(-2.384185791015625e-07, 9.5367431640625e-07, -3.213062882423401e-08, 0.972972571849823, 0.1712498664855957, -0.15491251647472382, -0.14531219005584717, 0.9754252433776855, 0.165619894862175, 0.17946787178516388, -0.1386329084634781, 0.973946750164032),
            ["RightLowerArm"] = CFrame.new(2.384185791015625e-07, 7.152557373046875e-07, -2.980232238769531e-07, 1, -5.5879347371501353e-08, -4.377212903250438e-08, 4.8428766774577525e-08, 0.9241613745689392, -0.38200244307518005, 1.862644971595273e-08, 0.38200241327285767, 0.9241613149642944),
            ["LeftHand"] = CFrame.new(-1.4156103134155273e-07, 0.0000010132789611816406, 0, 0.9762876033782959, 0.19693075120449066, 0.08989343047142029, -0.1828942745923996, 0.9725061058998108, -0.14415858685970306, -0.11581115424633026, 0.12429925054311752, 0.9854630827903748),
            ["RightUpperLeg"] = CFrame.new(3.5762786865234375e-07, 6.994232535362244e-07, 1.2496457202360034e-07, 0.8355538845062256, -0.523664653301239, -0.16620920598506927, 0.26287713646888733, 0.6467028260231018, -0.716010570526123, 0.4824369549751282, 0.5545727014541626, 0.6780143976211548),
            ["LeftUpperLeg"] = CFrame.new(-2.384185791015625e-07, 9.122304618358612e-07, 8.940696716308594e-08, 0.9599472284317017, 0.27878618240356445, 0.027921726927161217, -0.2460358738899231, 0.8864420056343079, -0.39202916622161865, -0.13404391705989838, 0.3694576025009155, 0.9195289611816406),
            ["RightLowerLeg"] = CFrame.new(-1.1920928955078125e-07, -0.0000034570693969726562, -0.000013334843970369548, 1, -9.685756197086448e-08, -1.2665987014770508e-07, 2.086162567138672e-07, 0.5914232730865479, 0.8063612580299377, -7.450580596923828e-08, -0.8063613176345825, 0.5914232730865479),
            ["RightFoot"] = CFrame.new(-1.341104507446289e-07, 3.5762786865234375e-07, 6.875052349641919e-08, 0.967292308807373, 0.24749697744846344, 0.055595964193344116, -0.22850990295410156, 0.9453403949737549, -0.2326257973909378, -0.11013118922710419, 0.2123129516839981, 0.9709759950637817),
            ["LeftLowerLeg"] = CFrame.new(5.960464477539063e-08, 0.000003993511199951172, 0.000013336539268493652, 1, 0, -1.564622067462551e-07, -6.705523247774181e-08, 0.7590059638023376, 0.6510837078094482, -7.450581485102248e-09, -0.6510836482048035, 0.7590059638023376),
        }},
        {Time = 0.133, Data = {
            ["LeftFoot"] = CFrame.new(8.940696716308594e-08, 0, 8.96397978067398e-09, 0.9946293234825134, -0.1032562181353569, -0.00713239423930645, 0.09802668541669846, 0.9618903398513794, -0.2552603483200073, 0.03321823850274086, 0.2531897723674774, 0.9668461680412292),
            ["LeftLowerArm"] = CFrame.new(0, -5.960464477539063e-08, -6.556510925292969e-07, 1, -4.470344094897882e-08, 1.862644793959589e-08, 4.0978221704790485e-08, 0.90436190366745, -0.42676636576652527, -3.5390282704383935e-08, 0.42676636576652527, 0.90436190366745),
            ["LowerTorso"] = CFrame.new(0.18690474331378937, -0.21460163593292236, -0.20672766864299774, 0.649442732334137, 0.010619672946631908, 0.7603363990783691, -0.09154301136732101, 0.9937222003936768, 0.06431227922439575, -0.7548801302909851, -0.11137063056230545, 0.6463378667831421),
            ["Head"] = CFrame.new(2.9802322387695312e-08, 7.152557373046875e-07, -8.940696716308594e-08, 0.6156820058822632, 0.2931361198425293, -0.7314416766166687, -0.25620555877685547, 0.9522659778594971, 0.16597676277160645, 0.7451807856559753, 0.085210420191288, 0.6613960862159729),
            ["RightUpperArm"] = CFrame.new(-2.384185791015625e-07, 2.384185791015625e-07, -5.960464477539063e-08, 0.6720284819602966, -0.7352527976036072, -0.08821099251508713, 0.2550576627254486, 0.34164807200431824, -0.904556393623352, 0.6952146887779236, 0.5853887796401978, 0.41712912917137146),
            ["UpperTorso"] = CFrame.new(6.705522537231445e-08, 9.238719940185547e-07, 1.862645149230957e-07, 0.9846917390823364, -0.04661925882101059, -0.16795490682125092, 0.10269873589277267, 0.9337300062179565, 0.34293055534362793, 0.14083735644817352, -0.3549295961856842, 0.9242240190505981),
            ["HumanoidRootPart"] = CFrame.new(0, 0, 0, 1, 0, 0, 0, 1, 0, 0, 0, 1),
            ["RightHand"] = CFrame.new(-0.0000011473894119262695, 9.5367431640625e-07, 1.1920928955078125e-07, 0.768281102180481, -0.27358853816986084, -0.5786999464035034, 0.20433221757411957, 0.961581289768219, -0.18332995474338531, 0.6066240072250366, 0.022601908072829247, 0.794667661190033),
            ["LeftUpperArm"] = CFrame.new(-1.1920928955078125e-07, 9.5367431640625e-07, -6.28642737865448e-08, 0.9704771637916565, 0.18663963675498962, -0.152773916721344, -0.1594448685646057, 0.9717063903808594, 0.17425312101840973, 0.18097396194934845, -0.14474961161613464, 0.9727774858474731),
            ["RightLowerArm"] = CFrame.new(-5.960464477539063e-08, 6.556510925292969e-07, 2.384185791015625e-07, 1, -2.9802322387695312e-08, -2.79396612512528e-08, 1.862645326866641e-08, 0.9219045639038086, -0.3874169588088989, 5.587936335871291e-09, 0.3874169886112213, 0.9219046235084534),
            ["LeftHand"] = CFrame.new(-1.7881393432617188e-07, 9.5367431640625e-07, 1.7881393432617188e-07, 0.9785379767417908, 0.1889786720275879, 0.08216189593076706, -0.17608852684497833, 0.9739403128623962, -0.14294518530368805, -0.10703427344560623, 0.1254095435142517, 0.9863144755363464),
            ["RightUpperLeg"] = CFrame.new(3.5762786865234375e-07, 9.825453162193298e-08, 2.5907502276822925e-07, 0.840427577495575, -0.5157859921455383, -0.16627271473407745, 0.25752365589141846, 0.6500736474990845, -0.7149028182029724, 0.4768260717391968, 0.5580046772956848, 0.6791666746139526),
            ["LeftUpperLeg"] = CFrame.new(-1.1920928955078125e-07, 4.4330954551696777e-07, 2.2351741790771484e-08, 0.9582828283309937, 0.2836071848869324, 0.03551144152879715, -0.24730141460895538, 0.8850029706954956, -0.39447644352912903, -0.14330433309078217, 0.36923813819885254, 0.9182196259498596),
            ["RightLowerLeg"] = CFrame.new(-1.4901161193847656e-07, -0.0000036954879760742188, -0.000013305041647981852, 1, -3.203749372460152e-07, -3.3527619791584584e-08, 3.27825517842939e-07, 0.6011145710945129, 0.7991628050804138, -4.470347647611561e-08, -0.7991629242897034, 0.6011146903038025),
            ["RightFoot"] = CFrame.new(4.0978193283081055e-08, 2.980232238769531e-07, 2.7772330213338137e-08, 0.9678985476493835, 0.24497801065444946, 0.056199949234724045, -0.22701074182987213, 0.948043942451477, -0.22288678586483002, -0.10788259655237198, 0.20297424495220184, 0.973223090171814),
            ["LeftLowerLeg"] = CFrame.new(0, 0.0000040531158447265625, 0.000013396143913269043, 1, -1.1175872671742582e-08, 7.450583261459087e-09, -4.470348358154297e-08, 0.7577400803565979, 0.6525566577911377, 7.450580596923828e-09, -0.6525564789772034, 0.7577400207519531),
        }},
        {Time = 0.167, Data = {
            ["LeftFoot"] = CFrame.new(7.450580596923828e-09, -5.960464477539063e-08, 1.6065314412117004e-08, 0.9952324628829956, -0.09729623049497604, -0.006782330572605133, 0.09238717705011368, 0.9627386927604675, -0.2541635036468506, 0.03125937283039093, 0.2523247301578522, 0.9671375751495361),
            ["LeftLowerArm"] = CFrame.new(-1.7881393432617188e-07, -7.748603820800781e-07, -7.152557373046875e-07, 1, -6.146723308120272e-08, -3.352759847530251e-08, 3.7252920748187535e-08, 0.8994588851928711, -0.4370054304599762, -1.4901168299275014e-08, 0.43700549006462097, 0.8994588851928711),
            ["LowerTorso"] = CFrame.new(0.18931449949741364, -0.21207654476165771, -0.20340949296951294, 0.6543673872947693, 0.007892507128417492, 0.7561355829238892, -0.08783197402954102, 0.9939705729484558, 0.06563566625118256, -0.7510585188865662, -0.10936272144317627, 0.6511151194572449),
            ["Head"] = CFrame.new(0, 7.152557373046875e-07, 0, 0.6183709502220154, 0.2869349420070648, -0.7316322326660156, -0.2530089318752289, 0.9540853500366211, 0.16033607721328735, 0.7440456748008728, 0.08596232533454895, 0.6625756621360779),
            ["RightUpperArm"] = CFrame.new(-2.384185791015625e-07, 0, 2.9802322387695312e-08, 0.6778755187988281, -0.7306775450706482, -0.08121006935834885, 0.2579704821109772, 0.3398475646972656, -0.9044086933135986, 0.6884301900863647, 0.5921266674995422, 0.4188675880432129),
            ["UpperTorso"] = CFrame.new(0, 0.0000011920928955078125, 1.9371509552001953e-07, 0.984386682510376, -0.04473200440406799, -0.17024081945419312, 0.10196742415428162, 0.9332752823829651, 0.34438344836235046, 0.14347651600837708, -0.3563654124736786, 0.9232650399208069),
            ["HumanoidRootPart"] = CFrame.new(0, 0, 0, 1, 0, 0, 0, 1, 0, 0, 0, 1),
            ["RightHand"] = CFrame.new(-4.3213367462158203e-07, 5.364418029785156e-07, 2.980232238769531e-07, 0.7598841786384583, -0.26424410939216614, -0.5939286351203918, 0.18327516317367554, 0.9636765718460083, -0.19426217675209045, 0.6236876249313354, 0.038764387369155884, 0.7807119488716125),
            ["LeftUpperArm"] = CFrame.new(-2.384185791015625e-07, 9.5367431640625e-07, 1.6894773580133915e-08, 0.968336284160614, 0.1981668472290039, -0.15183822810649872, -0.1704350709915161, 0.9691686630249023, 0.17794395983219147, 0.1824195832014084, -0.14643093943595886, 0.9722557067871094),
            ["RightLowerArm"] = CFrame.new(0, 4.76837158203125e-07, 4.172325134277344e-07, 1, -3.725289943190546e-08, -7.171178850740034e-08, 1.1175869119028903e-08, 0.922441840171814, -0.3861360251903534, 2.0489094865183688e-08, 0.386135995388031, 0.9224418997764587),
            ["LeftHand"] = CFrame.new(-6.705522537231445e-08, 5.364418029785156e-07, 2.9802322387695312e-08, 0.9812251329421997, 0.17869289219379425, 0.07256834208965302, -0.16693483293056488, 0.9753273725509644, -0.1444624811410904, -0.09659230709075928, 0.1296360194683075, 0.9868457913398743),
            ["RightUpperLeg"] = CFrame.new(3.5762786865234375e-07, 3.012828528881073e-07, 2.2927270038053393e-07, 0.8448095321655273, -0.5081097483634949, -0.1676958203315735, 0.2520449161529541, 0.6543607115745544, -0.7129415273666382, 0.4719855785369873, 0.5600326657295227, 0.6808763146400452),
            ["LeftUpperLeg"] = CFrame.new(-2.980232238769531e-07, 5.079200491309166e-07, 6.705522537231445e-08, 0.9567415714263916, 0.2879227101802826, 0.0417855866253376, -0.24868810176849365, 0.8838626146316528, -0.3961576819419861, -0.15099598467350006, 0.36862918734550476, 0.9172312021255493),
            ["RightLowerLeg"] = CFrame.new(8.940696716308594e-08, -0.0000035762786865234375, -0.000013215634680818766, 1, -4.842877388000488e-07, -2.458692449636146e-07, 4.544854164123535e-07, 0.611804187297821, 0.7910091876983643, -1.7881393432617188e-07, -0.7910093069076538, 0.6118044257164001),
            ["RightFoot"] = CFrame.new(2.9802322387695312e-08, 2.980232238769531e-07, -7.281050784513354e-08, 0.9684547185897827, 0.24266858398914337, 0.05663681402802467, -0.225717693567276, 0.950571596622467, -0.2132255882024765, -0.10558024048805237, 0.1937156766653061, 0.9753600358963013),
            ["LeftLowerLeg"] = CFrame.new(-1.4901161193847656e-08, 0.0000036954879760742188, 0.000013336539268493652, 1, 1.4156105976326216e-07, -3.725290653733282e-08, -1.1175870895385742e-07, 0.7578277587890625, 0.6524547934532166, 6.705522537231445e-08, -0.6524548530578613, 0.7578276991844177),
        }},
        {Time = 0.200, Data = {
            ["LeftFoot"] = CFrame.new(-4.470348358154297e-08, 5.960464477539063e-08, 4.7963112592697144e-08, 0.9958795309066772, -0.0904625803232193, -0.006366346962749958, 0.08592317253351212, 0.963699221611023, -0.2527867555618286, 0.029003512114286423, 0.25119805335998535, 0.9675011038780212),
            ["LeftLowerArm"] = CFrame.new(-2.9802322387695312e-08, -1.1920928955078125e-07, -5.960464477539062e-07, 1, -4.470344094897882e-08, -2.1420412110728648e-08, 5.5879375793210784e-08, 0.8960002660751343, -0.4440535604953766, -5.96046660916727e-08, 0.4440535604953766, 0.896000325679779),
            ["LowerTorso"] = CFrame.new(0.1914629191160202, -0.20953166484832764, -0.20053160190582275, 0.6583154797554016, 0.005079369526356459, 0.7527250051498413, -0.08444119244813919, 0.9941638112068176, 0.06714167445898056, -0.7479909062385559, -0.10776140540838242, 0.6549023389816284),
            ["Head"] = CFrame.new(-2.9802322387695312e-08, 7.152557373046875e-07, 0, 0.6229484677314758, 0.28040677309036255, -0.7302790284156799, -0.25206834077835083, 0.9557064771652222, 0.15194331109523773, 0.7405381798744202, 0.08942735940217972, 0.6660374999046326),
            ["RightUpperArm"] = CFrame.new(-2.980232238769531e-07, 1.1920928955078125e-07, 0, 0.6834850311279297, -0.7260978817939758, -0.07503398507833481, 0.25992774963378906, 0.33814194798469543, -0.9044876098632812, 0.6821185946464539, 0.5987002849578857, 0.41984784603118896),
            ["UpperTorso"] = CFrame.new(5.960464477539063e-08, 0.0000013113021850585938, 1.7881393432617188e-07, 0.9838749170303345, -0.043433256447315216, -0.17350457608699799, 0.1021788939833641, 0.9326764941215515, 0.34593942761421204, 0.14679832756519318, -0.3580895662307739, 0.9220749735832214),
            ["HumanoidRootPart"] = CFrame.new(0, 0, 0, 1, 0, 0, 0, 1, 0, 0, 0, 1),
            ["RightHand"] = CFrame.new(-7.152557373046875e-07, 6.556510925292969e-07, -5.960464477539063e-08, 0.7759251594543457, -0.2532523274421692, -0.5777572393417358, 0.17675213515758514, 0.9664703607559204, -0.18626247346401215, 0.6055566668510437, 0.042405951768159866, 0.7946715950965881),
            ["LeftUpperArm"] = CFrame.new(-2.384185791015625e-07, 9.5367431640625e-07, -8.89413058757782e-08, 0.9661349654197693, 0.21056091785430908, -0.1491553634405136, -0.18226489424705505, 0.9660410284996033, 0.18315143883228302, 0.18265469372272491, -0.14976315200328827, 0.971703827381134),
            ["RightLowerArm"] = CFrame.new(4.76837158203125e-07, 5.960464477539062e-07, 1.7881393432617188e-07, 1, -5.215405707303944e-08, 0, 4.0978193283081055e-08, 0.926217257976532, -0.3769901394844055, 1.862645149230957e-09, 0.3769901394844055, 0.926217257976532),
            ["LeftHand"] = CFrame.new(-7.450580596923828e-08, 6.556510925292969e-07, 1.4901161193847656e-07, 0.9841979742050171, 0.1663402020931244, 0.06070633977651596, -0.15628577768802643, 0.977187991142273, -0.14379985630512238, -0.08324132114648819, 0.13203997910022736, 0.9877431392669678),
            ["RightUpperLeg"] = CFrame.new(2.384185791015625e-07, 7.278285920619965e-07, 3.1122908694669604e-07, 0.848455548286438, -0.5013285279273987, -0.16968649625778198, 0.24692824482917786, 0.6585240364074707, -0.7108957171440125, 0.468134343624115, 0.5612627863883972, 0.6825202107429504),
            ["LeftUpperLeg"] = CFrame.new(-1.1920928955078125e-07, 9.891227819025517e-07, 4.470348358154297e-08, 0.9554619193077087, 0.29143381118774414, 0.046462055295705795, -0.2498946636915207, 0.8827192783355713, -0.3979437053203583, -0.15698763728141785, 0.36860957741737366, 0.9162326455116272),
            ["RightLowerLeg"] = CFrame.new(-8.940696716308594e-08, -0.0000035762786865234375, -0.000013364646292757243, 1, 8.940698137394065e-08, -1.1175872671742582e-08, -5.215408194203519e-08, 0.6219615340232849, 0.7830477356910706, 1.192093321833454e-07, -0.7830477952957153, 0.6219617128372192),
            ["RightFoot"] = CFrame.new(5.960464477539063e-08, 2.384185791015625e-07, 2.032174961641431e-08, 0.9689373970031738, 0.24065963923931122, 0.05695280805230141, -0.22462405264377594, 0.9527579545974731, -0.20444095134735107, -0.10346248745918274, 0.18529775738716125, 0.9772207140922546),
            ["LeftLowerLeg"] = CFrame.new(0, 0.000003814697265625, 0.000013306736946105957, 1, 5.587936158235607e-08, 2.980232594040899e-08, -6.705522537231445e-08, 0.7580968141555786, 0.6521416902542114, 2.9802322387695312e-08, -0.6521421074867249, 0.7580971121788025),
        }},
        {Time = 0.233, Data = {
            ["LeftFoot"] = CFrame.new(-2.9802322387695312e-08, 0, 6.845220923423767e-08, 0.9965134859085083, -0.08322305977344513, -0.0059103467501699924, 0.07907373458147049, 0.9646783471107483, -0.25128278136253357, 0.026614969596266747, 0.24993938207626343, 0.9678957462310791),
            ["LeftLowerArm"] = CFrame.new(2.682209014892578e-07, -8.940696716308594e-07, -5.364418029785156e-07, 1, -4.470344805440618e-08, 4.19095051995555e-08, 4.842880230171431e-08, 0.894707977771759, -0.44665148854255676, 1.11758780008131e-08, 0.44665148854255676, 0.894707977771759),
            ["LowerTorso"] = CFrame.new(0.1933974027633667, -0.2074822187423706, -0.19811293482780457, 0.6611432433128357, 0.0027203280478715897, 0.7502549886703491, -0.08192223310470581, 0.9942759275436401, 0.06858676671981812, -0.7457737922668457, -0.10680820792913437, 0.6575815677642822),
            ["Head"] = CFrame.new(7.450580596923828e-09, 5.960464477539062e-07, 0, 0.6307644248008728, 0.27726060152053833, -0.724750280380249, -0.2546846866607666, 0.9562192559242249, 0.14415434002876282, 0.7329884171485901, 0.09365534037351608, 0.67376309633255),
            ["RightUpperArm"] = CFrame.new(-2.384185791015625e-07, 0, 2.9802322387695312e-08, 0.690831184387207, -0.7194390892982483, -0.07183185964822769, 0.25945329666137695, 0.33941054344177246, -0.9041485786437988, 0.6748602390289307, 0.6059768795967102, 0.42113620042800903),
            ["UpperTorso"] = CFrame.new(4.470348358154297e-08, 0.0000014007091522216797, 1.4901161193847656e-07, 0.9830967783927917, -0.043052852153778076, -0.17795288562774658, 0.10365916788578033, 0.9320570826530457, 0.347166508436203, 0.1509157121181488, -0.3597446382045746, 0.9207651019096375),
            ["HumanoidRootPart"] = CFrame.new(0, 0, 0, 1, 0, 0, 0, 1, 0, 0, 0, 1),
            ["RightHand"] = CFrame.new(-5.662441253662109e-07, 8.344650268554688e-07, 5.960464477539062e-07, 0.7916186451911926, -0.2464594542980194, -0.5591043829917908, 0.17351357638835907, 0.9680458903312683, -0.18105289340019226, 0.5858608484268188, 0.046312619000673294, 0.8090872168540955),
            ["LeftUpperArm"] = CFrame.new(-2.384185791015625e-07, 7.152557373046875e-07, -1.4295801520347595e-07, 0.9641284942626953, 0.22162817418575287, -0.14607246220111847, -0.19284947216510773, 0.9630027413368225, 0.1882416009902954, 0.18238794803619385, -0.15331903100013733, 0.9711992144584656),
            ["RightLowerArm"] = CFrame.new(-6.854534149169922e-07, 3.5762786865234375e-07, -3.5762786865234375e-07, 1, -5.5879347371501353e-08, 2.0489082430685812e-08, -1.862645326866641e-08, 0.931883692741394, -0.36275720596313477, -2.6077035641947077e-08, 0.36275726556777954, 0.931883692741394),
            ["LeftHand"] = CFrame.new(-1.6391277313232422e-07, 8.344650268554688e-07, 1.4901161193847656e-07, 0.9868248105049133, 0.15308484435081482, 0.052363425493240356, -0.14456190168857574, 0.9796092510223389, -0.1395263522863388, -0.07265499234199524, 0.13011831045150757, 0.988832950592041),
            ["RightUpperLeg"] = CFrame.new(2.384185791015625e-07, 8.343486115336418e-07, 1.8456921679899096e-07, 0.8511130213737488, -0.4962192177772522, -0.17138837277889252, 0.24282985925674438, 0.6615516543388367, -0.7094951272010803, 0.4654465615749359, 0.5622419118881226, 0.6835516095161438),
            ["LeftUpperLeg"] = CFrame.new(-2.384185791015625e-07, 0.0000012121745385229588, 9.685754776000977e-08, 0.9546651840209961, 0.2935667932033539, 0.049322232604026794, -0.2504970133304596, 0.8817573189735413, -0.39969417452812195, -0.1608278751373291, 0.3692189157009125, 0.915320634841919),
            ["RightLowerLeg"] = CFrame.new(-1.1920928955078125e-07, -0.000003993511199951172, -0.000013170931197237223, 1, -3.1292435664909135e-07, -2.793968292280624e-07, 4.172323713191872e-07, 0.6299626231193542, 0.776625394821167, -1.192092469182171e-07, -0.7766255140304565, 0.6299628615379333),
            ["RightFoot"] = CFrame.new(1.4901161193847656e-08, 3.5762786865234375e-07, -7.281050784513354e-08, 0.9693235754966736, 0.23904074728488922, 0.05719679221510887, -0.22372369468212128, 0.954449474811554, -0.19741816818714142, -0.10178204625844955, 0.17856630682945251, 0.978649377822876),
            ["LeftLowerLeg"] = CFrame.new(8.940696716308594e-08, 0.000003993511199951172, 0.000013485550880432129, 1, 1.5273688802608376e-07, 1.1175869474300271e-07, -1.3038510360274813e-07, 0.7584067583084106, 0.6517808437347412, -8.195634393359796e-08, -0.6517814993858337, 0.7584074139595032),
        }},
        {Time = 0.267, Data = {
            ["LeftFoot"] = CFrame.new(5.21540641784668e-08, 0, -2.2060703486204147e-08, 0.9970765113830566, -0.07621458172798157, -0.00547327334061265, 0.07244212925434113, 0.9656456708908081, -0.24956107139587402, 0.02430587075650692, 0.24843475222587585, 0.9683436155319214),
            ["LeftLowerArm"] = CFrame.new(-2.086162567138672e-07, -3.5762786865234375e-07, -5.960464477539062e-07, 1, -3.725286745748235e-08, -5.681064862983476e-08, 2.980233659855003e-08, 0.8958001136779785, -0.4444572627544403, 3.352762689701194e-08, 0.4444572925567627, 0.8958000540733337),
            ["LowerTorso"] = CFrame.new(0.19518572092056274, -0.20649683475494385, -0.1961425393819809, 0.6629459261894226, 0.0017064404673874378, 0.7486653327941895, -0.08118347078561783, 0.994264543056488, 0.06962203234434128, -0.744252622127533, -0.10693489015102386, 0.6592822074890137),
            ["Head"] = CFrame.new(4.470348358154297e-08, 3.5762786865234375e-07, -7.450580596923828e-08, 0.6398714780807495, 0.2774006426334381, -0.7166683673858643, -0.25559836626052856, 0.9563055634498596, 0.14194804430007935, 0.7247304320335388, 0.09235074371099472, 0.6828157305717468),
            ["RightUpperArm"] = CFrame.new(-2.384185791015625e-07, -1.1920928955078125e-07, 0, 0.7001321911811829, -0.710193932056427, -0.07375255227088928, 0.25139179825782776, 0.3418649733066559, -0.9055001139640808, 0.6682941317558289, 0.6154290437698364, 0.41788771748542786),
            ["UpperTorso"] = CFrame.new(5.960464477539063e-08, 0.0000012218952178955078, 1.9371509552001953e-07, 0.9820123314857483, -0.04526875540614128, -0.18331025540828705, 0.10785257071256638, 0.9313527345657349, 0.34777870774269104, 0.15498298406600952, -0.3612934350967407, 0.9194821715354919),
            ["HumanoidRootPart"] = CFrame.new(0, 0, 0, 1, 0, 0, 0, 1, 0, 0, 0, 1),
            ["RightHand"] = CFrame.new(-7.301568984985352e-07, 4.172325134277344e-07, 5.960464477539063e-08, 0.7921242713928223, -0.24322888255119324, -0.5598025321960449, 0.16532370448112488, 0.9683835506439209, -0.18681931495666504, 0.5875433683395386, 0.05543552339076996, 0.807291567325592),
            ["LeftUpperArm"] = CFrame.new(-1.1920928955078125e-07, 3.5762786865234375e-07, -7.636845111846924e-08, 0.9658395648002625, 0.2229984551668167, -0.13200686872005463, -0.19703218340873718, 0.9628098607063293, 0.1848660707473755, 0.1683223396539688, -0.1525413990020752, 0.9738576412200928),
            ["RightLowerArm"] = CFrame.new(-5.960464477539063e-08, 6.556510925292969e-07, 2.980232238769531e-07, 1, -7.450581485102248e-09, -2.235172580355993e-08, 1.1175872671742582e-08, 0.9362595677375793, -0.35130932927131653, 4.4703490686970326e-08, 0.35130929946899414, 0.9362594485282898),
            ["LeftHand"] = CFrame.new(-1.9371509552001953e-07, 7.152557373046875e-07, 0, 0.9885958433151245, 0.13968892395496368, 0.05626136437058449, -0.13134364783763885, 0.9825570583343506, -0.13164575397968292, -0.07366947829723358, 0.12275484204292297, 0.9896990656852722),
            ["RightUpperLeg"] = CFrame.new(2.384185791015625e-07, 4.6339118853211403e-07, 2.3672328097745776e-07, 0.8525820374488831, -0.4937237799167633, -0.17129287123680115, 0.2407611608505249, 0.6620059013366699, -0.7097762227058411, 0.4638296663761139, 0.5639015436172485, 0.6832836270332336),
            ["LeftUpperLeg"] = CFrame.new(-1.7881393432617188e-07, 6.675109034404159e-07, 7.450580596923828e-08, 0.9546452164649963, 0.2934882342815399, 0.05017289146780968, -0.24987123906612396, 0.8813279271125793, -0.40103062987327576, -0.16191677749156952, 0.3703051507472992, 0.9146897196769714),
