return {
    ["Daydream"] = {
        {Time = 0.000, Data = {
            ["RightFoot"] = CFrame.new(3.725290298461914e-09, 2.384185791015625e-07, 2.4047039914876223e-08, 0.982712984085083, -0.16453960537910461, -0.0848645493388176, 0.1042541116476059, 0.8706250190734863, -0.48077327013015747, 0.1529913991689682, 0.4636150300502777, 0.8727285861968994),
            ["LeftLowerArm"] = CFrame.new(-0.0000010728836059570312, -2.384185791015625e-07, -5.960464477539063e-08, 1, -3.725287456290971e-08, 4.260798647237607e-08, 5.960464477539063e-08, 0.8114356994628906, -0.5844416618347168, 2.9802322387695312e-08, 0.5844417810440063, 0.8114357590675354),
            ["RightUpperArm"] = CFrame.new(1.1920928955078125e-07, 8.344650268554688e-07, -1.4901161193847656e-08, 0.8507568836212158, 0.37856948375701904, 0.36455172300338745, 0.5185879468917847, -0.7172920107841492, -0.4653589129447937, 0.0853194072842598, 0.5849593281745911, -0.806562602519989),
            ["Head"] = CFrame.new(1.30385160446167e-08, -9.5367431640625e-07, -1.7508864402770996e-07, 0.8498896956443787, -0.30834728479385376, 0.4273282587528229, 0.2867833375930786, 0.9509682059288025, 0.11582297086715698, -0.4420892000198364, 0.02411392517387867, 0.8966469764709473),
            ["RightHand"] = CFrame.new(-1.043081283569336e-07, 7.748603820800781e-07, 1.6391277313232422e-07, 0.7871429324150085, -0.12448501586914062, 0.6040775179862976, 0.2625829577445984, 0.9538623094558716, -0.1455918252468109, -0.5580827593803406, 0.27322205901145935, 0.7835134863853455),
            ["UpperTorso"] = CFrame.new(2.9802322387695312e-08, -2.9802322387695312e-08, -4.470348358154297e-08, 0.9675172567367554, -0.052226025611162186, 0.24735219776630402, 0.07238392531871796, 0.9946936964988708, -0.07310964167118073, -0.24222123622894287, 0.08863915503025055, 0.9661635756492615),
            ["HumanoidRootPart"] = CFrame.new(0, 0, 0, 1, 0, 0, 0, 1, 0, 0, 0, 1),
            ["RightUpperLeg"] = CFrame.new(1.7881393432617188e-07, 1.257285475730896e-07, -7.806374924257398e-08, 0.980056881904602, -0.1986897587776184, -0.0033287249971181154, 0.14777866005897522, 0.7399284839630127, -0.6562525629997253, 0.1328539103269577, 0.6426728963851929, 0.7545339465141296),
            ["LeftUpperArm"] = CFrame.new(-3.5762786865234375e-07, -2.384185791015625e-07, 1.1920928955078125e-07, -0.0011873693438246846, 0.7984456419944763, -0.6020658612251282, -0.31816503405570984, -0.5710817575454712, -0.7567276954650879, -0.9480347037315369, 0.19065788388252258, 0.2547154128551483),
            ["RightLowerArm"] = CFrame.new(1.7881393432617188e-07, 5.960464477539062e-07, -4.023313522338867e-07, 1, -4.0978196835794733e-08, 5.960462345910855e-08, 8.195639367158947e-08, 0.779289186000824, -0.6266646385192871, -1.4901162970204496e-08, 0.6266646385192871, 0.7792891263961792),
            ["LeftHand"] = CFrame.new(-1.1920928955078125e-07, -5.960464477539063e-08, 3.650784492492676e-07, 0.7874494791030884, 0.5985088348388672, 0.1473453938961029, -0.5798250436782837, 0.8003719449043274, -0.1523411124944687, -0.2091086059808731, 0.03452640771865845, 0.9772828221321106),
            ["LeftFoot"] = CFrame.new(2.7939677238464355e-08, -5.960464477539063e-08, -1.1711381375789642e-07, 0.9066775441169739, -0.2797739803791046, 0.31569331884384155, 0.2549270689487457, 0.9596912860870361, 0.11834380030632019, -0.3360776901245117, -0.02682088315486908, 0.9414523839950562),
            ["LowerTorso"] = CFrame.new(0.1864243894815445, -0.08429265022277832, -0.36131173372268677, 0.6745267510414124, 0.3232782185077667, -0.6637054681777954, -0.32073158025741577, 0.9380733966827393, 0.13095667958259583, 0.664939820766449, 0.12453751266002655, 0.7364410758018494),
            ["RightLowerLeg"] = CFrame.new(-4.842877388000488e-08, -0.0001221299171447754, -0.00007772276148898527, 1, -1.4901158351676713e-07, -1.0430815677864302e-07, 1.341104365337742e-07, 0.5157016515731812, 0.8567678928375244, -8.195637946073475e-08, -0.8567683100700378, 0.5157022476196289),
            ["LeftUpperLeg"] = CFrame.new(-1.7881393432617188e-07, 5.811452865600586e-07, -7.450580596923828e-08, 0.6775034070014954, -0.07284166663885117, -0.7319040298461914, -0.017500948160886765, 0.9932058453559875, -0.11504749953746796, 0.7353115081787109, 0.09075411409139633, 0.6716252565383911),
            ["LeftLowerLeg"] = CFrame.new(5.587935447692871e-09, 0.0001226663589477539, 0.00007739383727312088, 1, -1.210719791089332e-08, 6.053592471744196e-08, -3.585591912269592e-08, 0.998009204864502, 0.06306859105825424, -4.190951585769653e-08, -0.06306865811347961, 0.998009204864502),
        }},
        {Time = 0.033, Data = {
            ["RightFoot"] = CFrame.new(-3.725290298461914e-09, 1.7881393432617188e-07, 9.145878721028566e-09, 0.9770848155021667, -0.18029479682445526, -0.11313340812921524, 0.1165180504322052, 0.89786696434021, -0.4245685040950775, 0.1781262904405594, 0.4016575217247009, 0.8982998728752136),
            ["LeftLowerArm"] = CFrame.new(-9.238719940185547e-07, -0.0000015497207641601562, -4.544854164123535e-07, 1, -7.450579175838357e-08, 8.754427938129083e-08, 7.4505820180093e-08, 0.7378590106964111, -0.6749548316001892, 0, 0.674954891204834, 0.7378590703010559),
            ["RightUpperArm"] = CFrame.new(-1.1920928955078125e-07, 1.1920928955078125e-07, -1.1175870895385742e-07, 0.8930193185806274, 0.23108425736427307, 0.3861561417579651, 0.4050961434841156, -0.7865089178085327, -0.4661555588245392, 0.19599395990371704, 0.5727161765098572, -0.7959789633750916),
            ["Head"] = CFrame.new(-9.685754776000977e-08, -2.384185791015625e-07, -2.0116567611694336e-07, 0.88457852602005, -0.2214723378419876, 0.4104519486427307, 0.228516086935997, 0.9729966521263123, 0.032528799027204514, -0.4065726399421692, 0.06502056866884232, 0.911301851272583),
            ["RightHand"] = CFrame.new(-4.0978193283081055e-07, 2.384185791015625e-07, 1.1175870895385742e-07, 0.8093721270561218, -0.09836578369140625, 0.5789999961853027, 0.22534802556037903, 0.9624266624450684, -0.1515035182237625, -0.5423423051834106, 0.253099262714386, 0.8011277914047241),
            ["UpperTorso"] = CFrame.new(2.9802322387695312e-08, -4.76837158203125e-07, 0, 0.9709445238113403, -0.10838217288255692, 0.21335469186306, 0.11411850154399872, 0.9933581352233887, -0.014719638973474503, -0.21034210920333862, 0.03863971680402756, 0.9768639802932739),
            ["HumanoidRootPart"] = CFrame.new(0, 0, 0, 1, 0, 0, 0, 1, 0, 0, 0, 1),
            ["RightUpperLeg"] = CFrame.new(1.7881393432617188e-07, -5.172332748770714e-07, -1.845910446718335e-08, 0.9838567972183228, -0.16014404594898224, -0.07987304776906967, 0.08789844065904617, 0.8212151527404785, -0.5638081431388855, 0.1558835357427597, 0.5476855635643005, 0.8220345377922058),
            ["LeftUpperArm"] = CFrame.new(-4.76837158203125e-07, -3.5762786865234375e-07, 0, 0.03637107461690903, 0.7573645114898682, -0.6519787311553955, -0.24431157112121582, -0.6258749961853027, -0.7406704425811768, -0.9690144658088684, 0.18622495234012604, 0.1622689962387085),
            ["RightLowerArm"] = CFrame.new(-1.1920928955078125e-07, 5.960464477539063e-08, 4.172325134277344e-07, 1, -6.891787762697277e-08, -2.2351734685344127e-08, 8.940699558479537e-08, 0.7042363286018372, -0.7099655866622925, 4.4703497792397684e-08, 0.7099655866622925, 0.7042363882064819),
            ["LeftHand"] = CFrame.new(-3.5762786865234375e-07, -5.960464477539063e-08, 2.384185791015625e-07, 0.7779060006141663, 0.6079837679862976, 0.15880225598812103, -0.6131841540336609, 0.7896953821182251, -0.019662082195281982, -0.13735969364643097, -0.08207975327968597, 0.9871146082878113),
            ["LeftFoot"] = CFrame.new(-1.1525116860866547e-07, 1.1920928955078125e-07, 2.2351741790771484e-08, 0.894960343837738, -0.35858097672462463, 0.26545318961143494, 0.31188157200813293, 0.9282960891723633, 0.20247609913349152, -0.3190234899520874, -0.09841800481081009, 0.9426230192184448),
            ["LowerTorso"] = CFrame.new(0.1971970796585083, -0.045629024505615234, -0.3284071683883667, 0.7263361215591431, 0.27872830629348755, -0.6282884478569031, -0.27816545963287354, 0.9550880193710327, 0.1021321713924408, 0.6285379528999329, 0.10058587044477463, 0.7712474465370178),
            ["RightLowerLeg"] = CFrame.new(-3.725290298461914e-09, -0.0001227259635925293, -0.00007735023245913908, 1, -1.1920930376163597e-07, -4.470348358154297e-08, 1.1920927533992653e-07, 0.6483564972877502, 0.7613364458084106, -2.2351738238057806e-08, -0.7613369822502136, 0.648357093334198),
            ["LeftUpperLeg"] = CFrame.new(-5.960464477539063e-08, 1.5273690223693848e-07, -8.940696716308594e-08, 0.6655623912811279, -0.03976276516914368, -0.7452824115753174, -0.07524646818637848, 0.9899167418479919, -0.1200123131275177, 0.7425394058227539, 0.1359555423259735, 0.6558591723442078),
            ["LeftLowerLeg"] = CFrame.new(-5.972106009721756e-08, 0.0001227259635925293, 0.00007737055420875549, 1, -1.1292287993569516e-08, 5.960464477539063e-08, 1.7171261745829725e-08, 0.9931042194366455, 0.11723533272743225, 1.0244549208948683e-08, -0.11723542213439941, 0.9931042194366455),
        }},
        {Time = 0.067, Data = {
            ["RightFoot"] = CFrame.new(7.450580596923828e-09, 4.76837158203125e-07, -2.0656443666666746e-08, 0.9654932618141174, -0.19587963819503784, -0.17162156105041504, 0.12361986190080643, 0.9247303605079651, -0.3599882423877716, 0.2292182892560959, 0.32635074853897095, 0.9170358180999756),
            ["LeftLowerArm"] = CFrame.new(-5.960464477539062e-07, -3.5762786865234375e-07, -9.387731552124023e-07, 1, -6.705520405603238e-08, 8.754429359214555e-08, 5.960465188081798e-08, 0.6848107576370239, -0.728721022605896, 0, 0.7287209630012512, 0.6848108172416687),
            ["RightUpperArm"] = CFrame.new(-2.384185791015625e-07, 4.76837158203125e-07, -1.1175870895385742e-07, 0.8937501311302185, -0.005136651452630758, 0.4485357403755188, 0.24539700150489807, -0.8314325213432312, -0.49849820137023926, 0.3754880130290985, 0.5556020736694336, -0.741832435131073),
            ["Head"] = CFrame.new(-1.1548399925231934e-07, -2.384185791015625e-07, -1.1920928955078125e-07, 0.9346354007720947, -0.09206812083721161, 0.3434825539588928, 0.11886273324489594, 0.9912304878234863, -0.05773964524269104, -0.33515432476997375, 0.09479276090860367, 0.9373825788497925),
            ["RightHand"] = CFrame.new(-4.172325134277344e-07, -1.1920928955078125e-07, -2.2910535335540771e-07, 0.8767296075820923, -0.05947674810886383, 0.47729218006134033, 0.2079571932554245, 0.9416549205780029, -0.2646505534648895, -0.4337040185928345, 0.331283301115036, 0.837945282459259),
            ["UpperTorso"] = CFrame.new(1.4901161193847656e-08, -4.76837158203125e-07, -7.82310962677002e-08, 0.9756025671958923, -0.16204513609409332, 0.1481255292892456, 0.15066270530223846, 0.9849111437797546, 0.0851515457034111, -0.1596888154745102, -0.0607571080327034, 0.9852959513664246),
            ["HumanoidRootPart"] = CFrame.new(0, 0, 0, 1, 0, 0, 0, 1, 0, 0, 0, 1),
            ["RightUpperLeg"] = CFrame.new(-2.682209014892578e-07, -4.5285560190677643e-07, -5.571200745180249e-08, 0.9881975054740906, -0.08059045672416687, -0.13027280569076538, 0.0246429406106472, 0.9229828119277954, -0.38405150175094604, 0.15119057893753052, 0.376308411359787, 0.9140751957893372),
            ["LeftUpperArm"] = CFrame.new(-2.384185791015625e-07, -1.1920928955078125e-07, 2.9802322387695312e-08, 0.20669673383235931, 0.6461824774742126, -0.7346596121788025, -0.18518441915512085, -0.7114647030830383, -0.6778826117515564, -0.9607201814651489, 0.2761636972427368, -0.02739456668496132),
            ["RightLowerArm"] = CFrame.new(-2.682209014892578e-07, 7.152557373046875e-07, 1.1175870895385742e-07, 1, -6.625487714018163e-08, 4.0978196835794733e-08, 5.960467319710006e-08, 0.675432026386261, -0.7374222874641418, 6.705525379402388e-08, 0.7374222278594971, 0.675432026386261),
            ["LeftHand"] = CFrame.new(-3.2782554626464844e-07, -2.980232238769531e-07, 1.7881393432617188e-07, 0.7162290215492249, 0.6955868601799011, 0.05634726211428642, -0.696293294429779, 0.7068657875061035, 0.12456522136926651, 0.04681595042347908, -0.12845134735107422, 0.9906102418899536),
            ["LeftFoot"] = CFrame.new(0, 5.960464477539063e-08, 5.960464477539063e-08, 0.9090974926948547, -0.3808405101299286, 0.16882666945457458, 0.3487247824668884, 0.9174121022224426, 0.19169241189956665, -0.22788803279399872, -0.11539309471845627, 0.9668256044387817),
            ["LowerTorso"] = CFrame.new(0.2214636504650116, -0.013309717178344727, -0.29550236463546753, 0.8254237771034241, 0.19324326515197754, -0.5304080247879028, -0.21891507506370544, 0.9756321310997009, 0.014774653129279613, 0.5203381180763245, 0.10391897708177567, 0.8476137518882751),
            ["RightLowerLeg"] = CFrame.new(2.2351741790771484e-08, -0.00012218952178955078, -0.00007735023245913908, 1, -7.450581307466564e-08, -1.0430816388407038e-07, 8.195638656616211e-08, 0.7775148749351501, 0.6288644671440125, -7.450580596923828e-08, -0.6288647055625916, 0.7775149941444397),
            ["LeftUpperLeg"] = CFrame.new(-1.7881393432617188e-07, 2.384185791015625e-07, -1.1734664440155029e-07, 0.7784061431884766, -0.163621187210083, -0.6060627698898315, -0.07502450048923492, 0.9342688322067261, -0.3485873341560364, 0.6232616901397705, 0.3168121874332428, 0.7149649262428284),
            ["LeftLowerLeg"] = CFrame.new(-8.009374141693115e-08, 0.00012248754501342773, 0.00007734447717666626, 1, 8.940691031966708e-08, -2.2351748896198842e-08, -5.587935447692871e-08, 0.858385443687439, 0.513005793094635, -5.21540641784668e-08, -0.513005256652832, 0.8583852052688599),
        }},
        {Time = 0.100, Data = {
            ["RightFoot"] = CFrame.new(1.1175870895385742e-08, 4.172325134277344e-07, 2.4047039914876223e-08, 0.9637693166732788, -0.20911496877670288, -0.16558873653411865, 0.1537843495607376, 0.9428475499153137, -0.2956157326698303, 0.21794284880161285, 0.2594408392906189, 0.9408462643623352),
            ["LeftLowerArm"] = CFrame.new(-0.0000011026859283447266, -7.152557373046875e-07, -2.9802322387695312e-08, 1, -8.940696716308594e-08, 6.332993507385254e-08, 2.980233659855003e-08, 0.7301492094993591, -0.6832877397537231, 0, 0.6832877993583679, 0.7301492094993591),
            ["RightUpperArm"] = CFrame.new(-3.5762786865234375e-07, 0.0000010728836059570312, -6.612390279769897e-08, 0.780892550945282, -0.2554032504558563, 0.5700666904449463, 0.16698187589645386, -0.7940377593040466, -0.5844836831092834, 0.6019335985183716, 0.5516096949577332, -0.5774105191230774),
            ["Head"] = CFrame.new(1.4901161193847656e-08, -7.152557373046875e-07, -1.7881393432617188e-07, 0.966891884803772, 0.05860430747270584, 0.24836628139019012, -0.0368671640753746, 0.995141863822937, -0.0912887305021286, -0.25250962376594543, 0.07910975068807602, 0.9643549919128418),
            ["RightHand"] = CFrame.new(9.313225746154785e-08, 8.344650268554688e-07, -8.568167686462402e-08, 0.9622677564620972, -0.12630528211593628, 0.24101412296295166, 0.20147252082824707, 0.9260637760162354, -0.31908413767814636, -0.1828923374414444, 0.35560211539268494, 0.9165683388710022),
            ["UpperTorso"] = CFrame.new(-9.685754776000977e-08, -2.682209014892578e-07, 7.450580596923828e-09, 0.9759151935577393, -0.20307274162769318, 0.07969383150339127, 0.19015070796012878, 0.9709138870239258, 0.14549599587917328, -0.10692205280065536, -0.12683787941932678, 0.9861440062522888),
            ["HumanoidRootPart"] = CFrame.new(0, 0, 0, 1, 0, 0, 0, 1, 0, 0, 0, 1),
            ["RightUpperLeg"] = CFrame.new(-8.940696716308594e-08, -2.1979212760925293e-07, -3.149762051180005e-08, 0.9916872382164001, -0.004619999788701534, -0.12858955562114716, -0.024830900132656097, 0.9736992716789246, -0.22648003697395325, 0.12625348567962646, 0.2277902066707611, 0.9654903411865234),
            ["LeftUpperArm"] = CFrame.new(-2.384185791015625e-07, 3.5762786865234375e-07, 5.960464477539063e-08, 0.39699387550354004, 0.460986852645874, -0.7936541438102722, -0.23210693895816803, -0.7861832976341248, -0.5727497935295105, -0.8879878520965576, 0.4115907549858093, -0.20511190593242645),
            ["RightLowerArm"] = CFrame.new(1.7881393432617188e-07, -0.0000010132789611816406, 3.6694109439849854e-07, 1, -4.4703490686970326e-08, 5.774199962615967e-08, 5.96046660916727e-08, 0.7175031900405884, -0.6965551376342773, 7.450583439094771e-08, 0.6965551376342773, 0.7175033092498779),
            ["LeftHand"] = CFrame.new(-1.7881393432617188e-07, 6.556510925292969e-07, 3.5762786865234375e-07, 0.7776563167572021, 0.6230489611625671, -0.0840282142162323, -0.6229849457740784, 0.7816503643989563, 0.030208207666873932, 0.08450181037187576, 0.02885671705007553, 0.9960054755210876),
            ["LeftFoot"] = CFrame.new(8.195638656616211e-08, 1.1920928955078125e-07, -5.960464477539063e-08, 0.9446651339530945, -0.3208955228328705, 0.0680726021528244, 0.2818751037120819, 0.9002068042755127, 0.3319256603717804, -0.1677929013967514, -0.2943704128265381, 0.9408462047576904),
            ["LowerTorso"] = CFrame.new(0.25067612528800964, 0.0026924610137939453, -0.2707098424434662, 0.9038594365119934, 0.13301873207092285, -0.4066254496574402, -0.17341765761375427, 0.9827675819396973, -0.06398681551218033, 0.39110687375068665, 0.128351092338562, 0.9113515615463257),
            ["RightLowerLeg"] = CFrame.new(0, -0.00012242794036865234, -0.00007735023245913908, 1, -5.960463766996327e-08, -1.4901162970204496e-08, 7.450580596923828e-08, 0.8581188917160034, 0.5134508013725281, 0, -0.513451099395752, 0.858119010925293),
            ["LeftUpperLeg"] = CFrame.new(-3.5762786865234375e-07, 1.0803341865539551e-07, 2.9802322387695312e-08, 0.9307172298431396, -0.2301143854856491, -0.28427615761756897, -0.007619460113346577, 0.7648952603340149, -0.6441096067428589, 0.3656601905822754, 0.6016499400138855, 0.7101479172706604),
            ["LeftLowerLeg"] = CFrame.new(4.470348358154297e-08, 0.00012284517288208008, 0.0000772625207901001, 1, 3.725289943190546e-08, 7.450577044210149e-08, -1.1920928955078125e-07, 0.5342344641685486, 0.8453361392021179, 7.450580596923828e-09, -0.845336377620697, 0.5342349410057068),
        }},
        {Time = 0.133, Data = {
            ["RightFoot"] = CFrame.new(2.9802322387695312e-08, 5.364418029785156e-07, -9.480572771281004e-09, 0.964492917060852, -0.22431130707263947, -0.13941961526870728, 0.19065459072589874, 0.9566410183906555, -0.22020137310028076, 0.18276815116405487, 0.1858019381761551, 0.9654395580291748),
            ["LeftLowerArm"] = CFrame.new(-8.046627044677734e-07, -1.1920928955078125e-07, -3.5762786865234375e-07, 1, -5.9604616353681195e-08, 1.5832481992106295e-08, 4.4703490686970326e-08, 0.838319718837738, -0.5451788902282715, 2.980232594040899e-08, 0.5451788902282715, 0.8383197784423828),
            ["RightUpperArm"] = CFrame.new(-1.1920928955078125e-07, 8.344650268554688e-07, -6.891787052154541e-08, 0.6918573379516602, -0.40868905186653137, 0.5952364802360535, 0.13033346831798553, -0.7401577830314636, -0.6596815586090088, 0.7101737856864929, 0.5339847207069397, -0.45881780982017517),
            ["Head"] = CFrame.new(-8.940696716308594e-08, -0.0000010728836059570312, -1.8998980522155762e-07, 0.9547185301780701, 0.22786037623882294, 0.1912911981344223, -0.20434831082820892, 0.9695436954498291, -0.1350066065788269, -0.21622782945632935, 0.08980325609445572, 0.9722041487693787),
            ["RightHand"] = CFrame.new(-2.9802322387695312e-08, 9.5367431640625e-07, -2.0489096641540527e-07, 0.9786465764045715, -0.20329450070858002, -0.030370425432920456, 0.1712777018547058, 0.8882082104682922, -0.4263216257095337, 0.11364411562681198, 0.4120164215564728, 0.9040617346763611),
            ["UpperTorso"] = CFrame.new(9.313225746154785e-09, -2.980232238769531e-07, -3.725290298461914e-08, 0.9790579080581665, -0.19915539026260376, 0.04222378507256508, 0.19065238535404205, 0.969675600528717, 0.15290872752666473, -0.07139594852924347, -0.14165641367435455, 0.9873379468917847),
            ["HumanoidRootPart"] = CFrame.new(0, 0, 0, 1, 0, 0, 0, 1, 0, 0, 0, 1),
            ["RightUpperLeg"] = CFrame.new(-5.960464477539063e-08, -2.300366759300232e-07, -1.3580574886873364e-07, 0.9921347498893738, 0.10160132497549057, -0.07311512529850006, -0.1096971333026886, 0.9870675206184387, -0.11689451336860657, 0.06029295548796654, 0.12399555742740631, 0.9904493093490601),
            ["LeftUpperArm"] = CFrame.new(-3.5762786865234375e-07, 4.76837158203125e-07, 0, 0.5024780631065369, 0.2512495219707489, -0.8272783160209656, -0.3335776627063751, -0.8264217972755432, -0.45360010862350464, -0.7976477146148682, 0.5038856863975525, -0.3314477205276489),
            ["RightLowerArm"] = CFrame.new(-7.450580596923828e-07, 0.0000013709068298339844, 5.159527063369751e-07, 1, -2.980232949312267e-08, -1.862644971595273e-08, 5.96046660916727e-08, 0.8605878949165344, -0.5093020796775818, -1.4901166522918174e-08, 0.5093020796775818, 0.8605877757072449),
            ["LeftHand"] = CFrame.new(-2.384185791015625e-07, 5.960464477539063e-08, 4.172325134277344e-07, 0.8820741772651672, 0.39962050318717957, -0.24949678778648376, -0.44759950041770935, 0.876093864440918, -0.17920444905757904, 0.146968811750412, 0.2697462737560272, 0.9516497254371643),
            ["LeftFoot"] = CFrame.new(-6.332993507385254e-08, -1.7881393432617188e-07, 2.3283064365386963e-08, 0.9728345274925232, -0.22835379838943481, 0.038045935332775116, 0.17805276811122894, 0.843087375164032, 0.5074456930160522, -0.14795327186584473, -0.48688629269599915, 0.8608434796333313),
            ["LowerTorso"] = CFrame.new(0.2834036350250244, -0.014868021011352539, -0.25785624980926514, 0.9420122504234314, 0.06781955063343048, -0.32865431904792786, -0.10678165405988693, 0.9890397787094116, -0.10197155177593231, 0.3181364834308624, 0.1311526894569397, 0.9389293789863586),
            ["RightLowerLeg"] = CFrame.new(-7.450580596923828e-09, -0.00012254714965820312, -0.0000772012208472006, 1, -4.8428763221863846e-08, -1.862645504502325e-08, 5.21540641784668e-08, 0.9167001843452454, 0.399575799703598, 0, -0.3995758593082428, 0.9167002439498901),
            ["LeftUpperLeg"] = CFrame.new(-2.980232238769531e-07, 3.650784492492676e-07, -1.0058283805847168e-07, 0.9938899874687195, -0.10240186005830765, 0.04118987172842026, 0.09045086801052094, 0.5417666435241699, -0.8356481194496155, 0.06325647234916687, 0.8342678546905518, 0.5477187037467957),
            ["LeftLowerLeg"] = CFrame.new(-2.9802322387695312e-08, 0.00012236833572387695, 0.00007734633982181549, 1, 9.872017869838601e-08, 1.1548401346317405e-07, -8.288770203535023e-08, 0.20648714900016785, 0.9784493446350098, 4.284083487959833e-08, -0.9784493446350098, 0.20648732781410217),
        }},
        {Time = 0.167, Data = {
            ["RightFoot"] = CFrame.new(-3.3527612686157227e-08, 3.5762786865234375e-07, 3.149762051180005e-08, 0.9625672698020935, -0.2416861653327942, -0.12268617004156113, 0.21420232951641083, 0.9556663632392883, -0.20203806459903717, 0.1660771518945694, 0.16819581389427185, 0.9716629385948181),
            ["LeftLowerArm"] = CFrame.new(-4.470348358154297e-07, 8.940696716308594e-07, -2.9802322387695312e-08, 1, -2.980230462412692e-08, 4.470347647611561e-08, 6.239862671009178e-08, 0.9440187215805054, -0.32989194989204407, 0, 0.3298918902873993, 0.9440187215805054),
            ["RightUpperArm"] = CFrame.new(-2.980232238769531e-07, 0.0000010728836059570312, -1.043081283569336e-07, 0.6266213059425354, -0.6113705635070801, 0.4832927882671356, 0.03621809557080269, -0.5966280698776245, -0.8017002940177917, 0.7784818410873413, 0.519866406917572, -0.3517172038555145),
            ["Head"] = CFrame.new(1.1920928955078125e-07, -2.384185791015625e-07, -1.5273690223693848e-07, 0.9232274889945984, 0.3687058985233307, 0.10819884389638901, -0.34098324179649353, 0.9159280061721802, -0.21167536079883575, -0.17714841663837433, 0.15853047370910645, 0.9713324308395386),
            ["RightHand"] = CFrame.new(-1.7136335372924805e-07, 8.940696716308594e-07, -1.2665987014770508e-07, 0.9623426795005798, -0.20401905477046967, -0.17964644730091095, 0.10413125157356262, 0.8871137499809265, -0.44965097308158875, 0.25110405683517456, 0.41401147842407227, 0.8749521374702454),
            ["UpperTorso"] = CFrame.new(3.725290298461914e-09, -2.980232238769531e-07, -8.195638656616211e-08, 0.9864141345024109, -0.16343460977077484, 0.016625873744487762, 0.15895426273345947, 0.975102424621582, 0.1546248495578766, -0.041482824832201004, -0.14988140761852264, 0.9878333806991577),
            ["HumanoidRootPart"] = CFrame.new(0, 0, 0, 1, 0, 0, 0, 1, 0, 0, 0, 1),
            ["RightUpperLeg"] = CFrame.new(-1.4901161193847656e-07, -9.124632924795151e-07, -1.5815749065950513e-07, 0.9775866270065308, 0.1978110373020172, -0.07207801192998886, -0.20256692171096802, 0.9770420789718628, -0.06599597632884979, 0.05736852064728737, 0.07911739498376846, 0.9952132105827332),
            ["LeftUpperArm"] = CFrame.new(-2.384185791015625e-07, 1.1920928955078125e-07, 0, 0.5347056984901428, 0.04416472464799881, -0.8438833951950073, -0.43321236968040466, -0.8430954217910767, -0.31861770153045654, -0.7255459427833557, 0.5359473824501038, -0.43167543411254883),
            ["RightLowerArm"] = CFrame.new(2.980232238769531e-07, -4.172325134277344e-07, 3.7066638469696045e-07, 1, -1.4901166522918174e-08, 2.2351736461700966e-08, -2.235175244891252e-08, 0.9183470010757446, -0.39577630162239075, 7.450584149637507e-09, 0.3957764208316803, 0.9183469414710999),
            ["LeftHand"] = CFrame.new(-1.7881393432617188e-07, 0.0000010728836059570312, 4.172325134277344e-07, 0.927400529384613, 0.18724536895751953, -0.32383260130882263, -0.31352585554122925, 0.8612770438194275, -0.39987921714782715, 0.2040340155363083, 0.472378134727478, 0.8574550151824951),
            ["LeftFoot"] = CFrame.new(4.470348358154297e-08, 0, 2.9802322387695312e-08, 0.9642848372459412, -0.24837271869182587, 0.09200996905565262, 0.14786690473556519, 0.7930123209953308, 0.5909879207611084, -0.21975058317184448, -0.5562756061553955, 0.8014160394668579),
            ["LowerTorso"] = CFrame.new(0.31546106934547424, -0.05811572074890137, -0.2542889714241028, 0.9627380967140198, -0.0022818678990006447, -0.27042609453201294, -0.030286656692624092, 0.9927640557289124, -0.11619987338781357, 0.2687344253063202, 0.12006034702062607, 0.955702543258667),
            ["RightLowerLeg"] = CFrame.new(-5.21540641784668e-08, -0.00012242794036865234, -0.00007733533129794523, 1, -6.519256601222878e-08, -5.5879368687783426e-08, 9.685754776000977e-08, 0.9357806444168091, 0.3525824546813965, -7.450580596923828e-09, -0.3525826036930084, 0.9357808828353882),
            ["LeftUpperLeg"] = CFrame.new(-1.7881393432617188e-07, -6.203772500157356e-07, -1.2665987014770508e-07, 0.9624203443527222, 0.033111780881881714, 0.2695382833480835, 0.24240683019161224, 0.34267565608024597, -0.9076409339904785, -0.1224176436662674, 0.9388700723648071, 0.32177191972732544),
            ["LeftLowerLeg"] = CFrame.new(0, 0.00012296438217163086, 0.00007741199806332588, 1, 7.078052277620372e-08, 1.30385160446167e-07, -8.56816981809061e-08, -0.029285524040460587, 0.9995710849761963, 8.56816981809061e-08, -0.9995711445808411, -0.029285501688718796),
        }},
        {Time = 0.200, Data = {
            ["RightFoot"] = CFrame.new(2.2351741790771484e-08, 2.384185791015625e-07, 2.4047039914876223e-08, 0.9585465788841248, -0.2589847445487976, -0.1188078373670578, 0.22729583084583282, 0.9464467167854309, -0.22929280996322632, 0.1718287467956543, 0.19278346002101898, 0.9660795331001282),
            ["LeftLowerArm"] = CFrame.new(-2.9802322387695312e-08, 4.76837158203125e-07, 0, 1, -2.9802308176840597e-08, 2.2351734685344127e-08, -1.4901162970204496e-08, 0.9546652436256409, -0.2976815700531006, -1.4901162970204496e-08, 0.297681599855423, 0.9546652436256409),
            ["RightUpperArm"] = CFrame.new(1.1920928955078125e-07, 1.1920928955078125e-07, -8.754432201385498e-08, 0.5228821635246277, -0.7916589975357056, 0.3160225749015808, -0.015686413273215294, -0.37961623072624207, -0.9250110983848572, 0.8522607088088989, 0.47871461510658264, -0.21091294288635254),
            ["Head"] = CFrame.new(-8.195638656616211e-08, -0.0000010728836059570312, -1.7136335372924805e-07, 0.8998400568962097, 0.42690563201904297, 0.0896628275513649, -0.4024294912815094, 0.8917324542999268, -0.20703627169132233, -0.16834019124507904, 0.15021653473377228, 0.9742159247398376),
            ["RightHand"] = CFrame.new(-3.688037395477295e-07, 2.980232238769531e-07, 1.1548399925231934e-07, 0.975038468837738, -0.16468748450279236, -0.14892306923866272, 0.10508062690496445, 0.9331100583076477, -0.3438950479030609, 0.1955968141555786, 0.3196620047092438, 0.9271236062049866),
            ["UpperTorso"] = CFrame.new(0, 1.4901161193847656e-07, -9.685754776000977e-08, 0.9928399324417114, -0.1191205084323883, 0.008907957002520561, 0.11709704250097275, 0.9852852821350098, 0.12450424581766129, -0.023607809096574783, -0.1225697323679924, 0.9921791553497314),
            ["HumanoidRootPart"] = CFrame.new(0, 0, 0, 1, 0, 0, 0, 1, 0, 0, 0, 1),
            ["RightUpperLeg"] = CFrame.new(5.960464477539063e-08, -4.330649971961975e-07, -1.3580574886873364e-07, 0.95694899559021, 0.26857590675354004, -0.1100701093673706, -0.27431222796440125, 0.9607872366905212, -0.0405055433511734, 0.09487520158290863, 0.06895530223846436, 0.9930981993675232),
            ["LeftUpperArm"] = CFrame.new(-3.5762786865234375e-07, -2.384185791015625e-07, 3.166496753692627e-08, 0.5488924980163574, -0.05859742313623428, -0.8338366150856018, -0.5575990676879883, -0.7688300609588623, -0.31302350759506226, -0.6227362155914307, 0.6367627382278442, -0.4546789526939392),
            ["RightLowerArm"] = CFrame.new(-8.940696716308594e-08, -7.152557373046875e-07, 3.1851232051849365e-07, 1, -3.72529100900465e-08, 3.7252898543727042e-09, 2.23517560016262e-08, 0.9237362742424011, -0.38302916288375854, 3.725292518907963e-09, 0.38302913308143616, 0.9237362742424011),
            ["LeftHand"] = CFrame.new(3.8743019104003906e-07, 4.76837158203125e-07, 2.980232238769531e-07, 0.8915004730224609, 0.28295981884002686, -0.3537805378437042, -0.39899465441703796, 0.8602783679962158, -0.3173713684082031, 0.21454639732837677, 0.4240931570529938, 0.8798379898071289),
            ["LeftFoot"] = CFrame.new(4.470348358154297e-08, 1.1920928955078125e-07, 2.2351741790771484e-08, 0.9035349488258362, -0.2713989317417145, 0.33161261677742004, 0.010973289608955383, 0.7882669568061829, 0.6152356863021851, -0.4283739924430847, -0.5522480010986328, 0.7152049541473389),
            ["LowerTorso"] = CFrame.new(0.34422340989112854, -0.1005244255065918, -0.2571742534637451, 0.9698799252510071, -0.06018240377306938, -0.23603220283985138, 0.03241657838225365, 0.9922686219215393, -0.11980113387107849, 0.2414172738790512, 0.10854136198759079, 0.9643321633338928),
            ["RightLowerLeg"] = CFrame.new(-2.9802322387695312e-08, -0.00012236833572387695, -0.00007743963942630216, 1, -2.0489101970611046e-08, -7.823112468940963e-08, 5.960464477539063e-08, 0.935868501663208, 0.3523494601249695, -4.0978193283081055e-08, -0.3523496389389038, 0.9358686208724976),
            ["LeftUpperLeg"] = CFrame.new(-2.384185791015625e-07, 4.377216100692749e-07, -2.4959444999694824e-07, 0.9053612947463989, 0.07432695478200912, 0.4180869460105896, 0.38317057490348816, 0.281383216381073, -0.8797746300697327, -0.1830335110425949, 0.9567126035690308, 0.2262740135192871),
            ["LeftLowerLeg"] = CFrame.new(8.731149137020111e-08, 0.0001227855682373047, 0.00007740619184914976, 1, 1.6763806343078613e-07, 8.940696716308594e-08, -1.1175869474300271e-07, -0.07642984390258789, 0.9970750212669373, 1.247972107876194e-07, -0.9970749616622925, -0.07642975449562073),
        }},
        {Time = 0.233, Data = {
            ["RightFoot"] = CFrame.new(7.450580596923828e-09, 3.5762786865234375e-07, 3.894820110872388e-08, 0.9566515684127808, -0.266083300113678, -0.11839540302753448, 0.23160463571548462, 0.9415460824966431, -0.24464291334152222, 0.17657022178173065, 0.20661751925945282, 0.9623576998710632),
            ["LeftLowerArm"] = CFrame.new(-0.0000012218952178955078, 4.76837158203125e-07, 1.7881393432617188e-07, 1, -5.960463766996327e-08, -5.960464477539063e-08, 2.980233304583635e-08, 0.9103445410728455, -0.413851261138916, 0, 0.41385120153427124, 0.9103446006774902),
            ["RightUpperArm"] = CFrame.new(-2.384185791015625e-07, 0, -1.1827796697616577e-07, 0.3970448076725006, -0.90181964635849, 0.17051911354064941, 0.010158413089811802, -0.18146193027496338, -0.9833455085754395, 0.9177431464195251, 0.3921644985675812, -0.0628875270485878),
            ["Head"] = CFrame.new(-2.2910535335540771e-07, -8.344650268554688e-07, -1.778826117515564e-07, 0.8835846781730652, 0.46390020847320557, 0.0638347789645195, -0.4517051577568054, 0.8803076148033142, -0.1449865996837616, -0.12345357984304428, 0.0992734506726265, 0.9873723387718201),
            ["RightHand"] = CFrame.new(-1.7881393432617188e-07, 2.384185791015625e-07, 5.327165126800537e-07, 0.9851111769676208, -0.14662107825279236, -0.08976782858371735, 0.13392037153244019, 0.9818776845932007, -0.13409554958343506, 0.10780223459005356, 0.12007727473974228, 0.9868941903114319),
            ["UpperTorso"] = CFrame.new(4.470348358154297e-08, -2.9802322387695312e-08, -5.21540641784668e-08, 0.9974080324172974, -0.07181072980165482, 0.004517984110862017, 0.07117775827646255, 0.9939090013504028, 0.08413511514663696, -0.010532203130424023, -0.08359548449516296, 0.9964441061019897),
            ["HumanoidRootPart"] = CFrame.new(0, 0, 0, 1, 0, 0, 0, 1, 0, 0, 0, 1),
            ["RightUpperLeg"] = CFrame.new(1.1920928955078125e-07, -7.152557373046875e-07, -1.6560807125642896e-07, 0.9309720396995544, 0.3379220962524414, -0.13820195198059082, -0.34409335255622864, 0.9386591911315918, -0.022775335237383842, 0.1220281720161438, 0.06875740736722946, 0.9901421666145325),
            ["LeftUpperArm"] = CFrame.new(-4.76837158203125e-07, -4.76837158203125e-07, -1.4901161193847656e-08, 0.5539306402206421, -0.14346173405647278, -0.8201094269752502, -0.7086535692214966, -0.5982809662818909, -0.3739921748638153, -0.4370023012161255, 0.7883391380310059, -0.4330708384513855),
            ["RightLowerArm"] = CFrame.new(-5.960464477539063e-08, 4.172325134277344e-07, -2.444721758365631e-07, 1, 3.725290742551124e-09, -7.450578820566989e-09, 4.284084198502569e-08, 0.934037983417511, -0.3571736216545105, 3.725290742551124e-09, 0.3571736514568329, 0.934037983417511),
            ["LeftHand"] = CFrame.new(-6.258487701416016e-07, 1.1920928955078125e-07, 2.086162567138672e-07, 0.7957878708839417, 0.4344930946826935, -0.4218263626098633, -0.5299660563468933, 0.8367236256599426, -0.13794739544391632, 0.2930150330066681, 0.33333057165145874, 0.8961212038993835),
            ["LeftFoot"] = CFrame.new(-5.21540641784668e-08, 5.960464477539063e-08, -6.705522537231445e-08, 0.8279503583908081, -0.2479797601699829, 0.5029952526092529, -0.10297001898288727, 0.8144510388374329, 0.5710227489471436, -0.551267147064209, -0.5245718359947205, 0.6487903594970703),
            ["LowerTorso"] = CFrame.new(0.36164310574531555, -0.14003539085388184, -0.2629992961883545, 0.9698143005371094, -0.1251935213804245, -0.2092532068490982, 0.10176566243171692, 0.987636148929596, -0.11924239993095398, 0.22159439325332642, 0.09434819966554642, 0.9705639481544495),
            ["RightLowerLeg"] = CFrame.new(-6.705522537231445e-08, -0.00012236833572387695, -0.00007724592433078215, 1, -5.9604616353681195e-08, -4.4703494239684005e-08, 4.4703490686970326e-08, 0.9334234595298767, 0.3587767481803894, -1.4901162970204496e-08, -0.35877668857574463, 0.9334234595298767),
            ["LeftUpperLeg"] = CFrame.new(-2.384185791015625e-07, -5.681067705154419e-08, -2.1420419216156006e-07, 0.855376660823822, 0.07765679061412811, 0.5121529698371887, 0.4778628349304199, 0.26333120465278625, -0.8380354642868042, -0.19994476437568665, 0.9615747928619385, 0.18813788890838623),
            ["LeftLowerLeg"] = CFrame.new(-7.776543498039246e-08, 0.00012254714965820312, 0.00007733236998319626, 1, -2.3283059036316445e-08, 7.82310962677002e-08, -6.70552182668871e-08, -0.07360684871673584, 0.997287392616272, 1.2107191693644381e-08, -0.9972873330116272, -0.07360687106847763),
        }},
        {Time = 0.267, Data = {
            ["RightFoot"] = CFrame.new(-2.9802322387695312e-08, 2.384185791015625e-07, -9.480572771281004e-09, 0.9573978185653687, -0.2637369632720947, -0.11761056631803513, 0.23142586648464203, 0.9443495869636536, -0.2337644398212433, 0.17271782457828522, 0.19658765196800232, 0.9651539325714111),
            ["LeftLowerArm"] = CFrame.new(-0.0000010132789611816406, 0, 1.4901161193847656e-07, 1, -4.842874545829545e-08, 3.7252885221050747e-08, 8.195639367158947e-08, 0.7981879115104675, -0.6024085879325867, 1.005828522693264e-07, 0.6024085879325867, 0.7981879115104675),
            ["RightUpperArm"] = CFrame.new(0, 7.152557373046875e-07, -1.341104507446289e-07, 0.31409722566604614, -0.9493003487586975, -0.0131114786490798, 0.037441350519657135, 0.026185596361756325, -0.9989557266235352, 0.9486522674560547, 0.31327834725379944, 0.04376788064837456),
            ["Head"] = CFrame.new(-3.818422555923462e-08, -4.76837158203125e-07, -2.3853499442338943e-07, 0.892727792263031, 0.44800859689712524, 0.04822327941656113, -0.4431114196777344, 0.8922819495201111, -0.08651825040578842, -0.08178973942995071, 0.05586893483996391, 0.9950824975967407),
            ["RightHand"] = CFrame.new(-1.4901161193847656e-07, 0.0000010728836059570312, -3.8836151361465454e-07, 0.9892247319221497, -0.13617023825645447, -0.053779684007167816, 0.1397401988506317, 0.9877539277076721, 0.06938944011926651, 0.04367233067750931, -0.07615690678358078, 0.9961389899253845),
            ["UpperTorso"] = CFrame.new(-5.960464477539063e-08, 3.8743019104003906e-07, -5.21540641784668e-08, 0.9994467496871948, -0.033244941383600235, 0.0010875791776925325, 0.03315136209130287, 0.9982397556304932, 0.04917718470096588, -0.002720486605539918, -0.049113932996988297, 0.9987895488739014),
            ["HumanoidRootPart"] = CFrame.new(0, 0, 0, 1, 0, 0, 0, 1, 0, 0, 0, 1),
            ["RightUpperLeg"] = CFrame.new(1.7881393432617188e-07, 3.91155481338501e-08, -1.9541039364412427e-07, 0.9128393530845642, 0.3819257915019989, -0.14441898465156555, -0.38492441177368164, 0.922916054725647, 0.007695529609918594, 0.13622573018074036, 0.04856542870402336, 0.9894867539405823),
            ["LeftUpperArm"] = CFrame.new(-2.384185791015625e-07, 4.76837158203125e-07, -1.4901161193847656e-08, 0.5561037063598633, -0.15723727643489838, -0.8161036968231201, -0.8055762648582458, -0.3435167074203491, -0.4827454090118408, -0.2044396549463272, 0.925890326499939, -0.3176974654197693),
            ["RightLowerArm"] = CFrame.new(-1.1920928955078125e-07, 1.7881393432617188e-07, -3.334134817123413e-07, 1, -2.6077039194660756e-08, 7.450578820566989e-09, 3.352762689701194e-08, 0.9338539242744446, -0.3576548993587494, 5.58793811222813e-09, 0.3576549291610718, 0.9338538646697998),
            ["LeftHand"] = CFrame.new(-2.980232238769531e-07, -1.1920928955078125e-07, 2.384185791015625e-07, 0.8108044266700745, 0.3436499238014221, -0.4738151729106903, -0.48408204317092896, 0.8487563729286194, -0.21278499066829681, 0.32903000712394714, 0.40189245343208313, 0.8545300960540771),
            ["LeftFoot"] = CFrame.new(-6.51925802230835e-09, 1.1920928955078125e-07, 7.450580596923828e-08, 0.8129787445068359, -0.10753142833709717, 0.5722782015800476, -0.2505861520767212, 0.8225321173667908, 0.5105368494987488, -0.5256159901618958, -0.5584604144096375, 0.6417554020881653),
