return {
    ["Daywalker's Kata"] = {
        {Time = 0.000, Data = {
            ["LeftLowerArm"] = CFrame.new(-0.0000015497207641601562, 7.152557373046875e-07, -2.980232238769531e-07, 1, 7.450581485102248e-09, -5.21540464148984e-08, 3.725290653733282e-08, 0.8951078653335571, -0.44584980607032776, 4.4703490686970326e-08, 0.44584983587265015, 0.8951078653335571),
            ["LeftFoot"] = CFrame.new(-5.587935447692871e-08, -5.960464477539063e-08, -9.872019290924072e-08, 0.9911192059516907, -0.1325412392616272, -0.01074969582259655, 0.1329273283481598, 0.985315203666687, 0.10716476291418076, -0.0036118896678090096, -0.10764249414205551, 0.9941831827163696),
            ["RightHand"] = CFrame.new(-2.384185791015625e-07, 4.76837158203125e-07, -3.2782554626464844e-07, 0.9981685876846313, 0.00022074949811212718, -0.06049349159002304, 0.012304309755563736, 0.978348970413208, 0.20659613609313965, 0.059229373931884766, -0.20696212351322174, 0.9765544533729553),
            ["HumanoidRootPart"] = CFrame.new(0, 0, 0, 1, 0, 0, 0, 1, 0, 0, 0, 1),
            ["RightLowerLeg"] = CFrame.new(7.450580596923828e-08, -0.00012236833572387695, -0.00007739493594272062, 1, -6.705524668859653e-08, 0, 9.965153680013827e-08, 0.8462810516357422, 0.53273606300354, 2.6077039194660756e-08, -0.5327367782592773, 0.8462814688682556),
            ["RightFoot"] = CFrame.new(-3.725290298461914e-09, 2.384185791015625e-07, 1.6952981241047382e-09, 0.9874094128608704, 0.15814687311649323, 0.003516430500894785, -0.1416618973016739, 0.8939401507377625, -0.4252091348171234, -0.07038949429988861, 0.4193572402000427, 0.9050884246826172),
            ["LeftLowerLeg"] = CFrame.new(-3.725290298461914e-08, 0.00012254714965820312, 0.00007756054401397705, 1, 3.539022941367875e-08, -7.450586814172766e-09, -4.470347647611561e-08, 0.9348342418670654, 0.35508519411087036, 0, -0.3550846576690674, 0.9348339438438416),
            ["RightUpperArm"] = CFrame.new(0, 3.5762786865234375e-07, -2.5331974029541016e-07, 0.9462828040122986, -0.32123321294784546, -0.03685261681675911, 0.3232225477695465, 0.9428481459617615, 0.08102204650640488, 0.008719414472579956, -0.08858134597539902, 0.9960308074951172),
            ["Head"] = CFrame.new(-2.60770320892334e-08, -3.5762786865234375e-07, 4.4889748096466064e-07, 0.9174755215644836, 0.013738417066633701, 0.3975549340248108, -0.006608264986425638, 0.9997919201850891, -0.019299382343888283, -0.39773738384246826, 0.015079658478498459, 0.9173754453659058),
            ["UpperTorso"] = CFrame.new(-1.7462298274040222e-09, 2.384185791015625e-07, 3.725290298461914e-09, 0.9902277588844299, 0.029848305508494377, -0.13622868061065674, -0.0024531676899641752, 0.9804046154022217, 0.19697919487953186, 0.13943874835968018, -0.1947200447320938, 0.9708970189094543),
            ["LeftUpperArm"] = CFrame.new(0, 5.960464477539062e-07, 2.682209014892578e-07, 0.8550663590431213, 0.3938819468021393, -0.33722198009490967, -0.38861149549484253, 0.9173671007156372, 0.08613239973783493, 0.3432822823524475, 0.05739935487508774, 0.9374767541885376),
            ["RightLowerArm"] = CFrame.new(0.0000016093254089355469, 5.960464477539062e-07, -8.940696716308594e-07, 1, -7.078052277620372e-08, 4.470347647611561e-08, 4.470350489782504e-08, 0.8691506385803223, -0.4945474863052368, 3.7252920748187535e-08, 0.49454742670059204, 0.869150698184967),
            ["LeftHand"] = CFrame.new(-5.960464477539063e-08, -5.364418029785156e-07, -1.0244548320770264e-07, 0.9953333735466003, -0.033465415239334106, 0.09050809592008591, 0.004000190179795027, 0.9514410495758057, 0.30780529975891113, -0.09641386568546295, -0.3060067296028137, 0.9471347332000732),
            ["NinjaStar"] = CFrame.new(-1.603827714920044, -0.7905704975128174, -1.2807748317718506, -0.7653030753135681, -0.6386502981185913, -0.08023097366094589, 0.10072985291481018, 0.00427979463711381, -0.994904637336731, 0.6357395052909851, -0.7694852352142334, 0.061055801808834076),
            ["LowerTorso"] = CFrame.new(-0.057638004422187805, -0.11363983154296875, 0.03876214474439621, 0.9634761810302734, -0.0123186856508255, -0.26751092076301575, 0.000645421096123755, 0.9990454316139221, -0.04368074610829353, 0.2677936553955078, 0.04191270470619202, 0.9625642895698547),
            ["RightUpperLeg"] = CFrame.new(5.960464477539063e-08, 4.516914486885071e-08, 6.908521754667163e-08, 0.9208905696868896, -0.1987835168838501, -0.3353291153907776, 0.17866119742393494, 0.9797707200050354, -0.09016464650630951, 0.3464692234992981, 0.023121420294046402, 0.937776505947113),
            ["LeftUpperLeg"] = CFrame.new(-2.980232238769531e-07, 8.237548172473907e-07, -2.421438694000244e-07, 0.985583484172821, 0.1675657033920288, 0.02339029125869274, -0.14262904226779938, 0.8972410559654236, -0.41786989569664, -0.09100747108459473, 0.40850985050201416, 0.9082057476043701),
        }},
        {Time = 0.033, Data = {
            ["LeftLowerArm"] = CFrame.new(-9.5367431640625e-07, 5.364418029785156e-07, -2.384185791015625e-07, 1, -2.6077039194660756e-08, 0, 8.195639367158947e-08, 0.8951077461242676, -0.4458499550819397, -2.2351745343485163e-08, 0.4458499848842621, 0.8951076865196228),
            ["LeftFoot"] = CFrame.new(-4.0978193283081055e-08, 0, 3.5390257835388184e-08, 0.991023063659668, -0.13355784118175507, -0.0059803081676363945, 0.13338592648506165, 0.9847456216812134, 0.11173263937234879, -0.009033440612256527, -0.11152774840593338, 0.993720293045044),
            ["RightHand"] = CFrame.new(5.513429641723633e-07, 3.5762786865234375e-07, -2.086162567138672e-07, 0.998080849647522, 0.018267439678311348, -0.05917023867368698, -0.00564351724460721, 0.9783563613891602, 0.20685040950775146, 0.06166817992925644, -0.20611950755119324, 0.9765817523002625),
            ["HumanoidRootPart"] = CFrame.new(0, 0, 0, 1, 0, 0, 0, 1, 0, 0, 0, 1),
            ["RightLowerLeg"] = CFrame.new(-1.4901161193847656e-07, -0.0001220703125, -0.00007739493594272062, 1, -8.940696716308594e-08, -3.725290653733282e-08, 3.72529100900465e-08, 0.8426325917243958, 0.5384886860847473, -1.0058285937475375e-07, -0.5384889245033264, 0.8426328301429749),
            ["RightFoot"] = CFrame.new(7.450580596923828e-08, 3.5762786865234375e-07, -2.0656443666666746e-08, 0.9882171154022217, 0.15305881202220917, 0.00015376490773633122, -0.13830484449863434, 0.8933898210525513, -0.42746463418006897, -0.06556490063667297, 0.42240697145462036, 0.9040320515632629),
            ["LeftLowerLeg"] = CFrame.new(1.4901161193847656e-08, 0.00012248754501342773, 0.00007740408182144165, 1, 5.4016645378851535e-08, -3.725295627532432e-09, -1.862645149230957e-08, 0.9270780086517334, 0.3748694658279419, 2.9802322387695312e-08, -0.3748684525489807, 0.9270776510238647),
            ["RightUpperArm"] = CFrame.new(0, 1.1920928955078125e-07, -2.980232238769531e-07, 0.944908618927002, -0.3256891965866089, -0.032777126878499985, 0.3273215591907501, 0.9410065412521362, 0.08583385497331619, 0.0028882960323244333, -0.09183382242918015, 0.9957702159881592),
            ["Head"] = CFrame.new(-4.0978193283081055e-08, 3.5762786865234375e-07, 4.3213367462158203e-07, 0.9163357019424438, 0.013260121457278728, 0.4001912772655487, -0.006163573823869228, 0.9998002052307129, -0.019014671444892883, -0.4003634750843048, 0.014957316219806671, 0.9162343144416809),
            ["UpperTorso"] = CFrame.new(1.862645149230957e-09, 3.8743019104003906e-07, 5.587935447692871e-09, 0.9898504614830017, 0.032230280339717865, -0.13840989768505096, -0.004524714779108763, 0.9805967211723328, 0.19598397612571716, 0.1420409083366394, -0.1933685690164566, 0.9707899689674377),
            ["LeftUpperArm"] = CFrame.new(1.7881393432617188e-07, 5.960464477539062e-07, 2.682209014892578e-07, 0.8461674451828003, 0.39597874879837036, -0.35665324330329895, -0.38993316888809204, 0.916223406791687, 0.09212366491556168, 0.36325302720069885, 0.061118870973587036, 0.9296837449073792),
            ["RightLowerArm"] = CFrame.new(0.0000024437904357910156, -1.1920928955078125e-07, -7.748603820800781e-07, 1, -5.21540641784668e-08, -7.4505797087454084e-09, 6.70552680048786e-08, 0.8691508769989014, -0.4945470690727234, 9.685760460342863e-08, 0.4945470094680786, 0.8691508769989014),
            ["LeftHand"] = CFrame.new(-2.384185791015625e-07, -7.152557373046875e-07, 7.450580596923828e-08, 0.9935973882675171, -0.042121827602386475, 0.10483301430940628, 0.007965422235429287, 0.9517083168029785, 0.3069007098674774, -0.11269763112068176, -0.3041006624698639, 0.945950448513031),
            ["NinjaStar"] = CFrame.new(-1.5808674097061157, -0.7945971488952637, -1.2877867221832275, -0.7653030753135681, -0.6386502981185913, -0.08023097366094589, 0.10072985291481018, 0.00427979463711381, -0.994904637336731, 0.6357395052909851, -0.7694852352142334, 0.061055801808834076),
            ["LowerTorso"] = CFrame.new(-0.05228313058614731, -0.11489582061767578, 0.044263340532779694, 0.9633803367614746, -0.013955008238554, -0.26777520775794983, 0.0027418374083936214, 0.9991053342819214, -0.042203646153211594, 0.2681245505809784, 0.03992396593093872, 0.9625566601753235),
            ["RightUpperLeg"] = CFrame.new(-5.960464477539063e-08, -6.728805601596832e-07, 9.702489478513598e-08, 0.9233301281929016, -0.19304883480072021, -0.3319539725780487, 0.17103445529937744, 0.9807127118110657, -0.09460417926311493, 0.3438150882720947, 0.03057512640953064, 0.9385396838188171),
            ["LeftUpperLeg"] = CFrame.new(-2.384185791015625e-07, 5.066394805908203e-07, -1.993030309677124e-07, 0.9847302436828613, 0.17243197560310364, 0.02395002730190754, -0.14516982436180115, 0.8892810344696045, -0.43371066451072693, -0.09608414024114609, 0.42361119389533997, 0.9007338285446167),
        }},
        {Time = 0.067, Data = {
            ["LeftLowerArm"] = CFrame.new(-8.940696716308594e-07, 2.384185791015625e-07, -2.384185791015625e-07, 1, -2.4214381610931923e-08, 1.8626433728741176e-08, 1.4901162970204496e-08, 0.9059568643569946, -0.42337000370025635, 5.2154071283894154e-08, 0.42337003350257874, 0.9059569239616394),
            ["LeftFoot"] = CFrame.new(2.60770320892334e-08, 0, -6.332993507385254e-08, 0.9912071228027344, -0.13188084959983826, 0.010766368359327316, 0.12938053905963898, 0.9830313920974731, 0.13003742694854736, -0.02773301675915718, -0.12750160694122314, 0.9914506673812866),
            ["RightHand"] = CFrame.new(1.4901161193847656e-07, 3.5762786865234375e-07, -2.980232238769531e-07, 0.9973297119140625, 0.04459754377603531, -0.05783100426197052, -0.03170159086585045, 0.9777618646621704, 0.20730853080749512, 0.06579041481018066, -0.20492161810398102, 0.976564884185791),
            ["HumanoidRootPart"] = CFrame.new(0, 0, 0, 1, 0, 0, 0, 1, 0, 0, 0, 1),
            ["RightLowerLeg"] = CFrame.new(4.470348358154297e-08, -0.00012242794036865234, -0.00007742473826510832, 1, -6.705522537231445e-08, -5.587936158235607e-08, 4.0978193283081055e-08, 0.8354491591453552, 0.5495675206184387, 5.960464477539063e-08, -0.5495678782463074, 0.8354493379592896),
            ["RightFoot"] = CFrame.new(2.2351741790771484e-08, 2.980232238769531e-07, -5.045876605436206e-08, 0.9896952509880066, 0.1430966854095459, -0.0051681301556527615, -0.13149751722812653, 0.8940065503120422, -0.4283227324485779, -0.05667179450392723, 0.4245888590812683, 0.9036111235618591),
            ["LeftLowerLeg"] = CFrame.new(1.1920928955078125e-07, 0.00012260675430297852, 0.00007720291614532471, 1, 7.450571715139631e-09, -8.381913829680343e-09, -5.2154071283894154e-08, 0.9196240305900574, 0.39280086755752563, 1.4901162970204496e-08, -0.392799973487854, 0.919623613357544),
            ["RightUpperArm"] = CFrame.new(0, 5.960464477539062e-07, -2.682209014892578e-07, 0.9409816265106201, -0.3377738296985626, -0.021507926285266876, 0.3381899297237396, 0.9358078241348267, 0.09945585578680038, -0.013466264121234417, -0.10085983574390411, 0.9948095083236694),
            ["Head"] = CFrame.new(-8.754432201385498e-08, 7.152557373046875e-07, 4.041939973831177e-07, 0.9132725596427917, 0.011954735033214092, 0.4071737825870514, -0.004946478176862001, 0.9998210072517395, -0.018260246142745018, -0.40731918811798096, 0.01466259453445673, 0.91316819190979),
            ["UpperTorso"] = CFrame.new(-1.4901161193847656e-08, 3.8743019104003906e-07, -1.210719347000122e-08, 0.9888272881507874, 0.0371006578207016, -0.14437535405158997, -0.008360224775969982, 0.9808107018470764, 0.1947833150625229, 0.14883147180080414, -0.19140005111694336, 0.9701624512672424),
            ["LeftUpperArm"] = CFrame.new(1.7881393432617188e-07, 7.152557373046875e-07, 2.980232238769531e-07, 0.823152482509613, 0.3984636962413788, -0.40453267097473145, -0.3913217782974243, 0.9143205285072327, 0.10433290153741837, 0.41144537925720215, 0.07242055982351303, 0.9085527658462524),
            ["RightLowerArm"] = CFrame.new(0.0000025033950805664062, 0, -6.556510925292969e-07, 1, -6.332992796842518e-08, 7.4505797087454084e-09, 2.980233659855003e-08, 0.8690875172615051, -0.49465838074684143, 2.980233659855003e-08, 0.49465832114219666, 0.8690875172615051),
            ["LeftHand"] = CFrame.new(1.7881393432617188e-07, -5.960464477539062e-07, 2.9802322387695312e-08, 0.9877200722694397, -0.06419799476861954, 0.14243490993976593, 0.017858734354376793, 0.9520938396453857, 0.3052845001220703, -0.15521003305912018, -0.29899197816848755, 0.9415485858917236),
            ["NinjaStar"] = CFrame.new(-1.5436681509017944, -0.8067796230316162, -1.2888679504394531, -0.7653030753135681, -0.6386502981185913, -0.08023097366094589, 0.10072985291481018, 0.00427979463711381, -0.994904637336731, 0.6357395052909851, -0.7694852352142334, 0.061055801808834076),
            ["LowerTorso"] = CFrame.new(-0.04449565336108208, -0.11615228652954102, 0.05919533222913742, 0.963118851184845, -0.017023930326104164, -0.26853761076927185, 0.006561804562807083, 0.9991858601570129, -0.0398092158138752, 0.2689966857433319, 0.036578916013240814, 0.9624462723731995),
            ["RightUpperLeg"] = CFrame.new(-2.9802322387695312e-08, -2.3283064365386963e-07, 1.1751399142667651e-07, 0.9275718927383423, -0.1830703616142273, -0.32572299242019653, 0.15648555755615234, 0.9819468259811401, -0.10626717656850815, 0.339297354221344, 0.04759933426976204, 0.9394742250442505),
            ["LeftUpperLeg"] = CFrame.new(-4.172325134277344e-07, 9.420327842235565e-07, -2.1606683731079102e-07, 0.983445405960083, 0.1790035218000412, 0.028158897534012794, -0.14677777886390686, 0.8780516982078552, -0.4555012881755829, -0.10626139491796494, 0.44382771849632263, 0.8897896409034729),
        }},
        {Time = 0.100, Data = {
            ["LeftLowerArm"] = CFrame.new(-8.940696716308594e-07, 4.76837158203125e-07, -1.7881393432617188e-07, 1, -1.862645149230957e-08, 5.4016677353274645e-08, 7.450581485102248e-09, 0.9305717349052429, -0.36610981822013855, 7.450581485102248e-09, 0.36610978841781616, 0.9305717349052429),
            ["LeftFoot"] = CFrame.new(2.60770320892334e-08, -1.1920928955078125e-07, -5.960464477539063e-08, 0.9910898804664612, -0.13017240166664124, 0.028217334300279617, 0.12373380362987518, 0.9782096743583679, 0.16672059893608093, -0.0493047870695591, -0.16174417734146118, 0.9856004118919373),
            ["RightHand"] = CFrame.new(-3.725290298461914e-07, 4.172325134277344e-07, -1.4901161193847656e-07, 0.9954405426979065, 0.0760854035615921, -0.05752522125840187, -0.06257064640522003, 0.9760724902153015, 0.20824851095676422, 0.07199348509311676, -0.20369963347911835, 0.976382851600647),
            ["HumanoidRootPart"] = CFrame.new(0, 0, 0, 1, 0, 0, 0, 1, 0, 0, 0, 1),
            ["RightLowerLeg"] = CFrame.new(-1.1175870895385742e-07, -0.00012254714965820312, -0.00007740983710391447, 1, -1.266598985694145e-07, -1.1175872671742582e-08, 8.195639367158947e-08, 0.8271524906158447, 0.5619770884513855, -2.980232594040899e-08, -0.5619775652885437, 0.8271529078483582),
            ["RightFoot"] = CFrame.new(-3.3527612686157227e-08, 2.980232238769531e-07, -5.045876605436206e-08, 0.991555392742157, 0.12914258241653442, -0.011839120648801327, -0.12188086658716202, 0.8968136310577393, -0.4252883791923523, -0.04430582746863365, 0.4231402277946472, 0.904980480670929),
            ["LeftLowerLeg"] = CFrame.new(-1.341104507446289e-07, 0.0001227259635925293, 0.00007740408182144165, 1, 7.450571715139631e-09, -2.0489110852395243e-08, -2.980232594040899e-08, 0.9088311791419983, 0.41716501116752625, 0, -0.4171641767024994, 0.9088307619094849),
            ["RightUpperArm"] = CFrame.new(-1.1920928955078125e-07, 5.960464477539062e-07, -3.8743019104003906e-07, 0.933631420135498, -0.3582071363925934, -0.004474332556128502, 0.35597771406173706, 0.9262760281562805, 0.1236635223031044, -0.040152717381715775, -0.11704888939857483, 0.9923142194747925),
            ["Head"] = CFrame.new(-7.264316082000732e-08, 2.384185791015625e-07, 4.3958425521850586e-07, 0.9087075591087341, 0.009786246344447136, 0.4173186123371124, -0.002956399694085121, 0.9998509883880615, -0.01700918935239315, -0.4174228608608246, 0.014222663827240467, 0.9086011648178101),
            ["UpperTorso"] = CFrame.new(-3.725290298461914e-09, 8.940696716308594e-08, 9.313225746154785e-10, 0.9872264862060547, 0.04444192722439766, -0.15299971401691437, -0.014165552332997322, 0.9809890389442444, 0.19354569911956787, 0.15869258344173431, -0.18890610337257385, 0.9690878391265869),
            ["LeftUpperArm"] = CFrame.new(1.1920928955078125e-07, 5.960464477539062e-07, 2.682209014892578e-07, 0.7748289108276367, 0.3980637192726135, -0.49110642075538635, -0.3910903036594391, 0.912185549736023, 0.12233582139015198, 0.4966775178909302, 0.09727763384580612, 0.86246657371521),
            ["RightLowerArm"] = CFrame.new(0.0000027418136596679688, -5.364418029785156e-07, -8.344650268554688e-07, 1, -5.21540641784668e-08, -1.4901159417490817e-08, 6.705524668859653e-08, 0.8684871792793274, -0.49571171402931213, 5.96046660916727e-08, 0.4957117736339569, 0.8684871792793274),
            ["LeftHand"] = CFrame.new(-1.1920928955078125e-07, -2.980232238769531e-07, 5.960464477539063e-08, 0.9762962460517883, -0.09378314763307571, 0.1950651854276657, 0.030582692474126816, 0.9519809484481812, 0.30462637543678284, -0.21426714956760406, -0.2914399206638336, 0.9322835206985474),
            ["NinjaStar"] = CFrame.new(-1.4934844970703125, -0.8270981311798096, -1.2847734689712524, -0.7653030753135681, -0.6386502981185913, -0.08023097366094589, 0.10072985291481018, 0.00427979463711381, -0.994904637336731, 0.6357395052909851, -0.7694852352142334, 0.061055801808834076),
            ["LowerTorso"] = CFrame.new(-0.03520607948303223, -0.11672306060791016, 0.08281059563159943, 0.9626644849777222, -0.0217878520488739, -0.26981931924819946, 0.012366913259029388, 0.9992547631263733, -0.03656679764389992, 0.27041491866111755, 0.031864725053310394, 0.9622164368629456),
            ["RightUpperLeg"] = CFrame.new(-2.9802322387695312e-08, -3.096647560596466e-07, 1.1937663657590747e-07, 0.9330422878265381, -0.1684741973876953, -0.3178809583187103, 0.13561518490314484, 0.9830996990203857, -0.12297768145799637, 0.33322763442993164, 0.07163375616073608, 0.9401214122772217),
            ["LeftUpperLeg"] = CFrame.new(-1.1920928955078125e-07, 9.755603969097137e-08, -1.8812716007232666e-07, 0.9813542366027832, 0.18948407471179962, 0.03224489837884903, -0.14999991655349731, 0.8598952293395996, -0.48793482780456543, -0.12018311768770218, 0.47400015592575073, 0.8722844123840332),
        }},
        {Time = 0.133, Data = {
            ["LeftLowerArm"] = CFrame.new(-0.0000012516975402832031, 8.344650268554688e-07, -2.9802322387695312e-08, 1, -7.450583261459087e-09, -1.1059450244488289e-08, 2.980232949312267e-08, 0.9571714401245117, -0.2895216643810272, 7.450582373280668e-09, 0.2895216941833496, 0.9571714401245117),
            ["LeftFoot"] = CFrame.new(-8.940696716308594e-08, 5.960464477539063e-08, 7.82310962677002e-08, 0.990851640701294, -0.1250215619802475, 0.05082058906555176, 0.1130506694316864, 0.9745879769325256, 0.1933848261833191, -0.07370629161596298, -0.18587113916873932, 0.9798058867454529),
            ["RightHand"] = CFrame.new(-7.450580596923828e-08, 4.76837158203125e-07, -1.4901161193847656e-07, 0.9922152757644653, 0.10964006930589676, -0.059059321880340576, -0.09504381567239761, 0.973119854927063, 0.20977266132831573, 0.08047132939100266, -0.20252645015716553, 0.9759649038314819),
            ["HumanoidRootPart"] = CFrame.new(0, 0, 0, 1, 0, 0, 0, 1, 0, 0, 0, 1),
            ["RightLowerLeg"] = CFrame.new(3.725290298461914e-08, -0.00012248754501342773, -0.00007749924407107756, 1, -8.195637946073475e-08, -1.0058285937475375e-07, 7.823108916227284e-08, 0.8303475379943848, 0.557245671749115, -8.754431490842762e-08, -0.5572458505630493, 0.8303476572036743),
            ["RightFoot"] = CFrame.new(-1.862645149230957e-09, 2.980232238769531e-07, -3.55576048605144e-08, 0.9935383796691895, 0.11190406233072281, -0.018946342170238495, -0.10977885127067566, 0.9051376581192017, -0.41069960594177246, -0.028810368850827217, 0.41012606024742126, 0.9115739464759827),
            ["LeftLowerLeg"] = CFrame.new(1.341104507446289e-07, 0.00012254714965820312, 0.00007741153240203857, 1, 5.401665248427889e-08, 3.539030046795233e-08, -3.9115558791991134e-08, 0.8610923886299133, 0.5084494948387146, -7.450582373280668e-09, -0.5084485411643982, 0.8610917925834656),
            ["RightUpperArm"] = CFrame.new(0, 1.1920928955078125e-07, -3.2782554626464844e-07, 0.9231201410293579, -0.3841761648654938, 0.016062067821621895, 0.3772132694721222, 0.9129079580307007, 0.1559145450592041, -0.07456182688474655, -0.1378690004348755, 0.9876400232315063),
            ["Head"] = CFrame.new(1.280568540096283e-08, -7.152557373046875e-07, 4.5821070671081543e-07, 0.9031147956848145, 0.006004078313708305, 0.4293574392795563, -0.0015531776007264853, 0.999941349029541, -0.010715956799685955, -0.4293965995311737, 0.009010971523821354, 0.9030711054801941),
            ["UpperTorso"] = CFrame.new(1.1175870895385742e-08, 8.940696716308594e-08, -3.725290298461914e-09, 0.9850723743438721, 0.05760560557246208, -0.1622157245874405, -0.025432512164115906, 0.9807065725326538, 0.1938241720199585, 0.17025144398212433, -0.18680527806282043, 0.9675320386886597),
            ["LeftUpperArm"] = CFrame.new(2.980232238769531e-07, 1.1920928955078125e-07, 3.2782554626464844e-07, 0.6981667876243591, 0.3924555480480194, -0.5987837314605713, -0.3881698250770569, 0.9102663397789001, 0.1440117061138153, 0.6015708446502686, 0.13188554346561432, 0.7878569960594177),
            ["RightLowerArm"] = CFrame.new(0.000003635883331298828, -0.0000014901161193847656, -0.0000010728836059570312, 1, -6.891787762697277e-08, -2.2351738238057806e-08, 4.4703497792397684e-08, 0.8669319748878479, -0.49842652678489685, 2.2351748896198842e-08, 0.49842655658721924, 0.8669319748878479),
            ["LeftHand"] = CFrame.new(-2.384185791015625e-07, -6.556510925292969e-07, 6.332993507385254e-08, 0.9590098857879639, -0.12489981949329376, 0.2543623149394989, 0.042712271213531494, 0.9510811567306519, 0.3059747517108917, -0.28013527393341064, -0.2825683653354645, 0.9174308776855469),
            ["NinjaStar"] = CFrame.new(-1.43122136592865, -0.8450534343719482, -1.2842867374420166, -0.7653030753135681, -0.6386502981185913, -0.08023097366094589, 0.10072985291481018, 0.00427979463711381, -0.994904637336731, 0.6357395052909851, -0.7694852352142334, 0.061055801808834076),
            ["LowerTorso"] = CFrame.new(-0.02348107099533081, -0.11395120620727539, 0.11154425144195557, 0.9619030356407166, -0.031999606639146805, -0.27151188254356384, 0.023969415575265884, 0.9991732239723206, -0.03284163400530815, 0.27233830094337463, 0.025082483887672424, 0.9618746042251587),
            ["RightUpperLeg"] = CFrame.new(1.1920928955078125e-07, -3.129243850708008e-07, 3.183231456205249e-08, 0.9392942190170288, -0.14196930825710297, -0.3123634159564972, 0.10570838302373886, 0.9858375787734985, -0.13019250333309174, 0.3264232277870178, 0.08926957845687866, 0.9409989714622498),
            ["LeftUpperLeg"] = CFrame.new(-2.980232238769531e-07, 3.1833769753575325e-07, -1.8067657947540283e-07, 0.9781916737556458, 0.20558160543441772, 0.029617469757795334, -0.15565486252307892, 0.8199855089187622, -0.5508131980895996, -0.13752315938472748, 0.5341910123825073, 0.8341029286384583),
        }},
        {Time = 0.167, Data = {
            ["LeftLowerArm"] = CFrame.new(-0.0000011920928955078125, 2.980232238769531e-07, -3.2782554626464844e-07, 1, -1.3038520485508798e-08, -1.6763799237651256e-08, 1.4901168299275014e-08, 0.9774826169013977, -0.21101589500904083, -2.235175244891252e-08, 0.21101593971252441, 0.9774826765060425),
            ["LeftFoot"] = CFrame.new(9.685754776000977e-08, -5.960464477539063e-08, -6.05359673500061e-08, 0.9899696111679077, -0.1172112450003624, 0.0788775309920311, 0.09831888973712921, 0.9724968075752258, 0.21114733815193176, -0.10145696252584457, -0.20127469301223755, 0.9742664694786072),
            ["RightHand"] = CFrame.new(-3.2782554626464844e-07, 0, -8.940696716308594e-08, 0.9878557920455933, 0.1420014649629593, -0.06306075304746628, -0.1257649064064026, 0.9691126942634583, 0.21214118599891663, 0.0912373811006546, -0.20163409411907196, 0.9752022624015808),
            ["HumanoidRootPart"] = CFrame.new(0, 0, 0, 1, 0, 0, 0, 1, 0, 0, 0, 1),
            ["RightLowerLeg"] = CFrame.new(0, -0.00012224912643432617, -0.00007736513362033293, 1, -7.450584860180243e-08, -1.1175868230850483e-08, 1.0430814256778831e-07, 0.8461862802505493, 0.532886266708374, -4.284084198502569e-08, -0.5328872203826904, 0.8461869359016418),
            ["RightFoot"] = CFrame.new(3.5390257835388184e-08, 4.172325134277344e-07, -4.300818545743823e-08, 0.9954794049263, 0.09130924940109253, -0.02614264376461506, -0.09433886408805847, 0.9187018871307373, -0.38351941108703613, -0.011001558043062687, 0.3842518627643585, 0.9231628179550171),
            ["LeftLowerLeg"] = CFrame.new(5.587935447692871e-08, 0.0001226663589477539, 0.00007759779691696167, 1, 4.7031761596372235e-08, 1.722947295945687e-08, -4.0978196835794733e-08, 0.8048518300056458, 0.5934764742851257, 7.450581485102248e-09, -0.593475878238678, 0.8048514127731323),
            ["RightUpperArm"] = CFrame.new(0, 8.344650268554688e-07, -3.5762786865234375e-07, 0.909730076789856, -0.413433313369751, 0.03826410695910454, 0.399017333984375, 0.8960302472114563, 0.1947178840637207, -0.11478863656520844, -0.16187267005443573, 0.9801127314567566),
            ["Head"] = CFrame.new(-4.470348358154297e-08, -3.5762786865234375e-07, 3.8743019104003906e-07, 0.8970667123794556, 0.0004046460671816021, 0.44189509749412537, -0.0017607129411771894, 0.9999949336051941, 0.0026587219908833504, -0.44189178943634033, -0.003163035260513425, 0.8970628976821899),
            ["UpperTorso"] = CFrame.new(-2.2351741790771484e-08, 4.172325134277344e-07, -1.816079020500183e-08, 0.9823502898216248, 0.07643016427755356, -0.17072319984436035, -0.042182374745607376, 0.9797191619873047, 0.19588565826416016, 0.1822323501110077, -0.18522679805755615, 0.9656513929367065),
            ["LeftUpperArm"] = CFrame.new(3.5762786865234375e-07, 5.960464477539062e-07, 2.384185791015625e-07, 0.6003738045692444, 0.38324129581451416, -0.7019098401069641, -0.3830580711364746, 0.9082691669464111, 0.1682669073343277, 0.702009916305542, 0.16784916818141937, 0.692104697227478),
            ["RightLowerArm"] = CFrame.new(0.0000023245811462402344, 0, -0.0000010132789611816406, 1, -6.332993507385254e-08, -7.450578820566989e-09, 4.4703497792397684e-08, 0.8638262152671814, -0.5037899613380432, 2.980233304583635e-08, 0.5037899017333984, 0.8638262748718262),
            ["LeftHand"] = CFrame.new(-5.066394805908203e-07, -9.5367431640625e-07, -4.470348358154297e-08, 0.9378165006637573, -0.15164458751678467, 0.31225669384002686, 0.050560303032398224, 0.9496129155158997, 0.3093203902244568, -0.34342965483665466, -0.27429795265197754, 0.8982297778129578),
            ["NinjaStar"] = CFrame.new(-1.3638503551483154, -0.8541164398193359, -1.28717839717865, -0.7993631362915039, -0.5845895409584045, -0.1388293355703354, 0.17109975218772888, 0.00001927496305142995, -0.9852537512779236, 0.5759717226028442, -0.811329185962677, 0.10000772774219513),
            ["LowerTorso"] = CFrame.new(-0.008899359032511711, -0.1079249382019043, 0.14588581025600433, 0.9605727195739746, -0.047885097563266754, -0.273874431848526, 0.041561614722013474, 0.9987194538116455, -0.02884834259748459, 0.27490511536598206, 0.016328265890479088, 0.9613326787948608),
            ["RightUpperLeg"] = CFrame.new(-2.9802322387695312e-08, 8.381903171539307e-09, 9.888753993436694e-08, 0.9454514980316162, -0.10302386432886124, -0.30904316902160645, 0.06653106957674026, 0.9897447228431702, -0.12640807032585144, 0.31889668107032776, 0.09895171970129013, 0.9426099061965942),
            ["LeftUpperLeg"] = CFrame.new(-2.980232238769531e-07, 0.000001049629645422101, -1.8347054719924927e-07, 0.9737032651901245, 0.2266017645597458, 0.023528721183538437, -0.1663968712091446, 0.7779196500778198, -0.6059316992759705, -0.155608668923378, 0.5860825181007385, 0.7951686978340149),
        }},
        {Time = 0.200, Data = {
            ["LeftLowerArm"] = CFrame.new(-0.0000016093254089355469, -3.5762786865234375e-07, 8.940696716308594e-08, 1, -2.7939684343891713e-08, 0, 1.5832485544819974e-08, 0.9887453317642212, -0.14960896968841553, -7.450581485102248e-09, 0.1496090292930603, 0.9887452721595764),
            ["LeftFoot"] = CFrame.new(8.568167686462402e-08, 0, -3.725290298461914e-09, 0.9865819215774536, -0.11213920265436172, 0.11866389214992523, 0.09479320794343948, 0.9851875305175781, 0.14289790391921997, -0.13293027877807617, -0.1297319531440735, 0.9825981855392456),
            ["RightHand"] = CFrame.new(-3.725290298461914e-07, 2.980232238769531e-07, -2.384185791015625e-07, 0.9828941822052002, 0.1702464073896408, -0.07025093585252762, -0.1516658365726471, 0.9646162390708923, 0.21566922962665558, 0.10448209196329117, -0.20132537186145782, 0.9739362001419067),
            ["HumanoidRootPart"] = CFrame.new(0, 0, 0, 1, 0, 0, 0, 1, 0, 0, 0, 1),
            ["RightLowerLeg"] = CFrame.new(-1.564621925354004e-07, -0.00012230873107910156, -0.00007738003478152677, 1, -1.1175873737556685e-07, 1.247971965767647e-07, 4.842877388000488e-08, 0.8632796406745911, 0.5047253370285034, 1.5832483768463135e-08, -0.5047258734703064, 0.8632799983024597),
            ["RightFoot"] = CFrame.new(-1.1175870895385742e-07, 2.980232238769531e-07, 4.639878170564771e-08, 0.9970889091491699, 0.0685247927904129, -0.03343792259693146, -0.07591840624809265, 0.9329392313957214, -0.35193875432014465, 0.007078643888235092, 0.3534526824951172, 0.9354256987571716),
            ["LeftLowerLeg"] = CFrame.new(-2.2351741790771484e-08, 0.0001227259635925293, 0.0000774189829826355, 1, 5.9138955066373455e-08, 3.7252917195473856e-08, -1.0058283805847168e-07, 0.6666683554649353, 0.745354950428009, 2.9802322387695312e-08, -0.7453544735908508, 0.6666678190231323),
            ["RightUpperArm"] = CFrame.new(1.1920928955078125e-07, 3.5762786865234375e-07, -4.172325134277344e-07, 0.8940277695655823, -0.44395875930786133, 0.06012473627924919, 0.41905105113983154, 0.876139223575592, 0.2382781058549881, -0.1584632843732834, -0.18783186376094818, 0.9693341255187988),
            ["Head"] = CFrame.new(-5.774199962615967e-08, -1.1920928955078125e-07, 4.5821070671081543e-07, 0.8936951160430908, -0.004698252305388451, 0.44865038990974426, -0.004159147851169109, 0.9998155236244202, 0.01875503547489643, -0.4486556947231293, -0.018627166748046875, 0.893510639667511),
            ["UpperTorso"] = CFrame.new(2.2351741790771484e-08, 2.086162567138672e-07, -2.1420419216156006e-08, 0.979483425617218, 0.09547610580921173, -0.17747282981872559, -0.05938553810119629, 0.9782910943031311, 0.19854456186294556, 0.1925763636827469, -0.18393175303936005, 0.9638897776603699),
            ["LeftUpperArm"] = CFrame.new(3.5762786865234375e-07, 5.960464477539062e-07, 2.384185791015625e-07, 0.47721484303474426, 0.3725206255912781, -0.79592365026474, -0.3785151541233063, 0.9045184850692749, 0.19639921188354492, 0.7930904030799866, 0.2075444757938385, 0.5726543664932251),
            ["RightLowerArm"] = CFrame.new(0.0000025033950805664062, -8.344650268554688e-07, -7.748603820800781e-07, 1, -4.679897003256883e-08, -3.7252898543727042e-09, 1.4901164746561335e-08, 0.8586245179176331, -0.5126050710678101, 2.980232949312267e-08, 0.5126051306724548, 0.8586245775222778),
            ["LeftHand"] = CFrame.new(1.4528632164001465e-07, -8.344650268554688e-07, -8.195638656616211e-08, 0.914867639541626, -0.18971097469329834, 0.35640835762023926, 0.06408900767564774, 0.9397791624069214, 0.3357200026512146, -0.39863482117652893, -0.28429749608039856, 0.8719318509101868),
            ["NinjaStar"] = CFrame.new(-1.2761199474334717, -0.8560199737548828, -1.2946314811706543, -0.8332721590995789, -0.5112424492835999, -0.21044926345348358, 0.24809101223945618, -0.005595956929028034, -0.968720555305481, 0.49407336115837097, -0.8594183921813965, 0.1314973533153534),
            ["LowerTorso"] = CFrame.new(0.006840337999165058, -0.10187840461730957, 0.18632473051548004, 0.9586071372032166, -0.06440490484237671, -0.2773526608943939, 0.05987158045172691, 0.9978982210159302, -0.02479233592748642, 0.27836644649505615, 0.007160566747188568, 0.9604482650756836),
            ["RightUpperLeg"] = CFrame.new(-5.960464477539063e-08, -4.85684722661972e-07, 4.6733475755900145e-08, 0.9504108428955078, -0.061286453157663345, -0.3048985004425049, 0.02429615706205368, 0.9920260310173035, -0.12366875261068344, 0.31004655361175537, 0.1101282387971878, 0.9443214535713196),
            ["LeftUpperLeg"] = CFrame.new(-1.7881393432617188e-07, 2.6499037630856037e-07, -1.862645149230957e-07, 0.9696617126464844, 0.24407774209976196, 0.013494590297341347, -0.17382483184337616, 0.7272734045982361, -0.6639715433120728, -0.17187513411045074, 0.6414822936058044, 0.747636079788208),
        }},
        {Time = 0.233, Data = {
            ["LeftLowerArm"] = CFrame.new(-0.0000013113021850585938, 1.7881393432617188e-07, -7.450580596923828e-08, 1, 0, -1.1175863789958385e-08, 5.96046660916727e-08, 0.9921672940254211, -0.1249161958694458, 1.1175874448099421e-08, 0.12491621822118759, 0.9921673536300659),
            ["LeftFoot"] = CFrame.new(-2.2351741790771484e-08, 0, 7.450580596923828e-09, 0.980794370174408, -0.1040993481874466, 0.1649426370859146, 0.11099860072135925, 0.9932674765586853, -0.03315400704741478, -0.1603803187608719, 0.05082603543996811, 0.9857458472251892),
            ["RightHand"] = CFrame.new(3.5762786865234375e-07, 2.384185791015625e-07, -2.5331974029541016e-07, 0.9781599640846252, 0.19128850102424622, -0.0813140869140625, -0.16953732073307037, 0.9605842232704163, 0.22030708193778992, 0.12025121599435806, -0.20170976221561432, 0.9720354676246643),
            ["HumanoidRootPart"] = CFrame.new(0, 0, 0, 1, 0, 0, 0, 1, 0, 0, 0, 1),
            ["RightLowerLeg"] = CFrame.new(-9.313225746154785e-08, -0.00012242794036865234, -0.00007735023245913908, 1, -8.940693874137651e-08, -2.2351741790771484e-08, 7.078052277620372e-08, 0.8700975775718689, 0.4928792715072632, -8.009374852235851e-08, -0.4928795397281647, 0.8700977563858032),
            ["RightFoot"] = CFrame.new(-6.612390279769897e-08, 4.172325134277344e-07, 6.875052349641919e-08, 0.9981718063354492, 0.044297777116298676, -0.04112100973725319, -0.05531394109129906, 0.9437294602394104, -0.32605963945388794, 0.0243631973862648, 0.3277384042739868, 0.944454550743103),
            ["LeftLowerLeg"] = CFrame.new(-1.6391277313232422e-07, 0.00012290477752685547, 0.00007722526788711548, 1, 4.470347292340193e-08, 6.146729703004894e-08, -1.0314397513866425e-07, 0.48048874735832214, 0.8770012855529785, 5.960464477539063e-08, -0.8770009279251099, 0.48048824071884155),
            ["RightUpperArm"] = CFrame.new(-1.7881393432617188e-07, 4.76837158203125e-07, -2.384185791015625e-07, 0.8769213557243347, -0.4739009439945221, 0.0801689550280571, 0.4355129301548004, 0.854024350643158, 0.2845538556575775, -0.20331662893295288, -0.21461673080921173, 0.9553021192550659),
            ["Head"] = CFrame.new(-7.415656000375748e-08, -2.384185791015625e-07, 4.172325134277344e-07, 0.8937534689903259, -0.00743432343006134, 0.4484970271587372, -0.008591294288635254, 0.9993956089019775, 0.03368667513132095, -0.44847628474235535, -0.03396065905690193, 0.8931493759155273),
            ["UpperTorso"] = CFrame.new(-7.264316082000732e-08, 1.4901161193847656e-07, 2.0256265997886658e-08, 0.9771773219108582, 0.10945871472358704, -0.18205301463603973, -0.07200649380683899, 0.9769623875617981, 0.20089706778526306, 0.19984886050224304, -0.1832030564546585, 0.962547242641449),
            ["LeftUpperArm"] = CFrame.new(2.980232238769531e-07, 4.76837158203125e-07, 2.682209014892578e-07, 0.34614893794059753, 0.362900972366333, -0.8651496171951294, -0.3753426671028137, 0.8987093567848206, 0.22680236399173737, 0.8598249554634094, 0.24622012674808502, 0.4472995102405548),
            ["RightLowerArm"] = CFrame.new(0.000002562999725341797, -2.384185791015625e-07, -4.172325134277344e-07, 1, -5.0873495638370514e-08, 7.450578820566989e-09, 5.960468030252741e-08, 0.8441932201385498, -0.5360390543937683, 4.47035120032524e-08, 0.5360389947891235, 0.8441932797431946),
            ["LeftHand"] = CFrame.new(-3.8743019104003906e-07, 0, 3.725290298461914e-08, 0.8898290395736694, -0.2515683174133301, 0.3806806206703186, 0.08734072744846344, 0.9127665162086487, 0.3990350067615509, -0.44785696268081665, -0.32182398438453674, 0.8341783285140991),
            ["NinjaStar"] = CFrame.new(-1.1685304641723633, -0.8561673164367676, -1.2904071807861328, -0.852179229259491, -0.43785154819488525, -0.28649017214775085, 0.33081451058387756, -0.02663317136466503, -0.9433199763298035, 0.40540391206741333, -0.8986527323722839, 0.16754400730133057),
            ["LowerTorso"] = CFrame.new(0.022039320319890976, -0.0989835262298584, 0.23335003852844238, 0.9562408924102783, -0.07654380798339844, -0.2823908030986786, 0.07358308881521225, 0.9970661401748657, -0.021091606467962265, 0.2831766903400421, -0.0006105290958657861, 0.9590675830841064),
            ["RightUpperLeg"] = CFrame.new(-1.7881393432617188e-07, 8.047209121286869e-08, 1.3241515262052417e-07, 0.9541298747062683, -0.026528412476181984, -0.29821527004241943, -0.0149574875831604, 0.9905990958213806, -0.1359766572713852, 0.2990191876888275, 0.13419993221759796, 0.9447635412216187),
            ["LeftUpperLeg"] = CFrame.new(-4.172325134277344e-07, 4.856228770222515e-07, -2.1979212760925293e-07, 0.9674535393714905, 0.25137239694595337, 0.029078522697091103, -0.1664753407239914, 0.7187941074371338, -0.6749968528747559, -0.19057737290859222, 0.6481873989105225, 0.7372474074363708),
        }},
        {Time = 0.267, Data = {
            ["LeftLowerArm"] = CFrame.new(-8.344650268554688e-07, 0, -2.384185791015625e-07, 1, -7.450582373280668e-09, 1.490115231206346e-08, 3.72529100900465e-08, 0.984787106513977, -0.1737656146287918, -1.4901164746561335e-08, 0.17376568913459778, 0.9847869873046875),
            ["LeftFoot"] = CFrame.new(-2.7939677238464355e-08, -1.1920928955078125e-07, 4.284083843231201e-08, 0.9788802266120911, -0.11540453135967255, 0.16874708235263824, 0.15150009095668793, 0.9637194871902466, -0.21975496411323547, -0.1372639685869217, 0.2406795471906662, 0.9608497023582458),
            ["RightHand"] = CFrame.new(7.599592208862305e-07, 1.7881393432617188e-07, -2.5331974029541016e-07, 0.97347491979599, 0.20430637896060944, -0.10298308730125427, -0.17543531954288483, 0.9554839730262756, 0.237218976020813, 0.14686402678489685, -0.2128598839044571, 0.96598219871521),
            ["HumanoidRootPart"] = CFrame.new(0, 0, 0, 1, 0, 0, 0, 1, 0, 0, 0, 1),
