return {
    ["Deep Cuts"] = {
        {Time = 0.000, Data = {
            ["RightFoot"] = CFrame.new(5.4016709327697754e-08, 3.5762786865234375e-07, 3.894820110872388e-08, 0.9428045153617859, 0.07503194361925125, -0.32479220628738403, -0.18723155558109283, 0.9253224730491638, -0.3297310173511505, 0.2757970690727234, 0.3716834485530853, 0.8864465951919556),
            ["LeftLowerArm"] = CFrame.new(-2.682209014892578e-07, 2.384185791015625e-07, -5.21540641784668e-07, 1, -9.685754776000977e-08, 2.9802322387695312e-08, 8.195638656616211e-08, 0.42575499415397644, -0.9048384428024292, 7.450580596923828e-08, 0.9048385620117188, 0.4257550835609436),
            ["LeftFoot"] = CFrame.new(-1.043081283569336e-07, -5.960464477539063e-08, 2.0489096641540527e-08, 0.9667234420776367, -0.2538642883300781, -0.031604915857315063, 0.2553204298019409, 0.9651772975921631, 0.056958895176649094, 0.016044432297348976, -0.0631328672170639, 0.9978762269020081),
            ["Head"] = CFrame.new(2.2351741790771484e-08, -1.1920928955078125e-07, 6.51925802230835e-09, 0.9051623940467834, -0.02721572108566761, 0.42419368028640747, -0.021463559940457344, 0.9937487244606018, 0.10955754667520523, -0.4245237112045288, -0.10827203840017319, 0.8989198207855225),
            ["LowerTorso"] = CFrame.new(-0.145248681306839, -0.13654828071594238, 0.151177316904068, 0.9331721663475037, -0.06818535178899765, -0.35290300846099854, 0.06678091734647751, 0.9976366758346558, -0.016169076785445213, 0.3531714677810669, -0.00847865454852581, 0.9355201721191406),
            ["UpperTorso"] = CFrame.new(2.9802322387695312e-08, 1.7881393432617188e-07, 2.2351741790771484e-08, 0.984125018119812, 0.09544942528009415, -0.1496245115995407, -0.09222546964883804, 0.9953343868255615, 0.028355685994029045, 0.15163296461105347, -0.014106345362961292, 0.9883363246917725),
            ["HumanoidRootPart"] = CFrame.new(0, 0, 0, 1, 0, 0, 0, 1, 0, 0, 0, 1),
            ["RightUpperLeg"] = CFrame.new(0, 2.3283064365386963e-09, 1.6931153368204832e-08, 0.9530494213104248, -0.03498022258281708, -0.30078747868537903, 0.03746918961405754, 0.999294638633728, 0.002508102683350444, 0.3004876971244812, -0.013660731725394726, 0.9536879062652588),
            ["LeftUpperArm"] = CFrame.new(0, 0, 1.7695128917694092e-08, 0.5908132195472717, 0.6680415272712708, -0.45239391922950745, -0.574651837348938, -0.04515058919787407, -0.8171516060829163, -0.5663171410560608, 0.7427529692649841, 0.3572157621383667),
            ["RightLowerArm"] = CFrame.new(5.960464477539063e-08, -5.960464477539063e-08, -2.60770320892334e-07, 1, -7.450580596923828e-08, 2.60770320892334e-08, 1.043081283569336e-07, 0.6979726552963257, -0.716124415397644, -2.2351741790771484e-08, 0.716124415397644, 0.6979726552963257),
            ["LeftHand"] = CFrame.new(2.086162567138672e-07, 0, -8.940696716308594e-08, 0.0752054899930954, -0.8523430824279785, 0.5175474882125854, 0.493949830532074, 0.4827089309692383, 0.7231914401054382, -0.8662319779396057, 0.2012544721364975, 0.4573170840740204),
            ["RightHand"] = CFrame.new(-4.470348358154297e-08, 5.960464477539063e-08, 8.940696716308594e-08, 0.3759324550628662, 0.816620409488678, -0.4379567503929138, 0.09025134891271591, 0.43811142444610596, 0.8943786025047302, 0.9222416877746582, -0.37575215101242065, 0.09099922329187393),
            ["RightUpperArm"] = CFrame.new(0, 0, 5.122274160385132e-08, 0.8436785936355591, 0.171419158577919, 0.5087456107139587, 0.5149347186088562, -0.5263866186141968, -0.6765791177749634, 0.15181824564933777, 0.8327860832214355, -0.532370924949646),
            ["RightLowerLeg"] = CFrame.new(-1.043081283569336e-07, -0.00006031990051269531, -0.00007206940063042566, 1, -2.980232594040899e-08, -7.078052277620372e-08, 5.774199962615967e-08, 0.9048342108726501, 0.4257640540599823, -1.6996636986732483e-08, -0.4257642328739166, 0.9048342108726501),
            ["LeftUpperLeg"] = CFrame.new(-5.960464477539063e-08, 1.8563878256827593e-07, 3.3527612686157227e-08, 0.9485778212547302, 0.26386910676956177, -0.1748521775007248, -0.3140091896057129, 0.8541627526283264, -0.41449257731437683, 0.039980486035346985, 0.44808369874954224, 0.8930971622467041),
            ["LeftLowerLeg"] = CFrame.new(1.043081283569336e-07, 0.000060677528381347656, 0.00007206201553344727, 1, 3.3527616238870905e-08, -2.0489098417897367e-08, -3.166497108963995e-08, 0.9170538783073425, 0.3987634778022766, -7.450581485102248e-09, -0.3987634778022766, 0.9170538187026978),
        }},
        {Time = 0.033, Data = {
            ["RightFoot"] = CFrame.new(1.6763806343078613e-08, 1.7881393432617188e-07, -3.55576048605144e-08, 0.9439237713813782, 0.0780072957277298, -0.3208159804344177, -0.1884814351797104, 0.925108790397644, -0.32961851358413696, 0.2710770070552826, 0.3716028928756714, 0.8879351019859314),
            ["LeftLowerArm"] = CFrame.new(-1.1920928955078125e-07, 4.76837158203125e-07, 1.7881393432617188e-07, 1, -5.2154071283894154e-08, 1.1175872316471214e-07, 7.82310962677002e-08, -0.5000001192092896, -0.866025447845459, 9.313225746154785e-08, 0.866025447845459, -0.5000001192092896),
            ["LeftFoot"] = CFrame.new(-1.862645149230957e-08, 5.960464477539063e-08, -6.146728992462158e-08, 0.9673189520835876, -0.2510603964328766, -0.0355360209941864, 0.2528270483016968, 0.9656620025634766, 0.059794798493385315, 0.019303640350699425, -0.06682509183883667, 0.997577965259552),
            ["Head"] = CFrame.new(0, 1.1920928955078125e-07, -9.313225746154785e-09, 0.906335711479187, -0.03492799773812294, 0.42111244797706604, -0.01436007022857666, 0.9934564232826233, 0.1133059486746788, -0.4223143458366394, -0.10874032229185104, 0.8999034762382507),
            ["LowerTorso"] = CFrame.new(-0.1473592221736908, -0.1365816593170166, 0.1484774500131607, 0.936181366443634, -0.06700171530246735, -0.34507280588150024, 0.06595707684755325, 0.9977129697799683, -0.014781499281525612, 0.3452740013599396, -0.008921830914914608, 0.9384595155715942),
            ["UpperTorso"] = CFrame.new(1.4901161193847656e-08, -1.7881393432617188e-07, -3.725290298461914e-09, 0.984427809715271, 0.09468413144350052, -0.14811082184314728, -0.09179576486349106, 0.9954322576522827, 0.026232652366161346, 0.1499181091785431, -0.012228205800056458, 0.988622784614563),
            ["HumanoidRootPart"] = CFrame.new(0, 0, 0, 1, 0, 0, 0, 1, 0, 0, 0, 1),
            ["RightUpperLeg"] = CFrame.new(-5.960464477539063e-08, -3.0780211091041565e-07, 3.183231456205249e-08, 0.9491462111473083, -0.03740350902080536, -0.31260615587234497, 0.04150662198662758, 0.9991171956062317, 0.006478783208876848, 0.31208786368370056, -0.019124649465084076, 0.9498608112335205),
            ["LeftUpperArm"] = CFrame.new(0, 0, 3.306195139884949e-08, 0.931299090385437, 0.1991352140903473, -0.30500364303588867, -0.1216149777173996, 0.9592722654342651, 0.254964143037796, 0.3433540165424347, -0.20035487413406372, 0.917587161064148),
            ["RightLowerArm"] = CFrame.new(-1.1920928955078125e-07, 2.384185791015625e-07, 1.30385160446167e-08, 1, -8.195638656616211e-08, 1.30385160446167e-07, 1.0896474123001099e-07, -0.5, -0.8660253882408142, 1.3224780559539795e-07, 0.8660253882408142, -0.5000000596046448),
            ["LeftHand"] = CFrame.new(-5.960464477539063e-08, 0, -2.5331974029541016e-07, 0.8893977403640747, -0.4539816975593567, -0.05359511822462082, 0.45206955075263977, 0.8560740351676941, 0.2505399286746979, -0.06785918027162552, -0.2470584213733673, 0.9666216373443604),
            ["RightHand"] = CFrame.new(5.762558430433273e-09, -5.960464477539063e-08, 3.234017640352249e-07, 0.9185177683830261, 0.28160515427589417, -0.2775315046310425, -0.20050537586212158, 0.9367423057556152, 0.28689977526664734, 0.34076786041259766, -0.20787596702575684, 0.916877806186676),
            ["RightUpperArm"] = CFrame.new(0, -1.1920928955078125e-07, 4.6566128730773926e-09, 0.8171534538269043, -0.30808860063552856, 0.48717737197875977, 0.27351048588752747, 0.9512133002281189, 0.1427774578332901, -0.5073976516723633, 0.01657702960073948, 0.8615525364875793),
            ["RightLowerLeg"] = CFrame.new(-3.725290298461914e-08, -0.0000603795051574707, -0.00007208325405372307, 1, -2.980232594040899e-08, -8.940696716308594e-08, 7.264316082000732e-08, 0.9067593812942505, 0.4216485023498535, -3.236345946788788e-08, -0.42164868116378784, 0.9067593812942505),
            ["LeftUpperLeg"] = CFrame.new(-5.960464477539063e-08, -1.799053279682994e-07, -3.725290298461914e-08, 0.9494724273681641, 0.2584773302078247, -0.17802174389362335, -0.3107401430606842, 0.8538661599159241, -0.41755616664886475, 0.044078003615140915, 0.45177650451660156, 0.8910415768623352),
            ["LeftLowerLeg"] = CFrame.new(1.4901161193847656e-08, 0.00006073713302612305, 0.00007206201553344727, 1, 4.842878098543224e-08, 2.0489098417897367e-08, -4.4703490686970326e-08, 0.9177480936050415, 0.39716315269470215, -7.450581485102248e-09, -0.3971630930900574, 0.9177480936050415),
        }},
        {Time = 0.067, Data = {
            ["RightFoot"] = CFrame.new(-5.587935447692871e-08, 2.980232238769531e-07, 4.639878170564771e-08, 0.9449963569641113, 0.08347777277231216, -0.3162491023540497, -0.19184435904026031, 0.9245635867118835, -0.3292079269886017, 0.26491081714630127, 0.37177106738090515, 0.8897239565849304),
            ["LeftLowerArm"] = CFrame.new(-2.9802322387695312e-08, 1.7881393432617188e-07, 2.9802322387695312e-08, 1, -8.405185525361958e-08, 1.1175872316471214e-07, 1.043081283569336e-07, -0.25959229469299316, -0.9657183289527893, 1.5273690223693848e-07, 0.9657182693481445, -0.2595923840999603),
            ["LeftFoot"] = CFrame.new(2.60770320892334e-08, -5.960464477539063e-08, 5.8673322200775146e-08, 0.968105673789978, -0.24714389443397522, -0.04112563654780388, 0.24938979744911194, 0.9663075804710388, 0.06367576122283936, 0.02400290220975876, -0.07190117985010147, 0.9971228837966919),
            ["Head"] = CFrame.new(0, 3.5762786865234375e-07, -1.234002411365509e-08, 0.9150574803352356, -0.049733541905879974, 0.40024539828300476, 0.00648776488378644, 0.994054913520813, 0.1086864024400711, -0.40327128767967224, -0.09685752540826797, 0.9099400639533997),
            ["LowerTorso"] = CFrame.new(-0.15068484842777252, -0.1366729736328125, 0.144135981798172, 0.9407814145088196, -0.06513779610395432, -0.33269745111465454, 0.06440793722867966, 0.9978358745574951, -0.013234400190412998, 0.3328395485877991, -0.008977677673101425, 0.9429407715797424),
            ["UpperTorso"] = CFrame.new(3.725290298461914e-09, -1.1920928955078125e-07, -1.862645149230957e-09, 0.9849535822868347, 0.09305763989686966, -0.14562568068504333, -0.09061555564403534, 0.9956126809120178, 0.023328647017478943, 0.14715760946273804, -0.009781686589121819, 0.9890647530555725),
            ["HumanoidRootPart"] = CFrame.new(0, 0, 0, 1, 0, 0, 0, 1, 0, 0, 0, 1),
            ["RightUpperLeg"] = CFrame.new(-2.9802322387695312e-08, -2.6798807084560394e-07, 2.438173396512866e-08, 0.9433102607727051, -0.04125404730439186, -0.3293386399745941, 0.048488881438970566, 0.9987286925315857, 0.013780403882265091, 0.3283514082431793, -0.028968563303351402, 0.9441113471984863),
            ["LeftUpperArm"] = CFrame.new(0, 0, -5.075708031654358e-08, 0.9218695759773254, 0.21328222751617432, -0.3235231935977936, -0.13168780505657196, 0.9576425552368164, 0.25608447194099426, 0.36443787813186646, -0.19347244501113892, 0.9109081029891968),
            ["RightLowerArm"] = CFrame.new(-1.1920928955078125e-07, -1.7881393432617188e-07, 7.450580596923828e-08, 1, -8.381903171539307e-08, 8.963981912302188e-08, 9.103678166866302e-08, -0.251548171043396, -0.9678448438644409, 1.0617077350616455e-07, 0.9678447842597961, -0.25154826045036316),
            ["LeftHand"] = CFrame.new(-1.1920928955078125e-07, 5.960464477539063e-08, -1.4156103134155273e-07, 0.8931864500045776, -0.4457874894142151, -0.05909019708633423, 0.4465957283973694, 0.8947357535362244, 0.0005313614965416491, 0.05263315141201019, -0.026863841339945793, 0.9982525706291199),
            ["RightHand"] = CFrame.new(-1.3993121683597565e-07, -5.960464477539063e-08, -1.6763806343078613e-07, 0.8941598534584045, 0.18303564190864563, -0.40862733125686646, -0.2597629129886627, 0.9554022550582886, -0.1404627114534378, 0.36469385027885437, 0.23174232244491577, 0.9018282294273376),
            ["RightUpperArm"] = CFrame.new(1.1920928955078125e-07, 3.5762786865234375e-07, -9.848736226558685e-08, 0.8284608125686646, -0.3601033687591553, 0.428926944732666, 0.36716702580451965, 0.9275513887405396, 0.06954777240753174, -0.4228961765766144, 0.09987019747495651, 0.9006580114364624),
            ["RightLowerLeg"] = CFrame.new(-9.685754776000977e-08, -0.0000603795051574707, -0.00007207615271909162, 1, -6.705523247774181e-08, 1.4901164746561335e-08, 6.705523247774181e-08, 0.9100152850151062, 0.41457468271255493, -1.0011718565294814e-08, -0.4145748019218445, 0.910015344619751),
            ["LeftUpperLeg"] = CFrame.new(-1.1920928955078125e-07, -1.8137507140636444e-07, 1.30385160446167e-08, 0.9509503245353699, 0.24973703920841217, -0.18255098164081573, -0.30513766407966614, 0.8542572259902954, -0.4208749234676361, 0.05083739012479782, 0.4559342861175537, 0.8885603547096252),
            ["LeftLowerLeg"] = CFrame.new(5.960464477539063e-08, 0.00006085634231567383, 0.00007209181785583496, 1, 3.3527616238870905e-08, 2.0489098417897367e-08, -4.842878098543224e-08, 0.9189396500587463, 0.3943983018398285, -7.450581485102248e-09, -0.3943982720375061, 0.9189396500587463),
        }},
        {Time = 0.100, Data = {
            ["RightFoot"] = CFrame.new(5.587935447692871e-09, 3.5762786865234375e-07, 9.85528458841145e-08, 0.9460829496383667, 0.09060271084308624, -0.3109956681728363, -0.19656088948249817, 0.9236968159675598, -0.32885831594467163, 0.2574702501296997, 0.3722570538520813, 0.8917028903961182),
            ["LeftLowerArm"] = CFrame.new(2.9802322387695312e-08, 1.1920928955078125e-07, -5.960464477539063e-08, 1, -3.18977875224391e-08, 1.1920927533992653e-07, 8.568167686462402e-08, -0.25542736053466797, -0.9668282270431519, 1.1548399925231934e-07, 0.9668282270431519, -0.25542742013931274),
            ["LeftFoot"] = CFrame.new(-3.725290298461914e-08, 0, -1.862645149230957e-09, 0.9694181680679321, -0.24241741001605988, -0.038239967077970505, 0.24458087980747223, 0.9671586155891418, 0.06916974484920502, 0.02021614834666252, -0.07640713453292847, 0.9968717694282532),
            ["Head"] = CFrame.new(7.450580596923828e-09, 3.5762786865234375e-07, -2.0372681319713593e-08, 0.9284182786941528, -0.06803357601165771, 0.3652545213699341, 0.03483566641807556, 0.9947009086608887, 0.09672985970973969, -0.3698999285697937, -0.07708180695772171, 0.925868570804596),
            ["LowerTorso"] = CFrame.new(-0.15508480370044708, -0.13685297966003418, 0.13826104998588562, 0.9465819001197815, -0.06268438696861267, -0.31631216406822205, 0.06202150508761406, 0.9980006814002991, -0.012173458002507687, 0.3164427578449249, -0.00809498131275177, 0.9485771656036377),
            ["UpperTorso"] = CFrame.new(-1.6763806343078613e-08, -1.4901161193847656e-07, 9.313225746154785e-09, 0.985713541507721, 0.09055861085653305, -0.14201468229293823, -0.0885484516620636, 0.9958624839782715, 0.0204241331666708, 0.14327675104141235, -0.0075571583583951, 0.9896538257598877),
            ["HumanoidRootPart"] = CFrame.new(0, 0, 0, 1, 0, 0, 0, 1, 0, 0, 0, 1),
            ["RightUpperLeg"] = CFrame.new(-5.960464477539063e-08, -1.0011717677116394e-07, 4.300818545743823e-08, 0.9350993633270264, -0.046371940523386, -0.35133883357048035, 0.058389149606227875, 0.9980130195617676, 0.023680271580815315, 0.34954267740249634, -0.042657893151044846, 0.93594890832901),
            ["LeftUpperArm"] = CFrame.new(5.960464477539063e-08, 2.384185791015625e-07, -2.5029294192790985e-08, 0.909080982208252, 0.2312079668045044, -0.3465753495693207, -0.14382731914520264, 0.9548996686935425, 0.2597697675228119, 0.3910057246685028, -0.18630477786064148, 0.9013352990150452),
            ["RightLowerArm"] = CFrame.new(-3.5762786865234375e-07, -3.5762786865234375e-07, -5.960464477539063e-08, 1, -5.5879347371501353e-08, 1.4901161193847656e-07, 6.705522537231445e-08, -0.29052844643592834, -0.9568663239479065, 1.2665987014770508e-07, 0.9568663835525513, -0.2905285358428955),
            ["LeftHand"] = CFrame.new(1.1920928955078125e-07, 0, 1.1920928955078125e-07, 0.898094117641449, -0.4351978302001953, -0.06348226964473724, 0.4361724257469177, 0.8998614549636841, 0.0016726388130337, 0.05639724060893059, -0.02919134497642517, 0.9979816675186157),
            ["RightHand"] = CFrame.new(1.2665987014770508e-07, 5.960464477539063e-08, 2.1979212760925293e-07, 0.8568761348724365, 0.08766103535890579, -0.5080147385597229, -0.2679896354675293, 0.9175661206245422, -0.29369035363197327, 0.44039186835289, 0.3877989947795868, 0.8097326755523682),
            ["RightUpperArm"] = CFrame.new(0, 2.384185791015625e-07, 4.353933036327362e-08, 0.8347771167755127, -0.42621228098869324, 0.3485546410083771, 0.4763159155845642, 0.8765713572502136, -0.06889043003320694, -0.27617111802101135, 0.22353032231330872, 0.9347533583641052),
            ["RightLowerLeg"] = CFrame.new(7.450580596923828e-09, -0.000060617923736572266, -0.0000720929165254347, 1, -4.4703490686970326e-08, -5.960464477539063e-08, 5.960463766996327e-08, 0.9138815999031067, 0.40598079562187195, -2.5727782571038915e-08, -0.40598103404045105, 0.9138815999031067),
            ["LeftUpperLeg"] = CFrame.new(0, -9.500945452600718e-08, -2.60770320892334e-08, 0.9525688886642456, 0.23838065564632416, -0.18917542695999146, -0.2982175052165985, 0.8550865054130554, -0.4241385757923126, 0.060654960572719574, 0.46043655276298523, 0.8856179118156433),
            ["LeftLowerLeg"] = CFrame.new(-1.4901161193847656e-07, 0.000060677528381347656, 0.00007203221321105957, 1, 5.21540641784668e-08, -5.587935447692871e-09, -6.891787052154541e-08, 0.9198743104934692, 0.392213374376297, 0, -0.3922134041786194, 0.9198743104934692),
        }},
        {Time = 0.133, Data = {
            ["RightFoot"] = CFrame.new(-1.30385160446167e-08, 4.172325134277344e-07, -4.300818545743823e-08, 0.9475564360618591, 0.09936508536338806, -0.30374911427497864, -0.20214331150054932, 0.9225066900253296, -0.328815221786499, 0.2475377768278122, 0.3729720115661621, 0.8942131996154785),
            ["LeftLowerArm"] = CFrame.new(-2.9802322387695312e-08, 1.1920928955078125e-07, -1.7881393432617188e-07, 1, -9.03382755268467e-08, 1.1175870895385742e-07, 9.313223614526578e-08, -0.2521967887878418, -0.967676043510437, 1.415610029198433e-07, 0.9676759839057922, -0.2521968483924866),
            ["LeftFoot"] = CFrame.new(-1.862645149230957e-08, -5.960464477539063e-08, -3.166496753692627e-08, 0.9720671772956848, -0.2327117770910263, -0.03050803951919079, 0.23440100252628326, 0.9691721796989441, 0.07590534538030624, 0.011903547681868076, -0.08093620836734772, 0.9966482520103455),
            ["Head"] = CFrame.new(0, 0, 1.5832483768463135e-08, 0.9405212998390198, -0.08746622502803802, 0.3282823860645294, 0.06251724064350128, 0.9943473935127258, 0.08581950515508652, -0.3339330554008484, -0.06019167602062225, 0.9406729936599731),
            ["LowerTorso"] = CFrame.new(-0.16039305925369263, -0.13714861869812012, 0.13098222017288208, 0.9531807899475098, -0.05973094701766968, -0.2964436113834381, 0.0587460957467556, 0.9981979727745056, -0.012237309478223324, 0.2966403663158417, -0.0057505350559949875, 0.954971969127655),
            ["UpperTorso"] = CFrame.new(4.190951585769653e-09, -5.960464477539063e-08, 7.450580596923828e-09, 0.9867036938667297, 0.08681190758943558, -0.13740274310112, -0.08516409248113632, 0.9962072968482971, 0.01783749833703041, 0.13843011856079102, -0.005898537114262581, 0.9903546571731567),
            ["HumanoidRootPart"] = CFrame.new(0, 0, 0, 1, 0, 0, 0, 1, 0, 0, 0, 1),
            ["RightUpperLeg"] = CFrame.new(-2.9802322387695312e-08, -1.548323780298233e-08, 5.418405635282397e-08, 0.9244041442871094, -0.05274582281708717, -0.3777497410774231, 0.07140546292066574, 0.9968135952949524, 0.03555186092853546, 0.37467098236083984, -0.05983780324459076, 0.9252249598503113),
            ["LeftUpperArm"] = CFrame.new(5.960464477539063e-08, -1.1920928955078125e-07, -2.7939677238464355e-09, 0.8953495621681213, 0.2448917031288147, -0.37199077010154724, -0.14901235699653625, 0.9518365263938904, 0.2679602801799774, 0.419695645570755, -0.18448705971240997, 0.8887183666229248),
            ["RightLowerArm"] = CFrame.new(5.960464477539063e-08, -3.5762786865234375e-07, 5.960464477539063e-08, 1, -7.823108916227284e-08, 1.0430814256778831e-07, 7.4505797087454084e-09, -0.35128992795944214, -0.9362667798995972, 8.940695295223122e-08, 0.9362667798995972, -0.3512900769710541),
            ["LeftHand"] = CFrame.new(-1.1920928955078125e-07, 5.960464477539063e-08, 1.043081283569336e-07, 0.9026167392730713, -0.42454636096954346, -0.07101915776729584, 0.425619900226593, 0.9049020409584045, -0.000016696752936695702, 0.06427238136529922, -0.030212152749300003, 0.9974750280380249),
            ["RightHand"] = CFrame.new(-2.444721758365631e-08, 5.960464477539063e-08, -1.9837170839309692e-07, 0.8471157550811768, 0.022250324487686157, -0.5309424996376038, -0.28018295764923096, 0.8676686882972717, -0.41066861152648926, 0.4515445828437805, 0.49664485454559326, 0.7412499189376831),
            ["RightUpperArm"] = CFrame.new(0, -2.384185791015625e-07, 4.0978193283081055e-08, 0.8330527544021606, -0.4886878430843353, 0.25924399495124817, 0.5485156774520874, 0.7905063629150391, -0.2724522352218628, -0.07178995013237, 0.3691664934158325, 0.926586389541626),
            ["RightLowerLeg"] = CFrame.new(-2.9802322387695312e-08, -0.00006073713302612305, -0.0000721948963473551, 1, -8.195639367158947e-08, -1.4901162970204496e-08, 5.960464477539063e-08, 0.9184553623199463, 0.39552441239356995, -7.58154783397913e-09, -0.39552465081214905, 0.9184555411338806),
            ["LeftUpperLeg"] = CFrame.new(-5.960464477539063e-08, -9.968061931431293e-10, -7.450580596923828e-09, 0.9568396210670471, 0.22835391759872437, -0.1797565221786499, -0.28529196977615356, 0.8559264540672302, -0.431275337934494, 0.05537496134638786, 0.4639444351196289, 0.8841319680213928),
            ["LeftLowerLeg"] = CFrame.new(-1.4901161193847656e-08, 0.00006091594696044922, 0.00007200241088867188, 1, 7.078052277620372e-08, 3.725290653733282e-08, -4.470348358154297e-08, 0.9191364645957947, 0.39393937587738037, 7.450580596923828e-09, -0.3939393162727356, 0.9191365242004395),
        }},
        {Time = 0.167, Data = {
            ["RightFoot"] = CFrame.new(7.450580596923828e-09, 2.384185791015625e-07, -2.8107024263590574e-08, 0.9486289620399475, 0.10930905491113663, -0.29690858721733093, -0.2086467444896698, 0.9215813875198364, -0.32734423875808716, 0.23784352838993073, 0.37247753143310547, 0.8970457315444946),
            ["LeftLowerArm"] = CFrame.new(-2.682209014892578e-07, 1.7881393432617188e-07, 1.1920928955078125e-07, 1, -8.009374141693115e-08, 1.0430814256778831e-07, 1.1548398504146462e-07, -0.2498663067817688, -0.9682804346084595, 1.1175869474300271e-07, 0.9682804346084595, -0.24986632168293),
            ["LeftFoot"] = CFrame.new(1.1175870895385742e-07, -1.7881393432617188e-07, 2.421438694000244e-08, 0.9751561880111694, -0.22061465680599213, -0.0199902206659317, 0.22151479125022888, 0.9716827869415283, 0.08224284648895264, 0.0012801478151232004, -0.08462775498628616, 0.9964118003845215),
            ["Head"] = CFrame.new(7.450580596923828e-09, -2.384185791015625e-07, 1.862645149230957e-09, 0.9478815197944641, -0.10809162259101868, 0.299728125333786, 0.08810888230800629, 0.9929378032684326, 0.07944373041391373, -0.3061985969543457, -0.04889443516731262, 0.9507112503051758),
            ["LowerTorso"] = CFrame.new(-0.16646870970726013, -0.1375904083251953, 0.12240731716156006, 0.9601759910583496, -0.056365981698036194, -0.27365124225616455, 0.05456433445215225, 0.9984094500541687, -0.014196709729731083, 0.2740161716938019, -0.0013002591440454125, 0.9617242217063904),
            ["UpperTorso"] = CFrame.new(1.1175870895385742e-08, -2.384185791015625e-07, 1.1175870895385742e-08, 0.9878764152526855, 0.08209777623414993, -0.131757915019989, -0.08071938902139664, 0.996612012386322, 0.01577776111662388, 0.13260683417320251, -0.0049510556273162365, 0.9911563992500305),
            ["HumanoidRootPart"] = CFrame.new(0, 0, 0, 1, 0, 0, 0, 1, 0, 0, 0, 1),
            ["RightUpperLeg"] = CFrame.new(-8.940696716308594e-08, -3.130990080535412e-07, 1.3205863069742918e-08, 0.911668598651886, -0.05876823142170906, -0.4067020118236542, 0.08739770203828812, 0.9948069453239441, 0.05216262862086296, 0.4015246033668518, -0.08309998363256454, 0.9120705127716064),
            ["LeftUpperArm"] = CFrame.new(0, -2.384185791015625e-07, -3.91155481338501e-08, 0.8826722502708435, 0.25230658054351807, -0.3965238332748413, -0.14726097881793976, 0.9496737122535706, 0.2764672338962555, 0.44632279872894287, -0.18563753366470337, 0.875405490398407),
            ["RightLowerArm"] = CFrame.new(1.7881393432617188e-07, -1.1920928955078125e-07, -5.960464477539063e-08, 1, -3.725290298461914e-08, 1.1920930376163597e-07, 5.960463766996327e-08, -0.4262903332710266, -0.9045863747596741, 1.341104365337742e-07, 0.9045864939689636, -0.42629051208496094),
            ["LeftHand"] = CFrame.new(-5.960464477539063e-08, 0, -3.725290298461914e-08, 0.915097713470459, -0.3965455889701843, -0.07313069701194763, 0.39795222878456116, 0.9173916578292847, 0.0051630293019115925, 0.06504204124212265, -0.03382713720202446, 0.9973090887069702),
            ["RightHand"] = CFrame.new(-2.0116567611694336e-07, 2.384185791015625e-07, 7.450580596923828e-08, 0.8581740260124207, 0.026813939213752747, -0.5126582980155945, -0.2976453900337219, 0.839635968208313, -0.4543333053588867, 0.4182639718055725, 0.542487382888794, 0.7285346388816833),
            ["RightUpperArm"] = CFrame.new(0, -3.5762786865234375e-07, 1.862645149230957e-09, 0.8271970748901367, -0.5360463857650757, 0.16852065920829773, 0.5388606190681458, 0.6717298030853271, -0.5083389282226562, 0.15929298102855682, 0.511305570602417, 0.8445072770118713),
            ["RightLowerLeg"] = CFrame.new(-1.4901161193847656e-08, -0.000060558319091796875, -0.00007209571049315855, 1, -5.2154071283894154e-08, -3.3527612686157227e-08, 5.21540641784668e-08, 0.9241632223129272, 0.38199755549430847, 2.8405338525772095e-08, -0.38199782371520996, 0.9241633415222168),
            ["LeftUpperLeg"] = CFrame.new(-5.960464477539063e-08, -2.4140354071278125e-07, -2.421438694000244e-08, 0.9619058966636658, 0.21741454303264618, -0.16573479771614075, -0.26934680342674255, 0.8574591279029846, -0.43842482566833496, 0.046790894120931625, 0.4663636088371277, 0.8833548426628113),
            ["LeftLowerLeg"] = CFrame.new(7.450580596923828e-08, 0.00006073713302612305, 0.00007200241088867188, 1, 1.862645149230957e-08, -3.166496753692627e-08, -5.7742006731587026e-08, 0.9177756309509277, 0.3970993161201477, 7.450581485102248e-09, -0.3970993757247925, 0.9177756309509277),
        }},
        {Time = 0.200, Data = {
            ["RightFoot"] = CFrame.new(-4.0978193283081055e-08, 4.172325134277344e-07, -2.8107024263590574e-08, 0.9495078325271606, 0.1212262287735939, -0.2893773913383484, -0.2170184999704361, 0.9198631644248962, -0.3267332911491394, 0.22657904028892517, 0.37303626537323, 0.899725615978241),
            ["LeftLowerArm"] = CFrame.new(2.9802322387695312e-08, 1.1920928955078125e-07, -3.2782554626464844e-07, 1, -1.1362135410308838e-07, 1.1175870895385742e-07, 4.842877388000488e-08, -0.24086329340934753, -0.9705590605735779, 1.7881393432617188e-07, 0.9705591201782227, -0.24086333811283112),
            ["LeftFoot"] = CFrame.new(-9.313225746154785e-08, -5.960464477539063e-08, 2.7939677238464355e-08, 0.9782288074493408, -0.206771120429039, -0.01772410050034523, 0.20752668380737305, 0.974208414554596, 0.08860448002815247, -0.00105390977114439, -0.09035367518663406, 0.9959092140197754),
            ["Head"] = CFrame.new(2.60770320892334e-08, -4.76837158203125e-07, 3.725290298461914e-09, 0.9505388736724854, -0.13127513229846954, 0.281500905752182, 0.11355884373188019, 0.9904311299324036, 0.07842573523521423, -0.2891026437282562, -0.042579710483551025, 0.9563506841659546),
            ["LowerTorso"] = CFrame.new(-0.17314548790454865, -0.13820600509643555, 0.11268769949674606, 0.9671997427940369, -0.05267971754074097, -0.24849462509155273, 0.04909089580178261, 0.9985814094543457, -0.02062131278216839, 0.24922843277454376, 0.007746102754026651, 0.968413770198822),
            ["UpperTorso"] = CFrame.new(-1.862645149230957e-09, 2.9802322387695312e-08, -3.725290298461914e-09, 0.9892154932022095, 0.07611605525016785, -0.12513652443885803, -0.07476143538951874, 0.9970811009407043, 0.015492712147533894, 0.12595055997371674, -0.00597023731097579, 0.9920186400413513),
            ["HumanoidRootPart"] = CFrame.new(0, 0, 0, 1, 0, 0, 0, 1, 0, 0, 0, 1),
            ["RightUpperLeg"] = CFrame.new(-1.4901161193847656e-07, -3.597233444452286e-08, 1.6931153368204832e-08, 0.8963834643363953, -0.06588848680257797, -0.43835535645484924, 0.10817025601863861, 0.9915097951889038, 0.07216265797615051, 0.42987897992134094, -0.11210253089666367, 0.8959001302719116),
            ["LeftUpperArm"] = CFrame.new(1.1920928955078125e-07, -4.76837158203125e-07, 1.4901161193847656e-08, 0.874519407749176, 0.2617887854576111, -0.4082675874233246, -0.14923922717571259, 0.9462165832519531, 0.28705739974975586, 0.4614580273628235, -0.1901077777147293, 0.8665539026260376),
            ["RightLowerArm"] = CFrame.new(1.1920928955078125e-07, -2.384185791015625e-07, 2.980232238769531e-07, 1, -8.940696716308594e-08, 1.6763807764164085e-07, 4.470347647611561e-08, -0.5, -0.8660253882408142, 1.341104365337742e-07, 0.8660253882408142, -0.5000001192092896),
            ["LeftHand"] = CFrame.new(-5.960464477539063e-08, 1.7881393432617188e-07, 1.1920928955078125e-07, 0.9240517020225525, -0.37612420320510864, -0.06825852394104004, 0.37724775075912476, 0.9261042475700378, 0.0039003645069897175, 0.06174739450216293, -0.029354438185691833, 0.9976601004600525),
            ["RightHand"] = CFrame.new(-8.940696716308594e-08, -5.960464477539063e-08, -1.4901161193847656e-08, 0.873319149017334, 0.10959473252296448, -0.4746606945991516, -0.34084683656692505, 0.833611249923706, -0.43464455008506775, 0.34804776310920715, 0.5413699746131897, 0.7653636336326599),
            ["RightUpperArm"] = CFrame.new(-5.960464477539063e-08, -4.76837158203125e-07, 2.2351741790771484e-08, 0.82186359167099, -0.5646982192993164, 0.07520855963230133, 0.4354434311389923, 0.5375764966011047, -0.7220807075500488, 0.36732739210128784, 0.6262009143829346, 0.6877086758613586),
            ["RightLowerLeg"] = CFrame.new(4.470348358154297e-08, -0.000060498714447021484, -0.00007209757313830778, 1, -4.4703490686970326e-08, -7.450581485102248e-09, 5.960463766996327e-08, 0.9296744465827942, 0.36838212609291077, 4.610046033803883e-08, -0.3683823049068451, 0.9296745657920837),
            ["LeftUpperLeg"] = CFrame.new(0, 1.1829251889139414e-07, -4.842877388000488e-08, 0.9673519134521484, 0.20471538603305817, -0.14940567314624786, -0.2505003809928894, 0.8618155717849731, -0.44104835391044617, 0.038470782339572906, 0.4640750288963318, 0.8849601745605469),
            ["LeftLowerLeg"] = CFrame.new(2.9802322387695312e-08, 0.00006073713302612305, 0.00007207691669464111, 1, 4.470348358154297e-08, 4.470348358154297e-08, -3.3527612686157227e-08, 0.9173567891120911, 0.39806607365608215, 0, -0.39806604385375977, 0.9173567891120911),
        }},
        {Time = 0.233, Data = {
            ["RightFoot"] = CFrame.new(3.3527612686157227e-08, 2.980232238769531e-07, -7.281050784513354e-08, 0.9502705335617065, 0.13439981639385223, -0.2809321880340576, -0.22601373493671417, 0.9182327389717102, -0.32521718740463257, 0.2142518311738968, 0.37253904342651367, 0.9029457569122314),
            ["LeftLowerArm"] = CFrame.new(2.9802322387695312e-08, 4.172325134277344e-07, 0, 1, -7.543712854385376e-08, 1.1920927533992653e-07, 6.33299421792799e-08, -0.23373472690582275, -0.9723003506660461, 9.313227167240257e-08, 0.9723004698753357, -0.23373475670814514),
            ["LeftFoot"] = CFrame.new(0, 0, -5.774199962615967e-08, 0.9810364246368408, -0.19208326935768127, -0.02591579407453537, 0.19369344413280487, 0.9764743447303772, 0.09476666152477264, 0.007103007286787033, -0.0979892686009407, 0.9951621294021606),
            ["Head"] = CFrame.new(3.725290298461914e-09, 0, 0, 0.9488728642463684, -0.15536057949066162, 0.2747790813446045, 0.13861149549484253, 0.9871522784233093, 0.07948170602321625, -0.2835971415042877, -0.03733039274811745, 0.958216667175293),
            ["LowerTorso"] = CFrame.new(-0.18028263747692108, -0.13902592658996582, 0.10190977901220322, 0.9739259481430054, -0.048760853707790375, -0.2215641289949417, 0.042889803647994995, 0.998591423034668, -0.03123554028570652, 0.22277511656284332, 0.020918261259794235, 0.9746454358100891),
            ["UpperTorso"] = CFrame.new(1.30385160446167e-08, -2.384185791015625e-07, 7.450580596923828e-09, 0.9906483888626099, 0.06937836110591888, -0.11748436093330383, -0.06802120059728622, 0.9975630640983582, 0.015527084469795227, 0.11827528476715088, -0.007390456274151802, 0.992953360080719),
            ["HumanoidRootPart"] = CFrame.new(0, 0, 0, 1, 0, 0, 0, 1, 0, 0, 0, 1),
            ["RightUpperLeg"] = CFrame.new(-5.960464477539063e-08, -3.520399332046509e-07, 2.0656443666666746e-08, 0.8787741661071777, -0.0724184513092041, -0.47171109914779663, 0.1328568309545517, 0.9864692091941833, 0.0960598960518837, 0.4583720862865448, -0.14708510041236877, 0.8765050172805786),
            ["LeftUpperArm"] = CFrame.new(0, 0, -1.4901161193847656e-08, 0.8686654567718506, 0.27012595534324646, -0.4152736961841583, -0.14811177551746368, 0.9415310621261597, 0.30262547731399536, 0.47274017333984375, -0.20137342810630798, 0.8578843474388123),
            ["RightLowerArm"] = CFrame.new(5.960464477539063e-08, 0, 2.9802322387695312e-08, 1, -8.195638656616211e-08, 1.043081283569336e-07, 9.685753354915505e-08, -0.5, -0.8660253286361694, 1.4901159772762185e-07, 0.866025447845459, -0.5000001192092896),
            ["LeftHand"] = CFrame.new(-1.1920928955078125e-07, 5.960464477539063e-08, -8.195638656616211e-08, 0.9307119250297546, -0.35936838388442993, -0.06804285198450089, 0.36030030250549316, 0.9328351616859436, 0.0015332249458879232, 0.06292174756526947, -0.025942817330360413, 0.997681200504303),
            ["RightHand"] = CFrame.new(-1.7881393432617188e-07, -1.1920928955078125e-07, 2.9802322387695312e-08, 0.8972935080528259, 0.18460732698440552, -0.4009793996810913, -0.36641907691955566, 0.8180395364761353, -0.4433378577232361, 0.24617354571819305, 0.5447307229042053, 0.8016652464866638),
            ["RightUpperArm"] = CFrame.new(1.1920928955078125e-07, 1.1920928955078125e-07, -1.4901161193847656e-08, 0.8133565783500671, -0.5812179446220398, -0.025234412401914597, 0.2710639536380768, 0.41699275374412537, -0.8675491213798523, 0.5147578120231628, 0.6987866163253784, 0.4967110753059387),
            ["RightLowerLeg"] = CFrame.new(-2.9802322387695312e-08, -0.00006031990051269531, -0.00007213110075099394, 1, -7.450581307466564e-08, -2.2351745343485163e-08, 5.21540641784668e-08, 0.9354415535926819, 0.3534812033176422, -4.284083843231201e-08, -0.3534814119338989, 0.9354417324066162),
            ["LeftUpperLeg"] = CFrame.new(0, -1.0333315003663301e-07, -1.862645149230957e-09, 0.9725774526596069, 0.18937233090400696, -0.1350233107805252, -0.2300516664981842, 0.8686502575874329, -0.4387744963169098, 0.03419627994298935, 0.45780450105667114, 0.8883950114250183),
            ["LeftLowerLeg"] = CFrame.new(-5.21540641784668e-08, 0.000060677528381347656, 0.00007221102714538574, 1, 2.2351741790771484e-08, 4.0978193283081055e-08, -2.9802322387695312e-08, 0.9183328151702881, 0.3958092927932739, 7.450580596923828e-09, -0.39580926299095154, 0.9183328151702881),
        }},
        {Time = 0.267, Data = {
            ["RightFoot"] = CFrame.new(-1.1175870895385742e-07, 2.980232238769531e-07, -2.8107024263590574e-08, 0.9506877660751343, 0.14770758152008057, -0.2727183997631073, -0.2350766360759735, 0.9167590141296387, -0.3229423761367798, 0.20231592655181885, 0.37112730741500854, 0.9062741994857788),
            ["LeftLowerArm"] = CFrame.new(-2.682209014892578e-07, 5.960464477539062e-07, 2.9802322387695312e-08, 1, -1.0803341865539551e-07, 8.568167686462402e-08, 8.195639367158947e-08, -0.22736811637878418, -0.9738088846206665, 1.0430814256778831e-07, 0.9738089442253113, -0.22736816108226776),
            ["LeftFoot"] = CFrame.new(-1.1920928955078125e-07, 5.960464477539063e-08, 4.0978193283081055e-08, 0.9832887649536133, -0.1794293224811554, -0.03079715371131897, 0.1816367655992508, 0.9783350229263306, 0.09934157133102417, 0.012305125594139099, -0.1032753586769104, 0.9945767521858215),
            ["Head"] = CFrame.new(3.725290298461914e-09, 2.384185791015625e-07, 1.1175870895385742e-08, 0.9469205737113953, -0.17415739595890045, 0.27020463347435, 0.15884681046009064, 0.9842403531074524, 0.07770941406488419, -0.27948006987571716, -0.030663393437862396, 0.9596618413925171),
            ["LowerTorso"] = CFrame.new(-0.1877269148826599, -0.1400773525238037, 0.09022465348243713, 0.980087399482727, -0.044701918959617615, -0.19346949458122253, 0.03696040064096451, 0.9983721375465393, -0.04344210401177406, 0.1950964778661728, 0.03542635217308998, 0.9801440238952637),
            ["UpperTorso"] = CFrame.new(2.7939677238464355e-08, 1.1920928955078125e-07, -3.725290298461914e-09, 0.9920725226402283, 0.06233305484056473, -0.10911809653043747, -0.0610760897397995, 0.9980230331420898, 0.014827152714133263, 0.10982663184404373, -0.008045101538300514, 0.993918240070343),
            ["HumanoidRootPart"] = CFrame.new(0, 0, 0, 1, 0, 0, 0, 1, 0, 0, 0, 1),
            ["RightUpperLeg"] = CFrame.new(-2.9802322387695312e-08, -1.4901161193847656e-07, 2.0656443666666746e-08, 0.8591300845146179, -0.07708506286144257, -0.5059183239936829, 0.15979421138763428, 0.9795697927474976, 0.12210220098495483, 0.4861700236797333, -0.18574458360671997, 0.8538956642150879),
            ["LeftUpperArm"] = CFrame.new(0, 2.384185791015625e-07, 2.2351741790771484e-08, 0.8616494536399841, 0.27741342782974243, -0.4249730706214905, -0.14269424974918365, 0.9360272288322449, 0.3217006325721741, 0.487030565738678, -0.21655195951461792, 0.8461126089096069),
            ["RightLowerArm"] = CFrame.new(-5.960464477539063e-08, 5.960464477539063e-08, -3.501772880554199e-07, 1, -6.70552182668871e-08, 1.890584542252327e-07, 9.685753354915505e-08, -0.5, -0.8660253286361694, 1.4156101713069802e-07, 0.866025447845459, -0.5000001192092896),
            ["LeftHand"] = CFrame.new(1.1920928955078125e-07, 0, -3.725290298461914e-08, 0.9365020990371704, -0.34218665957450867, -0.07662990689277649, 0.34258216619491577, 0.9394509196281433, -0.008335360325872898, 0.07484229654073715, -0.01844591461122036, 0.9970248341560364),
            ["RightHand"] = CFrame.new(-2.9802322387695312e-08, 0, 1.1920928955078125e-07, 0.9332289099693298, 0.23774109780788422, -0.26937544345855713, -0.3437826335430145, 0.8087316751480103, -0.477248877286911, 0.10439072549343109, 0.53798907995224, 0.8364630341529846),
            ["RightUpperArm"] = CFrame.new(0, 1.1920928955078125e-07, 1.4901161193847656e-08, 0.7933388352394104, -0.5957669019699097, -0.12520024180412292, 0.09841310232877731, 0.32845932245254517, -0.9393770694732666, 0.6007730960845947, 0.7329232096672058, 0.31921082735061646),
            ["RightLowerLeg"] = CFrame.new(-1.4901161193847656e-08, -0.000060498714447021484, -0.00007211992488009855, 1, -8.195639367158947e-08, 6.705522537231445e-08, 4.0978189730367376e-08, 0.9422836303710938, 0.33481565117836, -1.4901159417490817e-08, -0.3348158299922943, 0.9422836899757385),
