return {
    ["Deep Explorer"] = {
        {Time = 0.000, Data = {
            ["RightFoot"] = CFrame.new(1.578591763973236e-07, -1.7881393432617188e-07, -4.6733475755900145e-08, 0.9958648681640625, -0.043623410165309906, 0.0796879455447197, 0.0769263207912445, 0.8715438842773438, -0.48424556851387024, -0.048327017575502396, 0.4883732199668884, 0.871295690536499),
            ["LeftLowerArm"] = CFrame.new(0.0000014603137969970703, -2.384185791015625e-07, 0.00000476837158203125, 1, 1.4156103134155273e-07, 8.24220549588972e-08, -1.0151417484394187e-07, 0.8352823853492737, -0.5498212575912476, -7.869676466043529e-08, 0.5498211979866028, 0.8352824449539185),
            ["RightUpperArm"] = CFrame.new(-0.07661336660385132, -0.14332592487335205, -0.11271229386329651, 0.9805875420570374, -0.09682013094425201, -0.17051099240779877, 0.023985080420970917, 0.9222869277000427, -0.3857610821723938, 0.19460944831371307, 0.37418270111083984, 0.9067053198814392),
            ["Head"] = CFrame.new(-3.073364496231079e-08, -5.960464477539062e-07, 2.3189932107925415e-07, 0.9939417243003845, -0.08686073124408722, -0.06734449416399002, 0.0718148797750473, 0.9770926833152771, -0.20033127069473267, 0.08320265263319016, 0.19428126513957977, 0.9774109721183777),
            ["RightHand"] = CFrame.new(1.30385160446167e-07, 0.0000013113021850585938, -7.003545761108398e-07, 0.8339186906814575, -0.3264624774456024, 0.4449734389781952, 0.23934708535671234, 0.9404423832893372, 0.2414151132106781, -0.4972853362560272, -0.09481742233037949, 0.8623905777931213),
            ["UpperTorso"] = CFrame.new(-4.470348358154297e-08, 2.9802322387695312e-08, 4.284083843231201e-08, 0.9829133152961731, -0.039943572133779526, -0.17968308925628662, 0.14157097041606903, 0.7879274487495422, 0.5992728471755981, 0.11764020472764969, -0.6144711971282959, 0.7801192998886108),
            ["HumanoidRootPart"] = CFrame.new(0, 0, 0, 1, 0, 0, 0, 1, 0, 0, 0, 1),
            ["RightUpperLeg"] = CFrame.new(-1.1920928955078125e-07, 1.5273690223693848e-07, -4.639878170564771e-08, 0.9544971585273743, -0.051164280623197556, 0.2937982380390167, 0.24846090376377106, 0.6812877655029297, -0.6885595917701721, -0.16493143141269684, 0.7302254438400269, 0.6629994511604309),
            ["LeftUpperArm"] = CFrame.new(0.23050647974014282, 0.07529962062835693, -0.09006806463003159, 0.49009448289871216, 0.06974703818559647, -0.8688744306564331, -0.3427508473396301, 0.9319196343421936, -0.1185230016708374, 0.801454484462738, 0.3558948338031769, 0.4806346595287323),
            ["RightLowerArm"] = CFrame.new(4.76837158203125e-07, 7.152557373046875e-07, -0.000003885477781295776, 1, -0.00001917337613122072, 0.000003097579565292108, 0.000018941238522529602, 0.9276846647262573, -0.3733646869659424, 0.000004304572939872742, 0.37336471676826477, 0.9276847243309021),
            ["LeftHand"] = CFrame.new(-0.0000014938414096832275, -0.0000011324882507324219, 2.384185791015625e-07, 0.28196483850479126, -0.06461194157600403, -0.9572466015815735, 0.1094445139169693, 0.9933831095695496, -0.0348132885992527, 0.9531620144844055, -0.0949491336941719, 0.28717076778411865),
            ["LeftFoot"] = CFrame.new(-2.0489096641540527e-08, -1.1920928955078125e-07, 0, 0.9790204763412476, 0.09143643081188202, 0.18209430575370789, 0.008934217505156994, 0.8735393285751343, -0.48667165637016296, -0.20356616377830505, 0.47808828949928284, 0.8543959259986877),
            ["LowerTorso"] = CFrame.new(-0.2176910638809204, -0.39079344272613525, 0.3580021560192108, 0.950151264667511, 0.28959548473358154, 0.11553002893924713, -0.2676997482776642, 0.9476816058158875, -0.1738865226507187, -0.15984243154525757, 0.13429111242294312, 0.9779654741287231),
            ["RightLowerLeg"] = CFrame.new(-2.7008354663848877e-08, -0.0007265806198120117, 0.000046190172724891454, 1, 1.7741695046424866e-07, 1.0244550985305523e-08, -1.4482067456356162e-07, 0.0059328339993953705, 0.999982476234436, 1.657754324924099e-07, -0.999982476234436, 0.005932976957410574),
            ["LeftUpperLeg"] = CFrame.new(-8.940696716308594e-08, 1.1548399925231934e-07, 2.60770320892334e-08, 0.9066929221153259, -0.2378171980381012, 0.3483547568321228, 0.33828073740005493, 0.9033167362213135, -0.26378971338272095, -0.25194090604782104, 0.35701802372932434, 0.8994798064231873),
            ["LeftLowerLeg"] = CFrame.new(-1.3131648302078247e-07, -0.0007265210151672363, 0.0000809687189757824, 1, 1.3411049337719305e-07, 9.685756907629184e-08, -6.705523247774181e-08, 0.520175576210022, 0.8540593981742859, 4.842878098543224e-08, -0.8540593385696411, 0.5201754570007324),
        }},
        {Time = 0.033, Data = {
            ["RightFoot"] = CFrame.new(1.5227124094963074e-07, -1.7881393432617188e-07, -3.183231456205249e-08, 0.997678279876709, -0.036861371248960495, 0.05726582556962967, 0.06252606958150864, 0.8290457129478455, -0.5556743144989014, -0.026993198320269585, 0.5579646229743958, 0.829425573348999),
            ["LeftLowerArm"] = CFrame.new(0.0000012218952178955078, -5.364418029785156e-07, 0.000004887580871582031, 1, 1.303851746570217e-07, 3.166496753692627e-08, -1.266598843585598e-07, 0.8864579796791077, -0.46280917525291443, -1.3411046495548362e-07, 0.4628092050552368, 0.8864579200744629),
            ["RightUpperArm"] = CFrame.new(-0.07237404584884644, -0.14597702026367188, -0.12026739865541458, 0.940790057182312, -0.06779112666845322, -0.332142174243927, -0.08670724928379059, 0.8990842700004578, -0.42910298705101013, 0.3277131915092468, 0.4324948489665985, 0.839971661567688),
            ["Head"] = CFrame.new(3.5390257835388184e-08, -8.344650268554688e-07, -9.033828973770142e-08, 0.9920970797538757, -0.11006265878677368, -0.060246922075748444, 0.08720483630895615, 0.9500654935836792, -0.29961782693862915, 0.09021533280611038, 0.2919960916042328, 0.9521551728248596),
            ["RightHand"] = CFrame.new(1.7136335372924805e-07, 0.0000010728836059570312, -7.152557373046875e-07, 0.6427837610244751, -0.510915219783783, 0.5707835555076599, 0.5106565356254578, 0.8411828875541687, 0.1778806447982788, -0.5710157155990601, 0.17713576555252075, 0.8016012907028198),
            ["UpperTorso"] = CFrame.new(7.450580596923828e-09, -3.2782554626464844e-07, 2.2351741790771484e-08, 0.9837547540664673, -0.01613631844520569, -0.17879125475883484, 0.12441326677799225, 0.7792642116546631, 0.6142218112945557, 0.12941423058509827, -0.6264877915382385, 0.7686126232147217),
            ["HumanoidRootPart"] = CFrame.new(0, 0, 0, 1, 0, 0, 0, 1, 0, 0, 0, 1),
            ["RightUpperLeg"] = CFrame.new(2.9802322387695312e-08, -4.172325134277344e-07, -3.336026566103101e-08, 0.9516695737838745, -0.024597257375717163, 0.3061371445655823, 0.2491041123867035, 0.6448667645454407, -0.7225608825683594, -0.1796446144580841, 0.7638992071151733, 0.6198272109031677),
            ["LeftUpperArm"] = CFrame.new(0.2344164252281189, 0.07755208015441895, -0.09463007003068924, 0.45967137813568115, -0.028155067935585976, -0.8876428008079529, -0.33023855090141296, 0.9224060773849487, -0.20027375221252441, 0.8244056701660156, 0.38519394397735596, 0.4147057831287384),
            ["RightLowerArm"] = CFrame.new(3.5762786865234375e-07, 2.980232238769531e-07, -0.000003859400749206543, 1, -0.000019388273358345032, 4.926696419715881e-07, 0.000018931925296783447, 0.9693578481674194, -0.2456529140472412, 0.000004307832568883896, 0.24565300345420837, 0.9693578481674194),
            ["LeftHand"] = CFrame.new(-0.0000016093254089355469, -0.0000010132789611816406, 1.1920928955078125e-07, 0.5045866370201111, 0.10518167912960052, -0.8569297790527344, -0.12124860286712646, 0.9913476705551147, 0.050285615026950836, 0.8548047542572021, 0.07852817326784134, 0.5129743218421936),
            ["LeftFoot"] = CFrame.new(-5.029141902923584e-08, -1.1920928955078125e-07, -2.2351741790771484e-08, 0.9740177392959595, 0.09686852246522903, 0.20470954477787018, 0.03005218505859375, 0.840630292892456, -0.5407751798629761, -0.22446900606155396, 0.5328765511512756, 0.8158776164054871),
            ["LowerTorso"] = CFrame.new(-0.22280454635620117, -0.46333301067352295, 0.36600261926651, 0.9501248002052307, 0.28478750586509705, 0.1271178275346756, -0.26164695620536804, 0.9497089385986328, -0.172029048204422, -0.16971664130687714, 0.13018907606601715, 0.9768557548522949),
            ["RightLowerLeg"] = CFrame.new(-2.7008354663848877e-08, -0.0007263422012329102, 0.00004597317456500605, 1, 1.4621767263633956e-07, 1.0337685552030962e-07, -5.4016702222270396e-08, -0.08241670578718185, 0.9965980648994446, 1.639127589214695e-07, -0.9965980052947998, -0.08241670578718185),
            ["LeftUpperLeg"] = CFrame.new(-2.9802322387695312e-08, -2.980232238769531e-07, -2.2351741790771484e-08, 0.9100934863090515, -0.22746996581554413, 0.346391886472702, 0.3513556122779846, 0.8667578101158142, -0.35394933819770813, -0.21972496807575226, 0.4438338279724121, 0.8687534928321838),
            ["LeftLowerLeg"] = CFrame.new(2.7939677238464355e-09, -0.0007265806198120117, 0.00008095428347587585, 1, 7.450580596923828e-08, 7.450580596923828e-09, -1.4156103134155273e-07, 0.38202181458473206, 0.9241533279418945, 6.705522537231445e-08, -0.9241533875465393, 0.3820217251777649),
        }},
        {Time = 0.067, Data = {
            ["RightFoot"] = CFrame.new(1.755543053150177e-07, -5.960464477539063e-08, 3.149762051180005e-08, 0.9986814856529236, -0.03325672075152397, 0.039107125252485275, 0.049835871905088425, 0.8108794689178467, -0.5830875039100647, -0.012319648638367653, 0.5842674970626831, 0.8114675283432007),
            ["LeftLowerArm"] = CFrame.new(0.0000013709068298339844, -2.980232238769531e-07, 0.000004857778549194336, 1, 1.6391278734317893e-07, 8.940698137394065e-08, -1.2107194891086692e-07, 0.9031969308853149, -0.4292266368865967, -1.611188196193325e-07, 0.4292266070842743, 0.9031968712806702),
            ["RightUpperArm"] = CFrame.new(-0.06979125738143921, -0.14617633819580078, -0.1252962052822113, 0.8365790247917175, -0.06012086197733879, -0.5445377826690674, -0.22486934065818787, 0.8686880469322205, -0.4413784444332123, 0.49956926703453064, 0.49169763922691345, 0.7132067084312439),
            ["Head"] = CFrame.new(-4.0978193283081055e-08, -7.152557373046875e-07, 7.171183824539185e-08, 0.9904290437698364, -0.13063088059425354, -0.044563405215740204, 0.10263455659151077, 0.9129215478897095, -0.39501965045928955, 0.09228455275297165, 0.3866649270057678, 0.9175911545753479),
            ["RightHand"] = CFrame.new(3.129243850708008e-07, 0.0000011324882507324219, -7.599592208862305e-07, 0.4619591534137726, -0.6206391453742981, 0.6335614323616028, 0.6996816396713257, 0.6940118074417114, 0.16968593001365662, -0.5450130701065063, 0.3649037182331085, 0.7548553943634033),
            ["UpperTorso"] = CFrame.new(-8.195638656616211e-08, 3.2782554626464844e-07, 2.2351741790771484e-08, 0.9841706156730652, 0.008134483359754086, -0.17703740298748016, 0.10579613596200943, 0.7744576930999756, 0.6237167716026306, 0.14218159019947052, -0.6325733661651611, 0.7613378167152405),
            ["HumanoidRootPart"] = CFrame.new(0, 0, 0, 1, 0, 0, 0, 1, 0, 0, 0, 1),
            ["RightUpperLeg"] = CFrame.new(-5.960464477539063e-08, 6.332993507385254e-08, 1.673470251262188e-10, 0.9513338804244995, 0.003400190966203809, 0.3081435263156891, 0.2424979954957962, 0.608761727809906, -0.7553834915161133, -0.19015437364578247, 0.7933458685874939, 0.5783109068870544),
            ["LeftUpperArm"] = CFrame.new(0.23612838983535767, 0.0774691104888916, -0.09887750446796417, 0.44206124544143677, -0.11236076802015305, -0.8899197578430176, -0.31803908944129944, 0.9080328345298767, -0.2726311683654785, 0.8387091755867004, 0.40354880690574646, 0.3656708002090454),
            ["RightLowerArm"] = CFrame.new(3.2782554626464844e-07, 4.76837158203125e-07, -0.000003885477781295776, 1, -0.000019400380551815033, -4.9639493227005e-07, 0.000018920747606898658, 0.9796857833862305, -0.2005387842655182, 0.000004290136985218851, 0.2005387395620346, 0.9796858429908752),
            ["LeftHand"] = CFrame.new(-0.0000015050172805786133, -9.5367431640625e-07, 1.4901161193847656e-07, 0.627386212348938, 0.22600282728672028, -0.7451903820037842, -0.3371468186378479, 0.9414507150650024, 0.0016766092739999294, 0.7019392251968384, 0.2501869201660156, 0.666849672794342),
            ["LeftFoot"] = CFrame.new(-3.725290298461914e-09, -1.1920928955078125e-07, -7.450580596923828e-09, 0.9729530811309814, 0.1039644405245781, 0.20628619194030762, 0.03622352331876755, 0.8132889270782471, -0.5807314515113831, -0.22814542055130005, 0.5724968314170837, 0.7875257730484009),
            ["LowerTorso"] = CFrame.new(-0.22658894956111908, -0.5194000005722046, 0.3718910813331604, 0.952051043510437, 0.27410465478897095, 0.1358882039785385, -0.2502642273902893, 0.9532382488250732, -0.16942447423934937, -0.17597389221191406, 0.12729278206825256, 0.9761300086975098),
            ["RightLowerLeg"] = CFrame.new(-5.587935447692871e-09, -0.0007263422012329102, 0.00004601060209097341, 1, 1.5646223516796454e-07, 8.009376273321323e-08, -8.195640788244418e-08, -0.15400561690330505, 0.9880700707435608, 1.6018752546642645e-07, -0.988070011138916, -0.1540054976940155),
            ["LeftUpperLeg"] = CFrame.new(-1.1920928955078125e-07, 1.043081283569336e-07, 3.725290298461914e-08, 0.9117415547370911, -0.20731009542942047, 0.3546125888824463, 0.35265666246414185, 0.8377127051353455, -0.4169778823852539, -0.21061979234218597, 0.505232572555542, 0.8368867039680481),
            ["LeftLowerLeg"] = CFrame.new(3.725290298461914e-09, -0.0007266998291015625, 0.00008093193173408508, 1, 1.2665985593685036e-07, 5.21540641784668e-08, -7.450580596923828e-08, 0.27378615736961365, 0.9617905616760254, 2.2351741790771484e-08, -0.9617905616760254, 0.2737862467765808),
        }},
        {Time = 0.100, Data = {
            ["RightFoot"] = CFrame.new(2.123415470123291e-07, 0, -3.55576048605144e-08, 0.9992222189903259, -0.03040206804871559, 0.025113703683018684, 0.039373137056827545, 0.8043553829193115, -0.5928427577018738, -0.0021768028382211924, 0.5933703184127808, 0.8049266934394836),
            ["LeftLowerArm"] = CFrame.new(0.0000013113021850585938, -7.748603820800781e-07, 0.0000044442713260650635, 1, 1.4901161193847656e-07, -3.725290298461914e-09, -1.1269004573932762e-07, 0.8705243468284607, -0.492125540971756, -7.334165985639629e-08, 0.4921254813671112, 0.8705242872238159),
            ["RightUpperArm"] = CFrame.new(-0.06844860315322876, -0.14436817169189453, -0.12782889604568481, 0.8302674889564514, -0.10381323099136353, -0.5476117134094238, -0.21144236624240875, 0.8503926992416382, -0.4817933440208435, 0.5157015323638916, 0.5158054232597351, 0.6841028928756714),
            ["Head"] = CFrame.new(6.565824151039124e-08, -7.152557373046875e-07, -2.942979335784912e-07, 0.9884723424911499, -0.1500394195318222, -0.020264333114027977, 0.12085551023483276, 0.8625617623329163, -0.4913059175014496, 0.09119445830583572, 0.48319295048713684, 0.8707512617111206),
            ["RightHand"] = CFrame.new(1.7881393432617188e-07, 8.344650268554688e-07, -9.08970832824707e-07, 0.3663651943206787, -0.6459715366363525, 0.6696988344192505, 0.7845646739006042, 0.6014060378074646, 0.150894433259964, -0.5002346634864807, 0.47014015913009644, 0.727141261100769),
            ["UpperTorso"] = CFrame.new(-3.725290298461914e-08, 8.940696716308594e-08, -7.450580596923828e-09, 0.984352707862854, 0.0373629629611969, -0.17220298945903778, 0.08049175888299942, 0.7740030884742737, 0.6280449032783508, 0.1567513346672058, -0.6320786476135254, 0.7588845491409302),
            ["HumanoidRootPart"] = CFrame.new(0, 0, 0, 1, 0, 0, 0, 1, 0, 0, 0, 1),
            ["RightUpperLeg"] = CFrame.new(-5.960464477539063e-08, 1.4901161193847656e-08, -9.145878721028566e-09, 0.9540101289749146, 0.027478232979774475, 0.2985122501850128, 0.22540076076984406, 0.5907484889030457, -0.7747328281402588, -0.19763390719890594, 0.8063878417015076, 0.5573863387107849),
            ["LeftUpperArm"] = CFrame.new(0.23601418733596802, 0.07523250579833984, -0.10245583206415176, 0.4382420778274536, -0.19211189448833466, -0.8780869841575623, -0.32063889503479004, 0.8792129755020142, -0.35238519310951233, 0.8397229313850403, 0.4359787106513977, 0.3237096965312958),
            ["RightLowerArm"] = CFrame.new(4.172325134277344e-07, 4.76837158203125e-07, -0.00000363960862159729, 1, -0.000019412487745285034, 3.3248215913772583e-07, 0.000018923074094345793, 0.9705813527107239, -0.24077342450618744, 0.000004380707650852855, 0.24077343940734863, 0.9705813527107239),
            ["LeftHand"] = CFrame.new(-0.0000013709068298339844, -0.000001430511474609375, 2.384185791015625e-07, 0.6907690167427063, 0.2975224554538727, -0.659028172492981, -0.494009405374527, 0.8597327470779419, -0.12967050075531006, 0.5280084013938904, 0.4151386618614197, 0.7408559322357178),
            ["LeftFoot"] = CFrame.new(4.842877388000488e-08, -1.1920928955078125e-07, 2.2351741790771484e-08, 0.9740869402885437, 0.11117811501026154, 0.19696202874183655, 0.031961552798748016, 0.7944401502609253, -0.606501042842865, -0.2239040732383728, 0.5970799326896667, 0.7703003287315369),
            ["LowerTorso"] = CFrame.new(-0.22952426970005035, -0.550223708152771, 0.37539759278297424, 0.9565601348876953, 0.25409838557243347, 0.14292213320732117, -0.2299850881099701, 0.9589844942092896, -0.16569754481315613, -0.1791635900735855, 0.1256297081708908, 0.9757651090621948),
            ["RightLowerLeg"] = CFrame.new(-5.774199962615967e-08, -0.0007263422012329102, 0.000046092849515844136, 1, 1.6018749704471702e-07, 1.0989607801548118e-07, -7.54371214384264e-08, -0.18283683061599731, 0.9831433296203613, 1.8626448650138627e-07, -0.9831432700157166, -0.18283671140670776),
            ["LeftUpperLeg"] = CFrame.new(-1.4901161193847656e-07, 5.960464477539063e-08, 0, 0.915388822555542, -0.1795286387205124, 0.36032333970069885, 0.34128114581108093, 0.8208006024360657, -0.4580543041229248, -0.21351969242095947, 0.542269229888916, 0.8126213550567627),
            ["LeftLowerLeg"] = CFrame.new(-2.2351741790771484e-08, -0.0007263422012329102, 0.000080890953540802, 1, 1.0430814256778831e-07, 5.215405707303944e-08, -7.450580596923828e-08, 0.20525306463241577, 0.9787090420722961, 1.1175870895385742e-07, -0.9787089824676514, 0.20525288581848145),
        }},
        {Time = 0.133, Data = {
            ["RightFoot"] = CFrame.new(1.5925616025924683e-07, 0, 1.287116901949048e-08, 0.9994370937347412, -0.029252326115965843, 0.016426626592874527, 0.03329291567206383, 0.8043939471244812, -0.5931625962257385, 0.004137840121984482, 0.5933758020401001, 0.8049151301383972),
            ["LeftLowerArm"] = CFrame.new(0.0000013113021850585938, -5.960464477539062e-07, 0.000004827976226806641, 1, 2.0861628513557662e-07, 6.332994928470725e-08, -1.0337682709860019e-07, 0.7635995149612427, -0.6456903219223022, -1.2642706792576064e-07, 0.6456902027130127, 0.7635995149612427),
            ["RightUpperArm"] = CFrame.new(-0.06846761703491211, -0.1407315731048584, -0.1286049485206604, 0.8150936365127563, -0.20638211071491241, -0.5413210988044739, -0.15767116844654083, 0.8200932145118713, -0.5500790476799011, 0.5574604868888855, 0.5337166786193848, 0.6359124183654785),
            ["Head"] = CFrame.new(-4.831235855817795e-08, -4.76837158203125e-07, 6.426125764846802e-08, 0.9857980012893677, -0.16782093048095703, 0.006203746888786554, 0.14212343096733093, 0.8140298128128052, -0.5631665587425232, 0.08946125209331512, 0.5560500025749207, 0.8263201713562012),
            ["RightHand"] = CFrame.new(3.6228448152542114e-07, 8.940696716308594e-07, -7.450580596923828e-07, 0.3607635200023651, -0.6911928653717041, 0.6261799931526184, 0.8052082657814026, 0.5696176886558533, 0.16485010087490082, -0.47062650322914124, 0.44473373889923096, 0.7620518803596497),
            ["UpperTorso"] = CFrame.new(-5.21540641784668e-08, -5.960464477539063e-08, -1.6763806343078613e-08, 0.9836161136627197, 0.06962234526872635, -0.16628971695899963, 0.051072292029857635, 0.7770084142684937, 0.6274147629737854, 0.17289048433303833, -0.6256282329559326, 0.7607223391532898),
            ["HumanoidRootPart"] = CFrame.new(0, 0, 0, 1, 0, 0, 0, 1, 0, 0, 0, 1),
            ["RightUpperLeg"] = CFrame.new(-2.9802322387695312e-08, -9.685754776000977e-08, 1.6931153368204832e-08, 0.9587398767471313, 0.047453757375478745, 0.2802964448928833, 0.20099253952503204, 0.584133505821228, -0.7863776683807373, -0.20104706287384033, 0.8102692365646362, 0.550494372844696),
            ["LeftUpperArm"] = CFrame.new(0.23403501510620117, 0.07101178169250488, -0.10591231286525726, 0.4692229926586151, -0.25749632716178894, -0.8447043299674988, -0.34533920884132385, 0.8268632888793945, -0.4438896179199219, 0.8127550482749939, 0.4999927580356598, 0.29905959963798523),
            ["RightLowerArm"] = CFrame.new(2.086162567138672e-07, 6.556510925292969e-07, -0.000003769993782043457, 1, -0.00001927931407408323, 0.000002547633130234317, 0.000018935652406071313, 0.937575101852417, -0.34778299927711487, 0.000004308036750444444, 0.34778305888175964, 0.937575101852417),
            ["LeftHand"] = CFrame.new(-0.000001430511474609375, -0.0000011920928955078125, 1.6391277313232422e-07, 0.7312045097351074, 0.35719597339630127, -0.5811631083488464, -0.5701140761375427, 0.7878034710884094, -0.23310068249702454, 0.37457984685897827, 0.5017736554145813, 0.7796881198883057),
            ["LeftFoot"] = CFrame.new(-7.450580596923828e-08, -1.1920928955078125e-07, -2.9802322387695312e-08, 0.9762076735496521, 0.12511879205703735, 0.17709870636463165, 0.012031486257910728, 0.784220814704895, -0.6203655004501343, -0.21650376915931702, 0.6077361106872559, 0.7640568017959595),
            ["LowerTorso"] = CFrame.new(-0.23171979188919067, -0.5644642114639282, 0.37668275833129883, 0.9623643755912781, 0.22771044075489044, 0.14833314716815948, -0.20382827520370483, 0.9658060669898987, -0.1602272391319275, -0.17974644899368286, 0.12396251410245895, 0.9758711457252502),
            ["RightLowerLeg"] = CFrame.new(-1.862645149230957e-08, -0.0007264018058776855, 0.000046264212869573385, 1, 1.3224779138454323e-07, 1.937151665742931e-07, -6.519256601222878e-08, -0.18495026230812073, 0.9827479720115662, 2.0116563348437921e-07, -0.9827479124069214, -0.18495024740695953),
            ["LeftUpperLeg"] = CFrame.new(0, -7.82310962677002e-08, -7.450580596923828e-09, 0.9190210103988647, -0.14183437824249268, 0.36780881881713867, 0.3214804232120514, 0.8096423745155334, -0.4910491108894348, -0.22814592719078064, 0.5695280432701111, 0.7896755337715149),
            ["LeftLowerLeg"] = CFrame.new(5.960464477539063e-08, -0.0007263422012329102, 0.00008098781108856201, 1, 1.1175876579727628e-07, 4.4703490686970326e-08, -7.450581307466564e-08, 0.15297086536884308, 0.9882307648658752, 1.0430814256778831e-07, -0.9882307648658752, 0.15297068655490875),
        }},
        {Time = 0.167, Data = {
            ["RightFoot"] = CFrame.new(1.8440186977386475e-07, 0, 3.5222910810261965e-08, 0.9998037219047546, -0.01578729972243309, 0.011973751708865166, 0.019809143617749214, 0.810308575630188, -0.5856687426567078, -0.00045648968080058694, 0.585790753364563, 0.8104621767997742),
            ["LeftLowerArm"] = CFrame.new(0.0000011324882507324219, -7.748603820800781e-07, 0.000004738569259643555, 1, 1.6018749704471702e-07, -1.862645504502325e-08, -8.754432201385498e-08, 0.5861595869064331, -0.8101956844329834, -9.546056389808655e-08, 0.8101956844329834, 0.5861595869064331),
            ["RightUpperArm"] = CFrame.new(-0.07116478681564331, -0.13395345211029053, -0.12844479084014893, 0.7448897361755371, -0.33267274498939514, -0.5783321261405945, -0.1678866147994995, 0.7454683184623718, -0.6450514197349548, 0.6457191705703735, 0.57758629322052, 0.4994403123855591),
            ["Head"] = CFrame.new(2.3283064365386963e-08, -8.344650268554688e-07, -2.2351741790771484e-07, 0.9825270771980286, -0.18396525084972382, 0.028238771483302116, 0.164828822016716, 0.7895914316177368, -0.591081440448761, 0.0864412784576416, 0.5854077339172363, 0.8061174154281616),
            ["RightHand"] = CFrame.new(3.501772880554199e-07, 0.0000010728836059570312, -8.642673492431641e-07, 0.43201836943626404, -0.6726569533348083, 0.6007429957389832, 0.7859777808189392, 0.6074723601341248, 0.11496386677026749, -0.44226595759391785, 0.42250433564186096, 0.7911328077316284),
            ["UpperTorso"] = CFrame.new(-1.4901161193847656e-08, -5.960464477539063e-08, -3.725290298461914e-09, 0.9813598990440369, 0.094660185277462, -0.1672493815422058, 0.030499747022986412, 0.782533586025238, 0.621860921382904, 0.189743772149086, -0.6153703927993774, 0.7650598883628845),
            ["HumanoidRootPart"] = CFrame.new(0, 0, 0, 1, 0, 0, 0, 1, 0, 0, 0, 1),
            ["RightUpperLeg"] = CFrame.new(-8.940696716308594e-08, 4.0978193283081055e-08, 2.8107024263590574e-08, 0.9627736210823059, 0.060717351734638214, 0.2634015381336212, 0.17941434681415558, 0.585312008857727, -0.7907088994979858, -0.20218181610107422, 0.8085315823554993, 0.5526292324066162),
            ["LeftUpperArm"] = CFrame.new(0.22915685176849365, 0.06414794921875, -0.11064471304416656, 0.5508902668952942, -0.2795734703540802, -0.7863578796386719, -0.3697701394557953, 0.7629302740097046, -0.5302901268005371, 0.7481911778450012, 0.5829031467437744, 0.316912978887558),
            ["RightLowerArm"] = CFrame.new(1.1920928955078125e-07, 2.980232238769531e-07, -0.0000037029385566711426, 1, -0.00001853332287282683, 0.000005662441253662109, 0.00001895055902423337, 0.8685945868492126, -0.4955235421657562, 0.000004185365014564013, 0.4955235719680786, 0.8685945272445679),
            ["LeftHand"] = CFrame.new(-0.0000014677643775939941, -0.0000011920928955078125, 0, 0.730023980140686, 0.4408875107765198, -0.5221900343894958, -0.6431007981300354, 0.7017338275909424, -0.3065800070762634, 0.2312711477279663, 0.5596318244934082, 0.795818030834198),
            ["LeftFoot"] = CFrame.new(1.862645149230957e-08, -1.7881393432617188e-07, -7.450580596923828e-09, 0.9762908220291138, 0.13583403825759888, 0.16853925585746765, -0.0006096084252931178, 0.7803270816802979, -0.6253715753555298, -0.21646247804164886, 0.6104415059089661, 0.761908769607544),
            ["LowerTorso"] = CFrame.new(-0.23174239695072174, -0.5674737691879272, 0.3767474889755249, 0.9672354459762573, 0.20356734097003937, 0.15170985460281372, -0.18042166531085968, 0.9715588092803955, -0.15336765348911285, -0.17861568927764893, 0.12097089737653732, 0.9764540791511536),
            ["RightLowerLeg"] = CFrame.new(-1.862645149230957e-09, -0.0007264018058776855, 0.00004596013604896143, 1, 1.583248945280502e-07, 1.2107196312172164e-07, -4.6566128730773926e-09, -0.16830402612686157, 0.9857352375984192, 1.955777406692505e-07, -0.9857351779937744, -0.16830404102802277),
            ["LeftUpperLeg"] = CFrame.new(2.9802322387695312e-08, -2.4959444999694824e-07, 7.450580596923828e-09, 0.9238889813423157, -0.11431726813316345, 0.36518609523773193, 0.3034087121486664, 0.8003772497177124, -0.5170488357543945, -0.23317904770374298, 0.588496208190918, 0.7741444706916809),
            ["LeftLowerLeg"] = CFrame.new(-1.3783574104309082e-07, -0.0007265210151672363, 0.00008106976747512817, 1, 8.940698847936801e-08, 1.341104365337742e-07, -8.940698137394065e-08, 0.12167437374591827, 0.9925701022148132, 9.685756197086448e-08, -0.9925701022148132, 0.12167420238256454),
        }},
        {Time = 0.200, Data = {
            ["RightFoot"] = CFrame.new(1.7043203115463257e-07, 5.960464477539063e-08, 2.4047039914876223e-08, 0.9997926354408264, 0.010537046007812023, 0.01742585189640522, 0.0012915452243760228, 0.8211870193481445, -0.5706577897071838, -0.020322855561971664, 0.5705618858337402, 0.8210031986236572),
            ["LeftLowerArm"] = CFrame.new(0.0000013113021850585938, -1.7881393432617188e-07, 0.000004559755325317383, 1, 1.2665987014770508e-07, -4.284084198502569e-08, -5.960465188081798e-08, 0.36718446016311646, -0.930148184299469, -3.725290653733282e-08, 0.9301481246948242, 0.3671843707561493),
            ["RightUpperArm"] = CFrame.new(-0.077842116355896, -0.12238597869873047, -0.12693537771701813, 0.6506927013397217, -0.4547911286354065, -0.6080825328826904, -0.28184017539024353, 0.5989496111869812, -0.7495501637458801, 0.7050994634628296, 0.6591088175773621, 0.26155367493629456),
            ["Head"] = CFrame.new(9.12696123123169e-08, -0.0000010728836059570312, 9.499490261077881e-08, 0.9803357124328613, -0.19062267243862152, 0.05103929340839386, 0.18216484785079956, 0.7747161388397217, -0.6055005788803101, 0.07588105648756027, 0.6028913259506226, 0.7942065596580505),
            ["RightHand"] = CFrame.new(2.1979212760925293e-07, 0.0000010132789611816406, -7.003545761108398e-07, 0.5529497861862183, -0.4252484440803528, 0.7165261507034302, 0.7231633067131042, 0.6720787286758423, -0.15920224785804749, -0.41386154294013977, 0.6061964631080627, 0.6791502237319946),
            ["UpperTorso"] = CFrame.new(-6.705522537231445e-08, 2.9802322387695312e-08, -3.166496753692627e-08, 0.9782155752182007, 0.10424166917800903, -0.17952170968055725, 0.027994919568300247, 0.7906407713890076, 0.6116398572921753, 0.20569559931755066, -0.6033414006233215, 0.7704991102218628),
            ["HumanoidRootPart"] = CFrame.new(0, 0, 0, 1, 0, 0, 0, 1, 0, 0, 0, 1),
            ["RightUpperLeg"] = CFrame.new(2.9802322387695312e-08, -5.21540641784668e-08, 2.438173396512866e-08, 0.9665190577507019, 0.06324316561222076, 0.24867933988571167, 0.16405297815799713, 0.5928947925567627, -0.7883923053741455, -0.1973012089729309, 0.8027926087379456, 0.5626688599586487),
            ["LeftUpperArm"] = CFrame.new(0.22035735845565796, 0.05351901054382324, -0.1170552670955658, 0.6592943668365479, -0.25392037630081177, -0.7077116370201111, -0.38470321893692017, 0.6947951316833496, -0.6076701879501343, 0.6460142731666565, 0.6728923320770264, 0.36039042472839355),
            ["RightLowerArm"] = CFrame.new(3.2782554626464844e-07, 2.384185791015625e-07, -0.000003725290298461914, 1, -0.000017052518160198815, 0.000009357931048725732, 0.00001898408299894072, 0.7459253668785095, -0.6660296320915222, 0.000004373026058601681, 0.6660295724868774, 0.7459253668785095),
            ["LeftHand"] = CFrame.new(-0.0000014901161193847656, -0.0000010728836059570312, -6.332993507385254e-08, 0.6751362085342407, 0.6028527021408081, -0.4251577854156494, -0.7375596761703491, 0.5406643748283386, -0.4045841097831726, -0.014037084765732288, 0.5867288708686829, 0.8096620440483093),
            ["LeftFoot"] = CFrame.new(-5.21540641784668e-08, -1.1920928955078125e-07, -7.450580596923828e-09, 0.9728935956954956, 0.16014529764652252, 0.1668284833431244, -0.02765641361474991, 0.7968059778213501, -0.6036021709442139, -0.22959372401237488, 0.5826267004013062, 0.7796362638473511),
            ["LowerTorso"] = CFrame.new(-0.22792983055114746, -0.5603122711181641, 0.37513983249664307, 0.9707846641540527, 0.18629062175750732, 0.15123867988586426, -0.16451695561408997, 0.9755619764328003, -0.14564739167690277, -0.17467544972896576, 0.11651093512773514, 0.9777083992958069),
            ["RightLowerLeg"] = CFrame.new(-2.3283064365386963e-08, -0.0007264614105224609, 0.000046141511120367795, 1, 1.4528633585086936e-07, 1.1175873737556685e-07, -1.1175872316471214e-07, -0.13587792217731476, 0.9907256364822388, 1.5459956159702415e-07, -0.9907256364822388, -0.13587786257266998),
            ["LeftUpperLeg"] = CFrame.new(-2.086162567138672e-07, 7.450580596923828e-09, -1.4901161193847656e-08, 0.9267261624336243, -0.08984530717134476, 0.36483776569366455, 0.2907696068286896, 0.7864644527435303, -0.5449095964431763, -0.2379744052886963, 0.6110658645629883, 0.7549616098403931),
            ["LeftLowerLeg"] = CFrame.new(-1.1175870895385742e-07, -0.0007266402244567871, 0.00008099526166915894, 1, 1.4901161193847656e-07, 5.215405707303944e-08, -5.960464477539063e-08, 0.08920937776565552, 0.9960128664970398, 1.043081283569336e-07, -0.9960129261016846, 0.08920940011739731),
        }},
        {Time = 0.233, Data = {
            ["RightFoot"] = CFrame.new(1.8533319234848022e-07, 0, -2.438173396512866e-08, 0.9988470077514648, 0.030083924531936646, 0.037411194294691086, -0.004526856355369091, 0.8348444700241089, -0.5504676699638367, -0.047792866826057434, 0.5496634244918823, 0.8340178728103638),
            ["LeftLowerArm"] = CFrame.new(0.0000014901161193847656, -7.748603820800781e-07, 0.000004947185516357422, 1, 3.352760913344355e-08, -2.980232949312267e-08, -7.450580596923828e-08, 0.02264419011771679, -0.999743640422821, -8.195638656616211e-08, 0.9997435808181763, 0.022644108161330223),
            ["RightUpperArm"] = CFrame.new(-0.08778643608093262, -0.1070859432220459, -0.1224212720990181, 0.5907040238380432, -0.5512951016426086, -0.5891880989074707, -0.409640371799469, 0.42420494556427, -0.8076169490814209, 0.6951715350151062, 0.7184177041053772, 0.024746688082814217),
            ["Head"] = CFrame.new(-9.313225746154785e-09, -8.344650268554688e-07, 1.1664815247058868e-07, 0.9795307517051697, -0.18758562207221985, 0.07301534712314606, 0.19292208552360535, 0.7713250517845154, -0.6064974665641785, 0.057451605796813965, 0.6081689596176147, 0.791725754737854),
            ["RightHand"] = CFrame.new(2.5331974029541016e-07, 0.0000012516975402832031, -5.853362381458282e-07, 0.7146056890487671, -0.287670373916626, 0.6376394629478455, 0.5929903984069824, 0.7326576113700867, -0.3340293765068054, -0.37108108401298523, 0.6168134212493896, 0.6941472291946411),
            ["UpperTorso"] = CFrame.new(-3.725290298461914e-08, 2.086162567138672e-07, 1.30385160446167e-08, 0.9753250479698181, 0.10101579129695892, -0.19630834460258484, 0.03698442503809929, 0.8018580675125122, 0.5963687300682068, 0.21765412390232086, -0.5889137983322144, 0.7783362865447998),
            ["HumanoidRootPart"] = CFrame.new(0, 0, 0, 1, 0, 0, 0, 1, 0, 0, 0, 1),
            ["RightUpperLeg"] = CFrame.new(-2.9802322387695312e-08, 2.2724270820617676e-07, 5.790934665128589e-08, 0.972029983997345, 0.05827668309211731, 0.22751180827617645, 0.14668676257133484, 0.6058908104896545, -0.7819076776504517, -0.18341422080993652, 0.7934105396270752, 0.5803953409194946),
            ["LeftUpperArm"] = CFrame.new(0.20860016345977783, 0.03970623016357422, -0.12284773588180542, 0.7772045731544495, -0.18350590765476227, -0.6018959283828735, -0.37986254692077637, 0.6257492899894714, -0.6812800168991089, 0.5016546249389648, 0.7581315040588379, 0.41662806272506714),
            ["RightLowerArm"] = CFrame.new(2.980232238769531e-07, 5.960464477539062e-07, -0.000003725290298461914, 1, -0.00001407228410243988, 0.000013527753253583796, 0.000018976630599354394, 0.5488993525505066, -0.8358885049819946, 0.000004373491265141638, 0.8358885049819946, 0.5488993525505066),
            ["LeftHand"] = CFrame.new(-0.0000013709068298339844, -0.0000013113021850585938, 2.6635825634002686e-07, 0.5531535148620605, 0.758893609046936, -0.3436582088470459, -0.8149267435073853, 0.4072708785533905, -0.4123411476612091, -0.1729612797498703, 0.5081447958946228, 0.8437262177467346),
            ["LeftFoot"] = CFrame.new(4.470348358154297e-08, 0, 2.9802322387695312e-08, 0.9635442495346069, 0.17642585933208466, 0.20113807916641235, -0.037386804819107056, 0.8331897258758545, -0.5517219305038452, -0.26492419838905334, 0.5240886807441711, 0.8094111084938049),
            ["LowerTorso"] = CFrame.new(-0.2196870595216751, -0.5433062314987183, 0.37052416801452637, 0.9744766354560852, 0.17151452600955963, 0.1448388248682022, -0.15180115401744843, 0.9787700176239014, -0.13771598041057587, -0.1653841882944107, 0.11221431195735931, 0.9798244833946228),
            ["RightLowerLeg"] = CFrame.new(-6.05359673500061e-08, -0.0007263422012329102, 0.000046119857870507985, 1, 1.4901169720360485e-07, 5.5879375793210784e-08, -4.284084198502569e-08, -0.09014397114515305, 0.9959288239479065, 1.8253925304634322e-07, -0.9959287643432617, -0.0901438295841217),
            ["LeftUpperLeg"] = CFrame.new(-2.9802322387695312e-08, 1.9744038581848145e-07, 4.470348358154297e-08, 0.934385359287262, -0.0814986526966095, 0.3468170464038849, 0.281189888715744, 0.7664658427238464, -0.577462375164032, -0.21876099705696106, 0.6370935440063477, 0.7390908598899841),
            ["LeftLowerLeg"] = CFrame.new(7.450580596923828e-09, -0.0007265210151672363, 0.0000810772180557251, 1, 8.195639367158947e-08, 3.725290298461914e-08, -8.940698137394065e-08, 0.06078729033470154, 0.9981508255004883, 1.1175872316471214e-07, -0.9981507658958435, 0.060787383466959),
        }},
        {Time = 0.267, Data = {
            ["RightFoot"] = CFrame.new(2.0116567611694336e-07, -5.960464477539063e-08, 1.6952981241047382e-09, 0.997146725654602, 0.02554115653038025, 0.07103662192821503, 0.01589273102581501, 0.8489025831222534, -0.5283105373382568, -0.07379689067602158, 0.5279318690299988, 0.8460744619369507),
            ["LeftLowerArm"] = CFrame.new(0.0000011920928955078125, -1.7881393432617188e-07, 0.000004887580871582031, 1, -1.4901161193847656e-08, -1.1175873737556685e-07, -5.21540641784668e-08, -0.23256999254226685, -0.9725796580314636, -2.9802322387695312e-08, 0.9725797176361084, -0.23257002234458923),
            ["RightUpperArm"] = CFrame.new(-0.099007248878479, -0.0910646915435791, -0.11323880404233932, 0.5922190546989441, -0.6015347838401794, -0.5361272692680359, -0.44400280714035034, 0.31161898374557495, -0.8400924801826477, 0.6724121570587158, 0.7355607151985168, -0.08253639191389084),
            ["Head"] = CFrame.new(1.862645149230957e-08, -8.344650268554688e-07, 1.6880221664905548e-08, 0.9799368381500244, -0.17715053260326385, 0.09133251756429672, 0.19640639424324036, 0.7803910970687866, -0.5936452150344849, 0.03388940915465355, 0.5996728539466858, 0.7995271682739258),
            ["RightHand"] = CFrame.new(3.5762786865234375e-07, 0.0000011324882507324219, -6.854534149169922e-07, 0.8481306433677673, -0.1714140772819519, 0.5012896656990051, 0.4201168119907379, 0.7940706610679626, -0.4392647445201874, -0.32276350259780884, 0.5831542611122131, 0.7454898953437805),
            ["UpperTorso"] = CFrame.new(-4.842877388000488e-08, 2.682209014892578e-07, 4.842877388000488e-08, 0.9742556810379028, 0.08928985148668289, -0.2070099413394928, 0.04763651639223099, 0.8159604668617249, 0.5761418342590332, 0.22035560011863708, -0.5711707472801208, 0.7907006740570068),
            ["HumanoidRootPart"] = CFrame.new(0, 0, 0, 1, 0, 0, 0, 1, 0, 0, 0, 1),
            ["RightUpperLeg"] = CFrame.new(2.9802322387695312e-08, 1.4901161193847656e-08, -1.6952981241047382e-09, 0.9792967438697815, 0.05398734286427498, 0.19509828090667725, 0.12006641179323196, 0.6210407614707947, -0.7745271921157837, -0.16297870874404907, 0.7819167971611023, 0.6017011404037476),
            ["LeftUpperArm"] = CFrame.new(0.19617009162902832, 0.025423765182495117, -0.12460803240537643, 0.8924305438995361, -0.05569437891244888, -0.4477343261241913, -0.34179651737213135, 0.564328134059906, -0.7514713406562805, 0.29452162981033325, 0.8236698508262634, 0.48458731174468994),
            ["RightLowerArm"] = CFrame.new(2.980232238769531e-07, 7.152557373046875e-07, -0.0000038035213947296143, 1, -0.00001069530571840005, 0.000016175212294911034, 0.00001897662878036499, 0.35097137093544006, -0.936386227607727, 0.0000043138861656188965, 0.936386227607727, 0.35097137093544006),
            ["LeftHand"] = CFrame.new(-0.0000014901161193847656, -0.0000011920928955078125, -1.7881393432617188e-07, 0.4513756334781647, 0.8510592579841614, -0.2682488262653351, -0.8524607419967651, 0.3224034905433655, -0.4115423262119293, -0.26376262307167053, 0.4144323468208313, 0.8710198402404785),
            ["LeftFoot"] = CFrame.new(-2.60770320892334e-08, -1.1920928955078125e-07, 2.2351741790771484e-08, 0.9574676752090454, 0.17401064932346344, 0.23016540706157684, -0.033040259033441544, 0.8585598468780518, -0.5116475224494934, -0.2866427004337311, 0.4822814166545868, 0.8277927041053772),
