return {
    ["Deep End"] = {
        {Time = 0.000, Data = {
            ["LeftFoot"] = CFrame.new(1.1175870895385742e-08, -1.1920928955078125e-07, -2.9802322387695312e-08, 0.9811095595359802, -0.008283954113721848, -0.19327589869499207, -0.09198387712240219, 0.8589416146278381, -0.50374436378479, 0.17018570005893707, 0.5120065808296204, 0.8419538140296936),
            ["LeftLowerArm"] = CFrame.new(0.0000013709068298339844, -5.960464477539062e-07, 0.0000049173831939697266, 1, 1.4528633585086936e-07, 3.9115551686563776e-08, -1.1827798118702049e-07, 0.9257015585899353, -0.37825489044189453, -9.126962652317161e-08, 0.37825486063957214, 0.9257015585899353),
            ["LowerTorso"] = CFrame.new(0.005755498073995113, -0.2042907476425171, 0.09922309964895248, 0.9997665882110596, -0.019883425906300545, 0.008449994027614594, 0.020307349041104317, 0.9983636140823364, -0.05345837026834488, -0.007373230531811714, 0.05361749231815338, 0.9985343217849731),
            ["Head"] = CFrame.new(-6.05359673500061e-09, -5.960464477539062e-07, -8.149072527885437e-09, 0.9976755976676941, -0.040390729904174805, -0.054882895201444626, 0.04385068640112877, 0.9970260858535767, 0.06337316334247589, 0.05215998739004135, -0.06563262641429901, 0.9964796900749207),
            ["RightUpperArm"] = CFrame.new(-0.0111769437789917, -0.048479557037353516, 0.06678865104913712, 0.05861558020114899, -0.8226638436317444, 0.5654982924461365, 0.9387125372886658, -0.14732955396175385, -0.31162938475608826, 0.33968088030815125, 0.549106776714325, 0.7636091709136963),
            ["UpperTorso"] = CFrame.new(3.899913281202316e-09, 2.9802322387695312e-08, -1.038642949424684e-08, 0.9982283711433411, -0.00016798439901322126, 0.059498634189367294, -0.004975239746272564, 0.9962582588195801, 0.08628376573324203, -0.059290461242198944, -0.08642689138650894, 0.9944924116134644),
            ["HumanoidRootPart"] = CFrame.new(0, 0, 0, 1, 0, 0, 0, 1, 0, 0, 0, 1),
            ["RightHand"] = CFrame.new(2.8312206268310547e-07, 0.0000010728836059570312, -6.854534149169922e-07, 0.6464599967002869, 0.7566941380500793, 0.0974825844168663, -0.74256432056427, 0.5946947932243347, 0.30811822414398193, 0.17517907917499542, -0.271573543548584, 0.9463405013084412),
            ["LeftUpperArm"] = CFrame.new(0.04652667045593262, -0.007657408714294434, 0.06822223961353302, 0.9890784621238708, 0.05058281496167183, 0.13843844830989838, -0.08172004669904709, 0.9698775410652161, 0.2294767051935196, -0.12266083061695099, -0.23828373849391937, 0.9634185433387756),
            ["RightLowerArm"] = CFrame.new(2.384185791015625e-07, 4.76837158203125e-07, -0.000003874301910400391, 1, -6.10947552104335e-07, 0.000019486999008222483, 0.00001901388168334961, -0.19481420516967773, -0.9808402061462402, 0.000004414469003677368, 0.9808401465415955, -0.19481423497200012),
            ["LeftHand"] = CFrame.new(-0.0000015124678611755371, -0.0000013709068298339844, 2.3096799850463867e-07, 0.9945595264434814, -0.10297676920890808, 0.01571737974882126, 0.10403274744749069, 0.9741570353507996, -0.20048776268959045, 0.0053343987092375755, 0.20103226602077484, 0.979570209980011),
            ["RightUpperLeg"] = CFrame.new(0, 1.471489667892456e-07, -1.3918906915932894e-08, 0.9851118922233582, -0.06720992922782898, -0.15823204815387726, 0.0014059111708775163, 0.9235307574272156, -0.38352182507514954, 0.17190858721733093, 0.37758946418762207, 0.9098756313323975),
            ["LeftUpperLeg"] = CFrame.new(-2.9802322387695312e-08, -7.078051567077637e-08, -1.4551915228366852e-08, 0.9815937876701355, 0.11455020308494568, 0.15281346440315247, -0.04284079372882843, 0.9118296504020691, -0.4083276689052582, -0.18611380457878113, 0.3942653238773346, 0.8999536633491516),
            ["RightLowerLeg"] = CFrame.new(-7.450580596923828e-09, -0.0007263422012329102, 0.000046128239773679525, 1, 1.3411050758804777e-07, -2.980232949312267e-08, -7.823110337312755e-08, 0.5829755663871765, 0.8124896287918091, 1.0756777157894248e-07, -0.8124896883964539, 0.5829756259918213),
            ["RightFoot"] = CFrame.new(2.1676532924175262e-07, -1.7881393432617188e-07, 3.149762051180005e-08, 0.9824577569961548, 0.013034890405833721, 0.18602971732616425, 0.07921912521123886, 0.8739018440246582, -0.47960424423217773, -0.16882328689098358, 0.4859277307987213, 0.8575387597084045),
            ["LeftLowerLeg"] = CFrame.new(-4.7497451305389404e-08, -0.0007264614105224609, 0.00008103996515274048, 1, 6.891787762697277e-08, 3.026798012228937e-08, -7.357449760547752e-08, 0.542311429977417, 0.840177595615387, 1.816079375771551e-08, -0.8401776552200317, 0.5423113703727722),
        }},
        {Time = 0.033, Data = {
            ["LeftFoot"] = CFrame.new(2.0489096641540527e-08, -1.1920928955078125e-07, 2.9802322387695312e-08, 0.9809558391571045, -0.007732913363724947, -0.19407695531845093, -0.09435400366783142, 0.8544145226478577, -0.5109531879425049, 0.16977326571941376, 0.5195345282554626, 0.8374132513999939),
            ["LeftLowerArm"] = CFrame.new(0.0000013113021850585938, -0.0000011920928955078125, 0.000004678964614868164, 1, 1.4901162614933128e-07, 5.029141902923584e-08, -1.1920930376163597e-07, 0.9299726486206055, -0.36762866377830505, -1.1920930376163597e-07, 0.36762869358062744, 0.9299726486206055),
            ["LowerTorso"] = CFrame.new(0.005177256651222706, -0.2150876522064209, 0.09919575601816177, 0.9997777938842773, -0.016115760430693626, 0.013595444150269032, 0.01682114601135254, 0.99842768907547, -0.05347277596592903, -0.012712313793599606, 0.05368958041071892, 0.9984768033027649),
            ["Head"] = CFrame.new(4.6566128730773926e-09, -9.5367431640625e-07, 2.0721927285194397e-08, 0.997952401638031, -0.016418559476733208, -0.061818405985832214, 0.0201608557254076, 0.9979701042175293, 0.06040829420089722, 0.06070109084248543, -0.06153109669685364, 0.9962576627731323),
            ["RightUpperArm"] = CFrame.new(-0.013541340827941895, -0.04623723030090332, 0.06533994525671005, 0.09078826010227203, -0.7798681259155273, 0.6193249225616455, 0.9499709010124207, -0.11880528926849365, -0.28886064887046814, 0.29885241389274597, 0.6145658493041992, 0.7300658822059631),
            ["UpperTorso"] = CFrame.new(-1.1641532182693481e-09, 5.364418029785156e-07, -7.996277417987585e-09, 0.9982612729072571, 0.00012462485756259412, 0.05894568935036659, -0.005088241770863533, 0.9964473843574524, 0.08406395465135574, -0.05872580409049988, -0.08421766757965088, 0.9947154521942139),
            ["HumanoidRootPart"] = CFrame.new(0, 0, 0, 1, 0, 0, 0, 1, 0, 0, 0, 1),
            ["RightHand"] = CFrame.new(2.905726432800293e-07, 0.0000010132789611816406, -7.748603820800781e-07, 0.6985329389572144, 0.7053956985473633, 0.12028352171182632, -0.7109847068786621, 0.6651586294174194, 0.22817859053611755, 0.08094853907823563, -0.2449100911617279, 0.9661606550216675),
            ["LeftUpperArm"] = CFrame.new(0.04396742582321167, -0.010086774826049805, 0.0665401890873909, 0.9899343848228455, 0.048409514129161835, 0.13299059867858887, -0.07861626148223877, 0.9694616198539734, 0.2323009967803955, -0.11768364161252975, -0.24041812121868134, 0.963509202003479),
            ["RightLowerArm"] = CFrame.new(2.384185791015625e-07, 3.5762786865234375e-07, -0.000003978610038757324, 1, -0.0000037699928725487553, 0.00001909583806991577, 0.000018984079360961914, -0.029476327821612358, -0.9995654821395874, 0.0000043585896492004395, 0.9995655417442322, -0.029476389288902283),
            ["LeftHand"] = CFrame.new(-0.000001519918441772461, -0.0000013113021850585938, 1.564621925354004e-07, 0.9955609440803528, -0.09215052425861359, 0.019148817285895348, 0.09410461038351059, 0.9710123538970947, -0.21972589194774628, 0.0016541300574317575, 0.22055260837078094, 0.9753738045692444),
            ["RightUpperLeg"] = CFrame.new(2.9802322387695312e-08, 3.688037395477295e-07, -1.2521923054009676e-08, 0.9846341609954834, -0.07434442639350891, -0.15801391005516052, 0.005582710262387991, 0.9177902936935425, -0.397026389837265, 0.17454038560390472, 0.3900434672832489, 0.9041026830673218),
            ["LeftUpperLeg"] = CFrame.new(0, 4.824250936508179e-07, -1.1292286217212677e-08, 0.9825606346130371, 0.1108674630522728, 0.1492755264043808, -0.038643211126327515, 0.9070271253585815, -0.41929537057876587, -0.18188324570655823, 0.4062144160270691, 0.8954933285713196),
            ["RightLowerLeg"] = CFrame.new(-1.0244548320770264e-08, -0.0007264018058776855, 0.000045994129322934896, 1, 1.396984146140312e-07, 1.1175873559921001e-08, -7.916241884231567e-08, 0.5583736300468445, 0.8295894861221313, 1.0477378964424133e-07, -0.8295895457267761, 0.558373749256134),
            ["RightFoot"] = CFrame.new(1.380685716867447e-07, -1.1920928955078125e-07, 1.6952981241047382e-09, 0.9829025864601135, 0.0136000607162714, 0.1836237758398056, 0.08019877970218658, 0.8660778403282166, -0.49343422055244446, -0.16574330627918243, 0.4997241199016571, 0.8501793146133423),
            ["LeftLowerLeg"] = CFrame.new(8.195638656616211e-08, -0.0007263422012329102, 0.00008095800876617432, 1, 9.12696123123169e-08, 4.144386522852983e-08, -7.078051567077637e-08, 0.5240883827209473, 0.8516639471054077, 5.168840289115906e-08, -0.8516638875007629, 0.5240883827209473),
        }},
        {Time = 0.067, Data = {
            ["LeftFoot"] = CFrame.new(3.934837877750397e-08, -1.1920928955078125e-07, 5.21540641784668e-08, 0.9802044034004211, -0.006463220808655024, -0.19788287580013275, -0.09855887293815613, 0.8509002327919006, -0.5159989595413208, 0.1717136651277542, 0.5252875685691833, 0.833419144153595),
            ["LeftLowerArm"] = CFrame.new(0.0000013113021850585938, -4.172325134277344e-07, 0.000005155801773071289, 1, 1.6577537564899103e-07, 6.658956408500671e-08, -1.2014059791454201e-07, 0.9375683069229126, -0.34780117869377136, -1.0803340444454079e-07, 0.3478011190891266, 0.9375683665275574),
            ["LowerTorso"] = CFrame.new(0.0038401163183152676, -0.22588515281677246, 0.09913991391658783, 0.999550998210907, -0.012628970667719841, 0.0271756611764431, 0.014067117124795914, 0.9984743595123291, -0.05339689180254936, -0.02645985409617424, 0.05375519394874573, 0.9982035160064697),
            ["Head"] = CFrame.new(-5.820766091346741e-10, -5.960464477539062e-07, -5.515175871551037e-09, 0.9967197179794312, 0.018075183033943176, -0.07888641953468323, -0.013844449073076248, 0.9984530210494995, 0.0538516566157341, 0.07973771542310715, -0.05258295312523842, 0.9954280853271484),
            ["RightUpperArm"] = CFrame.new(-0.02354288101196289, -0.03717350959777832, 0.06286946684122086, 0.10303547233343124, -0.7353050112724304, 0.6698585748672485, 0.9619460105895996, -0.09767772257328033, -0.2551844120025635, 0.2530685365200043, 0.670660674571991, 0.6972591280937195),
            ["UpperTorso"] = CFrame.new(-1.862645149230957e-09, -8.940696716308594e-08, 4.562025424093008e-09, 0.9982489347457886, 0.014332280494272709, 0.05739062279462814, -0.01890324428677559, 0.9966226816177368, 0.07991302758455276, -0.05605144798755646, -0.08085795491933823, 0.9951484203338623),
            ["HumanoidRootPart"] = CFrame.new(0, 0, 0, 1, 0, 0, 0, 1, 0, 0, 0, 1),
            ["RightHand"] = CFrame.new(1.564621925354004e-07, 0.0000010728836059570312, -6.854534149169922e-07, 0.7471333146095276, 0.6457644701004028, 0.1574147641658783, -0.6644632816314697, 0.7316144108772278, 0.15241208672523499, -0.01674465835094452, -0.21846862137317657, 0.9757003784179688),
            ["LeftUpperArm"] = CFrame.new(0.03342312574386597, -0.01979362964630127, 0.06338327378034592, 0.9924392104148865, 0.03548974543809891, 0.11749418824911118, -0.06289983540773392, 0.9690837860107422, 0.23857997357845306, -0.10539450496435165, -0.24416635930538177, 0.9639890193939209),
            ["RightLowerArm"] = CFrame.new(2.980232238769531e-07, 5.960464477539062e-07, -0.0000037923455238342285, 1, -0.000006936489626241382, 0.00001820549732656218, 0.000018998980522155762, 0.13727976381778717, -0.9905323386192322, 0.000004366040229797363, 0.9905323386192322, 0.13727979362010956),
            ["LeftHand"] = CFrame.new(-0.0000013113021850585938, -0.0000011920928955078125, 1.4971010386943817e-07, 0.9977009892463684, -0.06339745223522186, 0.023950383067131042, 0.06742026656866074, 0.9643852710723877, -0.2557644248008728, -0.006882610265165567, 0.256791353225708, 0.9664425253868103),
            ["RightUpperLeg"] = CFrame.new(8.940696716308594e-08, -1.4388933777809143e-07, -1.5897967386990786e-08, 0.9830602407455444, -0.08359675109386444, -0.16310769319534302, 0.010156885720789433, 0.9134045839309692, -0.4069264829158783, 0.1830010861158371, 0.3983764052391052, 0.8987807035446167),
            ["LeftUpperLeg"] = CFrame.new(-8.940696716308594e-08, -7.217749953269958e-08, -1.5133991837501526e-08, 0.984437108039856, 0.10502753406763077, 0.14090004563331604, -0.034126751124858856, 0.9007527232170105, -0.43298953771591187, -0.17239195108413696, 0.4214423596858978, 0.8903185725212097),
            ["RightLowerLeg"] = CFrame.new(-1.387670636177063e-07, -0.0007264614105224609, 0.00004611333861248568, 1, 1.4342373333420255e-07, -7.916245436945246e-09, -7.729978079851207e-08, 0.5353100895881653, 0.8446556925773621, 1.112930618774044e-07, -0.8446556329727173, 0.5353101491928101),
            ["RightFoot"] = CFrame.new(2.477318048477173e-07, -1.7881393432617188e-07, 3.894820110872388e-08, 0.9837753772735596, 0.014953363686800003, 0.1787806898355484, 0.07940267026424408, 0.8573132157325745, -0.5086347460746765, -0.16087689995765686, 0.514578104019165, 0.8422162532806396),
            ["LeftLowerLeg"] = CFrame.new(-7.450580596923828e-09, -0.0007266402244567871, 0.0000808611512184143, 1, 8.475035429000854e-08, 4.330649971961975e-08, -7.729976658765736e-08, 0.5048389434814453, 0.8632136583328247, 5.960463766996327e-08, -0.8632135987281799, 0.5048388242721558),
        }},
        {Time = 0.100, Data = {
            ["LeftFoot"] = CFrame.new(-1.1408701539039612e-08, -5.960464477539063e-08, 6.705522537231445e-08, 0.9791097640991211, -0.005027370993047953, -0.20327018201351166, -0.10445736348628998, 0.8452550172805786, -0.5240541696548462, 0.1744498908519745, 0.5343396067619324, 0.827072262763977),
            ["LeftLowerArm"] = CFrame.new(0.0000013709068298339844, -0.0000010728836059570312, 0.000004470348358154297, 1, 1.51805579662323e-07, 8.009374852235851e-08, -1.2200325727462769e-07, 0.9414772987365723, -0.33707666397094727, -8.754432201385498e-08, 0.3370766341686249, 0.9414772987365723),
            ["LowerTorso"] = CFrame.new(0.0023189405910670757, -0.23607850074768066, 0.09913778305053711, 0.9986891746520996, -0.021433904767036438, 0.04648173972964287, 0.023898063227534294, 0.9983021020889282, -0.053122468292713165, -0.045264191925525665, 0.05416366085410118, 0.9975056648254395),
            ["Head"] = CFrame.new(6.05359673500061e-09, -8.344650268554688e-07, -4.190951585769653e-09, 0.9949420690536499, 0.023938577622175217, -0.09755708277225494, -0.019210392609238625, 0.9986081123352051, 0.04912029951810837, 0.09859717637300491, -0.04699784144759178, 0.9940170645713806),
            ["RightUpperArm"] = CFrame.new(-0.03496134281158447, -0.025406599044799805, 0.06119163706898689, 0.10992684960365295, -0.6912199854850769, 0.7142345309257507, 0.9717280268669128, -0.07632733881473541, -0.2234252691268921, 0.2089516520500183, 0.7186021208763123, 0.6632874608039856),
            ["UpperTorso"] = CFrame.new(-8.847564458847046e-09, 2.9802322387695312e-08, 1.720036379992962e-08, 0.9974762797355652, 0.04632221534848213, 0.053809624165296555, -0.05035899952054024, 0.9958155155181885, 0.076260045170784, -0.05005192384123802, -0.07877739518880844, 0.9956349730491638),
            ["HumanoidRootPart"] = CFrame.new(0, 0, 0, 1, 0, 0, 0, 1, 0, 0, 0, 1),
            ["RightHand"] = CFrame.new(-7.450580596923828e-08, 0.0000010728836059570312, -7.674098014831543e-07, 0.8081362247467041, 0.5602603554725647, 0.18172457814216614, -0.583807647228241, 0.8027998208999634, 0.1211676225066185, -0.07800324261188507, -0.20401211082935333, 0.9758558869361877),
            ["LeftUpperArm"] = CFrame.new(0.021869122982025146, -0.032561302185058594, 0.060996390879154205, 0.995055615901947, 0.01828712224960327, 0.09762171655893326, -0.041692182421684265, 0.969018280506134, 0.24344459176063538, -0.09014534950256348, -0.24631088972091675, 0.9649895429611206),
            ["RightLowerArm"] = CFrame.new(8.940696716308594e-08, 4.172325134277344e-07, -0.000004038214683532715, 1, -0.000009797510756470729, 0.000016838317606016062, 0.000018969178199768066, 0.29596900939941406, -0.9551976323127747, 0.000004298985004425049, 0.9551975727081299, 0.2959689497947693),
            ["LeftHand"] = CFrame.new(-0.0000013262033462524414, -0.000001430511474609375, 1.7508864402770996e-07, 0.9994534254074097, -0.02280074916779995, 0.02393714152276516, 0.028528396040201187, 0.9607230424880981, -0.27603861689567566, -0.016703108325600624, 0.2765708267688751, 0.9608484506607056),
            ["RightUpperLeg"] = CFrame.new(5.960464477539063e-08, 2.3655593395233154e-07, -1.7062120605260134e-08, 0.980785071849823, -0.08168130367994308, -0.17716924846172333, 0.002840530127286911, 0.9140157699584961, -0.4056690037250519, 0.1950710266828537, 0.39737069606781006, 0.8966849446296692),
            ["LeftUpperLeg"] = CFrame.new(-5.960464477539063e-08, 7.776543498039246e-08, 1.3969838619232178e-09, 0.9864286184310913, 0.10900672525167465, 0.12278477102518082, -0.04161396622657776, 0.8893832564353943, -0.45526453852653503, -0.15882956981658936, 0.44397640228271484, 0.8818493485450745),
            ["RightLowerLeg"] = CFrame.new(-1.1362135410308838e-07, -0.0007262825965881348, 0.00004610588803188875, 1, 1.443550274871086e-07, 4.656614649434232e-09, -7.078050856534901e-08, 0.5257136225700378, 0.85066157579422, 1.1827795276531106e-07, -0.8506616950035095, 0.5257138013839722),
            ["RightFoot"] = CFrame.new(1.51805579662323e-07, -1.7881393432617188e-07, 3.894820110872388e-08, 0.9849693775177002, 0.01660679094493389, 0.17192909121513367, 0.07618094980716705, 0.8515627384185791, -0.5186882019042969, -0.1550222486257553, 0.523989737033844, 0.8374980092048645),
            ["LeftLowerLeg"] = CFrame.new(-8.66129994392395e-08, -0.0007266402244567871, 0.00008098036050796509, 1, 7.916241884231567e-08, 1.862645149230957e-08, -7.636845111846924e-08, 0.4750763177871704, 0.8799446821212769, 4.470348358154297e-08, -0.8799446225166321, 0.47507619857788086),
        }},
        {Time = 0.133, Data = {
            ["LeftFoot"] = CFrame.new(-2.561137080192566e-09, -1.7881393432617188e-07, -7.450580596923828e-09, 0.9781532287597656, -0.00685308501124382, -0.20777244865894318, -0.10875503718852997, 0.834909200668335, -0.5395362377166748, 0.17716866731643677, 0.5503450632095337, 0.8159236311912537),
            ["LeftLowerArm"] = CFrame.new(0.0000012516975402832031, -8.344650268554688e-07, 0.0000049173831939697266, 1, 1.4901161193847656e-07, 4.00468671557519e-08, -1.2852251529693604e-07, 0.9315587878227234, -0.36359089612960815, -1.210719347000122e-07, 0.36359092593193054, 0.9315587282180786),
            ["LowerTorso"] = CFrame.new(0.0059094964526593685, -0.24684596061706543, 0.09891444444656372, 0.9952585697174072, -0.05608388036489487, 0.07946708053350449, 0.0603061243891716, 0.9968367218971252, -0.05176638439297676, -0.07631243765354156, 0.05631329491734505, 0.9954925179481506),
            ["Head"] = CFrame.new(1.4901161193847656e-08, -0.0000010728836059570312, 2.2351741790771484e-08, 0.9928757548332214, -0.007643990218639374, -0.11890927702188492, 0.013238439336419106, 0.9988386034965515, 0.04632900655269623, 0.11841703206300735, -0.04757321625947952, 0.9918237328529358),
            ["RightUpperArm"] = CFrame.new(-0.045298993587493896, -0.014321088790893555, 0.06132185086607933, 0.13232822716236115, -0.6531470417976379, 0.7455793619155884, 0.9737851023674011, -0.05474056676030159, -0.22078511118888855, 0.1850186288356781, 0.7552498579025269, 0.6287809610366821),
            ["UpperTorso"] = CFrame.new(1.5832483768463135e-08, 5.662441253662109e-07, -6.868503987789154e-09, 0.9923607110977173, 0.11543137580156326, 0.043542809784412384, -0.1184057742357254, 0.9902502298355103, 0.0733802393078804, -0.03464796021580696, -0.07797539234161377, 0.9963530898094177),
            ["HumanoidRootPart"] = CFrame.new(0, 0, 0, 1, 0, 0, 0, 1, 0, 0, 0, 1),
            ["RightHand"] = CFrame.new(2.8312206268310547e-07, 0.0000011324882507324219, -8.344650268554688e-07, 0.8876428008079529, 0.42833465337753296, 0.16917257010936737, -0.4524424374103546, 0.879632830619812, 0.14677290618419647, -0.08594202250242233, -0.2068227082490921, 0.9745965003967285),
            ["LeftUpperArm"] = CFrame.new(0.012001216411590576, -0.04467916488647461, 0.06051137298345566, 0.9994223117828369, 0.0023217261768877506, 0.033906593918800354, -0.010660983622074127, 0.9687245488166809, 0.24790988862514496, -0.032270483672618866, -0.24812813103199005, 0.9681895971298218),
            ["RightLowerArm"] = CFrame.new(-4.470348358154297e-07, 4.76837158203125e-07, -0.0000039711594581604, 1, -0.000012323255759838503, 0.000015094879927346483, 0.000018985245333169587, 0.4442870020866394, -0.89588463306427, 0.000004336238362157019, 0.8958845138549805, 0.4442870020866394),
            ["LeftHand"] = CFrame.new(-0.0000014603137969970703, -9.5367431640625e-07, 2.421438694000244e-07, 0.99470055103302, 0.0436493456363678, -0.09308987855911255, -0.065676748752594, 0.9663620591163635, -0.24865856766700745, 0.07910479605197906, 0.25345468521118164, 0.9641075730323792),
            ["RightUpperLeg"] = CFrame.new(0, 6.451737135648727e-07, -1.892476575449109e-08, 0.9754944443702698, -0.05390721559524536, -0.21331822872161865, -0.03238093480467796, 0.9237909317016602, -0.3815261125564575, 0.21762841939926147, 0.3790837526321411, 0.8994070887565613),
            ["LeftUpperLeg"] = CFrame.new(0, 6.346963346004486e-07, 8.847564458847046e-09, 0.9883641004562378, 0.13222110271453857, 0.07519292831420898, -0.07792583107948303, 0.8646952509880066, -0.4962155520915985, -0.13062918186187744, 0.4845820367336273, 0.8649371862411499),
            ["RightLowerLeg"] = CFrame.new(-9.685754776000977e-08, -0.0007263422012329102, 0.00004604628338711336, 1, 1.238659450564228e-07, 6.519259798665189e-09, -7.450579886381092e-08, 0.5408348441123962, 0.8411286473274231, 9.685753354915505e-08, -0.8411288261413574, 0.5408350229263306),
            ["RightFoot"] = CFrame.new(1.0035000741481781e-07, -1.7881393432617188e-07, -9.480572771281004e-09, 0.9866616725921631, 0.015889296308159828, 0.16200722754001617, 0.07174515724182129, 0.8509036898612976, -0.5203992128372192, -0.14612141251564026, 0.5250812768936157, 0.838414192199707),
            ["LeftLowerLeg"] = CFrame.new(-9.313225746154785e-10, -0.0007265210151672363, 0.00008095055818557739, 1, 5.960465898624534e-08, 8.335336332265797e-08, -8.102506399154663e-08, 0.41994205117225647, 0.9075509905815125, 6.28642737865448e-08, -0.9075509905815125, 0.41994184255599976),
        }},
        {Time = 0.167, Data = {
            ["LeftFoot"] = CFrame.new(2.514570951461792e-08, -2.384185791015625e-07, 1.4901161193847656e-08, 0.9775633215904236, -0.01383167877793312, -0.21018743515014648, -0.10816770792007446, 0.8232664465904236, -0.5572543144226074, 0.18074806034564972, 0.5674867033958435, 0.8032987713813782),
            ["LeftLowerArm"] = CFrame.new(0.000001430511474609375, -4.172325134277344e-07, 0.000004827976226806641, 1, 1.5366823902240867e-07, 5.681068415697155e-08, -1.1548401346317405e-07, 0.9114270806312561, -0.41146180033683777, -1.1175872316471214e-07, 0.4114617705345154, 0.9114270806312561),
            ["LowerTorso"] = CFrame.new(0.01570034772157669, -0.257576584815979, 0.09809506684541702, 0.9864040017127991, -0.10762668401002884, 0.12419276684522629, 0.11435937881469727, 0.9922597408294678, -0.04839962720870972, -0.11802239716053009, 0.061944182962179184, 0.9910770058631897),
            ["Head"] = CFrame.new(1.862645149230957e-08, -9.5367431640625e-07, 7.450580596923828e-09, 0.9881525039672852, -0.0529111847281456, -0.1440666764974594, 0.05951082333922386, 0.997348427772522, 0.04188975319266319, 0.14146827161312103, -0.04996710270643234, 0.9886810183525085),
            ["RightUpperArm"] = CFrame.new(-0.05565345287322998, -0.004210948944091797, 0.06183869391679764, 0.16100066900253296, -0.6214602589607239, 0.766724169254303, 0.9743819236755371, -0.023516399785876274, -0.22366687655448914, 0.15703065693378448, 0.7830926775932312, 0.6017535924911499),
            ["UpperTorso"] = CFrame.new(2.0489096641540527e-08, -5.662441253662109e-07, 1.83936208486557e-08, 0.976797342300415, 0.21250922977924347, 0.02658993750810623, -0.21387717127799988, 0.9743797183036804, 0.06957567483186722, -0.011123277246952057, -0.07364832609891891, 0.9972223043441772),
            ["HumanoidRootPart"] = CFrame.new(0, 0, 0, 1, 0, 0, 0, 1, 0, 0, 0, 1),
            ["RightHand"] = CFrame.new(1.7136335372924805e-07, 9.5367431640625e-07, -8.344650268554688e-07, 0.9606406092643738, 0.24702192842960358, 0.12708155810832977, -0.26734423637390137, 0.9463871717453003, 0.18132458627223969, -0.07547729462385178, -0.20816215872764587, 0.9751777648925781),
            ["LeftUpperArm"] = CFrame.new(0.002508103847503662, -0.05436873435974121, 0.06048364192247391, 0.9987183809280396, -0.020591868087649345, -0.046235356479883194, 0.031399477273225784, 0.9685326814651489, 0.246897891163826, 0.03969639539718628, -0.24803321063518524, 0.9679379463195801),
            ["RightLowerArm"] = CFrame.new(-4.172325134277344e-07, 4.172325134277344e-07, -0.0000036954879760742188, 1, -0.000014223160178516991, 0.000013276937352202367, 0.00001897662878036499, 0.5609967112541199, -0.8278180360794067, 0.000004317611455917358, 0.8278181552886963, 0.5609967708587646),
            ["LeftHand"] = CFrame.new(-0.0000013671815395355225, -0.0000016093254089355469, 2.1979212760925293e-07, 0.9714526534080505, 0.11929429322481155, -0.20505715906620026, -0.161215677857399, 0.9660832285881042, -0.20172441005706787, 0.1740378588438034, 0.2290242612361908, 0.9577364325523376),
            ["RightUpperLeg"] = CFrame.new(0, -2.384185791015625e-07, -2.4047039914876223e-08, 0.9642281532287598, -0.0065519302152097225, -0.264992892742157, -0.08631967008113861, 0.9374424815177917, -0.3372691571712494, 0.25062525272369385, 0.3480788469314575, 0.9033427834510803),
            ["LeftUpperLeg"] = CFrame.new(5.960464477539063e-08, -3.25031578540802e-07, -1.862645149230957e-08, 0.9867146611213684, 0.1624632328748703, -0.00013362616300582886, -0.1364315003156662, 0.8281648755073547, -0.5436258912086487, -0.0882086306810379, 0.5364220142364502, 0.8393276929855347),
            ["RightLowerLeg"] = CFrame.new(-5.21540641784668e-08, -0.0007266402244567871, 0.00004616176738636568, 1, 1.2665992699112394e-07, 1.25728565336658e-08, -6.984919309616089e-08, 0.5740208029747009, 0.8188410997390747, 7.82310962677002e-08, -0.8188408017158508, 0.5740203857421875),
            ["RightFoot"] = CFrame.new(1.7974525690078735e-07, -5.960464477539063e-08, 1.6952981241047382e-09, 0.9884592294692993, 0.012992197647690773, 0.1509290337562561, 0.0675717368721962, 0.8538932204246521, -0.5160435438156128, -0.1355818808078766, 0.5202862024307251, 0.8431604504585266),
            ["LeftLowerLeg"] = CFrame.new(-5.587935447692871e-09, -0.0007265210151672363, 0.00008102506399154663, 1, 7.543714986013583e-08, 2.1420417439799166e-08, -8.381902460996571e-08, 0.3505578339099884, 0.9365411400794983, 8.195637946073475e-08, -0.9365411996841431, 0.35055768489837646),
        }},
        {Time = 0.200, Data = {
            ["LeftFoot"] = CFrame.new(-1.955777406692505e-08, -1.7881393432617188e-07, 2.2351741790771484e-08, 0.977185070514679, -0.022783568128943443, -0.21116399765014648, -0.10429786145687103, 0.8146176934242249, -0.5705432295799255, 0.18501707911491394, 0.5795506834983826, 0.7936562895774841),
            ["LeftLowerArm"] = CFrame.new(0.0000014901161193847656, -8.940696716308594e-07, 0.000004887580871582031, 1, 1.4156103134155273e-07, 5.21540641784668e-08, -1.0734949285051698e-07, 0.8846094012260437, -0.4663327634334564, -1.266598843585598e-07, 0.4663328230381012, 0.8846094012260437),
            ["LowerTorso"] = CFrame.new(0.02607681043446064, -0.26546502113342285, 0.09700655937194824, 0.9745140671730042, -0.1539880782365799, 0.1631263792514801, 0.16312910616397858, 0.9856175184249878, -0.04412677884101868, -0.15398520231246948, 0.06961281597614288, 0.985617995262146),
            ["Head"] = CFrame.new(-8.381903171539307e-09, -8.344650268554688e-07, 3.725290298461914e-09, 0.981574535369873, -0.09900374710559845, -0.16343118250370026, 0.10631128400564194, 0.9936602711677551, 0.036567673087120056, 0.15877477824687958, -0.05326857045292854, 0.9858768582344055),
            ["RightUpperArm"] = CFrame.new(-0.06357437372207642, 0.003564596176147461, 0.06272625923156738, 0.18467716872692108, -0.5780144929885864, 0.7948545813560486, 0.9778624773025513, 0.02710646763443947, -0.207485631108284, 0.09838397800922394, 0.8155761957168579, 0.5702245235443115),
            ["UpperTorso"] = CFrame.new(2.0489096641540527e-08, 1.7881393432617188e-07, 3.3993273973464966e-08, 0.9546797871589661, 0.2974410355091095, 0.010741367004811764, -0.2974763810634613, 0.9523712396621704, 0.06705887615680695, 0.009716197848320007, -0.06721503287553787, 0.99769127368927),
            ["HumanoidRootPart"] = CFrame.new(0, 0, 0, 1, 0, 0, 0, 1, 0, 0, 0, 1),
            ["RightHand"] = CFrame.new(1.2665987014770508e-07, 0.0000011324882507324219, -8.046627044677734e-07, 0.9976754188537598, -0.05127372220158577, 0.04488631710410118, 0.04552613943815231, 0.9916272759437561, 0.12084183096885681, -0.050706613808870316, -0.11851725727319717, 0.9916564226150513),
            ["LeftUpperArm"] = CFrame.new(-0.004581332206726074, -0.060100555419921875, 0.06094691902399063, 0.9941140413284302, -0.09223152697086334, 0.05684014409780502, 0.07630504667758942, 0.9685085415840149, 0.23700007796287537, -0.0769088864326477, -0.2312677949666977, 0.9698454737663269),
            ["RightLowerArm"] = CFrame.new(5.662441253662109e-07, 5.364418029785156e-07, -0.000003844499588012695, 1, -0.000015435742170666344, 0.000011855738193844445, 0.000018985942006111145, 0.6391046047210693, -0.7691198587417603, 0.0000043157488107681274, 0.7691198587417603, 0.6391046643257141),
            ["LeftHand"] = CFrame.new(-0.0000014007091522216797, -0.000001430511474609375, 1.4901161193847656e-07, 0.9816646575927734, 0.16609229147434235, -0.09352985769510269, -0.18535952270030975, 0.9462170004844666, -0.26517030596733093, 0.0444568395614624, 0.2776452600955963, 0.9596545696258545),
            ["RightUpperLeg"] = CFrame.new(0, -4.330649971961975e-08, -7.283233571797609e-09, 0.9505088925361633, 0.04022596403956413, -0.3080824613571167, -0.1346224546432495, 0.9469903707504272, -0.29169538617134094, 0.2800174951553345, 0.3187336027622223, 0.9055379033088684),
            ["LeftUpperLeg"] = CFrame.new(-5.960464477539063e-08, -5.21540641784668e-08, 4.470348358154297e-08, 0.9801201820373535, 0.1849689781665802, -0.07177092880010605, -0.1920527219772339, 0.7936874032020569, -0.5772143602371216, -0.04980311170220375, 0.5795230269432068, 0.8134325742721558),
            ["RightLowerLeg"] = CFrame.new(-1.6577541828155518e-07, -0.0007261037826538086, 0.00004603883280651644, 1, 1.0617080192787398e-07, 1.8626462594539817e-09, -7.264317503086204e-08, 0.6082925796508789, 0.7937124967575073, 1.0151418194936923e-07, -0.7937129139900208, 0.6082931160926819),
            ["RightFoot"] = CFrame.new(1.448206603527069e-07, -5.960464477539063e-08, -2.0656443666666746e-08, 0.9898128509521484, 0.01043815165758133, 0.14199170470237732, 0.06394650787115097, 0.858462929725647, -0.5088732242584229, -0.12720635533332825, 0.5127694010734558, 0.8490503430366516),
            ["LeftLowerLeg"] = CFrame.new(2.421438694000244e-08, -0.0007266402244567871, 0.00008101761341094971, 1, 6.705521116145974e-08, 1.9557781172352406e-08, -8.381903171539307e-08, 0.2932710349559784, 0.9560292959213257, 4.6566128730773926e-08, -0.9560293555259705, 0.29327139258384705),
        }},
        {Time = 0.233, Data = {
            ["LeftFoot"] = CFrame.new(1.1175870895385742e-08, -1.7881393432617188e-07, 2.2351741790771484e-08, 0.9770053029060364, -0.027915844693779945, -0.2113797962665558, -0.10134094208478928, 0.8114519715309143, -0.5755658745765686, 0.18759189546108246, 0.5837520956993103, 0.7899636030197144),
            ["LeftLowerArm"] = CFrame.new(0.000001519918441772461, -5.364418029785156e-07, 0.000004708766937255859, 1, 1.564621925354004e-07, 6.146729703004894e-08, -1.1548402767402877e-07, 0.8338004946708679, -0.5520659685134888, -1.49011640360186e-07, 0.552065908908844, 0.8338005542755127),
            ["LowerTorso"] = CFrame.new(0.031656716018915176, -0.26844120025634766, 0.09648153930902481, 0.9681989550590515, -0.17403146624565125, 0.17973259091377258, 0.18428584933280945, 0.9819794297218323, -0.04189600422978401, -0.16920249164104462, 0.07368585467338562, 0.9828229546546936),
            ["Head"] = CFrame.new(1.955777406692505e-08, -8.344650268554688e-07, 1.4901161193847656e-08, 0.9767232537269592, -0.1337275207042694, -0.16771604120731354, 0.141217440366745, 0.9894115328788757, 0.03350183367729187, 0.1614599972963333, -0.05640656501054764, 0.9852659702301025),
            ["RightUpperArm"] = CFrame.new(-0.06675148010253906, 0.006676673889160156, 0.06397952139377594, 0.2308630347251892, -0.5540725588798523, 0.7998160719871521, 0.972878098487854, 0.1191960871219635, -0.19824354350566864, 0.014506316743791103, 0.823890745639801, 0.5665630102157593),
            ["UpperTorso"] = CFrame.new(1.210719347000122e-07, 0, 6.984919309616089e-09, 0.9427714943885803, 0.33341437578201294, 0.00410627294331789, -0.3329216539859772, 0.9405496120452881, 0.06730286031961441, 0.0185776948928833, -0.06481824815273285, 0.9977242350578308),
            ["HumanoidRootPart"] = CFrame.new(0, 0, 0, 1, 0, 0, 0, 1, 0, 0, 0, 1),
            ["RightHand"] = CFrame.new(2.4586915969848633e-07, 9.5367431640625e-07, -7.450580596923828e-07, 0.9661867022514343, -0.25286629796028137, 0.050416119396686554, 0.25316745042800903, 0.9674224853515625, 0.0004333964898250997, -0.048883259296417236, 0.01234516967087984, 0.9987282156944275),
            ["LeftUpperArm"] = CFrame.new(-0.007402896881103516, -0.06195354461669922, 0.06198573857545853, 0.950675368309021, -0.16281010210514069, 0.2640247941017151, 0.10029233992099762, 0.9667956233024597, 0.23504844307899475, -0.2935263514518738, -0.19697503745555878, 0.9354375004768372),
            ["RightLowerArm"] = CFrame.new(5.960464477539062e-07, 5.364418029785156e-07, -0.0000039637088775634766, 1, -0.000015944244296406396, 0.000011179597095178906, 0.00001898407754197251, 0.6716299057006836, -0.7408867478370667, 0.000004291533969080774, 0.7408868670463562, 0.6716299653053284),
            ["LeftHand"] = CFrame.new(-0.0000014379620552062988, -0.0000012516975402832031, 2.682209014892578e-07, 0.9792077541351318, 0.102552130818367, 0.17502929270267487, -0.008373015560209751, 0.8825046420097351, -0.47022899985313416, -0.2026873379945755, 0.45898663997650146, 0.8650141358375549),
            ["RightUpperLeg"] = CFrame.new(0, -3.457535058259964e-08, 6.686605047434568e-09, 0.9434030652046204, 0.06204120069742203, -0.32579389214515686, -0.15581806004047394, 0.950090229511261, -0.27027657628059387, 0.2927653193473816, 0.30574432015419006, 0.9059850573539734),
            ["LeftUpperLeg"] = CFrame.new(5.960464477539063e-08, -9.033828973770142e-08, -2.0489096641540527e-08, 0.9755168557167053, 0.19373075664043427, -0.1040932908654213, -0.21741557121276855, 0.7782241106033325, -0.5891498923301697, -0.033128511160612106, 0.5973572731018066, 0.8012908697128296),
            ["RightLowerLeg"] = CFrame.new(7.35744833946228e-08, -0.0007262229919433594, 0.000045994129322934896, 1, 1.685694712705299e-07, 3.352762334429826e-08, -4.190951585769653e-08, 0.6242303848266602, 0.7812405228614807, 9.802170097827911e-08, -0.7812404036521912, 0.6242302656173706),
            ["RightFoot"] = CFrame.new(1.35740265250206e-07, -1.1920928955078125e-07, 9.145878721028566e-09, 0.9903373122215271, 0.008972356095910072, 0.13838915526866913, 0.06274430453777313, 0.8609369993209839, -0.5048276782035828, -0.12367386370897293, 0.5086326003074646, 0.8520548343658447),
            ["LeftLowerLeg"] = CFrame.new(-4.842877388000488e-08, -0.0007266998291015625, 0.00008106976747512817, 1, 6.146731124090365e-08, 3.166496043149891e-08, -9.872019290924072e-08, 0.269957572221756, 0.9628722667694092, 9.313225746154785e-09, -0.962872326374054, 0.2699573040008545),
        }},
        {Time = 0.267, Data = {
            ["LeftFoot"] = CFrame.new(-5.4016709327697754e-08, -5.960464477539063e-08, 2.2351741790771484e-08, 0.9787753224372864, -0.027900148183107376, -0.2030283808708191, -0.09368004649877548, 0.8202143311500549, -0.5643334984779358, 0.18227188289165497, 0.5713754892349243, 0.8001919984817505),
            ["LeftLowerArm"] = CFrame.new(0.0000012218952178955078, -3.5762786865234375e-07, 0.000004932284355163574, 1, 1.4901159772762185e-07, -1.4901161193847656e-08, -7.264316082000732e-08, 0.6239981651306152, -0.7814258337020874, -1.4528632164001465e-07, 0.7814258337020874, 0.6239981651306152),
            ["LowerTorso"] = CFrame.new(0.035051677376031876, -0.25554418563842773, 0.09669527411460876, 0.9800716042518616, -0.13938675820827484, 0.14153088629245758, 0.146950826048851, 0.9881455898284912, -0.04442784935235977, -0.1336604505777359, 0.06434055417776108, 0.9889363646507263),
            ["Head"] = CFrame.new(-1.30385160446167e-08, -9.5367431640625e-07, 0, 0.9757558703422546, -0.16745240986347198, -0.14092637598514557, 0.17327141761779785, 0.9844172596931458, 0.029998239129781723, 0.1337072104215622, -0.05368957296013832, 0.9895654916763306),
            ["RightUpperArm"] = CFrame.new(-0.059107422828674316, 0.0020062923431396484, 0.06379574537277222, 0.34571903944015503, -0.5593405961990356, 0.7534032464027405, 0.9328908920288086, 0.2912755012512207, -0.2118334025144577, -0.10096079856157303, 0.7760777473449707, 0.6225032806396484),
            ["UpperTorso"] = CFrame.new(3.5390257835388184e-08, 5.960464477539063e-08, 2.3283064365386963e-09, 0.9619556665420532, 0.2704384922981262, 0.0387849286198616, -0.2725854218006134, 0.9596112966537476, 0.06959418952465057, -0.01839764229953289, -0.07751874625682831, 0.9968211650848389),
            ["HumanoidRootPart"] = CFrame.new(0, 0, 0, 1, 0, 0, 0, 1, 0, 0, 0, 1),
            ["RightHand"] = CFrame.new(3.5762786865234375e-07, 9.5367431640625e-07, -7.748603820800781e-07, 0.9655950665473938, -0.2129112184047699, 0.14931458234786987, 0.22718101739883423, 0.9700549840927124, -0.08591970801353455, -0.12655019760131836, 0.11688537895679474, 0.9850497245788574),
            ["LeftUpperArm"] = CFrame.new(-0.00034558773040771484, -0.05821347236633301, 0.06234806030988693, 0.89903324842453, -0.06458675116300583, 0.4330908954143524, -0.004661696031689644, 0.9875945448875427, 0.15695667266845703, -0.4378555417060852, -0.1431281864643097, 0.8875792622566223),
            ["RightLowerArm"] = CFrame.new(4.470348358154297e-07, 4.76837158203125e-07, -0.000003844499588012695, 1, -0.00001551024615764618, 0.000011771920071623754, 0.000018984081179951318, 0.6421576738357544, -0.7665726542472839, 0.000004328787781560095, 0.7665725946426392, 0.6421576142311096),
            ["LeftHand"] = CFrame.new(-0.000001475214958190918, -0.0000011920928955078125, 2.2351741790771484e-07, 0.9762988686561584, 0.17637842893600464, 0.12542371451854706, -0.09439202398061752, 0.8685088753700256, -0.48660311102867126, -0.19475804269313812, 0.4632311761379242, 0.8645729422569275),
