return {
    ["Deep Dab"] = {
        {Time = 0.000, Data = {
            ["RightFoot"] = CFrame.new(-3.3527612686157227e-08, 2.384185791015625e-07, 6.129994289949536e-08, 0.9845550656318665, 0.16954582929611206, -0.043652333319187164, -0.17185384035110474, 0.888301432132721, -0.42589545249938965, -0.03343207761645317, 0.426819384098053, 0.9037187099456787),
            ["LeftLowerArm"] = CFrame.new(0, -8.940696716308594e-07, -5.960464477539063e-08, 1, -2.657180608878207e-08, 2.980232594040899e-08, 3.9115558791991134e-08, 0.8939037322998047, -0.44825899600982666, 3.72529100900465e-08, 0.4482590854167938, 0.8939037322998047),
            ["RightUpperArm"] = CFrame.new(-5.960464477539063e-08, -3.5762786865234375e-07, 0, 0.9861083030700684, -0.1660265028476715, -0.0050694989040493965, 0.1660304069519043, 0.9843051433563232, 0.05981087684631348, -0.004940260201692581, -0.05982169508934021, 0.9981968998908997),
            ["Head"] = CFrame.new(-8.475035429000854e-08, 4.76837158203125e-07, -8.195638656616211e-08, 0.9103448987007141, 0.020714646205306053, 0.41333186626434326, -0.01256344374269247, 0.9996695518493652, -0.02242927812039852, -0.4136599004268646, 0.015225492417812347, 0.9103041887283325),
            ["RightHand"] = CFrame.new(-1.6391277313232422e-07, 5.960464477539063e-08, -3.2782554626464844e-07, 0.9974340796470642, 0.04916195943951607, -0.05204223468899727, -0.05380932614207268, 0.9943013787269592, -0.0920298844575882, 0.04722127318382263, 0.09459412097930908, 0.9943954348564148),
            ["UpperTorso"] = CFrame.new(2.4129985831677914e-07, 4.470348358154297e-07, -7.497146725654602e-08, 0.9878909587860107, 0.022665299475193024, -0.1534857302904129, 0.008225931786000729, 0.980228841304779, 0.19769595563411713, 0.1549319475889206, -0.19656459987163544, 0.9681727886199951),
            ["HumanoidRootPart"] = CFrame.new(0, 0, 0, 1, 0, 0, 0, 1, 0, 0, 0, 1),
            ["RightUpperLeg"] = CFrame.new(-1.1920928955078125e-07, -1.2991949915885925e-07, -1.6596459317952394e-08, 0.9346963167190552, -0.16417045891284943, -0.3152635395526886, 0.18875017762184143, 0.9808088541030884, 0.04886158928275108, 0.3011913299560547, -0.1051768809556961, 0.9477455019950867),
            ["LeftUpperArm"] = CFrame.new(-1.1920928955078125e-07, 3.5762786865234375e-07, -2.682209014892578e-07, 0.8954012393951416, 0.30754050612449646, -0.32198676466941833, -0.2911858558654785, 0.9515217542648315, 0.09908255189657211, 0.33684927225112915, 0.005039355251938105, 0.9415451884269714),
            ["RightLowerArm"] = CFrame.new(-5.960464477539063e-08, -5.960464477539062e-07, -5.960464477539063e-08, 1, -5.215408904746255e-08, -4.842878098543224e-08, 1.4901161193847656e-08, 0.9144968390464783, -0.40459325909614563, -3.725290298461914e-09, 0.40459322929382324, 0.9144967794418335),
            ["LeftHand"] = CFrame.new(-4.172325134277344e-07, -4.76837158203125e-07, -5.960464477539063e-08, 0.9953092336654663, -0.052928268909454346, 0.08098316937685013, 0.0559120737016201, 0.997821033000946, -0.03503084182739258, -0.07895258069038391, 0.039394475519657135, 0.9960997700691223),
            ["LeftFoot"] = CFrame.new(-1.1920928955078125e-07, 5.960464477539063e-08, 8.195638656616211e-08, 0.9909897446632385, -0.12740187346935272, -0.04132954031229019, 0.1329026222229004, 0.9736392498016357, 0.1853744387626648, 0.016623100265860558, -0.18919694423675537, 0.9817984700202942),
            ["LowerTorso"] = CFrame.new(-0.0607745461165905, -0.11319971084594727, -0.02316923439502716, 0.963499128818512, -0.011952717788517475, -0.2674444913864136, 0.00013271129864733666, 0.9990240335464478, -0.044170599430799484, 0.2677114009857178, 0.0425228476524353, 0.9625604152679443),
            ["RightLowerLeg"] = CFrame.new(2.2351741790771484e-08, -0.000003337860107421875, -0.000013366043276619166, 1, 5.96046660916727e-08, -5.215407838932151e-08, 5.2154071283894154e-08, 0.9086475968360901, 0.4175640344619751, 7.450581307466564e-08, -0.4175640046596527, 0.9086475372314453),
            ["LeftUpperLeg"] = CFrame.new(0, -5.83939254283905e-07, 7.450580596923828e-09, 0.9828784465789795, 0.17426447570323944, 0.05984899401664734, -0.138238787651062, 0.9121780395507812, -0.3857736885547638, -0.12181968986988068, 0.37089523673057556, 0.9206502437591553),
            ["LeftLowerLeg"] = CFrame.new(0, 0.000003814697265625, 0.000013343989849090576, 1, -9.685756907629184e-08, 1.3038519597330378e-08, -2.2351731132630448e-08, 0.9708685874938965, 0.23961253464221954, 5.9604616353681195e-08, -0.23961269855499268, 0.9708686470985413),
        }},
        {Time = 0.033, Data = {
            ["RightFoot"] = CFrame.new(7.450580596923828e-09, 4.172325134277344e-07, -1.1751399142667651e-07, 0.9882115125656128, 0.1504940539598465, -0.028101367875933647, -0.14760154485702515, 0.8878318071365356, -0.43585333228111267, -0.04064362868666649, 0.43486347794532776, 0.899578869342804),
            ["LeftLowerArm"] = CFrame.new(-1.7881393432617188e-07, -4.172325134277344e-07, 2.384185791015625e-07, 1, -4.6333305192547414e-08, 8.940696716308594e-08, 4.063622682792811e-08, 0.8936457633972168, -0.44877326488494873, 7.450581485102248e-09, 0.44877320528030396, 0.893645703792572),
            ["RightUpperArm"] = CFrame.new(0, -4.76837158203125e-07, 1.4901161193847656e-08, 0.9821906089782715, -0.18418855965137482, 0.037098005414009094, 0.1818893998861313, 0.9816082715988159, 0.05797945335507393, -0.047094907611608505, -0.05019913613796234, 0.9976282715797424),
            ["Head"] = CFrame.new(-6.332993507385254e-08, 1.1920928955078125e-07, -9.592622518539429e-08, 0.916260302066803, 0.014951926656067371, 0.4003044664859772, -0.01701655611395836, 0.9998540282249451, 0.0016034303698688745, -0.4002220034599304, -0.008280955255031586, 0.9163808226585388),
            ["RightHand"] = CFrame.new(-2.9802322387695312e-08, -5.960464477539063e-08, -2.086162567138672e-07, 0.9977810382843018, 0.05194435641169548, -0.04165200516581535, -0.055528827011585236, 0.9943831562995911, -0.0901043638586998, 0.036737654358148575, 0.09221730381250381, 0.9950610399246216),
            ["UpperTorso"] = CFrame.new(2.341985236853361e-07, 0, -6.984919309616089e-08, 0.9877743721008301, 0.017374351620674133, -0.15491919219493866, 0.014605856500566006, 0.9790837168693542, 0.20293311774730682, 0.155204638838768, -0.20271490514278412, 0.9668599963188171),
            ["HumanoidRootPart"] = CFrame.new(0, 0, 0, 1, 0, 0, 0, 1, 0, 0, 0, 1),
            ["RightUpperLeg"] = CFrame.new(-1.1920928955078125e-07, -3.1152740120887756e-07, -4.639878170564771e-08, 0.9299729466438293, -0.19298307597637177, -0.3129030764102936, 0.18876324594020844, 0.9810349345207214, -0.04403414577245712, 0.31546616554260254, -0.018114252015948296, 0.9487637877464294),
            ["LeftUpperArm"] = CFrame.new(-1.1920928955078125e-07, 4.76837158203125e-07, -3.5762786865234375e-07, 0.8928346037864685, 0.3189566731452942, -0.31798285245895386, -0.305142343044281, 0.9476762413978577, 0.09379751980304718, 0.33126208186149597, 0.013284365646541119, 0.9434453248977661),
            ["RightLowerArm"] = CFrame.new(-2.980232238769531e-07, 1.1920928955078125e-07, 1.1920928955078125e-07, 1, -4.097820749393577e-08, 3.352762334429826e-08, 5.96046660916727e-08, 0.9089402556419373, -0.41692644357681274, 7.450583261459087e-09, 0.41692644357681274, 0.908940315246582),
            ["LeftHand"] = CFrame.new(0, -2.980232238769531e-07, 1.4901161193847656e-08, 0.9955546855926514, -0.05287201702594757, 0.0779452994465828, 0.055657919496297836, 0.9978704452514648, -0.0340120829641819, -0.07598097622394562, 0.038199152797460556, 0.9963772892951965),
            ["LeftFoot"] = CFrame.new(3.3527612686157227e-08, 0, -7.078051567077637e-08, 0.9905098080635071, -0.13082751631736755, -0.04212507605552673, 0.1356150209903717, 0.9801154732704163, 0.144852876663208, 0.022337283939123154, -0.14919091761112213, 0.9885561466217041),
            ["LowerTorso"] = CFrame.new(-0.054321661591529846, -0.12264418601989746, -0.03131686896085739, 0.964942455291748, -0.01144828088581562, -0.2622118592262268, 0.00019190194143448025, 0.9990787506103516, -0.0429140105843544, 0.2624615728855133, 0.041359223425388336, 0.9640557765960693),
            ["RightLowerLeg"] = CFrame.new(3.725290298461914e-08, -0.0000034570693969726562, -0.0000133199428091757, 1, -1.862645149230957e-07, 7.450580596923828e-09, 6.798655505235729e-08, 0.8275383710861206, 0.5614092350006104, 5.2154071283894154e-08, -0.5614092350006104, 0.8275383114814758),
            ["LeftUpperLeg"] = CFrame.new(-1.7881393432617188e-07, -6.351619958877563e-07, 5.960464477539063e-08, 0.9829864501953125, 0.17763108015060425, 0.04674113914370537, -0.1413588970899582, 0.8940925002098083, -0.42498978972435, -0.11728282272815704, 0.41115185618400574, 0.903990626335144),
            ["LeftLowerLeg"] = CFrame.new(-2.086162567138672e-07, 0.000003635883331298828, 0.000013425946235656738, 1, 3.725291186640334e-09, -2.6077048076444953e-08, -4.842878098543224e-08, 0.9475804567337036, 0.31951725482940674, 0, -0.3195173740386963, 0.9475805163383484),
        }},
        {Time = 0.067, Data = {
            ["RightFoot"] = CFrame.new(1.0803341865539551e-07, 4.172325134277344e-07, 1.6596459317952394e-08, 0.9945847392082214, 0.10371790826320648, -0.006617579609155655, -0.09663030505180359, 0.8994187712669373, -0.4262726306915283, -0.03825988247990608, 0.42460402846336365, 0.9045706391334534),
            ["LeftLowerArm"] = CFrame.new(-1.1920928955078125e-07, -7.152557373046875e-07, 2.384185791015625e-07, 1, -6.146731124090365e-08, 1.862645326866641e-08, 7.357449760547752e-08, 0.8924657106399536, -0.45111533999443054, 3.3527619791584584e-08, 0.45111531019210815, 0.8924657702445984),
            ["RightUpperArm"] = CFrame.new(-2.384185791015625e-07, 0, 9.685754776000977e-08, 0.9625064730644226, -0.2316952347755432, 0.14106258749961853, 0.22707469761371613, 0.9726818799972534, 0.048240482807159424, -0.14838610589504242, -0.01440003328025341, 0.9888246655464172),
            ["Head"] = CFrame.new(-3.026798367500305e-08, 7.152557373046875e-07, 3.725290298461914e-08, 0.9287025928497314, 0.02603956125676632, 0.3699100911617279, -0.029631614685058594, 0.999552845954895, 0.004030850250273943, -0.36963969469070435, -0.0147045087069273, 0.929058849811554),
            ["RightHand"] = CFrame.new(1.2665987014770508e-07, 1.1920928955078125e-07, -2.086162567138672e-07, 0.9981586933135986, 0.0593036524951458, -0.0127430260181427, -0.0601767934858799, 0.9945435523986816, -0.08521752059459686, 0.00761979166418314, 0.08582747727632523, 0.9962809085845947),
            ["UpperTorso"] = CFrame.new(2.3725442588329315e-07, 6.854534149169922e-07, -7.82310962677002e-08, 0.9873310923576355, 0.0038564042188227177, -0.15862643718719482, 0.031017236411571503, 0.9757275581359863, 0.21678029000759125, 0.15561217069625854, -0.21895408630371094, 0.9632466435432434),
            ["HumanoidRootPart"] = CFrame.new(0, 0, 0, 1, 0, 0, 0, 1, 0, 0, 0, 1),
            ["RightUpperLeg"] = CFrame.new(-5.960464477539063e-08, 3.6368146538734436e-07, -9.145878721028566e-09, 0.9217469692230225, -0.23332229256629944, -0.30974751710891724, 0.18496307730674744, 0.9665536880493164, -0.17765885591506958, 0.340839147567749, 0.10646460950374603, 0.934073805809021),
            ["LeftUpperArm"] = CFrame.new(1.7881393432617188e-07, 2.384185791015625e-07, -2.682209014892578e-07, 0.885032057762146, 0.34969404339790344, -0.30729833245277405, -0.3425985872745514, 0.9361844062805176, 0.07864446192979813, 0.315189391374588, 0.035677045583724976, 0.9483579993247986),
            ["RightLowerArm"] = CFrame.new(4.172325134277344e-07, 5.960464477539063e-08, -1.1920928955078125e-07, 1, -5.215407838932151e-08, 7.450583261459087e-09, 3.3527619791584584e-08, 0.8930310010910034, -0.4499953091144562, 2.2351747119842003e-08, 0.44999533891677856, 0.8930310010910034),
            ["LeftHand"] = CFrame.new(1.7881393432617188e-07, -1.1920928955078125e-07, -3.2782554626464844e-07, 0.9961976408958435, -0.052682869136333466, 0.06938866525888443, 0.05496121197938919, 0.9979963898658752, -0.03134474530816078, -0.06759822368621826, 0.03503919020295143, 0.9970971941947937),
            ["LeftFoot"] = CFrame.new(3.725290298461914e-09, 5.960464477539063e-08, -6.146728992462158e-08, 0.9890714287757874, -0.14062096178531647, -0.044312912970781326, 0.14333786070346832, 0.9874935150146484, 0.0656566321849823, 0.034526363015174866, -0.07129070907831192, 0.9968579411506653),
            ["LowerTorso"] = CFrame.new(-0.036376092582941055, -0.1479482650756836, -0.05348037928342819, 0.9686124324798584, -0.010387865826487541, -0.24835877120494843, 0.0006795139634050429, 0.9992333650588989, -0.03914383798837662, 0.24857498705387115, 0.03774644434452057, 0.9678769111633301),
            ["RightLowerLeg"] = CFrame.new(5.564652383327484e-08, -0.000003516674041748047, -0.00001324590266449377, 1, 1.1920926112907182e-07, 8.195638656616211e-08, -4.4703469370688254e-08, 0.6708612442016602, 0.7415827512741089, 2.2351734685344127e-08, -0.7415828108787537, 0.6708614230155945),
            ["LeftUpperLeg"] = CFrame.new(-2.384185791015625e-07, 3.1990930438041687e-07, 2.9802322387695312e-08, 0.9829397201538086, 0.18313629925251007, 0.017051836475729942, -0.15068143606185913, 0.8549596071243286, -0.496325820684433, -0.10547411441802979, 0.48528894782066345, 0.8679689168930054),
            ["LeftLowerLeg"] = CFrame.new(2.086162567138672e-07, 0.0000040531158447265625, 0.000013478100299835205, 1, 1.927837303128399e-07, -1.0244546899684792e-07, -3.725290298461914e-08, 0.8857368230819702, 0.4641876220703125, -6.705522537231445e-08, -0.46418771147727966, 0.885736882686615),
        }},
        {Time = 0.100, Data = {
            ["RightFoot"] = CFrame.new(1.1175870895385742e-08, 2.980232238769531e-07, 6.129994289949536e-08, 0.9981988072395325, 0.05998285859823227, -0.0011583088198676705, -0.05437459796667099, 0.8963669538497925, -0.43996506929397583, -0.025352176278829575, 0.439236044883728, 0.8980141282081604),
            ["LeftLowerArm"] = CFrame.new(-5.364418029785156e-07, -0.0000013113021850585938, -1.7881393432617188e-07, 1, -6.332995639013461e-08, 1.862645149230957e-08, 5.122274160385132e-08, 0.8897625803947449, -0.45642364025115967, 2.2351741790771484e-08, 0.4564236104488373, 0.8897625803947449),
            ["RightUpperArm"] = CFrame.new(-5.960464477539063e-08, 0, 3.725290298461914e-08, 0.916736900806427, -0.2936055064201355, 0.2709048092365265, 0.29842308163642883, 0.9541262984275818, 0.02422025427222252, -0.2655886709690094, 0.05864062160253525, 0.9623014330863953),
            ["Head"] = CFrame.new(-7.450580596923828e-08, 8.344650268554688e-07, -1.1082738637924194e-07, 0.9427691698074341, 0.0501178503036499, 0.3296582102775574, -0.049683958292007446, 0.9987174868583679, -0.009746676310896873, -0.32972392439842224, -0.007189870811998844, 0.9440500736236572),
            ["RightHand"] = CFrame.new(5.366746336221695e-08, 3.5762786865234375e-07, -3.0919909477233887e-07, 0.9970706105232239, 0.07002726942300797, 0.030765675008296967, -0.067426398396492, 0.994615375995636, -0.07870214432477951, -0.03611130639910698, 0.07639716565608978, 0.9964233636856079),
            ["UpperTorso"] = CFrame.new(2.2957101464271545e-07, 1.7881393432617188e-07, -7.846392691135406e-08, 0.9863911271095276, -0.014071258716285229, -0.16381284594535828, 0.053105492144823074, 0.9701952934265137, 0.2364339381456375, 0.1556035429239273, -0.24191568791866302, 0.9577392339706421),
            ["HumanoidRootPart"] = CFrame.new(0, 0, 0, 1, 0, 0, 0, 1, 0, 0, 0, 1),
            ["RightUpperLeg"] = CFrame.new(-1.4901161193847656e-07, 7.159542292356491e-09, -3.149762051180005e-08, 0.9126917123794556, -0.2517277002334595, -0.32191166281700134, 0.1777862310409546, 0.9538861513137817, -0.24185389280319214, 0.3679482340812683, 0.16350671648979187, 0.9153576493263245),
            ["LeftUpperArm"] = CFrame.new(-1.1920928955078125e-07, 1.1920928955078125e-07, -3.8743019104003906e-07, 0.8711512088775635, 0.39410462975502014, -0.2928774356842041, -0.39621755480766296, 0.9165219068527222, 0.05476733669638634, 0.2900126278400421, 0.06833252310752869, 0.9545801877975464),
            ["RightLowerArm"] = CFrame.new(5.364418029785156e-07, -0.0000010132789611816406, 7.450580596923828e-08, 1, -6.705529642658803e-08, 1.676381167214913e-08, -3.725291186640334e-09, 0.8674473166465759, -0.49752911925315857, 2.6077039194660756e-08, 0.49752920866012573, 0.8674472570419312),
            ["LeftHand"] = CFrame.new(-4.172325134277344e-07, -2.384185791015625e-07, 0, 0.9970589876174927, -0.05231764167547226, 0.05600360408425331, 0.05391094833612442, 0.9981718063354492, -0.027326760813593864, -0.05447159335017204, 0.03026564046740532, 0.9980566501617432),
            ["LeftFoot"] = CFrame.new(-7.450580596923828e-08, 5.960464477539063e-08, -4.6391505748033524e-08, 0.9865702986717224, -0.1562645435333252, -0.04754430055618286, 0.15544113516807556, 0.9876309633255005, -0.020572276785969734, 0.05017119646072388, 0.012905284762382507, 0.9986572861671448),
            ["LowerTorso"] = CFrame.new(-0.00905765499919653, -0.1845695972442627, -0.08624047040939331, 0.9734483361244202, -0.009651203639805317, -0.22870337963104248, 0.0021238806657493114, 0.9994485974311829, -0.03313634544610977, 0.2288970649242401, 0.03177078068256378, 0.9729321002960205),
            ["RightLowerLeg"] = CFrame.new(-4.842877388000488e-08, -0.000003635883331298828, -0.000013334843970369548, 1, 1.0430814256778831e-07, 2.2351748896198842e-08, 6.70552182668871e-08, 0.5556228756904602, 0.8314341902732849, -1.1920927533992653e-07, -0.8314344882965088, 0.5556232333183289),
            ["LeftUpperLeg"] = CFrame.new(-5.960464477539063e-08, -1.8766149878501892e-07, 4.0978193283081055e-08, 0.9820038080215454, 0.18767821788787842, -0.021103667095303535, -0.16649670898914337, 0.8075513243675232, -0.5658088326454163, -0.08914792537689209, 0.559140145778656, 0.8242663741111755),
            ["LeftLowerLeg"] = CFrame.new(1.1920928955078125e-07, 0.000003933906555175781, 0.000013269484043121338, 1, 1.5320256352424622e-07, -1.824810880179939e-08, -1.0803340444454079e-07, 0.7979166507720947, 0.6027676463127136, 3.725289943190546e-08, -0.6027677655220032, 0.7979167699813843),
        }},
        {Time = 0.133, Data = {
            ["RightFoot"] = CFrame.new(2.2351741790771484e-08, 2.980232238769531e-07, -2.8107024263590574e-08, 0.9991932511329651, 0.04014528542757034, 0.0011832790914922953, -0.03537914901971817, 0.8937495946884155, -0.4471692442893982, -0.019009020179510117, 0.4467664062976837, 0.8944486975669861),
            ["LeftLowerArm"] = CFrame.new(-2.384185791015625e-07, -0.0000016689300537109375, 5.960464477539063e-08, 1, -4.8428795196286956e-08, 0, 1.0244551873483942e-07, 0.8848816752433777, -0.4658159017562866, 2.2351748896198842e-08, 0.46581587195396423, 0.8848817348480225),
            ["RightUpperArm"] = CFrame.new(0, -1.1920928955078125e-07, -5.960464477539063e-08, 0.85030597448349, -0.35154637694358826, 0.39165663719177246, 0.3872717320919037, 0.9218693375587463, -0.013327168300747871, -0.356371134519577, 0.16300979256629944, 0.9200149178504944),
            ["Head"] = CFrame.new(-2.60770320892334e-08, 4.76837158203125e-07, -1.0244548320770264e-07, 0.9543205499649048, 0.08213295042514801, 0.2872743606567383, -0.07532999664545059, 0.9965556263923645, -0.03467448055744171, -0.2891328036785126, 0.01145018357783556, 0.9572205543518066),
            ["RightHand"] = CFrame.new(-3.3527612686157227e-07, -1.1920928955078125e-07, -2.384185791015625e-07, 0.9929294586181641, 0.08275949954986572, 0.08510075509548187, -0.07670808583498001, 0.9944448471069336, -0.07207998633384705, -0.09059327095746994, 0.06504244357347488, 0.9937617778778076),
            ["UpperTorso"] = CFrame.new(2.300366759300232e-07, 4.76837158203125e-07, -5.448237061500549e-08, 0.9849493503570557, -0.032917384058237076, -0.1696796417236328, 0.07677128165960312, 0.9628629088401794, 0.2588460445404053, 0.15485771000385284, -0.2679767608642578, 0.950898289680481),
            ["HumanoidRootPart"] = CFrame.new(0, 0, 0, 1, 0, 0, 0, 1, 0, 0, 0, 1),
            ["RightUpperLeg"] = CFrame.new(-3.2782554626464844e-07, -1.935986801981926e-07, 3.183231456205249e-08, 0.8938209414482117, -0.32550397515296936, -0.30843400955200195, 0.2182871401309967, 0.9166551232337952, -0.3348046839237213, 0.39170756936073303, 0.23192837834358215, 0.8903788328170776),
            ["LeftUpperArm"] = CFrame.new(0, 4.76837158203125e-07, -2.980232238769531e-07, 0.8509673476219177, 0.4460848271846771, -0.27724164724349976, -0.45830321311950684, 0.8885012269020081, 0.022888874635100365, 0.25653979182243347, 0.10758300125598907, 0.9605276584625244),
            ["RightLowerArm"] = CFrame.new(6.556510925292969e-07, 0.0000010728836059570312, 1.3504177331924438e-08, 1, -7.078055830334051e-08, 7.450582373280668e-09, 5.0291436792804234e-08, 0.8329876661300659, -0.5532915592193604, 1.1175874448099421e-08, 0.5532915592193604, 0.8329877257347107),
            ["LeftHand"] = CFrame.new(1.1920928955078125e-07, -3.5762786865234375e-07, -2.086162567138672e-07, 0.997904896736145, -0.051875416189432144, 0.038662996143102646, 0.05276881903409958, 0.9983542561531067, -0.022457608953118324, -0.037434328347444534, 0.024450846016407013, 0.9989999532699585),
            ["LeftFoot"] = CFrame.new(-5.587935447692871e-08, -5.960464477539063e-08, 1.1175870895385742e-08, 0.9828274250030518, -0.17723706364631653, -0.05135570093989372, 0.17119824886322021, 0.9796633720397949, -0.10464669018983841, 0.06885896623134613, 0.0940578505396843, 0.9931826591491699),
            ["LowerTorso"] = CFrame.new(0.025513986125588417, -0.22796416282653809, -0.12617801129817963, 0.9784885048866272, -0.009899352677166462, -0.20606383681297302, 0.004851695150136948, 0.9996760487556458, -0.024986518546938896, 0.20624440908432007, 0.023449262604117393, 0.9782195687294006),
            ["RightLowerLeg"] = CFrame.new(-5.960464477539063e-08, -0.0000034570693969726562, -0.000013498756743501872, 1, -2.8312206268310547e-07, 1.4901159417490817e-08, 1.043081283569336e-07, 0.43203985691070557, 0.9018547534942627, -2.2351741790771484e-08, -0.9018545746803284, 0.43203938007354736),
            ["LeftUpperLeg"] = CFrame.new(-1.7881393432617188e-07, 1.4435499906539917e-08, 3.725290298461914e-09, 0.9794192314147949, 0.19144342839717865, -0.06393268704414368, -0.188860684633255, 0.7575234770774841, -0.624891996383667, -0.07120129466056824, 0.6241055130958557, 0.7780891060829163),
            ["LeftLowerLeg"] = CFrame.new(-2.2351741790771484e-08, 0.000004112720489501953, 0.000013262033462524414, 1, 6.705523958316917e-08, 1.0244548320770264e-08, -8.568168397005138e-08, 0.6967904567718506, 0.7172747254371643, 3.725290653733282e-08, -0.7172748446464539, 0.6967904567718506),
        }},
        {Time = 0.167, Data = {
            ["RightFoot"] = CFrame.new(8.940696716308594e-08, 3.5762786865234375e-07, 5.3849362302571535e-08, 0.9987756013870239, 0.048481836915016174, 0.009844016283750534, -0.04167161509394646, 0.93172687292099, -0.3607611060142517, -0.026662489399313927, 0.3599089980125427, 0.9326063990592957),
            ["LeftLowerArm"] = CFrame.new(5.960464477539062e-07, -1.1920928955078125e-07, 1.7881393432617188e-07, 1, -4.097820749393577e-08, 8.195639367158947e-08, 5.960465188081798e-08, 0.877032995223999, -0.48043015599250793, 1.4901162970204496e-08, 0.48043015599250793, 0.8770331144332886),
            ["RightUpperArm"] = CFrame.new(-5.960464477539063e-08, 2.384185791015625e-07, -1.4901161193847656e-08, 0.7863465547561646, -0.39657941460609436, 0.4736918807029724, 0.47583991289138794, 0.877810537815094, -0.05500089004635811, -0.39399948716163635, 0.26865124702453613, 0.878971517086029),
            ["Head"] = CFrame.new(-6.705522537231445e-08, 9.5367431640625e-07, -7.450580596923828e-09, 0.9610580801963806, 0.11618020385503769, 0.2507384419441223, -0.10248249769210815, 0.9924719929695129, -0.06705784797668457, -0.2566416561603546, 0.03875022009015083, 0.9657295346260071),
            ["RightHand"] = CFrame.new(2.8312206268310547e-07, -2.384185791015625e-07, -1.1920928955078125e-07, 0.9845803380012512, 0.09631841629743576, 0.1460292935371399, -0.08739292621612549, 0.9939607977867126, -0.06636600196361542, -0.1515396684408188, 0.05258077010512352, 0.9870517253875732),
            ["UpperTorso"] = CFrame.new(2.1606683731079102e-07, 1.4901161193847656e-07, -9.220093488693237e-08, 0.98333740234375, -0.04915726184844971, -0.17501746118068695, 0.09777648001909256, 0.9546474814414978, 0.2812258005142212, 0.15325571596622467, -0.2936524748802185, 0.9435470104217529),
            ["HumanoidRootPart"] = CFrame.new(0, 0, 0, 1, 0, 0, 0, 1, 0, 0, 0, 1),
            ["RightUpperLeg"] = CFrame.new(-2.9802322387695312e-08, -5.9371814131736755e-09, -1.287116901949048e-08, 0.8605742454528809, -0.4603683352470398, -0.21788290143013, 0.3146139085292816, 0.8169026374816895, -0.4834131896495819, 0.40053728222846985, 0.34746408462524414, 0.8478435277938843),
            ["LeftUpperArm"] = CFrame.new(-1.1920928955078125e-07, 1.1920928955078125e-07, -3.5762786865234375e-07, 0.8251160979270935, 0.5000551342964172, -0.26292234659194946, -0.5217380523681641, 0.8529728055000305, -0.015065583400428295, 0.21673205494880676, 0.14960744976997375, 0.9646994471549988),
            ["RightLowerArm"] = CFrame.new(5.960464477539063e-08, 3.5762786865234375e-07, 1.4901161193847656e-08, 1, -4.47035120032524e-08, 4.4703494239684005e-08, 9.313227877782992e-08, 0.7915008664131165, -0.6111681461334229, 1.4901164746561335e-08, 0.6111681461334229, 0.7915007472038269),
            ["LeftHand"] = CFrame.new(4.76837158203125e-07, -2.384185791015625e-07, -2.384185791015625e-07, 0.9985228180885315, -0.051269352436065674, 0.01799153909087181, 0.05157717689871788, 0.9985228776931763, -0.017083659768104553, -0.017089050263166428, 0.017986377701163292, 0.9996922612190247),
            ["LeftFoot"] = CFrame.new(-7.450580596923828e-09, 0, 1.1920928955078125e-07, 0.9776669144630432, -0.20279288291931152, -0.05516090244054794, 0.18979565799236298, 0.9646877646446228, -0.1826336532831192, 0.09024997800588608, 0.16808556020259857, 0.9816324710845947),
            ["LowerTorso"] = CFrame.new(0.06521906703710556, -0.2735886573791504, -0.16987374424934387, 0.9829661250114441, -0.011969901621341705, -0.18339698016643524, 0.00938369706273079, 0.9998440146446228, -0.014963054098188877, 0.1835474818944931, 0.012987232767045498, 0.9829250574111938),
            ["RightLowerLeg"] = CFrame.new(-2.9802322387695312e-08, -0.0000035762786865234375, -0.00001326033816440031, 1, 7.450581307466564e-08, 5.960464477539063e-08, 1.043081283569336e-07, 0.29841265082359314, 0.9544370770454407, 4.470348358154297e-08, -0.9544370174407959, 0.29841238260269165),
            ["LeftUpperLeg"] = CFrame.new(-2.980232238769531e-07, -3.105960786342621e-07, -1.1175870895385742e-08, 0.9744781851768494, 0.19639374315738678, -0.10872901231050491, -0.2177194207906723, 0.7088636755943298, -0.6709027886390686, -0.05468735843896866, 0.6774525046348572, 0.7335308194160461),
            ["LeftLowerLeg"] = CFrame.new(-8.940696716308594e-08, 0.000003814697265625, 0.0000135079026222229, 1, 3.501771743685822e-07, 1.415610029198433e-07, -1.6391277313232422e-07, 0.5942342877388, 0.8042919039726257, 1.1175870895385742e-07, -0.8042920231819153, 0.5942345261573792),
        }},
        {Time = 0.200, Data = {
            ["RightFoot"] = CFrame.new(-2.2351741790771484e-08, 2.980232238769531e-07, -1.1751399142667651e-07, 0.9953092336654663, 0.09058356285095215, 0.03397307172417641, -0.08005400747060776, 0.9683215022087097, -0.23652687668800354, -0.054322075098752975, 0.23269787430763245, 0.9710308313369751),
            ["LeftLowerArm"] = CFrame.new(-5.364418029785156e-07, -0.0000016093254089355469, -1.4901161193847656e-07, 1, -2.2351747119842003e-08, 1.1920928955078125e-07, 5.960464477539063e-08, 0.8653154373168945, -0.5012277364730835, 7.450580596923828e-09, 0.5012277364730835, 0.8653154373168945),
            ["RightUpperArm"] = CFrame.new(1.1920928955078125e-07, -2.384185791015625e-07, 1.4901161193847656e-07, 0.7525377869606018, -0.43694716691970825, 0.49271100759506226, 0.5416098237037659, 0.8362595438957214, -0.08560923486948013, -0.37462759017944336, 0.3312811851501465, 0.8659716844558716),
            ["Head"] = CFrame.new(-4.842877388000488e-08, 7.152557373046875e-07, 5.029141902923584e-08, 0.9629858136177063, 0.15021561086177826, 0.22381635010242462, -0.13051924109458923, 0.9863467216491699, -0.10042386502027512, -0.23584571480751038, 0.06749440729618073, 0.9694438576698303),
            ["RightHand"] = CFrame.new(5.960464477539063e-08, 1.1920928955078125e-07, -2.384185791015625e-07, 0.9716681838035583, 0.10947509109973907, 0.2094665765762329, -0.09842939674854279, 0.9931805729866028, -0.062481530010700226, -0.21487833559513092, 0.040093641728162766, 0.9758176207542419),
            ["UpperTorso"] = CFrame.new(2.384185791015625e-07, 3.2782554626464844e-07, -3.4924596548080444e-08, 0.9821614027023315, -0.059256624430418015, -0.17845919728279114, 0.11185979843139648, 0.94698166847229, 0.30118635296821594, 0.15115025639533997, -0.3157760500907898, 0.93671715259552),
            ["HumanoidRootPart"] = CFrame.new(0, 0, 0, 1, 0, 0, 0, 1, 0, 0, 0, 1),
            ["RightUpperLeg"] = CFrame.new(-2.9802322387695312e-08, 1.7861748347058892e-07, 2.6710040401667356e-08, 0.8171905279159546, -0.562452495098114, -0.12588562071323395, 0.4031704068183899, 0.7139091491699219, -0.5725265741348267, 0.4118898808956146, 0.41711029410362244, 0.810164213180542),
            ["LeftUpperArm"] = CFrame.new(0, 3.5762786865234375e-07, 0, 0.7960901856422424, 0.5504299998283386, -0.2515300214290619, -0.5798200964927673, 0.8127841353416443, -0.0564875528216362, 0.1733471304178238, 0.19081135094165802, 0.9661996960639954),
            ["RightLowerArm"] = CFrame.new(8.940696716308594e-07, -1.1920928955078125e-07, 2.086162567138672e-07, 1, -5.960467319710006e-08, -2.980232594040899e-08, 4.842878453814592e-08, 0.7461000680923462, -0.6658338904380798, 5.960465898624534e-08, 0.6658338308334351, 0.7461000680923462),
            ["LeftHand"] = CFrame.new(1.7881393432617188e-07, -3.5762786865234375e-07, -1.7881393432617188e-07, 0.9987108707427979, -0.05049194395542145, -0.005226561333984137, 0.050428103655576706, 0.9986594319343567, -0.011681477539241314, 0.0058093382976949215, 0.011402888223528862, 0.9999181032180786),
            ["LeftFoot"] = CFrame.new(-7.450580596923828e-09, -5.960464477539063e-08, 1.0058283805847168e-07, 0.9710208177566528, -0.23177877068519592, -0.058284953236579895, 0.21033185720443726, 0.9445661306381226, -0.252102255821228, 0.11348625272512436, 0.2325371652841568, 0.9659438133239746),
            ["LowerTorso"] = CFrame.new(0.10793785005807877, -0.31690049171447754, -0.21390853822231293, 0.9863747954368591, -0.016484614461660385, -0.16368597745895386, 0.01619444601237774, 0.9998640418052673, -0.003107059048488736, 0.1637149155139923, 0.00041392145794816315, 0.9865077137947083),
            ["RightLowerLeg"] = CFrame.new(-1.043081283569336e-07, -0.000003635883331298828, -0.000013364646292757243, 1, -1.2293457984924316e-07, -1.9371509552001953e-07, 1.341104365337742e-07, 0.2672010660171509, 0.9636408686637878, -1.639127589214695e-07, -0.9636408090591431, 0.2672008275985718),
            ["LeftUpperLeg"] = CFrame.new(-2.384185791015625e-07, -2.9528746381402016e-07, -1.0710209608078003e-08, 0.9666867852210999, 0.2047986537218094, -0.15353918075561523, -0.25249916315078735, 0.6646537184715271, -0.703192412853241, -0.041962821036577225, 0.7185352444648743, 0.6942234039306641),
            ["LeftLowerLeg"] = CFrame.new(6.705522537231445e-08, 0.000004231929779052734, 0.00001325458288192749, 1, 1.639127589214695e-07, 8.940696716308594e-08, -1.0430807861894209e-07, 0.5004463791847229, 0.8657677173614502, 1.1920923270736239e-07, -0.8657674789428711, 0.5004462003707886),
        }},
        {Time = 0.233, Data = {
            ["RightFoot"] = CFrame.new(1.4901161193847656e-07, 2.980232238769531e-07, -1.6221747500821948e-07, 0.9807906150817871, 0.17557446658611298, 0.08499126881361008, -0.16496382653713226, 0.9791000485420227, -0.11895399540662766, -0.1041003093123436, 0.1026485413312912, 0.9892555475234985),
            ["LeftLowerArm"] = CFrame.new(-4.172325134277344e-07, -2.980232238769531e-07, 0, 1, -8.195641498787154e-08, 2.980233304583635e-08, 3.7252920748187535e-08, 0.8486499786376953, -0.528954803943634, 2.235175244891252e-08, 0.528954803943634, 0.8486500382423401),
            ["RightUpperArm"] = CFrame.new(-3.5762786865234375e-07, 0, -1.1920928955078125e-07, 0.7456364631652832, -0.4758920669555664, 0.46642592549324036, 0.5731445550918579, 0.8150730729103088, -0.0846235454082489, -0.3398996591567993, 0.33042794466018677, 0.8805031180381775),
            ["Head"] = CFrame.new(-1.1920928955078125e-07, 1.1920928955078125e-07, -7.078051567077637e-08, 0.9602839350700378, 0.19245252013206482, 0.20203183591365814, -0.17088402807712555, 0.9780274629592896, -0.11941995471715927, -0.22057531774044037, 0.08015304058790207, 0.9720710515975952),
            ["RightHand"] = CFrame.new(-1.1920928955078125e-07, -1.1920928955078125e-07, -1.1920928955078125e-07, 0.954887866973877, 0.12108723819255829, 0.2711588740348816, -0.1085728332400322, 0.9922308325767517, -0.06074550002813339, -0.2764076292514801, 0.028564590960741043, 0.9606159329414368),
            ["UpperTorso"] = CFrame.new(2.0116567611694336e-07, 2.384185791015625e-07, -6.705522537231445e-08, 0.9822132587432861, -0.06494292616844177, -0.1761806458234787, 0.11803475767374039, 0.9432677030563354, 0.31034472584724426, 0.14603081345558167, -0.3256201148033142, 0.9341555237770081),
            ["HumanoidRootPart"] = CFrame.new(0, 0, 0, 1, 0, 0, 0, 1, 0, 0, 0, 1),
            ["RightUpperLeg"] = CFrame.new(-1.4901161193847656e-07, -3.632158041000366e-08, -8.55143298394978e-08, 0.7686647176742554, -0.6327900290489197, -0.09344213455915451, 0.46439114212989807, 0.6525280475616455, -0.5987886786460876, 0.43988102674484253, 0.41687414050102234, 0.7954375147819519),
            ["LeftUpperArm"] = CFrame.new(-1.1920928955078125e-07, 2.384185791015625e-07, -4.470348358154297e-07, 0.7594669461250305, 0.6019011735916138, -0.24682985246181488, -0.6353558301925659, 0.7677831053733826, -0.08265696465969086, 0.13976049423217773, 0.21960002183914185, 0.9655272364616394),
            ["RightLowerArm"] = CFrame.new(9.5367431640625e-07, -5.960464477539062e-07, 1.1920928955078125e-07, 1, -2.980233304583635e-08, 2.9802318834981634e-08, 1.1548401346317405e-07, 0.7010913491249084, -0.7130715250968933, 2.980232594040899e-08, 0.7130714654922485, 0.7010913491249084),
            ["LeftHand"] = CFrame.new(4.172325134277344e-07, -5.364418029785156e-07, -1.7881393432617188e-07, 0.9983163475990295, -0.04960917681455612, -0.030057746917009354, 0.049432240426540375, 0.998755693435669, -0.0066023925319314, 0.03034786507487297, 0.005105531308799982, 0.9995263814926147),
            ["LeftFoot"] = CFrame.new(-4.470348358154297e-08, 1.1920928955078125e-07, -1.0803341865539551e-07, 0.9594232439994812, -0.27477553486824036, -0.06328960508108139, 0.24135208129882812, 0.9163207411766052, -0.31953921914100647, 0.14579512178897858, 0.2912983000278473, 0.9454572200775146),
            ["LowerTorso"] = CFrame.new(0.16711047291755676, -0.364607572555542, -0.2548631727695465, 0.9886472225189209, -0.03259643539786339, -0.14667722582817078, 0.033894043415784836, 0.9994052648544312, 0.006355479825288057, 0.14638280868530273, -0.011254810728132725, 0.9891640543937683),
            ["RightLowerLeg"] = CFrame.new(-2.9802322387695312e-08, -0.0000036954879760742188, -0.000013200733519624919, 1, -5.066397079644958e-07, -4.6193628122637165e-07, 5.364417461350968e-07, 0.3467821478843689, 0.9379457831382751, -3.4272667903678666e-07, -0.9379458427429199, 0.3467821180820465),
            ["LeftUpperLeg"] = CFrame.new(-1.1920928955078125e-07, -3.4063123166561127e-07, -1.5832483768463135e-08, 0.9495627880096436, 0.22960643470287323, -0.21356864273548126, -0.3116610050201416, 0.6158589124679565, -0.7235919237136841, -0.03461326286196709, 0.7536569237709045, 0.6563560366630554),
            ["LeftLowerLeg"] = CFrame.new(-7.450580596923828e-09, 0.000003933906555175781, 0.000013485550880432129, 1, 3.166497890561004e-07, 1.8067669316224055e-07, -2.3841863594498136e-07, 0.40423867106437683, 0.9146535396575928, 1.49011640360186e-07, -0.9146535992622375, 0.40423882007598877),
        }},
        {Time = 0.267, Data = {
            ["RightFoot"] = CFrame.new(-3.3527612686157227e-08, 1.7881393432617188e-07, 3.149762051180005e-08, 0.9558632969856262, 0.25819146633148193, 0.1402236819267273, -0.2605680227279663, 0.9654545187950134, -0.001460075844079256, -0.13575658202171326, -0.03514197841286659, 0.9901188611984253),
            ["LeftLowerArm"] = CFrame.new(0, -1.1920928955078125e-07, -9.685754776000977e-08, 1, -5.960465188081798e-08, 7.450581307466564e-08, 7.450582373280668e-09, 0.8255262970924377, -0.5643637180328369, -7.450582373280668e-09, 0.5643637180328369, 0.8255263566970825),
            ["RightUpperArm"] = CFrame.new(-1.1920928955078125e-07, 4.76837158203125e-07, 0, 0.7472759485244751, -0.5085950493812561, 0.42767956852912903, 0.5809652805328369, 0.8124558925628662, -0.04893925040960312, -0.322580486536026, 0.2850379943847656, 0.9026046991348267),
            ["Head"] = CFrame.new(5.21540641784668e-08, 0.0000011920928955078125, 0, 0.9529420137405396, 0.24344629049301147, 0.1806531846523285, -0.22485902905464172, 0.9672943949699402, -0.11738869547843933, -0.203322634100914, 0.07124311476945877, 0.9765164256095886),
            ["RightHand"] = CFrame.new(-1.7881393432617188e-07, -5.960464477539063e-08, -1.1920928955078125e-07, 0.9359972476959229, 0.13006596267223358, 0.3270965814590454, -0.11646303534507751, 0.9913246631622314, -0.06092563271522522, -0.3321831226348877, 0.018931549042463303, 0.9430248737335205),
            ["UpperTorso"] = CFrame.new(2.60770320892334e-07, 2.980232238769531e-07, -2.9802322387695312e-08, 0.9835280179977417, -0.06992600858211517, -0.16668285429477692, 0.11876007914543152, 0.9451618194580078, 0.3042451739311218, 0.13626763224601746, -0.3190288543701172, 0.9378975033760071),
            ["HumanoidRootPart"] = CFrame.new(0, 0, 0, 1, 0, 0, 0, 1, 0, 0, 0, 1),
            ["RightUpperLeg"] = CFrame.new(5.960464477539063e-08, -2.3329630494117737e-07, -1.6596459317952394e-08, 0.7198457717895508, -0.6826311349868774, -0.12584522366523743, 0.5026389956474304, 0.6376551389694214, -0.5837379693984985, 0.478723406791687, 0.3569464087486267, 0.8021302223205566),
            ["LeftUpperArm"] = CFrame.new(0, 7.152557373046875e-07, -2.980232238769531e-07, 0.7112019658088684, 0.6556265354156494, -0.25366443395614624, -0.6912067532539368, 0.7179552912712097, -0.08230134099721909, 0.12816083431243896, 0.23386739194393158, 0.9637847542762756),
            ["RightLowerArm"] = CFrame.new(3.5762786865234375e-07, -2.980232238769531e-07, -2.9802322387695312e-08, 1, -1.4901173628345532e-08, 1.4901168299275014e-08, 1.229346082709526e-07, 0.6618215441703796, -0.7496615052223206, 5.215407838932151e-08, 0.7496615052223206, 0.6618214845657349),
            ["LeftHand"] = CFrame.new(-4.172325134277344e-07, -5.364418029785156e-07, -1.7881393432617188e-07, 0.997251570224762, -0.048668019473552704, -0.055864185094833374, 0.048613592982292175, 0.9988150000572205, -0.002333730459213257, 0.05591148883104324, -0.0003884249017573893, 0.9984356760978699),
            ["LeftFoot"] = CFrame.new(-6.705522537231445e-08, 5.960464477539063e-08, 2.7939677238464355e-08, 0.9395443201065063, -0.33495795726776123, -0.07113192230463028, 0.28451523184776306, 0.879209041595459, -0.382155179977417, 0.19054575264453888, 0.3388136029243469, 0.9213564991950989),
