return {
    ["Devotion"] = {
        {Time = 0.000, Data = {
            ["RightFoot"] = CFrame.new(-6.426125764846802e-08, 3.5762786865234375e-07, 8.181814337149262e-09, 0.9986190795898438, -0.005167633760720491, -0.05228070542216301, -0.017397316172719002, 0.9064706563949585, -0.4219100773334503, 0.04957098513841629, 0.42223721742630005, 0.905129075050354),
            ["LeftLowerArm"] = CFrame.new(-2.9802322387695312e-08, -1.1920928955078125e-07, -3.725290298461914e-09, 1, -5.5879368687783426e-08, 1.8998983364326705e-07, 1.5366823902240867e-07, -0.3294323980808258, -0.9441792368888855, 5.2750699808257195e-08, 0.9441792964935303, -0.32943227887153625),
            ["RightUpperArm"] = CFrame.new(-1.1920928955078125e-07, 1.1920928955078125e-07, 1.862645149230957e-08, 0.8560473322868347, 0.19722427427768707, -0.47779250144958496, 0.006045687012374401, 0.9204630255699158, 0.3907826840877533, 0.516862154006958, -0.3374171257019043, 0.7867676615715027),
            ["Head"] = CFrame.new(-1.280568540096283e-08, 1.1920928955078125e-07, 1.7695128917694092e-08, 0.983067512512207, -0.17252591252326965, 0.061751700937747955, 0.1717153936624527, 0.9849777817726135, 0.018240971490740776, -0.06397109478712082, -0.007328416220843792, 0.9979249238967896),
            ["RightHand"] = CFrame.new(-4.470348358154297e-08, -5.960464477539063e-08, -1.0291114449501038e-07, 0.9149289727210999, 0.17979490756988525, 0.3613567650318146, 0.0784059539437294, 0.7990722060203552, -0.5961006879806519, -0.3959261178970337, 0.5737223625183105, 0.7169974446296692),
            ["UpperTorso"] = CFrame.new(-3.725290298461914e-08, -5.960464477539063e-08, 1.6763806343078613e-08, 0.8797346353530884, -0.18535420298576355, 0.4378480017185211, 0.2180020660161972, 0.9756280779838562, -0.02500225231051445, -0.4225425124168396, 0.11744716763496399, 0.8987013101577759),
            ["HumanoidRootPart"] = CFrame.new(0, 0, 0, 1, 0, 0, 0, 1, 0, 0, 0, 1),
            ["RightUpperLeg"] = CFrame.new(0, -8.9290551841259e-08, 2.6881025405600667e-08, 0.7208700776100159, -0.16578491032123566, 0.6729502081871033, 0.1431838870048523, 0.9856464862823486, 0.08943954855203629, -0.6781185865402222, 0.03188129514455795, 0.734260618686676),
            ["LeftUpperArm"] = CFrame.new(-5.960464477539063e-08, -3.5762786865234375e-07, 4.470348358154297e-08, 0.8110851049423218, 0.07244113832712173, 0.5804251432418823, -0.1260155588388443, 0.9906404614448547, 0.05245500057935715, -0.571192741394043, -0.11568807065486908, 0.8126224875450134),
            ["RightLowerArm"] = CFrame.new(-5.960464477539063e-08, 2.384185791015625e-07, 2.9802322387695312e-08, 1, -7.26140712004053e-08, 1.7881401959130017e-07, 1.685693860054016e-07, -0.2607337236404419, -0.9654107689857483, 1.73225998878479e-07, 0.9654107689857483, -0.260733962059021),
            ["LeftHand"] = CFrame.new(7.450580596923828e-09, -1.1920928955078125e-07, -2.905726432800293e-07, 0.6367335319519043, 0.6249136328697205, 0.45172277092933655, -0.2577269375324249, 0.7246143221855164, -0.6391485929489136, -0.7267374992370605, 0.29054632782936096, 0.6224433183670044),
            ["LeftFoot"] = CFrame.new(-1.4901161193847656e-08, -1.1920928955078125e-07, 6.38503934169421e-08, 0.9658887386322021, -0.2204005867242813, 0.13595089316368103, 0.2587302625179291, 0.7993588447570801, -0.5422950983047485, 0.010848336853086948, 0.5589714646339417, 0.8291161060333252),
            ["LowerTorso"] = CFrame.new(0.14035721123218536, 0.009357094764709473, -0.2487238198518753, 0.8648597598075867, 0.17474672198295593, -0.4706178903579712, -0.19301678240299225, 0.9811485409736633, 0.009604427963495255, 0.46342435479164124, 0.0825306624174118, 0.8822848796844482),
            ["RightLowerLeg"] = CFrame.new(1.0943040251731873e-07, 4.76837158203125e-07, 6.6720531322062016e-09, 1, -6.221233093128831e-07, -2.9569491744041443e-07, 6.649643751188705e-07, 0.8911100625991821, 0.45378708839416504, -9.327778549561572e-09, -0.4537872076034546, 0.8911101222038269),
            ["LeftUpperLeg"] = CFrame.new(0, -1.862645149230957e-08, 2.7939677238464355e-08, 0.9087013602256775, 0.3658798038959503, -0.20098267495632172, -0.416191428899765, 0.7567412853240967, -0.5041103959083557, -0.0323517881333828, 0.541732907295227, 0.8399278521537781),
            ["LeftLowerLeg"] = CFrame.new(-1.4901161193847656e-07, -1.1920928955078125e-07, 1.161571105967596e-07, 1, -1.4901162970204496e-08, -5.51343077859201e-07, 5.662442390530487e-07, 0.11924667656421661, 0.992864727973938, 5.960465898624534e-08, -0.9928646683692932, 0.119246706366539),
        }},
        {Time = 0.033, Data = {
            ["RightFoot"] = CFrame.new(-3.888271749019623e-08, 2.384185791015625e-07, 3.425884642638266e-08, 0.9994499087333679, 0.029871121048927307, 0.01441275142133236, -0.019019296392798424, 0.8721994757652283, -0.48878031969070435, -0.027171168476343155, 0.4882374405860901, 0.8722878098487854),
            ["LeftLowerArm"] = CFrame.new(5.960464477539063e-08, -2.384185791015625e-07, 3.725290298461914e-08, 1, -3.4458938813486384e-08, 1.601874828338623e-07, 1.4808028936386108e-07, -0.407540500164032, -0.9131872057914734, 1.471489667892456e-07, 0.9131872057914734, -0.407540500164032),
            ["RightUpperArm"] = CFrame.new(0, -1.1920928955078125e-07, 2.7939677238464355e-08, 0.8603029847145081, 0.17100045084953308, -0.4802473783493042, 0.004056934267282486, 0.9397359490394592, 0.341876745223999, 0.5097668766975403, -0.2960659861564636, 0.8077639937400818),
            ["Head"] = CFrame.new(-1.862645149230957e-08, -4.76837158203125e-07, 4.237517714500427e-08, 0.9845985770225525, -0.16806480288505554, 0.048165563493967056, 0.16750609874725342, 0.9857501983642578, 0.015439172275364399, -0.05007399618625641, -0.007133396342396736, 0.998720109462738),
            ["RightHand"] = CFrame.new(1.862645149230957e-07, 1.1920928955078125e-07, -4.284083843231201e-07, 0.8858367204666138, 0.20725621283054352, 0.4151364862918854, 0.11418154090642929, 0.7698129415512085, -0.6279734969139099, -0.44972875714302063, 0.6036828756332397, 0.6582637429237366),
            ["UpperTorso"] = CFrame.new(-6.705522537231445e-08, 2.086162567138672e-07, -6.705522537231445e-08, 0.9009588360786438, -0.19167779386043549, 0.3892722725868225, 0.18998907506465912, 0.9808336496353149, 0.04323890060186386, -0.39009934663772583, 0.0350009948015213, 0.920107364654541),
            ["HumanoidRootPart"] = CFrame.new(0, 0, 0, 1, 0, 0, 0, 1, 0, 0, 0, 1),
            ["RightUpperLeg"] = CFrame.new(-1.1920928955078125e-07, 4.721805453300476e-07, -7.183916750364006e-08, 0.8787839412689209, -0.036405500024557114, 0.47582918405532837, 0.14161108434200287, 0.9720684289932251, -0.18716153502464294, -0.455724835395813, 0.2318572849035263, 0.8593935966491699),
            ["LeftUpperArm"] = CFrame.new(-1.1920928955078125e-07, -2.384185791015625e-07, 3.725290298461914e-08, 0.8095443844795227, 0.08786512911319733, 0.5804460644721985, -0.1107928678393364, 0.9938352108001709, 0.004080114420503378, -0.5765092372894287, -0.06761235743761063, 0.8142884373664856),
            ["RightLowerArm"] = CFrame.new(0, 2.384185791015625e-07, 2.086162567138672e-07, 1, -1.5474510917101725e-07, 1.9324950528698537e-07, 1.3899990847221488e-07, -0.3185384273529053, -0.9479098916053772, 2.1717281128985633e-07, 0.9479100108146667, -0.318538635969162),
            ["LeftHand"] = CFrame.new(1.6391277313232422e-07, 1.1920928955078125e-07, 3.8743019104003906e-07, 0.6560673713684082, 0.6165553331375122, 0.43524169921875, -0.222035214304924, 0.7088682651519775, -0.6694820523262024, -0.7213016748428345, 0.34258636832237244, 0.6019622087478638),
            ["LeftFoot"] = CFrame.new(1.341104507446289e-07, 0, 1.1579913916648366e-08, 0.9790298938751221, -0.13832367956638336, 0.14955633878707886, 0.19534583389759064, 0.8457338213920593, -0.49656248092651367, -0.057798564434051514, 0.5153648257255554, 0.8550196886062622),
            ["LowerTorso"] = CFrame.new(0.1557970494031906, -0.013385176658630371, -0.2486967146396637, 0.8919567465782166, 0.14034026861190796, -0.4297880530357361, -0.18581253290176392, 0.9804003238677979, -0.06549062579870224, 0.412173330783844, 0.13827480375766754, 0.9005517363548279),
            ["RightLowerLeg"] = CFrame.new(6.332993507385254e-08, -2.980232238769531e-07, 1.240186975337565e-07, 1, -4.488973672778229e-07, -5.678739967152069e-07, 6.682240041300247e-07, 0.4700712263584137, 0.8826284408569336, -8.47503613954359e-08, -0.8826284408569336, 0.47007131576538086),
            ["LeftUpperLeg"] = CFrame.new(-1.1920928955078125e-07, 2.0489096641540527e-07, -7.450580596923828e-08, 0.9436259269714355, 0.3187960386276245, -0.08910293132066727, -0.31011059880256653, 0.7572652101516724, -0.5747874975204468, -0.11576541513204575, 0.5700162053108215, 0.8134372234344482),
            ["LeftLowerLeg"] = CFrame.new(5.960464477539063e-08, -1.1920928955078125e-07, 8.635478820906428e-08, 1, 0, -4.917383762403915e-07, 4.6938646391936345e-07, 0.0991973876953125, 0.995067834854126, 1.0430809993522416e-07, -0.9950677752494812, 0.09919750690460205),
        }},
        {Time = 0.067, Data = {
            ["RightFoot"] = CFrame.new(-4.6333298087120056e-08, 2.980232238769531e-07, -4.3972249841317534e-08, 0.9997788667678833, -0.004301911219954491, 0.020584726706147194, 0.013981502503156662, 0.8671541810035706, -0.4978429675102234, -0.015708506107330322, 0.4980211853981018, 0.8670229911804199),
            ["LeftLowerArm"] = CFrame.new(-5.960464477539063e-08, 6.556510925292969e-07, 9.685754776000977e-08, 1, 1.769513069405093e-08, 2.1141022443771362e-07, 1.974403431859173e-07, -0.5030881762504578, -0.8642351627349854, 1.1851076919811021e-07, 0.8642352223396301, -0.5030881762504578),
            ["RightUpperArm"] = CFrame.new(-5.960464477539063e-08, 1.1920928955078125e-07, 1.1175870895385742e-08, 0.8686888813972473, 0.13330064713954926, -0.47708550095558167, 0.012099966406822205, 0.9571149349212646, 0.2894556522369385, 0.4952102601528168, -0.25721976161003113, 0.8298221230506897),
            ["Head"] = CFrame.new(-4.423782229423523e-09, -2.384185791015625e-07, 2.584420144557953e-08, 0.9872776865959167, -0.1563115268945694, 0.029146438464522362, 0.1565154790878296, 0.987663745880127, -0.004840751178562641, -0.02803020551800728, 0.009341009892523289, 0.9995635151863098),
            ["RightHand"] = CFrame.new(5.960464477539063e-08, -1.1920928955078125e-07, 1.6391277313232422e-07, 0.8584391474723816, 0.22695739567279816, 0.45997029542922974, 0.15059736371040344, 0.7457237243652344, -0.64901202917099, -0.4903087615966797, 0.6264075636863708, 0.6059792041778564),
            ["UpperTorso"] = CFrame.new(-1.4901161193847656e-08, 5.960464477539063e-08, -3.725290298461914e-08, 0.9457219243049622, -0.17048035562038422, 0.27667051553726196, 0.13893753290176392, 0.9817302227020264, 0.13000836968421936, -0.2937796413898468, -0.08451181650161743, 0.9521299600601196),
            ["HumanoidRootPart"] = CFrame.new(0, 0, 0, 1, 0, 0, 0, 1, 0, 0, 0, 1),
            ["RightUpperLeg"] = CFrame.new(0, -1.2665987014770508e-07, -1.0164148989133537e-07, 0.9895820021629333, -0.1407325118780136, 0.030364148318767548, 0.14350754022598267, 0.9473005533218384, -0.2864043116569519, 0.01154238823801279, 0.28777796030044556, 0.9576276540756226),
            ["LeftUpperArm"] = CFrame.new(0, 0, 0, 0.808700680732727, 0.10096263140439987, 0.579491138458252, -0.09778047353029251, 0.9945268034934998, -0.03681662306189537, -0.5800365805625916, -0.026889320462942123, 0.8141466379165649),
            ["RightLowerArm"] = CFrame.new(2.384185791015625e-07, 0.0000010132789611816406, -7.450580596923828e-08, 1, -1.7229473314728239e-07, 2.1792955351429555e-07, 1.4528632164001465e-07, -0.36457693576812744, -0.9311732649803162, 7.078051567077637e-08, 0.9311733841896057, -0.36457711458206177),
            ["LeftHand"] = CFrame.new(-2.5331974029541016e-07, -5.960464477539063e-08, 2.9802322387695312e-08, 0.696847140789032, 0.5757972002029419, 0.427623450756073, -0.16356593370437622, 0.7080956697463989, -0.6869109272956848, -0.698319673538208, 0.4087273180484772, 0.5876151919364929),
            ["LeftFoot"] = CFrame.new(-2.2351741790771484e-08, 0, 1.914690983539913e-08, 0.9954602122306824, 0.09094780683517456, -0.028064843267202377, -0.09366964548826218, 0.8837989568710327, -0.4583940804004669, -0.016886284574866295, 0.4589420557022095, 0.8883059024810791),
            ["LowerTorso"] = CFrame.new(0.1716667115688324, -0.07024097442626953, -0.24861910939216614, 0.9455819129943848, 0.08028899878263474, -0.3153230547904968, -0.1364208608865738, 0.977617084980011, -0.16016970574855804, 0.2954053282737732, 0.19447024166584015, 0.9353700280189514),
            ["RightLowerLeg"] = CFrame.new(-5.634501576423645e-08, 0, -3.058084985241294e-08, 1, -3.10246747403653e-07, -6.973281188038527e-07, 7.557684398307174e-07, 0.11562290787696838, 0.9932932257652283, -7.136260649076576e-08, -0.9932931661605835, 0.11562315374612808),
            ["LeftUpperLeg"] = CFrame.new(0, -4.470348358154297e-08, -3.725290298461914e-08, 0.920965850353241, 0.27894991636276245, 0.27204564213752747, -0.06426157802343369, 0.797370195388794, -0.600059449672699, -0.3843076825141907, 0.5351521968841553, 0.7522764801979065),
            ["LeftLowerLeg"] = CFrame.new(1.4901161193847656e-08, -1.1920928955078125e-07, -1.9117933902634832e-07, 1, -9.313227167240257e-08, -4.768372718899627e-07, 5.215407554715057e-07, 0.21030087769031525, 0.9776367545127869, 8.754434333013705e-08, -0.9776367545127869, 0.21030084788799286),
        }},
        {Time = 0.100, Data = {
            ["RightFoot"] = CFrame.new(4.470348358154297e-08, 2.980232238769531e-07, -6.719346856698394e-09, 0.9923740029335022, 0.018754418939352036, -0.12182848900556564, -0.0835488811135292, 0.829021155834198, -0.5529405474662781, 0.09062834084033966, 0.5589026808738708, 0.8242661356925964),
            ["LeftLowerArm"] = CFrame.new(-5.960464477539063e-08, 2.384185791015625e-07, -4.470348358154297e-08, 1, -1.7695125364980413e-08, 2.0489092378284113e-07, 1.4714893836753618e-07, -0.5958329439163208, -0.8031084537506104, 2.004671415534176e-07, 0.8031084537506104, -0.5958329439163208),
            ["RightUpperArm"] = CFrame.new(1.1920928955078125e-07, 5.960464477539062e-07, 7.450580596923828e-09, 0.8797378540039062, 0.08794071525335312, -0.46725553274154663, 0.029589008539915085, 0.9707150459289551, 0.23840461671352386, 0.4745374321937561, -0.22355934977531433, 0.8513726592063904),
            ["Head"] = CFrame.new(2.5262124836444855e-08, 4.76837158203125e-07, -2.3283064365386963e-10, 0.989758312702179, -0.14227426052093506, 0.011682620272040367, 0.14262068271636963, 0.9890472888946533, -0.038012634962797165, -0.006146444007754326, 0.039289478212594986, 0.9992090463638306),
            ["RightHand"] = CFrame.new(1.1920928955078125e-07, 5.960464477539063e-08, -5.587935447692871e-08, 0.8345765471458435, 0.24035963416099548, 0.4956906735897064, 0.18297086656093597, 0.7277746200561523, -0.6609582901000977, -0.5196187496185303, 0.6423172354698181, 0.5634047985076904),
            ["UpperTorso"] = CFrame.new(-1.1175870895385742e-08, 5.960464477539063e-08, -4.0978193283081055e-08, 0.9834549427032471, -0.11198721826076508, 0.14239175617694855, 0.07931884378194809, 0.9728747606277466, 0.21730920672416687, -0.16286519169807434, -0.2024194300174713, 0.9656611084938049),
            ["HumanoidRootPart"] = CFrame.new(0, 0, 0, 1, 0, 0, 0, 1, 0, 0, 0, 1),
            ["RightUpperLeg"] = CFrame.new(-2.9802322387695312e-08, -8.381903171539307e-09, -7.928974810056388e-08, 0.9197738170623779, -0.12713021039962769, -0.371287077665329, 0.11421198397874832, 0.9918383955955505, -0.05667688697576523, 0.3754620850086212, 0.009724453091621399, 0.9267868399620056),
            ["LeftUpperArm"] = CFrame.new(0, 5.960464477539062e-07, 6.51925802230835e-09, 0.8083412051200867, 0.11111924052238464, 0.5781325101852417, -0.08775532990694046, 0.9937970042228699, -0.06831259280443192, -0.5821371674537659, 0.004485635552555323, 0.8130783438682556),
            ["RightLowerArm"] = CFrame.new(3.5762786865234375e-07, 4.76837158203125e-07, 1.6763806343078613e-07, 1, 2.7939680791178034e-08, 2.0861628513557662e-07, 1.788139627478813e-07, -0.4037399888038635, -0.9148737192153931, 8.754432911928234e-08, 0.9148738384246826, -0.4037402272224426),
            ["LeftHand"] = CFrame.new(6.705522537231445e-08, 2.384185791015625e-07, 4.470348358154297e-08, 0.7487975358963013, 0.5065152049064636, 0.427486389875412, -0.08632205426692963, 0.7140052914619446, -0.694798469543457, -0.6571535468101501, 0.483362078666687, 0.5783688426017761),
            ["LeftFoot"] = CFrame.new(-2.2351741790771484e-08, 0, -2.555657374614384e-08, 0.950192391872406, 0.23085567355155945, -0.2093801200389862, -0.2945080101490021, 0.884903609752655, -0.3608473539352417, 0.1019776463508606, 0.4045385420322418, 0.9088174700737),
            ["LowerTorso"] = CFrame.new(0.18694370985031128, -0.14415359497070312, -0.2484966367483139, 0.9863721132278442, 0.014269664883613586, -0.16391021013259888, -0.05327557027339935, 0.9702597856521606, -0.23613078892230988, 0.15566597878932953, 0.2416452020406723, 0.9577974081039429),
            ["RightLowerLeg"] = CFrame.new(-2.9802322387695312e-08, 5.960464477539063e-08, 5.8826117310673e-08, 1, -2.7753407039199374e-07, -6.984919878050277e-07, 7.078051567077637e-07, 0.2334284484386444, 0.9723740816116333, -1.341104507446289e-07, -0.9723739624023438, 0.2334284484386444),
            ["LeftUpperLeg"] = CFrame.new(-5.960464477539063e-08, -2.7939677238464355e-09, -4.0978193283081055e-08, 0.8249168992042542, 0.12266223877668381, 0.5517845153808594, 0.09696745127439499, 0.9309914708137512, -0.3519264757633209, -0.556874692440033, 0.34381526708602905, 0.7560963034629822),
            ["LeftLowerLeg"] = CFrame.new(-2.9802322387695312e-08, -5.960464477539063e-08, 7.145362701521663e-08, 1, -2.607703493140434e-07, -4.544854732557724e-07, 4.8428768195663e-07, 0.533852756023407, 0.845577597618103, 9.685753354915505e-08, -0.8455774784088135, 0.5338526368141174),
        }},
        {Time = 0.133, Data = {
            ["RightFoot"] = CFrame.new(2.2351741790771484e-08, 4.76837158203125e-07, -7.004928193055093e-08, 0.9818243384361267, 0.10466280579566956, -0.15832515060901642, -0.17470648884773254, 0.8243298530578613, -0.5384771227836609, 0.07415349036455154, 0.5563506484031677, 0.827632486820221),
            ["LeftLowerArm"] = CFrame.new(-8.940696716308594e-08, 5.960464477539063e-08, 2.9802322387695312e-08, 1, 2.9802322387695312e-08, 1.4901159772762185e-07, 1.3760291039943695e-07, -0.665388822555542, -0.7464970350265503, 1.3259705156087875e-07, 0.7464970350265503, -0.665388822555542),
            ["RightUpperArm"] = CFrame.new(0, -1.1920928955078125e-07, 1.0244548320770264e-08, 0.8919184803962708, 0.03870183601975441, -0.45053714513778687, 0.055543866008520126, 0.9794096350669861, 0.1940915882587433, 0.44877222180366516, -0.19813857972621918, 0.8714039325714111),
            ["Head"] = CFrame.new(-6.868503987789154e-09, -3.5762786865234375e-07, -8.09086486697197e-09, 0.991421103477478, -0.13067181408405304, 0.0030038831755518913, 0.13049443066120148, 0.9882439970970154, -0.07965542376041412, 0.007440146990120411, 0.07936403155326843, 0.996817946434021),
            ["RightHand"] = CFrame.new(2.9802322387695312e-08, -5.960464477539063e-08, -3.203749656677246e-07, 0.8160178065299988, 0.24888157844543457, 0.5217018723487854, 0.2069815844297409, 0.7168942093849182, -0.6657487750053406, -0.5396976470947266, 0.6512455940246582, 0.5334846377372742),
            ["UpperTorso"] = CFrame.new(0, -1.4901161193847656e-07, 1.0570511221885681e-07, 0.9989904761314392, -0.031092558056116104, 0.03242430463433266, 0.02075904794037342, 0.9595997333526611, 0.2806020975112915, -0.039838988333940506, -0.279645711183548, 0.9592763781547546),
            ["HumanoidRootPart"] = CFrame.new(0, 0, 0, 1, 0, 0, 0, 1, 0, 0, 0, 1),
            ["RightUpperLeg"] = CFrame.new(0, 1.4901161193847656e-07, 1.1070005712099373e-07, 0.7313118577003479, 0.03492267429828644, -0.6811487078666687, 0.18407654762268066, 0.9515221118927002, 0.24641767144203186, 0.6567334532737732, -0.30559155344963074, 0.689430832862854),
            ["LeftUpperArm"] = CFrame.new(5.960464477539063e-08, -2.384185791015625e-07, -4.6566128730773926e-09, 0.8082489371299744, 0.11778019368648529, 0.5769414305686951, -0.08143483102321625, 0.9927347302436829, -0.088578961789608, -0.583182692527771, 0.024610694497823715, 0.811968207359314),
            ["RightLowerArm"] = CFrame.new(-1.7881393432617188e-07, 5.364418029785156e-07, -2.7939677238464355e-09, 1, -4.097820394122209e-08, 1.937151665742931e-07, 1.378357268322361e-07, -0.43924710154533386, -0.8983662128448486, 1.601874686230076e-07, 0.8983663320541382, -0.43924736976623535),
            ["LeftHand"] = CFrame.new(-1.043081283569336e-07, 2.980232238769531e-07, 7.644625506630354e-20, 0.8013757467269897, 0.4130043089389801, 0.43269431591033936, 0.0054992735385894775, 0.7182563543319702, -0.6957567930221558, -0.5981360077857971, 0.5599421858787537, 0.5733219981193542),
            ["LeftFoot"] = CFrame.new(0, 5.960464477539063e-08, -6.93012225383427e-09, 0.9385100603103638, 0.26624608039855957, -0.21980006992816925, -0.32793816924095154, 0.8865274786949158, -0.32638266682624817, 0.10796063393354416, 0.37839415669441223, 0.9193271398544312),
            ["LowerTorso"] = CFrame.new(0.20060567557811737, -0.21806621551513672, -0.24833489954471588, 0.9984742403030396, -0.046203695237636566, -0.030239664018154144, 0.0366341732442379, 0.9640129804611206, -0.2633190453052521, 0.04131774231791496, 0.26180949807167053, 0.9642347693443298),
            ["RightLowerLeg"] = CFrame.new(-5.587935447692871e-09, 1.1920928955078125e-07, 1.0397343430668116e-08, 1, -4.041939121179894e-07, -6.128102540969849e-07, 7.316775736398995e-07, 0.5041111707687378, 0.8636387586593628, -3.2887328416109085e-08, -0.8636388778686523, 0.5041112303733826),
            ["LeftUpperLeg"] = CFrame.new(2.9802322387695312e-08, 1.73225998878479e-07, 1.424923539161682e-07, 0.8508541584014893, 0.03008289635181427, 0.5245401859283447, 0.13064682483673096, 0.9548875689506531, -0.2666853666305542, -0.508899450302124, 0.29543986916542053, 0.8085398077964783),
            ["LeftLowerLeg"] = CFrame.new(-5.960464477539063e-08, 1.1920928955078125e-07, -9.24591461171076e-08, 1, -2.682209014892578e-07, -4.023314090773056e-07, 5.364418598219345e-07, 0.633514940738678, 0.7737305760383606, 7.450581307466564e-08, -0.773730456829071, 0.6335148811340332),
        }},
        {Time = 0.167, Data = {
            ["RightFoot"] = CFrame.new(-1.1175870895385742e-08, 2.980232238769531e-07, 2.5938788894563913e-09, 0.9700229167938232, 0.21388381719589233, -0.11536683142185211, -0.24295562505722046, 0.8639278411865234, -0.4411357641220093, 0.005316666793078184, 0.45594123005867004, 0.8899943232536316),
            ["LeftLowerArm"] = CFrame.new(-1.7881393432617188e-07, -2.384185791015625e-07, -2.60770320892334e-08, 1, 3.725290653733282e-08, 2.1606683731079102e-07, 1.8067653684283869e-07, -0.6927313208580017, -0.7211957573890686, 2.00641764536158e-07, 0.7211958169937134, -0.6927313804626465),
            ["RightUpperArm"] = CFrame.new(0, 0, -1.1175870895385742e-08, 0.9038771986961365, -0.010790103115141392, -0.42765602469444275, 0.088435098528862, 0.9828009605407715, 0.16211606562137604, 0.4185514450073242, -0.18435293436050415, 0.8892855048179626),
            ["Head"] = CFrame.new(2.0721927285194397e-08, 1.1920928955078125e-07, -2.066371962428093e-08, 0.9920405745506287, -0.12555773556232452, 0.00952483993023634, 0.12577170133590698, 0.9843935370445251, -0.12308937311172485, 0.006078630685806274, 0.12330758571624756, 0.9923499226570129),
            ["RightHand"] = CFrame.new(4.470348358154297e-08, -5.960464477539063e-08, 4.6938657760620117e-07, 0.8044036030769348, 0.2540475130081177, 0.5370239615440369, 0.2186298966407776, 0.7139241695404053, -0.6652167439460754, -0.5523909330368042, 0.6525121927261353, 0.5187408328056335),
            ["UpperTorso"] = CFrame.new(5.966285243630409e-09, 8.940696716308594e-08, 3.67872416973114e-08, 0.9992168545722961, 0.03879140689969063, -0.007818199694156647, -0.03437713161110878, 0.9487975239753723, 0.31400883197784424, 0.019598735496401787, -0.31349408626556396, 0.9493878483772278),
            ["HumanoidRootPart"] = CFrame.new(0, 0, 0, 1, 0, 0, 0, 1, 0, 0, 0, 1),
            ["RightUpperLeg"] = CFrame.new(-2.9802322387695312e-08, -2.384185791015625e-07, 9.393625077791512e-08, 0.550523042678833, 0.26894325017929077, -0.7903125286102295, 0.2917444705963135, 0.8250151872634888, 0.4839785099029541, 0.7821825742721558, -0.49701058864593506, 0.37572717666625977),
            ["LeftUpperArm"] = CFrame.new(0, 2.384185791015625e-07, -8.381903171539307e-09, 0.8082254528999329, 0.12041924148797989, 0.5764293670654297, -0.07948717474937439, 0.992219090461731, -0.0958290845155716, -0.5834838151931763, 0.031632762402296066, 0.8115085363388062),
            ["RightLowerArm"] = CFrame.new(2.384185791015625e-07, 4.76837158203125e-07, 1.1455267667770386e-07, 1, -7.4505820180093e-08, 2.0861631355728605e-07, 1.2665987014770508e-07, -0.4733102023601532, -0.8808957934379578, 1.4528632164001465e-07, 0.8808959126472473, -0.4733105003833771),
            ["LeftHand"] = CFrame.new(-1.6391277313232422e-07, 1.1920928955078125e-07, -2.9802322387695312e-08, 0.8452879786491394, 0.3016255497932434, 0.4410334527492523, 0.10643479973077774, 0.7138283848762512, -0.6921853423118591, -0.5236029624938965, 0.632037341594696, 0.5712871551513672),
            ["LeftFoot"] = CFrame.new(0, -5.960464477539063e-08, 8.433949005848262e-08, 0.9433057308197021, 0.28044751286506653, -0.17754940688610077, -0.3293799161911011, 0.8570151329040527, -0.39627471566200256, 0.041028205305337906, 0.4322895109653473, 0.9008011817932129),
            ["LowerTorso"] = CFrame.new(0.21163012087345123, -0.2749220132827759, -0.24813951551914215, 0.9949377775192261, -0.09638028591871262, 0.02845820039510727, 0.10044433921575546, 0.9626343250274658, -0.25148817896842957, -0.003156338818371296, 0.2530735433101654, 0.9674419164657593),
            ["RightLowerLeg"] = CFrame.new(-2.086162567138672e-07, 1.7881393432617188e-07, 9.466020856052637e-09, 1, -6.034968009771546e-07, -3.799796957082435e-07, 6.929041660441726e-07, 0.7840784788131714, 0.6206616163253784, -1.862645504502325e-08, -0.6206616759300232, 0.7840785384178162),
            ["LeftUpperLeg"] = CFrame.new(-1.1920928955078125e-07, -2.551823854446411e-07, 7.171183824539185e-08, 0.900285542011261, 0.08640915155410767, 0.42663756012916565, 0.11286859959363937, 0.9002423882484436, -0.4205048978328705, -0.4204125702381134, 0.4267284572124481, 0.8007222414016724),
            ["LeftLowerLeg"] = CFrame.new(8.940696716308594e-08, 5.960464477539063e-08, -1.5206379089249822e-07, 1, -1.6391278734317893e-07, -5.364419166653533e-07, 4.7124933644226985e-07, 0.46296054124832153, 0.8863789439201355, 5.960465898624534e-08, -0.8863790035247803, 0.4629606604576111),
        }},
        {Time = 0.200, Data = {
            ["RightFoot"] = CFrame.new(-1.1175870895385742e-08, 4.172325134277344e-07, -3.6521669244393706e-08, 0.9614074230194092, 0.26335179805755615, -0.07963432371616364, -0.27430644631385803, 0.895145058631897, -0.3513844311237335, -0.021253613755106926, 0.3596680462360382, 0.9328383207321167),
            ["LeftLowerArm"] = CFrame.new(-2.9802322387695312e-08, 1.7881393432617188e-07, -1.0803341865539551e-07, 1, -5.21540641784668e-08, 2.3096799850463867e-07, 1.1920931797249068e-07, -0.6813520789146423, -0.7319558262825012, 1.6577546091411932e-07, 0.731955885887146, -0.6813521385192871),
            ["RightUpperArm"] = CFrame.new(0, 1.1920928955078125e-07, -9.313225746154785e-09, 0.9145963191986084, -0.05864131823182106, -0.4000934064388275, 0.12480288743972778, 0.9820607304573059, 0.14135415852069855, 0.3846268355846405, -0.17921492457389832, 0.9055076837539673),
            ["Head"] = CFrame.new(-2.491287887096405e-08, -2.384185791015625e-07, -4.423782229423523e-09, 0.991843581199646, -0.12468046694993973, 0.02647761069238186, 0.12732601165771484, 0.9787353873252869, -0.16082678735256195, -0.005862617865204811, 0.16288627684116364, 0.9866275191307068),
            ["RightHand"] = CFrame.new(-8.940696716308594e-08, -5.960464477539063e-08, 8.940696716308594e-08, 0.796847939491272, 0.2741147577762604, 0.5384184122085571, 0.20086044073104858, 0.7202768325805664, -0.6639702320098877, -0.5698144435882568, 0.6372303366661072, 0.5188923478126526),
            ["UpperTorso"] = CFrame.new(-1.1845258995890617e-08, 2.9802322387695312e-08, 4.7497451305389404e-08, 0.9974251985549927, 0.0717100128531456, -0.000824243004899472, -0.06749685108661652, 0.9425832033157349, 0.32708001136779785, 0.024231817573308945, -0.32618212699890137, 0.9449964165687561),
            ["HumanoidRootPart"] = CFrame.new(0, 0, 0, 1, 0, 0, 0, 1, 0, 0, 0, 1),
            ["RightUpperLeg"] = CFrame.new(-2.9802322387695312e-08, 1.043081283569336e-07, 2.6666384655982256e-09, 0.4817953109741211, 0.4050242304801941, -0.7770642042160034, 0.3313327133655548, 0.7367373704910278, 0.58943772315979, 0.8112287521362305, -0.5414549708366394, 0.2207588255405426),
            ["LeftUpperArm"] = CFrame.new(-5.960464477539063e-08, 1.1920928955078125e-07, -9.313225746154785e-09, 0.8101118803024292, 0.1404617875814438, 0.5692004561424255, -0.1050424873828888, 0.9899401664733887, -0.0947866439819336, -0.5767882466316223, 0.016997531056404114, 0.8167168498039246),
            ["RightLowerArm"] = CFrame.new(-2.980232238769531e-07, 3.5762786865234375e-07, -1.1175870895385742e-08, 1, -8.195639367158947e-08, 2.2351744632942427e-07, 1.1175868053214799e-07, -0.5056268572807312, -0.8627522587776184, 1.3038513202445756e-07, 0.862752377986908, -0.5056270956993103),
            ["LeftHand"] = CFrame.new(0, -2.384185791015625e-07, -1.4901161193847656e-08, 0.8744279146194458, 0.18057221174240112, 0.45029935240745544, 0.2092691957950592, 0.6969852447509766, -0.6858702301979065, -0.43770116567611694, 0.6939778327941895, 0.571675181388855),
            ["LeftFoot"] = CFrame.new(-7.450580596923828e-09, 5.960464477539063e-08, 8.087454261840321e-09, 0.9651296734809875, 0.25275757908821106, -0.06810545176267624, -0.2591657042503357, 0.8859887719154358, -0.3845216929912567, -0.036850184202194214, 0.38876405358314514, 0.920600175857544),
            ["LowerTorso"] = CFrame.new(0.21899458765983582, -0.2976642847061157, -0.2479160577058792, 0.9924411773681641, -0.11913726478815079, 0.029442554339766502, 0.12271437793970108, 0.9659748673439026, -0.22767025232315063, -0.0013167515862733126, 0.22956235706806183, 0.9732930660247803),
            ["RightLowerLeg"] = CFrame.new(-3.725290298461914e-08, 0, -1.0091753210872412e-08, 1, -6.109473247306596e-07, -2.384185791015625e-07, 6.705521968797257e-07, 0.9113345742225647, 0.4116663634777069, -6.70552182668871e-08, -0.41166648268699646, 0.9113346934318542),
            ["LeftUpperLeg"] = CFrame.new(2.9802322387695312e-08, 1.601874828338623e-07, 2.0489096641540527e-08, 0.9793617129325867, 0.006203246768563986, 0.2020205706357956, 0.11344357579946518, 0.8103650212287903, -0.5748383402824402, -0.16727624833583832, 0.5858925580978394, 0.7929366827011108),
            ["LeftLowerLeg"] = CFrame.new(3.725290298461914e-08, 1.1920928955078125e-07, -1.967672744740412e-07, 1, -9.313227167240257e-08, -5.420297952696274e-07, 5.289911655381729e-07, 0.29390397667884827, 0.9558349847793579, 5.215405707303944e-08, -0.9558350443840027, 0.29390403628349304),
        }},
        {Time = 0.233, Data = {
            ["RightFoot"] = CFrame.new(7.986091077327728e-08, 4.172325134277344e-07, -1.1725205695256591e-08, 0.9957367181777954, 0.08558249473571777, 0.034410227090120316, -0.06842190027236938, 0.9354755282402039, -0.346704363822937, -0.061861801892519, 0.3428720235824585, 0.9373431205749512),
            ["LeftLowerArm"] = CFrame.new(1.1920928955078125e-07, -5.364418029785156e-07, 2.7008354663848877e-08, 1, -5.960464477539063e-08, 2.086162567138672e-07, 8.940694584680386e-08, -0.652135968208313, -0.7581021189689636, 1.927837303128399e-07, 0.7581021189689636, -0.652135968208313),
            ["RightUpperArm"] = CFrame.new(-1.7881393432617188e-07, 0, 8.381903171539307e-08, 0.9235756993293762, -0.10365091264247894, -0.3691401779651642, 0.16053713858127594, 0.9788503050804138, 0.1268066018819809, 0.3481893837451935, -0.1763763427734375, 0.9206821322441101),
            ["Head"] = CFrame.new(7.2177499532699585e-09, 1.1920928955078125e-07, 1.0640360414981842e-07, 0.9914522767066956, -0.12277673184871674, 0.04413944482803345, 0.1289355456829071, 0.9737510085105896, -0.1875755339860916, -0.019950922578573227, 0.19166330993175507, 0.981257975101471),
            ["RightHand"] = CFrame.new(4.470348358154297e-08, 0, -2.682209014892578e-07, 0.7878130078315735, 0.31714051961898804, 0.5279892683029175, 0.14858730137348175, 0.7340621948242188, -0.6626269817352295, -0.5977228879928589, 0.6004785895347595, 0.5311806201934814),
            ["UpperTorso"] = CFrame.new(1.3184035196900368e-08, 1.4901161193847656e-07, -5.727633833885193e-08, 0.9980481863021851, 0.062417034059762955, -0.00199654558673501, -0.058504048734903336, 0.9457064867019653, 0.3197132647037506, 0.021843697875738144, -0.3189723789691925, 0.9475122690200806),
            ["HumanoidRootPart"] = CFrame.new(0, 0, 0, 1, 0, 0, 0, 1, 0, 0, 0, 1),
            ["RightUpperLeg"] = CFrame.new(0, -4.0978193283081055e-08, -4.0174199966713786e-08, 0.59376460313797, 0.28739580512046814, -0.7515632510185242, 0.20987392961978912, 0.8463900685310364, 0.48946598172187805, 0.7767860889434814, -0.44836100935935974, 0.44223955273628235),
            ["LeftUpperArm"] = CFrame.new(5.960464477539063e-08, 0, 8.381903171539307e-08, 0.8136165738105774, 0.18991751968860626, 0.5495083928108215, -0.168039932847023, 0.9816212058067322, -0.09045723080635071, -0.5565885305404663, -0.018741833046078682, 0.83057701587677),
            ["RightLowerArm"] = CFrame.new(5.960464477539063e-08, 1.7881393432617188e-07, -1.1548399925231934e-07, 1, -2.980233304583635e-08, 2.235174747511337e-07, 1.9371512394172896e-07, -0.5333938002586365, -0.8458669781684875, 2.6077035641947077e-08, 0.8458670973777771, -0.5333938598632812),
            ["LeftHand"] = CFrame.new(0, -1.1920928955078125e-07, -1.4901161193847656e-07, 0.8868920207023621, 0.059539251029491425, 0.45812416076660156, 0.30544230341911316, 0.6684128046035767, -0.6781808733940125, -0.3465943932533264, 0.7414036989212036, 0.5746241807937622),
            ["LeftFoot"] = CFrame.new(-2.2351741790771484e-08, 1.1920928955078125e-07, -1.2518057701527141e-08, 0.984807550907135, 0.04553600028157234, 0.16757246851921082, 0.00032921324600465596, 0.9645140767097473, -0.2640312612056732, -0.17364898324012756, 0.26007527112960815, 0.9498458504676819),
            ["LowerTorso"] = CFrame.new(0.22167667746543884, -0.2566382884979248, -0.24767017364501953, 0.9947260618209839, -0.10000249743461609, 0.02279425971210003, 0.1025293692946434, 0.9755429029464722, -0.19443254172801971, -0.002793041290715337, 0.19574421644210815, 0.9806510210037231),
            ["RightLowerLeg"] = CFrame.new(4.0978193283081055e-08, 1.1920928955078125e-07, -1.0043004294857383e-07, 1, -5.215404712544114e-07, -3.8743019104003906e-07, 6.929039386704972e-07, 0.8160088062286377, 0.5780394673347473, -1.862644971595273e-08, -0.5780395269393921, 0.8160088658332825),
            ["LeftUpperLeg"] = CFrame.new(0, 6.51925802230835e-08, -9.778887033462524e-08, 0.9204386472702026, -0.3186379373073578, -0.22641275823116302, 0.06335204839706421, 0.6931741833686829, -0.7179805636405945, 0.38571932911872864, 0.6465133428573608, 0.6582106351852417),
            ["LeftLowerLeg"] = CFrame.new(-7.450580596923828e-09, -2.384185791015625e-07, -2.3075614308254444e-08, 1, 7.450580596923828e-09, -4.71249279598851e-07, 5.550681976274063e-07, 0.15081778168678284, 0.9885616302490234, 8.195637946073475e-08, -0.9885615706443787, 0.15081794559955597),
        }},
        {Time = 0.267, Data = {
            ["RightFoot"] = CFrame.new(-2.60770320892334e-08, 2.980232238769531e-07, 6.033587851561606e-08, 0.9806668758392334, -0.174917533993721, 0.0877300277352333, 0.191592276096344, 0.9494681358337402, -0.24860116839408875, -0.03981209918856621, 0.26060357689857483, 0.96462482213974),
            ["LeftLowerArm"] = CFrame.new(-1.4901161193847656e-07, 1.1920928955078125e-07, -5.471520125865936e-08, 1, 0, 1.6391281576488836e-07, 1.8626447229053156e-07, -0.6125988960266113, -0.7903940081596375, 8.568165554834195e-08, 0.7903939485549927, -0.6125988960266113),
            ["RightUpperArm"] = CFrame.new(-5.960464477539063e-08, 1.1920928955078125e-07, 4.0046870708465576e-08, 0.9308962821960449, -0.1434442549943924, -0.3359401524066925, 0.19270500540733337, 0.9741309285163879, 0.1180415004491806, 0.3103173077106476, -0.17462190985679626, 0.9344573020935059),
            ["Head"] = CFrame.new(-2.9103830456733704e-08, -1.1920928955078125e-07, 1.8510036170482635e-08, 0.9920164346694946, -0.11473169177770615, 0.052345555275678635, 0.1229405328631401, 0.9723033308982849, -0.19877590239048004, -0.028089862316846848, 0.20362430810928345, 0.9786461591720581),
            ["RightHand"] = CFrame.new(-2.9802322387695312e-08, 0, -3.427267074584961e-07, 0.7749118804931641, 0.3696712255477905, 0.5126938223838806, 0.07594659179449081, 0.7508026361465454, -0.6561459898948669, -0.6274901032447815, 0.5473924875259399, 0.5537305474281311),
            ["UpperTorso"] = CFrame.new(-4.98257577419281e-08, 2.9802322387695312e-08, 4.563480615615845e-08, 0.9996110200881958, 0.009722166694700718, 0.02614123933017254, -0.016845501959323883, 0.9574630856513977, 0.2880637049674988, -0.022228669375181198, -0.288392037153244, 0.9572543501853943),
            ["HumanoidRootPart"] = CFrame.new(0, 0, 0, 1, 0, 0, 0, 1, 0, 0, 0, 1),
            ["RightUpperLeg"] = CFrame.new(-1.1920928955078125e-07, -3.725290298461914e-09, 6.04086380917579e-08, 0.8663011193275452, 0.1735324263572693, -0.46841102838516235, -0.04697660729289055, 0.9618646502494812, 0.26946157217025757, 0.4973084330558777, -0.21143050491809845, 0.8414163589477539),
            ["LeftUpperArm"] = CFrame.new(-5.960464477539063e-08, -1.1920928955078125e-07, 2.8870999813079834e-08, 0.8153157830238342, 0.25394758582115173, 0.5203564167022705, -0.24879048764705658, 0.9651474952697754, -0.08120208233594894, -0.52284175157547, -0.06325442343950272, 0.8500796556472778),
            ["RightLowerArm"] = CFrame.new(0, 7.152557373046875e-07, 6.868503987789154e-08, 1, -5.215408904746255e-08, 2.309681121914764e-07, 1.5646217832454568e-07, -0.5544158220291138, -0.8322397470474243, 1.1920927533992653e-07, 0.8322398662567139, -0.5544160604476929),
            ["LeftHand"] = CFrame.new(-1.7881393432617188e-07, 5.960464477539063e-08, -4.470348358154297e-08, 0.8850452303886414, -0.050723716616630554, 0.46273332834243774, 0.3871363699436188, 0.6321998834609985, -0.6711546778678894, -0.2584964334964752, 0.7731432914733887, 0.5791626572608948),
            ["LeftFoot"] = CFrame.new(-2.60770320892334e-08, -5.960464477539063e-08, 6.757568371540401e-08, 0.932941734790802, -0.19421693682670593, 0.3031499981880188, 0.24700728058815002, 0.9578772783279419, -0.14648719131946564, -0.26193004846572876, 0.2115442454814911, 0.9416165351867676),
            ["LowerTorso"] = CFrame.new(0.21492278575897217, -0.1663813591003418, -0.247407466173172, 0.9982582926750183, -0.053763099014759064, -0.024289749562740326, 0.0493822917342186, 0.9867478013038635, -0.15456491708755493, 0.03227774426341057, 0.15309622883796692, 0.9876840114593506),
            ["RightLowerLeg"] = CFrame.new(-1.043081283569336e-07, 1.1920928955078125e-07, 5.8826117310673e-08, 1, -5.289911086947541e-07, -4.991888431504776e-07, 7.115306175364822e-07, 0.6760776042938232, 0.7368303537368774, -1.2386593084556807e-07, -0.7368304133415222, 0.6760778427124023),
