return {
    ["Dexter Rampage!"] = {
        {Time = 0.000, Data = {
            ["LeftFoot"] = CFrame.new(-4.284083843231201e-08, -1.1920928955078125e-07, 7.450580596923828e-09, 0.9568517208099365, -0.2827948331832886, -0.06679534167051315, 0.24470943212509155, 0.9081915616989136, -0.3395671546459198, 0.15669108927249908, 0.30856969952583313, 0.9382071495056152),
            ["LeftLowerArm"] = CFrame.new(2.9802322387695312e-08, -1.1920928955078125e-07, 2.9802322387695312e-08, 1, 0.000013022689927311148, -0.000031249463063431904, 0.00002876081271097064, 0.8171765208244324, -0.576393723487854, -0.00001793150295270607, 0.5763874650001526, 0.8171721696853638),
            ["RightUpperArm"] = CFrame.new(-1.7881393432617188e-07, -0.06523752212524414, -6.705522537231445e-08, 0.9893799424171448, -0.0814984068274498, 0.12035538256168365, 0.05948885902762413, 0.9825388193130493, 0.1762910932302475, -0.13262124359607697, -0.16725879907608032, 0.9769524335861206),
            ["Head"] = CFrame.new(-1.862645149230957e-09, 1.1920928955078125e-07, -1.1175870895385742e-08, 0.8500629663467407, -0.08456680178642273, 0.51984703540802, 0.009694810956716537, 0.9893704056739807, 0.1450941562652588, -0.5265917778015137, -0.11829923838376999, 0.8418471813201904),
            ["LowerTorso"] = CFrame.new(0.10439205169677734, -0.14571666717529297, 0.009454295970499516, 0.8357374668121338, -0.0338456928730011, -0.5480854511260986, 0.03541436791419983, 0.9993429780006409, -0.007711371872574091, 0.5479861497879028, -0.012965444475412369, 0.8363869190216064),
            ["UpperTorso"] = CFrame.new(1.83936208486557e-08, -1.4901161193847656e-07, 8.614733815193176e-09, 0.9994640946388245, 0.031373586505651474, 0.00934272725135088, -0.031223004683852196, 0.9993866086006165, -0.015860240906476974, -0.009834332391619682, 0.015560113824903965, 0.9998306632041931),
            ["HumanoidRootPart"] = CFrame.new(0, 0, 0, 1, 0, 0, 0, 1, 0, 0, 0, 1),
            ["LeftUpperLeg"] = CFrame.new(0.000025540590286254883, 0.00012586102820932865, 0.004997421987354755, 0.7499163150787354, 0.4565219581127167, 0.47876212000846863, -0.3171548545360565, 0.8832308650016785, -0.345421701669693, -0.5805500745773315, 0.10719626396894455, 0.8071373105049133),
            ["LeftUpperArm"] = CFrame.new(0, -0.06523764133453369, 9.685754776000977e-08, 0.9922478199005127, 0.114944227039814, 0.04724634811282158, -0.12105284631252289, 0.9799575209617615, 0.15820635855197906, -0.028114967048168182, -0.16269928216934204, 0.9862751364707947),
            ["RightLowerArm"] = CFrame.new(0, -2.980232238769531e-07, -1.1920928955078125e-07, 1, -0.000012218340089020785, 0.000017341681086691096, -0.000018385759176453575, 0.9024312496185303, -0.4308369755744934, 0.000010464371371199377, 0.43083399534225464, 0.9024298787117004),
            ["LeftHand"] = CFrame.new(-1.4901161193847656e-07, 5.960464477539063e-08, -5.960464477539063e-08, 0.9312735199928284, 0.16801191866397858, -0.323150098323822, -0.06678358465433121, 0.9509279131889343, 0.30203765630722046, 0.35814738273620605, -0.25982338190078735, 0.8968541026115417),
            ["RightFoot"] = CFrame.new(5.21540641784668e-08, 3.5762786865234375e-07, 6.875052349641919e-08, 0.9784570336341858, 0.15549471974372864, 0.13580483198165894, -0.09966106712818146, 0.9318437576293945, -0.348905473947525, -0.1808023452758789, 0.3278545141220093, 0.9272659420967102),
            ["RightHand"] = CFrame.new(1.4901161193847656e-08, -2.384185791015625e-07, 5.960464477539063e-08, 0.8429437875747681, -0.26103442907333374, 0.4703788459300995, 0.21245744824409485, 0.9648466110229492, 0.15472254157066345, -0.4942748546600342, -0.03053315356373787, 0.8687950372695923),
            ["RightLowerLeg"] = CFrame.new(-2.2351741790771484e-08, 0, 6.875052349641919e-08, 1, 2.9802316703353426e-07, 9.31322148289837e-08, 4.842876251132111e-07, 0.7570886015892029, 0.6533118486404419, -1.67638020798222e-07, -0.6533121466636658, 0.7570888996124268),
            ["RightUpperLeg"] = CFrame.new(-0.000025570392608642578, -0.00012557883746922016, -0.004997429437935352, 0.9714226126670837, -0.1883872002363205, -0.14438901841640472, 0.12676090002059937, 0.9260668158531189, -0.3554317355155945, 0.20067350566387177, 0.3269715905189514, 0.9234826564788818),
            ["LeftLowerLeg"] = CFrame.new(9.313225746154785e-08, -5.960464477539063e-08, 8.940696716308594e-08, 1, 3.9115551686563776e-08, 2.980232949312267e-08, -2.7939670133036998e-08, 0.7836776375770569, 0.6211681962013245, 2.2351736461700966e-08, -0.6211678981781006, 0.7836772799491882),
        }},
        {Time = 0.018, Data = {
            ["LeftFoot"] = CFrame.new(0, -5.960464477539063e-08, -7.450580596923828e-09, 0.9569799900054932, -0.28236058354377747, -0.06679484993219376, 0.24432961642742157, 0.9083657264709473, -0.33937495946884155, 0.15650014579296112, 0.30845457315444946, 0.9382767081260681),
            ["LeftLowerArm"] = CFrame.new(-8.940696716308594e-08, 2.384185791015625e-07, 2.9802322387695312e-08, 1, 0.000013372839021030813, -0.00003095512147410773, 0.000028773840313078836, 0.8173975944519043, -0.576080322265625, -0.000017719157767714933, 0.576073944568634, 0.8173931241035461),
            ["RightUpperArm"] = CFrame.new(-5.960464477539063e-08, -0.06523764133453369, -1.043081283569336e-07, 0.989310085773468, -0.08289346098899841, 0.11997636407613754, 0.06092558801174164, 0.9824331998825073, 0.17638929188251495, -0.13249020278453827, -0.16719405353069305, 0.9769813418388367),
            ["Head"] = CFrame.new(-9.313225746154785e-10, 1.1920928955078125e-07, -1.862645149230957e-09, 0.8500612378120422, -0.08533613383769989, 0.5197247862815857, 0.009533241391181946, 0.9891180396080017, 0.14681564271450043, -0.5265976190567017, -0.11984745413064957, 0.8416242599487305),
            ["LowerTorso"] = CFrame.new(0.10369148850440979, -0.1457223892211914, 0.009402747265994549, 0.8357557058334351, -0.03329264372587204, -0.548091471195221, 0.034703031182289124, 0.999367356300354, -0.007787875831127167, 0.5480037331581116, -0.012511711567640305, 0.8363822102546692),
            ["UpperTorso"] = CFrame.new(-6.28642737865448e-09, -5.960464477539063e-08, 4.423782229423523e-09, 0.9994645714759827, 0.031359076499938965, 0.009342762641608715, -0.03120795078575611, 0.9993862509727478, -0.01591082289814949, -0.009835799224674702, 0.015610847622156143, 0.9998297691345215),
            ["HumanoidRootPart"] = CFrame.new(0, 0, 0, 1, 0, 0, 0, 1, 0, 0, 0, 1),
            ["LeftUpperLeg"] = CFrame.new(0.000025540590286254883, 0.0001256926916539669, 0.004997474141418934, 0.7502683401107788, 0.45540502667427063, 0.4792742133140564, -0.31621506810188293, 0.8838151693344116, -0.34478840231895447, -0.5806078314781189, 0.10713095963001251, 0.8071042895317078),
            ["LeftUpperArm"] = CFrame.new(0, -0.06523787975311279, 7.450580596923828e-08, 0.9923354983329773, 0.11420928686857224, 0.04718629643321037, -0.12032443284988403, 0.9800098538398743, 0.15843848884105682, -0.02814810909330845, -0.16290180385112762, 0.9862406849861145),
            ["RightLowerArm"] = CFrame.new(-1.7881393432617188e-07, -1.1920928955078125e-07, 8.940696716308594e-08, 1, -0.000012285386219446082, 0.00001721500484563876, -0.00001844303187681362, 0.902431309223175, -0.43083691596984863, 0.00001018869716062909, 0.4308338463306427, 0.9024298787117004),
            ["LeftHand"] = CFrame.new(-2.086162567138672e-07, -2.384185791015625e-07, 1.1920928955078125e-07, 0.9311726093292236, 0.16942229866981506, -0.3227051794528961, -0.06882636249065399, 0.9511570930480957, 0.3008568584918976, 0.35802310705184937, -0.25806283950805664, 0.8974111080169678),
            ["RightFoot"] = CFrame.new(8.568167686462402e-08, 4.172325134277344e-07, -2.0656443666666746e-08, 0.9784174561500549, 0.1558423787355423, 0.13569240272045135, -0.10000022500753403, 0.9317505359649658, -0.34905722737312317, -0.1808297336101532, 0.32795462012290955, 0.9272252917289734),
            ["RightHand"] = CFrame.new(-1.4901161193847656e-07, 2.384185791015625e-07, 0, 0.8425251841545105, -0.2628524899482727, 0.4701170027256012, 0.21415401995182037, 0.9643597602844238, 0.15541714429855347, -0.4942565858364105, -0.030311349779367447, 0.8688127398490906),
            ["RightLowerLeg"] = CFrame.new(-7.450580596923828e-09, 5.960464477539063e-08, 3.894820110872388e-08, 1, 1.8626438702540327e-07, 3.3527591369875154e-08, 3.874300205097825e-07, 0.7565142512321472, 0.6539769768714905, 3.7252885221050747e-09, -0.6539771556854248, 0.7565144896507263),
            ["RightUpperLeg"] = CFrame.new(-0.000025570392608642578, -0.00012546265497803688, -0.004997476935386658, 0.9713132977485657, -0.18942776322364807, -0.14376218616962433, 0.12781193852424622, 0.9256524443626404, -0.35613423585891724, 0.20053614675998688, 0.32754334807395935, 0.9233098030090332),
            ["LeftLowerLeg"] = CFrame.new(5.960464477539063e-08, 0, -2.421438694000244e-08, 1, 7.264316792543468e-08, 2.9802311729554276e-08, -3.7252894102834944e-09, 0.7839715480804443, 0.6207973957061768, 1.6763802790364934e-08, -0.6207968592643738, 0.7839710116386414),
        }},
        {Time = 0.035, Data = {
            ["LeftFoot"] = CFrame.new(1.862645149230957e-09, -1.7881393432617188e-07, -1.4901161193847656e-08, 0.957111656665802, -0.28191569447517395, -0.06678859889507294, 0.2439471185207367, 0.9085531234741211, -0.3391479551792145, 0.15629221498966217, 0.30830949544906616, 0.938359260559082),
            ["LeftLowerArm"] = CFrame.new(-1.7881393432617188e-07, -5.960464477539063e-08, -2.9802322387695312e-08, 1, 0.00001340263133897679, -0.00003101095717283897, 0.000028833461328758858, 0.8179922103881836, -0.5752353668212891, -0.000017525455405120738, 0.5752292275428772, 0.8179880380630493),
            ["RightUpperArm"] = CFrame.new(1.1920928955078125e-07, -0.06523776054382324, 0, 0.9892725348472595, -0.08443538099527359, 0.11920835077762604, 0.06256557255983353, 0.9823005795478821, 0.17655348777770996, -0.1320057511329651, -0.16720126569271088, 0.9770457148551941),
            ["Head"] = CFrame.new(8.381903171539307e-09, -3.5762786865234375e-07, 3.725290298461914e-09, 0.8500553965568542, -0.08615883439779282, 0.5195985436439514, 0.009301373735070229, 0.9888312220573425, 0.14874933660030365, -0.5266111493110657, -0.12161208689212799, 0.8413625955581665),
            ["LowerTorso"] = CFrame.new(0.10296911746263504, -0.14574193954467773, 0.009349622763693333, 0.8357753753662109, -0.03269350156188011, -0.5480974912643433, 0.033857911825180054, 0.9993947744369507, -0.007984450086951256, 0.5480266213417053, -0.011884254403412342, 0.8363763093948364),
            ["UpperTorso"] = CFrame.new(2.7939677238464355e-09, 8.940696716308594e-08, -2.3283064365386963e-10, 0.9994680881500244, 0.031244376674294472, 0.00935340579599142, -0.031092587858438492, 0.9993889331817627, -0.015969907864928246, -0.009846306405961514, 0.015670716762542725, 0.9998288154602051),
            ["HumanoidRootPart"] = CFrame.new(0, 0, 0, 1, 0, 0, 0, 1, 0, 0, 0, 1),
            ["LeftUpperLeg"] = CFrame.new(0.000025451183319091797, 0.00012591318227350712, 0.004997480660676956, 0.7506688833236694, 0.45409679412841797, 0.47988760471343994, -0.3152153789997101, 0.884517252445221, -0.34390220046043396, -0.5806336402893066, 0.10688945651054382, 0.8071178793907166),
            ["LeftUpperArm"] = CFrame.new(-1.1920928955078125e-07, -0.06523776054382324, 1.4901161193847656e-08, 0.992438554763794, 0.11332236975431442, 0.04715803265571594, -0.11945933848619461, 0.9800283908843994, 0.15897798538208008, -0.028200455009937286, -0.1634093075990677, 0.9861552715301514),
            ["RightLowerArm"] = CFrame.new(-2.384185791015625e-07, -1.7881393432617188e-07, -1.1920928955078125e-07, 1, -0.000012605744814209174, 0.000016650581528665498, -0.000018537803043727763, 0.9024316072463989, -0.430836021900177, 0.000009696961569716223, 0.4308331608772278, 0.9024302363395691),
            ["LeftHand"] = CFrame.new(-2.9802322387695312e-08, 0, 0, 0.9310861229896545, 0.17101658880710602, -0.3221137225627899, -0.0711660385131836, 0.9514108300209045, 0.2995092570781708, 0.35779064893722534, -0.25606808066368103, 0.8980741500854492),
            ["RightFoot"] = CFrame.new(1.1548399925231934e-07, 4.172325134277344e-07, -7.281050784513354e-08, 0.9783774018287659, 0.1561919003725052, 0.13557831943035126, -0.10031352937221527, 0.9316055178642273, -0.3493548035621643, -0.1808723360300064, 0.32820016145706177, 0.9271299242973328),
            ["RightHand"] = CFrame.new(4.470348358154297e-08, -1.1920928955078125e-07, -5.960464477539063e-08, 0.8421008586883545, -0.2646694481372833, 0.46985897421836853, 0.21584941446781158, 0.9638696908950806, 0.15611205995082855, -0.4942421317100525, -0.030088910833001137, 0.868827760219574),
            ["RightLowerLeg"] = CFrame.new(-6.705522537231445e-08, 0, 7.620110409334302e-08, 1, 2.458690460116486e-07, 1.1175863079415649e-07, 4.3958425521850586e-07, 0.7557640671730042, 0.654843807220459, -1.1175870895385742e-07, -0.6548440456390381, 0.7557642459869385),
            ["RightUpperLeg"] = CFrame.new(-0.000025570392608642578, -0.00012558256275951862, -0.004997480660676956, 0.9711847901344299, -0.19062849879264832, -0.14304094016551971, 0.12903767824172974, 0.9251944422721863, -0.35688135027885437, 0.20037329196929932, 0.3281402885913849, 0.9231333136558533),
            ["LeftLowerLeg"] = CFrame.new(8.568167686462402e-08, -1.7881393432617188e-07, 6.332993507385254e-08, 1, 6.891787762697277e-08, 2.2351747119842003e-08, -3.9115551686563776e-08, 0.7843678593635559, 0.620296061038971, 2.0489098417897367e-08, -0.620296061038971, 0.7843678593635559),
        }},
        {Time = 0.052, Data = {
            ["LeftFoot"] = CFrame.new(-3.725290298461914e-08, 5.960464477539063e-08, -7.450580596923828e-09, 0.957260012626648, -0.28141069412231445, -0.06679260730743408, 0.2435084879398346, 0.9087655544281006, -0.33889326453208923, 0.15606701374053955, 0.3081447184085846, 0.9384509921073914),
            ["LeftLowerArm"] = CFrame.new(0, -6.556510925292969e-07, 0, 1, 0.00001360378519166261, -0.00003076879875152372, 0.000028827877031289972, 0.8189142346382141, -0.573921799659729, -0.00001744722612784244, 0.5739158987998962, 0.8189101815223694),
            ["RightUpperArm"] = CFrame.new(1.1920928955078125e-07, -0.0652381181716919, 5.21540641784668e-08, 0.989254891872406, -0.0860920324921608, 0.11816531419754028, 0.06436264514923096, 0.9821511507034302, 0.17673884332180023, -0.13127191364765167, -0.16723427176475525, 0.9771389365196228),
            ["Head"] = CFrame.new(6.51925802230835e-09, 0, 5.587935447692871e-09, 0.8500461578369141, -0.08705119788646698, 0.5194650888442993, 0.009023217484354973, 0.9885098338127136, 0.1508876085281372, -0.5266308784484863, -0.12357407808303833, 0.8410642147064209),
            ["LowerTorso"] = CFrame.new(0.10224665701389313, -0.14577221870422363, 0.009296489879488945, 0.8357892632484436, -0.0320807509124279, -0.5481123924255371, 0.032917652279138565, 0.9994235634803772, -0.008301565423607826, 0.548062801361084, -0.011104239150881767, 0.8363635540008545),
            ["UpperTorso"] = CFrame.new(2.3283064365386963e-10, 0, -1.3504177331924438e-08, 0.9994715452194214, 0.03112959675490856, 0.009363031946122646, -0.030977029353380203, 0.9993915557861328, -0.016029084101319313, -0.009856626391410828, 0.015730667859315872, 0.9998276829719543),
            ["HumanoidRootPart"] = CFrame.new(0, 0, 0, 1, 0, 0, 0, 1, 0, 0, 0, 1),
            ["LeftUpperLeg"] = CFrame.new(0.000025451183319091797, 0.00012588920071721077, 0.004997529089450836, 0.7510769963264465, 0.4527167081832886, 0.4805525541305542, -0.3142249882221222, 0.8852685689926147, -0.34287384152412415, -0.580642819404602, 0.1065230667591095, 0.8071597218513489),
            ["LeftUpperArm"] = CFrame.new(5.960464477539063e-08, -0.06523776054382324, 7.450580596923828e-09, 0.9925562143325806, 0.11227858811616898, 0.047177478671073914, -0.11845461279153824, 0.9800233244895935, 0.15975889563560486, -0.02829735353589058, -0.1641579270362854, 0.9860281348228455),
            ["RightLowerArm"] = CFrame.new(5.960464477539063e-08, 1.1920928955078125e-07, 5.960464477539063e-08, 1, -0.000012724942280328833, 0.0000167586185852997, -0.00001858156974776648, 0.9024315476417542, -0.4308362305164337, 0.00000981430639512837, 0.430833101272583, 0.9024301171302795),
            ["LeftHand"] = CFrame.new(8.940696716308594e-08, 1.7881393432617188e-07, -1.1920928955078125e-07, 0.9310172200202942, 0.17275415360927582, -0.321384996175766, -0.07372428476810455, 0.9516673684120178, 0.2980734705924988, 0.35745155811309814, -0.25393977761268616, 0.898812472820282),
            ["RightFoot"] = CFrame.new(3.725290298461914e-08, 2.980232238769531e-07, 1.6952981241047382e-09, 0.9783319234848022, 0.15657715499401093, 0.1354624480009079, -0.10065608471632004, 0.9314470291137695, -0.34967806935310364, -0.1809280663728714, 0.3284665048122406, 0.9270249009132385),
            ["RightHand"] = CFrame.new(-7.450580596923828e-08, -5.960464477539063e-08, -5.960464477539063e-08, 0.8417097926139832, -0.2663469910621643, 0.4696115553379059, 0.21741490066051483, 0.9634138941764832, 0.1567520797252655, -0.4942220151424408, -0.029884731397032738, 0.8688462972640991),
            ["RightLowerLeg"] = CFrame.new(4.470348358154297e-08, 0, 8.365168469026685e-08, 1, 5.215402154590265e-08, 3.315508081414009e-07, 3.948804874198686e-07, 0.7549327611923218, 0.6558016538619995, 7.823103942428133e-08, -0.6558021306991577, 0.7549331784248352),
            ["RightUpperLeg"] = CFrame.new(-0.000025451183319091797, -0.00012540933676064014, -0.004997521638870239, 0.9710445404052734, -0.1919153779745102, -0.14227157831192017, 0.13036461174488068, 0.924724280834198, -0.35761696100234985, 0.20019397139549255, 0.32871487736701965, 0.9229675531387329),
            ["LeftLowerLeg"] = CFrame.new(-7.078051567077637e-08, -2.384185791015625e-07, 7.264316082000732e-08, 1, 2.0489094865183688e-08, 1.4901164746561335e-08, -6.33299421792799e-08, 0.7847875952720642, 0.619764506816864, 2.7939680791178034e-08, -0.6197648644447327, 0.7847878932952881),
        }},
        {Time = 0.070, Data = {
            ["LeftFoot"] = CFrame.new(5.21540641784668e-08, 5.960464477539063e-08, 0, 0.9573873281478882, -0.28097203373908997, -0.06681370735168457, 0.24314498901367188, 0.9089961051940918, -0.3385365605354309, 0.15585310757160187, 0.30786505341529846, 0.9385781288146973),
            ["LeftLowerArm"] = CFrame.new(8.940696716308594e-08, -2.384185791015625e-07, 5.960464477539063e-08, 1, 0.00001373789109493373, -0.00003041856143681798, 0.00002872170807677321, 0.8200747966766357, -0.572262167930603, -0.00001706352486507967, 0.5722563862800598, 0.8200708031654358),
            ["RightUpperArm"] = CFrame.new(1.1920928955078125e-07, -0.06523764133453369, -2.2351741790771484e-08, 0.9892700910568237, -0.08778132498264313, 0.1167861744761467, 0.06625086814165115, 0.981994092464447, 0.1769138127565384, -0.1302134245634079, -0.16727831959724426, 0.9772729873657227),
            ["Head"] = CFrame.new(-1.1641532182693481e-08, 3.5762786865234375e-07, -5.587935447692871e-09, 0.8500422835350037, -0.08790770918130875, 0.51932692527771, 0.0086524598300457, 0.9881716370582581, 0.15310780704021454, -0.5266435146331787, -0.12565459311008453, 0.8407483100891113),
            ["LowerTorso"] = CFrame.new(0.1015133485198021, -0.1458117961883545, 0.009243356063961983, 0.8358020186424255, -0.031473543494939804, -0.5481281280517578, 0.031944550573825836, 0.9994519948959351, -0.00867887120693922, 0.5481009483337402, -0.010255919769406319, 0.836349368095398),
            ["UpperTorso"] = CFrame.new(-1.3969838619232178e-09, 1.1920928955078125e-07, 4.656612873077393e-10, 0.9994750618934631, 0.031014863401651382, 0.009373599663376808, -0.030861591920256615, 0.9993942379951477, -0.016088150441646576, -0.009866966865956783, 0.015790561214089394, 0.9998266100883484),
            ["HumanoidRootPart"] = CFrame.new(0, 0, 0, 1, 0, 0, 0, 1, 0, 0, 0, 1),
            ["LeftUpperLeg"] = CFrame.new(0.000025480985641479492, 0.00012561981566250324, 0.004997557029128075, 0.7514846920967102, 0.45127591490745544, 0.4812695384025574, -0.31326761841773987, 0.8860657215118408, -0.3416885435581207, -0.5806325674057007, 0.10600793361663818, 0.8072351217269897),
            ["LeftUpperArm"] = CFrame.new(0, -0.06523764133453369, 7.450580596923828e-09, 0.9926775097846985, 0.11117030680179596, 0.047247882932424545, -0.11740133166313171, 0.9799863696098328, 0.16076041758060455, -0.02843037247657776, -0.16513006389141083, 0.9858620166778564),
            ["RightLowerArm"] = CFrame.new(-1.1920928955078125e-07, 6.556510925292969e-07, -1.7881393432617188e-07, 1, -0.00001270259508601157, 0.00001637861532799434, -0.00001844001599238254, 0.9024319648742676, -0.430835485458374, 0.00000927507244341541, 0.43083256483078003, 0.902430534362793),
            ["LeftHand"] = CFrame.new(0, 0, -1.7881393432617188e-07, 0.9309594631195068, 0.17461393773555756, -0.32054778933525085, -0.07644172757863998, 0.9519064426422119, 0.29662448167800903, 0.3570309579372406, -0.251762330532074, 0.8995905518531799),
            ["RightFoot"] = CFrame.new(5.21540641784668e-08, 4.76837158203125e-07, -1.3205863069742918e-08, 0.978290855884552, 0.15692585706710815, 0.1353556364774704, -0.10095076262950897, 0.9312742352485657, -0.3500530421733856, -0.18098598718643188, 0.3287895917892456, 0.9268990159034729),
            ["RightHand"] = CFrame.new(2.086162567138672e-07, 3.5762786865234375e-07, 0, 0.8412776589393616, -0.2681610584259033, 0.469354510307312, 0.21910683810710907, 0.9629173874855042, 0.15744611620903015, -0.4942106604576111, -0.0296624843031168, 0.8688597083091736),
            ["RightLowerLeg"] = CFrame.new(-4.470348358154297e-08, -1.1920928955078125e-07, -5.75528247281909e-09, 1, -1.7881379221762472e-07, 3.7997952517798694e-07, 4.097817907222634e-07, 0.754014790058136, 0.6568573117256165, 1.1548395661975519e-07, -0.6568574905395508, 0.7540148496627808),
            ["RightUpperLeg"] = CFrame.new(-0.000025480985641479492, -0.0001253949012607336, -0.004997549578547478, 0.9708980917930603, -0.1932583749294281, -0.14145132899284363, 0.13176220655441284, 0.9242413640022278, -0.35835209488868713, 0.1999894678592682, 0.3292858898639679, 0.9228084087371826),
            ["LeftLowerLeg"] = CFrame.new(1.862645149230957e-07, -5.960464477539063e-08, -5.21540641784668e-08, 1, 7.823110337312755e-08, 3.725290298461914e-08, -1.0617075929530984e-07, 0.7852866649627686, 0.6191326379776001, 2.607702853651972e-08, -0.6191324591636658, 0.7852864265441895),
        }},
        {Time = 0.088, Data = {
            ["LeftFoot"] = CFrame.new(-5.587935447692871e-08, 5.960464477539063e-08, 2.2351741790771484e-08, 0.9575334191322327, -0.2804703414440155, -0.0668293684720993, 0.2427084743976593, 0.9092130661010742, -0.33826687932014465, 0.155635803937912, 0.30768170952796936, 0.93867427110672),
            ["LeftLowerArm"] = CFrame.new(-5.960464477539063e-08, 1.7881393432617188e-07, 2.9802322387695312e-08, 1, 0.000013402644981397316, -0.000030057168260100298, 0.000028276552257011645, 0.8214489221572876, -0.5702880620956421, -0.00001692011210252531, 0.5702821016311646, 0.8214448094367981),
            ["RightUpperArm"] = CFrame.new(2.384185791015625e-07, -0.06523776054382324, 2.2351741790771484e-08, 0.9893173575401306, -0.08940410614013672, 0.11514395475387573, 0.06812799721956253, 0.981849193572998, 0.17700499296188354, -0.12887881696224213, -0.16726946830749512, 0.9774514436721802),
            ["Head"] = CFrame.new(7.916241884231567e-09, 1.1920928955078125e-07, -3.725290298461914e-09, 0.8500248193740845, -0.08876053243875504, 0.5192102193832397, 0.008212820626795292, 0.9878137707710266, 0.15542423725128174, -0.5266785025596619, -0.12785014510154724, 0.8403952121734619),
            ["LowerTorso"] = CFrame.new(0.10079076141119003, -0.14586281776428223, 0.009191007353365421, 0.8358038067817688, -0.030889933928847313, -0.5481588840484619, 0.030965706333518028, 0.9994789361953735, -0.009108183905482292, 0.5481542944908142, -0.009361498057842255, 0.8363246321678162),
            ["UpperTorso"] = CFrame.new(1.1641532182693481e-09, 2.086162567138672e-07, 4.190951585769653e-09, 0.9994828701019287, 0.030753858387470245, 0.009397455491125584, -0.030599631369113922, 0.9994012713432312, -0.016149330884218216, -0.009888063184916973, 0.015853507444262505, 0.9998254776000977),
            ["HumanoidRootPart"] = CFrame.new(0, 0, 0, 1, 0, 0, 0, 1, 0, 0, 0, 1),
            ["LeftUpperLeg"] = CFrame.new(0.000025510787963867188, 0.0001256205141544342, 0.004997469484806061, 0.7518854737281799, 0.44984927773475647, 0.48197904229164124, -0.3123217821121216, 0.8868520259857178, -0.340512752532959, -0.5806232690811157, 0.1054949089884758, 0.8073087334632874),
            ["LeftUpperArm"] = CFrame.new(-3.5762786865234375e-07, -0.06523776054382324, 4.470348358154297e-08, 0.9928064346313477, 0.10996496677398682, 0.04736201465129852, -0.11626352369785309, 0.9799301028251648, 0.1619253158569336, -0.028605246916413307, -0.16626688838005066, 0.9856658577919006),
            ["RightLowerArm"] = CFrame.new(-8.940696716308594e-08, -5.960464477539063e-08, -5.960464477539063e-08, 1, -0.000012531239917734638, 0.000016235177099588327, -0.000018211256247013807, 0.9024319648742676, -0.43083542585372925, 0.000009343058081867639, 0.43083247542381287, 0.9024305939674377),
            ["LeftHand"] = CFrame.new(5.960464477539063e-08, 1.1920928955078125e-07, 5.960464477539063e-08, 0.9309108853340149, 0.17657539248466492, -0.31961408257484436, -0.07925599068403244, 0.952102780342102, 0.2952549457550049, 0.3565436899662018, -0.24964278936386108, 0.9003729820251465),
            ["RightFoot"] = CFrame.new(1.862645149230957e-08, 4.76837158203125e-07, 1.6596459317952394e-08, 0.9782441854476929, 0.15730781853199005, 0.1352490931749344, -0.1012725830078125, 0.931088924407959, -0.3504537343978882, -0.18105880916118622, 0.3291317820549011, 0.9267631769180298),
            ["RightHand"] = CFrame.new(1.4901161193847656e-08, -5.960464477539063e-08, -5.960464477539063e-08, 0.8408816456794739, -0.2698379456996918, 0.4691033661365509, 0.22067174315452576, 0.962455153465271, 0.15808571875095367, -0.4941883385181427, -0.029458001255989075, 0.8688791990280151),
            ["RightLowerLeg"] = CFrame.new(5.21540641784668e-08, -1.1920928955078125e-07, 2.4047039914876223e-08, 1, 4.097817907222634e-07, 1.564620077942891e-07, 5.587934879258682e-07, 0.753077507019043, 0.6579315662384033, -2.719461633660103e-07, -0.6579317450523376, 0.7530776858329773),
            ["RightUpperLeg"] = CFrame.new(-0.000025540590286254883, -0.0001257583498954773, -0.004997424781322479, 0.9707505106925964, -0.19459281861782074, -0.14062923192977905, 0.13316737115383148, 0.9237812757492065, -0.35901907086372375, 0.19977466762065887, 0.32979050278663635, 0.9226747751235962),
            ["LeftLowerLeg"] = CFrame.new(1.862645149230957e-08, -1.1920928955078125e-07, 7.636845111846924e-08, 1, 3.5390254282674505e-08, 2.2351745343485163e-08, -9.313225746154785e-08, 0.7857333421707153, 0.6185654401779175, 2.2351741790771484e-08, -0.6185653209686279, 0.7857333421707153),
        }},
        {Time = 0.105, Data = {
            ["LeftFoot"] = CFrame.new(0, 0, 5.960464477539063e-08, 0.9576631784439087, -0.28002500534057617, -0.0668366476893425, 0.24232476949691772, 0.9094083309173584, -0.33801737427711487, 0.15543481707572937, 0.3075103759765625, 0.9387636184692383),
            ["LeftLowerArm"] = CFrame.new(-1.4901161193847656e-07, -2.384185791015625e-07, -8.940696716308594e-08, 1, 0.000013320699508767575, -0.000030008708563400432, 0.000027985979613731615, 0.8229268789291382, -0.5681527853012085, -0.00001691452052909881, 0.5681472420692444, 0.8229231238365173),
            ["RightUpperArm"] = CFrame.new(0, -0.06523799896240234, 2.9802322387695312e-08, 0.9893954396247864, -0.09087661653757095, 0.11330574005842209, 0.06990162283182144, 0.9817245006561279, 0.177004873752594, -0.12732063233852386, -0.16720765829086304, 0.9776661992073059),
            ["Head"] = CFrame.new(1.1641532182693481e-09, -1.1920928955078125e-07, 3.725290298461914e-09, 0.8500102758407593, -0.08951593935489655, 0.5191040635108948, 0.007682385854423046, 0.9874571561813354, 0.15770065784454346, -0.5267100930213928, -0.13005919754505157, 0.8400365710258484),
            ["LowerTorso"] = CFrame.new(0.10007908940315247, -0.145920991897583, 0.009138667024672031, 0.8357961177825928, -0.030343102291226387, -0.5482010245323181, 0.030021417886018753, 0.9995036125183105, -0.009551958180963993, 0.5482185482978821, -0.00847432017326355, 0.836292028427124),
            ["UpperTorso"] = CFrame.new(-2.0721927285194397e-08, -1.4901161193847656e-07, -3.259629011154175e-09, 0.9994890689849854, 0.030545946210622787, 0.009419769048690796, -0.030390726402401924, 0.9994065761566162, -0.016213439404964447, -0.009908881038427353, 0.01591895893216133, 0.9998241662979126),
            ["HumanoidRootPart"] = CFrame.new(0, 0, 0, 1, 0, 0, 0, 1, 0, 0, 0, 1),
            ["LeftUpperLeg"] = CFrame.new(0.0000254213809967041, 0.00012560561299324036, 0.0049974750727415085, 0.7522788643836975, 0.4483829140663147, 0.4827316105365753, -0.3114089071750641, 0.8876697421073914, -0.33921536803245544, -0.580604076385498, 0.10485830157995224, 0.8074052333831787),
            ["LeftUpperArm"] = CFrame.new(0, -0.0652381181716919, -8.195638656616211e-08, 0.9929261803627014, 0.10880114883184433, 0.04754055663943291, -0.11518208682537079, 0.9798452854156494, 0.16320635378360748, -0.028825031593441963, -0.1675277203321457, 0.9854458570480347),
            ["RightLowerArm"] = CFrame.new(1.1920928955078125e-07, -5.960464477539063e-08, -5.960464477539063e-08, 1, -0.00001285904727410525, 0.000016287331163766794, -0.000018588098100735806, 0.9024319648742676, -0.4308352470397949, 0.000009195910934067797, 0.43083229660987854, 0.9024307131767273),
            ["LeftHand"] = CFrame.new(-2.980232238769531e-07, 0, 5.960464477539063e-08, 0.9308592081069946, 0.1786121428012848, -0.3186323940753937, -0.08210813999176025, 0.9522466063499451, 0.2940109074115753, 0.35603293776512146, -0.24763716757297516, 0.9011276364326477),
            ["RightFoot"] = CFrame.new(1.1175870895385742e-08, 4.172325134277344e-07, -3.55576048605144e-08, 0.9782062768936157, 0.1576484590768814, 0.13512682914733887, -0.10157069563865662, 0.9309266805648804, -0.35079851746559143, -0.18109622597694397, 0.32942771911621094, 0.9266505837440491),
            ["RightHand"] = CFrame.new(-2.086162567138672e-07, -5.960464477539063e-08, -5.960464477539063e-08, 0.8404443860054016, -0.27164947986602783, 0.46884116530418396, 0.22236140072345734, 0.9619520902633667, 0.15877841413021088, -0.4941747188568115, -0.029236558824777603, 0.8688944578170776),
            ["RightLowerLeg"] = CFrame.new(7.450580596923828e-09, -1.1920928955078125e-07, 9.110226528719068e-08, 1, 2.3841855067985307e-07, 9.68574411785994e-08, 5.215410396886e-07, 0.7521615624427795, 0.6589786410331726, -1.974405279270286e-07, -0.6589787602424622, 0.7521616816520691),
            ["RightUpperLeg"] = CFrame.new(-0.0000254213809967041, -0.0001256528776139021, -0.004997493699193001, 0.970610499382019, -0.19588637351989746, -0.13979795575141907, 0.1345348209142685, 0.9233202934265137, -0.3596944808959961, 0.19953837990760803, 0.3303154706954956, 0.9225381016731262),
            ["LeftLowerLeg"] = CFrame.new(-1.1175870895385742e-08, 2.384185791015625e-07, 8.754432201385498e-08, 1, 5.401672709126615e-08, 1.4901164746561335e-08, -1.0058283805847168e-07, 0.7861452698707581, 0.6180419921875, 2.2351741790771484e-08, -0.6180418133735657, 0.786145031452179),
        }},
        {Time = 0.123, Data = {
            ["LeftFoot"] = CFrame.new(-1.862645149230957e-09, -5.960464477539063e-08, 1.4901161193847656e-08, 0.9577862620353699, -0.2795976400375366, -0.06686116009950638, 0.24194814264774323, 0.9095914959907532, -0.3377939462661743, 0.15526269376277924, 0.30735746026039124, 0.9388423562049866),
            ["LeftLowerArm"] = CFrame.new(-2.9802322387695312e-08, 3.5762786865234375e-07, 2.9802322387695312e-08, 1, 0.000013499506167136133, -0.000029051219826214947, 0.000027719623176380992, 0.8244850635528564, -0.5658891797065735, -0.00001628867903491482, 0.5658836364746094, 0.8244813084602356),
            ["RightUpperArm"] = CFrame.new(-1.7881393432617188e-07, -0.06523847579956055, -1.4901161193847656e-08, 0.9895049333572388, -0.09215053170919418, 0.11130290478467941, 0.07150877267122269, 0.9816135764122009, 0.17697830498218536, -0.12556515634059906, -0.1671619713306427, 0.9779009819030762),
            ["Head"] = CFrame.new(2.3283064365386963e-09, -3.5762786865234375e-07, 3.725290298461914e-09, 0.8499925136566162, -0.09021147340536118, 0.5190134048461914, 0.007028745487332344, 0.9870827198028564, 0.1600572019815445, -0.5267478823661804, -0.13239936530590057, 0.8396467566490173),
            ["LowerTorso"] = CFrame.new(0.0993783250451088, -0.14598751068115234, 0.009087883867323399, 0.8357789516448975, -0.02986164204776287, -0.5482537150382996, 0.029159436002373695, 0.9995248317718506, -0.009989474900066853, 0.5482913851737976, -0.007637804374098778, 0.8362524509429932),
            ["UpperTorso"] = CFrame.new(-1.1641532182693481e-08, 5.960464477539063e-08, -4.190951585769653e-09, 0.9994973540306091, 0.030262384563684464, 0.009448920376598835, -0.03010609559714794, 0.9994142055511475, -0.016277939081192017, -0.009936003014445305, 0.015985403209924698, 0.9998229146003723),
            ["HumanoidRootPart"] = CFrame.new(0, 0, 0, 1, 0, 0, 0, 1, 0, 0, 0, 1),
            ["LeftUpperLeg"] = CFrame.new(0.000025451183319091797, 0.0001256624236702919, 0.0049975160509347916, 0.752608060836792, 0.4471079111099243, 0.4834000766277313, -0.31058862805366516, 0.8883743286132812, -0.3381214141845703, -0.5806167721748352, 0.10433492064476013, 0.8074641823768616),
            ["LeftUpperArm"] = CFrame.new(1.1920928955078125e-07, -0.06523799896240234, 2.9802322387695312e-08, 0.9930431246757507, 0.10762177407741547, 0.04778052493929863, -0.11409956216812134, 0.979741096496582, 0.16458645462989807, -0.02909950353205204, -0.1688932627439499, 0.9852046966552734),
            ["RightLowerArm"] = CFrame.new(-1.1920928955078125e-07, 2.980232238769531e-07, -2.9802322387695312e-08, 1, -0.000012613189028343186, 0.000015944582628435455, -0.00001826966217777226, 0.9024322032928467, -0.43083474040031433, 0.00000895376069820486, 0.43083178997039795, 0.9024308323860168),
            ["LeftHand"] = CFrame.new(1.4901161193847656e-07, -1.1920928955078125e-07, -5.960464477539063e-08, 0.9308071732521057, 0.1807132512331009, -0.3175998032093048, -0.08495805412530899, 0.9523186683654785, 0.29296886920928955, 0.35549989342689514, -0.24582922458648682, 0.901831328868866),
            ["RightFoot"] = CFrame.new(1.862645149230957e-08, 4.76837158203125e-07, -1.3205863069742918e-08, 0.9781589508056641, 0.1580299586057663, 0.13502374291419983, -0.10189540684223175, 0.9307501912117004, -0.351171612739563, -0.1811695545911789, 0.3297434449195862, 0.9265242218971252),
            ["RightHand"] = CFrame.new(1.7881393432617188e-07, -5.960464477539063e-08, -5.960464477539063e-08, 0.8400071859359741, -0.2734619975090027, 0.46857210993766785, 0.22405274212360382, 0.961445152759552, 0.15946996212005615, -0.49415403604507446, -0.029015226289629936, 0.8689128160476685),
            ["RightLowerLeg"] = CFrame.new(3.725290298461914e-08, 2.384185791015625e-07, -8.77116690389812e-08, 1, 2.235172757991677e-08, 3.4645202617866744e-07, 3.9488062952841574e-07, 0.7513092160224915, 0.6599501371383667, 8.940693874137651e-08, -0.6599502563476562, 0.7513094544410706),
            ["RightUpperLeg"] = CFrame.new(-0.0000254213809967041, -0.0001257371623069048, -0.004997557029128075, 0.970482349395752, -0.19708701968193054, -0.1389991194009781, 0.13582372665405273, 0.9229053854942322, -0.36027395725250244, 0.19928860664367676, 0.3307604193687439, 0.9224326014518738),
            ["LeftLowerLeg"] = CFrame.new(-1.2665987014770508e-07, -1.1920928955078125e-07, 1.3224780559539795e-07, 1, 6.332992086299782e-08, -7.450581485102248e-09, -5.215404996761208e-08, 0.7864785194396973, 0.6176176071166992, 2.4214381610931923e-08, -0.6176176071166992, 0.786478579044342),
        }},
        {Time = 0.140, Data = {
            ["LeftFoot"] = CFrame.new(-3.5390257835388184e-08, 0, 7.450580596923828e-09, 0.9579055905342102, -0.2791847884654999, -0.06687763333320618, 0.2415703386068344, 0.9097349047660828, -0.3376779854297638, 0.1551152914762497, 0.30730798840522766, 0.9388828277587891),
            ["LeftLowerArm"] = CFrame.new(8.940696716308594e-08, -2.384185791015625e-07, 8.940696716308594e-08, 1, 0.00001332816100330092, -0.00002901021798606962, 0.000027399251848692074, 0.8260583281517029, -0.5635902881622314, -0.000016454452634206973, 0.5635846853256226, 0.826054573059082),
            ["RightUpperArm"] = CFrame.new(-5.960464477539063e-08, -0.06523799896240234, 8.940696716308594e-08, 0.9896499514579773, -0.09312864392995834, 0.10917871445417404, 0.07286370545625687, 0.9815494418144226, 0.17678096890449524, -0.12362781912088394, -0.16699613630771637, 0.9781761765480042),
            ["Head"] = CFrame.new(-6.984919309616089e-09, 0, 0, 0.8499671816825867, -0.09072466939687729, 0.5189651846885681, 0.006302786525338888, 0.9867414832115173, 0.16217786073684692, -0.5267979502677917, -0.13457490503787994, 0.8392696380615234),
            ["LowerTorso"] = CFrame.new(0.09870989620685577, -0.14605927467346191, 0.009039460681378841, 0.8357461094856262, -0.02944507636129856, -0.5483261942863464, 0.02840433642268181, 0.9995425939559937, -0.010382420383393764, 0.5483809113502502, -0.006897801533341408, 0.8362001776695251),
            ["UpperTorso"] = CFrame.new(1.1408701539039612e-08, 2.384185791015625e-07, 0, 0.9995057582855225, 0.029973646625876427, 0.00947806891053915, -0.029816290363669395, 0.9994217753410339, -0.01634259521961212, -0.00996211264282465, 0.016052013263106346, 0.9998215436935425),
            ["HumanoidRootPart"] = CFrame.new(0, 0, 0, 1, 0, 0, 0, 1, 0, 0, 0, 1),
            ["LeftUpperLeg"] = CFrame.new(0.000025510787963867188, 0.0001255051465705037, 0.004997508600354195, 0.7528917789459229, 0.44604238867759705, 0.4839427173137665, -0.3098497688770294, 0.8889501094818115, -0.3372849225997925, -0.5806438326835632, 0.10398996621370316, 0.8074889183044434),
            ["LeftUpperArm"] = CFrame.new(-1.1920928955078125e-07, -0.06523799896240234, 2.9802322387695312e-08, 0.9931442141532898, 0.10655266046524048, 0.04807562381029129, -0.11313620954751968, 0.9796171188354492, 0.16598370671272278, -0.029409905895590782, -0.1702849268913269, 0.984955906867981),
            ["RightLowerArm"] = CFrame.new(-1.4901161193847656e-07, 3.5762786865234375e-07, 2.9802322387695312e-08, 1, -0.000012613192666321993, 0.000015959480151650496, -0.000018222197468276136, 0.9024322628974915, -0.43083491921424866, 0.000008993810297397431, 0.43083176016807556, 0.9024308323860168),
            ["LeftHand"] = CFrame.new(8.940696716308594e-08, -1.1920928955078125e-07, -5.960464477539063e-08, 0.9307519197463989, 0.18285216391086578, -0.3165363669395447, -0.08772439509630203, 0.9522894024848938, 0.2922493815422058, 0.35497239232063293, -0.24435631930828094, 0.9024384021759033),
            ["RightFoot"] = CFrame.new(2.60770320892334e-08, 4.172325134277344e-07, -1.3205863069742918e-08, 0.9781196713447571, 0.15835516154766083, 0.13492736220359802, -0.10219080001115799, 0.9306274652481079, -0.3514111340045929, -0.1812151074409485, 0.3299334943294525, 0.9264473915100098),
            ["RightHand"] = CFrame.new(1.4901161193847656e-07, 5.960464477539063e-08, -5.960464477539063e-08, 0.8395673632621765, -0.27527379989624023, 0.46829941868782043, 0.22574356198310852, 0.960934579372406, 0.1601615697145462, -0.4941319525241852, -0.028794365003705025, 0.8689326643943787),
