return {
    ["Dia Delicia"] = {
        {Time = 0.000, Data = {
            ["RightFoot"] = CFrame.new(1.4994293451309204e-07, 2.7194619178771973e-07, -2.2351741790771484e-08, 0.9783654808998108, 0.15186433494091034, -0.1404942125082016, -0.1486952006816864, 0.9883373975753784, 0.032851818948984146, 0.1438431441783905, -0.011249908246099949, 0.9895364046096802),
            ["LeftLowerArm"] = CFrame.new(2.2351741790771484e-07, 0, 2.9802322387695312e-08, 0.9999998807907104, 0.0006300732493400574, -0.00012899329885840416, -0.0006435399409383535, 0.976181149482727, -0.21695591509342194, -0.000011142339644720778, 0.2169562429189682, 0.9761814475059509),
            ["RightUpperArm"] = CFrame.new(6.258487701416016e-07, 0.0039055943489074707, 1.862645149230957e-07, 0.9818792939186096, -0.1715938001871109, 0.08043292909860611, 0.16017764806747437, 0.9782710075378418, 0.13163714110851288, -0.1012730821967125, -0.11636795848608017, 0.9880294799804688),
            ["Head"] = CFrame.new(-2.9802322387695312e-08, 0.003905743360519409, -2.930755726993084e-08, 0.7752953767776489, 0.07327920943498611, -0.6273326873779297, -0.05616423487663269, 0.9973107576370239, 0.04708550497889519, 0.6290967464447021, -0.00127158232498914, 0.7773267030715942),
            ["RightHand"] = CFrame.new(-7.82310962677002e-08, -0.00010050833225250244, -1.4156103134155273e-07, 0.9884026050567627, -0.05765668302774429, 0.14048358798027039, 0.0596240796148777, 0.9981727004051208, -0.009824131615459919, -0.13966141641139984, 0.018086733296513557, 0.990034282207489),
            ["UpperTorso"] = CFrame.new(2.0302832126617432e-07, -0.003905653953552246, -1.4901161193847656e-08, 0.9952976703643799, 0.00716727040708065, -0.09659730643033981, -0.017284931614995003, 0.9943938851356506, -0.10431783646345139, 0.09530870616436005, 0.10549690574407578, 0.9898418188095093),
            ["HumanoidRootPart"] = CFrame.new(0, 0, 0, 1, 0, 0, 0, 1, 0, 0, 0, 1),
            ["RightUpperLeg"] = CFrame.new(-5.140900611877441e-07, -1.1920928955078125e-07, 4.470348358154297e-07, 0.9795571565628052, -0.13926786184310913, 0.14516395330429077, 0.154169499874115, 0.9832731485366821, -0.09698493033647537, -0.12922711670398712, 0.11738129705190659, 0.984642744064331),
            ["LeftUpperArm"] = CFrame.new(1.4901161193847656e-08, 0.00390547513961792, -2.4959444999694824e-07, 0.8931199312210083, 0.15603433549404144, -0.4218887686729431, -0.06319373846054077, 0.9721309542655945, 0.22576072812080383, 0.44535747170448303, -0.17497050762176514, 0.878089964389801),
            ["RightLowerArm"] = CFrame.new(-0.0005005449056625366, 0.00010037422180175781, 8.940696716308594e-08, 0.9999998807907104, -0.0006309227901510894, 0.00012374299694783986, 0.0006437886622734368, 0.9778594374656677, -0.20926208794116974, 0.000010896471394516993, 0.20926228165626526, 0.977859616279602),
            ["LeftHand"] = CFrame.new(8.940696716308594e-08, -1.1920928955078125e-07, -8.195638656616211e-08, 0.7758291363716125, 0.08924779295921326, 0.6245978474617004, -0.0880398228764534, 0.9955735206604004, -0.032899416983127594, -0.6247705817222595, -0.029464971274137497, 0.7802532911300659),
            ["LeftFoot"] = CFrame.new(1.0989606380462646e-07, -3.166496753692627e-08, -3.725290298461914e-08, 0.9467951655387878, -0.0830421894788742, 0.3109387457370758, 0.16874949634075165, 0.9507723450660706, -0.2599146366119385, -0.27404874563217163, 0.2985566258430481, 0.914199948310852),
            ["LowerTorso"] = CFrame.new(0.0076124407351017, -0.02214762568473816, 0.007766254246234894, 0.9878052473068237, -0.003925953526049852, -0.15564611554145813, 0.010922287590801716, 0.9989664554595947, 0.044122565537691116, 0.15531134605407715, -0.04528439790010452, 0.98682701587677),
            ["RightLowerLeg"] = CFrame.new(-1.4901161193847656e-08, 2.980232238769531e-07, 2.7939677238464355e-09, 1, 6.7520908864082685e-09, -3.259629011154175e-09, 7.101335519621443e-09, 0.9999956488609314, 0.00294601172208786, -9.31322685637781e-10, -0.002946000313386321, 0.9999957084655762),
            ["LeftUpperLeg"] = CFrame.new(-5.960464477539062e-07, 1.1920928955078125e-07, 1.1175870895385742e-07, 0.9706328511238098, 0.184747576713562, 0.1540815383195877, -0.17204931378364563, 0.9807693362236023, -0.09214247018098831, -0.16813965141773224, 0.06292681396007538, 0.9837523698806763),
            ["LeftLowerLeg"] = CFrame.new(4.44706529378891e-08, 1.1920928955078125e-07, -4.470348358154297e-08, 1, 2.3283067140944524e-10, 4.656613983300417e-10, -3.521563485264778e-08, 0.9443071484565735, 0.32906574010849, 4.3655745685100555e-09, -0.32906559109687805, 0.9443070888519287),
        }},
        {Time = 0.050, Data = {
            ["RightFoot"] = CFrame.new(1.4994293451309204e-07, 2.7194619178771973e-07, -2.2351741790771484e-08, 0.9783654808998108, 0.15186433494091034, -0.1404942125082016, -0.1486952006816864, 0.9883373975753784, 0.032851818948984146, 0.1438431441783905, -0.011249908246099949, 0.9895364046096802),
            ["LeftLowerArm"] = CFrame.new(2.2351741790771484e-07, 0, 2.9802322387695312e-08, 0.9999998807907104, 0.0006300732493400574, -0.00012899329885840416, -0.0006435399409383535, 0.976181149482727, -0.21695591509342194, -0.000011142339644720778, 0.2169562429189682, 0.9761814475059509),
            ["RightUpperArm"] = CFrame.new(6.258487701416016e-07, 0.0039055943489074707, 1.862645149230957e-07, 0.9818792939186096, -0.1715938001871109, 0.08043292909860611, 0.16017764806747437, 0.9782710075378418, 0.13163714110851288, -0.1012730821967125, -0.11636795848608017, 0.9880294799804688),
            ["Head"] = CFrame.new(-2.9802322387695312e-08, 0.003905743360519409, -2.930755726993084e-08, 0.7752953767776489, 0.07327920943498611, -0.6273326873779297, -0.05616423487663269, 0.9973107576370239, 0.04708550497889519, 0.6290967464447021, -0.00127158232498914, 0.7773267030715942),
            ["RightHand"] = CFrame.new(-7.82310962677002e-08, -0.00010050833225250244, -1.4156103134155273e-07, 0.9884026050567627, -0.05765668302774429, 0.14048358798027039, 0.0596240796148777, 0.9981727004051208, -0.009824131615459919, -0.13966141641139984, 0.018086733296513557, 0.990034282207489),
            ["UpperTorso"] = CFrame.new(2.0302832126617432e-07, -0.003905653953552246, -1.4901161193847656e-08, 0.9952976703643799, 0.00716727040708065, -0.09659730643033981, -0.017284931614995003, 0.9943938851356506, -0.10431783646345139, 0.09530870616436005, 0.10549690574407578, 0.9898418188095093),
            ["HumanoidRootPart"] = CFrame.new(0, 0, 0, 1, 0, 0, 0, 1, 0, 0, 0, 1),
            ["RightUpperLeg"] = CFrame.new(-5.140900611877441e-07, -1.1920928955078125e-07, 4.470348358154297e-07, 0.9795571565628052, -0.13926786184310913, 0.14516395330429077, 0.154169499874115, 0.9832731485366821, -0.09698493033647537, -0.12922711670398712, 0.11738129705190659, 0.984642744064331),
            ["LeftUpperArm"] = CFrame.new(1.4901161193847656e-08, 0.00390547513961792, -2.4959444999694824e-07, 0.8931199312210083, 0.15603433549404144, -0.4218887686729431, -0.06319373846054077, 0.9721309542655945, 0.22576072812080383, 0.44535747170448303, -0.17497050762176514, 0.878089964389801),
            ["RightLowerArm"] = CFrame.new(-0.0005005449056625366, 0.00010037422180175781, 8.940696716308594e-08, 0.9999998807907104, -0.0006309227901510894, 0.00012374299694783986, 0.0006437886622734368, 0.9778594374656677, -0.20926208794116974, 0.000010896471394516993, 0.20926228165626526, 0.977859616279602),
            ["LeftHand"] = CFrame.new(8.940696716308594e-08, -1.1920928955078125e-07, -8.195638656616211e-08, 0.7758291363716125, 0.08924779295921326, 0.6245978474617004, -0.0880398228764534, 0.9955735206604004, -0.032899416983127594, -0.6247705817222595, -0.029464971274137497, 0.7802532911300659),
            ["LeftFoot"] = CFrame.new(1.0989606380462646e-07, -3.166496753692627e-08, -3.725290298461914e-08, 0.9467951655387878, -0.0830421894788742, 0.3109387457370758, 0.16874949634075165, 0.9507723450660706, -0.2599146366119385, -0.27404874563217163, 0.2985566258430481, 0.914199948310852),
            ["LowerTorso"] = CFrame.new(0.0076124407351017, -0.02214762568473816, 0.007766254246234894, 0.9878052473068237, -0.003925953526049852, -0.15564611554145813, 0.010922287590801716, 0.9989664554595947, 0.044122565537691116, 0.15531134605407715, -0.04528439790010452, 0.98682701587677),
            ["RightLowerLeg"] = CFrame.new(-1.4901161193847656e-08, 2.980232238769531e-07, 2.7939677238464355e-09, 1, 6.7520908864082685e-09, -3.259629011154175e-09, 7.101335519621443e-09, 0.9999956488609314, 0.00294601172208786, -9.31322685637781e-10, -0.002946000313386321, 0.9999957084655762),
            ["LeftUpperLeg"] = CFrame.new(-5.960464477539062e-07, 1.1920928955078125e-07, 1.1175870895385742e-07, 0.9706328511238098, 0.184747576713562, 0.1540815383195877, -0.17204931378364563, 0.9807693362236023, -0.09214247018098831, -0.16813965141773224, 0.06292681396007538, 0.9837523698806763),
            ["LeftLowerLeg"] = CFrame.new(4.44706529378891e-08, 1.1920928955078125e-07, -4.470348358154297e-08, 1, 2.3283067140944524e-10, 4.656613983300417e-10, -3.521563485264778e-08, 0.9443071484565735, 0.32906574010849, 4.3655745685100555e-09, -0.32906559109687805, 0.9443070888519287),
        }},
        {Time = 0.083, Data = {
            ["RightFoot"] = CFrame.new(1.4994293451309204e-07, 2.7194619178771973e-07, -2.2351741790771484e-08, 0.9783654808998108, 0.15186433494091034, -0.1404942125082016, -0.1486952006816864, 0.9883373975753784, 0.032851818948984146, 0.1438431441783905, -0.011249908246099949, 0.9895364046096802),
            ["LeftLowerArm"] = CFrame.new(2.2351741790771484e-07, 0, 2.9802322387695312e-08, 0.9999998807907104, 0.0006300732493400574, -0.00012899329885840416, -0.0006435399409383535, 0.976181149482727, -0.21695591509342194, -0.000011142339644720778, 0.2169562429189682, 0.9761814475059509),
            ["RightUpperArm"] = CFrame.new(6.258487701416016e-07, 0.0039055943489074707, 1.862645149230957e-07, 0.9818792939186096, -0.1715938001871109, 0.08043292909860611, 0.16017764806747437, 0.9782710075378418, 0.13163714110851288, -0.1012730821967125, -0.11636795848608017, 0.9880294799804688),
            ["Head"] = CFrame.new(-2.9802322387695312e-08, 0.003905743360519409, -2.930755726993084e-08, 0.7752953767776489, 0.07327920943498611, -0.6273326873779297, -0.05616423487663269, 0.9973107576370239, 0.04708550497889519, 0.6290967464447021, -0.00127158232498914, 0.7773267030715942),
            ["RightHand"] = CFrame.new(-7.82310962677002e-08, -0.00010050833225250244, -1.4156103134155273e-07, 0.9884026050567627, -0.05765668302774429, 0.14048358798027039, 0.0596240796148777, 0.9981727004051208, -0.009824131615459919, -0.13966141641139984, 0.018086733296513557, 0.990034282207489),
            ["UpperTorso"] = CFrame.new(2.0302832126617432e-07, -0.003905653953552246, -1.4901161193847656e-08, 0.9952976703643799, 0.00716727040708065, -0.09659730643033981, -0.017284931614995003, 0.9943938851356506, -0.10431783646345139, 0.09530870616436005, 0.10549690574407578, 0.9898418188095093),
            ["HumanoidRootPart"] = CFrame.new(0, 0, 0, 1, 0, 0, 0, 1, 0, 0, 0, 1),
            ["RightUpperLeg"] = CFrame.new(-5.140900611877441e-07, -1.1920928955078125e-07, 4.470348358154297e-07, 0.9795571565628052, -0.13926786184310913, 0.14516395330429077, 0.154169499874115, 0.9832731485366821, -0.09698493033647537, -0.12922711670398712, 0.11738129705190659, 0.984642744064331),
            ["LeftUpperArm"] = CFrame.new(1.4901161193847656e-08, 0.00390547513961792, -2.4959444999694824e-07, 0.8931199312210083, 0.15603433549404144, -0.4218887686729431, -0.06319373846054077, 0.9721309542655945, 0.22576072812080383, 0.44535747170448303, -0.17497050762176514, 0.878089964389801),
            ["RightLowerArm"] = CFrame.new(-0.0005005449056625366, 0.00010037422180175781, 8.940696716308594e-08, 0.9999998807907104, -0.0006309227901510894, 0.00012374299694783986, 0.0006437886622734368, 0.9778594374656677, -0.20926208794116974, 0.000010896471394516993, 0.20926228165626526, 0.977859616279602),
            ["LeftHand"] = CFrame.new(8.940696716308594e-08, -1.1920928955078125e-07, -8.195638656616211e-08, 0.7758291363716125, 0.08924779295921326, 0.6245978474617004, -0.0880398228764534, 0.9955735206604004, -0.032899416983127594, -0.6247705817222595, -0.029464971274137497, 0.7802532911300659),
            ["LeftFoot"] = CFrame.new(1.0989606380462646e-07, -3.166496753692627e-08, -3.725290298461914e-08, 0.9467951655387878, -0.0830421894788742, 0.3109387457370758, 0.16874949634075165, 0.9507723450660706, -0.2599146366119385, -0.27404874563217163, 0.2985566258430481, 0.914199948310852),
            ["LowerTorso"] = CFrame.new(0.0076124407351017, -0.02214762568473816, 0.007766254246234894, 0.9878052473068237, -0.003925953526049852, -0.15564611554145813, 0.010922287590801716, 0.9989664554595947, 0.044122565537691116, 0.15531134605407715, -0.04528439790010452, 0.98682701587677),
            ["RightLowerLeg"] = CFrame.new(-1.4901161193847656e-08, 2.980232238769531e-07, 2.7939677238464355e-09, 1, 6.7520908864082685e-09, -3.259629011154175e-09, 7.101335519621443e-09, 0.9999956488609314, 0.00294601172208786, -9.31322685637781e-10, -0.002946000313386321, 0.9999957084655762),
            ["LeftUpperLeg"] = CFrame.new(-5.960464477539062e-07, 1.1920928955078125e-07, 1.1175870895385742e-07, 0.9706328511238098, 0.184747576713562, 0.1540815383195877, -0.17204931378364563, 0.9807693362236023, -0.09214247018098831, -0.16813965141773224, 0.06292681396007538, 0.9837523698806763),
            ["LeftLowerLeg"] = CFrame.new(4.44706529378891e-08, 1.1920928955078125e-07, -4.470348358154297e-08, 1, 2.3283067140944524e-10, 4.656613983300417e-10, -3.521563485264778e-08, 0.9443071484565735, 0.32906574010849, 4.3655745685100555e-09, -0.32906559109687805, 0.9443070888519287),
        }},
        {Time = 0.133, Data = {
            ["RightFoot"] = CFrame.new(1.4062970876693726e-07, 3.5390257835388184e-07, -7.450580596923828e-09, 0.9782949686050415, 0.16234266757965088, -0.1287788450717926, -0.16002815961837769, 0.9867097735404968, 0.028194831684231758, 0.13164326548576355, -0.006974363699555397, 0.991272509098053),
            ["LeftLowerArm"] = CFrame.new(2.5331974029541016e-07, 5.960464477539063e-08, -1.4901161193847656e-08, 0.9999998211860657, 0.0006297827349044383, -0.00013216193474363536, -0.0006431526853702962, 0.9750159978866577, -0.22213375568389893, -0.000011010094567609485, 0.2221340537071228, 0.9750162363052368),
            ["RightUpperArm"] = CFrame.new(3.2782554626464844e-07, 0.0039061903953552246, 1.434236764907837e-07, 0.9830015897750854, -0.17368096113204956, 0.05952397733926773, 0.16591113805770874, 0.9791634678840637, 0.11709867417812347, -0.07862146198749542, -0.10523242503404617, 0.9913349151611328),
            ["Head"] = CFrame.new(1.4901161193847656e-08, 0.00390625, -1.1362135410308838e-07, 0.6669967770576477, 0.10977248102426529, -0.7369298934936523, -0.09037615358829498, 0.9937036037445068, 0.06622163951396942, 0.73955899477005, 0.022431062534451485, 0.6727177500724792),
            ["RightHand"] = CFrame.new(-7.078051567077637e-08, -0.00009995698928833008, -5.960464477539063e-08, 0.9904549717903137, -0.04614691808819771, 0.12988168001174927, 0.04765012860298157, 0.9988281726837158, -0.008481643162667751, -0.12933868169784546, 0.014589820057153702, 0.991493284702301),
            ["UpperTorso"] = CFrame.new(1.8579885363578796e-07, -0.0039058923721313477, 2.9802322387695312e-08, 0.9945896863937378, 0.009652631357312202, -0.10343137383460999, -0.01980426162481308, 0.9950308203697205, -0.09757836908102036, 0.10197631269693375, 0.09909884631633759, 0.9898386597633362),
            ["HumanoidRootPart"] = CFrame.new(0, 0, 0, 1, 0, 0, 0, 1, 0, 0, 0, 1),
            ["RightUpperLeg"] = CFrame.new(-6.109476089477539e-07, 1.1920928955078125e-07, 3.501772880554199e-07, 0.9760082960128784, -0.15476545691490173, 0.15315236151218414, 0.1703096181154251, 0.9808849096298218, -0.0941263735294342, -0.13565585017204285, 0.11795075982809067, 0.9837095737457275),
            ["LeftUpperArm"] = CFrame.new(8.940696716308594e-08, 0.003906428813934326, -4.284083843231201e-08, 0.8965727686882019, 0.15409322082996368, -0.4152262210845947, -0.0614655464887619, 0.9717420339584351, 0.22790241241455078, 0.4386104643344879, -0.17880938947200775, 0.8807086944580078),
            ["RightLowerArm"] = CFrame.new(-0.0005002021789550781, 0.00009989738464355469, 1.1920928955078125e-07, 0.9999998807907104, -0.0006315801874734461, 0.00012388081813696772, 0.000643165607471019, 0.9778686165809631, -0.20921877026557922, 0.000010896471394516993, 0.20921891927719116, 0.9778688549995422),
            ["LeftHand"] = CFrame.new(1.1920928955078125e-07, 1.043081283569336e-07, -1.043081283569336e-07, 0.7741497159004211, 0.08837179839611053, 0.6268025040626526, -0.08276612311601639, 0.995837390422821, -0.03817852959036827, -0.6275683641433716, -0.02232207916676998, 0.778242290019989),
            ["LeftFoot"] = CFrame.new(7.450580596923828e-09, 6.146728992462158e-08, -1.4901161193847656e-08, 0.9477935433387756, -0.09036785364151001, 0.3058120608329773, 0.17792367935180664, 0.9457127451896667, -0.2719758152961731, -0.26463279128074646, 0.31218773126602173, 0.9124189615249634),
            ["LowerTorso"] = CFrame.new(0.010221492499113083, -0.025042980909347534, 0.008220940828323364, 0.9865230321884155, -0.004293546546250582, -0.1635664403438568, 0.012018823064863682, 0.9988566637039185, 0.046271808445453644, 0.1631801575422287, -0.04761398956179619, 0.985446572303772),
            ["RightLowerLeg"] = CFrame.new(-1.2200325727462769e-07, 1.7881393432617188e-07, 3.725290298461914e-09, 1, 1.8277214408612963e-08, 1.3969840839678227e-09, 3.230525891240177e-08, 0.9999971389770508, 0.0024295055773109198, -1.862645593320167e-09, -0.002429519547149539, 0.999997079372406),
            ["LeftUpperLeg"] = CFrame.new(-4.470348358154297e-07, 3.5762786865234375e-07, 1.862645149230957e-08, 0.9659017324447632, 0.2026561051607132, 0.16113746166229248, -0.19217205047607422, 0.9782288670539856, -0.07834447175264359, -0.1735047847032547, 0.04470696672797203, 0.983817458152771),
            ["LeftLowerLeg"] = CFrame.new(1.5972182154655457e-07, 5.960464477539063e-08, -9.685754776000977e-08, 1, 5.017501081283626e-08, 1.1175870895385742e-08, -3.119930624961853e-08, 0.9438535571098328, 0.3303646445274353, 5.3551048040390015e-09, -0.33036428689956665, 0.9438533782958984),
        }},
        {Time = 0.167, Data = {
            ["RightFoot"] = CFrame.new(1.6205012798309326e-07, 2.7194619178771973e-07, 0, 0.9780879616737366, 0.16650445759296417, -0.12498199194669724, -0.1642252802848816, 0.9860141277313232, 0.02839968539774418, 0.12796132266521454, -0.007251834496855736, 0.9917524456977844),
            ["LeftLowerArm"] = CFrame.new(1.1920928955078125e-07, -4.172325134277344e-07, 2.682209014892578e-07, 0.9999998807907104, 0.0006292928592301905, -0.000134512985823676, -0.000643148785457015, 0.9742258787155151, -0.22557443380355835, -0.000010963525710394606, 0.22557418048381805, 0.9742259979248047),
            ["RightUpperArm"] = CFrame.new(6.258487701416016e-07, 0.003906041383743286, 1.8812716007232666e-07, 0.9838810563087463, -0.17399436235427856, 0.041286952793598175, 0.16899403929710388, 0.9801693558692932, 0.10348311066627502, -0.05847351998090744, -0.09483755379915237, 0.9937739372253418),
            ["Head"] = CFrame.new(5.21540641784668e-08, 0.0039058923721313477, 8.754432201385498e-08, 0.5934808850288391, 0.13782280683517456, -0.7929599285125732, -0.11875778436660767, 0.9894405603408813, 0.08308988064527512, 0.7960383892059326, 0.04485803842544556, 0.6035814881324768),
            ["RightHand"] = CFrame.new(6.705522537231445e-08, -0.00009994208812713623, -7.450580596923828e-08, 0.9927152395248413, -0.039915844798088074, 0.11368007957935333, 0.0412326417863369, 0.999106764793396, -0.009250148199498653, -0.11320962756872177, 0.01387031003832817, 0.9934744238853455),
            ["UpperTorso"] = CFrame.new(2.086162567138672e-07, -0.003905773162841797, -1.7881393432617188e-07, 0.9937726855278015, 0.011775286868214607, -0.11080259084701538, -0.02193206548690796, 0.995618462562561, -0.09090117365121841, 0.10924728959798813, 0.0927649512887001, 0.9896765947341919),
            ["HumanoidRootPart"] = CFrame.new(0, 0, 0, 1, 0, 0, 0, 1, 0, 0, 0, 1),
            ["RightUpperLeg"] = CFrame.new(-6.854534149169922e-07, 2.980232238769531e-07, 4.917383193969727e-07, 0.9746446013450623, -0.15653543174266815, 0.15988993644714355, 0.17327947914600372, 0.9801134467124939, -0.09670718759298325, -0.14157040417194366, 0.1219598576426506, 0.9823862910270691),
            ["LeftUpperArm"] = CFrame.new(7.450580596923828e-08, 0.00390663743019104, -2.1606683731079102e-07, 0.9001228213310242, 0.15223966538906097, -0.40816929936408997, -0.06023330241441727, 0.9714428782463074, 0.22950191795825958, 0.4314521849155426, -0.18199433386325836, 0.8835873603820801),
            ["RightLowerArm"] = CFrame.new(-0.0005003511905670166, 0.00010004639625549316, 1.7881393432617188e-07, 0.9999998807907104, -0.0006308892625384033, 0.00012523682380560786, 0.0006435567629523575, 0.9773910045623779, -0.21143916249275208, 0.00001093838091037469, 0.2114391177892685, 0.977391242980957),
            ["LeftHand"] = CFrame.new(-2.9802322387695312e-08, 4.470348358154297e-08, -1.4901161193847656e-08, 0.7777564525604248, 0.08471553027629852, 0.6228305101394653, -0.07203379273414612, 0.996360719203949, -0.04556954652070999, -0.6244246363639832, -0.009422816336154938, 0.7810285687446594),
            ["LeftFoot"] = CFrame.new(1.73225998878479e-07, -5.587935447692871e-09, 5.21540641784668e-08, 0.9477983713150024, -0.09193466603755951, 0.30532941222190857, 0.17980647087097168, 0.9448723793029785, -0.2736528813838959, -0.2633397877216339, 0.31426769495010376, 0.9120789170265198),
            ["LowerTorso"] = CFrame.new(0.012269667349755764, -0.025450557470321655, 0.008941009640693665, 0.9854111671447754, -0.004143336322158575, -0.17014117538928986, 0.012534131295979023, 0.9987555146217346, 0.048274192959070206, 0.16972874104976654, -0.04970235750079155, 0.9842365384101868),
            ["RightLowerLeg"] = CFrame.new(-4.6798959374427795e-08, 5.066394805908203e-07, -1.1175870895385742e-08, 1, -2.9685913727206525e-09, 1.862645371275562e-09, -1.862645371275562e-09, 0.9999976754188538, 0.0021807285957038403, 9.31322685637781e-10, -0.002180718816816807, 0.999997615814209),
            ["LeftUpperLeg"] = CFrame.new(-4.0978193283081055e-07, 4.172325134277344e-07, 7.450580596923828e-08, 0.9637558460235596, 0.20782063901424408, 0.16729094088077545, -0.1974533498287201, 0.9773172736167908, -0.07656953483819962, -0.17940711975097656, 0.04076210409402847, 0.9829297661781311),
            ["LeftLowerLeg"] = CFrame.new(-3.119930624961853e-08, -2.086162567138672e-07, -1.1920928955078125e-07, 1, 1.2631062418222427e-08, 1.862645149230957e-09, -8.374627213925123e-09, 0.943983793258667, 0.32999229431152344, 4.889443516731262e-09, -0.32999181747436523, 0.9439836740493774),
        }},
        {Time = 0.217, Data = {
            ["RightFoot"] = CFrame.new(1.8998980522155762e-07, 4.5821070671081543e-07, -2.2351741790771484e-08, 0.9777869582176208, 0.1689222902059555, -0.12408927083015442, -0.16658397018909454, 0.9855989217758179, 0.02906503714621067, 0.12721052765846252, -0.0077477977611124516, 0.9918453693389893),
            ["LeftLowerArm"] = CFrame.new(2.980232238769531e-07, 5.960464477539063e-08, 1.6391277313232422e-07, 0.9999998807907104, 0.0006289373268373311, -0.00013595441123470664, -0.0006431934889405966, 0.9737150073051453, -0.22776928544044495, -0.000011179592547705397, 0.2277689129114151, 0.9737151861190796),
            ["RightUpperArm"] = CFrame.new(5.066394805908203e-07, 0.003906577825546265, 8.381903171539307e-08, 0.9844909310340881, -0.1734682321548462, 0.02620880864560604, 0.17042702436447144, 0.9810941219329834, 0.09169740974903107, -0.0416199155151844, -0.08580827713012695, 0.9954419732093811),
            ["Head"] = CFrame.new(2.9802322387695312e-08, 0.003906428813934326, 1.862645149230957e-08, 0.5543102622032166, 0.157251238822937, -0.8173201084136963, -0.14211878180503845, 0.9854509234428406, 0.09321371465921402, 0.8200869560241699, 0.0644872635602951, 0.5685938596725464),
            ["RightHand"] = CFrame.new(-2.905726432800293e-07, -0.00010022521018981934, -8.195638656616211e-08, 0.9948580861091614, -0.038253303617239, 0.09377702325582504, 0.03978612273931503, 0.9991028308868408, -0.014519089832901955, -0.09313789010047913, 0.018175607547163963, 0.9954873323440552),
            ["UpperTorso"] = CFrame.new(2.1047890186309814e-07, -0.003905773162841797, -1.6391277313232422e-07, 0.9930868148803711, 0.012932676821947098, -0.11666737496852875, -0.022808417677879333, 0.9962285161018372, -0.08371758460998535, 0.11514538526535034, 0.08579954504966736, 0.9896363615989685),
            ["HumanoidRootPart"] = CFrame.new(0, 0, 0, 1, 0, 0, 0, 1, 0, 0, 0, 1),
            ["RightUpperLeg"] = CFrame.new(-6.034970283508301e-07, -1.7881393432617188e-07, 4.6193599700927734e-07, 0.9740704894065857, -0.15582025051116943, 0.164033904671669, 0.17340201139450073, 0.9798744320869446, -0.0988861545920372, -0.14532236754894257, 0.12476497888565063, 0.9814857840538025),
            ["LeftUpperArm"] = CFrame.new(1.043081283569336e-07, 0.0039067864418029785, -1.9185245037078857e-07, 0.9032264351844788, 0.15109507739543915, -0.4016871452331543, -0.05983758717775345, 0.9711694717407227, 0.23075920343399048, 0.4249723255634308, -0.18439175188541412, 0.8862267136573792),
            ["RightLowerArm"] = CFrame.new(-0.0005002319812774658, 0.00010016560554504395, 1.1920928955078125e-07, 0.9999998807907104, -0.000630631810054183, 0.000127380684716627, 0.0006433533853851259, 0.9766697883605957, -0.21474578976631165, 0.000010808920706040226, 0.21474571526050568, 0.97666996717453),
            ["LeftHand"] = CFrame.new(-5.960464477539063e-08, -4.470348358154297e-07, 8.568167686462402e-08, 0.7858725786209106, 0.0803707167506218, 0.6131434440612793, -0.0584619902074337, 0.9967334866523743, -0.05571916699409485, -0.6156187653541565, 0.007942409254610538, 0.7880041599273682),
            ["LeftFoot"] = CFrame.new(1.0803341865539551e-07, -9.313225746154785e-09, -2.9802322387695312e-08, 0.9475699663162231, -0.09360215812921524, 0.3055318295955658, 0.1807052493095398, 0.9455324411392212, -0.27076560258865356, -0.26354679465293884, 0.3117803931236267, 0.9128725528717041),
            ["LowerTorso"] = CFrame.new(0.014071636833250523, -0.025158405303955078, 0.009589903056621552, 0.984700083732605, -0.0036666984669864178, -0.1742197424173355, 0.012468702159821987, 0.9986984729766846, 0.04945673048496246, 0.17381098866462708, -0.050872184336185455, 0.9834640622138977),
            ["RightLowerLeg"] = CFrame.new(8.777715265750885e-08, 5.066394805908203e-07, -7.450580596923828e-09, 1, -2.887100691850719e-08, 9.31322685637781e-10, -8.9639806688524e-09, 0.9999978542327881, 0.0020720360334962606, -9.31322685637781e-10, -0.0020720234606415033, 0.9999978542327881),
            ["LeftUpperLeg"] = CFrame.new(-6.556510925292969e-07, -5.960464477539063e-08, 1.1175870895385742e-07, 0.9625874757766724, 0.20940668880939484, 0.17197465896606445, -0.1989295780658722, 0.9770434498786926, -0.07624223828315735, -0.18399043381214142, 0.03917883336544037, 0.9821465611457825),
            ["LeftLowerLeg"] = CFrame.new(6.845220923423767e-08, -5.960464477539063e-08, -4.470348358154297e-08, 1, 3.23634559151742e-08, 1.7229464077672674e-08, -2.8834620025008917e-08, 0.9451470375061035, 0.3266453146934509, 4.190951585769653e-09, -0.326645165681839, 0.9451470375061035),
        }},
        {Time = 0.250, Data = {
            ["RightFoot"] = CFrame.new(1.2293457984924316e-07, 3.2782554626464844e-07, 0, 0.9774909019470215, 0.1705668866634369, -0.12417138367891312, -0.16829445958137512, 0.9853205680847168, 0.028649944812059402, 0.1272338628768921, -0.007107400801032782, 0.9918470978736877),
            ["LeftLowerArm"] = CFrame.new(0.000001043081283569336, 0, 7.450580596923828e-08, 0.9999998807907104, 0.0006281140958890319, -0.00013671825581695884, -0.0006438493728637695, 0.9733531475067139, -0.22931087017059326, -0.000011010095477104187, 0.22931073606014252, 0.9733532071113586),
            ["RightUpperArm"] = CFrame.new(9.834766387939453e-07, 0.003904968500137329, 7.078051567077637e-08, 0.984892725944519, -0.17254464328289032, 0.01468740776181221, 0.1707930564880371, 0.981890082359314, 0.0819801315665245, -0.0285663865506649, -0.07823251187801361, 0.9965258240699768),
            ["Head"] = CFrame.new(-4.470348358154297e-08, 0.0039058029651641846, 8.195638656616211e-08, 0.5319570302963257, 0.17106403410434723, -0.829312264919281, -0.1606607884168625, 0.981981635093689, 0.09950079023838043, 0.8313904404640198, 0.08030793815851212, 0.5498552918434143),
            ["RightHand"] = CFrame.new(-3.166496753692627e-07, -0.00010003149509429932, 2.2351741790771484e-08, 0.9965779781341553, -0.03896449878811836, 0.07289789617061615, 0.040831536054611206, 0.9988710284233093, -0.024281447753310204, -0.0718698725104332, 0.027175091207027435, 0.9970438480377197),
            ["UpperTorso"] = CFrame.new(2.1420419216156006e-07, -0.0039055347442626953, -2.0489096641540527e-07, 0.9926494359970093, 0.012341589666903019, -0.12039406597614288, -0.021693727001547813, 0.9968196153640747, -0.07668311148881912, 0.11906574666500092, 0.07873089611530304, 0.9897601008415222),
            ["HumanoidRootPart"] = CFrame.new(0, 0, 0, 1, 0, 0, 0, 1, 0, 0, 0, 1),
            ["RightUpperLeg"] = CFrame.new(-6.780028343200684e-07, 2.384185791015625e-07, 4.6938657760620117e-07, 0.9737964868545532, -0.15560069680213928, 0.1658589243888855, 0.17346228659152985, 0.9798317551612854, -0.09920212626457214, -0.14707596600055695, 0.1253720223903656, 0.9811472296714783),
            ["LeftUpperArm"] = CFrame.new(-4.023313522338867e-07, 0.0039058327674865723, -3.995373845100403e-07, 0.9062196016311646, 0.1510346233844757, -0.39491158723831177, -0.0603543296456337, 0.9706659913063049, 0.23273374140262604, 0.4184774160385132, -0.18707236647605896, 0.8887518048286438),
            ["RightLowerArm"] = CFrame.new(-0.0005006194114685059, 0.0000997781753540039, 4.023313522338867e-07, 0.9999998807907104, -0.000629788264632225, 0.00012823560973629355, 0.000644054205622524, 0.9763323664665222, -0.2162751704454422, 0.000010957940503431018, 0.21627487242221832, 0.976332426071167),
            ["LeftHand"] = CFrame.new(-7.450580596923828e-08, -1.043081283569336e-07, 5.587935447692871e-08, 0.796279788017273, 0.07659611850976944, 0.6000590920448303, -0.045572999864816666, 0.9967281818389893, -0.06675431877374649, -0.6032094359397888, 0.025808628648519516, 0.7971656322479248),
            ["LeftFoot"] = CFrame.new(1.1175870895385742e-08, 1.1548399925231934e-07, -7.450580596923828e-09, 0.9471139907836914, -0.0973208025097847, 0.3057834208011627, 0.18253354728221893, 0.9471115469932556, -0.26393428444862366, -0.2639254331588745, 0.30579131841659546, 0.9147870540618896),
            ["LowerTorso"] = CFrame.new(0.015624670311808586, -0.02465003728866577, 0.009971756488084793, 0.9845014810562134, -0.00294906971976161, -0.17535248398780823, 0.011875687167048454, 0.9986846446990967, 0.04988108202815056, 0.1749739646911621, -0.05119027942419052, 0.9832412600517273),
            ["RightLowerLeg"] = CFrame.new(-1.5762634575366974e-07, 5.960464477539062e-07, -3.3527612686157227e-08, 1, 2.6833738786535832e-08, 2.7939677238464355e-09, 2.5669578462839127e-08, 0.9999979138374329, 0.002041581552475691, -9.313225746154785e-10, -0.0020415668841451406, 0.9999979138374329),
            ["LeftUpperLeg"] = CFrame.new(-3.7997961044311523e-07, 5.364418029785156e-07, 5.960464477539063e-08, 0.9619181156158447, 0.20957575738430023, 0.1754780262708664, -0.19952403008937836, 0.9771483540534973, -0.07328839600086212, -0.18682551383972168, 0.035485293716192245, 0.9817516207695007),
            ["LeftLowerLeg"] = CFrame.new(4.377216100692749e-08, -2.086162567138672e-07, -1.1175870895385742e-07, 1, 3.2247037040633586e-08, 2.7939670577126208e-09, -2.61643435806036e-08, 0.9482430219650269, 0.3175458014011383, 4.540197551250458e-09, -0.31754544377326965, 0.9482429027557373),
        }},
        {Time = 0.300, Data = {
            ["RightFoot"] = CFrame.new(1.671724021434784e-07, 1.6763806343078613e-07, 1.4901161193847656e-08, 0.9773617386817932, 0.17118597030639648, -0.12433652579784393, -0.16917377710342407, 0.9852259755134583, 0.026650885120034218, 0.12706030905246735, -0.005012869369238615, 0.9918821454048157),
            ["LeftLowerArm"] = CFrame.new(1.9371509552001953e-07, -2.682209014892578e-07, 5.960464477539063e-08, 0.9999998807907104, 0.0006286986172199249, -0.0001370441896142438, -0.0006431862711906433, 0.9732346534729004, -0.22981272637844086, -0.000010948628187179565, 0.22981280088424683, 0.9732348322868347),
            ["RightUpperArm"] = CFrame.new(5.513429641723633e-07, 0.0039061009883880615, 2.5331974029541016e-07, 0.9851851463317871, -0.17136499285697937, 0.006685613188892603, 0.17040030658245087, 0.9825537204742432, 0.07450826466083527, -0.019336815923452377, -0.07226505130529404, 0.9971980452537537),
            ["Head"] = CFrame.new(5.960464477539063e-08, 0.0039061307907104492, 7.450580596923828e-08, 0.514265775680542, 0.18093691766262054, -0.838327169418335, -0.1730702668428421, 0.9792762398719788, 0.10518918186426163, 0.8399865031242371, 0.09099447727203369, 0.5349231362342834),
            ["RightHand"] = CFrame.new(1.564621925354004e-07, -0.00009979307651519775, -5.960464477539063e-08, 0.9977689385414124, -0.03999434411525726, 0.053457655012607574, 0.04188938066363335, 0.9985159039497375, -0.03480392321944237, -0.051986753940582275, 0.03696601837873459, 0.9979633688926697),
            ["UpperTorso"] = CFrame.new(1.9837170839309692e-07, -0.003906071186065674, -1.6763806343078613e-07, 0.9924378395080566, 0.010251468047499657, -0.1223185658454895, -0.01906302571296692, 0.9972878694534302, -0.07108873128890991, 0.12125887721776962, 0.07288262248039246, 0.9899417161941528),
            ["HumanoidRootPart"] = CFrame.new(0, 0, 0, 1, 0, 0, 0, 1, 0, 0, 0, 1),
            ["RightUpperLeg"] = CFrame.new(-8.270144462585449e-07, -2.384185791015625e-07, 4.842877388000488e-07, 0.973642885684967, -0.15589158236980438, 0.1664867252111435, 0.17366079986095428, 0.9799137115478516, -0.0980394035577774, -0.14785689115524292, 0.12436671555042267, 0.9811577200889587),
            ["LeftUpperArm"] = CFrame.new(-2.9802322387695312e-08, 0.003906667232513428, -1.3969838619232178e-07, 0.9099087119102478, 0.1515197455883026, -0.3861452043056488, -0.06148834899067879, 0.9698827862739563, 0.23568356037139893, 0.41022589802742004, -0.19070707261562347, 0.8918212056159973),
            ["RightLowerArm"] = CFrame.new(-0.0005003809928894043, 0.00009995698928833008, 1.9371509552001953e-07, 0.9999998807907104, -0.0006304996204562485, 0.00012725775013677776, 0.0006435790564864874, 0.9767012596130371, -0.2146025151014328, 0.000010920684871962294, 0.2146024852991104, 0.9767014980316162),
            ["LeftHand"] = CFrame.new(-2.3096799850463867e-07, -1.4901161193847656e-07, 9.685754776000977e-08, 0.8062740564346313, 0.07360252737998962, 0.5869451761245728, -0.036253463476896286, 0.9965121746063232, -0.07516096532344818, -0.5904303193092346, 0.03932161629199982, 0.8061304092407227),
            ["LeftFoot"] = CFrame.new(1.2665987014770508e-07, 5.029141902923584e-08, -5.960464477539063e-08, 0.9463474154472351, -0.10273142158985138, 0.3063863515853882, 0.18540023267269135, 0.949161171913147, -0.2544007897377014, -0.2646760046482086, 0.2975555956363678, 0.91728276014328),
            ["LowerTorso"] = CFrame.new(0.016807377338409424, -0.024042636156082153, 0.009964805096387863, 0.984710693359375, -0.002241153735667467, -0.17418432235717773, 0.01112397387623787, 0.9986854195594788, 0.05003904551267624, 0.1738424152135849, -0.051211532205343246, 0.9834409356117249),
            ["RightLowerLeg"] = CFrame.new(4.7497451305389404e-08, 4.76837158203125e-07, -1.1175870895385742e-08, 1, 3.9755846614752954e-08, 1.862645593320167e-09, 4.889443960820472e-09, 0.9999979138374329, 0.0020815925672650337, -2.7939681679356454e-09, -0.0020815948955714703, 0.9999979138374329),
            ["LeftUpperLeg"] = CFrame.new(-5.066394805908203e-07, 5.960464477539063e-08, -3.725290298461914e-08, 0.9615325331687927, 0.20901335775852203, 0.1782410442829132, -0.19984808564186096, 0.9774565100669861, -0.06811302900314331, -0.18845705687999725, 0.029871925711631775, 0.9816266298294067),
            ["LeftLowerLeg"] = CFrame.new(-7.450580596923828e-09, -2.384185791015625e-07, 5.960464477539063e-08, 1, 3.608875331906347e-08, 1.6763808119435453e-08, -4.417961463332176e-08, 0.9527274370193481, 0.30382654070854187, 6.51925802230835e-09, -0.3038266599178314, 0.9527273774147034),
        }},
        {Time = 0.333, Data = {
            ["RightFoot"] = CFrame.new(2.0302832126617432e-07, 3.166496753692627e-07, -7.450580596923828e-09, 0.9774360060691833, 0.17089636623859406, -0.12415086477994919, -0.1693381518125534, 0.9852877855300903, 0.02308148704469204, 0.1262674331665039, -0.0015366533771157265, 0.9919948577880859),
            ["LeftLowerArm"] = CFrame.new(5.066394805908203e-07, 1.1920928955078125e-07, 1.4901161193847656e-07, 0.9999998807907104, 0.000628664914984256, -0.00013682563439942896, -0.0006433201488107443, 0.9734389781951904, -0.22894598543643951, -0.000010935586033156142, 0.2289460450410843, 0.97343909740448),
            ["RightUpperArm"] = CFrame.new(5.364418029785156e-07, 0.003905743360519409, 1.7881393432617188e-07, 0.9853392839431763, -0.17060287296772003, 0.001366227283142507, 0.1700986623764038, 0.9829927086830139, 0.0692184716463089, -0.013151660561561584, -0.06797116994857788, 0.9976006150245667),
            ["Head"] = CFrame.new(2.2351741790771484e-08, 0.0039060115814208984, 2.2351741790771484e-08, 0.5008711218833923, 0.18701806664466858, -0.8450754880905151, -0.1801229566335678, 0.9775223135948181, 0.10957120358943939, 0.8465718030929565, 0.09733647108078003, 0.5232988595962524),
            ["RightHand"] = CFrame.new(-1.9371509552001953e-07, -0.00009986758232116699, -1.1175870895385742e-07, 0.9984953999519348, -0.04057765752077103, 0.03688358515501022, 0.042079683393239975, 0.9982777237892151, -0.04087713733315468, -0.03516160324215889, 0.04236782342195511, 0.9984832406044006),
            ["UpperTorso"] = CFrame.new(1.9231811165809631e-07, -0.0039052963256835938, -1.825392246246338e-07, 0.992396354675293, 0.007829487323760986, -0.12283360958099365, -0.016153832897543907, 0.9976274967193604, -0.06692280620336533, 0.12201879173517227, 0.0683978721499443, 0.9901682734489441),
            ["HumanoidRootPart"] = CFrame.new(0, 0, 0, 1, 0, 0, 0, 1, 0, 0, 0, 1),
            ["RightUpperLeg"] = CFrame.new(-6.48200511932373e-07, 1.7881393432617188e-07, 6.854534149169922e-07, 0.9735649824142456, -0.15624989569187164, 0.16660581529140472, 0.17367810010910034, 0.980145275592804, -0.09566555917263031, -0.14834828674793243, 0.12207114696502686, 0.9813717603683472),
            ["LeftUpperArm"] = CFrame.new(2.2351741790771484e-07, 0.0039058029651641846, -2.3748725652694702e-07, 0.9144167304039001, 0.15167136490345, -0.3752835690975189, -0.06289365142583847, 0.969122052192688, 0.23842614889144897, 0.39985814690589905, -0.19441770017147064, 0.8957205414772034),
            ["RightLowerArm"] = CFrame.new(-0.0005004703998565674, 0.00010016560554504395, 8.940696716308594e-08, 0.9999998211860657, -0.0006308723823167384, 0.0001251530193258077, 0.0006436555995605886, 0.9773958325386047, -0.2114170640707016, 0.000010925344213319477, 0.21141712367534637, 0.9773960113525391),
