return {
    ["Dimensional"] = {
        {Time = 0.000, Data = {
            ["RightFoot"] = CFrame.new(1.7927959561347961e-07, -5.960464477539063e-08, 5.3849362302571535e-08, 0.9874281883239746, -0.1554831862449646, -0.028469346463680267, 0.12302133440971375, 0.869022011756897, -0.4792354106903076, 0.09925337135791779, 0.46970826387405396, 0.8772245645523071),
            ["LeftLowerArm"] = CFrame.new(0.0000011324882507324219, -2.980232238769531e-07, 0.000004678964614868164, 1, 1.341104507446289e-07, 2.980232949312267e-08, -1.0430815677864302e-07, 0.8452736139297485, -0.5343338251113892, -1.0430815677864302e-07, 0.5343337059020996, 0.8452736139297485),
            ["RightUpperArm"] = CFrame.new(0.02016526460647583, -0.022510647773742676, -0.16194480657577515, 0.4187066853046417, -0.3111383318901062, 0.8531574606895447, 0.7316554188728333, 0.6720789074897766, -0.11397603154182434, -0.5379266738891602, 0.6719397306442261, 0.5090499520301819),
            ["Head"] = CFrame.new(1.7695128917694092e-08, -8.344650268554688e-07, -6.076879799365997e-08, 0.6276803612709045, -0.016043171286582947, -0.7783060073852539, -0.2783606946468353, 0.9290612936019897, -0.24364015460014343, 0.7270026206970215, 0.3695780038833618, 0.5786874890327454),
            ["RightHand"] = CFrame.new(5.960464477539063e-08, 0.0000010132789611816406, -0.0000011175870895385742, 0.918796956539154, 0.3944292664527893, 0.015405962243676186, -0.38145577907562256, 0.8972578644752502, -0.2223067432641983, -0.10150755941867828, 0.19837801158428192, 0.9748550653457642),
            ["UpperTorso"] = CFrame.new(-3.771856427192688e-08, -1.1920928955078125e-07, -1.0081566870212555e-07, 0.9053782820701599, 0.0055107069201767445, 0.4245699644088745, -0.24267175793647766, 0.8272328972816467, 0.5067504644393921, -0.348425954580307, -0.5618322491645813, 0.7502961754798889),
            ["HumanoidRootPart"] = CFrame.new(0, 0, 0, 1, 0, 0, 0, 1, 0, 0, 0, 1),
            ["RightUpperLeg"] = CFrame.new(-8.940696716308594e-08, -3.948807716369629e-07, 2.2519088815897703e-08, 0.9266105890274048, -0.21739204227924347, -0.30681195855140686, -0.02791745588183403, 0.7739155888557434, -0.6326730847358704, 0.3749847412109375, 0.5948070287704468, 0.7110493779182434),
            ["LeftUpperArm"] = CFrame.new(0.08361238241195679, 0.04425334930419922, -0.17146891355514526, 0.5869061350822449, 0.2666790187358856, -0.7644761204719543, -0.4041486978530884, 0.9146509766578674, 0.008791672065854073, 0.7015733122825623, 0.30380234122276306, 0.6445922255516052),
            ["RightLowerArm"] = CFrame.new(1.7881393432617188e-07, 9.5367431640625e-07, -0.0000037848949432373047, 1, 0.00000162422679750307, 0.00001946092197613325, 0.00001901388168334961, -0.3028862178325653, -0.9530267715454102, 0.000004433095455169678, 0.9530267715454102, -0.3028861880302429),
            ["LeftHand"] = CFrame.new(-0.0000012740492820739746, -0.0000013113021850585938, 2.905726432800293e-07, 0.7552948594093323, -0.5739930272102356, -0.3163243532180786, 0.6226853132247925, 0.7790442705154419, 0.07316820323467255, 0.2044328898191452, -0.2522341310977936, 0.9458252787590027),
            ["LeftFoot"] = CFrame.new(-7.636845111846924e-08, -1.1920928955078125e-07, -1.4901161193847656e-08, 0.9675983786582947, -0.216891348361969, 0.12927378714084625, 0.2518428862094879, 0.8657782673835754, -0.4324389696121216, -0.018130222335457802, 0.45098358392715454, 0.8923479318618774),
            ["LowerTorso"] = CFrame.new(-0.07824898511171341, -0.27337658405303955, 0.33351683616638184, 0.7763587236404419, 0.185568168759346, 0.6023551821708679, -0.021967893466353416, 0.9630632400512695, -0.26837801933288574, -0.629908561706543, 0.19512513279914856, 0.7517589330673218),
            ["RightLowerLeg"] = CFrame.new(-7.916241884231567e-08, -0.000726163387298584, 0.00004592201003106311, 1, 9.499491682163352e-08, 1.8998984785412176e-07, -4.4703497792397684e-08, -0.6702980399131775, 0.7420918345451355, 1.2665991278026922e-07, -0.7420920133590698, -0.6702983975410461),
            ["LeftUpperLeg"] = CFrame.new(-2.9802322387695312e-08, -3.7997961044311523e-07, -8.940696716308594e-08, 0.9843575358390808, 0.008596514351665974, -0.17597301304340363, -0.05868051201105118, 0.9577776193618774, -0.2814579904079437, 0.1661234200000763, 0.2873817980289459, 0.9433000087738037),
            ["LeftLowerLeg"] = CFrame.new(4.470348358154297e-08, -0.0007265806198120117, 0.00008097290992736816, 1, 7.450583261459087e-09, 2.2351741790771484e-08, -8.195639367158947e-08, 0.5146136283874512, 0.8574224710464478, 1.0430814256778831e-07, -0.8574222922325134, 0.5146132707595825),
        }},
        {Time = 0.033, Data = {
            ["RightFoot"] = CFrame.new(2.0116567611694336e-07, 5.960464477539063e-08, 1.9168510334566236e-07, 0.9904661774635315, 0.051083363592624664, -0.1279350370168686, -0.09453349560499191, 0.9275658130645752, -0.36150407791137695, 0.10020142048597336, 0.3701515197753906, 0.9235514998435974),
            ["LeftLowerArm"] = CFrame.new(0.0000014901161193847656, -5.960464477539062e-07, 0.00000521540641784668, 1, 1.2293456563838845e-07, 1.4901161193847656e-08, -8.568166975919667e-08, 0.8130946755409241, -0.5821315050125122, -1.1175869474300271e-07, 0.582131564617157, 0.8130946755409241),
            ["RightUpperArm"] = CFrame.new(0.008901774883270264, -0.023740172386169434, -0.1535281091928482, 0.37831175327301025, -0.3112786114215851, 0.8717718124389648, 0.7578365206718445, 0.644954264163971, -0.09857867658138275, -0.5315675735473633, 0.6979538798332214, 0.47989174723625183),
            ["Head"] = CFrame.new(1.1175870895385742e-08, -8.344650268554688e-07, -2.0489096641540527e-08, 0.6498955488204956, 0.024826882407069206, -0.7596180438995361, -0.3117145597934723, 0.9202439785003662, -0.236612468957901, 0.6931594014167786, 0.39055708050727844, 0.6058011651039124),
            ["RightHand"] = CFrame.new(2.086162567138672e-07, 8.940696716308594e-07, -9.834766387939453e-07, 0.9008716940879822, 0.42845508456230164, 0.06968457251787186, -0.398642897605896, 0.8801202774047852, -0.2578229010105133, -0.17179647088050842, 0.20448610186576843, 0.9636759757995605),
            ["UpperTorso"] = CFrame.new(-5.029141902923584e-08, 0, 7.636845111846924e-08, 0.9103003740310669, 0.01675017736852169, 0.41360968351364136, -0.22494930028915405, 0.8587881326675415, 0.4603053331375122, -0.347492516040802, -0.5120570659637451, 0.7855228781700134),
            ["HumanoidRootPart"] = CFrame.new(0, 0, 0, 1, 0, 0, 0, 1, 0, 0, 0, 1),
            ["RightUpperLeg"] = CFrame.new(-8.940696716308594e-08, 2.5122426450252533e-07, -1.5665136743336916e-08, 0.9497365355491638, -0.21936671435832977, -0.22333543002605438, 0.016544418409466743, 0.7475924491882324, -0.6639518141746521, 0.3126128613948822, 0.6268842220306396, 0.7136449813842773),
            ["LeftUpperArm"] = CFrame.new(0.071449875831604, 0.029555201530456543, -0.1607232391834259, 0.617143452167511, 0.26633650064468384, -0.7404046654701233, -0.3729666471481323, 0.9275651574134827, 0.022785518318414688, 0.6928419470787048, 0.2620839476585388, 0.6717751026153564),
            ["RightLowerArm"] = CFrame.new(-1.4901161193847656e-07, 4.172325134277344e-07, -0.0000039637088775634766, 1, 2.9802318834981634e-08, 0.000019520522982929833, 0.00001890956627903506, -0.2293464094400406, -0.9733448624610901, 0.0000044144676394353155, 0.9733448624610901, -0.22934652864933014),
            ["LeftHand"] = CFrame.new(-0.0000012516975402832031, -0.0000010728836059570312, 1.6391277313232422e-07, 0.7925459742546082, -0.5061783790588379, -0.3400789201259613, 0.5747599601745605, 0.8063933253288269, 0.13921675086021423, 0.203769251704216, -0.30579960346221924, 0.9300349354743958),
            ["LeftFoot"] = CFrame.new(2.2351741790771484e-08, -1.7881393432617188e-07, -7.450580596923828e-09, 0.9669549465179443, -0.22315861284732819, 0.12328165769577026, 0.25494611263275146, 0.847956657409668, -0.4647282361984253, -0.0008293762803077698, 0.4808012843132019, 0.876829206943512),
            ["LowerTorso"] = CFrame.new(-0.09003748744726181, -0.29128551483154297, 0.31720811128616333, 0.7770655751228333, 0.14661474525928497, 0.6121056079864502, -0.008767548948526382, 0.9749190211296082, -0.2223873734474182, -0.6293585896492004, 0.16744287312030792, 0.7588615417480469),
            ["RightLowerLeg"] = CFrame.new(5.774199962615967e-08, -0.0007263422012329102, 0.00004589715535985306, 1, 8.56816981809061e-08, 1.6391282997574308e-07, -7.450580596923828e-09, -0.5238175392150879, 0.8518303036689758, 1.825392246246338e-07, -0.8518304824829102, -0.523817777633667),
            ["LeftUpperLeg"] = CFrame.new(-1.1920928955078125e-07, 1.341104507446289e-07, 2.9802322387695312e-08, 0.983769416809082, 0.021685710176825523, -0.17812249064445496, -0.08172497898340225, 0.9378852844238281, -0.3371829092502594, 0.15974627435207367, 0.34626737236976624, 0.9244350790977478),
            ["LeftLowerLeg"] = CFrame.new(4.470348358154297e-08, -0.0007264018058776855, 0.00008109211921691895, 1, 4.4703490686970326e-08, 1.0803340444454079e-07, -7.450579886381092e-08, 0.47042059898376465, 0.8824424743652344, 7.450579886381092e-08, -0.8824423551559448, 0.4704204201698303),
        }},
        {Time = 0.067, Data = {
            ["RightFoot"] = CFrame.new(2.654269337654114e-07, -5.960464477539063e-08, 9.145878721028566e-09, 0.9565951824188232, 0.20488402247428894, -0.20723897218704224, -0.2192869931459427, 0.9744371175765991, -0.04884273558855057, 0.191934272646904, 0.09216752648353577, 0.9770703315734863),
            ["LeftLowerArm"] = CFrame.new(0.000001430511474609375, -4.76837158203125e-07, 0.000004589557647705078, 1, 1.2293457984924316e-07, 1.4901162970204496e-08, -1.0430815677864302e-07, 0.749547004699707, -0.6619511842727661, -1.1175873737556685e-07, 0.6619511842727661, 0.7495469450950623),
            ["RightUpperArm"] = CFrame.new(-0.01050102710723877, -0.016039609909057617, -0.1355845332145691, 0.28945064544677734, -0.41862908005714417, 0.8607950210571289, 0.779859185218811, 0.6245770454406738, 0.04151427373290062, -0.5550115704536438, 0.6592824459075928, 0.5072559118270874),
            ["Head"] = CFrame.new(1.1175870895385742e-08, -7.152557373046875e-07, 2.7939677238464355e-08, 0.6805137395858765, 0.08799546211957932, -0.7274327278137207, -0.35218074917793274, 0.909852147102356, -0.2194031924009323, 0.6425495147705078, 0.4054945707321167, 0.6501569151878357),
            ["RightHand"] = CFrame.new(1.1920928955078125e-07, 8.940696716308594e-07, -5.662441253662109e-07, 0.8849262595176697, 0.46549272537231445, 0.01489189825952053, -0.41902685165405273, 0.8097335696220398, -0.4107899069786072, -0.20327824354171753, 0.35727882385253906, 0.9116084575653076),
            ["UpperTorso"] = CFrame.new(-5.494803190231323e-08, -3.2782554626464844e-07, -7.82310962677002e-08, 0.9252274632453918, 0.009340676479041576, 0.3792976438999176, -0.17775733768939972, 0.8938639163970947, 0.41159385442733765, -0.3351961672306061, -0.44824111461639404, 0.8286880254745483),
            ["HumanoidRootPart"] = CFrame.new(0, 0, 0, 1, 0, 0, 0, 1, 0, 0, 0, 1),
            ["RightUpperLeg"] = CFrame.new(-1.1920928955078125e-07, -1.9937579054385424e-07, -2.5604094844311476e-08, 0.9618114233016968, -0.233993798494339, -0.1420062780380249, 0.074968621134758, 0.7241818308830261, -0.6855220198631287, 0.2632463574409485, 0.6486968398094177, 0.7140684723854065),
            ["LeftUpperArm"] = CFrame.new(0.050741493701934814, 0.005827665328979492, -0.13823089003562927, 0.6650512218475342, 0.29036465287208557, -0.6880375146865845, -0.34977686405181885, 0.9351247549057007, 0.05654887482523918, 0.6598204374313354, 0.20305189490318298, 0.7234686017036438),
            ["RightLowerArm"] = CFrame.new(3.8743019104003906e-07, 8.344650268554688e-07, -0.00000356137752532959, 1, -0.0000013820825870425324, 0.000019431119653745554, 0.000018976630599354394, -0.15504427254199982, -0.9879075288772583, 0.000004403293587529333, 0.9879075288772583, -0.15504427254199982),
            ["LeftHand"] = CFrame.new(-0.0000013709068298339844, -0.0000011324882507324219, 2.5331974029541016e-07, 0.8353023529052734, -0.4225618839263916, -0.35172587633132935, 0.514136016368866, 0.8270016312599182, 0.22744812071323395, 0.19476722180843353, -0.3708229959011078, 0.9080507755279541),
            ["LeftFoot"] = CFrame.new(-3.3527612686157227e-08, -1.1920928955078125e-07, -7.450580596923828e-09, 0.9671733379364014, -0.22748401761054993, 0.11325516551733017, 0.2534608244895935, 0.8315433263778687, -0.4942607581615448, 0.018259674310684204, 0.5067414045333862, 0.8619046211242676),
            ["LowerTorso"] = CFrame.new(-0.1055498793721199, -0.30533933639526367, 0.2977138161659241, 0.781930685043335, 0.10726896673440933, 0.6140666604042053, -0.003559982171282172, 0.9858353734016418, -0.16767865419387817, -0.6233552694320679, 0.12892702221870422, 0.7712367177009583),
            ["RightLowerLeg"] = CFrame.new(5.774199962615967e-08, -0.0007262825965881348, 0.00004611101030604914, 1, 1.4156111660668103e-07, 1.415610881849716e-07, -1.7508864402770996e-07, -0.204899400472641, 0.978783130645752, 1.3224780559539795e-07, -0.978783130645752, -0.2048993706703186),
            ["LeftUpperLeg"] = CFrame.new(-8.940696716308594e-08, -3.129243850708008e-07, 0, 0.9855116009712219, 0.035321444272994995, -0.16588954627513885, -0.09798046201467514, 0.9169240593910217, -0.38684627413749695, 0.13844428956508636, 0.39749571681022644, 0.9071000814437866),
            ["LeftLowerLeg"] = CFrame.new(-1.4901161193847656e-08, -0.0007266402244567871, 0.00008094310760498047, 1, 5.215408194203519e-08, 9.685753354915505e-08, -7.450579886381092e-08, 0.44155776500701904, 0.8972330093383789, 9.685753354915505e-08, -0.8972328901290894, 0.4415573477745056),
        }},
        {Time = 0.100, Data = {
            ["RightFoot"] = CFrame.new(1.7136335372924805e-07, -2.384185791015625e-07, -5.045876605436206e-08, 0.9232259392738342, 0.20249135792255402, -0.32657521963119507, -0.23935529589653015, 0.9679132103919983, -0.07650601863861084, 0.30060437321662903, 0.14879973232746124, 0.9420698285102844),
            ["LeftLowerArm"] = CFrame.new(0.0000012814998626708984, -5.960464477539062e-07, 0.0000046193599700927734, 1, 1.6391278734317893e-07, -2.9802322387695312e-08, -8.940696716308594e-08, 0.6610103249549866, -0.7503769397735596, -6.705522537231445e-08, 0.7503769397735596, 0.6610102653503418),
            ["RightUpperArm"] = CFrame.new(-0.032508254051208496, -0.0008938312530517578, -0.12222742289304733, 0.44418951869010925, -0.6415378451347351, 0.6253998279571533, 0.711681604385376, 0.6766899824142456, 0.18868038058280945, -0.5442473292350769, 0.36127546429634094, 0.7571491599082947),
            ["Head"] = CFrame.new(-1.862645149230957e-08, -9.5367431640625e-07, 9.685754776000977e-08, 0.7140675783157349, 0.1775716096162796, -0.6771822571754456, -0.402924120426178, 0.8952707648277283, -0.1901121288537979, 0.5725029706954956, 0.408605694770813, 0.7108316421508789),
            ["RightHand"] = CFrame.new(1.4901161193847656e-07, 0.0000010728836059570312, -4.470348358154297e-07, 0.8762996792793274, 0.4815673232078552, 0.013828486204147339, -0.4142795205116272, 0.7678866386413574, -0.4885929822921753, -0.24590948224067688, 0.42242521047592163, 0.8724022507667542),
            ["UpperTorso"] = CFrame.new(3.259629011154175e-09, -2.9802322387695312e-08, 3.3527612686157227e-08, 0.9438149333000183, -0.007135104387998581, 0.33039748668670654, -0.1164141595363617, 0.9285045266151428, 0.35260069370269775, -0.3092916011810303, -0.37125250697135925, 0.8755057454109192),
            ["HumanoidRootPart"] = CFrame.new(0, 0, 0, 1, 0, 0, 0, 1, 0, 0, 0, 1),
            ["RightUpperLeg"] = CFrame.new(0, -1.0407529771327972e-07, -3.894820110872388e-08, 0.9531434178352356, -0.25308728218078613, -0.16572406888008118, 0.08700845390558243, 0.7540099024772644, -0.6510749459266663, 0.28973647952079773, 0.606148362159729, 0.7407003045082092),
            ["LeftUpperArm"] = CFrame.new(0.028667211532592773, -0.01979362964630127, -0.12025487422943115, 0.7449128031730652, 0.32035526633262634, -0.5852158665657043, -0.31917133927345276, 0.9414001703262329, 0.10906683653593063, 0.5858623385429382, 0.10553865879774094, 0.8035091757774353),
            ["RightLowerArm"] = CFrame.new(2.384185791015625e-07, 4.172325134277344e-07, -0.000003725290298461914, 1, -0.0000059530148064368404, 0.00001855940354289487, 0.0000189654510904802, 0.08698129653930664, -0.996209979057312, 0.000004351138613856165, 0.9962100386619568, 0.08698132634162903),
            ["LeftHand"] = CFrame.new(-0.0000011622905731201172, -0.0000011324882507324219, 0, 0.8493490815162659, -0.3468645215034485, -0.3978574573993683, 0.47695791721343994, 0.8272198438644409, 0.29701700806617737, 0.22609113156795502, -0.4420322775840759, 0.8680382966995239),
            ["LeftFoot"] = CFrame.new(4.284083843231201e-08, -2.384185791015625e-07, -8.940696716308594e-08, 0.9681081771850586, -0.2346387654542923, 0.08781373500823975, 0.245152086019516, 0.814967155456543, -0.5250990986824036, 0.05164334550499916, 0.5298804640769958, 0.8464985489845276),
            ["LowerTorso"] = CFrame.new(-0.1230800598859787, -0.3117520809173584, 0.26422449946403503, 0.7949805855751038, 0.07058427482843399, 0.6025146842002869, -0.002332910895347595, 0.9935562610626221, -0.11331647634506226, -0.6066305637359619, 0.0886787623167038, 0.7900225520133972),
            ["RightLowerLeg"] = CFrame.new(-1.1548399925231934e-07, -0.0007263422012329102, 0.000045897271775174886, 1, 1.5646223516796454e-07, 4.842877388000488e-08, -7.823110337312755e-08, 0.09220776706933975, 0.9957398176193237, 7.078052277620372e-08, -0.9957398176193237, 0.09220775961875916),
            ["LeftUpperLeg"] = CFrame.new(8.940696716308594e-08, -2.682209014892578e-07, 1.4156103134155273e-07, 0.9894933104515076, 0.06776421517133713, -0.12771520018577576, -0.11516743153333664, 0.9034602046012878, -0.4129120111465454, 0.08740493655204773, 0.4232822060585022, 0.9017719626426697),
            ["LeftLowerLeg"] = CFrame.new(1.9371509552001953e-07, -0.0007265806198120117, 0.00008086860179901123, 1, 6.70552182668871e-08, -7.450578820566989e-09, -6.70552182668871e-08, 0.43463370203971863, 0.9006073474884033, 7.4505797087454084e-09, -0.9006072878837585, 0.4346335828304291),
        }},
        {Time = 0.133, Data = {
            ["RightFoot"] = CFrame.new(1.9639264792203903e-07, -2.384185791015625e-07, 1.7062120605260134e-08, 0.9710925221443176, 0.06518563628196716, -0.2296305149793625, -0.16292887926101685, 0.8840596079826355, -0.4380558431148529, 0.1744522750377655, 0.46280616521835327, 0.8691242933273315),
            ["LeftLowerArm"] = CFrame.new(0.0000016093254089355469, -7.748603820800781e-07, 0.0000045299530029296875, 1, 1.1920928955078125e-07, -7.450579886381092e-08, -6.705522537231445e-08, 0.6004139184951782, -0.7996894121170044, -8.940696716308594e-08, 0.7996894121170044, 0.6004138588905334),
            ["RightUpperArm"] = CFrame.new(-0.04812276363372803, 0.0010186433792114258, -0.10638415813446045, 0.5659297704696655, -0.6848511099815369, 0.45902305841445923, 0.6595900654792786, 0.7101295590400696, 0.24628661572933197, -0.4946357011795044, 0.16338622570037842, 0.8536046147346497),
            ["Head"] = CFrame.new(-4.842877388000488e-08, -5.960464477539062e-07, 7.450580596923828e-09, 0.7315313816070557, 0.2749938666820526, -0.6238909959793091, -0.451671302318573, 0.8809223175048828, -0.14131245017051697, 0.5107395052909851, 0.38516801595687866, 0.7686291933059692),
            ["RightHand"] = CFrame.new(4.7124922275543213e-07, 0.0000010728836059570312, -8.046627044677734e-07, 0.9081225395202637, 0.3924183249473572, 0.1460176706314087, -0.2989962100982666, 0.8519088625907898, -0.42994505167007446, -0.2931123971939087, 0.3467842638492584, 0.8909692764282227),
            ["UpperTorso"] = CFrame.new(-7.450580596923828e-09, 1.4901161193847656e-07, -2.0489096641540527e-08, 0.9575076699256897, -0.028624694794416428, 0.2869839370250702, -0.04799087345600128, 0.9653763175010681, 0.2564091384410858, -0.2843869626522064, -0.25928622484207153, 0.9229813814163208),
            ["HumanoidRootPart"] = CFrame.new(0, 0, 0, 1, 0, 0, 0, 1, 0, 0, 0, 1),
            ["RightUpperLeg"] = CFrame.new(-2.9802322387695312e-08, -9.359791874885559e-08, -3.708555595949292e-08, 0.9126639366149902, -0.27999457716941833, -0.2977372407913208, 0.06781041622161865, 0.8221177458763123, -0.5652648210525513, 0.4030461311340332, 0.49570709466934204, 0.7693037390708923),
            ["LeftUpperArm"] = CFrame.new(0.013636410236358643, -0.036727190017700195, -0.10281434655189514, 0.8437357544898987, 0.33487531542778015, -0.41948574781417847, -0.2769772708415985, 0.941058337688446, 0.19414639472961426, 0.45977550745010376, -0.04762042313814163, 0.886757493019104),
            ["RightLowerArm"] = CFrame.new(5.960464477539062e-07, 5.960464477539063e-08, -0.000003978610038757324, 1, -0.00001774914562702179, 0.000008024275302886963, 0.000018931923477794044, 0.7968966960906982, -0.6041156649589539, 0.000004298984549677698, 0.6041156649589539, 0.7968966960906982),
            ["LeftHand"] = CFrame.new(-9.834766387939453e-07, -0.000001430511474609375, 2.086162567138672e-07, 0.8488666415214539, -0.34470832347869873, -0.40075087547302246, 0.4504985511302948, 0.8683763146400452, 0.2073017954826355, 0.2765442132949829, -0.3565092086791992, 0.8924263715744019),
            ["LeftFoot"] = CFrame.new(6.705522537231445e-08, -5.960464477539063e-08, 0, 0.963800847530365, -0.2569505572319031, 0.07116381078958511, 0.25713294744491577, 0.8251966238021851, -0.5029246211051941, 0.07050269097089767, 0.5030180215835571, 0.8613957166671753),
            ["LowerTorso"] = CFrame.new(-0.14201143383979797, -0.30607903003692627, 0.18773096799850464, 0.8226826786994934, 0.044142331928014755, 0.5667845606803894, -0.017841823399066925, 0.9984946250915527, -0.05186755582690239, -0.5682207942008972, 0.03255806118249893, 0.8222318291664124),
            ["RightLowerLeg"] = CFrame.new(-7.450580596923828e-08, -0.0007264018058776855, 0.00004617108061211184, 1, 1.098960922263359e-07, 5.774202094244174e-08, -6.332992086299782e-08, 0.23501092195510864, 0.9719927310943604, 2.0861619987044833e-07, -0.9719927906990051, 0.23501110076904297),
            ["LeftUpperLeg"] = CFrame.new(-8.940696716308594e-08, -2.7008354663848877e-07, 1.862645149230957e-09, 0.9906534552574158, 0.09340669959783554, -0.09940280765295029, -0.12709544599056244, 0.8966744542121887, -0.4240540564060211, 0.04952244833111763, 0.4327241778373718, 0.9001652002334595),
            ["LeftLowerLeg"] = CFrame.new(-2.9802322387695312e-08, -0.0007264614105224609, 0.00008100271224975586, 1, 1.1175869474300271e-07, 2.2351748896198842e-08, -1.043081283569336e-07, 0.4256139397621155, 0.9049047827720642, 1.4156103134155273e-07, -0.9049047827720642, 0.4256140887737274),
        }},
        {Time = 0.167, Data = {
            ["RightFoot"] = CFrame.new(2.2212043404579163e-07, 2.384185791015625e-07, 3.5222910810261965e-08, 0.9918628931045532, 0.04557429626584053, -0.11887378245592117, -0.10423055291175842, 0.8268496990203857, -0.5526801943778992, 0.07310286164283752, 0.5605733394622803, 0.824871838092804),
            ["LeftLowerArm"] = CFrame.new(0.0000013709068298339844, -5.960464477539063e-08, 0.0000050067901611328125, 1, 8.940696716308594e-08, -1.4901161193847656e-08, -9.685756197086448e-08, 0.5607250332832336, -0.8280020952224731, -5.960465188081798e-08, 0.8280021548271179, 0.5607250332832336),
            ["RightUpperArm"] = CFrame.new(-0.059999942779541016, -0.009322166442871094, -0.08409534394741058, 0.7192714214324951, -0.6826955080032349, 0.1287452131509781, 0.688505232334137, 0.7252309918403625, -0.0008551296195946634, -0.09278596937656403, 0.0892568826675415, 0.9916774034500122),
            ["Head"] = CFrame.new(1.4901161193847656e-08, -8.344650268554688e-07, -2.2351741790771484e-08, 0.7479948997497559, 0.3904804587364197, -0.5366830825805664, -0.4996739625930786, 0.8635305166244507, -0.0681253969669342, 0.4368404448032379, 0.31912392377853394, 0.8410292863845825),
            ["RightHand"] = CFrame.new(3.5762786865234375e-07, 0.0000010132789611816406, -6.407499313354492e-07, 0.9499000906944275, 0.2610127329826355, 0.17193573713302612, -0.20730280876159668, 0.9378255605697632, -0.2784042954444885, -0.23391321301460266, 0.22881361842155457, 0.9449493288993835),
            ["UpperTorso"] = CFrame.new(2.2351741790771484e-08, 0, 9.19681042432785e-09, 0.9743102192878723, -0.06250277906656265, 0.21636353433132172, 0.03464158624410629, 0.9908761382102966, 0.1302475482225418, -0.2225303202867508, -0.11940653622150421, 0.9675859212875366),
            ["HumanoidRootPart"] = CFrame.new(0, 0, 0, 1, 0, 0, 0, 1, 0, 0, 0, 1),
            ["RightUpperLeg"] = CFrame.new(8.940696716308594e-08, -1.3317912817001343e-07, -1.2987584341317415e-08, 0.8929305076599121, -0.2868351340293884, -0.3469880223274231, 0.07771927118301392, 0.8573943376541138, -0.5087580680847168, 0.4434352517127991, 0.4273177981376648, 0.7878862023353577),
            ["LeftUpperArm"] = CFrame.new(0.0013713836669921875, -0.03608524799346924, -0.08178983628749847, 0.9338408708572388, 0.3042183220386505, -0.1881289780139923, -0.23517102003097534, 0.9184901714324951, 0.31791621446609497, 0.2695104479789734, -0.25264039635658264, 0.9292668104171753),
            ["RightLowerArm"] = CFrame.new(-5.066394805908203e-07, 4.172325134277344e-07, -0.000003769993782043457, 1, -0.000018998982341145165, -0.000004246831394993933, 0.00001895427703857422, 0.9999972581863403, -0.0023737626615911722, 0.000004254281520843506, 0.002373799914494157, 0.9999971985816956),
            ["LeftHand"] = CFrame.new(-0.0000013113021850585938, -0.0000016689300537109375, 2.384185791015625e-07, 0.8545261025428772, -0.32871556282043457, -0.40215784311294556, 0.35400134325027466, 0.9351657629013062, -0.01218496635556221, 0.3800898790359497, -0.13195188343524933, 0.9154893159866333),
            ["LeftFoot"] = CFrame.new(8.195638656616211e-08, -2.980232238769531e-07, 1.4901161193847656e-08, 0.9597286581993103, -0.2774167060852051, 0.04428377375006676, 0.2711688280105591, 0.8736140131950378, -0.4040620028972626, 0.07340670377016068, 0.3997982442378998, 0.9136590361595154),
            ["LowerTorso"] = CFrame.new(-0.1700686812400818, -0.2667083740234375, 0.08150597661733627, 0.8636322617530823, 0.03689897060394287, 0.5027700662612915, -0.04801933839917183, 0.9988042712211609, 0.00918155163526535, -0.5018301010131836, -0.032072171568870544, 0.8643714189529419),
            ["RightLowerLeg"] = CFrame.new(-3.725290298461914e-08, -0.0007262229919433594, 0.0000460183437098749, 1, 1.7881399116959074e-07, 1.3038524038222477e-08, -8.242204074804249e-08, 0.3669162392616272, 0.9302538633346558, 5.4016702222270396e-08, -0.9302540421485901, 0.3669165074825287),
            ["LeftUpperLeg"] = CFrame.new(0, -1.1175870895385742e-08, 1.8510036170482635e-08, 0.9926185011863708, 0.11333762854337692, -0.04316295310854912, -0.12118901312351227, 0.9132729768753052, -0.3889032006263733, -0.00465793302282691, 0.39126333594322205, 0.9202669858932495),
            ["LeftLowerLeg"] = CFrame.new(1.4901161193847656e-08, -0.0007266998291015625, 0.0000810772180557251, 1, 1.4901164746561335e-08, 8.940698137394065e-08, -1.0430814256778831e-07, 0.47264236211776733, 0.8812544345855713, -1.4901162970204496e-08, -0.8812544345855713, 0.47264233231544495),
        }},
        {Time = 0.200, Data = {
            ["RightFoot"] = CFrame.new(1.8940772861242294e-07, 0, -3.090099198743701e-08, 0.9989385604858398, 0.03905234485864639, -0.024427291005849838, -0.045997634530067444, 0.8739161491394043, -0.48389554023742676, 0.002450117841362953, 0.48450541496276855, 0.8747848272323608),
            ["LeftLowerArm"] = CFrame.new(0.0000014901161193847656, -3.5762786865234375e-07, 0.000004887580871582031, 1, 9.685754776000977e-08, -3.725290653733282e-08, -9.35979329597103e-08, 0.556070864200592, -0.8311349749565125, -1.266598843585598e-07, 0.8311349153518677, 0.556070864200592),
            ["RightUpperArm"] = CFrame.new(-0.07303953170776367, -0.012628793716430664, -0.06285477429628372, 0.579270601272583, -0.7664256691932678, 0.27755582332611084, 0.7688894271850586, 0.6268150210380554, 0.12614423036575317, -0.2706560790538788, 0.14033792912960052, 0.952392041683197),
            ["Head"] = CFrame.new(0, -4.76837158203125e-07, -7.450580596923828e-09, 0.7961971163749695, 0.5138041973114014, -0.3194924592971802, -0.541968822479248, 0.8403983116149902, 0.0008957454701885581, 0.2689611315727234, 0.17244163155555725, 0.9475883841514587),
            ["RightHand"] = CFrame.new(0, 0.0000011920928955078125, -7.748603820800781e-07, 0.9534745216369629, 0.2403603047132492, 0.18197029829025269, -0.21492412686347961, 0.9652279615402222, -0.14880387485027313, -0.21140964329242706, 0.10277096927165985, 0.971979558467865),
            ["UpperTorso"] = CFrame.new(-1.6763806343078613e-08, -2.980232238769531e-07, 2.60770320892334e-08, 0.9960997700691223, -0.07989653944969177, 0.03744234889745712, 0.0792335644364357, 0.996677577495575, 0.018868884071707726, -0.03882571682333946, -0.015828607603907585, 0.9991207122802734),
            ["HumanoidRootPart"] = CFrame.new(0, 0, 0, 1, 0, 0, 0, 1, 0, 0, 0, 1),
            ["RightUpperLeg"] = CFrame.new(0, -1.4528632164001465e-07, 2.8107024263590574e-08, 0.8951308727264404, -0.27795830368995667, -0.34853988885879517, 0.08713841438293457, 0.875834047794342, -0.474680632352829, 0.437204509973526, 0.3945300281047821, 0.8082068562507629),
            ["LeftUpperArm"] = CFrame.new(-0.011948466300964355, -0.026920557022094727, -0.061794914305210114, 0.9607658982276917, 0.275293231010437, -0.03379982337355614, -0.2221456617116928, 0.836735725402832, 0.500524640083313, 0.16607274115085602, -0.4733782708644867, 0.8650622963905334),
            ["RightLowerArm"] = CFrame.new(2.086162567138672e-07, 5.364418029785156e-07, -0.0000035762786865234375, 1, -0.00001892447835416533, -0.00000427663462687633, 0.00001896918001875747, 0.9999972581863403, -0.002373696304857731, 0.0000043064360397693235, 0.002373651135712862, 0.9999972581863403),
            ["LeftHand"] = CFrame.new(-0.0000011920928955078125, -0.0000018477439880371094, 3.2782554626464844e-07, 0.8629127740859985, -0.16682155430316925, -0.47702378034591675, 0.08143163472414017, 0.9775083661079407, -0.1945418119430542, 0.49874889850616455, 0.1290278285741806, 0.8570892214775085),
            ["LeftFoot"] = CFrame.new(8.940696716308594e-08, -1.7881393432617188e-07, 2.9802322387695312e-08, 0.9516618847846985, -0.2951175272464752, 0.08511918783187866, 0.3066471219062805, 0.9287122488021851, -0.2084735929965973, -0.017527110874652863, 0.2244977056980133, 0.9743169546127319),
            ["LowerTorso"] = CFrame.new(-0.18345046043395996, -0.19007587432861328, -0.0008684545755386353, 0.9097203612327576, 0.045067574828863144, 0.41276854276657104, -0.06662735342979431, 0.9970548152923584, 0.03798115253448486, -0.4098410904407501, -0.06205391138792038, 0.9100437760353088),
            ["RightLowerLeg"] = CFrame.new(-2.514570951461792e-08, -0.0007261037826538086, 0.00004605862341122702, 1, 1.4714899521095504e-07, 1.862645504502325e-08, -6.146728992462158e-08, 0.4716256856918335, 0.8817989230155945, 1.0570511221885681e-07, -0.8817989230155945, 0.47162580490112305),
            ["LeftUpperLeg"] = CFrame.new(0, -1.564621925354004e-07, -1.4901161193847656e-08, 0.9911556243896484, 0.1226823627948761, 0.05059376358985901, -0.101715087890625, 0.9471837878227234, -0.30413323640823364, -0.08523350208997726, 0.29629722237586975, 0.9512851238250732),
            ["LeftLowerLeg"] = CFrame.new(-3.91155481338501e-08, -0.0007265806198120117, 0.00008103623986244202, 1, 1.1920928955078125e-07, 4.4703469370688254e-08, -5.960462345910855e-08, 0.5656063556671143, 0.8246756196022034, 1.043080928297968e-07, -0.8246753811836243, 0.5656061172485352),
        }},
        {Time = 0.233, Data = {
            ["RightFoot"] = CFrame.new(1.4295801520347595e-07, 0, -4.487083060666919e-08, 0.9997051954269409, 0.011859148740768433, -0.02118736132979393, -0.017788158729672432, 0.9516569375991821, -0.30664771795272827, 0.016526561230421066, 0.3069341480731964, 0.9515872597694397),
            ["LeftLowerArm"] = CFrame.new(0.000001341104507446289, -1.1920928955078125e-07, 0.000004976987838745117, 1, 1.1175870895385742e-07, -4.842878453814592e-08, -7.450581307466564e-08, 0.46937888860702515, -0.8829969763755798, -6.705523247774181e-08, 0.8829969167709351, 0.46937891840934753),
            ["RightUpperArm"] = CFrame.new(-0.08232587575912476, -0.0006225109100341797, -0.04606245085597038, 0.3316534161567688, -0.8351655006408691, 0.43875327706336975, 0.8416954278945923, 0.4720046818256378, 0.26222220063209534, -0.4260925054550171, 0.2823297679424286, 0.8594969511032104),
            ["Head"] = CFrame.new(1.0244548320770264e-08, -4.76837158203125e-07, 1.30385160446167e-08, 0.8369746208190918, 0.5420628786087036, -0.07510939240455627, -0.539297342300415, 0.8403200507164001, 0.05496186763048172, 0.09290865808725357, -0.005495506804436445, 0.9956595301628113),
            ["RightHand"] = CFrame.new(5.364418029785156e-07, 9.5367431640625e-07, -6.556510925292969e-07, 0.9546511173248291, 0.23155425488948822, 0.18714594841003418, -0.20892548561096191, 0.9688458442687988, -0.1329958736896515, -0.21211160719394684, 0.0878651812672615, 0.9732874631881714),
            ["UpperTorso"] = CFrame.new(4.0978193283081055e-08, -1.7881393432617188e-07, 9.313225746154785e-09, 0.990078866481781, -0.07203331589698792, -0.1206446960568428, 0.06764321029186249, 0.9969033598899841, -0.040102552622556686, 0.12315985560417175, 0.031543880701065063, 0.9918854236602783),
            ["HumanoidRootPart"] = CFrame.new(0, 0, 0, 1, 0, 0, 0, 1, 0, 0, 0, 1),
            ["RightUpperLeg"] = CFrame.new(8.940696716308594e-08, -1.8533319234848022e-07, -7.283233571797609e-09, 0.9212119579315186, -0.22831186652183533, -0.3150274157524109, 0.07281140983104706, 0.8965758681297302, -0.4368642568588257, 0.3821871280670166, 0.37950679659843445, 0.8425599932670593),
            ["LeftUpperArm"] = CFrame.new(-0.021029293537139893, -0.024757862091064453, -0.044700659811496735, 0.9747142195701599, 0.2048863172531128, 0.08918330073356628, -0.2164047509431839, 0.7660583257675171, 0.6052469611167908, 0.05568716302514076, -0.6092424392700195, 0.7910262942314148),
            ["RightLowerArm"] = CFrame.new(5.364418029785156e-07, 7.152557373046875e-07, -0.0000036954879760742188, 1, -0.000018924474716186523, -0.000004217028617858887, 0.000018894672393798828, 0.9999971985816956, -0.002373725175857544, 0.000004306435585021973, 0.002373740077018738, 0.9999971985816956),
            ["LeftHand"] = CFrame.new(-0.0000012200325727462769, -0.0000013113021850585938, 3.129243850708008e-07, 0.7442580461502075, -0.09878051280975342, -0.6605466604232788, 0.033745139837265015, 0.9933008551597595, -0.11052018404006958, 0.6670392751693726, 0.059965383261442184, 0.7426059246063232),
            ["LeftFoot"] = CFrame.new(3.725290298461914e-08, 0, 0, 0.9554113745689392, -0.2486461102962494, 0.1592615693807602, 0.2915905714035034, 0.8794539570808411, -0.3762124478816986, -0.046519551426172256, 0.40587669610977173, 0.912743091583252),
            ["LowerTorso"] = CFrame.new(-0.182499498128891, -0.0949324369430542, -0.05067138373851776, 0.9566398859024048, 0.054219722747802734, 0.2861826419830322, -0.06846815347671509, 0.9968507885932922, 0.04001079127192497, -0.2831120193004608, -0.057870328426361084, 0.957339346408844),
            ["RightLowerLeg"] = CFrame.new(2.7939677238464355e-08, -0.0007264018058776855, 0.00004613382770912722, 1, 1.3038523150044057e-07, -9.31322907682386e-10, -6.705522537231445e-08, 0.57622230052948, 0.8172929883003235, 1.2479722499847412e-07, -0.8172930479049683, 0.57622230052948),
            ["LeftUpperLeg"] = CFrame.new(5.960464477539063e-08, -3.259629011154175e-07, 9.313225746154785e-09, 0.9910958409309387, 0.09251202642917633, 0.0957629457116127, -0.061985358595848083, 0.9570902585983276, -0.283083438873291, -0.11784239113330841, 0.2746269106864929, 0.9543024897575378),
            ["LeftLowerLeg"] = CFrame.new(9.313225746154785e-09, -0.0007264018058776855, 0.00008097663521766663, 1, 7.450581307466564e-08, 8.940695295223122e-08, -3.72529100900465e-08, 0.46852681040763855, 0.8834494352340698, 2.980232949312267e-08, -0.8834493160247803, 0.46852657198905945),
        }},
        {Time = 0.267, Data = {
            ["RightFoot"] = CFrame.new(1.889420673251152e-07, -2.384185791015625e-07, -4.533649189397693e-08, 0.9921426177024841, 0.012824935838580132, -0.12445397675037384, -0.029524371027946472, 0.9906383156776428, -0.13328270614147186, 0.12157934904098511, 0.1359098255634308, 0.9832329750061035),
            ["LeftLowerArm"] = CFrame.new(0.0000012218952178955078, 0, 0.000004649162292480469, 1, 1.1920928955078125e-07, -5.215407838932151e-08, -7.636847243475131e-08, 0.39908692240715027, -0.9169132113456726, -6.705523958316917e-08, 0.9169130921363831, 0.3990868926048279),
            ["RightUpperArm"] = CFrame.new(-0.08557206392288208, 0.01134788990020752, -0.031540900468826294, 0.09380744397640228, -0.8629462122917175, 0.49651193618774414, 0.902723491191864, 0.2840459644794464, 0.32312262058258057, -0.4198695123195648, 0.4179017245769501, 0.8056473731994629),
            ["Head"] = CFrame.new(3.259629011154175e-09, -5.960464477539062e-07, -1.3504177331924438e-08, 0.869687020778656, 0.48698338866233826, 0.08057110011577606, -0.4933983087539673, 0.8623741269111633, 0.11344213783740997, -0.014238105155527592, -0.13841290771961212, 0.9902723431587219),
            ["RightHand"] = CFrame.new(4.470348358154297e-08, 9.5367431640625e-07, -7.152557373046875e-07, 0.9552992582321167, 0.22529292106628418, 0.19143199920654297, -0.19589290022850037, 0.967337965965271, -0.16088320314884186, -0.22142551839351654, 0.11619149148464203, 0.9682306051254272),
            ["UpperTorso"] = CFrame.new(-2.7939677238464355e-08, 4.76837158203125e-07, 0, 0.9837260842323303, -0.06112037971615791, -0.1689596176147461, 0.049514587968587875, 0.9961695671081543, -0.07207339257001877, 0.17271770536899567, 0.06253447383642197, 0.9829843044281006),
            ["HumanoidRootPart"] = CFrame.new(0, 0, 0, 1, 0, 0, 0, 1, 0, 0, 0, 1),
            ["RightUpperLeg"] = CFrame.new(2.9802322387695312e-08, 4.3353065848350525e-07, 2.0656443666666746e-08, 0.9538105726242065, -0.16925805807113647, -0.24818764626979828, 0.046753037720918655, 0.8997364640235901, -0.4339222311973572, 0.29674845933914185, 0.40227600932121277, 0.8660913705825806),
            ["LeftUpperArm"] = CFrame.new(-0.0239717960357666, -0.02245950698852539, -0.030230775475502014, 0.9715469479560852, 0.1806292086839676, 0.1531980186700821, -0.23681336641311646, 0.7299219369888306, 0.6411970257759094, 0.003996186889708042, -0.6592322587966919, 0.7519287467002869),
            ["RightLowerArm"] = CFrame.new(0, 4.172325134277344e-07, -0.000003874301910400391, 1, -0.000018954284314531833, -0.000004302710749470862, 0.00001890212661237456, 0.9999972581863403, -0.0023737254086881876, 0.000004310161784815136, 0.0023737708106637, 0.9999971985816956),
            ["LeftHand"] = CFrame.new(-0.0000015099067240953445, -0.0000010728836059570312, 2.682209014892578e-07, 0.6285373568534851, -0.12885941565036774, -0.7670303583145142, 0.038369521498680115, 0.9901166558265686, -0.13489586114883423, 0.7768323421478271, 0.05535661056637764, 0.6272700428962708),
            ["LeftFoot"] = CFrame.new(2.9802322387695312e-08, -5.960464477539063e-08, 2.2351741790771484e-08, 0.9738401770591736, -0.1035950779914856, 0.20224617421627045, 0.20531487464904785, 0.7825282216072083, -0.5877883434295654, -0.09737130254507065, 0.6139362454414368, 0.7833271622657776),
