return {
["dior lay twerk"] = {

          {Time = 0.000, Data = {

              ["Head"] = CFrame.new(0.000000, 0.000000, 0.000000, 0.605128, 0.013648, 0.796011, 0.232363, 0.953291, -0.192988, -0.761464, 0.301746, 0.573692),

              ["LeftFoot"] = CFrame.new(-0.000000, 0.026267, -0.000003, 0.806635, -0.270516, 0.525537, 0.173699, 0.958350, 0.226713, -0.564951, -0.091584, 0.820008),

              ["LeftHand"] = CFrame.new(0.000530, -0.045358, 0.000000, 0.975126, -0.191746, 0.111187, 0.143989, 0.929365, 0.339926, -0.168511, -0.315457, 0.933857),

              ["LeftLowerArm"] = CFrame.new(-0.000499, -0.045502, 0.000247, 1.000000, -0.000000, -0.000000, 0.000000, 1.000000, -0.000001, 0.000000, -0.000000, 1.000000),

              ["LeftLowerLeg"] = CFrame.new(0.000000, 0.108244, -0.046599, 1.000000, -0.000000, -0.000000, 0.000000, 0.518979, 0.854794, -0.000000, -0.854787, 0.518968),

              ["LeftUpperArm"] = CFrame.new(0.214975, -0.122509, -0.014185, 0.975126, 0.143989, -0.168511, -0.221285, 0.588784, -0.777410, -0.012722, 0.795362, 0.606002),

              ["LeftUpperLeg"] = CFrame.new(-0.000000, -0.000000, -0.000100, 0.665134, 0.294362, 0.686264, -0.111471, 0.947866, -0.298514, -0.738357, 0.122071, 0.663273),

              ["LowerTorso"] = CFrame.new(-0.131020, -1.468892, 0.338979, 0.943317, 0.327549, -0.053524, -0.069607, 0.352931, 0.933057, 0.324513, -0.876443, 0.355725),

              ["RightFoot"] = CFrame.new(0.000000, 0.032244, -0.000101, 0.971176, 0.130477, -0.199498, -0.093880, 0.978616, 0.183042, 0.219099, -0.159019, 0.962651),

              ["RightHand"] = CFrame.new(-0.000515, -0.022276, 0.000000, 0.992929, 0.102869, -0.059249, -0.078816, 0.944480, 0.318979, 0.088771, -0.312051, 0.945908),

              ["RightLowerArm"] = CFrame.new(-0.000001, -0.022249, 0.000121, 1.000000, 0.000000, 0.000000, -0.000000, 1.000000, -0.000001, -0.000000, -0.000000, 1.000000),

              ["RightLowerLeg"] = CFrame.new(0.000000, 0.125463, -0.090192, 1.000000, 0.000000, 0.000000, -0.000000, 0.066659, 0.997777, 0.000000, -0.997776, 0.066645),

              ["RightUpperArm"] = CFrame.new(-0.117277, -0.088790, -0.024784, 0.992929, -0.078816, 0.088771, 0.118250, 0.590850, -0.798069, 0.010450, 0.802923, 0.595992),

              ["RightUpperLeg"] = CFrame.new(0.000000, 0.000000, -0.000000, 0.194280, -0.980521, 0.028836, 0.465692, 0.066299, -0.882459, 0.863358, 0.184884, 0.469505),

              ["UpperTorso"] = CFrame.new(-0.055004, 0.141853, -0.101309, 0.943317, -0.236741, 0.232610, 0.327549, 0.777090, -0.537441, -0.053524, 0.583168, 0.810586)

          }},

          {Time = 0.033, Data = {

              ["Head"] = CFrame.new(0.000000, 0.000000, 0.000000, 0.605128, 0.013648, 0.796011, 0.232363, 0.953291, -0.192988, -0.761464, 0.301746, 0.573692),

              ["LeftFoot"] = CFrame.new(0.000000, 0.027378, -0.000002, 0.808300, -0.278289, 0.518876, 0.185966, 0.956805, 0.223486, -0.558630, -0.084143, 0.825119),

              ["LeftHand"] = CFrame.new(0.000530, -0.045262, -0.000000, 0.975118, -0.191779, 0.111206, 0.144007, 0.929348, 0.339967, -0.168545, -0.315490, 0.933839),

              ["LeftLowerArm"] = CFrame.new(-0.000499, -0.045407, 0.000247, 1.000000, -0.000000, -0.000000, 0.000000, 1.000000, -0.000001, 0.000000, -0.000000, 1.000000),

              ["LeftLowerLeg"] = CFrame.new(0.000000, 0.112242, -0.052236, 1.000000, -0.000000, -0.000000, 0.000000, 0.460441, 0.887697, -0.000000, -0.887691, 0.460428),

              ["LeftUpperArm"] = CFrame.new(0.214970, -0.122528, -0.014186, 0.975118, 0.144007, -0.168546, -0.221323, 0.588747, -0.777427, -0.012724, 0.795386, 0.605969),

              ["LeftUpperLeg"] = CFrame.new(-0.000000, -0.000000, -0.000100, 0.669582, 0.399360, 0.626245, -0.153128, 0.899257, -0.409721, -0.726782, 0.178464, 0.663284),

              ["LowerTorso"] = CFrame.new(-0.098864, -1.463294, 0.347986, 0.964420, 0.262681, -0.029880, -0.063234, 0.338937, 0.938682, 0.256702, -0.903394, 0.343488),

              ["RightFoot"] = CFrame.new(0.000000, 0.032184, -0.000101, 0.960592, 0.143664, -0.237973, -0.109714, 0.982536, 0.150303, 0.255393, -0.118254, 0.959572),

              ["RightHand"] = CFrame.new(-0.000515, -0.022180, 0.000000, 0.992926, 0.102887, -0.059259, -0.078826, 0.944464, 0.319023, 0.088791, -0.312092, 0.945893),

              ["RightLowerArm"] = CFrame.new(-0.000001, -0.022153, 0.000120, 1.000000, 0.000000, 0.000000, -0.000000, 1.000000, -0.000001, -0.000000, -0.000000, 1.000000),

              ["RightLowerLeg"] = CFrame.new(0.000000, 0.125369, -0.089214, 1.000000, 0.000000, 0.000000, -0.000000, 0.076826, 0.997046, 0.000000, -0.997045, 0.076812),

              ["RightUpperArm"] = CFrame.new(-0.117275, -0.088801, -0.024785, 0.992926, -0.078826, 0.088791, 0.118271, 0.590812, -0.798093, 0.010452, 0.802949, 0.595956),

              ["RightUpperLeg"] = CFrame.new(0.000000, -0.000000, 0.000000, 0.249235, -0.964875, -0.083070, 0.437396, 0.188661, -0.879252, 0.864041, 0.182818, 0.469057),

              ["UpperTorso"] = CFrame.new(-0.048697, 0.143921, -0.098755, 0.964420, -0.194094, 0.179504, 0.262681, 0.780242, -0.567645, -0.029880, 0.594600, 0.803466)

          }},

          {Time = 0.067, Data = {

              ["Head"] = CFrame.new(0.000000, 0.000000, 0.000000, 0.605128, 0.013648, 0.796011, 0.232363, 0.953291, -0.192988, -0.761464, 0.301746, 0.573692),

              ["LeftFoot"] = CFrame.new(0.000000, 0.029278, -0.000002, 0.812957, -0.302460, 0.497639, 0.206316, 0.948703, 0.239589, -0.544551, -0.092095, 0.833638),

              ["LeftHand"] = CFrame.new(0.000530, -0.045034, 0.000000, 0.975097, -0.191857, 0.111251, 0.144048, 0.929305, 0.340064, -0.168628, -0.315567, 0.933798),

              ["LeftLowerArm"] = CFrame.new(-0.000499, -0.045180, 0.000245, 1.000000, -0.000000, -0.000000, 0.000000, 1.000000, -0.000001, 0.000000, -0.000000, 1.000000),

              ["LeftLowerLeg"] = CFrame.new(0.000000, 0.118572, -0.063665, 1.000000, -0.000000, -0.000000, 0.000000, 0.341602, 0.939850, -0.000000, -0.939845, 0.341587),

              ["LeftUpperArm"] = CFrame.new(0.214960, -0.122573, -0.014188, 0.975097, 0.144048, -0.168629, -0.221413, 0.588658, -0.777469, -0.012729, 0.795445, 0.605893),

              ["LeftUpperLeg"] = CFrame.new(-0.000000, -0.000000, -0.000100, 0.657640, 0.615490, 0.434390, -0.259899, 0.726573, -0.636020, -0.707080, 0.305392, 0.637796),

              ["LowerTorso"] = CFrame.new(-0.019012, -1.448165, 0.361728, 0.994850, 0.100062, 0.016159, -0.045757, 0.301113, 0.952490, 0.090442, -0.948324, 0.304141),

              ["RightFoot"] = CFrame.new(-0.000000, 0.031781, -0.000101, 0.918478, 0.181816, -0.351223, -0.155991, 0.982608, 0.100746, 0.363408, -0.037735, 0.930856),

              ["RightHand"] = CFrame.new(-0.000514, -0.021952, -0.000000, 0.992920, 0.102931, -0.059285, -0.078849, 0.944427, 0.319127, 0.088837, -0.312190, 0.945856),

              ["RightLowerArm"] = CFrame.new(-0.000001, -0.021925, 0.000119, 1.000000, 0.000000, 0.000000, -0.000000, 1.000000, -0.000001, -0.000000, -0.000000, 1.000000),

              ["RightLowerLeg"] = CFrame.new(0.000000, 0.124617, -0.083784, 1.000000, 0.000000, 0.000000, -0.000000, 0.133305, 0.991077, 0.000000, -0.991075, 0.133290),

              ["RightUpperArm"] = CFrame.new(-0.117272, -0.088826, -0.024787, 0.992920, -0.078849, 0.088837, 0.118322, 0.590722, -0.798153, 0.010456, 0.803013, 0.595869),

              ["RightUpperLeg"] = CFrame.new(0.000000, 0.000000, -0.000000, 0.400526, -0.852169, -0.336749, 0.335987, 0.478485, -0.811263, 0.852462, 0.211801, 0.477967),

              ["UpperTorso"] = CFrame.new(-0.034588, 0.148762, -0.092084, 0.994850, -0.087985, 0.050321, 0.100062, 0.773396, -0.625976, 0.016159, 0.627787, 0.778217)

          }},

          {Time = 0.100, Data = {

              ["Head"] = CFrame.new(0.000000, 0.000000, 0.000000, 0.605128, 0.013648, 0.796011, 0.232363, 0.953291, -0.192988, -0.761464, 0.301746, 0.573692),

              ["LeftFoot"] = CFrame.new(-0.000000, 0.030379, -0.000002, 0.818569, -0.340051, 0.462962, 0.215362, 0.928837, 0.301479, -0.532508, -0.147062, 0.833533),

              ["LeftHand"] = CFrame.new(0.000530, -0.044762, 0.000000, 0.975073, -0.191949, 0.111305, 0.144098, 0.929255, 0.340181, -0.168727, -0.315659, 0.933749),

              ["LeftLowerArm"] = CFrame.new(-0.000499, -0.044908, 0.000244, 1.000000, -0.000000, -0.000000, 0.000000, 1.000000, -0.000001, 0.000000, -0.000000, 1.000000),

              ["LeftLowerLeg"] = CFrame.new(-0.000000, 0.121973, -0.072397, 1.000000, -0.000000, -0.000000, 0.000000, 0.250772, 0.968050, -0.000000, -0.968046, 0.250757),

              ["LeftUpperArm"] = CFrame.new(0.214948, -0.122626, -0.014191, 0.975073, 0.144098, -0.168727, -0.221520, 0.588551, -0.777519, -0.012735, 0.795514, 0.605801),

              ["LeftUpperLeg"] = CFrame.new(-0.000000, -0.000000, -0.000100, 0.597516, 0.788799, 0.144136, -0.389516, 0.442627, -0.807678, -0.700894, 0.426472, 0.571736),

              ["LowerTorso"] = CFrame.new(0.079491, -1.426510, 0.362804, 0.993569, -0.102021, 0.049117, -0.022530, 0.246975, 0.968760, -0.110965, -0.963636, 0.243089),

              ["RightFoot"] = CFrame.new(-0.000000, 0.030542, -0.000102, 0.824603, 0.234877, -0.514673, -0.210950, 0.971786, 0.105520, 0.524909, 0.021563, 0.850868),

              ["RightHand"] = CFrame.new(-0.000514, -0.021679, 0.000000, 0.992913, 0.102983, -0.059315, -0.078878, 0.944383, 0.319251, 0.088893, -0.312307, 0.945812),

              ["RightLowerArm"] = CFrame.new(-0.000001, -0.021653, 0.000118, 1.000000, 0.000000, 0.000000, -0.000000, 1.000000, -0.000001, -0.000000, -0.000000, 1.000000),

              ["RightLowerLeg"] = CFrame.new(-0.000000, 0.121617, -0.071977, 1.000000, 0.000000, 0.000000, -0.000000, 0.256163, 0.966638, 0.000000, -0.966634, 0.256148),

              ["RightUpperArm"] = CFrame.new(-0.117269, -0.088856, -0.024790, 0.992913, -0.078878, 0.088893, 0.118382, 0.590615, -0.798223, 0.010461, 0.803090, 0.595767),

              ["RightUpperLeg"] = CFrame.new(0.000000, -0.000000, -0.000000, 0.590000, -0.580834, -0.560846, 0.138007, 0.756936, -0.638732, 0.795522, 0.299466, 0.526758),

              ["UpperTorso"] = CFrame.new(-0.018941, 0.154676, -0.083145, 0.993569, 0.042271, -0.105042, -0.102021, 0.736627, -0.668560, 0.049117, 0.674977, 0.736203)

          }},

          {Time = 0.133, Data = {

              ["Head"] = CFrame.new(0.000000, 0.000000, -0.000000, 0.605128, 0.013648, 0.796011, 0.232363, 0.953291, -0.192988, -0.761464, 0.301746, 0.573692),

              ["LeftFoot"] = CFrame.new(-0.000000, 0.030544, -0.000002, 0.821957, -0.375864, 0.427943, 0.211538, 0.899054, 0.383362, -0.528809, -0.224562, 0.818473),

              ["LeftHand"] = CFrame.new(0.000529, -0.044535, 0.000000, 0.975052, -0.192027, 0.111351, 0.144140, 0.929213, 0.340279, -0.168810, -0.315736, 0.933708),

              ["LeftLowerArm"] = CFrame.new(-0.000499, -0.044680, 0.000243, 1.000000, -0.000000, -0.000000, 0.000000, 1.000000, -0.000001, 0.000000, -0.000000, 1.000000),

              ["LeftLowerLeg"] = CFrame.new(-0.000000, 0.122634, -0.074720, 1.000000, -0.000000, -0.000000, 0.000000, 0.226661, 0.973977, -0.000000, -0.973974, 0.226646),

              ["LeftUpperArm"] = CFrame.new(0.214938, -0.122671, -0.014193, 0.975052, 0.144140, -0.168810, -0.221610, 0.588462, -0.777561, -0.012739, 0.795573, 0.605724),

              ["LeftUpperLeg"] = CFrame.new(-0.000000, 0.000000, -0.000100, 0.508685, 0.853768, -0.110967, -0.485155, 0.177763, -0.856165, -0.711241, 0.489367, 0.504646),

              ["LowerTorso"] = CFrame.new(0.161798, -1.405222, 0.350297, 0.960986, -0.270776, 0.056453, -0.003037, 0.193758, 0.981045, -0.276582, -0.942941, 0.185376),

              ["RightFoot"] = CFrame.new(-0.000000, 0.028659, -0.000102, 0.712148, 0.275219, -0.645856, -0.229037, 0.960699, 0.156853, 0.663617, 0.036223, 0.747173),

              ["RightHand"] = CFrame.new(-0.000514, -0.021451, 0.000000, 0.992907, 0.103026, -0.059341, -0.078901, 0.944346, 0.319355, 0.088939, -0.312405, 0.945775),

              ["RightLowerArm"] = CFrame.new(-0.000001, -0.021425, 0.000117, 1.000000, 0.000000, 0.000000, -0.000000, 1.000000, -0.000001, -0.000000, -0.000000, 1.000000),

              ["RightLowerLeg"] = CFrame.new(0.000000, 0.115673, -0.058329, 1.000000, 0.000000, 0.000000, -0.000000, 0.398112, 0.917343, 0.000000, -0.917337, 0.398099),

              ["RightUpperArm"] = CFrame.new(-0.117266, -0.088881, -0.024792, 0.992907, -0.078901, 0.088939, 0.118432, 0.590524, -0.798282, 0.010465, 0.803154, 0.595680),

              ["RightUpperLeg"] = CFrame.new(-0.000000, -0.000000, -0.000000, 0.706784, -0.277571, -0.650707, -0.081322, 0.881832, -0.464477, 0.702739, 0.381218, 0.600701),

              ["UpperTorso"] = CFrame.new(-0.006208, 0.159900, -0.074830, 0.960986, 0.149710, -0.232580, -0.270776, 0.680806, -0.680576, 0.056453, 0.717001, 0.694783)

          }},

          {Time = 0.167, Data = {

              ["Head"] = CFrame.new(0.000000, 0.000000, 0.000000, 0.605128, 0.013648, 0.796011, 0.232363, 0.953291, -0.192988, -0.761464, 0.301746, 0.573692),

              ["LeftFoot"] = CFrame.new(0.000000, 0.030509, -0.000002, 0.822785, -0.391164, 0.412357, 0.207033, 0.881921, 0.423518, -0.529304, -0.263072, 0.806594),

              ["LeftHand"] = CFrame.new(0.000529, -0.044439, -0.000000, 0.975044, -0.192060, 0.111370, 0.144157, 0.929195, 0.340320, -0.168844, -0.315769, 0.933691),

              ["LeftLowerArm"] = CFrame.new(-0.000499, -0.044585, 0.000242, 1.000000, -0.000000, -0.000000, 0.000000, 1.000000, -0.000001, 0.000000, -0.000000, 1.000000),

              ["LeftLowerLeg"] = CFrame.new(-0.000000, 0.122496, -0.074217, 1.000000, -0.000000, -0.000000, 0.000000, 0.231884, 0.972747, -0.000000, -0.972744, 0.231869),

              ["LeftUpperArm"] = CFrame.new(0.214933, -0.122690, -0.014195, 0.975044, 0.144157, -0.168845, -0.221648, 0.588425, -0.777579, -0.012741, 0.795597, 0.605692),

              ["LeftUpperLeg"] = CFrame.new(-0.000000, 0.000000, -0.000100, 0.462253, 0.861097, -0.211718, -0.518286, 0.068614, -0.852449, -0.719515, 0.503790, 0.478023),

              ["LowerTorso"] = CFrame.new(0.195591, -1.395458, 0.341405, 0.938975, -0.339739, 0.053885, 0.004716, 0.169347, 0.985545, -0.343953, -0.925148, 0.160615),

              ["RightFoot"] = CFrame.new(-0.000000, 0.027488, -0.000102, 0.662074, 0.288645, -0.691644, -0.223389, 0.956912, 0.185527, 0.715371, 0.031672, 0.698003),

              ["RightHand"] = CFrame.new(-0.000514, -0.021341, 0.000000, 0.992905, 0.103044, -0.059351, -0.078911, 0.944330, 0.319399, 0.088959, -0.312446, 0.945760),

              ["RightLowerArm"] = CFrame.new(-0.000001, -0.021315, 0.000116, 1.000000, 0.000000, 0.000000, -0.000000, 1.000000, -0.000001, -0.000000, -0.000000, 1.000000),

              ["RightLowerLeg"] = CFrame.new(0.000000, 0.111719, -0.051845, 1.000000, 0.000000, 0.000000, -0.000000, 0.465540, 0.885033, 0.000000, -0.885027, 0.465528),

              ["RightUpperArm"] = CFrame.new(-0.117265, -0.088892, -0.024793, 0.992904, -0.078911, 0.088959, 0.118453, 0.590487, -0.798307, 0.010467, 0.803180, 0.595644),

              ["RightUpperLeg"] = CFrame.new(-0.000000, -0.000000, -0.000000, 0.734158, -0.144399, -0.663450, -0.178501, 0.901705, -0.393761, 0.655096, 0.407526, 0.636228),

              ["UpperTorso"] = CFrame.new(-0.000823, 0.162158, -0.071102, 0.938975, 0.193267, -0.284559, -0.339739, 0.650632, -0.679157, 0.053885, 0.734388, 0.676588)

          }},

          {Time = 0.200, Data = {

              ["Head"] = CFrame.new(0.000000, 0.000000, -0.000000, 0.605128, 0.013648, 0.796011, 0.232363, 0.953291, -0.192988, -0.761464, 0.301746, 0.573692),

              ["LeftFoot"] = CFrame.new(-0.000000, 0.030544, -0.000002, 0.821957, -0.375865, 0.427943, 0.211538, 0.899054, 0.383363, -0.528809, -0.224562, 0.818473),

              ["LeftHand"] = CFrame.new(0.000529, -0.044535, 0.000000, 0.975052, -0.192027, 0.111351, 0.144140, 0.929213, 0.340279, -0.168810, -0.315736, 0.933708),

              ["LeftLowerArm"] = CFrame.new(-0.000499, -0.044680, 0.000243, 1.000000, -0.000000, -0.000000, 0.000000, 1.000000, -0.000001, 0.000000, -0.000000, 1.000000),

              ["LeftLowerLeg"] = CFrame.new(-0.000000, 0.122634, -0.074720, 1.000000, -0.000000, -0.000000, 0.000000, 0.226661, 0.973977, -0.000000, -0.973974, 0.226646),

              ["LeftUpperArm"] = CFrame.new(0.214938, -0.122671, -0.014193, 0.975052, 0.144140, -0.168810, -0.221610, 0.588462, -0.777561, -0.012739, 0.795573, 0.605724),

              ["LeftUpperLeg"] = CFrame.new(-0.000000, 0.000000, -0.000100, 0.508685, 0.853768, -0.110967, -0.485155, 0.177762, -0.856165, -0.711241, 0.489367, 0.504646),

              ["LowerTorso"] = CFrame.new(0.161798, -1.405222, 0.350297, 0.960986, -0.270776, 0.056453, -0.003037, 0.193758, 0.981045, -0.276582, -0.942941, 0.185376),

              ["RightFoot"] = CFrame.new(0.000000, 0.028660, -0.000102, 0.712148, 0.275219, -0.645856, -0.229037, 0.960699, 0.156853, 0.663617, 0.036223, 0.747173),

              ["RightHand"] = CFrame.new(-0.000514, -0.021451, 0.000000, 0.992907, 0.103026, -0.059341, -0.078901, 0.944346, 0.319355, 0.088939, -0.312405, 0.945775),

              ["RightLowerArm"] = CFrame.new(-0.000001, -0.021425, 0.000117, 1.000000, 0.000000, 0.000000, -0.000000, 1.000000, -0.000001, -0.000000, -0.000000, 1.000000),

              ["RightLowerLeg"] = CFrame.new(0.000000, 0.115673, -0.058329, 1.000000, 0.000000, 0.000000, -0.000000, 0.398113, 0.917343, 0.000000, -0.917337, 0.398099),

              ["RightUpperArm"] = CFrame.new(-0.117266, -0.088881, -0.024792, 0.992907, -0.078901, 0.088939, 0.118432, 0.590524, -0.798282, 0.010465, 0.803154, 0.595680),

              ["RightUpperLeg"] = CFrame.new(0.000000, -0.000000, -0.000000, 0.706784, -0.277571, -0.650707, -0.081322, 0.881832, -0.464477, 0.702739, 0.381218, 0.600701),

              ["UpperTorso"] = CFrame.new(-0.006208, 0.159900, -0.074830, 0.960986, 0.149710, -0.232581, -0.270776, 0.680806, -0.680576, 0.056453, 0.717001, 0.694783)

          }},

          {Time = 0.233, Data = {

              ["Head"] = CFrame.new(0.000000, 0.000000, 0.000000, 0.605128, 0.013648, 0.796011, 0.232363, 0.953291, -0.192988, -0.761464, 0.301746, 0.573692),

              ["LeftFoot"] = CFrame.new(0.000000, 0.030379, -0.000002, 0.818569, -0.340051, 0.462962, 0.215362, 0.928837, 0.301479, -0.532508, -0.147062, 0.833533),

              ["LeftHand"] = CFrame.new(0.000530, -0.044762, 0.000000, 0.975073, -0.191949, 0.111305, 0.144098, 0.929255, 0.340181, -0.168727, -0.315659, 0.933749),

              ["LeftLowerArm"] = CFrame.new(-0.000499, -0.044908, 0.000244, 1.000000, -0.000000, -0.000000, 0.000000, 1.000000, -0.000001, 0.000000, -0.000000, 1.000000),

              ["LeftLowerLeg"] = CFrame.new(0.000000, 0.121973, -0.072397, 1.000000, -0.000000, -0.000000, 0.000000, 0.250772, 0.968050, -0.000000, -0.968046, 0.250757),

              ["LeftUpperArm"] = CFrame.new(0.214948, -0.122626, -0.014191, 0.975073, 0.144098, -0.168727, -0.221520, 0.588551, -0.777519, -0.012735, 0.795514, 0.605801),

              ["LeftUpperLeg"] = CFrame.new(-0.000000, -0.000000, -0.000100, 0.597516, 0.788799, 0.144136, -0.389515, 0.442627, -0.807678, -0.700894, 0.426472, 0.571736),

              ["LowerTorso"] = CFrame.new(0.079491, -1.426510, 0.362804, 0.993569, -0.102021, 0.049117, -0.022530, 0.246975, 0.968760, -0.110964, -0.963636, 0.243088),

              ["RightFoot"] = CFrame.new(-0.000000, 0.030542, -0.000102, 0.824603, 0.234877, -0.514673, -0.210950, 0.971786, 0.105520, 0.524909, 0.021563, 0.850868),

              ["RightHand"] = CFrame.new(-0.000514, -0.021679, 0.000000, 0.992913, 0.102983, -0.059315, -0.078878, 0.944383, 0.319251, 0.088893, -0.312307, 0.945812),

              ["RightLowerArm"] = CFrame.new(-0.000001, -0.021653, 0.000118, 1.000000, 0.000000, 0.000000, -0.000000, 1.000000, -0.000001, -0.000000, -0.000000, 1.000000),

              ["RightLowerLeg"] = CFrame.new(0.000000, 0.121616, -0.071977, 1.000000, 0.000000, 0.000000, -0.000000, 0.256163, 0.966637, 0.000000, -0.966634, 0.256148),

              ["RightUpperArm"] = CFrame.new(-0.117269, -0.088856, -0.024790, 0.992913, -0.078878, 0.088893, 0.118382, 0.590615, -0.798223, 0.010461, 0.803090, 0.595767),

              ["RightUpperLeg"] = CFrame.new(0.000000, -0.000000, -0.000000, 0.590000, -0.580834, -0.560845, 0.138006, 0.756936, -0.638732, 0.795522, 0.299466, 0.526757),

              ["UpperTorso"] = CFrame.new(-0.018941, 0.154676, -0.083145, 0.993569, 0.042271, -0.105042, -0.102021, 0.736627, -0.668560, 0.049117, 0.674977, 0.736203)

          }},

          {Time = 0.267, Data = {

              ["Head"] = CFrame.new(0.000000, 0.000000, 0.000000, 0.605128, 0.013648, 0.796011, 0.232363, 0.953291, -0.192988, -0.761464, 0.301746, 0.573692),

              ["LeftFoot"] = CFrame.new(0.000000, 0.029278, -0.000002, 0.812957, -0.302460, 0.497639, 0.206316, 0.948703, 0.239589, -0.544551, -0.092095, 0.833638),

              ["LeftHand"] = CFrame.new(0.000530, -0.045034, 0.000000, 0.975097, -0.191857, 0.111251, 0.144048, 0.929305, 0.340064, -0.168628, -0.315567, 0.933798),

              ["LeftLowerArm"] = CFrame.new(-0.000499, -0.045180, 0.000245, 1.000000, -0.000000, -0.000000, 0.000000, 1.000000, -0.000001, 0.000000, -0.000000, 1.000000),

              ["LeftLowerLeg"] = CFrame.new(-0.000000, 0.118572, -0.063665, 1.000000, -0.000000, -0.000000, 0.000000, 0.341602, 0.939850, -0.000000, -0.939845, 0.341588),

              ["LeftUpperArm"] = CFrame.new(0.214960, -0.122573, -0.014188, 0.975097, 0.144048, -0.168629, -0.221413, 0.588658, -0.777469, -0.012729, 0.795445, 0.605893),

              ["LeftUpperLeg"] = CFrame.new(-0.000000, -0.000000, -0.000100, 0.657640, 0.615490, 0.434390, -0.259900, 0.726573, -0.636020, -0.707080, 0.305392, 0.637796),

              ["LowerTorso"] = CFrame.new(-0.019012, -1.448165, 0.361728, 0.994850, 0.100062, 0.016159, -0.045757, 0.301113, 0.952490, 0.090442, -0.948324, 0.304141),

              ["RightFoot"] = CFrame.new(0.000000, 0.031781, -0.000101, 0.918478, 0.181816, -0.351223, -0.155991, 0.982608, 0.100746, 0.363408, -0.037735, 0.930856),

              ["RightHand"] = CFrame.new(-0.000514, -0.021952, -0.000000, 0.992920, 0.102931, -0.059285, -0.078849, 0.944427, 0.319127, 0.088837, -0.312190, 0.945856),

              ["RightLowerArm"] = CFrame.new(-0.000001, -0.021925, 0.000119, 1.000000, 0.000000, 0.000000, -0.000000, 1.000000, -0.000001, -0.000000, -0.000000, 1.000000),

              ["RightLowerLeg"] = CFrame.new(0.000000, 0.124618, -0.083784, 1.000000, 0.000000, 0.000000, -0.000000, 0.133305, 0.991077, 0.000000, -0.991075, 0.133290),

              ["RightUpperArm"] = CFrame.new(-0.117272, -0.088826, -0.024787, 0.992920, -0.078849, 0.088837, 0.118322, 0.590722, -0.798153, 0.010456, 0.803013, 0.595869),

              ["RightUpperLeg"] = CFrame.new(0.000000, 0.000000, -0.000000, 0.400526, -0.852169, -0.336749, 0.335987, 0.478486, -0.811263, 0.852462, 0.211801, 0.477967),

              ["UpperTorso"] = CFrame.new(-0.034588, 0.148763, -0.092084, 0.994850, -0.087985, 0.050320, 0.100062, 0.773396, -0.625976, 0.016159, 0.627787, 0.778217)

          }},

          {Time = 0.300, Data = {

              ["Head"] = CFrame.new(0.000000, 0.000000, 0.000000, 0.605128, 0.013648, 0.796011, 0.232363, 0.953291, -0.192988, -0.761464, 0.301746, 0.573692),

              ["LeftFoot"] = CFrame.new(0.000000, 0.027378, -0.000002, 0.808300, -0.278289, 0.518876, 0.185966, 0.956805, 0.223485, -0.558630, -0.084143, 0.825119),

              ["LeftHand"] = CFrame.new(0.000530, -0.045262, -0.000000, 0.975118, -0.191779, 0.111206, 0.144007, 0.929348, 0.339967, -0.168545, -0.315490, 0.933839),

              ["LeftLowerArm"] = CFrame.new(-0.000499, -0.045407, 0.000247, 1.000000, -0.000000, -0.000000, 0.000000, 1.000000, -0.000001, 0.000000, -0.000000, 1.000000),

              ["LeftLowerLeg"] = CFrame.new(0.000000, 0.112241, -0.052236, 1.000000, -0.000000, -0.000000, 0.000000, 0.460441, 0.887697, -0.000000, -0.887690, 0.460428),

              ["LeftUpperArm"] = CFrame.new(0.214970, -0.122528, -0.014186, 0.975118, 0.144007, -0.168546, -0.221323, 0.588747, -0.777427, -0.012724, 0.795386, 0.605969),

              ["LeftUpperLeg"] = CFrame.new(-0.000000, -0.000000, -0.000100, 0.669582, 0.399359, 0.626245, -0.153128, 0.899257, -0.409721, -0.726782, 0.178464, 0.663284),

              ["LowerTorso"] = CFrame.new(-0.098864, -1.463294, 0.347986, 0.964420, 0.262681, -0.029880, -0.063234, 0.338937, 0.938682, 0.256702, -0.903394, 0.343488),

              ["RightFoot"] = CFrame.new(0.000000, 0.032184, -0.000101, 0.960592, 0.143664, -0.237973, -0.109714, 0.982536, 0.150303, 0.255393, -0.118254, 0.959572),

              ["RightHand"] = CFrame.new(-0.000515, -0.022180, 0.000000, 0.992926, 0.102887, -0.059259, -0.078826, 0.944464, 0.319023, 0.088791, -0.312092, 0.945893),

              ["RightLowerArm"] = CFrame.new(-0.000001, -0.022153, 0.000120, 1.000000, 0.000000, 0.000000, -0.000000, 1.000000, -0.000001, -0.000000, -0.000000, 1.000000),

              ["RightLowerLeg"] = CFrame.new(0.000000, 0.125369, -0.089214, 1.000000, 0.000000, 0.000000, -0.000000, 0.076826, 0.997046, 0.000000, -0.997045, 0.076812),

              ["RightUpperArm"] = CFrame.new(-0.117275, -0.088801, -0.024785, 0.992926, -0.078826, 0.088791, 0.118271, 0.590812, -0.798093, 0.010452, 0.802949, 0.595956),

              ["RightUpperLeg"] = CFrame.new(0.000000, -0.000000, -0.000000, 0.249235, -0.964875, -0.083070, 0.437396, 0.188661, -0.879252, 0.864041, 0.182818, 0.469057),

              ["UpperTorso"] = CFrame.new(-0.048697, 0.143921, -0.098755, 0.964420, -0.194094, 0.179504, 0.262681, 0.780242, -0.567645, -0.029880, 0.594600, 0.803466)

          }},

          {Time = 0.333, Data = {

              ["Head"] = CFrame.new(0.000000, 0.000000, 0.000000, 0.605128, 0.013648, 0.796011, 0.232363, 0.953291, -0.192988, -0.761464, 0.301746, 0.573692),

              ["LeftFoot"] = CFrame.new(-0.000000, 0.026267, -0.000003, 0.806635, -0.270516, 0.525537, 0.173699, 0.958350, 0.226713, -0.564951, -0.091584, 0.820008),

              ["LeftHand"] = CFrame.new(0.000530, -0.045358, 0.000000, 0.975126, -0.191746, 0.111187, 0.143989, 0.929365, 0.339926, -0.168511, -0.315457, 0.933857),

              ["LeftLowerArm"] = CFrame.new(-0.000499, -0.045502, 0.000247, 1.000000, -0.000000, -0.000000, 0.000000, 1.000000, -0.000001, 0.000000, -0.000000, 1.000000),

              ["LeftLowerLeg"] = CFrame.new(0.000000, 0.108244, -0.046599, 1.000000, -0.000000, -0.000000, 0.000000, 0.518979, 0.854794, -0.000000, -0.854787, 0.518968),

              ["LeftUpperArm"] = CFrame.new(0.214975, -0.122509, -0.014185, 0.975126, 0.143989, -0.168511, -0.221285, 0.588784, -0.777410, -0.012722, 0.795362, 0.606002),

              ["LeftUpperLeg"] = CFrame.new(-0.000000, -0.000000, -0.000100, 0.665134, 0.294362, 0.686264, -0.111471, 0.947866, -0.298514, -0.738357, 0.122071, 0.663273),

              ["LowerTorso"] = CFrame.new(-0.131020, -1.468892, 0.338979, 0.943317, 0.327549, -0.053524, -0.069607, 0.352931, 0.933057, 0.324513, -0.876443, 0.355725),

              ["RightFoot"] = CFrame.new(0.000000, 0.032244, -0.000101, 0.971176, 0.130477, -0.199498, -0.093880, 0.978616, 0.183042, 0.219099, -0.159019, 0.962651),

              ["RightHand"] = CFrame.new(-0.000515, -0.022276, 0.000000, 0.992929, 0.102869, -0.059249, -0.078816, 0.944480, 0.318979, 0.088771, -0.312051, 0.945908),

              ["RightLowerArm"] = CFrame.new(-0.000001, -0.022249, 0.000121, 1.000000, 0.000000, 0.000000, -0.000000, 1.000000, -0.000001, -0.000000, -0.000000, 1.000000),

              ["RightLowerLeg"] = CFrame.new(0.000000, 0.125463, -0.090192, 1.000000, 0.000000, 0.000000, -0.000000, 0.066659, 0.997777, 0.000000, -0.997776, 0.066645),

              ["RightUpperArm"] = CFrame.new(-0.117277, -0.088790, -0.024784, 0.992929, -0.078816, 0.088771, 0.118250, 0.590850, -0.798069, 0.010450, 0.802923, 0.595992),

              ["RightUpperLeg"] = CFrame.new(0.000000, 0.000000, -0.000000, 0.194280, -0.980521, 0.028836, 0.465692, 0.066299, -0.882459, 0.863358, 0.184884, 0.469505),

              ["UpperTorso"] = CFrame.new(-0.055004, 0.141853, -0.101309, 0.943317, -0.236741, 0.232610, 0.327549, 0.777090, -0.537441, -0.053524, 0.583168, 0.810586)

          }},

      }
}
