return {
    ["Dirtbike Challenge"] = {
        [1] = {Time = 0.000, Data = {
            ["RightFoot"] = CFrame.new(-3.725290298461914e-08, 3.5762786865234375e-07, -2.665256033651531e-07, 0.9893941879272461, -0.12387581914663315, -0.0758550837635994, 0.13459435105323792, 0.9782130718231201, 0.15806277096271515, 0.054622452706098557, -0.16659553349018097, 0.9845111966133118),
            ["LeftLowerArm"] = CFrame.new(1.4901161193847656e-07, 1.1920928955078125e-07, 2.682209014892578e-07, 1, -1.0803348260424173e-07, 0, 9.685756197086448e-08, 0.41027459502220154, -0.9119622111320496, 7.078052277620372e-08, 0.91196209192276, 0.4102743864059448),
            ["RightUpperArm"] = CFrame.new(1.1920928955078125e-07, -1.1920928955078125e-07, -7.101334631443024e-08, 0.9252785444259644, -0.2693919539451599, 0.26699790358543396, 0.37918421626091003, 0.6404917240142822, -0.6678246259689331, 0.008896620944142342, 0.719165027141571, 0.6947822570800781),
            ["Head"] = CFrame.new(-3.259629011154175e-09, 0, -4.0978193283081055e-08, 0.9988446235656738, 0.047763045877218246, 0.005300185177475214, -0.04805642366409302, 0.9926198720932007, 0.11133984476327896, 0.00005687952216248959, -0.11146582663059235, 0.9937683343887329),
            ["RightHand"] = CFrame.new(-1.825392246246338e-07, 0, -8.940696716308594e-08, 0.2571687400341034, -0.027531307190656662, 0.9659743309020996, 0.15689340233802795, 0.9875215888023376, -0.013623712584376335, -0.953545331954956, 0.15505875647068024, 0.25827905535697937),
            ["UpperTorso"] = CFrame.new(6.51925802230835e-09, -5.960464477539063e-08, -1.30385160446167e-08, 0.9964200854301453, -0.01354728639125824, -0.0834486111998558, 0.037147924304008484, 0.9568405747413635, 0.28822943568229675, 0.07594230026006699, -0.2902975082397461, 0.9539183378219604),
            ["HumanoidRootPart"] = CFrame.new(0, 0, 0, 1, 0, 0, 0, 1, 0, 0, 0, 1),
            ["RightUpperLeg"] = CFrame.new(0, -2.2654421627521515e-07, 1.789812813512981e-07, 0.9377016425132751, -0.2815932631492615, -0.20352116227149963, -0.0034171442966908216, 0.5782681703567505, -0.8158395886421204, 0.3474246859550476, 0.7657095789909363, 0.5412806868553162),
            ["LeftUpperArm"] = CFrame.new(-1.1920928955078125e-07, -1.1920928955078125e-07, -5.8906152844429016e-08, 0.844366192817688, 0.33473527431488037, -0.41832804679870605, -0.5357340574264526, 0.5361037254333496, -0.6523662805557251, 0.005897499155253172, 0.7749484777450562, 0.6319968104362488),
            ["RightLowerArm"] = CFrame.new(-1.1920928955078125e-07, -2.980232238769531e-07, 7.450580596923828e-09, 1, -6.705523247774181e-08, 1.862645149230957e-08, 7.078052277620372e-08, 0.46608543395996094, -0.8847397565841675, 8.195639367158947e-08, 0.8847398161888123, 0.46608537435531616),
            ["LeftHand"] = CFrame.new(7.450580596923828e-08, -5.960464477539063e-08, -5.960464477539063e-08, 0.29583024978637695, 0.01199999637901783, -0.9551653265953064, -0.0061232829466462135, 0.99992436170578, 0.010666164569556713, 0.9552209973335266, 0.0026933399494737387, 0.29588091373443604),
            ["LeftFoot"] = CFrame.new(-2.0489096641540527e-08, -1.1920928955078125e-07, -1.955777406692505e-08, 0.9805992841720581, 0.16964513063430786, 0.09821191430091858, -0.05681387335062027, 0.7254818081855774, -0.6858925223350525, -0.18760932981967926, 0.6670058369636536, 0.7210451364517212),
            ["LowerTorso"] = CFrame.new(-0.14066696166992188, -0.3748042583465576, 0.019440725445747375, 0.9962692856788635, -0.006909810937941074, 0.08602234721183777, 0.04276594519615173, 0.905319094657898, -0.42257365584373474, -0.07495776563882828, 0.42467594146728516, 0.902237057685852),
            ["RightLowerLeg"] = CFrame.new(8.940696716308594e-08, -0.0000603795051574707, -0.00007192620978457853, 1, -9.685756907629184e-08, -4.4703494239684005e-08, 1.1175870895385742e-07, 0.6896089911460876, 0.724181592464447, -4.0978193283081055e-08, -0.7241820693016052, 0.6896094083786011),
            ["LeftUpperLeg"] = CFrame.new(2.9802322387695312e-08, 2.0489096641540527e-08, 7.450580596923828e-09, 0.9900097846984863, -0.07703673839569092, 0.11809349060058594, 0.09413998574018478, 0.9846663475036621, -0.1468668282032013, -0.10496844351291656, 0.15651705861091614, 0.9820814728736877),
            ["LeftLowerLeg"] = CFrame.new(-4.0978193283081055e-08, 0.000060677528381347656, 0.00007215887308120728, 1, 9.685756197086448e-08, 6.519257311765614e-08, -7.450580596923828e-08, 0.2405182123184204, 0.9706445932388306, 8.940696716308594e-08, -0.9706447124481201, 0.24051834642887115)
        }},
        [2] = {Time = 0.033, Data = {
            ["RightFoot"] = CFrame.new(-5.960464477539063e-08, 2.384185791015625e-07, 1.6952981241047382e-09, 0.9915911555290222, -0.10506841540336609, -0.0755486860871315, 0.10416469722986221, 0.9944343566894531, -0.01581614650785923, 0.07678989320993423, 0.00781357754021883, 0.9970166683197021),
            ["LeftLowerArm"] = CFrame.new(-0.0000010728836059570312, 5.960464477539063e-08, 0, 1, -6.705521116145974e-08, 5.960463766996327e-08, 1.1920927533992653e-07, 0.32152846455574036, -0.9468998312950134, -5.215405707303944e-08, 0.9468998908996582, 0.32152870297431946),
            ["RightUpperArm"] = CFrame.new(-1.1920928955078125e-07, -4.76837158203125e-07, -5.587935447692871e-08, 0.8079795241355896, -0.402942955493927, 0.4298909306526184, 0.588806688785553, 0.5251600742340088, -0.6144212484359741, 0.021815236657857895, 0.7495625019073486, 0.6615742444992065),
            ["Head"] = CFrame.new(-1.5366822481155396e-08, -2.384185791015625e-07, -6.542541086673737e-08, 0.9991092681884766, 0.038681674748659134, -0.016865020617842674, -0.036522276699543, 0.9928554892539978, 0.11359702050685883, 0.02113867737352848, -0.11287984997034073, 0.9933837652206421),
            ["RightHand"] = CFrame.new(-2.4586915969848633e-07, -1.1920928955078125e-07, 1.4901161193847656e-07, 0.5401293039321899, -0.005182117689400911, 0.8415661454200745, -0.10303356498479843, 0.9920514225959778, 0.0722370520234108, -0.8352510929107666, -0.12572653591632843, 0.5353021025657654),
            ["UpperTorso"] = CFrame.new(-9.313225746154785e-09, -1.4901161193847656e-07, 2.7939677238464355e-08, 0.9963831305503845, 0.027983687818050385, -0.0802355483174324, -0.006283223628997803, 0.9658975005149841, 0.25884872674942017, 0.08474285900592804, -0.25740838050842285, 0.9625797271728516),
            ["HumanoidRootPart"] = CFrame.new(0, 0, 0, 1, 0, 0, 0, 1, 0, 0, 0, 1),
            ["RightUpperLeg"] = CFrame.new(5.960464477539063e-08, -1.5972182154655457e-07, -4.267349140718579e-08, 0.9287199974060059, -0.3155754804611206, -0.19465668499469757, -0.01709185354411602, 0.4879951775074005, -0.8726791143417358, 0.37038764357566833, 0.8138015866279602, 0.4478171169757843),
            ["LeftUpperArm"] = CFrame.new(-1.1920928955078125e-07, -3.5762786865234375e-07, -9.313225746154785e-08, 0.6381686329841614, 0.48745453357696533, -0.5959271788597107, -0.7695154547691345, 0.3794972598552704, -0.5136412978172302, -0.02422383800148964, 0.7863650918006897, 0.6172872185707092),
            ["RightLowerArm"] = CFrame.new(-1.7881393432617188e-07, 5.960464477539063e-08, 1.4156103134155273e-07, 1, -5.960463766996327e-08, 4.0978196835794733e-08, 9.685756197086448e-08, 0.4674850404262543, -0.8840010166168213, 1.005828522693264e-07, 0.8840010166168213, 0.46748512983322144),
            ["LeftHand"] = CFrame.new(1.9371509552001953e-07, -5.960464477539063e-08, -1.1920928955078125e-07, 0.6454277634620667, -0.04950795695185661, -0.7622153759002686, 0.2700866460800171, 0.9482226371765137, 0.1671142727136612, 0.7144761681556702, -0.31372442841529846, 0.6253803372383118),
            ["LeftFoot"] = CFrame.new(1.862645149230957e-08, 5.960464477539063e-08, -3.632158041000366e-08, 0.9807653427124023, 0.16739517450332642, 0.10039110481739044, -0.06219469755887985, 0.7555191516876221, -0.652167797088623, -0.1850171834230423, 0.6333796977996826, 0.751397967338562),
            ["LowerTorso"] = CFrame.new(-0.14066696166992188, -0.33495521545410156, 0.026210544630885124, 0.9932965040206909, -0.034121785312891006, 0.11044347286224365, 0.07554340362548828, 0.9147971272468567, -0.3967863917350769, -0.08749429881572723, 0.4024697244167328, 0.9112425446510315),
            ["RightLowerLeg"] = CFrame.new(-2.9802322387695312e-08, -0.00006031990051269531, -0.00007204914436442778, 1, -1.3411046495548362e-07, -4.842878453814592e-08, 1.0337681999317283e-07, 0.4776051342487335, 0.8785746097564697, -8.568168397005138e-08, -0.8785747289657593, 0.47760531306266785),
            ["LeftUpperLeg"] = CFrame.new(0, -2.644956111907959e-07, -2.2351741790771484e-08, 0.9945068359375, -0.05471538007259369, 0.08923265337944031, 0.06964822113513947, 0.9822942614555359, -0.17391717433929443, -0.07813675701618195, 0.17917653918266296, 0.9807091951370239),
            ["LeftLowerLeg"] = CFrame.new(8.940696716308594e-08, 0.000060617923736572266, 0.00007204711437225342, 1, 1.1920928955078125e-07, 6.426125764846802e-08, -8.195638656616211e-08, 0.26716044545173645, 0.9636520147323608, 7.450580596923828e-08, -0.9636521339416504, 0.2671605348587036)
        }},
        [3] = {Time = 0.067, Data = {
            ["RightFoot"] = CFrame.new(0, 2.980232238769531e-07, 9.145878721028566e-09, 0.9945329427719116, -0.05299055948853493, -0.08997863531112671, 0.03278825804591179, 0.9765645861625671, -0.2127123773097992, 0.09914202988147736, 0.20859959721565247, 0.9729632139205933),
            ["LeftLowerArm"] = CFrame.new(8.940696716308594e-08, -1.1920928955078125e-07, 2.7939677238464355e-07, 1, -1.1920928955078125e-07, 7.450579886381092e-08, 2.980232594040899e-08, 0.30219581723213196, -0.9532458782196045, 1.4901162970204496e-08, 0.9532458782196045, 0.3021957278251648),
            ["RightUpperArm"] = CFrame.new(-5.960464477539063e-08, -4.76837158203125e-07, 1.862645149230957e-09, 0.6262598037719727, -0.513518214225769, 0.5865985155105591, 0.7777593731880188, 0.359648197889328, -0.5155031681060791, 0.05375117436051369, 0.7790713906288147, 0.6246268153190613),
            ["Head"] = CFrame.new(-5.587935447692871e-09, -2.384185791015625e-07, -7.12461769580841e-08, 0.9990867972373962, 0.02571258880198002, -0.03412347659468651, -0.020501596853137016, 0.9892004728317261, 0.14512816071510315, 0.03748660534620285, -0.14429596066474915, 0.9888243675231934),
            ["RightHand"] = CFrame.new(-1.6391277313232422e-07, -5.960464477539063e-08, 2.384185791015625e-07, 0.7857401967048645, 0.12907475233078003, 0.604939877986908, -0.2976391613483429, 0.9362174868583679, 0.18683680891990662, -0.5422391891479492, -0.3268588185310364, 0.7740411758422852),
            ["UpperTorso"] = CFrame.new(-1.862645149230957e-09, 0, -1.2665987014770508e-07, 0.9937784671783447, 0.07886050641536713, -0.0786483883857727, -0.06222010403871536, 0.9787824153900146, 0.19522716104984283, 0.09237537533044815, -0.18911907076835632, 0.9775995016098022),
            ["HumanoidRootPart"] = CFrame.new(0, 0, 0, 1, 0, 0, 0, 1, 0, 0, 0, 1),
            ["RightUpperLeg"] = CFrame.new(0, 1.6298145055770874e-07, -1.6560807125642896e-07, 0.9242616295814514, -0.33956092596054077, -0.17446750402450562, -0.01656406559050083, 0.4209086298942566, -0.9069519639015198, 0.3814001679420471, 0.8411505222320557, 0.38340505957603455),
            ["LeftUpperArm"] = CFrame.new(0, -4.76837158203125e-07, 3.725290298461914e-09, 0.395832359790802, 0.5804370045661926, -0.7116248607635498, -0.9145879149436951, 0.1793544441461563, -0.36243727803230286, -0.08273865282535553, 0.7943077683448792, 0.6018550395965576),
            ["RightLowerArm"] = CFrame.new(-2.682209014892578e-07, 5.960464477539063e-08, 2.1606683731079102e-07, 1, -5.960464477539063e-08, 6.705523958316917e-08, 5.960465898624534e-08, 0.4852010905742645, -0.8744025230407715, 5.960465898624534e-08, 0.874402642250061, 0.4852012097835541),
            ["LeftHand"] = CFrame.new(6.258487701416016e-07, 1.7881393432617188e-07, 5.960464477539063e-08, 0.8615587949752808, -0.24134498834609985, -0.4466199278831482, 0.4013500213623047, 0.8625388145446777, 0.30813127756118774, 0.3108610510826111, -0.44472408294677734, 0.8399915099143982),
            ["LeftFoot"] = CFrame.new(-1.30385160446167e-08, 5.960464477539063e-08, 1.9907020032405853e-08, 0.9808087944984436, 0.1632593721151352, 0.10658551752567291, -0.06769108027219772, 0.7978006601333618, -0.5991098880767822, -0.18284426629543304, 0.580396831035614, 0.7935407161712646),
            ["LowerTorso"] = CFrame.new(-0.14066697657108307, -0.28401780128479004, 0.023203030228614807, 0.9889764785766602, -0.07282400131225586, 0.12892761826515198, 0.11373050510883331, 0.9311493635177612, -0.3464481234550476, -0.09482111036777496, 0.3572920560836792, 0.9291670322418213),
            ["RightLowerLeg"] = CFrame.new(0, -0.000060498714447021484, -0.00007222050771815702, 1, -1.2572851915138017e-07, -1.2433162055458524e-07, 1.1664815247058868e-07, 0.1713142693042755, 0.9852163791656494, -1.3597309589385986e-07, -0.9852164387702942, 0.1713147759437561),
            ["LeftUpperLeg"] = CFrame.new(-5.960464477539063e-08, 5.029141902923584e-08, -5.960464477539063e-08, 0.9978640675544739, -0.023620136082172394, 0.06090426445007324, 0.036544669419527054, 0.974642276763916, -0.2207643687725067, -0.054145392030477524, 0.22251881659030914, 0.9734237790107727),
            ["LeftLowerLeg"] = CFrame.new(0, 0.00006091594696044922, 0.00007206946611404419, 1, 6.705523958316917e-08, 4.79631196981245e-08, -1.1920930376163597e-07, 0.2937275767326355, 0.9558892250061035, 6.705523247774181e-08, -0.9558892250061035, 0.2937273383140564)
        }},
        [4] = {Time = 0.100, Data = {
            ["RightFoot"] = CFrame.new(-4.284083843231201e-08, 2.980232238769531e-07, 4.639878170564771e-08, 0.9946714639663696, 0.011298825033009052, -0.10247494280338287, -0.03922290727496147, 0.9607040286064148, -0.2747896611690521, 0.09534311294555664, 0.27734506130218506, 0.9560279846191406),
            ["LeftLowerArm"] = CFrame.new(-7.152557373046875e-07, 1.7881393432617188e-07, -1.8370337784290314e-07, 1, -2.980232949312267e-08, 1.0430809993522416e-07, 1.341104365337742e-07, 0.3358299136161804, -0.9419227838516235, 1.639127589214695e-07, 0.9419227242469788, 0.335829496383667),
            ["RightUpperArm"] = CFrame.new(0, 0, -3.91155481338501e-08, 0.48090970516204834, -0.5594043135643005, 0.6751241683959961, 0.8722193241119385, 0.22688964009284973, -0.43330657482147217, 0.08921487629413605, 0.7972376346588135, 0.5970367193222046),
            ["Head"] = CFrame.new(-7.450580596923828e-09, -1.1920928955078125e-07, -3.259629011154175e-09, 0.9991577863693237, 0.017405973747372627, -0.03715929761528969, -0.009743728674948215, 0.9803137183189392, 0.19720609486103058, 0.03986036777496338, -0.19667790830135345, 0.9796575307846069),
            ["RightHand"] = CFrame.new(2.682209014892578e-07, -1.1920928955078125e-07, 3.5390257835388184e-08, 0.8732386827468872, 0.29323628544807434, 0.3891874849796295, -0.41184595227241516, 0.8710119128227234, 0.26780813932418823, -0.2604556679725647, -0.3941453695297241, 0.881369411945343),
            ["UpperTorso"] = CFrame.new(3.632158041000366e-08, -2.086162567138672e-07, -9.313225746154785e-08, 0.9909970164299011, 0.10451939702033997, -0.08366987109184265, -0.09292955696582794, 0.9868687987327576, 0.13211436569690704, 0.09637968242168427, -0.12314947694540024, 0.9876969456672668),
            ["HumanoidRootPart"] = CFrame.new(0, 0, 0, 1, 0, 0, 0, 1, 0, 0, 0, 1),
            ["RightUpperLeg"] = CFrame.new(1.1920928955078125e-07, -5.550682544708252e-07, 2.2519088815897703e-08, 0.9272772073745728, -0.35003411769866943, -0.13278944790363312, 0.00618875864893198, 0.36897969245910645, -0.9294170141220093, 0.374324232339859, 0.8610053658485413, 0.34431254863739014),
            ["LeftUpperArm"] = CFrame.new(-1.1920928955078125e-07, 0, -5.21540641784668e-08, 0.2716994285583496, 0.5949856042861938, -0.756420373916626, -0.9548200368881226, 0.06831689924001694, -0.2892257869243622, -0.12040866166353226, 0.80082768201828, 0.586665689945221),
            ["RightLowerArm"] = CFrame.new(5.960464477539063e-08, 2.384185791015625e-07, 2.60770320892334e-07, 1, -5.960465188081798e-08, 1.4901162970204496e-08, 8.940698847936801e-08, 0.5051325559616089, -0.863041877746582, 1.8626455755565985e-07, 0.8630418181419373, 0.5051325559616089),
            ["LeftHand"] = CFrame.new(1.4901161193847656e-07, 1.1920928955078125e-07, 0, 0.8795695304870605, -0.41028472781181335, -0.24088220298290253, 0.4738708436489105, 0.8006722927093506, 0.3665654957294464, 0.04247177764773369, -0.4365665018558502, 0.8986687660217285),
            ["LeftFoot"] = CFrame.new(2.421438694000244e-08, 5.960464477539063e-08, -1.792795956134796e-08, 0.9809677004814148, 0.157542884349823, 0.11350233852863312, -0.07476316392421722, 0.8459367752075195, -0.5280164480209351, -0.17920100688934326, 0.5094814300537109, 0.8416150808334351),
            ["LowerTorso"] = CFrame.new(-0.14066699147224426, -0.22982335090637207, 0.015661491081118584, 0.9865409731864929, -0.09508392214775085, 0.13302619755268097, 0.1314610242843628, 0.94500732421875, -0.29946476221084595, -0.09723643213510513, 0.31292203068733215, 0.9447882771492004),
            ["RightLowerLeg"] = CFrame.new(2.9802322387695312e-08, -0.00006020069122314453, -0.00007214588549686596, 1, -1.3597305326129572e-07, -1.0849912968069475e-07, 9.109498932957649e-08, -0.11912895739078522, 0.9928788542747498, -1.6437843441963196e-07, -0.9928788542747498, -0.11912888288497925),
            ["LeftUpperLeg"] = CFrame.new(-5.960464477539063e-08, -3.110617399215698e-07, -2.60770320892334e-08, 0.9988337159156799, -0.0059886835515499115, 0.04790976643562317, 0.017693426460027695, 0.9686503410339355, -0.24779708683490753, -0.044923800975084305, 0.2483559548854828, 0.967626690864563),
            ["LeftLowerLeg"] = CFrame.new(-6.705522537231445e-08, 0.000060677528381347656, 0.00007201731204986572, 1, 9.685754776000977e-08, 4.423782584694891e-08, -1.1175870895385742e-07, 0.3420445919036865, 0.9396837949752808, 2.2351741790771484e-08, -0.9396837949752808, 0.3420445919036865)
        }},
        [5] = {Time = 0.133, Data = {
            ["RightFoot"] = CFrame.new(-4.842877388000488e-08, 3.5762786865234375e-07, 1.6596459317952394e-08, 0.9930354952812195, 0.06894169747829437, -0.09553859382867813, -0.08905981481075287, 0.9701318144798279, -0.22563816606998444, 0.07712889462709427, 0.2325756698846817, 0.969515323638916),
            ["LeftLowerArm"] = CFrame.new(2.9802322387695312e-08, -1.7881393432617188e-07, -2.8870999813079834e-08, 1, -5.960465188081798e-08, 7.264315371457997e-08, 8.940698137394065e-08, 0.3609350025653839, -0.9325910210609436, 1.1920930376163597e-07, 0.9325909614562988, 0.3609349727630615),
            ["RightUpperArm"] = CFrame.new(1.1920928955078125e-07, 2.384185791015625e-07, 6.146728992462158e-08, 0.38747668266296387, -0.5627140402793884, 0.7302156090736389, 0.9147772789001465, 0.13656020164489746, -0.38017603754997253, 0.11421210318803787, 0.8152939677238464, 0.5676718354225159),
            ["Head"] = CFrame.new(3.725290298461914e-09, 2.384185791015625e-07, 8.102506399154663e-08, 0.9995039105415344, 0.015690824016928673, -0.02730732038617134, -0.008540995419025421, 0.9696049094200134, 0.2445271909236908, 0.030314186587929726, -0.2441725879907608, 0.9692578911781311),
            ["RightHand"] = CFrame.new(8.940696716308594e-08, -1.1920928955078125e-07, -8.940696716308594e-08, 0.8874915838241577, 0.3824234902858734, 0.2571205198764801, -0.44904178380966187, 0.8430333733558655, 0.2960679531097412, -0.10353768616914749, -0.3782156705856323, 0.9199091196060181),
            ["UpperTorso"] = CFrame.new(-1.6763806343078613e-08, -8.940696716308594e-08, 3.5390257835388184e-08, 0.9913344979286194, 0.1001066267490387, -0.08505697548389435, -0.09238126128911972, 0.9916145205497742, 0.09036829322576523, 0.09339018911123276, -0.08172760158777237, 0.9922695755958557),
            ["HumanoidRootPart"] = CFrame.new(0, 0, 0, 1, 0, 0, 0, 1, 0, 0, 0, 1),
            ["RightUpperLeg"] = CFrame.new(0, 2.1420419216156006e-07, 1.6931153368204832e-08, 0.9368163347244263, -0.3315869867801666, -0.11146813631057739, 0.04227551072835922, 0.4236193895339966, -0.9048532843589783, 0.34725773334503174, 0.8429690599441528, 0.4108714461326599),
            ["LeftUpperArm"] = CFrame.new(-1.1920928955078125e-07, 3.5762786865234375e-07, 2.60770320892334e-08, 0.22662018239498138, 0.5933126211166382, -0.7724141478538513, -0.966000497341156, 0.03558998927474022, -0.2560789883136749, -0.12444449961185455, 0.8041850328445435, 0.5812056660652161),
            ["RightLowerArm"] = CFrame.new(4.172325134277344e-07, -1.7881393432617188e-07, 1.4901161193847656e-07, 1, -1.1920926112907182e-07, 1.4901162970204496e-08, 3.725290653733282e-08, 0.5362109541893005, -0.8440840244293213, 8.940698137394065e-08, 0.8440840244293213, 0.5362110733985901),
            ["LeftHand"] = CFrame.new(-4.172325134277344e-07, 0, -2.2351741790771484e-08, 0.8643784523010254, -0.4763147532939911, -0.16116677224636078, 0.49888771772384644, 0.7722220420837402, 0.3934258818626404, -0.06293784826993942, -0.4204728603363037, 0.9051195383071899),
            ["LeftFoot"] = CFrame.new(-3.725290298461914e-09, -1.7881393432617188e-07, -4.889443516731262e-08, 0.9801170825958252, 0.15166443586349487, 0.12793929874897003, -0.0852547138929367, 0.9041280150413513, -0.4186699390411377, -0.17917077243328094, 0.399437814950943, 0.8990811705589294),
            ["LowerTorso"] = CFrame.new(-0.14066700637340546, -0.18352937698364258, 0.005859565455466509, 0.9880915284156799, -0.0959857627749443, 0.12025783956050873, 0.12572140991687775, 0.9542363882064819, -0.27134305238723755, -0.08870932459831238, 0.2832307815551758, 0.9549403190612793),
            ["RightLowerLeg"] = CFrame.new(-2.2351741790771484e-08, -0.00006026029586791992, -0.00007223168358905241, 1, -1.3783565577796253e-07, -1.8067662210796698e-07, 1.555308699607849e-07, -0.24513410031795502, 0.9694892764091492, -2.1047890186309814e-07, -0.9694892168045044, -0.24513407051563263),
            ["LeftUpperLeg"] = CFrame.new(2.9802322387695312e-08, 1.210719347000122e-08, 5.587935447692871e-08, 0.9983370304107666, -0.0039044604636728764, 0.05751478672027588, 0.019098445773124695, 0.963761031627655, -0.26608291268348694, -0.05439160764217377, 0.26673874258995056, 0.962232768535614),
            ["LeftLowerLeg"] = CFrame.new(9.313225746154785e-08, 0.000060439109802246094, 0.00007215887308120728, 1, 8.195638656616211e-08, 4.6566135836201283e-08, -5.2154071283894154e-08, 0.37513962388038635, 0.9269683957099915, 8.195639367158947e-08, -0.9269683957099915, 0.3751395344734192)
        }},
        [6] = {Time = 0.167, Data = {
            ["RightFoot"] = CFrame.new(-2.9802322387695312e-08, 4.76837158203125e-07, 1.6952981241047382e-09, 0.9900939464569092, 0.1250295639038086, -0.06388871371746063, -0.1333305686712265, 0.9798561930656433, -0.14867685735225677, 0.044012684375047684, 0.15572264790534973, 0.986819863319397),
            ["LeftLowerArm"] = CFrame.new(-8.344650268554688e-07, -4.172325134277344e-07, -2.384185791015625e-07, 1, -5.960465188081798e-08, 2.2351738238057806e-08, 1.1920926112907182e-07, 0.3529018759727478, -0.9356604814529419, 1.4901158351676713e-07, 0.9356604218482971, 0.3529016971588135),
            ["RightUpperArm"] = CFrame.new(0, -3.5762786865234375e-07, 4.0978193283081055e-08, 0.3776833415031433, -0.5599108338356018, 0.737465500831604, 0.9195608496665955, 0.1335199773311615, -0.36956772208213806, 0.10845868289470673, 0.8177238702774048, 0.5653002262115479),
            ["Head"] = CFrame.new(-1.909211277961731e-08, -3.5762786865234375e-07, 2.2351741790771484e-08, 0.9998098015785217, 0.015119772404432297, -0.012320321053266525, -0.011258164420723915, 0.9632176160812378, 0.26848703622817993, 0.01592666283249855, -0.2682971656322479, 0.9632045030593872),
            ["RightHand"] = CFrame.new(-2.2351741790771484e-07, 0, 1.4901161193847656e-07, 0.9067676067352295, 0.2934543490409851, 0.3027489483356476, -0.37804463505744934, 0.8838111162185669, 0.2756088972091675, -0.18669414520263672, -0.3643657863140106, 0.9123502373695374),
            ["UpperTorso"] = CFrame.new(-2.7474015951156616e-08, -3.5762786865234375e-07, 2.7939677238464355e-08, 0.9931663274765015, 0.08713238686323166, -0.07764528691768646, -0.0822494626045227, 0.994553804397583, 0.0640149712562561, 0.08280019462108612, -0.05719129368662834, 0.9949237704277039),
            ["HumanoidRootPart"] = CFrame.new(0, 0, 0, 1, 0, 0, 0, 1, 0, 0, 0, 1),
            ["RightUpperLeg"] = CFrame.new(-2.9802322387695312e-08, -1.0710209608078003e-07, -4.639878170564771e-08, 0.948635995388031, -0.308084636926651, -0.0719277635216713, 0.0900922492146492, 0.48100796341896057, -0.872075080871582, 0.30327075719833374, 0.8208014965057373, 0.4840574562549591),
            ["LeftUpperArm"] = CFrame.new(0, -4.76837158203125e-07, 3.818422555923462e-08, 0.253581702709198, 0.5911149382591248, -0.7656890749931335, -0.9626176953315735, 0.07630252838134766, -0.25989457964897156, -0.09520336985588074, 0.8029701113700867, 0.5883665084838867),
            ["RightLowerArm"] = CFrame.new(5.960464477539062e-07, -1.1920928955078125e-07, -6.705522537231445e-08, 1, -1.4901161193847656e-08, 7.4505820180093e-08, 9.313227167240257e-08, 0.5123350620269775, -0.8587856888771057, 1.0430814256778831e-07, 0.8587857484817505, 0.5123350620269775),
            ["LeftHand"] = CFrame.new(-4.470348358154297e-08, -1.1920928955078125e-07, -5.960464477539063e-08, 0.8986175060272217, -0.35677841305732727, -0.2553350627422333, 0.4307486414909363, 0.8279832005500793, 0.35902589559555054, 0.08332058042287827, -0.43261200189590454, 0.8977218270301819),
            ["LeftFoot"] = CFrame.new(-4.6566128730773926e-08, -5.960464477539063e-08, 9.173527359962463e-08, 0.9807931184768677, 0.14740142226219177, 0.1277410238981247, -0.08648055046796799, 0.9156453609466553, -0.39257436990737915, -0.1748315542936325, 0.3739871680736542, 0.9108060598373413),
            ["LowerTorso"] = CFrame.new(-0.14066702127456665, -0.1434032917022705, -0.003942504059523344, 0.9913375973701477, -0.09031039476394653, 0.09536175429821014, 0.11208280175924301, 0.9602052569389343, -0.2558189332485199, -0.06846373528242111, 0.26429134607315063, 0.9620097875595093),
            ["RightLowerLeg"] = CFrame.new(-1.4901161193847656e-08, -0.000060439109802246094, -0.00007221119449241087, 1, -1.1548398504146462e-07, -2.1979225550694537e-07, 1.73225998878479e-07, -0.3423866629600525, 0.9395591616630554, -1.7881393432617188e-07, -0.9395592212677002, -0.34238681197166443),
            ["LeftUpperLeg"] = CFrame.new(0, -2.3655593395233154e-07, -5.4016709327697754e-08, 0.9962076544761658, -0.005122017581015825, 0.08685725927352905, 0.029444336891174316, 0.9592130780220032, -0.28114649653434753, -0.08187457174062729, 0.2826377749443054, 0.9557262063026428),
            ["LeftLowerLeg"] = CFrame.new(-4.470348358154297e-08, 0.000060558319091796875, 0.00007221847772598267, 1, 9.685752644372769e-08, 8.009374852235851e-08, -5.960463766996327e-08, 0.37826472520828247, 0.9256975650787354, 6.70552182668871e-08, -0.9256974458694458, 0.3782646954059601)
        }},
        [7] = {Time = 0.200, Data = {
            ["RightFoot"] = CFrame.new(0, 1.7881393432617188e-07, -5.75528247281909e-09, 0.9863909482955933, 0.162199467420578, -0.02691502496600151, -0.16376842558383942, 0.9837729334831238, -0.07328476756811142, 0.014591570943593979, 0.0766952857375145, 0.9969478845596313),
            ["LeftLowerArm"] = CFrame.new(3.2782554626464844e-07, 1.1920928955078125e-07, -7.450580596923828e-08, 1, -1.1920931797249068e-07, 1.4901162970204496e-08, 4.470347647611561e-08, 0.34453025460243225, -0.9387753009796143, 1.1920927533992653e-07, 0.9387753009796143, 0.34453022480010986),
            ["RightUpperArm"] = CFrame.new(-5.960464477539063e-08, 1.1920928955078125e-07, -2.9802322387695312e-08, 0.5312101244926453, -0.5265635251998901, 0.6637370586395264, 0.8445876836776733, 0.26717403531074524, -0.4639931917190552, 0.06698860228061676, 0.8070619106292725, 0.586654543876648),
            ["Head"] = CFrame.new(9.080395102500916e-09, -2.384185791015625e-07, 6.222398951649666e-08, 0.9998676776885986, 0.015871739014983177, 0.0035865996032953262, -0.016253123059868813, 0.963474452495575, 0.2673071324825287, 0.0007870839908719063, -0.2673299312591553, 0.9636048078536987),
            ["RightHand"] = CFrame.new(-3.725290298461914e-07, 1.1920928955078125e-07, 5.960464477539063e-08, 0.8188841938972473, 0.051406435668468475, 0.5716521739959717, -0.21028877794742584, 0.9535963535308838, 0.21548254787921906, -0.5340480804443359, -0.2966671884059906, 0.7916950583457947),
            ["UpperTorso"] = CFrame.new(-1.816079020500183e-08, -1.4901161193847656e-07, 9.313225746154785e-10, 0.9954732656478882, 0.06859458237886429, -0.06578566133975983, -0.06525477021932602, 0.9965315461158752, 0.05164157599210739, 0.06909982115030289, -0.04711500182747841, 0.9964965581893921),
            ["HumanoidRootPart"] = CFrame.new(0, 0, 0, 1, 0, 0, 0, 1, 0, 0, 0, 1),
            ["RightUpperLeg"] = CFrame.new(-5.960464477539063e-08, -4.3492764234542847e-07, 2.6244379114359617e-08, 0.958171546459198, -0.2818702757358551, -0.04956233501434326, 0.13305063545703888, 0.5920446515083313, -0.7948462963104248, 0.2533867061138153, 0.7550048232078552, 0.6047833561897278),
            ["LeftUpperArm"] = CFrame.new(1.1920928955078125e-07, 0, -9.313225746154785e-09, 0.42824992537498474, 0.5563418865203857, -0.7120997905731201, -0.9028549790382385, 0.23015567660331726, -0.36315444111824036, -0.03814397752285004, 0.7984434962272644, 0.6008601188659668),
            ["RightLowerArm"] = CFrame.new(5.960464477539063e-08, -5.960464477539063e-08, 1.6391277313232422e-07, 1, -2.9802318834981634e-08, 7.450580596923828e-08, 8.940696716308594e-08, 0.45097246766090393, -0.8925378322601318, 1.2665987014770508e-07, 0.8925379514694214, 0.4509725570678711),
            ["LeftHand"] = CFrame.new(4.3213367462158203e-07, 1.7881393432617188e-07, -2.9802322387695312e-08, 0.8288225531578064, -0.07919897139072418, -0.5538778901100159, 0.267307847738266, 0.9256989359855652, 0.2676340639591217, 0.49152809381484985, -0.3698770999908447, 0.7884106636047363),
            ["LeftFoot"] = CFrame.new(-3.725290298461914e-08, -5.960464477539063e-08, 8.381903171539307e-09, 0.9811229109764099, 0.1460450291633606, 0.1267627626657486, -0.08540196716785431, 0.915323793888092, -0.3935588002204895, -0.17350634932518005, 0.37530404329299927, 0.9105178117752075),
            ["LowerTorso"] = CFrame.new(-0.14066702127456665, -0.11221718788146973, -0.011484050191938877, 0.9946156144142151, -0.07924938201904297, 0.06677848100662231, 0.09355852007865906, 0.9637920260429382, -0.2497035712003708, -0.04457170143723488, 0.25460678339004517, 0.966016948223114),
            ["RightLowerLeg"] = CFrame.new(-2.9802322387695312e-08, -0.00006031990051269531, -0.00007195601210696623, 1, -1.5646213569198153e-07, -1.639128583974525e-07, 1.2293459406009788e-07, -0.3231219947338104, 0.9463573098182678, -1.8253925304634322e-07, -0.9463573694229126, -0.3231220543384552),
            ["LeftUpperLeg"] = CFrame.new(-1.1920928955078125e-07, -2.2142194211483002e-07, 2.8870999813079834e-08, 0.9926586151123047, -0.00872991792857647, 0.12063485383987427, 0.042981553822755814, 0.957750678062439, -0.2843700349330902, -0.11305555701255798, 0.28746742010116577, 0.9510946273803711),
            ["LeftLowerLeg"] = CFrame.new(-4.0978193283081055e-08, 0.00006097555160522461, 0.0000721365213394165, 1, 5.21540641784668e-08, 5.122274160385132e-08, -1.0430814256778831e-07, 0.3686459958553314, 0.9295697808265686, 8.940698137394065e-08, -0.9295698404312134, 0.36864617466926575)
        }},
        [8] = {Time = 0.233, Data = {
            ["RightFoot"] = CFrame.new(-5.21540641784668e-08, 1.7881393432617188e-07, -2.0656443666666746e-08, 0.9859321713447571, 0.1659688800573349, -0.019806398078799248, -0.16507315635681152, 0.9854481816291809, 0.04053165391087532, 0.02624521031975746, -0.03669189289212227, 0.9989819526672363),
            ["LeftLowerArm"] = CFrame.new(-7.450580596923828e-07, 0, -5.21540641784668e-08, 1, -8.940700979565008e-08, 8.195635814445268e-08, 1.1920927533992653e-07, 0.3768662214279175, -0.9262677431106567, 6.332992796842518e-08, 0.9262677431106567, 0.37686604261398315),
            ["RightUpperArm"] = CFrame.new(0, 1.1920928955078125e-07, 3.91155481338501e-08, 0.7718404531478882, -0.40536731481552124, 0.4898366332054138, 0.635685384273529, 0.4763577878475189, -0.6074432134628296, 0.012900158762931824, 0.7802311778068542, 0.6253581643104553),
            ["Head"] = CFrame.new(-9.313225746154785e-10, -1.1920928955078125e-07, 3.91155481338501e-08, 0.9996645450592041, 0.018553011119365692, 0.018071595579385757, -0.0225338414311409, 0.9670175909996033, 0.253711074590683, -0.012768392451107502, -0.25403305888175964, 0.9671112895011902),
            ["RightHand"] = CFrame.new(4.470348358154297e-08, -1.7881393432617188e-07, -1.7881393432617188e-07, 0.48330414295196533, -0.12831318378448486, 0.865998387336731, 0.05801668018102646, 0.99172043800354, 0.11456254124641418, -0.873528003692627, -0.005126036703586578, 0.48674678802490234),
            ["UpperTorso"] = CFrame.new(3.1461240723729134e-08, 2.384185791015625e-07, -9.918585419654846e-08, 0.9973428249359131, 0.04658250883221626, -0.056013476103544235, -0.04371638596057892, 0.9977234601974487, 0.051349323242902756, 0.05827794969081879, -0.048764169216156006, 0.9971086978912354),
            ["HumanoidRootPart"] = CFrame.new(0, 0, 0, 1, 0, 0, 0, 1, 0, 0, 0, 1),
            ["RightUpperLeg"] = CFrame.new(0, -2.514570951461792e-08, -4.0810846257954836e-08, 0.9641433358192444, -0.262204110622406, -0.04094872251152992, 0.14619769155979156, 0.6535559296607971, -0.7426245808601379, 0.22148145735263824, 0.7100095748901367, 0.6684550046920776),
            ["LeftUpperArm"] = CFrame.new(0, 1.1920928955078125e-07, 4.6566128730773926e-08, 0.6943539977073669, 0.44307029247283936, -0.5670642256736755, -0.7194548845291138, 0.4449634850025177, -0.5332841277122498, 0.016040774062275887, 0.7782648801803589, 0.6277310848236084),
            ["RightLowerArm"] = CFrame.new(-3.8743019104003906e-07, -1.1920928955078125e-07, 2.4586915969848633e-07, 1, 0, 1.4156103134155273e-07, 5.960464477539063e-08, 0.4278342127799988, -0.9038572311401367, 1.1920928955078125e-07, 0.9038572311401367, 0.42783424258232117),
            ["LeftHand"] = CFrame.new(3.3527612686157227e-07, 1.1920928955078125e-07, 2.980232238769531e-07, 0.4907699227333069, 0.1309192031621933, -0.861397385597229, -0.015160873532295227, 0.9897801876068115, 0.14179423451423645, 0.8711572885513306, -0.05652889609336853, 0.4877387583255768),
            ["LeftFoot"] = CFrame.new(7.450580596923828e-08, 5.960464477539063e-08, 1.5366822481155396e-08, 0.9813507795333862, 0.14571136236190796, 0.12537552416324615, -0.08338391035795212, 0.91035395860672, -0.40534263849258423, -0.17319920659065247, 0.3873291015625, 0.9055265784263611),
            ["LowerTorso"] = CFrame.new(-0.14066702127456665, -0.09509944915771484, -0.014504802413284779, 0.9969940185546875, -0.06460805237293243, 0.04276465252041817, 0.07328183948993683, 0.9655352234840393, -0.24974311888217926, -0.025155354291200638, 0.2521262764930725, 0.9673673510551453),
            ["RightLowerLeg"] = CFrame.new(2.9802322387695312e-08, -0.000060498714447021484, -0.00007189640746219084, 1, -1.3411040811206476e-07, -2.0861632776814076e-07, 1.3411042232291948e-07, -0.20747725665569305, 0.978239893913269, -1.8253918199206964e-07, -0.978239893913269, -0.2074771523475647),
            ["LeftUpperLeg"] = CFrame.new(-5.960464477539063e-08, 2.6635825634002686e-07, -5.005858838558197e-08, 0.9890879392623901, -0.016076667234301567, 0.14644655585289001, 0.055799659341573715, 0.9608519077301025, -0.27138569951057434, -0.13635043799877167, 0.2765958309173584, 0.9512640833854675),
            ["LeftLowerLeg"] = CFrame.new(-1.1175870895385742e-07, 0.000060617923736572266, 0.00007198750972747803, 1, 8.195636524988004e-08, 4.284083487959833e-08, -8.195637946073475e-08, 0.3741554617881775, 0.9273659586906433, 5.215405707303944e-08, -0.9273660182952881, 0.37415555119514465)
        }},
        [9] = {Time = 0.267, Data = {
            ["RightFoot"] = CFrame.new(4.470348358154297e-08, 2.384185791015625e-07, -4.300818545743823e-08, 0.9883522987365723, 0.1373240202665329, -0.06558961421251297, -0.133101686835289, 0.9889735579490662, 0.0649251863360405, 0.07378200441598892, -0.05543871596455574, 0.995732307434082),
            ["LeftLowerArm"] = CFrame.new(-5.662441253662109e-07, 4.172325134277344e-07, -1.7881393432617188e-07, 1, -2.2351745343485163e-08, 9.872020712009544e-08, 4.470348358154297e-08, 0.43238264322280884, -0.9016903042793274, 4.470348358154297e-08, 0.9016902446746826, 0.43238264322280884),
            ["RightUpperArm"] = CFrame.new(0, 2.384185791015625e-07, -7.450580596923828e-09, 0.9048398733139038, -0.2753783166408539, 0.3247026205062866, 0.42506861686706543, 0.6275145411491394, -0.6523358821868896, -0.02411644533276558, 0.7282803654670715, 0.6848548054695129),
            ["Head"] = CFrame.new(1.1175870895385742e-08, 3.5762786865234375e-07, -6.05359673500061e-09, 0.9993572235107422, 0.0239072497934103, 0.02671506628394127, -0.029410630464553833, 0.9728432893753052, 0.22958888113498688, -0.020500684157013893, -0.23022685945034027, 0.9729210734367371),
            ["RightHand"] = CFrame.new(1.341104507446289e-07, -2.384185791015625e-07, -2.384185791015625e-07, 0.16431692242622375, -0.1546337902545929, 0.9742116332054138, 0.3875310719013214, 0.9183436036109924, 0.0804026797413826, -0.9070940613746643, 0.3643260598182678, 0.21082475781440735),
            ["UpperTorso"] = CFrame.new(-1.5133991837501526e-09, 1.1920928955078125e-07, -4.6566128730773926e-08, 0.9983341693878174, 0.02292732521891594, -0.0529467910528183, -0.01957026682794094, 0.9978169202804565, 0.0630747526884079, 0.054277338087558746, -0.06193346157670021, 0.9966034293174744),
            ["HumanoidRootPart"] = CFrame.new(0, 0, 0, 1, 0, 0, 0, 1, 0, 0, 0, 1),
            ["RightUpperLeg"] = CFrame.new(0, 7.497146725654602e-08, 2.2519088815897703e-08, 0.9660380482673645, -0.2510451078414917, -0.06121193245053291, 0.128462553024292, 0.6721324920654297, -0.7292019724845886, 0.2242051362991333, 0.6965733170509338, 0.6815552711486816),
            ["LeftUpperArm"] = CFrame.new(-1.1920928955078125e-07, 1.1920928955078125e-07, 5.21540641784668e-08, 0.8512072563171387, 0.3220769762992859, -0.41438254714012146, -0.5231560468673706, 0.5837072730064392, -0.6209617257118225, 0.041880883276462555, 0.7453538179397583, 0.6653522253036499),
            ["RightLowerArm"] = CFrame.new(-2.980232238769531e-07, 2.980232238769531e-07, -7.450580596923828e-09, 1, -1.1920930376163597e-07, 8.195640788244418e-08, 7.450580596923828e-08, 0.4447058141231537, -0.8956767916679382, 6.332993507385254e-08, 0.8956767916679382, 0.4447057843208313),
            ["LeftHand"] = CFrame.new(7.82310962677002e-08, -1.1920928955078125e-07, 2.086162567138672e-07, 0.16609278321266174, 0.1663619726896286, -0.9719758033752441, -0.35650867223739624, 0.9291269183158875, 0.09810753166675568, 0.9194101095199585, 0.33022263646125793, 0.21363045275211334),
            ["LeftFoot"] = CFrame.new(-1.30385160446167e-08, -1.1920928955078125e-07, -2.7939677238464355e-08, 0.9813236594200134, 0.14745064079761505, 0.12354059517383575, -0.08338843286037445, 0.9048176407814026, -0.41755419969558716, -0.17335043847560883, 0.39945393800735474, 0.900214672088623),
            ["LowerTorso"] = CFrame.new(-0.14066702127456665, -0.11436581611633301, -0.011479985900223255, 0.9983437061309814, -0.04793798178434372, 0.03180936351418495, 0.054484982043504715, 0.9653528928756714, -0.2551964819431305, -0.018473651260137558, 0.25650689005851746, 0.9663658738136292),
