return {
    ["Disco Night"] = {
        {Time = 0.000, Data = {
            ["RightFoot"] = CFrame.new(-2.7194619178771973e-07, 5.364418029785156e-07, 9.110226528719068e-08, 0.977918267250061, 0.20476998388767242, -0.04177660867571831, -0.20897802710533142, 0.9561869502067566, -0.20502354204654694, -0.002036317018792033, 0.2092270851135254, 0.9778650999069214),
            ["LeftLowerArm"] = CFrame.new(5.960464477539062e-07, 0.0000022649765014648438, 0.0000010728836059570312, 1, -2.2910546704224544e-07, 3.8742982155781647e-07, 3.129244987576385e-07, -0.18662017583847046, -0.9824321866035461, 3.091992084591766e-07, 0.9824322462081909, -0.1866201013326645),
            ["RightUpperArm"] = CFrame.new(2.384185791015625e-07, -4.76837158203125e-07, 4.842877388000488e-07, 0.8866410255432129, -0.08388710767030716, -0.45478639006614685, 0.11778730154037476, 0.9919416904449463, 0.04666731879115105, 0.44720664620399475, -0.09494519978761673, 0.8893770575523376),
            ["Head"] = CFrame.new(-3.501772880554199e-07, -0.0000017881393432617188, 6.705522537231445e-08, 0.7530152797698975, -0.10142897814512253, 0.6501384973526001, -0.044678058475255966, 0.9778863787651062, 0.20430919528007507, -0.6564844250679016, -0.18289487063884735, 0.7318317890167236),
            ["RightHand"] = CFrame.new(0.0000021569430828094482, 0.0000016689300537109375, 5.600741133093834e-07, 0.8636143803596497, -0.27231091260910034, 0.42428430914878845, 0.2154453545808792, 0.9602041244506836, 0.17773999273777008, -0.45579999685287476, -0.0620887316763401, 0.8879140615463257),
            ["UpperTorso"] = CFrame.new(1.6111880540847778e-07, 0, -1.1688098311424255e-07, 0.9868872165679932, 0.043747980147600174, -0.15537014603614807, -0.0274688508361578, 0.994048535823822, 0.10541881620883942, 0.15905748307704926, -0.09976862370967865, 0.982215404510498),
            ["HumanoidRootPart"] = CFrame.new(0, 0, 0, 1, 0, 0, 0, 1, 0, 0, 0, 1),
            ["RightUpperLeg"] = CFrame.new(5.960464477539063e-08, 5.960464477539063e-08, -4.639878170564771e-08, 0.939880907535553, -0.2626749575138092, 0.21823357045650482, 0.3403586745262146, 0.7727694511413574, -0.5357083082199097, -0.027927082031965256, 0.5777795910835266, 0.815714955329895),
            ["LeftUpperArm"] = CFrame.new(7.152557373046875e-07, 9.5367431640625e-07, -5.21540641784668e-08, -0.24975033104419708, 0.7782531976699829, -0.5761483311653137, -0.9353773593902588, -0.347760409116745, -0.06427999585866928, -0.2503877580165863, 0.5228620767593384, 0.8148136734962463),
            ["RightLowerArm"] = CFrame.new(-0.000001996755599975586, 0.0000016689300537109375, -6.556510925292969e-07, 1, -8.614728841394026e-08, 4.9812594937748145e-08, 9.033831105398349e-08, 0.9992781281471252, -0.03799128904938698, -1.4656691860182036e-07, 0.03799129277467728, 0.9992781281471252),
            ["LeftHand"] = CFrame.new(-0.0000017676502466201782, -8.344650268554688e-07, 0, 0.371268093585968, 0.5661948919296265, -0.7359235286712646, -0.606000542640686, 0.7482549548149109, 0.2699594497680664, 0.7035080194473267, 0.34574273228645325, 0.6209174990653992),
            ["LeftFoot"] = CFrame.new(-5.3551048040390015e-08, -2.980232238769531e-07, -4.284083843231201e-08, 0.986717939376831, -0.11021515727043152, 0.11933267116546631, 0.16180282831192017, 0.7319821119308472, -0.6618322730064392, -0.014405551366508007, 0.6723502278327942, 0.7400931715965271),
            ["LowerTorso"] = CFrame.new(0.00916557852178812, -0.31541168689727783, -0.03650771826505661, 0.9119901061058044, -0.040576983243227005, -0.40820062160491943, -0.029070010408759117, 0.9862009882926941, -0.16298024356365204, 0.4091810882091522, 0.16050271689891815, 0.8982258439064026),
            ["RightLowerLeg"] = CFrame.new(-1.6391277313232422e-07, -0.000003814697265625, -0.000013185832358431071, 1, -5.215404144109925e-07, -4.321337314650009e-07, 6.407497608051926e-07, 0.45275288820266724, 0.8916357159614563, -2.607702640489151e-07, -0.891636073589325, 0.45275357365608215),
            ["LeftUpperLeg"] = CFrame.new(2.9802322387695312e-08, -7.450580596923828e-08, -4.470348358154297e-08, 0.9257478713989258, 0.1853960156440735, 0.32957467436790466, -0.1481444090604782, 0.9797093868255615, -0.13499172031879425, -0.3479141891002655, 0.07614358514547348, 0.9344291687011719),
            ["LeftLowerLeg"] = CFrame.new(-4.284083843231201e-08, 0.000004351139068603516, 0.000013306736946105957, 1, -1.3783574104309082e-07, -7.450582373280668e-09, 9.406356582530861e-08, 0.5298053026199341, 0.84811931848526, -2.9802318834981634e-08, -0.84811931848526, 0.5298052430152893),
        }},
        {Time = 0.033, Data = {
            ["RightFoot"] = CFrame.new(-1.7508864402770996e-07, 5.364418029785156e-07, 4.639878170564771e-08, 0.9818493723869324, 0.18834887444972992, -0.022286448627710342, -0.18850305676460266, 0.9561079144477844, -0.22433064877986908, -0.020944129675626755, 0.22445999085903168, 0.974258303642273),
            ["LeftLowerArm"] = CFrame.new(0.0000012814998626708984, 0.0000010132789611816406, 0.0000012814998626708984, 1, -2.2351741790771484e-07, 4.2468249716876016e-07, 3.501773733205482e-07, -0.20176571607589722, -0.9794337749481201, 3.0174859944054333e-07, 0.9794338345527649, -0.20176571607589722),
            ["RightUpperArm"] = CFrame.new(1.1920928955078125e-07, -9.5367431640625e-07, 2.905726432800293e-07, 0.9637105464935303, -0.1332682967185974, -0.23130440711975098, 0.1564044952392578, 0.9840572476387024, 0.08467116206884384, 0.2163325995206833, -0.11777552962303162, 0.9691898822784424),
            ["Head"] = CFrame.new(-3.725290298461914e-07, -8.344650268554688e-07, 4.0978193283081055e-08, 0.6961997747421265, -0.1577254682779312, 0.7003061175346375, -0.027252303436398506, 0.9690524935722351, 0.24534600973129272, -0.7173305749893188, -0.18989484012126923, 0.6703556776046753),
            ["RightHand"] = CFrame.new(0.000001996755599975586, 0.0000019669532775878906, 4.544854164123535e-07, 0.8178802132606506, -0.30097630620002747, 0.49039310216903687, 0.22930915653705597, 0.9521733522415161, 0.20194868743419647, -0.5277209877967834, -0.05271821841597557, 0.8477803468704224),
            ["UpperTorso"] = CFrame.new(1.4435499906539917e-07, 1.7881393432617188e-07, -1.424923539161682e-07, 0.9949923753738403, 0.015220064669847488, -0.09878600388765335, -0.0004253530059941113, 0.9889741539955139, 0.14808803796768188, 0.09995073080062866, -0.14730438590049744, 0.984028160572052),
            ["HumanoidRootPart"] = CFrame.new(0, 0, 0, 1, 0, 0, 0, 1, 0, 0, 0, 1),
            ["RightUpperLeg"] = CFrame.new(5.960464477539063e-08, -9.313225746154785e-10, -6.129994289949536e-08, 0.9143497943878174, -0.3216802477836609, 0.24593983590602875, 0.40477660298347473, 0.7425685524940491, -0.5336180329322815, -0.010972834192216396, 0.5874638557434082, 0.8091758489608765),
            ["LeftUpperArm"] = CFrame.new(2.980232238769531e-07, 9.5367431640625e-07, 2.2351741790771484e-08, -0.28343895077705383, 0.8345879316329956, -0.47236168384552, -0.936024010181427, -0.3479146957397461, -0.05305197089910507, -0.20861801505088806, 0.427104651927948, 0.8798067569732666),
            ["RightLowerArm"] = CFrame.new(-0.000002086162567138672, 0.000001430511474609375, -7.450580596923828e-07, 1, -8.009368457351229e-08, 5.576296402409753e-08, 8.433018905407152e-08, 0.9992780685424805, -0.03799130395054817, -1.320150033734535e-07, 0.03799128532409668, 0.9992780685424805),
            ["LeftHand"] = CFrame.new(-0.000001817941665649414, -8.344650268554688e-07, -2.8312206268310547e-07, 0.40080565214157104, 0.5430528521537781, -0.7378673553466797, -0.5442348718643188, 0.7890142202377319, 0.2850702404975891, 0.7369961738586426, 0.28731533885002136, 0.6117897033691406),
            ["LeftFoot"] = CFrame.new(-2.3283064365386963e-08, -3.5762786865234375e-07, -3.166496753692627e-08, 0.991532027721405, -0.0886545404791832, 0.09489324688911438, 0.12936186790466309, 0.7383963465690613, -0.6618430614471436, -0.011393433436751366, 0.6685141921043396, 0.7436122298240662),
            ["LowerTorso"] = CFrame.new(-0.0290600024163723, -0.3278411626815796, -0.04573202133178711, 0.9123069047927856, -0.016199642792344093, -0.40918684005737305, -0.07111356407403946, 0.9777682423591614, -0.1972617357969284, 0.4032854735851288, 0.20906192064285278, 0.890872597694397),
            ["RightLowerLeg"] = CFrame.new(5.960464477539063e-08, -0.0000037550926208496094, -0.000013267788744997233, 1, -8.270143325717072e-07, -7.301567848116974e-07, 0.0000010281798950018128, 0.39360541105270386, 0.9192793965339661, -6.183980190144212e-07, -0.9192794561386108, 0.39360570907592773),
            ["LeftUpperLeg"] = CFrame.new(-5.960464477539063e-08, -9.778887033462524e-08, -1.4901161193847656e-08, 0.9293630719184875, 0.1240386813879013, 0.3477049767971039, -0.10020294785499573, 0.9912614822387695, -0.08579062670469284, -0.35530784726142883, 0.04488951340317726, 0.9336709380149841),
            ["LeftLowerLeg"] = CFrame.new(8.381903171539307e-08, 0.000004351139068603516, 0.000013377517461776733, 1, 7.450579886381092e-08, 1.3038517820973539e-08, -8.381903171539307e-08, 0.5385189652442932, 0.8426136374473572, -9.313225746154785e-09, -0.8426134586334229, 0.5385187268257141),
        }},
        {Time = 0.067, Data = {
            ["RightFoot"] = CFrame.new(-2.086162567138672e-07, 4.76837158203125e-07, 2.4047039914876223e-08, 0.9824230074882507, 0.18666009604930878, -0.0018055100226774812, -0.18284501135349274, 0.9603078961372375, -0.21065768599510193, -0.03758775070309639, 0.20728465914726257, 0.9775582551956177),
            ["LeftLowerArm"] = CFrame.new(2.384185791015625e-07, 0.0000019073486328125, 0.0000012516975402832031, 1, -2.3841855067985307e-07, 4.1723200183696463e-07, 3.2782557468635787e-07, -0.23972365260124207, -0.9708412289619446, 3.091991231940483e-07, 0.9708412289619446, -0.23972384631633759),
            ["RightUpperArm"] = CFrame.new(4.76837158203125e-07, -2.384185791015625e-07, 4.805624485015869e-07, 0.9850853681564331, -0.16740654408931732, -0.039772287011146545, 0.17107054591178894, 0.977694034576416, 0.12185846269130707, 0.018485207110643387, -0.1268448829650879, 0.9917503595352173),
            ["Head"] = CFrame.new(-4.023313522338867e-07, -0.0000010728836059570312, 5.4016709327697754e-08, 0.6453205943107605, -0.19641414284706116, 0.738229513168335, -0.00839837547391653, 0.964497983455658, 0.26395681500434875, -0.7638657689094543, -0.17653676867485046, 0.6207609176635742),
            ["RightHand"] = CFrame.new(0.00000216066837310791, 0.0000021457672119140625, 4.544854164123535e-07, 0.8072094321250916, -0.322505384683609, 0.4943714737892151, 0.26049792766571045, 0.9462067484855652, 0.1919211596250534, -0.5296733379364014, -0.026137858629226685, 0.8477990031242371),
            ["UpperTorso"] = CFrame.new(1.8998980522155762e-07, 2.980232238769531e-07, -9.499490261077881e-08, 0.9987185597419739, -0.011472535319626331, -0.0492917038500309, 0.01931518316268921, 0.9866489171981812, 0.16171272099018097, 0.0467783585190773, -0.16245758533477783, 0.9856061339378357),
            ["HumanoidRootPart"] = CFrame.new(0, 0, 0, 1, 0, 0, 0, 1, 0, 0, 0, 1),
            ["RightUpperLeg"] = CFrame.new(0, -5.774199962615967e-08, -6.129994289949536e-08, 0.8851717710494995, -0.38749250769615173, 0.25752827525138855, 0.4637981355190277, 0.6909736394882202, -0.5544787049293518, 0.03691123425960541, 0.6102499961853027, 0.7913486957550049),
            ["LeftUpperArm"] = CFrame.new(5.960464477539062e-07, 0.0000010728836059570312, -5.587935447692871e-08, -0.31638792157173157, 0.8710315227508545, -0.3757699131965637, -0.9322057366371155, -0.35886910557746887, -0.04696383327245712, -0.1757592111825943, 0.3354359269142151, 0.9255222678184509),
            ["RightLowerArm"] = CFrame.new(-0.0000019073486328125, 8.344650268554688e-07, -5.066394805908203e-07, 1, -7.823104652970869e-08, 5.029144389823159e-08, 7.450583439094771e-08, 0.9992781281471252, -0.03799128159880638, -7.031488280517806e-08, 0.03799128532409668, 0.9992780685424805),
            ["LeftHand"] = CFrame.new(-0.0000019669532775878906, -8.344650268554688e-07, -4.023313522338867e-07, 0.42786136269569397, 0.5261412858963013, -0.7349218726158142, -0.49842074513435364, 0.8156479001045227, 0.2937605679035187, 0.7539970874786377, 0.24061144888401031, 0.6112239956855774),
            ["LeftFoot"] = CFrame.new(-4.889443516731262e-08, -4.172325134277344e-07, 3.864988684654236e-08, 0.9949473738670349, -0.06216244399547577, 0.0788397416472435, 0.09870649129152298, 0.749210774898529, -0.6549357175827026, -0.018355268985033035, 0.6594082713127136, 0.7515608072280884),
            ["LowerTorso"] = CFrame.new(-0.06757386028766632, -0.3398294448852539, -0.03937378153204918, 0.9201441407203674, 0.022737346589565277, -0.39091914892196655, -0.10701131075620651, 0.9749123454093933, -0.19517824053764343, 0.3766741156578064, 0.2214248776435852, 0.8994930386543274),
            ["RightLowerLeg"] = CFrame.new(0, -0.0000036954879760742188, -0.000013439152098726481, 1, -5.513428504855256e-07, -4.321335325130349e-07, 7.00354519267421e-07, 0.35445544123649597, 0.9350728988647461, -2.2351738948600541e-07, -0.9350729584693909, 0.3544553816318512),
            ["LeftUpperLeg"] = CFrame.new(5.960464477539063e-08, 4.6566128730773926e-09, -4.470348358154297e-08, 0.9399482011795044, 0.06487259268760681, 0.33509570360183716, -0.03353891521692276, 0.9945750832557678, -0.09846659004688263, -0.3396654725074768, 0.08131486177444458, 0.937024712562561),
            ["LeftLowerLeg"] = CFrame.new(4.470348358154297e-08, 0.000004291534423828125, 0.000013336539268493652, 1, 7.450583439094771e-08, 4.6566128730773926e-09, -5.587935447692871e-08, 0.531425952911377, 0.8471050262451172, 1.862645149230957e-09, -0.8471047878265381, 0.5314255952835083),
        }},
        {Time = 0.100, Data = {
            ["RightFoot"] = CFrame.new(-1.5273690223693848e-07, 5.960464477539062e-07, 5.3849362302571535e-08, 0.9810216426849365, 0.19388413429260254, -0.0023970799520611763, -0.19202864170074463, 0.9697731733322144, -0.15054851770401, -0.026864420622587204, 0.14815199375152588, 0.9885997772216797),
            ["LeftLowerArm"] = CFrame.new(2.980232238769531e-07, 0.000002205371856689453, 0.0000015050172805786133, 1, -2.011657187495075e-07, 4.172320586803835e-07, 3.2782557468635787e-07, -0.28734079003334045, -0.9578284621238708, 3.129244134925102e-07, 0.9578284025192261, -0.2873407006263733),
            ["RightUpperArm"] = CFrame.new(0, -7.152557373046875e-07, 4.284083843231201e-07, 0.9767324328422546, -0.18648506700992584, 0.10591059923171997, 0.17116990685462952, 0.9754016995429993, 0.13889726996421814, -0.12920762598514557, -0.11753680557012558, 0.9846271276473999),
            ["Head"] = CFrame.new(-3.203749656677246e-07, -0.0000011920928955078125, 7.078051567077637e-08, 0.602745532989502, -0.22221222519874573, 0.7663677930831909, 0.015303635969758034, 0.963483452796936, 0.2673306167125702, -0.7977867126464844, -0.14940416812896729, 0.584135890007019),
            ["RightHand"] = CFrame.new(0.0000020116567611694336, 0.0000017285346984863281, 5.066394805908203e-07, 0.8242155313491821, -0.3432242274284363, 0.45040643215179443, 0.30367907881736755, 0.9392408132553101, 0.16001832485198975, -0.47796234488487244, 0.004889363422989845, 0.8783667683601379),
            ["UpperTorso"] = CFrame.new(7.078051567077637e-08, -1.4901161193847656e-07, 1.6763806343078613e-08, 0.9993988275527954, -0.03430710360407829, -0.005011529661715031, 0.03467060625553131, 0.9880852699279785, 0.14995180070400238, -0.00019254178914707154, -0.15003541111946106, 0.9886806607246399),
            ["HumanoidRootPart"] = CFrame.new(0, 0, 0, 1, 0, 0, 0, 1, 0, 0, 0, 1),
            ["RightUpperLeg"] = CFrame.new(-5.960464477539063e-08, -2.253800630569458e-07, -1.6596459317952394e-08, 0.8543184399604797, -0.4439121186733246, 0.27033722400665283, 0.5114585161209106, 0.6254880428314209, -0.5892155170440674, 0.09246709942817688, 0.6416438221931458, 0.7614085674285889),
            ["LeftUpperArm"] = CFrame.new(7.748603820800781e-07, 9.5367431640625e-07, -4.470348358154297e-08, -0.3386959135532379, 0.8957465291023254, -0.2879641354084015, -0.927780270576477, -0.36887216567993164, -0.056189727038145065, -0.15655376017093658, 0.24813613295555115, 0.9559913873672485),
            ["RightLowerArm"] = CFrame.new(-0.000002205371856689453, 0.0000011920928955078125, -7.152557373046875e-07, 1, -9.126956967975275e-08, 5.960468030252741e-08, 8.754435043556441e-08, 0.9992780685424805, -0.03799128532409668, -7.91624472640251e-08, 0.03799129277467728, 0.9992781281471252),
            ["LeftHand"] = CFrame.new(-0.0000013709068298339844, -8.344650268554688e-07, -5.960464477539062e-07, 0.4317573606967926, 0.5144315958023071, -0.7409086227416992, -0.47072258591651917, 0.8291954398155212, 0.30142223834991455, 0.769419252872467, 0.2186211198568344, 0.6001659035682678),
            ["LeftFoot"] = CFrame.new(-3.3527612686157227e-08, -3.5762786865234375e-07, -2.60770320892334e-08, 0.9965235590934753, -0.03182962164282799, 0.07699225097894669, 0.07362618297338486, 0.7689405679702759, -0.6350667476654053, -0.03898850455880165, 0.6385276317596436, 0.7686107158660889),
            ["LowerTorso"] = CFrame.new(-0.104914590716362, -0.3460191488265991, -0.017863232642412186, 0.933232307434082, 0.07213715463876724, -0.35195696353912354, -0.13653451204299927, 0.9773473143577576, -0.16171123087406158, 0.3323187530040741, 0.19896841049194336, 0.9219413995742798),
            ["RightLowerLeg"] = CFrame.new(7.450580596923828e-08, -0.0000036954879760742188, -0.0000133199428091757, 1, -6.929038249836594e-07, -5.96046561440744e-07, 7.152557373046875e-07, 0.33164000511169434, 0.9434058666229248, -3.650784492492676e-07, -0.9434060454368591, 0.3316406011581421),
            ["LeftUpperLeg"] = CFrame.new(1.1920928955078125e-07, -3.0174851417541504e-07, 5.960464477539063e-08, 0.9554067850112915, 0.002260065171867609, 0.29528433084487915, 0.047789402306079865, 0.9856051802635193, -0.1621687263250351, -0.2914002537727356, 0.16904853284358978, 0.941545844078064),
            ["LeftLowerLeg"] = CFrame.new(5.960464477539063e-08, 0.000004351139068603516, 0.000013310462236404419, 1, 3.91155481338501e-08, 2.980232594040899e-08, -5.774198541530495e-08, 0.5235345959663391, 0.8520047068595886, -3.911553747570906e-08, -0.8520044088363647, 0.5235341787338257),
        }},
        {Time = 0.133, Data = {
            ["RightFoot"] = CFrame.new(-1.4528632164001465e-07, 3.5762786865234375e-07, 4.639878170564771e-08, 0.9786239266395569, 0.20231837034225464, -0.03691527619957924, -0.2043728530406952, 0.9767501354217529, -0.06473743170499802, 0.02295946702361107, 0.07089801132678986, 0.9972193241119385),
            ["LeftLowerArm"] = CFrame.new(0.0000015795230865478516, 0.0000015497207641601562, 0.0000013262033462524414, 1, -1.4901159772762185e-07, 4.7683664661235525e-07, 3.427268211453338e-07, -0.339363694190979, -0.9406552910804749, 3.3155095024994807e-07, 0.9406552910804749, -0.3393636643886566),
            ["RightUpperArm"] = CFrame.new(4.76837158203125e-07, -4.76837158203125e-07, 4.5821070671081543e-07, 0.957341194152832, -0.18861688673496246, 0.21890980005264282, 0.16064421832561493, 0.9771223664283752, 0.1393749862909317, -0.2401900440454483, -0.09826283901929855, 0.9657396674156189),
            ["Head"] = CFrame.new(-3.688037395477295e-07, -0.0000011920928955078125, 6.146728992462158e-08, 0.5666359663009644, -0.24016901850700378, 0.7881894111633301, 0.04441370069980621, 0.9640893936157227, 0.26183807849884033, -0.8227704763412476, -0.1133604645729065, 0.556954562664032),
            ["RightHand"] = CFrame.new(0.000001982203684747219, 0.0000020265579223632812, 3.3993273973464966e-07, 0.8622838854789734, -0.344357967376709, 0.3713275194168091, 0.32531577348709106, 0.9385887980461121, 0.11498208343982697, -0.38811883330345154, 0.02165146917104721, 0.9213549494743347),
            ["UpperTorso"] = CFrame.new(9.313225746154785e-08, 2.9802322387695312e-08, -3.725290298461914e-08, 0.9981424808502197, -0.050660233944654465, 0.03384307026863098, 0.04624341055750847, 0.9916329383850098, 0.12052246928215027, -0.039665449410676956, -0.11873353272676468, 0.992133617401123),
            ["HumanoidRootPart"] = CFrame.new(0, 0, 0, 1, 0, 0, 0, 1, 0, 0, 0, 1),
            ["RightUpperLeg"] = CFrame.new(0, -1.0617077350616455e-07, 2.8107024263590574e-08, 0.8284735679626465, -0.4803718030452728, 0.28787967562675476, 0.5419024229049683, 0.5579110980033875, -0.6285515427589417, 0.14132730662822723, 0.676740825176239, 0.7225291728973389),
            ["LeftUpperArm"] = CFrame.new(5.364418029785156e-07, 0.0000016689300537109375, -2.421438694000244e-08, -0.34899815917015076, 0.912980854511261, -0.21134422719478607, -0.9237403273582458, -0.3731294870376587, -0.08647685497999191, -0.15781044960021973, 0.16504694521427155, 0.9735786318778992),
            ["RightLowerArm"] = CFrame.new(-0.0000022649765014648438, 0.000001430511474609375, -6.770715117454529e-07, 1, -7.869672202787115e-08, 7.753263986387537e-08, 8.981446342204435e-08, 0.9992780685424805, -0.03799128532409668, -7.310885763445185e-08, 0.03799129277467728, 0.9992781281471252),
            ["LeftHand"] = CFrame.new(-0.0000014007091522216797, -8.940696716308594e-07, -1.1920928955078125e-07, 0.43064913153648376, 0.5097362399101257, -0.744788646697998, -0.44503113627433777, 0.8378658294677734, 0.31611424684524536, 0.785167932510376, 0.19531986117362976, 0.5876747369766235),
            ["LeftFoot"] = CFrame.new(6.05359673500061e-09, -3.5762786865234375e-07, -5.587935447692871e-08, 0.9962600469589233, -0.004738345742225647, 0.0862763300538063, 0.05568302795290947, 0.7987181544303894, -0.599123477935791, -0.0660715401172638, 0.6016867756843567, 0.795994758605957),
            ["LowerTorso"] = CFrame.new(-0.13621647655963898, -0.34322142601013184, 0.015017482452094555, 0.9484413862228394, 0.12089069187641144, -0.2929922044277191, -0.15840233862400055, 0.9814723134040833, -0.1077997237443924, 0.27453169226646423, 0.14865237474441528, 0.9500182867050171),
            ["RightLowerLeg"] = CFrame.new(4.470348358154297e-08, -0.000003635883331298828, -0.00001334881380898878, 1, -5.811452297166397e-07, -5.066394237474015e-07, 6.854534149169922e-07, 0.3105972707271576, 0.9505415558815002, -3.241002559661865e-07, -0.9505416750907898, 0.31059738993644714),
            ["LeftUpperLeg"] = CFrame.new(5.960464477539063e-08, -1.4156103134155273e-07, -7.450580596923828e-09, 0.9701204299926758, -0.06189651042222977, 0.23459585011005402, 0.12361141294240952, 0.9581024646759033, -0.25837942957878113, -0.20877397060394287, 0.27965793013572693, 0.9371259212493896),
            ["LeftLowerLeg"] = CFrame.new(-1.6205012798309326e-07, 0.000004351139068603516, 0.000013262033462524414, 1, -3.4365803003311157e-07, -1.3597308168300515e-07, 2.635643454595993e-07, 0.5267465114593506, 0.8500226140022278, -1.313165114424919e-07, -0.8500224947929382, 0.5267462134361267),
        }},
        {Time = 0.167, Data = {
            ["RightFoot"] = CFrame.new(-1.434236764907837e-07, 5.364418029785156e-07, 1.1717929737642407e-07, 0.9768998622894287, 0.19536347687244415, -0.08660195767879486, -0.19776833057403564, 0.9800441265106201, -0.0200335793197155, 0.08096007257699966, 0.03669798746705055, 0.9960415363311768),
            ["LeftLowerArm"] = CFrame.new(3.5762786865234375e-07, 0.0000010132789611816406, 0.0000013634562492370605, 1, -1.1175876579727628e-07, 4.6193554226192646e-07, 3.427268211453338e-07, -0.38584616780281067, -0.9225631952285767, 3.2037507935456233e-07, 0.9225631952285767, -0.38584601879119873),
            ["RightUpperArm"] = CFrame.new(5.960464477539062e-07, -0.0000010728836059570312, 4.842877388000488e-07, 0.9240630269050598, -0.18608494102954865, 0.3338863253593445, 0.14652444422245026, 0.979217529296875, 0.14022718369960785, -0.3530413806438446, -0.08065614849328995, 0.9321246147155762),
            ["Head"] = CFrame.new(-3.7532299757003784e-07, -0.0000015497207641601562, 7.82310962677002e-08, 0.5302728414535522, -0.2553909420967102, 0.8084467649459839, 0.07276725769042969, 0.9637426137924194, 0.2567201852798462, -0.8446985483169556, -0.07730332762002945, 0.5296306610107422),
            ["RightHand"] = CFrame.new(0.0000020936131477355957, 0.0000020265579223632812, 2.8312206268310547e-07, 0.9039105176925659, -0.3171280324459076, 0.28701141476631165, 0.307822048664093, 0.948219358921051, 0.07826661318540573, -0.296970397233963, 0.017602425068616867, 0.9547244310379028),
            ["UpperTorso"] = CFrame.new(1.2293457984924316e-07, 5.364418029785156e-07, -4.848698154091835e-08, 0.995981752872467, -0.05902179703116417, 0.06735675781965256, 0.053078290075063705, 0.9948060512542725, 0.08685460686683655, -0.07213319092988968, -0.08293042331933975, 0.9939413666725159),
            ["HumanoidRootPart"] = CFrame.new(0, 0, 0, 1, 0, 0, 0, 1, 0, 0, 0, 1),
            ["RightUpperLeg"] = CFrame.new(0, 1.2014061212539673e-07, -1.7535057850182056e-09, 0.8143671751022339, -0.4978145360946655, 0.29830703139305115, 0.5496162176132202, 0.49650299549102783, -0.6718681454658508, 0.18635529279708862, 0.7111017107963562, 0.6779425144195557),
            ["LeftUpperArm"] = CFrame.new(5.960464477539062e-07, 0.0000011920928955078125, -2.9802322387695312e-08, -0.3531287908554077, 0.9248150587081909, -0.1414828598499298, -0.9189477562904358, -0.37124764919281006, -0.13308008015155792, -0.175599604845047, 0.08302095532417297, 0.9809547662734985),
            ["RightLowerArm"] = CFrame.new(-0.0000013709068298339844, 0.0000011324882507324219, -6.407499313354492e-07, 1, -8.38189748719742e-08, 7.38073424599861e-08, 8.56816981809061e-08, 0.9992780685424805, -0.03799128159880638, -8.940698847936801e-08, 0.03799128904938698, 0.9992780685424805),
            ["LeftHand"] = CFrame.new(-0.000002041459083557129, -7.152557373046875e-07, -5.960464477539063e-08, 0.452549010515213, 0.5067257881164551, -0.7337768077850342, -0.40943700075149536, 0.849070131778717, 0.3338283598423004, 0.7921873927116394, 0.1493615359067917, 0.5917181372642517),
            ["LeftFoot"] = CFrame.new(2.6775524020195007e-09, -4.172325134277344e-07, -1.4901161193847656e-08, 0.9949941635131836, 0.012355553917586803, 0.0991671085357666, 0.0447029210627079, 0.8324801325798035, -0.552248477935791, -0.08937804400920868, 0.5539171695709229, 0.8277605175971985),
            ["LowerTorso"] = CFrame.new(-0.15742997825145721, -0.33329975605010986, 0.05041685327887535, 0.9620010256767273, 0.1566920429468155, -0.2236105352640152, -0.17209042608737946, 0.9837601780891418, -0.05099835619330406, 0.21198804676532745, 0.08754169195890427, 0.9733434915542603),
            ["RightLowerLeg"] = CFrame.new(4.470348358154297e-08, -0.000003874301910400391, -0.000013198870874475688, 1, -8.79168396750174e-07, -8.866194889378676e-07, 9.834765251071076e-07, 0.2749885022640228, 0.961447536945343, -6.724148420289566e-07, -0.961447536945343, 0.27498874068260193),
            ["LeftUpperLeg"] = CFrame.new(2.9802322387695312e-08, 8.89413058757782e-08, 2.9744114726781845e-08, 0.9791210293769836, -0.12030958384275436, 0.1638525128364563, 0.1726597398519516, 0.9176281690597534, -0.3579767346382141, -0.10728765279054642, 0.3787931799888611, 0.9192416071891785),
            ["LeftLowerLeg"] = CFrame.new(-1.0291114449501038e-07, 0.000004231929779052734, 0.000013198703527450562, 1, -7.497147436197338e-08, -5.518087675682182e-08, 1.1874364247432823e-07, 0.5432183742523193, 0.8395914435386658, -1.0314398934951896e-07, -0.8395915627479553, 0.5432183742523193),
        }},
        {Time = 0.200, Data = {
            ["RightFoot"] = CFrame.new(-1.4156103134155273e-07, 3.5762786865234375e-07, 6.875052349641919e-08, 0.9791152477264404, 0.16381984949111938, -0.12040163576602936, -0.1729544848203659, 0.9824577569961548, -0.06973809003829956, 0.10686483234167099, 0.0891060009598732, 0.9902727603912354),
            ["LeftLowerArm"] = CFrame.new(0.0000011920928955078125, 0.0000019669532775878906, 0.0000012703239917755127, 1, -1.2665985593685036e-07, 5.364411208574893e-07, 3.8929303514123603e-07, -0.4197324514389038, -0.9076478481292725, 3.427268779887527e-07, 0.9076478481292725, -0.41973254084587097),
            ["RightUpperArm"] = CFrame.new(5.960464477539062e-07, 0, 4.6938657760620117e-07, 0.8629010915756226, -0.19043779373168945, 0.4681190550327301, 0.13129715621471405, 0.9789554476737976, 0.1562289297580719, -0.4880193769931793, -0.07334735244512558, 0.8697454929351807),
            ["Head"] = CFrame.new(-4.5425258576869965e-07, -3.5762786865234375e-07, 4.1443854570388794e-08, 0.4895622730255127, -0.2693007290363312, 0.8293406963348389, 0.09368425607681274, 0.961852490901947, 0.25702744722366333, -0.866921067237854, -0.04813477396965027, 0.4961158335208893),
            ["RightHand"] = CFrame.new(0.0000021336600184440613, 0.0000020265579223632812, 5.252659320831299e-07, 0.9327712655067444, -0.27829650044441223, 0.22910432517528534, 0.27123233675956726, 0.9604873657226562, 0.06242796406149864, -0.23742520809173584, 0.0039094896055758, 0.9713979363441467),
            ["UpperTorso"] = CFrame.new(1.043081283569336e-07, 2.682209014892578e-07, -6.204936653375626e-08, 0.9935749769210815, -0.06161745637655258, 0.09493192285299301, 0.05666026845574379, 0.9969289302825928, 0.05405912175774574, -0.09797131270170212, -0.04833291843533516, 0.9940149188041687),
            ["HumanoidRootPart"] = CFrame.new(0, 0, 0, 1, 0, 0, 0, 1, 0, 0, 0, 1),
            ["RightUpperLeg"] = CFrame.new(-5.960464477539063e-08, -4.889443516731262e-08, 1.5068508218973875e-08, 0.8129921555519104, -0.5085901618003845, 0.28351351618766785, 0.5303924679756165, 0.44592490792274475, -0.7209954261779785, 0.2402656525373459, 0.7365372776985168, 0.6322860717773438),
            ["LeftUpperArm"] = CFrame.new(6.556510925292969e-07, 0.0000015497207641601562, -8.445931598544121e-08, -0.35797351598739624, 0.9312154054641724, -0.06850510090589523, -0.912312388420105, -0.3644436001777649, -0.18672727048397064, -0.19884957373142242, -0.004345306195318699, 0.9800204634666443),
            ["RightLowerArm"] = CFrame.new(-0.0000019669532775878906, 2.980232238769531e-07, -6.407499313354492e-07, 1, -8.521596583932478e-08, 9.743969542341802e-08, 9.173530912676142e-08, 0.9992781281471252, -0.03799128904938698, -5.040785211463117e-08, 0.037991300225257874, 0.9992781281471252),
            ["LeftHand"] = CFrame.new(-8.419156074523926e-07, -9.5367431640625e-07, -8.046627044677734e-07, 0.495055228471756, 0.493700236082077, -0.714968740940094, -0.37232285737991333, 0.864040732383728, 0.3388354480266571, 0.7850453853607178, 0.09845692664384842, 0.6115637421607971),
            ["LeftFoot"] = CFrame.new(6.984919309616089e-09, -3.5762786865234375e-07, -3.725290298461914e-08, 0.9933887720108032, 0.019038043916225433, 0.11320973932743073, 0.040624018758535385, 0.8640472292900085, -0.5017688274383545, -0.10737112164497375, 0.503050684928894, 0.8575614094734192),
            ["LowerTorso"] = CFrame.new(-0.1688101887702942, -0.3214900493621826, 0.08227907866239548, 0.9724333882331848, 0.17844326794147491, -0.15010498464107513, -0.18035918474197388, 0.9836004972457886, 0.0008635431295260787, 0.1477973908185959, 0.026233060285449028, 0.9886696934700012),
            ["RightLowerLeg"] = CFrame.new(1.4901161193847656e-08, -0.0000036954879760742188, -0.00001326033816440031, 1, -8.642671218694886e-07, -7.748607231405913e-07, 9.685755912869354e-07, 0.23165056109428406, 0.9727989435195923, -5.58793601612706e-07, -0.9727990627288818, 0.2316512167453766),
            ["LeftUpperLeg"] = CFrame.new(5.960464477539063e-08, -1.422740751877427e-07, -1.2689270079135895e-08, 0.9811574816703796, -0.17198531329631805, 0.08804109692573547, 0.19321003556251526, 0.872947633266449, -0.4479195773601532, 0.00018042414740193635, 0.4564903676509857, 0.8897285461425781),
            ["LeftLowerLeg"] = CFrame.new(8.754432201385498e-08, 0.000004231929779052734, 0.000013343989849090576, 1, 7.171183113996449e-08, 2.7939680791178034e-08, -1.3690443267933006e-07, 0.5663496851921082, 0.8241648077964783, 5.7276345444279286e-08, -0.8241650462150574, 0.5663501024246216),
        }},
        {Time = 0.233, Data = {
            ["RightFoot"] = CFrame.new(-1.909211277961731e-07, 4.76837158203125e-07, 3.5222910810261965e-08, 0.9820438027381897, 0.1324918270111084, -0.1342986673116684, -0.1578424572944641, 0.9669418334960938, -0.2002728283405304, 0.10332441329956055, 0.21787481009960175, 0.9704920649528503),
            ["LeftLowerArm"] = CFrame.new(-4.76837158203125e-07, 0.0000013709068298339844, 0.0000011958181858062744, 1, -1.3969838619232178e-07, 4.321331061873934e-07, 3.557652235031128e-07, -0.4370919466018677, -0.8994168043136597, 3.4365803003311157e-07, 0.8994169235229492, -0.4370918869972229),
            ["RightUpperArm"] = CFrame.new(3.5762786865234375e-07, -5.960464477539062e-07, 4.1909515857696533e-07, 0.7668545842170715, -0.20437246561050415, 0.6084126830101013, 0.11292711645364761, 0.9761233925819397, 0.18555529415607452, -0.6318081021308899, -0.0735875740647316, 0.7716237306594849),
            ["Head"] = CFrame.new(-4.843459464609623e-07, -0.0000013113021850585938, 5.3085386753082275e-08, 0.44711583852767944, -0.28081125020980835, 0.8492541313171387, 0.1042497307062149, 0.9593322277069092, 0.2623237669467926, -0.8883802890777588, -0.028754662722349167, 0.4582071304321289),
            ["RightHand"] = CFrame.new(0.000002171844244003296, 0.0000014901161193847656, 4.023313522338867e-07, 0.9427133202552795, -0.2607690691947937, 0.20806533098220825, 0.25422441959381104, 0.9653995633125305, 0.05808525159955025, -0.21601298451423645, -0.0018624641234055161, 0.9763887524604797),
            ["UpperTorso"] = CFrame.new(1.862645149230957e-07, 4.470348358154297e-07, -5.2619725465774536e-08, 0.9911704063415527, -0.06532703340053558, 0.11538468301296234, 0.06326595693826675, 0.9977664351463318, 0.02143900841474533, -0.1165274903178215, -0.013949780724942684, 0.9930895566940308),
            ["HumanoidRootPart"] = CFrame.new(0, 0, 0, 1, 0, 0, 0, 1, 0, 0, 0, 1),
            ["RightUpperLeg"] = CFrame.new(1.1920928955078125e-07, 3.026798367500305e-08, -2.2184394765645266e-08, 0.812918484210968, -0.5325803160667419, 0.23563054203987122, 0.4930785894393921, 0.414119154214859, -0.7651007175445557, 0.30989837646484375, 0.7381487488746643, 0.5992489457130432),
            ["LeftUpperArm"] = CFrame.new(5.364418029785156e-07, 0.000001430511474609375, -8.940696716308594e-08, -0.35990041494369507, 0.9329065084457397, 0.012538725510239601, -0.9067507982254028, -0.3465818464756012, -0.24017493426799774, -0.21971498429775238, -0.09780845791101456, 0.9706486463546753),
            ["RightLowerArm"] = CFrame.new(-0.0000023543834686279297, 0.0000012516975402832031, -4.3213367462158203e-07, 1, -7.636838716962302e-08, 8.801002593372687e-08, 9.49949381379156e-08, 0.9967430233955383, -0.08064407110214233, -1.1804517896507605e-07, 0.08064407110214233, 0.9967430233955383),
            ["LeftHand"] = CFrame.new(-0.0000013560056686401367, -7.152557373046875e-07, -7.599592208862305e-07, 0.5288193225860596, 0.4738629460334778, -0.7041335701942444, -0.3449862599372864, 0.8780107498168945, 0.3317857086658478, 0.7754577398300171, 0.06746158748865128, 0.627785325050354),
            ["LeftFoot"] = CFrame.new(-2.7474015951156616e-08, -2.980232238769531e-07, -2.9802322387695312e-08, 0.992301344871521, 0.01742829941213131, 0.12261481583118439, 0.040055859833955765, 0.8916718363761902, -0.45090699195861816, -0.11719075590372086, 0.4523469805717468, 0.8841089010238647),
            ["LowerTorso"] = CFrame.new(-0.17336717247962952, -0.3128242492675781, 0.10926433652639389, 0.9786152243614197, 0.1936904937028885, -0.0692555382847786, -0.19073167443275452, 0.9805110692977905, 0.04711147025227547, 0.07703085988759995, -0.03289477527141571, 0.9964859485626221),
            ["RightLowerLeg"] = CFrame.new(-1.4901161193847656e-08, -0.000003874301910400391, -0.000013195145584177226, 1, -5.215403575675737e-07, -6.258487701416016e-07, 6.705522537231445e-07, 0.20047280192375183, 0.9796993136405945, -4.3585896492004395e-07, -0.9796993136405945, 0.20047293603420258),
            ["LeftUpperLeg"] = CFrame.new(-1.7881393432617188e-07, 1.8719583749771118e-07, 1.4901161193847656e-08, 0.974957287311554, -0.22193008661270142, 0.01433025486767292, 0.1959977149963379, 0.8270105719566345, -0.5269139409065247, 0.10508676618337631, 0.5165272951126099, 0.8497979044914246),
            ["LeftLowerLeg"] = CFrame.new(7.35744833946228e-08, 0.000004291534423828125, 0.000013314187526702881, 1, 4.1350713786414417e-07, 1.9883736968040466e-07, -3.511086106300354e-07, 0.5916004776954651, 0.8062313795089722, 2.062879502773285e-07, -0.8062312602996826, 0.5916003584861755),
        }},
        {Time = 0.267, Data = {
            ["RightFoot"] = CFrame.new(-9.685754776000977e-08, 4.172325134277344e-07, 4.639878170564771e-08, 0.978308379650116, 0.14715881645679474, -0.14579835534095764, -0.18932390213012695, 0.9208179116249084, -0.34095579385757446, 0.08407892286777496, 0.36116307973861694, 0.9287044405937195),
            ["LeftLowerArm"] = CFrame.new(8.940696716308594e-08, 0.0000011324882507324219, 0.0000011622905731201172, 1, -1.9185242194907914e-07, 3.9301767174038105e-07, 3.241002559661865e-07, -0.438392698764801, -0.8987835049629211, 3.427267074584961e-07, 0.8987835645675659, -0.4383927881717682),
            ["RightUpperArm"] = CFrame.new(4.76837158203125e-07, -3.5762786865234375e-07, 4.76837158203125e-07, 0.6474066376686096, -0.21825870871543884, 0.730224609375, 0.09004459530115128, 0.9733117818832397, 0.21108365058898926, -0.7568068504333496, -0.07090409845113754, 0.6497812271118164),
            ["Head"] = CFrame.new(-3.8836151361465454e-07, -0.0000015497207641601562, 4.0978193283081055e-08, 0.41215384006500244, -0.2875020205974579, 0.8645645380020142, 0.10745488852262497, 0.9576250314712524, 0.2672225534915924, -0.9047555923461914, -0.017235152423381805, 0.4255823791027069),
            ["RightHand"] = CFrame.new(0.0000021085143089294434, 0.0000017881393432617188, 6.548361852765083e-07, 0.9344943165779114, -0.28416475653648376, 0.21440815925598145, 0.2782176733016968, 0.9587604999542236, 0.05808094143867493, -0.2220706045627594, 0.005375838838517666, 0.9750157594680786),
            ["UpperTorso"] = CFrame.new(8.248025551438332e-08, 0, -4.377216100692749e-08, 0.9886069893836975, -0.07675331085920334, 0.12948110699653625, 0.07828504592180252, 0.9969080090522766, -0.006774490233510733, -0.12856078147888184, 0.016833750531077385, 0.991558849811554),
            ["HumanoidRootPart"] = CFrame.new(0, 0, 0, 1, 0, 0, 0, 1, 0, 0, 0, 1),
            ["RightUpperLeg"] = CFrame.new(-5.960464477539063e-08, -9.313225746154785e-10, -4.954927135258913e-09, 0.7920143008232117, -0.589863657951355, 0.15739907324314117, 0.459094762802124, 0.4055095314979553, -0.790439248085022, 0.4024244248867035, 0.6983000040054321, 0.5919725298881531),
            ["LeftUpperArm"] = CFrame.new(5.960464477539062e-07, 0.0000011920928955078125, -7.450580596923828e-08, -0.34817060828208923, 0.9330247044563293, 0.09078643471002579, -0.9059417247772217, -0.31000322103500366, -0.28838804364204407, -0.24092905223369598, -0.18265533447265625, 0.9531999230384827),
            ["RightLowerArm"] = CFrame.new(-0.0000016689300537109375, 0.0000019669532775878906, -6.854534149169922e-07, 1, -9.220087804351351e-08, -2.8157973730458252e-09, 9.313229298868464e-08, 0.9906647801399231, -0.13632060587406158, -5.355106580395841e-08, 0.13632060587406158, 0.9906647801399231),
            ["LeftHand"] = CFrame.new(-0.0000012293457984924316, -8.344650268554688e-07, -4.5821070671081543e-07, 0.5390083193778992, 0.46448594331741333, -0.7026541829109192, -0.32520949840545654, 0.884284257888794, 0.33508238196372986, 0.7769869565963745, 0.04789763689041138, 0.6276918649673462),
