return {
    ["Disco"] = {
        {Time = 0.000, Data = {
            ["RightFoot"] = CFrame.new(-4.6646164264529943e-08, 4.172325134277344e-07, 3.4779077395796776e-09, 0.9617857336997986, 0.18068310618400574, -0.20572295784950256, -0.23544751107692719, 0.9292922019958496, -0.28457027673721313, 0.13975967466831207, 0.32213306427001953, 0.936321496963501),
            ["LeftLowerArm"] = CFrame.new(-2.682209014892578e-07, -8.344650268554688e-07, -2.8312206268310547e-07, 1, -8.195637946073475e-08, 7.078052277620372e-08, 5.960465188081798e-08, 0.44091537594795227, -0.8975486755371094, 5.587936158235607e-08, 0.8975486755371094, 0.44091540575027466),
            ["RightUpperArm"] = CFrame.new(2.384185791015625e-07, 2.384185791015625e-07, -4.0978193283081055e-08, 0.12044347077608109, -0.9854922890663147, 0.11957614868879318, 0.4162799119949341, -0.059213053435087204, -0.9073064923286438, 0.90122389793396, 0.15905630588531494, 0.4031088054180145),
            ["Head"] = CFrame.new(0, 0, 6.984919309616089e-10, 0.9981204271316528, -0.03065515123307705, -0.05306635797023773, 0.022408749908208847, 0.9885004162788391, -0.14954863488674164, 0.057040564715862274, 0.14807838201522827, 0.9873293042182922),
            ["RightHand"] = CFrame.new(5.662441253662109e-07, -0.0000014901161193847656, -1.5273690223693848e-07, 0.9205052852630615, -0.23153086006641388, -0.31474342942237854, 0.1512640118598938, 0.9538779258728027, -0.25929978489875793, 0.3602627217769623, 0.19107747077941895, 0.913071870803833),
            ["UpperTorso"] = CFrame.new(1.4479155652225018e-08, -6.556510925292969e-07, -1.501757651567459e-08, 0.9982328414916992, 0.05873655155301094, 0.009014053270220757, -0.05914599075913429, 0.9674011468887329, 0.2462455779314041, 0.005743409972637892, -0.24634358286857605, 0.969165563583374),
            ["HumanoidRootPart"] = CFrame.new(0, 0, 0, 1, 0, 0, 0, 1, 0, 0, 0, 1),
            ["RightUpperLeg"] = CFrame.new(2.384185791015625e-07, 1.043081283569336e-07, 1.3205863069742918e-08, 0.9821382761001587, -0.05701190605759621, 0.17931559681892395, 0.09783315658569336, 0.9687727093696594, -0.2278335988521576, -0.16072683036327362, 0.24130690097808838, 0.957046389579773),
            ["LeftUpperArm"] = CFrame.new(0, 2.384185791015625e-07, -2.2351741790771484e-08, 0.047138649970293045, 0.771013081073761, -0.6350724697113037, 0.03475816547870636, 0.6341280937194824, 0.77244633436203, 0.9982835054397583, -0.05848633125424385, 0.003092842875048518),
            ["RightLowerArm"] = CFrame.new(2.980232238769531e-07, -5.960464477539062e-07, -1.3504177331924438e-07, 1, -7.264316792543468e-08, 6.705523247774181e-08, 7.63684582238966e-08, 0.23755821585655212, -0.9713733792304993, 5.960465188081798e-08, 0.9713733196258545, 0.23755821585655212),
            ["LeftHand"] = CFrame.new(1.043081283569336e-07, -5.960464477539062e-07, 1.0058283805847168e-07, 0.4824046492576599, 0.7411845326423645, -0.46683111786842346, -0.7330739498138428, 0.049891769886016846, -0.6783165335655212, -0.47946682572364807, 0.6694446802139282, 0.5674111843109131),
            ["LeftFoot"] = CFrame.new(1.3154931366443634e-07, 5.960464477539063e-08, -3.725290298461914e-08, 0.9684851765632629, -0.24866029620170593, -0.014298555441200733, 0.2335246503353119, 0.926501452922821, -0.295061856508255, 0.08661781996488571, 0.28242385387420654, 0.9553712010383606),
            ["LowerTorso"] = CFrame.new(0.0955762267112732, -0.11856794357299805, -0.0410296656191349, 0.9972687363624573, -0.0491473563015461, 0.05513295531272888, 0.05423879623413086, 0.9939973950386047, -0.09501232206821442, -0.05013240873813629, 0.09774316847324371, 0.993948221206665),
            ["RightLowerLeg"] = CFrame.new(-8.195638656616211e-08, -0.0000034570693969726562, -0.000013364646292757243, 1, -1.564622067462551e-07, -4.4703497792397684e-08, 8.940698137394065e-08, 0.7389041781425476, 0.6738098859786987, -8.940698137394065e-08, -0.6738104224205017, 0.7389047741889954),
            ["LeftUpperLeg"] = CFrame.new(2.9802322387695312e-08, -3.5623088479042053e-07, -1.862645149230957e-09, 0.9503024816513062, 0.309912770986557, -0.029654787853360176, -0.30718573927879333, 0.9179075360298157, -0.2511625587940216, -0.050618141889572144, 0.24779002368450165, 0.967490553855896),
            ["LeftLowerLeg"] = CFrame.new(-1.8998980522155762e-07, 0.000003814697265625, 0.00001341104507446289, 1, 8.940696716308594e-08, 1.4901159417490817e-08, 2.2351738238057806e-08, 0.7911046147346497, 0.6116809844970703, -2.607702853651972e-08, -0.6116809248924255, 0.7911044955253601),
        }},
        {Time = 0.033, Data = {
            ["RightFoot"] = CFrame.new(-7.2177499532699585e-09, 4.172325134277344e-07, 2.9634975362569094e-08, 0.9481105208396912, 0.1487196534872055, -0.28101474046707153, -0.23270799219608307, 0.9268473386764526, -0.29461991786956787, 0.21664173901081085, 0.34472671151161194, 0.9133617877960205),
            ["LeftLowerArm"] = CFrame.new(-2.384185791015625e-07, 1.1920928955078125e-07, -4.889443516731262e-08, 1, -8.568165554834195e-08, 4.097818262494002e-08, 2.9802311729554276e-08, 0.4502708613872528, -0.892892062664032, 4.936007869105197e-08, 0.892892062664032, 0.4502708911895752),
            ["RightUpperArm"] = CFrame.new(1.1920928955078125e-07, -3.5762786865234375e-07, -2.2351741790771484e-08, -0.05275844782590866, -0.9758018851280212, 0.21219608187675476, 0.6249748468399048, -0.19799703359603882, -0.7551184296607971, 0.7788600325584412, 0.09277842938899994, 0.6202975511550903),
            ["Head"] = CFrame.new(-1.3504177331924438e-08, -2.384185791015625e-07, -6.798654794692993e-08, 0.997339129447937, -0.034631624817848206, -0.06415197998285294, 0.0258891973644495, 0.9908562898635864, -0.1324145793914795, 0.06815113127231598, 0.1304013878107071, 0.9891162514686584),
            ["RightHand"] = CFrame.new(5.415640771389008e-07, -0.0000011920928955078125, -1.4901161193847656e-08, 0.7924657464027405, -0.37451615929603577, -0.48138928413391113, 0.26103878021240234, 0.9215942025184631, -0.2872679531574249, 0.551232099533081, 0.1019887626171112, 0.8280950784683228),
            ["UpperTorso"] = CFrame.new(-1.862645149230957e-08, -8.046627044677734e-07, -1.210719347000122e-08, 0.9923800230026245, 0.11883942782878876, -0.032543525099754333, -0.11212716996669769, 0.9805095195770264, 0.16133449971675873, 0.05108213797211647, -0.1564561277627945, 0.9863630533218384),
            ["HumanoidRootPart"] = CFrame.new(0, 0, 0, 1, 0, 0, 0, 1, 0, 0, 0, 1),
            ["RightUpperLeg"] = CFrame.new(-1.1920928955078125e-07, -2.7811620384454727e-07, 2.3450411390513182e-08, 0.9863578081130981, 0.006223317235708237, 0.1644979864358902, 0.03226952627301216, 0.9725872278213501, -0.23028850555419922, -0.1614217758178711, 0.23245501518249512, 0.959118127822876),
            ["LeftUpperArm"] = CFrame.new(-1.1920928955078125e-07, -4.76837158203125e-07, -5.960464477539063e-08, 0.15602326393127441, 0.7405813336372375, -0.6536024808883667, 0.05636559799313545, 0.6539523005485535, 0.7544329762458801, 0.9861438274383545, -0.1545499712228775, 0.06028841808438301),
            ["RightLowerArm"] = CFrame.new(-4.76837158203125e-07, -1.1920928955078125e-07, 4.544854164123535e-07, 1, -5.4715226127655114e-08, 4.540199327607297e-08, 8.312056820614089e-08, 0.6452003121376038, -0.7640134692192078, 4.348113691321487e-08, 0.7640135288238525, 0.6452003121376038),
            ["LeftHand"] = CFrame.new(5.960464477539063e-08, -2.384185791015625e-07, 2.4586915969848633e-07, 0.5998055934906006, 0.7200283408164978, -0.3489876687526703, -0.6320869326591492, 0.15895234048366547, -0.7584196329116821, -0.4906112253665924, 0.6754949688911438, 0.5504609942436218),
            ["LeftFoot"] = CFrame.new(-5.145557224750519e-08, -1.1920928955078125e-07, 1.4901161193847656e-08, 0.9544808864593506, -0.26811572909355164, -0.13069097697734833, 0.21235394477844238, 0.9185268878936768, -0.3334880769252777, 0.20945660769939423, 0.2905551493167877, 0.9336518049240112),
            ["LowerTorso"] = CFrame.new(0.13174496591091156, -0.15099382400512695, -0.03979317471385002, 0.9856802821159363, -0.1126498430967331, 0.12547704577445984, 0.11392220109701157, 0.9934852719306946, -0.002987985033541918, -0.12432300299406052, 0.01723981834948063, 0.9920920729637146),
            ["RightLowerLeg"] = CFrame.new(-7.450580596923828e-08, -0.000003516674041748047, -0.00001326033816440031, 1, -1.1920930376163597e-07, -7.450580596923828e-09, 1.0430811414607888e-07, 0.8124210834503174, 0.5830714702606201, 3.166496398421259e-08, -0.5830713510513306, 0.8124209642410278),
            ["LeftUpperLeg"] = CFrame.new(0, -5.012843757867813e-07, -3.166496753692627e-08, 0.9168282747268677, 0.3897693455219269, -0.08663611859083176, -0.38403767347335815, 0.8014329671859741, -0.4584980309009552, -0.10927547514438629, 0.45363545417785645, 0.8844624161720276),
            ["LeftLowerLeg"] = CFrame.new(1.341104507446289e-07, 0.0000040531158447265625, 0.000013239681720733643, 1, 2.9802322387695312e-08, 2.9802318834981634e-08, 0, 0.6866757273674011, 0.7269641160964966, 0, -0.7269638180732727, 0.686675488948822),
        }},
        {Time = 0.067, Data = {
            ["RightFoot"] = CFrame.new(-3.725290298461914e-08, 2.980232238769531e-07, -2.9613147489726543e-09, 0.9333423972129822, 0.12810806930065155, -0.33535149693489075, -0.2494432032108307, 0.9032377600669861, -0.3491978645324707, 0.25816699862480164, 0.4095727801322937, 0.874985933303833),
            ["LeftLowerArm"] = CFrame.new(-1.7881393432617188e-07, -7.748603820800781e-07, -3.371387720108032e-07, 1, -5.960463056453591e-08, 1.1175868053214799e-07, 8.940698847936801e-08, 0.40643492341041565, -0.9136797785758972, 2.980232949312267e-08, 0.9136797189712524, 0.40643489360809326),
            ["RightUpperArm"] = CFrame.new(1.1920928955078125e-07, -3.5762786865234375e-07, 0, -0.13702692091464996, -0.9400452375411987, 0.31231164932250977, 0.6117475628852844, -0.32828444242477417, -0.7197182178497314, 0.7790947556495667, 0.09243511408567429, 0.6200541853904724),
            ["Head"] = CFrame.new(-3.725290298461914e-09, 1.1920928955078125e-07, 3.259629011154175e-08, 0.996116042137146, -0.029788630083203316, -0.08285930007696152, 0.020605390891432762, 0.9937672019004822, -0.10955441743135452, 0.08560634404420853, 0.10742157697677612, 0.9905211925506592),
            ["RightHand"] = CFrame.new(-4.023313522338867e-07, -4.76837158203125e-07, 8.940696716308594e-08, 0.6364776492118835, -0.2744542956352234, -0.7208127975463867, 0.22810646891593933, 0.9597241282463074, -0.16400349140167236, 0.7367929220199585, -0.060037463903427124, 0.6734476685523987),
            ["UpperTorso"] = CFrame.new(-5.774199962615967e-08, -7.152557373046875e-07, -3.5390257835388184e-08, 0.9859870076179504, 0.1504209190607071, -0.072133868932724, -0.14481420814990997, 0.9864165782928467, 0.07753288745880127, 0.08281662315130234, -0.06600039452314377, 0.9943768978118896),
            ["HumanoidRootPart"] = CFrame.new(0, 0, 0, 1, 0, 0, 0, 1, 0, 0, 0, 1),
            ["RightUpperLeg"] = CFrame.new(-2.9802322387695312e-08, 6.239861249923706e-08, -2.4047039914876223e-08, 0.9867821335792542, 0.05956277996301651, 0.15070995688438416, -0.011894291266798973, 0.9541155099868774, -0.2992027997970581, -0.16161589324474335, 0.2934550344944, 0.9422124624252319),
            ["LeftUpperArm"] = CFrame.new(0, -2.384185791015625e-07, 2.9802322387695312e-08, 0.2787317633628845, 0.7265536785125732, -0.6280352473258972, 0.06481871008872986, 0.6382284760475159, 0.767113447189331, 0.9581791162490845, -0.25452736020088196, 0.1308002918958664),
            ["RightLowerArm"] = CFrame.new(-0.0000012516975402832031, -0.0000011324882507324219, 4.917383193969727e-07, 1, -1.862644971595273e-08, 3.725290298461914e-08, 1.4901162970204496e-08, 0.9070402383804321, -0.4210439622402191, -7.450581485102248e-09, 0.42104390263557434, 0.9070402383804321),
            ["LeftHand"] = CFrame.new(0, -5.960464477539062e-07, 2.2351741790771484e-08, 0.7020675539970398, 0.6715296506881714, -0.23695781826972961, -0.5354267954826355, 0.2784116864204407, -0.7973739504814148, -0.4694882929325104, 0.6866840124130249, 0.5550187230110168),
            ["LeftFoot"] = CFrame.new(2.7939677238464355e-08, -1.7881393432617188e-07, -4.6566128730773926e-09, 0.9279156923294067, -0.26650604605674744, -0.26066651940345764, 0.16885733604431152, 0.9238616228103638, -0.343463659286499, 0.33235499262809753, 0.2746897339820862, 0.9022670388221741),
            ["LowerTorso"] = CFrame.new(0.1662573367357254, -0.18822526931762695, -0.04242386668920517, 0.968772828578949, -0.1706206202507019, 0.17991070449352264, 0.15583834052085876, 0.9833543300628662, 0.09342735260725021, -0.19285660982131958, -0.06247289851307869, 0.9792361855506897),
            ["RightLowerLeg"] = CFrame.new(-8.195638656616211e-08, -0.0000034570693969726562, -0.000013364646292757243, 1, -3.725290298461914e-08, -1.2665985593685036e-07, 8.940698137394065e-08, 0.8113592267036438, 0.5845472812652588, -7.264316792543468e-08, -0.5845479965209961, 0.8113595843315125),
            ["LeftUpperLeg"] = CFrame.new(8.940696716308594e-08, -3.3527612686157227e-08, -1.862645149230957e-08, 0.8860844969749451, 0.43845677375793457, -0.15036636590957642, -0.42705318331718445, 0.6460886597633362, -0.6326098442077637, -0.18022191524505615, 0.6247599720954895, 0.7597333788871765),
            ["LeftLowerLeg"] = CFrame.new(2.2351741790771484e-08, 0.0000037550926208496094, 0.000013321638107299805, 1, 5.960465898624534e-08, 7.450579886381092e-08, -1.1920928955078125e-07, 0.5900214910507202, 0.8073878288269043, 3.725290298461914e-08, -0.8073875308036804, 0.590021014213562),
        }},
        {Time = 0.100, Data = {
            ["RightFoot"] = CFrame.new(-1.3737007975578308e-08, 3.5762786865234375e-07, -3.4626282285898924e-08, 0.9245904684066772, 0.11050673574209213, -0.36458340287208557, -0.25602951645851135, 0.8889040350914001, -0.3798660337924957, 0.28210175037384033, 0.4445648491382599, 0.8501651287078857),
            ["LeftLowerArm"] = CFrame.new(-2.9802322387695312e-08, -1.1920928955078125e-07, -3.725290298461914e-09, 1, -8.381900329368364e-08, 8.940695295223122e-08, 1.0430814256778831e-07, 0.2740200161933899, -0.961724042892456, 5.960465188081798e-08, 0.961724042892456, 0.2740200161933899),
            ["RightUpperArm"] = CFrame.new(0, 2.384185791015625e-07, 0, -0.0820084735751152, -0.9400742650032043, 0.330960750579834, 0.4547712504863739, -0.3307890295982361, -0.8268990516662598, 0.8868246078491211, 0.0826987624168396, 0.45464614033699036),
            ["Head"] = CFrame.new(0, -1.1920928955078125e-07, 1.6996636986732483e-08, 0.994735836982727, -0.022013265639543533, -0.10008051246404648, 0.013515183702111244, 0.9963054060935974, -0.08481069654226303, 0.10157771408557892, 0.08301162719726562, 0.9913582801818848),
            ["RightHand"] = CFrame.new(-7.82310962677002e-08, -0.000001430511474609375, -3.5762786865234375e-07, 0.4787411689758301, -0.15569910407066345, -0.8640398383140564, 0.2987924814224243, 0.9542965888977051, -0.006410436239093542, 0.8255482912063599, -0.25509965419769287, 0.503382682800293),
            ["UpperTorso"] = CFrame.new(3.725290298461914e-09, -2.980232238769531e-07, 9.313225746154785e-09, 0.9836488962173462, 0.1544155776500702, -0.09268643707036972, -0.15463989973068237, 0.9879592657089233, 0.004800181835889816, 0.09231161326169968, 0.009611344896256924, 0.9956837892532349),
            ["HumanoidRootPart"] = CFrame.new(0, 0, 0, 1, 0, 0, 0, 1, 0, 0, 0, 1),
            ["RightUpperLeg"] = CFrame.new(-5.960464477539063e-08, 4.954636096954346e-07, -1.6596459317952394e-08, 0.9859100580215454, 0.09467435628175735, 0.13790647685527802, -0.03697153925895691, 0.9273631572723389, -0.37233179807662964, -0.16313982009887695, 0.36198684573173523, 0.9177967309951782),
            ["LeftUpperArm"] = CFrame.new(5.960464477539063e-08, 3.5762786865234375e-07, -6.705522537231445e-08, 0.34756582975387573, 0.7395690679550171, -0.5763989090919495, 0.046319637447595596, 0.6004305481910706, 0.7983343005180359, 0.9365108013153076, -0.30417245626449585, 0.17443256080150604),
            ["RightLowerArm"] = CFrame.new(-8.940696716308594e-08, -7.748603820800781e-07, 0, 1, -4.423781874152155e-08, 2.1420424545226524e-08, 4.7497451305389404e-08, 0.8868586421012878, -0.46204105019569397, -3.585591912269592e-08, 0.4620409905910492, 0.8868586421012878),
            ["LeftHand"] = CFrame.new(-7.450580596923828e-08, -3.5762786865234375e-07, 1.4901161193847656e-08, 0.7583245635032654, 0.6397151350975037, -0.12533313035964966, -0.4784081280231476, 0.4155469536781311, -0.7735932469367981, -0.44279757142066956, 0.6465951800346375, 0.6211643218994141),
            ["LeftFoot"] = CFrame.new(-2.1886080503463745e-08, 5.960464477539063e-08, 1.4901161193847656e-08, 0.8899655342102051, -0.2714267075061798, -0.36645445227622986, 0.14310702681541443, 0.929214358329773, -0.34070757031440735, 0.43299171328544617, 0.2507755756378174, 0.8658114671707153),
            ["LowerTorso"] = CFrame.new(0.20002545416355133, -0.20931267738342285, -0.0550726056098938, 0.9561029672622681, -0.21234586834907532, 0.20193171501159668, 0.17765720188617706, 0.9680745005607605, 0.17683233320713043, -0.23303458094596863, -0.13319529592990875, 0.9633036255836487),
            ["RightLowerLeg"] = CFrame.new(7.450580596923828e-08, -0.000003516674041748047, -0.000013349745131563395, 1, -8.195639367158947e-08, -5.587935447692871e-08, 9.313224325069314e-08, 0.8024688363075256, 0.5966939330101013, -8.00937343115038e-08, -0.5966941714286804, 0.8024689555168152),
            ["LeftUpperLeg"] = CFrame.new(8.940696716308594e-08, 2.0489096641540527e-08, -1.1175870895385742e-08, 0.8619855642318726, 0.47151219844818115, -0.18616360425949097, -0.44353732466697693, 0.523666262626648, -0.7273573279380798, -0.24547016620635986, 0.7095421552658081, 0.6605260372161865),
            ["LeftLowerLeg"] = CFrame.new(0, 0.000003933906555175781, 0.00001315772533416748, 1, 4.470348358154297e-08, 3.7252888773764425e-08, -1.1920930376163597e-07, 0.5590676665306091, 0.8291223645210266, 1.7136336794010276e-07, -0.8291220664978027, 0.5590671300888062),
        }},
        {Time = 0.133, Data = {
            ["RightFoot"] = CFrame.new(-1.856460585258901e-08, 3.5762786865234375e-07, 4.7839421313256025e-08, 0.9305846691131592, 0.10535825788974762, -0.35058772563934326, -0.24100075662136078, 0.897196352481842, -0.37007710337638855, 0.2755553722381592, 0.42888036370277405, 0.8603087663650513),
            ["LeftLowerArm"] = CFrame.new(5.960464477539063e-08, -2.384185791015625e-07, -2.2351741790771484e-07, 1, -8.940693874137651e-08, 8.940693874137651e-08, 5.2154071283894154e-08, 0.17517608404159546, -0.9845371842384338, 1.1920930376163597e-07, 0.9845371246337891, 0.17517612874507904),
            ["RightUpperArm"] = CFrame.new(1.1920928955078125e-07, 4.76837158203125e-07, 0, -0.028762929141521454, -0.9299452900886536, 0.3665715157985687, 0.39453986287117004, -0.347510427236557, -0.8506321310997009, 0.9184286594390869, 0.12016040086746216, 0.37689581513404846),
            ["Head"] = CFrame.new(1.4901161193847656e-08, 2.384185791015625e-07, -1.8742866814136505e-08, 0.9932615756988525, -0.011994424276053905, -0.11527234315872192, 0.005392181221395731, 0.9983357787132263, -0.05741717293858528, 0.11576920747756958, 0.05640871077775955, 0.9916731119155884),
            ["RightHand"] = CFrame.new(-2.384185791015625e-07, -5.960464477539062e-07, -3.2782554626464844e-07, 0.523374080657959, -0.1654369980096817, -0.8358888626098633, 0.1934150606393814, 0.9784313440322876, -0.07254588603973389, 0.8298616409301758, -0.12370485812425613, 0.5440835952758789),
            ["UpperTorso"] = CFrame.new(-3.725290298461914e-08, -6.258487701416016e-07, -6.332993507385254e-08, 0.9856266379356384, 0.15412956476211548, -0.06916771829128265, -0.1573144793510437, 0.9866028428077698, -0.04320884495973587, 0.061581358313560486, 0.05346890911459923, 0.9966688752174377),
            ["HumanoidRootPart"] = CFrame.new(0, 0, 0, 1, 0, 0, 0, 1, 0, 0, 0, 1),
            ["RightUpperLeg"] = CFrame.new(0, -5.289912223815918e-07, -7.620110409334302e-08, 0.9845131635665894, 0.1184663474559784, 0.12922658026218414, -0.05775206536054611, 0.9151473045349121, -0.3989616334438324, -0.16552479565143585, 0.38531970977783203, 0.9078161716461182),
            ["LeftUpperArm"] = CFrame.new(-1.1920928955078125e-07, 2.384185791015625e-07, 2.2351741790771484e-08, 0.4046759009361267, 0.7427883148193359, -0.5333882570266724, -0.0049836826510727406, 0.5850647687911987, 0.8109713196754456, 0.9144467115402222, -0.32552218437194824, 0.2404634654521942),
            ["RightLowerArm"] = CFrame.new(5.960464477539063e-08, -0.000001430511474609375, -4.470348358154297e-08, 1, 0, 4.097820394122209e-08, 6.332994928470725e-08, 0.8664184808731079, -0.49931859970092773, 3.725291186640334e-09, 0.49931856989860535, 0.8664184808731079),
            ["LeftHand"] = CFrame.new(0, -5.364418029785156e-07, 7.450580596923828e-08, 0.8236975073814392, 0.5668736696243286, -0.013292746618390083, -0.38836294412612915, 0.546920657157898, -0.7416549324989319, -0.4131545424461365, 0.6160616874694824, 0.6706500053405762),
            ["LeftFoot"] = CFrame.new(-3.91155481338501e-08, 0, 5.587935447692871e-09, 0.8749589323997498, -0.2873135805130005, -0.38974088430404663, 0.13581140339374542, 0.9182347059249878, -0.37202194333076477, 0.4647604525089264, 0.2725728154182434, 0.8424380421638489),
            ["LowerTorso"] = CFrame.new(0.22400175034999847, -0.20961308479309082, -0.07481192797422409, 0.9526427388191223, -0.24316152930259705, 0.1826043277978897, 0.20058169960975647, 0.9538000822067261, 0.22367924451828003, -0.22855821251869202, -0.17645931243896484, 0.9574044942855835),
            ["RightLowerLeg"] = CFrame.new(-7.450580596923828e-09, -0.000003874301910400391, -0.00001337954745395109, 1, -5.960464477539063e-08, -8.195639367158947e-08, 8.940698137394065e-08, 0.8259497880935669, 0.5637435913085938, -7.264316792543468e-08, -0.5637437701225281, 0.8259499073028564),
            ["LeftUpperLeg"] = CFrame.new(0, -8.777715265750885e-07, -7.82310962677002e-08, 0.8368625044822693, 0.5119557976722717, -0.1938103586435318, -0.46304598450660706, 0.4731937348842621, -0.74945068359375, -0.29197555780410767, 0.7169302105903625, 0.6330569982528687),
            ["LeftLowerLeg"] = CFrame.new(-2.9802322387695312e-08, 0.000003874301910400391, 0.000013321638107299805, 1, 8.940698847936801e-08, 1.1175869474300271e-07, -1.3411047916633834e-07, 0.5642687678337097, 0.8255913257598877, -3.72529100900465e-08, -0.8255912065505981, 0.5642685294151306),
        }},
        {Time = 0.167, Data = {
            ["RightFoot"] = CFrame.new(-2.0721927285194397e-08, 2.384185791015625e-07, 1.287116901949048e-08, 0.9360425472259521, 0.1089334785938263, -0.334601491689682, -0.23355063796043396, 0.9035701155662537, -0.3591865301132202, 0.26320838928222656, 0.4143604636192322, 0.8712214827537537),
            ["LeftLowerArm"] = CFrame.new(0, -3.5762786865234375e-07, -1.825392246246338e-07, 1, -8.940693874137651e-08, 6.705518273975031e-08, 1.415610881849716e-07, 0.10098021477460861, -0.994888424873352, 8.195641498787154e-08, 0.994888424873352, 0.100980244576931),
            ["RightUpperArm"] = CFrame.new(0, -2.384185791015625e-07, -5.960464477539063e-08, -0.010949847288429737, -0.9287610054016113, 0.3705173134803772, 0.35451069474220276, -0.35007646679878235, -0.867046058177948, 0.9349878430366516, 0.12185833603143692, 0.33308884501457214),
            ["Head"] = CFrame.new(9.313225746154785e-09, 0, -1.150183379650116e-07, 0.9914181232452393, 0.007459443062543869, -0.130515918135643, -0.012725111097097397, 0.9991362690925598, -0.03955761715769768, 0.13010810315608978, 0.04087897390127182, 0.9906567931175232),
            ["RightHand"] = CFrame.new(1.1920928955078125e-07, -0.0000015497207641601562, -2.682209014892578e-07, 0.5700380802154541, -0.07075999677181244, -0.8185656070709229, 0.04383818060159683, 0.9974848031997681, -0.055698178708553314, 0.8204479217529297, -0.004134371876716614, 0.5717063546180725),
            ["UpperTorso"] = CFrame.new(0, 0, 5.21540641784668e-08, 0.989837646484375, 0.13597020506858826, -0.04163770005106926, -0.13820454478263855, 0.9887884855270386, -0.05654122307896614, 0.03348299488425255, 0.06172115355730057, 0.9975316524505615),
            ["HumanoidRootPart"] = CFrame.new(0, 0, 0, 1, 0, 0, 0, 1, 0, 0, 0, 1),
            ["RightUpperLeg"] = CFrame.new(5.960464477539063e-08, 7.040798664093018e-07, 2.0656443666666746e-08, 0.9842371940612793, 0.11372596770524979, 0.13543838262557983, -0.056058675050735474, 0.92695152759552, -0.3709695041179657, -0.16773349046707153, 0.3575293719768524, 0.9187154173851013),
            ["LeftUpperArm"] = CFrame.new(-2.384185791015625e-07, -3.5762786865234375e-07, -1.4901161193847656e-08, 0.3974747955799103, 0.77405846118927, -0.49279555678367615, -0.03841126710176468, 0.5506052374839783, 0.8338816165924072, 0.9168088436126709, -0.3125179409980774, 0.24858421087265015),
            ["RightLowerArm"] = CFrame.new(-5.960464477539063e-08, -7.152557373046875e-07, -6.556510925292969e-07, 1, -6.332992086299782e-08, 0, 7.450577754752885e-08, 0.8289902210235596, -0.5592632293701172, 2.2351734685344127e-08, 0.5592632293701172, 0.8289902210235596),
            ["LeftHand"] = CFrame.new(1.4901161193847656e-07, -4.76837158203125e-07, 8.940696716308594e-08, 0.8335250616073608, 0.5467355251312256, 0.07947549968957901, -0.3382708728313446, 0.6187742948532104, -0.709007203578949, -0.4368167519569397, 0.564091145992279, 0.7007085680961609),
            ["LeftFoot"] = CFrame.new(-2.514570951461792e-08, 5.960464477539063e-08, 2.0489096641540527e-08, 0.8645226955413818, -0.3335348069667816, -0.37597230076789856, 0.18868957459926605, 0.9087356328964233, -0.372284859418869, 0.46582919359207153, 0.250906765460968, 0.8485569953918457),
            ["LowerTorso"] = CFrame.new(0.2284754514694214, -0.2017354965209961, -0.10029314458370209, 0.9549767374992371, -0.24378235638141632, 0.1690845787525177, 0.20334897935390472, 0.9528370499610901, 0.22527951002120972, -0.21602921187877655, -0.18075349926948547, 0.959510087966919),
            ["RightLowerLeg"] = CFrame.new(5.960464477539063e-08, -0.0000034570693969726562, -0.0000133199428091757, 1, -8.195639367158947e-08, -5.2154071283894154e-08, 6.705522537231445e-08, 0.8525576591491699, 0.5226328372955322, -5.494803190231323e-08, -0.5226331949234009, 0.8525579571723938),
            ["LeftUpperLeg"] = CFrame.new(2.9802322387695312e-08, 2.759043127298355e-07, 1.7229467630386353e-08, 0.8242806196212769, 0.53757244348526, -0.1776999682188034, -0.4789404571056366, 0.49465084075927734, -0.7252152562141418, -0.30195602774620056, 0.6828883290290833, 0.6651959419250488),
            ["LeftLowerLeg"] = CFrame.new(-8.940696716308594e-08, 0.000003933906555175781, 0.00001329183578491211, 1, 1.4901162970204496e-08, 5.215403220404369e-08, -1.0430811414607888e-07, 0.6025444865226746, 0.798085629940033, 5.960463766996327e-08, -0.7980853319168091, 0.6025440096855164),
        }},
        {Time = 0.200, Data = {
            ["RightFoot"] = CFrame.new(8.381903171539307e-09, 1.1920928955078125e-07, -6.686605047434568e-09, 0.9314146041870117, 0.11532218009233475, -0.3452068865299225, -0.24818888306617737, 0.8949934840202332, -0.37065964937210083, 0.2662125527858734, 0.43091467022895813, 0.8622317314147949),
            ["LeftLowerArm"] = CFrame.new(-2.086162567138672e-07, -3.5762786865234375e-07, -1.4156103134155273e-07, 1, -8.195636524988004e-08, 1.2665984172599565e-07, 9.685756197086448e-08, 0.008180012926459312, -0.999966561794281, 7.450581307466564e-08, 0.999966561794281, 0.00818002037703991),
            ["RightUpperArm"] = CFrame.new(2.384185791015625e-07, -1.1920928955078125e-07, -7.450580596923828e-08, 0.023973867297172546, -0.926011323928833, 0.37673401832580566, 0.3300210237503052, -0.34838590025901794, -0.8773331642150879, 0.9436690807342529, 0.14536327123641968, 0.2972511649131775),
            ["Head"] = CFrame.new(-3.3527612686157227e-08, -4.76837158203125e-07, -5.774199962615967e-08, 0.990100622177124, 0.0206264927983284, -0.13883556425571442, -0.026372574269771576, 0.9988645315170288, -0.03967586159706116, 0.1378595530986786, 0.042944516986608505, 0.9895204305648804),
            ["RightHand"] = CFrame.new(-1.4901161193847656e-07, -6.556510925292969e-07, -3.3527612686157227e-07, 0.5706679224967957, 0.03356575593352318, -0.8204947113990784, -0.11159560084342957, 0.9930650591850281, -0.03699125349521637, 0.8135629296302795, 0.112673319876194, 0.5704560875892639),
            ["UpperTorso"] = CFrame.new(-8.195638656616211e-08, -3.8743019104003906e-07, -1.4901161193847656e-08, 0.9933657050132751, 0.10717348754405975, -0.04169461131095886, -0.10841836035251617, 0.9936872124671936, -0.02883218228816986, 0.03834136947989464, 0.033161379396915436, 0.9987143278121948),
            ["HumanoidRootPart"] = CFrame.new(0, 0, 0, 1, 0, 0, 0, 1, 0, 0, 0, 1),
            ["RightUpperLeg"] = CFrame.new(-8.940696716308594e-08, 3.650784492492676e-07, 5.790934665128589e-08, 0.9850375056266785, 0.08050389587879181, 0.15238232910633087, -0.032632678747177124, 0.9553237557411194, -0.2937546968460083, -0.1692226678133011, 0.2843865156173706, 0.9436566829681396),
            ["LeftUpperArm"] = CFrame.new(-2.384185791015625e-07, -2.384185791015625e-07, -1.4901161193847656e-08, 0.35308176279067993, 0.8216281533241272, -0.4475047290325165, -0.04608142003417015, 0.4930031895637512, 0.8688063025474548, 0.9344568848609924, -0.28613823652267456, 0.2119322568178177),
            ["RightLowerArm"] = CFrame.new(0, -8.344650268554688e-07, -3.725290298461914e-07, 1, -6.33299421792799e-08, -3.725290298461914e-09, 5.960465898624534e-08, 0.756462812423706, -0.6540367007255554, -7.450582373280668e-09, 0.654036819934845, 0.756462812423706),
            ["LeftHand"] = CFrame.new(2.384185791015625e-07, -0.0000011920928955078125, 5.960464477539063e-08, 0.7971232533454895, 0.5868202447891235, 0.14225560426712036, -0.3571578562259674, 0.6481872797012329, -0.6725263595581055, -0.4868603050708771, 0.48527857661247253, 0.7262725830078125),
            ["LeftFoot"] = CFrame.new(-6.658956408500671e-08, 2.384185791015625e-07, 4.6566128730773926e-09, 0.8617937564849854, -0.35808998346328735, -0.3592813313007355, 0.2210945039987564, 0.902625560760498, -0.3693024516105652, 0.45653998851776123, 0.23882775008678436, 0.8570488095283508),
            ["LowerTorso"] = CFrame.new(0.21419337391853333, -0.19588589668273926, -0.1342337429523468, 0.9577405452728271, -0.21443909406661987, 0.1917000710964203, 0.180221825838089, 0.9668111801147461, 0.1810973584651947, -0.22417211532592773, -0.13889575004577637, 0.9646008610725403),
            ["RightLowerLeg"] = CFrame.new(1.4901161193847656e-08, -0.000003814697265625, -0.000013297591067384928, 1, -4.470347292340193e-08, -4.8428766774577525e-08, 7.823107495141812e-08, 0.8602418303489685, 0.5098860263824463, -1.2107190627830278e-07, -0.5098862648010254, 0.8602419495582581),
            ["LeftUpperLeg"] = CFrame.new(8.940696716308594e-08, -1.5832483768463135e-08, 0, 0.8373697400093079, 0.5254582166671753, -0.15068338811397552, -0.4788978397846222, 0.572269082069397, -0.6657065749168396, -0.2635693848133087, 0.6296044588088989, 0.7308415770530701),
            ["LeftLowerLeg"] = CFrame.new(-2.9802322387695312e-08, 0.0000040531158447265625, 0.000013187527656555176, 1, 5.960464477539063e-08, 1.4901162970204496e-08, 0, 0.6424737572669983, 0.7663077116012573, 1.4156104555240745e-07, -0.7663077712059021, 0.6424736976623535),
        }},
        {Time = 0.233, Data = {
            ["RightFoot"] = CFrame.new(4.936009645462036e-08, 3.5762786865234375e-07, 2.4047039914876223e-08, 0.9251194000244141, 0.13099795579910278, -0.3563621938228607, -0.2736087441444397, 0.8807584643363953, -0.38652634620666504, 0.2632346749305725, 0.4550870358943939, 0.850648820400238),
            ["LeftLowerArm"] = CFrame.new(-6.556510925292969e-07, -2.980232238769531e-07, -4.6566128730773926e-07, 1, -8.568168397005138e-08, 1.266598843585598e-07, 5.215407838932151e-08, -0.07438258081674576, -0.997229814529419, 1.1920931797249068e-07, 0.9972298741340637, -0.07438264042139053),
            ["RightUpperArm"] = CFrame.new(1.1920928955078125e-07, -4.76837158203125e-07, 2.2351741790771484e-08, 0.07851675152778625, -0.9244107604026794, 0.37322917580604553, 0.2911459505558014, -0.336800217628479, -0.8954327702522278, 0.9534512162208557, 0.17897069454193115, 0.24269384145736694),
            ["Head"] = CFrame.new(1.6763806343078613e-08, -3.5762786865234375e-07, -2.7939677238464355e-08, 0.9897703528404236, 0.02457555942237377, -0.1405373066663742, -0.0319838710129261, 0.9982017278671265, -0.050700593739748, 0.1390385776758194, 0.05467686429619789, 0.988776445388794),
            ["RightHand"] = CFrame.new(-5.960464477539063e-08, -0.0000011920928955078125, -8.195638656616211e-08, 0.579988420009613, 0.19067156314849854, -0.7919962406158447, -0.24440783262252808, 0.9681622385978699, 0.05410027503967285, 0.777096152305603, 0.16219250857830048, 0.6081243753433228),
            ["UpperTorso"] = CFrame.new(-4.842877388000488e-08, -5.960464477539062e-07, -1.4901161193847656e-08, 0.9961296319961548, 0.07922159880399704, -0.03807707875967026, -0.07854979485273361, 0.9967324137687683, 0.01882876083254814, 0.03944425657391548, -0.015764927491545677, 0.999097466468811),
            ["HumanoidRootPart"] = CFrame.new(0, 0, 0, 1, 0, 0, 0, 1, 0, 0, 0, 1),
            ["RightUpperLeg"] = CFrame.new(-3.2782554626464844e-07, -2.60770320892334e-07, 3.55576048605144e-08, 0.985355019569397, 0.026342716068029404, 0.16846820712089539, 0.006470800843089819, 0.9815061688423157, -0.19132162630558014, -0.17039258778095245, 0.18960976600646973, 0.9669615030288696),
            ["LeftUpperArm"] = CFrame.new(-1.1920928955078125e-07, -7.152557373046875e-07, -7.450580596923828e-09, 0.34151116013526917, 0.8523139357566833, -0.3961455523967743, -0.0683598741889, 0.4428946375846863, 0.8939638137817383, 0.9373884797096252, -0.27821817994117737, 0.20951750874519348),
            ["RightLowerArm"] = CFrame.new(7.748603820800781e-07, -0.0000019073486328125, -3.501772880554199e-07, 1, -9.126962652317161e-08, 2.2351741790771484e-08, 4.4703490686970326e-08, 0.6008432507514954, -0.7993669509887695, 3.725290653733282e-08, 0.7993668913841248, 0.6008431911468506),
            ["LeftHand"] = CFrame.new(1.6391277313232422e-07, -3.5762786865234375e-07, 1.9371509552001953e-07, 0.7823482155799866, 0.5907095074653625, 0.1974686086177826, -0.3606693744659424, 0.6881425976753235, -0.6295850276947021, -0.5077883005142212, 0.42133381962776184, 0.751417875289917),
            ["LeftFoot"] = CFrame.new(-2.7706846594810486e-08, 0, 9.313225746154785e-10, 0.8803629279136658, -0.3514942526817322, -0.31845369935035706, 0.22135348618030548, 0.8982942700386047, -0.3795660734176636, 0.4194803237915039, 0.2636648714542389, 0.8686293363571167),
            ["LowerTorso"] = CFrame.new(0.1854770928621292, -0.1915569305419922, -0.16677366197109222, 0.9625055193901062, -0.16548684239387512, 0.2149355709552765, 0.1450902372598648, 0.9835561513900757, 0.10754596441984177, -0.2291986644268036, -0.07232852280139923, 0.9706887006759644),
            ["RightLowerLeg"] = CFrame.new(1.7881393432617188e-07, -0.0000034570693969726562, -0.000013372096873354167, 1, -6.705523958316917e-08, -1.4901164746561335e-08, 7.450579886381092e-08, 0.8591355681419373, 0.5117479562759399, -1.0523943672069436e-07, -0.5117481350898743, 0.8591356873512268),
            ["LeftUpperLeg"] = CFrame.new(5.960464477539063e-08, -6.2515027821064e-07, 3.725290298461914e-09, 0.865415096282959, 0.4828712046146393, -0.1337604820728302, -0.4649454951286316, 0.6743940711021423, -0.5736013054847717, -0.1867683082818985, 0.5585946440696716, 0.8081396818161011),
            ["LeftLowerLeg"] = CFrame.new(1.7881393432617188e-07, 0.000003874301910400391, 0.000013314187526702881, 1, 5.960465188081798e-08, 8.195636524988004e-08, -1.4901162614933128e-07, 0.6639113426208496, 0.7478116154670715, 1.4901162970204496e-08, -0.7478113174438477, 0.6639109253883362),
        }},
        {Time = 0.267, Data = {
            ["RightFoot"] = CFrame.new(-3.725290298461914e-08, 1.7881393432617188e-07, 2.9634975362569094e-08, 0.932172954082489, 0.09720815718173981, -0.34871774911880493, -0.2459808886051178, 0.8768272995948792, -0.41311877965927124, 0.2656068503856659, 0.4708763659000397, 0.8412662744522095),
            ["LeftLowerArm"] = CFrame.new(-1.7881393432617188e-07, -3.5762786865234375e-07, 1.7881393432617188e-07, 1, -9.406358003616333e-08, 1.2293459406009788e-07, 5.261975033477029e-08, -0.15735439956188202, -0.9875422716140747, 1.154840560957382e-07, 0.9875422716140747, -0.1573544293642044),
            ["RightUpperArm"] = CFrame.new(2.384185791015625e-07, -2.384185791015625e-07, 2.2351741790771484e-08, 0.10169873386621475, -0.9234382510185242, 0.3700258135795593, 0.33775854110717773, -0.31780868768692017, -0.8859553933143616, 0.9357225298881531, 0.21507996320724487, 0.2795783579349518),
            ["Head"] = CFrame.new(4.656612873077393e-10, -3.5762786865234375e-07, 9.19681042432785e-09, 0.9897832870483398, 0.02539994567632675, -0.1402994841337204, -0.03627919778227806, 0.9964827299118042, -0.07553795725107193, 0.13788734376430511, 0.07985614985227585, 0.9872234463691711),
            ["RightHand"] = CFrame.new(8.940696716308594e-08, -0.000001430511474609375, 1.30385160446167e-07, 0.5817305445671082, 0.3118439316749573, -0.7512276768684387, -0.33124619722366333, 0.9343564510345459, 0.13135477900505066, 0.7428765296936035, 0.1724281758069992, 0.6468406915664673),
            ["UpperTorso"] = CFrame.new(-1.1175870895385742e-08, -6.258487701416016e-07, -1.6763806343078613e-08, 0.9989516735076904, 0.04371584206819534, -0.013581687584519386, -0.04263359680771828, 0.9965113401412964, 0.07174596190452576, 0.016670743003487587, -0.07109171152114868, 0.9973305463790894),
            ["HumanoidRootPart"] = CFrame.new(0, 0, 0, 1, 0, 0, 0, 1, 0, 0, 0, 1),
            ["RightUpperLeg"] = CFrame.new(5.960464477539063e-08, -5.227630026638508e-07, -4.639878170564771e-08, 0.9838482737541199, -0.02934986911714077, 0.17658178508281708, 0.05449296161532402, 0.9887535572052002, -0.1392727494239807, -0.17050832509994507, 0.14664559066295624, 0.9743829369544983),
            ["LeftUpperArm"] = CFrame.new(0, -4.76837158203125e-07, -5.21540641784668e-08, 0.3407907783985138, 0.8777045607566833, -0.3368924558162689, -0.10072646290063858, 0.3903680145740509, 0.9151322245597839, 0.9347277283668518, -0.2779347598552704, 0.2214418202638626),
            ["RightLowerArm"] = CFrame.new(-3.2782554626464844e-07, -0.000001430511474609375, -1.341104507446289e-07, 1, -1.0058283805847168e-07, 9.12696123123169e-08, 8.940698137394065e-08, 0.3730899691581726, -0.9277952313423157, -7.450581485102248e-09, 0.9277951717376709, 0.373089998960495),
            ["LeftHand"] = CFrame.new(1.210719347000122e-07, -0.0000010728836059570312, 1.043081283569336e-07, 0.7844893336296082, 0.5682251453399658, 0.24838842451572418, -0.35046806931495667, 0.7366695404052734, -0.5783512592315674, -0.5116139650344849, 0.36665815114974976, 0.7770541310310364),
            ["LeftFoot"] = CFrame.new(-1.0244548320770264e-08, 0, -1.6298145055770874e-08, 0.9183234572410583, -0.31590768694877625, -0.23850370943546295, 0.20855140686035156, 0.8982714414596558, -0.3868011236190796, 0.3364347517490387, 0.30546849966049194, 0.8907867670059204),
            ["LowerTorso"] = CFrame.new(0.15046750009059906, -0.18091869354248047, -0.18751339614391327, 0.9718127250671387, -0.10054560750722885, 0.21323838829994202, 0.09749943017959595, 0.9949269890785217, 0.024781452491879463, -0.2146482914686203, -0.0032923095859587193, 0.9766858816146851),
