return {
    ["Disco Dance"] = {
        {Time = 0.000, Data = {
            ["UpperTorso"] = CFrame.new(0, 8.940696716308594e-08, -7.450580596923828e-09, 1, 0, 0, 0, 0.9992706179618835, -0.03818689286708832, 0, 0.03818689286708832, 0.9992706179618835),
            ["LeftLowerArm"] = CFrame.new(2.980232238769531e-07, 3.5762786865234375e-07, 5.960464477539063e-08, 1, -1.1175874448099421e-08, 7.264317503086204e-08, 3.003515658406286e-08, 0.9494728446006775, -0.3138495087623596, -2.2351745343485163e-08, 0.313849538564682, 0.9494728446006775),
            ["RightUpperArm"] = CFrame.new(0, 1.1920928955078125e-07, -1.862645149230957e-09, 0.8893083333969116, -0.13306546211242676, 0.4375205934047699, 0.14787054061889648, 0.989006757736206, 0.00022887438535690308, -0.4327412545681, 0.06449288129806519, 0.8992083668708801),
            ["Head"] = CFrame.new(0, 0, -1.862645149230957e-09, 1, 0, 0, 0, 0.9961039423942566, -0.08818703144788742, 0, 0.08818703144788742, 0.9961039423942566),
            ["LeftUpperLeg"] = CFrame.new(0, 0, 0, 0.9877135157585144, 0.1135796532034874, 0.10733895003795624, -0.074163056910038, 0.945259153842926, -0.3177814185619354, -0.13755662739276886, 0.3059164881706238, 0.9420686364173889),
            ["RightHand"] = CFrame.new(1.1920928955078125e-07, -2.980232238769531e-07, 1.1920928955078125e-07, 0.9877119064331055, 0.14202821254730225, 0.06521718949079514, -0.1503216028213501, 0.9775304794311523, 0.14777594804763794, -0.04276338219642639, -0.15576359629631042, 0.9868683218955994),
            ["HumanoidRootPart"] = CFrame.new(0, 0, 0, 1, 0, 0, 0, 1, 0, 0, 0, 1),
            ["RightUpperLeg"] = CFrame.new(0, 6.437403499148786e-09, 2.4665496312081814e-09, 0.9890297055244446, -0.10902608186006546, -0.0996682345867157, 0.07183254510164261, 0.944547712802887, -0.32042136788368225, 0.12907569110393524, 0.309746652841568, 0.9420171976089478),
            ["LeftUpperArm"] = CFrame.new(0, 1.1920928955078125e-07, -1.862645149230957e-09, 0.8268156051635742, 0.12932534515857697, -0.5474038124084473, -0.1160813644528389, 0.9914911985397339, 0.05890911817550659, 0.5503645539283752, 0.014836390502750874, 0.8347927331924438),
            ["RightLowerArm"] = CFrame.new(0, 2.980232238769531e-07, -3.725290298461914e-09, 1, -2.3283064365386963e-08, 7.450580596923828e-09, 2.2351741790771484e-08, 0.9671733379364014, -0.25411778688430786, 3.4691765904426575e-08, 0.25411778688430786, 0.9671732783317566),
            ["LeftHand"] = CFrame.new(1.341104507446289e-07, 1.1920928955078125e-07, 5.960464477539063e-08, 0.9861952066421509, -0.15771301090717316, -0.050456687808036804, 0.16405518352985382, 0.9719632863998413, 0.1684439480304718, 0.022476164624094963, -0.17439621686935425, 0.984419047832489),
            ["LowerTorso"] = CFrame.new(0, -0.05805361270904541, 0, 1, 0, 0, 0, 0.9983524084091187, 0.05737997218966484, 0, -0.05737997218966484, 0.9983524084091187),
            ["LeftFoot"] = CFrame.new(8.731149137020111e-09, 0, -2.3283064365386963e-09, 0.9966377019882202, -0.08193391561508179, -0.000544712005648762, 0.07976561039686203, 0.9717395305633545, -0.22217103838920593, 0.01873268373310566, 0.22138050198554993, 0.9750075340270996),
            ["RightLowerLeg"] = CFrame.new(-7.636845111846924e-08, -0.0000035762786865234375, -0.000013316217518877238, 1, -1.2479722499847412e-07, -1.3038517820973539e-08, 1.1175872316471214e-07, 0.8808562755584717, 0.4733836054801941, -2.980232594040899e-08, -0.47338390350341797, 0.880856454372406),
            ["RightFoot"] = CFrame.new(2.61643435806036e-08, 4.172325134277344e-07, -1.5068508218973875e-08, 0.996864914894104, 0.0791206881403923, 0.0006517415749840438, -0.07701350003480911, 0.9721401333808899, -0.22138725221157074, -0.01814994588494301, 0.2206432968378067, 0.9751858115196228),
            ["LeftLowerLeg"] = CFrame.new(4.842877388000488e-08, 0.000004112720489501953, 0.000013232231140136719, 1, 4.6566128730773926e-08, -7.4505797087454084e-09, -4.0978189730367376e-08, 0.8817411065101624, 0.47173383831977844, 2.0489094865183688e-08, -0.4717337191104889, 0.8817410469055176),
        }},
        {Time = 0.034, Data = {
            ["UpperTorso"] = CFrame.new(3.135269821541442e-13, -5.960464477539063e-08, -8.962275366286576e-14, 0.9999999403953552, 0.00030563626205548644, 0.00011854981130454689, -0.0003006708575412631, 0.9992061853408813, -0.03983752056956291, -0.00013063146616332233, 0.03983747959136963, 0.9992062449455261),
            ["LeftLowerArm"] = CFrame.new(5.960464477539063e-08, 6.556510925292969e-07, -5.960464477539063e-08, 1, -3.725290742551124e-09, 4.0978193283081055e-08, 2.374872920540838e-08, 0.948842465877533, -0.3157501816749573, -2.1420420992512845e-08, 0.3157501518726349, 0.9488424062728882),
            ["RightUpperArm"] = CFrame.new(-5.960464477539063e-08, 1.1920928955078125e-07, -1.5352270565927029e-09, 0.887357771396637, -0.12496934831142426, 0.4438232183456421, 0.14705727994441986, 0.9890059232711792, -0.015539917163550854, -0.4370017945766449, 0.07905690371990204, 0.8959797024726868),
            ["Head"] = CFrame.new(-6.184563972055912e-11, 1.1920928955078125e-07, -2.6365611915935006e-09, 0.9999993443489075, 0.000027051128199673258, -0.001177663099952042, -0.00013192815822549164, 0.9960185289382935, -0.08914650231599808, 0.0011705629294738173, 0.08914660662412643, 0.9960178732872009),
            ["LeftUpperLeg"] = CFrame.new(0, 1.7809895780374063e-09, 3.518723090678577e-09, 0.9877126812934875, 0.11364109069108963, 0.10728251188993454, -0.07344924658536911, 0.9434826970100403, -0.3231807053089142, -0.13794581592082977, 0.31132984161376953, 0.9402365684509277),
            ["RightHand"] = CFrame.new(-8.940696716308594e-08, 5.960464477539063e-08, 1.1920928955078125e-07, 0.9874456524848938, 0.1419377475976944, 0.06931737065315247, -0.1500246375799179, 0.9800536036491394, 0.13033653795719147, -0.0494350790977478, -0.13909950852394104, 0.9890437722206116),
            ["HumanoidRootPart"] = CFrame.new(0, 0, 0, 1, 0, 0, 0, 1, 0, 0, 0, 1),
            ["RightUpperLeg"] = CFrame.new(0, -1.0867466926356428e-08, -8.512870408594608e-10, 0.9890292882919312, -0.10907800495624542, -0.09961540251970291, 0.07115748524665833, 0.9427508115768433, -0.3258184790611267, 0.12945210933685303, 0.3151554763317108, 0.9401698112487793),
            ["LeftUpperArm"] = CFrame.new(0, 0, -2.3283064365386963e-09, 0.822228193283081, 0.13173902034759521, -0.5537017583847046, -0.12537406384944916, 0.9908702373504639, 0.04957573860883713, 0.5551776885986328, 0.028657276183366776, 0.8312380313873291),
            ["RightLowerArm"] = CFrame.new(1.1920928955078125e-07, 2.980232238769531e-07, 1.955777406692505e-08, 1, -5.3260016841250035e-08, 7.450580596923828e-09, 3.5390257835388184e-08, 0.9631341695785522, -0.26902177929878235, 1.594889909029007e-08, 0.2690218389034271, 0.9631341099739075),
            ["LeftHand"] = CFrame.new(-2.086162567138672e-07, -2.384185791015625e-07, 2.2351741790771484e-07, 0.9878982901573181, -0.14496755599975586, -0.05514899641275406, 0.15218409895896912, 0.9746217727661133, 0.16417236626148224, 0.029949601739645004, -0.17057837545871735, 0.9848888516426086),
            ["LowerTorso"] = CFrame.new(0.000006004588612995576, -0.05823874473571777, 0.0008770639542490244, 1, 7.049210921650229e-07, -1.4255371993954213e-08, -7.026740718174551e-07, 0.998068630695343, 0.06212059035897255, 5.801794600301946e-08, -0.06212059035897255, 0.998068630695343),
            ["LeftFoot"] = CFrame.new(-6.530899554491043e-08, 2.384185791015625e-07, 8.847564458847046e-09, 0.9966422319412231, -0.08187741786241531, -0.0005865843268111348, 0.07970312982797623, 0.9717676043510437, -0.22207047045230865, 0.018752574920654297, 0.22127807140350342, 0.9750305414199829),
            ["RightLowerLeg"] = CFrame.new(1.862645149230957e-08, -0.0000036954879760742188, -0.000013249162293504924, 1, -1.1734663019069558e-07, -3.166496398421259e-08, 1.0803340444454079e-07, 0.8804419636726379, 0.47415363788604736, -2.2351738238057806e-08, -0.4741540253162384, 0.8804421424865723),
            ["RightFoot"] = CFrame.new(-2.5989720597863197e-08, 3.5762786865234375e-07, 9.968061931431293e-10, 0.9968695640563965, 0.07906113564968109, 0.0006920343148522079, -0.07694844901561737, 0.972168505191803, -0.22128523886203766, -0.018167847767472267, 0.22053970396518707, 0.9752089381217957),
            ["LeftLowerLeg"] = CFrame.new(-2.60770320892334e-08, 0.000003933906555175781, 0.000013217329978942871, 1, 4.2840827774170975e-08, 0, -3.352760913344355e-08, 0.8813269734382629, 0.47250688076019287, 1.4901159417490817e-08, -0.47250694036483765, 0.8813269734382629),
        }},
        {Time = 0.069, Data = {
            ["UpperTorso"] = CFrame.new(-6.363798377151397e-13, 0, -3.725766806184083e-09, 0.9999996423721313, 0.0008140855934470892, 0.0003184744855388999, -0.0007991869933903217, 0.9990190863609314, -0.044274549931287766, -0.0003542053163982928, 0.04427427053451538, 0.9990194439888),
            ["LeftLowerArm"] = CFrame.new(2.9802322387695312e-08, 5.960464477539063e-08, 2.9802322387695312e-08, 1, -2.980232949312267e-08, 1.1175870895385742e-08, 4.4703490686970326e-08, 0.9465823769569397, -0.32246220111846924, 6.519258910486769e-09, 0.3224622905254364, 0.9465823769569397),
            ["RightUpperArm"] = CFrame.new(0, 2.384185791015625e-07, 1.1932570487260818e-09, 0.8817557692527771, -0.10330663621425629, 0.460254967212677, 0.14505493640899658, 0.987827718257904, -0.05617285519838333, -0.4488495886325836, 0.11629296839237213, 0.8860080242156982),
            ["Head"] = CFrame.new(-4.729372449219227e-11, 4.76837158203125e-07, 1.1190564919161261e-08, 0.9999918341636658, 0.00003715354250743985, -0.004056582227349281, -0.00040556577732786536, 0.9958640336990356, -0.09085549414157867, 0.004036427941173315, 0.0908563882112503, 0.9958559274673462),
            ["LeftUpperLeg"] = CFrame.new(0, 4.615861826096079e-08, -2.32189734106214e-09, 0.9877088665962219, 0.11391624808311462, 0.10702449083328247, -0.07188957929611206, 0.9390802383422852, -0.33609580993652344, -0.13879135251045227, 0.32427090406417847, 0.9357271790504456),
            ["RightHand"] = CFrame.new(-2.9802322387695312e-08, 1.1920928955078125e-07, 5.960464477539063e-08, 0.9865397810935974, 0.143342986702919, 0.0786907970905304, -0.1500345766544342, 0.9848478436470032, 0.08697367459535599, -0.06503146141767502, -0.09760931879281998, 0.9930979013442993),
            ["HumanoidRootPart"] = CFrame.new(0, 0, 0, 1, 0, 0, 0, 1, 0, 0, 0, 1),
            ["RightUpperLeg"] = CFrame.new(0, -5.283595783112105e-08, -1.9630533643066883e-08, 0.9890265464782715, -0.10932477563619614, -0.09937097132205963, 0.06968565285205841, 0.9383033514022827, -0.3387192189693451, 0.13027051091194153, 0.3280774652957916, 0.9356253147125244),
            ["LeftUpperArm"] = CFrame.new(-1.1920928955078125e-07, 3.5762786865234375e-07, 9.807990863919258e-09, 0.8107849359512329, 0.13512291014194489, -0.5695346593856812, -0.14900098741054535, 0.9885827898979187, 0.022426066920161247, 0.5660622715950012, 0.06667851656675339, 0.8216612935066223),
            ["RightLowerArm"] = CFrame.new(-2.9802322387695312e-08, 4.172325134277344e-07, 3.725290298461914e-08, 1, -3.3527612686157227e-08, -4.4703490686970326e-08, 4.0978196835794733e-08, 0.9513782858848572, -0.30802488327026367, 6.053597445543346e-08, 0.30802491307258606, 0.9513782858848572),
            ["LeftHand"] = CFrame.new(0, -5.960464477539063e-08, -1.7881393432617188e-07, 0.9911290407180786, -0.11483646929264069, -0.06690233200788498, 0.12391863763332367, 0.9804431200027466, 0.15289060771465302, 0.04803650826215744, -0.15982475876808167, 0.9859759211540222),
            ["LowerTorso"] = CFrame.new(0.000016012236301321536, -0.059102416038513184, 0.0032409410923719406, 1, 0.0000018799639747157926, -2.8419089304065892e-08, -0.000001872988264040032, 0.9973825216293335, 0.07230590283870697, 1.6427716786893143e-07, -0.07230590283870697, 0.9973825216293335),
            ["LeftFoot"] = CFrame.new(3.189779818058014e-08, -5.960464477539063e-08, 1.1641532182693481e-08, 0.9966535568237305, -0.08173874020576477, -0.0006993711576797068, 0.07953346520662308, 0.9716683626174927, -0.2225646674633026, 0.01887168176472187, 0.22176425158977509, 0.9749177694320679),
            ["RightLowerLeg"] = CFrame.new(-8.754432201385498e-08, -0.000003874301910400391, -0.000013297591067384928, 1, -1.0989606380462646e-07, -2.0489098417897367e-08, 1.0058282384761696e-07, 0.8785290122032166, 0.4776887893676758, -2.9802318834981634e-08, -0.4776890277862549, 0.8785291314125061),
            ["RightFoot"] = CFrame.new(-6.213667802512646e-08, 3.5762786865234375e-07, 8.913048077374697e-09, 0.9968806505203247, 0.07892084866762161, 0.0008007084252312779, -0.07677868753671646, 0.9720722436904907, -0.2217668741941452, -0.018280403688549995, 0.2210138589143753, 0.9750994443893433),
            ["LeftLowerLeg"] = CFrame.new(3.5390257835388184e-08, 0.000003933906555175781, 0.000013314187526702881, 1, 5.02914261346632e-08, 2.2351745343485163e-08, -4.0978189730367376e-08, 0.87940913438797, 0.4760669767856598, 1.1175869119028903e-08, -0.4760669469833374, 0.8794090747833252),
        }},
        {Time = 0.103, Data = {
            ["UpperTorso"] = CFrame.new(2.673417043297377e-13, 5.960464477539063e-08, -1.863056375839278e-09, 0.9999995231628418, 0.000915269716642797, 0.00035972942714579403, -0.0008958448306657374, 0.9987123608589172, -0.050723664462566376, -0.00040569205884821713, 0.05072331801056862, 0.9987126588821411),
            ["LeftLowerArm"] = CFrame.new(-1.7881393432617188e-07, 5.960464477539063e-08, 9.033828973770142e-08, 1, -2.980233304583635e-08, -4.0978196835794733e-08, 4.4703494239684005e-08, 0.9420500993728638, -0.33547234535217285, -2.5727791452823112e-08, 0.3354724049568176, 0.9420501589775085),
            ["RightUpperArm"] = CFrame.new(0, -1.1920928955078125e-07, 3.5797711461782455e-09, 0.8727574944496155, -0.07188490778207779, 0.48283228278160095, 0.14271289110183716, 0.9834584593772888, -0.11154582351446152, -0.46682703495025635, 0.16625884175300598, 0.868579626083374),
            ["Head"] = CFrame.new(1.673470251262188e-10, 0, 1.8902710507973097e-09, 0.9999707341194153, -0.00006988917448325083, -0.007655391935259104, -0.0006313577760010958, 0.9957993626594543, -0.09156093746423721, 0.007629632018506527, 0.09156308323144913, 0.9957700967788696),
            ["LeftUpperLeg"] = CFrame.new(0, 3.6756659937964287e-08, -4.928120134195524e-09, 0.9877010583877563, 0.11453382670879364, 0.10643593966960907, -0.07036476582288742, 0.9335139989852905, -0.3515687584877014, -0.1396259367465973, 0.3397555351257324, 0.9300918579101562),
            ["RightHand"] = CFrame.new(8.940696716308594e-08, -4.76837158203125e-07, 5.960464477539063e-08, 0.9849041700363159, 0.1486189216375351, 0.08874835819005966, -0.1518888920545578, 0.9879029989242554, 0.03126688301563263, -0.08302801102399826, -0.044274743646383286, 0.995563268661499),
            ["HumanoidRootPart"] = CFrame.new(0, 0, 0, 1, 0, 0, 0, 1, 0, 0, 0, 1),
            ["RightUpperLeg"] = CFrame.new(0, 1.647762246648199e-07, -2.8230715543031693e-09, 0.989019513130188, -0.10990728437900543, -0.09879760444164276, 0.06825478374958038, 0.9326528310775757, -0.35426005721092224, 0.13107964396476746, 0.3436265289783478, 0.929913341999054),
            ["LeftUpperArm"] = CFrame.new(-1.1920928955078125e-07, 1.1920928955078125e-07, 7.712515071034431e-09, 0.7961766123771667, 0.13353270292282104, -0.5901455879211426, -0.18066054582595825, 0.98331618309021, -0.021236862987279892, 0.5774638652801514, 0.12352430075407028, 0.8070175051689148),
            ["RightLowerArm"] = CFrame.new(0, -5.960464477539063e-08, 0, 1, -1.4901162970204496e-08, 2.2351745343485163e-08, 4.4703490686970326e-08, 0.9320414662361145, -0.36235177516937256, -1.862645326866641e-08, 0.36235174536705017, 0.9320414662361145),
            ["LeftHand"] = CFrame.new(2.086162567138672e-07, -2.384185791015625e-07, 0, 0.9934311509132385, -0.07960816472768784, -0.08220258355140686, 0.09037165343761444, 0.9864643216133118, 0.13682542741298676, 0.07019738107919693, -0.14335545897483826, 0.9871785640716553),
            ["LowerTorso"] = CFrame.new(0.000018013768567470834, -0.06110703945159912, 0.0066906604915857315, 1, 0.0000021150544853298925, -2.180952840546979e-08, -0.0000021061655388621148, 0.9966416954994202, 0.08188620954751968, 1.9493006675475044e-07, -0.08188620954751968, 0.9966416954994202),
            ["LeftFoot"] = CFrame.new(-5.25033101439476e-08, 5.960464477539063e-08, 9.313225746154785e-10, 0.996667742729187, -0.0815640389919281, -0.0008639993611723185, 0.07928288727998734, 0.9711750149726868, -0.22479656338691711, 0.019174369052052498, 0.2239789217710495, 0.9744054079055786),
            ["RightLowerLeg"] = CFrame.new(-1.30385160446167e-08, -0.0000036954879760742188, -0.000013431701518129557, 1, -1.2665987014770508e-07, -3.352760913344355e-08, 1.2665987014770508e-07, 0.8740172386169434, 0.4858945310115814, -4.470348358154297e-08, -0.48589491844177246, 0.8740175366401672),
            ["RightFoot"] = CFrame.new(7.328344509005547e-08, 4.172325134277344e-07, -2.2286258172243834e-08, 0.9968934059143066, 0.07875724136829376, 0.0009598082979209721, -0.07654053717851639, 0.9715661406517029, -0.22405534982681274, -0.018578531220555305, 0.22328616678714752, 0.974575936794281),
            ["LeftLowerLeg"] = CFrame.new(2.7939677238464355e-08, 0.000003933906555175781, 0.000013284385204315186, 1, 4.8428766774577525e-08, 2.793966658032332e-08, -2.607702853651972e-08, 0.8749797344207764, 0.48415952920913696, 1.862644971595273e-08, -0.4841596186161041, 0.8749797344207764),
        }},
        {Time = 0.138, Data = {
            ["UpperTorso"] = CFrame.new(0, -5.960464477539063e-08, 3.725290298461914e-09, 1, 0, 0, 0, 0.9982927441596985, -0.058410607278347015, 0, 0.058410607278347015, 0.9982927441596985),
            ["LeftLowerArm"] = CFrame.new(-2.9802322387695312e-08, 1.1920928955078125e-07, -2.9802322387695312e-08, 1, -2.980232594040899e-08, -3.725290653733282e-08, 4.470348358154297e-08, 0.934410572052002, -0.35619810223579407, -1.30385160446167e-08, 0.35619810223579407, 0.934410572052002),
            ["RightUpperArm"] = CFrame.new(0, 1.1920928955078125e-07, -3.725290298461914e-09, 0.8606343865394592, -0.034919194877147675, 0.5080248117446899, 0.1407327502965927, 0.9751001000404358, -0.17138876020908356, -0.48939022421836853, 0.2189987599849701, 0.8441190123558044),
            ["Head"] = CFrame.new(0, 2.384185791015625e-07, 7.450580596923828e-09, 0.999939501285553, -0.0003800398553721607, -0.010993213392794132, -0.0006055441917851567, 0.9959856867790222, -0.08951176702976227, 0.010983099229633808, 0.08951300382614136, 0.9959250688552856),
            ["LeftUpperLeg"] = CFrame.new(0, -5.238689482212067e-09, 1.4901161193847656e-08, 0.9876878261566162, 0.11561861634254456, 0.10538153350353241, -0.06977345794439316, 0.9284923672676086, -0.36473768949508667, -0.14001645147800446, 0.352894127368927, 0.9251276850700378),
            ["RightHand"] = CFrame.new(2.9802322387695312e-08, -1.1920928955078125e-07, -5.960464477539063e-08, 0.9826428890228271, 0.15951675176620483, 0.09469643235206604, -0.15804579854011536, 0.9871665835380554, -0.022884570062160492, -0.09713166207075119, 0.007521092891693115, 0.9952431917190552),
            ["HumanoidRootPart"] = CFrame.new(0, 0, 0, 1, 0, 0, 0, 1, 0, 0, 0, 1),
            ["RightUpperLeg"] = CFrame.new(0, -1.7404090613126755e-08, 2.531305653974414e-08, 0.9890056252479553, -0.1109200268983841, -0.09779906272888184, 0.0677199587225914, 0.927644670009613, -0.3672730028629303, 0.13146071135997772, 0.35661202669143677, 0.9249573349952698),
            ["LeftUpperArm"] = CFrame.new(0, 1.1920928955078125e-07, -3.725290298461914e-09, 0.7827559113502502, 0.12149357050657272, -0.6103543639183044, -0.21378503739833832, 0.9735683798789978, -0.0803782269358635, 0.5844562649726868, 0.19340117275714874, 0.7880398631095886),
            ["RightLowerArm"] = CFrame.new(3.5762786865234375e-07, 2.384185791015625e-07, 0, 1, -3.725289943190546e-08, 2.2351738238057806e-08, 3.5390250729960826e-08, 0.9059955477714539, -0.42328736186027527, 3.5390250729960826e-08, 0.42328736186027527, 0.9059955477714539),
            ["LeftHand"] = CFrame.new(1.4901161193847656e-07, 5.960464477539063e-08, -1.7881393432617188e-07, 0.9939258098602295, -0.05167263373732567, -0.09716794639825821, 0.0630359798669815, 0.9910381436347961, 0.11777087301015854, 0.09021157026290894, -0.12318053841590881, 0.9882755279541016),
            ["LowerTorso"] = CFrame.new(0, -0.06471538543701172, 0.010825245641171932, 1, 0, 0, 0, 0.9963957071304321, 0.08482705801725388, 0, -0.08482705801725388, 0.9963957071304321),
            ["LeftFoot"] = CFrame.new(7.799826562404633e-09, -1.7881393432617188e-07, 1.862645149230957e-08, 0.9966810345649719, -0.08139919489622116, -0.001062125083990395, 0.07897549867630005, 0.9700043797492981, -0.22990071773529053, 0.019744008779525757, 0.2290538102388382, 0.9732135534286499),
            ["RightLowerLeg"] = CFrame.new(-8.195638656616211e-08, -0.000003635883331298828, -0.000013353470421861857, 1, -1.266598985694145e-07, -3.9115551686563776e-08, 1.1548399925231934e-07, 0.8660721182823181, 0.4999189078807831, -3.725290298461914e-08, -0.49991923570632935, 0.8660722970962524),
            ["RightFoot"] = CFrame.new(-9.068753570318222e-08, 2.384185791015625e-07, -1.902662916108966e-08, 0.9969034790992737, 0.07862745970487595, 0.0011519883992150426, -0.07627486437559128, 0.9704310894012451, -0.2290101945400238, -0.019124405458569527, 0.228213369846344, 0.973423421382904),
            ["LeftLowerLeg"] = CFrame.new(-4.284083843231201e-08, 0.000003814697265625, 0.000013329088687896729, 1, 4.842877388000488e-08, -3.7252898543727042e-09, -3.3527612686157227e-08, 0.8669083118438721, 0.49846765398979187, 1.862645149230957e-08, -0.49846771359443665, 0.8669082522392273),
        }},
        {Time = 0.172, Data = {
            ["UpperTorso"] = CFrame.new(7.23421322845752e-12, -1.1920928955078125e-07, -2.7409186031945865e-12, 0.9999971389770508, -0.002270350931212306, -0.0008643475011922419, 0.0022076682653278112, 0.997772216796875, -0.06667651981115341, 0.0010138012003153563, 0.06667441129684448, 0.9977743029594421),
            ["LeftLowerArm"] = CFrame.new(2.9802322387695312e-08, -1.7881393432617188e-07, 1.4901161193847656e-08, 1, -3.725290298461914e-08, 3.725290298461914e-08, 2.980232594040899e-08, 0.9233035445213318, -0.3840710520744324, -2.6077035641947077e-08, 0.3840710520744324, 0.9233035445213318),
            ["RightUpperArm"] = CFrame.new(0, -3.5762786865234375e-07, -1.3969838619232178e-09, 0.8465481996536255, 0.0027615060098469257, 0.5323050618171692, 0.1391303390264511, 0.964077889919281, -0.22626657783985138, -0.5138083696365356, 0.2656053304672241, 0.8157541751861572),
            ["Head"] = CFrame.new(2.1100277081131935e-10, -1.1920928955078125e-07, 3.6593519325833768e-09, 0.9999110698699951, -0.0008925491711124778, -0.013309069909155369, -0.00022062755306251347, 0.9965157508850098, -0.08340529352426529, 0.013337140902876854, 0.08340080827474594, 0.9964268803596497),
            ["LeftUpperLeg"] = CFrame.new(0, -9.713789950183127e-08, 1.2627079826188492e-08, 0.9876689314842224, 0.11709833890199661, 0.10391347110271454, -0.07070328295230865, 0.925824761390686, -0.3712809979915619, -0.13968206942081451, 0.35935571789741516, 0.9226875901222229),
            ["RightHand"] = CFrame.new(8.940696716308594e-08, 0, -1.1920928955078125e-07, 0.9799324870109558, 0.17610228061676025, 0.09338343888521194, -0.1706453412771225, 0.9832794070243835, -0.06357521563768387, -0.10301782190799713, 0.046363964676856995, 0.9935983419418335),
            ["HumanoidRootPart"] = CFrame.new(0, 0, 0, 1, 0, 0, 0, 1, 0, 0, 0, 1),
            ["RightUpperLeg"] = CFrame.new(0, -1.5425371202582028e-07, 1.0819348972290754e-08, 0.9889847636222839, -0.11233119666576385, -0.0963888168334961, 0.06863703578710556, 0.924990713596344, -0.37373965978622437, 0.13114139437675476, 0.3630068600177765, 0.9225117564201355),
            ["LeftUpperArm"] = CFrame.new(0, -3.5762786865234375e-07, -1.0477378964424133e-09, 0.7746620774269104, 0.09706363826990128, -0.6248819231987, -0.2417440563440323, 0.958551287651062, -0.15079562366008759, 0.5843445658683777, 0.26787710189819336, 0.7660179138183594),
            ["RightLowerArm"] = CFrame.new(1.1920928955078125e-07, -2.980232238769531e-07, -2.9802322387695312e-08, 1, -7.450580596923828e-08, -1.4901162970204496e-08, 4.729372449219227e-08, 0.8758934140205383, -0.48250478506088257, -1.4901161193847656e-08, 0.4825047254562378, 0.8758934736251831),
            ["LeftHand"] = CFrame.new(0, 0, 5.960464477539063e-08, 0.9933549165725708, -0.04021269455552101, -0.1078382134437561, 0.050753071904182434, 0.9940041899681091, 0.09685032814741135, 0.10329706221818924, -0.10167986154556274, 0.9894397258758545),
            ["LowerTorso"] = CFrame.new(-0.000042032115743495524, -0.06992435455322266, 0.015127729624509811, 1, -0.0000049352670430380385, 6.228490434523337e-08, 0.000004915692443319131, 0.9970091581344604, 0.07728385180234909, -4.435150344761496e-07, -0.07728385180234909, 0.9970091581344604),
            ["LeftFoot"] = CFrame.new(6.437767297029495e-08, -5.960464477539063e-08, -2.2351741790771484e-08, 0.9966903924942017, -0.08128217607736588, -0.001270175096578896, 0.07865221053361893, 0.9681553244590759, -0.2376745343208313, 0.020548449829220772, 0.23678798973560333, 0.9713441133499146),
            ["RightLowerLeg"] = CFrame.new(5.587935447692871e-09, -0.0000036954879760742188, -0.000013278964615892619, 1, -1.2852252950779075e-07, -5.587936158235607e-08, 1.2665987014770508e-07, 0.8546489477157593, 0.5192061066627502, -4.470348358154297e-08, -0.5192064046859741, 0.8546491861343384),
            ["RightFoot"] = CFrame.new(3.844616003334522e-08, 3.5762786865234375e-07, 3.5579432733356953e-09, 0.9969075918197632, 0.07857188582420349, 0.0013548231218010187, -0.07601949572563171, 0.968605101108551, -0.23669636249542236, -0.01990997977554798, 0.2358616143465042, 0.9715827107429504),
            ["LeftLowerLeg"] = CFrame.new(8.568167686462402e-08, 0.000003874301910400391, 0.000013321638107299805, 1, 4.470348358154297e-08, 2.0489098417897367e-08, -4.842877388000488e-08, 0.855434775352478, 0.5179106593132019, 1.6763806343078613e-08, -0.5179105401039124, 0.8554348349571228),
        }},
        {Time = 0.207, Data = {
            ["UpperTorso"] = CFrame.new(5.893507903920181e-12, 5.960464477539063e-08, -1.2122323589380812e-08, 0.9999852776527405, -0.005112117622047663, -0.0018762671388685703, 0.004956327378749847, 0.9971485733985901, -0.07530186325311661, 0.0022558688651770353, 0.07529144734144211, 0.9971591234207153),
            ["LeftLowerArm"] = CFrame.new(-1.1920928955078125e-07, 0, 1.1920928955078125e-07, 1, -2.980232949312267e-08, 2.980232949312267e-08, 2.2351741790771484e-08, 0.9115898013114929, -0.41110119223594666, -4.842877388000488e-08, 0.41110119223594666, 0.9115898013114929),
            ["RightUpperArm"] = CFrame.new(0, -2.384185791015625e-07, 4.0745362639427185e-09, 0.8350934386253357, 0.03586599975824356, 0.5489378571510315, 0.13639560341835022, 0.9532137513160706, -0.2697773575782776, -0.5329309701919556, 0.30016186833381653, 0.791130542755127),
            ["Head"] = CFrame.new(2.2082531359046698e-09, 1.1920928955078125e-07, -4.1654857341200113e-10, 0.999890923500061, -0.0012966189533472061, -0.014711949974298477, 0.00020834732276853174, 0.9972780346870422, -0.07373359799385071, 0.01476750336587429, 0.07372249662876129, 0.9971694946289062),
            ["LeftUpperLeg"] = CFrame.new(0, -8.903953130356967e-10, -1.2035357599415875e-08, 0.987650990486145, 0.11843705922365189, 0.10255905985832214, -0.07246550172567368, 0.9257233142852783, -0.3711942732334137, -0.13890449702739716, 0.359178364276886, 0.9228740930557251),
            ["RightHand"] = CFrame.new(-8.940696716308594e-08, 0, 1.7881393432617188e-07, 0.9769726991653442, 0.19428879022598267, 0.08818279206752777, -0.1867285817861557, 0.9785340428352356, -0.08719904720783234, -0.10323163866996765, 0.0687248557806015, 0.9922803044319153),
            ["HumanoidRootPart"] = CFrame.new(0, 0, 0, 1, 0, 0, 0, 1, 0, 0, 0, 1),
            ["RightUpperLeg"] = CFrame.new(0, -8.701135811861604e-08, -2.3217580746859312e-08, 0.9889649748802185, -0.11360806226730347, -0.09508742392063141, 0.07033185660839081, 0.9249256253242493, -0.37358543276786804, 0.13039112091064453, 0.36277514696121216, 0.9227092266082764),
            ["LeftUpperArm"] = CFrame.new(0, -1.1920928955078125e-07, 4.889443516731262e-09, 0.7726302742958069, 0.06926481425762177, -0.6310665607452393, -0.2596072256565094, 0.9415920376777649, -0.21449604630470276, 0.5793500542640686, 0.32955554127693176, 0.7454841136932373),
            ["RightLowerArm"] = CFrame.new(5.960464477539063e-08, -5.960464477539063e-08, 8.940696716308594e-08, 1, -5.21540641784668e-08, 3.725289943190546e-08, 3.166496753692627e-08, 0.8468132615089417, -0.531890332698822, 3.725290298461914e-09, 0.5318903923034668, 0.8468132019042969),
            ["LeftHand"] = CFrame.new(0, -5.960464477539063e-08, 0, 0.9928417801856995, -0.04204650595784187, -0.11179167032241821, 0.050569020211696625, 0.9959361553192139, 0.07452526688575745, 0.10820387303829193, -0.07964491099119186, 0.9909332990646362),
            ["LowerTorso"] = CFrame.new(-0.00008006118150660768, -0.07487010955810547, 0.018617141991853714, 1, -0.000009399812370247673, 1.8050396022317727e-07, 0.000009368867722514551, 0.997939944267273, 0.06415514647960663, -7.831784500922367e-07, -0.06415514647960663, 0.997939944267273),
            ["LeftFoot"] = CFrame.new(-8.323695510625839e-08, 1.1920928955078125e-07, 4.6566128730773926e-09, 0.996695339679718, -0.08121844381093979, -0.0014405400725081563, 0.07839278876781464, 0.9663639664649963, -0.24493928253650665, 0.021285684779286385, 0.24401679635047913, 0.9695374369621277),
            ["RightLowerLeg"] = CFrame.new(-1.0989606380462646e-07, -0.0000036954879760742188, -0.000013316217518877238, 1, -1.3038513202445756e-07, -4.656611807263289e-08, 1.1175870895385742e-07, 0.8439050912857056, 0.5364923477172852, -4.842877388000488e-08, -0.5364925861358643, 0.8439052700996399),
            ["RightFoot"] = CFrame.new(2.403976395726204e-08, 2.980232238769531e-07, 8.913048077374697e-09, 0.9969081282615662, 0.07856165617704391, 0.001521462807431817, -0.07581956684589386, 0.9668363928794861, -0.24388276040554047, -0.020630793645977974, 0.24301354587078094, 0.9698036313056946),
            ["LeftLowerLeg"] = CFrame.new(5.21540641784668e-08, 0.000004112720489501953, 0.000013329088687896729, 1, 4.8428766774577525e-08, -1.4901157641133977e-08, -4.470348358154297e-08, 0.8446402549743652, 0.5353345274925232, 2.0489096641540527e-08, -0.5353344082832336, 0.8446401953697205),
        }},
        {Time = 0.241, Data = {
            ["UpperTorso"] = CFrame.new(-2.81830114801096e-13, -1.1920928955078125e-07, 3.8871611485191693e-10, 0.9999690055847168, -0.00743567431345582, -0.0026256267447024584, 0.00718832528218627, 0.9964256882667542, -0.08416818082332611, 0.003242089180275798, 0.08414669334888458, 0.9964480996131897),
            ["LeftLowerArm"] = CFrame.new(-2.682209014892578e-07, 1.1920928955078125e-07, -8.940696716308594e-08, 1, -7.450580596923828e-08, -1.4901164746561335e-08, 0, 0.9038515090942383, -0.42784640192985535, -8.195638656616211e-08, 0.4278463125228882, 0.9038515686988831),
            ["RightUpperArm"] = CFrame.new(0, -3.5762786865234375e-07, 2.7939677238464355e-09, 0.8322563171386719, 0.05854674056172371, 0.5512911081314087, 0.12988728284835815, 0.9461392164230347, -0.2965635061264038, -0.5389609336853027, 0.3184225261211395, 0.7798256874084473),
            ["Head"] = CFrame.new(-3.798049874603748e-09, -3.5762786865234375e-07, -5.529727786779404e-10, 0.9998788237571716, -0.0012099186424165964, -0.015520717017352581, 0.00025410804664716125, 0.9981109499931335, -0.06143758073449135, 0.015565727837383747, 0.06142618879675865, 0.9979902505874634),
            ["LeftUpperLeg"] = CFrame.new(0, 9.726136340759695e-09, 8.284288810500584e-10, 0.987641453742981, 0.11906321346759796, 0.10192318260669708, -0.07405931502580643, 0.927656352519989, -0.366017609834671, -0.13812892138957977, 0.3539458215236664, 0.925009548664093),
            ["RightHand"] = CFrame.new(1.1920928955078125e-07, -1.1920928955078125e-07, -8.940696716308594e-08, 0.9741784930229187, 0.2094164490699768, 0.08438669145107269, -0.201615571975708, 0.9751017689704895, -0.09234610199928284, -0.10162433981895447, 0.07294799387454987, 0.992144763469696),
            ["HumanoidRootPart"] = CFrame.new(0, 0, 0, 1, 0, 0, 0, 1, 0, 0, 0, 1),
            ["RightUpperLeg"] = CFrame.new(0, -5.4628799261990935e-08, 1.1641532182693481e-09, 0.9889562726020813, -0.1141999214887619, -0.09446682035923004, 0.07182905822992325, 0.9268508553504944, -0.3684944808483124, 0.129638671875, 0.3576393127441406, 0.9248177409172058),
            ["LeftUpperArm"] = CFrame.new(-1.1920928955078125e-07, -1.1920928955078125e-07, -4.6566128730773926e-09, 0.7757520079612732, 0.04980294406414032, -0.6290696263313293, -0.26340749859809875, 0.9314356446266174, -0.25108617544174194, 0.5734329223632812, 0.36048224568367004, 0.7356814742088318),
            ["RightLowerArm"] = CFrame.new(-1.4901161193847656e-07, -6.556510925292969e-07, -2.9802322387695312e-08, 1, -1.4901157641133977e-08, 0, 2.9802318834981634e-08, 0.825645923614502, -0.5641886591911316, 0, 0.5641886591911316, 0.8256458640098572),
            ["LeftHand"] = CFrame.new(5.960464477539063e-08, 1.1920928955078125e-07, 3.5762786865234375e-07, 0.9929359555244446, -0.05084966868162155, -0.10720348358154297, 0.05660887062549591, 0.9970735311508179, 0.051380641758441925, 0.10427695512771606, -0.05708632618188858, 0.9929085373878479),
            ["LowerTorso"] = CFrame.new(-0.00007805964560247958, -0.07722330093383789, 0.020196516066789627, 1, -0.000009163377399090677, 2.292753720212204e-07, 0.000009138670066022314, 0.9986186623573303, 0.052544966340065, -7.104478072506026e-07, -0.052544966340065, 0.9986186623573303),
            ["LeftFoot"] = CFrame.new(-1.210719347000122e-08, -1.1920928955078125e-07, 9.313225746154785e-10, 0.9966962337493896, -0.08120602369308472, -0.0015184583608061075, 0.07828706502914429, 0.9655129909515381, -0.2483057677745819, 0.021630005910992622, 0.24736663699150085, 0.9686805605888367),
            ["RightLowerLeg"] = CFrame.new(-1.0989606380462646e-07, -0.000003874301910400391, -0.000013241711712908, 1, -1.3411046495548362e-07, -2.60770320892334e-08, 1.1175870895385742e-07, 0.8386915326118469, 0.5446064472198486, -5.960464477539063e-08, -0.5446068048477173, 0.838691771030426),
            ["RightFoot"] = CFrame.new(8.512870408594608e-08, 2.980232238769531e-07, 3.149762051180005e-08, 0.9969089031219482, 0.07855089008808136, 0.0015970191452652216, -0.07571692764759064, 0.9659709334373474, -0.24731971323490143, -0.020969809964299202, 0.24643456935882568, 0.9689326882362366),
            ["LeftLowerLeg"] = CFrame.new(5.960464477539063e-08, 0.000003874301910400391, 0.000013336539268493652, 1, 5.587935447692871e-08, 2.0489098417897367e-08, -4.0978193283081055e-08, 0.8395288586616516, 0.5433151721954346, 1.862645149230957e-08, -0.5433152318000793, 0.8395289182662964),
        }},
        {Time = 0.276, Data = {
            ["UpperTorso"] = CFrame.new(0, -1.7881393432617188e-07, -4.307366907596588e-09, 0.9999632239341736, -0.008126605302095413, -0.0027762989047914743, 0.007832678034901619, 0.9956207871437073, -0.09315542876720428, 0.0035211786162108183, 0.09313024580478668, 0.9956477284431458),
            ["LeftLowerArm"] = CFrame.new(0, 5.960464477539062e-07, 8.940696716308594e-08, 1, -5.960465188081798e-08, 5.960465188081798e-08, 3.3527616238870905e-08, 0.9051408171653748, -0.4251120686531067, -1.4901162970204496e-08, 0.42511212825775146, 0.90514075756073),
            ["RightUpperArm"] = CFrame.new(0, -2.384185791015625e-07, -2.561137080192566e-09, 0.8438044190406799, 0.06522340327501297, 0.5326727032661438, 0.1169121190905571, 0.9464041590690613, -0.30108290910720825, -0.5237612724304199, 0.31633085012435913, 0.7909544110298157),
            ["Head"] = CFrame.new(-4.43833414465189e-09, -1.1920928955078125e-07, -1.3948010746389627e-08, 0.9998713135719299, -0.0002502433198969811, -0.01604197360575199, -0.0005114689120091498, 0.9988729953765869, -0.047460734844207764, 0.016035770997405052, 0.0474628210067749, 0.9987443089485168),
            ["LeftUpperLeg"] = CFrame.new(0, -5.23286871612072e-08, 3.725290298461914e-09, 0.9876485466957092, 0.11841248720884323, 0.10261032730340958, -0.07450063526630402, 0.9310123324394226, -0.3573034405708313, -0.1378406584262848, 0.34524571895599365, 0.9283347725868225),
            ["RightHand"] = CFrame.new(2.086162567138672e-07, 1.1920928955078125e-07, 2.980232238769531e-07, 0.9722739458084106, 0.21693626046180725, 0.08730461448431015, -0.21045973896980286, 0.9745110273361206, -0.07768503576517105, -0.10193197429180145, 0.05715706944465637, 0.9931480288505554),
            ["HumanoidRootPart"] = CFrame.new(0, 0, 0, 1, 0, 0, 0, 1, 0, 0, 0, 1),
            ["RightUpperLeg"] = CFrame.new(0, -2.270098775625229e-07, 1.673470251262188e-10, 0.9889689683914185, -0.11351893097162247, -0.09515161067247391, 0.07216919213533401, 0.9302604794502258, -0.3597320318222046, 0.1293521672487259, 0.34889671206474304, 0.9281913042068481),
            ["LeftUpperArm"] = CFrame.new(0, -1.1920928955078125e-07, -2.0954757928848267e-09, 0.7829114198684692, 0.04951329529285431, -0.620159924030304, -0.24980565905570984, 0.9379594922065735, -0.24047696590423584, 0.5697780847549438, 0.3431915044784546, 0.7467078566551208),
            ["RightLowerArm"] = CFrame.new(-1.1920928955078125e-07, 4.76837158203125e-07, -1.1920928955078125e-07, 1, -5.215405707303944e-08, 1.4901161193847656e-08, 7.078052277620372e-08, 0.8197857737541199, -0.5726703405380249, -3.725290653733282e-08, 0.5726703405380249, 0.8197857737541199),
            ["LeftHand"] = CFrame.new(-2.980232238769531e-07, 1.1920928955078125e-07, 1.7881393432617188e-07, 0.9938915967941284, -0.06021595746278763, -0.09248577803373337, 0.06306224316358566, 0.9976120591163635, 0.028165239840745926, 0.09056898206472397, -0.033825550228357315, 0.9953156113624573),
            ["LowerTorso"] = CFrame.new(0, -0.07465469837188721, 0.018768880516290665, 1, 0, 0, 0, 0.9987704753875732, 0.04957571625709534, 0, -0.04957571625709534, 0.9987704753875732),
            ["LeftFoot"] = CFrame.new(2.8405338525772095e-08, 5.960464477539063e-08, -1.816079020500183e-08, 0.9966933727264404, -0.081242635846138, -0.0014486165018752217, 0.07842553406953812, 0.9664910435676575, -0.24442720413208008, 0.02125793881714344, 0.2435053139925003, 0.9696666598320007),
            ["RightLowerLeg"] = CFrame.new(-1.0803341865539551e-07, -0.0000035762786865234375, -0.000013264063454698771, 1, -1.415610881849716e-07, -6.891789183782748e-08, 1.1548399925231934e-07, 0.8443577289581299, 0.5357794761657715, -5.4016709327697754e-08, -0.5357799530029297, 0.8443580269813538),
            ["RightFoot"] = CFrame.new(-1.0468647815287113e-07, 2.980232238769531e-07, -1.9492290448397398e-08, 0.996913492679596, 0.07849331945180893, 0.0015265591209754348, -0.07576194405555725, 0.9669573307037354, -0.24342061579227448, -0.02058296836912632, 0.24255402386188507, 0.9699196815490723),
            ["LeftLowerLeg"] = CFrame.new(1.862645149230957e-09, 0.000003814697265625, 0.000013366341590881348, 1, 4.4703490686970326e-08, 1.862645371275562e-09, -4.842877388000488e-08, 0.8451375961303711, 0.5345489978790283, 9.313225746154785e-09, -0.5345489382743835, 0.8451375365257263),
        }},
        {Time = 0.310, Data = {
