return {
    ["Disco (Surf Curse)"] = {
        {Time = 0.000, Data = {
            ["RightFoot"] = CFrame.new(1.2665987014770508e-07, 4.172325134277344e-07, 2.308297553099692e-08, 0.9916632771492004, 0.12841559946537018, -0.01065026968717575, -0.11980324238538742, 0.8884027004241943, -0.44315657019615173, -0.047446493059396744, 0.4407382309436798, 0.8963809609413147),
            ["LeftLowerArm"] = CFrame.new(8.940696716308594e-08, 5.960464477539063e-08, -2.2351741790771484e-08, 1, -5.2154071283894154e-08, 1.7136329688582919e-07, 1.6205008535052912e-07, 0.9348753690719604, -0.3549758493900299, 1.1920926112907182e-07, 0.35497617721557617, 0.9348754286766052),
            ["RightUpperArm"] = CFrame.new(0.015078902244567871, 0.03776061534881592, 0.01210908591747284, 0.9487834572792053, -0.2542726397514343, 0.18749774992465973, 0.2302936315536499, 0.9629229307174683, 0.14051364362239838, -0.21627472341060638, -0.09013793617486954, 0.9721628427505493),
            ["Head"] = CFrame.new(-9.313225746154785e-10, 0, -1.1983502190560102e-08, 0.9997556209564209, -0.0212069321423769, 0.006257954519242048, 0.021709617227315903, 0.9951541423797607, -0.09590158611536026, -0.00419385451823473, 0.09601403772830963, 0.9953712224960327),
            ["RightHand"] = CFrame.new(-1.8812716007232666e-07, 5.960464477539063e-08, 5.960464477539063e-08, 0.9654644131660461, -0.1909463256597519, 0.17725104093551636, 0.18974792957305908, 0.981543242931366, 0.02384917065501213, -0.1785334348678589, 0.010607477277517319, 0.9838767647743225),
            ["UpperTorso"] = CFrame.new(1.382431946694851e-09, 5.960464477539063e-08, 3.063178155571222e-08, 0.9999967217445374, -0.0025605352129787207, 0.00003360799018992111, 0.002542740199714899, 0.994429349899292, 0.10537461191415787, -0.0003032329259440303, -0.10537411272525787, 0.9944326877593994),
            ["HumanoidRootPart"] = CFrame.new(0, 0, 0, 1, 0, 0, 0, 1, 0, 0, 0, 1),
            ["RightUpperLeg"] = CFrame.new(-2.9802322387695312e-08, 2.6496127247810364e-07, 5.2277755457907915e-09, 0.9556894898414612, -0.21789798140525818, -0.19793422520160675, 0.164491668343544, 0.95290207862854, -0.2547943890094757, 0.2441311627626419, 0.21094557642936707, 0.946520984172821),
            ["LeftUpperArm"] = CFrame.new(-0.01576387882232666, 0.03794074058532715, 0.012106158770620823, 0.9527703523635864, 0.2467811405658722, -0.176997110247612, -0.22395926713943481, 0.9645882248878479, 0.13932643830776215, 0.205112487077713, -0.09310601651668549, 0.9742999076843262),
            ["RightLowerArm"] = CFrame.new(1.1920928955078125e-07, 5.960464477539062e-07, -2.2351741790771484e-08, 1, -2.3841863594498136e-07, 9.313229298868464e-08, 9.126964783945368e-08, 0.9347901344299316, -0.3552001714706421, 3.1664978195067306e-08, 0.3552005887031555, 0.934790313243866),
            ["LeftHand"] = CFrame.new(1.2479722499847412e-07, -3.5762786865234375e-07, -1.2665987014770508e-07, 0.9653130769729614, 0.19086042046546936, -0.1781657189130783, -0.18957769870758057, 0.9815635681152344, 0.024358496069908142, 0.17952975630760193, 0.010262412019073963, 0.9836990833282471),
            ["LeftFoot"] = CFrame.new(2.9802322387695312e-08, 0, 1.16963292384753e-08, 0.989846408367157, -0.1417643427848816, 0.010342821478843689, 0.13291947543621063, 0.8973931074142456, -0.4207354485988617, 0.05036363750696182, 0.4178379476070404, 0.9071244597434998),
            ["LowerTorso"] = CFrame.new(0.010468658991158009, -0.15393340587615967, 0.07967434823513031, 0.9999641180038452, 0.005260561592876911, -0.006642891094088554, -0.005991268437355757, 0.9933175444602966, -0.11525800079107285, 0.0059921774081885815, 0.11529365926980972, 0.9933134317398071),
            ["RightLowerLeg"] = CFrame.new(1.1175870895385742e-08, 0, 8.862843969836831e-08, 1, -5.1036488457612e-07, -5.513430210157821e-07, 7.003548034845153e-07, 0.6287676692008972, 0.7775929570198059, -1.3783578367565497e-07, -0.7775933742523193, 0.6287680268287659),
            ["LeftUpperLeg"] = CFrame.new(0, 2.398155629634857e-07, -2.3283064365386963e-10, 0.9534372091293335, 0.22343577444553375, 0.20256860554218292, -0.1675976812839508, 0.950937032699585, -0.2600574195384979, -0.2507359981536865, 0.21399842202663422, 0.9441061019897461),
            ["LeftLowerLeg"] = CFrame.new(1.4156103134155273e-07, -2.980232238769531e-07, 8.635478820906428e-08, 1, -3.03611159324646e-07, -4.917382625535538e-07, 5.885958671569824e-07, 0.6220619082450867, 0.7829681634902954, -2.2351741790771484e-08, -0.7829680442810059, 0.6220617294311523),
        }},
        {Time = 0.033, Data = {
            ["RightFoot"] = CFrame.new(2.60770320892334e-08, 2.980232238769531e-07, -2.162050805054605e-08, 0.9913818836212158, 0.13010405004024506, -0.015327543951570988, -0.11954718828201294, 0.8506187200546265, -0.5120118856430054, -0.053576912730932236, 0.5094318389892578, 0.8588416576385498),
            ["LeftLowerArm"] = CFrame.new(2.9802322387695312e-08, 1.7881393432617188e-07, 5.960464477539063e-08, 1, -3.2270341421281046e-07, -8.195635814445268e-08, 1.30385160446167e-08, 0.9991433620452881, -0.04138445854187012, -8.381903171539307e-08, 0.04138508066534996, 0.9991433620452881),
            ["RightUpperArm"] = CFrame.new(0.015074729919433594, 0.024456501007080078, 0.014347761869430542, 0.9676821827888489, -0.23479501903057098, 0.09199235588312149, 0.22275638580322266, 0.9668800830841064, 0.12458958476781845, -0.11819861829280853, -0.10007147490978241, 0.9879346489906311),
            ["Head"] = CFrame.new(-9.313225746154785e-10, -1.1920928955078125e-07, -9.19681042432785e-09, 0.9997552633285522, -0.021247800439596176, 0.0061735063791275024, 0.021754546090960503, 0.9948575496673584, -0.09892008453607559, -0.004039928317070007, 0.09903016686439514, 0.9950762987136841),
            ["RightHand"] = CFrame.new(-1.2852251529693604e-07, -2.980232238769531e-07, -1.4901161193847656e-08, 0.9526391625404358, -0.2527989447116852, 0.1690310537815094, 0.2516748309135437, 0.9673949480056763, 0.028403056785464287, -0.17070013284683228, 0.015482816845178604, 0.9852014183998108),
            ["UpperTorso"] = CFrame.new(2.5320332497358322e-09, -5.066394805908203e-07, 1.1685187928378582e-08, 0.9999966621398926, -0.002593284472823143, 0.000055773962230887264, 0.0025764566380530596, 0.9955368638038635, 0.0943392813205719, -0.00030017108656466007, -0.09433877468109131, 0.9955400824546814),
            ["HumanoidRootPart"] = CFrame.new(0, 0, 0, 1, 0, 0, 0, 1, 0, 0, 0, 1),
            ["RightUpperLeg"] = CFrame.new(0, -4.570465534925461e-07, 4.529283614829183e-09, 0.9551702737808228, -0.2234037220478058, -0.19426977634429932, 0.16013288497924805, 0.9417712092399597, -0.2956763505935669, 0.24901288747787476, 0.2513123154640198, 0.9353260397911072),
            ["LeftUpperArm"] = CFrame.new(-0.015768051147460938, 0.024638891220092773, 0.014343274757266045, 0.9704517126083374, 0.22707559168338776, -0.08161100745201111, -0.21627028286457062, 0.9685352444648743, 0.1231524869799614, 0.10700804740190506, -0.1018635481595993, 0.9890263676643372),
            ["RightLowerArm"] = CFrame.new(2.384185791015625e-07, 4.76837158203125e-07, 2.9802322387695312e-08, 1, 1.4901168299275014e-08, -5.587936779960501e-09, 1.2107194891086692e-07, 0.9991331100463867, -0.04163112863898277, 2.0489098417897367e-08, 0.04163150116801262, 0.9991331100463867),
            ["LeftHand"] = CFrame.new(1.0058283805847168e-07, -2.384185791015625e-07, 4.470348358154297e-08, 0.9511644840240479, 0.2584129571914673, -0.1688460111618042, -0.2574749290943146, 0.9658846855163574, 0.027813410386443138, 0.17027322947978973, 0.017018482089042664, 0.9852499961853027),
            ["LeftFoot"] = CFrame.new(4.470348358154297e-08, 0, -3.204831955372356e-09, 0.9895994067192078, -0.1429290920495987, 0.016261091455817223, 0.13221615552902222, 0.8591932058334351, -0.49427294731140137, 0.056674424558877945, 0.49128231406211853, 0.869154691696167),
            ["LowerTorso"] = CFrame.new(0.010468668304383755, -0.19823992252349854, 0.0884566605091095, 0.9999641180038452, 0.005388597492128611, -0.006537171546369791, -0.005990064237266779, 0.995384693145752, -0.09577880054712296, 0.005990886595100164, 0.09581451863050461, 0.995381236076355),
            ["RightLowerLeg"] = CFrame.new(-5.587935447692871e-08, 2.384185791015625e-07, -1.5679688658565283e-08, 1, -3.799795535996964e-07, -5.51343077859201e-07, 8.121135692817916e-07, 0.5865116119384766, 0.8099406361579895, -5.96046660916727e-08, -0.8099408149719238, 0.5865119695663452),
            ["LeftUpperLeg"] = CFrame.new(0, -4.6729110181331635e-07, 1.5599653124809265e-08, 0.9527385830879211, 0.22743429243564606, 0.2014024555683136, -0.16294005513191223, 0.9421015381813049, -0.2930790185928345, -0.25639763474464417, 0.2464112788438797, 0.9346346259117126),
            ["LeftLowerLeg"] = CFrame.new(6.332993507385254e-08, -5.960464477539063e-08, -3.052178954021656e-09, 1, -2.3841860752327193e-07, -4.172326271145721e-07, 6.407501587091247e-07, 0.5892069935798645, 0.8079822063446045, -4.097820749393577e-08, -0.8079822659492493, 0.5892069935798645),
        }},
        {Time = 0.067, Data = {
            ["RightFoot"] = CFrame.new(-1.862645149230957e-08, 3.5762786865234375e-07, 2.308297553099692e-08, 0.9921077489852905, 0.12497911602258682, -0.010129767470061779, -0.11743192374706268, 0.8977918028831482, -0.42447564005851746, -0.04395637661218643, 0.4223152697086334, 0.9053826928138733),
            ["LeftLowerArm"] = CFrame.new(-1.7881393432617188e-07, 4.76837158203125e-07, 1.4901161193847656e-08, 1, -9.685756197086448e-08, 1.5087420024428866e-07, 0, 0.9995797872543335, -0.028988923877477646, 1.0058278832048018e-07, 0.028989413753151894, 0.9995797276496887),
            ["RightUpperArm"] = CFrame.new(0.015065550804138184, -0.0023957490921020508, 0.01620933786034584, 0.9660813808441162, -0.2209155410528183, 0.13372857868671417, 0.2006731927394867, 0.9681583046913147, 0.14966566860675812, -0.1625339388847351, -0.11775370687246323, 0.9796513915061951),
            ["Head"] = CFrame.new(-4.132743924856186e-09, 4.76837158203125e-07, 8.476490620523691e-09, 0.9997511506080627, -0.02149786241352558, 0.005965960677713156, 0.02181052230298519, 0.9980471730232239, -0.05853380635380745, -0.00469595892354846, 0.058649301528930664, 0.9982677102088928),
            ["RightHand"] = CFrame.new(-1.3783574104309082e-07, -5.960464477539063e-08, 1.4901161193847656e-08, 0.9466079473495483, -0.2760433554649353, 0.16653363406658173, 0.27571120858192444, 0.9609001874923706, 0.02557855285704136, -0.1670830100774765, 0.021702520549297333, 0.9857040047645569),
            ["UpperTorso"] = CFrame.new(8.003553375601768e-10, 5.066394805908203e-07, 5.602487362921238e-09, 0.999996542930603, -0.0026625304017215967, 0.00007470585114788264, 0.0026485309936106205, 0.9969327449798584, 0.07821814715862274, -0.0002827357966452837, -0.07821754366159439, 0.9969363808631897),
            ["HumanoidRootPart"] = CFrame.new(0, 0, 0, 1, 0, 0, 0, 1, 0, 0, 0, 1),
            ["RightUpperLeg"] = CFrame.new(0, 2.7171336114406586e-07, -2.0150764612480998e-08, 0.9556983113288879, -0.2120732069015503, -0.2041216790676117, 0.15025730431079865, 0.9478062391281128, -0.2812228798866272, 0.2531076669692993, 0.23809337615966797, 0.9376822710037231),
            ["LeftUpperArm"] = CFrame.new(-0.015777230262756348, -0.0022083520889282227, 0.01620355248451233, 0.969196617603302, 0.21299290657043457, -0.12366046756505966, -0.19423601031303406, 0.9697355628013611, 0.1479371339082718, 0.15142756700515747, -0.11936091631650925, 0.9812352657318115),
            ["RightLowerArm"] = CFrame.new(-2.086162567138672e-07, 0, 4.470348358154297e-08, 1, -1.275913348308677e-07, 4.470350489782504e-08, 8.009376983864058e-08, 0.9995729327201843, -0.029225433245301247, 5.774202094244174e-08, 0.029225673526525497, 0.9995729327201843),
            ["LeftHand"] = CFrame.new(6.332993507385254e-08, 0, -7.450580596923828e-08, 0.9464949369430542, 0.27591294050216675, -0.16739030182361603, -0.2754967510700226, 0.960945725440979, 0.02617204189300537, 0.16807393729686737, 0.021343491971492767, 0.9855432510375977),
            ["LeftFoot"] = CFrame.new(-1.1175870895385742e-08, -5.960464477539063e-08, -3.204831955372356e-09, 0.9904068112373352, -0.1377522498369217, 0.010896101593971252, 0.13024431467056274, 0.9042633175849915, -0.4066253900527954, 0.04616054520010948, 0.4041438102722168, 0.9135299921035767),
            ["LowerTorso"] = CFrame.new(0.01046866923570633, -0.139121413230896, 0.09668013453483582, 0.99996417760849, 0.005531810689717531, -0.006407066714018583, -0.005990027915686369, 0.9972508549690247, -0.0738576129078865, 0.005980886053293943, 0.07389334589242935, 0.9972482919692993),
            ["RightLowerLeg"] = CFrame.new(7.450580596923828e-08, -1.7881393432617188e-07, -6.038317224010825e-08, 1, -4.63798755845346e-07, -5.066396511210769e-07, 7.376075927822967e-07, 0.6627073287963867, 0.7488781213760376, -9.685756197086448e-08, -0.7488784790039062, 0.6627077460289001),
            ["LeftUpperLeg"] = CFrame.new(0, 2.66125425696373e-07, -2.1886080503463745e-08, 0.9533119797706604, 0.21533453464508057, 0.21172502636909485, -0.15260471403598785, 0.9485097527503967, -0.2775630056858063, -0.26059192419052124, 0.23229379951953888, 0.9370866417884827),
            ["LeftLowerLeg"] = CFrame.new(-3.725290298461914e-08, -2.384185791015625e-07, -3.285450134171697e-08, 1, -2.7939677238464355e-07, -3.874302478834579e-07, 5.513429073289444e-07, 0.6667003631591797, 0.7453258037567139, -8.195637946073475e-08, -0.7453258633613586, 0.6667004227638245),
        }},
        {Time = 0.100, Data = {
            ["RightFoot"] = CFrame.new(-2.2351741790771484e-08, 3.5762786865234375e-07, -3.6521669244393706e-08, 0.9928666353225708, 0.11921434849500656, -0.001964227994903922, -0.11337682604789734, 0.938895583152771, -0.32499343156814575, -0.03689947351813316, 0.32289808988571167, 0.9457142949104309),
            ["LeftLowerArm"] = CFrame.new(-3.2782554626464844e-07, 1.1920928955078125e-07, 5.960464477539063e-08, 1, -2.9895457487327803e-07, 4.8428766774577525e-08, -7.264311818744318e-08, 0.9980430006980896, -0.06253024190664291, 2.980230462412692e-08, 0.06253153830766678, 0.9980430603027344),
            ["RightUpperArm"] = CFrame.new(0.015067458152770996, 0.0033452510833740234, 0.01632990688085556, 0.9683856964111328, -0.22302450239658356, 0.11175595223903656, 0.20400568842887878, 0.9658493995666504, 0.15973955392837524, -0.14356517791748047, -0.13189087808132172, 0.9808129072189331),
            ["Head"] = CFrame.new(2.9103830456733704e-10, -3.5762786865234375e-07, 1.0324583854526281e-08, 0.9997504949569702, -0.02151363529264927, 0.006018920335918665, 0.021839343011379242, 0.9979206919670105, -0.06064069643616676, -0.004701801110059023, 0.06075698882341385, 0.9981415867805481),
            ["RightHand"] = CFrame.new(-1.0803341865539551e-07, -5.960464477539063e-08, -1.4901161193847656e-08, 0.9439592957496643, -0.263700932264328, 0.19850124418735504, 0.26633912324905396, 0.9637808203697205, 0.013786237686872482, -0.19494719803333282, 0.039854612201452255, 0.9800036549568176),
            ["UpperTorso"] = CFrame.new(-3.4633558243513107e-09, -1.1920928955078125e-07, -1.1350493878126144e-09, 0.999996542930603, -0.0026479174848645926, 0.0000761911942390725, 0.0026391849387437105, 0.9983496069908142, 0.05736807361245155, -0.00022797114797867835, -0.05736759305000305, 0.998353123664856),
            ["HumanoidRootPart"] = CFrame.new(0, 0, 0, 1, 0, 0, 0, 1, 0, 0, 0, 1),
            ["RightUpperLeg"] = CFrame.new(-2.9802322387695312e-08, -3.0943192541599274e-07, 3.0257069738581777e-08, 0.9561136960983276, -0.20828479528427124, -0.20606856048107147, 0.14241796731948853, 0.9450142979621887, -0.2943893373012543, 0.2560545802116394, 0.2521217465400696, 0.9332045912742615),
            ["LeftUpperArm"] = CFrame.new(-0.015775203704833984, 0.0035315752029418945, 0.016324002295732498, 0.9713929891586304, 0.21497663855552673, -0.10090082138776779, -0.19755129516124725, 0.9673045873641968, 0.15904507040977478, 0.13179272413253784, -0.13456226885318756, 0.9821016788482666),
            ["RightLowerArm"] = CFrame.new(1.7881393432617188e-07, -1.7881393432617188e-07, 4.470348358154297e-08, 1, -1.2014069739052502e-07, -4.284087040673512e-08, 1.4714890994582674e-07, 0.9980185031890869, -0.06292155385017395, -9.313222193441106e-08, 0.0629221498966217, 0.9980185031890869),
            ["LeftHand"] = CFrame.new(-3.3527612686157227e-07, 2.980232238769531e-07, -4.470348358154297e-08, 0.9438063502311707, 0.26004457473754883, -0.20397669076919556, -0.26165223121643066, 0.9649645686149597, 0.0195344015955925, 0.20191022753715515, 0.03493340313434601, 0.9787808656692505),
            ["LeftFoot"] = CFrame.new(-3.3527612686157227e-08, 5.960464477539063e-08, -3.204831955372356e-09, 0.9912140965461731, -0.1322561502456665, 0.00176051608286798, 0.12644337117671967, 0.9435757994651794, -0.30606725811958313, 0.03881792724132538, 0.30360040068626404, 0.9520083069801331),
            ["LowerTorso"] = CFrame.new(0.01046866923570633, -0.09077227115631104, 0.10220202058553696, 0.9999641180038452, 0.0056662606075406075, -0.006299758795648813, -0.005990704521536827, 0.9985906481742859, -0.052734602242708206, 0.005992071703076363, 0.05277044326066971, 0.9985887408256531),
            ["RightLowerLeg"] = CFrame.new(-7.450580596923828e-08, 4.172325134277344e-07, 2.9023794922977686e-08, 1, -5.876646582692047e-07, -6.18398473761772e-07, 5.811453434034775e-07, 0.6962769627571106, 0.7177733778953552, -1.3411046495548362e-07, -0.7177733778953552, 0.6962769627571106),
            ["LeftUpperLeg"] = CFrame.new(0, -2.3865140974521637e-07, 5.238689482212067e-09, 0.953732430934906, 0.21166382730007172, 0.21352513134479523, -0.14461497962474823, 0.9456007480621338, -0.29142022132873535, -0.26359254121780396, 0.24705800414085388, 0.9324598908424377),
            ["LeftLowerLeg"] = CFrame.new(-7.078051567077637e-08, -2.384185791015625e-07, 5.655246582136897e-08, 1, -2.9266814749462355e-07, -3.7997961044311523e-07, 6.183981895446777e-07, 0.6996839642524719, 0.7144525647163391, -1.1175870895385742e-08, -0.7144525051116943, 0.6996838450431824),
        }},
        {Time = 0.133, Data = {
            ["RightFoot"] = CFrame.new(2.60770320892334e-08, 2.980232238769531e-07, -6.632399163208902e-08, 0.9933647513389587, 0.11497725546360016, 0.002603699453175068, -0.11019432544708252, 0.9580336213111877, -0.26462945342063904, -0.03292109817266464, 0.2625868022441864, 0.9643467664718628),
            ["LeftLowerArm"] = CFrame.new(-2.682209014892578e-07, -5.364418029785156e-07, 5.960464477539063e-08, 1, -8.288773045705966e-08, 9.68574909165909e-08, 1.732259136133507e-07, 0.9941602349281311, -0.1079135537147522, 5.9604616353681195e-08, 0.10791400820016861, 0.9941602945327759),
            ["RightUpperArm"] = CFrame.new(0.015071392059326172, 0.013289213180541992, 0.016005944460630417, 0.9712787866592407, -0.22409354150295258, 0.0799981951713562, 0.20896781980991364, 0.9641350507736206, 0.16363322734832764, -0.11379823088645935, -0.14221686124801636, 0.9832723736763),
            ["Head"] = CFrame.new(3.4924596548080444e-10, 1.1920928955078125e-07, -3.841705620288849e-09, 0.9997521638870239, -0.02143012546002865, 0.006038139574229717, 0.021840278059244156, 0.9966384172439575, -0.0789610967040062, -0.004325696732848883, 0.07907339930534363, 0.9968594908714294),
            ["RightHand"] = CFrame.new(-1.0803341865539551e-07, 0, -2.9802322387695312e-08, 0.9386556148529053, -0.24660684168338776, 0.2410617470741272, 0.25355616211891174, 0.9673181176185608, 0.002262019319459796, -0.23374129831790924, 0.05899933725595474, 0.9705072045326233),
            ["UpperTorso"] = CFrame.new(-3.725290298461914e-09, 4.76837158203125e-07, -2.6702764444053173e-09, 0.9999966621398926, -0.002618485363200307, 0.00007294383249245584, 0.0026143002323806286, 0.9993776679039001, 0.03517970070242882, -0.00016501438221894205, -0.03517933934926987, 0.9993810653686523),
            ["HumanoidRootPart"] = CFrame.new(0, 0, 0, 1, 0, 0, 0, 1, 0, 0, 0, 1),
            ["RightUpperLeg"] = CFrame.new(5.960464477539063e-08, 5.4016709327697754e-08, -1.4795659808441997e-08, 0.9562773704528809, -0.20556534826755524, -0.20803025364875793, 0.13429856300354004, 0.9405292868614197, -0.3120395541191101, 0.25980308651924133, 0.27045804262161255, 0.9270139932632446),
            ["LeftUpperArm"] = CFrame.new(-0.01577138900756836, 0.013473153114318848, 0.01600028946995735, 0.9737780690193176, 0.21612630784511566, -0.07103285193443298, -0.20226849615573883, 0.9654123783111572, 0.1645190268754959, 0.10413285344839096, -0.14583751559257507, 0.9838129878044128),
            ["RightLowerArm"] = CFrame.new(2.384185791015625e-07, -1.1920928955078125e-07, -4.470348358154297e-08, 1, -1.415611023958263e-07, 5.308540451665067e-08, 2.421438694000244e-08, 0.9940438270568848, -0.10898081213235855, 2.2351741790771484e-08, 0.10898128896951675, 0.9940439462661743),
            ["LeftHand"] = CFrame.new(-1.434236764907837e-07, -1.1920928955078125e-07, 1.4901161193847656e-08, 0.9379277229309082, 0.23791828751564026, -0.25236234068870544, -0.24284204840660095, 0.9699925780296326, 0.011930463835597038, 0.24762776494026184, 0.05009438097476959, 0.967559278011322),
            ["LeftFoot"] = CFrame.new(-7.450580596923828e-09, 5.960464477539063e-08, -3.204831955372356e-09, 0.9917634129524231, -0.12804408371448517, -0.0031905677169561386, 0.12335818260908127, 0.9615806341171265, -0.24524621665477753, 0.03447013348340988, 0.2428324818611145, 0.9694556593894958),
            ["LowerTorso"] = CFrame.new(0.010468671098351479, -0.06354153156280518, 0.11175719648599625, 0.99996417760849, 0.0057954853400588036, -0.00617248797789216, -0.0059820194728672504, 0.9995124936103821, -0.030643245205283165, 0.005991886369884014, 0.030679069459438324, 0.9995113611221313),
            ["RightLowerLeg"] = CFrame.new(3.725290298461914e-09, 1.1920928955078125e-07, 3.6474375519901514e-08, 1, -4.945324008076568e-07, -4.1723257027115324e-07, 7.376073654086213e-07, 0.718519389629364, 0.6955064535140991, -1.4901159417490817e-08, -0.6955069899559021, 0.7185198664665222),
            ["LeftUpperLeg"] = CFrame.new(-1.1920928955078125e-07, 2.3283064365386963e-10, -3.4924596548080444e-09, 0.953895092010498, 0.20879782736301422, 0.21560968458652496, -0.13630738854408264, 0.9413784146308899, -0.3085888922214508, -0.26740309596061707, 0.2649722397327423, 0.9264369010925293),
            ["LeftLowerLeg"] = CFrame.new(1.1175870895385742e-08, 1.7881393432617188e-07, 3.4200724030597485e-08, 1, -3.2410028438789595e-07, -3.241002559661865e-07, 5.96046561440744e-07, 0.7225866317749023, 0.6912803649902344, 1.8253926725719793e-07, -0.6912803053855896, 0.7225866913795471),
        }},
        {Time = 0.167, Data = {
            ["RightFoot"] = CFrame.new(6.332993507385254e-08, 4.172325134277344e-07, -6.719346856698394e-09, 0.9936168789863586, 0.11270979046821594, 0.0046954043209552765, -0.10841985791921616, 0.9656374454498291, -0.2361977994441986, -0.031155766919255257, 0.23418138921260834, 0.971693754196167),
            ["LeftLowerArm"] = CFrame.new(5.960464477539063e-08, 1.7881393432617188e-07, 5.21540641784668e-08, 1, -2.2002508615059924e-07, -4.28408064578889e-08, 1.303851426825986e-08, 0.9928207993507385, -0.11961126327514648, -1.0058282384761696e-07, 0.11961206793785095, 0.9928207993507385),
            ["RightUpperArm"] = CFrame.new(0.015071511268615723, 0.01497495174407959, 0.015725012868642807, 0.9728947281837463, -0.223995178937912, 0.05746539682149887, 0.2119891494512558, 0.9631767272949219, 0.16538161039352417, -0.09239405393600464, -0.14871710538864136, 0.9845540523529053),
            ["Head"] = CFrame.new(8.731149137020111e-10, 1.1920928955078125e-07, -1.2623786460608244e-08, 0.9997540712356567, -0.021330704912543297, 0.006080491468310356, 0.021805472671985626, 0.9953940510749817, -0.09335488826036453, -0.0040611629374325275, 0.09346454590559006, 0.9956143498420715),
            ["RightHand"] = CFrame.new(-2.6263296604156494e-07, 4.172325134277344e-07, -7.450580596923828e-09, 0.9344016313552856, -0.24092993140220642, 0.2623860836029053, 0.25035572052001953, 0.9681505560874939, -0.0025776599068194628, -0.2534082531929016, 0.06809871643781662, 0.9649596214294434),
            ["UpperTorso"] = CFrame.new(-2.9103830456733704e-09, 4.76837158203125e-07, -9.74978320300579e-09, 0.9999966025352478, -0.0026176664978265762, 0.0000800558555056341, 0.002616425510495901, 0.9999147653579712, 0.012790374457836151, -0.0001135301063186489, -0.012790103442966938, 0.9999182820320129),
            ["HumanoidRootPart"] = CFrame.new(0, 0, 0, 1, 0, 0, 0, 1, 0, 0, 0, 1),
            ["RightUpperLeg"] = CFrame.new(-8.940696716308594e-08, 4.876637831330299e-07, 4.762114258483052e-09, 0.9561516642570496, -0.2023518681526184, -0.21172577142715454, 0.1270081102848053, 0.9379030466079712, -0.32281094789505005, 0.2638995051383972, 0.2817653715610504, 0.9224778413772583),
            ["LeftUpperArm"] = CFrame.new(-0.01577138900756836, 0.015159010887145996, 0.015719527378678322, 0.9743027687072754, 0.21724924445152283, -0.05947329103946686, -0.2047247439622879, 0.9642287492752075, 0.16837647557258606, 0.09392554312944412, -0.15187424421310425, 0.9839270710945129),
            ["RightLowerArm"] = CFrame.new(1.7881393432617188e-07, 2.384185791015625e-07, 7.450580596923828e-09, 1, 2.0256283761455052e-08, 9.033830394855613e-08, 1.3504184437351796e-07, 0.9924789071083069, -0.12241583317518234, 7.450584149637507e-08, 0.12241595983505249, 0.9924789071083069),
            ["LeftHand"] = CFrame.new(3.5390257835388184e-08, 1.1920928955078125e-07, -1.4901161193847656e-08, 0.933178186416626, 0.2311715930700302, -0.2752057611942291, -0.23821000754833221, 0.9711803197860718, 0.008055459707975388, 0.2691366672515869, 0.05803962051868439, 0.9613516330718994),
            ["LeftFoot"] = CFrame.new(0, 0, -1.8105993149220012e-08, 0.992079496383667, -0.1254957616329193, -0.005402009934186935, 0.12139755487442017, 0.9689544439315796, -0.2153831422328949, 0.03226388990879059, 0.21302162110805511, 0.9765146970748901),
            ["LowerTorso"] = CFrame.new(0.010469982400536537, -0.04888260364532471, 0.11922237277030945, 0.9999641180038452, 0.00593164237216115, -0.006052395794540644, -0.005990786477923393, 0.9999340772628784, -0.009801192209124565, 0.005993859376758337, 0.00983709841966629, 0.999933660030365),
            ["RightLowerLeg"] = CFrame.new(-4.842877388000488e-08, 1.7881393432617188e-07, -3.058084985241294e-08, 1, -4.3824530848723953e-07, -5.327165126800537e-07, 7.525090950366575e-07, 0.739169180393219, 0.6735196113586426, 2.23517560016262e-08, -0.6735198497772217, 0.7391693592071533),
            ["LeftUpperLeg"] = CFrame.new(0, 1.935986801981926e-07, -3.026798367500305e-09, 0.953803539276123, 0.20546840131282806, 0.21918416023254395, -0.12872625887393951, 0.9387018084526062, -0.31979453563690186, -0.27145621180534363, 0.276806503534317, 0.9217862486839294),
            ["LeftLowerLeg"] = CFrame.new(1.4901161193847656e-08, 5.960464477539063e-08, -4.0305081938640797e-08, 1, -3.4086406230926514e-07, -3.091991231940483e-07, 5.662443527398864e-07, 0.7428328990936279, 0.6694768071174622, 1.1175874448099421e-08, -0.6694769263267517, 0.7428328990936279),
        }},
        {Time = 0.200, Data = {
            ["RightFoot"] = CFrame.new(4.470348358154297e-08, 3.5762786865234375e-07, -2.162050805054605e-08, 0.9937703609466553, 0.11132137477397919, 0.005302527453750372, -0.1072225272655487, 0.9679874181747437, -0.22694435715675354, -0.0303965974599123, 0.22496215999126434, 0.9738932847976685),
            ["LeftLowerArm"] = CFrame.new(-1.7881393432617188e-07, 1.1920928955078125e-07, -1.1175870895385742e-07, 1, -1.7392453344200476e-07, -3.1664953326071554e-08, 3.166497108963995e-08, 0.9921405911445618, -0.1251283437013626, 3.725290742551124e-09, 0.1251285970211029, 0.9921406507492065),
            ["RightUpperArm"] = CFrame.new(0.015072107315063477, 0.016486048698425293, 0.015354201197624207, 0.9736470580101013, -0.2246406376361847, 0.039346981793642044, 0.21546651422977448, 0.9626258015632629, 0.16409073770046234, -0.07473785430192947, -0.1512887179851532, 0.9856603145599365),
            ["Head"] = CFrame.new(7.566995918750763e-10, 0, 1.019361661747098e-08, 0.9997556805610657, -0.02123682014644146, 0.006130856927484274, 0.02177276462316513, 0.9939756393432617, -0.10741650313138962, -0.003812741953879595, 0.10752372443675995, 0.994195282459259),
            ["RightHand"] = CFrame.new(-9.685754776000977e-08, 0, 7.450580596923828e-09, 0.9326749444007874, -0.23774759471416473, 0.271281361579895, 0.2484869360923767, 0.9686201214790344, -0.0054205479100346565, -0.26148003339767456, 0.07246548682451248, 0.9624848961830139),
            ["UpperTorso"] = CFrame.new(9.89530235528946e-10, 0, -1.1285010259598494e-08, 0.9999966025352478, -0.002613653428852558, 0.00007647536403965205, 0.002613911870867014, 0.999989926815033, -0.0036661233752965927, -0.00006689083966193721, 0.0036663739010691643, 0.9999933242797852),
            ["HumanoidRootPart"] = CFrame.new(0, 0, 0, 1, 0, 0, 0, 1, 0, 0, 0, 1),
            ["RightUpperLeg"] = CFrame.new(0, -5.7101715356111526e-08, -1.5261321095749736e-08, 0.9561722278594971, -0.20173379778862, -0.2122219204902649, 0.12198955565690994, 0.9333521127700806, -0.33759814500808716, 0.2661827802658081, 0.2969130873680115, 0.9170547127723694),
            ["LeftUpperArm"] = CFrame.new(-0.015770912170410156, 0.0166701078414917, 0.015348984859883785, 0.974425196647644, 0.21892708539962769, -0.05066198855638504, -0.20761945843696594, 0.9633728265762329, 0.1697264015674591, 0.08596409857273102, -0.15486741065979004, 0.9841881394386292),
            ["RightLowerArm"] = CFrame.new(1.7881393432617188e-07, 1.7881393432617188e-07, 1.862645149230957e-08, 1, -1.385343129101102e-08, 8.754434333013705e-08, 1.6950079384514538e-07, 0.9915545582771301, -0.12969069182872772, 9.685759039257391e-08, 0.129691019654274, 0.9915545582771301),
            ["LeftHand"] = CFrame.new(-9.872019290924072e-08, -5.960464477539063e-08, 1.4901161193847656e-08, 0.9312999248504639, 0.2279810905456543, -0.2840863764286041, -0.2362688034772873, 0.9716736674308777, 0.005231346935033798, 0.2772318720817566, 0.06224895268678665, 0.9587844610214233),
            ["LeftFoot"] = CFrame.new(1.862645149230957e-08, -5.960464477539063e-08, -3.204831955372356e-09, 0.9922177791595459, -0.12437126040458679, -0.005980141460895538, 0.12045200914144516, 0.9709030389785767, -0.2069748193025589, 0.03154759854078293, 0.2046436220407486, 0.9783280491828918),
            ["LowerTorso"] = CFrame.new(0.010469983331859112, -0.04549586772918701, 0.12470853328704834, 0.9999641180038452, 0.006021285429596901, -0.005965660326182842, -0.005990647245198488, 0.9999688863754272, 0.0051404014229774475, 0.005996426567435265, -0.005104475189000368, 0.9999690055847168),
            ["RightLowerLeg"] = CFrame.new(4.0978193283081055e-08, 0, 5.8826117310673e-08, 1, -4.561735522656818e-07, -5.96046561440744e-07, 7.227061473713547e-07, 0.7427595257759094, 0.6695581078529358, -8.568165554834195e-08, -0.6695582866668701, 0.7427597641944885),
            ["LeftUpperLeg"] = CFrame.new(0, 9.255018085241318e-09, -1.1175870895385742e-08, 0.9538062214851379, 0.20479519665241241, 0.2198018729686737, -0.12365004420280457, 0.934410035610199, -0.33404889702796936, -0.27379652857780457, 0.29143938422203064, 0.9165688753128052),
            ["LeftLowerLeg"] = CFrame.new(-2.421438694000244e-08, -1.7881393432617188e-07, 2.6750143433673657e-08, 1, -2.4586918812019576e-07, -3.8743019104003906e-07, 6.109478931648482e-07, 0.7468980550765991, 0.6649385690689087, -4.470350489782504e-08, -0.6649385094642639, 0.7468981742858887),
        }},
        {Time = 0.233, Data = {
            ["RightFoot"] = CFrame.new(-3.725290298461914e-08, 3.5762786865234375e-07, -2.162050805054605e-08, 0.9935877919197083, 0.11306297779083252, -0.00011058247764594853, -0.10806270688772202, 0.949355959892273, -0.2950347065925598, -0.03325244411826134, 0.29315537214279175, 0.955486536026001),
            ["LeftLowerArm"] = CFrame.new(8.940696716308594e-08, 5.960464477539063e-08, -2.9802322387695312e-08, 1, -1.9907020032405853e-07, -2.4214369176434047e-08, -5.4948024796885875e-08, 0.9907200336456299, -0.13591787219047546, -7.078050856534901e-08, 0.13591840863227844, 0.9907201528549194),
            ["RightUpperArm"] = CFrame.new(0.015074610710144043, 0.024419069290161133, 0.015002775937318802, 0.9736798405647278, -0.22600947320461273, 0.02945038489997387, 0.21847562491893768, 0.9623193740844727, 0.16189421713352203, -0.06493030488491058, -0.1511991173028946, 0.9863686561584473),
            ["Head"] = CFrame.new(-4.0745362639427185e-10, -2.384185791015625e-07, -1.675653038546443e-08, 0.9997557997703552, -0.021221425384283066, 0.006163423880934715, 0.02178376168012619, 0.9933093786239624, -0.11341017484664917, -0.003715463913977146, 0.11351674050092697, 0.993529200553894),
            ["RightHand"] = CFrame.new(-2.868473529815674e-07, -1.1920928955078125e-07, 1.862645149230957e-08, 0.9336723685264587, -0.23336724936962128, 0.27165332436561584, 0.2449963539838791, 0.9694803357124329, -0.009207338094711304, -0.2612140476703644, 0.07515129446983337, 0.9623511433601379),
            ["UpperTorso"] = CFrame.new(-2.3283064365386963e-10, 8.940696716308594e-08, 2.5218469090759754e-08, 0.9999966621398926, -0.0025932996068149805, 0.00007229395123431459, 0.002593837445601821, 0.9999570250511169, -0.008900533430278301, -0.00004921189974993467, 0.008900752291083336, 0.9999604821205139),
            ["HumanoidRootPart"] = CFrame.new(0, 0, 0, 1, 0, 0, 0, 1, 0, 0, 0, 1),
            ["RightUpperLeg"] = CFrame.new(0, -1.979060471057892e-09, 9.884388418868184e-09, 0.956156849861145, -0.20473022758960724, -0.20940332114696503, 0.12075182795524597, 0.9270402193069458, -0.35498666763305664, 0.2668016254901886, 0.31413713097572327, 0.9111173152923584),
            ["LeftUpperArm"] = CFrame.new(-0.01576817035675049, 0.024601101875305176, 0.01499785203486681, 0.9747388362884521, 0.21967220306396484, -0.04035450890660286, -0.21007846295833588, 0.9630885720252991, 0.16830779612064362, 0.07583753764629364, -0.15557867288589478, 0.9849081635475159),
            ["RightLowerArm"] = CFrame.new(5.960464477539063e-08, -2.980232238769531e-07, -2.60770320892334e-08, 1, -8.736977008538815e-08, 2.1420416373985063e-07, 5.681071257868098e-08, 0.9899997711181641, -0.14106899499893188, 1.7508874350369297e-07, 0.1410689502954483, 0.9899998307228088),
            ["LeftHand"] = CFrame.new(3.259629011154175e-07, 1.1920928955078125e-07, -5.21540641784668e-08, 0.9322713017463684, 0.22347958385944366, -0.28447696566581726, -0.23265591263771057, 0.9725579023361206, 0.0015768005978316069, 0.27702268958091736, 0.06471516191959381, 0.9586816430091858),
            ["LeftFoot"] = CFrame.new(3.3527612686157227e-08, -1.1920928955078125e-07, -4.7908315536915325e-08, 0.9920334815979004, -0.1259746551513672, -0.00016219915414694697, 0.12100826948881149, 0.9532822370529175, -0.27678534388542175, 0.035022344440221786, 0.27456068992614746, 0.9609318375587463),
            ["LowerTorso"] = CFrame.new(0.010446755215525627, -0.07914316654205322, 0.12816983461380005, 0.9999641180038452, 0.00605307100340724, -0.005925284698605537, -0.005989946890622377, 0.9999257326126099, 0.010613735765218735, 0.0059890905395150185, -0.010577861219644547, 0.9999261498451233),
            ["RightLowerLeg"] = CFrame.new(1.4901161193847656e-08, 3.5762786865234375e-07, -4.5482011046260595e-08, 1, -3.7625423487952503e-07, -5.550683113142441e-07, 7.45058400752896e-07, 0.7151490449905396, 0.698971688747406, -7.823113179483698e-08, -0.6989719271659851, 0.7151494026184082),
            ["LeftUpperLeg"] = CFrame.new(-1.1920928955078125e-07, 8.277129381895065e-08, 2.561137080192566e-09, 0.9536665678024292, 0.20755857229232788, 0.21780651807785034, -0.1223137229681015, 0.9288738369941711, -0.3496180474758148, -0.27488088607788086, 0.30677834153175354, 0.9112231731414795),
            ["LeftLowerLeg"] = CFrame.new(3.725290298461914e-08, -1.1920928955078125e-07, 2.6750143433673657e-08, 1, -3.464519693352486e-07, -3.166496753692627e-07, 5.513431347026199e-07, 0.7213223576545715, 0.6925997138023376, -2.980233304583635e-08, -0.6925995349884033, 0.7213221788406372),
        }},
        {Time = 0.267, Data = {
            ["RightFoot"] = CFrame.new(-8.195638656616211e-08, 2.384185791015625e-07, -3.6521669244393706e-08, 0.9931672215461731, 0.11640550196170807, -0.00829071644693613, -0.10996492207050323, 0.9096951484680176, -0.40045297145843506, -0.03907298296689987, 0.3986285626888275, 0.9162798523902893),
            ["LeftLowerArm"] = CFrame.new(-1.4901161193847656e-07, 0, -3.3527612686157227e-08, 1, -1.622684493440829e-07, 1.7182907185997465e-07, -1.8626435949187226e-09, 0.9880742430686951, -0.153977632522583, 1.2665977067172207e-07, 0.15397857129573822, 0.9880744218826294),
            ["RightUpperArm"] = CFrame.new(0.01507580280303955, 0.02819240093231201, 0.01485516782850027, 0.9721990823745728, -0.23326273262500763, 0.020433278754353523, 0.22712722420692444, 0.9606394171714783, 0.15995323657989502, -0.056940142065286636, -0.15086570382118225, 0.9869130849838257),
            ["Head"] = CFrame.new(-1.5133991837501526e-09, 3.5762786865234375e-07, -2.0139850676059723e-08, 0.9997562766075134, -0.02120245061814785, 0.006165215279906988, 0.021782800555229187, 0.9927505850791931, -0.11820261180400848, -0.0036143348552286625, 0.11830806732177734, 0.9929704070091248),
            ["RightHand"] = CFrame.new(1.5925616025924683e-07, -2.384185791015625e-07, 2.514570951461792e-08, 0.9351584315299988, -0.2289898693561554, 0.2702633738517761, 0.24133749306201935, 0.9703555107116699, -0.012903973460197449, -0.25929683446884155, 0.07729124277830124, 0.9627000689506531),
            ["UpperTorso"] = CFrame.new(-2.5756889954209328e-09, -2.980232238769531e-07, 7.610651664435863e-09, 0.9999966621398926, -0.0025841672904789448, 0.00007071963045746088, 0.002584760542958975, 0.9999425411224365, -0.010407790541648865, -0.00004381704275147058, 0.010407986119389534, 0.9999458193778992),
            ["HumanoidRootPart"] = CFrame.new(0, 0, 0, 1, 0, 0, 0, 1, 0, 0, 0, 1),
            ["RightUpperLeg"] = CFrame.new(5.960464477539063e-08, -1.7136335372924805e-07, 1.3842509360983968e-08, 0.9558488130569458, -0.20854008197784424, -0.20703671872615814, 0.12106174230575562, 0.9214301705360413, -0.3692026734352112, 0.26776331663131714, 0.32783743739128113, 0.9059940576553345),
            ["LeftUpperArm"] = CFrame.new(-0.01576685905456543, 0.028374433517456055, 0.014850348234176636, 0.9745129942893982, 0.22194898128509521, -0.032608941197395325, -0.21370144188404083, 0.9626907706260681, 0.1660066843032837, 0.0682372972369194, -0.15480712056159973, 0.9855853915214539),
            ["RightLowerArm"] = CFrame.new(0, -2.980232238769531e-07, -1.6763806343078613e-08, 1, -5.352197618435639e-08, 2.6775552441904438e-08, 2.4680051069481124e-07, 0.9872069358825684, -0.1594437062740326, 2.7939681679356454e-09, 0.15944452583789825, 0.9872070550918579),
            ["LeftHand"] = CFrame.new(-5.681067705154419e-08, -1.7881393432617188e-07, 7.644625506630354e-20, 0.9337536692619324, 0.21918568015098572, -0.28295230865478516, -0.22914424538612366, 0.9733902215957642, -0.0021603608038276434, 0.2749493718147278, 0.06685327738523483, 0.9591315984725952),
            ["LeftFoot"] = CFrame.new(7.82310962677002e-08, -5.960464477539063e-08, 3.4048071029246785e-08, 0.9916486740112305, -0.12865878641605377, 0.008939401246607304, 0.1222076267004013, 0.9152514338493347, -0.3839016556739807, 0.0412103645503521, 0.38178759813308716, 0.9233307838439941),
