return {
    ["Disrespectful Dance"] = {
        {Time = 0.000, Data = {
            ["RightFoot"] = CFrame.new(-1.0244548320770264e-08, 4.172325134277344e-07, -2.9038346838206053e-08, 0.9799536466598511, -0.01394642610102892, -0.1987387090921402, -0.03875280171632767, 0.9651487469673157, -0.2588159143924713, 0.19542062282562256, 0.26133033633232117, 0.9452605247497559),
            ["LeftLowerArm"] = CFrame.new(-3.5762786865234375e-07, -7.748603820800781e-07, 0.000002652406692504883, 1, -1.1920921849650767e-07, 1.5273684539351962e-07, 1.2945389471497037e-07, -0.05092983692884445, -0.9987022280693054, 7.450584149637507e-08, 0.9987022280693054, -0.05092986673116684),
            ["RightUpperArm"] = CFrame.new(3.5762786865234375e-07, 2.384185791015625e-07, -7.189810276031494e-07, 0.568345308303833, -0.3511294424533844, 0.7441046237945557, 0.5196642875671387, 0.854347825050354, 0.006232904735952616, -0.6379126906394958, 0.38314223289489746, 0.668034017086029),
            ["Head"] = CFrame.new(6.705522537231445e-08, 5.960464477539062e-07, 5.066394805908203e-07, 0.9701054692268372, 0.06718651950359344, -0.23319832980632782, -0.12100004404783249, 0.9668635725975037, -0.22479788959026337, 0.2103676050901413, 0.24629437923431396, 0.9460890889167786),
            ["RightHand"] = CFrame.new(-0.0000011473894119262695, 0, 3.5762786865234375e-07, 0.9334099292755127, 0.05224061757326126, -0.3549885153770447, -0.1665061116218567, 0.9394345283508301, -0.2995641529560089, 0.31783896684646606, 0.3387237787246704, 0.8855757713317871),
            ["UpperTorso"] = CFrame.new(1.2665987014770508e-07, 7.748603820800781e-07, 5.960464477539063e-08, 0.9846346378326416, -0.11890748888254166, -0.12788991630077362, 0.1600143313407898, 0.9076271653175354, 0.3880831003189087, 0.06992999464273453, -0.4025842845439911, 0.9127079248428345),
            ["HumanoidRootPart"] = CFrame.new(0, 0, 0, 1, 0, 0, 0, 1, 0, 0, 0, 1),
            ["RightUpperLeg"] = CFrame.new(9.5367431640625e-07, -0.0000015213154256343842, 3.6710844142362475e-07, 0.9425342679023743, -0.3290291428565979, -0.05803816393017769, 0.07916859537363052, 0.38870564103126526, -0.9179543256759644, 0.3245943784713745, 0.8606089353561401, 0.3924176096916199),
            ["LeftUpperArm"] = CFrame.new(-3.5762786865234375e-07, -1.1920928955078125e-07, 4.6938657760620117e-07, 0.6408059597015381, 0.4455338716506958, -0.62519371509552, -0.6909873485565186, 0.6895826458930969, -0.21682310104370117, 0.33452072739601135, 0.5709426403045654, 0.7497469186782837),
            ["RightLowerArm"] = CFrame.new(4.76837158203125e-07, 1.7881393432617188e-07, -6.556510925292969e-07, 1, -9.685752644372769e-08, 2.980233304583635e-08, 6.705528932116067e-08, 0.40336212515830994, -0.9150404930114746, 5.587940776763389e-08, 0.9150403738021851, 0.40336212515830994),
            ["LeftHand"] = CFrame.new(5.960464477539062e-07, -1.1920928955078125e-07, 5.960464477539063e-08, 0.9287229776382446, 0.10580462962388992, 0.355357825756073, 0.04178020730614662, 0.9224523305892944, -0.38384413719177246, -0.3684130609035492, 0.37133175134658813, 0.852281928062439),
            ["LeftFoot"] = CFrame.new(1.341104507446289e-07, 1.1920928955078125e-07, -9.313225746154785e-09, 0.9654181599617004, -0.25974780321121216, 0.022339778020977974, 0.2556231617927551, 0.959951639175415, 0.11467160284519196, -0.05123216286301613, -0.10499493777751923, 0.9931522607803345),
            ["LowerTorso"] = CFrame.new(-0.39068350195884705, -0.1536160707473755, 0.515500545501709, 0.9591724872589111, 0.074083112180233, 0.2729467451572418, -0.12724997103214264, 0.9749253392219543, 0.1825600117444992, -0.25257807970046997, -0.20983894169330597, 0.944548487663269),
            ["RightLowerLeg"] = CFrame.new(-1.6763806343078613e-08, -0.00012236833572387695, -0.00007727782212896273, 1, -1.545995047536053e-07, -1.299195417914234e-07, 1.5459959001873358e-07, 0.12814998626708984, 0.9917548298835754, -1.266598985694145e-07, -0.9917548894882202, 0.12815025448799133),
            ["LeftUpperLeg"] = CFrame.new(1.7881393432617188e-07, 1.564621925354004e-07, 4.470348358154297e-08, 0.8845182657241821, -0.0503181591629982, -0.4637832045555115, -0.20250877737998962, 0.8541947603225708, -0.47889581322669983, 0.4202592670917511, 0.5175127983093262, 0.7453616857528687),
            ["LeftLowerLeg"] = CFrame.new(3.948807716369629e-07, 0.00012201070785522461, 0.0000775456428527832, 1, 3.7252888773764425e-08, -2.4214381610931923e-08, 2.2351745343485163e-08, 0.9849114418029785, 0.1730581521987915, 0, -0.1730591058731079, 0.9849116206169128),
        }},
        {Time = 0.033, Data = {
            ["RightFoot"] = CFrame.new(-8.731149137020111e-11, 3.5762786865234375e-07, 7.1668182499706745e-09, 0.9590275883674622, -0.0030409872997552156, -0.28329741954803467, -0.04454626888036728, 0.9858860373497009, -0.1613825559616089, 0.2797887325286865, 0.16739074885845184, 0.9453561902046204),
            ["LeftLowerArm"] = CFrame.new(-6.258487701416016e-07, -0.0000010728836059570312, 0.000002816319465637207, 1, -1.1175868053214799e-07, 1.1175866632129328e-07, 9.685756907629184e-08, 0.05985124409198761, -0.9982073307037354, 7.4505820180093e-08, 0.9982073903083801, 0.05985119193792343),
            ["RightUpperArm"] = CFrame.new(3.5762786865234375e-07, 4.76837158203125e-07, -8.270144462585449e-07, 0.5746672749519348, -0.2659755349159241, 0.7739604115486145, 0.4230028986930847, 0.9061244130134583, -0.0026861587539315224, -0.7005898952484131, 0.3289310932159424, 0.6332283616065979),
            ["Head"] = CFrame.new(4.470348358154297e-08, 3.5762786865234375e-07, -2.9802322387695312e-08, 0.9662426114082336, 0.08802861720323563, -0.24212852120399475, -0.14942927658557892, 0.9570727944374084, -0.24836008250713348, 0.2098717987537384, 0.2761569321155548, 0.937918484210968),
            ["RightHand"] = CFrame.new(-0.0000010766088962554932, -5.960464477539063e-08, 1.1175870895385742e-07, 0.9216208457946777, -0.027394715696573257, -0.38712334632873535, -0.16320036351680756, 0.877662718296051, -0.4506373107433319, 0.35210880637168884, 0.47849544882774353, 0.8044013381004333),
            ["UpperTorso"] = CFrame.new(1.2665987014770508e-07, 4.470348358154297e-07, 8.195638656616211e-08, 0.9779009819030762, -0.17008638381958008, -0.12157483398914337, 0.20513120293617249, 0.892909049987793, 0.4007926285266876, 0.04038562998175621, -0.41687440872192383, 0.9080666303634644),
            ["HumanoidRootPart"] = CFrame.new(0, 0, 0, 1, 0, 0, 0, 1, 0, 0, 0, 1),
            ["RightUpperLeg"] = CFrame.new(5.960464477539062e-07, -0.0000019529834389686584, 3.3171818358823657e-07, 0.9679595828056335, -0.2446628361940384, -0.056517086923122406, 0.039845746010541916, 0.37187647819519043, -0.9274266958236694, 0.24792471528053284, 0.8954596519470215, 0.3697102963924408),
            ["LeftUpperArm"] = CFrame.new(-5.960464477539062e-07, 4.76837158203125e-07, 4.76837158203125e-07, 0.722747266292572, 0.42742761969566345, -0.5430857539176941, -0.606286346912384, 0.7693301439285278, -0.20136570930480957, 0.331743061542511, 0.47480180859565735, 0.8151746392250061),
            ["RightLowerArm"] = CFrame.new(-5.960464477539063e-08, -5.960464477539063e-08, -7.450580596923828e-07, 1, -5.960465188081798e-08, -2.1420419216156006e-08, 6.705529642658803e-08, 0.8495118021965027, -0.5275697112083435, -4.004691334102972e-08, 0.5275697708129883, 0.8495117425918579),
            ["LeftHand"] = CFrame.new(2.682209014892578e-07, -3.5762786865234375e-07, -2.980232238769531e-07, 0.8153825402259827, -0.10169027000665665, 0.5699213147163391, 0.3188525140285492, 0.9005646109580994, -0.2954936921596527, -0.4832022190093994, 0.4226613938808441, 0.7667288184165955),
            ["LeftFoot"] = CFrame.new(-3.725290298461914e-08, 5.960464477539063e-08, 3.818422555923462e-08, 0.9651786684989929, -0.2615375220775604, -0.00534600717946887, 0.26145675778388977, 0.9638236165046692, 0.05180991813540459, -0.008398269303143024, -0.05140260234475136, 0.9986426830291748),
            ["LowerTorso"] = CFrame.new(-0.39782845973968506, -0.1847623586654663, 0.540346086025238, 0.9613046050071716, 0.09154834598302841, 0.25983184576034546, -0.14495991170406342, 0.9701327681541443, 0.19449713826179504, -0.23426547646522522, -0.22463606297969818, 0.9458638429641724),
            ["RightLowerLeg"] = CFrame.new(-2.537854015827179e-08, -0.00012224912643432617, -0.00007727269985480234, 1, -1.5797552066487697e-07, -1.3783575525394554e-07, 1.4400576731077308e-07, 0.09968236088752747, 0.9950193166732788, -1.2887177547327155e-07, -0.9950193762779236, 0.09968264400959015),
            ["LeftUpperLeg"] = CFrame.new(0, -4.842877388000488e-07, 1.9371509552001953e-07, 0.9050689339637756, -0.09827928990125656, -0.41375240683555603, -0.1781061589717865, 0.7958906292915344, -0.5786500573158264, 0.3861716091632843, 0.5974104404449463, 0.7028321623802185),
            ["LeftLowerLeg"] = CFrame.new(1.0058283805847168e-07, 0.00012260675430297852, 0.00007753074169158936, 1, -2.048908598339949e-08, -3.259628655882807e-08, -3.72529100900465e-08, 0.9459694027900696, 0.32425516843795776, -2.2351747119842003e-08, -0.32425591349601746, 0.9459697008132935),
        }},
        {Time = 0.067, Data = {
            ["RightFoot"] = CFrame.new(4.423782229423523e-08, 2.980232238769531e-07, -2.6244379114359617e-08, 0.9773465991020203, -0.046855125576257706, -0.2063940167427063, 0.051868654787540436, 0.9984743595123291, 0.0189440306276083, 0.2051907777786255, -0.02921895869076252, 0.978285551071167),
            ["LeftLowerArm"] = CFrame.new(-8.046627044677734e-07, 0, 0.0000025741755962371826, 1, -1.0430811414607888e-07, 4.470348358154297e-08, 8.195642919872625e-08, 0.21436932682991028, -0.976752758026123, 5.587938289863814e-08, 0.9767526984214783, 0.2143692970275879),
            ["RightUpperArm"] = CFrame.new(3.5762786865234375e-07, 7.152557373046875e-07, -5.960464477539062e-07, 0.5018294453620911, -0.21598504483699799, 0.8375665545463562, 0.35226550698280334, 0.93541419506073, 0.030156712979078293, -0.7899850606918335, 0.2799122631549835, 0.5455023050308228),
            ["Head"] = CFrame.new(-8.940696716308594e-08, 0.0000010728836059570312, 1.564621925354004e-07, 0.9739480018615723, 0.10348555445671082, -0.20178227126598358, -0.1649872213602066, 0.9338183403015137, -0.3174315392971039, 0.15557846426963806, 0.34245312213897705, 0.9265642166137695),
            ["RightHand"] = CFrame.new(-0.0000011175870895385742, -5.960464477539063e-08, -3.5762786865234375e-07, 0.8691312670707703, 0.008770029060542583, -0.49450379610061646, -0.1472638100385666, 0.9590812921524048, -0.24181906878948212, 0.472148597240448, 0.28299495577812195, 0.8348590731620789),
            ["UpperTorso"] = CFrame.new(1.7881393432617188e-07, 5.066394805908203e-07, -5.960464477539063e-08, 0.9677693247795105, -0.2227470874786377, -0.117499940097332, 0.2518173158168793, 0.849880039691925, 0.4629168212413788, -0.0032527863513678312, -0.4775852859020233, 0.8785794377326965),
            ["HumanoidRootPart"] = CFrame.new(0, 0, 0, 1, 0, 0, 0, 1, 0, 0, 0, 1),
            ["RightUpperLeg"] = CFrame.new(7.748603820800781e-07, -0.0000017704442143440247, 1.3427779776975513e-07, 0.9831993579864502, -0.16475613415241241, -0.07857638597488403, -0.03072354383766651, 0.27496111392974854, -0.9609642028808594, 0.1799306422472, 0.9472337365150452, 0.2652803957462311),
            ["LeftUpperArm"] = CFrame.new(-5.960464477539062e-07, 9.5367431640625e-07, 6.258487701416016e-07, 0.8556590676307678, 0.37754639983177185, -0.35398635268211365, -0.4855481684207916, 0.8223684430122375, -0.29656898975372314, 0.17913870513439178, 0.4256393313407898, 0.8869839906692505),
            ["RightLowerArm"] = CFrame.new(1.1920928955078125e-07, 7.152557373046875e-07, -3.8743019104003906e-07, 1, -2.2351747119842003e-08, -1.4901164746561335e-08, 1.490118073377289e-08, 0.9945867657661438, -0.10390988737344742, 2.980236146754578e-08, 0.1039099246263504, 0.9945867657661438),
            ["LeftHand"] = CFrame.new(-2.1606683731079102e-07, -4.172325134277344e-07, -2.9802322387695312e-08, 0.5789152383804321, -0.1463753581047058, 0.8021419048309326, 0.5598112344741821, 0.7866137623786926, -0.26048070192337036, -0.5928478837013245, 0.5998442769050598, 0.5373251438140869),
            ["LeftFoot"] = CFrame.new(-8.940696716308594e-08, 5.960464477539063e-08, 1.1408701539039612e-08, 0.9643053412437439, -0.2640136480331421, -0.020300503820180893, 0.26418375968933105, 0.964452862739563, 0.006152519956231117, 0.017953839153051376, -0.011294815689325333, 0.9997750520706177),
            ["LowerTorso"] = CFrame.new(-0.4053393304347992, -0.22019588947296143, 0.5597947835922241, 0.9611449241638184, 0.11415403336286545, 0.2513350546360016, -0.16702738404273987, 0.9653996825218201, 0.20026357471942902, -0.21977786719799042, -0.23446208238601685, 0.9469558000564575),
            ["RightLowerLeg"] = CFrame.new(-4.936009645462036e-08, -0.00012218952178955078, -0.00007739598368061706, 1, -1.4156101713069802e-07, -1.5273695908035734e-07, 1.4528633585086936e-07, 0.05662402883172035, 0.9983956217765808, -1.4528633585086936e-07, -0.9983956217765808, 0.05662447586655617),
            ["LeftUpperLeg"] = CFrame.new(-1.1920928955078125e-07, -4.470348358154297e-07, -4.470348358154297e-08, 0.9173452258110046, -0.1380523294210434, -0.37338852882385254, -0.15244390070438385, 0.7446295022964478, -0.6498360633850098, 0.3677479922771454, 0.6530455350875854, 0.6620379090309143),
            ["LeftLowerLeg"] = CFrame.new(2.0489096641540527e-07, 0.00012236833572387695, 0.00007759639993309975, 1, 1.6763799237651256e-08, 1.0710210496256423e-08, -8.940695295223122e-08, 0.9012855887413025, 0.4332248270511627, -2.2351738238057806e-08, -0.4332255423069, 0.9012858867645264),
        }},
        {Time = 0.100, Data = {
            ["RightFoot"] = CFrame.new(9.19681042432785e-09, 2.980232238769531e-07, 1.287116901949048e-08, 0.9984341263771057, -0.015321578830480576, -0.05380336195230484, 0.028032956644892693, 0.9693261384963989, 0.24417507648468018, 0.04841155558824539, -0.24530020356178284, 0.9682374596595764),
            ["LeftLowerArm"] = CFrame.new(-0.0000012218952178955078, -0.0000017285346984863281, 0.000002650544047355652, 1, -7.450576333667414e-08, 5.587935447692871e-08, 8.195641498787154e-08, 0.4779311418533325, -0.8783973455429077, 4.656614649434232e-08, 0.8783972859382629, 0.4779312312602997),
            ["RightUpperArm"] = CFrame.new(4.76837158203125e-07, 7.152557373046875e-07, -5.811452865600586e-07, 0.514525294303894, -0.19281603395938873, 0.8355152606964111, 0.33045709133148193, 0.9437129497528076, 0.014283922500908375, -0.7912406921386719, 0.2687525451183319, 0.5492815375328064),
            ["Head"] = CFrame.new(2.2351741790771484e-07, 0.0000010728836059570312, 2.5331974029541016e-07, 0.9702087044715881, 0.06488878279924393, -0.23341907560825348, -0.16102688014507294, 0.8925674557685852, -0.42118197679519653, 0.18101227283477783, 0.44622063636779785, 0.8764252662658691),
            ["RightHand"] = CFrame.new(-0.0000011920928955078125, -2.980232238769531e-07, -7.450580596923828e-09, 0.8722825646400452, 0.04904542118310928, -0.48653653264045715, -0.020056596025824547, 0.9977086782455444, 0.06461595743894577, 0.4885908365249634, -0.04660513252019882, 0.8712674975395203),
            ["UpperTorso"] = CFrame.new(2.0116567611694336e-07, 7.748603820800781e-07, 7.450580596923828e-08, 0.9648796319961548, -0.24322104454040527, -0.09925160557031631, 0.2583596110343933, 0.8102835416793823, 0.5260142087936401, -0.047516118735075, -0.5331829786300659, 0.8446646332740784),
            ["HumanoidRootPart"] = CFrame.new(0, 0, 0, 1, 0, 0, 0, 1, 0, 0, 0, 1),
            ["RightUpperLeg"] = CFrame.new(8.344650268554688e-07, -0.0000014025717973709106, 3.1495437724515796e-07, 0.9957386255264282, -0.0848306342959404, -0.036170683801174164, -0.02171112596988678, 0.16555540263652802, -0.9859614372253418, 0.0896281749010086, 0.9825453162193298, 0.16300848126411438),
            ["LeftUpperArm"] = CFrame.new(-4.76837158203125e-07, 8.344650268554688e-07, 4.917383193969727e-07, 0.9122995734214783, 0.3006154000759125, -0.2781004011631012, -0.39015325903892517, 0.8443886041641235, -0.36713525652885437, 0.12445823848247528, 0.4434390962123871, 0.8876215815544128),
            ["RightLowerArm"] = CFrame.new(3.5762786865234375e-07, -4.172325134277344e-07, -8.046627044677734e-07, 1, 0, -3.72529100900465e-08, -7.450589478708025e-09, 0.9961962699890137, -0.08713819086551666, 0, 0.08713813126087189, 0.9961962699890137),
            ["LeftHand"] = CFrame.new(-3.3527612686157227e-08, -3.5762786865234375e-07, -3.5762786865234375e-07, 0.43186724185943604, -0.1826990842819214, 0.8832393884658813, 0.5755996704101562, 0.809753954410553, -0.11394575238227844, -0.6943888068199158, 0.5576016902923584, 0.45486772060394287),
            ["LeftFoot"] = CFrame.new(1.1175870895385742e-07, -2.384185791015625e-07, 2.7939677238464355e-09, 0.9631050229072571, -0.26817572116851807, -0.022607089951634407, 0.2668556272983551, 0.9624923467636108, -0.048951636999845505, 0.03488539531826973, 0.04111276939511299, 0.998545229434967),
            ["LowerTorso"] = CFrame.new(-0.4052051901817322, -0.25861334800720215, 0.5745132565498352, 0.9624153971672058, 0.11938373744487762, 0.24393506348133087, -0.17220516502857208, 0.9628055095672607, 0.20820929110050201, -0.21000516414642334, -0.24239060282707214, 0.9471771717071533),
            ["RightLowerLeg"] = CFrame.new(1.862645149230957e-08, -0.00012230873107910156, -0.00007749272481305525, 1, -1.4156101713069802e-07, -1.6763810606335028e-07, 1.4901161193847656e-07, 0.09570226818323135, 0.9954099655151367, -1.3783574104309082e-07, -0.9954100251197815, 0.09570259600877762),
            ["LeftUpperLeg"] = CFrame.new(1.1920928955078125e-07, -4.470348358154297e-08, 1.1920928955078125e-07, 0.923333466053009, -0.16204386949539185, -0.3481330871582031, -0.15095941722393036, 0.6804280877113342, -0.717096745967865, 0.3530815541744232, 0.7146742939949036, 0.6038010120391846),
            ["LeftLowerLeg"] = CFrame.new(3.166496753692627e-07, 0.00012195110321044922, 0.00007768720388412476, 1, 1.8422714020971398e-08, -6.519258910486769e-09, -3.725290653733282e-08, 0.8326588869094849, 0.5537862777709961, 1.4901162970204496e-08, -0.5537862777709961, 0.8326588869094849),
        }},
        {Time = 0.133, Data = {
            ["RightFoot"] = CFrame.new(1.30385160446167e-08, 2.980232238769531e-07, -3.3694959711283445e-08, 0.9657477140426636, 0.13169001042842865, 0.22358307242393494, -0.202000692486763, 0.9223856925964355, 0.3292423486709595, -0.16287191212177277, -0.36312851309776306, 0.917393147945404),
            ["LeftLowerArm"] = CFrame.new(6.556510925292969e-07, -0.0000016093254089355469, 0.0000026300549507141113, 1, -4.1443826148679364e-08, 2.421439226907296e-08, 4.0978221704790485e-08, 0.8424524664878845, -0.5387706756591797, 2.6077049852801792e-08, 0.5387707352638245, 0.8424524664878845),
            ["RightUpperArm"] = CFrame.new(2.384185791015625e-07, 7.152557373046875e-07, -2.60770320892334e-07, 0.4883275032043457, -0.2151675671339035, 0.8457182049751282, 0.36986044049263, 0.9288089275360107, 0.02274577133357525, -0.790404736995697, 0.30169036984443665, 0.5331447720527649),
            ["Head"] = CFrame.new(1.4901161193847656e-07, 5.960464477539062e-07, 3.2782554626464844e-07, 0.9661633968353271, 0.033251091837882996, -0.2557789385318756, -0.16759362816810608, 0.8347259163856506, -0.524543285369873, 0.19606365263462067, 0.549660861492157, 0.812053918838501),
            ["RightHand"] = CFrame.new(-0.0000012814998626708984, -5.364418029785156e-07, 2.2351741790771484e-07, 0.8279442191123962, 0.0074769193306565285, -0.5607606768608093, 0.04909805208444595, 0.9951053857803345, 0.0857599750161171, 0.5586571097373962, -0.09853677451610565, 0.8235245943069458),
            ["UpperTorso"] = CFrame.new(1.043081283569336e-07, 7.748603820800781e-07, 5.960464477539063e-08, 0.9676846265792847, -0.2417043298482895, -0.07187096774578094, 0.23763507604599, 0.7787587642669678, 0.5805724263191223, -0.08435694128274918, -0.5788902044296265, 0.811030387878418),
            ["HumanoidRootPart"] = CFrame.new(0, 0, 0, 1, 0, 0, 0, 1, 0, 0, 0, 1),
            ["RightUpperLeg"] = CFrame.new(8.344650268554688e-07, -0.000001301988959312439, 2.572123776189983e-07, 0.993302047252655, -0.03397242724895477, 0.11043953895568848, 0.11411355435848236, 0.13835874199867249, -0.9837859869003296, 0.01814134605228901, 0.9897993803024292, 0.14130893349647522),
            ["LeftUpperArm"] = CFrame.new(-5.960464477539062e-07, 3.5762786865234375e-07, 5.066394805908203e-07, 0.8530121445655823, 0.23398716747760773, -0.4664979875087738, -0.46143579483032227, 0.7557376623153687, -0.4646909236907959, 0.243818461894989, 0.6116457581520081, 0.7526235580444336),
            ["RightLowerArm"] = CFrame.new(-1.1920928955078125e-07, 0.0000011920928955078125, -7.599592208862305e-07, 1, -1.862645326866641e-08, 0, 2.980235436211842e-08, 0.9920260906219482, -0.12603291869163513, 1.490117718105921e-08, 0.12603290379047394, 0.992026150226593),
            ["LeftHand"] = CFrame.new(4.880130290985107e-07, -1.1920928955078125e-07, -1.7881393432617188e-07, 0.5256544947624207, -0.01469135656952858, 0.85057133436203, 0.1497209221124649, 0.9858415126800537, -0.07549995183944702, -0.8374192714691162, 0.16703525185585022, 0.5204116106033325),
            ["LeftFoot"] = CFrame.new(-1.7136335372924805e-07, 5.960464477539063e-08, 1.4901161193847656e-08, 0.9612221121788025, -0.2743988335132599, -0.02752378024160862, 0.26980850100517273, 0.9563771486282349, -0.11200975626707077, 0.057057540863752365, 0.1002400815486908, 0.9933258891105652),
            ["LowerTorso"] = CFrame.new(-0.3959832191467285, -0.30050790309906006, 0.5832967758178711, 0.9660217761993408, 0.10320254415273666, 0.23696275055408478, -0.1560763120651245, 0.9637139439582825, 0.21655452251434326, -0.20601530373096466, -0.24618056416511536, 0.9470759630203247),
            ["RightLowerLeg"] = CFrame.new(-4.0978193283081055e-08, -0.00012236833572387695, -0.00007736885891063139, 1, -1.443549422219803e-07, -1.4994294872394676e-07, 1.5366822481155396e-07, 0.12438442558050156, 0.9922340512275696, -1.3783574104309082e-07, -0.9922341108322144, 0.12438484281301498),
            ["LeftUpperLeg"] = CFrame.new(3.2782554626464844e-07, 1.862645149230957e-07, 7.450580596923828e-08, 0.9268699884414673, -0.16600225865840912, -0.33668237924575806, -0.17316576838493347, 0.6066907048225403, -0.7758473753929138, 0.3330550491809845, 0.7774121761322021, 0.5335784554481506),
            ["LeftLowerLeg"] = CFrame.new(2.60770320892334e-07, 0.00012189149856567383, 0.00007762014865875244, 1, 6.891783499440862e-08, 2.7939684343891713e-08, -1.1175870895385742e-07, 0.736029326915741, 0.6769499182701111, 2.9802322387695312e-08, -0.6769496202468872, 0.7360291481018066),
        }},
        {Time = 0.167, Data = {
            ["RightFoot"] = CFrame.new(-1.862645149230957e-09, 4.172325134277344e-07, -1.5068508218973875e-08, 0.8513816595077515, 0.16507118940353394, 0.4978967010974884, -0.37424564361572266, 0.8562453389167786, 0.356067419052124, -0.3675452768802643, -0.4894849956035614, 0.7907685041427612),
            ["LeftLowerArm"] = CFrame.new(-0.0000012516975402832031, -0.0000016093254089355469, 0.0000026673078536987305, 1, -3.725288166833707e-08, -2.3748725652694702e-08, 1.4901166522918174e-08, 0.963045060634613, -0.2693403363227844, 4.3772175217782205e-08, 0.26934027671813965, 0.963045060634613),
            ["RightUpperArm"] = CFrame.new(4.76837158203125e-07, 3.5762786865234375e-07, -1.862645149230957e-09, 0.5854665040969849, -0.21318601071834564, 0.7821641564369202, 0.3753155469894409, 0.926461398601532, -0.028416132554411888, -0.7185869812965393, 0.3101951479911804, 0.6224241852760315),
            ["Head"] = CFrame.new(1.043081283569336e-07, 7.152557373046875e-07, 3.8743019104003906e-07, 0.9720776081085205, 0.06330754607915878, -0.2259589582681656, -0.18330509960651398, 0.8060501217842102, -0.5627461075782776, 0.1465081423521042, 0.5884516835212708, 0.7951474785804749),
            ["RightHand"] = CFrame.new(-0.0000011324882507324219, -4.76837158203125e-07, 3.427267074584961e-07, 0.8171177506446838, -0.12261392176151276, -0.563279926776886, 0.10752046853303909, 0.9923878312110901, -0.060047753155231476, 0.5663548707962036, -0.011498075909912586, 0.824081301689148),
            ["UpperTorso"] = CFrame.new(5.960464477539063e-08, 7.152557373046875e-07, 5.21540641784668e-08, 0.9676751494407654, -0.23727138340473175, -0.08548169583082199, 0.24044883251190186, 0.765717625617981, 0.5965409874916077, -0.07608750462532043, -0.5978116989135742, 0.7980174422264099),
            ["HumanoidRootPart"] = CFrame.new(0, 0, 0, 1, 0, 0, 0, 1, 0, 0, 0, 1),
            ["RightUpperLeg"] = CFrame.new(5.960464477539062e-07, -8.223578333854675e-07, 1.8643186194822192e-07, 0.98445063829422, -0.054481688886880875, 0.16699960827827454, 0.17269021272659302, 0.1260325163602829, -0.9768797159194946, 0.03217475861310959, 0.9905290007591248, 0.13348136842250824),
            ["LeftUpperArm"] = CFrame.new(-3.5762786865234375e-07, 3.5762786865234375e-07, 0.0000011548399925231934, 0.7033084034919739, 0.2973421812057495, -0.6457127928733826, -0.609333872795105, 0.7199992537498474, -0.3321346342563629, 0.3661550283432007, 0.6270477175712585, 0.6875620484352112),
            ["RightLowerArm"] = CFrame.new(1.7881393432617188e-07, 0, -7.599592208862305e-07, 1, -5.21540641784668e-08, 0, 5.960470872423684e-08, 0.9719666838645935, -0.2351187914609909, 1.490117718105921e-08, 0.2351188212633133, 0.9719666838645935),
            ["LeftHand"] = CFrame.new(4.470348358154297e-08, -4.76837158203125e-07, -2.980232238769531e-07, 0.820770263671875, -0.055616747587919235, 0.5685446262359619, -0.05716494098305702, 0.9822574853897095, 0.17861264944076538, -0.5683910250663757, -0.17910073697566986, 0.803028404712677),
            ["LeftFoot"] = CFrame.new(7.450580596923828e-08, 0, 2.2351741790771484e-08, 0.9589000344276428, -0.28127023577690125, -0.03739188611507416, 0.2707085609436035, 0.9463517069816589, -0.1764519214630127, 0.0850156843662262, 0.15907759964466095, 0.9835987687110901),
            ["LowerTorso"] = CFrame.new(-0.3847973644733429, -0.3490511178970337, 0.5825909376144409, 0.9697785377502441, 0.08416781574487686, 0.22900982201099396, -0.13416849076747894, 0.9679245352745056, 0.21241721510887146, -0.2037855088710785, -0.23672343790531158, 0.9499650001525879),
            ["RightLowerLeg"] = CFrame.new(-5.21540641784668e-08, -0.00012230873107910156, -0.00007760681182844564, 1, -1.5459949054275057e-07, -1.3504180174095382e-07, 1.4062969455608254e-07, 0.18830719590187073, 0.9821101427078247, -1.0430811414607888e-07, -0.9821102619171143, 0.18830761313438416),
            ["LeftUpperLeg"] = CFrame.new(0, 4.0978193283081055e-07, 7.450580596923828e-08, 0.9285128116607666, -0.1641312837600708, -0.33305343985557556, -0.19867748022079468, 0.5381537079811096, -0.8190954923629761, 0.3136737644672394, 0.8267112374305725, 0.46707382798194885),
            ["LeftLowerLeg"] = CFrame.new(3.390014171600342e-07, 0.00012201070785522461, 0.00007764250040054321, 1, 4.656610741449185e-08, 5.21540641784668e-08, -8.195638656616211e-08, 0.6196788549423218, 0.784855842590332, 2.2351741790771484e-08, -0.7848555445671082, 0.6196784377098083),
        }},
        {Time = 0.200, Data = {
            ["RightFoot"] = CFrame.new(7.450580596923828e-09, 3.5762786865234375e-07, 1.6952981241047382e-09, 0.7505228519439697, 0.15938784182071686, 0.6413357257843018, -0.45652368664741516, 0.8267330527305603, 0.32878318428993225, -0.4778091609477997, -0.5395443439483643, 0.6932462453842163),
            ["LeftLowerArm"] = CFrame.new(-7.152557373046875e-07, -0.0000022649765014648438, 0.000002518296241760254, 1, -3.5390250729960826e-08, 8.847564458847046e-09, 7.450584149637507e-09, 0.9589496850967407, -0.28357642889022827, 2.188609116160478e-08, 0.28357645869255066, 0.9589496850967407),
            ["RightUpperArm"] = CFrame.new(4.76837158203125e-07, 9.5367431640625e-07, -2.3469328880310059e-07, 0.727733314037323, -0.2079354077577591, 0.6535801887512207, 0.32336050271987915, 0.9443978071212769, -0.059589460492134094, -0.6048489212989807, 0.2547072470188141, 0.7545077800750732),
            ["Head"] = CFrame.new(5.960464477539063e-08, 0.0000011920928955078125, 2.60770320892334e-07, 0.9869881868362427, 0.04946558177471161, -0.1529950499534607, -0.12717822194099426, 0.8223721981048584, -0.554554283618927, 0.09838754683732986, 0.5667956471443176, 0.8179622888565063),
            ["RightHand"] = CFrame.new(-0.0000011920928955078125, -1.7881393432617188e-07, 2.9802322387695312e-08, 0.8373640179634094, -0.24692213535308838, -0.48769983649253845, 0.2187511920928955, 0.9689797759056091, -0.11500555276870728, 0.5009686350822449, -0.010383378714323044, 0.8654031753540039),
            ["UpperTorso"] = CFrame.new(5.21540641784668e-08, 8.046627044677734e-07, -7.450580596923828e-09, 0.9655966758728027, -0.23292936384677887, -0.11561597883701324, 0.25562065839767456, 0.7685394287109375, 0.5865197777748108, -0.04776245728135109, -0.5958953499794006, 0.8016405701637268),
            ["HumanoidRootPart"] = CFrame.new(0, 0, 0, 1, 0, 0, 0, 1, 0, 0, 0, 1),
            ["RightUpperLeg"] = CFrame.new(7.748603820800781e-07, -8.521601557731628e-07, 1.6408012015745044e-07, 0.9766470789909363, -0.10326492041349411, 0.18840602040290833, 0.19954806566238403, 0.1109623908996582, -0.9735851287841797, 0.07963134348392487, 0.9884451627731323, 0.12897731363773346),
            ["LeftUpperArm"] = CFrame.new(-4.76837158203125e-07, 3.5762786865234375e-07, 6.705522537231445e-07, 0.5314390063285828, 0.43186044692993164, -0.7287449836730957, -0.6941415667533875, 0.7151036262512207, -0.08242794126272202, 0.485530823469162, 0.5496574640274048, 0.6798061728477478),
            ["RightLowerArm"] = CFrame.new(0, 2.384185791015625e-07, -7.152557373046875e-07, 1, -3.72529100900465e-08, 6.332993507385254e-08, 4.470354042496183e-08, 0.8981519937515259, -0.43968522548675537, 2.2351770212480915e-08, 0.4396851658821106, 0.8981519937515259),
            ["LeftHand"] = CFrame.new(-2.421438694000244e-08, -1.7881393432617188e-07, -2.086162567138672e-07, 0.8987060785293579, -0.010236556641757488, 0.43843212723731995, -0.06579586863517761, 0.9852648973464966, 0.15787369012832642, -0.43358784914016724, -0.17072902619838715, 0.8847900032997131),
            ["LeftFoot"] = CFrame.new(-1.6763806343078613e-07, -1.1920928955078125e-07, 7.450580596923828e-09, 0.9548150300979614, -0.29287242889404297, -0.050541069358587265, 0.2749817669391632, 0.9350804090499878, -0.22362837195396423, 0.11275342851877213, 0.199625626206398, 0.9733632206916809),
            ["LowerTorso"] = CFrame.new(-0.3616628646850586, -0.38344037532806396, 0.5646742582321167, 0.9738122820854187, 0.06855461746454239, 0.21677200496196747, -0.11537765711545944, 0.9705725908279419, 0.21136917173862457, -0.19590263068675995, -0.23084445297718048, 0.9530650973320007),
            ["RightLowerLeg"] = CFrame.new(-3.3527612686157227e-08, -0.00012230873107910156, -0.00007730203651590273, 1, -1.2665984172599565e-07, -1.3131653986420133e-07, 1.5273694486950262e-07, 0.20619627833366394, 0.9785106778144836, -1.0058285937475375e-07, -0.9785106778144836, 0.20619656145572662),
            ["LeftUpperLeg"] = CFrame.new(-5.960464477539063e-08, 1.9744038581848145e-07, -1.4901161193847656e-08, 0.9303373098373413, -0.14616043865680695, -0.3363175094127655, -0.22640210390090942, 0.4925275146961212, -0.8403321504592896, 0.2884695529937744, 0.8579357862472534, 0.42512643337249756),
            ["LeftLowerLeg"] = CFrame.new(5.234032869338989e-07, 0.00012201070785522461, 0.00007779151201248169, 1, 8.009370588979436e-08, 4.470347647611561e-08, -8.940695295223122e-08, 0.5246690511703491, 0.8513069152832031, 0, -0.8513062596321106, 0.5246680378913879),
        }},
        {Time = 0.233, Data = {
            ["RightFoot"] = CFrame.new(6.51925802230835e-09, 2.980232238769531e-07, 2.032174961641431e-08, 0.8242760300636292, 0.16356848180294037, 0.5420467853546143, -0.3326714336872101, 0.9145911931991577, 0.22989726066589355, -0.45814719796180725, -0.3698221743106842, 0.8082899451255798),
            ["LeftLowerArm"] = CFrame.new(-6.854534149169922e-07, -0.000001430511474609375, 0.0000027418136596679688, 1, -3.9115530370281704e-08, -1.885928391232028e-08, 5.0291436792804234e-08, 0.9229828715324402, -0.38484111428260803, -1.3504181772816537e-08, 0.38484108448028564, 0.922982931137085),
            ["RightUpperArm"] = CFrame.new(3.5762786865234375e-07, 5.960464477539062e-07, -6.48200511932373e-07, 0.814053475856781, -0.26401203870773315, 0.5173148512840271, 0.303885817527771, 0.9526748657226562, 0.007999500259757042, -0.4949447512626648, 0.1506926715373993, 0.8557578325271606),
            ["Head"] = CFrame.new(-1.4901161193847656e-08, 5.960464477539062e-07, -4.470348358154297e-08, 0.9978803992271423, -0.043638572096824646, -0.04827605560421944, 0.01457067858427763, 0.8728323578834534, -0.48780307173728943, 0.06342396140098572, 0.48606523871421814, 0.87161785364151),
            ["RightHand"] = CFrame.new(-0.0000012889504432678223, 2.384185791015625e-07, 2.384185791015625e-07, 0.8198238015174866, -0.35615649819374084, -0.44837647676467896, 0.36081764101982117, 0.9293302297592163, -0.0784611850976944, 0.4446343183517456, -0.09745778888463974, 0.8903945088386536),
            ["UpperTorso"] = CFrame.new(5.21540641784668e-08, 8.642673492431641e-07, 7.078051567077637e-08, 0.970649242401123, -0.21531528234481812, -0.10714201629161835, 0.23745420575141907, 0.7873280644416809, 0.5689728856086731, -0.03815286234021187, -0.5777143239974976, 0.8153468370437622),
            ["HumanoidRootPart"] = CFrame.new(0, 0, 0, 1, 0, 0, 0, 1, 0, 0, 0, 1),
            ["RightUpperLeg"] = CFrame.new(6.556510925292969e-07, -0.0000013047829270362854, 3.596578608267009e-07, 0.9663835167884827, -0.14288966357707977, 0.2137414813041687, 0.22383750975131989, 0.05858737602829933, -0.9728639721870422, 0.12648990750312805, 0.9880030751228333, 0.0886019766330719),
            ["LeftUpperArm"] = CFrame.new(-5.960464477539062e-07, 0, 3.650784492492676e-07, 0.5482724905014038, 0.47253096103668213, -0.6900085210800171, -0.6568678021430969, 0.7539851069450378, -0.005595953669399023, 0.5176117420196533, 0.45631250739097595, 0.7237796187400818),
            ["RightLowerArm"] = CFrame.new(0, 3.5762786865234375e-07, -5.364418029785156e-07, 1, -5.7552838939045614e-08, 7.310883631816978e-08, 6.705530353201539e-08, 0.7462027072906494, -0.6657188534736633, 4.470353687224815e-08, 0.6657189726829529, 0.7462026476860046),
            ["LeftHand"] = CFrame.new(2.3096799850463867e-07, -5.960464477539062e-07, -3.3527612686157227e-07, 0.8140323758125305, 0.19014035165309906, 0.5488149523735046, -0.23693040013313293, 0.9714128375053406, 0.01487621571868658, -0.5302972793579102, -0.14214062690734863, 0.8358115553855896),
            ["LeftFoot"] = CFrame.new(4.470348358154297e-08, -1.7881393432617188e-07, -7.450580596923828e-09, 0.953862726688385, -0.29619652032852173, -0.049129873514175415, 0.27107560634613037, 0.9199436902999878, -0.2832348942756653, 0.1290891021490097, 0.2568487524986267, 0.9577913284301758),
            ["LowerTorso"] = CFrame.new(-0.3381340503692627, -0.39766597747802734, 0.5278028249740601, 0.984660804271698, 0.061792418360710144, 0.16317152976989746, -0.09546808153390884, 0.9735845327377319, 0.20741067826747894, -0.14604485034942627, -0.2198067605495453, 0.9645496010780334),
            ["RightLowerLeg"] = CFrame.new(1.862645149230957e-09, -0.00012236833572387695, -0.00007756629929644987, 1, -9.685751223287298e-08, -1.415611023958263e-07, 1.5832483768463135e-07, 0.04834382236003876, 0.9988307356834412, -1.564621925354004e-07, -0.9988307356834412, 0.048344023525714874),
            ["LeftUpperLeg"] = CFrame.new(-1.7881393432617188e-07, -8.568167686462402e-08, 1.4901161193847656e-07, 0.9388413429260254, -0.0975247398018837, -0.3302510678768158, -0.24439163506031036, 0.4869307577610016, -0.8385526537895203, 0.24258941411972046, 0.8679789900779724, 0.4333171248435974),
            ["LeftLowerLeg"] = CFrame.new(1.0139774531126022e-07, 0.00012201070785522461, 0.00007750745862722397, 1, 8.195634393359796e-08, 5.960463056453591e-08, -9.685752644372769e-08, 0.4449315369129181, 0.8955650329589844, 5.215404996761208e-08, -0.8955645561218262, 0.44493070244789124),
        }},
        {Time = 0.267, Data = {
            ["RightFoot"] = CFrame.new(-5.48316165804863e-08, 4.172325134277344e-07, 2.032174961641431e-08, 0.8977979421615601, 0.14564064145088196, 0.4156290292739868, -0.2182624340057373, 0.9668285846710205, 0.13268092274665833, -0.38251861929893494, -0.20983676612377167, 0.8998046517372131),
            ["LeftLowerArm"] = CFrame.new(-5.960464477539063e-08, -0.0000012516975402832031, 0.0000019818544387817383, 1, -4.097818262494002e-08, 4.5751214372558024e-08, 3.352762689701194e-08, 0.8081754446029663, -0.5889418125152588, -4.563482747244052e-08, 0.5889419317245483, 0.8081753849983215),
            ["RightUpperArm"] = CFrame.new(3.5762786865234375e-07, 7.152557373046875e-07, -5.122274160385132e-07, 0.8370729684829712, -0.34490901231765747, 0.4246721565723419, 0.3215881586074829, 0.9381769895553589, 0.1280823051929474, -0.4425944685935974, 0.02935532107949257, 0.8962413668632507),
            ["Head"] = CFrame.new(1.341104507446289e-07, 7.152557373046875e-07, 7.282942533493042e-07, 0.992945671081543, -0.10556922107934952, 0.05398218706250191, 0.1181478425860405, 0.9193161725997925, -0.37536558508872986, -0.009999614208936691, 0.3790951669216156, 0.9253035187721252),
            ["RightHand"] = CFrame.new(-0.0000014007091522216797, -5.960464477539062e-07, 1.0617077350616455e-07, 0.7814205288887024, -0.43640220165252686, -0.4460213780403137, 0.49339988827705383, 0.8696980476379395, 0.013485162518918514, 0.38201889395713806, -0.23060445487499237, 0.8949207663536072),
            ["UpperTorso"] = CFrame.new(9.685754776000977e-08, 3.8743019104003906e-07, -8.940696716308594e-08, 0.9773726463317871, -0.19178858399391174, -0.08921868354082108, 0.2090534120798111, 0.8115328550338745, 0.54562908411026, -0.032241638749837875, -0.5519344210624695, 0.8332639932632446),
            ["HumanoidRootPart"] = CFrame.new(0, 0, 0, 1, 0, 0, 0, 1, 0, 0, 0, 1),
            ["RightUpperLeg"] = CFrame.new(7.152557373046875e-07, -0.0000011902302503585815, 1.8084392650052905e-07, 0.9466050267219543, -0.20490729808807373, 0.24890132248401642, 0.26559627056121826, 0.058014728128910065, -0.96233731508255, 0.18275009095668793, 0.9770606160163879, 0.1093396246433258),
            ["LeftUpperArm"] = CFrame.new(-2.384185791015625e-07, 1.1920928955078125e-07, 5.662441253662109e-07, 0.6336191892623901, 0.4937698245048523, -0.595582127571106, -0.5860740542411804, 0.8088870644569397, 0.047107093036174774, 0.5050187706947327, 0.31920725107192993, 0.8019120693206787),
            ["RightLowerArm"] = CFrame.new(4.172325134277344e-07, -1.1920928955078125e-07, -7.748603820800781e-07, 1, -5.587936158235607e-08, 7.718338679296721e-08, 2.3283092787096393e-08, 0.5390712022781372, -0.8422602415084839, 4.7963169436116004e-08, 0.8422603011131287, 0.5390712022781372),
            ["LeftHand"] = CFrame.new(1.1548399925231934e-07, -4.172325134277344e-07, -5.960464477539063e-08, 0.7602503895759583, 0.290592759847641, 0.5810123682022095, -0.33060222864151, 0.9429628252983093, -0.03903121501207352, -0.5592151880264282, -0.1624104529619217, 0.8129584193229675),
            ["LeftFoot"] = CFrame.new(-7.450580596923828e-09, -5.960464477539063e-08, -1.4901161193847656e-08, 0.9554177522659302, -0.29300516843795776, -0.03640461340546608, 0.2678823471069336, 0.9120686650276184, -0.3104345500469208, 0.12416213750839233, 0.2868427634239197, 0.9498974084854126),
