return {
    ["Distraction Dance"] = {
        {Time = 0.000, Data = {
            ["LeftFoot"] = CFrame.new(-3.725290298461914e-08, 5.960464477539063e-08, 2.9802322387695312e-08, 0.9891602396965027, -0.14443954825401306, -0.02644413337111473, 0.11873375624418259, 0.8927075862884521, -0.4347127676010132, 0.0863967165350914, 0.42686110734939575, 0.9001808166503906),
            ["LeftLowerArm"] = CFrame.new(4.470348358154297e-07, -3.5762786865234375e-07, -1.1920928955078125e-07, 1, -1.266598843585598e-07, 8.940698137394065e-08, 1.4901159772762185e-07, -0.21488219499588013, -0.9766401052474976, 1.7881390590446244e-07, 0.976639986038208, -0.21488207578659058),
            ["LowerTorso"] = CFrame.new(-0.016736788675189018, -0.2783529758453369, 0.21755975484848022, 0.9978217482566833, -0.06498745828866959, 0.011331629939377308, 0.06525009125471115, 0.9975659251213074, -0.024591438472270966, -0.009705912321805954, 0.025277264416217804, 0.9996333718299866),
            ["Head"] = CFrame.new(2.0954757928848267e-09, 2.384185791015625e-07, 9.514042176306248e-08, 0.9976288080215454, -0.03227502852678299, 0.060788724571466446, 0.05244937911629677, 0.928406298160553, -0.36784628033638, -0.04456445574760437, 0.37016236782073975, 0.927897572517395),
            ["RightUpperArm"] = CFrame.new(1.1920928955078125e-07, 2.384185791015625e-07, 3.3527612686157227e-08, 0.6888157725334167, -0.5502304434776306, 0.4719952642917633, 0.5664210915565491, 0.8148419857025146, 0.12328725308179855, -0.4524378180503845, 0.18242573738098145, 0.8729380369186401),
            ["UpperTorso"] = CFrame.new(-6.28642737865448e-09, 0, -2.2380845621228218e-08, 0.9949206709861755, 0.09248562902212143, 0.03974229097366333, -0.10058547556400299, 0.8978991508483887, 0.4285554885864258, 0.003950642421841621, -0.43037617206573486, 0.9026410579681396),
            ["HumanoidRootPart"] = CFrame.new(0, 0, 0, 1, 0, 0, 0, 1, 0, 0, 0, 1),
            ["RightHand"] = CFrame.new(1.7881393432617188e-07, 1.7881393432617188e-07, -2.9802322387695312e-08, 0.8226953744888306, 0.4394572079181671, -0.36062386631965637, -0.5044487118721008, 0.8568271398544312, -0.10667257755994797, 0.2621143162250519, 0.2696753740310669, 0.9265912175178528),
            ["LeftUpperArm"] = CFrame.new(0, 1.1920928955078125e-07, -2.0489096641540527e-08, 0.571177065372467, 0.5886403918266296, -0.5720661878585815, -0.5279473662376404, 0.7971067428588867, 0.2930740416049957, 0.6285129189491272, 0.13462376594543457, 0.7660599946975708),
            ["RightLowerArm"] = CFrame.new(-5.960464477539063e-08, -3.5762786865234375e-07, 1.4901161193847656e-07, 1, -8.940696716308594e-08, 8.195638656616211e-08, -1.4901161193847656e-08, -0.013363935053348541, -0.9999107718467712, 1.341104507446289e-07, 0.9999107122421265, -0.01336398720741272),
            ["LeftHand"] = CFrame.new(-5.960464477539063e-08, -1.7881393432617188e-07, 2.2351741790771484e-08, 0.8167417645454407, -0.2745802104473114, 0.5074827075004578, 0.4238061308860779, 0.8823233246803284, -0.20467999577522278, -0.39156270027160645, 0.3822450637817383, 0.8369990587234497),
            ["RightUpperLeg"] = CFrame.new(5.960464477539063e-08, -1.7415732145309448e-07, 3.892637323588133e-09, 0.8908488750457764, -0.3490402102470398, -0.2907908260822296, 0.11725322157144547, 0.7950512170791626, -0.5951011180877686, 0.4389077425003052, 0.49604880809783936, 0.7491965293884277),
            ["LeftUpperLeg"] = CFrame.new(0, -8.149072527885437e-08, 3.725290298461914e-09, 0.8837074637413025, 0.431950181722641, 0.18022242188453674, -0.21508702635765076, 0.7167830467224121, -0.6632946133613586, -0.4156906008720398, 0.5473949313163757, 0.7263333797454834),
            ["RightLowerLeg"] = CFrame.new(6.705522537231445e-08, -0.0000603795051574707, -0.00007194111094577238, 1, -1.4528632164001465e-07, -7.078052277620372e-08, 1.1175869474300271e-07, 0.488399863243103, 0.8726196885108948, -8.195637946073475e-08, -0.8726199865341187, 0.4884004592895508),
            ["RightFoot"] = CFrame.new(9.313225746154785e-08, 4.172325134277344e-07, -2.8107024263590574e-08, 0.9870839715003967, 0.15821726620197296, 0.025150753557682037, -0.1409527063369751, 0.9323154091835022, -0.3330465853214264, -0.07614223659038544, 0.32520046830177307, 0.9425749778747559),
            ["LeftLowerLeg"] = CFrame.new(8.940696716308594e-08, 0.000060439109802246094, 0.00007210671901702881, 1, 8.195637946073475e-08, 7.82310962677002e-08, -1.0430814256778831e-07, 0.38331225514411926, 0.9236187934875488, 2.980232594040899e-08, -0.9236188530921936, 0.383312463760376),
        }},
        {Time = 0.033, Data = {
            ["LeftFoot"] = CFrame.new(-3.725290298461914e-09, 5.960464477539063e-08, 3.725290298461914e-08, 0.9740278720855713, -0.16214440762996674, -0.15804779529571533, 0.09958763420581818, 0.9336391687393188, -0.3440936505794525, 0.2033524066209793, 0.31941699981689453, 0.9255380034446716),
            ["LeftLowerArm"] = CFrame.new(-1.1920928955078125e-07, 2.384185791015625e-07, -1.9371509552001953e-07, 1, -1.043081283569336e-07, 1.1920928955078125e-07, 2.0861622829215776e-07, -0.2561866044998169, -0.9666274189949036, 8.940695295223122e-08, 0.9666274189949036, -0.25618666410446167),
            ["LowerTorso"] = CFrame.new(0.08021429181098938, -0.31970977783203125, 0.22241424024105072, 0.997334361076355, -0.05189678817987442, 0.05129232257604599, 0.0531415231525898, 0.998317301273346, -0.023207660764455795, -0.0500015988945961, 0.02587154507637024, 0.9984140992164612),
            ["Head"] = CFrame.new(3.725290298461914e-09, -4.76837158203125e-07, -1.1175870895385742e-08, 0.9935858845710754, -0.08859896659851074, 0.07026736438274384, 0.10651988536119461, 0.9418879151344299, -0.3185916543006897, -0.03795716166496277, 0.3240331709384918, 0.9452840685844421),
            ["RightUpperArm"] = CFrame.new(-5.960464477539063e-08, -2.384185791015625e-07, 1.8998980522155762e-07, 0.7159873247146606, -0.6395439505577087, 0.2799032926559448, 0.6492511034011841, 0.7573713064193726, 0.06972630321979523, -0.2565837800502777, 0.13180436193943024, 0.9574928283691406),
            ["UpperTorso"] = CFrame.new(-9.313225746154785e-10, -8.940696716308594e-08, -1.862645149230957e-09, 0.9967917799949646, 0.07171870768070221, 0.03553297370672226, -0.08003804087638855, 0.8947023749351501, 0.43943333625793457, -0.00027586508076637983, -0.44086745381355286, 0.8975722789764404),
            ["HumanoidRootPart"] = CFrame.new(0, 0, 0, 1, 0, 0, 0, 1, 0, 0, 0, 1),
            ["RightHand"] = CFrame.new(1.7881393432617188e-07, -1.7881393432617188e-07, 1.4901161193847656e-08, 0.7939698696136475, 0.5189943313598633, -0.316633015871048, -0.5441665053367615, 0.8389111161231995, 0.010543880052864552, 0.2710992395877838, 0.16392971575260162, 0.9484895467758179),
            ["LeftUpperArm"] = CFrame.new(5.960464477539063e-08, -4.76837158203125e-07, 1.4901161193847656e-08, 0.741269588470459, 0.607994556427002, -0.2843632102012634, -0.5527923107147217, 0.7932987213134766, 0.2551421523094177, 0.38071009516716003, -0.03193533048033714, 0.9241429567337036),
            ["RightLowerArm"] = CFrame.new(-2.9802322387695312e-08, -1.1920928955078125e-07, -1.4901161193847656e-07, 1, -1.4901159417490817e-08, 1.1175873737556685e-07, 6.705523247774181e-08, 0.011901063844561577, -0.9999292492866516, 7.450581307466564e-08, 0.9999291896820068, 0.011901053600013256),
            ["LeftHand"] = CFrame.new(1.4901161193847656e-07, 0, -4.470348358154297e-08, 0.7528226971626282, -0.42063096165657043, 0.5062879920005798, 0.5505892634391785, 0.8239237666130066, -0.134168803691864, -0.3607068955898285, 0.37976208329200745, 0.8518633246421814),
            ["RightUpperLeg"] = CFrame.new(1.1920928955078125e-07, -2.4400651454925537e-07, 1.879379851743579e-08, 0.8739062547683716, -0.34996673464775085, -0.3373592793941498, 0.07865753769874573, 0.7866833806037903, -0.6123255491256714, 0.47968849539756775, 0.5085790157318115, 0.7150148153305054),
            ["LeftUpperLeg"] = CFrame.new(-5.960464477539063e-08, -2.6961788535118103e-07, 5.587935447692871e-09, 0.843887209892273, 0.5126168727874756, 0.15836195647716522, -0.23181547224521637, 0.6145657300949097, -0.7540363073348999, -0.4838554859161377, 0.5996107459068298, 0.6374565362930298),
            ["RightLowerLeg"] = CFrame.new(8.195638656616211e-08, -0.000060558319091796875, -0.00007220933184726164, 1, -1.2665985593685036e-07, -4.4703494239684005e-08, 1.1920926112907182e-07, 0.3979487717151642, 0.9174075126647949, -9.685752644372769e-08, -0.9174076318740845, 0.3979491591453552),
            ["RightFoot"] = CFrame.new(2.0489096641540527e-08, 2.980232238769531e-07, -5.75528247281909e-09, 0.9938167333602905, 0.10909201949834824, 0.020671924576163292, -0.08840864896774292, 0.8901116251945496, -0.4470851421356201, -0.06717362999916077, 0.4424932599067688, 0.8942525386810303),
            ["LeftLowerLeg"] = CFrame.new(-2.9802322387695312e-08, 0.000060439109802246094, 0.00007218122482299805, 1, 1.4156103134155273e-07, 5.215405707303944e-08, -3.725289943190546e-08, 0.2866522967815399, 0.9580347537994385, 5.960463766996327e-08, -0.9580347537994385, 0.286652147769928),
        }},
        {Time = 0.067, Data = {
            ["LeftFoot"] = CFrame.new(-1.4901161193847656e-08, 5.960464477539063e-08, -2.2351741790771484e-08, 0.9303798675537109, -0.08005587011575699, -0.35774901509284973, 0.032283470034599304, 0.9899654388427734, -0.1375729888677597, 0.3651728332042694, 0.11644600331783295, 0.9236283302307129),
            ["LeftLowerArm"] = CFrame.new(-7.152557373046875e-07, 1.1920928955078125e-07, 4.600733518600464e-07, 1, -1.7508865823856468e-07, 1.4156103134155273e-07, 1.1920928955078125e-07, -0.28495126962661743, -0.9585420489311218, 8.195638656616211e-08, 0.9585420489311218, -0.28495123982429504),
            ["LowerTorso"] = CFrame.new(0.17819245159626007, -0.3119516372680664, 0.20851227641105652, 0.9952674508094788, -0.04044734686613083, 0.08835548907518387, 0.04231218993663788, 0.9989174008369446, -0.019335148856043816, -0.08747778087854385, 0.02298215590417385, 0.9959014058113098),
            ["Head"] = CFrame.new(5.587935447692871e-09, 2.384185791015625e-07, 1.2852251529693604e-07, 0.9907225966453552, -0.1270461529493332, 0.048251017928123474, 0.13562384247779846, 0.9469184279441833, -0.29146453738212585, -0.008660374209284782, 0.29530465602874756, 0.955363929271698),
            ["RightUpperArm"] = CFrame.new(0, 2.384185791015625e-07, 1.7136335372924805e-07, 0.6788744926452637, -0.7319749593734741, 0.05781194567680359, 0.7339974045753479, 0.6744470596313477, -0.07980651408433914, 0.019425272941589355, 0.09661240875720978, 0.9951325058937073),
            ["UpperTorso"] = CFrame.new(1.862645149230957e-09, -2.086162567138672e-07, 1.4901161193847656e-08, 0.9989681839942932, 0.038339704275131226, 0.024345481768250465, -0.04523622989654541, 0.8876506686210632, 0.45829036831855774, -0.004039558116346598, -0.45891886949539185, 0.8884690403938293),
            ["HumanoidRootPart"] = CFrame.new(0, 0, 0, 1, 0, 0, 0, 1, 0, 0, 0, 1),
            ["RightHand"] = CFrame.new(-1.1920928955078125e-07, -2.384185791015625e-07, -1.043081283569336e-07, 0.8143333792686462, 0.5242787003517151, -0.2489834427833557, -0.5137588381767273, 0.8507204055786133, 0.11102642863988876, 0.27002421021461487, 0.03750486671924591, 0.9621227979660034),
            ["LeftUpperArm"] = CFrame.new(0, 0, 5.21540641784668e-08, 0.7879019975662231, 0.6144486665725708, 0.04078609123826027, -0.6137390732765198, 0.7781248092651367, 0.13358844816684723, 0.05034653842449188, -0.1302865445613861, 0.9901973009109497),
            ["RightLowerArm"] = CFrame.new(5.960464477539063e-08, 2.384185791015625e-07, -2.9802322387695312e-08, 1, -9.685756197086448e-08, 1.0803343286625022e-07, 6.332993507385254e-08, -0.027537818998098373, -0.999620795249939, 1.043081283569336e-07, 0.999620795249939, -0.027537789195775986),
            ["LeftHand"] = CFrame.new(-2.086162567138672e-07, 5.960464477539063e-08, 2.384185791015625e-07, 0.7281942367553711, -0.46401894092559814, 0.504400372505188, 0.6198847889900208, 0.7598452568054199, -0.1959037035703659, -0.2923629879951477, 0.45532602071762085, 0.8409531712532043),
            ["RightUpperLeg"] = CFrame.new(0, -6.805639714002609e-07, 9.480572771281004e-09, 0.8554017543792725, -0.33202311396598816, -0.3975529968738556, 0.03800373524427414, 0.8056912422180176, -0.5911152958869934, 0.5165690183639526, 0.4905325770378113, 0.7018078565597534),
            ["LeftUpperLeg"] = CFrame.new(0, -6.463378667831421e-07, 2.9802322387695312e-08, 0.7629741430282593, 0.6165911555290222, 0.19412826001644135, -0.20176567137241364, 0.5124557018280029, -0.8346734046936035, -0.6141344904899597, 0.5976658463478088, 0.5153974890708923),
            ["RightLowerLeg"] = CFrame.new(-1.043081283569336e-07, -0.000060439109802246094, -0.0000721646283636801, 1, -1.1920923270736239e-07, -8.195638656616211e-08, 1.3783574104309082e-07, 0.3774544596672058, 0.9260279536247253, -1.2293457984924316e-07, -0.9260281920433044, 0.37745511531829834),
            ["RightFoot"] = CFrame.new(-3.725290298461914e-09, 2.980232238769531e-07, 1.6952981241047382e-09, 0.9979836940765381, 0.05918312072753906, 0.022932948544621468, -0.04025060310959816, 0.8694943785667419, -0.49229931831359863, -0.04907602816820145, 0.49038445949554443, 0.8701238036155701),
            ["LeftLowerLeg"] = CFrame.new(2.9802322387695312e-08, 0.000060677528381347656, 0.00007203221321105957, 1, 7.450579886381092e-08, 7.450581485102248e-09, -9.685754776000977e-08, 0.2397133708000183, 0.9708436727523804, 5.960464477539063e-08, -0.9708437323570251, 0.23971349000930786),
        }},
        {Time = 0.100, Data = {
            ["LeftFoot"] = CFrame.new(-5.960464477539063e-08, 2.384185791015625e-07, 8.568167686462402e-08, 0.9232438206672668, 0.004173592198640108, -0.38419222831726074, 0.01992931216955185, 0.9980747699737549, 0.05873417854309082, 0.3836975693702698, -0.061882756650447845, 0.9213830232620239),
            ["LeftLowerArm"] = CFrame.new(2.086162567138672e-07, -3.5762786865234375e-07, -1.1920928955078125e-07, 1, -1.1175872316471214e-07, 1.043081283569336e-07, 9.685756197086448e-08, -0.2536322772502899, -0.9673007726669312, 1.0430814256778831e-07, 0.9673007130622864, -0.25363224744796753),
            ["LowerTorso"] = CFrame.new(0.2654961347579956, -0.2691535949707031, 0.1689174771308899, 0.9926829934120178, -0.026858355849981308, 0.11772506684064865, 0.028720488771796227, 0.9994873404502869, -0.014149262569844723, -0.11728468537330627, 0.017426850274205208, 0.9929454326629639),
            ["Head"] = CFrame.new(1.1175870895385742e-08, -1.1920928955078125e-07, 3.91155481338501e-08, 0.9892805218696594, -0.14596840739250183, 0.004170625004917383, 0.1441592276096344, 0.9716691374778748, -0.18728898465633392, 0.023285750299692154, 0.1858825832605362, 0.9822959899902344),
            ["RightUpperArm"] = CFrame.new(0, 1.1920928955078125e-07, 1.4901161193847656e-07, 0.5592716336250305, -0.8289699554443359, 0.004914128687232733, 0.8186540603637695, 0.5513595938682556, -0.1606500744819641, 0.1304646134376526, 0.09386993944644928, 0.9869992733001709),
            ["UpperTorso"] = CFrame.new(2.7939677238464355e-08, 8.940696716308594e-08, 5.587935447692871e-09, 0.9997725486755371, 0.014475304633378983, 0.0156661719083786, -0.019631732255220413, 0.911653995513916, 0.410489559173584, -0.008340181782841682, -0.41070374846458435, 0.9117307662963867),
            ["HumanoidRootPart"] = CFrame.new(0, 0, 0, 1, 0, 0, 0, 1, 0, 0, 0, 1),
            ["RightHand"] = CFrame.new(2.086162567138672e-07, 5.960464477539063e-08, 3.948807716369629e-07, 0.8516940474510193, 0.4086158871650696, -0.32810094952583313, -0.3743964433670044, 0.9125414490699768, 0.1646072417497635, 0.36666691303253174, -0.017355112358927727, 0.9301905035972595),
            ["LeftUpperArm"] = CFrame.new(0, -1.1920928955078125e-07, 5.21540641784668e-08, 0.7080094814300537, 0.6231927871704102, 0.3321952223777771, -0.63692706823349, 0.7666789293289185, -0.080790676176548, -0.305035263299942, -0.1543835997581482, 0.9397441744804382),
            ["RightLowerArm"] = CFrame.new(-1.1920928955078125e-07, 0, 8.940696716308594e-08, 1, -6.705522537231445e-08, 5.960464477539063e-08, 8.335337042808533e-08, -0.0018267184495925903, -0.9999983310699463, 1.4156103134155273e-07, 0.9999983310699463, -0.0018267203122377396),
            ["LeftHand"] = CFrame.new(2.8312206268310547e-07, -5.960464477539063e-08, -2.086162567138672e-07, 0.6908850073814392, -0.4954718351364136, 0.5264845490455627, 0.6712506413459778, 0.7100884318351746, -0.21259525418281555, -0.26851537823677063, 0.5002819895744324, 0.8231751918792725),
            ["RightUpperLeg"] = CFrame.new(-2.9802322387695312e-08, 1.8218997865915298e-07, -1.6596459317952394e-08, 0.8376975655555725, -0.29506415128707886, -0.4595649540424347, 0.010711196810007095, 0.8502016067504883, -0.5263482928276062, 0.5460294485092163, 0.43599823117256165, 0.7153723239898682),
            ["LeftUpperLeg"] = CFrame.new(5.960464477539063e-08, 9.173527359962463e-08, -1.862645149230957e-09, 0.6886736750602722, 0.688499391078949, 0.2273702770471573, -0.17171689867973328, 0.4595327377319336, -0.8714028596878052, -0.7044444680213928, 0.5610688924789429, 0.4346950948238373),
            ["RightLowerLeg"] = CFrame.new(1.695007085800171e-07, -0.00006031990051269531, -0.0000721646283636801, 1, -1.378357268322361e-07, -1.5273695908035734e-07, 1.1920928955078125e-07, 0.43142300844192505, 0.902149498462677, -1.0896474123001099e-07, -0.9021497964859009, 0.43142351508140564),
            ["RightFoot"] = CFrame.new(9.778887033462524e-09, 2.980232238769531e-07, 2.032174961641431e-08, 0.9994150996208191, 0.02142171747982502, 0.02665998972952366, -0.005051872227340937, 0.8634483218193054, -0.5044113397598267, -0.03382490947842598, 0.5039823055267334, 0.8630518913269043),
            ["LeftLowerLeg"] = CFrame.new(1.4901161193847656e-08, 0.000060558319091796875, 0.00007177889347076416, 1, 1.1175869474300271e-07, 4.842877388000488e-08, -1.4901161193847656e-07, 0.20243367552757263, 0.9792960286140442, 8.195638656616211e-08, -0.9792960286140442, 0.20243355631828308),
        }},
        {Time = 0.133, Data = {
            ["LeftFoot"] = CFrame.new(2.2351741790771484e-08, -5.960464477539063e-08, -8.568167686462402e-08, 0.9648921489715576, -0.057380907237529755, -0.2563014328479767, 0.10098684579133987, 0.9818791747093201, 0.16035917401313782, 0.2424556165933609, -0.18061235547065735, 0.9532022476196289),
            ["LeftLowerArm"] = CFrame.new(-2.980232238769531e-07, -1.1920928955078125e-07, 3.725290298461914e-09, 1, -5.960465188081798e-08, -4.4703490686970326e-08, 1.7881393432617188e-07, -0.16657938063144684, -0.9860281348228455, 1.210719347000122e-07, 0.9860280752182007, -0.16657941043376923),
            ["LowerTorso"] = CFrame.new(0.33148741722106934, -0.20738458633422852, 0.12343698740005493, 0.9909279346466064, 0.0027246938552707434, 0.1343667209148407, -0.0015816163504496217, 0.9999616742134094, -0.008612939156591892, -0.13438504934310913, 0.008322281762957573, 0.9908943176269531),
            ["Head"] = CFrame.new(-2.9802322387695312e-08, 2.384185791015625e-07, -1.6763806343078613e-08, 0.9872303009033203, -0.15735118091106415, -0.024840807542204857, 0.15386483073234558, 0.9822684526443481, -0.10711778700351715, 0.04125545546412468, 0.10192784667015076, 0.9939360618591309),
            ["RightUpperArm"] = CFrame.new(0, 2.384185791015625e-07, 7.450580596923828e-08, 0.4294101297855377, -0.9028000831604004, 0.02364133670926094, 0.8831322193145752, 0.4142917990684509, -0.22009047865867615, 0.18890327215194702, 0.1153874322772026, 0.9751930236816406),
            ["UpperTorso"] = CFrame.new(1.5599653124809265e-08, 2.9802322387695312e-08, -7.450580596923828e-09, 0.9997369647026062, -0.022331269457936287, 0.0052355690859258175, 0.019237883388996124, 0.940674364566803, 0.33876490592956543, -0.012490009889006615, -0.33857500553131104, 0.9408565759658813),
            ["HumanoidRootPart"] = CFrame.new(0, 0, 0, 1, 0, 0, 0, 1, 0, 0, 0, 1),
            ["RightHand"] = CFrame.new(-2.980232238769531e-07, -1.1920928955078125e-07, 1.1920928955078125e-07, 0.8465449810028076, 0.32286307215690613, -0.4232271909713745, -0.2752564549446106, 0.9460209012031555, 0.17110960185527802, 0.45562660694122314, -0.028355948626995087, 0.8897192478179932),
            ["LeftUpperArm"] = CFrame.new(0, -1.1920928955078125e-07, -5.960464477539063e-08, 0.570558488368988, 0.7082719206809998, 0.41570916771888733, -0.6475271582603455, 0.6993204951286316, -0.30275270342826843, -0.5051451325416565, -0.09644497185945511, 0.8576285243034363),
            ["RightLowerArm"] = CFrame.new(-1.4901161193847656e-07, -5.960464477539063e-08, -7.450580596923828e-08, 1, -1.1175869474300271e-07, 1.4621765842548484e-07, 1.0058285937475375e-07, 0.021951990202069283, -0.9997590780258179, 6.705523958316917e-08, 0.9997590184211731, 0.021952027454972267),
            ["LeftHand"] = CFrame.new(-1.4901161193847656e-07, -1.1920928955078125e-07, -1.7136335372924805e-07, 0.6627449989318848, -0.5374688506126404, 0.5214369297027588, 0.6859714984893799, 0.7150211930274963, -0.13486303389072418, -0.3003535270690918, 0.447070449590683, 0.8425648808479309),
            ["RightUpperLeg"] = CFrame.new(0, -2.0803418010473251e-07, 1.227454049512744e-08, 0.8263564705848694, -0.26564526557922363, -0.49655577540397644, 0.009967001155018806, 0.8885118961334229, -0.458745539188385, 0.5630592703819275, 0.3741380274295807, 0.7368751764297485),
            ["LeftUpperLeg"] = CFrame.new(2.9802322387695312e-08, 5.1193637773394585e-08, -1.30385160446167e-08, 0.6615592241287231, 0.7173094153404236, 0.21864739060401917, -0.18501591682434082, 0.43868759274482727, -0.8793875575065613, -0.7267107963562012, 0.541313648223877, 0.4229314923286438),
            ["RightLowerLeg"] = CFrame.new(3.725290298461914e-08, -0.0000603795051574707, -0.00007204541907412931, 1, -1.3620594074836845e-07, -3.3294789147930715e-08, 1.2083911826721305e-07, 0.5150240659713745, 0.8571754693984985, -1.139706142794239e-07, -0.8571758270263672, 0.5150244235992432),
            ["RightFoot"] = CFrame.new(8.032657206058502e-09, 2.980232238769531e-07, -4.6733475755900145e-08, 0.9995648860931396, -0.002788591431453824, 0.029367422685027122, 0.0167897529900074, 0.8723295331001282, -0.48862987756729126, -0.0242556594312191, 0.48891058564186096, 0.8719968199729919),
            ["LeftLowerLeg"] = CFrame.new(1.4901161193847656e-08, 0.000060617923736572266, 0.00007208436727523804, 1, 4.4703490686970326e-08, 4.0978193283081055e-08, -8.940694584680386e-08, 0.12731769680976868, 0.9918619990348816, 7.450579175838357e-08, -0.9918620586395264, 0.12731772661209106),
        }},
        {Time = 0.167, Data = {
            ["LeftFoot"] = CFrame.new(1.4901161193847656e-08, -5.960464477539063e-08, 3.725290298461914e-09, 0.970732569694519, -0.11985141038894653, -0.20812049508094788, 0.1536116898059845, 0.9759871959686279, 0.15444204211235046, 0.18461282551288605, -0.18189172446727753, 0.9658331274986267),
            ["LeftLowerArm"] = CFrame.new(8.940696716308594e-08, -5.960464477539063e-08, -8.940696716308594e-08, 1, -8.940696716308594e-08, 1.2665987014770508e-07, 7.450581307466564e-08, -0.07829591631889343, -0.9969301819801331, 7.450581307466564e-08, 0.9969302415847778, -0.07829590141773224),
            ["LowerTorso"] = CFrame.new(0.3591457009315491, -0.13791704177856445, 0.08579761534929276, 0.9882449507713318, 0.048905935138463974, 0.14484567940235138, -0.048995982855558395, 0.998794674873352, -0.0029474522452801466, -0.14481522142887115, -0.0041840579360723495, 0.9894499778747559),
            ["Head"] = CFrame.new(-2.60770320892334e-08, -4.76837158203125e-07, -8.195638656616211e-08, 0.9875206351280212, -0.1532958596944809, -0.03610382601618767, 0.15129300951957703, 0.9870737195014954, -0.05287698283791542, 0.043742917478084564, 0.046754855662584305, 0.997948169708252),
            ["RightUpperArm"] = CFrame.new(-1.1920928955078125e-07, -4.76837158203125e-07, -7.450580596923828e-08, 0.3684346377849579, -0.9265188574790955, 0.0762806311249733, 0.9013872146606445, 0.3359479606151581, -0.2732032835483551, 0.22750169038772583, 0.16941596567630768, 0.9589270949363708),
            ["UpperTorso"] = CFrame.new(-4.936009645462036e-08, -8.940696716308594e-08, -8.847564458847046e-09, 0.9968110918998718, -0.07957416772842407, -0.005974796134978533, 0.07812285423278809, 0.9578823447227478, 0.27632999420166016, -0.016265634447336197, -0.2759155333042145, 0.9610443115234375),
            ["HumanoidRootPart"] = CFrame.new(0, 0, 0, 1, 0, 0, 0, 1, 0, 0, 0, 1),
            ["RightHand"] = CFrame.new(1.4901161193847656e-08, 0, -7.450580596923828e-08, 0.8436806201934814, 0.19406099617481232, -0.5005426406860352, -0.18478751182556152, 0.9803794026374817, 0.06862951070070267, 0.5040401816368103, 0.03459259867668152, 0.8629873394966125),
            ["LeftUpperArm"] = CFrame.new(-1.1920928955078125e-07, -3.5762786865234375e-07, 4.470348358154297e-08, 0.5042078495025635, 0.7804887890815735, 0.369610458612442, -0.6405296921730042, 0.6250582337379456, -0.4461207389831543, -0.5792203545570374, -0.01180911622941494, 0.8150855898857117),
            ["RightLowerArm"] = CFrame.new(-2.086162567138672e-07, -2.384185791015625e-07, 7.404014468193054e-08, 1, -7.450579886381092e-08, 5.6810691262398905e-08, 3.725290298461914e-08, 0.09700341522693634, -0.9952840805053711, 7.753260433673859e-08, 0.9952840805053711, 0.0970035046339035),
            ["LeftHand"] = CFrame.new(7.450580596923828e-08, 2.384185791015625e-07, -1.564621925354004e-07, 0.6910159587860107, -0.5233325362205505, 0.49861854314804077, 0.6356369256973267, 0.7683919668197632, -0.0744270458817482, -0.34418433904647827, 0.36837053298950195, 0.8636204600334167),
            ["RightUpperLeg"] = CFrame.new(-2.9802322387695312e-08, -2.489068720024079e-07, -8.680217433720827e-09, 0.8179585337638855, -0.2688519358634949, -0.508588969707489, 0.04279978573322296, 0.9100660085678101, -0.41224777698516846, 0.573682963848114, 0.3154338300228119, 0.7559029459953308),
            ["LeftUpperLeg"] = CFrame.new(-5.960464477539063e-08, -3.7602148950099945e-08, -2.3283064365386963e-09, 0.647528886795044, 0.7456936836242676, 0.15699417889118195, -0.18714824318885803, 0.35532280802726746, -0.9158173203468323, -0.7387028336524963, 0.5636369585990906, 0.36963704228401184),
            ["RightLowerLeg"] = CFrame.new(9.208451956510544e-08, -0.00006020069122314453, -0.00007206032023532316, 1, -7.91042111814022e-08, -5.0291429687376876e-08, 1.1507655983677978e-07, 0.6007717847824097, 0.7994202971458435, -1.0270743189266796e-07, -0.7994206547737122, 0.6007721424102783),
            ["RightFoot"] = CFrame.new(1.4362740330398083e-07, 3.5762786865234375e-07, 5.012407200410962e-08, 0.9994808435440063, -0.006769378203898668, 0.03150012344121933, 0.02022590860724449, 0.8928556442260742, -0.4498883783817291, -0.02507931739091873, 0.45029217004776, 0.8925291895866394),
            ["LeftLowerLeg"] = CFrame.new(0, 0.000060558319091796875, 0.0000720396637916565, 1, 1.266598843585598e-07, 5.2154071283894154e-08, -5.2154071283894154e-08, -0.06230118125677109, 0.99805748462677, 7.450581307466564e-08, -0.9980574250221252, -0.062301285564899445),
        }},
        {Time = 0.200, Data = {
            ["LeftFoot"] = CFrame.new(0, 5.960464477539063e-08, 6.705522537231445e-08, 0.9680061936378479, -0.093978151679039, -0.2326631397008896, 0.13460439443588257, 0.9769986271858215, 0.16539523005485535, 0.21176791191101074, -0.19142085313796997, 0.9583905935287476),
            ["LeftLowerArm"] = CFrame.new(-8.940696716308594e-08, -2.980232238769531e-07, 0, 1, -2.980232594040899e-08, 1.3411046495548362e-07, 2.0116564769523393e-07, -0.05966948717832565, -0.998218297958374, 5.960463766996327e-08, 0.9982182383537292, -0.05966948717832565),
            ["LowerTorso"] = CFrame.new(0.3651248812675476, -0.07889199256896973, 0.06968732178211212, 0.9836885929107666, 0.09702970832586288, 0.1514664888381958, -0.09855128079652786, 0.9951286911964417, 0.002553364960476756, -0.15048089623451233, -0.017438936978578568, 0.9884591102600098),
            ["Head"] = CFrame.new(1.4901161193847656e-08, -2.384185791015625e-07, -5.960464477539063e-08, 0.9901415705680847, -0.1366446167230606, -0.030789310112595558, 0.13477352261543274, 0.9892748594284058, -0.05631566047668457, 0.03815429285168648, 0.05161099508404732, 0.9979381561279297),
            ["RightUpperArm"] = CFrame.new(-1.1920928955078125e-07, -2.384185791015625e-07, -7.450580596923828e-08, 0.4349178373813629, -0.9000391364097595, 0.027858667075634003, 0.819152295589447, 0.38260477781295776, -0.4273208975791931, 0.3739466965198517, 0.2086700201034546, 0.9036707282066345),
            ["UpperTorso"] = CFrame.new(9.313225746154785e-10, -1.1920928955078125e-07, -4.656612873077393e-10, 0.989595353603363, -0.14287345111370087, -0.016980532556772232, 0.14258955419063568, 0.958107590675354, 0.24839122593402863, -0.019219335168600082, -0.2482280433177948, 0.9685109257698059),
            ["HumanoidRootPart"] = CFrame.new(0, 0, 0, 1, 0, 0, 0, 1, 0, 0, 0, 1),
            ["RightHand"] = CFrame.new(-2.384185791015625e-07, -5.960464477539063e-08, 5.960464477539063e-08, 0.8847664594650269, 0.1460084468126297, -0.4425717294216156, -0.14161624014377594, 0.988980233669281, 0.043162260204553604, 0.44399693608283997, 0.0244868416339159, 0.8956937193870544),
            ["LeftUpperArm"] = CFrame.new(0, -2.384185791015625e-07, -7.450580596923828e-08, 0.47737157344818115, 0.8221495151519775, 0.3101402223110199, -0.6095637679100037, 0.5640600323677063, -0.5570170879364014, -0.632888913154602, 0.07685363292694092, 0.7704187631607056),
            ["RightLowerArm"] = CFrame.new(-2.384185791015625e-07, 1.1920928955078125e-07, -5.960464477539063e-08, 1, -7.450579175838357e-08, 1.0058283805847168e-07, 1.247972107876194e-07, 0.05040755495429039, -0.9987287521362305, 5.960463766996327e-08, 0.9987287521362305, 0.05040763318538666),
            ["LeftHand"] = CFrame.new(-7.450580596923828e-08, 0, 0, 0.7943817377090454, -0.46147996187210083, 0.39496105909347534, 0.5159438252449036, 0.8557883501052856, -0.03779390826821327, -0.32056158781051636, 0.23380033671855927, 0.9179201722145081),
            ["RightUpperLeg"] = CFrame.new(-5.960464477539063e-08, -2.0103470887988806e-07, 2.438173396512866e-08, 0.8099910616874695, -0.29407623410224915, -0.5073790550231934, 0.08305546641349792, 0.9139862656593323, -0.39715370535850525, 0.5805310010910034, 0.2795502841472626, 0.7647454142570496),
            ["LeftUpperLeg"] = CFrame.new(0, -2.0558945834636688e-07, -1.862645149230957e-09, 0.6405497789382935, 0.7601738572120667, 0.10877349972724915, -0.14699093997478485, 0.26040300726890564, -0.9542452096939087, -0.7537172436714172, 0.5952529311180115, 0.2785397469997406),
            ["RightLowerLeg"] = CFrame.new(2.1420419216156006e-08, -0.00006020069122314453, -0.00007204541907412931, 1, -1.2200328569633712e-07, -2.7939684343891713e-08, 1.0244549741855735e-07, 0.6612035632133484, 0.7502062320709229, -4.109461215762167e-08, -0.7502065896987915, 0.6612039804458618),
            ["RightFoot"] = CFrame.new(5.343463271856308e-08, 3.5762786865234375e-07, 2.4047039914876223e-08, 0.9994319081306458, -0.004581110551953316, 0.033392533659935, 0.017703544348478317, 0.9144042730331421, -0.404414564371109, -0.02868165820837021, 0.40477636456489563, 0.9139660000801086),
            ["LeftLowerLeg"] = CFrame.new(-2.9802322387695312e-08, 0.000060677528381347656, 0.00007193535566329956, 1, 1.4901161193847656e-08, 8.940695295223122e-08, -1.2665985593685036e-07, -0.20877951383590698, 0.9779626727104187, 1.1920927533992653e-07, -0.9779627323150635, -0.2087796926498413),
        }},
        {Time = 0.233, Data = {
            ["LeftFoot"] = CFrame.new(5.960464477539063e-08, -1.1920928955078125e-07, -1.1175870895385742e-08, 0.9663527607917786, -0.06464716792106628, -0.24896401166915894, 0.1183597669005394, 0.9711012244224548, 0.2072523981332779, 0.22837114334106445, -0.2297462821006775, 0.9460778832435608),
            ["LeftLowerArm"] = CFrame.new(2.980232238769531e-07, -1.1920928955078125e-07, -8.940696716308594e-08, 1, -5.96046660916727e-08, 1.3643877139202232e-07, 8.195639367158947e-08, -0.15210029482841492, -0.988365113735199, 8.940698137394065e-08, 0.9883651733398438, -0.15210027992725372),
            ["LowerTorso"] = CFrame.new(0.36475807428359985, -0.03873920440673828, 0.0654943436384201, 0.9786919951438904, 0.13623464107513428, 0.15362995862960815, -0.1390339583158493, 0.9902586936950684, 0.007576176431030035, -0.1511012464761734, -0.028774535283446312, 0.9880993962287903),
            ["Head"] = CFrame.new(-2.9802322387695312e-08, 0, -4.0978193283081055e-08, 0.9939999580383301, -0.10936429351568222, -0.0018850655760616064, 0.10840465873479843, 0.9872844815254211, -0.11626631766557693, 0.014576409012079239, 0.1153644472360611, 0.9932162761688232),
            ["RightUpperArm"] = CFrame.new(0, -1.1920928955078125e-07, -2.9802322387695312e-08, 0.5414544939994812, -0.8403268456459045, -0.02603686787188053, 0.7078195214271545, 0.47234901785850525, -0.5252408981323242, 0.45367246866226196, 0.2659645080566406, 0.8505551815032959),
            ["UpperTorso"] = CFrame.new(-3.725290298461914e-09, 2.9802322387695312e-08, 0, 0.9781690835952759, -0.2056562602519989, -0.029845673590898514, 0.2067926824092865, 0.9490880370140076, 0.23763154447078705, -0.02054424211382866, -0.23861560225486755, 0.9708967804908752),
            ["HumanoidRootPart"] = CFrame.new(0, 0, 0, 1, 0, 0, 0, 1, 0, 0, 0, 1),
            ["RightHand"] = CFrame.new(-4.76837158203125e-07, 5.960464477539063e-08, 1.1920928955078125e-07, 0.9366757273674011, 0.04018837586045265, -0.3478841185569763, -0.05902869999408722, 0.9972983598709106, -0.043723512440919876, 0.3451871871948242, 0.061489902436733246, 0.9365174174308777),
            ["LeftUpperArm"] = CFrame.new(0, -2.384185791015625e-07, -2.2351741790771484e-08, 0.47241637110710144, 0.8364480137825012, 0.2778087258338928, -0.5613428354263306, 0.5285450220108032, -0.6368158459663391, -0.6794975996017456, 0.1448959857225418, 0.7192273139953613),
            ["RightLowerArm"] = CFrame.new(-4.76837158203125e-07, -5.960464477539063e-08, 8.940696716308594e-08, 1, -6.705523247774181e-08, 1.49011640360186e-07, 1.601874828338623e-07, -0.005246967542916536, -0.9999862909317017, 7.450580596923828e-08, 0.9999862909317017, -0.005246968474239111),
            ["LeftHand"] = CFrame.new(-8.940696716308594e-08, 1.1920928955078125e-07, -1.4505349099636078e-07, 0.8586748838424683, -0.44496047496795654, 0.25433793663978577, 0.4438554048538208, 0.8937331438064575, 0.06506455689668655, -0.25626128911972046, 0.05701984465122223, 0.9649242758750916),
            ["RightUpperLeg"] = CFrame.new(1.7881393432617188e-07, -3.6670826375484467e-09, 1.5068508218973875e-08, 0.8039771914482117, -0.3230785131454468, -0.49924060702323914, 0.11566051840782166, 0.908463180065155, -0.40164339542388916, 0.5833039283752441, 0.2651694416999817, 0.7677509188652039),
            ["LeftUpperLeg"] = CFrame.new(0, -7.264316082000732e-08, 1.862645149230957e-09, 0.6313963532447815, 0.7671831846237183, 0.11299791187047958, -0.10448594391345978, 0.22855506837368011, -0.9679076671600342, -0.7683888673782349, 0.5993267893791199, 0.2244686782360077),
            ["RightLowerLeg"] = CFrame.new(-7.729977369308472e-08, -0.00006079673767089844, -0.00007217952952487394, 1, -1.6996636986732483e-07, -6.51925713412993e-09, 1.033767915714634e-07, 0.6931106448173523, 0.7208307385444641, -3.399327042075129e-08, -0.7208312749862671, 0.6931111812591553),
            ["RightFoot"] = CFrame.new(-7.683411240577698e-08, 2.384185791015625e-07, 9.145878721028566e-09, 0.9993890523910522, -0.0025804436299949884, 0.03485606238245964, 0.015312416478991508, 0.9287950396537781, -0.3702772259712219, -0.031418509781360626, 0.37058499455451965, 0.928267240524292),
            ["LeftLowerLeg"] = CFrame.new(5.960464477539063e-08, 0.00006079673767089844, 0.00007200613617897034, 1, 3.72529100900465e-08, 1.1175872316471214e-07, -1.1362135410308838e-07, -0.23290258646011353, 0.9725000858306885, 8.42846930027008e-08, -0.9725001454353333, -0.23290258646011353),
        }},
        {Time = 0.267, Data = {
            ["LeftFoot"] = CFrame.new(0, -5.960464477539063e-08, 1.955777406692505e-08, 0.9638636112213135, -0.043216243386268616, -0.26286742091178894, 0.10985282063484192, 0.96342933177948, 0.24441006779670715, 0.24269187450408936, -0.2644549012184143, 0.9333618879318237),
            ["LeftLowerArm"] = CFrame.new(-4.172325134277344e-07, -1.7881393432617188e-07, 2.9802322387695312e-08, 1, -1.1175869474300271e-07, 9.685754776000977e-08, 8.568167686462402e-08, -0.2595272958278656, -0.9657357931137085, 7.450580596923828e-08, 0.9657357931137085, -0.2595272660255432),
            ["LowerTorso"] = CFrame.new(0.35833868384361267, -0.009108304977416992, 0.06484252214431763, 0.9762942790985107, 0.15319673717021942, 0.15290617942810059, -0.15664556622505188, 0.9875969290733337, 0.010696547105908394, -0.14937101304531097, -0.03439506143331528, 0.9881828427314758),
            ["Head"] = CFrame.new(0, -3.5762786865234375e-07, -5.960464477539063e-08, 0.994961142539978, -0.08908060938119888, 0.04601266235113144, 0.09650219231843948, 0.9753462076187134, -0.19846199452877045, -0.027199218049645424, 0.20190241932868958, 0.9790279269218445),
            ["RightUpperArm"] = CFrame.new(0, -2.384185791015625e-07, -1.043081283569336e-07, 0.6730183959007263, -0.7305331826210022, -0.11561840772628784, 0.5473507046699524, 0.5970714092254639, -0.5864409804344177, 0.4974469840526581, 0.3314017057418823, 0.8016977906227112),
            ["UpperTorso"] = CFrame.new(1.6298145055770874e-08, -2.384185791015625e-07, 5.587935447692871e-09, 0.9717165231704712, -0.23311831057071686, -0.037722960114479065, 0.2352268099784851, 0.9413683414459229, 0.2418554723262787, -0.020869752392172813, -0.24388837814331055, 0.9695788025856018),
            ["HumanoidRootPart"] = CFrame.new(0, 0, 0, 1, 0, 0, 0, 1, 0, 0, 0, 1),
            ["RightHand"] = CFrame.new(5.960464477539063e-08, 0, -2.086162567138672e-07, 0.8571708798408508, 0.03615504875779152, -0.5137614607810974, -0.0954626202583313, 0.9914010167121887, -0.08950361609458923, 0.5061076283454895, 0.12576495110988617, 0.853251576423645),
            ["LeftUpperArm"] = CFrame.new(0, -2.384185791015625e-07, -2.2351741790771484e-08, 0.5127679705619812, 0.8102181553840637, 0.2839294970035553, -0.501340389251709, 0.5510551333427429, -0.6670802235603333, -0.6969411373138428, 0.19971174001693726, 0.6887584328651428),
            ["RightLowerArm"] = CFrame.new(-6.556510925292969e-07, -2.384185791015625e-07, 1.043081283569336e-07, 1, -8.940698137394065e-08, 1.0430814256778831e-07, 5.215407838932151e-08, -0.1469302922487259, -0.989146888256073, 4.4703494239684005e-08, 0.989146888256073, -0.1469302922487259),
            ["LeftHand"] = CFrame.new(-1.4901161193847656e-08, -1.1920928955078125e-07, 7.450580596923828e-08, 0.9626272916793823, -0.21151168644428253, 0.16915033757686615, 0.19158172607421875, 0.9732620120048523, 0.12671798467636108, -0.19142970442771912, -0.08957622945308685, 0.9774102568626404),
            ["RightUpperLeg"] = CFrame.new(-5.960464477539063e-08, -2.717715688049793e-07, 1.0986695997416973e-09, 0.8006120920181274, -0.329745888710022, -0.5002875328063965, 0.13215133547782898, 0.911564290523529, -0.3893413841724396, 0.5844281315803528, 0.2455977499485016, 0.773385763168335),
            ["LeftUpperLeg"] = CFrame.new(0, -4.01865690946579e-07, 2.2351741790771484e-08, 0.6227587461471558, 0.7723544836044312, 0.1250610053539276, -0.08003704249858856, 0.22188758850097656, -0.971781849861145, -0.7783095240592957, 0.595176100730896, 0.1999993622303009),
