return {
    ["DJ Caliber"] = {
        {Time = 0.000, Data = {
            ["LeftLowerArm"] = CFrame.new(3.2782554626464844e-07, 1.1920928955078125e-07, -3.8370490074157715e-07, 1, 0, 5.960537663440846e-08, 5.960464477539063e-08, -0.7195021510124207, -0.6944900155067444, 1.0523945093154907e-07, 0.6944902539253235, -0.719502329826355),
            ["LeftFoot"] = CFrame.new(-7.450580596923828e-08, 1.1920928955078125e-07, 7.82310962677002e-08, 0.8783763647079468, -0.43746834993362427, -0.19255785644054413, 0.38273337483406067, 0.8850680589675903, -0.26489242911338806, 0.2863045334815979, 0.15898410975933075, 0.9448564052581787),
            ["RightHand"] = CFrame.new(5.448237061500549e-08, -2.384185791015625e-07, -1.0803341865539551e-07, 0.8437286615371704, -0.4460243880748749, 0.29863718152046204, 0.4134055972099304, 0.8948256969451904, 0.16847209632396698, -0.3423708975315094, -0.018686581403017044, 0.939379096031189),
            ["HumanoidRootPart"] = CFrame.new(0, 0, 0, 1, 0, 0, 0, 1, 0, 0, 0, 1),
            ["RightLowerLeg"] = CFrame.new(8.940696716308594e-08, 5.960464477539063e-08, 7.450580596923828e-08, 1, -0.000003054758735743235, -0.0000027892922389582964, 0.000002965329713333631, 0.05474639683961868, 0.998500406742096, -0.000002928076810349012, -0.998500406742096, 0.05474512279033661),
            ["LeftUpperLeg"] = CFrame.new(-5.960464477539063e-08, -2.1979212760925293e-07, 5.960464477539063e-08, 0.8842427730560303, -0.09162396937608719, -0.45794743299484253, -0.28385335206985474, 0.6732186079025269, -0.6827860474586487, 0.37086644768714905, 0.7337449789047241, 0.5692866444587708),
            ["LeftLowerLeg"] = CFrame.new(2.1047890186309814e-07, 5.960464477539063e-08, 2.384185791015625e-07, 1, 0.0000010728805364124128, 7.972167850311962e-07, -0.0000011920930091946502, 0.3743284046649933, 0.9272953271865845, 6.85453471760411e-07, -0.9272961616516113, 0.3743307590484619),
            ["LowerTorso"] = CFrame.new(-0.16621337831020355, -0.5247248411178589, 0.1685972511768341, 0.7233086824417114, 0.18035155534744263, 0.666556715965271, -0.06294974684715271, 0.9784924387931824, -0.196443110704422, -0.6876495480537415, 0.10012949258089066, 0.7191051840782166),
            ["Head"] = CFrame.new(-4.470348358154297e-08, 1.1920928955078125e-07, -5.960464477539063e-08, 0.6434177756309509, 0.12924012541770935, -0.7545269131660461, -0.6219257712364197, 0.6629440784454346, -0.41678962111473083, 0.44634294509887695, 0.7374293804168701, 0.5069276094436646),
            ["UpperTorso"] = CFrame.new(1.4901161193847656e-08, 5.960464477539063e-08, -2.9802322387695312e-08, 0.9901575446128845, -0.11552038788795471, 0.07901345938444138, 0.06101910024881363, 0.8643897175788879, 0.4991063177585602, -0.125955268740654, -0.48937273025512695, 0.8629308938980103),
            ["LeftUpperArm"] = CFrame.new(-1.1920928955078125e-07, 2.384185791015625e-07, -2.9802322387695312e-08, 0.6445930600166321, 0.3924495279788971, -0.6561198830604553, -0.7237713932991028, 0.03677622973918915, -0.6890619397163391, -0.24628233909606934, 0.9190381169319153, 0.3077344298362732),
            ["RightLowerArm"] = CFrame.new(-3.8743019104003906e-07, 3.5762786865234375e-07, -1.1920928955078125e-07, 1, -1.4901097245001438e-08, 8.195679868094885e-08, 3.073364851502447e-08, 0.8972949385643005, -0.4414314031600952, -8.940698137394065e-08, 0.4414316415786743, 0.8972950577735901),
            ["LeftHand"] = CFrame.new(1.4901161193847656e-07, -4.76837158203125e-07, -8.940696716308594e-08, 0.7415058612823486, 0.42505136132240295, 0.5191351771354675, -0.4203570783138275, 0.8973619937896729, -0.13431382179260254, -0.5229426026344299, -0.11862912774085999, 0.8440725207328796),
            ["RightFoot"] = CFrame.new(-1.043081283569336e-07, 5.960464477539063e-08, -9.12696123123169e-08, 0.9510560631752014, 0.2540126442909241, -0.1759839951992035, -0.3071877062320709, 0.8390368223190308, -0.44906875491142273, 0.033587440848350525, 0.4811391234397888, 0.8759948015213013),
            ["GunRightHand"] = CFrame.new(0.0025963783264160156, 0.3158200979232788, 0.03814070299267769, 0.3822896480560303, -0.9240444302558899, 0.0005206319619901478, -0.924034833908081, -0.38227930665016174, 0.004323258064687252, -0.00380113092251122, -0.0021391145419329405, -0.9999905228614807),
            ["RightUpperLeg"] = CFrame.new(-5.960464477539063e-08, 5.774199962615967e-08, 0, 0.7806559205055237, -0.5050206184387207, 0.36814993619918823, 0.5453900694847107, 0.8381546139717102, -0.006727771833539009, -0.30516543984413147, 0.20603668689727783, 0.9297420978546143),
            ["RightUpperArm"] = CFrame.new(-1.1920928955078125e-07, -1.1920928955078125e-07, -1.1920928955078125e-07, 0.6932690143585205, -0.5196018218994141, 0.49940475821495056, 0.715221107006073, 0.5811776518821716, -0.3882037401199341, -0.08852583914995193, 0.6262958645820618, 0.7745275497436523),
        }},
        {Time = 0.033, Data = {
            ["LeftLowerArm"] = CFrame.new(-7.152557373046875e-07, 2.384185791015625e-07, -2.980232238769531e-07, 1, 7.450509542650252e-08, 4.470394543432121e-08, 5.960463056453591e-08, -0.7665112018585205, -0.6422306895256042, 4.470347292340193e-08, 0.6422309279441833, -0.7665113806724548),
            ["LeftFoot"] = CFrame.new(-1.4901161193847656e-08, 2.980232238769531e-07, 5.587935447692871e-08, 0.8748382329940796, -0.42304685711860657, -0.2359926402568817, 0.3700897693634033, 0.8980227112770081, -0.23787935078144073, 0.3125566244125366, 0.12077479064464569, 0.9421893954277039),
            ["RightHand"] = CFrame.new(-7.264316082000732e-07, -2.980232238769531e-07, -2.9802322387695312e-08, 0.8168508410453796, -0.4977779984474182, 0.2914990484714508, 0.4435800611972809, 0.8650830388069153, 0.23423941433429718, -0.3687700927257538, -0.062035560607910156, 0.9274482727050781),
            ["HumanoidRootPart"] = CFrame.new(0, 0, 0, 1, 0, 0, 0, 1, 0, 0, 0, 1),
            ["RightLowerLeg"] = CFrame.new(7.450580596923828e-09, 5.960464477539063e-08, 5.960464477539063e-08, 1, -0.0000022500878458231455, -0.0000019378380784473848, 0.0000021755697616754333, 0.07975135743618011, 0.9968148469924927, -0.000002108514536303119, -0.9968147873878479, 0.07974988222122192),
            ["LeftUpperLeg"] = CFrame.new(5.960464477539063e-08, -6.705522537231445e-08, -8.940696716308594e-08, 0.8941071629524231, -0.1237921193242073, -0.4303998649120331, -0.26649990677833557, 0.6252894401550293, -0.7334743738174438, 0.35993096232414246, 0.7705119252204895, 0.5260905027389526),
            ["LeftLowerLeg"] = CFrame.new(2.450542524456978e-08, 2.384185791015625e-07, -6.01867213845253e-08, 1, 9.983739346353104e-07, 7.301613322852063e-07, -0.0000010430813972561737, 0.39498236775398254, 0.9186872839927673, 5.811453434034775e-07, -0.9186886548995972, 0.3949858248233795),
            ["LowerTorso"] = CFrame.new(-0.1730940341949463, -0.5330562591552734, 0.16859948635101318, 0.6846545338630676, 0.168455109000206, 0.7091341018676758, -0.08415542542934418, 0.9846888184547424, -0.15266278386116028, -0.7239931225776672, 0.04484385997056961, 0.6883479952812195),
            ["Head"] = CFrame.new(6.705522537231445e-08, 4.76837158203125e-07, 6.705522537231445e-08, 0.6348218321800232, 0.07403907924890518, -0.7691031098365784, -0.6240319609642029, 0.6360887885093689, -0.45384499430656433, 0.4556155204772949, 0.7680554986000061, 0.4500058591365814),
            ["UpperTorso"] = CFrame.new(-2.2351741790771484e-08, -1.1920928955078125e-07, 1.4901161193847656e-08, 0.9800770282745361, -0.1580587476491928, 0.1202767938375473, 0.07027710974216461, 0.8423601984977722, 0.5343130230903625, -0.1857692450284958, -0.515215277671814, 0.8366858959197998),
            ["LeftUpperArm"] = CFrame.new(2.384185791015625e-07, 4.76837158203125e-07, 1.7881393432617188e-07, 0.7531377673149109, 0.36883848905563354, -0.544748067855835, -0.6051187515258789, 0.06351717561483383, -0.7935998439788818, -0.25809866189956665, 0.9273207187652588, 0.27101439237594604),
            ["RightLowerArm"] = CFrame.new(3.5762786865234375e-07, 1.1920928955078125e-07, -1.0058283805847168e-07, 1, -1.4900948031026928e-08, 1.0430969155095227e-07, 8.195637946073475e-08, 0.6262156367301941, -0.7796496748924255, -9.685753354915505e-08, 0.7796499729156494, 0.6262158751487732),
            ["LeftHand"] = CFrame.new(1.1920928955078125e-07, -4.76837158203125e-07, 1.4901161193847656e-07, 0.8124353885650635, 0.3001828193664551, 0.4998396933078766, -0.3388119637966156, 0.94074547290802, -0.014268818311393261, -0.47450539469718933, -0.15776048600673676, 0.8660004734992981),
            ["RightFoot"] = CFrame.new(-1.4901161193847656e-08, 2.384185791015625e-07, 1.862645149230957e-09, 0.9648908376693726, 0.2482069730758667, -0.08590377867221832, -0.25627410411834717, 0.8180549144744873, -0.5148959159851074, -0.057525474578142166, 0.5188250541687012, 0.8529376983642578),
            ["GunRightHand"] = CFrame.new(0.002596348524093628, 0.3158200979232788, 0.03814103454351425, 0.4084292948246002, -0.9102688431739807, 0.0677710622549057, -0.9127727746963501, -0.406843900680542, 0.03643471747636795, -0.005596482660621405, -0.07673794776201248, -0.9970355033874512),
            ["RightUpperLeg"] = CFrame.new(-1.1920928955078125e-07, -1.8440186977386475e-07, 3.725290298461914e-08, 0.7706342339515686, -0.5348255038261414, 0.3465383052825928, 0.575659990310669, 0.8174782991409302, -0.018512286245822906, -0.2733837068080902, 0.21375438570976257, 0.9378531575202942),
            ["RightUpperArm"] = CFrame.new(0, 9.5367431640625e-07, 6.193295121192932e-08, 0.7514881491661072, -0.6268883347511292, 0.20562207698822021, 0.6594648957252502, 0.7046505212783813, -0.26187559962272644, 0.019275512546300888, 0.33238351345062256, 0.9429426193237305),
        }},
        {Time = 0.067, Data = {
            ["LeftLowerArm"] = CFrame.new(-1.1920928955078125e-07, -5.960464477539063e-08, 2.980232238769531e-07, 1, -2.9802098566733548e-08, 6.705583643906721e-08, 7.450579175838357e-08, -0.8107925653457642, -0.5853334069252014, 0, 0.5853335857391357, -0.8107927441596985),
            ["LeftFoot"] = CFrame.new(-1.1920928955078125e-07, 1.1920928955078125e-07, -5.4016709327697754e-08, 0.8693212866783142, -0.41630759835243225, -0.26640668511390686, 0.38156041502952576, 0.9078857898712158, -0.173645481467247, 0.31415310502052307, 0.04930971562862396, 0.9480900764465332),
            ["RightHand"] = CFrame.new(-4.3213367462158203e-07, -1.7881393432617188e-07, 4.470348358154297e-08, 0.779922604560852, -0.4990406632423401, 0.3777291476726532, 0.38681015372276306, 0.8587942719459534, 0.33593201637268066, -0.492035448551178, -0.11589158326387405, 0.8628270030021667),
            ["HumanoidRootPart"] = CFrame.new(0, 0, 0, 1, 0, 0, 0, 1, 0, 0, 0, 1),
            ["RightLowerLeg"] = CFrame.new(1.4156103134155273e-07, -1.1920928955078125e-07, 4.470348358154297e-08, 1, -0.000005707173841074109, -0.000005396986125560943, 0.000005519949354493292, 0.0525057390332222, 0.9986206293106079, -0.000005498528935277136, -0.9986206293106079, 0.05250479280948639),
            ["LeftUpperLeg"] = CFrame.new(1.1920928955078125e-07, -1.2852251529693604e-07, 1.4901161193847656e-08, 0.910228431224823, -0.11046784371137619, -0.39909619092941284, -0.2619752287864685, 0.5927639603614807, -0.7615731358528137, 0.3207072913646698, 0.7977641820907593, 0.510615885257721),
            ["LeftLowerLeg"] = CFrame.new(1.0244548320770264e-07, -2.384185791015625e-07, -2.1373853087425232e-07, 1, 0.0000010728793995440356, 6.966339469727245e-07, -0.0000010579824447631836, 0.4958174228668213, 0.8684242963790894, 5.047186277806759e-07, -0.8684269189834595, 0.49582183361053467),
            ["LowerTorso"] = CFrame.new(-0.14023718237876892, -0.5132333040237427, 0.18629077076911926, 0.6719777584075928, 0.13502804934978485, 0.7281575202941895, -0.11261163651943207, 0.9904342889785767, -0.07974076271057129, -0.7319594025611877, -0.028414923697710037, 0.6807554960250854),
            ["Head"] = CFrame.new(2.0489096641540527e-08, 2.384185791015625e-07, -1.4901161193847656e-07, 0.693976104259491, 0.09791738539934158, -0.7133088707923889, -0.5708752274513245, 0.6785419583320618, -0.46225786209106445, 0.43874675035476685, 0.72800612449646, 0.5267904996871948),
            ["UpperTorso"] = CFrame.new(8.940696716308594e-08, -1.4901161193847656e-07, 7.450580596923828e-09, 0.9769837856292725, -0.18851295113563538, 0.09982746839523315, 0.10215505212545395, 0.8243074417114258, 0.5568496584892273, -0.1872619092464447, -0.5338352918624878, 0.824592649936676),
            ["LeftUpperArm"] = CFrame.new(1.7881393432617188e-07, 4.76837158203125e-07, -2.9802322387695312e-08, 0.8603626489639282, 0.39658862352371216, -0.3201616406440735, -0.4143213629722595, 0.17834313213825226, -0.8924899697303772, -0.29684004187583923, 0.9005061388015747, 0.3177393078804016),
            ["RightLowerArm"] = CFrame.new(4.172325134277344e-07, 1.1920928955078125e-07, 5.960464477539063e-08, 1, 2.980165092481002e-08, 1.1921207487830543e-07, 1.1920928955078125e-07, 0.24008211493492126, -0.9707526564598083, -2.9802322387695312e-08, 0.9707526564598083, 0.24008208513259888),
            ["LeftHand"] = CFrame.new(-5.960464477539063e-08, 0, 1.4901161193847656e-07, 0.8383870720863342, 0.1586415022611618, 0.5214789509773254, -0.18441055715084076, 0.9828457832336426, -0.0025154519826173782, -0.5129327774047852, -0.09405867010354996, 0.8532604575157166),
            ["RightFoot"] = CFrame.new(-8.940696716308594e-08, 2.384185791015625e-07, 7.916241884231567e-08, 0.9677446484565735, 0.23779316246509552, 0.08322224766016006, -0.16343533992767334, 0.8439493179321289, -0.5109255909919739, -0.19172698259353638, 0.4808368682861328, 0.8555871248245239),
            ["GunRightHand"] = CFrame.new(0.0025963783264160156, 0.31581997871398926, 0.03814064711332321, 0.43587860465049744, -0.889887809753418, 0.13454702496528625, -0.8999527096748352, -0.43258988857269287, 0.05443669483065605, 0.009752916172146797, -0.14479579031467438, -0.9894108772277832),
            ["RightUpperLeg"] = CFrame.new(0, -3.1478703022003174e-07, 2.2351741790771484e-08, 0.7435410618782043, -0.5702645182609558, 0.34921279549598694, 0.6465994715690613, 0.7462687492370605, -0.1580783575773239, -0.17045754194259644, 0.3433384299278259, 0.9236133694648743),
            ["RightUpperArm"] = CFrame.new(0, 0, 1.2665987014770508e-07, 0.810139536857605, -0.5860908031463623, -0.013120383955538273, 0.574451208114624, 0.7981181144714355, -0.18170098960399628, 0.11696037650108337, 0.13966090977191925, 0.983266294002533),
        }},
        {Time = 0.100, Data = {
            ["LeftLowerArm"] = CFrame.new(-2.384185791015625e-07, 2.384185791015625e-07, 5.960464477539062e-07, 1, -6.705472799239942e-08, 1.3137572807409015e-07, 5.587932605521928e-08, -0.8250525593757629, -0.5650558471679688, 4.4703462265260896e-08, 0.5650560259819031, -0.8250526785850525),
            ["LeftFoot"] = CFrame.new(5.21540641784668e-08, 1.7881393432617188e-07, -9.778887033462524e-09, 0.8590519428253174, -0.42014965415000916, -0.29242053627967834, 0.4199489653110504, 0.9050899744033813, -0.06673356145620346, 0.2926991879940033, -0.06547068059444427, 0.9539585113525391),
            ["RightHand"] = CFrame.new(4.330649971961975e-07, -1.7881393432617188e-07, 8.754432201385498e-08, 0.7648161053657532, -0.5072221755981445, 0.3972177505493164, 0.3480682671070099, 0.8441513776779175, 0.407746285200119, -0.5421298742294312, -0.17359206080436707, 0.8221684694290161),
            ["HumanoidRootPart"] = CFrame.new(0, 0, 0, 1, 0, 0, 0, 1, 0, 0, 0, 1),
            ["RightLowerLeg"] = CFrame.new(-1.2665987014770508e-07, 1.1920928955078125e-07, 7.450580596923828e-08, 1, -0.000004604472451319452, -0.000004524353244050872, 0.000004433095909917029, 0.0039373342879116535, 0.999992311000824, -0.0000047832731979724485, -0.9999922513961792, 0.003937327302992344),
            ["LeftUpperLeg"] = CFrame.new(0, 1.4156103134155273e-07, -2.421438694000244e-08, 0.9169527888298035, -0.058770857751369476, -0.3946397006511688, -0.2872384488582611, 0.5892519354820251, -0.7551620006561279, 0.27693256735801697, 0.8058090806007385, 0.5234404802322388),
            ["LeftLowerLeg"] = CFrame.new(-8.940696716308594e-08, 0, -1.0058283805847168e-07, 1, 7.897594969108468e-07, 4.135095821311552e-07, -8.493661880493164e-07, 0.6481183767318726, 0.7615368366241455, 3.688037395477295e-07, -0.7615395784378052, 0.6481215953826904),
            ["LowerTorso"] = CFrame.new(-0.06903806328773499, -0.47539615631103516, 0.22459901869297028, 0.6711478233337402, 0.08782117068767548, 0.736103355884552, -0.11235971003770828, 0.9935373663902283, -0.016089534386992455, -0.7327591776847839, -0.07190985232591629, 0.6766780018806458),
            ["Head"] = CFrame.new(6.146728992462158e-08, -1.1920928955078125e-07, -2.5331974029541016e-07, 0.8113577961921692, 0.1374046355485916, -0.5681715607643127, -0.4671998918056488, 0.736594021320343, -0.4890332520008087, 0.3513161242008209, 0.6622305512428284, 0.6618365049362183),
            ["UpperTorso"] = CFrame.new(-5.587935447692871e-09, 5.960464477539063e-08, -1.30385160446167e-08, 0.9823580384254456, -0.1795649379491806, 0.052242621779441833, 0.11520358920097351, 0.8011228442192078, 0.5873076915740967, -0.14731258153915405, -0.5709278583526611, 0.8076758980751038),
            ["LeftUpperArm"] = CFrame.new(1.7881393432617188e-07, 3.5762786865234375e-07, -2.086162567138672e-07, 0.8916916251182556, 0.429112046957016, -0.1440824717283249, -0.2988872528076172, 0.3191208839416504, -0.899355411529541, -0.33993008732795715, 0.8449999094009399, 0.4127955436706543),
            ["RightLowerArm"] = CFrame.new(2.980232238769531e-07, 0, 0, 1, -2.980161895038691e-08, 8.940915563471208e-08, 7.450579175838357e-08, -0.12430506199598312, -0.9922441244125366, 1.4901157641133977e-08, 0.9922440648078918, -0.12430520355701447),
            ["LeftHand"] = CFrame.new(-5.364418029785156e-07, -8.344650268554688e-07, 1.0011717677116394e-07, 0.8665060997009277, 0.08597662299871445, 0.4917067289352417, -0.04320918023586273, 0.9942768812179565, -0.09770580381155014, -0.4972928762435913, 0.06341524422168732, 0.8652618527412415),
            ["RightFoot"] = CFrame.new(1.7881393432617188e-07, 5.960464477539063e-08, -7.078051567077637e-08, 0.956258237361908, 0.19717256724834442, 0.21608895063400269, -0.10570097714662552, 0.9216920733451843, -0.3732478618621826, -0.2727590501308441, 0.3340758979320526, 0.9022148251533508),
            ["GunRightHand"] = CFrame.new(0.0025961995124816895, 0.31582027673721313, 0.03814096003770828, 0.4654249846935272, -0.8659971952438354, 0.18281303346157074, -0.8844374418258667, -0.46298789978027344, 0.05857101082801819, 0.03391215205192566, -0.18892093002796173, -0.9814015030860901),
            ["RightUpperLeg"] = CFrame.new(5.960464477539063e-08, 7.078051567077637e-08, 0, 0.7437536716461182, -0.5571441054344177, 0.36935675144195557, 0.6666654944419861, 0.6586354374885559, -0.34893202781677246, -0.04886374995112419, 0.5057567954063416, 0.8612909317016602),
            ["RightUpperArm"] = CFrame.new(2.384185791015625e-07, 1.1920928955078125e-07, 2.9802322387695312e-08, 0.8267086744308472, -0.5552153587341309, -0.0910487025976181, 0.5476464033126831, 0.8311828970909119, -0.09601423889398575, 0.1289815753698349, 0.02951347455382347, 0.9912070631980896),
        }},
        {Time = 0.133, Data = {
            ["LeftLowerArm"] = CFrame.new(-2.384185791015625e-07, 1.7881393432617188e-07, 2.384185791015625e-07, 1, -3.352735689077235e-08, 9.685835777872853e-08, 5.215404996761208e-08, -0.8169804811477661, -0.5766651630401611, 5.960463056453591e-08, 0.5766653418540955, -0.8169806599617004),
            ["LeftFoot"] = CFrame.new(5.960464477539063e-08, 1.1920928955078125e-07, -4.0978193283081055e-08, 0.8505353927612305, -0.42843177914619446, -0.30502673983573914, 0.46078357100486755, 0.8866317272186279, 0.039513032883405685, 0.2535117566585541, -0.17415666580200195, 0.9515237808227539),
            ["RightHand"] = CFrame.new(1.0541407391428947e-07, -5.364418029785156e-07, -3.5320408642292023e-07, 0.7871409058570862, -0.4938759505748749, 0.3694533705711365, 0.31099244952201843, 0.8350997567176819, 0.4537532329559326, -0.5326282382011414, -0.24227064847946167, 0.8109329342842102),
            ["HumanoidRootPart"] = CFrame.new(0, 0, 0, 1, 0, 0, 0, 1, 0, 0, 0, 1),
            ["RightLowerLeg"] = CFrame.new(-5.960464477539063e-08, 0, 1.4901161193847656e-08, 1, -4.172326271145721e-07, -2.980231954552437e-07, 3.054738328955864e-07, 0.03618405759334564, 0.9993451237678528, -2.2351744632942427e-07, -0.9993452429771423, 0.03618412837386131),
            ["LeftUpperLeg"] = CFrame.new(2.9802322387695312e-08, 1.8719583749771118e-07, -8.195638656616211e-08, 0.9110350608825684, 0.01289112027734518, -0.4121243357658386, -0.3359568417072296, 0.6026788353919983, -0.7238121628761292, 0.23905670642852783, 0.7978798151016235, 0.5533981919288635),
            ["LeftLowerLeg"] = CFrame.new(-4.470348358154297e-08, -5.960464477539063e-08, -8.195638656616211e-08, 1, 6.221224566616002e-07, 3.576295739549096e-07, -7.003544055805833e-07, 0.7829450964927673, 0.622087299823761, 2.1606678046737215e-07, -0.6220908761024475, 0.7829480171203613),
            ["LowerTorso"] = CFrame.new(-0.000546758936252445, -0.43323421478271484, 0.26136916875839233, 0.6790259480476379, 0.03045237436890602, 0.7334824204444885, -0.08268412947654724, 0.995954155921936, 0.035195838660001755, -0.7294430136680603, -0.08454621583223343, 0.6787965893745422),
            ["Head"] = CFrame.new(1.4156103134155273e-07, -3.5762786865234375e-07, -5.960464477539063e-08, 0.9055697321891785, 0.1706296056509018, -0.38836726546287537, -0.35554441809654236, 0.8046629428863525, -0.4755055606365204, 0.23136943578720093, 0.5686853528022766, 0.7893449664115906),
            ["UpperTorso"] = CFrame.new(9.313225746154785e-09, 2.9802322387695312e-08, 3.5390257835388184e-08, 0.9897444248199463, -0.14228767156600952, 0.01265123300254345, 0.10549430549144745, 0.7877699136734009, 0.6068684458732605, -0.09631628543138504, -0.5993102788925171, 0.7947016954421997),
            ["LeftUpperArm"] = CFrame.new(1.1920928955078125e-07, -7.152557373046875e-07, -8.940696716308594e-08, 0.8918600082397461, 0.44032520055770874, -0.10349094122648239, -0.28794795274734497, 0.37625741958618164, -0.880642294883728, -0.3488149642944336, 0.8151957988739014, 0.46234074234962463),
            ["RightLowerArm"] = CFrame.new(2.384185791015625e-07, 0, -2.086162567138672e-07, 1, 1.4900860989541798e-08, 1.6391609847232758e-07, 7.450579886381092e-08, -0.41928285360336304, -0.9078555703163147, -5.960463766996327e-08, 0.9078556299209595, -0.4192831814289093),
            ["LeftHand"] = CFrame.new(2.980232238769531e-07, -1.7881393432617188e-07, -1.4901161193847656e-07, 0.8887729644775391, 0.07108598202466965, 0.4528021216392517, -0.0027218637987971306, 0.988701581954956, -0.14987331628799438, -0.45833975076675415, 0.1319698989391327, 0.878924548625946),
            ["RightFoot"] = CFrame.new(8.940696716308594e-08, 2.384185791015625e-07, -9.685754776000977e-08, 0.9402305483818054, 0.1761040836572647, 0.29147014021873474, -0.11099956184625626, 0.967647135257721, -0.22658021748065948, -0.32194045186042786, 0.18068349361419678, 0.929358184337616),
            ["GunRightHand"] = CFrame.new(0.0025961697101593018, 0.31582021713256836, 0.038140468299388885, 0.4871636927127838, -0.8455919623374939, 0.2182568907737732, -0.8709619641304016, -0.4887734651565552, 0.05046555772423744, 0.06400652974843979, -0.21465030312538147, -0.9745857119560242),
            ["RightUpperLeg"] = CFrame.new(0, 2.3189932107925415e-07, 1.4901161193847656e-08, 0.7698954343795776, -0.5352364182472229, 0.3475388288497925, 0.6360215544700623, 0.59889155626297, -0.4866258203983307, 0.05232315883040428, 0.5956935882568359, 0.8015061020851135),
            ["RightUpperArm"] = CFrame.new(1.1920928955078125e-07, 0, 6.705522537231445e-08, 0.8122245669364929, -0.5709020495414734, -0.11984791606664658, 0.5735477209091187, 0.819042980670929, -0.014550106599926949, 0.10646328330039978, -0.056916169822216034, 0.9926856160163879),
        }},
        {Time = 0.167, Data = {
            ["LeftLowerArm"] = CFrame.new(2.384185791015625e-07, 2.384185791015625e-07, -4.172325134277344e-07, 1, 1.583235409441386e-08, 1.4901301881309337e-07, 7.450581485102248e-09, -0.7960311770439148, -0.6052554249763489, 7.450581307466564e-08, 0.6052556037902832, -0.7960313558578491),
            ["LeftFoot"] = CFrame.new(8.195638656616211e-08, 2.384185791015625e-07, 2.9802322387695312e-08, 0.8503275513648987, -0.4418974220752716, -0.28579044342041016, 0.48685798048973083, 0.8667238354682922, 0.1084260419011116, 0.19978070259094238, -0.23133660852909088, 0.9521384239196777),
            ["RightHand"] = CFrame.new(1.7881393432617188e-07, -4.172325134277344e-07, 2.7567148208618164e-07, 0.816167414188385, -0.4572167694568634, 0.3533037602901459, 0.2716374397277832, 0.8432755470275879, 0.46378809213638306, -0.5099841356277466, -0.28255829215049744, 0.8124513626098633),
            ["HumanoidRootPart"] = CFrame.new(0, 0, 0, 1, 0, 0, 0, 1, 0, 0, 0, 1),
            ["RightLowerLeg"] = CFrame.new(1.4901161193847656e-07, 5.960464477539063e-08, 2.9802322387695312e-08, 1, -0.0000035017690152017167, -0.0000029951388569315895, 0.0000035390262382861692, 0.11909427493810654, 0.9928829669952393, -0.0000029653315323230345, -0.9928829669952393, 0.11909479647874832),
            ["LeftUpperLeg"] = CFrame.new(-1.7881393432617188e-07, -7.729977369308472e-08, -6.705522537231445e-08, 0.8930287957191467, 0.08816725760698318, -0.44127532839775085, -0.39453649520874023, 0.6250160932540894, -0.6735635995864868, 0.216426819562912, 0.7756168842315674, 0.5929487943649292),
            ["LeftLowerLeg"] = CFrame.new(1.4901161193847656e-08, -5.960464477539063e-08, -4.470348358154297e-08, 1, 6.10947154200403e-07, 2.0116651455737156e-07, -6.85453471760411e-07, 0.8675415515899658, 0.4973618984222412, 1.0430814256778831e-07, -0.4973648488521576, 0.8675432801246643),
            ["LowerTorso"] = CFrame.new(0.04066595435142517, -0.38619232177734375, 0.2830639183521271, 0.6987225413322449, -0.023159872740507126, 0.7150177955627441, -0.04142720252275467, 0.9964887499809265, 0.07276004552841187, -0.714192271232605, -0.08046023547649384, 0.6953096389770508),
            ["Head"] = CFrame.new(1.4901161193847656e-08, 3.5762786865234375e-07, -7.450580596923828e-08, 0.9557048082351685, 0.1870819628238678, -0.22721976041793823, -0.26578161120414734, 0.8802127242088318, -0.39317411184310913, 0.1264459639787674, 0.4361491799354553, 0.8909463286399841),
            ["UpperTorso"] = CFrame.new(3.166496753692627e-08, -3.5762786865234375e-07, -5.774199962615967e-08, 0.9954432845115662, -0.09516417980194092, -0.006056332029402256, 0.07991961389780045, 0.7979633808135986, 0.5973836779594421, -0.05201698839664459, -0.5951456427574158, 0.8019326329231262),
            ["LeftUpperArm"] = CFrame.new(5.960464477539063e-08, 1.1920928955078125e-07, 2.9802322387695312e-08, 0.9096545577049255, 0.4035032093524933, -0.09860561043024063, -0.2727912366390228, 0.40131470561027527, -0.8743835687637329, -0.3132311999797821, 0.8222722411155701, 0.475110799074173),
            ["RightLowerArm"] = CFrame.new(0, -1.1920928955078125e-07, -5.960464477539063e-08, 1, 1.4900937372885892e-08, 9.685903989975486e-08, 7.82310962677002e-08, -0.6092897653579712, -0.7929474711418152, 8.195638656616211e-08, 0.7929475903511047, -0.6092901229858398),
            ["LeftHand"] = CFrame.new(-2.384185791015625e-07, -7.152557373046875e-07, 1.7881393432617188e-07, 0.8942464590072632, 0.015250282362103462, 0.44731518626213074, 0.04775029048323631, 0.9904649257659912, -0.12922582030296326, -0.44502055644989014, 0.136918306350708, 0.8849914073944092),
            ["RightFoot"] = CFrame.new(-5.960464477539063e-08, 0, 0, 0.9208154678344727, 0.1464846134185791, 0.3614441156387329, -0.11784490197896957, 0.9879661798477173, -0.10017605870962143, -0.37176811695098877, 0.049650777131319046, 0.9269967675209045),
            ["GunRightHand"] = CFrame.new(0.002596259117126465, 0.31582021713256836, 0.03814062476158142, 0.49530771374702454, -0.8338873386383057, 0.24349536001682281, -0.8634127378463745, -0.5034999847412109, 0.03207466006278992, 0.09585844725370407, -0.22609660029411316, -0.9693715572357178),
            ["RightUpperLeg"] = CFrame.new(1.7881393432617188e-07, -3.9208680391311646e-07, 4.470348358154297e-08, 0.8047938346862793, -0.5199083685874939, 0.2863534986972809, 0.5775973200798035, 0.5748792290687561, -0.5795653462409973, 0.13670478761196136, 0.6318300366401672, 0.7629584670066833),
            ["RightUpperArm"] = CFrame.new(1.1920928955078125e-07, -1.1920928955078125e-07, -1.0849907994270325e-07, 0.7834506630897522, -0.606730580329895, -0.13447962701320648, 0.618074893951416, 0.7832648158073425, 0.06693674623966217, 0.06471871584653854, -0.13555212318897247, 0.9886530041694641),
        }},
        {Time = 0.200, Data = {
            ["LeftLowerArm"] = CFrame.new(-4.76837158203125e-07, -1.1920928955078125e-07, 0, 1, 6.984853229141663e-08, 0, 2.9802311729554276e-08, -0.7700281143188477, -0.6380097270011902, 1.3411040811206476e-07, 0.6380100250244141, -0.7700283527374268),
            ["LeftFoot"] = CFrame.new(3.725290298461914e-08, 1.1920928955078125e-07, 7.450580596923828e-09, 0.8474711775779724, -0.45813673734664917, -0.26816046237945557, 0.5070017576217651, 0.8482303023338318, 0.1531364768743515, 0.15729549527168274, -0.2657366096973419, 0.9511252641677856),
            ["RightHand"] = CFrame.new(1.7136335372924805e-07, -4.76837158203125e-07, 2.4586915969848633e-07, 0.85807865858078, -0.39361572265625, 0.3297998309135437, 0.20983180403709412, 0.8549287915229797, 0.4744124710559845, -0.46869152784347534, -0.33788079023361206, 0.8161892294883728),
            ["HumanoidRootPart"] = CFrame.new(0, 0, 0, 1, 0, 0, 0, 1, 0, 0, 0, 1),
            ["RightLowerLeg"] = CFrame.new(0, -1.7881393432617188e-07, 5.960464477539063e-08, 1, -0.0000010728807637860882, -8.791714662947925e-07, 0.0000010803343002407928, 0.22581012547016144, 0.9741711020469666, -8.791686241238494e-07, -0.9741713404655457, 0.22581149637699127),
            ["LeftUpperLeg"] = CFrame.new(0, 1.4156103134155273e-07, -5.960464477539063e-08, 0.8771758079528809, 0.17372944951057434, -0.4476372301578522, -0.44719094038009644, 0.6350892782211304, -0.6298200488090515, 0.1748800426721573, 0.7526484131813049, 0.6347815990447998),
            ["LeftLowerLeg"] = CFrame.new(-7.450580596923828e-08, 2.384185791015625e-07, -2.2351741790771484e-08, 1, 3.7904800365140545e-07, 1.1175904290894323e-07, -5.21540641784668e-07, 0.9114438891410828, 0.4114227890968323, -5.21540641784668e-08, -0.41142454743385315, 0.9114447236061096),
            ["LowerTorso"] = CFrame.new(0.07006261497735977, -0.34233927726745605, 0.3010074496269226, 0.7339782118797302, -0.07146131247282028, 0.6754030585289001, 0.003522099694237113, 0.9948362708091736, 0.10143160820007324, -0.679163932800293, -0.07206971943378448, 0.7304399013519287),
            ["Head"] = CFrame.new(4.842877388000488e-08, -1.1920928955078125e-07, -8.940696716308594e-08, 0.9751242399215698, 0.2121686339378357, -0.06416609138250351, -0.22154131531715393, 0.9423159956932068, -0.25091859698295593, 0.007227487862110138, 0.25889232754707336, 0.9658792018890381),
            ["UpperTorso"] = CFrame.new(4.7031790018081665e-08, 1.4901161193847656e-07, -1.4901161193847656e-08, 0.998444676399231, -0.05359872430562973, -0.015341763384640217, 0.05281081795692444, 0.8210830092430115, 0.5683605074882507, -0.017866577953100204, -0.5682868361473083, 0.822636604309082),
            ["LeftUpperArm"] = CFrame.new(-2.384185791015625e-07, 4.76837158203125e-07, 4.470348358154297e-08, 0.929851770401001, 0.3546200096607208, -0.09812290966510773, -0.23675914108753204, 0.37253546714782715, -0.8973160982131958, -0.28163960576057434, 0.8575907945632935, 0.430343896150589),
            ["RightLowerArm"] = CFrame.new(-2.384185791015625e-07, 5.960464477539063e-08, -8.940696716308594e-07, 1, 5.2153481533423474e-08, 5.960537663440846e-08, 5.215405707303944e-08, -0.7143656611442566, -0.6997724175453186, 2.9802318834981634e-08, 0.6997725963592529, -0.7143658399581909),
            ["LeftHand"] = CFrame.new(-5.960464477539063e-08, -6.556510925292969e-07, 8.940696716308594e-08, 0.8742897510528564, -0.04254178702831268, 0.4835367500782013, 0.07644359022378922, 0.9957889914512634, -0.05060703679919243, -0.4793473184108734, 0.08120737969875336, 0.8738600015640259),
            ["RightFoot"] = CFrame.new(-1.043081283569336e-07, 1.1920928955078125e-07, 1.862645149230957e-08, 0.8909493684768677, 0.09812206774950027, 0.44337594509124756, -0.12021993100643158, 0.9925047755241394, 0.021938381716609, -0.4378999173641205, -0.07284543663263321, 0.8960672616958618),
            ["GunRightHand"] = CFrame.new(0.0025961101055145264, 0.3158201575279236, 0.038140200078487396, 0.4852087199687958, -0.8332729339599609, 0.2649824619293213, -0.8663217425346375, -0.49923813343048096, 0.016470110043883324, 0.11857125908136368, -0.23752419650554657, -0.9641126394271851),
            ["RightUpperLeg"] = CFrame.new(0, 1.555308699607849e-07, -1.4901161193847656e-07, 0.8330704569816589, -0.5061666369438171, 0.22311967611312866, 0.5134226679801941, 0.5574015378952026, -0.6524577736854553, 0.2058904618024826, 0.6581023931503296, 0.7242351770401001),
            ["RightUpperArm"] = CFrame.new(1.1920928955078125e-07, 4.76837158203125e-07, -3.3527612686157227e-07, 0.7309359312057495, -0.6714710593223572, -0.1219060868024826, 0.682135283946991, 0.7242435216903687, 0.10081607848405838, 0.020595060661435127, -0.15683773159980774, 0.9874082803726196),
        }},
        {Time = 0.233, Data = {
            ["LeftLowerArm"] = CFrame.new(-4.76837158203125e-07, -1.1920928955078125e-07, 1.4901161193847656e-07, 1, 1.4901011979873147e-08, 6.333062430030623e-08, 1.0430809993522416e-07, -0.7541422247886658, -0.6567109227180481, 4.470347292340193e-08, 0.656711220741272, -0.7541424036026001),
            ["LeftFoot"] = CFrame.new(-5.960464477539063e-08, 1.1920928955078125e-07, -3.3527612686157227e-08, 0.8447179794311523, -0.4836233854293823, -0.22927264869213104, 0.5220102667808533, 0.8390185236930847, 0.1534581333398819, 0.11813914775848389, -0.2493116408586502, 0.9611892700195312),
            ["RightHand"] = CFrame.new(3.986060619354248e-07, -1.1920928955078125e-07, -2.4586915969848633e-07, 0.8965262174606323, -0.33451494574546814, 0.29041457176208496, 0.16498245298862457, 0.8605466485023499, 0.48191317915916443, -0.4111224412918091, -0.38413456082344055, 0.826691746711731),
            ["HumanoidRootPart"] = CFrame.new(0, 0, 0, 1, 0, 0, 0, 1, 0, 0, 0, 1),
            ["RightLowerLeg"] = CFrame.new(-4.470348358154297e-08, -1.7881393432617188e-07, 5.960464477539063e-08, 1, -8.195615350814478e-07, -6.109506784923724e-07, 8.605422863183776e-07, 0.3197105824947357, 0.9475146532058716, -5.811454002468963e-07, -0.9475153684616089, 0.3197125494480133),
            ["LeftUpperLeg"] = CFrame.new(5.960464477539063e-08, 2.60770320892334e-08, 5.960464477539063e-08, 0.8595609068870544, 0.2550656497478485, -0.44282686710357666, -0.49908751249313354, 0.6052447557449341, -0.620146632194519, 0.1098485216498375, 0.7540691494941711, 0.6475511789321899),
            ["LeftLowerLeg"] = CFrame.new(0, -5.960464477539063e-08, -6.705522537231445e-08, 1, 3.6787224644285743e-07, 1.1920973008727742e-07, -5.21540641784668e-07, 0.8981772661209106, 0.4396313726902008, -6.705522537231445e-08, -0.43963345885276794, 0.8981783390045166),
            ["LowerTorso"] = CFrame.new(0.09235254675149918, -0.30701351165771484, 0.30815568566322327, 0.7754626274108887, -0.12060057371854782, 0.6197687387466431, 0.05659731850028038, 0.9909143447875977, 0.12200651317834854, -0.6288517117500305, -0.059534166008234024, 0.7752426862716675),
            ["Head"] = CFrame.new(-2.3283064365386963e-08, 2.384185791015625e-07, 1.1920928955078125e-07, 0.9734998941421509, 0.21534810960292816, 0.07696182280778885, -0.2112203687429428, 0.9756951332092285, -0.05835287272930145, -0.08765747398138046, 0.04055075719952583, 0.995324969291687),
            ["UpperTorso"] = CFrame.new(3.166496753692627e-08, 8.940696716308594e-08, 7.636845111846924e-08, 0.9998198747634888, -0.010591987520456314, -0.015750592574477196, 0.017197638750076294, 0.8566623330116272, 0.5155907869338989, 0.008031576871871948, -0.5157689452171326, 0.8566901683807373),
            ["LeftUpperArm"] = CFrame.new(0, -2.384185791015625e-07, 1.4901161193847656e-08, 0.9387446045875549, 0.3246057331562042, -0.11574328690767288, -0.2307574301958084, 0.3426305055618286, -0.9106962084770203, -0.25594866275787354, 0.8816096186637878, 0.3965299725532532),
            ["RightLowerArm"] = CFrame.new(-6.556510925292969e-07, 2.980232238769531e-07, -5.066394805908203e-07, 1, 4.4703021728764725e-08, -3.7253333751152695e-09, 7.450579886381092e-08, -0.734775722026825, -0.6783100366592407, -3.352760913344355e-08, 0.678310215473175, -0.734775960445404),
            ["LeftHand"] = CFrame.new(0, -5.960464477539062e-07, -1.9371509552001953e-07, 0.8493166565895081, -0.06605128198862076, 0.5237351655960083, 0.0548873171210289, 0.9978131055831909, 0.036834072321653366, -0.5250224471092224, -0.0025387790519744158, 0.8510844707489014),
            ["RightFoot"] = CFrame.new(1.4901161193847656e-08, 2.384185791015625e-07, -8.940696716308594e-08, 0.878163754940033, 0.07751988619565964, 0.4720374047756195, -0.09113378077745438, 0.9958202838897705, 0.006015591789036989, -0.46959882974624634, -0.048297636210918427, 0.8815580010414124),
            ["GunRightHand"] = CFrame.new(0.0025964081287384033, 0.31582021713256836, 0.03814054653048515, 0.4670717716217041, -0.8399659395217896, 0.2761995792388916, -0.8753865361213684, -0.48333582282066345, 0.01051388680934906, 0.12466918677091599, -0.24666543304920197, -0.9610428214073181),
            ["RightUpperLeg"] = CFrame.new(-8.940696716308594e-08, 2.582091838121414e-07, 1.7182901501655579e-07, 0.8498663306236267, -0.5073772668838501, 0.14243477582931519, 0.45037731528282166, 0.558929443359375, -0.6962443590164185, 0.2736559212207794, 0.6558706164360046, 0.7035311460494995),
            ["RightUpperArm"] = CFrame.new(0, 0, -1.9371509552001953e-07, 0.6487613320350647, -0.759572446346283, -0.04646999016404152, 0.7597576379776001, 0.6430232524871826, 0.09638519585132599, -0.04332651570439339, -0.09783095866441727, 0.9942587614059448),
        }},
        {Time = 0.267, Data = {
            ["LeftLowerArm"] = CFrame.new(2.384185791015625e-07, 2.980232238769531e-07, -2.980232238769531e-07, 1, -1.4901013756229986e-08, 7.823193470812839e-08, 8.940693874137651e-08, -0.7562851309776306, -0.6542419791221619, 1.043080928297968e-07, 0.654242217540741, -0.7562852501869202),
            ["LeftFoot"] = CFrame.new(-2.9802322387695312e-08, 1.7881393432617188e-07, -5.587935447692871e-08, 0.8475402593612671, -0.5144149661064148, -0.13060680031776428, 0.5289885997772217, 0.8387048840522766, 0.12938685715198517, 0.04297327250242233, -0.17874948680400848, 0.9829552173614502),
            ["RightHand"] = CFrame.new(-4.470348358154297e-08, -3.5762786865234375e-07, -2.7567148208618164e-07, 0.8998773694038391, -0.3507325053215027, 0.25924423336982727, 0.17846277356147766, 0.8384701013565063, 0.5148969292640686, -0.3979595899581909, -0.41707876324653625, 0.8171129822731018),
            ["HumanoidRootPart"] = CFrame.new(0, 0, 0, 1, 0, 0, 0, 1, 0, 0, 0, 1),
            ["RightLowerLeg"] = CFrame.new(-4.470348358154297e-08, -2.384185791015625e-07, -8.940696716308594e-08, 1, -0.0000032260891202895436, -0.000002351601779082557, 0.0000031441450119018555, 0.2810525596141815, 0.9596917629241943, -0.0000023543834686279297, -0.9596924781799316, 0.28105470538139343),
