return {
    ["Do The 'Split"] = {
        {Time = 0.000, Data = {
            ["RightFoot"] = CFrame.new(2.4400651454925537e-07, 0, 9.145878721028566e-09, 0.957952082157135, 0.1334325075149536, -0.2540149986743927, -0.23805536329746246, 0.8638231754302979, -0.44400376081466675, 0.1601794958114624, 0.4858037233352661, 0.8592654466629028),
            ["LeftLowerArm"] = CFrame.new(0.0000018775463104248047, -5.364418029785156e-07, 0.000004798173904418945, 1, 6.146728992462158e-08, -1.4901166522918174e-08, -2.421439049271612e-08, 0.012570289894938469, -0.9999210238456726, -3.166497108963995e-08, 0.9999210238456726, 0.01257029827684164),
            ["RightUpperArm"] = CFrame.new(0.008342623710632324, -0.06370460987091064, 0.06990561634302139, 0.19966085255146027, -0.0017420146614313126, 0.9798635840415955, 0.7619636058807373, 0.6290085315704346, -0.1541425883769989, -0.6160739064216614, 0.777396559715271, 0.12691564857959747),
            ["Head"] = CFrame.new(-1.1175870895385742e-08, -8.344650268554688e-07, -1.6763806343078613e-08, 0.9812748432159424, -0.02677716128528118, 0.19074249267578125, 0.018855154514312744, 0.9988874197006226, 0.04322657734155655, -0.19168776273727417, -0.038820937275886536, 0.9806879162788391),
            ["RightHand"] = CFrame.new(5.960464477539062e-07, 0.0000010728836059570312, -0.000001043081283569336, 0.9817442297935486, 0.13734647631645203, 0.13158318400382996, -0.11884541064500809, 0.9830748438835144, -0.13942648470401764, -0.14850616455078125, 0.1212431862950325, 0.9814510345458984),
            ["UpperTorso"] = CFrame.new(-5.3085386753082275e-08, 5.960464477539063e-08, -1.9063008949160576e-08, 0.951361894607544, 0.12786456942558289, -0.2802877426147461, -0.18674494326114655, 0.9629483819007874, -0.19456832110881805, 0.24502429366111755, 0.23744738101959229, 0.9399904012680054),
            ["HumanoidRootPart"] = CFrame.new(0, 0, 0, 1, 0, 0, 0, 1, 0, 0, 0, 1),
            ["RightUpperLeg"] = CFrame.new(-8.940696716308594e-08, -3.0547380447387695e-07, -7.620110409334302e-08, 0.9926981329917908, -0.05518369376659393, -0.10726278275251389, -0.0066020293161273, 0.8630322813987732, -0.5051058530807495, 0.12044483423233032, 0.50212562084198, 0.8563660383224487),
            ["LeftUpperArm"] = CFrame.new(0.07309585809707642, 0.01921522617340088, 0.07854948937892914, 0.11451376229524612, 0.3968205451965332, -0.9107250571250916, -0.9194263219833374, 0.3895215392112732, 0.05411427468061447, 0.3762206435203552, 0.8311477303504944, 0.40945276618003845),
            ["RightLowerArm"] = CFrame.new(8.344650268554688e-07, 5.960464477539062e-07, -0.000003844499588012695, 1, -0.000008035449354792945, 0.00001777708894223906, 0.00001898407754197251, 0.19625717401504517, -0.9805524945259094, 0.000004351138613856165, 0.9805524349212646, 0.1962573081254959),
            ["LeftHand"] = CFrame.new(-0.0000010617077350616455, -0.0000011920928955078125, 1.4156103134155273e-07, 0.9817984700202942, -0.15801838040351868, -0.10536599159240723, 0.1431674063205719, 0.9802926182746887, -0.13612359762191772, 0.1247996985912323, 0.1185610219836235, 0.9850728511810303),
            ["LeftFoot"] = CFrame.new(-1.0058283805847168e-07, -1.7881393432617188e-07, -1.4901161193847656e-08, 0.9401708245277405, -0.23090200126171112, 0.25052547454833984, 0.30528968572616577, 0.8973811268806458, -0.3185994327068329, -0.15125156939029694, 0.3760206699371338, 0.9141834378242493),
            ["LowerTorso"] = CFrame.new(0.05762147158384323, -0.23794198036193848, 0.17433087527751923, 0.9896889328956604, -0.12778468430042267, 0.06470665335655212, 0.11312270909547806, 0.9744324088096619, 0.1941257268190384, -0.08785855025053024, -0.1848042905330658, 0.9788402915000916),
            ["RightLowerLeg"] = CFrame.new(-4.656612873077393e-10, -0.0007262825965881348, 0.00004602672561304644, 1, 1.1362139673565252e-07, -1.1175869119028903e-08, -8.475035429000854e-08, 0.6517829298973083, 0.7584058046340942, 1.0058283805847168e-07, -0.7584056258201599, 0.651782751083374),
            ["LeftUpperLeg"] = CFrame.new(0, 1.4901161193847656e-08, -2.0489096641540527e-08, 0.9100044965744019, 0.4145844876766205, -0.003424346446990967, -0.27653810381889343, 0.6008005738258362, -0.7500438094139099, -0.3088991343975067, 0.683489978313446, 0.661379337310791),
            ["LeftLowerLeg"] = CFrame.new(7.450580596923828e-09, -0.0007265210151672363, 0.00008093565702438354, 1, 7.078052988163108e-08, 3.7252888773764425e-08, -7.450580596923828e-08, 0.45379936695098877, 0.8911039233207703, 5.960464477539063e-08, -0.8911039233207703, 0.45379939675331116),
        }},
        {Time = 0.033, Data = {
            ["RightFoot"] = CFrame.new(1.9650906324386597e-07, -1.7881393432617188e-07, 9.145878721028566e-09, 0.9570261240005493, 0.13573609292507172, -0.25627461075782776, -0.24607931077480316, 0.8476834297180176, -0.4699767529964447, 0.1534469574689865, 0.5128436088562012, 0.8446568846702576),
            ["LeftLowerArm"] = CFrame.new(0.000001519918441772461, -4.76837158203125e-07, 0.000004798173904418945, 1, 5.960465188081798e-08, -4.284085264316673e-08, -6.891787762697277e-08, 0.037299010902643204, -0.9993042349815369, -2.2351745343485163e-08, 0.9993041753768921, 0.03729897364974022),
            ["RightUpperArm"] = CFrame.new(0.006954789161682129, -0.0467149019241333, 0.07096733152866364, 0.28318387269973755, 0.04475821182131767, 0.9580206871032715, 0.6470938920974731, 0.7283592224121094, -0.22530485689640045, -0.7078675627708435, 0.6837320923805237, 0.1772969514131546),
            ["Head"] = CFrame.new(0, -5.960464477539062e-07, 1.862645149230957e-09, 0.9749714136123657, -0.019587477669119835, 0.22146590054035187, 0.010799645446240902, 0.9991081357002258, 0.040821537375450134, -0.22206789255142212, -0.03740815818309784, 0.9743133187294006),
            ["RightHand"] = CFrame.new(2.384185791015625e-07, 9.5367431640625e-07, -7.152557373046875e-07, 0.9378554224967957, 0.2102578580379486, 0.2760770916938782, -0.16823111474514008, 0.9712863564491272, -0.16822956502437592, -0.3035218417644501, 0.11133032292127609, 0.9462981820106506),
            ["UpperTorso"] = CFrame.new(-4.98257577419281e-08, 8.940696716308594e-08, -6.999471224844456e-08, 0.9324443340301514, 0.1779269576072693, -0.31446754932403564, -0.24752165377140045, 0.9485977292060852, -0.19721941649913788, 0.2632124423980713, 0.2617335617542267, 0.9285551905632019),
            ["HumanoidRootPart"] = CFrame.new(0, 0, 0, 1, 0, 0, 0, 1, 0, 0, 0, 1),
            ["RightUpperLeg"] = CFrame.new(2.9802322387695312e-08, 2.942979335784912e-07, -1.845910446718335e-08, 0.9923825860023499, -0.02632111683487892, -0.1203499585390091, -0.04454489052295685, 0.8341474533081055, -0.5497398376464844, 0.11485931277275085, 0.5509130954742432, 0.826620876789093),
            ["LeftUpperArm"] = CFrame.new(0.07137370109558105, 0.03245425224304199, 0.0792442113161087, 0.04242531210184097, 0.40720731019973755, -0.9123499393463135, -0.9069439768791199, 0.39876046776771545, 0.13580414652824402, 0.4191095232963562, 0.821688711643219, 0.3862317204475403),
            ["RightLowerArm"] = CFrame.new(2.980232238769531e-07, 7.152557373046875e-07, -0.000003866851329803467, 1, -0.0000074580329965101555, 0.000018112365069100633, 0.000019047412934014574, 0.1692216843366623, -0.9855780601501465, 0.0000043064364945166744, 0.9855780601501465, 0.16922160983085632),
            ["LeftHand"] = CFrame.new(-0.0000014603137969970703, -0.0000011920928955078125, 3.166496753692627e-07, 0.9841486811637878, -0.15251553058624268, -0.09049999713897705, 0.13981468975543976, 0.9811875820159912, -0.13312767446041107, 0.10910163074731827, 0.11836428940296173, 0.9869583249092102),
            ["LeftFoot"] = CFrame.new(1.862645149230957e-08, -5.960464477539063e-08, 8.195638656616211e-08, 0.9517061710357666, -0.23605284094810486, 0.19630089402198792, 0.29467320442199707, 0.8817756175994873, -0.3682934045791626, -0.08615681529045105, 0.4083516001701355, 0.9087496995925903),
            ["LowerTorso"] = CFrame.new(0.060515519231557846, -0.2801358699798584, 0.1714174598455429, 0.9843648672103882, -0.166226327419281, 0.058264099061489105, 0.14971554279327393, 0.9638481140136719, 0.22041377425193787, -0.09279630333185196, -0.20824453234672546, 0.9736648201942444),
            ["RightLowerLeg"] = CFrame.new(-8.847564458847046e-09, -0.0007263422012329102, 0.000046021137677598745, 1, 1.4808034620727994e-07, 2.0489096641540527e-08, -8.940698137394065e-08, 0.6010746359825134, 0.7991930246353149, 9.499491682163352e-08, -0.7991930246353149, 0.6010745167732239),
            ["LeftUpperLeg"] = CFrame.new(0, 2.7939677238464355e-07, -6.51925802230835e-08, 0.8804780840873718, 0.4733123183250427, -0.027092399075627327, -0.2943060100078583, 0.5008922815322876, -0.8139355778694153, -0.37167516350746155, 0.7246257066726685, 0.5803232192993164),
            ["LeftLowerLeg"] = CFrame.new(-7.450580596923828e-08, -0.0007265806198120117, 0.00008109956979751587, 1, 5.4016734196693506e-08, 1.1175870895385742e-07, -1.639127589214695e-07, 0.348637193441391, 0.9372578859329224, 8.940695295223122e-08, -0.9372578263282776, 0.3486369550228119),
        }},
        {Time = 0.067, Data = {
            ["RightFoot"] = CFrame.new(2.300366759300232e-07, 0, -1.3205863069742918e-08, 0.9565890431404114, 0.13755102455615997, -0.2569378614425659, -0.24958403408527374, 0.8418565392494202, -0.47852465510368347, 0.15048326551914215, 0.521878719329834, 0.8396411538124084),
            ["LeftLowerArm"] = CFrame.new(0.0000015497207641601562, -4.172325134277344e-07, 0.000004880130290985107, 1, 7.450581307466564e-08, -3.7252917195473856e-08, -1.1175872316471214e-07, 0.06202317029237747, -0.9980747103691101, -7.078052277620372e-08, 0.9980747699737549, 0.06202311813831329),
            ["RightUpperArm"] = CFrame.new(0.0020879507064819336, -0.040348172187805176, 0.06879356503486633, 0.3593456447124481, 0.07593633979558945, 0.930109977722168, 0.5205917954444885, 0.8108751177787781, -0.26733121275901794, -0.7745030522346497, 0.5802717804908752, 0.2518525719642639),
            ["Head"] = CFrame.new(3.725290298461914e-09, -9.5367431640625e-07, 6.51925802230835e-09, 0.9680177569389343, -0.007592220790684223, 0.2507666349411011, -0.0010549481958150864, 0.9994100332260132, 0.03432990610599518, -0.25087934732437134, -0.033496856689453125, 0.9674387574195862),
            ["RightHand"] = CFrame.new(1.4901161193847656e-07, 0.0000010728836059570312, -0.0000010505318641662598, 0.8680821061134338, 0.28200048208236694, 0.4085445702075958, -0.2087392359972, 0.9540448784828186, -0.21500355005264282, -0.45040151476860046, 0.10136153548955917, 0.8870540261268616),
            ["UpperTorso"] = CFrame.new(-5.494803190231323e-08, -3.8743019104003906e-07, -3.719469532370567e-08, 0.9156534075737, 0.20977188646793365, -0.34289154410362244, -0.28396275639533997, 0.9413236975669861, -0.1824139505624771, 0.2845067083835602, 0.26439666748046875, 0.9214935898780823),
            ["HumanoidRootPart"] = CFrame.new(0, 0, 0, 1, 0, 0, 0, 1, 0, 0, 0, 1),
            ["RightUpperLeg"] = CFrame.new(2.9802322387695312e-08, -1.1920928955078125e-07, 4.300818545743823e-08, 0.9916024208068848, -0.009035369381308556, -0.12900789082050323, -0.0660620853304863, 0.8221935033798218, -0.5653615593910217, 0.11117769032716751, 0.569136381149292, 0.8146921992301941),
            ["LeftUpperArm"] = CFrame.new(0.06578695774078369, 0.030081629753112793, 0.07592038810253143, -0.03541117161512375, 0.4168134033679962, -0.9083020687103271, -0.8888209462165833, 0.4023746848106384, 0.21929864585399628, 0.4568845331668854, 0.8150835633277893, 0.3562238812446594),
            ["RightLowerArm"] = CFrame.new(1.4901161193847656e-07, 5.364418029785156e-07, -0.0000038817524909973145, 1, -0.000007070600986480713, 0.000018194321455666795, 0.000019002705812454224, 0.1420811116695404, -0.9898550510406494, 0.000004380941390991211, 0.9898550510406494, 0.1420810967683792),
            ["LeftHand"] = CFrame.new(-0.0000013224780559539795, -0.0000013709068298339844, 3.241002559661865e-07, 0.9862637519836426, -0.1469036489725113, -0.07551901787519455, 0.1363077461719513, 0.9820701479911804, -0.13022451102733612, 0.09329555183649063, 0.11814197897911072, 0.9886043071746826),
            ["LeftFoot"] = CFrame.new(2.9802322387695312e-08, -2.384185791015625e-07, 7.450580596923828e-09, 0.9660139679908752, -0.22809837758541107, 0.12160718441009521, 0.2582765817642212, 0.8708546161651611, -0.4182169437408447, -0.010507386177778244, 0.43541184067726135, 0.9001702666282654),
            ["LowerTorso"] = CFrame.new(0.06178645044565201, -0.3005180358886719, 0.17053692042827606, 0.9805763363838196, -0.18845048546791077, 0.05437313765287399, 0.17144325375556946, 0.9581847786903381, 0.22910518944263458, -0.09527450054883957, -0.2153332531452179, 0.9718818664550781),
            ["RightLowerLeg"] = CFrame.new(-5.3085386753082275e-08, -0.0007264018058776855, 0.00004608353629009798, 1, 1.322478624388168e-07, 7.450581485102248e-09, -4.563479905073109e-08, 0.579376220703125, 0.8150604367256165, 1.0989604959377175e-07, -0.8150603771209717, 0.5793759226799011),
            ["LeftUpperLeg"] = CFrame.new(-8.940696716308594e-08, -2.5331974029541016e-07, 5.587935447692871e-09, 0.84644615650177, 0.532473623752594, 0.0008295252919197083, -0.28318294882774353, 0.45147955417633057, -0.8461521863937378, -0.4509282112121582, 0.715987503528595, 0.5329407453536987),
            ["LeftLowerLeg"] = CFrame.new(-2.2351741790771484e-08, -0.0007265806198120117, 0.0000810772180557251, 1, 7.450579886381092e-08, 4.4703494239684005e-08, -7.450579886381092e-08, 0.31375059485435486, 0.9495055079460144, 4.470347647611561e-08, -0.9495054483413696, 0.3137507140636444),
        }},
        {Time = 0.100, Data = {
            ["RightFoot"] = CFrame.new(1.7508864402770996e-07, -2.384185791015625e-07, -5.045876605436206e-08, 0.9575244188308716, 0.13939274847507477, -0.2524215281009674, -0.2458139806985855, 0.8522171974182129, -0.46184587478637695, 0.15074007213115692, 0.5042773485183716, 0.8502833247184753),
            ["LeftLowerArm"] = CFrame.new(0.0000013113021850585938, -3.5762786865234375e-07, 0.000004664063453674316, 1, 6.332992796842518e-08, -3.72529100900465e-08, -7.82310962677002e-08, 0.01943000964820385, -0.9998112916946411, -6.705522537231445e-08, 0.9998112916946411, 0.019430004060268402),
            ["RightUpperArm"] = CFrame.new(-0.003946781158447266, -0.02487170696258545, 0.06178659945726395, 0.33671990036964417, 0.06044143810868263, 0.9396629333496094, 0.5809663534164429, 0.7720076441764832, -0.2578417658805847, -0.7410113215446472, 0.6327331066131592, 0.2248360812664032),
            ["Head"] = CFrame.new(0, -5.960464477539062e-07, -3.725290298461914e-09, 0.9738817811012268, -0.021486453711986542, 0.22603677213191986, 0.007001306861639023, 0.9978808760643005, 0.06469028443098068, -0.2269478589296341, -0.061418335884809494, 0.971968412399292),
            ["RightHand"] = CFrame.new(4.172325134277344e-07, 9.5367431640625e-07, -9.08970832824707e-07, 0.8685857057571411, 0.27404919266700745, 0.4128624498844147, -0.20185895264148712, 0.9565747976303101, -0.21028032898902893, -0.45256146788597107, 0.09930653870105743, 0.8861867189407349),
            ["UpperTorso"] = CFrame.new(1.4435499906539917e-08, -4.470348358154297e-07, 2.954038791358471e-08, 0.9386879801750183, 0.1702917218208313, -0.2997758388519287, -0.23704034090042114, 0.9501625895500183, -0.2024918794631958, 0.25035300850868225, 0.26113566756248474, 0.9322723150253296),
            ["HumanoidRootPart"] = CFrame.new(0, 0, 0, 1, 0, 0, 0, 1, 0, 0, 0, 1),
            ["RightUpperLeg"] = CFrame.new(2.9802322387695312e-08, -2.551823854446411e-07, 5.790934665128589e-08, 0.9945855736732483, -0.032675087451934814, -0.09865028411149979, -0.02921971119940281, 0.8230576515197754, -0.5672060251235962, 0.09972837567329407, 0.5670173168182373, 0.817646324634552),
            ["LeftUpperArm"] = CFrame.new(0.05817139148712158, 0.02077639102935791, 0.06569171696901321, 0.003075814340263605, 0.39809900522232056, -0.91733717918396, -0.9129595756530762, 0.3754301965236664, 0.15986531972885132, 0.4080384075641632, 0.8370002508163452, 0.3646032214164734),
            ["RightLowerArm"] = CFrame.new(7.152557373046875e-07, 2.384185791015625e-07, -0.000003993511199951172, 1, -0.000007867814019846264, 0.000017814345483202487, 0.000018998982341145165, 0.19091016054153442, -0.9816074967384338, 0.0000043064360397693235, 0.9816074967384338, 0.190910205245018),
            ["LeftHand"] = CFrame.new(-0.0000014994293451309204, -0.0000012516975402832031, 9.685754776000977e-08, 0.987581729888916, -0.1488916575908661, -0.05013567954301834, 0.1414724886417389, 0.9815874099731445, -0.12834274768829346, 0.06832177937030792, 0.11965622752904892, 0.9904618263244629),
            ["LeftFoot"] = CFrame.new(2.2351741790771484e-08, -5.960464477539063e-08, -3.725290298461914e-08, 0.9730334877967834, -0.21610717475414276, 0.08064562827348709, 0.23023444414138794, 0.8885951638221741, -0.3967251777648926, 0.014073911122977734, 0.40459421277046204, 0.9143880605697632),
            ["LowerTorso"] = CFrame.new(0.05572711303830147, -0.27571916580200195, 0.17073871195316315, 0.987554132938385, -0.15239641070365906, 0.038886550813913345, 0.13988669216632843, 0.9640912413597107, 0.22574283182621002, -0.07189257442951202, -0.21749354898929596, 0.9734105467796326),
            ["RightLowerLeg"] = CFrame.new(-1.3923272490501404e-07, -0.0007261037826538086, 0.00004598947271006182, 1, 1.192093463942001e-07, -2.7939687896605392e-08, -1.0337681999317283e-07, 0.5941909551620483, 0.8043241500854492, 8.754432911928234e-08, -0.8043239712715149, 0.5941909551620483),
            ["LeftUpperLeg"] = CFrame.new(0, -4.6193599700927734e-07, 5.4016709327697754e-08, 0.8364338278770447, 0.5394712686538696, 0.09669137001037598, -0.2307494878768921, 0.5066583156585693, -0.8306936621665955, -0.4971248507499695, 0.6725088953971863, 0.5482689142227173),
            ["LeftLowerLeg"] = CFrame.new(1.564621925354004e-07, -0.0007264614105224609, 0.00008112192153930664, 1, 8.195638656616211e-08, 5.960463766996327e-08, -7.450580596923828e-08, 0.37575221061706543, 0.9267203211784363, 7.450580596923828e-08, -0.926720142364502, 0.37575188279151917),
        }},
        {Time = 0.133, Data = {
            ["RightFoot"] = CFrame.new(2.123415470123291e-07, -1.7881393432617188e-07, -4.300818545743823e-08, 0.9603289365768433, 0.14269959926605225, -0.23959387838840485, -0.24143269658088684, 0.8554211258888245, -0.45821982622146606, 0.1395658254623413, 0.4978872239589691, 0.855937659740448),
            ["LeftLowerArm"] = CFrame.new(6.556510925292969e-07, -1.7881393432617188e-07, 0.000004850327968597412, 1, 2.4214383387288763e-08, -3.864989039925604e-08, -7.590278272573414e-08, -0.060758691281080246, -0.998152494430542, -3.352760913344355e-08, 0.998152494430542, -0.060758717358112335),
            ["RightUpperArm"] = CFrame.new(-0.019849121570587158, -0.005109906196594238, 0.05244155600667, 0.2843198776245117, 0.01894279196858406, 0.9585424065589905, 0.6931490898132324, 0.6866649985313416, -0.21916963160037994, -0.662349283695221, 0.7267271876335144, 0.1821022629737854),
            ["Head"] = CFrame.new(-1.862645149230957e-09, -7.152557373046875e-07, -6.05359673500061e-09, 0.9835139513015747, -0.025499433279037476, 0.17902551591396332, 0.0034943395294249058, 0.9925031065940857, 0.12217000871896744, -0.18079864978790283, -0.11953028291463852, 0.9762296676635742),
            ["RightHand"] = CFrame.new(2.682209014892578e-07, 0.0000010728836059570312, -5.364418029785156e-07, 0.8683923482894897, 0.25966212153434753, 0.42245709896087646, -0.1889520138502121, 0.9609367251396179, -0.20223240554332733, -0.4584670662879944, 0.0957929790019989, 0.8835338354110718),
            ["UpperTorso"] = CFrame.new(9.546056389808655e-09, 8.940696716308594e-08, 3.5390257835388184e-08, 0.979112446308136, 0.011675656773149967, -0.20298409461975098, -0.06258825957775116, 0.9671788811683655, -0.24626792967319489, 0.19344662129878998, 0.25382816791534424, 0.9477075338363647),
            ["HumanoidRootPart"] = CFrame.new(0, 0, 0, 1, 0, 0, 0, 1, 0, 0, 0, 1),
            ["RightUpperLeg"] = CFrame.new(0, 9.592622518539429e-08, -2.6841007638722658e-08, 0.9903713464736938, -0.13807588815689087, -0.009983927011489868, 0.10518096387386322, 0.7973941564559937, -0.5942220091819763, 0.09000886976718903, 0.5874502062797546, 0.8042392134666443),
            ["LeftUpperArm"] = CFrame.new(0.041188180446624756, 0.0051593780517578125, 0.05308912694454193, 0.08256039768457413, 0.3591209053993225, -0.9296322464942932, -0.9472296237945557, 0.3181993067264557, 0.03879854455590248, 0.3097416162490845, 0.8773718476295471, 0.36644068360328674),
            ["RightLowerArm"] = CFrame.new(2.682209014892578e-07, 1.1920928955078125e-07, -0.0000037401914596557617, 1, -0.000009501352906227112, 0.00001701712972135283, 0.00001895055356726516, 0.28029996156692505, -0.9599125385284424, 0.0000043958430069324095, 0.9599124789237976, 0.2802999019622803),
            ["LeftHand"] = CFrame.new(-0.0000014561228454113007, -0.0000011920928955078125, 8.568167686462402e-08, 0.987617552280426, -0.14148251712322235, 0.0677807480096817, 0.14861924946308136, 0.9821345806121826, -0.11543045192956924, -0.05023849382996559, 0.12407471239566803, 0.9910002946853638),
            ["LeftFoot"] = CFrame.new(-5.960464477539063e-08, 0, 1.4901161193847656e-08, 0.9753047227859497, -0.20243293046951294, 0.08832726627588272, 0.22015586495399475, 0.9230440258979797, -0.31546953320503235, -0.017668571323156357, 0.3271249234676361, 0.9448161125183105),
            ["LowerTorso"] = CFrame.new(0.04769516363739967, -0.2242887020111084, 0.1715022176504135, 0.9996806383132935, -0.01852218620479107, 0.017197120934724808, 0.014361618086695671, 0.9761694669723511, 0.2165341079235077, -0.020797986537218094, -0.21621792018413544, 0.9761236906051636),
            ["RightLowerLeg"] = CFrame.new(-2.3283064365386963e-08, -0.0007263422012329102, 0.00004612358316080645, 1, 9.499494524334295e-08, -1.1175870895385742e-08, -6.70552182668871e-08, 0.5702331066131592, 0.8214830160140991, 1.0523943672069436e-07, -0.8214830160140991, 0.5702329874038696),
            ["LeftUpperLeg"] = CFrame.new(0, 9.313225746154785e-08, 9.313225746154785e-09, 0.8558979034423828, 0.43009865283966064, 0.2871480882167816, -0.10935334861278534, 0.693222165107727, -0.7123799324035645, -0.5054509043693542, 0.5783237218856812, 0.6403599381446838),
            ["LeftLowerLeg"] = CFrame.new(1.6391277313232422e-07, -0.0007264614105224609, 0.00008090585470199585, 1, 1.0523942250983964e-07, -2.9802322387695312e-08, -1.043081283569336e-07, 0.5737772583961487, 0.8190113306045532, 3.725290298461914e-08, -0.819011390209198, 0.573777437210083),
        }},
        {Time = 0.167, Data = {
            ["RightFoot"] = CFrame.new(1.471489667892456e-07, -5.960464477539063e-08, 3.894820110872388e-08, 0.9635946750640869, 0.15594834089279175, -0.21717575192451477, -0.23909229040145874, 0.8661565780639648, -0.4388715326786041, 0.1196669340133667, 0.4748189449310303, 0.8719097375869751),
            ["LeftLowerArm"] = CFrame.new(0.000002205371856689453, -4.172325134277344e-07, 0.000004723668098449707, 1, 3.166496753692627e-08, -7.357449760547752e-08, -9.499491682163352e-08, -0.10660383105278015, -0.9943016171455383, -1.4901162970204496e-08, 0.9943015575408936, -0.10660386830568314),
            ["RightUpperArm"] = CFrame.new(-0.042906105518341064, 0.020281195640563965, 0.04161785915493965, 0.20800712704658508, -0.045779772102832794, 0.9770554900169373, 0.7804009914398193, 0.6099600791931152, -0.13756141066551208, -0.5896672606468201, 0.7911087274551392, 0.1626024693250656),
            ["Head"] = CFrame.new(0, -7.152557373046875e-07, 2.7939677238464355e-09, 0.9906482100486755, -0.01201724074780941, 0.13591064512729645, -0.008441546931862831, 0.9888071417808533, 0.14896059036254883, -0.13617947697639465, -0.1487150937318802, 0.9794586300849915),
            ["RightHand"] = CFrame.new(4.917383193969727e-07, 0.0000010728836059570312, -6.556510925292969e-07, 0.8693674802780151, 0.2507267892360687, 0.42583557963371277, -0.18132247030735016, 0.9634698629379272, -0.1970992088317871, -0.45969823002815247, 0.0941382348537445, 0.8830718994140625),
            ["UpperTorso"] = CFrame.new(1.3969838619232178e-09, 0, 4.068715497851372e-08, 0.9862232208251953, -0.1290120929479599, -0.10353673249483109, 0.09979096055030823, 0.9631845355033875, -0.24963414669036865, 0.1319308876991272, 0.2358630746603012, 0.9627891182899475),
            ["HumanoidRootPart"] = CFrame.new(0, 0, 0, 1, 0, 0, 0, 1, 0, 0, 0, 1),
            ["RightUpperLeg"] = CFrame.new(5.960464477539063e-08, -2.9802322387695312e-08, 7.560447556897998e-08, 0.9691897630691528, -0.23324982821941376, 0.07915603369474411, 0.23167042434215546, 0.7540573477745056, -0.6145944595336914, 0.08366585522890091, 0.6139968633651733, 0.7848618626594543),
            ["LeftUpperArm"] = CFrame.new(0.018834710121154785, -0.017148971557617188, 0.03993639349937439, 0.1746874451637268, 0.30813175439834595, -0.9351680278778076, -0.9580793380737305, 0.27224186062812805, -0.08926530182361603, 0.22708649933338165, 0.9115586280822754, 0.3427717685699463),
            ["RightLowerArm"] = CFrame.new(1.7881393432617188e-07, 0, -0.0000037550926208496094, 1, -0.000010360028682043776, 0.00001651049024076201, 0.000018928198187495582, 0.32748275995254517, -0.9448572397232056, 0.0000043585891944530886, 0.944857120513916, 0.32748284935951233),
            ["LeftHand"] = CFrame.new(-0.0000017918646335601807, -0.0000011920928955078125, 2.0489096641540527e-07, 0.9817214608192444, -0.13716882467269897, 0.1319376826286316, 0.1518276333808899, 0.9824548363685608, -0.10830961912870407, -0.11476635187864304, 0.12636172771453857, 0.9853230714797974),
            ["LeftFoot"] = CFrame.new(6.705522537231445e-08, -1.7881393432617188e-07, 1.4901161193847656e-08, 0.9759030938148499, -0.19529134035110474, 0.09733737260103226, 0.21198241412639618, 0.9542872905731201, -0.21071133017539978, -0.0517377108335495, 0.2262677550315857, 0.9726901650428772),
            ["LowerTorso"] = CFrame.new(0.03929198533296585, -0.18145787715911865, 0.17331568896770477, 0.994655191898346, 0.10301212966442108, -0.007039470598101616, -0.0995146632194519, 0.9745962619781494, 0.20064662396907806, 0.027529673650860786, -0.19887368381023407, 0.979638397693634),
            ["RightLowerLeg"] = CFrame.new(-1.0896474123001099e-07, -0.0007261037826538086, 0.00004608865856425837, 1, 1.2293466511437146e-07, 1.4901164746561335e-08, -7.264316082000732e-08, 0.5263566374778748, 0.8502640724182129, 8.754432201385498e-08, -0.8502639532089233, 0.5263564586639404),
            ["LeftUpperLeg"] = CFrame.new(2.9802322387695312e-08, -2.5704503059387207e-07, 2.3050233721733093e-08, 0.8572100400924683, 0.28291282057762146, 0.43029215931892395, -0.00806401390582323, 0.8428442478179932, -0.5380970239639282, -0.5149037837982178, 0.45779240131378174, 0.7247760891914368),
            ["LeftLowerLeg"] = CFrame.new(7.450580596923828e-08, -0.0007265806198120117, 0.00008103251457214355, 1, 5.960465188081798e-08, 1.1175872671742582e-08, -2.9802322387695312e-08, 0.7613608837127686, 0.6483284831047058, 4.470348358154297e-08, -0.6483284831047058, 0.7613608837127686),
        }},
        {Time = 0.200, Data = {
            ["RightFoot"] = CFrame.new(2.0116567611694336e-07, -1.1920928955078125e-07, -3.55576048605144e-08, 0.9698317050933838, 0.1701499968767166, -0.17457255721092224, -0.22708173096179962, 0.8910117745399475, -0.3931053578853607, 0.08865940570831299, 0.4208882451057434, 0.9027694463729858),
            ["LeftLowerArm"] = CFrame.new(5.066394805908203e-07, -3.5762786865234375e-07, 0.00000467151403427124, 1, 1.4901159417490817e-08, -6.798655505235729e-08, -7.823110337312755e-08, -0.11034456640481949, -0.9938933849334717, 1.862645326866641e-08, 0.9938933849334717, -0.11034451425075531),
            ["RightUpperArm"] = CFrame.new(-0.08304542303085327, 0.06427264213562012, 0.03152789920568466, 0.10158885270357132, -0.11314096301794052, 0.9883718490600586, 0.8163077235221863, 0.5773425102233887, -0.017813945189118385, -0.5686137080192566, 0.808625340461731, 0.15100932121276855),
            ["Head"] = CFrame.new(1.7695128917694092e-08, -2.384185791015625e-07, 1.4202669262886047e-08, 0.9955277442932129, 0.021188152953982353, 0.09206268936395645, -0.031650837510824203, 0.9930089116096497, 0.1137172132730484, -0.0890096053481102, -0.11612267047166824, 0.9892385601997375),
            ["RightHand"] = CFrame.new(5.401670932769775e-07, 0.0000011324882507324219, -0.0000010132789611816406, 0.8712093234062195, 0.2493099421262741, 0.42289310693740845, -0.18072427809238434, 0.9638274312019348, -0.1958964467048645, -0.45643529295921326, 0.0942399650812149, 0.8847519755363464),
            ["UpperTorso"] = CFrame.new(0, -8.940696716308594e-08, -4.7963112592697144e-08, 0.9848464131355286, -0.1725328117609024, -0.01760694570839405, 0.16441592574119568, 0.9611423015594482, -0.2217496931552887, 0.055181946605443954, 0.2154945284128189, 0.9749447107315063),
            ["HumanoidRootPart"] = CFrame.new(0, 0, 0, 1, 0, 0, 0, 1, 0, 0, 0, 1),
            ["RightUpperLeg"] = CFrame.new(2.9802322387695312e-08, -1.1920928955078125e-07, -2.9634975362569094e-08, 0.9555874466896057, -0.27167782187461853, 0.11420948058366776, 0.28215715289115906, 0.7315093874931335, -0.6207104921340942, 0.08508794754743576, 0.6253681778907776, 0.7756770253181458),
            ["LeftUpperArm"] = CFrame.new(-0.01206362247467041, -0.07116270065307617, 0.027150114998221397, 0.27041998505592346, 0.2499745786190033, -0.9297236204147339, -0.9435998797416687, 0.2604353129863739, -0.20443256199359894, 0.19102993607521057, 0.9325697422027588, 0.3063028156757355),
            ["RightLowerArm"] = CFrame.new(2.980232238769531e-07, 4.76837158203125e-07, -0.000004172325134277344, 1, -0.000010333956197428051, 0.00001646578857616987, 0.000018972905309055932, 0.3266066610813141, -0.945160448551178, 0.00000433810100730625, 0.9451603889465332, 0.3266066312789917),
            ["LeftHand"] = CFrame.new(-0.0000018030405044555664, -0.0000011920928955078125, 2.4586915969848633e-07, 0.9863573312759399, -0.14601902663707733, 0.07601146399974823, 0.15414872765541077, 0.9813103079795837, -0.11518815159797668, -0.05777125060558319, 0.12533371150493622, 0.9904312491416931),
            ["LeftFoot"] = CFrame.new(-7.450580596923828e-09, -1.1920928955078125e-07, -2.9802322387695312e-08, 0.9747873544692993, -0.19303743541240692, 0.11192118376493454, 0.2081686109304428, 0.9673405885696411, -0.1446310579776764, -0.08034662157297134, 0.16428303718566895, 0.9831356406211853),
            ["LowerTorso"] = CFrame.new(0.026600725948810577, -0.15553557872772217, 0.1751241236925125, 0.9881018996238708, 0.14817333221435547, -0.04122459143400192, -0.13819263875484467, 0.9729906916618347, 0.18491114675998688, 0.06751004606485367, -0.17701411247253418, 0.9818903207778931),
            ["RightLowerLeg"] = CFrame.new(-6.332993507385254e-08, -0.0007262825965881348, 0.000046058390580583364, 1, 1.5273697329121205e-07, -7.450585037815927e-09, -8.195639367158947e-08, 0.5148881673812866, 0.8572571873664856, 1.136213683139431e-07, -0.8572574257850647, 0.5148884654045105),
            ["LeftUpperLeg"] = CFrame.new(-8.940696716308594e-08, 2.9802322387695312e-08, -6.332993507385254e-08, 0.8497851490974426, 0.21067991852760315, 0.4831969738006592, 0.022141672670841217, 0.9015821218490601, -0.4320410192012787, -0.5266640782356262, 0.3778407573699951, 0.761486291885376),
            ["LeftLowerLeg"] = CFrame.new(2.9802322387695312e-08, -0.0007267594337463379, 0.00008097663521766663, 1, 1.0430811414607888e-07, -2.607702498380604e-08, -5.2154071283894154e-08, 0.839012622833252, 0.5441118478775024, 3.725290653733282e-08, -0.5441120862960815, 0.8390126824378967),
        }},
        {Time = 0.233, Data = {
            ["RightFoot"] = CFrame.new(1.043081283569336e-07, -2.384185791015625e-07, -4.300818545743823e-08, 0.9770421981811523, 0.1752292662858963, -0.1211743876338005, -0.2064584493637085, 0.919107973575592, -0.3355824053287506, 0.05256849527359009, 0.35289570689201355, 0.9341847896575928),
            ["LeftLowerArm"] = CFrame.new(0.0000011324882507324219, -1.7881393432617188e-07, 0.000004455447196960449, 1, 3.5390254282674505e-08, -8.661300654466686e-08, -8.568166975919667e-08, -0.11201905459165573, -0.9937060475349426, 5.960463766996327e-08, 0.9937060475349426, -0.11201907694339752),
            ["RightUpperArm"] = CFrame.new(-0.1131671667098999, 0.0913999080657959, 0.02301299199461937, -0.00982030387967825, -0.17265090346336365, 0.9849342107772827, 0.823474109172821, 0.5573800802230835, 0.10591461509466171, -0.5672689080238342, 0.8121078610420227, 0.1366998702287674),
            ["Head"] = CFrame.new(-1.3969838619232178e-08, -7.152557373046875e-07, 1.0477378964424133e-08, 0.9969645142555237, 0.05798443406820297, 0.05195800960063934, -0.060883793979883194, 0.996568500995636, 0.05607447400689125, -0.04852823168039322, -0.059067871421575546, 0.997073769569397),
            ["RightHand"] = CFrame.new(-8.149072527885437e-09, 9.5367431640625e-07, -6.109476089477539e-07, 0.8731233477592468, 0.24870428442955017, 0.4192867577075958, -0.18088290095329285, 0.9639570713043213, -0.19511070847511292, -0.45269981026649475, 0.09451411664485931, 0.8866399526596069),
            ["UpperTorso"] = CFrame.new(-5.681067705154419e-08, -4.172325134277344e-07, 5.075708031654358e-08, 0.9829258918762207, -0.17461690306663513, 0.0580143928527832, 0.1826947033405304, 0.9636812210083008, -0.19478477537631989, -0.021894698962569237, 0.20205800235271454, 0.979128897190094),
            ["HumanoidRootPart"] = CFrame.new(0, 0, 0, 1, 0, 0, 0, 1, 0, 0, 0, 1),
            ["RightUpperLeg"] = CFrame.new(-2.9802322387695312e-08, -4.5821070671081543e-07, 6.16346369497478e-08, 0.9513753652572632, -0.28419822454452515, 0.11881275475025177, 0.2936962842941284, 0.7205926179885864, -0.6280834674835205, 0.09288462996482849, 0.6324378252029419, 0.7690219283103943),
            ["LeftUpperArm"] = CFrame.new(-0.029058218002319336, -0.11386919021606445, 0.018251288682222366, 0.36423030495643616, 0.19536271691322327, -0.9105876684188843, -0.9140349626541138, 0.26243138313293457, -0.3093055784702301, 0.17854009568691254, 0.9449673891067505, 0.2741536796092987),
            ["RightLowerArm"] = CFrame.new(4.172325134277344e-07, 5.364418029785156e-07, -0.0000039637088775634766, 1, -0.00001023709774017334, 0.00001660548514337279, 0.000018988272131537087, 0.320656418800354, -0.9471956491470337, 0.000004360452749097021, 0.9471955895423889, 0.32065629959106445),
            ["LeftHand"] = CFrame.new(-0.0000013560056686401367, -0.0000011920928955078125, 2.1047890186309814e-07, 0.9864102005958557, -0.16178570687770844, -0.02864152193069458, 0.15682588517665863, 0.9790976643562317, -0.12951286137104034, 0.04899628087878227, 0.12326110899448395, 0.9911640286445618),
            ["LeftFoot"] = CFrame.new(-1.0803341865539551e-07, -1.1920928955078125e-07, -7.450580596923828e-09, 0.9725594520568848, -0.20042651891708374, 0.11814210563898087, 0.2096930742263794, 0.9751167893409729, -0.07194570451974869, -0.10078230500221252, 0.09474501013755798, 0.990386962890625),
            ["LowerTorso"] = CFrame.new(0.01717124879360199, -0.13630914688110352, 0.17643912136554718, 0.984131395816803, 0.1591196358203888, -0.078527070581913, -0.14370115101337433, 0.9743202328681946, 0.17334990203380585, 0.10409389436244965, -0.15931466221809387, 0.9817246794700623),
            ["RightLowerLeg"] = CFrame.new(-4.470348358154297e-08, -0.0007263422012329102, 0.000046107750677037984, 1, 1.043081780949251e-07, 2.2351748896198842e-08, -8.195637946073475e-08, 0.5196295380592346, 0.8543915748596191, 1.0803340444454079e-07, -0.8543917536735535, 0.5196297764778137),
            ["LeftUpperLeg"] = CFrame.new(-5.960464477539063e-08, -6.202608346939087e-07, 2.9802322387695312e-08, 0.8435693383216858, 0.21535968780517578, 0.4919460415840149, 0.01848849654197693, 0.9038764238357544, -0.4273940920829773, -0.5367019176483154, 0.36963194608688354, 0.7585007548332214),
            ["LeftLowerLeg"] = CFrame.new(8.195638656616211e-08, -0.0007267594337463379, 0.00008100271224975586, 1, 2.2351734685344127e-08, 1.4901157641133977e-08, -6.70552182668871e-08, 0.8233789801597595, 0.5674921274185181, 8.195637946073475e-08, -0.567491888999939, 0.8233789205551147),
        }},
        {Time = 0.267, Data = {
            ["RightFoot"] = CFrame.new(5.21540641784668e-08, -1.1920928955078125e-07, -2.8107024263590574e-08, 0.9803211688995361, 0.1732458919286728, -0.09463806450366974, -0.19434213638305664, 0.9311403632164001, -0.30855950713157654, 0.03466468304395676, 0.3208794593811035, 0.9464855194091797),
            ["LeftLowerArm"] = CFrame.new(0.0000014901161193847656, -2.980232238769531e-07, 0.000004693865776062012, 1, -1.4901157641133977e-08, -1.1175870895385742e-07, -8.195638656616211e-08, -0.11241825670003891, -0.9936609864234924, -7.450580596923828e-09, 0.9936609864234924, -0.11241824924945831),
            ["RightUpperArm"] = CFrame.new(-0.1156390905380249, 0.09297537803649902, 0.018635734915733337, -0.045280057936906815, -0.1967349648475647, 0.9794105887413025, 0.8257127404212952, 0.5444543957710266, 0.147539421916008, -0.5622707009315491, 0.8153924345970154, 0.1377936750650406),
            ["Head"] = CFrame.new(1.909211277961731e-08, -7.152557373046875e-07, -2.3050233721733093e-08, 0.9966473579406738, 0.07391409575939178, 0.03508254885673523, -0.07487554103136063, 0.996829092502594, 0.026933643966913223, -0.03298052400350571, -0.029470335692167282, 0.9990214705467224),
            ["RightHand"] = CFrame.new(1.2852251529693604e-07, 0.0000011920928955078125, -7.450580596923828e-07, 0.8751997947692871, 0.2497280091047287, 0.4143199324607849, -0.18257585167884827, 0.9636296629905701, -0.19515149295330048, -0.44798603653907776, 0.09515203535556793, 0.8889628648757935),
            ["UpperTorso"] = CFrame.new(-5.494803190231323e-08, 3.2782554626464844e-07, 8.614733815193176e-08, 0.9809898734092712, -0.17128202319145203, 0.0912213996052742, 0.1856573522090912, 0.9651803374290466, -0.18427763879299164, -0.05648168548941612, 0.19771045446395874, 0.9786319732666016),
            ["HumanoidRootPart"] = CFrame.new(0, 0, 0, 1, 0, 0, 0, 1, 0, 0, 0, 1),
            ["RightUpperLeg"] = CFrame.new(-8.940696716308594e-08, 2.2351741790771484e-07, 3.183231456205249e-08, 0.9507111310958862, -0.28721997141838074, 0.1168469786643982, 0.2941174805164337, 0.7159570455551147, -0.6331670880317688, 0.09820084273815155, 0.6363255977630615, 0.7651445865631104),
            ["LeftUpperArm"] = CFrame.new(-0.030713558197021484, -0.11585628986358643, 0.014681484550237656, 0.4111510217189789, 0.15341416001319885, -0.8985649347305298, -0.882581353187561, 0.31359589099884033, -0.35029664635658264, 0.22804594039916992, 0.937081515789032, 0.2643358111381531),
            ["RightLowerArm"] = CFrame.new(4.76837158203125e-07, 5.960464477539062e-07, -0.00000356137752532959, 1, -0.000009890643013932277, 0.000016758220226620324, 0.000018983149857376702, 0.3043377697467804, -0.9525642991065979, 0.000004336238362157019, 0.9525641798973083, 0.3043377101421356),
            ["LeftHand"] = CFrame.new(-0.0000016391277313232422, -0.0000014901161193847656, 1.1175870895385742e-07, 0.9817480444908142, -0.17020674049854279, -0.08485478907823563, 0.15759244561195374, 0.9778083562850952, -0.13804209232330322, 0.10646753758192062, 0.12215006351470947, 0.986784815788269),
            ["LeftFoot"] = CFrame.new(-6.705522537231445e-08, -1.1920928955078125e-07, 7.450580596923828e-09, 0.9708154797554016, -0.20919620990753174, 0.11727863550186157, 0.21299226582050323, 0.9768350124359131, -0.02068399451673031, -0.11023476719856262, 0.04505974054336548, 0.9928836822509766),
