return {
    ["Do That Thang"] = {
        {Time = 0.000, Data = {
            ["RightFoot"] = CFrame.new(4.470348358154297e-08, 2.980232238769531e-07, 3.053355612792075e-08, 0.9357597827911377, 0.2813616394996643, -0.21257774531841278, -0.151883065700531, 0.8656152486801147, 0.47711822390556335, 0.31825321912765503, -0.4141811728477478, 0.8527420163154602),
            ["LeftLowerArm"] = CFrame.new(2.384185791015625e-07, -5.960464477539063e-08, 2.3469328880310059e-07, 1, 1.4901161193847656e-07, 1.4901154088420299e-08, 1.639127589214695e-07, 0.1599361002445221, -0.9871273040771484, -5.587934559514451e-09, 0.9871273636817932, 0.15993647277355194),
            ["RightUpperArm"] = CFrame.new(-0.001929640769958496, 0.00397801399230957, 0.018283113837242126, 0.7202218770980835, -0.6853439807891846, 0.10762996971607208, 0.6281452178955078, 0.710077166557312, 0.31815654039382935, -0.2944725751876831, -0.1615363359451294, 0.9419087767601013),
            ["Head"] = CFrame.new(-5.960464477539063e-08, 1.1920928955078125e-07, 2.9802322387695312e-08, 0.9250109791755676, -0.19783054292201996, 0.3243730366230011, 0.10017848014831543, 0.9505296349525452, 0.29403653740882874, -0.36649560928344727, -0.23949193954467773, 0.8990688323974609),
            ["RightHand"] = CFrame.new(8.940696716308594e-08, 0, 1.1920928955078125e-07, 0.7624496221542358, -0.6454356908798218, 0.04564530402421951, 0.6244085431098938, 0.7524369359016418, 0.20964939892292023, -0.16966049373149872, -0.13134533166885376, 0.9767107367515564),
            ["UpperTorso"] = CFrame.new(-1.1175870895385742e-08, -5.960464477539063e-08, 9.313225746154785e-09, 0.9944349527359009, 0.03457947447896004, -0.09951585531234741, -0.014455525204539299, 0.9804506897926331, 0.19623351097106934, 0.10435612499713898, -0.1937028020620346, 0.9754942655563354),
            ["HumanoidRootPart"] = CFrame.new(0, 0, 0, 1, 0, 0, 0, 1, 0, 0, 0, 1),
            ["RightUpperLeg"] = CFrame.new(0, -4.470348358154297e-08, -7.183916750364006e-08, 0.9613890051841736, -0.01160577405244112, 0.2749486267566681, 0.14473070204257965, 0.8710986971855164, -0.4692974090576172, -0.23406058549880981, 0.4909709095954895, 0.8391444087028503),
            ["LeftUpperArm"] = CFrame.new(-0.019825339317321777, 0.008313417434692383, 0.01810401678085327, 0.837442934513092, 0.5352907776832581, -0.11024142801761627, -0.5059767365455627, 0.8356208801269531, 0.21383456885814667, 0.20658369362354279, -0.12329483032226562, 0.9706295132637024),
            ["RightLowerArm"] = CFrame.new(-1.7881393432617188e-07, 5.960464477539062e-07, -1.4901161193847656e-07, 1, -2.197922839286548e-07, 1.8952414393424988e-07, -8.195641498787154e-08, 0.9886177778244019, -0.15044890344142914, 1.7881399116959074e-07, 0.1504492312669754, 0.9886177778244019),
            ["LeftHand"] = CFrame.new(2.384185791015625e-07, 0, 8.940696716308594e-08, 0.9398829340934753, 0.2020406424999237, -0.2753172218799591, -0.3071698546409607, 0.852451741695404, -0.42305225133895874, 0.1492210179567337, 0.4821884334087372, 0.8632655739784241),
            ["LeftFoot"] = CFrame.new(-7.450580596923828e-09, -5.960464477539063e-08, -3.300715434306767e-08, 0.9729397892951965, -0.2162661850452423, 0.08134644478559494, 0.20266495645046234, 0.6296535134315491, -0.7499757409095764, 0.11097412556409836, 0.7461671233177185, 0.656444251537323),
            ["LowerTorso"] = CFrame.new(0.04890843853354454, -0.5078173875808716, 0.04643629491329193, 0.8900477290153503, -0.2518928349018097, -0.3799540102481842, 0.08255019783973694, 0.9087530970573425, -0.4090883731842041, 0.4483307898044586, 0.3327428996562958, 0.8296274542808533),
            ["RightLowerLeg"] = CFrame.new(-2.2351741790771484e-08, 0, -1.4233955880627036e-07, 1, -5.811452865600586e-07, -4.5448553009919124e-07, 6.109481205385237e-07, 0.9452921748161316, 0.3262248933315277, -2.1606702205190231e-07, -0.3262251615524292, 0.9452922344207764),
            ["LeftUpperLeg"] = CFrame.new(-5.960464477539063e-08, -2.7194619178771973e-07, 4.470348358154297e-08, 0.886707603931427, 0.43712520599365234, 0.15056964755058289, -0.4546090364456177, 0.8836370706558228, 0.1118764877319336, -0.08414465934038162, -0.16765202581882477, 0.9822487235069275),
            ["LeftLowerLeg"] = CFrame.new(-1.1175870895385742e-07, -5.960464477539063e-08, 2.6750143433673657e-08, 1, -1.4901161193847656e-08, -3.6507850609268644e-07, 5.811453434034775e-07, 0.07779588550329208, 0.9969694018363953, 7.450581485102248e-09, -0.9969693422317505, 0.07779587060213089),
        }},
        {Time = 0.033, Data = {
            ["RightFoot"] = CFrame.new(-7.450580596923828e-08, 2.980232238769531e-07, 1.1248994269408286e-07, 0.9061393737792969, 0.35113438963890076, -0.23583154380321503, -0.22000913321971893, 0.8674551248550415, 0.4462259113788605, 0.36125820875167847, -0.35245758295059204, 0.8632878065109253),
            ["LeftLowerArm"] = CFrame.new(1.4901161193847656e-07, -3.5762786865234375e-07, -4.0978193283081055e-08, 1, 1.2293465090351674e-07, 3.874299636663636e-07, -5.960463056453591e-08, 0.1609210968017578, -0.9869673252105713, 4.488973672778229e-07, 0.9869673252105713, 0.16092124581336975),
            ["RightUpperArm"] = CFrame.new(-0.004149913787841797, 0.006343722343444824, 0.015409886837005615, 0.7462531924247742, -0.6588634252548218, 0.09489631652832031, 0.6066306233406067, 0.7318203449249268, 0.3105452060699463, -0.27405402064323425, -0.17417851090431213, 0.9458099007606506),
            ["Head"] = CFrame.new(1.4901161193847656e-08, 1.1920928955078125e-07, -8.940696716308594e-08, 0.9349772334098816, -0.16892540454864502, 0.3119004964828491, 0.09090534597635269, 0.9640642404556274, 0.24963268637657166, -0.34286147356033325, -0.20504742860794067, 0.9167342185974121),
            ["RightHand"] = CFrame.new(0, 0, -6.332993507385254e-08, 0.7649709582328796, -0.6386684775352478, 0.08319748193025589, 0.6105837821960449, 0.7602355480194092, 0.22187697887420654, -0.2049560546875, -0.11893098056316376, 0.971518874168396),
            ["UpperTorso"] = CFrame.new(-4.0978193283081055e-08, 8.940696716308594e-08, -5.494803190231323e-08, 0.9954749941825867, -0.02362632006406784, -0.0920405164361, 0.0396750271320343, 0.9834728837013245, 0.17665594816207886, 0.0863456204533577, -0.17950791120529175, 0.9799597859382629),
            ["HumanoidRootPart"] = CFrame.new(0, 0, 0, 1, 0, 0, 0, 1, 0, 0, 0, 1),
            ["RightUpperLeg"] = CFrame.new(-8.940696716308594e-08, 2.9802322387695312e-08, 4.7370122047141194e-08, 0.9308553338050842, -0.017956804484128952, 0.364946573972702, 0.24058765172958374, 0.7818416357040405, -0.5751879215240479, -0.27500176429748535, 0.6232184171676636, 0.7321017980575562),
            ["LeftUpperArm"] = CFrame.new(-0.02197408676147461, 0.011548280715942383, 0.01524624228477478, 0.8253340125083923, 0.5480807423591614, -0.13576216995716095, -0.5185717940330505, 0.8308817148208618, 0.20178934931755066, 0.22339923679828644, -0.09614144265651703, 0.969974160194397),
            ["RightLowerArm"] = CFrame.new(-6.556510925292969e-07, 2.980232238769531e-07, 8.940696716308594e-08, 1, 3.129244987576385e-07, 4.0046899130175007e-08, 4.321337314650009e-07, 0.9868489503860474, -0.16164478659629822, 1.0430814256778831e-07, 0.16164562106132507, 0.9868490695953369),
            ["LeftHand"] = CFrame.new(-2.384185791015625e-07, -5.960464477539063e-08, -1.1920928955078125e-07, 0.9456585645675659, 0.18837474286556244, -0.26503705978393555, -0.2892395853996277, 0.8597284555435181, -0.42096081376075745, 0.1485615223646164, 0.47474414110183716, 0.8674948811531067),
            ["LeftFoot"] = CFrame.new(-2.60770320892334e-08, 0, 8.620213520771358e-08, 0.9724512100219727, -0.2207261323928833, 0.07495902478694916, 0.19183367490768433, 0.575080394744873, -0.795287549495697, 0.13243317604064941, 0.787757933139801, 0.6015803813934326),
            ["LowerTorso"] = CFrame.new(0.040110666304826736, -0.58116614818573, 0.021295953541994095, 0.9065015912055969, -0.19536805152893066, -0.37428104877471924, 0.04148078337311745, 0.9234198927879333, -0.3815430998802185, 0.4201599061489105, 0.33034390211105347, 0.8451855182647705),
            ["RightLowerLeg"] = CFrame.new(2.2351741790771484e-08, -5.960464477539063e-08, -1.0508665582165122e-07, 1, -4.842875682697922e-07, -3.5762786865234375e-07, 6.5565143358981e-07, 0.838768720626831, 0.5444872379302979, -2.2351753159455257e-07, -0.5444880127906799, 0.8387691378593445),
            ["LeftUpperLeg"] = CFrame.new(0, 2.9802322387695312e-08, 4.470348358154297e-08, 0.906199038028717, 0.40032875537872314, 0.1361626833677292, -0.41288310289382935, 0.9072133898735046, 0.08057067543268204, -0.09127411991357803, -0.12923209369182587, 0.9874047040939331),
            ["LeftLowerLeg"] = CFrame.new(5.960464477539063e-08, 2.980232238769531e-07, -3.052178954021656e-09, 1, 1.043081283569336e-07, -4.693864070759446e-07, 5.513429073289444e-07, 0.014459509402513504, 0.999895453453064, 2.2351738238057806e-08, -0.9998955130577087, 0.014459481462836266),
        }},
        {Time = 0.067, Data = {
            ["RightFoot"] = CFrame.new(-7.450580596923828e-08, 3.5762786865234375e-07, 5.288529791869223e-08, 0.8656173944473267, 0.4321075677871704, -0.2529624402523041, -0.30691829323768616, 0.8570741415023804, 0.41379356384277344, 0.3956108093261719, -0.2805478274822235, 0.8745198249816895),
            ["LeftLowerArm"] = CFrame.new(2.9802322387695312e-08, 0, -6.332993507385254e-08, 1, 2.2351738238057806e-08, 4.544851321952592e-07, -4.4703497792397684e-08, 0.16741101443767548, -0.9858871698379517, 1.35973138526424e-07, 0.9858872294425964, 0.1674109697341919),
            ["RightUpperArm"] = CFrame.new(-0.005460381507873535, 0.009415626525878906, 0.015175506472587585, 0.7925409078598022, -0.6062835454940796, 0.06556650996208191, 0.5632736682891846, 0.7690045237541199, 0.30225005745887756, -0.23367032408714294, -0.20261415839195251, 0.9509710073471069),
            ["Head"] = CFrame.new(4.470348358154297e-08, -1.1920928955078125e-07, -5.21540641784668e-08, 0.9526588320732117, -0.13135552406311035, 0.2742023468017578, 0.07961755990982056, 0.9781656265258789, 0.19197188317775726, -0.29343196749687195, -0.16105246543884277, 0.9423162341117859),
            ["RightHand"] = CFrame.new(-8.940696716308594e-08, -3.5762786865234375e-07, 9.313225746154785e-08, 0.7697175741195679, -0.6187665462493896, 0.15704253315925598, 0.5783448815345764, 0.7800496816635132, 0.238831028342247, -0.27028176188468933, -0.09300723671913147, 0.9582783579826355),
            ["UpperTorso"] = CFrame.new(-2.0954757928848267e-08, -1.7881393432617188e-07, -4.842877388000488e-08, 0.992530345916748, -0.08671674877405167, -0.08581245690584183, 0.09797929972410202, 0.9856885075569153, 0.13718025386333466, 0.07268840819597244, -0.14456334710121155, 0.9868221282958984),
            ["HumanoidRootPart"] = CFrame.new(0, 0, 0, 1, 0, 0, 0, 1, 0, 0, 0, 1),
            ["RightUpperLeg"] = CFrame.new(-2.9802322387695312e-08, -1.5273690223693848e-07, -7.183916750364006e-08, 0.8889050483703613, -0.03208141773939133, 0.4569670557975769, 0.36784565448760986, 0.6445096731185913, -0.6702962517738342, -0.2730156481266022, 0.7639228105545044, 0.5847086310386658),
            ["LeftUpperArm"] = CFrame.new(-0.02323603630065918, 0.015132427215576172, 0.015000514686107635, 0.8095756769180298, 0.5552913546562195, -0.19036486744880676, -0.5278061628341675, 0.8305124640464783, 0.17795966565608978, 0.2569201588630676, -0.04359598830342293, 0.9654489159584045),
            ["RightLowerArm"] = CFrame.new(1.7881393432617188e-07, 4.172325134277344e-07, 1.1920928955078125e-07, 1, -4.4703526214107114e-07, 2.2351753159455257e-07, -1.5646224937881925e-07, 0.9813428521156311, -0.19226545095443726, 1.6391282997574308e-07, 0.192266047000885, 0.9813430309295654),
            ["LeftHand"] = CFrame.new(5.960464477539063e-08, 1.7881393432617188e-07, -2.980232238769531e-07, 0.9576693773269653, 0.15604300796985626, -0.24190884828567505, -0.24730922281742096, 0.8760648369789124, -0.4139428436756134, 0.1473347246646881, 0.45624658465385437, 0.8775713443756104),
            ["LeftFoot"] = CFrame.new(-7.450580596923828e-08, 0, 7.130097401386593e-08, 0.9703113436698914, -0.23455899953842163, 0.058975253254175186, 0.17603035271167755, 0.517677366733551, -0.837271511554718, 0.16585920751094818, 0.8227954506874084, 0.5435976982116699),
            ["LowerTorso"] = CFrame.new(0.03102133236825466, -0.6543248891830444, 0.0037374962121248245, 0.9343755841255188, -0.1128220483660698, -0.33795487880706787, -0.002050095470622182, 0.9468215703964233, -0.32175278663635254, 0.3562837541103363, 0.3013307452201843, 0.8844556212425232),
            ["RightLowerLeg"] = CFrame.new(1.4901161193847656e-08, 1.1920928955078125e-07, 1.412263372913003e-08, 1, -4.7683710135970614e-07, -5.625187213809113e-07, 8.046631592151243e-07, 0.6727659702301025, 0.7398550510406494, -1.4156111660668103e-07, -0.7398554086685181, 0.6727662682533264),
            ["LeftUpperLeg"] = CFrame.new(-5.960464477539063e-08, -1.7881393432617188e-07, -2.9802322387695312e-08, 0.9274473786354065, 0.3626199960708618, 0.09136848896741867, -0.3637552261352539, 0.9314836263656616, -0.0044934628531336784, -0.08673764020204544, -0.02906845137476921, 0.9958070516586304),
            ["LeftLowerLeg"] = CFrame.new(5.21540641784668e-08, 5.960464477539063e-08, -1.3716262969865056e-07, 1, 8.940698847936801e-08, -4.805626190318435e-07, 5.02914360822615e-07, -0.05147312209010124, 0.9986744523048401, 1.4901166522918174e-08, -0.9986743927001953, -0.05147301033139229),
        }},
        {Time = 0.100, Data = {
            ["RightFoot"] = CFrame.new(6.705522537231445e-08, 2.980232238769531e-07, 9.386349120177329e-08, 0.8452472686767578, 0.47199639678001404, -0.25055304169654846, -0.3685152530670166, 0.8543980121612549, 0.36633384227752686, 0.38698023557662964, -0.21730974316596985, 0.8961153626441956),
            ["LeftLowerArm"] = CFrame.new(1.7881393432617188e-07, 1.7881393432617188e-07, 1.9744038581848145e-07, 1, 1.713634105726669e-07, 0, 3.27825517842939e-07, 0.18464279174804688, -0.9828057289123535, 1.9464638967292558e-07, 0.9828057289123535, 0.18464279174804688),
            ["RightUpperArm"] = CFrame.new(-0.0034432411193847656, 0.014528751373291016, 0.01603841781616211, 0.8381457924842834, -0.5438480377197266, 0.04172785207629204, 0.5113925933837891, 0.8101227283477783, 0.28666824102401733, -0.18970851600170135, -0.2189306616783142, 0.9571207761764526),
            ["Head"] = CFrame.new(1.4901161193847656e-08, 1.1920928955078125e-07, 0, 0.9664755463600159, -0.10441319644451141, 0.23457007110118866, 0.07520191371440887, 0.9886294007301331, 0.1302177906036377, -0.24549925327301025, -0.10821211338043213, 0.9633381366729736),
            ["RightHand"] = CFrame.new(2.384185791015625e-07, 0, 9.685754776000977e-08, 0.768875777721405, -0.5886192321777344, 0.24971520900726318, 0.5349493026733398, 0.8061093688011169, 0.25301578640937805, -0.35022780299186707, -0.060952719300985336, 0.9346792697906494),
            ["UpperTorso"] = CFrame.new(9.313225746154785e-09, -5.960464477539063e-08, -2.7474015951156616e-08, 0.9870902299880981, -0.13999222218990326, -0.07781486213207245, 0.14730064570903778, 0.9842413663864136, 0.09783395379781723, 0.06289240717887878, -0.10803311318159103, 0.9921560287475586),
            ["HumanoidRootPart"] = CFrame.new(0, 0, 0, 1, 0, 0, 0, 1, 0, 0, 0, 1),
            ["RightUpperLeg"] = CFrame.new(0, 7.171183824539185e-08, -5.69380063097924e-08, 0.8299939036369324, -0.03458008915185928, 0.5566996335983276, 0.5026072263717651, 0.4791508913040161, -0.7195836305618286, -0.24185986816883087, 0.8770511746406555, 0.41507232189178467),
            ["LeftUpperArm"] = CFrame.new(-0.021291375160217285, 0.019456982612609863, 0.01587282121181488, 0.8052037954330444, 0.5455279350280762, -0.2324780374765396, -0.5260816812515259, 0.8380714058876038, 0.14448006451129913, 0.27365124225616455, 0.005966456141322851, 0.9618105888366699),
            ["RightLowerArm"] = CFrame.new(0, 1.1920928955078125e-07, -5.960464477539063e-08, 1, 1.8812724533745495e-07, 1.1175874448099421e-08, 4.321338167301292e-07, 0.9710569977760315, -0.23884767293930054, 5.96046660916727e-08, 0.23884806036949158, 0.9710570573806763),
            ["LeftHand"] = CFrame.new(-5.960464477539063e-08, 0, -2.2351741790771484e-07, 0.9695552587509155, 0.1161724254488945, -0.21556048095226288, -0.19637642800807953, 0.8947581648826599, -0.4010540544986725, 0.14628349244594574, 0.4311748743057251, 0.890330970287323),
            ["LeftFoot"] = CFrame.new(3.725290298461914e-08, -1.1920928955078125e-07, 4.245748641551472e-09, 0.9653573036193848, -0.2585011422634125, 0.035532575100660324, 0.15914900600910187, 0.47539809346199036, -0.8652561902999878, 0.20677751302719116, 0.8409363031387329, 0.5000691413879395),
            ["LowerTorso"] = CFrame.new(0.02175794169306755, -0.7195519208908081, -0.007794530130922794, 0.955780029296875, -0.025518469512462616, -0.29297327995300293, -0.050118397921323776, 0.9675201177597046, -0.24777613580226898, 0.2897804379463196, 0.2515028417110443, 0.9234574437141418),
            ["RightLowerLeg"] = CFrame.new(7.450580596923828e-09, -5.960464477539063e-08, 4.392495611682534e-08, 1, -3.762543201446533e-07, -6.705521968797257e-07, 6.258490543586959e-07, 0.48832398653030396, 0.8726621866226196, -1.639128583974525e-07, -0.8726624250411987, 0.48832428455352783),
            ["LeftUpperLeg"] = CFrame.new(0, 9.313225746154785e-08, 0, 0.9436824321746826, 0.326090931892395, 0.05592948943376541, -0.3187140226364136, 0.9413468837738037, -0.11084926128387451, -0.08879608660936356, 0.086780846118927, 0.9922623038291931),
            ["LeftLowerLeg"] = CFrame.new(-2.086162567138672e-07, 0, -3.052178954021656e-09, 1, 1.6391277313232422e-07, -5.327164558366349e-07, 6.183983600749343e-07, -0.10272131115198135, 0.9947102069854736, 1.4901164746561335e-08, -0.9947102069854736, -0.10272116214036942),
        }},
        {Time = 0.133, Data = {
            ["RightFoot"] = CFrame.new(-8.940696716308594e-08, 2.980232238769531e-07, -2.162050805054605e-08, 0.8095329403877258, 0.5285512804985046, -0.2555201053619385, -0.4411066174507141, 0.8348303437232971, 0.32936742901802063, 0.38740354776382446, -0.15392202138900757, 0.908970057964325),
            ["LeftLowerArm"] = CFrame.new(1.1920928955078125e-07, -5.960464477539063e-08, 1.0244548320770264e-08, 1, -1.341104507446289e-07, 2.4214372729147726e-07, 7.450579886381092e-08, 0.21777985990047455, -0.9759979248046875, 6.589106504861775e-08, 0.9759979248046875, 0.21778005361557007),
            ["RightUpperArm"] = CFrame.new(0.004767060279846191, 0.018772363662719727, 0.019587844610214233, 0.884086012840271, -0.4664148986339569, 0.029137201607227325, 0.4438422918319702, 0.8575446605682373, 0.2600405216217041, -0.14627330005168915, -0.2169661968946457, 0.9651579856872559),
            ["Head"] = CFrame.new(1.1175870895385742e-08, 0, 3.725290298461914e-08, 0.9769759774208069, -0.07271765917539597, 0.20057444274425507, 0.06124560162425041, 0.9961434006690979, 0.06282832473516464, -0.20436955988407135, -0.04909742623567581, 0.9776617884635925),
            ["RightHand"] = CFrame.new(1.1920928955078125e-07, 5.960464477539063e-08, -7.450580596923828e-08, 0.7596811652183533, -0.5524832606315613, 0.3429970145225525, 0.48794078826904297, 0.8329514265060425, 0.2609708905220032, -0.42988184094429016, -0.03089265152812004, 0.9023565649986267),
            ["UpperTorso"] = CFrame.new(-2.7939677238464355e-09, 5.960464477539063e-08, -1.0244548320770264e-08, 0.9772334098815918, -0.20105616748332977, -0.06775952875614166, 0.2054504007101059, 0.9764622449874878, 0.06566308438777924, 0.05296257138252258, -0.07808933407068253, 0.995538592338562),
            ["HumanoidRootPart"] = CFrame.new(0, 0, 0, 1, 0, 0, 0, 1, 0, 0, 0, 1),
            ["RightUpperLeg"] = CFrame.new(0, -8.009374141693115e-08, -2.7135683922097087e-08, 0.7560542225837708, -0.045097868889570236, 0.6529537439346313, 0.6245929598808289, 0.34787797927856445, -0.699188232421875, -0.19561626017093658, 0.9364545941352844, 0.29118236899375916),
            ["LeftUpperArm"] = CFrame.new(-0.013266324996948242, 0.020465850830078125, 0.01951014995574951, 0.8053680062294006, 0.5372772812843323, -0.2504310607910156, -0.5269279479980469, 0.842400312423706, 0.1127324029803276, 0.2715317904949188, 0.04116800054907799, 0.9615486860275269),
            ["RightLowerArm"] = CFrame.new(1.1920928955078125e-07, 2.384185791015625e-07, 8.940696716308594e-08, 1, -2.4843043888722605e-07, 1.4156111660668103e-07, 0, 0.9544051885604858, -0.29851388931274414, 6.70552680048786e-08, 0.2985144853591919, 0.9544053673744202),
            ["LeftHand"] = CFrame.new(-1.7881393432617188e-07, 5.960464477539063e-08, -2.9802322387695312e-08, 0.977470874786377, 0.08090875297784805, -0.19494780898094177, -0.15191885828971863, 0.910884439945221, -0.3836802542209625, 0.14653165638446808, 0.4046521782875061, 0.9026542901992798),
            ["LeftFoot"] = CFrame.new(2.7939677238464355e-08, 1.1920928955078125e-07, -3.204831955372356e-09, 0.9587317109107971, -0.283755362033844, 0.017798343673348427, 0.15261374413967133, 0.4608023166656494, -0.874282717704773, 0.2398807257413864, 0.8409186601638794, 0.4850907623767853),
            ["LowerTorso"] = CFrame.new(0.012448198162019253, -0.7633236646652222, -0.014845824800431728, 0.9676456451416016, 0.060447074472904205, -0.24496562778949738, -0.10400545597076416, 0.9801160097122192, -0.16898401081562042, 0.22988013923168182, 0.1889944076538086, 0.9546917676925659),
            ["RightLowerLeg"] = CFrame.new(-1.1920928955078125e-07, 5.960464477539063e-08, -3.058084985241294e-08, 1, -3.143212552458863e-07, -7.934869472592254e-07, 7.227066021187056e-07, 0.36486655473709106, 0.9310597777366638, -2.384186643666908e-07, -0.9310598373413086, 0.36486688256263733),
            ["LeftUpperLeg"] = CFrame.new(-5.960464477539063e-08, 0, 7.450580596923828e-09, 0.959331750869751, 0.2797878086566925, 0.037436649203300476, -0.2656516432762146, 0.9396891593933105, -0.21543802320957184, -0.09545576572418213, 0.19673117995262146, 0.9757996797561646),
            ["LeftLowerLeg"] = CFrame.new(-1.1175870895385742e-07, -5.960464477539063e-08, 1.1848982239826e-08, 1, 2.3096797008292924e-07, -5.699694725080917e-07, 4.880131996287673e-07, -0.12103832513093948, 0.9926479458808899, -1.1175875158642157e-07, -0.9926478266716003, -0.12103801220655441),
        }},
        {Time = 0.167, Data = {
            ["RightFoot"] = CFrame.new(-5.960464477539063e-08, 2.980232238769531e-07, -8.86757334228605e-08, 0.7798618078231812, 0.5696080327033997, -0.25954386591911316, -0.4968125522136688, 0.8154866099357605, 0.296914279460907, 0.380779504776001, -0.10260715335607529, 0.918955385684967),
            ["LeftLowerArm"] = CFrame.new(-2.682209014892578e-07, 2.384185791015625e-07, -3.3527612686157227e-08, 1, 1.4901162970204496e-08, 2.700834045299416e-07, -2.2351741790771484e-08, 0.2715807855129242, -0.9624158143997192, 2.644956111907959e-07, 0.9624156951904297, 0.271580308675766),
            ["RightUpperArm"] = CFrame.new(0.009998798370361328, 0.01684868335723877, 0.0273056011646986, 0.91497802734375, -0.4027743935585022, 0.024251041933894157, 0.3887512683868408, 0.8960345983505249, 0.21446369588375092, -0.10811013728380203, -0.18680192530155182, 0.9764309525489807),
            ["Head"] = CFrame.new(1.862645149230957e-09, 0, 1.862645149230957e-09, 0.9824457168579102, -0.056709036231040955, 0.17772060632705688, 0.060020122677087784, 0.9981085062026978, -0.013305987231433392, -0.17662976682186127, 0.02373925782740116, 0.9839910268783569),
            ["RightHand"] = CFrame.new(-3.725290298461914e-08, 0, 5.21540641784668e-08, 0.7459037899971008, -0.51694655418396, 0.4199925661087036, 0.4449038803577423, 0.8559636473655701, 0.2634144127368927, -0.4956694543361664, -0.009624979458749294, 0.8684578537940979),
            ["UpperTorso"] = CFrame.new(-1.3969838619232178e-09, -8.940696716308594e-08, 8.381903171539307e-09, 0.9654555320739746, -0.24785394966602325, -0.08039958775043488, 0.25320643186569214, 0.9652276635169983, 0.06497674435377121, 0.06149899214506149, -0.08308983594179153, 0.9946426153182983),
            ["HumanoidRootPart"] = CFrame.new(0, 0, 0, 1, 0, 0, 0, 1, 0, 0, 0, 1),
            ["RightUpperLeg"] = CFrame.new(-2.9802322387695312e-08, -1.1362135410308838e-07, 6.39192876406014e-09, 0.6761413216590881, -0.07341547310352325, 0.7331053614616394, 0.7234300374984741, 0.25465598702430725, -0.6417156457901001, -0.139577716588974, 0.9642409682273865, 0.22529441118240356),
            ["LeftUpperArm"] = CFrame.new(-0.008058309555053711, 0.016460299491882324, 0.02733410708606243, 0.8207589387893677, 0.5155211687088013, -0.2461565136909485, -0.5152276754379272, 0.8541200757026672, 0.0708453506231308, 0.24676962196826935, 0.06867960095405579, 0.9666374325752258),
            ["RightLowerArm"] = CFrame.new(-1.1920928955078125e-07, 7.748603820800781e-07, -2.9802322387695312e-08, 1, -3.185125478921691e-07, 1.6391281576488836e-07, -2.980233659855003e-08, 0.9304139018058777, -0.36651068925857544, 9.685759039257391e-08, 0.36651065945625305, 0.9304138422012329),
            ["LeftHand"] = CFrame.new(-1.1920928955078125e-07, 5.960464477539063e-08, -4.0978193283081055e-08, 0.9802423119544983, 0.06337740272283554, -0.18737268447875977, -0.1294081211090088, 0.9219017624855042, -0.3651720881462097, 0.14959537982940674, 0.3822048604488373, 0.911888599395752),
            ["LeftFoot"] = CFrame.new(-8.195638656616211e-08, 5.960464477539063e-08, -9.261179911845829e-08, 0.9527408480644226, -0.3036500811576843, 0.00903510395437479, 0.15913145244121552, 0.47351932525634766, -0.8662889003753662, 0.25877028703689575, 0.8267865777015686, 0.4994617700576782),
            ["LowerTorso"] = CFrame.new(0.0032130663748830557, -0.7806042432785034, -0.018979739397764206, 0.9731056094169617, 0.13963626325130463, -0.183214008808136, -0.16103027760982513, 0.9810710549354553, -0.10755917429924011, 0.16472679376602173, 0.13416942954063416, 0.9771713018417358),
            ["RightLowerLeg"] = CFrame.new(1.043081283569336e-07, 0, -3.058084985241294e-08, 1, -1.844018271413006e-07, -9.05245997273596e-07, 5.364419166653533e-07, 0.27755072712898254, 0.9607110619544983, -4.116446632451698e-07, -0.9607110619544983, 0.2775508463382721),
            ["LeftUpperLeg"] = CFrame.new(0, 4.6566128730773926e-09, 0, 0.9758085012435913, 0.21745210886001587, 0.022637395188212395, -0.20093606412410736, 0.9328295588493347, -0.2990884780883789, -0.0861542746424675, 0.2873043417930603, 0.9539569020271301),
            ["LeftLowerLeg"] = CFrame.new(6.332993507385254e-08, -1.1920928955078125e-07, -9.24591461171076e-08, 1, 2.2351736106429598e-07, -4.2282056256226497e-07, 5.47617844404158e-07, -0.10473122447729111, 0.9945006370544434, -1.8626458597736928e-08, -0.9945005774497986, -0.104730986058712),
        }},
        {Time = 0.200, Data = {
            ["RightFoot"] = CFrame.new(-4.842877388000488e-08, 4.172325134277344e-07, 4.636603989638388e-08, 0.7641721963882446, 0.5899699330329895, -0.2607244551181793, -0.5293968915939331, 0.804595410823822, 0.2690059244632721, 0.36848336458206177, -0.06754010915756226, 0.9271777868270874),
            ["LeftLowerArm"] = CFrame.new(8.940696716308594e-08, -5.960464477539062e-07, 2.9802322387695312e-08, 1, 8.940703821735951e-08, 1.5646209305941738e-07, 2.8684715402960137e-07, 0.3784770369529724, -0.9256104826927185, 2.644954122388299e-07, 0.9256107211112976, 0.378477543592453),
            ["RightUpperArm"] = CFrame.new(0.011434078216552734, 0.01400458812713623, 0.029834024608135223, 0.9353336691856384, -0.351698637008667, 0.03819670528173447, 0.33971771597862244, 0.9230636358261108, 0.1804032325744629, -0.09870561957359314, -0.15576137602329254, 0.9828507900238037),
            ["Head"] = CFrame.new(5.587935447692871e-09, 3.5762786865234375e-07, -1.1641532182693481e-09, 0.9821903109550476, -0.06112437695264816, 0.17766828835010529, 0.07431197166442871, 0.9948770403862, -0.06853823363780975, -0.17256875336170197, 0.08052035421133041, 0.9817008376121521),
            ["RightHand"] = CFrame.new(-3.166496753692627e-07, 1.7881393432617188e-07, 3.3993273973464966e-08, 0.7324675917625427, -0.4835437536239624, 0.47924551367759705, 0.39921677112579346, 0.8752778172492981, 0.2729741334915161, -0.5514682531356812, -0.008622270077466965, 0.8341516852378845),
            ["UpperTorso"] = CFrame.new(4.644971340894699e-08, -2.384185791015625e-07, 1.4901161193847656e-08, 0.9552921056747437, -0.27224457263946533, -0.11532633006572723, 0.28043004870414734, 0.9578914046287537, 0.06166888028383255, 0.09368108958005905, -0.09125259518623352, 0.9914115071296692),
            ["HumanoidRootPart"] = CFrame.new(0, 0, 0, 1, 0, 0, 0, 1, 0, 0, 0, 1),
            ["RightUpperLeg"] = CFrame.new(-2.9802322387695312e-08, 1.210719347000122e-08, 8.254573913291097e-09, 0.5951246023178101, -0.11538742482662201, 0.795306921005249, 0.7993392944335938, 0.18716228008270264, -0.570987343788147, -0.0829666331410408, 0.9755285978317261, 0.20361855626106262),
            ["LeftUpperArm"] = CFrame.new(-0.006615996360778809, 0.013041257858276367, 0.029913179576396942, 0.8517951965332031, 0.477800190448761, -0.21483007073402405, -0.4803348183631897, 0.8759925961494446, 0.04376732558012009, 0.20910164713859558, 0.06590935587882996, 0.9756702184677124),
            ["RightLowerArm"] = CFrame.new(1.7881393432617188e-07, 2.384185791015625e-07, 8.940696716308594e-08, 1, -1.3038522261865637e-08, -1.3737017745540925e-08, 3.1292427138396306e-07, 0.8952165842056274, -0.4456309378147125, 6.705520405603238e-08, 0.44563138484954834, 0.8952168226242065),
            ["LeftHand"] = CFrame.new(-1.1920928955078125e-07, -5.960464477539063e-08, 2.9802322387695312e-08, 0.977851152420044, 0.07032874971628189, -0.19713188707828522, -0.13425597548484802, 0.9333243370056152, -0.332988977432251, 0.16056935489177704, 0.352078914642334, 0.9220941066741943),
            ["LeftFoot"] = CFrame.new(-7.82310962677002e-08, 5.960464477539063e-08, 1.16963292384753e-08, 0.9491080641746521, -0.3148876130580902, 0.006325722672045231, 0.1731473207473755, 0.5048995018005371, -0.8456335663795471, 0.26308542490005493, 0.8036929368972778, 0.5337265133857727),
            ["LowerTorso"] = CFrame.new(-0.008866525255143642, -0.7767904996871948, -0.021744336932897568, 0.9711114168167114, 0.2091360092163086, -0.11491182446479797, -0.21720731258392334, 0.9741058349609375, -0.06276047974824905, 0.09881079941987991, 0.08590710908174515, 0.9913911819458008),
            ["RightLowerLeg"] = CFrame.new(-1.30385160446167e-07, 0, 2.2273889044299722e-07, 1, 7.799823009690954e-08, -7.729981916781981e-07, 6.183986442920286e-07, 0.21658016741275787, 0.9762648940086365, -4.5448572905115725e-07, -0.9762648344039917, 0.21658016741275787),
            ["LeftUpperLeg"] = CFrame.new(2.9802322387695312e-08, 2.468004822731018e-08, 7.450580596923828e-09, 0.9894680380821228, 0.1441420167684555, 0.013277748599648476, -0.12963569164276123, 0.9232134819030762, -0.36176133155822754, -0.06440311670303345, 0.3562302589416504, 0.9321762323379517),
            ["LeftLowerLeg"] = CFrame.new(-5.21540641784668e-08, -2.384185791015625e-07, -4.7755662535564625e-08, 1, 3.203749372460152e-07, -4.4889748096466064e-07, 5.45755199254927e-07, -0.0634855255484581, 0.9979828000068665, -6.891789183782748e-08, -0.9979828000068665, -0.06348583847284317),
        }},
        {Time = 0.233, Data = {
            ["RightFoot"] = CFrame.new(-1.4901161193847656e-08, 2.980232238769531e-07, 1.609805622138083e-08, 0.7565361261367798, 0.5993401408195496, -0.2616201937198639, -0.5477058291435242, 0.7992965579032898, 0.2472711056470871, 0.357311487197876, -0.04377811774611473, 0.932958722114563),
            ["LeftLowerArm"] = CFrame.new(-1.1920928955078125e-07, -5.960464477539063e-08, 2.9802322387695312e-08, 1, -1.862645326866641e-08, 2.6822084464583895e-07, 6.705522537231445e-08, 0.5559805631637573, -0.831195056438446, 1.1175870895385742e-07, 0.8311953544616699, 0.555980920791626),
            ["RightUpperArm"] = CFrame.new(0.010648488998413086, 0.01094353199005127, 0.029889583587646484, 0.9492733478546143, -0.30503371357917786, 0.07638521492481232, 0.29088345170021057, 0.9440927505493164, 0.1551634669303894, -0.11944486200809479, -0.12507371604442596, 0.9849312901496887),
            ["Head"] = CFrame.new(0, -1.1920928955078125e-07, -7.450580596923828e-09, 0.9766519665718079, -0.07926248759031296, 0.19967082142829895, 0.10112284123897552, 0.9896557331085205, -0.1017633005976677, -0.1895393580198288, 0.11957861483097076, 0.9745644927024841),
            ["RightHand"] = CFrame.new(1.4295801520347595e-07, 2.384185791015625e-07, 2.9802322387695312e-08, 0.719805896282196, -0.4498647153377533, 0.5286787152290344, 0.34432998299598694, 0.8926802277565002, 0.2907901108264923, -0.6027573347091675, -0.02727261744439602, 0.7974584102630615),
            ["UpperTorso"] = CFrame.new(3.050081431865692e-08, -1.7881393432617188e-07, -9.313225746154785e-09, 0.9464733600616455, -0.2784448266029358, -0.1632690727710724, 0.28859764337539673, 0.9565426111221313, 0.04168425127863884, 0.14456705749034882, -0.08657203614711761, 0.9857006669044495),
            ["HumanoidRootPart"] = CFrame.new(0, 0, 0, 1, 0, 0, 0, 1, 0, 0, 0, 1),
            ["RightUpperLeg"] = CFrame.new(1.1920928955078125e-07, -3.185850800946355e-07, -5.715264705941081e-09, 0.5129427909851074, -0.16361388564109802, 0.8426862359046936, 0.8579451441764832, 0.13045720756053925, -0.49690166115760803, -0.02863447368144989, 0.9778607487678528, 0.20728866755962372),
            ["LeftUpperArm"] = CFrame.new(-0.007405877113342285, 0.01029515266418457, 0.029943034052848816, 0.8884184956550598, 0.42823782563209534, -0.16530314087867737, -0.4293498694896698, 0.9026130437850952, 0.0307953879237175, 0.1623925268650055, 0.043613627552986145, 0.9857620000839233),
            ["RightLowerArm"] = CFrame.new(4.76837158203125e-07, 0, -5.960464477539063e-08, 1, -1.415611023958263e-07, 1.49011739836169e-07, 1.9185249300335272e-07, 0.8447189331054688, -0.5352100133895874, 6.705523958316917e-08, 0.5352102518081665, 0.8447191119194031),
            ["LeftHand"] = CFrame.new(-1.1920928955078125e-07, -5.960464477539063e-08, 2.980232238769531e-07, 0.9707823395729065, 0.10004653036594391, -0.21811100840568542, -0.16285455226898193, 0.9422542452812195, -0.2926352918148041, 0.17623867094516754, 0.31960538029670715, 0.931016743183136),
            ["LeftFoot"] = CFrame.new(-4.773028194904327e-09, 5.960464477539063e-08, 7.130097401386593e-08, 0.9487645626068115, -0.315936416387558, 0.005495012272149324, 0.1868939995765686, 0.5470552444458008, -0.8159664273262024, 0.25478726625442505, 0.7751868963241577, 0.578073263168335),
            ["LowerTorso"] = CFrame.new(-0.02532125636935234, -0.758926272392273, -0.024692969396710396, 0.9618489742279053, 0.2694765031337738, -0.047212883830070496, -0.2706955671310425, 0.9624236822128296, -0.021555908024311066, 0.0396299846470356, 0.03351384028792381, 0.9986522793769836),
            ["RightLowerLeg"] = CFrame.new(-5.774199962615967e-08, 0, -6.038317224010825e-08, 1, -3.225868852041458e-07, -7.795172791702498e-07, 7.022172212600708e-07, 0.1801149845123291, 0.983645498752594, -1.802109181880951e-07, -0.9836456775665283, 0.18011559545993805),
            ["LeftUpperLeg"] = CFrame.new(0, -1.9080471247434616e-07, -1.862645149230957e-08, 0.9976762533187866, 0.06697376817464828, 0.012518348172307014, -0.055860452353954315, 0.9092314839363098, -0.41252607107162476, -0.039010465145111084, 0.4108681380748749, 0.9108598828315735),
            ["LeftLowerLeg"] = CFrame.new(3.550667315721512e-08, -1.7881393432617188e-07, 2.6750143433673657e-08, 1, 1.5622940452431067e-07, -4.843460033043812e-07, 5.947078989265719e-07, -0.006593623664230108, 0.9999783635139465, 4.4703497792397684e-08, -0.9999783635139465, -0.006593854166567326),
        }},
        {Time = 0.267, Data = {
            ["RightFoot"] = CFrame.new(-9.872019290924072e-08, 2.384185791015625e-07, -5.5148120736703277e-08, 0.7532885074615479, 0.6017129421234131, -0.2655160129070282, -0.5549562573432922, 0.7981783151626587, 0.23438072204589844, 0.35295918583869934, -0.029206613078713417, 0.9351828694343567),
            ["LeftLowerArm"] = CFrame.new(-2.384185791015625e-07, -4.172325134277344e-07, -7.644625506630354e-20, 1, -4.02331437499015e-07, 4.172321723672212e-07, -1.336447326139023e-07, 0.7371016144752502, -0.6757817268371582, 1.4528625058574107e-07, 0.6757820844650269, 0.7371017932891846),
            ["RightUpperArm"] = CFrame.new(0.009819984436035156, 0.008040189743041992, 0.028979115188121796, 0.9577524662017822, -0.25305095314979553, 0.13665828108787537, 0.23654627799987793, 0.9633992314338684, 0.1261260211467743, -0.1635727435350418, -0.08847178518772125, 0.9825562238693237),
            ["Head"] = CFrame.new(-7.450580596923828e-09, -2.384185791015625e-07, 5.587935447692871e-09, 0.96661376953125, -0.09499996155500412, 0.23797662556171417, 0.12661707401275635, 0.9845099449157715, -0.12127809226512909, -0.2227688580751419, 0.14736101031303406, 0.96366947889328),
            ["RightHand"] = CFrame.new(-9.180803317576647e-08, 3.5762786865234375e-07, 1.2665987014770508e-07, 0.7097006440162659, -0.41741877794265747, 0.567526638507843, 0.2889788746833801, 0.9071638584136963, 0.30585139989852905, -0.6425078511238098, -0.053059834986925125, 0.7644400596618652),
            ["UpperTorso"] = CFrame.new(-1.0841176845133305e-08, 2.086162567138672e-07, 6.693881005048752e-10, 0.9374278783798218, -0.27949008345603943, -0.2076399177312851, 0.2925594449043274, 0.9556244611740112, 0.034511059522628784, 0.18878014385700226, -0.09309864044189453, 0.9775964021682739),
            ["HumanoidRootPart"] = CFrame.new(0, 0, 0, 1, 0, 0, 0, 1, 0, 0, 0, 1),
            ["RightUpperLeg"] = CFrame.new(0, 1.924290700117126e-07, -4.929461283609271e-09, 0.4393324851989746, -0.19580182433128357, 0.8767263293266296, 0.8983023762702942, 0.10261978954076767, -0.4272257685661316, -0.006317851133644581, 0.9752594232559204, 0.22097332775592804),
            ["LeftUpperArm"] = CFrame.new(-0.008237481117248535, 0.007722973823547363, 0.029004380106925964, 0.916890561580658, 0.3853946328163147, -0.10384181886911392, -0.38520216941833496, 0.9225525856018066, 0.02271137200295925, 0.10455242544412613, 0.019176222383975983, 0.9943344593048096),
            ["RightLowerArm"] = CFrame.new(0, -1.7881393432617188e-07, 1.4901161193847656e-08, 1, -4.936012132361611e-08, 3.515744850801639e-08, 3.015157119534706e-07, 0.7788369655609131, -0.6272261142730713, 1.1385419895759696e-07, 0.6272264122962952, 0.778837263584137),
            ["LeftHand"] = CFrame.new(0, -5.960464477539063e-08, -5.960464477539063e-08, 0.9597010016441345, 0.14771635830402374, -0.23906925320625305, -0.20798875391483307, 0.9454407095909119, -0.25076478719711304, 0.18898361921310425, 0.29038235545158386, 0.9380635023117065),
            ["LeftFoot"] = CFrame.new(1.1455267667770386e-07, 0, 4.149865162617061e-08, 0.9502765536308289, -0.3113711476325989, 0.004749263171106577, 0.1980309933423996, 0.592462420463562, -0.7808790802955627, 0.240329310297966, 0.7429914474487305, 0.6246642470359802),
            ["LowerTorso"] = CFrame.new(-0.03888457268476486, -0.7342458963394165, -0.029819156974554062, 0.9483653903007507, 0.3171587586402893, -0.003679976100102067, -0.31715941429138184, 0.9483721852302551, 0.000431134452810511, 0.0036267247051000595, 0.0007582677062600851, 0.9999931454658508),
            ["RightLowerLeg"] = CFrame.new(1.792795956134796e-08, 0, -4.5482011046260595e-08, 1, -5.730542085302659e-08, -7.16653005383705e-07, 7.315542234209715e-07, 0.16344217956066132, 0.9865529537200928, -2.3748737021378474e-07, -0.9865529537200928, 0.16344228386878967),
