--
return {
    ["Dog Jump"] = {
        {Time = 0.000, Data = {
            ["RightFoot"] = CFrame.new(-0.000000, -0.000004, -0.000100, 0.941114, 0.315940, 0.120358, -0.223752, 0.315162, 0.922284, 0.253454, -0.894905, 0.367296),
            ["LeftLowerArm"] = CFrame.new(-0.000500, -0.000100, 0.003309, 1.000000, 0.000007, -0.000009, -0.000007, -0.295147, -0.955452, -0.000009, 0.955452, -0.295147),
            ["LeftFoot"] = CFrame.new(-0.000000, -0.000205, 0.000000, 0.974158, -0.211110, -0.080304, 0.146931, 0.322280, 0.935172, -0.171544, -0.922805, 0.344970),
            ["Head"] = CFrame.new(0.000000, 0.199004, -0.041718, 1.000000, 0.000000, -0.000000, -0.000000, -0.134417, -0.990925, 0.000000, 0.990925, -0.134417),
            ["RightUpperArm"] = CFrame.new(0.156945, -0.424632, -0.062987, 0.116129, -0.694526, 0.710034, 0.942003, -0.149610, -0.300411, 0.314871, 0.703741, 0.636872),
            ["UpperTorso"] = CFrame.new(0.000000, -0.156649, -0.067542, 1.000000, 0.000000, 0.000000, 0.000000, 0.236991, 0.971512, 0.000000, -0.971512, 0.236991),
            ["HumanoidRootPart"] = CFrame.new(0.000000, 0.000000, 0.000000, 1.000000, 0.000000, 0.000000, 0.000000, 1.000000, 0.000000, 0.000000, 0.000000, 1.000000),
            ["RightHand"] = CFrame.new(-0.013948, 0.060473, -0.017651, 0.998101, -0.061593, -0.000080, 0.023202, 0.374780, 0.926823, -0.057056, -0.925066, 0.375498),
            ["LeftUpperArm"] = CFrame.new(-0.214046, -0.430445, -0.003643, -0.059396, 0.804083, -0.591543, -0.975621, -0.172178, -0.136080, -0.211271, 0.569039, 0.794707),
            ["RightLowerArm"] = CFrame.new(-0.000000, 0.000000, 0.003309, 1.000000, -0.000007, 0.000010, 0.000007, -0.331415, -0.943485, 0.000009, 0.943485, -0.331415),
            ["LeftHand"] = CFrame.new(-0.000000, 0.000093, -0.000000, 0.990149, 0.131619, 0.047767, -0.122924, 0.653761, 0.746650, 0.067045, -0.745166, 0.663500),
            ["LowerTorso"] = CFrame.new(-0.068337, -1.082347, 0.711393, 1.000000, 0.000000, 0.000000, 0.000000, 0.930840, 0.365428, 0.000000, -0.365428, 0.930840),
            ["RightUpperLeg"] = CFrame.new(-0.000000, -0.356056, 1.023323, 0.941114, 0.012856, 0.337844, 0.324854, -0.311241, -0.893084, 0.093669, 0.950244, -0.297090),
            ["RightLowerLeg"] = CFrame.new(0.000000, 0.000000, -0.003018, 1.000000, -0.000000, 0.000000, 0.000000, 0.723958, 0.689844, 0.000000, -0.689844, 0.723958),
            ["LeftUpperLeg"] = CFrame.new(-0.000000, -0.356056, 1.023223, 0.974158, -0.027123, -0.224233, -0.217026, -0.387453, -0.895980, -0.062578, 0.921490, -0.383327),
            ["LeftLowerLeg"] = CFrame.new(0.000000, 0.000200, -0.002918, 1.000000, -0.000000, -0.000000, 0.000000, 0.675874, 0.737018, -0.000000, -0.737017, 0.675874),
        }},
        {Time = 0.017, Data = {
            ["RightFoot"] = CFrame.new(0.000000, -0.000005, -0.000100, 0.936116, 0.328652, 0.125201, -0.273065, 0.454865, 0.847664, 0.221637, -0.827699, 0.515549),
            ["LeftLowerArm"] = CFrame.new(-0.000500, -0.000100, 0.003309, 1.000000, 0.000001, -0.000002, -0.000001, -0.231981, -0.972720, -0.000002, 0.972720, -0.231981),
            ["LeftFoot"] = CFrame.new(-0.000000, -0.000205, 0.000000, 0.978758, -0.191622, -0.072890, 0.155862, 0.464502, 0.871748, -0.133188, -0.864592, 0.484502),
            ["Head"] = CFrame.new(0.000000, 0.199004, -0.041718, 1.000000, 0.000000, -0.000000, 0.000000, -0.032929, -0.999458, 0.000000, 0.999458, -0.032929),
            ["RightUpperArm"] = CFrame.new(0.129621, -0.390468, -0.136209, 0.170667, -0.699414, 0.694041, 0.877218, -0.212931, -0.430290, 0.448734, 0.682262, 0.577198),
            ["UpperTorso"] = CFrame.new(0.000000, -0.156649, -0.067542, 1.000000, 0.000000, 0.000000, 0.000000, 0.382032, 0.924149, 0.000000, -0.924149, 0.382032),
            ["HumanoidRootPart"] = CFrame.new(0.000000, 0.000000, 0.000000, 1.000000, 0.000000, 0.000000, 0.000000, 1.000000, 0.000000, 0.000000, 0.000000, 1.000000),
            ["RightHand"] = CFrame.new(-0.013948, 0.060473, -0.017651, 0.997985, -0.063372, -0.003154, 0.030555, 0.436436, 0.899216, -0.055609, -0.897501, 0.437493),
            ["LeftUpperArm"] = CFrame.new(-0.187103, -0.409020, -0.080904, -0.005623, 0.807399, -0.589978, -0.934754, -0.213841, -0.283738, -0.355251, 0.549889, 0.755922),
            ["RightLowerArm"] = CFrame.new(-0.000000, -0.000000, 0.003309, 1.000000, 0.000003, -0.000003, -0.000003, -0.259911, -0.965633, -0.000003, 0.965633, -0.259911),
            ["LeftHand"] = CFrame.new(0.000000, 0.000092, 0.000000, 0.990615, 0.129092, 0.044919, -0.122347, 0.690946, 0.712478, 0.060939, -0.711287, 0.700255),
            ["LowerTorso"] = CFrame.new(-0.078597, -0.794695, 0.755899, 1.000000, 0.000000, 0.000000, 0.000000, 0.911068, 0.412256, 0.000000, -0.412256, 0.911068),
            ["RightUpperLeg"] = CFrame.new(0.000000, -0.325997, 0.936931, 0.936116, 0.055933, 0.347216, 0.342668, -0.367269, -0.864692, 0.079157, 0.928432, -0.362972),
            ["RightLowerLeg"] = CFrame.new(0.000000, 0.000001, -0.003018, 1.000000, 0.000000, -0.000000, 0.000000, 0.498698, 0.866776, -0.000000, -0.866776, 0.498698),
            ["LeftUpperLeg"] = CFrame.new(-0.000000, -0.325997, 0.936831, 0.978758, -0.049765, -0.198886, -0.199757, -0.449827, -0.870490, -0.046144, 0.891728, -0.450213),
            ["LeftLowerLeg"] = CFrame.new(0.000000, 0.000200, -0.002918, 1.000000, -0.000000, -0.000000, 0.000000, 0.445676, 0.895194, -0.000000, -0.895195, 0.445676),
        }},
        {Time = 0.033, Data = {
            ["RightFoot"] = CFrame.new(-0.000000, -0.000004, -0.000100, 0.943941, 0.308489, 0.117520, -0.296788, 0.637168, 0.711290, 0.144545, -0.706294, 0.693005),
            ["LeftLowerArm"] = CFrame.new(-0.000500, -0.000100, 0.003309, 1.000000, 0.000012, -0.000013, -0.000012, -0.122109, -0.992517, -0.000013, 0.992517, -0.122109),
            ["LeftFoot"] = CFrame.new(0.000000, -0.000205, 0.000000, 0.986584, -0.152588, -0.058043, 0.144645, 0.652161, 0.744153, -0.075696, -0.742565, 0.665483),
            ["Head"] = CFrame.new(0.000000, 0.199004, -0.041718, 1.000000, 0.000000, -0.000000, 0.000000, 0.155444, -0.987845, 0.000000, 0.987845, 0.155444),
            ["RightUpperArm"] = CFrame.new(0.092164, -0.321275, -0.214049, 0.245539, -0.689699, 0.681194, 0.778458, -0.278470, -0.562545, 0.577679, 0.668408, 0.468526),
            ["UpperTorso"] = CFrame.new(0.000000, -0.156649, -0.067541, 1.000000, 0.000000, 0.000000, 0.000000, 0.598456, 0.801156, 0.000000, -0.801156, 0.598456),
            ["HumanoidRootPart"] = CFrame.new(0.000000, 0.000000, 0.000000, 1.000000, 0.000000, 0.000000, 0.000000, 1.000000, 0.000000, 0.000000, 0.000000, 1.000000),
            ["RightHand"] = CFrame.new(-0.013948, 0.060473, -0.017651, 0.997764, -0.066410, -0.007510, 0.041331, 0.524831, 0.850202, -0.052521, -0.848612, 0.526403),
            ["LeftUpperArm"] = CFrame.new(-0.148153, -0.353196, -0.167383, 0.072230, 0.800101, -0.595501, -0.861143, -0.251204, -0.441962, -0.503206, 0.544735, 0.670856),
            ["RightLowerArm"] = CFrame.new(-0.000000, -0.000000, 0.003309, 1.000000, -0.000007, 0.000008, 0.000007, -0.133347, -0.991069, 0.000008, 0.991069, -0.133347),
            ["LeftHand"] = CFrame.new(-0.000000, 0.000092, -0.000000, 0.991302, 0.125077, 0.040933, -0.120922, 0.742912, 0.658377, 0.051938, -0.657600, 0.751575),
            ["LowerTorso"] = CFrame.new(-0.088741, -0.446392, 0.772699, 1.000000, 0.000000, 0.000000, 0.000000, 0.884444, 0.466647, 0.000000, -0.466647, 0.884444),
            ["RightUpperLeg"] = CFrame.new(0.000000, -0.281699, 0.809617, 0.943941, 0.070399, 0.322522, 0.325036, -0.368938, -0.870768, 0.057689, 0.926784, -0.371138),
            ["RightLowerLeg"] = CFrame.new(0.000000, 0.000001, -0.003018, 1.000000, -0.000000, 0.000000, -0.000000, 0.236063, 0.971738, 0.000000, -0.971738, 0.236064),
            ["LeftUpperLeg"] = CFrame.new(-0.000000, -0.281699, 0.809517, 0.986584, -0.049620, -0.155531, -0.160743, -0.461739, -0.872330, -0.028530, 0.885627, -0.463521),
            ["LeftLowerLeg"] = CFrame.new(-0.000000, 0.000200, -0.002918, 1.000000, -0.000000, -0.000000, 0.000000, 0.172431, 0.985022, -0.000000, -0.985022, 0.172431),
        }},
        {Time = 0.067, Data = {
            ["RightFoot"] = CFrame.new(-0.000000, -0.000005, -0.000100, 0.957760, 0.268731, 0.102374, -0.282682, 0.814441, 0.506731, 0.052797, -0.514266, 0.856004),
            ["LeftLowerArm"] = CFrame.new(-0.000500, -0.000100, 0.003309, 1.000000, 0.000006, -0.000006, -0.000006, 0.038460, -0.999260, -0.000006, 0.999260, 0.038460),
            ["LeftFoot"] = CFrame.new(0.000000, -0.000205, -0.000000, 0.992926, -0.110981, -0.042215, 0.116194, 0.834941, 0.537933, -0.024453, -0.539033, 0.841930),
            ["Head"] = CFrame.new(0.000000, 0.199004, -0.041718, 1.000000, 0.000000, -0.000000, 0.000000, 0.412717, -0.910860, 0.000000, 0.910860, 0.412717),
            ["RightUpperArm"] = CFrame.new(0.052326, -0.225857, -0.285135, 0.325222, -0.655826, 0.681266, 0.653882, -0.364479, -0.663018, 0.683132, 0.661095, 0.310296),
            ["UpperTorso"] = CFrame.new(0.000000, -0.156649, -0.067542, 1.000000, 0.000000, 0.000000, 0.000000, 0.830085, 0.557637, 0.000000, -0.557637, 0.830085),
            ["HumanoidRootPart"] = CFrame.new(0.000000, 0.000000, 0.000000, 1.000000, 0.000000, 0.000000, 0.000000, 1.000000, 0.000000, 0.000000, 0.000000, 1.000000),
            ["RightHand"] = CFrame.new(-0.013949, 0.060473, -0.017651, 0.997418, -0.070732, -0.012417, 0.054088, 0.626184, 0.777797, -0.047240, -0.776460, 0.628393),
            ["LeftUpperArm"] = CFrame.new(-0.103709, -0.268017, -0.250939, 0.161127, 0.772994, -0.613611, -0.755493, -0.303445, -0.580648, -0.635035, 0.557137, 0.535098),
            ["RightLowerArm"] = CFrame.new(-0.000000, -0.000000, 0.003309, 1.000000, 0.000017, -0.000016, -0.000017, 0.055001, -0.998486, -0.000016, 0.998486, 0.055001),
            ["LeftHand"] = CFrame.new(0.000000, 0.000093, 0.000000, 0.992131, 0.119771, 0.036484, -0.118263, 0.800789, 0.587155, 0.041108, -0.586849, 0.808652),
            ["LowerTorso"] = CFrame.new(-0.098478, -0.064211, 0.758476, 1.000000, 0.000000, 0.000000, 0.000000, 0.850519, 0.525945, 0.000000, -0.525945, 0.850519),
            ["RightUpperLeg"] = CFrame.new(-0.000000, -0.227909, 0.655021, 0.957759, 0.042773, 0.284372, 0.285226, -0.267302, -0.920432, 0.036644, 0.962663, -0.268212),
            ["RightLowerLeg"] = CFrame.new(-0.000000, 0.000000, -0.003018, 1.000000, 0.000000, -0.000000, 0.000000, 0.035344, 0.999375, -0.000000, -0.999375, 0.035345),
            ["LeftUpperLeg"] = CFrame.new(-0.000000, -0.227909, 0.654921, 0.992925, -0.029537, -0.115007, -0.117771, -0.368401, -0.922177, -0.015131, 0.929198, -0.369273),
            ["LeftLowerLeg"] = CFrame.new(0.000000, 0.000200, -0.002918, 1.000000, -0.000000, -0.000000, 0.000000, -0.043962, 0.999033, -0.000000, -0.999033, -0.043962),
        }},
        {Time = 0.083, Data = {
            ["RightFoot"] = CFrame.new(-0.000000, -0.000005, -0.000100, 0.970340, 0.225906, 0.086060, -0.240876, 0.933647, 0.265107, -0.020460, -0.277974, 0.960371),
            ["LeftLowerArm"] = CFrame.new(-0.000500, -0.000100, 0.003309, 1.000000, -0.000004, 0.000003, 0.000004, 0.246541, -0.969132, 0.000003, 0.969132, 0.246541),
            ["LeftFoot"] = CFrame.new(0.000000, -0.000205, -0.000000, 0.996518, -0.077930, -0.029643, 0.083102, 0.957214, 0.277192, 0.006773, -0.278690, 0.960357),
            ["Head"] = CFrame.new(0.000000, 0.199004, -0.041718, 1.000000, 0.000000, -0.000000, 0.000000, 0.678467, -0.734631, 0.000000, 0.734631, 0.678467),
            ["RightUpperArm"] = CFrame.new(0.016347, -0.117541, -0.342692, 0.397225, -0.593893, 0.699645, 0.520546, -0.482058, -0.704736, 0.755807, 0.644136, 0.117663),
            ["UpperTorso"] = CFrame.new(-0.000000, -0.156649, -0.067542, 1.000000, 0.000000, 0.000000, 0.000000, 0.980597, 0.196035, 0.000000, -0.196035, 0.980597),
            ["HumanoidRootPart"] = CFrame.new(0.000000, 0.000000, 0.000000, 1.000000, 0.000000, 0.000000, 0.000000, 1.000000, 0.000000, 0.000000, 0.000000, 1.000000),
            ["RightHand"] = CFrame.new(-0.013948, 0.060473, -0.017651, 0.996950, -0.076135, -0.017133, 0.067210, 0.726083, 0.684314, -0.039660, -0.683379, 0.728986),
            ["LeftUpperArm"] = CFrame.new(-0.060625, -0.164613, -0.321916, 0.247341, 0.721985, -0.646188, -0.630519, -0.386453, -0.673127, -0.735709, 0.573926, 0.359640),
            ["RightLowerArm"] = CFrame.new(0.000000, 0.000000, 0.003309, 1.000000, -0.000004, 0.000003, 0.000004, 0.302583, -0.953123, 0.000003, 0.953123, 0.302583),
            ["LeftHand"] = CFrame.new(0.000000, 0.000093, -0.000000, 0.993013, 0.113525, 0.032201, -0.114230, 0.856328, 0.503641, 0.029601, -0.503800, 0.863313),
            ["LowerTorso"] = CFrame.new(-0.107515, 0.326050, 0.713150, 1.000000, 0.000000, 0.000000, 0.000000, 0.809317, 0.587373, 0.000000, -0.587373, 0.809317),
            ["RightUpperLeg"] = CFrame.new(-0.000000, -0.169372, 0.486784, 0.970340, -0.015176, 0.241266, 0.240881, -0.023501, -0.970270, 0.020394, 0.999609, -0.019148),
            ["RightLowerLeg"] = CFrame.new(-0.000000, 0.000000, -0.003018, 1.000000, -0.000000, 0.000000, -0.000000, -0.021918, 0.999760, 0.000000, -0.999760, -0.021918),
            ["LeftUpperLeg"] = CFrame.new(0.000000, -0.169372, 0.486684, 0.996518, -0.003334, -0.083311, -0.083081, -0.124009, -0.988797, -0.007034, 0.992275, -0.123854),
            ["LeftLowerLeg"] = CFrame.new(-0.000000, 0.000200, -0.002918, 1.000000, -0.000000, -0.000000, 0.000000, -0.121042, 0.992647, -0.000000, -0.992647, -0.121041),
        }},
        {Time = 0.100, Data = {
            ["RightFoot"] = CFrame.new(-0.000000, -0.000005, -0.000100, 0.979332, 0.189009, 0.072003, -0.194519, 0.977692, 0.079256, -0.055417, -0.091624, 0.994250),
            ["LeftLowerArm"] = CFrame.new(-0.000500, -0.000100, 0.003308, 1.000000, -0.000017, 0.000010, 0.000017, 0.489284, -0.872124, 0.000010, 0.872124, 0.489284),
            ["LeftFoot"] = CFrame.new(-0.000000, -0.000205, -0.000000, 0.998262, -0.055075, -0.020950, 0.056238, 0.996629, 0.059730, 0.017589, -0.060805, 0.997995),
            ["Head"] = CFrame.new(0.000000, 0.199004, -0.041718, 1.000000, 0.000000, -0.000000, 0.000000, 0.873576, -0.486689, 0.000000, 0.486689, 0.873576),
            ["RightUpperArm"] = CFrame.new(-0.012553, -0.009928, -0.385504, 0.455092, -0.497737, 0.738342, 0.395901, -0.629618, -0.668464, 0.797593, 0.596523, -0.089479),
            ["UpperTorso"] = CFrame.new(-0.000000, -0.156649, -0.067541, 1.000000, 0.000000, 0.000000, 0.000000, 0.980676, -0.195639, 0.000000, 0.195639, 0.980676),
            ["HumanoidRootPart"] = CFrame.new(0.000000, 0.000000, 0.000000, 1.000000, 0.000000, 0.000000, 0.000000, 1.000000, 0.000000, 0.000000, 0.000000, 1.000000),
            ["RightHand"] = CFrame.new(-0.013948, 0.060473, -0.017651, 0.996399, -0.082129, -0.021062, 0.079166, 0.812254, 0.577907, -0.030355, -0.577493, 0.815831),
            ["LeftUpperArm"] = CFrame.new(-0.023897, -0.057167, -0.376187, 0.320869, 0.645472, -0.693116, -0.504903, -0.502581, -0.701773, -0.801321, 0.575134, 0.164638),
            ["RightLowerArm"] = CFrame.new(0.000000, -0.000001, 0.003309, 1.000000, 0.000007, -0.000004, -0.000007, 0.594461, -0.804125, -0.000004, 0.804125, 0.594461),
            ["LeftHand"] = CFrame.new(-0.000000, 0.000093, -0.000000, 0.993862, 0.106875, 0.028568, -0.109060, 0.903238, 0.415051, 0.018555, -0.415619, 0.909349),
            ["LowerTorso"] = CFrame.new(-0.115562, 0.701477, 0.640569, 1.000000, 0.000000, 0.000000, 0.000000, 0.761479, 0.648190, 0.000000, -0.648190, 0.761479),
            ["RightUpperLeg"] = CFrame.new(-0.000000, -0.110835, 0.318546, 0.979332, -0.077052, 0.187007, 0.202038, 0.329434, -0.922309, 0.009459, 0.941029, 0.338193),
            ["RightLowerLeg"] = CFrame.new(-0.000000, 0.000000, -0.003018, 1.000000, 0.000000, 0.000000, -0.000000, 0.113048, 0.993590, 0.000000, -0.993590, 0.113048),
            ["LeftUpperLeg"] = CFrame.new(0.000000, -0.110835, 0.318446, 0.998262, 0.017065, -0.056400, -0.058861, 0.244026, -0.967981, -0.002756, 0.969619, 0.244606),
            ["LeftLowerLeg"] = CFrame.new(0.000000, 0.000200, -0.002918, 1.000000, -0.000000, -0.000000, 0.000000, -0.009315, 0.999957, -0.000000, -0.999957, -0.009316),
        }},
        {Time = 0.117, Data = {
            ["RightFoot"] = CFrame.new(-0.000000, -0.000005, -0.000100, 0.985195, 0.160205, 0.061031, -0.162749, 0.985887, 0.039251, -0.053881, -0.048602, 0.997364),
            ["LeftLowerArm"] = CFrame.new(-0.000500, -0.000100, 0.003309, 1.000000, -0.000009, 0.000004, 0.000009, 0.742849, -0.669459, 0.000003, 0.669459, 0.742849),
            ["LeftFoot"] = CFrame.new(-0.000000, -0.000205, -0.000000, 0.999076, -0.040182, -0.015284, 0.039949, 0.999086, -0.015208, 0.015881, 0.014583, 0.999768),
            ["Head"] = CFrame.new(-0.000000, 0.199005, -0.041718, 1.000000, 0.000000, -0.000000, 0.000000, 0.969140, -0.246512, -0.000000, 0.246512, 0.969140),
            ["RightUpperArm"] = CFrame.new(-0.033825, 0.086064, -0.415555, 0.497713, -0.331159, 0.801633, 0.291901, -0.806373, -0.514350, 0.816747, 0.489996, -0.304676),
            ["UpperTorso"] = CFrame.new(-0.000000, -0.156649, -0.067541, 1.000000, 0.000000, 0.000000, 0.000000, 0.860474, -0.509494, 0.000000, 0.509494, 0.860474),
            ["HumanoidRootPart"] = CFrame.new(0.000000, 0.000000, 0.000000, 1.000000, 0.000000, 0.000000, 0.000000, 1.000000, 0.000000, 0.000000, 0.000000, 1.000000),
            ["RightHand"] = CFrame.new(-0.013948, 0.060472, -0.017651, 0.995833, -0.088006, -0.023891, 0.088851, 0.877417, 0.471428, -0.020526, -0.471587, 0.881581),
            ["LeftUpperArm"] = CFrame.new(0.004332, 0.041289, -0.414478, 0.377407, 0.537305, -0.754233, -0.394878, -0.643333, -0.655892, -0.837637, 0.545368, -0.030629),
            ["RightLowerArm"] = CFrame.new(-0.000000, -0.000000, 0.003309, 1.000000, -0.000007, 0.000002, 0.000007, 0.901067, -0.433679, 0.000002, 0.433679, 0.901067),
            ["LeftHand"] = CFrame.new(0.000000, 0.000092, -0.000000, 0.994602, 0.100498, 0.025845, -0.103381, 0.938183, 0.330340, 0.008951, -0.331229, 0.943508),
            ["LowerTorso"] = CFrame.new(-0.122328, 1.043847, 0.548257, 1.000000, 0.000000, 0.000000, 0.000000, 0.708324, 0.705888, 0.000000, -0.705888, 0.708324),
            ["RightUpperLeg"] = CFrame.new(-0.000000, -0.057045, 0.163950, 0.985195, -0.120864, 0.121582, 0.171415, 0.683318, -0.709713, 0.002700, 0.720047, 0.693920),
            ["RightLowerLeg"] = CFrame.new(0.000000, 0.000001, -0.003018, 1.000000, 0.000000, -0.000000, -0.000000, 0.446388, 0.894839, 0.000000, -0.894839, 0.446389),
            ["LeftUpperLeg"] = CFrame.new(0.000000, -0.057045, 0.163850, 0.999075, 0.027107, -0.033368, -0.042985, 0.617649, -0.785279, -0.000677, 0.785987, 0.618243),
            ["LeftLowerLeg"] = CFrame.new(-0.000000, 0.000200, -0.002918, 1.000000, -0.000000, -0.000000, 0.000000, 0.299192, 0.954193, -0.000000, -0.954193, 0.299192),
        }},
        {Time = 0.133, Data = {
            ["RightFoot"] = CFrame.new(-0.000000, -0.000005, -0.000100, 0.988929, 0.138670, 0.052827, -0.147683, 0.954473, 0.259173, -0.014482, -0.264105, 0.964385),
            ["LeftLowerArm"] = CFrame.new(-0.000499, -0.000100, 0.003308, 1.000000, 0.000002, -0.000000, -0.000002, 0.972632, -0.232351, -0.000001, 0.232351, 0.972632),
            ["LeftFoot"] = CFrame.new(0.000000, -0.000205, 0.000000, 0.999458, -0.030778, -0.011707, 0.031869, 0.993579, 0.108559, 0.008291, -0.108874, 0.994021),
            ["Head"] = CFrame.new(0.000000, 0.199004, -0.041718, 1.000000, 0.000000, -0.000000, 0.000000, 0.997062, -0.076598, 0.000000, 0.076599, 0.997062),
            ["RightUpperArm"] = CFrame.new(-0.048212, 0.162453, -0.435436, 0.526557, -0.165392, 0.833896, 0.214520, -0.923302, -0.318581, 0.822629, 0.346638, -0.450692),
            ["UpperTorso"] = CFrame.new(0.000000, -0.156649, -0.067542, 1.000000, 0.000000, 0.000000, 0.000000, 0.707971, -0.706242, 0.000000, 0.706242, 0.707971),
            ["HumanoidRootPart"] = CFrame.new(0.000000, 0.000000, 0.000000, 1.000000, 0.000000, 0.000000, 0.000000, 1.000000, 0.000000, 0.000000, 0.000000, 1.000000),
            ["RightHand"] = CFrame.new(-0.013948, 0.060472, -0.017651, 0.995336, -0.093004, -0.025631, 0.095758, 0.920225, 0.379494, -0.011708, -0.380178, 0.924839),
            ["LeftUpperArm"] = CFrame.new(0.023973, 0.120736, -0.439526, 0.416763, 0.346736, -0.840287, -0.310541, -0.814471, -0.490104, -0.854326, 0.465201, -0.231765),
            ["RightLowerArm"] = CFrame.new(0.000001, -0.000001, 0.003309, 1.000000, 0.000000, 0.000000, -0.000000, 0.999994, 0.003340, -0.000000, -0.003340, 0.999994),
            ["LeftHand"] = CFrame.new(-0.000000, 0.000093, 0.000000, 0.995175, 0.095115, 0.024063, -0.098100, 0.960877, 0.259020, 0.001515, -0.260131, 0.965572),
            ["LowerTorso"] = CFrame.new(-0.127521, 1.340951, 0.446348, 1.000000, 0.000000, 0.000000, 0.000000, 0.651794, 0.758396, 0.000000, -0.758396, 0.651794),
            ["RightUpperLeg"] = CFrame.new(-0.000000, -0.012747, 0.036636, 0.988929, -0.143858, 0.036402, 0.148387, 0.960561, -0.235167, -0.001135, 0.237964, 0.971273),
            ["RightLowerLeg"] = CFrame.new(0.000000, 0.000001, -0.003018, 1.000000, -0.000000, 0.000000, -0.000000, 0.940877, 0.338749, 0.000000, -0.338749, 0.940877),
            ["LeftUpperLeg"] = CFrame.new(0.000000, -0.012747, 0.036536, 0.999458, 0.029825, -0.013958, -0.032929, 0.908450, -0.416694, 0.000252, 0.416927, 0.908940),
            ["LeftLowerLeg"] = CFrame.new(-0.000000, 0.000200, -0.002918, 1.000000, -0.000000, -0.000000, 0.000000, 0.769820, 0.638261, -0.000000, -0.638261, 0.769820),
        }},
        {Time = 1.000, Data = {
            ["RightFoot"] = CFrame.new(-0.000000, -0.000005, -0.000100, 0.988929, 0.138670, 0.052827, -0.147683, 0.954473, 0.259173, -0.014482, -0.264105, 0.964385),
            ["LeftLowerArm"] = CFrame.new(-0.000499, -0.000100, 0.003308, 1.000000, 0.000002, -0.000000, -0.000002, 0.972632, -0.232351, -0.000001, 0.232351, 0.972632),
            ["LeftFoot"] = CFrame.new(0.000000, -0.000205, 0.000000, 0.999458, -0.030778, -0.011707, 0.031869, 0.993579, 0.108559, 0.008291, -0.108874, 0.994021),
            ["Head"] = CFrame.new(0.000000, 0.199005, -0.041718, 1.000000, 0.000000, -0.000000, 0.000000, 0.999997, 0.002519, -0.000000, -0.002519, 0.999997),
            ["RightUpperArm"] = CFrame.new(-0.056625, 0.212858, -0.446956, 0.543438, -0.181184, 0.819663, 0.166420, -0.933796, -0.316749, 0.822788, 0.308542, -0.477307),
            ["UpperTorso"] = CFrame.new(0.000000, -0.156649, -0.067542, 1.000000, 0.000000, 0.000000, 0.000000, 0.592287, -0.805727, 0.000000, 0.805727, 0.592287),
            ["HumanoidRootPart"] = CFrame.new(0.000000, 0.000000, 0.000000, 1.000000, 0.000000, 0.000000, 0.000000, 1.000000, 0.000000, 0.000000, 0.000000, 1.000000),
            ["RightHand"] = CFrame.new(-0.013949, 0.060473, -0.017651, 0.994987, -0.096431, -0.026506, 0.099859, 0.943556, 0.315802, -0.005443, -0.316866, 0.948455),
            ["LeftUpperArm"] = CFrame.new(0.023973, 0.120736, -0.439526, 0.416763, 0.346736, -0.840287, -0.310541, -0.814471, -0.490104, -0.854326, 0.465201, -0.231765),
            ["RightLowerArm"] = CFrame.new(-0.000000, 0.000000, 0.003309, 1.000000, 0.000000, -0.000000, -0.000000, 0.999995, 0.003338, -0.000000, -0.003338, 0.999994),
            ["LeftHand"] = CFrame.new(-0.000000, 0.000093, 0.000000, 0.995175, 0.095115, 0.024063, -0.098100, 0.960877, 0.259020, 0.001515, -0.260131, 0.965572),
            ["LowerTorso"] = CFrame.new(-0.130850, 1.587113, 0.346003, 1.000000, 0.000000, 0.000000, 0.000000, 0.594315, 0.804233, 0.000000, -0.804233, 0.594315),
            ["RightUpperLeg"] = CFrame.new(-0.000000, -0.012747, 0.036636, 0.988929, -0.143858, 0.036402, 0.148387, 0.960561, -0.235167, -0.001135, 0.237964, 0.971273),
            ["RightLowerLeg"] = CFrame.new(0.000000, 0.000001, -0.003018, 1.000000, -0.000000, 0.000000, -0.000000, 0.940877, 0.338749, 0.000000, -0.338749, 0.940877),
            ["LeftUpperLeg"] = CFrame.new(0.000000, -0.012747, 0.036536, 0.999458, 0.029825, -0.013958, -0.032929, 0.908450, -0.416694, 0.000252, 0.416927, 0.908940),
            ["LeftLowerLeg"] = CFrame.new(-0.000000, 0.000200, -0.002918, 1.000000, -0.000000, -0.000000, 0.000000, 0.769820, 0.638261, -0.000000, -0.638261, 0.769820),
        }},
    }
}
