return {
  ["KeyframeSequence"] = {
    {Time = 0.000, Data = {
      ["Head"] = CFrame.new(0.000000, 0.000000, 0.000000, 0.770707, 0.140595, -0.621485, -0.553790, 0.630220, -0.544187, 0.315162, 0.763581, 0.563575),
      ["LeftFoot"] = CFrame.new(-0.000000, 0.039686, -0.000011, 0.995870, -0.069459, -0.058472, 0.059123, 0.984859, -0.162964, 0.068906, 0.158834, 0.984898),
      ["LeftHand"] = CFrame.new(0.000500, 0.000100, -0.000000, 1.000000, 0.000000, 0.000000, 0.000000, 1.000000, 0.000000, 0.000000, 0.000000, 1.000000),
      ["LeftLowerArm"] = CFrame.new(-0.000500, -0.000100, -0.000000, 1.000000, 0.000000, 0.000000, 0.000000, 1.000000, 0.000000, 0.000000, 0.000000, 1.000000),
      ["LeftLowerLeg"] = CFrame.new(-0.000000, 0.124421, -0.129146, 1.000000, 0.000000, 0.000000, 0.000000, -0.347872, 0.937542, 0.000000, -0.937542, -0.347872),
      ["LeftUpperArm"] = CFrame.new(0.000000, 0.000000, -0.000000, 0.875818, -0.482426, -0.014433, 0.160748, 0.319766, -0.933761, 0.455086, 0.815485, 0.357606),
      ["LeftUpperLeg"] = CFrame.new(-0.000000, 0.000000, -0.000100, 0.760378, 0.598545, -0.252131, -0.368246, 0.077535, -0.926490, -0.534996, 0.797328, 0.279368),
      ["LowerTorso"] = CFrame.new(0.000000, -1.169995, 0.478321, 1.000000, -0.000000, 0.000000, 0.000000, 0.735733, 0.677272, -0.000000, -0.677272, 0.735733),
      ["RightFoot"] = CFrame.new(-0.000000, 0.039886, -0.000111, 0.995870, 0.069459, 0.058472, -0.059123, 0.984859, -0.162964, -0.068906, 0.158834, 0.984898),
      ["RightHand"] = CFrame.new(-0.000500, 0.000000, -0.000000, 1.000000, 0.000000, 0.000000, 0.000000, 1.000000, 0.000000, 0.000000, 0.000000, 1.000000),
      ["RightLowerArm"] = CFrame.new(-0.000000, 0.000000, -0.000000, 1.000000, 0.000000, 0.000000, 0.000000, 1.000000, 0.000000, 0.000000, 0.000000, 1.000000),
      ["RightLowerLeg"] = CFrame.new(0.000000, 0.124221, -0.129246, 1.000000, 0.000000, 0.000000, 0.000000, -0.347872, 0.937542, 0.000000, -0.937542, -0.347872),
      ["RightUpperArm"] = CFrame.new(-0.000000, -0.000000, -0.000000, 0.875818, 0.482426, 0.014433, -0.160748, 0.319766, -0.933761, -0.455086, 0.815485, 0.357606),
      ["RightUpperLeg"] = CFrame.new(0.000000, -0.000000, -0.000000, 0.760378, -0.598545, 0.252131, 0.368246, 0.077535, -0.926490, 0.534996, 0.797328, 0.279368),
      ["UpperTorso"] = CFrame.new(0.000000, -0.000193, 0.000000, 1.000000, -0.000000, 0.000000, 0.000000, 0.961920, 0.273332, -0.000000, -0.273332, 0.961920)
    }},
    {Time = 0.017, Data = {
      ["Head"] = CFrame.new(0.000000, 0.000000, 0.000000, 0.771046, 0.140513, -0.621082, -0.553474, 0.630193, -0.544539, 0.314887, 0.763618, 0.563679),
      ["LeftFoot"] = CFrame.new(-0.000000, 0.039686, -0.000011, 0.995870, -0.069459, -0.058472, 0.059123, 0.984859, -0.162964, 0.068906, 0.158834, 0.984898),
      ["LeftHand"] = CFrame.new(0.000500, 0.000100, -0.000000, 1.000000, 0.000000, 0.000000, 0.000000, 1.000000, 0.000000, 0.000000, 0.000000, 1.000000),
      ["LeftLowerArm"] = CFrame.new(-0.000500, -0.000099, -0.000000, 1.000000, 0.000000, 0.000000, 0.000000, 1.000000, 0.000000, 0.000000, 0.000000, 1.000000),
      ["LeftLowerLeg"] = CFrame.new(-0.000000, 0.124419, -0.129150, 1.000000, 0.000000, 0.000000, 0.000000, -0.347872, 0.937542, 0.000000, -0.937542, -0.347872),
      ["LeftUpperArm"] = CFrame.new(0.000000, 0.000059, 0.000105, 0.875818, -0.482426, -0.014433, 0.160748, 0.319766, -0.933761, 0.455086, 0.815485, 0.357606),
      ["LeftUpperLeg"] = CFrame.new(-0.000000, 0.000025, -0.000057, 0.760378, 0.598530, -0.252167, -0.368214, 0.077433, -0.926511, -0.535018, 0.797350, 0.279265),
      ["LowerTorso"] = CFrame.new(0.000000, -1.170072, 0.478321, 1.000000, -0.000000, 0.000000, 0.000000, 0.735733, 0.677272, -0.000000, -0.677272, 0.735733),
      ["RightFoot"] = CFrame.new(-0.000000, 0.039886, -0.000111, 0.995870, 0.069459, 0.058472, -0.059123, 0.984859, -0.162964, -0.068906, 0.158834, 0.984898),
      ["RightHand"] = CFrame.new(-0.000500, 0.000000, 0.000000, 1.000000, 0.000000, 0.000000, 0.000000, 1.000000, 0.000000, 0.000000, 0.000000, 1.000000),
      ["RightLowerArm"] = CFrame.new(-0.000000, 0.000000, -0.000000, 1.000000, 0.000000, 0.000000, 0.000000, 1.000000, 0.000000, 0.000000, 0.000000, 1.000000),
      ["RightLowerLeg"] = CFrame.new(-0.000000, 0.124219, -0.129250, 1.000000, 0.000000, 0.000000, 0.000000, -0.347872, 0.937542, 0.000000, -0.937542, -0.347872),
      ["RightUpperArm"] = CFrame.new(-0.000000, 0.000059, 0.000105, 0.875818, 0.482426, 0.014433, -0.160748, 0.319766, -0.933761, -0.455086, 0.815485, 0.357606),
      ["RightUpperLeg"] = CFrame.new(0.000000, 0.000025, 0.000043, 0.760378, -0.598530, 0.252167, 0.368214, 0.077433, -0.926511, 0.535018, 0.797350, 0.279265),
      ["UpperTorso"] = CFrame.new(-0.000000, -0.000246, -0.000049, 1.000000, -0.000000, 0.000000, 0.000000, 0.961920, 0.273332, -0.000000, -0.273332, 0.961920)
    }},
    {Time = 0.033, Data = {
      ["Head"] = CFrame.new(0.000000, 0.000000, 0.000000, 0.771981, 0.140394, -0.619948, -0.552577, 0.630274, -0.545356, 0.314173, 0.763573, 0.564138),
      ["LeftFoot"] = CFrame.new(0.000000, 0.039687, -0.000011, 0.995859, -0.069554, -0.058548, 0.059198, 0.984839, -0.163055, 0.069001, 0.158913, 0.984878),
      ["LeftHand"] = CFrame.new(0.000500, 0.000100, -0.000000, 1.000000, 0.000000, 0.000000, 0.000000, 1.000000, 0.000000, 0.000000, 0.000000, 1.000000),
      ["LeftLowerArm"] = CFrame.new(-0.000500, -0.000099, -0.000000, 1.000000, 0.000000, 0.000000, 0.000000, 1.000000, 0.000000, 0.000000, 0.000000, 1.000000),
      ["LeftLowerLeg"] = CFrame.new(0.000000, 0.124416, -0.129160, 1.000000, 0.000000, 0.000000, 0.000000, -0.347971, 0.937505, 0.000000, -0.937505, -0.347971),
      ["LeftUpperArm"] = CFrame.new(0.000000, 0.000235, 0.000417, 0.875818, -0.482426, -0.014433, 0.160748, 0.319766, -0.933761, 0.455086, 0.815485, 0.357606),
      ["LeftUpperLeg"] = CFrame.new(-0.000000, 0.000098, 0.000072, 0.760337, 0.598532, -0.252284, -0.368318, 0.077376, -0.926474, -0.535004, 0.797353, 0.279282),
      ["LowerTorso"] = CFrame.new(0.000000, -1.170299, 0.478321, 1.000000, -0.000000, 0.000000, 0.000000, 0.735733, 0.677272, -0.000000, -0.677272, 0.735733),
      ["RightFoot"] = CFrame.new(-0.000000, 0.039887, -0.000111, 0.995859, 0.069554, 0.058548, -0.059198, 0.984839, -0.163055, -0.069001, 0.158913, 0.984878),
      ["RightHand"] = CFrame.new(-0.000500, 0.000001, -0.000000, 1.000000, 0.000000, 0.000000, 0.000000, 1.000000, 0.000000, 0.000000, 0.000000, 1.000000),
      ["RightLowerArm"] = CFrame.new(-0.000000, 0.000001, -0.000000, 1.000000, 0.000000, 0.000000, 0.000000, 1.000000, 0.000000, 0.000000, 0.000000, 1.000000),
      ["RightLowerLeg"] = CFrame.new(0.000000, 0.124216, -0.129260, 1.000000, 0.000000, 0.000000, 0.000000, -0.347971, 0.937505, 0.000000, -0.937505, -0.347971),
      ["RightUpperArm"] = CFrame.new(-0.000000, 0.000235, 0.000417, 0.875818, 0.482426, 0.014433, -0.160748, 0.319766, -0.933761, -0.455086, 0.815485, 0.357606),
      ["RightUpperLeg"] = CFrame.new(0.000000, 0.000098, 0.000172, 0.760337, -0.598532, 0.252284, 0.368318, 0.077376, -0.926474, 0.535004, 0.797353, 0.279282),
      ["UpperTorso"] = CFrame.new(-0.000000, -0.000402, -0.000193, 1.000000, -0.000000, 0.000000, 0.000000, 0.961920, 0.273332, -0.000000, -0.273332, 0.961920)
    }},
    {Time = 0.050, Data = {
      ["Head"] = CFrame.new(0.000000, 0.000000, 0.000000, 0.773541, 0.140134, -0.618059, -0.551042, 0.630432, -0.546725, 0.313029, 0.763491, 0.564885),
      ["LeftFoot"] = CFrame.new(-0.000000, 0.039687, -0.000011, 0.995853, -0.069561, -0.058634, 0.059191, 0.984839, -0.163057, 0.069087, 0.158910, 0.984873),
      ["LeftHand"] = CFrame.new(0.000500, 0.000100, -0.000000, 1.000000, 0.000000, 0.000000, 0.000000, 1.000000, 0.000000, 0.000000, 0.000000, 1.000000),
      ["LeftLowerArm"] = CFrame.new(-0.000500, -0.000100, -0.000000, 1.000000, 0.000000, 0.000000, 0.000000, 1.000000, 0.000000, 0.000000, 0.000000, 1.000000),
      ["LeftLowerLeg"] = CFrame.new(0.000000, 0.124409, -0.129176, 1.000000, 0.000000, 0.000000, 0.000000, -0.348168, 0.937432, 0.000000, -0.937432, -0.348168),
      ["LeftUpperArm"] = CFrame.new(0.000000, 0.000524, 0.000932, 0.875818, -0.482426, -0.014433, 0.160748, 0.319766, -0.933761, 0.455086, 0.815485, 0.357606),
      ["LeftUpperLeg"] = CFrame.new(-0.000000, 0.000219, 0.000284, 0.760296, 0.598520, -0.252436, -0.368391, 0.077216, -0.926459, -0.535011, 0.797378, 0.279196),
      ["LowerTorso"] = CFrame.new(0.000000, -1.170673, 0.478321, 1.000000, -0.000000, 0.000000, 0.000000, 0.735733, 0.677272, -0.000000, -0.677272, 0.735733),
      ["RightFoot"] = CFrame.new(-0.000000, 0.039888, -0.000111, 0.995853, 0.069561, 0.058634, -0.059191, 0.984839, -0.163057, -0.069087, 0.158910, 0.984873),
      ["RightHand"] = CFrame.new(-0.000500, 0.000001, -0.000000, 1.000000, 0.000000, 0.000000, 0.000000, 1.000000, 0.000000, 0.000000, 0.000000, 1.000000),
      ["RightLowerArm"] = CFrame.new(-0.000000, 0.000000, -0.000000, 1.000000, 0.000000, 0.000000, 0.000000, 1.000000, 0.000000, 0.000000, 0.000000, 1.000000),
      ["RightLowerLeg"] = CFrame.new(0.000000, 0.124209, -0.129276, 1.000000, 0.000000, 0.000000, 0.000000, -0.348168, 0.937432, 0.000000, -0.937432, -0.348168),
      ["RightUpperArm"] = CFrame.new(-0.000000, 0.000524, 0.000932, 0.875818, 0.482426, 0.014433, -0.160748, 0.319766, -0.933761, -0.455086, 0.815485, 0.357606),
      ["RightUpperLeg"] = CFrame.new(0.000000, 0.000219, 0.000384, 0.760296, -0.598520, 0.252436, 0.368391, 0.077216, -0.926459, 0.535011, 0.797378, 0.279196),
      ["UpperTorso"] = CFrame.new(-0.000000, -0.000661, -0.000431, 1.000000, -0.000000, 0.000000, 0.000000, 0.961920, 0.273332, -0.000000, -0.273332, 0.961920)
    }},
    {Time = 0.067, Data = {
      ["Head"] = CFrame.new(0.000000, 0.000000, 0.000000, 0.775686, 0.139774, -0.615446, -0.548952, 0.630563, -0.548673, 0.311387, 0.763448, 0.565848),
      ["LeftFoot"] = CFrame.new(-0.000000, 0.039689, -0.000011, 0.995842, -0.069656, -0.058710, 0.059267, 0.984820, -0.163148, 0.069183, 0.158990, 0.984853),
      ["LeftHand"] = CFrame.new(0.000500, 0.000101, -0.000000, 1.000000, 0.000000, 0.000000, 0.000000, 1.000000, 0.000000, 0.000000, 0.000000, 1.000000),
      ["LeftLowerArm"] = CFrame.new(-0.000500, -0.000099, -0.000000, 1.000000, 0.000000, 0.000000, 0.000000, 1.000000, 0.000000, 0.000000, 0.000000, 1.000000),
      ["LeftLowerLeg"] = CFrame.new(-0.000000, 0.124401, -0.129199, 1.000000, 0.000000, 0.000000, 0.000000, -0.348365, 0.937359, 0.000000, -0.937359, -0.348365),
      ["LeftUpperArm"] = CFrame.new(0.000000, 0.000925, 0.001644, 0.875818, -0.482426, -0.014433, 0.160748, 0.319766, -0.933761, 0.455086, 0.815485, 0.357606),
      ["LeftUpperLeg"] = CFrame.new(-0.000000, 0.000387, 0.000578, 0.760256, 0.598507, -0.252588, -0.368464, 0.077057, -0.926443, -0.535019, 0.797403, 0.279111),
      ["LowerTorso"] = CFrame.new(0.000000, -1.171191, 0.478321, 1.000000, -0.000000, 0.000000, 0.000000, 0.735733, 0.677272, -0.000000, -0.677272, 0.735733),
      ["RightFoot"] = CFrame.new(-0.000000, 0.039889, -0.000111, 0.995842, 0.069656, 0.058710, -0.059267, 0.984820, -0.163148, -0.069183, 0.158990, 0.984853),
      ["RightHand"] = CFrame.new(-0.000500, 0.000001, -0.000000, 1.000000, 0.000000, 0.000000, 0.000000, 1.000000, 0.000000, 0.000000, 0.000000, 1.000000),
      ["RightLowerArm"] = CFrame.new(-0.000000, 0.000001, -0.000000, 1.000000, 0.000000, 0.000000, 0.000000, 1.000000, 0.000000, 0.000000, 0.000000, 1.000000),
      ["RightLowerLeg"] = CFrame.new(0.000000, 0.124201, -0.129299, 1.000000, 0.000000, 0.000000, 0.000000, -0.348365, 0.937359, 0.000000, -0.937359, -0.348365),
      ["RightUpperArm"] = CFrame.new(-0.000000, 0.000925, 0.001644, 0.875818, 0.482426, 0.014433, -0.160748, 0.319766, -0.933761, -0.455086, 0.815485, 0.357606),
      ["RightUpperLeg"] = CFrame.new(0.000000, 0.000386, 0.000678, 0.760256, -0.598507, 0.252588, 0.368464, 0.077057, -0.926443, 0.535019, 0.797403, 0.279111),
      ["UpperTorso"] = CFrame.new(-0.000000, -0.001018, -0.000760, 1.000000, -0.000000, 0.000000, 0.000000, 0.961920, 0.273332, -0.000000, -0.273332, 0.961920)
    }},
    {Time = 0.083, Data = {
      ["Head"] = CFrame.new(0.000000, 0.000000, 0.000000, 0.778443, 0.139302, -0.612064, -0.546202, 0.630831, -0.551104, 0.309339, 0.763313, 0.567153),
      ["LeftFoot"] = CFrame.new(0.000000, 0.039691, -0.000011, 0.995825, -0.069835, -0.058781, 0.059432, 0.984809, -0.163155, 0.069282, 0.158981, 0.984848),
      ["LeftHand"] = CFrame.new(0.000500, 0.000100, -0.000000, 1.000000, 0.000000, 0.000000, 0.000000, 1.000000, 0.000000, 0.000000, 0.000000, 1.000000),
      ["LeftLowerArm"] = CFrame.new(-0.000500, -0.000100, -0.000000, 1.000000, 0.000000, 0.000000, 0.000000, 1.000000, 0.000000, 0.000000, 0.000000, 1.000000),
      ["LeftLowerLeg"] = CFrame.new(-0.000000, 0.124390, -0.129228, 1.000000, 0.000000, 0.000000, 0.000000, -0.348660, 0.937249, 0.000000, -0.937249, -0.348660),
      ["LeftUpperArm"] = CFrame.new(0.000000, 0.001435, 0.002550, 0.875818, -0.482426, -0.014433, 0.160748, 0.319766, -0.933761, 0.455086, 0.815485, 0.357606),
      ["LeftUpperLeg"] = CFrame.new(-0.000000, 0.000599, 0.000952, 0.760175, 0.598482, -0.252892, -0.368610, 0.076737, -0.926411, -0.535034, 0.797453, 0.278940),
      ["LowerTorso"] = CFrame.new(0.000000, -1.171849, 0.478321, 1.000000, -0.000000, 0.000000, 0.000000, 0.735733, 0.677272, -0.000000, -0.677272, 0.735733),
      ["RightFoot"] = CFrame.new(-0.000000, 0.039891, -0.000111, 0.995825, 0.069835, 0.058781, -0.059432, 0.984809, -0.163155, -0.069282, 0.158981, 0.984848),
      ["RightHand"] = CFrame.new(-0.000500, 0.000000, -0.000000, 1.000000, 0.000000, 0.000000, 0.000000, 1.000000, 0.000000, 0.000000, 0.000000, 1.000000),
      ["RightLowerArm"] = CFrame.new(-0.000000, 0.000001, -0.000000, 1.000000, 0.000000, 0.000000, 0.000000, 1.000000, 0.000000, 0.000000, 0.000000, 1.000000),
      ["RightLowerLeg"] = CFrame.new(-0.000000, 0.124190, -0.129328, 1.000000, 0.000000, 0.000000, 0.000000, -0.348660, 0.937249, 0.000000, -0.937249, -0.348660),
      ["RightUpperArm"] = CFrame.new(-0.000000, 0.001435, 0.002550, 0.875818, 0.482426, 0.014433, -0.160748, 0.319766, -0.933761, -0.455086, 0.815485, 0.357606),
      ["RightUpperLeg"] = CFrame.new(0.000000, 0.000599, 0.001052, 0.760175, -0.598482, 0.252892, 0.368610, 0.076737, -0.926411, 0.535034, 0.797453, 0.278940),
      ["UpperTorso"] = CFrame.new(-0.000000, -0.001473, -0.001178, 1.000000, -0.000000, 0.000000, 0.000000, 0.961920, 0.273332, -0.000000, -0.273332, 0.961920)
    }},
    {Time = 0.100, Data = {
      ["Head"] = CFrame.new(0.000000, 0.000000, 0.000000, 0.781730, 0.138798, -0.607975, -0.542958, 0.631033, -0.554070, 0.306748, 0.763238, 0.568659),
      ["LeftFoot"] = CFrame.new(-0.000000, 0.039692, -0.000011, 0.995803, -0.070023, -0.058936, 0.059586, 0.984784, -0.163251, 0.069470, 0.159054, 0.984823),
      ["LeftHand"] = CFrame.new(0.000500, 0.000100, -0.000000, 1.000000, 0.000000, 0.000000, 0.000000, 1.000000, 0.000000, 0.000000, 0.000000, 1.000000),
      ["LeftLowerArm"] = CFrame.new(-0.000500, -0.000100, -0.000000, 1.000000, 0.000000, 0.000000, 0.000000, 1.000000, 0.000000, 0.000000, 0.000000, 1.000000),
      ["LeftLowerLeg"] = CFrame.new(-0.000000, 0.124377, -0.129263, 1.000000, 0.000000, 0.000000, 0.000000, -0.349055, 0.937102, 0.000000, -0.937102, -0.349055),
      ["LeftUpperArm"] = CFrame.new(0.000000, 0.002050, 0.003644, 0.875818, -0.482426, -0.014433, 0.160748, 0.319766, -0.933761, 0.455086, 0.815485, 0.357606),
      ["LeftUpperLeg"] = CFrame.new(-0.000000, 0.000856, 0.001403, 0.760036, 0.598521, -0.253216, -0.368837, 0.076463, -0.926344, -0.535074, 0.797450, 0.278871),
      ["LowerTorso"] = CFrame.new(0.000000, -1.172644, 0.478321, 1.000000, -0.000000, 0.000000, 0.000000, 0.735733, 0.677272, -0.000000, -0.677272, 0.735733),
      ["RightFoot"] = CFrame.new(0.000000, 0.039892, -0.000111, 0.995803, 0.070023, 0.058936, -0.059586, 0.984784, -0.163251, -0.069470, 0.159054, 0.984823),
      ["RightHand"] = CFrame.new(-0.000500, 0.000001, -0.000000, 1.000000, 0.000000, 0.000000, 0.000000, 1.000000, 0.000000, 0.000000, 0.000000, 1.000000),
      ["RightLowerArm"] = CFrame.new(-0.000000, 0.000001, -0.000000, 1.000000, 0.000000, 0.000000, 0.000000, 1.000000, 0.000000, 0.000000, 0.000000, 1.000000),
      ["RightLowerLeg"] = CFrame.new(-0.000000, 0.124177, -0.129363, 1.000000, 0.000000, 0.000000, 0.000000, -0.349055, 0.937102, 0.000000, -0.937102, -0.349055),
      ["RightUpperArm"] = CFrame.new(-0.000000, 0.002050, 0.003644, 0.875818, 0.482426, 0.014433, -0.160748, 0.319766, -0.933761, -0.455086, 0.815485, 0.357606),
      ["RightUpperLeg"] = CFrame.new(0.000000, 0.000856, 0.001503, 0.760036, -0.598521, 0.253216, 0.368837, 0.076463, -0.926344, 0.535074, 0.797450, 0.278871),
      ["UpperTorso"] = CFrame.new(-0.000000, -0.002022, -0.001684, 1.000000, -0.000000, 0.000000, 0.000000, 0.961920, 0.273332, -0.000000, -0.273332, 0.961920)
    }},
    {Time = 0.117, Data = {
      ["Head"] = CFrame.new(0.000000, 0.000000, 0.000000, 0.785558, 0.138142, -0.603171, -0.539072, 0.631365, -0.557477, 0.303810, 0.763083, 0.570442),
      ["LeftFoot"] = CFrame.new(-0.000000, 0.039695, -0.000011, 0.995780, -0.070211, -0.059090, 0.059741, 0.984758, -0.163347, 0.069658, 0.159127, 0.984798),
      ["LeftHand"] = CFrame.new(0.000500, 0.000100, -0.000000, 1.000000, 0.000000, 0.000000, 0.000000, 1.000000, 0.000000, 0.000000, 0.000000, 1.000000),
      ["LeftLowerArm"] = CFrame.new(-0.000500, -0.000100, -0.000000, 1.000000, 0.000000, 0.000000, 0.000000, 1.000000, 0.000000, 0.000000, 0.000000, 1.000000),
      ["LeftLowerLeg"] = CFrame.new(0.000000, 0.124361, -0.129304, 1.000000, 0.000000, 0.000000, 0.000000, -0.349449, 0.936956, 0.000000, -0.936956, -0.349449),
      ["LeftUpperArm"] = CFrame.new(0.000000, 0.002769, 0.004921, 0.875818, -0.482426, -0.014433, 0.160748, 0.319766, -0.933761, 0.455086, 0.815485, 0.357606),
      ["LeftUpperLeg"] = CFrame.new(-0.000000, 0.001157, 0.001930, 0.759897, 0.598545, -0.253575, -0.369033, 0.076086, -0.926297, -0.535137, 0.797468, 0.278700),
      ["LowerTorso"] = CFrame.new(0.000000, -1.173573, 0.478321, 1.000000, -0.000000, 0.000000, 0.000000, 0.735733, 0.677272, -0.000000, -0.677272, 0.735733),
      ["RightFoot"] = CFrame.new(0.000000, 0.039895, -0.000111, 0.995780, 0.070211, 0.059090, -0.059741, 0.984758, -0.163347, -0.069658, 0.159127, 0.984798),
      ["RightHand"] = CFrame.new(-0.000500, 0.000001, -0.000000, 1.000000, 0.000000, 0.000000, 0.000000, 1.000000, 0.000000, 0.000000, 0.000000, 1.000000),
      ["RightLowerArm"] = CFrame.new(-0.000000, 0.000001, -0.000000, 1.000000, 0.000000, 0.000000, 0.000000, 1.000000, 0.000000, 0.000000, 0.000000, 1.000000),
      ["RightLowerLeg"] = CFrame.new(-0.000000, 0.124161, -0.129405, 1.000000, 0.000000, 0.000000, 0.000000, -0.349449, 0.936956, 0.000000, -0.936956, -0.349449),
      ["RightUpperArm"] = CFrame.new(-0.000000, 0.002769, 0.004921, 0.875818, 0.482426, 0.014433, -0.160748, 0.319766, -0.933761, -0.455086, 0.815485, 0.357606),
      ["RightUpperLeg"] = CFrame.new(0.000000, 0.001157, 0.002030, 0.759897, -0.598545, 0.253575, 0.369033, 0.076086, -0.926297, 0.535137, 0.797468, 0.278700),
      ["UpperTorso"] = CFrame.new(-0.000000, -0.002663, -0.002274, 1.000000, -0.000000, 0.000000, 0.000000, 0.961920, 0.273332, -0.000000, -0.273332, 0.961920)
    }},
    {Time = 0.133, Data = {
      ["Head"] = CFrame.new(0.000000, 0.000000, 0.000000, 0.789879, 0.137373, -0.597679, -0.534621, 0.631721, -0.561345, 0.300453, 0.762926, 0.572426),
      ["LeftFoot"] = CFrame.new(0.000000, 0.039698, -0.000011, 0.995758, -0.070402, -0.059242, 0.059892, 0.984719, -0.163528, 0.069849, 0.159286, 0.984758),
      ["LeftHand"] = CFrame.new(0.000500, 0.000100, -0.000000, 1.000000, 0.000000, 0.000000, 0.000000, 1.000000, 0.000000, 0.000000, 0.000000, 1.000000),
      ["LeftLowerArm"] = CFrame.new(-0.000500, -0.000100, -0.000000, 1.000000, 0.000000, 0.000000, 0.000000, 1.000000, 0.000000, 0.000000, 0.000000, 1.000000),
      ["LeftLowerLeg"] = CFrame.new(-0.000000, 0.124343, -0.129351, 1.000000, 0.000000, 0.000000, 0.000000, -0.349941, 0.936772, 0.000000, -0.936772, -0.349941),
      ["LeftUpperArm"] = CFrame.new(0.000000, 0.003588, 0.006378, 0.875818, -0.482426, -0.014433, 0.160748, 0.319766, -0.933761, 0.455086, 0.815485, 0.357606),
      ["LeftUpperLeg"] = CFrame.new(-0.000000, 0.001499, 0.002531, 0.759775, 0.598507, -0.254032, -0.369251, 0.075606, -0.926249, -0.535160, 0.797542, 0.278443),
      ["LowerTorso"] = CFrame.new(0.000000, -1.174632, 0.478321, 1.000000, -0.000000, 0.000000, 0.000000, 0.735733, 0.677272, -0.000000, -0.677272, 0.735733),
      ["RightFoot"] = CFrame.new(-0.000000, 0.039898, -0.000111, 0.995758, 0.070402, 0.059242, -0.059892, 0.984719, -0.163528, -0.069849, 0.159286, 0.984758),
      ["RightHand"] = CFrame.new(-0.000500, 0.000001, -0.000000, 1.000000, 0.000000, 0.000000, 0.000000, 1.000000, 0.000000, 0.000000, 0.000000, 1.000000),
      ["RightLowerArm"] = CFrame.new(-0.000000, 0.000001, -0.000000, 1.000000, 0.000000, 0.000000, 0.000000, 1.000000, 0.000000, 0.000000, 0.000000, 1.000000),
      ["RightLowerLeg"] = CFrame.new(0.000000, 0.124143, -0.129451, 1.000000, 0.000000, 0.000000, 0.000000, -0.349941, 0.936772, 0.000000, -0.936772, -0.349941),
      ["RightUpperArm"] = CFrame.new(-0.000000, 0.003588, 0.006378, 0.875818, 0.482426, 0.014433, -0.160748, 0.319766, -0.933761, -0.455086, 0.815485, 0.357606),
      ["RightUpperLeg"] = CFrame.new(0.000000, 0.001499, 0.002631, 0.759775, -0.598507, 0.254032, 0.369251, 0.075606, -0.926249, 0.535160, 0.797542, 0.278443),
      ["UpperTorso"] = CFrame.new(-0.000000, -0.003394, -0.002946, 1.000000, -0.000000, 0.000000, 0.000000, 0.961920, 0.273332, -0.000000, -0.273332, 0.961920)
    }},
    {Time = 0.150, Data = {
      ["Head"] = CFrame.new(0.000000, 0.000000, 0.000000, 0.794719, 0.136526, -0.591424, -0.529572, 0.632098, -0.565690, 0.296607, 0.762766, 0.574641),
      ["LeftFoot"] = CFrame.new(0.000000, 0.039701, -0.000011, 0.995730, -0.070597, -0.059482, 0.060040, 0.984694, -0.163626, 0.070123, 0.159356, 0.984728),
      ["LeftHand"] = CFrame.new(0.000500, 0.000100, -0.000000, 1.000000, 0.000000, 0.000000, 0.000000, 1.000000, 0.000000, 0.000000, 0.000000, 1.000000),
      ["LeftLowerArm"] = CFrame.new(-0.000500, -0.000099, -0.000000, 1.000000, 0.000000, 0.000000, 0.000000, 1.000000, 0.000000, 0.000000, 0.000000, 1.000000),
      ["LeftLowerLeg"] = CFrame.new(-0.000000, 0.124323, -0.129404, 1.000000, 0.000000, 0.000000, 0.000000, -0.350531, 0.936551, 0.000000, -0.936551, -0.350531),
      ["LeftUpperArm"] = CFrame.new(0.000000, 0.004506, 0.008008, 0.875818, -0.482426, -0.014433, 0.160748, 0.319766, -0.933761, 0.455086, 0.815485, 0.357606),
      ["LeftUpperLeg"] = CFrame.new(-0.000000, 0.001882, 0.003203, 0.759595, 0.598518, -0.254543, -0.369519, 0.075069, -0.926186, -0.535230, 0.797585, 0.278186),
      ["LowerTorso"] = CFrame.new(0.000000, -1.175817, 0.478321, 1.000000, -0.000000, 0.000000, 0.000000, 0.735733, 0.677272, -0.000000, -0.677272, 0.735733),
      ["RightFoot"] = CFrame.new(-0.000000, 0.039901, -0.000111, 0.995730, 0.070597, 0.059482, -0.060040, 0.984694, -0.163626, -0.070123, 0.159356, 0.984728),
      ["RightHand"] = CFrame.new(-0.000500, 0.000001, 0.000000, 1.000000, 0.000000, 0.000000, 0.000000, 1.000000, 0.000000, 0.000000, 0.000000, 1.000000),
      ["RightLowerArm"] = CFrame.new(-0.000000, 0.000001, -0.000000, 1.000000, 0.000000, 0.000000, 0.000000, 1.000000, 0.000000, 0.000000, 0.000000, 1.000000),
      ["RightLowerLeg"] = CFrame.new(0.000000, 0.124123, -0.129504, 1.000000, 0.000000, 0.000000, 0.000000, -0.350531, 0.936551, 0.000000, -0.936551, -0.350531),
      ["RightUpperArm"] = CFrame.new(-0.000000, 0.004506, 0.008008, 0.875818, 0.482426, 0.014433, -0.160748, 0.319766, -0.933761, -0.455086, 0.815485, 0.357606),
      ["RightUpperLeg"] = CFrame.new(0.000000, 0.001882, 0.003303, 0.759595, -0.598518, 0.254543, 0.369519, 0.075069, -0.926186, 0.535230, 0.797585, 0.278186),
      ["UpperTorso"] = CFrame.new(-0.000000, -0.004212, -0.003700, 1.000000, -0.000000, 0.000000, 0.000000, 0.961920, 0.273332, -0.000000, -0.273332, 0.961920)
    }},
    {Time = 0.167, Data = {
      ["Head"] = CFrame.new(0.000000, 0.000000, 0.000000, 0.799983, 0.135634, -0.584492, -0.524014, 0.632457, -0.570445, 0.292294, 0.762628, 0.577029),
      ["LeftFoot"] = CFrame.new(-0.000000, 0.039704, -0.000011, 0.995696, -0.070880, -0.059712, 0.060270, 0.984649, -0.163812, 0.070407, 0.159508, 0.984683),
      ["LeftHand"] = CFrame.new(0.000500, 0.000100, -0.000000, 1.000000, 0.000000, 0.000000, 0.000000, 1.000000, 0.000000, 0.000000, 0.000000, 1.000000),
      ["LeftLowerArm"] = CFrame.new(-0.000500, -0.000099, -0.000000, 1.000000, 0.000000, 0.000000, 0.000000, 1.000000, 0.000000, 0.000000, 0.000000, 1.000000),
      ["LeftLowerLeg"] = CFrame.new(0.000000, 0.124301, -0.129461, 1.000000, 0.000000, 0.000000, 0.000000, -0.351121, 0.936330, 0.000000, -0.936330, -0.351121),
      ["LeftUpperArm"] = CFrame.new(0.000000, 0.005518, 0.009808, 0.875818, -0.482426, -0.014433, 0.160748, 0.319766, -0.933761, 0.455086, 0.815485, 0.357606),
      ["LeftUpperLeg"] = CFrame.new(-0.000000, 0.002305, 0.003946, 0.759415, 0.598543, -0.255019, -0.369819, 0.074635, -0.926101, -0.535279, 0.797606, 0.278031),
      ["LowerTorso"] = CFrame.new(0.000000, -1.177126, 0.478321, 1.000000, -0.000000, 0.000000, 0.000000, 0.735733, 0.677272, -0.000000, -0.677272, 0.735733),
      ["RightFoot"] = CFrame.new(-0.000000, 0.039904, -0.000111, 0.995696, 0.070880, 0.059712, -0.060270, 0.984649, -0.163812, -0.070407, 0.159508, 0.984683),
      ["RightHand"] = CFrame.new(-0.000500, 0.000001, 0.000000, 1.000000, 0.000000, 0.000000, 0.000000, 1.000000, 0.000000, 0.000000, 0.000000, 1.000000),
      ["RightLowerArm"] = CFrame.new(-0.000000, 0.000001, -0.000000, 1.000000, 0.000000, 0.000000, 0.000000, 1.000000, 0.000000, 0.000000, 0.000000, 1.000000),
      ["RightLowerLeg"] = CFrame.new(-0.000000, 0.124101, -0.129561, 1.000000, 0.000000, 0.000000, 0.000000, -0.351121, 0.936330, 0.000000, -0.936330, -0.351121),
      ["RightUpperArm"] = CFrame.new(-0.000000, 0.005518, 0.009808, 0.875818, 0.482426, 0.014433, -0.160748, 0.319766, -0.933761, -0.455086, 0.815485, 0.357606),
      ["RightUpperLeg"] = CFrame.new(0.000000, 0.002305, 0.004045, 0.759415, -0.598543, 0.255019, 0.369819, 0.074635, -0.926101, 0.535279, 0.797606, 0.278031),
      ["UpperTorso"] = CFrame.new(-0.000000, -0.005116, -0.004531, 1.000000, -0.000000, 0.000000, 0.000000, 0.961920, 0.273332, -0.000000, -0.273332, 0.961920)
    }},
    {Time = 0.183, Data = {
      ["Head"] = CFrame.new(0.000000, 0.000000, 0.000000, 0.805717, 0.134581, -0.576809, -0.517784, 0.632923, -0.575594, 0.287612, 0.762428, 0.579640),
      ["LeftFoot"] = CFrame.new(-0.000000, 0.039708, -0.000011, 0.995662, -0.071161, -0.059945, 0.060503, 0.984618, -0.163913, 0.070688, 0.159575, 0.984652),
      ["LeftHand"] = CFrame.new(0.000500, 0.000100, -0.000000, 1.000000, 0.000000, 0.000000, 0.000000, 1.000000, 0.000000, 0.000000, 0.000000, 1.000000),
      ["LeftLowerArm"] = CFrame.new(-0.000500, -0.000100, -0.000000, 1.000000, 0.000000, 0.000000, 0.000000, 1.000000, 0.000000, 0.000000, 0.000000, 1.000000),
      ["LeftLowerLeg"] = CFrame.new(-0.000000, 0.124277, -0.129524, 1.000000, 0.000000, 0.000000, 0.000000, -0.351810, 0.936072, 0.000000, -0.936072, -0.351810),
      ["LeftUpperArm"] = CFrame.new(0.000000, 0.006624, 0.011773, 0.875818, -0.482426, -0.014433, 0.160748, 0.319766, -0.933761, 0.455086, 0.815485, 0.357606),
      ["LeftUpperLeg"] = CFrame.new(-0.000000, 0.002767, 0.004756, 0.759251, 0.598491, -0.255628, -0.370110, 0.073995, -0.926036, -0.535310, 0.797705, 0.277688),
      ["LowerTorso"] = CFrame.new(0.000000, -1.178554, 0.478321, 1.000000, -0.000000, 0.000000, 0.000000, 0.735733, 0.677272, -0.000000, -0.677272, 0.735733),
      ["RightFoot"] = CFrame.new(0.000000, 0.039908, -0.000111, 0.995662, 0.071161, 0.059945, -0.060503, 0.984618, -0.163913, -0.070688, 0.159575, 0.984652),
      ["RightHand"] = CFrame.new(-0.000500, 0.000001, -0.000000, 1.000000, 0.000000, 0.000000, 0.000000, 1.000000, 0.000000, 0.000000, 0.000000, 1.000000),
      ["RightLowerArm"] = CFrame.new(-0.000000, 0.000000, -0.000000, 1.000000, 0.000000, 0.000000, 0.000000, 1.000000, 0.000000, 0.000000, 0.000000, 1.000000),
      ["RightLowerLeg"] = CFrame.new(-0.000000, 0.124077, -0.129624, 1.000000, 0.000000, 0.000000, 0.000000, -0.351810, 0.936072, 0.000000, -0.936072, -0.351810),
      ["RightUpperArm"] = CFrame.new(-0.000000, 0.006624, 0.011773, 0.875818, 0.482426, 0.014433, -0.160748, 0.319766, -0.933761, -0.455086, 0.815485, 0.357606),
      ["RightUpperLeg"] = CFrame.new(0.000000, 0.002767, 0.004856, 0.759251, -0.598491, 0.255628, 0.370110, 0.073995, -0.926036, 0.535310, 0.797705, 0.277688),
      ["UpperTorso"] = CFrame.new(-0.000000, -0.006102, -0.005439, 1.000000, -0.000000, 0.000000, 0.000000, 0.961920, 0.273332, -0.000000, -0.273332, 0.961920)
    }},
    {Time = 0.200, Data = {
      ["Head"] = CFrame.new(0.000000, 0.000000, 0.000000, 0.811832, 0.133479, -0.568430, -0.511029, 0.633357, -0.581126, 0.282452, 0.762261, 0.582391),
      ["LeftFoot"] = CFrame.new(0.000000, 0.039712, -0.000011, 0.995628, -0.071445, -0.060175, 0.060733, 0.984572, -0.164100, 0.070971, 0.159728, 0.984607),
      ["LeftHand"] = CFrame.new(0.000500, 0.000100, -0.000000, 1.000000, 0.000000, 0.000000, 0.000000, 1.000000, 0.000000, 0.000000, 0.000000, 1.000000),
      ["LeftLowerArm"] = CFrame.new(-0.000500, -0.000100, -0.000000, 1.000000, 0.000000, 0.000000, 0.000000, 1.000000, 0.000000, 0.000000, 0.000000, 1.000000),
      ["LeftLowerLeg"] = CFrame.new(0.000000, 0.124251, -0.129592, 1.000000, 0.000000, 0.000000, 0.000000, -0.352497, 0.935813, 0.000000, -0.935813, -0.352497),
      ["LeftUpperArm"] = CFrame.new(0.000000, 0.007819, 0.013898, 0.875818, -0.482426, -0.014433, 0.160748, 0.319766, -0.933761, 0.455086, 0.815485, 0.357606),
      ["LeftUpperLeg"] = CFrame.new(-0.000000, 0.003266, 0.005632, 0.759030, 0.598504, -0.256256, -0.370482, 0.073400, -0.925935, -0.535366, 0.797751, 0.277447),
      ["LowerTorso"] = CFrame.new(0.000000, -1.180099, 0.478321, 1.000000, -0.000000, 0.000000, 0.000000, 0.735733, 0.677272, -0.000000, -0.677272, 0.735733),
      ["RightFoot"] = CFrame.new(-0.000000, 0.039912, -0.000111, 0.995628, 0.071445, 0.060175, -0.060733, 0.984572, -0.164100, -0.070971, 0.159728, 0.984607),
      ["RightHand"] = CFrame.new(-0.000500, 0.000001, -0.000000, 1.000000, 0.000000, 0.000000, 0.000000, 1.000000, 0.000000, 0.000000, 0.000000, 1.000000),
      ["RightLowerArm"] = CFrame.new(-0.000000, 0.000000, -0.000000, 1.000000, 0.000000, 0.000000, 0.000000, 1.000000, 0.000000, 0.000000, 0.000000, 1.000000),
      ["RightLowerLeg"] = CFrame.new(-0.000000, 0.124051, -0.129692, 1.000000, 0.000000, 0.000000, 0.000000, -0.352497, 0.935813, 0.000000, -0.935813, -0.352497),
      ["RightUpperArm"] = CFrame.new(-0.000000, 0.007820, 0.013898, 0.875818, 0.482426, 0.014433, -0.160748, 0.319766, -0.933761, -0.455086, 0.815485, 0.357606),
      ["RightUpperLeg"] = CFrame.new(0.000000, 0.003266, 0.005732, 0.759030, -0.598504, 0.256256, 0.370482, 0.073400, -0.925935, 0.535366, 0.797751, 0.277447),
      ["UpperTorso"] = CFrame.new(-0.000000, -0.007168, -0.006421, 1.000000, -0.000000, 0.000000, 0.000000, 0.961920, 0.273332, -0.000000, -0.273332, 0.961920)
    }},
    {Time = 0.217, Data = {
      ["Head"] = CFrame.new(0.000000, 0.000000, 0.000000, 0.818295, 0.132244, -0.559378, -0.503683, 0.633854, -0.586969, 0.276941, 0.762063, 0.585289),
      ["LeftFoot"] = CFrame.new(-0.000000, 0.039716, -0.000011, 0.995582, -0.071821, -0.060484, 0.061042, 0.984521, -0.164291, 0.071348, 0.159874, 0.984556),
      ["LeftHand"] = CFrame.new(0.000500, 0.000100, -0.000000, 1.000000, 0.000000, 0.000000, 0.000000, 1.000000, 0.000000, 0.000000, 0.000000, 1.000000),
      ["LeftLowerArm"] = CFrame.new(-0.000500, -0.000099, -0.000000, 1.000000, 0.000000, 0.000000, 0.000000, 1.000000, 0.000000, 0.000000, 0.000000, 1.000000),
      ["LeftLowerLeg"] = CFrame.new(-0.000000, 0.124223, -0.129665, 1.000000, 0.000000, 0.000000, 0.000000, -0.353283, 0.935517, 0.000000, -0.935517, -0.353283),
      ["LeftUpperArm"] = CFrame.new(0.000000, 0.009102, 0.016178, 0.875818, -0.482426, -0.014433, 0.160748, 0.319766, -0.933761, 0.455086, 0.815485, 0.357606),
      ["LeftUpperLeg"] = CFrame.new(-0.000000, 0.003802, 0.006573, 0.758808, 0.598500, -0.256920, -0.370822, 0.072702, -0.925854, -0.535445, 0.797817, 0.277104),
      ["LowerTorso"] = CFrame.new(0.000000, -1.181757, 0.478321, 1.000000, -0.000000, 0.000000, 0.000000, 0.735733, 0.677272, -0.000000, -0.677272, 0.735733),
      ["RightFoot"] = CFrame.new(-0.000000, 0.039916, -0.000111, 0.995582, 0.071821, 0.060484, -0.061042, 0.984521, -0.164291, -0.071348, 0.159874, 0.984556),
      ["RightHand"] = CFrame.new(-0.000500, 0.000001, 0.000000, 1.000000, 0.000000, 0.000000, 0.000000, 1.000000, 0.000000, 0.000000, 0.000000, 1.000000),
      ["RightLowerArm"] = CFrame.new(-0.000000, 0.000001, -0.000000, 1.000000, 0.000000, 0.000000, 0.000000, 1.000000, 0.000000, 0.000000, 0.000000, 1.000000),
      ["RightLowerLeg"] = CFrame.new(0.000000, 0.124023, -0.129765, 1.000000, 0.000000, 0.000000, 0.000000, -0.353283, 0.935517, 0.000000, -0.935517, -0.353283),
      ["RightUpperArm"] = CFrame.new(-0.000000, 0.009102, 0.016178, 0.875818, 0.482426, 0.014433, -0.160748, 0.319766, -0.933761, -0.455086, 0.815485, 0.357606),
      ["RightUpperLeg"] = CFrame.new(0.000000, 0.003802, 0.006673, 0.758808, -0.598500, 0.256920, 0.370822, 0.072702, -0.925854, 0.535445, 0.797817, 0.277104),
      ["UpperTorso"] = CFrame.new(-0.000000, -0.008313, -0.007474, 1.000000, -0.000000, 0.000000, 0.000000, 0.961920, 0.273332, -0.000000, -0.273332, 0.961920)
    }},
    {Time = 0.233, Data = {
      ["Head"] = CFrame.new(0.000000, 0.000000, 0.000000, 0.825165, 0.130951, -0.549504, -0.495679, 0.634404, -0.593156, 0.270933, 0.761829, 0.588397),
      ["LeftFoot"] = CFrame.new(-0.000000, 0.039721, -0.000011, 0.995536, -0.072197, -0.060793, 0.061351, 0.984470, -0.164483, 0.071724, 0.160019, 0.984505),
      ["LeftHand"] = CFrame.new(0.000500, 0.000100, -0.000000, 1.000000, 0.000000, 0.000000, 0.000000, 1.000000, 0.000000, 0.000000, 0.000000, 1.000000),
      ["LeftLowerArm"] = CFrame.new(-0.000500, -0.000100, -0.000000, 1.000000, 0.000000, 0.000000, 0.000000, 1.000000, 0.000000, 0.000000, 0.000000, 1.000000),
      ["LeftLowerLeg"] = CFrame.new(-0.000000, 0.124193, -0.129743, 1.000000, 0.000000, 0.000000, 0.000000, -0.354068, 0.935220, 0.000000, -0.935220, -0.354068),
      ["LeftUpperArm"] = CFrame.new(0.000000, 0.010470, 0.018609, 0.875818, -0.482426, -0.014433, 0.160748, 0.319766, -0.933761, 0.455086, 0.815485, 0.357606),
      ["LeftUpperLeg"] = CFrame.new(-0.000000, 0.004374, 0.007576, 0.758545, 0.598498, -0.257701, -0.371266, 0.071946, -0.925735, -0.535510, 0.797887, 0.276776),
      ["LowerTorso"] = CFrame.new(0.000000, -1.183524, 0.478321, 1.000000, -0.000000, 0.000000, 0.000000, 0.735733, 0.677272, -0.000000, -0.677272, 0.735733),
      ["RightFoot"] = CFrame.new(-0.000000, 0.039921, -0.000111, 0.995536, 0.072197, 0.060793, -0.061351, 0.984470, -0.164483, -0.071724, 0.160019, 0.984505),
      ["RightHand"] = CFrame.new(-0.000500, 0.000001, -0.000000, 1.000000, 0.000000, 0.000000, 0.000000, 1.000000, 0.000000, 0.000000, 0.000000, 1.000000),
      ["RightLowerArm"] = CFrame.new(-0.000000, 0.000000, -0.000000, 1.000000, 0.000000, 0.000000, 0.000000, 1.000000, 0.000000, 0.000000, 0.000000, 1.000000),
      ["RightLowerLeg"] = CFrame.new(-0.000000, 0.123993, -0.129843, 1.000000, 0.000000, 0.000000, 0.000000, -0.354068, 0.935220, 0.000000, -0.935220, -0.354068),
      ["RightUpperArm"] = CFrame.new(-0.000000, 0.010470, 0.018609, 0.875818, 0.482426, 0.014433, -0.160748, 0.319766, -0.933761, -0.455086, 0.815485, 0.357606),
      ["RightUpperLeg"] = CFrame.new(0.000000, 0.004373, 0.007676, 0.758545, -0.598498, 0.257701, 0.371266, 0.071946, -0.925735, 0.535510, 0.797887, 0.276776),
      ["UpperTorso"] = CFrame.new(-0.000000, -0.009533, -0.008597, 1.000000, -0.000000, 0.000000, 0.000000, 0.961920, 0.273332, -0.000000, -0.273332, 0.961920)
    }},
    {Time = 0.250, Data = {
      ["Head"] = CFrame.new(0.000000, 0.000000, 0.000000, 0.832331, 0.129493, -0.538940, -0.487079, 0.634932, -0.599680, 0.264536, 0.761639, 0.591547),
      ["LeftFoot"] = CFrame.new(-0.000000, 0.039726, -0.000011, 0.995490, -0.072574, -0.061101, 0.061659, 0.984419, -0.164675, 0.072100, 0.160165, 0.984453),
      ["LeftHand"] = CFrame.new(0.000500, 0.000100, -0.000000, 1.000000, 0.000000, 0.000000, 0.000000, 1.000000, 0.000000, 0.000000, 0.000000, 1.000000),
      ["LeftLowerArm"] = CFrame.new(-0.000500, -0.000100, -0.000000, 1.000000, 0.000000, 0.000000, 0.000000, 1.000000, 0.000000, 0.000000, 0.000000, 1.000000),
      ["LeftLowerLeg"] = CFrame.new(-0.000000, 0.124162, -0.129825, 1.000000, 0.000000, 0.000000, 0.000000, -0.354951, 0.934885, 0.000000, -0.934885, -0.354951),
      ["LeftUpperArm"] = CFrame.new(0.000000, 0.011920, 0.021186, 0.875818, -0.482426, -0.014433, 0.160748, 0.319766, -0.933761, 0.455086, 0.815485, 0.357606),
      ["LeftUpperLeg"] = CFrame.new(-0.000000, 0.004979, 0.008639, 0.758339, 0.598446, -0.258426, -0.371661, 0.071248, -0.925631, -0.535528, 0.797989, 0.276449),
      ["LowerTorso"] = CFrame.new(0.000000, -1.185397, 0.478321, 1.000000, -0.000000, 0.000000, 0.000000, 0.735733, 0.677272, -0.000000, -0.677272, 0.735733),
      ["RightFoot"] = CFrame.new(-0.000000, 0.039926, -0.000111, 0.995490, 0.072574, 0.061101, -0.061659, 0.984419, -0.164675, -0.072100, 0.160165, 0.984453),
      ["RightHand"] = CFrame.new(-0.000500, 0.000001, -0.000000, 1.000000, 0.000000, 0.000000, 0.000000, 1.000000, 0.000000, 0.000000, 0.000000, 1.000000),
      ["RightLowerArm"] = CFrame.new(-0.000000, 0.000001, -0.000000, 1.000000, 0.000000, 0.000000, 0.000000, 1.000000, 0.000000, 0.000000, 0.000000, 1.000000),
      ["RightLowerLeg"] = CFrame.new(-0.000000, 0.123962, -0.129925, 1.000000, 0.000000, 0.000000, 0.000000, -0.354951, 0.934885, 0.000000, -0.934885, -0.354951),
      ["RightUpperArm"] = CFrame.new(-0.000000, 0.011920, 0.021186, 0.875818, 0.482426, 0.014433, -0.160748, 0.319766, -0.933761, -0.455086, 0.815485, 0.357606),
      ["RightUpperLeg"] = CFrame.new(0.000000, 0.004979, 0.008739, 0.758339, -0.598446, 0.258426, 0.371661, 0.071248, -0.925631, 0.535528, 0.797989, 0.276449),
      ["UpperTorso"] = CFrame.new(-0.000000, -0.010826, -0.009788, 1.000000, -0.000000, 0.000000, 0.000000, 0.961920, 0.273332, -0.000000, -0.273332, 0.961920)
    }},
    {Time = 0.267, Data = {
      ["Head"] = CFrame.new(0.000000, 0.000000, 0.000000, 0.839775, 0.128032, -0.527623, -0.477889, 0.635533, -0.606399, 0.257684, 0.761384, 0.594890),
      ["LeftFoot"] = CFrame.new(0.000000, 0.039731, -0.000011, 0.995443, -0.072953, -0.061407, 0.061965, 0.984353, -0.164953, 0.072480, 0.160396, 0.984388),
      ["LeftHand"] = CFrame.new(0.000500, 0.000100, -0.000000, 1.000000, 0.000000, 0.000000, 0.000000, 1.000000, 0.000000, 0.000000, 0.000000, 1.000000),
      ["LeftLowerArm"] = CFrame.new(-0.000500, -0.000099, -0.000000, 1.000000, 0.000000, 0.000000, 0.000000, 1.000000, 0.000000, 0.000000, 0.000000, 1.000000),
      ["LeftLowerLeg"] = CFrame.new(0.000000, 0.124128, -0.129912, 1.000000, 0.000000, 0.000000, 0.000000, -0.355833, 0.934550, 0.000000, -0.934550, -0.355833),
      ["LeftUpperArm"] = CFrame.new(0.000000, 0.013449, 0.023904, 0.875818, -0.482426, -0.014433, 0.160748, 0.319766, -0.933761, 0.455086, 0.815485, 0.357606),
      ["LeftUpperLeg"] = CFrame.new(-0.000000, 0.005618, 0.009760, 0.758017, 0.598493, -0.259262, -0.372154, 0.070433, -0.925495, -0.535641, 0.798026, 0.276121),
