return {
["doggy thrust F"] = {
        {Time = 0.000, Data = {
            ["Head"] = CFrame.new(-1.0856745539758488e-24, 1.1920928955078125e-07, 2.9802322387695312e-08, 0.87005406618118286, 0.25556913018226624, -0.42153331637382507, -0.4821380078792572, 0.61933636665344238, -0.61964946985244751, 0.10270765423774719, 0.74236577749252319, 0.6620756983757019),
            ["LeftFoot"] = CFrame.new(4.8428773880004883e-08, 0.014430403709411621, -2.5480985641479492e-06, 0.98148977756500244, 0.14651584625244141, 0.12333274632692337, -0.18140611052513123, 0.91769915819168091, 0.35344031453132629, -0.061397753655910492, -0.36927136778831482, 0.92729121446609497),
            ["LeftHand"] = CFrame.new(0.00048403441905975342, 0.02417522668838501, -1.4901161193847656e-08, 0.80884546041488647, -0.50802904367446899, 0.29610055685043335, -0.11024971306324005, 0.36360174417495728, 0.92500746250152588, -0.57759332656860352, -0.78083312511444092, 0.23808753490447998),
            ["LeftLowerArm"] = CFrame.new(-0.00049963593482971191, 0.11648571491241455, 0.073841214179992676, 1, 0, 0, 0, 0.23737615346908569, -0.97141796350479126, 0, 0.97141796350479126, 0.23737615346908569),
            ["LeftLowerLeg"] = CFrame.new(1.3783574104309082e-07, 0.072189211845397949, -0.018625050783157349, 1, -0, 0, 0, 0.80937075614929199, 0.58729803562164307, -0, -0.58729803562164307, 0.80937075614929199),
            ["LeftUpperArm"] = CFrame.new(0.16879522800445557, -0.4760202169418335, -0.2414906769990921, 0.80884993076324463, 0.53490090370178223, -0.24421878159046173, -0.22532340884208679, -0.10167562961578369, -0.96896404027938843, -0.54313087463378906, 0.83877474069595337, 0.038285374641418457),
            ["LeftUpperLeg"] = CFrame.new(-0.19614255428314209, -0.17384189367294312, 0.19906903803348541, 0.81679296493530273, 0.17599532008171082, -0.5494314432144165, -0.47180661559104919, -0.34432375431060791, -0.81168937683105469, -0.33203583955764771, 0.92220759391784668, -0.19820547103881836),
            ["LowerTorso"] = CFrame.new(7.8745125975387964e-09, -0.56781232357025146, -0.66949367523193359, 1, 0, 0, 0, -0.65756464004516602, 0.75339812040328979, 0, -0.75339812040328979, -0.65756464004516602),
            ["RightFoot"] = CFrame.new(1.0803341865539551e-07, 0.0080572366714477539, -0.00010272690997226164, 0.97647607326507568, -0.1649516373872757, -0.13887184858322144, 0.21266390383243561, 0.84311413764953613, 0.49389547109603882, 0.035615988075733185, -0.51181012392044067, 0.85836005210876465),
            ["RightHand"] = CFrame.new(-0.00048397481441497803, 0.024547696113586426, 1.4901161193847656e-08, 0.73866981267929077, 0.58233290910720825, -0.33949285745620728, 0.12392783164978027, 0.37773972749710083, 0.91758102178573608, 0.66257745027542114, -0.71986204385757446, 0.20685768127441406),
            ["RightLowerArm"] = CFrame.new(-3.8743019104003906e-07, 0.11852288246154785, 0.082274824380874634, 1, 0, 0, 0, 0.14993017911911011, -0.9886966347694397, 0, 0.9886966347694397, 0.14993017911911011),
            ["RightLowerLeg"] = CFrame.new(-1.3411045074462891e-07, 0.036782681941986084, -0.0042604338377714157, 1, -0, 0, 0, 0.95665127038955688, 0.29123595356941223, -0, -0.29123595356941223, 0.95665127038955688),
            ["RightUpperArm"] = CFrame.new(-0.1848716139793396, -0.48134452104568481, -0.28833168745040894, 0.73867392539978027, -0.63651597499847412, 0.2218293696641922, 0.29039514064788818, 0.0035172104835510254, -0.95690029859542847, 0.60830217599868774, 0.77125543355941772, 0.18743926286697388),
            ["RightUpperLeg"] = CFrame.new(0.13644707202911377, -0.17384189367294312, 0.19916883111000061, 0.76373213529586792, -0.28801974654197693, 0.57771778106689453, 0.54880678653717041, -0.18151259422302246, -0.81600499153137207, 0.33988863229751587, 0.94026470184326172, 0.019440233707427979),
            ["UpperTorso"] = CFrame.new(-8.1412743213604699e-09, 0.15081620216369629, -0.0041962265968322754, 1, 0, 0, 0, 0.81853222846984863, -0.57446056604385376, 0, 0.57446056604385376, 0.81853222846984863)
        }},
        {Time = 0.017, Data = {
            ["Head"] = CFrame.new(1.4992648602523627e-24, 1.1920928955078125e-07, -5.9604644775390625e-08, 0.87005406618118286, 0.25556913018226624, -0.42153331637382507, -0.4821380078792572, 0.61933636665344238, -0.61964946985244751, 0.10270765423774719, 0.74236577749252319, 0.6620756983757019),
            ["LeftFoot"] = CFrame.new(-2.0489096641540527e-08, 0.015403211116790771, -2.4363398551940918e-06, 0.98283106088638306, 0.14114764332771301, 0.11882966011762619, -0.17417001724243164, 0.92228549718856812, 0.34504243731498718, -0.060892947018146515, -0.35981497168540955, 0.93103450536727905),
            ["LeftHand"] = CFrame.new(0.00048413127660751343, 0.024081826210021973, 5.9604644775390625e-08, 0.80561167001724243, -0.51186418533325195, 0.29830342531204224, -0.11075234413146973, 0.36451840400695801, 0.92458659410476685, -0.58199983835220337, -0.77789551019668579, 0.23697012662887573),
            ["LeftLowerArm"] = CFrame.new(-0.00049942731857299805, 0.11599576473236084, 0.072132676839828491, 1, 0, 0, 0, 0.25507593154907227, -0.96692103147506714, 0, 0.96692103147506714, 0.25507593154907227),
            ["LeftLowerLeg"] = CFrame.new(-1.3783574104309082e-07, 0.075702190399169922, -0.020594477653503418, 1, -0, 0, 0, 0.7891395092010498, 0.61421400308609009, -0, -0.61421400308609009, 0.7891395092010498),
            ["LeftUpperArm"] = CFrame.new(0.16717648506164551, -0.47748959064483643, -0.24327731132507324, 0.80562311410903931, 0.53447318077087402, -0.25555774569511414, -0.22821405529975891, -0.11810135841369629, -0.96642148494720459, -0.54670810699462891, 0.83689332008361816, 0.026829123497009277),
            ["LeftUpperLeg"] = CFrame.new(-0.19614255428314209, -0.1738419234752655, 0.19906891882419586, 0.8144335150718689, 0.1683884859085083, -0.55528682470321655, -0.47539436817169189, -0.35508179664611816, -0.80493330955505371, -0.33271360397338867, 0.91954481601715088, -0.20913958549499512),
            ["LowerTorso"] = CFrame.new(7.4324097987243931e-09, -0.57164323329925537, -0.65322363376617432, 1, 0, 0, 0, -0.64799761772155762, 0.7616424560546875, 0, -0.7616424560546875, -0.64799761772155762),
            ["RightFoot"] = CFrame.new(-3.7252902984619141e-09, 0.0091098546981811523, -0.000102495941973757, 0.97801172733306885, -0.15950246155261993, -0.134357750415802, 0.20496626198291779, 0.85406494140625, 0.47808152437210083, 0.038495082408189774, -0.49510812759399414, 0.86797821521759033),
            ["RightHand"] = CFrame.new(-0.00048388540744781494, 0.024446070194244385, 8.9406967163085938e-08, 0.73402774333953857, 0.58666437864303589, -0.34209379553794861, 0.12580119073390961, 0.37755215167999268, 0.91740310192108154, 0.6673659086227417, -0.71643507480621338, 0.2033306360244751),
            ["RightLowerArm"] = CFrame.new(-2.9802322387695312e-07, 0.11821889877319336, 0.080724909901618958, 1, 0, 0, 0, 0.16594940423965454, -0.98613429069519043, 0, 0.98613429069519043, 0.16594940423965454),
            ["RightLowerLeg"] = CFrame.new(1.7136335372924805e-07, 0.042578160762786865, -0.005856318399310112, 1, -0, 0, 0, 0.94047749042510986, 0.33985605835914612, -0, -0.33985605835914612, 0.94047749042510986),
            ["RightUpperArm"] = CFrame.new(-0.18255078792572021, -0.48312824964523315, -0.29027822613716125, 0.73406815528869629, -0.63719284534454346, 0.2347961813211441, 0.29398265480995178, -0.013488888740539551, -0.95571553707122803, 0.61214226484298706, 0.77058637142181396, 0.1774219274520874),
            ["RightUpperLeg"] = CFrame.new(0.13644695281982422, -0.17384201288223267, 0.19916889071464539, 0.76110351085662842, -0.27497690916061401, 0.58745992183685303, 0.55259114503860474, -0.19937944412231445, -0.8092532753944397, 0.33965340256690979, 0.94055062532424927, 0.00020140409469604492),
            ["UpperTorso"] = CFrame.new(-8.4291471580399957e-09, 0.15075123310089111, -0.0061027407646179199, 1, 0, 0, 0, 0.82446342706680298, -0.56591528654098511, 0, 0.56591528654098511, 0.82446342706680298)
        }},
        {Time = 0.033, Data = {
            ["Head"] = CFrame.new(-2.1713491079516976e-24, -3.5762786865234375e-07, -2.9802322387695312e-08, 0.87005406618118286, 0.25556913018226624, -0.42153331637382507, -0.4821380078792572, 0.61933636665344238, -0.61964946985244751, 0.10270765423774719, 0.74236577749252319, 0.6620756983757019),
            ["LeftFoot"] = CFrame.new(-1.2852251529693604e-07, 0.018364191055297852, -2.6077032089233398e-06, 0.98634093999862671, 0.12598088383674622, 0.10611487179994583, -0.15415501594543457, 0.93298900127410889, 0.32521966099739075, -0.058032549917697906, -0.33713558316230774, 0.93966579437255859),
            ["LeftHand"] = CFrame.new(0.0004844367504119873, 0.023615717887878418, 5.9604644775390625e-08, 0.79614841938018799, -0.52278721332550049, 0.3046984076499939, -0.11150935292243958, 0.3681676983833313, 0.92304837703704834, -0.59473800659179688, -0.76886022090911865, 0.23482048511505127),
            ["LeftLowerArm"] = CFrame.new(-0.00049957633018493652, 0.11429953575134277, 0.067347735166549683, 1, 0, 0, 0, 0.30479240417480469, -0.95241880416870117, 0, 0.95241880416870117, 0.30479240417480469),
            ["LeftLowerLeg"] = CFrame.new(1.4901161193847656e-08, 0.084715008735656738, -0.025974094867706299, 1, -0, 0, 0, 0.73346853256225586, 0.67972338199615479, -0, -0.67972338199615479, 0.73346853256225586),
            ["LeftUpperArm"] = CFrame.new(0.1624455451965332, -0.48166453838348389, -0.24838544428348541, 0.79613733291625977, 0.53246074914932251, -0.2874908447265625, -0.23658615350723267, -0.16338562965393066, -0.95777475833892822, -0.5569491982460022, 0.8305366039276123, -0.0041046142578125),
            ["LeftUpperLeg"] = CFrame.new(-0.19614255428314209, -0.17384189367294312, 0.19906924664974213, 0.8074953556060791, 0.14844636619091034, -0.57088965177536011, -0.48574519157409668, -0.38175618648529053, -0.78632938861846924, -0.33466836810112, 0.91226422786712646, -0.23615920543670654),
            ["LowerTorso"] = CFrame.new(6.2047296189859935e-09, -0.58250212669372559, -0.60827827453613281, 1, 0, 0, 0, -0.62083947658538818, 0.78393793106079102, 0, -0.78393793106079102, -0.62083947658538818),
            ["RightFoot"] = CFrame.new(4.4703483581542969e-08, 0.01153331995010376, -0.00010260025010211393, 0.98210161924362183, -0.14410726726055145, -0.12128263711929321, 0.18336828052997589, 0.8786625862121582, 0.44082659482955933, 0.0430402010679245, -0.45517593622207642, 0.88936066627502441),
            ["RightHand"] = CFrame.new(-0.00048385560512542725, 0.024207890033721924, 4.4703483581542969e-08, 0.72045814990997314, 0.59911149740219116, -0.3492928147315979, 0.12979434430599213, 0.37827974557876587, 0.91654670238494873, 0.68124407529830933, -0.70566976070404053, 0.19477343559265137),
            ["RightLowerArm"] = CFrame.new(-5.9604644775390625e-07, 0.11722874641418457, 0.07629336416721344, 1, 0, 0, 0, 0.21190094947814941, -0.97729116678237915, 0, 0.97729116678237915, 0.21190094947814941),
            ["RightLowerLeg"] = CFrame.new(7.4505805969238281e-09, 0.056084632873535156, -0.010728074237704277, 1, -0, 0, 0, 0.8909948468208313, 0.45401343703269958, -0, -0.45401343703269958, 0.8909948468208313),
            ["RightUpperArm"] = CFrame.new(-0.17577624320983887, -0.4881780743598938, -0.29580947756767273, 0.72047984600067139, -0.63823604583740234, 0.27122592926025391, 0.30410665273666382, -0.060717463493347168, -0.95070111751556396, 0.62323987483978271, 0.76744258403778076, 0.15034610033035278),
            ["RightUpperLeg"] = CFrame.new(0.13644695281982422, -0.17384210228919983, 0.19916900992393494, 0.75339782238006592, -0.24286934733390808, 0.61106967926025391, 0.56335067749023438, -0.24091219902038574, -0.79031467437744141, 0.33915740251541138, 0.93966794013977051, -0.044682145118713379),
            ["UpperTorso"] = CFrame.new(-9.2279570651498943e-09, 0.15044373273849487, -0.011392951011657715, 1, 0, 0, 0, 0.84049773216247559, -0.54181510210037231, 0, 0.54181510210037231, 0.84049773216247559)
        }},
        {Time = 0.050, Data = {
            ["Head"] = CFrame.new(-3.5672163916349318e-24, 0, -8.9406967163085938e-08, 0.87005406618118286, 0.25556913018226624, -0.42153331637382507, -0.4821380078792572, 0.61933636665344238, -0.61964946985244751, 0.10270765423774719, 0.74236577749252319, 0.6620756983757019),
            ["LeftFoot"] = CFrame.new(2.3283064365386963e-09, 0.022333323955535889, -2.5779008865356445e-06, 0.99115532636642456, 0.10151474922895432, 0.085474148392677307, -0.12279056757688522, 0.9458305835723877, 0.3005443811416626, -0.050334379076957703, -0.30838161706924438, 0.94993013143539429),
            ["LeftHand"] = CFrame.new(0.00048486888408660889, 0.022780299186706543, 2.9802322387695312e-07, 0.78037387132644653, -0.54020720720291138, 0.31494882702827454, -0.11000125110149384, 0.37721657752990723, 0.91956907510757446, -0.615561842918396, -0.75225239992141724, 0.23494648933410645),
            ["LeftLowerArm"] = CFrame.new(-0.00049918889999389648, 0.11099344491958618, 0.059840772300958633, 1, 0, 0, 0, 0.38278329372406006, -0.92383819818496704, 0, 0.92383819818496704, 0.38278329372406006),
            ["LeftLowerLeg"] = CFrame.new(-4.8428773880004883e-08, 0.096078574657440186, -0.034197106957435608, 1, -0, 0, 0, 0.64799755811691284, 0.7616424560546875, -0, -0.7616424560546875, 0.64799755811691284),
            ["LeftUpperArm"] = CFrame.new(0.15456539392471313, -0.48828589916229248, -0.25652864575386047, 0.78042209148406982, 0.52656048536300659, -0.33715790510177612, -0.24980147182941437, -0.23174941539764404, -0.94015496969223022, -0.57318460941314697, 0.81794017553329468, -0.049326777458190918),
            ["LeftUpperLeg"] = CFrame.new(-0.19614255428314209, -0.17384198307991028, 0.19906885921955109, 0.79566693305969238, 0.11989472806453705, -0.59375035762786865, -0.50245785713195801, -0.41681742668151855, -0.75749576091766357, -0.33830511569976807, 0.90104877948760986, -0.27140581607818604),
            ["LowerTorso"] = CFrame.new(4.3426866547235932e-09, -0.59959352016448975, -0.5406908392906189, 1, 0, 0, 0, -0.57813072204589844, 0.81594425439834595, 0, -0.81594425439834595, -0.57813072204589844),
            ["RightFoot"] = CFrame.new(3.7252902984619141e-08, 0.014628112316131592, -0.00010254809603793547, 0.98775595426559448, -0.11933381855487823, -0.1004871279001236, 0.14977191388607025, 0.9056432843208313, 0.39670976996421814, 0.043664615601301193, -0.40690258145332336, 0.91242736577987671),
            ["RightHand"] = CFrame.new(-0.00048434734344482422, 0.023736178874969482, 1.4901161193847656e-08, 0.69799983501434326, 0.61859631538391113, -0.36074191331863403, 0.13299061357975006, 0.38301742076873779, 0.91411769390106201, 0.70364028215408325, -0.68602931499481201, 0.18507862091064453),
            ["RightLowerArm"] = CFrame.new(-4.4703483581542969e-07, 0.11513978242874146, 0.069277070462703705, 1, 0, 0, 0, 0.28469890356063843, -0.95861697196960449, 0, 0.95861697196960449, 0.28469890356063843),
            ["RightLowerLeg"] = CFrame.new(2.6077032089233398e-08, 0.071981191635131836, -0.018721131607890129, 1, -0, 0, 0, 0.80942404270172119, 0.58722460269927979, -0, -0.58722460269927979, 0.80942404270172119),
            ["RightUpperArm"] = CFrame.new(-0.16451787948608398, -0.4961320161819458, -0.30451714992523193, 0.69796067476272583, -0.63668924570083618, 0.32783794403076172, 0.32004982233047485, -0.13220405578613281, -0.93813127279281616, 0.6406395435333252, 0.75970321893692017, 0.11149907112121582),
            ["RightUpperLeg"] = CFrame.new(0.13644695281982422, -0.1738419234752655, 0.19916865229606628, 0.74049901962280273, -0.20150421559810638, 0.64113748073577881, 0.58042615652084351, -0.28913724422454834, -0.76125234365463257, 0.33877226710319519, 0.93583959341049194, -0.097147583961486816),
            ["UpperTorso"] = CFrame.new(-1.0438041542215615e-08, 0.14962124824523926, -0.019407153129577637, 1, 0, 0, 0, 0.86358332633972168, -0.50420612096786499, 0, 0.50420612096786499, 0.86358332633972168)
        }},
        {Time = 0.067, Data = {
            ["Head"] = CFrame.new(1.4992648602523627e-24, 1.1920928955078125e-07, -1.4901161193847656e-08, 0.87005406618118286, 0.25556913018226624, -0.42153331637382507, -0.4821380078792572, 0.61933636665344238, -0.61964946985244751, 0.10270765423774719, 0.74236577749252319, 0.6620756983757019),
            ["LeftFoot"] = CFrame.new(-3.0733644962310791e-08, 0.025681555271148682, -2.4512410163879395e-06, 0.99602210521697998, 0.068148866295814514, 0.05740831047296524, -0.081436306238174438, 0.95769083499908447, 0.27603691816329956, -0.036167807877063751, -0.27961397171020508, 0.95943105220794678),
            ["LeftHand"] = CFrame.new(0.00048607587814331055, 0.021565616130828857, 2.9802322387695312e-08, 0.757790207862854, -0.56366509199142456, 0.32868790626525879, -0.10285520553588867, 0.39424967765808105, 0.91322952508926392, -0.6443406343460083, -0.72584360837936401, 0.24078261852264404),
            ["LeftLowerArm"] = CFrame.new(-0.00049978494644165039, 0.10534834861755371, 0.050004784017801285, 1, 0, 0, 0, 0.48482602834701538, -0.87461060285568237, 0, 0.87461060285568237, 0.48482602834701538),
            ["LeftLowerLeg"] = CFrame.new(-6.3329935073852539e-08, 0.10660147666931152, -0.04470023512840271, 1, -0, 0, 0, 0.53879797458648682, 0.84243506193161011, -0, -0.84243506193161011, 0.53879797458648682),
            ["LeftUpperArm"] = CFrame.new(0.14327371120452881, -0.49715006351470947, -0.26747000217437744, 0.75780290365219116, 0.51366013288497925, -0.40235310792922974, -0.26761543750762939, -0.31771171092987061, -0.9096379280090332, -0.5950770378112793, 0.79700219631195068, -0.10329949855804443),
            ["LeftUpperLeg"] = CFrame.new(-0.19614255428314209, -0.17384208738803864, 0.19906920194625854, 0.77824676036834717, 0.084582731127738953, -0.62223607301712036, -0.5253632664680481, -0.45509099960327148, -0.71894752979278564, -0.34398454427719116, 0.88641858100891113, -0.30973637104034424),
            ["LowerTorso"] = CFrame.new(2.0050556770456751e-09, -0.62212526798248291, -0.45662897825241089, 1, 0, 0, 0, -0.52181470394134521, 0.85305887460708618, 0, -0.85305887460708618, -0.52181470394134521),
            ["RightFoot"] = CFrame.new(-1.4249235391616821e-07, 0.019761204719543457, -0.00010261515126330778, 0.99369966983795166, -0.085739180445671082, -0.072178579866886139, 0.10605014860630035, 0.92764413356781006, 0.35809174180030823, 0.036253549158573151, -0.36349019408226013, 0.93089234828948975),
            ["RightHand"] = CFrame.new(-0.0004851222038269043, 0.022694408893585205, 1.1920928955078125e-07, 0.66582143306732178, 0.64449131488800049, -0.3759160041809082, 0.13169136643409729, 0.39440977573394775, 0.90944945812225342, 0.73439717292785645, -0.65503585338592529, 0.17773258686065674),
            ["RightLowerArm"] = CFrame.new(-3.8743019104003906e-07, 0.11119019985198975, 0.06005251407623291, 1, 0, 0, 0, 0.38057523965835571, -0.92475008964538574, 0, 0.92475008964538574, 0.38057523965835571),
            ["RightLowerLeg"] = CFrame.new(-6.5192580223083496e-08, 0.088039278984069824, -0.028432292863726616, 1, -0, 0, 0, 0.70898115634918213, 0.70522743463516235, -0, -0.70522743463516235, 0.70898115634918213),
            ["RightUpperArm"] = CFrame.new(-0.14845764636993408, -0.50665187835693359, -0.31597900390625, 0.66584932804107666, -0.62899106740951538, 0.40126648545265198, 0.34105932712554932, -0.22173500061035156, -0.91351628303527832, 0.66356849670410156, 0.74511992931365967, 0.066881120204925537),
            ["RightUpperLeg"] = CFrame.new(0.13644695281982422, -0.17384202778339386, 0.19916893541812897, 0.72179007530212402, -0.1594906747341156, 0.67348480224609375, 0.60341823101043701, -0.33157575130462646, -0.72521990537643433, 0.33897709846496582, 0.92984956502914429, -0.14308845996856689),
            ["UpperTorso"] = CFrame.new(-1.1954590206642024e-08, 0.1479722261428833, -0.029450744390487671, 1, 0, 0, 0, 0.89047020673751831, -0.45504149794578552, 0, 0.45504149794578552, 0.89047020673751831)
        }},
        {Time = 0.083, Data = {
            ["Head"] = CFrame.new(6.7208424769933499e-25, 0, 5.9604644775390625e-08, 0.87005406618118286, 0.25556913018226624, -0.42153331637382507, -0.4821380078792572, 0.61933636665344238, -0.61964946985244751, 0.10270765423774719, 0.74236577749252319, 0.6620756983757019),
            ["LeftFoot"] = CFrame.new(-2.9802322387695312e-08, 0.028122961521148682, -2.3767352104187012e-06, 0.99941623210906982, 0.026109000667929649, 0.022034425288438797, -0.030889669433236122, 0.96609985828399658, 0.25631409883499146, -0.014595348387956619, -0.25684511661529541, 0.96634232997894287),
            ["LeftHand"] = CFrame.new(0.00048728287220001221, 0.019433736801147461, 8.9406967163085938e-08, 0.72761249542236328, -0.59258222579956055, 0.3455812931060791, -0.086706221103668213, 0.42028605937957764, 0.9032396674156189, -0.68048667907714844, -0.68717259168624878, 0.2544248104095459),
            ["LeftLowerArm"] = CFrame.new(-0.00049996376037597656, 0.096194982528686523, 0.03854895755648613, 1, 0, 0, 0, 0.6036604642868042, -0.79724150896072388, 0, 0.79724150896072388, 0.6036604642868042),
            ["LeftLowerLeg"] = CFrame.new(-8.1956386566162109e-08, 0.11479365825653076, -0.056336577981710434, 1, -0, 0, 0, 0.4177592396736145, 0.90855777263641357, -0, -0.90855777263641357, 0.4177592396736145),
            ["LeftUpperArm"] = CFrame.new(0.12817001342773438, -0.50802439451217651, -0.28092819452285767, 0.72759246826171875, 0.49022793769836426, -0.47988110780715942, -0.28928470611572266, -0.4150313138961792, -0.86259138584136963, -0.62203186750411987, 0.76643729209899902, -0.16015827655792236),
            ["LeftUpperLeg"] = CFrame.new(-0.19614255428314209, -0.17384208738803864, 0.19906944036483765, 0.75430858135223389, 0.044603079557418823, -0.65500319004058838, -0.55431807041168213, -0.49132013320922852, -0.67181545495986938, -0.35178124904632568, 0.86983627080917358, -0.34588265419006348),
            ["LowerTorso"] = CFrame.new(-6.4090599494193157e-10, -0.64911365509033203, -0.36218911409378052, 1, 0, 0, 0, -0.45433342456817627, 0.89083170890808105, 0, -0.89083170890808105, -0.45433342456817627),
            ["RightFoot"] = CFrame.new(-5.0757080316543579e-08, 0.024438083171844482, -0.00010251829371554777, 0.99834853410720825, -0.043946597725152969, -0.036997869610786438, 0.053586024791002274, 0.94452297687530518, 0.32404458522796631, 0.020704679191112518, -0.32549202442169189, 0.94531810283660889),
            ["RightHand"] = CFrame.new(-0.00048576295375823975, 0.021315932273864746, -1.4901161193847656e-07, 0.623252272605896, 0.67552930116653442, -0.39397561550140381, 0.12135720252990723, 0.41414034366607666, 0.90208661556243896, 0.77254712581634521, -0.61003923416137695, 0.17613357305526733),
            ["RightLowerArm"] = CFrame.new(-1.1920928955078125e-07, 0.1047515869140625, 0.048967741429805756, 1, 0, 0, 0, 0.49554705619812012, -0.86858117580413818, 0, 0.86858117580413818, 0.49554705619812012),
            ["RightLowerLeg"] = CFrame.new(-9.6857547760009766e-08, 0.10159307718276978, -0.039481371641159058, 1, -0, 0, 0, 0.59399545192718506, 0.80446839332580566, -0, -0.80446839332580566, 0.59399545192718506),
            ["RightUpperArm"] = CFrame.new(-0.12715375423431396, -0.51930862665176392, -0.32964408397674561, 0.62320363521575928, -0.61090713739395142, 0.48827216029167175, 0.36637198925018311, -0.32353317737579346, -0.8724091649055481, 0.69093328714370728, 0.72257775068283081, 0.022192299365997314),
            ["RightUpperLeg"] = CFrame.new(0.13644695281982422, -0.17384199798107147, 0.19916908442974091, 0.69666016101837158, -0.11565443873405457, 0.70801740884780884, 0.63170802593231201, -0.36885786056518555, -0.68182766437530518, 0.34001415967941284, 0.92226243019104004, -0.18390882015228271),
            ["UpperTorso"] = CFrame.new(-1.3667620812896075e-08, 0.14525437355041504, -0.040795475244522095, 1, 0, 0, 0, 0.91797822713851929, -0.39663079380989075, 0, 0.39663079380989075, 0.91797822713851929)
        }},
        {Time = 0.100, Data = {
            ["Head"] = CFrame.new(1.0339757656912846e-24, 2.384185791015625e-07, 8.9406967163085938e-08, 0.87005406618118286, 0.25556913018226624, -0.42153331637382507, -0.4821380078792572, 0.61933636665344238, -0.61964946985244751, 0.10270765423774719, 0.74236577749252319, 0.6620756983757019),
            ["LeftFoot"] = CFrame.new(1.8253922462463379e-07, 0.02990269660949707, -2.2053718566894531e-06, 0.99951708316802979, -0.02378428541123867, -0.019998416304588318, 0.027951067313551903, 0.96933406591415405, 0.24415190517902374, 0.013578169047832489, -0.24459297955036163, 0.96953076124191284),
            ["LeftHand"] = CFrame.new(0.00048950314521789551, 0.015503644943237305, 1.7881393432617188e-07, 0.68892365694046021, -0.62609750032424927, 0.36522072553634644, -0.058556914329528809, 0.45414668321609497, 0.8890005350112915, -0.72246474027633667, -0.63383972644805908, 0.27621006965637207),
            ["LeftLowerArm"] = CFrame.new(-0.00049996376037597656, 0.082050085067749023, 0.026581130921840668, 1, 0, 0, 0, 0.72776615619659424, -0.68582534790039062, 0, 0.68582534790039062, 0.72776615619659424),
            ["LeftLowerLeg"] = CFrame.new(-5.2154064178466797e-08, 0.12039011716842651, -0.067854106426239014, 1, -0, 0, 0, 0.29795593023300171, 0.95457965135574341, -0, -0.95457965135574341, 0.29795593023300171),
            ["LeftUpperArm"] = CFrame.new(0.10883408784866333, -0.5205569863319397, -0.29647552967071533, 0.68893313407897949, 0.45283770561218262, -0.56595867872238159, -0.31440448760986328, -0.51684081554412842, -0.7962571382522583, -0.65308576822280884, 0.72650790214538574, -0.21369457244873047),
            ["LeftUpperLeg"] = CFrame.new(-0.19614255428314209, -0.17384204268455505, 0.19906924664974213, 0.7229621410369873, 0.001689523458480835, -0.69088554382324219, -0.58886528015136719, -0.52149367332458496, -0.61748051643371582, -0.3613356351852417, 0.85325360298156738, -0.37602531909942627),
            ["LowerTorso"] = CFrame.new(-3.4234837187341327e-09, -0.67928159236907959, -0.26320871710777283, 1, 0, 0, 0, -0.37894105911254883, 0.92542088031768799, 0, -0.92542088031768799, -0.37894105911254883),
            ["RightFoot"] = CFrame.new(2.6077032089233398e-08, 0.027348995208740234, -0.00010237673268420622, 0.9999769926071167, 0.0051909140311181545, 0.0043622907251119614, -0.0062467600218951702, 0.95548319816589355, 0.29497933387756348, -0.0026368831750005484, -0.29499977827072144, 0.95549368858337402),
            ["RightHand"] = CFrame.new(-0.00048756599426269531, 0.018940091133117676, 1.4901161193847656e-08, 0.56946742534637451, 0.71001577377319336, -0.41422760486602783, 0.098431020975112915, 0.44139289855957031, 0.89189893007278442, 0.81609940528869629, -0.54868024587631226, 0.18147128820419312),
            ["RightLowerArm"] = CFrame.new(-1.7881393432617188e-07, 0.094666838645935059, 0.03687097504734993, 1, 0, 0, 0, 0.62098968029022217, -0.78381872177124023, 0, 0.78381872177124023, 0.62098968029022217),
            ["RightLowerLeg"] = CFrame.new(5.5879354476928711e-08, 0.11121529340744019, -0.051087435334920883, 1, -0, 0, 0, 0.47337216138839722, 0.8808625340461731, -0, -0.8808625340461731, 0.47337216138839722),
            ["RightUpperArm"] = CFrame.new(-0.10026144981384277, -0.53347134590148926, -0.34472644329071045, 0.56943047046661377, -0.57854652404785156, 0.58398020267486572, 0.39464414119720459, -0.43078696727752686, -0.81159031391143799, 0.72111368179321289, 0.69260859489440918, -0.016983270645141602),
            ["RightUpperLeg"] = CFrame.new(0.13644695281982422, -0.17384202778339386, 0.19916900992393494, 0.66457319259643555, -0.070314794778823853, 0.74390745162963867, 0.66454541683197021, -0.39957404136657715, -0.63144278526306152, 0.34164592623710632, 0.91400027275085449, -0.21881890296936035),
            ["UpperTorso"] = CFrame.new(-1.546478678449148e-08, 0.1413722038269043, -0.052697747945785522, 1, 0, 0, 0, 0.94341856241226196, -0.33160427212715149, 0, 0.33160427212715149, 0.94341856241226196)
        }},
        {Time = 0.117, Data = {
            ["Head"] = CFrame.new(-6.4623485355705287e-25, 0, -1.1920928955078125e-07, 0.87005406618118286, 0.25556913018226624, -0.42153331637382507, -0.4821380078792572, 0.61933636665344238, -0.61964946985244751, 0.10270765423774719, 0.74236577749252319, 0.6620756983757019),
            ["LeftFoot"] = CFrame.new(1.0430812835693359e-07, 0.030911147594451904, -1.7508864402770996e-06, 0.99452131986618042, -0.079962924122810364, -0.067330047488212585, 0.093893393874168396, 0.96644133329391479, 0.23911331593990326, 0.045950345695018768, -0.24412514269351959, 0.96865445375442505),
            ["LeftHand"] = CFrame.new(0.00049328804016113281, 0.010160624980926514, -1.4901161193847656e-07, 0.64126825332641602, -0.66278088092803955, 0.38664788007736206, -0.013327509164810181, 0.49419921636581421, 0.86924648284912109, -0.7672010064125061, -0.56257331371307373, 0.30808103084564209),
            ["LeftLowerArm"] = CFrame.new(-0.00050008296966552734, 0.062219858169555664, 0.015039935708045959, 1, 0, 0, 0, 0.8468206524848938, -0.53187853097915649, 0, 0.53187853097915649, 0.8468206524848938),
            ["LeftLowerLeg"] = CFrame.new(-1.3411045074462891e-07, 0.12359660863876343, -0.078330129384994507, 1, -0, 0, 0, 0.18908780813217163, 0.98196017742156982, -0, -0.98196017742156982, 0.18908780813217163),
            ["LeftUpperArm"] = CFrame.new(0.085020899772644043, -0.53418272733688354, -0.31344336271286011, 0.64128506183624268, 0.396767258644104, -0.65675663948059082, -0.34166687726974487, -0.61873281002044678, -0.70741391181945801, -0.6870352029800415, 0.67804598808288574, -0.26122212409973145),
            ["LeftUpperLeg"] = CFrame.new(-0.19614255428314209, -0.17384198307991028, 0.19906917214393616, 0.68390530347824097, -0.04302978515625, -0.72830075025558472, -0.62762433290481567, -0.54365956783294678, -0.55724519491195679, -0.37196940183639526, 0.83820217847824097, -0.3988182544708252),
            ["LowerTorso"] = CFrame.new(-6.1748988144927353e-09, -0.71104860305786133, -0.1651090681552887, 1, 0, 0, 0, -0.29948949813842773, 0.95409965515136719, 0, -0.95409965515136719, -0.29948949813842773),
            ["RightFoot"] = CFrame.new(6.7055225372314453e-08, 0.029210805892944336, -0.00010220536933047697, 0.9969368577003479, 0.059846702963113785, 0.050350934267044067, -0.071365021169185638, 0.95948374271392822, 0.27257657051086426, -0.031998090445995331, -0.27533495426177979, 0.9608156681060791),
            ["RightHand"] = CFrame.new(-0.00048986077308654785, 0.014730930328369141, -6.7055225372314453e-08, 0.5046733021736145, 0.74564635753631592, -0.4351050853729248, 0.060829371213912964, 0.4720304012298584, 0.87948113679885864, 0.86116468906402588, -0.4703177809715271, 0.19286394119262695),
            ["RightLowerArm"] = CFrame.new(-5.9604644775390625e-08, 0.079786777496337891, 0.024962820112705231, 1, 0, 0, 0, 0.74450719356536865, -0.66761445999145508, 0, 0.66761445999145508, 0.74450719356536865),
            ["RightLowerLeg"] = CFrame.new(1.2665987014770508e-07, 0.11753201484680176, -0.061982396990060806, 1, -0, 0, 0, 0.36013668775558472, 0.93289953470230103, -0, -0.93289953470230103, 0.36013668775558472),
            ["RightUpperArm"] = CFrame.new(-0.067856729030609131, -0.54821991920471191, -0.36015701293945312, 0.50460368394851685, -0.52965670824050903, 0.68179094791412354, 0.4241824746131897, -0.53571677207946777, -0.73012113571166992, 0.7519603967666626, 0.65762555599212646, -0.045653581619262695),
            ["RightUpperLeg"] = CFrame.new(0.13644695281982422, -0.17384195327758789, 0.19916895031929016, 0.62566649913787842, -0.026043802499771118, 0.7796558141708374, 0.7003403902053833, -0.42147040367126465, -0.5760955810546875, 0.34360551834106445, 0.90646815299987793, -0.2454603910446167),
            ["UpperTorso"] = CFrame.new(-1.7237164584571474e-08, 0.13642281293869019, -0.064435586333274841, 1, 0, 0, 0, 0.9647478461265564, -0.26317599415779114, 0, 0.26317599415779114, 0.9647478461265564)
        }},
        {Time = 0.133, Data = {
            ["Head"] = CFrame.new(-2.0938009255248513e-24, 2.384185791015625e-07, -9.3132257461547852e-08, 0.87005406618118286, 0.25556913018226624, -0.42153331637382507, -0.4821380078792572, 0.61933636665344238, -0.61964946985244751, 0.10270765423774719, 0.74236577749252319, 0.6620756983757019),
            ["LeftFoot"] = CFrame.new(3.7252902984619141e-08, 0.031853556632995605, -1.5944242477416992e-06, 0.98318922519683838, -0.13968613743782043, -0.11758735775947571, 0.16458451747894287, 0.95685189962387085, 0.2394709587097168, 0.079062923789024353, -0.25479832291603088, 0.96375668048858643),
            ["LeftHand"] = CFrame.new(0.00049591064453125, 0.0062704682350158691, -1.4901161193847656e-08, 0.58519816398620605, -0.70036995410919189, 0.40868699550628662, 0.065831840038299561, 0.54336798191070557, 0.83690941333770752, -0.80821359157562256, -0.46285331249237061, 0.36408460140228271),
            ["LeftLowerArm"] = CFrame.new(-0.00050044059753417969, 0.035676836967468262, 0.0045032203197479248, 1, 0, 0, 0, 0.95409846305847168, -0.2994932234287262, 0, 0.2994932234287262, 0.95409846305847168),
            ["LeftLowerLeg"] = CFrame.new(4.4703483581542969e-08, 0.12532955408096313, -0.086980640888214111, 1, -0, 0, 0, 0.098989665508270264, 0.99508845806121826, -0, -0.99508845806121826, 0.098989665508270264),
            ["LeftUpperArm"] = CFrame.new(0.056953608989715576, -0.54805523157119751, -0.33087554574012756, 0.58515214920043945, 0.30493798851966858, -0.75140523910522461, -0.36936619877815247, -0.72467648983001709, -0.58173251152038574, -0.72191798686981201, 0.61794567108154297, -0.31141221523284912),
            ["LeftUpperLeg"] = CFrame.new(-0.19614249467849731, -0.17384201288223267, 0.19906924664974213, 0.63803243637084961, -0.087188214063644409, -0.76505744457244873, -0.66839110851287842, -0.5560295581817627, -0.49404913187026978, -0.38231930136680603, 0.82657688856124878, -0.4130406379699707),
            ["LowerTorso"] = CFrame.new(-8.7416163196962771e-09, -0.74259650707244873, -0.072791814804077148, 1, 0, 0, 0, -0.22065472602844238, 0.97535198926925659, 0, -0.97535198926925659, -0.22065472602844238),
            ["RightFoot"] = CFrame.new(5.9604644775390625e-08, 0.030495941638946533, -0.00010191479668719694, 0.98823738098144531, 0.11698520183563232, 0.098495334386825562, -0.13876631855964661, 0.95665061473846436, 0.25605377554893494, -0.064271122217178345, -0.26670977473258972, 0.96163147687911987),
            ["RightHand"] = CFrame.new(-0.00049319863319396973, 0.0097569823265075684, -6.7055225372314453e-08, 0.43059670925140381, 0.77954041957855225, -0.45486611127853394, 0.0042985975742340088, 0.50220489501953125, 0.86473798751831055, 0.90253418684005737, -0.37430858612060547, 0.21289682388305664),
            ["RightLowerArm"] = CFrame.new(-1.1920928955078125e-07, 0.060307860374450684, 0.013979241251945496, 1, 0, 0, 0, 0.85765880346298218, -0.51421922445297241, 0, 0.51421922445297241, 0.85765880346298218),
            ["RightLowerLeg"] = CFrame.new(9.6857547760009766e-08, 0.12141680717468262, -0.071324281394481659, 1, -0, 0, 0, 0.26295727491378784, 0.96480762958526611, -0, -0.96480762958526611, 0.26295727491378784),
            ["RightUpperArm"] = CFrame.new(-0.030828356742858887, -0.56235373020172119, -0.37466537952423096, 0.43062037229537964, -0.46039935946464539, 0.7762722373008728, 0.45246347784996033, -0.63408684730529785, -0.62706506252288818, 0.78092437982559204, 0.6212618350982666, -0.064736843109130859),
            ["RightUpperLeg"] = CFrame.new(0.13644701242446899, -0.17384205758571625, 0.19916912913322449, 0.58117777109146118, 0.015214234590530396, 0.81363457441329956, 0.73698484897613525, -0.43382430076599121, -0.51831513643264771, 0.34508830308914185, 0.90086942911148071, -0.26334190368652344),
            ["UpperTorso"] = CFrame.new(-1.8885952357550195e-08, 0.13070875406265259, -0.075354978442192078, 1, 0, 0, 0, 0.98085230588912964, -0.19475299119949341, 0, 0.19475299119949341, 0.98085230588912964)
        }},
        {Time = 0.150, Data = {
            ["Head"] = CFrame.new(2.016252743098005e-24, 1.1920928955078125e-07, 1.0058283805847168e-07, 0.87005406618118286, 0.25556913018226624, -0.42153331637382507, -0.4821380078792572, 0.61933636665344238, -0.61964946985244751, 0.10270765423774719, 0.74236577749252319, 0.6620756983757019),
            ["LeftFoot"] = CFrame.new(-2.9802322387695312e-08, 0.032264769077301025, -1.4603137969970703e-06, 0.96572214365005493, -0.19856789708137512, -0.16718712449073792, 0.2354186475276947, 0.94132500886917114, 0.24183733761310577, 0.10935629159212112, -0.27290663123130798, 0.95580500364303589),
            ["LeftHand"] = CFrame.new(0.00050202012062072754, -0.0032610297203063965, -4.9360096454620361e-08, 0.52257323265075684, -0.73637145757675171, 0.42973750829696655, 0.17665475606918335, 0.58661282062530518, 0.79036605358123779, -0.83409255743026733, -0.33710905909538269, 0.43663167953491211),
            ["LeftLowerArm"] = CFrame.new(-0.0004997551441192627, -0.0034563541412353516, 1.8123537302017212e-05, 1, 0, 0, 0, 1, 0, 0, 0, 1),
            ["LeftLowerLeg"] = CFrame.new(-1.4901161193847656e-08, 0.12592124938964844, -0.093684285879135132, 1, -0, 0, 0, 0.029324591159820557, 0.99956989288330078, -0, -0.99956989288330078, 0.029324591159820557),
            ["LeftUpperArm"] = CFrame.new(0.02566075325012207, -0.56106573343276978, -0.34760615229606628, 0.52260297536849976, 0.17668026685714722, -0.83406847715377808, -0.39537841081619263, -0.81651246547698975, -0.42069396376609802, -0.75535553693771362, 0.5496286153793335, -0.35685634613037109),
            ["LeftUpperLeg"] = CFrame.new(-0.19614249467849731, -0.17384201288223267, 0.19906920194625854, 0.58803427219390869, -0.12851923704147339, -0.79856026172637939, -0.70796257257461548, -0.55924487113952637, -0.43131691217422485, -0.39115810394287109, 0.81897991895675659, -0.41984200477600098),
            ["LowerTorso"] = CFrame.new(-1.0993152166349773e-08, -0.77198004722595215, 0.0093882381916046143, 1, 0, 0, 0, -0.14711403846740723, 0.98911958932876587, 0, -0.98911958932876587, -0.14711403846740723),
            ["RightFoot"] = CFrame.new(-1.7881393432617188e-07, 0.031155228614807129, -0.00010185519204242155, 0.97415256500244141, 0.17282319068908691, 0.14546121656894684, -0.20454418659210205, 0.94812285900115967, 0.24336133897304535, -0.095856629312038422, -0.26682430505752563, 0.95896625518798828),
            ["RightHand"] = CFrame.new(-0.00049582123756408691, 0.0062139630317687988, -1.1175870895385742e-07, 0.35126185417175293, 0.80864328145980835, -0.47192275524139404, -0.082279741764068604, 0.52875232696533203, 0.84477865695953369, 0.93265485763549805, -0.25790882110595703, 0.25226545333862305),
            ["RightLowerArm"] = CFrame.new(5.9604644775390625e-08, 0.036069154739379883, 0.0045823007822036743, 1, 0, 0, 0, 0.95328408479690552, -0.30207526683807373, 0, 0.30207526683807373, 0.95328408479690552),
            ["RightLowerLeg"] = CFrame.new(6.7055225372314453e-08, 0.12348705530166626, -0.078784428536891937, 1, -0, 0, 0, 0.1854560375213623, 0.98265260457992554, -0, -0.98265260457992554, 0.1854560375213623),
            ["RightUpperArm"] = CFrame.new(0.008815765380859375, -0.57455593347549438, -0.38705497980117798, 0.35130691528320312, -0.36011570692062378, 0.86423379182815552, 0.47683477401733398, -0.72556722164154053, -0.49616605043411255, 0.8057369589805603, 0.58640331029891968, -0.083181023597717285),
            ["RightUpperLeg"] = CFrame.new(0.13644701242446899, -0.17384199798107147, 0.19916896522045135, 0.53419065475463867, 0.051818221807479858, 0.84377437829971313, 0.77156400680541992, -0.43774676322937012, -0.46159142255783081, 0.34544068574905396, 0.89760380983352661, -0.27382135391235352),
