return {
    ["Doktorspiele"] = {
        {Time = 0.000, Data = {
            ["RightFoot"] = CFrame.new(-4.323192115407437e-08, 4.172325134277344e-07, -8.731149137020111e-09, 0.8800868988037109, 0.02438550814986229, 0.4741862118244171, 0.2073228657245636, 0.8787122368812561, -0.4299786388874054, -0.42715850472450256, 0.47672852873802185, 0.768287718296051),
            ["LeftLowerArm"] = CFrame.new(8.940696716308594e-08, -1.1920928955078125e-07, 5.960464477539063e-08, 1, -9.685754776000977e-08, 1.4901159772762185e-07, 8.940696716308594e-08, -0.35326454043388367, -0.9355233907699585, 1.1175870895385742e-07, 0.935523509979248, -0.3532646596431732),
            ["RightUpperArm"] = CFrame.new(0, 0.0039060115814208984, 8.940696716308594e-08, 0.7848129272460938, 0.07093770802021027, -0.6156595349311829, -0.5183262228965759, 0.6196959018707275, -0.5893343687057495, 0.3397156894207001, 0.7816296815872192, 0.5231141448020935),
            ["Head"] = CFrame.new(-4.470348358154297e-08, 0.0039061307907104492, -3.725290298461914e-09, 0.6909237504005432, 0.309536337852478, -0.6533082127571106, -0.4710654616355896, 0.8782727122306824, -0.08206399530172348, 0.548380970954895, 0.3644508719444275, 0.7526313662528992),
            ["RightHand"] = CFrame.new(1.1175870895385742e-08, -2.980232238769531e-07, 5.960464477539063e-08, 0.858878493309021, -0.24932506680488586, 0.4473978877067566, 0.03187849372625351, 0.8978467583656311, 0.4391527473926544, -0.5111863613128662, -0.36291632056236267, 0.7790893316268921),
            ["UpperTorso"] = CFrame.new(4.0512531995773315e-08, -0.003906041383743286, -8.754432201385498e-08, 0.9193830490112305, 0.16883574426174164, 0.3552875518798828, -0.19928424060344696, 0.9786326289176941, 0.05063614994287491, -0.3391468822956085, -0.11735722422599792, 0.9333845973014832),
            ["HumanoidRootPart"] = CFrame.new(0, 0, 0, 1, 0, 0, 0, 1, 0, 0, 0, 1),
            ["RightUpperLeg"] = CFrame.new(5.960464477539063e-08, -3.073364496231079e-07, -8.923962013795972e-08, 0.971878707408905, 0.2228039652109146, -0.07622480392456055, -0.19974759221076965, 0.608582079410553, -0.7679380774497986, -0.1247105598449707, 0.7615681886672974, 0.6359724402427673),
            ["LeftUpperArm"] = CFrame.new(-1.1920928955078125e-07, 0.0039061307907104492, -2.8312206268310547e-07, 0.7230505347251892, 0.2654755115509033, -0.6377465128898621, -0.6882620453834534, 0.355842649936676, -0.6321958303451538, 0.05910508334636688, 0.8960462808609009, 0.44000884890556335),
            ["RightLowerArm"] = CFrame.new(-5.960464477539063e-08, -2.384185791015625e-07, -5.960464477539063e-08, 1, -4.470348358154297e-08, 1.4901159772762185e-07, 8.195638656616211e-08, -0.35326460003852844, -0.9355234503746033, 1.564621925354004e-07, 0.935523509979248, -0.35326460003852844),
            ["LeftHand"] = CFrame.new(1.7881393432617188e-07, -2.980232238769531e-07, -1.1920928955078125e-07, 0.8597487211227417, 0.24947752058506012, -0.4456377923488617, -0.03172610327601433, 0.8969764709472656, 0.44093871116638184, 0.509730875492096, -0.3649580180644989, 0.7790892124176025),
            ["LeftFoot"] = CFrame.new(4.199023351247888e-08, -5.960464477539063e-08, 1.1250676834606566e-08, 0.8662065863609314, -0.3243466019630432, 0.3801128566265106, 0.4994325041770935, 0.5377353429794312, -0.6792698502540588, 0.01591876521706581, 0.7782288193702698, 0.6277791261672974),
            ["LowerTorso"] = CFrame.new(0.3657119870185852, -0.3546297550201416, 7.2247603455366516e-09, 0.9664146900177002, -0.25230592489242554, -0.048832010477781296, 0.25414159893989563, 0.91009521484375, 0.32732057571411133, -0.03814312070608139, -0.32873761653900146, 0.9436507225036621),
            ["RightLowerLeg"] = CFrame.new(1.5273690223693848e-07, -0.0000035762786865234375, -0.000013357195712160319, 1, -2.9988584060447465e-07, -1.6670679769958952e-07, 2.533197687171196e-07, 0.5126136541366577, 0.8586190342903137, -1.4528633585086936e-07, -0.8586193323135376, 0.5126141905784607),
            ["LeftUpperLeg"] = CFrame.new(5.960464477539063e-08, -6.05359673500061e-08, -8.381903171539307e-08, 0.3835359811782837, 0.26854342222213745, -0.8836202621459961, -0.6859044432640076, 0.7235174775123596, -0.07783105969429016, 0.6184136271476746, 0.6359299421310425, 0.461689829826355),
            ["LeftLowerLeg"] = CFrame.new(-1.4901161193847656e-08, 0.000004172325134277344, 0.000013381242752075195, 1, 2.6822084464583895e-07, 8.940696716308594e-08, -1.210719347000122e-07, 0.4363346993923187, 0.8997843861579895, 1.6763806343078613e-07, -0.8997843861579895, 0.4363347887992859),
        }},
        {Time = 0.033, Data = {
            ["RightFoot"] = CFrame.new(-4.204866854706779e-08, 2.384185791015625e-07, 1.717853592708707e-08, 0.8827247619628906, 0.041310328990221024, 0.4680714011192322, 0.18357759714126587, 0.8866427540779114, -0.4244568645954132, -0.4325462579727173, 0.46060633659362793, 0.7750778794288635),
            ["LeftLowerArm"] = CFrame.new(-2.9802322387695312e-08, 5.960464477539063e-08, 0, 1, -7.450580596923828e-08, 1.266598843585598e-07, 8.195639367158947e-08, -0.35326457023620605, -0.935523509979248, 1.6391278734317893e-07, 0.9355234503746033, -0.35326460003852844),
            ["RightUpperArm"] = CFrame.new(-5.960464477539063e-08, 0.0039058923721313477, 2.384185791015625e-07, 0.8218279480934143, 0.05243414267897606, -0.5673179030418396, -0.4686935842037201, 0.6283555030822754, -0.620883047580719, 0.3239218592643738, 0.7761573195457458, 0.5409755706787109),
            ["Head"] = CFrame.new(-4.470348358154297e-08, 0.0039058923721313477, 2.2351741790771484e-08, 0.7205343246459961, 0.29991400241851807, -0.6252054572105408, -0.44809043407440186, 0.8894739151000977, -0.08972867578268051, 0.529193103313446, 0.3448012173175812, 0.7752851247787476),
            ["RightHand"] = CFrame.new(1.4901161193847656e-07, 2.980232238769531e-07, 8.195638656616211e-08, 0.8716947436332703, -0.2174229621887207, 0.43917614221572876, 0.012243909761309624, 0.9055707454681396, 0.4240184426307678, -0.48989635705947876, -0.36423733830451965, 0.7920433878898621),
            ["UpperTorso"] = CFrame.new(-3.213062882423401e-08, -0.00390625, -4.470348358154297e-08, 0.9306259155273438, 0.14826476573944092, 0.3345937132835388, -0.19003306329250336, 0.9771147966384888, 0.09557271003723145, -0.312766432762146, -0.15252630412578583, 0.9375035762786865),
            ["HumanoidRootPart"] = CFrame.new(0, 0, 0, 1, 0, 0, 0, 1, 0, 0, 0, 1),
            ["RightUpperLeg"] = CFrame.new(0, -3.5588163882493973e-07, 2.2519088815897703e-08, 0.9779122471809387, 0.20423655211925507, -0.044442567974328995, -0.16864429414272308, 0.6453734040260315, -0.7450184226036072, -0.12347792088985443, 0.7360575199127197, 0.665561854839325),
            ["LeftUpperArm"] = CFrame.new(5.960464477539063e-08, 0.0039061307907104492, -7.450580596923828e-08, 0.7528842687606812, 0.25569677352905273, -0.606452465057373, -0.6562327742576599, 0.3619824945926666, -0.6620628237724304, 0.05023776739835739, 0.8964307308197021, 0.44032755494117737),
            ["RightLowerArm"] = CFrame.new(-2.9802322387695312e-08, 2.980232238769531e-07, -1.7881393432617188e-07, 1, -1.043081283569336e-07, 8.568168397005138e-08, 3.725290298461914e-08, -0.35326457023620605, -0.935523509979248, 1.341104507446289e-07, 0.9355234503746033, -0.3532646596431732),
            ["LeftHand"] = CFrame.new(-3.8743019104003906e-07, -1.1920928955078125e-07, -8.940696716308594e-08, 0.8695319890975952, 0.2645132839679718, -0.41706955432891846, -0.05177222192287445, 0.8886475563049316, 0.4556591212749481, 0.4911557137966156, -0.37461745738983154, 0.7864018082618713),
            ["LeftFoot"] = CFrame.new(8.491042535752058e-09, 0, 1.1693828128045425e-08, 0.8728455305099487, -0.3233058750629425, 0.3655325472354889, 0.48787254095077515, 0.5612306594848633, -0.668580949306488, 0.01100805401802063, 0.7619011998176575, 0.6475997567176819),
            ["LowerTorso"] = CFrame.new(0.3396967649459839, -0.34418582916259766, 0.018491003662347794, 0.9709919691085815, -0.23514267802238464, -0.04338807240128517, 0.23781350255012512, 0.9308013319969177, 0.27758529782295227, -0.024886466562747955, -0.27985137701034546, 0.9597207307815552),
            ["RightLowerLeg"] = CFrame.new(1.0058283805847168e-07, -0.000003635883331298828, -0.000013349745131563395, 1, 3.948806863718346e-07, 1.285224868752266e-07, -3.650783071407204e-07, 0.5185410380363464, 0.8550524115562439, 2.3655584868720325e-07, -0.8550527691841125, 0.5185416340827942),
            ["LeftUpperLeg"] = CFrame.new(0, -2.9243528842926025e-07, 2.468004822731018e-08, 0.4153520166873932, 0.24060316383838654, -0.8772644400596619, -0.644811749458313, 0.7581140995025635, -0.09737004339694977, 0.6416389346122742, 0.6061131954193115, 0.47002798318862915),
            ["LeftLowerLeg"] = CFrame.new(0, 0.0000037550926208496094, 0.000013269484043121338, 1, 1.1920927533992653e-07, 1.0430811414607888e-07, -1.508742428768528e-07, 0.4399641752243042, 0.8980153203010559, 8.940695295223122e-08, -0.8980153203010559, 0.4399641454219818),
        }},
        {Time = 0.067, Data = {
            ["RightFoot"] = CFrame.new(-3.817513061221689e-08, 4.76837158203125e-07, 1.0863004717975855e-08, 0.8892830610275269, 0.08695219457149506, 0.44901567697525024, 0.12163366377353668, 0.9014409780502319, -0.41546255350112915, -0.44088640809059143, 0.424079567193985, 0.7910600304603577),
            ["LeftLowerArm"] = CFrame.new(1.7881393432617188e-07, 0, 0, 1, -1.1548399925231934e-07, 1.4901159772762185e-07, 7.078052277620372e-08, -0.35326454043388367, -0.9355234503746033, 1.303851746570217e-07, 0.935523509979248, -0.35326462984085083),
            ["RightUpperArm"] = CFrame.new(-1.1920928955078125e-07, 0.0039061307907104492, 2.682209014892578e-07, 0.9028486013412476, 0.0005125989555381238, -0.42995837330818176, -0.3291093111038208, 0.6443257927894592, -0.6903125643730164, 0.2766793370246887, 0.7647509574890137, 0.5818973183631897),
            ["Head"] = CFrame.new(3.725290298461914e-09, 0.0039061307907104492, 6.891787052154541e-08, 0.798604428768158, 0.26513540744781494, -0.5403093695640564, -0.3807835876941681, 0.917802095413208, -0.11244229972362518, 0.4660845994949341, 0.2955377995967865, 0.8339200615882874),
            ["RightHand"] = CFrame.new(-5.960464477539063e-08, 0, -1.1734664440155029e-07, 0.8982948660850525, -0.13877367973327637, 0.4169030785560608, -0.03758852183818817, 0.9210672378540039, 0.38758528232574463, -0.4377824366092682, -0.3638366162776947, 0.8221736550331116),
            ["UpperTorso"] = CFrame.new(-2.0059076177858515e-08, -0.0039060115814208984, -3.0384398996829987e-08, 0.9567430019378662, 0.0992637351155281, 0.2734769582748413, -0.15824350714683533, 0.9663379788398743, 0.20285455882549286, -0.2441350370645523, -0.23735563457012177, 0.9402449131011963),
            ["HumanoidRootPart"] = CFrame.new(0, 0, 0, 1, 0, 0, 0, 1, 0, 0, 0, 1),
            ["RightUpperLeg"] = CFrame.new(5.960464477539063e-08, 1.4808028936386108e-07, -4.639878170564771e-08, 0.987522542476654, 0.15178346633911133, 0.041966427117586136, -0.08304635435342789, 0.7283617854118347, -0.6801415681838989, -0.13380098342895508, 0.6681697964668274, 0.7318786978721619),
            ["LeftUpperArm"] = CFrame.new(5.960464477539063e-08, 0.0039058923721313477, -2.682209014892578e-07, 0.8254920244216919, 0.2296164482831955, -0.5155959725379944, -0.5637882947921753, 0.3784545063972473, -0.7341083884239197, 0.026566307991743088, 0.8966874480247498, 0.4418662190437317),
            ["RightLowerArm"] = CFrame.new(5.960464477539063e-08, -1.1920928955078125e-07, 2.9802322387695312e-08, 1, -9.685754776000977e-08, 1.2107194891086692e-07, 8.195638656616211e-08, -0.35326457023620605, -0.9355234503746033, 1.043081283569336e-07, 0.9355234503746033, -0.35326457023620605),
            ["LeftHand"] = CFrame.new(6.705522537231445e-08, -5.960464477539063e-08, 1.7881393432617188e-07, 0.8891324996948242, 0.29987412691116333, -0.3457152247428894, -0.10219147801399231, 0.8664330840110779, 0.4887234568595886, 0.4460946321487427, -0.3992108106613159, 0.8010183572769165),
            ["LeftFoot"] = CFrame.new(-7.606104190926999e-09, 5.960464477539063e-08, 4.487174010137096e-08, 0.8952067494392395, -0.3236068785190582, 0.30640432238578796, 0.4453914761543274, 0.6262030005455017, -0.6399189829826355, 0.01521080918610096, 0.7093296051025391, 0.7047128081321716),
            ["LowerTorso"] = CFrame.new(0.2706098258495331, -0.31930816173553467, 0.06256559491157532, 0.9816700220108032, -0.18754728138446808, -0.03391198068857193, 0.19054992496967316, 0.9693914651870728, 0.1548260897397995, 0.003836772870272398, -0.15845006704330444, 0.9873595237731934),
            ["RightLowerLeg"] = CFrame.new(6.705522537231445e-08, -0.000003635883331298828, -0.000013327393389772624, 1, -1.5646224937881925e-07, -5.587938289863814e-08, 2.10478958706517e-07, 0.531663715839386, 0.8469552993774414, -8.195640788244418e-08, -0.8469555974006653, 0.5316641330718994),
            ["LeftUpperLeg"] = CFrame.new(2.9802322387695312e-08, 2.1047890186309814e-07, -3.725290298461914e-08, 0.5089318156242371, 0.1725335568189621, -0.8433390259742737, -0.5408243536949158, 0.8262913823127747, -0.1573266088962555, 0.6696995496749878, 0.536166787147522, 0.5138362646102905),
            ["LeftLowerLeg"] = CFrame.new(-5.960464477539063e-08, 0.000003933906555175781, 0.000013262033462524414, 1, 2.5331974029541016e-07, 2.0861622829215776e-07, -2.5075857479350816e-07, 0.4561938941478729, 0.8898804783821106, 1.0430811414607888e-07, -0.8898804187774658, 0.4561937153339386),
        }},
        {Time = 0.100, Data = {
            ["RightFoot"] = CFrame.new(-2.6766429073177278e-08, 1.7881393432617188e-07, 3.773311618715525e-08, 0.9003016948699951, 0.15467430651187897, 0.40685686469078064, 0.03157907351851463, 0.9090566039085388, -0.41547393798828125, -0.43411925435066223, 0.3869006335735321, 0.8135409951210022),
            ["LeftLowerArm"] = CFrame.new(8.940696716308594e-08, 1.1920928955078125e-07, 5.960464477539063e-08, 1, -9.12696123123169e-08, 8.009374141693115e-08, 9.12696123123169e-08, -0.35326457023620605, -0.9355234503746033, 1.1548399925231934e-07, 0.9355234503746033, -0.3532646596431732),
            ["RightUpperArm"] = CFrame.new(-5.960464477539063e-08, 0.003905773162841797, 3.427267074584961e-07, 0.9727149605751038, -0.07666672021150589, -0.21896982192993164, -0.11788339912891388, 0.6495793461799622, -0.7510993480682373, 0.1998225748538971, 0.7564185261726379, 0.622817873954773),
            ["Head"] = CFrame.new(0, 0.003905653953552246, 1.5133991837501526e-08, 0.8976500034332275, 0.1939510554075241, -0.39573678374290466, -0.2704769968986511, 0.9514002203941345, -0.14724083244800568, 0.34794652462005615, 0.2392084002494812, 0.9064836502075195),
            ["RightHand"] = CFrame.new(5.21540641784668e-08, 2.384185791015625e-07, 1.564621925354004e-07, 0.9218663573265076, -0.04042335972189903, 0.3853938579559326, -0.10270043462514877, 0.9334935545921326, 0.34357336163520813, -0.3736509382724762, -0.35630878806114197, 0.8564046621322632),
            ["UpperTorso"] = CFrame.new(-1.3969838619232178e-09, -0.0039058923721313477, 2.3283064365386963e-10, 0.9836333394050598, 0.04225759953260422, 0.17515669763088226, -0.09868369996547699, 0.9396923780441284, 0.32747507095336914, -0.15075507760047913, -0.3394004702568054, 0.9284827709197998),
            ["HumanoidRootPart"] = CFrame.new(0, 0, 0, 1, 0, 0, 0, 1, 0, 0, 0, 1),
            ["RightUpperLeg"] = CFrame.new(5.960464477539063e-08, -2.4097971618175507e-08, -1.0542862582951784e-08, 0.9817153811454773, 0.07493835687637329, 0.17498327791690826, 0.04058041051030159, 0.8157262802124023, -0.5770129561424255, -0.18597887456417084, 0.5735633373260498, 0.7977700233459473),
            ["LeftUpperArm"] = CFrame.new(5.960464477539063e-08, 0.003905773162841797, -1.6391277313232422e-07, 0.9096696376800537, 0.19116538763046265, -0.368723601102829, -0.41525477170944214, 0.4014042913913727, -0.8163566589355469, -0.008051854558289051, 0.8957290053367615, 0.4445275366306305),
            ["RightLowerArm"] = CFrame.new(0, 2.384185791015625e-07, 1.043081283569336e-07, 1, -8.00937343115038e-08, 1.1920927533992653e-07, 7.823108916227284e-08, -0.3532646596431732, -0.9355234503746033, 1.0896472701915627e-07, 0.9355233907699585, -0.35326460003852844),
            ["LeftHand"] = CFrame.new(5.21540641784668e-08, 3.5762786865234375e-07, -8.940696716308594e-08, 0.9048841595649719, 0.3410055935382843, -0.2547544538974762, -0.16724653542041779, 0.8351950645446777, 0.5239062905311584, 0.39142468571662903, -0.4314676821231842, 0.8127868175506592),
            ["LeftFoot"] = CFrame.new(1.6057128959801048e-08, 5.960464477539063e-08, -3.721788743860088e-08, 0.9293668866157532, -0.3185136914253235, 0.18661826848983765, 0.3651985824108124, 0.7194302082061768, -0.5908048748970032, 0.05392054468393326, 0.6172271370887756, 0.7849352359771729),
            ["LowerTorso"] = CFrame.new(0.17188915610313416, -0.28967857360839844, 0.11512617021799088, 0.9926297664642334, -0.11713650077581406, -0.03107043169438839, 0.11732577532529831, 0.9930840134620667, 0.00433358084410429, 0.030347928404808044, -0.007947002537548542, 0.9995079040527344),
            ["RightLowerLeg"] = CFrame.new(-4.0978193283081055e-08, -0.000003635883331298828, -0.000013483855582308024, 1, -4.842878098543224e-08, 1.4901173628345532e-08, 4.0978193283081055e-08, 0.5473374128341675, 0.836911678314209, 0, -0.8369120359420776, 0.5473381280899048),
            ["LeftUpperLeg"] = CFrame.new(0, 4.557659849524498e-08, 0, 0.6507560610771179, 0.09389064460992813, -0.7534593939781189, -0.4004290997982025, 0.8855496048927307, -0.2354961633682251, 0.6451148390769958, 0.4549576938152313, 0.6138733625411987),
            ["LeftLowerLeg"] = CFrame.new(0, 0.000004112720489501953, 0.000013262033462524414, 1, 7.4505820180093e-08, 1.4901166522918174e-08, -3.9115551686563776e-08, 0.4949737787246704, 0.8689079880714417, 7.450581307466564e-08, -0.8689079880714417, 0.49497365951538086),
        }},
        {Time = 0.133, Data = {
            ["RightFoot"] = CFrame.new(3.177046892233193e-08, 3.5762786865234375e-07, 2.327578840777278e-08, 0.9207778573036194, 0.2377847284078598, 0.30923572182655334, -0.08437347412109375, 0.895369291305542, -0.43725794553756714, -0.3808533549308777, 0.3765268325805664, 0.8444991111755371),
            ["LeftLowerArm"] = CFrame.new(2.086162567138672e-07, -5.960464477539063e-08, -1.4901161193847656e-08, 1, -9.03382755268467e-08, 1.0803341865539551e-07, 9.313225746154785e-08, -0.35326460003852844, -0.935523509979248, 1.2479722499847412e-07, 0.9355234503746033, -0.35326462984085083),
            ["RightUpperArm"] = CFrame.new(-5.960464477539063e-08, 0.0039061307907104492, 2.6402994990348816e-07, 0.9864852428436279, -0.16164155304431915, 0.026815306395292282, 0.12415867298841476, 0.630642831325531, -0.7660772800445557, 0.10691904276609421, 0.7590532302856445, 0.6421889066696167),
            ["Head"] = CFrame.new(5.3551048040390015e-09, 0.0039060115814208984, -4.981848178431392e-08, 0.9761378169059753, 0.08708459883928299, -0.19892518222332, -0.12430538237094879, 0.975213348865509, -0.1830495148897171, 0.17805364727973938, 0.20340895652770996, 0.9627677798271179),
            ["RightHand"] = CFrame.new(1.862645149230957e-08, 1.7881393432617188e-07, -4.470348358154297e-08, 0.9335858821868896, 0.04836008697748184, 0.3550756275653839, -0.16446831822395325, 0.9381548762321472, 0.304656445980072, -0.3183826506137848, -0.34282174706459045, 0.8838019371032715),
            ["UpperTorso"] = CFrame.new(-9.313225746154785e-10, -0.0039058327674865723, -5.9371814131736755e-09, 0.9986090660095215, -0.0068612610921263695, 0.05227735638618469, -0.01597553677856922, 0.9055150747299194, 0.4240131974220276, -0.0502471998333931, -0.4242584705352783, 0.9041460156440735),
            ["HumanoidRootPart"] = CFrame.new(0, 0, 0, 1, 0, 0, 0, 1, 0, 0, 0, 1),
            ["RightUpperLeg"] = CFrame.new(0, 2.1047890186309814e-07, 5.75528247281909e-09, 0.9340132474899292, -0.0030436699744313955, 0.3572254180908203, 0.17330718040466309, 0.8782707452774048, -0.4456515908241272, -0.3123842775821686, 0.47815394401550293, 0.8208438754081726),
            ["LeftUpperArm"] = CFrame.new(0, 0.0039060115814208984, -2.577435225248337e-07, 0.973521888256073, 0.1442994624376297, -0.177293598651886, -0.2229347825050354, 0.42780572175979614, -0.875946581363678, -0.05055137723684311, 0.8922780156135559, 0.4486476182937622),
            ["RightLowerArm"] = CFrame.new(0, 2.384185791015625e-07, 4.470348358154297e-08, 1, -7.82310962677002e-08, 1.3783574104309082e-07, 8.568167686462402e-08, -0.3532646596431732, -0.9355234503746033, 1.30385160446167e-07, 0.9355234503746033, -0.35326457023620605),
            ["LeftHand"] = CFrame.new(3.427267074584961e-07, 5.960464477539063e-08, -1.2665987014770508e-07, 0.9103302955627441, 0.37648195028305054, -0.17193035781383514, -0.2282232940196991, 0.8031591176986694, 0.5503177642822266, 0.34527212381362915, -0.4617323577404022, 0.8170620203018188),
            ["LeftFoot"] = CFrame.new(-2.7403416424931493e-08, 5.960464477539063e-08, 1.785889480743208e-08, 0.956824541091919, -0.28993138670921326, 0.020659899339079857, 0.25805652141571045, 0.8146186470985413, -0.5194257497787476, 0.1337680220603943, 0.5023308992385864, 0.8542658090591431),
            ["LowerTorso"] = CFrame.new(0.05697278678417206, -0.26497864723205566, 0.15907515585422516, 0.9986214637756348, -0.03514252230525017, -0.03898901492357254, 0.03022107295691967, 0.99227374792099, -0.12033100426197052, 0.04291651025414467, 0.1189868375658989, 0.9919679164886475),
            ["RightLowerLeg"] = CFrame.new(0, -0.000003635883331298828, -0.0000133199428091757, 1, -5.9604616353681195e-08, -2.980233304583635e-08, 5.21540641784668e-08, 0.5607800483703613, 0.8279643654823303, -7.450580596923828e-08, -0.8279647827148438, 0.5607807636260986),
            ["LeftUpperLeg"] = CFrame.new(0, 2.2910535335540771e-07, -2.60770320892334e-08, 0.8006758093833923, 0.024471690878272057, -0.5985978245735168, -0.25058361887931824, 0.9212452173233032, -0.29751506447792053, 0.5441746115684509, 0.38821178674697876, 0.7437509298324585),
            ["LeftLowerLeg"] = CFrame.new(-8.940696716308594e-08, 0.000004231929779052734, 0.000013262033462524414, 1, 2.9802315282267955e-08, 5.960465188081798e-08, -1.0803341865539551e-07, 0.551207959651947, 0.8343678116798401, 8.195638656616211e-08, -0.8343679308891296, 0.5512081980705261),
        }},
        {Time = 0.167, Data = {
            ["RightFoot"] = CFrame.new(1.67910911841318e-07, 4.76837158203125e-07, 4.3080945033580065e-08, 0.9382350444793701, 0.31795403361320496, 0.1364561766386032, -0.21721412241458893, 0.8482534289360046, -0.48299482464790344, -0.2693195641040802, 0.4235226809978485, 0.8649252653121948),
            ["LeftLowerArm"] = CFrame.new(5.960464477539063e-08, 0, -5.960464477539063e-08, 1, -8.149072527885437e-08, 1.1688099732509727e-07, 8.242204785346985e-08, -0.35326457023620605, -0.935523509979248, 1.1827796697616577e-07, 0.9355234503746033, -0.3532646894454956),
            ["RightUpperArm"] = CFrame.new(0, 0.0039060115814208984, 2.086162567138672e-07, 0.9389842748641968, -0.2327013611793518, 0.2532957196235657, 0.34327462315559387, 0.5875170826911926, -0.7327935099601746, 0.02170647121965885, 0.775031566619873, 0.6315496563911438),
            ["Head"] = CFrame.new(1.1641532182693481e-09, 0.00390625, 5.8964360505342484e-08, 0.9990931749343872, -0.034382160753011703, 0.025115463882684708, 0.03877444565296173, 0.9783995151519775, -0.20305447280406952, -0.01759149134159088, 0.2038441002368927, 0.9788453578948975),
            ["RightHand"] = CFrame.new(-9.220093488693237e-08, -1.1920928955078125e-07, 0, 0.9345541000366211, 0.09917747974395752, 0.3417198061943054, -0.20228850841522217, 0.9381623864173889, 0.28094637393951416, -0.2927250862121582, -0.33168554306030273, 0.896825909614563),
            ["UpperTorso"] = CFrame.new(1.210719347000122e-08, -0.003906041383743286, 1.885928213596344e-08, 0.996225893497467, -0.04400035738945007, -0.07482049614191055, 0.07343995571136475, 0.8867596983909607, 0.45635929703712463, 0.04626784101128578, -0.4601316750049591, 0.8866442441940308),
            ["HumanoidRootPart"] = CFrame.new(0, 0, 0, 1, 0, 0, 0, 1, 0, 0, 0, 1),
            ["RightUpperLeg"] = CFrame.new(5.960464477539063e-08, 1.1175870895385742e-08, -2.032174961641431e-08, 0.8214085102081299, -0.0656331405043602, 0.5665513873100281, 0.2849687933921814, 0.907703697681427, -0.30800458788871765, -0.4940454363822937, 0.41444694995880127, 0.7642988562583923),
            ["LeftUpperArm"] = CFrame.new(0, 0.0039061307907104492, -1.341104507446289e-07, 0.9950013756752014, 0.09311497956514359, 0.036083150655031204, -0.010564935393631458, 0.4574572741985321, -0.889168918132782, -0.09930145740509033, 0.8843429684638977, 0.45615434646606445),
            ["RightLowerArm"] = CFrame.new(5.960464477539063e-08, 5.960464477539063e-08, 2.9802322387695312e-08, 1, -7.776543498039246e-08, 1.4435501327625389e-07, 1.1175869474300271e-07, -0.3532646894454956, -0.935523509979248, 1.1734663019069558e-07, 0.9355233907699585, -0.3532646894454956),
            ["LeftHand"] = CFrame.new(-1.0337680578231812e-07, 2.384185791015625e-07, 6.05359673500061e-08, 0.9077271819114685, 0.3997687101364136, -0.1273440271615982, -0.2651103734970093, 0.7817599177360535, 0.5644183158874512, 0.3251892030239105, -0.4785776138305664, 0.815607488155365),
            ["LeftFoot"] = CFrame.new(-1.520385239928146e-08, 0, -1.669104676693678e-08, 0.9620557427406311, -0.2325383424758911, -0.1427396833896637, 0.14742475748062134, 0.8832077383995056, -0.44520801305770874, 0.22959692776203156, 0.4072716236114502, 0.883976936340332),
            ["LowerTorso"] = CFrame.new(-0.060701191425323486, -0.2548900842666626, 0.17731495201587677, 0.9975520372390747, 0.047990866005420685, -0.05086104944348335, -0.05595745891332626, 0.9840235710144043, -0.1690160036087036, 0.041937243193387985, 0.17144830524921417, 0.9843001365661621),
            ["RightLowerLeg"] = CFrame.new(-1.4901161193847656e-08, -0.000003874301910400391, -0.000013245437003206462, 1, -2.0116563348437921e-07, -1.9371505288745539e-07, 2.8312203426139604e-07, 0.5616368055343628, 0.8273836374282837, -1.639127589214695e-07, -0.8273839354515076, 0.5616371631622314),
            ["LeftUpperLeg"] = CFrame.new(0, 1.043081283569336e-07, -3.725290298461914e-09, 0.9096276760101318, -0.041606299579143524, -0.4133357107639313, -0.11607541143894196, 0.929887592792511, -0.34904956817626953, 0.3988783061504364, 0.36548328399658203, 0.8410220742225647),
            ["LeftLowerLeg"] = CFrame.new(1.341104507446289e-07, 0.000003874301910400391, 0.000013366341590881348, 1, 1.3411046495548362e-07, 8.195640788244418e-08, -1.5832485189548606e-07, 0.5997319221496582, 0.8002011179924011, 3.725290653733282e-08, -0.8002010583877563, 0.5997318625450134),
        }},
        {Time = 0.200, Data = {
            ["RightFoot"] = CFrame.new(-6.279879016801715e-08, 2.384185791015625e-07, 1.7869751900434494e-08, 0.9294098019599915, 0.3672340214252472, -0.03656286001205444, -0.32711464166641235, 0.7738803029060364, -0.5423144102096558, -0.17086105048656464, 0.5159928798675537, 0.8393797278404236),
            ["LeftLowerArm"] = CFrame.new(2.9802322387695312e-08, 2.980232238769531e-07, -1.341104507446289e-07, 1, -8.195637946073475e-08, 1.1734663019069558e-07, 8.195637946073475e-08, -0.35326462984085083, -0.9355234503746033, 1.0896472701915627e-07, 0.9355234503746033, -0.35326457023620605),
            ["RightUpperArm"] = CFrame.new(-5.960464477539063e-08, 0.0039058923721313477, 2.60770320892334e-07, 0.8618627190589905, -0.2770662307739258, 0.4247671961784363, 0.5057673454284668, 0.531208872795105, -0.679718017578125, -0.03731318190693855, 0.8006569147109985, 0.5979601740837097),
            ["Head"] = CFrame.new(-1.862645149230957e-08, 0.0039058923721313477, 2.7939677238464355e-08, 0.9597848057746887, -0.1422785222530365, 0.24201269447803497, 0.19225436449050903, 0.961306631565094, -0.1973017156124115, -0.20457661151885986, 0.23589517176151276, 0.9500010013580322),
            ["RightHand"] = CFrame.new(7.636845111846924e-08, 2.980232238769531e-07, 5.960464477539063e-08, 0.9293235540390015, 0.09280683845281601, 0.35741397738456726, -0.20106998085975647, 0.9390097260475159, 0.278983473777771, -0.3097236156463623, -0.33113110065460205, 0.8913044333457947),
            ["UpperTorso"] = CFrame.new(1.5366822481155396e-08, -0.00390586256980896, -9.313225746154785e-10, 0.9793301224708557, -0.07684209197759628, -0.18710407614707947, 0.14860205352306366, 0.9008901119232178, 0.4078167676925659, 0.13722272217273712, -0.42719125747680664, 0.8936876654624939),
            ["HumanoidRootPart"] = CFrame.new(0, 0, 0, 1, 0, 0, 0, 1, 0, 0, 0, 1),
            ["RightUpperLeg"] = CFrame.new(1.1920928955078125e-07, 1.6205012798309326e-07, -2.032174961641431e-08, 0.6799188256263733, -0.13028454780578613, 0.7216207981109619, 0.3924476206302643, 0.8959444165229797, -0.2080109417438507, -0.6194313764572144, 0.4246287941932678, 0.6602991223335266),
            ["LeftUpperArm"] = CFrame.new(0, 0.0039061307907104492, -1.6391277313232422e-07, 0.9690082669258118, 0.04054710641503334, 0.24367812275886536, 0.19297723472118378, 0.49157005548477173, -0.8491871356964111, -0.1542169451713562, 0.8698935508728027, 0.4685107469558716),
            ["RightLowerArm"] = CFrame.new(2.384185791015625e-07, 2.980232238769531e-07, 8.940696716308594e-08, 1, -4.470348358154297e-08, 1.471489667892456e-07, 1.0989606380462646e-07, -0.35326462984085083, -0.9355234503746033, 1.1734664440155029e-07, 0.9355234503746033, -0.35326462984085083),
            ["LeftHand"] = CFrame.new(1.1920928955078125e-07, 0, -1.4901161193847656e-07, 0.9020411968231201, 0.4075596332550049, -0.14218629896640778, -0.2635071575641632, 0.7808322906494141, 0.5664495229721069, 0.34188544750213623, -0.4734936058521271, 0.8117377161979675),
            ["LeftFoot"] = CFrame.new(7.303481197595829e-08, 0, 2.40200961343362e-08, 0.9374548196792603, -0.16100235283374786, -0.30863693356513977, 0.026661012321710587, 0.9172182679176331, -0.39749181270599365, 0.347084641456604, 0.3644021153450012, 0.8641432523727417),
            ["LowerTorso"] = CFrame.new(-0.16885970532894135, -0.26583170890808105, 0.15847225487232208, 0.9906487464904785, 0.12591494619846344, -0.052540455013513565, -0.13117066025733948, 0.9849181175231934, -0.11282986402511597, 0.03754107654094696, 0.11866651475429535, 0.9922243356704712),
            ["RightLowerLeg"] = CFrame.new(1.4901161193847656e-08, -0.000003814697265625, -0.000013245437003206462, 1, -5.960463056453591e-08, -4.4703494239684005e-08, 2.2351745343485163e-08, 0.5386964082717896, 0.8424997329711914, -1.0430814256778831e-07, -0.8425000309944153, 0.5386968851089478),
            ["LeftUpperLeg"] = CFrame.new(-5.960464477539063e-08, 4.470348358154297e-08, -1.4901161193847656e-08, 0.974333643913269, -0.09133264422416687, -0.20574863255023956, -0.007934533059597015, 0.8994932174682617, -0.436862975358963, 0.22496932744979858, 0.42728257179260254, 0.8756815791130066),
            ["LeftLowerLeg"] = CFrame.new(2.9802322387695312e-08, 0.0000040531158447265625, 0.000013247132301330566, 1, 2.4586910285506747e-07, 9.685754776000977e-08, -1.8771967802422296e-07, 0.6122663021087646, 0.7906515598297119, 5.215405707303944e-08, -0.7906516194343567, 0.6122663617134094),
        }},
        {Time = 0.233, Data = {
            ["RightFoot"] = CFrame.new(-1.0605799616314471e-07, 2.980232238769531e-07, -3.803143044933677e-08, 0.9036092758178711, 0.37478792667388916, -0.20742368698120117, -0.42044690251350403, 0.6833722591400146, -0.596846878528595, -0.08194343000650406, 0.6265273094177246, 0.7750802636146545),
            ["LeftLowerArm"] = CFrame.new(-8.940696716308594e-08, -2.384185791015625e-07, -2.9802322387695312e-08, 1, -1.043081283569336e-07, 1.1175870895385742e-07, 8.568167686462402e-08, -0.35326457023620605, -0.9355235695838928, 1.043081283569336e-07, 0.935523509979248, -0.35326454043388367),
            ["RightUpperArm"] = CFrame.new(0, 0.0039058923721313477, 2.682209014892578e-07, 0.7860222458839417, -0.29671648144721985, 0.5423359870910645, 0.6142894625663757, 0.4733794331550598, -0.6313164830207825, -0.06940869241952896, 0.8293800354003906, 0.5543566346168518),
            ["Head"] = CFrame.new(1.4901161193847656e-08, 0.0039060115814208984, 1.0337680578231812e-07, 0.8785990476608276, -0.22149813175201416, 0.42308661341667175, 0.31765809655189514, 0.9325799942016602, -0.17142914235591888, -0.3565908670425415, 0.2850143313407898, 0.889724612236023),
            ["RightHand"] = CFrame.new(-1.2665987014770508e-07, -1.1920928955078125e-07, 2.9802322387695312e-08, 0.9190373420715332, 0.03835812211036682, 0.3922998309135437, -0.16627882421016693, 0.9400924444198608, 0.29761990904808044, -0.35738202929496765, -0.33875495195388794, 0.8703581094741821),
            ["UpperTorso"] = CFrame.new(5.075708031654358e-08, -0.0039059817790985107, -4.190951585769653e-09, 0.9549723267555237, -0.11251648515462875, -0.2745322585105896, 0.19721390306949615, 0.932026743888855, 0.30402782559394836, 0.22166325151920319, -0.34447968006134033, 0.9122495055198669),
            ["HumanoidRootPart"] = CFrame.new(0, 0, 0, 1, 0, 0, 0, 1, 0, 0, 0, 1),
            ["RightUpperLeg"] = CFrame.new(5.960464477539063e-08, 1.57160684466362e-08, -1.6596459317952394e-08, 0.5296690464019775, -0.18522608280181885, 0.8277331590652466, 0.4964953660964966, 0.8589184880256653, -0.1255045235157013, -0.6877085566520691, 0.4774415194988251, 0.5469063520431519),
            ["LeftUpperArm"] = CFrame.new(5.960464477539063e-08, 0.00390625, -1.7881393432617188e-07, 0.9080286622047424, -0.010204448364675045, 0.418783962726593, 0.3610683083534241, 0.5259472131729126, -0.7700709700584412, -0.21240004897117615, 0.8504559993743896, 0.4812595546245575),
            ["RightLowerArm"] = CFrame.new(-5.960464477539063e-08, 5.960464477539063e-08, 8.940696716308594e-08, 1, -6.705522537231445e-08, 8.195638656616211e-08, 5.960464477539063e-08, -0.35326462984085083, -0.935523509979248, 1.341104507446289e-07, 0.935523509979248, -0.35326460003852844),
            ["LeftHand"] = CFrame.new(7.450580596923828e-08, -2.384185791015625e-07, -1.1920928955078125e-07, 0.8943852186203003, 0.39828047156333923, -0.20358754694461823, -0.22899863123893738, 0.7986898422241211, 0.5564659237861633, 0.38423267006874084, -0.4510734975337982, 0.8055419921875),
            ["LeftFoot"] = CFrame.new(5.559246574193821e-08, 5.960464477539063e-08, 2.6239376893499866e-08, 0.9090254902839661, -0.09696469455957413, -0.40530288219451904, -0.07336963713169098, 0.9201266765594482, -0.3846866488456726, 0.4102311134338379, 0.3794269859790802, 0.8293045163154602),
            ["LowerTorso"] = CFrame.new(-0.2598889470100403, -0.2911713123321533, 0.11407110840082169, 0.9806563258171082, 0.19234950840473175, -0.036263205111026764, -0.19189439713954926, 0.9812904596328735, 0.015672408044338226, 0.03859931603074074, -0.008410538546741009, 0.9992194771766663),
            ["RightLowerLeg"] = CFrame.new(-2.9802322387695312e-08, -0.000003814697265625, -0.000013305041647981852, 1, -1.1920927533992653e-07, -1.0430819230577981e-07, 2.421439262434433e-07, 0.5050128102302551, 0.8631115555763245, 7.450582373280668e-09, -0.8631118535995483, 0.5050134658813477),
            ["LeftUpperLeg"] = CFrame.new(-1.1920928955078125e-07, -4.5693013817071915e-08, 9.313225746154785e-09, 0.987815260887146, -0.14569641649723053, -0.05471374839544296, 0.09235653281211853, 0.8317468762397766, -0.547419011592865, 0.12526503205299377, 0.5356956124305725, 0.8350682258605957),
            ["LeftLowerLeg"] = CFrame.new(3.3527612686157227e-08, 0.000003933906555175781, 0.000013187527656555176, 1, 2.495944215752388e-07, 9.313227877782992e-08, -2.4400648612754594e-07, 0.5951698422431946, 0.8035998344421387, 1.2293456563838845e-07, -0.803600013256073, 0.5951700210571289),
        }},
        {Time = 0.267, Data = {
            ["RightFoot"] = CFrame.new(-6.946356734260917e-08, 3.5762786865234375e-07, 3.601599019020796e-09, 0.8766279220581055, 0.3563057482242584, -0.3233732283115387, -0.4801080524921417, 0.603103518486023, -0.6369941830635071, -0.031937308609485626, 0.7136611938476562, 0.6997629404067993),
            ["LeftLowerArm"] = CFrame.new(-1.1920928955078125e-07, 1.1920928955078125e-07, 3.5762786865234375e-07, 1, -4.470347647611561e-08, 1.341104507446289e-07, 9.685754776000977e-08, -0.35326462984085083, -0.935523509979248, 1.043081283569336e-07, 0.9355233907699585, -0.35326462984085083),
            ["RightUpperArm"] = CFrame.new(0, 0.0039055347442626953, 2.2351741790771484e-07, 0.7305376529693604, -0.2977229058742523, 0.6145533919334412, 0.6781752705574036, 0.42168810963630676, -0.6018782258033752, -0.07995684444904327, 0.8564696311950684, 0.5099673867225647),
            ["Head"] = CFrame.new(-2.2351741790771484e-08, 0.003905653953552246, 2.384185791015625e-07, 0.7882724404335022, -0.2709454596042633, 0.5524628758430481, 0.4065963923931122, 0.9032531976699829, -0.1371610313653946, -0.46185067296028137, 0.33274969458580017, 0.8221749663352966),
            ["RightHand"] = CFrame.new(1.4901161193847656e-07, -5.960464477539063e-08, 0, 0.9018677473068237, -0.048349082469940186, 0.4292979836463928, -0.10888151079416275, 0.9362004399299622, 0.33417603373527527, -0.4180661737918854, -0.34812530875205994, 0.8390647172927856),
            ["UpperTorso"] = CFrame.new(6.803020369261503e-09, -0.00390586256980896, -1.2922100722789764e-08, 0.9318007230758667, -0.1474968045949936, -0.3316507935523987, 0.2168523669242859, 0.9589381814002991, 0.18279121816158295, 0.29107147455215454, -0.2422441989183426, 0.9255242347717285),
            ["HumanoidRootPart"] = CFrame.new(0, 0, 0, 1, 0, 0, 0, 1, 0, 0, 0, 1),
            ["RightUpperLeg"] = CFrame.new(5.960464477539063e-08, -3.725290298461914e-08, -5.326728569343686e-08, 0.4204583764076233, -0.2354944944381714, 0.8762176036834717, 0.5931580662727356, 0.8021193146705627, -0.06905096024274826, -0.6865699887275696, 0.5487685203552246, 0.47694307565689087),
            ["LeftUpperArm"] = CFrame.new(0, 0.0039058923721313477, 8.940696716308594e-08, 0.8377586603164673, -0.052367035299539566, 0.5435240268707275, 0.47590965032577515, 0.558046281337738, -0.6797752380371094, -0.26771363615989685, 0.8281558752059937, 0.4924300014972687),
            ["RightLowerArm"] = CFrame.new(5.960464477539063e-08, 5.960464477539063e-08, -5.960464477539063e-08, 1, -1.1175870895385742e-07, 1.1920930376163597e-07, 1.0058283805847168e-07, -0.35326460003852844, -0.9355234503746033, 1.043081283569336e-07, 0.9355234503746033, -0.3532646596431732),
            ["LeftHand"] = CFrame.new(-1.341104507446289e-07, 1.1920928955078125e-07, 2.5331974029541016e-07, 0.8831169009208679, 0.36920613050460815, -0.2894676923751831, -0.1722114533185959, 0.8290355205535889, 0.5320183038711548, 0.43640345335006714, -0.41998469829559326, 0.7957167029380798),
            ["LeftFoot"] = CFrame.new(-8.030974640860222e-08, 0, -3.2023308449424803e-09, 0.89231276512146, -0.051103752106428146, -0.44851577281951904, -0.14783751964569092, 0.9056960344314575, -0.3973143696784973, 0.4265231490135193, 0.42083626985549927, 0.8006090521812439),
            ["LowerTorso"] = CFrame.new(-0.3273400068283081, -0.3210141658782959, 0.06135980784893036, 0.9711688756942749, 0.23832985758781433, -0.00548436027020216, -0.2341734915971756, 0.9580361843109131, 0.16531632840633392, 0.04465404152870178, -0.15926577150821686, 0.9862253665924072),
            ["RightLowerLeg"] = CFrame.new(-5.21540641784668e-08, -0.0000035762786865234375, -0.000013290140486788005, 1, -2.2351733264258655e-07, -4.4703494239684005e-08, 2.700835750601982e-07, 0.4742683172225952, 0.8803800940513611, -1.1920930376163597e-07, -0.880380392074585, 0.4742688238620758),
