return {
    ["Don't Mine At Night"] = {
        {Time = 0.000, Data = {
            ["RightFoot"] = CFrame.new(1.6364037946914323e-07, 2.980232238769531e-07, -3.306922735646367e-08, 0.9893087148666382, 0.13237909972667694, -0.061188954859972, -0.14469853043556213, 0.9433216452598572, -0.2986743152141571, 0.01818256638944149, 0.3043355941772461, 0.9523916244506836),
            ["LeftLowerArm"] = CFrame.new(2.9802322387695312e-08, -2.384185791015625e-07, 7.450580596923828e-09, 1, -2.9802322387695312e-08, 1.4156104555240745e-07, 1.210719347000122e-07, -0.40018928050994873, -0.9164325594902039, 1.862645149230957e-08, 0.9164325594902039, -0.4001893699169159),
            ["RightUpperArm"] = CFrame.new(-0.09312844276428223, -0.3843386173248291, -0.1712743192911148, 0.5383567214012146, 0.43933209776878357, 0.7191378474235535, -0.02907027304172516, 0.862529993057251, -0.5051701068878174, -0.8422155380249023, 0.2510562837123871, 0.47712036967277527),
            ["Head"] = CFrame.new(-1.4901161193847656e-08, 0, 0, 0.9983068108558655, -0.05816785246133804, -0.000034906344808405265, 0.05816785991191864, 0.9983068108558655, -9.223896313415025e-07, 0.00003490088784019463, -0.0000010099029168486595, 1),
            ["RightHand"] = CFrame.new(-8.940696716308594e-08, -5.960464477539063e-08, -8.568167686462402e-08, 0.17583301663398743, -0.09568364918231964, 0.9797588586807251, 0.47798460721969604, 0.8783682584762573, -1.378357268322361e-07, -0.8605890274047852, 0.46830981969833374, 0.20018142461776733),
            ["UpperTorso"] = CFrame.new(1.4901161193847656e-08, 1.1920928955078125e-07, 0, 0.9858091473579407, 0.16786980628967285, 0, -0.16786980628967285, 0.9858091473579407, 0, 0, 0, 1),
            ["HumanoidRootPart"] = CFrame.new(0, 0, 0, 1, 0, 0, 0, 1, 0, 0, 0, 1),
            ["RightUpperLeg"] = CFrame.new(1.1920928955078125e-07, -3.390014171600342e-07, 0, 0.9977599382400513, -0.0049013434909284115, 0.06671725958585739, 0.02703939937055111, 0.9417627453804016, -0.3351895213127136, -0.0611889585852623, 0.3362426161766052, 0.9397855401039124),
            ["LeftUpperArm"] = CFrame.new(0.45025455951690674, -0.2442178726196289, -0.27929389476776123, 0.4865550696849823, -0.08550957590341568, -0.8694552183151245, -0.04176928848028183, 0.9917837977409363, -0.12091487646102905, 0.8726508617401123, 0.09514828026294708, 0.4789857268333435),
            ["RightLowerArm"] = CFrame.new(-5.960464477539063e-08, 2.384185791015625e-07, 8.940696716308594e-08, 1, -1.3969838619232178e-08, -3.725290298461914e-09, 4.842877388000488e-08, 0.677538275718689, -0.7354875802993774, 4.0978193283081055e-08, 0.7354875206947327, 0.677538275718689),
            ["LeftHand"] = CFrame.new(-1.2293457984924316e-07, -5.960464477539063e-08, -3.725290298461914e-09, 0.7000334858894348, -0.2788298428058624, -0.6574245691299438, 0.14581133425235748, 0.9570362567901611, -0.25064077973365784, 0.6990652084350586, 0.07959704846143723, 0.7106139063835144),
            ["LeftFoot"] = CFrame.new(-2.4645210316975863e-08, 1.1920928955078125e-07, -5.060655894340016e-09, 0.9992362260818481, -0.013098726980388165, -0.03681714087724686, -0.004633033182471991, 0.8957934379577637, -0.44444650411605835, 0.038802217692136765, 0.44427770376205444, 0.8950486183166504),
            ["LowerTorso"] = CFrame.new(0.01737990975379944, -0.1564192771911621, 2.1016303364262967e-08, 0.9943951964378357, -0.10572797060012817, 0, 0.10572797060012817, 0.9943951964378357, 0, 0, 0, 1),
            ["RightLowerLeg"] = CFrame.new(-3.3527612686157227e-08, -0.0015835165977478027, 0.0001450570416636765, 1, -7.823106074056341e-08, -4.0978189730367376e-08, 8.195638656616211e-08, 0.7976027131080627, 0.603182852268219, -3.725290298461914e-08, -0.6031831502914429, 0.7976029515266418),
            ["LeftUpperLeg"] = CFrame.new(-1.1920928955078125e-07, -2.7567148208618164e-07, 0, 0.9922506809234619, 0.1210569441318512, -0.0279975775629282, -0.11867242306470871, 0.856552004814148, -0.502230703830719, -0.03681712970137596, 0.5016612410545349, 0.8642804026603699),
            ["LeftLowerLeg"] = CFrame.new(1.8812716007232666e-07, 0.0015836358070373535, -0.0001451866701245308, 1, 7.264315371457997e-08, 4.051252133763228e-08, -7.543713564928112e-08, 0.5513585805892944, 0.8342683911323547, 3.3527616238870905e-08, -0.8342684507369995, 0.551358699798584),
        }},
        {Time = 0.017, Data = {
            ["RightFoot"] = CFrame.new(-4.636967787519097e-08, 2.384185791015625e-07, 1.964508555829525e-09, 0.9892162680625916, 0.13214196264743805, -0.06316555291414261, -0.14518184959888458, 0.9415988922119141, -0.30383172631263733, 0.01932770386338234, 0.30972591042518616, 0.950629472732544),
            ["LeftLowerArm"] = CFrame.new(5.960464477539063e-08, -1.1920928955078125e-07, 7.450580596923828e-09, 1, -7.4505797087454084e-09, 1.341104507446289e-07, 1.0989607801548118e-07, -0.38525307178497314, -0.9228110313415527, 4.703179712350902e-08, 0.922810971736908, -0.38525310158729553),
            ["RightUpperArm"] = CFrame.new(-0.09464448690414429, -0.3840424418449402, -0.1720079928636551, 0.5698111057281494, 0.4350912868976593, 0.6971448659896851, -0.04451996088027954, 0.8634377717971802, -0.502487063407898, -0.8205689787864685, 0.25528576970100403, 0.511366605758667),
            ["Head"] = CFrame.new(2.6570774025458377e-08, 0, -9.458744898438454e-11, 0.9979709982872009, -0.06364993751049042, -0.0016228599706664681, 0.06365114450454712, 0.9979719519615173, 0.000692406203597784, 0.0015754976775497198, -0.0007941984222270548, 0.9999984502792358),
            ["RightHand"] = CFrame.new(7.450580596923828e-08, 0, -1.1175870895385742e-08, 0.18134872615337372, -0.09571348130702972, 0.9787501096725464, 0.47309547662734985, 0.8810100555419922, -0.0015025774482637644, -0.8621447086334229, 0.46331462264060974, 0.20505161583423615),
            ["UpperTorso"] = CFrame.new(-8.647475624457002e-09, -8.940696716308594e-08, 5.820766091346741e-11, 0.9856202602386475, 0.16897521913051605, -0.00032575411023572087, -0.16897501051425934, 0.9856201410293579, 0.0006073856493458152, 0.0004237028770148754, -0.0005436073988676071, 0.9999997615814209),
            ["HumanoidRootPart"] = CFrame.new(0, 0, 0, 1, 0, 0, 0, 1, 0, 0, 0, 1),
            ["RightUpperLeg"] = CFrame.new(0, -2.7624628273770213e-07, -2.4010660126805305e-10, 0.9976813793182373, -0.006275405175983906, 0.06776821613311768, 0.028928788378834724, 0.940411388874054, -0.33880624175071716, -0.06160387396812439, 0.3399811387062073, 0.9384124875068665),
            ["LeftUpperArm"] = CFrame.new(0.44498658180236816, -0.243574857711792, -0.27568724751472473, 0.5035811066627502, -0.08232180029153824, -0.8600170016288757, -0.043201230466365814, 0.9918053150177002, -0.12023312598466873, 0.8628671765327454, 0.09770090132951736, 0.4958980977535248),
            ["RightLowerArm"] = CFrame.new(0, -5.960464477539063e-08, 8.940696716308594e-08, 1, -1.1175872671742582e-08, 1.862645149230957e-08, 2.9802322387695312e-08, 0.6663374304771423, -0.7456503510475159, 7.078051567077637e-08, 0.7456504106521606, 0.6663374304771423),
            ["LeftHand"] = CFrame.new(-1.862645149230957e-07, 1.1920928955078125e-07, -2.60770320892334e-07, 0.7133627533912659, -0.27412718534469604, -0.6449558138847351, 0.14514534175395966, 0.9581586122512817, -0.24670837819576263, 0.6855994462966919, 0.0823802649974823, 0.7233029007911682),
            ["LeftFoot"] = CFrame.new(1.354326961688912e-08, 0, -2.286142830598692e-08, 0.9992091655731201, -0.013398858718574047, -0.03743730112910271, -0.004650767892599106, 0.8956712484359741, -0.4446927011013031, 0.03948991373181343, 0.4445149898529053, 0.8949004411697388),
            ["LowerTorso"] = CFrame.new(0.017976701259613037, -0.15823757648468018, 2.1016303364262967e-08, 0.9946232438087463, -0.10354641824960709, 0.0017095680814236403, 0.10354820638895035, 0.9946239590644836, -0.0009804960573092103, -0.001598850474692881, 0.0011522466083988547, 0.999998152256012),
            ["RightLowerLeg"] = CFrame.new(-6.705522537231445e-08, -0.0015836358070373535, 0.00014513899805024266, 1, -5.21540464148984e-08, -4.2840824221457297e-08, 6.891787762697277e-08, 0.7911339402198792, 0.6116427779197693, -2.6077035641947077e-08, -0.6116430163383484, 0.7911340594291687),
            ["LeftUpperLeg"] = CFrame.new(0, -2.372762537561357e-07, 0, 0.9925090670585632, 0.1189030185341835, -0.02807093970477581, -0.11683449149131775, 0.8565861582756042, -0.50260329246521, -0.03571590036153793, 0.502117931842804, 0.8640612959861755),
            ["LeftLowerLeg"] = CFrame.new(1.7881393432617188e-07, 0.0015835762023925781, -0.00014516431838274002, 1, 7.031484727804127e-08, 4.563479905073109e-08, -7.078051567077637e-08, 0.5498980283737183, 0.8352317810058594, 4.0046870708465576e-08, -0.8352318406105042, 0.5498979687690735),
        }},
        {Time = 0.033, Data = {
            ["RightFoot"] = CFrame.new(-1.5527348296018317e-08, 2.384185791015625e-07, -1.3096723705530167e-09, 0.9889450669288635, 0.13141633570194244, -0.06868363171815872, -0.14655424654483795, 0.9367542862892151, -0.3178253769874573, 0.02257218025624752, 0.32437825202941895, 0.9456583857536316),
            ["LeftLowerArm"] = CFrame.new(5.960464477539063e-08, 1.7881393432617188e-07, 5.21540641784668e-08, 1, 2.980232594040899e-08, 9.685756197086448e-08, 1.1909287422895432e-07, -0.34179773926734924, -0.9397736191749573, 5.122274160385132e-09, 0.9397736191749573, -0.34179776906967163),
            ["RightUpperArm"] = CFrame.new(-0.09879505634307861, -0.3831530809402466, -0.17397163808345795, 0.6544123888015747, 0.421488493680954, 0.6277674436569214, -0.08717328310012817, 0.866748034954071, -0.49106889963150024, -0.7510961294174194, 0.2666369378566742, 0.6039530634880066),
            ["Head"] = CFrame.new(8.421920938417315e-10, 0, 1.1641532182693481e-10, 0.9968716502189636, -0.07880544662475586, -0.006059092469513416, 0.07882191985845566, 0.9968855381011963, 0.0025241307448595762, 0.005841304548084736, -0.0029937224462628365, 0.9999784827232361),
            ["RightHand"] = CFrame.new(1.4901161193847656e-08, 5.960464477539063e-08, 1.3489625416696072e-07, 0.19713909924030304, -0.0957988053560257, 0.9756838083267212, 0.4592316448688507, 0.8882992267608643, -0.005569860804826021, -0.8661653995513916, 0.44916290044784546, 0.2191123515367508),
            ["UpperTorso"] = CFrame.new(7.426933734677732e-09, 5.960464477539063e-08, 1.4551915228366852e-11, 0.9851203560829163, 0.17186176776885986, -0.0012351579498499632, -0.17185859382152557, 0.9851189255714417, 0.002324653323739767, 0.0016162967076525092, -0.0020777906756848097, 0.9999966025352478),
            ["HumanoidRootPart"] = CFrame.new(0, 0, 0, 1, 0, 0, 0, 1, 0, 0, 0, 1),
            ["RightUpperLeg"] = CFrame.new(0, -5.915353540331125e-08, 8.658389560878277e-10, 0.9974405169487, -0.010074560530483723, 0.07078889012336731, 0.034192848950624466, 0.9366921782493591, -0.34848058223724365, -0.06279660016298294, 0.35000908374786377, 0.9346391558647156),
            ["LeftUpperArm"] = CFrame.new(0.430109441280365, -0.24175190925598145, -0.2655159533023834, 0.5515421628952026, -0.07290920615196228, -0.8309546709060669, -0.047530680894851685, 0.9918073415756226, -0.1185709536075592, 0.8327917456626892, 0.10489271581172943, 0.5435581207275391),
            ["RightLowerArm"] = CFrame.new(-1.4901161193847656e-07, 5.960464477539062e-07, 5.960464477539063e-08, 1, -3.725290742551124e-09, -9.255018973419737e-09, 7.450581307466564e-08, 0.6341516375541687, -0.7732087969779968, 8.195639367158947e-08, 0.7732087969779968, 0.6341516375541687),
            ["LeftHand"] = CFrame.new(-1.341104507446289e-07, 0, 5.103647708892822e-07, 0.7501357197761536, -0.2604133188724518, -0.6078497767448425, 0.14282602071762085, 0.9613027572631836, -0.23557986319065094, 0.6456757187843323, 0.08990003913640976, 0.7583011984825134),
            ["LeftFoot"] = CFrame.new(-3.305663298647232e-08, 0, 1.9907568926669228e-08, 0.9991273283958435, -0.014307920821011066, -0.03924092277884483, -0.004667928442358971, 0.8953613638877869, -0.4453160762786865, 0.0415063202381134, 0.44511058926582336, 0.8945131897926331),
            ["LowerTorso"] = CFrame.new(0.01973954774439335, -0.16329216957092285, 2.1016303364262967e-08, 0.9952267408370972, -0.0973767638206482, 0.006445049773901701, 0.09740195423364639, 0.9952383041381836, -0.003718598047271371, -0.0060522546991705894, 0.004328608978539705, 0.9999723434448242),
            ["RightLowerLeg"] = CFrame.new(-7.078051567077637e-08, -0.001583397388458252, 0.00014507194282487035, 1, -7.823104652970869e-08, -4.470348358154297e-08, 1.0617078771701927e-07, 0.7730931639671326, 0.6342923641204834, -4.4703490686970326e-08, -0.6342926025390625, 0.7730933427810669),
            ["LeftUpperLeg"] = CFrame.new(0, -1.574226189404726e-07, -2.3283064365386963e-10, 0.9932022094726562, 0.1129431203007698, -0.028167717158794403, -0.11170133203268051, 0.8566858768463135, -0.5035992860794067, -0.032747190445661545, 0.5033222436904907, 0.8634780645370483),
            ["LeftLowerLeg"] = CFrame.new(1.3597309589385986e-07, 0.0015833377838134766, -0.00014516431838274002, 1, 7.31088150018877e-08, 3.6787234591884044e-08, -7.543713564928112e-08, 0.5459361672401428, 0.8378268480300903, 3.3061954951563166e-08, -0.8378268480300903, 0.545936107635498),
        }},
        {Time = 0.050, Data = {
            ["RightFoot"] = CFrame.new(1.624994183657691e-08, 2.384185791015625e-07, -2.4141627363860607e-08, 0.9884864091873169, 0.1301746517419815, -0.07713191211223602, -0.14876140654087067, 0.9292542934417725, -0.3381659686565399, 0.027654454112052917, 0.3457472026348114, 0.9379203915596008),
            ["LeftLowerArm"] = CFrame.new(-2.9802322387695312e-08, 1.7881393432617188e-07, 1.4901161193847656e-08, 1, -1.4901159417490817e-08, 1.341104365337742e-07, 1.1175870895385742e-07, -0.2709173560142517, -0.9626026749610901, 4.6566128730773926e-09, 0.9626026153564453, -0.2709173858165741),
            ["RightUpperArm"] = CFrame.new(-0.10498392581939697, -0.3816678524017334, -0.17680925130844116, 0.7710872888565063, 0.3961433172225952, 0.49849262833595276, -0.1501200944185257, 0.8739309906959534, -0.46228620409965515, -0.618779718875885, 0.28162920475006104, 0.7333462238311768),
            ["Head"] = CFrame.new(2.588785719126463e-08, -1.1920928955078125e-07, 4.656612873077393e-10, 0.9947339296340942, -0.1016814187169075, -0.012864820659160614, 0.1017536073923111, 0.994796633720398, 0.00508350133895874, 0.012280984781682491, -0.006365672219544649, 0.9999043345451355),
            ["RightHand"] = CFrame.new(2.9802322387695312e-08, 0, -2.2724270820617676e-07, 0.2220527082681656, -0.0957544595003128, 0.9703214168548584, 0.4374784529209137, 0.8991568088531494, -0.011382917873561382, -0.8713812232017517, 0.42702239751815796, 0.24155080318450928),
            ["UpperTorso"] = CFrame.new(2.697561285458505e-08, 1.7881393432617188e-07, 1.3533281162381172e-09, 0.9844071865081787, 0.17588521540164948, -0.002624047687277198, -0.17587073147296906, 0.9844006299972534, 0.00499515887349844, 0.0034616878256201744, -0.004455778282135725, 0.9999841451644897),
            ["HumanoidRootPart"] = CFrame.new(0, 0, 0, 1, 0, 0, 0, 1, 0, 0, 0, 1),
            ["RightUpperLeg"] = CFrame.new(-5.960464477539063e-08, 1.763401087373495e-07, 2.495653461664915e-09, 0.9970116019248962, -0.015780003741383553, 0.07562412321567535, 0.042206134647130966, 0.9311696887016296, -0.36213499307632446, -0.06470439583063126, 0.3642445504665375, 0.9290529489517212),
            ["LeftUpperArm"] = CFrame.new(0.40701353549957275, -0.23890626430511475, -0.2497531920671463, 0.6249057650566101, -0.05703156441450119, -0.778614342212677, -0.05491792410612106, 0.9916462302207947, -0.1167120486497879, 0.7787662148475647, 0.11569390445947647, 0.6165534257888794),
            ["RightLowerArm"] = CFrame.new(1.1920928955078125e-07, 1.1920928955078125e-07, 1.1920928955078125e-07, 1, -8.940698137394065e-08, 0, 2.9802322387695312e-08, 0.5823460221290588, -0.8129410743713379, 2.9802322387695312e-08, 0.8129410743713379, 0.5823459625244141),
            ["LeftHand"] = CFrame.new(2.086162567138672e-07, -1.1920928955078125e-07, -5.960464477539063e-08, 0.8041769862174988, -0.2378315031528473, -0.5447344183921814, 0.1378798484802246, 0.9661029577255249, -0.2182532399892807, 0.5781769156455994, 0.10040635615587234, 0.8097097277641296),
            ["LeftFoot"] = CFrame.new(2.1560998320069302e-08, 1.7881393432617188e-07, -1.0610378353703709e-08, 0.9989853501319885, -0.01584850810468197, -0.04215795174241066, -0.004628853406757116, 0.8949565887451172, -0.4461292624473572, 0.04480000212788582, 0.4458717107772827, 0.8939751386642456),
            ["LowerTorso"] = CFrame.new(0.022627146914601326, -0.17098236083984375, 2.1016303364262967e-08, 0.996047854423523, -0.08776985108852386, 0.013606532476842403, 0.08788267523050308, 0.9960992932319641, -0.00792731624096632, -0.012857678346335888, 0.009091764688491821, 0.9998760223388672),
            ["RightLowerLeg"] = CFrame.new(-5.21540641784668e-08, -0.0015831589698791504, 0.00014513154746964574, 1, -9.872014317124922e-08, -4.842877388000488e-08, 1.136213683139431e-07, 0.745613694190979, 0.6663782596588135, -3.725290653733282e-08, -0.6663784980773926, 0.7456139326095581),
            ["LeftUpperLeg"] = CFrame.new(0, 2.1305459085851908e-07, 9.313225746154785e-10, 0.9941864013671875, 0.1039464995265007, -0.028082113713026047, -0.10385069251060486, 0.8568318486213684, -0.505029022693634, -0.028434347361326218, 0.5050094127655029, 0.8626453280448914),
            ["LeftLowerLeg"] = CFrame.new(1.5273690223693848e-07, 0.0015836358070373535, -0.00014523696154356003, 1, 7.450579175838357e-08, 3.4924592995366766e-08, -7.17118453508192e-08, 0.5401150584220886, 0.8415911197662354, 3.9115551686563776e-08, -0.8415911793708801, 0.5401151776313782),
        }},
        {Time = 0.067, Data = {
            ["RightFoot"] = CFrame.new(1.5543264453299344e-09, 4.172325134277344e-07, 5.2918039727956057e-08, 0.9878209829330444, 0.12838396430015564, -0.08790590614080429, -0.15176703035831451, 0.9195631146430969, -0.3624504506587982, 0.03430221602320671, 0.3713776767253876, 0.9278482794761658),
            ["LeftLowerArm"] = CFrame.new(0, 0, 3.725290298461914e-08, 1, -3.725290742551124e-09, 1.0430814256778831e-07, 1.0803341865539551e-07, -0.1735033392906189, -0.984833300113678, -1.257285475730896e-08, 0.984833300113678, -0.1735033243894577),
            ["RightUpperArm"] = CFrame.new(-0.11261457204818726, -0.37958353757858276, -0.18016473948955536, 0.8851684331893921, 0.3571183979511261, 0.29823368787765503, -0.22074948251247406, 0.8865996599197388, -0.4064614474773407, -0.4095686972141266, 0.2939518988132477, 0.8636236786842346),
            ["Head"] = CFrame.new(-1.335865817964077e-08, 0, 6.984919309616089e-10, 0.9912406206130981, -0.13029758632183075, -0.02155480906367302, 0.13049353659152985, 0.991417407989502, 0.007943170145154, 0.02033483423292637, -0.010686253197491169, 0.9997361898422241),
            ["RightHand"] = CFrame.new(-5.960464477539063e-08, 5.960464477539063e-08, -2.086162567138672e-07, 0.2548900842666626, -0.09525639563798904, 0.9622668027877808, 0.40887755155563354, 0.9124120473861694, -0.017984336242079735, -0.876270592212677, 0.39803335070610046, 0.27151304483413696),
            ["UpperTorso"] = CFrame.new(-1.1088559404015541e-08, -1.4901161193847656e-07, 3.041350282728672e-09, 0.9835829734802246, 0.18040305376052856, -0.004388808738440275, -0.180361807346344, 0.9835639595985413, 0.008461701683700085, 0.005843189544975758, -0.007531212642788887, 0.9999545812606812),
            ["HumanoidRootPart"] = CFrame.new(0, 0, 0, 1, 0, 0, 0, 1, 0, 0, 0, 1),
            ["RightUpperLeg"] = CFrame.new(5.960464477539063e-08, -2.4761538952589035e-07, 2.029992174357176e-09, 0.9963611960411072, -0.02284482680261135, 0.08211233466863632, 0.05232959985733032, 0.9244117140769958, -0.37778934836387634, -0.0672750398516655, 0.3807115852832794, 0.9222434163093567),
            ["LeftUpperArm"] = CFrame.new(0.377089262008667, -0.23519611358642578, -0.22937209904193878, 0.715914249420166, -0.03413922339677811, -0.6973531246185303, -0.0654924213886261, 0.9911161661148071, -0.11575613915920258, 0.6951097249984741, 0.12854279577732086, 0.7073183059692383),
            ["RightLowerArm"] = CFrame.new(5.960464477539063e-08, -1.7881393432617188e-07, -1.1920928955078125e-07, 1, -9.126962652317161e-08, -1.4901162970204496e-08, 5.2154071283894154e-08, 0.512239933013916, -0.8588424921035767, 5.960465188081798e-08, 0.8588424921035767, 0.512239933013916),
            ["LeftHand"] = CFrame.new(0, -5.960464477539063e-08, -6.891787052154541e-08, 0.867129385471344, -0.2063935101032257, -0.45330819487571716, 0.12892556190490723, 0.9720958471298218, -0.19597932696342468, 0.48110777139663696, 0.11149642616510391, 0.8695423007011414),
            ["LeftFoot"] = CFrame.new(-1.6432174732017302e-08, -5.960464477539063e-08, -1.6323824070241244e-08, 0.9987726211547852, -0.018048185855150223, -0.04612545669078827, -0.004475882742553949, 0.894551694393158, -0.44694241881370544, 0.04932807758450508, 0.446600079536438, 0.8933727741241455),
            ["LowerTorso"] = CFrame.new(0.026598207652568817, -0.18070757389068604, 2.1016303364262967e-08, 0.9969070553779602, -0.07527419924736023, 0.022586816921830177, 0.0755869671702385, 0.9970502257347107, -0.013328044675290585, -0.02151692844927311, 0.014994090422987938, 0.9996561408042908),
            ["RightLowerLeg"] = CFrame.new(-4.6566128730773926e-08, -0.0015834569931030273, 0.00014514644863083959, 1, -1.1175866632129328e-07, -3.725290653733282e-08, 1.1548399925231934e-07, 0.7108616232872009, 0.7033317685127258, -4.0978193283081055e-08, -0.7033318877220154, 0.7108618021011353),
            ["LeftUpperLeg"] = CFrame.new(-5.960464477539063e-08, 2.371962182223797e-08, 9.313225746154785e-10, 0.9953117966651917, 0.09269557148218155, -0.02760685794055462, -0.09386827051639557, 0.8569965958595276, -0.506700873374939, -0.023309936746954918, 0.5069167017936707, 0.8616797924041748),
            ["LeftLowerLeg"] = CFrame.new(1.0244548320770264e-07, 0.0015832185745239258, -0.00014503486454486847, 1, 6.938353180885315e-08, 4.470347292340193e-08, -7.171183824539185e-08, 0.5330776572227478, 0.8460663557052612, 4.0046870708465576e-08, -0.846066415309906, 0.5330777168273926),
        }},
        {Time = 0.083, Data = {
            ["RightFoot"] = CFrame.new(6.56427801004611e-08, 2.384185791015625e-07, -4.8836227506399155e-08, 0.9869348406791687, 0.12600897252559662, -0.10040595382452011, -0.15549182891845703, 0.9081701040267944, -0.38865017890930176, 0.04221217334270477, 0.3991851210594177, 0.9158982634544373),
            ["LeftLowerArm"] = CFrame.new(0, 1.7881393432617188e-07, -1.862645149230957e-09, 1, 7.450581485102248e-09, 1.4156104555240745e-07, 1.341104507446289e-07, -0.051638685166835785, -0.9986658692359924, 1.210719347000122e-08, 0.9986659288406372, -0.05163870006799698),
            ["RightUpperArm"] = CFrame.new(-0.12109124660491943, -0.37689876556396484, -0.1836821436882019, 0.9513508677482605, 0.30602651834487915, 0.03577107563614845, -0.2791064977645874, 0.9051441550254822, -0.32064566016197205, -0.1305040568113327, 0.2950625717639923, 0.9465236067771912),
            ["Head"] = CFrame.new(-1.705484464764595e-08, 1.1920928955078125e-07, 1.3969838619232178e-09, 0.9861770272254944, -0.16265060007572174, -0.03161673620343208, 0.16305647790431976, 0.9865588545799255, 0.01069654431194067, 0.029451964423060417, -0.015703897923231125, 0.9994429349899292),
            ["RightHand"] = CFrame.new(-2.9802322387695312e-08, 1.1920928955078125e-07, -3.725290298461914e-07, 0.2943722605705261, -0.09395268559455872, 0.9510614275932312, 0.37455302476882935, 0.9268853068351746, -0.02436719834804535, -0.8792354464530945, 0.36339595913887024, 0.3080396354198456),
            ["UpperTorso"] = CFrame.new(1.4842953532934189e-09, 5.960464477539063e-08, -2.342858351767063e-09, 0.9827596545219421, 0.18477575480937958, -0.006430146750062704, -0.1846855729818344, 0.9827173948287964, 0.01256517879664898, 0.008640764281153679, -0.011160996742546558, 0.9999004006385803),
            ["HumanoidRootPart"] = CFrame.new(0, 0, 0, 1, 0, 0, 0, 1, 0, 0, 0, 1),
            ["RightUpperLeg"] = CFrame.new(-1.1920928955078125e-07, -1.8186983652412891e-07, 2.029992174357176e-09, 0.9954647421836853, -0.030719947069883347, 0.09003563970327377, 0.06392214447259903, 0.9169322848320007, -0.393889844417572, -0.07045631855726242, 0.3978586494922638, 0.9147374033927917),
            ["LeftUpperArm"] = CFrame.new(0.341727077960968, -0.23077988624572754, -0.20534572005271912, 0.8133286237716675, -0.003852671245113015, -0.5817919373512268, -0.07908070832490921, 0.9899656772613525, -0.11710823327302933, 0.5764051675796509, 0.14125598967075348, 0.8048626780509949),
            ["RightLowerArm"] = CFrame.new(5.960464477539063e-08, 0, -3.166496753692627e-08, 1, -6.146729703004894e-08, -1.862645593320167e-09, 7.82310962677002e-08, 0.4261306822299957, -0.9046617150306702, 8.009374141693115e-08, 0.9046616554260254, 0.4261307120323181),
            ["LeftHand"] = CFrame.new(0, -5.960464477539063e-08, -2.2351741790771484e-08, 0.9282797574996948, -0.1666060835123062, -0.33247435092926025, 0.11456210166215897, 0.978665292263031, -0.17055727541446686, 0.35379692912101746, 0.12023589760065079, 0.92756187915802),
            ["LeftFoot"] = CFrame.new(-5.2825397389710815e-09, 5.960464477539063e-08, 3.2452831533191784e-08, 0.9984754323959351, -0.020930970087647438, -0.051075540482997894, -0.004149119835346937, 0.8942376375198364, -0.44757315516471863, 0.05504176393151283, 0.4471029043197632, 0.8927876353263855),
            ["LowerTorso"] = CFrame.new(0.03161143139004707, -0.19186699390411377, 2.1016303364262967e-08, 0.9976329803466797, -0.060448747128248215, 0.03277861326932907, 0.06111231818795204, 0.9979378581047058, -0.01963421143591404, -0.03152415156364441, 0.021590914577245712, 0.9992697834968567),
            ["RightLowerLeg"] = CFrame.new(4.470348358154297e-08, -0.0015833377838134766, 0.00014513154746964574, 1, -1.1175865211043856e-07, -4.4703469370688254e-08, 1.2665987014770508e-07, 0.6709844470024109, 0.7414713501930237, -4.842877388000488e-08, -0.741471529006958, 0.6709845662117004),
            ["LeftUpperLeg"] = CFrame.new(5.960464477539063e-08, 2.3085158318281174e-07, -3.725290298461914e-09, 0.996442973613739, 0.07997613400220871, -0.026555899530649185, -0.08234703540802002, 0.8571635484695435, -0.5084187388420105, -0.017898613587021828, 0.5087970495223999, 0.8607004284858704),
            ["LeftLowerLeg"] = CFrame.new(1.1175870895385742e-07, 0.0015835762023925781, -0.00014511682093143463, 1, 7.171180271825506e-08, 3.818421490109358e-08, -7.82310962677002e-08, 0.5254668593406677, 0.8508142232894897, 4.563480615615845e-08, -0.8508141040802002, 0.525466799736023),
        }},
        {Time = 0.100, Data = {
            ["RightFoot"] = CFrame.new(-2.3278516891878098e-08, 4.76837158203125e-07, 4.29790816269815e-08, 0.9858313798904419, 0.12301629781723022, -0.11403306573629379, -0.15978042781352997, 0.895604133605957, -0.41516628861427307, 0.05105620622634888, 0.42750462889671326, 0.9025704264640808),
            ["LeftLowerArm"] = CFrame.new(5.960464477539063e-08, -1.7881393432617188e-07, -5.960464477539063e-08, 1, -2.3283066585833012e-09, 1.0617078771701927e-07, 1.1920930376163597e-07, 0.09012012183666229, -0.9959309101104736, -1.862645371275562e-09, 0.9959309697151184, 0.0901201143860817),
            ["RightUpperArm"] = CFrame.new(-0.12981724739074707, -0.3736101984977722, -0.1870054304599762, 0.9356720447540283, 0.24970386922359467, -0.24933098256587982, -0.3051089644432068, 0.9274656772613525, -0.21613889932632446, 0.17727522552013397, 0.278308242559433, 0.9439905285835266),
            ["Head"] = CFrame.new(6.984919309616089e-09, 3.5762786865234375e-07, 0, 0.9795347452163696, -0.19673623144626617, -0.04250253364443779, 0.19743922352790833, 0.9802291393280029, 0.012988156639039516, 0.03910697624087334, -0.021113920956850052, 0.9990119338035583),
            ["RightHand"] = CFrame.new(4.470348358154297e-08, 1.7881393432617188e-07, -4.842877388000488e-08, 0.3391314744949341, -0.09156276285648346, 0.9362725019454956, 0.3358018100261688, 0.9414687752723694, -0.02956128865480423, -0.8787645697593689, 0.32442706823349, 0.3500286638736725),
            ["UpperTorso"] = CFrame.new(-3.812601789832115e-09, -5.960464477539063e-08, -3.550667315721512e-09, 0.9820606708526611, 0.18836654722690582, -0.008655720390379429, -0.1882001757621765, 0.981981098651886, 0.01714382693171501, 0.011729083955287933, -0.015207270160317421, 0.9998156428337097),
            ["HumanoidRootPart"] = CFrame.new(0, 0, 0, 1, 0, 0, 0, 1, 0, 0, 0, 1),
            ["RightUpperLeg"] = CFrame.new(0, -7.951166480779648e-08, -5.420588422566652e-09, 0.9943171739578247, -0.03888099640607834, 0.09910401701927185, 0.07635378837585449, 0.9091662168502808, -0.4093739092350006, -0.07418511807918549, 0.41461437940597534, 0.906968355178833),
            ["LeftUpperArm"] = CFrame.new(0.30231744050979614, -0.2258164882659912, -0.1786472648382187, 0.9022393822669983, 0.03345692157745361, -0.4299357533454895, -0.09491672366857529, 0.9879432320594788, -0.12230687588453293, 0.4206601083278656, 0.1511581838130951, 0.8945369720458984),
            ["RightLowerArm"] = CFrame.new(5.960464477539063e-08, -2.384185791015625e-07, -5.960464477539063e-08, 1, -9.313225746154785e-08, 4.7963112592697144e-08, 7.82310962677002e-08, 0.3279290497303009, -0.9447023868560791, 8.195638656616211e-08, 0.9447023868560791, 0.3279290199279785),
            ["LeftHand"] = CFrame.new(-8.940696716308594e-08, -5.960464477539063e-08, 1.1920928955078125e-07, 0.9754503965377808, -0.12005852162837982, -0.18461449444293976, 0.0938999354839325, 0.9850460886955261, -0.14445440471172333, 0.19919683039188385, 0.12357287853956223, 0.9721370339393616),
            ["LeftFoot"] = CFrame.new(-3.944788318221981e-08, -1.1920928955078125e-07, -1.0306457909337041e-09, 0.9980776309967041, -0.024510785937309265, -0.056924331933259964, -0.0035858205519616604, 0.8940982222557068, -0.4478568434715271, 0.061873242259025574, 0.4471999704837799, 0.8922914862632751),
            ["LowerTorso"] = CFrame.new(0.0376255176961422, -0.20386004447937012, 2.1016303364262967e-08, 0.998086154460907, -0.04387121647596359, 0.04358159005641937, 0.04505404084920883, 0.9986320734024048, -0.026539195328950882, -0.042357660830020905, 0.02845192886888981, 0.9986974000930786),
            ["RightLowerLeg"] = CFrame.new(-1.1175870895385742e-07, -0.0015835165977478027, 0.00014501978876069188, 1, -1.1175865211043856e-07, -5.215405707303944e-08, 1.2293457984924316e-07, 0.6280689835548401, 0.7781575322151184, -5.587935447692871e-08, -0.7781577110290527, 0.6280691623687744),
            ["LeftUpperLeg"] = CFrame.new(0, -9.004725143313408e-08, -5.587935447692871e-09, 0.9974743127822876, 0.06656558811664581, -0.024780726060271263, -0.06988362222909927, 0.8573404550552368, -0.5099840760231018, -0.012701857835054398, 0.5104278326034546, 0.8598268032073975),
            ["LeftLowerLeg"] = CFrame.new(9.12696123123169e-08, 0.0015832185745239258, -0.00014506466686725616, 1, 7.078050856534901e-08, 4.0046870708465576e-08, -7.078051567077637e-08, 0.5179218649864197, 0.8554280996322632, 4.563480615615845e-08, -0.8554279804229736, 0.5179217457771301),
        }},
        {Time = 0.117, Data = {
            ["RightFoot"] = CFrame.new(8.377719495911151e-08, 2.980232238769531e-07, 1.5919795259833336e-08, 0.9845390319824219, 0.11937614530324936, -0.12818841636180878, -0.16438591480255127, 0.8824347853660583, -0.4407786428928375, 0.0604993961751461, 0.45503664016723633, 0.8884154558181763),
            ["LeftLowerArm"] = CFrame.new(5.960464477539063e-08, -2.384185791015625e-07, 2.9802322387695312e-08, 1, 1.4901161193847656e-08, 6.33299421792799e-08, 1.1175870895385742e-07, 0.24405911564826965, -0.9697603583335876, -3.3527612686157227e-08, 0.9697603583335876, 0.24405917525291443),
            ["RightUpperArm"] = CFrame.new(-0.13819670677185059, -0.3697162866592407, -0.1897784173488617, 0.8412486910820007, 0.1969522386789322, -0.5034982562065125, -0.29137420654296875, 0.9496271014213562, -0.11536681652069092, 0.4554137885570526, 0.24375854432582855, 0.8562593460083008),
            ["Head"] = CFrame.new(2.5203917175531387e-08, 1.1920928955078125e-07, -6.51925802230835e-09, 0.9715732336044312, -0.23058439791202545, -0.05363120883703232, 0.23165184259414673, 0.972690224647522, 0.014535339549183846, 0.04881492629647255, -0.0265458133071661, 0.9984550476074219),
            ["RightHand"] = CFrame.new(1.4901161193847656e-08, 0, -1.862645149230957e-08, 0.3877262771129608, -0.08796079456806183, 0.9175682067871094, 0.29413682222366333, 0.955203115940094, -0.032721422612667084, -0.8735856413841248, 0.2825775146484375, 0.3962298035621643),
            ["UpperTorso"] = CFrame.new(-4.889443516731262e-09, 5.960464477539063e-08, -1.0477378964424133e-09, 0.9816178679466248, 0.19054105877876282, -0.010981700383126736, -0.19026879966259003, 0.9814847707748413, 0.02203306183218956, 0.014976579695940018, -0.01953856833279133, 0.9996969699859619),
            ["HumanoidRootPart"] = CFrame.new(0, 0, 0, 1, 0, 0, 0, 1, 0, 0, 0, 1),
            ["RightUpperLeg"] = CFrame.new(0, 8.87666828930378e-08, -5.420588422566652e-09, 0.9929413795471191, -0.04684479907155037, 0.10896338522434235, 0.0890156477689743, 0.9014571905136108, -0.42361700534820557, -0.07838154584169388, 0.43032628297805786, 0.8992639183998108),
            ["LeftUpperArm"] = CFrame.new(0.2602505683898926, -0.22046351432800293, -0.15024977922439575, 0.9661604762077332, 0.0761767253279686, -0.24643681943416595, -0.11148259788751602, 0.9848758578300476, -0.13263224065303802, 0.23260612785816193, 0.15561741590499878, 0.9600403904914856),
            ["RightLowerArm"] = CFrame.new(-8.940696716308594e-08, 5.960464477539063e-08, -2.9802322387695312e-08, 1, -1.1175870895385742e-07, 3.725289943190546e-08, 9.685754776000977e-08, 0.22322213649749756, -0.9747676253318787, 8.195638656616211e-08, 0.9747676253318787, 0.22322210669517517),
            ["LeftHand"] = CFrame.new(4.470348358154297e-08, -1.1920928955078125e-07, 8.195638656616211e-08, 0.9974200129508972, -0.06970041245222092, -0.017180155962705612, 0.0671352669596672, 0.9904318451881409, -0.1205727830529213, 0.025419721379876137, 0.11910834908485413, 0.9925558567047119),
            ["LeftFoot"] = CFrame.new(-8.508710180876733e-09, 0, -2.7781865696852037e-08, 0.9975625276565552, -0.028786208480596542, -0.0635637491941452, -0.0027198446914553642, 0.8942068815231323, -0.44764575362205505, 0.06972511112689972, 0.4467276334762573, 0.8919490575790405),
            ["LowerTorso"] = CFrame.new(0.04459918290376663, -0.21608614921569824, 2.1016303364262967e-08, 0.9981764554977417, -0.026141377165913582, 0.054409209638834, 0.02800138108432293, 0.9990394711494446, -0.0337085984647274, -0.0534757524728775, 0.03517066687345505, 0.9979496002197266),
            ["RightLowerLeg"] = CFrame.new(-9.685754776000977e-08, -0.0015835165977478027, 0.00014513899805024266, 1, -1.3038511781360285e-07, -5.215405707303944e-08, 1.2665987014770508e-07, 0.5840977430343628, 0.811683177947998, -8.568167686462402e-08, -0.8116833567619324, 0.5840979218482971),
            ["LeftUpperLeg"] = CFrame.new(0, 2.334127202630043e-07, -1.1175870895385742e-08, 0.9983365535736084, 0.05321965739130974, -0.022178011015057564, -0.057071685791015625, 0.8575679659843445, -0.5111948251724243, -0.008186446502804756, 0.5116101503372192, 0.8591787815093994),
            ["LeftLowerLeg"] = CFrame.new(1.9744038581848145e-07, 0.0015832781791687012, -0.0001451633870601654, 1, 7.68340910894949e-08, 4.8428763221863846e-08, -7.264316082000732e-08, 0.5110805034637451, 0.85953289270401, 4.6566128730773926e-08, -0.8595329523086548, 0.5110805630683899),
        }},
        {Time = 0.133, Data = {
            ["RightFoot"] = CFrame.new(7.451944838976488e-08, 1.7881393432617188e-07, -3.3796823117882013e-08, 0.9831174612045288, 0.11506721377372742, -0.14226627349853516, -0.16896820068359375, 0.8692724108695984, -0.46455854177474976, 0.07021261006593704, 0.48075467348098755, 0.874039888381958),
            ["LeftLowerArm"] = CFrame.new(-2.9802322387695312e-08, -5.960464477539063e-08, -5.960464477539063e-08, 1, 2.0489096641540527e-08, 6.612390990312633e-08, 9.778887033462524e-08, 0.3997984230518341, -0.9166030883789062, -5.774199962615967e-08, 0.9166030883789062, 0.39979851245880127),
            ["RightUpperArm"] = CFrame.new(-0.145632803440094, -0.3652138113975525, -0.19164524972438812, 0.7054842710494995, 0.1525947004556656, -0.6921031475067139, -0.24683529138565063, 0.9683076739311218, -0.038115307688713074, 0.6643525958061218, 0.19772522151470184, 0.7207915782928467),
            ["Head"] = CFrame.new(-2.270098775625229e-08, -1.1920928955078125e-07, -2.7939677238464355e-09, 0.9628356695175171, -0.262297660112381, -0.06440053135156631, 0.2637556791305542, 0.9644708037376404, 0.01513874251395464, 0.058141570538282394, -0.03156202286481857, 0.9978093504905701),
            ["RightHand"] = CFrame.new(-1.0058283805847168e-07, 0, 2.2351741790771484e-07, 0.4386909008026123, -0.08324017375707626, 0.8947745561599731, 0.25128117203712463, 0.9673444032669067, -0.03320702910423279, -0.8627908825874329, 0.23940758407115936, 0.44528186321258545),
            ["UpperTorso"] = CFrame.new(-1.862645149230957e-09, 8.940696716308594e-08, -9.313225746154785e-09, 0.9815647602081299, 0.1906643807888031, -0.01333316508680582, -0.19025717675685883, 0.9813610911369324, 0.027065642178058624, 0.01824510470032692, -0.024029945954680443, 0.9995447397232056),
            ["HumanoidRootPart"] = CFrame.new(0, 0, 0, 1, 0, 0, 0, 1, 0, 0, 0, 1),
            ["RightUpperLeg"] = CFrame.new(5.960464477539063e-08, -6.274785846471786e-08, -9.145878721028566e-09, 0.9913893938064575, -0.05418465659022331, 0.11921044439077377, 0.10133221000432968, 0.8940619826316833, -0.43633130192756653, -0.08293907344341278, 0.4446541666984558, 0.8918541669845581),
            ["LeftUpperArm"] = CFrame.new(0.21691668033599854, -0.21487879753112793, -0.1211264431476593, 0.9916252493858337, 0.12142188847064972, -0.04400171339511871, -0.12668421864509583, 0.9807485342025757, -0.14860542118549347, 0.02511066012084484, 0.1529351770877838, 0.9879172444343567),
            ["RightLowerArm"] = CFrame.new(0, -2.980232238769531e-07, 2.60770320892334e-08, 1, -1.341104507446289e-07, 7.450581307466564e-08, 6.705522537231445e-08, 0.11873733997344971, -0.992925763130188, 3.725290298461914e-08, 0.9929257035255432, 0.11873740702867508),
            ["LeftHand"] = CFrame.new(2.1606683731079102e-07, 0, 1.1920928955078125e-07, 0.9873074889183044, -0.019510582089424133, 0.1576174646615982, 0.035868994891643524, 0.9941766858100891, -0.10161782801151276, -0.15471699833869934, 0.10598167032003403, 0.9822579026222229),
            ["LeftFoot"] = CFrame.new(1.4901161193847656e-08, -5.960464477539063e-08, -7.450580596923828e-09, 0.9969158172607422, -0.033738087862730026, -0.07085663080215454, -0.0014811286237090826, 0.8946266174316406, -0.4468119740486145, 0.07846476882696152, 0.4455389380455017, 0.891817569732666),
            ["LowerTorso"] = CFrame.new(0.05249110981822014, -0.22794461250305176, 2.1016303364262967e-08, 0.9978740811347961, -0.0078799519687891, 0.06469480693340302, 0.010533400811254978, 0.9991127848625183, -0.04077676311135292, -0.06431609392166138, 0.04137152433395386, 0.9970716238021851),
            ["RightLowerLeg"] = CFrame.new(-5.21540641784668e-08, -0.0015836358070373535, 0.00014516134979203343, 1, -1.4156094607642444e-07, -7.450579886381092e-08, 1.30385160446167e-07, 0.5409367680549622, 0.8410632014274597, -7.82310962677002e-08, -0.841063380241394, 0.5409369468688965),
