return {
["dont hide come here"] = {

          {Time = 0.000, Data = {

              ["Head"] = CFrame.new(-0.000000, 0.000000, 0.000000, 0.996239, -0.066751, -0.055244, 0.075317, 0.982340, 0.171275, 0.042836, -0.174792, 0.983673),

              ["LeftFoot"] = CFrame.new(0.000000, 0.009251, -0.000003, 0.984392, -0.134628, -0.113360, 0.100769, 0.959211, -0.264138, 0.144288, 0.248576, 0.957800),

              ["LeftHand"] = CFrame.new(0.000495, 0.007898, -0.000000, 0.992791, -0.103863, 0.059816, 0.099743, 0.992674, 0.068196, -0.066460, -0.061737, 0.995877),

              ["LeftLowerArm"] = CFrame.new(-0.000500, 0.046863, 0.008081, 1.000000, -0.000000, -0.000000, 0.000000, 0.917731, -0.397202, 0.000000, 0.397202, 0.917731),

              ["LeftLowerLeg"] = CFrame.new(-0.000000, 0.044663, -0.006337, 1.000000, -0.000000, 0.000000, 0.000000, 0.934578, 0.355747, -0.000000, -0.355758, 0.934582),

              ["LeftUpperArm"] = CFrame.new(0.249317, -0.127249, 0.016769, 0.966492, 0.255075, 0.028824, -0.254498, 0.937478, 0.237416, 0.033537, -0.236796, 0.970980),

              ["LeftUpperLeg"] = CFrame.new(0.000000, -0.000000, -0.000100, 0.984391, 0.145509, 0.099005, -0.150467, 0.987611, 0.044573, -0.091293, -0.058758, 0.994088),

              ["LowerTorso"] = CFrame.new(-0.000000, -0.104004, -0.162828, 1.000000, 0.000000, -0.000000, -0.000000, 0.988092, -0.153863, 0.000000, 0.153863, 0.988092),

              ["RightFoot"] = CFrame.new(-0.000000, 0.009972, -0.000103, 0.993899, 0.084370, 0.071041, -0.061598, 0.958891, -0.277026, -0.091487, 0.270943, 0.958233),

              ["RightHand"] = CFrame.new(-0.000491, 0.012841, 0.000000, 0.964991, 0.176779, 0.193762, -0.024878, 0.797100, -0.603338, -0.261102, 0.577392, 0.773589),

              ["RightLowerArm"] = CFrame.new(0.000000, 0.074155, 0.021641, 1.000000, 0.000000, 0.000000, -0.000000, 0.778999, -0.627025, -0.000000, 0.627025, 0.778999),

              ["RightLowerLeg"] = CFrame.new(0.000000, 0.047358, -0.007389, 1.000000, 0.000000, 0.000000, -0.000000, 0.924918, 0.380157, 0.000000, -0.380167, 0.924922),

              ["RightUpperArm"] = CFrame.new(-0.117477, -0.151649, -0.070973, 0.971625, -0.013961, 0.236114, 0.235399, 0.154478, -0.959544, -0.023079, 0.987898, 0.153381),

              ["RightUpperLeg"] = CFrame.new(0.000000, -0.000000, -0.000000, 0.993899, -0.091755, -0.061205, 0.094295, 0.994741, 0.040011, 0.057212, -0.045522, 0.997323),

              ["UpperTorso"] = CFrame.new(0.000000, 0.051317, 0.052424, 1.000000, -0.000000, 0.000000, -0.000000, 0.966741, 0.255758, -0.000000, -0.255758, 0.966741)

          }},

          {Time = 0.017, Data = {

              ["Head"] = CFrame.new(0.000000, 0.000000, 0.000000, 0.996239, -0.066751, -0.055244, 0.075499, 0.981588, 0.175455, 0.042515, -0.178966, 0.982936),

              ["LeftFoot"] = CFrame.new(0.000000, 0.009251, -0.000003, 0.984392, -0.134628, -0.113360, 0.100769, 0.959211, -0.264138, 0.144288, 0.248576, 0.957800),

              ["LeftHand"] = CFrame.new(0.000495, 0.007897, -0.000000, 0.992792, -0.103855, 0.059811, 0.099753, 0.992692, 0.067919, -0.066427, -0.061463, 0.995896),

              ["LeftLowerArm"] = CFrame.new(-0.000500, 0.046860, 0.008079, 1.000000, -0.000000, -0.000000, 0.000000, 0.917747, -0.397165, 0.000000, 0.397165, 0.917747),

              ["LeftLowerLeg"] = CFrame.new(-0.000000, 0.044663, -0.006337, 1.000000, -0.000000, 0.000000, 0.000000, 0.934578, 0.355747, -0.000000, -0.355758, 0.934582),

              ["LeftUpperArm"] = CFrame.new(0.249318, -0.127250, 0.016733, 0.966494, 0.255060, 0.028886, -0.254499, 0.937487, 0.237381, 0.033466, -0.236778, 0.970987),

              ["LeftUpperLeg"] = CFrame.new(0.000000, -0.000000, -0.000100, 0.984391, 0.145509, 0.099005, -0.150467, 0.987611, 0.044573, -0.091293, -0.058758, 0.994088),

              ["LowerTorso"] = CFrame.new(-0.000000, -0.104004, -0.162828, 1.000000, 0.000000, -0.000000, -0.000000, 0.988092, -0.153863, 0.000000, 0.153863, 0.988092),

              ["RightFoot"] = CFrame.new(-0.000000, 0.009972, -0.000103, 0.993899, 0.084370, 0.071041, -0.061598, 0.958891, -0.277026, -0.091487, 0.270943, 0.958233),

              ["RightHand"] = CFrame.new(-0.000491, 0.013886, -0.000000, 0.967593, 0.176652, 0.180443, -0.042207, 0.817661, -0.574154, -0.248964, 0.547928, 0.798616),

              ["RightLowerArm"] = CFrame.new(0.000000, 0.077029, 0.023224, 1.000000, 0.000000, 0.000000, -0.000000, 0.762543, -0.646937, -0.000000, 0.646937, 0.762543),

              ["RightLowerLeg"] = CFrame.new(0.000000, 0.047358, -0.007389, 1.000000, 0.000000, 0.000000, -0.000000, 0.924918, 0.380157, 0.000000, -0.380167, 0.924922),

              ["RightUpperArm"] = CFrame.new(-0.116907, -0.154158, -0.073024, 0.970485, -0.023502, 0.240015, 0.240416, 0.172594, -0.955203, -0.018976, 0.984713, 0.173149),

              ["RightUpperLeg"] = CFrame.new(0.000000, -0.000000, -0.000000, 0.993899, -0.091755, -0.061205, 0.094295, 0.994741, 0.040011, 0.057212, -0.045522, 0.997323),

              ["UpperTorso"] = CFrame.new(0.000000, 0.051317, 0.052424, 1.000000, -0.000000, 0.000000, -0.000000, 0.966673, 0.256014, -0.000000, -0.256014, 0.966673)

          }},

          {Time = 0.033, Data = {

              ["Head"] = CFrame.new(0.000000, 0.000000, 0.000000, 0.996239, -0.066751, -0.055244, 0.075966, 0.979541, 0.186355, 0.041675, -0.189851, 0.980928),

              ["LeftFoot"] = CFrame.new(0.000000, 0.009251, -0.000003, 0.984392, -0.134628, -0.113360, 0.100769, 0.959211, -0.264138, 0.144288, 0.248576, 0.957800),

              ["LeftHand"] = CFrame.new(0.000494, 0.007896, -0.000000, 0.992796, -0.103833, 0.059798, 0.099784, 0.992742, 0.067129, -0.066333, -0.060677, 0.995951),

              ["LeftLowerArm"] = CFrame.new(-0.000500, 0.046847, 0.008075, 1.000000, -0.000000, -0.000000, 0.000000, 0.917793, -0.397059, 0.000000, 0.397059, 0.917793),

              ["LeftLowerLeg"] = CFrame.new(-0.000000, 0.044663, -0.006337, 1.000000, -0.000000, 0.000000, 0.000000, 0.934578, 0.355747, -0.000000, -0.355758, 0.934582),

              ["LeftUpperArm"] = CFrame.new(0.249322, -0.127251, 0.016631, 0.966500, 0.255015, 0.029063, -0.254501, 0.937512, 0.237278, 0.033262, -0.236726, 0.971007),

              ["LeftUpperLeg"] = CFrame.new(0.000000, -0.000000, -0.000100, 0.984391, 0.145509, 0.099005, -0.150467, 0.987611, 0.044573, -0.091293, -0.058758, 0.994088),

              ["LowerTorso"] = CFrame.new(-0.000000, -0.104004, -0.162828, 1.000000, 0.000000, -0.000000, -0.000000, 0.988092, -0.153863, 0.000000, 0.153863, 0.988092),

              ["RightFoot"] = CFrame.new(-0.000000, 0.009972, -0.000103, 0.993899, 0.084370, 0.071041, -0.061598, 0.958891, -0.277026, -0.091487, 0.270943, 0.958233),

              ["RightHand"] = CFrame.new(-0.000490, 0.015841, 0.000000, 0.973153, 0.177161, 0.146927, -0.082033, 0.863426, -0.497763, -0.215042, 0.472344, 0.854777),

              ["RightLowerArm"] = CFrame.new(-0.000000, 0.083648, 0.027643, 1.000000, 0.000000, 0.000000, -0.000000, 0.716779, -0.697301, -0.000000, 0.697301, 0.716779),

              ["RightLowerLeg"] = CFrame.new(0.000000, 0.047358, -0.007389, 1.000000, 0.000000, 0.000000, -0.000000, 0.924918, 0.380157, 0.000000, -0.380167, 0.924922),

              ["RightUpperArm"] = CFrame.new(-0.115198, -0.161131, -0.078015, 0.967067, -0.048390, 0.249878, 0.254362, 0.218438, -0.942118, -0.008994, 0.974650, 0.223552),

              ["RightUpperLeg"] = CFrame.new(0.000000, -0.000000, -0.000000, 0.993899, -0.091755, -0.061205, 0.094295, 0.994741, 0.040011, 0.057212, -0.045522, 0.997323),

              ["UpperTorso"] = CFrame.new(0.000000, 0.051317, 0.052424, 1.000000, -0.000000, 0.000000, -0.000000, 0.966479, 0.256747, -0.000000, -0.256747, 0.966479)

          }},

          {Time = 0.050, Data = {

              ["Head"] = CFrame.new(0.000000, -0.000000, 0.000000, 0.996239, -0.066751, -0.055244, 0.076601, 0.976488, 0.201504, 0.040495, -0.204978, 0.977929),

              ["LeftFoot"] = CFrame.new(0.000000, 0.009251, -0.000003, 0.984392, -0.134628, -0.113360, 0.100769, 0.959211, -0.264138, 0.144288, 0.248576, 0.957800),

              ["LeftHand"] = CFrame.new(0.000495, 0.007894, -0.000000, 0.992801, -0.103797, 0.059777, 0.099833, 0.992821, 0.065881, -0.066185, -0.059438, 0.996035),

              ["LeftLowerArm"] = CFrame.new(-0.000500, 0.046828, 0.008068, 1.000000, -0.000000, -0.000000, 0.000000, 0.917865, -0.396894, 0.000000, 0.396894, 0.917865),

              ["LeftLowerLeg"] = CFrame.new(-0.000000, 0.044663, -0.006337, 1.000000, -0.000000, 0.000000, 0.000000, 0.934578, 0.355747, -0.000000, -0.355758, 0.934582),

              ["LeftUpperArm"] = CFrame.new(0.249327, -0.127252, 0.016470, 0.966511, 0.254944, 0.029343, -0.254504, 0.937552, 0.237118, 0.032940, -0.236644, 0.971038),

              ["LeftUpperLeg"] = CFrame.new(0.000000, -0.000000, -0.000100, 0.984391, 0.145509, 0.099005, -0.150467, 0.987611, 0.044573, -0.091293, -0.058758, 0.994088),

              ["LowerTorso"] = CFrame.new(-0.000000, -0.104004, -0.162828, 1.000000, 0.000000, -0.000000, -0.000000, 0.988092, -0.153863, 0.000000, 0.153863, 0.988092),

              ["RightFoot"] = CFrame.new(-0.000000, 0.009972, -0.000103, 0.993899, 0.084370, 0.071041, -0.061598, 0.958891, -0.277026, -0.091487, 0.270943, 0.958233),

              ["RightHand"] = CFrame.new(-0.000488, 0.018043, 0.000000, 0.978399, 0.179145, 0.103164, -0.124859, 0.909825, -0.395767, -0.164759, 0.374334, 0.912538),

              ["RightLowerArm"] = CFrame.new(0.000000, 0.091543, 0.034007, 1.000000, 0.000000, 0.000000, -0.000000, 0.650785, -0.759262, -0.000000, 0.759262, 0.650785),

              ["RightLowerLeg"] = CFrame.new(0.000000, 0.047358, -0.007389, 1.000000, 0.000000, 0.000000, -0.000000, 0.924918, 0.380157, 0.000000, -0.380167, 0.924922),

              ["RightUpperArm"] = CFrame.new(-0.112336, -0.171619, -0.084152, 0.961342, -0.082389, 0.262741, 0.275336, 0.276257, -0.920800, 0.003280, 0.957546, 0.288262),

              ["RightUpperLeg"] = CFrame.new(0.000000, -0.000000, -0.000000, 0.993899, -0.091755, -0.061205, 0.094295, 0.994741, 0.040011, 0.057212, -0.045522, 0.997323),

              ["UpperTorso"] = CFrame.new(0.000000, 0.051317, 0.052424, 1.000000, -0.000000, 0.000000, -0.000000, 0.966171, 0.257903, -0.000000, -0.257903, 0.966171)

          }},

          {Time = 0.067, Data = {

              ["Head"] = CFrame.new(0.000000, -0.000000, 0.000000, 0.996239, -0.066751, -0.055244, 0.077292, 0.972785, 0.218439, 0.039160, -0.221887, 0.974286),

              ["LeftFoot"] = CFrame.new(0.000000, 0.009251, -0.000003, 0.984392, -0.134628, -0.113360, 0.100769, 0.959211, -0.264138, 0.144288, 0.248576, 0.957800),

              ["LeftHand"] = CFrame.new(0.000495, 0.007890, -0.000000, 0.992807, -0.103750, 0.059750, 0.099897, 0.992923, 0.064232, -0.065990, -0.057801, 0.996145),

              ["LeftLowerArm"] = CFrame.new(-0.000500, 0.046803, 0.008058, 1.000000, -0.000000, -0.000000, 0.000000, 0.917960, -0.396672, 0.000000, 0.396672, 0.917960),

              ["LeftLowerLeg"] = CFrame.new(-0.000000, 0.044663, -0.006337, 1.000000, -0.000000, 0.000000, 0.000000, 0.934578, 0.355747, -0.000000, -0.355758, 0.934582),

              ["LeftUpperArm"] = CFrame.new(0.249334, -0.127254, 0.016258, 0.966524, 0.254851, 0.029713, -0.254508, 0.937605, 0.236904, 0.032516, -0.236535, 0.971079),

              ["LeftUpperLeg"] = CFrame.new(0.000000, -0.000000, -0.000100, 0.984391, 0.145509, 0.099005, -0.150467, 0.987611, 0.044573, -0.091293, -0.058758, 0.994088),

              ["LowerTorso"] = CFrame.new(-0.000000, -0.104004, -0.162828, 1.000000, 0.000000, -0.000000, -0.000000, 0.988092, -0.153863, 0.000000, 0.153863, 0.988092),

              ["RightFoot"] = CFrame.new(-0.000000, 0.009972, -0.000103, 0.993899, 0.084370, 0.071041, -0.061598, 0.958891, -0.277026, -0.091487, 0.270943, 0.958233),

              ["RightHand"] = CFrame.new(-0.000487, 0.019866, 0.000000, 0.981767, 0.180079, 0.060881, -0.154578, 0.942701, -0.295672, -0.110636, 0.280868, 0.953348),

              ["RightLowerArm"] = CFrame.new(-0.000000, 0.098848, 0.041456, 1.000000, 0.000000, 0.000000, -0.000000, 0.573519, -0.819192, -0.000000, 0.819192, 0.573519),

              ["RightLowerLeg"] = CFrame.new(0.000000, 0.047358, -0.007389, 1.000000, 0.000000, 0.000000, -0.000000, 0.924918, 0.380157, 0.000000, -0.380167, 0.924922),

              ["RightUpperArm"] = CFrame.new(-0.108625, -0.183810, -0.089611, 0.953922, -0.118368, 0.275721, 0.299719, 0.332406, -0.894246, 0.014198, 0.935679, 0.352566),

              ["RightUpperLeg"] = CFrame.new(0.000000, -0.000000, -0.000000, 0.993899, -0.091755, -0.061205, 0.094295, 0.994741, 0.040011, 0.057212, -0.045522, 0.997323),

              ["UpperTorso"] = CFrame.new(0.000000, 0.051317, 0.052424, 1.000000, -0.000000, 0.000000, -0.000000, 0.965762, 0.259430, -0.000000, -0.259430, 0.965762)

          }},

          {Time = 0.083, Data = {

              ["Head"] = CFrame.new(0.000000, -0.000000, -0.000000, 0.996239, -0.066751, -0.055244, 0.077937, 0.968933, 0.234723, 0.037860, -0.238146, 0.970491),

              ["LeftFoot"] = CFrame.new(0.000000, 0.009251, -0.000003, 0.984392, -0.134628, -0.113360, 0.100769, 0.959211, -0.264138, 0.144288, 0.248576, 0.957800),

              ["LeftHand"] = CFrame.new(0.000495, 0.007886, -0.000000, 0.992815, -0.103695, 0.059717, 0.099975, 0.993041, 0.062241, -0.065755, -0.055822, 0.996273),

              ["LeftLowerArm"] = CFrame.new(-0.000500, 0.046773, 0.008047, 1.000000, -0.000000, -0.000000, 0.000000, 0.918075, -0.396406, 0.000000, 0.396406, 0.918075),

              ["LeftLowerLeg"] = CFrame.new(-0.000000, 0.044663, -0.006337, 1.000000, -0.000000, 0.000000, 0.000000, 0.934578, 0.355747, -0.000000, -0.355758, 0.934582),

              ["LeftUpperArm"] = CFrame.new(0.249341, -0.127257, 0.016002, 0.966540, 0.254738, 0.030158, -0.254513, 0.937668, 0.236647, 0.032004, -0.236403, 0.971128),

              ["LeftUpperLeg"] = CFrame.new(0.000000, -0.000000, -0.000100, 0.984391, 0.145509, 0.099005, -0.150467, 0.987611, 0.044573, -0.091293, -0.058758, 0.994088),

              ["LowerTorso"] = CFrame.new(-0.000000, -0.104004, -0.162828, 1.000000, 0.000000, -0.000000, -0.000000, 0.988092, -0.153863, 0.000000, 0.153863, 0.988092),

              ["RightFoot"] = CFrame.new(-0.000000, 0.009972, -0.000103, 0.993899, 0.084370, 0.071041, -0.061598, 0.958891, -0.277026, -0.091487, 0.270943, 0.958233),

              ["RightHand"] = CFrame.new(-0.000486, 0.021320, 0.000000, 0.984215, 0.173646, 0.034162, -0.161513, 0.960243, -0.227701, -0.072342, 0.218588, 0.973132),

              ["RightLowerArm"] = CFrame.new(0.000000, 0.104769, 0.048994, 1.000000, 0.000000, 0.000000, -0.000000, 0.495275, -0.868736, -0.000000, 0.868736, 0.495275),

              ["RightLowerLeg"] = CFrame.new(0.000000, 0.047358, -0.007389, 1.000000, 0.000000, 0.000000, -0.000000, 0.924918, 0.380157, 0.000000, -0.380167, 0.924922),

              ["RightUpperArm"] = CFrame.new(-0.105045, -0.194598, -0.092681, 0.946761, -0.146975, 0.286429, 0.321294, 0.375156, -0.869499, 0.020339, 0.915236, 0.402405),

              ["RightUpperLeg"] = CFrame.new(0.000000, -0.000000, -0.000000, 0.993899, -0.091755, -0.061205, 0.094295, 0.994741, 0.040011, 0.057212, -0.045522, 0.997323),

              ["UpperTorso"] = CFrame.new(0.000000, 0.051317, 0.052424, 1.000000, -0.000000, 0.000000, -0.000000, 0.965265, 0.261273, -0.000000, -0.261273, 0.965265)

          }},

          {Time = 0.100, Data = {

              ["Head"] = CFrame.new(0.000000, -0.000000, 0.000000, 0.996239, -0.066751, -0.055244, 0.078447, 0.965590, 0.247954, 0.036792, -0.251355, 0.967196),

              ["LeftFoot"] = CFrame.new(0.000000, 0.009251, -0.000003, 0.984392, -0.134628, -0.113360, 0.100769, 0.959211, -0.264138, 0.144288, 0.248576, 0.957800),

              ["LeftHand"] = CFrame.new(0.000495, 0.007880, -0.000000, 0.992824, -0.103632, 0.059681, 0.100064, 0.993173, 0.059963, -0.065487, -0.053560, 0.996415),

              ["LeftLowerArm"] = CFrame.new(-0.000500, 0.046738, 0.008034, 1.000000, -0.000000, -0.000000, 0.000000, 0.918207, -0.396102, 0.000000, 0.396102, 0.918207),

              ["LeftLowerLeg"] = CFrame.new(-0.000000, 0.044663, -0.006337, 1.000000, -0.000000, 0.000000, 0.000000, 0.934578, 0.355747, -0.000000, -0.355758, 0.934582),

              ["LeftUpperArm"] = CFrame.new(0.249350, -0.127259, 0.015710, 0.966558, 0.254609, 0.030668, -0.254518, 0.937741, 0.236353, 0.031419, -0.236253, 0.971183),

              ["LeftUpperLeg"] = CFrame.new(0.000000, -0.000000, -0.000100, 0.984391, 0.145509, 0.099005, -0.150467, 0.987611, 0.044573, -0.091293, -0.058758, 0.994088),

              ["LowerTorso"] = CFrame.new(-0.000000, -0.104004, -0.162828, 1.000000, 0.000000, -0.000000, -0.000000, 0.988092, -0.153863, 0.000000, 0.153863, 0.988092),

              ["RightFoot"] = CFrame.new(-0.000000, 0.009972, -0.000103, 0.993899, 0.084370, 0.071041, -0.061598, 0.958891, -0.277026, -0.091487, 0.270943, 0.958233),

              ["RightHand"] = CFrame.new(-0.000485, 0.022294, -0.000000, 0.987055, 0.156650, 0.034405, -0.143527, 0.958483, -0.246395, -0.071574, 0.238266, 0.968559),

              ["RightLowerArm"] = CFrame.new(-0.000000, 0.109029, 0.055798, 1.000000, 0.000000, 0.000000, -0.000000, 0.424648, -0.905359, -0.000000, 0.905359, 0.424648),

              ["RightLowerLeg"] = CFrame.new(0.000000, 0.047358, -0.007389, 1.000000, 0.000000, 0.000000, -0.000000, 0.924918, 0.380157, 0.000000, -0.380167, 0.924922),

              ["RightUpperArm"] = CFrame.new(-0.103850, -0.198099, -0.092280, 0.944372, -0.157213, 0.288870, 0.328299, 0.398462, -0.856416, 0.019536, 0.903611, 0.427909),

              ["RightUpperLeg"] = CFrame.new(0.000000, -0.000000, -0.000000, 0.993899, -0.091755, -0.061205, 0.094295, 0.994741, 0.040011, 0.057212, -0.045522, 0.997323),

              ["UpperTorso"] = CFrame.new(0.000000, 0.051317, 0.052424, 1.000000, -0.000000, 0.000000, -0.000000, 0.964692, 0.263380, -0.000000, -0.263380, 0.964692)

          }},

          {Time = 0.117, Data = {

              ["Head"] = CFrame.new(0.000000, -0.000000, 0.000000, 0.996239, -0.066751, -0.055244, 0.078742, 0.963527, 0.255765, 0.036157, -0.259153, 0.965159),

              ["LeftFoot"] = CFrame.new(0.000000, 0.009251, -0.000003, 0.984392, -0.134628, -0.113360, 0.100769, 0.959211, -0.264138, 0.144288, 0.248576, 0.957800),

              ["LeftHand"] = CFrame.new(0.000495, 0.007875, -0.000000, 0.992833, -0.103565, 0.059642, 0.100164, 0.993311, 0.057456, -0.065193, -0.051069, 0.996565),

              ["LeftLowerArm"] = CFrame.new(-0.000500, 0.046699, 0.008020, 1.000000, -0.000000, -0.000000, -0.000000, 0.918352, -0.395765, 0.000000, 0.395765, 0.918352),

              ["LeftLowerLeg"] = CFrame.new(-0.000000, 0.044663, -0.006337, 1.000000, -0.000000, 0.000000, 0.000000, 0.934578, 0.355747, -0.000000, -0.355758, 0.934582),

              ["LeftUpperArm"] = CFrame.new(0.249360, -0.127262, 0.015388, 0.966577, 0.254468, 0.031227, -0.254524, 0.937821, 0.236028, 0.030776, -0.236087, 0.971244),

              ["LeftUpperLeg"] = CFrame.new(0.000000, -0.000000, -0.000100, 0.984391, 0.145509, 0.099005, -0.150467, 0.987611, 0.044573, -0.091293, -0.058758, 0.994088),

              ["LowerTorso"] = CFrame.new(-0.000000, -0.104004, -0.162828, 1.000000, 0.000000, -0.000000, -0.000000, 0.988092, -0.153863, 0.000000, 0.153863, 0.988092),

              ["RightFoot"] = CFrame.new(-0.000000, 0.009972, -0.000103, 0.993899, 0.084370, 0.071041, -0.061598, 0.958891, -0.277026, -0.091487, 0.270943, 0.958233),

              ["RightHand"] = CFrame.new(-0.000485, 0.022829, -0.000000, 0.989165, 0.134545, 0.058749, -0.103992, 0.924581, -0.366520, -0.103630, 0.356436, 0.928554),

              ["RightLowerArm"] = CFrame.new(-0.000000, 0.111822, 0.061397, 1.000000, 0.000000, 0.000000, -0.000000, 0.366609, -0.930375, -0.000000, 0.930375, 0.366609),

              ["RightLowerLeg"] = CFrame.new(0.000000, 0.047358, -0.007389, 1.000000, 0.000000, 0.000000, -0.000000, 0.924918, 0.380157, 0.000000, -0.380167, 0.924922),

              ["RightUpperArm"] = CFrame.new(-0.105300, -0.194041, -0.088907, 0.947270, -0.148808, 0.283788, 0.320181, 0.404201, -0.856800, 0.012791, 0.902485, 0.430532),

              ["RightUpperLeg"] = CFrame.new(0.000000, -0.000000, -0.000000, 0.993899, -0.091755, -0.061205, 0.094295, 0.994741, 0.040011, 0.057212, -0.045522, 0.997323),

              ["UpperTorso"] = CFrame.new(0.000000, 0.051317, 0.052424, 1.000000, -0.000000, 0.000000, -0.000000, 0.964057, 0.265696, -0.000000, -0.265696, 0.964057)

          }},

          {Time = 0.133, Data = {

              ["Head"] = CFrame.new(-0.000000, 0.000000, 0.000000, 0.996239, -0.066751, -0.055244, 0.078768, 0.963340, 0.256458, 0.036100, -0.259845, 0.964975),

              ["LeftFoot"] = CFrame.new(0.000000, 0.009251, -0.000003, 0.984392, -0.134628, -0.113360, 0.100769, 0.959211, -0.264138, 0.144288, 0.248576, 0.957800),

              ["LeftHand"] = CFrame.new(0.000495, 0.007869, -0.000000, 0.992843, -0.103495, 0.059601, 0.100270, 0.993451, 0.054777, -0.064879, -0.048408, 0.996718),

              ["LeftLowerArm"] = CFrame.new(-0.000500, 0.046658, 0.008004, 1.000000, -0.000000, -0.000000, 0.000000, 0.918507, -0.395406, 0.000000, 0.395406, 0.918507),

              ["LeftLowerLeg"] = CFrame.new(-0.000000, 0.044663, -0.006337, 1.000000, -0.000000, 0.000000, 0.000000, 0.934578, 0.355747, -0.000000, -0.355758, 0.934582),

              ["LeftUpperArm"] = CFrame.new(0.249370, -0.127265, 0.015045, 0.966597, 0.254318, 0.031824, -0.254529, 0.937907, 0.235681, 0.030090, -0.235908, 0.971309),

              ["LeftUpperLeg"] = CFrame.new(0.000000, -0.000000, -0.000100, 0.984391, 0.145509, 0.099005, -0.150467, 0.987611, 0.044573, -0.091293, -0.058758, 0.994088),

              ["LowerTorso"] = CFrame.new(-0.000000, -0.104004, -0.162828, 1.000000, 0.000000, -0.000000, -0.000000, 0.988092, -0.153863, 0.000000, 0.153863, 0.988092),

              ["RightFoot"] = CFrame.new(-0.000000, 0.009972, -0.000103, 0.993899, 0.084370, 0.071041, -0.061598, 0.958891, -0.277026, -0.091487, 0.270943, 0.958233),

              ["RightHand"] = CFrame.new(-0.000485, 0.023281, 0.000000, 0.988541, 0.114537, 0.098330, -0.042566, 0.836452, -0.546387, -0.144829, 0.535937, 0.831740),

              ["RightLowerArm"] = CFrame.new(-0.000000, 0.113569, 0.065312, 1.000000, 0.000000, 0.000000, -0.000000, 0.325942, -0.945390, -0.000000, 0.945390, 0.325942),

              ["RightLowerLeg"] = CFrame.new(0.000000, 0.047358, -0.007389, 1.000000, 0.000000, 0.000000, -0.000000, 0.924918, 0.380157, 0.000000, -0.380167, 0.924922),

              ["RightUpperArm"] = CFrame.new(-0.107308, -0.188100, -0.083576, 0.951287, -0.129550, 0.279767, 0.308299, 0.393456, -0.866109, 0.002129, 0.910170, 0.414229),

              ["RightUpperLeg"] = CFrame.new(0.000000, -0.000000, -0.000000, 0.993899, -0.091755, -0.061205, 0.094295, 0.994741, 0.040011, 0.057212, -0.045522, 0.997323),

              ["UpperTorso"] = CFrame.new(0.000000, 0.051317, 0.052424, 1.000000, -0.000000, 0.000000, -0.000000, 0.963372, 0.268170, -0.000000, -0.268170, 0.963372)

          }},

          {Time = 0.150, Data = {

              ["Head"] = CFrame.new(0.000000, -0.000000, -0.000000, 0.996239, -0.066751, -0.055244, 0.078561, 0.964805, 0.250959, 0.036548, -0.254355, 0.966420),

              ["LeftFoot"] = CFrame.new(0.000000, 0.009251, -0.000003, 0.984392, -0.134628, -0.113360, 0.100769, 0.959211, -0.264138, 0.144288, 0.248576, 0.957800),

              ["LeftHand"] = CFrame.new(0.000495, 0.007863, -0.000000, 0.992853, -0.103424, 0.059560, 0.100382, 0.993590, 0.051984, -0.064553, -0.045633, 0.996870),

              ["LeftLowerArm"] = CFrame.new(-0.000500, 0.046615, 0.007988, 1.000000, -0.000000, -0.000000, 0.000000, 0.918668, -0.395032, 0.000000, 0.395032, 0.918668),

              ["LeftLowerLeg"] = CFrame.new(-0.000000, 0.044663, -0.006337, 1.000000, -0.000000, 0.000000, 0.000000, 0.934578, 0.355747, -0.000000, -0.355758, 0.934582),

              ["LeftUpperArm"] = CFrame.new(0.249380, -0.127268, 0.014688, 0.966617, 0.254162, 0.032446, -0.254535, 0.937996, 0.235320, 0.029376, -0.235723, 0.971376),

              ["LeftUpperLeg"] = CFrame.new(0.000000, -0.000000, -0.000100, 0.984391, 0.145509, 0.099005, -0.150467, 0.987611, 0.044573, -0.091293, -0.058758, 0.994088),

              ["LowerTorso"] = CFrame.new(-0.000000, -0.104004, -0.162828, 1.000000, 0.000000, -0.000000, -0.000000, 0.988092, -0.153863, 0.000000, 0.153863, 0.988092),

              ["RightFoot"] = CFrame.new(-0.000000, 0.009972, -0.000103, 0.993899, 0.084370, 0.071041, -0.061598, 0.958891, -0.277026, -0.091487, 0.270943, 0.958233),

              ["RightHand"] = CFrame.new(-0.000485, 0.023515, 0.000000, 0.984645, 0.100748, 0.142562, 0.034642, 0.687647, -0.725221, -0.171095, 0.719021, 0.673595),

              ["RightLowerArm"] = CFrame.new(-0.000000, 0.114397, 0.067342, 1.000000, 0.000000, 0.000000, -0.000000, 0.304837, -0.952404, -0.000000, 0.952404, 0.304837),

              ["RightLowerLeg"] = CFrame.new(0.000000, 0.047358, -0.007389, 1.000000, 0.000000, 0.000000, -0.000000, 0.924918, 0.380157, 0.000000, -0.380167, 0.924922),

              ["RightUpperArm"] = CFrame.new(-0.108191, -0.185288, -0.078055, 0.953052, -0.108533, 0.282687, 0.302675, 0.368929, -0.878795, -0.008913, 0.923099, 0.384458),

              ["RightUpperLeg"] = CFrame.new(0.000000, -0.000000, -0.000000, 0.993899, -0.091755, -0.061205, 0.094295, 0.994741, 0.040011, 0.057212, -0.045522, 0.997323),

              ["UpperTorso"] = CFrame.new(0.000000, 0.051317, 0.052424, 1.000000, -0.000000, 0.000000, -0.000000, 0.962650, 0.270747, -0.000000, -0.270747, 0.962650)

          }},

          {Time = 0.167, Data = {

              ["Head"] = CFrame.new(-0.000000, -0.000000, -0.000000, 0.996239, -0.066751, -0.055244, 0.078174, 0.967414, 0.240829, 0.037369, -0.244242, 0.968994),

              ["LeftFoot"] = CFrame.new(0.000000, 0.009251, -0.000003, 0.984392, -0.134628, -0.113360, 0.100769, 0.959211, -0.264138, 0.144288, 0.248576, 0.957800),

              ["LeftHand"] = CFrame.new(0.000495, 0.007856, -0.000000, 0.992863, -0.103353, 0.059518, 0.100497, 0.993724, 0.049133, -0.064222, -0.042801, 0.997017),

              ["LeftLowerArm"] = CFrame.new(-0.000500, 0.046572, 0.007973, 1.000000, -0.000000, -0.000000, 0.000000, 0.918831, -0.394650, 0.000000, 0.394650, 0.918831),

              ["LeftLowerLeg"] = CFrame.new(-0.000000, 0.044663, -0.006337, 1.000000, -0.000000, 0.000000, 0.000000, 0.934578, 0.355747, -0.000000, -0.355758, 0.934582),

              ["LeftUpperArm"] = CFrame.new(0.249390, -0.127271, 0.014324, 0.966637, 0.254003, 0.033079, -0.254541, 0.938087, 0.234952, 0.028648, -0.235533, 0.971444),

              ["LeftUpperLeg"] = CFrame.new(0.000000, -0.000000, -0.000100, 0.984391, 0.145509, 0.099005, -0.150467, 0.987611, 0.044573, -0.091293, -0.058758, 0.994088),

              ["LowerTorso"] = CFrame.new(-0.000000, -0.104004, -0.162828, 1.000000, 0.000000, -0.000000, -0.000000, 0.988092, -0.153863, 0.000000, 0.153863, 0.988092),

              ["RightFoot"] = CFrame.new(-0.000000, 0.009972, -0.000103, 0.993899, 0.084370, 0.071041, -0.061598, 0.958891, -0.277026, -0.091487, 0.270943, 0.958233),

              ["RightHand"] = CFrame.new(-0.000484, 0.023528, 0.000000, 0.978755, 0.092293, 0.183088, 0.111003, 0.512265, -0.851626, -0.172387, 0.853854, 0.491134),

              ["RightLowerArm"] = CFrame.new(-0.000000, 0.114440, 0.067451, 1.000000, 0.000000, 0.000000, -0.000000, 0.303712, -0.952764, -0.000000, 0.952764, 0.303712),

              ["RightLowerLeg"] = CFrame.new(0.000000, 0.047358, -0.007389, 1.000000, 0.000000, 0.000000, -0.000000, 0.924918, 0.380157, 0.000000, -0.380167, 0.924922),

              ["RightUpperArm"] = CFrame.new(-0.107461, -0.187411, -0.074303, 0.951594, -0.092109, 0.293232, 0.306920, 0.335731, -0.890554, -0.016419, 0.937444, 0.347749),

              ["RightUpperLeg"] = CFrame.new(0.000000, -0.000000, -0.000000, 0.993899, -0.091755, -0.061205, 0.094295, 0.994741, 0.040011, 0.057212, -0.045522, 0.997323),

              ["UpperTorso"] = CFrame.new(0.000000, 0.051317, 0.052424, 1.000000, -0.000000, 0.000000, -0.000000, 0.961907, 0.273376, -0.000000, -0.273376, 0.961907)

          }},

          {Time = 0.183, Data = {

              ["Head"] = CFrame.new(0.000000, 0.000000, 0.000000, 0.996239, -0.066751, -0.055244, 0.077658, 0.970647, 0.227625, 0.038428, -0.231059, 0.972180),

              ["LeftFoot"] = CFrame.new(0.000000, 0.009251, -0.000003, 0.984392, -0.134628, -0.113360, 0.100769, 0.959211, -0.264138, 0.144288, 0.248576, 0.957800),

              ["LeftHand"] = CFrame.new(0.000495, 0.007850, 0.000000, 0.992872, -0.103283, 0.059478, 0.100613, 0.993849, 0.046281, -0.063891, -0.039967, 0.997156),

              ["LeftLowerArm"] = CFrame.new(-0.000500, 0.046528, 0.007956, 1.000000, -0.000000, -0.000000, 0.000000, 0.918996, -0.394266, 0.000000, 0.394266, 0.918997),

              ["LeftLowerLeg"] = CFrame.new(-0.000000, 0.044663, -0.006337, 1.000000, -0.000000, 0.000000, 0.000000, 0.934578, 0.355747, -0.000000, -0.355758, 0.934582),

              ["LeftUpperArm"] = CFrame.new(0.249400, -0.127274, 0.013961, 0.966657, 0.253845, 0.033711, -0.254547, 0.938178, 0.234583, 0.027921, -0.235341, 0.971511),

              ["LeftUpperLeg"] = CFrame.new(0.000000, -0.000000, -0.000100, 0.984391, 0.145509, 0.099005, -0.150467, 0.987611, 0.044573, -0.091293, -0.058758, 0.994088),

              ["LowerTorso"] = CFrame.new(-0.000000, -0.104004, -0.162828, 1.000000, 0.000000, -0.000000, -0.000000, 0.988092, -0.153863, 0.000000, 0.153863, 0.988092),

              ["RightFoot"] = CFrame.new(-0.000000, 0.009972, -0.000103, 0.993899, 0.084370, 0.071041, -0.061598, 0.958891, -0.277026, -0.091487, 0.270943, 0.958233),

              ["RightHand"] = CFrame.new(-0.000485, 0.023336, 0.000000, 0.973136, 0.086575, 0.213336, 0.168185, 0.365482, -0.915499, -0.157228, 0.926784, 0.341100),

              ["RightLowerArm"] = CFrame.new(-0.000000, 0.113765, 0.065781, 1.000000, 0.000000, 0.000000, -0.000000, 0.321064, -0.947058, -0.000000, 0.947058, 0.321064),

              ["RightLowerLeg"] = CFrame.new(0.000000, 0.047358, -0.007389, 1.000000, 0.000000, 0.000000, -0.000000, 0.924918, 0.380157, 0.000000, -0.380167, 0.924922),

              ["RightUpperArm"] = CFrame.new(-0.105804, -0.192397, -0.073211, 0.948279, -0.082102, 0.306637, 0.316893, 0.301447, -0.899282, -0.018602, 0.949942, 0.311873),

              ["RightUpperLeg"] = CFrame.new(0.000000, -0.000000, -0.000000, 0.993899, -0.091755, -0.061205, 0.094295, 0.994741, 0.040011, 0.057212, -0.045522, 0.997323),

              ["UpperTorso"] = CFrame.new(0.000000, 0.051317, 0.052424, 1.000000, -0.000000, 0.000000, -0.000000, 0.961157, 0.276002, -0.000000, -0.276002, 0.961157)

          }},

          {Time = 0.200, Data = {

              ["Head"] = CFrame.new(-0.000000, 0.000000, 0.000000, 0.996239, -0.066751, -0.055244, 0.077069, 0.974025, 0.212921, 0.039597, -0.216378, 0.975506),

              ["LeftFoot"] = CFrame.new(0.000000, 0.009251, -0.000003, 0.984392, -0.134628, -0.113360, 0.100769, 0.959211, -0.264138, 0.144288, 0.248576, 0.957800),

              ["LeftHand"] = CFrame.new(0.000495, 0.007844, -0.000000, 0.992881, -0.103217, 0.059440, 0.100727, 0.993963, 0.043487, -0.063569, -0.037190, 0.997284),

              ["LeftLowerArm"] = CFrame.new(-0.000500, 0.046485, 0.007940, 1.000000, -0.000000, -0.000000, 0.000000, 0.919158, -0.393890, 0.000000, 0.393890, 0.919158),

              ["LeftLowerLeg"] = CFrame.new(-0.000000, 0.044663, -0.006337, 1.000000, -0.000000, 0.000000, 0.000000, 0.934578, 0.355747, -0.000000, -0.355758, 0.934582),

              ["LeftUpperArm"] = CFrame.new(0.249410, -0.127277, 0.013605, 0.966676, 0.253690, 0.034329, -0.254553, 0.938266, 0.234221, 0.027210, -0.235154, 0.971577),

              ["LeftUpperLeg"] = CFrame.new(0.000000, -0.000000, -0.000100, 0.984391, 0.145509, 0.099005, -0.150467, 0.987611, 0.044573, -0.091293, -0.058758, 0.994088),

              ["LowerTorso"] = CFrame.new(-0.000000, -0.104004, -0.162828, 1.000000, 0.000000, -0.000000, -0.000000, 0.988092, -0.153863, 0.000000, 0.153863, 0.988092),

              ["RightFoot"] = CFrame.new(-0.000000, 0.009972, -0.000103, 0.993899, 0.084370, 0.071041, -0.061598, 0.958891, -0.277026, -0.091487, 0.270943, 0.958233),

              ["RightHand"] = CFrame.new(-0.000485, 0.022963, 0.000000, 0.970799, 0.082669, 0.225202, 0.192374, 0.292590, -0.936688, -0.143326, 0.952658, 0.268140),

              ["RightLowerArm"] = CFrame.new(-0.000000, 0.112357, 0.062549, 1.000000, 0.000000, 0.000000, -0.000000, 0.354653, -0.934998, -0.000000, 0.934998, 0.354653),

              ["RightLowerLeg"] = CFrame.new(0.000000, 0.047358, -0.007389, 1.000000, 0.000000, 0.000000, -0.000000, 0.924918, 0.380157, 0.000000, -0.380167, 0.924922),

              ["RightUpperArm"] = CFrame.new(-0.104709, -0.195685, -0.074095, 0.946089, -0.076866, 0.314655, 0.323470, 0.274698, -0.905488, -0.016834, 0.958453, 0.284752),

              ["RightUpperLeg"] = CFrame.new(0.000000, -0.000000, -0.000000, 0.993899, -0.091755, -0.061205, 0.094295, 0.994741, 0.040011, 0.057212, -0.045522, 0.997323),

              ["UpperTorso"] = CFrame.new(0.000000, 0.051317, 0.052424, 1.000000, -0.000000, 0.000000, -0.000000, 0.960415, 0.278573, -0.000000, -0.278573, 0.960415)

          }},

          {Time = 0.217, Data = {

              ["Head"] = CFrame.new(-0.000000, -0.000000, 0.000000, 0.996239, -0.066751, -0.055244, 0.076469, 0.977151, 0.198313, 0.040744, -0.201792, 0.978581),

              ["LeftFoot"] = CFrame.new(0.000000, 0.009251, -0.000003, 0.984392, -0.134628, -0.113360, 0.100769, 0.959211, -0.264138, 0.144288, 0.248576, 0.957800),

              ["LeftHand"] = CFrame.new(0.000495, 0.007838, -0.000000, 0.992890, -0.103156, 0.059404, 0.100837, 0.994066, 0.040807, -0.063260, -0.034526, 0.997400),

              ["LeftLowerArm"] = CFrame.new(-0.000500, 0.046444, 0.007926, 1.000000, -0.000000, -0.000000, 0.000000, 0.919312, -0.393529, 0.000000, 0.393529, 0.919312),

              ["LeftLowerLeg"] = CFrame.new(-0.000000, 0.044663, -0.006337, 1.000000, -0.000000, 0.000000, 0.000000, 0.934578, 0.355747, -0.000000, -0.355758, 0.934582),

              ["LeftUpperArm"] = CFrame.new(0.249418, -0.127279, 0.013264, 0.966694, 0.253543, 0.034921, -0.254558, 0.938352, 0.233874, 0.026528, -0.234973, 0.971640),

              ["LeftUpperLeg"] = CFrame.new(0.000000, -0.000000, -0.000100, 0.984391, 0.145509, 0.099005, -0.150467, 0.987611, 0.044573, -0.091293, -0.058758, 0.994088),

              ["LowerTorso"] = CFrame.new(-0.000000, -0.104004, -0.162828, 1.000000, 0.000000, -0.000000, -0.000000, 0.988092, -0.153863, 0.000000, 0.153863, 0.988092),

              ["RightFoot"] = CFrame.new(-0.000000, 0.009972, -0.000103, 0.993899, 0.084370, 0.071041, -0.061598, 0.958891, -0.277026, -0.091487, 0.270943, 0.958233),

              ["RightHand"] = CFrame.new(-0.000485, 0.022551, 0.000000, 0.973572, 0.090534, 0.209671, 0.171147, 0.318668, -0.932288, -0.151217, 0.943533, 0.294748),

              ["RightLowerArm"] = CFrame.new(-0.000000, 0.110173, 0.057899, 1.000000, 0.000000, 0.000000, -0.000000, 0.402840, -0.915271, -0.000000, 0.915270, 0.402840),

              ["RightLowerLeg"] = CFrame.new(0.000000, 0.047358, -0.007389, 1.000000, 0.000000, 0.000000, -0.000000, 0.924918, 0.380157, 0.000000, -0.380167, 0.924922),

              ["RightUpperArm"] = CFrame.new(-0.106648, -0.189923, -0.074552, 0.949967, -0.069908, 0.304428, 0.311946, 0.262010, -0.913259, -0.015919, 0.962530, 0.270707),

              ["RightUpperLeg"] = CFrame.new(0.000000, -0.000000, -0.000000, 0.993899, -0.091755, -0.061205, 0.094295, 0.994741, 0.040011, 0.057212, -0.045522, 0.997323),

              ["UpperTorso"] = CFrame.new(0.000000, 0.051317, 0.052424, 1.000000, -0.000000, 0.000000, -0.000000, 0.959697, 0.281037, -0.000000, -0.281037, 0.959697)

          }},

          {Time = 0.233, Data = {

              ["Head"] = CFrame.new(-0.000000, -0.000000, 0.000000, 0.996239, -0.066751, -0.055244, 0.075926, 0.979722, 0.185417, 0.041747, -0.188914, 0.981106),

              ["LeftFoot"] = CFrame.new(0.000000, 0.009251, -0.000003, 0.984392, -0.134628, -0.113360, 0.100769, 0.959211, -0.264138, 0.144288, 0.248576, 0.957800),

              ["LeftHand"] = CFrame.new(0.000495, 0.007833, -0.000000, 0.992898, -0.103100, 0.059371, 0.100940, 0.994155, 0.038298, -0.062972, -0.032033, 0.997501),

              ["LeftLowerArm"] = CFrame.new(-0.000500, 0.046406, 0.007911, 1.000000, -0.000000, -0.000000, 0.000000, 0.919457, -0.393191, 0.000000, 0.393191, 0.919457),

              ["LeftLowerLeg"] = CFrame.new(-0.000000, 0.044663, -0.006337, 1.000000, -0.000000, 0.000000, 0.000000, 0.934578, 0.355747, -0.000000, -0.355758, 0.934582),

              ["LeftUpperArm"] = CFrame.new(0.249426, -0.127282, 0.012946, 0.966710, 0.253405, 0.035475, -0.254562, 0.938431, 0.233549, 0.025891, -0.234804, 0.971698),

              ["LeftUpperLeg"] = CFrame.new(0.000000, -0.000000, -0.000100, 0.984391, 0.145509, 0.099005, -0.150467, 0.987611, 0.044573, -0.091293, -0.058758, 0.994088),

              ["LowerTorso"] = CFrame.new(-0.000000, -0.104004, -0.162828, 1.000000, 0.000000, -0.000000, -0.000000, 0.988092, -0.153863, 0.000000, 0.153863, 0.988092),

              ["RightFoot"] = CFrame.new(-0.000000, 0.009972, -0.000103, 0.993899, 0.084370, 0.071041, -0.061598, 0.958891, -0.277026, -0.091487, 0.270943, 0.958233),

              ["RightHand"] = CFrame.new(-0.000486, 0.021796, 0.000000, 0.978325, 0.107516, 0.176976, 0.114955, 0.428879, -0.896020, -0.172236, 0.896941, 0.407220),

              ["RightLowerArm"] = CFrame.new(-0.000000, 0.106930, 0.052302, 1.000000, 0.000000, 0.000000, -0.000000, 0.460960, -0.887421, -0.000000, 0.887421, 0.460960),

              ["RightLowerLeg"] = CFrame.new(0.000000, 0.047358, -0.007389, 1.000000, 0.000000, 0.000000, -0.000000, 0.924918, 0.380157, 0.000000, -0.380167, 0.924922),

              ["RightUpperArm"] = CFrame.new(-0.109916, -0.179659, -0.075840, 0.956503, -0.065103, 0.284364, 0.291417, 0.257825, -0.921197, -0.013343, 0.963996, 0.265582),

              ["RightUpperLeg"] = CFrame.new(0.000000, -0.000000, -0.000000, 0.993899, -0.091755, -0.061205, 0.094295, 0.994741, 0.040011, 0.057212, -0.045522, 0.997323),

              ["UpperTorso"] = CFrame.new(0.000000, 0.051317, 0.052424, 1.000000, -0.000000, 0.000000, -0.000000, 0.959019, 0.283342, -0.000000, -0.283342, 0.959019)

          }},

          {Time = 0.250, Data = {

              ["Head"] = CFrame.new(-0.000000, -0.000000, -0.000000, 0.996239, -0.066751, -0.055244, 0.075516, 0.981514, 0.175860, 0.042484, -0.179371, 0.982864),

              ["LeftFoot"] = CFrame.new(0.000000, 0.009251, -0.000003, 0.984392, -0.134628, -0.113360, 0.100769, 0.959211, -0.264138, 0.144288, 0.248576, 0.957800),

              ["LeftHand"] = CFrame.new(0.000495, 0.007827, -0.000000, 0.992905, -0.103050, 0.059342, 0.101035, 0.994231, 0.036017, -0.062711, -0.029766, 0.997588),

              ["LeftLowerArm"] = CFrame.new(-0.000500, 0.046370, 0.007898, 1.000000, -0.000000, -0.000000, 0.000000, 0.919589, -0.392882, 0.000000, 0.392882, 0.919589),

              ["LeftLowerLeg"] = CFrame.new(-0.000000, 0.044663, -0.006337, 1.000000, -0.000000, 0.000000, 0.000000, 0.934578, 0.355747, -0.000000, -0.355758, 0.934582),

              ["LeftUpperArm"] = CFrame.new(0.249433, -0.127284, 0.012657, 0.966724, 0.253280, 0.035977, -0.254567, 0.938504, 0.233253, 0.025314, -0.234649, 0.971750),

              ["LeftUpperLeg"] = CFrame.new(0.000000, -0.000000, -0.000100, 0.984391, 0.145509, 0.099005, -0.150467, 0.987611, 0.044573, -0.091293, -0.058758, 0.994088),

