return {
    ["Double Tap"] = {
        {Time = 0.000, Data = {
            ["LeftFoot"] = CFrame.new(2.0489096641540527e-08, 1.1920928955078125e-07, 1.862645149230957e-08, 0.9809941649436951, -0.16694271564483643, 0.09889774024486542, 0.17099939286708832, 0.9846839308738708, -0.03401248902082443, -0.0917048305273056, 0.050277527421712875, 0.9945161938667297),
            ["LeftLowerArm"] = CFrame.new(8.940696716308594e-08, -0.0000032186508178710938, 0.0000027976930141448975, 1, -9.68574909165909e-08, 1.4901145206636102e-08, 1.1175869474300271e-07, 0.3363490700721741, -0.9417374730110168, 7.450579886381092e-08, 0.9417374730110168, 0.3363490104675293),
            ["LowerTorso"] = CFrame.new(0.1732826828956604, 0.0053179264068603516, 0.3667488992214203, 0.978877604007721, -0.1417509913444519, -0.14732733368873596, 0.1253446787595749, 0.9853934049606323, -0.11527643352746964, 0.16151590645313263, 0.09437482059001923, 0.9823472499847412),
            ["Head"] = CFrame.new(-1.6158446669578552e-07, 0.0000010728836059570312, -2.2351741790771484e-08, 0.8784986138343811, 0.4760242998600006, 0.040511783212423325, -0.46894657611846924, 0.8754128813743591, -0.11722397804260254, -0.09126605838537216, 0.08398332446813583, 0.9922789335250854),
            ["RightUpperArm"] = CFrame.new(-4.172325134277344e-07, 0.0000022649765014648438, -6.705522537231445e-07, 0.8100137114524841, -0.3926381468772888, 0.4355607032775879, 0.1280779391527176, 0.8432798981666565, 0.5219914317131042, -0.5722532868385315, -0.3670346140861511, 0.7333565354347229),
            ["UpperTorso"] = CFrame.new(2.9802322387695312e-08, 0.000002771615982055664, -1.5459954738616943e-07, 0.9760749936103821, 0.11264736950397491, -0.18597938120365143, -0.10295771062374115, 0.9928140044212341, 0.06099295616149902, 0.19151370227336884, -0.0403856486082077, 0.980658769607544),
            ["HumanoidRootPart"] = CFrame.new(0, 0, 0, 1, 0, 0, 0, 1, 0, 0, 0, 1),
            ["RightHand"] = CFrame.new(-0.0000010281801223754883, -1.7881393432617188e-07, -8.940696716308594e-07, 0.8951058983802795, 0.4248383939266205, 0.1352694034576416, -0.44454190135002136, 0.8736615777015686, 0.19773238897323608, -0.034175314009189606, -0.23712433874607086, 0.9708780646324158),
            ["LeftUpperArm"] = CFrame.new(2.384185791015625e-07, -1.1920928955078125e-07, 2.980232238769531e-07, -0.11631983518600464, 0.7465609908103943, -0.655069887638092, -0.6343210935592651, -0.5633559823036194, -0.5294023156166077, -0.7642685770988464, 0.3539446294307709, 0.539088785648346),
            ["RightLowerArm"] = CFrame.new(1.1920928955078125e-07, -0.0000029802322387695312, 2.682209014892578e-07, 1, -8.195627287932439e-08, 1.1175862901779965e-08, 6.705534616457953e-08, 0.7593259215354919, -0.6507105827331543, 2.9802375678400495e-08, 0.6507105827331543, 0.7593259215354919),
            ["LeftHand"] = CFrame.new(2.8312206268310547e-07, 0.0000013709068298339844, -1.8998980522155762e-07, 0.30324435234069824, -0.0777125209569931, 0.9497388005256653, 0.4912964403629303, 0.8667417168617249, -0.0859459713101387, -0.8164991140365601, 0.4926658570766449, 0.30101439356803894),
            ["RightUpperLeg"] = CFrame.new(2.384185791015625e-07, -0.0000015869736671447754, 5.790934665128589e-08, 0.972707986831665, 0.2177576869726181, 0.08012975752353668, -0.12453167885541916, 0.7813211679458618, -0.611579179763794, -0.1957831233739853, 0.5849092602729797, 0.7871150970458984),
            ["LeftUpperLeg"] = CFrame.new(2.9802322387695312e-08, 0.0000015087425708770752, -3.129243850708008e-07, 0.9910815358161926, 0.06413888931274414, 0.11680597066879272, -0.053434502333402634, 0.9942708015441895, -0.09257588535547256, -0.12207462638616562, 0.08550869673490524, 0.9888306260108948),
            ["RightLowerLeg"] = CFrame.new(8.521601557731628e-08, -0.0001227259635925293, -0.00007725337491137907, 1, -5.587936779960501e-09, -2.793965947489596e-09, 1.862645371275562e-09, 0.9999876022338867, 0.004986876621842384, 0, -0.004986900836229324, 0.9999875426292419),
            ["RightFoot"] = CFrame.new(-3.91155481338501e-08, 2.980232238769531e-07, 7.24758137948811e-08, 0.998216450214386, 0.05907715484499931, 0.008601093664765358, -0.05622932314872742, 0.8819684982299805, 0.467942476272583, 0.020058851689100266, -0.4675913155078888, 0.8837171792984009),
            ["LeftLowerLeg"] = CFrame.new(2.477318048477173e-07, 0.00012224912643432617, 0.00007766345515847206, 1, 7.450577044210149e-08, 2.9802311729554276e-08, -5.2619725465774536e-08, 0.7234480381011963, 0.6903788447380066, 1.6763806343078613e-08, -0.6903788447380066, 0.7234480381011963),
        }},
        {Time = 0.033, Data = {
            ["LeftFoot"] = CFrame.new(6.51925802230835e-08, -5.960464477539063e-08, -3.5390257835388184e-08, 0.9885284900665283, -0.1275552660226822, 0.08087818324565887, 0.1390637755393982, 0.9776189923286438, -0.15786758065223694, -0.058931123465299606, 0.16730444133281708, 0.984142541885376),
            ["LeftLowerArm"] = CFrame.new(-5.960464477539063e-08, -0.0000030994415283203125, 0.0000021010637283325195, 1, -7.450574202039206e-08, 7.45057615603173e-09, 6.705523958316917e-08, 0.727118968963623, -0.6865114569664001, 3.3527619791584584e-08, 0.6865114569664001, 0.727118968963623),
            ["LowerTorso"] = CFrame.new(0.16895553469657898, -0.06512951850891113, 0.38071906566619873, 0.9785179495811462, -0.11929841339588165, -0.1681382954120636, 0.09667284786701202, 0.9858587980270386, -0.13688290119171143, 0.18209052085876465, 0.11768797785043716, 0.9762133955955505),
            ["Head"] = CFrame.new(-1.9371509552001953e-07, 0.0000019073486328125, 1.4901161193847656e-08, 0.8790094256401062, 0.46604350209236145, 0.10072653740644455, -0.4430592358112335, 0.8764252662658691, -0.18862000107765198, -0.17618440091609955, 0.12117088586091995, 0.9768708944320679),
            ["RightUpperArm"] = CFrame.new(-2.384185791015625e-07, 0.0000026226043701171875, -7.152557373046875e-07, 0.8432703018188477, -0.3441586494445801, 0.4128560721874237, 0.1512104570865631, 0.8889991044998169, 0.4322221577167511, -0.5157816410064697, -0.30205193161964417, 0.8017069101333618),
            ["UpperTorso"] = CFrame.new(7.450580596923828e-09, 0.000002086162567138672, -1.564621925354004e-07, 0.9706353545188904, 0.09284757822751999, -0.22191552817821503, -0.0803060531616211, 0.9946548342704773, 0.06490495055913925, 0.22675569355487823, -0.045177802443504333, 0.972903311252594),
            ["HumanoidRootPart"] = CFrame.new(0, 0, 0, 1, 0, 0, 0, 1, 0, 0, 0, 1),
            ["RightHand"] = CFrame.new(-0.0000010356307029724121, 4.172325134277344e-07, -0.0000010132789611816406, 0.9121667742729187, 0.39686301350593567, 0.10223308205604553, -0.4096730947494507, 0.8896768689155579, 0.20160171389579773, -0.010946165770292282, -0.2257765382528305, 0.9741176962852478),
            ["LeftUpperArm"] = CFrame.new(2.980232238769531e-07, 4.76837158203125e-07, 2.980232238769531e-07, -0.11360014230012894, 0.5701131224632263, -0.8136743903160095, -0.6489679217338562, -0.6626991629600525, -0.3737252354621887, -0.7522869110107422, 0.48559340834617615, 0.4452677369117737),
            ["RightLowerArm"] = CFrame.new(4.172325134277344e-07, -9.5367431640625e-07, 0.0000010132789611816406, 1, -5.21539966769069e-08, 2.2351731132630448e-08, 4.4703558188530224e-08, 0.7449890971183777, -0.6670766472816467, 2.2351779094265112e-08, 0.667076587677002, 0.7449890971183777),
            ["LeftHand"] = CFrame.new(-2.5331974029541016e-07, -5.960464477539062e-07, -4.3213367462158203e-07, 0.3796749413013458, -0.04260758310556412, 0.9241383075714111, 0.40718480944633484, 0.9046716094017029, -0.1255786120891571, -0.8306909799575806, 0.4239739775657654, 0.36083024740219116),
            ["RightUpperLeg"] = CFrame.new(2.384185791015625e-07, -0.000002201646566390991, 9.516224963590503e-08, 0.9695854783058167, 0.231638565659523, 0.07904228568077087, -0.12108377367258072, 0.7346275448799133, -0.6675783395767212, -0.21270357072353363, 0.6377037167549133, 0.7403320670127869),
            ["LeftUpperLeg"] = CFrame.new(-1.7881393432617188e-07, 9.57399606704712e-07, -3.650784492492676e-07, 0.9924392104148865, 0.030595049262046814, 0.11886288970708847, -0.022628601640462875, 0.9974421262741089, -0.06780330836772919, -0.12063340097665787, 0.06460089236497879, 0.9905929565429688),
            ["RightLowerLeg"] = CFrame.new(1.6763806343078613e-08, -0.00012218952178955078, -0.0000770745609770529, 1, 1.6530979252138422e-08, 1.280568540096283e-08, 1.3969838619232178e-09, 0.9999872446060181, 0.00505182845517993, 4.889443516731262e-09, -0.005051884334534407, 0.9999873042106628),
            ["RightFoot"] = CFrame.new(3.4226104617118835e-08, 2.384185791015625e-07, 5.012407200410962e-08, 0.9948473572731018, 0.08370979130268097, 0.057197414338588715, -0.09502825140953064, 0.9665294289588928, 0.23830735683441162, -0.03533409535884857, -0.24251529574394226, 0.9695041179656982),
            ["LeftLowerLeg"] = CFrame.new(3.0081719160079956e-07, 0.00012195110321044922, 0.00007759872823953629, 1, 8.195635814445268e-08, 5.215405707303944e-08, -6.053598156086082e-08, 0.6831499934196472, 0.7302781343460083, 2.2351747119842003e-08, -0.7302781939506531, 0.6831499934196472),
        }},
        {Time = 0.067, Data = {
            ["LeftFoot"] = CFrame.new(4.0978193283081055e-08, 0, -3.725290298461914e-09, 0.9914604425430298, -0.11118560284376144, 0.06814736127853394, 0.12860611081123352, 0.9202111959457397, -0.3696911036968231, -0.021605493500828743, 0.3752986490726471, 0.9266522526741028),
            ["LeftLowerArm"] = CFrame.new(-8.642673492431641e-07, -0.0000029206275939941406, 0.0000027668429538607597, 1, -2.235172047448941e-08, 2.9802311729554276e-08, 1.6763808119435453e-08, 0.9318803548812866, -0.3627658486366272, 3.725290742551124e-09, 0.3627657890319824, 0.9318803548812866),
            ["LowerTorso"] = CFrame.new(0.15671797096729279, -0.14570307731628418, 0.38448622822761536, 0.9795159697532654, -0.07854708284139633, -0.1854153424501419, 0.05206648260354996, 0.9882655143737793, -0.14359869062900543, 0.1945188343524933, 0.13100330531597137, 0.9721114039421082),
            ["Head"] = CFrame.new(-1.862645149230957e-07, 0.0000017881393432617188, 4.470348358154297e-08, 0.8609668612480164, 0.4790843427181244, 0.17092189192771912, -0.4325508773326874, 0.8663800358772278, -0.24957039952278137, -0.2676486074924469, 0.14093944430351257, 0.9531528949737549),
            ["RightUpperArm"] = CFrame.new(-1.7881393432617188e-07, 0.0000027418136596679688, -7.82310962677002e-07, 0.8770134449005127, -0.2737385034561157, 0.39486050605773926, 0.1363157331943512, 0.9298209547996521, 0.34183481335639954, -0.46072283387184143, -0.2459680438041687, 0.8527803421020508),
            ["UpperTorso"] = CFrame.new(5.21540641784668e-08, 0.0000026226043701171875, -2.7939677238464355e-07, 0.9651226997375488, 0.04888950660824776, -0.2571926712989807, -0.03532661125063896, 0.9977434873580933, 0.057096026837825775, 0.2594037353992462, -0.0460188165307045, 0.9646720290184021),
            ["HumanoidRootPart"] = CFrame.new(0, 0, 0, 1, 0, 0, 0, 1, 0, 0, 0, 1),
            ["RightHand"] = CFrame.new(-0.0000012917444109916687, 7.152557373046875e-07, -0.0000011622905731201172, 0.9274166226387024, 0.3719416558742523, 0.039469022303819656, -0.3726474642753601, 0.9097654223442078, 0.1829228699207306, 0.03212908282876015, -0.18435373902320862, 0.9823347926139832),
            ["LeftUpperArm"] = CFrame.new(1.7881393432617188e-07, -1.1920928955078125e-07, 2.7567148208618164e-07, -0.17873072624206543, 0.4408538043498993, -0.8796041011810303, -0.6766532063484192, -0.7040918469429016, -0.21539565920829773, -0.7142799496650696, 0.5566889643669128, 0.4241478145122528),
            ["RightLowerArm"] = CFrame.new(7.152557373046875e-07, -0.0000016689300537109375, 1.862645149230957e-07, 1, -5.0291347974962264e-08, 1.7695121812266734e-08, 7.916255384543547e-08, 0.7373648881912231, -0.6754947304725647, 2.2351779094265112e-08, 0.6754946708679199, 0.7373648881912231),
            ["LeftHand"] = CFrame.new(-1.1920928955078125e-07, -2.980232238769531e-07, -3.501772880554199e-07, 0.5189592242240906, 0.012995149940252304, 0.8547002077102661, 0.21648016571998596, 0.9652904272079468, -0.14611965417861938, -0.8269327282905579, 0.2608558237552643, 0.4981331527233124),
            ["RightUpperLeg"] = CFrame.new(4.172325134277344e-07, -0.0000014789402484893799, -3.149762051180005e-08, 0.9700801968574524, 0.2225472778081894, 0.09704235196113586, -0.08292865008115768, 0.6793972253799438, -0.7290692329406738, -0.2281828224658966, 0.69920814037323, 0.677525520324707),
            ["LeftUpperLeg"] = CFrame.new(-2.384185791015625e-07, 0.000001344829797744751, -2.384185791015625e-07, 0.9922474026679993, -0.029329445213079453, 0.12076792120933533, 0.03634219616651535, 0.9977533221244812, -0.056281059980392456, -0.11884599924087524, 0.06023361161351204, 0.991084098815918),
            ["RightLowerLeg"] = CFrame.new(-4.3888576328754425e-08, -0.00012236833572387695, -0.00007742846355540678, 1, -8.265482520641854e-09, 1.0477380074647158e-09, -5.9371814131736755e-09, 0.9999871850013733, 0.005068276077508926, -5.820766091346741e-10, -0.005068450700491667, 0.9999871850013733),
            ["RightFoot"] = CFrame.new(-3.096647560596466e-08, 3.5762786865234375e-07, 1.4511897461488843e-07, 0.992631733417511, 0.10701457411050797, 0.05683477222919464, -0.10815214365720749, 0.9939833879470825, 0.017327845096588135, -0.05463824048638344, -0.02334751933813095, 0.9982332587242126),
            ["LeftLowerLeg"] = CFrame.new(2.2724270820617676e-07, 0.00012189149856567383, 0.00007758196443319321, 1, 8.195636524988004e-08, 4.470348358154297e-08, -7.729978079851207e-08, 0.6348273754119873, 0.7726538777351379, 2.421439049271612e-08, -0.7726539373397827, 0.6348275542259216),
        }},
        {Time = 0.100, Data = {
            ["LeftFoot"] = CFrame.new(4.470348358154297e-08, -5.960464477539063e-08, 2.9802322387695312e-08, 0.9986533522605896, -0.016638364642858505, 0.049141086637973785, 0.04041746258735657, 0.8433637022972107, -0.5358208417892456, -0.03252850100398064, 0.5370855331420898, 0.8429005742073059),
            ["LeftLowerArm"] = CFrame.new(-5.066394805908203e-07, -0.0000020265579223632812, 0.0000027391070034354925, 1, 0, 2.9802311729554276e-08, 1.6763806343078613e-08, 0.9081891179084778, -0.4185601472854614, -3.259629011154175e-09, 0.41856011748313904, 0.9081891179084778),
            ["LowerTorso"] = CFrame.new(0.1373136043548584, -0.21347618103027344, 0.3937738835811615, 0.978604257106781, -0.060302019119262695, -0.19671671092510223, 0.030522605404257774, 0.9880563020706177, -0.15104076266288757, 0.2034752368927002, 0.14180481433868408, 0.9687566161155701),
            ["Head"] = CFrame.new(-1.6391277313232422e-07, 0.0000017881393432617188, 1.0058283805847168e-07, 0.8561827540397644, 0.46951112151145935, 0.21566280722618103, -0.40663427114486694, 0.8698360323905945, -0.2793452739715576, -0.31874698400497437, 0.1514746993780136, 0.9356579780578613),
            ["RightUpperArm"] = CFrame.new(-3.5762786865234375e-07, 0.000002384185791015625, -7.003545761108398e-07, 0.8938400745391846, -0.21697351336479187, 0.3923933207988739, 0.11671242117881775, 0.9575425386428833, 0.2636107802391052, -0.4329298138618469, -0.18982869386672974, 0.8812133073806763),
            ["UpperTorso"] = CFrame.new(0, 0.0000029802322387695312, -1.7695128917694092e-07, 0.9617953896522522, 0.04778909683227539, -0.26956605911254883, -0.03370777890086174, 0.9978261590003967, 0.056628864258527756, 0.2716864347457886, -0.045378781855106354, 0.9613154530525208),
            ["HumanoidRootPart"] = CFrame.new(0, 0, 0, 1, 0, 0, 0, 1, 0, 0, 0, 1),
            ["RightHand"] = CFrame.new(-7.133930921554565e-07, 2.384185791015625e-07, -8.083879947662354e-07, 0.9550065994262695, 0.29631367325782776, 0.012677236460149288, -0.2935905158519745, 0.938443124294281, 0.18201448023319244, 0.0420365072786808, -0.17754699289798737, 0.9832141995429993),
            ["LeftUpperArm"] = CFrame.new(2.384185791015625e-07, 1.1920928955078125e-07, 2.2351741790771484e-07, -0.19756290316581726, 0.4810904562473297, -0.8541200160980225, -0.7031522393226624, -0.6766411662101746, -0.21848087012767792, -0.6830416917800903, 0.5574124455451965, 0.4719589650630951),
            ["RightLowerArm"] = CFrame.new(5.960464477539062e-07, -0.0000017285346984863281, 2.0116567611694336e-07, 1, -5.960456661568969e-08, 2.4214376281861405e-08, 4.5634870105004666e-08, 0.7332117557525635, -0.6800003051757812, 1.862647813766216e-08, 0.6800004243850708, 0.733211874961853),
            ["LeftHand"] = CFrame.new(-1.6391277313232422e-07, 0, -4.6193599700927734e-07, 0.6394648551940918, 0.06497228890657425, 0.7660700678825378, 0.024128898978233337, 0.9942358732223511, -0.10446486622095108, -0.7684416770935059, 0.08528608083724976, 0.6342112421989441),
            ["RightUpperLeg"] = CFrame.new(2.980232238769531e-07, -0.0000017695128917694092, 3.55576048605144e-08, 0.9693855047225952, 0.2247811257839203, 0.0988192930817604, -0.07033408433198929, 0.6397805213928223, -0.7653326392173767, -0.23525504767894745, 0.734951913356781, 0.6360036134719849),
            ["LeftUpperLeg"] = CFrame.new(-1.1920928955078125e-07, 0.0000012814998626708984, -3.129243850708008e-07, 0.9898066520690918, -0.07312870025634766, 0.12220831215381622, 0.08101360499858856, 0.9948542714118958, -0.06084303557872772, -0.11713017523288727, 0.07012342661619186, 0.9906377792358398),
            ["RightLowerLeg"] = CFrame.new(-2.561137080192566e-08, -0.00012230873107910156, -0.00007737072155578062, 1, -7.683409464220858e-09, 3.02679947772333e-09, 4.190951585769653e-09, 0.9999871850013733, 0.005074615124613047, 0, -0.005074601154774427, 0.9999871850013733),
            ["RightFoot"] = CFrame.new(3.259629011154175e-09, 2.980232238769531e-07, -5.8840669225901365e-08, 0.9921033382415771, 0.1244196817278862, 0.015839649364352226, -0.12249860912561417, 0.9883230924606323, -0.09061800688505173, -0.02692911960184574, 0.08796193450689316, 0.9957597255706787),
            ["LeftLowerLeg"] = CFrame.new(2.2351741790771484e-07, 0.0001220703125, 0.00007760152220726013, 1, 8.381900329368364e-08, 5.960463766996327e-08, -8.009374141693115e-08, 0.5843732357025146, 0.8114848732948303, 3.5390257835388184e-08, -0.8114849328994751, 0.5843733549118042),
        }},
        {Time = 0.133, Data = {
            ["LeftFoot"] = CFrame.new(4.470348358154297e-08, 5.960464477539063e-08, 2.2351741790771484e-08, 0.9992788434028625, 0.02716909535229206, 0.026529209688305855, -0.006134857423603535, 0.8049579858779907, -0.5932996273040771, -0.03747403621673584, 0.592709481716156, 0.8045445084571838),
            ["LeftLowerArm"] = CFrame.new(6.854534149169922e-07, -0.000002086162567138672, 0.000002565386239439249, 1, -7.823100389714455e-08, 1.490115053570662e-08, 1.1362133989223366e-07, 0.8276030421257019, -0.561313807964325, 1.1175869119028903e-08, 0.561313807964325, 0.8276029825210571),
            ["LowerTorso"] = CFrame.new(0.11168897897005081, -0.2395157814025879, 0.4007730185985565, 0.9782182574272156, -0.05235973745584488, -0.20086713135242462, 0.01889721117913723, 0.9861094951629639, -0.16501866281032562, 0.20671731233596802, 0.15762846171855927, 0.9656196236610413),
            ["Head"] = CFrame.new(-1.4156103134155273e-07, 0.0000019073486328125, -3.725290298461914e-09, 0.8527827858924866, 0.462674081325531, 0.24226896464824677, -0.3854139447212219, 0.870561420917511, -0.30590707063674927, -0.35244545340538025, 0.1674983948469162, 0.9207206964492798),
            ["RightUpperArm"] = CFrame.new(-3.5762786865234375e-07, 0.000002384185791015625, -7.897615432739258e-07, 0.9073934555053711, -0.18844960629940033, 0.3756646513938904, 0.1041606068611145, 0.9667884707450867, 0.23338967561721802, -0.40717044472694397, -0.17264682054519653, 0.8968865871429443),
            ["UpperTorso"] = CFrame.new(1.1175870895385742e-08, 0.000002175569534301758, -1.9744038581848145e-07, 0.962738573551178, 0.06058599427342415, -0.26355984807014465, -0.036669615656137466, 0.99482661485672, 0.09473855048418045, 0.26793625950813293, -0.0815437063574791, 0.9599797129631042),
            ["HumanoidRootPart"] = CFrame.new(0, 0, 0, 1, 0, 0, 0, 1, 0, 0, 0, 1),
            ["RightHand"] = CFrame.new(-7.37607479095459e-07, 7.748603820800781e-07, -0.0000010533258318901062, 0.9902430772781372, 0.13854649662971497, 0.014952569268643856, -0.13927020132541656, 0.980299711227417, 0.14005835354328156, 0.004746597725898027, -0.14077427983283997, 0.9900304079055786),
            ["LeftUpperArm"] = CFrame.new(2.980232238769531e-07, -3.5762786865234375e-07, 2.905726432800293e-07, -0.1741108000278473, 0.5073743462562561, -0.8439530730247498, -0.7196969389915466, -0.6505208015441895, -0.24260897934436798, -0.6721025705337524, 0.5651495456695557, 0.4784184992313385),
            ["RightLowerArm"] = CFrame.new(7.152557373046875e-07, -0.000001430511474609375, 4.3958425521850586e-07, 1, -6.332982849244218e-08, 2.4680026911028108e-08, 7.543722801983677e-08, 0.7373652458190918, -0.6754942536354065, 2.887103711657346e-08, 0.6754942536354065, 0.7373653054237366),
            ["LeftHand"] = CFrame.new(6.705522537231445e-08, 2.980232238769531e-07, -8.642673492431641e-07, 0.715089738368988, 0.08427155017852783, 0.6939346194267273, -0.06288773566484451, 0.9964369535446167, -0.05620260909199715, -0.6961982250213623, -0.0034500546753406525, 0.7178413271903992),
            ["RightUpperLeg"] = CFrame.new(1.7881393432617188e-07, -0.000001996755599975586, -1.0600342648103833e-07, 0.9678941369056702, 0.2342185378074646, 0.09122879803180695, -0.09000477939844131, 0.6618224382400513, -0.7442377805709839, -0.23469172418117523, 0.7121325135231018, 0.6616551280021667),
            ["LeftUpperLeg"] = CFrame.new(-2.980232238769531e-07, 0.0000012665987014770508, -3.2782554626464844e-07, 0.9854167699813843, -0.0969705730676651, 0.1398228257894516, 0.10422174632549286, 0.993513286113739, -0.0454891063272953, -0.1345050036907196, 0.05939815193414688, 0.9891310930252075),
            ["RightLowerLeg"] = CFrame.new(-1.3131648302078247e-07, -0.00012254714965820312, -0.0000771921404520981, 1, -1.862645149230957e-09, -2.3283059924494864e-09, -3.7252889661942845e-09, 0.9999871850013733, 0.005072216968983412, -1.8626444830971423e-09, -0.0050721424631774426, 0.9999871850013733),
            ["RightFoot"] = CFrame.new(6.332993507385254e-08, 3.5762786865234375e-07, 5.990295903757215e-08, 0.9952307343482971, 0.09205111116170883, -0.03228570893406868, -0.0925905853509903, 0.9955815672874451, -0.015636270865797997, 0.030704082921147346, 0.01855039782822132, 0.9993563890457153),
            ["LeftLowerLeg"] = CFrame.new(3.0081719160079956e-07, 0.00012201070785522461, 0.00007761642336845398, 1, 7.450577754752885e-08, 4.470348358154297e-08, -7.264317503086204e-08, 0.5783066749572754, 0.8158193230628967, 2.0489101970611046e-08, -0.8158194422721863, 0.5783068537712097),
        }},
        {Time = 0.167, Data = {
            ["LeftFoot"] = CFrame.new(4.842877388000488e-08, 0, -5.587935447692871e-09, 0.9989804625511169, -0.02493295818567276, -0.037636298686265945, 0.0016447717789560556, 0.8532081246376038, -0.5215679407119751, 0.04511592164635658, 0.520974338054657, 0.8523792028427124),
            ["LeftLowerArm"] = CFrame.new(-0.0000017285346984863281, -0.00000286102294921875, 0.000002605491317808628, 1, -5.215402865133001e-08, 4.4703469370688254e-08, 9.313227167240257e-08, 0.6707431077957153, -0.741689920425415, 5.2154071283894154e-08, 0.7416898012161255, 0.6707430481910706),
            ["LowerTorso"] = CFrame.new(0.08065550029277802, -0.21404600143432617, 0.4021812677383423, 0.9794448614120483, -0.0658554658293724, -0.19065909087657928, 0.034676939249038696, 0.9861041903495789, -0.1624690741300583, 0.198709174990654, 0.15251803398132324, 0.9681183099746704),
            ["Head"] = CFrame.new(-1.0058283805847168e-07, 0.0000015497207641601562, 6.705522537231445e-08, 0.8503558039665222, 0.44857868552207947, 0.27508610486984253, -0.36978664994239807, 0.8813432455062866, -0.29409530758857727, -0.37437015771865845, 0.14836250245571136, 0.91533362865448),
            ["RightUpperArm"] = CFrame.new(-1.7881393432617188e-07, 0.000002384185791015625, -8.493661880493164e-07, 0.9102690815925598, -0.1806190311908722, 0.3725413680076599, 0.09010955691337585, 0.9646804928779602, 0.24753151834011078, -0.4040922522544861, -0.19175076484680176, 0.8943942785263062),
            ["UpperTorso"] = CFrame.new(4.470348358154297e-08, 0.0000027120113372802734, -2.0302832126617432e-07, 0.9567172527313232, 0.11686496436595917, -0.26652345061302185, -0.0873166173696518, 0.9889046549797058, 0.12018085271120071, 0.2776111662387848, -0.09170708805322647, 0.9563064575195312),
            ["HumanoidRootPart"] = CFrame.new(0, 0, 0, 1, 0, 0, 0, 1, 0, 0, 0, 1),
            ["RightHand"] = CFrame.new(-9.08970832824707e-07, 5.364418029785156e-07, -0.0000010319054126739502, 0.9989827871322632, 0.043968167155981064, -0.01000746339559555, -0.042910292744636536, 0.9951344132423401, 0.08869197219610214, 0.013858388178050518, -0.0881723165512085, 0.9960088729858398),
            ["LeftUpperArm"] = CFrame.new(2.980232238769531e-07, -2.384185791015625e-07, 2.1606683731079102e-07, -0.1493527740240097, 0.5522134900093079, -0.8202158808708191, -0.7514309883117676, -0.6025559902191162, -0.26884546875953674, -0.6426859498023987, 0.5761827230453491, 0.5049435496330261),
            ["RightLowerArm"] = CFrame.new(4.172325134277344e-07, -0.0000019073486328125, 6.183981895446777e-07, 1, -6.332983559786953e-08, 2.235172402720309e-08, 5.7742095549428996e-08, 0.742070734500885, -0.6703216433525085, 2.0954793455985055e-08, 0.6703216433525085, 0.7420706748962402),
            ["LeftHand"] = CFrame.new(-6.183981895446777e-07, 5.960464477539063e-08, -5.960464477539062e-07, 0.7620416283607483, 0.06356491893529892, 0.6444007158279419, -0.05411427095532417, 0.9979404807090759, -0.03444531932473183, -0.6452629566192627, -0.008622550405561924, 0.7639118432998657),
            ["RightUpperLeg"] = CFrame.new(4.76837158203125e-07, -0.0000022687017917633057, 4.300818545743823e-08, 0.9680870175361633, 0.24194099009037018, 0.06536213308572769, -0.13077592849731445, 0.7101680040359497, -0.6917794942855835, -0.2137880027294159, 0.6611551642417908, 0.7191446423530579),
            ["LeftUpperLeg"] = CFrame.new(-1.7881393432617188e-07, 9.462237358093262e-07, -3.501772880554199e-07, 0.9840714931488037, -0.06794775277376175, 0.16427534818649292, 0.07926110923290253, 0.9948410391807556, -0.06331707537174225, -0.15912562608718872, 0.07532931864261627, 0.9843803644180298),
            ["RightLowerLeg"] = CFrame.new(-6.100162863731384e-08, -0.00012224912643432617, -0.00007757002458674833, 1, -1.862644971595273e-08, -9.313225746154785e-09, 5.587936335871291e-09, 0.9999873042106628, 0.005054638721048832, 1.1175872671742582e-08, -0.005054487381130457, 0.9999872446060181),
            ["RightFoot"] = CFrame.new(2.0489096641540527e-08, 3.5762786865234375e-07, 6.968184607103467e-08, 0.9970032572746277, 0.07660099118947983, -0.01080466341227293, -0.07495954632759094, 0.9911245703697205, 0.10978586971759796, 0.019118772819638252, -0.10864771902561188, 0.9938965439796448),
            ["LeftLowerLeg"] = CFrame.new(2.2863969206809998e-07, 0.00012218952178955078, 0.0000775936059653759, 1, 4.4703469370688254e-08, 3.3527612686157227e-08, -5.960465188081798e-08, 0.5761102437973022, 0.8173721432685852, 3.9115551686563776e-08, -0.8173719644546509, 0.5761101245880127),
        }},
        {Time = 0.200, Data = {
            ["LeftFoot"] = CFrame.new(4.842877388000488e-08, -5.960464477539063e-08, 8.009374141693115e-08, 0.9896332621574402, -0.09222684800624847, -0.11009231954813004, 0.045635733753442764, 0.9287731647491455, -0.3678275942802429, 0.13617461919784546, 0.35899117588996887, 0.9233539700508118),
            ["LeftLowerArm"] = CFrame.new(-0.0000014603137969970703, -0.0000033974647521972656, 0.00000251084566116333, 1, -3.911551260671331e-08, 5.215403220404369e-08, 8.754432201385498e-08, 0.43278932571411133, -0.901495099067688, 4.0978193283081055e-08, 0.901495099067688, 0.4327893555164337),
            ["LowerTorso"] = CFrame.new(0.04509208723902702, -0.16174745559692383, 0.4052443206310272, 0.9850502610206604, -0.07992729544639587, -0.15260283648967743, 0.061936043202877045, 0.9909347891807556, -0.1192154735326767, 0.16074801981449127, 0.1079816222190857, 0.981070876121521),
            ["Head"] = CFrame.new(-7.450580596923828e-08, 0.0000013113021850585938, 6.705522537231445e-08, 0.8536896109580994, 0.43270277976989746, 0.2897970676422119, -0.3679177463054657, 0.8949379920959473, -0.2524331510066986, -0.36857908964157104, 0.10887803137302399, 0.9231983423233032),
            ["RightUpperArm"] = CFrame.new(-3.5762786865234375e-07, 0.0000020265579223632812, -7.227063179016113e-07, 0.906917154788971, -0.21022991836071014, 0.3651091754436493, 0.09559107571840286, 0.9466837644577026, 0.30765610933303833, -0.4103213846683502, -0.24411745369434357, 0.8786599040031433),
            ["UpperTorso"] = CFrame.new(1.6763806343078613e-08, 0.0000021457672119140625, -1.1734664440155029e-07, 0.9371943473815918, 0.19430319964885712, -0.28967753052711487, -0.16830730438232422, 0.9793106317520142, 0.11235431581735611, 0.3055151402950287, -0.056542906910181046, 0.9505069851875305),
            ["HumanoidRootPart"] = CFrame.new(0, 0, 0, 1, 0, 0, 0, 1, 0, 0, 0, 1),
            ["RightHand"] = CFrame.new(-8.66129994392395e-07, 5.364418029785156e-07, -0.000001169741153717041, 0.9967486262321472, 0.08053265511989594, -0.002586284652352333, -0.07999647408723831, 0.9929290413856506, 0.08770714700222015, 0.009631287306547165, -0.08721509575843811, 0.9961429238319397),
            ["LeftUpperArm"] = CFrame.new(2.980232238769531e-07, -7.152557373046875e-07, 2.2351741790771484e-07, -0.19498375058174133, 0.6328793168067932, -0.7492964863777161, -0.8154887557029724, -0.5290682911872864, -0.234659343957901, -0.5449398756027222, 0.5652881264686584, 0.619265615940094),
            ["RightLowerArm"] = CFrame.new(1.7881393432617188e-07, -0.0000015497207641601562, 6.705522537231445e-08, 1, -6.146722597577536e-08, 2.2351734685344127e-08, 6.239873329150214e-08, 0.7379559874534607, -0.6748489141464233, 2.0023474434083255e-08, 0.6748488545417786, 0.7379559278488159),
            ["LeftHand"] = CFrame.new(3.119930624961853e-07, 2.980232238769531e-07, -6.854534149169922e-07, 0.7999107241630554, 0.015989040955901146, 0.5999060273170471, -0.014373142272233963, 0.9998686909675598, -0.007484068162739277, -0.5999468564987183, -0.0026358093600720167, 0.8000355362892151),
            ["RightUpperLeg"] = CFrame.new(0, -0.0000017397105693817139, 1.1751399142667651e-07, 0.9715047478675842, 0.23687629401683807, 0.00826306827366352, -0.17401714622974396, 0.7365013360977173, -0.6536691784858704, -0.16092462837696075, 0.6336051225662231, 0.7567353248596191),
            ["LeftUpperLeg"] = CFrame.new(-1.1920928955078125e-07, 0.0000013075768947601318, -2.905726432800293e-07, 0.9867879748344421, -0.03241823613643646, 0.1587403267621994, 0.055449001491069794, 0.9881852269172668, -0.14288212358951569, -0.1522330790758133, 0.14979642629623413, 0.9769269824028015),
            ["RightLowerLeg"] = CFrame.new(-1.1874362826347351e-08, -0.00012248754501342773, -0.00007743963942630216, 1, 2.7939670577126208e-09, 1.117587622445626e-08, -2.7939681679356454e-09, 0.9999874830245972, 0.005015358328819275, -6.519258910486769e-09, -0.0050153424963355064, 0.9999874830245972),
            ["RightFoot"] = CFrame.new(1.1175870895385742e-08, 4.172325134277344e-07, 8.737697498872876e-08, 0.9904388189315796, 0.10869139432907104, 0.08495506644248962, -0.12760642170906067, 0.9558183550834656, 0.26481595635414124, -0.05241808295249939, -0.2731257379055023, 0.9605494141578674),
            ["LeftLowerLeg"] = CFrame.new(2.424931153655052e-07, 0.00012195110321044922, 0.0000776173546910286, 1, 7.357446918376809e-08, 3.3527612686157227e-08, -9.988438165464686e-08, 0.5772569179534912, 0.8165624737739563, 3.7252917195473856e-08, -0.8165626525878906, 0.5772570371627808),
        }},
        {Time = 0.233, Data = {
            ["LeftFoot"] = CFrame.new(2.6542693376541138e-08, 5.960464477539063e-08, 1.6763806343078613e-08, 0.9720079898834229, -0.14712893962860107, -0.18317636847496033, 0.12107910215854645, 0.9818295240402222, -0.1461184322834015, 0.20134666562080383, 0.11984971165657043, 0.9721603989601135),
            ["LeftLowerArm"] = CFrame.new(-1.1920928955078125e-07, -0.0000022649765014648438, 0.0000025257468223571777, 1, -7.450577044210149e-08, 1.1920920428565296e-07, 1.4156101713069802e-07, 0.14080341160297394, -0.9900376200675964, 9.685753354915505e-08, 0.9900376200675964, 0.14080341160297394),
            ["LowerTorso"] = CFrame.new(0.005945216398686171, -0.09691143035888672, 0.41038456559181213, 0.9861767888069153, -0.08713614195585251, -0.14093488454818726, 0.0780830830335617, 0.9945875406265259, -0.06854782998561859, 0.1461450606584549, 0.05659565329551697, 0.9876429438591003),
            ["Head"] = CFrame.new(-2.2351741790771484e-07, 0.000001430511474609375, 9.313225746154785e-08, 0.8563742637634277, 0.4258282780647278, 0.2920505702495575, -0.3819483816623688, 0.9030145406723022, -0.19667254388332367, -0.34747475385665894, 0.0568770132958889, 0.9359627962112427),
            ["RightUpperArm"] = CFrame.new(-3.5762786865234375e-07, 0.0000019073486328125, -7.264316082000732e-07, 0.9094622731208801, -0.2353859692811966, 0.34274163842201233, 0.10222899913787842, 0.9256069660186768, 0.36441871523857117, -0.4030231237411499, -0.2963869273662567, 0.8658678531646729),
            ["UpperTorso"] = CFrame.new(1.862645149230957e-09, 0.0000022351741790771484, -1.3830140233039856e-07, 0.9251297116279602, 0.25389641523361206, -0.2822617292404175, -0.23490498960018158, 0.966881275177002, 0.09980127960443497, 0.29825279116630554, -0.026024404913187027, 0.9541321992874146),
            ["HumanoidRootPart"] = CFrame.new(0, 0, 0, 1, 0, 0, 0, 1, 0, 0, 0, 1),
            ["RightHand"] = CFrame.new(-0.000001041218638420105, 4.172325134277344e-07, -0.0000011324882507324219, 0.9917166233062744, 0.12483112514019012, 0.030256519094109535, -0.12697482109069824, 0.988318681716919, 0.08428358286619186, -0.019381867721676826, -0.0874273031949997, 0.9959824085235596),
            ["LeftUpperArm"] = CFrame.new(1.1920928955078125e-07, -4.76837158203125e-07, 3.3155083656311035e-07, -0.26512306928634644, 0.7656018137931824, -0.5861431956291199, -0.8761721253395081, -0.4450697898864746, -0.1850278377532959, -0.4025322198867798, 0.46450716257095337, 0.78879714012146),
            ["RightLowerArm"] = CFrame.new(9.5367431640625e-07, -0.0000017881393432617188, 6.798654794692993e-08, 1, -6.1467218870348e-08, 2.048908598339949e-08, 5.401681235639444e-08, 0.746152400970459, -0.6657752394676208, 2.1653290716017182e-08, 0.6657752394676208, 0.7461523413658142),
            ["LeftHand"] = CFrame.new(3.5390257835388184e-07, 2.980232238769531e-07, -4.3213367462158203e-07, 0.8278565406799316, -0.04981210455298424, 0.5587239265441895, 0.047321617603302, 0.9987004995346069, 0.01892133615911007, -0.5589404106140137, 0.01077555026859045, 0.829137921333313),
            ["RightUpperLeg"] = CFrame.new(4.172325134277344e-07, -0.0000020489096641540527, -3.894820110872388e-08, 0.9682947397232056, 0.2399572879076004, -0.06946767121553421, -0.21718664467334747, 0.6712373495101929, -0.7087104320526123, -0.12343092262744904, 0.7013280987739563, 0.7020711302757263),
            ["LeftUpperLeg"] = CFrame.new(-1.1920928955078125e-07, 0.0000011492520570755005, -3.725290298461914e-07, 0.9865062236785889, -0.010129439644515514, 0.16340993344783783, 0.04478783160448074, 0.9767093658447266, -0.20983999967575073, -0.15747874975204468, 0.2143273651599884, 0.9639836549758911),
            ["RightLowerLeg"] = CFrame.new(-3.317836672067642e-08, -0.00012236833572387695, -0.00007754767284495756, 1, -6.798653373607522e-08, 1.1641532182693481e-08, 4.796310193455611e-08, 0.9601548910140991, 0.27946850657463074, -2.3283059924494864e-09, -0.2794686555862427, 0.9601548910140991),
            ["RightFoot"] = CFrame.new(-2.7474015951156616e-08, 2.980232238769531e-07, 4.0810846257954836e-08, 0.9807555675506592, 0.1326543688774109, 0.14325295388698578, -0.167099729180336, 0.9498019218444824, 0.2644881308078766, -0.10097624361515045, -0.28333592414855957, 0.9536899924278259),
            ["LeftLowerLeg"] = CFrame.new(2.5692861527204514e-07, 0.00012242794036865234, 0.00007761269807815552, 1, 6.565822729953652e-08, 2.8405345631199452e-08, -6.938353891428051e-08, 0.6123842000961304, 0.7905604243278503, 3.539026138810186e-08, -0.7905603647232056, 0.6123840808868408),
        }},
        {Time = 0.267, Data = {
            ["LeftFoot"] = CFrame.new(2.0023435354232788e-08, -5.960464477539063e-08, -7.450580596923828e-08, 0.9270901083946228, -0.22551672160625458, -0.29940927028656006, 0.2609991729259491, 0.9616947770118713, 0.08380265533924103, 0.26904192566871643, -0.1558379977941513, 0.9504373669624329),
            ["LeftLowerArm"] = CFrame.new(-0.0000022649765014648438, -0.0000022649765014648438, 0.000002555549144744873, 1, -1.3411033705779118e-07, 8.940686768710293e-08, 5.960463056453591e-08, -0.15265114605426788, -0.988280177116394, 1.4482063193099748e-07, 0.9882801175117493, -0.15265120565891266),
            ["LowerTorso"] = CFrame.new(-0.03610878437757492, -0.011866569519042969, 0.41622188687324524, 0.9849396347999573, -0.08624420315027237, -0.14985278248786926, 0.0813777819275856, 0.99594646692276, -0.03832021355628967, 0.15255023539066315, 0.025548411533236504, 0.98796546459198),
            ["Head"] = CFrame.new(-1.6391277313232422e-07, 0.0000011920928955078125, 8.940696716308594e-08, 0.8559496402740479, 0.42880910634994507, 0.2889171540737152, -0.4049551784992218, 0.9033873677253723, -0.14107638597488403, -0.3214990198612213, 0.003755721030756831, 0.9469025135040283),
            ["RightUpperArm"] = CFrame.new(-5.364418029785156e-07, 0.0000025033950805664062, -7.152557373046875e-07, 0.9269593358039856, -0.22229020297527313, 0.3022143244743347, 0.09109509736299515, 0.9148128628730774, 0.39347073435783386, -0.3639342486858368, -0.33720114827156067, 0.8682437539100647),
            ["UpperTorso"] = CFrame.new(7.450580596923828e-09, 0.0000022351741790771484, -2.514570951461792e-07, 0.928365170955658, 0.28289684653282166, -0.24105527997016907, -0.26407718658447266, 0.9584588408470154, 0.10779611021280289, 0.26153668761253357, -0.036416925489902496, 0.9645062685012817),
            ["HumanoidRootPart"] = CFrame.new(0, 0, 0, 1, 0, 0, 0, 1, 0, 0, 0, 1),
            ["RightHand"] = CFrame.new(-6.146728992462158e-07, 4.76837158203125e-07, -0.0000011026859283447266, 0.9910148978233337, 0.12227052450180054, 0.05421635881066322, -0.12509268522262573, 0.9907748103141785, 0.05212784558534622, -0.047342512756586075, -0.05844152346253395, 0.9971676468849182),
            ["LeftUpperArm"] = CFrame.new(2.384185791015625e-07, 0, 3.5762786865234375e-07, -0.2860143482685089, 0.8606756329536438, -0.4212283492088318, -0.9214661121368408, -0.3676317036151886, -0.12548787891864777, -0.2628612816333771, 0.35225632786750793, 0.8982313275337219),
            ["RightLowerArm"] = CFrame.new(5.960464477539062e-07, -7.152557373046875e-07, 3.4086406230926514e-07, 1, -5.30853156988087e-08, 1.8626440834168534e-08, 4.190957980654275e-08, 0.7845906019210815, -0.6200142502784729, 1.490118428648657e-08, 0.6200141906738281, 0.7845906615257263),
            ["LeftHand"] = CFrame.new(1.6391277313232422e-07, 2.384185791015625e-07, -1.4901161193847656e-07, 0.8456133008003235, -0.12418544292449951, 0.5191494226455688, 0.1202641949057579, 0.991879403591156, 0.04137519374489784, -0.5200718641281128, 0.027447767555713654, 0.8536814451217651),
