return {
    ["Downtown"] = {
        {Time = 0.000, Data = {
            ["LeftFoot"] = CFrame.new(-1.0710209608078003e-07, -4.842877388000488e-08, -9.080395102500916e-09, 0.9817805290222168, -0.18740099668502808, 0.03143084794282913, 0.18866387009620667, 0.9810695648193359, -0.043687060475349426, -0.022648632526397705, 0.04882067069411278, 0.9985508322715759),
            ["LeftLowerArm"] = CFrame.new(-6.670597940683365e-08, 3.427267074584961e-07, -5.960464477539063e-08, 1, -7.450581307466564e-08, 7.450581307466564e-08, 7.450580596923828e-08, 0.8426266312599182, -0.5384984016418457, 1.6391277313232422e-07, 0.5384983420372009, 0.8426265716552734),
            ["RightUpperArm"] = CFrame.new(-5.960464477539063e-08, -5.960464477539063e-08, 1.1734664440155029e-07, 0.07763556391000748, -0.6846424341201782, 0.7247327566146851, 0.5321948528289795, -0.5862352252006531, -0.6108165383338928, 0.8430548906326294, 0.43312010169029236, 0.31885048747062683),
            ["Head"] = CFrame.new(1.1175870895385742e-08, -5.960464477539063e-08, -3.725290298461914e-08, 0.9886283874511719, 0.040318187326192856, -0.14487363398075104, -0.028597015887498856, 0.9962140321731567, 0.0820973664522171, 0.14763516187667847, -0.07702069729566574, 0.9860384464263916),
            ["LowerTorso"] = CFrame.new(-0.007291287183761597, -0.21341866254806519, -0.012688999995589256, 0.8670501708984375, 0.06464964896440506, 0.4940085709095001, -8.045915933507786e-09, 0.9915453195571899, -0.12976102530956268, -0.49822086095809937, 0.11250931769609451, 0.8597195148468018),
            ["UpperTorso"] = CFrame.new(7.450580596923828e-09, -5.960464477539063e-08, 5.587935447692871e-09, 0.9902785420417786, -0.01131558045744896, -0.13863717019557953, 0.0025336805265396833, 0.997987687587738, -0.06335785984992981, 0.1390751153230667, 0.062390681356191635, 0.9883144497871399),
            ["HumanoidRootPart"] = CFrame.new(0, 0, 0, 1, 0, 0, 0, 1, 0, 0, 0, 1),
            ["LeftUpperLeg"] = CFrame.new(0.000025462359189987183, 0.0001253187656402588, 0.004997432231903076, 0.970308244228363, 0.04031357169151306, -0.23848864436149597, -0.16261671483516693, 0.8386321663856506, -0.5198574662208557, 0.17904680967330933, 0.5432042479515076, 0.8202874660491943),
            ["LeftUpperArm"] = CFrame.new(8.940696716308594e-08, 1.1920928955078125e-07, 1.4901161193847656e-08, 0.8366785049438477, 0.4590494632720947, 0.29873526096343994, -0.4184551537036896, 0.887692928314209, -0.19208478927612305, -0.3533616065979004, 0.035705942660570145, 0.9348052740097046),
            ["RightLowerArm"] = CFrame.new(-1.2087727441212337e-07, 4.470348358154297e-08, -1.341104507446289e-07, 1, -4.470347647611561e-08, 0, 1.341104507446289e-07, 0.4825829267501831, -0.8758503794670105, 4.470348358154297e-08, 0.875850260257721, 0.4825829267501831),
            ["LeftHand"] = CFrame.new(-1.8998980522155762e-07, -1.4901161193847656e-08, 2.766028046607971e-07, 0.9705555438995361, -0.14675775170326233, -0.1910085827112198, 0.13311979174613953, 0.987665057182312, -0.0824427604675293, 0.20075155794620514, 0.05458831042051315, 0.9781200885772705),
            ["RightFoot"] = CFrame.new(4.0046870708465576e-08, 4.0605664253234863e-07, 5.587935447692871e-09, 0.9619146585464478, 0.2730604410171509, 0.012580770067870617, -0.24414518475532532, 0.8789317011833191, -0.4097217619419098, -0.12293644994497299, 0.3910461366176605, 0.9121238589286804),
            ["RightHand"] = CFrame.new(1.1175870895385742e-07, -1.1920928955078125e-07, -2.60770320892334e-08, 0.978065013885498, 0.14622391760349274, -0.148348867893219, -0.16751152276992798, 0.9754555225372314, -0.14292113482952118, 0.12380930781364441, 0.16463623940944672, 0.9785531759262085),
            ["RightLowerLeg"] = CFrame.new(7.636845111846924e-08, 2.9802322387695312e-08, 0, 0.9997974038124084, 0.020096005871891975, -0.00113682949449867, -0.01269350852817297, 0.6733357310295105, 0.7392277121543884, 0.015620974823832512, -0.7390637397766113, 0.6734545826911926),
            ["RightUpperLeg"] = CFrame.new(-0.0000254213809967041, -0.00012579560279846191, -0.004997462034225464, 0.8280786275863647, -0.4303234815597534, -0.35931557416915894, 0.35000860691070557, 0.8975156545639038, -0.26825302839279175, 0.43792688846588135, 0.09637103229761124, 0.8938303589820862),
            ["LeftLowerLeg"] = CFrame.new(-6.327172741293907e-08, 7.450580596923828e-08, 1.4901161193847656e-08, 0.9999582767486572, 0.0033963334280997515, -0.008480333723127842, 0.003151864279061556, 0.7430391907691956, 0.6692408919334412, 0.008574158884584904, -0.6692394018173218, 0.7429971694946289),
        }},
        {Time = 0.050, Data = {
            ["LeftFoot"] = CFrame.new(9.685754776000977e-08, -6.332993507385254e-08, -6.05359673500061e-09, 0.9842291474342346, -0.1752418577671051, 0.0241542961448431, 0.17272639274597168, 0.981495201587677, 0.08266042917966843, -0.03819272294640541, -0.07718502730131149, 0.996285080909729),
            ["LeftLowerArm"] = CFrame.new(-1.7843558453023434e-07, -1.4901161193847656e-08, -5.960464477539063e-08, 1, -8.940698137394065e-08, -5.960465188081798e-08, 4.470348358154297e-08, 0.8421732783317566, -0.5392071604728699, 3.725290298461914e-08, 0.5392071604728699, 0.8421732187271118),
            ["RightUpperArm"] = CFrame.new(-1.1920928955078125e-07, -2.980232238769531e-07, 4.470348358154297e-08, 0.034636106342077255, -0.5497754216194153, 0.834594190120697, 0.8151208758354187, -0.4676471948623657, -0.34188312292099, 0.5782545208930969, 0.6921367049217224, 0.4319358766078949),
            ["Head"] = CFrame.new(1.30385160446167e-08, -1.7881393432617188e-07, -1.1175870895385742e-08, 0.9997627139091492, 0.016669368371367455, -0.014022198505699635, -0.015573341399431229, 0.9970663785934448, 0.07494115084409714, 0.015230270102620125, -0.07470490038394928, 0.9970893859863281),
            ["LowerTorso"] = CFrame.new(-0.0004016950260847807, -0.12413477897644043, 0.00853483472019434, 0.8825792670249939, 0.025936217978596687, 0.4694477915763855, 0.02553669363260269, 0.994359016418457, -0.10294664651155472, -0.4694696366786957, 0.10284670442342758, 0.8769384026527405),
            ["UpperTorso"] = CFrame.new(1.862645149230957e-09, -2.9802322387695312e-08, -1.4901161193847656e-08, 0.9990692138671875, -0.013414070010185242, -0.04099894315004349, 0.006581141613423824, 0.9866937398910522, -0.16245710849761963, 0.04263254627585411, 0.16203607618808746, 0.9858635663986206),
            ["HumanoidRootPart"] = CFrame.new(0, 0, 0, 1, 0, 0, 0, 1, 0, 0, 0, 1),
            ["LeftUpperLeg"] = CFrame.new(0.000025488436222076416, 0.00012555718421936035, 0.0049974918365478516, 0.9733132123947144, 0.11081492900848389, -0.20095188915729523, -0.18418875336647034, 0.8995631337165833, -0.3960566222667694, 0.13687962293624878, 0.4225001335144043, 0.895967423915863),
            ["LeftUpperArm"] = CFrame.new(2.9802322387695312e-08, -1.4901161193847656e-07, -4.470348358154297e-08, 0.7736619710922241, 0.45473355054855347, 0.441208153963089, -0.4055575728416443, 0.8904224038124084, -0.20657005906105042, -0.4867960214614868, -0.019119868054986, 0.8733064532279968),
            ["RightLowerArm"] = CFrame.new(4.124074735045724e-07, -9.685754776000977e-08, 1.4901161193847656e-08, 1, -1.1920928955078125e-07, 8.940696716308594e-08, 9.685754776000977e-08, 0.2477918267250061, -0.9688133597373962, 1.1175870895385742e-07, 0.9688133001327515, 0.24779179692268372),
            ["LeftHand"] = CFrame.new(-5.029141902923584e-08, 2.8312206268310547e-07, -1.1548399925231934e-07, 0.9704848527908325, -0.14769774675369263, -0.19064274430274963, 0.1337234526872635, 0.9874297380447388, -0.08426567912101746, 0.20069220662117004, 0.05628516525030136, 0.9780361652374268),
            ["RightFoot"] = CFrame.new(1.955777406692505e-08, 3.390014171600342e-07, 4.0978193283081055e-08, 0.9674367308616638, 0.2502460479736328, -0.0379890613257885, -0.25182634592056274, 0.9365003108978271, -0.24402941763401031, -0.02549053728580475, 0.24565021693706512, 0.9690235257148743),
            ["RightHand"] = CFrame.new(1.6391277313232422e-07, -1.6391277313232422e-07, 1.1548399925231934e-07, 0.9371398091316223, 0.2756345272064209, -0.21399670839309692, -0.3103792667388916, 0.9386754035949707, -0.15017759799957275, 0.15947939455509186, 0.20715752243995667, 0.9652212858200073),
            ["RightLowerLeg"] = CFrame.new(2.1653249859809875e-08, 2.086162567138672e-07, -1.4156103134155273e-07, 0.9998918771743774, 0.013128089718520641, -0.006633525714278221, -0.00829207245260477, 0.875598669052124, 0.48296797275543213, 0.01214875839650631, -0.4828609824180603, 0.8756129741668701),
            ["RightUpperLeg"] = CFrame.new(-0.000025451183319091797, -0.00012564659118652344, -0.004997552838176489, 0.8799954056739807, -0.3081871569156647, -0.3614262342453003, 0.27952268719673157, 0.9512251615524292, -0.13052938878536224, 0.38402506709098816, 0.013838384300470352, 0.9232189059257507),
            ["LeftLowerLeg"] = CFrame.new(-9.272480383515358e-08, -2.384185791015625e-07, -1.4901161193847656e-08, 0.9999545216560364, 0.0021705429535359144, -0.00929679349064827, 0.002014338970184326, 0.9039157032966614, 0.42770594358444214, 0.00933179259300232, -0.4277050793170929, 0.903870165348053),
        }},
        {Time = 0.100, Data = {
            ["LeftFoot"] = CFrame.new(-1.5459954738616943e-07, 5.21540641784668e-08, 9.313225746154785e-10, 0.98543381690979, -0.16985203325748444, -0.008395474404096603, 0.16849546134471893, 0.9685015082359314, 0.1833411455154419, -0.023010164499282837, -0.18208561837673187, 0.9830134510993958),
            ["LeftLowerArm"] = CFrame.new(1.1461088433861732e-07, -2.9802322387695312e-08, 0, 1, -1.1920928955078125e-07, -4.470348358154297e-08, 5.774199962615967e-08, 0.8410940170288086, -0.5408890247344971, 7.450580596923828e-09, 0.5408890247344971, 0.8410940170288086),
            ["RightUpperArm"] = CFrame.new(-5.960464477539063e-08, -1.4901161193847656e-07, 2.9802322387695312e-08, -0.0029668700881302357, -0.6862201690673828, 0.7273879051208496, 0.9674647450447083, -0.1859922558069229, -0.17151956260204315, 0.25298866629600525, 0.7032131552696228, 0.6644455790519714),
            ["Head"] = CFrame.new(4.470348358154297e-08, -5.960464477539063e-08, -1.043081283569336e-07, 0.9994531273841858, 0.008660872466862202, 0.031912729144096375, -0.01065065711736679, 0.9979745149612427, 0.06271801143884659, -0.03130493313074112, -0.06302348524332047, 0.9975210428237915),
            ["LowerTorso"] = CFrame.new(0.015961075201630592, -0.09288537502288818, 0.027057945728302002, 0.8909943103790283, -0.02267017588019371, 0.4534483253955841, 0.050829555839300156, 0.9974545240402222, -0.050008706748485565, -0.4511604309082031, 0.06760604679584503, 0.889878511428833),
            ["UpperTorso"] = CFrame.new(2.7939677238464355e-09, 2.9802322387695312e-08, 2.2351741790771484e-08, 0.9999071955680847, -0.011836502701044083, -0.0067586749792099, 0.01027562003582716, 0.9803980588912964, -0.19675885140895844, 0.008955121040344238, 0.19667111337184906, 0.9804286956787109),
            ["HumanoidRootPart"] = CFrame.new(0, 0, 0, 1, 0, 0, 0, 1, 0, 0, 0, 1),
            ["LeftUpperLeg"] = CFrame.new(0.000025466084480285645, 0.000125885009765625, 0.004997536540031433, 0.9734928607940674, 0.1574423611164093, -0.16590280830860138, -0.2129342257976532, 0.8886657357215881, -0.40611857175827026, 0.08349195867776871, 0.43067991733551025, 0.8986345529556274),
            ["LeftUpperArm"] = CFrame.new(1.1920928955078125e-07, -1.4901161193847656e-07, -2.9802322387695312e-08, 0.7481729388237, 0.44837892055511475, 0.4890742897987366, -0.39770564436912537, 0.8930725455284119, -0.21036118268966675, -0.5311002731323242, -0.03712107986211777, 0.846495509147644),
            ["RightLowerArm"] = CFrame.new(1.1350145712185622e-07, 1.1175870895385742e-07, 1.341104507446289e-07, 1, -1.601874828338623e-07, 1.2293457984924316e-07, 7.078051567077637e-08, -0.17166079580783844, -0.9851561188697815, 1.4901161193847656e-07, 0.9851561188697815, -0.17166081070899963),
            ["LeftHand"] = CFrame.new(1.862645149230957e-09, 2.5331974029541016e-07, 3.520399332046509e-07, 0.9703989028930664, -0.14882874488830566, -0.19019979238510132, 0.13445015251636505, 0.9871412515640259, -0.08646019548177719, 0.2006218135356903, 0.058328449726104736, 0.9779309034347534),
            ["RightFoot"] = CFrame.new(3.91155481338501e-08, 3.6135315895080566e-07, 3.818422555923462e-08, 0.969264566898346, 0.23483732342720032, -0.07333266735076904, -0.24267296493053436, 0.9616203904151917, -0.1280471235513687, 0.04044781252741814, 0.14190751314163208, 0.9890533089637756),
            ["RightHand"] = CFrame.new(-1.1920928955078125e-07, 1.043081283569336e-07, 2.3469328880310059e-07, 0.8790197372436523, 0.3892393112182617, -0.27534911036491394, -0.4388115108013153, 0.8863177299499512, -0.14793677628040314, 0.18646398186683655, 0.25086572766304016, 0.9498934149742126),
            ["RightLowerLeg"] = CFrame.new(-1.7695128917694092e-08, 0, -6.705522537231445e-08, 0.9999307990074158, 0.007692401297390461, -0.008902246132493019, -0.004858279135078192, 0.9590928554534912, 0.28304994106292725, 0.01071541104465723, -0.2829872667789459, 0.9590638875961304),
            ["RightUpperLeg"] = CFrame.new(-0.00002553313970565796, -0.00012540817260742188, -0.004997482988983393, 0.9113121032714844, -0.22356444597244263, -0.34572988748550415, 0.21280092000961304, 0.9746337532997131, -0.06931798160076141, 0.35245707631111145, -0.010401281528174877, 0.9357701539993286),
            ["LeftLowerLeg"] = CFrame.new(5.823676474392414e-08, 0, -8.940696716308594e-08, 0.9999535083770752, 0.0017034728080034256, -0.009489956311881542, 0.0015808641910552979, 0.9419808387756348, 0.3356630206108093, 0.0095110684633255, -0.3356623947620392, 0.9419344067573547),
        }},
        {Time = 0.150, Data = {
            ["LeftFoot"] = CFrame.new(3.818422555923462e-08, 5.960464477539063e-08, -7.450580596923828e-08, 0.9735919833183289, -0.19377155601978302, -0.12071095407009125, 0.21278482675552368, 0.9617879986763, 0.17229768633842468, 0.08271237462759018, -0.19343328475952148, 0.9776207804679871),
            ["LeftLowerArm"] = CFrame.new(-4.543107934296131e-08, 5.066394805908203e-07, 1.4901161193847656e-08, 1, -5.960465188081798e-08, -4.470348358154297e-08, 8.195638656616211e-08, 0.8354707360267639, -0.5495349764823914, 5.960464477539063e-08, 0.5495350360870361, 0.8354706764221191),
            ["RightUpperArm"] = CFrame.new(-8.940696716308594e-08, 1.2665987014770508e-07, 0, 0.48407095670700073, -0.5848358273506165, 0.6508781909942627, 0.8168909549713135, 0.5686472058296204, -0.09658942371606827, -0.31363123655319214, 0.5784525871276855, 0.7530126571655273),
            ["Head"] = CFrame.new(-1.862645149230957e-09, 0, -4.470348358154297e-08, 0.9987868666648865, 0.04921168088912964, 0.0017337107565253973, -0.04892750829458237, 0.9957626461982727, -0.07786411046981812, -0.005558282136917114, 0.0776849165558815, 0.9969624876976013),
            ["LowerTorso"] = CFrame.new(0.17107845842838287, -0.17801320552825928, 0.05658135190606117, 0.890623927116394, -0.14969095587730408, 0.4293970465660095, 0.09294886142015457, 0.9842566847801208, 0.15033133327960968, -0.44514015316963196, -0.0939767137169838, 0.890515923500061),
            ["UpperTorso"] = CFrame.new(-3.725290298461914e-09, -2.384185791015625e-07, -2.2351741790771484e-08, 0.9791690111160278, 0.03808561712503433, -0.1994432657957077, -0.05850616842508316, 0.9935128688812256, -0.09751586616039276, 0.1944355070590973, 0.10715316236019135, 0.9750451445579529),
            ["HumanoidRootPart"] = CFrame.new(0, 0, 0, 1, 0, 0, 0, 1, 0, 0, 0, 1),
            ["LeftUpperLeg"] = CFrame.new(0.000025406479835510254, 0.00012552738189697266, 0.004997462034225464, 0.9545746445655823, 0.2665829360485077, -0.13311974704265594, -0.2718982696533203, 0.5965271592140198, -0.7551333904266357, -0.1218961551785469, 0.7570263743400574, 0.6419132947921753),
            ["LeftUpperArm"] = CFrame.new(2.9802322387695312e-08, -8.940696716308594e-08, -3.725290298461914e-08, 0.8622027039527893, 0.28794997930526733, 0.4167631268501282, -0.24130460619926453, 0.9568502902984619, -0.16189421713352203, -0.44539734721183777, 0.03901872783899307, 0.894482433795929),
            ["RightLowerArm"] = CFrame.new(-5.388141488538167e-08, -1.043081283569336e-07, -1.7881393432617188e-07, 1, -1.1920930376163597e-07, 1.3783575525394554e-07, 7.450580596923828e-08, -0.5401232242584229, -0.8415859937667847, 1.6391277313232422e-07, 0.8415860533714294, -0.5401232242584229),
            ["LeftHand"] = CFrame.new(1.0617077350616455e-07, 1.341104507446289e-07, 3.166496753692627e-08, 0.9701322317123413, -0.15226393938064575, -0.18883635103702545, 0.136662095785141, 0.9862300157546997, -0.09313343465328217, 0.20041698217391968, 0.06454507261514664, 0.9775822162628174),
            ["RightFoot"] = CFrame.new(-4.563480615615845e-08, 4.284083843231201e-07, 3.91155481338501e-08, 0.9690597057342529, 0.16849960386753082, -0.18036426603794098, -0.2179219275712967, 0.9272024631500244, -0.30464044213294983, 0.11590228974819183, 0.33451998233795166, 0.9352341890335083),
            ["RightHand"] = CFrame.new(2.1606683731079102e-07, 0, 2.60770320892334e-08, 0.7341486811637878, 0.5635005235671997, -0.3788048326969147, -0.6433831453323364, 0.7556179165840149, -0.12288090586662292, 0.2169882357120514, 0.33392947912216187, 0.9172825217247009),
            ["RightLowerLeg"] = CFrame.new(-4.6100467443466187e-08, 1.043081283569336e-07, 2.9802322387695312e-08, 0.9998385310173035, 0.017621170729398727, -0.0035295034758746624, -0.011130280792713165, 0.7613769769668579, 0.6482140421867371, 0.014109570533037186, -0.6480699181556702, 0.7614500522613525),
            ["RightUpperLeg"] = CFrame.new(-0.000025510787963867188, -0.00012570619583129883, -0.00499744713306427, 0.9737704992294312, -0.15535441040992737, -0.16624100506305695, 0.06119143217802048, 0.8825145363807678, -0.466286838054657, 0.21914991736412048, 0.44388413429260254, 0.8688731789588928),
            ["LeftLowerLeg"] = CFrame.new(6.548361852765083e-08, 1.341104507446289e-07, 1.043081283569336e-07, 0.9999560117721558, 0.00275218253955245, -0.008973303250968456, 0.002554089529439807, 0.8401772975921631, 0.5423058271408081, 0.009031670168042183, -0.5423048138618469, 0.8401332497596741),
        }},
        {Time = 0.200, Data = {
            ["LeftFoot"] = CFrame.new(3.632158041000366e-08, 5.960464477539063e-08, 4.6566128730773926e-08, 0.970640242099762, -0.20213839411735535, -0.1303754299879074, 0.22647245228290558, 0.9506206512451172, 0.21220433712005615, 0.08104302734136581, -0.23550061881542206, 0.9684893488883972),
            ["LeftLowerArm"] = CFrame.new(-1.2069358490407467e-07, 2.384185791015625e-07, -2.9802322387695312e-08, 1, -8.940695295223122e-08, -2.2351741790771484e-08, 5.587935447692871e-08, 0.8301645517349243, -0.5575184226036072, 1.0477378964424133e-08, 0.5575183629989624, 0.8301646113395691),
            ["RightUpperArm"] = CFrame.new(-4.470348358154297e-08, 8.940696716308594e-08, 2.9802322387695312e-08, 0.5164483785629272, -0.11321282386779785, 0.8488015532493591, 0.6310797929763794, 0.7203131914138794, -0.28790169954299927, -0.5788086652755737, 0.6843477487564087, 0.44345083832740784),
            ["Head"] = CFrame.new(3.725290298461914e-09, 1.1920928955078125e-07, 0, 0.9964913725852966, 0.0808483213186264, -0.02164606750011444, -0.08288344740867615, 0.9891923069953918, -0.12095021456480026, 0.011633502319455147, 0.12232000380754471, 0.9924226403236389),
            ["LowerTorso"] = CFrame.new(0.21839378774166107, -0.22347915172576904, 0.06150367110967636, 0.8888482451438904, -0.17616428434848785, 0.42298343777656555, 0.09911496937274933, 0.9752033948898315, 0.1978750228881836, -0.4473533630371094, -0.13395684957504272, 0.8842684626579285),
            ["UpperTorso"] = CFrame.new(1.6763806343078613e-08, 8.940696716308594e-08, 4.842877388000488e-08, 0.9622458219528198, 0.0648907944560051, -0.2643338739871979, -0.08330142498016357, 0.994774341583252, -0.05903420224785805, 0.25912171602249146, 0.07882478833198547, 0.9626228213310242),
            ["HumanoidRootPart"] = CFrame.new(0, 0, 0, 1, 0, 0, 0, 1, 0, 0, 0, 1),
            ["LeftUpperLeg"] = CFrame.new(0.00002562999725341797, 0.00012573599815368652, 0.004997521638870239, 0.9458025097846985, 0.304596871137619, -0.1125987246632576, -0.263204962015152, 0.5159281492233276, -0.8151939511299133, -0.19021272659301758, 0.8006490468978882, 0.5681376457214355),
            ["LeftUpperArm"] = CFrame.new(1.1920928955078125e-07, 5.960464477539063e-08, 1.4901161193847656e-08, 0.9186099171638489, 0.202948659658432, 0.3390689492225647, -0.16412097215652466, 0.9764794111251831, -0.13983000814914703, -0.3594720959663391, 0.07280087471008301, 0.9303117990493774),
            ["RightLowerArm"] = CFrame.new(3.4450046371148346e-08, 2.384185791015625e-07, 7.450580596923828e-08, 1, -1.7974522847907792e-07, 8.940695295223122e-08, 1.3597308168300515e-07, -0.45348697900772095, -0.8912630081176758, 1.341104365337742e-07, 0.891262948513031, -0.4534868896007538),
            ["LeftHand"] = CFrame.new(-7.450580596923828e-09, 7.450580596923828e-08, 5.960464477539063e-08, 0.9699532985687256, -0.15450774133205414, -0.187931090593338, 0.1381104439496994, 0.9856061935424805, -0.09749910235404968, 0.20029039680957794, 0.06861434876918793, 0.9773309826850891),
            ["RightFoot"] = CFrame.new(9.499490261077881e-08, 3.5762786865234375e-07, -1.4901161193847656e-08, 0.9698484539985657, 0.16071303188800812, -0.18320848047733307, -0.21939492225646973, 0.9030745625495911, -0.3692183792591095, 0.10611261427402496, 0.3982810080051422, 0.9111050367355347),
            ["RightHand"] = CFrame.new(1.862645149230957e-07, 1.341104507446289e-07, 1.3783574104309082e-07, 0.704397976398468, 0.5893765091896057, -0.39554890990257263, -0.6748788952827454, 0.7287598848342896, -0.11596377938985825, 0.21991382539272308, 0.34863224625587463, 0.9110947251319885),
            ["RightLowerLeg"] = CFrame.new(-1.1315569281578064e-07, 1.1920928955078125e-07, 1.4901161193847656e-08, 0.9997938275337219, 0.020283034071326256, -0.0009294226765632629, -0.012811640277504921, 0.6657027006149292, 0.7461071014404297, 0.015752067789435387, -0.7459414601325989, 0.6658253073692322),
            ["RightUpperLeg"] = CFrame.new(-0.000025488436222076416, -0.00012537837028503418, -0.0049974024295806885, 0.9849494695663452, -0.13481532037258148, -0.10816347599029541, 0.049576107412576675, 0.8198533654212952, -0.5704230666160583, 0.16558004915714264, 0.5564757585525513, 0.8141978979110718),
            ["LeftLowerLeg"] = CFrame.new(3.8940925151109695e-08, 2.9802322387695312e-08, -4.470348358154297e-08, 0.9999557733535767, 0.002686501480638981, -0.009015013463795185, 0.002493232721462846, 0.8483873605728149, 0.5293701887130737, 0.009070397354662418, -0.5293692350387573, 0.8483431339263916),
        }},
        {Time = 0.250, Data = {
            ["LeftFoot"] = CFrame.new(-4.190951585769653e-08, 1.1920928955078125e-07, -2.514570951461792e-08, 0.9589404463768005, -0.16049730777740479, -0.23382440209388733, 0.20308272540569305, 0.9640949964523315, 0.17110909521579742, 0.19796660542488098, -0.21156913042068481, 0.957103967666626),
            ["LeftLowerArm"] = CFrame.new(1.1580414138734341e-07, 0, 8.940696716308594e-08, 1, -1.043081283569336e-07, -3.7252898543727042e-09, 6.891786341611805e-08, 0.8123500347137451, -0.5831701159477234, 7.450579886381092e-08, 0.5831702351570129, 0.8123500347137451),
            ["RightUpperArm"] = CFrame.new(-9.313225746154785e-08, -1.043081283569336e-07, 0, 0.21731486916542053, 0.19908058643341064, 0.9555842280387878, 0.7490440607070923, 0.5936986804008484, -0.29403215646743774, -0.6258653402328491, 0.7796722650527954, -0.020100614055991173),
            ["Head"] = CFrame.new(2.9802322387695312e-08, 0, -3.725290298461914e-08, 0.9900783896446228, 0.13369593024253845, -0.04324553906917572, -0.13662107288837433, 0.9878711104393005, -0.07379274070262909, 0.03285522013902664, 0.07896894216537476, 0.9963355660438538),
            ["LowerTorso"] = CFrame.new(0.1431836634874344, -0.2604929506778717, 0.061655305325984955, 0.8888482451438904, -0.17616428434848785, 0.42298343777656555, 0.09911496937274933, 0.9752033948898315, 0.1978750228881836, -0.4473533630371094, -0.13395684957504272, 0.8842684626579285),
            ["UpperTorso"] = CFrame.new(1.4901161193847656e-08, -2.9802322387695312e-08, 2.2351741790771484e-08, 0.9810589551925659, 0.0820559561252594, -0.1754712611436844, -0.09601721167564392, 0.992728590965271, -0.07260029762983322, 0.16823801398277283, 0.08807343989610672, 0.9818040132522583),
            ["HumanoidRootPart"] = CFrame.new(0, 0, 0, 1, 0, 0, 0, 1, 0, 0, 0, 1),
            ["LeftUpperLeg"] = CFrame.new(0.000025585293769836426, 0.0001252889633178711, 0.0049974918365478516, 0.9539870619773865, 0.2902377247810364, -0.07530449330806732, -0.21411609649658203, 0.4835773706436157, -0.8487090468406677, -0.20991191267967224, 0.825781524181366, 0.5234711766242981),
            ["LeftUpperArm"] = CFrame.new(-1.1920928955078125e-07, -2.9802322387695312e-08, 2.9802322387695312e-08, 0.9740705490112305, 0.11345545947551727, 0.19574075937271118, -0.15620176494121552, 0.9631264209747314, 0.2190631926059723, -0.16366922855377197, -0.2439580112695694, 0.9558749198913574),
            ["RightLowerArm"] = CFrame.new(2.647425674240367e-07, 4.470348358154297e-07, -2.086162567138672e-07, 1, -1.3411046495548362e-07, 6.658957119043407e-08, 1.434236764907837e-07, -0.20199105143547058, -0.9793874025344849, 1.4528632164001465e-07, 0.9793874621391296, -0.2019909769296646),
            ["LeftHand"] = CFrame.new(-3.91155481338501e-08, 2.086162567138672e-07, -1.2014061212539673e-07, 0.9695078134536743, -0.15989600121974945, -0.18570905923843384, 0.1416003257036209, 0.9840145707130432, -0.10800395905971527, 0.2000097632408142, 0.07841422408819199, 0.976651132106781),
            ["RightFoot"] = CFrame.new(-9.96515154838562e-08, 3.0547380447387695e-07, -7.450580596923828e-09, 0.9668562412261963, 0.2095475196838379, -0.14587347209453583, -0.2514418363571167, 0.8806821703910828, -0.40146735310554504, 0.044341590255498886, 0.4248398244380951, 0.904181957244873),
            ["RightHand"] = CFrame.new(-2.905726432800293e-07, 1.341104507446289e-07, 1.0803341865539551e-07, 0.7726395130157471, 0.5338106751441956, -0.34361952543258667, -0.5947575569152832, 0.7979421615600586, -0.09773355722427368, 0.22201737761497498, 0.2798830568790436, 0.9340094923973083),
            ["RightLowerLeg"] = CFrame.new(2.2817403078079224e-08, 0, 1.341104507446289e-07, 0.9997725486755371, 0.021326972171664238, 0.0003131181001663208, -0.013471098616719246, 0.6199832558631897, 0.7844994068145752, 0.01653687097132206, -0.7843251824378967, 0.6201295256614685),
            ["RightUpperLeg"] = CFrame.new(-0.000025540590286254883, -0.0001259148120880127, -0.0049974024295806885, 0.9735106825828552, -0.1969200074672699, -0.11618707329034805, 0.09300913661718369, 0.8052894473075867, -0.5855407118797302, 0.20886902511119843, 0.559224009513855, 0.8022733926773071),
            ["LeftLowerLeg"] = CFrame.new(-3.329478204250336e-08, -4.470348358154297e-08, -1.4901161193847656e-08, 0.9999565482139587, 0.0029346987139433622, -0.008849767036736012, 0.002723559970036149, 0.8158312439918518, 0.5782835483551025, 0.008916974999010563, -0.5782827138900757, 0.8157878518104553),
        }},
        {Time = 0.300, Data = {
            ["LeftFoot"] = CFrame.new(1.7229467630386353e-08, -5.21540641784668e-08, -1.3737007975578308e-08, 0.9613479375839233, -0.11675892025232315, -0.24935421347618103, 0.13190948963165283, 0.9902452826499939, 0.0448794849216938, 0.24168169498443604, -0.07603716105222702, 0.967371940612793),
            ["LeftLowerArm"] = CFrame.new(2.6659108698368073e-08, 2.384185791015625e-07, 1.341104507446289e-07, 1, -1.0244548320770264e-07, 1.4901161193847656e-08, 7.82310962677002e-08, 0.7987591028213501, -0.6016509532928467, 3.725290298461914e-08, 0.6016510128974915, 0.7987591028213501),
            ["RightUpperArm"] = CFrame.new(-1.564621925354004e-07, -1.2852251529693604e-07, 1.1920928955078125e-07, 0.11343362927436829, 0.3223905563354492, 0.9397857189178467, 0.8209202885627747, 0.502406895160675, -0.2714356482028961, -0.5596631169319153, 0.8022791147232056, -0.20766711235046387),
            ["Head"] = CFrame.new(7.450580596923828e-09, -5.364418029785156e-07, -4.842877388000488e-08, 0.9870645403862, 0.1538158655166626, -0.045215897262096405, -0.15510767698287964, 0.9875398874282837, -0.02658291719853878, 0.04056365415453911, 0.03325248137116432, 0.9986234903335571),
            ["LowerTorso"] = CFrame.new(0.07470936328172684, -0.3437347114086151, 0.03448551148176193, 0.9149462580680847, -0.13154171407222748, 0.3815367519855499, 0.07571522146463394, 0.9845523238182068, 0.1578730344772339, -0.3964098393917084, -0.11555719375610352, 0.9107720851898193),
            ["UpperTorso"] = CFrame.new(-2.60770320892334e-08, -4.76837158203125e-07, -7.450580596923828e-09, 0.9925834536552429, 0.09041504561901093, -0.0812603235244751, -0.09751482307910919, 0.9913250207901001, -0.08812324702739716, 0.072587750852108, 0.09539375454187393, 0.992789626121521),
            ["HumanoidRootPart"] = CFrame.new(0, 0, 0, 1, 0, 0, 0, 1, 0, 0, 0, 1),
            ["LeftUpperLeg"] = CFrame.new(0.000025406479835510254, 0.00012490153312683105, 0.004997432231903076, 0.950520396232605, 0.3084929287433624, -0.036647628992795944, -0.16240882873535156, 0.39288362860679626, -0.905133068561554, -0.2648288607597351, 0.8662993311882019, 0.4235459566116333),
            ["LeftUpperArm"] = CFrame.new(-2.9802322387695312e-08, -1.7881393432617188e-07, 1.4901161193847656e-08, 0.9844980835914612, 0.09632191807031631, 0.14657984673976898, -0.15252482891082764, 0.8827879428863525, 0.4443216621875763, -0.08660094439983368, -0.4597908556461334, 0.8837945461273193),
            ["RightLowerArm"] = CFrame.new(2.4375589191549807e-07, 1.862645149230957e-07, -1.6391277313232422e-07, 1, -1.30385160446167e-07, 6.891787052154541e-08, 1.341104507446289e-07, 0.3747885823249817, -0.9271103143692017, 5.960464477539063e-08, 0.9271103739738464, 0.3747885823249817),
            ["LeftHand"] = CFrame.new(-1.8067657947540283e-07, -2.9802322387695312e-08, -1.862645149230957e-09, 0.969243049621582, -0.16297927498817444, -0.18440675735473633, 0.14360488951206207, 0.9830438494682312, -0.11402900516986847, 0.1998642235994339, 0.08404011279344559, 0.9762128591537476),
            ["RightFoot"] = CFrame.new(-1.1082738637924194e-07, 2.868473529815674e-07, 3.3527612686157227e-08, 0.9617636799812317, 0.25675302743911743, -0.09533488005399704, -0.2700642943382263, 0.8311439156532288, -0.48607081174850464, -0.04556354880332947, 0.49323198199272156, 0.8687039017677307),
            ["RightHand"] = CFrame.new(-1.7136335372924805e-07, 4.470348358154297e-08, 8.754432201385498e-08, 0.8355132341384888, 0.4663366377353668, -0.2905992269515991, -0.5051907896995544, 0.8599585890769958, -0.07248255610466003, 0.21610206365585327, 0.2073681652545929, 0.9540956020355225),
            ["RightLowerLeg"] = CFrame.new(-7.916241884231567e-09, 9.685754776000977e-08, -1.1920928955078125e-07, 0.9996984601020813, 0.024117005988955498, 0.004625070374459028, -0.01523330807685852, 0.46132799983024597, 0.8870988488197327, 0.019260495901107788, -0.8869017958641052, 0.4615563452243805),
            ["RightUpperLeg"] = CFrame.new(-0.000025510787963867188, -0.0001259148120880127, -0.0049974024295806885, 0.9620301127433777, -0.26797518134117126, -0.05183858796954155, 0.1760602444410324, 0.7543870806694031, -0.6323789954185486, 0.2085685431957245, 0.5992408990859985, 0.7729227542877197),
            ["LeftLowerLeg"] = CFrame.new(4.889443516731262e-09, 2.086162567138672e-07, -8.940696716308594e-08, 0.9999621510505676, 0.0041231256909668446, -0.007668272126466036, 0.003826349973678589, 0.5830169320106506, 0.812451183795929, 0.007820546627044678, -0.8124496340751648, 0.5829787850379944),
        }},
        {Time = 0.350, Data = {
            ["LeftFoot"] = CFrame.new(-3.7602148950099945e-08, 5.960464477539063e-08, -3.3993273973464966e-08, 0.9785653352737427, -0.0355239100754261, -0.2028491199016571, 0.009270468726754189, 0.9916099905967712, -0.1289331018924713, 0.20572800934314728, 0.12428917735815048, 0.9706846475601196),
            ["LeftLowerArm"] = CFrame.new(-6.382470019161701e-08, 2.980232238769531e-07, 0, 1, -1.4156104555240745e-07, -4.4703490686970326e-08, 6.146728992462158e-08, 0.7587848901748657, -0.651341438293457, 6.705522537231445e-08, 0.6513413786888123, 0.7587848901748657),
            ["RightUpperArm"] = CFrame.new(-0.25434717535972595, -0.10099825263023376, -0.12427273392677307, 0.41900911927223206, 0.7955465912818909, 0.43764936923980713, 0.391261488199234, 0.27675727009773254, -0.8776786923408508, -0.8193569779396057, 0.53899085521698, -0.19530296325683594),
            ["Head"] = CFrame.new(1.4901161193847656e-08, -2.682209014892578e-07, -5.21540641784668e-08, 0.9821316599845886, 0.1819046437740326, -0.04825129359960556, -0.17763535678386688, 0.980711817741394, 0.08154784142971039, 0.06215453892946243, -0.07151946425437927, 0.9955007433891296),
            ["LowerTorso"] = CFrame.new(-0.1259855329990387, -0.39893168210983276, 0.010354166850447655, 0.9774069786071777, 0.009061500430107117, 0.2111717164516449, -0.012172629125416279, 0.9998356103897095, 0.013437415473163128, -0.2110152393579483, -0.015704337507486343, 0.9773566126823425),
            ["UpperTorso"] = CFrame.new(3.725290298461914e-09, 5.960464477539063e-08, -7.450580596923828e-09, 0.9847983717918396, 0.10670823603868484, 0.13706019520759583, -0.0899055153131485, 0.9882717132568359, -0.12343429028987885, -0.1486242115497589, 0.10923542082309723, 0.9828420877456665),
            ["HumanoidRootPart"] = CFrame.new(0, 0, 0, 1, 0, 0, 0, 1, 0, 0, 0, 1),
            ["LeftUpperLeg"] = CFrame.new(0.00002549588680267334, 0.0001258254051208496, 0.004997462034225464, 0.910744309425354, 0.36989322304725647, 0.18363997340202332, -0.03132458031177521, 0.5052751898765564, -0.8623895645141602, -0.4117808938026428, 0.7796640992164612, 0.4717634320259094),
            ["LeftUpperArm"] = CFrame.new(2.9802322387695312e-08, -1.1920928955078125e-07, 0, 0.9642719626426697, 0.06836305558681488, 0.2559416592121124, -0.18074315786361694, 0.8761119246482849, 0.4469451308250427, -0.19367896020412445, -0.47723644971847534, 0.8571662306785583),
            ["RightLowerArm"] = CFrame.new(6.407003638742026e-08, 7.450580596923828e-08, 8.568167686462402e-08, 1, 2.9569491744041443e-08, -5.2154071283894154e-08, -1.862645326866641e-08, 0.9904201626777649, -0.13808684051036835, 8.568168397005138e-08, 0.13808678090572357, 0.9904202222824097),
            ["LeftHand"] = CFrame.new(5.587935447692871e-09, -1.043081283569336e-07, 7.450580596923828e-08, 0.9686334729194641, -0.16977185010910034, -0.18145757913589478, 0.14804069697856903, 0.980749249458313, -0.1273382008075714, 0.1995827853679657, 0.09648103266954422, 0.9751195311546326),
            ["RightFoot"] = CFrame.new(5.21540641784668e-08, 3.0547380447387695e-07, 3.725290298461914e-09, 0.9231767058372498, 0.38437435030937195, -0.0011415426852181554, -0.33598241209983826, 0.8055011034011841, -0.48814332485198975, -0.18671011924743652, 0.4510260224342346, 0.8727627992630005),
            ["RightHand"] = CFrame.new(1.0803341865539551e-07, 5.960464477539063e-08, 7.264316082000732e-08, 0.9441704750061035, 0.27833569049835205, -0.17627085745334625, -0.2813388705253601, 0.9595731496810913, 0.008234843611717224, 0.17143681645393372, 0.04181675240397453, 0.9843072295188904),
            ["RightLowerLeg"] = CFrame.new(-1.257285475730896e-07, 1.043081283569336e-07, 0, 0.9996673464775085, 0.02497580088675022, 0.006436108611524105, -0.015775738283991814, 0.39469218254089355, 0.9186779260635376, 0.02040438912808895, -0.9184738993644714, 0.3949549198150635),
            ["RightUpperLeg"] = CFrame.new(-0.000025525689125061035, -0.0001259148120880127, -0.004997521638870239, 0.9045960307121277, -0.3855348527431488, 0.18184831738471985, 0.4172797203063965, 0.7137437462806702, -0.5625365376472473, 0.0870843380689621, 0.5847501754760742, 0.8065258860588074),
            ["LeftLowerLeg"] = CFrame.new(7.578637450933456e-08, -9.685754776000977e-08, -2.086162567138672e-07, 0.9999687075614929, 0.0048311129212379456, -0.006263462360948324, 0.004483466502279043, 0.30618205666542053, 0.9519624710083008, 0.006516723893582821, -0.9519608020782471, 0.30615100264549255),
        }},
        {Time = 0.400, Data = {
            ["LeftFoot"] = CFrame.new(5.343463271856308e-08, 0, 9.778887033462524e-09, 0.9890729188919067, 0.03503802791237831, -0.14320319890975952, -0.0472220741212368, 0.9954643249511719, -0.08258837461471558, 0.1396598517894745, 0.08844831585884094, 0.986241340637207),
            ["LeftLowerArm"] = CFrame.new(5.870242603123188e-08, -2.5331974029541016e-07, -5.960464477539063e-08, 1, -1.6391277313232422e-07, -4.470348358154297e-08, 8.568167686462402e-08, 0.7306782603263855, -0.6827219724655151, 7.171183824539185e-08, 0.6827219724655151, 0.7306783199310303),
            ["RightUpperArm"] = CFrame.new(-0.16751164197921753, -0.05722265690565109, -0.08946371078491211, 0.42830410599708557, 0.7628358602523804, 0.48439347743988037, 0.361247181892395, 0.34680694341659546, -0.8655781745910645, -0.8282850980758667, 0.545716404914856, -0.12703347206115723),
            ["Head"] = CFrame.new(4.470348358154297e-08, -1.4901161193847656e-07, -5.587935447692871e-08, 0.9799813628196716, 0.19080354273319244, -0.05683894455432892, -0.18229332566261292, 0.9747313857078552, 0.12910430133342743, 0.0800362080335617, -0.11615832149982452, 0.9900007247924805),
            ["LowerTorso"] = CFrame.new(-0.25166425108909607, -0.39693886041641235, 0.01875416189432144, 0.9873530268669128, 0.03866494819521904, 0.15375061333179474, -0.033595774322748184, 0.9988071918487549, -0.03543366491794586, -0.1549372673034668, 0.029820159077644348, 0.987474262714386),
            ["UpperTorso"] = CFrame.new(7.450580596923828e-09, 2.980232238769531e-07, 1.1175870895385742e-08, 0.9665387272834778, 0.11349747329950333, 0.23004595935344696, -0.08308067917823792, 0.9869595170021057, -0.13787129521369934, -0.24269409477710724, 0.11414553970098495, 0.9633641242980957),
            ["HumanoidRootPart"] = CFrame.new(0, 0, 0, 1, 0, 0, 0, 1, 0, 0, 0, 1),
            ["LeftUpperLeg"] = CFrame.new(0.0000254213809967041, 0.00012597441673278809, 0.004997462034225464, 0.901626467704773, 0.35771045088768005, 0.24313175678253174, 0.025822235271334648, 0.5166119337081909, -0.8558302521705627, -0.4317443072795868, 0.7779173254966736, 0.4565540850162506),
            ["LeftUpperArm"] = CFrame.new(0, 2.086162567138672e-07, -8.940696716308594e-08, 0.871208667755127, 0.05615866929292679, 0.4876900613307953, -0.20263619720935822, 0.9459923505783081, 0.25305575132369995, -0.4471397399902344, -0.319288045167923, 0.8355364203453064),
            ["RightLowerArm"] = CFrame.new(-3.554674776751199e-09, 2.2351741790771484e-07, 2.183951437473297e-07, 1, 7.450581485102248e-09, -2.2351745343485163e-08, -2.2351745343485163e-08, 0.9995290637016296, -0.030689220875501633, 1.1175872671742582e-08, 0.030689220875501633, 0.9995290040969849),
            ["LeftHand"] = CFrame.new(2.9802322387695312e-08, 1.1920928955078125e-07, 4.470348358154297e-08, 0.9682910442352295, -0.17342038452625275, -0.17982721328735352, 0.15043456852436066, 0.9794269800186157, -0.13450780510902405, 0.19945408403873444, 0.10319037735462189, 0.9744588136672974),
            ["RightFoot"] = CFrame.new(-9.12696123123169e-08, 3.46451997756958e-07, 1.862645149230957e-09, 0.8897268772125244, 0.4562278985977173, -0.015577713958919048, -0.41685307025909424, 0.7980838418006897, -0.435080885887146, -0.1860637664794922, 0.393596887588501, 0.9002565741539001),
