return {
    ["Down The Drain"] = {
        {Time = 0.000, Data = {
            ["LeftFoot"] = CFrame.new(-5.587935447692871e-09, 0, 4.842877388000488e-08, 0.9980337023735046, -0.03723042830824852, 0.0504264310002327, 0.05806346237659454, 0.8521856069564819, -0.5200079679489136, -0.02361251413822174, 0.5219133496284485, 0.8526715636253357),
            ["LeftLowerArm"] = CFrame.new(-2.980232238769531e-07, 2.384185791015625e-07, 1.1920928955078125e-07, 1, -1.4156103134155273e-07, 5.960465188081798e-08, 7.078052988163108e-08, -0.3258930742740631, -0.9454066753387451, -1.4901164746561335e-08, 0.9454066753387451, -0.3258931338787079),
            ["RightUpperArm"] = CFrame.new(2.384185791015625e-07, -4.76837158203125e-07, -4.470348358154297e-08, 0.9668872952461243, -0.1477673202753067, 0.20807163417339325, 0.05486442521214485, 0.9166086316108704, 0.39600324630737305, -0.24923662841320038, -0.371474951505661, 0.8943644165992737),
            ["Head"] = CFrame.new(5.960464477539063e-08, -4.76837158203125e-07, -1.1920928955078125e-07, 0.9377481341362, -0.13306131958961487, -0.3208165466785431, 0.008796452544629574, 0.9325042963027954, -0.36105164885520935, 0.34720492362976074, 0.3357536196708679, 0.8756245970726013),
            ["RightHand"] = CFrame.new(5.960464477539063e-08, -2.384185791015625e-07, 2.9802322387695312e-08, 0.973901093006134, 0.2144482284784317, -0.07435531914234161, -0.22628618776798248, 0.9428405165672302, -0.24463564157485962, 0.017643585801124573, 0.25507625937461853, 0.9667599201202393),
            ["UpperTorso"] = CFrame.new(0, -2.086162567138672e-07, 1.30385160446167e-08, 0.9717549681663513, 0.19983676075935364, -0.1255297064781189, -0.11824114620685577, 0.8726308345794678, 0.47385066747665405, 0.20423388481140137, -0.4456239938735962, 0.8716121912002563),
            ["HumanoidRootPart"] = CFrame.new(0, 0, 0, 1, 0, 0, 0, 1, 0, 0, 0, 1),
            ["LeftUpperLeg"] = CFrame.new(5.960464477539063e-08, -7.078051567077637e-08, 0, 0.8666694760322571, 0.2004762887954712, 0.4568294286727905, -0.18400336802005768, 0.9795982837677002, -0.08080928027629852, -0.46370986104011536, -0.014023233205080032, 0.8858762979507446),
            ["LeftUpperArm"] = CFrame.new(0, -5.960464477539062e-07, -1.1175870895385742e-08, 0.16767732799053192, 0.9854608774185181, -0.027408789843320847, -0.9503899812698364, 0.16897380352020264, 0.26116397976875305, 0.26199841499328613, -0.017742274329066277, 0.964905321598053),
            ["RightLowerArm"] = CFrame.new(1.1920928955078125e-07, 1.1920928955078125e-07, 2.980232238769531e-07, 1, -1.4901164746561335e-08, -4.4703462265260896e-08, 7.450581485102248e-09, 0.987321138381958, -0.15873579680919647, -2.980232594040899e-08, 0.158735990524292, 0.987321138381958),
            ["LeftHand"] = CFrame.new(1.4901161193847656e-08, 0, -1.564621925354004e-07, 0.2899821400642395, -0.3406893312931061, 0.8943383693695068, 0.4995345175266266, 0.850973904132843, 0.1622001677751541, -0.8163183927536011, 0.399717777967453, 0.41695335507392883),
            ["RightFoot"] = CFrame.new(1.2747477740049362e-08, 2.980232238769531e-07, 1.8109858501702547e-08, 0.9933586716651917, 0.05074223130941391, 0.10326629877090454, -0.03716248273849487, 0.9908934831619263, -0.129418283700943, -0.10889283567667007, 0.12472137063741684, 0.9861982464790344),
            ["LowerTorso"] = CFrame.new(-0.0007085204124450684, -0.15184533596038818, -0.33719509840011597, 0.6919708847999573, -0.10220949351787567, -0.714653491973877, 0.014057849533855915, 0.9916470050811768, -0.12821336090564728, 0.7217885851860046, 0.07867341488599777, 0.6876276731491089),
            ["RightLowerLeg"] = CFrame.new(-4.470348358154297e-08, 1.7881393432617188e-07, 1.2835516827180982e-07, 1, -1.0244549741855735e-07, -2.1606686573250045e-07, 8.940695295223122e-08, 0.7440463304519653, 0.6681275963783264, -6.70552182668871e-08, -0.6681279540061951, 0.744046688079834),
            ["RightUpperLeg"] = CFrame.new(-5.960464477539063e-08, -3.3760443329811096e-09, -1.0414078133180737e-07, 0.9882349371910095, -0.152227520942688, -0.014788183383643627, 0.1310621201992035, 0.8927154541015625, -0.4311401844024658, 0.07883303612470627, 0.42412957549095154, 0.9021638631820679),
            ["LeftLowerLeg"] = CFrame.new(-7.450580596923828e-09, -5.960464477539063e-08, 1.4156103134155273e-07, 1, 8.195639367158947e-08, 2.2351745343485163e-08, -5.960463766996327e-08, 0.7014601826667786, 0.712708592414856, 5.4016702222270396e-08, -0.7127086520195007, 0.7014601826667786),
        }},
        {Time = 0.017, Data = {
            ["LeftFoot"] = CFrame.new(-6.705522537231445e-08, 0, -7.450580596923828e-09, 0.9979888796806335, -0.04155672714114189, 0.047868818044662476, 0.06044398248195648, 0.8513936400413513, -0.5210327506065369, -0.01910286955535412, 0.5228785276412964, 0.8521933555603027),
            ["LeftLowerArm"] = CFrame.new(1.4901161193847656e-07, -2.384185791015625e-07, 2.9802322387695312e-08, 1, -1.3783569841052667e-07, 1.415610029198433e-07, 1.0430815677864302e-07, -0.3730064928531647, -0.9278287291526794, 1.0430815677864302e-07, 0.9278286695480347, -0.3730064034461975),
            ["RightUpperArm"] = CFrame.new(2.384185791015625e-07, -2.384185791015625e-07, 0, 0.9742032885551453, -0.1146523654460907, 0.19437803328037262, 0.03219801187515259, 0.923133373260498, 0.3831295967102051, -0.22336338460445404, -0.36698752641677856, 0.9030110239982605),
            ["Head"] = CFrame.new(-2.9802322387695312e-08, -1.1920928955078125e-07, 7.450580596923828e-08, 0.934451699256897, -0.1279582381248474, -0.3323051929473877, 0.013972749002277851, 0.9456631541252136, -0.3248474895954132, 0.35581570863723755, 0.2989111542701721, 0.8854644894599915),
            ["RightHand"] = CFrame.new(5.960464477539063e-08, -1.1920928955078125e-07, -1.4901161193847656e-07, 0.9743147492408752, 0.2181440144777298, -0.055893879383802414, -0.22518132627010345, 0.9415009617805481, -0.25073719024658203, -0.002072751522064209, 0.2568833827972412, 0.9664402604103088),
            ["UpperTorso"] = CFrame.new(1.862645149230957e-09, 5.960464477539063e-08, 0, 0.9707542657852173, 0.206070214509964, -0.12317187339067459, -0.13294276595115662, 0.8886275887489319, 0.4389389157295227, 0.1999061405658722, -0.40972700715065, 0.890034556388855),
            ["HumanoidRootPart"] = CFrame.new(0, 0, 0, 1, 0, 0, 0, 1, 0, 0, 0, 1),
            ["LeftUpperLeg"] = CFrame.new(-5.960464477539063e-08, -2.4586915969848633e-07, -7.450580596923828e-08, 0.8613272905349731, 0.20743003487586975, 0.4637761116027832, -0.19888070225715637, 0.9776678085327148, -0.067912757396698, -0.46750608086586, -0.03374108299612999, 0.8833456039428711),
            ["LeftUpperArm"] = CFrame.new(1.1920928955078125e-07, -1.1920928955078125e-07, 1.4901161193847656e-07, 0.26314860582351685, 0.9630534648895264, -0.057279087603092194, -0.9615444540977478, 0.2666499614715576, 0.06580395996570587, 0.07864616066217422, 0.037760186940431595, 0.9961872100830078),
            ["RightLowerArm"] = CFrame.new(0, -2.980232238769531e-07, -5.960464477539063e-08, 1, -2.9802315282267955e-08, -8.195640788244418e-08, 0, 0.9958781003952026, -0.09070224314928055, -1.4901166522918174e-08, 0.09070209413766861, 0.9958781003952026),
            ["LeftHand"] = CFrame.new(0, 0, 8.940696716308594e-08, 0.2799951434135437, -0.33872848749160767, 0.8982570767402649, 0.4760569930076599, 0.8615235686302185, 0.17648504674434662, -0.8336501121520996, 0.37820670008659363, 0.40247642993927),
            ["RightFoot"] = CFrame.new(1.0128132998943329e-08, 2.980232238769531e-07, 4.244066076353192e-08, 0.9931381344795227, 0.041036758571863174, 0.10951172560453415, -0.026486683636903763, 0.9910082817077637, -0.1311524659395218, -0.11390918493270874, 0.12735207378864288, 0.9852949976921082),
            ["LowerTorso"] = CFrame.new(0.015699222683906555, -0.14665734767913818, -0.34497418999671936, 0.6891229748725891, -0.10681309551000595, -0.7167290449142456, 0.02126615308225155, 0.9916319251060486, -0.12733440101146698, 0.724332332611084, 0.07250700145959854, 0.685627818107605),
            ["RightLowerLeg"] = CFrame.new(-1.4901161193847656e-08, 1.1920928955078125e-07, 4.639878170564771e-08, 1, -1.1548398504146462e-07, -8.009376983864058e-08, 6.705522537231445e-08, 0.7531939148902893, 0.6577985882759094, -8.940696716308594e-08, -0.6577985882759094, 0.7531940340995789),
            ["RightUpperLeg"] = CFrame.new(-2.9802322387695312e-08, 5.75091689825058e-08, -3.5579432733356953e-09, 0.9891778826713562, -0.14368870854377747, -0.029676763340830803, 0.11836940050125122, 0.9010517001152039, -0.41724640130996704, 0.08669405430555344, 0.4092179238796234, 0.9083086848258972),
            ["LeftLowerLeg"] = CFrame.new(7.450580596923828e-09, -1.1920928955078125e-07, -1.4901161193847656e-08, 1, 5.21540641784668e-08, 6.705524668859653e-08, -6.332992796842518e-08, 0.7143362164497375, 0.6998030543327332, -3.7252898543727042e-09, -0.6998027563095093, 0.7143359184265137),
        }},
        {Time = 0.033, Data = {
            ["LeftFoot"] = CFrame.new(-1.1175870895385742e-08, -2.384185791015625e-07, 1.4901161193847656e-08, 0.9972447156906128, -0.053248338401317596, 0.051650308072566986, 0.07212154567241669, 0.8589269518852234, -0.5069937109947205, -0.017367275431752205, 0.5093221664428711, 0.860400915145874),
            ["LeftLowerArm"] = CFrame.new(2.086162567138672e-07, -3.5762786865234375e-07, 2.9802322387695312e-08, 1, -9.289941260703927e-08, 1.154839708306099e-07, 6.51925802230835e-08, -0.414924681186676, -0.9098557233810425, 5.029141902923584e-08, 0.9098557233810425, -0.4149248003959656),
            ["RightUpperArm"] = CFrame.new(0, 3.5762786865234375e-07, -8.940696716308594e-08, 0.985454261302948, -0.07892392575740814, 0.15050262212753296, 0.013830853626132011, 0.9199252128601074, 0.39185017347335815, -0.16937725245952606, -0.38406872749328613, 0.9076356887817383),
            ["Head"] = CFrame.new(0, 1.1920928955078125e-07, -7.450580596923828e-08, 0.935960054397583, -0.10775137692689896, -0.3352140486240387, 0.01868361607193947, 0.9658823609352112, -0.2583065927028656, 0.3516102135181427, 0.2355017066001892, 0.9060404300689697),
            ["RightHand"] = CFrame.new(-8.940696716308594e-08, 1.1920928955078125e-07, -1.4901161193847656e-07, 0.9741255044937134, 0.2255801409482956, -0.013903405517339706, -0.22240695357322693, 0.9458505511283875, -0.23643586039543152, -0.04018476977944374, 0.23341026902198792, 0.9715476632118225),
            ["UpperTorso"] = CFrame.new(-1.7695128917694092e-08, -5.960464477539063e-08, -5.122274160385132e-09, 0.9727039933204651, 0.1923091858625412, -0.12986202538013458, -0.12740592658519745, 0.9103325009346008, 0.3937798738479614, 0.19394509494304657, -0.3664860129356384, 0.909985363483429),
            ["HumanoidRootPart"] = CFrame.new(0, 0, 0, 1, 0, 0, 0, 1, 0, 0, 0, 1),
            ["LeftUpperLeg"] = CFrame.new(-5.960464477539063e-08, -1.4901161193847656e-08, -8.940696716308594e-08, 0.8608487844467163, 0.19896291196346283, 0.4683516025543213, -0.20885856449604034, 0.9774435758590698, -0.03134261071681976, -0.4640231430530548, -0.07083804160356522, 0.8829861879348755),
            ["LeftUpperArm"] = CFrame.new(5.960464477539063e-08, 4.76837158203125e-07, -5.960464477539063e-08, 0.38271310925483704, 0.9224832057952881, -0.05055060610175133, -0.9150158166885376, 0.3709225654602051, -0.15862703323364258, -0.12758029997348785, 0.10696331411600113, 0.9860436916351318),
            ["RightLowerArm"] = CFrame.new(-2.9802322387695312e-08, 0, 5.960464477539063e-08, 1, -2.9802318834981634e-08, 7.450577044210149e-09, 5.960464477539063e-08, 0.9991021156311035, -0.04236678406596184, -3.725290298461914e-08, 0.04236660525202751, 0.9991021156311035),
            ["LeftHand"] = CFrame.new(-4.163011908531189e-07, -5.960464477539063e-08, -3.3527612686157227e-08, 0.1643056571483612, -0.30935153365135193, 0.9366458058357239, 0.42874157428741455, 0.8775622844696045, 0.2146281599998474, -0.8883604407310486, 0.3663141131401062, 0.2768200933933258),
            ["RightFoot"] = CFrame.new(5.704350769519806e-08, 2.980232238769531e-07, -2.9853254090994596e-08, 0.9938739538192749, 0.03873571380972862, 0.10350941121578217, -0.02508719265460968, 0.9911906123161316, -0.13004525005817413, -0.10763489454984665, 0.1266520768404007, 0.986090362071991),
            ["LowerTorso"] = CFrame.new(0.03400623798370361, -0.13673186302185059, -0.35429269075393677, 0.6857815980911255, -0.10937729477882385, -0.7195416688919067, 0.021338261663913727, 0.9912396669387817, -0.13034090399742126, 0.727494478225708, 0.07403164356946945, 0.6821078658103943),
            ["RightLowerLeg"] = CFrame.new(-1.043081283569336e-07, 3.5762786865234375e-07, 4.639878170564771e-08, 1, -1.0058283805847168e-07, -1.8440194082813832e-07, 1.1920928955078125e-07, 0.764371395111084, 0.6447761654853821, -3.725290298461914e-08, -0.6447763442993164, 0.7643715739250183),
            ["RightUpperLeg"] = CFrame.new(0, -7.28759914636612e-08, 4.533649189397693e-08, 0.9904772043228149, -0.13548490405082703, -0.024472976103425026, 0.11485020071268082, 0.9111217260360718, -0.3958115875720978, 0.0759243294596672, 0.3892315626144409, 0.9180055856704712),
            ["LeftLowerLeg"] = CFrame.new(2.9802322387695312e-08, -2.384185791015625e-07, -3.725290298461914e-08, 1, 2.9802322387695312e-08, 2.980233659855003e-08, -5.587936158235607e-08, 0.7475032210350037, 0.6642584800720215, 1.862645326866641e-08, -0.6642581820487976, 0.7475030422210693),
        }},
        {Time = 0.050, Data = {
            ["LeftFoot"] = CFrame.new(-8.195638656616211e-08, -5.960464477539063e-08, 3.725290298461914e-08, 0.9964539408683777, -0.05515595152974129, 0.0635417029261589, 0.07923859357833862, 0.8691446185112, -0.48816901445388794, -0.028301551938056946, 0.49147289991378784, 0.8704329133033752),
            ["LeftLowerArm"] = CFrame.new(-1.7881393432617188e-07, -1.1920928955078125e-07, 0, 1, -1.8812713165061723e-07, 1.1781231989971275e-07, 5.960464477539063e-08, -0.43974053859710693, -0.8981249332427979, 5.960464477539063e-08, 0.8981248140335083, -0.4397405683994293),
            ["RightUpperArm"] = CFrame.new(2.384185791015625e-07, -1.1920928955078125e-07, 0, 0.9906439781188965, -0.050700969994068146, 0.12670345604419708, -0.006326795555651188, 0.9103666543960571, 0.4137542247772217, -0.13632449507713318, -0.4106847643852234, 0.9015285968780518),
            ["Head"] = CFrame.new(1.4901161193847656e-08, 0, 2.9802322387695312e-08, 0.9391582608222961, -0.07762033492326736, -0.33459946513175964, 0.022669633850455284, 0.9860153198242188, -0.16510607302188873, 0.34273582696914673, 0.14747558534145355, 0.9277840852737427),
            ["RightHand"] = CFrame.new(5.960464477539063e-08, 1.7881393432617188e-07, 5.960464477539063e-08, 0.972548246383667, 0.23267389833927155, 0.0035744537599384785, -0.22627803683280945, 0.9491746425628662, -0.2187822461128235, -0.05429720878601074, 0.21196763217449188, 0.9757672548294067),
            ["UpperTorso"] = CFrame.new(5.774199962615967e-08, 1.4901161193847656e-07, -1.5832483768463135e-08, 0.975689709186554, 0.16929563879966736, -0.13917139172554016, -0.11481605470180511, 0.935773491859436, 0.3333844840526581, 0.18667325377464294, -0.30930066108703613, 0.9324624538421631),
            ["HumanoidRootPart"] = CFrame.new(0, 0, 0, 1, 0, 0, 0, 1, 0, 0, 0, 1),
            ["LeftUpperLeg"] = CFrame.new(5.960464477539063e-08, 9.499490261077881e-08, -8.940696716308594e-08, 0.8634157776832581, 0.17954890429973602, 0.4714609384536743, -0.2056884914636612, 0.9786093831062317, 0.004001401364803314, -0.46065762639045715, -0.10042893886566162, 0.8818779587745667),
            ["LeftUpperArm"] = CFrame.new(1.1920928955078125e-07, -2.384185791015625e-07, 1.1920928955078125e-07, 0.5080356001853943, 0.8613246083259583, 0.004446825012564659, -0.7898191213607788, 0.4679068326950073, -0.39654627442359924, -0.34363576769828796, 0.19794736802577972, 0.9180039763450623),
            ["RightLowerArm"] = CFrame.new(-1.4901161193847656e-07, 4.76837158203125e-07, 0, 1, 5.21540641784668e-08, -8.195639367158947e-08, 6.705523958316917e-08, 0.9999867677688599, -0.0051550124771893024, -5.960465898624534e-08, 0.005154997110366821, 0.9999867081642151),
            ["LeftHand"] = CFrame.new(3.641471266746521e-07, 5.960464477539063e-08, 2.9453076422214508e-08, 0.05460790917277336, -0.2870236337184906, 0.9563657641410828, 0.3884439468383789, 0.8884536027908325, 0.2444620281457901, -0.9198529124259949, 0.3581450283527374, 0.16000910103321075),
            ["RightFoot"] = CFrame.new(-5.3318217396736145e-08, 1.7881393432617188e-07, 7.596827344968915e-08, 0.9953780174255371, 0.036409568041563034, 0.08886554837226868, -0.025010816752910614, 0.9916937351226807, -0.1261667013168335, -0.09272106736898422, 0.12336117774248123, 0.9880207180976868),
            ["LowerTorso"] = CFrame.new(0.04926502704620361, -0.1256505250930786, -0.3617899715900421, 0.679304838180542, -0.1020352691411972, -0.726728081703186, 0.017291076481342316, 0.9922373294830322, -0.12315099686384201, 0.7336524724960327, 0.07109116017818451, 0.6757959127426147),
            ["RightLowerLeg"] = CFrame.new(2.9802322387695312e-08, 1.7881393432617188e-07, 5.3849362302571535e-08, 1, -1.0244549741855735e-07, -1.2479723920932884e-07, 8.195637946073475e-08, 0.7761613130569458, 0.6305339932441711, 1.1175869119028903e-08, -0.6305344104766846, 0.7761617302894592),
            ["RightUpperLeg"] = CFrame.new(5.960464477539063e-08, -8.897040970623493e-08, -3.5455741453915834e-08, 0.9920422434806824, -0.12582387030124664, -0.004536821041256189, 0.11437910795211792, 0.9156982898712158, -0.38524574041366577, 0.052627451717853546, 0.3816610276699066, 0.9228029251098633),
            ["LeftLowerLeg"] = CFrame.new(7.450580596923828e-08, 5.960464477539063e-08, -4.470348358154297e-08, 1, 7.450583439094771e-08, -7.450582373280668e-09, -4.842877388000488e-08, 0.7853754758834839, 0.619019627571106, 3.632158041000366e-08, -0.6190198063850403, 0.7853755354881287),
        }},
        {Time = 0.067, Data = {
            ["LeftFoot"] = CFrame.new(1.1175870895385742e-08, 1.1920928955078125e-07, 1.1175870895385742e-08, 0.9955463409423828, -0.04319475591182709, 0.08379589021205902, 0.07733838260173798, 0.8824943900108337, -0.4639210104942322, -0.053910527378320694, 0.4683353006839752, 0.8819045424461365),
            ["LeftLowerArm"] = CFrame.new(-1.1920928955078125e-07, -2.384185791015625e-07, -5.960464477539063e-08, 1, -1.6577540407070046e-07, 1.2665984172599565e-07, 1.0430814256778831e-07, -0.44621363282203674, -0.8949263691902161, 1.3411046495548362e-07, 0.8949264287948608, -0.44621390104293823),
            ["RightUpperArm"] = CFrame.new(0, 4.76837158203125e-07, -8.940696716308594e-08, 0.9916391372680664, -0.028322719037532806, 0.12589557468891144, -0.03156573325395584, 0.8927366733551025, 0.4494718015193939, -0.12512178719043732, -0.4496878385543823, 0.8843786716461182),
            ["Head"] = CFrame.new(0, 2.384185791015625e-07, 1.4901161193847656e-08, 0.9408959746360779, -0.051341380923986435, -0.33478182554244995, 0.028810398653149605, 0.9969937801361084, -0.07192569226026535, 0.3374682664871216, 0.058029498904943466, 0.9395465850830078),
            ["RightHand"] = CFrame.new(-2.9802322387695312e-08, 0, -1.1920928955078125e-07, 0.9713829159736633, 0.2374584823846817, 0.005370303988456726, -0.2322261780500412, 0.954240083694458, -0.1884060502052307, -0.04986315220594406, 0.18176722526550293, 0.9820765256881714),
            ["UpperTorso"] = CFrame.new(1.4901161193847656e-08, 2.682209014892578e-07, 1.862645149230957e-08, 0.9794472455978394, 0.14489975571632385, -0.14031077921390533, -0.10426439344882965, 0.9592112898826599, 0.2627596855163574, 0.1726614534854889, -0.2427298128604889, 0.9546048045158386),
            ["HumanoidRootPart"] = CFrame.new(0, 0, 0, 1, 0, 0, 0, 1, 0, 0, 0, 1),
            ["LeftUpperLeg"] = CFrame.new(5.960464477539063e-08, 1.8440186977386475e-07, 1.4901161193847656e-08, 0.8668215870857239, 0.14595043659210205, 0.4767797887325287, -0.18746386468410492, 0.9814408421516418, 0.04038750007748604, -0.46203652024269104, -0.12438766658306122, 0.878094494342804),
            ["LeftUpperArm"] = CFrame.new(-2.384185791015625e-07, 5.960464477539062e-07, -1.9371509552001953e-07, 0.6096154451370239, 0.7859711647033691, 0.10304534435272217, -0.5808935165405273, 0.5313916802406311, -0.6165918111801147, -0.5393809676170349, 0.3160255253314972, 0.7805102467536926),
            ["RightLowerArm"] = CFrame.new(5.960464477539063e-08, -1.7881393432617188e-07, 1.1920928955078125e-07, 1, -4.4703490686970326e-08, -2.2351736461700966e-08, -1.0430814256778831e-07, 0.9999867677688599, -0.00515763321891427, 2.2351745343485163e-08, 0.005157694686204195, 0.9999867081642151),
            ["LeftHand"] = CFrame.new(2.9802322387695312e-08, 0, -9.406358003616333e-08, -0.007002172525972128, -0.27698972821235657, 0.9608473181724548, 0.37314996123313904, 0.8907410502433777, 0.25949910283088684, -0.9277446866035461, 0.3603569567203522, 0.09712155908346176),
            ["RightFoot"] = CFrame.new(-6.05359673500061e-09, 2.384185791015625e-07, -6.210029823705554e-08, 0.9959707856178284, 0.03518448397517204, 0.0824887678027153, -0.025709733366966248, 0.9932361245155334, -0.11323057115077972, -0.08591486513614655, 0.11065376549959183, 0.9901386499404907),
            ["LowerTorso"] = CFrame.new(0.05865293741226196, -0.11322057247161865, -0.36893874406814575, 0.6676024794578552, -0.08433416485786438, -0.739726185798645, 0.008692053146660328, 0.9943789839744568, -0.10552188754081726, 0.7444672584533691, 0.0640169233083725, 0.6645829081535339),
            ["RightLowerLeg"] = CFrame.new(-2.9802322387695312e-08, 0, -1.3205863069742918e-08, 1, -7.078052277620372e-08, -1.2107194891086692e-07, 9.685754776000977e-08, 0.7888462543487549, 0.6145902276039124, 7.450580596923828e-09, -0.614590585231781, 0.7888466119766235),
            ["RightUpperLeg"] = CFrame.new(5.960464477539063e-08, 3.7286372389644384e-07, 6.453774403780699e-09, 0.9923897385597229, -0.12180188298225403, 0.01808430440723896, 0.11919858306646347, 0.9133864641189575, -0.3892516791820526, 0.030893685296177864, 0.38844484090805054, 0.9209539890289307),
            ["LeftLowerLeg"] = CFrame.new(0, -5.960464477539063e-08, 4.0978193283081055e-08, 1, 7.450584149637507e-08, -2.2351745343485163e-08, -3.725290653733282e-08, 0.8284730911254883, 0.560028612613678, 2.0954759705205106e-08, -0.5600288510322571, 0.8284732699394226),
        }},
        {Time = 0.083, Data = {
            ["LeftFoot"] = CFrame.new(-4.842877388000488e-08, 5.960464477539063e-08, -1.4901161193847656e-08, 0.9935877323150635, -0.029756685718894005, 0.10907823592424393, 0.07489320635795593, 0.8959567546844482, -0.437781423330307, -0.08470229059457779, 0.443143367767334, 0.8924401998519897),
            ["LeftLowerArm"] = CFrame.new(1.4901161193847656e-07, 0, -1.4901161193847656e-07, 1, -1.5273685960437433e-07, 1.4156104555240745e-07, 7.450581307466564e-08, -0.4420059323310852, -0.8970122337341309, 7.450581307466564e-08, 0.8970121741294861, -0.44200587272644043),
            ["RightUpperArm"] = CFrame.new(0, 4.76837158203125e-07, -1.862645149230957e-08, 0.9912611842155457, -0.009258277714252472, 0.13158918917179108, -0.05561535060405731, 0.8752143979072571, 0.48052749037742615, -0.11961764097213745, -0.4836466610431671, 0.8670511841773987),
            ["Head"] = CFrame.new(1.4901161193847656e-08, 0, 1.1175870895385742e-08, 0.9413878917694092, -0.03837154060602188, -0.33513686060905457, 0.04097778722643852, 0.9991598129272461, 0.0007063457742333412, 0.33482813835144043, -0.014398031868040562, 0.9421692490577698),
            ["RightHand"] = CFrame.new(2.9802322387695312e-08, 1.7881393432617188e-07, 1.4901161193847656e-08, 0.9711812138557434, 0.23810385167598724, 0.010669768787920475, -0.23331238329410553, 0.9588802456855774, -0.16159772872924805, -0.048708029091358185, 0.15445144474506378, 0.9867991209030151),
            ["UpperTorso"] = CFrame.new(-6.51925802230835e-09, 1.4901161193847656e-07, -2.421438694000244e-08, 0.9816227555274963, 0.13178417086601257, -0.13802102208137512, -0.1030760109424591, 0.9748302698135376, 0.19769030809402466, 0.16059960424900055, -0.1798306405544281, 0.9704992771148682),
            ["HumanoidRootPart"] = CFrame.new(0, 0, 0, 1, 0, 0, 0, 1, 0, 0, 0, 1),
            ["LeftUpperLeg"] = CFrame.new(5.960464477539063e-08, 1.341104507446289e-07, -4.470348358154297e-08, 0.8714693784713745, 0.11223090440034866, 0.47743624448776245, -0.1711641550064087, 0.9818556904792786, 0.08162311464548111, -0.45961302518844604, -0.15285199880599976, 0.8748670816421509),
            ["LeftUpperArm"] = CFrame.new(-1.1920928955078125e-07, 4.76837158203125e-07, -1.862645149230957e-08, 0.6731292009353638, 0.7027768492698669, 0.23022152483463287, -0.30581629276275635, 0.5479721426963806, -0.7785903215408325, -0.6733302474021912, 0.4536862373352051, 0.5837767720222473),
            ["RightLowerArm"] = CFrame.new(1.1920928955078125e-07, -3.5762786865234375e-07, 5.960464477539063e-08, 1, 1.4901155864777138e-08, 0, 0, 0.9999867081642151, -0.005159467458724976, -5.2154071283894154e-08, 0.005159405991435051, 0.9999867081642151),
            ["LeftHand"] = CFrame.new(-8.940696716308594e-08, -1.7881393432617188e-07, 4.842877388000488e-08, -0.03992123901844025, -0.2774200141429901, 0.9599190354347229, 0.376084566116333, 0.8858675956726074, 0.2716594636440277, -0.9257250428199768, 0.3718559145927429, 0.06896843761205673),
            ["RightFoot"] = CFrame.new(2.421438694000244e-08, 3.5762786865234375e-07, 7.05040292814374e-09, 0.9970427751541138, 0.039061203598976135, 0.06618274003267288, -0.03259200230240822, 0.9948326349258423, -0.09615589678287506, -0.06959634274244308, 0.09371479600667953, 0.9931636452674866),
            ["LowerTorso"] = CFrame.new(0.06703102588653564, -0.10064780712127686, -0.37653183937072754, 0.6542323231697083, -0.07044817507266998, -0.7530054450035095, 0.004026327282190323, 0.9959625005722046, -0.08968008309602737, 0.7562830448150635, 0.055639754980802536, 0.6518744826316833),
            ["RightLowerLeg"] = CFrame.new(-1.4901161193847656e-08, 1.1920928955078125e-07, 9.85528458841145e-08, 1, -1.1362139673565252e-07, -1.6577546091411932e-07, 8.940695295223122e-08, 0.8083313703536987, 0.5887274742126465, -5.5879347371501353e-08, -0.5887279510498047, 0.8083316087722778),
            ["RightUpperLeg"] = CFrame.new(-2.9802322387695312e-08, 3.8773578125983477e-08, -3.5579432733356953e-09, 0.9924683570861816, -0.11186559498310089, 0.049926914274692535, 0.12247330695390701, 0.9148459434509277, -0.38478201627731323, -0.0026316915173083544, 0.3879986107349396, 0.9216561913490295),
            ["LeftLowerLeg"] = CFrame.new(-5.960464477539063e-08, -2.980232238769531e-07, 1.0849907994270325e-07, 1, 5.215407838932151e-08, -2.2351748896198842e-08, -4.842878098543224e-08, 0.8704560995101929, 0.4922460615634918, 2.4621844119110392e-08, -0.49224597215652466, 0.8704561591148376),
        }},
        {Time = 0.100, Data = {
            ["LeftFoot"] = CFrame.new(-7.450580596923828e-09, -1.7881393432617188e-07, -1.1175870895385742e-08, 0.9909555315971375, -0.02742975577712059, 0.1313578188419342, 0.07909857481718063, 0.9101486802101135, -0.4066607654094696, -0.10840044915676117, 0.41337284445762634, 0.9040863513946533),
            ["LeftLowerArm"] = CFrame.new(-2.9802322387695312e-08, 0, -2.9802322387695312e-08, 1, -4.936009645462036e-08, 1.220032714854824e-07, 8.940696716308594e-08, -0.4316222071647644, -0.9020544290542603, 1.2665987014770508e-07, 0.902054488658905, -0.43162253499031067),
            ["RightUpperArm"] = CFrame.new(0, 2.384185791015625e-07, -7.450580596923828e-08, 0.9914711713790894, 0.008533641695976257, 0.13004665076732635, -0.07409202307462692, 0.8578174710273743, 0.5085858106613159, -0.10721614956855774, -0.5138835906982422, 0.8511336445808411),
            ["Head"] = CFrame.new(1.4901161193847656e-08, -1.1920928955078125e-07, -1.4901161193847656e-08, 0.9415451884269714, -0.038283128291368484, -0.3347044885158539, 0.05980616807937622, 0.996735692024231, 0.05423326417803764, 0.331535667181015, -0.07108033448457718, 0.9407613277435303),
            ["RightHand"] = CFrame.new(-2.9802322387695312e-08, 1.1920928955078125e-07, 1.4901161193847656e-08, 0.9703919291496277, 0.24028685688972473, 0.024527546018362045, -0.23492342233657837, 0.9625457525253296, -0.1353398710489273, -0.056129373610019684, 0.12557055056095123, 0.9904956817626953),
            ["UpperTorso"] = CFrame.new(-6.984919309616089e-09, 8.940696716308594e-08, 1.1175870895385742e-08, 0.9830911159515381, 0.1249627023935318, -0.13385125994682312, -0.10649789869785309, 0.9847999215126038, 0.13721294701099396, 0.14896318316459656, -0.1206379383802414, 0.9814563989639282),
            ["HumanoidRootPart"] = CFrame.new(0, 0, 0, 1, 0, 0, 0, 1, 0, 0, 0, 1),
            ["LeftUpperLeg"] = CFrame.new(0, 2.2351741790771484e-08, 1.4901161193847656e-08, 0.8745433688163757, 0.07900594919919968, 0.4784681499004364, -0.15926271677017212, 0.9787067770957947, 0.12949353456497192, -0.45804938673973083, -0.18944981694221497, 0.8685042858123779),
            ["LeftUpperArm"] = CFrame.new(-1.1920928955078125e-07, 4.76837158203125e-07, -1.043081283569336e-07, 0.6982855796813965, 0.6186563968658447, 0.36008578538894653, -0.006854698993265629, 0.5087959170341492, -0.8608598709106445, -0.7157865166664124, 0.5986577272415161, 0.3595256209373474),
            ["RightLowerArm"] = CFrame.new(2.384185791015625e-07, -2.384185791015625e-07, 1.1920928955078125e-07, 1, 5.960465188081798e-08, -2.9802311729554276e-08, 2.9802315282267955e-08, 0.9999867081642151, -0.005160151049494743, 5.960463056453591e-08, 0.00516015337780118, 0.9999867677688599),
            ["LeftHand"] = CFrame.new(5.960464477539063e-08, 0, -6.705522537231445e-08, -0.08090721070766449, -0.27862784266471863, 0.9569851756095886, 0.3844811022281647, 0.8770990371704102, 0.2878745496273041, -0.9195806384086609, 0.39123380184173584, 0.036163680255413055),
            ["RightFoot"] = CFrame.new(-1.0710209608078003e-08, 2.384185791015625e-07, 3.894820110872388e-08, 0.9977548718452454, 0.04590660706162453, 0.04876446723937988, -0.04195830225944519, 0.9959819316864014, -0.07911770045757294, -0.052200429141521454, 0.07689414173364639, 0.9956718683242798),
            ["LowerTorso"] = CFrame.new(0.07462408393621445, -0.08919775485992432, -0.3840911388397217, 0.6415393948554993, -0.058424729853868484, -0.7648619413375854, 0.0012907384661957622, 0.9971761107444763, -0.07508765161037445, 0.7670890688896179, 0.047184448689222336, 0.6398031115531921),
            ["RightLowerLeg"] = CFrame.new(-4.470348358154297e-08, 2.384185791015625e-07, -1.1751399142667651e-07, 1, -9.126963362859897e-08, -6.33299421792799e-08, 1.1175869474300271e-07, 0.8289854526519775, 0.5592698454856873, -2.607702853651972e-08, -0.5592702627182007, 0.8289856910705566),
            ["RightUpperLeg"] = CFrame.new(0, 5.691981641575694e-08, 3.445165930315852e-08, 0.9913889765739441, -0.10198260098695755, 0.08214282989501953, 0.12562941014766693, 0.9177054762840271, -0.3768738806247711, -0.036948367953300476, 0.3839481770992279, 0.9226150512695312),
            ["LeftLowerLeg"] = CFrame.new(-4.470348358154297e-08, -5.960464477539063e-08, -5.21540641784668e-08, 1, 5.960465898624534e-08, -3.3527619791584584e-08, -3.259629366425543e-08, 0.9127473831176758, 0.40852466225624084, 4.842878098543224e-08, -0.40852466225624084, 0.9127473831176758),
        }},
        {Time = 0.117, Data = {
            ["LeftFoot"] = CFrame.new(6.705522537231445e-08, 5.960464477539063e-08, 2.2351741790771484e-08, 0.9886632561683655, -0.03208513185381889, 0.14668172597885132, 0.08456342667341232, 0.9262219071388245, -0.3673722445964813, -0.12407267093658447, 0.37561118602752686, 0.9184346199035645),
            ["LeftLowerArm"] = CFrame.new(-5.960464477539063e-08, -1.7881393432617188e-07, 8.195638656616211e-08, 1, -8.987264266124839e-08, 1.0989604959377175e-07, 1.527369164477932e-07, -0.4188365936279297, -0.9080615639686584, 1.303851746570217e-07, 0.9080617427825928, -0.41883665323257446),
            ["RightUpperArm"] = CFrame.new(0, -1.1920928955078125e-07, 3.725290298461914e-08, 0.9922029376029968, 0.02599579468369484, 0.1218913272023201, -0.08742961287498474, 0.8421724438667297, 0.532072901725769, -0.0888219028711319, -0.5385812520980835, 0.8378788232803345),
            ["Head"] = CFrame.new(0, -1.1920928955078125e-07, 1.4901161193847656e-08, 0.9425897002220154, -0.03994185850024223, -0.3315559923648834, 0.07471464574337006, 0.9928777813911438, 0.09279844164848328, 0.32548806071281433, -0.11224289983510971, 0.9388605356216431),
            ["RightHand"] = CFrame.new(0, -1.1920928955078125e-07, 7.450580596923828e-08, 0.968528151512146, 0.24384146928787231, 0.049944497644901276, -0.23742429912090302, 0.9653045535087585, -0.10870625823736191, -0.07471880316734314, 0.09342702478170395, 0.9928184747695923),
            ["UpperTorso"] = CFrame.new(5.005858838558197e-08, 1.1920928955078125e-07, 1.1175870895385742e-08, 0.9841940999031067, 0.11918184161186218, -0.1309877187013626, -0.10928763449192047, 0.990760087966919, 0.08031585067510605, 0.139349564909935, -0.06473103165626526, 0.9881253838539124),
            ["HumanoidRootPart"] = CFrame.new(0, 0, 0, 1, 0, 0, 0, 1, 0, 0, 0, 1),
            ["LeftUpperLeg"] = CFrame.new(1.1920928955078125e-07, 2.4400651454925537e-07, -3.725290298461914e-08, 0.8756068348884583, 0.045247603207826614, 0.4809005856513977, -0.149995356798172, 0.971853494644165, 0.18166525661945343, -0.45914509892463684, -0.23120012879371643, 0.8577483892440796),
            ["LeftUpperArm"] = CFrame.new(-3.5762786865234375e-07, 4.76837158203125e-07, 2.2351741790771484e-08, 0.6994590759277344, 0.5387211441993713, 0.4696131944656372, 0.27122828364372253, 0.4078419506549835, -0.8718371987342834, -0.6612051129341125, 0.7371869087219238, 0.13915234804153442),
            ["RightLowerArm"] = CFrame.new(1.7881393432617188e-07, 2.384185791015625e-07, 2.682209014892578e-07, 1, 4.4703490686970326e-08, -5.215405707303944e-08, 1.4901162970204496e-08, 0.9999867677688599, -0.0051597426645457745, 7.450581485102248e-09, 0.005159661639481783, 0.9999867677688599),
            ["LeftHand"] = CFrame.new(5.960464477539063e-08, 5.364418029785156e-07, 1.9371509552001953e-07, -0.13568949699401855, -0.2762869596481323, 0.9514483213424683, 0.3913653790950775, 0.8672821521759033, 0.30766037106513977, -0.9101766347885132, 0.4141102433204651, -0.009551811963319778),
            ["RightFoot"] = CFrame.new(-1.3969838619232178e-09, 2.980232238769531e-07, 1.1415249900892377e-07, 0.9979453086853027, 0.05223935842514038, 0.037100207060575485, -0.04981747269630432, 0.9967409372329712, -0.06344974040985107, -0.040293727070093155, 0.06147129088640213, 0.9972952604293823),
            ["LowerTorso"] = CFrame.new(0.0811695009469986, -0.07965302467346191, -0.390291690826416, 0.6309298276901245, -0.04584064334630966, -0.7744845151901245, -0.0006763366400264204, 0.9982200860977173, -0.05963420867919922, 0.775839626789093, 0.03814881294965744, 0.6297758221626282),
            ["RightLowerLeg"] = CFrame.new(-2.9802322387695312e-08, 2.384185791015625e-07, -2.0656443666666746e-08, 1, -6.833581522869281e-08, -9.87202142255228e-08, 8.195638656616211e-08, 0.8465908765792847, 0.5322438478469849, -2.60770320892334e-08, -0.5322442054748535, 0.8465911746025085),
            ["RightUpperLeg"] = CFrame.new(1.1920928955078125e-07, 1.8488935893401504e-07, -4.0810846257954836e-08, 0.9896799325942993, -0.09560965746641159, 0.1067352220416069, 0.12893475592136383, 0.9191691279411316, -0.3721613585948944, -0.06252553313970566, 0.3820824921131134, 0.922010600566864),
            ["LeftLowerLeg"] = CFrame.new(1.4901161193847656e-08, -1.1920928955078125e-07, 4.470348358154297e-08, 1, 2.980233304583635e-08, 2.980232594040899e-08, -1.6763808119435453e-08, 0.9517592191696167, 0.3068457543849945, 3.166497108963995e-08, -0.30684590339660645, 0.9517593383789062),
        }},
        {Time = 0.133, Data = {
            ["LeftFoot"] = CFrame.new(5.960464477539063e-08, -5.960464477539063e-08, 2.2351741790771484e-08, 0.9870052933692932, -0.03839031979441643, 0.1560344099998474, 0.08647605031728745, 0.9453365802764893, -0.31442132592201233, -0.13543426990509033, 0.3238285779953003, 0.9363720417022705),
            ["LeftLowerArm"] = CFrame.new(5.960464477539063e-08, -2.980232238769531e-07, 4.172325134277344e-07, 1, -7.264316792543468e-08, 1.713633110966839e-07, 4.4703490686970326e-08, -0.40872639417648315, -0.9126569628715515, 1.9371512394172896e-07, 0.9126570820808411, -0.40872645378112793),
            ["RightUpperArm"] = CFrame.new(0, 1.1920928955078125e-07, 7.82310962677002e-08, 0.9926051497459412, 0.040247660130262375, 0.1145220622420311, -0.09702430665493011, 0.8300085663795471, 0.5492469072341919, -0.07294851541519165, -0.556296706199646, 0.8277756571769714),
            ["Head"] = CFrame.new(8.195638656616211e-08, 0, 3.725290298461914e-09, 0.9443859457969666, -0.037753816694021225, -0.3266648054122925, 0.08001670241355896, 0.9899126887321472, 0.11692012846469879, 0.3189554512500763, -0.13655629754066467, 0.9378804564476013),
            ["RightHand"] = CFrame.new(-5.21540641784668e-08, 1.7881393432617188e-07, -3.725290298461914e-08, 0.9638554453849792, 0.2548304498195648, 0.07774485647678375, -0.24803432822227478, 0.9648038744926453, -0.08736291527748108, -0.09727109968662262, 0.06492184847593307, 0.9931381940841675),
            ["UpperTorso"] = CFrame.new(-1.862645149230957e-08, 1.4901161193847656e-07, -2.9802322387695312e-08, 0.9849774837493896, 0.11110026389360428, -0.13219787180423737, -0.1081162840127945, 0.9936985969543457, 0.029562652111053467, 0.13464930653572083, -0.014825785532593727, 0.9907824993133545),
            ["HumanoidRootPart"] = CFrame.new(0, 0, 0, 1, 0, 0, 0, 1, 0, 0, 0, 1),
            ["LeftUpperLeg"] = CFrame.new(8.940696716308594e-08, 1.648440957069397e-07, -7.450580596923828e-08, 0.8751950263977051, 0.00592812430113554, 0.48373377323150635, -0.141867533326149, 0.9591079354286194, 0.24491998553276062, -0.46250104904174805, -0.2829788327217102, 0.8402475118637085),
            ["LeftUpperArm"] = CFrame.new(0, 3.5762786865234375e-07, -7.450580596923828e-09, 0.6945205926895142, 0.4647839665412903, 0.5491966009140015, 0.4915911555290222, 0.25080472230911255, -0.833927571773529, -0.5253373384475708, 0.8491601347923279, -0.05429460108280182),
            ["RightLowerArm"] = CFrame.new(-2.086162567138672e-07, 1.1920928955078125e-07, 1.1920928955078125e-07, 1, 0, 5.215404996761208e-08, -1.4901164746561335e-08, 0.9999867081642151, -0.005158445332199335, 4.4703494239684005e-08, 0.005158431362360716, 0.9999867081642151),
            ["LeftHand"] = CFrame.new(-1.1920928955078125e-07, -4.172325134277344e-07, 5.960464477539063e-08, -0.19476261734962463, -0.26780036091804504, 0.9435838460922241, 0.39341866970062256, 0.8599019050598145, 0.325254887342453, -0.8984928131103516, 0.4345707595348358, -0.06211914122104645),
            ["RightFoot"] = CFrame.new(-3.748573362827301e-08, 4.172325134277344e-07, -1.6232661437243223e-08, 0.9978442192077637, 0.056055448949337006, 0.03412769362330437, -0.05423970893025398, 0.9971737265586853, -0.051988400518894196, -0.03694548085331917, 0.05002528056502342, 0.9980644583702087),
            ["LowerTorso"] = CFrame.new(0.08658978343009949, -0.07247483730316162, -0.39458030462265015, 0.6225072741508484, -0.032671719789505005, -0.7819317579269409, -0.002610450144857168, 0.9990359544754028, -0.04382127523422241, 0.7826097011566162, 0.029320258647203445, 0.6218218803405762),
            ["RightLowerLeg"] = CFrame.new(-5.960464477539063e-08, 2.384185791015625e-07, -1.0261283023282886e-07, 1, -7.12461769580841e-08, -8.661300654466686e-08, 4.470347292340193e-08, 0.8597915172576904, 0.5106450319290161, -3.352760558072987e-08, -0.5106452107429504, 0.8597916960716248),
