return {
    ["Dragon Stance"] = {
        {Time = 0.000, Data = {
            ["RightFoot"] = CFrame.new(-6.705522537231445e-08, 2.980232238769531e-07, -2.0656443666666746e-08, 0.9658305644989014, 0.25734102725982666, -0.030774949118494987, -0.24224388599395752, 0.8541380763053894, -0.4601796567440033, -0.09213722497224808, 0.4519113302230835, 0.8872923254966736),
            ["LeftLowerArm"] = CFrame.new(-0.0004925727844238281, -0.00010001659393310547, -7.152557373046875e-07, 1, -6.14673041354763e-08, 5.1222748709278676e-08, 2.980232594040899e-08, 0.9911621809005737, -0.13265585899353027, 1.6763808119435453e-08, 0.13265582919120789, 0.9911621809005737),
            ["RightUpperArm"] = CFrame.new(-0.002241790294647217, -0.03296482563018799, -1.4901161193847656e-08, 0.992307722568512, -0.0396449901163578, -0.11727995425462723, 0.05073940008878708, 0.9943557381629944, 0.09317896515130997, 0.11292072385549545, -0.09841288626194, 0.9887179136276245),
            ["Head"] = CFrame.new(-8.35862010717392e-08, 0.0000010728836059570312, 4.889443516731262e-08, 0.9369956851005554, 0.04054075852036476, 0.34698086977005005, -0.03187890723347664, 0.9990220665931702, -0.030637724325060844, -0.3478836417198181, 0.017646074295043945, 0.9373716711997986),
            ["RightHand"] = CFrame.new(-1.9371509552001953e-07, 1.1920928955078125e-07, 4.470348358154297e-08, 0.984560489654541, -0.1715768426656723, -0.03467106074094772, 0.14732038974761963, 0.9191774129867554, -0.36525294184684753, 0.09453776478767395, 0.35450589656829834, 0.9302625060081482),
            ["UpperTorso"] = CFrame.new(3.5934135667048395e-08, 2.9802322387695312e-08, -1.4901161193847656e-08, 0.9965680837631226, 0.0017989163752645254, -0.0827585980296135, 0.014751676470041275, 0.979901134967804, 0.19893784821033478, 0.08145304769277573, -0.19947591423988342, 0.976511538028717),
            ["HumanoidRootPart"] = CFrame.new(0, 0, 0, 1, 0, 0, 0, 1, 0, 0, 0, 1),
            ["RightUpperLeg"] = CFrame.new(-1.1920928955078125e-07, 1.3504177331924438e-08, 2.8107024263590574e-08, 0.9118177890777588, -0.34056514501571655, -0.2293551117181778, 0.2767622768878937, 0.9224086403846741, -0.26937928795814514, 0.3033003509044647, 0.18214775621891022, 0.9353240132331848),
            ["LeftUpperArm"] = CFrame.new(0.0022416114807128906, -0.03296613693237305, -2.9802322387695312e-08, 0.9040959477424622, 0.21044433116912842, -0.37193042039871216, -0.1752893030643463, 0.9763753414154053, 0.1263459026813507, 0.38972336053848267, -0.04903334751725197, 0.9196219444274902),
            ["RightLowerArm"] = CFrame.new(-0.000005841255187988281, 3.5762786865234375e-07, 8.940696716308594e-08, 1, 3.725289943190546e-08, 4.097818262494002e-08, -1.4901157641133977e-08, 0.9920908212661743, -0.1255221962928772, -3.352760558072987e-08, 0.1255221962928772, 0.9920908808708191),
            ["LeftHand"] = CFrame.new(-4.6193599700927734e-07, 0.00009936094284057617, 2.682209014892578e-07, 0.9777539968490601, 0.15808211266994476, 0.13786636292934418, -0.14352436363697052, 0.9835294485092163, -0.10986659675836563, -0.15296371281147003, 0.087635338306427, 0.9843385219573975),
            ["LeftFoot"] = CFrame.new(-4.0978193283081055e-08, -1.1920928955078125e-07, 4.307366907596588e-08, 0.9676103591918945, -0.2417164295911789, -0.07282461225986481, 0.24120526015758514, 0.9703444242477417, -0.015863770619034767, 0.07449983805418015, -0.0022157011553645134, 0.9972186088562012),
            ["LowerTorso"] = CFrame.new(-0.06077461317181587, -0.20319998264312744, -0.023169219493865967, 0.9634875059127808, -0.011837752535939217, -0.2674918472766876, 0.000007462996563845081, 0.9990234375, -0.044184524565935135, 0.2677536904811859, 0.04256923869252205, 0.9625465273857117),
            ["RightLowerLeg"] = CFrame.new(6.05359673500061e-08, -0.000003635883331298828, -0.000013278498954605311, 1, -2.682209014892578e-07, -1.8626455755565985e-07, 3.2782554626464844e-07, 0.6939676403999329, 0.7200055122375488, -1.564621925354004e-07, -0.7200062870979309, 0.6939684152603149),
            ["LeftUpperLeg"] = CFrame.new(0, 8.335337042808533e-08, 5.960464477539063e-08, 0.9561261534690857, 0.2928188145160675, -0.008940736763179302, -0.2532545328140259, 0.8108282089233398, -0.5276548862457275, -0.14725814759731293, 0.5067689418792725, 0.8494119048118591),
            ["LeftLowerLeg"] = CFrame.new(7.450580596923828e-09, 0.000003874301910400391, 0.000013083219528198242, 1, -3.6321576857289983e-08, -2.561137080192566e-08, -7.450581485102248e-09, 0.8203026652336121, 0.5719295740127563, -5.2154071283894154e-08, -0.5719296336174011, 0.8203027248382568),
        }},
        {Time = 0.033, Data = {
            ["RightFoot"] = CFrame.new(1.4901161193847656e-08, 2.980232238769531e-07, 2.032174961641431e-08, 0.9688085913658142, 0.24450507760047913, -0.04033835977315903, -0.23006023466587067, 0.8269215822219849, -0.5131012797355652, -0.0920991525053978, 0.5063773393630981, 0.8573797941207886),
            ["LeftLowerArm"] = CFrame.new(-0.0004922151565551758, -0.00010055303573608398, -7.748603820800781e-07, 1, -5.587936158235607e-08, 1.4901164746561335e-08, 7.450583439094771e-08, 0.9953547120094299, -0.09627626091241837, 2.6077040971017595e-08, 0.09627626836299896, 0.9953546524047852),
            ["RightUpperArm"] = CFrame.new(-0.0022419095039367676, -0.03296506404876709, -1.341104507446289e-07, 0.9836857914924622, 0.03669369965791702, 0.1761183887720108, -0.04270891472697258, 0.9986218810081482, 0.03049853816628456, -0.1747518628835678, -0.0375228077173233, 0.9838964939117432),
            ["Head"] = CFrame.new(-3.725290298461914e-08, 3.5762786865234375e-07, -1.862645149230957e-08, 0.9532256722450256, 0.08075589686632156, 0.2912720739841461, -0.0446380078792572, 0.9906929731369019, -0.12858842313289642, -0.29894548654556274, 0.10957194864749908, 0.9479587078094482),
            ["RightHand"] = CFrame.new(-3.4458935260772705e-08, -1.7881393432617188e-07, 6.705522537231445e-08, 0.9410314559936523, -0.3088134825229645, -0.13818144798278809, 0.25426235795021057, 0.9149858951568604, -0.31329160928726196, 0.22318273782730103, 0.25968292355537415, 0.9395500421524048),
            ["UpperTorso"] = CFrame.new(3.480818122625351e-08, 2.682209014892578e-07, -1.3969838619232178e-08, 0.9980091452598572, -0.0002049983449978754, -0.06307000666856766, 0.015425985679030418, 0.9704163670539856, 0.24094416201114655, 0.06115477532148361, -0.2414373755455017, 0.9684876203536987),
            ["HumanoidRootPart"] = CFrame.new(0, 0, 0, 1, 0, 0, 0, 1, 0, 0, 0, 1),
            ["RightUpperLeg"] = CFrame.new(-1.1920928955078125e-07, 4.47325874119997e-07, -1.6952981241047382e-09, 0.880713164806366, -0.3087058663368225, -0.35922881960868835, 0.2142484486103058, 0.9360468983650208, -0.2791306674480438, 0.4224241375923157, 0.1688697189092636, 0.8905283212661743),
            ["LeftUpperArm"] = CFrame.new(0.002241849899291992, -0.0329662561416626, -1.043081283569336e-07, 0.8972581624984741, 0.27049246430397034, -0.3489563763141632, -0.26866960525512695, 0.9616813659667969, 0.05461295694112778, 0.35034915804862976, 0.04475198686122894, 0.935546338558197),
            ["RightLowerArm"] = CFrame.new(-0.00000521540641784668, 8.344650268554688e-07, 2.2351741790771484e-08, 1, 3.6321576857289983e-08, 3.4924596548080444e-08, -2.9802318834981634e-08, 0.9951332807540894, -0.09853840619325638, -2.8870996260366155e-08, 0.09853839874267578, 0.9951333403587341),
            ["LeftHand"] = CFrame.new(-5.662441253662109e-07, 0.00009953975677490234, 2.980232238769531e-07, 0.9806678891181946, 0.18552042543888092, 0.06223088875412941, -0.1725097894668579, 0.9697755575180054, -0.17255687713623047, -0.09236278384923935, 0.15848559141159058, 0.9830318093299866),
            ["LeftFoot"] = CFrame.new(-6.449408829212189e-08, 1.1920928955078125e-07, -5.9138983488082886e-08, 0.9676076173782349, -0.2377254068851471, -0.08498276770114899, 0.23673738539218903, 0.9713321328163147, -0.021670307964086533, 0.08769834041595459, 0.0008495087968185544, 0.9961467385292053),
            ["LowerTorso"] = CFrame.new(-0.016863364726305008, -0.23916280269622803, -0.0010285824537277222, 0.9889661073684692, -0.038551997393369675, -0.1430378258228302, 0.03947560489177704, 0.9992140531539917, 0.0036238261964172125, 0.1427856832742691, -0.009230346418917179, 0.9897106289863586),
            ["RightLowerLeg"] = CFrame.new(1.3131648302078247e-07, -0.0000037550926208496094, -0.000013297591067384928, 1, -1.1920928955078125e-07, 4.4703490686970326e-08, 2.0116557664096035e-07, 0.6650905609130859, 0.7467624545097351, 0, -0.746762752532959, 0.665090799331665),
            ["LeftUpperLeg"] = CFrame.new(-1.1920928955078125e-07, 2.1507730707526207e-07, 5.8673322200775146e-08, 0.9505380988121033, 0.298930287361145, -0.08436862379312515, -0.27958497405052185, 0.7051018476486206, -0.6516619920730591, -0.1353132426738739, 0.6430178880691528, 0.7538027763366699),
            ["LeftLowerLeg"] = CFrame.new(-6.356276571750641e-08, 0.0000036954879760742188, 0.000013425946235656738, 1, 6.38538111275011e-08, -3.026798811589515e-09, 6.053595402732981e-09, 0.7474519610404968, 0.6643163561820984, -7.078050145992165e-08, -0.664315938949585, 0.7474516034126282),
        }},
        {Time = 0.067, Data = {
            ["RightFoot"] = CFrame.new(7.450580596923828e-09, 2.980232238769531e-07, 1.6596459317952394e-08, 0.9603331685066223, 0.2700929641723633, -0.0693555623292923, -0.25258615612983704, 0.7371478080749512, -0.6267483830451965, -0.11815424263477325, 0.6194054484367371, 0.7761290669441223),
            ["LeftLowerArm"] = CFrame.new(-0.0004926323890686035, -0.00009918212890625, -5.066394805908203e-07, 1, -5.215407838932151e-08, 2.7939684343891713e-08, 3.72529100900465e-08, 0.9992824792861938, -0.0378747284412384, 2.6077039194660756e-08, 0.037874698638916016, 0.9992824792861938),
            ["RightUpperArm"] = CFrame.new(-0.002241969108581543, -0.03296506404876709, -2.9802322387695312e-08, 0.8981795310974121, -0.03924873098731041, 0.4378833770751953, 0.013282893225550652, 0.9979748725891113, 0.062207482755184174, -0.4394282400608063, -0.050057217478752136, 0.896877110004425),
            ["Head"] = CFrame.new(-4.0978193283081055e-08, 3.5762786865234375e-07, 9.499490261077881e-08, 0.9905571937561035, 0.11789146810770035, 0.06998593360185623, -0.09925150871276855, 0.9687881469726562, -0.22715355455875397, -0.09458103030920029, 0.21806234121322632, 0.9713410139083862),
            ["RightHand"] = CFrame.new(-9.685754776000977e-08, 2.384185791015625e-07, -1.6391277313232422e-07, 0.8989169597625732, -0.4379689693450928, 0.011467601172626019, 0.42791712284088135, 0.8720683455467224, -0.23745274543762207, 0.0939963236451149, 0.21835754811763763, 0.9713314175605774),
            ["UpperTorso"] = CFrame.new(2.9103830456733704e-08, -1.4901161193847656e-07, -9.42964106798172e-09, 0.999742865562439, -0.00167090876493603, -0.022614210844039917, 0.008982358500361443, 0.9448837041854858, 0.32728293538093567, 0.02082095667719841, -0.32740187644958496, 0.9446557760238647),
            ["HumanoidRootPart"] = CFrame.new(0, 0, 0, 1, 0, 0, 0, 1, 0, 0, 0, 1),
            ["RightUpperLeg"] = CFrame.new(-2.086162567138672e-07, 2.973247319459915e-07, 1.3205863069742918e-08, 0.7511427402496338, -0.30413544178009033, -0.5859068632125854, 0.20632651448249817, 0.9512453675270081, -0.22926248610019684, 0.6270677447319031, 0.051320865750312805, 0.7772721648216248),
            ["LeftUpperArm"] = CFrame.new(0.0022420287132263184, -0.03296637535095215, 6.705522537231445e-08, 0.814781665802002, 0.32723528146743774, -0.4786035120487213, -0.36979055404663086, 0.9290952086448669, 0.005704532843083143, 0.44652634859085083, 0.17233477532863617, 0.8780125975608826),
            ["RightLowerArm"] = CFrame.new(-0.000005662441253662109, -8.344650268554688e-07, -2.9802322387695312e-08, 1, 3.166496753692627e-08, 5.1222723840282924e-09, -1.862644793959589e-08, 0.9189907908439636, -0.39427900314331055, 7.450578820566989e-09, 0.39427903294563293, 0.9189907312393188),
            ["LeftHand"] = CFrame.new(-8.642673492431641e-07, 0.00009912252426147461, 2.682209014892578e-07, 0.9631178379058838, 0.25347450375556946, -0.09030330926179886, -0.2680942118167877, 0.9326390027999878, -0.24147504568099976, 0.023012572899460793, 0.2567787170410156, 0.9661962985992432),
            ["LeftFoot"] = CFrame.new(-5.21540641784668e-08, -5.960464477539063e-08, 1.0803341865539551e-07, 0.977393388748169, -0.18668465316295624, -0.09925203770399094, 0.1921198070049286, 0.9801835417747498, 0.048273924738168716, 0.0882733017206192, -0.06625086814165115, 0.9938907027244568),
            ["LowerTorso"] = CFrame.new(0.027042755857110023, -0.34015488624572754, 0.02111206203699112, 0.9868505597114563, -0.08080770820379257, 0.1399860680103302, 0.07909116894006729, 0.9967086911201477, 0.017791591584682465, -0.14096301794052124, -0.0064859818667173386, 0.9899936318397522),
            ["RightLowerLeg"] = CFrame.new(-1.4901161193847656e-08, -0.0000035762786865234375, -0.000013290140486788005, 1, -4.02331437499015e-07, -2.831222047916526e-07, 1.750886866602741e-07, 0.570537805557251, 0.8212713003158569, -1.6391281576488836e-07, -0.8212713599205017, 0.5705379247665405),
            ["LeftUpperLeg"] = CFrame.new(-5.960464477539063e-08, 4.25905454903841e-07, 9.685754776000977e-08, 0.96125727891922, 0.20675039291381836, -0.18231502175331116, -0.2669253349304199, 0.5330426096916199, -0.8028801083564758, -0.06881401687860489, 0.8204389214515686, 0.5675780177116394),
            ["LeftLowerLeg"] = CFrame.new(0, 0.0000040531158447265625, 0.000013343989849090576, 1, -1.9138681750519027e-07, -1.471489525783909e-07, 1.4156103134155273e-07, 0.6351857781410217, 0.7723597884178162, -1.7136335372924805e-07, -0.7723593711853027, 0.6351853013038635),
        }},
        {Time = 0.100, Data = {
            ["RightFoot"] = CFrame.new(-7.450580596923828e-09, 3.5762786865234375e-07, -2.8107024263590574e-08, 0.9399919509887695, 0.3214576244354248, -0.11436915397644043, -0.29568544030189514, 0.6002230644226074, -0.7431702613830566, -0.17025068402290344, 0.7323915362358093, 0.6592555046081543),
            ["LeftLowerArm"] = CFrame.new(-0.0004931390285491943, -0.00010013580322265625, -6.631016731262207e-07, 1, -4.656614649434232e-08, -4.656614649434232e-08, 5.215407838932151e-08, 0.9748067259788513, -0.22305135428905487, 1.4901164746561335e-08, 0.22305133938789368, 0.9748067259788513),
            ["RightUpperArm"] = CFrame.new(-0.0022417306900024414, -0.03296482563018799, -2.9802322387695312e-08, 0.8227051496505737, -0.14715231955051422, 0.5491036772727966, 0.16488462686538696, 0.9861619472503662, 0.017233816906809807, -0.5440307259559631, 0.07636041194200516, 0.8355764746665955),
            ["Head"] = CFrame.new(-1.4901161193847656e-08, 1.1920928955078125e-07, -2.384185791015625e-07, 0.9736795425415039, 0.14478251338005066, -0.1760289967060089, -0.19185112416744232, 0.9375877976417542, -0.29003870487213135, 0.12305007874965668, 0.31617602705955505, 0.9406867027282715),
            ["RightHand"] = CFrame.new(2.4354085326194763e-07, 3.5762786865234375e-07, 2.9802322387695312e-08, 0.8508839011192322, -0.31035909056663513, 0.4238794147968292, 0.38005203008651733, 0.92069411277771, -0.08878549188375473, -0.3627080023288727, 0.23664230108261108, 0.9013565182685852),
            ["UpperTorso"] = CFrame.new(4.284083843231201e-08, -3.2782554626464844e-07, -2.3283064365386963e-08, 0.9997938871383667, -0.0013780893059447408, 0.02025648206472397, -0.006966436747461557, 0.9138422012329102, 0.4060099720954895, -0.0190707016736269, -0.4060673415660858, 0.9136441946029663),
            ["HumanoidRootPart"] = CFrame.new(0, 0, 0, 1, 0, 0, 0, 1, 0, 0, 0, 1),
            ["RightUpperLeg"] = CFrame.new(5.960464477539063e-08, 3.655441105365753e-07, -5.420588422566652e-09, 0.5809886455535889, -0.29299426078796387, -0.759346067905426, 0.23653224110603333, 0.9534736275672913, -0.18692371249198914, 0.7787842154502869, -0.07100903987884521, 0.6232600212097168),
            ["LeftUpperArm"] = CFrame.new(0.002241790294647217, -0.0329667329788208, -3.119930624961853e-07, 0.7077943682670593, 0.42089027166366577, -0.5673583745956421, -0.48576638102531433, 0.8730904459953308, 0.041684363037347794, 0.5128920078277588, 0.24609865248203278, 0.822415292263031),
            ["RightLowerArm"] = CFrame.new(-0.000005900859832763672, -5.364418029785156e-07, 1.1920928955078125e-07, 1, -3.2945525418881516e-08, -1.0128132110764909e-08, 2.5960611438335945e-08, 0.7188065052032471, -0.6952102184295654, 1.169973717907169e-08, 0.6952102184295654, 0.7188065052032471),
            ["LeftHand"] = CFrame.new(-4.917383193969727e-07, 0.00009959936141967773, 3.725290298461914e-07, 0.9357360005378723, 0.3102029860019684, -0.1678457260131836, -0.333632230758667, 0.9328480958938599, -0.13595519959926605, 0.11440090835094452, 0.18321700394153595, 0.9763933420181274),
            ["LeftFoot"] = CFrame.new(1.3783574104309082e-07, 1.7881393432617188e-07, 2.60770320892334e-08, 0.9875558614730835, -0.12410958856344223, -0.09659311920404434, 0.13727152347564697, 0.9799638390541077, 0.14431750774383545, 0.0767463743686676, -0.15578141808509827, 0.984805703163147),
            ["LowerTorso"] = CFrame.new(0.07366849482059479, -0.49583005905151367, 0.04077691584825516, 0.8995572328567505, -0.11842310428619385, 0.4204437732696533, 0.11488976329565048, 0.9928023219108582, 0.033823370933532715, -0.4214230179786682, 0.01787862926721573, 0.9066879749298096),
            ["RightLowerLeg"] = CFrame.new(-1.4901161193847656e-08, -0.0000036954879760742188, -0.000013394448615144938, 1, -6.854531875433167e-07, -5.066396511210769e-07, 4.880129722550919e-07, 0.41402122378349304, 0.9102669358253479, -4.4703477897201083e-07, -0.9102672934532166, 0.41402187943458557),
            ["LeftUpperLeg"] = CFrame.new(-1.7881393432617188e-07, -2.2351741790771484e-07, 3.725290298461914e-08, 0.9697086215019226, 0.05299334600567818, -0.23844684660434723, -0.24279044568538666, 0.3162003755569458, -0.9170987606048584, 0.026796823367476463, 0.9472112655639648, 0.319488525390625),
            ["LeftLowerLeg"] = CFrame.new(-1.1920928955078125e-07, 0.000003635883331298828, 0.000013276934623718262, 1, 1.3038518886787642e-07, 2.0861622829215776e-07, -1.7881390590446244e-07, 0.5066202878952026, 0.8621696829795837, 1.2852250108608132e-07, -0.8621692657470703, 0.5066195726394653),
        }},
        {Time = 0.133, Data = {
            ["RightFoot"] = CFrame.new(2.9802322387695312e-08, 3.5762786865234375e-07, -6.722257239744067e-08, 0.9190448522567749, 0.36267054080963135, -0.1543581485748291, -0.3397809863090515, 0.5305048227310181, -0.7766038179397583, -0.19976374506950378, 0.7661819458007812, 0.6107866168022156),
            ["LeftLowerArm"] = CFrame.new(-0.0004932284355163574, -0.0001004338264465332, -8.642673492431641e-07, 1, -6.332997060098933e-08, -2.211892180525865e-08, 8.195641498787154e-08, 0.9395301342010498, -0.3424663245677948, 3.7252917195473856e-08, 0.3424663543701172, 0.9395301342010498),
            ["RightUpperArm"] = CFrame.new(-0.002241790294647217, -0.032965779304504395, -1.1920928955078125e-07, 0.7080291509628296, -0.21495728194713593, 0.6726834177970886, 0.3592704236507416, 0.9297049045562744, -0.08106152713298798, -0.607963502407074, 0.2990689277648926, 0.7354767918586731),
            ["Head"] = CFrame.new(-1.341104507446289e-07, 7.152557373046875e-07, 1.4901161193847656e-07, 0.9009054899215698, 0.16235369443893433, -0.4025053083896637, -0.3005993366241455, 0.9023624062538147, -0.3088400959968567, 0.3130643367767334, 0.3992285430431366, 0.8617466688156128),
            ["RightHand"] = CFrame.new(4.2957253754138947e-08, 4.172325134277344e-07, 1.6763806343078613e-08, 0.8636377453804016, -0.24986858665943146, 0.4378305673599243, 0.30368754267692566, 0.9511104226112366, -0.056239575147628784, -0.40237271785736084, 0.18153426051139832, 0.8972967863082886),
            ["UpperTorso"] = CFrame.new(7.450580596923828e-09, -3.5762786865234375e-07, -1.1175870895385742e-08, 0.9980806112289429, 0.0022306893952190876, 0.061889611184597015, -0.031175032258033752, 0.8815942406654358, 0.47097742557525635, -0.05351101979613304, -0.47200289368629456, 0.8799716234207153),
            ["HumanoidRootPart"] = CFrame.new(0, 0, 0, 1, 0, 0, 0, 1, 0, 0, 0, 1),
            ["RightUpperLeg"] = CFrame.new(-1.7881393432617188e-07, 1.1548399925231934e-07, -3.149762051180005e-08, 0.40244272351264954, -0.19249282777309418, -0.8949784636497498, 0.26613226532936096, 0.9600195288658142, -0.08681092411279678, 0.8759071826934814, -0.20324616134166718, 0.43758144974708557),
            ["LeftUpperArm"] = CFrame.new(0.0022419095039367676, -0.0329664945602417, -1.043081283569336e-07, 0.5701116919517517, 0.43414101004600525, -0.697503924369812, -0.5841233134269714, 0.8111962676048279, 0.027465473860502243, 0.5777305960655212, 0.39176809787750244, 0.7160544991493225),
            ["RightLowerArm"] = CFrame.new(-0.00000622868537902832, 7.748603820800781e-07, 2.905726432800293e-07, 1, -1.396983329016166e-08, 2.60770320892334e-08, 4.284083843231201e-08, 0.5111242532730103, -0.8595069050788879, 3.725290298461914e-09, 0.8595068454742432, 0.5111242532730103),
            ["LeftHand"] = CFrame.new(-6.92903995513916e-07, 0.00009942054748535156, 2.551823854446411e-07, 0.9423274993896484, 0.25582921504974365, -0.21580176055431366, -0.2828362286090851, 0.9534292221069336, -0.10476848483085632, 0.17894884943962097, 0.15976278483867645, 0.9708002805709839),
            ["LeftFoot"] = CFrame.new(1.862645149230957e-09, -5.960464477539063e-08, 3.725290298461914e-08, 0.9948287606239319, -0.07081369310617447, -0.0728093832731247, 0.08950401097536087, 0.950079083442688, 0.29889610409736633, 0.04800870269536972, -0.3038671314716339, 0.9515039920806885),
            ["LowerTorso"] = CFrame.new(0.12747539579868317, -0.5752813816070557, 0.055767081677913666, 0.7500615119934082, -0.14518049359321594, 0.6452366709709167, 0.14336882531642914, 0.9881026148796082, 0.055666085332632065, -0.6456417441368103, 0.050753843039274216, 0.7619520425796509),
            ["RightLowerLeg"] = CFrame.new(-5.960464477539063e-08, -0.000003516674041748047, -0.00001337954745395109, 1, -9.238717666448792e-07, -5.960467888144194e-07, 7.189811412899871e-07, 0.3984875977039337, 0.917173445224762, -6.631017299696396e-07, -0.9171737432479858, 0.39848822355270386),
            ["LeftUpperLeg"] = CFrame.new(5.960464477539063e-08, 4.209578037261963e-07, 1.7881393432617188e-07, 0.9629716277122498, -0.09458810091018677, -0.25246554613113403, -0.224721759557724, 0.23575034737586975, -0.9454745054244995, 0.1489495486021042, 0.9671995639801025, 0.2057647556066513),
            ["LeftLowerLeg"] = CFrame.new(8.195638656616211e-08, 0.000003874301910400391, 0.00001321360468864441, 1, 1.1175869474300271e-07, 1.303851249190302e-08, -1.8067657947540283e-07, 0.5626769661903381, 0.8266769051551819, 1.2665987014770508e-07, -0.8266769051551819, 0.5626770257949829),
        }},
        {Time = 0.167, Data = {
            ["RightFoot"] = CFrame.new(-1.2665987014770508e-07, 3.5762786865234375e-07, -8.549250196665525e-09, 0.912716269493103, 0.3723019063472748, -0.1683465838432312, -0.35042765736579895, 0.5013790726661682, -0.7910873293876648, -0.21011759340763092, 0.7810316681861877, 0.588081955909729),
            ["LeftLowerArm"] = CFrame.new(-0.0004926621913909912, -0.00010025501251220703, -5.960464477539062e-07, 1, -1.0756777157894248e-07, 7.450582373280668e-09, 1.0197985744753169e-07, 0.8102495074272156, -0.5860852003097534, 4.5984069885207646e-08, 0.5860850811004639, 0.8102495074272156),
            ["RightUpperArm"] = CFrame.new(-0.002241969108581543, -0.03296518325805664, -2.9802322387695312e-08, 0.4461291432380676, -0.16252501308918, 0.8800935745239258, 0.600340723991394, 0.7836554050445557, -0.15960025787353516, -0.6637468934059143, 0.5995580554008484, 0.44717228412628174),
            ["Head"] = CFrame.new(8.940696716308594e-08, 1.1920928955078125e-07, 8.940696716308594e-08, 0.8833741545677185, 0.16770491003990173, -0.4376361072063446, -0.3362034261226654, 0.8773294687271118, -0.34243276715278625, 0.32652345299720764, 0.449631005525589, 0.8313931226730347),
            ["RightHand"] = CFrame.new(2.086162567138672e-07, 5.960464477539063e-08, 2.9802322387695312e-08, 0.8775889873504639, -0.42390280961990356, 0.2239283174276352, 0.42249080538749695, 0.9045947790145874, 0.05665645748376846, -0.22658127546310425, 0.04488656669855118, 0.9729574918746948),
            ["UpperTorso"] = CFrame.new(1.1175870895385742e-08, -4.76837158203125e-07, 3.725290298461914e-09, 0.9983547925949097, 0.01041500549763441, 0.056384727358818054, -0.037628546357154846, 0.8609963655471802, 0.5072172284126282, -0.04326431453227997, -0.5085045099258423, 0.8599717617034912),
            ["HumanoidRootPart"] = CFrame.new(0, 0, 0, 1, 0, 0, 0, 1, 0, 0, 0, 1),
            ["RightUpperLeg"] = CFrame.new(-5.960464477539063e-08, 1.2852251529693604e-07, 8.77116690389812e-08, 0.34926944971084595, -0.15470071136951447, -0.9241636991500854, 0.2465551495552063, 0.9666950106620789, -0.06863979250192642, 0.9040030241012573, -0.2038838118314743, 0.3757792115211487),
            ["LeftUpperArm"] = CFrame.new(0.002241849899291992, -0.03296661376953125, -1.4901161193847656e-08, 0.5553184747695923, 0.4081744849681854, -0.7245907187461853, -0.5365670919418335, 0.8415130972862244, 0.06281831115484238, 0.6353873610496521, 0.35390594601631165, 0.6863106489181519),
            ["RightLowerArm"] = CFrame.new(-0.0000058710575103759766, 2.980232238769531e-07, -7.636845111846924e-08, 1, -3.7252885221050747e-08, 3.7252885221050747e-08, 1.4901155864777138e-08, 0.3958001434803009, -0.9183366894721985, 3.352760202801619e-08, 0.9183366894721985, 0.3958001136779785),
            ["LeftHand"] = CFrame.new(-7.580965757369995e-07, 0.00009912252426147461, 2.8312206268310547e-07, 0.9067242741584778, 0.35453519225120544, -0.22837699949741364, -0.3611085116863251, 0.9324218034744263, 0.013794985599815845, 0.21783447265625, 0.06996063143014908, 0.9734750390052795),
            ["LeftFoot"] = CFrame.new(2.3283064365386963e-08, -5.960464477539063e-08, 9.685754776000977e-08, 0.9971103668212891, -0.050255585461854935, -0.05696779489517212, 0.06651704013347626, 0.9398012757301331, 0.335185170173645, 0.03669339790940285, -0.33800598978996277, 0.9404284954071045),
            ["LowerTorso"] = CFrame.new(0.15393704175949097, -0.6073689460754395, 0.05734116584062576, 0.6941695809364319, -0.1729556918144226, 0.6987237930297852, 0.1524006426334381, 0.9840120077133179, 0.0921659916639328, -0.7034931778907776, 0.04250712692737579, 0.7094297409057617),
            ["RightLowerLeg"] = CFrame.new(-3.725290298461914e-08, -0.0000037550926208496094, -0.000013215634680818766, 1, -4.4703472212859197e-07, -2.3841860752327193e-07, 1.3294629752635956e-07, 0.381661593914032, 0.9243020415306091, -1.1175870895385742e-07, -0.9243021011352539, 0.38166195154190063),
            ["LeftUpperLeg"] = CFrame.new(-5.960464477539063e-08, -2.942979335784912e-07, 5.960464477539063e-08, 0.962996780872345, -0.11904590576887131, -0.24179601669311523, -0.21995994448661804, 0.17127351462841034, -0.9603556394577026, 0.15573978424072266, 0.9780048131942749, 0.13875027000904083),
            ["LeftLowerLeg"] = CFrame.new(-1.1920928955078125e-07, 0.0000036954879760742188, 0.0000132732093334198, 1, 7.450577754752885e-08, 5.774197120445024e-08, 2.9802311729554276e-08, 0.5637837052345276, 0.8259225487709045, 2.9802311729554276e-08, -0.8259225487709045, 0.563783586025238),
        }},
        {Time = 0.200, Data = {
            ["RightFoot"] = CFrame.new(5.960464477539063e-08, 3.5762786865234375e-07, -5.75528247281909e-09, 0.9071092009544373, 0.3849588930606842, -0.17017532885074615, -0.3585238456726074, 0.4949130415916443, -0.7915313243865967, -0.22048500180244446, 0.7790172100067139, 0.5869570374488831),
            ["LeftLowerArm"] = CFrame.new(-0.0004923045635223389, -0.00009971857070922852, -5.364418029785156e-07, 1, -1.0430811414607888e-07, 2.6077035641947077e-08, 1.1920930376163597e-07, 0.49862557649612427, -0.8668174743652344, 7.450581307466564e-08, 0.8668174743652344, 0.4986256957054138),
            ["RightUpperArm"] = CFrame.new(-0.002241969108581543, -0.03296542167663574, -2.60770320892334e-07, 0.17273113131523132, 0.03310597687959671, 0.9844135642051697, 0.6821944713592529, 0.7168887257575989, -0.14380614459514618, -0.7104750871658325, 0.6964011788368225, 0.10124164074659348),
            ["Head"] = CFrame.new(7.450580596923828e-08, 3.5762786865234375e-07, -1.4901161193847656e-07, 0.898291289806366, 0.172313392162323, -0.40420395135879517, -0.3139755427837372, 0.8952589631080627, -0.3161185383796692, 0.3073957860469818, 0.41087672114372253, 0.8583055138587952),
            ["RightHand"] = CFrame.new(-2.9802322387695312e-08, 2.384185791015625e-07, 2.980232238769531e-07, 0.7943230867385864, -0.5621863603591919, 0.23021140694618225, 0.5683573484420776, 0.8215407729148865, 0.04517420008778572, -0.21452432870864868, 0.09495937824249268, 0.9720916152000427),
            ["UpperTorso"] = CFrame.new(6.705522537231445e-08, -1.7881393432617188e-07, -1.862645149230957e-08, 0.9991978406906128, 0.01367123145610094, 0.03764090687036514, -0.030439132824540138, 0.8700527548789978, 0.49201807379722595, -0.026023056358098984, -0.4927690625190735, 0.869770884513855),
            ["HumanoidRootPart"] = CFrame.new(0, 0, 0, 1, 0, 0, 0, 1, 0, 0, 0, 1),
            ["RightUpperLeg"] = CFrame.new(-2.384185791015625e-07, 2.6728957891464233e-07, -1.6596459317952394e-08, 0.37597253918647766, -0.20041421055793762, -0.904698371887207, 0.2626081109046936, 0.9593479037284851, -0.10338607430458069, 0.8886404037475586, -0.19871048629283905, 0.41331854462623596),
            ["LeftUpperArm"] = CFrame.new(0.0022419095039367676, -0.03296613693237305, -4.172325134277344e-07, 0.48229512572288513, 0.2216755747795105, -0.847504198551178, -0.3329358398914337, 0.9412407875061035, 0.05672667920589447, 0.8102747201919556, 0.25480520725250244, 0.5277487635612488),
            ["RightLowerArm"] = CFrame.new(-0.0000060498714447021484, 4.172325134277344e-07, -1.4901161193847656e-07, 1, -9.685752644372769e-08, -2.9802315282267955e-08, 2.607702498380604e-08, 0.4638702869415283, -0.8859030604362488, 7.450579175838357e-08, 0.8859031200408936, 0.4638702869415283),
            ["LeftHand"] = CFrame.new(-4.2654573917388916e-07, 0.00009948015213012695, 2.942979335784912e-07, 0.7648999691009521, 0.3425345718860626, -0.5455254912376404, -0.40232181549072266, 0.9154359102249146, 0.010691686533391476, 0.5030559301376343, 0.21129871904850006, 0.8380259871482849),
            ["LeftFoot"] = CFrame.new(-5.587935447692871e-09, -5.960464477539063e-08, 2.9802322387695312e-08, 0.9990820288658142, -0.02776757813990116, -0.03262043744325638, 0.03578591346740723, 0.9595593810081482, 0.2792224586009979, 0.023547986522316933, -0.2801336646080017, 0.959672212600708),
            ["LowerTorso"] = CFrame.new(0.12109053879976273, -0.6138050556182861, 0.05251706391572952, 0.7186942100524902, -0.16341246664524078, 0.6758512854576111, 0.1389256715774536, 0.9861401915550232, 0.09070415049791336, -0.6813063025474548, 0.028704538941383362, 0.7314354181289673),
            ["RightLowerLeg"] = CFrame.new(7.450580596923828e-08, -0.0000037550926208496094, -0.000013245437003206462, 1, 7.450579175838357e-08, -4.470351910867976e-08, -1.6205011377223855e-07, 0.35940247774124146, 0.9331824779510498, 5.960463766996327e-08, -0.9331826567649841, 0.35940316319465637),
            ["LeftUpperLeg"] = CFrame.new(-1.1920928955078125e-07, 2.2444874048233032e-07, 2.9802322387695312e-08, 0.9768565893173218, -0.08766331523656845, -0.19510580599308014, -0.18154922127723694, 0.14249034225940704, -0.9730038642883301, 0.11309732496738434, 0.9859065413475037, 0.12327733635902405),
            ["LeftLowerLeg"] = CFrame.new(5.21540641784668e-08, 0.0000040531158447265625, 0.000013340264558792114, 1, 2.086162567138672e-07, 2.1420419216156006e-07, -1.480803035747158e-07, 0.49162527918815613, 0.8708070516586304, 5.960465188081798e-08, -0.870806872844696, 0.4916250705718994),
        }},
        {Time = 0.233, Data = {
            ["RightFoot"] = CFrame.new(-2.2351741790771484e-08, 3.5762786865234375e-07, -4.6733475755900145e-08, 0.9005769491195679, 0.40164652466773987, -0.16625748574733734, -0.37079158425331116, 0.5101560354232788, -0.7760501503944397, -0.2268809676170349, 0.7605398893356323, 0.6083622574806213),
            ["LeftLowerArm"] = CFrame.new(-0.0004926323890686035, -0.0000997781753540039, -5.438923835754395e-07, 1, 7.450582373280668e-09, 5.960463766996327e-08, 1.06636449004327e-07, 0.49965018033981323, -0.8662273287773132, 0, 0.8662273287773132, 0.49965018033981323),
            ["RightUpperArm"] = CFrame.new(-0.0022417306900024414, -0.03296494483947754, 1.341104507446289e-07, -0.03640025481581688, 0.23050421476364136, 0.9723918437957764, 0.6656368374824524, 0.7313615679740906, -0.14844627678394318, -0.745387613773346, 0.6418551802635193, -0.18004916608333588),
            ["Head"] = CFrame.new(-2.9802322387695312e-08, 2.384185791015625e-07, 1.1920928955078125e-07, 0.9186529517173767, 0.1749233901500702, -0.3542293906211853, -0.28041258454322815, 0.920311689376831, -0.272754967212677, 0.2782902419567108, 0.3498975336551666, 0.8944977521896362),
            ["RightHand"] = CFrame.new(-5.960464477539063e-08, 0, -2.2351741790771484e-07, 0.6841567754745483, -0.6421935558319092, 0.34571248292922974, 0.678880512714386, 0.7339778542518616, 0.0199446901679039, -0.2665536105632782, 0.22105221450328827, 0.9381285905838013),
            ["UpperTorso"] = CFrame.new(-1.6298145055770874e-09, -5.066394805908203e-07, -1.280568540096283e-08, 0.9998685717582703, 0.012472380883991718, 0.01036885380744934, -0.015824871137738228, 0.8903324604034424, 0.45503586530685425, -0.00355636072345078, -0.4551401138305664, 0.8904128074645996),
            ["HumanoidRootPart"] = CFrame.new(0, 0, 0, 1, 0, 0, 0, 1, 0, 0, 0, 1),
            ["RightUpperLeg"] = CFrame.new(-2.086162567138672e-07, -5.527690518647432e-07, -1.0600342648103833e-07, 0.41785213351249695, -0.2659468352794647, -0.8687183856964111, 0.28553110361099243, 0.9461870193481445, -0.15232306718826294, 0.8624799847602844, -0.18439756333827972, 0.4713025987148285),
            ["LeftUpperArm"] = CFrame.new(0.0022417306900024414, -0.0329662561416626, -7.450580596923828e-08, 0.12097939848899841, -0.16269078850746155, -0.9792336225509644, -0.30884358286857605, 0.9313480257987976, -0.19288501143455505, 0.9433873295783997, 0.3257647156715393, 0.06242620199918747),
            ["RightLowerArm"] = CFrame.new(-0.0000054836273193359375, 8.344650268554688e-07, -1.4901161193847656e-08, 1, 0, 0, 2.9802322387695312e-08, 0.5848158001899719, -0.8111661076545715, 3.725290298461914e-09, 0.8111661076545715, 0.5848157405853271),
            ["LeftHand"] = CFrame.new(-3.2782554626464844e-07, 0.00009930133819580078, 5.6438148021698e-07, 0.740391194820404, 0.3415614366531372, -0.5789272785186768, -0.3949262201786041, 0.9179862141609192, 0.036530982702970505, 0.543924868106842, 0.2015862762928009, 0.8145605325698853),
            ["LeftFoot"] = CFrame.new(2.7241185307502747e-08, 0, 2.60770320892334e-08, 0.9998797178268433, -0.008686276152729988, -0.012851380743086338, 0.011149019934237003, 0.9784719347953796, 0.20607849955558777, 0.01078448910266161, -0.20619703829288483, 0.9784510731697083),
            ["LowerTorso"] = CFrame.new(0.06316931545734406, -0.5958700180053711, 0.04207450896501541, 0.763780951499939, -0.14521433413028717, 0.6289289593696594, 0.11296708881855011, 0.9893993735313416, 0.09125492721796036, -0.635513424873352, 0.0013494959566742182, 0.7720887660980225),
            ["RightLowerLeg"] = CFrame.new(2.9802322387695312e-08, -0.000003516674041748047, -0.0000133199428091757, 1, 3.4272667903678666e-07, 1.937151665742931e-07, -2.44937780280452e-07, 0.36470597982406616, 0.9311225414276123, 2.0116563348437921e-07, -0.9311227798461914, 0.36470648646354675),
            ["LeftUpperLeg"] = CFrame.new(-1.1920928955078125e-07, -5.675829015672207e-07, 8.195638656616211e-08, 0.9889341592788696, -0.044864848256111145, -0.14140883088111877, -0.13330668210983276, 0.14956434071063995, -0.9797244071960449, 0.06510518491268158, 0.9877336025238037, 0.1419285237789154),
            ["LeftLowerLeg"] = CFrame.new(4.6566128730773926e-08, 0.000003814697265625, 0.000013355165719985962, 1, -7.4505820180093e-08, -9.103678166866302e-08, 3.8649901057397074e-08, 0.4377504587173462, 0.8990967273712158, -2.887101047122087e-08, -0.8990966081619263, 0.4377501904964447),
        }},
        {Time = 0.267, Data = {
            ["RightFoot"] = CFrame.new(-3.725290298461914e-08, 2.980232238769531e-07, 5.571200745180249e-08, 0.8991886973381042, 0.4092179238796234, -0.15492138266563416, -0.37820956110954285, 0.5488293766975403, -0.7454822063446045, -0.22003942728042603, 0.7289218902587891, 0.6482714414596558),
            ["LeftLowerArm"] = CFrame.new(-0.0004925727844238281, -0.00009936094284057617, -7.152557373046875e-07, 1, -8.381905303167514e-08, 7.450581307466564e-08, 6.705523958316917e-08, 0.6931301951408386, -0.7208124399185181, 0, 0.7208124995231628, 0.6931301951408386),
            ["RightUpperArm"] = CFrame.new(-0.002241969108581543, -0.03296494483947754, -1.4901161193847656e-07, -0.15964651107788086, 0.3778907358646393, 0.9119868278503418, 0.6264259219169617, 0.7527800798416138, -0.20225927233695984, -0.7629570364952087, 0.5389997959136963, -0.35689109563827515),
            ["Head"] = CFrame.new(-8.940696716308594e-08, 2.384185791015625e-07, 5.960464477539063e-08, 0.9413975477218628, 0.17162947356700897, -0.29036858677864075, -0.23759189248085022, 0.9484646916389465, -0.20967799425125122, 0.23941746354103088, 0.26637953519821167, 0.9336601495742798),
            ["RightHand"] = CFrame.new(0, 1.1920928955078125e-07, 1.341104507446289e-07, 0.621195375919342, -0.6360037922859192, 0.45783811807632446, 0.7269090414047241, 0.6859197020530701, -0.03342904523015022, -0.29277917742729187, 0.3535726070404053, 0.8884069919586182),
            ["UpperTorso"] = CFrame.new(2.421438694000244e-08, -2.980232238769531e-07, 1.862645149230957e-09, 0.9998297095298767, 0.008203434757888317, -0.016530850902199745, -0.0007376288995146751, 0.9128163456916809, 0.4083697497844696, 0.01843968965113163, -0.40828797221183777, 0.912666916847229),
            ["HumanoidRootPart"] = CFrame.new(0, 0, 0, 1, 0, 0, 0, 1, 0, 0, 0, 1),
            ["RightUpperLeg"] = CFrame.new(-2.384185791015625e-07, 5.05475327372551e-07, -9.145878721028566e-09, 0.4649689793586731, -0.3170047402381897, -0.8266267776489258, 0.3150409162044525, 0.9318255186080933, -0.1801404058933258, 0.8273772597312927, -0.1766616255044937, 0.5331395268440247),
            ["LeftUpperArm"] = CFrame.new(0.002241790294647217, -0.03296661376953125, -2.682209014892578e-07, 0.050721365958452225, -0.4254707396030426, -0.9035546779632568, -0.40642547607421875, 0.817618727684021, -0.40781161189079285, 0.9122750759124756, 0.3879101872444153, -0.13144859671592712),
            ["RightLowerArm"] = CFrame.new(-0.000005751848220825195, 1.1920928955078125e-07, 1.9371509552001953e-07, 1, -5.960463056453591e-08, -1.4901161193847656e-08, 7.078052988163108e-08, 0.7405543923377991, -0.6719963550567627, 9.313227877782992e-08, 0.6719964146614075, 0.7405544519424438),
            ["LeftHand"] = CFrame.new(-4.470348358154297e-07, 0.00009942054748535156, 2.4586915969848633e-07, 0.6302429437637329, 0.3703230619430542, -0.6823889017105103, -0.6003037095069885, 0.7898150086402893, -0.12580877542495728, 0.4923710525035858, 0.48893070220947266, 0.7200815677642822),
