return {
    ["Dreamer"] = {
        {Time = 0.000, Data = {
            ["LeftFoot"] = CFrame.new(0, -1.1920928955078125e-07, 1.6391277313232422e-07, 0.9820634126663208, 0.18535812199115753, -0.03455252945423126, -0.1189979761838913, 0.751448929309845, 0.648971676826477, 0.14625659584999084, -0.6332195401191711, 0.7600276470184326),
            ["LeftLowerArm"] = CFrame.new(-1.7881393432617188e-07, 1.1920928955078125e-07, 5.960464477539063e-08, 1, -6.379559636116028e-08, 3.725290298461914e-08, 9.313225746154785e-08, 0.49435120820999146, -0.8692622780799866, 3.725290298461914e-08, 0.8692622780799866, 0.49435120820999146),
            ["LowerTorso"] = CFrame.new(1.219497901426209e-17, -0.18428170680999756, -0.3705967962741852, 0.9981823563575745, 0.060227010399103165, 0.0021770887542515993, -0.011378875933587551, 0.2238183319568634, -0.9745644927024841, -0.05918236821889877, 0.9727683663368225, 0.22409678995609283),
            ["Head"] = CFrame.new(3.725290298461914e-09, -2.384185791015625e-07, -1.2514647096395493e-07, 0.9995982646942139, -0.027812378481030464, 0.005462587811052799, 0.021811408922076225, 0.8778781294822693, 0.4783872067928314, -0.018100572749972343, -0.47807577252388, 0.8781321048736572),
            ["RightUpperArm"] = CFrame.new(-1.7881393432617188e-07, -3.5762786865234375e-07, -9.499490261077881e-08, -0.14401574432849884, 0.19238796830177307, 0.9706937670707703, 0.051069434732198715, -0.9781674742698669, 0.20144598186016083, 0.9882567524909973, 0.07858417928218842, 0.13104625046253204),
            ["UpperTorso"] = CFrame.new(-1.0477378964424133e-09, 5.960464477539063e-08, 3.856985131278634e-08, 0.9987464547157288, -0.0338408499956131, -0.03688567131757736, 0.043523795902729034, 0.9510565996170044, 0.30593642592430115, 0.024727214127779007, -0.3071581721305847, 0.9513371586799622),
            ["HumanoidRootPart"] = CFrame.new(0, 0, 0, 1, 0, 0, 0, 1, 0, 0, 0, 1),
            ["RightHand"] = CFrame.new(1.1175870895385742e-08, -5.960464477539063e-08, 4.032626748085022e-07, 1, 4.6566133171666024e-09, -5.587936158235607e-08, -2.7939677238464355e-09, 1, -5.587936335871291e-09, -1.1175870895385742e-08, -5.587936335871291e-09, 1),
            ["LeftUpperArm"] = CFrame.new(1.1920928955078125e-07, -3.5762786865234375e-07, -6.705522537231445e-08, 0.1847040206193924, -0.2185545563697815, -0.9581849575042725, -0.05413562431931496, -0.9757421612739563, 0.2121237814426422, -0.9813020825386047, 0.012691881507635117, -0.19205500185489655),
            ["RightLowerArm"] = CFrame.new(-2.980232238769531e-07, -2.384185791015625e-07, -6.705522537231445e-08, 1, -5.681068415697155e-08, -3.725290742551124e-09, 6.51925802230835e-08, 0.29697132110595703, -0.9548864364624023, 5.774199962615967e-08, 0.9548864364624023, 0.29697129130363464),
            ["LeftHand"] = CFrame.new(1.1920928955078125e-07, -5.960464477539063e-08, 2.60770320892334e-07, 1, -5.122274160385132e-09, 1.1175870895385742e-08, -2.3283064365386963e-09, 1, 4.563480615615845e-08, 4.470348358154297e-08, -1.862645149230957e-08, 1),
            ["RightUpperLeg"] = CFrame.new(0, 3.725290298461914e-08, 8.083588909357786e-09, 0.9435024261474609, 0.3311097025871277, -0.013023311272263527, -0.3258129060268402, 0.9341398477554321, 0.145700603723526, 0.060408446937799454, -0.13322579860687256, 0.9892430901527405),
            ["LeftUpperLeg"] = CFrame.new(0, -5.774199962615967e-08, 1.4621764421463013e-07, 0.6699241399765015, -0.4009002149105072, 0.6248845458030701, 0.6753591895103455, 0.6786597371101379, -0.2886367738246918, -0.30836933851242065, 0.6153861880302429, 0.7254020571708679),
            ["RightLowerLeg"] = CFrame.new(-7.450580596923828e-08, -0.00012230873107910156, -0.00007739796274108812, 1, -4.470348358154297e-08, -7.450581485102248e-09, 4.8428766774577525e-08, 0.9077737331390381, 0.41946008801460266, -1.3969836398786128e-09, -0.4194601774215698, 0.9077738523483276),
            ["RightFoot"] = CFrame.new(-1.4901161193847656e-08, 2.384185791015625e-07, 1.1904194252565503e-07, 0.9918612241744995, -0.061772942543029785, -0.11133531481027603, 0.0894579067826271, 0.960328221321106, 0.26413479447364807, 0.09060204774141312, -0.27194494009017944, 0.958038330078125),
            ["LeftLowerLeg"] = CFrame.new(7.450580596923828e-08, 0.0001227259635925293, 0.0000771060585975647, 1, 7.450580596923828e-08, -2.2351738238057806e-08, -5.960464477539063e-08, 0.6707355976104736, 0.7416965365409851, 2.2351741790771484e-08, -0.7416966557502747, 0.6707357168197632),
        }},
        {Time = 0.025, Data = {
            ["LeftFoot"] = CFrame.new(0, -5.960464477539063e-08, -3.725290298461914e-08, 0.9818910360336304, 0.18606743216514587, -0.035621657967567444, -0.11906272917985916, 0.7523437142372131, 0.6479222774505615, 0.14735689759254456, -0.6319476962089539, 0.7608731389045715),
            ["LeftLowerArm"] = CFrame.new(1.1920928955078125e-07, 1.1920928955078125e-07, 1.1920928955078125e-07, 1, -5.21540641784668e-08, 1.4901161193847656e-08, 7.078052277620372e-08, 0.49435123801231384, -0.8692623376846313, 4.0978196835794733e-08, 0.8692623376846313, 0.49435120820999146),
            ["LowerTorso"] = CFrame.new(1.219497901426209e-17, -0.18204092979431152, -0.3705856502056122, 0.9981809854507446, 0.06025084853172302, 0.00217679375782609, -0.011386997066438198, 0.2238588184118271, -0.9745551347732544, -0.0592050701379776, 0.9727575182914734, 0.22413766384124756),
            ["Head"] = CFrame.new(-1.862645149230957e-09, 1.1920928955078125e-07, 2.5029294192790985e-07, 0.9995983839035034, -0.02781539037823677, 0.0054387059062719345, 0.02180997096002102, 0.877467691898346, 0.47913962602615356, -0.018099749460816383, -0.4788285195827484, 0.877721905708313),
            ["RightUpperArm"] = CFrame.new(0, 0, 4.842877388000488e-08, -0.14401549100875854, 0.19238780438899994, 0.970693826675415, 0.05106160789728165, -0.9781680107116699, 0.2014448493719101, 0.9882572293281555, 0.07857637107372284, 0.13104772567749023),
            ["UpperTorso"] = CFrame.new(-3.841705620288849e-09, 0, 7.911148713901639e-08, 0.9987466931343079, -0.03388246148824692, -0.03684067726135254, 0.04352691397070885, 0.9513370990753174, 0.30506274104118347, 0.024711621925234795, -0.3062839210033417, 0.9516194462776184),
            ["HumanoidRootPart"] = CFrame.new(0, 0, 0, 1, 0, 0, 0, 1, 0, 0, 0, 1),
            ["RightHand"] = CFrame.new(-1.30385160446167e-08, 0, 1.2014061212539673e-07, 1, 0, 9.313225746154785e-09, -4.6566133171666024e-09, 1, -1.862645149230957e-09, -2.2351745343485163e-08, 3.725290298461914e-09, 1),
            ["LeftUpperArm"] = CFrame.new(1.1920928955078125e-07, 0, 2.998858690261841e-07, 0.18470345437526703, -0.2185547947883606, -0.9581850171089172, -0.054121144115924835, -0.9757423996925354, 0.2121269255876541, -0.9813030362129211, 0.01267743855714798, -0.19205154478549957),
            ["RightLowerArm"] = CFrame.new(5.960464477539063e-08, 2.980232238769531e-07, 6.705522537231445e-08, 1, -7.543712854385376e-08, 8.940698137394065e-08, 7.636845111846924e-08, 0.29697132110595703, -0.9548864364624023, 5.960464477539063e-08, 0.9548863768577576, 0.29697132110595703),
            ["LeftHand"] = CFrame.new(5.960464477539063e-08, 5.960464477539063e-08, -1.7881393432617188e-07, 1, -2.3283067918100642e-08, -1.1175872671742582e-08, 1.862645371275562e-09, 1, 4.190951941041021e-08, 0, 4.5169151974278066e-08, 1),
            ["RightUpperLeg"] = CFrame.new(5.960464477539063e-08, -1.1175870895385742e-08, 2.822343958541751e-08, 0.9435957074165344, 0.33088627457618713, -0.011893187649548054, -0.3254871368408203, 0.9335872530937195, 0.14990927278995514, 0.06070622056722641, -0.1375826746225357, 0.9886282682418823),
            ["LeftUpperLeg"] = CFrame.new(-5.960464477539063e-08, -6.891787052154541e-08, -5.820766091346741e-10, 0.6698526740074158, -0.4008631408214569, 0.6249850988388062, 0.6748949885368347, 0.6796318292617798, -0.2874322533607483, -0.30953869223594666, 0.6143364906311035, 0.7257936000823975),
            ["RightLowerLeg"] = CFrame.new(-4.470348358154297e-08, -0.0001226663589477539, -0.00007734858809271827, 1, -2.980232594040899e-08, 7.450581485102248e-09, 5.5879340266073996e-08, 0.9104174971580505, 0.4136904180049896, -9.429638403446461e-09, -0.4136907160282135, 0.9104177355766296),
            ["RightFoot"] = CFrame.new(2.9802322387695312e-08, 1.7881393432617188e-07, -4.300818545743823e-08, 0.9919093251228333, -0.06179697811603546, -0.11089212447404861, 0.08953322470188141, 0.9598106741905212, 0.2659836709499359, 0.08999843150377274, -0.27376025915145874, 0.9575780630111694),
            ["LeftLowerLeg"] = CFrame.new(5.960464477539063e-08, 0.00012290477752685547, 0.00007750838994979858, 1, 1.6391281576488836e-07, 0, -8.940698137394065e-08, 0.6704888939857483, 0.7419195771217346, 1.4901162970204496e-08, -0.7419196963310242, 0.6704889535903931),
        }},
        {Time = 0.050, Data = {
            ["LeftFoot"] = CFrame.new(2.9802322387695312e-08, 5.960464477539063e-08, 2.086162567138672e-07, 0.981715738773346, 0.18678799271583557, -0.036668527871370316, -0.11914627254009247, 0.7532018423080444, 0.6469086408615112, 0.14845353364944458, -0.6307116150856018, 0.7616853713989258),
            ["LeftLowerArm"] = CFrame.new(-3.2782554626464844e-07, 0, -1.1920928955078125e-07, 1, -6.519257311765614e-08, 1.4901159417490817e-08, 7.078051567077637e-08, 0.49435123801231384, -0.8692622184753418, 2.9802322387695312e-08, 0.8692622780799866, 0.49435120820999146),
            ["LowerTorso"] = CFrame.new(1.219497901426209e-17, -0.1797705888748169, -0.3705871105194092, 0.9981811046600342, 0.060247667133808136, 0.0021768405567854643, -0.011385911144316196, 0.22385340929031372, -0.9745563864707947, -0.05920204147696495, 0.9727588891983032, 0.224132239818573),
            ["Head"] = CFrame.new(1.862645149230957e-09, -1.1920928955078125e-07, 1.4773104339838028e-07, 0.9995983839035034, -0.027818523347377777, 0.005413571372628212, 0.021808434277772903, 0.87703537940979, 0.4799310266971588, -0.0180988647043705, -0.47961995005607605, 0.8772894740104675),
            ["RightUpperArm"] = CFrame.new(-5.960464477539063e-08, -1.1920928955078125e-07, 2.9802322387695312e-08, -0.14401498436927795, 0.19238749146461487, 0.9706940054893494, 0.05103848874568939, -0.9781700372695923, 0.2014414221048355, 0.988258421421051, 0.07855324447154999, 0.13105183839797974),
            ["UpperTorso"] = CFrame.new(-2.2118911147117615e-09, 2.9802322387695312e-08, -9.766517905518413e-08, 0.9987480640411377, -0.033898916095495224, -0.03678567335009575, 0.043502211570739746, 0.951628565788269, 0.3041556775569916, 0.02469574846327305, -0.305375337600708, 0.9519118666648865),
            ["HumanoidRootPart"] = CFrame.new(0, 0, 0, 1, 0, 0, 0, 1, 0, 0, 0, 1),
            ["RightHand"] = CFrame.new(2.980232238769531e-07, -5.960464477539063e-08, -1.3690441846847534e-07, 1, 6.51925713412993e-09, 3.725290298461914e-08, 8.381903171539307e-09, 1, -1.862645149230957e-09, -4.6566128730773926e-08, 1.303851426825986e-08, 1),
            ["LeftUpperArm"] = CFrame.new(0, -1.1920928955078125e-07, 5.681067705154419e-08, 0.18470260500907898, -0.2185554802417755, -0.958185076713562, -0.054078128188848495, -0.9757428169250488, 0.21213601529598236, -0.9813055396080017, 0.01263477373868227, -0.19204121828079224),
            ["RightLowerArm"] = CFrame.new(4.172325134277344e-07, 5.960464477539063e-08, 1.862645149230957e-07, 1, -1.0058283805847168e-07, 1.7508862981685525e-07, 7.078050856534901e-08, 0.2969713509082794, -0.9548863768577576, 5.774199252073231e-08, 0.9548864364624023, 0.29697132110595703),
            ["LeftHand"] = CFrame.new(1.434236764907837e-07, 5.960464477539063e-08, -6.705522537231445e-08, 1, -3.632158396271734e-08, 5.960464477539063e-08, -2.1420420992512845e-08, 1, 3.818422555923462e-08, 5.2154071283894154e-08, 3.864989039925604e-08, 1),
            ["RightUpperLeg"] = CFrame.new(-2.9802322387695312e-08, 9.685754776000977e-08, -1.2835516827180982e-07, 0.94367915391922, 0.33068621158599854, -0.010797047056257725, -0.32518529891967773, 0.9330122470855713, 0.15408611297607422, 0.061027947813272476, -0.14189700782299042, 0.9879984855651855),
            ["LeftUpperLeg"] = CFrame.new(5.960464477539063e-08, 1.862645149230957e-08, -1.3457611203193665e-07, 0.6697834730148315, -0.4007967710494995, 0.6251018643379211, 0.6744154095649719, 0.6806134581565857, -0.2862328588962555, -0.3107314705848694, 0.6132923364639282, 0.7261670231819153),
            ["RightLowerLeg"] = CFrame.new(-1.341104507446289e-07, -0.00012218952178955078, -0.00007724120223429054, 1, -8.940696716308594e-08, -3.725290653733282e-08, 5.960465898624534e-08, 0.9129965901374817, 0.407967209815979, -3.3935073417978856e-08, -0.40796732902526855, 0.9129965901374817),
            ["RightFoot"] = CFrame.new(2.9802322387695312e-08, 3.5762786865234375e-07, -1.0447547538205981e-07, 0.9919573664665222, -0.061826013028621674, -0.11044628918170929, 0.08961193263530731, 0.9592853784561157, 0.26784548163414, 0.0893896073102951, -0.27558884024620056, 0.9571105241775513),
            ["LeftLowerLeg"] = CFrame.new(4.470348358154297e-08, 0.00012284517288208008, 0.00007751584053039551, 1, 1.4901157641133977e-08, 0, -1.1920930376163597e-07, 0.6702435612678528, 0.7421411871910095, 8.195639367158947e-08, -0.7421411275863647, 0.6702435612678528),
        }},
        {Time = 0.075, Data = {
            ["LeftFoot"] = CFrame.new(-1.4901161193847656e-07, -5.960464477539063e-08, 1.2293457984924316e-07, 0.9815375208854675, 0.18751932680606842, -0.037693481892347336, -0.11924809962511063, 0.7540241479873657, 0.6459315419197083, 0.14954635500907898, -0.6295109987258911, 0.762464165687561),
            ["LeftLowerArm"] = CFrame.new(-1.1920928955078125e-07, 4.172325134277344e-07, -1.6391277313232422e-07, 1, -5.587935447692871e-08, 8.568166975919667e-08, 8.940698137394065e-08, 0.49435123801231384, -0.8692622184753418, 1.862645326866641e-08, 0.8692623376846313, 0.49435120820999146),
            ["LowerTorso"] = CFrame.new(1.219497901426209e-17, -0.17747235298156738, -0.3706008791923523, 0.9981828927993774, 0.06021810695528984, 0.0021772291511297226, -0.011375829577445984, 0.2238033562898636, -0.9745679497718811, -0.05917390435934067, 0.9727723002433777, 0.22408170998096466),
            ["Head"] = CFrame.new(5.587935447692871e-09, 0, 2.769520506262779e-07, 0.9995983839035034, -0.02782176062464714, 0.0053872764110565186, 0.021806824952363968, 0.8765819668769836, 0.4807584881782532, -0.01809793710708618, -0.4804478883743286, 0.8768364787101746),
            ["RightUpperArm"] = CFrame.new(-1.1920928955078125e-07, 0, 1.7881393432617188e-07, -0.1440141797065735, 0.1923869103193283, 0.9706942439079285, 0.051000338047742844, -0.9781730771064758, 0.20143572986125946, 0.9882605671882629, 0.07851526141166687, 0.13105890154838562),
            ["UpperTorso"] = CFrame.new(-1.862645149230957e-09, 5.960464477539063e-08, 3.5077391657978296e-08, 0.9987507462501526, -0.0338907316327095, -0.03672109916806221, 0.043450385332107544, 0.9519301652908325, 0.30321794748306274, 0.024679644033312798, -0.30443474650382996, 0.9522134065628052),
            ["HumanoidRootPart"] = CFrame.new(0, 0, 0, 1, 0, 0, 0, 1, 0, 0, 0, 1),
            ["RightHand"] = CFrame.new(1.2665987014770508e-07, -5.960464477539063e-08, 3.864988684654236e-07, 1, 0, 3.725289943190546e-08, 3.7252898543727042e-09, 1, 5.587934559514451e-09, 5.215405707303944e-08, 5.587935447692871e-09, 1),
            ["LeftUpperArm"] = CFrame.new(5.960464477539063e-08, 0, 4.7497451305389404e-08, 0.18470077216625214, -0.21855659782886505, -0.958185076713562, -0.05400712043046951, -0.9757434129714966, 0.21215108036994934, -0.9813097715377808, 0.01256438810378313, -0.19202424585819244),
            ["RightLowerArm"] = CFrame.new(0, 0, 2.2351741790771484e-08, 1, -7.450581307466564e-08, 5.960465188081798e-08, 1.5273690223693848e-07, 0.2969713509082794, -0.9548864960670471, 8.009374141693115e-08, 0.9548863768577576, 0.29697132110595703),
            ["LeftHand"] = CFrame.new(5.587935447692871e-08, 0, -3.203749656677246e-07, 1, -1.210719524635806e-08, -7.450581485102248e-09, 1.30385160446167e-08, 1, 3.2596294552433847e-09, -3.3527612686157227e-08, 3.678724525002508e-08, 1),
            ["RightUpperLeg"] = CFrame.new(0, 9.313225746154785e-08, 7.001654012128711e-08, 0.943752646446228, 0.33050915598869324, -0.009735130704939365, -0.3249068856239319, 0.9324159622192383, 0.15822798013687134, 0.06137301027774811, -0.1461651772260666, 0.987354576587677),
            ["LeftUpperLeg"] = CFrame.new(5.960464477539063e-08, 5.960464477539063e-08, 3.2247044146060944e-08, 0.6697165369987488, -0.4007014334201813, 0.6252344250679016, 0.6739205718040466, 0.6816039085388184, -0.2850388288497925, -0.3119468092918396, 0.612253725528717, 0.7265224456787109),
            ["RightLowerLeg"] = CFrame.new(-4.470348358154297e-08, -0.00012230873107910156, -0.00007729310163995251, 1, -1.0430815677864302e-07, -2.9802322387695312e-08, 1.1175872671742582e-08, 0.915509819984436, 0.4022955596446991, -2.2933821952619837e-08, -0.40229591727256775, 0.9155098795890808),
            ["RightFoot"] = CFrame.new(-1.4901161193847656e-08, 2.980232238769531e-07, 1.7305865185335279e-07, 0.9920050501823425, -0.061859868466854095, -0.10999773442745209, 0.08969378471374512, 0.9587530493736267, 0.2697179913520813, 0.0887758880853653, -0.2774274945259094, 0.9566361904144287),
            ["LeftLowerLeg"] = CFrame.new(-1.4901161193847656e-08, 0.00012290477752685547, 0.00007744133472442627, 1, 5.960464477539063e-08, 5.2154071283894154e-08, -8.940698137394065e-08, 0.6700000762939453, 0.7423607707023621, 7.450581307466564e-08, -0.7423610687255859, 0.6700003743171692),
        }},
        {Time = 0.100, Data = {
            ["LeftFoot"] = CFrame.new(-2.9802322387695312e-08, 0, -6.705522537231445e-08, 0.9813563823699951, 0.1882615089416504, -0.038697250187397, -0.11936783045530319, 0.7548103928565979, 0.6449900269508362, 0.15063585340976715, -0.6283461451530457, 0.7632105946540833),
            ["LeftLowerArm"] = CFrame.new(5.960464477539063e-08, 1.1920928955078125e-07, 0, 1, -3.725290298461914e-08, 9.313227167240257e-08, 6.705523247774181e-08, 0.49435120820999146, -0.8692623376846313, 4.0978196835794733e-08, 0.8692622780799866, 0.49435126781463623),
            ["LowerTorso"] = CFrame.new(1.219497901426209e-17, -0.17514753341674805, -0.37062662839889526, 0.9981862306594849, 0.060162756592035294, 0.00217794394120574, -0.011356960982084274, 0.2237090766429901, -0.9745897650718689, -0.05912123993039131, 0.9727973341941833, 0.22398658096790314),
            ["Head"] = CFrame.new(0, -2.384185791015625e-07, 9.813811630010605e-08, 0.999598503112793, -0.027825096622109413, 0.005359904374927282, 0.02180514857172966, 0.8761093020439148, 0.4816192388534546, -0.018096966668963432, -0.4813089966773987, 0.8763642311096191),
            ["RightUpperArm"] = CFrame.new(0, -1.1920928955078125e-07, 2.421438694000244e-08, -0.14401285350322723, 0.192386195063591, 0.9706944823265076, 0.05094761773943901, -0.9781774282455444, 0.2014278769493103, 0.9882634878158569, 0.0784628614783287, 0.13106867671012878),
            ["UpperTorso"] = CFrame.new(-4.656612873077393e-10, 0, -2.3504981072619557e-08, 0.998754620552063, -0.03385837748646736, -0.036647409200668335, 0.04337212070822716, 0.952240526676178, 0.30225321650505066, 0.02466334030032158, -0.303466260433197, 0.9525229930877686),
            ["HumanoidRootPart"] = CFrame.new(0, 0, 0, 1, 0, 0, 0, 1, 0, 0, 0, 1),
            ["RightHand"] = CFrame.new(8.754432201385498e-08, 5.960464477539063e-08, 2.421438694000244e-07, 1, -7.450580596923828e-09, 2.7939677238464355e-08, 1.955777406692505e-08, 1, -3.725290298461914e-09, -3.725290298461914e-08, -2.2351741790771484e-08, 1),
            ["LeftUpperArm"] = CFrame.new(1.1920928955078125e-07, -1.1920928955078125e-07, -3.725290298461914e-08, 0.18469856679439545, -0.218558207154274, -0.9581851959228516, -0.053908947855234146, -0.9757443070411682, 0.21217192709445953, -0.9813156723976135, 0.0124669773504138, -0.19200065732002258),
            ["RightLowerArm"] = CFrame.new(5.960464477539063e-08, -1.1920928955078125e-07, 7.450580596923828e-09, 1, -8.288770914077759e-08, 7.823108916227284e-08, 1.0803340444454079e-07, 0.2969713509082794, -0.9548864364624023, 6.891786341611805e-08, 0.9548863768577576, 0.29697126150131226),
            ["LeftHand"] = CFrame.new(-5.029141902923584e-08, -1.1920928955078125e-07, 4.0605664253234863e-07, 1, -3.818422555923462e-08, -3.7252898543727042e-09, 2.6077035641947077e-08, 1, 3.4924592995366766e-08, 1.862645326866641e-08, 3.026798367500305e-08, 1),
            ["RightUpperLeg"] = CFrame.new(-2.9802322387695312e-08, -4.470348358154297e-08, 1.0761141311377287e-08, 0.9438165426254272, 0.33035528659820557, -0.008706171996891499, -0.3246511220932007, 0.9317985773086548, 0.16233599185943604, 0.061740946024656296, -0.1503891497850418, 0.9866971969604492),
            ["LeftUpperLeg"] = CFrame.new(0, 1.4901161193847656e-08, -1.6205012798309326e-07, 0.6696517467498779, -0.4005780816078186, 0.6253830194473267, 0.6734107136726379, 0.6826034784317017, -0.2838495671749115, -0.3131847381591797, 0.6112199425697327, 0.7268600463867188),
            ["RightLowerLeg"] = CFrame.new(-2.9802322387695312e-08, -0.00012236833572387695, -0.0000774812579038553, 1, -8.940695295223122e-08, -4.470348358154297e-08, 7.078051567077637e-08, 0.9179593324661255, 0.3966743052005768, -2.2351741790771484e-08, -0.39667460322380066, 0.9179593920707703),
            ["RightFoot"] = CFrame.new(7.450580596923828e-08, 1.1920928955078125e-07, 5.012407200410962e-08, 0.992052435874939, -0.061898767948150635, -0.10954684764146805, 0.08977857232093811, 0.9582134485244751, 0.2716006338596344, 0.08815746009349823, -0.279276967048645, 0.9561551213264465),
            ["LeftLowerLeg"] = CFrame.new(-7.450580596923828e-08, 0.00012284517288208008, 0.00007735192775726318, 1, 1.341104365337742e-07, 7.4505820180093e-08, -1.341104507446289e-07, 0.6697593331336975, 0.7425785064697266, 4.470348358154297e-08, -0.7425783276557922, 0.6697591543197632),
        }},
        {Time = 0.125, Data = {
            ["LeftFoot"] = CFrame.new(-5.960464477539063e-08, -1.7881393432617188e-07, 9.685754776000977e-08, 0.9811724424362183, 0.18901388347148895, -0.03967897966504097, -0.11950518935918808, 0.7555623650550842, 0.6440836787223816, 0.15172064304351807, -0.6272155046463013, 0.7639252543449402),
            ["LeftLowerArm"] = CFrame.new(-1.1920928955078125e-07, -5.960464477539063e-08, -5.960464477539063e-08, 1, -8.00937343115038e-08, 4.470348358154297e-08, 8.940696716308594e-08, 0.49435123801231384, -0.8692623376846313, 3.3527612686157227e-08, 0.8692622184753418, 0.49435123801231384),
            ["LowerTorso"] = CFrame.new(1.219497901426209e-17, -0.1727977991104126, -0.37066414952278137, 0.9981910586357117, 0.06008226051926613, 0.0021789881866425276, -0.011329521425068378, 0.22357183694839478, -0.9746216535568237, -0.05904463306069374, 0.9728339314460754, 0.2238481193780899),
            ["Head"] = CFrame.new(3.725290298461914e-09, -1.1920928955078125e-07, -3.573950380086899e-08, 0.9995985627174377, -0.027828514575958252, 0.005331556312739849, 0.021803399547934532, 0.8756189942359924, 0.48251014947891235, -0.0180959589779377, -0.48220017552375793, 0.8758742213249207),
            ["RightUpperArm"] = CFrame.new(-5.960464477539063e-08, 0, -2.60770320892334e-08, -0.1440112441778183, 0.1923852115869522, 0.9706950187683105, 0.05088069289922714, -0.9781830310821533, 0.2014179229736328, 0.988267183303833, 0.07839605212211609, 0.13108067214488983),
            ["UpperTorso"] = CFrame.new(-1.0477378964424133e-09, 0, -4.4419721234589815e-09, 0.9987594485282898, -0.03380236402153969, -0.03656503185629845, 0.043268125504255295, 0.9525586366653442, 0.3012639284133911, 0.02464688941836357, -0.302472323179245, 0.9528394341468811),
            ["HumanoidRootPart"] = CFrame.new(0, 0, 0, 1, 0, 0, 0, 1, 0, 0, 0, 1),
            ["RightHand"] = CFrame.new(1.1920928955078125e-07, 0, 1.7508864402770996e-07, 1, -9.313225746154785e-10, 4.0978193283081055e-08, -1.210719347000122e-08, 1, -3.725290298461914e-09, 3.725290298461914e-09, -3.725290298461914e-09, 1),
            ["LeftUpperArm"] = CFrame.new(5.960464477539063e-08, 0, -7.35744833946228e-08, 0.18469549715518951, -0.21856017410755157, -0.9581853151321411, -0.0537840835750103, -0.975745439529419, 0.2121984213590622, -0.9813230037689209, 0.012343068607151508, -0.19197073578834534),
            ["RightLowerArm"] = CFrame.new(-1.7881393432617188e-07, 1.1920928955078125e-07, -1.1175870895385742e-07, 1, -9.220093488693237e-08, 5.960464477539063e-08, 1.1362135410308838e-07, 0.2969713509082794, -0.9548864960670471, 7.450580596923828e-08, 0.9548863768577576, 0.29697132110595703),
            ["LeftHand"] = CFrame.new(1.0989606380462646e-07, -2.384185791015625e-07, 2.980232238769531e-07, 1, 8.381904059717726e-09, -3.352760913344355e-08, 2.9802318834981634e-08, 1, 2.7939672797572257e-09, 0, 2.7008358216562556e-08, 1),
            ["RightUpperLeg"] = CFrame.new(5.960464477539063e-08, 1.6763806343078613e-08, -2.510205376893282e-09, 0.9438711404800415, 0.3302238881587982, -0.007712012156844139, -0.3244178891181946, 0.9311622977256775, 0.16640205681324005, 0.06213105842471123, -0.15456029772758484, 0.9860278367996216),
            ["LeftUpperLeg"] = CFrame.new(0, 2.60770320892334e-08, 2.612359821796417e-07, 0.6695888042449951, -0.4004267454147339, 0.625547468662262, 0.6728865504264832, 0.6836103796958923, -0.28266671299934387, -0.3144433796405792, 0.6101928353309631, 0.7271794676780701),
            ["RightLowerLeg"] = CFrame.new(-2.9802322387695312e-08, -0.00012230873107910156, -0.00007725878822384402, 1, -5.960465188081798e-08, -2.2351741790771484e-08, 3.725290653733282e-08, 0.9203405380249023, 0.39111799001693726, -2.8405342078485774e-08, -0.39111819863319397, 0.9203405976295471),
            ["RightFoot"] = CFrame.new(1.4901161193847656e-08, 2.384185791015625e-07, -9.888753993436694e-08, 0.9920997619628906, -0.061942316591739655, -0.10909371823072433, 0.0898657813668251, 0.9576687812805176, 0.2734864056110382, 0.08753522485494614, -0.2811296880245209, 0.9556693434715271),
            ["LeftLowerLeg"] = CFrame.new(2.9802322387695312e-08, 0.0001226663589477539, 0.00007753074169158936, 1, 1.4901159772762185e-07, 5.960464477539063e-08, -8.940696716308594e-08, 0.6695189476013184, 0.7427951693534851, 4.470348358154297e-08, -0.7427950501441956, 0.6695188283920288),
        }},
        {Time = 0.150, Data = {
            ["LeftFoot"] = CFrame.new(-5.960464477539063e-08, 5.960464477539063e-08, 2.682209014892578e-07, 0.9809859395027161, 0.1897764801979065, -0.04063901677727699, -0.11965976655483246, 0.7562800645828247, 0.6432122588157654, 0.15280111134052277, -0.6261193752288818, 0.7646087408065796),
            ["LeftLowerArm"] = CFrame.new(-1.4901161193847656e-07, 1.1920928955078125e-07, -1.341104507446289e-07, 1, -5.4948024796885875e-08, 3.725289943190546e-08, 5.21540641784668e-08, 0.49435120820999146, -0.8692622780799866, 5.587935447692871e-08, 0.8692622184753418, 0.49435117840766907),
            ["LowerTorso"] = CFrame.new(1.219497901426209e-17, -0.17042458057403564, -0.37071308493614197, 0.9981973767280579, 0.059977203607559204, 0.002180370967835188, -0.011293747462332249, 0.2233935445547104, -0.9746628999710083, -0.05894462764263153, 0.9728814363479614, 0.2236681878566742),
            ["Head"] = CFrame.new(-7.450580596923828e-09, 2.384185791015625e-07, -1.280568540096283e-07, 0.9995985627174377, -0.02783201076090336, 0.0053023165091872215, 0.02180159091949463, 0.8751123547554016, 0.4834285080432892, -0.01809491217136383, -0.4831189215183258, 0.8753678202629089),
            ["RightUpperArm"] = CFrame.new(0, 1.1920928955078125e-07, 2.7939677238464355e-08, -0.14400941133499146, 0.19238398969173431, 0.9706955552101135, 0.05079976096749306, -0.9781897068023682, 0.2014058232307434, 0.9882715344429016, 0.07831539213657379, 0.13109543919563293),
            ["UpperTorso"] = CFrame.new(1.862645149230957e-09, -2.9802322387695312e-08, 1.4801116776652634e-07, 0.9987654089927673, -0.033723171800374985, -0.03647436574101448, 0.04313903674483299, 0.9528838396072388, 0.3002522885799408, 0.02463037334382534, -0.3014550805091858, 0.9531621932983398),
            ["HumanoidRootPart"] = CFrame.new(0, 0, 0, 1, 0, 0, 0, 1, 0, 0, 0, 1),
            ["RightHand"] = CFrame.new(-1.4901161193847656e-07, -5.960464477539063e-08, 3.119930624961853e-07, 1, 1.8626449271863521e-09, -1.862644971595273e-08, -9.313225746154785e-10, 1, 1.8626449271863521e-09, 3.725290298461914e-08, -1.8626449271863521e-09, 1),
            ["LeftUpperArm"] = CFrame.new(0, 1.1920928955078125e-07, 1.0617077350616455e-07, 0.1846918910741806, -0.2185625433921814, -0.9581853747367859, -0.05363329499959946, -0.975746750831604, 0.21223041415214539, -0.981332004070282, 0.012193435803055763, -0.19193492829799652),
            ["RightLowerArm"] = CFrame.new(-3.2782554626464844e-07, 1.1920928955078125e-07, -1.4901161193847656e-08, 1, -4.284084909045305e-08, 6.891787762697277e-08, 5.587936158235607e-08, 0.29697132110595703, -0.9548864364624023, 5.587936158235607e-08, 0.9548864960670471, 0.29697132110595703),
            ["LeftHand"] = CFrame.new(-2.3096799850463867e-07, -5.960464477539063e-08, -2.7939677238464355e-07, 1, 1.862645371275562e-09, -1.1175872671742582e-08, -9.313226634333205e-09, 1, 3.771856782464056e-08, 1.4901162970204496e-08, 6.658957119043407e-08, 1),
            ["RightUpperLeg"] = CFrame.new(1.1920928955078125e-07, 0, -2.7772330213338137e-08, 0.9439166784286499, 0.3301149904727936, -0.006751107517629862, -0.32420650124549866, 0.9305077791213989, 0.1704268902540207, 0.0625423938035965, -0.15868014097213745, 0.9853472113609314),
            ["LeftUpperLeg"] = CFrame.new(-1.1920928955078125e-07, 5.587935447692871e-09, 2.862652763724327e-07, 0.6695273518562317, -0.40024808049201965, 0.6257273554801941, 0.6723488569259644, 0.6846240758895874, -0.2814907133579254, -0.31572186946868896, 0.6091727018356323, 0.7274807691574097),
            ["RightLowerLeg"] = CFrame.new(-2.9802322387695312e-08, -0.00012242794036865234, -0.00007717106927884743, 1, -2.9802318834981634e-08, -1.4901161193847656e-08, 5.215404996761208e-08, 0.9226562976837158, 0.38562318682670593, -2.1420413887085488e-08, -0.3856232166290283, 0.9226564168930054),
            ["RightFoot"] = CFrame.new(-5.960464477539063e-08, 4.76837158203125e-07, -2.029992174357176e-09, 0.9921466708183289, -0.06199055165052414, -0.1086384654045105, 0.08995514363050461, 0.9571185111999512, 0.27537670731544495, 0.08690912276506424, -0.28298670053482056, 0.9551782608032227),
            ["LeftLowerLeg"] = CFrame.new(4.470348358154297e-08, 0.00012248754501342773, 0.00007738173007965088, 1, 1.043081283569336e-07, 0, -8.940695295223122e-08, 0.6692800521850586, 0.7430103421211243, 2.9802318834981634e-08, -0.7430103421211243, 0.669279932975769),
        }},
        {Time = 0.175, Data = {
            ["LeftFoot"] = CFrame.new(-1.7881393432617188e-07, 5.960464477539063e-08, 3.725290298461914e-09, 0.9807968735694885, 0.19054895639419556, -0.041577596217393875, -0.11983144283294678, 0.756965160369873, 0.6423738598823547, 0.153876394033432, -0.6250560283660889, 0.7652629017829895),
            ["LeftLowerArm"] = CFrame.new(3.5762786865234375e-07, -5.960464477539063e-08, 2.2351741790771484e-07, 1, -6.23986053938097e-08, 3.725290298461914e-08, 7.078051567077637e-08, 0.49435120820999146, -0.8692623376846313, 2.60770320892334e-08, 0.8692622184753418, 0.49435120820999146),
            ["LowerTorso"] = CFrame.new(1.219497901426209e-17, -0.16802942752838135, -0.37077319622039795, 0.9982051253318787, 0.05984821543097496, 0.0021820906549692154, -0.011249839328229427, 0.22317369282245636, -0.9747138023376465, -0.058821871876716614, 0.9729397892951965, 0.22344639897346497),
            ["Head"] = CFrame.new(-1.862645149230957e-09, 0, -2.420274540781975e-07, 0.9995986819267273, -0.027835549786686897, 0.005272270645946264, 0.021799728274345398, 0.8745909929275513, 0.4843713641166687, -0.01809382252395153, -0.48406198620796204, 0.8748466372489929),
            ["RightUpperArm"] = CFrame.new(-1.7881393432617188e-07, 0, -2.2351741790771484e-07, -0.14400726556777954, 0.19238266348838806, 0.9706960916519165, 0.0507054328918457, -0.9781975746154785, 0.2013917714357376, 0.9882767796516418, 0.078221395611763, 0.13111241161823273),
            ["UpperTorso"] = CFrame.new(-1.1641532182693481e-10, 0, -4.5649358071386814e-08, 0.9987725019454956, -0.03362131491303444, -0.03637595847249031, 0.04298561066389084, 0.9532144665718079, 0.29922303557395935, 0.02461380511522293, -0.300419420003891, 0.9534896612167358),
            ["HumanoidRootPart"] = CFrame.new(0, 0, 0, 1, 0, 0, 0, 1, 0, 0, 0, 1),
            ["RightHand"] = CFrame.new(-1.2665987014770508e-07, -5.960464477539063e-08, 1.3131648302078247e-07, 1, -3.725290298461914e-09, -7.450580596923828e-09, 1.862645149230957e-08, 1, 0, -1.1175870895385742e-08, 0, 1),
            ["LeftUpperArm"] = CFrame.new(5.960464477539063e-08, 0, -1.0710209608078003e-07, 0.18468773365020752, -0.2185654193162918, -0.958185613155365, -0.05345723405480385, -0.9757483601570129, 0.21226780116558075, -0.9813424348831177, 0.01201874390244484, -0.191892609000206),
            ["RightLowerArm"] = CFrame.new(-1.1920928955078125e-07, -5.960464477539063e-08, -1.6391277313232422e-07, 1, -6.519258732851085e-08, 7.450581307466564e-08, 9.872020712009544e-08, 0.2969713509082794, -0.9548864960670471, 7.264316792543468e-08, 0.9548863768577576, 0.29697132110595703),
            ["LeftHand"] = CFrame.new(-4.6566128730773926e-08, 5.960464477539063e-08, 2.3469328880310059e-07, 1, -1.862645149230957e-08, -1.4901161193847656e-08, 2.60770320892334e-08, 1, 2.2817403078079224e-08, 5.21540641784668e-08, 2.3283064365386963e-08, 1),
            ["RightUpperLeg"] = CFrame.new(0, 2.2351741790771484e-08, -9.948416845872998e-08, 0.9439531564712524, 0.33002835512161255, -0.005823866464197636, -0.3240165114402771, 0.9298360347747803, 0.17440801858901978, 0.06297481060028076, -0.16274607181549072, 0.9846562743186951),
            ["LeftUpperLeg"] = CFrame.new(-5.960464477539063e-08, -9.313225746154785e-09, -2.0081643015146255e-07, 0.6694673299789429, -0.4000415503978729, 0.6259238719940186, 0.6717973947525024, 0.6856436133384705, -0.2803225517272949, -0.3170199692249298, 0.6081609129905701, 0.727762758731842),
            ["RightLowerLeg"] = CFrame.new(5.960464477539063e-08, -0.00012242794036865234, -0.0000774013387854211, 1, -7.450581307466564e-08, -2.2351745343485163e-08, 2.2351738238057806e-08, 0.9249054193496704, 0.3801972270011902, -2.2817399525365545e-08, -0.3801974356174469, 0.92490553855896),
            ["RightFoot"] = CFrame.new(1.043081283569336e-07, 2.980232238769531e-07, 7.433845894411206e-08, 0.9921932816505432, -0.06204334646463394, -0.10818152874708176, 0.09004652500152588, 0.9565639495849609, 0.27726736664772034, 0.08627992123365402, -0.28484421968460083, 0.9546830654144287),
            ["LeftLowerLeg"] = CFrame.new(7.450580596923828e-08, 0.0001226663589477539, 0.00007724761962890625, 1, 1.4901161193847656e-07, 3.725290653733282e-08, -7.450581307466564e-08, 0.6690390706062317, 0.7432271838188171, 5.960465188081798e-08, -0.7432272434234619, 0.6690391302108765),
        }},
        {Time = 0.200, Data = {
            ["LeftFoot"] = CFrame.new(-8.940696716308594e-08, 1.1920928955078125e-07, -1.2293457984924316e-07, 0.9806053638458252, 0.19133079051971436, -0.042494866997003555, -0.12001975625753403, 0.7576169371604919, 0.6415695548057556, 0.15494699776172638, -0.6240265369415283, 0.7658869028091431),
            ["LeftLowerArm"] = CFrame.new(0, 0, -4.470348358154297e-08, 1, -5.960464477539063e-08, 8.195638656616211e-08, 1.3783575525394554e-07, 0.49435120820999146, -0.8692623376846313, 2.6077035641947077e-08, 0.8692622780799866, 0.49435117840766907),
            ["LowerTorso"] = CFrame.new(1.219497901426209e-17, -0.16561388969421387, -0.37084412574768066, 0.9982142448425293, 0.05969591066241264, 0.0021841577254235744, -0.01119802612811327, 0.22291450202465057, -0.9747737646102905, -0.05867687985301018, 0.9730085730552673, 0.22318489849567413),
            ["Head"] = CFrame.new(0, -1.1920928955078125e-07, -1.4435499906539917e-07, 0.9995987415313721, -0.027839133515954018, 0.00524152023717761, 0.021797815337777138, 0.8740561604499817, 0.48533564805984497, -0.01809271052479744, -0.48502665758132935, 0.8743122816085815),
            ["RightUpperArm"] = CFrame.new(0, -2.384185791015625e-07, 2.60770320892334e-08, -0.14400464296340942, 0.1923811137676239, 0.9706968069076538, 0.05059780180454254, -0.9782063961029053, 0.20137569308280945, 0.9882826209068298, 0.07811415940523148, 0.13113194704055786),
            ["UpperTorso"] = CFrame.new(4.656612873077393e-10, 2.9802322387695312e-08, -1.0160147212445736e-07, 0.9987804889678955, -0.033497266471385956, -0.03627017140388489, 0.04280848056077957, 0.9535500407218933, 0.2981775999069214, 0.024597283452749252, -0.29936665296554565, 0.9538211226463318),
            ["HumanoidRootPart"] = CFrame.new(0, 0, 0, 1, 0, 0, 0, 1, 0, 0, 0, 1),
            ["RightHand"] = CFrame.new(-3.650784492492676e-07, 1.1920928955078125e-07, -1.1641532182693481e-07, 1, -3.725290742551124e-09, -4.4703490686970326e-08, -2.2351745343485163e-08, 1, 1.6763808119435453e-08, 1.6763808119435453e-08, 5.587936335871291e-09, 1),
            ["LeftUpperArm"] = CFrame.new(1.1920928955078125e-07, -1.1920928955078125e-07, -1.6205012798309326e-07, 0.18468274176120758, -0.2185686230659485, -0.9581857919692993, -0.05325637012720108, -0.9757500290870667, 0.21231037378311157, -0.9813541769981384, 0.01181952003389597, -0.1918446272611618),
            ["RightLowerArm"] = CFrame.new(0, 0, -5.21540641784668e-08, 1, -6.612390990312633e-08, 6.705523247774181e-08, 1.1548401346317405e-07, 0.29697132110595703, -0.9548864364624023, 6.146729703004894e-08, 0.9548864364624023, 0.2969713509082794),
            ["LeftHand"] = CFrame.new(1.993030309677124e-07, -5.960464477539063e-08, -1.1548399925231934e-07, 1, -1.3969838619232178e-08, -1.1175869119028903e-08, -3.7252898543727042e-09, 1, 3.818422200652094e-08, 3.725289943190546e-08, 4.190951585769653e-09, 1),
            ["RightUpperLeg"] = CFrame.new(5.960464477539063e-08, -3.5390257835388184e-08, -1.5734258340671659e-07, 0.943980872631073, 0.32996347546577454, -0.004929619841277599, -0.32384735345840454, 0.9291480183601379, 0.17834502458572388, 0.06342768669128418, -0.1667579710483551, 0.9839556217193604),
            ["LeftUpperLeg"] = CFrame.new(0, 1.862645149230957e-09, -1.353910192847252e-07, 0.6694083213806152, -0.3998086452484131, 0.6261354088783264, 0.6712334156036377, 0.6866689324378967, -0.27916184067726135, -0.31833645701408386, 0.6071563363075256, 0.7280268669128418),
            ["RightLowerLeg"] = CFrame.new(-7.450580596923828e-08, -0.00012236833572387695, -0.00007717805419815704, 1, -8.195638656616211e-08, -7.450581485102248e-09, 5.960463766996327e-08, 0.9270899295806885, 0.37483882904052734, -9.313224635931761e-10, -0.37483900785446167, 0.9270899891853333),
            ["RightFoot"] = CFrame.new(0, 4.172325134277344e-07, -1.3205863069742918e-08, 0.9922396540641785, -0.06210074573755264, -0.10772249102592468, 0.09013979136943817, 0.9560048580169678, 0.2791588306427002, 0.08564721792936325, -0.2867027521133423, 0.9541836380958557),
            ["LeftLowerLeg"] = CFrame.new(-5.960464477539063e-08, 0.0001227855682373047, 0.00007748603820800781, 1, 4.470348358154297e-08, 2.2351747119842003e-08, -5.960464477539063e-08, 0.6687995195388794, 0.7434427738189697, -1.4901161193847656e-08, -0.7434428334236145, 0.6687995791435242),
        }},
        {Time = 0.225, Data = {
