return {
    ["Dream Stance"] = {
        {Time = 0.000, Data = {
            ["LeftFoot"] = CFrame.new(2.980232238769531e-07, 5.960464477539063e-08, 2.8870999813079834e-08, 0.985171914100647, 0.14818847179412842, 0.08646786957979202, -0.14895866811275482, 0.9888402819633484, 0.002488557482138276, -0.08513414114713669, -0.015331810340285301, 0.9962515830993652),
            ["LeftLowerArm"] = CFrame.new(-0.0004793107509613037, -0.00009834766387939453, 2.9802322387695312e-08, 1, -9.313225746154785e-08, 1.4901162970204496e-08, 6.705522537231445e-08, 0.7079190611839294, -0.706293523311615, 5.960464477539063e-08, 0.7062935829162598, 0.7079190611839294),
            ["LowerTorso"] = CFrame.new(0.025335019454360008, -0.2870607376098633, 0.01973140425980091, 0.9967039823532104, 0.020433640107512474, 0.07850886881351471, 0.000045489930926123634, 0.9676175117492676, -0.2524210214614868, -0.0811244323849678, 0.25159260630607605, 0.9644272923469543),
            ["Head"] = CFrame.new(-1.862645149230957e-08, 2.384185791015625e-07, 9.313225746154785e-09, 0.9982154965400696, 0.05966358259320259, -0.0025065368972718716, -0.058424629271030426, 0.9670817255973816, -0.24766813218593597, -0.012352749705314636, 0.2473725974559784, 0.9688417315483093),
            ["RightUpperArm"] = CFrame.new(-0.09992480278015137, -0.04300260543823242, 1.862645149230957e-08, 0.8474106192588806, 0.09654749929904938, -0.5221193432807922, -0.4220598638057709, 0.7190676927566528, -0.5520771741867065, 0.3221193552017212, 0.6882007718086243, 0.650078535079956),
            ["UpperTorso"] = CFrame.new(5.52245182916522e-09, 8.940696716308594e-08, 3.213062882423401e-08, 0.9981108903884888, -0.060248736292123795, -0.012030758894979954, 0.05771675705909729, 0.8523842692375183, 0.5197209119796753, -0.021057698875665665, -0.5194333791732788, 0.8542513847351074),
            ["HumanoidRootPart"] = CFrame.new(0, 0, 0, 1, 0, 0, 0, 1, 0, 0, 0, 1),
            ["RightHand"] = CFrame.new(-4.470348358154297e-08, -2.980232238769531e-07, -5.960464477539063e-08, -0.010953969322144985, -0.15585236251354218, -0.9877196550369263, -0.4567302465438843, 0.8794992566108704, -0.133711040019989, 0.8895377516746521, 0.44965681433677673, -0.08081647753715515),
            ["LeftUpperArm"] = CFrame.new(0.09992474317550659, -0.043003201484680176, -1.4901161193847656e-08, 0.9395285248756409, -0.25309255719184875, 0.23075935244560242, 0.3413691222667694, 0.7460355162620544, -0.5717383027076721, -0.02745005302131176, 0.615934431552887, 0.7873153686523438),
            ["RightLowerArm"] = CFrame.new(-0.00002092123031616211, 0.0000011920928955078125, 8.940696716308594e-08, 1, -7.450583439094771e-08, 7.450581307466564e-08, 4.4703494239684005e-08, 0.6823546886444092, -0.7310212850570679, -8.940698847936801e-08, 0.7310212850570679, 0.6823546290397644),
            ["LeftHand"] = CFrame.new(-3.725290298461914e-08, 0.00009989738464355469, -1.1920928955078125e-07, 0.10900308191776276, 0.1874123364686966, 0.9762146472930908, 0.5797325372695923, 0.7857697606086731, -0.21558329463005066, -0.8074828386306763, 0.5894426703453064, -0.022997692227363586),
            ["RightUpperLeg"] = CFrame.new(-5.960464477539063e-08, 1.8998980522155762e-07, 5.75528247281909e-09, 0.4581209719181061, -0.6440854668617249, -0.6126001477241516, -0.8625072836875916, -0.15543949604034424, -0.48158055543899536, 0.2149568498134613, 0.7489944100379944, -0.6267385482788086),
            ["LeftUpperLeg"] = CFrame.new(2.9802322387695312e-08, 8.381903171539307e-08, 2.9802322387695312e-08, 0.40622833371162415, 0.3763279914855957, 0.832679808139801, 0.9114388823509216, -0.1018017828464508, -0.3986424505710602, -0.0652521476149559, 0.9208765029907227, -0.3843547999858856),
            ["RightLowerLeg"] = CFrame.new(-2.1420419216156006e-07, 1.1920928955078125e-07, -1.6221747500821948e-07, 1, -1.327134668827057e-07, -2.3841863594498136e-07, 1.1175872316471214e-07, -0.6171002984046936, 0.7868844270706177, -2.533197687171196e-07, -0.786884605884552, -0.6171004176139832),
            ["RightFoot"] = CFrame.new(-2.644956111907959e-07, 4.172325134277344e-07, 9.145878721028566e-09, 0.9883332252502441, 0.03558344766497612, 0.14809192717075348, -0.09399770200252533, 0.9075672626495361, 0.40925049781799316, -0.1198408231139183, -0.4183962941169739, 0.9003238081932068),
            ["LeftLowerLeg"] = CFrame.new(1.564621925354004e-07, 0, 2.9802322387695312e-08, 1, 1.1548401346317405e-07, 1.7322604151104315e-07, -7.450580596923828e-08, -0.7621003985404968, 0.6474590301513672, 1.6391277313232422e-07, -0.6474589705467224, -0.7621003985404968),
        }},
        {Time = 0.033, Data = {
            ["LeftFoot"] = CFrame.new(2.551823854446411e-07, 0, -7.35744833946228e-08, 0.9850412607192993, 0.14850525557994843, 0.08740679174661636, -0.14929167926311493, 0.9887900352478027, 0.002494469517841935, -0.08605648577213287, -0.015506281517446041, 0.9961696863174438),
            ["LeftLowerArm"] = CFrame.new(-0.0004793405532836914, -0.00009816884994506836, 2.9802322387695312e-08, 1, -1.1175869474300271e-07, 7.450581485102248e-09, 7.450581307466564e-08, 0.7071669697761536, -0.7070465683937073, 2.980232594040899e-08, 0.7070465683937073, 0.7071669697761536),
            ["LowerTorso"] = CFrame.new(0.03551536053419113, -0.2814675569534302, 0.01986863650381565, 0.996569812297821, 0.020650312304496765, 0.08013846725225449, 0.00007761685264995322, 0.9681331515312195, -0.2504364848136902, -0.08275628834962845, 0.2495836764574051, 0.9648105502128601),
            ["Head"] = CFrame.new(1.862645149230957e-08, 3.5762786865234375e-07, 1.2246891856193542e-07, 0.9981288313865662, 0.06111510097980499, -0.001952701946720481, -0.05969161167740822, 0.9669619798660278, -0.24783378839492798, -0.013258186168968678, 0.2474866658449173, 0.9688006639480591),
            ["RightUpperArm"] = CFrame.new(-0.09992468357086182, -0.04300248622894287, 1.7136335372924805e-07, 0.8460076451301575, 0.09858494997024536, -0.5240105986595154, -0.42520126700401306, 0.7176621556282043, -0.5514950156211853, 0.3216754198074341, 0.6893780827522278, 0.649050235748291),
            ["UpperTorso"] = CFrame.new(2.7794158086180687e-09, -5.960464477539063e-08, -1.1711381375789642e-07, 0.9980214238166809, -0.06148223578929901, -0.013161770068109035, 0.059426963329315186, 0.8540166616439819, 0.5168405771255493, -0.02053612284362316, -0.5166000723838806, 0.8559805750846863),
            ["HumanoidRootPart"] = CFrame.new(0, 0, 0, 1, 0, 0, 0, 1, 0, 0, 0, 1),
            ["RightHand"] = CFrame.new(4.470348358154297e-08, -1.7881393432617188e-07, -2.9802322387695312e-08, -0.011437430046498775, -0.15807069838047028, -0.987361490726471, -0.4491844177246094, 0.8830026984214783, -0.13616031408309937, 0.8933658599853516, 0.44195008277893066, -0.08110219985246658),
            ["LeftUpperArm"] = CFrame.new(0.09992474317550659, -0.043002963066101074, 9.685754776000977e-08, 0.9462459087371826, -0.24347035586833954, 0.2129749208688736, 0.32274943590164185, 0.7539172172546387, -0.5722144842147827, -0.021246662363409996, 0.6101893782615662, 0.7919673919677734),
            ["RightLowerArm"] = CFrame.new(-0.000020623207092285156, 0.0000018477439880371094, 0, 1, -5.960465188081798e-08, 2.2351741790771484e-08, 6.705523958316917e-08, 0.6833938360214233, -0.7300499677658081, 0, 0.7300498485565186, 0.6833938360214233),
            ["LeftHand"] = CFrame.new(8.940696716308594e-08, 0.00009989738464355469, 2.086162567138672e-07, 0.095261350274086, 0.20430463552474976, 0.9742612838745117, 0.5824448466300964, 0.7822539806365967, -0.22099055349826813, -0.8072689771652222, 0.5885052680969238, -0.044477615505456924),
            ["RightUpperLeg"] = CFrame.new(-2.9802322387695312e-08, 1.0663643479347229e-07, -8.737697498872876e-08, 0.4579821527004242, -0.6441617012023926, -0.6126236319541931, -0.8627485632896423, -0.15596070885658264, -0.4809795916080475, 0.21428357064723969, 0.748820424079895, -0.6271768808364868),
            ["LeftUpperLeg"] = CFrame.new(2.9802322387695312e-08, -4.470348358154297e-08, -4.470348358154297e-08, 0.40724441409111023, 0.3761071562767029, 0.8322831988334656, 0.9110594987869263, -0.103226438164711, -0.39914265275001526, -0.06420689821243286, 0.9208082556724548, -0.3846944570541382),
            ["RightLowerLeg"] = CFrame.new(-3.3527612686157227e-07, 2.980232238769531e-07, 7.620110409334302e-08, 1, -1.541338008337334e-07, -2.3096788481780095e-07, 1.2665987014770508e-07, -0.6166935563087463, 0.7872031927108765, -2.7939677238464355e-07, -0.787203311920166, -0.6166938543319702),
            ["RightFoot"] = CFrame.new(-2.5704503059387207e-07, 4.172325134277344e-07, 1.1438532965257764e-07, 0.9881826639175415, 0.03493427112698555, 0.14924739301204681, -0.09396921098232269, 0.9073205590248108, 0.4098038971424103, -0.12109901010990143, -0.41898584365844727, 0.89988112449646),
            ["LeftLowerLeg"] = CFrame.new(1.2665987014770508e-07, 0, 5.960464477539063e-08, 1, 3.725290298461914e-08, 1.4156103134155273e-07, -6.705523247774181e-08, -0.7617307901382446, 0.6478936672210693, 1.1920930376163597e-07, -0.6478936672210693, -0.7617307901382446),
        }},
        {Time = 0.067, Data = {
            ["LeftFoot"] = CFrame.new(2.7567148208618164e-07, -5.960464477539063e-08, 9.313225746154785e-09, 0.9848079085350037, 0.14910250902175903, 0.08900514245033264, -0.149911567568779, 0.9886964559555054, 0.0024374539498239756, -0.08763564378023148, -0.01574329473078251, 0.9960282444953918),
            ["LeftLowerArm"] = CFrame.new(-0.0004795193672180176, -0.00009882450103759766, -2.384185791015625e-07, 1, -9.872020712009544e-08, 1.4901162970204496e-08, 5.960465898624534e-08, 0.7060195207595825, -0.7081922888755798, 2.980232949312267e-08, 0.7081923484802246, 0.7060195207595825),
            ["LowerTorso"] = CFrame.new(0.04647739231586456, -0.27365124225616455, 0.020230429247021675, 0.996407151222229, 0.020897798240184784, 0.08207360655069351, 0.00008907956362236291, 0.9688201546669006, -0.24776506423950195, -0.08469230681657791, 0.24688218533992767, 0.9653374552726746),
            ["Head"] = CFrame.new(-1.862645149230957e-08, 1.1920928955078125e-07, -1.0617077350616455e-07, 0.9980316758155823, 0.06270700693130493, -0.0008200915763154626, -0.06094847619533539, 0.9667974710464478, -0.2481691986322403, -0.01476910337805748, 0.24773064255714417, 0.9687164425849915),
            ["RightUpperArm"] = CFrame.new(-0.09992480278015137, -0.04300260543823242, -1.3783574104309082e-07, 0.8441668748855591, 0.1020313948392868, -0.5263147354125977, -0.42965471744537354, 0.7158581018447876, -0.5503868460655212, 0.3205919563770294, 0.6907508373260498, 0.648125946521759),
            ["UpperTorso"] = CFrame.new(1.6443664208054543e-09, -3.2782554626464844e-07, -4.6566128730773926e-09, 0.9979058504104614, -0.06305965781211853, -0.014401726424694061, 0.06143885850906372, 0.8544292449951172, 0.515922486782074, -0.020228631794452667, -0.5157269835472107, 0.8565142154693604),
            ["HumanoidRootPart"] = CFrame.new(0, 0, 0, 1, 0, 0, 0, 1, 0, 0, 0, 1),
            ["RightHand"] = CFrame.new(1.6391277313232422e-07, -2.980232238769531e-07, -1.1920928955078125e-07, -0.014238541945815086, -0.15560781955718994, -0.9877163767814636, -0.44236060976982117, 0.8868690133094788, -0.13334313035011292, 0.8967242240905762, 0.4350282549858093, -0.08146247267723083),
            ["LeftUpperArm"] = CFrame.new(0.09992468357086182, -0.043003201484680176, -1.1920928955078125e-07, 0.9528689980506897, -0.23269584774971008, 0.19470266997814178, 0.30298617482185364, 0.7626128196716309, -0.5714980363845825, -0.015496459789574146, 0.60355144739151, 0.7971705794334412),
            ["RightLowerArm"] = CFrame.new(-0.000020563602447509766, 0.0000011324882507324219, -2.086162567138672e-07, 1, -2.980233304583635e-08, -7.450581485102248e-09, 6.705523247774181e-08, 0.6835694909095764, -0.729885458946228, 0, 0.7298855185508728, 0.6835693717002869),
            ["LeftHand"] = CFrame.new(-1.9371509552001953e-07, 0.00009989738464355469, 4.470348358154297e-07, 0.07841230928897858, 0.2249719351530075, 0.9712049961090088, 0.5828521847724915, 0.7800110578536987, -0.22774125635623932, -0.8087860941886902, 0.5839267373085022, -0.06996297836303711),
            ["RightUpperLeg"] = CFrame.new(-2.9802322387695312e-08, 6.51925802230835e-08, -3.149762051180005e-08, 0.45764783024787903, -0.6443036198616028, -0.6127244830131531, -0.8632199764251709, -0.1568051278591156, -0.479857861995697, 0.21309587359428406, 0.7485219836235046, -0.6279373168945312),
            ["LeftUpperLeg"] = CFrame.new(0, -1.3969838619232178e-08, -2.2351741790771484e-08, 0.40728655457496643, 0.3762167692184448, 0.8322131633758545, 0.9110820293426514, -0.10389327257871628, -0.3989183008670807, -0.06361844390630722, 0.9206884503364563, -0.38507866859436035),
            ["RightLowerLeg"] = CFrame.new(-8.009374141693115e-08, 2.384185791015625e-07, -1.3205863069742918e-08, 1, -1.0267829253507443e-07, -2.1979212760925293e-07, 8.56816981809061e-08, -0.6165841817855835, 0.7872888445854187, -2.3469334564651945e-07, -0.7872890830039978, -0.6165843605995178),
            ["RightFoot"] = CFrame.new(-4.023313522338867e-07, 2.980232238769531e-07, -7.094786269590259e-08, 0.9881956577301025, 0.03405512869358063, 0.1493644416332245, -0.0932387039065361, 0.9073064923286438, 0.4100017249584198, -0.12155667692422867, -0.41908857226371765, 0.8997715711593628),
            ["LeftLowerLeg"] = CFrame.new(-2.9802322387695312e-08, -5.960464477539063e-08, -1.1920928955078125e-07, 1, 2.6077019654735523e-08, 1.6577537564899103e-07, -5.21540641784668e-08, -0.7616413831710815, 0.6479989290237427, 1.1920928955078125e-07, -0.6479988694190979, -0.7616413235664368),
        }},
        {Time = 0.100, Data = {
            ["LeftFoot"] = CFrame.new(1.3131648302078247e-07, 5.960464477539063e-08, 1.3969838619232178e-08, 0.9846422076225281, 0.1496494859457016, 0.08991602063179016, -0.15038378536701202, 0.9886267781257629, 0.0014083759160712361, -0.08868260681629181, -0.014908643439412117, 0.9959484338760376),
            ["LeftLowerArm"] = CFrame.new(-0.00047907233238220215, -0.00009834766387939453, 8.940696716308594e-08, 1, -5.0291401265667446e-08, 2.9802322387695312e-08, 5.960463766996327e-08, 0.7055985927581787, -0.7086118459701538, 6.70552182668871e-08, 0.708611786365509, 0.7055985927581787),
            ["LowerTorso"] = CFrame.new(0.05621439218521118, -0.26719045639038086, 0.02074192836880684, 0.9962668418884277, 0.021105695515871048, 0.083707295358181, 0.00008306511881528422, 0.9694182872772217, -0.24541468918323517, -0.08632701635360718, 0.24450549483299255, 0.965797483921051),
            ["Head"] = CFrame.new(1.862645149230957e-09, 0, -1.3504177331924438e-08, 0.9979303479194641, 0.06430549174547195, -0.00007407856901409104, -0.062308575958013535, 0.9666548371315002, -0.2483871877193451, -0.015901055186986923, 0.24787765741348267, 0.9686608910560608),
            ["RightUpperArm"] = CFrame.new(-0.09992486238479614, -0.04300260543823242, 0, 0.8441141843795776, 0.10403145104646683, -0.5260075330734253, -0.4307628273963928, 0.7156752943992615, -0.5497579574584961, 0.31924059987068176, 0.6906419992446899, 0.6489085555076599),
            ["UpperTorso"] = CFrame.new(1.0695657692849636e-08, 5.960464477539063e-08, -1.5832483768463135e-08, 0.997806966304779, -0.06434337794780731, -0.015533619560301304, 0.06316384673118591, 0.8554031252861023, 0.5140971541404724, -0.019791236147284508, -0.5139508843421936, 0.8575913310050964),
            ["HumanoidRootPart"] = CFrame.new(0, 0, 0, 1, 0, 0, 0, 1, 0, 0, 0, 1),
            ["RightHand"] = CFrame.new(-1.1920928955078125e-07, 1.1920928955078125e-07, 0, -0.018318114802241325, -0.15793901681900024, -0.9872789978981018, -0.43592381477355957, 0.8899106383323669, -0.1342744529247284, 0.8997971415519714, 0.42791879177093506, -0.08515088260173798),
            ["LeftUpperArm"] = CFrame.new(0.09992474317550659, -0.04300343990325928, -8.940696716308594e-08, 0.9530283808708191, -0.2318907380104065, 0.194882333278656, 0.30243808031082153, 0.763295590877533, -0.5708764791488647, -0.016370700672268867, 0.602997899055481, 0.7975718975067139),
            ["RightLowerArm"] = CFrame.new(-0.00002092123031616211, 0.0000017285346984863281, 8.940696716308594e-08, 1, -4.4703490686970326e-08, 6.705523247774181e-08, 4.4703490686970326e-08, 0.683790385723114, -0.7296785116195679, -7.450581485102248e-09, 0.7296784520149231, 0.683790385723114),
            ["LeftHand"] = CFrame.new(-1.1920928955078125e-07, 0.0000998377799987793, -2.9802322387695312e-08, 0.0759490504860878, 0.22735483944416046, 0.9708457589149475, 0.5791953206062317, 0.7824926972389221, -0.22855624556541443, -0.8116431832313538, 0.5796679854393005, -0.0722532570362091),
            ["RightUpperLeg"] = CFrame.new(-2.9802322387695312e-08, 2.742744982242584e-07, 1.5068508218973875e-08, 0.45739877223968506, -0.6444193720817566, -0.6127887964248657, -0.8635811805725098, -0.15748097002506256, -0.4789857864379883, 0.21216513216495514, 0.7482803463935852, -0.6285400986671448),
            ["LeftUpperLeg"] = CFrame.new(2.9802322387695312e-08, 2.8312206268310547e-07, -2.2351741790771484e-08, 0.4077775180339813, 0.37623369693756104, 0.8319649696350098, 0.9109171032905579, -0.10492691397666931, -0.3990245461463928, -0.06283097714185715, 0.9205642342567444, -0.38550448417663574),
            ["RightLowerLeg"] = CFrame.new(-1.564621925354004e-07, 0, -1.3205863069742918e-08, 1, -1.264270252931965e-07, -2.551823854446411e-07, 1.0058282384761696e-07, -0.6163060069084167, 0.7875066995620728, -2.626329376198555e-07, -0.7875068187713623, -0.6163061261177063),
            ["RightFoot"] = CFrame.new(-2.086162567138672e-07, 4.172325134277344e-07, 2.3115717340260744e-08, 0.9881741404533386, 0.03286566585302353, 0.14977215230464935, -0.09236672520637512, 0.9072433114051819, 0.41033872961997986, -0.12239371240139008, -0.41932013630867004, 0.8995502591133118),
            ["LeftLowerLeg"] = CFrame.new(-1.341104507446289e-07, 5.960464477539063e-08, 2.9802322387695312e-08, 1, 6.705521116145974e-08, 1.6763807764164085e-07, -7.450579175838357e-08, -0.7614402770996094, 0.6482350826263428, 1.6391273049976007e-07, -0.648235023021698, -0.7614403367042542),
        }},
        {Time = 0.133, Data = {
            ["LeftFoot"] = CFrame.new(2.798624336719513e-07, 1.1920928955078125e-07, -4.400499165058136e-08, 0.9844731688499451, 0.1502411663532257, 0.09077572822570801, -0.15090970695018768, 0.9885474443435669, 0.0005073696956969798, -0.08965981751680374, -0.014198459684848785, 0.9958713054656982),
            ["LeftLowerArm"] = CFrame.new(-0.0004793703556060791, -0.00009846687316894531, -1.7881393432617188e-07, 1, -5.029141902923584e-08, 1.4901162970204496e-08, 8.940698137394065e-08, 0.7051780223846436, -0.7090303897857666, 2.2351745343485163e-08, 0.7090303897857666, 0.7051779627799988),
            ["LowerTorso"] = CFrame.new(0.06617645174264908, -0.2607138156890869, 0.021328283473849297, 0.9961392283439636, 0.02126923017203808, 0.08517303317785263, 0.00007127015851438046, 0.9700106382369995, -0.2430625706911087, -0.08778850734233856, 0.24213021993637085, 0.966264009475708),
            ["Head"] = CFrame.new(-2.9802322387695312e-08, 0, -1.62515789270401e-07, 0.9978352785110474, 0.06576158851385117, 0.000510775251314044, -0.0635736808180809, 0.9665664434432983, -0.24841055274009705, -0.016829561442136765, 0.24784037470817566, 0.9686546921730042),
            ["RightUpperArm"] = CFrame.new(-0.09992474317550659, -0.04300284385681152, -1.2293457984924316e-07, 0.8438609838485718, 0.10550782084465027, -0.5261199474334717, -0.431951105594635, 0.715216338634491, -0.5494228005409241, 0.3183033764362335, 0.6908934712409973, 0.6491013169288635),
            ["UpperTorso"] = CFrame.new(-5.078618414700031e-09, 5.960464477539063e-08, 3.771856427192688e-08, 0.9976950287818909, -0.06581351161003113, -0.016530891880393028, 0.0649782195687294, 0.856360912322998, 0.5122732520103455, -0.019558105617761612, -0.5121667385101318, 0.8586633801460266),
            ["HumanoidRootPart"] = CFrame.new(0, 0, 0, 1, 0, 0, 0, 1, 0, 0, 0, 1),
            ["RightHand"] = CFrame.new(5.960464477539063e-08, -1.7881393432617188e-07, 0, -0.022340601310133934, -0.15969118475914001, -0.9869141578674316, -0.42944684624671936, 0.8929794430732727, -0.1347704380750656, 0.9028157591819763, 0.42081642150878906, -0.08852854371070862),
            ["LeftUpperArm"] = CFrame.new(0.09992474317550659, -0.043003082275390625, -2.2351741790771484e-08, 0.95318603515625, -0.2311827391386032, 0.1949526071548462, 0.3018999993801117, 0.763983428478241, -0.57024085521698, -0.017109455540776253, 0.6023984551429749, 0.7980092763900757),
            ["RightLowerArm"] = CFrame.new(-0.00002059340476989746, 0.0000021457672119140625, -2.9802322387695312e-08, 1, -5.960465898624534e-08, 5.2154071283894154e-08, 4.4703490686970326e-08, 0.6843445301055908, -0.7291589379310608, -3.725290653733282e-08, 0.729158878326416, 0.684344470500946),
            ["LeftHand"] = CFrame.new(1.1920928955078125e-07, 0.0000998377799987793, 1.4901161193847656e-07, 0.07361309230327606, 0.2296173870563507, 0.9704932570457458, 0.5757009387016296, 0.7848333120346069, -0.22935813665390015, -0.8143399357795715, 0.5755975246429443, -0.07441695779561996),
            ["RightUpperLeg"] = CFrame.new(-8.940696716308594e-08, 3.6926940083503723e-07, 1.6931153368204832e-08, 0.4571934938430786, -0.6445088386535645, -0.6128477454185486, -0.8639205098152161, -0.15818370878696442, -0.4781416058540344, 0.21122406423091888, 0.7480550408363342, -0.6291251182556152),
            ["LeftUpperLeg"] = CFrame.new(2.9802322387695312e-08, 3.343448042869568e-07, 1.1175870895385742e-08, 0.40834876894950867, 0.37615785002708435, 0.8317192196846008, 0.9107230305671692, -0.10607071220874786, -0.3991650342941284, -0.06192788854241371, 0.920464277267456, -0.3858894109725952),
            ["RightLowerLeg"] = CFrame.new(-2.849847078323364e-07, 2.384185791015625e-07, -4.300818545743823e-08, 1, -9.9884324811228e-08, -2.626329376198555e-07, 1.2293459406009788e-07, -0.61602783203125, 0.7877241969108582, -1.9744041424019088e-07, -0.7877243757247925, -0.6160281300544739),
            ["RightFoot"] = CFrame.new(-1.4901161193847656e-07, 5.364418029785156e-07, -4.487083060666919e-08, 0.9881453514099121, 0.03160647675395012, 0.1502329260110855, -0.09144821017980576, 0.907203197479248, 0.4106331169605255, -0.12331309914588928, -0.41950374841690063, 0.8993389010429382),
            ["LeftLowerLeg"] = CFrame.new(7.450580596923828e-09, 1.1920928955078125e-07, 2.086162567138672e-07, 1, 1.0803341865539551e-07, 1.4528635006172408e-07, -5.960464477539063e-08, -0.7612390518188477, 0.6484713554382324, 1.043081283569336e-07, -0.6484713554382324, -0.7612390518188477),
        }},
        {Time = 0.167, Data = {
            ["LeftFoot"] = CFrame.new(3.207242116332054e-07, 0, 2.8114300221204758e-08, 0.9843238592147827, 0.15077361464500427, 0.09150893986225128, -0.1513688713312149, 0.9884772300720215, -0.00044061249354854226, -0.09052091091871262, -0.013417944312095642, 0.9958041906356812),
            ["LeftLowerArm"] = CFrame.new(-0.0004794597625732422, -0.00009876489639282227, -2.384185791015625e-07, 1, -9.872019290924072e-08, 2.2351747119842003e-08, 5.215407838932151e-08, 0.7047569751739502, -0.7094488739967346, 4.4703494239684005e-08, 0.7094488143920898, 0.704757034778595),
            ["LowerTorso"] = CFrame.new(0.07635080814361572, -0.25423598289489746, 0.021914636716246605, 0.996021032333374, 0.021391572430729866, 0.08651407063007355, 0.00005845836130902171, 0.9706078171730042, -0.2406667172908783, -0.08911947906017303, 0.2397141456604004, 0.9667444825172424),
            ["Head"] = CFrame.new(1.4901161193847656e-08, 3.5762786865234375e-07, 5.21540641784668e-08, 0.997733473777771, 0.06728138774633408, 0.0011535625671967864, -0.06488639861345291, 0.9664766788482666, -0.24842040240764618, -0.01782895252108574, 0.24778248369693756, 0.9686516523361206),
            ["RightUpperArm"] = CFrame.new(-0.09992480278015137, -0.04300236701965332, 8.568167686462402e-08, 0.8434501886367798, 0.10682529956102371, -0.5265125632286072, -0.43326783180236816, 0.7146608829498291, -0.5491086840629578, 0.31760141253471375, 0.6912657022476196, 0.6490488052368164),
            ["UpperTorso"] = CFrame.new(9.225914254784584e-09, -2.086162567138672e-07, 4.6566128730773926e-09, 0.9975828528404236, -0.06724317371845245, -0.017515718936920166, 0.06675080955028534, 0.8573165535926819, 0.5104435682296753, -0.01930733025074005, -0.5103789567947388, 0.8597328662872314),
            ["HumanoidRootPart"] = CFrame.new(0, 0, 0, 1, 0, 0, 0, 1, 0, 0, 0, 1),
            ["RightHand"] = CFrame.new(-4.470348358154297e-08, -3.5762786865234375e-07, -5.960464477539063e-08, -0.02622806280851364, -0.16100400686264038, -0.9866052865982056, -0.4230864644050598, 0.8959807753562927, -0.13496769964694977, 0.9057096838951111, 0.41387930512428284, -0.09161847084760666),
            ["LeftUpperArm"] = CFrame.new(0.09992480278015137, -0.043003082275390625, -4.470348358154297e-08, 0.9533424377441406, -0.23047076165676117, 0.19503112137317657, 0.3013651669025421, 0.7645878195762634, -0.5697135925292969, -0.017814738675951958, 0.6019042134284973, 0.7983666658401489),
            ["RightLowerArm"] = CFrame.new(-0.000020802021026611328, 0.0000018477439880371094, -5.960464477539063e-08, 1, -4.4703490686970326e-08, 4.4703490686970326e-08, 7.450581307466564e-08, 0.6850366592407227, -0.7285085916519165, -2.2351745343485163e-08, 0.7285085320472717, 0.6850366592407227),
            ["LeftHand"] = CFrame.new(-2.9802322387695312e-08, 0.00009995698928833008, -2.086162567138672e-07, 0.07141667604446411, 0.23175975680351257, 0.9701479077339172, 0.5723674297332764, 0.7870362401008606, -0.2301504909992218, -0.8168813586235046, 0.5717177987098694, -0.07644428312778473),
            ["RightUpperLeg"] = CFrame.new(-5.960464477539063e-08, -7.497146725654602e-08, -7.283233571797609e-09, 0.457025945186615, -0.6445756554603577, -0.6129023432731628, -0.864238440990448, -0.158901184797287, -0.47732841968536377, 0.210283562541008, 0.747845470905304, -0.6296890377998352),
            ["LeftUpperLeg"] = CFrame.new(2.9802322387695312e-08, -8.568167686462402e-08, -3.3527612686157227e-08, 0.40886303782463074, 0.376128613948822, 0.831479549407959, 0.9105519652366638, -0.10719145089387894, -0.39925599098205566, -0.061044178903102875, 0.9203462600708008, -0.38631126284599304),
            ["RightLowerLeg"] = CFrame.new(-5.848705768585205e-07, 3.5762786865234375e-07, 7.620110409334302e-08, 1, -1.1175868053214799e-07, -2.570450590155815e-07, 8.568168397005138e-08, -0.6157302260398865, 0.7879570722579956, -2.700835750601982e-07, -0.7879570126533508, -0.615730345249176),
            ["RightFoot"] = CFrame.new(-1.6577541828155518e-07, 4.172325134277344e-07, -6.070331437513232e-08, 0.9881020784378052, 0.03039778769016266, 0.15076595544815063, -0.0905991867184639, 0.9071820378303528, 0.4108680784702301, -0.12428261339664459, -0.4196389317512512, 0.8991425037384033),
            ["LeftLowerLeg"] = CFrame.new(-1.341104507446289e-07, -1.7881393432617188e-07, -5.960464477539063e-08, 1, 1.0430809993522416e-07, 1.695007085800171e-07, -9.685753354915505e-08, -0.7610380053520203, 0.6487073302268982, 1.0430811414607888e-07, -0.6487073302268982, -0.7610380053520203),
        }},
        {Time = 0.200, Data = {
            ["LeftFoot"] = CFrame.new(2.5727786123752594e-07, 0, -5.122274160385132e-08, 0.9841739535331726, 0.15130095183849335, 0.0922485738992691, -0.15182720124721527, 0.9884063005447388, -0.0013282004510983825, -0.0913800299167633, -0.012698604725301266, 0.995735228061676),
            ["LeftLowerArm"] = CFrame.new(-0.0004792213439941406, -0.00009799003601074219, 1.7881393432617188e-07, 1, -9.49948883999241e-08, -7.450581485102248e-09, 6.705522537231445e-08, 0.704388439655304, -0.7098147869110107, 2.2351741790771484e-08, 0.7098147869110107, 0.7043883204460144),
            ["LowerTorso"] = CFrame.new(0.08672487735748291, -0.24777007102966309, 0.022426137700676918, 0.9959165453910828, 0.021474190056324005, 0.08768752962350845, 0.00004550483208731748, 0.9711785912513733, -0.23835308849811554, -0.09027868509292603, 0.23738378286361694, 0.9672118425369263),
            ["Head"] = CFrame.new(-1.862645149230957e-09, 1.1920928955078125e-07, 4.0978193283081055e-08, 0.9976445436477661, 0.06853322684764862, 0.0029439907521009445, -0.06565512716770172, 0.9664199948310852, -0.24843870103359222, -0.019871419295668602, 0.24766023457050323, 0.9686431884765625),
            ["RightUpperArm"] = CFrame.new(-0.09992468357086182, -0.04300284385681152, 2.60770320892334e-08, 0.8429531455039978, 0.10795404016971588, -0.5270780324935913, -0.43463531136512756, 0.7139860987663269, -0.548905611038208, 0.31705209612846375, 0.6917874217033386, 0.6487614512443542),
            ["UpperTorso"] = CFrame.new(-4.69299266114831e-09, 1.4901161193847656e-07, 7.450580596923828e-09, 0.997477650642395, -0.0685378760099411, -0.01846448704600334, 0.06838691234588623, 0.8582426905632019, 0.5086677074432373, -0.019015997648239136, -0.5086474418640137, 0.8607649207115173),
            ["HumanoidRootPart"] = CFrame.new(0, 0, 0, 1, 0, 0, 0, 1, 0, 0, 0, 1),
            ["RightHand"] = CFrame.new(-5.960464477539063e-08, -1.7881393432617188e-07, -2.9802322387695312e-08, -0.029914606362581253, -0.16201651096343994, -0.9863345623016357, -0.4170055091381073, 0.8988230228424072, -0.13499441742897034, 0.9084115028381348, 0.4072687029838562, -0.09444977343082428),
            ["LeftUpperArm"] = CFrame.new(0.09992462396621704, -0.04300332069396973, -1.4901161193847656e-08, 0.9534978270530701, -0.22980277240276337, 0.19505931437015533, 0.30083444714546204, 0.7651845812797546, -0.5691925287246704, -0.01845303177833557, 0.6014010310173035, 0.7987313270568848),
            ["RightLowerArm"] = CFrame.new(-0.000020682811737060547, 0.0000013709068298339844, -1.7881393432617188e-07, 1, -6.705523247774181e-08, 7.450583261459087e-09, 6.705523958316917e-08, 0.6857278347015381, -0.7278580665588379, -2.2351747119842003e-08, 0.7278580069541931, 0.6857278347015381),
            ["LeftHand"] = CFrame.new(-7.450580596923828e-08, 0.00009989738464355469, -3.5762786865234375e-07, 0.06936163455247879, 0.2337847501039505, 0.969811201095581, 0.569198489189148, 0.7891027927398682, -0.230932354927063, -0.8192691802978516, 0.56803297996521, -0.07833642512559891),
            ["RightUpperLeg"] = CFrame.new(-5.960464477539063e-08, 7.217749953269958e-08, -5.420588422566652e-09, 0.45686566829681396, -0.6446387767791748, -0.6129554510116577, -0.8645467758178711, -0.15960460901260376, -0.4765346348285675, 0.20936226844787598, 0.7476410865783691, -0.63023841381073),
            ["LeftUpperLeg"] = CFrame.new(0, 6.146728992462158e-08, 1.1175870895385742e-08, 0.4093770682811737, 0.37609902024269104, 0.8312399983406067, 0.9103797674179077, -0.10831202566623688, -0.39934614300727844, -0.06016048789024353, 0.9202271699905396, -0.38673341274261475),
            ["RightLowerLeg"] = CFrame.new(-4.898756742477417e-07, 2.980232238769531e-07, -1.3205863069742918e-08, 1, -9.42964106798172e-08, -2.3096799850463867e-07, 1.1920928955078125e-07, -0.6154319643974304, 0.7881899476051331, -2.3096799850463867e-07, -0.7881901264190674, -0.6154321432113647),
            ["RightFoot"] = CFrame.new(-3.334134817123413e-07, 4.172325134277344e-07, -4.300818545743823e-08, 0.9880660176277161, 0.029199374839663506, 0.1512383073568344, -0.08973391354084015, 0.9071614146232605, 0.4111032783985138, -0.12519359588623047, -0.4197685122489929, 0.8989555835723877),
            ["LeftLowerLeg"] = CFrame.new(-2.086162567138672e-07, 1.1920928955078125e-07, 0, 1, 7.82310962677002e-08, 1.778826259624111e-07, -5.2154071283894154e-08, -0.7608369588851929, 0.6489431262016296, 1.3411046495548362e-07, -0.6489431262016296, -0.7608370184898376),
        }},
        {Time = 0.233, Data = {
            ["LeftFoot"] = CFrame.new(3.417953848838806e-07, 1.1920928955078125e-07, -5.2619725465774536e-08, 0.9840290546417236, 0.15182702243328094, 0.09292756021022797, -0.1522827297449112, 0.988334596157074, -0.002208936959505081, -0.09217891097068787, -0.01197761856019497, 0.9956704378128052),
            ["LeftLowerArm"] = CFrame.new(-0.0004793405532836914, -0.00009810924530029297, -2.086162567138672e-07, 1, -9.313227167240257e-08, 5.2154071283894154e-08, 6.705523247774181e-08, 0.704018235206604, -0.7101820111274719, 2.980232594040899e-08, 0.7101819515228271, 0.7040181756019592),
            ["LowerTorso"] = CFrame.new(0.09728677570819855, -0.24133026599884033, 0.02278793230652809, 0.9958307147026062, 0.02150729112327099, 0.08864901959896088, 0.00002108885564666707, 0.9717540740966797, -0.2359958440065384, -0.0912206768989563, 0.23501378297805786, 0.9677020907402039),
            ["Head"] = CFrame.new(-2.421438694000244e-08, 4.76837158203125e-07, 1.4901161193847656e-08, 0.9975622296333313, 0.0694272369146347, 0.007030871231108904, -0.0655115395784378, 0.9664506316184998, -0.2483574002981186, -0.02403775043785572, 0.24729138612747192, 0.968643069267273),
            ["RightUpperArm"] = CFrame.new(-0.09992474317550659, -0.04300248622894287, -4.842877388000488e-08, 0.8423928618431091, 0.10898540914058685, -0.5277612805366516, -0.43599191308021545, 0.7133699059486389, -0.5486307144165039, 0.3166786730289459, 0.6922612190246582, 0.6484384536743164),
            ["UpperTorso"] = CFrame.new(1.431544660590589e-08, 2.9802322387695312e-08, -4.470348358154297e-08, 0.9973741173744202, -0.06983546912670135, -0.01918497309088707, 0.06990756094455719, 0.859136164188385, 0.5069498419761658, -0.018920566886663437, -0.5069597363471985, 0.8617620468139648),
            ["HumanoidRootPart"] = CFrame.new(0, 0, 0, 1, 0, 0, 0, 1, 0, 0, 0, 1),
            ["RightHand"] = CFrame.new(-8.940696716308594e-08, -1.1920928955078125e-07, -1.1920928955078125e-07, -0.03332684934139252, -0.1628725230693817, -0.9860841035842896, -0.411367267370224, 0.9014188647270203, -0.13498517870903015, 0.9108601808547974, 0.40114423632621765, -0.09704194217920303),
            ["LeftUpperArm"] = CFrame.new(0.09992474317550659, -0.043003201484680176, 1.1175870895385742e-08, 0.9536362886428833, -0.22926834225654602, 0.19501136243343353, 0.3003665804862976, 0.765687882900238, -0.5687627792358398, -0.018917210400104523, 0.600964367389679, 0.7990491986274719),
            ["RightLowerArm"] = CFrame.new(-0.00002086162567138672, 0.0000016689300537109375, -5.960464477539063e-08, 1, -8.940698137394065e-08, 5.215407838932151e-08, 5.960465898624534e-08, 0.686335563659668, -0.7272850871086121, -3.72529100900465e-08, 0.7272849678993225, 0.6863356232643127),
            ["LeftHand"] = CFrame.new(-1.4901161193847656e-07, 0.0000997781753540039, 2.086162567138672e-07, 0.06745317578315735, 0.23569443821907043, 0.969483494758606, 0.5661951303482056, 0.7910346984863281, -0.23170499503612518, -0.8215067386627197, 0.5645461678504944, -0.08009129762649536),
            ["RightUpperLeg"] = CFrame.new(-8.940696716308594e-08, -1.862645149230957e-08, 9.480572771281004e-09, 0.45671331882476807, -0.6446965336799622, -0.6130083203315735, -0.8648432493209839, -0.16028672456741333, -0.47576719522476196, 0.20846852660179138, 0.7474454641342163, -0.6307664513587952),
            ["LeftUpperLeg"] = CFrame.new(8.940696716308594e-08, 1.30385160446167e-08, -2.2351741790771484e-08, 0.4098910689353943, 0.3760688900947571, 0.8310003280639648, 0.9102064371109009, -0.109432652592659, -0.39943572878837585, -0.05927690491080284, 0.9201069474220276, -0.3871557414531708),
            ["RightLowerLeg"] = CFrame.new(-3.501772880554199e-07, -1.1920928955078125e-07, -7.281050784513354e-08, 1, -1.1594966053962708e-07, -2.458692165419052e-07, 1.0803341865539551e-07, -0.6151337027549744, 0.7884227633476257, -2.5331974029541016e-07, -0.7884228229522705, -0.6151337623596191),
            ["RightFoot"] = CFrame.new(-2.3469328880310059e-07, 4.76837158203125e-07, 5.2918039727956057e-08, 0.9880253076553345, 0.02806103602051735, 0.15171928703784943, -0.08892660588026047, 0.9071385264396667, 0.4113292396068573, -0.12608806788921356, -0.41989564895629883, 0.8987712264060974),
            ["LeftLowerLeg"] = CFrame.new(-2.905726432800293e-07, 1.1920928955078125e-07, 1.4901161193847656e-07, 1, 1.8626444386882213e-08, 1.844018271413006e-07, -2.2351747119842003e-08, -0.7606359124183655, 0.6491788029670715, 1.4156105976326216e-07, -0.6491788029670715, -0.7606358528137207),
        }},
        {Time = 0.267, Data = {
            ["LeftFoot"] = CFrame.new(1.7136335372924805e-07, 1.7881393432617188e-07, 1.4901161193847656e-08, 0.9838805198669434, 0.15241055190563202, 0.09354277700185776, -0.15279482305049896, 0.9882532358169556, -0.003082652809098363, -0.09291373938322067, -0.011259891092777252, 0.9956105947494507),
            ["LeftLowerArm"] = CFrame.new(-0.000479280948638916, -0.00009810924530029297, 5.960464477539063e-08, 1, -7.636845111846924e-08, 6.705523247774181e-08, 8.940696716308594e-08, 0.7036468386650085, -0.7105498909950256, 1.4901161193847656e-08, 0.7105498909950256, 0.7036468386650085),
            ["LowerTorso"] = CFrame.new(0.10802477598190308, -0.23493051528930664, 0.022925162687897682, 0.9957519173622131, 0.02151358686387539, 0.08952788263559341, 0.000006826584467489738, 0.9723037481307983, -0.23372098803520203, -0.09207646548748016, 0.23272870481014252, 0.9681732654571533),
            ["Head"] = CFrame.new(-1.4901161193847656e-08, -1.1920928955078125e-07, 1.7462298274040222e-08, 0.9974480271339417, 0.07006610929965973, 0.013723677024245262, -0.06447397917509079, 0.9665000438690186, -0.24843670427799225, -0.030670909211039543, 0.24691779911518097, 0.968550980091095),
            ["RightUpperArm"] = CFrame.new(-0.09992480278015137, -0.04300284385681152, -7.82310962677002e-08, 0.8418442010879517, 0.11020564287900925, -0.5283830165863037, -0.43735164403915405, 0.7129087448120117, -0.5481476783752441, 0.31626230478286743, 0.692543089389801, 0.6483405232429504),
            ["UpperTorso"] = CFrame.new(-9.899849828798324e-09, -2.384185791015625e-07, 1.0244548320770264e-08, 0.9972586035728455, -0.07129457592964172, -0.019808132201433182, 0.0715181976556778, 0.8600157499313354, 0.505230724811554, -0.01898491382598877, -0.5052623748779297, 0.8627570271492004),
            ["HumanoidRootPart"] = CFrame.new(0, 0, 0, 1, 0, 0, 0, 1, 0, 0, 0, 1),
            ["RightHand"] = CFrame.new(-2.086162567138672e-07, -2.384185791015625e-07, -2.980232238769531e-07, -0.0364125594496727, -0.16371415555477142, -0.9858355522155762, -0.40634509921073914, 0.9036823511123657, -0.13506266474723816, 0.912993848323822, 0.3956716060638428, -0.09942983835935593),
            ["LeftUpperArm"] = CFrame.new(0.09992480278015137, -0.04300332069396973, -1.862645149230957e-08, 0.9538087248802185, -0.2287501096725464, 0.19477660953998566, 0.29979971051216125, 0.766187846660614, -0.5683884024620056, -0.019215142354369164, 0.6005244255065918, 0.7993727326393127),
            ["RightLowerArm"] = CFrame.new(-0.000020802021026611328, 0.0000017881393432617188, 1.1920928955078125e-07, 1, -5.960465188081798e-08, 7.450581485102248e-09, 3.7252917195473856e-08, 0.6866576671600342, -0.7269808650016785, 2.980233304583635e-08, 0.7269808650016785, 0.6866576671600342),
            ["LeftHand"] = CFrame.new(5.21540641784668e-08, 0.00010001659393310547, 2.682209014892578e-07, 0.06568796187639236, 0.23749209940433502, 0.9691659808158875, 0.5633634328842163, 0.7928314208984375, -0.23246511816978455, -0.8235938549041748, 0.561262845993042, -0.08171485364437103),
            ["RightUpperLeg"] = CFrame.new(-8.940696716308594e-08, 9.778887033462524e-08, -3.336026566103101e-08, 0.45656999945640564, -0.6447488069534302, -0.6130602955818176, -0.8651257753372192, -0.16094228625297546, -0.4750315845012665, 0.20760875940322876, 0.7472594976425171, -0.6312702894210815),
