return {
    ["Drippin' Flavour"] = {
        {Time = 0.000, Data = {
            ["RightFoot"] = CFrame.new(0, 2.980232238769531e-07, 5.3849362302571535e-08, 0.8336314558982849, 0.5520634055137634, 0.016876207664608955, -0.5467353463172913, 0.8291496634483337, -0.11658155918121338, -0.07835330814123154, 0.08795929700136185, 0.9930378198623657),
            ["LeftLowerArm"] = CFrame.new(-2.9802322387695312e-08, 0, -3.427267074584961e-07, 1, -7.450580596923828e-08, 1.4901159417490817e-08, -1.4901161193847656e-08, 0.8342214226722717, -0.5514299869537354, -2.9802322387695312e-08, 0.5514296889305115, 0.8342212438583374),
            ["RightUpperArm"] = CFrame.new(0, 1.1920928955078125e-07, -1.4901161193847656e-08, 0.1609182208776474, -0.1119270995259285, 0.9806006550788879, 0.7870087027549744, -0.5850057601928711, -0.19592276215553284, 0.5955860018730164, 0.8032687306404114, -0.006050492636859417),
            ["Head"] = CFrame.new(7.2177499532699585e-09, 0, -4.470348358154297e-08, 0.9185752868652344, 0.16378401219844818, -0.35971391201019287, -0.22035090625286102, 0.9677537679672241, -0.12205849587917328, 0.32812318205833435, 0.1913832128047943, 0.9250446557998657),
            ["RightHand"] = CFrame.new(-3.520399332046509e-07, -5.960464477539063e-08, -4.6566128730773926e-08, 0.893624484539032, 0.440207839012146, 0.08747939765453339, -0.4037957191467285, 0.7034832239151001, 0.5848593711853027, 0.19591934978961945, -0.5579681396484375, 0.8064037561416626),
            ["UpperTorso"] = CFrame.new(-7.450580596923828e-09, 2.9802322387695312e-08, -6.984919309616089e-08, 0.9974690675735474, -0.05054453760385513, 0.05000803992152214, 0.03823499754071236, 0.9742769002914429, 0.22208714485168457, -0.05994701758027077, -0.2196129858493805, 0.9737435579299927),
            ["HumanoidRootPart"] = CFrame.new(0, 0, 0, 1, 0, 0, 0, 1, 0, 0, 0, 1),
            ["RightUpperLeg"] = CFrame.new(-2.9802322387695312e-08, 2.868473529815674e-07, -6.129994289949536e-08, 0.8173921704292297, -0.5134782195091248, 0.26117101311683655, 0.5442941188812256, 0.8368776440620422, -0.05813556909561157, -0.18871693313121796, 0.1896732598543167, 0.9635404348373413),
            ["LeftUpperArm"] = CFrame.new(0, 0, -1.4901161193847656e-08, 0.6002395153045654, 0.4856688380241394, -0.635482907295227, -0.0787431001663208, 0.8265554308891296, 0.5573199987411499, 0.7959347367286682, -0.2844853699207306, 0.5343742966651917),
            ["RightLowerArm"] = CFrame.new(-5.364418029785156e-07, -5.960464477539063e-08, 8.940696716308594e-08, 1, 0, -9.778887921640944e-09, 2.6077039194660756e-08, 0.9002513885498047, -0.4353705644607544, 1.862645504502325e-08, 0.435370534658432, 0.9002514481544495),
            ["LeftHand"] = CFrame.new(5.960464477539063e-08, 2.384185791015625e-07, -8.940696716308594e-08, 0.9482879638671875, 0.31698939204216003, -0.016359124332666397, -0.31713977456092834, 0.9440851807594299, -0.09014381468296051, -0.013130255043506622, 0.09067053347826004, 0.9957944750785828),
            ["LeftFoot"] = CFrame.new(-3.725290298461914e-09, 1.1920928955078125e-07, -2.9802322387695312e-08, 0.9501693844795227, -0.08907396346330643, -0.29873740673065186, 0.03341691195964813, 0.981890082359314, -0.1864818036556244, 0.30993780493736267, 0.1672060489654541, 0.93593829870224),
            ["LowerTorso"] = CFrame.new(-0.0006315060309134424, -0.3860917091369629, 0.38522660732269287, 0.9453896284103394, -0.1217503547668457, 0.3023497760295868, 0.05694027245044708, 0.9750431180000305, 0.21458964049816132, -0.32093048095703125, -0.18565493822097778, 0.9287281632423401),
            ["RightLowerLeg"] = CFrame.new(7.450580596923828e-08, -0.00006002187728881836, -0.00007195228681666777, 1, -5.96046660916727e-08, -4.93601071127614e-08, 1.49011640360186e-07, 0.7175407409667969, 0.6965162754058838, 7.4505820180093e-08, -0.6965166330337524, 0.7175410985946655),
            ["LeftUpperLeg"] = CFrame.new(2.9802322387695312e-08, 2.0489096641540527e-07, 0, 0.950508177280426, 0.31043240427970886, -0.012884213589131832, -0.10786078870296478, 0.2908000946044922, -0.9506847262382507, -0.29137662053108215, 0.9050232768058777, 0.30989137291908264),
            ["LeftLowerLeg"] = CFrame.new(0, 0.000060677528381347656, 0.0000721123069524765, 1, 5.587936158235607e-08, 7.078051567077637e-08, -5.587936158235607e-08, 0.2789629399776459, 0.96030193567276, 1.0430814256778831e-07, -0.96030193567276, 0.2789627015590668),
        }},
        {Time = 0.033, Data = {
            ["RightFoot"] = CFrame.new(4.470348358154297e-08, 4.172325134277344e-07, -2.8107024263590574e-08, 0.8487083315849304, 0.5228679180145264, -0.07939297705888748, -0.5237681865692139, 0.8102260828018188, -0.2630600035190582, -0.0732196792960167, 0.26484519243240356, 0.961507260799408),
            ["LeftLowerArm"] = CFrame.new(0, 5.960464477539063e-08, 8.940696716308594e-08, 1, -1.4901162970204496e-08, -2.2351745343485163e-08, -4.4703494239684005e-08, 0.8637112379074097, -0.503987193107605, 0, 0.5039871335029602, 0.8637111186981201),
            ["RightUpperArm"] = CFrame.new(0, 2.384185791015625e-07, -7.450580596923828e-08, 0.26293614506721497, -0.13541936874389648, 0.9552624225616455, 0.6230929493904114, -0.7321001291275024, -0.27529001235961914, 0.7366273403167725, 0.6676009297370911, -0.10811672359704971),
            ["Head"] = CFrame.new(0, 1.1920928955078125e-07, -1.4901161193847656e-08, 0.923465371131897, 0.16598784923553467, -0.3459186553955078, -0.24299047887325287, 0.9507408142089844, -0.19247779250144958, 0.29692989587783813, 0.2618016004562378, 0.9183096885681152),
            ["RightHand"] = CFrame.new(1.3597309589385986e-07, -1.7881393432617188e-07, 5.21540641784668e-08, 0.9163429737091064, 0.40039360523223877, 0.000750049832277, -0.3277997374534607, 0.7491260170936584, 0.5756368637084961, 0.22991953790187836, -0.5277264714241028, 0.8177051544189453),
            ["UpperTorso"] = CFrame.new(-1.862645149230957e-08, -2.086162567138672e-07, -3.166496753692627e-08, 0.9968284964561462, -0.054035384207963943, 0.058421701192855835, 0.041172128170728683, 0.9784249663352966, 0.2024586945772171, -0.06810116767883301, -0.19941125810146332, 0.9775466918945312),
            ["HumanoidRootPart"] = CFrame.new(0, 0, 0, 1, 0, 0, 0, 1, 0, 0, 0, 1),
            ["RightUpperLeg"] = CFrame.new(-5.960464477539063e-08, -2.644956111907959e-07, -7.620110409334302e-08, 0.8040919899940491, -0.5319112539291382, 0.2655304968357086, 0.5296500325202942, 0.8438045382499695, 0.0864000990986824, -0.27001306414604187, 0.07116453349590302, 0.9602232575416565),
            ["LeftUpperArm"] = CFrame.new(0, 0, -1.4901161193847656e-08, 0.7081420421600342, 0.42224109172821045, -0.5659042596817017, -0.01671152375638485, 0.8112831711769104, 0.5844146013259888, 0.7058722376823425, -0.40439122915267944, 0.5815600156784058),
            ["RightLowerArm"] = CFrame.new(-2.384185791015625e-07, -5.960464477539063e-08, -5.774199962615967e-08, 1, 1.4901162970204496e-08, -3.9115551686563776e-08, -7.450581485102248e-09, 0.8897385001182556, -0.45647090673446655, -3.725290653733282e-08, 0.4564708471298218, 0.8897384405136108),
            ["LeftHand"] = CFrame.new(0, 1.1920928955078125e-07, -5.960464477539063e-08, 0.9325485825538635, 0.35515668988227844, -0.06493669748306274, -0.3610439598560333, 0.9176816940307617, -0.1658547967672348, 0.0006868405034765601, 0.17811273038387299, 0.984009861946106),
            ["LeftFoot"] = CFrame.new(-4.470348358154297e-08, 1.1920928955078125e-07, -7.450580596923828e-09, 0.9592757821083069, -0.09623850882053375, -0.26557162404060364, 0.018418557941913605, 0.9594813585281372, -0.2811691164970398, 0.2818702757358551, 0.2648277282714844, 0.9221798777580261),
            ["LowerTorso"] = CFrame.new(-0.008548412472009659, -0.45542407035827637, 0.3859144449234009, 0.9474980235099792, -0.11774612218141556, 0.2972935140132904, 0.0495818667113781, 0.9725892543792725, 0.2271825671195984, -0.31589433550834656, -0.20051470398902893, 0.9273644089698792),
            ["RightLowerLeg"] = CFrame.new(-1.4901161193847656e-08, -0.00006031990051269531, -0.0000721646283636801, 1, -1.0430815677864302e-07, 4.4703494239684005e-08, 1.3411047916633834e-07, 0.8330758810043335, 0.5531582236289978, -8.940698847936801e-08, -0.5531586408615112, 0.8330762386322021),
            ["LeftUpperLeg"] = CFrame.new(0, -1.862645149230957e-07, 0, 0.9514745473861694, 0.3074299693107605, -0.013533814810216427, -0.08790721744298935, 0.2293933779001236, -0.9693560004234314, -0.29490455985069275, 0.9235072135925293, 0.24528717994689941),
            ["LeftLowerLeg"] = CFrame.new(-1.1734664440155029e-07, 0.00006085634231567383, 0.00007198378443717957, 1, 2.9802318834981634e-08, 7.264316792543468e-08, -3.352760913344355e-08, 0.17371578514575958, 0.9847958087921143, 2.9802318834981634e-08, -0.9847958087921143, 0.17371602356433868),
        }},
        {Time = 0.067, Data = {
            ["RightFoot"] = CFrame.new(1.341104507446289e-07, 2.384185791015625e-07, 9.110226528719068e-08, 0.8558656573295593, 0.5058378577232361, -0.10780747979879379, -0.5064871311187744, 0.7775275707244873, -0.3727213442325592, -0.10471326857805252, 0.3736027479171753, 0.9216595888137817),
            ["LeftLowerArm"] = CFrame.new(8.940696716308594e-08, 5.960464477539063e-08, -8.940696716308594e-08, 1, -5.21540641784668e-08, -1.4901162970204496e-08, 4.842877388000488e-08, 0.8925130367279053, -0.45102182030677795, 2.9802322387695312e-08, 0.45102164149284363, 0.8925129175186157),
            ["RightUpperArm"] = CFrame.new(0, 1.1920928955078125e-07, 0, 0.3386271297931671, -0.16063192486763, 0.9271079897880554, 0.43946540355682373, -0.8442452549934387, -0.30679017305374146, 0.8319867849349976, 0.5113192796707153, -0.2152920961380005),
            ["Head"] = CFrame.new(3.725290298461914e-08, 1.1920928955078125e-07, 0, 0.9337595701217651, 0.14550696313381195, -0.32698747515678406, -0.26665306091308594, 0.8922387957572937, -0.36442577838897705, 0.2387242317199707, 0.42747819423675537, 0.8719364404678345),
            ["RightHand"] = CFrame.new(4.991888999938965e-07, 0, -2.2351741790771484e-08, 0.9255093932151794, 0.3248986005783081, -0.19461068511009216, -0.1915370672941208, 0.8448423147201538, 0.49955523014068604, 0.32672011852264404, -0.425067663192749, 0.8441394567489624),
            ["UpperTorso"] = CFrame.new(7.450580596923828e-09, -1.1920928955078125e-07, 2.421438694000244e-08, 0.9948115944862366, -0.06361325085163116, 0.07939325273036957, 0.05010344088077545, 0.9855421185493469, 0.16185319423675537, -0.08854136615991592, -0.15703549981117249, 0.9836158752441406),
            ["HumanoidRootPart"] = CFrame.new(0, 0, 0, 1, 0, 0, 0, 1, 0, 0, 0, 1),
            ["RightUpperLeg"] = CFrame.new(1.7881393432617188e-07, -1.4901161193847656e-08, 8.77116690389812e-08, 0.7716302871704102, -0.5702374577522278, 0.2818079888820648, 0.5710318088531494, 0.8161970973014832, 0.08800564706325531, -0.280195027589798, 0.09301336854696274, 0.9554262161254883),
            ["LeftUpperArm"] = CFrame.new(0, 0, 0, 0.7936893105506897, 0.33687683939933777, -0.5065290331840515, 0.06682971119880676, 0.7793379426002502, 0.6230298280715942, 0.6046413779258728, -0.528343141078949, 0.596038818359375),
            ["RightLowerArm"] = CFrame.new(1.1920928955078125e-07, -2.384185791015625e-07, 8.940696716308594e-08, 1, -5.960465188081798e-08, -5.774199962615967e-08, 3.725290653733282e-08, 0.8557538986206055, -0.5173830986022949, -2.980232594040899e-08, 0.5173830986022949, 0.8557538986206055),
            ["LeftHand"] = CFrame.new(1.341104507446289e-07, 2.384185791015625e-07, 1.1920928955078125e-07, 0.9168820977210999, 0.38461893796920776, -0.10674949735403061, -0.39911016821861267, 0.8875316977500916, -0.23021438717842102, 0.006198742426931858, 0.25368452072143555, 0.9672673344612122),
            ["LeftFoot"] = CFrame.new(5.774199962615967e-08, 0, -6.705522537231445e-08, 0.9609232544898987, -0.094472736120224, -0.26019519567489624, -0.0039689200930297375, 0.935161292552948, -0.3542003333568573, 0.276786744594574, 0.341391921043396, 0.8982430100440979),
            ["LowerTorso"] = CFrame.new(-0.034698933362960815, -0.5174827575683594, 0.3864039480686188, 0.9524343013763428, -0.1069866344332695, 0.2853468060493469, 0.03079405054450035, 0.965344250202179, 0.2591570019721985, -0.30318424105644226, -0.23804308474063873, 0.9227214455604553),
            ["RightLowerLeg"] = CFrame.new(-2.2351741790771484e-08, -0.000060558319091796875, -0.00007206032023532316, 1, -7.450581307466564e-08, 1.4901159417490817e-08, 4.842877388000488e-08, 0.8232249617576599, 0.5677151679992676, -8.940696716308594e-08, -0.5677154660224915, 0.8232250809669495),
            ["LeftUpperLeg"] = CFrame.new(-1.1920928955078125e-07, -2.2351741790771484e-07, -4.470348358154297e-08, 0.9524760246276855, 0.3045661449432373, 0.005391078535467386, -0.04741418734192848, 0.16571509838104248, -0.9850332140922546, -0.30090096592903137, 0.9379648566246033, 0.1722804754972458),
            ["LeftLowerLeg"] = CFrame.new(1.2293457984924316e-07, 0.000060677528381347656, 0.00007219985127449036, 1, 5.960465898624534e-08, -7.450580596923828e-09, -9.685756197086448e-08, 0.08691155165433884, 0.9962160587310791, 1.4156104555240745e-07, -0.9962160587310791, 0.08691138029098511),
        }},
        {Time = 0.100, Data = {
            ["RightFoot"] = CFrame.new(-1.043081283569336e-07, 1.7881393432617188e-07, 1.6596459317952394e-08, 0.8618581295013428, 0.49216294288635254, -0.1223779171705246, -0.4870380461215973, 0.7359414100646973, -0.47030210494995117, -0.1414022594690323, 0.46493661403656006, 0.8739791512489319),
            ["LeftLowerArm"] = CFrame.new(-1.4901161193847656e-07, -1.7881393432617188e-07, 2.9802322387695312e-08, 1, -9.12696123123169e-08, 1.862645504502325e-08, 2.980232594040899e-08, 0.9255953431129456, -0.37851473689079285, -2.6077035641947077e-08, 0.37851467728614807, 0.9255953431129456),
            ["RightUpperArm"] = CFrame.new(0, -1.1920928955078125e-07, 0, 0.39746224880218506, -0.18385708332061768, 0.8990107178688049, 0.25755977630615234, -0.9179847240447998, -0.3016074299812317, 0.8807308077812195, 0.3514266312122345, -0.31751006841659546),
            ["Head"] = CFrame.new(3.725290298461914e-08, 0, -8.940696716308594e-08, 0.9474116563796997, 0.11112075299024582, -0.30010536313056946, -0.2708764970302582, 0.7778052091598511, -0.5671376585960388, 0.17040260136127472, 0.6186044216156006, 0.7670018076896667),
            ["RightHand"] = CFrame.new(-2.9802322387695312e-08, -1.1920928955078125e-07, -2.9802322387695312e-08, 0.8552206754684448, 0.23758798837661743, -0.46059688925743103, -0.06868601590394974, 0.9328505992889404, 0.35365530848503113, 0.5136924386024475, -0.27081677317619324, 0.8141120076179504),
            ["UpperTorso"] = CFrame.new(-2.514570951461792e-08, -8.940696716308594e-08, -2.9802322387695312e-08, 0.9905565977096558, -0.08616945147514343, 0.10664278268814087, 0.07379889488220215, 0.9906250834465027, 0.11495992541313171, -0.11554908007383347, -0.10600419342517853, 0.9876292943954468),
            ["HumanoidRootPart"] = CFrame.new(0, 0, 0, 1, 0, 0, 0, 1, 0, 0, 0, 1),
            ["RightUpperLeg"] = CFrame.new(0, -2.0489096641540527e-07, -7.620110409334302e-08, 0.7265053987503052, -0.6200565695762634, 0.2961753010749817, 0.6286762952804565, 0.7737658619880676, 0.07779787480831146, -0.2774096429347992, 0.12967775762081146, 0.9519599676132202),
            ["LeftUpperArm"] = CFrame.new(0, 1.1920928955078125e-07, 5.960464477539063e-08, 0.8366918563842773, 0.2561976909637451, -0.4840552508831024, 0.1524396687746048, 0.7399698495864868, 0.6551388502120972, 0.5260311961174011, -0.6219384670257568, 0.5800721645355225),
            ["RightLowerArm"] = CFrame.new(-8.940696716308594e-08, 0, -5.960464477539063e-08, 1, -7.450580596923828e-08, 1.4901161193847656e-08, 2.980232594040899e-08, 0.8150585293769836, -0.5793785452842712, -1.1920930376163597e-07, 0.579378604888916, 0.8150585889816284),
            ["LeftHand"] = CFrame.new(-1.1175870895385742e-08, 5.960464477539063e-08, 8.940696716308594e-08, 0.9057669639587402, 0.39660319685935974, -0.14930570125579834, -0.4234431982040405, 0.8609880208969116, -0.2817722260951996, 0.016798697412014008, 0.31844261288642883, 0.9477933645248413),
            ["LeftFoot"] = CFrame.new(-9.313225746154785e-08, 5.960464477539063e-08, -7.450580596923828e-08, 0.9632014036178589, -0.07914899289608002, -0.25686293840408325, -0.02896634303033352, 0.9195261597633362, -0.39196011424064636, 0.26721540093421936, 0.3849767744541168, 0.8833960890769958),
            ["LowerTorso"] = CFrame.new(-0.06621811538934708, -0.5761532783508301, 0.38666194677352905, 0.9580949544906616, -0.09145981073379517, 0.2714575231075287, 0.00553349731490016, 0.9533907771110535, 0.301687628030777, -0.28639736771583557, -0.28754326701164246, 0.9139450788497925),
            ["RightLowerLeg"] = CFrame.new(1.043081283569336e-07, -0.00006026029586791992, -0.00007217952952487394, 1, -5.960465898624534e-08, 1.4901162970204496e-08, 7.823110337312755e-08, 0.810932457447052, 0.5851393938064575, -5.960465188081798e-08, -0.5851398706436157, 0.8109328150749207),
            ["LeftUpperLeg"] = CFrame.new(0, 0, -1.043081283569336e-07, 0.9527440071105957, 0.30181771516799927, 0.034423552453517914, 0.007561474107205868, 0.08972158282995224, -0.995938241481781, -0.30368027091026306, 0.9491344094276428, 0.08319954574108124),
            ["LeftLowerLeg"] = CFrame.new(4.470348358154297e-08, 0.000060677528381347656, 0.00007220730185508728, 1, 3.725290298461914e-08, 2.980232594040899e-08, -1.4901162970204496e-08, -0.0025093406438827515, 0.9999969005584717, 9.685756197086448e-08, -0.9999968409538269, -0.0025094153825193644),
        }},
        {Time = 0.133, Data = {
            ["RightFoot"] = CFrame.new(1.4901161193847656e-07, 2.980232238769531e-07, 8.365168469026685e-08, 0.8674700856208801, 0.4779466986656189, -0.13806897401809692, -0.46954789757728577, 0.6948840618133545, -0.5446656942367554, -0.16437919437885284, 0.5373111367225647, 0.8272099494934082),
            ["LeftLowerArm"] = CFrame.new(0, 1.1920928955078125e-07, -2.9802322387695312e-08, 1, -2.980232594040899e-08, 4.6566135836201283e-08, 5.2154071283894154e-08, 0.9557153582572937, -0.2942931056022644, 0, 0.2942928969860077, 0.9557152986526489),
            ["RightUpperArm"] = CFrame.new(1.1920928955078125e-07, 3.5762786865234375e-07, -7.450580596923828e-08, 0.4444279372692108, -0.1972944736480713, 0.8738184571266174, 0.09999258816242218, -0.9584242701530457, -0.2672538161277771, 0.8902164697647095, 0.2061503678560257, -0.406222403049469),
            ["Head"] = CFrame.new(6.705522537231445e-08, 1.1920928955078125e-07, -1.4901161193847656e-08, 0.9610623121261597, 0.05762545391917229, -0.2702564001083374, -0.24609225988388062, 0.6233357787132263, -0.7422205209732056, 0.12568949162960052, 0.7798281908035278, 0.6132457256317139),
            ["RightHand"] = CFrame.new(-2.682209014892578e-07, 0, 5.960464477539063e-08, 0.8057482242584229, 0.09585674107074738, -0.5844494104385376, 0.016802972182631493, 0.982718288898468, 0.18434327840805054, 0.5920199155807495, -0.15835489332675934, 0.790212869644165),
            ["UpperTorso"] = CFrame.new(1.1175870895385742e-08, 2.9802322387695312e-08, 2.9802322387695312e-08, 0.9843604564666748, -0.11381714046001434, 0.13446250557899475, 0.10423462092876434, 0.9916219115257263, 0.07629714161157608, -0.1420198380947113, -0.0610881932079792, 0.9879770874977112),
            ["HumanoidRootPart"] = CFrame.new(0, 0, 0, 1, 0, 0, 0, 1, 0, 0, 0, 1),
            ["RightUpperLeg"] = CFrame.new(1.1920928955078125e-07, -4.6566128730773926e-08, 7.281050784513354e-08, 0.6793793439865112, -0.6731225848197937, 0.2921471893787384, 0.6832913756370544, 0.7254655361175537, 0.08253776282072067, -0.26750069856643677, 0.1435471773147583, 0.9528050422668457),
            ["LeftUpperArm"] = CFrame.new(5.960464477539063e-08, 2.384185791015625e-07, 7.450580596923828e-08, 0.8486513495445251, 0.1917532980442047, -0.4929722249507904, 0.22005297243595123, 0.7195143103599548, 0.6586927175521851, 0.4810068905353546, -0.6674802303314209, 0.5684208869934082),
            ["RightLowerArm"] = CFrame.new(1.1920928955078125e-07, 4.172325134277344e-07, 2.384185791015625e-07, 1, -6.705522537231445e-08, 2.2351745343485163e-08, 5.960463766996327e-08, 0.7724884748458862, -0.6350287795066833, -1.4901159417490817e-08, 0.6350288987159729, 0.7724885940551758),
            ["LeftHand"] = CFrame.new(-1.043081283569336e-07, -5.960464477539063e-08, 8.940696716308594e-08, 0.8963685035705566, 0.3989575207233429, -0.1932777464389801, -0.44123193621635437, 0.8450707197189331, -0.30194395780563354, 0.04287032037973404, 0.3559332489967346, 0.9335275292396545),
            ["LeftFoot"] = CFrame.new(6.51925802230835e-08, 5.960464477539063e-08, 4.470348358154297e-08, 0.9650779366493225, -0.06374714523553848, -0.2540883719921112, -0.054713066667318344, 0.8994994163513184, -0.4334828853607178, 0.25618550181388855, 0.43224677443504333, 0.8645992875099182),
            ["LowerTorso"] = CFrame.new(-0.101485475897789, -0.62837815284729, 0.3779173493385315, 0.9628165364265442, -0.07407637685537338, 0.25980186462402344, -0.02122492343187332, 0.9379590153694153, 0.34609583020210266, -0.2693210542201996, -0.33874112367630005, 0.9015102386474609),
            ["RightLowerLeg"] = CFrame.new(3.725290298461914e-08, -0.00006026029586791992, -0.00007214972720248625, 1, -1.3411046495548362e-07, 7.078051567077637e-08, 4.470347647611561e-08, 0.8195798993110657, 0.5729647874832153, 0, -0.5729649662971497, 0.819580078125),
            ["LeftUpperLeg"] = CFrame.new(-5.960464477539063e-08, -1.862645149230957e-08, 1.043081283569336e-07, 0.9510849714279175, 0.30091145634651184, 0.06992759555578232, 0.06497983634471893, 0.026432663202285767, -0.9975364208221436, -0.30201831459999084, 0.9532856941223145, 0.005586411338299513),
            ["LeftLowerLeg"] = CFrame.new(-2.2351741790771484e-08, 0.000060617923736572266, 0.00007189437747001648, 1, 8.195637946073475e-08, 1.1734663019069558e-07, -1.5646217832454568e-07, -0.08144520223140717, 0.996677815914154, 1.0430811414607888e-07, -0.9966778755187988, -0.08144532889127731),
        }},
        {Time = 0.167, Data = {
            ["RightFoot"] = CFrame.new(1.4901161193847656e-08, 1.7881393432617188e-07, 9.145878721028566e-09, 0.8686385154724121, 0.46906715631484985, -0.15951015055179596, -0.4690364599227905, 0.674839437007904, -0.5697336196899414, -0.15959973633289337, 0.569708526134491, 0.8062010407447815),
            ["LeftLowerArm"] = CFrame.new(-2.682209014892578e-07, 0, -4.76837158203125e-07, 1, -2.980232594040899e-08, -7.450581485102248e-09, 2.2351741790771484e-08, 0.9698192477226257, -0.2438255101442337, -4.0978193283081055e-08, 0.24382542073726654, 0.969819188117981),
            ["RightUpperArm"] = CFrame.new(-5.960464477539063e-08, -2.384185791015625e-07, 2.9802322387695312e-08, 0.48950129747390747, -0.20340201258659363, 0.8479482531547546, -0.006728694774210453, -0.9732668995857239, -0.2295786440372467, 0.8719766139984131, 0.10667341947555542, -0.4777839779853821),
            ["Head"] = CFrame.new(1.862645149230957e-08, -2.384185791015625e-07, 1.4901161193847656e-08, 0.9703930020332336, 0.0045427908189594746, -0.24148906767368317, -0.21366024017333984, 0.48240476846694946, -0.8494910597801208, 0.11263629049062729, 0.8759366869926453, 0.4690929055213928),
            ["RightHand"] = CFrame.new(2.384185791015625e-07, 5.960464477539063e-08, 2.9802322387695312e-08, 0.7413894534111023, -0.036882318556308746, -0.6700607538223267, 0.06135829538106918, 0.9980317950248718, 0.012955350801348686, 0.6682640314102173, -0.05071869120001793, 0.7421932220458984),
            ["UpperTorso"] = CFrame.new(-1.4901161193847656e-08, 0, -6.332993507385254e-08, 0.9776071906089783, -0.14026516675949097, 0.15687508881092072, 0.13491147756576538, 0.9898658990859985, 0.04432353377342224, -0.16150231659412384, -0.02216680720448494, 0.9866234064102173),
            ["HumanoidRootPart"] = CFrame.new(0, 0, 0, 1, 0, 0, 0, 1, 0, 0, 0, 1),
            ["RightUpperLeg"] = CFrame.new(0, -1.471489667892456e-07, -1.8795981304720044e-07, 0.641943633556366, -0.72259122133255, 0.2564570903778076, 0.7235157489776611, 0.6815866231918335, 0.10938356816768646, -0.2538371682167053, 0.11533261090517044, 0.9603463411331177),
            ["LeftUpperArm"] = CFrame.new(1.1920928955078125e-07, -2.384185791015625e-07, -4.470348358154297e-08, 0.8627354502677917, 0.13960537314414978, -0.4860020577907562, 0.2521800696849823, 0.7142847776412964, 0.6528419256210327, 0.4382839798927307, -0.6857897639274597, 0.5810331106185913),
            ["RightLowerArm"] = CFrame.new(1.1920928955078125e-07, 9.5367431640625e-07, 2.9802322387695312e-08, 1, -9.685756197086448e-08, 4.470348358154297e-08, 2.2351745343485163e-08, 0.7215365171432495, -0.6923762559890747, 1.4901162970204496e-08, 0.6923763751983643, 0.7215366363525391),
            ["LeftHand"] = CFrame.new(-2.9802322387695312e-08, -5.960464477539063e-08, 5.960464477539063e-08, 0.9055112600326538, 0.3838241398334503, -0.18090984225273132, -0.4234960079193115, 0.8440881371498108, -0.3288867473602295, 0.026469092816114426, 0.37442532181739807, 0.926879346370697),
            ["LeftFoot"] = CFrame.new(1.0151416063308716e-07, 5.960464477539063e-08, -2.2351741790771484e-08, 0.9668012261390686, -0.04479362815618515, -0.251572847366333, -0.08039268106222153, 0.881202220916748, -0.46585381031036377, 0.24255388975143433, 0.4706125855445862, 0.8483462333679199),
            ["LowerTorso"] = CFrame.new(-0.13860835134983063, -0.6572917699813843, 0.36831939220428467, 0.9656567573547363, -0.05883574113249779, 0.2530719041824341, -0.04450492560863495, 0.9221717715263367, 0.38421159982681274, -0.2559811472892761, -0.3822794556617737, 0.8878829479217529),
            ["RightLowerLeg"] = CFrame.new(-5.960464477539063e-08, -0.0000603795051574707, -0.00007222423300845549, 1, -7.4505820180093e-08, 2.6077035641947077e-08, 4.284083843231201e-08, 0.8664578795433044, 0.4992498457431793, 1.4901161193847656e-08, -0.49925029277801514, 0.8664581179618835),
            ["LeftUpperLeg"] = CFrame.new(-1.7881393432617188e-07, -2.384185791015625e-07, -2.086162567138672e-07, 0.9486947059631348, 0.2957562506198883, 0.11183387786149979, 0.11918090283870697, -0.006871255114674568, -0.9928488731384277, -0.2928725779056549, 0.9552388191223145, -0.041767287999391556),
            ["LeftLowerLeg"] = CFrame.new(-6.332993507385254e-08, 0.00006073713302612305, 0.00007230415940284729, 1, 7.450581485102248e-09, 8.195639367158947e-08, -1.7415732145309448e-07, -0.12503759562969208, 0.9921520352363586, 1.0803341865539551e-07, -0.9921520352363586, -0.12503744661808014),
        }},
        {Time = 0.200, Data = {
            ["RightFoot"] = CFrame.new(1.043081283569336e-07, 2.384185791015625e-07, 3.149762051180005e-08, 0.8443278074264526, 0.5061773657798767, -0.17577210068702698, -0.5194377303123474, 0.6926978826522827, -0.5003532767295837, -0.13151061534881592, 0.5137647390365601, 0.8477917313575745),
            ["LeftLowerArm"] = CFrame.new(-2.384185791015625e-07, -1.1920928955078125e-07, -5.960464477539063e-08, 1, -2.2351738238057806e-08, -5.960464477539063e-08, 7.450581485102248e-09, 0.9777473211288452, -0.20978620648384094, -2.980232594040899e-08, 0.209786057472229, 0.9777472615242004),
            ["RightUpperArm"] = CFrame.new(0, 0, -1.4901161193847656e-08, 0.5429475903511047, -0.20881997048854828, 0.8133894205093384, -0.05488421767950058, -0.9753428101539612, -0.2137620747089386, 0.8379711508750916, 0.07141930609941483, -0.5410208702087402),
            ["Head"] = CFrame.new(1.1175870895385742e-08, 0, 4.470348358154297e-08, 0.9781480431556702, -0.014237720519304276, -0.20742197334766388, -0.18244005739688873, 0.41968247294425964, -0.8891468644142151, 0.099710613489151, 0.907559335231781, 0.4079141616821289),
            ["RightHand"] = CFrame.new(-5.960464477539063e-08, -2.980232238769531e-07, -2.384185791015625e-07, 0.6638245582580566, -0.11006127297878265, -0.7397454380989075, 0.030245058238506317, 0.992253839969635, -0.12048868089914322, 0.7472765445709229, 0.05760948359966278, 0.662011444568634),
            ["UpperTorso"] = CFrame.new(-3.725290298461914e-08, 0, -1.4156103134155273e-07, 0.9735406637191772, -0.15768828988075256, 0.16538719832897186, 0.1555330455303192, 0.9874888062477112, 0.02598566561937332, -0.16741563379764557, 0.00042504435987211764, 0.9858863353729248),
            ["HumanoidRootPart"] = CFrame.new(0, 0, 0, 1, 0, 0, 0, 1, 0, 0, 0, 1),
            ["RightUpperLeg"] = CFrame.new(0, 9.96515154838562e-08, -1.3580574886873364e-07, 0.6280690431594849, -0.7530637979507446, 0.1960218995809555, 0.7420046925544739, 0.6554662585258484, 0.14068754017353058, -0.23443225026130676, 0.05708754435181618, 0.9704548120498657),
            ["LeftUpperArm"] = CFrame.new(0, 1.1920928955078125e-07, -1.043081283569336e-07, 0.8662242889404297, 0.09777245670557022, -0.4899962246417999, 0.26098018884658813, 0.7477298974990845, 0.6105649471282959, 0.42608094215393066, -0.656765341758728, 0.6221851110458374),
            ["RightLowerArm"] = CFrame.new(-1.7881393432617188e-07, -5.960464477539062e-07, -5.960464477539063e-08, 1, -1.4901157641133977e-08, -2.2351745343485163e-08, 9.685753354915505e-08, 0.6534548401832581, -0.7569656372070312, 4.470347647611561e-08, 0.7569655776023865, 0.6534548401832581),
            ["LeftHand"] = CFrame.new(1.1920928955078125e-07, 5.960464477539063e-08, 5.960464477539063e-08, 0.9225082993507385, 0.34683406352996826, -0.16936495900154114, -0.3850390911102295, 0.8575142621994019, -0.3411950170993805, 0.026894792914390564, 0.3799676299095154, 0.9246088862419128),
            ["LeftFoot"] = CFrame.new(1.3969838619232178e-08, -1.1920928955078125e-07, 0, 0.9679981470108032, -0.022849176079034805, -0.24991531670093536, -0.10408614575862885, 0.8695988059043884, -0.48266324400901794, 0.2283543199300766, 0.49323001503944397, 0.8393918871879578),
            ["LowerTorso"] = CFrame.new(-0.1762755960226059, -0.6466752290725708, 0.35791444778442383, 0.9662871956825256, -0.050325460731983185, 0.25250044465065, -0.05933939665555954, 0.9107780456542969, 0.40861016511917114, -0.25053533911705017, -0.40981805324554443, 0.8770868182182312),
            ["RightLowerLeg"] = CFrame.new(1.1920928955078125e-07, -0.00006031990051269531, -0.00007194111094577238, 1, -1.043081283569336e-07, 8.195637946073475e-08, 5.215407838932151e-08, 0.9230625033378601, 0.38464999198913574, 0, -0.38465002179145813, 0.9230624437332153),
            ["LeftUpperLeg"] = CFrame.new(-5.960464477539063e-08, -1.1175870895385742e-08, -8.940696716308594e-08, 0.9469802379608154, 0.28043314814567566, 0.15679813921451569, 0.16121970117092133, 0.007383960299193859, -0.9868909120559692, -0.277914822101593, 0.9598451852798462, -0.03821877762675285),
            ["LeftLowerLeg"] = CFrame.new(1.5832483768463135e-07, 0.000060617923736572266, 0.00007219985127449036, 1, 1.210719347000122e-07, 3.3527616238870905e-08, -1.098960922263359e-07, -0.11346794664859772, 0.9935416579246521, 7.823111758398227e-08, -0.9935417175292969, -0.11346790194511414),
        }},
        {Time = 0.233, Data = {
            ["RightFoot"] = CFrame.new(1.1920928955078125e-07, 5.960464477539063e-08, 3.149762051180005e-08, 0.7992554903030396, 0.5831858515739441, -0.14520828425884247, -0.5882478952407837, 0.7096373438835144, -0.3877871036529541, -0.12310664355754852, 0.39535945653915405, 0.9102393984794617),
            ["LeftLowerArm"] = CFrame.new(1.4901161193847656e-07, 2.384185791015625e-07, 1.7881393432617188e-07, 1, 2.9802311729554276e-08, 3.725289943190546e-08, 1.2665982751514093e-07, 0.9796791076660156, -0.2005712389945984, 0, 0.200571209192276, 0.9796791076660156),
            ["RightUpperArm"] = CFrame.new(0, 0, -1.4901161193847656e-08, 0.5979515910148621, -0.2205221801996231, 0.7705996632575989, -0.0735243633389473, -0.972445547580719, -0.2212328016757965, 0.7981529235839844, 0.07562856376171112, -0.5976890921592712),
            ["Head"] = CFrame.new(-7.82310962677002e-08, 1.1920928955078125e-07, 1.7881393432617188e-07, 0.9802945852279663, -0.038130439817905426, -0.1938266009092331, -0.15868958830833435, 0.43233996629714966, -0.8876372575759888, 0.11764484643936157, 0.9009040594100952, 0.4177696704864502),
            ["RightHand"] = CFrame.new(2.086162567138672e-07, -5.960464477539062e-07, 2.086162567138672e-07, 0.6245471835136414, -0.18345500528812408, -0.7591344118118286, 0.00637012580409646, 0.9731836318969727, -0.22994168102741241, 0.7809610962867737, 0.13877353072166443, 0.6089677810668945),
            ["UpperTorso"] = CFrame.new(1.1175870895385742e-08, -8.940696716308594e-08, 4.842877388000488e-08, 0.9710424542427063, -0.16783733665943146, 0.1700211465358734, 0.16651949286460876, 0.9857908487319946, 0.02208557166159153, -0.1713121086359024, 0.006865786388516426, 0.9851929545402527),
            ["HumanoidRootPart"] = CFrame.new(0, 0, 0, 1, 0, 0, 0, 1, 0, 0, 0, 1),
            ["RightUpperLeg"] = CFrame.new(0, 4.563480615615845e-08, 4.300818545743823e-08, 0.6229327917098999, -0.7587752342224121, 0.19030247628688812, 0.7504984140396118, 0.6483062505722046, 0.1282624900341034, -0.22069674730300903, 0.06292262673377991, 0.9733107089996338),
            ["LeftUpperArm"] = CFrame.new(0, 0, 7.450580596923828e-08, 0.8430039286613464, 0.09414666146039963, -0.529604434967041, 0.2385740727186203, 0.8169891834259033, 0.5249870419502258, 0.4821067154407501, -0.568915843963623, 0.6662640571594238),
            ["RightLowerArm"] = CFrame.new(-1.7881393432617188e-07, -7.152557373046875e-07, -1.1920928955078125e-07, 1, -8.940693874137651e-08, 0, 0, 0.5724525451660156, -0.8199377655982971, 8.195639367158947e-08, 0.8199378252029419, 0.5724527835845947),
            ["LeftHand"] = CFrame.new(-6.705522537231445e-08, 2.980232238769531e-07, -5.960464477539063e-08, 0.9463411569595337, 0.28633591532707214, -0.1498335748910904, -0.3214513063430786, 0.8817694187164307, -0.34518370032310486, 0.03328008949756622, 0.37482595443725586, 0.9264978170394897),
            ["LeftFoot"] = CFrame.new(-5.1833922043442726e-08, 5.960464477539063e-08, -7.450580596923828e-09, 0.9685119986534119, -0.001000483287498355, -0.24896520376205444, -0.12532591819763184, 0.8620972037315369, -0.49100080132484436, 0.21512335538864136, 0.506742000579834, 0.8348261117935181),
            ["LowerTorso"] = CFrame.new(-0.21315106749534607, -0.6195235252380371, 0.3467356562614441, 0.9655197262763977, -0.04863956943154335, 0.25574564933776855, -0.06458935886621475, 0.9069169163703918, 0.41632920503616333, -0.25219011306762695, -0.41849249601364136, 0.8725046515464783),
            ["RightLowerLeg"] = CFrame.new(-1.4901161193847656e-08, -0.000060558319091796875, -0.00007201561675174162, 1, -5.960465188081798e-08, 7.450579886381092e-08, 8.754432911928234e-08, 0.9187882542610168, 0.3947506546974182, 0, -0.3947508931159973, 0.9187882542610168),
            ["LeftUpperLeg"] = CFrame.new(5.960464477539063e-08, 0, -8.940696716308594e-08, 0.9466013312339783, 0.25870776176452637, 0.1923961043357849, 0.1868422031402588, 0.046131305396556854, -0.981306254863739, -0.2627471387386322, 0.9648534655570984, -0.004669525194913149),
            ["LeftLowerLeg"] = CFrame.new(7.182825356721878e-08, 0.000060498714447021484, 0.00007234886288642883, 1, 1.1350493878126144e-07, 6.234040483832359e-08, -4.4703490686970326e-08, -0.08048343658447266, 0.9967559576034546, 1.5884872084370727e-07, -0.9967560172080994, -0.08048339933156967),
        }},
        {Time = 0.267, Data = {
            ["RightFoot"] = CFrame.new(0, 2.980232238769531e-07, -8.77116690389812e-08, 0.7714837789535522, 0.633926510810852, -0.054315414279699326, -0.6243692636489868, 0.7378951907157898, -0.2562685012817383, -0.12237655371427536, 0.2316201627254486, 0.9650784134864807),
            ["LeftLowerArm"] = CFrame.new(5.960464477539063e-08, -1.1920928955078125e-07, 3.8743019104003906e-07, 1, -3.073364851502447e-08, 2.6077035641947077e-08, 4.470347647611561e-08, 0.981342613697052, -0.19226744771003723, 1.1175869119028903e-08, 0.19226741790771484, 0.981342613697052),
            ["RightUpperArm"] = CFrame.new(1.1920928955078125e-07, 2.384185791015625e-07, -1.6391277313232422e-07, 0.6653599143028259, -0.24893057346343994, 0.7037966847419739, -0.03125999867916107, -0.9512301683425903, -0.3068941831588745, 0.7458679676055908, 0.18219441175460815, -0.6406920552253723),
            ["Head"] = CFrame.new(2.9802322387695312e-08, 3.5762786865234375e-07, -2.9802322387695312e-08, 0.9794264435768127, -0.055771809071302414, -0.19394183158874512, -0.14484375715255737, 0.474895179271698, -0.8680408000946045, 0.14051403105258942, 0.8782733678817749, 0.4570468068122864),
            ["RightHand"] = CFrame.new(1.1920928955078125e-07, -1.1920928955078125e-07, -1.4901161193847656e-08, 0.6027934551239014, -0.23490354418754578, -0.7625354528427124, -0.024600645527243614, 0.9497555494308472, -0.31202447414398193, 0.7975178956985474, 0.20684516429901123, 0.5667278170585632),
            ["UpperTorso"] = CFrame.new(7.450580596923828e-09, -1.7881393432617188e-07, 0, 0.9705910682678223, -0.17207786440849304, 0.16835182905197144, 0.17106279730796814, 0.9850441813468933, 0.020625267177820206, -0.1693831980228424, 0.008780050091445446, 0.9855111837387085),
            ["HumanoidRootPart"] = CFrame.new(0, 0, 0, 1, 0, 0, 0, 1, 0, 0, 0, 1),
            ["RightUpperLeg"] = CFrame.new(0, -2.7939677238464355e-07, -8.737697498872876e-08, 0.6162046790122986, -0.7583727836608887, 0.21251466870307922, 0.756410539150238, 0.6450276970863342, 0.10854664444923401, -0.21939677000045776, 0.0938614159822464, 0.9711103439331055),
            ["LeftUpperArm"] = CFrame.new(5.960464477539063e-08, 3.5762786865234375e-07, -1.4901161193847656e-08, 0.8526241779327393, 0.1488475650548935, -0.50087571144104, 0.10811179131269455, 0.8875741362571716, 0.4477991461753845, 0.5112180709838867, -0.43595486879348755, 0.7406749725341797),
            ["RightLowerArm"] = CFrame.new(0, 1.7881393432617188e-07, 2.086162567138672e-07, 1, -8.940696716308594e-08, -7.450581485102248e-09, 1.564622067462551e-07, 0.4514482319355011, -0.8922971487045288, 2.980232594040899e-08, 0.8922973871231079, 0.45144858956336975),
            ["LeftHand"] = CFrame.new(-2.421438694000244e-08, 5.960464477539063e-08, -3.5762786865234375e-07, 0.9682279229164124, 0.24042615294456482, -0.06877313554286957, -0.24948737025260925, 0.909975528717041, -0.331211119890213, -0.017049944028258324, 0.3378458619117737, 0.9410470724105835),
            ["LeftFoot"] = CFrame.new(-4.656612873077393e-10, 0, 2.9802322387695312e-08, 0.9681776165962219, 0.01876758225262165, -0.24955926835536957, -0.14311198890209198, 0.8595711588859558, -0.490567684173584, 0.20530728995800018, 0.5106713771820068, 0.8349032402038574),
            ["LowerTorso"] = CFrame.new(-0.2479112595319748, -0.5765595436096191, 0.3348159193992615, 0.9642545580863953, -0.05032536759972572, 0.2601548433303833, -0.06305646896362305, 0.9100143313407898, 0.40975338220596313, -0.2573656141757965, -0.41151097416877747, 0.8743121027946472),
            ["RightLowerLeg"] = CFrame.new(0, -0.000060677528381347656, -0.0000721348260412924, 1, 1.4901157641133977e-08, 7.450581485102248e-09, 5.21540464148984e-08, 0.8999881744384766, 0.43591395020484924, 0, -0.4359143078327179, 0.8999884128570557),
            ["LeftUpperLeg"] = CFrame.new(0, -3.3155083656311035e-07, -1.4901161193847656e-08, 0.9468101263046265, 0.23422585427761078, 0.22065556049346924, 0.19974862039089203, 0.1098191887140274, -0.9736735820770264, -0.2522919178009033, 0.9659596085548401, 0.05719161778688431),
            ["LeftLowerLeg"] = CFrame.new(-1.3783574104309082e-07, 0.00006079673767089844, 0.00007199868559837341, 1, 3.9115551686563776e-08, 8.102507109697399e-08, -1.0523943672069436e-07, -0.024353448301553726, 0.9997034072875977, 1.1548398504146462e-07, -0.9997035264968872, -0.024353671818971634),
        }},
