return {
    ["Dubstep Jumps"] = {
        {Time = 0.000, Data = {
            ["RightFoot"] = CFrame.new(1.1734664440155029e-07, 5.960464477539063e-08, -5.790934665128589e-08, 0.9528566002845764, 0.03591048717498779, -0.3012888729572296, -0.11057635396718979, 0.965782880783081, -0.23459845781326294, 0.2825550436973572, 0.2568540871143341, 0.9242232441902161),
            ["LeftLowerArm"] = CFrame.new(9.5367431640625e-07, 0, 0.0000048623769544065, 1, 2.3841863594498136e-07, 5.792823003503145e-07, -2.356246397994255e-07, 0.999984860420227, -0.005503341089934111, -5.983748110338638e-07, 0.005504073109477758, 0.999984860420227),
            ["RightUpperArm"] = CFrame.new(-0.02920222282409668, -0.023886680603027344, 0.06496626883745193, 0.9332887530326843, -0.12877157330513, 0.33524632453918457, 0.050679050385951996, 0.9713867902755737, 0.23203277587890625, -0.3555332124233246, -0.19956350326538086, 0.9131104350090027),
            ["Head"] = CFrame.new(1.1175870895385742e-08, -7.152557373046875e-07, 3.5390257835388184e-08, 0.858403742313385, -0.13916397094726562, 0.49373751878738403, 0.25005924701690674, 0.9539151787757874, -0.1658804714679718, -0.4478989541530609, 0.2658558785915375, 0.8536432981491089),
            ["RightHand"] = CFrame.new(0.000001169741153717041, 0.0000011324882507324219, -7.599592208862305e-07, 0.5473859310150146, 0.08368400484323502, 0.8326863050460815, -0.2614881992340088, 0.9622737169265747, 0.07518845796585083, -0.7949796915054321, -0.25889456272125244, 0.5486166477203369),
            ["UpperTorso"] = CFrame.new(4.470348358154297e-08, -5.960464477539063e-08, 3.725290298461914e-09, 0.8688312768936157, -0.4940623641014099, -0.03216423839330673, 0.4809664487838745, 0.8268159031867981, 0.2916281223297119, -0.11748864501714706, -0.2688455879688263, 0.9559909105300903),
            ["HumanoidRootPart"] = CFrame.new(0, 0, 0, 1, 0, 0, 0, 1, 0, 0, 0, 1),
            ["RightUpperLeg"] = CFrame.new(2.9802322387695312e-08, -8.568167686462402e-08, 5.75528247281909e-09, 0.925015389919281, -0.17267481982707977, 0.3384230136871338, 0.3710305988788605, 0.6022258400917053, -0.7068663835525513, -0.08174897730350494, 0.7794276475906372, 0.6211358904838562),
            ["LeftUpperArm"] = CFrame.new(0.029202938079833984, -0.023888349533081055, 0.06496536731719971, 0.0635666772723198, 0.36007365584373474, -0.9307564496994019, -0.9411630034446716, -0.28856199979782104, -0.175909161567688, -0.33192113041877747, 0.8871747255325317, 0.3205438554286957),
            ["RightLowerArm"] = CFrame.new(2.086162567138672e-07, 8.344650268554688e-07, -0.0000037476420402526855, 1, -0.000018807124433806166, 0.000003927386842406122, 0.00001877545946626924, 0.912639856338501, -0.40876469016075134, 0.0000041499724829918705, 0.4087646007537842, 0.9126397967338562),
            ["LeftHand"] = CFrame.new(-0.0000018328428268432617, -2.384185791015625e-07, 1.448206603527069e-07, 0.9223798513412476, -0.2732516825199127, -0.2730359435081482, 0.2810025215148926, 0.9596428275108337, -0.0111070666462183, 0.26505282521247864, -0.06647823005914688, 0.9619397521018982),
            ["LeftFoot"] = CFrame.new(6.984919309616089e-08, 1.7881393432617188e-07, -4.0978193283081055e-08, 0.9907288551330566, -0.05994977429509163, 0.12191229313611984, 0.0741613432765007, 0.990524411201477, -0.11559193581342697, -0.11382727324962616, 0.12356148660182953, 0.985787034034729),
            ["LowerTorso"] = CFrame.new(0.02018071711063385, -0.2013840675354004, 0.19556784629821777, 0.9002546072006226, 0.29610252380371094, -0.31916311383247375, -0.32314708828926086, 0.9457345604896545, -0.0340898260474205, 0.2917495369911194, 0.1338261365890503, 0.9470864534378052),
            ["RightLowerLeg"] = CFrame.new(7.450580596923828e-08, -0.0007264614105224609, 0.000046090986870694906, 1, 3.6507859135781473e-07, 9.3132300094112e-08, -4.842878098543224e-08, -0.1005222424864769, 0.9949347972869873, 4.2468315086807706e-07, -0.9949349164962769, -0.10052227973937988),
            ["LeftUpperLeg"] = CFrame.new(1.1920928955078125e-07, -2.6775524020195007e-07, -3.725290298461914e-08, 0.9161258935928345, -0.10058967024087906, 0.38806602358818054, 0.21381112933158875, 0.941438615322113, -0.2607259154319763, -0.3391140103340149, 0.3218306601047516, 0.8839834928512573),
            ["LeftLowerLeg"] = CFrame.new(-1.0710209608078003e-07, -0.0007262825965881348, 0.00008096452802419662, 1, 1.0151418194936923e-07, 1.862645326866641e-08, -4.93601071127614e-08, 0.5386762619018555, 0.8425129652023315, 7.543714986013583e-08, -0.842512845993042, 0.5386762022972107),
        }},
        {Time = 0.017, Data = {
            ["RightFoot"] = CFrame.new(1.7695128917694092e-07, 1.1920928955078125e-07, 2.4047039914876223e-08, 0.9368809461593628, 0.039689771831035614, -0.3473886549472809, -0.07791798561811447, 0.9922518730163574, -0.09677243232727051, 0.3408563435077667, 0.11773243546485901, 0.9327144622802734),
            ["LeftLowerArm"] = CFrame.new(0.000001043081283569336, -2.384185791015625e-07, 0.00000502169132232666, 1, 2.4773186169113615e-07, 6.079204695197404e-07, -2.4773177642600785e-07, 0.9999855160713196, -0.005391981918364763, -6.023328182891419e-07, 0.005392563994973898, 0.9999855160713196),
            ["RightUpperArm"] = CFrame.new(-0.02920234203338623, -0.023887038230895996, 0.06496623903512955, 0.9388648867607117, -0.09040030092000961, 0.33220574259757996, 0.022308433428406715, 0.9788578152656555, 0.20332153141498566, -0.34356260299682617, -0.18348072469234467, 0.9210318922996521),
            ["Head"] = CFrame.new(-3.3527612686157227e-08, -0.0000011920928955078125, 7.450580596923828e-08, 0.8433285355567932, -0.14848487079143524, 0.5164777636528015, 0.26962706446647644, 0.9482607841491699, -0.16763906180858612, -0.464863657951355, 0.2806311547756195, 0.8397309184074402),
            ["RightHand"] = CFrame.new(0.0000010244548320770264, 0.0000015497207641601562, -8.344650268554688e-07, 0.4701528549194336, 0.05629538744688034, 0.8807880878448486, -0.2502073347568512, 0.9655228853225708, 0.07184591889381409, -0.8463762402534485, -0.2541581392288208, 0.46802830696105957),
            ["UpperTorso"] = CFrame.new(2.9802322387695312e-08, -1.4901161193847656e-07, 1.955777406692505e-08, 0.8384864926338196, -0.5444884300231934, -0.021748149767518044, 0.5290432572364807, 0.8038395047187805, 0.2719472646713257, -0.13059015572071075, -0.23952971398830414, 0.9620663523674011),
            ["HumanoidRootPart"] = CFrame.new(0, 0, 0, 1, 0, 0, 0, 1, 0, 0, 0, 1),
            ["RightUpperLeg"] = CFrame.new(-8.940696716308594e-08, -1.1175870895385742e-07, -9.611540008336306e-09, 0.8970808982849121, -0.07872970402240753, 0.43479591608047485, 0.3981707692146301, 0.5706817507743835, -0.7181800007820129, -0.19158796966075897, 0.8173885345458984, 0.5432955622673035),
            ["LeftUpperArm"] = CFrame.new(0.029202818870544434, -0.02388918399810791, 0.06496521830558777, 0.019139334559440613, 0.3922554850578308, -0.919657826423645, -0.9415149688720703, -0.3024402856826782, -0.1485912799835205, -0.3364272117614746, 0.8687149286270142, 0.36352473497390747),
            ["RightLowerArm"] = CFrame.new(2.384185791015625e-07, 8.344650268554688e-07, -0.000003375113010406494, 1, -0.000018859280316974036, 0.0000038370490074157715, 0.000018808992535923608, 0.9136743545532227, -0.40644702315330505, 0.00000412389681514469, 0.4064469635486603, 0.9136743545532227),
            ["LeftHand"] = CFrame.new(-0.0000012069940567016602, -5.960464477539062e-07, 2.3096799850463867e-07, 0.9425097703933716, -0.27002251148223877, -0.19688308238983154, 0.2734649181365967, 0.9618299603462219, -0.010017385706305504, 0.19207338988780975, -0.04439832270145416, 0.9803758263587952),
            ["LeftFoot"] = CFrame.new(-1.862645149230957e-09, 1.1920928955078125e-07, 5.21540641784668e-08, 0.9925822019577026, -0.09133665263652802, 0.08023792505264282, 0.0893726572394371, 0.9956117868423462, 0.027744609862565994, -0.08242005854845047, -0.020367760211229324, 0.9963895678520203),
            ["LowerTorso"] = CFrame.new(0.012692632153630257, -0.14111602306365967, 0.19739973545074463, 0.8725848197937012, 0.3254554569721222, -0.3642450273036957, -0.3511055111885071, 0.936325192451477, -0.004494956694543362, 0.33958888053894043, 0.13181069493293762, 0.9312922954559326),
            ["RightLowerLeg"] = CFrame.new(-1.862645149230957e-08, -0.0007263422012329102, 0.000046228822611737996, 1, 3.0547380447387695e-07, 8.568172660261553e-08, -1.3038513202445756e-07, -0.09151896834373474, 0.9958033561706543, 4.246829803378205e-07, -0.9958034157752991, -0.09151893109083176),
            ["LeftUpperLeg"] = CFrame.new(5.960464477539063e-08, -3.7159770727157593e-07, 2.7939677238464355e-08, 0.8931909203529358, -0.11781041324138641, 0.43397098779678345, 0.22654791176319122, 0.9515398740768433, -0.20796138048171997, -0.38844063878059387, 0.28406423330307007, 0.8765965104103088),
            ["LeftLowerLeg"] = CFrame.new(1.2665987014770508e-07, -0.0007264018058776855, 0.00008099479600787163, 1, 8.00937343115038e-08, -1.676381167214913e-08, -9.220092067607766e-08, 0.6404492855072021, 0.7680003046989441, 1.1455266246684914e-07, -0.7680004239082336, 0.6404495239257812),
        }},
        {Time = 0.033, Data = {
            ["RightFoot"] = CFrame.new(1.5087425708770752e-07, 2.384185791015625e-07, 6.129994289949536e-08, 0.9221339821815491, 0.014081744477152824, -0.3866146206855774, -0.005094390362501144, 0.9996927380561829, 0.02426132746040821, 0.3868372440338135, -0.020402630791068077, 0.9219222068786621),
            ["LeftLowerArm"] = CFrame.new(5.364418029785156e-07, 0, 0.000004813075065612793, 1, 2.4028130951592175e-07, 5.564651246459107e-07, -2.281740023590828e-07, 0.9999858736991882, -0.005328722298145294, -5.732289878324082e-07, 0.005329461768269539, 0.9999858140945435),
            ["RightUpperArm"] = CFrame.new(-0.02920234203338623, -0.02388584613800049, 0.06496622413396835, 0.9198815822601318, -0.10397178679704666, 0.37816357612609863, 0.021451270207762718, 0.9761158227920532, 0.2161886990070343, -0.39160940051078796, -0.1907561868429184, 0.9001415371894836),
            ["Head"] = CFrame.new(3.725290298461914e-09, -8.344650268554688e-07, -1.210719347000122e-07, 0.8380672931671143, -0.157049298286438, 0.5224738717079163, 0.2900508642196655, 0.9393733739852905, -0.18288874626159668, -0.46207550168037415, 0.304816871881485, 0.8328102827072144),
            ["RightHand"] = CFrame.new(8.717179298400879e-07, 9.5367431640625e-07, -7.450580596923828e-07, 0.4675534665584564, 0.051964253187179565, 0.8824362754821777, -0.24350851774215698, 0.9672179222106934, 0.07206550985574722, -0.8497632145881653, -0.24857467412948608, 0.46487951278686523),
            ["UpperTorso"] = CFrame.new(1.4901161193847656e-08, -4.76837158203125e-07, -1.4901161193847656e-08, 0.8311375379562378, -0.5555049777030945, -0.024987470358610153, 0.542464554309845, 0.8001092672348022, 0.25604259967803955, -0.12224029004573822, -0.22636140882968903, 0.9663425087928772),
            ["HumanoidRootPart"] = CFrame.new(0, 0, 0, 1, 0, 0, 0, 1, 0, 0, 0, 1),
            ["RightUpperLeg"] = CFrame.new(-5.960464477539063e-08, -2.1979212760925293e-07, 1.3205863069742918e-08, 0.8811277151107788, 0.0008038353989832103, 0.4728776216506958, 0.39607977867126465, 0.5450390577316284, -0.7389543056488037, -0.2583308815956116, 0.8384102582931519, 0.4799306094646454),
            ["LeftUpperArm"] = CFrame.new(0.029202938079833984, -0.023888111114501953, 0.06496518850326538, 0.04843071848154068, 0.4004187285900116, -0.9150522351264954, -0.929125964641571, -0.3181667625904083, -0.1884002536535263, -0.3665778636932373, 0.8593223094940186, 0.35662972927093506),
            ["RightLowerArm"] = CFrame.new(1.7881393432617188e-07, 5.960464477539062e-07, -0.0000034347176551818848, 1, -0.000018662773072719574, 0.000004597940460371319, 0.0000187903679034207, 0.8973203301429749, -0.4413799047470093, 0.000004164875463175122, 0.4413799047470093, 0.8973203897476196),
            ["LeftHand"] = CFrame.new(-0.0000018924474716186523, -5.960464477539062e-07, 5.960464477539063e-08, 0.9326855540275574, -0.2607620656490326, -0.24919971823692322, 0.27093297243118286, 0.9625742435455322, 0.006793861743062735, 0.23810291290283203, -0.07385248690843582, 0.968428373336792),
            ["LeftFoot"] = CFrame.new(-7.241033017635345e-08, -1.1920928955078125e-07, 5.774199962615967e-08, 0.9917990565299988, -0.1214425191283226, 0.03983123227953911, 0.11377876251935959, 0.9809181690216064, 0.15765175223350525, -0.05821669101715088, -0.15182670950889587, 0.9866911768913269),
            ["LowerTorso"] = CFrame.new(0.00812049861997366, -0.09309232234954834, 0.20685845613479614, 0.8649775385856628, 0.3337096571922302, -0.3747691214084625, -0.3524550795555115, 0.9356226325035095, 0.019640497863292694, 0.35719671845436096, 0.1151006817817688, 0.9269102215766907),
            ["RightLowerLeg"] = CFrame.new(-1.862645149230957e-08, -0.0007261037826538086, 0.00004615804209606722, 1, 3.4831472817131726e-07, 7.823112468940963e-08, -1.0617078771701927e-07, -0.06478734314441681, 0.9978991150856018, 3.6507850609268644e-07, -0.9978991746902466, -0.06478733569383621),
            ["LeftUpperLeg"] = CFrame.new(8.940696716308594e-08, -7.003545761108398e-07, -3.725290298461914e-09, 0.9009257555007935, -0.11320982873439789, 0.4189467132091522, 0.22345483303070068, 0.9485792517662048, -0.22419948875904083, -0.37202268838882446, 0.2956027686595917, 0.8798967599868774),
            ["LeftLowerLeg"] = CFrame.new(6.437767297029495e-08, -0.0007264614105224609, 0.0000809747725725174, 1, 4.889443516731262e-08, -6.984919309616089e-09, -6.728804891054097e-08, 0.6959436535835266, 0.7180964946746826, 7.706693594400349e-08, -0.7180963754653931, 0.6959436535835266),
        }},
        {Time = 0.050, Data = {
            ["RightFoot"] = CFrame.new(1.5832483768463135e-07, 1.7881393432617188e-07, -2.029992174357176e-09, 0.90160071849823, -0.001163957524113357, -0.4325677454471588, 0.06783288717269897, 0.9880050420761108, 0.13872554898262024, 0.4272177815437317, -0.15441754460334778, 0.8908650279045105),
            ["LeftLowerArm"] = CFrame.new(3.2782554626464844e-07, -1.1920928955078125e-07, 0.000004932284355163574, 1, 2.281740876242111e-07, 6.118787609921128e-07, -2.3469331722481002e-07, 0.9999861121177673, -0.005266696214675903, -6.002374561830948e-07, 0.00526749761775136, 0.9999861121177673),
            ["RightUpperArm"] = CFrame.new(-0.029202520847320557, -0.023886680603027344, 0.06496621668338776, 0.899308979511261, -0.11753876507282257, 0.42122170329093933, 0.01981591433286667, 0.9731665849685669, 0.229248046875, -0.43686482310295105, -0.19781720638275146, 0.8775064945220947),
            ["Head"] = CFrame.new(-5.960464477539063e-08, -7.152557373046875e-07, 1.434236764907837e-07, 0.832105815410614, -0.16543152928352356, 0.5293695330619812, 0.31056782603263855, 0.9297835826873779, -0.19761162996292114, -0.45950794219970703, 0.32883888483047485, 0.8250561356544495),
            ["RightHand"] = CFrame.new(0.000001087784767150879, 0.0000012516975402832031, -7.599592208862305e-07, 0.4625769853591919, 0.046575579792261124, 0.8853551745414734, -0.23725061118602753, 0.9687018990516663, 0.07299789786338806, -0.8542451858520508, -0.2438185065984726, 0.4591488838195801),
            ["UpperTorso"] = CFrame.new(-1.043081283569336e-07, -5.960464477539063e-08, -2.60770320892334e-08, 0.823422372341156, -0.566748321056366, -0.027786966413259506, 0.5558512806892395, 0.7958118915557861, 0.24023479223251343, -0.11403931677341461, -0.21326038241386414, 0.9703171253204346),
            ["HumanoidRootPart"] = CFrame.new(0, 0, 0, 1, 0, 0, 0, 1, 0, 0, 0, 1),
            ["RightUpperLeg"] = CFrame.new(-5.960464477539063e-08, -2.3469328880310059e-07, -3.149762051180005e-08, 0.8608556985855103, 0.07997805625200272, 0.5025246739387512, 0.392460435628891, 0.5242400765419006, -0.7557428479194641, -0.3238864839076996, 0.8478065729141235, 0.4199066758155823),
            ["LeftUpperArm"] = CFrame.new(0.029202640056610107, -0.023888587951660156, 0.06496527791023254, 0.07703465968370438, 0.4092743396759033, -0.9091541767120361, -0.9148399233818054, -0.3335250914096832, -0.22765882313251495, -0.3964008688926697, 0.8492676615715027, 0.3487266004085541),
            ["RightLowerArm"] = CFrame.new(5.960464477539063e-08, 5.960464477539062e-07, -0.0000035315752029418945, 1, -0.00001852400782809127, 0.000005258245892036939, 0.000018753111362457275, 0.8795152902603149, -0.4758707880973816, 0.0000041387975215911865, 0.475870817899704, 0.8795151710510254),
            ["LeftHand"] = CFrame.new(-0.0000019371509552001953, -3.5762786865234375e-07, 4.172325134277344e-07, 0.9202395677566528, -0.25069838762283325, -0.30051472783088684, 0.269965261220932, 0.962579071521759, 0.023678243160247803, 0.28333356976509094, -0.10291748493909836, 0.9534832835197449),
            ["LeftFoot"] = CFrame.new(1.1175870895385742e-08, -5.960464477539063e-08, -2.2351741790771484e-08, 0.9898582100868225, -0.14200592041015625, -0.003882292192429304, 0.13732874393463135, 0.9495466351509094, 0.28196144104003906, -0.03635384142398834, -0.2796347141265869, 0.9594178795814514),
            ["LowerTorso"] = CFrame.new(0.0026401840150356293, -0.04502415657043457, 0.2164018750190735, 0.8570216298103333, 0.3424001932144165, -0.38506633043289185, -0.35358113050460815, 0.9343734383583069, 0.043896179646253586, 0.37482571601867676, 0.09853220731019974, 0.921844482421875),
            ["RightLowerLeg"] = CFrame.new(-2.60770320892334e-08, -0.0007265210151672363, 0.0000461328963865526, 1, 3.902243577158515e-07, 1.8812723112660024e-07, -2.048909131247001e-08, -0.0337396003305912, 0.9994307160377502, 3.1944355782798084e-07, -0.9994307160377502, -0.033739592880010605),
            ["LeftUpperLeg"] = CFrame.new(-8.940696716308594e-08, -1.762527972459793e-07, 0, 0.9091790914535522, -0.10950447618961334, 0.4017488360404968, 0.21938620507717133, 0.9460048079490662, -0.23863086104393005, -0.3539251685142517, 0.3050963878631592, 0.8841115832328796),
            ["LeftLowerLeg"] = CFrame.new(-1.210719347000122e-08, -0.0007264614105224609, 0.00008106604218482971, 1, 1.0058287358560847e-07, 3.9115551686563776e-08, 6.705522537231445e-08, 0.7500159740447998, 0.6614200472831726, 5.960464477539063e-08, -0.6614198684692383, 0.7500157356262207),
        }},
        {Time = 0.067, Data = {
            ["RightFoot"] = CFrame.new(1.8172431737184525e-07, 2.980232238769531e-07, -3.55576048605144e-08, 0.9069067239761353, -0.00031333972583524883, -0.421331524848938, 0.10818979144096375, 0.9666424989700317, 0.23215733468532562, 0.40720415115356445, -0.2561291754245758, 0.876688539981842),
            ["LeftLowerArm"] = CFrame.new(0.0000011920928955078125, 0, 0.0000049173831939697266, 1, 2.2910535335540771e-07, 6.13741292454506e-07, -2.430751919746399e-07, 0.9999860525131226, -0.0052794888615608215, -5.690380930900574e-07, 0.005280346609652042, 0.9999860525131226),
            ["RightUpperArm"] = CFrame.new(-0.02920234203338623, -0.023886680603027344, 0.0649661123752594, 0.8938279747962952, -0.12980259954929352, 0.42921149730682373, 0.01815728470683098, 0.9668780565261841, 0.2545924186706543, -0.4480423331260681, -0.21976880729198456, 0.8665796518325806),
            ["Head"] = CFrame.new(8.940696716308594e-08, -7.152557373046875e-07, 2.60770320892334e-08, 0.836806058883667, -0.1619107723236084, 0.5230107307434082, 0.3073892295360565, 0.9294414520263672, -0.20408475399017334, -0.4530644714832306, 0.3315471112728119, 0.8275320529937744),
            ["RightHand"] = CFrame.new(0.0000011548399925231934, 0.0000015497207641601562, -8.046627044677734e-07, 0.49106931686401367, 0.0679362565279007, 0.8684675097465515, -0.24251432716846466, 0.9682037234306335, 0.061389949172735214, -0.8366825580596924, -0.24076227843761444, 0.4919304847717285),
            ["UpperTorso"] = CFrame.new(0, -5.960464477539063e-08, 0, 0.8310865163803101, -0.5545633435249329, -0.04189155995845795, 0.5477477312088013, 0.8031761050224304, 0.23426584899425507, -0.09626879543066025, -0.21764105558395386, 0.9712696075439453),
            ["HumanoidRootPart"] = CFrame.new(0, 0, 0, 1, 0, 0, 0, 1, 0, 0, 0, 1),
            ["RightUpperLeg"] = CFrame.new(2.9802322387695312e-08, -1.2665987014770508e-07, 1.3205863069742918e-08, 0.850273847579956, 0.11661291122436523, 0.5132599472999573, 0.3901568651199341, 0.5148932337760925, -0.7633236646652222, -0.35328733921051025, 0.849285900592804, 0.3923024535179138),
            ["LeftUpperArm"] = CFrame.new(0.02920299768447876, -0.023888111114501953, 0.06496521830558777, 0.07199081033468246, 0.4027940034866333, -0.9124556183815002, -0.9121296405792236, -0.3435349762439728, -0.2236143797636032, -0.40353062748908997, 0.8483753800392151, 0.34266820549964905),
            ["RightLowerArm"] = CFrame.new(5.960464477539063e-08, 7.748603820800781e-07, -0.00000406801700592041, 1, -0.000018229706256533973, 0.0000060265883803367615, 0.000018753109543467872, 0.8600456714630127, -0.5102171897888184, 0.0000041462476474407595, 0.5102170705795288, 0.8600456714630127),
            ["LeftHand"] = CFrame.new(-0.0000011324882507324219, -4.172325134277344e-07, 1.7881393432617188e-07, 0.9213371276855469, -0.24761559069156647, -0.29970747232437134, 0.26811325550079346, 0.9629621505737305, 0.028623031452298164, 0.2815195322036743, -0.10672642290592194, 0.9536017775535583),
            ["LeftFoot"] = CFrame.new(-1.0896474123001099e-07, 1.1920928955078125e-07, -1.1175870895385742e-08, 0.9878385066986084, -0.15518644452095032, -0.009608563967049122, 0.14878147840499878, 0.9254999160766602, 0.3483017385005951, -0.045158978551626205, -0.3454955518245697, 0.9373332262039185),
            ["LowerTorso"] = CFrame.new(0.0022269543260335922, -0.016538143157958984, 0.2280614674091339, 0.8669028878211975, 0.3356667757034302, -0.3685203492641449, -0.34065011143684387, 0.9386590719223022, 0.053636226803064346, 0.3639187812805176, 0.07903909683227539, 0.928071141242981),
            ["RightLowerLeg"] = CFrame.new(-2.1280720829963684e-07, -0.0007265210151672363, 0.000045992266677785665, 1, 3.3993282499977795e-07, -2.421439049271612e-08, -1.3224780559539795e-07, 0.005355562549084425, 0.9999857544898987, 3.1944364309310913e-07, -0.9999856948852539, 0.005355571396648884),
            ["LeftUpperLeg"] = CFrame.new(0, -5.415640771389008e-07, 7.450580596923828e-09, 0.9284018874168396, -0.09397747367620468, 0.359497606754303, 0.20649757981300354, 0.9348222613334656, -0.2889050245285034, -0.3089156150817871, 0.3424553871154785, 0.887296736240387),
            ["LeftLowerLeg"] = CFrame.new(1.2852251529693604e-07, -0.0007261037826538086, 0.00008093193173408508, 1, 2.9802318834981634e-08, -4.004688136660661e-08, -6.705523247774181e-08, 0.7573022246360779, 0.6530646681785583, 2.980232594040899e-08, -0.6530646085739136, 0.7573022842407227),
        }},
        {Time = 0.083, Data = {
            ["RightFoot"] = CFrame.new(1.4062970876693726e-07, 1.1920928955078125e-07, -2.2984750103205442e-08, 0.9109364748001099, -0.0018850041087716818, -0.4125423729419708, 0.14810428023338318, 0.9348220825195312, 0.32275819778442383, 0.38504528999328613, -0.3551114499568939, 0.8518426418304443),
            ["LeftLowerArm"] = CFrame.new(5.960464477539062e-07, -2.384185791015625e-07, 0.0000049620866775512695, 1, 2.523884461425041e-07, 6.183979621710023e-07, -2.2072347860557784e-07, 0.9999859929084778, -0.005292557179927826, -5.583279403253982e-07, 0.005293207708746195, 0.9999860525131226),
            ["RightUpperArm"] = CFrame.new(-0.029202282428741455, -0.0238875150680542, 0.06496625393629074, 0.8885950446128845, -0.14148031175136566, 0.4363275468349457, 0.015880830585956573, 0.9601619243621826, 0.27899304032325745, -0.458417683839798, -0.24098247289657593, 0.8554421067237854),
            ["Head"] = CFrame.new(9.685754776000977e-08, -7.152557373046875e-07, 5.960464477539063e-08, 0.841476559638977, -0.1583203673362732, 0.5165768265724182, 0.30407729744911194, 0.9290816187858582, -0.21058133244514465, -0.4466029405593872, 0.334278404712677, 0.8299421072006226),
            ["RightHand"] = CFrame.new(0.0000010356307029724121, 0.000001430511474609375, -7.599592208862305e-07, 0.5181208848953247, 0.08866480737924576, 0.8506993651390076, -0.2474866807460785, 0.9676063656806946, 0.04988325759768486, -0.818719208240509, -0.2363823652267456, 0.5232803225517273),
            ["UpperTorso"] = CFrame.new(-1.4901161193847656e-08, -2.384185791015625e-07, 7.82310962677002e-08, 0.8382642865180969, -0.5423758029937744, -0.0560498982667923, 0.5395703315734863, 0.8102999329566956, 0.22864361107349396, -0.07859338074922562, -0.22190658748149872, 0.9718953371047974),
            ["HumanoidRootPart"] = CFrame.new(0, 0, 0, 1, 0, 0, 0, 1, 0, 0, 0, 1),
            ["RightUpperLeg"] = CFrame.new(0, -1.8998980522155762e-07, 1.3205863069742918e-08, 0.8389955163002014, 0.15252834558486938, 0.5223233699798584, 0.3873509168624878, 0.5067480802536011, -0.7701725363731384, -0.3821594715118408, 0.848493754863739, 0.36607733368873596),
            ["LeftUpperArm"] = CFrame.new(0.029202818870544434, -0.023888468742370605, 0.06496536731719971, 0.06721416860818863, 0.39594119787216187, -0.9158132076263428, -0.9093301892280579, -0.35343995690345764, -0.2195427268743515, -0.41061049699783325, 0.8475322127342224, 0.3362846374511719),
            ["RightLowerArm"] = CFrame.new(1.7881393432617188e-07, 3.5762786865234375e-07, -0.000004276633262634277, 1, -0.000018041579096461646, 0.00000672927126288414, 0.000018760563762043603, 0.840104341506958, -0.5424249172210693, 0.000004116446234547766, 0.5424248576164246, 0.8401042819023132),
            ["LeftHand"] = CFrame.new(-0.0000014454126358032227, -3.5762786865234375e-07, 1.1920928955078125e-07, 0.9223892092704773, -0.2444327175617218, -0.2990832030773163, 0.2661765515804291, 0.9633386731147766, 0.03359374776482582, 0.2799077033996582, -0.11059493571519852, 0.9536355137825012),
            ["LeftFoot"] = CFrame.new(-1.0244548320770264e-08, 2.980232238769531e-07, 3.3527612686157227e-08, 0.9855294227600098, -0.168614462018013, -0.017351286485791206, 0.160537987947464, 0.8956388235092163, 0.41479969024658203, -0.054400861263275146, -0.4115828573703766, 0.909747302532196),
            ["LowerTorso"] = CFrame.new(0.0012211687862873077, 0.012027263641357422, 0.2397882342338562, 0.8764923214912415, 0.32815539836883545, -0.3522433936595917, -0.32726335525512695, 0.9427660703659058, 0.06396136432886124, 0.3530723452568054, 0.05921469256281853, 0.9337203502655029),
            ["RightLowerLeg"] = CFrame.new(-1.1548399925231934e-07, -0.0007264018058776855, 0.00004606118454830721, 1, 3.520399616263603e-07, 8.381905836074566e-09, -1.549487507190861e-07, 0.04580967128276825, 0.9989502429962158, 3.7066629943183216e-07, -0.9989502429962158, 0.045809756964445114),
            ["LeftUpperLeg"] = CFrame.new(0, -3.003515303134918e-07, -2.2351741790771484e-08, 0.9453587532043457, -0.08354374766349792, 0.31514689326286316, 0.19266530871391296, 0.9229320883750916, -0.33328142762184143, -0.2630154490470886, 0.3757883310317993, 0.888597846031189),
            ["LeftLowerLeg"] = CFrame.new(8.381903171539307e-08, -0.0007261037826538086, 0.00008087605237960815, 1, 8.195638656616211e-08, -1.862645504502325e-08, -2.6077039194660756e-08, 0.7672457098960876, 0.6413531303405762, 9.685756907629184e-08, -0.6413533091545105, 0.767245888710022),
        }},
        {Time = 0.100, Data = {
            ["RightFoot"] = CFrame.new(2.1560117602348328e-07, 4.172325134277344e-07, 5.198671715334058e-08, 0.9331868886947632, 0.014751814305782318, -0.3590888977050781, 0.1226947158575058, 0.9260507822036743, 0.35689789056777954, 0.33779916167259216, -0.37711068987846375, 0.8623683452606201),
            ["LeftLowerArm"] = CFrame.new(7.450580596923828e-07, 0, 0.000004887580871582031, 1, 2.551823854446411e-07, 6.221233093128831e-07, -2.1886077661292802e-07, 0.9999859929084778, -0.00528946565464139, -5.844048587277939e-07, 0.005290256813168526, 0.9999859929084778),
            ["RightUpperArm"] = CFrame.new(-0.029202401638031006, -0.023886919021606445, 0.06496647000312805, 0.8930027484893799, -0.14229196310043335, 0.4269646406173706, 0.012701846659183502, 0.9562937021255493, 0.29213279485702515, -0.4498721659183502, -0.2554512023925781, 0.8557801842689514),
            ["Head"] = CFrame.new(-2.9802322387695312e-08, -0.0000010728836059570312, 7.636845111846924e-08, 0.849907636642456, -0.15418370068073273, 0.5038695335388184, 0.2966393828392029, 0.9303148984909058, -0.21568378806114197, -0.4355022609233856, 0.33277878165245056, 0.8364185094833374),
            ["RightHand"] = CFrame.new(9.238719940185547e-07, 0.0000011920928955078125, -8.046627044677734e-07, 0.5165920853614807, 0.09695026278495789, 0.8507253527641296, -0.26082441210746765, 0.9641668796539307, 0.04850437864661217, -0.8155385851860046, -0.24694746732711792, 0.5233677625656128),
            ["UpperTorso"] = CFrame.new(1.1175870895385742e-07, 3.2782554626464844e-07, 6.705522537231445e-08, 0.8472850322723389, -0.5272243618965149, -0.06436346471309662, 0.5264135599136353, 0.8174316883087158, 0.23386777937412262, -0.07068800181150436, -0.23203466832637787, 0.9701356887817383),
            ["HumanoidRootPart"] = CFrame.new(0, 0, 0, 1, 0, 0, 0, 1, 0, 0, 0, 1),
            ["RightUpperLeg"] = CFrame.new(2.384185791015625e-07, 7.450580596923828e-09, 8.77116690389812e-08, 0.8314214944839478, 0.15280772745609283, 0.5342174768447876, 0.39644089341163635, 0.5105190277099609, -0.7630237340927124, -0.3893239498138428, 0.8461797833442688, 0.3638771176338196),
            ["LeftUpperArm"] = CFrame.new(0.029202818870544434, -0.023888587951660156, 0.06496542692184448, 0.03717374429106712, 0.3850547969341278, -0.9221453666687012, -0.9109176397323608, -0.36638614535331726, -0.1897100955247879, -0.410910040140152, 0.847050130367279, 0.3371320962905884),
            ["RightLowerArm"] = CFrame.new(2.9802322387695312e-08, 8.344650268554688e-07, -0.0000036656856536865234, 1, -0.000017949379980564117, 0.000006859655513835605, 0.000018779186575557105, 0.8348829746246338, -0.5504273772239685, 0.000004168599389231531, 0.5504275560379028, 0.8348830342292786),
            ["LeftHand"] = CFrame.new(-0.0000019073486328125, -6.556510925292969e-07, 3.427267074584961e-07, 0.9338671565055847, -0.24247857928276062, -0.26286113262176514, 0.25913020968437195, 0.965373694896698, 0.030094031244516373, 0.24646256864070892, -0.09621835500001907, 0.964364230632782),
            ["LeftFoot"] = CFrame.new(-5.4016709327697754e-08, 5.960464477539063e-08, 5.587935447692871e-09, 0.9767422080039978, -0.21435999870300293, 0.004959638696163893, 0.19181501865386963, 0.8838850259780884, 0.42656129598617554, -0.09582148492336273, -0.41568896174430847, 0.9044450521469116),
            ["LowerTorso"] = CFrame.new(-0.0016560154035687447, 0.021979093551635742, 0.24857880175113678, 0.8860096335411072, 0.31926435232162476, -0.33624014258384705, -0.31605637073516846, 0.9464528560638428, 0.06584479659795761, 0.3392573297023773, 0.04793171584606171, 0.9394717812538147),
            ["RightLowerLeg"] = CFrame.new(1.6763806343078613e-08, -0.0007264614105224609, 0.00004596805229084566, 1, 3.5762795391747204e-07, 7.450581485102248e-09, -9.965150127300149e-08, 0.07400018721818924, 0.9972582459449768, 3.9488071479354403e-07, -0.9972582459449768, 0.07400017976760864),
            ["LeftUpperLeg"] = CFrame.new(5.960464477539063e-08, 3.0174851417541504e-07, 4.470348358154297e-08, 0.9428879618644714, -0.07388688623905182, 0.3248123228549957, 0.19012665748596191, 0.9200316071510315, -0.3426278531551361, -0.2735217809677124, 0.38481518626213074, 0.8815345764160156),
            ["LeftLowerLeg"] = CFrame.new(9.313225746154785e-08, -0.0007265210151672363, 0.00008095428347587585, 1, 8.940696716308594e-08, -2.2351738238057806e-08, -2.2351741790771484e-08, 0.7631502747535706, 0.6462212204933167, 5.21540641784668e-08, -0.6462211012840271, 0.7631500959396362),
        }},
        {Time = 0.117, Data = {
            ["RightFoot"] = CFrame.new(1.94646418094635e-07, 1.7881393432617188e-07, 1.287116901949048e-08, 0.9520450234413147, 0.02967839315533638, -0.30451512336730957, 0.09561919420957565, 0.91656893491745, 0.3882761001586914, 0.2906324863433838, -0.3987738788127899, 0.8697771430015564),
            ["LeftLowerArm"] = CFrame.new(7.152557373046875e-07, -1.1920928955078125e-07, 0.000004945322871208191, 1, 2.402230450115894e-07, 6.142069537418138e-07, -2.3434409968103864e-07, 0.9999861121177673, -0.005286624189466238, -6.165357149257034e-07, 0.005287656560540199, 0.9999860525131226),
            ["RightUpperArm"] = CFrame.new(-0.029202520847320557, -0.02388596534729004, 0.06496615707874298, 0.8973675966262817, -0.14275965094566345, 0.41755369305610657, 0.009563611820340157, 0.9522944688796997, 0.3050307631492615, -0.44118043780326843, -0.26973122358322144, 0.855923593044281),
            ["Head"] = CFrame.new(-5.21540641784668e-08, -4.76837158203125e-07, 2.0489096641540527e-08, 0.8582266569137573, -0.14999143779277802, 0.4908663332462311, 0.2889763414859772, 0.9315761923789978, -0.22058726847171783, -0.4241931438446045, 0.3311624825000763, 0.8428473472595215),
            ["RightHand"] = CFrame.new(0.0000010281801223754883, 0.0000015497207641601562, -8.046627044677734e-07, 0.5149032473564148, 0.10525356978178024, 0.8507624268531799, -0.27408963441848755, 0.9605525135993958, 0.047050122171640396, -0.8122497797012329, -0.257411390542984, 0.5234403014183044),
            ["UpperTorso"] = CFrame.new(-1.4901161193847656e-08, 2.682209014892578e-07, 1.862645149230957e-08, 0.8560417294502258, -0.5118038058280945, -0.07245305180549622, 0.5130825042724609, 0.824301540851593, 0.23931890726089478, -0.06276122480630875, -0.24204137921333313, 0.9682340025901794),
            ["HumanoidRootPart"] = CFrame.new(0, 0, 0, 1, 0, 0, 0, 1, 0, 0, 0, 1),
            ["RightUpperLeg"] = CFrame.new(2.9802322387695312e-08, -7.35744833946228e-08, -4.639878170564771e-08, 0.8241994976997375, 0.15271319448947906, 0.5453201532363892, 0.40459418296813965, 0.5149684548377991, -0.7557190656661987, -0.3962308466434479, 0.8434965014457703, 0.3626496195793152),
            ["LeftUpperArm"] = CFrame.new(0.029202520847320557, -0.02388763427734375, 0.06496518850326538, 0.0072035291232168674, 0.3732074797153473, -0.9277206063270569, -0.9116138219833374, -0.37884798645973206, -0.15948201715946198, -0.41098472476005554, 0.846871018409729, 0.33749085664749146),
            ["RightLowerArm"] = CFrame.new(2.9802322387695312e-08, 5.364418029785156e-07, -0.000003516674041748047, 1, -0.00001787580367818009, 0.000007043591722322162, 0.00001880154013633728, 0.8296204805374146, -0.558327853679657, 0.000004149973392486572, 0.558327853679657, 0.829620361328125),
            ["LeftHand"] = CFrame.new(-0.0000016540288925170898, -4.172325134277344e-07, 2.668239176273346e-07, 0.9440211057662964, -0.23994001746177673, -0.2263914793729782, 0.2521946430206299, 0.9673160910606384, 0.026412617415189743, 0.21265481412410736, -0.08202814310789108, 0.9736782908439636),
            ["LeftFoot"] = CFrame.new(8.381903171539307e-08, 1.1920928955078125e-07, 2.922024577856064e-08, 0.9653503894805908, -0.25968408584594727, 0.025743769481778145, 0.22240373492240906, 0.8703239560127258, 0.4394008219242096, -0.13651087880134583, -0.41844993829727173, 0.8979220986366272),
            ["LowerTorso"] = CFrame.new(-0.004894607700407505, 0.031922340393066406, 0.25738510489463806, 0.8951988816261292, 0.3098929822444916, -0.32028934359550476, -0.3044833838939667, 0.9500722289085388, 0.06821165233850479, 0.3254363238811493, 0.0364597886800766, 0.9448608160018921),
            ["RightLowerLeg"] = CFrame.new(-5.774199962615967e-08, -0.0007265210151672363, 0.00004593079938786104, 1, 3.799796957082435e-07, 1.117587622445626e-08, -1.6391281576488836e-07, 0.10315986722707748, 0.9946647882461548, 3.762544054097816e-07, -0.9946648478507996, 0.10316005349159241),
            ["LeftUpperLeg"] = CFrame.new(1.7881393432617188e-07, 2.1420419216156006e-08, -7.450580596923828e-09, 0.9401382803916931, -0.06452254951000214, 0.33462974429130554, 0.18831762671470642, 0.9167402982711792, -0.352312296628952, -0.2840363085269928, 0.3942388892173767, 0.8740132451057434),
            ["LeftLowerLeg"] = CFrame.new(1.5832483768463135e-08, -0.0007259249687194824, 0.00008098036050796509, 1, 6.426127185932273e-08, -1.955777406692505e-08, -8.00937343115038e-08, 0.7587006688117981, 0.6514394283294678, 8.195637946073475e-08, -0.6514395475387573, 0.7587007284164429),
        }},
        {Time = 0.133, Data = {
            ["RightFoot"] = CFrame.new(1.4202669262886047e-07, 5.960464477539063e-08, 4.8261426854878664e-08, 0.9660256505012512, 0.04978266730904579, -0.2536063492298126, 0.05416996777057648, 0.9204744696617126, 0.38702988624572754, 0.25270575284957886, -0.38761886954307556, 0.8865053057670593),
            ["LeftLowerArm"] = CFrame.new(0.0000010728836059570312, -1.1920928955078125e-07, 0.000004841014742851257, 1, 2.3702165208305814e-07, 5.853358970853151e-07, -2.1071176092846144e-07, 0.9999861121177673, -0.005281822290271521, -6.589107783838699e-07, 0.005282384809106588, 0.9999860525131226),
            ["RightUpperArm"] = CFrame.new(-0.029202282428741455, -0.023886561393737793, 0.06496608257293701, 0.8993721008300781, -0.14177481830120087, 0.4135575294494629, 0.005492333322763443, 0.949546754360199, 0.3135770559310913, -0.43714967370033264, -0.2797515392303467, 0.8547746539115906),
            ["Head"] = CFrame.new(1.043081283569336e-07, -7.152557373046875e-07, -1.1548399925231934e-07, 0.8664426207542419, -0.1452741026878357, 0.47767430543899536, 0.28042638301849365, 0.9331669807434082, -0.2248571515083313, -0.41308391094207764, 0.3287779986858368, 0.8492740988731384),
            ["RightHand"] = CFrame.new(9.98377799987793e-07, 0.0000013709068298339844, -7.748603820800781e-07, 0.5161446928977966, 0.10055278986692429, 0.8505786061286926, -0.27576205134391785, 0.9597147107124329, 0.053882379084825516, -0.8108945488929749, -0.2623680830001831, 0.5230799317359924),
            ["UpperTorso"] = CFrame.new(-5.960464477539063e-08, -1.4901161193847656e-07, 1.862645149230957e-08, 0.8632800579071045, -0.499744713306427, -0.07073026895523071, 0.500889241695404, 0.8310205936431885, 0.24189850687980652, -0.062109168618917465, -0.24425390362739563, 0.9677202701568604),
            ["HumanoidRootPart"] = CFrame.new(0, 0, 0, 1, 0, 0, 0, 1, 0, 0, 0, 1),
            ["RightUpperLeg"] = CFrame.new(-1.7881393432617188e-07, 9.220093488693237e-08, 5.790934665128589e-08, 0.8235438466072083, 0.13876883685588837, 0.5500169396400452, 0.4165627062320709, 0.5101984739303589, -0.7524447441101074, -0.38503384590148926, 0.8487879037857056, 0.3623647391796112),
            ["LeftUpperArm"] = CFrame.new(0.02920299768447876, -0.023888468742370605, 0.06496506929397583, 0.019933804869651794, 0.3614210784435272, -0.9321901202201843, -0.9071969389915466, -0.385355681180954, -0.16880525648593903, -0.42023393511772156, 0.8490440845489502, 0.32019731402397156),
            ["RightLowerArm"] = CFrame.new(1.4901161193847656e-07, 9.5367431640625e-07, -0.000003993511199951172, 1, -0.000017948448657989502, 0.000006986782864260022, 0.000018753111362457275, 0.8320150971412659, -0.5547530055046082, 0.000004127621650695801, 0.5547530055046082, 0.8320150971412659),
            ["LeftHand"] = CFrame.new(-0.0000017508864402770996, -4.172325134277344e-07, 3.8743019104003906e-07, 0.9432181119918823, -0.24077348411083221, -0.22884073853492737, 0.25459223985671997, 0.9665035605430603, 0.03246034309267998, 0.2133600413799286, -0.08887742459774017, 0.9729225635528564),
            ["LeftFoot"] = CFrame.new(-6.779009709134698e-08, 5.960464477539063e-08, 1.6763806343078613e-08, 0.9616924524307251, -0.2728491723537445, 0.02647794596850872, 0.24318820238113403, 0.8937310576438904, 0.376967191696167, -0.12651929259300232, -0.35608741641044617, 0.925848126411438),
