return {
    ["Dubstep Wave"] = {
        {Time = 0.000, Data = {
            ["RightFoot"] = CFrame.new(2.0116567611694336e-07, 1.7881393432617188e-07, 1.6952981241047382e-09, 0.9457607865333557, 0.23514044284820557, -0.22415491938591003, -0.3224775791168213, 0.7630022168159485, -0.560210645198822, 0.0393025241792202, 0.6021100878715515, 0.7974451184272766),
            ["LeftLowerArm"] = CFrame.new(9.834766387939453e-07, -3.5762786865234375e-07, 0.000004805624485015869, 1, 5.103647140458634e-07, -1.7508870087112882e-07, -1.3783575525394554e-07, -0.0002699130855035037, -1, -5.010516019865463e-07, 1, -0.00026982612325809896),
            ["RightUpperArm"] = CFrame.new(-0.029202282428741455, -0.023886561393737793, 0.0649660974740982, 0.21920271217823029, -0.9748997092247009, 0.038996804505586624, 0.9742975234985352, 0.22084400057792664, 0.04441065341234207, -0.05190819501876831, 0.028258660808205605, 0.9982520341873169),
            ["Head"] = CFrame.new(0, -8.344650268554688e-07, 1.1175870895385742e-08, 0.9612821340560913, 0.08041021227836609, -0.26357319951057434, -0.13104663789272308, 0.9747958779335022, -0.18055452406406403, 0.2424117773771286, 0.2081039696931839, 0.9475913643836975),
            ["RightHand"] = CFrame.new(0.000001087784767150879, 0.0000013709068298339844, -8.940696716308594e-07, 0.2929660379886627, 0.6377060413360596, 0.7123917937278748, -0.6204892992973328, 0.6936815977096558, -0.36578553915023804, -0.7274366021156311, -0.33486849069595337, 0.5989147424697876),
            ["UpperTorso"] = CFrame.new(-4.0046870708465576e-08, -4.470348358154297e-07, -1.0896474123001099e-07, 0.9772291779518127, -0.20901159942150116, 0.03657025471329689, 0.18845365941524506, 0.9341424107551575, 0.30308935046195984, -0.09751123934984207, -0.28929582238197327, 0.9522601962089539),
            ["HumanoidRootPart"] = CFrame.new(0, 0, 0, 1, 0, 0, 0, 1, 0, 0, 0, 1),
            ["RightUpperLeg"] = CFrame.new(0, -1.4901161193847656e-07, -1.507069100625813e-07, 0.8310362100601196, -0.5147327184677124, -0.21078220009803772, 0.5303927063941956, 0.8474769592285156, 0.021593332290649414, 0.16751840710639954, -0.12974214553833008, 0.9772945046424866),
            ["LeftUpperArm"] = CFrame.new(0.029202699661254883, -0.023888230323791504, 0.0649651437997818, 0.8662990927696228, -0.18640722334384918, -0.46344244480133057, 0.011941961944103241, 0.9352274537086487, -0.35384616255760193, 0.49938300251960754, 0.30100151896476746, 0.8124125599861145),
            ["RightLowerArm"] = CFrame.new(4.470348358154297e-07, 4.76837158203125e-07, -0.000003516637661959976, 1, 0.0000070501150730706286, 0.000018022945369011723, 0.000018805267245625146, -0.560962438583374, -0.8278412222862244, 0.00000428035900768009, 0.8278412818908691, -0.5609625577926636),
            ["LeftHand"] = CFrame.new(-0.0000016540288925170898, -4.172325134277344e-07, 2.980232238769531e-07, 0.8555589318275452, -0.16842296719551086, -0.48954182863235474, -0.15251301229000092, 0.821641743183136, -0.5492218732833862, 0.49473097920417786, 0.5445535182952881, 0.6772770285606384),
            ["LeftFoot"] = CFrame.new(-4.0978193283081055e-08, 1.1920928955078125e-07, -7.078051567077637e-08, 0.9606354236602783, -0.24837706983089447, -0.12445218861103058, 0.20930181443691254, 0.941628098487854, -0.26368448138237, 0.1826809197664261, 0.22725635766983032, 0.9565470814704895),
            ["LowerTorso"] = CFrame.new(-0.10172738134860992, -0.2148813009262085, -0.4634341597557068, 0.9167067408561707, 0.2374582141637802, 0.3213447630405426, -0.15787838399410248, 0.9540652632713318, -0.254625141620636, -0.36704665422439575, 0.18268318474292755, 0.9120875597000122),
            ["RightLowerLeg"] = CFrame.new(2.2351741790771484e-08, -0.0007263422012329102, 0.00004601648106472567, 1, 2.7939694291490014e-07, -1.639128583974525e-07, -3.2596297216969106e-08, 0.6232848167419434, 0.7819948792457581, 3.0174859944054333e-07, -0.7819949984550476, 0.6232849955558777),
            ["LeftUpperLeg"] = CFrame.new(-5.960464477539063e-08, -2.3469328880310059e-07, -1.043081283569336e-07, 0.9705856442451477, 0.02238992601633072, -0.23971298336982727, -0.06334188580513, 0.9843366146087646, -0.16452735662460327, 0.2322743833065033, 0.17487186193466187, 0.956801176071167),
            ["LeftLowerLeg"] = CFrame.new(2.9802322387695312e-08, -0.0007264614105224609, 0.00008096173405647278, 1, 2.980233304583635e-08, -7.078052988163108e-08, -5.215408194203519e-08, 0.8103774189949036, 0.5859082937240601, 1.4901166522918174e-08, -0.5859083533287048, 0.8103774189949036),
        }},
        {Time = 0.017, Data = {
            ["RightFoot"] = CFrame.new(9.872019290924072e-08, 0, 3.149762051180005e-08, 0.9519787430763245, 0.2221338152885437, -0.210696741938591, -0.3019161522388458, 0.7953555583953857, -0.525600790977478, 0.0508248545229435, 0.5639734864234924, 0.8242273926734924),
            ["LeftLowerArm"] = CFrame.new(0.0000010132789611816406, -2.384185791015625e-07, 0.000005044043064117432, 1, 5.168836310076586e-07, -1.229346224818073e-07, -1.5273688802608376e-07, 0.02194974198937416, -0.9997591376304626, -5.261971978143265e-07, 0.9997590780258179, 0.021949991583824158),
            ["RightUpperArm"] = CFrame.new(-0.02920210361480713, -0.023886561393737793, 0.06496602296829224, 0.24129419028759003, -0.962114155292511, 0.12693795561790466, 0.9703313112258911, 0.24125491082668304, -0.015920942649245262, -0.01530621200799942, 0.12701407074928284, 0.9917829632759094),
            ["Head"] = CFrame.new(4.470348358154297e-08, -0.0000010728836059570312, 1.1175870895385742e-08, 0.969273030757904, 0.057651519775390625, -0.23913665115833282, -0.11216036975383759, 0.9687909483909607, -0.22105267643928528, 0.21892905235290527, 0.24108202755451202, 0.9454889297485352),
            ["RightHand"] = CFrame.new(0.000001043081283569336, 0.0000013709068298339844, -6.258487701416016e-07, 0.28171467781066895, 0.6244239211082458, 0.7285133004188538, -0.5943440198898315, 0.7096248269081116, -0.37840205430984497, -0.7532544136047363, -0.3263854384422302, 0.5710343718528748),
            ["UpperTorso"] = CFrame.new(4.039611667394638e-08, -2.086162567138672e-07, 6.04486558586359e-08, 0.9831176996231079, -0.17065398395061493, 0.06600584089756012, 0.14553894102573395, 0.9479603171348572, 0.2831779420375824, -0.11089621484279633, -0.26879096031188965, 0.9567933678627014),
            ["HumanoidRootPart"] = CFrame.new(0, 0, 0, 1, 0, 0, 0, 1, 0, 0, 0, 1),
            ["RightUpperLeg"] = CFrame.new(0, -1.6391277313232422e-07, -1.6952981241047382e-09, 0.8683213591575623, -0.4552896022796631, -0.19679775834083557, 0.4666098952293396, 0.8843705058097839, 0.012818064540624619, 0.1682063341140747, -0.10295815020799637, 0.9803603887557983),
            ["LeftUpperArm"] = CFrame.new(0.02920287847518921, -0.023888707160949707, 0.0649651512503624, 0.8772966861724854, -0.17023643851280212, -0.44874444603919983, -0.027652835473418236, 0.9155004024505615, -0.40136492252349854, 0.47915127873420715, 0.36452510952949524, 0.7984576225280762),
            ["RightLowerArm"] = CFrame.new(-1.1920928955078125e-07, 9.5367431640625e-07, -0.0000037029385566711426, 1, 0.000004541128419077722, 0.000018723310859058984, 0.000018876049580285326, -0.44255754351615906, -0.8967401385307312, 0.0000043045738493674435, 0.8967401385307312, -0.4425574839115143),
            ["LeftHand"] = CFrame.new(-0.000001646578311920166, -3.5762786865234375e-07, 5.438923835754395e-07, 0.8644425272941589, -0.14171922206878662, -0.4823421537876129, -0.13803721964359283, 0.8556583523750305, -0.4987925589084625, 0.4834095537662506, 0.4977595806121826, 0.7201056480407715),
            ["LeftFoot"] = CFrame.new(1.1548399925231934e-07, 1.7881393432617188e-07, -1.4901161193847656e-08, 0.9613004326820374, -0.2591031491756439, -0.09363282471895218, 0.2258276641368866, 0.9357419610023499, -0.27090388536453247, 0.15780794620513916, 0.23927533626556396, 0.958041787147522),
            ["LowerTorso"] = CFrame.new(-0.072562575340271, -0.1983727216720581, -0.4538652002811432, 0.9374460577964783, 0.18506743013858795, 0.29486462473869324, -0.11599953472614288, 0.9646444916725159, -0.23665428161621094, -0.32823655009269714, 0.18764647841453552, 0.9257697463035583),
            ["RightLowerLeg"] = CFrame.new(-1.1175870895385742e-07, -0.0007263422012329102, 0.00004601648106472567, 1, 3.2596304322396463e-07, -1.0430815677864302e-07, -5.1222748709278676e-08, 0.6611547470092773, 0.7502491474151611, 2.7194622020942916e-07, -0.7502495646476746, 0.6611552238464355),
            ["LeftUpperLeg"] = CFrame.new(1.1920928955078125e-07, -1.9744038581848145e-07, 4.470348358154297e-08, 0.9649388790130615, 0.0795874372124672, -0.2501176595687866, -0.12212786078453064, 0.9796233773231506, -0.15944541990756989, 0.23233146965503693, 0.18440140783786774, 0.9549965858459473),
            ["LeftLowerLeg"] = CFrame.new(3.725290298461914e-08, -0.0007263422012329102, 0.00008103903383016586, 1, 3.3527619791584584e-08, 0, -4.842877388000488e-08, 0.8088948726654053, 0.5879530906677246, 6.332993507385254e-08, -0.5879532098770142, 0.8088950514793396),
        }},
        {Time = 0.033, Data = {
            ["RightFoot"] = CFrame.new(2.2351741790771484e-07, 2.980232238769531e-07, 9.145878721028566e-09, 0.9555561542510986, 0.20718292891979218, -0.20973263680934906, -0.2856632471084595, 0.8265317678451538, -0.48501697182655334, 0.07286343723535538, 0.523374080657959, 0.8489822745323181),
            ["LeftLowerArm"] = CFrame.new(8.642673492431641e-07, 2.384185791015625e-07, 0.000004753470420837402, 1, 5.001200520382554e-07, -1.2665985593685036e-07, -1.3783575525394554e-07, 0.041536249220371246, -0.9991369843482971, -5.178154083296249e-07, 0.9991369843482971, 0.04153645783662796),
            ["RightUpperArm"] = CFrame.new(-0.029202282428741455, -0.02388608455657959, 0.0649660974740982, 0.27566036581993103, -0.9355557560920715, 0.22078604996204376, 0.9612064957618713, 0.26596713066101074, -0.07310079038143158, 0.009668715298175812, 0.23237255215644836, 0.9725790023803711),
            ["Head"] = CFrame.new(7.450580596923828e-09, -5.960464477539062e-07, -1.4901161193847656e-08, 0.9762504696846008, 0.03136512264609337, -0.21436265110969543, -0.08826249837875366, 0.9612075686454773, -0.26132336258888245, 0.1978505402803421, 0.27403724193573, 0.9411475658416748),
            ["RightHand"] = CFrame.new(7.152557373046875e-07, 0.0000011920928955078125, -8.046627044677734e-07, 0.27950137853622437, 0.6076219081878662, 0.7434210181236267, -0.5724392533302307, 0.7270755767822266, -0.3790440559387207, -0.770838737487793, -0.31961962580680847, 0.5510452389717102),
            ["UpperTorso"] = CFrame.new(1.0244548320770264e-08, -6.258487701416016e-07, 1.1292286217212677e-07, 0.987692654132843, -0.12914492189884186, 0.08823221921920776, 0.10169576108455658, 0.9588539004325867, 0.26506081223487854, -0.11883287876844406, -0.2528259754180908, 0.9601864218711853),
            ["HumanoidRootPart"] = CFrame.new(0, 0, 0, 1, 0, 0, 0, 1, 0, 0, 0, 1),
            ["RightUpperLeg"] = CFrame.new(-5.960464477539063e-08, -3.166496753692627e-07, 8.77116690389812e-08, 0.9052922129631042, -0.38357627391815186, -0.1825246959924698, 0.39414945244789124, 0.9187275767326355, 0.02420652285218239, 0.15840554237365723, -0.09385611861944199, 0.9829033017158508),
            ["LeftUpperArm"] = CFrame.new(0.029202938079833984, -0.02388763427734375, 0.06496510654687881, 0.8807938098907471, -0.14476333558559418, -0.4508287310600281, -0.08637312799692154, 0.8870223760604858, -0.4535754323005676, 0.46555542945861816, 0.4384459853172302, 0.768779993057251),
            ["RightLowerArm"] = CFrame.new(1.1920928955078125e-07, 8.344650268554688e-07, -0.0000036209821701049805, 1, 0.000001803040277081891, 0.00001917034933285322, 0.00001883134427771438, -0.3086458742618561, -0.9511770606040955, 0.000004285946943127783, 0.9511770009994507, -0.3086460530757904),
            ["LeftHand"] = CFrame.new(-0.000001471489667892456, -4.76837158203125e-07, -2.2351741790771484e-08, 0.8834272027015686, -0.1015261858701706, -0.45743629336357117, -0.12474450469017029, 0.8900521993637085, -0.43845823407173157, 0.45165830850601196, 0.44440925121307373, 0.7736319899559021),
            ["LeftFoot"] = CFrame.new(8.381903171539307e-08, 1.7881393432617188e-07, -1.4901161193847656e-08, 0.9603121280670166, -0.27040231227874756, -0.06843364238739014, 0.24154727160930634, 0.9288884401321411, -0.2807510495185852, 0.13948307931423187, 0.2530788779258728, 0.9573378562927246),
            ["LowerTorso"] = CFrame.new(-0.04290896654129028, -0.1825486421585083, -0.44604307413101196, 0.9532877206802368, 0.1310274451971054, 0.27216601371765137, -0.069805808365345, 0.9721928834915161, -0.22353596985340118, -0.293887197971344, 0.19409535825252533, 0.9359259605407715),
            ["RightLowerLeg"] = CFrame.new(-1.1920928955078125e-07, -0.0007262229919433594, 0.000046109613322187215, 1, 2.123416464883121e-07, -2.1234167491002154e-07, -5.4016709327697754e-08, 0.7093514204025269, 0.7048546671867371, 3.203749656677246e-07, -0.7048550248146057, 0.7093517184257507),
            ["LeftUpperLeg"] = CFrame.new(5.960464477539063e-08, -4.544854164123535e-07, 1.043081283569336e-07, 0.9549870491027832, 0.13979166746139526, -0.26164510846138, -0.18407756090164185, 0.9709097146987915, -0.1531333178281784, 0.2326270341873169, 0.1944032609462738, 0.9529387354850769),
            ["LeftLowerLeg"] = CFrame.new(2.9802322387695312e-08, -0.0007261037826538086, 0.00008092634379863739, 1, 7.264316792543468e-08, -7.450581485102248e-09, 2.9802322387695312e-08, 0.8029980659484863, 0.5959814190864563, 2.3283064365386963e-08, -0.5959817171096802, 0.8029983043670654),
        }},
        {Time = 0.050, Data = {
            ["RightFoot"] = CFrame.new(1.3969838619232178e-07, 1.7881393432617188e-07, 1.6596459317952394e-08, 0.9571094512939453, 0.18398834764957428, -0.22380763292312622, -0.26916858553886414, 0.8504711389541626, -0.4519369602203369, 0.10719090700149536, 0.49279525876045227, 0.8635178804397583),
            ["LeftLowerArm"] = CFrame.new(9.834766387939453e-07, -5.960464477539063e-08, 0.000005036592483520508, 1, 5.25265875239711e-07, -9.685752644372769e-08, -1.6391278734317893e-07, 0.06065443903207779, -0.9981588125228882, -5.401671501203964e-07, 0.9981588125228882, 0.06065443158149719),
            ["RightUpperArm"] = CFrame.new(-0.029202282428741455, -0.023886680603027344, 0.06496623158454895, 0.3127082288265228, -0.8972801566123962, 0.31161120533943176, 0.9497895836830139, 0.291705459356308, -0.113172248005867, 0.010648363269865513, 0.3313552141189575, 0.943446159362793),
            ["Head"] = CFrame.new(-2.2351741790771484e-08, -8.344650268554688e-07, -1.4901161193847656e-08, 0.9817683696746826, 0.011283907108008862, -0.18974611163139343, -0.06738051772117615, 0.9540733098983765, -0.29189762473106384, 0.17773790657520294, 0.2993609309196472, 0.9374392628669739),
            ["RightHand"] = CFrame.new(9.5367431640625e-07, 0.0000013709068298339844, -9.5367431640625e-07, 0.2898535430431366, 0.5813928842544556, 0.7602419853210449, -0.554791271686554, 0.7493351697921753, -0.36152923107147217, -0.7798664569854736, -0.3169843256473541, 0.5397489070892334),
            ["UpperTorso"] = CFrame.new(-5.587935447692871e-09, 8.940696716308594e-08, -2.2351741790771484e-08, 0.9909926056861877, -0.092361219227314, 0.09696923941373825, 0.06530196219682693, 0.9654638767242432, 0.2522207200527191, -0.11691567301750183, -0.24361653625965118, 0.9627989530563354),
            ["HumanoidRootPart"] = CFrame.new(0, 0, 0, 1, 0, 0, 0, 1, 0, 0, 0, 1),
            ["RightUpperLeg"] = CFrame.new(-2.9802322387695312e-08, -1.341104507446289e-07, 2.0656443666666746e-08, 0.9353538155555725, -0.3093721568584442, -0.1714707911014557, 0.3223862051963806, 0.9451006054878235, 0.053404517471790314, 0.14553530514240265, -0.10523200780153275, 0.9837406873703003),
            ["LeftUpperArm"] = CFrame.new(0.029202818870544434, -0.023888587951660156, 0.064965158700943, 0.8738088011741638, -0.09697289764881134, -0.4765031039714813, -0.1807999163866043, 0.8448731303215027, -0.5034885406494141, 0.4514085352420807, 0.5261042714118958, 0.7207247018814087),
            ["RightLowerArm"] = CFrame.new(2.384185791015625e-07, 5.960464477539062e-07, -0.000003635883331298828, 1, -9.238723350790679e-07, 0.0000192969964700751, 0.00001883506956801284, -0.1724976748228073, -0.9850099682807922, 0.000004231930233800085, 0.985010027885437, -0.17249779403209686),
            ["LeftHand"] = CFrame.new(-0.0000016167759895324707, -5.960464477539062e-07, 8.195638656616211e-08, 0.911675214767456, -0.048450689762830734, -0.4080444574356079, -0.12117491662502289, 0.9171646237373352, -0.37963899970054626, 0.39263853430747986, 0.395552396774292, 0.8302855491638184),
            ["LeftFoot"] = CFrame.new(2.2351741790771484e-08, 1.1920928955078125e-07, -1.4901161193847656e-08, 0.9579270482063293, -0.2837405502796173, -0.04321129992604256, 0.25980356335639954, 0.9212164282798767, -0.2895902395248413, 0.121975377202034, 0.2661798894405365, 0.956174910068512),
            ["LowerTorso"] = CFrame.new(-0.014696955680847168, -0.16949522495269775, -0.4430517852306366, 0.962465763092041, 0.08328736573457718, 0.2583077549934387, -0.026244208216667175, 0.9758497476577759, -0.21686069667339325, -0.27013131976127625, 0.20194189250469208, 0.9414077401161194),
            ["RightLowerLeg"] = CFrame.new(-1.4901161193847656e-08, -0.0007264614105224609, 0.00004625862493412569, 1, 2.5704508743729093e-07, -2.5704511585900036e-07, -3.259628655882807e-08, 0.7578869462013245, 0.6523857116699219, 2.0489093799369584e-07, -0.652385950088501, 0.7578871846199036),
            ["LeftUpperLeg"] = CFrame.new(5.960464477539063e-08, -2.086162567138672e-07, 2.2351741790771484e-08, 0.9398401975631714, 0.19358175992965698, -0.2814721465110779, -0.23965445160865784, 0.9607945084571838, -0.13942638039588928, 0.24344655871391296, 0.19849467277526855, 0.9493860006332397),
            ["LeftLowerLeg"] = CFrame.new(9.685754776000977e-08, -0.0007262229919433594, 0.00008088722825050354, 1, 1.0058283805847168e-07, -1.4901162970204496e-08, -3.725290742551124e-09, 0.7983950972557068, 0.6021339297294617, 7.450581307466564e-08, -0.6021339297294617, 0.7983950972557068),
        }},
        {Time = 0.067, Data = {
            ["RightFoot"] = CFrame.new(2.384185791015625e-07, 2.384185791015625e-07, 3.894820110872388e-08, 0.9561223387718201, 0.1671687364578247, -0.24059294164180756, -0.25789302587509155, 0.8698890805244446, -0.42045724391937256, 0.13900171220302582, 0.464055597782135, 0.8748319149017334),
            ["LeftLowerArm"] = CFrame.new(0.0000010132789611816406, -3.5762786865234375e-07, 0.000004857778549194336, 1, 5.215403575675737e-07, -8.940698847936801e-08, -1.266598843585598e-07, 0.08431883901357651, -0.9964388608932495, -5.289912792250107e-07, 0.9964388608932495, 0.08431916683912277),
            ["RightUpperArm"] = CFrame.new(-0.02920234203338623, -0.023886561393737793, 0.06496617943048477, 0.3426230549812317, -0.8506792783737183, 0.3986905813217163, 0.9394612312316895, 0.3081187903881073, -0.14991924166679382, 0.004689682275056839, 0.425919771194458, 0.9047486782073975),
            ["Head"] = CFrame.new(-2.2351741790771484e-08, -7.152557373046875e-07, 1.4901161193847656e-08, 0.9858723282814026, -0.0029743798077106476, -0.1674720048904419, -0.05075880140066147, 0.9475221633911133, -0.3156351149082184, 0.15962226688861847, 0.3196764290332794, 0.9339848756790161),
            ["RightHand"] = CFrame.new(6.407499313354492e-07, 0.000001430511474609375, -8.940696716308594e-07, 0.3115745186805725, 0.5566651225090027, 0.7700942158699036, -0.5334290862083435, 0.773154079914093, -0.34305524826049805, -0.7863680720329285, -0.30390259623527527, 0.5378364324569702),
            ["UpperTorso"] = CFrame.new(1.4901161193847656e-08, -2.682209014892578e-07, -2.514570951461792e-08, 0.9931912422180176, -0.06268102675676346, 0.09819494187831879, 0.03726234287023544, 0.9695578217506409, 0.24201054871082306, -0.11037523299455643, -0.23670387268066406, 0.9652920365333557),
            ["HumanoidRootPart"] = CFrame.new(0, 0, 0, 1, 0, 0, 0, 1, 0, 0, 0, 1),
            ["RightUpperLeg"] = CFrame.new(2.9802322387695312e-08, -2.738088369369507e-07, -3.894820110872388e-08, 0.956635057926178, -0.2430666834115982, -0.1605241745710373, 0.2590859830379486, 0.9618805050849915, 0.08752308785915375, 0.1331312358379364, -0.1253172755241394, 0.9831438660621643),
            ["LeftUpperArm"] = CFrame.new(0.029202580451965332, -0.023888230323791504, 0.06496517360210419, 0.8537966012954712, -0.038168009370565414, -0.5192067623138428, -0.2959645986557007, 0.7848849296569824, -0.5443904399871826, 0.4282948076725006, 0.6184650659561157, 0.6588349342346191),
            ["RightLowerArm"] = CFrame.new(-8.344650268554688e-07, 4.172325134277344e-07, -0.000003427267074584961, 1, -0.000003546478865246172, 0.000018976616047439165, 0.000018797816665028222, -0.03392632678151131, -0.9994242787361145, 0.000004209578492009314, 0.9994243383407593, -0.03392677381634712),
            ["LeftHand"] = CFrame.new(-0.0000015497207641601562, -2.980232238769531e-07, 1.341104507446289e-07, 0.9380938410758972, 0.007281588390469551, -0.34630343317985535, -0.12967842817306519, 0.9344524145126343, -0.3316357731819153, 0.32119056582450867, 0.35601359605789185, 0.8775487542152405),
            ["LeftFoot"] = CFrame.new(1.2200325727462769e-07, 1.1920928955078125e-07, 2.9802322387695312e-08, 0.9543548226356506, -0.2979469895362854, -0.020844310522079468, 0.2786712646484375, 0.9133760333061218, -0.29679399728775024, 0.10746742784976959, 0.27743810415267944, 0.9547141194343567),
            ["LowerTorso"] = CFrame.new(0.011272964999079704, -0.16025793552398682, -0.44181787967681885, 0.9675068855285645, 0.04259974882006645, 0.2492302507162094, 0.011543028056621552, 0.9772354364395142, -0.21184399724006653, -0.25258108973503113, 0.20783743262290955, 0.9449901580810547),
            ["RightLowerLeg"] = CFrame.new(-3.725290298461914e-08, -0.0007264614105224609, 0.00004623254790203646, 1, 1.5832493716061435e-07, -2.1234160385574796e-07, -3.073364496231079e-08, 0.8035696744918823, 0.5952104926109314, 2.6263296604156494e-07, -0.5952107310295105, 0.8035697937011719),
            ["LeftUpperLeg"] = CFrame.new(0, -4.805624485015869e-07, 2.2351741790771484e-08, 0.9226846098899841, 0.2401806265115738, -0.30160653591156006, -0.28794845938682556, 0.949479877948761, -0.12479483336210251, 0.2563961446285248, 0.20199353992938995, 0.9452300667762756),
            ["LeftLowerLeg"] = CFrame.new(-1.1175870895385742e-08, -0.0007264614105224609, 0.00008091703057289124, 1, 5.774201383701438e-08, 2.6077039194660756e-08, -2.607702498380604e-08, 0.7946955561637878, 0.6070083379745483, 3.352760558072987e-08, -0.6070082783699036, 0.7946955561637878),
        }},
        {Time = 0.083, Data = {
            ["RightFoot"] = CFrame.new(1.5459954738616943e-07, 2.384185791015625e-07, 2.590968506410718e-08, 0.9515149593353271, 0.17206420004367828, -0.25497689843177795, -0.2631871700286865, 0.8844662308692932, -0.3852948844432831, 0.1592230349779129, 0.4337204098701477, 0.886867880821228),
            ["LeftLowerArm"] = CFrame.new(5.960464477539062e-07, 0, 0.00000476837158203125, 1, 5.662440116793732e-07, -3.72529100900465e-08, -1.6391277313232422e-07, 0.12190866470336914, -0.9925414323806763, -5.140900611877441e-07, 0.9925413131713867, 0.12190863490104675),
            ["RightUpperArm"] = CFrame.new(-0.029202520847320557, -0.023887038230895996, 0.06496605277061462, 0.3629116714000702, -0.8002535700798035, 0.47737687826156616, 0.9318013191223145, 0.308126300573349, -0.19184565544128418, 0.0064333598129451275, 0.5144439935684204, 0.8575001955032349),
            ["Head"] = CFrame.new(-2.9802322387695312e-08, -9.5367431640625e-07, -1.4901161193847656e-08, 0.9887377023696899, -0.007768235169351101, -0.1494571566581726, -0.04290130361914635, 0.9420286417007446, -0.3327783942222595, 0.1433778703212738, 0.3354424834251404, 0.9310860633850098),
            ["RightHand"] = CFrame.new(0.0000011026859283447266, 0.0000013113021850585938, -8.344650268554688e-07, 0.34484219551086426, 0.5463936924934387, 0.7632415890693665, -0.4981403052806854, 0.7956968545913696, -0.3445616364479065, -0.7955754399299622, -0.26138177514076233, 0.5465707182884216),
            ["UpperTorso"] = CFrame.new(4.0978193283081055e-08, -4.76837158203125e-07, 1.4994293451309204e-07, 0.9945195317268372, -0.04353291541337967, 0.09505671262741089, 0.020458336919546127, 0.9726442694664001, 0.23139669001102448, -0.10252956300973892, -0.2281840741634369, 0.9682044386863708),
            ["HumanoidRootPart"] = CFrame.new(0, 0, 0, 1, 0, 0, 0, 1, 0, 0, 0, 1),
            ["RightUpperLeg"] = CFrame.new(1.1920928955078125e-07, -3.026798367500305e-08, 8.77116690389812e-08, 0.9695607423782349, -0.19424037635326385, -0.14907269179821014, 0.2121683657169342, 0.9703793525695801, 0.11553604155778885, 0.12221535295248032, -0.14364773035049438, 0.9820533990859985),
            ["LeftUpperArm"] = CFrame.new(0.029202640056610107, -0.023888707160949707, 0.06496516615152359, 0.8167662024497986, 0.032596707344055176, -0.5760481357574463, -0.4292096197605133, 0.7015464901924133, -0.5688686370849609, 0.3855801820755005, 0.7118778824806213, 0.5869897603988647),
            ["RightLowerArm"] = CFrame.new(1.7881393432617188e-07, 7.152557373046875e-07, -0.0000037550926208496094, 1, -0.000006109473360993434, 0.000018283724784851074, 0.00001883506411104463, 0.10161911696195602, -0.9948233366012573, 0.00000418722538597649, 0.9948233366012573, 0.10161936283111572),
            ["LeftHand"] = CFrame.new(-0.0000015422701835632324, -4.76837158203125e-07, -3.5762786865234375e-07, 0.9533434510231018, 0.06615765392780304, -0.29454922676086426, -0.159881129860878, 0.9382708072662354, -0.3067343831062317, 0.2560746669769287, 0.33951616287231445, 0.9050717353820801),
            ["LeftFoot"] = CFrame.new(-1.0151416063308716e-07, 1.1920928955078125e-07, -7.450580596923828e-09, 0.949811577796936, -0.3127862215042114, -0.00476869149133563, 0.29692891240119934, 0.9062463045120239, -0.300917387008667, 0.09844441711902618, 0.2843987047672272, 0.9536383748054504),
            ["LowerTorso"] = CFrame.new(0.034015949815511703, -0.1562865972518921, -0.4403364658355713, 0.9699687361717224, 0.011205043643712997, 0.24297140538692474, 0.03966231271624565, 0.9782813787460327, -0.2034514844417572, -0.23997408151626587, 0.20697839558124542, 0.9484578967094421),
            ["RightLowerLeg"] = CFrame.new(-3.3527612686157227e-08, -0.0007262229919433594, 0.00004604628338711336, 1, 1.788140480130096e-07, -2.1234161806660268e-07, -2.7939673685750677e-08, 0.8428388833999634, 0.5381658673286438, 3.017484857537056e-07, -0.5381660461425781, 0.8428390026092529),
            ["LeftUpperLeg"] = CFrame.new(-2.9802322387695312e-08, -2.0908191800117493e-07, 6.705522537231445e-08, 0.906931459903717, 0.27750706672668457, -0.31696274876594543, -0.3278609812259674, 0.9374029636383057, -0.11740036308765411, 0.26454243063926697, 0.2103939950466156, 0.941143810749054),
            ["LeftLowerLeg"] = CFrame.new(-1.0244548320770264e-07, -0.0007264018058776855, 0.00008082762360572815, 1, 7.078052277620372e-08, -4.0978193283081055e-08, -7.078050856534901e-08, 0.7923498749732971, 0.6100672483444214, 3.352760913344355e-08, -0.6100669503211975, 0.7923497557640076),
        }},
        {Time = 0.100, Data = {
            ["RightFoot"] = CFrame.new(6.332993507385254e-08, 1.7881393432617188e-07, 7.620110409334302e-08, 0.9462025761604309, 0.1869034618139267, -0.2641361355781555, -0.27573907375335693, 0.8928984999656677, -0.35594990849494934, 0.16931842267513275, 0.4096333682537079, 0.8963993191719055),
            ["LeftLowerArm"] = CFrame.new(0.0000011324882507324219, -5.960464477539063e-08, 0.000004589557647705078, 1, 5.438923835754395e-07, -9.685751223287298e-08, -1.2665987014770508e-07, 0.16585510969161987, -0.9861501455307007, -4.6193599700927734e-07, 0.9861502051353455, 0.16585484147071838),
            ["RightUpperArm"] = CFrame.new(-0.029202163219451904, -0.02388584613800049, 0.06496618688106537, 0.37150803208351135, -0.7513880133628845, 0.5453421473503113, 0.9283632636070251, 0.29360905289649963, -0.2278938591480255, 0.011119235306978226, 0.5909398198127747, 0.8066390156745911),
            ["Head"] = CFrame.new(-7.450580596923828e-09, -5.960464477539062e-07, 3.725290298461914e-08, 0.9908453822135925, -0.004987993277609348, -0.13490965962409973, -0.04196956753730774, 0.938418447971344, -0.34294259548187256, 0.12831233441829681, 0.3454650640487671, 0.9296180605888367),
            ["RightHand"] = CFrame.new(0.0000010728836059570312, 0.0000013113021850585938, -6.556510925292969e-07, 0.3822301924228668, 0.5381577014923096, 0.7511900663375854, -0.45524948835372925, 0.8170862197875977, -0.3537198305130005, -0.8041443228721619, -0.20677639544010162, 0.5573111772537231),
            ["UpperTorso"] = CFrame.new(3.3527612686157227e-08, -5.960464477539063e-08, 4.470348358154297e-08, 0.9954211711883545, -0.03407496586441994, 0.08930563181638718, 0.013400149531662464, 0.9748210310935974, 0.22258572280406952, -0.09464176744222641, -0.22036978602409363, 0.9708141684532166),
            ["HumanoidRootPart"] = CFrame.new(0, 0, 0, 1, 0, 0, 0, 1, 0, 0, 0, 1),
            ["RightUpperLeg"] = CFrame.new(2.9802322387695312e-08, -1.7648562788963318e-07, -1.6952981241047382e-09, 0.9765638113021851, -0.16343572735786438, -0.14004236459732056, 0.18244172632694244, 0.9737985730171204, 0.1357617974281311, 0.11418476700782776, -0.1581297218799591, 0.9807940721511841),
            ["LeftUpperArm"] = CFrame.new(0.029202640056610107, -0.0238877534866333, 0.06496521085500717, 0.7661855220794678, 0.09915553033351898, -0.6349248290061951, -0.5537826418876648, 0.6031213998794556, -0.5740804076194763, 0.3260131776332855, 0.7914624214172363, 0.5170128345489502),
            ["RightLowerArm"] = CFrame.new(-4.172325134277344e-07, 5.364418029785156e-07, -0.000003814697265625, 1, -0.000008508563951181713, 0.00001730770236463286, 0.000018835065930034034, 0.2324577122926712, -0.9726065993309021, 0.000004164874098933069, 0.9726065397262573, 0.2324577271938324),
            ["LeftHand"] = CFrame.new(-0.0000015497207641601562, -5.960464477539062e-07, 2.682209014892578e-07, 0.9616351127624512, 0.12094327807426453, -0.24623215198516846, -0.1941889524459839, 0.9341002106666565, -0.29957908391952515, 0.1937747597694397, 0.3359012007713318, 0.9217495322227478),
            ["LeftFoot"] = CFrame.new(1.0477378964424133e-07, 0, -3.725290298461914e-08, 0.9455084800720215, -0.32554441690444946, 0.00589360948652029, 0.3119828701019287, 0.9006443619728088, -0.30250048637390137, 0.09316930919885635, 0.2878555357456207, 0.9531310796737671),
            ["LowerTorso"] = CFrame.new(0.051934368908405304, -0.15559613704681396, -0.4388270080089569, 0.9713512063026428, -0.009784271009266376, 0.2374473214149475, 0.05751696601510048, 0.9791263937950134, -0.19494488835334778, -0.23058350384235382, 0.2030172199010849, 0.9516382217407227),
            ["RightLowerLeg"] = CFrame.new(-3.3527612686157227e-08, -0.0007263422012329102, 0.000046090986870694906, 1, 1.6391282997574308e-07, -2.7194622020942916e-07, -3.166496398421259e-08, 0.871662974357605, 0.49010568857192993, 2.5238838929908525e-07, -0.49010586738586426, 0.8716630339622498),
            ["LeftUpperLeg"] = CFrame.new(5.960464477539063e-08, -3.119930624961853e-07, 7.450580596923828e-09, 0.8951809406280518, 0.3042522668838501, -0.32570168375968933, -0.35651665925979614, 0.9273583889007568, -0.11358857899904251, 0.26748260855674744, 0.21780039370059967, 0.9386246204376221),
            ["LeftLowerLeg"] = CFrame.new(1.5739351511001587e-07, -0.0007262825965881348, 0.00008079409599304199, 1, 8.568167686462402e-08, -2.60770320892334e-08, -1.3969842171945857e-08, 0.7922264933586121, 0.6102269887924194, 2.980232949312267e-08, -0.610227108001709, 0.7922266125679016),
        }},
        {Time = 0.117, Data = {
            ["RightFoot"] = CFrame.new(1.9185245037078857e-07, 5.960464477539063e-08, -1.5068508218973875e-08, 0.9420072436332703, 0.21283358335494995, -0.25946930050849915, -0.2948213219642639, 0.894203245639801, -0.33686941862106323, 0.1603211909532547, 0.3938305079936981, 0.905093789100647),
            ["LeftLowerArm"] = CFrame.new(9.238719940185547e-07, -4.76837158203125e-07, 0.000005304813385009766, 1, 5.476179580909957e-07, 3.9115558791991134e-08, -1.5832485189548606e-07, 0.2122141569852829, -0.97722327709198, -5.383045049711654e-07, 0.97722327709198, 0.21221399307250977),
            ["RightUpperArm"] = CFrame.new(-0.02920234203338623, -0.02388596534729004, 0.06496618688106537, 0.35693690180778503, -0.7133797407150269, 0.6030631065368652, 0.9338864684104919, 0.2578207850456238, -0.24775978922843933, 0.021264847368001938, 0.6516271233558655, 0.7582413554191589),
            ["Head"] = CFrame.new(-1.4901161193847656e-08, -7.152557373046875e-07, 1.4901161193847656e-08, 0.9923420548439026, 0.006356135942041874, -0.12335653603076935, -0.04889993742108345, 0.9372984766960144, -0.3450803756713867, 0.11342856287956238, 0.34846973419189453, 0.9304314255714417),
            ["RightHand"] = CFrame.new(0.0000011026859283447266, 0.0000013709068298339844, -8.940696716308594e-07, 0.4167228043079376, 0.5211232304573059, 0.7448306679725647, -0.4059930443763733, 0.8398011326789856, -0.36042213439941406, -0.8133337497711182, -0.15219943225383759, 0.5615364909172058),
            ["UpperTorso"] = CFrame.new(-2.9802322387695312e-08, -1.4901161193847656e-07, 2.0489096641540527e-08, 0.9958347678184509, -0.03606456518173218, 0.08374059200286865, 0.01707557402551174, 0.9759650826454163, 0.2172573059797287, -0.08956325054168701, -0.2149224728345871, 0.9725157022476196),
            ["HumanoidRootPart"] = CFrame.new(0, 0, 0, 1, 0, 0, 0, 1, 0, 0, 0, 1),
            ["RightUpperLeg"] = CFrame.new(0, -3.8836151361465454e-07, 6.535992724820971e-08, 0.9776685237884521, -0.15789473056793213, -0.13868476450443268, 0.17732541263103485, 0.9739723801612854, 0.14118610322475433, 0.1127825677394867, -0.16262561082839966, 0.9802209138870239),
            ["LeftUpperArm"] = CFrame.new(0.029202759265899658, -0.02388739585876465, 0.06496522575616837, 0.716164231300354, 0.15936437249183655, -0.6794948577880859, -0.6498100757598877, 0.507501482963562, -0.565851628780365, 0.2546679973602295, 0.8467852473258972, 0.4670103192329407),
            ["RightLowerArm"] = CFrame.new(-1.1920928955078125e-07, 4.172325134277344e-07, -0.000003606081008911133, 1, -0.000010699039194150828, 0.000016119323845487088, 0.000018805267245625146, 0.3606128990650177, -0.9327157139778137, 0.000004217029072606238, 0.9327155947685242, 0.36061257123947144),
            ["LeftHand"] = CFrame.new(-0.0000016577541828155518, -4.172325134277344e-07, 1.7881393432617188e-07, 0.9663301706314087, 0.16420163214206696, -0.1981000453233719, -0.22034260630607605, 0.9256638288497925, -0.30756449699401855, 0.13287271559238434, 0.34085848927497864, 0.9306774735450745),
            ["LeftFoot"] = CFrame.new(4.98257577419281e-08, 1.7881393432617188e-07, -3.725290298461914e-08, 0.9427323937416077, -0.33334416151046753, 0.011723627336323261, 0.32124367356300354, 0.8979289531707764, -0.300875723361969, 0.089768186211586, 0.2874114513397217, 0.9535913467407227),
            ["LowerTorso"] = CFrame.new(0.06211317703127861, -0.15721666812896729, -0.4364234507083893, 0.9730992913246155, -0.016796806827187538, 0.22977304458618164, 0.06122397258877754, 0.9803314208984375, -0.18762241303920746, -0.22210223972797394, 0.1966428905725479, 0.9549880623817444),
            ["RightLowerLeg"] = CFrame.new(-8.568167686462402e-08, -0.0007264614105224609, 0.000046050008677411824, 1, 1.508743423528358e-07, -2.1979222708523594e-07, -2.0489098417897367e-08, 0.8868671655654907, 0.4620245099067688, 2.8032812338096846e-07, -0.4620246887207031, 0.8868672251701355),
            ["LeftUpperLeg"] = CFrame.new(-2.9802322387695312e-08, -4.959292709827423e-07, -5.960464477539063e-08, 0.8916780352592468, 0.3160904347896576, -0.32403266429901123, -0.3681415319442749, 0.9229052066802979, -0.11277300864458084, 0.2634049952030182, 0.2198472023010254, 0.9393003582954407),
            ["LeftLowerLeg"] = CFrame.new(-2.7939677238464355e-09, -0.0007264018058776855, 0.00008089840412139893, 1, 6.891787762697277e-08, -1.862645326866641e-08, 4.982575063650074e-08, 0.7958157062530518, 0.6055389642715454, 4.8428766774577525e-08, -0.6055390238761902, 0.795815646648407),
        }},
        {Time = 0.133, Data = {
            ["RightFoot"] = CFrame.new(1.3597309589385986e-07, 2.980232238769531e-07, 5.420588422566652e-09, 0.9387686848640442, 0.23808200657367706, -0.24905842542648315, -0.3129509687423706, 0.8915939927101135, -0.32729530334472656, 0.14413602650165558, 0.38519763946533203, 0.9115085005760193),
            ["LeftLowerArm"] = CFrame.new(9.238719940185547e-07, -2.384185791015625e-07, 0.000005066394805908203, 1, 5.196781671656936e-07, -9.313223525708736e-10, -1.6205012798309326e-07, 0.25606369972229004, -0.9666600227355957, -5.476176738739014e-07, 0.9666599631309509, 0.25606319308280945),
            ["RightUpperArm"] = CFrame.new(-0.029202282428741455, -0.023886680603027344, 0.06496617197990417, 0.3386414647102356, -0.6803120374679565, 0.649998128414154, 0.9403684735298157, 0.22115106880664825, -0.25845587253570557, 0.03208295628428459, 0.6987617015838623, 0.714634895324707),
            ["Head"] = CFrame.new(-2.2351741790771484e-08, -0.0000010728836059570312, 3.725290298461914e-09, 0.9931422472000122, 0.021498382091522217, -0.11491941660642624, -0.05978627875447273, 0.9380927085876465, -0.34118592739105225, 0.10047028958797455, 0.34571680426597595, 0.932944655418396),
            ["RightHand"] = CFrame.new(9.685754776000977e-07, 0.000001430511474609375, -7.748603820800781e-07, 0.4482492506504059, 0.500486433506012, 0.7406659722328186, -0.3545360565185547, 0.8601528406143188, -0.3666624128818512, -0.8205954432487488, -0.098236583173275, 0.5630031824111938),
            ["UpperTorso"] = CFrame.new(0, -1.7881393432617188e-07, -2.7939677238464355e-09, 0.9958746433258057, -0.04315831512212753, 0.07981982082128525, 0.02504344843327999, 0.9762098789215088, 0.21537671983242035, -0.0872163325548172, -0.21248918771743774, 0.9732634425163269),
            ["HumanoidRootPart"] = CFrame.new(0, 0, 0, 1, 0, 0, 0, 1, 0, 0, 0, 1),
            ["RightUpperLeg"] = CFrame.new(2.9802322387695312e-08, -7.264316082000732e-08, -6.875052349641919e-08, 0.9763951301574707, -0.16428564488887787, -0.14022384583950043, 0.1835649162530899, 0.9732893705368042, 0.1378825157880783, 0.11382617056369781, -0.16036805510520935, 0.980472207069397),
            ["LeftUpperArm"] = CFrame.new(0.029202520847320557, -0.023888826370239258, 0.06496511399745941, 0.6675763726234436, 0.21330784261226654, -0.7133325934410095, -0.7218337655067444, 0.42023593187332153, -0.5498694181442261, 0.18247684836387634, 0.8819872736930847, 0.4345117211341858),
            ["RightLowerArm"] = CFrame.new(2.384185791015625e-07, 5.960464477539062e-07, -0.000003680586814880371, 1, -0.000012569131285999902, 0.000014599409041693434, 0.000018835065930034034, 0.47212478518486023, -0.8815317749977112, 0.000004179775260126917, 0.8815317749977112, 0.4721245765686035),
            ["LeftHand"] = CFrame.new(-0.000001300126314163208, -1.1920928955078125e-07, 5.364418029785156e-07, 0.9659110307693481, 0.19829508662223816, -0.16641776263713837, -0.2435305416584015, 0.9140542149543762, -0.32434260845184326, 0.08780057728290558, 0.3538134694099426, 0.9311858415603638),
            ["LeftFoot"] = CFrame.new(-3.632158041000366e-08, 1.1920928955078125e-07, 2.9802322387695312e-08, 0.9411930441856384, -0.3376699984073639, 0.011603309772908688, 0.325517475605011, 0.8970493078231812, -0.29889917373657227, 0.09052076935768127, 0.2850991487503052, 0.9542142152786255),
