return {
    ["Dxrk Walk"] = {
        {Time = 0.000, Data = {
            ["LeftFoot"] = CFrame.new(-1.341104507446289e-07, 5.960464477539063e-08, -4.470348358154297e-08, 0.9777390956878662, -0.19634345173835754, -0.07399707287549973, 0.20809802412986755, 0.8622437119483948, 0.4617695212364197, -0.026862043887376785, -0.46688875555992126, 0.8839080929756165),
            ["LeftLowerArm"] = CFrame.new(-1.1920928955078125e-07, 2.384185791015625e-07, 0, 1, -8.195638656616211e-08, -9.313224857976365e-09, 6.705522537231445e-08, 0.8474061489105225, -0.5309452414512634, 7.171183824539185e-08, 0.5309453010559082, 0.8474060893058777),
            ["LowerTorso"] = CFrame.new(0.20476925373077393, -0.006294369697570801, 0.03026430308818817, 1, 0, 0, 0, 0.9885618090629578, -0.15081694722175598, 0, 0.15081694722175598, 0.9885618090629578),
            ["Head"] = CFrame.new(-1.30385160446167e-08, -4.76837158203125e-07, 9.313225746154785e-09, 0.9916369318962097, 0.04911809787154198, -0.11934728920459747, -0.054730236530303955, 0.9975221157073975, -0.044208213686943054, 0.1168801486492157, 0.050370510667562485, 0.9918678402900696),
            ["RightUpperArm"] = CFrame.new(-1.1920928955078125e-07, -3.5762786865234375e-07, -1.862645149230957e-08, 0.6672632098197937, -0.13172903656959534, -0.7330806851387024, 0.02537737414240837, 0.9876855611801147, -0.15438061952590942, 0.7443895936012268, 0.08440881967544556, 0.6623890995979309),
            ["UpperTorso"] = CFrame.new(-1.4901161193847656e-08, -1.4901161193847656e-07, 7.450580596923828e-09, 0.99498450756073, -0.004571549128741026, 0.09992476552724838, -0.0035577481612563133, 0.9967057108879089, 0.0810249075293541, -0.09996598213911057, -0.0809740275144577, 0.9916905760765076),
            ["HumanoidRootPart"] = CFrame.new(0, 0, 0, 1, 0, 0, 0, 1, 0, 0, 0, 1),
            ["RightHand"] = CFrame.new(1.1548399925231934e-07, 1.1920928955078125e-07, 0, 0.8422179818153381, 0.08077993988990784, -0.5330513715744019, -0.10760071873664856, 0.9940054416656494, -0.019374653697013855, 0.5282908082008362, 0.07367444783449173, 0.8458611369132996),
            ["LeftUpperArm"] = CFrame.new(0, -2.384185791015625e-07, -2.60770320892334e-08, 0.7167853713035583, 0.21870069205760956, 0.6621091961860657, -0.09817589074373245, 0.9717355370521545, -0.21468977630138397, -0.6903479099273682, 0.08888337761163712, 0.7179970145225525),
            ["RightLowerArm"] = CFrame.new(5.960464477539063e-08, -4.76837158203125e-07, -1.4901161193847656e-08, 1, -5.02914261346632e-08, 4.6566133171666024e-09, 2.421438694000244e-08, 0.8221784234046936, -0.5692300200462341, -1.885928213596344e-08, 0.5692300200462341, 0.8221784234046936),
            ["LeftHand"] = CFrame.new(0, -5.960464477539063e-08, -1.043081283569336e-07, 0.7591217160224915, 0.14756275713443756, 0.6340029239654541, -0.18627922236919403, 0.9824807643890381, -0.005629159975796938, -0.6237262487411499, -0.11382824182510376, 0.7733103036880493),
            ["RightUpperLeg"] = CFrame.new(0, -2.9336661100387573e-08, 9.480572771281004e-09, 0.9843460917472839, 0.13259604573249817, 0.11610797792673111, -0.12591640651226044, 0.9900307655334473, -0.06312058120965958, -0.12331997603178024, 0.04751261696219444, 0.9912289381027222),
            ["LeftUpperLeg"] = CFrame.new(0, -2.5937333703041077e-07, 3.166496753692627e-08, 0.5790438055992126, -0.2339690774679184, 0.7810038328170776, 0.5565938949584961, 0.8134171366691589, -0.16898490488529205, -0.5957444906234741, 0.5325515866279602, 0.6012297868728638),
            ["RightLowerLeg"] = CFrame.new(1.1920928955078125e-07, 5.960464477539063e-08, 1.6596459317952394e-08, 1, 7.4505797087454084e-09, 3.725290742551124e-09, -3.725290298461914e-09, 0.7645343542098999, 0.6445826888084412, -7.450580596923828e-09, -0.6445829272270203, 0.7645347118377686),
            ["RightFoot"] = CFrame.new(-4.842877388000488e-08, 1.7881393432617188e-07, -2.8107024263590574e-08, 0.9945767521858215, -0.08299321681261063, -0.062684066593647, 0.07153598219156265, 0.9833676218986511, -0.1669457107782364, 0.07549695670604706, 0.16155636310577393, 0.9839714765548706),
            ["LeftLowerLeg"] = CFrame.new(7.078051567077637e-08, 5.960464477539063e-08, 4.470348358154297e-08, 1, 1.1920931797249068e-07, 4.4703490686970326e-08, 5.960464477539063e-08, 0.5416682362556458, 0.8405925035476685, 1.6391277313232422e-07, -0.8405924439430237, 0.5416681170463562),
        }},
        {Time = 0.033, Data = {
            ["LeftFoot"] = CFrame.new(2.9802322387695312e-08, 0, 2.9802322387695312e-08, 0.9818447828292847, -0.18536467850208282, -0.040261249989271164, 0.18459142744541168, 0.8848361968994141, 0.42777466773986816, -0.04366990551352501, -0.4274400770664215, 0.9029883742332458),
            ["LeftLowerArm"] = CFrame.new(2.9802322387695312e-08, -1.1920928955078125e-07, 1.1920928955078125e-07, 1, -1.639127589214695e-07, -8.00937343115038e-08, 6.332992796842518e-08, 0.8477782607078552, -0.5303508639335632, 1.0058282384761696e-07, 0.5303508639335632, 0.8477782011032104),
            ["LowerTorso"] = CFrame.new(0.2147386074066162, -0.01430201530456543, 0.024087287485599518, 0.999977707862854, 0.006654077209532261, -0.0005516527453437448, -0.006654077209532261, 0.9863253831863403, -0.1646752804517746, -0.0005516527453437448, 0.1646752804517746, 0.9863476753234863),
            ["Head"] = CFrame.new(5.587935447692871e-09, 1.1920928955078125e-07, 1.4901161193847656e-08, 0.9921206831932068, 0.0421387255191803, -0.11798727512359619, -0.04632369056344032, 0.9983828663825989, -0.03295355662703514, 0.1164078414440155, 0.03815960884094238, 0.9924681782722473),
            ["RightUpperArm"] = CFrame.new(-5.960464477539063e-08, 3.5762786865234375e-07, 0, 0.6676745414733887, -0.13380561769008636, -0.7323297262191772, 0.03495849296450615, 0.9882649183273315, -0.14869600534439087, 0.7436320185661316, 0.0736793577671051, 0.6645168662071228),
            ["UpperTorso"] = CFrame.new(1.794614945538342e-08, -2.9802322387695312e-08, 1.741864252835512e-08, 0.9951112270355225, -0.003883181605488062, 0.09868419170379639, -0.004444201476871967, 0.9964538812637329, 0.08402446657419205, -0.09866051375865936, -0.08405227959156036, 0.9915651082992554),
            ["HumanoidRootPart"] = CFrame.new(0, 0, 0, 1, 0, 0, 0, 1, 0, 0, 0, 1),
            ["RightHand"] = CFrame.new(-2.123415470123291e-07, 5.960464477539063e-08, 1.30385160446167e-07, 0.8446176052093506, 0.07549674063920975, -0.5300201773643494, -0.10663609206676483, 0.9938936233520508, -0.028359174728393555, 0.5246425867080688, 0.08047199994325638, 0.847510814666748),
            ["LeftUpperArm"] = CFrame.new(5.960464477539063e-08, 0, 4.470348358154297e-08, 0.721423327922821, 0.2169848382472992, 0.6576213836669922, -0.09995880722999573, 0.9723257422447205, -0.21116600930690765, -0.6852419376373291, 0.0866050273180008, 0.723147988319397),
            ["RightLowerArm"] = CFrame.new(0, 5.960464477539063e-08, 4.470348358154297e-08, 1, -3.818422555923462e-08, -2.2351741790771484e-08, 3.725290298461914e-08, 0.788783609867096, -0.6146710515022278, 1.6298145055770874e-08, 0.6146710515022278, 0.7887835502624512),
            ["LeftHand"] = CFrame.new(-1.4156103134155273e-07, 1.1920928955078125e-07, -1.7881393432617188e-07, 0.7670081257820129, 0.17589642107486725, 0.617056667804718, -0.18494869768619537, 0.9814813137054443, -0.04988497868180275, -0.6144041419029236, -0.07586154341697693, 0.7853359580039978),
            ["RightUpperLeg"] = CFrame.new(0, -4.284083843231201e-08, 8.125061867758632e-08, 0.9832759499549866, 0.13262030482292175, 0.12482106685638428, -0.11113589257001877, 0.9799012541770935, -0.16565749049186707, -0.14428189396858215, 0.14901499450206757, 0.9782521724700928),
            ["LeftUpperLeg"] = CFrame.new(0, -1.5704426914453506e-07, 3.230525180697441e-08, 0.5704511404037476, -0.21527475118637085, 0.7926173806190491, 0.5511810183525085, 0.8158026337623596, -0.17511619627475739, -0.6089211702346802, 0.5367708206176758, 0.58403080701828),
            ["RightLowerLeg"] = CFrame.new(8.568167686462402e-08, 0, 9.145878721028566e-09, 1, -1.1175869119028903e-08, 1.862645504502325e-08, -3.725290298461914e-09, 0.7337143421173096, 0.67945796251297, -3.725290298461914e-09, -0.6794581413269043, 0.7337144613265991),
            ["RightFoot"] = CFrame.new(-3.725290298461914e-09, 5.364418029785156e-07, -2.8107024263590574e-08, 0.9899928569793701, -0.06641620397567749, -0.1245117336511612, 0.039985693991184235, 0.9781851768493652, -0.2038504183292389, 0.13533464074134827, 0.1968320906162262, 0.9710519313812256),
            ["LeftLowerLeg"] = CFrame.new(1.4901161193847656e-08, 0, -5.21540641784668e-08, 1, 2.2351745343485163e-08, -4.470348358154297e-08, 2.2351741790771484e-08, 0.5498222708702087, 0.8352817893028259, 1.043081283569336e-07, -0.8352816700935364, 0.549822211265564),
        }},
        {Time = 0.067, Data = {
            ["LeftFoot"] = CFrame.new(-8.940696716308594e-08, -1.1920928955078125e-07, -3.015156835317612e-08, 0.986765444278717, -0.1609620451927185, 0.019626162946224213, 0.14530156552791595, 0.9314397573471069, 0.33362776041030884, -0.07198185473680496, -0.32636070251464844, 0.942500650882721),
            ["LeftLowerArm"] = CFrame.new(-5.960464477539063e-08, 2.384185791015625e-07, -1.1920928955078125e-07, 1, -7.078050856534901e-08, 3.7252898543727042e-09, 6.332992796842518e-08, 0.8488546013832092, -0.5286263823509216, 9.126959810146218e-08, 0.5286263227462769, 0.8488546013832092),
            ["LowerTorso"] = CFrame.new(0.21902921795845032, -0.04017925262451172, 0.013199367560446262, 0.9999262094497681, 0.012101593427360058, -0.0010694341035559773, -0.012101593427360058, 0.9844288229942322, -0.17536665499210358, -0.0010694341035559773, 0.17536665499210358, 0.9845026135444641),
            ["Head"] = CFrame.new(-3.725290298461914e-09, 0, -5.4016709327697754e-08, 0.9928910732269287, 0.03317510709166527, -0.1143101379275322, -0.036162324249744415, 0.9990538954734802, -0.024158043786883354, 0.11340053379535675, 0.02812010794878006, 0.9931514263153076),
            ["RightUpperArm"] = CFrame.new(0, 0, -1.4901161193847656e-08, 0.6695524454116821, -0.14144720137119293, -0.7291722893714905, 0.048711568117141724, 0.9879487156867981, -0.14691677689552307, 0.7411657571792603, 0.06284934282302856, 0.6683735847473145),
            ["UpperTorso"] = CFrame.new(-5.5442797020077705e-09, 1.4901161193847656e-07, -4.928733687847853e-08, 0.9954620599746704, -0.0017409339779987931, 0.09514393657445908, -0.00657674903050065, 0.9961833357810974, 0.0870385691523552, -0.09493232518434525, -0.08726932108402252, 0.9916511178016663),
            ["HumanoidRootPart"] = CFrame.new(0, 0, 0, 1, 0, 0, 0, 1, 0, 0, 0, 1),
            ["RightHand"] = CFrame.new(1.0058283805847168e-07, -2.384185791015625e-07, -2.3096799850463867e-07, 0.8502539396286011, 0.06370186060667038, -0.5225039720535278, -0.10348492860794067, 0.9935070276260376, -0.04727274924516678, 0.5161000490188599, 0.0942651629447937, 0.8513253927230835),
            ["LeftUpperArm"] = CFrame.new(0, -1.1920928955078125e-07, -4.470348358154297e-08, 0.7337048649787903, 0.21245427429676056, 0.6453994512557983, -0.10461679846048355, 0.9738554954528809, -0.20164553821086884, -0.6713661551475525, 0.08042870461940765, 0.7367487549781799),
            ["RightLowerArm"] = CFrame.new(5.960464477539063e-08, 1.1920928955078125e-07, 5.960464477539063e-08, 1, -6.146728992462158e-08, 1.210719347000122e-08, 5.21540641784668e-08, 0.7460463047027588, -0.6658941507339478, -1.0477378964424133e-08, 0.665894091129303, 0.7460463047027588),
            ["LeftHand"] = CFrame.new(6.705522537231445e-08, 2.980232238769531e-07, 1.1175870895385742e-07, 0.7825235724449158, 0.21988803148269653, 0.5824999213218689, -0.1775282770395279, 0.9755233526229858, -0.12976117432117462, -0.5967751145362854, -0.0018690081778913736, 0.802406370639801),
            ["RightUpperLeg"] = CFrame.new(5.960464477539063e-08, -2.8172507882118225e-08, -2.2882886696606874e-08, 0.9820094108581543, 0.12455402314662933, 0.14192929863929749, -0.09711861610412598, 0.977725625038147, -0.18606629967689514, -0.1619431972503662, 0.1689349263906479, 0.9722322225570679),
            ["LeftUpperLeg"] = CFrame.new(2.9802322387695312e-08, 9.42964106798172e-08, -2.8026988729834557e-08, 0.5701192021369934, -0.2117205113172531, 0.7938126921653748, 0.5506219863891602, 0.815570056438446, -0.17793531715869904, -0.6097373366355896, 0.5385350584983826, 0.5815500617027283),
            ["RightLowerLeg"] = CFrame.new(4.842877388000488e-08, -5.960464477539063e-08, -3.55576048605144e-08, 1, 1.3969835066518499e-08, -1.862645149230957e-08, 1.1175872671742582e-08, 0.7614948749542236, 0.6481707692146301, -1.862645326866641e-08, -0.6481709480285645, 0.7614949941635132),
            ["RightFoot"] = CFrame.new(4.6566128730773926e-09, 2.980232238769531e-07, -5.045876605436206e-08, 0.9809347987174988, -0.07416775077581406, -0.17962771654129028, 0.013858510181307793, 0.9486527442932129, -0.31601542234420776, 0.19384242594242096, 0.3075014650821686, 0.9315944910049438),
            ["LeftLowerLeg"] = CFrame.new(-7.450580596923828e-09, -5.960464477539063e-08, -7.450580596923828e-08, 1, -1.909211277961731e-08, 5.960465188081798e-08, 0, 0.6385436058044434, 0.7695855498313904, 4.470348358154297e-08, -0.7695857286453247, 0.6385437250137329),
        }},
        {Time = 0.100, Data = {
            ["LeftFoot"] = CFrame.new(-5.960464477539063e-08, 5.960464477539063e-08, -8.940696716308594e-08, 0.9871353507041931, -0.15350797772407532, 0.044711634516716, 0.14031285047531128, 0.9657964110374451, 0.21805885434150696, -0.0766560286283493, -0.20898008346557617, 0.9749109148979187),
            ["LeftLowerArm"] = CFrame.new(5.960464477539063e-08, 5.364418029785156e-07, 5.960464477539063e-08, 1, -5.5879347371501353e-08, -1.862644971595273e-08, 8.568166975919667e-08, 0.8505723476409912, -0.5258579850196838, 7.450579886381092e-08, 0.5258579850196838, 0.8505723476409912),
            ["LowerTorso"] = CFrame.new(0.21815232932567596, -0.08492207527160645, 0.002263236790895462, 0.9998632669448853, 0.01646844856441021, -0.001495632342994213, -0.01646844856441021, 0.983503520488739, -0.18013793230056763, -0.001495632342994213, 0.18013793230056763, 0.9836402535438538),
            ["Head"] = CFrame.new(-1.1175870895385742e-08, -1.1920928955078125e-07, -2.9802322387695312e-08, 0.9938403367996216, 0.022371206432580948, -0.10854054242372513, -0.024754686281085014, 0.9994800090789795, -0.020661454647779465, 0.10802190005779266, 0.023221172392368317, 0.9938772916793823),
            ["RightUpperArm"] = CFrame.new(0, 0, -1.4901161193847656e-08, 0.6724874377250671, -0.1533469259738922, -0.7240479588508606, 0.06525073945522308, 0.9867745637893677, -0.14838595688343048, 0.7372266054153442, 0.05254300683736801, 0.6735994219779968),
            ["UpperTorso"] = CFrame.new(-1.5788828022778034e-09, 1.4901161193847656e-07, -1.7462298274040222e-08, 0.9959818124771118, 0.0015197108732536435, 0.08954354375600815, -0.009617427363991737, 0.9958888292312622, 0.09007148444652557, -0.08903853595256805, -0.09057074785232544, 0.9919018149375916),
            ["HumanoidRootPart"] = CFrame.new(0, 0, 0, 1, 0, 0, 0, 1, 0, 0, 0, 1),
            ["RightHand"] = CFrame.new(-8.940696716308594e-08, -5.960464477539063e-08, 1.2665987014770508e-07, 0.8568322062492371, 0.04994109272956848, -0.5131709575653076, -0.09931245446205139, 0.9926459789276123, -0.06921719759702682, 0.5059403777122498, 0.11027176678180695, 0.8554908037185669),
            ["LeftUpperArm"] = CFrame.new(0, 1.1920928955078125e-07, -2.2351741790771484e-08, 0.7510896325111389, 0.20607538521289825, 0.6272140145301819, -0.1110444888472557, 0.9759343266487122, -0.18767376244068146, -0.6507945656776428, 0.07131117582321167, 0.7558975219726562),
            ["RightLowerArm"] = CFrame.new(0, -5.960464477539063e-08, -1.1920928955078125e-07, 1, -1.0756775736808777e-07, -4.377216100692749e-08, 6.705522537231445e-08, 0.7243785858154297, -0.6894024610519409, 9.150244295597076e-08, 0.6894024610519409, 0.7243785858154297),
            ["LeftHand"] = CFrame.new(-7.450580596923828e-08, -1.7881393432617188e-07, 2.1606683731079102e-07, 0.7908377051353455, 0.2415950894355774, 0.5623234510421753, -0.17369118332862854, 0.9696093201637268, -0.17230522632598877, -0.5868620872497559, 0.03859490156173706, 0.8087664842605591),
            ["RightUpperLeg"] = CFrame.new(-5.960464477539063e-08, -9.44710336625576e-08, -1.928128767758608e-09, 0.981171727180481, 0.11467702686786652, 0.15540675818920135, -0.08727256208658218, 0.9810588359832764, -0.17293670773506165, -0.1722950041294098, 0.15611791610717773, 0.9725953340530396),
            ["LeftUpperLeg"] = CFrame.new(-5.960464477539063e-08, -1.903972588479519e-07, -8.149072527885437e-10, 0.6044008135795593, -0.2853423058986664, 0.7438275814056396, 0.5391817092895508, 0.8338479995727539, -0.11823947727680206, -0.5865004658699036, 0.4725223183631897, 0.6578297019004822),
            ["RightLowerLeg"] = CFrame.new(-5.960464477539063e-08, -2.384185791015625e-07, 7.620110409334302e-08, 1, 1.3969835288563104e-09, -1.1175869119028903e-08, -1.1175870895385742e-08, 0.7794358730316162, 0.6264819502830505, -1.1175870895385742e-08, -0.6264820694923401, 0.7794358730316162),
            ["RightFoot"] = CFrame.new(4.237517714500427e-08, 2.980232238769531e-07, 1.287116901949048e-08, 0.9798579812049866, -0.08307834714651108, -0.18159376084804535, 0.007131482940167189, 0.9233307242393494, -0.38393929600715637, 0.19956813752651215, 0.37491121888160706, 0.9053255915641785),
            ["LeftLowerLeg"] = CFrame.new(-2.9802322387695312e-08, 5.960464477539063e-08, -2.60770320892334e-08, 1, 4.470348358154297e-08, -7.450581485102248e-09, -2.9802322387695312e-08, 0.8630150556564331, 0.5051782727241516, 1.4901161193847656e-08, -0.5051782727241516, 0.8630151152610779),
        }},
        {Time = 0.133, Data = {
            ["LeftFoot"] = CFrame.new(2.9802322387695312e-08, 1.1920928955078125e-07, 3.725290298461914e-08, 0.9812443256378174, -0.18866302073001862, 0.03957192599773407, 0.18562038242816925, 0.9801191091537476, 0.07008341699838638, -0.05200718343257904, -0.06142379343509674, 0.9967559576034546),
            ["LeftLowerArm"] = CFrame.new(-5.960464477539063e-08, -5.960464477539063e-08, -2.9802322387695312e-08, 1, -8.568167686462402e-08, -4.470348358154297e-08, 5.2154071283894154e-08, 0.8528658151626587, -0.5221301913261414, 1.0803343286625022e-07, 0.5221301913261414, 0.8528658151626587),
            ["LowerTorso"] = CFrame.new(0.2126084566116333, -0.13966798782348633, -0.004015985876321793, 0.999800980091095, 0.019871409982442856, -0.0017658444121479988, -0.019871409982442856, 0.9841328263282776, -0.17631712555885315, -0.0017658444121479988, 0.17631712555885315, 0.9843318462371826),
            ["Head"] = CFrame.new(-1.4901161193847656e-08, 1.1920928955078125e-07, 1.862645149230957e-09, 0.9948543906211853, 0.010015023872256279, -0.10081880539655685, -0.01261796336621046, 0.9996024966239929, -0.025213366374373436, 0.10052622109651566, 0.026355866342782974, 0.9945852756500244),
            ["RightUpperArm"] = CFrame.new(0, 2.384185791015625e-07, -7.450580596923828e-09, 0.6760939359664917, -0.16816991567611694, -0.7173673510551453, 0.08322584629058838, 0.9848043918609619, -0.15242677927017212, 0.7321000695228577, 0.04335132613778114, 0.6798163056373596),
            ["UpperTorso"] = CFrame.new(-8.09086486697197e-09, 8.940696716308594e-08, 3.2101524993777275e-08, 0.9966070652008057, 0.00556181650608778, 0.08211962133646011, -0.013229763135313988, 0.995566189289093, 0.09312894940376282, -0.08123756945133209, -0.09389941394329071, 0.9922618269920349),
            ["HumanoidRootPart"] = CFrame.new(0, 0, 0, 1, 0, 0, 0, 1, 0, 0, 0, 1),
            ["RightHand"] = CFrame.new(3.9674341678619385e-07, 1.7881393432617188e-07, 2.9802322387695312e-08, 0.8622158765792847, 0.0386023074388504, -0.5050681233406067, -0.09555689990520477, 0.9915848970413208, -0.08734117448329926, 0.49744629859924316, 0.12356963753700256, 0.8586488366127014),
            ["LeftUpperArm"] = CFrame.new(0, -2.384185791015625e-07, 2.9802322387695312e-08, 0.7710627913475037, 0.1988002508878708, 0.6049302816390991, -0.11816869676113129, 0.9781865477561951, -0.1708432137966156, -0.6256983280181885, 0.0602470338344574, 0.77773517370224),
            ["RightLowerArm"] = CFrame.new(1.1920928955078125e-07, -2.980232238769531e-07, -1.043081283569336e-07, 1, -1.2386590242385864e-07, -4.6566128730773926e-08, 6.23986053938097e-08, 0.7352950572967529, -0.6777471303939819, 5.005858128015461e-08, 0.6777471899986267, 0.7352951169013977),
            ["LeftHand"] = CFrame.new(0, -1.7881393432617188e-07, 0, 0.7872496843338013, 0.23095883429050446, 0.5717481970787048, -0.17443117499351501, 0.9727468490600586, -0.15276582539081573, -0.5914488434791565, 0.02053423412144184, 0.8060811161994934),
            ["RightUpperLeg"] = CFrame.new(5.960464477539063e-08, 4.525063559412956e-07, -7.981725502759218e-09, 0.9816083312034607, 0.11135529726743698, 0.15506486594676971, -0.08880163729190826, 0.9853690266609192, -0.14547213912010193, -0.168995201587677, 0.12902668118476868, 0.9771350026130676),
            ["LeftUpperLeg"] = CFrame.new(2.9802322387695312e-08, 2.173474058508873e-07, 2.270098775625229e-08, 0.6758790016174316, -0.3981860280036926, 0.6201900243759155, 0.5054498910903931, 0.8628503084182739, 0.003147280076518655, -0.5363842844963074, 0.31134775280952454, 0.7844453454017639),
            ["RightLowerLeg"] = CFrame.new(-2.9802322387695312e-08, 3.5762786865234375e-07, -5.045876605436206e-08, 1, 1.0244544768056585e-08, 2.6077035641947077e-08, 7.4505797087454084e-09, 0.7247922420501709, 0.688967227935791, -1.862644971595273e-08, -0.6889674663543701, 0.7247925400733948),
            ["RightFoot"] = CFrame.new(-2.421438694000244e-08, 2.384185791015625e-07, -5.75528247281909e-09, 0.9799467325210571, -0.07454781979322433, -0.18478894233703613, -0.008912750519812107, 0.9100515246391296, -0.4143989682197571, 0.1990600973367691, 0.40773633122444153, 0.8911377787590027),
            ["LeftLowerLeg"] = CFrame.new(2.1047890186309814e-07, 2.384185791015625e-07, -1.862645149230957e-08, 1, 0, 3.725290653733282e-08, -7.450579886381092e-08, 0.9999847412109375, 0.0055252243764698505, 1.4901159417490817e-08, -0.005525246728211641, 0.9999847412109375),
        }},
        {Time = 0.167, Data = {
            ["LeftFoot"] = CFrame.new(7.450580596923828e-08, 0, -3.725290298461914e-08, 0.9823001027107239, -0.18574270606040955, 0.024214860051870346, 0.1857309341430664, 0.9490494132041931, -0.25457701086997986, 0.024304687976837158, 0.25456833839416504, 0.9667493104934692),
            ["LeftLowerArm"] = CFrame.new(1.1920928955078125e-07, 2.384185791015625e-07, 5.960464477539063e-08, 1, -9.685754776000977e-08, -2.9802322387695312e-08, 6.705522537231445e-08, 0.8556673526763916, -0.5175262093544006, 9.872019290924072e-08, 0.5175262689590454, 0.8556673526763916),
            ["LowerTorso"] = CFrame.new(0.2028883397579193, -0.16956806182861328, 0.002324699889868498, 0.9997473359107971, 0.02240445464849472, -0.0018814671784639359, -0.02240445464849472, 0.9857434630393982, -0.1667575240135193, -0.0018814671784639359, 0.1667575240135193, 0.9859962463378906),
            ["Head"] = CFrame.new(-1.6763806343078613e-08, -1.1920928955078125e-07, 3.3527612686157227e-08, 0.9958161115646362, -0.0030127367936074734, -0.09133011847734451, -0.00017928658053278923, 0.9993901252746582, -0.034921955317258835, 0.09137962758541107, 0.03479229286313057, 0.995208203792572),
            ["RightUpperArm"] = CFrame.new(0, 0, 1.4901161193847656e-08, 0.6800625324249268, -0.18458528816699982, -0.7095373272895813, 0.10133664309978485, 0.9821640253067017, -0.15838176012039185, 0.726116955280304, 0.03580735996365547, 0.6866381764411926),
            ["UpperTorso"] = CFrame.new(-2.468004822731018e-08, 0, 3.192690201103687e-08, 0.9972734451293945, 0.010046180337667465, 0.07310709357261658, -0.017078574746847153, 0.9952141642570496, 0.09621386975049973, -0.07179062068462372, -0.09720009565353394, 0.992672324180603),
            ["HumanoidRootPart"] = CFrame.new(0, 0, 0, 1, 0, 0, 0, 1, 0, 0, 0, 1),
            ["RightHand"] = CFrame.new(3.725290298461914e-09, 5.960464477539063e-08, -7.450580596923828e-09, 0.8644376993179321, 0.03389706462621689, -0.5015959143638611, -0.09391584992408752, 0.9910488724708557, -0.09487887471914291, 0.4938899874687195, 0.12912458181381226, 0.8598834872245789),
            ["LeftUpperArm"] = CFrame.new(0, 0, 2.2351741790771484e-08, 0.791290819644928, 0.19149738550186157, 0.5806785821914673, -0.12506839632987976, 0.9803025722503662, -0.15285542607307434, -0.5985121130943298, 0.048328567296266556, 0.7996547222137451),
            ["RightLowerArm"] = CFrame.new(-2.9802322387695312e-08, 3.5762786865234375e-07, -7.450580596923828e-08, 1, -6.146728281919422e-08, -1.6763806343078613e-08, 7.636845111846924e-08, 0.7619550824165344, -0.6476299166679382, 8.614733815193176e-08, 0.6476298570632935, 0.7619551420211792),
            ["LeftHand"] = CFrame.new(5.21540641784668e-08, -5.960464477539063e-08, -1.564621925354004e-07, 0.7785475850105286, 0.20475097000598907, 0.5932460427284241, -0.17666219174861908, 0.9785587191581726, -0.10589329898357391, -0.6022077798843384, -0.02236110530793667, 0.7980262637138367),
            ["RightUpperLeg"] = CFrame.new(1.1920928955078125e-07, 6.207847036421299e-08, 4.219327820464969e-08, 0.9834227561950684, 0.1008482575416565, 0.15069645643234253, -0.08508937060832977, 0.9905455112457275, -0.10760718584060669, -0.16012370586395264, 0.0930006131529808, 0.9827061891555786),
            ["LeftUpperLeg"] = CFrame.new(-1.1920928955078125e-07, 1.9220169633626938e-07, 3.183959051966667e-08, 0.7274852395057678, -0.3291526436805725, 0.6020165085792542, 0.4784308671951294, 0.8722710609436035, -0.10122831165790558, -0.4918018579483032, 0.3616653382778168, 0.7920411229133606),
            ["RightLowerLeg"] = CFrame.new(0, 0, 3.894820110872388e-08, 1, 1.8626444386882213e-08, 3.725290298461914e-09, -1.1175870895385742e-08, 0.6884990930557251, 0.7252368927001953, -1.862645149230957e-09, -0.7252371907234192, 0.688499391078949),
            ["RightFoot"] = CFrame.new(-3.725290298461914e-08, 2.980232238769531e-07, -4.300818545743823e-08, 0.9815690517425537, -0.07738081365823746, -0.17474128305912018, -0.021598057821393013, 0.8635832071304321, -0.5037432312965393, 0.1898837834596634, 0.4982333183288574, 0.8459954261779785),
            ["LeftLowerLeg"] = CFrame.new(1.0803341865539551e-07, -1.1920928955078125e-07, -3.91155481338501e-08, 1, 4.4703490686970326e-08, 1.4901164746561335e-08, -2.9802322387695312e-08, 0.9999846816062927, 0.005538077559322119, -5.960464477539063e-08, -0.005537972319871187, 0.9999847412109375),
        }},
        {Time = 0.200, Data = {
            ["LeftFoot"] = CFrame.new(-7.450580596923828e-08, -1.1920928955078125e-07, -2.60770320892334e-08, 0.9901604652404785, -0.13984808325767517, 0.0049929022789001465, 0.1329195350408554, 0.9287485480308533, -0.3460615277290344, 0.04375879839062691, 0.3433200418949127, 0.9381986260414124),
            ["LeftLowerArm"] = CFrame.new(-8.940696716308594e-08, 0, 0, 1, -5.2154071283894154e-08, -1.4901161193847656e-08, 7.82310962677002e-08, 0.8589085340499878, -0.512129008769989, 6.891787052154541e-08, 0.5121291279792786, 0.8589085340499878),
            ["LowerTorso"] = CFrame.new(0.18947410583496094, -0.14419865608215332, 0.012552297674119473, 0.9997066855430603, 0.024146923795342445, -0.0018744119442999363, -0.024146923795342445, 0.9877292513847351, -0.15429805219173431, -0.0018744119442999363, 0.15429805219173431, 0.9880225658416748),
            ["Head"] = CFrame.new(-2.421438694000244e-08, 1.1920928955078125e-07, -9.313225746154785e-09, 0.9966421723365784, -0.015863390639424324, -0.0803300067782402, 0.012117166072130203, 0.9988256692886353, -0.04690993204712868, 0.08097982406616211, 0.04577912762761116, 0.9956639409065247),
            ["RightUpperArm"] = CFrame.new(0, -2.384185791015625e-07, 2.2351741790771484e-08, 0.6841845512390137, -0.20129171013832092, -0.7009801864624023, 0.11834070086479187, 0.9790603518486023, -0.1656392514705658, 0.7196437120437622, 0.030373338609933853, 0.6936789155006409),
            ["UpperTorso"] = CFrame.new(2.4010660126805305e-09, -8.940696716308594e-08, 3.198510967195034e-08, 0.9979226589202881, 0.014630846679210663, 0.06273975968360901, -0.020830076187849045, 0.9948372840881348, 0.09932288527488708, -0.06096264719963074, -0.1004234179854393, 0.993075430393219),
            ["HumanoidRootPart"] = CFrame.new(0, 0, 0, 1, 0, 0, 0, 1, 0, 0, 0, 1),
            ["RightHand"] = CFrame.new(1.0244548320770264e-07, 0, 1.4156103134155273e-07, 0.861308217048645, 0.04012566804885864, -0.5064959526062012, -0.09643912315368652, 0.9916655421257019, -0.08543520420789719, 0.4988464117050171, 0.12243211269378662, 0.857999324798584),
            ["LeftUpperArm"] = CFrame.new(0, 1.1920928955078125e-07, -2.9802322387695312e-08, 0.8097295761108398, 0.1849045604467392, 0.5569096207618713, -0.13104639947414398, 0.9820688366889954, -0.13552799820899963, -0.5719833374023438, 0.03676002100110054, 0.8194412589073181),
            ["RightLowerArm"] = CFrame.new(5.960464477539063e-08, 1.7881393432617188e-07, 8.940696716308594e-08, 1, -1.1548398504146462e-07, -1.862644971595273e-08, 6.332993507385254e-08, 0.7951330542564392, -0.6064350008964539, 1.2200325727462769e-07, 0.6064349412918091, 0.7951330542564392),
            ["LeftHand"] = CFrame.new(7.450580596923828e-08, -5.960464477539063e-08, -8.940696716308594e-08, 0.767932116985321, 0.1720311939716339, 0.616997241973877, -0.18017734587192535, 0.9823800921440125, -0.049653612077236176, -0.6146677136421204, -0.07303836941719055, 0.7853973507881165),
            ["RightUpperLeg"] = CFrame.new(5.960464477539063e-08, -4.647299647331238e-07, 6.047048373147845e-08, 0.9864674806594849, 0.06906992197036743, 0.14869868755340576, -0.0734381377696991, 0.9970090389251709, 0.024082064628601074, -0.14659060537815094, -0.034676335752010345, 0.9885892868041992),
            ["LeftUpperLeg"] = CFrame.new(0, -3.1176023185253143e-07, 6.51925802230835e-09, 0.7633752226829529, -0.25646764039993286, 0.5928597450256348, 0.44504743814468384, 0.8740294575691223, -0.19494982063770294, -0.46817857027053833, 0.41267040371894836, 0.781352698802948),
            ["RightLowerLeg"] = CFrame.new(-5.774199962615967e-08, 1.1920928955078125e-07, 1.6952981241047382e-09, 1, 1.1175868230850483e-08, 1.1175873559921001e-08, -9.313226634333205e-09, 0.785449206829071, 0.6189257502555847, -4.6566133171666024e-09, -0.6189261674880981, 0.7854495644569397),
            ["RightFoot"] = CFrame.new(-9.313225746154785e-09, 4.172325134277344e-07, -1.3205863069742918e-08, 0.9846795797348022, -0.0730748325586319, -0.1583232283592224, -0.018023936077952385, 0.8604371547698975, -0.5092372894287109, 0.17343968152999878, 0.5042896270751953, 0.8459380269050598),
            ["LeftLowerLeg"] = CFrame.new(5.960464477539063e-08, 0, -5.21540641784668e-08, 1, -1.4901161193847656e-08, 0, -1.4901162970204496e-08, 0.9999846816062927, 0.005533486604690552, 2.980232594040899e-08, -0.005533397197723389, 0.9999846816062927),
        }},
        {Time = 0.233, Data = {
            ["LeftFoot"] = CFrame.new(-3.725290298461914e-08, 0, 1.1175870895385742e-08, 0.9982343912124634, -0.05887775123119354, 0.007846192456781864, 0.05915407836437225, 0.9734577536582947, -0.221090167760849, 0.0053794546984136105, 0.22116409242153168, 0.9752218723297119),
            ["LeftLowerArm"] = CFrame.new(-1.4901161193847656e-07, 5.364418029785156e-07, -8.940696716308594e-08, 1, -9.685756197086448e-08, -1.4901161193847656e-08, 7.078052277620372e-08, 0.862520694732666, -0.5060219764709473, 6.33299421792799e-08, 0.5060219764709473, 0.8625205755233765),
            ["LowerTorso"] = CFrame.new(0.17284001410007477, -0.10353028774261475, 0.021726319566369057, 0.9996815919876099, 0.02516891062259674, -0.0017938693054020405, -0.025168906897306442, 0.9895749092102051, -0.14180344343185425, -0.0017938693054020405, 0.14180345833301544, 0.9898931980133057),
            ["Head"] = CFrame.new(-1.3969838619232178e-08, 0, 1.4901161193847656e-08, 0.997287929058075, -0.027776185423135757, -0.06815768778324127, 0.02381172403693199, 0.9980149269104004, -0.0583043247461319, 0.0696418508887291, 0.05652333050966263, 0.9959694743156433),
            ["RightUpperArm"] = CFrame.new(0, 2.384185791015625e-07, 0, 0.6883576512336731, -0.2170322686433792, -0.6921422481536865, 0.1330520212650299, 0.9757787585258484, -0.17364658415317535, 0.7130644917488098, 0.027439992874860764, 0.7005612254142761),
            ["UpperTorso"] = CFrame.new(5.326000973582268e-09, 2.086162567138672e-07, 1.1175870895385742e-08, 0.998505711555481, 0.01897100917994976, 0.05125080421566963, -0.024152083322405815, 0.9944455027580261, 0.10244429856538773, -0.04902265965938568, -0.10352899879217148, 0.9934176802635193),
            ["HumanoidRootPart"] = CFrame.new(0, 0, 0, 1, 0, 0, 0, 1, 0, 0, 0, 1),
            ["RightHand"] = CFrame.new(-1.2794043868780136e-07, -5.960464477539063e-08, -2.1798769012093544e-07, 0.8530383706092834, 0.056371256709098816, -0.518794596195221, -0.10269123315811157, 0.992842972278595, -0.06097164377570152, 0.5116444826126099, 0.10528677701950073, 0.8527219295501709),
            ["LeftUpperArm"] = CFrame.new(0, 1.1920928955078125e-07, -1.4901161193847656e-08, 0.8246615529060364, 0.17961619794368744, 0.5363500714302063, -0.13564182817935944, 0.9833707213401794, -0.12076205760240555, -0.5491216778755188, 0.026836328208446503, 0.8353115320205688),
            ["RightLowerArm"] = CFrame.new(0, -5.960464477539063e-08, -5.960464477539063e-08, 1, -1.0058283805847168e-07, -6.332993507385254e-08, 4.470348358154297e-08, 0.8264416456222534, -0.5630223155021667, 6.612390279769897e-08, 0.5630223751068115, 0.8264417052268982),
            ["LeftHand"] = CFrame.new(-1.862645149230957e-07, 2.980232238769531e-07, -9.685754776000977e-08, 0.7588889002799988, 0.14354321360588074, 0.6352031826972961, -0.18382243812084198, 0.9829562902450562, -0.0025125034153461456, -0.6247376203536987, -0.11485788226127625, 0.7723410129547119),
            ["RightUpperLeg"] = CFrame.new(1.1920928955078125e-07, 1.8067657947540283e-07, 1.5534169506281614e-08, 0.9896008968353271, 0.02514958381652832, 0.14162538945674896, -0.058136116713285446, 0.9705260992050171, 0.23387902975082397, -0.13156916201114655, -0.2396804243326187, 0.9618955254554749),
            ["LeftUpperLeg"] = CFrame.new(5.960464477539063e-08, 2.6426278054714203e-07, 2.852175384759903e-08, 0.8129647970199585, -0.1724080741405487, 0.5562049150466919, 0.38774073123931885, 0.8728955984115601, -0.29615944623947144, -0.4344485104084015, 0.4564305245876312, 0.776482880115509),
            ["RightLowerLeg"] = CFrame.new(-5.21540641784668e-08, 2.384185791015625e-07, 1.6596459317952394e-08, 1, -6.51925624595151e-09, -1.8626449271863521e-09, -9.31322685637781e-10, 0.935184121131897, 0.3541618287563324, -1.4435501682896756e-08, -0.35416194796562195, 0.9351842403411865),
            ["RightFoot"] = CFrame.new(-3.166496753692627e-08, 2.980232238769531e-07, 5.3849362302571535e-08, 0.9880585670471191, -0.06366617232561111, -0.1403103619813919, -0.00485805282369256, 0.8973127603530884, -0.4413684904575348, 0.15400248765945435, 0.43677961826324463, 0.8862883448600769),
            ["LeftLowerLeg"] = CFrame.new(2.9802322387695312e-08, 1.7881393432617188e-07, 1.341104507446289e-07, 1, -2.980232949312267e-08, 5.960465188081798e-08, 1.4901161193847656e-08, 0.9999848008155823, 0.0055177886970341206, -1.4901161193847656e-08, -0.005517744924873114, 0.9999848008155823),
        }},
        {Time = 0.267, Data = {
            ["LeftFoot"] = CFrame.new(0, -5.960464477539063e-08, -2.2351741790771484e-08, 0.9984737038612366, -0.006714218761771917, 0.054820939898490906, 0.006236422806978226, 0.9999411702156067, 0.008882466703653336, -0.054877325892448425, -0.0085272416472435, 0.9984567761421204),
            ["LeftLowerArm"] = CFrame.new(-2.9802322387695312e-08, -5.960464477539063e-08, 1.7881393432617188e-07, 1, -9.685754776000977e-08, -2.9802322387695312e-08, 6.332993507385254e-08, 0.8664356470108032, -0.49928873777389526, 2.9802322387695312e-08, 0.49928879737854004, 0.866435706615448),
            ["LowerTorso"] = CFrame.new(0.15345343947410583, -0.06480252742767334, 0.027986403554677963, 0.9996725916862488, 0.02553515136241913, -0.0016952028963714838, -0.025535155087709427, 0.9908981323242188, -0.13216978311538696, -0.0016952031292021275, 0.13216978311538696, 0.9912256598472595),
            ["Head"] = CFrame.new(6.05359673500061e-09, 3.5762786865234375e-07, -9.313225746154785e-10, 0.9977461695671082, -0.03812282532453537, -0.05522094666957855, 0.03443615138530731, 0.9972093105316162, -0.06624086946249008, 0.05759212374687195, 0.06419005244970322, 0.9962745308876038),
            ["RightUpperArm"] = CFrame.new(0, 3.5762786865234375e-07, -7.450580596923828e-09, 0.6925718784332275, -0.23059722781181335, -0.6834977269172668, 0.1443295031785965, 0.9726651906967163, -0.18191039562225342, 0.7067624926567078, 0.027337148785591125, 0.7069225311279297),
            ["UpperTorso"] = CFrame.new(-7.261405698955059e-09, -8.940696716308594e-08, 1.7578713595867157e-08, 0.9989858865737915, 0.022719111293554306, 0.03887287899851799, -0.0267143826931715, 0.9940544962882996, 0.10555587708950043, -0.03624362125992775, -0.10648727416992188, 0.9936533570289612),
            ["HumanoidRootPart"] = CFrame.new(0, 0, 0, 1, 0, 0, 0, 1, 0, 0, 0, 1),
            ["RightHand"] = CFrame.new(-6.332993507385254e-08, -2.384185791015625e-07, 4.0978193283081055e-08, 0.8412804007530212, 0.07898125052452087, -0.534798264503479, -0.11063173413276672, 0.993486225605011, -0.02731040120124817, 0.5291576385498047, 0.08214139938354492, 0.8445383310317993),
            ["LeftUpperArm"] = CFrame.new(0, 4.76837158203125e-07, -1.862645149230957e-09, 0.834633469581604, 0.17611266672611237, 0.5218921899795532, -0.13857439160346985, 0.9841688871383667, -0.11049365997314453, -0.5330893993377686, 0.01990080252289772, 0.8458248376846313),
            ["RightLowerArm"] = CFrame.new(-5.960464477539063e-08, -1.1920928955078125e-07, 1.1920928955078125e-07, 1, -5.960464477539063e-08, -8.568167686462402e-08, 7.078052277620372e-08, 0.8491231799125671, -0.5281949639320374, 9.685756197086448e-08, 0.5281949043273926, 0.8491231203079224),
            ["LeftHand"] = CFrame.new(2.2351741790771484e-08, -5.960464477539063e-08, -1.4528632164001465e-07, 0.7550658583641052, 0.13133633136749268, 0.6423602104187012, -0.18553660809993744, 0.9824866056442261, 0.017211906611919403, -0.6288496255874634, -0.1321774125099182, 0.7662096619606018),
            ["RightUpperLeg"] = CFrame.new(1.1920928955078125e-07, 3.166496753692627e-08, 5.872425390407443e-08, 0.9924070239067078, 0.001454048790037632, 0.12298942357301712, -0.04313478246331215, 0.940538763999939, 0.336936891078949, -0.11518637835979462, -0.3396835923194885, 0.9334597587585449),
            ["LeftUpperLeg"] = CFrame.new(0, 4.260800778865814e-08, -1.2514647096395493e-08, 0.891487181186676, -0.07982898503541946, 0.4459575414657593, 0.27496281266212463, 0.8776653409004211, -0.3925545811653137, -0.36006414890289307, 0.4725790023803711, 0.8043773174285889),
            ["RightLowerLeg"] = CFrame.new(-3.3527612686157227e-08, -5.960464477539063e-08, -1.3205863069742918e-08, 1, -1.8626444830971423e-09, -1.1175869119028903e-08, 3.725290742551124e-09, 0.962019681930542, 0.2729799151420593, -1.1175872671742582e-08, -0.2729799747467041, 0.9620198011398315),
            ["RightFoot"] = CFrame.new(9.313225746154785e-09, 2.980232238769531e-07, 9.145878721028566e-09, 0.9911757707595825, -0.03374486044049263, -0.12818744778633118, -0.010422388091683388, 0.9442198872566223, -0.3291507959365845, 0.13214418292045593, 0.32758235931396484, 0.9355360865592957),
