return {
    ["Dynamite"] = {
        {Time = 0.000, Data = {
            ["RightFoot"] = CFrame.new(-7.450580596923828e-09, 2.980232238769531e-07, -4.161120159551501e-08, 0.9165331721305847, -0.2856092154979706, -0.27999261021614075, 0.011061376892030239, 0.7178846597671509, -0.6960740685462952, 0.3998056650161743, 0.6348772048950195, 0.661124050617218),
            ["LeftLowerArm"] = CFrame.new(-8.940696716308594e-08, 0, -2.60770320892334e-07, 1, -2.628657682635094e-07, 1.4808023252044222e-07, -1.0244547432591844e-08, 0.14143356680870056, -0.9899476766586304, -1.187436140526188e-07, 0.9899477362632751, 0.1414339691400528),
            ["RightUpperArm"] = CFrame.new(-2.384185791015625e-07, -0.06523787975311279, -1.043081283569336e-07, 0.6473948359489441, -0.5969305634498596, -0.4738711416721344, -0.10617449134588242, 0.545053243637085, -0.8316514492034912, 0.7547231316566467, 0.5887197256088257, 0.2894856929779053),
            ["Head"] = CFrame.new(0, -2.384185791015625e-07, -2.7567148208618164e-07, 0.9369937181472778, 0.06358327716588974, -0.3435114026069641, -0.22325266897678375, 0.8652960062026978, -0.44879990816116333, 0.2687028646469116, 0.49721232056617737, 0.8249719738960266),
            ["LowerTorso"] = CFrame.new(0.005832529626786709, -0.5642602443695068, 0.4321059584617615, 0.9200042486190796, -0.26951372623443604, 0.2845257818698883, 0.19260503351688385, 0.9432104229927063, 0.2706603705883026, -0.3413143754005432, -0.1942072957754135, 0.9196673631668091),
            ["UpperTorso"] = CFrame.new(-8.940696716308594e-08, -2.682209014892578e-07, 1.4901161193847656e-08, 0.9502578377723694, 0.29454728960990906, 0.10125529766082764, -0.3110868036746979, 0.8815417885780334, 0.3551183044910431, 0.015338649973273277, -0.3689526319503784, 0.9293215274810791),
            ["HumanoidRootPart"] = CFrame.new(0, 0, 0, 1, 0, 0, 0, 1, 0, 0, 0, 1),
            ["RightUpperLeg"] = CFrame.new(-0.000025510787963867188, -0.00012566521763801575, -0.004997493699193001, 0.7720227837562561, 0.019318746402859688, -0.6353016495704651, -0.5454683899879456, 0.5332122445106506, -0.6466444134712219, 0.32625922560691833, 0.8457610011100769, 0.4221881628036499),
            ["LeftUpperArm"] = CFrame.new(2.384185791015625e-07, -0.06523787975311279, -5.960464477539063e-08, 0.964327871799469, 0.25282710790634155, -0.07842335104942322, -0.15014749765396118, 0.7664158344268799, 0.6245503425598145, 0.21800807118415833, -0.5904957056045532, 0.7770371437072754),
            ["RightLowerArm"] = CFrame.new(-2.9802322387695312e-08, 4.172325134277344e-07, -5.960464477539063e-08, 1, 0.0000012069934882674715, -7.450586849699903e-07, 0.0000013187511740397895, 0.9860931634902954, -0.16619224846363068, -5.51342282051337e-07, 0.16619381308555603, 0.9860934615135193),
            ["LeftHand"] = CFrame.new(-4.516914486885071e-08, -5.960464477539063e-08, -1.862645149230957e-08, 0.9077012538909912, 0.41290149092674255, -0.07477184385061264, -0.41526663303375244, 0.9095067977905273, -0.01874089427292347, 0.06026729941368103, 0.048061303794384, 0.9970245957374573),
            ["LeftFoot"] = CFrame.new(0, 0, -1.862645149230957e-08, 0.989790678024292, -0.013272051699459553, 0.14190970361232758, 0.05980614945292473, 0.9424348473548889, -0.32899877429008484, -0.1293748915195465, 0.33412647247314453, 0.933606743812561),
            ["RightHand"] = CFrame.new(-2.384185791015625e-07, 1.1920928955078125e-07, 1.1920928955078125e-07, 0.439773827791214, -0.7489137649536133, 0.49570709466934204, 0.8517234325408936, 0.5228673815727234, 0.03432484716176987, -0.2848970293998718, 0.40710920095443726, 0.8678112030029297),
            ["RightLowerLeg"] = CFrame.new(2.60770320892334e-08, 5.960464477539063e-08, -7.281050784513354e-08, 1, -9.685759039257391e-08, -5.2154007335047936e-08, 1.3411046495548362e-07, 0.15550483763217926, 0.9878351092338562, -8.940698137394065e-08, -0.987835168838501, 0.15550488233566284),
            ["LeftUpperLeg"] = CFrame.new(0.000025451183319091797, 0.00012569129467010498, 0.004997506737709045, 0.7484122514724731, -0.19131894409656525, 0.6350401043891907, 0.2150799036026001, 0.9757571220397949, 0.040493592619895935, -0.6273912787437439, 0.10627870261669159, 0.7714170813560486),
            ["LeftLowerLeg"] = CFrame.new(5.587935447692871e-08, 1.7881393432617188e-07, 7.450580596923828e-09, 1, 1.043082278329166e-07, 6.519256601222878e-08, -4.842877388000488e-08, 0.4971288740634918, 0.8676772117614746, 9.685754776000977e-08, -0.8676767945289612, 0.4971280097961426),
        }},
        {Time = 0.033, Data = {
            ["RightFoot"] = CFrame.new(7.450580596923828e-09, 2.980232238769531e-07, -2.7641362976282835e-08, 0.9217489957809448, -0.2735583782196045, -0.2748563885688782, -0.004764367826282978, 0.7007362842559814, -0.7134047746658325, 0.3877578675746918, 0.6588888764381409, 0.6445988416671753),
            ["LeftLowerArm"] = CFrame.new(-2.980232238769531e-07, 5.960464477539063e-08, 5.960464477539063e-08, 1, -1.0128136551657008e-07, 1.8440184135215532e-07, -2.1420419216156006e-08, 0.04004669934511185, -0.9991979002952576, 8.440110832452774e-08, 0.9991978406906128, 0.04004587233066559),
            ["RightUpperArm"] = CFrame.new(1.1920928955078125e-07, -0.06523776054382324, -7.450580596923828e-08, 0.5950430035591125, -0.6438617706298828, -0.48100510239601135, -0.14210829138755798, 0.5047723650932312, -0.8514752984046936, 0.7910304069519043, 0.5750190615653992, 0.2088632881641388),
            ["Head"] = CFrame.new(2.9802322387695312e-08, 2.384185791015625e-07, 3.725290298461914e-08, 0.9278807640075684, 0.0631222054362297, -0.36749520897865295, -0.23432327806949615, 0.8653570413589478, -0.4430009722709656, 0.2900516986846924, 0.49716484546661377, 0.8177393078804016),
            ["LowerTorso"] = CFrame.new(0.004954691044986248, -0.5806448459625244, 0.44442683458328247, 0.8887656331062317, -0.2985421419143677, 0.3478057086467743, 0.2005225121974945, 0.935579776763916, 0.2906559705734253, -0.41217276453971863, -0.18858171999454498, 0.8913755416870117),
            ["UpperTorso"] = CFrame.new(3.725290298461914e-08, 8.940696716308594e-08, 5.21540641784668e-08, 0.9359310865402222, 0.34439006447792053, 0.0736820325255394, -0.34824252128601074, 0.8737670183181763, 0.33949726819992065, 0.05253820866346359, -0.3434045612812042, 0.9377167820930481),
            ["HumanoidRootPart"] = CFrame.new(0, 0, 0, 1, 0, 0, 0, 1, 0, 0, 0, 1),
            ["RightUpperLeg"] = CFrame.new(-0.000025570392608642578, -0.00012562796473503113, -0.004997434094548225, 0.7317176461219788, -0.03549278900027275, -0.6806830763816833, -0.5608481168746948, 0.5361628532409668, -0.6308560371398926, 0.38734838366508484, 0.8433681130409241, 0.37241294980049133),
            ["LeftUpperArm"] = CFrame.new(-1.1920928955078125e-07, -0.06523776054382324, -7.450580596923828e-09, 0.9585288763046265, 0.2845980226993561, -0.015046495944261551, -0.2107839286327362, 0.7434773445129395, 0.6346744298934937, 0.19181396067142487, -0.6051822304725647, 0.7726331353187561),
            ["RightLowerArm"] = CFrame.new(-1.7881393432617188e-07, -1.7881393432617188e-07, -1.7881393432617188e-07, 1, 9.238716529580415e-07, -8.940709221860743e-07, 0.0000012069931472069584, 0.9891203045845032, -0.14710678160190582, -7.301563869077654e-07, 0.147108793258667, 0.9891207218170166),
            ["LeftHand"] = CFrame.new(9.173527359962463e-08, 2.384185791015625e-07, -1.1175870895385742e-08, 0.9206641316413879, 0.38193291425704956, -0.0806536003947258, -0.38386183977127075, 0.923343300819397, -0.009332510642707348, 0.0709061250090599, 0.03955289348959923, 0.9966984987258911),
            ["LeftFoot"] = CFrame.new(7.450580596923828e-08, 1.1920928955078125e-07, -8.195638656616211e-08, 0.9880570769309998, 0.029704375192523003, 0.15119785070419312, 0.03173593059182167, 0.9209749102592468, -0.3883278965950012, -0.1507854163646698, 0.3884880542755127, 0.9090328812599182),
            ["RightHand"] = CFrame.new(-2.9802322387695312e-08, 1.1920928955078125e-07, -8.940696716308594e-08, 0.37588822841644287, -0.7617619037628174, 0.5276607275009155, 0.8491674661636353, 0.5111149549484253, 0.13295221328735352, -0.3709752857685089, 0.39809608459472656, 0.8389862179756165),
            ["RightLowerLeg"] = CFrame.new(8.940696716308594e-08, 1.1920928955078125e-07, 1.6596459317952394e-08, 1, -1.266599838345428e-07, -1.229344235298413e-07, 1.9371513815258368e-07, 0.1276887059211731, 0.9918143153190613, -3.72529100900465e-08, -0.991814374923706, 0.12768858671188354),
            ["LeftUpperLeg"] = CFrame.new(0.000025540590286254883, 0.00012581050395965576, 0.004997566342353821, 0.787915050983429, -0.21060360968112946, 0.5786499977111816, 0.22143182158470154, 0.9737409949302673, 0.05289245396852493, -0.5745937824249268, 0.08645667135715485, 0.8138591051101685),
            ["LeftLowerLeg"] = CFrame.new(-2.9802322387695312e-08, 5.960464477539063e-08, 3.725290298461914e-08, 1, 7.82311460056917e-08, 3.91155481338501e-08, -9.685754776000977e-08, 0.543563961982727, 0.8393682241439819, 6.705522537231445e-08, -0.8393678069114685, 0.5435633659362793),
        }},
        {Time = 0.067, Data = {
            ["RightFoot"] = CFrame.new(-1.4901161193847656e-08, 2.384185791015625e-07, -2.48473952524364e-08, 0.9244494438171387, -0.26156091690063477, -0.27745330333709717, -0.021671053022146225, 0.6904232501983643, -0.7230814099311829, 0.3806883990764618, 0.6744639873504639, 0.6325922012329102),
            ["LeftLowerArm"] = CFrame.new(1.7881393432617188e-07, -5.960464477539063e-08, -4.246830940246582e-07, 1, -1.0442449394076903e-07, -1.1175865566315224e-08, 5.75091689825058e-08, -0.05254439637064934, -0.9986186027526855, 1.1350493878126144e-07, 0.9986186027526855, -0.05254368111491203),
            ["RightUpperArm"] = CFrame.new(-1.7881393432617188e-07, -0.06523847579956055, -1.341104507446289e-07, 0.5249521136283875, -0.7162647843360901, -0.4597719609737396, -0.20035411417484283, 0.4210177958011627, -0.8846481442451477, 0.8272144198417664, 0.5565149188041687, 0.07750753313302994),
            ["Head"] = CFrame.new(4.470348358154297e-08, 0, -2.2351741790771484e-07, 0.9221208095550537, 0.06596346199512482, -0.38123786449432373, -0.23976793885231018, 0.8707659244537354, -0.42927631735801697, 0.3036521375179291, 0.4872530400753021, 0.8187671303749084),
            ["LowerTorso"] = CFrame.new(0.002827745396643877, -0.5927093029022217, 0.4567476511001587, 0.8591639995574951, -0.33435723185539246, 0.38735392689704895, 0.2081814855337143, 0.9199123382568359, 0.33229729533195496, -0.46743741631507874, -0.2048574984073639, 0.859962522983551),
            ["UpperTorso"] = CFrame.new(5.21540641784668e-08, -2.086162567138672e-07, 7.450580596923828e-08, 0.9164575934410095, 0.39662468433380127, 0.05286619812250137, -0.39363524317741394, 0.8699623942375183, 0.29701295495033264, 0.07181113958358765, -0.2930094003677368, 0.9534088969230652),
            ["HumanoidRootPart"] = CFrame.new(0, 0, 0, 1, 0, 0, 0, 1, 0, 0, 0, 1),
            ["RightUpperLeg"] = CFrame.new(-0.000025510787963867188, -0.00012576952576637268, -0.0049974191933870316, 0.6992256045341492, -0.07647282630205154, -0.7107990980148315, -0.583085834980011, 0.5142660140991211, -0.6289209127426147, 0.41363582015037537, 0.854214608669281, 0.3149968981742859),
            ["LeftUpperArm"] = CFrame.new(2.980232238769531e-07, -0.06523823738098145, 1.9371509552001953e-07, 0.9486978054046631, 0.30921486020088196, 0.06602147221565247, -0.2858077585697174, 0.7493470311164856, 0.5973215699195862, 0.13522768020629883, -0.5855469107627869, 0.7992797493934631),
            ["RightLowerArm"] = CFrame.new(1.1920928955078125e-07, -5.960464477539063e-08, 1.7881393432617188e-07, 1, 0.0000013560061233874876, -6.109484615990368e-07, 0.000001579521722305799, 0.9937544465065002, -0.11158853024244308, -3.7252871720738767e-07, 0.11158943921327591, 0.9937545657157898),
            ["LeftHand"] = CFrame.new(4.656612873077393e-10, 2.384185791015625e-07, -6.51925802230835e-08, 0.9297593235969543, 0.3567429184913635, -0.09100846946239471, -0.3581540286540985, 0.9336619973182678, 0.000876743346452713, 0.08528406172990799, 0.031779274344444275, 0.9958497285842896),
            ["LeftFoot"] = CFrame.new(-5.960464477539063e-08, 5.960464477539063e-08, 0, 0.987365186214447, 0.09419818222522736, 0.12742279469966888, -0.01890943944454193, 0.8684195280075073, -0.49547064304351807, -0.15732958912849426, 0.4867998957633972, 0.8592277765274048),
            ["RightHand"] = CFrame.new(0, 3.5762786865234375e-07, 0, 0.3521342873573303, -0.7626935839653015, 0.542491614818573, 0.8184747099876404, 0.5320797562599182, 0.21677446365356445, -0.45398303866386414, 0.3676813840866089, 0.8116106390953064),
            ["RightLowerLeg"] = CFrame.new(2.9802322387695312e-08, -2.980232238769531e-07, -6.535992724820971e-08, 1, -1.192094174484737e-07, -1.5273666065240832e-07, 1.1920927533992653e-07, 0.10697327554225922, 0.9942619204521179, -1.4156101713069802e-07, -0.9942619204521179, 0.10697296261787415),
            ["LeftUpperLeg"] = CFrame.new(0.000025570392608642578, 0.00012558698654174805, 0.004997655749320984, 0.8121610879898071, -0.27570563554763794, 0.5141790509223938, 0.2293163388967514, 0.9612200856208801, 0.15320424735546112, -0.5364778637886047, -0.006516976282000542, 0.8438888788223267),
            ["LeftLowerLeg"] = CFrame.new(1.1455267667770386e-07, 1.7881393432617188e-07, -3.91155481338501e-08, 1, 2.9802343703977385e-08, 5.5879368687783426e-08, -8.940698847936801e-08, 0.7287046313285828, 0.6848291754722595, 8.940698847936801e-08, -0.6848282217979431, 0.7287037968635559),
        }},
        {Time = 0.100, Data = {
            ["RightFoot"] = CFrame.new(0, 2.384185791015625e-07, -6.582558853551745e-08, 0.9302642345428467, -0.23852688074111938, -0.2787732481956482, -0.04176628217101097, 0.6860372424125671, -0.7263665199279785, 0.3645053207874298, 0.6873556971549988, 0.6282333731651306),
            ["LeftLowerArm"] = CFrame.new(4.470348358154297e-07, -5.960464477539063e-08, 1.2665987014770508e-07, 1, -1.974401442339513e-07, -2.7939657698539122e-08, 1.4994293451309204e-07, -0.11968521773815155, -0.9928120374679565, 3.94647940993309e-08, 0.9928118586540222, -0.11968404799699783),
            ["RightUpperArm"] = CFrame.new(-1.1920928955078125e-07, -0.0652381181716919, -8.940696716308594e-08, 0.490604430437088, -0.7578455805778503, -0.43009018898010254, -0.23138414323329926, 0.36255374550819397, -0.9027824401855469, 0.8401004672050476, 0.5424250364303589, 0.0025172613095492125),
            ["Head"] = CFrame.new(1.4901161193847656e-08, 0, 9.685754776000977e-08, 0.9211907982826233, 0.06047739088535309, -0.3843829929828644, -0.2324625551700592, 0.8777198791503906, -0.41900983452796936, 0.31203973293304443, 0.4753425419330597, 0.8226059079170227),
            ["LowerTorso"] = CFrame.new(0.000011570046808628831, -0.6006929874420166, 0.46705806255340576, 0.8342284560203552, -0.36545607447624207, 0.4129226803779602, 0.2143310159444809, 0.90485680103302, 0.36782610416412354, -0.5080602169036865, -0.21834851801395416, 0.8331858515739441),
            ["UpperTorso"] = CFrame.new(3.725290298461914e-08, -5.960464477539063e-08, 0, 0.8951664566993713, 0.4443410038948059, 0.03519274666905403, -0.43713414669036865, 0.8597253561019897, 0.264170378446579, 0.08712591230869293, -0.2518598735332489, 0.963833749294281),
            ["HumanoidRootPart"] = CFrame.new(0, 0, 0, 1, 0, 0, 0, 1, 0, 0, 0, 1),
            ["RightUpperLeg"] = CFrame.new(-0.000025480985641479492, -0.00012576207518577576, -0.004997598007321358, 0.6773567199707031, -0.10691577196121216, -0.7278438210487366, -0.5987019538879395, 0.494807630777359, -0.6298582553863525, 0.42748552560806274, 0.8624004125595093, 0.2711494565010071),
            ["LeftUpperArm"] = CFrame.new(0, -0.06523776054382324, 1.043081283569336e-07, 0.9432386159896851, 0.3091266453266144, 0.12141628563404083, -0.3212999999523163, 0.7568152546882629, 0.569207489490509, 0.08406763523817062, -0.5759093165397644, 0.813179612159729),
            ["RightLowerArm"] = CFrame.new(-1.1920928955078125e-07, 1.7881393432617188e-07, -3.5762786865234375e-07, 1, 0.0000014603140243707458, -3.5762815286943805e-07, 0.0000014007081290401402, 0.9957337379455566, -0.0922744870185852, -2.682207025372918e-07, 0.09227431565523148, 0.9957336783409119),
            ["LeftHand"] = CFrame.new(-2.0489096641540527e-08, -2.980232238769531e-07, 5.960464477539063e-08, 0.9336246848106384, 0.34229087829589844, -0.1057472974061966, -0.34345924854278564, 0.93913733959198, 0.007523261941969395, 0.10188683867454529, 0.029295094311237335, 0.9943645596504211),
            ["LeftFoot"] = CFrame.new(-5.21540641784668e-08, -5.960464477539063e-08, 8.940696716308594e-08, 0.985214114189148, 0.13005457818508148, 0.11152955144643784, -0.049978796392679214, 0.8408234715461731, -0.5389989614486694, -0.16387614607810974, 0.5254537463188171, 0.8348899483680725),
            ["RightHand"] = CFrame.new(-2.9802322387695312e-08, -2.384185791015625e-07, -1.1920928955078125e-07, 0.36596953868865967, -0.7664649486541748, 0.5278213024139404, 0.7807479500770569, 0.5615309476852417, 0.2740737497806549, -0.5064572095870972, 0.31179243326187134, 0.803920567035675),
            ["RightLowerLeg"] = CFrame.new(2.2351741790771484e-08, -2.384185791015625e-07, 1.8050923245027661e-07, 1, -2.9802343703977385e-08, -1.3783564156710781e-07, 1.4901161193847656e-07, 0.09544440358877182, 0.9954347610473633, -2.2351741790771484e-07, -0.9954347610473633, 0.09544438868761063),
            ["LeftUpperLeg"] = CFrame.new(0.000025570392608642578, 0.00012567639350891113, 0.004997551441192627, 0.8335923552513123, -0.3033497631549835, 0.4616299271583557, 0.23700310289859772, 0.9512941837310791, 0.19715531170368195, -0.49895232915878296, -0.05493944510817528, 0.8648859262466431),
            ["LeftLowerLeg"] = CFrame.new(7.450580596923828e-09, -2.980232238769531e-07, 0, 1, 4.470350489782504e-08, 6.70552182668871e-08, -8.195639367158947e-08, 0.826812207698822, 0.5624792575836182, 5.960465188081798e-08, -0.5624780654907227, 0.8268113732337952),
        }},
        {Time = 0.133, Data = {
            ["RightFoot"] = CFrame.new(0, 4.172325134277344e-07, -6.489426596090198e-08, 0.9467262625694275, -0.18774354457855225, -0.2616538405418396, -0.06233369931578636, 0.6902920007705688, -0.720841646194458, 0.31594932079315186, 0.6987483501434326, 0.6418136954307556),
            ["LeftLowerArm"] = CFrame.new(1.1920928955078125e-07, 0, -2.4586915969848633e-07, 1, -2.3841860752327193e-07, 1.9557764119326748e-07, 9.313226634333205e-09, -0.14590837061405182, -0.9892983436584473, -7.450581485102248e-09, 0.9892981648445129, -0.14590692520141602),
            ["RightUpperArm"] = CFrame.new(-1.1920928955078125e-07, -0.06523799896240234, 4.023313522338867e-07, 0.49426811933517456, -0.76237553358078, -0.4177110195159912, -0.2105078548192978, 0.3612413704395294, -0.9084004163742065, 0.8434366583824158, 0.5369247794151306, 0.018063953146338463),
            ["Head"] = CFrame.new(2.9802322387695312e-08, 4.76837158203125e-07, 2.980232238769531e-07, 0.9251843094825745, 0.03469540551304817, -0.3779289424419403, -0.20744454860687256, 0.8801186680793762, -0.4270336925983429, 0.3178061246871948, 0.47348418831825256, 0.8214694261550903),
            ["LowerTorso"] = CFrame.new(-0.002748101716861129, -0.6054301261901855, 0.4750296175479889, 0.8166504502296448, -0.38550058007240295, 0.42950204014778137, 0.21875110268592834, 0.8954269886016846, 0.38776054978370667, -0.5340693593025208, -0.2227102369070053, 0.8155794739723206),
            ["UpperTorso"] = CFrame.new(-1.4901161193847656e-08, 8.940696716308594e-08, 7.450580596923828e-09, 0.8749088644981384, 0.4835081100463867, 0.02747642993927002, -0.473324179649353, 0.8417209386825562, 0.25974929332733154, 0.10246321558952332, -0.24026234447956085, 0.9652851223945618),
            ["HumanoidRootPart"] = CFrame.new(0, 0, 0, 1, 0, 0, 0, 1, 0, 0, 0, 1),
            ["RightUpperLeg"] = CFrame.new(-0.00002536177635192871, -0.00012547895312309265, -0.0049975235015153885, 0.6713039875030518, -0.13153983652591705, -0.7294163703918457, -0.5977388024330139, 0.4858114421367645, -0.6377267241477966, 0.4382458031177521, 0.8641091585159302, 0.24750030040740967),
            ["LeftUpperArm"] = CFrame.new(0, -0.06523787975311279, 5.289912223815918e-07, 0.9492319226264954, 0.28218284249305725, 0.13903826475143433, -0.3102496862411499, 0.7667078971862793, 0.562053918838501, 0.05200020968914032, -0.5766558051109314, 0.815330445766449),
            ["RightLowerArm"] = CFrame.new(-3.5762786865234375e-07, -3.5762786865234375e-07, 3.2782554626464844e-07, 1, 0.000001564621925354004, -6.109481773819425e-07, 0.000001668928234721534, 0.9930641055107117, -0.11757402867078781, -4.6193551384021703e-07, 0.11757425963878632, 0.9930641651153564),
            ["LeftHand"] = CFrame.new(-9.685754776000977e-08, 5.960464477539063e-08, 2.9802322387695312e-08, 0.9280033707618713, 0.34795713424682617, -0.13317565619945526, -0.34970739483833313, 0.936797022819519, 0.010776810348033905, 0.12850861251354218, 0.03657008334994316, 0.9910338521003723),
            ["LeftFoot"] = CFrame.new(4.470348358154297e-08, 0, -2.9802322387695312e-08, 0.9829714298248291, 0.15013855695724487, 0.10594939440488815, -0.06215110793709755, 0.8142270445823669, -0.5772111415863037, -0.1729293316602707, 0.5607963800430298, 0.8096926808357239),
            ["RightHand"] = CFrame.new(-5.960464477539063e-08, 1.1920928955078125e-07, 1.7881393432617188e-07, 0.4114910364151001, -0.7706827521324158, 0.48653897643089294, 0.7488443851470947, 0.590185821056366, 0.30151963233947754, -0.5195260643959045, 0.24026821553707123, 0.819979190826416),
            ["RightLowerLeg"] = CFrame.new(-4.470348358154297e-08, 5.960464477539063e-08, -2.8107024263590574e-08, 1, -2.3096832535429712e-07, -1.3783551366941538e-07, 1.7136336794010276e-07, 0.09483619034290314, 0.9954929351806641, -9.685756197086448e-08, -0.9954929351806641, 0.09483621269464493),
            ["LeftUpperLeg"] = CFrame.new(0.000025480985641479492, 0.00012569129467010498, 0.00499744713306427, 0.8477468490600586, -0.2993384897708893, 0.4378598928451538, 0.24215157330036163, 0.9528993368148804, 0.18261130154132843, -0.47189828753471375, -0.04877984896302223, 0.8803021907806396),
            ["LeftLowerLeg"] = CFrame.new(-1.1548399925231934e-07, -5.960464477539063e-08, -2.9802322387695312e-08, 1, 2.980232949312267e-08, 2.9802322387695312e-08, -1.4901157641133977e-08, 0.8332586288452148, 0.5528839826583862, 5.960463056453591e-08, -0.5528834462165833, 0.833258330821991),
        }},
        {Time = 0.167, Data = {
            ["RightFoot"] = CFrame.new(7.450580596923828e-09, 3.5762786865234375e-07, -8.631468517705798e-08, 0.9746794104576111, -0.1332446187734604, -0.17957282066345215, -0.03175364434719086, 0.7124558687210083, -0.7009989023208618, 0.2213406264781952, 0.68895024061203, 0.6901842355728149),
            ["LeftLowerArm"] = CFrame.new(-1.7881393432617188e-07, 5.960464477539063e-08, 5.513429641723633e-07, 1, -2.4214381255660555e-07, 1.825391393595055e-07, 1.1175868230850483e-08, -0.13085125386714935, -0.9914020895957947, 5.122273094571028e-08, 0.9914020895957947, -0.13085073232650757),
            ["RightUpperArm"] = CFrame.new(-5.960464477539063e-08, -0.06523799896240234, -2.9802322387695312e-08, 0.5077067017555237, -0.7485062479972839, -0.4265817701816559, -0.13868814706802368, 0.4176791310310364, -0.8979477882385254, 0.850293755531311, 0.5150558352470398, 0.1082494705915451),
            ["Head"] = CFrame.new(2.9802322387695312e-08, 1.1920928955078125e-07, 7.450580596923828e-09, 0.9309321641921997, -0.0032476112246513367, -0.3651779890060425, -0.17245353758335114, 0.8775330185890198, -0.44743236899375916, 0.32190877199172974, 0.4795052409172058, 0.816363513469696),
            ["LowerTorso"] = CFrame.new(-0.004704785533249378, -0.6077573299407959, 0.4808990955352783, 0.8070212602615356, -0.39759594202041626, 0.43661731481552124, 0.22172267735004425, 0.8892939686775208, 0.3999938368797302, -0.54731684923172, -0.22599510848522186, 0.8058351874351501),
            ["UpperTorso"] = CFrame.new(-2.2351741790771484e-08, 3.8743019104003906e-07, 7.450580596923828e-09, 0.8591824173927307, 0.510750412940979, 0.03066040575504303, -0.4992997646331787, 0.8238084316253662, 0.26840102672576904, 0.11182766407728195, -0.24591395258903503, 0.9628192186355591),
            ["HumanoidRootPart"] = CFrame.new(0, 0, 0, 1, 0, 0, 0, 1, 0, 0, 0, 1),
            ["RightUpperLeg"] = CFrame.new(-0.000025391578674316406, -0.00012534111738204956, -0.004997553303837776, 0.6791738867759705, -0.1654229611158371, -0.7150930762290955, -0.5855457186698914, 0.4653306305408478, -0.6637795567512512, 0.44255977869033813, 0.8695417046546936, 0.21917709708213806),
            ["LeftUpperArm"] = CFrame.new(1.1920928955078125e-07, -0.06523787975311279, 1.1920928955078125e-07, 0.9611077308654785, 0.24322736263275146, 0.1308143138885498, -0.27502042055130005, 0.7996697425842285, 0.5337532758712769, 0.025215141475200653, -0.5489706993103027, 0.8354610800743103),
            ["RightLowerArm"] = CFrame.new(0, -1.1920928955078125e-07, -1.7881393432617188e-07, 1, 0.0000012218952178955078, -4.1723285448824754e-07, 0.0000012964001143700443, 0.9812918901443481, -0.19252625107765198, -1.4901149825163884e-07, 0.19252616167068481, 0.9812918901443481),
            ["LeftHand"] = CFrame.new(1.7695128917694092e-07, 1.7881393432617188e-07, 5.960464477539063e-08, 0.9127813577651978, 0.3724857270717621, -0.16758564114570618, -0.3764835000038147, 0.9263846278190613, 0.008458763360977173, 0.15839934349060059, 0.055371545255184174, 0.9858213067054749),
            ["LeftFoot"] = CFrame.new(-1.4901161193847656e-08, 0, 4.470348358154297e-08, 0.9813816547393799, 0.16457274556159973, 0.09902370721101761, -0.0722566694021225, 0.7940382957458496, -0.6035590767860413, -0.17795851826667786, 0.585165798664093, 0.7911452651023865),
            ["RightHand"] = CFrame.new(-5.960464477539063e-08, -2.384185791015625e-07, 1.7881393432617188e-07, 0.47015437483787537, -0.7612256407737732, 0.44664081931114197, 0.7202180027961731, 0.6234145760536194, 0.3043702244758606, -0.510138213634491, 0.17857734858989716, 0.8413506746292114),
            ["RightLowerLeg"] = CFrame.new(-3.3527612686157227e-08, 0, -5.790934665128589e-08, 1, -1.5646241990907583e-07, -1.2665968540659378e-07, 1.639127589214695e-07, 0.09109379351139069, 0.9958423972129822, -1.8626448650138627e-07, -0.9958423972129822, 0.09109374135732651),
            ["LeftUpperLeg"] = CFrame.new(0.000025540590286254883, 0.00012615323066711426, 0.0049974918365478516, 0.8545632362365723, -0.30350422859191895, 0.42143377661705017, 0.2456054538488388, 0.9511665105819702, 0.18697954714298248, -0.4576020836830139, -0.05627962574362755, 0.8873738050460815),
            ["LeftLowerLeg"] = CFrame.new(2.60770320892334e-08, -2.384185791015625e-07, 5.21540641784668e-08, 1, 8.940699558479537e-08, -1.043081283569336e-07, -2.9802322387695312e-08, 0.8504312634468079, 0.5260869264602661, 8.940696716308594e-08, -0.5260862708091736, 0.8504308462142944),
        }},
        {Time = 0.200, Data = {
            ["RightFoot"] = CFrame.new(-7.450580596923828e-09, 2.980232238769531e-07, -4.358298610895872e-09, 0.9854401350021362, -0.11230400204658508, -0.12765614688396454, -0.00563367223367095, 0.728833019733429, -0.684668779373169, 0.16992968320846558, 0.675418496131897, 0.7175880074501038),
            ["LeftLowerArm"] = CFrame.new(2.086162567138672e-07, 1.1920928955078125e-07, -1.341104507446289e-07, 1, -2.3283067207557906e-07, 0, 2.1234151859061967e-07, -0.08196891844272614, -0.9966349601745605, -6.70552182668871e-08, 0.9966349005699158, -0.08196896314620972),
            ["RightUpperArm"] = CFrame.new(-1.1920928955078125e-07, -0.0652381181716919, -2.9802322387695312e-08, 0.53254634141922, -0.718783974647522, -0.44692766666412354, -0.0424574613571167, 0.504682183265686, -0.8622605204582214, 0.8453352451324463, 0.47816896438598633, 0.23824913799762726),
            ["Head"] = CFrame.new(-7.450580596923828e-08, -1.1920928955078125e-07, 8.195638656616211e-08, 0.9356269240379333, -0.0379321351647377, -0.35094696283340454, -0.13836702704429626, 0.8752337694168091, -0.4634874761104584, 0.32474151253700256, 0.4822106659412384, 0.8136435151100159),
            ["LowerTorso"] = CFrame.new(-0.005480758845806122, -0.6085107326507568, 0.4832392632961273, 0.8040916919708252, -0.40172550082206726, 0.4382392466068268, 0.22283825278282166, 0.8870697021484375, 0.40428978204727173, -0.5511621236801147, -0.22742900252342224, 0.8028051853179932),
            ["UpperTorso"] = CFrame.new(7.450580596923828e-09, 8.940696716308594e-08, 0, 0.8509839177131653, 0.523991048336029, 0.035497136414051056, -0.511983335018158, 0.8126217722892761, 0.2784222364425659, 0.1170450896024704, -0.2551063299179077, 0.9598026871681213),
            ["HumanoidRootPart"] = CFrame.new(0, 0, 0, 1, 0, 0, 0, 1, 0, 0, 0, 1),
            ["RightUpperLeg"] = CFrame.new(-0.000025451183319091797, -0.00012545287609100342, -0.004997448995709419, 0.6887997984886169, -0.1789502650499344, -0.7025179266929626, -0.5785850286483765, 0.4481780529022217, -0.6814507246017456, 0.4368000626564026, 0.8758500814437866, 0.20516666769981384),
            ["LeftUpperArm"] = CFrame.new(0, -0.06523787975311279, 1.9371509552001953e-07, 0.9713346362113953, 0.19711463153362274, 0.13287171721458435, -0.23737183213233948, 0.8343478441238403, 0.4975121319293976, -0.012794126756489277, -0.5147908329963684, 0.857220470905304),
            ["RightLowerArm"] = CFrame.new(-1.1920928955078125e-07, -2.384185791015625e-07, 1.1920928955078125e-07, 1, 8.344654247594008e-07, -1.341105502206119e-07, 8.34464913168631e-07, 0.9496473073959351, -0.31332212686538696, 3.1292435664909135e-07, 0.31332120299339294, 0.9496468901634216),
            ["LeftHand"] = CFrame.new(-1.9185245037078857e-07, -1.1920928955078125e-07, 6.705522537231445e-08, 0.8949568271636963, 0.4043137729167938, -0.1886344850063324, -0.4130934774875641, 0.910653293132782, -0.008012012578547001, 0.16854125261306763, 0.08509399741888046, 0.9820147752761841),
            ["LeftFoot"] = CFrame.new(-2.2351741790771484e-08, 5.960464477539063e-08, 4.470348358154297e-08, 0.9803710579872131, 0.1609831303358078, 0.11382773518562317, -0.06417382508516312, 0.8064417839050293, -0.5878217816352844, -0.1864253729581833, 0.5689781904220581, 0.8009425401687622),
            ["RightHand"] = CFrame.new(1.1920928955078125e-07, 0, 2.9802322387695312e-08, 0.5258810520172119, -0.7362300753593445, 0.4259262979030609, 0.6929266452789307, 0.6612375378608704, 0.2874335050582886, -0.4932563006877899, 0.14398029446601868, 0.8578862547874451),
            ["RightLowerLeg"] = CFrame.new(-3.3527612686157227e-08, 1.1920928955078125e-07, -1.5476689441129565e-07, 1, -1.564623772765117e-07, -1.0058273858248867e-07, 1.6763807764164085e-07, 0.08938035368919373, 0.9959975481033325, -1.9371512394172896e-07, -0.9959976673126221, 0.0893804132938385),
            ["LeftUpperLeg"] = CFrame.new(0.000025659799575805664, 0.00012575089931488037, 0.004997521638870239, 0.858698308467865, -0.28602397441864014, 0.4252372086048126, 0.25046879053115845, 0.9581398367881775, 0.13868899643421173, -0.44710463285446167, -0.012583689764142036, 0.8943929672241211),
            ["LeftLowerLeg"] = CFrame.new(-4.470348358154297e-08, 1.1920928955078125e-07, -7.450580596923828e-08, 1, 8.195640788244418e-08, -2.980232594040899e-08, -4.4703494239684005e-08, 0.8091496825218201, 0.5876029133796692, 2.980232949312267e-08, -0.5876026153564453, 0.809149444103241),
        }},
        {Time = 0.233, Data = {
            ["RightFoot"] = CFrame.new(3.3527612686157227e-08, 2.980232238769531e-07, -7.001654012128711e-08, 0.9839653372764587, -0.12641292810440063, -0.12582732737064362, 0.006264755968004465, 0.7295235991477966, -0.6839275360107422, 0.17824998497962952, 0.672171950340271, 0.7186172008514404),
            ["LeftLowerArm"] = CFrame.new(2.384185791015625e-07, -5.960464477539063e-08, -2.9802322387695312e-08, 1, -7.450576333667414e-08, -7.264311818744318e-08, 3.036112445897743e-07, -0.005917392671108246, -0.999982476234436, 2.3469334564651945e-07, 0.999982476234436, -0.005916786380112171),
            ["RightUpperArm"] = CFrame.new(-1.1920928955078125e-07, -0.0652381181716919, -2.384185791015625e-07, 0.5881215333938599, -0.6565993428230286, -0.4722186326980591, 0.10386545956134796, 0.6403537392616272, -0.7610251903533936, 0.8020755648612976, 0.3985280990600586, 0.4448035955429077),
            ["Head"] = CFrame.new(-1.4901161193847656e-08, 1.1920928955078125e-07, 7.450580596923828e-09, 0.9381193518638611, -0.06517501175403595, -0.34012383222579956, -0.11024941504001617, 0.8748276233673096, -0.47172242403030396, 0.32829421758651733, 0.48003020882606506, 0.8135071396827698),
            ["LowerTorso"] = CFrame.new(-0.004825231619179249, -0.6068816184997559, 0.482343465089798, 0.809718668460846, -0.3877992630004883, 0.44041797518730164, 0.2095656394958496, 0.8921241164207458, 0.4002455174922943, -0.548122227191925, -0.23178935050964355, 0.8036389350891113),
            ["UpperTorso"] = CFrame.new(2.0489096641540527e-08, 0, -1.1920928955078125e-07, 0.8584022521972656, 0.5118167996406555, 0.0344899445772171, -0.4988974332809448, 0.8173080682754517, 0.288286417722702, 0.11936063319444656, -0.26467204093933105, 0.9569228887557983),
            ["HumanoidRootPart"] = CFrame.new(0, 0, 0, 1, 0, 0, 0, 1, 0, 0, 0, 1),
            ["RightUpperLeg"] = CFrame.new(-0.000025451183319091797, -0.00012545660138130188, -0.004997583106160164, 0.7032734155654907, -0.18466530740261078, -0.6865166425704956, -0.5676125884056091, 0.43557730317115784, -0.6986332535743713, 0.42804500460624695, 0.8810058236122131, 0.20151086151599884),
            ["LeftUpperArm"] = CFrame.new(1.1920928955078125e-07, -0.06523776054382324, -1.043081283569336e-07, 0.971296489238739, 0.15272971987724304, 0.1823643445968628, -0.22002680599689484, 0.8681915402412415, 0.44478273391723633, -0.09039552509784698, -0.4721410572528839, 0.8768761157989502),
            ["RightLowerArm"] = CFrame.new(-5.960464477539063e-08, 4.172325134277344e-07, 8.940696716308594e-08, 1, 2.0861628513557662e-07, 4.167669089838455e-07, 1.6298145055770874e-07, 0.8770001530647278, -0.48049217462539673, 4.76837158203125e-07, 0.48049014806747437, 0.8769990801811218),
            ["LeftHand"] = CFrame.new(-1.4901161193847656e-08, 5.960464477539063e-08, -3.725290298461914e-09, 0.888500988483429, 0.4269765615463257, -0.168099045753479, -0.4426463842391968, 0.8940601944923401, -0.0687059536576271, 0.12095553427934647, 0.13545313477516174, 0.9833728671073914),
            ["LeftFoot"] = CFrame.new(1.4156103134155273e-07, -5.960464477539063e-08, 7.450580596923828e-09, 0.9799890518188477, 0.15563763678073883, 0.1240893006324768, -0.0677746906876564, 0.8470541834831238, -0.5271691679954529, -0.18715840578079224, 0.5082087516784668, 0.840651273727417),
            ["RightHand"] = CFrame.new(0, 3.5762786865234375e-07, -1.6111880540847778e-07, 0.5782104730606079, -0.6912757158279419, 0.4333712160587311, 0.6605059504508972, 0.7084177136421204, 0.24874961376190186, -0.4789619743824005, 0.1424160599708557, 0.866206169128418),
            ["RightLowerLeg"] = CFrame.new(3.725290298461914e-09, 2.384185791015625e-07, 9.145878721028566e-09, 1, -1.3411059285317606e-07, -1.229344235298413e-07, 1.7881393432617188e-07, 0.07731390744447708, 0.9970068335533142, -1.6391277313232422e-07, -0.997006893157959, 0.07731398940086365),
            ["LeftUpperLeg"] = CFrame.new(0.000025570392608642578, 0.00012584030628204346, 0.0049974024295806885, 0.8612791895866394, -0.25968798995018005, 0.43676045536994934, 0.26278379559516907, 0.9633111953735352, 0.05456594005227089, -0.4349055290222168, 0.06777708232402802, 0.8979215025901794),
            ["LeftLowerLeg"] = CFrame.new(-5.960464477539063e-08, 5.960464477539063e-08, -1.0058283805847168e-07, 1, 7.078056540876787e-08, 0, -4.0978193283081055e-08, 0.7096121907234192, 0.7045934200286865, 5.21540641784668e-08, -0.7045925855636597, 0.7096112966537476),
        }},
        {Time = 0.267, Data = {
            ["RightFoot"] = CFrame.new(1.1175870895385742e-08, 3.5762786865234375e-07, -4.487083060666919e-08, 0.9735790491104126, -0.18256013095378876, -0.13717283308506012, 0.03777959197759628, 0.7212051153182983, -0.6916907429695129, 0.2252037078142166, 0.6682326793670654, 0.7090469002723694),
            ["LeftLowerArm"] = CFrame.new(-1.1920928955078125e-07, -1.1920928955078125e-07, -7.450580596923828e-08, 1, -1.0803341865539551e-07, 2.2351736461700966e-08, 1.4156103134155273e-07, 0.08720744401216507, -0.996190071105957, -2.2351741790771484e-08, 0.9961901903152466, 0.08720896393060684),
            ["RightUpperArm"] = CFrame.new(-1.1920928955078125e-07, -0.06523787975311279, 0, 0.6587017178535461, -0.5780896544456482, -0.48158520460128784, 0.24315714836120605, 0.7692728638648987, -0.5908419489860535, 0.7120298743247986, 0.27208778262138367, 0.6472878456115723),
            ["Head"] = CFrame.new(-1.1920928955078125e-07, 1.1920928955078125e-07, -8.940696716308594e-08, 0.9379125237464905, -0.08752769976854324, -0.33564743399620056, -0.09022299200296402, 0.8727759122848511, -0.4797101616859436, 0.33493295311927795, 0.4802095293998718, 0.8106904029846191),
            ["LowerTorso"] = CFrame.new(-0.0025503274518996477, -0.601914644241333, 0.47971558570861816, 0.824228048324585, -0.3494279980659485, 0.44558820128440857, 0.17442646622657776, 0.9053073525428772, 0.38729020953178406, -0.5387241244316101, -0.2414926141500473, 0.8071292042732239),
            ["UpperTorso"] = CFrame.new(2.2351741790771484e-08, 2.9802322387695312e-08, -2.2351741790771484e-08, 0.883333146572113, 0.46787694096565247, 0.028528984636068344, -0.4535413980484009, 0.8377213478088379, 0.304175466299057, 0.11841746419668198, -0.2816276252269745, 0.9521887302398682),
            ["HumanoidRootPart"] = CFrame.new(0, 0, 0, 1, 0, 0, 0, 1, 0, 0, 0, 1),
            ["RightUpperLeg"] = CFrame.new(-0.000025540590286254883, -0.0001254454255104065, -0.004997583106160164, 0.7266285419464111, -0.1994578093290329, -0.6574402451515198, -0.5453705787658691, 0.4145160913467407, -0.7285239696502686, 0.4178301692008972, 0.8879150152206421, 0.1924196034669876),
            ["LeftUpperArm"] = CFrame.new(-1.1920928955078125e-07, -0.06523823738098145, -2.384185791015625e-07, 0.9540393352508545, 0.13096991181373596, 0.26954787969589233, -0.22746777534484863, 0.9020628333091736, 0.3667990267276764, -0.1951092630624771, -0.4112536609172821, 0.8903945684432983),
            ["RightLowerArm"] = CFrame.new(4.76837158203125e-07, 5.960464477539062e-07, -1.341104507446289e-07, 1, -3.4272667903678666e-07, 4.693861228588503e-07, -3.427267358802055e-07, 0.7398762106895447, -0.672745406627655, 1.6018749704471702e-07, 0.6727430820465088, 0.7398740649223328),
            ["LeftHand"] = CFrame.new(1.4901161193847656e-08, 2.384185791015625e-07, -5.960464477539063e-08, 0.8888340592384338, 0.4411066472530365, -0.12409361451864243, -0.45649927854537964, 0.8759011030197144, -0.15622484683990479, 0.039782267063856125, 0.19550521671772003, 0.9798951745033264),
            ["LeftFoot"] = CFrame.new(2.9802322387695312e-08, 5.960464477539063e-08, -2.8638169169425964e-08, 0.9824150800704956, 0.16669975221157074, 0.08409174531698227, -0.11862305551767349, 0.9050790071487427, -0.4083639979362488, -0.14418500661849976, 0.3912074863910675, 0.9089375734329224),
            ["RightHand"] = CFrame.new(-2.2351741790771484e-07, 5.960464477539063e-08, 2.9802322387695312e-08, 0.6425319910049438, -0.618545413017273, 0.45227739214897156, 0.6100715398788452, 0.7700875997543335, 0.1864892989397049, -0.4636435806751251, 0.15609858930110931, 0.8721622228622437),
