return {
    ["Dynamic Shuffle"] = {
        {Time = 0.000, Data = {
            ["LeftFoot"] = CFrame.new(4.6566128730773926e-09, -1.1920928955078125e-07, -1.1175870895385742e-08, 0.9956745505332947, -0.0908803939819336, -0.01931580901145935, 0.08601167798042297, 0.9802187085151672, -0.17825107276439667, 0.035133153200149536, 0.17581869661808014, 0.9837954640388489),
            ["LeftLowerArm"] = CFrame.new(0.0000016093254089355469, -4.172325134277344e-07, 0.000004757195711135864, 1, 3.166497108963995e-08, -4.097820394122209e-08, -5.960465188081798e-08, -0.4718934893608093, -0.8816556334495544, -7.450581485102248e-09, 0.8816555738449097, -0.4718936085700989),
            ["LowerTorso"] = CFrame.new(0.011097305454313755, -0.30779850482940674, 0.25084030628204346, 0.9914875030517578, 0.07560476660728455, 0.10600189119577408, -0.09004545211791992, 0.986213743686676, 0.13883227109909058, -0.09404412657022476, -0.1471954584121704, 0.9846264719963074),
            ["Head"] = CFrame.new(-2.2351741790771484e-08, -0.0000010728836059570312, -1.2293457984924316e-07, 0.9859563112258911, 0.09088939428329468, 0.14010480046272278, -0.0995444804430008, 0.9934535026550293, 0.0560448132455349, -0.134093776345253, -0.0692046582698822, 0.9885492324829102),
            ["RightUpperArm"] = CFrame.new(-0.02453935146331787, -0.03666818141937256, 0.09222617745399475, 0.8070852160453796, -0.5304957032203674, 0.25920605659484863, 0.4973492920398712, 0.8474270701408386, 0.18577204644680023, -0.3182094991207123, -0.02101805992424488, 0.9477874636650085),
            ["UpperTorso"] = CFrame.new(1.4901161193847656e-08, 8.940696716308594e-08, 5.3551048040390015e-08, 0.9861581921577454, -0.13256962597370148, 0.09958696365356445, 0.08640898019075394, 0.9235118627548218, 0.3737104833126068, -0.14151236414909363, -0.3599320650100708, 0.9221838116645813),
            ["HumanoidRootPart"] = CFrame.new(0, 0, 0, 1, 0, 0, 0, 1, 0, 0, 0, 1),
            ["RightHand"] = CFrame.new(1.1920928955078125e-07, 9.5367431640625e-07, -8.344650268554688e-07, 0.8808664083480835, -0.020534684881567955, 0.4729190468788147, 0.2234816998243332, 0.8987486362457275, -0.37723565101623535, -0.4172893166542053, 0.43798309564590454, 0.7962669134140015),
            ["LeftUpperArm"] = CFrame.new(0.030900418758392334, -0.0069501399993896484, 0.09380699694156647, 0.8389837145805359, 0.40049681067466736, -0.36838671565055847, -0.45734959840774536, 0.8858091831207275, -0.0785728394985199, 0.2948521673679352, 0.23440256714820862, 0.9263464212417603),
            ["RightLowerArm"] = CFrame.new(5.364418029785156e-07, 5.960464477539062e-07, -0.000003933906555175781, 1, -0.000009119510650634766, 0.000017181042494485155, 0.000018954278857563622, 0.2581985294818878, -0.9660919904708862, 0.0000043511395233508665, 0.9660919308662415, 0.25819844007492065),
            ["LeftHand"] = CFrame.new(-0.0000012069940567016602, -0.0000011920928955078125, 4.172325134277344e-07, 0.8052440881729126, 0.0641895979642868, -0.5894583463668823, -0.18092119693756104, 0.9733144640922546, -0.14116178452968597, 0.5646676421165466, 0.22031529247760773, 0.7953692674636841),
            ["RightUpperLeg"] = CFrame.new(-5.960464477539063e-08, 2.0116567611694336e-07, 2.8107024263590574e-08, 0.9245100021362305, -0.3581380844116211, 0.1304543912410736, 0.32236942648887634, 0.5520799160003662, -0.7689513564109802, 0.20336949825286865, 0.7529574632644653, 0.6258558034896851),
            ["LeftUpperLeg"] = CFrame.new(5.960464477539063e-08, -1.4156103134155273e-07, 1.1175870895385742e-08, 0.9531262516975403, 0.21487092971801758, 0.21302801370620728, 0.03276238590478897, 0.6266255974769592, -0.7786317467689514, -0.30079400539398193, 0.7491134405136108, 0.5902132391929626),
            ["RightLowerLeg"] = CFrame.new(-4.470348358154297e-08, -0.0007264614105224609, 0.00004588237061398104, 1, -1.0430819230577981e-07, -8.940699558479537e-08, 8.940696716308594e-08, 0.40177473425865173, 0.9157384634017944, -1.4901161193847656e-08, -0.9157386422157288, 0.40177488327026367),
            ["RightFoot"] = CFrame.new(1.9581057131290436e-07, -5.960464477539063e-08, 5.420588422566652e-09, 0.9627633094787598, 0.24303747713565826, 0.11840435117483139, -0.18762323260307312, 0.9160013794898987, -0.35459715127944946, -0.19463899731636047, 0.3191775679588318, 0.9274919629096985),
            ["LeftLowerLeg"] = CFrame.new(-2.9802322387695312e-08, -0.0007264614105224609, 0.00008100271224975586, 1, 2.2724276504959562e-07, 6.891788473240013e-08, -1.8626454334480513e-07, 0.5571455359458923, 0.8304147124290466, 7.450581307466564e-08, -0.830414891242981, 0.5571457147598267),
        }},
        {Time = 0.033, Data = {
            ["LeftFoot"] = CFrame.new(-4.7497451305389404e-08, -2.980232238769531e-07, -1.862645149230957e-09, 0.9961128234863281, -0.08808159828186035, 0.0009693432366475463, 0.08699315786361694, 0.9819554686546326, -0.16791604459285736, 0.01383863016963005, 0.1673477292060852, 0.9858008027076721),
            ["LeftLowerArm"] = CFrame.new(0.0000013113021850585938, -2.980232238769531e-07, 0.000004708766937255859, 1, -2.2351745343485163e-08, -6.705522537231445e-08, -8.195638656616211e-08, -0.4340316355228424, -0.9008976817131042, 0, 0.9008976817131042, -0.43403160572052),
            ["LowerTorso"] = CFrame.new(-0.0016219080425798893, -0.3209456205368042, 0.262647807598114, 0.9932032823562622, 0.07804275304079056, 0.08635179698467255, -0.08959316462278366, 0.9862067699432373, 0.13917411863803864, -0.07429918646812439, -0.14596471190452576, 0.986495852470398),
            ["Head"] = CFrame.new(-1.4901161193847656e-08, -7.152557373046875e-07, 1.955777406692505e-07, 0.9846607446670532, 0.10695111751556396, 0.13785751163959503, -0.11575601249933243, 0.9916121959686279, 0.05749661102890968, -0.13055181503295898, -0.07257246971130371, 0.9887818098068237),
            ["RightUpperArm"] = CFrame.new(-0.036883533000946045, -0.028560996055603027, 0.08163222670555115, 0.761814296245575, -0.5858423113822937, 0.2764560282230377, 0.5661615133285522, 0.8095252513885498, 0.15533867478370667, -0.3148019313812256, 0.038179636001586914, 0.9483891725540161),
            ["UpperTorso"] = CFrame.new(-3.725290298461914e-09, 0, 2.6775524020195007e-08, 0.9919832944869995, -0.08893947303295135, 0.08977250009775162, 0.04765952005982399, 0.9212426543235779, 0.38605791330337524, -0.1170380488038063, -0.37868455052375793, 0.9180960059165955),
            ["HumanoidRootPart"] = CFrame.new(0, 0, 0, 1, 0, 0, 0, 1, 0, 0, 0, 1),
            ["RightHand"] = CFrame.new(5.960464477539063e-08, 0.0000011920928955078125, -8.940696716308594e-07, 0.9263087511062622, -0.07560236006975174, 0.3691018521785736, 0.23993845283985138, 0.8736881017684937, -0.42320048809051514, -0.2904851734638214, 0.4805762767791748, 0.8274450302124023),
            ["LeftUpperArm"] = CFrame.new(0.018375873565673828, -0.013807058334350586, 0.0823039710521698, 0.8314731121063232, 0.35171860456466675, -0.43005430698394775, -0.4605821669101715, 0.8692629337310791, -0.1795719861984253, 0.3106713891029358, 0.34738460183143616, 0.8847638964653015),
            ["RightLowerArm"] = CFrame.new(1.7881393432617188e-07, 6.556510925292969e-07, -0.000003844499588012695, 1, -0.000010296699656464625, 0.00001658499240875244, 0.000018984079360961914, 0.32561519742012024, -0.9455024600028992, 0.000004336237907409668, 0.9455023407936096, 0.32561513781547546),
            ["LeftHand"] = CFrame.new(-0.000001341104507446289, -0.0000013113021850585938, 1.7881393432617188e-07, 0.8141010403633118, 0.008020640350878239, -0.5806674957275391, -0.08997482806444168, 0.9895724058151245, -0.11247678846120834, 0.5737107992172241, 0.14381293952465057, 0.8063337802886963),
            ["RightUpperLeg"] = CFrame.new(-2.9802322387695312e-08, -8.195638656616211e-08, 5.045876605436206e-08, 0.923801600933075, -0.3509204685688019, 0.1531192511320114, 0.3303753733634949, 0.5284966826438904, -0.7820124626159668, 0.1935010850429535, 0.7730111479759216, 0.6041614413261414),
            ["LeftUpperLeg"] = CFrame.new(1.1920928955078125e-07, -2.60770320892334e-07, 4.470348358154297e-08, 0.9539371132850647, 0.2175440639257431, 0.20658829808235168, 0.03383997455239296, 0.6061917543411255, -0.7945982217788696, -0.2980923652648926, 0.7649877071380615, 0.5709072351455688),
            ["RightLowerLeg"] = CFrame.new(2.2351741790771484e-08, -0.0007263422012329102, 0.00004590472235577181, 1, -1.0058287358560847e-07, -1.1175873737556685e-07, 1.6018749704471702e-07, 0.3870287239551544, 0.9220676422119141, -4.842878098543224e-08, -0.9220677018165588, 0.38702890276908875),
            ["RightFoot"] = CFrame.new(1.8498394638299942e-07, 0, -2.029992174357176e-09, 0.960862398147583, 0.24489247798919678, 0.12950341403484344, -0.19045451283454895, 0.9234407544136047, -0.33314287662506104, -0.2011728733778, 0.29544001817703247, 0.9339405298233032),
            ["LeftLowerLeg"] = CFrame.new(-2.2351741790771484e-08, -0.0007264614105224609, 0.00008095800876617432, 1, 7.590281825287093e-08, 1.676381167214913e-08, -5.215407838932151e-08, 0.5211085677146912, 0.8534904718399048, 2.2351747119842003e-08, -0.8534904718399048, 0.5211084485054016),
        }},
        {Time = 0.067, Data = {
            ["LeftFoot"] = CFrame.new(6.612390279769897e-08, -1.7881393432617188e-07, 4.842877388000488e-08, 0.9965847730636597, -0.08048669993877411, 0.01845588907599449, 0.08218169212341309, 0.9885475635528564, -0.1265697479248047, -0.008057499304413795, 0.12765417993068695, 0.991786003112793),
            ["LeftLowerArm"] = CFrame.new(0.000001341104507446289, -6.556510925292969e-07, 0.000004708766937255859, 1, -6.33299421792799e-08, -1.0430814256778831e-07, -4.0978196835794733e-08, -0.385095477104187, -0.92287677526474, 1.4901162970204496e-08, 0.92287677526474, -0.385095477104187),
            ["LowerTorso"] = CFrame.new(-0.019710054621100426, -0.299790620803833, 0.2722950577735901, 0.994328498840332, 0.0818038210272789, 0.06796376407146454, -0.09065115451812744, 0.9860833287239075, 0.1393631398677826, -0.055617496371269226, -0.1447337418794632, 0.9879063367843628),
            ["Head"] = CFrame.new(-1.862645149230957e-08, -5.960464477539062e-07, -3.585591912269592e-08, 0.9880864024162292, 0.09048851579427719, 0.1244874894618988, -0.09886160492897034, 0.9931174516677856, 0.06280161440372467, -0.11794796586036682, -0.07436080276966095, 0.9902316927909851),
            ["RightUpperArm"] = CFrame.new(-0.05129659175872803, -0.009450316429138184, 0.06545402109622955, 0.709504246711731, -0.6400050520896912, 0.29495278000831604, 0.638339102268219, 0.7610025405883789, 0.1157512217760086, -0.2985413074493408, 0.10615375638008118, 0.9484748244285583),
            ["UpperTorso"] = CFrame.new(-1.6763806343078613e-08, 2.9802322387695312e-08, -1.126900315284729e-07, 0.9965943098068237, -0.03436163812875748, 0.07496047765016556, 0.0006811714265495539, 0.9124426245689392, 0.40920454263687134, -0.08245799690485, -0.4077596366405487, 0.9093583226203918),
            ["HumanoidRootPart"] = CFrame.new(0, 0, 0, 1, 0, 0, 0, 1, 0, 0, 0, 1),
            ["RightHand"] = CFrame.new(4.172325134277344e-07, 0.0000013709068298339844, -9.5367431640625e-07, 0.971577525138855, -0.06766613572835922, 0.22684405744075775, 0.16595660150051117, 0.8780465126037598, -0.4488794207572937, -0.16880597174167633, 0.4737675189971924, 0.8643200397491455),
            ["LeftUpperArm"] = CFrame.new(0.004078805446624756, -0.034891486167907715, 0.06474427878856659, 0.8536083102226257, 0.2795144021511078, -0.4395729601383209, -0.42995402216911316, 0.854466438293457, -0.2915934920310974, 0.2940959632396698, 0.43790268898010254, 0.8495581150054932),
            ["RightLowerArm"] = CFrame.new(3.5762786865234375e-07, 6.556510925292969e-07, -0.000004112720489501953, 1, -0.000010535120964050293, 0.00001643598261580337, 0.000018998980522155762, 0.3376131057739258, -0.9412850737571716, 0.000004380941390991211, 0.9412850737571716, 0.3376130759716034),
            ["LeftHand"] = CFrame.new(-0.0000012814998626708984, -0.0000010132789611816406, 5.066394805908203e-07, 0.8173020482063293, -0.03900332748889923, -0.5748874545097351, -0.019140763208270073, 0.9953181147575378, -0.09473945945501328, 0.5758914947509766, 0.08843456953763962, 0.8127292394638062),
            ["RightUpperLeg"] = CFrame.new(-2.9802322387695312e-08, -1.4901161193847656e-08, -9.110226528719068e-08, 0.9230937957763672, -0.35016876459121704, 0.1589963287115097, 0.33559471368789673, 0.5315519571304321, -0.7777075171470642, 0.18781405687332153, 0.7712551951408386, 0.6081869006156921),
            ["LeftUpperLeg"] = CFrame.new(-2.9802322387695312e-08, -2.60770320892334e-08, -1.0803341865539551e-07, 0.9541709423065186, 0.206664577126503, 0.2164434939622879, 0.04210130125284195, 0.6233624815940857, -0.7807987928390503, -0.29628613591194153, 0.7541279792785645, 0.5860934853553772),
            ["RightLowerLeg"] = CFrame.new(1.862645149230957e-08, -0.000726163387298584, 0.00004610588803188875, 1, -1.825393383114715e-07, -9.685758328714655e-08, 1.4528633585086936e-07, 0.4287877678871155, 0.9034052491188049, -3.725290653733282e-08, -0.9034052491188049, 0.42878782749176025),
            ["RightFoot"] = CFrame.new(2.8172507882118225e-08, -1.1920928955078125e-07, 2.4047039914876223e-08, 0.9604635238647461, 0.23334923386573792, 0.15184864401817322, -0.18976761400699615, 0.9478091597557068, -0.2562151551246643, -0.2037113904953003, 0.2172691375017166, 0.9546182155609131),
            ["LeftLowerLeg"] = CFrame.new(7.450580596923828e-09, -0.0007265210151672363, 0.00008100271224975586, 1, 7.450583261459087e-09, 6.519257311765614e-08, -5.960465188081798e-08, 0.5485265851020813, 0.8361332416534424, -1.4901162970204496e-08, -0.8361331820487976, 0.548526406288147),
        }},
        {Time = 0.100, Data = {
            ["LeftFoot"] = CFrame.new(7.35744833946228e-08, -5.960464477539063e-08, -3.725290298461914e-09, 0.9973207116127014, -0.0704033151268959, 0.019871776923537254, 0.07200270146131516, 0.992717981338501, -0.0965747982263565, -0.012927932664752007, 0.09774693846702576, 0.9951274394989014),
            ["LeftLowerArm"] = CFrame.new(0.0000012218952178955078, -4.76837158203125e-07, 0.000004708766937255859, 1, -1.862645326866641e-08, -8.195639367158947e-08, -5.587936158235607e-08, -0.3463687002658844, -0.9380984902381897, 1.4901162970204496e-08, 0.9380985498428345, -0.3463687300682068),
            ["LowerTorso"] = CFrame.new(-0.03591565415263176, -0.26690173149108887, 0.27575093507766724, 0.9958869218826294, 0.07746972143650055, 0.046986132860183716, -0.083030566573143, 0.9878935217857361, 0.13104356825351715, -0.03626538813114166, -0.13440586626529694, 0.9902625679969788),
            ["Head"] = CFrame.new(1.1175870895385742e-08, -5.960464477539062e-07, 1.3317912817001343e-07, 0.9911286234855652, 0.0771690234541893, 0.10820852220058441, -0.08698917925357819, 0.9922099709510803, 0.08917544782161713, -0.10048407316207886, -0.0977974683046341, 0.9901205897331238),
            ["RightUpperArm"] = CFrame.new(-0.06182980537414551, 0.006923556327819824, 0.05778665095567703, 0.672608494758606, -0.6639924049377441, 0.3266673982143402, 0.6912714838981628, 0.7213236689567566, 0.042852066457271576, -0.26408651471138, 0.19699326157569885, 0.94416743516922),
            ["UpperTorso"] = CFrame.new(2.514570951461792e-08, -2.9802322387695312e-08, -6.560003384947777e-08, 0.9988570809364319, 0.022044911980628967, 0.042409613728523254, -0.03825270012021065, 0.9006974697113037, 0.43275970220565796, -0.0286580678075552, -0.43388715386390686, 0.9005113244056702),
            ["HumanoidRootPart"] = CFrame.new(0, 0, 0, 1, 0, 0, 0, 1, 0, 0, 0, 1),
            ["RightHand"] = CFrame.new(0, 0.0000010132789611816406, -8.940696716308594e-07, 0.9953022003173828, -0.00031471249531023204, 0.09681624174118042, 0.041731491684913635, 0.9037248492240906, -0.42607495188713074, -0.08736118674278259, 0.4281136989593506, 0.8994925022125244),
            ["LeftUpperArm"] = CFrame.new(-0.005682051181793213, -0.052289366722106934, 0.05671324580907822, 0.8758189678192139, 0.23209476470947266, -0.4231701195240021, -0.3969753086566925, 0.8450881838798523, -0.3581015169620514, 0.2745027244091034, 0.48162025213241577, 0.8322802782058716),
            ["RightLowerArm"] = CFrame.new(3.5762786865234375e-07, 6.556510925292969e-07, -0.0000035762786865234375, 1, -0.000010371208190917969, 0.00001648068609938491, 0.000019013879864360206, 0.32902538776397705, -0.9443211555480957, 0.000004291533969080774, 0.9443211555480957, 0.32902538776397705),
            ["LeftHand"] = CFrame.new(-0.0000012814998626708984, -0.0000011920928955078125, 3.129243850708008e-07, 0.810692310333252, -0.027153154835104942, -0.5848420262336731, -0.015889793634414673, 0.9975356459617615, -0.06833971291780472, 0.5852568745613098, 0.0646955817937851, 0.8082633018493652),
            ["RightUpperLeg"] = CFrame.new(8.940696716308594e-08, -1.2665987014770508e-07, -1.0227813618257642e-07, 0.9269765019416809, -0.34513360261917114, 0.1469602733850479, 0.3297174274921417, 0.5628224015235901, -0.7579694986343384, 0.17888814210891724, 0.751075029373169, 0.6355194449424744),
            ["LeftUpperLeg"] = CFrame.new(0, -1.862645149230957e-08, -9.313225746154785e-08, 0.9488117694854736, 0.2078927755355835, 0.2377748191356659, 0.04371536150574684, 0.6591426134109497, -0.7507464289665222, -0.3128022253513336, 0.7227113246917725, 0.6163139343261719),
            ["RightLowerLeg"] = CFrame.new(-1.6763806343078613e-08, -0.0007264018058776855, 0.000046068635128904134, 1, -1.2107196312172164e-07, -1.266598843585598e-07, 1.043081283569336e-07, 0.49781534075737, 0.8672828674316406, -2.2351741790771484e-08, -0.8672831058502197, 0.49781563878059387),
            ["RightFoot"] = CFrame.new(1.8137507140636444e-07, 0, 1.6596459317952394e-08, 0.9605677723884583, 0.2156919687986374, 0.17546142637729645, -0.18662294745445251, 0.9679281711578369, -0.1681874692440033, -0.20611074566841125, 0.1288103461265564, 0.9700135588645935),
            ["LeftLowerLeg"] = CFrame.new(-6.705522537231445e-08, -0.0007264614105224609, 0.00008092820644378662, 1, 1.8905851106865157e-07, 9.778889165090732e-08, -2.495944215752388e-07, 0.593284010887146, 0.804993212223053, 1.2293456563838845e-07, -0.804993212223053, 0.5932840704917908),
        }},
        {Time = 0.133, Data = {
            ["LeftFoot"] = CFrame.new(-3.91155481338501e-08, 5.960464477539063e-08, 4.470348358154297e-08, 0.9976988434791565, -0.06245449557900429, 0.026389600709080696, 0.064861960709095, 0.9925410747528076, -0.1032247468829155, -0.019745975732803345, 0.10469884425401688, 0.9943079352378845),
            ["LeftLowerArm"] = CFrame.new(0.0000014007091522216797, -3.5762786865234375e-07, 0.00000476837158203125, 1, 7.450581485102248e-09, -6.705523247774181e-08, -7.264317503086204e-08, -0.3184853494167328, -0.9479277729988098, 7.450582373280668e-09, 0.9479277729988098, -0.31848540902137756),
            ["LowerTorso"] = CFrame.new(-0.05882715806365013, -0.2384113073348999, 0.26678788661956787, 0.9973464012145996, 0.0681220069527626, 0.0256819985806942, -0.07032932341098785, 0.992691695690155, 0.09806741029024124, -0.018813755363225937, -0.09961338341236115, 0.994848370552063),
            ["Head"] = CFrame.new(-1.0244548320770264e-08, -8.344650268554688e-07, 1.6670674085617065e-07, 0.9939112067222595, 0.07810015976428986, 0.07772275060415268, -0.08626045286655426, 0.9904164671897888, 0.10786318778991699, -0.06855379045009613, -0.11391068994998932, 0.9911229610443115),
            ["RightUpperArm"] = CFrame.new(-0.07176965475082397, 0.026930928230285645, 0.06996815651655197, 0.6520735621452332, -0.6712705492973328, 0.3524136245250702, 0.7250271439552307, 0.6880230903625488, -0.03099045529961586, -0.22166560590267181, 0.2757174074649811, 0.9353311061859131),
            ["UpperTorso"] = CFrame.new(-3.213062882423401e-08, -8.940696716308594e-08, -4.156026989221573e-08, 0.9972185492515564, 0.07406534254550934, 0.008344203233718872, -0.06897196918725967, 0.8745676875114441, 0.4799731373786926, 0.0282517671585083, -0.4792135953903198, 0.8772435188293457),
            ["HumanoidRootPart"] = CFrame.new(0, 0, 0, 1, 0, 0, 0, 1, 0, 0, 0, 1),
            ["RightHand"] = CFrame.new(3.5762786865234375e-07, 8.940696716308594e-07, -7.152557373046875e-07, 0.9968801736831665, 0.06763739883899689, -0.04068315774202347, -0.07797496765851974, 0.9238573312759399, -0.374709814786911, 0.012241015210747719, 0.3767133057117462, 0.9262491464614868),
            ["LeftUpperArm"] = CFrame.new(-0.01418304443359375, -0.06706368923187256, 0.0678827315568924, 0.8683624863624573, 0.23400643467903137, -0.4372498691082001, -0.41058170795440674, 0.833733081817627, -0.3692047595977783, 0.27815327048301697, 0.5001300573348999, 0.8200612664222717),
            ["RightLowerArm"] = CFrame.new(6.258487701416016e-07, 0.0000010132789611816406, -0.000003516674041748047, 1, -0.000010043381735158619, 0.000016704207155271433, 0.00001905113458633423, 0.31095877289772034, -0.950423538684845, 0.00000432133674621582, 0.9504234194755554, 0.31095871329307556),
            ["LeftHand"] = CFrame.new(-0.000001430511474609375, -0.0000012516975402832031, 7.450580596923828e-08, 0.8013383150100708, 0.01930534839630127, -0.5978994965553284, -0.07172554731369019, 0.995369553565979, -0.06399145722389221, 0.5938960313796997, 0.09416346997022629, 0.7990127801895142),
            ["RightUpperLeg"] = CFrame.new(0, -8.568167686462402e-08, -5.850597517564893e-08, 0.9302355647087097, -0.3431655168533325, 0.1299968659877777, 0.328483909368515, 0.6207749843597412, -0.7118545770645142, 0.1635850965976715, 0.7048942446708679, 0.6901912689208984),
            ["LeftUpperLeg"] = CFrame.new(-1.1920928955078125e-07, -4.6566128730773926e-08, -2.514570951461792e-08, 0.9458682537078857, 0.20716330409049988, 0.24983341991901398, 0.030440934002399445, 0.7097597122192383, -0.7037860751152039, -0.32312020659446716, 0.673293948173523, 0.665032684803009),
            ["RightLowerLeg"] = CFrame.new(6.705522537231445e-08, -0.0007265806198120117, 0.00004601648106472567, 1, -1.2479726763103827e-07, -7.823111758398227e-08, 1.639127589214695e-07, 0.5697560906410217, 0.821813702583313, -4.470347647611561e-08, -0.8218139410018921, 0.5697562098503113),
            ["RightFoot"] = CFrame.new(1.448206603527069e-07, -1.1920928955078125e-07, 1.6596459317952394e-08, 0.9566819667816162, 0.21248796582221985, 0.19901861250400543, -0.1972709447145462, 0.9758674502372742, -0.09363262355327606, -0.21411164104938507, 0.0503159835934639, 0.9755125045776367),
            ["LeftLowerLeg"] = CFrame.new(0, -0.0007265210151672363, 0.00008101761341094971, 1, 1.8559515524430026e-07, 1.0989606380462646e-07, -1.8998980522155762e-07, 0.6246607899665833, 0.7808963060379028, 7.078051567077637e-08, -0.7808962464332581, 0.6246607899665833),
        }},
        {Time = 0.167, Data = {
            ["LeftFoot"] = CFrame.new(-1.3131648302078247e-07, -1.1920928955078125e-07, -1.862645149230957e-08, 0.9985822439193726, -0.05040035769343376, 0.017129918560385704, 0.05232555419206619, 0.9884979724884033, -0.1418936550617218, -0.009781488217413425, 0.1425890475511551, 0.9897337555885315),
            ["LeftLowerArm"] = CFrame.new(0.0000012814998626708984, -7.152557373046875e-07, 0.000004708766937255859, 1, 3.5390257835388184e-08, -3.725290653733282e-08, -6.70552182668871e-08, -0.30605199933052063, -0.9520148634910583, -7.450579886381092e-08, 0.9520148634910583, -0.3060520589351654),
            ["LowerTorso"] = CFrame.new(-0.09031638503074646, -0.21474027633666992, 0.24011115729808807, 0.9981883764266968, 0.06008310988545418, 0.0031634315382689238, -0.06016043201088905, 0.9959742426872253, 0.06645412743091583, 0.0008420746889896691, -0.06652404367923737, 0.9977845549583435),
            ["Head"] = CFrame.new(7.450580596923828e-09, -8.344650268554688e-07, -3.0349474400281906e-07, 0.9954355955123901, 0.07562810182571411, 0.058208905160427094, -0.0823143795132637, 0.9890287518501282, 0.12266436219215393, -0.048293400555849075, -0.12689606845378876, 0.9907397627830505),
            ["RightUpperArm"] = CFrame.new(-0.08074086904525757, 0.042490243911743164, 0.08869355916976929, 0.6570848226547241, -0.6599619388580322, 0.3642658293247223, 0.7339731454849243, 0.6702762842178345, -0.10960596799850464, -0.17182305455207825, 0.339381605386734, 0.9248227477073669),
            ["UpperTorso"] = CFrame.new(-5.413312464952469e-09, -2.086162567138672e-07, -1.7040292732417583e-08, 0.9925136566162109, 0.1157197430729866, -0.039059169590473175, -0.07882661372423172, 0.8512182831764221, 0.5188583135604858, 0.09328992664813995, -0.5118950009346008, 0.8539674878120422),
            ["HumanoidRootPart"] = CFrame.new(0, 0, 0, 1, 0, 0, 0, 1, 0, 0, 0, 1),
            ["RightHand"] = CFrame.new(5.960464477539063e-08, 0.0000011920928955078125, -0.0000011622905731201172, 0.9735056161880493, 0.1437011957168579, -0.17786701023578644, -0.19031058251857758, 0.9403938055038452, -0.28185349702835083, 0.12676244974136353, 0.3082359731197357, 0.9428265690803528),
            ["LeftUpperArm"] = CFrame.new(-0.02147156000137329, -0.08021938800811768, 0.08526577800512314, 0.8494061827659607, 0.26773741841316223, -0.45478078722953796, -0.4447876214981079, 0.8269899487495422, -0.343877911567688, 0.2840302884578705, 0.49437272548675537, 0.8215367197990417),
            ["RightLowerArm"] = CFrame.new(5.960464477539062e-07, 2.384185791015625e-07, -0.000003844499588012695, 1, -0.000009343029887531884, 0.000017106536688515916, 0.000018954278857563622, 0.2706570625305176, -0.9626758694648743, 0.000004321337200963171, 0.962675929069519, 0.2706570327281952),
            ["LeftHand"] = CFrame.new(-0.000001430511474609375, -0.0000013113021850585938, 3.2782554626464844e-07, 0.7874827980995178, 0.05619845539331436, -0.6137686371803284, -0.1276617795228958, 0.9891108274459839, -0.073227658867836, 0.6029704809188843, 0.13602037727832794, 0.7860825657844543),
            ["RightUpperLeg"] = CFrame.new(8.940696716308594e-08, -2.2910535335540771e-07, -3.964669303968549e-08, 0.9304242134094238, -0.3463585078716278, 0.11977794021368027, 0.3360197842121124, 0.6757692098617554, -0.6560690402984619, 0.14629285037517548, 0.6506702303886414, 0.7451353669166565),
            ["LeftUpperLeg"] = CFrame.new(2.9802322387695312e-08, -1.3969838619232178e-07, -4.1676685214042664e-08, 0.9372113347053528, 0.20917300879955292, 0.2790728807449341, 0.023495368659496307, 0.7604959607124329, -0.648917555809021, -0.347969651222229, 0.6147297620773315, 0.7078306674957275),
            ["RightLowerLeg"] = CFrame.new(-8.940696716308594e-08, -0.0007264018058776855, 0.000046050008677411824, 1, 6.519259443393821e-08, -2.980232594040899e-08, -4.4703462265260896e-08, 0.6324805617332458, 0.7745760083198547, 8.940692453052179e-08, -0.7745763063430786, 0.632480800151825),
            ["RightFoot"] = CFrame.new(1.9837170839309692e-07, 5.960464477539063e-08, -2.029992174357176e-09, 0.9512470960617065, 0.21652446687221527, 0.2196497768163681, -0.21235643327236176, 0.9762586951255798, -0.042707350105047226, -0.2236824929714203, -0.006018712185323238, 0.9746435284614563),
            ["LeftLowerLeg"] = CFrame.new(1.7881393432617188e-07, -0.0007265210151672363, 0.00008100271224975586, 1, 6.146727571376687e-08, 1.7695128917694092e-08, -8.940693874137651e-08, 0.6456384062767029, 0.7636431455612183, 0, -0.7636432647705078, 0.645638644695282),
        }},
        {Time = 0.200, Data = {
            ["LeftFoot"] = CFrame.new(3.725290298461914e-09, -5.960464477539063e-08, 2.9802322387695312e-08, 0.9985687732696533, -0.05055934190750122, 0.017438743263483047, 0.052933286875486374, 0.9809038043022156, -0.18715180456638336, -0.0076434426009655, 0.18780718743801117, 0.9821761846542358),
            ["LeftLowerArm"] = CFrame.new(0.0000011920928955078125, -5.960464477539063e-08, 0.0000050067901611328125, 1, -2.468005178002386e-08, -4.4703494239684005e-08, -5.2154071283894154e-08, -0.3028826415538788, -0.9530279636383057, -5.2154071283894154e-08, 0.9530279636383057, -0.30288267135620117),
            ["LowerTorso"] = CFrame.new(-0.11297472566366196, -0.19869208335876465, 0.20384342968463898, 0.998435378074646, 0.05251336097717285, -0.019217556342482567, -0.051782894879579544, 0.9979832768440247, 0.03671576455235481, 0.021106867119669914, -0.035663165152072906, 0.9991410374641418),
            ["Head"] = CFrame.new(4.470348358154297e-08, -9.5367431640625e-07, 6.51925802230835e-08, 0.9958427548408508, 0.07683700323104858, 0.0489213690161705, -0.08298572897911072, 0.9867455959320068, 0.13945059478282928, -0.0375579372048378, -0.14293090999126434, 0.9890199303627014),
            ["RightUpperArm"] = CFrame.new(-0.08646869659423828, 0.04965090751647949, 0.09896519035100937, 0.6808574795722961, -0.6286771297454834, 0.37576359510421753, 0.7157761454582214, 0.6798831820487976, -0.15944771468639374, -0.15523430705070496, 0.37752366065979004, 0.9128955006599426),
            ["UpperTorso"] = CFrame.new(3.259629011154175e-09, 4.76837158203125e-07, -6.984919309616089e-09, 0.9851949214935303, 0.14035636186599731, -0.09844370931386948, -0.06474002450704575, 0.8362927436828613, 0.544447660446167, 0.15874440968036652, -0.5300136804580688, 0.8329979777336121),
            ["HumanoidRootPart"] = CFrame.new(0, 0, 0, 1, 0, 0, 0, 1, 0, 0, 0, 1),
            ["RightHand"] = CFrame.new(-2.682209014892578e-07, 8.344650268554688e-07, -8.344650268554688e-07, 0.9734453558921814, 0.17378994822502136, -0.14900068938732147, -0.20422835648059845, 0.9533493518829346, -0.22229662537574768, 0.10341700166463852, 0.24682387709617615, 0.9635263681411743),
            ["LeftUpperArm"] = CFrame.new(-0.02626943588256836, -0.08633863925933838, 0.0947548896074295, 0.8407681584358215, 0.3074723184108734, -0.4456116557121277, -0.4612385332584381, 0.8377898335456848, -0.29217708110809326, 0.2834925949573517, 0.45118629932403564, 0.8462050557136536),
            ["RightLowerArm"] = CFrame.new(4.470348358154297e-07, 8.344650268554688e-07, -0.000003516674041748047, 1, -0.000008448958396911621, 0.000017493966879555956, 0.000018961729438160546, 0.22092819213867188, -0.9752901196479797, 0.000004380941845738562, 0.975290060043335, 0.22092823684215546),
            ["LeftHand"] = CFrame.new(-0.000001430511474609375, -0.0000011920928955078125, 2.8312206268310547e-07, 0.7717583179473877, 0.07401549071073532, -0.6315934658050537, -0.1655358076095581, 0.982345461845398, -0.08715228736400604, 0.6139927506446838, 0.17181190848350525, 0.7703857421875),
            ["RightUpperLeg"] = CFrame.new(1.1920928955078125e-07, 2.337619662284851e-07, -2.4047039914876223e-08, 0.9311397075653076, -0.34655752778053284, 0.11347603797912598, 0.34185346961021423, 0.7212317585945129, -0.6024625301361084, 0.1269454061985016, 0.5997687578201294, 0.7900393605232239),
            ["LeftUpperLeg"] = CFrame.new(-1.1920928955078125e-07, 4.1956081986427307e-07, -1.0244548320770264e-08, 0.9328082799911499, 0.21046854555606842, 0.29252657294273376, 0.005930711515247822, 0.8026568293571472, -0.5964117050170898, -0.36032432317733765, 0.558072566986084, 0.7474766969680786),
            ["RightLowerLeg"] = CFrame.new(-1.1175870895385742e-08, -0.0007266402244567871, 0.00004588982119457796, 1, 2.421439226907296e-08, -5.5879368687783426e-08, -2.2351738238057806e-08, 0.6744427680969238, 0.7383268475532532, 6.70552182668871e-08, -0.7383272051811218, 0.674443244934082),
            ["RightFoot"] = CFrame.new(1.1874362826347351e-07, -1.1920928955078125e-07, -1.3205863069742918e-08, 0.9464433193206787, 0.22071132063865662, 0.23565135896205902, -0.22292490303516388, 0.974677562713623, -0.01755332574248314, -0.2335582822561264, -0.035919129848480225, 0.9716790914535522),
            ["LeftLowerLeg"] = CFrame.new(4.470348358154297e-08, -0.0007266998291015625, 0.00008088350296020508, 1, 1.1362133989223366e-07, 2.8870992707652476e-08, -1.3038514623531228e-07, 0.6558109521865845, 0.7549249529838562, 2.607702853651972e-08, -0.7549251914024353, 0.6558111310005188),
        }},
        {Time = 0.233, Data = {
            ["LeftFoot"] = CFrame.new(-1.043081283569336e-07, -2.384185791015625e-07, 2.421438694000244e-08, 0.9982194304466248, -0.05640864372253418, 0.01939147338271141, 0.059404753148555756, 0.9695057272911072, -0.23775964975357056, -0.005388486664742231, 0.23848867416381836, 0.9711304306983948),
            ["LeftLowerArm"] = CFrame.new(0.0000016689300537109375, -1.1920928955078125e-07, 0.000004947185516357422, 1, 3.3527612686157227e-08, -1.0430814256778831e-07, -9.126963362859897e-08, -0.28680580854415894, -0.9579887986183167, 2.980232949312267e-08, 0.9579887390136719, -0.2868058383464813),
            ["LowerTorso"] = CFrame.new(-0.128827765583992, -0.19304633140563965, 0.16613611578941345, 0.9980320930480957, 0.04836902767419815, -0.039904385805130005, -0.04802876338362694, 0.9988013505935669, 0.00944249052554369, 0.040313269942998886, -0.007507350295782089, 0.9991589784622192),
            ["Head"] = CFrame.new(0, -7.152557373046875e-07, -1.862645149230957e-08, 0.9953035712242126, 0.08479683101177216, 0.046694107353687286, -0.0911664068698883, 0.9832871556282043, 0.15759149193763733, -0.032550521194934845, -0.16110831499099731, 0.9863998889923096),
            ["RightUpperArm"] = CFrame.new(-0.08688783645629883, 0.04594290256500244, 0.10602036118507385, 0.6981253027915955, -0.6043170690536499, 0.3839552700519562, 0.6940675377845764, 0.7028650045394897, -0.15572841465473175, -0.1757594496011734, 0.37520888447761536, 0.9101247191429138),
            ["UpperTorso"] = CFrame.new(-6.05359673500061e-09, 4.470348358154297e-07, -2.3748725652694702e-08, 0.9756410717964172, 0.14288465678691864, -0.16645875573158264, -0.026821598410606384, 0.8307952880859375, 0.5559315085411072, 0.21772727370262146, -0.5379248857498169, 0.8143904209136963),
            ["HumanoidRootPart"] = CFrame.new(0, 0, 0, 1, 0, 0, 0, 1, 0, 0, 0, 1),
            ["RightHand"] = CFrame.new(2.384185791015625e-07, 0.0000011920928955078125, -5.960464477539062e-07, 0.9888696074485779, 0.137075737118721, -0.057855069637298584, -0.1463884860277176, 0.9658834934234619, -0.2136341631412506, 0.026597173884510994, 0.21972563862800598, 0.9751991033554077),
            ["LeftUpperArm"] = CFrame.new(-0.02731919288635254, -0.08116734027862549, 0.10143490135669708, 0.8177387714385986, 0.35545170307159424, -0.4527220129966736, -0.4919419288635254, 0.8399431705474854, -0.2291043996810913, 0.29882529377937317, 0.41006049513816833, 0.8617156744003296),
            ["RightLowerArm"] = CFrame.new(5.960464477539062e-07, 4.76837158203125e-07, -0.0000039637088775634766, 1, -0.0000074654826676123776, 0.00001797080403775908, 0.00001896918001875747, 0.1657162755727768, -0.9861735105514526, 0.0000043511395233508665, 0.9861735105514526, 0.16571633517742157),
            ["LeftHand"] = CFrame.new(-0.0000013113021850585938, -9.5367431640625e-07, 2.980232238769531e-07, 0.7644662261009216, 0.09995508939027786, -0.6368672847747803, -0.19574275612831116, 0.9772559404373169, -0.08158207684755325, 0.6142281889915466, 0.18702895939350128, 0.7666449546813965),
            ["RightUpperLeg"] = CFrame.new(0, 2.2165477275848389e-07, -2.2184394765645266e-08, 0.9305782318115234, -0.34682878851890564, 0.11719228327274323, 0.35039496421813965, 0.7510703206062317, -0.5595683455467224, 0.10605472326278687, 0.5617856383323669, 0.8204567432403564),
            ["LeftUpperLeg"] = CFrame.new(8.940696716308594e-08, -6.938353180885315e-08, -1.862645149230957e-09, 0.9305440783500671, 0.21102432906627655, 0.29925990104675293, -0.012592216953635216, 0.8352059125900269, -0.5497934818267822, -0.365963339805603, 0.5078384280204773, 0.7798530459403992),
            ["RightLowerLeg"] = CFrame.new(1.2293457984924316e-07, -0.0007262229919433594, 0.0000460425580968149, 1, -1.8626462150450607e-08, -7.450583439094771e-08, 1.0430816388407038e-07, 0.6903706192970276, 0.7234557867050171, 4.097820749393577e-08, -0.7234559059143066, 0.6903706789016724),
            ["RightFoot"] = CFrame.new(2.421438694000244e-07, -5.960464477539063e-08, 1.287116901949048e-08, 0.9421325325965881, 0.22800004482269287, 0.24576923251152039, -0.23033402860164642, 0.9729140996932983, -0.019609026610851288, -0.24358318746089935, -0.038134753704071045, 0.9691299796104431),
            ["LeftLowerLeg"] = CFrame.new(4.470348358154297e-08, -0.0007264614105224609, 0.00008101761341094971, 1, -2.2351738238057806e-08, -3.5390257835388184e-08, 0, 0.6553933024406433, 0.7552876472473145, -1.862645326866641e-08, -0.7552877068519592, 0.6553935408592224),
        }},
        {Time = 0.267, Data = {
            ["LeftFoot"] = CFrame.new(-1.3969838619232178e-08, -1.7881393432617188e-07, 9.313225746154785e-09, 0.9977126121520996, -0.06197720766067505, 0.026990560814738274, 0.06724956631660461, 0.9505650997161865, -0.3031558692455292, -0.0068675377406179905, 0.304277628660202, 0.9525587558746338),
            ["LeftLowerArm"] = CFrame.new(0.0000015497207641601562, -4.172325134277344e-07, 0.000004649162292480469, 1, 3.72529100900465e-08, -6.705523247774181e-08, -6.23986053938097e-08, -0.24563080072402954, -0.9693635106086731, 2.9802318834981634e-08, 0.9693635106086731, -0.24563080072402954),
            ["LowerTorso"] = CFrame.new(-0.14609429240226746, -0.20914959907531738, 0.13512730598449707, 0.9974654316902161, 0.041612397879362106, -0.057717420160770416, -0.04254358261823654, 0.9989820718765259, -0.014999084174633026, 0.05703451484441757, 0.017416568472981453, 0.9982203245162964),
            ["Head"] = CFrame.new(0, -9.5367431640625e-07, -9.685754776000977e-08, 0.9939245581626892, 0.09779354929924011, 0.050501372665166855, -0.10532427579164505, 0.9782882928848267, 0.17849071323871613, -0.031949661672115326, -0.18272557854652405, 0.98264479637146),
            ["RightUpperArm"] = CFrame.new(-0.08401334285736084, 0.03914785385131836, 0.11663585901260376, 0.7030435800552368, -0.6063860058784485, 0.37151825428009033, 0.6777924299240112, 0.7294771075248718, -0.0919819250702858, -0.21523766219615936, 0.31647932529449463, 0.9238579869270325),
            ["UpperTorso"] = CFrame.new(-2.0489096641540527e-08, -8.940696716308594e-08, -1.4435499906539917e-08, 0.962903618812561, 0.1301167905330658, -0.23640307784080505, 0.02281038649380207, 0.8336837291717529, 0.5517711639404297, 0.26888006925582886, -0.5366945862770081, 0.7997888326644897),
            ["HumanoidRootPart"] = CFrame.new(0, 0, 0, 1, 0, 0, 0, 1, 0, 0, 0, 1),
            ["RightHand"] = CFrame.new(2.9802322387695312e-08, 0.0000011920928955078125, -0.0000010132789611816406, 0.9975227117538452, 0.054825447499752045, 0.04407607764005661, -0.04611903801560402, 0.9828136563301086, -0.1787468045949936, -0.05311848595738411, 0.1762712150812149, 0.9829073548316956),
            ["LeftUpperArm"] = CFrame.new(-0.025722742080688477, -0.0677117109298706, 0.11121796071529388, 0.7840559482574463, 0.3896694779396057, -0.48312944173812866, -0.5175665616989136, 0.8400978446006775, -0.16235961019992828, 0.34260937571525574, 0.3773503601551056, 0.8603635430335999),
            ["RightLowerArm"] = CFrame.new(2.682209014892578e-07, 2.980232238769531e-07, -0.0000036731362342834473, 1, -0.0000052712853175762575, 0.000018715858459472656, 0.00001900643292174209, 0.047697097063064575, -0.9988619089126587, 0.000004373491265141638, 0.9988618493080139, 0.04769711568951607),
            ["LeftHand"] = CFrame.new(-0.0000012814998626708984, -0.0000011920928955078125, 5.513429641723633e-07, 0.7661693096160889, 0.12591911852359772, -0.6301812529563904, -0.20412226021289825, 0.9775179624557495, -0.052847959101200104, 0.6093592047691345, 0.16912446916103363, 0.7746475338935852),
            ["RightUpperLeg"] = CFrame.new(0, -9.080395102500916e-08, -3.894820110872388e-08, 0.928591787815094, -0.34641364216804504, 0.13309767842292786, 0.3615718185901642, 0.7637879252433777, -0.5346909165382385, 0.08356577903032303, 0.5446335673332214, 0.8345003128051758),
