return {
    ["earthquake"] = {
        {Time = 0.000, Data = {
            ["RightFoot"] = CFrame.new(-7.916241884231567e-09, 2.980232238769531e-07, -2.8107024263590574e-08, 0.9956386089324951, -0.004774147178977728, -0.09317320585250854, -0.02287348546087742, 0.9557199478149414, -0.2933865487575531, 0.09044622629880905, 0.29423898458480835, 0.9514426589012146),
            ["LeftLowerArm"] = CFrame.new(4.172325134277344e-07, 4.172325134277344e-07, -1.1548399925231934e-07, 0.9999998807907104, -0.00015676020120736212, -0.0006234792526811361, -0.0006436926778405905, -0.2603502571582794, -0.965514063835144, -0.000010788437066366896, 0.9655141830444336, -0.2603500187397003),
            ["RightUpperArm"] = CFrame.new(1.1920928955078125e-07, 0.00390625, 4.470348358154297e-08, 0.643495500087738, -0.19639261066913605, -0.7398275136947632, 0.20566779375076294, 0.9753440618515015, -0.08002233505249023, 0.7373020052909851, -0.10066692531108856, 0.6680207848548889),
            ["Head"] = CFrame.new(3.725290298461914e-08, 0.0039058923721313477, -2.9802322387695312e-08, 0.9552551507949829, 0.2951466739177704, -0.01939263381063938, -0.22245103120803833, 0.7600886821746826, 0.6105581521987915, 0.1949441134929657, -0.5789247155189514, 0.791733980178833),
            ["LowerTorso"] = CFrame.new(0.007404685020446777, -0.06083202362060547, -0.005390763282775879, 0.9441901445388794, -0.12715645134449005, -0.3038701117038727, 0.07387688755989075, 0.9807336926460266, -0.18084056675434113, 0.3210097551345825, 0.14829900860786438, 0.9353928565979004),
            ["UpperTorso"] = CFrame.new(1.1175870895385742e-08, -0.0039060115814208984, -6.05359673500061e-08, 0.9981993436813354, 0.05640605837106705, -0.02041102573275566, -0.05828382447361946, 0.9924745559692383, -0.10769089311361313, 0.014184119179844856, 0.10868602246046066, 0.9939749836921692),
            ["HumanoidRootPart"] = CFrame.new(0, 0, 0, 1, 0, 0, 0, 1, 0, 0, 0, 1),
            ["RightUpperLeg"] = CFrame.new(0, 1.6205012798309326e-07, -7.620110409334302e-08, 0.9586910009384155, 0.06480546295642853, -0.27696722745895386, 0.00719809764996171, 0.9678640961647034, 0.2513698637485504, 0.2843586802482605, -0.2429802417755127, 0.9274170994758606),
            ["LeftUpperArm"] = CFrame.new(-1.1920928955078125e-07, 0.0039061307907104492, -1.6391277313232422e-07, 0.6667624115943909, 0.1262183040380478, 0.7345048189163208, 0.08142107725143433, 0.9673186540603638, -0.24013647437095642, -0.740809440612793, 0.2199171781539917, 0.6346944570541382),
            ["RightLowerArm"] = CFrame.new(-0.0004999637603759766, 0.0000997781753540039, 1.4901161193847656e-07, 0.9999998807907104, 0.0003811193164438009, 0.0005169546348042786, 0.0006446210318244994, -0.6075065732002258, -0.7943140864372253, 0.000010810320418386254, 0.7943145632743835, -0.6075072288513184),
            ["LeftHand"] = CFrame.new(-2.9802322387695312e-08, -5.960464477539063e-08, -1.043081283569336e-07, 0.7429202198982239, 0.4710337519645691, 0.47560086846351624, -0.4586744010448456, 0.8757115602493286, -0.15082280337810516, -0.4875318706035614, -0.10609644651412964, 0.8666351437568665),
            ["LeftFoot"] = CFrame.new(-4.470348358154297e-08, 5.960464477539063e-08, 0, 0.9768874049186707, -0.07442900538444519, 0.20037665963172913, 0.08060742914676666, 0.9964840412139893, -0.022845828905701637, -0.1979733556509018, 0.03846960514783859, 0.9794525504112244),
            ["RightHand"] = CFrame.new(1.434236764907837e-07, -0.0001004934310913086, -2.9802322387695312e-08, 0.5224200487136841, -0.2697479724884033, -0.80889493227005, 0.5444961190223694, 0.835579514503479, 0.07301252335309982, 0.6562021970748901, -0.47858428955078125, 0.5834023952484131),
            ["RightLowerLeg"] = CFrame.new(2.9802322387695312e-08, 3.5762786865234375e-07, 5.012407200410962e-08, 1, -1.1175870895385742e-08, -4.563479549801741e-08, 3.259628300611439e-08, 0.9790809154510498, 0.20347124338150024, 7.043125549444085e-08, -0.20347119867801666, 0.9790809750556946),
            ["LeftUpperLeg"] = CFrame.new(2.9802322387695312e-08, -1.30385160446167e-08, -5.960464477539063e-08, 0.9838420748710632, 0.17891643941402435, -0.006705061998218298, -0.16685153543949127, 0.9026432037353516, -0.39673155546188354, -0.06492681056261063, 0.39143863320350647, 0.9179102182388306),
            ["LeftLowerLeg"] = CFrame.new(-7.450580596923828e-09, 0, -8.940696716308594e-08, 1, 5.960468740795477e-08, 5.2154007335047936e-08, -1.0430811414607888e-07, 0.6199625134468079, 0.7846323847770691, 5.215405707303944e-08, -0.7846313714981079, 0.6199613213539124),
        }},
        {Time = 0.033, Data = {
            ["RightFoot"] = CFrame.new(-7.916241884231567e-09, 2.980232238769531e-07, -2.8107024263590574e-08, 0.9956386089324951, -0.004774147178977728, -0.09317320585250854, -0.02287348546087742, 0.9557199478149414, -0.2933865487575531, 0.09044622629880905, 0.29423898458480835, 0.9514426589012146),
            ["LeftLowerArm"] = CFrame.new(4.172325134277344e-07, 4.172325134277344e-07, -1.1548399925231934e-07, 0.9999998807907104, -0.00015676020120736212, -0.0006234792526811361, -0.0006436926778405905, -0.2603502571582794, -0.965514063835144, -0.000010788437066366896, 0.9655141830444336, -0.2603500187397003),
            ["RightUpperArm"] = CFrame.new(1.1920928955078125e-07, 0.00390625, 4.470348358154297e-08, 0.643495500087738, -0.19639261066913605, -0.7398275136947632, 0.20566779375076294, 0.9753440618515015, -0.08002233505249023, 0.7373020052909851, -0.10066692531108856, 0.6680207848548889),
            ["Head"] = CFrame.new(3.725290298461914e-08, 0.0039058923721313477, -2.9802322387695312e-08, 0.9552551507949829, 0.2951466739177704, -0.01939263381063938, -0.22245103120803833, 0.7600886821746826, 0.6105581521987915, 0.1949441134929657, -0.5789247155189514, 0.791733980178833),
            ["LowerTorso"] = CFrame.new(0.007404685020446777, -0.06083202362060547, -0.005390763282775879, 0.9441901445388794, -0.12715645134449005, -0.3038701117038727, 0.07387688755989075, 0.9807336926460266, -0.18084056675434113, 0.3210097551345825, 0.14829900860786438, 0.9353928565979004),
            ["UpperTorso"] = CFrame.new(1.1175870895385742e-08, -0.0039060115814208984, -6.05359673500061e-08, 0.9981993436813354, 0.05640605837106705, -0.02041102573275566, -0.05828382447361946, 0.9924745559692383, -0.10769089311361313, 0.014184119179844856, 0.10868602246046066, 0.9939749836921692),
            ["HumanoidRootPart"] = CFrame.new(0, 0, 0, 1, 0, 0, 0, 1, 0, 0, 0, 1),
            ["RightUpperLeg"] = CFrame.new(0, 1.6205012798309326e-07, -7.620110409334302e-08, 0.9586910009384155, 0.06480546295642853, -0.27696722745895386, 0.00719809764996171, 0.9678640961647034, 0.2513698637485504, 0.2843586802482605, -0.2429802417755127, 0.9274170994758606),
            ["LeftUpperArm"] = CFrame.new(-1.1920928955078125e-07, 0.0039061307907104492, -1.6391277313232422e-07, 0.6667624115943909, 0.1262183040380478, 0.7345048189163208, 0.08142107725143433, 0.9673186540603638, -0.24013647437095642, -0.740809440612793, 0.2199171781539917, 0.6346944570541382),
            ["RightLowerArm"] = CFrame.new(-0.0004999637603759766, 0.0000997781753540039, 1.4901161193847656e-07, 0.9999998807907104, 0.0003811193164438009, 0.0005169546348042786, 0.0006446210318244994, -0.6075065732002258, -0.7943140864372253, 0.000010810320418386254, 0.7943145632743835, -0.6075072288513184),
            ["LeftHand"] = CFrame.new(-2.9802322387695312e-08, -5.960464477539063e-08, -1.043081283569336e-07, 0.7429202198982239, 0.4710337519645691, 0.47560086846351624, -0.4586744010448456, 0.8757115602493286, -0.15082280337810516, -0.4875318706035614, -0.10609644651412964, 0.8666351437568665),
            ["LeftFoot"] = CFrame.new(-4.470348358154297e-08, 5.960464477539063e-08, 0, 0.9768874049186707, -0.07442900538444519, 0.20037665963172913, 0.08060742914676666, 0.9964840412139893, -0.022845828905701637, -0.1979733556509018, 0.03846960514783859, 0.9794525504112244),
            ["RightHand"] = CFrame.new(1.434236764907837e-07, -0.0001004934310913086, -2.9802322387695312e-08, 0.5224200487136841, -0.2697479724884033, -0.80889493227005, 0.5444961190223694, 0.835579514503479, 0.07301252335309982, 0.6562021970748901, -0.47858428955078125, 0.5834023952484131),
            ["RightLowerLeg"] = CFrame.new(2.9802322387695312e-08, 3.5762786865234375e-07, 5.012407200410962e-08, 1, -1.1175870895385742e-08, -4.563479549801741e-08, 3.259628300611439e-08, 0.9790809154510498, 0.20347124338150024, 7.043125549444085e-08, -0.20347119867801666, 0.9790809750556946),
            ["LeftUpperLeg"] = CFrame.new(2.9802322387695312e-08, -1.30385160446167e-08, -5.960464477539063e-08, 0.9838420748710632, 0.17891643941402435, -0.006705061998218298, -0.16685153543949127, 0.9026432037353516, -0.39673155546188354, -0.06492681056261063, 0.39143863320350647, 0.9179102182388306),
            ["LeftLowerLeg"] = CFrame.new(-7.450580596923828e-09, 0, -8.940696716308594e-08, 1, 5.960468740795477e-08, 5.2154007335047936e-08, -1.0430811414607888e-07, 0.6199625134468079, 0.7846323847770691, 5.215405707303944e-08, -0.7846313714981079, 0.6199613213539124),
        }},
        {Time = 0.067, Data = {
            ["RightFoot"] = CFrame.new(-7.916241884231567e-09, 2.980232238769531e-07, -2.8107024263590574e-08, 0.9956386089324951, -0.004774147178977728, -0.09317320585250854, -0.02287348546087742, 0.9557199478149414, -0.2933865487575531, 0.09044622629880905, 0.29423898458480835, 0.9514426589012146),
            ["LeftLowerArm"] = CFrame.new(4.172325134277344e-07, 4.172325134277344e-07, -1.1548399925231934e-07, 0.9999998807907104, -0.00015676020120736212, -0.0006234792526811361, -0.0006436926778405905, -0.2603502571582794, -0.965514063835144, -0.000010788437066366896, 0.9655141830444336, -0.2603500187397003),
            ["RightUpperArm"] = CFrame.new(1.1920928955078125e-07, 0.00390625, 4.470348358154297e-08, 0.643495500087738, -0.19639261066913605, -0.7398275136947632, 0.20566779375076294, 0.9753440618515015, -0.08002233505249023, 0.7373020052909851, -0.10066692531108856, 0.6680207848548889),
            ["Head"] = CFrame.new(3.725290298461914e-08, 0.0039058923721313477, -2.9802322387695312e-08, 0.9552551507949829, 0.2951466739177704, -0.01939263381063938, -0.22245103120803833, 0.7600886821746826, 0.6105581521987915, 0.1949441134929657, -0.5789247155189514, 0.791733980178833),
            ["LowerTorso"] = CFrame.new(0.007404685020446777, -0.06083202362060547, -0.005390763282775879, 0.9441901445388794, -0.12715645134449005, -0.3038701117038727, 0.07387688755989075, 0.9807336926460266, -0.18084056675434113, 0.3210097551345825, 0.14829900860786438, 0.9353928565979004),
            ["UpperTorso"] = CFrame.new(1.1175870895385742e-08, -0.0039060115814208984, -6.05359673500061e-08, 0.9981993436813354, 0.05640605837106705, -0.02041102573275566, -0.05828382447361946, 0.9924745559692383, -0.10769089311361313, 0.014184119179844856, 0.10868602246046066, 0.9939749836921692),
            ["HumanoidRootPart"] = CFrame.new(0, 0, 0, 1, 0, 0, 0, 1, 0, 0, 0, 1),
            ["RightUpperLeg"] = CFrame.new(0, 1.6205012798309326e-07, -7.620110409334302e-08, 0.9586910009384155, 0.06480546295642853, -0.27696722745895386, 0.00719809764996171, 0.9678640961647034, 0.2513698637485504, 0.2843586802482605, -0.2429802417755127, 0.9274170994758606),
            ["LeftUpperArm"] = CFrame.new(-1.1920928955078125e-07, 0.0039061307907104492, -1.6391277313232422e-07, 0.6667624115943909, 0.1262183040380478, 0.7345048189163208, 0.08142107725143433, 0.9673186540603638, -0.24013647437095642, -0.740809440612793, 0.2199171781539917, 0.6346944570541382),
            ["RightLowerArm"] = CFrame.new(-0.0004999637603759766, 0.0000997781753540039, 1.4901161193847656e-07, 0.9999998807907104, 0.0003811193164438009, 0.0005169546348042786, 0.0006446210318244994, -0.6075065732002258, -0.7943140864372253, 0.000010810320418386254, 0.7943145632743835, -0.6075072288513184),
            ["LeftHand"] = CFrame.new(-2.9802322387695312e-08, -5.960464477539063e-08, -1.043081283569336e-07, 0.7429202198982239, 0.4710337519645691, 0.47560086846351624, -0.4586744010448456, 0.8757115602493286, -0.15082280337810516, -0.4875318706035614, -0.10609644651412964, 0.8666351437568665),
            ["LeftFoot"] = CFrame.new(-4.470348358154297e-08, 5.960464477539063e-08, 0, 0.9768874049186707, -0.07442900538444519, 0.20037665963172913, 0.08060742914676666, 0.9964840412139893, -0.022845828905701637, -0.1979733556509018, 0.03846960514783859, 0.9794525504112244),
            ["RightHand"] = CFrame.new(1.434236764907837e-07, -0.0001004934310913086, -2.9802322387695312e-08, 0.5224200487136841, -0.2697479724884033, -0.80889493227005, 0.5444961190223694, 0.835579514503479, 0.07301252335309982, 0.6562021970748901, -0.47858428955078125, 0.5834023952484131),
            ["RightLowerLeg"] = CFrame.new(2.9802322387695312e-08, 3.5762786865234375e-07, 5.012407200410962e-08, 1, -1.1175870895385742e-08, -4.563479549801741e-08, 3.259628300611439e-08, 0.9790809154510498, 0.20347124338150024, 7.043125549444085e-08, -0.20347119867801666, 0.9790809750556946),
            ["LeftUpperLeg"] = CFrame.new(2.9802322387695312e-08, -1.30385160446167e-08, -5.960464477539063e-08, 0.9838420748710632, 0.17891643941402435, -0.006705061998218298, -0.16685153543949127, 0.9026432037353516, -0.39673155546188354, -0.06492681056261063, 0.39143863320350647, 0.9179102182388306),
            ["LeftLowerLeg"] = CFrame.new(-7.450580596923828e-09, 0, -8.940696716308594e-08, 1, 5.960468740795477e-08, 5.2154007335047936e-08, -1.0430811414607888e-07, 0.6199625134468079, 0.7846323847770691, 5.215405707303944e-08, -0.7846313714981079, 0.6199613213539124),
        }},
        {Time = 0.100, Data = {
            ["RightFoot"] = CFrame.new(-7.916241884231567e-09, 2.980232238769531e-07, -2.8107024263590574e-08, 0.9956386089324951, -0.004774147178977728, -0.09317320585250854, -0.02287348546087742, 0.9557199478149414, -0.2933865487575531, 0.09044622629880905, 0.29423898458480835, 0.9514426589012146),
            ["LeftLowerArm"] = CFrame.new(4.172325134277344e-07, 4.172325134277344e-07, -1.1548399925231934e-07, 0.9999998807907104, -0.00015676020120736212, -0.0006234792526811361, -0.0006436926778405905, -0.2603502571582794, -0.965514063835144, -0.000010788437066366896, 0.9655141830444336, -0.2603500187397003),
            ["RightUpperArm"] = CFrame.new(1.1920928955078125e-07, 0.00390625, 4.470348358154297e-08, 0.643495500087738, -0.19639261066913605, -0.7398275136947632, 0.20566779375076294, 0.9753440618515015, -0.08002233505249023, 0.7373020052909851, -0.10066692531108856, 0.6680207848548889),
            ["Head"] = CFrame.new(3.725290298461914e-08, 0.0039058923721313477, -2.9802322387695312e-08, 0.9552551507949829, 0.2951466739177704, -0.01939263381063938, -0.22245103120803833, 0.7600886821746826, 0.6105581521987915, 0.1949441134929657, -0.5789247155189514, 0.791733980178833),
            ["LowerTorso"] = CFrame.new(0.007404685020446777, -0.06083202362060547, -0.005390763282775879, 0.9441901445388794, -0.12715645134449005, -0.3038701117038727, 0.07387688755989075, 0.9807336926460266, -0.18084056675434113, 0.3210097551345825, 0.14829900860786438, 0.9353928565979004),
            ["UpperTorso"] = CFrame.new(1.1175870895385742e-08, -0.0039060115814208984, -6.05359673500061e-08, 0.9981993436813354, 0.05640605837106705, -0.02041102573275566, -0.05828382447361946, 0.9924745559692383, -0.10769089311361313, 0.014184119179844856, 0.10868602246046066, 0.9939749836921692),
            ["HumanoidRootPart"] = CFrame.new(0, 0, 0, 1, 0, 0, 0, 1, 0, 0, 0, 1),
            ["RightUpperLeg"] = CFrame.new(0, 1.6205012798309326e-07, -7.620110409334302e-08, 0.9586910009384155, 0.06480546295642853, -0.27696722745895386, 0.00719809764996171, 0.9678640961647034, 0.2513698637485504, 0.2843586802482605, -0.2429802417755127, 0.9274170994758606),
            ["LeftUpperArm"] = CFrame.new(-1.1920928955078125e-07, 0.0039061307907104492, -1.6391277313232422e-07, 0.6667624115943909, 0.1262183040380478, 0.7345048189163208, 0.08142107725143433, 0.9673186540603638, -0.24013647437095642, -0.740809440612793, 0.2199171781539917, 0.6346944570541382),
            ["RightLowerArm"] = CFrame.new(-0.0004999637603759766, 0.0000997781753540039, 1.4901161193847656e-07, 0.9999998807907104, 0.0003811193164438009, 0.0005169546348042786, 0.0006446210318244994, -0.6075065732002258, -0.7943140864372253, 0.000010810320418386254, 0.7943145632743835, -0.6075072288513184),
            ["LeftHand"] = CFrame.new(-2.9802322387695312e-08, -5.960464477539063e-08, -1.043081283569336e-07, 0.7429202198982239, 0.4710337519645691, 0.47560086846351624, -0.4586744010448456, 0.8757115602493286, -0.15082280337810516, -0.4875318706035614, -0.10609644651412964, 0.8666351437568665),
            ["LeftFoot"] = CFrame.new(-4.470348358154297e-08, 5.960464477539063e-08, 0, 0.9768874049186707, -0.07442900538444519, 0.20037665963172913, 0.08060742914676666, 0.9964840412139893, -0.022845828905701637, -0.1979733556509018, 0.03846960514783859, 0.9794525504112244),
            ["RightHand"] = CFrame.new(1.434236764907837e-07, -0.0001004934310913086, -2.9802322387695312e-08, 0.5224200487136841, -0.2697479724884033, -0.80889493227005, 0.5444961190223694, 0.835579514503479, 0.07301252335309982, 0.6562021970748901, -0.47858428955078125, 0.5834023952484131),
            ["RightLowerLeg"] = CFrame.new(2.9802322387695312e-08, 3.5762786865234375e-07, 5.012407200410962e-08, 1, -1.1175870895385742e-08, -4.563479549801741e-08, 3.259628300611439e-08, 0.9790809154510498, 0.20347124338150024, 7.043125549444085e-08, -0.20347119867801666, 0.9790809750556946),
            ["LeftUpperLeg"] = CFrame.new(2.9802322387695312e-08, -1.30385160446167e-08, -5.960464477539063e-08, 0.9838420748710632, 0.17891643941402435, -0.006705061998218298, -0.16685153543949127, 0.9026432037353516, -0.39673155546188354, -0.06492681056261063, 0.39143863320350647, 0.9179102182388306),
            ["LeftLowerLeg"] = CFrame.new(-7.450580596923828e-09, 0, -8.940696716308594e-08, 1, 5.960468740795477e-08, 5.2154007335047936e-08, -1.0430811414607888e-07, 0.6199625134468079, 0.7846323847770691, 5.215405707303944e-08, -0.7846313714981079, 0.6199613213539124),
        }},
        {Time = 0.133, Data = {
            ["RightFoot"] = CFrame.new(7.916241884231567e-09, 4.76837158203125e-07, -2.8107024263590574e-08, 0.9958620071411133, -0.00591612933203578, -0.09068741649389267, -0.021628445014357567, 0.9537819623947144, -0.2997199594974518, 0.08826702833175659, 0.30044153332710266, 0.9497072696685791),
            ["LeftLowerArm"] = CFrame.new(5.960464477539062e-07, 0, -4.842877388000488e-08, 0.9999998807907104, -0.00015559798339381814, -0.0006237250054255128, -0.0006437259144149721, -0.2585086226463318, -0.9660088419914246, -0.000010751178706414066, 0.9660089612007141, -0.2585082948207855),
            ["RightUpperArm"] = CFrame.new(-5.960464477539063e-08, 0.0039060115814208984, 1.341104507446289e-07, 0.6499914526939392, -0.19725003838539124, -0.7338969111442566, 0.20606492459774017, 0.9752930402755737, -0.07962245494127274, 0.7314701080322266, -0.09947853535413742, 0.6745780110359192),
            ["Head"] = CFrame.new(-4.190951585769653e-09, 0.003905653953552246, 0, 0.9558073878288269, 0.29332029819488525, -0.019887859001755714, -0.21946880221366882, 0.7568948864936829, 0.6155844926834106, 0.19561618566513062, -0.5840149521827698, 0.7878199219703674),
            ["LowerTorso"] = CFrame.new(0.006490170955657959, -0.06156504154205322, -0.0036918818950653076, 0.9424834847450256, -0.127591073513031, -0.30894362926483154, 0.07295294106006622, 0.9805164933204651, -0.1823875904083252, 0.3261941969394684, 0.1493588536977768, 0.9334284663200378),
            ["UpperTorso"] = CFrame.new(4.6566128730773926e-08, -0.0039061903953552246, -3.4458935260772705e-08, 0.9981347322463989, 0.05720135569572449, -0.021334176883101463, -0.059177398681640625, 0.9924039244651794, -0.10785441100597382, 0.015003811568021774, 0.10891495645046234, 0.9939377903938293),
            ["HumanoidRootPart"] = CFrame.new(0, 0, 0, 1, 0, 0, 0, 1, 0, 0, 0, 1),
            ["RightUpperLeg"] = CFrame.new(1.1920928955078125e-07, -1.6763806343078613e-07, -1.6952981241047382e-09, 0.9595557451248169, 0.06444717198610306, -0.2740405201911926, 0.007333044894039631, 0.967393159866333, 0.2531728446483612, 0.28142333030700684, -0.24494314193725586, 0.9277960062026978),
            ["LeftUpperArm"] = CFrame.new(0, 0.003905773162841797, -2.2351741790771484e-07, 0.6629789471626282, 0.12647607922554016, 0.7378777265548706, 0.08222224563360214, 0.9673624634742737, -0.23968689143657684, -0.7441090941429138, 0.21957643330097198, 0.6309410929679871),
            ["RightLowerArm"] = CFrame.new(-0.0005002617835998535, 0.00010001659393310547, 2.384185791015625e-07, 0.9999998807907104, 0.00037808273918926716, 0.0005189510411582887, 0.0006448291824199259, -0.6032316088676453, -0.7975656986236572, 0.000010766664672701154, 0.7975660562515259, -0.6032319068908691),
            ["LeftHand"] = CFrame.new(-5.960464477539063e-08, 0, 4.470348358154297e-08, 0.7428909540176392, 0.47111308574676514, 0.4755672216415405, -0.45873841643333435, 0.8756706714630127, -0.1508685052394867, -0.4875164330005646, -0.10608234256505966, 0.8666455149650574),
            ["LeftFoot"] = CFrame.new(3.725290298461914e-08, -1.1920928955078125e-07, -4.470348358154297e-08, 0.976784884929657, -0.07065276056528091, 0.20223450660705566, 0.07779629528522491, 0.9965873956680298, -0.027588702738285065, -0.1995972841978073, 0.04268171265721321, 0.9789485335350037),
            ["RightHand"] = CFrame.new(-7.636845111846924e-08, -0.00010001659393310547, 1.4901161193847656e-07, 0.5224106907844543, -0.2699939012527466, -0.8088191747665405, 0.5445982813835144, 0.8355276584625244, 0.07284221053123474, 0.6561248898506165, -0.4785362482070923, 0.583528459072113),
            ["RightLowerLeg"] = CFrame.new(-9.685754776000977e-08, 1.7881393432617188e-07, -2.438173396512866e-08, 1, -2.793969144931907e-08, 9.313225746154785e-09, 3.073365206773815e-08, 0.9778776168823242, 0.20917807519435883, 1.1059458238094066e-08, -0.2091781347990036, 0.9778775572776794),
            ["LeftUpperLeg"] = CFrame.new(-5.960464477539063e-08, -2.0675361156463623e-07, 0, 0.9837607741355896, 0.17941725254058838, -0.0050684986636042595, -0.16638612747192383, 0.9010064601898193, -0.4006274938583374, -0.06730949878692627, 0.394964337348938, 0.9162270426750183),
            ["LeftLowerLeg"] = CFrame.new(2.2351741790771484e-08, -1.7881393432617188e-07, -1.7881393432617188e-07, 1, 5.2154096152889906e-08, 7.264312529287054e-08, -2.9802322387695312e-08, 0.6147098541259766, 0.7887538075447083, 1.862645149230957e-08, -0.7887534499168396, 0.6147093176841736),
        }},
        {Time = 0.167, Data = {
            ["RightFoot"] = CFrame.new(4.284083843231201e-08, 3.5762786865234375e-07, -5.75528247281909e-09, 0.9960921406745911, -0.006509893108159304, -0.08808175474405289, -0.020339636132121086, 0.9535700082778931, -0.30048301815986633, 0.08594591170549393, 0.30110102891921997, 0.9497113823890686),
            ["LeftLowerArm"] = CFrame.new(4.470348358154297e-07, 0, 8.940696716308594e-08, 0.9999998807907104, -0.00015446542238350958, -0.0006237473571673036, -0.0006440090946853161, -0.2564742863178253, -0.9665508270263672, -0.000010997048775607254, 0.9665510058403015, -0.2564742863178253),
            ["RightUpperArm"] = CFrame.new(1.1920928955078125e-07, 0.0039064884185791016, 8.940696716308594e-08, 0.6558673977851868, -0.1988072693347931, -0.7282275557518005, 0.2068568468093872, 0.9751026630401611, -0.07989965379238129, 0.7259809374809265, -0.09823758155107498, 0.6806619167327881),
            ["Head"] = CFrame.new(-1.6530975699424744e-08, 0.0039061307907104492, -4.470348358154297e-08, 0.9563406109809875, 0.2916002571582794, -0.019538355991244316, -0.21685540676116943, 0.7528443336486816, 0.6214498281478882, 0.195924311876297, -0.5900803804397583, 0.783210277557373),
            ["LowerTorso"] = CFrame.new(0.005855530500411987, -0.06073284149169922, -0.00255778431892395, 0.9406453371047974, -0.12781330943107605, -0.31440597772598267, 0.07171392440795898, 0.9803135395050049, -0.18396267294883728, 0.33172816038131714, 0.15049637854099274, 0.9312930107116699),
            ["UpperTorso"] = CFrame.new(4.6566128730773926e-08, -0.0039061009883880615, 9.313225746154785e-10, 0.9981062412261963, 0.05734358727931976, -0.022264644503593445, -0.059431977570056915, 0.992307722568512, -0.10859730839729309, 0.015867147594690323, 0.10971397161483765, 0.993836522102356),
            ["HumanoidRootPart"] = CFrame.new(0, 0, 0, 1, 0, 0, 0, 1, 0, 0, 0, 1),
            ["RightUpperLeg"] = CFrame.new(1.1920928955078125e-07, -2.0489096641540527e-08, 5.790934665128589e-08, 0.9604690670967102, 0.06206205487251282, -0.2713780701160431, 0.008106919005513191, 0.9681861400604248, 0.25009873509407043, 0.27826881408691406, -0.24241279065608978, 0.9294108748435974),
            ["LeftUpperArm"] = CFrame.new(-2.384185791015625e-07, 0.00390625, -2.3096799850463867e-07, 0.6586016416549683, 0.1277746856212616, 0.7415646910667419, 0.081844262778759, 0.9674690365791321, -0.23938578367233276, -0.7480276823043823, 0.21835096180438995, 0.6267185807228088),
            ["RightLowerArm"] = CFrame.new(-0.0005002021789550781, 0.00010037422180175781, 0, 0.9999998807907104, 0.00037518341559916735, 0.000520748901180923, 0.0006450469954870641, -0.5988713502883911, -0.8008449077606201, 0.000010796813512570225, 0.800845205783844, -0.5988715887069702),
            ["LeftHand"] = CFrame.new(-1.341104507446289e-07, -1.1920928955078125e-07, -2.384185791015625e-07, 0.7428593039512634, 0.4712015390396118, 0.47553014755249023, -0.45880836248397827, 0.8756251335144043, -0.1509186178445816, -0.4874987304210663, -0.10606580227613449, 0.8666571974754333),
            ["LeftFoot"] = CFrame.new(-2.0489096641540527e-08, -5.960464477539063e-08, 2.9802322387695312e-08, 0.9765641689300537, -0.06742408126592636, 0.2043909728527069, 0.07570605725049973, 0.9965850114822388, -0.03296927362680435, -0.2014722377061844, 0.04767024889588356, 0.9783339500427246),
            ["RightHand"] = CFrame.new(4.284083843231201e-08, -0.00010013580322265625, -8.940696716308594e-08, 0.5224006175994873, -0.27024322748184204, -0.8087426424026489, 0.5447021722793579, 0.8354750871658325, 0.07266871631145477, 0.6560466289520264, -0.47848716378211975, 0.5836563110351562),
            ["RightLowerLeg"] = CFrame.new(-4.6566128730773926e-08, 1.7881393432617188e-07, -3.183231456205249e-08, 1, -3.53902720462429e-08, 2.1420420992512845e-08, 3.9115558791991134e-08, 0.9768233895301819, 0.21404743194580078, -1.1955856393797148e-07, -0.21404732763767242, 0.9768233299255371),
            ["LeftUpperLeg"] = CFrame.new(2.9802322387695312e-08, 5.587935447692871e-08, -1.4901161193847656e-08, 0.9837440848350525, 0.17956845462322235, -0.002032400108873844, -0.1656561642885208, 0.9030559659004211, -0.39629220962524414, -0.06932283192873001, 0.3901859521865845, 0.9181222915649414),
            ["LeftLowerLeg"] = CFrame.new(-9.685754776000977e-08, -2.384185791015625e-07, 1.6391277313232422e-07, 1, 5.215410681103094e-08, 8.009365615180286e-08, -5.215404996761208e-08, 0.6172981858253479, 0.786730170249939, 6.705521116145974e-08, -0.7867293953895569, 0.6172971725463867),
        }},
        {Time = 0.200, Data = {
            ["RightFoot"] = CFrame.new(-2.0954757928848267e-08, 2.384185791015625e-07, 1.6952981241047382e-09, 0.9963211417198181, -0.0065970937721431255, -0.08544595539569855, -0.019361313432455063, 0.9539310336112976, -0.29939979314804077, 0.08348249644041061, 0.2999536991119385, 0.9502940773963928),
            ["LeftLowerArm"] = CFrame.new(5.662441253662109e-07, -3.5762786865234375e-07, -4.842877388000488e-08, 0.9999998807907104, -0.00015364587306976318, -0.0006243728566914797, -0.0006436327821575105, -0.25525420904159546, -0.9668739438056946, -0.000010937443221337162, 0.9668740034103394, -0.25525370240211487),
            ["RightUpperArm"] = CFrame.new(1.1920928955078125e-07, 0.0039064884185791016, 1.9371509552001953e-07, 0.6613693833351135, -0.20072820782661438, -0.7227036356925964, 0.20775052905082703, 0.9748517274856567, -0.08064015209674835, 0.7207151651382446, -0.09681091457605362, 0.6864376068115234),
            ["Head"] = CFrame.new(1.0477378964424133e-08, 0.0039060115814208984, 1.341104507446289e-07, 0.9569842219352722, 0.2895614802837372, -0.018316056579351425, -0.2140955775976181, 0.7473596930503845, 0.6289815306663513, 0.19581696391105652, -0.598003089427948, 0.7772045135498047),
            ["LowerTorso"] = CFrame.new(0.005232721567153931, -0.05952417850494385, -0.0014574229717254639, 0.9386081695556641, -0.1278463900089264, -0.32042309641838074, 0.0702400654554367, 0.9801639914512634, -0.18532289564609528, 0.33775901794433594, 0.1514391154050827, 0.9289696216583252),
            ["UpperTorso"] = CFrame.new(-1.1175870895385742e-08, -0.00390625, -2.7939677238464355e-09, 0.998106062412262, 0.05695628002285957, -0.02324819564819336, -0.059187453240156174, 0.9921098947525024, -0.1105206310749054, 0.016771044582128525, 0.11168652027845383, 0.99360191822052),
            ["HumanoidRootPart"] = CFrame.new(0, 0, 0, 1, 0, 0, 0, 1, 0, 0, 0, 1),
            ["RightUpperLeg"] = CFrame.new(-5.960464477539063e-08, -1.862645149230957e-09, -1.6952981241047382e-09, 0.9614865183830261, 0.059522561728954315, -0.2683272361755371, 0.009001785889267921, 0.9689271450042725, 0.24718120694160461, 0.2747046947479248, -0.24007751047611237, 0.9310758113861084),
            ["LeftUpperArm"] = CFrame.new(1.7881393432617188e-07, 0.003905773162841797, -2.5331974029541016e-07, 0.6529232263565063, 0.12942305207252502, 0.7462854981422424, 0.08040887862443924, 0.9678813815116882, -0.23820213973522186, -0.753143846988678, 0.21553483605384827, 0.6215446591377258),
            ["RightLowerArm"] = CFrame.new(-0.0005000531673431396, 0.00010085105895996094, 2.086162567138672e-07, 0.9999998807907104, 0.00037255501956678927, 0.0005228581721894443, 0.0006448887288570404, -0.5948986411094666, -0.8038004636764526, 0.000010757699783425778, 0.8038007020950317, -0.5948989391326904),
            ["LeftHand"] = CFrame.new(-1.341104507446289e-07, -1.7881393432617188e-07, 1.4901161193847656e-07, 0.7428401112556458, 0.4712544083595276, 0.4755076766014099, -0.45885029435157776, 0.8755977153778076, -0.15094858407974243, -0.4874885082244873, -0.10605624318122864, 0.8666642904281616),
            ["LeftFoot"] = CFrame.new(-2.7939677238464355e-08, -5.960464477539063e-08, -7.450580596923828e-09, 0.976297914981842, -0.06459741294384003, 0.20656411349773407, 0.074355848133564, 0.9964361190795898, -0.03982804715633392, -0.203257218003273, 0.054243240505456924, 0.9776221513748169),
            ["RightHand"] = CFrame.new(8.754432201385498e-08, -0.00009989738464355469, 1.4901161193847656e-07, 0.5223900675773621, -0.27047020196914673, -0.8086735010147095, 0.5447970032691956, 0.8354269862174988, 0.07251141220331192, 0.6559762954711914, -0.47844287753105164, 0.5837716460227966),
            ["RightLowerLeg"] = CFrame.new(-4.284083843231201e-08, 4.172325134277344e-07, -2.8107024263590574e-08, 1, -1.4901162970204496e-08, 8.428468589727345e-08, 3.306195139884949e-08, 0.9762643575668335, 0.216582253575325, -7.043126970529556e-08, -0.2165822982788086, 0.9762644171714783),
            ["LeftUpperLeg"] = CFrame.new(2.9802322387695312e-08, 2.421438694000244e-08, -2.9802322387695312e-08, 0.9837440252304077, 0.17957435548305511, 0.0014526565792039037, -0.16482257843017578, 0.9060968160629272, -0.3896433413028717, -0.07128313183784485, 0.383068710565567, 0.920964777469635),
            ["LeftLowerLeg"] = CFrame.new(6.705522537231445e-08, 0, -1.4901161193847656e-08, 1, 8.195645762043569e-08, 4.656610741449185e-08, -8.195639367158947e-08, 0.6225116848945618, 0.7826111316680908, 8.568168397005138e-08, -0.7826105952262878, 0.6225109696388245),
        }},
        {Time = 0.233, Data = {
            ["RightFoot"] = CFrame.new(5.587935447692871e-09, 4.172325134277344e-07, 9.145878721028566e-09, 0.9965431690216064, -0.006222603842616081, -0.08284592628479004, -0.01874210685491562, 0.9546493887901306, -0.2971412241458893, 0.0809355154633522, 0.2976674437522888, 0.9512326717376709),
            ["LeftLowerArm"] = CFrame.new(3.2782554626464844e-07, 2.384185791015625e-07, -2.644956111907959e-07, 0.9999998807907104, -0.0001534223702037707, -0.0006241720402613282, -0.000643793260678649, -0.25506314635276794, -0.9669241905212402, -0.000010751184163382277, 0.9669244289398193, -0.2550630271434784),
            ["RightUpperArm"] = CFrame.new(0, 0.0039061307907104492, -7.450580596923828e-08, 0.6663625836372375, -0.20206591486930847, -0.7177269458770752, 0.20835748314857483, 0.9746953248977661, -0.08096297830343246, 0.7159247398376465, -0.0955953598022461, 0.6916018128395081),
            ["Head"] = CFrame.new(9.778887033462524e-09, 0.00390625, -9.685754776000977e-08, 0.9578338265419006, 0.2868573069572449, -0.016342362388968468, -0.21088019013404846, 0.7404950261116028, 0.6381206512451172, 0.19515112042427063, -0.6077665090560913, 0.7697629928588867),
            ["LowerTorso"] = CFrame.new(0.0045449137687683105, -0.058139681816101074, -0.00022158026695251465, 0.9364314675331116, -0.12764768302440643, -0.3268073797225952, 0.0685860887169838, 0.9800982475280762, -0.1862877458333969, 0.3440815508365631, 0.15203140676021576, 0.9265494346618652),
            ["UpperTorso"] = CFrame.new(-3.3527612686157227e-08, -0.003906428813934326, -5.494803190231323e-08, 0.9981213212013245, 0.05626445263624191, -0.024255426600575447, -0.05867147073149681, 0.991766631603241, -0.11382835358381271, 0.0176519937813282, 0.11503687500953674, 0.9932042956352234),
            ["HumanoidRootPart"] = CFrame.new(0, 0, 0, 1, 0, 0, 0, 1, 0, 0, 0, 1),
            ["RightUpperLeg"] = CFrame.new(5.960464477539063e-08, -2.7567148208618164e-07, -4.639878170564771e-08, 0.9625648260116577, 0.057062916457653046, -0.26497510075569153, 0.009904430247843266, 0.9695327877998352, 0.24475961923599243, 0.2708708643913269, -0.2382223904132843, 0.9326741695404053),
            ["LeftUpperArm"] = CFrame.new(5.960464477539063e-08, 0.003905773162841797, -3.650784492492676e-07, 0.646019697189331, 0.13072346150875092, 0.7520442008972168, 0.07826787233352661, 0.9686900973320007, -0.23561474680900574, -0.7592975497245789, 0.2110709846019745, 0.6155608892440796),
            ["RightLowerArm"] = CFrame.new(-0.0005000531673431396, 0.00009989738464355469, 5.960464477539063e-08, 0.9999998807907104, 0.00037052418338134885, 0.0005242594052106142, 0.000644885643851012, -0.5915303826332092, -0.806282639503479, 0.000010723009836510755, 0.8062825798988342, -0.5915302634239197),
            ["LeftHand"] = CFrame.new(-2.9802322387695312e-08, 1.7881393432617188e-07, 2.682209014892578e-07, 0.742837131023407, 0.47126245498657227, 0.4755040109157562, -0.45885708928108215, 0.8755935430526733, -0.15095312893390656, -0.48748674988746643, -0.1060548648238182, 0.8666655421257019),
            ["LeftFoot"] = CFrame.new(1.862645149230957e-08, 0, 0, 0.9760410785675049, -0.06177230924367905, 0.2086322158575058, 0.07341642677783966, 0.9961197376251221, -0.04853421822190285, -0.2048262357711792, 0.06268820911645889, 0.976789116859436),
            ["RightHand"] = CFrame.new(1.7881393432617188e-07, -0.0000998377799987793, -1.1920928955078125e-07, 0.5223804116249084, -0.27066153287887573, -0.8086154460906982, 0.544877290725708, 0.8353866338729858, 0.07237755507230759, 0.6559174060821533, -0.4784054458141327, 0.5838685631752014),
            ["RightLowerLeg"] = CFrame.new(2.421438694000244e-08, 4.76837158203125e-07, -2.438173396512866e-08, 1, -3.166497108963995e-08, 4.19095051995555e-08, 3.119930269690485e-08, 0.976172924041748, 0.21699492633342743, 1.2689268302779055e-08, -0.21699455380439758, 0.9761728048324585),
            ["LeftUpperLeg"] = CFrame.new(-5.960464477539063e-08, -2.7008354663848877e-07, -2.9802322387695312e-08, 0.9837702512741089, 0.17936457693576813, 0.005073784850537777, -0.1638665497303009, 0.909583330154419, -0.38184526562690735, -0.07310179620981216, 0.37481528520584106, 0.9242123961448669),
            ["LeftLowerLeg"] = CFrame.new(-7.450580596923828e-08, 2.980232238769531e-07, 8.940696716308594e-08, 1, 5.215412102188566e-08, 2.980230107141324e-08, -6.705523247774181e-08, 0.6294590830802917, 0.77703458070755, 1.1175872671742582e-08, -0.7770336270332336, 0.629457950592041),
        }},
        {Time = 0.267, Data = {
            ["RightFoot"] = CFrame.new(1.3969838619232178e-09, 2.980232238769531e-07, 4.639878170564771e-08, 0.9967519044876099, -0.0055731250904500484, -0.08034303039312363, -0.018381211906671524, 0.9555320143699646, -0.29431289434432983, 0.07840856164693832, 0.29483479261398315, 0.9523260593414307),
            ["LeftLowerArm"] = CFrame.new(3.8743019104003906e-07, 2.980232238769531e-07, 2.60770320892334e-08, 0.9999998807907104, -0.0001540630910312757, -0.000624156731646508, -0.0006436551338993013, -0.2559751272201538, -0.9666832685470581, -0.000010892739737755619, 0.9666833281517029, -0.2559747099876404),
            ["RightUpperArm"] = CFrame.new(-5.960464477539063e-08, 0.0039058923721313477, 8.940696716308594e-08, 0.6705024242401123, -0.20230324566364288, -0.7137936353683472, 0.20859003067016602, 0.9746997952461243, -0.08030782639980316, 0.7119808793067932, -0.0950457751750946, 0.6957365870475769),
            ["Head"] = CFrame.new(0, 0.003905773162841797, 7.450580596923828e-08, 0.9588621854782104, 0.28351637721061707, -0.014209809713065624, -0.20722486078739166, 0.7332975268363953, 0.6475594639778137, 0.19401367008686066, -0.617975115776062, 0.7618823647499084),
            ["LowerTorso"] = CFrame.new(0.003766566514968872, -0.056716322898864746, 0.0011937320232391357, 0.9342401623725891, -0.12727755308151245, -0.3331616520881653, 0.06688743829727173, 0.9801060557365417, -0.186863511800766, 0.35031619668006897, 0.1522911787033081, 0.9241674542427063),
            ["UpperTorso"] = CFrame.new(0, -0.003906309604644775, -9.313225746154785e-09, 0.9981366395950317, 0.05557987093925476, -0.02518419548869133, -0.0581759549677372, 0.9913089275360107, -0.11799313127994537, 0.018408169969916344, 0.11923764646053314, 0.9926950335502625),
            ["HumanoidRootPart"] = CFrame.new(0, 0, 0, 1, 0, 0, 0, 1, 0, 0, 0, 1),
            ["RightUpperLeg"] = CFrame.new(-2.9802322387695312e-08, -2.7567148208618164e-07, 2.8107024263590574e-08, 0.9636170268058777, 0.054702822118997574, -0.26162731647491455, 0.010753943584859371, 0.9701076745986938, 0.2424352914094925, 0.2670706510543823, -0.23642903566360474, 0.9342249631881714),
            ["LeftUpperArm"] = CFrame.new(2.384185791015625e-07, 0.0039052963256835938, -1.1175870895385742e-07, 0.6386006474494934, 0.13120293617248535, 0.758271336555481, 0.07598495483398438, 0.9697926640510559, -0.23179467022418976, -0.7657777070999146, 0.2056402564048767, 0.6093404293060303),
            ["RightLowerArm"] = CFrame.new(-0.0005000829696655273, 0.00009918212890625, 2.980232238769531e-07, 0.9999998807907104, 0.00036855728831142187, 0.0005256695440039039, 0.0006448343046940863, -0.5886821746826172, -0.8083639144897461, 0.000010797747563628945, 0.8083644509315491, -0.5886828303337097),
            ["LeftHand"] = CFrame.new(-2.9802322387695312e-08, -2.384185791015625e-07, -2.086162567138672e-07, 0.7428512573242188, 0.47122329473495483, 0.4755208194255829, -0.45882582664489746, 0.875613808631897, -0.15093088150024414, -0.48749449849128723, -0.10606221109628677, 0.8666601777076721),
            ["LeftFoot"] = CFrame.new(-3.91155481338501e-08, 1.7881393432617188e-07, -2.2351741790771484e-08, 0.9758042693138123, -0.05877537652850151, 0.21059644222259521, 0.07269962877035141, 0.9956074953079224, -0.058994684368371964, -0.2062058299779892, 0.07287745177745819, 0.9757913947105408),
