return {
    ["Electro Shuffle"] = {
        {Time = 0.000, Data = {
            ["LeftFoot"] = CFrame.new(-9.685754776000977e-08, 0, 0, 0.8068775534629822, -0.4828891158103943, 0.34024497866630554, 0.5850609540939331, 0.5737452507019043, -0.5731667280197144, 0.08156217634677887, 0.6615394353866577, 0.7454618215560913),
            ["LeftLowerArm"] = CFrame.new(0.0000014007091522216797, -7.152557373046875e-07, 0.000004589557647705078, 1, 2.980232594040899e-08, -8.288770914077759e-08, -2.9802322387695312e-08, 0.23943154513835907, -0.970913290977478, 5.960464477539063e-08, 0.9709133505821228, 0.2394314855337143),
            ["LowerTorso"] = CFrame.new(-0.008848409168422222, -0.6033446788787842, 0.11919396370649338, 0.9901232123374939, 0.14008130133152008, -0.005763995926827192, -0.13967864215373993, 0.9891501665115356, 0.04551899433135986, 0.0120778176933527, -0.044264309108257294, 0.9989468455314636),
            ["Head"] = CFrame.new(-3.725290298461914e-09, -2.384185791015625e-07, -1.0337680578231812e-07, 0.9914742112159729, 0.02945774421095848, -0.1269298642873764, -0.09153125435113907, 0.8507577180862427, -0.5175263285636902, 0.09274143725633621, 0.5247319340705872, 0.8462005853652954),
            ["RightUpperArm"] = CFrame.new(-0.02920246124267578, -0.02388477325439453, 0.06496602296829224, 0.9195108413696289, -0.03395663946866989, -0.39159509539604187, 0.07782690227031708, 0.9922658801078796, 0.09670339524745941, 0.38528284430503845, -0.1193964034318924, 0.915041983127594),
            ["UpperTorso"] = CFrame.new(3.3760443329811096e-09, 2.086162567138672e-07, 2.2409949451684952e-08, 0.9776687622070312, -0.1952536553144455, 0.07771707326173782, 0.17031224071979523, 0.9528077840805054, 0.2512987554073334, -0.12311643362045288, -0.23245079815387726, 0.9647845029830933),
            ["HumanoidRootPart"] = CFrame.new(0, 0, 0, 1, 0, 0, 0, 1, 0, 0, 0, 1),
            ["RightHand"] = CFrame.new(1.30385160446167e-07, 8.940696716308594e-07, -7.525086402893066e-07, 0.9456079602241516, -0.04753853380680084, 0.32181668281555176, 0.15458866953849792, 0.9360953569412231, -0.31595534086227417, -0.28623098134994507, 0.34851908683776855, 0.8925279974937439),
            ["LeftUpperArm"] = CFrame.new(0.02920222282409668, -0.023887157440185547, 0.06496524065732956, 0.8962806463241577, 0.18749457597732544, 0.40190404653549194, -0.24191419780254364, 0.9662324786186218, 0.08872686326503754, -0.3716970384120941, -0.17675042152404785, 0.9113730192184448),
            ["RightLowerArm"] = CFrame.new(8.940696716308594e-07, 2.980232238769531e-07, -0.0000038817524909973145, 1, -0.000019233673810958862, 0.0000017797576674638549, 0.00001883506956801284, 0.9503471851348877, -0.311191588640213, 0.000004269183136784704, 0.3111915588378906, 0.9503472447395325),
            ["LeftHand"] = CFrame.new(-0.0000014808028936386108, -7.748603820800781e-07, 2.514570951461792e-07, 0.9860078692436218, -0.0744953453540802, -0.1491275578737259, 0.010196671821177006, 0.9198688864707947, -0.3920937478542328, 0.16638709604740143, 0.3850868344306946, 0.9077574014663696),
            ["RightUpperLeg"] = CFrame.new(0, -6.891787052154541e-08, 1.3438693713396788e-08, 0.6091086864471436, -0.3108307421207428, 0.7296375632286072, 0.6709297299385071, 0.6925215125083923, -0.2650800049304962, -0.42289474606513977, 0.6509979367256165, 0.630366325378418),
            ["LeftUpperLeg"] = CFrame.new(-2.9802322387695312e-08, 9.685754776000977e-08, 6.05359673500061e-09, 0.7961901426315308, 0.2503155469894409, -0.5508389472961426, -0.40467730164527893, 0.8971163034439087, -0.17725320160388947, 0.44979727268218994, 0.36403921246528625, 0.8155721426010132),
            ["RightLowerLeg"] = CFrame.new(5.960464477539063e-08, -0.0007268786430358887, 0.00004601648106472567, 1, 5.960463056453591e-08, 1.3317917080257757e-07, -7.450577754752885e-08, 0.2800341844558716, 0.9599899053573608, -2.9802311729554276e-08, -0.9599900841712952, 0.2800345718860626),
            ["RightFoot"] = CFrame.new(2.859160304069519e-07, 1.7881393432617188e-07, 2.2184394765645266e-08, 0.7455391883850098, 0.5554345846176147, -0.3683251440525055, -0.6587175130844116, 0.530112087726593, -0.5339217185974121, -0.10130506008863449, 0.6406821012496948, 0.7610941529273987),
            ["LeftLowerLeg"] = CFrame.new(-5.960464477539063e-08, -0.0007265806198120117, 0.00008095055818557739, 1, 2.9802318834981634e-08, 9.313225746154785e-08, -1.1920930376163597e-07, 0.6054542660713196, 0.7958799600601196, 4.842878098543224e-08, -0.7958800792694092, 0.6054544448852539),
        }},
        {Time = 0.033, Data = {
            ["LeftFoot"] = CFrame.new(-1.341104507446289e-07, 5.960464477539063e-08, 5.587935447692871e-08, 0.8176840543746948, -0.48486095666885376, 0.3103269636631012, 0.571796178817749, 0.6216576099395752, -0.5353417992591858, 0.06664926558732986, 0.6151843667030334, 0.7855612635612488),
            ["LeftLowerArm"] = CFrame.new(0.0000013709068298339844, -5.960464477539062e-07, 0.000004470348358154297, 1, 7.450581485102248e-09, -7.078052277620372e-08, 0, 0.13954973220825195, -0.9902150630950928, 7.450581307466564e-08, 0.9902151226997375, 0.13954971730709076),
            ["LowerTorso"] = CFrame.new(-0.011125287972390652, -0.6055284738540649, 0.11636258661746979, 0.9906349778175354, 0.13650356233119965, -0.0030219717882573605, -0.1362345665693283, 0.9896708726882935, 0.044629331678152084, 0.009082821197807789, -0.04379968345165253, 0.9989990592002869),
            ["Head"] = CFrame.new(1.1175870895385742e-08, -2.384185791015625e-07, 7.264316082000732e-08, 0.991652250289917, 0.032916005700826645, -0.12466983497142792, -0.0918661579489708, 0.8588196635246277, -0.5039739608764648, 0.09048014134168625, 0.5112196803092957, 0.8546740412712097),
            ["RightUpperArm"] = CFrame.new(-0.029202580451965332, -0.023885250091552734, 0.06496618688106537, 0.9838245511054993, 0.01966085471212864, -0.17805254459381104, -0.0016379756852984428, 0.9949045181274414, 0.10080844163894653, 0.17912733554840088, -0.09888606518507004, 0.9788436889648438),
            ["UpperTorso"] = CFrame.new(-1.5774276107549667e-08, 2.384185791015625e-07, 1.3853423297405243e-08, 0.9785982370376587, -0.19282376766204834, 0.07186541706323624, 0.16895221173763275, 0.9522415995597839, 0.25434431433677673, -0.11747695505619049, -0.23675917088985443, 0.9644399285316467),
            ["HumanoidRootPart"] = CFrame.new(0, 0, 0, 1, 0, 0, 0, 1, 0, 0, 0, 1),
            ["RightHand"] = CFrame.new(1.0896474123001099e-07, 0.0000010728836059570312, -7.674098014831543e-07, 0.9656872749328613, -0.1853296160697937, 0.18193773925304413, 0.23193441331386566, 0.9306299090385437, -0.28308022022247314, -0.11685352772474289, 0.31556448340415955, 0.9416816234588623),
            ["LeftUpperArm"] = CFrame.new(0.02920222282409668, -0.02388763427734375, 0.06496527791023254, 0.9371617436408997, 0.1684274673461914, 0.30554866790771484, -0.2036449909210205, 0.9751656651496887, 0.08706825226545334, -0.2832958996295929, -0.14382041990756989, 0.9481873512268066),
            ["RightLowerArm"] = CFrame.new(9.834766387939453e-07, 1.1920928955078125e-07, -0.000003824010491371155, 1, -0.00001929234895214904, -7.599592208862305e-07, 0.000018827617168426514, 0.9831376671791077, -0.18286734819412231, 0.00000428222119808197, 0.1828673630952835, 0.9831376075744629),
            ["LeftHand"] = CFrame.new(-0.000001341104507446289, -5.960464477539062e-07, 8.195638656616211e-08, 0.9740355014801025, 0.055008936673402786, -0.21961043775081635, -0.11619545519351959, 0.9539924263954163, -0.27640023827552795, 0.19430236518383026, 0.29474154114723206, 0.9356144070625305),
            ["RightUpperLeg"] = CFrame.new(-5.960464477539063e-08, 1.0244548320770264e-08, 3.3105607144534588e-09, 0.6451002955436707, -0.3451545834541321, 0.6816990971565247, 0.6851016283035278, 0.656334400177002, -0.3160081207752228, -0.3383511006832123, 0.6708900332450867, 0.6598676443099976),
            ["LeftUpperLeg"] = CFrame.new(-2.9802322387695312e-08, -2.468004822731018e-08, 1.210719347000122e-08, 0.8132550120353699, 0.24628318846225739, -0.527219831943512, -0.41701245307922363, 0.8785693049430847, -0.2328449934720993, 0.4058534801006317, 0.40921956300735474, 0.8172041177749634),
            ["RightLowerLeg"] = CFrame.new(1.4901161193847656e-08, -0.0007268190383911133, 0.00004604628338711336, 1, 2.980232594040899e-08, 8.195641498787154e-08, -8.940696716308594e-08, 0.26989105343818665, 0.9628908038139343, 5.960464477539063e-08, -0.9628908634185791, 0.26989129185676575),
            ["RightFoot"] = CFrame.new(2.300366759300232e-07, 1.7881393432617188e-07, -9.480572771281004e-09, 0.7629818320274353, 0.5756579637527466, -0.29406920075416565, -0.6301607489585876, 0.5609802007675171, -0.5368412137031555, -0.14407001435756683, 0.5949110388755798, 0.7907748818397522),
            ["LeftLowerLeg"] = CFrame.new(-5.21540641784668e-08, -0.0007265806198120117, 0.00008103996515274048, 1, 7.450580596923828e-08, 7.823111758398227e-08, -5.960464477539063e-08, 0.5231959223747253, 0.8522122502326965, -2.9802322387695312e-08, -0.8522124290466309, 0.5231962203979492),
        }},
        {Time = 0.067, Data = {
            ["LeftFoot"] = CFrame.new(5.960464477539063e-08, -5.960464477539063e-08, 1.4901161193847656e-08, 0.8548710346221924, -0.4674915075302124, 0.22504854202270508, 0.518682599067688, 0.7593302726745605, -0.39292028546333313, 0.012800702825188637, 0.4526249170303345, 0.8916091918945312),
            ["LeftLowerArm"] = CFrame.new(0.0000016391277313232422, -1.7881393432617188e-07, 0.000004678964614868164, 1, -1.4901162970204496e-08, 0, -2.2351747119842003e-08, 0.08037982136011124, -0.9967643618583679, 3.72529100900465e-08, 0.9967643618583679, 0.08037971705198288),
            ["LowerTorso"] = CFrame.new(-0.01357638742774725, -0.5635428428649902, 0.11077436059713364, 0.9918259978294373, 0.12756074965000153, 0.003069153055548668, -0.1275719851255417, 0.9908568859100342, 0.0439104363322258, 0.002560156164690852, -0.043943051248788834, 0.9990307688713074),
            ["Head"] = CFrame.new(1.862645149230957e-08, -1.1920928955078125e-07, -9.592622518539429e-08, 0.9929827451705933, 0.04056869447231293, -0.1110832616686821, -0.08726782351732254, 0.8852896094322205, -0.4567786157131195, 0.07980995625257492, 0.46326735615730286, 0.8826176524162292),
            ["RightUpperArm"] = CFrame.new(-0.029202520847320557, -0.023885011672973633, 0.06496596336364746, 0.9991121888160706, 0.04207732528448105, 0.00213231286033988, -0.04193619266152382, 0.9883475303649902, 0.14632390439510345, 0.004049421288073063, -0.146283358335495, 0.989234447479248),
            ["UpperTorso"] = CFrame.new(5.208130460232496e-08, -5.960464477539063e-08, 7.392372936010361e-09, 0.9817830920219421, -0.18196821212768555, 0.05467640981078148, 0.16358411312103271, 0.9558930993080139, 0.24394375085830688, -0.09665478020906448, -0.23055578768253326, 0.9682468771934509),
            ["HumanoidRootPart"] = CFrame.new(0, 0, 0, 1, 0, 0, 0, 1, 0, 0, 0, 1),
            ["RightHand"] = CFrame.new(2.4121254682540894e-07, 4.172325134277344e-07, -8.791685104370117e-07, 0.9791465997695923, -0.19631710648536682, 0.05226516351103783, 0.20313666760921478, 0.9495686292648315, -0.23886173963546753, -0.0027367002330720425, 0.24449768662452698, 0.9696460962295532),
            ["LeftUpperArm"] = CFrame.new(0.02920234203338623, -0.023887276649475098, 0.06496521085500717, 0.9526613354682922, 0.18423007428646088, 0.24185845255851746, -0.19543105363845825, 0.9804487824440002, 0.022953404113650322, -0.23290130496025085, -0.06913337856531143, 0.9700400829315186),
            ["RightLowerArm"] = CFrame.new(8.642673492431641e-07, 0, -0.000003851950168609619, 1, -0.00001931050792336464, -4.2142346501350403e-07, 0.000018837861716747284, 0.9796891808509827, -0.2005224972963333, 0.000004290835931897163, 0.20052242279052734, 0.9796891212463379),
            ["LeftHand"] = CFrame.new(-0.0000012069940567016602, -5.960464477539062e-07, 3.2782554626464844e-07, 0.9418560266494751, 0.1818639636039734, -0.2825469672679901, -0.2346869856119156, 0.9578264951705933, -0.16580288112163544, 0.24047745764255524, 0.22247262299060822, 0.9448156952857971),
            ["RightUpperLeg"] = CFrame.new(0, -8.521601557731628e-08, -5.420588422566652e-09, 0.7051236033439636, -0.40513014793395996, 0.5819540023803711, 0.6776586771011353, 0.6266326308250427, -0.38485071063041687, -0.20875690877437592, 0.6657334566116333, 0.7163934111595154),
            ["LeftUpperLeg"] = CFrame.new(8.940696716308594e-08, 2.0116567611694336e-07, 1.5133991837501526e-09, 0.849146842956543, 0.2606893479824066, -0.4593372642993927, -0.43392807245254517, 0.8401458263397217, -0.3253633677959442, 0.30109158158302307, 0.4756007194519043, 0.8265276551246643),
            ["RightLowerLeg"] = CFrame.new(3.725290298461914e-08, -0.0007262825965881348, 0.00004606118454830721, 1, 1.8626455755565985e-07, 8.195641498787154e-08, -5.960463766996327e-08, 0.3078436553478241, 0.9514369368553162, 2.9802318834981634e-08, -0.9514369964599609, 0.3078438937664032),
            ["RightFoot"] = CFrame.new(1.0803341865539551e-07, 5.960464477539063e-08, 7.283233571797609e-09, 0.791102409362793, 0.5799868106842041, -0.19434992969036102, -0.5900534987449646, 0.6398372650146484, -0.49238765239715576, -0.16122595965862274, 0.5042060017585754, 0.8484000563621521),
            ["LeftLowerLeg"] = CFrame.new(-5.960464477539063e-08, -0.0007265210151672363, 0.00008103623986244202, 1, 4.4703494239684005e-08, 1.1175870895385742e-07, -4.470347647611561e-08, 0.42400866746902466, 0.9056582450866699, 1.4901159417490817e-08, -0.9056582450866699, 0.42400842905044556),
        }},
        {Time = 0.100, Data = {
            ["LeftFoot"] = CFrame.new(-7.078051567077637e-08, 0, -5.960464477539063e-08, 0.9091562628746033, -0.3968927264213562, 0.12613807618618011, 0.41225090622901917, 0.9006333947181702, -0.13751034438610077, -0.05902743339538574, 0.17701905965805054, 0.9824358820915222),
            ["LeftLowerArm"] = CFrame.new(0.0000013709068298339844, -9.5367431640625e-07, 0.000004425644874572754, 1, 7.450581485102248e-09, -5.21540641784668e-08, -3.3527612686157227e-08, 0.1920442283153534, -0.9813863039016724, 6.332993507385254e-08, 0.9813863635063171, 0.19204412400722504),
            ["LowerTorso"] = CFrame.new(-0.016354965046048164, -0.4311419725418091, 0.10384947806596756, 0.9932543635368347, 0.1154317781329155, 0.011012068949639797, -0.11579806357622147, 0.9923723936080933, 0.04228401929140091, -0.006047152914106846, -0.04327396675944328, 0.9990449547767639),
            ["Head"] = CFrame.new(-1.4901161193847656e-08, -5.960464477539062e-07, 9.313225746154785e-09, 0.9944721460342407, 0.04413115978240967, -0.09527616947889328, -0.07773829996585846, 0.9194042086601257, -0.38555511832237244, 0.0705823227763176, 0.3908303678035736, 0.9177525639533997),
            ["RightUpperArm"] = CFrame.new(-0.029202580451965332, -0.023885011672973633, 0.06496614217758179, 0.9855460524559021, 0.03462995961308479, 0.1658305674791336, -0.07377131283283234, 0.9689266085624695, 0.23609121143817902, -0.1525018960237503, -0.2449122816324234, 0.9574765563011169),
            ["UpperTorso"] = CFrame.new(-4.941830411553383e-08, 2.9802322387695312e-08, 1.1612428352236748e-08, 0.9856418371200562, -0.16460610926151276, 0.03761564567685127, 0.1524582952260971, 0.9633445143699646, 0.22073493897914886, -0.07257111370563507, -0.21183082461357117, 0.974608302116394),
            ["HumanoidRootPart"] = CFrame.new(0, 0, 0, 1, 0, 0, 0, 1, 0, 0, 0, 1),
            ["RightHand"] = CFrame.new(3.334134817123413e-07, 7.748603820800781e-07, -7.450580596923828e-07, 0.9784630537033081, -0.20348595082759857, -0.034693580120801926, 0.19276921451091766, 0.9608574509620667, -0.19898036122322083, 0.07382526248693466, 0.18800705671310425, 0.9793892502784729),
            ["LeftUpperArm"] = CFrame.new(0.02920222282409668, -0.02388739585876465, 0.06496527045965195, 0.9580441117286682, 0.2075653225183487, 0.19765664637088776, -0.19149264693260193, 0.9766454696655273, -0.0974385216832161, -0.21326544880867004, 0.05550064146518707, 0.9754167199134827),
            ["RightLowerArm"] = CFrame.new(7.748603820800781e-07, 5.960464477539062e-07, -0.0000036731362342834473, 1, -0.00001924112621054519, 0.0000017601998933969298, 0.000018846245438908227, 0.950293242931366, -0.3113565444946289, 0.000004269183136784704, 0.31135642528533936, 0.950293242931366),
            ["LeftHand"] = CFrame.new(-0.0000014528632164001465, -4.76837158203125e-07, 4.76837158203125e-07, 0.8910958766937256, 0.28605717420578003, -0.3523055613040924, -0.362617164850235, 0.9155981540679932, -0.17374995350837708, 0.27286800742149353, 0.2825799584388733, 0.9196150302886963),
            ["RightUpperLeg"] = CFrame.new(-1.4901161193847656e-07, -6.05359673500061e-09, 5.289621185511351e-09, 0.7732221484184265, -0.4805629253387451, 0.4137473404407501, 0.6299201846122742, 0.6571740508079529, -0.4139116406440735, -0.07299347966909409, 0.580673336982727, 0.8108578324317932),
            ["LeftUpperLeg"] = CFrame.new(0, -8.707866072654724e-08, -3.725290298461914e-09, 0.8872952461242676, 0.2979412078857422, -0.35204872488975525, -0.4239582121372223, 0.8274230360984802, -0.3682803511619568, 0.1815674602985382, 0.4760275185108185, 0.8604831695556641),
            ["RightLowerLeg"] = CFrame.new(-3.3527612686157227e-08, -0.0007266998291015625, 0.0000461207891930826, 1, 3.3527619791584584e-08, 7.4505820180093e-08, -1.303851746570217e-07, 0.48168694972991943, 0.8763433694839478, 4.4703490686970326e-08, -0.8763434886932373, 0.48168712854385376),
            ["RightFoot"] = CFrame.new(3.8137659430503845e-07, 1.1920928955078125e-07, 4.639878170564771e-08, 0.8323182463645935, 0.5441530346870422, -0.10556502640247345, -0.5425264835357666, 0.7606911063194275, -0.3563902974128723, -0.11362841725349426, 0.3539019823074341, 0.9283545017242432),
            ["LeftLowerLeg"] = CFrame.new(-2.1606683731079102e-07, -0.0007267594337463379, 0.0000810474157333374, 1, -3.72529100900465e-08, 0, -6.705522537231445e-08, 0.48272430896759033, 0.8757724165916443, 5.960464477539063e-08, -0.8757724761962891, 0.4827243387699127),
        }},
        {Time = 0.133, Data = {
            ["LeftFoot"] = CFrame.new(-7.82310962677002e-08, -5.960464477539063e-08, 0, 0.9471390843391418, -0.3117842972278595, 0.07561995089054108, 0.3015740215778351, 0.9456422924995422, 0.12171238660812378, -0.10945740342140198, -0.09247349202632904, 0.9896807074546814),
            ["LeftLowerArm"] = CFrame.new(0.000001430511474609375, -3.5762786865234375e-07, 0.000004492700099945068, 1, -7.450581485102248e-09, -2.980232594040899e-08, -1.862645371275562e-09, 0.3577263057231903, -0.9338265657424927, 1.5133994057947575e-09, 0.9338265061378479, 0.35772618651390076),
            ["LowerTorso"] = CFrame.new(-0.019620396196842194, -0.24813246726989746, 0.09635081142187119, 0.9945634007453918, 0.10205168277025223, 0.020714636892080307, -0.10274681448936462, 0.9940614104270935, 0.035848844796419144, -0.01693318597972393, -0.03778231143951416, 0.9991425275802612),
            ["Head"] = CFrame.new(-3.725290298461914e-09, -5.960464477539062e-07, -3.189779818058014e-08, 0.9962896108627319, 0.04300057888031006, -0.07455212622880936, -0.0641617476940155, 0.9484419226646423, -0.3103887438774109, 0.057361457496881485, 0.3140203654766083, 0.9476819038391113),
            ["RightUpperArm"] = CFrame.new(-0.029202520847320557, -0.023885011672973633, 0.0649661123752594, 0.9570550322532654, 0.01988826133310795, 0.2892233431339264, -0.10110055655241013, 0.9579100012779236, 0.26867684721946716, -0.2717064917087555, -0.2863790988922119, 0.9187831878662109),
            ["UpperTorso"] = CFrame.new(4.190951585769653e-09, 0, -2.584420144557953e-08, 0.9896532297134399, -0.14274534583091736, 0.0144991185516119, 0.13723385334014893, 0.9712172746658325, 0.19468910992145538, -0.041872747242450714, -0.19068503379821777, 0.9807578921318054),
            ["HumanoidRootPart"] = CFrame.new(0, 0, 0, 1, 0, 0, 0, 1, 0, 0, 0, 1),
            ["RightHand"] = CFrame.new(1.30385160446167e-07, 9.5367431640625e-07, -7.450580596923828e-07, 0.9721310138702393, -0.2049648016691208, -0.1138017401099205, 0.17684751749038696, 0.9597982168197632, -0.2179732620716095, 0.15390346944332123, 0.19177305698394775, 0.9692971110343933),
            ["LeftUpperArm"] = CFrame.new(0.02920222282409668, -0.0238877534866333, 0.06496521085500717, 0.9612100124359131, 0.22067511081695557, 0.16546231508255005, -0.18193091452121735, 0.9581546783447266, -0.22099962830543518, -0.20730771124362946, 0.18232442438602448, 0.9611354470252991),
            ["RightLowerArm"] = CFrame.new(9.5367431640625e-07, 1.1920928955078125e-07, -0.000003877572453347966, 1, -0.000019252300262451172, 0.0000017732384094415465, 0.000018872320652008057, 0.950975239276886, -0.3092672526836395, 0.000004235655069351196, 0.3092672824859619, 0.9509751796722412),
            ["LeftHand"] = CFrame.new(-0.0000014603137969970703, -5.960464477539062e-07, 2.8312206268310547e-07, 0.8218733668327332, 0.3727130591869354, -0.43082359433174133, -0.5082691311836243, 0.8212997317314148, -0.2590932846069336, 0.25726786255836487, 0.4319162964820862, 0.8644430041313171),
            ["RightUpperLeg"] = CFrame.new(-2.9802322387695312e-08, -4.009343683719635e-07, -3.6154233384877443e-08, 0.824846088886261, -0.5187166929244995, 0.22485944628715515, 0.5653203725814819, 0.761293351650238, -0.3175618350505829, -0.006459400989115238, 0.3890572190284729, 0.9211909174919128),
            ["LeftUpperLeg"] = CFrame.new(0, -9.173527359962463e-08, -2.8870999813079834e-08, 0.9139588475227356, 0.33632856607437134, -0.22707346081733704, -0.3920961618423462, 0.8761101961135864, -0.2805204391479492, 0.1045944020152092, 0.3454187214374542, 0.9326016902923584),
            ["RightLowerLeg"] = CFrame.new(-1.3131648302078247e-07, -0.0007266402244567871, 0.00004607608570950106, 1, -1.210719791089332e-08, 2.2351747119842003e-08, -2.2351736461700966e-08, 0.764736533164978, 0.6443430781364441, -1.4901157641133977e-08, -0.6443432569503784, 0.7647366523742676),
            ["RightFoot"] = CFrame.new(1.3387762010097504e-07, 1.7881393432617188e-07, -7.617927622050047e-09, 0.8620189428329468, 0.49773555994033813, -0.09582576155662537, -0.5062220096588135, 0.8549838662147522, -0.11288149654865265, 0.02574431337416172, 0.14581513404846191, 0.9889768958091736),
            ["LeftLowerLeg"] = CFrame.new(-1.1920928955078125e-07, -0.0007268786430358887, 0.00008106231689453125, 1, 1.862644971595273e-08, 4.470347647611561e-08, -8.195638656616211e-08, 0.7266258597373962, 0.6870332956314087, -1.4901161193847656e-08, -0.6870335340499878, 0.726625919342041),
        }},
        {Time = 0.167, Data = {
            ["LeftFoot"] = CFrame.new(1.6763806343078613e-08, 5.960464477539063e-08, 1.4901161193847656e-08, 0.9317429065704346, -0.28881898522377014, 0.22008785605430603, 0.22815433144569397, 0.9371662139892578, 0.2639417350292206, -0.28249049186706543, -0.19571171700954437, 0.9390932321548462),
            ["LeftLowerArm"] = CFrame.new(0.0000011920928955078125, 5.960464477539063e-08, 0.000004652887582778931, 1, 1.1175870895385742e-08, -1.1175872671742582e-08, -1.6763808119435453e-08, 0.33126547932624817, -0.943537712097168, 1.6763808119435453e-08, 0.9435376524925232, 0.331265389919281),
            ["LowerTorso"] = CFrame.new(-0.02365897223353386, -0.10490024089813232, 0.08890290558338165, 0.9956744909286499, 0.08741017431020737, 0.03149307891726494, -0.08828037977218628, 0.9957191348075867, 0.02738843858242035, -0.02896423079073429, -0.030050192028284073, 0.9991286396980286),
            ["Head"] = CFrame.new(-1.5832483768463135e-08, -7.152557373046875e-07, -6.076879799365997e-08, 0.9979164004325867, 0.03873063996434212, -0.05160386115312576, -0.04993286728858948, 0.970102071762085, -0.2375052571296692, 0.04086228087544441, 0.2395869344472885, 0.9700146317481995),
            ["RightUpperArm"] = CFrame.new(-0.029202520847320557, -0.023885130882263184, 0.0649661049246788, 0.931790292263031, -0.0025595519691705704, 0.3629884123802185, -0.12053088843822479, 0.9410591125488281, 0.3160382807254791, -0.3424023687839508, -0.33823254704475403, 0.8765610456466675),
            ["UpperTorso"] = CFrame.new(1.909211277961731e-08, 3.5762786865234375e-07, -2.8579961508512497e-08, 0.9927250146865845, -0.11957519501447678, -0.014103062450885773, 0.12018891423940659, 0.9771326184272766, 0.17540405690670013, -0.00719343451783061, -0.17582306265830994, 0.9843955636024475),
            ["HumanoidRootPart"] = CFrame.new(0, 0, 0, 1, 0, 0, 0, 1, 0, 0, 0, 1),
            ["RightHand"] = CFrame.new(3.203749656677246e-07, 3.5762786865234375e-07, -8.195638656616211e-07, 0.9562153220176697, -0.19174766540527344, -0.22109998762607574, 0.14103828370571136, 0.9638748168945312, -0.22595034539699554, 0.2564380466938019, 0.18487365543842316, 0.9487156271934509),
            ["LeftUpperArm"] = CFrame.new(0.029202282428741455, -0.0238875150680542, 0.06496520340442657, 0.9563458561897278, 0.24204234778881073, 0.16376270353794098, -0.17753036320209503, 0.9263027906417847, -0.3323344886302948, -0.23213274776935577, 0.28875383734703064, 0.9288356304168701),
            ["RightLowerArm"] = CFrame.new(7.450580596923828e-07, 2.980232238769531e-07, -0.000004179775714874268, 1, -0.000019215041902498342, 0.0000024307521471200744, 0.000018849968910217285, 0.9404816627502441, -0.33984458446502686, 0.000004254281520843506, 0.33984461426734924, 0.9404816627502441),
            ["LeftHand"] = CFrame.new(-0.0000011324882507324219, -7.152557373046875e-07, 1.341104507446289e-07, 0.761421799659729, 0.4087338149547577, -0.5031632781028748, -0.5803909301757812, 0.775569498538971, -0.24827083945274353, 0.2887614071369171, 0.4810704290866852, 0.8277610540390015),
            ["RightUpperLeg"] = CFrame.new(-5.960464477539063e-08, 2.0954757928848267e-08, -2.3115717340260744e-08, 0.8558676838874817, -0.4641129970550537, 0.22823180258274078, 0.5149330496788025, 0.8058931827545166, -0.2921988070011139, -0.04831729829311371, 0.36760765314102173, 0.928725004196167),
            ["LeftUpperLeg"] = CFrame.new(8.940696716308594e-08, 2.0256265997886658e-07, -2.60770320892334e-08, 0.9317892789840698, 0.3001822233200073, -0.20410670340061188, -0.3490736484527588, 0.8952298760414124, -0.27696770429611206, 0.09958169609308243, 0.329323947429657, 0.9389512538909912),
            ["RightLowerLeg"] = CFrame.new(-6.332993507385254e-08, -0.0007267594337463379, 0.00004601648106472567, 1, 2.6077044523731274e-08, 7.07805440924858e-08, -8.568167686462402e-08, 0.7815977334976196, 0.623782753944397, -7.450580596923828e-09, -0.6237828135490417, 0.7815978527069092),
            ["RightFoot"] = CFrame.new(1.0104849934577942e-07, 1.1920928955078125e-07, 5.420588422566652e-09, 0.9400468468666077, 0.31471434235572815, -0.13140279054641724, -0.3135659992694855, 0.9490960240364075, 0.029888391494750977, 0.13412022590637207, 0.013106979429721832, 0.9908784031867981),
            ["LeftLowerLeg"] = CFrame.new(1.4901161193847656e-07, -0.0007270574569702148, 0.00008101761341094971, 1, -2.6077035641947077e-08, 2.9802322387695312e-08, -4.6566128730773926e-08, 0.7260014414787292, 0.687693178653717, 7.450580596923828e-09, -0.6876931190490723, 0.726001501083374),
        }},
        {Time = 0.200, Data = {
            ["LeftFoot"] = CFrame.new(5.029141902923584e-08, -5.960464477539063e-08, -8.940696716308594e-08, 0.9619379639625549, -0.1866181194782257, 0.1996222585439682, 0.15633739531040192, 0.9749685525894165, 0.15809908509254456, -0.2241297960281372, -0.12087292969226837, 0.9670345187187195),
            ["LeftLowerArm"] = CFrame.new(0.0000014007091522216797, -7.748603820800781e-07, 0.000004857778549194336, 1, -3.725290298461914e-08, -2.0489098417897367e-08, -2.980232594040899e-08, 0.19964417815208435, -0.9798685908317566, 4.4703490686970326e-08, 0.979868471622467, 0.19964411854743958),
            ["LowerTorso"] = CFrame.new(-0.028318816795945168, -0.003399372100830078, 0.081031933426857, 0.9965597987174988, 0.07089082151651382, 0.04293200746178627, -0.07176139950752258, 0.9972392320632935, 0.019086234271526337, -0.041460443288087845, -0.02210143208503723, 0.9988957047462463),
            ["Head"] = CFrame.new(4.423782229423523e-09, -4.76837158203125e-07, 1.5890691429376602e-08, 0.9991226196289062, 0.030982378870248795, -0.02818133868277073, -0.03519124910235405, 0.9858673810958862, -0.16379040479660034, 0.022708449512720108, 0.1646382212638855, 0.9860925674438477),
            ["RightUpperArm"] = CFrame.new(-0.029202520847320557, -0.023885250091552734, 0.06496611982584, 0.91774582862854, -0.020073816180229187, 0.39666038751602173, -0.13438987731933594, 0.924115002155304, 0.35770198702812195, -0.373740553855896, -0.3815867006778717, 0.845405101776123),
            ["UpperTorso"] = CFrame.new(-6.351910997182131e-08, 1.1920928955078125e-07, -6.898517312947661e-09, 0.9944102764129639, -0.0949781984090805, -0.04612446948885918, 0.10129047185182571, 0.9814504384994507, 0.16277435421943665, 0.029808884486556053, -0.166536346077919, 0.9855846762657166),
            ["HumanoidRootPart"] = CFrame.new(0, 0, 0, 1, 0, 0, 0, 1, 0, 0, 0, 1),
            ["RightHand"] = CFrame.new(3.501772880554199e-07, 8.344650268554688e-07, -7.748603820800781e-07, 0.9225451350212097, -0.18734100461006165, -0.3373633623123169, 0.10461481660604477, 0.962928295135498, -0.2486458718776703, 0.3714381456375122, 0.19409386813640594, 0.9079434275627136),
            ["LeftUpperArm"] = CFrame.new(0.02920222282409668, -0.02388787269592285, 0.06496520340442657, 0.9451472759246826, 0.27537158131599426, 0.1756899207830429, -0.15313179790973663, 0.8486334085464478, -0.5063321590423584, -0.2885259985923767, 0.45165470242500305, 0.8442516922950745),
            ["RightLowerArm"] = CFrame.new(5.960464477539062e-07, 2.980232238769531e-07, -0.000004030764102935791, 1, -0.000019155444533680566, 0.0000026859345325647155, 0.000018857421309803613, 0.9346207976341248, -0.35564595460891724, 0.0000042617325561877806, 0.3556460440158844, 0.93462073802948),
            ["LeftHand"] = CFrame.new(-0.000001385807991027832, -8.344650268554688e-07, 3.0547380447387695e-07, 0.7080088257789612, 0.38434046506881714, -0.5924573540687561, -0.5587042570114136, 0.8179671168327332, -0.13703863322734833, 0.4319412112236023, 0.4280330538749695, 0.793860673904419),
            ["RightUpperLeg"] = CFrame.new(-5.960464477539063e-08, -2.2328458726406097e-07, -1.4733814168721437e-08, 0.9202004671096802, -0.3021763265132904, 0.24883833527565002, 0.3845471143722534, 0.8166560530662537, -0.4303448498249054, -0.0731753259897232, 0.4916932284832001, 0.8676881790161133),
            ["LeftUpperLeg"] = CFrame.new(-2.9802322387695312e-08, -1.0547228157520294e-07, -5.587935447692871e-09, 0.9590610265731812, 0.22857050597667694, -0.16720500588417053, -0.2730875015258789, 0.9027832746505737, -0.3322734832763672, 0.07500208914279938, 0.364331990480423, 0.9282439947128296),
            ["RightLowerLeg"] = CFrame.new(-1.1548399925231934e-07, -0.0007265210151672363, 0.00004595687641995028, 1, 6.332995639013461e-08, 5.6810691262398905e-08, -1.1548402767402877e-07, 0.6535930633544922, 0.7568459510803223, -7.450582373280668e-09, -0.7568463087081909, 0.6535933613777161),
            ["RightFoot"] = CFrame.new(1.8486753106117249e-07, 1.1920928955078125e-07, 5.152105586603284e-08, 0.9715383052825928, 0.21445608139038086, -0.10060768574476242, -0.20477746427059174, 0.9738507270812988, 0.09839192032814026, 0.11907759308815002, -0.07498928159475327, 0.9900491237640381),
            ["LeftLowerLeg"] = CFrame.new(-6.51925802230835e-09, -0.0007265806198120117, 0.00008087605237960815, 1, 4.842878453814592e-08, 8.195638656616211e-08, -4.842875611643649e-08, 0.65836501121521, 0.7526988983154297, 1.4901155864777138e-08, -0.7526989579200745, 0.65836501121521),
        }},
        {Time = 0.233, Data = {
            ["LeftFoot"] = CFrame.new(-1.1641532182693481e-09, 5.960464477539063e-08, -2.2351741790771484e-08, 0.9872883558273315, -0.1119629442691803, 0.11280928552150726, 0.10701947659254074, 0.993049681186676, 0.04898318275809288, -0.11750967800617218, -0.0362875871360302, 0.9924085736274719),
            ["LeftLowerArm"] = CFrame.new(0.0000014901161193847656, -0.0000011324882507324219, 0.000004604458808898926, 1, -3.72529100900465e-08, -2.2351741790771484e-08, -3.725290653733282e-08, 0.13734541833400726, -0.9905232191085815, 2.980232594040899e-08, 0.9905232787132263, 0.1373453587293625),
            ["LowerTorso"] = CFrame.new(-0.03310028091073036, 0.06000685691833496, 0.07450200617313385, 0.9970639944076538, 0.053922880440950394, 0.054366376250982285, -0.05447155982255936, 0.9984778165817261, 0.008660522289574146, -0.05381661653518677, -0.011596516706049442, 0.9984835386276245),
            ["Head"] = CFrame.new(1.0477378964424133e-08, -2.384185791015625e-07, 6.28642737865448e-09, 0.9998189806938171, 0.01811765879392624, -0.005812301300466061, -0.01861857995390892, 0.9945482015609741, -0.10260264575481415, 0.003921709954738617, 0.10269207507371902, 0.9947054982185364),
            ["RightUpperArm"] = CFrame.new(-0.029202580451965332, -0.023885011672973633, 0.06496614217758179, 0.9306601881980896, -0.007204350549727678, 0.36581358313560486, -0.13844171166419983, 0.9185391664505005, 0.37029698491096497, -0.33868199586868286, -0.39526456594467163, 0.8538504838943481),
            ["UpperTorso"] = CFrame.new(-8.847564458847046e-09, 5.960464477539063e-08, -1.4551915228366852e-08, 0.9944854378700256, -0.06883559376001358, -0.07912365347146988, 0.08056820183992386, 0.9844323992729187, 0.15621080994606018, 0.06713902205228806, -0.16172410547733307, 0.9845495223999023),
            ["HumanoidRootPart"] = CFrame.new(0, 0, 0, 1, 0, 0, 0, 1, 0, 0, 0, 1),
            ["RightHand"] = CFrame.new(1.341104507446289e-07, 4.172325134277344e-07, -8.046627044677734e-07, 0.8840588927268982, -0.20312181115150452, -0.4209296405315399, 0.072580486536026, 0.9493630528450012, -0.3056826591491699, 0.46170565485954285, 0.2396901249885559, 0.8540353178977966),
            ["LeftUpperArm"] = CFrame.new(0.029202282428741455, -0.023887276649475098, 0.06496525555849075, 0.9398884177207947, 0.31120947003364563, 0.14056462049484253, -0.11448508501052856, 0.6749813556671143, -0.7288987636566162, -0.32171884179115295, 0.6689908504486084, 0.6700359582901001),
            ["RightLowerArm"] = CFrame.new(7.748603820800781e-07, 0, -0.000004291534423828125, 1, -0.000019244849681854248, 0.0000015348193755926332, 0.000018846245438908227, 0.9533419013023376, -0.30189278721809387, 0.000004291534878575476, 0.3018927574157715, 0.9533418416976929),
            ["LeftHand"] = CFrame.new(-0.0000011324882507324219, -8.344650268554688e-07, -8.940696716308594e-08, 0.6476854681968689, 0.3313901126384735, -0.6860639452934265, -0.4836350083351135, 0.8746046423912048, -0.034119248390197754, 0.5887280702590942, 0.35390302538871765, 0.726740837097168),
            ["RightUpperLeg"] = CFrame.new(-8.940696716308594e-08, -1.6362173482775688e-07, -2.590968506410718e-08, 0.9671472311019897, -0.1295597106218338, 0.21872478723526, 0.2318304181098938, 0.8025323748588562, -0.549724280834198, -0.10431167483329773, 0.5823711156845093, 0.8062027096748352),
            ["LeftUpperLeg"] = CFrame.new(0, -3.9942096918821335e-07, -1.1175870895385742e-08, 0.9781756401062012, 0.16554132103919983, -0.12557251751422882, -0.19904591143131256, 0.9199474453926086, -0.3377535343170166, 0.05960797145962715, 0.35537704825401306, 0.9328204989433289),
            ["RightLowerLeg"] = CFrame.new(-2.9802322387695312e-08, -0.0007265210151672363, 0.00004595687641995028, 1, 4.842879164357328e-08, 7.450583439094771e-08, -6.705522537231445e-08, 0.5780640840530396, 0.8159911632537842, 1.4901161193847656e-08, -0.8159914016723633, 0.578064501285553),
            ["RightFoot"] = CFrame.new(1.7508864402770996e-07, 5.960464477539063e-08, 1.6952981241047382e-09, 0.9951534867286682, 0.086676225066185, -0.04644148051738739, -0.07684338837862015, 0.9801585674285889, 0.18271395564079285, 0.06135699525475502, -0.1782597303390503, 0.9820687174797058),
            ["LeftLowerLeg"] = CFrame.new(4.912726581096649e-08, -0.0007266402244567871, 0.00008093565702438354, 1, 6.053597445543346e-08, 1.0617080192787398e-07, -3.5390257835388184e-08, 0.6348167657852173, 0.7726626396179199, -1.30385160446167e-08, -0.7726627588272095, 0.6348170042037964),
        }},
        {Time = 0.267, Data = {
            ["LeftFoot"] = CFrame.new(4.470348358154297e-08, 5.960464477539063e-08, 2.9802322387695312e-08, 0.9969885349273682, -0.07668983191251755, 0.011519194580614567, 0.07678864151239395, 0.9970121383666992, -0.008390935137867928, -0.010841261595487595, 0.009250400587916374, 0.9998985528945923),
            ["LeftLowerArm"] = CFrame.new(0.0000014901161193847656, -5.364418029785156e-07, 0.000004656612873077393, 1, -7.450582373280668e-09, -2.2351745343485163e-08, 7.450581485102248e-09, 0.155853271484375, -0.9877802133560181, 2.6077035641947077e-08, 0.9877802729606628, 0.1558532565832138),
            ["LowerTorso"] = CFrame.new(-0.03751533105969429, 0.08884644508361816, 0.0710800290107727, 0.9971519112586975, 0.03799765184521675, 0.06514784693717957, -0.037674546241760254, 0.999271035194397, -0.006181370001286268, -0.0653352215886116, 0.003709349548444152, 0.9978565573692322),
            ["Head"] = CFrame.new(5.587935447692871e-09, -1.1920928955078125e-07, -1.618172973394394e-08, 0.9998962879180908, 0.0012542909244075418, 0.014349873177707195, -0.00023589565535075963, 0.9974941611289978, -0.07074984163045883, -0.014402618631720543, 0.07073903828859329, 0.9973909258842468),
            ["RightUpperArm"] = CFrame.new(-0.029202580451965332, -0.023884892463684082, 0.0649660974740982, 0.9634154438972473, 0.027270015329122543, 0.26662176847457886, -0.12697581946849823, 0.9225210547447205, 0.364461213350296, -0.23602540791034698, -0.3849821984767914, 0.8922337293624878),
            ["UpperTorso"] = CFrame.new(-6.984919309616089e-09, -3.2782554626464844e-07, -1.979060471057892e-09, 0.9929341077804565, -0.042217351496219635, -0.11090362071990967, 0.059525780379772186, 0.9856876730918884, 0.15772323310375214, 0.10265765339136124, -0.16321049630641937, 0.9812358617782593),
            ["HumanoidRootPart"] = CFrame.new(0, 0, 0, 1, 0, 0, 0, 1, 0, 0, 0, 1),
            ["RightHand"] = CFrame.new(3.8743019104003906e-07, 7.152557373046875e-07, -8.940696716308594e-07, 0.8839174509048462, -0.2185053825378418, -0.413455605506897, 0.05841227248311043, 0.9287901520729065, -0.3659738004207611, 0.46398061513900757, 0.2993398606777191, 0.8337371945381165),
            ["LeftUpperArm"] = CFrame.new(0.029202282428741455, -0.0238875150680542, 0.06496520340442657, 0.9418890476226807, 0.3327265679836273, 0.046239253133535385, -0.11172334849834442, 0.4400883615016937, -0.8909770846366882, -0.3168012499809265, 0.8340355753898621, 0.45168787240982056),
            ["RightLowerArm"] = CFrame.new(8.940696716308594e-07, 2.980232238769531e-07, -0.000003859400749206543, 1, -0.000019319355487823486, -4.1723257027115324e-07, 0.000018833205103874207, 0.9797120094299316, -0.20041052997112274, 0.000004276633262634277, 0.20041052997112274, 0.9797120094299316),
            ["LeftHand"] = CFrame.new(-0.0000012516975402832031, -0.0000012516975402832031, 8.940696716308594e-08, 0.5837990641593933, 0.2981528043746948, -0.755171000957489, -0.4236895740032196, 0.9053143262863159, 0.029890619218349457, 0.6925790905952454, 0.30250781774520874, 0.6548461318016052),
            ["RightUpperLeg"] = CFrame.new(0, -3.8949656300246716e-07, 9.480572771281004e-09, 0.9918249845504761, 0.0012495885603129864, 0.12759990990161896, 0.07578737288713455, 0.7987194061279297, -0.5969116687774658, -0.10266247391700745, 0.6017023324966431, 0.7920951247215271),
