return {
    ["Electro Swing"] = {
        {Time = 0.000, Data = {
            ["RightFoot"] = CFrame.new(-7.450580596923828e-09, 4.172325134277344e-07, 1.6952981241047382e-09, 0.9674329161643982, -0.020912500098347664, -0.25226232409477234, -0.04887579381465912, 0.9623944163322449, -0.2672227919101715, 0.24836409091949463, 0.2708500325679779, 0.9300300478935242),
            ["LeftLowerArm"] = CFrame.new(-2.086162567138672e-07, 1.1920928955078125e-07, -7.82310962677002e-08, 1, -8.940693874137651e-08, 8.475032586829911e-08, 1.0058283805847168e-07, 0.23287859559059143, -0.9725058078765869, 6.798654794692993e-08, 0.9725058674812317, 0.23287856578826904),
            ["RightUpperArm"] = CFrame.new(1.1920928955078125e-07, -5.960464477539062e-07, 1.4901161193847656e-08, 0.5482829213142395, -0.5243905782699585, 0.6514601111412048, 0.5256805419921875, 0.8219544291496277, 0.21920523047447205, -0.6504197716712952, 0.22227352857589722, 0.726325511932373),
            ["Head"] = CFrame.new(-1.3597309589385986e-07, -1.1920928955078125e-07, 1.434236764907837e-07, 0.8587409853935242, -0.10201949626207352, 0.5021515488624573, 0.10058853030204773, 0.9944750666618347, 0.030023563653230667, -0.5024399757385254, 0.024728361517190933, 0.864258348941803),
            ["RightHand"] = CFrame.new(-1.7881393432617188e-07, -2.980232238769531e-07, 1.6391277313232422e-07, 0.989397406578064, 0.14523270726203918, 0.0006171315908432007, -0.1446467489004135, 0.9857696890830994, -0.08564844727516174, -0.013047321699559689, 0.08465108275413513, 0.9963252544403076),
            ["UpperTorso"] = CFrame.new(5.4016709327697754e-08, -4.470348358154297e-07, -5.21540641784668e-08, 0.9888361096382141, -0.14377343654632568, -0.039147812873125076, 0.14868350327014923, 0.9346961379051208, 0.32285675406455994, -0.00982689019292593, -0.32507309317588806, 0.9456379413604736),
            ["HumanoidRootPart"] = CFrame.new(0, 0, 0, 1, 0, 0, 0, 1, 0, 0, 0, 1),
            ["RightUpperLeg"] = CFrame.new(5.960464477539063e-08, -0.0000012870877981185913, -1.6596459317952394e-08, 0.8812686204910278, -0.04034030809998512, -0.47089093923568726, -0.08223848044872284, 0.9680616855621338, -0.2368406057357788, 0.46540582180023193, 0.2474452704191208, 0.8498049378395081),
            ["LeftUpperArm"] = CFrame.new(0, 7.152557373046875e-07, 4.470348358154297e-08, 0.8788357377052307, 0.3167130649089813, -0.35684818029403687, -0.2605970501899719, 0.9451273679733276, 0.19703681766986847, 0.3996710479259491, -0.08016940951347351, 0.9131462574005127),
            ["RightLowerArm"] = CFrame.new(2.384185791015625e-07, 1.1920928955078125e-07, 2.384185791015625e-07, 1, -3.725289587919178e-08, 1.4901161193847656e-08, 5.960462345910855e-08, 0.8047118186950684, -0.5936656594276428, 2.9802311729554276e-08, 0.5936656594276428, 0.8047118186950684),
            ["LeftHand"] = CFrame.new(-2.60770320892334e-07, 0, -7.450580596923828e-08, 0.8119728565216064, -0.3688559830188751, -0.4523773789405823, 0.4000568091869354, 0.9160362482070923, -0.028847958892583847, 0.42503485083580017, -0.15755288302898407, 0.8913599848747253),
            ["LeftFoot"] = CFrame.new(3.725290298461914e-09, 5.960464477539063e-08, 4.842877388000488e-08, 0.9176434874534607, 0.15057909488677979, 0.36777231097221375, -0.12606464326381683, 0.9879358410835266, -0.08994791656732559, -0.3768797814846039, 0.036176878958940506, 0.9255554676055908),
            ["LowerTorso"] = CFrame.new(0.26916417479515076, -0.016700029373168945, -0.05600825697183609, 0.9664737582206726, 0.05439280346035957, 0.2509382665157318, -0.07105857878923416, 0.9957942366600037, 0.05783180892467499, -0.24673721194267273, -0.07372422516345978, 0.9662741422653198),
            ["RightLowerLeg"] = CFrame.new(-1.043081283569336e-07, -0.0001221299171447754, -0.00007746944174868986, 1, -1.1175870895385742e-07, 2.9802322387695312e-08, 8.568166975919667e-08, 0.7545839548110962, 0.6562030911445618, -1.0617075929530984e-07, -0.6562035083770752, 0.7545843124389648),
            ["LeftUpperLeg"] = CFrame.new(-5.960464477539063e-08, -0.0000010342337191104889, -4.0978193283081055e-08, 0.7865868806838989, 0.21614545583724976, 0.5784135460853577, 0.2713577449321747, 0.7204306125640869, -0.6382356882095337, -0.5546587109565735, 0.6589847207069397, 0.5080284476280212),
            ["LeftLowerLeg"] = CFrame.new(5.960464477539063e-08, 0.00012248754501342773, 0.00007738173007965088, 1, 1.341104507446289e-07, 5.960462345910855e-08, -1.1920927533992653e-07, 0.28790152072906494, 0.9576599597930908, -7.4505797087454084e-09, -0.9576600790023804, 0.2879015803337097),
        }},
        {Time = 0.033, Data = {
            ["RightFoot"] = CFrame.new(-1.4901161193847656e-08, 2.384185791015625e-07, -4.300818545743823e-08, 0.9571132063865662, -0.035675667226314545, -0.28750917315483093, -0.07149405032396317, 0.9326125979423523, -0.35372599959373474, 0.2807542085647583, 0.35911139845848083, 0.8900653719902039),
            ["LeftLowerArm"] = CFrame.new(-3.2782554626464844e-07, 4.76837158203125e-07, 1.4901161193847656e-07, 1, -7.823107495141812e-08, 6.519255180137407e-08, 8.381898908282892e-08, 0.2022462636232376, -0.9793347120285034, 3.259627590068703e-08, 0.9793346524238586, 0.20224618911743164),
            ["RightUpperArm"] = CFrame.new(-1.1920928955078125e-07, -9.5367431640625e-07, -2.9802322387695312e-08, 0.4643646776676178, -0.6780315041542053, 0.5697708129882812, 0.5126631259918213, 0.7303869724273682, 0.45134419202804565, -0.72217857837677, 0.08251210302114487, 0.6867676377296448),
            ["Head"] = CFrame.new(-5.587935447692871e-08, -1.1920928955078125e-07, 2.60770320892334e-08, 0.8613950610160828, -0.08038397878408432, 0.5015348196029663, 0.11959833651781082, 0.9917346835136414, -0.04646097496151924, -0.49365466833114624, 0.10000400990247726, 0.8638890981674194),
            ["RightHand"] = CFrame.new(2.9802322387695312e-08, -3.5762786865234375e-07, -1.1920928955078125e-07, 0.9893975257873535, 0.14523184299468994, 0.0006171876448206604, -0.14464591443538666, 0.9857698678970337, -0.08564714342355728, -0.013047091662883759, 0.08464973419904709, 0.9963254332542419),
            ["UpperTorso"] = CFrame.new(7.82310962677002e-08, -8.940696716308594e-08, 0, 0.9869436621665955, -0.15544289350509644, -0.04218866676092148, 0.16064201295375824, 0.9309744238853455, 0.32784271240234375, -0.011684201657772064, -0.3303396701812744, 0.9437898397445679),
            ["HumanoidRootPart"] = CFrame.new(0, 0, 0, 1, 0, 0, 0, 1, 0, 0, 0, 1),
            ["RightUpperLeg"] = CFrame.new(0, -8.260831236839294e-07, -9.145878721028566e-09, 0.8667715787887573, -0.08392442762851715, -0.4915929436683655, -0.0601009801030159, 0.9609754085540771, -0.27002644538879395, 0.49507057666778564, 0.26359641551971436, 0.8279022574424744),
            ["LeftUpperArm"] = CFrame.new(1.7881393432617188e-07, 1.1920928955078125e-07, -1.4901161193847656e-07, 0.8731483221054077, 0.3012007474899292, -0.38326239585876465, -0.25111106038093567, 0.9518322348594666, 0.17595094442367554, 0.4177979528903961, -0.05738984793424606, 0.9067256450653076),
            ["RightLowerArm"] = CFrame.new(2.384185791015625e-07, 2.384185791015625e-07, 7.152557373046875e-07, 1, -4.4703490686970326e-08, 3.725290298461914e-08, 1.1641532182693481e-08, 0.8597114086151123, -0.5107800364494324, 2.9802322387695312e-08, 0.5107801556587219, 0.8597114086151123),
            ["LeftHand"] = CFrame.new(-5.662441253662109e-07, -3.5762786865234375e-07, 1.4901161193847656e-08, 0.8276830911636353, -0.35886529088020325, -0.43145841360092163, 0.36637380719184875, 0.9279088973999023, -0.0689588412642479, 0.425101101398468, -0.10099899768829346, 0.8994933366775513),
            ["LeftFoot"] = CFrame.new(1.4901161193847656e-08, -1.7881393432617188e-07, 0, 0.895463764667511, 0.32199445366859436, 0.3073507249355316, -0.23103728890419006, 0.9263799786567688, -0.2973918318748474, -0.38048189878463745, 0.19529402256011963, 0.9039322733879089),
            ["LowerTorso"] = CFrame.new(0.2673051357269287, -0.04106855392456055, -0.06504976004362106, 0.9636006355285645, 0.08945196866989136, 0.2519371211528778, -0.10636766254901886, 0.9928422570228577, 0.054316144436597824, -0.24527513980865479, -0.07913703471422195, 0.9662181735038757),
            ["RightLowerLeg"] = CFrame.new(-1.4901161193847656e-08, -0.00012242794036865234, -0.00007726082549197599, 1, -8.195637946073475e-08, -2.2351745343485163e-08, 1.5273684539351962e-07, 0.7122340202331543, 0.701941967010498, -8.009371299522172e-08, -0.7019422650337219, 0.7122341394424438),
            ["LeftUpperLeg"] = CFrame.new(8.940696716308594e-08, -5.806796252727509e-07, -3.3527612686157227e-08, 0.7401648759841919, -0.012030144222080708, 0.6723178625106812, 0.3989786207675934, 0.812678337097168, -0.42470017075538635, -0.541269063949585, 0.5825883746147156, 0.606315553188324),
            ["LeftLowerLeg"] = CFrame.new(1.6391277313232422e-07, 0.0001227855682373047, 0.00007744133472442627, 1, 9.313224325069314e-08, 5.9604616353681195e-08, -1.043081283569336e-07, 0.5783463716506958, 0.8157911896705627, 5.960464477539063e-08, -0.8157913684844971, 0.5783465504646301),
        }},
        {Time = 0.067, Data = {
            ["RightFoot"] = CFrame.new(2.2351741790771484e-08, 1.7881393432617188e-07, 6.875052349641919e-08, 0.9299193024635315, -0.07968878746032715, -0.3590257465839386, -0.11800327897071838, 0.859967052936554, -0.49651944637298584, 0.3483177423477173, 0.5040897130966187, 0.7902967929840088),
            ["LeftLowerArm"] = CFrame.new(-2.086162567138672e-07, -2.384185791015625e-07, 5.960464477539063e-08, 1, -5.401669511684304e-08, 9.313224325069314e-08, 8.940694584680386e-08, 0.14002317190170288, -0.9901483058929443, 1.0430809993522416e-07, 0.9901482462882996, 0.14002329111099243),
            ["RightUpperArm"] = CFrame.new(0, -2.384185791015625e-07, 5.960464477539063e-08, 0.41099032759666443, -0.8480312824249268, 0.3345593512058258, 0.4517959952354431, 0.5082187652587891, 0.7332080602645874, -0.7918126583099365, -0.1501888483762741, 0.5920100808143616),
            ["Head"] = CFrame.new(1.4901161193847656e-08, 5.960464477539062e-07, 2.384185791015625e-07, 0.8640218377113342, -0.04737089201807976, 0.5012210011482239, 0.1277824491262436, 0.9835967421531677, -0.1273149847984314, -0.48696815967559814, 0.1740502268075943, 0.8559021949768066),
            ["RightHand"] = CFrame.new(-5.960464477539063e-08, -2.384185791015625e-07, 8.344650268554688e-07, 0.9893977642059326, 0.14523018896579742, 0.0006173475994728506, -0.14464426040649414, 0.9857702851295471, -0.08564542233943939, -0.013046856969594955, 0.08464805781841278, 0.9963254928588867),
            ["UpperTorso"] = CFrame.new(5.960464477539063e-08, -2.086162567138672e-07, -2.2351741790771484e-08, 0.9817970395088196, -0.1838327944278717, -0.047749895602464676, 0.18930453062057495, 0.9266849160194397, 0.3246827721595764, -0.015438200905919075, -0.3278117775917053, 0.944616973400116),
            ["HumanoidRootPart"] = CFrame.new(0, 0, 0, 1, 0, 0, 0, 1, 0, 0, 0, 1),
            ["RightUpperLeg"] = CFrame.new(1.1920928955078125e-07, -1.7695128917694092e-07, -1.6596459317952394e-08, 0.8289101719856262, -0.14156745374202728, -0.5411717295646667, -0.03820188343524933, 0.9508607387542725, -0.30725333094596863, 0.5580757856369019, 0.27535906434059143, 0.7827697396278381),
            ["LeftUpperArm"] = CFrame.new(1.1920928955078125e-07, 4.76837158203125e-07, 1.1920928955078125e-07, 0.8393955826759338, 0.31153273582458496, -0.4453790783882141, -0.26785579323768616, 0.9501200318336487, 0.1597663164138794, 0.4729360044002533, -0.014809653162956238, 0.8809723258018494),
            ["RightLowerArm"] = CFrame.new(4.76837158203125e-07, 2.980232238769531e-07, 2.682209014892578e-07, 1, -3.259628655882807e-08, -7.450582373280668e-09, 3.3527616238870905e-08, 0.9065977931022644, -0.42199575901031494, 0, 0.4219956696033478, 0.906597912311554),
            ["LeftHand"] = CFrame.new(-6.631016731262207e-07, -1.1920928955078125e-07, 1.1920928955078125e-07, 0.8607199192047119, -0.3287754952907562, -0.38867470622062683, 0.28498485684394836, 0.9438241720199585, -0.16727125644683838, 0.42183518409729004, 0.03320740535855293, 0.9060642123222351),
            ["LeftFoot"] = CFrame.new(-4.470348358154297e-08, -1.1920928955078125e-07, 2.2351741790771484e-08, 0.9010643362998962, 0.3765180706977844, 0.2152148187160492, -0.34781181812286377, 0.9238134622573853, -0.15998637676239014, -0.2590561509132385, 0.06930363923311234, 0.9633727669715881),
            ["LowerTorso"] = CFrame.new(0.26289400458335876, -0.09105372428894043, -0.07976099848747253, 0.9577568173408508, 0.13803483545780182, 0.25228604674339294, -0.1540198177099228, 0.9870583415031433, 0.04465213418006897, -0.24285748600959778, -0.08162293583154678, 0.966621994972229),
            ["RightLowerLeg"] = CFrame.new(-8.940696716308594e-08, -0.00012242794036865234, -0.00007740983710391447, 1, -5.960463766996327e-08, -6.705523958316917e-08, 9.313224325069314e-08, 0.6587266325950623, 0.7523820996284485, -4.0978189730367376e-08, -0.7523823976516724, 0.6587270498275757),
            ["LeftUpperLeg"] = CFrame.new(-1.1920928955078125e-07, -2.1560117602348328e-07, -1.4901161193847656e-08, 0.6724696159362793, -0.383759081363678, 0.6328614950180054, 0.4895191490650177, 0.8719503283500671, 0.008583451621234417, -0.5551177859306335, 0.3040257394313812, 0.7742175459861755),
            ["LeftLowerLeg"] = CFrame.new(3.3527612686157227e-08, 0.0001226663589477539, 0.00007737427949905396, 1, 1.4901154088420299e-08, 2.2351747119842003e-08, -1.4901161193847656e-08, 0.9819176197052002, 0.18930880725383759, 7.450580596923828e-08, -0.18930859863758087, 0.981917679309845),
        }},
        {Time = 0.100, Data = {
            ["RightFoot"] = CFrame.new(-1.1175870895385742e-08, 2.384185791015625e-07, -5.75528247281909e-09, 0.8964312076568604, -0.1383831650018692, -0.42102476954460144, -0.17442607879638672, 0.7631626725196838, -0.6222202181816101, 0.40741482377052307, 0.6312154531478882, 0.6599850058555603),
            ["LeftLowerArm"] = CFrame.new(-3.2782554626464844e-07, 2.980232238769531e-07, -2.980232238769531e-07, 1, -1.4156103134155273e-07, 8.940695295223122e-08, 9.685754776000977e-08, 0.06188623607158661, -0.9980831742286682, 8.195638656616211e-08, 0.998083233833313, 0.06188628822565079),
            ["RightUpperArm"] = CFrame.new(-1.1920928955078125e-07, 1.1920928955078125e-07, -1.4901161193847656e-07, 0.44446685910224915, -0.8872637152671814, 0.12333906441926956, 0.33209168910980225, 0.2910802364349365, 0.897210955619812, -0.8319642543792725, -0.35782065987586975, 0.4240282475948334),
            ["Head"] = CFrame.new(-4.470348358154297e-08, 1.1920928955078125e-07, 5.960464477539063e-08, 0.865925133228302, -0.030960483476519585, 0.49921461939811707, 0.12127687782049179, 0.981295108795166, -0.1495053619146347, -0.48524799942970276, 0.19000373780727386, 0.8534827828407288),
            ["RightHand"] = CFrame.new(9.685754776000977e-08, -3.5762786865234375e-07, 5.587935447692871e-07, 0.9893977642059326, 0.14522995054721832, 0.0006171148852445185, -0.14464408159255981, 0.9857702851295471, -0.08564493805170059, -0.01304652914404869, 0.08464770764112473, 0.9963256120681763),
            ["UpperTorso"] = CFrame.new(7.450580596923828e-09, 5.960464477539063e-08, -1.862645149230957e-09, 0.9754419922828674, -0.214015930891037, -0.052059292793273926, 0.21939359605312347, 0.9231874346733093, 0.31558117270469666, -0.019478902220726013, -0.3192526400089264, 0.9474695324897766),
            ["HumanoidRootPart"] = CFrame.new(0, 0, 0, 1, 0, 0, 0, 1, 0, 0, 0, 1),
            ["RightUpperLeg"] = CFrame.new(-2.9802322387695312e-08, 2.2351741790771484e-08, -1.4733814168721437e-08, 0.7848218083381653, -0.20388270914554596, -0.5852235555648804, -0.021457049995660782, 0.9348273277282715, -0.3544541895389557, 0.6193499565124512, 0.2907402813434601, 0.7292980551719666),
            ["LeftUpperArm"] = CFrame.new(0, 9.5367431640625e-07, -1.4901161193847656e-08, 0.7569425702095032, 0.34909212589263916, -0.5524243712425232, -0.3137224316596985, 0.9356930255889893, 0.16142158210277557, 0.5732505321502686, 0.0511210598051548, 0.8177838921546936),
            ["RightLowerArm"] = CFrame.new(5.364418029785156e-07, 4.172325134277344e-07, -1.1175870895385742e-07, 1, -1.3038519597330378e-08, 1.1175872671742582e-08, 3.073364140959711e-08, 0.9437780380249023, -0.3305801451206207, 0, 0.3305801451206207, 0.9437779188156128),
            ["LeftHand"] = CFrame.new(-3.725290298461914e-07, 5.960464477539063e-08, -8.940696716308594e-08, 0.8916126489639282, -0.2833767831325531, -0.3531637191772461, 0.1858416050672531, 0.9402564764022827, -0.285273015499115, 0.41290414333343506, 0.18872061371803284, 0.8910077214241028),
            ["LeftFoot"] = CFrame.new(-2.9802322387695312e-08, 5.960464477539063e-08, 3.725290298461914e-09, 0.9079173803329468, 0.3790871798992157, 0.1788276731967926, -0.3536946475505829, 0.9218440651893616, -0.1584414392709732, -0.22491393983364105, 0.08060117065906525, 0.9710391163825989),
            ["LowerTorso"] = CFrame.new(0.25646087527275085, -0.15626025199890137, -0.09224744886159897, 0.9507986903190613, 0.18011021614074707, 0.25207608938217163, -0.19315767288208008, 0.98077392578125, 0.027795614674687386, -0.24222341179847717, -0.07511844485998154, 0.9673082232475281),
            ["RightLowerLeg"] = CFrame.new(1.043081283569336e-07, -0.00012230873107910156, -0.00007748434290988371, 1, -7.450579886381092e-08, -5.21540641784668e-08, 1.6018749704471702e-07, 0.5854045748710632, 0.8107408285140991, -2.6077035641947077e-08, -0.8107413053512573, 0.5854052305221558),
            ["LeftUpperLeg"] = CFrame.new(0, 1.578591763973236e-07, -1.6763806343078613e-08, 0.636316180229187, -0.5099754929542542, 0.578814685344696, 0.515007495880127, 0.8394545316696167, 0.17344734072685242, -0.5743423700332642, 0.18772639334201813, 0.7967996597290039),
            ["LeftLowerLeg"] = CFrame.new(-4.284083843231201e-08, 0.00012248754501342773, 0.00007740571163594723, 1, 0, -6.33299421792799e-08, 5.960464477539063e-08, 0.9999871253967285, 0.005076311994343996, -1.30385160446167e-08, -0.005076287779957056, 0.9999871850013733),
        }},
        {Time = 0.133, Data = {
            ["RightFoot"] = CFrame.new(-3.3527612686157227e-08, 5.364418029785156e-07, -5.75528247281909e-09, 0.8795361518859863, -0.16840381920337677, -0.4450356960296631, -0.22155342996120453, 0.6827740669250488, -0.6962276697158813, 0.4211060702800751, 0.7109569311141968, 0.5632142424583435),
            ["LeftLowerArm"] = CFrame.new(-1.7881393432617188e-07, -0.0000011920928955078125, 0, 1, -8.195636524988004e-08, 8.940698137394065e-08, 6.70552182668871e-08, -0.01889834925532341, -0.9998214840888977, 1.0058282384761696e-07, 0.9998214244842529, -0.01889836974442005),
            ["RightUpperArm"] = CFrame.new(-1.1920928955078125e-07, -9.5367431640625e-07, 0, 0.5244137644767761, -0.851365327835083, -0.012931600213050842, 0.2057049423456192, 0.11194069683551788, 0.9721906781196594, -0.8262419104576111, -0.5124903917312622, 0.2338332086801529),
            ["Head"] = CFrame.new(-7.450580596923828e-09, -2.384185791015625e-07, -3.725290298461914e-08, 0.8673630356788635, -0.023526107892394066, 0.4971195161342621, 0.10554597526788712, 0.9848559498786926, -0.13754604756832123, -0.486355185508728, 0.17177140712738037, 0.8567107319831848),
            ["RightHand"] = CFrame.new(1.4901161193847656e-08, -2.980232238769531e-07, 3.336463123559952e-07, 0.9893977046012878, 0.14523003995418549, 0.000615375058259815, -0.1446443349123001, 0.9857702255249023, -0.0856451764702797, -0.013044856488704681, 0.08464812487363815, 0.9963254928588867),
            ["UpperTorso"] = CFrame.new(2.9802322387695312e-08, 2.682209014892578e-07, -4.470348358154297e-08, 0.9710737466812134, -0.23317018151283264, -0.05145425349473953, 0.23767924308776855, 0.9232214093208313, 0.30194514989852905, -0.022900914773344994, -0.30544060468673706, 0.9519357681274414),
            ["HumanoidRootPart"] = CFrame.new(0, 0, 0, 1, 0, 0, 0, 1, 0, 0, 0, 1),
            ["RightUpperLeg"] = CFrame.new(1.7881393432617188e-07, -2.337619662284851e-07, -3.894820110872388e-08, 0.7611104846000671, -0.25996437668800354, -0.5942468047142029, -0.004508493468165398, 0.9140254855155945, -0.40563228726387024, 0.648606538772583, 0.3114098310470581, 0.6945022344589233),
            ["LeftUpperArm"] = CFrame.new(-1.1920928955078125e-07, -5.960464477539062e-07, -4.470348358154297e-08, 0.6248041391372681, 0.3774928152561188, -0.6834611296653748, -0.3705221116542816, 0.9138644933700562, 0.16602762043476105, 0.6872650980949402, 0.14950275421142578, 0.7108556032180786),
            ["RightLowerArm"] = CFrame.new(1.7881393432617188e-07, 5.960464477539062e-07, -7.450580596923828e-09, 1, 0, -9.313225746154785e-10, 9.313224857976365e-09, 0.9707270860671997, -0.24018552899360657, -1.8626449271863521e-09, 0.24018549919128418, 0.9707270264625549),
            ["LeftHand"] = CFrame.new(-8.940696716308594e-08, -1.7881393432617188e-07, -1.4901161193847656e-07, 0.9091570973396301, -0.23689882457256317, -0.3425089418888092, 0.09809556603431702, 0.9211207032203674, -0.3767147660255432, 0.40473535656929016, 0.3088943660259247, 0.8606820702552795),
            ["LeftFoot"] = CFrame.new(1.4901161193847656e-08, 5.960464477539063e-08, 1.30385160446167e-08, 0.9068998098373413, 0.3846532106399536, 0.1719740778207779, -0.3521476089954376, 0.9160594344139099, -0.1919035017490387, -0.23135462403297424, 0.11347682774066925, 0.9662287831306458),
            ["LowerTorso"] = CFrame.new(0.24874338507652283, -0.22163176536560059, -0.10136568546295166, 0.94590163230896, 0.20444393157958984, 0.2519384026527405, -0.21351347863674164, 0.9768996238708496, 0.008897175081074238, -0.24429956078529358, -0.062208086252212524, 0.9677024483680725),
            ["RightLowerLeg"] = CFrame.new(7.450580596923828e-08, -0.00012248754501342773, -0.00007748434290988371, 1, -1.639127589214695e-07, -1.0430814256778831e-07, 1.7508865823856468e-07, 0.48104262351989746, 0.8766971230506897, -8.195639367158947e-08, -0.8766972422599792, 0.48104286193847656),
            ["LeftUpperLeg"] = CFrame.new(0, -5.649635568261147e-07, -1.1175870895385742e-08, 0.6219683885574341, -0.545159101486206, 0.5621004104614258, 0.526872456073761, 0.8223998546600342, 0.21462517976760864, -0.5792761445045471, 0.1626652479171753, 0.7987359762191772),
            ["LeftLowerLeg"] = CFrame.new(1.424923539161682e-07, 0.0001227855682373047, 0.00007734820246696472, 1, -2.9802308176840597e-08, -7.450580596923828e-09, 4.4703490686970326e-08, 0.9999872446060181, 0.005067288875579834, -1.4901162614933128e-07, -0.005067197140306234, 0.9999871850013733),
        }},
        {Time = 0.167, Data = {
            ["RightFoot"] = CFrame.new(-1.1175870895385742e-08, 4.172325134277344e-07, 3.149762051180005e-08, 0.8850030899047852, -0.14122281968593597, -0.4436507225036621, -0.23995493352413177, 0.6782352328300476, -0.694563090801239, 0.39898768067359924, 0.7211470603942871, 0.5663535594940186),
            ["LeftLowerArm"] = CFrame.new(-2.384185791015625e-07, -5.960464477539062e-07, 0, 1, -9.313222193441106e-08, 1.131556501832165e-07, 1.0058280253133489e-07, -0.08136796951293945, -0.9966841340065002, 2.9802311729554276e-08, 0.9966841340065002, -0.08136798441410065),
            ["RightUpperArm"] = CFrame.new(1.1920928955078125e-07, -3.5762786865234375e-07, -2.9802322387695312e-08, 0.6171872019767761, -0.7864314913749695, -0.02460522949695587, 0.09196890890598297, 0.04104846715927124, 0.9949154853820801, -0.7814228534698486, -0.6163120865821838, 0.0976618304848671),
            ["Head"] = CFrame.new(1.4901161193847656e-08, -2.384185791015625e-07, 8.195638656616211e-08, 0.8695594668388367, -0.021871941164135933, 0.49334394931793213, 0.08209841698408127, 0.991519033908844, -0.10074707865715027, -0.4869562089443207, 0.12810836732387543, 0.8639802932739258),
            ["RightHand"] = CFrame.new(-5.960464477539063e-08, -6.556510925292969e-07, -7.450580596923828e-09, 0.9893977046012878, 0.14523020386695862, 0.0006163604557514191, -0.14464449882507324, 0.9857702255249023, -0.08564546704292297, -0.013045914471149445, 0.0846482589840889, 0.9963255524635315),
            ["UpperTorso"] = CFrame.new(1.4901161193847656e-08, 3.2782554626464844e-07, 9.313225746154785e-10, 0.9695322513580322, -0.24082450568675995, -0.044842809438705444, 0.2435302883386612, 0.927794873714447, 0.28264784812927246, -0.026463551446795464, -0.28495681285858154, 0.958175003528595),
            ["HumanoidRootPart"] = CFrame.new(0, 0, 0, 1, 0, 0, 0, 1, 0, 0, 0, 1),
            ["RightUpperLeg"] = CFrame.new(0, 1.1455267667770386e-07, 2.6244379114359617e-08, 0.772916316986084, -0.28459352254867554, -0.5671039819717407, 0.012669963762164116, 0.9005140066146851, -0.43464264273643494, 0.6343814730644226, 0.32875707745552063, 0.6996276378631592),
            ["LeftUpperArm"] = CFrame.new(1.1920928955078125e-07, 4.76837158203125e-07, -4.470348358154297e-08, 0.41415882110595703, 0.3586636185646057, -0.8365603089332581, -0.4316611886024475, 0.886556088924408, 0.16639457643032074, 0.8013370633125305, 0.29219675064086914, 0.5219960808753967),
            ["RightLowerArm"] = CFrame.new(5.960464477539062e-07, 5.960464477539063e-08, 4.023313522338867e-07, 1, 3.8606234653570937e-08, 1.4901161193847656e-08, 1.30385116037246e-08, 0.9875267148017883, -0.15745201706886292, 3.7252889661942845e-09, 0.1574520617723465, 0.9875267148017883),
            ["LeftHand"] = CFrame.new(-2.384185791015625e-07, -5.960464477539063e-08, 2.1513551473617554e-07, 0.8727885484695435, -0.17837315797805786, -0.45433831214904785, -0.03406549617648125, 0.9063025116920471, -0.4212545156478882, 0.4869084060192108, 0.3831433951854706, 0.7849340438842773),
            ["LeftFoot"] = CFrame.new(2.2351741790771484e-08, 0, -1.4901161193847656e-08, 0.9096124768257141, 0.39318910241127014, 0.13419325649738312, -0.3325206935405731, 0.8826449513435364, -0.33221617341041565, -0.24906869232654572, 0.257565975189209, 0.9336084127426147),
            ["LowerTorso"] = CFrame.new(0.2409892976284027, -0.24574708938598633, -0.10405098646879196, 0.9449517726898193, 0.20858292281627655, 0.25210970640182495, -0.21447846293449402, 0.9767197966575623, -0.004185641650110483, -0.24711358547210693, -0.05011687055230141, 0.9676896929740906),
            ["RightLowerLeg"] = CFrame.new(-7.450580596923828e-08, -0.0001221299171447754, -0.00007729062781436369, 1, -1.1175866632129328e-07, -6.705525379402388e-08, 1.1257363041750068e-07, 0.3986048996448517, 0.9171226620674133, -8.568168397005138e-08, -0.9171227812767029, 0.39860522747039795),
            ["LeftUpperLeg"] = CFrame.new(-1.7881393432617188e-07, 4.436587914824486e-07, -4.0512531995773315e-08, 0.6260565519332886, -0.4689902663230896, 0.6229779720306396, 0.5326497554779053, 0.8406888246536255, 0.0976051539182663, -0.5695064663887024, 0.2707224488258362, 0.7761260867118835),
            ["LeftLowerLeg"] = CFrame.new(-5.587935447692871e-08, 0.00012254714965820312, 0.00007739663124084473, 1, -2.9802311729554276e-08, 5.215404996761208e-08, 0, 0.9600710868835449, 0.27975645661354065, 0, -0.2797563076019287, 0.9600709676742554),
        }},
        {Time = 0.200, Data = {
            ["RightFoot"] = CFrame.new(-1.862645149230957e-08, 2.980232238769531e-07, -2.029992174357176e-09, 0.9134932160377502, -0.07799112796783447, -0.3993090093135834, -0.21291086077690125, 0.7447016835212708, -0.6325251460075378, 0.34669750928878784, 0.6628248691558838, 0.6636748909950256),
            ["LeftLowerArm"] = CFrame.new(-3.5762786865234375e-07, -8.344650268554688e-07, 8.940696716308594e-08, 1, -9.03382755268467e-08, 1.0430807861894209e-07, 8.940693874137651e-08, -0.13099704682826996, -0.9913827180862427, 6.332991375757047e-08, 0.9913828372955322, -0.13099703192710876),
            ["RightUpperArm"] = CFrame.new(0, -3.5762786865234375e-07, 1.1920928955078125e-07, 0.6896095275878906, -0.7241657972335815, 0.004748579114675522, 0.040209852159023285, 0.04483632370829582, 0.998184859752655, -0.7230641841888428, -0.6881669759750366, 0.06003811955451965),
            ["Head"] = CFrame.new(2.2351741790771484e-08, -2.384185791015625e-07, -8.940696716308594e-08, 0.8779218792915344, -0.031661201268434525, 0.477756142616272, 0.0720735564827919, 0.995180606842041, -0.06649059057235718, -0.47334837913513184, 0.09280724078416824, 0.8759727478027344),
            ["RightHand"] = CFrame.new(3.5762786865234375e-07, -5.960464477539062e-07, -5.587935447692871e-07, 0.9893976449966431, 0.1452304571866989, 0.0006162635982036591, -0.1446448117494583, 0.9857701659202576, -0.08564571291208267, -0.013045810163021088, 0.0846485123038292, 0.9963254928588867),
            ["UpperTorso"] = CFrame.new(2.60770320892334e-08, 5.960464477539063e-08, 0, 0.9710724949836731, -0.23628905415534973, -0.034435294568538666, 0.23692001402378082, 0.9354273676872253, 0.2623826861381531, -0.02978643961250782, -0.26295095682144165, 0.9643492698669434),
            ["HumanoidRootPart"] = CFrame.new(0, 0, 0, 1, 0, 0, 0, 1, 0, 0, 0, 1),
            ["RightUpperLeg"] = CFrame.new(1.1920928955078125e-07, -9.406358003616333e-08, 9.480572771281004e-09, 0.8152372241020203, -0.2746903896331787, -0.5098366141319275, 0.025377485901117325, 0.8964525461196899, -0.44241267442703247, 0.5785709619522095, 0.34773266315460205, 0.7377923727035522),
            ["LeftUpperArm"] = CFrame.new(5.960464477539063e-08, 4.76837158203125e-07, -7.450580596923828e-08, 0.2359718382358551, 0.2639163136482239, -0.9352356195449829, -0.4672216773033142, 0.874687135219574, 0.1289440393447876, 0.8520688414573669, 0.40653520822525024, 0.3297088146209717),
            ["RightLowerArm"] = CFrame.new(3.5762786865234375e-07, 2.384185791015625e-07, 3.129243850708008e-07, 1, -1.5832483768463135e-08, -1.0244547432591844e-08, 1.8626449271863521e-09, 0.996124804019928, -0.08795125037431717, -7.4505797087454084e-09, 0.08795123547315598, 0.996124804019928),
            ["LeftHand"] = CFrame.new(-4.470348358154297e-07, -5.960464477539063e-08, 3.7997961044311523e-07, 0.7318332195281982, -0.10007216036319733, -0.6740962266921997, -0.2325288951396942, 0.8931290507316589, -0.38503357768058777, 0.6405861377716064, 0.43852728605270386, 0.630351722240448),
            ["LeftFoot"] = CFrame.new(5.960464477539063e-08, 1.1920928955078125e-07, 2.0489096641540527e-08, 0.9287802577018738, 0.37049657106399536, 0.00999064464122057, -0.3417673408985138, 0.8665673136711121, -0.3636704087257385, -0.14339624345302582, 0.33435529470443726, 0.9314742088317871),
            ["LowerTorso"] = CFrame.new(0.23220643401145935, -0.2107994556427002, -0.10443456470966339, 0.947476863861084, 0.19591504335403442, 0.2527943253517151, -0.20579279959201813, 0.9785096645355225, 0.012971680611371994, -0.24482034146785736, -0.0643136128783226, 0.9674331545829773),
            ["RightLowerLeg"] = CFrame.new(-1.4901161193847656e-08, -0.00012224912643432617, -0.00007732043013675138, 1, -1.6391277313232422e-07, -1.713633963618122e-07, 2.9802318834981634e-08, 0.3922400176525116, 0.9198629260063171, -1.341104365337742e-07, -0.9198629856109619, 0.39224007725715637),
            ["LeftUpperLeg"] = CFrame.new(5.960464477539063e-08, 5.9138983488082886e-08, -1.30385160446167e-08, 0.6563374996185303, -0.39311736822128296, 0.6439563632011414, 0.5343778729438782, 0.8447495102882385, -0.02895623818039894, -0.5325986742973328, 0.3631211221218109, 0.764514148235321),
            ["LeftLowerLeg"] = CFrame.new(5.960464477539063e-08, 0.00012260675430297852, 0.00007750093936920166, 1, -2.9802315282267955e-08, 5.960462345910855e-08, 5.960463766996327e-08, 0.8991000056266785, 0.4377431273460388, 6.70552182668871e-08, -0.4377431571483612, 0.899100124835968),
        }},
        {Time = 0.233, Data = {
            ["RightFoot"] = CFrame.new(2.0489096641540527e-08, 2.980232238769531e-07, 1.6596459317952394e-08, 0.9776504039764404, -0.021369433030486107, -0.20914867520332336, -0.10093873739242554, 0.8249494433403015, -0.5561202168464661, 0.18442119657993317, 0.5648025274276733, 0.8043552041053772),
            ["LeftLowerArm"] = CFrame.new(-2.980232238769531e-07, -4.76837158203125e-07, -3.8743019104003906e-07, 1, -1.3038513202445756e-07, 9.685753354915505e-08, 8.195637946073475e-08, -0.16999612748622894, -0.9854447245597839, 4.656612162534657e-08, 0.9854447245597839, -0.16999614238739014),
            ["RightUpperArm"] = CFrame.new(-1.7881393432617188e-07, -7.152557373046875e-07, 8.940696716308594e-08, 0.7346231937408447, -0.6780857443809509, 0.022986428812146187, 0.05617550387978554, 0.0945526733994484, 0.9939337372779846, -0.6761456727981567, -0.7288755178451538, 0.1075524091720581),
            ["Head"] = CFrame.new(-1.4901161193847656e-08, -9.5367431640625e-07, -7.82310962677002e-08, 0.8911725282669067, -0.06909719109535217, 0.44837164878845215, 0.07923957705497742, 0.9968481659889221, -0.0038733258843421936, -0.44669073820114136, 0.038980647921562195, 0.8938388228416443),
            ["RightHand"] = CFrame.new(1.1920928955078125e-07, 5.960464477539063e-08, 1.043081283569336e-07, 0.991576611995697, 0.1294843852519989, 0.0031179231591522694, -0.129263237118721, 0.9877890348434448, 0.08697131276130676, 0.008181571960449219, -0.08664175868034363, 0.9962059855461121),
            ["UpperTorso"] = CFrame.new(-1.4901161193847656e-08, 8.940696716308594e-08, -1.1175870895385742e-08, 0.97735595703125, -0.2103641927242279, -0.022852398455142975, 0.20944392681121826, 0.9463470578193665, 0.2460903376340866, -0.030142325907945633, -0.2453041523694992, 0.9689775109291077),
            ["HumanoidRootPart"] = CFrame.new(0, 0, 0, 1, 0, 0, 0, 1, 0, 0, 0, 1),
            ["RightUpperLeg"] = CFrame.new(5.960464477539063e-08, 8.381903171539307e-08, -5.012407200410962e-08, 0.8773854970932007, -0.25282663106918335, -0.40776628255844116, 0.06939493119716644, 0.9078275561332703, -0.4135619103908539, 0.47474104166030884, 0.33455610275268555, 0.8140597343444824),
            ["LeftUpperArm"] = CFrame.new(0, 2.384185791015625e-07, 5.960464477539063e-08, 0.261769562959671, 0.15564623475074768, -0.9524973034858704, -0.4621489644050598, 0.8866222500801086, 0.017871813848614693, 0.8472869396209717, 0.435517281293869, 0.3040224015712738),
            ["RightLowerArm"] = CFrame.new(5.364418029785156e-07, 1.1920928955078125e-07, 0.0000010654330253601074, 1, 3.073365206773815e-08, 6.51925802230835e-09, -7.450580596923828e-09, 0.9994736313819885, -0.03244449570775032, -1.862645149230957e-09, 0.03244449198246002, 0.9994735717773438),
            ["LeftHand"] = CFrame.new(-1.1920928955078125e-07, -1.7881393432617188e-07, 3.3527612686157227e-07, 0.5324583053588867, -0.028174038976430893, -0.8459872007369995, -0.39104163646698, 0.8782141208648682, -0.2753661870956421, 0.7507160305976868, 0.4774373173713684, 0.45659512281417847),
            ["LeftFoot"] = CFrame.new(-5.960464477539063e-08, -5.960464477539063e-08, -2.7939677238464355e-08, 0.9386476874351501, 0.23124665021896362, -0.25586268305778503, -0.3118930757045746, 0.8858054876327515, -0.34361517429351807, 0.14718469977378845, 0.40233534574508667, 0.9035834670066833),
            ["LowerTorso"] = CFrame.new(0.2218399941921234, -0.15112543106079102, -0.09865275770425797, 0.9509367346763611, 0.17628046870231628, 0.2542530596256256, -0.19198603928089142, 0.9806564450263977, 0.03813515231013298, -0.24261245131492615, -0.08507715165615082, 0.9663856029510498),
            ["RightLowerLeg"] = CFrame.new(1.4901161193847656e-08, -0.00012230873107910156, -0.00007735023245913908, 1, -1.601874686230076e-07, -1.6391281576488836e-07, 1.690350046601452e-07, 0.441453218460083, 0.897284209728241, -1.0617074508445512e-07, -0.8972843289375305, 0.44145360589027405),
            ["LeftUpperLeg"] = CFrame.new(-2.384185791015625e-07, 3.8300640881061554e-07, -3.166496753692627e-08, 0.7496663331985474, -0.2824319899082184, 0.5985252261161804, 0.4781108796596527, 0.8564462065696716, -0.194705069065094, -0.45761385560035706, 0.43212518095970154, 0.7770826816558838),
            ["LeftLowerLeg"] = CFrame.new(1.043081283569336e-07, 0.0001227855682373047, 0.00007747113704681396, 1, 1.1734663019069558e-07, -7.4505797087454084e-09, -5.2154071283894154e-08, 0.8190662264823914, 0.5736992359161377, -1.4901162970204496e-08, -0.5736989974975586, 0.8190659880638123),
        }},
        {Time = 0.267, Data = {
            ["RightFoot"] = CFrame.new(-2.2351741790771484e-08, 2.384185791015625e-07, 1.845910446718335e-08, 0.9988358616828918, -0.012460680678486824, -0.046601660549640656, -0.011189320124685764, 0.8798635005950928, -0.47509485483169556, 0.04692336171865463, 0.4750632643699646, 0.8786997199058533),
            ["LeftLowerArm"] = CFrame.new(-5.066394805908203e-07, 1.1920928955078125e-07, -1.564621925354004e-07, 1, -3.539024007181979e-08, 9.685752644372769e-08, 8.940693874137651e-08, -0.18787625432014465, -0.9821927547454834, 1.513398615315964e-07, 0.9821926951408386, -0.18787629902362823),
            ["RightUpperArm"] = CFrame.new(-1.1920928955078125e-07, -1.1920928955078125e-07, 2.9802322387695312e-08, 0.7466839551925659, -0.6625890731811523, 0.05864304304122925, 0.12676990032196045, 0.22829455137252808, 0.9653036594390869, -0.6529874801635742, -0.7133424282073975, 0.2544602155685425),
            ["Head"] = CFrame.new(-7.450580596923828e-09, 0, -3.725290298461914e-09, 0.9244871735572815, -0.09841064363718033, 0.3682917058467865, 0.08466754108667374, 0.9949808716773987, 0.05333453416824341, -0.37169182300567627, -0.018124712631106377, 0.9281792044639587),
            ["RightHand"] = CFrame.new(8.940696716308594e-08, -1.1920928955078125e-07, -2.1606683731079102e-07, 0.9941518902778625, 0.10797116905450821, 0.0020993875805288553, -0.10313726961612701, 0.9435219764709473, 0.31484755873680115, 0.03201363608241081, -0.3132227659225464, 0.9491400122642517),
            ["UpperTorso"] = CFrame.new(1.862645149230957e-08, 0, -1.4901161193847656e-08, 0.9866890907287598, -0.1621646136045456, -0.012132544070482254, 0.16054265201091766, 0.9595020413398743, 0.23147766292095184, -0.02589627541601658, -0.23034432530403137, 0.9727646112442017),
            ["HumanoidRootPart"] = CFrame.new(0, 0, 0, 1, 0, 0, 0, 1, 0, 0, 0, 1),
            ["RightUpperLeg"] = CFrame.new(2.384185791015625e-07, -4.861503839492798e-07, -3.894820110872388e-08, 0.9337171316146851, -0.20259474217891693, -0.2951742112636566, 0.09260056167840958, 0.9330920577049255, -0.34751197695732117, 0.34582868218421936, 0.29714423418045044, 0.8900043368339539),
            ["LeftUpperArm"] = CFrame.new(0, 7.152557373046875e-07, -1.4901161193847656e-08, 0.33294934034347534, 0.07660257816314697, -0.9398281574249268, -0.42620909214019775, 0.9012962579727173, -0.07752952724695206, 0.8411245942115784, 0.42637667059898376, 0.3327346444129944),
            ["RightLowerArm"] = CFrame.new(5.364418029785156e-07, 1.1920928955078125e-07, 0.000001043081283569336, 1, -1.1175870895385742e-08, 1.8626449271863521e-09, 1.6763801014008095e-08, 1, 1.8626449271863521e-09, -9.313222193441106e-09, -1.862645149230957e-09, 1),
            ["LeftHand"] = CFrame.new(-4.470348358154297e-07, 0, 2.1047890186309814e-07, 0.42720136046409607, 0.0034651020541787148, -0.9041498899459839, -0.4470404088497162, 0.8700215816497803, -0.20788773894309998, 0.7859095931053162, 0.49300146102905273, 0.37322336435317993),
            ["LeftFoot"] = CFrame.new(5.727633833885193e-08, 0, -4.190951585769653e-09, 0.8852139115333557, 0.05989726632833481, -0.4613121747970581, -0.24013863503932953, 0.9081646800041199, -0.34288549423217773, 0.39840927720069885, 0.41430577635765076, 0.8183035254478455),
            ["LowerTorso"] = CFrame.new(0.20982865989208221, -0.09437274932861328, -0.0887022465467453, 0.955378532409668, 0.14640358090400696, 0.256550133228302, -0.16813057661056519, 0.9836335182189941, 0.06478595733642578, -0.2428663969039917, -0.10502901673316956, 0.964357316493988),
