return {
    ["Empress Fan Dance"] = {
        {Time = 0.000, Data = {
            ["RightFoot"] = CFrame.new(-1.5832483768463135e-07, 1.7881393432617188e-07, -5.75528247281909e-09, 0.962587296962738, 0.25296905636787415, 0.09712126851081848, -0.2609443664550781, 0.9619811177253723, 0.08062444627285004, -0.07303337752819061, -0.10295132547616959, 0.9920016527175903),
            ["LeftLowerArm"] = CFrame.new(-8.940696716308594e-08, 1.7881393432617188e-07, 9.685754776000977e-08, 1, -4.936010356004772e-08, 1.0244549208948683e-08, 5.02914261346632e-08, 0.9295246005058289, -0.3687601089477539, 1.25728565336658e-08, 0.3687601089477539, 0.9295246601104736),
            ["LeftFoot"] = CFrame.new(-4.0279701352119446e-08, 5.960464477539063e-08, 3.725290298461914e-09, 0.9936529994010925, -0.09113320708274841, 0.06594306975603104, 0.09758208692073822, 0.9899577498435974, -0.10228116810321808, -0.05595956742763519, 0.10806680470705032, 0.9925674796104431),
            ["Head"] = CFrame.new(-1.4901161193847656e-08, 2.384185791015625e-07, 0, 0.7676314115524292, 0.2506959140300751, -0.5898248553276062, -0.14902396500110626, 0.9649149179458618, 0.21617409586906433, 0.623324990272522, -0.07804381847381592, 0.7780587673187256),
            ["LowerTorso"] = CFrame.new(0.08236837387084961, -0.06935036182403564, -0.021980024874210358, 0.7682181596755981, -0.08342581987380981, 0.6347291469573975, 0.06838864088058472, 0.9964935779571533, 0.04820309206843376, -0.6365249156951904, 0.006377772893756628, 0.7712298035621643),
            ["UpperTorso"] = CFrame.new(1.3969838619232178e-08, 1.7881393432617188e-07, -1.6763806343078613e-08, 0.999681293964386, -0.014673186466097832, 0.0205453559756279, 0.014846056699752808, 0.9998555183410645, -0.008285410702228546, -0.020420921966433525, 0.008587793447077274, 0.9997546672821045),
            ["HumanoidRootPart"] = CFrame.new(0, 0, 0, 1, 0, 0, 0, 1, 0, 0, 0, 1),
            ["RightUpperLeg"] = CFrame.new(2.384185791015625e-07, -1.5087425708770752e-07, -2.4047039914876223e-08, 0.8003036379814148, -0.21810181438922882, -0.5585212111473083, 0.2753639817237854, 0.9611474871635437, 0.019241347908973694, 0.5326246619224548, -0.16919565200805664, 0.8292670845985413),
            ["LeftUpperArm"] = CFrame.new(-1.1920928955078125e-07, 2.384185791015625e-07, -5.21540641784668e-08, 0.8040909767150879, 0.2334800511598587, -0.5467398166656494, -0.11635645478963852, 0.9636741876602173, 0.24040240049362183, 0.5830084681510925, -0.12968862056732178, 0.8020488619804382),
            ["RightLowerArm"] = CFrame.new(1.1920928955078125e-07, -8.940696716308594e-07, 0, 1, -2.9802340151263707e-08, 5.21540641784668e-08, 1.2107190805465962e-08, 0.9851862788200378, -0.17148816585540771, 2.2351736461700966e-08, 0.1714882105588913, 0.9851862192153931),
            ["LeftHand"] = CFrame.new(-6.705522537231445e-08, 5.960464477539063e-08, 7.450580596923828e-09, 0.9328134655952454, 0.12083495408296585, -0.3394966721534729, -0.08864382654428482, 0.9900991320610046, 0.10883907228708267, 0.34928691387176514, -0.07143232226371765, 0.9342891573905945),
            ["RightHand"] = CFrame.new(1.341104507446289e-07, 4.172325134277344e-07, -8.940696716308594e-08, -0.05648186057806015, -0.7578208446502686, 0.6500134468078613, 0.6021730303764343, 0.493447482585907, 0.6276123523712158, -0.7963652610778809, 0.4268692135810852, 0.4284684658050537),
            ["RightUpperArm"] = CFrame.new(-1.7881393432617188e-07, -1.1920928955078125e-07, -3.725290298461914e-08, 0.09147079288959503, -0.274438738822937, 0.9572441577911377, 0.4383576810359955, 0.8742234110832214, 0.20874901115894318, -0.8941341042518616, 0.40052083134651184, 0.20026861131191254),
            ["RightLowerLeg"] = CFrame.new(3.3155083656311035e-07, -0.00006002187728881836, -0.00007195787475211546, 1, -1.0803343286625022e-07, -2.9802322387695312e-08, 4.959292709827423e-08, 0.8748051524162292, 0.4844748377799988, -2.0954757928848267e-08, -0.48447516560554504, 0.874805212020874),
            ["LeftUpperLeg"] = CFrame.new(-5.960464477539063e-08, 5.122274160385132e-08, -2.2351741790771484e-08, 0.9600783586502075, -0.047590471804142, -0.27565327286720276, -0.08986065536737442, 0.8807221055030823, -0.4650307893753052, 0.26490500569343567, 0.4712364077568054, 0.8412857055664062),
            ["LeftLowerLeg"] = CFrame.new(-2.7939677238464355e-09, 0.000060558319091796875, 0.00007201544940471649, 1, 5.960464477539063e-08, 8.381903171539307e-09, -5.21540641784668e-08, 0.8183002471923828, 0.5747910737991333, 2.0954757928848267e-08, -0.5747910737991333, 0.8183002471923828),
        }},
        {Time = 0.033, Data = {
            ["RightFoot"] = CFrame.new(3.166496753692627e-08, 5.364418029785156e-07, -2.0656443666666746e-08, 0.9591267704963684, 0.25562867522239685, 0.12136691808700562, -0.2746262848377228, 0.9442870616912842, 0.1813899129629135, -0.06823678314685822, -0.20730647444725037, 0.9758933782577515),
            ["LeftLowerArm"] = CFrame.new(0, 2.980232238769531e-07, 8.940696716308594e-08, 1, -3.3527619791584584e-08, -1.2572857421844219e-08, 4.097820394122209e-08, 0.9674942493438721, -0.2528933584690094, 1.3038519597330378e-08, 0.252893328666687, 0.9674942493438721),
            ["LeftFoot"] = CFrame.new(4.249159246683121e-08, -1.1920928955078125e-07, -1.4901161193847656e-08, 0.997757077217102, -0.04638322442770004, 0.04826533421874046, 0.04821261391043663, 0.9981346130371094, -0.03745492175221443, -0.046437956392765045, 0.03969789296388626, 0.9981321096420288),
            ["Head"] = CFrame.new(-3.91155481338501e-08, 1.1920928955078125e-07, -3.5390257835388184e-08, 0.8863152861595154, 0.24941487610340118, -0.3901759386062622, -0.16249968111515045, 0.9564966559410095, 0.24229754507541656, 0.43363478779792786, -0.15134839713573456, 0.8882874846458435),
            ["LowerTorso"] = CFrame.new(0.07748724520206451, -0.04992532730102539, 0.012571260333061218, 0.8523358702659607, -0.054130230098962784, 0.5201860666275024, 0.020819906145334244, 0.9973527789115906, 0.06967004388570786, -0.5225803256034851, -0.048552047461271286, 0.8512065410614014),
            ["UpperTorso"] = CFrame.new(-9.546056389808655e-09, 2.9802322387695312e-08, -2.3748725652694702e-08, 0.996128261089325, -0.06676159054040909, 0.057195551693439484, 0.06864116340875626, 0.9971423745155334, -0.03155096620321274, -0.05492573603987694, 0.03535478562116623, 0.997864305973053),
            ["HumanoidRootPart"] = CFrame.new(0, 0, 0, 1, 0, 0, 0, 1, 0, 0, 0, 1),
            ["RightUpperLeg"] = CFrame.new(2.980232238769531e-07, -9.96515154838562e-08, -1.6952981241047382e-09, 0.8487277030944824, -0.29266008734703064, -0.4404674172401428, 0.29452088475227356, 0.9533674120903015, -0.0659402459859848, 0.43922531604766846, -0.07376165688037872, 0.8953437209129333),
            ["LeftUpperArm"] = CFrame.new(-1.1920928955078125e-07, 4.76837158203125e-07, -1.043081283569336e-07, 0.9323147535324097, 0.16910919547080994, -0.31967341899871826, -0.11959202587604523, 0.978371798992157, 0.1687793880701065, 0.341301828622818, -0.1191251128911972, 0.9323747158050537),
            ["RightLowerArm"] = CFrame.new(-2.086162567138672e-07, -5.364418029785156e-07, -4.470348358154297e-08, 1, 0, -1.4901162970204496e-08, 0, 0.9986191391944885, -0.05253390222787857, -1.4901157641133977e-08, 0.052533939480781555, 0.9986191391944885),
            ["LeftHand"] = CFrame.new(-1.2293457984924316e-07, 5.960464477539063e-08, -7.450580596923828e-08, 0.8499449491500854, 0.1051805391907692, -0.5162660479545593, 0.008089256472885609, 0.9771503806114197, 0.21239563822746277, 0.5268093943595886, -0.18470075726509094, 0.8296731114387512),
            ["RightHand"] = CFrame.new(1.9371509552001953e-07, -5.960464477539063e-08, 3.3527612686157227e-07, 0.34708455204963684, -0.8832970261573792, 0.3151487410068512, 0.6663932800292969, 0.46873196959495544, 0.5798361897468567, -0.6598882079124451, 0.008760890923440456, 0.7513131499290466),
            ["RightUpperArm"] = CFrame.new(-1.7881393432617188e-07, -1.1920928955078125e-07, -2.9802322387695312e-08, -0.48948952555656433, -0.14589576423168182, 0.8597176671028137, 0.43184375762939453, 0.8159593939781189, 0.3843449652194977, -0.7575690746307373, 0.5593966841697693, -0.3363993167877197),
            ["RightLowerLeg"] = CFrame.new(2.0302832126617432e-07, -0.00006014108657836914, -0.00007203703717095777, 1, -8.568168397005138e-08, -7.450580596923828e-09, 2.2817403078079224e-08, 0.8930785059928894, 0.44990065693855286, -2.2351741790771484e-08, -0.4499009847640991, 0.893078625202179),
            ["LeftUpperLeg"] = CFrame.new(-1.1920928955078125e-07, 6.51925802230835e-08, 1.4901161193847656e-08, 0.9911736845970154, -0.03818229213356972, -0.12695278227329254, -0.023735912516713142, 0.8910394906997681, -0.45330485701560974, 0.13042820990085602, 0.4523172378540039, 0.882268488407135),
            ["LeftLowerLeg"] = CFrame.new(-4.1443854570388794e-08, 0.000060677528381347656, 0.00007201731204986572, 1, 5.681067705154419e-08, 3.725290298461914e-08, -5.122274160385132e-08, 0.856955349445343, 0.5153906345367432, -2.7706846594810486e-08, -0.5153906941413879, 0.856955349445343),
        }},
        {Time = 0.067, Data = {
            ["RightFoot"] = CFrame.new(8.009374141693115e-08, 4.172325134277344e-07, 3.149762051180005e-08, 0.9608154892921448, 0.25486502051353455, 0.10898447036743164, -0.26906850934028625, 0.9520248174667358, 0.14577732980251312, -0.0666024312376976, -0.16938939690589905, 0.983296275138855),
            ["LeftLowerArm"] = CFrame.new(-1.4901161193847656e-07, 5.960464477539063e-08, 1.1920928955078125e-07, 1, -3.7252917195473856e-08, -3.766036726915445e-08, 3.3527619791584584e-08, 0.9737773537635803, -0.22750353813171387, 8.381904947896146e-09, 0.22750353813171387, 0.9737773537635803),
            ["LeftFoot"] = CFrame.new(4.7730281949043274e-08, 5.960464477539063e-08, -1.30385160446167e-08, 0.9995298385620117, -0.008620928041636944, 0.02942313440144062, 0.0057051400654017925, 0.9951916933059692, 0.09778082370758057, -0.030124623328447342, -0.09756702184677124, 0.9947730302810669),
            ["Head"] = CFrame.new(2.514570951461792e-08, 4.76837158203125e-07, -1.30385160446167e-08, 0.9582821130752563, 0.22207698225975037, -0.17993658781051636, -0.17147468030452728, 0.9503448009490967, 0.25969478487968445, 0.22867421805858612, -0.2180062085390091, 0.9487789869308472),
            ["LowerTorso"] = CFrame.new(0.07601168006658554, -0.026473045349121094, 0.03721071034669876, 0.8940666913986206, -0.0022832080721855164, 0.4479280710220337, -0.03760920464992523, 0.9960734248161316, 0.0801454484462738, -0.44635215401649475, -0.08850159496068954, 0.8904703259468079),
            ["UpperTorso"] = CFrame.new(3.7834979593753815e-09, -2.682209014892578e-07, -1.7113052308559418e-08, 0.9865597486495972, -0.14454232156276703, 0.0762062817811966, 0.1474822610616684, 0.9884647130966187, -0.03444701433181763, -0.0703480914235115, 0.04522312432527542, 0.9964969158172607),
            ["HumanoidRootPart"] = CFrame.new(0, 0, 0, 1, 0, 0, 0, 1, 0, 0, 0, 1),
            ["RightUpperLeg"] = CFrame.new(2.384185791015625e-07, -2.6030465960502625e-07, -3.149762051180005e-08, 0.8614990711212158, -0.3693642318248749, -0.34840989112854004, 0.3376218378543854, 0.9292094707489014, -0.15027068555355072, 0.3792503774166107, 0.011827145703136921, 0.9252184629440308),
            ["LeftUpperArm"] = CFrame.new(0, 4.76837158203125e-07, -4.470348358154297e-08, 0.973006546497345, 0.15600329637527466, -0.17006240785121918, -0.12905222177505493, 0.9787338972091675, 0.15945380926132202, 0.19132132828235626, -0.1332026720046997, 0.9724470973014832),
            ["RightLowerArm"] = CFrame.new(0, -3.5762786865234375e-07, 3.3527612686157227e-08, 1, -1.8626460374093767e-08, 3.7252898543727042e-09, 1.8626444386882213e-08, 0.9999158382415771, -0.012977896258234978, 0, 0.012977874837815762, 0.9999157786369324),
            ["LeftHand"] = CFrame.new(1.9744038581848145e-07, 2.384185791015625e-07, 5.21540641784668e-08, 0.7740285992622375, 0.04325481504201889, -0.6316713690757751, 0.16582313179969788, 0.9489907622337341, 0.26817789673805237, 0.6110503077507019, -0.31232309341430664, 0.7273733019828796),
            ["RightHand"] = CFrame.new(-2.2351741790771484e-08, -5.960464477539063e-08, -1.4901161193847656e-07, 0.597133457660675, -0.7978681921958923, -0.08269238471984863, 0.7249542474746704, 0.4926742911338806, 0.4813659191131592, -0.3433263301849365, -0.3473878800868988, 0.8726103901863098),
            ["RightUpperArm"] = CFrame.new(-5.960464477539063e-08, -2.384185791015625e-07, -2.9802322387695312e-08, -0.7112478017807007, -0.006673444528132677, 0.702909529209137, 0.4672897160053253, 0.7425315976142883, 0.47988253831863403, -0.5251352190971375, 0.6697778701782227, -0.525005578994751),
            ["RightLowerLeg"] = CFrame.new(3.557652235031128e-07, -0.00006002187728881836, -0.00007201561675174162, 1, -4.842878098543224e-08, -7.450580596923828e-09, 4.9360089349193004e-08, 0.8719247579574585, 0.4896397590637207, -2.0489094865183688e-08, -0.4896400570869446, 0.871924877166748),
            ["LeftUpperLeg"] = CFrame.new(-5.960464477539063e-08, -3.8300640881061554e-08, -2.9802322387695312e-08, 0.9975893497467041, -0.06267145276069641, -0.029796477407217026, 0.04429776594042778, 0.9056338667869568, -0.4217406213283539, 0.05341580882668495, 0.4194040596485138, 0.9062268137931824),
            ["LeftLowerLeg"] = CFrame.new(5.727633833885193e-08, 0.000060439109802246094, 0.00007205456495285034, 1, 4.190951585769653e-08, 2.7532220059356405e-08, -1.955777229056821e-08, 0.9037125110626221, 0.4281398355960846, 9.313224635931761e-10, -0.42813992500305176, 0.9037124514579773),
        }},
        {Time = 0.100, Data = {
            ["RightFoot"] = CFrame.new(-8.381903171539307e-09, 4.172325134277344e-07, -1.3205863069742918e-08, 0.9612831473350525, 0.2590417265892029, 0.0939803496003151, -0.2703850269317627, 0.9524730443954468, 0.1403104066848755, -0.053167540580034256, -0.1602889597415924, 0.9856371879577637),
            ["LeftLowerArm"] = CFrame.new(-3.5762786865234375e-07, 0, 0, 1, -4.0978196835794733e-08, -7.62520446784265e-09, 3.725290653733282e-08, 0.9865896105766296, -0.1632208675146103, 3.632158396271734e-08, 0.1632208675146103, 0.9865896105766296),
            ["LeftFoot"] = CFrame.new(5.820766091346741e-09, -5.960464477539063e-08, -7.450580596923828e-09, 0.9996567368507385, 0.023880857974290848, 0.01077892817556858, -0.025561638176441193, 0.9792294502258301, 0.20113793015480042, -0.005751709453761578, -0.20134441554546356, 0.9795036911964417),
            ["Head"] = CFrame.new(-1.30385160446167e-08, 2.384185791015625e-07, 7.450580596923828e-09, 0.9873778223991394, 0.14705850183963776, 0.058811627328395844, -0.1576506346464157, 0.9482026696205139, 0.27578631043434143, -0.01520844642072916, -0.281576931476593, 0.9594181776046753),
            ["LowerTorso"] = CFrame.new(0.07531918585300446, -0.005764484405517578, 0.05228035897016525, 0.9287366271018982, 0.04404802992939949, 0.3681143820285797, -0.07724574953317642, 0.9941163063049316, 0.07593318074941635, -0.3626037836074829, -0.09895718097686768, 0.9266747832298279),
            ["UpperTorso"] = CFrame.new(-4.656612873077393e-10, 1.7881393432617188e-07, -2.421438694000244e-08, 0.9753264784812927, -0.20221871137619019, 0.08857719600200653, 0.2052268385887146, 0.9783640503883362, -0.026188014075160027, -0.08136501908302307, 0.0437202975153923, 0.9957250356674194),
            ["HumanoidRootPart"] = CFrame.new(0, 0, 0, 1, 0, 0, 0, 1, 0, 0, 0, 1),
            ["RightUpperLeg"] = CFrame.new(2.980232238769531e-07, 3.3527612686157227e-08, -3.894820110872388e-08, 0.8764224648475647, -0.4137021601200104, -0.24644336104393005, 0.3721800446510315, 0.9066913723945618, -0.1984761655330658, 0.30555808544158936, 0.08222755789756775, 0.9486163854598999),
            ["LeftUpperArm"] = CFrame.new(0, 3.5762786865234375e-07, -4.470348358154297e-08, 0.9940096735954285, 0.10823110491037369, -0.015193954110145569, -0.10403531044721603, 0.979606032371521, 0.17189781367778778, 0.033489055931568146, -0.16928738355636597, 0.9849976897239685),
            ["RightLowerArm"] = CFrame.new(5.960464477539063e-08, -1.7881393432617188e-07, -1.30385160446167e-07, 1, 3.7252924300901213e-08, 2.2351741790771484e-08, -1.5366820704798556e-08, 0.9999595880508423, -0.008992373943328857, -5.587934559514451e-09, 0.008992409333586693, 0.9999595880508423),
            ["LeftHand"] = CFrame.new(-3.725290298461914e-09, 0, -1.1175870895385742e-07, 0.8162197470664978, 0.030380019918084145, -0.5769422650337219, 0.10332660377025604, 0.9748399257659912, 0.1975117027759552, 0.5684267282485962, -0.22082649171352386, 0.792544424533844),
            ["RightHand"] = CFrame.new(1.7695128917694092e-08, -2.384185791015625e-07, -1.7136335372924805e-07, 0.574384331703186, -0.7726854681968689, -0.2702593505382538, 0.7937451004981995, 0.4450075626373291, 0.41465267539024353, -0.20012879371643066, -0.4526870548725128, 0.868920624256134),
            ["RightUpperArm"] = CFrame.new(-1.1920928955078125e-07, -4.76837158203125e-07, 0, -0.6959872245788574, 0.12902435660362244, 0.7063670754432678, 0.612871527671814, 0.6193242073059082, 0.49074026942253113, -0.3741530179977417, 0.7744612693786621, -0.5101171731948853),
            ["RightLowerLeg"] = CFrame.new(2.0675361156463623e-07, -0.00006026029586791992, -0.000071978363848757, 1, -7.264316792543468e-08, -7.450580596923828e-09, 7.543712854385376e-08, 0.8556439876556396, 0.5175646543502808, -1.1175870895385742e-08, -0.5175649523735046, 0.855644166469574),
            ["LeftUpperLeg"] = CFrame.new(-1.1920928955078125e-07, 1.2665987014770508e-07, -1.4901161193847656e-08, 0.9955507516860962, -0.07203537225723267, 0.06074323505163193, 0.08975917100906372, 0.9211500883102417, -0.3787161707878113, -0.02867264300584793, 0.38248351216316223, 0.9235174059867859),
            ["LeftLowerLeg"] = CFrame.new(1.6065314412117004e-08, 0.00006085634231567383, 0.00007203524000942707, 1, 3.632158041000366e-08, 2.1653249859809875e-08, -3.166496753692627e-08, 0.9298367500305176, 0.3679722845554352, 3.9814040064811707e-08, -0.36797231435775757, 0.9298367500305176),
        }},
        {Time = 0.133, Data = {
            ["RightFoot"] = CFrame.new(-8.754432201385498e-08, 3.5762786865234375e-07, -2.0656443666666746e-08, 0.9608189463615417, 0.2658616602420807, 0.07838751375675201, -0.2748551666736603, 0.9504026174545288, 0.14556601643562317, -0.035799335688352585, -0.16140787303447723, 0.9862383008003235),
            ["LeftLowerArm"] = CFrame.new(-2.384185791015625e-07, -1.7881393432617188e-07, 5.960464477539063e-08, 1, -2.6077039194660756e-08, 1.3969841949901252e-09, 3.3527619791584584e-08, 0.988938570022583, -0.1483258605003357, 1.3038519597330378e-08, 0.1483258754014969, 0.9889386296272278),
            ["LeftFoot"] = CFrame.new(6.402842700481415e-10, 0, 1.862645149230957e-09, 0.9992761015892029, 0.0373697429895401, -0.007130988407880068, -0.034197334200143814, 0.9644497632980347, 0.2620444893836975, 0.016669906675815582, -0.2616109549999237, 0.9650294780731201),
            ["Head"] = CFrame.new(5.21540641784668e-08, 4.76837158203125e-07, -2.60770320892334e-08, 0.944819450378418, 0.024010159075260162, 0.32671085000038147, -0.1271871030330658, 0.9459618926048279, 0.29829463362693787, -0.3018937110900879, -0.32338783144950867, 0.8968167901039124),
            ["LowerTorso"] = CFrame.new(0.07650531828403473, 0.012399435043334961, 0.0592188686132431, 0.9603614211082458, 0.08297573029994965, 0.2661222219467163, -0.10233581811189651, 0.9929566979408264, 0.05970209091901779, -0.2592940032482147, -0.08456941694021225, 0.9620887041091919),
            ["UpperTorso"] = CFrame.new(2.7939677238464355e-09, -2.682209014892578e-07, -2.9802322387695312e-08, 0.966359555721283, -0.24339306354522705, 0.08312144130468369, 0.24551811814308167, 0.9692562818527222, -0.01622416079044342, -0.07661721110343933, 0.03608621284365654, 0.9964073300361633),
            ["HumanoidRootPart"] = CFrame.new(0, 0, 0, 1, 0, 0, 0, 1, 0, 0, 0, 1),
            ["RightUpperLeg"] = CFrame.new(2.980232238769531e-07, -3.818422555923462e-07, -8.365168469026685e-08, 0.8940317034721375, -0.43062078952789307, -0.12358486652374268, 0.397933691740036, 0.8900243043899536, -0.22249820828437805, 0.20580583810806274, 0.1497417688369751, 0.9670684337615967),
            ["LeftUpperArm"] = CFrame.new(0, 7.152557373046875e-07, -5.960464477539063e-08, 0.9830199480056763, 0.036512162536382675, 0.1798301488161087, -0.07709290832281113, 0.9714962840080261, 0.22416917979717255, -0.1665191501379013, -0.23422645032405853, 0.9578148722648621),
            ["RightLowerArm"] = CFrame.new(-2.9802322387695312e-08, -4.76837158203125e-07, -1.0058283805847168e-07, 1, 3.7252920748187535e-08, 1.4901159417490817e-08, -3.725289943190546e-08, 1, -4.470347647611561e-08, -4.470347647611561e-08, 1.4901168299275014e-08, 1),
            ["LeftHand"] = CFrame.new(1.1175870895385742e-07, 1.1920928955078125e-07, 8.940696716308594e-08, 0.8361905813217163, 0.04959068074822426, -0.5461924076080322, 0.056334324181079865, 0.9828693866729736, 0.1754828244447708, 0.545538067817688, -0.1775064468383789, 0.819072425365448),
            ["RightHand"] = CFrame.new(-1.4901161193847656e-08, 1.1920928955078125e-07, 1.9371509552001953e-07, 0.5429714322090149, -0.7431454062461853, -0.3910464346408844, 0.8308523893356323, 0.4078018069267273, 0.37865790724754333, -0.12192858755588531, -0.5305022597312927, 0.8388687968254089),
            ["RightUpperArm"] = CFrame.new(-5.960464477539063e-08, -1.1920928955078125e-07, 0, -0.6784454584121704, 0.3334800601005554, 0.6546012163162231, 0.7301209568977356, 0.40486350655555725, 0.550462543964386, -0.08145598322153091, 0.851396918296814, -0.5181585550308228),
            ["RightLowerLeg"] = CFrame.new(4.0140002965927124e-07, -0.00006014108657836914, -0.00007199326500995085, 1, -5.2154071283894154e-08, -1.1175870895385742e-08, 5.960464477539063e-08, 0.840718686580658, 0.5414719581604004, -1.1175870895385742e-08, -0.541472315788269, 0.8407188057899475),
            ["LeftUpperLeg"] = CFrame.new(-1.1920928955078125e-07, -3.371387720108032e-07, -1.4901161193847656e-08, 0.98597252368927, -0.06304614245891571, 0.15454263985157013, 0.11079617589712143, 0.9397143721580505, -0.32351380586624146, -0.12482958287000656, 0.3360985219478607, 0.9335177540779114),
            ["LeftLowerLeg"] = CFrame.new(-4.586763679981232e-08, 0.00006085634231567383, 0.00007198937237262726, 1, 4.691537469625473e-08, 2.5247572921216488e-09, -3.480818122625351e-08, 0.9428446292877197, 0.33323270082473755, 6.024492904543877e-08, -0.33323270082473755, 0.9428446292877197),
        }},
        {Time = 0.167, Data = {
            ["RightFoot"] = CFrame.new(2.7008354663848877e-08, 4.172325134277344e-07, -2.0656443666666746e-08, 0.9601746797561646, 0.2739512324333191, 0.05491361767053604, -0.27911797165870667, 0.9493333697319031, 0.14442771673202515, -0.01256521139293909, -0.15400338172912598, 0.9879904985427856),
            ["LeftLowerArm"] = CFrame.new(-3.5762786865234375e-07, 4.76837158203125e-07, 2.384185791015625e-07, 1, -2.980232949312267e-08, -3.9115551686563776e-08, 3.72529100900465e-08, 0.9883514046669006, -0.15218903124332428, -3.9115558791991134e-08, 0.15218901634216309, 0.9883514046669006),
            ["LeftFoot"] = CFrame.new(2.62516550719738e-08, -1.1920928955078125e-07, 3.259629011154175e-09, 0.9992181062698364, 0.03153424710035324, -0.023850180208683014, -0.022632669657468796, 0.9508132338523865, 0.30893707275390625, 0.03241920843720436, -0.30815571546554565, 0.9507834911346436),
            ["Head"] = CFrame.new(-4.284083843231201e-08, 0.0000010728836059570312, 1.1175870895385742e-08, 0.853448212146759, -0.09640292078256607, 0.5121842622756958, -0.09433247148990631, 0.9379392862319946, 0.3337235152721405, -0.5125696659088135, -0.33313122391700745, 0.7913885712623596),
            ["LowerTorso"] = CFrame.new(0.08065803349018097, 0.025279760360717773, 0.060825005173683167, 0.9778367280960083, 0.10474811494350433, 0.18128222227096558, -0.11431087553501129, 0.9925096035003662, 0.04310338571667671, -0.17540933191776276, -0.06287060678005219, 0.9824860692024231),
            ["UpperTorso"] = CFrame.new(-1.5832483768463135e-08, -2.086162567138672e-07, -2.7939677238464355e-08, 0.9603143930435181, -0.2698141038417816, 0.07068834453821182, 0.27131736278533936, 0.9624097943305969, -0.012424787506461143, -0.06467880308628082, 0.03111068718135357, 0.997421145439148),
            ["HumanoidRootPart"] = CFrame.new(0, 0, 0, 1, 0, 0, 0, 1, 0, 0, 0, 1),
            ["RightUpperLeg"] = CFrame.new(2.980232238769531e-07, -2.5692861527204514e-07, -2.7772330213338137e-08, 0.9049426317214966, -0.4242909550666809, -0.03249843418598175, 0.40702784061431885, 0.8853370547294617, -0.22473673522472382, 0.12412580847740173, 0.19014598429203033, 0.973877489566803),
            ["LeftUpperArm"] = CFrame.new(-3.5762786865234375e-07, 8.344650268554688e-07, -8.940696716308594e-08, 0.9518721103668213, -0.014142824336886406, 0.3061690628528595, -0.07580564171075821, 0.9570357203483582, 0.2798859477043152, -0.29697299003601074, -0.28962498903274536, 0.9099035859107971),
            ["RightLowerArm"] = CFrame.new(5.960464477539063e-08, -1.1920928955078125e-07, -1.1920928955078125e-07, 1, -5.960468030252741e-08, 2.9802318834981634e-08, -7.4505797087454084e-09, 1, -7.4505797087454084e-09, 0, -1.4901170075631853e-08, 1),
            ["LeftHand"] = CFrame.new(-5.960464477539063e-08, -1.7881393432617188e-07, -1.7881393432617188e-07, 0.7733010053634644, 0.09932628273963928, -0.6262106895446777, 0.02394966594874859, 0.9823724031448364, 0.1853940486907959, 0.633586585521698, -0.1583629846572876, 0.7572907209396362),
            ["RightHand"] = CFrame.new(5.960464477539063e-08, -1.1920928955078125e-07, -2.682209014892578e-07, 0.5832032561302185, -0.4953062832355499, -0.6438524723052979, 0.7849145531654358, 0.5477653741836548, 0.28958964347839355, 0.20924419164657593, -0.6742587089538574, 0.7082315683364868),
            ["RightUpperArm"] = CFrame.new(-1.1920928955078125e-07, 0, 7.450580596923828e-09, -0.6706041693687439, 0.46463802456855774, 0.5782745480537415, 0.6639821529388428, 0.02835805155336857, 0.747210681438446, 0.3307836949825287, 0.8850466012954712, -0.3275282084941864),
            ["RightLowerLeg"] = CFrame.new(1.4994293451309204e-07, -0.00006020069122314453, -0.00007204541907412931, 1, -8.56816981809061e-08, -1.4901164746561335e-08, 9.313227167240257e-08, 0.8339238166809082, 0.5518794059753418, -2.2351745343485163e-08, -0.5518796443939209, 0.8339239358901978),
            ["LeftUpperLeg"] = CFrame.new(-1.1920928955078125e-07, -8.009374141693115e-08, -1.4901161193847656e-08, 0.9760528802871704, -0.047520775347948074, 0.2122795730829239, 0.10675708949565887, 0.9548909068107605, -0.27710360288619995, -0.18953564763069153, 0.29313018918037415, 0.9370971322059631),
            ["LeftLowerLeg"] = CFrame.new(2.60770320892334e-08, 0.00006073713302612305, 0.00007203593850135803, 1, 3.3061954951563166e-08, -5.355105248128211e-09, -3.5390257835388184e-08, 0.9517540335655212, 0.3068622052669525, 9.546056389808655e-09, -0.3068622052669525, 0.9517540335655212),
        }},
        {Time = 0.200, Data = {
            ["RightFoot"] = CFrame.new(-2.0582228899002075e-07, 2.980232238769531e-07, -1.3205863069742918e-08, 0.9600951671600342, 0.27903011441230774, 0.018962396308779716, -0.278961181640625, 0.9506096243858337, 0.1360955834388733, 0.019948875531554222, -0.1359543800354004, 0.9905142784118652),
            ["LeftLowerArm"] = CFrame.new(-2.384185791015625e-07, -4.172325134277344e-07, 1.1920928955078125e-07, 1, -2.6077039194660756e-08, 1.3038517820973539e-08, 2.2351745343485163e-08, 0.9925525188446045, -0.12181749939918518, 5.587936335871291e-09, 0.1218174546957016, 0.9925525188446045),
            ["LeftFoot"] = CFrame.new(9.546056389808655e-09, 1.1920928955078125e-07, -1.5832483768463135e-08, 0.9993202686309814, 0.01787601225078106, -0.03224318474531174, -0.006742690224200487, 0.9484503865242004, 0.3168540894985199, 0.03624517843127251, -0.3164212703704834, 0.9479261040687561),
            ["Head"] = CFrame.new(4.936009645462036e-08, 4.76837158203125e-07, 3.725290298461914e-09, 0.76531982421875, -0.1840534657239914, 0.6167738437652588, -0.06990250945091248, 0.9288086891174316, 0.3639068305492401, -0.639843225479126, -0.3216190040111542, 0.6979697942733765),
            ["LowerTorso"] = CFrame.new(0.08660414814949036, 0.03180408477783203, 0.05916893482208252, 0.9878959059715271, 0.10763200372457504, 0.11170092225074768, -0.11179807037115097, 0.9932248592376709, 0.031710222363471985, -0.1075311079621315, -0.04381434619426727, 0.9932358264923096),
            ["UpperTorso"] = CFrame.new(1.1175870895385742e-08, -5.960464477539063e-08, -6.51925802230835e-09, 0.9577144384384155, -0.28011712431907654, 0.06570733338594437, 0.28162825107574463, 0.9594094753265381, -0.014799417927861214, -0.05889466404914856, 0.03267866000533104, 0.9977292418479919),
            ["HumanoidRootPart"] = CFrame.new(0, 0, 0, 1, 0, 0, 0, 1, 0, 0, 0, 1),
            ["RightUpperLeg"] = CFrame.new(3.5762786865234375e-07, -1.0796065907925367e-07, -4.1742168832570314e-08, 0.9161426424980164, -0.3997253477573395, 0.0300417710095644, 0.3959680199623108, 0.8907698392868042, -0.2230212688446045, 0.06238694489002228, 0.21621476113796234, 0.9743505716323853),
            ["LeftUpperArm"] = CFrame.new(1.1920928955078125e-07, 4.76837158203125e-07, -4.470348358154297e-08, 0.9476367831230164, -0.0012164562940597534, 0.3193480968475342, -0.10375086963176727, 0.9445753693580627, 0.3114692270755768, -0.3020270764827728, -0.3282923400402069, 0.8949881792068481),
            ["RightLowerArm"] = CFrame.new(0, 0, 8.568167686462402e-08, 1, -5.960468030252741e-08, 5.960463766996327e-08, 1.4901161193847656e-08, 0.9992378354072571, -0.03903530165553093, 1.4901161193847656e-08, 0.03903526812791824, 0.9992378354072571),
            ["LeftHand"] = CFrame.new(1.2665987014770508e-07, -1.7881393432617188e-07, 0, 0.7261807322502136, 0.08964453637599945, -0.6816344261169434, 0.027446400374174118, 0.9868921637535095, 0.15903030335903168, 0.6869559288024902, -0.13419325649738312, 0.7142016291618347),
            ["RightHand"] = CFrame.new(1.043081283569336e-07, -1.1920928955078125e-07, -1.6391277313232422e-07, 0.6192982196807861, -0.35451868176460266, -0.7005616426467896, 0.6983029842376709, 0.6566072702407837, 0.2850257158279419, 0.35894641280174255, -0.6657202243804932, 0.654197096824646),
            ["RightUpperArm"] = CFrame.new(-1.1920928955078125e-07, 1.1920928955078125e-07, 3.725290298461914e-09, -0.5529600977897644, 0.5135737657546997, 0.6561076045036316, 0.56825190782547, -0.34344717860221863, 0.7477525472640991, 0.6093642711639404, 0.786311686038971, -0.10192664712667465),
            ["RightLowerLeg"] = CFrame.new(4.386529326438904e-07, -0.00005996227264404297, -0.00007202306733233854, 1, -9.872020712009544e-08, -1.862645326866641e-08, 7.82310962677002e-08, 0.8298973441123962, 0.557915985584259, -2.2351741790771484e-08, -0.5579162240028381, 0.8298975229263306),
            ["LeftUpperLeg"] = CFrame.new(-1.7881393432617188e-07, 2.2817403078079224e-08, 0, 0.9688847064971924, -0.02094406448304653, 0.2466249018907547, 0.08618298172950745, 0.9626065492630005, -0.2568292021751404, -0.23202362656593323, 0.27009284496307373, 0.9344596862792969),
            ["LeftLowerLeg"] = CFrame.new(5.21540641784668e-08, 0.00006079673767089844, 0.00007206946611404419, 1, 3.725290653733282e-08, -1.501757829203143e-08, -2.421439049271612e-08, 0.949155330657959, 0.31480827927589417, 3.3061954951563166e-08, -0.3148082494735718, 0.949155330657959),
        }},
        {Time = 0.233, Data = {
            ["RightFoot"] = CFrame.new(-1.3550743460655212e-07, 5.364418029785156e-07, 1.6952981241047382e-09, 0.9655675888061523, 0.25898072123527527, 0.024664046242833138, -0.25995662808418274, 0.9568179249763489, 0.13008500635623932, 0.01009045634418726, -0.13201747834682465, 0.9911960959434509),
            ["LeftLowerArm"] = CFrame.new(-2.086162567138672e-07, 5.960464477539063e-08, 0, 1, -2.980232594040899e-08, -9.313226634333205e-09, 3.72529100900465e-08, 0.9928171038627625, -0.11964245140552521, 2.980232949312267e-08, 0.119642473757267, 0.9928171038627625),
            ["LeftFoot"] = CFrame.new(-2.8172507882118225e-08, 0, 3.725290298461914e-09, 0.9998307824134827, -0.0002080276608467102, -0.01839555613696575, 0.0054976604878902435, 0.957621157169342, 0.2879784405231476, 0.017556022852659225, -0.28803080320358276, 0.9574602842330933),
            ["Head"] = CFrame.new(-9.313225746154785e-09, 2.384185791015625e-07, 9.313225746154785e-10, 0.692423403263092, -0.2518719434738159, 0.676099419593811, -0.04808845743536949, 0.9188908934593201, 0.3915702998638153, -0.7198870778083801, -0.30364495515823364, 0.6241492629051208),
            ["LowerTorso"] = CFrame.new(0.08906975388526917, 0.03455972671508789, 0.055207930505275726, 0.9941449761390686, 0.10263386368751526, 0.03379689157009125, -0.10356209427118301, 0.9942575097084045, 0.026961900293827057, -0.030835608020424843, -0.030304111540317535, 0.9990649819374084),
            ["UpperTorso"] = CFrame.new(2.5960616767406464e-08, -2.980232238769531e-07, -9.313225746154785e-09, 0.9583104252815247, -0.2766408920288086, 0.07149209082126617, 0.27912938594818115, 0.95986407995224, -0.027345124632120132, -0.061057932674884796, 0.04616066813468933, 0.9970663189888),
            ["HumanoidRootPart"] = CFrame.new(0, 0, 0, 1, 0, 0, 0, 1, 0, 0, 0, 1),
            ["RightUpperLeg"] = CFrame.new(2.384185791015625e-07, -2.6670750230550766e-07, -3.149762051180005e-08, 0.9233149886131287, -0.3823913037776947, 0.035589851438999176, 0.37857773900032043, 0.8906769156455994, -0.2517412602901459, 0.06456460803747177, 0.2459099292755127, 0.9671400189399719),
            ["LeftUpperArm"] = CFrame.new(-1.1920928955078125e-07, 1.1920928955078125e-07, -6.51925802230835e-08, 0.950031578540802, 0.006924565881490707, 0.31207698583602905, -0.1160581186413765, 0.9359208345413208, 0.33253979682922363, -0.28977659344673157, -0.352142333984375, 0.8899580836296082),
            ["RightLowerArm"] = CFrame.new(-2.086162567138672e-07, -1.1920928955078125e-07, -2.4563632905483246e-07, 1, 1.4901170075631853e-08, -1.1175870895385742e-08, -1.4901159417490817e-08, 0.9999040365219116, -0.013854552060365677, -1.1175869119028903e-08, 0.01385455671697855, 0.9999040961265564),
            ["LeftHand"] = CFrame.new(1.2665987014770508e-07, 0, -8.940696716308594e-08, 0.7116530537605286, 0.08750959485769272, -0.6970595717430115, 0.027082499116659164, 0.9880568385124207, 0.151691272854805, 0.7020089030265808, -0.12682980298995972, 0.7007836103439331),
            ["RightHand"] = CFrame.new(1.4901161193847656e-07, 0, 3.986060619354248e-07, 0.5728350877761841, -0.1928599327802658, -0.7966591119766235, 0.6015357971191406, 0.7591270208358765, 0.24875789880752563, 0.5567896962165833, -0.6217163801193237, 0.5508664846420288),
            ["RightUpperArm"] = CFrame.new(-1.1920928955078125e-07, -2.384185791015625e-07, 1.1175870895385742e-08, -0.5088495016098022, 0.47692131996154785, 0.7166716456413269, 0.41456660628318787, -0.5938572883605957, 0.6895420551300049, 0.7544578909873962, 0.6479812264442444, 0.1044682040810585),
            ["RightLowerLeg"] = CFrame.new(2.852175384759903e-07, -0.00006026029586791992, -0.00007201561675174162, 1, -7.729978079851207e-08, -3.725290298461914e-08, 6.053597445543346e-08, 0.824892520904541, 0.565289318561554, -2.7939680791178034e-08, -0.5652896761894226, 0.8248926997184753),
            ["LeftUpperLeg"] = CFrame.new(-5.960464477539063e-08, -2.0838342607021332e-07, 1.3969838619232178e-08, 0.9572781920433044, 0.007298123091459274, 0.2890765964984894, 0.06579561531543732, 0.9679628610610962, -0.24231988191604614, -0.28158387541770935, 0.25098758935928345, 0.9261294603347778),
            ["LeftLowerLeg"] = CFrame.new(4.0978193283081055e-08, 0.000060558319091796875, 0.00007215887308120728, 1, 2.7939680791178034e-08, 1.862644971595273e-08, -2.9802322387695312e-08, 0.9399150013923645, 0.34140878915786743, 1.5832483768463135e-08, -0.3414088487625122, 0.939914882183075),
        }},
        {Time = 0.267, Data = {
            ["RightFoot"] = CFrame.new(0, 4.172325134277344e-07, -3.183231456205249e-08, 0.9741929769515991, 0.2163814902305603, 0.06424330174922943, -0.2228359878063202, 0.9673097133636475, 0.12106207013130188, -0.03594766557216644, -0.132253497838974, 0.9905638694763184),
            ["LeftLowerArm"] = CFrame.new(-2.980232238769531e-07, 2.384185791015625e-07, 1.4901161193847656e-07, 1, -1.862645326866641e-08, -2.1420420992512845e-08, 3.3527616238870905e-08, 0.9902801513671875, -0.13908740878105164, -1.4901162970204496e-08, 0.13908743858337402, 0.9902801513671875),
            ["LeftFoot"] = CFrame.new(-1.30385160446167e-08, 1.1920928955078125e-07, -8.381903171539307e-09, 0.9998239278793335, -0.018653085455298424, 0.002056561876088381, 0.017432643100619316, 0.9637576341629028, 0.26620954275131226, -0.006947665940970182, -0.26612672209739685, 0.9639130234718323),
            ["Head"] = CFrame.new(2.6542693376541138e-08, 4.76837158203125e-07, 1.0710209608078003e-08, 0.6392289996147156, -0.3029901385307312, 0.7068120241165161, -0.0218989048153162, 0.9115671515464783, 0.41056790947914124, -0.7687045335769653, -0.2779253125190735, 0.5760650038719177),
            ["LowerTorso"] = CFrame.new(0.09064771234989166, 0.03632402420043945, 0.05068403482437134, 0.9945881366729736, 0.09971262514591217, -0.029188521206378937, -0.09911628812551498, 0.994849681854248, 0.021214012056589127, 0.031153494492173195, -0.018206143751740456, 0.9993488788604736),
            ["UpperTorso"] = CFrame.new(1.6298145055770874e-08, -2.682209014892578e-07, -2.1420419216156006e-08, 0.9587122201919556, -0.2758263349533081, 0.06921512633562088, 0.2788553237915039, 0.9595576524734497, -0.03858652338385582, -0.05577271804213524, 0.05629437789320946, 0.9968553185462952),
            ["HumanoidRootPart"] = CFrame.new(0, 0, 0, 1, 0, 0, 0, 1, 0, 0, 0, 1),
            ["RightUpperLeg"] = CFrame.new(3.5762786865234375e-07, -3.3690594136714935e-07, -5.3849362302571535e-08, 0.9215129613876343, -0.38603726029396057, -0.04229846969246864, 0.3573263883590698, 0.8855147957801819, -0.29695355892181396, 0.15209102630615234, 0.2585321366786957, 0.9539546966552734),
            ["LeftUpperArm"] = CFrame.new(-1.1920928955078125e-07, 5.960464477539062e-07, -6.798654794692993e-08, 0.9530790448188782, 0.02299513854086399, 0.3018468916416168, -0.13391552865505219, 0.926267147064209, 0.352272629737854, -0.2714902460575104, -0.37616562843322754, 0.8858851790428162),
            ["RightLowerArm"] = CFrame.new(-1.1920928955078125e-07, 1.1920928955078125e-07, -4.954636096954346e-07, 1, -2.9802340151263707e-08, 0, -1.4901159417490817e-08, 0.9978193640708923, -0.06600437313318253, 1.4901159417490817e-08, 0.06600429862737656, 0.9978193044662476),
            ["LeftHand"] = CFrame.new(1.564621925354004e-07, 0, 0, 0.7116267085075378, 0.07357033342123032, -0.6986951231956482, 0.029714468866586685, 0.9904602766036987, 0.13455674052238464, 0.7019290924072266, -0.11651559174060822, 0.702651858329773),
            ["RightHand"] = CFrame.new(0, 2.384185791015625e-07, 9.313225746154785e-08, 0.5117390751838684, -0.09971051663160324, -0.8533355593681335, 0.5246836543083191, 0.8227764368057251, 0.21850864589214325, 0.6803163290023804, -0.559550404548645, 0.4733628034591675),
            ["RightUpperArm"] = CFrame.new(0, 1.1920928955078125e-07, 4.6566128730773926e-09, -0.4846094846725464, 0.32177630066871643, 0.8133965134620667, 0.31670883297920227, -0.8022483587265015, 0.5060563683509827, 0.8153828978538513, 0.5028495192527771, 0.2868678569793701),
