return {
    ["Empty Pockets"] = {
        {Time = 0.000, Data = {
            ["LeftFoot"] = CFrame.new(3.6729034036397934e-08, -2.384185791015625e-07, -2.0489096641540527e-08, 0.987944483757019, -0.04819036275148392, 0.14711686968803406, 0.09108410775661469, 0.9493640661239624, -0.30068546533584595, -0.1251775622367859, 0.3104604184627533, 0.942308247089386),
            ["LeftLowerArm"] = CFrame.new(-5.960464477539063e-08, 7.152557373046875e-07, -8.940696716308594e-08, 1, -4.0978189730367376e-08, -2.60770320892334e-08, 3.3527616238870905e-08, 0.9375273585319519, -0.347911536693573, 9.313226634333205e-09, 0.3479115962982178, 0.9375273585319519),
            ["LowerTorso"] = CFrame.new(0.016057299450039864, -0.09530782699584961, -0.12278497219085693, 0.9854933023452759, -0.09525647014379501, -0.14046059548854828, 0.08822870254516602, 0.9945555329322815, -0.05545360967516899, 0.14497816562652588, 0.04225650429725647, 0.9885321259498596),
            ["Head"] = CFrame.new(-1.4770193956792355e-08, -2.384185791015625e-07, 2.5644112611189485e-08, 0.9876306653022766, 0.024963218718767166, 0.15479841828346252, -0.030493246391415596, 0.9989750981330872, 0.03345278650522232, -0.15380460023880005, -0.037759311497211456, 0.9873795509338379),
            ["RightUpperArm"] = CFrame.new(2.384185791015625e-07, 0, 3.725290298461914e-08, 0.8177546262741089, -0.22596246004104614, 0.5293565392494202, 0.15803278982639313, 0.9725147485733032, 0.17099960148334503, -0.5534465312957764, -0.056180067360401154, 0.8309878706932068),
            ["UpperTorso"] = CFrame.new(-2.1420419216156006e-08, 2.682209014892578e-07, 4.0978193283081055e-08, 0.994065523147583, 0.1050441637635231, -0.028276724740862846, -0.10395330935716629, 0.9938703179359436, 0.03762440010905266, 0.03205562382936478, -0.034461647272109985, 0.9988917708396912),
            ["HumanoidRootPart"] = CFrame.new(0, 0, 0, 1, 0, 0, 0, 1, 0, 0, 0, 1),
            ["RightHand"] = CFrame.new(2.60770320892334e-08, -1.1920928955078125e-07, 2.1606683731079102e-07, 1, -0.00000580400137550896, -0.000015699302821303718, 0.000005789099759567762, 1, 2.6449558276908647e-07, 0.000015730034647276625, -2.6449558276908647e-07, 1),
            ["LeftUpperArm"] = CFrame.new(5.960464477539063e-08, 0, 0, 0.9648080468177795, 0.12425513565540314, -0.23174607753753662, -0.08088015764951706, 0.9788159728050232, 0.1880897730588913, 0.25020793080329895, -0.16272692382335663, 0.9544192552566528),
            ["RightLowerArm"] = CFrame.new(-4.172325134277344e-07, -2.384185791015625e-07, 1.341104507446289e-07, 1, -4.097818262494002e-08, 1.9557775843281888e-08, 0, 0.9825044274330139, -0.186239093542099, 3.53902720462429e-08, 0.1862391084432602, 0.9825044870376587),
            ["LeftHand"] = CFrame.new(-4.470348358154297e-08, -5.960464477539063e-08, -1.341104507446289e-07, 1, 0.00019652768969535828, 8.195638656616211e-07, -0.00019653700292110443, 1, 0.0000011408701539039612, -8.549541234970093e-07, -0.0000010807998478412628, 1),
            ["RightUpperLeg"] = CFrame.new(1.1920928955078125e-07, 4.230532795190811e-07, -7.992639439180493e-08, 0.9008359909057617, -0.03289322182536125, -0.43291229009628296, -0.018564382568001747, 0.9932956099510193, -0.11410235613584518, 0.43376272916793823, 0.11082419008016586, 0.8941854238510132),
            ["LeftUpperLeg"] = CFrame.new(-2.384185791015625e-07, -1.816079020500183e-07, -4.470348358154297e-08, 0.9789546132087708, 0.19094154238700867, 0.07203619182109833, -0.14663903415203094, 0.9036360383033752, -0.4024161994457245, -0.14193230867385864, 0.38338416814804077, 0.9126182198524475),
            ["RightLowerLeg"] = CFrame.new(-4.842877388000488e-08, -0.0001220703125, -0.00007743963942630216, 1, -1.1175865211043856e-07, 1.2852251529693604e-07, 7.450580596923828e-08, 0.8936167359352112, 0.448830783367157, 1.909211277961731e-08, -0.44883090257644653, 0.8936168551445007),
            ["RightFoot"] = CFrame.new(7.264316082000732e-08, 2.980232238769531e-07, -2.029992174357176e-09, 0.9692423343658447, 0.041857682168483734, 0.24252286553382874, 0.028854822739958763, 0.9593064785003662, -0.2808884084224701, -0.24441088736057281, 0.27924731373786926, 0.9285926818847656),
            ["LeftLowerLeg"] = CFrame.new(4.6100467443466187e-08, 0.00012260675430297852, 0.00007735751569271088, 1, 7.112974742540246e-08, 3.632158041000366e-08, -6.379560346658764e-08, 0.6569550037384033, 0.7539296746253967, 3.166497108963995e-08, -0.7539297938346863, 0.6569551229476929),
        }},
        {Time = 0.033, Data = {
            ["LeftFoot"] = CFrame.new(1.1641532182693481e-08, -5.960464477539063e-08, 3.3527612686157227e-08, 0.9888175129890442, -0.044896770268678665, 0.14221195876598358, 0.08618533611297607, 0.9502734541893005, -0.2992532551288605, -0.12170460820198059, 0.30816352367401123, 0.9435164332389832),
            ["LeftLowerArm"] = CFrame.new(2.384185791015625e-07, 1.1920928955078125e-07, 2.9802322387695312e-08, 1, -5.774199962615967e-08, 1.1175872671742582e-08, 3.3527616238870905e-08, 0.9339205622673035, -0.35748055577278137, -5.960465188081798e-08, 0.357480525970459, 0.9339205622673035),
            ["LowerTorso"] = CFrame.new(0.010353511199355125, -0.09829473495483398, -0.1196805015206337, 0.9868398904800415, -0.08646447956562042, -0.13664187490940094, 0.07985768467187881, 0.9953896999359131, -0.05312497913837433, 0.14060531556606293, 0.041513945907354355, 0.9891949892044067),
            ["Head"] = CFrame.new(-1.1641532182693481e-08, 7.152557373046875e-07, 5.762558430433273e-09, 0.9846208691596985, 0.021600183099508286, 0.17336440086364746, -0.03316052630543709, 0.9973946213722229, 0.06406527757644653, -0.1715288758277893, -0.06882885098457336, 0.9827718734741211),
            ["RightUpperArm"] = CFrame.new(0, 3.5762786865234375e-07, 7.450580596923828e-09, 0.7991416454315186, -0.23010778427124023, 0.5553585290908813, 0.1575256884098053, 0.971714198589325, 0.17594695091247559, -0.5801364779472351, -0.05312328040599823, 0.8127851486206055),
            ["UpperTorso"] = CFrame.new(-3.725290298461914e-08, 2.384185791015625e-07, 4.6798959374427795e-08, 0.9950049519538879, 0.09569384157657623, -0.0284249410033226, -0.09487588703632355, 0.9950709342956543, 0.02885383367538452, 0.03104599565267563, -0.026012856513261795, 0.999179482460022),
            ["HumanoidRootPart"] = CFrame.new(0, 0, 0, 1, 0, 0, 0, 1, 0, 0, 0, 1),
            ["RightHand"] = CFrame.new(2.60770320892334e-07, 0, 2.682209014892578e-07, 0.9994261860847473, 0.028627168387174606, -0.01810825802385807, -0.028371073305606842, 0.9994959831237793, 0.01424388401210308, 0.018506959080696106, -0.013721965253353119, 0.9997345805168152),
            ["LeftUpperArm"] = CFrame.new(2.384185791015625e-07, 0, -1.4901161193847656e-08, 0.9594100117683411, 0.12302839756011963, -0.25376445055007935, -0.07716812193393707, 0.9800102114677429, 0.1833716183900833, 0.27125170826911926, -0.15634603798389435, 0.9497254490852356),
            ["RightLowerArm"] = CFrame.new(0, 9.5367431640625e-07, 2.682209014892578e-07, 1, -4.470347292340193e-08, -2.1420424545226524e-08, 2.2351745343485163e-08, 0.9720344543457031, -0.2348385453224182, 5.2154071283894154e-08, 0.23483853042125702, 0.9720344543457031),
            ["LeftHand"] = CFrame.new(-1.9371509552001953e-07, 1.1920928955078125e-07, 0, 0.9992839694023132, -0.02229265309870243, 0.03057176060974598, 0.021995628252625465, 0.9997079372406006, 0.010018185712397099, -0.030786141753196716, -0.00933857075870037, 0.9994824528694153),
            ["RightUpperLeg"] = CFrame.new(5.960464477539063e-08, 1.0244548320770264e-07, -5.012407200410962e-08, 0.903719961643219, -0.04795248806476593, -0.42543014883995056, -0.010270197875797749, 0.9909934401512146, -0.13351677358150482, 0.4280009865760803, 0.12503087520599365, 0.8950879573822021),
            ["LeftUpperLeg"] = CFrame.new(-1.1920928955078125e-07, 3.1385570764541626e-07, 3.725290298461914e-08, 0.980225682258606, 0.18121828138828278, 0.07948364317417145, -0.1342662274837494, 0.9041463732719421, -0.405576229095459, -0.1453627198934555, 0.3868842124938965, 0.9105989336967468),
            ["RightLowerLeg"] = CFrame.new(7.450580596923828e-09, -0.0001226663589477539, -0.00007755884871585295, 1, -6.33299421792799e-08, 8.102505688611927e-08, 7.078050856534901e-08, 0.8834013938903809, 0.4686165452003479, 1.3969836842875338e-08, -0.4686170816421509, 0.8834016919136047),
            ["RightFoot"] = CFrame.new(3.166496753692627e-08, 3.5762786865234375e-07, 4.639878170564771e-08, 0.9711318016052246, 0.04679027944803238, 0.23390956223011017, 0.023428840562701225, 0.9571239948272705, -0.28872936964035034, -0.2373901903629303, 0.28587475419044495, 0.9283974766731262),
            ["LeftLowerLeg"] = CFrame.new(2.3748725652694702e-08, 0.0001226663589477539, 0.00007745902985334396, 1, 6.19329370010746e-08, 2.4214383387288763e-08, -7.124616274722939e-08, 0.6601418256759644, 0.7511410713195801, 3.259628300611439e-08, -0.7511410713195801, 0.6601417660713196),
        }},
        {Time = 0.067, Data = {
            ["LeftFoot"] = CFrame.new(-1.1175870895385742e-08, -1.1920928955078125e-07, -2.421438694000244e-08, 0.9913923740386963, -0.04612590745091438, 0.12252990156412125, 0.08084628731012344, 0.9518157839775085, -0.29582181572914124, -0.10298091918230057, 0.3031817078590393, 0.9473520517349243),
            ["LeftLowerArm"] = CFrame.new(4.76837158203125e-07, 0.0000013113021850585938, -1.4901161193847656e-07, 1, -4.470347292340193e-08, 7.82310962677002e-08, 1.862645504502325e-08, 0.9282687306404114, -0.3719102740287781, 1.862645504502325e-08, 0.3719102144241333, 0.9282686710357666),
            ["LowerTorso"] = CFrame.new(0.004089750349521637, -0.10074305534362793, -0.11542942374944687, 0.9878215193748474, -0.07876090705394745, -0.13418418169021606, 0.07315430045127869, 0.9962490797042847, -0.04622070863842964, 0.13732124865055084, 0.03584166243672371, 0.9898779392242432),
            ["Head"] = CFrame.new(1.3504177331924438e-08, -2.384185791015625e-07, -1.6298145055770874e-09, 0.9846857190132141, 0.03899548947811127, 0.1699221283197403, -0.057464390993118286, 0.9927931427955627, 0.10516531020402908, -0.1645965278148651, -0.11331920325756073, 0.9798300266265869),
            ["RightUpperArm"] = CFrame.new(0, -1.1920928955078125e-07, 0, 0.7894067764282227, -0.2484171837568283, 0.5613608360290527, 0.16207587718963623, 0.9663555026054382, 0.19972100853919983, -0.5920882225036621, -0.06667809188365936, 0.8031099438667297),
            ["UpperTorso"] = CFrame.new(-4.190951585769653e-08, 3.5762786865234375e-07, 5.704350769519806e-08, 0.9959048628807068, 0.08589980006217957, -0.028191471472382545, -0.08555233478546143, 0.9962447881698608, 0.013310682959854603, 0.029228953644633293, -0.010844330303370953, 0.9995139241218567),
            ["HumanoidRootPart"] = CFrame.new(0, 0, 0, 1, 0, 0, 0, 1, 0, 0, 0, 1),
            ["RightHand"] = CFrame.new(-8.940696716308594e-08, -1.1920928955078125e-07, 1.9371509552001953e-07, 0.9980445504188538, 0.05024590715765953, -0.03718268871307373, -0.0493764691054821, 0.9984931945800781, 0.023943476378917694, 0.03832974284887314, -0.022060712799429893, 0.999021589756012),
            ["LeftUpperArm"] = CFrame.new(1.1920928955078125e-07, 0, 2.9802322387695312e-08, 0.9511156678199768, 0.12282565236091614, -0.2833601236343384, -0.07234477996826172, 0.9805928468704224, 0.18221938610076904, 0.300242155790329, -0.15281206369400024, 0.9415429830551147),
            ["RightLowerArm"] = CFrame.new(-2.086162567138672e-07, -6.556510925292969e-07, 6.146728992462158e-07, 1, -1.490115231206346e-08, 1.6763804566721774e-08, 2.6077035641947077e-08, 0.9479065537452698, -0.3185485303401947, 1.1175872671742582e-08, 0.3185485601425171, 0.9479066133499146),
            ["LeftHand"] = CFrame.new(-3.129243850708008e-07, 0, -1.4901161193847656e-07, 0.998771071434021, -0.03477831557393074, 0.03531142696738243, 0.03392259031534195, 0.9991229176521301, 0.02455080673098564, -0.036134254187345505, -0.023322734981775284, 0.9990747570991516),
            ["RightUpperLeg"] = CFrame.new(1.7881393432617188e-07, -5.25033101439476e-08, -5.420588422566652e-09, 0.9097005128860474, -0.060230568051338196, -0.4108741879463196, -0.006173925008624792, 0.9873545169830322, -0.15840767323970795, 0.41521912813186646, 0.14663992822170258, 0.8978248238563538),
            ["LeftUpperLeg"] = CFrame.new(-2.384185791015625e-07, -7.776543498039246e-08, 6.705522537231445e-08, 0.9780799150466919, 0.181096151471138, 0.10278097540140152, -0.12325950711965561, 0.9013484716415405, -0.4151846170425415, -0.1678297072649002, 0.3934149444103241, 0.9039124846458435),
            ["RightLowerLeg"] = CFrame.new(2.9802322387695312e-08, -0.00012236833572387695, -0.00007740983710391447, 1, -3.725290653733282e-08, -4.004685649761086e-08, 1.0430815677864302e-07, 0.8718400001525879, 0.48979032039642334, 4.656613938891496e-08, -0.4897908568382263, 0.8718402981758118),
            ["RightFoot"] = CFrame.new(4.563480615615845e-08, 4.76837158203125e-07, -1.6931153368204832e-08, 0.9743643999099731, 0.052456777542829514, 0.21877487003803253, 0.015003545209765434, 0.9551205635070801, -0.29583707451820374, -0.22447477281093597, 0.2915359139442444, 0.9298484325408936),
            ["LeftLowerLeg"] = CFrame.new(2.0489096641540527e-08, 0.00012254714965820312, 0.0000774734653532505, 1, 7.171183113996449e-08, 2.9802322387695312e-08, -6.705523958316917e-08, 0.66243577003479, 0.7491188049316406, 2.980232949312267e-08, -0.7491188645362854, 0.66243577003479),
        }},
        {Time = 0.100, Data = {
            ["LeftFoot"] = CFrame.new(5.587935447692871e-09, 0, -3.725290298461914e-09, 0.9940184354782104, -0.05505527928471565, 0.09432092308998108, 0.08067816495895386, 0.9522714614868164, -0.29439815878868103, -0.07361096888780594, 0.30024662613868713, 0.9510169625282288),
            ["LeftLowerArm"] = CFrame.new(-2.9802322387695312e-08, 3.5762786865234375e-07, 5.960464477539063e-08, 1, -5.5879347371501353e-08, 1.862644971595273e-08, 1.862644971595273e-08, 0.9021109342575073, -0.43150418996810913, -9.313224635931761e-10, 0.43150413036346436, 0.9021109342575073),
            ["LowerTorso"] = CFrame.new(-0.0035014115273952484, -0.1019902229309082, -0.11109527200460434, 0.9883785247802734, -0.07329143583774567, -0.13317757844924927, 0.06884750723838806, 0.9969154596328735, -0.03767874091863632, 0.1355283111333847, 0.028071913868188858, 0.9903756976127625),
            ["Head"] = CFrame.new(-3.259629011154175e-09, 7.152557373046875e-07, -2.6542693376541138e-08, 0.991381049156189, 0.08389870822429657, 0.10062224417924881, -0.10006821900606155, 0.9806508421897888, 0.16825680434703827, -0.08455872535705566, -0.17687563598155975, 0.9805941581726074),
            ["RightUpperArm"] = CFrame.new(1.1920928955078125e-07, 1.1920928955078125e-07, -2.9802322387695312e-08, 0.825716495513916, -0.2826025187969208, 0.48818859457969666, 0.1761493980884552, 0.9513530135154724, 0.25278210639953613, -0.5358765125274658, -0.1227322593331337, 0.8353281617164612),
            ["UpperTorso"] = CFrame.new(-2.7008354663848877e-08, 8.344650268554688e-07, 2.468004822731018e-08, 0.9965053796768188, 0.07777949422597885, -0.030454259365797043, -0.07803015410900116, 0.9969255924224854, -0.007128116674721241, 0.029806192964315414, 0.009479557164013386, 0.9995107650756836),
            ["HumanoidRootPart"] = CFrame.new(0, 0, 0, 1, 0, 0, 0, 1, 0, 0, 0, 1),
            ["RightHand"] = CFrame.new(8.940696716308594e-08, 2.980232238769531e-07, 3.688037395477295e-07, 0.996987521648407, 0.01695733703672886, -0.075686976313591, -0.01632479578256607, 0.9998265504837036, 0.008968125097453594, 0.07582588493824005, -0.007705545984208584, 0.9970913529396057),
            ["LeftUpperArm"] = CFrame.new(1.7881393432617188e-07, 1.1920928955078125e-07, -1.4901161193847656e-08, 0.9466224908828735, 0.12546169757843018, -0.29692649841308594, -0.06626944243907928, 0.9772161245346069, 0.20163594186306, 0.3154589831829071, -0.17119593918323517, 0.9333690404891968),
            ["RightLowerArm"] = CFrame.new(-2.086162567138672e-07, 0.0000011920928955078125, 1.6763806343078613e-07, 1, -5.215404996761208e-08, 0, 4.470350489782504e-08, 0.893261194229126, -0.4495379626750946, 4.8428795196286956e-08, 0.44953790307044983, 0.8932612538337708),
            ["LeftHand"] = CFrame.new(-1.7881393432617188e-07, 0, -8.940696716308594e-08, 0.9994327425956726, -0.027570635080337524, 0.01934269443154335, 0.026061341166496277, 0.9968908429145813, 0.07436124980449677, -0.0213327556848526, -0.07381495088338852, 0.9970438480377197),
            ["RightUpperLeg"] = CFrame.new(-2.9802322387695312e-08, 2.739252522587776e-07, -9.85528458841145e-08, 0.9206268191337585, -0.06651798635721207, -0.38473623991012573, -0.004966438747942448, 0.9833062887191772, -0.18189066648483276, 0.39041227102279663, 0.16936399042606354, 0.9049275517463684),
            ["LeftUpperLeg"] = CFrame.new(-5.960464477539063e-08, 5.061738193035126e-07, -3.725290298461914e-08, 0.9723426103591919, 0.18873663246631622, 0.13758040964603424, -0.1138361394405365, 0.8973230123519897, -0.42644202709198, -0.2039392590522766, 0.3989861011505127, 0.8939903974533081),
            ["RightLowerLeg"] = CFrame.new(3.725290298461914e-09, -0.00012242794036865234, -0.00007742473826510832, 1, -9.313227167240257e-08, -3.4458931708059026e-08, 8.568167686462402e-08, 0.8626779913902283, 0.5057533383369446, 3.632158041000366e-08, -0.5057536959648132, 0.8626781702041626),
            ["RightFoot"] = CFrame.new(-3.632158041000366e-08, 2.384185791015625e-07, 5.012407200410962e-08, 0.9793419241905212, 0.06087058037519455, 0.1928326040506363, -0.0005165656330063939, 0.9543664455413818, -0.2986376881599426, -0.20221106708049774, 0.29236894845962524, 0.9346824884414673),
            ["LeftLowerLeg"] = CFrame.new(1.0803341865539551e-07, 0.00012284517288208008, 0.0000773165374994278, 1, 6.798654794692993e-08, 2.9802311729554276e-08, -6.705522537231445e-08, 0.6649559736251831, 0.7468822002410889, 2.7939677238464355e-08, -0.7468825578689575, 0.6649563908576965),
        }},
        {Time = 0.133, Data = {
            ["LeftFoot"] = CFrame.new(3.3527612686157227e-08, 0, -1.4901161193847656e-08, 0.9924551248550415, -0.09920825809240341, 0.07204632461071014, 0.11615035682916641, 0.9489350318908691, -0.29331088066101074, -0.039268460124731064, 0.29946640133857727, 0.9532985091209412),
            ["LeftLowerArm"] = CFrame.new(0, 8.940696716308594e-07, -1.1920928955078125e-07, 1, -6.705522537231445e-08, -2.6077039194660756e-08, 4.4703494239684005e-08, 0.8276640176773071, -0.5612240433692932, 2.0489101970611046e-08, 0.5612239837646484, 0.8276640176773071),
            ["LowerTorso"] = CFrame.new(-0.011320928111672401, -0.1032416820526123, -0.10861150920391083, 0.9887291789054871, -0.06991202384233475, -0.1323893815279007, 0.06598062068223953, 0.9972463846206665, -0.033858709037303925, 0.13439194858074188, 0.02474196068942547, 0.9906193614006042),
            ["Head"] = CFrame.new(7.566995918750763e-10, -3.5762786865234375e-07, -2.7939677238464355e-09, 0.9836646318435669, 0.1676742434501648, -0.06549378484487534, -0.14282217621803284, 0.9484191536903381, 0.2830248177051544, 0.10957161337137222, -0.26904743909835815, 0.956873893737793),
            ["RightUpperArm"] = CFrame.new(1.1920928955078125e-07, 1.1920928955078125e-07, 1.4901161193847656e-08, 0.9014251828193665, -0.30159106850624084, 0.31060510873794556, 0.20080173015594482, 0.926856517791748, 0.3171999156475067, -0.3835510313510895, -0.22356197237968445, 0.8960517644882202),
            ["UpperTorso"] = CFrame.new(-1.1175870895385742e-08, 2.980232238769531e-07, 6.984919309616089e-09, 0.9962656497955322, 0.06765452772378922, -0.05364469066262245, -0.06894460320472717, 0.9973651170730591, -0.02257160283625126, 0.05197625607252121, 0.02618582546710968, 0.9983050227165222),
            ["HumanoidRootPart"] = CFrame.new(0, 0, 0, 1, 0, 0, 0, 1, 0, 0, 0, 1),
            ["RightHand"] = CFrame.new(-1.685693860054016e-07, -2.980232238769531e-07, 1.2665987014770508e-07, 0.9713744521141052, -0.12259526550769806, -0.20347511768341064, 0.12921707332134247, 0.991424024105072, 0.01953197829425335, 0.19933561980724335, -0.04526528716087341, 0.978885293006897),
            ["LeftUpperArm"] = CFrame.new(0, 0, -2.9802322387695312e-08, 0.9503617286682129, 0.14459216594696045, -0.27550986409187317, -0.07192867249250412, 0.9635748267173767, 0.25758466124534607, 0.3027190864086151, -0.22498153150081635, 0.9261450171470642),
            ["RightLowerArm"] = CFrame.new(-2.086162567138672e-07, 5.960464477539063e-08, 3.8743019104003906e-07, 1, -6.705519695060502e-08, -7.450580596923828e-09, 4.842877388000488e-08, 0.798104465007782, -0.602519154548645, 4.470348358154297e-08, 0.6025190949440002, 0.7981045246124268),
            ["LeftHand"] = CFrame.new(-2.2351741790771484e-07, -4.76837158203125e-07, 8.940696716308594e-08, 0.9970320463180542, -0.06387042999267578, 0.042985450476408005, 0.05785486474633217, 0.9899539351463318, 0.12901213765144348, -0.050793636590242386, -0.12614227831363678, 0.990710973739624),
            ["RightUpperLeg"] = CFrame.new(5.960464477539063e-08, 9.872019290924072e-08, -6.502523319795728e-08, 0.9315040111541748, -0.07013467699289322, -0.3569055497646332, -0.0021731769666075706, 0.9801434278488159, -0.19827792048454285, 0.3637247681617737, 0.18547217547893524, 0.9128550887107849),
            ["LeftUpperLeg"] = CFrame.new(-1.7881393432617188e-07, -2.561137080192566e-08, -3.725290298461914e-08, 0.9658800959587097, 0.19789904356002808, 0.16706830263137817, -0.10735789686441422, 0.8929826617240906, -0.4370996356010437, -0.23569075763225555, 0.4042498767375946, 0.8837602138519287),
            ["RightLowerLeg"] = CFrame.new(-1.3783574104309082e-07, -0.0001227259635925293, -0.00007732043013675138, 1, -1.0058280253133489e-07, -2.4214383387288763e-08, 6.332992796842518e-08, 0.8546879887580872, 0.5191418528556824, 5.681066994611683e-08, -0.5191420912742615, 0.8546880483627319),
            ["RightFoot"] = CFrame.new(1.0244548320770264e-08, 2.384185791015625e-07, 5.420588422566652e-09, 0.9837039113044739, 0.06886232644319534, 0.16608662903308868, -0.016011936590075493, 0.9536300301551819, -0.3005549907684326, -0.17908214032649994, 0.29299813508987427, 0.9391922950744629),
            ["LeftLowerLeg"] = CFrame.new(8.195638656616211e-08, 0.00012260675430297852, 0.00007729604840278625, 1, 6.239857697210027e-08, 1.210719524635806e-08, -6.70552182668871e-08, 0.657503604888916, 0.7534517049789429, 1.303851426825986e-08, -0.753451406955719, 0.6575032472610474),
        }},
        {Time = 0.167, Data = {
            ["LeftFoot"] = CFrame.new(3.5390257835388184e-08, 5.960464477539063e-08, 7.450580596923828e-09, 0.9844425916671753, -0.1547587364912033, 0.08320236951112747, 0.1737663596868515, 0.9276795387268066, -0.3304784595966339, -0.026040511205792427, 0.3397948741912842, 0.9401390552520752),
            ["LeftLowerArm"] = CFrame.new(-2.980232238769531e-07, 7.152557373046875e-07, -1.4901161193847656e-07, 1, -8.940696716308594e-08, -2.607702853651972e-08, 6.705523247774181e-08, 0.7144525051116943, -0.6996839642524719, 3.9115551686563776e-08, 0.6996839642524719, 0.7144525051116943),
            ["LowerTorso"] = CFrame.new(-0.021045157685875893, -0.10448861122131348, -0.110664501786232, 0.9889086484909058, -0.06271205842494965, -0.13463647663593292, 0.057522647082805634, 0.9974563121795654, -0.042097777128219604, 0.13693402707576752, 0.03388620913028717, 0.9900004267692566),
            ["Head"] = CFrame.new(-4.889443516731262e-09, -5.960464477539062e-07, -6.51925802230835e-09, 0.9245078563690186, 0.27570849657058716, -0.26319241523742676, -0.14325270056724548, 0.891204833984375, 0.4303866922855377, 0.3532196283340454, -0.36019277572631836, 0.8634216785430908),
            ["RightUpperArm"] = CFrame.new(1.1920928955078125e-07, 2.384185791015625e-07, 0, 0.9457820653915405, -0.2921101450920105, 0.14201438426971436, 0.21979855000972748, 0.8975163102149963, 0.3822999596595764, -0.23913386464118958, -0.3303579092025757, 0.9130601286888123),
            ["UpperTorso"] = CFrame.new(-7.450580596923828e-09, 1.4901161193847656e-07, 9.313225746154785e-09, 0.9935266971588135, 0.04901937395334244, -0.10247845202684402, -0.05167340487241745, 0.9983897805213928, -0.023404685780405998, 0.10116619616746902, 0.028548607602715492, 0.994459867477417),
            ["HumanoidRootPart"] = CFrame.new(0, 0, 0, 1, 0, 0, 0, 1, 0, 0, 0, 1),
            ["RightHand"] = CFrame.new(2.6740599423646927e-07, -7.152557373046875e-07, 1.043081283569336e-07, 0.9326671957969666, -0.23154962062835693, -0.27661657333374023, 0.268158882856369, 0.9579288363456726, 0.10228941589593887, 0.24129387736320496, -0.1695791780948639, 0.9555209279060364),
            ["LeftUpperArm"] = CFrame.new(-1.1920928955078125e-07, -3.5762786865234375e-07, 1.4901161193847656e-08, 0.9313896298408508, 0.1932012140750885, -0.3085232675075531, -0.08464671671390533, 0.9392497539520264, 0.33263325691223145, 0.35404548048973083, -0.2836957275867462, 0.8911613821983337),
            ["RightLowerArm"] = CFrame.new(2.384185791015625e-07, 0.000001430511474609375, 1.4901161193847656e-07, 1, -8.195634393359796e-08, 3.073364496231079e-08, 7.648487354572353e-08, 0.6969255805015564, -0.7171434164047241, 3.492460010079412e-08, 0.7171434164047241, 0.696925699710846),
            ["LeftHand"] = CFrame.new(8.940696716308594e-08, 1.1920928955078125e-07, -3.5762786865234375e-07, 0.9776403307914734, -0.1562216579914093, 0.14076276123523712, 0.13144850730895996, 0.9764997959136963, 0.17079122364521027, -0.16413603723049164, -0.14846929907798767, 0.9752007126808167),
            ["RightUpperLeg"] = CFrame.new(-2.9802322387695312e-08, -2.4458859115839005e-07, -9.110226528719068e-08, 0.9394741058349609, -0.08313839137554169, -0.332380086183548, 0.012502639554440975, 0.9777854084968567, -0.20923523604869843, 0.34239184856414795, 0.19241544604301453, 0.9196434020996094),
            ["LeftUpperLeg"] = CFrame.new(-1.1920928955078125e-07, -4.01865690946579e-07, -2.2351741790771484e-08, 0.957766592502594, 0.23591497540473938, 0.1643998622894287, -0.1560136377811432, 0.9066066145896912, -0.3920767307281494, -0.24154287576675415, 0.3498695492744446, 0.9051235318183899),
            ["RightLowerLeg"] = CFrame.new(-4.842877388000488e-08, -0.00012254714965820312, -0.00007738003478152677, 1, -2.9802322387695312e-08, -4.284085264316673e-08, 8.940696716308594e-08, 0.8414254784584045, 0.5403727889060974, 3.725290298461914e-08, -0.5403731465339661, 0.8414257168769836),
            ["RightFoot"] = CFrame.new(-5.029141902923584e-08, 2.980232238769531e-07, 2.4047039914876223e-08, 0.9861202836036682, 0.07553251832723618, 0.1478569656610489, -0.02666192688047886, 0.9510114789009094, -0.3080035448074341, -0.16387781500816345, 0.29978683590888977, 0.9398256540298462),
            ["LeftLowerLeg"] = CFrame.new(7.450580596923828e-08, 0.0001227259635925293, 0.00007731840014457703, 1, 6.705521116145974e-08, 3.725290298461914e-09, -8.195640788244418e-08, 0.6666068434715271, 0.7454094290733337, 3.72529100900465e-08, -0.7454094290733337, 0.6666069030761719),
        }},
        {Time = 0.200, Data = {
            ["LeftFoot"] = CFrame.new(-2.3748725652694702e-08, 0, 1.1175870895385742e-08, 0.978062093257904, -0.14077888429164886, 0.15354511141777039, 0.18743537366390228, 0.9163597226142883, -0.3537697196006775, -0.09089912474155426, 0.37478840351104736, 0.9226434826850891),
            ["LeftLowerArm"] = CFrame.new(-5.960464477539063e-08, 9.5367431640625e-07, 0, 1, -5.21540641784668e-08, 4.4703490686970326e-08, 8.195639367158947e-08, 0.6406746506690979, -0.7678124904632568, 5.960465188081798e-08, 0.7678124308586121, 0.6406746506690979),
            ["LowerTorso"] = CFrame.new(-0.035680681467056274, -0.10413932800292969, -0.11474167555570602, 0.9867528080940247, -0.04961712658405304, -0.15445734560489655, 0.04030885919928551, 0.9972102642059326, -0.0628252699971199, 0.15714365243911743, 0.05576701462268829, 0.9860000014305115),
            ["Head"] = CFrame.new(-2.7939677238464355e-09, 1.1920928955078125e-07, -2.7939677238464355e-08, 0.8437773585319519, 0.3666919767856598, -0.39188873767852783, -0.10221128165721893, 0.8266201615333557, 0.5534005165100098, 0.526870608329773, -0.4268912971019745, 0.7349633574485779),
            ["RightUpperArm"] = CFrame.new(1.1920928955078125e-07, -2.384185791015625e-07, -5.960464477539063e-08, 0.9476115107536316, -0.2819206118583679, 0.15017764270305634, 0.1845453530550003, 0.866939127445221, 0.4629899859428406, -0.260721355676651, -0.41102004051208496, 0.8735485076904297),
            ["UpperTorso"] = CFrame.new(-2.8870999813079834e-08, 3.5762786865234375e-07, 2.8870999813079834e-08, 0.9862228035926819, 0.02195894531905651, -0.16395863890647888, -0.023418359458446503, 0.9997014999389648, -0.0069732628762722015, 0.16375653445720673, 0.010716822929680347, 0.9864425659179688),
            ["HumanoidRootPart"] = CFrame.new(0, 0, 0, 1, 0, 0, 0, 1, 0, 0, 0, 1),
            ["RightHand"] = CFrame.new(-4.470348358154297e-08, -2.980232238769531e-07, 2.086162567138672e-07, 0.9412834644317627, -0.16950267553329468, -0.29198336601257324, 0.23528562486171722, 0.9495710730552673, 0.20725706219673157, 0.2421284019947052, -0.2637872099876404, 0.9336970448493958),
            ["LeftUpperArm"] = CFrame.new(1.1920928955078125e-07, -1.1920928955078125e-07, 2.9802322387695312e-08, 0.8658663630485535, 0.2653673589229584, -0.42409399151802063, -0.08658570796251297, 0.9144200086593628, 0.39539724588394165, 0.49272558093070984, -0.30564063787460327, 0.8147425055503845),
            ["RightLowerArm"] = CFrame.new(-3.5762786865234375e-07, 0.0000013113021850585938, 5.21540641784668e-07, 1, -8.940693874137651e-08, 4.0978189730367376e-08, 6.332992796842518e-08, 0.6180708408355713, -0.7861223816871643, 4.8428766774577525e-08, 0.7861223816871643, 0.6180708408355713),
            ["LeftHand"] = CFrame.new(-4.470348358154297e-07, -5.960464477539063e-08, -1.4901161193847656e-07, 0.9546211361885071, -0.1885797679424286, 0.23051300644874573, 0.14590169489383698, 0.9708747267723083, 0.19003956019878387, -0.25963670015335083, -0.14778351783752441, 0.9543315768241882),
            ["RightUpperLeg"] = CFrame.new(-5.960464477539063e-08, -6.938353180885315e-08, -7.620110409334302e-08, 0.9492040872573853, -0.10611937940120697, -0.2962269186973572, 0.03973642736673355, 0.9743040800094604, -0.22170405089855194, 0.31214192509651184, 0.198671355843544, 0.9290301203727722),
            ["LeftUpperLeg"] = CFrame.new(-1.1920928955078125e-07, -1.2665987014770508e-07, -7.450580596923828e-09, 0.9492736458778381, 0.26721200346946716, 0.1657630354166031, -0.21228638291358948, 0.9334731698036194, -0.289071261882782, -0.23197878897190094, 0.23921862244606018, 0.942846953868866),
            ["RightLowerLeg"] = CFrame.new(-1.1175870895385742e-07, -0.00012230873107910156, -0.00007738003478152677, 1, -1.2665984172599565e-07, -3.725289943190546e-08, 9.685753354915505e-08, 0.821708619594574, 0.5699074268341064, 2.9802318834981634e-08, -0.5699079036712646, 0.8217089772224426),
            ["RightFoot"] = CFrame.new(-5.3085386753082275e-08, 4.172325134277344e-07, 4.267349140718579e-08, 0.98741215467453, 0.08102589100599289, 0.13583926856517792, -0.034494053572416306, 0.948462188243866, -0.31500712037086487, -0.154361754655838, 0.30635663866996765, 0.939318060874939),
            ["LeftLowerLeg"] = CFrame.new(-3.3527612686157227e-08, 0.0001227855682373047, 0.00007728487253189087, 1, 7.078050856534901e-08, 2.980232594040899e-08, -1.210719347000122e-07, 0.6974070072174072, 0.7166756391525269, 5.960464477539063e-08, -0.7166754007339478, 0.6974066495895386),
        }},
        {Time = 0.233, Data = {
            ["LeftFoot"] = CFrame.new(-1.816079020500183e-08, 0, -1.4901161193847656e-08, 0.9711101055145264, -0.1636156141757965, 0.17371052503585815, 0.21583592891693115, 0.9127157926559448, -0.3469354212284088, -0.1017843633890152, 0.37440598011016846, 0.921661913394928),
            ["LeftLowerArm"] = CFrame.new(2.9802322387695312e-08, -1.1920928955078125e-07, -5.662441253662109e-07, 1, -9.685753354915505e-08, 7.450580596923828e-08, 6.705522537231445e-08, 0.6455714106559753, -0.7636999487876892, 2.2351741790771484e-08, 0.7636998891830444, 0.6455714702606201),
            ["LowerTorso"] = CFrame.new(-0.05484960228204727, -0.10538291931152344, -0.11446234583854675, 0.9766716361045837, -0.04703696444630623, -0.20952348411083221, 0.03564947471022606, 0.9976915121078491, -0.057800423353910446, 0.211758553981781, 0.04898263141512871, 0.9760937690734863),
            ["Head"] = CFrame.new(0, -3.5762786865234375e-07, -8.381903171539307e-09, 0.7879188060760498, 0.43181413412094116, -0.43899959325790405, -0.05341937765479088, 0.758161723613739, 0.6498749256134033, 0.6134577989578247, -0.4885975122451782, 0.6204370260238647),
            ["RightUpperArm"] = CFrame.new(1.1920928955078125e-07, 0, 2.9802322387695312e-08, 0.9415609836578369, -0.2675037980079651, 0.20470628142356873, 0.12912721931934357, 0.8479375243186951, 0.5141286253929138, -0.3111094832420349, -0.4576503336429596, 0.832926869392395),
            ["UpperTorso"] = CFrame.new(-9.313225746154785e-09, 3.2782554626464844e-07, 7.450580596923828e-09, 0.9747393131256104, 0.012534132227301598, -0.2229936271905899, -0.015987005084753036, 0.9997785687446594, -0.013685628771781921, 0.22277270257472992, 0.01690495014190674, 0.9747238755226135),
            ["HumanoidRootPart"] = CFrame.new(0, 0, 0, 1, 0, 0, 0, 1, 0, 0, 0, 1),
            ["RightHand"] = CFrame.new(-1.30385160446167e-07, -2.384185791015625e-07, 2.9802322387695312e-08, 0.8928821086883545, -0.12447824329137802, -0.4327433407306671, 0.24425870180130005, 0.9412440061569214, 0.23323264718055725, 0.3782847225666046, -0.3139505684375763, 0.8708248138427734),
            ["LeftUpperArm"] = CFrame.new(2.384185791015625e-07, -2.384185791015625e-07, 0, 0.804836630821228, 0.30573761463165283, -0.5086869597434998, -0.07786864787340164, 0.904090940952301, 0.4201858639717102, 0.5883659720420837, -0.2985701858997345, 0.7514529228210449),
            ["RightLowerArm"] = CFrame.new(1.7881393432617188e-07, 2.980232238769531e-07, -2.8312206268310547e-07, 1, -6.705519695060502e-08, 2.607702853651972e-08, 9.685756197086448e-08, 0.5352789759635925, -0.8446753621101379, 2.980232594040899e-08, 0.8446753621101379, 0.535278856754303),
            ["LeftHand"] = CFrame.new(-2.384185791015625e-07, -1.1920928955078125e-07, -2.384185791015625e-07, 0.9301284551620483, -0.20935223996639252, 0.30171647667884827, 0.15290069580078125, 0.96776282787323, 0.2001415193080902, -0.33389002084732056, -0.14002469182014465, 0.9321537017822266),
            ["RightUpperLeg"] = CFrame.new(5.960464477539063e-08, 1.3998942449688911e-07, -6.688787834718823e-08, 0.9664698839187622, -0.10577740520238876, -0.23398087918758392, 0.04285360500216484, 0.9648754596710205, -0.2591891586780548, 0.2531791031360626, 0.24047152698040009, 0.9370559453964233),
            ["LeftUpperLeg"] = CFrame.new(-2.384185791015625e-07, 4.470348358154297e-07, -7.450580596923828e-09, 0.9338262677192688, 0.3077128231525421, 0.18243208527565002, -0.28113695979118347, 0.9466325044631958, -0.15763509273529053, -0.22120244801044464, 0.09591548144817352, 0.9704997539520264),
            ["RightLowerLeg"] = CFrame.new(-3.725290298461914e-08, -0.00012201070785522461, -0.00007742473826510832, 1, -1.2665985593685036e-07, -9.313229298868464e-09, 7.823108916227284e-08, 0.8107368350028992, 0.5854107141494751, -5.029141192380848e-08, -0.5854107737541199, 0.8107369542121887),
            ["RightFoot"] = CFrame.new(-6.705522537231445e-08, 3.5762786865234375e-07, 3.5222910810261965e-08, 0.9887340068817139, 0.08195369690656662, 0.12525445222854614, -0.04103335365653038, 0.953141987323761, -0.29972758889198303, -0.1439492106437683, 0.2912115454673767, 0.945766806602478),
            ["LeftLowerLeg"] = CFrame.new(6.05359673500061e-08, 0.0001227259635925293, 0.00007740221917629242, 1, 5.029139060752641e-08, 3.7252917195473856e-08, -6.379560346658764e-08, 0.7690245509147644, 0.6392195820808411, 2.0489098417897367e-08, -0.6392192244529724, 0.7690243721008301),
        }},
        {Time = 0.267, Data = {
            ["LeftFoot"] = CFrame.new(4.7497451305389404e-08, 1.7881393432617188e-07, -1.4901161193847656e-08, 0.9633523225784302, -0.2168797254562378, 0.1578473150730133, 0.25946253538131714, 0.9027107954025269, -0.3432087302207947, -0.0680556446313858, 0.371586412191391, 0.9259006381034851),
            ["LeftLowerArm"] = CFrame.new(-2.682209014892578e-07, -2.980232238769531e-07, -6.854534149169922e-07, 1, -5.960464477539063e-08, 2.60770320892334e-08, 7.776544208581981e-08, 0.674200177192688, -0.7385486960411072, 1.862645326866641e-08, 0.7385486960411072, 0.674200177192688),
            ["LowerTorso"] = CFrame.new(-0.07978939265012741, -0.10876607894897461, -0.1113658994436264, 0.956331729888916, -0.04639987647533417, -0.28857696056365967, 0.04012799263000488, 0.9988129734992981, -0.027615200728178024, 0.28951573371887207, 0.014829281717538834, 0.9570583701133728),
            ["Head"] = CFrame.new(-2.0489096641540527e-08, 2.384185791015625e-07, -6.402842700481415e-09, 0.7742899656295776, 0.45967862010002136, -0.43493759632110596, -0.005429824348539114, 0.6920890808105469, 0.7217916250228882, 0.632807731628418, -0.5565144419670105, 0.538373589515686),
            ["RightUpperArm"] = CFrame.new(1.1920928955078125e-07, 1.1920928955078125e-07, 4.470348358154297e-08, 0.9493907690048218, -0.2474355399608612, 0.19347596168518066, 0.12203224003314972, 0.8581551909446716, 0.49867597222328186, -0.2894226014614105, -0.4498280882835388, 0.844919741153717),
            ["UpperTorso"] = CFrame.new(-4.470348358154297e-08, 8.940696716308594e-08, 3.3527612686157227e-08, 0.9592675566673279, 0.016932033002376556, -0.281991183757782, -0.029729852452874184, 0.9987099170684814, -0.041166868060827255, 0.28093042969703674, 0.047873616218566895, 0.9585333466529846),
            ["HumanoidRootPart"] = CFrame.new(0, 0, 0, 1, 0, 0, 0, 1, 0, 0, 0, 1),
            ["RightHand"] = CFrame.new(2.980232238769531e-07, -1.1920928955078125e-07, 2.384185791015625e-07, 0.888496458530426, -0.09833166003227234, -0.44822415709495544, 0.22969147562980652, 0.9409007430076599, 0.24889281392097473, 0.39726030826568604, -0.32409366965293884, 0.8585729598999023),
            ["LeftUpperArm"] = CFrame.new(0, 3.5762786865234375e-07, 1.4901161193847656e-08, 0.7628100514411926, 0.3158581554889679, -0.5642291307449341, -0.06787166744470596, 0.9068693518638611, 0.4159105122089386, 0.6430507898330688, -0.2789655029773712, 0.7132068872451782),
            ["RightLowerArm"] = CFrame.new(-2.980232238769531e-07, -2.980232238769531e-07, 0, 1, -5.9604616353681195e-08, 4.470347292340193e-08, 8.37899492012184e-08, 0.47941696643829346, -0.8775873184204102, 4.4703494239684005e-08, 0.8775873184204102, 0.47941696643829346),
            ["LeftHand"] = CFrame.new(0, -2.384185791015625e-07, 8.940696716308594e-08, 0.9092198014259338, -0.256208211183548, 0.3281414210796356, 0.19544130563735962, 0.9586308598518372, 0.20695357024669647, -0.36758965253829956, -0.12403396517038345, 0.921679675579071),
            ["RightUpperLeg"] = CFrame.new(-5.960464477539063e-08, -5.640322342514992e-08, -2.7772330213338137e-08, 0.9815374612808228, -0.09233281016349792, -0.16750790178775787, 0.03391476720571518, 0.9459044933319092, -0.3226677179336548, 0.18823951482772827, 0.3110295534133911, 0.9315720796585083),
            ["LeftUpperLeg"] = CFrame.new(-1.1920928955078125e-07, 1.5832483768463135e-08, 0, 0.927343487739563, 0.31175217032432556, 0.20698979496955872, -0.30924850702285767, 0.9499064683914185, -0.04519949108362198, -0.21071191132068634, -0.02209584042429924, 0.977298378944397),
