return {
    ["Empty Out Your Pockets"] = {
        {Time = 0.000, Data = {
            ["RightFoot"] = CFrame.new(1.564621925354004e-07, -1.1920928955078125e-07, -1.3205863069742918e-08, 0.9668864607810974, 0.2504742443561554, -0.048920851200819016, -0.24494530260562897, 0.8569891452789307, -0.4533994793891907, -0.07164040207862854, 0.4503689706325531, 0.8899638652801514),
            ["LeftLowerArm"] = CFrame.new(0.0000014603137969970703, -4.76837158203125e-07, 0.000004813075065612793, 1, 1.1827798118702049e-07, 1.1920928955078125e-07, -1.1548399925231934e-07, 0.9947687983512878, -0.1021527349948883, -1.043081283569336e-07, 0.10215272754430771, 0.9947687387466431),
            ["RightUpperArm"] = CFrame.new(-0.02561640739440918, 0.010335206985473633, -0.03665470331907272, 0.9024775624275208, -0.42715999484062195, -0.05539489910006523, 0.4234459102153778, 0.8562719225883484, 0.2957908511161804, -0.07891687005758286, -0.2904011607170105, 0.9536452293395996),
            ["Head"] = CFrame.new(1.4901161193847656e-08, -8.344650268554688e-07, 1.7113052308559418e-08, 0.9917707443237305, 0.10801294445991516, 0.06873185932636261, -0.11341366916894913, 0.9903026819229126, 0.08023766428232193, -0.05939856544137001, -0.0873725563287735, 0.9944033026695251),
            ["RightHand"] = CFrame.new(2.1141022443771362e-07, 0.0000013113021850585938, -7.748603820800781e-07, 0.6689228415489197, -0.6955114603042603, 0.2623080611228943, 0.6656730771064758, 0.7175365090370178, 0.2049909383058548, -0.3307892382144928, 0.037488341331481934, 0.9429598450660706),
            ["UpperTorso"] = CFrame.new(-3.725290298461914e-08, -5.960464477539063e-08, -2.3283064365386963e-09, 0.9995216131210327, -0.030929135158658028, -0.0003375272499397397, 0.030873306095600128, 0.996934175491333, 0.07189752161502838, -0.0018872624495998025, -0.0718735083937645, 0.9974120259284973),
            ["HumanoidRootPart"] = CFrame.new(0, 0, 0, 1, 0, 0, 0, 1, 0, 0, 0, 1),
            ["RightUpperLeg"] = CFrame.new(5.960464477539063e-08, -1.862645149230957e-09, 7.617927622050047e-09, 0.7824177742004395, -0.4455988109111786, -0.4350448250770569, 0.3284602761268616, 0.888792872428894, -0.31962671875953674, 0.5290899276733398, 0.10718656331300735, 0.8417688608169556),
            ["LeftUpperArm"] = CFrame.new(0.03539109230041504, 0.0032421350479125977, -0.03637847304344177, 0.8186028003692627, 0.06487832963466644, -0.5706841349601746, -0.3579638600349426, 0.8346553444862366, -0.41858410835266113, 0.44916731119155884, 0.5469380617141724, 0.7064751386642456),
            ["RightLowerArm"] = CFrame.new(5.066394805908203e-07, 0.0000011920928955078125, -0.00000356137752532959, 1, -0.00001920014801726211, -0.0000024847684017004212, 0.00001892074942588806, 0.9954538941383362, -0.09524531662464142, 0.0000042906031012535095, 0.09524527192115784, 0.9954538345336914),
            ["LeftHand"] = CFrame.new(-0.0000014901161193847656, -0.0000016689300537109375, 3.2782554626464844e-07, 0.9802332520484924, -0.11823558062314987, -0.15862922370433807, 0.11490848660469055, 0.9929224848747253, -0.03001859411597252, 0.1610558182001114, 0.011197390966117382, 0.9868817925453186),
            ["LeftFoot"] = CFrame.new(4.842877388000488e-08, -1.7881393432617188e-07, -1.4901161193847656e-08, 0.9680472612380981, -0.15590369701385498, 0.19641461968421936, 0.22188718616962433, 0.8974531292915344, -0.3812400698661804, -0.11683608591556549, 0.4126403331756592, 0.9033700823783875),
            ["LowerTorso"] = CFrame.new(-0.10177144408226013, -0.18108510971069336, 0.3915932774543762, 0.994800865650177, 0.06217270717024803, -0.080658458173275, -0.06650172919034958, 0.9964230060577393, -0.05214180052280426, 0.07712814211845398, 0.057234641164541245, 0.9953770637512207),
            ["RightLowerLeg"] = CFrame.new(-8.940696716308594e-08, -0.0007265210151672363, 0.000046090986870694906, 1, 1.266598843585598e-07, 2.980233304583635e-08, -5.960465188081798e-08, 0.6457000970840454, 0.763590931892395, 8.195639367158947e-08, -0.7635911703109741, 0.6457004547119141),
            ["LeftUpperLeg"] = CFrame.new(2.9802322387695312e-08, -1.2665987014770508e-07, 1.4901161193847656e-08, 0.9645065069198608, 0.1619945615530014, 0.20853044092655182, -0.10602822154760361, 0.9608414173126221, -0.25601163506507874, -0.24183718860149384, 0.22481471300125122, 0.9439137578010559),
            ["LeftLowerLeg"] = CFrame.new(3.91155481338501e-08, -0.0007266402244567871, 0.00008100271224975586, 1, 2.9802315282267955e-08, 2.2351736461700966e-08, -4.8428766774577525e-08, 0.7239485383033752, 0.6898539662361145, 4.0978189730367376e-08, -0.6898540258407593, 0.7239484786987305),
        }},
        {Time = 0.033, Data = {
            ["RightFoot"] = CFrame.new(1.4156103134155273e-07, -1.1920928955078125e-07, 1.20904587674886e-07, 0.9649852514266968, 0.2580311894416809, -0.047153718769550323, -0.2542635202407837, 0.8759958744049072, -0.4098552167415619, -0.06444887816905975, 0.4074936509132385, 0.9109309911727905),
            ["LeftLowerArm"] = CFrame.new(9.834766387939453e-07, -4.76837158203125e-07, 0.000004470348358154297, 1, 1.788139627478813e-07, 1.3411046495548362e-07, -1.6391277313232422e-07, 0.9929750561714172, -0.11832459270954132, -4.470348358154297e-08, 0.11832451820373535, 0.9929750561714172),
            ["RightUpperArm"] = CFrame.new(-0.03254944086074829, 0.019327640533447266, -0.03314162790775299, 0.9160290360450745, -0.38619741797447205, -0.10836201161146164, 0.4004514515399933, 0.8650184869766235, 0.3022943139076233, -0.023010149598121643, -0.32030409574508667, 0.9470353722572327),
            ["Head"] = CFrame.new(-2.7939677238464355e-09, -7.152557373046875e-07, 3.387685865163803e-08, 0.9980951547622681, 0.06129975616931915, 0.006958547979593277, -0.0616912767291069, 0.9907472729682922, 0.12088917940855026, 0.000516324071213603, -0.12108834832906723, 0.9926416873931885),
            ["RightHand"] = CFrame.new(2.0349398255348206e-07, 6.556510925292969e-07, -8.791685104370117e-07, 0.6792672872543335, -0.7015208005905151, 0.2155548334121704, 0.676647424697876, 0.7123848795890808, 0.18616299331188202, -0.28415536880493164, 0.01940019614994526, 0.9585819840431213),
            ["UpperTorso"] = CFrame.new(-1.862645149230957e-09, -1.7881393432617188e-07, -4.284083843231201e-08, 0.9990060329437256, -0.035017549991607666, 0.02758064866065979, 0.03279378265142441, 0.9964666366577148, 0.07732310891151428, -0.03019086830317974, -0.07634171843528748, 0.9966245293617249),
            ["HumanoidRootPart"] = CFrame.new(0, 0, 0, 1, 0, 0, 0, 1, 0, 0, 0, 1),
            ["RightUpperLeg"] = CFrame.new(0, -6.51925802230835e-08, -4.8261426854878664e-08, 0.7740395665168762, -0.4557248651981354, -0.43951982259750366, 0.3414643704891205, 0.8850604891777039, -0.3163386583328247, 0.5331649780273438, 0.09477818012237549, 0.8406855463981628),
            ["LeftUpperArm"] = CFrame.new(0.028762519359588623, -0.005408048629760742, -0.03224186599254608, 0.8250215649604797, 0.16193433105945587, -0.5414025187492371, -0.3780881464481354, 0.8702157139778137, -0.31587037444114685, 0.4199868440628052, 0.4652976989746094, 0.7791721224784851),
            ["RightLowerArm"] = CFrame.new(5.960464477539063e-08, 2.384185791015625e-07, -0.0000037848949432373047, 1, -0.00001929840254888404, -0.000002497806917745038, 0.000018916323824669234, 0.9955141544342041, -0.0946134552359581, 0.000004293396614230005, 0.09461340308189392, 0.9955140948295593),
            ["LeftHand"] = CFrame.new(-0.0000010728836059570312, -0.0000011920928955078125, 4.172325134277344e-07, 0.9766305685043335, -0.0849962905049324, -0.19740423560142517, 0.09109675139188766, 0.9955987930297852, 0.022013869136571884, 0.1946643888950348, -0.0394822359085083, 0.9800750613212585),
            ["LeftFoot"] = CFrame.new(-8.568167686462402e-08, -1.7881393432617188e-07, 2.9802322387695312e-08, 0.9696605205535889, -0.1489197164773941, 0.1938595473766327, 0.2139711230993271, 0.9005399942398071, -0.37847593426704407, -0.11821577697992325, 0.40847349166870117, 0.905082643032074),
            ["LowerTorso"] = CFrame.new(-0.11104512214660645, -0.17798256874084473, 0.3921205401420593, 0.99699467420578, 0.05667974054813385, -0.052811115980148315, -0.06025815010070801, 0.9958069324493408, -0.06882991641759872, 0.04868841543793678, 0.07180535048246384, 0.9962296485900879),
            ["RightLowerLeg"] = CFrame.new(-1.6391277313232422e-07, -0.0007264614105224609, 0.0000461207891930826, 1, 1.3411049337719305e-07, -2.980232949312267e-08, -8.195638656616211e-08, 0.6232103705406189, 0.7820543050765991, 5.21540641784668e-08, -0.7820543646812439, 0.6232103705406189),
            ["LeftUpperLeg"] = CFrame.new(2.9802322387695312e-08, -6.891787052154541e-08, -1.4901161193847656e-08, 0.970657467842102, 0.15644679963588715, 0.1826157569885254, -0.10675764083862305, 0.960842490196228, -0.25570422410964966, -0.21546898782253265, 0.22870542109012604, 0.9493508338928223),
            ["LeftLowerLeg"] = CFrame.new(1.0244548320770264e-07, -0.0007265210151672363, 0.00008103996515274048, 1, 5.960464477539063e-08, 2.607702853651972e-08, -6.705523247774181e-08, 0.7168119549751282, 0.6972665786743164, 1.862645326866641e-08, -0.6972666382789612, 0.7168119549751282),
        }},
        {Time = 0.067, Data = {
            ["RightFoot"] = CFrame.new(1.1175870895385742e-07, -5.960464477539063e-08, -2.8107024263590574e-08, 0.9619770050048828, 0.2666076719760895, -0.05933500453829765, -0.27046868205070496, 0.8995945453643799, -0.34289461374282837, -0.03804057464003563, 0.3459049165248871, 0.937498152256012),
            ["LeftLowerArm"] = CFrame.new(0.0000014901161193847656, -0.0000010728836059570312, 0.000004963018000125885, 1, 1.341104507446289e-07, 1.1920928955078125e-07, -1.8626448650138627e-07, 0.9864787459373474, -0.1638893336057663, -8.195637946073475e-08, 0.1638893187046051, 0.9864788055419922),
            ["RightUpperArm"] = CFrame.new(-0.04542398452758789, 0.032172441482543945, -0.03031746670603752, 0.9232275485992432, -0.33931228518486023, -0.18032771348953247, 0.3804679811000824, 0.8729305863380432, 0.30534639954566956, 0.05380576476454735, -0.35051316022872925, 0.9350110292434692),
            ["Head"] = CFrame.new(0, -9.5367431640625e-07, 1.1641532182693481e-09, 0.9973005652427673, 0.02869611419737339, -0.06758846342563629, -0.015554231591522694, 0.9821453094482422, 0.18747979402542114, 0.0717616081237793, -0.1859225630760193, 0.9799404144287109),
            ["RightHand"] = CFrame.new(3.594905138015747e-07, 0.0000013113021850585938, -7.599592208862305e-07, 0.6850336790084839, -0.7069183588027954, 0.1760537326335907, 0.6808322072029114, 0.7072145938873291, 0.19056636095046997, -0.25922274589538574, -0.010681296698749065, 0.9657586216926575),
            ["UpperTorso"] = CFrame.new(3.166496753692627e-08, -1.4901161193847656e-07, 5.704350769519806e-08, 0.9972110986709595, -0.03269771486520767, 0.06708870828151703, 0.027172747999429703, 0.9962887167930603, 0.08167368173599243, -0.06951020658016205, -0.07962295413017273, 0.9943985939025879),
            ["HumanoidRootPart"] = CFrame.new(0, 0, 0, 1, 0, 0, 0, 1, 0, 0, 0, 1),
            ["RightUpperLeg"] = CFrame.new(0, -1.2759119272232056e-07, -9.145878721028566e-09, 0.7822986245155334, -0.45107272267341614, -0.42958390712738037, 0.3428286015987396, 0.8875846862792969, -0.3076718747615814, 0.5200743675231934, 0.09341755509376526, 0.8489968776702881),
            ["LeftUpperArm"] = CFrame.new(0.016959547996520996, -0.01867532730102539, -0.028583448380231857, 0.8524308204650879, 0.2775999903678894, -0.4430575966835022, -0.42267483472824097, 0.8646742701530457, -0.2714487612247467, 0.3077462911605835, 0.4186606705188751, 0.8544094562530518),
            ["RightLowerArm"] = CFrame.new(1.7881393432617188e-07, 5.960464477539063e-08, -0.000003919005393981934, 1, -0.000019199454982299358, -0.0000024605544695077697, 0.000018872324289986864, 0.995516300201416, -0.09459096193313599, 0.000004275702849554364, 0.09459098428487778, 0.995516300201416),
            ["LeftHand"] = CFrame.new(-0.000001564621925354004, -0.0000013113021850585938, 3.2782554626464844e-07, 0.9698122143745422, -0.0354490764439106, -0.2412623018026352, 0.05793611705303192, 0.9945433735847473, 0.08675798028707504, 0.23687072098255157, -0.09811671823263168, 0.9665741324424744),
            ["LeftFoot"] = CFrame.new(1.1175870895385742e-08, -1.7881393432617188e-07, -8.195638656616211e-08, 0.9714000821113586, -0.14226095378398895, 0.19011527299880981, 0.20555944740772247, 0.9046069383621216, -0.37340545654296875, -0.11885875463485718, 0.40180614590644836, 0.9079782962799072),
            ["LowerTorso"] = CFrame.new(-0.12089399248361588, -0.16890501976013184, 0.39138615131378174, 0.9987615346908569, 0.042108792811632156, -0.026499055325984955, -0.04422314465045929, 0.9953957796096802, -0.08503943681716919, 0.022796131670475006, 0.08610598742961884, 0.9960252046585083),
            ["RightLowerLeg"] = CFrame.new(-1.4901161193847656e-08, -0.0007262229919433594, 0.00004604628338711336, 1, 1.7136345320523105e-07, -7.450584149637507e-08, -7.450581307466564e-08, 0.6009138822555542, 0.7993137240409851, 3.725290653733282e-08, -0.7993138432502747, 0.6009140014648438),
            ["LeftUpperLeg"] = CFrame.new(2.9802322387695312e-08, 5.587935447692871e-09, 3.5390257835388184e-08, 0.9745564460754395, 0.16000768542289734, 0.15696290135383606, -0.11652913689613342, 0.9598929286003113, -0.25500303506851196, -0.19146990776062012, 0.23022407293319702, 0.9541153907775879),
            ["LeftLowerLeg"] = CFrame.new(-9.313225746154785e-09, -0.0007265210151672363, 0.00008098781108856201, 1, 3.352760558072987e-08, -1.4901159417490817e-08, -5.21540641784668e-08, 0.7107243537902832, 0.7034705877304077, 1.4901161193847656e-08, -0.7034705877304077, 0.7107243537902832),
        }},
        {Time = 0.100, Data = {
            ["RightFoot"] = CFrame.new(2.980232238769531e-07, -5.960464477539063e-08, 7.620110409334302e-08, 0.9544437527656555, 0.28645098209381104, -0.08356457948684692, -0.2983763813972473, 0.918988049030304, -0.2577451765537262, 0.0029634390957653522, 0.2709369957447052, 0.962592601776123),
            ["LeftLowerArm"] = CFrame.new(0.0000010132789611816406, 1.1920928955078125e-07, 0.0000049620866775512695, 1, 1.4528635006172408e-07, 1.6018749704471702e-07, -9.87202142255228e-08, 0.9722657799720764, -0.2338792383670807, -1.3783576946480025e-07, 0.23387905955314636, 0.9722657203674316),
            ["RightUpperArm"] = CFrame.new(-0.06021398305892944, 0.04553115367889404, -0.027700375765562057, 0.922741711139679, -0.28902387619018555, -0.25497668981552124, 0.3606517016887665, 0.8808196783065796, 0.30673593282699585, 0.1359344869852066, -0.37499597668647766, 0.9170059561729431),
            ["Head"] = CFrame.new(1.1175870895385742e-08, -4.76837158203125e-07, -2.0489096641540527e-08, 0.9895567893981934, 0.03818827494978905, -0.1389928162097931, -0.005507420748472214, 0.9735797643661499, 0.22828075289726257, 0.14403824508190155, -0.22513151168823242, 0.9636228680610657),
            ["RightHand"] = CFrame.new(2.123415470123291e-07, 9.5367431640625e-07, -7.599592208862305e-07, 0.6926361322402954, -0.7069321870803833, 0.14318448305130005, 0.6799211502075195, 0.7061795592308044, 0.19752942025661469, -0.24075406789779663, -0.039461832493543625, 0.9697837233543396),
            ["UpperTorso"] = CFrame.new(3.39350663125515e-08, 1.4901161193847656e-07, -3.544846549630165e-08, 0.9934640526771545, -0.028114819899201393, 0.11062907427549362, 0.01866302266716957, 0.9961580038070679, 0.08556295931339264, -0.1126096323132515, -0.08293899148702621, 0.9901717901229858),
            ["HumanoidRootPart"] = CFrame.new(0, 0, 0, 1, 0, 0, 0, 1, 0, 0, 0, 1),
            ["RightUpperLeg"] = CFrame.new(1.1920928955078125e-07, -4.423782229423523e-08, -7.096241461113095e-08, 0.8045170903205872, -0.4427483081817627, -0.3958866596221924, 0.33827391266822815, 0.8894569873809814, -0.3073064982891083, 0.48818355798721313, 0.11331506818532944, 0.8653533458709717),
            ["LeftUpperArm"] = CFrame.new(0.004141390323638916, -0.03329300880432129, -0.02518078312277794, 0.8668504953384399, 0.36320173740386963, -0.34154778718948364, -0.4707232415676117, 0.8219594955444336, -0.32062768936157227, 0.16428592801094055, 0.4387108087539673, 0.8834835290908813),
            ["RightLowerArm"] = CFrame.new(1.7881393432617188e-07, 5.960464477539062e-07, -0.000003889203071594238, 1, -0.00001922529008879792, -0.000002458691369611188, 0.000018868597180698998, 0.9955183267593384, -0.09456856548786163, 0.0000042617325561877806, 0.09456853568553925, 0.9955183267593384),
            ["LeftHand"] = CFrame.new(-0.0000014826655387878418, -0.000001430511474609375, 2.384185791015625e-07, 0.9589343667030334, -0.02315705269575119, -0.2826811671257019, 0.06476275622844696, 0.988209068775177, 0.13873988389968872, 0.27613547444343567, -0.15134945511817932, 0.9491273164749146),
            ["LeftFoot"] = CFrame.new(-6.705522537231445e-08, -1.1920928955078125e-07, 0, 0.9730316996574402, -0.13629376888275146, 0.18610019981861115, 0.19788017868995667, 0.907804012298584, -0.36977702379226685, -0.11854424327611923, 0.39663058519363403, 0.9102922081947327),
            ["LowerTorso"] = CFrame.new(-0.13076183199882507, -0.15812861919403076, 0.3894593119621277, 0.9997474551200867, 0.022291818633675575, -0.0028470982797443867, -0.02246491238474846, 0.9947166442871094, -0.10017094761133194, 0.0005990636418573558, 0.10020960122346878, 0.9949662685394287),
            ["RightLowerLeg"] = CFrame.new(5.960464477539063e-08, -0.0007263422012329102, 0.0000461207891930826, 1, 1.415610881849716e-07, 0, -8.195638656616211e-08, 0.5648155212402344, 0.825217068195343, 9.685754776000977e-08, -0.8252172470092773, 0.5648157000541687),
            ["LeftUpperLeg"] = CFrame.new(0, -3.0640512704849243e-07, -4.854518920183182e-08, 0.976505696773529, 0.16989542543888092, 0.13256053626537323, -0.13207240402698517, 0.9579285383224487, -0.2548137903213501, -0.17027512192726135, 0.23131930828094482, 0.9578610062599182),
            ["LeftLowerLeg"] = CFrame.new(-3.5390257835388184e-08, -0.0007265806198120117, 0.00008097290992736816, 1, 8.940698137394065e-08, 1.862645326866641e-08, -5.587936158235607e-08, 0.7027890086174011, 0.7113980054855347, 2.980232594040899e-08, -0.7113983035087585, 0.702789306640625),
        }},
        {Time = 0.133, Data = {
            ["RightFoot"] = CFrame.new(2.086162567138672e-07, -5.960464477539063e-08, 6.129994289949536e-08, 0.9447372555732727, 0.30799099802970886, -0.11230868101119995, -0.3244161009788513, 0.927631139755249, -0.1850796341896057, 0.047178152948617935, 0.2112864851951599, 0.9762849807739258),
            ["LeftLowerArm"] = CFrame.new(0.0000010132789611816406, -5.960464477539062e-07, 0.000004857778549194336, 1, 1.7136336794010276e-07, 8.195638656616211e-08, -1.3411047916633834e-07, 0.9464883804321289, -0.3227381110191345, -1.1920931797249068e-07, 0.32273805141448975, 0.9464883208274841),
            ["RightUpperArm"] = CFrame.new(-0.07517760992050171, 0.057711243629455566, -0.0254056379199028, 0.9148181080818176, -0.24712686240673065, -0.3194308876991272, 0.3466481566429138, 0.8863064050674438, 0.3070768415927887, 0.20722675323486328, -0.39164960384368896, 0.8964752554893494),
            ["Head"] = CFrame.new(0, -5.960464477539062e-07, 3.725290298461914e-09, 0.9769414663314819, 0.08947102725505829, -0.19385667145252228, -0.04141835868358612, 0.9701311588287354, 0.23901908099651337, 0.2094518095254898, -0.22547857463359833, 0.9514670372009277),
            ["RightHand"] = CFrame.new(2.5704503059387207e-07, 0.0000014901161193847656, -9.238719940185547e-07, 0.7010533213615417, -0.7029143571853638, 0.12014690041542053, 0.6735028028488159, 0.7080199718475342, 0.21237249672412872, -0.23434625566005707, -0.06796522438526154, 0.9697745442390442),
            ["UpperTorso"] = CFrame.new(7.683411240577698e-09, 1.1920928955078125e-07, -9.266659617424011e-08, 0.9883379340171814, -0.02195454016327858, 0.15068577229976654, 0.008619673550128937, 0.9960314035415649, 0.08858431875705719, -0.15203255414962769, -0.08625234663486481, 0.9846048951148987),
            ["HumanoidRootPart"] = CFrame.new(0, 0, 0, 1, 0, 0, 0, 1, 0, 0, 0, 1),
            ["RightUpperLeg"] = CFrame.new(0, -2.4322071112692356e-07, -1.6952981241047382e-09, 0.8281371593475342, -0.42510637640953064, -0.36534005403518677, 0.3267943859100342, 0.8957183957099915, -0.30148667097091675, 0.45540568232536316, 0.13028110563755035, 0.8806999325752258),
            ["LeftUpperArm"] = CFrame.new(-0.008177995681762695, -0.04747664928436279, -0.022231407463550568, 0.857714831829071, 0.43702271580696106, -0.27080652117729187, -0.5128840208053589, 0.7639119029045105, -0.3916490972042084, 0.03571278229355812, 0.47481563687324524, 0.8793604969978333),
            ["RightLowerArm"] = CFrame.new(7.748603820800781e-07, 5.960464477539062e-07, -0.0000037550926208496094, 1, -0.000019225291907787323, -0.000002469867467880249, 0.000018903985619544983, 0.9955184459686279, -0.09456831961870193, 0.000004291534423828125, 0.09456831961870193, 0.9955183863639832),
            ["LeftHand"] = CFrame.new(-0.0000016279518604278564, -0.0000010728836059570312, 2.1606683731079102e-07, 0.940785825252533, -0.09993784874677658, -0.32393550872802734, 0.15416614711284637, 0.9771580100059509, 0.14627055823802948, 0.3019184172153473, -0.18754908442497253, 0.9347035884857178),
            ["LeftFoot"] = CFrame.new(4.0978193283081055e-08, 0, -4.470348358154297e-08, 0.9743169546127319, -0.13130398094654083, 0.1829364150762558, 0.19217053055763245, 0.9083049893379211, -0.37155407667160034, -0.11737566441297531, 0.3971666693687439, 0.9102098345756531),
            ["LowerTorso"] = CFrame.new(-0.14012274146080017, -0.1499495506286621, 0.3863755464553833, 0.9998599886894226, 0.0009708889992907643, 0.016705304384231567, 0.0009335203212685883, 0.9935243129730225, -0.11361609399318695, -0.016707435250282288, 0.11361578851938248, 0.9933843016624451),
            ["RightLowerLeg"] = CFrame.new(-9.685754776000977e-08, -0.0007264614105224609, 0.00004606118454830721, 1, 1.2293457984924316e-07, -7.4505820180093e-08, -8.940698137394065e-08, 0.5490690469741821, 0.8357767462730408, 1.1920930376163597e-07, -0.8357770442962646, 0.5490694046020508),
            ["LeftUpperLeg"] = CFrame.new(-2.9802322387695312e-08, -9.319046512246132e-08, -2.7008354663848877e-08, 0.9768592119216919, 0.1832062304019928, 0.1103706881403923, -0.1499813199043274, 0.9546491503715515, -0.2571978271007538, -0.1524854451417923, 0.2346922904253006, 0.9600352048873901),
            ["LeftLowerLeg"] = CFrame.new(5.587935447692871e-08, -0.0007264018058776855, 0.00008097290992736816, 1, 6.332993507385254e-08, 1.4901164746561335e-08, -7.450579886381092e-08, 0.689287006855011, 0.7244881987571716, 2.9802318834981634e-08, -0.724488377571106, 0.6892873048782349),
        }},
        {Time = 0.167, Data = {
            ["RightFoot"] = CFrame.new(2.2351741790771484e-07, 0, -2.8107024263590574e-08, 0.9397746324539185, 0.3094916343688965, -0.14504623413085938, -0.33221375942230225, 0.9268767833709717, -0.17473888397216797, 0.08035988360643387, 0.21240133047103882, 0.9738726615905762),
            ["LeftLowerArm"] = CFrame.new(0.000001430511474609375, -3.5762786865234375e-07, 0.000004813075065612793, 1, 1.3411046495548362e-07, 8.940696716308594e-08, -1.7881397695873602e-07, 0.906663715839386, -0.4218543767929077, -1.0803344707710494e-07, 0.42185431718826294, 0.9066636562347412),
            ["RightUpperArm"] = CFrame.new(-0.08923429250717163, 0.06781589984893799, -0.024014703929424286, 0.9047027826309204, -0.22556430101394653, -0.36143243312835693, 0.34372884035110474, 0.8876752853393555, 0.3064039945602417, 0.2517209053039551, -0.40143918991088867, 0.880615234375),
            ["Head"] = CFrame.new(-7.450580596923828e-09, -9.5367431640625e-07, 3.725290298461914e-09, 0.9609551429748535, 0.15431100130081177, -0.22968074679374695, -0.09574969112873077, 0.964220404624939, 0.24720671772956848, 0.2596096694469452, -0.21556276082992554, 0.9413477182388306),
            ["RightHand"] = CFrame.new(3.725290298461914e-08, 7.152557373046875e-07, -7.897615432739258e-07, 0.7127181887626648, -0.6919134855270386, 0.11527294665575027, 0.660639226436615, 0.7173625230789185, 0.22124071419239044, -0.23577214777469635, -0.08152855932712555, 0.9683824777603149),
            ["UpperTorso"] = CFrame.new(-5.587935447692871e-09, 2.9802322387695312e-08, -4.656612873077393e-10, 0.9835936427116394, -0.013394203037023544, 0.17990034818649292, -0.0029683460015803576, 0.9959031939506531, 0.09037728607654572, -0.18037384748458862, -0.08942848443984985, 0.9795243740081787),
            ["HumanoidRootPart"] = CFrame.new(0, 0, 0, 1, 0, 0, 0, 1, 0, 0, 0, 1),
            ["RightUpperLeg"] = CFrame.new(0, 1.7369166016578674e-07, -6.129994289949536e-08, 0.8412027359008789, -0.40067023038864136, -0.363099604845047, 0.309452623128891, 0.907398521900177, -0.2843714654445648, 0.44341525435447693, 0.12685184180736542, 0.8872945308685303),
            ["LeftUpperArm"] = CFrame.new(-0.019367098808288574, -0.059900641441345215, -0.020303770899772644, 0.8180722594261169, 0.5081969499588013, -0.26924583315849304, -0.5698881149291992, 0.6533365845680237, -0.498376727104187, -0.07736539840698242, 0.5611481070518494, 0.8240917921066284),
            ["RightLowerArm"] = CFrame.new(3.8743019104003906e-07, 4.76837158203125e-07, -0.0000040084123611450195, 1, -0.000019246721421950497, -0.0000024735934402997373, 0.000018892811567639, 0.9955360889434814, -0.0943826362490654, 0.0000042989854591724, 0.09438266605138779, 0.9955360293388367),
            ["LeftHand"] = CFrame.new(-0.0000017508864402770996, -0.0000010728836059570312, 4.544854164123535e-07, 0.9133225679397583, -0.2496630847454071, -0.3217296302318573, 0.2946398854255676, 0.9504829049110413, 0.09884239733219147, 0.2811213731765747, -0.18506938219070435, 0.9416581988334656),
            ["LeftFoot"] = CFrame.new(2.9802322387695312e-08, -5.960464477539063e-08, -2.2351741790771484e-08, 0.9751794338226318, -0.12751248478889465, 0.18101248145103455, 0.1885874718427658, 0.9066964983940125, -0.37727484107017517, -0.11601631343364716, 0.402047336101532, 0.9082390666007996),
            ["LowerTorso"] = CFrame.new(-0.14834660291671753, -0.14513397216796875, 0.3822416663169861, 0.9993703961372375, -0.018217766657471657, 0.03044630028307438, 0.021883944049477577, 0.9919427037239075, -0.12478318065404892, -0.027927713468670845, 0.12537088990211487, 0.9917168021202087),
            ["RightLowerLeg"] = CFrame.new(9.685754776000977e-08, -0.0007264614105224609, 0.00004606118454830721, 1, 1.5646224937881925e-07, -2.980232949312267e-08, -8.940693874137651e-08, 0.5736262202262878, 0.8191171884536743, 1.2665982751514093e-07, -0.8191171884536743, 0.5736262798309326),
            ["LeftUpperLeg"] = CFrame.new(-5.960464477539063e-08, -8.381903171539307e-08, 1.862645149230957e-08, 0.9760974049568176, 0.19647930562496185, 0.09289629757404327, -0.16668276488780975, 0.9510717391967773, -0.2601528465747833, -0.13946561515331268, 0.23845036327838898, 0.9610884189605713),
            ["LeftLowerLeg"] = CFrame.new(-2.9802322387695312e-08, -0.0007265806198120117, 0.00008097290992736816, 1, 6.519257311765614e-08, 5.21540641784668e-08, -5.960463766996327e-08, 0.6730244159698486, 0.7396204471588135, 2.2351738238057806e-08, -0.7396203875541687, 0.6730242371559143),
        }},
        {Time = 0.200, Data = {
            ["RightFoot"] = CFrame.new(1.9371509552001953e-07, -1.1920928955078125e-07, -8.77116690389812e-08, 0.938305139541626, 0.29983091354370117, -0.1722928285598755, -0.3308962881565094, 0.9232015609741211, -0.1954653263092041, 0.10045452415943146, 0.24041694402694702, 0.9654577374458313),
            ["LeftLowerArm"] = CFrame.new(0.0000016689300537109375, -5.960464477539062e-07, 0.000004842877388000488, 1, 1.6763806343078613e-07, 5.960464477539063e-08, -8.940696716308594e-08, 0.8532463312149048, -0.5215082168579102, -8.940696716308594e-08, 0.5215081572532654, 0.8532463312149048),
            ["RightUpperArm"] = CFrame.new(-0.0989222526550293, 0.07382094860076904, -0.023095451295375824, 0.8978917002677917, -0.22898340225219727, -0.37597495317459106, 0.3522122800350189, 0.8860198259353638, 0.301521897315979, 0.26407772302627563, -0.4031568765640259, 0.8762006163597107),
            ["Head"] = CFrame.new(-1.4901161193847656e-08, -7.152557373046875e-07, 3.725290298461914e-08, 0.9476808905601501, 0.20609335601329803, -0.2437756061553955, -0.14345470070838928, 0.9571608901023865, 0.25152310729026794, 0.28516969084739685, -0.20339293777942657, 0.9366480112075806),
            ["RightHand"] = CFrame.new(3.3155083656311035e-07, 0.0000011920928955078125, -8.344650268554688e-07, 0.729546070098877, -0.6709808707237244, 0.13246460258960724, 0.6379572749137878, 0.737432062625885, 0.22182193398475647, -0.24652200937271118, -0.0773225873708725, 0.9660478234291077),
            ["UpperTorso"] = CFrame.new(1.862645149230957e-09, 5.960464477539063e-08, -7.450580596923828e-09, 0.9815751910209656, -0.004798960406333208, 0.19101622700691223, -0.012967723421752453, 0.9957066774368286, 0.09165263921022415, -0.1906360536813736, -0.09244101494550705, 0.9772986173629761),
            ["HumanoidRootPart"] = CFrame.new(0, 0, 0, 1, 0, 0, 0, 1, 0, 0, 0, 1),
            ["RightUpperLeg"] = CFrame.new(-5.960464477539063e-08, 2.2351741790771484e-08, -2.7772330213338137e-08, 0.8478240966796875, -0.3854830861091614, -0.36413878202438354, 0.29523709416389465, 0.9135625958442688, -0.2797114849090576, 0.44048771262168884, 0.12963885068893433, 0.8883493542671204),
            ["LeftUpperArm"] = CFrame.new(-0.027042269706726074, -0.06754851341247559, -0.019094057381153107, 0.7653825283050537, 0.5739375352859497, -0.2911792993545532, -0.6027283072471619, 0.48062363266944885, -0.6369612812995911, -0.22562821209430695, 0.66302090883255, 0.7137892842292786),
            ["RightLowerArm"] = CFrame.new(3.2782554626464844e-07, 5.364418029785156e-07, -0.000003859400749206543, 1, -0.00001922622323036194, -0.0000024735920760576846, 0.000018958000509883277, 0.9955536127090454, -0.09419696778059006, 0.00000428408338848385, 0.09419699758291245, 0.9955535531044006),
            ["LeftHand"] = CFrame.new(-0.0000015459954738616943, -0.0000012516975402832031, 5.960464477539063e-08, 0.8985788822174072, -0.36821722984313965, -0.23868757486343384, 0.39117431640625, 0.9186435341835022, 0.05547131970524788, 0.19884341955184937, -0.14321374893188477, 0.9695109128952026),
            ["LeftFoot"] = CFrame.new(4.0978193283081055e-08, -1.1920928955078125e-07, -2.2351741790771484e-08, 0.975749671459198, -0.12503041326999664, 0.17966678738594055, 0.18630406260490417, 0.9052642583847046, -0.38182151317596436, -0.11490647494792938, 0.4060346782207489, 0.9066048264503479),
            ["LowerTorso"] = CFrame.new(-0.15493124723434448, -0.14141631126403809, 0.3770591616630554, 0.9988311529159546, -0.03169560059905052, 0.03649233654141426, 0.03629373386502266, 0.990431010723114, -0.13315165042877197, -0.03192281723022461, 0.134320467710495, 0.9904236197471619),
            ["RightLowerLeg"] = CFrame.new(-5.960464477539063e-08, -0.0007264614105224609, 0.00004614314093487337, 1, 1.3690448952274892e-07, -1.4901164746561335e-08, -5.215404996761208e-08, 0.5936917066574097, 0.8046926259994507, 1.5646214990283625e-07, -0.8046926259994507, 0.5936917066574097),
            ["LeftUpperLeg"] = CFrame.new(8.940696716308594e-08, -2.60770320892334e-08, 3.725290298461914e-09, 0.9748218059539795, 0.2063596397638321, 0.0844876691699028, -0.17853708565235138, 0.949312150478363, -0.25871041417121887, -0.13359259068965912, 0.23711255192756653, 0.9622529149055481),
            ["LeftLowerLeg"] = CFrame.new(8.381903171539307e-08, -0.0007264614105224609, 0.00008105486631393433, 1, 8.009374852235851e-08, 3.7252898543727042e-09, -5.960465188081798e-08, 0.6619682908058167, 0.7495319843292236, 2.2351745343485163e-08, -0.7495318651199341, 0.6619681715965271),
        }},
        {Time = 0.233, Data = {
            ["RightFoot"] = CFrame.new(1.9371509552001953e-07, 0, 1.0600342648103833e-07, 0.9406647682189941, 0.28488826751708984, -0.18435978889465332, -0.3208233118057251, 0.9236434102058411, -0.2096552699804306, 0.11055424064397812, 0.2563621997833252, 0.9602376222610474),
            ["LeftLowerArm"] = CFrame.new(7.748603820800781e-07, -7.152557373046875e-07, 0.000005185604095458984, 1, 2.2351741790771484e-07, 6.705523247774181e-08, -4.4703490686970326e-08, 0.7887880802154541, -0.6146652698516846, -1.1920930376163597e-07, 0.6146652102470398, 0.7887881398200989),
            ["RightUpperArm"] = CFrame.new(-0.10280060768127441, 0.07572197914123535, -0.0218953937292099, 0.8953523635864258, -0.2496577650308609, -0.3688023090362549, 0.3667144775390625, 0.8831823468208313, 0.2924198806285858, 0.25271493196487427, -0.3970641493797302, 0.8823126554489136),
            ["Head"] = CFrame.new(-7.450580596923828e-09, -7.152557373046875e-07, 4.470348358154297e-08, 0.9437775611877441, 0.22619035840034485, -0.24108439683914185, -0.16366320848464966, 0.9533270597457886, 0.2537359297275543, 0.28722503781318665, -0.20001401007175446, 0.9367477893829346),
            ["RightHand"] = CFrame.new(2.384185791015625e-07, 0.0000010132789611816406, -9.387731552124023e-07, 0.749254584312439, -0.6417932510375977, 0.16345776617527008, 0.6066752076148987, 0.7641063928604126, 0.21928779780864716, -0.26563671231269836, -0.06513655185699463, 0.9618703126907349),
            ["UpperTorso"] = CFrame.new(1.0244548320770264e-08, -1.1920928955078125e-07, -4.0046870708465576e-08, 0.9831907153129578, 0.0005547659820877016, 0.18258136510849, -0.01785936765372753, 0.9954922199249268, 0.09314768761396408, -0.1817064732313156, -0.09484272450208664, 0.9787684082984924),
            ["HumanoidRootPart"] = CFrame.new(0, 0, 0, 1, 0, 0, 0, 1, 0, 0, 0, 1),
            ["RightUpperLeg"] = CFrame.new(0, -4.6566128730773926e-08, -7.526978151872754e-08, 0.8492528200149536, -0.3776606023311615, -0.3689744174480438, 0.284476637840271, 0.9160180687904358, -0.2828149199485779, 0.444795161485672, 0.135216623544693, 0.8853664398193359),
            ["LeftUpperArm"] = CFrame.new(-0.03025984764099121, -0.06984603404998779, -0.017916351556777954, 0.6951769590377808, 0.6473615765571594, -0.3124924898147583, -0.6018648147583008, 0.2864808440208435, -0.7454444169998169, -0.3930492699146271, 0.7062944173812866, 0.5887793302536011),
            ["RightLowerArm"] = CFrame.new(3.8743019104003906e-07, 7.152557373046875e-07, -0.000003993511199951172, 1, -0.000019258821339462884, -0.0000024884939193725586, 0.000018920747606898658, 0.9955711364746094, -0.09401122480630875, 0.000004291533969080774, 0.09401120245456696, 0.9955711364746094),
            ["LeftHand"] = CFrame.new(-0.000001821666955947876, -0.0000011920928955078125, 3.4086406230926514e-07, 0.8989042639732361, -0.4244908392429352, -0.10852909833192825, 0.43167370557785034, 0.9004437923431396, 0.05347013100981712, 0.07502681016921997, -0.09491363167762756, 0.9926543235778809),
            ["LeftFoot"] = CFrame.new(-5.587935447692871e-08, -5.960464477539063e-08, 3.725290298461914e-08, 0.9760643243789673, -0.12399544566869736, 0.17867185175418854, 0.18521088361740112, 0.9045478701591492, -0.3840441107749939, -0.1139974594116211, 0.40794405341148376, 0.9058623313903809),
            ["LowerTorso"] = CFrame.new(-0.15937525033950806, -0.13864421844482422, 0.36990296840667725, 0.9985760450363159, -0.038372889161109924, 0.037059202790260315, 0.043186627328395844, 0.9893073439598083, -0.13930539786815643, -0.031317390501499176, 0.14070749282836914, 0.989555835723877),
            ["RightLowerLeg"] = CFrame.new(-1.2293457984924316e-07, -0.0007262229919433594, 0.000046031382225919515, 1, 1.2945389471497037e-07, 7.4505797087454084e-09, -8.195637946073475e-08, 0.6111391186714172, 0.7915230989456177, 1.341104365337742e-07, -0.791523277759552, 0.611139178276062),
            ["LeftUpperLeg"] = CFrame.new(-2.9802322387695312e-08, -6.332993507385254e-08, -8.940696716308594e-08, 0.9737779498100281, 0.2115601897239685, 0.08365901559591293, -0.18472972512245178, 0.9499319791793823, -0.25200074911117554, -0.13278363645076752, 0.22993826866149902, 0.964104175567627),
            ["LeftLowerLeg"] = CFrame.new(3.725290298461914e-09, -0.0007264614105224609, 0.00008085370063781738, 1, 4.842877388000488e-08, 2.6077035641947077e-08, -5.960464477539063e-08, 0.6578112840652466, 0.7531827092170715, 3.725290298461914e-08, -0.7531828284263611, 0.6578115224838257),
        }},
        {Time = 0.267, Data = {
            ["RightFoot"] = CFrame.new(2.086162567138672e-07, -5.960464477539063e-08, -2.8107024263590574e-08, 0.9448626637458801, 0.2702426314353943, -0.1849418431520462, -0.3051403760910034, 0.9315513372421265, -0.19774162769317627, 0.11884476244449615, 0.2432718127965927, 0.962649941444397),
            ["LeftLowerArm"] = CFrame.new(0.0000011920928955078125, -5.960464477539062e-07, 0.000004678964614868164, 1, 1.341104507446289e-07, 1.769513069405093e-08, -8.195639367158947e-08, 0.7183782458305359, -0.6956527829170227, -1.1175872316471214e-07, 0.6956527233123779, 0.7183781862258911),
            ["RightUpperArm"] = CFrame.new(-0.1011090874671936, 0.07441365718841553, -0.01996966451406479, 0.897038996219635, -0.27490317821502686, -0.3460477888584137, 0.37937337160110474, 0.880628228187561, 0.2838486135005951, 0.22670860588550568, -0.3859044015407562, 0.8942488431930542),
            ["Head"] = CFrame.new(0, -7.152557373046875e-07, 1.4901161193847656e-08, 0.9517757892608643, 0.19886210560798645, -0.23361633718013763, -0.13694411516189575, 0.9567867517471313, 0.2565258741378784, 0.27453431487083435, -0.21216271817684174, 0.9378795027732849),
            ["RightHand"] = CFrame.new(7.040798664093018e-07, 0.000001430511474609375, -8.046627044677734e-07, 0.7683762907981873, -0.6086122989654541, 0.1979609727859497, 0.5728060603141785, 0.7919483780860901, 0.2114509642124176, -0.28546661138534546, -0.049080610275268555, 0.9571312069892883),
            ["UpperTorso"] = CFrame.new(7.450580596923828e-09, -3.5762786865234375e-07, 2.9802322387695312e-08, 0.9870241284370422, 0.00008168458589352667, 0.1605720818042755, -0.015541987493634224, 0.9953532218933105, 0.09502929449081421, -0.15981818735599518, -0.0962919071316719, 0.982438862323761),
            ["HumanoidRootPart"] = CFrame.new(0, 0, 0, 1, 0, 0, 0, 1, 0, 0, 0, 1),
            ["RightUpperLeg"] = CFrame.new(0, -5.774199962615967e-08, 1.9725121092051268e-08, 0.8486346006393433, -0.36870718002319336, -0.3793078362941742, 0.2748897671699524, 0.920018196105957, -0.2792886793613434, 0.45194578170776367, 0.13274601101875305, 0.8821130394935608),
            ["LeftUpperArm"] = CFrame.new(-0.029110729694366455, -0.06772637367248535, -0.01631776988506317, 0.61236971616745, 0.7232205271720886, -0.3193042576313019, -0.5672463178634644, 0.12062425911426544, -0.8146666884422302, -0.5506677031517029, 0.680001437664032, 0.4841107130050659),
            ["RightLowerArm"] = CFrame.new(1.7881393432617188e-07, 5.960464477539062e-07, -0.000003904104232788086, 1, -0.00001922436240420211, -0.0000024810431114019593, 0.000018961729438160546, 0.9955887198448181, -0.09382535517215729, 0.000004291534878575476, 0.09382539242506027, 0.9955886602401733),
            ["LeftHand"] = CFrame.new(-0.0000012852251529693604, -0.0000013113021850585938, 5.2212271839380264e-08, 0.9124819040298462, -0.40725943446159363, 0.038941193372011185, 0.4038146436214447, 0.9118412137031555, 0.07402507215738297, -0.06565549224615097, -0.05182139202952385, 0.9964959025382996),
            ["LeftFoot"] = CFrame.new(4.842877388000488e-08, -5.960464477539063e-08, -6.705522537231445e-08, 0.9760531783103943, -0.1247716024518013, 0.1781919002532959, 0.18585968017578125, 0.9039729833602905, -0.38508325815200806, -0.11303319036960602, 0.4089803397655487, 0.9055156111717224),
