return {
    ["Energetic Vibe"] = {
        {Time = 0.000, Data = {
            ["RightFoot"] = CFrame.new(-8.475035429000854e-08, 4.172325134277344e-07, -2.0656443666666746e-08, 0.9996444582939148, -0.025841712951660156, -0.006587520707398653, 0.015268759801983833, 0.7571156024932861, -0.6531023383140564, 0.02186431922018528, 0.6527697443962097, 0.7572411298751831),
            ["LeftLowerArm"] = CFrame.new(-8.046627044677734e-07, -2.980232238769531e-07, 5.066394805908203e-07, 1, -8.754427227586348e-08, 1.1548392819804576e-07, 9.313224325069314e-08, -0.45833149552345276, -0.8887813687324524, 1.1362133989223366e-07, 0.8887813091278076, -0.4583315849304199),
            ["RightUpperArm"] = CFrame.new(2.384185791015625e-07, -7.152557373046875e-07, -6.379559636116028e-08, 0.8874706029891968, -0.4494760036468506, -0.10182058811187744, 0.3358522057533264, 0.7820495367050171, -0.5249779224395752, 0.3155937194824219, 0.43170586228370667, 0.8450033664703369),
            ["Head"] = CFrame.new(3.259629011154175e-07, -2.384185791015625e-07, 9.592622518539429e-08, 0.987199604511261, -0.014465030282735825, -0.1588325947523117, 0.012315111234784126, 0.9998188614845276, -0.014512136578559875, 0.1590137630701065, 0.012370341457426548, 0.9871988892555237),
            ["RightHand"] = CFrame.new(-1.9371509552001953e-07, 2.384185791015625e-07, 7.450580596923828e-09, 0.9123841524124146, 0.022929882630705833, -0.4086923897266388, 0.041559457778930664, 0.9880813956260681, 0.14821597933769226, 0.40721991658210754, -0.15221494436264038, 0.9005569219589233),
            ["UpperTorso"] = CFrame.new(1.1641532182693481e-07, 2.384185791015625e-07, 2.7939677238464355e-09, 0.9487181901931763, 0.30884188413619995, 0.06745771318674088, -0.3150408864021301, 0.9413356184959412, 0.12098179012537003, -0.02613607794046402, -0.13602961599826813, 0.9903599619865417),
            ["HumanoidRootPart"] = CFrame.new(0, 0, 0, 1, 0, 0, 0, 1, 0, 0, 0, 1),
            ["RightUpperLeg"] = CFrame.new(0, 2.398155629634857e-07, 6.815389497205615e-08, 0.9261283874511719, -0.27492013573646545, -0.2582727074623108, 0.0010400867322459817, 0.6865542531013489, -0.7270774841308594, 0.3772071897983551, 0.6730988621711731, 0.6361238956451416),
            ["LeftUpperArm"] = CFrame.new(1.1920928955078125e-07, -3.5762786865234375e-07, 2.2584572434425354e-08, 0.08884651213884354, 0.859485387802124, -0.5033797025680542, -0.9719862341880798, -0.035592470318078995, -0.2323274463415146, -0.2175985425710678, 0.5099196434020996, 0.8322457075119019),
            ["RightLowerArm"] = CFrame.new(-2.086162567138672e-07, 3.5762786865234375e-07, 3.8743019104003906e-07, 1, -5.122275936741971e-08, 6.332992796842518e-08, 8.195641498787154e-08, 0.16162599623203278, -0.9868521094322205, 8.754435043556441e-08, 0.9868521094322205, 0.16162598133087158),
            ["LeftHand"] = CFrame.new(-7.897615432739258e-07, 4.76837158203125e-07, 3.427267074584961e-07, 0.9677809476852417, 0.14758794009685516, 0.20400476455688477, -0.17152224481105804, 0.979567289352417, 0.105015330016613, -0.18433737754821777, -0.13662311434745789, 0.9733210206031799),
            ["LeftFoot"] = CFrame.new(-1.1175870895385742e-08, 1.7881393432617188e-07, 7.450580596923828e-09, 0.9737209677696228, -0.22068744897842407, -0.05625640228390694, 0.12471786141395569, 0.7233921885490417, -0.6790792942047119, 0.19056004285812378, 0.6542177796363831, 0.7319061160087585),
            ["LowerTorso"] = CFrame.new(0.00013775844126939774, -0.48586881160736084, -0.05241173505783081, 0.9972127079963684, 0.01119100023061037, -0.07376845180988312, -0.006133168004453182, 0.997636616230011, 0.06843683123588562, 0.07435999065637589, -0.06779363751411438, 0.9949244260787964),
            ["RightLowerLeg"] = CFrame.new(5.21540641784668e-08, -0.00012242794036865234, -0.0000772310231695883, 1, -7.636842269675981e-08, -1.7881399116959074e-07, 1.6391278734317893e-07, -0.02761814557015896, 0.9996185898780823, -1.611188196193325e-07, -0.9996185302734375, -0.027618104591965675),
            ["LeftUpperLeg"] = CFrame.new(2.384185791015625e-07, -3.725290298461914e-08, -1.1175870895385742e-07, 0.8314588069915771, 0.28078874945640564, 0.4794095456600189, -0.127646341919899, 0.9363513588905334, -0.32703569531440735, -0.5407242178916931, 0.2107221484184265, 0.8143796324729919),
            ["LeftLowerLeg"] = CFrame.new(7.450580596923828e-09, 0.00012254714965820312, 0.00007736682891845703, 1, 5.960462345910855e-08, 1.4901159417490817e-08, -7.450579175838357e-08, 0.13725455105304718, 0.9905358552932739, 1.1175868053214799e-07, -0.9905358552932739, 0.13725435733795166),
        }},
        {Time = 0.033, Data = {
            ["RightFoot"] = CFrame.new(3.259629011154175e-08, 2.980232238769531e-07, -5.75528247281909e-09, 0.9999984502792358, 0.00174392806366086, 0.00044459497439675033, -0.0010409933747723699, 0.7620822191238403, -0.6474795341491699, -0.0014682153705507517, 0.6474779844284058, 0.7620828151702881),
            ["LeftLowerArm"] = CFrame.new(4.172325134277344e-07, -5.960464477539063e-08, 2.980232238769531e-07, 1, -8.568163423205988e-08, 1.2293455142753373e-07, 8.428470010812816e-08, -0.5214672684669495, -0.8532713055610657, 1.266598843585598e-07, 0.8532713055610657, -0.5214673280715942),
            ["RightUpperArm"] = CFrame.new(2.384185791015625e-07, 1.1920928955078125e-07, -6.705522537231445e-08, 0.9017744660377502, -0.42676934599876404, -0.06834309548139572, 0.34828248620033264, 0.8111637234687805, -0.4698008596897125, 0.25593405961990356, 0.39985162019729614, 0.8801230192184448),
            ["Head"] = CFrame.new(-1.1175870895385742e-08, 0, -3.725290298461914e-08, 0.9900649785995483, -0.015215876512229443, -0.13978514075279236, 0.003142100526019931, 0.9962736964225769, -0.08619173616170883, 0.14057573676109314, 0.08489622175693512, 0.9864233732223511),
            ["RightHand"] = CFrame.new(-8.940696716308594e-07, 6.556510925292969e-07, 3.8743019104003906e-07, 0.9131825566291809, 0.07836165279150009, -0.399946391582489, 0.00272769876755774, 0.9801440834999084, 0.19826798141002655, 0.40754175186157227, -0.18214578926563263, 0.8948367238044739),
            ["UpperTorso"] = CFrame.new(1.0943040251731873e-07, 2.980232238769531e-07, -4.6566128730773926e-09, 0.952068567276001, 0.30312493443489075, 0.04099780693650246, -0.3057454228401184, 0.9390007853507996, 0.1574718952178955, 0.009236707352101803, -0.16245891153812408, 0.9866721034049988),
            ["HumanoidRootPart"] = CFrame.new(0, 0, 0, 1, 0, 0, 0, 1, 0, 0, 0, 1),
            ["RightUpperLeg"] = CFrame.new(-5.960464477539063e-08, 6.825721357017756e-07, 7.839844329282641e-08, 0.933871865272522, -0.28259167075157166, -0.21914653480052948, 0.026697564870119095, 0.6661964058876038, -0.7452982068061829, 0.356609970331192, 0.6901625990867615, 0.6296866536140442),
            ["LeftUpperArm"] = CFrame.new(-3.5762786865234375e-07, 5.960464477539062e-07, 4.470348358154297e-08, 0.20123325288295746, 0.7933306694030762, -0.5745707750320435, -0.9760358929634094, 0.11280114948749542, -0.18609073758125305, -0.08281923830509186, 0.5982493758201599, 0.7970185875892639),
            ["RightLowerArm"] = CFrame.new(5.960464477539063e-08, 5.960464477539063e-08, 2.8312206268310547e-07, 1, -9.592626071253108e-08, 9.313222193441106e-08, 8.940698847936801e-08, 0.10560215264558792, -0.9944084882736206, 6.332994928470725e-08, 0.9944085478782654, 0.10560210794210434),
            ["LeftHand"] = CFrame.new(-8.828938007354736e-07, 5.960464477539062e-07, 6.854534149169922e-07, 0.9758109450340271, 0.1213233470916748, 0.18186159431934357, -0.15105904638767242, 0.9755332469940186, 0.15973743796348572, -0.15803217887878418, -0.18334530293941498, 0.9702630639076233),
            ["LeftFoot"] = CFrame.new(4.842877388000488e-08, -5.960464477539063e-08, 2.9802322387695312e-08, 0.9894083738327026, -0.14066040515899658, -0.035856615751981735, 0.10168905556201935, 0.8479143977165222, -0.5202886462211609, 0.10358752310276031, 0.5111319422721863, 0.8532374501228333),
            ["LowerTorso"] = CFrame.new(-0.04138179495930672, -0.481492280960083, -0.04262799024581909, 0.9950945973396301, 0.01209003571420908, -0.09818736463785172, -0.005160946864634752, 0.9974970817565918, 0.07051973789930344, 0.09879418462514877, -0.06966705620288849, 0.9926663041114807),
            ["RightLowerLeg"] = CFrame.new(-1.0058283805847168e-07, -0.00012242794036865234, -0.00007752904639346525, 1, -1.0058282384761696e-07, -1.899898762758312e-07, 1.6018749704471702e-07, -0.02201857976615429, 0.9997575879096985, -1.788139627478813e-07, -0.9997575879096985, -0.022018268704414368),
            ["LeftUpperLeg"] = CFrame.new(1.4901161193847656e-07, 7.16187059879303e-07, -5.960464477539063e-08, 0.8522993326187134, 0.300523579120636, 0.4281020760536194, -0.08136116713285446, 0.8846753239631653, -0.4590533971786499, -0.51668781042099, 0.35642009973526, 0.7784591317176819),
            ["LeftLowerLeg"] = CFrame.new(1.043081283569336e-07, 0.0001227259635925293, 0.00007745623588562012, 1, 6.70552182668871e-08, 9.685752644372769e-08, -8.195635814445268e-08, -0.06835350394248962, 0.9976612329483032, 7.078048724906694e-08, -0.9976612329483032, -0.0683535635471344),
        }},
        {Time = 0.067, Data = {
            ["RightFoot"] = CFrame.new(-9.313225746154785e-09, 2.384185791015625e-07, 9.145878721028566e-09, 0.9983826875686646, 0.05509035289287567, 0.01404314860701561, -0.03284407779574394, 0.7605298161506653, -0.6484712362289429, -0.04640495404601097, 0.6469616889953613, 0.7611096501350403),
            ["LeftLowerArm"] = CFrame.new(-7.748603820800781e-07, 2.384185791015625e-07, 1.7881393432617188e-07, 1, -7.450577044210149e-08, 1.0989601406663496e-07, 7.450581307466564e-08, -0.558451771736145, -0.829537034034729, 1.266598843585598e-07, 0.8295369744300842, -0.558451771736145),
            ["RightUpperArm"] = CFrame.new(1.1920928955078125e-07, -1.1920928955078125e-07, 1.4901161193847656e-08, 0.9065247774124146, -0.4218352735042572, -0.01636909693479538, 0.38241785764694214, 0.8370039463043213, -0.391383558511734, 0.17880038917064667, 0.3485390245914459, 0.9200820326805115),
            ["Head"] = CFrame.new(-1.564621925354004e-07, -3.5762786865234375e-07, -1.0058283805847168e-07, 0.9944114685058594, 0.0048265778459608555, -0.10546423494815826, -0.0152814369648695, 0.9950149059295654, -0.09854938834905624, 0.10446283966302872, 0.09961029887199402, 0.9895278215408325),
            ["RightHand"] = CFrame.new(-5.811452865600586e-07, 2.384185791015625e-07, -2.5331974029541016e-07, 0.8897945284843445, 0.10839933902025223, -0.44330060482025146, -0.01003997027873993, 0.9757950305938721, 0.21845687925815582, 0.45625096559524536, -0.1899309754371643, 0.8693453669548035),
            ["UpperTorso"] = CFrame.new(9.406358003616333e-08, 2.980232238769531e-07, -9.313225746154785e-10, 0.957757830619812, 0.2872192859649658, 0.014322915114462376, -0.2846374213695526, 0.939691960811615, 0.18963326513767242, 0.04100722819566727, -0.18569961190223694, 0.9817506074905396),
            ["HumanoidRootPart"] = CFrame.new(0, 0, 0, 1, 0, 0, 0, 1, 0, 0, 0, 1),
            ["RightUpperLeg"] = CFrame.new(-2.9802322387695312e-08, 1.5605473890900612e-07, 3.55576048605144e-08, 0.9368658065795898, -0.2986699640750885, -0.1818750947713852, 0.07132580131292343, 0.6723833084106445, -0.7367583513259888, 0.34233763813972473, 0.6772716641426086, 0.6512362360954285),
            ["LeftUpperArm"] = CFrame.new(-3.5762786865234375e-07, 0, -7.82310962677002e-08, 0.23987795412540436, 0.7194067239761353, -0.6518532633781433, -0.9651015996932983, 0.24938072264194489, -0.07992667704820633, 0.10505993664264679, 0.6482771635055542, 0.7541214227676392),
            ["RightLowerArm"] = CFrame.new(-2.9802322387695312e-08, -1.7881393432617188e-07, 4.246830940246582e-07, 1, -8.009376273321323e-08, 8.381902460996571e-08, 7.823111758398227e-08, 0.0011347050312906504, -0.9999994039535522, 7.078052988163108e-08, 0.9999994039535522, 0.001134697231464088),
            ["LeftHand"] = CFrame.new(-8.028000593185425e-07, 5.960464477539062e-07, 3.129243850708008e-07, 0.9800669550895691, 0.0891130194067955, 0.17756059765815735, -0.11900389194488525, 0.9789999127388, 0.16552168130874634, -0.15908169746398926, -0.18335266411304474, 0.9700900912284851),
            ["LeftFoot"] = CFrame.new(-2.60770320892334e-08, 5.960464477539063e-08, -6.705522537231445e-08, 0.9941986799240112, -0.1042264923453331, -0.026568876579403877, 0.08639094233512878, 0.9209403991699219, -0.38000598549842834, 0.06407541036605835, 0.3755069375038147, 0.9246024489402771),
            ["LowerTorso"] = CFrame.new(-0.08989185839891434, -0.45782971382141113, -0.047608524560928345, 0.9928001165390015, 0.01882672868669033, -0.11829451471567154, -0.010586435906589031, 0.9974974989891052, 0.06990516185760498, 0.11931457370519638, -0.06814952939748764, 0.990514874458313),
            ["RightLowerLeg"] = CFrame.new(-4.470348358154297e-08, -0.00012242794036865234, -0.00007727572665316984, 1, -1.3038513202445756e-07, -2.1979222708523594e-07, 1.3783575525394554e-07, 0.02998977154493332, 0.9995502233505249, -1.4156104555240745e-07, -0.9995502829551697, 0.02998974174261093),
            ["LeftUpperLeg"] = CFrame.new(2.682209014892578e-07, 5.569308996200562e-07, -8.195638656616211e-08, 0.9079485535621643, 0.2789790630340576, 0.312730073928833, -0.04241801053285599, 0.8035711646080017, -0.5936948657035828, -0.4169294834136963, 0.5257796049118042, 0.7414353489875793),
            ["LeftLowerLeg"] = CFrame.new(-8.195638656616211e-08, 0.00012290477752685547, 0.00007747113704681396, 1, 1.1175869474300271e-07, 9.685750512744562e-08, -1.043081283569336e-07, -0.23941446840763092, 0.9709174633026123, 4.842877388000488e-08, -0.9709174633026123, -0.2394142746925354),
        }},
        {Time = 0.100, Data = {
            ["RightFoot"] = CFrame.new(-1.1175870895385742e-08, 4.172325134277344e-07, -4.300818545743823e-08, 0.9959247708320618, 0.08739389479160309, 0.022277669981122017, -0.05518901348114014, 0.7859171032905579, -0.6158636212348938, -0.07133147865533829, 0.6121247410774231, 0.787537693977356),
            ["LeftLowerArm"] = CFrame.new(-5.364418029785156e-07, 2.384185791015625e-07, 7.152557373046875e-07, 1, -3.736927922659561e-08, 1.685692723185639e-07, 5.21540641784668e-08, -0.5667231678962708, -0.8239082098007202, 1.7881393432617188e-07, 0.823908269405365, -0.5667231678962708),
            ["RightUpperArm"] = CFrame.new(2.384185791015625e-07, -3.5762786865234375e-07, 1.341104507446289e-07, 0.9091693162918091, -0.41405025124549866, 0.04442479461431503, 0.4070146083831787, 0.860995888710022, -0.3050001561641693, 0.08803582936525345, 0.29537832736968994, 0.9513156414031982),
            ["Head"] = CFrame.new(1.4901161193847656e-07, -9.5367431640625e-07, 9.685754776000977e-08, 0.9986178874969482, 0.029144316911697388, -0.04373917728662491, -0.03130500018596649, 0.9982807040214539, -0.049555908888578415, 0.0422196239233017, 0.05085669085383415, 0.9978131651878357),
            ["RightHand"] = CFrame.new(-7.152557373046875e-07, 2.980232238769531e-07, 4.917383193969727e-07, 0.8681842088699341, 0.1355617195367813, -0.4773670732975006, -0.03977420926094055, 0.9778782725334167, 0.20535875856876373, 0.4946456253528595, -0.15930230915546417, 0.8543702960014343),
            ["UpperTorso"] = CFrame.new(1.2665987014770508e-07, 3.8743019104003906e-07, -1.4901161193847656e-08, 0.967490017414093, 0.2526865601539612, -0.010615164414048195, -0.24420592188835144, 0.9442881345748901, 0.22064313292503357, 0.06577738374471664, -0.21087776124477386, 0.9752969145774841),
            ["HumanoidRootPart"] = CFrame.new(0, 0, 0, 1, 0, 0, 0, 1, 0, 0, 0, 1),
            ["RightUpperLeg"] = CFrame.new(0, 2.704618964344263e-07, 4.347384674474597e-08, 0.9389556050300598, -0.31948065757751465, -0.12764911353588104, 0.13331276178359985, 0.6799125671386719, -0.7210732698440552, 0.317159503698349, 0.6600387692451477, 0.6809986233711243),
            ["LeftUpperArm"] = CFrame.new(-2.384185791015625e-07, 2.384185791015625e-07, 2.4586915969848633e-07, 0.2165309637784958, 0.6607648730278015, -0.7186822295188904, -0.9320274591445923, 0.3590216636657715, 0.04927923530340195, 0.29058438539505005, 0.6591610312461853, 0.6935902237892151),
            ["RightLowerArm"] = CFrame.new(2.980232238769531e-07, 5.364418029785156e-07, 4.3958425521850586e-07, 1, -1.0058289490189054e-07, 1.0244546189142056e-07, 9.813813051096076e-08, -0.11894828826189041, -0.9929004907608032, 9.173528781047935e-08, 0.992900550365448, -0.11894826591014862),
            ["LeftHand"] = CFrame.new(-0.0000014156103134155273, 7.152557373046875e-07, 5.736947059631348e-07, 0.9894521832466125, 0.0476856529712677, 0.1367868036031723, -0.0712028294801712, 0.9824216365814209, 0.1725633144378662, -0.1261533945798874, -0.18048271536827087, 0.9754543900489807),
            ["LeftFoot"] = CFrame.new(-2.60770320892334e-08, 1.1920928955078125e-07, -2.2351741790771484e-08, 0.994309663772583, -0.10322833061218262, -0.026314401999115944, 0.08738014101982117, 0.9316027164459229, -0.3528183698654175, 0.0609356127679348, 0.34851178526878357, 0.9353217482566833),
            ["LowerTorso"] = CFrame.new(-0.14847397804260254, -0.4155322313308716, -0.07029035687446594, 0.9873397350311279, 0.037655554711818695, -0.15408602356910706, -0.028656374663114548, 0.997774064540863, 0.060214173048734665, 0.1560104489326477, -0.05503629520535469, 0.9862209558486938),
            ["RightLowerLeg"] = CFrame.new(-8.940696716308594e-08, -0.00012254714965820312, -0.00007727572665316984, 1, -1.8626447229053156e-07, -1.4901168299275014e-07, 8.940696716308594e-08, 0.08973073214292526, 0.9959660768508911, -8.195638656616211e-08, -0.9959660768508911, 0.08973102271556854),
            ["LeftUpperLeg"] = CFrame.new(8.940696716308594e-08, 2.3283064365386963e-07, -8.195638656616211e-08, 0.9255236983299255, 0.28687751293182373, 0.24719840288162231, -0.051017310470342636, 0.7412794232368469, -0.6692545413970947, -0.37523767352104187, 0.6067999005317688, 0.700707733631134),
            ["LeftLowerLeg"] = CFrame.new(1.4156103134155273e-07, 0.0001227259635925293, 0.0000773891806602478, 1, 8.568166975919667e-08, 1.2665982751514093e-07, -1.1920928955078125e-07, -0.2849571704864502, 0.9585402011871338, 1.2665987014770508e-07, -0.9585402607917786, -0.28495725989341736),
        }},
        {Time = 0.133, Data = {
            ["RightFoot"] = CFrame.new(5.587935447692871e-08, 4.172325134277344e-07, 1.287116901949048e-08, 0.9937700629234314, 0.10799703001976013, 0.0275296401232481, -0.07510386407375336, 0.8314323425292969, -0.5505266785621643, -0.082344189286232, 0.54502934217453, 0.834363579750061),
            ["LeftLowerArm"] = CFrame.new(-0.0000010132789611816406, -1.1920928955078125e-07, 5.662441253662109e-07, 1, -8.940693874137651e-08, 9.313223614526578e-08, 1.0430814256778831e-07, -0.5496999025344849, -0.8353622555732727, 1.3411046495548362e-07, 0.8353621959686279, -0.5496999025344849),
            ["RightUpperArm"] = CFrame.new(1.1920928955078125e-07, -2.384185791015625e-07, 7.450580596923828e-08, 0.9145239591598511, -0.39408615231513977, 0.09133511781692505, 0.4044136106967926, 0.8851934671401978, -0.2299613207578659, 0.00977530237287283, 0.24724233150482178, 0.9689043760299683),
            ["Head"] = CFrame.new(8.940696716308594e-08, -7.152557373046875e-07, 1.1175870895385742e-07, 0.9984870553016663, 0.04305729269981384, 0.03420044854283333, -0.043169401586055756, 0.999064564704895, 0.002544865943491459, -0.03405895084142685, -0.004017421510070562, 0.9994118213653564),
            ["RightHand"] = CFrame.new(-3.129243850708008e-07, 5.364418029785156e-07, 4.842877388000488e-07, 0.8697154521942139, 0.16830496490001678, -0.46397051215171814, -0.08799869567155838, 0.9778770804405212, 0.18977020680904388, 0.4856453239917755, -0.12421727925539017, 0.8652853965759277),
            ["UpperTorso"] = CFrame.new(1.043081283569336e-07, 6.258487701416016e-07, 3.725290298461914e-09, 0.9764053821563721, 0.21105211973190308, -0.04571099951863289, -0.19202382862567902, 0.9454048275947571, 0.26331865787506104, 0.09878937900066376, -0.24832816421985626, 0.9636253714561462),
            ["HumanoidRootPart"] = CFrame.new(0, 0, 0, 1, 0, 0, 0, 1, 0, 0, 0, 1),
            ["RightUpperLeg"] = CFrame.new(-8.940696716308594e-08, 4.3265754356980324e-07, 5.8840669225901365e-08, 0.9376606345176697, -0.3398265838623047, -0.07287377864122391, 0.2034827023744583, 0.7067553997039795, -0.6775625944137573, 0.2817579507827759, 0.6204954981803894, 0.7318459749221802),
            ["LeftUpperArm"] = CFrame.new(-2.384185791015625e-07, 1.1920928955078125e-07, 1.1920928955078125e-07, 0.16235047578811646, 0.6133323311805725, -0.772959291934967, -0.885362982749939, 0.43638724088668823, 0.16030766069889069, 0.4356313645839691, 0.6583234667778015, 0.6138693690299988),
            ["RightLowerArm"] = CFrame.new(-1.1920928955078125e-07, 3.5762786865234375e-07, 4.2654573917388916e-07, 1, -1.0803346839338701e-07, 1.2665985593685036e-07, 8.288773756248702e-08, -0.23464053869247437, -0.972082257270813, 9.49949381379156e-08, 0.9720821976661682, -0.23464055359363556),
            ["LeftHand"] = CFrame.new(-6.891787052154541e-07, 4.76837158203125e-07, 3.0687078833580017e-07, 0.9915732145309448, -0.002937569748610258, 0.12951421737670898, -0.023600341752171516, 0.9789171814918518, 0.20288978517055511, -0.12737971544265747, -0.20423662662506104, 0.9705986380577087),
            ["LeftFoot"] = CFrame.new(4.377216100692749e-08, 1.7881393432617188e-07, -2.7939677238464355e-08, 0.9957413077354431, -0.08933546394109726, -0.022773075848817825, 0.07725350558757782, 0.9433410167694092, -0.322706401348114, 0.05031208321452141, 0.31957316398620605, 0.9462252259254456),
            ["LowerTorso"] = CFrame.new(-0.21103325486183167, -0.35434722900390625, -0.10762813687324524, 0.9803807139396667, 0.05347565934062004, -0.1897212117910385, -0.04838666692376137, 0.9983363151550293, 0.031358350068330765, 0.19108250737190247, -0.021563144400715828, 0.9813371300697327),
            ["RightLowerLeg"] = CFrame.new(4.470348358154297e-08, -0.00012254714965820312, -0.00007736513362033293, 1, -1.9371505288745539e-07, -1.192093321833454e-07, 9.685752644372769e-08, 0.1702658087015152, 0.9853981137275696, -1.5646214990283625e-07, -0.9853981733322144, 0.1702663153409958),
            ["LeftUpperLeg"] = CFrame.new(3.2782554626464844e-07, 4.777684807777405e-07, -7.82310962677002e-08, 0.9172128438949585, 0.3345743715763092, 0.21628805994987488, -0.0967179536819458, 0.7136518359184265, -0.6937911510467529, -0.3864794373512268, 0.6154356598854065, 0.6869303584098816),
            ["LeftLowerLeg"] = CFrame.new(-2.682209014892578e-07, 0.00012284517288208008, 0.00007770583033561707, 1, 5.215405707303944e-08, 1.3411040811206476e-07, -4.470347647611561e-08, -0.21475370228290558, 0.9766682386398315, 9.313224325069314e-08, -0.9766682386398315, -0.21475385129451752),
        }},
        {Time = 0.167, Data = {
            ["RightFoot"] = CFrame.new(-4.470348358154297e-08, 3.5762786865234375e-07, 6.875052349641919e-08, 0.9921405911445618, 0.121251679956913, 0.03090847283601761, -0.09665633738040924, 0.8995059132575989, -0.42608222365379333, -0.0794653668999672, 0.41974660754203796, 0.9041562676429749),
            ["LeftLowerArm"] = CFrame.new(-1.7881393432617188e-07, -5.364418029785156e-07, 1.1920928955078125e-07, 1, -6.705517563432295e-08, 1.7229459103873523e-07, 1.192093321833454e-07, -0.5397157073020935, -0.8418474197387695, 1.3411049337719305e-07, 0.8418474197387695, -0.5397156476974487),
            ["RightUpperArm"] = CFrame.new(2.384185791015625e-07, -5.960464477539062e-07, 0, 0.9173178672790527, -0.37888774275779724, 0.12236057966947556, 0.39521920680999756, 0.9037434458732605, -0.16446766257286072, -0.04826781526207924, 0.1992284208536148, 0.9787636399269104),
            ["Head"] = CFrame.new(1.341104507446289e-07, -5.960464477539062e-07, 8.940696716308594e-08, 0.9918079376220703, 0.06004095822572708, 0.11274845153093338, -0.06512051075696945, 0.9969965815544128, 0.04192003980278969, -0.10989297926425934, -0.04891892150044441, 0.9927389025688171),
            ["RightHand"] = CFrame.new(-3.725290298461914e-07, 4.172325134277344e-07, -6.258487701416016e-07, 0.8572131395339966, 0.21316157281398773, -0.4687725901603699, -0.14320355653762817, 0.9730735421180725, 0.18061190843582153, 0.494649738073349, -0.08769305050373077, 0.864656925201416),
            ["UpperTorso"] = CFrame.new(1.3783574104309082e-07, 2.682209014892578e-07, -1.1175870895385742e-08, 0.9827072620391846, 0.16505998373031616, -0.08391441404819489, -0.1338988095521927, 0.9464828372001648, 0.29366886615753174, 0.12789657711982727, -0.27735450863838196, 0.9522169232368469),
            ["HumanoidRootPart"] = CFrame.new(0, 0, 0, 1, 0, 0, 0, 1, 0, 0, 0, 1),
            ["RightUpperLeg"] = CFrame.new(-2.9802322387695312e-08, 3.1161471270024776e-07, 2.2519088815897703e-08, 0.9354068040847778, -0.3535079061985016, -0.006815122906118631, 0.26790040731430054, 0.7211992144584656, -0.6388279795646667, 0.23074586689472198, 0.5957380533218384, 0.769319474697113),
            ["LeftUpperArm"] = CFrame.new(-1.1920928955078125e-07, -3.5762786865234375e-07, -2.9802322387695312e-08, 0.12336942553520203, 0.5757834911346436, -0.8082409501075745, -0.835623025894165, 0.4995887875556946, 0.22835329174995422, 0.5352701544761658, 0.6472128629684448, 0.5427718758583069),
            ["RightLowerArm"] = CFrame.new(-6.556510925292969e-07, 6.556510925292969e-07, 4.470348358154297e-07, 1, -7.078052988163108e-08, 1.2665987014770508e-07, 8.195640788244418e-08, -0.33749717473983765, -0.9413265585899353, 1.0803344707710494e-07, 0.9413266181945801, -0.33749717473983765),
            ["LeftHand"] = CFrame.new(-0.0000010281801223754883, 7.152557373046875e-07, 9.201467037200928e-07, 0.9774177670478821, -0.0813450962305069, 0.19503246247768402, 0.035759855061769485, 0.9732996225357056, 0.22673580050468445, -0.20826880633831024, -0.21464121341705322, 0.9542291760444641),
            ["LeftFoot"] = CFrame.new(1.1175870895385742e-08, 1.1920928955078125e-07, -4.470348358154297e-08, 0.9941023588180542, -0.10508489608764648, -0.026787815615534782, 0.09304594993591309, 0.9533875584602356, -0.287044495344162, 0.05570346862077713, 0.2828594148159027, 0.9575426578521729),
            ["LowerTorso"] = CFrame.new(-0.27892789244651794, -0.2806673049926758, -0.15106071531772614, 0.9709731936454773, 0.06571468710899353, -0.2299843281507492, -0.06545272469520569, 0.9978170990943909, 0.008776245638728142, 0.23005902767181396, 0.006531599909067154, 0.9731547832489014),
            ["RightLowerLeg"] = CFrame.new(-1.1920928955078125e-07, -0.00012254714965820312, -0.00007740983710391447, 1, -1.937149818331818e-07, -1.2665991278026922e-07, 7.450579886381092e-08, 0.24537350237369537, 0.9694286584854126, -1.341104365337742e-07, -0.9694286584854126, 0.24537386000156403),
            ["LeftUpperLeg"] = CFrame.new(3.8743019104003906e-07, 3.253808245062828e-07, -1.1362135410308838e-07, 0.9197866916656494, 0.3487131893634796, 0.17997659742832184, -0.14136573672294617, 0.722282886505127, -0.6769957542419434, -0.3660714626312256, 0.5972493290901184, 0.7136422991752625),
            ["LeftLowerLeg"] = CFrame.new(-8.940696716308594e-08, 0.0001226663589477539, 0.00007766857743263245, 1, 6.891787762697277e-08, 9.685756197086448e-08, -7.450579886381092e-08, -0.04405437409877777, 0.9990291595458984, 8.195637946073475e-08, -0.9990291595458984, -0.04405433312058449),
        }},
        {Time = 0.200, Data = {
            ["RightFoot"] = CFrame.new(-6.891787052154541e-08, 2.980232238769531e-07, -2.2519088815897703e-08, 0.9926320314407349, 0.1174134910106659, 0.029930274933576584, -0.10897506773471832, 0.9730719327926636, -0.20311339199543, -0.05297238379716873, 0.1983560472726822, 0.9786977171897888),
            ["LeftLowerArm"] = CFrame.new(-5.662441253662109e-07, -2.384185791015625e-07, -4.470348358154297e-08, 1, -4.842874545829545e-08, 1.192092469182171e-07, 4.4703494239684005e-08, -0.5553858280181885, -0.831592857837677, 1.1920931797249068e-07, 0.831592857837677, -0.5553858280181885),
            ["RightUpperArm"] = CFrame.new(2.384185791015625e-07, -3.5762786865234375e-07, -6.705522537231445e-08, 0.9136341214179993, -0.3825903534889221, 0.13746774196624756, 0.3978729546070099, 0.9109314680099487, -0.1090921014547348, -0.08348609507083893, 0.1543649584054947, 0.9844803214073181),
            ["Head"] = CFrame.new(1.7136335372924805e-07, -2.384185791015625e-07, 1.043081283569336e-07, 0.9774940013885498, 0.05768655985593796, 0.20292319357395172, -0.07470618188381195, 0.994210422039032, 0.07723192125558853, -0.19729308784008026, -0.09065315872430801, 0.9761441946029663),
            ["RightHand"] = CFrame.new(-8.493661880493164e-07, 4.172325134277344e-07, 3.725290298461914e-08, 0.838737428188324, 0.23424680531024933, -0.49157705903053284, -0.1912585198879242, 0.9719558358192444, 0.13682876527309418, 0.5098428726196289, -0.020745161920785904, 0.8600174188613892),
            ["UpperTorso"] = CFrame.new(1.0058283805847168e-07, 4.172325134277344e-07, 3.166496753692627e-08, 0.9878445863723755, 0.11862559616565704, -0.10045434534549713, -0.08156661689281464, 0.9456950426101685, 0.3146550953388214, 0.13232539594173431, -0.3026365637779236, 0.9438756704330444),
            ["HumanoidRootPart"] = CFrame.new(0, 0, 0, 1, 0, 0, 0, 1, 0, 0, 0, 1),
            ["RightUpperLeg"] = CFrame.new(1.1920928955078125e-07, 3.591412678360939e-07, 1.1006341082975268e-07, 0.9364108443260193, -0.3376935124397278, 0.09538283199071884, 0.3185807466506958, 0.7041869759559631, -0.6345285773277283, 0.14710880815982819, 0.6245668530464172, 0.7669911980628967),
            ["LeftUpperArm"] = CFrame.new(-1.1920928955078125e-07, 4.76837158203125e-07, 5.960464477539063e-08, 0.1452188640832901, 0.5488408803939819, -0.8232163190841675, -0.7881940603256226, 0.5671032667160034, 0.23904886841773987, 0.5980483293533325, 0.6141397356987, 0.5149471759796143),
            ["RightLowerArm"] = CFrame.new(-2.086162567138672e-07, -7.152557373046875e-07, 2.384185791015625e-07, 1, -7.823112468940963e-08, 1.1920927533992653e-07, 7.078052277620372e-08, -0.42381852865219116, -0.9057471752166748, 1.1175872316471214e-07, 0.90574711561203, -0.42381852865219116),
            ["LeftHand"] = CFrame.new(-3.203749656677246e-07, 5.960464477539062e-07, 2.7194619178771973e-07, 0.967413604259491, -0.15813763439655304, 0.19774584472179413, 0.11285390704870224, 0.9684159755706787, 0.22233928740024567, -0.22666044533252716, -0.192777618765831, 0.9547051191329956),
            ["LeftFoot"] = CFrame.new(1.0058283805847168e-07, 1.1920928955078125e-07, 5.960464477539063e-08, 0.9885396361351013, -0.14628398418426514, -0.0372900664806366, 0.13199537992477417, 0.9574272632598877, -0.2567296624183655, 0.073258176445961, 0.24886569380760193, 0.9657636880874634),
            ["LowerTorso"] = CFrame.new(-0.3548208773136139, -0.20518922805786133, -0.19570769369602203, 0.9521542191505432, 0.07041972875595093, -0.29739460349082947, -0.07565637677907944, 0.9971151947975159, -0.006119667552411556, 0.2961057126522064, 0.02832666225731373, 0.9547350406646729),
            ["RightLowerLeg"] = CFrame.new(-8.940696716308594e-08, -0.00012254714965820312, -0.00007731297955615446, 1, -1.452862647965958e-07, -1.937151665742931e-07, 1.1920930376163597e-07, 0.2856416702270508, 0.9583364725112915, -8.940698137394065e-08, -0.9583364725112915, 0.28564199805259705),
            ["LeftUpperLeg"] = CFrame.new(1.1920928955078125e-07, 8.66129994392395e-07, -1.0896474123001099e-07, 0.9135140180587769, 0.36661839485168457, 0.1763036847114563, -0.19371441006660461, 0.7731199860572815, -0.6039533615112305, -0.35772451758384705, 0.5175678730010986, 0.7772756218910217),
            ["LeftLowerLeg"] = CFrame.new(6.705522537231445e-08, 0.0001227259635925293, 0.00007759779691696167, 1, 1.0803340444454079e-07, 8.940695295223122e-08, -1.0430809993522416e-07, 0.20545247197151184, 0.9786671996116638, 3.725289587919178e-08, -0.978667140007019, 0.2054523527622223),
        }},
        {Time = 0.233, Data = {
            ["RightFoot"] = CFrame.new(-7.450580596923828e-09, 3.5762786865234375e-07, -2.029992174357176e-09, 0.9898911714553833, 0.1374347060918808, 0.03503364697098732, -0.14054450392723083, 0.9837005138397217, 0.11216364055871964, -0.019047560170292854, -0.11595294624567032, 0.9930720329284668),
            ["LeftLowerArm"] = CFrame.new(-7.152557373046875e-07, -7.748603820800781e-07, 5.811452865600586e-07, 1, -1.0430802888095059e-07, 1.8253906830523192e-07, 6.70552182668871e-08, -0.5872704982757568, -0.8093907833099365, 1.471489525783909e-07, 0.8093907833099365, -0.5872704982757568),
            ["RightUpperArm"] = CFrame.new(1.1920928955078125e-07, -4.76837158203125e-07, 2.2351741790771484e-07, 0.9002991914749146, -0.41348859667778015, 0.1359727382659912, 0.4257606565952301, 0.9015024900436401, -0.07759656012058258, -0.0904945358633995, 0.12775196135044098, 0.9876691102981567),
            ["Head"] = CFrame.new(1.280568540096283e-07, -1.1920928955078125e-07, 1.8579885363578796e-07, 0.9525346159934998, 0.022902099415659904, 0.3035675883293152, -0.05401529744267464, 0.9940589666366577, 0.0944942831993103, -0.2996000051498413, -0.10640633851289749, 0.9481126666069031),
            ["RightHand"] = CFrame.new(-8.121132850646973e-07, 2.384185791015625e-07, -2.4586915969848633e-07, 0.820046067237854, 0.24810504913330078, -0.5157212018966675, -0.2431066781282425, 0.9668134450912476, 0.07855542749166489, 0.5180963277816772, 0.0609561912715435, 0.853147566318512),
            ["UpperTorso"] = CFrame.new(3.725290298461914e-08, 5.364418029785156e-07, -1.5832483768463135e-08, 0.9927965402603149, 0.07352251559495926, -0.09460241347551346, -0.04011264070868492, 0.9479816555976868, 0.31578779220581055, 0.11289896816015244, -0.3097182810306549, 0.9441019296646118),
            ["HumanoidRootPart"] = CFrame.new(0, 0, 0, 1, 0, 0, 0, 1, 0, 0, 0, 1),
            ["RightUpperLeg"] = CFrame.new(-8.940696716308594e-08, 6.133923307061195e-07, 7.746712071821094e-08, 0.9328894019126892, -0.2827284336090088, 0.22311848402023315, 0.3565131425857544, 0.6369303464889526, -0.6835333704948425, 0.051143620163202286, 0.7172059416770935, 0.6949822306632996),
            ["LeftUpperArm"] = CFrame.new(-3.5762786865234375e-07, 2.384185791015625e-07, 2.682209014892578e-07, 0.23056097328662872, 0.5348771214485168, -0.8128641843795776, -0.759522557258606, 0.621106743812561, 0.1932666152715683, 0.608249306678772, 0.5728289484977722, 0.5494541525840759),
            ["RightLowerArm"] = CFrame.new(-2.384185791015625e-07, -4.76837158203125e-07, 4.470348358154297e-07, 1, -9.685760460342863e-08, 7.823111758398227e-08, 8.195641498787154e-08, -0.4846861660480499, -0.8746881484985352, 1.6018753967728117e-07, 0.8746882677078247, -0.48468613624572754),
            ["LeftHand"] = CFrame.new(-8.717179298400879e-07, 5.960464477539062e-07, 2.60770320892334e-07, 0.9603284001350403, -0.21817246079444885, 0.1736958622932434, 0.1782671958208084, 0.9592416882514954, 0.21926294267177582, -0.21445347368717194, -0.17960013449192047, 0.9600799083709717),
            ["LeftFoot"] = CFrame.new(1.6763806343078613e-08, -5.960464477539063e-08, 5.960464477539063e-08, 0.9803383350372314, -0.19120946526527405, -0.04874217510223389, 0.17742247879505157, 0.9622567296028137, -0.20635637640953064, 0.08636017888784409, 0.1936514973640442, 0.9772621989250183),
            ["LowerTorso"] = CFrame.new(-0.43972477316856384, -0.14718222618103027, -0.24473655223846436, 0.9157581329345703, 0.06787359714508057, -0.3959549069404602, -0.07647824287414551, 0.9970533847808838, -0.005965241231024265, 0.39438334107398987, 0.03574465215206146, 0.918250560760498),
            ["RightLowerLeg"] = CFrame.new(4.470348358154297e-08, -0.00012230873107910156, -0.00007738376007182524, 1, -1.6391277313232422e-07, -8.195642919872625e-08, 1.0430811414607888e-07, 0.2826409935951233, 0.9592256546020508, -1.2665985593685036e-07, -0.9592257738113403, 0.28264138102531433),
            ["LeftUpperLeg"] = CFrame.new(2.384185791015625e-07, 0.0000010207295417785645, -8.568167686462402e-08, 0.8970999717712402, 0.3905509412288666, 0.20659473538398743, -0.2539665997028351, 0.838440477848053, -0.48220133781433105, -0.3615419268608093, 0.38011518120765686, 0.8513522148132324),
            ["LeftLowerLeg"] = CFrame.new(6.612390279769897e-08, 0.0001227855682373047, 0.00007730722427368164, 1, 5.35510338295353e-08, 3.073365562045183e-08, -4.98257577419281e-08, 0.4683835506439209, 0.8835253119468689, 5.960464477539063e-08, -0.8835251927375793, 0.46838346123695374),
        }},
        {Time = 0.267, Data = {
            ["RightFoot"] = CFrame.new(-7.450580596923828e-09, 2.384185791015625e-07, 3.149762051180005e-08, 0.9848478436470032, 0.168047234416008, 0.04283739626407623, -0.1733117252588272, 0.9449664950370789, 0.2774915397167206, 0.006151949986815453, -0.2807106673717499, 0.9597725868225098),
            ["LeftLowerArm"] = CFrame.new(-6.258487701416016e-07, -8.344650268554688e-07, 6.631016731262207e-07, 1, -9.68574909165909e-08, 2.2351731132630448e-08, 1.2293456563838845e-07, -0.6118804216384888, -0.7909502983093262, 1.3038514623531228e-07, 0.790950357913971, -0.611880362033844),
            ["RightUpperArm"] = CFrame.new(1.1920928955078125e-07, -0.0000010728836059570312, 2.2165477275848389e-07, 0.8787318468093872, -0.4584306478500366, 0.1329352855682373, 0.47068893909454346, 0.8784946203231812, -0.08184762299060822, -0.07926155626773834, 0.13449332118034363, 0.9877394437789917),
            ["Head"] = CFrame.new(1.4901161193847656e-07, 0, 1.862645149230957e-07, 0.9076694250106812, -0.021173521876335144, 0.4191513955593109, -0.02197391167283058, 0.9949591159820557, 0.09784504771232605, -0.4191102683544159, -0.09802138060331345, 0.9026287198066711),
            ["RightHand"] = CFrame.new(-4.172325134277344e-07, 4.76837158203125e-07, 6.705522537231445e-08, 0.7954870462417603, 0.20874126255512238, -0.5688827633857727, -0.24544845521450043, 0.9693296551704407, 0.01245950348675251, 0.5540356636047363, 0.12971995770931244, 0.822324275970459),
            ["UpperTorso"] = CFrame.new(1.4901161193847656e-08, 3.2782554626464844e-07, -2.0489096641540527e-08, 0.9961035847663879, 0.026398291811347008, -0.0841473862528801, 0.0010195020586252213, 0.9506388902664185, 0.31029805541038513, 0.08818503469228745, -0.3091747462749481, 0.9469078779220581),
            ["HumanoidRootPart"] = CFrame.new(0, 0, 0, 1, 0, 0, 0, 1, 0, 0, 0, 1),
            ["RightUpperLeg"] = CFrame.new(-2.9802322387695312e-08, 6.235204637050629e-07, -1.4733814168721437e-08, 0.9280542731285095, -0.3150358200073242, 0.19866518676280975, 0.34624069929122925, 0.5332306623458862, -0.7718694806098938, 0.13723179697990417, 0.7851226329803467, 0.603945255279541),
            ["LeftUpperArm"] = CFrame.new(-2.384185791015625e-07, -2.384185791015625e-07, 2.980232238769531e-07, 0.3861938416957855, 0.532132089138031, -0.7534518241882324, -0.7434594035148621, 0.6630683541297913, 0.08722587674856186, 0.5460057854652405, 0.5264748930931091, 0.6516916751861572),
            ["RightLowerArm"] = CFrame.new(-1.7881393432617188e-07, -8.940696716308594e-07, 3.8743019104003906e-07, 1, -4.4703497792397684e-08, 1.527369164477932e-07, 1.043081780949251e-07, -0.5073577761650085, -0.8617355823516846, 1.7881401959130017e-07, 0.8617355227470398, -0.5073578357696533),
            ["LeftHand"] = CFrame.new(-9.08970832824707e-07, 7.152557373046875e-07, 4.917383193969727e-07, 0.9357705116271973, -0.2658526599407196, 0.23163776099681854, 0.21844826638698578, 0.9527627825737, 0.21100609004497528, -0.2767923176288605, -0.1468522846698761, 0.9496423006057739),
