return {
    ["Enigmatic Killer"] = {
        {Time = 0.000, Data = {
            ["RightFoot"] = CFrame.new(-3.725290298461914e-08, 4.172325134277344e-07, -5.697802407667041e-08, 0.9431731700897217, 0.28252696990966797, -0.1749371439218521, -0.31599482893943787, 0.9254337549209595, -0.20909205079078674, 0.10281828045845032, 0.25248947739601135, 0.9621214270591736),
            ["LeftLowerArm"] = CFrame.new(1.1920928955078125e-07, 1.7881393432617188e-07, -2.9802322387695312e-08, 1, -5.029141902923584e-08, -4.563480615615845e-08, -1.4901162970204496e-08, 0.8729343414306641, -0.4878377914428711, -1.862645326866641e-08, 0.4878378212451935, 0.8729342818260193),
            ["RightUpperArm"] = CFrame.new(-5.960464477539063e-08, 0, 5.960464477539063e-08, 0.8747488260269165, -0.3362586796283722, 0.3489190638065338, 0.11763384193181992, 0.8458657264709473, 0.5202629566192627, -0.470081627368927, -0.4140546917915344, 0.7794755101203918),
            ["Head"] = CFrame.new(-8.195638656616211e-08, 0, 4.470348358154297e-08, 0.8804808259010315, 0.027465183287858963, 0.47328561544418335, -0.18920396268367767, 0.9357269406318665, 0.2976861894130707, -0.4346901774406433, -0.35165438055992126, 0.8290860652923584),
            ["RightHand"] = CFrame.new(-1.1920928955078125e-07, 1.7881393432617188e-07, 6.705522537231445e-08, 0.8745349049568176, 0.24217082560062408, -0.42016905546188354, -0.3289439380168915, 0.9328372478485107, -0.14700530469417572, 0.35634899139404297, 0.26677340269088745, 0.8954593539237976),
            ["UpperTorso"] = CFrame.new(-5.029141902923584e-08, 2.086162567138672e-07, 2.60770320892334e-08, 0.9993507266044617, -0.03582054004073143, -0.0038914047181606293, 0.035797394812107086, 0.9993419051170349, -0.0058662062510848045, 0.004098930861800909, 0.005723118782043457, 0.9999752640724182),
            ["HumanoidRootPart"] = CFrame.new(0, 0, 0, 1, 0, 0, 0, 1, 0, 0, 0, 1),
            ["RightUpperLeg"] = CFrame.new(2.384185791015625e-07, 1.5273690223693848e-07, -9.110226528719068e-08, 0.933814525604248, -0.2743331789970398, -0.22963401675224304, 0.27290427684783936, 0.961266279220581, -0.03860592097043991, 0.23133033514022827, -0.026617391034960747, 0.9725111126899719),
            ["LeftUpperArm"] = CFrame.new(-1.1920928955078125e-07, 1.1920928955078125e-07, 8.940696716308594e-08, 0.9341180920600891, 0.29797181487083435, -0.19656100869178772, -0.12888211011886597, 0.7950301170349121, 0.592719554901123, 0.3328855335712433, -0.5283369421958923, 0.7810552716255188),
            ["RightLowerArm"] = CFrame.new(3.5762786865234375e-07, -2.980232238769531e-07, -3.5762786865234375e-07, 1, -2.9336657547673894e-08, 2.0489094865183688e-08, 2.2351738238057806e-08, 0.8843405842781067, -0.46684232354164124, 7.4505797087454084e-09, 0.4668423533439636, 0.8843405842781067),
            ["LeftHand"] = CFrame.new(-1.1920928955078125e-07, -5.960464477539062e-07, -1.6391277313232422e-07, 0.921180784702301, -0.16745595633983612, 0.3512612581253052, 0.22883664071559906, 0.9632089138031006, -0.14093422889709473, -0.3147379159927368, 0.21020744740962982, 0.9256095886230469),
            ["LeftFoot"] = CFrame.new(5.960464477539063e-08, -5.960464477539063e-08, 3.3527612686157227e-08, 0.9282972812652588, -0.1970309466123581, 0.31534600257873535, 0.2896480858325958, 0.9149638414382935, -0.2809719145298004, -0.2331700623035431, 0.35216474533081055, 0.9064279794692993),
            ["LowerTorso"] = CFrame.new(-2.60734992707512e-07, -0.10454916954040527, 0.000001590038323229237, 0.8042101860046387, -0.09930010139942169, -0.5859910249710083, 0.015354311093688011, 0.989086389541626, -0.14653511345386505, 0.5941466689109802, 0.10884755849838257, 0.7969579696655273),
            ["RightLowerLeg"] = CFrame.new(-1.1920928955078125e-07, -0.000060498714447021484, -0.00007207522139651701, 1, -8.940696716308594e-08, -7.450580596923828e-09, 7.823108916227284e-08, 0.8703308701515198, 0.49246707558631897, -1.1175869119028903e-08, -0.49246740341186523, 0.8703310489654541),
            ["LeftUpperLeg"] = CFrame.new(-1.7881393432617188e-07, -1.8998980522155762e-07, -5.960464477539063e-08, 0.9019045233726501, 0.2770681083202362, 0.3313632607460022, -0.2737058699131012, 0.9600757360458374, -0.05779099464416504, -0.33414599299430847, -0.03857412189245224, 0.9417316913604736),
            ["LeftLowerLeg"] = CFrame.new(4.470348358154297e-08, 0.000060677528381347656, 0.0000721663236618042, 1, 7.450581307466564e-08, -7.450580596923828e-09, -1.862645149230957e-08, 0.8222459554672241, 0.5691324472427368, 3.725290298461914e-08, -0.5691324472427368, 0.8222458362579346),
        }},
        {Time = 0.033, Data = {
            ["RightFoot"] = CFrame.new(-7.450580596923828e-09, 2.980232238769531e-07, -4.487083060666919e-08, 0.9429860711097717, 0.28245559334754944, -0.17605768144130707, -0.3163263499736786, 0.925083577632904, -0.21013782918453217, 0.10351326316595078, 0.25384896993637085, 0.9616890549659729),
            ["LeftLowerArm"] = CFrame.new(2.384185791015625e-07, -1.1920928955078125e-07, -2.086162567138672e-07, 1, -2.607702498380604e-08, 6.51925802230835e-09, 1.4901161193847656e-08, 0.8692026138305664, -0.49445632100105286, -2.60770320892334e-08, 0.4944562315940857, 0.8692025542259216),
            ["RightUpperArm"] = CFrame.new(0, 3.5762786865234375e-07, 0, 0.8772140741348267, -0.33554893732070923, 0.34336933493614197, 0.11955022066831589, 0.8453443050384521, 0.5206735134124756, -0.4649767577648163, -0.4156920909881592, 0.7816628217697144),
            ["Head"] = CFrame.new(-6.705522537231445e-08, 4.76837158203125e-07, 7.450580596923828e-08, 0.8801388740539551, 0.02802257239818573, 0.4738885462284088, -0.18986466526985168, 0.9357165098190308, 0.29729804396629333, -0.43509429693222046, -0.3516380786895752, 0.8288809061050415),
            ["RightHand"] = CFrame.new(1.4901161193847656e-08, 5.960464477539063e-08, -1.6391277313232422e-07, 0.8771218061447144, 0.24033087491989136, -0.41581061482429504, -0.3267013430595398, 0.9331822991371155, -0.14979039132595062, 0.35202789306640625, 0.2672303318977356, 0.8970309495925903),
            ["UpperTorso"] = CFrame.new(-4.470348358154297e-08, 3.2782554626464844e-07, 1.0244548320770264e-07, 0.9993354678153992, -0.036023639142513275, -0.005563429556787014, 0.03598591685295105, 0.9993295669555664, -0.006740238517522812, 0.005802627187222242, 0.006535567343235016, 0.9999618530273438),
            ["HumanoidRootPart"] = CFrame.new(0, 0, 0, 1, 0, 0, 0, 1, 0, 0, 0, 1),
            ["RightUpperLeg"] = CFrame.new(2.384185791015625e-07, 4.0978193283081055e-07, 4.300818545743823e-08, 0.9338976144790649, -0.27368706464767456, -0.2300664335489273, 0.27256110310554504, 0.9614149928092957, -0.03730547055602074, 0.23139941692352295, -0.027867769822478294, 0.972459614276886),
            ["LeftUpperArm"] = CFrame.new(0, 4.76837158203125e-07, 8.940696716308594e-08, 0.9331482648849487, 0.3006494641304016, -0.19708992540836334, -0.13029174506664276, 0.7938158512115479, 0.5940375924110413, 0.3350500762462616, -0.528645932674408, 0.7799198031425476),
            ["RightLowerArm"] = CFrame.new(4.76837158203125e-07, -1.7881393432617188e-07, -4.172325134277344e-07, 1, -4.825414379183712e-08, -3.7252898543727042e-09, 4.470347647611561e-08, 0.8862934708595276, -0.4631241261959076, -2.2351738238057806e-08, 0.46312415599823, 0.8862934112548828),
            ["LeftHand"] = CFrame.new(2.9802322387695312e-08, -4.172325134277344e-07, -1.4156103134155273e-07, 0.919937252998352, -0.16473712027072906, 0.355776846408844, 0.22603775560855865, 0.9642990827560425, -0.1379648894071579, -0.3203473687171936, 0.20733818411827087, 0.9243314266204834),
            ["LeftFoot"] = CFrame.new(4.470348358154297e-08, 5.960464477539063e-08, 5.21540641784668e-08, 0.9285705089569092, -0.19741640985012054, 0.3142986595630646, 0.28973639011383057, 0.9148046374320984, -0.28139880299568176, -0.23196916282176971, 0.35236242413520813, 0.9066593647003174),
            ["LowerTorso"] = CFrame.new(0.0008410785812884569, -0.10476446151733398, -0.0003826481115538627, 0.8048689961433411, -0.09948255121707916, -0.585054874420166, 0.015683811157941818, 0.9890708923339844, -0.14660483598709106, 0.593245267868042, 0.1088218167424202, 0.7976326942443848),
            ["RightLowerLeg"] = CFrame.new(8.940696716308594e-08, -0.00006026029586791992, -0.00007200071559054777, 1, -8.195639367158947e-08, -4.4703490686970326e-08, 9.685753354915505e-08, 0.8704544305801392, 0.4922488033771515, 3.7252898543727042e-09, -0.49224913120269775, 0.8704546093940735),
            ["LeftUpperLeg"] = CFrame.new(-1.1920928955078125e-07, 5.21540641784668e-08, -1.4901161193847656e-08, 0.9017582535743713, 0.27800053358078003, 0.330980122089386, -0.2744125723838806, 0.9598280191421509, -0.05855003744363785, -0.3339608907699585, -0.03802713006734848, 0.9418196082115173),
            ["LeftLowerLeg"] = CFrame.new(-7.450580596923828e-08, 0.000060677528381347656, 0.0000721663236618042, 1, 5.960464477539063e-08, 1.4901162970204496e-08, -5.587935447692871e-08, 0.8216705918312073, 0.5699626803398132, 3.725290298461914e-08, -0.5699626207351685, 0.8216705918312073),
        }},
        {Time = 0.067, Data = {
            ["RightFoot"] = CFrame.new(-5.21540641784668e-08, 4.172325134277344e-07, 5.4780684877187014e-08, 0.9427933692932129, 0.282391220331192, -0.17718923091888428, -0.3165511190891266, 0.9250178337097168, -0.21008899807929993, 0.10457565635442734, 0.25416016578674316, 0.9614918828010559),
            ["LeftLowerArm"] = CFrame.new(0, -5.960464477539063e-08, -1.7881393432617188e-07, 1, -2.0489094865183688e-08, 2.3748725652694702e-08, 7.450581485102248e-09, 0.8670128583908081, -0.49828577041625977, 5.960465188081798e-08, 0.498285710811615, 0.8670128583908081),
            ["RightUpperArm"] = CFrame.new(0, 1.1920928955078125e-07, 2.9802322387695312e-08, 0.8783935308456421, -0.33450183272361755, 0.34136998653411865, 0.11925489455461502, 0.8450616002082825, 0.5211998224258423, -0.46282097697257996, -0.4171084463596344, 0.7821875214576721),
            ["Head"] = CFrame.new(-8.195638656616211e-08, 4.76837158203125e-07, 2.9802322387695312e-08, 0.8797720670700073, 0.02846301719546318, 0.4745429456233978, -0.1903609335422516, 0.9357771873474121, 0.2967891991138458, -0.43561893701553345, -0.3514411449432373, 0.82868891954422),
            ["RightHand"] = CFrame.new(-1.341104507446289e-07, 2.980232238769531e-07, -3.725290298461914e-08, 0.8792899250984192, 0.23548519611358643, -0.41400015354156494, -0.32178691029548645, 0.9345541000366211, -0.15186084806919098, 0.3511446416378021, 0.26674962043762207, 0.8975200653076172),
            ["UpperTorso"] = CFrame.new(-6.891787052154541e-08, 1.7881393432617188e-07, 2.9802322387695312e-08, 0.9993146657943726, -0.03631513565778732, -0.007173351477831602, 0.03626067936420441, 0.9993136525154114, -0.007579348050057888, 0.007443709764629602, 0.007314033806324005, 0.9999455213546753),
            ["HumanoidRootPart"] = CFrame.new(0, 0, 0, 1, 0, 0, 0, 1, 0, 0, 0, 1),
            ["RightUpperLeg"] = CFrame.new(2.384185791015625e-07, 3.725290298461914e-08, -1.6952981241047382e-09, 0.9341332912445068, -0.27239808440208435, -0.230638787150383, 0.27170276641845703, 0.9617296457290649, -0.035408955067396164, 0.23145756125450134, -0.029588650912046432, 0.9723950028419495),
            ["LeftUpperArm"] = CFrame.new(-1.1920928955078125e-07, 2.384185791015625e-07, 1.1920928955078125e-07, 0.9337112903594971, 0.2999141812324524, -0.1955370157957077, -0.12997034192085266, 0.7928317785263062, 0.5954204797744751, 0.3336029350757599, -0.5305367708206177, 0.7792559862136841),
            ["RightLowerArm"] = CFrame.new(3.5762786865234375e-07, -4.172325134277344e-07, -2.980232238769531e-07, 1, -4.1756717195085e-08, -8.381902283360887e-09, 0, 0.8875762224197388, -0.460660845041275, -2.9802318834981634e-08, 0.460660845041275, 0.8875762224197388),
            ["LeftHand"] = CFrame.new(-5.960464477539063e-08, -1.7881393432617188e-07, 2.2351741790771484e-08, 0.9204724431037903, -0.16035152971744537, 0.35639578104019165, 0.22217555344104767, 0.9649521112442017, -0.1396619975566864, -0.32150983810424805, 0.20773755013942719, 0.9238379597663879),
            ["LeftFoot"] = CFrame.new(3.725290298461914e-08, -2.384185791015625e-07, 4.0978193283081055e-08, 0.9288460612297058, -0.197734996676445, 0.31328245997428894, 0.2897839844226837, 0.9146412014961243, -0.2818804085254669, -0.23080341517925262, 0.35260775685310364, 0.906861424446106),
            ["LowerTorso"] = CFrame.new(0.0016329261707141995, -0.1049802303314209, -0.0007801366155035794, 0.8055958151817322, -0.09969571232795715, -0.584017276763916, 0.016066327691078186, 0.9890540838241577, -0.14667627215385437, 0.5922476649284363, 0.10877878218889236, 0.7983795404434204),
            ["RightLowerLeg"] = CFrame.new(-5.960464477539063e-08, -0.0000603795051574707, -0.0000721050237189047, 1, -8.940698137394065e-08, 5.2154071283894154e-08, 9.685753354915505e-08, 0.870980441570282, 0.49131760001182556, -1.862644971595273e-08, -0.49131789803504944, 0.8709806203842163),
            ["LeftUpperLeg"] = CFrame.new(-1.7881393432617188e-07, -1.30385160446167e-07, -7.450580596923828e-08, 0.9017444252967834, 0.27844759821891785, 0.33064189553260803, -0.27468597888946533, 0.9597172737121582, -0.05908023566007614, -0.3337734043598175, -0.03754740208387375, 0.9419052600860596),
            ["LeftLowerLeg"] = CFrame.new(0, 0.00006085634231567383, 0.00007209181785583496, 1, 5.960464477539063e-08, 7.450580596923828e-09, -3.725290298461914e-08, 0.821273684501648, 0.570534348487854, 4.842877388000488e-08, -0.5705344676971436, 0.8212738037109375),
        }},
        {Time = 0.100, Data = {
            ["RightFoot"] = CFrame.new(-4.470348358154297e-08, 2.384185791015625e-07, 2.2184394765645266e-08, 0.9425779581069946, 0.2823127508163452, -0.17845572531223297, -0.3169117569923401, 0.9246686697006226, -0.2110796868801117, 0.10542180389165878, 0.255513995885849, 0.9610405564308167),
            ["LeftLowerArm"] = CFrame.new(-2.9802322387695312e-08, 5.960464477539063e-08, -2.9802322387695312e-08, 1, -3.911554458113642e-08, -8.707866072654724e-08, 2.2351745343485163e-08, 0.865328311920166, -0.5012054443359375, 2.2351745343485163e-08, 0.5012053847312927, 0.8653283715248108),
            ["RightUpperArm"] = CFrame.new(1.1920928955078125e-07, 3.5762786865234375e-07, -2.9802322387695312e-08, 0.8794419765472412, -0.33384567499160767, 0.33930665254592896, 0.11929333209991455, 0.8446484208106995, 0.5218603610992432, -0.4608156979084015, -0.4184688925743103, 0.7826447486877441),
            ["Head"] = CFrame.new(-6.705522537231445e-08, 3.5762786865234375e-07, 0, 0.8794589638710022, 0.02901022508740425, 0.4750899374485016, -0.19083864986896515, 0.9358914494514465, 0.2961214780807495, -0.43604207038879395, -0.351092129945755, 0.8286142945289612),
            ["RightHand"] = CFrame.new(0, 1.7881393432617188e-07, -2.086162567138672e-07, 0.8815857172012329, 0.23039381206035614, -0.4119773507118225, -0.31660640239715576, 0.9359596371650696, -0.15407754480838776, 0.3500957190990448, 0.266267329454422, 0.8980728387832642),
            ["UpperTorso"] = CFrame.new(-6.146728992462158e-08, -3.2782554626464844e-07, 6.51925802230835e-08, 0.9992939829826355, -0.036515213549137115, -0.008851462043821812, 0.03644177317619324, 0.9993011951446533, -0.00831996276974678, 0.009149066172540188, 0.007991515100002289, 0.9999262094497681),
            ["HumanoidRootPart"] = CFrame.new(0, 0, 0, 1, 0, 0, 0, 1, 0, 0, 0, 1),
            ["RightUpperLeg"] = CFrame.new(2.384185791015625e-07, -1.2293457984924316e-07, 2.8107024263590574e-08, 0.9342401623725891, -0.27162817120552063, -0.23111353814601898, 0.27128714323043823, 0.9619016647338867, -0.03388924151659012, 0.23151372373104095, -0.031037602573633194, 0.97233647108078),
            ["LeftUpperArm"] = CFrame.new(-1.1920928955078125e-07, 4.76837158203125e-07, 0, 0.9343454837799072, 0.2988739609718323, -0.1940954029560089, -0.12945418059825897, 0.7920925617218018, 0.5965157151222229, 0.33202457427978516, -0.5322252511978149, 0.7787785530090332),
            ["RightLowerArm"] = CFrame.new(4.76837158203125e-07, -4.76837158203125e-07, -3.8743019104003906e-07, 1, -7.27595690364069e-08, 0, 2.2351736461700966e-08, 0.8884264230728149, -0.45901909470558167, 2.2351736461700966e-08, 0.45901909470558167, 0.8884264230728149),
            ["LeftHand"] = CFrame.new(0, 0, -2.384185791015625e-07, 0.9211917519569397, -0.15527905523777008, 0.3567834496498108, 0.2180257886648178, 0.9654470682144165, -0.14274707436561584, -0.3222898244857788, 0.2092854380607605, 0.9232166409492493),
            ["LeftFoot"] = CFrame.new(-5.21540641784668e-08, 1.7881393432617188e-07, 0, 0.9291321039199829, -0.19822295010089874, 0.31212368607521057, 0.28991568088531494, 0.9144842624664307, -0.28225448727607727, -0.22948285937309265, 0.35274118185043335, 0.9071445465087891),
            ["LowerTorso"] = CFrame.new(0.0024742651730775833, -0.10520482063293457, -0.0011776251485571265, 0.8063308596611023, -0.09990210086107254, -0.582966685295105, 0.016456669196486473, 0.989039957523346, -0.14672820270061493, 0.5912358164787292, 0.10871779173612595, 0.7991374731063843),
            ["RightLowerLeg"] = CFrame.new(0, -0.000060558319091796875, -0.0000721050237189047, 1, -1.043081283569336e-07, 7.450580596923828e-09, 6.705521116145974e-08, 0.8711816072463989, 0.4909606873989105, -3.352760558072987e-08, -0.490960955619812, 0.8711817860603333),
            ["LeftUpperLeg"] = CFrame.new(-1.7881393432617188e-07, -3.390014171600342e-07, -1.043081283569336e-07, 0.9015730619430542, 0.27957868576049805, 0.3301544189453125, -0.2755506634712219, 0.9594135284423828, -0.0599796324968338, -0.33352363109588623, -0.03689827769994736, 0.9420194029808044),
            ["LeftLowerLeg"] = CFrame.new(8.195638656616211e-08, 0.000060677528381347656, 0.00007207691669464111, 1, 5.215405707303944e-08, 1.4901161193847656e-08, -3.725290298461914e-08, 0.8205917477607727, 0.5715147852897644, 5.587935447692871e-08, -0.5715147256851196, 0.8205917477607727),
        }},
        {Time = 0.133, Data = {
            ["RightFoot"] = CFrame.new(-7.450580596923828e-09, 2.980232238769531e-07, 3.149762051180005e-08, 0.942316472530365, 0.28229236602783203, -0.17986340820789337, -0.317330002784729, 0.9243795275688171, -0.21171678602695465, 0.10649597644805908, 0.25658056139945984, 0.9606379270553589),
            ["LeftLowerArm"] = CFrame.new(1.7881393432617188e-07, 1.1920928955078125e-07, -8.940696716308594e-08, 1, -5.5879347371501353e-08, 1.5832483768463135e-08, 2.980232594040899e-08, 0.863525390625, -0.5043054223060608, 1.4901162970204496e-08, 0.504305362701416, 0.863525390625),
            ["RightUpperArm"] = CFrame.new(1.1920928955078125e-07, 0, 2.9802322387695312e-08, 0.8804860711097717, -0.3330933153629303, 0.33733242750167847, 0.11962877213954926, 0.8446475267410278, 0.5217849016189575, -0.45873013138771057, -0.41906964778900146, 0.7835479974746704),
            ["Head"] = CFrame.new(-3.725290298461914e-08, 2.384185791015625e-07, 0, 0.8790861368179321, 0.02954564243555069, 0.4757464528083801, -0.1913096308708191, 0.936032235622406, 0.29537156224250793, -0.4365871250629425, -0.35067176818847656, 0.828505277633667),
            ["RightHand"] = CFrame.new(1.4901161193847656e-07, 0, -7.450580596923828e-08, 0.8835301995277405, 0.225663423538208, -0.4104272723197937, -0.3114760220050812, 0.9375200271606445, -0.15504461526870728, 0.3497958779335022, 0.2648249864578247, 0.8986159563064575),
            ["UpperTorso"] = CFrame.new(-4.842877388000488e-08, -8.940696716308594e-08, 7.636845111846924e-08, 0.9992679953575134, -0.03677889332175255, -0.01052988413721323, 0.03668365627527237, 0.9992855787277222, -0.009100291877985, 0.010857012122869492, 0.008707375265657902, 0.9999032020568848),
            ["HumanoidRootPart"] = CFrame.new(0, 0, 0, 1, 0, 0, 0, 1, 0, 0, 0, 1),
            ["RightUpperLeg"] = CFrame.new(2.384185791015625e-07, 7.82310962677002e-08, -3.149762051180005e-08, 0.9343202710151672, -0.27096059918403625, -0.23157310485839844, 0.2709777057170868, 0.9620413184165955, -0.0323672890663147, 0.23155313730239868, -0.032509882003068924, 0.9722789525985718),
            ["LeftUpperArm"] = CFrame.new(0, 0, -5.960464477539063e-08, 0.9347465634346008, 0.29836294054985046, -0.1929466426372528, -0.12930840253829956, 0.7914455533027649, 0.5974055528640747, 0.33095043897628784, -0.5334731936454773, 0.7783818244934082),
            ["RightLowerArm"] = CFrame.new(2.980232238769531e-07, 0, -8.940696716308594e-07, 1, -3.713648411007853e-08, 2.7939672797572257e-09, 4.470347647611561e-08, 0.8895195722579956, -0.456897109746933, -2.2351738238057806e-08, 0.45689713954925537, 0.8895195722579956),
            ["LeftHand"] = CFrame.new(1.7881393432617188e-07, -2.980232238769531e-07, 7.450580596923828e-09, 0.9216790199279785, -0.1503620594739914, 0.35762983560562134, 0.21405848860740662, 0.9659148454666138, -0.14555907249450684, -0.3235534429550171, 0.21071240305900574, 0.9224497675895691),
            ["LeftFoot"] = CFrame.new(8.568167686462402e-08, -2.384185791015625e-07, 0, 0.9294314980506897, -0.1986778825521469, 0.3109409511089325, 0.290055513381958, 0.9142623543739319, -0.28282877802848816, -0.2280898243188858, 0.35306015610694885, 0.9073718190193176),
            ["LowerTorso"] = CFrame.new(0.0033156031277030706, -0.10543441772460938, -0.0015751124592497945, 0.8072100877761841, -0.10005711019039154, -0.5817219614982605, 0.016903718933463097, 0.9890424013137817, -0.1466609090566635, 0.5900221467018127, 0.10855290293693542, 0.8000563383102417),
            ["RightLowerLeg"] = CFrame.new(-2.9802322387695312e-08, -0.00006031990051269531, -0.00007209012255771086, 1, -8.940698137394065e-08, 1.4901161193847656e-08, 8.195637946073475e-08, 0.8713811039924622, 0.49060648679733276, -2.2351738238057806e-08, -0.4906068742275238, 0.8713812828063965),
            ["LeftUpperLeg"] = CFrame.new(-1.1920928955078125e-07, -1.0058283805847168e-07, -1.4901161193847656e-08, 0.9014070630073547, 0.2806905508041382, 0.32966384291648865, -0.27640682458877563, 0.9591126441955566, -0.0608462356030941, -0.3332637846469879, -0.03627414256334305, 0.9421356320381165),
            ["LeftLowerLeg"] = CFrame.new(5.960464477539063e-08, 0.000060558319091796875, 0.00007212162017822266, 1, 5.960464477539063e-08, 1.4901159417490817e-08, -4.0978193283081055e-08, 0.8198679685592651, 0.5725526213645935, 5.21540641784668e-08, -0.5725527405738831, 0.8198679685592651),
        }},
        {Time = 0.167, Data = {
            ["RightFoot"] = CFrame.new(8.195638656616211e-08, 4.76837158203125e-07, 7.283233571797609e-09, 0.9421000480651855, 0.282216876745224, -0.18111148476600647, -0.31767138838768005, 0.924081563949585, -0.21250417828559875, 0.10738923400640488, 0.2577342987060547, 0.9602295756340027),
            ["LeftLowerArm"] = CFrame.new(-2.9802322387695312e-08, 5.960464477539063e-08, -5.960464477539063e-08, 1, -4.284083487959833e-08, -8.894131298120556e-08, 3.725290653733282e-08, 0.8616428971290588, -0.5075151324272156, 4.0978196835794733e-08, 0.507515013217926, 0.8616429567337036),
            ["RightUpperArm"] = CFrame.new(1.1920928955078125e-07, 0, -5.960464477539063e-08, 0.8815370798110962, -0.3325052261352539, 0.3351605236530304, 0.11970563232898712, 0.8441342711448669, 0.5225974321365356, -0.45668697357177734, -0.42056843638420105, 0.7839384078979492),
            ["Head"] = CFrame.new(-5.960464477539063e-08, 3.5762786865234375e-07, 2.9802322387695312e-08, 0.8787498474121094, 0.030020821839571, 0.47633740305900574, -0.191669762134552, 0.9362049102783203, 0.29458993673324585, -0.437105655670166, -0.35017022490501404, 0.8284440636634827),
            ["RightHand"] = CFrame.new(5.960464477539063e-08, 1.1920928955078125e-07, -1.1920928955078125e-07, 0.88570636510849, 0.22038128972053528, -0.40860292315483093, -0.30593428015708923, 0.9390742182731628, -0.15666469931602478, 0.3491826057434082, 0.2637646794319153, 0.8991661667823792),
            ["UpperTorso"] = CFrame.new(-5.587935447692871e-08, -1.4901161193847656e-07, 6.891787052154541e-08, 0.9992420077323914, -0.03694331645965576, -0.012276092544198036, 0.03682328760623932, 0.9992730617523193, -0.009866680949926376, 0.01263173297047615, 0.00940714031457901, 0.9998759627342224),
            ["HumanoidRootPart"] = CFrame.new(0, 0, 0, 1, 0, 0, 0, 1, 0, 0, 0, 1),
            ["RightUpperLeg"] = CFrame.new(2.384185791015625e-07, 5.587935447692871e-08, 1.3205863069742918e-08, 0.9344478249549866, -0.27008235454559326, -0.2320837825536728, 0.27046844363212585, 0.9622365832328796, -0.030784446746110916, 0.23163391649723053, -0.03400504216551781, 0.972208559513092),
            ["LeftUpperArm"] = CFrame.new(-1.1920928955078125e-07, 3.5762786865234375e-07, 1.1920928955078125e-07, 0.9353465437889099, 0.2973938584327698, -0.19153012335300446, -0.12895938754081726, 0.7908758521080017, 0.5982347726821899, 0.3293877840042114, -0.5348573327064514, 0.7780947089195251),
            ["RightLowerArm"] = CFrame.new(3.5762786865234375e-07, -5.960464477539063e-08, -2.682209014892578e-07, 1, -4.738102887813511e-08, 1.3969836842875338e-08, 2.2351738238057806e-08, 0.8901852965354919, -0.4555985629558563, 7.4505797087454084e-09, 0.4555986225605011, 0.8901852965354919),
            ["LeftHand"] = CFrame.new(1.4901161193847656e-07, -4.172325134277344e-07, -1.341104507446289e-07, 0.9223265647888184, -0.14519666135311127, 0.35809454321861267, 0.20972760021686554, 0.966444730758667, -0.14832042157649994, -0.32454296946525574, 0.21190223097801208, 0.9218294024467468),
            ["LeftFoot"] = CFrame.new(6.332993507385254e-08, -1.7881393432617188e-07, 5.960464477539063e-08, 0.9297444224357605, -0.19909869134426117, 0.309734046459198, 0.2901283800601959, 0.9140897989273071, -0.2833114266395569, -0.22671779990196228, 0.35326987504959106, 0.9076340198516846),
            ["LowerTorso"] = CFrame.new(0.004156941082328558, -0.10566854476928711, -0.0019858493469655514, 0.8079531192779541, -0.10025585442781448, -0.5806552171707153, 0.017302969470620155, 0.989031195640564, -0.1466897577047348, 0.5889926552772522, 0.10847138613462448, 0.8008255958557129),
            ["RightLowerLeg"] = CFrame.new(8.940696716308594e-08, -0.00006020069122314453, -0.0000721050237189047, 1, -6.705523247774181e-08, -7.450581307466564e-08, 9.685753354915505e-08, 0.8716402649879456, 0.49014604091644287, -7.4505797087454084e-09, -0.49014633893966675, 0.8716404438018799),
            ["LeftUpperLeg"] = CFrame.new(-1.1920928955078125e-07, -1.4528632164001465e-07, -5.960464477539063e-08, 0.9012214541435242, 0.28187766671180725, 0.3291579484939575, -0.27727311849594116, 0.9587944746017456, -0.06191031634807587, -0.33304595947265625, -0.035471752285957336, 0.9422431588172913),
            ["LeftLowerLeg"] = CFrame.new(1.4901161193847656e-08, 0.00006079673767089844, 0.00007215142250061035, 1, 5.960463766996327e-08, 7.450580596923828e-09, -2.9802322387695312e-08, 0.819131076335907, 0.5736063718795776, 2.9802322387695312e-08, -0.5736063122749329, 0.819131076335907),
        }},
        {Time = 0.200, Data = {
            ["RightFoot"] = CFrame.new(-8.940696716308594e-08, 4.76837158203125e-07, -9.888753993436694e-08, 0.9418612718582153, 0.28214216232299805, -0.18246443569660187, -0.31803497672080994, 0.9237931370735168, -0.21321335434913635, 0.10840275138616562, 0.2588476836681366, 0.959816038608551),
            ["LeftLowerArm"] = CFrame.new(2.086162567138672e-07, 0, -1.1920928955078125e-07, 1, -3.352760913344355e-08, -5.634500865880909e-08, 4.4703490686970326e-08, 0.8597506880760193, -0.5107138752937317, 4.4703490686970326e-08, 0.5107139348983765, 0.8597506880760193),
            ["RightUpperArm"] = CFrame.new(0, 2.384185791015625e-07, -2.9802322387695312e-08, 0.8827239274978638, -0.33170029520988464, 0.33282652497291565, 0.11993244290351868, 0.8438865542411804, 0.5229454040527344, -0.4543289542198181, -0.4216997027397156, 0.784700334072113),
            ["Head"] = CFrame.new(-8.940696716308594e-08, 1.1920928955078125e-07, 2.9802322387695312e-08, 0.8783796429634094, 0.030519675463438034, 0.4769882261753082, -0.19203954935073853, 0.9363998174667358, 0.2937285304069519, -0.4376871585845947, -0.34960564970970154, 0.8283753991127014),
            ["RightHand"] = CFrame.new(-4.3213367462158203e-07, 1.1920928955078125e-07, -1.7136335372924805e-07, 0.8880414366722107, 0.21513523161411285, -0.40632420778274536, -0.3004879951477051, 0.9404762983322144, -0.1587805598974228, 0.3479791283607483, 0.2630992829799652, 0.8998274803161621),
            ["UpperTorso"] = CFrame.new(-4.842877388000488e-08, 8.940696716308594e-08, 9.499490261077881e-08, 0.9992101788520813, -0.03720562905073166, -0.013958506286144257, 0.03706055134534836, 0.9992577433586121, -0.010512430220842361, 0.014339379966259003, 0.009986817836761475, 0.9998473525047302),
            ["HumanoidRootPart"] = CFrame.new(0, 0, 0, 1, 0, 0, 0, 1, 0, 0, 0, 1),
            ["RightUpperLeg"] = CFrame.new(2.980232238769531e-07, 1.7508864402770996e-07, 5.790934665128589e-08, 0.9345646500587463, -0.269243061542511, -0.2325880527496338, 0.2700333595275879, 0.9624123573303223, -0.029061075299978256, 0.23167023062705994, -0.035647209733724594, 0.9721410870552063),
            ["LeftUpperArm"] = CFrame.new(-1.1920928955078125e-07, 4.76837158203125e-07, 2.9802322387695312e-08, 0.9357991814613342, 0.29676979780197144, -0.1902831643819809, -0.1288219690322876, 0.7902973890304565, 0.5990284085273743, 0.32815369963645935, -0.5360575914382935, 0.7777900695800781),
            ["RightLowerArm"] = CFrame.new(2.384185791015625e-07, 1.1920928955078125e-07, -2.086162567138672e-07, 1, -7.601919804756108e-08, -2.7939672797572257e-09, 2.9802322387695312e-08, 0.8912132978439331, -0.4535844624042511, 2.9802322387695312e-08, 0.4535844624042511, 0.8912132978439331),
            ["LeftHand"] = CFrame.new(-8.940696716308594e-08, -5.960464477539062e-07, -1.341104507446289e-07, 0.9228402376174927, -0.14009566605091095, 0.3588026463985443, 0.20551837980747223, 0.9669255614280701, -0.15105365216732025, -0.32577306032180786, 0.21313893795013428, 0.9211099743843079),
            ["LeftFoot"] = CFrame.new(1.0058283805847168e-07, 0, 2.2351741790771484e-08, 0.9300966858863831, -0.19950249791145325, 0.30841365456581116, 0.2901768088340759, 0.9138790369033813, -0.2839413285255432, -0.22520577907562256, 0.3535873591899872, 0.9078867435455322),
            ["LowerTorso"] = CFrame.new(0.004998280666768551, -0.10590744018554688, -0.002383337588980794, 0.8087643980979919, -0.10049276798963547, -0.5794837474822998, 0.017747830599546432, 0.9890154600143433, -0.14674285054206848, 0.5878649353981018, 0.10839582234621048, 0.8016639947891235),
            ["RightLowerLeg"] = CFrame.new(5.960464477539063e-08, -0.00006026029586791992, -0.0000721348260412924, 1, -6.705523247774181e-08, -2.2351745343485163e-08, 1.1175870895385742e-07, 0.8719174265861511, 0.48965269327163696, -3.725290298461914e-08, -0.4896530210971832, 0.8719176650047302),
            ["LeftUpperLeg"] = CFrame.new(-1.7881393432617188e-07, -7.450580596923828e-08, -2.9802322387695312e-08, 0.9010369181632996, 0.2830725610256195, 0.32863742113113403, -0.27816087007522583, 0.9584704041481018, -0.06293706595897675, -0.33280491828918457, -0.03470540791749954, 0.9423568844795227),
            ["LeftLowerLeg"] = CFrame.new(6.705522537231445e-08, 0.00006079673767089844, 0.00007225573062896729, 1, 5.960464477539063e-08, 0, -1.4901161193847656e-08, 0.8183699250221252, 0.5746918320655823, 2.60770320892334e-08, -0.5746917724609375, 0.81836998462677),
        }},
        {Time = 0.233, Data = {
            ["RightFoot"] = CFrame.new(-1.2665987014770508e-07, 4.172325134277344e-07, -3.183231456205249e-08, 0.9415919184684753, 0.282190203666687, -0.18377624452114105, -0.3184889853000641, 0.9235159158706665, -0.2137359380722046, 0.10940589010715485, 0.25978294014930725, 0.9594495296478271),
            ["LeftLowerArm"] = CFrame.new(0, 2.980232238769531e-07, 1.7881393432617188e-07, 1, -4.00468671557519e-08, 3.073364851502447e-08, 7.450581485102248e-09, 0.8578370809555054, -0.5139217972755432, -1.862645326866641e-08, 0.5139216780662537, 0.8578371405601501),
            ["RightUpperArm"] = CFrame.new(0, 2.384185791015625e-07, -2.9802322387695312e-08, 0.883719265460968, -0.3312186300754547, 0.3306577503681183, 0.12039077281951904, 0.8436110019683838, 0.523284375667572, -0.45226815342903137, -0.4226282835006714, 0.7853909730911255),
            ["Head"] = CFrame.new(-5.960464477539063e-08, 2.384185791015625e-07, 7.450580596923828e-08, 0.8780386447906494, 0.03110523894429207, 0.4775777757167816, -0.19247324764728546, 0.9365807771682739, 0.2928662598133087, -0.4381805956363678, -0.3490687310695648, 0.8283410668373108),
            ["RightHand"] = CFrame.new(1.1920928955078125e-07, 0, -1.7136335372924805e-07, 0.8901063203811646, 0.2100936323404312, -0.4044398367404938, -0.2952236831188202, 0.94185471534729, -0.16047613322734833, 0.3472086191177368, 0.2622411549091339, 0.9003753662109375),
            ["UpperTorso"] = CFrame.new(-6.51925802230835e-08, 2.384185791015625e-07, 2.9802322387695312e-08, 0.9991775751113892, -0.037384193390607834, -0.015703905373811722, 0.03721048682928085, 0.9992445707321167, -0.011212191544473171, 0.01611120067536831, 0.010618634521961212, 0.9998137950897217),
            ["HumanoidRootPart"] = CFrame.new(0, 0, 0, 1, 0, 0, 0, 1, 0, 0, 0, 1),
            ["RightUpperLeg"] = CFrame.new(2.384185791015625e-07, 2.7194619178771973e-07, -3.149762051180005e-08, 0.9346490502357483, -0.26854297518730164, -0.23305757343769073, 0.26969224214553833, 0.9625526070594788, -0.027543362230062485, 0.23172667622566223, -0.03711052983999252, 0.9720728397369385),
            ["LeftUpperArm"] = CFrame.new(-1.1920928955078125e-07, 1.1920928955078125e-07, 1.1920928955078125e-07, 0.9363211989402771, 0.29590684175491333, -0.18905502557754517, -0.12846943736076355, 0.7897428870201111, 0.5998347997665405, 0.3267999589443207, -0.5373502969741821, 0.7774680852890015),
            ["RightLowerArm"] = CFrame.new(2.980232238769531e-07, -4.76837158203125e-07, -4.172325134277344e-07, 1, -1.979060293422208e-08, 5.587934559514451e-09, 2.9802318834981634e-08, 0.8921408653259277, -0.45175743103027344, 7.4505797087454084e-09, 0.45175743103027344, 0.892140805721283),
            ["LeftHand"] = CFrame.new(-1.7881393432617188e-07, 5.960464477539063e-08, -1.4901161193847656e-08, 0.9233695864677429, -0.13490429520606995, 0.35942959785461426, 0.20119480788707733, 0.9674065113067627, -0.1537708342075348, -0.3269701302051544, 0.21430282294750214, 0.9204155802726746),
            ["LeftFoot"] = CFrame.new(3.3527612686157227e-08, 0, 8.568167686462402e-08, 0.9304203987121582, -0.1999998241662979, 0.30711233615875244, 0.29032689332962036, 0.913630485534668, -0.2845868766307831, -0.2236698716878891, 0.3539484739303589, 0.9081256985664368),
            ["LowerTorso"] = CFrame.new(0.0058396183885633945, -0.10614633560180664, -0.0027940766885876656, 0.8095842003822327, -0.10073264688253403, -0.5782961249351501, 0.018190300092101097, 0.9889979362487793, -0.14680679142475128, 0.5867218971252441, 0.10833307355642319, 0.8025094270706177),
            ["RightLowerLeg"] = CFrame.new(8.940696716308594e-08, -0.0000603795051574707, -0.0000721348260412924, 1, -9.685756907629184e-08, -5.21540641784668e-08, 7.450580596923828e-08, 0.8721621036529541, 0.489216685295105, -1.1175870895385742e-08, -0.4892171323299408, 0.8721622824668884),
            ["LeftUpperLeg"] = CFrame.new(-1.7881393432617188e-07, -5.960464477539063e-08, -4.470348358154297e-08, 0.9008497595787048, 0.28437235951423645, 0.32802772521972656, -0.2791212499141693, 0.9581164121627808, -0.06406611204147339, -0.3325073719024658, -0.03384556248784065, 0.9424931406974792),
            ["LeftLowerLeg"] = CFrame.new(1.4901161193847656e-08, 0.00006097555160522461, 0.00007210671901702881, 1, 4.4703490686970326e-08, -1.4901162970204496e-08, -2.9802322387695312e-08, 0.8175309896469116, 0.5758847594261169, 2.9802322387695312e-08, -0.5758847594261169, 0.8175309300422668),
        }},
        {Time = 0.267, Data = {
            ["RightFoot"] = CFrame.new(7.450580596923828e-08, 4.172325134277344e-07, 1.845910446718335e-08, 0.9413211941719055, 0.2821448743343353, -0.18522654473781586, -0.31893330812454224, 0.9231548309326172, -0.214631125330925, 0.11043553799390793, 0.2611120343208313, 0.9589706063270569),
            ["LeftLowerArm"] = CFrame.new(1.7881393432617188e-07, 5.960464477539063e-08, 1.1920928955078125e-07, 1, -4.9360085796479325e-08, -8.381903171539307e-09, 2.2351747119842003e-08, 0.8559320569038391, -0.5170883536338806, 7.450582373280668e-09, 0.5170882940292358, 0.8559320569038391),
            ["RightUpperArm"] = CFrame.new(1.1920928955078125e-07, 0, 0, 0.8848057985305786, -0.3305851221084595, 0.3283783495426178, 0.12076575309038162, 0.8433502912521362, 0.5236181020736694, -0.4500383734703064, -0.42364344000816345, 0.786124587059021),
            ["Head"] = CFrame.new(-7.450580596923828e-08, 2.384185791015625e-07, -2.9802322387695312e-08, 0.8777045607566833, 0.03156345337629318, 0.47816160321235657, -0.19275008141994476, 0.9368035793304443, 0.2919701933860779, -0.43872788548469543, -0.3484291434288025, 0.8283206224441528),
            ["RightHand"] = CFrame.new(5.960464477539063e-08, 5.960464477539063e-08, -1.4901161193847656e-07, 0.8921336531639099, 0.20517098903656006, -0.40249544382095337, -0.2899014949798584, 0.9432927370071411, -0.1617276817560196, 0.3464893102645874, 0.26096677780151367, 0.9010225534439087),
            ["UpperTorso"] = CFrame.new(-6.51925802230835e-08, -1.4901161193847656e-07, 6.891787052154541e-08, 0.9991428256034851, -0.0375678688287735, -0.017386987805366516, 0.03736412525177002, 0.9992309212684631, -0.011898193508386612, 0.0178205743432045, 0.011238351464271545, 0.9997780919075012),
            ["HumanoidRootPart"] = CFrame.new(0, 0, 0, 1, 0, 0, 0, 1, 0, 0, 0, 1),
            ["RightUpperLeg"] = CFrame.new(2.384185791015625e-07, -9.685754776000977e-08, 2.8107024263590574e-08, 0.9347943067550659, -0.26757460832595825, -0.23358817398548126, 0.26914548873901367, 0.9627555012702942, -0.025743037462234497, 0.23177650570869446, -0.038804925978183746, 0.9719948172569275),
            ["LeftUpperArm"] = CFrame.new(-1.1920928955078125e-07, 2.384185791015625e-07, 2.9802322387695312e-08, 0.9368554353713989, 0.29500970244407654, -0.18780617415905, -0.12809737026691437, 0.7891792058944702, 0.6006556749343872, 0.32541194558143616, -0.5386701822280884, 0.7771368026733398),
            ["RightLowerArm"] = CFrame.new(2.980232238769531e-07, -1.7881393432617188e-07, -3.8743019104003906e-07, 1, -3.864988329382868e-08, -1.1175869119028903e-08, 1.4901161193847656e-08, 0.8930553197860718, -0.44994691014289856, -3.725290298461914e-08, 0.44994688034057617, 0.8930553197860718),
            ["LeftHand"] = CFrame.new(-2.086162567138672e-07, -4.172325134277344e-07, -1.1920928955078125e-07, 0.923930823802948, -0.12946411967277527, 0.3599875271320343, 0.19665101170539856, 0.967881441116333, -0.15663300454616547, -0.32814690470695496, 0.21551010012626648, 0.9197146892547607),
            ["LeftFoot"] = CFrame.new(5.587935447692871e-08, -1.1920928955078125e-07, 4.842877388000488e-08, 0.930769681930542, -0.20040026307106018, 0.3057900667190552, 0.29036498069763184, 0.9134263396263123, -0.28520259261131287, -0.22216200828552246, 0.35424864292144775, 0.9083787798881531),
            ["LowerTorso"] = CFrame.new(0.006730451714247465, -0.10638046264648438, -0.003191564930602908, 0.8104042410850525, -0.10097549855709076, -0.5771039128303528, 0.01863006502389908, 0.988978922367096, -0.14687953889369965, 0.5855748653411865, 0.10828031599521637, 0.8033539056777954),
