return {
    ["Enlightened"] = {
        {Time = 0.000, Data = {
            ["RightFoot"] = CFrame.new(-2.2351741790771484e-08, 3.5762786865234375e-07, 8.55143298394978e-08, 0.8839779496192932, 0.46628305315971375, 0.0341210663318634, -0.40640193223953247, 0.7302755117416382, 0.5491208434104919, 0.23112869262695312, -0.49927741289138794, 0.8350461721420288),
            ["LeftLowerArm"] = CFrame.new(0, 5.960464477539063e-08, -2.905726432800293e-07, 1, -1.005828522693264e-07, 1.043081283569336e-07, 5.960464477539063e-08, -0.24799910187721252, -0.9687603712081909, 2.4586915969848633e-07, 0.9687603116035461, -0.24799896776676178),
            ["RightUpperArm"] = CFrame.new(0, 1.1920928955078125e-07, -2.3283064365386963e-09, 0.6308528184890747, -0.7719950675964355, 0.07776982337236404, 0.49513328075408936, 0.3233739137649536, -0.8063947558403015, 0.5973841547966003, 0.547222912311554, 0.5862419009208679),
            ["Head"] = CFrame.new(6.693881005048752e-09, -1.1920928955078125e-07, -5.139736458659172e-08, 0.9961907267570496, -0.08433077484369278, 0.02219220995903015, 0.08654516190290451, 0.9249610304832458, -0.37007713317871094, 0.010681958869099617, 0.37058815360069275, 0.9287359714508057),
            ["RightHand"] = CFrame.new(4.023313522338867e-07, -5.960464477539063e-08, -1.4901161193847656e-08, 0.4922678470611572, -0.15151724219322205, -0.8571551442146301, -0.0958593338727951, 0.9693073034286499, -0.2263946235179901, 0.8651493787765503, 0.19361326098442078, 0.46263426542282104),
            ["UpperTorso"] = CFrame.new(-8.381903171539307e-09, 2.9802322387695312e-08, 1.6763806343078613e-08, 0.9911136627197266, -0.1329628974199295, 0.003843724960461259, 0.07686252146959305, 0.5960432291030884, 0.7992650866508484, -0.10856365412473679, -0.7918669581413269, 0.6009663939476013),
            ["HumanoidRootPart"] = CFrame.new(0, 0, 0, 1, 0, 0, 0, 1, 0, 0, 0, 1),
            ["RightUpperLeg"] = CFrame.new(0, 3.725290298461914e-09, -5.420588422566652e-09, 0.7295822501182556, -0.17437952756881714, -0.6612862944602966, -0.6460388898849487, 0.14150644838809967, -0.7500744462013245, 0.22437378764152527, 0.9744576215744019, -0.009414853528141975),
            ["LeftUpperArm"] = CFrame.new(0, 0, -3.073364496231079e-08, 0.7470458745956421, 0.6608065366744995, 0.0725061446428299, -0.23977501690387726, 0.3695698082447052, -0.8977338671684265, -0.620024561882019, 0.65326327085495, 0.4345305263996124),
            ["RightLowerArm"] = CFrame.new(-1.4901161193847656e-07, 1.1920928955078125e-07, -5.960464477539063e-08, 1, -7.450580596923828e-08, 8.940698137394065e-08, 1.1920930376163597e-07, -0.30780643224716187, -0.9514490365982056, 3.725290653733282e-08, 0.9514490365982056, -0.30780643224716187),
            ["LeftHand"] = CFrame.new(-4.470348358154297e-08, -1.7881393432617188e-07, -4.470348358154297e-08, 0.7227419018745422, -0.02712862566113472, 0.6905855536460876, 0.12883326411247253, 0.9870029091835022, -0.09605929255485535, -0.6790037155151367, 0.15839631855487823, 0.7168433666229248),
            ["LeftFoot"] = CFrame.new(-1.862645149230957e-09, 1.1920928955078125e-07, -3.818422555923462e-08, 0.9129730463027954, -0.33157384395599365, -0.2377796471118927, 0.4026241600513458, 0.8265687227249146, 0.39329037070274353, 0.06613632291555405, -0.4547998309135437, 0.8881348371505737),
            ["LowerTorso"] = CFrame.new(-0.1458919644355774, -1.8639607429504395, 0.17499500513076782, 0.9938740134239197, 0.061403896659612656, -0.09189137816429138, -0.1074201911687851, 0.7322193384170532, -0.6725443005561829, 0.02598780393600464, 0.6782953143119812, 0.7343297600746155),
            ["RightLowerLeg"] = CFrame.new(-4.470348358154297e-08, -0.000060498714447021484, -0.00007204541907412931, 1, -1.192092469182171e-07, -4.8428795196286956e-08, 2.0861628513557662e-07, -0.2197314202785492, 0.9755604267120361, -1.788139627478813e-07, -0.9755603671073914, -0.21973145008087158),
            ["LeftUpperLeg"] = CFrame.new(0, 2.9802322387695312e-08, 1.1175870895385742e-08, 0.5511531829833984, 0.3096199929714203, 0.7748324275016785, 0.7371609807014465, 0.25438112020492554, -0.6260066032409668, -0.39092713594436646, 0.9162017703056335, -0.08803682029247284),
            ["LeftLowerLeg"] = CFrame.new(-1.4901161193847656e-08, 0.000060558319091796875, 0.00007200241088867188, 1, 5.122273094571028e-08, 1.3411047916633834e-07, 1.4901161193847656e-08, -0.4603939354419708, 0.887714684009552, 1.4901161193847656e-07, -0.887714684009552, -0.46039414405822754),
        }},
        {Time = 0.033, Data = {
            ["RightFoot"] = CFrame.new(-2.60770320892334e-08, 1.7881393432617188e-07, 3.708555595949292e-08, 0.8843491077423096, 0.46554580330848694, 0.03457048535346985, -0.4057455360889435, 0.7299065589904785, 0.5500962734222412, 0.2308623045682907, -0.5005033016204834, 0.8343853950500488),
            ["LeftLowerArm"] = CFrame.new(-2.980232238769531e-07, 0, 1.862645149230957e-07, 1, -4.470347647611561e-08, 2.0116564769523393e-07, 8.940696716308594e-08, -0.24739301204681396, -0.9689152240753174, 8.940696716308594e-08, 0.9689152836799622, -0.2473929226398468),
            ["RightUpperArm"] = CFrame.new(0, -1.1920928955078125e-07, 2.60770320892334e-08, 0.6283012628555298, -0.7739466428756714, 0.07901903241872787, 0.49760493636131287, 0.32171881198883057, -0.8055346608161926, 0.5980191826820374, 0.5454388856887817, 0.5872563123703003),
            ["Head"] = CFrame.new(1.6145349945873022e-08, 0, 5.995389074087143e-08, 0.9961152076721191, -0.08450166881084442, 0.024779606610536575, 0.08762229233980179, 0.9230924248695374, -0.3744630217552185, 0.008768880739808083, 0.3751797676086426, 0.9269106388092041),
            ["RightHand"] = CFrame.new(2.9802322387695312e-08, -1.1920928955078125e-07, -1.4901161193847656e-08, 0.49054569005966187, -0.1565074622631073, -0.8572458028793335, -0.09276267141103745, 0.9687713384628296, -0.22995048761367798, 0.8664640784263611, 0.1923215091228485, 0.46070852875709534),
            ["UpperTorso"] = CFrame.new(-9.313225746154785e-09, 2.9802322387695312e-08, -1.4901161193847656e-08, 0.9911598563194275, -0.13263608515262604, 0.0031397943384945393, 0.07729768007993698, 0.5965388417243958, 0.7988532781600952, -0.10782977938652039, -0.7915485501289368, 0.6015178561210632),
            ["HumanoidRootPart"] = CFrame.new(0, 0, 0, 1, 0, 0, 0, 1, 0, 0, 0, 1),
            ["RightUpperLeg"] = CFrame.new(0, -1.862645149230957e-09, 2.8107024263590574e-08, 0.728793203830719, -0.17465804517269135, -0.6620818972587585, -0.6466773152351379, 0.14229820668697357, -0.7493744492530823, 0.22509784996509552, 0.974292516708374, -0.009240799583494663),
            ["LeftUpperArm"] = CFrame.new(0, -1.1920928955078125e-07, 5.820766091346741e-08, 0.7464402914047241, 0.6615423560142517, 0.07203194499015808, -0.24056701362133026, 0.36918365955352783, -0.8976808190345764, -0.620447039604187, 0.6527366638183594, 0.43471911549568176),
            ["RightLowerArm"] = CFrame.new(-5.960464477539063e-08, 5.960464477539063e-08, -2.9802322387695312e-08, 1, -1.639127589214695e-07, 1.4901162614933128e-07, 1.341104365337742e-07, -0.3093235194683075, -0.9509569406509399, 1.639127589214695e-07, 0.9509568810462952, -0.30932363867759705),
            ["LeftHand"] = CFrame.new(-4.470348358154297e-08, 0, -1.4901161193847656e-08, 0.7219722867012024, -0.027661673724651337, 0.6913687586784363, 0.13063952326774597, 0.9866787791252136, -0.09694543480873108, -0.6794772744178772, 0.1603120118379593, 0.7159684300422668),
            ["LeftFoot"] = CFrame.new(-1.862645149230957e-09, 0, 5.587935447692871e-08, 0.9130937457084656, -0.3318041265010834, -0.23699402809143066, 0.40241754055023193, 0.8269978761672974, 0.3925994038581848, 0.06572739779949188, -0.45385071635246277, 0.8886504769325256),
            ["LowerTorso"] = CFrame.new(-0.1460091918706894, -1.8639607429504395, 0.17512232065200806, 0.9938770532608032, 0.06097598001360893, -0.09214404225349426, -0.1072712317109108, 0.7323854565620422, -0.6723871231079102, 0.026485497131943703, 0.678154468536377, 0.7344419956207275),
            ["RightLowerLeg"] = CFrame.new(6.705522537231445e-08, -0.000060439109802246094, -0.0000721646283636801, 1, -1.7881387748275301e-07, -9.685758328714655e-08, 2.533197118737007e-07, -0.219615638256073, 0.975586473941803, -1.7881390590446244e-07, -0.9755865335464478, -0.2196158468723297),
            ["LeftUpperLeg"] = CFrame.new(2.9802322387695312e-08, -1.4901161193847656e-08, 0, 0.5512715578079224, 0.31009629368782043, 0.7745577096939087, 0.7370768189430237, 0.25396907329559326, -0.626272976398468, -0.39091870188713074, 0.9161549806594849, -0.0885588750243187),
            ["LeftLowerLeg"] = CFrame.new(-5.960464477539063e-08, 0.000060617923736572266, 0.00007206201553344727, 1, 6.658956408500671e-08, 1.3411050758804777e-07, -2.980232594040899e-08, -0.46104753017425537, 0.8873754143714905, 1.1920930376163597e-07, -0.8873754739761353, -0.46104755997657776),
        }},
        {Time = 0.067, Data = {
            ["RightFoot"] = CFrame.new(6.05359673500061e-08, 4.172325134277344e-07, 5.420588422566652e-09, 0.8847779035568237, 0.46465277671813965, 0.03559503331780434, -0.4052453637123108, 0.7294427156448364, 0.5510793328285217, 0.23009659349918365, -0.502007246017456, 0.8336934447288513),
            ["LeftLowerArm"] = CFrame.new(2.682209014892578e-07, 5.960464477539063e-08, -3.725290298461914e-09, 1, -1.266598985694145e-07, 2.0861622829215776e-07, 8.940698137394065e-08, -0.24454830586910248, -0.9696370959281921, 2.2351744632942427e-07, 0.9696371555328369, -0.2445482313632965),
            ["RightUpperArm"] = CFrame.new(0, 1.1920928955078125e-07, -2.3283064365386963e-09, 0.6272269487380981, -0.7748324275016785, 0.07887456566095352, 0.4984840154647827, 0.3215724229812622, -0.8050497174263, 0.5984145998954773, 0.5442664623260498, 0.5879403352737427),
            ["Head"] = CFrame.new(-9.773430065251887e-09, 1.1920928955078125e-07, 6.111804395914078e-09, 0.996089518070221, -0.08431784808635712, 0.02638683281838894, 0.08803068846464157, 0.9218090176582336, -0.3775165379047394, 0.007507762406021357, 0.37836310267448425, 0.925626814365387),
            ["RightHand"] = CFrame.new(0, 0, -1.4901161193847656e-08, 0.485880970954895, -0.15834031999111176, -0.8595627546310425, -0.09260852634906769, 0.9685904383659363, -0.23077285289764404, 0.8691049814224243, 0.19173115491867065, 0.45595601201057434),
            ["UpperTorso"] = CFrame.new(-1.862645149230957e-09, -2.9802322387695312e-08, 9.313225746154785e-10, 0.9912225604057312, -0.1321716457605362, 0.0029217449482530355, 0.07720229774713516, 0.5966372489929199, 0.7987890839576721, -0.10732046514749527, -0.7915520668029785, 0.6016042828559875),
            ["HumanoidRootPart"] = CFrame.new(0, 0, 0, 1, 0, 0, 0, 1, 0, 0, 0, 1),
            ["RightUpperLeg"] = CFrame.new(0, -2.0489096641540527e-08, -1.287116901949048e-08, 0.7278773784637451, -0.1750398874282837, -0.6629883646965027, -0.6474250555038452, 0.14310912787914276, -0.7485737204551697, 0.22591032087802887, 0.974105179309845, -0.00915827602148056),
            ["LeftUpperArm"] = CFrame.new(-1.1920928955078125e-07, 2.384185791015625e-07, 8.381903171539307e-09, 0.7466363906860352, 0.6615137457847595, 0.07024110853672028, -0.2415517419576645, 0.36797666549682617, -0.8979120254516602, -0.6198281645774841, 0.6534468531608582, 0.4345344305038452),
            ["RightLowerArm"] = CFrame.new(1.1920928955078125e-07, 1.1920928955078125e-07, 2.2351741790771484e-08, 1, -1.4901159417490817e-08, 9.685756197086448e-08, 8.940698137394065e-08, -0.30956292152404785, -0.950878918170929, 1.1548401346317405e-07, 0.9508789777755737, -0.3095630407333374),
            ["LeftHand"] = CFrame.new(-7.450580596923828e-08, 1.1920928955078125e-07, 4.470348358154297e-08, 0.7210872173309326, -0.027813944965600967, 0.69228595495224, 0.13104242086410522, 0.9866342544555664, -0.09685448557138443, -0.6803390383720398, 0.16055937111377716, 0.7150939702987671),
            ["LeftFoot"] = CFrame.new(-1.862645149230957e-08, -1.1920928955078125e-07, -3.259629011154175e-08, 0.913473904132843, -0.33106350898742676, -0.23656468093395233, 0.40152716636657715, 0.8275637626647949, 0.3923182189464569, 0.06589009612798691, -0.45336002111434937, 0.888888955116272),
            ["LowerTorso"] = CFrame.new(-0.1461264044046402, -1.8640894889831543, 0.17512232065200806, 0.9939162135124207, 0.060381386429071426, -0.09211309999227524, -0.10680694878101349, 0.7325801253318787, -0.6722489595413208, 0.02688891440629959, 0.6779974699020386, 0.7345723509788513),
            ["RightLowerLeg"] = CFrame.new(-6.705522537231445e-08, -0.000060498714447021484, -0.00007204541907412931, 1, -1.7881387748275301e-07, -9.685756197086448e-08, 2.0861619987044833e-07, -0.21873250603675842, 0.9757847785949707, -2.2351736106429598e-07, -0.9757848978042603, -0.21873295307159424),
            ["LeftUpperLeg"] = CFrame.new(0, 3.725290298461914e-09, -7.450580596923828e-09, 0.551627516746521, 0.3106074929237366, 0.7740992903709412, 0.7370221018791199, 0.25300851464271545, -0.6267259120941162, -0.3905195891857147, 0.9162476658821106, -0.08935825526714325),
            ["LeftLowerLeg"] = CFrame.new(-6.705522537231445e-08, 0.000060617923736572266, 0.00007203221321105957, 1, 1.6065308727775118e-07, 1.3411050758804777e-07, -4.4703490686970326e-08, -0.461262047290802, 0.88726407289505, 1.6391278734317893e-07, -0.8872640132904053, -0.4612618386745453),
        }},
        {Time = 0.100, Data = {
            ["RightFoot"] = CFrame.new(-9.313225746154785e-10, 2.384185791015625e-07, 1.3440876500681043e-07, 0.8851833343505859, 0.4638208746910095, 0.036353595554828644, -0.40471675992012024, 0.7291322350502014, 0.5518783330917358, 0.2294665426015854, -0.503226101398468, 0.8331319093704224),
            ["LeftLowerArm"] = CFrame.new(2.086162567138672e-07, -5.960464477539063e-08, -4.0978193283081055e-08, 1, -7.450579175838357e-08, 1.7881393432617188e-07, 1.341104365337742e-07, -0.24106484651565552, -0.9705090522766113, 1.1920927533992653e-07, 0.9705090522766113, -0.2410648763179779),
            ["RightUpperArm"] = CFrame.new(0, 0, -2.8870999813079834e-08, 0.6266981363296509, -0.775181233882904, 0.07964683324098587, 0.4997408986091614, 0.3213736414909363, -0.8043493628501892, 0.5979202389717102, 0.5438870191574097, 0.5887941122055054),
            ["Head"] = CFrame.new(3.6816345527768135e-09, 0, -4.423782229423523e-08, 0.9961814880371094, -0.08336249738931656, 0.025946248322725296, 0.08697167783975601, 0.921501100063324, -0.37851232290267944, 0.007644229102879763, 0.37932369112968445, 0.9252325296401978),
            ["RightHand"] = CFrame.new(-2.086162567138672e-07, 0, -1.4901161193847656e-07, 0.4847879111766815, -0.16152183711528778, -0.8595878481864929, -0.09122013300657272, 0.9681026935577393, -0.23335862159729004, 0.8698618412017822, 0.19154110550880432, 0.45459049940109253),
            ["UpperTorso"] = CFrame.new(0, 2.9802322387695312e-08, -2.0489096641540527e-08, 0.9913176894187927, -0.13146327435970306, 0.0026124706491827965, 0.07704947888851166, 0.5968732237815857, 0.798627495765686, -0.10654950886964798, -0.7914921045303345, 0.6018199920654297),
            ["HumanoidRootPart"] = CFrame.new(0, 0, 0, 1, 0, 0, 0, 1, 0, 0, 0, 1),
            ["RightUpperLeg"] = CFrame.new(5.960464477539063e-08, 1.862645149230957e-09, -2.4047039914876223e-08, 0.7265387773513794, -0.1757318675518036, -0.6642726063728333, -0.6484515070915222, 0.1444026231765747, -0.7474358677864075, 0.22727113962173462, 0.973789632320404, -0.009038785472512245),
            ["LeftUpperArm"] = CFrame.new(0, -1.1920928955078125e-07, -5.9138983488082886e-08, 0.7469008564949036, 0.6614350080490112, 0.06813912838697433, -0.24279384315013885, 0.366686075925827, -0.8981049656867981, -0.6190236210823059, 0.6542515754699707, 0.43447059392929077),
            ["RightLowerArm"] = CFrame.new(5.960464477539063e-08, 1.7881393432617188e-07, 2.086162567138672e-07, 1, -8.940696716308594e-08, 1.788139627478813e-07, 5.960464477539063e-08, -0.3094174563884735, -0.9509263038635254, 1.4156103134155273e-07, 0.9509263634681702, -0.30941757559776306),
            ["LeftHand"] = CFrame.new(-5.960464477539063e-08, -1.1920928955078125e-07, -1.9371509552001953e-07, 0.7209151387214661, -0.02753860130906105, 0.6924759745597839, 0.13165608048439026, 0.9864559173583984, -0.09783367067575455, -0.6804028749465942, 0.16169849038124084, 0.7147765755653381),
            ["LeftFoot"] = CFrame.new(-3.725290298461914e-08, 0, 2.3283064365386963e-08, 0.9136293530464172, -0.330958753824234, -0.2361098825931549, 0.4011526107788086, 0.8281931281089783, 0.39137259125709534, 0.06601622700691223, -0.4522857666015625, 0.8894266486167908),
            ["LowerTorso"] = CFrame.new(-0.146360844373703, -1.86421799659729, 0.17499500513076782, 0.993937075138092, 0.0598764643073082, -0.09221761673688889, -0.10649741441011429, 0.7328342199325562, -0.6720210313796997, 0.027341989800333977, 0.6777675151824951, 0.734767735004425),
            ["RightLowerLeg"] = CFrame.new(1.4901161193847656e-08, -0.0000603795051574707, -0.00007220933184726164, 1, -1.7881387748275301e-07, -1.1175875158642157e-07, 2.8312203426139604e-07, -0.21850453317165375, 0.975835919380188, -2.2351738948600541e-07, -0.9758359789848328, -0.2185049206018448),
            ["LeftUpperLeg"] = CFrame.new(-5.960464477539063e-08, -2.60770320892334e-08, -1.4901161193847656e-08, 0.5513688921928406, 0.31031492352485657, 0.7744009494781494, 0.7377102971076965, 0.25212007761001587, -0.626274049282074, -0.3895842134952545, 0.9165916442871094, -0.08991123735904694),
            ["LeftLowerLeg"] = CFrame.new(9.685754776000977e-08, 0.000060677528381347656, 0.00007215142250061035, 1, 4.8894428061885264e-08, 1.1920930376163597e-07, -2.980232594040899e-08, -0.4610835313796997, 0.8873566389083862, 1.266598843585598e-07, -0.8873567581176758, -0.4610838294029236),
        }},
        {Time = 0.133, Data = {
            ["RightFoot"] = CFrame.new(-8.381903171539307e-09, 2.384185791015625e-07, 7.283233571797609e-09, 0.885978639125824, 0.4621841013431549, 0.037799060344696045, -0.4036296308040619, 0.7284640073776245, 0.553554117679596, 0.22830909490585327, -0.5056937336921692, 0.8319549560546875),
            ["LeftLowerArm"] = CFrame.new(1.7881393432617188e-07, -5.960464477539063e-08, -2.9802322387695312e-08, 1, -9.313223614526578e-08, 1.1175870895385742e-07, 1.4901162970204496e-08, -0.2375761866569519, -0.9713689088821411, 8.940698137394065e-08, 0.9713689684867859, -0.2375761866569519),
            ["RightUpperArm"] = CFrame.new(-5.960464477539063e-08, 0, -3.306195139884949e-08, 0.6280784606933594, -0.7740216851234436, 0.08005011826753616, 0.49942195415496826, 0.3220769464969635, -0.8042662143707275, 0.5967372059822083, 0.5451210141181946, 0.5888530015945435),
            ["Head"] = CFrame.new(3.841705620288849e-09, 0, -3.1956005841493607e-08, 0.996265709400177, -0.08285807818174362, 0.024273594841361046, 0.08586830645799637, 0.9214960932731628, -0.3787764608860016, 0.009016662836074829, 0.37944647669792175, 0.925169825553894),
            ["RightHand"] = CFrame.new(-1.043081283569336e-07, 5.960464477539063e-08, 2.9802322387695312e-08, 0.485420823097229, -0.16295258700847626, -0.8589605689048767, -0.0903237834572792, 0.9678725004196167, -0.23465825617313385, 0.8696024417877197, 0.1914927363395691, 0.4551069736480713),
            ["UpperTorso"] = CFrame.new(-1.6763806343078613e-08, -2.9802322387695312e-08, -1.1175870895385742e-08, 0.9914077520370483, -0.13078780472278595, 0.00231625116430223, 0.07700493186712265, 0.5978493690490723, 0.7979012727737427, -0.10574053972959518, -0.790867030620575, 0.602783739566803),
            ["HumanoidRootPart"] = CFrame.new(0, 0, 0, 1, 0, 0, 0, 1, 0, 0, 0, 1),
            ["RightUpperLeg"] = CFrame.new(-2.9802322387695312e-08, 1.4901161193847656e-08, 2.8107024263590574e-08, 0.7249031066894531, -0.177103191614151, -0.6656936407089233, -0.6496121287345886, 0.14574697613716125, -0.7461661100387573, 0.22917158901691437, 0.9733408093452454, -0.009394912980496883),
            ["LeftUpperArm"] = CFrame.new(0, 0, -4.470348358154297e-08, 0.7478489875793457, 0.6605211496353149, 0.06658589839935303, -0.24315044283866882, 0.3658580482006073, -0.8983461260795593, -0.6177376508712769, 0.6556368470191956, 0.4342125952243805),
            ["RightLowerArm"] = CFrame.new(-2.682209014892578e-07, 0, 0, 1, -7.450580596923828e-08, 1.266598985694145e-07, 8.940698137394065e-08, -0.30862390995025635, -0.9511842727661133, 1.788139627478813e-07, 0.9511841535568237, -0.30862388014793396),
            ["LeftHand"] = CFrame.new(2.086162567138672e-07, -2.384185791015625e-07, -2.9802322387695312e-08, 0.721655011177063, -0.028382334858179092, 0.6916708946228027, 0.13350804150104523, 0.9861074686050415, -0.09883160144090652, -0.6792567372322083, 0.16366611421108246, 0.7154185771942139),
            ["LeftFoot"] = CFrame.new(5.587935447692871e-09, 0, 1.862645149230957e-09, 0.9137882590293884, -0.33132365345954895, -0.234980970621109, 0.4009801149368286, 0.8281652927398682, 0.39160796999931335, 0.06485389918088913, -0.45206964015960693, 0.889621913433075),
            ["LowerTorso"] = CFrame.new(-0.1465952843427658, -1.8643467426300049, 0.17474037408828735, 0.9939647316932678, 0.05952643230557442, -0.09214606136083603, -0.10617619752883911, 0.7332344651222229, -0.6716352105140686, 0.02758462354540825, 0.6773654222488403, 0.7351294159889221),
            ["RightLowerLeg"] = CFrame.new(-2.2351741790771484e-08, -0.0000603795051574707, -0.00007191130862338468, 1, -9.685751223287298e-08, -7.450581307466564e-08, 2.5331965503028187e-07, -0.2183501124382019, 0.9758704900741577, -1.490115550950577e-07, -0.9758705496788025, -0.21835049986839294),
            ["LeftUpperLeg"] = CFrame.new(0, 1.4901161193847656e-08, 1.862645149230957e-08, 0.5517435669898987, 0.31010425090789795, 0.7742184400558472, 0.7378941774368286, 0.2511434257030487, -0.6264499425888062, -0.3887045979499817, 0.9169310331344604, -0.09025721997022629),
            ["LeftLowerLeg"] = CFrame.new(0, 0.00006079673767089844, 0.00007200241088867188, 1, 2.0954756152491427e-08, 1.266598843585598e-07, -4.4703490686970326e-08, -0.4617180824279785, 0.887026846408844, 8.940698137394065e-08, -0.8870267271995544, -0.4617179334163666),
        }},
        {Time = 0.167, Data = {
            ["RightFoot"] = CFrame.new(3.166496753692627e-08, 3.5762786865234375e-07, 5.420588422566652e-09, 0.8871962428092957, 0.4597747027873993, 0.038610734045505524, -0.4018222391605377, 0.7288135886192322, 0.5544082522392273, 0.22676339745521545, -0.5073835253715515, 0.8313487768173218),
            ["LeftLowerArm"] = CFrame.new(8.940696716308594e-08, 1.7881393432617188e-07, -7.82310962677002e-08, 1, -7.450579175838357e-08, 1.4901161193847656e-07, 1.1920927533992653e-07, -0.23540017008781433, -0.9718985557556152, 8.568166975919667e-08, 0.9718985557556152, -0.2354002147912979),
            ["RightUpperArm"] = CFrame.new(-5.960464477539063e-08, 0, 3.073364496231079e-08, 0.629676103591919, -0.7727913856506348, 0.07938159257173538, 0.49868178367614746, 0.3237360417842865, -0.8040593862533569, 0.595671534538269, 0.5458831191062927, 0.5892258286476135),
            ["Head"] = CFrame.new(-1.2747477740049362e-08, 0, 1.4668330550193787e-08, 0.9963817000389099, -0.08178829401731491, 0.023116523399949074, 0.08444420993328094, 0.9217960238456726, -0.37836650013923645, 0.009637228213250637, 0.3789495527744293, 0.9253672361373901),
            ["RightHand"] = CFrame.new(-1.4901161193847656e-08, -1.1920928955078125e-07, 1.6391277313232422e-07, 0.48416221141815186, -0.1634140908718109, -0.8595828413963318, -0.0911562442779541, 0.9676385521888733, -0.23530037701129913, 0.870216965675354, 0.1922798454761505, 0.45359790325164795),
            ["UpperTorso"] = CFrame.new(0, -2.9802322387695312e-08, -1.0244548320770264e-08, 0.9914447665214539, -0.13051405549049377, 0.0018231554422527552, 0.07739508897066116, 0.5990613102912903, 0.7969540357589722, -0.10510589182376862, -0.7899947166442871, 0.6040372848510742),
            ["HumanoidRootPart"] = CFrame.new(0, 0, 0, 1, 0, 0, 0, 1, 0, 0, 0, 1),
            ["RightUpperLeg"] = CFrame.new(-5.960464477539063e-08, 1.1175870895385742e-08, 5.75528247281909e-09, 0.7229663729667664, -0.17895111441612244, -0.6673038005828857, -0.6510277390480042, 0.14685311913490295, -0.7447140216827393, 0.23126332461833954, 0.972836434841156, -0.010331433266401291),
            ["LeftUpperArm"] = CFrame.new(0, 1.1920928955078125e-07, 3.166496753692627e-08, 0.7493357062339783, 0.6589522957801819, 0.06540601700544357, -0.24264024198055267, 0.36513203382492065, -0.8987793922424316, -0.616134524345398, 0.6576172709465027, 0.4334949553012848),
            ["RightLowerArm"] = CFrame.new(0, -2.384185791015625e-07, -1.7136335372924805e-07, 1, -1.341104365337742e-07, 1.8626454334480513e-07, 1.043081283569336e-07, -0.30829301476478577, -0.9512914419174194, 1.4156103134155273e-07, 0.9512914419174194, -0.30829307436943054),
            ["LeftHand"] = CFrame.new(1.043081283569336e-07, 2.384185791015625e-07, -4.470348358154297e-08, 0.7226947546005249, -0.029623303562402725, 0.6905322074890137, 0.13533926010131836, 0.9858054518699646, -0.09935265779495239, -0.6777873635292053, 0.16525784134864807, 0.7164456248283386),
            ["LeftFoot"] = CFrame.new(0, 5.960464477539063e-08, 9.546056389808655e-08, 0.9138630628585815, -0.33174604177474976, -0.23409238457679749, 0.4009118378162384, 0.8284739851951599, 0.3910245895385742, 0.06421856582164764, -0.45119333267211914, 0.8901126980781555),
            ["LowerTorso"] = CFrame.new(-0.14682970941066742, -1.8647325038909912, 0.17461302876472473, 0.9939821362495422, 0.05920140817761421, -0.09216687083244324, -0.10592660307884216, 0.7338491082191467, -0.671002984046936, 0.027912262827157974, 0.6767278909683228, 0.7357039451599121),
            ["RightLowerLeg"] = CFrame.new(-4.470348358154297e-08, -0.00006026029586791992, -0.00007207522139651701, 1, -2.0116557664096035e-07, -4.4703494239684005e-08, 3.129242998056725e-07, -0.2183309644460678, 0.9758748412132263, -1.4901158351676713e-07, -0.9758747816085815, -0.21833114326000214),
            ["LeftUpperLeg"] = CFrame.new(2.9802322387695312e-08, 2.2351741790771484e-08, 3.725290298461914e-09, 0.5521954298019409, 0.31020572781562805, 0.7738552689552307, 0.7381670475006104, 0.24955175817012787, -0.6267645359039307, -0.38754311203956604, 0.9173310995101929, -0.09118205308914185),
            ["LeftLowerLeg"] = CFrame.new(-1.1175870895385742e-07, 0.000060558319091796875, 0.00007200241088867188, 1, 9.033828973770142e-08, 1.4156103134155273e-07, -8.940698137394065e-08, -0.46231913566589355, 0.8867136240005493, 7.450581485102248e-09, -0.8867136240005493, -0.46231910586357117),
        }},
        {Time = 0.200, Data = {
            ["RightFoot"] = CFrame.new(1.955777406692505e-08, 2.980232238769531e-07, 2.0787410903722048e-08, 0.8883717656135559, 0.4574580788612366, 0.0390961728990078, -0.39986729621887207, 0.729059100151062, 0.555497944355011, 0.22561416029930115, -0.5091218948364258, 0.8305983543395996),
            ["LeftLowerArm"] = CFrame.new(-1.7881393432617188e-07, -5.960464477539063e-08, 3.91155481338501e-08, 1, -1.0058285937475375e-07, 1.4156104555240745e-07, 8.940698137394065e-08, -0.23499664664268494, -0.9719962477684021, 7.078052277620372e-08, 0.9719962477684021, -0.23499664664268494),
            ["RightUpperArm"] = CFrame.new(0, 0, 6.798654794692993e-08, 0.6308520436286926, -0.7718572616577148, 0.07913434505462646, 0.4983745217323303, 0.32492372393608093, -0.8037707209587097, 0.5946837067604065, 0.5464990139007568, 0.5896527767181396),
            ["Head"] = CFrame.new(-6.05359673500061e-09, 0, 7.275957614183426e-08, 0.9964959621429443, -0.08063425123691559, 0.02222324348986149, 0.08304181694984436, 0.9220638275146484, -0.3780241906642914, 0.009990448132157326, 0.37854519486427307, 0.9255289435386658),
            ["RightHand"] = CFrame.new(2.682209014892578e-07, 0, 1.043081283569336e-07, 0.4859648644924164, -0.1619853675365448, -0.8588358759880066, -0.09186025708913803, 0.967764139175415, -0.23450882732868195, 0.8691374659538269, 0.19285601377487183, 0.45541924238204956),
            ["UpperTorso"] = CFrame.new(4.6566128730773926e-09, -2.9802322387695312e-08, -5.21540641784668e-08, 0.9913606643676758, -0.13115456700325012, 0.0016163622494786978, 0.07799019664525986, 0.5993247628211975, 0.7966979146003723, -0.1054592952132225, -0.7896888256072998, 0.6043756604194641),
            ["HumanoidRootPart"] = CFrame.new(0, 0, 0, 1, 0, 0, 0, 1, 0, 0, 0, 1),
            ["RightUpperLeg"] = CFrame.new(-2.9802322387695312e-08, 3.725290298461914e-08, -5.420588422566652e-09, 0.7214937806129456, -0.1800074428319931, -0.6686123609542847, -0.6521368622779846, 0.14790363609790802, -0.7435345649719238, 0.23273208737373352, 0.9724823236465454, -0.010677098296582699),
            ["LeftUpperArm"] = CFrame.new(0, -1.1920928955078125e-07, 2.9802322387695312e-08, 0.7504615187644958, 0.6577050089836121, 0.06505102664232254, -0.24152764678001404, 0.36453866958618164, -0.8993197083473206, -0.6152006983757019, 0.659193217754364, 0.4324262738227844),
            ["RightLowerArm"] = CFrame.new(-5.960464477539063e-08, 0, 4.470348358154297e-08, 1, -1.9371512394172896e-07, 8.940698137394065e-08, 7.450581307466564e-08, -0.30890095233917236, -0.9510942697525024, 1.005828522693264e-07, 0.9510943293571472, -0.3089008331298828),
            ["LeftHand"] = CFrame.new(4.470348358154297e-08, -1.7881393432617188e-07, -4.470348358154297e-08, 0.724029541015625, -0.03161056339740753, 0.6890443563461304, 0.13727439939975739, 0.9855703115463257, -0.09903035312891006, -0.6759712100028992, 0.16628879308700562, 0.717921257019043),
            ["LeftFoot"] = CFrame.new(1.862645149230957e-08, 0, 4.7031790018081665e-08, 0.9139716625213623, -0.3314255177974701, -0.23412221670150757, 0.4005872905254364, 0.828941822052002, 0.39036470651626587, 0.06469696015119553, -0.4505690932273865, 0.8903945088386536),
            ["LowerTorso"] = CFrame.new(-0.14706414937973022, -1.864861249923706, 0.1744857132434845, 0.9939153790473938, 0.05919882282614708, -0.09288635104894638, -0.10639653354883194, 0.7341787219047546, -0.6705679297447205, 0.028498360887169838, 0.6763705015182495, 0.7360100746154785),
            ["RightLowerLeg"] = CFrame.new(2.9802322387695312e-08, -0.000060439109802246094, -0.0000721348260412924, 1, -1.862644296579674e-07, -1.2665987014770508e-07, 2.0861619987044833e-07, -0.2182472050189972, 0.975893497467041, -1.6391273049976007e-07, -0.975893497467041, -0.21824754774570465),
            ["LeftUpperLeg"] = CFrame.new(2.9802322387695312e-08, 1.862645149230957e-08, -7.450580596923828e-09, 0.5514000654220581, 0.3106054663658142, 0.7742622494697571, 0.7387822270393372, 0.24929599463939667, -0.6261408925056458, -0.3875035047531128, 0.9172654151916504, -0.0920080691576004),
            ["LeftLowerLeg"] = CFrame.new(3.725290298461914e-08, 0.000060677528381347656, 0.00007200241088867188, 1, 2.5564798988853e-07, 7.450583439094771e-08, -8.940698847936801e-08, -0.46258461475372314, 0.8865751028060913, 1.8626455755565985e-07, -0.8865751028060913, -0.46258479356765747),
        }},
        {Time = 0.233, Data = {
            ["RightFoot"] = CFrame.new(4.6566128730773926e-08, 2.384185791015625e-07, -1.6931153368204832e-08, 0.889561653137207, 0.4550793468952179, 0.03979639708995819, -0.3979797959327698, 0.7292771935462952, 0.5565661191940308, 0.2242596298456192, -0.5109379291534424, 0.8298496007919312),
            ["LeftLowerArm"] = CFrame.new(5.960464477539063e-08, -5.960464477539063e-08, 2.60770320892334e-08, 1, 1.1175868230850483e-08, 9.685756197086448e-08, 1.0430814256778831e-07, -0.23646953701972961, -0.9716389775276184, 8.568168397005138e-08, 0.9716388583183289, -0.23646962642669678),
            ["RightUpperArm"] = CFrame.new(1.1920928955078125e-07, 1.1920928955078125e-07, -4.889443516731262e-08, 0.6313576102256775, -0.7714363932609558, 0.07920415699481964, 0.498891144990921, 0.32584911584854126, -0.8030751943588257, 0.5937130451202393, 0.5465421080589294, 0.5905902981758118),
            ["Head"] = CFrame.new(1.0710209608078003e-08, 0, -6.05359673500061e-08, 0.9965360164642334, -0.07989627867937088, 0.02308128960430622, 0.08267656713724136, 0.9217930436134338, -0.378763884305954, 0.008985641412436962, 0.37936025857925415, 0.9252055287361145),
            ["RightHand"] = CFrame.new(1.6391277313232422e-07, 0, 7.450580596923828e-08, 0.4874906837940216, -0.16184411942958832, -0.8579972386360168, -0.09301554411649704, 0.9674519896507263, -0.23533987998962402, 0.8681594729423523, 0.19453328847885132, 0.4565698206424713),
            ["UpperTorso"] = CFrame.new(9.313225746154785e-10, 0, 4.7497451305389404e-08, 0.991341769695282, -0.1312989741563797, 0.0014288938837125897, 0.07827163487672806, 0.5996388792991638, 0.7964338660240173, -0.10542775690555573, -0.7894262671470642, 0.6047240495681763),
            ["HumanoidRootPart"] = CFrame.new(0, 0, 0, 1, 0, 0, 0, 1, 0, 0, 0, 1),
            ["RightUpperLeg"] = CFrame.new(0, -1.862645149230957e-09, -1.6952981241047382e-09, 0.7198556065559387, -0.18113701045513153, -0.6700714826583862, -0.6534020304679871, 0.14895273745059967, -0.7422131896018982, 0.23425158858299255, 0.9721124172210693, -0.011130011640489101),
            ["LeftUpperArm"] = CFrame.new(0, 2.384185791015625e-07, -9.313225746154785e-09, 0.750449001789093, 0.6576840281486511, 0.06540518999099731, -0.24039797484874725, 0.363800585269928, -0.8999210596084595, -0.6156583428382874, 0.6596216559410095, 0.4311198890209198),
            ["RightLowerArm"] = CFrame.new(1.7881393432617188e-07, -1.1920928955078125e-07, 7.450580596923828e-09, 1, -1.4901158351676713e-07, 1.192093321833454e-07, 7.450580596923828e-08, -0.30799391865730286, -0.9513883590698242, 1.4528632164001465e-07, 0.9513883590698242, -0.30799400806427),
            ["LeftHand"] = CFrame.new(2.9802322387695312e-08, -3.5762786865234375e-07, 2.9802322387695312e-08, 0.7243524193763733, -0.03290679305791855, 0.6886444091796875, 0.13788671791553497, 0.9855937361717224, -0.09794037789106369, -0.6755004525184631, 0.1658983677625656, 0.7184543609619141),
            ["LeftFoot"] = CFrame.new(6.51925802230835e-08, -5.960464477539063e-08, -6.239861249923706e-08, 0.9140515327453613, -0.3312314450740814, -0.2340848445892334, 0.4003283381462097, 0.8294925093650818, 0.3894604444503784, 0.06517019867897034, -0.4496976137161255, 0.8908002376556396),
            ["LowerTorso"] = CFrame.new(-0.14706414937973022, -1.8651185035705566, 0.17435839772224426, 0.9938432574272156, 0.05932685360312462, -0.09357395768165588, -0.10695015639066696, 0.7342786192893982, -0.6703704595565796, 0.02893839403986931, 0.6762508749961853, 0.736102819442749),
            ["RightLowerLeg"] = CFrame.new(9.685754776000977e-08, -0.000060439109802246094, -0.00007207522139651701, 1, -1.4901158351676713e-07, -1.4156105976326216e-07, 1.937150670983101e-07, -0.2180122435092926, 0.9759459495544434, -1.639127589214695e-07, -0.9759460687637329, -0.21801288425922394),
            ["LeftUpperLeg"] = CFrame.new(0, -3.725290298461914e-09, 3.3527612686157227e-08, 0.5508795976638794, 0.3116728663444519, 0.7742039561271667, 0.7388293743133545, 0.2493162602186203, -0.6260770559310913, -0.3881530463695526, 0.9168977737426758, -0.09292986243963242),
            ["LeftLowerLeg"] = CFrame.new(4.470348358154297e-08, 0.000060677528381347656, 0.00007215142250061035, 1, 1.3085082173347473e-07, 9.685754776000977e-08, -2.9802322387695312e-08, -0.4631121754646301, 0.8862996101379395, 1.4901161193847656e-07, -0.8862996697425842, -0.46311241388320923),
        }},
        {Time = 0.267, Data = {
            ["RightFoot"] = CFrame.new(3.5390257835388184e-08, 3.5762786865234375e-07, -5.9306330513209105e-08, 0.8899660706520081, 0.4542143940925598, 0.040631040930747986, -0.3974144160747528, 0.728798508644104, 0.5575960874557495, 0.22365662455558777, -0.5123885869979858, 0.8291175365447998),
            ["LeftLowerArm"] = CFrame.new(-5.960464477539063e-08, 5.960464477539063e-08, -1.30385160446167e-07, 1, -1.3783575525394554e-07, 2.4586918812019576e-07, 1.0430811414607888e-07, -0.2391522079706192, -0.9709820747375488, 1.0058282384761696e-07, 0.9709821343421936, -0.23915231227874756),
            ["RightUpperArm"] = CFrame.new(0, 1.1920928955078125e-07, 5.075708031654358e-08, 0.6311904788017273, -0.7715008854866028, 0.07990716397762299, 0.4996565878391266, 0.3256490230560303, -0.802680492401123, 0.5932469367980957, 0.546570360660553, 0.591032087802887),
            ["Head"] = CFrame.new(8.672941476106644e-09, 1.1920928955078125e-07, 4.959292709827423e-08, 0.9965388178825378, -0.07943972945213318, 0.02449123002588749, 0.08277872204780579, 0.9212611317634583, -0.38003379106521606, 0.007626962848007679, 0.3807458281517029, 0.9246484041213989),
            ["RightHand"] = CFrame.new(-1.043081283569336e-07, 1.7881393432617188e-07, 2.086162567138672e-07, 0.4840298593044281, -0.16398274898529053, -0.8595490455627441, -0.09344260394573212, 0.9669815301895142, -0.23709800839424133, 0.8700481057167053, 0.1950809508562088, 0.45272523164749146),
            ["UpperTorso"] = CFrame.new(-9.313225746154785e-10, 5.960464477539063e-08, 2.7008354663848877e-08, 0.9912686347961426, -0.13185295462608337, 0.0011935587972402573, 0.07883752882480621, 0.5999066233634949, 0.7961763739585876, -0.1056942343711853, -0.7891305088996887, 0.6050634980201721),
            ["HumanoidRootPart"] = CFrame.new(0, 0, 0, 1, 0, 0, 0, 1, 0, 0, 0, 1),
            ["RightUpperLeg"] = CFrame.new(-5.960464477539063e-08, 1.1175870895385742e-08, -3.894820110872388e-08, 0.7186776995658875, -0.18115325272083282, -0.6713302135467529, -0.6544107794761658, 0.1501518040895462, -0.7410821318626404, 0.23505109548568726, 0.971924901008606, -0.010636728256940842),
            ["LeftUpperArm"] = CFrame.new(0, 0, 4.190951585769653e-08, 0.7495490908622742, 0.6585712432861328, 0.06678484380245209, -0.23909851908683777, 0.36343833804130554, -0.9004135131835938, -0.617258608341217, 0.6589359045028687, 0.4298783242702484),
            ["RightLowerArm"] = CFrame.new(1.1920928955078125e-07, -1.7881393432617188e-07, 5.960464477539063e-08, 1, -8.940695295223122e-08, 7.450581307466564e-08, -7.450579886381092e-08, -0.30713576078414917, -0.9516657590866089, 1.601874686230076e-07, 0.9516656994819641, -0.3071357309818268),
            ["LeftHand"] = CFrame.new(0, 0, -1.4901161193847656e-08, 0.7238218784332275, -0.0334031917154789, 0.6891777515411377, 0.1381453275680542, 0.985619068145752, -0.0973186269402504, -0.676016092300415, 0.16564804315567017, 0.7180271744728088),
            ["LeftFoot"] = CFrame.new(0, 0, 7.962808012962341e-08, 0.9140301942825317, -0.331195205450058, -0.2342195063829422, 0.40034419298171997, 0.8295676708221436, 0.389283686876297, 0.06537190079689026, -0.449585497379303, 0.890842080116272),
            ["LowerTorso"] = CFrame.new(-0.14682970941066742, -1.8652470111846924, 0.17423108220100403, 0.9937925934791565, 0.05944220721721649, -0.09403776377439499, -0.10734277963638306, 0.734391987323761, -0.670183539390564, 0.029223399236798286, 0.6761177182197571, 0.7362139225006104),
            ["RightLowerLeg"] = CFrame.new(2.9802322387695312e-08, -0.000060439109802246094, -0.00007209012255771086, 1, -8.940694584680386e-08, -1.2665985593685036e-07, 1.4901161193847656e-07, -0.21695125102996826, 0.9761823415756226, -1.341104507446289e-07, -0.9761824607849121, -0.21695201098918915),
            ["LeftUpperLeg"] = CFrame.new(0, 2.60770320892334e-08, 0, 0.5506112575531006, 0.31214261054992676, 0.7742056250572205, 0.7390598058700562, 0.24890513718128204, -0.6259688138961792, -0.38809528946876526, 0.916849672794342, -0.0936417207121849),
