return {
    ["Entertainer"] = {
        {Time = 0.000, Data = {
            ["RightHand"] = CFrame.new(2.9802322387695312e-08, -5.960464477539063e-08, 5.21540641784668e-08, 0.38988539576530457, 0.9166469573974609, -0.08801978826522827, -0.820728063583374, 0.38924500346183777, 0.4182035028934479, 0.4176061153411865, -0.09081120789051056, 0.9040787220001221),
            ["LeftLowerArm"] = CFrame.new(-2.384185791015625e-07, -2.384185791015625e-07, -2.9802322387695312e-08, 1, -1.1175872671742582e-08, 6.426122212133123e-08, 3.46451997756958e-07, -0.5016613006591797, -0.8650643825531006, 2.3096799850463867e-07, 0.8650641441345215, -0.5016608834266663),
            ["RightUpperArm"] = CFrame.new(0, -2.384185791015625e-07, -1.7462298274040222e-08, 0.8109864592552185, -0.5410977005958557, 0.2225184440612793, 0.4434277415275574, 0.8165766000747681, 0.369559645652771, -0.381671279668808, -0.20103725790977478, 0.9021704196929932),
            ["Head"] = CFrame.new(-4.773028194904327e-09, -1.1920928955078125e-07, -2.6775524020195007e-09, 0.9952442646026611, -0.03694292530417442, -0.09013403952121735, 0.01583031564950943, 0.9743337631225586, -0.22455118596553802, 0.09611619263887405, 0.22205649316310883, 0.9702848792076111),
            ["RightFoot"] = CFrame.new(-4.470348358154297e-08, 4.76837158203125e-07, 7.523703970946372e-08, 0.9451123476028442, 0.2113465666770935, -0.2491896152496338, -0.30209895968437195, 0.8557843565940857, -0.4199633300304413, 0.12449462711811066, 0.4721927046775818, 0.8726599812507629),
            ["UpperTorso"] = CFrame.new(9.313225746154785e-10, -8.940696716308594e-08, -2.994784153997898e-08, 0.9992881417274475, 0.031289320439100266, 0.021076159551739693, -0.036310359835624695, 0.9492952823638916, 0.3122820258140564, -0.010236394591629505, -0.31282493472099304, 0.9497557282447815),
            ["HumanoidRootPart"] = CFrame.new(0, 0, 0, 1, 0, 0, 0, 1, 0, 0, 0, 1),
            ["RightUpperLeg"] = CFrame.new(1.1920928955078125e-07, -3.91155481338501e-08, 1.197986421175301e-08, 0.9726959466934204, -0.11849459260702133, 0.1995539665222168, 0.12193003296852112, 0.9925262928009033, -0.004970260430127382, -0.19747363030910492, 0.02916618436574936, 0.9798742532730103),
            ["LeftUpperArm"] = CFrame.new(5.960464477539063e-08, -3.5762786865234375e-07, -2.9802322387695312e-08, 0.9354248642921448, 0.31967705488204956, 0.150954008102417, -0.3428383469581604, 0.9244875907897949, 0.16668720543384552, -0.08626902848482132, -0.20767630636692047, 0.9743860960006714),
            ["RightLowerArm"] = CFrame.new(-2.682209014892578e-07, 2.980232238769531e-07, 1.0244548320770264e-07, 1, -1.3411046495548362e-07, 2.384185791015625e-07, 8.940695295223122e-08, -0.5634848475456238, -0.8261263966560364, -7.450579886381092e-08, 0.8261264562606812, -0.5634849071502686),
            ["LeftHand"] = CFrame.new(9.12696123123169e-08, 1.1920928955078125e-07, 2.4586915969848633e-07, -0.09252700209617615, -0.9915767312049866, -0.09063363820314407, 0.912578821182251, -0.1208602637052536, 0.3906313478946686, -0.39829471707344055, -0.04656622186303139, 0.9160746932029724),
            ["LeftFoot"] = CFrame.new(-2.0489096641540527e-08, -5.960464477539063e-08, 4.522394192463253e-08, 0.985191285610199, -0.17061296105384827, -0.017015205696225166, 0.14474605023860931, 0.8807874321937561, -0.45084619522094727, 0.09190671145915985, 0.4417068660259247, 0.8924394249916077),
            ["LowerTorso"] = CFrame.new(0.010567797347903252, -0.19627487659454346, 0.26855605840682983, 0.9988712072372437, -0.008983755484223366, 0.0466451458632946, 0.014790582470595837, 0.9919606447219849, -0.12567980587482452, -0.0451410748064518, 0.12622782588005066, 0.9909737706184387),
            ["RightLowerLeg"] = CFrame.new(6.146728992462158e-08, -1.1920928955078125e-07, 1.412263372913003e-08, 1, -6.258487701416016e-07, -4.470349495022674e-07, 6.593765533580154e-07, 0.7806286215782166, 0.6249949336051941, 1.862645504502325e-08, -0.624995231628418, 0.7806287407875061),
            ["LeftUpperLeg"] = CFrame.new(-1.1920928955078125e-07, -1.695007085800171e-07, 1.30385160446167e-08, 0.9841324090957642, 0.13934512436389923, -0.10984700173139572, -0.14510107040405273, 0.9883360266685486, -0.04623565450310707, 0.10212307423353195, 0.06144086644053459, 0.9928725957870483),
            ["LeftLowerLeg"] = CFrame.new(-1.126900315284729e-07, -3.5762786865234375e-07, -1.935032400979253e-08, 1, -2.9429796200020064e-07, -3.315508081414009e-07, 6.244518431230972e-07, 0.6796957850456238, 0.7334941029548645, 1.1548401346317405e-07, -0.7334941625595093, 0.6796959042549133),
        }},
        {Time = 0.017, Data = {
            ["RightHand"] = CFrame.new(-1.4901161193847656e-07, 0, 4.76837158203125e-07, 0.3643837571144104, 0.9305192828178406, -0.03684898838400841, -0.8426315188407898, 0.3462982177734375, 0.4123711884021759, 0.3964805006980896, -0.11921171844005585, 0.9102703332901001),
            ["LeftLowerArm"] = CFrame.new(5.960464477539063e-08, 1.1920928955078125e-07, 2.9802322387695312e-08, 1, 1.8253930988976208e-07, -1.955776696149769e-07, 3.017484857537056e-07, -0.5600388050079346, -0.8284669518470764, 4.3213361777816317e-07, 0.8284664750099182, -0.5600379705429077),
            ["RightUpperArm"] = CFrame.new(0, 3.5762786865234375e-07, -2.537854015827179e-08, 0.7864415645599365, -0.580551028251648, 0.21087980270385742, 0.46291136741638184, 0.7800219058990479, 0.4210449457168579, -0.40892884135246277, -0.23350867629051208, 0.8821852803230286),
            ["Head"] = CFrame.new(-2.9103830456733704e-09, 1.1920928955078125e-07, -5.727633833885193e-08, 0.9927952289581299, -0.05966142565011978, -0.10391458123922348, 0.034065116196870804, 0.9719772338867188, -0.23259380459785461, 0.11487941443920135, 0.2273779958486557, 0.9670066833496094),
            ["RightFoot"] = CFrame.new(-1.1175870895385742e-08, 4.172325134277344e-07, -1.4169927453622222e-08, 0.9479075074195862, 0.20617984235286713, -0.2428198754787445, -0.3029129207134247, 0.8192919492721558, -0.48683106899261475, 0.0985654890537262, 0.535024106502533, 0.8390673398971558),
            ["UpperTorso"] = CFrame.new(0, -2.384185791015625e-07, 1.2223608791828156e-08, 0.9981377720832825, 0.06031545624136925, -0.009112030267715454, -0.055745676159858704, 0.9625793695449829, 0.265204519033432, 0.024766994640231133, -0.2642025947570801, 0.9641491770744324),
            ["HumanoidRootPart"] = CFrame.new(0, 0, 0, 1, 0, 0, 0, 1, 0, 0, 0, 1),
            ["RightUpperLeg"] = CFrame.new(1.1920928955078125e-07, 2.7939677238464355e-08, -3.831155481748283e-08, 0.9855120182037354, -0.10975899547338486, 0.12930241227149963, 0.11181739717721939, 0.9936902523040771, -0.008747045882046223, -0.12752637267112732, 0.023078536614775658, 0.9915666580200195),
            ["LeftUpperArm"] = CFrame.new(0, 2.384185791015625e-07, 7.450580596923828e-09, 0.9006485939025879, 0.4054466485977173, 0.15634967386722565, -0.4240592420101166, 0.8986238241195679, 0.1124674379825592, -0.09489995986223221, -0.16759517788887024, 0.9812777042388916),
            ["RightLowerArm"] = CFrame.new(1.1920928955078125e-07, 2.384185791015625e-07, -1.862645149230957e-09, 1, -4.0046899130175007e-08, 2.980233944072097e-07, 1.1920928955078125e-07, -0.6338250041007996, -0.7734769582748413, -7.450580596923828e-08, 0.7734764814376831, -0.6338244080543518),
            ["LeftHand"] = CFrame.new(2.3096799850463867e-07, 1.1920928955078125e-07, 8.940696716308594e-08, -0.12027274072170258, -0.9925432801246643, -0.019810698926448822, 0.8988510966300964, -0.1173468753695488, 0.42225149273872375, -0.42142757773399353, 0.03297819197177887, 0.9062623381614685),
            ["LeftFoot"] = CFrame.new(-3.725290298461914e-09, 0, -3.204831955372356e-09, 0.9847592711448669, -0.16651636362075806, -0.05021514371037483, 0.1117280051112175, 0.8269349932670593, -0.5510861277580261, 0.1332893818616867, 0.5370763540267944, 0.83293616771698),
            ["LowerTorso"] = CFrame.new(0.02174687758088112, -0.22987186908721924, 0.2799968123435974, 0.9957091808319092, -0.02921806462109089, 0.08780484646558762, 0.036766935139894485, 0.9956488609313965, -0.08562438189983368, -0.08492102473974228, 0.08848529309034348, 0.9924508929252625),
            ["RightLowerLeg"] = CFrame.new(-6.891787052154541e-08, 1.1920928955078125e-07, -2.313026925548911e-08, 1, -6.183982463880966e-07, -4.023314090773056e-07, 6.854538128209242e-07, 0.8090882301330566, 0.5876868367195129, -9.685760460342863e-08, -0.5876871943473816, 0.8090885877609253),
            ["LeftUpperLeg"] = CFrame.new(-5.960464477539063e-08, -7.82310962677002e-08, 3.725290298461914e-09, 0.9785694479942322, 0.18259890377521515, -0.09518208354711533, -0.19342857599258423, 0.9736524820327759, -0.12077358365058899, 0.07062111049890518, 0.13659612834453583, 0.9881064295768738),
            ["LeftLowerLeg"] = CFrame.new(-5.8673322200775146e-08, -5.960464477539063e-08, 1.4410119320018566e-08, 1, -2.9988595429131237e-07, -4.6752387561355135e-07, 6.030315375937789e-07, 0.6386401653289795, 0.7695055603981018, 3.632158751543102e-08, -0.7695055603981018, 0.6386401653289795),
        }},
        {Time = 0.033, Data = {
            ["RightHand"] = CFrame.new(-1.7881393432617188e-07, -1.1920928955078125e-07, -2.8312206268310547e-07, 0.3205978274345398, 0.9464953541755676, 0.03693007677793503, -0.8327155709266663, 0.26304736733436584, 0.48722803592681885, 0.45144420862197876, -0.18695645034313202, 0.8724936246871948),
            ["LeftLowerArm"] = CFrame.new(-5.960464477539063e-08, -3.5762786865234375e-07, -2.9802322387695312e-08, 1, -9.313227167240257e-08, 1.750885871842911e-07, 2.067535831429268e-07, -0.598860502243042, -0.800853431224823, 2.9802318834981634e-08, 0.8008534908294678, -0.5988603234291077),
            ["RightUpperArm"] = CFrame.new(-5.960464477539063e-08, -5.960464477539062e-07, 1.210719347000122e-08, 0.7675345540046692, -0.6238119602203369, 0.1474771350622177, 0.5179187059402466, 0.7390742897987366, 0.4307306408882141, -0.37769177556037903, -0.25422003865242004, 0.8903492093086243),
            ["Head"] = CFrame.new(-4.656612873077393e-10, -2.384185791015625e-07, 4.6100467443466187e-08, 0.9927659034729004, -0.06542545557022095, -0.10067526251077652, 0.04111658036708832, 0.9730501770973206, -0.2268984615802765, 0.11280703544616699, 0.22111743688583374, 0.9687010645866394),
            ["RightFoot"] = CFrame.new(-8.568167686462402e-08, 2.384185791015625e-07, -8.588176569901407e-08, 0.9600487351417542, 0.24024929106235504, -0.1434813141822815, -0.27968016266822815, 0.8407488465309143, -0.4635947644710541, 0.009253258816897869, 0.48520272970199585, 0.8743529915809631),
            ["UpperTorso"] = CFrame.new(-1.1175870895385742e-08, -2.980232238769531e-07, -2.3283064365386963e-09, 0.9947916269302368, 0.10129591822624207, -0.011347767896950245, -0.09533660113811493, 0.9640520215034485, 0.24802172183990479, 0.03606339916586876, -0.2456476241350174, 0.9686880707740784),
            ["HumanoidRootPart"] = CFrame.new(0, 0, 0, 1, 0, 0, 0, 1, 0, 0, 0, 1),
            ["RightUpperLeg"] = CFrame.new(-5.960464477539063e-08, -2.3283064365386963e-07, 1.7567799659445882e-08, 0.9939585328102112, -0.10935608297586441, 0.009364448487758636, 0.1097322329878807, 0.9919072985649109, -0.06386484205722809, -0.002304766094312072, 0.06450648605823517, 0.9979146718978882),
            ["LeftUpperArm"] = CFrame.new(-5.960464477539063e-08, -4.76837158203125e-07, 8.195638656616211e-08, 0.8577725291252136, 0.4945479929447174, 0.14017513394355774, -0.5032649636268616, 0.8634960055351257, 0.0331498347222805, -0.10464625805616379, -0.0989806205034256, 0.9895716905593872),
            ["RightLowerArm"] = CFrame.new(5.960464477539063e-08, 3.5762786865234375e-07, -2.7939677238464355e-07, 1, 8.381907434795721e-08, 4.02331437499015e-07, -5.960467319710006e-08, -0.6957483887672424, -0.7182852625846863, 1.192093463942001e-07, 0.7182856202125549, -0.6957488656044006),
            ["LeftHand"] = CFrame.new(-1.1920928955078125e-07, 5.960464477539063e-08, 3.427267074584961e-07, -0.08391565829515457, -0.9957274198532104, -0.038538847118616104, 0.934039294719696, -0.09207359701395035, 0.3450988829135895, -0.3471725881099701, -0.007037120405584574, 0.9377748370170593),
            ["LeftFoot"] = CFrame.new(4.470348358154297e-08, -5.960464477539063e-08, -7.771063792461064e-08, 0.9825668931007385, -0.16380652785301208, -0.08791843801736832, 0.0766700804233551, 0.7878623008728027, -0.6110602617263794, 0.16936345398426056, 0.5936669111251831, 0.7866865396499634),
            ["LowerTorso"] = CFrame.new(0.03541167825460434, -0.2370162010192871, 0.31879186630249023, 0.9918507933616638, -0.06308631598949432, 0.11068956553936005, 0.06856362521648407, 0.9965676069259644, -0.04639212042093277, -0.10738291591405869, 0.05360334739089012, 0.9927716851234436),
            ["RightLowerLeg"] = CFrame.new(-3.91155481338501e-08, 0, -3.803143044933677e-08, 1, -5.774200531050155e-07, -2.73808922202079e-07, 6.211923277987808e-07, 0.8244578838348389, 0.5659230947494507, -1.3038519597330378e-08, -0.5659235119819641, 0.8244580626487732),
            ["LeftUpperLeg"] = CFrame.new(0, -1.6391277313232422e-07, -2.60770320892334e-08, 0.968430757522583, 0.2329600304365158, -0.08872104436159134, -0.24652469158172607, 0.9478018879890442, -0.20223087072372437, 0.03697827085852623, 0.21771851181983948, 0.9753109216690063),
            ["LeftLowerLeg"] = CFrame.new(1.2759119272232056e-07, 1.1920928955078125e-07, -7.010740432633611e-08, 1, -2.3841863594498136e-07, -5.662443527398864e-07, 5.457550855680893e-07, 0.6113444566726685, 0.7913645505905151, -2.6077035641947077e-08, -0.7913645505905151, 0.6113447546958923),
        }},
        {Time = 0.050, Data = {
            ["RightHand"] = CFrame.new(-2.9802322387695312e-08, 0, 5.960464477539063e-08, 0.2807510793209076, 0.9597361087799072, -0.00922741461545229, -0.8179492950439453, 0.24428275227546692, 0.5208505392074585, 0.5021333694458008, -0.13868215680122375, 0.8535981178283691),
            ["LeftLowerArm"] = CFrame.new(0, -6.556510925292969e-07, 1.4901161193847656e-07, 1, 2.7567151050789107e-07, -2.2817392419938187e-08, 2.0861622829215776e-07, -0.6021475791931152, -0.7983853220939636, 4.861503271058609e-07, 0.7983847856521606, -0.6021469235420227),
            ["RightUpperArm"] = CFrame.new(-5.960464477539063e-08, -8.344650268554688e-07, 3.3527612686157227e-08, 0.75638347864151, -0.6532215476036072, 0.03443528339266777, 0.5895155072212219, 0.7035380601882935, 0.3968697190284729, -0.2834703326225281, -0.2798856496810913, 0.9172288775444031),
            ["Head"] = CFrame.new(-1.618172973394394e-08, -5.960464477539062e-07, 8.335337042808533e-08, 0.9930934309959412, -0.07542546093463898, -0.08986952155828476, 0.051526378840208054, 0.9685354828834534, -0.24348297715187073, 0.10540662705898285, 0.23717083036899567, 0.9657326936721802),
            ["RightFoot"] = CFrame.new(3.632158041000366e-08, 2.384185791015625e-07, -1.4169927453622222e-08, 0.9606448411941528, 0.2746100425720215, -0.04184523969888687, -0.26624810695648193, 0.8673033118247986, -0.4205906093120575, -0.07920585572719574, 0.41517990827560425, 0.9062850475311279),
            ["UpperTorso"] = CFrame.new(1.955777406692505e-08, 1.4901161193847656e-07, -4.9243681132793427e-08, 0.9964289665222168, 0.0844099149107933, 0.00209227716550231, -0.08263570815324783, 0.969796895980835, 0.2294892817735672, 0.017342079430818558, -0.22884269058704376, 0.9733090400695801),
            ["HumanoidRootPart"] = CFrame.new(0, 0, 0, 1, 0, 0, 0, 1, 0, 0, 0, 1),
            ["RightUpperLeg"] = CFrame.new(0, 2.3329630494117737e-07, -3.0860974220559e-08, 0.9843558669090271, -0.16730435192584991, -0.05525430664420128, 0.15804235637187958, 0.9770435094833374, -0.14285911619663239, 0.07788677513599396, 0.1318916529417038, 0.9881995320320129),
            ["LeftUpperArm"] = CFrame.new(0, -5.960464477539062e-07, 1.2665987014770508e-07, 0.8174349665641785, 0.5588943958282471, 0.13941825926303864, -0.570501983165741, 0.8189554214477539, 0.061963003128767014, -0.07954657077789307, -0.13018907606601715, 0.9882931113243103),
            ["RightLowerArm"] = CFrame.new(-2.682209014892578e-07, 4.172325134277344e-07, 1.957523636519909e-07, 1, -3.4086434652635944e-07, 2.3841872121010965e-07, 3.2782563152977673e-07, -0.7118403315544128, -0.7023414969444275, -1.8626455755565985e-07, 0.7023414373397827, -0.7118402719497681),
            ["LeftHand"] = CFrame.new(1.2153759598731995e-07, 0, -1.862645149230957e-07, 0.014571902342140675, -0.9993753433227539, -0.03219780698418617, 0.9521166086196899, 0.0040344069711863995, 0.3057086169719696, -0.3053878843784332, -0.035110946744680405, 0.9515806436538696),
            ["LeftFoot"] = CFrame.new(5.587935447692871e-08, 0, 1.16963292384753e-08, 0.9818550944328308, -0.15220481157302856, -0.11311157792806625, 0.06688991189002991, 0.8361169099807739, -0.5444574952125549, 0.17744354903697968, 0.5270127058029175, 0.8311269283294678),
            ["LowerTorso"] = CFrame.new(0.027062460780143738, -0.2136310338973999, 0.35199424624443054, 0.993358314037323, -0.04521244019269943, 0.1058073416352272, 0.04653210937976837, 0.9988663792610168, -0.010035848245024681, -0.10523364692926407, 0.014892631210386753, 0.9943360090255737),
            ["RightLowerLeg"] = CFrame.new(-2.7939677238464355e-09, 0, -3.430614015087485e-08, 1, -5.513429073289444e-07, -5.159528768672317e-07, 6.265474326028198e-07, 0.8201040029525757, 0.5722141265869141, -4.656613938891496e-08, -0.5722144246101379, 0.8201043009757996),
            ["LeftUpperLeg"] = CFrame.new(0, 2.0442530512809753e-07, -9.313225746154785e-09, 0.9757038950920105, 0.21072550117969513, -0.05997304990887642, -0.21906055510044098, 0.9430408477783203, -0.25037235021591187, 0.0037972661666572094, 0.2574271261692047, 0.9662903547286987),
            ["LeftLowerLeg"] = CFrame.new(7.450580596923828e-09, -5.960464477539063e-08, -2.540392074479314e-08, 1, -1.713633110966839e-07, -5.438924404188583e-07, 5.625191761282622e-07, 0.6423852443695068, 0.7663819789886475, -1.341105360097572e-07, -0.7663819193840027, 0.6423851847648621),
        }},
        {Time = 0.067, Data = {
            ["RightHand"] = CFrame.new(1.043081283569336e-07, 1.7881393432617188e-07, 1.341104507446289e-07, 0.25912928581237793, 0.9620709419250488, -0.08527427166700363, -0.8261910080909729, 0.26652607321739197, 0.4963592290878296, 0.5002604722976685, -0.058168698102235794, 0.8639189004898071),
            ["LeftLowerArm"] = CFrame.new(-3.8743019104003906e-07, 3.5762786865234375e-07, 1.4901161193847656e-07, 1, -1.7136336794010276e-07, 1.2805679716620944e-07, 5.215402438807359e-07, -0.589774489402771, -0.8075684309005737, 2.272425518867749e-07, 0.8075680136680603, -0.589773952960968),
            ["RightUpperArm"] = CFrame.new(0, 2.384185791015625e-07, 4.0978193283081055e-08, 0.7484384179115295, -0.6534010171890259, -0.11361023038625717, 0.6537176966667175, 0.6979563236236572, 0.2924211323261261, -0.11177332699298859, -0.2931283116340637, 0.9495170712471008),
            ["Head"] = CFrame.new(2.561137080192566e-09, 0, 1.885928213596344e-08, 0.9956983923912048, -0.06881889700889587, -0.062038615345954895, 0.04949504882097244, 0.9610930681228638, -0.2717541456222534, 0.07832667231559753, 0.2675146162509918, 0.9603650569915771),
            ["RightFoot"] = CFrame.new(1.4901161193847656e-08, 4.172325134277344e-07, -4.856701707467437e-09, 0.9557937383651733, 0.29111379384994507, -0.041368793696165085, -0.2904834449291229, 0.9130351543426514, -0.28633183240890503, -0.04558398947119713, 0.285691499710083, 0.9572371244430542),
            ["UpperTorso"] = CFrame.new(1.210719347000122e-08, -1.1920928955078125e-07, 4.202593117952347e-08, 0.9977134466171265, 0.06613374501466751, 0.013935202732682228, -0.06748190522193909, 0.9633337259292603, 0.2596814036369324, 0.003749448573216796, -0.26002809405326843, 0.9655937552452087),
            ["HumanoidRootPart"] = CFrame.new(0, 0, 0, 1, 0, 0, 0, 1, 0, 0, 0, 1),
            ["RightUpperLeg"] = CFrame.new(5.960464477539063e-08, -2.3283064365386963e-08, -1.5959813026711345e-08, 0.9836373329162598, -0.18015925586223602, -0.00044538674410432577, 0.17694564163684845, 0.9665508270263672, -0.18566063046455383, 0.03387891501188278, 0.18254399299621582, 0.9826138019561768),
            ["LeftUpperArm"] = CFrame.new(0, 0, 0, 0.7818688154220581, 0.5973672866821289, 0.17842033505439758, -0.6221370100975037, 0.7661123275756836, 0.16129960119724274, -0.040334902703762054, -0.23711693286895752, 0.9706434011459351),
            ["RightLowerArm"] = CFrame.new(-1.4901161193847656e-07, 4.76837158203125e-07, 4.284083843231201e-08, 1, 3.073367054184928e-07, 3.874304184137145e-07, -2.9802322387695312e-08, -0.6890383362770081, -0.724725067615509, 2.7008354663848877e-07, 0.7247248888015747, -0.6890382766723633),
            ["LeftHand"] = CFrame.new(-3.594905138015747e-07, 5.960464477539063e-08, 1.825392246246338e-07, 0.16258670389652252, -0.985420823097229, 0.050112392753362656, 0.9428718686103821, 0.17013324797153473, 0.2864392101764679, -0.2907889485359192, 0.0006782642449252307, 0.956787109375),
            ["LeftFoot"] = CFrame.new(6.332993507385254e-08, -5.960464477539063e-08, -1.8105993149220012e-08, 0.9805707335472107, -0.14403831958770752, -0.1331702172756195, 0.07761301845312119, 0.9083357453346252, -0.41097763180732727, 0.18015962839126587, 0.39265677332878113, 0.9018663763999939),
            ["LowerTorso"] = CFrame.new(0.02150566130876541, -0.1707535982131958, 0.3831121623516083, 0.9949358701705933, -0.02799798920750618, 0.09653454273939133, 0.028556570410728455, 0.9995825290679932, -0.004409364424645901, -0.09637077897787094, 0.007143729832023382, 0.9953199625015259),
            ["RightLowerLeg"] = CFrame.new(4.6566128730773926e-08, 1.1920928955078125e-07, 6.6720531322062016e-09, 1, -5.979090929031372e-07, -4.172327123797004e-07, 6.174670375003188e-07, 0.8147494196891785, 0.5798131227493286, -4.097820394122209e-08, -0.5798132419586182, 0.814749538898468),
            ["LeftUpperLeg"] = CFrame.new(-1.1920928955078125e-07, -1.9185245037078857e-07, -9.313225746154785e-10, 0.9810892343521118, 0.19005119800567627, -0.03666916862130165, -0.19285665452480316, 0.9437438249588013, -0.2686149775981903, -0.01644427329301834, 0.2706071734428406, 0.9625495076179504),
            ["LeftLowerLeg"] = CFrame.new(7.264316082000732e-08, 1.1920928955078125e-07, 1.1848982239826e-08, 1, -2.6822092991096724e-07, -3.2782554626464844e-07, 5.718321176573227e-07, 0.6759872436523438, 0.7369135022163391, -3.725290742551124e-09, -0.7369133830070496, 0.6759870052337646),
        }},
        {Time = 0.083, Data = {
            ["RightHand"] = CFrame.new(2.1606683731079102e-07, -5.960464477539063e-08, -2.9802322387695312e-08, 0.2858745753765106, 0.9462610483169556, -0.15121275186538696, -0.8285572528839111, 0.32335910201072693, 0.4570907950401306, 0.48142343759536743, -0.005382546689361334, 0.8764718174934387),
            ["LeftLowerArm"] = CFrame.new(-2.086162567138672e-07, -1.1920928955078125e-07, -5.960464477539063e-08, 1, 1.3783575525394554e-07, 6.426122922675859e-08, 1.2665982751514093e-07, -0.5934033393859863, -0.8049057126045227, 3.799794683345681e-07, 0.8049052357673645, -0.5934028625488281),
            ["RightUpperArm"] = CFrame.new(0, 1.1920928955078125e-07, 7.450580596923828e-09, 0.7145811319351196, -0.6476743221282959, -0.2643706500530243, 0.6931016445159912, 0.7066917419433594, 0.14211581647396088, 0.09478384256362915, -0.28478896617889404, 0.9538927674293518),
            ["Head"] = CFrame.new(9.778887033462524e-09, 0, 7.404014468193054e-08, 0.9976902604103088, -0.05816833674907684, -0.035080838948488235, 0.0445978082716465, 0.9504604935646057, -0.3076294958591461, 0.051237210631370544, 0.3053544759750366, 0.9508593082427979),
            ["RightFoot"] = CFrame.new(5.21540641784668e-08, 3.5762786865234375e-07, -2.720844349823892e-08, 0.9527791738510132, 0.29223018884658813, -0.08254482597112656, -0.3004757761955261, 0.9465633034706116, -0.1171833872795105, 0.04388931393623352, 0.1364535540342331, 0.9896739721298218),
            ["UpperTorso"] = CFrame.new(7.450580596923828e-09, -4.470348358154297e-07, -2.922024577856064e-08, 0.9989798665046692, 0.04358983412384987, 0.01180306263267994, -0.04508155211806297, 0.9472385048866272, 0.31734350323677063, 0.00265267351642251, -0.3175518810749054, 0.9482372999191284),
            ["HumanoidRootPart"] = CFrame.new(0, 0, 0, 1, 0, 0, 0, 1, 0, 0, 0, 1),
            ["RightUpperLeg"] = CFrame.new(1.1920928955078125e-07, -2.7869828045368195e-07, -4.0174199966713786e-08, 0.9813442826271057, -0.17819230258464813, 0.07218664884567261, 0.19063101708889008, 0.9505975842475891, -0.24499846994876862, -0.024963457137346268, 0.2541889250278473, 0.9668324589729309),
            ["LeftUpperArm"] = CFrame.new(-1.1920928955078125e-07, 1.1920928955078125e-07, 8.940696716308594e-08, 0.7400009036064148, 0.6354276537895203, 0.2205231785774231, -0.6719782948493958, 0.7126057147979736, 0.20158949494361877, -0.029050655663013458, -0.29736313223838806, 0.9543224573135376),
            ["RightLowerArm"] = CFrame.new(2.980232238769531e-07, 4.172325134277344e-07, -2.2351741790771484e-07, 1, -3.5390277730584785e-07, 1.3038520307873114e-07, 4.3213378830841975e-07, -0.64533531665802, -0.7638998627662659, -1.0430815677864302e-07, 0.7638993859291077, -0.6453348994255066),
            ["LeftHand"] = CFrame.new(5.62518835067749e-07, -1.1920928955078125e-07, -3.725290298461914e-09, 0.3128218650817871, -0.9340909123420715, 0.1720936894416809, 0.8955670595169067, 0.35043007135391235, 0.2741517126560211, -0.31638941168785095, 0.06836050003767014, 0.9461631178855896),
            ["LeftFoot"] = CFrame.new(-2.2351741790771484e-08, -1.1920928955078125e-07, 3.4048071029246785e-08, 0.9784917831420898, -0.14728619158267975, -0.14443303644657135, 0.11551063507795334, 0.9712986350059509, -0.20793326199054718, 0.17091327905654907, 0.18677759170532227, 0.9674208164215088),
            ["LowerTorso"] = CFrame.new(0.01786138489842415, -0.11644446849822998, 0.4224686026573181, 0.9960392713546753, -0.00738149369135499, 0.08860839158296585, 0.008287275210022926, 0.9999171495437622, -0.009858762845396996, -0.08852828294038773, 0.010554037056863308, 0.9960177540779114),
            ["RightLowerLeg"] = CFrame.new(9.872019290924072e-08, 0, 6.255140760913491e-08, 1, -5.029139060752641e-07, -6.482004550889542e-07, 7.748609505142667e-07, 0.7800015211105347, 0.6257772445678711, -2.3469345933335717e-07, -0.6257776021957397, 0.7800018191337585),
            ["LeftUpperLeg"] = CFrame.new(-5.960464477539063e-08, -2.1723099052906036e-07, -8.195638656616211e-08, 0.9863696694374084, 0.16251510381698608, -0.025765767320990562, -0.16320593655109406, 0.9463388919830322, -0.2789381444454193, -0.020948467776179314, 0.2793414294719696, 0.9599633812904358),
            ["LeftLowerLeg"] = CFrame.new(7.264316082000732e-08, -2.384185791015625e-07, 1.1848982239826e-08, 1, -2.6449555434737704e-07, -5.066394805908203e-07, 5.085024099571456e-07, 0.7190197110176086, 0.6949898600578308, -7.078055830334051e-08, -0.6949897408485413, 0.7190195322036743),
        }},
        {Time = 0.100, Data = {
            ["RightHand"] = CFrame.new(5.774199962615967e-08, 0, 1.341104507446289e-07, 0.3943122625350952, 0.8890273571014404, -0.23269754648208618, -0.8028125762939453, 0.45647063851356506, 0.38357141613960266, 0.4472247362136841, 0.035565488040447235, 0.8937141299247742),
            ["LeftLowerArm"] = CFrame.new(3.8743019104003906e-07, -2.384185791015625e-07, -8.940696716308594e-08, 1, -4.470348358154297e-08, 4.505272954702377e-08, 3.2782554626464844e-07, -0.5803162455558777, -0.8143914937973022, 2.3096799850463867e-07, 0.8143911957740784, -0.5803159475326538),
            ["RightUpperArm"] = CFrame.new(0, -2.384185791015625e-07, 7.450580596923828e-09, 0.6460227966308594, -0.6565454602241516, -0.38936206698417664, 0.7043706178665161, 0.7093050479888916, -0.027356570586562157, 0.29413723945617676, -0.2565823793411255, 0.9206785559654236),
            ["Head"] = CFrame.new(5.587935447692871e-09, -2.384185791015625e-07, 8.149072527885437e-09, 0.9982498288154602, -0.056193169206380844, -0.018431561067700386, 0.04606349393725395, 0.9342729449272156, -0.3535707890987396, 0.03708834946155548, 0.3521030843257904, 0.9352262020111084),
            ["RightFoot"] = CFrame.new(-3.725290298461914e-08, 2.980232238769531e-07, -1.4169927453622222e-08, 0.9423020482063293, 0.3242321312427521, -0.08330969512462616, -0.31811216473579407, 0.9447703957557678, 0.07882694154977798, 0.10426667332649231, -0.04777682572603226, 0.9934011697769165),
            ["UpperTorso"] = CFrame.new(-4.656612873077393e-10, 3.8743019104003906e-07, -3.1548552215099335e-08, 0.9994184374809265, 0.034099824726581573, -0.0004273116937838495, -0.031387150287628174, 0.9246686100959778, 0.3794771730899811, 0.013335240073502064, -0.37924280762672424, 0.9252010583877563),
            ["HumanoidRootPart"] = CFrame.new(0, 0, 0, 1, 0, 0, 0, 1, 0, 0, 0, 1),
            ["RightUpperLeg"] = CFrame.new(1.1920928955078125e-07, 3.2247044146060944e-07, -4.948742571286857e-08, 0.9791102409362793, -0.17984464764595032, 0.09486358612775803, 0.20093002915382385, 0.9272719621658325, -0.31590211391448975, -0.03115096502006054, 0.32836344838142395, 0.9440374374389648),
            ["LeftUpperArm"] = CFrame.new(-5.960464477539063e-08, -2.384185791015625e-07, 3.725290298461914e-08, 0.6829015016555786, 0.6788696646690369, 0.26978111267089844, -0.7249723672866821, 0.6752032041549683, 0.13607212901115417, -0.0897817388176918, -0.2885076701641083, 0.9532589316368103),
            ["RightLowerArm"] = CFrame.new(-1.1920928955078125e-07, 4.76837158203125e-07, -2.9802322387695312e-08, 1, 4.6566160705197035e-08, 4.400501154577796e-07, 3.911556234470481e-08, -0.5703158974647522, -0.8214253783226013, 1.229346224818073e-07, 0.8214255571365356, -0.5703160762786865),
            ["LeftHand"] = CFrame.new(-2.4959444999694824e-07, 5.960464477539063e-08, -3.4458935260772705e-08, 0.46022531390190125, -0.8391273021697998, 0.28992748260498047, 0.8140836954116821, 0.5291633009910583, 0.239278182387352, -0.3542037904262543, 0.12590309977531433, 0.9266541600227356),
            ["LeftFoot"] = CFrame.new(-8.568167686462402e-08, 1.1920928955078125e-07, -5.535889613383915e-08, 0.9720459580421448, -0.1757107973098755, -0.15573182702064514, 0.1830500364303589, 0.9825156927108765, 0.03399614989757538, 0.14703550934791565, -0.06155288591980934, 0.987214207649231),
            ["LowerTorso"] = CFrame.new(0.01562511920928955, -0.05588829517364502, 0.467839777469635, 0.9963937997817993, 0.004550506826490164, 0.08472806960344315, -0.0031861960887908936, 0.9998632073402405, -0.016230497509241104, -0.08479034155607224, 0.01590200513601303, 0.9962719082832336),
            ["RightLowerLeg"] = CFrame.new(-4.842877388000488e-08, 0, -9.018549462780356e-08, 1, -7.003547466410964e-07, -5.569308996200562e-07, 5.401669795901398e-07, 0.7449347972869873, 0.6671370267868042, 7.450579175838357e-08, -0.6671372652053833, 0.7449350953102112),
            ["LeftUpperLeg"] = CFrame.new(-5.960464477539063e-08, 1.4505349099636078e-07, -4.842877388000488e-08, 0.9890754222869873, 0.1464240401983261, -0.017023516818881035, -0.14484140276908875, 0.9438700675964355, -0.2968676686286926, -0.027400530874729156, 0.29609009623527527, 0.9547668695449829),
            ["LeftLowerLeg"] = CFrame.new(-5.587935447692871e-08, 3.5762786865234375e-07, -1.4228049849407398e-08, 1, -4.693866912930389e-07, -4.4703500634568627e-07, 5.662440116793732e-07, 0.7581391334533691, 0.6520929932594299, 2.9802315282267955e-08, -0.6520928144454956, 0.7581391334533691),
        }},
        {Time = 0.117, Data = {
            ["RightHand"] = CFrame.new(-3.3527612686157227e-07, -5.960464477539063e-08, -1.8998980522155762e-07, 0.5495256185531616, 0.7717532515525818, -0.3200289011001587, -0.7233300805091858, 0.6311696767807007, 0.2800331115722656, 0.41810908913612366, 0.0776008740067482, 0.9050762057304382),
            ["LeftLowerArm"] = CFrame.new(-3.2782554626464844e-07, -2.384185791015625e-07, 1.4901161193847656e-07, 1, -2.980233304583635e-08, 2.2584567105354836e-08, 2.458691312767769e-07, -0.524746298789978, -0.8512593507766724, 1.4901159772762185e-07, 0.8512587547302246, -0.5247453451156616),
            ["RightUpperArm"] = CFrame.new(-5.960464477539063e-08, 2.384185791015625e-07, 1.4901161193847656e-08, 0.5535966753959656, -0.6898213028907776, -0.46655914187431335, 0.6981189846992493, 0.6898618340492249, -0.19162648916244507, 0.45404934883117676, -0.21962997317314148, 0.8634824752807617),
            ["Head"] = CFrame.new(-3.725290298461914e-09, 1.1920928955078125e-07, 7.264316082000732e-08, 0.9984685778617859, -0.05394195392727852, -0.012280355207622051, 0.04398558288812637, 0.9086880683898926, -0.4151519536972046, 0.0335531011223793, 0.41397613286972046, 0.9096691608428955),
            ["RightFoot"] = CFrame.new(4.470348358154297e-08, 2.980232238769531e-07, 3.425884642638266e-08, 0.9259293675422668, 0.37755706906318665, -0.010277091525495052, -0.36520490050315857, 0.9019137024879456, 0.2306014448404312, 0.09633411467075348, -0.20976725220680237, 0.9729940295219421),
            ["UpperTorso"] = CFrame.new(-1.862645149230957e-09, -3.5762786865234375e-07, -4.6798959374427795e-08, 0.9994046688079834, 0.02169482596218586, -0.026826895773410797, -0.007572975009679794, 0.8965368866920471, 0.4429045021533966, 0.03366004303097725, -0.44243770837783813, 0.8961673974990845),
            ["HumanoidRootPart"] = CFrame.new(0, 0, 0, 1, 0, 0, 0, 1, 0, 0, 0, 1),
            ["RightUpperLeg"] = CFrame.new(-2.9802322387695312e-08, -1.9278377294540405e-07, -1.5959813026711345e-08, 0.9750255346298218, -0.19976989924907684, 0.09704183042049408, 0.22203469276428223, 0.8867842555046082, -0.4053569734096527, -0.005077057983726263, 0.41678011417388916, 0.9089932441711426),
            ["LeftUpperArm"] = CFrame.new(0, -1.1920928955078125e-07, -7.217749953269958e-08, 0.6063224077224731, 0.7307304739952087, 0.31369757652282715, -0.7735695242881775, 0.6334046721458435, 0.019714832305908203, -0.18429125845432281, -0.254620224237442, 0.9493183493614197),
            ["RightLowerArm"] = CFrame.new(8.344650268554688e-07, 5.960464477539063e-08, 7.450580596923828e-08, 1, -1.4901168299275014e-07, 4.233444599321956e-07, 1.1548399925231934e-07, -0.44512805342674255, -0.8954670429229736, 2.9802322387695312e-08, 0.8954669833183289, -0.4451279044151306),
            ["LeftHand"] = CFrame.new(4.246830940246582e-07, 0, 2.39349901676178e-07, 0.6424048542976379, -0.6915098428726196, 0.33034762740135193, 0.6863824725151062, 0.7108926177024841, 0.15333431959152222, -0.34087398648262024, 0.12824170291423798, 0.9313211441040039),
            ["LeftFoot"] = CFrame.new(5.587935447692871e-08, 1.1920928955078125e-07, -6.280947673076298e-08, 0.9560478329658508, -0.22183862328529358, -0.19172996282577515, 0.2693651020526886, 0.9228050112724304, 0.2754514515399933, 0.1158236712217331, -0.31498995423316956, 0.9420011639595032),
            ["LowerTorso"] = CFrame.new(0.01348453015089035, 0.0015102624893188477, 0.5173982381820679, 0.9956246018409729, 0.023424474522471428, 0.09046056121587753, -0.021433604881167412, 0.9995076656341553, -0.022917360067367554, -0.09095285087823868, 0.02087819203734398, 0.9956363439559937),
            ["RightLowerLeg"] = CFrame.new(6.51925802230835e-09, 0, 4.392495611682534e-08, 1, -5.066394237474015e-07, -5.811454002468963e-07, 7.189809139163117e-07, 0.6816957592964172, 0.7316356897354126, 2.9802318834981634e-08, -0.7316358089447021, 0.6816959381103516),
            ["LeftUpperLeg"] = CFrame.new(0, -5.960464477539063e-08, 3.3527612686157227e-08, 0.9912279844284058, 0.13187886774539948, 0.008670701645314693, -0.1202445924282074, 0.927119255065918, -0.3549521863460541, -0.05484955757856369, 0.35079601407051086, 0.9348442554473877),
            ["LeftLowerLeg"] = CFrame.new(-8.568167686462402e-08, 0, 1.7948704567061213e-07, 1, -3.6880379639114835e-07, -3.390015308468719e-07, 5.625187782243302e-07, 0.7573584914207458, 0.6529994010925293, -1.862644971595273e-08, -0.6529994010925293, 0.7573584914207458),
        }},
        {Time = 0.133, Data = {
            ["RightHand"] = CFrame.new(2.086162567138672e-07, 0, 1.4901161193847656e-07, 0.7004244327545166, 0.6447215676307678, -0.30616945028305054, -0.6067816019058228, 0.7637658715248108, 0.22017693519592285, 0.3757948577404022, 0.031560786068439484, 0.9261654019355774),
            ["LeftLowerArm"] = CFrame.new(-5.960464477539062e-07, -2.384185791015625e-07, -1.4901161193847656e-08, 1, 4.2840849800995784e-07, 2.519225574815209e-07, -1.2293457984924316e-07, -0.40929046273231506, -0.9124044179916382, 4.842877388000488e-07, 0.9124041795730591, -0.40928998589515686),
            ["RightUpperArm"] = CFrame.new(0, 3.5762786865234375e-07, -4.842877388000488e-08, 0.4526785910129547, -0.7489274740219116, -0.4839315414428711, 0.6815577745437622, 0.6405600309371948, -0.35378190875053406, 0.5749443769454956, -0.16967792809009552, 0.8004052639007568),
            ["Head"] = CFrame.new(1.1175870895385742e-08, 0, -1.2165401130914688e-07, 0.998471736907959, -0.05341116711497307, -0.014194387942552567, 0.040377046912908554, 0.8803891539573669, -0.47252973914146423, 0.037734974175691605, 0.4712347090244293, 0.8812004923820496),
            ["RightFoot"] = CFrame.new(-9.12696123123169e-08, 2.384185791015625e-07, -2.9940565582364798e-09, 0.9270811080932617, 0.35623717308044434, 0.1166878342628479, -0.37319979071617126, 0.9063896536827087, 0.19793838262557983, -0.035251617431640625, -0.22705258429050446, 0.9732442498207092),
            ["UpperTorso"] = CFrame.new(1.862645149230957e-08, -2.086162567138672e-07, -9.220093488693237e-08, 0.9984232783317566, 0.01896573044359684, -0.05283156409859657, 0.010112220421433449, 0.8650217056274414, 0.5016324520111084, 0.05521426722407341, -0.5013757944107056, 0.8634661436080933),
            ["HumanoidRootPart"] = CFrame.new(0, 0, 0, 1, 0, 0, 0, 1, 0, 0, 0, 1),
            ["RightUpperLeg"] = CFrame.new(0, 6.891787052154541e-08, -9.046561899594963e-08, 0.9724848866462708, -0.20493577420711517, 0.11079078912734985, 0.23240533471107483, 0.8204351663589478, -0.5223736763000488, 0.01615639589726925, 0.5337486267089844, 0.8454887866973877),
            ["LeftUpperArm"] = CFrame.new(-5.960464477539063e-08, 1.1920928955078125e-07, -9.220093488693237e-08, 0.5128602981567383, 0.7975189089775085, 0.31770724058151245, -0.8084728717803955, 0.5731533765792847, -0.13366693258285522, -0.28869709372520447, -0.1883053183555603, 0.9387200474739075),
            ["RightLowerArm"] = CFrame.new(8.344650268554688e-07, 1.7881393432617188e-07, -4.470348358154297e-08, 1, -3.3155095024994807e-07, -9.49949381379156e-08, 3.799797525516624e-07, -0.2608693838119507, -0.9653741717338562, -1.937151665742931e-07, 0.965374231338501, -0.26086944341659546),
            ["LeftHand"] = CFrame.new(-5.960464477539063e-08, 0, 1.0058283805847168e-07, 0.8025872111320496, -0.5125976800918579, 0.30511802434921265, 0.5066817998886108, 0.85573410987854, 0.1048484817147255, -0.3148449659347534, 0.07044747471809387, 0.9465252161026001),
            ["LeftFoot"] = CFrame.new(-3.725290298461914e-09, -1.7881393432617188e-07, 8.620213520771358e-08, 0.9275302290916443, -0.2690971791744232, -0.2593730092048645, 0.36262840032577515, 0.8159716129302979, 0.45021238923072815, 0.0904899537563324, -0.5116415023803711, 0.8544204831123352),
            ["LowerTorso"] = CFrame.new(0.015940412878990173, 0.046738266944885254, 0.5581603050231934, 0.9939329624176025, 0.035544347018003464, 0.1040864884853363, -0.03160659223794937, 0.9987298250198364, -0.039240192621946335, -0.10534905642271042, 0.03571230173110962, 0.9937938451766968),
