return {
    ["Entranced"] = {
        {Time = 0.000, Data = {
            ["RightFoot"] = CFrame.new(-2.9802322387695312e-08, 4.76837158203125e-07, 8.760980563238263e-08, 0.8771392107009888, 0.0029907426796853542, 0.48022693395614624, 0.14316613972187042, 0.9528826475143433, -0.26742878556251526, -0.4583997428417206, 0.30332469940185547, 0.8353825807571411),
            ["LeftLowerArm"] = CFrame.new(8.940696716308594e-08, -5.960464477539063e-08, 1.341104507446289e-07, 1, -1.3969835777061235e-07, 4.4703490686970326e-08, 1.266598985694145e-07, -0.06833715736865997, -0.9976623058319092, 1.1036175351364363e-07, 0.9976623058319092, -0.06833716481924057),
            ["LeftFoot"] = CFrame.new(9.313225746154785e-09, -5.960464477539063e-08, 6.891787052154541e-08, 0.9502780437469482, -0.0387289896607399, -0.30898532271385193, -0.06300220638513565, 0.9478055834770203, -0.3125625550746918, 0.30496323108673096, 0.31648796796798706, 0.8982387185096741),
            ["Head"] = CFrame.new(-1.1175870895385742e-08, 3.5762786865234375e-07, -1.4901161193847656e-08, 0.9849758148193359, -0.08444627374410629, 0.15063688158988953, 0.03235061466693878, 0.9470708966255188, 0.31939077377319336, -0.16963517665863037, -0.30971887707710266, 0.9355736970901489),
            ["LowerTorso"] = CFrame.new(-0.13171938061714172, -0.04809927940368652, 0.07829884439706802, 0.8876579999923706, -0.07616014033555984, -0.45416179299354553, 0.03632466867566109, 0.9947361946105957, -0.09581468254327774, 0.4590683877468109, 0.0685533881187439, 0.8857520222663879),
            ["UpperTorso"] = CFrame.new(-2.2351741790771484e-08, 8.940696716308594e-08, -3.725290298461914e-09, 0.9685472846031189, -0.09509281814098358, 0.22994250059127808, 0.04286595806479454, 0.9740448594093323, 0.22225965559482574, -0.24510951340198517, -0.20541229844093323, 0.9474846124649048),
            ["HumanoidRootPart"] = CFrame.new(0, 0, 0, 1, 0, 0, 0, 1, 0, 0, 0, 1),
            ["RightUpperLeg"] = CFrame.new(-2.9802322387695312e-08, 1.862645149230957e-09, 2.438173396512866e-08, 0.5313034057617188, -0.6743979454040527, -0.5127416849136353, -0.08153112977743149, 0.5617199540138245, -0.8233004212379456, 0.8432493209838867, 0.479226678609848, 0.24345917999744415),
            ["LeftUpperArm"] = CFrame.new(1.1920928955078125e-07, 7.152557373046875e-07, -8.940696716308594e-08, 0.47254684567451477, 0.8548216819763184, 0.21442818641662598, -0.6005381941795349, 0.13425065577030182, 0.788245439529419, 0.6450220942497253, -0.5012551546096802, 0.5767925977706909),
            ["RightLowerArm"] = CFrame.new(1.1920928955078125e-07, 2.384185791015625e-07, 2.9802322387695312e-08, 1, -1.2293457984924316e-07, 1.1920930376163597e-07, 1.3411047916633834e-07, 0.16443364322185516, -0.9863882064819336, 8.195640788244418e-08, 0.9863882064819336, 0.16443374752998352),
            ["LeftHand"] = CFrame.new(5.960464477539063e-08, -2.384185791015625e-07, 5.960464477539063e-08, 0.9892240762710571, 0.14504623413085938, -0.019937505945563316, -0.14572754502296448, 0.9623130559921265, -0.22960154712200165, -0.014116661623120308, 0.23003309965133667, 0.973080575466156),
            ["RightHand"] = CFrame.new(1.564621925354004e-07, -5.960464477539063e-08, 0, 0.9442930221557617, -0.24387189745903015, -0.2209915965795517, 0.2044493705034256, 0.9608939290046692, -0.1867707222700119, 0.25789764523506165, 0.13118480145931244, 0.9572248458862305),
            ["RightUpperArm"] = CFrame.new(-5.960464477539063e-08, 3.5762786865234375e-07, 4.470348358154297e-08, -0.05180048197507858, -0.5931259989738464, 0.8034415245056152, 0.7186692953109741, 0.5364813804626465, 0.44238245487213135, -0.693419873714447, 0.6003244519233704, 0.39847150444984436),
            ["RightLowerLeg"] = CFrame.new(-2.2351741790771484e-08, 2.384185791015625e-07, -4.487083060666919e-08, 1, -1.1920930376163597e-07, -7.823112468940963e-08, 1.2665987014770508e-07, 0.6611412167549133, 0.7502613663673401, -6.332993507385254e-08, -0.7502616047859192, 0.6611414551734924),
            ["LeftUpperLeg"] = CFrame.new(0, 1.7601996660232544e-07, 5.587935447692871e-08, 0.9920499920845032, 0.10033773630857468, -0.0759555995464325, -0.10436458140611649, 0.9932287335395813, -0.05103681981563568, 0.07032039016485214, 0.05855821073055267, 0.9958041906356812),
            ["LeftLowerLeg"] = CFrame.new(-2.9802322387695312e-08, -2.384185791015625e-07, -1.4901161193847656e-08, 1, 2.980232594040899e-08, 2.60770320892334e-08, -4.656612162534657e-08, 0.827161967754364, 0.5619637966156006, 4.0978189730367376e-08, -0.5619637370109558, 0.8271618485450745),
        }},
        {Time = 0.033, Data = {
            ["RightFoot"] = CFrame.new(-1.4901161193847656e-08, 2.980232238769531e-07, 1.837688614614308e-07, 0.9027904272079468, 0.01595376431941986, 0.4297851324081421, 0.09224624186754227, 0.9688720107078552, -0.2297336459159851, -0.42007172107696533, 0.2470475733280182, 0.8732165694236755),
            ["LeftLowerArm"] = CFrame.new(-2.682209014892578e-07, 1.7881393432617188e-07, -1.4901161193847656e-07, 1, -5.6810662840689474e-08, 2.980232594040899e-08, 4.470347292340193e-08, -0.13775506615638733, -0.9904664158821106, 1.545995047536053e-07, 0.9904663562774658, -0.13775502145290375),
            ["LeftFoot"] = CFrame.new(-4.284083843231201e-08, 0, 3.3527612686157227e-08, 0.9624200463294983, -0.06718803942203522, -0.2631225883960724, -0.04208694025874138, 0.9203017354011536, -0.38893890380859375, 0.26828432083129883, 0.3853965401649475, 0.8828890323638916),
            ["Head"] = CFrame.new(2.2351741790771484e-08, 3.5762786865234375e-07, 5.21540641784668e-08, 0.9900398254394531, -0.054617784917354584, 0.1297616958618164, 0.01857118494808674, 0.9642928242683411, 0.2641865909099579, -0.13955755531787872, -0.2591452896595001, 0.9557026028633118),
            ["LowerTorso"] = CFrame.new(-0.13221363723278046, -0.07051825523376465, 0.09124847501516342, 0.9036311507225037, -0.05967947468161583, -0.42413339018821716, 0.03830716758966446, 0.9975376129150391, -0.05874795466661453, 0.426595002412796, 0.03683913126587868, 0.9036921858787537),
            ["UpperTorso"] = CFrame.new(-1.0244548320770264e-08, 8.940696716308594e-08, 1.862645149230957e-09, 0.9710789322853088, -0.0937580093741417, 0.21957948803901672, 0.05371703580021858, 0.9818869233131409, 0.18169404566287994, -0.2326374500989914, -0.16464410722255707, 0.9585260152816772),
            ["HumanoidRootPart"] = CFrame.new(0, 0, 0, 1, 0, 0, 0, 1, 0, 0, 0, 1),
            ["RightUpperLeg"] = CFrame.new(-5.960464477539063e-08, 2.1979212760925293e-07, -7.283233571797609e-09, 0.5668908357620239, -0.679334819316864, -0.46598193049430847, -0.0504540279507637, 0.535960853099823, -0.8427339792251587, 0.8222465515136719, 0.5012485980987549, 0.26955604553222656),
            ["LeftUpperArm"] = CFrame.new(1.1920928955078125e-07, 8.344650268554688e-07, 2.9802322387695312e-08, 0.42504218220710754, 0.8652225136756897, 0.26594966650009155, -0.5996164083480835, 0.04903468117117882, 0.7987840175628662, 0.6780851483345032, -0.49898478388786316, 0.5396433472633362),
            ["RightLowerArm"] = CFrame.new(-5.960464477539063e-08, 1.1920928955078125e-07, -5.960464477539063e-08, 1, -1.1920926112907182e-07, 9.685756907629184e-08, 6.70552182668871e-08, 0.18839006125926971, -0.982094407081604, -3.7252898543727042e-09, 0.9820943474769592, 0.18838997185230255),
            ["LeftHand"] = CFrame.new(-1.7881393432617188e-07, 4.172325134277344e-07, 1.341104507446289e-07, 0.9667117595672607, 0.2506764531135559, -0.05128146708011627, -0.255098432302475, 0.9287124872207642, -0.2691059112548828, -0.019832929596304893, 0.2732299268245697, 0.9617443680763245),
            ["RightHand"] = CFrame.new(-1.6391277313232422e-07, 2.384185791015625e-07, 5.960464477539063e-08, 0.9441158175468445, -0.2449009120464325, -0.22061052918434143, 0.20531664788722992, 0.9605402946472168, -0.18763670325279236, 0.2578577697277069, 0.13185597956180573, 0.9571434259414673),
            ["RightUpperArm"] = CFrame.new(1.1920928955078125e-07, 7.152557373046875e-07, 6.705522537231445e-08, -0.034039050340652466, -0.5671980381011963, 0.8228777050971985, 0.6753004193305969, 0.5939109921455383, 0.4373088777065277, -0.7367569804191589, 0.5705752968788147, 0.36281296610832214),
            ["RightLowerLeg"] = CFrame.new(1.4901161193847656e-08, 4.172325134277344e-07, -1.7548882169649005e-07, 1, -1.0803343286625022e-07, -6.14673041354763e-08, 1.3411046495548362e-07, 0.6552169322967529, 0.7554404735565186, -4.749745841081676e-08, -0.7554408311843872, 0.6552174091339111),
            ["LeftUpperLeg"] = CFrame.new(0, 1.7648562788963318e-07, -2.7939677238464355e-08, 0.984626293182373, 0.0911555141210556, -0.14900299906730652, -0.1046113446354866, 0.9908655285835266, -0.08510039001703262, 0.13988447189331055, 0.09937947988510132, 0.9851680397987366),
            ["LeftLowerLeg"] = CFrame.new(-2.9802322387695312e-08, -5.960464477539063e-08, 7.450580596923828e-09, 1, 1.4901164746561335e-08, 6.33299421792799e-08, -5.774199252073231e-08, 0.8313194513320923, 0.5557947754859924, 1.4901159417490817e-08, -0.5557948350906372, 0.8313195705413818),
        }},
        {Time = 0.067, Data = {
            ["RightFoot"] = CFrame.new(-2.9802322387695312e-08, 4.76837158203125e-07, 1.0972871677950025e-07, 0.9764776229858398, 0.04170211777091026, 0.21154822409152985, -0.0286969393491745, 0.9975257515907288, -0.06417924910783768, -0.2137010395526886, 0.05659902095794678, 0.9752581715583801),
            ["LeftLowerArm"] = CFrame.new(1.7881393432617188e-07, 2.980232238769531e-07, -3.46451997756958e-07, 1, -1.043081283569336e-07, 5.5879347371501353e-08, 1.0058283805847168e-07, -0.027738139033317566, -0.9996153116226196, 1.2526288628578186e-07, 0.9996153116226196, -0.027738185599446297),
            ["LeftFoot"] = CFrame.new(4.0978193283081055e-08, 5.960464477539063e-08, -4.284083843231201e-08, 0.9543825387954712, -0.06765027344226837, -0.2908221185207367, -0.028104117140173912, 0.9493186473846436, -0.3130565583705902, 0.29726123809814453, 0.3069489002227783, 0.9041118025779724),
            ["Head"] = CFrame.new(5.21540641784668e-08, 2.384185791015625e-07, 3.725290298461914e-08, 0.9933009743690491, -0.021897083148360252, 0.11346220225095749, 0.002521706745028496, 0.9857557415962219, 0.168164923787117, -0.11552833020687103, -0.16675223410129547, 0.9792073369026184),
            ["LowerTorso"] = CFrame.new(-0.12828749418258667, -0.05443108081817627, 0.10072052478790283, 0.9218459725379944, -0.04215218871831894, -0.3852573037147522, 0.042703378945589066, 0.9990623593330383, -0.007129597943276167, 0.38519659638404846, -0.009879395365715027, 0.9227817058563232),
            ["UpperTorso"] = CFrame.new(1.210719347000122e-08, -1.7881393432617188e-07, -1.4901161193847656e-08, 0.9770343899726868, -0.08772794157266617, 0.19418469071388245, 0.060974590480327606, 0.9883140921592712, 0.1397046446800232, -0.20417149364948273, -0.12465586513280869, 0.9709659814834595),
            ["HumanoidRootPart"] = CFrame.new(0, 0, 0, 1, 0, 0, 0, 1, 0, 0, 0, 1),
            ["RightUpperLeg"] = CFrame.new(-5.960464477539063e-08, -1.0710209608078003e-07, -9.145878721028566e-09, 0.7500343918800354, -0.5610160827636719, -0.35029900074005127, 0.084005206823349, 0.6061487793922424, -0.7909026145935059, 0.6560422778129578, 0.5637771487236023, 0.5017606019973755),
            ["LeftUpperArm"] = CFrame.new(-1.1920928955078125e-07, 7.152557373046875e-07, 2.9802322387695312e-08, 0.39479726552963257, 0.9061163067817688, 0.1519491970539093, -0.5290097594261169, 0.088968425989151, 0.8439391851425171, 0.7511882781982422, -0.41356736421585083, 0.5144688487052917),
            ["RightLowerArm"] = CFrame.new(0, 3.5762786865234375e-07, -4.470348358154297e-08, 1, -1.415610029198433e-07, 2.980232594040899e-08, 7.450579886381092e-08, 0.3521084487438202, -0.9359593391418457, 1.4901159417490817e-08, 0.9359591603279114, 0.35210829973220825),
            ["LeftHand"] = CFrame.new(1.7881393432617188e-07, 1.7881393432617188e-07, -7.450580596923828e-08, 0.9123983383178711, 0.39103320240974426, -0.12092288583517075, -0.40925318002700806, 0.8669308423995972, -0.2845045328140259, -0.0064188712276518345, 0.3090694844722748, 0.9510178565979004),
            ["RightHand"] = CFrame.new(7.450580596923828e-08, -1.1920928955078125e-07, -1.1920928955078125e-07, 0.942207932472229, -0.2534003257751465, -0.21916300058364868, 0.2123536318540573, 0.9576721787452698, -0.19434493780136108, 0.25913357734680176, 0.13657334446907043, 0.9561368823051453),
            ["RightUpperArm"] = CFrame.new(-5.960464477539063e-08, 5.960464477539062e-07, 0, 0.03910170495510101, -0.48085153102874756, 0.8759298920631409, 0.609283983707428, 0.7062610387802124, 0.3605113625526428, -0.7919874787330627, 0.5195932388305664, 0.320591002702713),
            ["RightLowerLeg"] = CFrame.new(2.9802322387695312e-08, 3.5762786865234375e-07, -5.790934665128589e-08, 1, -1.192093321833454e-07, -9.778888454547996e-08, 1.4901161193847656e-07, 0.6775460839271545, 0.7354798913002014, -3.725290298461914e-08, -0.7354804277420044, 0.6775466203689575),
            ["LeftUpperLeg"] = CFrame.new(-5.960464477539063e-08, -1.0401709005236626e-07, 1.6763806343078613e-08, 0.9788973927497864, 0.08789714425802231, -0.18448318541049957, -0.12237958610057831, 0.9751339554786682, -0.1847624033689499, 0.16365568339824677, 0.20344039797782898, 0.9653128981590271),
            ["LeftLowerLeg"] = CFrame.new(-3.725290298461914e-08, 0, 5.960464477539063e-08, 1, 2.2351745343485163e-08, 2.6077035641947077e-08, -4.842877388000488e-08, 0.8056436777114868, 0.5924003720283508, -4.842877388000488e-08, -0.5924004316329956, 0.8056437373161316),
        }},
        {Time = 0.100, Data = {
            ["RightFoot"] = CFrame.new(2.9802322387695312e-08, 4.172325134277344e-07, -3.55576048605144e-08, 0.9914830923080444, 0.009018146432936192, 0.12992338836193085, 0.00780312716960907, 0.9916940331459045, -0.12838289141654968, -0.13000208139419556, 0.1283034235239029, 0.9831774234771729),
            ["LeftLowerArm"] = CFrame.new(5.960464477539063e-08, 0, -3.2782554626464844e-07, 1, -1.224398147314787e-07, 4.6566135836201283e-08, 6.705523958316917e-08, 0.3691089153289795, -0.9293862581253052, 9.685756907629184e-08, 0.9293861389160156, 0.36910879611968994),
            ["LeftFoot"] = CFrame.new(8.195638656616211e-08, -1.1920928955078125e-07, -4.470348358154297e-08, 0.9691664576530457, -0.008765758015215397, -0.24625110626220703, -0.04146971181035042, 0.9793099761009216, -0.19807180762290955, 0.24289260804653168, 0.2021765112876892, 0.9487507343292236),
            ["Head"] = CFrame.new(2.2351741790771484e-08, 1.1920928955078125e-07, -7.078051567077637e-08, 0.9952183365821838, 0.008370507508516312, 0.09731600433588028, -0.011828810907900333, 0.9993168711662292, 0.03501439094543457, -0.09695641696453094, -0.03599800914525986, 0.9946374893188477),
            ["LowerTorso"] = CFrame.new(-0.11972587555646896, -0.02470111846923828, 0.10649263113737106, 0.9372771978378296, -0.030090250074863434, -0.34728381037712097, 0.047201354056596756, 0.9980471134185791, 0.04091542214155197, 0.3453744351863861, -0.054741352796554565, 0.9368670582771301),
            ["UpperTorso"] = CFrame.new(3.725290298461914e-09, 2.384185791015625e-07, 3.725290298461914e-09, 0.9823095798492432, -0.07898201793432236, 0.16979315876960754, 0.0590813010931015, 0.9911078810691833, 0.11922489106655121, -0.1776999831199646, -0.10708415508270264, 0.9782412052154541),
            ["HumanoidRootPart"] = CFrame.new(0, 0, 0, 1, 0, 0, 0, 1, 0, 0, 0, 1),
            ["RightUpperLeg"] = CFrame.new(-2.9802322387695312e-08, 4.647299647331238e-07, 1.3205863069742918e-08, 0.8472062945365906, -0.38029491901397705, -0.3709680736064911, 0.04944346100091934, 0.7516850829124451, -0.6576665043830872, 0.5289584398269653, 0.5388370752334595, 0.6556352972984314),
            ["LeftUpperArm"] = CFrame.new(1.1920928955078125e-07, 1.1920928955078125e-07, -1.043081283569336e-07, 0.3805282413959503, 0.9013736248016357, -0.20669713616371155, -0.4556697607040405, 0.3772527277469635, 0.8062540292739868, 0.8047131896018982, -0.21261686086654663, 0.5542840361595154),
            ["RightLowerArm"] = CFrame.new(-1.1920928955078125e-07, -3.5762786865234375e-07, -1.4901161193847656e-08, 1, -3.725289587919178e-08, -1.210719524635806e-08, 7.450581307466564e-08, 0.6350024342536926, -0.7725102305412292, 7.450581307466564e-08, 0.7725101113319397, 0.6350023746490479),
            ["LeftHand"] = CFrame.new(-5.960464477539063e-08, -1.1920928955078125e-07, -2.086162567138672e-07, 0.866658627986908, 0.471253901720047, -0.16377685964107513, -0.49889883399009705, 0.8175243735313416, -0.2876690924167633, -0.00167368003167212, 0.3310190439224243, 0.9436227083206177),
            ["RightHand"] = CFrame.new(-1.6391277313232422e-07, -2.384185791015625e-07, 9.872019290924072e-08, 0.9358959197998047, -0.27322298288345337, -0.22236964106559753, 0.2278924137353897, 0.9509336352348328, -0.20926104485988617, 0.26863372325897217, 0.14517025649547577, 0.9522402882575989),
            ["RightUpperArm"] = CFrame.new(0, 1.1920928955078125e-07, -1.2200325727462769e-07, 0.08837603777647018, -0.33892321586608887, 0.9366540312767029, 0.5531205534934998, 0.7987304329872131, 0.23682773113250732, -0.8284004330635071, 0.4971526861190796, 0.25805404782295227),
            ["RightLowerLeg"] = CFrame.new(8.335337042808533e-08, 2.980232238769531e-07, -9.958603186532855e-08, 1, -9.266659617424011e-08, -1.0710212450248946e-07, 1.1175869474300271e-07, 0.6964821815490723, 0.7175740003585815, 2.2351738238057806e-08, -0.7175741195678711, 0.6964823603630066),
            ["LeftUpperLeg"] = CFrame.new(0, 2.398155629634857e-07, 2.9802322387695312e-08, 0.9879790544509888, 0.08417174220085144, -0.12966348230838776, -0.11800002306699753, 0.9524856805801392, -0.2807973623275757, 0.09986739605665207, 0.2927221953868866, 0.9509680271148682),
            ["LeftLowerLeg"] = CFrame.new(7.450580596923828e-09, -5.960464477539063e-08, -1.4901161193847656e-08, 1, 6.705523958316917e-08, 5.587936779960501e-09, -4.470347647611561e-08, 0.7632490992546082, 0.6461043953895569, 2.7939673685750677e-08, -0.6461043953895569, 0.7632491588592529),
        }},
        {Time = 0.133, Data = {
            ["RightFoot"] = CFrame.new(4.7497451305389404e-08, 2.980232238769531e-07, 2.4047039914876223e-08, 0.9666314721107483, -0.026607675477862358, 0.2547857463359833, 0.05870373919606209, 0.9911320209503174, -0.1192103773355484, -0.24935445189476013, 0.13018964231014252, 0.9596214294433594),
            ["LeftLowerArm"] = CFrame.new(-1.7881393432617188e-07, 1.7881393432617188e-07, 2.682209014892578e-07, 1, -5.587936158235607e-08, 2.7939681679356454e-09, 6.798653373607522e-08, 0.7667565941810608, -0.6419380903244019, 2.9802315282267955e-08, 0.6419380903244019, 0.7667565941810608),
            ["LeftFoot"] = CFrame.new(-8.381903171539307e-09, -5.960464477539063e-08, -2.9802322387695312e-08, 0.9893592000007629, 0.010641083121299744, -0.14510437846183777, -0.044801075011491776, 0.9711441993713379, -0.23424753546714783, 0.1384246051311493, 0.2382558435201645, 0.9612871408462524),
            ["Head"] = CFrame.new(-2.2351741790771484e-08, -4.76837158203125e-07, 2.60770320892334e-08, 0.9945060014724731, 0.047714922577142715, 0.09317319095134735, -0.03525348752737045, 0.990744411945343, -0.13108353316783905, -0.0985654667019844, 0.12707875669002533, 0.9869832992553711),
            ["LowerTorso"] = CFrame.new(-0.10764741152524948, -0.022884130477905273, 0.10991328954696655, 0.9466481804847717, -0.02964421920478344, -0.32090285420417786, 0.05564370006322861, 0.9958402514457703, 0.07215295732021332, 0.3174290657043457, -0.08615967631340027, 0.9443597197532654),
            ["UpperTorso"] = CFrame.new(-3.725290298461914e-09, -1.1920928955078125e-07, -4.0978193283081055e-08, 0.985975444316864, -0.060727350413799286, 0.15545015037059784, 0.04041307792067528, 0.9906039237976074, 0.1306554526090622, -0.1619238704442978, -0.12254087626934052, 0.9791651368141174),
            ["HumanoidRootPart"] = CFrame.new(0, 0, 0, 1, 0, 0, 0, 1, 0, 0, 0, 1),
            ["RightUpperLeg"] = CFrame.new(0, -3.902241587638855e-07, -4.639878170564771e-08, 0.8732690215110779, -0.1888779252767563, -0.4491395950317383, -0.044211022555828094, 0.8872872591018677, -0.45909351110458374, 0.4852284789085388, 0.42076900601387024, 0.7664898037910461),
            ["LeftUpperArm"] = CFrame.new(0, -4.76837158203125e-07, 5.960464477539063e-08, 0.37739798426628113, 0.7597630620002747, -0.5294632315635681, -0.46653807163238525, 0.6498745679855347, 0.6000043749809265, 0.799945592880249, 0.020574331283569336, 0.5997195839881897),
            ["RightLowerArm"] = CFrame.new(3.5762786865234375e-07, 1.7881393432617188e-07, -8.940696716308594e-08, 1, -2.9802318834981634e-08, -7.450581485102248e-09, 1.4901157641133977e-08, 0.906553328037262, -0.42209136486053467, -3.725289587919178e-08, 0.4220913052558899, 0.9065533876419067),
            ["LeftHand"] = CFrame.new(1.4901161193847656e-07, -5.960464477539063e-08, -5.960464477539063e-08, 0.8513716459274292, 0.5001663565635681, -0.15811331570148468, -0.5240218043327332, 0.7972485423088074, -0.2996601164340973, -0.023824136704206467, 0.33797702193260193, 0.9408528208732605),
            ["RightHand"] = CFrame.new(-2.384185791015625e-07, 0, -1.6391277313232422e-07, 0.9238266348838806, -0.2995944619178772, -0.23830099403858185, 0.2445959448814392, 0.9408214092254639, -0.2345803678035736, 0.2944778800010681, 0.15842437744140625, 0.942435622215271),
            ["RightUpperArm"] = CFrame.new(-1.1920928955078125e-07, -1.1920928955078125e-07, 1.043081283569336e-07, 0.12527123093605042, -0.14976705610752106, 0.9807533621788025, 0.52604079246521, 0.8481722474098206, 0.06233011186122894, -0.8411826491355896, 0.5081080794334412, 0.18503496050834656),
            ["RightLowerLeg"] = CFrame.new(9.685754776000977e-08, 4.172325134277344e-07, -1.5476689441129565e-07, 1, -1.0058283805847168e-07, -1.1362138252479781e-07, 5.587935447692871e-08, 0.8160291910171509, 0.5780104398727417, -2.421438694000244e-08, -0.5780106782913208, 0.8160293102264404),
            ["LeftUpperLeg"] = CFrame.new(0, -4.908069968223572e-07, -3.725290298461914e-08, 0.9971491098403931, 0.07375258207321167, 0.015945449471473694, -0.06628907471895218, 0.957172691822052, -0.28182676434516907, -0.036047957837581635, 0.2799662947654724, 0.9593328237533569),
            ["LeftLowerLeg"] = CFrame.new(-6.984919309616089e-08, -5.960464477539063e-08, -2.9802322387695312e-08, 1, 5.02914261346632e-08, 2.7474026609297653e-08, -6.146728281919422e-08, 0.782371997833252, 0.6228116750717163, 8.381902283360887e-09, -0.6228115558624268, 0.7823718786239624),
        }},
        {Time = 0.167, Data = {
            ["RightFoot"] = CFrame.new(-5.9138983488082886e-08, 2.384185791015625e-07, -1.3205863069742918e-08, 0.9446632862091064, -0.05154002457857132, 0.32396745681762695, 0.08744367212057114, 0.9914106130599976, -0.0972551703453064, -0.31617236137390137, 0.12020258605480194, 0.9410561323165894),
            ["LeftLowerArm"] = CFrame.new(1.4901161193847656e-07, 3.5762786865234375e-07, -5.960464477539063e-08, 1, 1.4901157641133977e-08, 1.4901159417490817e-08, 1.4901161193847656e-08, 0.9999867081642151, -0.00515473959967494, -1.4901161193847656e-08, 0.00515467906370759, 0.9999867081642151),
            ["LeftFoot"] = CFrame.new(2.0489096641540527e-08, 1.1920928955078125e-07, -1.862645149230957e-09, 0.9966468811035156, 0.04299382492899895, -0.06961766630411148, -0.06786670535802841, 0.9096421599388123, -0.40981149673461914, 0.04570778086781502, 0.4131619334220886, 0.9095097780227661),
            ["Head"] = CFrame.new(-3.725290298461914e-09, 3.5762786865234375e-07, 2.9802322387695312e-08, 0.9944993853569031, 0.070854052901268, 0.07714080810546875, -0.045580267906188965, 0.9558424949645996, -0.2903231978416443, -0.09430503100156784, 0.2852102816104889, 0.9538143873214722),
            ["LowerTorso"] = CFrame.new(-0.0916411429643631, -0.06315207481384277, 0.11647303402423859, 0.9573793411254883, -0.03305937349796295, -0.28693538904190063, 0.06409730762243271, 0.9929750561714172, 0.09945900738239288, 0.28163161873817444, -0.11361178010702133, 0.9527727961540222),
            ["UpperTorso"] = CFrame.new(7.450580596923828e-09, -8.940696716308594e-08, 1.6763806343078613e-08, 0.9885907769203186, -0.039522383362054825, 0.14534904062747955, 0.017350802198052406, 0.988419234752655, 0.15075327455997467, -0.14962388575077057, -0.14651139080524445, 0.9778278470039368),
            ["HumanoidRootPart"] = CFrame.new(0, 0, 0, 1, 0, 0, 0, 1, 0, 0, 0, 1),
            ["RightUpperLeg"] = CFrame.new(0, -1.1175870895385742e-08, 9.516224963590503e-08, 0.8791270852088928, -0.08047713339328766, -0.46974340081214905, -0.1147737056016922, 0.9208807945251465, -0.3725663721561432, 0.4625608026981354, 0.3814472556114197, 0.8003345727920532),
            ["LeftUpperArm"] = CFrame.new(5.960464477539063e-08, 8.344650268554688e-07, 5.960464477539063e-08, 0.34635022282600403, 0.45993441343307495, -0.8176197409629822, -0.48078030347824097, 0.8354281187057495, 0.26628977060317993, 0.8055382370948792, 0.30086594820022583, 0.5104779601097107),
            ["RightLowerArm"] = CFrame.new(-5.960464477539063e-08, 5.960464477539063e-08, 1.043081283569336e-07, 1, 9.313225746154785e-09, 3.3294785595217036e-08, -1.6763808119435453e-08, 0.9999867677688599, -0.005156938452273607, 9.778887921640944e-09, 0.005156857892870903, 0.9999867677688599),
            ["LeftHand"] = CFrame.new(-5.960464477539063e-08, 1.1920928955078125e-07, -1.4901161193847656e-07, 0.8342583775520325, 0.5384988188743591, -0.11845751106739044, -0.5397429466247559, 0.7536956071853638, -0.37499386072158813, -0.1126527413725853, 0.3767784833908081, 0.9194278120994568),
            ["RightHand"] = CFrame.new(1.341104507446289e-07, 0, 1.1175870895385742e-08, 0.9107475280761719, -0.31871509552001953, -0.2626020312309265, 0.24703195691108704, 0.9300416111946106, -0.27202507853507996, 0.330929160118103, 0.18287520110607147, 0.9257659316062927),
            ["RightUpperArm"] = CFrame.new(-1.1920928955078125e-07, 3.5762786865234375e-07, 3.725290298461914e-08, 0.09645552188158035, 0.020837755873799324, 0.9951192140579224, 0.5321496725082397, 0.8438135385513306, -0.0692499652504921, -0.8411380648612976, 0.5362318158149719, 0.07030156999826431),
            ["RightLowerLeg"] = CFrame.new(1.955777406692505e-08, 2.384185791015625e-07, -2.0656443666666746e-08, 1, -9.872019290924072e-08, 3.655441815908489e-08, 9.220094909778709e-08, 0.84588623046875, 0.5333631038665771, -7.869676466043529e-08, -0.533363401889801, 0.8458863496780396),
            ["LeftUpperLeg"] = CFrame.new(0, -1.1106021702289581e-07, 1.6763806343078613e-08, 0.9694656729698181, 0.07122443616390228, 0.23465600609779358, -0.010353606194257736, 0.9679273962974548, -0.2510168254375458, -0.2450084537267685, 0.24092262983322144, 0.9391098022460938),
            ["LeftLowerLeg"] = CFrame.new(2.7939677238464355e-09, 5.960464477539063e-08, 2.0489096641540527e-08, 1, 5.1688413549300094e-08, 1.9557775843281888e-08, -5.355104093496266e-08, 0.8067558407783508, 0.5908850431442261, 1.4435498130183078e-08, -0.5908850431442261, 0.8067559003829956),
        }},
        {Time = 0.200, Data = {
            ["RightFoot"] = CFrame.new(1.3504177331924438e-08, 2.980232238769531e-07, 3.894820110872388e-08, 0.9805094599723816, -0.01564953476190567, 0.19584788382053375, 0.06522659212350845, 0.9662145972251892, -0.2493489533662796, -0.18532902002334595, 0.25726380944252014, 0.9484032988548279),
            ["LeftLowerArm"] = CFrame.new(-2.682209014892578e-07, 3.5762786865234375e-07, -1.4901161193847656e-07, 1, 1.4901157641133977e-08, 2.2351741790771484e-08, -7.450578820566989e-09, 0.9999867677688599, -0.005158048123121262, -1.1175868230850483e-08, 0.005158080253750086, 0.9999867677688599),
            ["LeftFoot"] = CFrame.new(-8.847564458847046e-09, -5.960464477539063e-08, -4.0512531995773315e-08, 0.9974538087844849, 0.016942860558629036, -0.06927423924207687, -0.04842018708586693, 0.874053418636322, -0.48341086506843567, 0.05235902592539787, 0.48553434014320374, 0.8726483583450317),
            ["Head"] = CFrame.new(-1.1175870895385742e-08, -5.960464477539062e-07, -4.377216100692749e-08, 0.9991603493690491, 0.020829971879720688, 0.03528087958693504, -0.0031747971661388874, 0.8978905081748962, -0.44020742177963257, -0.04084787517786026, 0.4397258460521698, 0.8972027897834778),
            ["LowerTorso"] = CFrame.new(-0.07044227421283722, -0.09819161891937256, 0.13614743947982788, 0.9718772768974304, -0.030447207391262054, -0.23351137340068817, 0.06287955492734909, 0.9891555309295654, 0.13273094594478607, 0.22693777084350586, -0.14368128776550293, 0.9632523059844971),
            ["UpperTorso"] = CFrame.new(5.587935447692871e-09, -5.364418029785156e-07, 1.862645149230957e-08, 0.9896367192268372, -0.02950810268521309, 0.14052976667881012, 0.004284090828150511, 0.9842896461486816, 0.17650938034057617, -0.14353042840957642, -0.17407812178134918, 0.9742155075073242),
            ["HumanoidRootPart"] = CFrame.new(0, 0, 0, 1, 0, 0, 0, 1, 0, 0, 0, 1),
            ["RightUpperLeg"] = CFrame.new(0, -4.4796615839004517e-07, 8.77116690389812e-08, 0.913785457611084, -0.04220770299434662, -0.403998464345932, -0.12573836743831635, 0.9163438081741333, -0.3801369071006775, 0.38624608516693115, 0.3981616199016571, 0.8320344090461731),
            ["LeftUpperArm"] = CFrame.new(-3.5762786865234375e-07, -5.960464477539062e-07, -2.9802322387695312e-08, 0.32866957783699036, 0.3777376115322113, -0.8656158447265625, -0.5246574282646179, 0.8351263403892517, 0.16522297263145447, 0.7853094935417175, 0.3998481035232544, 0.4726632833480835),
            ["RightLowerArm"] = CFrame.new(1.1920928955078125e-07, 2.384185791015625e-07, 5.960464477539063e-08, 1, -2.9802315282267955e-08, 3.725290298461914e-09, 0, 0.9999867677688599, -0.005157869309186935, 5.587935447692871e-09, 0.005157860461622477, 0.9999867677688599),
            ["LeftHand"] = CFrame.new(1.1920928955078125e-07, -1.7881393432617188e-07, -1.1920928955078125e-07, 0.8202471733093262, 0.5111074447631836, 0.25683385133743286, -0.40590256452560425, 0.8364490270614624, -0.3682340681552887, -0.40303564071655273, 0.19779357314109802, 0.8935548663139343),
            ["RightHand"] = CFrame.new(-2.980232238769531e-07, 0, 5.960464477539063e-08, 0.8397064208984375, -0.34336256980895996, -0.420708030462265, 0.2456069141626358, 0.93109530210495, -0.269701212644577, 0.4843246340751648, 0.12314105033874512, 0.8661789298057556),
            ["RightUpperArm"] = CFrame.new(0, -3.5762786865234375e-07, -3.725290298461914e-08, 0.14604882895946503, -0.060977332293987274, 0.9873963594436646, 0.5327309966087341, 0.8458676934242249, -0.026560690253973007, -0.8335871696472168, 0.5298958420753479, 0.15602245926856995),
            ["RightLowerLeg"] = CFrame.new(3.166496753692627e-08, 2.384185791015625e-07, 9.145878721028566e-09, 1, -5.681068415697155e-08, 1.3038522261865637e-08, 8.288770914077759e-08, 0.8496400117874146, 0.5273630619049072, -3.306195139884949e-08, -0.5273632407188416, 0.8496401309967041),
            ["LeftUpperLeg"] = CFrame.new(5.960464477539063e-08, -4.926696419715881e-07, 3.3527612686157227e-08, 0.9668285846710205, 0.09004093706607819, 0.23902985453605652, -0.010074804536998272, 0.9485219717025757, -0.31655117869377136, -0.25522759556770325, 0.3036425709724426, 0.9179652333259583),
            ["LeftLowerLeg"] = CFrame.new(4.330649971961975e-08, 1.1920928955078125e-07, -2.0489096641540527e-08, 1, 5.587935447692871e-08, 1.769513247040777e-08, -5.541369318962097e-08, 0.7748812437057495, 0.6321070790290833, 1.979060471057892e-08, -0.6321069002151489, 0.77488112449646),
        }},
        {Time = 0.233, Data = {
            ["RightFoot"] = CFrame.new(-5.075708031654358e-08, 4.172325134277344e-07, -3.55576048605144e-08, 0.9966691732406616, -0.024226665496826172, 0.07787013798952103, 0.045522868633270264, 0.9575194716453552, -0.2847527861595154, -0.06766365468502045, 0.28734952211380005, 0.9554330110549927),
            ["LeftLowerArm"] = CFrame.new(8.940696716308594e-08, 4.76837158203125e-07, -5.960464477539063e-08, 1, -1.4901157641133977e-08, 7.450580596923828e-09, -7.450580596923828e-09, 0.9999867677688599, -0.00515805184841156, 3.725290298461914e-08, 0.00515809515491128, 0.9999867677688599),
            ["LeftFoot"] = CFrame.new(-4.621688276529312e-08, 5.960464477539063e-08, 2.60770320892334e-08, 0.9879644513130188, -0.005727066192775965, -0.15457503497600555, -0.06766880303621292, 0.8826126456260681, -0.4652051329612732, 0.13909421861171722, 0.4700661301612854, 0.8716024160385132),
            ["Head"] = CFrame.new(1.862645149230957e-09, 0, -1.3480894267559052e-07, 0.9991819262504578, -0.037606775760650635, -0.014876438304781914, 0.024473413825035095, 0.8551023006439209, -0.517881453037262, 0.03219671919941902, 0.5170937180519104, 0.8553231358528137),
            ["LowerTorso"] = CFrame.new(-0.045090220868587494, -0.1012725830078125, 0.1506623923778534, 0.9884730577468872, -0.03682840242981911, -0.14684991538524628, 0.059037115424871445, 0.9869408011436462, 0.14987501502037048, 0.1394125074148178, -0.1568169891834259, 0.9777384996414185),
            ["UpperTorso"] = CFrame.new(-1.862645149230957e-09, -1.1920928955078125e-07, 8.381903171539307e-09, 0.9917183518409729, -0.01751566492021084, 0.1272316575050354, -0.0074020749889314175, 0.9812146425247192, 0.19277746975421906, -0.12821818888187408, -0.19212277233600616, 0.9729588627815247),
            ["HumanoidRootPart"] = CFrame.new(0, 0, 0, 1, 0, 0, 0, 1, 0, 0, 0, 1),
            ["RightUpperLeg"] = CFrame.new(0, -1.8067657947540283e-07, 2.8107024263590574e-08, 0.9249057769775391, -0.024823762476444244, -0.3793851137161255, -0.13391073048114777, 0.9126523733139038, -0.3861783444881439, 0.3558332622051239, 0.4079822301864624, 0.840793251991272),
            ["LeftUpperArm"] = CFrame.new(-2.384185791015625e-07, 4.76837158203125e-07, -1.8067657947540283e-07, 0.2667926251888275, 0.3121107220649719, -0.9118161797523499, -0.5501269698143005, 0.8261474967002869, 0.12182236462831497, 0.7913166880607605, 0.46911320090293884, 0.3921104371547699),
            ["RightLowerArm"] = CFrame.new(1.1920928955078125e-07, -1.7881393432617188e-07, -2.9802322387695312e-08, 1, -2.607702853651972e-08, 2.2351745343485163e-08, -1.1175872671742582e-08, 0.9999867677688599, -0.005158149171620607, 2.421439049271612e-08, 0.0051581221632659435, 0.9999867081642151),
            ["LeftHand"] = CFrame.new(1.1920928955078125e-07, -3.5762786865234375e-07, -1.4901161193847656e-07, 0.6233319640159607, 0.42232412099838257, 0.6581035852432251, -0.22182254493236542, 0.9025371074676514, -0.36908143758773804, -0.7498347163200378, 0.08407813310623169, 0.6562610864639282),
            ["RightHand"] = CFrame.new(1.4901161193847656e-07, 1.1920928955078125e-07, 0, 0.7373132109642029, -0.3727826774120331, -0.5633851289749146, 0.24247899651527405, 0.92442786693573, -0.29434120655059814, 0.6305340528488159, 0.0804128497838974, 0.7719848155975342),
            ["RightUpperArm"] = CFrame.new(0, 2.384185791015625e-07, -2.644956111907959e-07, 0.22859354317188263, -0.1626410335302353, 0.9598401784896851, 0.5137455463409424, 0.8576351404190063, 0.02297019027173519, -0.826928436756134, 0.4878625273704529, 0.27960580587387085),
            ["RightLowerLeg"] = CFrame.new(-5.727633833885193e-08, 2.980232238769531e-07, -2.3450411390513182e-08, 1, -6.33299421792799e-08, -4.051254620662803e-08, 9.126959810146218e-08, 0.8403558731079102, 0.5420350432395935, 1.8626449271863521e-09, -0.5420352220535278, 0.8403559923171997),
            ["LeftUpperLeg"] = CFrame.new(0, -1.0151416063308716e-07, 2.9802322387695312e-08, 0.9666352272033691, 0.11987671256065369, 0.226375550031662, -0.024912402033805847, 0.9235436916351318, -0.38268324732780457, -0.2549426257610321, 0.36427560448646545, 0.8957163095474243),
            ["LeftLowerLeg"] = CFrame.new(2.468004822731018e-08, -2.980232238769531e-07, 2.9802322387695312e-08, 1, 5.820767512432212e-08, 2.6775532901979204e-08, -5.634501576423645e-08, 0.7507760524749756, 0.6605569124221802, 2.3632310330867767e-08, -0.6605568528175354, 0.7507760524749756),
        }},
        {Time = 0.267, Data = {
            ["RightFoot"] = CFrame.new(-4.889443516731262e-08, 2.980232238769531e-07, 1.6596459317952394e-08, 0.9994902014732361, -0.022748511284589767, -0.022404326125979424, 0.015355399809777737, 0.957693874835968, -0.2873787581920624, 0.027993913739919662, 0.2868887186050415, 0.9575550556182861),
            ["LeftLowerArm"] = CFrame.new(-8.940696716308594e-08, 1.1920928955078125e-07, -8.940696716308594e-08, 1, 0, 2.7939680791178034e-08, 0, 0.9971385598182678, -0.07559710741043091, 1.1175872671742582e-08, 0.07559704780578613, 0.9971385598182678),
            ["LeftFoot"] = CFrame.new(-1.4901161193847656e-08, -1.1920928955078125e-07, -4.470348358154297e-08, 0.94331955909729, -0.1502692550420761, -0.295917809009552, 0.05091748759150505, 0.9465963840484619, -0.31837520003318787, 0.32795700430870056, 0.28526222705841064, 0.900594174861908),
            ["Head"] = CFrame.new(-3.725290298461914e-09, 2.384185791015625e-07, -2.2351741790771484e-08, 0.9969283938407898, -0.03990044817328453, -0.0673941969871521, 0.004543572664260864, 0.8885127305984497, -0.4588293731212616, 0.07818810641765594, 0.4571138620376587, 0.8859648704528809),
            ["LowerTorso"] = CFrame.new(-0.016561366617679596, -0.0783843994140625, 0.1377502977848053, 0.9984143972396851, -0.05620422214269638, 0.0031252331100404263, 0.05500520393252373, 0.9859020709991455, 0.15802426636219025, -0.011962803080677986, -0.15760180354118347, 0.9874302744865417),
            ["UpperTorso"] = CFrame.new(-5.296897143125534e-09, 1.4901161193847656e-07, -3.778404789045453e-08, 0.9980677366256714, 0.007218026556074619, 0.061714909970760345, -0.016578780487179756, 0.9881577491760254, 0.1525433510541916, -0.0598829910159111, -0.15327176451683044, 0.9863680005073547),
            ["HumanoidRootPart"] = CFrame.new(0, 0, 0, 1, 0, 0, 0, 1, 0, 0, 0, 1),
            ["RightUpperLeg"] = CFrame.new(-5.960464477539063e-08, -1.3969838619232178e-07, -8.132337825372815e-08, 0.9048937559127808, 0.004509913735091686, -0.4256135821342468, -0.1380937397480011, 0.9489639401435852, -0.2835448086261749, 0.40261316299438477, 0.3153523802757263, 0.8593343496322632),
            ["LeftUpperArm"] = CFrame.new(0, 5.960464477539062e-07, 3.725290298461914e-09, 0.20481489598751068, 0.253825306892395, -0.9453166723251343, -0.5350986123085022, 0.837727963924408, 0.10900099575519562, 0.8195855021476746, 0.48351284861564636, 0.3074008822441101),
            ["RightLowerArm"] = CFrame.new(5.960464477539063e-08, -3.5762786865234375e-07, -2.9802322387695312e-08, 1, -3.352760913344355e-08, 1.862645149230957e-08, 0, 0.9741313457489014, -0.22598311305046082, -2.9802322387695312e-08, 0.2259829342365265, 0.9741312861442566),
            ["LeftHand"] = CFrame.new(-1.1920928955078125e-07, 1.1920928955078125e-07, -1.4901161193847656e-08, 0.5855143666267395, 0.338449090719223, 0.7366307973861694, -0.10842594504356384, 0.9332091808319092, -0.34258535504341125, -0.8033782839775085, 0.12071866542100906, 0.5831040143966675),
            ["RightHand"] = CFrame.new(0, 1.1920928955078125e-07, -1.4901161193847656e-07, 0.7715707421302795, -0.3842758238315582, -0.5069621801376343, 0.23292911052703857, 0.9122461676597595, -0.336973637342453, 0.5919650793075562, 0.1419128030538559, 0.7933714389801025),
            ["RightUpperArm"] = CFrame.new(0, 8.344650268554688e-07, -1.1175870895385742e-08, 0.292643278837204, -0.38487550616264343, 0.8753460049629211, 0.47123444080352783, 0.8545897006988525, 0.2182074636220932, -0.8320444226264954, 0.34863653779029846, 0.4314567446708679),
