return {
  ["KeyframeSequence"] = {
    {Time = 0.000, Data = {
      ["Head"] = CFrame.new(-0.003107, 0.068928, 0.157247, 0.999864, 0.006038, -0.015367, -0.005978, 0.999974, 0.003996, 0.015391, -0.003903, 0.999874),
      ["LeftFoot"] = CFrame.new(0.000000, 0.025345, -0.000002, 0.921897, -0.296376, -0.249548, 0.054851, 0.737454, -0.673190, 0.383532, 0.606896, 0.696090),
      ["LeftHand"] = CFrame.new(0.000500, 0.000100, -0.000000, 0.998674, 0.033727, 0.038897, -0.034986, 0.998870, 0.032161, -0.037768, -0.033478, 0.998726),
      ["LeftLowerArm"] = CFrame.new(0.005666, -0.027912, 0.010662, 1.000000, -0.000000, -0.000000, 0.000000, 0.998746, -0.050073, 0.000000, 0.050072, 0.998746),
      ["LeftLowerLeg"] = CFrame.new(-0.000000, 0.105618, -0.043609, 1.000000, -0.000000, -0.000000, 0.000000, 0.550157, 0.835068, -0.000000, -0.835061, 0.550147),
      ["LeftUpperArm"] = CFrame.new(0.069142, 0.072005, 0.004720, 0.999988, 0.003110, -0.003651, -0.003012, 0.999642, 0.026601, 0.003733, -0.026590, 0.999639),
      ["LeftUpperLeg"] = CFrame.new(-0.000723, -0.097399, -0.061041, 0.908540, 0.363748, 0.205522, -0.199599, 0.810047, -0.551324, -0.367037, 0.459904, 0.808580),
      ["LowerTorso"] = CFrame.new(-0.101855, -0.334793, -0.305660, 0.999442, 0.014561, -0.030047, -0.005015, 0.955158, 0.296053, 0.033011, -0.295738, 0.954699),
      ["RightFoot"] = CFrame.new(0.000000, 0.012023, -0.000104, 0.957364, 0.221009, 0.186086, -0.039370, 0.737870, -0.673810, -0.286189, 0.637733, 0.715089),
      ["RightHand"] = CFrame.new(-0.000500, 0.000000, 0.000000, 0.999992, -0.003397, 0.002252, 0.003462, 0.999559, -0.029487, -0.002151, 0.029495, 0.999563),
      ["RightLowerArm"] = CFrame.new(-0.011635, -0.038963, -0.003714, 1.000000, 0.000000, 0.000000, -0.000000, 0.999604, -0.028132, -0.000000, 0.028131, 0.999604),
      ["RightLowerLeg"] = CFrame.new(-0.000000, 0.094790, -0.046948, 1.000000, 0.000000, 0.000000, -0.000000, 0.525760, 0.850651, 0.000000, -0.850633, 0.525731),
      ["RightUpperArm"] = CFrame.new(-0.061890, 0.066605, 0.018056, 0.999957, 0.001993, -0.009044, -0.001631, 0.999201, 0.039944, 0.009116, -0.039928, 0.999161),
      ["RightUpperLeg"] = CFrame.new(-0.016717, -0.066244, -0.093048, 0.968527, -0.242714, -0.055290, 0.179419, 0.834598, -0.520788, 0.172525, 0.494505, 0.851894),
      ["UpperTorso"] = CFrame.new(-0.027634, -0.040312, -0.030217, 0.999923, -0.011711, -0.003986, 0.003598, -0.033019, 0.999448, -0.011837, -0.999386, -0.032974)
    }},
    {Time = 0.017, Data = {
      ["Head"] = CFrame.new(-0.003107, 0.068928, 0.157247, 0.999864, 0.006038, -0.015367, -0.005978, 0.999974, 0.003996, 0.015391, -0.003903, 0.999874),
      ["LeftFoot"] = CFrame.new(-0.000000, 0.025354, -0.000002, 0.922102, -0.296002, -0.249233, 0.055060, 0.737916, -0.672667, 0.383010, 0.606517, 0.696708),
      ["LeftHand"] = CFrame.new(0.000500, 0.000100, 0.000000, 0.998674, 0.033727, 0.038897, -0.034986, 0.998870, 0.032161, -0.037768, -0.033478, 0.998726),
      ["LeftLowerArm"] = CFrame.new(0.005666, -0.027912, 0.010662, 1.000000, -0.000000, -0.000000, 0.000000, 0.998746, -0.050073, 0.000000, 0.050072, 0.998746),
      ["LeftLowerLeg"] = CFrame.new(-0.000000, 0.105645, -0.043639, 1.000000, -0.000000, -0.000000, 0.000000, 0.549848, 0.835271, -0.000000, -0.835264, 0.549838),
      ["LeftUpperArm"] = CFrame.new(0.069143, 0.072034, 0.004642, 0.999989, 0.003021, -0.003521, -0.002953, 0.999812, 0.019185, 0.003578, -0.019174, 0.999810),
      ["LeftUpperLeg"] = CFrame.new(-0.000723, -0.097399, -0.061041, 0.908761, 0.363572, 0.204854, -0.198432, 0.808304, -0.554295, -0.367122, 0.463098, 0.806717),
      ["LowerTorso"] = CFrame.new(-0.101861, -0.334481, -0.304658, 0.999444, 0.014575, -0.029972, -0.004965, 0.954379, 0.298556, 0.032956, -0.298241, 0.953921),
      ["RightFoot"] = CFrame.new(-0.000000, 0.012033, -0.000103, 0.957434, 0.220832, 0.185937, -0.039522, 0.738287, -0.673345, -0.285934, 0.637312, 0.715565),
      ["RightHand"] = CFrame.new(-0.000500, 0.000000, -0.000000, 0.999992, -0.003296, 0.002265, 0.003361, 0.999558, -0.029537, -0.002167, 0.029545, 0.999561),
      ["RightLowerArm"] = CFrame.new(-0.011635, -0.038963, -0.003714, 1.000000, 0.000000, 0.000000, -0.000000, 0.999604, -0.028131, -0.000000, 0.028131, 0.999604),
      ["RightLowerLeg"] = CFrame.new(0.000000, 0.094820, -0.046984, 1.000000, 0.000000, 0.000000, -0.000000, 0.525392, 0.850878, 0.000000, -0.850860, 0.525363),
      ["RightUpperArm"] = CFrame.new(-0.061890, 0.066567, 0.018063, 0.999957, 0.001891, -0.009037, -0.001555, 0.999312, 0.037062, 0.009101, -0.037046, 0.999272),
      ["RightUpperLeg"] = CFrame.new(-0.016717, -0.066244, -0.093048, 0.968591, -0.242524, -0.055000, 0.178771, 0.832792, -0.523893, 0.172838, 0.497634, 0.850006),
      ["UpperTorso"] = CFrame.new(-0.027635, -0.040231, -0.030324, 0.999924, -0.011678, -0.003918, 0.003563, -0.030301, 0.999534, -0.011791, -0.999473, -0.030257)
    }},
    {Time = 0.033, Data = {
      ["Head"] = CFrame.new(-0.003107, 0.068928, 0.157247, 0.999864, 0.006038, -0.015367, -0.005978, 0.999974, 0.003996, 0.015391, -0.003903, 0.999874),
      ["LeftFoot"] = CFrame.new(-0.000000, 0.025380, -0.000002, 0.922702, -0.294905, -0.248310, 0.055679, 0.739290, -0.671105, 0.381471, 0.605377, 0.698541),
      ["LeftHand"] = CFrame.new(0.000500, 0.000100, -0.000000, 0.998674, 0.033727, 0.038897, -0.034986, 0.998870, 0.032161, -0.037768, -0.033478, 0.998726),
      ["LeftLowerArm"] = CFrame.new(0.005666, -0.027912, 0.010662, 1.000000, -0.000000, -0.000000, 0.000000, 0.998746, -0.050073, 0.000000, 0.050072, 0.998746),
      ["LeftLowerLeg"] = CFrame.new(-0.000000, 0.105720, -0.043722, 1.000000, -0.000000, -0.000000, 0.000000, 0.548982, 0.835841, -0.000000, -0.835834, 0.548972),
      ["LeftUpperArm"] = CFrame.new(0.069144, 0.072122, 0.004420, 0.999991, 0.002770, -0.003140, -0.002777, 0.999994, -0.002290, 0.003133, 0.002299, 0.999992),
      ["LeftUpperLeg"] = CFrame.new(-0.000723, -0.097399, -0.061041, 0.909410, 0.363046, 0.202900, -0.195005, 0.803119, -0.562980, -0.367351, 0.472439, 0.801177),
      ["LowerTorso"] = CFrame.new(-0.101878, -0.333549, -0.301716, 0.999451, 0.014617, -0.029751, -0.004817, 0.952049, 0.305907, 0.032795, -0.305596, 0.951596),
      ["RightFoot"] = CFrame.new(-0.000000, 0.012064, -0.000104, 0.957640, 0.220309, 0.185497, -0.039975, 0.739528, -0.671955, -0.285181, 0.636052, 0.716985),
      ["RightHand"] = CFrame.new(-0.000500, 0.000000, -0.000000, 0.999993, -0.002994, 0.002303, 0.003061, 0.999555, -0.029688, -0.002213, 0.029695, 0.999557),
      ["RightLowerArm"] = CFrame.new(-0.011635, -0.038963, -0.003714, 1.000000, 0.000000, 0.000000, -0.000000, 0.999604, -0.028132, -0.000000, 0.028131, 0.999604),
      ["RightLowerLeg"] = CFrame.new(0.000000, 0.094907, -0.047086, 1.000000, 0.000000, 0.000000, -0.000000, 0.524349, 0.851521, 0.000000, -0.851503, 0.524320),
      ["RightUpperArm"] = CFrame.new(-0.061891, 0.066457, 0.018085, 0.999958, 0.001594, -0.009015, -0.001335, 0.999590, 0.028596, 0.009057, -0.028583, 0.999550),
      ["RightUpperLeg"] = CFrame.new(-0.016717, -0.066244, -0.093048, 0.968780, -0.241960, -0.054154, 0.176861, 0.827421, -0.532973, 0.173743, 0.506784, 0.844397),
      ["UpperTorso"] = CFrame.new(-0.027639, -0.039991, -0.030636, 0.999926, -0.011578, -0.003717, 0.003459, -0.022300, 0.999745, -0.011658, -0.999684, -0.022258)
    }},
    {Time = 0.050, Data = {
      ["Head"] = CFrame.new(-0.003107, 0.068928, 0.157247, 0.999864, 0.006038, -0.015367, -0.005978, 0.999974, 0.003996, 0.015391, -0.003903, 0.999874),
      ["LeftFoot"] = CFrame.new(0.000000, 0.025418, -0.000002, 0.923674, -0.293119, -0.246806, 0.056708, 0.741577, -0.668490, 0.378959, 0.603444, 0.701575),
      ["LeftHand"] = CFrame.new(0.000500, 0.000100, 0.000000, 0.998674, 0.033727, 0.038897, -0.034986, 0.998870, 0.032161, -0.037768, -0.033478, 0.998726),
      ["LeftLowerArm"] = CFrame.new(0.005666, -0.027912, 0.010662, 1.000000, -0.000000, -0.000000, 0.000000, 0.998746, -0.050073, 0.000000, 0.050072, 0.998746),
      ["LeftLowerLeg"] = CFrame.new(0.000000, 0.105831, -0.043845, 1.000000, -0.000000, -0.000000, 0.000000, 0.547706, 0.836677, -0.000000, -0.836671, 0.547696),
      ["LeftUpperArm"] = CFrame.new(0.069145, 0.072274, 0.004067, 0.999994, 0.002383, -0.002517, -0.002474, 0.999322, -0.036738, 0.002428, 0.036744, 0.999322),
      ["LeftUpperLeg"] = CFrame.new(-0.000723, -0.097399, -0.061041, 0.910460, 0.362154, 0.199757, -0.189438, 0.794486, -0.576957, -0.367662, 0.487480, 0.791971),
      ["LowerTorso"] = CFrame.new(-0.101902, -0.331980, -0.296934, 0.999460, 0.014678, -0.029392, -0.004577, 0.948128, 0.317857, 0.032533, -0.317551, 0.947683),
      ["RightFoot"] = CFrame.new(0.000000, 0.012111, -0.000104, 0.957977, 0.219450, 0.184773, -0.040728, 0.741596, -0.669626, -0.283940, 0.633938, 0.719347),
      ["RightHand"] = CFrame.new(-0.000500, -0.000000, 0.000000, 0.999994, -0.002495, 0.002365, 0.002564, 0.999548, -0.029937, -0.002290, 0.029943, 0.999549),
      ["RightLowerArm"] = CFrame.new(-0.011635, -0.038963, -0.003714, 1.000000, 0.000000, 0.000000, -0.000000, 0.999604, -0.028132, -0.000000, 0.028131, 0.999604),
      ["RightLowerLeg"] = CFrame.new(0.000000, 0.095038, -0.047240, 1.000000, 0.000000, 0.000000, -0.000000, 0.522769, 0.852493, 0.000000, -0.852474, 0.522739),
      ["RightUpperArm"] = CFrame.new(-0.061891, 0.066281, 0.018121, 0.999959, 0.001115, -0.008969, -0.000982, 0.999890, 0.014793, 0.008984, -0.014784, 0.999850),
      ["RightUpperLeg"] = CFrame.new(-0.016717, -0.066244, -0.093048, 0.969088, -0.241023, -0.052794, 0.173733, 0.818485, -0.547598, 0.175171, 0.521527, 0.835075),
      ["UpperTorso"] = CFrame.new(-0.027646, -0.039593, -0.031142, 0.999929, -0.011416, -0.003390, 0.003285, -0.009241, 0.999952, -0.011447, -0.999892, -0.009203)
    }},
    {Time = 0.067, Data = {
      ["Head"] = CFrame.new(-0.003107, 0.068928, 0.157247, 0.999864, 0.006038, -0.015367, -0.005978, 0.999974, 0.003996, 0.015391, -0.003903, 0.999874),
      ["LeftFoot"] = CFrame.new(-0.000000, 0.025461, -0.000002, 0.924990, -0.290681, -0.244753, 0.058153, 0.744799, -0.664774, 0.375515, 0.600648, 0.705813),
      ["LeftHand"] = CFrame.new(0.000500, 0.000100, -0.000000, 0.998674, 0.033727, 0.038897, -0.034986, 0.998870, 0.032161, -0.037768, -0.033478, 0.998726),
      ["LeftLowerArm"] = CFrame.new(0.005666, -0.027912, 0.010662, 1.000000, -0.000000, -0.000000, 0.000000, 0.998746, -0.050073, 0.000000, 0.050072, 0.998746),
      ["LeftLowerLeg"] = CFrame.new(0.000000, 0.105957, -0.043986, 1.000000, -0.000000, -0.000000, 0.000000, 0.546235, 0.837638, -0.000000, -0.837632, 0.546225),
      ["LeftUpperArm"] = CFrame.new(0.069146, 0.072497, 0.003601, 0.999997, 0.001897, -0.001658, -0.002028, 0.996541, -0.083083, 0.001495, 0.083086, 0.996541),
      ["LeftUpperLeg"] = CFrame.new(-0.000723, -0.097399, -0.061041, 0.911883, 0.360872, 0.195541, -0.181860, 0.782325, -0.595708, -0.367962, 0.507680, 0.779035),
      ["LowerTorso"] = CFrame.new(-0.101932, -0.329736, -0.290421, 0.999473, 0.014752, -0.028906, -0.004248, 0.942516, 0.334133, 0.032174, -0.333834, 0.942083),
      ["RightFoot"] = CFrame.new(-0.000000, 0.012167, -0.000104, 0.958441, 0.218261, 0.183772, -0.041788, 0.744516, -0.666313, -0.282215, 0.630918, 0.722672),
      ["RightHand"] = CFrame.new(-0.000500, -0.000000, -0.000000, 0.999995, -0.001800, 0.002452, 0.001873, 0.999540, -0.030283, -0.002397, 0.030288, 0.999538),
      ["RightLowerArm"] = CFrame.new(-0.011635, -0.038963, -0.003714, 1.000000, 0.000000, 0.000000, -0.000000, 0.999604, -0.028132, -0.000000, 0.028131, 0.999604),
      ["RightLowerLeg"] = CFrame.new(0.000000, 0.095195, -0.047426, 1.000000, 0.000000, 0.000000, -0.000000, 0.520852, 0.853666, 0.000000, -0.853647, 0.520822),
      ["RightUpperArm"] = CFrame.new(-0.061892, 0.066041, 0.018170, 0.999960, 0.000467, -0.008891, -0.000504, 0.999991, -0.004120, 0.008889, 0.004125, 0.999952),
      ["RightUpperLeg"] = CFrame.new(-0.016717, -0.066244, -0.093048, 0.969512, -0.239705, -0.050977, 0.169431, 0.805912, -0.567242, 0.177030, 0.541339, 0.821972),
      ["UpperTorso"] = CFrame.new(-0.027656, -0.039039, -0.031825, 0.999933, -0.011193, -0.002942, 0.003039, 0.008647, 0.999958, -0.011167, -0.999900, 0.008680)
    }},
    {Time = 0.083, Data = {
      ["Head"] = CFrame.new(-0.003107, 0.068928, 0.157247, 0.999864, 0.006038, -0.015367, -0.005978, 0.999974, 0.003996, 0.015391, -0.003903, 0.999874),
      ["LeftFoot"] = CFrame.new(0.000000, 0.025502, -0.000002, 0.926618, -0.287631, -0.242186, 0.060020, 0.748989, -0.659882, 0.371183, 0.596895, 0.711267),
      ["LeftHand"] = CFrame.new(0.000500, 0.000100, 0.000000, 0.998674, 0.033727, 0.038897, -0.034986, 0.998870, 0.032161, -0.037768, -0.033478, 0.998726),
      ["LeftLowerArm"] = CFrame.new(0.005666, -0.027912, 0.010662, 1.000000, -0.000000, -0.000000, 0.000000, 0.998746, -0.050073, 0.000000, 0.050072, 0.998746),
      ["LeftLowerLeg"] = CFrame.new(-0.000000, 0.106077, -0.044120, 1.000000, -0.000000, -0.000000, 0.000000, 0.544838, 0.838548, -0.000000, -0.838541, 0.544828),
      ["LeftUpperArm"] = CFrame.new(0.069148, 0.072802, 0.003038, 0.999999, 0.001352, -0.000566, -0.001418, 0.990131, -0.140134, 0.000370, 0.140135, 0.990132),
      ["LeftUpperLeg"] = CFrame.new(-0.000723, -0.097399, -0.061041, 0.913645, 0.359167, 0.190389, -0.172416, 0.766513, -0.618631, -0.368138, 0.532407, 0.762265),
      ["LowerTorso"] = CFrame.new(-0.101962, -0.326758, -0.282295, 0.999489, 0.014827, -0.028305, -0.003834, 0.935071, 0.354439, 0.031722, -0.354149, 0.934651),
      ["RightFoot"] = CFrame.new(0.000000, 0.012225, -0.000104, 0.959027, 0.216749, 0.182499, -0.043165, 0.748322, -0.661947, -0.280008, 0.626924, 0.726994),
      ["RightHand"] = CFrame.new(-0.000500, 0.000000, 0.000000, 0.999996, -0.000913, 0.002563, 0.000991, 0.999527, -0.030725, -0.002534, 0.030728, 0.999525),
      ["RightLowerArm"] = CFrame.new(-0.011635, -0.038963, -0.003715, 1.000000, 0.000000, 0.000000, -0.000000, 0.999604, -0.028132, -0.000000, 0.028131, 0.999604),
      ["RightLowerLeg"] = CFrame.new(0.000000, 0.095360, -0.047622, 1.000000, 0.000000, 0.000000, -0.000000, 0.518843, 0.854888, 0.000000, -0.854870, 0.518813),
      ["RightUpperArm"] = CFrame.new(-0.061892, 0.065745, 0.018227, 0.999961, -0.000335, -0.008768, 0.000090, 0.999610, -0.027931, 0.008774, 0.027929, 0.999571),
      ["RightUpperLeg"] = CFrame.new(-0.016717, -0.066244, -0.093048, 0.970047, -0.237996, -0.048767, 0.163995, 0.789579, -0.591299, 0.179208, 0.565617, 0.804977),
      ["UpperTorso"] = CFrame.new(-0.027668, -0.038327, -0.032670, 0.999938, -0.010913, -0.002379, 0.002718, 0.031129, 0.999512, -0.010834, -0.999456, 0.031157)
    }},
    {Time = 0.100, Data = {
      ["Head"] = CFrame.new(-0.003107, 0.068928, 0.157247, 0.999864, 0.006038, -0.015367, -0.005978, 0.999974, 0.003996, 0.015391, -0.003903, 0.999874),
      ["LeftFoot"] = CFrame.new(-0.000000, 0.025532, -0.000002, 0.928523, -0.284013, -0.239139, 0.062320, 0.754186, -0.653721, 0.366007, 0.592064, 0.717956),
      ["LeftHand"] = CFrame.new(0.000500, 0.000100, 0.000000, 0.998674, 0.033727, 0.038897, -0.034986, 0.998870, 0.032161, -0.037768, -0.033478, 0.998726),
      ["LeftLowerArm"] = CFrame.new(0.005666, -0.027913, 0.010662, 1.000000, -0.000000, -0.000000, 0.000000, 0.998746, -0.050073, 0.000000, 0.050072, 0.998746),
      ["LeftLowerLeg"] = CFrame.new(0.000000, 0.106163, -0.044216, 1.000000, -0.000000, -0.000000, 0.000000, 0.543833, 0.839200, -0.000000, -0.839194, 0.543823),
      ["LeftUpperArm"] = CFrame.new(0.069148, 0.073200, 0.002403, 0.999999, 0.000793, 0.000754, -0.000621, 0.978452, -0.206473, -0.000901, 0.206472, 0.978452),
      ["LeftUpperLeg"] = CFrame.new(-0.000723, -0.097399, -0.061041, 0.915709, 0.357001, 0.184453, -0.161263, 0.746914, -0.645048, -0.368064, 0.560954, 0.741546),
      ["LowerTorso"] = CFrame.new(-0.101988, -0.322974, -0.272683, 0.999508, 0.014892, -0.027601, -0.003340, 0.925612, 0.378458, 0.031184, -0.378180, 0.925207),
      ["RightFoot"] = CFrame.new(0.000000, 0.012272, -0.000104, 0.959730, 0.214919, 0.180958, -0.044865, 0.753052, -0.656447, -0.277318, 0.621870, 0.732347),
      ["RightHand"] = CFrame.new(-0.000500, 0.000000, -0.000000, 0.999996, 0.000165, 0.002697, -0.000081, 0.999511, -0.031263, -0.002701, 0.031263, 0.999508),
      ["RightLowerArm"] = CFrame.new(-0.011635, -0.038963, -0.003714, 1.000000, 0.000000, 0.000000, -0.000000, 0.999604, -0.028132, -0.000000, 0.028131, 0.999604),
      ["RightLowerLeg"] = CFrame.new(0.000000, 0.095503, -0.047800, 1.000000, 0.000000, 0.000000, -0.000000, 0.517021, 0.855991, 0.000000, -0.855973, 0.516990),
      ["RightUpperArm"] = CFrame.new(-0.061893, 0.065394, 0.018291, 0.999962, -0.001278, -0.008589, 0.000792, 0.998407, -0.056421, 0.008647, 0.056412, 0.998370),
      ["RightUpperLeg"] = CFrame.new(-0.016717, -0.066243, -0.093048, 0.970686, -0.235884, -0.046236, 0.157471, 0.769346, -0.619090, 0.181581, 0.593688, 0.783958),
      ["UpperTorso"] = CFrame.new(-0.027682, -0.037452, -0.033657, 0.999943, -0.010578, -0.001708, 0.002318, 0.057959, 0.998316, -0.010461, -0.998263, 0.057980)
    }},
    {Time = 0.117, Data = {
      ["Head"] = CFrame.new(-0.003107, 0.068928, 0.157247, 0.999864, 0.006038, -0.015367, -0.005978, 0.999974, 0.003996, 0.015391, -0.003903, 0.999874),
      ["LeftFoot"] = CFrame.new(0.000000, 0.025539, -0.000002, 0.930668, -0.279874, -0.235655, 0.065056, 0.760425, -0.646184, 0.360035, 0.586024, 0.725888),
      ["LeftHand"] = CFrame.new(0.000500, 0.000100, 0.000000, 0.998674, 0.033727, 0.038897, -0.034986, 0.998870, 0.032161, -0.037768, -0.033478, 0.998726),
      ["LeftLowerArm"] = CFrame.new(0.005666, -0.027912, 0.010662, 1.000000, -0.000000, -0.000000, 0.000000, 0.998746, -0.050073, 0.000000, 0.050072, 0.998746),
      ["LeftLowerLeg"] = CFrame.new(-0.000000, 0.106186, -0.044242, 1.000000, -0.000000, -0.000000, 0.000000, 0.543565, 0.839374, -0.000000, -0.839367, 0.543555),
      ["LeftUpperArm"] = CFrame.new(0.069147, 0.073702, 0.001718, 0.999997, 0.000270, 0.002287, 0.000382, 0.959894, -0.280364, -0.002271, 0.280364, 0.959891),
      ["LeftUpperLeg"] = CFrame.new(-0.000723, -0.097399, -0.061041, 0.918036, 0.354341, 0.177899, -0.148572, 0.723414, -0.674220, -0.367610, 0.592549, 0.716784),
      ["LowerTorso"] = CFrame.new(-0.102005, -0.318304, -0.261722, 0.999529, 0.014935, -0.026808, -0.002770, 0.913936, 0.405848, 0.030562, -0.405582, 0.913547),
      ["RightFoot"] = CFrame.new(0.000000, 0.012295, -0.000104, 0.960544, 0.212779, 0.179157, -0.046898, 0.758746, -0.649715, -0.274144, 0.615654, 0.738765),
      ["RightHand"] = CFrame.new(-0.000500, 0.000000, -0.000000, 0.999995, 0.001430, 0.002853, -0.001338, 0.999490, -0.031894, -0.002898, 0.031890, 0.999487),
      ["RightLowerArm"] = CFrame.new(-0.011635, -0.038963, -0.003714, 1.000000, 0.000000, 0.000000, -0.000000, 0.999604, -0.028132, -0.000000, 0.028132, 0.999604),
      ["RightLowerLeg"] = CFrame.new(0.000000, 0.095597, -0.047929, 1.000000, 0.000000, 0.000000, -0.000000, 0.515705, 0.856785, 0.000000, -0.856766, 0.515674),
      ["RightUpperArm"] = CFrame.new(-0.061893, 0.064993, 0.018357, 0.999963, -0.002347, -0.008338, 0.001592, 0.995998, -0.089356, 0.008515, 0.089339, 0.995965),
      ["RightUpperLeg"] = CFrame.new(-0.016717, -0.066244, -0.093048, 0.971424, -0.233359, -0.043469, 0.149913, 0.745089, -0.649871, 0.184018, 0.624809, 0.758800),
      ["UpperTorso"] = CFrame.new(-0.027699, -0.036412, -0.034766, 0.999948, -0.010189, -0.000933, 0.001835, 0.088874, 0.996041, -0.010066, -0.995991, 0.088888)
    }},
    {Time = 0.133, Data = {
      ["Head"] = CFrame.new(-0.003107, 0.068928, 0.157247, 0.999864, 0.006038, -0.015367, -0.005978, 0.999974, 0.003996, 0.015391, -0.003903, 0.999874),
      ["LeftFoot"] = CFrame.new(-0.000000, 0.025514, -0.000002, 0.933013, -0.275267, -0.231776, 0.068223, 0.767731, -0.637155, 0.353316, 0.578634, 0.735060),
      ["LeftHand"] = CFrame.new(0.000500, 0.000100, -0.000000, 0.998674, 0.033727, 0.038897, -0.034986, 0.998870, 0.032161, -0.037768, -0.033478, 0.998726),
      ["LeftLowerArm"] = CFrame.new(0.005666, -0.027912, 0.010662, 1.000000, -0.000000, -0.000000, 0.000000, 0.998746, -0.050073, 0.000000, 0.050072, 0.998746),
      ["LeftLowerLeg"] = CFrame.new(-0.000000, 0.106114, -0.044161, 1.000000, -0.000000, -0.000000, 0.000000, 0.544406, 0.838828, -0.000000, -0.838822, 0.544396),
      ["LeftUpperArm"] = CFrame.new(0.069144, 0.074311, 0.001011, 0.999992, -0.000168, 0.004014, 0.001601, 0.933060, -0.359716, -0.003684, 0.359720, 0.933053),
      ["LeftUpperLeg"] = CFrame.new(-0.000723, -0.097399, -0.061041, 0.920583, 0.351161, 0.170905, -0.134527, 0.695949, -0.705359, -0.366646, 0.626371, 0.687940),
      ["LowerTorso"] = CFrame.new(-0.102008, -0.312660, -0.249559, 0.999552, 0.014943, -0.025943, -0.002129, 0.899827, 0.436241, 0.029863, -0.435991, 0.899456),
      ["RightFoot"] = CFrame.new(-0.000000, 0.012303, -0.000104, 0.961462, 0.210340, 0.177103, -0.049273, 0.765449, -0.641626, -0.270487, 0.608149, 0.746291),
      ["RightHand"] = CFrame.new(-0.000500, 0.000000, -0.000000, 0.999991, 0.002880, 0.003032, -0.002780, 0.999464, -0.032618, -0.003124, 0.032609, 0.999463),
      ["RightLowerArm"] = CFrame.new(-0.011635, -0.038963, -0.003714, 1.000000, 0.000000, 0.000000, -0.000000, 0.999604, -0.028132, -0.000000, 0.028132, 0.999604),
      ["RightLowerLeg"] = CFrame.new(0.000000, 0.095627, -0.047970, 1.000000, 0.000000, 0.000000, -0.000000, 0.515285, 0.857037, 0.000000, -0.857019, 0.515254),
      ["RightUpperArm"] = CFrame.new(-0.061893, 0.064548, 0.018422, 0.999962, -0.003524, -0.008002, 0.002484, 0.991967, -0.126473, 0.008383, 0.126448, 0.991938),
      ["RightUpperLeg"] = CFrame.new(-0.016717, -0.066243, -0.093048, 0.972252, -0.230415, -0.040560, 0.141383, 0.716747, -0.682824, 0.186380, 0.658166, 0.729456),
      ["UpperTorso"] = CFrame.new(-0.027717, -0.035203, -0.035976, 0.999952, -0.009751, -0.000062, 0.001267, 0.123588, 0.992333, -0.009668, -0.992286, 0.123595)
    }},
    {Time = 0.150, Data = {
      ["Head"] = CFrame.new(-0.003107, 0.068928, 0.157247, 0.999864, 0.006038, -0.015367, -0.005978, 0.999974, 0.003996, 0.015391, -0.003903, 0.999874),
      ["LeftFoot"] = CFrame.new(-0.000000, 0.025444, -0.000002, 0.935517, -0.270248, -0.227550, 0.071808, 0.776112, -0.626518, 0.345907, 0.569751, 0.745451),
      ["LeftHand"] = CFrame.new(0.000500, 0.000100, 0.000000, 0.998674, 0.033727, 0.038897, -0.034986, 0.998870, 0.032161, -0.037768, -0.033478, 0.998726),
      ["LeftLowerArm"] = CFrame.new(0.005666, -0.027912, 0.010662, 1.000000, -0.000000, -0.000000, 0.000000, 0.998746, -0.050073, 0.000000, 0.050072, 0.998746),
      ["LeftLowerLeg"] = CFrame.new(0.000000, 0.105913, -0.043937, 1.000000, -0.000000, -0.000000, 0.000000, 0.546740, 0.837309, -0.000000, -0.837302, 0.546731),
      ["LeftUpperArm"] = CFrame.new(0.069139, 0.075029, 0.000312, 0.999982, -0.000477, 0.005902, 0.003037, 0.896951, -0.442119, -0.005083, 0.442129, 0.896937),
      ["LeftUpperLeg"] = CFrame.new(-0.000723, -0.097399, -0.061041, 0.923307, 0.347443, 0.163654, -0.119324, 0.664539, -0.737648, -0.365055, 0.661567, 0.655052),
      ["LowerTorso"] = CFrame.new(-0.101993, -0.305956, -0.236350, 0.999576, 0.014905, -0.025022, -0.001421, 0.883066, 0.469246, 0.029090, -0.469012, 0.882713),
      ["RightFoot"] = CFrame.new(0.000000, 0.012287, -0.000104, 0.962473, 0.207616, 0.174810, -0.051989, 0.773183, -0.632068, -0.266351, 0.599236, 0.754938),
      ["RightHand"] = CFrame.new(-0.000500, -0.000000, 0.000000, 0.999985, 0.004513, 0.003231, -0.004403, 0.999431, -0.033433, -0.003380, 0.033419, 0.999436),
      ["RightLowerArm"] = CFrame.new(-0.011635, -0.038962, -0.003714, 1.000000, 0.000000, 0.000000, -0.000000, 0.999604, -0.028133, -0.000000, 0.028132, 0.999604),
      ["RightLowerLeg"] = CFrame.new(0.000000, 0.095565, -0.047888, 1.000000, 0.000000, 0.000000, -0.000000, 0.516131, 0.856528, 0.000000, -0.856510, 0.516101),
      ["RightUpperArm"] = CFrame.new(-0.061892, 0.064061, 0.018484, 0.999960, -0.004792, -0.007565, 0.003458, 0.985872, -0.167464, 0.008261, 0.167431, 0.985849),
      ["RightUpperLeg"] = CFrame.new(-0.016717, -0.066244, -0.093048, 0.973161, -0.227053, -0.037607, 0.131958, 0.684321, -0.717117, 0.188535, 0.692930, 0.695937),
      ["UpperTorso"] = CFrame.new(-0.027737, -0.033820, -0.037264, 0.999957, -0.009263, 0.000900, 0.000611, 0.161789, 0.986825, -0.009287, -0.986782, 0.161787)
    }},
    {Time = 0.167, Data = {
      ["Head"] = CFrame.new(-0.003107, 0.068928, 0.157247, 0.999864, 0.006038, -0.015367, -0.005978, 0.999974, 0.003996, 0.015391, -0.003903, 0.999874),
      ["LeftFoot"] = CFrame.new(-0.000000, 0.025319, -0.000002, 0.938138, -0.264877, -0.223028, 0.075787, 0.785552, -0.614162, 0.337866, 0.559239, 0.757010),
      ["LeftHand"] = CFrame.new(0.000500, 0.000100, 0.000000, 0.998674, 0.033727, 0.038897, -0.034986, 0.998870, 0.032161, -0.037768, -0.033478, 0.998726),
      ["LeftLowerArm"] = CFrame.new(0.005666, -0.027912, 0.010662, 1.000000, -0.000000, -0.000000, 0.000000, 0.998746, -0.050073, 0.000000, 0.050072, 0.998746),
      ["LeftLowerLeg"] = CFrame.new(-0.000000, 0.105550, -0.043534, 1.000000, -0.000000, -0.000000, 0.000000, 0.550941, 0.834550, -0.000000, -0.834544, 0.550932),
      ["LeftUpperArm"] = CFrame.new(0.069132, 0.075849, -0.000351, 0.999969, -0.000617, 0.007910, 0.004677, 0.851126, -0.524941, -0.006409, 0.524962, 0.851102),
      ["LeftUpperLeg"] = CFrame.new(-0.000723, -0.097399, -0.061041, 0.926164, 0.343185, 0.156333, -0.103167, 0.629299, -0.770269, -0.362736, 0.697286, 0.618260),
      ["LowerTorso"] = CFrame.new(-0.101956, -0.298107, -0.222264, 0.999601, 0.014812, -0.024064, -0.000650, 0.863444, 0.504445, 0.028249, -0.504228, 0.863108),
      ["RightFoot"] = CFrame.new(-0.000000, 0.012233, -0.000103, 0.963566, 0.204625, 0.172292, -0.055031, 0.781938, -0.620942, -0.261746, 0.588813, 0.764688),
      ["RightHand"] = CFrame.new(-0.000500, -0.000000, 0.000000, 0.999974, 0.006327, 0.003451, -0.006205, 0.999391, -0.034338, -0.003667, 0.034316, 0.999404),
      ["RightLowerArm"] = CFrame.new(-0.011635, -0.038963, -0.003714, 1.000000, 0.000000, 0.000000, -0.000000, 0.999604, -0.028133, -0.000000, 0.028132, 0.999604),
      ["RightLowerLeg"] = CFrame.new(0.000000, 0.095377, -0.047647, 1.000000, 0.000000, 0.000000, -0.000000, 0.518589, 0.855042, 0.000000, -0.855024, 0.518558),
      ["RightUpperArm"] = CFrame.new(-0.061890, 0.063539, 0.018537, 0.999957, -0.006128, -0.007014, 0.004503, 0.977266, -0.211968, 0.008153, 0.211928, 0.977251),
      ["RightUpperLeg"] = CFrame.new(-0.016717, -0.066244, -0.093048, 0.974140, -0.223284, -0.034705, 0.121726, 0.647891, -0.751921, 0.190353, 0.728273, 0.658339),
      ["UpperTorso"] = CFrame.new(-0.027760, -0.032260, -0.038606, 0.999960, -0.008730, 0.001946, -0.000132, 0.203134, 0.979151, -0.008943, -0.979112, 0.203124)
    }},
    {Time = 0.183, Data = {
      ["Head"] = CFrame.new(-0.003107, 0.068928, 0.157247, 0.999864, 0.006038, -0.015367, -0.005978, 0.999974, 0.003996, 0.015391, -0.003903, 0.999874),
      ["LeftFoot"] = CFrame.new(-0.000000, 0.025127, -0.000002, 0.940835, -0.259218, -0.218263, 0.080125, 0.796008, -0.599985, 0.329255, 0.546972, 0.769662),
      ["LeftHand"] = CFrame.new(0.000500, 0.000100, -0.000000, 0.998674, 0.033727, 0.038897, -0.034986, 0.998870, 0.032161, -0.037768, -0.033478, 0.998726),
      ["LeftLowerArm"] = CFrame.new(0.005666, -0.027912, 0.010662, 1.000000, -0.000000, -0.000000, 0.000000, 0.998746, -0.050073, 0.000000, 0.050072, 0.998746),
      ["LeftLowerLeg"] = CFrame.new(0.000000, 0.104986, -0.042916, 1.000000, -0.000000, -0.000000, 0.000000, 0.557373, 0.830268, -0.000000, -0.830262, 0.557364),
      ["LeftUpperArm"] = CFrame.new(0.069123, 0.076758, -0.000951, 0.999950, -0.000561, 0.009988, 0.006495, 0.795810, -0.605513, -0.007609, 0.605547, 0.795773),
      ["LeftUpperLeg"] = CFrame.new(-0.000723, -0.097399, -0.061041, 0.929109, 0.338398, 0.149127, -0.086268, 0.590464, -0.802425, -0.359604, 0.732692, 0.577820),
      ["LowerTorso"] = CFrame.new(-0.101893, -0.289036, -0.207476, 0.999626, 0.014654, -0.023088, 0.000179, 0.840767, 0.541396, 0.027345, -0.541198, 0.840450),
      ["RightFoot"] = CFrame.new(0.000000, 0.012105, -0.000103, 0.964730, 0.201391, 0.169569, -0.058371, 0.791668, -0.608177, -0.256689, 0.576804, 0.775479),
      ["RightHand"] = CFrame.new(-0.000500, 0.000000, 0.000000, 0.999959, 0.008318, 0.003691, -0.008182, 0.999342, -0.035333, -0.003983, 0.035301, 0.999369),
      ["RightLowerArm"] = CFrame.new(-0.011635, -0.038963, -0.003714, 1.000000, 0.000000, 0.000000, -0.000000, 0.999604, -0.028133, -0.000000, 0.028133, 0.999604),
      ["RightLowerLeg"] = CFrame.new(0.000000, 0.095017, -0.047223, 1.000000, 0.000000, 0.000000, -0.000000, 0.522948, 0.852383, 0.000000, -0.852364, 0.522918),
      ["RightUpperArm"] = CFrame.new(-0.061888, 0.062986, 0.018580, 0.999952, -0.007510, -0.006336, 0.005608, 0.965711, -0.259561, 0.008068, 0.259513, 0.965706),
      ["RightUpperLeg"] = CFrame.new(-0.016717, -0.066244, -0.093048, 0.975177, -0.219131, -0.031943, 0.110790, 0.607625, -0.786439, 0.191719, 0.763396, 0.616842),
      ["UpperTorso"] = CFrame.new(-0.027783, -0.030524, -0.039977, 0.999962, -0.008153, 0.003070, -0.000959, 0.247248, 0.968952, -0.008659, -0.968918, 0.247231)
    }},
    {Time = 0.200, Data = {
      ["Head"] = CFrame.new(-0.003107, 0.068928, 0.157247, 0.999864, 0.006038, -0.015367, -0.005978, 0.999974, 0.003996, 0.015391, -0.003903, 0.999874),
      ["LeftFoot"] = CFrame.new(-0.000000, 0.024857, -0.000002, 0.943569, -0.253336, -0.213311, 0.084776, 0.807405, -0.583900, 0.320140, 0.532839, 0.783300),
      ["LeftHand"] = CFrame.new(0.000500, 0.000100, 0.000000, 0.998674, 0.033727, 0.038897, -0.034986, 0.998870, 0.032161, -0.037768, -0.033478, 0.998726),
      ["LeftLowerArm"] = CFrame.new(0.005666, -0.027912, 0.010662, 1.000000, -0.000000, -0.000000, 0.000000, 0.998746, -0.050073, 0.000000, 0.050072, 0.998746),
      ["LeftLowerLeg"] = CFrame.new(-0.000000, 0.104187, -0.042052, 1.000000, -0.000000, -0.000000, 0.000000, 0.566365, 0.824160, -0.000000, -0.824154, 0.566357),
      ["LeftUpperArm"] = CFrame.new(0.069112, 0.077735, -0.001466, 0.999927, -0.000298, 0.012080, 0.008449, 0.731924, -0.681334, -0.008638, 0.681387, 0.731873),
      ["LeftUpperLeg"] = CFrame.new(-0.000723, -0.097399, -0.061041, 0.932100, 0.333108, 0.142211, -0.068837, 0.548394, -0.833369, -0.355600, 0.767009, 0.534109),
      ["LowerTorso"] = CFrame.new(-0.101801, -0.278678, -0.192171, 0.999651, 0.014426, -0.022113, 0.001063, 0.814873, 0.579639, 0.026381, -0.579460, 0.814574),
      ["RightFoot"] = CFrame.new(0.000000, 0.011910, -0.000103, 0.965949, 0.197942, 0.166666, -0.061987, 0.802331, -0.593673, -0.251198, 0.563102, 0.787258),
      ["RightHand"] = CFrame.new(-0.000500, 0.000000, -0.000000, 0.999937, 0.010485, 0.003950, -0.010334, 0.999283, -0.036415, -0.004329, 0.036373, 0.999329),
      ["RightLowerArm"] = CFrame.new(-0.011635, -0.038962, -0.003714, 1.000000, 0.000000, 0.000000, -0.000000, 0.999604, -0.028134, -0.000000, 0.028133, 0.999604),
      ["RightLowerLeg"] = CFrame.new(-0.000000, 0.094463, -0.046576, 1.000000, 0.000000, 0.000000, -0.000000, 0.529584, 0.848276, 0.000000, -0.848257, 0.529555),
      ["RightUpperArm"] = CFrame.new(-0.061884, 0.062408, 0.018609, 0.999945, -0.008911, -0.005522, 0.006763, 0.950795, -0.309748, 0.008010, 0.309693, 0.950803),
      ["RightUpperLeg"] = CFrame.new(-0.016717, -0.066244, -0.093048, 0.976258, -0.214621, -0.029423, 0.099262, 0.563854, -0.819870, 0.192528, 0.797501, 0.571793),
      ["UpperTorso"] = CFrame.new(-0.027809, -0.028610, -0.041351, 0.999963, -0.007533, 0.004266, -0.001866, 0.293724, 0.955888, -0.008454, -0.955860, 0.293699)
    }},
    {Time = 0.217, Data = {
      ["Head"] = CFrame.new(-0.003107, 0.068928, 0.157247, 0.999864, 0.006038, -0.015367, -0.005978, 0.999974, 0.003996, 0.015391, -0.003903, 0.999874),
      ["LeftFoot"] = CFrame.new(-0.000000, 0.024583, -0.000002, 0.946303, -0.247297, -0.208226, 0.089726, 0.819703, -0.565742, 0.310579, 0.516653, 0.797858),
      ["LeftHand"] = CFrame.new(0.000500, 0.000100, 0.000000, 0.998674, 0.033727, 0.038897, -0.034986, 0.998870, 0.032161, -0.037768, -0.033478, 0.998726),
      ["LeftLowerArm"] = CFrame.new(0.005666, -0.027912, 0.010662, 1.000000, -0.000000, -0.000000, 0.000000, 0.998746, -0.050073, 0.000000, 0.050072, 0.998746),
      ["LeftLowerLeg"] = CFrame.new(0.000000, 0.103156, -0.040889, 1.000000, -0.000000, -0.000000, 0.000000, 0.578423, 0.815742, -0.000000, -0.815737, 0.578415),
      ["LeftUpperArm"] = CFrame.new(0.069098, 0.078756, -0.001881, 0.999900, 0.000170, 0.014130, 0.010491, 0.661017, -0.750298, -0.009468, 0.750371, 0.660949),
      ["LeftUpperLeg"] = CFrame.new(-0.000723, -0.097399, -0.061041, 0.935097, 0.327333, 0.135800, -0.051084, 0.503689, -0.862361, -0.350690, 0.799469, 0.487741),
      ["LowerTorso"] = CFrame.new(-0.101681, -0.266982, -0.176541, 0.999676, 0.014124, -0.021161, 0.001996, 0.785631, 0.618692, 0.025363, -0.618534, 0.785348),
      ["RightFoot"] = CFrame.new(-0.000000, 0.011640, -0.000103, 0.967208, 0.194310, 0.163608, -0.065843, 0.813843, -0.577365, -0.245302, 0.547634, 0.799927),
      ["RightHand"] = CFrame.new(-0.000500, 0.000000, -0.000000, 0.999909, 0.012824, 0.004226, -0.012657, 0.999213, -0.037585, -0.004705, 0.037528, 0.999285),
      ["RightLowerArm"] = CFrame.new(-0.011635, -0.038962, -0.003714, 1.000000, 0.000000, 0.000000, -0.000000, 0.999604, -0.028134, -0.000000, 0.028133, 0.999604),
      ["RightLowerLeg"] = CFrame.new(-0.000000, 0.093682, -0.045679, 1.000000, 0.000000, 0.000000, -0.000000, 0.538794, 0.842456, 0.000000, -0.842437, 0.538766),
      ["RightUpperArm"] = CFrame.new(-0.061880, 0.061813, 0.018622, 0.999937, -0.010304, -0.004564, 0.007954, 0.932157, -0.361966, 0.007984, 0.361907, 0.932180),
      ["RightUpperLeg"] = CFrame.new(-0.016717, -0.066244, -0.093048, 0.977370, -0.209793, -0.027232, 0.087267, 0.517008, -0.851504, 0.192696, 0.829873, 0.523640),
      ["UpperTorso"] = CFrame.new(-0.027835, -0.026521, -0.042703, 0.999961, -0.006874, 0.005529, -0.002843, 0.342120, 0.939652, -0.008351, -0.939631, 0.342088)
    }},
    {Time = 0.233, Data = {
      ["Head"] = CFrame.new(-0.003107, 0.068928, 0.157247, 0.999864, 0.006038, -0.015367, -0.005978, 0.999974, 0.003996, 0.015391, -0.003903, 0.999874),
      ["LeftFoot"] = CFrame.new(0.000000, 0.024245, -0.000002, 0.949004, -0.241165, -0.203063, 0.094893, 0.832732, -0.545510, 0.300645, 0.498395, 0.813132),
      ["LeftHand"] = CFrame.new(0.000500, 0.000100, -0.000000, 0.998674, 0.033727, 0.038897, -0.034986, 0.998870, 0.032161, -0.037768, -0.033478, 0.998726),
      ["LeftLowerArm"] = CFrame.new(0.005666, -0.027912, 0.010662, 1.000000, -0.000000, -0.000000, 0.000000, 0.998746, -0.050073, 0.000000, 0.050072, 0.998746),
      ["LeftLowerLeg"] = CFrame.new(0.000000, 0.101821, -0.039420, 1.000000, -0.000000, -0.000000, 0.000000, 0.593645, 0.804733, -0.000000, -0.804727, 0.593637),
      ["LeftUpperArm"] = CFrame.new(0.069083, 0.079793, -0.002188, 0.999870, 0.000824, 0.016089, 0.012565, 0.585113, -0.810855, -0.010082, 0.810951, 0.585027),
      ["LeftUpperLeg"] = CFrame.new(-0.000723, -0.097399, -0.061041, 0.938065, 0.321133, 0.130014, -0.033208, 0.456874, -0.888901, -0.344865, 0.829542, 0.439263),
      ["LowerTorso"] = CFrame.new(-0.101530, -0.253911, -0.160783, 0.999700, 0.013748, -0.020251, 0.002975, 0.752955, 0.658065, 0.024295, -0.657928, 0.752689),
      ["RightFoot"] = CFrame.new(0.000000, 0.011285, -0.000103, 0.968493, 0.190528, 0.160424, -0.069895, 0.826095, -0.559203, -0.239033, 0.530346, 0.813361),
      ["RightHand"] = CFrame.new(-0.000500, 0.000000, -0.000000, 0.999872, 0.015335, 0.004520, -0.015148, 0.999131, -0.038840, -0.005111, 0.038767, 0.999235),
      ["RightLowerArm"] = CFrame.new(-0.011635, -0.038962, -0.003714, 1.000000, 0.000000, 0.000000, -0.000000, 0.999604, -0.028135, -0.000000, 0.028134, 0.999604),
      ["RightLowerLeg"] = CFrame.new(0.000000, 0.092638, -0.044504, 1.000000, 0.000000, 0.000000, -0.000000, 0.550832, 0.834634, 0.000000, -0.834616, 0.550805),
      ["RightUpperArm"] = CFrame.new(-0.061875, 0.061207, 0.018618, 0.999926, -0.011658, -0.003460, 0.009166, 0.909507, -0.415588, 0.007991, 0.415525, 0.909547),
      ["RightUpperLeg"] = CFrame.new(-0.016717, -0.066244, -0.093048, 0.978499, -0.204692, -0.025451, 0.074934, 0.467629, -0.880729, 0.192158, 0.859898, 0.472936),
      ["UpperTorso"] = CFrame.new(-0.027863, -0.024262, -0.044008, 0.999957, -0.006177, 0.006850, -0.003881, 0.391965, 0.919972, -0.008368, -0.919959, 0.391924)
    }},
    {Time = 0.250, Data = {
      ["Head"] = CFrame.new(-0.003107, 0.068928, 0.157247, 0.999864, 0.006038, -0.015367, -0.005978, 0.999974, 0.003996, 0.015391, -0.003903, 0.999874),
      ["LeftFoot"] = CFrame.new(0.000000, 0.023689, -0.000002, 0.951642, -0.235003, -0.197875, 0.100147, 0.846219, -0.523365, 0.290428, 0.478213, 0.828815),
      ["LeftHand"] = CFrame.new(0.000500, 0.000100, 0.000000, 0.998674, 0.033727, 0.038897, -0.034986, 0.998870, 0.032161, -0.037768, -0.033478, 0.998726),
      ["LeftLowerArm"] = CFrame.new(0.005666, -0.027912, 0.010662, 1.000000, -0.000000, -0.000000, 0.000000, 0.998746, -0.050073, 0.000000, 0.050072, 0.998746),
      ["LeftLowerLeg"] = CFrame.new(-0.000000, 0.100042, -0.037675, 1.000000, -0.000000, -0.000000, 0.000000, 0.611778, 0.791035, -0.000000, -0.791029, 0.611771),
      ["LeftUpperArm"] = CFrame.new(0.069067, 0.080819, -0.002388, 0.999838, 0.001634, 0.017913, 0.014618, 0.506510, -0.862110, -0.010482, 0.862233, 0.506404),
      ["LeftUpperLeg"] = CFrame.new(-0.000723, -0.097399, -0.061041, 0.940970, 0.314596, 0.124897, -0.015396, 0.408378, -0.912674, -0.338139, 0.856888, 0.389136),
      ["LowerTorso"] = CFrame.new(-0.101352, -0.239453, -0.145097, 0.999723, 0.013301, -0.019403, 0.003995, 0.716808, 0.697259, 0.023182, -0.697143, 0.716557),
      ["RightFoot"] = CFrame.new(0.000000, 0.010837, -0.000103, 0.969787, 0.186635, 0.157147, -0.074098, 0.838951, -0.539162, -0.232428, 0.511202, 0.827411),
      ["RightHand"] = CFrame.new(-0.000500, 0.000000, 0.000000, 0.999826, 0.018014, 0.004829, -0.017805, 0.999034, -0.040180, -0.005549, 0.040087, 0.999181),
      ["RightLowerArm"] = CFrame.new(-0.011635, -0.038962, -0.003714, 1.000000, 0.000000, 0.000000, -0.000000, 0.999604, -0.028135, -0.000000, 0.028134, 0.999604),
      ["RightLowerLeg"] = CFrame.new(0.000000, 0.091295, -0.043034, 1.000000, 0.000000, 0.000000, -0.000000, 0.565894, 0.824496, 0.000000, -0.824478, 0.565868),
      ["RightUpperArm"] = CFrame.new(-0.061869, 0.060597, 0.018598, 0.999914, -0.012942, -0.002210, 0.010385, 0.882643, -0.469930, 0.008032, 0.469866, 0.882701),
      ["RightUpperLeg"] = CFrame.new(-0.016717, -0.066244, -0.093048, 0.979631, -0.199368, -0.024147, 0.062395, 0.416349, -0.907050, 0.190869, 0.887077, 0.420329),
      ["UpperTorso"] = CFrame.new(-0.027892, -0.021840, -0.045241, 0.999951, -0.005444, 0.008225, -0.004965, 0.442760, 0.896627, -0.008523, -0.896624, 0.442711)
    }},
    {Time = 0.267, Data = {
      ["Head"] = CFrame.new(-0.003107, 0.068928, 0.157247, 0.999864, 0.006038, -0.015367, -0.005978, 0.999974, 0.003996, 0.015391, -0.003903, 0.999874),
      ["LeftFoot"] = CFrame.new(-0.000000, 0.022901, -0.000002, 0.954193, -0.228868, -0.192710, 0.105429, 0.859989, -0.499329, 0.280000, 0.456112, 0.844709),
      ["LeftHand"] = CFrame.new(0.000500, 0.000100, -0.000000, 0.998674, 0.033727, 0.038897, -0.034986, 0.998870, 0.032161, -0.037768, -0.033478, 0.998726),
