return {
  ["KeyframeSequence"] = {
    {Time = 0.000, Data = {
      ["Head"] = CFrame.new(-0.003107, 0.068928, 0.157247, 0.999864, 0.006038, -0.015367, -0.005978, 0.999974, 0.003996, 0.015391, -0.003903, 0.999874),
      ["LeftFoot"] = CFrame.new(0.000000, -0.037418, -0.000004, 0.978292, -0.158521, -0.133475, 0.163319, 0.986237, 0.025737, 0.127561, -0.046979, 0.990718),
      ["LeftHand"] = CFrame.new(0.000500, -0.000241, -0.000000, 0.997723, 0.062104, 0.026319, -0.060228, 0.995938, -0.066927, -0.030368, 0.065189, 0.997411),
      ["LeftLowerArm"] = CFrame.new(0.005668, -0.028708, 0.010648, 1.000000, -0.000000, -0.000000, 0.000000, 0.998957, -0.045657, 0.000000, 0.045657, 0.998957),
      ["LeftLowerLeg"] = CFrame.new(-0.000000, -0.036890, -0.000388, 1.000000, -0.000000, -0.000000, 0.000000, 1.000000, -0.000008, -0.000000, -0.000011, 1.000000),
      ["LeftUpperArm"] = CFrame.new(0.067906, 0.105078, 0.018482, 0.997515, -0.064005, -0.029434, 0.063135, 0.997566, -0.029593, 0.031257, 0.027661, 0.999129),
      ["LeftUpperLeg"] = CFrame.new(-0.000723, -0.097400, -0.061041, 0.972716, 0.159379, 0.168579, -0.153393, 0.986997, -0.048011, -0.174051, 0.020863, 0.984518),
      ["LowerTorso"] = CFrame.new(-0.564273, 0.136300, 0.239738, 0.999442, 0.014561, -0.030047, -0.014651, 0.999889, -0.002767, 0.030004, 0.003206, 0.999545),
      ["RightFoot"] = CFrame.new(0.000000, -0.043177, -0.000097, 0.928192, 0.138062, -0.345541, -0.128534, 0.990421, 0.050395, 0.349197, -0.002355, 0.937050),
      ["RightHand"] = CFrame.new(-0.000500, 0.000000, 0.000000, 0.999992, -0.003397, 0.002252, 0.003462, 0.999559, -0.029487, -0.002151, 0.029495, 0.999563),
      ["RightLowerArm"] = CFrame.new(-0.011635, -0.038963, -0.003714, 1.000000, 0.000000, 0.000000, -0.000000, 0.999604, -0.028131, -0.000000, 0.028131, 0.999604),
      ["RightLowerLeg"] = CFrame.new(0.024910, -0.034017, -0.005054, 1.000000, -0.000000, -0.000000, 0.000000, 1.000000, -0.000011, 0.000000, -0.000014, 1.000000),
      ["RightUpperArm"] = CFrame.new(-0.061890, 0.066605, 0.018056, 0.999957, 0.001993, -0.009044, -0.001631, 0.999201, 0.039944, 0.009116, -0.039928, 0.999161),
      ["RightUpperLeg"] = CFrame.new(-0.016717, -0.066245, -0.093048, 0.904007, -0.130182, 0.407182, 0.121711, 0.991463, 0.046733, -0.409826, 0.007342, 0.912151),
      ["UpperTorso"] = CFrame.new(-0.027634, -0.040313, -0.030217, 0.999915, -0.013015, -0.001205, 0.001970, 0.058943, 0.998259, -0.012921, -0.998177, 0.058964)
    }},
    {Time = 0.017, Data = {
      ["Head"] = CFrame.new(-0.003107, 0.068928, 0.157247, 0.999864, 0.006038, -0.015367, -0.005978, 0.999974, 0.003996, 0.015391, -0.003903, 0.999874),
      ["LeftFoot"] = CFrame.new(-0.000000, -0.037300, -0.000004, 0.978331, -0.158381, -0.133357, 0.163317, 0.986208, 0.026864, 0.127266, -0.048063, 0.990704),
      ["LeftHand"] = CFrame.new(0.000500, -0.000241, 0.000000, 0.997723, 0.062101, 0.026317, -0.060226, 0.995940, -0.066909, -0.030365, 0.065172, 0.997412),
      ["LeftLowerArm"] = CFrame.new(0.005668, -0.028707, 0.010647, 1.000000, -0.000000, -0.000000, 0.000000, 0.998957, -0.045657, 0.000000, 0.045657, 0.998957),
      ["LeftLowerLeg"] = CFrame.new(-0.000000, -0.036772, -0.000387, 1.000000, -0.000000, -0.000000, 0.000000, 1.000000, -0.000008, 0.000000, -0.000011, 1.000000),
      ["LeftUpperArm"] = CFrame.new(0.067907, 0.105062, 0.018485, 0.997516, -0.063998, -0.029417, 0.063123, 0.997561, -0.029796, 0.031253, 0.027865, 0.999123),
      ["LeftUpperLeg"] = CFrame.new(-0.000723, -0.097399, -0.061041, 0.972754, 0.159519, 0.168226, -0.152639, 0.986852, -0.053122, -0.174499, 0.026018, 0.984316),
      ["LowerTorso"] = CFrame.new(-0.564283, 0.136298, 0.241367, 0.999446, 0.014585, -0.029929, -0.014553, 0.999893, 0.001304, 0.029945, -0.000867, 0.999551),
      ["RightFoot"] = CFrame.new(-0.000000, -0.043025, -0.000097, 0.928141, 0.138477, -0.345510, -0.128598, 0.990360, 0.051411, 0.349308, -0.003277, 0.937006),
      ["RightHand"] = CFrame.new(-0.000500, 0.000000, -0.000000, 0.999992, -0.003397, 0.002252, 0.003462, 0.999559, -0.029487, -0.002151, 0.029495, 0.999563),
      ["RightLowerArm"] = CFrame.new(-0.011635, -0.038963, -0.003714, 1.000000, 0.000000, 0.000000, -0.000000, 0.999604, -0.028131, -0.000000, 0.028131, 0.999604),
      ["RightLowerLeg"] = CFrame.new(0.024906, -0.033867, -0.005052, 1.000000, 0.000000, 0.000000, -0.000000, 1.000000, -0.000011, 0.000000, -0.000014, 1.000000),
      ["RightUpperArm"] = CFrame.new(-0.061890, 0.066604, 0.018057, 0.999957, 0.001990, -0.009042, -0.001629, 0.999211, 0.039681, 0.009114, -0.039665, 0.999171),
      ["RightUpperLeg"] = CFrame.new(-0.016717, -0.066244, -0.093048, 0.903993, -0.130085, 0.407245, 0.123705, 0.991425, 0.042055, -0.409260, 0.012392, 0.912350),
      ["UpperTorso"] = CFrame.new(-0.027636, -0.040186, -0.030383, 0.999916, -0.012950, -0.001111, 0.001925, 0.063008, 0.998011, -0.012854, -0.997929, 0.063028)
    }},
    {Time = 0.033, Data = {
      ["Head"] = CFrame.new(-0.003107, 0.068928, 0.157247, 0.999864, 0.006038, -0.015367, -0.005978, 0.999974, 0.003996, 0.015391, -0.003903, 0.999874),
      ["LeftFoot"] = CFrame.new(0.000000, -0.036982, -0.000004, 0.978445, -0.157969, -0.133010, 0.163307, 0.986114, 0.030169, 0.126400, -0.051242, 0.990655),
      ["LeftHand"] = CFrame.new(0.000500, -0.000241, 0.000000, 0.997724, 0.062093, 0.026311, -0.060219, 0.995944, -0.066856, -0.030355, 0.065119, 0.997416),
      ["LeftLowerArm"] = CFrame.new(0.005669, -0.028707, 0.010647, 1.000000, -0.000000, -0.000000, 0.000000, 0.998957, -0.045657, 0.000000, 0.045657, 0.998957),
      ["LeftLowerLeg"] = CFrame.new(0.000000, -0.036456, -0.000382, 1.000000, -0.000000, -0.000000, -0.000000, 1.000000, -0.000008, -0.000000, -0.000011, 1.000000),
      ["LeftUpperArm"] = CFrame.new(0.067909, 0.105013, 0.018491, 0.997519, -0.063979, -0.029367, 0.063086, 0.997545, -0.030402, 0.031240, 0.028474, 0.999106),
      ["LeftUpperLeg"] = CFrame.new(-0.000723, -0.097400, -0.061041, 0.972867, 0.159924, 0.167187, -0.150422, 0.986273, -0.068086, -0.175792, 0.041112, 0.983571),
      ["LowerTorso"] = CFrame.new(-0.564309, 0.136331, 0.246138, 0.999455, 0.014652, -0.029583, -0.014266, 0.999811, 0.013225, 0.029771, -0.012796, 0.999475),
      ["RightFoot"] = CFrame.new(0.000000, -0.042607, -0.000097, 0.927993, 0.139689, -0.345422, -0.128780, 0.990177, 0.054393, 0.349636, -0.005985, 0.936870),
      ["RightHand"] = CFrame.new(-0.000500, 0.000000, 0.000000, 0.999992, -0.003397, 0.002252, 0.003462, 0.999559, -0.029487, -0.002151, 0.029495, 0.999563),
      ["RightLowerArm"] = CFrame.new(-0.011635, -0.038963, -0.003714, 1.000000, 0.000000, 0.000000, -0.000000, 0.999604, -0.028131, -0.000000, 0.028131, 0.999604),
      ["RightLowerLeg"] = CFrame.new(0.024894, -0.033454, -0.005044, 1.000000, 0.000000, 0.000000, 0.000000, 1.000000, -0.000011, -0.000000, -0.000014, 1.000000),
      ["RightUpperArm"] = CFrame.new(-0.061890, 0.066602, 0.018061, 0.999957, 0.001979, -0.009035, -0.001625, 0.999242, 0.038898, 0.009105, -0.038882, 0.999202),
      ["RightUpperLeg"] = CFrame.new(-0.016717, -0.066244, -0.093048, 0.903951, -0.129797, 0.407430, 0.129530, 0.991168, 0.028344, -0.407548, 0.027184, 0.912796),
      ["UpperTorso"] = CFrame.new(-0.027642, -0.039813, -0.030865, 0.999918, -0.012758, -0.000835, 0.001789, 0.074908, 0.997189, -0.012660, -0.997109, 0.074925)
    }},
    {Time = 0.050, Data = {
      ["Head"] = CFrame.new(-0.003107, 0.068928, 0.157247, 0.999864, 0.006038, -0.015367, -0.005978, 0.999974, 0.003996, 0.015391, -0.003903, 0.999874),
      ["LeftFoot"] = CFrame.new(-0.000000, -0.036563, -0.000004, 0.978631, -0.157293, -0.132441, 0.163277, 0.985940, 0.035538, 0.124992, -0.056404, 0.990554),
      ["LeftHand"] = CFrame.new(0.000500, -0.000240, 0.000000, 0.997725, 0.062079, 0.026301, -0.060208, 0.995950, -0.066768, -0.030339, 0.065033, 0.997422),
      ["LeftLowerArm"] = CFrame.new(0.005669, -0.028706, 0.010649, 1.000000, -0.000000, -0.000000, 0.000000, 0.998957, -0.045657, 0.000000, 0.045657, 0.998957),
      ["LeftLowerLeg"] = CFrame.new(-0.000000, -0.036037, -0.000377, 1.000000, -0.000000, -0.000000, -0.000000, 1.000000, -0.000008, 0.000000, -0.000011, 1.000000),
      ["LeftUpperArm"] = CFrame.new(0.067913, 0.104933, 0.018502, 0.997524, -0.063947, -0.029283, 0.063025, 0.997518, -0.031404, 0.031219, 0.029481, 0.999078),
      ["LeftUpperLeg"] = CFrame.new(-0.000723, -0.097400, -0.061041, 0.973051, 0.160564, 0.165494, -0.146800, 0.984845, -0.092340, -0.177824, 0.065578, 0.981878),
      ["LowerTorso"] = CFrame.new(-0.564348, 0.136505, 0.253875, 0.999470, 0.014747, -0.029028, -0.013800, 0.999375, 0.032557, 0.029490, -0.032139, 0.999048),
      ["RightFoot"] = CFrame.new(0.000000, -0.042017, -0.000097, 0.927749, 0.141652, -0.345278, -0.129062, 0.989862, 0.059247, 0.350179, -0.010396, 0.936628),
      ["RightHand"] = CFrame.new(-0.000500, 0.000000, -0.000000, 0.999992, -0.003397, 0.002252, 0.003462, 0.999559, -0.029487, -0.002151, 0.029495, 0.999563),
      ["RightLowerArm"] = CFrame.new(-0.011635, -0.038963, -0.003714, 1.000000, 0.000000, 0.000000, -0.000000, 0.999604, -0.028132, -0.000000, 0.028131, 0.999604),
      ["RightLowerLeg"] = CFrame.new(0.024877, -0.032871, -0.005033, 1.000000, 0.000000, 0.000000, 0.000000, 1.000000, -0.000011, 0.000000, -0.000014, 1.000000),
      ["RightUpperArm"] = CFrame.new(-0.061890, 0.066599, 0.018068, 0.999957, 0.001960, -0.009024, -0.001619, 0.999291, 0.037602, 0.009091, -0.037586, 0.999252),
      ["RightUpperLeg"] = CFrame.new(-0.016717, -0.066244, -0.093048, 0.903881, -0.129318, 0.407737, 0.138923, 0.990281, 0.006078, -0.404598, 0.051182, 0.913079),
      ["UpperTorso"] = CFrame.new(-0.027652, -0.039195, -0.031636, 0.999922, -0.012448, -0.000388, 0.001559, 0.094186, 0.995553, -0.012357, -0.995477, 0.094198)
    }},
    {Time = 0.067, Data = {
      ["Head"] = CFrame.new(-0.003107, 0.068928, 0.157247, 0.999864, 0.006038, -0.015367, -0.005978, 0.999974, 0.003996, 0.015391, -0.003903, 0.999874),
      ["LeftFoot"] = CFrame.new(0.000000, -0.036183, -0.000004, 0.978886, -0.156360, -0.131656, 0.163206, 0.985661, 0.042854, 0.123070, -0.063438, 0.990369),
      ["LeftHand"] = CFrame.new(0.000500, -0.000238, 0.000000, 0.997726, 0.062059, 0.026287, -0.060193, 0.995959, -0.066647, -0.030317, 0.064913, 0.997430),
      ["LeftLowerArm"] = CFrame.new(0.005668, -0.028704, 0.010648, 1.000000, -0.000000, -0.000000, 0.000000, 0.998957, -0.045657, 0.000000, 0.045657, 0.998957),
      ["LeftLowerLeg"] = CFrame.new(-0.000000, -0.035659, -0.000372, 1.000000, -0.000000, -0.000000, -0.000000, 1.000000, -0.000008, -0.000000, -0.000011, 1.000000),
      ["LeftUpperArm"] = CFrame.new(0.067918, 0.104821, 0.018518, 0.997530, -0.063902, -0.029167, 0.062940, 0.997478, -0.032798, 0.031190, 0.030881, 0.999036),
      ["LeftUpperLeg"] = CFrame.new(-0.000723, -0.097399, -0.061041, 0.973304, 0.161401, 0.163175, -0.141824, 0.981930, -0.125279, -0.180458, 0.098813, 0.978611),
      ["LowerTorso"] = CFrame.new(-0.564389, 0.136983, 0.264397, 0.999490, 0.014852, -0.028284, -0.013167, 0.998180, 0.058845, 0.029106, -0.058442, 0.997866),
      ["RightFoot"] = CFrame.new(0.000000, -0.041388, -0.000097, 0.927412, 0.144310, -0.345082, -0.129417, 0.989396, 0.065880, 0.350939, -0.016431, 0.936258),
      ["RightHand"] = CFrame.new(-0.000500, 0.000000, 0.000000, 0.999992, -0.003397, 0.002252, 0.003462, 0.999559, -0.029487, -0.002151, 0.029495, 0.999563),
      ["RightLowerArm"] = CFrame.new(-0.011635, -0.038963, -0.003714, 1.000000, 0.000000, 0.000000, -0.000000, 0.999604, -0.028132, -0.000000, 0.028131, 0.999604),
      ["RightLowerLeg"] = CFrame.new(0.024859, -0.032249, -0.005021, 1.000000, 0.000000, -0.000000, -0.000000, 1.000000, -0.000012, 0.000000, -0.000015, 1.000000),
      ["RightUpperArm"] = CFrame.new(-0.061890, 0.066595, 0.018078, 0.999958, 0.001934, -0.009009, -0.001610, 0.999358, 0.035801, 0.009072, -0.035785, 0.999318),
      ["RightUpperLeg"] = CFrame.new(-0.016717, -0.066244, -0.093048, 0.903784, -0.128641, 0.408167, 0.151587, 0.988142, -0.024251, -0.400246, 0.083823, 0.912585),
      ["UpperTorso"] = CFrame.new(-0.027666, -0.038330, -0.032667, 0.999928, -0.012027, 0.000221, 0.001229, 0.120363, 0.992729, -0.011966, -0.992657, 0.120369)
    }},
    {Time = 0.083, Data = {
      ["Head"] = CFrame.new(-0.003107, 0.068928, 0.157247, 0.999864, 0.006038, -0.015367, -0.005978, 0.999974, 0.003996, 0.015391, -0.003903, 0.999874),
      ["LeftFoot"] = CFrame.new(0.000000, -0.036017, -0.000004, 0.979208, -0.155176, -0.130659, 0.163070, 0.985243, 0.051993, 0.120666, -0.072219, 0.990063),
      ["LeftHand"] = CFrame.new(0.000500, -0.000237, 0.000000, 0.997728, 0.062034, 0.026270, -0.060174, 0.995971, -0.066490, -0.030289, 0.064759, 0.997441),
      ["LeftLowerArm"] = CFrame.new(0.005668, -0.028703, 0.010648, 1.000000, -0.000000, -0.000000, 0.000000, 0.998957, -0.045657, 0.000000, 0.045657, 0.998957),
      ["LeftLowerLeg"] = CFrame.new(0.000000, -0.035494, -0.000370, 1.000000, 0.000000, -0.000000, -0.000000, 1.000000, -0.000007, 0.000000, -0.000011, 1.000000),
      ["LeftUpperArm"] = CFrame.new(0.067923, 0.104679, 0.018538, 0.997538, -0.063845, -0.029020, 0.062832, 0.997425, -0.034579, 0.031153, 0.032671, 0.998981),
      ["LeftUpperLeg"] = CFrame.new(-0.000723, -0.097399, -0.061041, 0.973624, 0.162391, 0.160259, -0.135541, 0.976723, -0.166233, -0.183535, 0.140148, 0.972977),
      ["LowerTorso"] = CFrame.new(-0.564425, 0.137968, 0.277511, 0.999514, 0.014942, -0.027376, -0.012376, 0.995718, 0.091611, 0.028628, -0.091227, 0.995418),
      ["RightFoot"] = CFrame.new(0.000000, -0.040885, -0.000097, 0.926984, 0.147605, -0.344837, -0.129816, 0.988755, 0.074197, 0.351920, -0.024006, 0.935726),
      ["RightHand"] = CFrame.new(-0.000500, 0.000000, 0.000000, 0.999992, -0.003397, 0.002252, 0.003462, 0.999559, -0.029487, -0.002151, 0.029495, 0.999563),
      ["RightLowerArm"] = CFrame.new(-0.011635, -0.038963, -0.003714, 1.000000, 0.000000, 0.000000, -0.000000, 0.999604, -0.028132, -0.000000, 0.028131, 0.999604),
      ["RightLowerLeg"] = CFrame.new(0.024844, -0.031752, -0.005012, 1.000000, 0.000000, 0.000000, -0.000000, 1.000000, -0.000012, -0.000000, -0.000015, 1.000000),
      ["RightUpperArm"] = CFrame.new(-0.061891, 0.066589, 0.018090, 0.999958, 0.001901, -0.008989, -0.001599, 0.999437, 0.033503, 0.009048, -0.033487, 0.999398),
      ["RightUpperLeg"] = CFrame.new(-0.016717, -0.066243, -0.093048, 0.903659, -0.127754, 0.408721, 0.167186, 0.983962, -0.062107, -0.394270, 0.124489, 0.910544),
      ["UpperTorso"] = CFrame.new(-0.027683, -0.037213, -0.033920, 0.999933, -0.011500, 0.000981, 0.000790, 0.152929, 0.988237, -0.011515, -0.988170, 0.152928)
    }},
    {Time = 0.100, Data = {
      ["Head"] = CFrame.new(-0.003107, 0.068928, 0.157247, 0.999864, 0.006038, -0.015367, -0.005978, 0.999974, 0.003996, 0.015391, -0.003903, 0.999874),
      ["LeftFoot"] = CFrame.new(0.000000, -0.036266, -0.000004, 0.979593, -0.153747, -0.129456, 0.162842, 0.984651, 0.062808, 0.117815, -0.082607, 0.989594),
      ["LeftHand"] = CFrame.new(0.000500, -0.000235, 0.000000, 0.997731, 0.062003, 0.026248, -0.060151, 0.995985, -0.066301, -0.030254, 0.064572, 0.997454),
      ["LeftLowerArm"] = CFrame.new(0.005669, -0.028701, 0.010648, 1.000000, -0.000000, -0.000000, 0.000000, 0.998957, -0.045657, 0.000000, 0.045657, 0.998957),
      ["LeftLowerLeg"] = CFrame.new(-0.000000, -0.035742, -0.000373, 1.000000, -0.000000, 0.000000, 0.000000, 1.000000, -0.000007, -0.000000, -0.000010, 1.000000),
      ["LeftUpperArm"] = CFrame.new(0.067931, 0.104506, 0.018563, 0.997547, -0.063775, -0.028840, 0.062701, 0.997356, -0.036742, 0.031107, 0.034843, 0.998909),
      ["LeftUpperLeg"] = CFrame.new(-0.000723, -0.097400, -0.061041, 0.974007, 0.163484, 0.156780, -0.128008, 0.968310, -0.214432, -0.186879, 0.188811, 0.964074),
      ["LowerTorso"] = CFrame.new(-0.564446, 0.139693, 0.293010, 0.999541, 0.014994, -0.026333, -0.011438, 0.991404, 0.130336, 0.028061, -0.129975, 0.991120),
      ["RightFoot"] = CFrame.new(-0.000000, -0.040696, -0.000097, 0.926469, 0.151470, -0.344547, -0.130220, 0.987910, 0.084085, 0.353127, -0.033027, 0.934996),
      ["RightHand"] = CFrame.new(-0.000500, 0.000000, -0.000000, 0.999992, -0.003397, 0.002252, 0.003462, 0.999559, -0.029487, -0.002151, 0.029495, 0.999563),
      ["RightLowerArm"] = CFrame.new(-0.011635, -0.038963, -0.003715, 1.000000, 0.000000, 0.000000, -0.000000, 0.999604, -0.028132, -0.000000, 0.028131, 0.999604),
      ["RightLowerLeg"] = CFrame.new(0.024839, -0.031566, -0.005009, 1.000000, 0.000000, 0.000000, -0.000000, 1.000000, -0.000012, -0.000000, -0.000015, 1.000000),
      ["RightUpperArm"] = CFrame.new(-0.061891, 0.066582, 0.018105, 0.999958, 0.001861, -0.008965, -0.001585, 0.999527, 0.030714, 0.009018, -0.030698, 0.999488),
      ["RightUpperLeg"] = CFrame.new(-0.016717, -0.066244, -0.093048, 0.903509, -0.126645, 0.409399, 0.185340, 0.976839, -0.106873, -0.386421, 0.172473, 0.906074),
      ["UpperTorso"] = CFrame.new(-0.027704, -0.035836, -0.035356, 0.999939, -0.010875, 0.001882, 0.000234, 0.191330, 0.981526, -0.011034, -0.981465, 0.191321)
    }},
    {Time = 0.117, Data = {
      ["Head"] = CFrame.new(-0.003107, 0.068928, 0.157247, 0.999864, 0.006038, -0.015367, -0.005978, 0.999974, 0.003996, 0.015391, -0.003903, 0.999874),
      ["LeftFoot"] = CFrame.new(-0.000000, -0.037143, -0.000003, 0.980037, -0.152081, -0.128053, 0.162489, 0.983846, 0.075127, 0.114562, -0.094435, 0.988918),
      ["LeftHand"] = CFrame.new(0.000500, -0.000233, -0.000000, 0.997734, 0.061968, 0.026224, -0.060123, 0.996001, -0.066079, -0.030213, 0.064352, 0.997470),
      ["LeftLowerArm"] = CFrame.new(0.005669, -0.028699, 0.010648, 1.000000, -0.000000, -0.000000, 0.000000, 0.998957, -0.045657, 0.000000, 0.045657, 0.998957),
      ["LeftLowerLeg"] = CFrame.new(0.000000, -0.036616, -0.000385, 1.000000, -0.000000, -0.000000, 0.000000, 1.000000, -0.000007, 0.000000, -0.000010, 1.000000),
      ["LeftUpperArm"] = CFrame.new(0.067940, 0.104304, 0.018591, 0.997559, -0.063693, -0.028630, 0.062548, 0.997269, -0.039281, 0.031054, 0.037395, 0.998818),
      ["LeftUpperLeg"] = CFrame.new(-0.000723, -0.097399, -0.061041, 0.974451, 0.164627, 0.152777, -0.119289, 0.955726, -0.268974, -0.190305, 0.243898, 0.950953),
      ["LowerTorso"] = CFrame.new(-0.564442, 0.142411, 0.310667, 0.999571, 0.014983, -0.025185, -0.010364, 0.984611, 0.174453, 0.027411, -0.174117, 0.984343),
      ["RightFoot"] = CFrame.new(0.000000, -0.041028, -0.000097, 0.925869, 0.155830, -0.344216, -0.130595, 0.986831, 0.095409, 0.354559, -0.043375, 0.934030),
      ["RightHand"] = CFrame.new(-0.000500, 0.000000, -0.000000, 0.999992, -0.003397, 0.002252, 0.003462, 0.999559, -0.029487, -0.002151, 0.029495, 0.999563),
      ["RightLowerArm"] = CFrame.new(-0.011635, -0.038963, -0.003715, 1.000000, 0.000000, 0.000000, -0.000000, 0.999604, -0.028132, -0.000000, 0.028131, 0.999604),
      ["RightLowerLeg"] = CFrame.new(0.024848, -0.031892, -0.005015, 1.000000, -0.000000, -0.000000, 0.000000, 1.000000, -0.000012, 0.000000, -0.000015, 1.000000),
      ["RightUpperArm"] = CFrame.new(-0.061891, 0.066574, 0.018123, 0.999958, 0.001815, -0.008936, -0.001568, 0.999622, 0.027441, 0.008983, -0.027425, 0.999583),
      ["RightUpperLeg"] = CFrame.new(-0.016717, -0.066243, -0.093048, 0.903334, -0.125299, 0.410197, 0.205622, 0.965814, -0.157820, -0.376440, 0.226946, 0.898238),
      ["UpperTorso"] = CFrame.new(-0.027727, -0.034190, -0.036933, 0.999944, -0.010160, 0.002914, -0.000445, 0.234960, 0.972005, -0.010560, -0.971952, 0.234942)
    }},
    {Time = 0.133, Data = {
      ["Head"] = CFrame.new(-0.003107, 0.068928, 0.157247, 0.999864, 0.006038, -0.015367, -0.005978, 0.999974, 0.003996, 0.015391, -0.003903, 0.999874),
      ["LeftFoot"] = CFrame.new(0.000000, -0.038880, -0.000003, 0.980535, -0.150190, -0.126462, 0.161983, 0.982795, 0.088746, 0.110960, -0.107502, 0.987994),
      ["LeftHand"] = CFrame.new(0.000500, -0.000230, -0.000000, 0.997737, 0.061927, 0.026195, -0.060092, 0.996020, -0.065824, -0.030166, 0.064101, 0.997487),
      ["LeftLowerArm"] = CFrame.new(0.005668, -0.028696, 0.010648, 1.000000, -0.000000, -0.000000, 0.000000, 0.998957, -0.045657, 0.000000, 0.045657, 0.998957),
      ["LeftLowerLeg"] = CFrame.new(-0.000000, -0.038346, -0.000408, 1.000000, 0.000000, 0.000000, -0.000000, 1.000000, -0.000007, 0.000000, -0.000010, 1.000000),
      ["LeftUpperArm"] = CFrame.new(0.067950, 0.104072, 0.018624, 0.997572, -0.063599, -0.028389, 0.062372, 0.997161, -0.042193, 0.030992, 0.040319, 0.998706),
      ["LeftUpperLeg"] = CFrame.new(-0.000723, -0.097399, -0.061041, 0.974949, 0.165764, 0.148302, -0.109467, 0.938025, -0.328805, -0.193626, 0.304354, 0.932681),
      ["LowerTorso"] = CFrame.new(-0.564404, 0.146375, 0.330229, 0.999602, 0.014889, -0.023966, -0.009163, 0.974700, 0.223331, 0.026685, -0.223022, 0.974448),
      ["RightFoot"] = CFrame.new(-0.000000, -0.042086, -0.000096, 0.925190, 0.160597, -0.343850, -0.130899, 0.985492, 0.108006, 0.356215, -0.054908, 0.932793),
      ["RightHand"] = CFrame.new(-0.000500, 0.000000, -0.000000, 0.999992, -0.003397, 0.002252, 0.003462, 0.999559, -0.029487, -0.002151, 0.029495, 0.999563),
      ["RightLowerArm"] = CFrame.new(-0.011635, -0.038963, -0.003714, 1.000000, 0.000000, 0.000000, -0.000000, 0.999604, -0.028131, -0.000000, 0.028131, 0.999604),
      ["RightLowerLeg"] = CFrame.new(0.024879, -0.032937, -0.005035, 1.000000, 0.000000, -0.000000, 0.000000, 1.000000, -0.000013, 0.000000, -0.000016, 1.000000),
      ["RightUpperArm"] = CFrame.new(-0.061891, 0.066565, 0.018143, 0.999959, 0.001761, -0.008903, -0.001550, 0.999718, 0.023690, 0.008942, -0.023676, 0.999680),
      ["RightUpperLeg"] = CFrame.new(-0.016717, -0.066244, -0.093048, 0.903140, -0.123704, 0.411108, 0.227556, 0.949930, -0.214081, -0.364083, 0.286932, 0.886092),
      ["UpperTorso"] = CFrame.new(-0.027753, -0.032268, -0.038604, 0.999948, -0.009360, 0.004067, -0.001251, 0.283148, 0.959075, -0.010129, -0.959031, 0.283122)
    }},
    {Time = 0.150, Data = {
      ["Head"] = CFrame.new(-0.003107, 0.068928, 0.157247, 0.999864, 0.006038, -0.015367, -0.005978, 0.999974, 0.003996, 0.015391, -0.003903, 0.999874),
      ["LeftFoot"] = CFrame.new(0.000000, -0.041653, -0.000003, 0.981081, -0.148090, -0.124693, 0.161295, 0.981473, 0.103421, 0.107070, -0.121574, 0.986791),
      ["LeftHand"] = CFrame.new(0.000500, -0.000228, 0.000000, 0.997741, 0.061881, 0.026162, -0.060057, 0.996041, -0.065536, -0.030114, 0.063817, 0.997507),
      ["LeftLowerArm"] = CFrame.new(0.005669, -0.028693, 0.010647, 1.000000, -0.000000, -0.000000, 0.000000, 0.998957, -0.045657, 0.000000, 0.045657, 0.998957),
      ["LeftLowerLeg"] = CFrame.new(0.000000, -0.041110, -0.000444, 1.000000, -0.000000, -0.000000, 0.000000, 1.000000, -0.000007, 0.000000, -0.000010, 1.000000),
      ["LeftUpperArm"] = CFrame.new(0.067961, 0.103812, 0.018660, 0.997586, -0.063493, -0.028119, 0.062176, 0.997029, -0.045471, 0.030923, 0.043613, 0.998570),
      ["LeftUpperLeg"] = CFrame.new(-0.000723, -0.097399, -0.061041, 0.975497, 0.166841, 0.143414, -0.098643, 0.914346, -0.392716, -0.196662, 0.368966, 0.908409),
      ["LowerTorso"] = CFrame.new(-0.564325, 0.151836, 0.351416, 0.999634, 0.014692, -0.022715, -0.007847, 0.961048, 0.276270, 0.025889, -0.275991, 0.960811),
      ["RightFoot"] = CFrame.new(0.000000, -0.044079, -0.000096, 0.924441, 0.165676, -0.343454, -0.131096, 0.983871, 0.121676, 0.358081, -0.067449, 0.931254),
      ["RightHand"] = CFrame.new(-0.000500, 0.000000, -0.000000, 0.999992, -0.003397, 0.002252, 0.003462, 0.999559, -0.029487, -0.002151, 0.029495, 0.999563),
      ["RightLowerArm"] = CFrame.new(-0.011635, -0.038963, -0.003714, 1.000000, 0.000000, 0.000000, -0.000000, 0.999604, -0.028132, -0.000000, 0.028131, 0.999604),
      ["RightLowerLeg"] = CFrame.new(0.024936, -0.034904, -0.005072, 1.000000, -0.000000, -0.000000, 0.000000, 1.000000, -0.000012, -0.000000, -0.000015, 1.000000),
      ["RightUpperArm"] = CFrame.new(-0.061891, 0.066554, 0.018166, 0.999959, 0.001701, -0.008865, -0.001528, 0.999809, 0.019469, 0.008897, -0.019455, 0.999771),
      ["RightUpperLeg"] = CFrame.new(-0.016717, -0.066244, -0.093048, 0.902933, -0.121849, 0.412117, 0.250619, 0.928300, -0.274638, -0.349146, 0.351300, 0.868754),
      ["UpperTorso"] = CFrame.new(-0.027782, -0.030069, -0.040322, 0.999950, -0.008484, 0.005332, -0.002180, 0.335159, 0.942159, -0.009780, -0.942123, 0.335123)
    }},
    {Time = 0.167, Data = {
      ["Head"] = CFrame.new(-0.003107, 0.068928, 0.157247, 0.999864, 0.006038, -0.015367, -0.005978, 0.999974, 0.003996, 0.015391, -0.003903, 0.999874),
      ["LeftFoot"] = CFrame.new(-0.000000, -0.045702, -0.000003, 0.981667, -0.145800, -0.122765, 0.160400, 0.979868, 0.118876, 0.102964, -0.136384, 0.985291),
      ["LeftHand"] = CFrame.new(0.000500, -0.000224, 0.000000, 0.997745, 0.061830, 0.026126, -0.060018, 0.996065, -0.065217, -0.030056, 0.063502, 0.997529),
      ["LeftLowerArm"] = CFrame.new(0.005669, -0.028690, 0.010647, 1.000000, -0.000000, -0.000000, 0.000000, 0.998957, -0.045657, 0.000000, 0.045657, 0.998957),
      ["LeftLowerLeg"] = CFrame.new(-0.000000, -0.045145, -0.000498, 1.000000, -0.000000, -0.000000, 0.000000, 1.000000, -0.000007, 0.000000, -0.000010, 1.000000),
      ["LeftUpperArm"] = CFrame.new(0.067973, 0.103524, 0.018699, 0.997602, -0.063374, -0.027820, 0.061958, 0.996870, -0.049112, 0.030845, 0.047270, 0.998406),
      ["LeftUpperLeg"] = CFrame.new(-0.000723, -0.097399, -0.061041, 0.976085, 0.167808, 0.138184, -0.086939, 0.883979, -0.459353, -0.199246, 0.436373, 0.877439),
      ["LowerTorso"] = CFrame.new(-0.564201, 0.159023, 0.373922, 0.999666, 0.014381, -0.021470, -0.006426, 0.943080, 0.332505, 0.025030, -0.332256, 0.942857),
      ["RightFoot"] = CFrame.new(-0.000000, -0.047213, -0.000096, 0.923635, 0.170958, -0.343035, -0.131150, 0.981961, 0.136186, 0.360137, -0.080789, 0.929398),
      ["RightHand"] = CFrame.new(-0.000500, 0.000000, 0.000000, 0.999992, -0.003397, 0.002252, 0.003462, 0.999559, -0.029487, -0.002151, 0.029495, 0.999563),
      ["RightLowerArm"] = CFrame.new(-0.011635, -0.038963, -0.003714, 1.000000, 0.000000, 0.000000, -0.000000, 0.999604, -0.028131, -0.000000, 0.028131, 0.999604),
      ["RightLowerLeg"] = CFrame.new(0.025026, -0.037997, -0.005130, 1.000000, 0.000000, 0.000000, 0.000000, 1.000000, -0.000012, 0.000000, -0.000016, 1.000000),
      ["RightUpperArm"] = CFrame.new(-0.061892, 0.066542, 0.018191, 0.999960, 0.001635, -0.008823, -0.001504, 0.999890, 0.014783, 0.008846, -0.014770, 0.999852),
      ["RightUpperLeg"] = CFrame.new(-0.016717, -0.066244, -0.093048, 0.902722, -0.119730, 0.413199, 0.274250, 0.900165, -0.338324, -0.331483, 0.418768, 0.845460),
      ["UpperTorso"] = CFrame.new(-0.027812, -0.027591, -0.042035, 0.999949, -0.007538, 0.006697, -0.003225, 0.390189, 0.920729, -0.009554, -0.920704, 0.390145)
    }},
    {Time = 0.183, Data = {
      ["Head"] = CFrame.new(-0.003107, 0.068928, 0.157247, 0.999864, 0.006038, -0.015367, -0.005978, 0.999974, 0.003996, 0.015391, -0.003903, 0.999874),
      ["LeftFoot"] = CFrame.new(0.000000, -0.051138, -0.000003, 0.982285, -0.143344, -0.120697, 0.159282, 0.977987, 0.134803, 0.098720, -0.151635, 0.983494),
      ["LeftHand"] = CFrame.new(0.000500, -0.000221, -0.000000, 0.997749, 0.061774, 0.026087, -0.059975, 0.996090, -0.064867, -0.029992, 0.063156, 0.997553),
      ["LeftLowerArm"] = CFrame.new(0.005668, -0.028686, 0.010648, 1.000000, -0.000000, -0.000000, 0.000000, 0.998957, -0.045657, 0.000000, 0.045657, 0.998957),
      ["LeftLowerLeg"] = CFrame.new(-0.000000, -0.050562, -0.000570, 1.000000, -0.000000, -0.000000, 0.000000, 1.000000, -0.000006, -0.000000, -0.000009, 1.000000),
      ["LeftUpperArm"] = CFrame.new(0.067987, 0.103208, 0.018742, 0.997619, -0.063244, -0.027492, 0.061721, 0.996679, -0.053111, 0.030760, 0.051287, 0.998210),
      ["LeftUpperLeg"] = CFrame.new(-0.000723, -0.097399, -0.061041, 0.976707, 0.168620, 0.132693, -0.074495, 0.846430, -0.527247, -0.201230, 0.505098, 0.839287),
      ["LowerTorso"] = CFrame.new(-0.564029, 0.168138, 0.397413, 0.999697, 0.013951, -0.020271, -0.004910, 0.920292, 0.391201, 0.024113, -0.390983, 0.920082),
      ["RightFoot"] = CFrame.new(-0.000000, -0.051638, -0.000096, 0.922785, 0.176330, -0.342603, -0.131031, 0.979766, 0.151270, 0.362351, -0.094691, 0.927222),
      ["RightHand"] = CFrame.new(-0.000500, 0.000000, 0.000000, 0.999992, -0.003397, 0.002252, 0.003462, 0.999559, -0.029487, -0.002151, 0.029495, 0.999563),
      ["RightLowerArm"] = CFrame.new(-0.011635, -0.038962, -0.003714, 1.000000, 0.000000, 0.000000, -0.000000, 0.999604, -0.028132, -0.000000, 0.028131, 0.999604),
      ["RightLowerLeg"] = CFrame.new(0.025153, -0.042366, -0.005212, 1.000000, -0.000000, 0.000000, 0.000000, 1.000000, -0.000012, -0.000000, -0.000015, 1.000000),
      ["RightUpperArm"] = CFrame.new(-0.061892, 0.066529, 0.018219, 0.999960, 0.001563, -0.008776, -0.001478, 0.999952, 0.009640, 0.008790, -0.009626, 0.999915),
      ["RightUpperLeg"] = CFrame.new(-0.016717, -0.066244, -0.093048, 0.902518, -0.117349, 0.414325, 0.297864, 0.864961, -0.403846, -0.311027, 0.487926, 0.815624),
      ["UpperTorso"] = CFrame.new(-0.027845, -0.024842, -0.043696, 0.999945, -0.006529, 0.008153, -0.004371, 0.447376, 0.894335, -0.009487, -0.894322, 0.447323)
    }},
    {Time = 0.200, Data = {
      ["Head"] = CFrame.new(-0.003107, 0.068928, 0.157247, 0.999864, 0.006038, -0.015367, -0.005978, 0.999974, 0.003996, 0.015391, -0.003903, 0.999874),
      ["LeftFoot"] = CFrame.new(0.000000, -0.058099, -0.000003, 0.982926, -0.140750, -0.118514, 0.157931, 0.975857, 0.150875, 0.094420, -0.167009, 0.981423),
      ["LeftHand"] = CFrame.new(0.000500, -0.000215, 0.000000, 0.997754, 0.061713, 0.026044, -0.059929, 0.996118, -0.064486, -0.029923, 0.062780, 0.997579),
      ["LeftLowerArm"] = CFrame.new(0.005669, -0.028681, 0.010647, 1.000000, -0.000000, -0.000000, 0.000000, 0.998957, -0.045657, 0.000000, 0.045657, 0.998957),
      ["LeftLowerLeg"] = CFrame.new(-0.000000, -0.057500, -0.000662, 1.000000, 0.000000, -0.000000, -0.000000, 1.000000, -0.000006, 0.000000, -0.000009, 1.000000),
      ["LeftUpperArm"] = CFrame.new(0.068001, 0.102865, 0.018790, 0.997638, -0.063101, -0.027137, 0.061463, 0.996454, -0.057463, 0.030666, 0.055659, 0.997979),
      ["LeftUpperLeg"] = CFrame.new(-0.000723, -0.097399, -0.061040, 0.977353, 0.169240, 0.127027, -0.061465, 0.801462, -0.594863, -0.202493, 0.573599, 0.793727),
      ["LowerTorso"] = CFrame.new(-0.563810, 0.179342, 0.421531, 0.999727, 0.013403, -0.019159, -0.003310, 0.892282, 0.451465, 0.023146, -0.451279, 0.892083),
      ["RightFoot"] = CFrame.new(0.000000, -0.057490, -0.000096, 0.921911, 0.181673, -0.342165, -0.130718, 0.977312, 0.166637, 0.364682, -0.108890, 0.924746),
      ["RightHand"] = CFrame.new(-0.000500, 0.000000, 0.000000, 0.999992, -0.003397, 0.002252, 0.003462, 0.999559, -0.029487, -0.002151, 0.029495, 0.999563),
      ["RightLowerArm"] = CFrame.new(-0.011635, -0.038963, -0.003714, 1.000000, 0.000000, 0.000000, -0.000000, 0.999604, -0.028131, -0.000000, 0.028131, 0.999604),
      ["RightLowerLeg"] = CFrame.new(0.025321, -0.048143, -0.005321, 1.000000, -0.000000, 0.000000, 0.000000, 1.000000, -0.000011, -0.000000, -0.000015, 1.000000),
      ["RightUpperArm"] = CFrame.new(-0.061892, 0.066514, 0.018249, 0.999961, 0.001485, -0.008723, -0.001449, 0.999991, 0.004044, 0.008729, -0.004031, 0.999954),
      ["RightUpperLeg"] = CFrame.new(-0.016717, -0.066244, -0.093048, 0.902337, -0.114715, 0.415456, 0.320868, 0.822364, -0.469821, -0.287804, 0.557277, 0.778887),
      ["UpperTorso"] = CFrame.new(-0.027879, -0.021833, -0.045253, 0.999938, -0.005464, 0.009690, -0.005596, 0.505803, 0.862631, -0.009615, -0.862631, 0.505742)
    }},
    {Time = 0.217, Data = {
      ["Head"] = CFrame.new(-0.003107, 0.068928, 0.157247, 0.999864, 0.006038, -0.015367, -0.005978, 0.999974, 0.003996, 0.015391, -0.003903, 0.999874),
      ["LeftFoot"] = CFrame.new(-0.000000, -0.066675, -0.000003, 0.983580, -0.138050, -0.116240, 0.156348, 0.973525, 0.166756, 0.090145, -0.182184, 0.979122),
      ["LeftHand"] = CFrame.new(0.000500, -0.000211, 0.000000, 0.997759, 0.061647, 0.025998, -0.059878, 0.996147, -0.064073, -0.029848, 0.062373, 0.997606),
      ["LeftLowerArm"] = CFrame.new(0.005668, -0.028677, 0.010647, 1.000000, -0.000000, -0.000000, 0.000000, 0.998957, -0.045657, 0.000000, 0.045657, 0.998957),
      ["LeftLowerLeg"] = CFrame.new(-0.000000, -0.066046, -0.000775, 1.000000, -0.000000, -0.000000, 0.000000, 1.000000, -0.000006, -0.000000, -0.000009, 1.000000),
      ["LeftUpperArm"] = CFrame.new(0.068017, 0.102495, 0.018840, 0.997658, -0.062946, -0.026754, 0.061187, 0.996189, -0.062164, 0.030565, 0.060381, 0.997707),
      ["LeftUpperLeg"] = CFrame.new(-0.000723, -0.097399, -0.061041, 0.978012, 0.169647, 0.121279, -0.048015, 0.749130, -0.660667, -0.202944, 0.640331, 0.740817),
      ["LowerTorso"] = CFrame.new(-0.563547, 0.192748, 0.445903, 0.999754, 0.012746, -0.018169, -0.001637, 0.858767, 0.512364, 0.022134, -0.512208, 0.858576),
      ["RightFoot"] = CFrame.new(0.000000, -0.064859, -0.000096, 0.921033, 0.186867, -0.341733, -0.130198, 0.974641, 0.181981, 0.367079, -0.123110, 0.922010),
      ["RightHand"] = CFrame.new(-0.000500, 0.000000, -0.000000, 0.999992, -0.003397, 0.002252, 0.003462, 0.999559, -0.029487, -0.002151, 0.029495, 0.999563),
      ["RightLowerArm"] = CFrame.new(-0.011635, -0.038962, -0.003714, 1.000000, 0.000000, 0.000000, -0.000000, 0.999604, -0.028131, -0.000000, 0.028131, 0.999604),
      ["RightLowerLeg"] = CFrame.new(0.025533, -0.055420, -0.005457, 1.000000, -0.000000, 0.000000, -0.000000, 1.000000, -0.000011, -0.000000, -0.000014, 1.000000),
      ["RightUpperArm"] = CFrame.new(-0.061892, 0.066499, 0.018282, 0.999961, 0.001400, -0.008667, -0.001417, 0.999997, -0.001998, 0.008664, 0.002010, 0.999960),
      ["RightUpperLeg"] = CFrame.new(-0.016717, -0.066244, -0.093048, 0.902194, -0.111847, 0.416548, 0.342687, 0.772330, -0.534830, -0.261937, 0.625297, 0.735149),
      ["UpperTorso"] = CFrame.new(-0.027915, -0.018582, -0.046661, 0.999927, -0.004350, 0.011298, -0.006870, 0.564520, 0.825391, -0.009968, -0.825408, 0.564449)
    }},
    {Time = 0.233, Data = {
      ["Head"] = CFrame.new(-0.003107, 0.068928, 0.157247, 0.999864, 0.006038, -0.015367, -0.005978, 0.999974, 0.003996, 0.015391, -0.003903, 0.999874),
      ["LeftFoot"] = CFrame.new(-0.000000, -0.076872, -0.000003, 0.984238, -0.135275, -0.113904, 0.154543, 0.971058, 0.182120, 0.085974, -0.196842, 0.976657),
      ["LeftHand"] = CFrame.new(0.000500, -0.000207, -0.000000, 0.997765, 0.061577, 0.025949, -0.059824, 0.996179, -0.063631, -0.029767, 0.061937, 0.997636),
      ["LeftLowerArm"] = CFrame.new(0.005669, -0.028672, 0.010647, 1.000000, -0.000000, -0.000000, 0.000000, 0.998957, -0.045658, 0.000000, 0.045657, 0.998957),
      ["LeftLowerLeg"] = CFrame.new(0.000000, -0.076207, -0.000910, 1.000000, 0.000000, 0.000000, 0.000000, 1.000000, -0.000006, 0.000000, -0.000009, 1.000000),
      ["LeftUpperArm"] = CFrame.new(0.068033, 0.102100, 0.018893, 0.997680, -0.062780, -0.026345, 0.060892, 0.995879, -0.067209, 0.030455, 0.065449, 0.997391),
      ["LeftUpperLeg"] = CFrame.new(-0.000723, -0.097399, -0.061041, 0.978676, 0.169826, 0.115538, -0.034316, 0.689782, -0.723192, -0.202522, 0.703818, 0.680914),
      ["LowerTorso"] = CFrame.new(-0.563248, 0.208415, 0.470144, 0.999778, 0.011998, -0.017337, 0.000100, 0.819600, 0.572937, 0.021084, -0.572811, 0.819416),
      ["RightFoot"] = CFrame.new(-0.000000, -0.073810, -0.000096, 0.920174, 0.191798, -0.341315, -0.129469, 0.971815, 0.196994, 0.369484, -0.137071, 0.919074),
      ["RightHand"] = CFrame.new(-0.000500, 0.000000, 0.000000, 0.999992, -0.003397, 0.002252, 0.003462, 0.999559, -0.029487, -0.002151, 0.029495, 0.999563),
      ["RightLowerArm"] = CFrame.new(-0.011635, -0.038963, -0.003714, 1.000000, 0.000000, 0.000000, -0.000000, 0.999604, -0.028131, -0.000000, 0.028131, 0.999604),
      ["RightLowerLeg"] = CFrame.new(0.025790, -0.064257, -0.005623, 1.000000, 0.000000, 0.000000, 0.000000, 1.000000, -0.000010, 0.000000, -0.000013, 1.000000),
      ["RightUpperArm"] = CFrame.new(-0.061893, 0.066481, 0.018318, 0.999962, 0.001310, -0.008604, -0.001383, 0.999963, -0.008480, 0.008593, 0.008491, 0.999927),
      ["RightUpperLeg"] = CFrame.new(-0.016717, -0.066244, -0.093048, 0.902106, -0.108769, 0.417554, 0.362785, 0.715105, -0.597482, -0.233650, 0.690503, 0.684590),
      ["UpperTorso"] = CFrame.new(-0.027952, -0.015113, -0.047875, 0.999911, -0.003194, 0.012966, -0.008158, 0.622560, 0.782529, -0.010572, -0.782565, 0.622478)
    }},
    {Time = 0.250, Data = {
      ["Head"] = CFrame.new(-0.003107, 0.068928, 0.157247, 0.999864, 0.006038, -0.015367, -0.005978, 0.999974, 0.003996, 0.015391, -0.003903, 0.999874),
      ["LeftFoot"] = CFrame.new(-0.000000, -0.088656, -0.000003, 0.984892, -0.132460, -0.111534, 0.152534, 0.968537, 0.196661, 0.081978, -0.210690, 0.974107),
      ["LeftHand"] = CFrame.new(0.000500, -0.000202, -0.000000, 0.997771, 0.061502, 0.025896, -0.059767, 0.996212, -0.063159, -0.029682, 0.061470, 0.997667),
      ["LeftLowerArm"] = CFrame.new(0.005668, -0.028667, 0.010647, 1.000000, -0.000000, -0.000000, 0.000000, 0.998957, -0.045657, 0.000000, 0.045657, 0.998957),
      ["LeftLowerLeg"] = CFrame.new(0.000000, -0.087951, -0.001066, 1.000000, 0.000000, -0.000000, 0.000000, 1.000000, -0.000006, 0.000000, -0.000009, 1.000000),
      ["LeftUpperArm"] = CFrame.new(0.068051, 0.101680, 0.018949, 0.997702, -0.062601, -0.025909, 0.060579, 0.995520, -0.072593, 0.030338, 0.070857, 0.997025),
      ["LeftUpperLeg"] = CFrame.new(-0.000723, -0.097399, -0.061041, 0.979335, 0.169778, 0.109889, -0.020535, 0.624042, -0.781111, -0.201200, 0.762723, 0.614646),
      ["LowerTorso"] = CFrame.new(-0.562922, 0.226341, 0.493870, 0.999798, 0.011183, -0.016691, 0.001889, 0.774786, 0.632221, 0.020002, -0.632125, 0.774608),
      ["RightFoot"] = CFrame.new(-0.000000, -0.084302, -0.000096, 0.919356, 0.196362, -0.340924, -0.128537, 0.968912, 0.211381, 0.371837, -0.150506, 0.916018),
      ["RightHand"] = CFrame.new(-0.000500, 0.000000, 0.000000, 0.999992, -0.003397, 0.002252, 0.003462, 0.999559, -0.029487, -0.002151, 0.029495, 0.999563),
      ["RightLowerArm"] = CFrame.new(-0.011635, -0.038962, -0.003714, 1.000000, 0.000000, 0.000000, -0.000000, 0.999604, -0.028132, -0.000000, 0.028131, 0.999604),
      ["RightLowerLeg"] = CFrame.new(0.026092, -0.074617, -0.005817, 1.000000, 0.000000, -0.000000, 0.000000, 1.000000, -0.000009, -0.000000, -0.000012, 1.000000),
      ["RightUpperArm"] = CFrame.new(-0.061893, 0.066463, 0.018355, 0.999963, 0.001215, -0.008537, -0.001346, 0.999881, -0.015395, 0.008517, 0.015406, 0.999845),
      ["RightUpperLeg"] = CFrame.new(-0.016717, -0.066244, -0.093048, 0.902088, -0.105516, 0.418428, 0.380687, 0.651221, -0.656479, -0.203261, 0.751517, 0.627657),
      ["UpperTorso"] = CFrame.new(-0.027990, -0.011458, -0.048857, 0.999890, -0.002004, 0.014684, -0.009420, 0.678963, 0.734112, -0.011441, -0.734170, 0.678869)
    }},
    {Time = 0.267, Data = {
      ["Head"] = CFrame.new(-0.003107, 0.068928, 0.157247, 0.999864, 0.006038, -0.015367, -0.005978, 0.999974, 0.003996, 0.015391, -0.003903, 0.999874),
      ["LeftFoot"] = CFrame.new(0.000000, -0.101927, -0.000003, 0.985534, -0.129636, -0.109156, 0.150348, 0.966052, 0.210112, 0.078215, -0.223469, 0.971565),
      ["LeftHand"] = CFrame.new(0.000500, -0.000198, -0.000000, 0.997777, 0.061422, 0.025840, -0.059706, 0.996248, -0.062657, -0.029591, 0.060975, 0.997701),
