return {
["erm hi"] = {

          {Time = 0.000, Data = {

              ["Head"] = CFrame.new(0.000000, 0.000000, 0.000000, 1.000000, 0.000000, 0.000000, 0.000000, 1.000000, -0.000000, 0.000000, 0.000000, 1.000000),

              ["LeftFoot"] = CFrame.new(-0.000000, 0.034521, 0.000000, 0.991295, -0.100716, -0.084803, 0.001759, 0.654174, -0.756365, 0.131646, 0.749608, 0.648630),

              ["LeftHand"] = CFrame.new(0.000496, 0.005530, -0.000000, 0.999186, -0.035206, 0.019674, 0.035449, 0.999298, -0.012136, -0.019233, 0.012823, 0.999733),

              ["LeftLowerArm"] = CFrame.new(-0.000500, 0.030705, 0.003275, 1.000000, -0.000000, -0.000000, 0.000000, 0.966567, -0.256417, 0.000000, 0.256416, 0.966566),

              ["LeftLowerLeg"] = CFrame.new(-0.000000, 0.120335, -0.129961, 1.000000, -0.000000, -0.000000, 0.000000, -0.348572, 0.937279, -0.000000, -0.937282, -0.348579),

              ["LeftUpperArm"] = CFrame.new(-0.237044, -0.002325, 0.425263, 0.525913, 0.120626, -0.841941, -0.004651, 0.990285, 0.138975, 0.850526, -0.069173, 0.521365),

              ["LeftUpperLeg"] = CFrame.new(0.000000, 0.000000, -0.000100, 0.991295, 0.122779, -0.047538, -0.100715, 0.474572, -0.874428, -0.084802, 0.871611, 0.482821),

              ["LowerTorso"] = CFrame.new(-0.012280, -0.945578, 0.000000, 1.000000, 0.000000, -0.000000, 0.000000, 1.000000, 0.000000, 0.000000, 0.000000, 1.000000),

              ["RightFoot"] = CFrame.new(0.000000, 0.034684, -0.000100, 0.980466, 0.150466, 0.126692, -0.004217, 0.660031, -0.751249, -0.196646, 0.736016, 0.647745),

              ["RightHand"] = CFrame.new(-0.000496, 0.006292, 0.000000, 0.994936, 0.087167, -0.050046, -0.075344, 0.976349, 0.202651, 0.066526, -0.197852, 0.977971),

              ["RightLowerArm"] = CFrame.new(0.000000, 0.036604, 0.004729, 1.000000, 0.000000, 0.000000, -0.000000, 0.951807, -0.306700, -0.000000, 0.306699, 0.951806),

              ["RightLowerLeg"] = CFrame.new(-0.000000, 0.120373, -0.129423, 1.000000, 0.000000, 0.000000, -0.000000, -0.341917, 0.939728, 0.000000, -0.939730, -0.341924),

              ["RightUpperArm"] = CFrame.new(0.127137, -0.000043, 0.333127, 0.745726, -0.105568, 0.657836, 0.000086, 0.987382, 0.158355, -0.666253, -0.118032, 0.736325),

              ["RightUpperLeg"] = CFrame.new(0.000000, 0.000000, -0.000000, 0.980464, -0.183357, 0.071200, 0.150464, 0.465986, -0.871897, 0.126691, 0.865585, 0.484485),

              ["UpperTorso"] = CFrame.new(0.000000, 0.000000, 0.000000, 1.000000, 0.000000, 0.000000, 0.000000, 1.000000, 0.000000, -0.000000, 0.000000, 1.000000)

          }},

          {Time = 0.017, Data = {

              ["Head"] = CFrame.new(0.000000, 0.000000, 0.000000, 1.000000, 0.000000, 0.000000, 0.000000, 1.000000, -0.000000, 0.000000, 0.000000, 1.000000),

              ["LeftFoot"] = CFrame.new(0.000000, 0.034487, 0.000000, 0.991387, -0.100187, -0.084358, 0.002068, 0.655994, -0.754787, 0.130950, 0.748087, 0.650524),

              ["LeftHand"] = CFrame.new(0.000496, 0.005491, 0.000000, 0.999191, -0.035112, 0.019618, 0.035365, 0.999294, -0.012719, -0.019157, 0.013403, 0.999727),

              ["LeftLowerArm"] = CFrame.new(-0.000500, 0.030447, 0.003217, 1.000000, -0.000000, -0.000000, 0.000000, 0.967158, -0.254175, 0.000000, 0.254175, 0.967158),

              ["LeftLowerLeg"] = CFrame.new(-0.000000, 0.120555, -0.129372, 1.000000, -0.000000, -0.000000, 0.000000, -0.342431, 0.939541, -0.000000, -0.939543, -0.342437),

              ["LeftUpperArm"] = CFrame.new(-0.235577, -0.002406, 0.424352, 0.528847, 0.119664, -0.840239, -0.004811, 0.990417, 0.138025, 0.848704, -0.068951, 0.524355),

              ["LeftUpperLeg"] = CFrame.new(0.000000, 0.000000, -0.000100, 0.991386, 0.122329, -0.046785, -0.100182, 0.478192, -0.872515, -0.084362, 0.869694, 0.486343),

              ["LowerTorso"] = CFrame.new(-0.012223, -0.940701, 0.000000, 1.000000, 0.000000, -0.000000, 0.000000, 1.000000, 0.000048, 0.000000, -0.000048, 1.000000),

              ["RightFoot"] = CFrame.new(0.000000, 0.034650, -0.000100, 0.980712, 0.149524, 0.125900, -0.004648, 0.661757, -0.749727, -0.195405, 0.734657, 0.649660),

              ["RightHand"] = CFrame.new(-0.000496, 0.006896, -0.000000, 0.995406, 0.083049, -0.047645, -0.070937, 0.973907, 0.215579, 0.064305, -0.211207, 0.975323),

              ["RightLowerArm"] = CFrame.new(0.000000, 0.040742, 0.005948, 1.000000, 0.000000, 0.000000, -0.000000, 0.939419, -0.342773, -0.000000, 0.342772, 0.939418),

              ["RightLowerLeg"] = CFrame.new(0.000000, 0.120588, -0.128837, 1.000000, 0.000000, 0.000000, -0.000000, -0.335807, 0.941929, 0.000000, -0.941931, -0.335813),

              ["RightUpperArm"] = CFrame.new(0.126343, 0.000011, 0.332236, 0.747314, -0.116228, 0.654227, -0.000022, 0.984579, 0.174943, -0.664472, -0.130752, 0.735786),

              ["RightUpperLeg"] = CFrame.new(0.000000, 0.000000, -0.000000, 0.980710, -0.182502, 0.069998, 0.149517, 0.469738, -0.870045, 0.125905, 0.863736, 0.487978),

              ["UpperTorso"] = CFrame.new(0.000000, 0.000000, -0.000000, 1.000000, 0.000000, 0.000000, -0.000000, 1.000000, 0.000000, -0.000000, 0.000000, 1.000000)

          }},

          {Time = 0.033, Data = {

              ["Head"] = CFrame.new(0.000000, 0.000000, 0.000000, 1.000000, 0.000000, 0.000000, 0.000000, 1.000000, -0.000000, 0.000000, 0.000000, 1.000000),

              ["LeftFoot"] = CFrame.new(-0.000000, 0.034388, 0.000000, 0.991643, -0.098694, -0.083100, 0.002952, 0.661290, -0.750148, 0.128980, 0.743610, 0.656028),

              ["LeftHand"] = CFrame.new(0.000496, 0.005376, 0.000000, 0.999204, -0.034830, 0.019452, 0.035113, 0.999279, -0.014424, -0.018936, 0.015096, 0.999707),

              ["LeftLowerArm"] = CFrame.new(-0.000500, 0.029690, 0.003050, 1.000000, -0.000000, -0.000000, 0.000000, 0.968851, -0.247643, 0.000000, 0.247643, 0.968851),

              ["LeftLowerLeg"] = CFrame.new(0.000000, 0.121172, -0.127655, 1.000000, -0.000000, -0.000000, 0.000000, -0.324536, 0.945871, -0.000000, -0.945873, -0.324543),

              ["LeftUpperArm"] = CFrame.new(-0.231348, -0.002642, 0.421686, 0.537304, 0.116878, -0.835251, -0.005284, 0.990798, 0.135245, 0.843372, -0.068254, 0.532978),

              ["LeftUpperLeg"] = CFrame.new(0.000000, 0.000000, -0.000100, 0.991642, 0.121044, -0.044652, -0.098677, 0.488590, -0.866907, -0.083118, 0.864076, 0.496466),

              ["LowerTorso"] = CFrame.new(-0.012057, -0.926605, 0.000000, 1.000000, 0.000000, -0.000000, 0.000000, 1.000000, 0.000188, 0.000000, -0.000188, 1.000000),

              ["RightFoot"] = CFrame.new(-0.000000, 0.034552, -0.000100, 0.981398, 0.146863, 0.123659, -0.005880, 0.666791, -0.745245, -0.191892, 0.730631, 0.655224),

              ["RightHand"] = CFrame.new(-0.000494, 0.008434, 0.000000, 0.996636, 0.071135, -0.040696, -0.058880, 0.966927, 0.248168, 0.057003, -0.244935, 0.967862),

              ["RightLowerArm"] = CFrame.new(0.000000, 0.051341, 0.009808, 1.000000, 0.000000, 0.000000, -0.000000, 0.900147, -0.435585, -0.000000, 0.435585, 0.900147),

              ["RightLowerLeg"] = CFrame.new(-0.000000, 0.121188, -0.127128, 1.000000, 0.000000, 0.000000, -0.000000, -0.318002, 0.948088, 0.000000, -0.948090, -0.318009),

              ["RightUpperArm"] = CFrame.new(0.124128, 0.000209, 0.329728, 0.751744, -0.143272, 0.643704, -0.000418, 0.976011, 0.217723, -0.659455, -0.163940, 0.733650),

              ["RightUpperLeg"] = CFrame.new(0.000000, 0.000000, -0.000000, 0.981397, -0.180066, 0.066598, 0.146839, 0.480506, -0.864603, 0.123685, 0.858307, 0.498023),

              ["UpperTorso"] = CFrame.new(0.000000, 0.000000, -0.000000, 1.000000, 0.000000, 0.000000, 0.000000, 1.000000, 0.000000, -0.000000, 0.000000, 1.000000)

          }},

          {Time = 0.050, Data = {

              ["Head"] = CFrame.new(0.000000, -0.000000, -0.000000, 1.000000, 0.000000, 0.000000, 0.000000, 1.000000, 0.000000, 0.000000, -0.000000, 1.000000),

              ["LeftFoot"] = CFrame.new(-0.000000, 0.034228, 0.000000, 0.992027, -0.096409, -0.081177, 0.004342, 0.669859, -0.742499, 0.125953, 0.736202, 0.664910),

              ["LeftHand"] = CFrame.new(0.000497, 0.005190, 0.000000, 0.999226, -0.034357, 0.019174, 0.034688, 0.999250, -0.017211, -0.018568, 0.017862, 0.999668),

              ["LeftLowerArm"] = CFrame.new(-0.000500, 0.028461, 0.002790, 1.000000, -0.000000, -0.000000, 0.000000, 0.971499, -0.237045, 0.000000, 0.237044, 0.971499),

              ["LeftLowerLeg"] = CFrame.new(0.000000, 0.122093, -0.124871, 1.000000, -0.000000, -0.000000, 0.000000, -0.295527, 0.955332, -0.000000, -0.955334, -0.295534),

              ["LeftUpperArm"] = CFrame.new(-0.224630, -0.003033, 0.417327, 0.550741, 0.112412, -0.827072, -0.006066, 0.991402, 0.130709, 0.834654, -0.066969, 0.546688),

              ["LeftUpperLeg"] = CFrame.new(0.000000, 0.000000, -0.000100, 0.992026, 0.119048, -0.041371, -0.096375, 0.505008, -0.857709, -0.081216, 0.854866, 0.512469),

              ["LowerTorso"] = CFrame.new(-0.011792, -0.904092, 0.000000, 1.000000, 0.000000, -0.000000, 0.000000, 1.000000, 0.000416, 0.000000, -0.000416, 1.000000),

              ["RightFoot"] = CFrame.new(0.000000, 0.034392, -0.000100, 0.982426, 0.142787, 0.120227, -0.007793, 0.674915, -0.737877, -0.186490, 0.723948, 0.664140),

              ["RightHand"] = CFrame.new(-0.000493, 0.010612, -0.000000, 0.998206, 0.052060, -0.029569, -0.041308, 0.956353, 0.289283, 0.043338, -0.287540, 0.956787),

              ["RightLowerArm"] = CFrame.new(-0.000000, 0.065236, 0.016599, 1.000000, 0.000000, 0.000000, -0.000000, 0.830864, -0.556475, -0.000000, 0.556475, 0.830864),

              ["RightLowerLeg"] = CFrame.new(0.000000, 0.122088, -0.124341, 1.000000, 0.000000, 0.000000, -0.000000, -0.288962, 0.957338, 0.000000, -0.957341, -0.288969),

              ["RightUpperArm"] = CFrame.new(0.120836, 0.000651, 0.325936, 0.758328, -0.177665, 0.627195, -0.001302, 0.961728, 0.274004, -0.651872, -0.208601, 0.729074),

              ["RightUpperLeg"] = CFrame.new(0.000000, 0.000000, -0.000000, 0.982425, -0.176287, 0.061350, 0.142735, 0.497692, -0.855520, 0.120284, 0.849250, 0.514122),

              ["UpperTorso"] = CFrame.new(0.000000, 0.000000, 0.000000, 1.000000, 0.000000, 0.000000, 0.000000, 1.000000, 0.000000, -0.000000, 0.000000, 1.000000)

          }},

          {Time = 0.067, Data = {

              ["Head"] = CFrame.new(0.000000, 0.000000, -0.000000, 1.000000, 0.000000, 0.000000, 0.000000, 1.000000, -0.000000, 0.000000, 0.000000, 1.000000),

              ["LeftFoot"] = CFrame.new(0.000000, 0.034008, -0.000000, 0.992497, -0.093533, -0.078755, 0.006149, 0.681465, -0.731849, 0.122113, 0.725849, 0.676901),

              ["LeftHand"] = CFrame.new(0.000497, 0.004931, -0.000000, 0.999256, -0.033680, 0.018776, 0.034074, 0.999197, -0.021066, -0.018051, 0.021691, 0.999602),

              ["LeftLowerArm"] = CFrame.new(-0.000500, 0.026773, 0.002452, 1.000000, -0.000000, -0.000000, 0.000000, 0.974927, -0.222527, 0.000000, 0.222527, 0.974927),

              ["LeftLowerLeg"] = CFrame.new(-0.000000, 0.123182, -0.121055, 1.000000, -0.000000, -0.000000, 0.000000, -0.255750, 0.966741, -0.000000, -0.966743, -0.255758),

              ["LeftUpperArm"] = CFrame.new(-0.215712, -0.003581, 0.411300, 0.568576, 0.106410, -0.815719, -0.007162, 0.992201, 0.124441, 0.822599, -0.064911, 0.564904),

              ["LeftUpperLeg"] = CFrame.new(0.000000, -0.000000, -0.000100, 0.992497, 0.116482, -0.037175, -0.093475, 0.526819, -0.844812, -0.078821, 0.841958, 0.533770),

              ["LowerTorso"] = CFrame.new(-0.011438, -0.873963, 0.000000, 1.000000, 0.000000, -0.000000, 0.000000, 1.000000, 0.000724, 0.000000, -0.000724, 1.000000),

              ["RightFoot"] = CFrame.new(-0.000000, 0.034173, -0.000100, 0.983680, 0.137642, 0.115895, -0.010293, 0.686089, -0.727469, -0.179633, 0.714379, 0.676282),

              ["RightHand"] = CFrame.new(-0.000490, 0.015026, 0.000000, 0.999544, 0.026425, -0.014612, -0.020197, 0.944810, 0.326998, 0.022446, -0.326551, 0.944912),

              ["RightLowerArm"] = CFrame.new(-0.000000, 0.080830, 0.025669, 1.000000, 0.000000, 0.000000, -0.000000, 0.737223, -0.675649, -0.000000, 0.675650, 0.737223),

              ["RightLowerLeg"] = CFrame.new(0.000000, 0.123133, -0.120559, 1.000000, 0.000000, 0.000000, -0.000000, -0.249544, 0.968361, 0.000000, -0.968364, -0.249552),

              ["RightUpperArm"] = CFrame.new(0.116909, 0.001484, 0.321309, 0.766182, -0.209821, 0.607405, -0.002969, 0.944029, 0.329849, -0.642617, -0.254527, 0.722675),

              ["RightUpperLeg"] = CFrame.new(0.000000, -0.000000, -0.000000, 0.983679, -0.171386, 0.054794, 0.137557, 0.519967, -0.843028, 0.115993, 0.836816, 0.535072),

              ["UpperTorso"] = CFrame.new(0.000000, -0.000000, 0.000000, 1.000000, 0.000000, 0.000000, -0.000000, 1.000000, 0.000000, -0.000000, 0.000000, 1.000000)

          }},

          {Time = 0.083, Data = {

              ["Head"] = CFrame.new(0.000000, 0.000000, 0.000000, 1.000000, 0.000000, 0.000000, 0.000000, 1.000000, 0.000000, 0.000000, -0.000000, 1.000000),

              ["LeftFoot"] = CFrame.new(0.000000, 0.033730, -0.000000, 0.993015, -0.090260, -0.076000, 0.008311, 0.696001, -0.718017, 0.117697, 0.712345, 0.691864),

              ["LeftHand"] = CFrame.new(0.000497, 0.004598, -0.000000, 0.999296, -0.032781, 0.018247, 0.033250, 0.999109, -0.026006, -0.017378, 0.026595, 0.999495),

              ["LeftLowerArm"] = CFrame.new(-0.000500, 0.024634, 0.002057, 1.000000, -0.000000, -0.000000, 0.000000, 0.978933, -0.204182, 0.000000, 0.204182, 0.978933),

              ["LeftLowerLeg"] = CFrame.new(-0.000000, 0.124281, -0.116274, 1.000000, -0.000000, -0.000000, 0.000000, -0.205923, 0.978566, -0.000000, -0.978568, -0.205932),

              ["LeftUpperArm"] = CFrame.new(-0.204903, -0.004291, 0.403608, 0.590195, 0.099022, -0.801164, -0.008581, 0.993162, 0.116432, 0.807215, -0.061842, 0.587009),

              ["LeftUpperLeg"] = CFrame.new(0.000000, -0.000000, -0.000100, 0.993014, 0.113466, -0.032369, -0.090175, 0.552844, -0.828380, -0.076098, 0.825523, 0.559230),

              ["LowerTorso"] = CFrame.new(-0.011003, -0.837020, 0.000000, 1.000000, 0.000000, -0.000000, 0.000000, 0.999999, 0.001108, 0.000000, -0.001108, 0.999999),

              ["RightFoot"] = CFrame.new(-0.000000, 0.033897, -0.000100, 0.985052, 0.131774, 0.110955, -0.013237, 0.700095, -0.713951, -0.171749, 0.701785, 0.691348),

              ["RightHand"] = CFrame.new(-0.000487, 0.019148, -0.000000, 0.999979, -0.005233, 0.003858, 0.003470, 0.931418, 0.363939, -0.005498, -0.363915, 0.931415),

              ["RightLowerArm"] = CFrame.new(-0.000000, 0.095376, 0.037549, 1.000000, 0.000000, 0.000000, -0.000000, 0.613965, -0.789333, -0.000000, 0.789333, 0.613966),

              ["RightLowerLeg"] = CFrame.new(0.000000, 0.124196, -0.115799, 1.000000, 0.000000, 0.000000, -0.000000, -0.199936, 0.979807, 0.000000, -0.979809, -0.199945),

              ["RightUpperArm"] = CFrame.new(0.112868, 0.002872, 0.316418, 0.774265, -0.240233, 0.585493, -0.005745, 0.922446, 0.386085, -0.632835, -0.302295, 0.712837),

              ["RightUpperLeg"] = CFrame.new(0.000000, -0.000000, -0.000000, 0.985051, -0.165639, 0.047308, 0.131650, 0.546735, -0.826881, 0.111099, 0.820759, 0.560384),

              ["UpperTorso"] = CFrame.new(0.000000, 0.000000, 0.000000, 1.000000, -0.000000, 0.000000, 0.000000, 1.000000, 0.000000, -0.000000, 0.000000, 1.000000)

          }},

          {Time = 0.100, Data = {

              ["Head"] = CFrame.new(0.000000, 0.000000, 0.000000, 1.000000, 0.000000, 0.000000, 0.000000, 1.000000, -0.000000, 0.000000, 0.000000, 1.000000),

              ["LeftFoot"] = CFrame.new(0.000000, 0.033405, -0.000000, 0.993547, -0.086768, -0.073060, 0.010746, 0.713206, -0.700898, 0.112915, 0.695564, 0.709510),

              ["LeftHand"] = CFrame.new(0.000497, 0.004198, -0.000000, 0.999345, -0.031638, 0.017576, 0.032185, 0.998977, -0.031761, -0.016552, 0.032306, 0.999341),

              ["LeftLowerArm"] = CFrame.new(-0.000500, 0.022112, 0.001640, 1.000000, -0.000000, -0.000000, 0.000000, 0.983174, -0.182672, 0.000000, 0.182671, 0.983174),

              ["LeftLowerLeg"] = CFrame.new(-0.000000, 0.125255, -0.110550, 1.000000, -0.000000, -0.000000, 0.000000, -0.146306, 0.989238, -0.000000, -0.989239, -0.146316),

              ["LeftUpperArm"] = CFrame.new(-0.192525, -0.005167, 0.394249, 0.614950, 0.090668, -0.783336, -0.010334, 0.994209, 0.106964, 0.788498, -0.057682, 0.612326),

              ["LeftUpperLeg"] = CFrame.new(0.000000, 0.000000, -0.000100, 0.993546, 0.110131, -0.027151, -0.086654, 0.582478, -0.808203, -0.073194, 0.805351, 0.588278),

              ["LowerTorso"] = CFrame.new(-0.010498, -0.794065, 0.000000, 1.000000, 0.000000, -0.000000, 0.000000, 0.999999, 0.001562, 0.000000, -0.001562, 0.999999),

              ["RightFoot"] = CFrame.new(-0.000000, 0.033574, -0.000101, 0.986452, 0.125497, 0.105669, -0.016508, 0.716757, -0.697152, -0.163219, 0.685937, 0.709093),

              ["RightHand"] = CFrame.new(-0.000486, 0.021766, -0.000000, 0.998770, -0.042470, 0.025581, 0.028743, 0.916413, 0.399203, -0.040397, -0.397973, 0.916506),

              ["RightLowerArm"] = CFrame.new(-0.000001, 0.106797, 0.052091, 1.000000, 0.000000, 0.000000, -0.000000, 0.463150, -0.886280, -0.000000, 0.886280, 0.463151),

              ["RightLowerLeg"] = CFrame.new(0.000000, 0.125130, -0.110099, 1.000000, 0.000000, 0.000000, -0.000000, -0.140568, 0.990070, 0.000000, -0.990071, -0.140578),

              ["RightUpperArm"] = CFrame.new(0.109293, 0.004961, 0.311967, 0.781415, -0.267038, 0.563987, -0.009923, 0.898377, 0.439114, -0.623933, -0.348726, 0.699355),

              ["RightUpperLeg"] = CFrame.new(0.000000, 0.000000, -0.000000, 0.986451, -0.159283, 0.039287, 0.125331, 0.577125, -0.806969, 0.105863, 0.800972, 0.589285),

              ["UpperTorso"] = CFrame.new(0.000000, 0.000000, 0.000000, 1.000000, 0.000000, 0.000000, -0.000000, 1.000000, 0.000000, -0.000000, 0.000000, 1.000000)

          }},

          {Time = 0.117, Data = {

              ["Head"] = CFrame.new(0.000000, 0.000000, -0.000000, 1.000000, 0.000000, 0.000000, 0.000000, 1.000000, -0.000000, 0.000000, 0.000000, 1.000000),

              ["LeftFoot"] = CFrame.new(0.000000, 0.033035, -0.000001, 0.994067, -0.083203, -0.070058, 0.013390, 0.732808, -0.680330, 0.107938, 0.675330, 0.729550),

              ["LeftHand"] = CFrame.new(0.000498, 0.003704, -0.000000, 0.999403, -0.030228, 0.016747, 0.030862, 0.998764, -0.038963, -0.015548, 0.039457, 0.999100),

              ["LeftLowerArm"] = CFrame.new(-0.000500, 0.019071, 0.001203, 1.000000, -0.000000, -0.000000, 0.000000, 0.987620, -0.156865, 0.000000, 0.156864, 0.987620),

              ["LeftLowerLeg"] = CFrame.new(-0.000000, 0.125932, -0.103928, 1.000000, -0.000000, -0.000000, 0.000000, -0.077383, 0.997001, -0.000000, -0.997001, -0.077394),

              ["LeftUpperArm"] = CFrame.new(-0.178917, -0.006212, 0.383232, 0.642167, 0.081063, -0.762267, -0.012424, 0.995363, 0.095386, 0.766465, -0.051783, 0.640196),

              ["LeftUpperLeg"] = CFrame.new(0.000000, -0.000000, -0.000100, 0.994067, 0.106581, -0.021702, -0.083057, 0.614975, -0.784147, -0.070229, 0.781311, 0.620196),

              ["LowerTorso"] = CFrame.new(-0.009931, -0.745899, 0.000000, 1.000000, 0.000000, -0.000000, 0.000000, 0.999998, 0.002080, 0.000000, -0.002080, 0.999998),

              ["RightFoot"] = CFrame.new(0.000000, 0.033205, -0.000101, 0.987812, 0.119071, 0.100259, -0.019996, 0.735831, -0.676895, -0.154362, 0.666614, 0.729220),

              ["RightHand"] = CFrame.new(-0.000484, 0.023618, 0.000000, 0.995111, -0.084954, 0.050361, 0.055124, 0.900903, 0.430510, -0.081943, -0.425625, 0.901180),

              ["RightLowerArm"] = CFrame.new(-0.000001, 0.114749, 0.068242, 1.000000, 0.000000, 0.000000, -0.000000, 0.295482, -0.955348, -0.000000, 0.955348, 0.295482),

              ["RightLowerLeg"] = CFrame.new(-0.000000, 0.125765, -0.103502, 1.000000, 0.000000, 0.000000, -0.000000, -0.071915, 0.997410, 0.000000, -0.997411, -0.071926),

              ["RightUpperArm"] = CFrame.new(0.106830, 0.007821, 0.308798, 0.786340, -0.287462, 0.546841, -0.015642, 0.875603, 0.482779, -0.617596, -0.388182, 0.684025),

              ["RightUpperLeg"] = CFrame.new(0.000000, -0.000000, -0.000000, 0.987811, -0.152529, 0.031045, 0.118861, 0.610357, -0.783145, 0.100504, 0.777303, 0.621064),

              ["UpperTorso"] = CFrame.new(0.000000, 0.000000, 0.000000, 1.000000, 0.000000, 0.000000, -0.000000, 1.000000, 0.000000, -0.000000, 0.000000, 1.000000)

          }},

          {Time = 0.133, Data = {

              ["Head"] = CFrame.new(0.000000, -0.000000, 0.000000, 1.000000, 0.000000, 0.000000, 0.000000, 1.000000, 0.000000, 0.000000, -0.000000, 1.000000),

              ["LeftFoot"] = CFrame.new(-0.000000, 0.032434, -0.000001, 0.994561, -0.079678, -0.067090, 0.016179, 0.754449, -0.656185, 0.102893, 0.651504, 0.751612),

              ["LeftHand"] = CFrame.new(0.000498, 0.003114, 0.000000, 0.999469, -0.028530, 0.015749, 0.029247, 0.998448, -0.047403, -0.014372, 0.047838, 0.998752),

              ["LeftLowerArm"] = CFrame.new(-0.000500, 0.015561, 0.000786, 1.000000, -0.000000, -0.000000, 0.000000, 0.991860, -0.127330, 0.000000, 0.127330, 0.991860),

              ["LeftLowerLeg"] = CFrame.new(-0.000000, 0.126025, -0.096486, 1.000000, -0.000000, -0.000000, 0.000000, 0.000161, 1.000000, -0.000000, -1.000000, 0.000149),

              ["LeftUpperArm"] = CFrame.new(-0.164425, -0.007424, 0.370586, 0.671150, 0.070667, -0.737945, -0.014848, 0.996528, 0.081926, 0.741173, -0.044027, 0.669869),

              ["LeftUpperLeg"] = CFrame.new(0.000000, -0.000000, -0.000100, 0.994561, 0.102898, -0.016161, -0.079499, 0.649627, -0.756071, -0.067300, 0.753257, 0.654290),

              ["LowerTorso"] = CFrame.new(-0.009313, -0.693324, 0.000000, 1.000000, 0.000000, -0.000000, 0.000000, 0.999996, 0.002657, 0.000000, -0.002657, 0.999996),

              ["RightFoot"] = CFrame.new(-0.000000, 0.032604, -0.000101, 0.989088, 0.112701, 0.094896, -0.023600, 0.756975, -0.653043, -0.145424, 0.643651, 0.751352),

              ["RightHand"] = CFrame.new(-0.000484, 0.024815, -0.000000, 0.988114, -0.132434, 0.078052, 0.082281, 0.884531, 0.459171, -0.129848, -0.447287, 0.884912),

              ["RightLowerArm"] = CFrame.new(-0.000001, 0.119048, 0.085085, 1.000000, 0.000000, -0.000000, 0.000000, 0.120646, -0.992696, -0.000000, 0.992696, 0.120646),

              ["RightLowerLeg"] = CFrame.new(-0.000000, 0.125812, -0.096089, 1.000000, 0.000000, 0.000000, -0.000000, 0.005337, 0.999986, 0.000000, -0.999986, 0.005324),

              ["RightUpperArm"] = CFrame.new(0.106199, 0.011338, 0.307883, 0.787603, -0.300623, 0.537873, -0.022677, 0.858178, 0.512851, -0.615766, -0.416120, 0.669086),

              ["RightUpperLeg"] = CFrame.new(0.000000, -0.000000, -0.000000, 0.989087, -0.145551, 0.022822, 0.112448, 0.645693, -0.755258, 0.095193, 0.749597, 0.655030),

              ["UpperTorso"] = CFrame.new(0.000000, 0.000000, -0.000000, 1.000000, -0.000000, 0.000000, 0.000000, 1.000000, 0.000000, -0.000000, 0.000000, 1.000000)

          }},

          {Time = 0.150, Data = {

              ["Head"] = CFrame.new(0.000000, -0.000000, 0.000000, 1.000000, 0.000000, 0.000000, 0.000000, 1.000000, -0.000000, 0.000000, 0.000000, 1.000000),

              ["LeftFoot"] = CFrame.new(0.000000, 0.031931, -0.000001, 0.995017, -0.076275, -0.064225, 0.019074, 0.777800, -0.628248, 0.097867, 0.623867, 0.775358),

              ["LeftHand"] = CFrame.new(0.000498, 0.002413, -0.000000, 0.999542, -0.026525, 0.014572, 0.027316, 0.997993, -0.057123, -0.013027, 0.057495, 0.998261),

              ["LeftLowerArm"] = CFrame.new(-0.000500, 0.011576, 0.000424, 1.000000, -0.000000, -0.000000, 0.000000, 0.995557, -0.094158, 0.000000, 0.094157, 0.995557),

              ["LeftLowerLeg"] = CFrame.new(-0.000000, 0.125479, -0.088271, 1.000000, -0.000000, -0.000000, 0.000000, 0.085596, 0.996331, -0.000000, -0.996330, 0.085582),

              ["LeftUpperArm"] = CFrame.new(-0.149400, -0.008796, 0.356374, 0.701200, 0.059763, -0.710455, -0.017592, 0.997628, 0.066557, 0.712747, -0.034171, 0.700588),

              ["LeftUpperLeg"] = CFrame.new(0.000000, -0.000000, -0.000100, 0.995016, 0.099144, -0.010626, -0.076063, 0.685786, -0.723802, -0.064474, 0.721019, 0.689926),

              ["LowerTorso"] = CFrame.new(-0.008652, -0.637142, 0.000000, 1.000000, 0.000000, -0.000000, 0.000000, 0.999995, 0.003287, 0.000000, -0.003287, 0.999995),

              ["RightFoot"] = CFrame.new(-0.000000, 0.032102, -0.000101, 0.990254, 0.106538, 0.089707, -0.027254, 0.779874, -0.625368, -0.136577, 0.616803, 0.775157),

              ["RightHand"] = CFrame.new(-0.000483, 0.025678, 0.000000, 0.976814, -0.184584, 0.108464, 0.109348, 0.865700, 0.488478, -0.184061, -0.465288, 0.865809),

              ["RightLowerArm"] = CFrame.new(-0.000001, 0.120013, 0.101620, 1.000000, 0.000000, -0.000000, -0.000000, -0.051034, -0.998697, -0.000000, 0.998697, -0.051035),

              ["RightLowerLeg"] = CFrame.new(0.000000, 0.125225, -0.087901, 1.000000, 0.000000, 0.000000, -0.000000, 0.090473, 0.995900, 0.000000, -0.995899, 0.090459),

              ["RightUpperArm"] = CFrame.new(0.108189, 0.015036, 0.310254, 0.783623, -0.305402, 0.540985, -0.030072, 0.851150, 0.524060, -0.620508, -0.426934, 0.657797),

              ["RightUpperLeg"] = CFrame.new(0.000000, -0.000000, -0.000000, 0.990254, -0.138487, 0.014784, 0.106243, 0.682474, -0.723132, 0.090055, 0.717671, 0.690552),

              ["UpperTorso"] = CFrame.new(0.000000, 0.000000, -0.000000, 1.000000, 0.000000, 0.000000, 0.000000, 1.000000, 0.000000, -0.000000, 0.000000, 1.000000)

          }},

          {Time = 0.167, Data = {

              ["Head"] = CFrame.new(0.000000, -0.000000, 0.000000, 1.000000, 0.000000, 0.000000, 0.000000, 1.000000, -0.000000, 0.000000, 0.000000, 1.000000),

              ["LeftFoot"] = CFrame.new(0.000000, 0.031052, -0.000002, 0.995430, -0.073049, -0.061509, 0.022019, 0.802314, -0.596521, 0.092919, 0.592415, 0.800237),

              ["LeftHand"] = CFrame.new(0.000499, 0.001581, 0.000000, 0.999620, -0.024204, 0.013210, 0.025049, 0.997364, -0.068105, -0.011526, 0.068410, 0.997591),

              ["LeftLowerArm"] = CFrame.new(-0.000500, 0.007115, 0.000154, 1.000000, -0.000000, -0.000000, 0.000000, 0.998340, -0.057595, 0.000000, 0.057594, 0.998340),

              ["LeftLowerLeg"] = CFrame.new(-0.000000, 0.123880, -0.079464, 1.000000, -0.000000, -0.000000, 0.000000, 0.177302, 0.984159, -0.000000, -0.984157, 0.177287),

              ["LeftUpperArm"] = CFrame.new(-0.134189, -0.010315, 0.340699, 0.731623, 0.048709, -0.679967, -0.020629, 0.998569, 0.049336, 0.681398, -0.022068, 0.731581),

              ["LeftUpperLeg"] = CFrame.new(0.000000, -0.000000, -0.000100, 0.995430, 0.095354, -0.005194, -0.072805, 0.722570, -0.687436, -0.061796, 0.684690, 0.726226),

              ["LowerTorso"] = CFrame.new(-0.007958, -0.578153, 0.000000, 1.000000, 0.000000, -0.000000, 0.000000, 0.999992, 0.003965, 0.000000, -0.003965, 0.999992),

              ["RightFoot"] = CFrame.new(0.000000, 0.031198, -0.000102, 0.991301, 0.100685, 0.084778, -0.030869, 0.803975, -0.593887, -0.127947, 0.586078, 0.800070),

              ["RightHand"] = CFrame.new(-0.000483, 0.026344, -0.000000, 0.960310, -0.240597, 0.141131, 0.133727, 0.841139, 0.524029, -0.244788, -0.484353, 0.839926),

              ["RightLowerArm"] = CFrame.new(-0.000001, 0.118172, 0.116956, 1.000000, 0.000000, -0.000000, -0.000000, -0.210310, -0.977634, -0.000000, 0.977635, -0.210311),

              ["RightLowerLeg"] = CFrame.new(-0.000000, 0.123572, -0.079131, 1.000000, 0.000000, 0.000000, -0.000000, 0.181817, 0.983335, 0.000000, -0.983332, 0.181803),

              ["RightUpperArm"] = CFrame.new(0.113579, 0.017765, 0.316802, 0.772842, -0.299433, 0.559514, -0.035531, 0.859881, 0.509256, -0.633604, -0.413454, 0.653913),

              ["RightUpperLeg"] = CFrame.new(0.000000, -0.000000, -0.000000, 0.991300, -0.131431, 0.007090, 0.100348, 0.719786, -0.686888, 0.085175, 0.681641, 0.726729),

              ["UpperTorso"] = CFrame.new(0.000000, 0.000000, 0.000000, 1.000000, 0.000000, 0.000000, 0.000000, 1.000000, 0.000000, -0.000000, 0.000000, 1.000000)

          }},

          {Time = 0.183, Data = {

              ["Head"] = CFrame.new(-0.000000, -0.000000, -0.000000, 1.000000, 0.000000, 0.000000, 0.000000, 1.000000, 0.000000, 0.000000, -0.000000, 1.000000),

              ["LeftFoot"] = CFrame.new(0.000000, 0.030212, -0.000002, 0.995800, -0.070036, -0.058971, 0.025015, 0.827712, -0.560621, 0.088069, 0.556766, 0.825970),

              ["LeftHand"] = CFrame.new(0.000500, 0.000583, 0.000000, 0.999699, -0.021566, 0.011662, 0.022435, 0.996509, -0.080410, -0.009887, 0.080647, 0.996694),

              ["LeftLowerArm"] = CFrame.new(-0.000500, 0.002154, 0.000012, 1.000000, -0.000000, -0.000000, 0.000000, 0.999842, -0.017757, 0.000000, 0.017756, 0.999842),

              ["LeftLowerLeg"] = CFrame.new(-0.000000, 0.121250, -0.070081, 1.000000, -0.000000, -0.000000, 0.000000, 0.274799, 0.961506, -0.000000, -0.961502, 0.274785),

              ["LeftUpperArm"] = CFrame.new(-0.119124, -0.011960, 0.323713, 0.761753, 0.037814, -0.646764, -0.023920, 0.999256, 0.030250, 0.647426, -0.007572, 0.762090),

              ["LeftUpperLeg"] = CFrame.new(0.000000, -0.000000, -0.000100, 0.995800, 0.091555, 0.000151, -0.069759, 0.759776, -0.646414, -0.059297, 0.643707, 0.762987),

              ["LowerTorso"] = CFrame.new(-0.007240, -0.517161, 0.000000, 1.000000, 0.000000, -0.000000, 0.000000, 0.999989, 0.004685, 0.000000, -0.004685, 0.999989),

              ["RightFoot"] = CFrame.new(-0.000000, 0.030372, -0.000102, 0.992225, 0.095207, 0.080166, -0.034451, 0.829023, -0.558177, -0.119594, 0.551051, 0.825840),

              ["RightHand"] = CFrame.new(-0.000482, 0.026916, 0.000000, 0.938298, -0.298376, 0.174843, 0.149618, 0.806050, 0.572627, -0.311787, -0.511132, 0.800955),

              ["RightLowerArm"] = CFrame.new(-0.000002, 0.114399, 0.130192, 1.000000, 0.000000, -0.000000, 0.000000, -0.347871, -0.937542, -0.000000, 0.937542, -0.347872),

              ["RightLowerLeg"] = CFrame.new(-0.000000, 0.120909, -0.069774, 1.000000, 0.000000, 0.000000, -0.000000, 0.279024, 0.960288, 0.000000, -0.960284, 0.279010),

              ["RightUpperArm"] = CFrame.new(0.122829, 0.017295, 0.327785, 0.754342, -0.276493, 0.595416, -0.034589, 0.888981, 0.456637, -0.655570, -0.365055, 0.661032),

              ["RightUpperLeg"] = CFrame.new(0.000000, -0.000000, -0.000000, 0.992225, -0.124460, -0.000288, 0.094830, 0.757486, -0.645909, 0.080609, 0.640878, 0.763414),

              ["UpperTorso"] = CFrame.new(-0.000000, -0.000000, 0.000000, 1.000000, -0.000000, 0.000000, -0.000000, 1.000000, 0.000000, -0.000000, 0.000000, 1.000000)

          }},

          {Time = 0.200, Data = {

              ["Head"] = CFrame.new(0.000000, 0.000000, 0.000000, 1.000000, 0.000000, 0.000000, 0.000000, 1.000000, 0.000000, 0.000000, -0.000000, 1.000000),

              ["LeftFoot"] = CFrame.new(-0.000000, 0.028793, -0.000002, 0.996128, -0.067253, -0.056628, 0.027995, 0.853205, -0.520849, 0.083339, 0.517222, 0.851769),

              ["LeftHand"] = CFrame.new(0.000501, -0.001607, -0.000000, 0.999777, -0.018623, 0.009939, 0.019374, 0.996460, -0.081803, -0.008381, 0.081977, 0.996599),

              ["LeftLowerArm"] = CFrame.new(-0.000500, -0.001803, 0.000009, 1.000000, -0.000000, -0.000000, 0.000000, 1.000000, -0.000001, 0.000000, -0.000000, 1.000000),

              ["LeftLowerLeg"] = CFrame.new(0.000000, 0.117017, -0.060436, 1.000000, -0.000000, -0.000000, 0.000000, 0.375180, 0.926958, -0.000000, -0.926952, 0.375166),

              ["LeftUpperArm"] = CFrame.new(-0.104515, -0.013707, 0.305620, 0.790970, 0.035243, -0.610839, -0.027415, 0.999378, 0.022161, 0.611241, -0.000782, 0.791444),

              ["LeftUpperLeg"] = CFrame.new(0.000000, -0.000000, -0.000100, 0.996128, 0.087757, 0.005318, -0.066944, 0.796298, -0.601170, -0.056992, 0.598505, 0.799104),

              ["LowerTorso"] = CFrame.new(-0.006508, -0.454966, 0.000000, 1.000000, 0.000000, -0.000000, 0.000000, 0.999985, 0.005441, 0.000000, -0.005441, 0.999985),

              ["RightFoot"] = CFrame.new(0.000000, 0.028937, -0.000102, 0.993034, 0.090139, 0.075899, -0.037902, 0.854201, -0.518584, -0.111570, 0.512070, 0.851651),

              ["RightHand"] = CFrame.new(-0.000482, 0.027372, -0.000000, 0.912295, -0.353387, 0.206973, 0.147391, 0.754837, 0.639141, -0.382092, -0.552575, 0.740717),

              ["RightLowerArm"] = CFrame.new(-0.000002, 0.109798, 0.140577, 1.000000, 0.000000, -0.000000, -0.000000, -0.455802, -0.890080, -0.000000, 0.890081, -0.455804),

              ["RightLowerLeg"] = CFrame.new(0.000000, 0.116628, -0.060164, 1.000000, 0.000000, 0.000000, -0.000000, 0.379046, 0.925384, 0.000000, -0.925378, 0.379032),

              ["RightUpperArm"] = CFrame.new(0.135344, 0.010033, 0.341943, 0.729312, -0.225772, 0.645856, -0.020066, 0.936520, 0.350038, -0.683887, -0.268247, 0.678486),

              ["RightUpperLeg"] = CFrame.new(0.000000, -0.000000, -0.000000, 0.993033, -0.117615, -0.007218, 0.089725, 0.794406, -0.600703, 0.076386, 0.595891, 0.799439),

              ["UpperTorso"] = CFrame.new(0.000000, 0.000000, -0.000000, 1.000000, 0.000000, 0.000000, 0.000000, 1.000000, 0.000000, -0.000000, 0.000000, 1.000000)

          }},

          {Time = 0.217, Data = {

              ["Head"] = CFrame.new(0.000000, 0.000000, 0.000000, 1.000000, 0.000000, 0.000000, 0.000000, 1.000000, -0.000000, 0.000000, 0.000000, 1.000000),

              ["LeftFoot"] = CFrame.new(0.000000, 0.027083, -0.000002, 0.996416, -0.064707, -0.054485, 0.030969, 0.878429, -0.476892, 0.078714, 0.473471, 0.877271),

              ["LeftHand"] = CFrame.new(0.000503, -0.005023, -0.000000, 0.999849, -0.015401, 0.008057, 0.015959, 0.997091, -0.074529, -0.006885, 0.074646, 0.997186),

              ["LeftLowerArm"] = CFrame.new(-0.000500, -0.005216, 0.000028, 1.000000, -0.000000, -0.000000, 0.000000, 1.000000, -0.000001, 0.000000, -0.000000, 1.000000),

              ["LeftLowerLeg"] = CFrame.new(0.000000, 0.111172, -0.050631, 1.000000, -0.000000, -0.000000, 0.000000, 0.477110, 0.878850, -0.000000, -0.878844, 0.477098),

              ["LeftUpperArm"] = CFrame.new(-0.090636, -0.015527, 0.286671, 0.818727, 0.038527, -0.572889, -0.031053, 0.999257, 0.022822, 0.573343, -0.000895, 0.819315),

              ["LeftUpperLeg"] = CFrame.new(0.000000, -0.000000, -0.000100, 0.996416, 0.083956, 0.010340, -0.064367, 0.831811, -0.551294, -0.054885, 0.548673, 0.834247),

              ["LowerTorso"] = CFrame.new(-0.005772, -0.392370, 0.000000, 1.000000, 0.000000, -0.000000, 0.000000, 0.999981, 0.006228, 0.000000, -0.006228, 0.999981),

              ["RightFoot"] = CFrame.new(-0.000000, 0.027221, -0.000102, 0.993735, 0.085498, 0.071991, -0.041246, 0.879157, -0.474768, -0.103876, 0.468800, 0.877161),

              ["RightHand"] = CFrame.new(-0.000482, 0.027695, -0.000000, 0.887287, -0.397990, 0.233084, 0.117661, 0.683967, 0.719965, -0.445957, -0.611386, 0.653699),

              ["RightLowerArm"] = CFrame.new(-0.000002, 0.105929, 0.147352, 1.000000, 0.000000, -0.000000, -0.000000, -0.526264, -0.850320, -0.000000, 0.850321, -0.526265),

              ["RightLowerLeg"] = CFrame.new(0.000000, 0.110741, -0.050392, 1.000000, 0.000000, 0.000000, -0.000000, 0.480631, 0.876929, 0.000000, -0.876923, 0.480620),

              ["RightUpperArm"] = CFrame.new(0.148433, -0.008381, 0.355431, 0.703133, -0.134483, 0.698225, 0.016762, 0.984814, 0.172802, -0.710861, -0.109799, 0.694709),

              ["RightUpperLeg"] = CFrame.new(0.000000, -0.000000, -0.000000, 0.993734, -0.110919, -0.013758, 0.085048, 0.830263, -0.550824, 0.072520, 0.546223, 0.834508),

              ["UpperTorso"] = CFrame.new(0.000000, 0.000000, 0.000000, 1.000000, -0.000000, 0.000000, 0.000000, 1.000000, 0.000000, -0.000000, 0.000000, 1.000000)

          }},

          {Time = 0.233, Data = {

              ["Head"] = CFrame.new(0.000000, -0.000000, -0.000000, 1.000000, 0.000000, 0.000000, 0.000000, 1.000000, 0.000000, 0.000000, -0.000000, 1.000000),

              ["LeftFoot"] = CFrame.new(0.000000, 0.024614, -0.000003, 0.996668, -0.062399, -0.052541, 0.033882, 0.902581, -0.429209, 0.074200, 0.425974, 0.901676),

              ["LeftHand"] = CFrame.new(0.000506, -0.008418, -0.000000, 0.999911, -0.011939, 0.006034, 0.012318, 0.997652, -0.067370, -0.005215, 0.067438, 0.997710),

              ["LeftLowerArm"] = CFrame.new(-0.000500, -0.008608, 0.000046, 1.000000, -0.000000, -0.000000, 0.000000, 1.000000, -0.000001, 0.000000, -0.000000, 1.000000),

              ["LeftLowerLeg"] = CFrame.new(-0.000000, 0.103270, -0.041010, 1.000000, -0.000000, -0.000000, 0.000000, 0.577162, 0.816636, -0.000000, -0.816629, 0.577154),

              ["LeftUpperArm"] = CFrame.new(-0.077716, -0.017382, 0.267160, 0.844567, 0.041760, -0.533819, -0.034762, 0.999127, 0.023162, 0.534321, -0.001005, 0.845281),

              ["LeftUpperLeg"] = CFrame.new(0.000000, -0.000000, -0.000100, 0.996668, 0.080152, 0.015158, -0.062027, 0.865335, -0.497320, -0.052978, 0.494743, 0.867435),

              ["LowerTorso"] = CFrame.new(-0.005040, -0.330175, 0.000000, 1.000000, 0.000000, -0.000000, 0.000000, 0.999975, 0.007040, 0.000000, -0.007040, 0.999975),

              ["RightFoot"] = CFrame.new(-0.000000, 0.024744, -0.000103, 0.994339, 0.081284, 0.068443, -0.044420, 0.903079, -0.427196, -0.096527, 0.421713, 0.901565),

              ["RightHand"] = CFrame.new(-0.000482, 0.027829, 0.000000, 0.871585, -0.423007, 0.247804, 0.063957, 0.599261, 0.797997, -0.486054, -0.679670, 0.549357),

              ["RightLowerArm"] = CFrame.new(-0.000002, 0.104190, 0.150002, 1.000000, 0.000000, -0.000000, -0.000000, -0.553821, -0.832635, -0.000000, 0.832636, -0.553822),

              ["RightLowerLeg"] = CFrame.new(0.000000, 0.102797, -0.040804, 1.000000, 0.000000, 0.000000, -0.000000, 0.580330, 0.814387, 0.000000, -0.814381, 0.580321),

              ["RightUpperArm"] = CFrame.new(0.157135, -0.040689, 0.361646, 0.685730, -0.004485, 0.727842, 0.081377, 0.994184, -0.070542, -0.723292, 0.107602, 0.682107),

              ["RightUpperLeg"] = CFrame.new(0.000000, -0.000000, -0.000000, 0.994338, -0.104391, -0.019845, 0.080800, 0.864072, -0.496821, 0.069011, 0.492425, 0.867626),

              ["UpperTorso"] = CFrame.new(0.000000, -0.000000, 0.000000, 1.000000, 0.000000, 0.000000, 0.000000, 1.000000, 0.000000, -0.000000, 0.000000, 1.000000)

          }},

          {Time = 0.250, Data = {

              ["Head"] = CFrame.new(-0.000000, 0.000000, 0.000000, 1.000000, 0.000000, 0.000000, 0.000000, 1.000000, -0.000000, 0.000000, 0.000000, 1.000000),

              ["LeftFoot"] = CFrame.new(0.000000, 0.021387, -0.000003, 0.996886, -0.060322, -0.050792, 0.036724, 0.925115, -0.377931, 0.069782, 0.374865, 0.924440),

              ["LeftHand"] = CFrame.new(0.000508, -0.011743, -0.000000, 0.999958, -0.008292, 0.003904, 0.008513, 0.998136, -0.060439, -0.003395, 0.060470, 0.998164),

              ["LeftLowerArm"] = CFrame.new(-0.000500, -0.011928, 0.000064, 1.000000, -0.000000, -0.000000, 0.000000, 1.000000, -0.000001, 0.000000, -0.000000, 1.000000),

              ["LeftLowerLeg"] = CFrame.new(-0.000000, 0.093176, -0.031812, 1.000000, -0.000000, -0.000000, 0.000000, 0.672734, 0.739889, -0.000000, -0.739885, 0.672729),

              ["LeftUpperArm"] = CFrame.new(-0.065934, -0.019235, 0.247421, 0.868132, 0.044902, -0.494299, -0.038470, 0.998991, 0.023184, 0.494841, -0.001110, 0.868983),

              ["LeftUpperLeg"] = CFrame.new(0.000000, -0.000000, -0.000100, 0.996886, 0.076338, 0.019775, -0.059920, 0.896301, -0.439358, -0.051264, 0.436825, 0.898094),

