return {
    ["Espresso"] = {
        {Time = 0.000, Data = {
            ["RightFoot"] = CFrame.new(-1.9371509552001953e-07, 2.384185791015625e-07, -5.75528247281909e-09, 0.8919094204902649, 0.4224958121776581, 0.16122642159461975, -0.39476144313812256, 0.9013453125953674, -0.1781606674194336, -0.22059230506420135, 0.09525802731513977, 0.9707032442092896),
            ["LeftLowerArm"] = CFrame.new(2.980232238769531e-07, 5.960464477539063e-08, -1.7508864402770996e-07, 1, -2.2351741790771484e-08, 1.3550739197398798e-07, 2.0931469180140994e-07, 0.25270742177963257, -0.9675429463386536, 1.0427900321019479e-07, 0.967542827129364, 0.2527065575122833),
            ["RightUpperArm"] = CFrame.new(1.1920928955078125e-07, -0.06523752212524414, 2.9802322387695312e-08, 0.8666906952857971, -0.4341275095939636, 0.24572493135929108, 0.18921838700771332, -0.16967913508415222, -0.9671636819839478, 0.46156665682792664, 0.8847273588180542, -0.064914271235466),
            ["Head"] = CFrame.new(-3.003515303134918e-08, 0, 1.210719347000122e-08, 0.9608867168426514, -0.213848277926445, 0.17597068846225739, 0.23190869390964508, 0.9686393737792969, -0.08919738978147507, -0.15137752890586853, 0.12651771306991577, 0.9803460240364075),
            ["LowerTorso"] = CFrame.new(-0.35537514090538025, -0.13106203079223633, 0.33317670226097107, 0.904435396194458, 0.37961700558662415, -0.19464553892612457, -0.33026811480522156, 0.9118610620498657, 0.2437889724969864, 0.27003633975982666, -0.15620645880699158, 0.9500947594642639),
            ["UpperTorso"] = CFrame.new(-5.21540641784668e-08, 3.5762786865234375e-07, 2.60770320892334e-08, 0.9872564673423767, -0.14847497642040253, 0.057268910109996796, 0.15017248690128326, 0.9883039593696594, -0.026530969887971878, -0.05265989154577255, 0.03479323536157608, 0.998006284236908),
            ["HumanoidRootPart"] = CFrame.new(0, 0, 0, 1, 0, 0, 0, 1, 0, 0, 0, 1),
            ["RightUpperLeg"] = CFrame.new(-0.000025480985641479492, -0.0001254640519618988, -0.004997555166482925, 0.5965028405189514, -0.7998243570327759, 0.06682876497507095, 0.5421023368835449, 0.3400886356830597, -0.7684171199798584, 0.5918695330619812, 0.4945915937423706, 0.6364504098892212),
            ["LeftUpperArm"] = CFrame.new(5.960464477539063e-08, -0.06523752212524414, -2.9802322387695312e-08, 0.758097231388092, 0.6303827166557312, 0.16705122590065002, 0.2516947090625763, -0.04651562497019768, -0.966688334941864, -0.6016131639480591, 0.7748895883560181, -0.19392721354961395),
            ["RightLowerArm"] = CFrame.new(-1.4901161193847656e-07, 0, 2.849847078323364e-07, 1, -2.831217216225923e-07, 3.520399616263603e-07, -2.29105538096519e-07, 0.13153550028800964, -0.991311252117157, -4.656616781062439e-08, 0.9913114905357361, 0.13153697550296783),
            ["LeftHand"] = CFrame.new(5.960464477539063e-08, 3.5762786865234375e-07, 1.1920928955078125e-07, -0.269044429063797, -0.8510370254516602, 0.45094501972198486, 0.9387218952178955, -0.3364429771900177, -0.07488095760345459, 0.21544431149959564, 0.403165340423584, 0.8894050717353821),
            ["LeftFoot"] = CFrame.new(-6.51925802230835e-09, 5.960464477539063e-08, -7.450580596923828e-09, 0.9954826831817627, -0.08989221602678299, -0.030558371916413307, 0.09478574246168137, 0.9594786763191223, 0.2653602957725525, 0.005467086564749479, -0.267058402299881, 0.9636649489402771),
            ["RightHand"] = CFrame.new(1.1920928955078125e-07, -1.7881393432617188e-07, 7.450580596923828e-08, 0.07475924491882324, 0.9592348337173462, -0.272543728351593, -0.9781329035758972, 0.017344944179058075, -0.2072572559118271, -0.19408036768436432, 0.28207769989967346, 0.9395553469657898),
            ["RightLowerLeg"] = CFrame.new(-2.9802322387695312e-08, -5.960464477539063e-08, 3.149762051180005e-08, 1, -1.6391277313232422e-07, -7.450580596923828e-09, 1.9371505288745539e-07, 0.5803824663162231, 0.8143442869186401, -1.1920926112907182e-07, -0.814344048500061, 0.5803821086883545),
            ["LeftUpperLeg"] = CFrame.new(0.0000254213809967041, 0.00012578070163726807, 0.004997566342353821, 0.9483723044395447, -0.19803670048713684, 0.24772995710372925, 0.2807777225971222, 0.8874894380569458, -0.36541393399238586, -0.14749233424663544, 0.41610580682754517, 0.8972750306129456),
            ["LeftLowerLeg"] = CFrame.new(3.4226104617118835e-08, -1.7881393432617188e-07, -1.4901161193847656e-08, 1, 6.519259798665189e-09, 3.725290742551124e-09, 3.7252898543727042e-09, 0.9999861121177673, 0.005287585314363241, -7.4505797087454084e-09, -0.005287532694637775, 0.9999860525131226),
        }},
        {Time = 0.034, Data = {
            ["RightFoot"] = CFrame.new(-4.470348358154297e-08, 1.7881393432617188e-07, 1.3580574886873364e-07, 0.8850583434104919, 0.4362635314464569, 0.16231177747249603, -0.40578946471214294, 0.8939716815948486, -0.1901330202817917, -0.22804991900920868, 0.10241525620222092, 0.968248188495636),
            ["LeftLowerArm"] = CFrame.new(-8.940696716308594e-08, 1.7881393432617188e-07, -4.819594323635101e-07, 1, -6.332994928470725e-08, 1.601874686230076e-07, 2.756132033709946e-08, 0.262652724981308, -0.964890718460083, 1.1036169667022477e-07, 0.9648905396461487, 0.26265203952789307),
            ["RightUpperArm"] = CFrame.new(0, -0.06523764133453369, 2.086162567138672e-07, 0.8510501384735107, -0.46702641248703003, 0.23999981582164764, 0.18534331023693085, -0.16046135127544403, -0.9694844484329224, 0.4912857413291931, 0.8695622682571411, -0.05000043287873268),
            ["Head"] = CFrame.new(-5.541369318962097e-08, 3.5762786865234375e-07, 7.450580596923828e-08, 0.9622302055358887, -0.21141046285629272, 0.17151860892772675, 0.2267736941576004, 0.971028745174408, -0.07534413784742355, -0.1506209522485733, 0.11139431595802307, 0.9822956323623657),
            ["LowerTorso"] = CFrame.new(-0.3457384407520294, -0.1289665699005127, 0.2971135973930359, 0.9060458540916443, 0.375828355550766, -0.19450782239437103, -0.3297175168991089, 0.9150710105895996, 0.23223276436328888, 0.26526832580566406, -0.1462811827659607, 0.9530134797096252),
            ["UpperTorso"] = CFrame.new(-2.9802322387695312e-08, 2.384185791015625e-07, -7.450580596923828e-08, 0.9872139692306519, -0.14768573641777039, 0.05997750908136368, 0.1501619666814804, 0.9878889322280884, -0.03907976672053337, -0.053479526191949844, 0.04758647829294205, 0.9974344372749329),
            ["HumanoidRootPart"] = CFrame.new(0, 0, 0, 1, 0, 0, 0, 1, 0, 0, 0, 1),
            ["RightUpperLeg"] = CFrame.new(-0.000025540590286254883, -0.0001258663833141327, -0.004997525364160538, 0.6033111214637756, -0.7895153760910034, 0.11261329799890518, 0.5740463733673096, 0.33188775181770325, -0.7485459446907043, 0.553612232208252, 0.5162519812583923, 0.6534503102302551),
            ["LeftUpperArm"] = CFrame.new(-1.1920928955078125e-07, -0.06523776054382324, 1.341104507446289e-07, 0.7556788921356201, 0.6322229504585266, 0.17100776731967926, 0.24812187254428864, -0.03471359238028526, -0.9681066870689392, -0.6061230301856995, 0.7740084528923035, -0.18310055136680603),
            ["RightLowerArm"] = CFrame.new(-1.4901161193847656e-07, -5.960464477539063e-08, 2.5960616767406464e-07, 1, -3.68803114270122e-07, 4.842876251132111e-07, -3.8929306356294546e-07, 0.11698698997497559, -0.9931332468986511, -2.048910943130977e-07, 0.9931334853172302, 0.11698871105909348),
            ["LeftHand"] = CFrame.new(-9.685754776000977e-08, -1.1920928955078125e-07, 2.9802322387695312e-08, -0.3278212249279022, -0.8344998359680176, 0.44288069009780884, 0.9182550311088562, -0.39167189598083496, -0.058314692229032516, 0.22212804853916168, 0.38756057620048523, 0.8946821689605713),
            ["LeftFoot"] = CFrame.new(4.190951585769653e-08, -5.960464477539063e-08, -3.725290298461914e-09, 0.9951388835906982, -0.09391073137521744, -0.02966073527932167, 0.09826980531215668, 0.9666610956192017, 0.2364509254693985, 0.006467191036790609, -0.23821675777435303, 0.9711906313896179),
            ["RightHand"] = CFrame.new(1.4901161193847656e-08, 1.1920928955078125e-07, 1.9371509552001953e-07, 0.04927689582109451, 0.9542414546012878, -0.29494965076446533, -0.9776187539100647, -0.014391792006790638, -0.20989255607128143, -0.20453211665153503, 0.29869067668914795, 0.932174801826477),
            ["RightLowerLeg"] = CFrame.new(-8.940696716308594e-08, 0, -8.77116690389812e-08, 1, -1.4156103134155273e-07, -5.2154096152889906e-08, 1.1920928955078125e-07, 0.5682453513145447, 0.8228592872619629, -4.470348358154297e-08, -0.8228592276573181, 0.5682452917098999),
            ["LeftUpperLeg"] = CFrame.new(0.000025540590286254883, 0.0001255366951227188, 0.0049974918365478516, 0.9504772424697876, -0.20006030797958374, 0.23783941566944122, 0.27407747507095337, 0.9003840088844299, -0.33792150020599365, -0.1465420424938202, 0.38637372851371765, 0.9106269478797913),
            ["LeftLowerLeg"] = CFrame.new(-1.1175870895385742e-08, 2.384185791015625e-07, 4.470348358154297e-08, 1, 1.862645149230957e-09, -5.587935447692871e-09, -1.862645149230957e-09, 0.9999861121177673, 0.005272408481687307, 5.587935447692871e-09, -0.005272438749670982, 0.9999861717224121),
        }},
        {Time = 0.069, Data = {
            ["RightFoot"] = CFrame.new(-4.470348358154297e-08, 4.172325134277344e-07, 4.639878170564771e-08, 0.8708232641220093, 0.46546322107315063, 0.15814486145973206, -0.44332805275917053, 0.8825885057449341, -0.15652123093605042, -0.21243146061897278, 0.06619291007518768, 0.974931538105011),
            ["LeftLowerArm"] = CFrame.new(-2.682209014892578e-07, -5.960464477539063e-08, -4.6100467443466187e-07, 1, 1.0896471280830156e-07, 2.3865117881882725e-08, 2.2385293618754076e-07, 0.28699201345443726, -0.9579331278800964, 2.250307318263367e-07, 0.9579330086708069, 0.28699180483818054),
            ["RightUpperArm"] = CFrame.new(-1.7881393432617188e-07, -0.0652385950088501, -4.470348358154297e-08, 0.8478567004203796, -0.4748528003692627, 0.2359115332365036, 0.19363902509212494, -0.13689303398132324, -0.9714752435684204, 0.4936020076274872, 0.8693532943725586, -0.024115538224577904),
            ["Head"] = CFrame.new(0, -2.384185791015625e-07, -4.284083843231201e-08, 0.9636151194572449, -0.20877592265605927, 0.16690903902053833, 0.22161078453063965, 0.9731512665748596, -0.062172144651412964, -0.14944733679294586, 0.09689889848232269, 0.9840101599693298),
            ["LowerTorso"] = CFrame.new(-0.33210593461990356, -0.13387846946716309, 0.25518494844436646, 0.9075712561607361, 0.3697633743286133, -0.19896911084651947, -0.33163872361183167, 0.921862781047821, 0.2004629671573639, 0.2575462758541107, -0.11594878137111664, 0.9592840671539307),
            ["UpperTorso"] = CFrame.new(7.078051567077637e-08, 1.7881393432617188e-07, -4.0978193283081055e-08, 0.9872927665710449, -0.14722700417041779, 0.05980830639600754, 0.1493464708328247, 0.9882468581199646, -0.032622866332530975, -0.05430262163281441, 0.04114038869738579, 0.9976767301559448),
            ["HumanoidRootPart"] = CFrame.new(0, 0, 0, 1, 0, 0, 0, 1, 0, 0, 0, 1),
            ["RightUpperLeg"] = CFrame.new(-0.000025331974029541016, -0.0001254826784133911, -0.004997504875063896, 0.624199628829956, -0.7532472014427185, 0.20734786987304688, 0.6539942026138306, 0.3585865795612335, -0.666113555431366, 0.4273947775363922, 0.5513932108879089, 0.7164493203163147),
            ["LeftUpperArm"] = CFrame.new(5.960464477539063e-08, -0.065238356590271, -8.195638656616211e-08, 0.7502325773239136, 0.6336144804954529, 0.18890292942523956, 0.24981598556041718, -0.007120246067643166, -0.9682671427726746, -0.6121627688407898, 0.7736161351203918, -0.16362863779067993),
            ["RightLowerArm"] = CFrame.new(2.384185791015625e-07, -2.980232238769531e-07, 1.0011717677116394e-08, 1, -3.725287189837445e-09, 1.5646214990283625e-07, -7.636847954017867e-08, 0.1340462565422058, -0.9909749031066895, 1.499429913565109e-07, 0.9909750819206238, 0.1340479850769043),
            ["LeftHand"] = CFrame.new(-3.4226104617118835e-08, 0, -8.940696716308594e-08, -0.2550828456878662, -0.8609160780906677, 0.44017842411994934, 0.9491044878959656, -0.3099171221256256, -0.05614235997200012, 0.18475252389907837, 0.40345385670661926, 0.8961535096168518),
            ["LeftFoot"] = CFrame.new(-4.936009645462036e-08, 5.960464477539063e-08, -2.2351741790771484e-08, 0.9945427775382996, -0.10049376636743546, -0.02803693898022175, 0.10405915230512619, 0.9748267531394958, 0.19719086587429047, 0.007515478413552046, -0.1990324854850769, 0.9799641966819763),
            ["RightHand"] = CFrame.new(2.0116567611694336e-07, -1.1920928955078125e-07, 2.9802322387695312e-08, 0.24638774991035461, 0.917151927947998, -0.31325098872184753, -0.9504480957984924, 0.1654321402311325, -0.2632126212120056, -0.189582958817482, 0.3625805377960205, 0.9124653339385986),
            ["RightLowerLeg"] = CFrame.new(-2.086162567138672e-07, 1.1920928955078125e-07, -1.2496457202360034e-07, 1, -1.0430814256778831e-07, -6.705524668859653e-08, 1.7881390590446244e-07, 0.6388023495674133, 0.7693710327148438, -5.960463766996327e-08, -0.769370973110199, 0.638802170753479),
            ["LeftUpperLeg"] = CFrame.new(0.00002574920654296875, 0.0001256624236702919, 0.004997417330741882, 0.9530494809150696, -0.20325449109077454, 0.2244616150856018, 0.2640923261642456, 0.9205909967422485, -0.2876949608325958, -0.1481620818376541, 0.3334662616252899, 0.9310470819473267),
            ["LeftLowerLeg"] = CFrame.new(3.4779077395796776e-09, -1.1920928955078125e-07, 3.3818650990724564e-08, 1, 1.1175870895385742e-08, -1.8626449271863521e-09, -8.381900507004048e-09, 0.9999845027923584, 0.005579454358667135, -2.9802311729554276e-08, -0.005579383112490177, 0.9999845027923584),
        }},
        {Time = 0.103, Data = {
            ["RightFoot"] = CFrame.new(-1.4901161193847656e-08, 4.172325134277344e-07, -3.9282895158976316e-08, 0.8479461073875427, 0.5059494972229004, 0.15811720490455627, -0.5037845373153687, 0.8619792461395264, -0.0565190427005291, -0.16488976776599884, -0.03173184022307396, 0.9858015179634094),
            ["LeftLowerArm"] = CFrame.new(0, -5.960464477539063e-08, -1.6158446669578552e-07, 1, 1.6647381073653378e-07, -1.7238190253010544e-07, 3.2167005770133983e-07, 0.2892182767391205, -0.9572632908821106, 2.636806755162979e-07, 0.957263171672821, 0.2892179787158966),
            ["RightUpperArm"] = CFrame.new(-5.960464477539063e-08, -0.0652381181716919, 0, 0.8469047546386719, -0.48777371644973755, 0.21172931790351868, 0.1906961053609848, -0.09308776259422302, -0.9772254824638367, 0.4963742792606354, 0.8679928779602051, 0.01418036874383688),
            ["Head"] = CFrame.new(8.288770914077759e-08, 0, 2.0489096641540527e-08, 0.9668990969657898, -0.1952512413263321, 0.16426584124565125, 0.2062278687953949, 0.9770950675010681, -0.05249129608273506, -0.15025435388088226, 0.08462981134653091, 0.9850185513496399),
            ["LowerTorso"] = CFrame.new(-0.3149476945400238, -0.1444225311279297, 0.21260447800159454, 0.912491500377655, 0.3515680730342865, -0.2091858685016632, -0.32342231273651123, 0.9330765604972839, 0.15737397968769073, 0.25051406025886536, -0.07594727724790573, 0.9651294350624084),
            ["UpperTorso"] = CFrame.new(4.470348358154297e-08, -1.1920928955078125e-07, 1.4901161193847656e-08, 0.9875500798225403, -0.14626191556453705, 0.057896688580513, 0.14734365046024323, 0.9889741539955139, -0.01483987271785736, -0.05508774518966675, 0.023186136037111282, 0.9982123374938965),
            ["HumanoidRootPart"] = CFrame.new(0, 0, 0, 1, 0, 0, 0, 1, 0, 0, 0, 1),
            ["RightUpperLeg"] = CFrame.new(-0.000025510787963867188, -0.0001257341355085373, -0.00499744713306427, 0.6317395567893982, -0.7153856158256531, 0.29854315519332886, 0.7375210523605347, 0.43610402941703796, -0.5156316757202148, 0.23867952823638916, 0.5459275245666504, 0.8031164407730103),
            ["LeftUpperArm"] = CFrame.new(5.960464477539063e-08, -0.0652381181716919, 3.725290298461914e-08, 0.7523245811462402, 0.6282173991203308, 0.19836993515491486, 0.22484059631824493, 0.038186099380254745, -0.9736470580101013, -0.6192370057106018, 0.7771003246307373, -0.11252016574144363),
            ["RightLowerArm"] = CFrame.new(0, -5.960464477539063e-08, -5.459878593683243e-07, 1, -1.3411040811206476e-07, 1.136213683139431e-07, 3.911554458113642e-08, 0.15251708030700684, -0.9883009791374207, 1.1431983182319527e-07, 0.9883008599281311, 0.15251685678958893),
            ["LeftHand"] = CFrame.new(2.6542693376541138e-08, -6.556510925292969e-07, 4.470348358154297e-08, 0.05816582217812538, -0.8677245378494263, 0.49363088607788086, 0.998306930065155, 0.050710100680589676, -0.028493797406554222, -0.0003068970108870417, 0.4944519102573395, 0.8692046403884888),
            ["LeftFoot"] = CFrame.new(2.514570951461792e-08, 5.960464477539063e-08, -7.450580596923828e-09, 0.9937319755554199, -0.10870014131069183, -0.026101289317011833, 0.11149021983146667, 0.9807385206222534, 0.16037902235984802, 0.008165447041392326, -0.16228415071964264, 0.9867104291915894),
            ["RightHand"] = CFrame.new(1.9371509552001953e-07, -3.5762786865234375e-07, -2.2351741790771484e-07, 0.8742758631706238, 0.36751052737236023, -0.3171404004096985, -0.46171700954437256, 0.8312621712684631, -0.3095484972000122, 0.14986439049243927, 0.4170602858066559, 0.8964383602142334),
            ["RightLowerLeg"] = CFrame.new(9.872019290924072e-08, 5.960464477539063e-08, -1.3614044291898608e-07, 1, -4.4703490686970326e-08, -4.097820394122209e-08, 8.940695295223122e-08, 0.7894584536552429, 0.613804280757904, -6.332992796842518e-08, -0.613804042339325, 0.7894582748413086),
            ["LeftUpperLeg"] = CFrame.new(0.000025719404220581055, 0.00012553995475172997, 0.0049974918365478516, 0.9584066271781921, -0.19383351504802704, 0.2094859629869461, 0.24046413600444794, 0.9437740445137024, -0.22686639428138733, -0.15373259782791138, 0.267804354429245, 0.9511294960975647),
            ["LeftLowerLeg"] = CFrame.new(-9.93022695183754e-08, 1.7881393432617188e-07, 6.891787052154541e-08, 1, -1.862645593320167e-09, -1.769513247040777e-08, -5.587935447692871e-09, 0.999984622001648, 0.005561992060393095, -8.381903171539307e-09, -0.005562061909586191, 0.9999845623970032),
        }},
        {Time = 0.138, Data = {
            ["RightFoot"] = CFrame.new(-7.078051567077637e-08, 4.172325134277344e-07, -8.782080840319395e-09, 0.84116530418396, 0.5166783928871155, 0.15963464975357056, -0.5279235243797302, 0.8485579490661621, 0.03532314673066139, -0.11720839887857437, -0.11398732662200928, 0.9865440726280212),
            ["LeftLowerArm"] = CFrame.new(-5.960464477539063e-08, 5.960464477539063e-08, -1.043081283569336e-07, 1, -2.2165485802361218e-07, 1.4994286345881847e-07, -2.6659105145654394e-08, 0.3130542039871216, -0.9497356414794922, 4.0978189730367376e-08, 0.9497353434562683, 0.3130531907081604),
            ["RightUpperArm"] = CFrame.new(1.1920928955078125e-07, -0.06523787975311279, 1.4901161193847656e-08, 0.8530306816101074, -0.4981785714626312, 0.15542493760585785, 0.17926602065563202, 0.000024899845811887644, -0.9838006496429443, 0.4901045262813568, 0.8670744895935059, 0.08932765573263168),
            ["Head"] = CFrame.new(4.0046870708465576e-08, -3.5762786865234375e-07, -1.862645149230957e-08, 0.9677716493606567, -0.18663838505744934, 0.16906830668449402, 0.1963409036397934, 0.9796158075332642, -0.04246324300765991, -0.1576967090368271, 0.07428985834121704, 0.9846892356872559),
            ["LowerTorso"] = CFrame.new(-0.29473403096199036, -0.15915846824645996, 0.16958948969841003, 0.9198420643806458, 0.31334272027015686, -0.23602187633514404, -0.30575793981552124, 0.9496009349822998, 0.06907092034816742, 0.24576948583126068, 0.008631019853055477, 0.9692898988723755),
            ["UpperTorso"] = CFrame.new(-4.842877388000488e-08, -2.086162567138672e-07, -4.470348358154297e-08, 0.9891808032989502, -0.13794781267642975, 0.049914322793483734, 0.1356048882007599, 0.9896165728569031, 0.04765170440077782, -0.05596952140331268, -0.04036753997206688, 0.9976161122322083),
            ["HumanoidRootPart"] = CFrame.new(0, 0, 0, 1, 0, 0, 0, 1, 0, 0, 0, 1),
            ["RightUpperLeg"] = CFrame.new(-0.000025510787963867188, -0.00012556998990476131, -0.004997534677386284, 0.6423300504684448, -0.6963725090026855, 0.3201211988925934, 0.7614242434501648, 0.5321556925773621, -0.37019237875938416, 0.08743705600500107, 0.4815347194671631, 0.8720550537109375),
            ["LeftUpperArm"] = CFrame.new(0, -0.06523776054382324, 2.2351741790771484e-08, 0.7663370370864868, 0.6079554557800293, 0.2076486051082611, 0.17685474455356598, 0.11109209060668945, -0.9779472947120667, -0.6176163554191589, 0.7861607670783997, -0.02238580584526062),
            ["RightLowerArm"] = CFrame.new(1.7881393432617188e-07, -1.1920928955078125e-07, 6.798654794692993e-08, 1, -2.905725295931916e-07, 2.495943363101105e-07, 2.421439226907296e-08, 0.1852627992630005, -0.9826891422271729, -6.332994928470725e-08, 0.9826890230178833, 0.18526211380958557),
            ["LeftHand"] = CFrame.new(2.1606683731079102e-07, 0, 1.4901161193847656e-07, 0.4069916307926178, -0.7657062411308289, 0.4980476498603821, 0.8839781284332275, 0.46751508116722107, -0.0035987249575555325, -0.23008832335472107, 0.4417279362678528, 0.8671421408653259),
            ["LeftFoot"] = CFrame.new(8.381903171539307e-09, 5.960464477539063e-08, -1.862645149230957e-08, 0.9926859736442566, -0.11834853887557983, -0.023846134543418884, 0.12042564153671265, 0.9846264719963074, 0.12652228772640228, 0.008506088517606258, -0.1284690797328949, 0.9916771650314331),
            ["RightHand"] = CFrame.new(1.1920928955078125e-07, 0, 6.239861249923706e-08, 0.8882197141647339, -0.34007468819618225, -0.30889394879341125, 0.25078657269477844, 0.9222500324249268, -0.29421213269233704, 0.3849310576915741, 0.18385906517505646, 0.9044466614723206),
            ["RightLowerLeg"] = CFrame.new(-1.5273690223693848e-07, -5.960464477539063e-08, -3.9282895158976316e-08, 1, -1.0803341865539551e-07, -2.7474019503870295e-08, 1.4156104555240745e-07, 0.8818081021308899, 0.4716087281703949, -5.401671643312511e-08, -0.47160854935646057, 0.8818079829216003),
            ["LeftUpperLeg"] = CFrame.new(0.000025391578674316406, 0.00012577211600728333, 0.004997462034225464, 0.9654389023780823, -0.17241309583187103, 0.19544938206672668, 0.19801588356494904, 0.9728346467018127, -0.11993038654327393, -0.16946235299110413, 0.1544877588748932, 0.9733531475067139),
            ["LeftLowerLeg"] = CFrame.new(2.3283064365386963e-08, 1.7881393432617188e-07, -5.21540641784668e-08, 1, 0, 7.450582373280668e-09, 8.381904947896146e-09, 0.9999834299087524, 0.0057556820102036, -3.725291186640334e-09, -0.005755655001848936, 0.9999834299087524),
        }},
        {Time = 0.172, Data = {
            ["RightFoot"] = CFrame.new(-7.82310962677002e-08, 2.980232238769531e-07, -4.6733475755900145e-08, 0.8537335991859436, 0.5067686438560486, 0.11968126147985458, -0.5024517774581909, 0.8620742559432983, -0.06611599773168564, -0.13667969405651093, -0.003688535187393427, 0.9906084537506104),
            ["LeftLowerArm"] = CFrame.new(0, 1.1920928955078125e-07, 1.1920928955078125e-07, 1, -2.0675371104061924e-07, 1.708976924419403e-07, -4.0978196835794733e-08, 0.2859783172607422, -0.9582362174987793, 9.5926239396249e-08, 0.9582360982894897, 0.28597813844680786),
            ["RightUpperArm"] = CFrame.new(1.1920928955078125e-07, -0.065238356590271, -7.450580596923828e-08, 0.8586874604225159, -0.5070273876190186, 0.07469534128904343, 0.15713649988174438, 0.12174175679683685, -0.980044424533844, 0.4878154993057251, 0.8532890677452087, 0.18421079218387604),
            ["Head"] = CFrame.new(2.7939677238464355e-08, -2.384185791015625e-07, -5.774199962615967e-08, 0.9688061475753784, -0.1774430125951767, 0.17299892008304596, 0.1854657679796219, 0.9821541905403137, -0.031237216666340828, -0.1643688976764679, 0.06234819442033768, 0.9844266176223755),
            ["LowerTorso"] = CFrame.new(-0.2618279755115509, -0.18587923049926758, 0.12744353711605072, 0.9337754845619202, 0.24101907014846802, -0.2645239233970642, -0.26536476612091064, 0.9622818231582642, -0.05996491387486458, 0.24009375274181366, 0.1261889785528183, 0.9625130891799927),
            ["UpperTorso"] = CFrame.new(-1.6763806343078613e-07, 1.1920928955078125e-07, 0, 0.9923801422119141, -0.11643391847610474, 0.04030662029981613, 0.10943569988012314, 0.9832295775413513, 0.14588968455791473, -0.05661706253886223, -0.14036698639392853, 0.988479495048523),
            ["HumanoidRootPart"] = CFrame.new(0, 0, 0, 1, 0, 0, 0, 1, 0, 0, 0, 1),
            ["RightUpperLeg"] = CFrame.new(-0.000025451183319091797, -0.00012556463479995728, -0.004997486248612404, 0.6912928223609924, -0.6561477780342102, 0.30262887477874756, 0.7225589156150818, 0.6305056810379028, -0.28349769115448, -0.004793016705662012, 0.4146476984024048, 0.909969687461853),
            ["LeftUpperArm"] = CFrame.new(5.960464477539063e-08, -0.06523847579956055, -3.725290298461914e-08, 0.7733545899391174, 0.5867873430252075, 0.24000699818134308, 0.15311676263809204, 0.19449017941951752, -0.9688801765441895, -0.6152056455612183, 0.786037027835846, 0.060563042759895325),
            ["RightLowerArm"] = CFrame.new(2.980232238769531e-07, -5.960464477539063e-08, 2.3096799850463867e-07, 1, 2.2724292136899749e-07, -2.3841843699301535e-07, 3.2223749713011784e-07, 0.22868438065052032, -0.9735012650489807, 2.644955259256676e-07, 0.9735007286071777, 0.22868166863918304),
            ["LeftHand"] = CFrame.new(-1.2293457984924316e-07, -1.1920928955078125e-07, -8.940696716308594e-08, 0.6031913757324219, -0.5267732739448547, 0.5988909006118774, 0.606209397315979, 0.7907531261444092, 0.08496967703104019, -0.5183342695236206, 0.31180036067962646, 0.7963102459907532),
            ["LeftFoot"] = CFrame.new(-2.9802322387695312e-08, -5.960464477539063e-08, 1.862645149230957e-09, 0.9905858039855957, -0.1351720541715622, -0.021652597934007645, 0.13239353895187378, 0.9861829876899719, -0.09957368671894073, 0.03481270745396614, 0.09576927870512009, 0.9947946071624756),
            ["RightHand"] = CFrame.new(5.21540641784668e-08, 1.1920928955078125e-07, 1.2665987014770508e-07, 0.6531621217727661, -0.568230926990509, -0.5004913210868835, 0.5608806014060974, 0.8071065545082092, -0.18437162041664124, 0.5087162852287292, -0.16028915345668793, 0.8458815813064575),
            ["RightLowerLeg"] = CFrame.new(9.872019290924072e-08, 0, 4.267349140718579e-08, 1, 3.7252898543727042e-09, -2.2351738238057806e-08, 4.470348358154297e-08, 0.8536974191665649, 0.5207697749137878, 7.450580596923828e-09, -0.520769476890564, 0.8536972403526306),
            ["LeftUpperLeg"] = CFrame.new(0.000025510787963867188, 0.00012577336747199297, 0.004997525364160538, 0.976597011089325, -0.07813470810651779, 0.2003813236951828, 0.11757872998714447, 0.9740881323814392, -0.19320479035377502, -0.18009302020072937, 0.2122437208890915, 0.960478663444519),
            ["LeftLowerLeg"] = CFrame.new(-7.636845111846924e-08, 6.556510925292969e-07, 2.2351741790771484e-08, 1, 2.6077035641947077e-08, 2.7939686120248552e-09, -3.166497108963995e-08, 0.9130975008010864, 0.4077414572238922, 3.725290742551124e-09, -0.4077413082122803, 0.9130974411964417),
        }},
        {Time = 0.207, Data = {
            ["RightFoot"] = CFrame.new(6.705522537231445e-08, 3.5762786865234375e-07, -2.029992174357176e-09, 0.8672291040420532, 0.48894351720809937, 0.09405733644962311, -0.4665364921092987, 0.8639507293701172, -0.1895633339881897, -0.17394670844078064, 0.12051346153020859, 0.977353036403656),
            ["LeftLowerArm"] = CFrame.new(-8.940696716308594e-08, -1.1920928955078125e-07, -7.450580596923828e-08, 1, -7.450584149637507e-08, 1.946463044077973e-07, 1.137377552140606e-07, 0.22086797654628754, -0.9753040075302124, 1.1082737216838723e-07, 0.9753037095069885, 0.22086693346500397),
            ["RightUpperArm"] = CFrame.new(0, -0.06523787975311279, -6.705522537231445e-08, 0.8518174886703491, -0.5231591463088989, -0.026680007576942444, 0.13377472758293152, 0.26649248600006104, -0.9545084238052368, 0.5064694881439209, 0.8094975352287292, 0.29698824882507324),
            ["Head"] = CFrame.new(-2.7939677238464355e-08, 2.384185791015625e-07, -8.381903171539307e-09, 0.9740723371505737, -0.16332606971263885, 0.15654951333999634, 0.16691070795059204, 0.9859219789505005, -0.009942101314663887, -0.1527218073606491, 0.035814136266708374, 0.9876201748847961),
            ["LowerTorso"] = CFrame.new(-0.20917829871177673, -0.22242379188537598, 0.08638380467891693, 0.9533895254135132, 0.1505448967218399, -0.261504203081131, -0.19675764441490173, 0.9672238230705261, -0.16051433980464935, 0.22876837849617004, 0.2044854611158371, 0.9517619013786316),
            ["UpperTorso"] = CFrame.new(1.862645149230957e-08, 3.2782554626464844e-07, -2.9802322387695312e-08, 0.9963915944099426, -0.07289773970842361, 0.0434701107442379, 0.06272847950458527, 0.9774937629699707, 0.2014233022928238, -0.05717501789331436, -0.19796960055828094, 0.9785392880439758),
            ["HumanoidRootPart"] = CFrame.new(0, 0, 0, 1, 0, 0, 0, 1, 0, 0, 0, 1),
            ["RightUpperLeg"] = CFrame.new(-0.000025540590286254883, -0.0001256018877029419, -0.004997493699193001, 0.7571534514427185, -0.5965265035629272, 0.2662219703197479, 0.6506999135017395, 0.724621057510376, -0.2269669622182846, -0.05751827359199524, 0.34508028626441956, 0.9368094801902771),
            ["LeftUpperArm"] = CFrame.new(0, -0.06523776054382324, 1.862645149230957e-09, 0.7835726737976074, 0.5535475611686707, 0.28213366866111755, 0.12386786192655563, 0.3058014512062073, -0.9440033435821533, -0.6088274121284485, 0.774642288684845, 0.17105089128017426),
            ["RightLowerArm"] = CFrame.new(-2.682209014892578e-07, -1.7881393432617188e-07, -6.332993507385254e-08, 1, 4.321341862123518e-07, -3.27825517842939e-07, 4.5448499008671206e-07, 0.2657717764377594, -0.9640367031097412, 4.284079864191881e-07, 0.9640360474586487, 0.26576918363571167),
            ["LeftHand"] = CFrame.new(-1.6763806343078613e-08, -1.7881393432617188e-07, 5.960464477539063e-08, 0.6161733865737915, -0.28105679154396057, 0.7357569336891174, 0.2764877378940582, 0.9518988132476807, 0.13207277655601501, -0.7374855279922485, 0.12204867601394653, 0.6642428636550903),
            ["LeftFoot"] = CFrame.new(-3.725290298461914e-08, -1.1920928955078125e-07, 9.313225746154785e-09, 0.9860626459121704, -0.1651597023010254, -0.0200872253626585, 0.15469662845134735, 0.9545765519142151, -0.25466057658195496, 0.061233796179294586, 0.24800367653369904, 0.9668219685554504),
            ["RightHand"] = CFrame.new(-1.1920928955078125e-07, 1.1920928955078125e-07, 6.705522537231445e-08, 0.5400885343551636, -0.4738219678401947, -0.6955544352531433, 0.5533484220504761, 0.8226293921470642, -0.13071855902671814, 0.6341213583946228, -0.31428271532058716, 0.7064819931983948),
            ["RightLowerLeg"] = CFrame.new(4.0978193283081055e-08, 1.1920928955078125e-07, 7.433845894411206e-08, 1, -1.341104507446289e-07, -4.8428766774577525e-08, 2.1606683731079102e-07, 0.7948572039604187, 0.6067972183227539, -7.264316082000732e-08, -0.6067965626716614, 0.7948567271232605),
            ["LeftUpperLeg"] = CFrame.new(0.000025540590286254883, 0.00012559862807393074, 0.00499747134745121, 0.9874119162559509, 0.03258970379829407, 0.15477609634399414, 0.004223932046443224, 0.9727651476860046, -0.23175467550754547, -0.1581137478351593, 0.22949081659317017, 0.9603822827339172),
            ["LeftLowerLeg"] = CFrame.new(1.4901161193847656e-07, -5.960464477539063e-08, -5.21540641784668e-08, 1, 4.284084198502569e-08, 2.9802322387695312e-08, -3.3527616238870905e-08, 0.7699728012084961, 0.6380767822265625, 3.725290653733282e-08, -0.6380767822265625, 0.7699727416038513),
        }},
        {Time = 0.241, Data = {
            ["RightFoot"] = CFrame.new(-8.195638656616211e-08, 2.980232238769531e-07, 6.129994289949536e-08, 0.884407103061676, 0.4589473605155945, 0.08479531854391098, -0.4245322644710541, 0.8665632009506226, -0.2623775005340576, -0.19389835000038147, 0.19605016708374023, 0.9612324833869934),
            ["LeftLowerArm"] = CFrame.new(5.960464477539063e-08, 1.7881393432617188e-07, -4.023313522338867e-07, 1, -1.2759122114403e-07, 3.2875669830900733e-07, -6.239858407752763e-08, 0.1632458120584488, -0.9865856170654297, 2.793966302760964e-08, 0.9865854978561401, 0.16324444115161896),
            ["RightUpperArm"] = CFrame.new(-1.1920928955078125e-07, -0.0652381181716919, 3.725290298461914e-08, 0.8278023600578308, -0.5429600477218628, -0.14119960367679596, 0.11224185675382614, 0.406880646944046, -0.9065593481063843, 0.549677312374115, 0.7346037030220032, 0.39775964617729187),
            ["Head"] = CFrame.new(2.60770320892334e-08, -2.384185791015625e-07, 1.6298145055770874e-08, 0.983769416809082, -0.13787499070167542, 0.11484027653932571, 0.13742263615131378, 0.9904412031173706, 0.011886434629559517, -0.11538143455982208, 0.004088121931999922, 0.9933128952980042),
            ["LowerTorso"] = CFrame.new(-0.14524643123149872, -0.25241899490356445, 0.04749656468629837, 0.9725590944290161, 0.060281362384557724, -0.22471068799495697, -0.10348808765411377, 0.9771281480789185, -0.18577131628990173, 0.20837241411209106, 0.20392832159996033, 0.9565532803535461),
            ["UpperTorso"] = CFrame.new(3.166496753692627e-08, -1.4901161193847656e-07, -2.421438694000244e-08, 0.9983052611351013, -0.00832640752196312, 0.05759685859084129, -0.0022198576480150223, 0.9835402965545654, 0.18067564070224762, -0.05815315246582031, -0.18049727380275726, 0.9818548560142517),
            ["HumanoidRootPart"] = CFrame.new(0, 0, 0, 1, 0, 0, 0, 1, 0, 0, 0, 1),
            ["RightUpperLeg"] = CFrame.new(-0.000025540590286254883, -0.00012581050395965576, -0.004997463896870613, 0.8337912559509277, -0.5158466696739197, 0.19670619070529938, 0.5507153272628784, 0.802180826663971, -0.23069347441196442, -0.03879142925143242, 0.30067989230155945, 0.9529361724853516),
            ["LeftUpperArm"] = CFrame.new(5.960464477539063e-08, -0.06523776054382324, -1.955777406692505e-08, 0.7931957840919495, 0.5152541995048523, 0.3245823085308075, 0.08618254214525223, 0.43266040086746216, -0.8974284529685974, -0.6028375625610352, 0.739809513092041, 0.298778235912323),
            ["RightLowerArm"] = CFrame.new(-1.1920928955078125e-07, 2.384185791015625e-07, 3.2782554626464844e-07, 1, 5.029150997870602e-07, -2.0675361156463623e-07, 6.305048714239092e-07, 0.2836053669452667, -0.958942174911499, 5.867327104169817e-07, 0.9589411616325378, 0.28360164165496826),
            ["LeftHand"] = CFrame.new(-7.450580596923828e-09, 5.960464477539063e-08, 2.384185791015625e-07, 0.5503159165382385, -0.19126370549201965, 0.8127548694610596, 0.1528283804655075, 0.9800388813018799, 0.1271505355834961, -0.8208507299423218, 0.05424016714096069, 0.5685616135597229),
            ["LeftFoot"] = CFrame.new(-2.514570951461792e-08, 5.960464477539063e-08, -1.5366822481155396e-08, 0.978530764579773, -0.20514099299907684, -0.01988791488111019, 0.18371956050395966, 0.9119290709495544, -0.36692214012145996, 0.09340615570545197, 0.355390727519989, 0.9300389885902405),
            ["RightHand"] = CFrame.new(2.086162567138672e-07, 5.960464477539063e-08, -1.4901161193847656e-07, 0.43341535329818726, -0.32867005467414856, -0.8391221761703491, 0.4934530258178711, 0.8656885623931885, -0.08419980108737946, 0.7540923357009888, -0.3775705099105835, 0.5373865365982056),
            ["RightLowerLeg"] = CFrame.new(4.470348358154297e-08, -5.960464477539063e-08, 1.1531665222719312e-07, 1, -8.940698137394065e-08, -5.960463766996327e-08, 1.1920931797249068e-07, 0.7527734637260437, 0.6582799553871155, -2.6077039194660756e-08, -0.6582796573638916, 0.7527732253074646),
            ["LeftUpperLeg"] = CFrame.new(0.000025540590286254883, 0.00012538954615592957, 0.0049974508583545685, 0.9859598875045776, 0.15287627279758453, 0.06717667728662491, -0.12574543058872223, 0.9444405436515808, -0.3036765456199646, -0.10986936837434769, 0.29096555709838867, 0.9504041075706482),
            ["LeftLowerLeg"] = CFrame.new(7.450580596923828e-09, 2.384185791015625e-07, 4.470348358154297e-08, 1, 8.195637946073475e-08, 3.4226108169832514e-08, -4.842877388000488e-08, 0.6311826705932617, 0.775634229183197, 2.9802322387695312e-08, -0.7756342887878418, 0.6311827301979065),
        }},
        {Time = 0.276, Data = {
            ["RightFoot"] = CFrame.new(-5.960464477539063e-08, 2.384185791015625e-07, 3.894820110872388e-08, 0.9035763740539551, 0.4215370714664459, 0.07651805877685547, -0.38507208228111267, 0.8773711323738098, -0.2862532138824463, -0.18780158460140228, 0.2291862964630127, 0.9550938010215759),
            ["LeftLowerArm"] = CFrame.new(-1.1920928955078125e-07, 1.1920928955078125e-07, -3.501772880554199e-07, 1, -2.3283064365386963e-08, 9.732318773103543e-08, -7.171180271825506e-08, 0.11910520493984222, -0.9928817749023438, 1.0710204634278853e-07, 0.9928816556930542, 0.11910438537597656),
            ["RightUpperArm"] = CFrame.new(-1.1920928955078125e-07, -0.06523823738098145, 2.1420419216156006e-08, 0.791562020778656, -0.5557315945625305, -0.25414904952049255, 0.08741729706525803, 0.5145951509475708, -0.8529656529426575, 0.6048038601875305, 0.6529580950737, 0.4559142589569092),
            ["Head"] = CFrame.new(0, 1.1920928955078125e-07, -3.899913281202316e-09, 0.9928284287452698, -0.10132867097854614, 0.0634375512599945, 0.10050524026155472, 0.9948071837425232, 0.016048386693000793, -0.06473428755998611, -0.009557540528476238, 0.9978567957878113),
            ["LowerTorso"] = CFrame.new(-0.0789642333984375, -0.25955772399902344, 0.011433497071266174, 0.9848349094390869, -0.027066510170698166, -0.1713699847459793, 0.003111276775598526, 0.9903529286384583, -0.13853302597999573, 0.1734662801027298, 0.13589884340763092, 0.9754183888435364),
            ["UpperTorso"] = CFrame.new(9.778887033462524e-09, 8.940696716308594e-08, -9.313225746154785e-09, 0.9954711198806763, 0.06729459762573242, 0.0671483501791954, -0.07436526566743851, 0.9912487864494324, 0.10906758159399033, -0.059221088886260986, -0.11356693506240845, 0.9917638301849365),
            ["HumanoidRootPart"] = CFrame.new(0, 0, 0, 1, 0, 0, 0, 1, 0, 0, 0, 1),
            ["RightUpperLeg"] = CFrame.new(-0.000025540590286254883, -0.00012557022273540497, -0.004997508600354195, 0.9036571979522705, -0.4200204908847809, 0.0835779458284378, 0.4271802008152008, 0.8702254295349121, -0.24540969729423523, 0.03034554235637188, 0.25746950507164, 0.9658099412918091),
            ["LeftUpperArm"] = CFrame.new(-1.1920928955078125e-07, -0.06523799896240234, 2.1420419216156006e-08, 0.786462664604187, 0.4963417947292328, 0.36758843064308167, 0.043540723621845245, 0.5491178631782532, -0.8346101641654968, -0.6161012053489685, 0.6723945736885071, 0.4102495610713959),
            ["RightLowerArm"] = CFrame.new(-5.960464477539063e-08, 2.980232238769531e-07, -4.6566128730773926e-07, 1, 3.352767237174703e-07, -2.644954975039582e-07, 7.180490797509265e-07, 0.2691951394081116, -0.9630868434906006, 4.619355991053453e-07, 0.9630857110023499, 0.2691907286643982),
            ["LeftHand"] = CFrame.new(-8.195638656616211e-08, 2.384185791015625e-07, 5.960464477539063e-08, 0.6053143739700317, -0.23926609754562378, 0.7591747045516968, 0.17649443447589874, 0.9703567028045654, 0.1650988757610321, -0.7761728763580322, 0.03405391797423363, 0.6296000480651855),
            ["LeftFoot"] = CFrame.new(1.0244548320770264e-08, 1.1920928955078125e-07, 1.862645149230957e-08, 0.968109130859375, -0.24964319169521332, -0.02106953039765358, 0.21619504690170288, 0.8749678134918213, -0.43323254585266113, 0.12658783793449402, 0.4148610830307007, 0.9010359644889832),
