return {
    ["Eu Queria Mudar"] = {
        {Time = 0.000, Data = {
            ["RightFoot"] = CFrame.new(5.494803190231323e-08, 2.980232238769531e-07, -4.300818545743823e-08, 0.9573551416397095, 0.2870607376098633, 0.03267469257116318, -0.2172420173883438, 0.7897990942001343, -0.5736052989959717, -0.19046591222286224, 0.5420457720756531, 0.8184798359870911),
            ["LeftLowerArm"] = CFrame.new(8.940696716308594e-08, 0, 4.470348358154297e-08, 1, 0.0000023394825348077575, 0.000002935529209935339, 0.0000037029385566711426, -0.6836495399475098, -0.7298105359077454, 2.384185791015625e-07, 0.7298104166984558, -0.683649480342865),
            ["RightUpperArm"] = CFrame.new(-1.7881393432617188e-07, -4.76837158203125e-07, -2.7567148208618164e-07, 0.4553295969963074, -0.28580906987190247, 0.8432011604309082, 0.7518821954727173, 0.6306431293487549, -0.19225625693798065, -0.4768104553222656, 0.7215278744697571, 0.5020452737808228),
            ["Head"] = CFrame.new(-1.6763806343078613e-08, -4.76837158203125e-07, -3.64379957318306e-08, 0.9734164476394653, 0.043028559535741806, -0.224964439868927, -0.12844419479370117, 0.9157686233520508, -0.38061773777008057, 0.18963798880577087, 0.3993949294090271, 0.8969509601593018),
            ["RightHand"] = CFrame.new(-5.960464477539063e-08, -1.7881393432617188e-07, -1.1548399925231934e-07, 0.7259755730628967, -0.29193976521492004, 0.622680127620697, 0.15476202964782715, 0.951554000377655, 0.26569509506225586, -0.6700807213783264, -0.09652091562747955, 0.7359861731529236),
            ["UpperTorso"] = CFrame.new(5.820766091346741e-09, 1.4901161193847656e-07, -4.118192009627819e-09, 0.9879924654960632, 0.007781181484460831, 0.15430639684200287, -0.09393338859081268, 0.8232015371322632, 0.559924840927124, -0.12266839295625687, -0.5676959753036499, 0.8140477538108826),
            ["HumanoidRootPart"] = CFrame.new(0, 0, 0, 1, 0, 0, 0, 1, 0, 0, 0, 1),
            ["RightUpperLeg"] = CFrame.new(5.960464477539063e-08, 2.3562461137771606e-07, -3.894820110872388e-08, 0.9656620025634766, -0.11733020097017288, 0.23179888725280762, 0.2482556849718094, 0.6797540187835693, -0.6901477575302124, -0.07659106701612473, 0.7239946722984314, 0.6855403184890747),
            ["LeftUpperArm"] = CFrame.new(0, -4.76837158203125e-07, 6.705522537231445e-08, 0.7917035818099976, 0.5731985569000244, -0.21130286157131195, -0.5839995741844177, 0.8116399645805359, 0.01361197978258133, 0.17930419743061066, 0.11262413114309311, 0.9773259162902832),
            ["RightLowerArm"] = CFrame.new(0, -4.172325134277344e-07, -7.450580596923828e-08, 1, 5.736946491197159e-07, 8.083878810793976e-07, 9.536740890325746e-07, -0.3362647593021393, -0.9417675733566284, -2.5611365117583773e-07, 0.9417675137519836, -0.3362647294998169),
            ["LeftHand"] = CFrame.new(2.980232238769531e-07, 5.960464477539063e-08, 1.7881393432617188e-07, 0.8580001592636108, -0.05059463158249855, -0.5111516714096069, 0.25377485156059265, 0.9069534540176392, 0.33620524406433105, 0.44658052921295166, -0.418181449174881, 0.7910057306289673),
            ["LeftFoot"] = CFrame.new(3.166496753692627e-08, 0, 4.470348358154297e-08, 0.8455153703689575, -0.5338410139083862, 0.01085258461534977, 0.4678047001361847, 0.7308202981948853, -0.49705174565315247, 0.257415235042572, 0.4253416955471039, 0.8676530718803406),
            ["LowerTorso"] = CFrame.new(0.019488496705889702, -0.5471547842025757, -0.10078956931829453, 0.9968945980072021, -0.0407562293112278, -0.06738140434026718, 0.033125121146440506, 0.9932988286018372, -0.11072584241628647, 0.07144264131784439, 0.10814996808767319, 0.9915642142295837),
            ["RightLowerLeg"] = CFrame.new(7.450580596923828e-09, -0.00012224912643432617, -0.0000775439475546591, 1, -1.3597305326129572e-07, -1.1548401346317405e-07, 1.8812716007232666e-07, 0.06355711072683334, 0.9979782700538635, -1.7695128917694092e-07, -0.9979782700538635, 0.06355737894773483),
            ["LeftUpperLeg"] = CFrame.new(0, 2.1606683731079102e-07, 7.450580596923828e-09, 0.8205615282058716, 0.493818074464798, -0.2877892553806305, -0.5698001980781555, 0.6673099398612976, -0.47960948944091797, -0.044795241206884384, 0.5575314164161682, 0.8289464116096497),
            ["LeftLowerLeg"] = CFrame.new(-7.078051567077637e-08, 0.00012260675430297852, 0.00007745623588562012, 1, 2.2351738238057806e-08, 2.607702498380604e-08, -1.2665985593685036e-07, 0.28744688630104065, 0.957796573638916, 4.470347647611561e-08, -0.957796573638916, 0.2874467968940735),
        }},
        {Time = 0.033, Data = {
            ["RightFoot"] = CFrame.new(5.494803190231323e-08, 2.980232238769531e-07, -4.300818545743823e-08, 0.9573551416397095, 0.2870607376098633, 0.03267469257116318, -0.2172420173883438, 0.7897990942001343, -0.5736052989959717, -0.19046591222286224, 0.5420457720756531, 0.8184798359870911),
            ["LeftLowerArm"] = CFrame.new(8.940696716308594e-08, 0, 4.470348358154297e-08, 1, 0.0000023394825348077575, 0.000002935529209935339, 0.0000037029385566711426, -0.6836495399475098, -0.7298105359077454, 2.384185791015625e-07, 0.7298104166984558, -0.683649480342865),
            ["RightUpperArm"] = CFrame.new(-1.7881393432617188e-07, -4.76837158203125e-07, -2.7567148208618164e-07, 0.4553295969963074, -0.28580906987190247, 0.8432011604309082, 0.7518821954727173, 0.6306431293487549, -0.19225625693798065, -0.4768104553222656, 0.7215278744697571, 0.5020452737808228),
            ["Head"] = CFrame.new(-1.6763806343078613e-08, -4.76837158203125e-07, -3.64379957318306e-08, 0.9734164476394653, 0.043028559535741806, -0.224964439868927, -0.12844419479370117, 0.9157686233520508, -0.38061773777008057, 0.18963798880577087, 0.3993949294090271, 0.8969509601593018),
            ["RightHand"] = CFrame.new(-5.960464477539063e-08, -1.7881393432617188e-07, -1.1548399925231934e-07, 0.7259755730628967, -0.29193976521492004, 0.622680127620697, 0.15476202964782715, 0.951554000377655, 0.26569509506225586, -0.6700807213783264, -0.09652091562747955, 0.7359861731529236),
            ["UpperTorso"] = CFrame.new(5.820766091346741e-09, 1.4901161193847656e-07, -4.118192009627819e-09, 0.9879924654960632, 0.007781181484460831, 0.15430639684200287, -0.09393338859081268, 0.8232015371322632, 0.559924840927124, -0.12266839295625687, -0.5676959753036499, 0.8140477538108826),
            ["HumanoidRootPart"] = CFrame.new(0, 0, 0, 1, 0, 0, 0, 1, 0, 0, 0, 1),
            ["RightUpperLeg"] = CFrame.new(5.960464477539063e-08, 2.3562461137771606e-07, -3.894820110872388e-08, 0.9656620025634766, -0.11733020097017288, 0.23179888725280762, 0.2482556849718094, 0.6797540187835693, -0.6901477575302124, -0.07659106701612473, 0.7239946722984314, 0.6855403184890747),
            ["LeftUpperArm"] = CFrame.new(0, -4.76837158203125e-07, 6.705522537231445e-08, 0.7917035818099976, 0.5731985569000244, -0.21130286157131195, -0.5839995741844177, 0.8116399645805359, 0.01361197978258133, 0.17930419743061066, 0.11262413114309311, 0.9773259162902832),
            ["RightLowerArm"] = CFrame.new(0, -4.172325134277344e-07, -7.450580596923828e-08, 1, 5.736946491197159e-07, 8.083878810793976e-07, 9.536740890325746e-07, -0.3362647593021393, -0.9417675733566284, -2.5611365117583773e-07, 0.9417675137519836, -0.3362647294998169),
            ["LeftHand"] = CFrame.new(2.980232238769531e-07, 5.960464477539063e-08, 1.7881393432617188e-07, 0.8580001592636108, -0.05059463158249855, -0.5111516714096069, 0.25377485156059265, 0.9069534540176392, 0.33620524406433105, 0.44658052921295166, -0.418181449174881, 0.7910057306289673),
            ["LeftFoot"] = CFrame.new(3.166496753692627e-08, 0, 4.470348358154297e-08, 0.8455153703689575, -0.5338410139083862, 0.01085258461534977, 0.4678047001361847, 0.7308202981948853, -0.49705174565315247, 0.257415235042572, 0.4253416955471039, 0.8676530718803406),
            ["LowerTorso"] = CFrame.new(0.019488496705889702, -0.5471547842025757, -0.10078956931829453, 0.9968945980072021, -0.0407562293112278, -0.06738140434026718, 0.033125121146440506, 0.9932988286018372, -0.11072584241628647, 0.07144264131784439, 0.10814996808767319, 0.9915642142295837),
            ["RightLowerLeg"] = CFrame.new(7.450580596923828e-09, -0.00012224912643432617, -0.0000775439475546591, 1, -1.3597305326129572e-07, -1.1548401346317405e-07, 1.8812716007232666e-07, 0.06355711072683334, 0.9979782700538635, -1.7695128917694092e-07, -0.9979782700538635, 0.06355737894773483),
            ["LeftUpperLeg"] = CFrame.new(0, 2.1606683731079102e-07, 7.450580596923828e-09, 0.8205615282058716, 0.493818074464798, -0.2877892553806305, -0.5698001980781555, 0.6673099398612976, -0.47960948944091797, -0.044795241206884384, 0.5575314164161682, 0.8289464116096497),
            ["LeftLowerLeg"] = CFrame.new(-7.078051567077637e-08, 0.00012260675430297852, 0.00007745623588562012, 1, 2.2351738238057806e-08, 2.607702498380604e-08, -1.2665985593685036e-07, 0.28744688630104065, 0.957796573638916, 4.470347647611561e-08, -0.957796573638916, 0.2874467968940735),
        }},
        {Time = 0.067, Data = {
            ["RightFoot"] = CFrame.new(-2.3283064365386963e-08, 2.384185791015625e-07, 1.6952981241047382e-09, 0.952793300151825, 0.29864034056663513, 0.05476288124918938, -0.21921296417713165, 0.8014276623725891, -0.5564699769020081, -0.21007291972637177, 0.5181965231895447, 0.8290611505508423),
            ["LeftLowerArm"] = CFrame.new(-8.940696716308594e-08, 5.960464477539063e-08, -1.7881393432617188e-07, 1, 0.0000016838312149047852, 0.0000036507849472400267, 0.000003904104232788086, -0.6336858868598938, -0.7735905051231384, 9.611248970031738e-07, 0.7735904455184937, -0.6336858868598938),
            ["RightUpperArm"] = CFrame.new(-5.960464477539063e-08, 1.1920928955078125e-07, 7.450580596923828e-09, 0.47840771079063416, -0.2207147181034088, 0.8499476909637451, 0.7658341526985168, 0.5784662365913391, -0.2808467447757721, -0.4296792447566986, 0.7852781414985657, 0.4457734525203705),
            ["Head"] = CFrame.new(-1.862645149230957e-09, -3.5762786865234375e-07, 1.6763806343078613e-07, 0.9715263843536377, 0.06990405172109604, -0.22638458013534546, -0.14949412643909454, 0.9221377968788147, -0.35681015253067017, 0.18381528556346893, 0.3804936110973358, 0.9063313603401184),
            ["RightHand"] = CFrame.new(-5.960464477539063e-08, -1.7881393432617188e-07, 5.727633833885193e-08, 0.7184773683547974, -0.3066847622394562, 0.6242874264717102, 0.20306697487831116, 0.9509297609329224, 0.23344475030899048, -0.6652474403381348, -0.04095250368118286, 0.7454990744590759),
            ["UpperTorso"] = CFrame.new(2.7939677238464355e-09, 4.172325134277344e-07, 2.0256265997886658e-08, 0.9898115396499634, -0.0077174510806798935, 0.14217451214790344, -0.06909695267677307, 0.8470345139503479, 0.5270277261734009, -0.12449401617050171, -0.5314819812774658, 0.837871253490448),
            ["HumanoidRootPart"] = CFrame.new(0, 0, 0, 1, 0, 0, 0, 1, 0, 0, 0, 1),
            ["RightUpperLeg"] = CFrame.new(0, 2.4726614356040955e-07, 2.0656443666666746e-08, 0.9654020071029663, -0.12890836596488953, 0.22667531669139862, 0.25373807549476624, 0.6648350954055786, -0.7025749683380127, -0.0601339116692543, 0.7357832193374634, 0.6745418310165405),
            ["LeftUpperArm"] = CFrame.new(-1.1920928955078125e-07, -1.1920928955078125e-07, -1.4901161193847656e-08, 0.7674292325973511, 0.6099185347557068, -0.19761529564857483, -0.6370147466659546, 0.760257363319397, -0.12736199796199799, 0.07255800813436508, 0.22362518310546875, 0.9719707369804382),
            ["RightLowerArm"] = CFrame.new(-2.980232238769531e-07, 1.1920928955078125e-07, 1.4901161193847656e-07, 1, 6.85453471760411e-07, -6.183982463880966e-07, -4.1723257027115324e-07, -0.22445626556873322, -0.9744842648506165, -8.195639793484588e-07, 0.9744842052459717, -0.22445625066757202),
            ["LeftHand"] = CFrame.new(3.8743019104003906e-07, 2.384185791015625e-07, -1.7881393432617188e-07, 0.8326758146286011, -0.08592671900987625, -0.5470535755157471, 0.3007303476333618, 0.8996853828430176, 0.31642958521842957, 0.4649864137172699, -0.4279988706111908, 0.7749870419502258),
            ["LeftFoot"] = CFrame.new(-9.778887033462524e-09, 5.960464477539063e-08, 7.450580596923828e-09, 0.8508582711219788, -0.5235278010368347, 0.0442618690431118, 0.4696883261203766, 0.7201864719390869, -0.5106117129325867, 0.23544259369373322, 0.4552474617958069, 0.8586714267730713),
            ["LowerTorso"] = CFrame.new(-0.004637131933122873, -0.5470227003097534, -0.099822498857975, 0.9949361085891724, -0.050495974719524384, -0.08690493553876877, 0.04190393164753914, 0.9943039417266846, -0.09799915552139282, 0.091358482837677, 0.09386123716831207, 0.991384744644165),
            ["RightLowerLeg"] = CFrame.new(-1.3783574104309082e-07, -0.00012230873107910156, -0.0000775737498770468, 1, -1.732259136133507e-07, -1.788139627478813e-07, 1.601874828338623e-07, 0.08380827307701111, 0.9964818954467773, -1.5273690223693848e-07, -0.9964819550514221, 0.08380863815546036),
            ["LeftUpperLeg"] = CFrame.new(2.9802322387695312e-08, 2.5890767574310303e-07, 0, 0.8233895301818848, 0.4868795573711395, -0.29151007533073425, -0.5656775832176208, 0.6633337736129761, -0.4898952841758728, -0.04515152424573898, 0.5682752132415771, 0.8215987682342529),
            ["LeftLowerLeg"] = CFrame.new(1.8812716007232666e-07, 0.0001227855682373047, 0.00007736682891845703, 1, 7.171183824539185e-08, 5.029141902923584e-08, -9.872017869838601e-08, 0.2557029724121094, 0.9667554497718811, 8.195637946073475e-08, -0.9667553901672363, 0.2557028830051422),
        }},
        {Time = 0.100, Data = {
            ["RightFoot"] = CFrame.new(1.4901161193847656e-08, 1.7881393432617188e-07, -1.3205863069742918e-08, 0.9478240013122559, 0.30906689167022705, 0.0781502053141594, -0.22121761739253998, 0.8141607642173767, -0.5368468761444092, -0.22954845428466797, 0.49154847860336304, 0.8400524258613586),
            ["LeftLowerArm"] = CFrame.new(-2.384185791015625e-07, 1.1920928955078125e-07, 0, 1, 0.0000018626446944836061, 0.000003784894488489954, 0.000004081871338712517, -0.5641710758209229, -0.8256579041481018, 6.183983600749343e-07, 0.8256580233573914, -0.5641710758209229),
            ["RightUpperArm"] = CFrame.new(-5.960464477539063e-08, 2.384185791015625e-07, 1.1641532182693481e-07, 0.5036677122116089, -0.15157292783260345, 0.8504965901374817, 0.7734538912773132, 0.5176568627357483, -0.36578747630119324, -0.38482189178466797, 0.8420553803443909, 0.3779616951942444),
            ["Head"] = CFrame.new(1.955777406692505e-08, 2.384185791015625e-07, 7.060589268803596e-08, 0.969355046749115, 0.09763550013303757, -0.2254287600517273, -0.16892945766448975, 0.9311622977256775, -0.3231092691421509, 0.17836381494998932, 0.35128915309906006, 0.9191203713417053),
            ["RightHand"] = CFrame.new(-3.8743019104003906e-07, 5.960464477539063e-08, -3.2782554626464844e-07, 0.7136779427528381, -0.3221992254257202, 0.6219738721847534, 0.257474809885025, 0.9464370608329773, 0.19484291970729828, -0.6514373421669006, 0.021087583154439926, 0.7584094405174255),
            ["UpperTorso"] = CFrame.new(-9.778887033462524e-09, -3.8743019104003906e-07, 4.656612873077393e-10, 0.991169810295105, -0.020992768928408623, 0.13092686235904694, -0.04590238630771637, 0.8720169067382812, 0.48731863498687744, -0.12440059334039688, -0.489025354385376, 0.8633532524108887),
            ["HumanoidRootPart"] = CFrame.new(0, 0, 0, 1, 0, 0, 0, 1, 0, 0, 0, 1),
            ["RightUpperLeg"] = CFrame.new(-2.9802322387695312e-08, -6.82193785905838e-08, -5.420588422566652e-09, 0.9651142954826355, -0.14292196929454803, 0.21938075125217438, 0.258422315120697, 0.6546887755393982, -0.7103526592254639, -0.04210114851593971, 0.7422641515731812, 0.66878342628479),
            ["LeftUpperArm"] = CFrame.new(0, 8.344650268554688e-07, 1.7601996660232544e-07, 0.7370996475219727, 0.6429126262664795, -0.20820051431655884, -0.6752892136573792, 0.6889443397521973, -0.2633252739906311, -0.02585657872259617, 0.33469247817993164, 0.9419726133346558),
            ["RightLowerArm"] = CFrame.new(0, 5.960464477539063e-08, -5.21540641784668e-08, 1, 5.811452865600586e-07, 3.390014171600342e-07, 4.470348358154297e-07, -0.08609862625598907, -0.9962866306304932, -5.513429641723633e-07, 0.9962866902351379, -0.08609866350889206),
            ["LeftHand"] = CFrame.new(1.4901161193847656e-07, -1.1920928955078125e-07, 0, 0.8042170405387878, -0.12077873200178146, -0.5819342732429504, 0.3444679379463196, 0.8926295042037964, 0.2907823622226715, 0.4843313992023468, -0.43430981040000916, 0.7594723105430603),
            ["LeftFoot"] = CFrame.new(-2.270098775625229e-09, 1.1920928955078125e-07, -5.960464477539063e-08, 0.8566661477088928, -0.5096161961555481, 0.08009198307991028, 0.4717085659503937, 0.7109777331352234, -0.5215376615524292, 0.20884045958518982, 0.4845637381076813, 0.8494609594345093),
            ["LowerTorso"] = CFrame.new(-0.030189665034413338, -0.5406550168991089, -0.10137798637151718, 0.9925804734230042, -0.05895250663161278, -0.10634248703718185, 0.05009095370769501, 0.9951924681663513, -0.08416005969047546, 0.11079268902540207, 0.07820883393287659, 0.9907615184783936),
            ["RightLowerLeg"] = CFrame.new(-7.450580596923828e-08, -0.0001226663589477539, -0.00007724592433078215, 1, -1.9371502446574596e-07, -9.685756197086448e-08, 1.4901159772762185e-07, 0.1149967759847641, 0.9933658838272095, -1.3038514623531228e-07, -0.9933658838272095, 0.11499705910682678),
            ["LeftUpperLeg"] = CFrame.new(0, -1.2759119272232056e-07, 2.2351741790771484e-08, 0.8290061950683594, 0.47761452198028564, -0.2909177541732788, -0.5575153231620789, 0.6650068759918213, -0.4969332814216614, -0.04388023167848587, 0.5741516947746277, 0.8175722360610962),
            ["LeftLowerLeg"] = CFrame.new(-1.2665987014770508e-07, 0.0001227855682373047, 0.00007745623588562012, 1, 8.032657916601238e-08, 5.5879368687783426e-08, -8.684583718832073e-08, 0.2338894158601761, 0.9722633361816406, 9.918586840740318e-08, -0.9722632169723511, 0.23388923704624176),
        }},
        {Time = 0.133, Data = {
            ["RightFoot"] = CFrame.new(-9.499490261077881e-08, 1.7881393432617188e-07, -2.0656443666666746e-08, 0.9425952434539795, 0.31812646985054016, 0.10153825581073761, -0.22403085231781006, 0.8279074430465698, -0.5141783952713013, -0.2476380318403244, 0.4619142711162567, 0.8516517281532288),
            ["LeftLowerArm"] = CFrame.new(1.4901161193847656e-07, -5.364418029785156e-07, -7.82310962677002e-08, 1, 0.00000122189510420867, 0.0000031813972327654483, 0.0000034011900424957275, -0.4686717092990875, -0.8833723664283752, 3.5762786865234375e-07, 0.8833724856376648, -0.4686717092990875),
            ["RightUpperArm"] = CFrame.new(0, 0, -3.3527612686157227e-08, 0.5313191413879395, -0.07933773100376129, 0.8434486389160156, 0.7730578184127808, 0.4526483416557312, -0.44439974427223206, -0.34652817249298096, 0.8881525993347168, 0.3018333613872528),
            ["Head"] = CFrame.new(4.98257577419281e-08, 3.5762786865234375e-07, 2.1816231310367584e-07, 0.9663166999816895, 0.1262868195772171, -0.22424016892910004, -0.18802297115325928, 0.9413829445838928, -0.28008130192756653, 0.1757252961397171, 0.312809556722641, 0.9334189295768738),
            ["RightHand"] = CFrame.new(-2.682209014892578e-07, 2.384185791015625e-07, 1.862645149230957e-07, 0.7100352644920349, -0.3389510214328766, 0.6172212958335876, 0.31707608699798584, 0.9365351796150208, 0.14954811334609985, -0.6287389993667603, 0.08952164649963379, 0.7724462747573853),
            ["UpperTorso"] = CFrame.new(-7.450580596923828e-09, 3.5762786865234375e-07, 2.8870999813079834e-08, 0.9921180009841919, -0.031063005328178406, 0.12139589339494705, -0.026235701516270638, 0.8958219289779663, 0.44363826513290405, -0.12252981215715408, -0.44332632422447205, 0.8879461288452148),
            ["HumanoidRootPart"] = CFrame.new(0, 0, 0, 1, 0, 0, 0, 1, 0, 0, 0, 1),
            ["RightUpperLeg"] = CFrame.new(5.960464477539063e-08, 2.093147486448288e-07, 5.418405635282397e-08, 0.9652346968650818, -0.15663930773735046, 0.20925186574459076, 0.26018232107162476, 0.6524830460548401, -0.7117380499839783, -0.025047065690159798, 0.7414377927780151, 0.6705538630485535),
            ["LeftUpperArm"] = CFrame.new(1.7881393432617188e-07, 3.5762786865234375e-07, 1.0058283805847168e-07, 0.7059741020202637, 0.6653817892074585, -0.24262656271457672, -0.699679970741272, 0.6021468639373779, -0.384535014629364, -0.10976583510637283, 0.44123274087905884, 0.8906543850898743),
            ["RightLowerArm"] = CFrame.new(-1.7881393432617188e-07, 1.7881393432617188e-07, 0, 1, 3.650783924058487e-07, 0.0000024437904357910156, 0.000002391636371612549, 0.0783119723200798, -0.9969289302825928, -5.811452865600586e-07, 0.9969289302825928, 0.07831193506717682),
            ["LeftHand"] = CFrame.new(-6.854534149169922e-07, 0, 1.1920928955078125e-07, 0.775568425655365, -0.15494786202907562, -0.6119516491889954, 0.38127994537353516, 0.8875880241394043, 0.25848254561424255, 0.5031096935272217, -0.433795690536499, 0.7474637031555176),
            ["LeftFoot"] = CFrame.new(7.450580596923828e-08, 5.960464477539063e-08, -8.940696716308594e-08, 0.8626041412353516, -0.4924185276031494, 0.1159236803650856, 0.4729432463645935, 0.7036501169204712, -0.5302841663360596, 0.17955192923545837, 0.512250542640686, 0.8398574590682983),
            ["LowerTorso"] = CFrame.new(-0.05661967024207115, -0.5277427434921265, -0.10559996962547302, 0.989740252494812, -0.06794986128807068, -0.12568683922290802, 0.05934535712003708, 0.9957104325294495, -0.07098519057035446, 0.12997113168239594, 0.06279797106981277, 0.98952716588974),
            ["RightLowerLeg"] = CFrame.new(-2.9802322387695312e-08, -0.00012242794036865234, -0.00007732788071734831, 1, -1.2665984172599565e-07, -8.940698847936801e-08, 1.1920927533992653e-07, 0.15910840034484863, 0.9872610569000244, -1.2665985593685036e-07, -0.987261176109314, 0.1591087430715561),
            ["LeftUpperLeg"] = CFrame.new(2.9802322387695312e-08, 2.905726432800293e-07, 2.9802322387695312e-08, 0.8358772397041321, 0.46838682889938354, -0.2862221300601959, -0.5473310947418213, 0.6715869903564453, -0.4993991255760193, -0.04168888181447983, 0.5740947127342224, 0.8177269697189331),
            ["LeftLowerLeg"] = CFrame.new(1.0617077350616455e-07, 0.0001226663589477539, 0.00007748603820800781, 1, 8.754431490842762e-08, 7.636845111846924e-08, -1.4528633585086936e-07, 0.22212259471416473, 0.9750187397003174, 8.381903882082042e-08, -0.9750187397003174, 0.2221226841211319),
        }},
        {Time = 0.167, Data = {
            ["RightFoot"] = CFrame.new(4.6566128730773926e-08, 2.980232238769531e-07, 3.149762051180005e-08, 0.9373419880867004, 0.32578274607658386, 0.12351461499929428, -0.22848859429359436, 0.8424168825149536, -0.4879820942878723, -0.2630268931388855, 0.42918461561203003, 0.8640703558921814),
            ["LeftLowerArm"] = CFrame.new(1.1920928955078125e-07, 2.384185791015625e-07, 1.1920928955078125e-07, 1, 9.015201385409455e-07, 0.0000037550921661022585, 0.000003904104232788086, -0.3435528874397278, -0.9391334056854248, 4.470348358154297e-07, 0.93913334608078, -0.34355291724205017),
            ["RightUpperArm"] = CFrame.new(1.1920928955078125e-07, 1.1920928955078125e-07, 7.078051567077637e-08, 0.5617187023162842, -0.0056688920594751835, 0.8273088335990906, 0.7641221880912781, 0.38689833879470825, -0.5161656737327576, -0.31715843081474304, 0.9221050143241882, 0.22165966033935547),
            ["Head"] = CFrame.new(-4.563480615615845e-08, 0, -3.632158041000366e-08, 0.9618954658508301, 0.15571865439414978, -0.22474156320095062, -0.20749923586845398, 0.9510152339935303, -0.2291599065065384, 0.17804816365242004, 0.2670615613460541, 0.9470886588096619),
            ["RightHand"] = CFrame.new(3.2782554626464844e-07, 1.7881393432617188e-07, -1.4901161193847656e-08, 0.7065371870994568, -0.35610517859458923, 0.6115506887435913, 0.3796784281730652, 0.9200116991996765, 0.09707117080688477, -0.5972014665603638, 0.16360817849636078, 0.7852280139923096),
            ["UpperTorso"] = CFrame.new(4.6566128730773926e-09, 5.662441253662109e-07, 5.587935447692871e-09, 0.9927619695663452, -0.0374850258231163, 0.11409899592399597, -0.011226899921894073, 0.9169173240661621, 0.3989194333553314, -0.11957282572984695, -0.3973129987716675, 0.9098597764968872),
            ["HumanoidRootPart"] = CFrame.new(0, 0, 0, 1, 0, 0, 0, 1, 0, 0, 0, 1),
            ["RightUpperLeg"] = CFrame.new(0, 4.109460860490799e-07, 2.0656443666666746e-08, 0.9661506414413452, -0.16773264110088348, 0.19600693881511688, 0.2577464282512665, 0.6598421335220337, -0.7058156132698059, -0.010945336893200874, 0.7324439883232117, 0.6807390451431274),
            ["LeftUpperArm"] = CFrame.new(0, 3.5762786865234375e-07, 8.195638656616211e-08, 0.6781220436096191, 0.6725902557373047, -0.2962649166584015, -0.7134765982627869, 0.5057239532470703, -0.4849685728549957, -0.1763569414615631, 0.5402459502220154, 0.8228198885917664),
            ["RightLowerArm"] = CFrame.new(-5.960464477539063e-08, -2.980232238769531e-07, 1.1920928955078125e-07, 1, 3.9488082848038175e-07, -4.619360538526962e-07, -5.997719085826247e-07, 0.26314011216163635, -0.9647576808929443, -2.6822095833267667e-07, 0.9647576808929443, 0.26314008235931396),
            ["LeftHand"] = CFrame.new(-1.1920928955078125e-07, -5.960464477539063e-08, -3.2782554626464844e-07, 0.7496451735496521, -0.18853965401649475, -0.634416937828064, 0.4090184271335602, 0.8855778574943542, 0.22012682259082794, 0.5203229784965515, -0.42450520396232605, 0.7409854531288147),
            ["LeftFoot"] = CFrame.new(1.3597309589385986e-07, -5.960464477539063e-08, 5.960464477539063e-08, 0.8684479594230652, -0.472788542509079, 0.14922931790351868, 0.4725619852542877, 0.6983533501625061, -0.537575900554657, 0.14994479715824127, 0.5373765826225281, 0.8299052715301514),
            ["LowerTorso"] = CFrame.new(-0.08333680033683777, -0.5089575052261353, -0.11219990253448486, 0.9862881302833557, -0.07893315702676773, -0.1449325829744339, 0.07089261710643768, 0.9956876635551453, -0.05983627587556839, 0.1490306407213211, 0.04874115809798241, 0.9876306056976318),
            ["RightLowerLeg"] = CFrame.new(2.2351741790771484e-08, -0.00012230873107910156, -0.00007740983710391447, 1, -1.2665982751514093e-07, -1.266598985694145e-07, 1.6391277313232422e-07, 0.21635235846042633, 0.9763152599334717, -1.9371509552001953e-07, -0.9763153791427612, 0.2163526862859726),
            ["LeftUpperLeg"] = CFrame.new(-5.960464477539063e-08, 5.159527063369751e-07, 3.725290298461914e-08, 0.8425343632698059, 0.4612780809402466, -0.2781340181827545, -0.5371954441070557, 0.6817571520805359, -0.496616929769516, -0.039458662271499634, 0.5678290128707886, 0.8222001194953918),
            ["LeftLowerLeg"] = CFrame.new(4.842877388000488e-08, 0.0001226663589477539, 0.00007733702659606934, 1, 6.70552182668871e-08, 1.0058281674218961e-07, -1.0058282384761696e-07, 0.219468355178833, 0.9756196141242981, 7.823108916227284e-08, -0.9756196737289429, 0.21946832537651062),
        }},
        {Time = 0.200, Data = {
            ["RightFoot"] = CFrame.new(-7.450580596923828e-08, 1.1920928955078125e-07, -5.75528247281909e-09, 0.9322264790534973, 0.3317142724990845, 0.14463627338409424, -0.23660890758037567, 0.8611394166946411, -0.44994989037513733, -0.27380672097206116, 0.3852331042289734, 0.8812636137008667),
            ["LeftLowerArm"] = CFrame.new(2.682209014892578e-07, 5.960464477539063e-08, -1.7881393432617188e-07, 1, 2.9057267170173873e-07, 0.000002473592758178711, 0.0000024735929855523864, -0.10634885728359222, -0.9943289160728455, -7.450581307466564e-08, 0.9943289160728455, -0.10634882748126984),
            ["RightUpperArm"] = CFrame.new(-5.960464477539063e-08, -1.1920928955078125e-07, -1.601874828338623e-07, 0.5957238674163818, 0.08754733204841614, 0.7984036207199097, 0.740663468837738, 0.32464173436164856, -0.588239312171936, -0.3106939494609833, 0.941776692867279, 0.12855370342731476),
            ["Head"] = CFrame.new(1.1175870895385742e-08, 1.1920928955078125e-07, -4.6566128730773926e-08, 0.9567117691040039, 0.1867608278989792, -0.22321069240570068, -0.2205658257007599, 0.9656431078910828, -0.13742002844810486, 0.18987716734409332, 0.18070392310619354, 0.9650352001190186),
            ["RightHand"] = CFrame.new(-6.258487701416016e-07, -1.1920928955078125e-07, -1.9371509552001953e-07, 0.7123197913169861, -0.3803149163722992, 0.5898823738098145, 0.45965704321861267, 0.8879259824752808, 0.017408031970262527, -0.5303922891616821, 0.2587434649467468, 0.8073015809059143),
            ["UpperTorso"] = CFrame.new(1.955777406692505e-08, 5.960464477539063e-08, -1.862645149230957e-09, 0.9934340715408325, -0.02886694297194481, 0.11070501059293747, -0.01058021280914545, 0.9403166174888611, 0.3401365578174591, -0.11391641944646835, -0.3390745222568512, 0.9338370561599731),
            ["HumanoidRootPart"] = CFrame.new(0, 0, 0, 1, 0, 0, 0, 1, 0, 0, 0, 1),
            ["RightUpperLeg"] = CFrame.new(0, 2.594897523522377e-07, -1.6952981241047382e-09, 0.9681903123855591, -0.1822773516178131, 0.1714136153459549, 0.25020623207092285, 0.6994660496711731, -0.6694357991218567, 0.00212499569170177, 0.6910298466682434, 0.7228231430053711),
            ["LeftUpperArm"] = CFrame.new(1.1920928955078125e-07, -3.5762786865234375e-07, -2.9802322387695312e-08, 0.6688656806945801, 0.6324957609176636, -0.3905993700027466, -0.7204857468605042, 0.4221593737602234, -0.5501652956008911, -0.1830819547176361, 0.6494079232215881, 0.7380719780921936),
            ["RightLowerArm"] = CFrame.new(-4.172325134277344e-07, -1.1920928955078125e-07, 8.940696716308594e-08, 1, 4.0978196835794733e-08, 1.341104365337742e-07, 8.777715976293621e-08, 0.5308643579483032, -0.8474568128585815, -5.960465188081798e-08, 0.8474569320678711, 0.5308642983436584),
            ["LeftHand"] = CFrame.new(-1.6391277313232422e-07, 1.7881393432617188e-07, 2.9802322387695312e-08, 0.7367435097694397, -0.21989278495311737, -0.6394186615943909, 0.4121605157852173, 0.895700216293335, 0.1668682098388672, 0.5360342264175415, -0.38648220896720886, 0.7505324482917786),
            ["LeftFoot"] = CFrame.new(7.450580596923828e-08, -5.960464477539063e-08, 1.4901161193847656e-08, 0.8786716461181641, -0.4418810307979584, 0.18076957762241364, 0.4642769694328308, 0.7025991678237915, -0.5392599105834961, 0.11128004640340805, 0.5577595233917236, 0.8225089907646179),
            ["LowerTorso"] = CFrame.new(-0.11517074704170227, -0.46350395679473877, -0.13097071647644043, 0.982426643371582, -0.09297657012939453, -0.16184382140636444, 0.08559935539960861, 0.9949723482131958, -0.051988594233989716, 0.16586384177207947, 0.03722124919295311, 0.9854459762573242),
            ["RightLowerLeg"] = CFrame.new(-1.4156103134155273e-07, -0.0001227855682373047, -0.00007737258420092985, 1, -1.1175866632129328e-07, -7.450580596923828e-08, 8.940694584680386e-08, 0.32531556487083435, 0.9456053972244263, -8.940694584680386e-08, -0.9456055760383606, 0.32531601190567017),
            ["LeftUpperLeg"] = CFrame.new(0, 2.1327286958694458e-07, 7.450580596923828e-09, 0.8540091514587402, 0.452992707490921, -0.25586381554603577, -0.519264817237854, 0.7117956280708313, -0.47298091650009155, -0.032134104520082474, 0.5367910265922546, 0.8431031107902527),
            ["LeftLowerLeg"] = CFrame.new(1.7881393432617188e-07, 0.00012242794036865234, 0.00007739663124084473, 1, 1.3038514623531228e-07, 1.1175869474300271e-07, -6.332992796842518e-08, 0.25608518719673157, 0.9666541814804077, 8.940695295223122e-08, -0.9666543006896973, 0.25608521699905396),
        }},
        {Time = 0.233, Data = {
            ["RightFoot"] = CFrame.new(-5.587935447692871e-08, 2.980232238769531e-07, -5.75528247281909e-09, 0.9258092641830444, 0.3352351188659668, 0.1746286004781723, -0.24528904259204865, 0.8843309879302979, -0.39722979068756104, -0.28759458661079407, 0.3249248266220093, 0.9009513854980469),
            ["LeftLowerArm"] = CFrame.new(3.5762786865234375e-07, 1.7881393432617188e-07, 3.5762786865234375e-07, 1, -9.909271057040314e-07, 0.0000027604403385339538, 0.0000028684742119367, 0.1576998382806778, -0.9874871969223022, 5.364419166653533e-07, 0.9874870777130127, 0.15769977867603302),
            ["RightUpperArm"] = CFrame.new(0, -3.5762786865234375e-07, -4.470348358154297e-08, 0.6192941665649414, 0.16027724742889404, 0.7686260938644409, 0.7270087599754333, 0.2526666820049286, -0.6384496092796326, -0.2965351939201355, 0.9541859030723572, 0.039952050894498825),
            ["Head"] = CFrame.new(-1.6763806343078613e-08, 2.384185791015625e-07, 1.1175870895385742e-08, 0.9523401260375977, 0.21333102881908417, -0.21803265810012817, -0.2294817566871643, 0.9719575643539429, -0.05135016143321991, 0.20096386969089508, 0.09893730282783508, 0.9745896458625793),
            ["RightHand"] = CFrame.new(2.086162567138672e-07, -1.7881393432617188e-07, 3.5762786865234375e-07, 0.7240520715713501, -0.4017145037651062, 0.5606908202171326, 0.5147817730903625, 0.8557645082473755, -0.051643095910549164, -0.45907342433929443, 0.32602551579475403, 0.8264133334159851),
            ["UpperTorso"] = CFrame.new(2.0954757928848267e-08, -1.4901161193847656e-07, -3.725290298461914e-09, 0.995063304901123, -0.013190116733312607, 0.09836263209581375, -0.017498143017292023, 0.9522830843925476, 0.30471426248550415, -0.09768830239772797, -0.304931104183197, 0.9473510980606079),
            ["HumanoidRootPart"] = CFrame.new(0, 0, 0, 1, 0, 0, 0, 1, 0, 0, 0, 1),
            ["RightUpperLeg"] = CFrame.new(0, 1.9581057131290436e-07, -1.6596459317952394e-08, 0.9706844687461853, -0.19039975106716156, 0.1466962695121765, 0.24020087718963623, 0.7463797926902771, -0.6206616759300232, 0.00868265237659216, 0.6377031207084656, 0.7702333331108093),
            ["LeftUpperArm"] = CFrame.new(0, -1.1920928955078125e-07, -7.450580596923828e-08, 0.6419878602027893, 0.5671666860580444, -0.5159202218055725, -0.7493793368339539, 0.32188308238983154, -0.5786380171775818, -0.16211816668510437, 0.7580984830856323, 0.6316679120063782),
            ["RightLowerArm"] = CFrame.new(-2.384185791015625e-07, 1.1920928955078125e-07, 5.960464477539063e-08, 1, 0.0000012153760735600372, -2.8312206268310547e-07, -0.0000010728834922701935, 0.7523822784423828, -0.6587268114089966, -6.10947552104335e-07, 0.6587268114089966, 0.7523822784423828),
            ["LeftHand"] = CFrame.new(-3.8743019104003906e-07, 1.1920928955078125e-07, 2.384185791015625e-07, 0.7490959167480469, -0.24188177287578583, -0.6167239546775818, 0.39372920989990234, 0.9112488031387329, 0.12084252387285233, 0.5327595472335815, -0.33334484696388245, 0.7778487801551819),
            ["LeftFoot"] = CFrame.new(3.166496753692627e-08, 0, 4.470348358154297e-08, 0.8877267241477966, -0.41396820545196533, 0.2014245241880417, 0.45216670632362366, 0.7017914056777954, -0.5504852533340454, 0.08652537316083908, 0.5797578692436218, 0.8101815581321716),
            ["LowerTorso"] = CFrame.new(-0.1474728286266327, -0.42721378803253174, -0.1532370150089264, 0.9768897891044617, -0.11571019887924194, -0.1797153651714325, 0.10508876293897629, 0.9921646118164062, -0.06757041811943054, 0.18612581491470337, 0.0471227802336216, 0.9813952445983887),
            ["RightLowerLeg"] = CFrame.new(-2.2351741790771484e-08, -0.00012236833572387695, -0.00007727200136287138, 1, -9.685752644372769e-08, -1.3411049337719305e-07, 1.0430814256778831e-07, 0.42065104842185974, 0.907222330570221, -1.1920930376163597e-07, -0.9072225689888, 0.4206514358520508),
            ["LeftUpperLeg"] = CFrame.new(0, 1.0151416063308716e-07, 0, 0.859856128692627, 0.4547255337238312, -0.2321038842201233, -0.5099613666534424, 0.743423581123352, -0.43273648619651794, -0.02422483079135418, 0.4904550611972809, 0.8711297512054443),
            ["LeftLowerLeg"] = CFrame.new(7.450580596923828e-09, 0.00012254714965820312, 0.00007742643356323242, 1, 4.470347647611561e-08, 2.2351738238057806e-08, -8.195637946073475e-08, 0.27845367789268494, 0.9604496359825134, 8.940695295223122e-08, -0.9604496359825134, 0.2784537971019745),
        }},
        {Time = 0.267, Data = {
            ["RightFoot"] = CFrame.new(-6.332993507385254e-08, 4.172325134277344e-07, -6.535992724820971e-08, 0.9156770706176758, 0.3313872218132019, 0.2274167239665985, -0.25495365262031555, 0.9163443446159363, -0.3087250292301178, -0.3106994330883026, 0.224712073802948, 0.9235640168190002),
            ["LeftLowerArm"] = CFrame.new(6.258487701416016e-07, 5.960464477539063e-08, -1.7881393432617188e-07, 1, -0.0000018998980522155762, 0.000003457070306467358, 0.000003904104687535437, 0.4054216742515564, -0.9141297936439514, 3.874302478834579e-07, 0.9141297936439514, 0.405421644449234),
            ["RightUpperArm"] = CFrame.new(0, -2.384185791015625e-07, 7.450580596923828e-08, 0.6311063766479492, 0.2063377946615219, 0.7477496266365051, 0.7266964912414551, 0.1799081563949585, -0.662982165813446, -0.2713245749473572, 0.9617993235588074, -0.03640374168753624),
            ["Head"] = CFrame.new(1.862645149230957e-08, -2.384185791015625e-07, 8.940696716308594e-08, 0.9496569633483887, 0.23436856269836426, -0.20790188014507294, -0.2339814454317093, 0.9718713164329529, 0.02681088261306286, 0.20833754539489746, 0.023183995857834816, 0.9777821898460388),
            ["RightHand"] = CFrame.new(-1.7881393432617188e-07, 0, 1.1920928955078125e-07, 0.7424666881561279, -0.41424763202667236, 0.5264430046081543, 0.5371631383895874, 0.8377189040184021, -0.09840137511491776, -0.40024855732917786, 0.3558454215526581, 0.8444969058036804),
            ["UpperTorso"] = CFrame.new(1.210719347000122e-08, 2.9802322387695312e-08, -1.862645149230957e-08, 0.9968227744102478, 0.002739172661677003, 0.07960586249828339, -0.02619386464357376, 0.9550964832305908, 0.2951349914073944, -0.07522284239530563, -0.29628244042396545, 0.9521335363388062),
            ["HumanoidRootPart"] = CFrame.new(0, 0, 0, 1, 0, 0, 0, 1, 0, 0, 0, 1),
            ["RightUpperLeg"] = CFrame.new(0, -6.007030606269836e-08, -9.145878721028566e-09, 0.9729608297348022, -0.19266043603420258, 0.12739388644695282, 0.23078562319278717, 0.7888762354850769, -0.5695721507072449, 0.009236005134880543, 0.5835719108581543, 0.8120089173316956),
            ["LeftUpperArm"] = CFrame.new(0, 0, 7.450580596923828e-08, 0.5964434146881104, 0.47490665316581726, -0.6470850110054016, -0.7924991846084595, 0.22059200704097748, -0.5685810446739197, -0.12728111445903778, 0.8519406914710999, 0.5079336762428284),
            ["RightLowerArm"] = CFrame.new(-5.066394805908203e-07, -1.1920928955078125e-07, 3.725290298461914e-07, 1, -6.705523247774181e-08, -1.4901159417490817e-08, 5.02914261346632e-08, 0.8944106698036194, -0.4472467303276062, 9.685756197086448e-08, 0.44724681973457336, 0.8944106698036194),
            ["LeftHand"] = CFrame.new(7.748603820800781e-07, -1.7881393432617188e-07, 1.4901161193847656e-07, 0.7773208618164062, -0.25586140155792236, -0.5747237205505371, 0.3685748875141144, 0.9255698323249817, 0.0864473283290863, 0.5098283290863037, -0.27902600169181824, 0.8137686848640442),
            ["LeftFoot"] = CFrame.new(-1.9744038581848145e-07, 0, 0, 0.8950968980789185, -0.39060863852500916, 0.2150041162967682, 0.43958112597465515, 0.6923751831054688, -0.5721756219863892, 0.07463337481021881, 0.6066641807556152, 0.791447103023529),
            ["LowerTorso"] = CFrame.new(-0.17770346999168396, -0.4033695459365845, -0.178829163312912, 0.9678646922111511, -0.14610886573791504, -0.20467111468315125, 0.12471920996904373, 0.9856398701667786, -0.11383834481239319, 0.21836481988430023, 0.08465369045734406, 0.9721885323524475),
            ["RightLowerLeg"] = CFrame.new(1.4901161193847656e-08, -0.00012230873107910156, -0.00007743963942630216, 1, -1.2665984172599565e-07, -5.215408904746255e-08, 8.940698847936801e-08, 0.48213180899620056, 0.8760985732078552, -5.215407838932151e-08, -0.8760986924171448, 0.482132226228714),
