return {
    ["Everybody Loves Me"] = {
        {Time = 0.000, Data = {
            ["LeftFoot"] = CFrame.new(-8.940696716308594e-08, 0, 0, 0.9886897206306458, -0.13246755301952362, 0.07032203674316406, 0.14981231093406677, 0.8504077792167664, -0.5043440461158752, 0.0070067886263132095, 0.5091748833656311, 0.8606346249580383),
            ["LeftLowerArm"] = CFrame.new(3.5762786865234375e-07, 4.76837158203125e-07, -1.4901161193847656e-07, 1, -1.4901161193847656e-08, -1.862645326866641e-08, 1.862645326866641e-08, 0.9768294095993042, -0.21401938796043396, -3.259629366425543e-08, 0.21401938796043396, 0.976829469203949),
            ["LowerTorso"] = CFrame.new(-0.00030737833003513515, -0.3814280033111572, 0.01292794942855835, 0.9864308834075928, 0.11124244332313538, 0.12074483186006546, -0.09850900620222092, 0.9893933534622192, -0.10675588250160217, -0.1313399076461792, 0.093412846326828, 0.9869264960289001),
            ["Head"] = CFrame.new(8.847564458847046e-09, 0, -4.656612873077393e-10, 0.9541966915130615, -0.13727715611457825, 0.26582664251327515, 0.12743698060512543, 0.9903753399848938, 0.05400511994957924, -0.27068185806274414, -0.017655355855822563, 0.9625069499015808),
            ["RightUpperArm"] = CFrame.new(-5.960464477539063e-08, -2.384185791015625e-07, -3.3527612686157227e-08, 0.2908020317554474, -0.6605463624000549, 0.6921796202659607, 0.057373836636543274, -0.7101038098335266, -0.7017556428909302, 0.9550614953041077, 0.24378500878810883, -0.16860167682170868),
            ["UpperTorso"] = CFrame.new(4.7963112592697144e-08, 2.9802322387695312e-08, -7.450580596923828e-09, 0.9902990460395813, -0.09372358024120331, -0.10258588194847107, 0.11438754945993423, 0.9690141081809998, 0.218922957777977, 0.07888886332511902, -0.2285337597131729, 0.9703344106674194),
            ["HumanoidRootPart"] = CFrame.new(0, 0, 0, 1, 0, 0, 0, 1, 0, 0, 0, 1),
            ["RightHand"] = CFrame.new(-1.4901161193847656e-07, -1.1920928955078125e-07, 1.4528632164001465e-07, 0.9876011610031128, -0.11205091327428818, 0.10994870960712433, 0.12132107466459274, 0.9892550110816956, -0.0815824493765831, -0.09962593764066696, 0.09391002357006073, 0.9905834197998047),
            ["LeftUpperArm"] = CFrame.new(0, -2.384185791015625e-07, 2.60770320892334e-08, 0.746265709400177, 0.18262846767902374, 0.6401048302650452, -0.01190699078142643, 0.9651352167129517, -0.26148122549057007, -0.6655416488647461, 0.18751275539398193, 0.7224218845367432),
            ["RightLowerArm"] = CFrame.new(5.960464477539063e-08, 1.1920928955078125e-07, -4.936009645462036e-08, 1, -3.213062171880665e-08, 1.2572856178394431e-07, 3.725290653733282e-08, -0.694814145565033, -0.7191893458366394, 1.7136336794010276e-07, 0.7191892862319946, -0.694814145565033),
            ["LeftHand"] = CFrame.new(-3.725290298461914e-08, 2.980232238769531e-07, -1.1920928955078125e-07, 0.9457586407661438, 0.0701829046010971, -0.31719881296157837, -0.12915462255477905, 0.9771367311477661, -0.16888709366321564, 0.2980935275554657, 0.20069415867328644, 0.9332000017166138),
            ["RightUpperLeg"] = CFrame.new(0, 1.448206603527069e-07, -5.420588422566652e-09, 0.9348294734954834, -0.2233853042125702, 0.276030570268631, 0.34654462337493896, 0.7434971332550049, -0.5719433426856995, -0.07746416330337524, 0.6303262114524841, 0.7724558711051941),
            ["LeftUpperLeg"] = CFrame.new(2.9802322387695312e-08, -8.242204785346985e-08, -1.1175870895385742e-08, 0.9545702338218689, 0.21463380753993988, 0.2067081183195114, -0.07491674274206161, 0.844261646270752, -0.5306692719459534, -0.28841519355773926, 0.49107518792152405, 0.8219865560531616),
            ["RightLowerLeg"] = CFrame.new(-7.450580596923828e-09, -0.00012242794036865234, -0.00007730552897555754, 1, -1.4901154088420299e-07, -1.452863784834335e-07, 1.2293459406009788e-07, 0.14153556525707245, 0.98993319272995, -1.1920930376163597e-07, -0.98993319272995, 0.14153620600700378),
            ["RightFoot"] = CFrame.new(-4.470348358154297e-08, 2.980232238769531e-07, 8.644565241411328e-08, 0.8644087314605713, 0.11121108382940292, -0.4903368055820465, -0.3096609115600586, 0.8860771656036377, -0.34493058919906616, 0.3961156904697418, 0.4499993324279785, 0.8003703951835632),
            ["LeftLowerLeg"] = CFrame.new(0, 0.0001226663589477539, 0.00007750093936920166, 1, 7.450579175838357e-08, 0, -1.043081283569336e-07, 0.34048089385032654, 0.9402515888214111, 9.685754776000977e-08, -0.9402514100074768, 0.34048062562942505),
        }},
        {Time = 0.033, Data = {
            ["LeftFoot"] = CFrame.new(-9.313225746154785e-09, 5.960464477539063e-08, -2.2351741790771484e-08, 0.99447101354599, -0.0944567546248436, 0.04588492214679718, 0.10433059930801392, 0.8390282988548279, -0.5339915156364441, 0.011940201744437218, 0.5358260273933411, 0.8442438244819641),
            ["LeftLowerArm"] = CFrame.new(-5.960464477539063e-08, 5.960464477539063e-08, 1.7881393432617188e-07, 1, -2.2351745343485163e-08, 7.450581485102248e-09, 1.4901164746561335e-08, 0.9746075868606567, -0.22391998767852783, -8.754434333013705e-08, 0.22392000257968903, 0.9746075868606567),
            ["LowerTorso"] = CFrame.new(-0.05120879411697388, -0.43557310104370117, 0.027245674282312393, 0.9765781760215759, 0.13760285079479218, 0.16541016101837158, -0.11831691116094589, 0.9855371117591858, -0.12131663411855698, -0.17971135675907135, 0.09890436381101608, 0.9787347912788391),
            ["Head"] = CFrame.new(7.450580596923828e-09, 0, 2.3283064365386963e-08, 0.9863146543502808, -0.12099231034517288, 0.11200185865163803, 0.1171606034040451, 0.9922987222671509, 0.040207650512456894, -0.11600416898727417, -0.02653520740568638, 0.9928942918777466),
            ["RightUpperArm"] = CFrame.new(0, -1.1920928955078125e-07, 5.21540641784668e-08, 0.3064747750759125, -0.6843879818916321, 0.6615785360336304, 0.10667021572589874, -0.6659529805183411, -0.7383280396461487, 0.94588303565979, 0.29684969782829285, -0.13109420239925385),
            ["UpperTorso"] = CFrame.new(2.584420144557953e-08, -2.9802322387695312e-08, 1.8044374883174896e-08, 0.9860029816627502, -0.14126291871070862, -0.08856097608804703, 0.16003578901290894, 0.9508542418479919, 0.26507508754730225, 0.04676329344511032, -0.27553775906562805, 0.9601521492004395),
            ["HumanoidRootPart"] = CFrame.new(0, 0, 0, 1, 0, 0, 0, 1, 0, 0, 0, 1),
            ["RightHand"] = CFrame.new(7.450580596923828e-08, 1.1920928955078125e-07, 4.1350722312927246e-07, 0.9876710772514343, -0.1095365509390831, 0.11183788627386093, 0.12144337594509125, 0.9869360327720642, -0.10587215423583984, -0.09877993166446686, 0.11814884841442108, 0.9880706071853638),
            ["LeftUpperArm"] = CFrame.new(5.960464477539063e-08, -1.1920928955078125e-07, -2.0489096641540527e-08, 0.8419380187988281, 0.20003749430179596, 0.5011240243911743, -0.024548497051000595, 0.9419789910316467, -0.3347730040550232, -0.539015531539917, 0.26955631375312805, 0.7979986071586609),
            ["RightLowerArm"] = CFrame.new(-5.960464477539063e-08, -3.5762786865234375e-07, -2.300366759300232e-07, 1, -1.955777229056821e-08, 1.7136335372924805e-07, 4.4703490686970326e-08, -0.7331160306930542, -0.6801036596298218, 1.4901162614933128e-07, 0.680103600025177, -0.7331160306930542),
            ["LeftHand"] = CFrame.new(-1.7229467630386353e-07, 1.1920928955078125e-07, 1.0011717677116394e-07, 0.9518231153488159, 0.07472001016139984, -0.2974051535129547, -0.12307820469141006, 0.9813989400863647, -0.14733611047267914, 0.28086403012275696, 0.17684194445610046, 0.9433144927024841),
            ["RightUpperLeg"] = CFrame.new(1.7881393432617188e-07, -7.35744833946228e-08, -9.145878721028566e-09, 0.9113198518753052, -0.2706669270992279, 0.3102189600467682, 0.4057660698890686, 0.7179660201072693, -0.5655782222747803, -0.06964322924613953, 0.6412988305091858, 0.7641240358352661),
            ["LeftUpperLeg"] = CFrame.new(0, -1.2200325727462769e-07, 4.470348358154297e-08, 0.9621092677116394, 0.17081184685230255, 0.2125304937362671, -0.01859549805521965, 0.8187488913536072, -0.5738507509231567, -0.2720295488834381, 0.548154890537262, 0.7909021973609924),
            ["RightLowerLeg"] = CFrame.new(2.9802322387695312e-08, -0.00012236833572387695, -0.00007739493594272062, 1, -1.3411039390121005e-07, -1.303851746570217e-07, 1.601874686230076e-07, 0.05519808456301689, 0.9984754920005798, -9.685753354915505e-08, -0.9984754323959351, 0.05519847944378853),
            ["RightFoot"] = CFrame.new(-1.30385160446167e-08, 2.384185791015625e-07, -8.026108844205737e-08, 0.857746958732605, 0.10515203326940536, -0.5032032132148743, -0.3214331567287445, 0.8736122250556946, -0.365352064371109, 0.4011869430541992, 0.47512611746788025, 0.7831376791000366),
            ["LeftLowerLeg"] = CFrame.new(5.960464477539063e-08, 0.00012242794036865234, 0.00007742643356323242, 1, 1.1175872316471214e-07, 3.725289943190546e-08, -1.3411046495548362e-07, 0.2479337900876999, 0.968777060508728, 1.4901162970204496e-08, -0.9687770009040833, 0.2479337453842163),
        }},
        {Time = 0.067, Data = {
            ["LeftFoot"] = CFrame.new(5.8673322200775146e-08, -5.960464477539063e-08, 0, 0.9984956383705139, -0.049206674098968506, 0.02418837510049343, 0.05439387261867523, 0.8333848118782043, -0.5500100255012512, 0.006905925460159779, 0.550498366355896, 0.8348076939582825),
            ["LeftLowerArm"] = CFrame.new(-3.5762786865234375e-07, -1.1920928955078125e-07, 2.2351741790771484e-07, 1, 5.587936335871291e-09, 5.5879340266073996e-08, 1.862644971595273e-08, 0.9730968475341797, -0.2303968369960785, 4.656612428988183e-09, 0.23039686679840088, 0.9730967879295349),
            ["LowerTorso"] = CFrame.new(-0.10495536774396896, -0.4823949337005615, 0.04998679831624031, 0.9642562866210938, 0.16427890956401825, 0.2078997790813446, -0.1390533745288849, 0.9816195368766785, -0.13071830570697784, -0.2255527377128601, 0.09713678061962128, 0.9693763256072998),
            ["Head"] = CFrame.new(1.1175870895385742e-08, -1.1920928955078125e-07, 5.587935447692871e-09, 0.9935508966445923, -0.10640013217926025, -0.039187077432870865, 0.10749887675046921, 0.9938362836837769, 0.02708452381193638, 0.03606373816728592, -0.031122475862503052, 0.9988648295402527),
            ["RightUpperArm"] = CFrame.new(0, -1.1920928955078125e-07, -7.450580596923828e-08, 0.4271817207336426, -0.6562371850013733, 0.621987521648407, 0.25737807154655457, -0.5711967349052429, -0.779417097568512, 0.8667596578598022, 0.49303877353668213, -0.07510388642549515),
            ["UpperTorso"] = CFrame.new(-5.029141902923584e-08, -1.1920928955078125e-07, -4.6566128730773926e-09, 0.9816855192184448, -0.17533954977989197, -0.07449569553136826, 0.18998384475708008, 0.9300360679626465, 0.31454598903656006, 0.014131348580121994, -0.3229382634162903, 0.9463145732879639),
            ["HumanoidRootPart"] = CFrame.new(0, 0, 0, 1, 0, 0, 0, 1, 0, 0, 0, 1),
            ["RightHand"] = CFrame.new(4.172325134277344e-07, 0, -4.470348358154297e-08, 0.9898593425750732, -0.10027870535850525, 0.1006125956773758, 0.11681929975748062, 0.9776275157928467, -0.174922376871109, -0.08082056045532227, 0.18490202724933624, 0.9794280529022217),
            ["LeftUpperArm"] = CFrame.new(0, -1.1920928955078125e-07, -1.862645149230957e-08, 0.9231035709381104, 0.14978335797786713, 0.3541819155216217, -0.003142428118735552, 0.923933207988739, -0.3825409412384033, -0.3845386803150177, 0.35201188921928406, 0.8533567190170288),
            ["RightLowerArm"] = CFrame.new(-5.662441253662109e-07, 2.384185791015625e-07, -4.6193599700927734e-07, 1, -4.8428766774577525e-08, 1.862644296579674e-07, 8.940695295223122e-08, -0.7587308883666992, -0.6514042019844055, 1.378357268322361e-07, 0.6514042615890503, -0.7587308883666992),
            ["LeftHand"] = CFrame.new(1.6763806343078613e-08, 0, 2.9802322387695312e-08, 0.9626769423484802, 0.08193013817071915, -0.25795480608940125, -0.11720820516347885, 0.9852752685546875, -0.12447895109653473, 0.24395789206027985, 0.150067538022995, 0.9581046104431152),
            ["RightUpperLeg"] = CFrame.new(0, 2.277083694934845e-07, -1.287116901949048e-08, 0.8839012384414673, -0.30879515409469604, 0.3512325882911682, 0.4618447422981262, 0.6945509314537048, -0.5516324639320374, -0.07360731810331345, 0.6498034000396729, 0.7565298080444336),
            ["LeftUpperLeg"] = CFrame.new(-1.7881393432617188e-07, -9.872019290924072e-08, -2.2351741790771484e-08, 0.9653943181037903, 0.11991915106773376, 0.23158879578113556, 0.04791377857327461, 0.7913395762443542, -0.6094964146614075, -0.25635549426078796, 0.5995007753372192, 0.7582089304924011),
            ["RightLowerLeg"] = CFrame.new(-4.470348358154297e-08, -0.00012224912643432617, -0.00007730552897555754, 1, -1.3411042232291948e-07, -1.639128583974525e-07, 1.5273695908035734e-07, -0.009255710989236832, 0.9999572038650513, -1.3411049337719305e-07, -0.9999571442604065, -0.009255333803594112),
            ["RightFoot"] = CFrame.new(-4.842877388000488e-08, 1.7881393432617188e-07, -5.045876605436206e-08, 0.8498315811157227, 0.07111888378858566, -0.5222343802452087, -0.30417296290397644, 0.8753710389137268, -0.3757709860801697, 0.43042439222335815, 0.47819221019744873, 0.7655504941940308),
            ["LeftLowerLeg"] = CFrame.new(4.0978193283081055e-08, 0.00012260675430297852, 0.00007745623588562012, 1, 1.1920930376163597e-07, 8.754432911928234e-08, -9.685756197086448e-08, 0.17655916512012482, 0.9842900633811951, 8.195639367158947e-08, -0.9842900633811951, 0.1765591949224472),
        }},
        {Time = 0.100, Data = {
            ["LeftFoot"] = CFrame.new(7.799826562404633e-08, 5.960464477539063e-08, 2.9802322387695312e-08, 0.9999867677688599, -0.001754055730998516, 0.004835540894418955, 0.004127459600567818, 0.8345931172370911, -0.5508516430854797, -0.0030695884488523006, 0.5508642196655273, 0.8345891833305359),
            ["LeftLowerArm"] = CFrame.new(-3.8743019104003906e-07, -5.960464477539063e-08, -4.470348358154297e-08, 1, -1.257285475730896e-08, 1.3969840395589017e-08, 3.073364140959711e-08, 0.9712346196174622, -0.23812469840049744, 2.3283060812673284e-08, 0.23812466859817505, 0.9712346792221069),
            ["LowerTorso"] = CFrame.new(-0.15683062374591827, -0.5114240646362305, 0.07541115581989288, 0.950607180595398, 0.18621453642845154, 0.24833466112613678, -0.15538924932479858, 0.9780820608139038, -0.13859911262989044, -0.26870083808898926, 0.09316478669643402, 0.9587075710296631),
            ["Head"] = CFrame.new(-4.842877388000488e-08, -3.5762786865234375e-07, 8.195638656616211e-08, 0.9783990383148193, -0.08853768557310104, -0.18680578470230103, 0.09330698102712631, 0.9954943656921387, 0.016877030953764915, 0.18446984887123108, -0.0339428074657917, 0.9822519421577454),
            ["RightUpperArm"] = CFrame.new(-5.960464477539063e-08, 0, 7.450580596923828e-08, 0.5610018968582153, -0.5693390965461731, 0.6009408831596375, 0.40800824761390686, -0.44146960973739624, -0.7991456985473633, 0.7202820181846619, 0.6935110688209534, -0.015370296314358711),
            ["UpperTorso"] = CFrame.new(3.5390257835388184e-08, -5.960464477539063e-08, 0, 0.9790846705436707, -0.19423967599868774, -0.060532841831445694, 0.20284725725650787, 0.909010648727417, 0.3640778064727783, -0.01569334603846073, -0.36874186992645264, 0.9293994307518005),
            ["HumanoidRootPart"] = CFrame.new(0, 0, 0, 1, 0, 0, 0, 1, 0, 0, 0, 1),
            ["RightHand"] = CFrame.new(1.9371509552001953e-07, 5.960464477539063e-08, -4.3213367462158203e-07, 0.995425820350647, -0.08165078610181808, 0.049604158848524094, 0.09236019104719162, 0.9552337527275085, -0.28106600046157837, -0.024434354156255722, 0.2843617796897888, 0.9584057331085205),
            ["LeftUpperArm"] = CFrame.new(-2.384185791015625e-07, -5.960464477539062e-07, 7.450580596923828e-09, 0.9848470091819763, 0.07301008701324463, 0.15730875730514526, 0.0007518125930801034, 0.9052607417106628, -0.4248559772968292, -0.17342422902584076, 0.4185364246368408, 0.8914883136749268),
            ["RightLowerArm"] = CFrame.new(0, -1.1920928955078125e-07, -1.8766149878501892e-07, 1, -7.450579175838357e-08, 1.3411040811206476e-07, 8.940696716308594e-08, -0.7681124210357666, -0.640315055847168, 1.3702083379030228e-07, 0.6403149962425232, -0.7681124210357666),
            ["LeftHand"] = CFrame.new(2.39349901676178e-07, -5.960464477539063e-08, 3.725290298461914e-08, 0.9719302654266357, 0.08913827687501907, -0.21772904694080353, -0.11337563395500183, 0.9883573055267334, -0.10146890580654144, 0.20614930987358093, 0.12330590933561325, 0.9707204699516296),
            ["RightUpperLeg"] = CFrame.new(1.1920928955078125e-07, -4.6566128730773926e-08, 4.300818545743823e-08, 0.8594383001327515, -0.332868754863739, 0.38802623748779297, 0.5030585527420044, 0.685865044593811, -0.5258529186248779, -0.09109366685152054, 0.6471379399299622, 0.756911039352417),
            ["LeftUpperLeg"] = CFrame.new(0, 3.203749656677246e-07, -4.470348358154297e-08, 0.9640994668006897, 0.06793272495269775, 0.2567048966884613, 0.1129109263420105, 0.7701008319854736, -0.6278501749038696, -0.2403402030467987, 0.6342947483062744, 0.7347834706306458),
            ["RightLowerLeg"] = CFrame.new(-1.4901161193847656e-08, -0.00012230873107910156, -0.00007730552897555754, 1, -1.1920927533992653e-07, -1.5273697329121205e-07, 1.3224780559539795e-07, -0.040894679725170135, 0.9991635084152222, -1.1920928955078125e-07, -0.9991635084152222, -0.040894489735364914),
            ["RightFoot"] = CFrame.new(-2.2351741790771484e-08, 3.5762786865234375e-07, -1.6931153368204832e-08, 0.8349136114120483, 0.02043457143008709, -0.5500018000602722, -0.26368647813796997, 0.8920076489448547, -0.36713993549346924, 0.4831033945083618, 0.45155826210975647, 0.7501376271247864),
            ["LeftLowerLeg"] = CFrame.new(4.190951585769653e-08, 0.0001226663589477539, 0.0000775456428527832, 1, 2.0628797869903792e-07, 7.008203084524212e-08, -1.4714899521095504e-07, 0.13982979953289032, 0.9901756048202515, 1.0011719808744601e-07, -0.9901756644248962, 0.1398298144340515),
        }},
        {Time = 0.133, Data = {
            ["LeftFoot"] = CFrame.new(3.259629011154175e-08, -1.1920928955078125e-07, -2.9802322387695312e-08, 0.9990664124488831, 0.04130782559514046, -0.012646947056055069, -0.04154243692755699, 0.8383122682571411, -0.5436057448387146, -0.011853142641484737, 0.5436232089996338, 0.8392454385757446),
            ["LeftLowerArm"] = CFrame.new(2.682209014892578e-07, 1.1920928955078125e-07, 1.1920928955078125e-07, 1, -1.9557775843281888e-08, 8.381904947896146e-09, 2.421439049271612e-08, 0.9677941203117371, -0.25174322724342346, 1.5832485544819974e-08, 0.2517431974411011, 0.9677940607070923),
            ["LowerTorso"] = CFrame.new(-0.20207826793193817, -0.5254535675048828, 0.09775641560554504, 0.9370755553245544, 0.1992870420217514, 0.28666025400161743, -0.1620083451271057, 0.9755364060401917, -0.1486000269651413, -0.30926159024238586, 0.09280809760093689, 0.9464375376701355),
            ["Head"] = CFrame.new(-8.940696716308594e-08, 0, -6.705522537231445e-08, 0.9420599937438965, -0.06085957959294319, -0.32987767457962036, 0.06898476183414459, 0.9975334405899048, 0.012969394214451313, 0.328274667263031, -0.034974515438079834, 0.9439346194267273),
            ["RightUpperArm"] = CFrame.new(-5.960464477539063e-08, 2.384185791015625e-07, -5.960464477539063e-08, 0.6456669569015503, -0.5403704643249512, 0.539549708366394, 0.4594738185405731, -0.28942906856536865, -0.8397111892700195, 0.6099164485931396, 0.7900826930999756, 0.061411239206790924),
            ["UpperTorso"] = CFrame.new(-3.3527612686157227e-08, -1.1920928955078125e-07, 0, 0.9791311621665955, -0.19794651865959167, -0.046037979423999786, 0.19913771748542786, 0.889245867729187, 0.41180843114852905, -0.04057689756155014, -0.4123823642730713, 0.9101067781448364),
            ["HumanoidRootPart"] = CFrame.new(0, 0, 0, 1, 0, 0, 0, 1, 0, 0, 0, 1),
            ["RightHand"] = CFrame.new(3.5762786865234375e-07, -1.1920928955078125e-07, -1.6391277313232422e-07, 0.9961671829223633, -0.052764080464839935, -0.06976468861103058, 0.019757045432925224, 0.9126912951469421, -0.4081719219684601, 0.0852104052901268, 0.4052290916442871, 0.9102354645729065),
            ["LeftUpperArm"] = CFrame.new(-2.384185791015625e-07, 2.384185791015625e-07, -4.470348358154297e-08, 0.9928808808326721, -0.0020211150404065847, -0.11909455060958862, -0.0553625226020813, 0.8774601817131042, -0.47644364833831787, 0.1054636612534523, 0.47964513301849365, 0.8711015582084656),
            ["RightLowerArm"] = CFrame.new(1.1920928955078125e-07, -1.1920928955078125e-07, 2.0116567611694336e-07, 1, -2.9802315282267955e-08, 1.341104365337742e-07, 7.450581307466564e-08, -0.7609849572181702, -0.6487695574760437, 1.2293459406009788e-07, 0.6487695574760437, -0.7609848976135254),
            ["LeftHand"] = CFrame.new(-5.587935447692871e-08, 1.1920928955078125e-07, -1.4901161193847656e-08, 0.9759931564331055, 0.09345048666000366, -0.1967347115278244, -0.11088281869888306, 0.99064701795578, -0.07952043414115906, 0.1874634474515915, 0.09942591935396194, 0.9772266745567322),
            ["RightUpperLeg"] = CFrame.new(-5.960464477539063e-08, 2.2351741790771484e-08, -4.267349140718579e-08, 0.8436788320541382, -0.3285199999809265, 0.4245946705341339, 0.518655002117157, 0.7029397487640381, -0.4866960346698761, -0.13857509195804596, 0.6308329701423645, 0.763443648815155),
            ["LeftUpperLeg"] = CFrame.new(0, -2.4028122425079346e-07, 2.9802322387695312e-08, 0.9608647227287292, 0.023124853149056435, 0.27605128288269043, 0.16362592577934265, 0.7567197680473328, -0.6329309940338135, -0.2235299050807953, 0.6533302664756775, 0.7233215570449829),
            ["RightLowerLeg"] = CFrame.new(-7.450580596923828e-08, -0.00012248754501342773, -0.00007733533129794523, 1, -1.1920923270736239e-07, -6.798658347406672e-08, 1.6763806343078613e-07, -0.049500059336423874, 0.9987742304801941, -8.940696716308594e-08, -0.9987741112709045, -0.04949996620416641),
            ["RightFoot"] = CFrame.new(-1.1175870895385742e-08, 2.980232238769531e-07, 3.5222910810261965e-08, 0.801687479019165, -0.025609862059354782, -0.5971949696540833, -0.21815228462219238, 0.9176331162452698, -0.33220356702804565, 0.5565131902694702, 0.3966025710105896, 0.7300679087638855),
            ["LeftLowerLeg"] = CFrame.new(5.587935447692871e-08, 0.0001226663589477539, 0.00007729232311248779, 1, 8.195637946073475e-08, 2.1047887344138871e-07, -9.872019290924072e-08, 0.12592269480228424, 0.9920400977134705, 1.210719347000122e-07, -0.9920400977134705, 0.12592284381389618),
        }},
        {Time = 0.167, Data = {
            ["LeftFoot"] = CFrame.new(-4.0978193283081055e-08, 0, 5.21540641784668e-08, 0.9967854022979736, 0.07608943432569504, -0.025089982897043228, -0.07761075347661972, 0.8392586708068848, -0.5381653904914856, -0.019891509786248207, 0.5383822917938232, 0.8424657583236694),
            ["LeftLowerArm"] = CFrame.new(-1.4901161193847656e-07, -2.384185791015625e-07, -5.21540641784668e-08, 1, -2.6077040971017595e-08, 9.313227522511625e-09, 2.5611376130996177e-08, 0.9544352293014526, -0.2984183728694916, 2.7939683899802503e-09, 0.2984183728694916, 0.9544352293014526),
            ["LowerTorso"] = CFrame.new(-0.23634932935237885, -0.5361297130584717, 0.1148892194032669, 0.9258293509483337, 0.1959550529718399, 0.32317429780960083, -0.14953605830669403, 0.9752382040023804, -0.1629398614168167, -0.3471008241176605, 0.10252828896045685, 0.9322065114974976),
            ["Head"] = CFrame.new(-8.940696716308594e-08, 4.76837158203125e-07, 5.960464477539063e-08, 0.8860467672348022, -0.02733210101723671, -0.46278950572013855, 0.038418494164943695, 0.9991559386253357, 0.014545602723956108, 0.4620012044906616, -0.030667703598737717, 0.8863489627838135),
            ["RightUpperArm"] = CFrame.new(0, 2.384185791015625e-07, -1.4901161193847656e-08, 0.7845892906188965, -0.495883047580719, 0.3721824586391449, 0.40700000524520874, -0.040922436863183975, -0.9125111103057861, 0.4677294194698334, 0.8674245476722717, 0.16971705853939056),
            ["UpperTorso"] = CFrame.new(-5.21540641784668e-08, -2.086162567138672e-07, -3.725290298461914e-09, 0.9837175607681274, -0.17834506928920746, -0.022199515253305435, 0.1685168296098709, 0.8723931908607483, 0.45883795619010925, -0.06246475130319595, -0.4551078975200653, 0.8882426023483276),
            ["HumanoidRootPart"] = CFrame.new(0, 0, 0, 1, 0, 0, 0, 1, 0, 0, 0, 1),
            ["RightHand"] = CFrame.new(-2.1222513169050217e-07, 0, -2.980232238769531e-07, 0.9034591317176819, -0.02040507271885872, -0.4281885623931885, -0.22289587557315826, 0.8308577537536621, -0.5098949074745178, 0.3661681115627289, 0.5561106204986572, 0.7460978031158447),
            ["LeftUpperArm"] = CFrame.new(0, 2.384185791015625e-07, 4.470348358154297e-08, 0.8907187581062317, -0.07825951278209686, -0.44776737689971924, -0.18836699426174164, 0.8329564332962036, -0.5202897787094116, 0.4136883318424225, 0.5477765202522278, 0.7271884083747864),
            ["RightLowerArm"] = CFrame.new(-2.980232238769531e-07, 1.1920928955078125e-07, 1.7881393432617188e-07, 1, -5.2852531240432654e-08, 1.9127026007481618e-07, 5.867334351705722e-08, -0.7401260137557983, -0.6724682450294495, 1.5576375744785764e-07, 0.6724682450294495, -0.7401259541511536),
            ["LeftHand"] = CFrame.new(-7.450580596923828e-09, 2.980232238769531e-07, -2.8312206268310547e-07, 0.9595943689346313, -0.026775462552905083, -0.2801101505756378, 0.008797168731689453, 0.9978305697441101, -0.06524454802274704, 0.281249463558197, 0.060144152492284775, 0.9577481746673584),
            ["RightUpperLeg"] = CFrame.new(0, -2.5331974029541016e-07, 2.029992174357176e-09, 0.8421053290367126, -0.28314530849456787, 0.4590071737766266, 0.49579980969429016, 0.7413643598556519, -0.4522845149040222, -0.212229385972023, 0.6084468364715576, 0.7646901607513428),
            ["LeftUpperLeg"] = CFrame.new(-2.384185791015625e-07, 2.2910535335540771e-07, 1.4901161193847656e-08, 0.9611538648605347, -0.00382873322814703, 0.27598655223846436, 0.18752165138721466, 0.7427607178688049, -0.6427614092826843, -0.20253121852874756, 0.6695460081100464, 0.7146252393722534),
            ["RightLowerLeg"] = CFrame.new(0, -0.00012224912643432617, -0.00007749179349048063, 1, -1.4901158351676713e-07, -1.6018753967728117e-07, 1.4156104555240745e-07, -0.0567614808678627, 0.9983877539634705, -1.4901162614933128e-07, -0.9983878135681152, -0.056761302053928375),
            ["RightFoot"] = CFrame.new(-2.2351741790771484e-08, 2.980232238769531e-07, 3.894820110872388e-08, 0.7524343132972717, -0.07136222720146179, -0.6547900438308716, -0.1451367884874344, 0.9517160654067993, -0.27050280570983887, 0.6424779891967773, 0.29857003688812256, 0.7057465314865112),
            ["LeftLowerLeg"] = CFrame.new(-3.725290298461914e-08, 0.0001227259635925293, 0.00007745623588562012, 1, 6.332992796842518e-08, 1.9744038581848145e-07, -8.568167686462402e-08, 0.10351181775331497, 0.9946283102035522, 8.940696716308594e-08, -0.9946282505989075, 0.10351186990737915),
        }},
        {Time = 0.200, Data = {
            ["LeftFoot"] = CFrame.new(-7.450580596923828e-09, 0, -2.60770320892334e-08, 0.9940118193626404, 0.10434997081756592, -0.032429296523332596, -0.10553909093141556, 0.8398780822753906, -0.5324159264564514, -0.0283207930624485, 0.5326499342918396, 0.8458614945411682),
            ["LeftLowerArm"] = CFrame.new(-2.384185791015625e-07, -2.384185791015625e-07, 8.940696716308594e-08, 1, -3.725290653733282e-08, 4.4703490686970326e-08, 3.5390257835388184e-08, 0.913459837436676, -0.4069289565086365, 3.725290298461914e-08, 0.4069289267063141, 0.9134598970413208),
            ["LowerTorso"] = CFrame.new(-0.2616361379623413, -0.5461592674255371, 0.1299327164888382, 0.9157767295837402, 0.18414093554019928, 0.35699471831321716, -0.1263197511434555, 0.9756662845611572, -0.17921672761440277, -0.3813088834285736, 0.11902701109647751, 0.9167530536651611),
            ["Head"] = CFrame.new(-9.313225746154785e-10, 3.5762786865234375e-07, -7.450580596923828e-08, 0.816101610660553, 0.001796323573216796, -0.5779057145118713, 0.008489783853292465, 0.9998500347137451, 0.01509694755077362, 0.577846109867096, -0.017226891592144966, 0.815963864326477),
            ["RightUpperArm"] = CFrame.new(0, -2.384185791015625e-07, 1.4901161193847656e-08, 0.8983131051063538, -0.4352509379386902, 0.05991792678833008, 0.21582850813865662, 0.3183755874633789, -0.9230682849884033, 0.38268983364105225, 0.8421363234519958, 0.3799406886100769),
            ["UpperTorso"] = CFrame.new(5.21540641784668e-08, 2.980232238769531e-07, 4.470348358154297e-08, 0.9895985126495361, -0.14330461621284485, 0.012595785781741142, 0.11766090244054794, 0.856662392616272, 0.5022804141044617, -0.08276943862438202, -0.49557390809059143, 0.8646131753921509),
            ["HumanoidRootPart"] = CFrame.new(0, 0, 0, 1, 0, 0, 0, 1, 0, 0, 0, 1),
            ["RightHand"] = CFrame.new(-2.8312206268310547e-07, 2.980232238769531e-07, 2.9802322387695312e-08, 0.5296266674995422, 0.020662367343902588, -0.8479791879653931, -0.5867695808410645, 0.730840802192688, -0.34867361187934875, 0.6125333309173584, 0.6822351813316345, 0.3991967737674713),
            ["LeftUpperArm"] = CFrame.new(-2.384185791015625e-07, 0, -7.450580596923828e-08, 0.7033337950706482, -0.13460291922092438, -0.6979998350143433, -0.3662340044975281, 0.7729525566101074, -0.5180895328521729, 0.609257161617279, 0.6200212240219116, 0.4943474531173706),
            ["RightLowerArm"] = CFrame.new(-4.76837158203125e-07, -1.7881393432617188e-07, 1.7881393432617188e-07, 1, -2.2351747119842003e-08, 1.6763807764164085e-07, 6.705524668859653e-08, -0.7051010131835938, -0.709106981754303, 1.3411049337719305e-07, 0.709106981754303, -0.705100953578949),
            ["LeftHand"] = CFrame.new(-5.960464477539063e-08, -1.7881393432617188e-07, 1.4901161193847656e-07, 0.8676866292953491, -0.24675562977790833, -0.43154582381248474, 0.21779540181159973, 0.9690536856651306, -0.11618997901678085, 0.4468614459037781, 0.0068278843536973, 0.894577145576477),
            ["RightUpperLeg"] = CFrame.new(1.1920928955078125e-07, 4.507601261138916e-07, 5.418405635282397e-08, 0.8451884984970093, -0.21769516170024872, 0.4881243109703064, 0.4508543908596039, 0.7808717489242554, -0.43240004777908325, -0.28703105449676514, 0.5855323672294617, 0.7581324577331543),
            ["LeftUpperLeg"] = CFrame.new(-2.384185791015625e-07, 3.725290298461914e-08, -1.4901161193847656e-08, 0.9643170833587646, -0.019958816468715668, 0.2639966309070587, 0.19521459937095642, 0.7271872758865356, -0.6580960154533386, -0.17884011566638947, 0.6861490607261658, 0.70513516664505),
            ["RightLowerLeg"] = CFrame.new(3.725290298461914e-09, -0.00012224912643432617, -0.0000774359141360037, 1, -1.9371502446574596e-07, -1.266598985694145e-07, 1.7881390590446244e-07, -0.06483998149633408, 0.9978957772254944, -1.4901159772762185e-07, -0.9978957176208496, -0.06483977288007736),
            ["RightFoot"] = CFrame.new(7.450580596923828e-08, 3.5762786865234375e-07, -2.0656443666666746e-08, 0.7041716575622559, -0.10945219546556473, -0.7015433311462402, -0.0374985933303833, 0.9809355735778809, -0.19068092107772827, 0.709039032459259, 0.16057923436164856, 0.6866424083709717),
            ["LeftLowerLeg"] = CFrame.new(-7.450580596923828e-08, 0.0001226663589477539, 0.00007739663124084473, 1, 1.1175869474300271e-07, 8.940695295223122e-08, -6.332992796842518e-08, 0.07340292632579803, 0.9973023533821106, 1.2665985593685036e-07, -0.9973023533821106, 0.07340296357870102),
        }},
        {Time = 0.233, Data = {
            ["LeftFoot"] = CFrame.new(-1.1175870895385742e-08, 0, -3.3527612686157227e-08, 0.9909113049507141, 0.12905806303024292, -0.03793266788125038, -0.12975576519966125, 0.8426828384399414, -0.5225411057472229, -0.03547290712594986, 0.522713840007782, 0.8517698049545288),
            ["LeftLowerArm"] = CFrame.new(-6.556510925292969e-07, -2.980232238769531e-07, 1.1920928955078125e-07, 1, -8.940698137394065e-08, 0, 5.587936158235607e-08, 0.8172088265419006, -0.5763418674468994, -2.2351745343485163e-08, 0.5763418674468994, 0.8172087669372559),
            ["LowerTorso"] = CFrame.new(-0.2826545834541321, -0.5582175254821777, 0.14504210650920868, 0.9045388102531433, 0.18242594599723816, 0.38539639115333557, -0.11379596590995789, 0.9743543863296509, -0.19412392377853394, -0.41092586517333984, 0.13173606991767883, 0.9021006226539612),
            ["Head"] = CFrame.new(-2.9802322387695312e-08, 2.384185791015625e-07, -1.6391277313232422e-07, 0.7398723363876343, 0.023305803537368774, -0.6723434329032898, -0.01995306834578514, 0.9997203350067139, 0.012696782127022743, 0.6724513173103333, 0.0040213135071098804, 0.7401304244995117),
            ["RightUpperArm"] = CFrame.new(0, -3.5762786865234375e-07, -2.9802322387695312e-08, 0.8901106715202332, -0.42781689763069153, -0.15708543360233307, 0.11854362487792969, 0.5501531958580017, -0.8266068696975708, 0.4400573968887329, 0.717150092124939, 0.540412187576294),
            ["UpperTorso"] = CFrame.new(0, -5.960464477539063e-08, 2.9802322387695312e-08, 0.9921156167984009, -0.11690300703048706, 0.04516936466097832, 0.07456013560295105, 0.8402639031410217, 0.5370264053344727, -0.10073424130678177, -0.5294244289398193, 0.8423552513122559),
            ["HumanoidRootPart"] = CFrame.new(0, 0, 0, 1, 0, 0, 0, 1, 0, 0, 0, 1),
            ["RightHand"] = CFrame.new(1.4901161193847656e-08, -1.7881393432617188e-07, -1.3783574104309082e-07, 0.16532470285892487, 0.0879117101430893, -0.9823132157325745, -0.7255514860153198, 0.6854799389839172, -0.060764726251363754, 0.6680140495300293, 0.7227647304534912, 0.17711114883422852),
            ["LeftUpperArm"] = CFrame.new(1.7881393432617188e-07, 0, -5.960464477539063e-08, 0.5773274302482605, -0.1749757081270218, -0.7975441217422485, -0.503521203994751, 0.6926370859146118, -0.5164496898651123, 0.6427748203277588, 0.6997408866882324, 0.3117744028568268),
            ["RightLowerArm"] = CFrame.new(1.1920928955078125e-07, 1.7881393432617188e-07, -4.3213367462158203e-07, 1, -5.215404996761208e-08, 1.4156094607642444e-07, 6.705522537231445e-08, -0.6552932262420654, -0.7553746104240417, 1.4156103134155273e-07, 0.7553746700286865, -0.6552931666374207),
            ["LeftHand"] = CFrame.new(-2.384185791015625e-07, -1.1920928955078125e-07, -8.940696716308594e-08, 0.7881615161895752, -0.3593233525753021, -0.49968811869621277, 0.31526607275009155, 0.9329838752746582, -0.17363297939300537, 0.5285912752151489, -0.02068391628563404, 0.8486244678497314),
            ["RightUpperLeg"] = CFrame.new(-5.960464477539063e-08, -2.2351741790771484e-08, 9.480572771281004e-09, 0.8375011086463928, -0.17232276499271393, 0.5185526609420776, 0.4228780269622803, 0.8054025769233704, -0.4153320789337158, -0.3460724949836731, 0.5671257376670837, 0.7473971247673035),
            ["LeftUpperLeg"] = CFrame.new(5.960464477539063e-08, -2.60770320892334e-08, -5.960464477539063e-08, 0.9646889567375183, -0.040134456008672714, 0.2603161633014679, 0.21000589430332184, 0.7137190699577332, -0.6682087779045105, -0.15897445380687714, 0.6992813944816589, 0.6969451904296875),
            ["RightLowerLeg"] = CFrame.new(2.5262124836444855e-08, -0.00012236833572387695, -0.0000774972650106065, 1, -2.3841846541472478e-07, -1.1175873737556685e-07, 1.6391277313232422e-07, -0.0798867717385292, 0.9968039989471436, -2.2351741790771484e-07, -0.9968039393424988, -0.0798865556716919),
            ["RightFoot"] = CFrame.new(-1.4901161193847656e-08, 2.980232238769531e-07, -2.8107024263590574e-08, 0.6799797415733337, -0.11515314131975174, -0.7241319417953491, 0.04687048867344856, 0.9923974275588989, -0.11380057036876678, 0.7317314147949219, 0.043442193418741226, 0.6802076101303101),
            ["LeftLowerLeg"] = CFrame.new(1.1920928955078125e-07, 0.0001226663589477539, 0.0000775456428527832, 1, 7.4505797087454084e-09, 1.0430814256778831e-07, -5.960465188081798e-08, 0.050051383674144745, 0.9987467527389526, 1.4156104555240745e-07, -0.9987466335296631, 0.05005135387182236),
        }},
        {Time = 0.267, Data = {
            ["LeftFoot"] = CFrame.new(4.842877388000488e-08, 0, 1.4901161193847656e-08, 0.987263023853302, 0.15238606929779053, -0.0457209087908268, -0.15457142889499664, 0.8506634831428528, -0.5024731159210205, -0.03767673671245575, 0.5031402111053467, 0.8633831143379211),
            ["LeftLowerArm"] = CFrame.new(1.1920928955078125e-07, 4.76837158203125e-07, -2.086162567138672e-07, 1, -1.3411047916633834e-07, 3.725291630729544e-09, 8.195640788244418e-08, 0.6217536926269531, -0.7832129001617432, 4.4703494239684005e-08, 0.7832127809524536, 0.6217537522315979),
            ["LowerTorso"] = CFrame.new(-0.3025757670402527, -0.5750992298126221, 0.16450616717338562, 0.8903125524520874, 0.20937055349349976, 0.40436089038848877, -0.1351889818906784, 0.9695194363594055, -0.20434315502643585, -0.43481919169425964, 0.1272641122341156, 0.8914798498153687),
            ["Head"] = CFrame.new(-8.940696716308594e-08, -1.1920928955078125e-07, 1.043081283569336e-07, 0.6651086211204529, 0.032710932195186615, -0.7460299134254456, -0.05174536630511284, 0.9986575841903687, -0.00234480993822217, 0.7449516654014587, 0.04016308858990669, 0.6659084558486938),
            ["RightUpperArm"] = CFrame.new(-1.1920928955078125e-07, 2.384185791015625e-07, 5.960464477539063e-08, 0.8739647269248962, -0.4155149459838867, -0.25205758213996887, 0.12107791006565094, 0.6884568333625793, -0.715099573135376, 0.4706652760505676, 0.5944532155990601, 0.6519966721534729),
            ["UpperTorso"] = CFrame.new(-1.1920928955078125e-07, -1.1920928955078125e-07, 1.4901161193847656e-08, 0.9907621145248413, -0.12123271822929382, 0.0607709139585495, 0.0656428411602974, 0.8208571076393127, 0.5673487782478333, -0.11866544932126999, -0.558118462562561, 0.821232259273529),
            ["HumanoidRootPart"] = CFrame.new(0, 0, 0, 1, 0, 0, 0, 1, 0, 0, 0, 1),
            ["RightHand"] = CFrame.new(2.9802322387695312e-08, 1.7881393432617188e-07, -6.420304998755455e-08, 0.05190177634358406, 0.1662331521511078, -0.9847196936607361, -0.6862062811851501, 0.7223325371742249, 0.08577077835798264, 0.7255529761314392, 0.6712691783905029, 0.15156055986881256),
            ["LeftUpperArm"] = CFrame.new(0, 0, -1.043081283569336e-07, 0.5699976682662964, -0.2172146439552307, -0.7924143075942993, -0.5750644207000732, 0.583371639251709, -0.5735664367675781, 0.5868591070175171, 0.7826208472251892, 0.20760804414749146),
            ["RightLowerArm"] = CFrame.new(-3.2782554626464844e-07, -1.7881393432617188e-07, -4.470348358154297e-08, 1, -9.685753354915505e-08, 1.3236422091722488e-07, 6.705523958316917e-08, -0.580009937286377, -0.8146094083786011, 1.266598985694145e-07, 0.8146093487739563, -0.5800100564956665),
            ["LeftHand"] = CFrame.new(4.470348358154297e-07, 0, -2.1606683731079102e-07, 0.9291455745697021, -0.2573091387748718, -0.2654815912246704, 0.24027010798454285, 0.9660104513168335, -0.09536384791135788, 0.2809959948062897, 0.0248196292668581, 0.9593879580497742),
            ["RightUpperLeg"] = CFrame.new(5.960464477539063e-08, -1.41095370054245e-07, 3.55576048605144e-08, 0.8050976991653442, -0.1659429520368576, 0.5694566369056702, 0.4411751627922058, 0.8092516660690308, -0.3879125714302063, -0.396462082862854, 0.5635377168655396, 0.7247365117073059),
            ["LeftUpperLeg"] = CFrame.new(-2.384185791015625e-07, 1.0803341865539551e-07, -5.960464477539063e-08, 0.9549074172973633, -0.07580402493476868, 0.2870637774467468, 0.2551877498626709, 0.7037485837936401, -0.6630361080169678, -0.15175990760326385, 0.7063934206962585, 0.691359281539917),
            ["RightLowerLeg"] = CFrame.new(1.4901161193847656e-08, -0.00012254714965820312, -0.00007746944174868986, 1, -1.6391271628890536e-07, -6.705525379402388e-08, 1.7881397695873602e-07, -0.11947046220302582, 0.9928377866744995, -1.9371513815258368e-07, -0.9928377866744995, -0.11947028338909149),
