return {
    ["Everybody Dance Now"] = {
        {Time = 0.000, Data = {
            ["RightFoot"] = CFrame.new(-4.6566128730773926e-09, 5.960464477539063e-08, 1.3686076272279024e-08, 0.9882361888885498, -0.06710121780633926, -0.1374286562204361, 0.010199294425547123, 0.9255223870277405, -0.37855538725852966, 0.15259480476379395, 0.37270063161849976, 0.9153192043304443),
            ["LeftLowerArm"] = CFrame.new(2.384185791015625e-07, 0, -8.195638656616211e-08, 1, -3.0733637856883433e-08, 7.450581485102248e-09, 5.494803190231323e-08, 0.8645007014274597, -0.502631664276123, 7.916241884231567e-09, 0.5026316046714783, 0.8645007014274597),
            ["RightUpperArm"] = CFrame.new(5.960464477539063e-08, 2.384185791015625e-07, -7.450580596923828e-08, 0.977623462677002, 0.027009110897779465, -0.20862168073654175, -0.01533157005906105, 0.9982340931892395, 0.057390544563531876, 0.20980337262153625, -0.052907828241586685, 0.9763110876083374),
            ["Head"] = CFrame.new(-6.51925802230835e-09, -5.960464477539062e-07, -5.21540641784668e-08, 0.9880388379096985, -0.15122714638710022, 0.030163194984197617, 0.15396906435489655, 0.9783015847206116, -0.1386345624923706, -0.008543409407138824, 0.14162053167819977, 0.9898841381072998),
            ["RightHand"] = CFrame.new(7.264316082000732e-08, 5.960464477539063e-08, -1.1920928955078125e-07, 0.8761436343193054, 0.0004352554678916931, 0.4820501506328583, 0.0658857673406601, 0.9905070066452026, -0.12064420431852341, -0.4775265157222748, 0.1374618262052536, 0.8677976131439209),
            ["UpperTorso"] = CFrame.new(-3.8120560930110514e-08, 8.940696716308594e-08, -1.5832483768463135e-08, 0.9822148680686951, -0.08402606099843979, 0.16790983080863953, 0.05603627488017082, 0.9847044348716736, 0.16497643291950226, -0.1792038530111313, -0.15263324975967407, 0.9718998074531555),
            ["HumanoidRootPart"] = CFrame.new(0, 0, 0, 1, 0, 0, 0, 1, 0, 0, 0, 1),
            ["RightUpperLeg"] = CFrame.new(0, 1.0686926543712616e-07, -4.256435204297304e-09, 0.9993851184844971, -0.0327216237783432, -0.012605633586645126, 0.031085539609193802, 0.993071973323822, -0.11332235485315323, 0.016226382926106453, 0.11286082863807678, 0.9934783577919006),
            ["LeftUpperArm"] = CFrame.new(0, -2.384185791015625e-07, -3.3527612686157227e-08, 0.9868517518043518, -0.15066275000572205, 0.0585184283554554, 0.15114206075668335, 0.9885046482086182, -0.00382752763107419, -0.05726908519864082, 0.012621804140508175, 0.9982790350914001),
            ["RightLowerArm"] = CFrame.new(-1.4901161193847656e-07, 2.980232238769531e-07, 1.1548399925231934e-07, 1, -3.9115551686563776e-08, 4.656612428988183e-09, 3.2596297216969106e-08, 0.9218995571136475, -0.38742923736572266, 3.2596298993325945e-09, 0.38742923736572266, 0.9218994975090027),
            ["LeftHand"] = CFrame.new(-3.3527612686157227e-08, -1.1920928955078125e-07, -1.043081283569336e-07, 0.38274145126342773, -0.07456110417842865, -0.9208418726921082, 0.021966630592942238, 0.9971906542778015, -0.0716128721833229, 0.9235943555831909, 0.007181412074714899, 0.38330405950546265),
            ["LeftFoot"] = CFrame.new(-1.2014061212539673e-07, -1.7881393432617188e-07, 7.566995918750763e-10, 0.99937504529953, 0.017243478447198868, 0.03086049295961857, -0.01140507310628891, 0.9835582375526428, -0.18023110926151276, -0.03346090018749237, 0.17976652085781097, 0.9831401109695435),
            ["LowerTorso"] = CFrame.new(-0.026419758796691895, -0.05075669288635254, -0.025982141494750977, 0.9934259653091431, 0.1138300970196724, -0.012154112569987774, -0.1144724041223526, 0.9887354373931885, -0.09642835706472397, 0.001040751812979579, 0.09718574583530426, 0.9952657222747803),
            ["RightLowerLeg"] = CFrame.new(1.862645149230957e-09, -3.5762786865234375e-07, 8.272036211565137e-08, 0.9999294281005859, 0.001007072045467794, -0.01183669175952673, 0.004901759792119265, 0.872645378112793, 0.4883299171924591, 0.0108210239559412, -0.4883534908294678, 0.8725788593292236),
            ["LeftUpperLeg"] = CFrame.new(-5.960464477539063e-08, -1.3364478945732117e-07, 2.0954757928848267e-08, 0.9879855513572693, -0.1544891893863678, 0.004191901534795761, 0.15400561690330505, 0.9864349961280823, 0.05681835487484932, -0.012912853620946407, -0.055490124970674515, 0.9983757734298706),
            ["LeftLowerLeg"] = CFrame.new(-1.5468685887753963e-08, -2.384185791015625e-07, 3.9639417082071304e-08, 0.9999135732650757, -0.0050646523013710976, 0.012131523340940475, 0.002192385960370302, 0.9741304516792297, 0.2259760946035385, -0.012962179258465767, -0.22593002021312714, 0.9740573763847351),
        }},
        {Time = 0.030, Data = {
            ["RightFoot"] = CFrame.new(-1.3504177331924438e-08, 0, 8.563802111893892e-09, 0.9852468967437744, -0.07075248658657074, -0.1558290719985962, 0.004113387316465378, 0.9200672507286072, -0.39173901081085205, 0.17108964920043945, 0.38531872630119324, 0.9067844152450562),
            ["LeftLowerArm"] = CFrame.new(-1.7881393432617188e-07, -2.980232238769531e-07, 5.960464477539063e-08, 1, -4.470348358154297e-08, 2.6077035641947077e-08, 3.655441105365753e-08, 0.8605923056602478, -0.5092945694923401, -9.487848728895187e-09, 0.5092946290969849, 0.8605923056602478),
            ["RightUpperArm"] = CFrame.new(-1.1920928955078125e-07, 1.1920928955078125e-07, -7.450580596923828e-08, 0.9771117568016052, 0.05838264524936676, -0.2045585811138153, -0.05997815728187561, 0.9981985092163086, -0.0016030167462304235, 0.2040964663028717, 0.013835380785167217, 0.9788531064987183),
            ["Head"] = CFrame.new(9.313225746154785e-09, 1.1920928955078125e-07, -8.195638656616211e-08, 0.98099285364151, -0.1891692876815796, 0.04322299733757973, 0.19366425275802612, 0.9684098958969116, -0.15708774328231812, -0.012141373008489609, 0.1624726802110672, 0.9866384267807007),
            ["RightHand"] = CFrame.new(-6.498885340988636e-08, -5.364418029785156e-07, 1.5273690223693848e-07, 0.8953388333320618, 0.02923162840306759, 0.4444255232810974, 0.03316390886902809, 0.9906982779502869, -0.1319742053747177, -0.44414931535720825, 0.1329004019498825, 0.8860411643981934),
            ["UpperTorso"] = CFrame.new(6.076879799365997e-08, -2.980232238769531e-07, -4.1211023926734924e-08, 0.9823867082595825, -0.08443703502416611, 0.1666935533285141, 0.05647058039903641, 0.9845244884490967, 0.16589948534965515, -0.17812193930149078, -0.15356415510177612, 0.971951961517334),
            ["HumanoidRootPart"] = CFrame.new(0, 0, 0, 1, 0, 0, 0, 1, 0, 0, 0, 1),
            ["RightUpperLeg"] = CFrame.new(0, 1.8835999071598053e-07, -3.149762051180005e-08, 0.9988385438919067, -0.04098358750343323, -0.02533562295138836, 0.037062469869852066, 0.9895251989364624, -0.13952171802520752, 0.03078833408653736, 0.13842065632343292, 0.9898949265480042),
            ["LeftUpperArm"] = CFrame.new(1.1920928955078125e-07, 1.1920928955078125e-07, -8.940696716308594e-08, 0.9878748655319214, -0.15312722325325012, 0.025601200759410858, 0.15408213436603546, 0.9872158765792847, -0.040788888931274414, -0.01902799867093563, 0.04423900693655014, 0.9988397359848022),
            ["RightLowerArm"] = CFrame.new(8.940696716308594e-08, -2.980232238769531e-07, 1.1641532182693481e-08, 1, -3.703462070347996e-08, 3.259628567064965e-09, 4.58567299688184e-08, 0.9264947175979614, -0.3763079047203064, 5.937182301352095e-09, 0.3763079345226288, 0.9264946579933167),
            ["LeftHand"] = CFrame.new(-3.3527612686157227e-08, -5.960464477539063e-08, -4.470348358154297e-08, 0.403367817401886, -0.05362128093838692, -0.9134655594825745, 0.010462687350809574, 0.9984865784645081, -0.05399201437830925, 0.9149782061576843, 0.012221423909068108, 0.4033183455467224),
            ["LeftFoot"] = CFrame.new(-1.0011717677116394e-07, 0, -2.1420419216156006e-08, 0.9999063611030579, 0.008530267514288425, 0.01071012020111084, -0.006141347344964743, 0.978531002998352, -0.206008642911911, -0.012237493880093098, 0.20592354238033295, 0.9784916043281555),
            ["LowerTorso"] = CFrame.new(-0.030756724998354912, -0.0582432746887207, -0.02127903699874878, 0.9914517402648926, 0.12830710411071777, 0.02368248999118805, -0.1255604773759842, 0.9876075983047485, -0.09415911883115768, -0.03547028452157974, 0.09038061648607254, 0.9952755570411682),
            ["RightLowerLeg"] = CFrame.new(8.149072527885437e-10, -2.980232238769531e-07, 8.78426362760365e-08, 0.9997676610946655, -0.0039399475790560246, -0.02119448408484459, 0.01465497724711895, 0.8452540040016174, 0.5341637134552002, 0.015810148790478706, -0.5343502163887024, 0.8451153039932251),
            ["LeftUpperLeg"] = CFrame.new(2.9802322387695312e-08, -9.650830179452896e-08, -2.60770320892334e-08, 0.9851313233375549, -0.1717146933078766, 0.0055097839795053005, 0.1714051365852356, 0.9845255017280579, 0.03646724298596382, -0.011686486192047596, -0.03498063236474991, 0.9993196725845337),
            ["LeftLowerLeg"] = CFrame.new(2.6193447411060333e-08, 1.1920928955078125e-07, 4.936009645462036e-08, 0.9999033808708191, 0.0038920221850275993, 0.013349737040698528, -0.007034786976873875, 0.9696992635726929, 0.2442004233598709, -0.011994786560535431, -0.24427072703838348, 0.9696329236030579),
        }},
        {Time = 0.061, Data = {
            ["RightFoot"] = CFrame.new(3.725290298461914e-09, 5.960464477539063e-08, 3.26617737300694e-08, 0.9798346161842346, -0.07686753571033478, -0.1844334453344345, -0.0036899233236908913, 0.9159224033355713, -0.4013383090496063, 0.19977664947509766, 0.39392581582069397, 0.8971688747406006),
            ["LeftLowerArm"] = CFrame.new(-5.960464477539063e-08, -2.980232238769531e-07, 2.9802322387695312e-08, 1, -4.0978189730367376e-08, 1.4901162970204496e-08, 4.330649616690607e-08, 0.8585735559463501, -0.5126904845237732, 1.3737006199221469e-08, 0.5126904845237732, 0.8585736155509949),
            ["RightUpperArm"] = CFrame.new(1.1920928955078125e-07, 1.1920928955078125e-07, -4.470348358154297e-08, 0.9807236790657043, 0.08483680337667465, -0.1760224550962448, -0.10437212139368057, 0.9889953136444092, -0.10485608875751495, 0.165189728140831, 0.12120668590068817, 0.9787856340408325),
            ["Head"] = CFrame.new(-2.421438694000244e-08, 2.384185791015625e-07, 1.862645149230957e-09, 0.9775415062904358, -0.20357441902160645, 0.05449981242418289, 0.21050991117954254, 0.9554100632667542, -0.20706848800182343, -0.009915797039866447, 0.21389077603816986, 0.9768072962760925),
            ["RightHand"] = CFrame.new(3.3155083656311035e-07, -1.1920928955078125e-07, -2.537854015827179e-07, 0.9133942127227783, 0.07590567320585251, 0.3999367654323578, -0.010530025698244572, 0.9865384101867676, -0.1631903350353241, -0.4069400727748871, 0.14484569430351257, 0.9018977880477905),
            ["UpperTorso"] = CFrame.new(-1.7113052308559418e-08, -2.384185791015625e-07, 5.471520125865936e-09, 0.9823914170265198, -0.0873103216290474, 0.1651790291070938, 0.05898977816104889, 0.983816921710968, 0.16918793320655823, -0.1772778034210205, -0.15646491944789886, 0.9716436266899109),
            ["HumanoidRootPart"] = CFrame.new(0, 0, 0, 1, 0, 0, 0, 1, 0, 0, 0, 1),
            ["RightUpperLeg"] = CFrame.new(-2.9802322387695312e-08, -1.0244548320770264e-07, 3.183231456205249e-08, 0.9971375465393066, -0.06280388683080673, -0.042101651430130005, 0.05265951529145241, 0.9764205813407898, -0.20935595035552979, 0.054257284849882126, 0.206539586186409, 0.9769327640533447),
            ["LeftUpperArm"] = CFrame.new(5.960464477539063e-08, 0, -2.9802322387695312e-08, 0.9864226579666138, -0.1642160415649414, -0.0019090467831119895, 0.16364389657974243, 0.9838317632675171, -0.07277274131774902, 0.013828642666339874, 0.07147225737571716, 0.997346818447113),
            ["RightLowerArm"] = CFrame.new(1.1920928955078125e-07, 2.384185791015625e-07, 2.7194619178771973e-07, 1, -1.1175870895385742e-08, -1.0011714124402715e-08, 2.735760418204336e-08, 0.9320558905601501, -0.36231473088264465, 1.862645371275562e-09, 0.36231479048728943, 0.9320558309555054),
            ["LeftHand"] = CFrame.new(-2.9802322387695312e-08, -5.960464477539062e-07, 1.1920928955078125e-07, 0.4126594066619873, -0.02610030025243759, -0.9105113744735718, 0.006408361252397299, 0.9996479153633118, -0.025751104578375816, 0.910862922668457, 0.004791497252881527, 0.412681519985199),
            ["LeftFoot"] = CFrame.new(3.3527612686157227e-08, -1.1920928955078125e-07, 1.4901161193847656e-08, 0.9999896287918091, 0.0011315190931782126, -0.004424531012773514, -0.0021037315018475056, 0.9740398526191711, -0.22636699676513672, 0.004053535405546427, 0.22637395560741425, 0.9740321040153503),
            ["LowerTorso"] = CFrame.new(-0.03218322992324829, -0.07045555114746094, -0.0027430057525634766, 0.9886406064033508, 0.14132636785507202, 0.05115377902984619, -0.13693125545978546, 0.9872540831565857, -0.08111291378736496, -0.06196516379714012, 0.073186956346035, 0.9953914880752563),
            ["RightLowerLeg"] = CFrame.new(-4.272442311048508e-08, -5.960464477539063e-08, 4.593312041833997e-08, 0.9991616606712341, 0.0016311334911733866, -0.040907084941864014, 0.02278214693069458, 0.8080468773841858, 0.5886774063110352, 0.03401505947113037, -0.5891158580780029, 0.8073323369026184),
            ["LeftUpperLeg"] = CFrame.new(0, -1.0454095900058746e-07, 1.30385160446167e-08, 0.9835600256919861, -0.18025921285152435, 0.010787936858832836, 0.1804555058479309, 0.983350396156311, -0.021399924531579018, -0.006750799715518951, 0.02299485169351101, 0.9997128248214722),
            ["LeftLowerLeg"] = CFrame.new(1.816079020500183e-08, 1.7881393432617188e-07, 1.4901161193847656e-08, 0.9998595714569092, 0.00864611379802227, 0.014356857165694237, -0.012485012412071228, 0.9557490348815918, 0.2939184010028839, -0.011180290952324867, -0.29405635595321655, 0.9557227492332458),
        }},
        {Time = 0.091, Data = {
            ["RightFoot"] = CFrame.new(-2.0489096641540527e-08, -1.7881393432617188e-07, 3.196328179910779e-08, 0.9720227122306824, -0.08446580916643143, -0.21917428076267242, -0.012546949088573456, 0.9131022095680237, -0.4075377583503723, 0.23455148935317993, 0.3988860249519348, 0.8864962458610535),
            ["LeftLowerArm"] = CFrame.new(2.384185791015625e-07, 0, 1.4156103134155273e-07, 1, -4.9127258705539134e-08, -1.4901161193847656e-08, 4.9360089349193004e-08, 0.8709667325019836, -0.49134203791618347, 4.6566123179658803e-10, 0.4913420081138611, 0.8709667921066284),
            ["RightUpperArm"] = CFrame.new(1.1920928955078125e-07, 1.1920928955078125e-07, -5.960464477539063e-08, 0.9913911819458008, 0.11137180030345917, -0.06884711980819702, -0.12705856561660767, 0.9452949166297913, -0.30045586824417114, 0.031618550419807434, 0.3066169023513794, 0.9513077139854431),
            ["Head"] = CFrame.new(2.2351741790771484e-08, -3.5762786865234375e-07, -1.7508864402770996e-07, 0.9777548909187317, -0.20111443102359772, 0.059568725526332855, 0.20974841713905334, 0.9388653039932251, -0.2730160355567932, -0.0010195914655923843, 0.2794371545314789, 0.9601634740829468),
            ["RightHand"] = CFrame.new(0, -2.384185791015625e-07, 3.46451997756958e-07, 0.9269667267799377, 0.1397327184677124, 0.34814879298210144, -0.06269606202840805, 0.9726929664611816, -0.22346749901771545, -0.36986762285232544, 0.18531936407089233, 0.9104146957397461),
            ["UpperTorso"] = CFrame.new(-5.21540641784668e-08, 3.5762786865234375e-07, -2.0256265997886658e-08, 0.9812654852867126, -0.09437289834022522, 0.1679638773202896, 0.06447149813175201, 0.9823976755142212, 0.1753237098455429, -0.18155311048030853, -0.16121020913124084, 0.9700772166252136),
            ["HumanoidRootPart"] = CFrame.new(0, 0, 0, 1, 0, 0, 0, 1, 0, 0, 0, 1),
            ["RightUpperLeg"] = CFrame.new(-5.960464477539063e-08, 1.436783350072801e-07, -4.0236045606434345e-09, 0.9937449097633362, -0.09444542974233627, -0.059592582285404205, 0.0719379186630249, 0.9495432376861572, -0.3052745461463928, 0.08541750907897949, 0.2990780770778656, 0.9503979682922363),
            ["LeftUpperArm"] = CFrame.new(1.7881393432617188e-07, -2.384185791015625e-07, -1.2665987014770508e-07, 0.9797641038894653, -0.19341234862804413, -0.05151711404323578, 0.1855558156967163, 0.9741945266723633, -0.12850697338581085, 0.07504250854253769, 0.11634722352027893, 0.9903696179389954),
            ["RightLowerArm"] = CFrame.new(1.4901161193847656e-07, -2.384185791015625e-07, 1.6391277313232422e-07, 1, -1.4901164746561335e-08, -2.2351736461700966e-08, 2.6077039194660756e-08, 0.9382816553115845, -0.3458721935749054, -1.1175873559921001e-08, 0.34587231278419495, 0.9382815957069397),
            ["LeftHand"] = CFrame.new(-7.450580596923828e-08, -5.960464477539062e-07, 7.450580596923828e-08, 0.24605557322502136, 0.013860488310456276, -0.9691566824913025, 0.015042604878544807, 0.9997227787971497, 0.018116697669029236, 0.969139039516449, -0.019036374986171722, 0.2457788586616516),
            ["LeftFoot"] = CFrame.new(-5.3551048040390015e-09, -5.960464477539063e-08, 1.862645149230957e-08, 0.9999433755874634, -0.002725514816120267, -0.010296294465661049, 0.00016736710676923394, 0.9706061482429504, -0.24067330360412598, 0.010649602860212326, 0.24065792560577393, 0.9705516695976257),
            ["LowerTorso"] = CFrame.new(-0.022181404754519463, -0.08789563179016113, 0.03211330249905586, 0.9857353568077087, 0.14966781437397003, 0.07697699218988419, -0.14543244242668152, 0.9876671433448792, -0.05799243226647377, -0.08470723778009415, 0.045970238745212555, 0.995344877243042),
            ["RightLowerLeg"] = CFrame.new(6.530899554491043e-08, -5.960464477539063e-08, -8.491770131513476e-08, 0.9969271421432495, 0.040587179362773895, -0.06700043380260468, 0.013781752437353134, 0.7510901689529419, 0.6600556969642639, 0.07711317390203476, -0.658950924873352, 0.7482227683067322),
            ["LeftUpperLeg"] = CFrame.new(-8.940696716308594e-08, 1.6111880540847778e-07, -5.587935447692871e-09, 0.9839459657669067, -0.17748413980007172, 0.01870548166334629, 0.1784660965204239, 0.9781624674797058, -0.10652723163366318, 0.0006098882877267897, 0.10815532505512238, 0.9941338300704956),
            ["LeftLowerLeg"] = CFrame.new(1.0244548320770264e-08, -2.384185791015625e-07, 8.009374141693115e-08, 0.9998924732208252, 0.005397115368396044, 0.013636121526360512, -0.009986254386603832, 0.9315130114555359, 0.36357107758522034, -0.010739977471530437, -0.3636681139469147, 0.9314666390419006),
        }},
        {Time = 0.121, Data = {
            ["RightFoot"] = CFrame.new(2.1886080503463745e-08, 5.960464477539063e-08, 9.762152330949903e-08, 0.9631059169769287, -0.09077757596969604, -0.2533503770828247, -0.02213047817349434, 0.9114912748336792, -0.41072341799736023, 0.2682112157344818, 0.4011770486831665, 0.8758538365364075),
            ["LeftLowerArm"] = CFrame.new(-1.7881393432617188e-07, -5.960464477539063e-08, 1.4901161193847656e-08, 1, -2.9802318834981634e-08, 0, 5.494803900774059e-08, 0.9106559157371521, -0.41316577792167664, 1.3969840395589017e-08, 0.4131656885147095, 0.9106558561325073),
            ["RightUpperArm"] = CFrame.new(1.1920928955078125e-07, 1.1920928955078125e-07, -1.4901161193847656e-08, 0.9765615463256836, 0.1726047843694687, 0.12858931720256805, -0.07690197229385376, 0.837795078754425, -0.5405418872833252, -0.20103150606155396, 0.517983615398407, 0.8314321041107178),
            ["Head"] = CFrame.new(7.078051567077637e-08, 2.384185791015625e-07, 4.470348358154297e-08, 0.9795024394989014, -0.19357292354106903, 0.05571974813938141, 0.20103086531162262, 0.9219382405281067, -0.33108383417129517, 0.012718712911009789, 0.33549878001213074, 0.9419548511505127),
            ["RightHand"] = CFrame.new(1.1920928955078125e-07, -2.384185791015625e-07, -8.195638656616211e-08, 0.9343647956848145, 0.20701740682125092, 0.2900109589099884, -0.1175408884882927, 0.9474266767501831, -0.2976016104221344, -0.33637285232543945, 0.24398040771484375, 0.9095752239227295),
            ["UpperTorso"] = CFrame.new(-2.468004822731018e-08, -1.7881393432617188e-07, -3.4924596548080444e-09, 0.9791533350944519, -0.10350067168474197, 0.17477545142173767, 0.07094812393188477, 0.9805163145065308, 0.1831779032945633, -0.19032923877239227, -0.1669592410326004, 0.9674190282821655),
            ["HumanoidRootPart"] = CFrame.new(0, 0, 0, 1, 0, 0, 0, 1, 0, 0, 0, 1),
            ["RightUpperLeg"] = CFrame.new(-8.940696716308594e-08, 8.783536031842232e-08, 1.2973032426089048e-08, 0.9890114068984985, -0.12755638360977173, -0.07473912835121155, 0.0883336141705513, 0.9152355790138245, -0.39311710000038147, 0.11854849010705948, 0.38219529390335083, 0.9164459705352783),
            ["LeftUpperArm"] = CFrame.new(-5.960464477539063e-08, 1.1920928955078125e-07, 2.2351741790771484e-08, 0.9639320969581604, -0.23845675587654114, -0.11820892989635468, 0.21117910742759705, 0.9555816650390625, -0.2055899053812027, 0.16198258101940155, 0.1732114851474762, 0.9714729189872742),
            ["RightLowerArm"] = CFrame.new(-2.980232238769531e-07, 0, 5.960464477539063e-08, 1, -3.725290653733282e-08, 3.725290653733282e-08, 2.980232594040899e-08, 0.9479833245277405, -0.31832027435302734, 3.725290653733282e-08, 0.31832024455070496, 0.9479833245277405),
            ["LeftHand"] = CFrame.new(1.1175870895385742e-08, -2.980232238769531e-07, 4.470348358154297e-08, -0.15882393717765808, 0.06924807280302048, -0.9848754405975342, 0.04612051323056221, 0.996968686580658, 0.062660813331604, 0.9862291216850281, -0.03547089174389839, -0.16153623163700104),
            ["LeftFoot"] = CFrame.new(1.6065314412117004e-08, 1.7881393432617188e-07, 2.60770320892334e-08, 0.9999295473098755, -0.0045755840837955475, -0.010960112325847149, 0.0016949217533692718, 0.9683409929275513, -0.2496255338191986, 0.01175530906766653, 0.24958933889865875, 0.9682804942131042),
            ["LowerTorso"] = CFrame.new(0.0007781982421875, -0.09739494323730469, 0.06916642189025879, 0.984283983707428, 0.15198470652103424, 0.08992087841033936, -0.14925551414489746, 0.9881294965744019, -0.03637370094656944, -0.09438171982765198, 0.02238086238503456, 0.9952844977378845),
            ["RightLowerLeg"] = CFrame.new(-4.563480615615845e-08, -2.384185791015625e-07, 9.575887816026807e-08, 0.9907668232917786, 0.10331470519304276, -0.0877905935049057, -0.007574308663606644, 0.6887015700340271, 0.7250053882598877, 0.13536524772644043, -0.7176462411880493, 0.6831253170967102),
            ["LeftUpperLeg"] = CFrame.new(-2.9802322387695312e-08, -2.9779039323329926e-07, 9.080395102500916e-09, 0.986007034778595, -0.1647956669330597, 0.02515200898051262, 0.16657797992229462, 0.9681158661842346, -0.18709255754947662, 0.006481984630227089, 0.18866439163684845, 0.9820203185081482),
            ["LeftLowerLeg"] = CFrame.new(4.6566128730773926e-08, -1.7881393432617188e-07, -1.6763806343078613e-08, 0.9999321699142456, -0.0038958932273089886, 0.010983171872794628, -0.0011793203884735703, 0.9037977457046509, 0.4279581904411316, -0.011593841947615147, -0.4279419779777527, 0.9037317633628845),
        }},
        {Time = 0.152, Data = {
            ["RightFoot"] = CFrame.new(-1.3504177331924438e-08, -1.1920928955078125e-07, 9.669020073488355e-08, 0.9555679559707642, -0.09263419359922409, -0.2798369824886322, -0.03219204396009445, 0.9108638763427734, -0.41144949197769165, 0.2930077016353607, 0.40217652916908264, 0.8674103617668152),
            ["LeftLowerArm"] = CFrame.new(0, -2.384185791015625e-07, -5.029141902923584e-08, 1, -9.313224857976365e-09, 1.1175872671742582e-08, 1.3504179108281278e-08, 0.9647249579429626, -0.26326000690460205, 9.313226634333205e-09, 0.26326003670692444, 0.9647249579429626),
            ["RightUpperArm"] = CFrame.new(0, 1.1920928955078125e-07, -4.470348358154297e-08, 0.8917953372001648, 0.2504287362098694, 0.37681105732917786, 0.11676912009716034, 0.6772318482398987, -0.7264449000358582, -0.43711116909980774, 0.6918399930000305, 0.5747097730636597),
            ["Head"] = CFrame.new(-3.725290298461914e-09, -1.1920928955078125e-07, -1.862645149230957e-08, 0.988125741481781, -0.1504051238298416, 0.031397148966789246, 0.15142816305160522, 0.918700098991394, -0.3647734224796295, 0.026019200682640076, 0.3651964068412781, 0.9305668473243713),
            ["RightHand"] = CFrame.new(1.5390105545520782e-07, 1.7881393432617188e-07, 3.129243850708008e-07, 0.9365445971488953, 0.26472264528274536, 0.22979635000228882, -0.1681062877178192, 0.9144008755683899, -0.3682546019554138, -0.3076113164424896, 0.30625656247138977, 0.9008786678314209),
            ["UpperTorso"] = CFrame.new(-5.960464477539063e-08, 1.7881393432617188e-07, 2.7939677238464355e-09, 0.9770090579986572, -0.1117815300822258, 0.18154411017894745, 0.0764765813946724, 0.9786093831062317, 0.1909845769405365, -0.19900935888290405, -0.17270974814891815, 0.9646588563919067),
            ["HumanoidRootPart"] = CFrame.new(0, 0, 0, 1, 0, 0, 0, 1, 0, 0, 0, 1),
            ["RightUpperLeg"] = CFrame.new(-5.960464477539063e-08, 3.841705620288849e-09, 1.5068508218973875e-08, 0.9840054512023926, -0.15602098405361176, -0.08597013354301453, 0.10217510163784027, 0.8896474242210388, -0.445070743560791, 0.14592348039150238, 0.4291679859161377, 0.8913592100143433),
            ["LeftUpperArm"] = CFrame.new(-5.960464477539063e-08, -1.1920928955078125e-07, -6.705522537231445e-08, 0.9381455779075623, -0.28981927037239075, -0.18944084644317627, 0.22804702818393707, 0.9289050102233887, -0.291770875453949, 0.26053330302238464, 0.23052212595939636, 0.9375404119491577),
            ["RightLowerArm"] = CFrame.new(-1.7881393432617188e-07, -3.5762786865234375e-07, 2.086162567138672e-07, 1, -1.2048985809087753e-08, -5.122272828117502e-09, 2.1886082279820585e-08, 0.9563310146331787, -0.2922859191894531, -6.606570224221286e-08, 0.2922859191894531, 0.9563310742378235),
            ["LeftHand"] = CFrame.new(3.166496753692627e-08, -2.384185791015625e-07, 9.685754776000977e-08, -0.5357405543327332, 0.11861602216959, -0.8360098004341125, 0.08594663441181183, 0.9926022291183472, 0.08575663715600967, 0.8399971127510071, -0.025908853858709335, -0.5419719219207764),
            ["LeftFoot"] = CFrame.new(1.1641532182693481e-09, 2.384185791015625e-07, 2.60770320892334e-08, 0.9999091029167175, -0.006967348046600819, -0.011549322865903378, 0.003802101593464613, 0.9671278595924377, -0.25426238775253296, 0.012941206805408001, 0.25419536232948303, 0.9670664072036743),
            ["LowerTorso"] = CFrame.new(0.027650780975818634, -0.09738659858703613, 0.09412014484405518, 0.9862931966781616, 0.14602786302566528, 0.07682257145643234, -0.14445184171199799, 0.9891776442527771, -0.025716891512274742, -0.0797465443611145, 0.014267231337726116, 0.9967131614685059),
            ["RightLowerLeg"] = CFrame.new(1.862645149230957e-08, 1.7881393432617188e-07, -6.722257239744067e-08, 0.9832829833030701, 0.1479826420545578, -0.10609359294176102, -0.01503484696149826, 0.6466569304466248, 0.7626328468322754, 0.18146257102489471, -0.7482887506484985, 0.638071596622467),
            ["LeftUpperLeg"] = CFrame.new(5.960464477539063e-08, 5.506444722414017e-08, 2.7939677238464355e-08, 0.9899661540985107, -0.13882771134376526, 0.0263455118983984, 0.14112147688865662, 0.9618330001831055, -0.23443980515003204, 0.00720674404874444, 0.23580534756183624, 0.971773624420166),
            ["LeftLowerLeg"] = CFrame.new(6.798654794692993e-08, -4.172325134277344e-07, 7.636845111846924e-08, 0.999817430973053, -0.01772041618824005, 0.007156202103942633, 0.012345033697783947, 0.8847097754478455, 0.46597883105278015, -0.014588508754968643, -0.46580541133880615, 0.8847669959068298),
        }},
        {Time = 0.182, Data = {
            ["RightFoot"] = CFrame.new(5.494803190231323e-08, -1.1920928955078125e-07, -1.5068508218973875e-08, 0.9525377750396729, -0.08695090562105179, -0.2917385995388031, -0.04255407303571701, 0.91089928150177, -0.41042858362197876, 0.3014315962791443, 0.4033634662628174, 0.8639658689498901),
            ["LeftLowerArm"] = CFrame.new(-2.9802322387695312e-08, 1.1920928955078125e-07, -1.0663643479347229e-07, 1, 3.725290298461914e-09, 6.519258910486769e-09, 1.4901161193847656e-08, 0.9955911636352539, -0.09379955381155014, 5.122274160385132e-09, 0.09379961341619492, 0.9955911040306091),
            ["RightUpperArm"] = CFrame.new(-5.960464477539063e-08, -3.5762786865234375e-07, -8.940696716308594e-08, 0.7278313636779785, 0.29397517442703247, 0.6195483803749084, 0.43753519654273987, 0.49659264087677, -0.749639093875885, -0.5280383825302124, 0.8166850209236145, 0.23281113803386688),
            ["Head"] = CFrame.new(3.725290298461914e-08, 2.384185791015625e-07, -3.3527612686157227e-08, 0.9972851276397705, -0.07285662740468979, -0.010690062306821346, 0.06352100521326065, 0.9246058464050293, -0.37559181451797485, 0.0372483991086483, 0.3738930821418762, 0.9267236590385437),
            ["RightHand"] = CFrame.new(9.685754776000977e-08, 5.960464477539063e-08, 3.557652235031128e-07, 0.936476469039917, 0.3045423626899719, 0.17397081851959229, -0.20812930166721344, 0.8817846775054932, -0.4232468903064728, -0.28230130672454834, 0.36015230417251587, 0.889154851436615),
            ["UpperTorso"] = CFrame.new(-2.9802322387695312e-08, 3.2782554626464844e-07, -2.2351741790771484e-08, 0.9757784008979797, -0.11796489357948303, 0.18423031270503998, 0.08101101219654083, 0.9771326184272766, 0.19659386575222015, -0.20320862531661987, -0.17690733075141907, 0.9630213975906372),
            ["HumanoidRootPart"] = CFrame.new(0, 0, 0, 1, 0, 0, 0, 1, 0, 0, 0, 1),
            ["RightUpperLeg"] = CFrame.new(-5.960464477539063e-08, 3.0908267945051193e-07, -1.6952981241047382e-09, 0.9779235124588013, -0.19088570773601532, -0.08501983433961868, 0.13094405829906464, 0.8768623471260071, -0.46256494522094727, 0.16284769773483276, 0.4412202835083008, 0.8824994564056396),
            ["LeftUpperArm"] = CFrame.new(5.960464477539063e-08, -1.1920928955078125e-07, 3.725290298461914e-08, 0.9102474451065063, -0.3258240818977356, -0.25551581382751465, 0.21924781799316406, 0.9027481079101562, -0.37010326981544495, 0.351254940032959, 0.28086423873901367, 0.8931602835655212),
            ["RightLowerArm"] = CFrame.new(6.556510925292969e-07, 1.1920928955078125e-07, 4.917383193969727e-07, 1, 7.450582373280668e-09, 2.4214383387288763e-08, 7.450581307466564e-08, 0.9590993523597717, -0.2830698788166046, -2.980232594040899e-08, 0.2830698788166046, 0.959099292755127),
            ["LeftHand"] = CFrame.new(2.4586915969848633e-07, -3.5762786865234375e-07, 1.755543053150177e-07, -0.6739423274993896, 0.13922536373138428, -0.7255467176437378, 0.10144416987895966, 0.9902194142341614, 0.09578441828489304, 0.7317860722541809, -0.00904933176934719, -0.6814743876457214),
            ["LeftFoot"] = CFrame.new(-9.836276149144396e-08, 3.5762786865234375e-07, -6.891787052154541e-08, 0.9997743368148804, -0.01252747606486082, -0.017160195857286453, 0.007726041600108147, 0.966745138168335, -0.2556251883506775, 0.019791876897215843, 0.25543493032455444, 0.9666237235069275),
            ["LowerTorso"] = CFrame.new(0.05548769235610962, -0.0973285436630249, 0.10859793424606323, 0.9883044362068176, 0.13882847130298615, 0.06309610605239868, -0.13761980831623077, 0.9902149438858032, -0.023135509341955185, -0.06569056957960129, 0.014181653037667274, 0.9977392554283142),
            ["RightLowerLeg"] = CFrame.new(-4.936009645462036e-08, -5.960464477539063e-08, 6.129994289949536e-08, 0.9797983169555664, 0.1636437326669693, -0.11496098339557648, -0.014838973060250282, 0.6327422857284546, 0.7742202877998352, 0.1994369626045227, -0.7568737864494324, 0.6223881244659424),
            ["LeftUpperLeg"] = CFrame.new(-5.960464477539063e-08, 2.246815711259842e-08, -5.587935447692871e-09, 0.9934318661689758, -0.111851766705513, 0.024130892008543015, 0.11433105170726776, 0.9617403149604797, -0.24896594882011414, 0.004639629274606705, 0.2500896155834198, 0.9682115912437439),
            ["LeftLowerLeg"] = CFrame.new(7.543712854385376e-08, -1.7881393432617188e-07, 1.862645149230957e-08, 0.9996681809425354, -0.025253649801015854, 0.005081336013972759, 0.01975972019135952, 0.8783068060874939, 0.4776889681816101, -0.016526348888874054, -0.4774300158023834, 0.8785143494606018),
        }},
        {Time = 0.212, Data = {
            ["RightFoot"] = CFrame.new(4.7497451305389404e-08, -5.960464477539063e-08, -5.75528247281909e-09, 0.9576377272605896, -0.036772552877664566, -0.2856181561946869, -0.08370949327945709, 0.9134409427642822, -0.3982691466808319, 0.27554062008857727, 0.4053066670894623, 0.8716673254966736),
            ["LeftLowerArm"] = CFrame.new(-1.4901161193847656e-07, 1.7881393432617188e-07, 1.862645149230957e-08, 1, 0, -1.1175872671742582e-08, -1.1175870895385742e-08, 0.9994524121284485, 0.033089350908994675, 7.450580596923828e-09, -0.03308933973312378, 0.9994524121284485),
            ["RightUpperArm"] = CFrame.new(0, -3.5762786865234375e-07, -1.9371509552001953e-07, 0.5169763565063477, 0.2775701582431793, 0.8097469806671143, 0.7500056624412537, 0.30906954407691956, -0.5847798585891724, -0.4125855565071106, 0.9096323251724243, -0.0483974814414978),
            ["Head"] = CFrame.new(1.1886004358530045e-07, 0.0000010728836059570312, 1.4901161193847656e-08, 0.9985129237174988, 0.002866816008463502, -0.054441846907138824, -0.020878829061985016, 0.9425891637802124, -0.333301305770874, 0.05036075413227081, 0.3339422643184662, 0.9412472248077393),
            ["RightHand"] = CFrame.new(-1.6763806343078613e-08, -2.384185791015625e-07, -2.738088369369507e-07, 0.9376293420791626, 0.3236212134361267, 0.1269669085741043, -0.23429612815380096, 0.8580936193466187, -0.45692533254623413, -0.2568202614784241, 0.39867866039276123, 0.8803969621658325),
            ["UpperTorso"] = CFrame.new(1.862645149230957e-09, -3.5762786865234375e-07, -7.450580596923828e-09, 0.975557804107666, -0.12165168672800064, 0.18299686908721924, 0.08445543795824051, 0.9763854146003723, 0.19884362816810608, -0.2028651088476181, -0.17852835357189178, 0.9627946615219116),
            ["HumanoidRootPart"] = CFrame.new(0, 0, 0, 1, 0, 0, 0, 1, 0, 0, 0, 1),
            ["RightUpperLeg"] = CFrame.new(-2.9802322387695312e-08, -1.3317912817001343e-07, 1.3205863069742918e-08, 0.9667653441429138, -0.24514715373516083, -0.0725797489285469, 0.1868283748626709, 0.8711932897567749, -0.454001784324646, 0.17452818155288696, 0.42535310983657837, 0.8880398869514465),
            ["LeftUpperArm"] = CFrame.new(0, -3.5762786865234375e-07, -1.4901161193847656e-07, 0.889391303062439, -0.3385198414325714, -0.3072254955768585, 0.19041487574577332, 0.8853015899658203, -0.4242446720600128, 0.41560232639312744, 0.31881922483444214, 0.8518385887145996),
            ["RightLowerArm"] = CFrame.new(1.1920928955078125e-07, -5.960464477539063e-08, 1.6391277313232422e-07, 1, 1.4901162970204496e-08, 0, 4.4703490686970326e-08, 0.948351263999939, -0.3172222673892975, 7.450581485102248e-09, 0.31722235679626465, 0.9483512043952942),
            ["LeftHand"] = CFrame.new(2.2351741790771484e-07, -5.960464477539063e-08, 2.2351741790771484e-08, -0.6738775372505188, 0.13554269075393677, -0.7263038158416748, 0.08878320455551147, 0.9907609224319458, 0.10252094268798828, 0.7334893345832825, 0.004603000823408365, -0.6796854138374329),
            ["LeftFoot"] = CFrame.new(-1.3969838619232178e-07, 2.980232238769531e-07, -2.421438694000244e-08, 0.9991559982299805, -0.023398175835609436, -0.03376181796193123, 0.014693100936710835, 0.9711092114448547, -0.23818284273147583, 0.03835945576429367, 0.23748573660850525, 0.9706333875656128),
            ["LowerTorso"] = CFrame.new(0.08332963287830353, -0.09229016304016113, 0.11715573817491531, 0.9881237745285034, 0.13743028044700623, 0.06873438507318497, -0.13612861931324005, 0.9904172420501709, -0.023298300802707672, -0.07127761095762253, 0.01366488914936781, 0.9973629117012024),
            ["RightLowerLeg"] = CFrame.new(2.9802322387695312e-08, 1.1920928955078125e-07, -1.3614044291898608e-07, 0.979995846748352, 0.1619316190481186, -0.11569947004318237, -0.016332393512129784, 0.6448270082473755, 0.7641541361808777, 0.19834685325622559, -0.746978223323822, 0.634572446346283),
            ["LeftUpperLeg"] = CFrame.new(2.9802322387695312e-08, -2.814922481775284e-07, -1.862645149230957e-09, 0.995195209980011, -0.09539380669593811, 0.022059908136725426, 0.09788331389427185, 0.9639472365379333, -0.24743635952472687, 0.0023393116425722837, 0.248406782746315, 0.9686530232429504),
            ["LeftLowerLeg"] = CFrame.new(-2.2817403078079224e-08, 1.7881393432617188e-07, 1.6763806343078613e-08, 0.9997366070747375, -0.02204693853855133, 0.00638959277421236, 0.01655896008014679, 0.8854708671569824, 0.4643999934196472, -0.0158963892608881, -0.46417179703712463, 0.8856025338172913),
        }},
        {Time = 0.242, Data = {
            ["RightFoot"] = CFrame.new(6.58910721540451e-08, -1.1920928955078125e-07, -6.349728209897876e-08, 0.9629054069519043, 0.06171240657567978, -0.2626875936985016, -0.1600855141878128, 0.914320170879364, -0.3720095753669739, 0.21722295880317688, 0.40026262402534485, 0.8902831077575684),
            ["LeftLowerArm"] = CFrame.new(1.1920928955078125e-07, 1.1920928955078125e-07, 8.568167686462402e-08, 1, 2.421438694000244e-08, 1.4901164746561335e-08, -1.862645326866641e-08, 0.9963338375091553, 0.0855506956577301, -3.725290742551124e-09, -0.08555075526237488, 0.9963338375091553),
            ["RightUpperArm"] = CFrame.new(-1.1920928955078125e-07, -2.384185791015625e-07, -1.043081283569336e-07, 0.30299994349479675, 0.1929759383201599, 0.9332477450370789, 0.9383998513221741, 0.11028961837291718, -0.32747822999954224, -0.1661228984594345, 0.9749854207038879, -0.14767074584960938),
            ["Head"] = CFrame.new(9.872019290924072e-08, -3.5762786865234375e-07, -7.82310962677002e-08, 0.9946046471595764, 0.06996670365333557, -0.07659183442592621, -0.08715936541557312, 0.9639980792999268, -0.2512192726135254, 0.05625741183757782, 0.256539523601532, 0.9648951888084412),
            ["RightHand"] = CFrame.new(-2.1792948246002197e-07, 1.7881393432617188e-07, 3.8929283618927e-07, 0.941453754901886, 0.3267287015914917, 0.08314522355794907, -0.25123298168182373, 0.8443465828895569, -0.4732450842857361, -0.2248261421918869, 0.4246493875980377, 0.8769983649253845),
            ["UpperTorso"] = CFrame.new(-1.5832483768463135e-08, -2.086162567138672e-07, -2.0489096641540527e-08, 0.9759535789489746, -0.12274448573589325, 0.18013440072536469, 0.0860171914100647, 0.9761877655982971, 0.19914494454860687, -0.20028890669345856, -0.17886154353618622, 0.9632720351219177),
            ["HumanoidRootPart"] = CFrame.new(0, 0, 0, 1, 0, 0, 0, 1, 0, 0, 0, 1),
            ["RightUpperLeg"] = CFrame.new(-5.960464477539063e-08, 1.2118835002183914e-07, -1.287116901949048e-08, 0.9480346441268921, -0.31252744793891907, -0.05964097008109093, 0.26006489992141724, 0.8691619038581848, -0.42062342166900635, 0.18329402804374695, 0.3832550346851349, 0.9052728414535522),
            ["LeftUpperArm"] = CFrame.new(0, -1.1920928955078125e-07, -8.940696716308594e-08, 0.8814952373504639, -0.3388952910900116, -0.32881057262420654, 0.17251761257648468, 0.8793504238128662, -0.44382500648498535, 0.4395498037338257, 0.3345039188861847, 0.8336084485054016),
            ["RightLowerArm"] = CFrame.new(-8.940696716308594e-08, 0, 1.4901161193847656e-07, 1, -3.725290653733282e-08, 0, 3.72529100900465e-08, 0.9172012805938721, -0.398424357175827, 2.980232949312267e-08, 0.398424357175827, 0.9172012805938721),
            ["LeftHand"] = CFrame.new(2.3096799850463867e-07, -1.1920928955078125e-07, -3.725290298461914e-08, -0.6681445837020874, 0.11906196177005768, -0.7344434261322021, 0.06515853106975555, 0.9926841855049133, 0.1016492173075676, 0.7411728501319885, 0.020061170682311058, -0.6710143685340881),
