return {
    ["Evil Plan (Just Go!)"] = {
        {Time = 0.000, Data = {
            ["LeftFoot"] = CFrame.new(-3.725290298461914e-09, -5.960464477539063e-08, 1.1175870895385742e-08, 0.9915952086448669, 0.1264401525259018, 0.027420157566666603, -0.09508968889713287, 0.8559502363204956, -0.508239209651947, -0.08773215115070343, 0.5013603568077087, 0.8607794046401978),
            ["LeftLowerArm"] = CFrame.new(-2.086162567138672e-07, 2.980232238769531e-07, -1.6298145055770874e-08, 1, -8.940695295223122e-08, 1.0430809993522416e-07, 4.470347647611561e-08, -0.27313032746315, -0.9619770050048828, 1.0430811414607888e-07, 0.9619771242141724, -0.27313047647476196),
            ["LowerTorso"] = CFrame.new(-0.17036238312721252, -0.06710243225097656, 0.0215509831905365, 0.9566068053245544, -0.21840651333332062, -0.1928786337375641, 0.1702357977628708, 0.9561363458633423, -0.23837624490261078, 0.2364811897277832, 0.19519749283790588, 0.9518269896507263),
            ["Head"] = CFrame.new(2.1886080503463745e-08, -1.1920928955078125e-07, 7.450580596923828e-09, 0.9672955870628357, -0.13857401907444, 0.2124534696340561, 0.14569853246212006, 0.9891620874404907, -0.0181751511991024, -0.20763228833675385, 0.04853498190641403, 0.9770022034645081),
            ["RightUpperArm"] = CFrame.new(1.1920928955078125e-07, 3.5762786865234375e-07, 8.940696716308594e-08, 0.9708464741706848, -0.00368916941806674, 0.23967412114143372, 0.14712834358215332, 0.7985427975654602, -0.5836804509162903, -0.18923678994178772, 0.6019267439842224, 0.7758051156997681),
            ["UpperTorso"] = CFrame.new(3.3527612686157227e-08, 5.960464477539063e-08, 3.3527612686157227e-08, 0.9629303812980652, 0.2646721601486206, -0.052093274891376495, -0.2298072874546051, 0.906031608581543, 0.35538071393966675, 0.14125744998455048, -0.33023545145988464, 0.9332689642906189),
            ["HumanoidRootPart"] = CFrame.new(0, 0, 0, 1, 0, 0, 0, 1, 0, 0, 0, 1),
            ["RightHand"] = CFrame.new(1.6391277313232422e-07, 2.980232238769531e-07, -4.470348358154297e-08, 0.8187093138694763, -0.4545944631099701, 0.35079753398895264, 0.5711009502410889, 0.7081262469291687, -0.4152124226093292, -0.059655800461769104, 0.5402787327766418, 0.8393687009811401),
            ["LeftUpperArm"] = CFrame.new(-1.1920928955078125e-07, 1.1920928955078125e-07, 1.1920928955078125e-07, 0.5664159655570984, -0.1449572890996933, -0.811271071434021, -0.3044741451740265, 0.8779531717300415, -0.36945071816444397, 0.7658122777938843, 0.4562736749649048, 0.4531507194042206),
            ["RightLowerArm"] = CFrame.new(-8.940696716308594e-08, 1.1920928955078125e-07, -2.0349398255348206e-07, 1, -1.1175868053214799e-07, 9.685752644372769e-08, 8.195637946073475e-08, -0.0790921300649643, -0.9968673586845398, 8.568166975919667e-08, 0.996867299079895, -0.07909208536148071),
            ["LeftHand"] = CFrame.new(1.1175870895385742e-07, -5.960464477539063e-08, -2.5331974029541016e-07, 0.8487160205841064, 0.22101998329162598, -0.48044919967651367, -0.3720951974391937, 0.8951336741447449, -0.24552187323570251, 0.37580081820487976, 0.3871510922908783, 0.8419547080993652),
            ["RightUpperLeg"] = CFrame.new(-2.9802322387695312e-08, -3.91155481338501e-08, 6.16346369497478e-08, 0.953603208065033, -0.19422763586044312, -0.23003649711608887, 0.0006883817259222269, 0.7654762268066406, -0.6434639096260071, 0.30106592178344727, 0.613450825214386, 0.7300942540168762),
            ["LeftUpperLeg"] = CFrame.new(2.9802322387695312e-08, 0, 8.940696716308594e-08, 0.9277385473251343, 0.1918364316225052, 0.32015639543533325, -0.16765594482421875, 0.9805824756622314, -0.10173334181308746, -0.333455890417099, 0.04070577397942543, 0.9418866038322449),
            ["RightLowerLeg"] = CFrame.new(1.4901161193847656e-08, 5.364418029785156e-07, -2.218221197836101e-07, 1, -4.656612162534657e-08, -2.793969144931907e-07, 1.1175870895385742e-08, -0.7135308980941772, 0.7006238102912903, -3.0547380447387695e-07, -0.7006238698959351, -0.7135308980941772),
            ["RightFoot"] = CFrame.new(4.470348358154297e-08, 2.980232238769531e-07, -1.3205863069742918e-08, 0.9910021424293518, -0.07488175481557846, -0.1109401136636734, 0.053386177867650986, 0.9812110662460327, -0.18540459871292114, 0.12273915112018585, 0.17781400680541992, 0.9763797521591187),
            ["LeftLowerLeg"] = CFrame.new(-6.332993507385254e-08, 0, -2.9802322387695312e-08, 1, 5.960465188081798e-08, 2.2351748896198842e-08, -6.33299421792799e-08, 0.6943285465240479, 0.7196582555770874, 2.7939680791178034e-08, -0.7196580767631531, 0.6943284273147583),
        }},
        {Time = 0.033, Data = {
            ["LeftFoot"] = CFrame.new(0, 1.7881393432617188e-07, -1.1175870895385742e-08, 0.9912427663803101, 0.12958447635173798, 0.025413382798433304, -0.09863714128732681, 0.8545249104499817, -0.5099588632583618, -0.08779912441968918, 0.5029863119125366, 0.8598233461380005),
            ["LeftLowerArm"] = CFrame.new(-3.2782554626464844e-07, -4.172325134277344e-07, -6.705522537231445e-08, 1, -1.1920928955078125e-07, 1.4901159772762185e-07, 4.097818262494002e-08, -0.2799072861671448, -0.9600270390510559, 1.5646214990283625e-07, 0.9600270986557007, -0.2799071669578552),
            ["LowerTorso"] = CFrame.new(-0.17174598574638367, -0.07224166393280029, 0.01983693242073059, 0.9619849920272827, -0.21190272271633148, -0.1722850501537323, 0.16813430190086365, 0.9566459655761719, -0.23782221972942352, 0.2152109295129776, 0.1998143494129181, 0.9559072256088257),
            ["Head"] = CFrame.new(-4.936009645462036e-08, -1.1920928955078125e-07, -1.6763806343078613e-08, 0.9702345728874207, -0.14317795634269714, 0.195307657122612, 0.15137140452861786, 0.9880912899971008, -0.027612242847681046, -0.1890283226966858, 0.05635445564985275, 0.9803532361984253),
            ["RightUpperArm"] = CFrame.new(-5.960464477539063e-08, -1.1920928955078125e-07, 2.9802322387695312e-08, 0.977770209312439, -0.0019989684224128723, 0.20966984331607819, 0.13340334594249725, 0.7773987650871277, -0.6146987676620483, -0.16176843643188477, 0.6290048956871033, 0.7603841423988342),
            ["UpperTorso"] = CFrame.new(-1.4901161193847656e-08, -1.4901161193847656e-07, 1.862645149230957e-08, 0.9618954062461853, 0.26718518137931824, -0.05804543197154999, -0.23030292987823486, 0.9061729907989502, 0.35469871759414673, 0.14736947417259216, -0.32781508564949036, 0.9331771731376648),
            ["HumanoidRootPart"] = CFrame.new(0, 0, 0, 1, 0, 0, 0, 1, 0, 0, 0, 1),
            ["RightHand"] = CFrame.new(-1.6391277313232422e-07, 1.1920928955078125e-07, -1.043081283569336e-07, 0.813925564289093, -0.4356796145439148, 0.384328693151474, 0.5710263252258301, 0.721796452999115, -0.391073614358902, -0.10702431201934814, 0.5377668738365173, 0.8362732529640198),
            ["LeftUpperArm"] = CFrame.new(-2.384185791015625e-07, -1.1920928955078125e-07, 2.9802322387695312e-08, 0.5611804127693176, -0.12828528881072998, -0.817691445350647, -0.30297690629959106, 0.8875114917755127, -0.3471717834472656, 0.7702476978302002, 0.4425677955150604, 0.45918670296669006),
            ["RightLowerArm"] = CFrame.new(1.1920928955078125e-07, -4.172325134277344e-07, -6.891787052154541e-08, 1, -1.0058281674218961e-07, 8.568166975919667e-08, 8.381902460996571e-08, -0.07801099866628647, -0.996952474117279, 1.1082737216838723e-07, 0.9969525337219238, -0.07801098376512527),
            ["LeftHand"] = CFrame.new(-5.21540641784668e-08, 5.960464477539063e-08, 4.470348358154297e-08, 0.861713171005249, 0.20330676436424255, -0.464883416891098, -0.3632754683494568, 0.8868518471717834, -0.28552567958831787, 0.3542335629463196, 0.4149220585823059, 0.8380683064460754),
            ["RightUpperLeg"] = CFrame.new(-1.1920928955078125e-07, -4.023313522338867e-07, 6.16346369497478e-08, 0.953662097454071, -0.18963806331157684, -0.23359353840351105, 0.007466898299753666, 0.7910464406013489, -0.6117105484008789, 0.3007871210575104, 0.581620991230011, 0.7558069825172424),
            ["LeftUpperLeg"] = CFrame.new(2.9802322387695312e-08, -1.2293457984924316e-07, -7.450580596923828e-08, 0.9353028535842896, 0.18513646721839905, 0.3015514016151428, -0.15904399752616882, 0.9812225103378296, -0.10912153124809265, -0.3160914182662964, 0.054101817309856415, 0.9471849203109741),
            ["RightLowerLeg"] = CFrame.new(-4.470348358154297e-08, 3.5762786865234375e-07, -2.8142676455900073e-07, 1, -8.754430069757291e-08, -2.756716241947288e-07, 1.3038514623531228e-07, -0.7066423296928406, 0.7075710296630859, -2.756714536644722e-07, -0.7075709700584412, -0.7066423892974854),
            ["RightFoot"] = CFrame.new(4.470348358154297e-08, 3.5762786865234375e-07, 5.420588422566652e-09, 0.9923456907272339, -0.05314374342560768, -0.11147162318229675, 0.028928522020578384, 0.9775872230529785, -0.20853370428085327, 0.12005554139614105, 0.20371323823928833, 0.9716418981552124),
            ["LeftLowerLeg"] = CFrame.new(-5.21540641784668e-08, -1.1920928955078125e-07, 7.450580596923828e-09, 1, 5.960465898624534e-08, 4.097820394122209e-08, -5.587935447692871e-08, 0.684006929397583, 0.7294756770133972, 1.4901161193847656e-08, -0.7294756770133972, 0.6840068101882935),
        }},
        {Time = 0.067, Data = {
            ["LeftFoot"] = CFrame.new(3.725290298461914e-09, 5.960464477539063e-08, -7.450580596923828e-09, 0.9908747673034668, 0.13255412876605988, 0.024429714307188988, -0.10327328741550446, 0.8631031513214111, -0.4943556487560272, -0.08661431074142456, 0.4873215854167938, 0.8689164519309998),
            ["LeftLowerArm"] = CFrame.new(2.9802322387695312e-08, 5.960464477539062e-07, -4.470348358154297e-08, 1, -5.960464477539063e-08, 1.3411046495548362e-07, 2.2351738238057806e-08, -0.2762364149093628, -0.9610898494720459, 1.1548398504146462e-07, 0.9610897898674011, -0.27623629570007324),
            ["LowerTorso"] = CFrame.new(-0.1716223806142807, -0.07036745548248291, 0.017604708671569824, 0.970405638217926, -0.19184158742427826, -0.14666175842285156, 0.1544148027896881, 0.9599160552024841, -0.23391757905483246, 0.1856580674648285, 0.20434823632240295, 0.9611310362815857),
            ["Head"] = CFrame.new(3.119930624961853e-08, 1.1920928955078125e-07, 3.91155481338501e-08, 0.9745025634765625, -0.14232856035232544, 0.1734575629234314, 0.1523541957139969, 0.9872616529464722, -0.04585568606853485, -0.16472136974334717, 0.07111354172229767, 0.9837732911109924),
            ["RightUpperArm"] = CFrame.new(1.1920928955078125e-07, 0, -1.4901161193847656e-08, 0.9827674031257629, -0.004776642192155123, 0.18478479981422424, 0.12064439058303833, 0.77396160364151, -0.6216338276863098, -0.14004695415496826, 0.6332145929336548, 0.7612003684043884),
            ["UpperTorso"] = CFrame.new(1.4901161193847656e-08, 2.9802322387695312e-08, -2.9802322387695312e-08, 0.9641329050064087, 0.25662481784820557, -0.0677611455321312, -0.21847987174987793, 0.9122897982597351, 0.3464014232158661, 0.15071293711662292, -0.31917253136634827, 0.9356358647346497),
            ["HumanoidRootPart"] = CFrame.new(0, 0, 0, 1, 0, 0, 0, 1, 0, 0, 0, 1),
            ["RightHand"] = CFrame.new(5.960464477539063e-08, 0, 2.9802322387695312e-08, 0.8056891560554504, -0.4103247821331024, 0.42719873785972595, 0.5704290270805359, 0.7318093776702881, -0.37291523814201355, -0.15961171686649323, 0.5441403388977051, 0.8236719369888306),
            ["LeftUpperArm"] = CFrame.new(0, 2.384185791015625e-07, 5.960464477539063e-08, 0.5565048456192017, -0.11842639744281769, -0.8223611116409302, -0.2991563677787781, 0.894841194152832, -0.33130791783332825, 0.7751180529594421, 0.4303889572620392, 0.4625552296638489),
            ["RightLowerArm"] = CFrame.new(-2.9802322387695312e-08, -7.152557373046875e-07, 7.078051567077637e-08, 1, -8.428467168641873e-08, 9.220092067607766e-08, 8.940696716308594e-08, -0.09258981049060822, -0.9957043528556824, 8.800998330116272e-08, 0.9957042932510376, -0.0925898402929306),
            ["LeftHand"] = CFrame.new(8.940696716308594e-08, 0, 2.384185791015625e-07, 0.8741260170936584, 0.18186922371387482, -0.45036354660987854, -0.35319116711616516, 0.8745225667953491, -0.33236458897590637, 0.3334061801433563, 0.44959312677383423, 0.8286775350570679),
            ["RightUpperLeg"] = CFrame.new(-5.960464477539063e-08, -3.6135315895080566e-07, 5.790934665128589e-08, 0.9545134902000427, -0.18701936304569244, -0.23222365975379944, 0.02067263238132, 0.8184701800346375, -0.5741772651672363, 0.2974504232406616, 0.5432589650154114, 0.785106897354126),
            ["LeftUpperLeg"] = CFrame.new(0, -2.905726432800293e-07, 4.470348358154297e-08, 0.9463538527488708, 0.15979266166687012, 0.2808571755886078, -0.13683034479618073, 0.9855664372444153, -0.0996818095445633, -0.29273179173469543, 0.05590439587831497, 0.9545589685440063),
            ["RightLowerLeg"] = CFrame.new(2.9802322387695312e-08, 5.364418029785156e-07, -2.8107024263590574e-08, 1, -7.35744833946228e-08, -2.4959456368378596e-07, 5.960463766996327e-08, -0.6753029227256775, 0.7375404834747314, -2.8312203426139604e-07, -0.7375405430793762, -0.6753028631210327),
            ["RightFoot"] = CFrame.new(-5.960464477539063e-08, 2.384185791015625e-07, -6.16346369497478e-08, 0.9934203624725342, -0.027282340452075005, -0.11122802644968033, 0.0016996096819639206, 0.9746159911155701, -0.22387662529945374, 0.11451255530118942, 0.2222146838903427, 0.9682497382164001),
            ["LeftLowerLeg"] = CFrame.new(-3.725290298461914e-09, 1.7881393432617188e-07, 1.4901161193847656e-08, 1, 5.960465898624534e-08, 2.980232594040899e-08, -6.70552182668871e-08, 0.69949871301651, 0.7146340012550354, 3.352760913344355e-08, -0.7146340012550354, 0.6994985938072205),
        }},
        {Time = 0.100, Data = {
            ["LeftFoot"] = CFrame.new(3.91155481338501e-08, 5.960464477539063e-08, 1.4901161193847656e-08, 0.990853488445282, 0.13262470066547394, 0.024900993332266808, -0.10646255314350128, 0.8816952705383301, -0.4596512019634247, -0.0829162523150444, 0.45279598236083984, 0.8877504467964172),
            ["LeftLowerArm"] = CFrame.new(0, 3.5762786865234375e-07, 6.705522537231445e-08, 1, -8.940694584680386e-08, 1.0430814256778831e-07, 7.450580596923828e-08, -0.2708244323730469, -0.9626288414001465, 1.0803341865539551e-07, 0.9626287817955017, -0.2708243131637573),
            ["LowerTorso"] = CFrame.new(-0.1700374186038971, -0.06349301338195801, 0.014478683471679688, 0.9802018404006958, -0.15369164943695068, -0.12483290582895279, 0.12329957634210587, 0.9671014547348022, -0.22251299023628235, 0.15492446720600128, 0.20271579921245575, 0.9669046998023987),
            ["Head"] = CFrame.new(2.421438694000244e-08, 2.384185791015625e-07, 1.210719347000122e-08, 0.9791219234466553, -0.1347733736038208, 0.15217220783233643, 0.14553557336330414, 0.9874145984649658, -0.061902791261672974, -0.14191418886184692, 0.08275697380304337, 0.9864135384559631),
            ["RightUpperArm"] = CFrame.new(-1.1920928955078125e-07, 1.1920928955078125e-07, 2.9802322387695312e-08, 0.9849506616592407, -0.0062869759276509285, 0.17272131145000458, 0.10837005823850632, 0.8009588122367859, -0.5888301134109497, -0.1346406638622284, 0.5986865758895874, 0.7895862460136414),
            ["UpperTorso"] = CFrame.new(0, -2.086162567138672e-07, 6.332993507385254e-08, 0.971221387386322, 0.22393116354942322, -0.08114207535982132, -0.18672671914100647, 0.9273563027381897, 0.32425832748413086, 0.14785921573638916, -0.2997751832008362, 0.9424821734428406),
            ["HumanoidRootPart"] = CFrame.new(0, 0, 0, 1, 0, 0, 0, 1, 0, 0, 0, 1),
            ["RightHand"] = CFrame.new(-6.612390279769897e-08, 2.384185791015625e-07, 2.1606683731079102e-07, 0.7942644953727722, -0.3868086636066437, 0.4685330092906952, 0.5724697709083557, 0.7347723841667175, -0.3638508915901184, -0.20352455973625183, 0.5572152137756348, 0.8050400614738464),
            ["LeftUpperArm"] = CFrame.new(5.960464477539063e-08, 1.1920928955078125e-07, -2.9802322387695312e-08, 0.5613377094268799, -0.133917897939682, -0.816679835319519, -0.2923865020275116, 0.8910889625549316, -0.34708884358406067, 0.774215817451477, 0.4336201846599579, 0.46104615926742554),
            ["RightLowerArm"] = CFrame.new(-2.9802322387695312e-08, -2.384185791015625e-07, -8.195638656616211e-08, 1, -6.565823440496388e-08, 1.1967497925979842e-07, 6.612390990312633e-08, -0.1243891566991806, -0.9922336339950562, 1.1152589252105827e-07, 0.9922335147857666, -0.12438897788524628),
            ["LeftHand"] = CFrame.new(-1.043081283569336e-07, 1.1920928955078125e-07, -1.7881393432617188e-07, 0.8892201781272888, 0.15893571078777313, -0.42898327112197876, -0.3244445323944092, 0.8801858425140381, -0.3464225232601166, 0.32252633571624756, 0.4472275674343109, 0.8342451453208923),
            ["RightUpperLeg"] = CFrame.new(0, 7.078051567077637e-08, 1.3205863069742918e-08, 0.9525267481803894, -0.19939465820789337, -0.23007526993751526, 0.044318657368421555, 0.8384553790092468, -0.5431653261184692, 0.30121225118637085, 0.5071827173233032, 0.807487964630127),
            ["LeftUpperLeg"] = CFrame.new(5.960464477539063e-08, -7.35744833946228e-08, -5.21540641784668e-08, 0.9577515721321106, 0.11227567493915558, 0.26477569341659546, -0.09659397602081299, 0.9927478432655334, -0.0715639740228653, -0.27089035511016846, 0.042964786291122437, 0.9616509675979614),
            ["RightLowerLeg"] = CFrame.new(0, 4.76837158203125e-07, 1.6560807125642896e-07, 1, -1.1175870895385742e-07, -2.533198539822479e-07, 1.2665985593685036e-07, -0.6003101468086243, 0.7997671961784363, -2.3841855067985307e-07, -0.7997673749923706, -0.6003102660179138),
            ["RightFoot"] = CFrame.new(-5.21540641784668e-08, 2.980232238769531e-07, -1.435910235159099e-07, 0.9940150380134583, -0.020088518038392067, -0.10738047957420349, -0.00361531600356102, 0.9763596057891846, -0.2161223292350769, 0.10918352752923965, 0.2152172327041626, 0.970443606376648),
            ["LeftLowerLeg"] = CFrame.new(1.1175870895385742e-08, -5.960464477539063e-08, 6.705522537231445e-08, 1, 6.332994928470725e-08, 1.1175874448099421e-08, -5.960464477539063e-08, 0.7448541522026062, 0.6672274470329285, 2.9802322387695312e-08, -0.6672274470329285, 0.7448540329933167),
        }},
        {Time = 0.133, Data = {
            ["LeftFoot"] = CFrame.new(-3.5390257835388184e-08, 5.960464477539063e-08, 2.60770320892334e-08, 0.9918472766876221, 0.1251187026500702, 0.02417546510696411, -0.10515765845775604, 0.9107654094696045, -0.3993094563484192, -0.07197923958301544, 0.39351192116737366, 0.9164974689483643),
            ["LeftLowerArm"] = CFrame.new(8.940696716308594e-08, -1.1920928955078125e-07, 0, 1, -1.341104365337742e-07, 2.086162567138672e-07, 0, -0.2711421549320221, -0.9625393152236938, 2.9802322387695312e-08, 0.9625393152236938, -0.2711423635482788),
            ["LowerTorso"] = CFrame.new(-0.16694441437721252, -0.04883122444152832, 0.010119885206222534, 0.9890817403793335, -0.10468374192714691, -0.10372409969568253, 0.0818416103720665, 0.9755176305770874, -0.20412606000900269, 0.12255335599184036, 0.19340839982032776, 0.9734340310096741),
            ["Head"] = CFrame.new(2.703745849430561e-08, -2.384185791015625e-07, 1.7229467630386353e-08, 0.9835169911384583, -0.1250753253698349, 0.13057801127433777, 0.1342315822839737, 0.9888930916786194, -0.06381551176309586, -0.12114598602056503, 0.08029143512248993, 0.9893821477890015),
            ["RightUpperArm"] = CFrame.new(0, -2.384185791015625e-07, 4.470348358154297e-08, 0.9824565052986145, -0.008454972878098488, 0.18630047142505646, 0.10540863871574402, 0.8492693901062012, -0.5173303484916687, -0.15384531021118164, 0.5278921723365784, 0.835261344909668),
            ["UpperTorso"] = CFrame.new(-4.423782229423523e-08, -2.9802322387695312e-08, 5.4016709327697754e-08, 0.9793115854263306, 0.1782856285572052, -0.09572386741638184, -0.14427725970745087, 0.9468576312065125, 0.2874799370765686, 0.1418904960155487, -0.26772168278694153, 0.952991247177124),
            ["HumanoidRootPart"] = CFrame.new(0, 0, 0, 1, 0, 0, 0, 1, 0, 0, 0, 1),
            ["RightHand"] = CFrame.new(1.955777406692505e-07, -2.980232238769531e-07, 3.725290298461914e-08, 0.76414555311203, -0.3893064558506012, 0.5143172144889832, 0.5954824686050415, 0.7322514057159424, -0.33046743273735046, -0.24795639514923096, 0.5587919354438782, 0.791371762752533),
            ["LeftUpperArm"] = CFrame.new(5.960464477539063e-08, -3.5762786865234375e-07, 7.450580596923828e-08, 0.5773486495018005, -0.17339253425598145, -0.7978743314743042, -0.279205322265625, 0.8763567805290222, -0.39248350262641907, 0.7672762870788574, 0.44937053322792053, 0.4575513005256653),
            ["RightLowerArm"] = CFrame.new(-1.1920928955078125e-07, -1.1920928955078125e-07, -1.4901161193847656e-07, 1, -8.824280683938923e-08, 1.2060627341270447e-07, 6.146728992462158e-08, -0.1744610220193863, -0.9846641421318054, 8.824281394481659e-08, 0.9846640825271606, -0.17446114122867584),
            ["LeftHand"] = CFrame.new(2.2351741790771484e-07, 1.1920928955078125e-07, 1.7881393432617188e-07, 0.9089349508285522, 0.1298677921295166, -0.3961968421936035, -0.2716742753982544, 0.9053074717521667, -0.3265143930912018, 0.31627607345581055, 0.40441659092903137, 0.858147144317627),
            ["RightUpperLeg"] = CFrame.new(-1.1920928955078125e-07, -1.5925616025924683e-07, 6.908521754667163e-08, 0.9492249488830566, -0.21592965722084045, -0.22879329323768616, 0.0701737031340599, 0.8542587161064148, -0.5150898694992065, 0.30667200684547424, 0.472881019115448, 0.8260363340377808),
            ["LeftUpperLeg"] = CFrame.new(0, -3.4458935260772705e-08, 8.940696716308594e-08, 0.9671229720115662, 0.050774313509464264, 0.24918897449970245, -0.04726877063512802, 0.9986812472343445, -0.020035719498991966, -0.24987778067588806, 0.00759805366396904, 0.9682475924491882),
            ["RightLowerLeg"] = CFrame.new(-3.725290298461914e-08, 3.5762786865234375e-07, -2.8107024263590574e-08, 1, -1.2665987014770508e-07, -1.9371518078514782e-07, 1.303851746570217e-07, -0.4645800292491913, 0.8855312466621399, -2.2351744632942427e-07, -0.8855312466621399, -0.46457985043525696),
            ["RightFoot"] = CFrame.new(-7.450580596923828e-09, 2.980232238769531e-07, -1.0633812053129077e-07, 0.9942882657051086, -0.02366424724459648, -0.10407163947820663, 0.005005445796996355, 0.9843755960464478, -0.17601008713245392, 0.1066107377409935, 0.17448414862155914, 0.9788716435432434),
            ["LeftLowerLeg"] = CFrame.new(-3.3527612686157227e-08, 0, 1.4901161193847656e-08, 1, 5.960465188081798e-08, 1.4901166522918174e-08, -5.02914261346632e-08, 0.8206080794334412, 0.5714914798736572, 3.3527616238870905e-08, -0.5714913606643677, 0.8206080198287964),
        }},
        {Time = 0.167, Data = {
            ["LeftFoot"] = CFrame.new(4.0978193283081055e-08, -5.960464477539063e-08, 2.60770320892334e-08, 0.9937296509742737, 0.10963056236505508, 0.02196648344397545, -0.09689189493656158, 0.9424055218696594, -0.3201311230659485, -0.055797528475522995, 0.31599557399749756, 0.9471185803413391),
            ["LeftLowerArm"] = CFrame.new(1.7881393432617188e-07, 2.384185791015625e-07, 2.086162567138672e-07, 1, -5.960463766996327e-08, 1.6391278734317893e-07, 2.2351738238057806e-08, -0.27392640709877014, -0.9617507457733154, 1.0430811414607888e-07, 0.9617506861686707, -0.27392640709877014),
            ["LowerTorso"] = CFrame.new(-0.16236615180969238, -0.03409266471862793, 0.004545062780380249, 0.9950490593910217, -0.05458899959921837, -0.08305059373378754, 0.0386819988489151, 0.9824777245521545, -0.18232229351997375, 0.0915481373667717, 0.17820708453655243, 0.9797250628471375),
            ["Head"] = CFrame.new(3.026798367500305e-08, -3.5762786865234375e-07, -2.9336661100387573e-08, 0.9868693351745605, -0.12019678205251694, 0.10789617151021957, 0.1258690357208252, 0.9909151196479797, -0.04737411066889763, -0.1012217104434967, 0.060332946479320526, 0.9930328130722046),
            ["RightUpperArm"] = CFrame.new(0, -2.384185791015625e-07, 0, 0.9742045402526855, -0.017019638791680336, 0.22502408921718597, 0.11601030081510544, 0.8930718898773193, -0.4347001612186432, -0.1935642510652542, 0.4495919644832611, 0.8720091581344604),
            ["UpperTorso"] = CFrame.new(-1.1175870895385742e-08, 5.960464477539063e-08, 3.725290298461914e-09, 0.9854556322097778, 0.133311465382576, -0.10538236051797867, -0.10442619025707245, 0.9643005132675171, 0.2433512955904007, 0.1340617686510086, -0.2288072258234024, 0.9641963839530945),
            ["HumanoidRootPart"] = CFrame.new(0, 0, 0, 1, 0, 0, 0, 1, 0, 0, 0, 1),
            ["RightHand"] = CFrame.new(-2.7241185307502747e-08, 0, 1.6577541828155518e-07, 0.7156708240509033, -0.4086247682571411, 0.566428542137146, 0.6374019980430603, 0.7136741280555725, -0.29049572348594666, -0.28554174304008484, 0.5689420700073242, 0.7712138891220093),
            ["LeftUpperArm"] = CFrame.new(1.1920928955078125e-07, -5.960464477539062e-07, -5.960464477539063e-08, 0.5975272059440613, -0.21780738234519958, -0.7717001438140869, -0.26338526606559753, 0.8556875586509705, -0.4454515874385834, 0.7573568820953369, 0.46942389011383057, 0.45392942428588867),
            ["RightLowerArm"] = CFrame.new(0, -2.980232238769531e-07, -1.1315569281578064e-07, 1, -5.774199252073231e-08, 1.1734663019069558e-07, 6.70552182668871e-08, -0.2157585620880127, -0.9764467477798462, 1.1781229147800332e-07, 0.9764467477798462, -0.2157585471868515),
            ["LeftHand"] = CFrame.new(-1.4901161193847656e-08, 2.384185791015625e-07, -8.940696716308594e-08, 0.9286929965019226, 0.10098575800657272, -0.35683512687683105, -0.21409472823143005, 0.9316657781600952, -0.2935341000556946, 0.30280840396881104, 0.3489997684955597, 0.8868520259857178),
            ["RightUpperLeg"] = CFrame.new(5.960464477539063e-08, 2.0209699869155884e-07, -1.287116901949048e-08, 0.9504445195198059, -0.2213241010904312, -0.21833683550357819, 0.08935963362455368, 0.8671295642852783, -0.49000123143196106, 0.2977754473686218, 0.4462083578109741, 0.8439358472824097),
            ["LeftUpperLeg"] = CFrame.new(-5.960464477539063e-08, 3.585591912269592e-08, 3.725290298461914e-09, 0.9731958508491516, -0.012088525108993053, 0.2296602725982666, 0.0007256753742694855, 0.998773992061615, 0.04949694126844406, -0.22997704148292542, -0.04800361022353172, 0.9720115065574646),
            ["RightLowerLeg"] = CFrame.new(-6.705522537231445e-08, 5.960464477539063e-08, 4.639878170564771e-08, 1, -1.713633110966839e-07, -2.309681121914764e-07, 1.3038514623531228e-07, -0.28927481174468994, 0.9572463035583496, -2.0861622829215776e-07, -0.9572460651397705, -0.28927454352378845),
            ["RightFoot"] = CFrame.new(8.940696716308594e-08, 3.5762786865234375e-07, -3.9282895158976316e-08, 0.9943779706954956, -0.024582602083683014, -0.10299607366323471, 0.011321097612380981, 0.9917848706245422, -0.12741494178771973, 0.105282261967659, 0.12553298473358154, 0.9864873886108398),
            ["LeftLowerLeg"] = CFrame.new(5.774199962615967e-08, -5.960464477539063e-08, 7.450580596923828e-09, 1, 5.21540641784668e-08, -1.6763809895792292e-08, -4.284083843231201e-08, 0.9025247693061829, 0.43063801527023315, 1.0244548320770264e-08, -0.4306379556655884, 0.9025247693061829),
        }},
        {Time = 0.200, Data = {
            ["LeftFoot"] = CFrame.new(-3.5390257835388184e-08, 5.960464477539063e-08, -2.60770320892334e-08, 0.9963431358337402, 0.08282607048749924, 0.020981118083000183, -0.07607951015233994, 0.9717646837234497, -0.22335051000118256, -0.038888055831193924, 0.2209375649690628, 0.9745124578475952),
            ["LeftLowerArm"] = CFrame.new(5.960464477539063e-08, -1.1920928955078125e-07, -8.940696716308594e-08, 1, -5.960465188081798e-08, 5.960463766996327e-08, 1.341104507446289e-07, -0.2792685627937317, -0.9602130651473999, 1.1920928955078125e-07, 0.9602131247520447, -0.2792684733867645),
            ["LowerTorso"] = CFrame.new(-0.15628859400749207, -0.02654445171356201, -0.0029694437980651855, 0.9975817203521729, -0.009787709452211857, -0.06881069391965866, -0.0012468262575566769, 0.9873552322387695, -0.15851834416389465, 0.06949213147163391, 0.1582208126783371, 0.984955370426178),
            ["Head"] = CFrame.new(2.735760062932968e-08, 1.1920928955078125e-07, -1.0433723218739033e-08, 0.9885203242301941, -0.12180795520544052, 0.08938920497894287, 0.12367342412471771, 0.9922001361846924, -0.015614954754710197, -0.08678995072841644, 0.026490863412618637, 0.9958744049072266),
            ["RightUpperArm"] = CFrame.new(0, 8.344650268554688e-07, 1.4901161193847656e-08, 0.9522590041160583, -0.03472224622964859, 0.3033103048801422, 0.14892597496509552, 0.9201149940490723, -0.36222848296165466, -0.26650309562683105, 0.3901060223579407, 0.8813588619232178),
            ["UpperTorso"] = CFrame.new(-1.1408701539039612e-08, 0, 3.725290298461914e-09, 0.9897775053977966, 0.09637845307588577, -0.1051277443766594, -0.074594646692276, 0.9780867099761963, 0.19437643885612488, 0.12155771255493164, -0.18454742431640625, 0.9752774834632874),
            ["HumanoidRootPart"] = CFrame.new(0, 0, 0, 1, 0, 0, 0, 1, 0, 0, 0, 1),
            ["RightHand"] = CFrame.new(-7.450580596923828e-09, -5.960464477539063e-08, 4.544854164123535e-07, 0.6406369209289551, -0.44634050130844116, 0.624792218208313, 0.7017378807067871, 0.670633852481842, -0.2404451072216034, -0.3116863965988159, 0.5924782156944275, 0.7428465485572815),
            ["LeftUpperArm"] = CFrame.new(0, 5.960464477539062e-07, -2.9802322387695312e-08, 0.6217692494392395, -0.2522570788860321, -0.7414641976356506, -0.2468886524438858, 0.8353140950202942, -0.49121952056884766, 0.743269145488739, 0.4884842336177826, 0.457093209028244),
            ["RightLowerArm"] = CFrame.new(1.1920928955078125e-07, 2.980232238769531e-07, -1.4901161193847656e-07, 1, -9.685754776000977e-08, 1.0617075929530984e-07, 8.940698137394065e-08, -0.23313669860363007, -0.9724440574645996, 1.1734665861240501e-07, 0.9724439978599548, -0.23313647508621216),
            ["LeftHand"] = CFrame.new(-7.450580596923828e-08, 0, -7.450580596923828e-08, 0.9458072185516357, 0.07770846784114838, -0.3152940571308136, -0.1652819812297821, 0.9509665369987488, -0.26142793893814087, 0.279518723487854, 0.29937267303466797, 0.9122747182846069),
            ["RightUpperLeg"] = CFrame.new(0, -1.1199153959751129e-07, 1.879379851743579e-08, 0.960640013217926, -0.21193361282348633, -0.17959673702716827, 0.10303139686584473, 0.8722119331359863, -0.4781538248062134, 0.2579832077026367, 0.4408295452594757, 0.8597173094749451),
            ["LeftUpperLeg"] = CFrame.new(-5.960464477539063e-08, -6.332993507385254e-08, 7.450580596923828e-09, 0.9757763147354126, -0.07034515589475632, 0.2071528285741806, 0.041697848588228226, 0.9893373847007751, 0.13954581320285797, -0.21476030349731445, -0.12752766907215118, 0.9683051109313965),
            ["RightLowerLeg"] = CFrame.new(-5.960464477539063e-08, 4.76837158203125e-07, 1.6952981241047382e-09, 1, -1.6577541828155518e-07, -1.8998991890839534e-07, 1.1920928955078125e-07, -0.1078014001250267, 0.9941724538803101, -2.0116567611694336e-07, -0.9941724538803101, -0.10780135542154312),
            ["RightFoot"] = CFrame.new(-4.0978193283081055e-08, 3.5762786865234375e-07, -3.55576048605144e-08, 0.994837760925293, -0.016452252864837646, -0.10013607889413834, 0.006720096804201603, 0.9952850341796875, -0.0967605784535408, 0.10125598311424255, 0.09558825194835663, 0.990257740020752),
            ["LeftLowerLeg"] = CFrame.new(9.778887033462524e-08, 0, -5.587935447692871e-09, 1, 2.421439049271612e-08, 7.450582373280668e-09, -1.7927957784991122e-08, 0.9712495803833008, 0.2380639612674713, 4.074535819853509e-09, -0.23806391656398773, 0.971249520778656),
        }},
        {Time = 0.233, Data = {
            ["LeftFoot"] = CFrame.new(3.725290298461914e-09, 0, 5.587935447692871e-09, 0.9987753033638, 0.03469088301062584, 0.03527960181236267, -0.030462047085165977, 0.993008017539978, -0.11404914408922195, -0.03898933157324791, 0.11283493041992188, 0.9928485751152039),
            ["LeftLowerArm"] = CFrame.new(-5.960464477539063e-08, 4.76837158203125e-07, 0, 1, -1.0430811414607888e-07, 7.450579175838357e-08, 7.450581307466564e-08, -0.2840469777584076, -0.9588103294372559, 1.4901162614933128e-07, 0.9588103294372559, -0.28404703736305237),
            ["LowerTorso"] = CFrame.new(-0.1473318338394165, -0.02545452117919922, -0.012748241424560547, 0.9976734519004822, 0.028443489223718643, -0.06195856258273125, -0.03648601844906807, 0.9904698133468628, -0.13280993700027466, 0.057590506970882416, 0.13476157188415527, 0.9892030358314514),
            ["Head"] = CFrame.new(8.847564458847046e-09, -1.1920928955078125e-07, -6.05359673500061e-09, 0.9892027974128723, -0.12475760281085968, 0.0768994465470314, 0.12309090793132782, 0.9920530915260315, 0.026064053177833557, -0.07953999191522598, -0.016316914930939674, 0.9966982007026672),
            ["RightUpperArm"] = CFrame.new(2.384185791015625e-07, -2.384185791015625e-07, -1.862645149230957e-08, 0.9077841639518738, -0.06255043298006058, 0.4147477149963379, 0.19995440542697906, 0.9337623715400696, -0.29682666063308716, -0.36870911717414856, 0.3523850440979004, 0.8601617813110352),
            ["UpperTorso"] = CFrame.new(-1.3271346688270569e-08, 8.940696716308594e-08, 9.313225746154785e-09, 0.993324875831604, 0.06522736698389053, -0.0951370894908905, -0.051389798521995544, 0.9886372685432434, 0.14126397669315338, 0.10327034443616867, -0.1354319453239441, 0.9853900074958801),
            ["HumanoidRootPart"] = CFrame.new(0, 0, 0, 1, 0, 0, 0, 1, 0, 0, 0, 1),
            ["RightHand"] = CFrame.new(-4.470348358154297e-08, 0, 0, 0.5594266653060913, -0.49959447979927063, 0.66139817237854, 0.7644563913345337, 0.6194076538085938, -0.17871935665607452, -0.3203878700733185, 0.6055902242660522, 0.7284311056137085),
            ["LeftUpperArm"] = CFrame.new(-1.1920928955078125e-07, -1.1920928955078125e-07, 7.450580596923828e-09, 0.6500830054283142, -0.2701941728591919, -0.7102023363113403, -0.2289467453956604, 0.8215636014938354, -0.5221272706985474, 0.7245519757270813, 0.5020244717597961, 0.47222426533699036),
            ["RightLowerArm"] = CFrame.new(-2.9802322387695312e-08, -3.5762786865234375e-07, -4.470348358154297e-08, 1, -7.823110337312755e-08, 7.078050856534901e-08, 7.450581307466564e-08, -0.23863442242145538, -0.9711095094680786, 1.005828522693264e-07, 0.9711095690727234, -0.23863421380519867),
            ["LeftHand"] = CFrame.new(-2.9802322387695312e-08, -1.7881393432617188e-07, 1.7881393432617188e-07, 0.9560713768005371, 0.0695609450340271, -0.2847612798213959, -0.14163154363632202, 0.9601404070854187, -0.24097956717014313, 0.2566477358341217, 0.27072468400001526, 0.9278146624565125),
            ["RightUpperLeg"] = CFrame.new(0, -1.5809200704097748e-07, 5.75528247281909e-09, 0.97771817445755, -0.188577800989151, -0.09222571551799774, 0.12663397192955017, 0.8802270889282227, -0.45734477043151855, 0.16742464900016785, 0.43547528982162476, 0.8844943642616272),
            ["LeftUpperLeg"] = CFrame.new(2.9802322387695312e-08, 2.3283064365386963e-09, 0, 0.9785014390945435, -0.11913474649190903, 0.16835041344165802, 0.07599932700395584, 0.9671280384063721, 0.24266719818115234, -0.19172655045986176, -0.22465576231479645, 0.955390453338623),
            ["RightLowerLeg"] = CFrame.new(5.960464477539063e-08, 1.7881393432617188e-07, -3.55576048605144e-08, 1, -9.313225746154785e-08, -1.4528639269428822e-07, 1.4156104555240745e-07, 0.11726989597082138, 0.993100106716156, -1.1175872316471214e-07, -0.993100106716156, 0.11727011203765869),
            ["RightFoot"] = CFrame.new(-1.4901161193847656e-08, 2.980232238769531e-07, -5.790934665128589e-08, 0.9958430528640747, 0.011185577139258385, -0.09039633721113205, -0.021795399487018585, 0.9928630590438843, -0.11725121736526489, 0.08843965083360672, 0.11873435229063034, 0.9889796376228333),
            ["LeftLowerLeg"] = CFrame.new(8.847564458847046e-09, 5.960464477539063e-08, 1.862645149230957e-08, 1, -3.725291186640334e-09, -1.0244553649840782e-08, -3.725290742551124e-09, 0.9999877214431763, 0.004958376754075289, 4.190952029858863e-09, -0.004958386067301035, 0.9999877214431763),
        }},
        {Time = 0.267, Data = {
            ["LeftFoot"] = CFrame.new(-5.3085386753082275e-08, 5.960464477539063e-08, 2.0489096641540527e-08, 0.9989432692527771, 0.009277627803385258, 0.045015979558229446, -0.004049588460475206, 0.9933726787567139, -0.1148664578795433, -0.04578336700797081, 0.1145629808306694, 0.9923604726791382),
            ["LeftLowerArm"] = CFrame.new(1.7881393432617188e-07, -1.1920928955078125e-07, 2.9802322387695312e-08, 1, -1.1920926112907182e-07, 4.4703469370688254e-08, 1.4901159772762185e-07, -0.2806050181388855, -0.9598233103752136, 1.7881390590446244e-07, 0.9598233103752136, -0.28060516715049744),
            ["LowerTorso"] = CFrame.new(-0.1322573721408844, -0.025840401649475098, -0.023869261145591736, 0.9967350363731384, 0.06003591790795326, -0.05399039015173912, -0.06556541472673416, 0.9920651912689209, -0.10727477073669434, 0.047121644020080566, 0.1104644238948822, 0.9927623867988586),
            ["Head"] = CFrame.new(-1.1641532182693481e-08, 3.5762786865234375e-07, -3.259629011154175e-09, 0.9904613494873047, -0.12128907442092896, 0.06538646668195724, 0.11681780964136124, 0.9907982349395752, 0.0683550238609314, -0.07307551056146622, -0.06006459891796112, 0.9955161213874817),
            ["RightUpperArm"] = CFrame.new(1.1920928955078125e-07, 4.76837158203125e-07, -7.916241884231567e-09, 0.8643484711647034, -0.09056363999843597, 0.49467167258262634, 0.23817528784275055, 0.9400560855865479, -0.2440641075372696, -0.44291552901268005, 0.32877492904663086, 0.834105908870697),
            ["UpperTorso"] = CFrame.new(4.0745362639427185e-10, 0, -9.778887033462524e-09, 0.9961110949516296, 0.034659020602703094, -0.08100336045026779, -0.02735881507396698, 0.995606005191803, 0.08955566585063934, 0.08375135064125061, -0.08699122816324234, 0.9926823973655701),
            ["HumanoidRootPart"] = CFrame.new(0, 0, 0, 1, 0, 0, 0, 1, 0, 0, 0, 1),
            ["RightHand"] = CFrame.new(-2.9802322387695312e-08, -2.384185791015625e-07, -2.0116567611694336e-07, 0.5489118695259094, -0.5380826592445374, 0.6396582126617432, 0.7783603668212891, 0.6080042123794556, -0.15648186206817627, -0.3047146499156952, 0.5837791562080383, 0.7525628805160522),
            ["LeftUpperArm"] = CFrame.new(-1.1920928955078125e-07, 4.76837158203125e-07, -1.1641532182693481e-08, 0.6773877739906311, -0.2787568271160126, -0.6807647347450256, -0.1975691318511963, 0.822482168674469, -0.5333757400512695, 0.7085988521575928, 0.49580007791519165, 0.5020654201507568),
            ["RightLowerArm"] = CFrame.new(0, 5.960464477539063e-08, 0, 1, -8.195638656616211e-08, 1.2293457984924316e-07, 9.313224325069314e-08, -0.24473166465759277, -0.9695908427238464, 1.378357268322361e-07, 0.9695909023284912, -0.2447318285703659),
            ["LeftHand"] = CFrame.new(0, 0, -1.1920928955078125e-07, 0.9554851055145264, 0.07097486406564713, -0.2863755226135254, -0.14323391020298004, 0.96016526222229, -0.2399309277534485, 0.2579386830329895, 0.27026882767677307, 0.9275895357131958),
            ["RightUpperLeg"] = CFrame.new(-2.9802322387695312e-08, -1.874977897386998e-07, -8.592905942350626e-09, 0.9831346869468689, -0.18180079758167267, -0.01986534334719181, 0.1585334837436676, 0.901350200176239, -0.4030321538448334, 0.09117718786001205, 0.3930855393409729, 0.9149701595306396),
            ["LeftUpperLeg"] = CFrame.new(-5.960464477539063e-08, -7.404014468193054e-08, 3.725290298461914e-09, 0.9798478484153748, -0.13610310852527618, 0.14619910717010498, 0.10143175721168518, 0.9695717096328735, 0.22280561923980713, -0.1720750480890274, -0.20348653197288513, 0.9638379216194153),
