return {
    ["exes"] = {
        {Time = 0.000, Data = {
            ["RightFoot"] = CFrame.new(-8.940696716308594e-08, 3.5762786865234375e-07, -5.790934665128589e-08, 0.8404685854911804, 0.3442922830581665, -0.41842082142829895, -0.44326624274253845, 0.8809855580329895, -0.16546696424484253, 0.3116530478000641, 0.32454171776771545, 0.8930536508560181),
            ["LeftLowerArm"] = CFrame.new(0, 1.7881393432617188e-07, -8.195638656616211e-08, 1, -4.917385467706481e-07, 4.172323713191872e-07, -4.7683693082944956e-07, 0.7520635724067688, -0.6590909361839294, -9.685750512744562e-08, 0.6590905785560608, 0.7520632743835449),
            ["RightUpperArm"] = CFrame.new(1.1920928955078125e-07, -0.06523823738098145, 3.725290298461914e-09, 0.6183292865753174, -0.49523288011550903, 0.6102570295333862, 0.17783597111701965, 0.8445128202438354, 0.5051459670066833, -0.7655346393585205, -0.20382027328014374, 0.6102572083473206),
            ["Head"] = CFrame.new(0, -2.384185791015625e-07, 7.35744833946228e-08, 0.999222457408905, 0.01843436248600483, -0.034853652119636536, -0.028462804853916168, 0.9489681124687195, -0.31408482789993286, 0.027285080403089523, 0.31483280658721924, 0.9487549662590027),
            ["LowerTorso"] = CFrame.new(0.2134876251220703, -0.2152876853942871, 0.1480948030948639, 0.032251033931970596, 0.01915823481976986, 0.9992961883544922, 0.01437231432646513, 0.9997040629386902, -0.019629985094070435, -0.9993764758110046, 0.014995180070400238, 0.03196626156568527),
            ["UpperTorso"] = CFrame.new(-3.864988684654236e-08, -1.4901161193847656e-07, 9.313225746154785e-10, 0.9938278794288635, 0.05115165561437607, 0.09843619167804718, -0.08160486817359924, 0.9381863474845886, 0.3363734185695648, -0.07514534890651703, -0.34233036637306213, 0.9365699291229248),
            ["HumanoidRootPart"] = CFrame.new(0, 0, 0, 1, 0, 0, 0, 1, 0, 0, 0, 1),
            ["RightUpperLeg"] = CFrame.new(-0.000025510787963867188, -0.00012594368308782578, -0.004997489042580128, 0.9708728790283203, -0.23653140664100647, 0.038197726011276245, 0.23737359046936035, 0.9279060363769531, -0.28747835755348206, 0.03255406394600868, 0.2881724238395691, 0.9570252299308777),
            ["LeftUpperArm"] = CFrame.new(-1.1920928955078125e-07, -0.06523823738098145, 1.341104507446289e-07, 0.9171859622001648, 0.1385384202003479, 0.37360042333602905, -0.10935664921998978, 0.9891283512115479, -0.09831733256578445, -0.3831593990325928, 0.0493193082511425, 0.9223646521568298),
            ["RightLowerArm"] = CFrame.new(0, 1.1920928955078125e-07, 7.450580596923828e-08, 1, 4.88013313315605e-07, -3.539024646670441e-07, 4.991888999938965e-07, 0.8611102104187012, -0.5084182620048523, -5.960464477539063e-08, 0.5084185004234314, 0.8611103296279907),
            ["LeftHand"] = CFrame.new(2.0116567611694336e-07, 5.960464477539063e-08, -1.1175870895385742e-07, 0.6585015654563904, 0.1811692714691162, -0.73044753074646, 0.07964146137237549, 0.9483667612075806, 0.30701518058776855, 0.7483534216880798, -0.2603422999382019, 0.6100721955299377),
            ["LeftFoot"] = CFrame.new(2.7939677238464355e-08, 0, -2.9802322387695312e-08, 0.9571624994277954, -0.2546018064022064, -0.13790512084960938, 0.23579782247543335, 0.9617992043495178, -0.13907523453235626, 0.16804571449756622, 0.10059984773397446, 0.9806326627731323),
            ["RightHand"] = CFrame.new(-1.1920928955078125e-07, -1.7881393432617188e-07, 2.0116567611694336e-07, 0.8641390204429626, 0.26872894167900085, 0.42549821734428406, -0.2442689836025238, 0.9631908535957336, -0.11223532259464264, -0.4399961233139038, -0.006948297843337059, 0.8979724645614624),
            ["RightLowerLeg"] = CFrame.new(1.7578713595867157e-08, 1.1920928955078125e-07, -6.220943760126829e-09, 1, 1.0803335470654929e-07, 1.862644296579674e-07, 4.880130859419296e-07, 0.5658206343650818, 0.8245284557342529, 9.31322685637781e-10, -0.8245283365249634, 0.565820574760437),
            ["LeftUpperLeg"] = CFrame.new(0.000025540590286254883, 0.0001255811657756567, 0.004997480660676956, 0.953460156917572, 0.2982889711856842, -0.044015418738126755, -0.2697173058986664, 0.7785047888755798, -0.5667296051979065, -0.1347827911376953, 0.5522263646125793, 0.8227273225784302),
            ["LeftLowerLeg"] = CFrame.new(-2.551823854446411e-07, 1.1920928955078125e-07, 8.568167686462402e-08, 1, 8.009374852235851e-08, 4.842879164357328e-08, -5.21540641784668e-08, 0.7330217361450195, 0.6802051663398743, 2.9802322387695312e-08, -0.680205225944519, 0.7330217957496643),
        }},
        {Time = 0.033, Data = {
            ["RightFoot"] = CFrame.new(5.8673322200775146e-08, 4.172325134277344e-07, -4.300818545743823e-08, 0.8140077590942383, 0.3243263363838196, -0.48187604546546936, -0.5023004412651062, 0.8096523880958557, -0.3035736083984375, 0.2916945517063141, 0.4891578257083893, 0.8219724297523499),
            ["LeftLowerArm"] = CFrame.new(5.960464477539063e-08, -5.960464477539063e-08, -2.9802322387695312e-08, 1, -2.2351753159455257e-07, 1.341104507446289e-07, -2.5331965503028187e-07, 0.8660787343978882, -0.49990758299827576, -8.195635814445268e-08, 0.4999077618122101, 0.8660787343978882),
            ["RightUpperArm"] = CFrame.new(0, -0.06523752212524414, 6.705522537231445e-08, 0.5962314009666443, -0.5015872120857239, 0.6268326640129089, 0.08001784980297089, 0.8140366077423096, 0.5752751231193542, -0.7988149523735046, -0.2928389012813568, 0.5254898071289062),
            ["Head"] = CFrame.new(-5.587935447692871e-09, 1.1920928955078125e-07, 1.1641532182693481e-07, 0.9825218915939331, 0.005619917064905167, 0.18606255948543549, 0.05124497413635254, 0.9527562260627747, -0.29938164353370667, -0.17895464599132538, 0.30368396639823914, 0.9358159303665161),
            ["LowerTorso"] = CFrame.new(0.22041356563568115, -0.30005455017089844, 0.1519460380077362, -0.006494064815342426, 0.01642768271267414, 0.9998440146446228, -0.009862887673079967, 0.9998154044151306, -0.016491368412971497, -0.9999302625656128, -0.009968548081815243, -0.006330737844109535),
            ["UpperTorso"] = CFrame.new(-1.280568540096283e-08, 5.960464477539063e-08, -3.41096892952919e-08, 0.9965548515319824, 0.03318047523498535, 0.076010562479496, -0.05734927952289581, 0.9377519488334656, 0.34253835678100586, -0.05991336330771446, -0.3457171320915222, 0.9364240169525146),
            ["HumanoidRootPart"] = CFrame.new(0, 0, 0, 1, 0, 0, 0, 1, 0, 0, 0, 1),
            ["RightUpperLeg"] = CFrame.new(-0.000025510787963867188, -0.00012534926645457745, -0.004997509531676769, 0.9649533033370972, -0.2502349317073822, 0.07904329895973206, 0.26213538646698, 0.9050668478012085, -0.3348715007305145, 0.012257502414286137, 0.3438552916049957, 0.9389426708221436),
            ["LeftUpperArm"] = CFrame.new(-2.384185791015625e-07, -0.06523752212524414, 7.450580596923828e-09, 0.9033181071281433, 0.16639429330825806, 0.39538562297821045, -0.12045562267303467, 0.98301100730896, -0.13849066197872162, -0.4117121398448944, 0.07747446745634079, 0.9080146551132202),
            ["RightLowerArm"] = CFrame.new(-8.940696716308594e-08, 2.384185791015625e-07, 2.8312206268310547e-07, 1, 3.7252920748187535e-08, -2.60770320892334e-07, 3.27825517842939e-07, 0.9228671193122864, -0.3851185739040375, -2.0861622829215776e-07, 0.3851184546947479, 0.9228671789169312),
            ["LeftHand"] = CFrame.new(2.60770320892334e-08, -1.1920928955078125e-07, -6.705522537231445e-08, 0.6894437670707703, 0.16721202433109283, -0.7047748565673828, 0.06345032900571823, 0.955308198928833, 0.2887222468852997, 0.7215548753738403, -0.24377548694610596, 0.6480215787887573),
            ["LeftFoot"] = CFrame.new(2.60770320892334e-08, 5.960464477539063e-08, 2.9802322387695312e-08, 0.9560479521751404, -0.2580006718635559, -0.1393122673034668, 0.2295491099357605, 0.9542039036750793, -0.19183966517448425, 0.18242716789245605, 0.15142901241779327, 0.971488356590271),
            ["RightHand"] = CFrame.new(-1.4901161193847656e-08, -2.384185791015625e-07, -1.1548399925231934e-07, 0.8862898945808411, 0.23244816064834595, 0.40057241916656494, -0.20850378274917603, 0.9725774526596069, -0.10305121541023254, -0.41354143619537354, 0.007812425494194031, 0.9104516506195068),
            ["RightLowerLeg"] = CFrame.new(-2.916203811764717e-08, 0, -2.029992174357176e-09, 1, 1.6298132621272998e-08, 2.468003685862641e-07, 5.720646640838822e-07, 0.4148864150047302, 0.9098731875419617, -1.583247808412125e-07, -0.9098731875419617, 0.414886474609375),
            ["LeftUpperLeg"] = CFrame.new(0.0000254213809967041, 0.00012578209862113, 0.004997482988983393, 0.960930585861206, 0.26529139280319214, -0.07894889265298843, -0.24922585487365723, 0.7052099108695984, -0.6637508869171143, -0.12041157484054565, 0.6574949026107788, 0.7437754273414612),
            ["LeftLowerLeg"] = CFrame.new(-3.3527612686157227e-08, -2.384185791015625e-07, -7.450580596923828e-08, 1, 6.51925802230835e-08, 7.4505820180093e-08, -1.4901157641133977e-08, 0.5999583005905151, 0.8000313639640808, 1.4901157641133977e-08, -0.800031304359436, 0.5999583005905151),
        }},
        {Time = 0.067, Data = {
            ["RightFoot"] = CFrame.new(5.960464477539063e-08, 4.172325134277344e-07, 1.6952981241047382e-09, 0.7876157164573669, 0.2880895733833313, -0.5446709990501404, -0.549662172794342, 0.7279714345932007, -0.4097912907600403, 0.2784477472305298, 0.622143030166626, 0.7317134737968445),
            ["LeftLowerArm"] = CFrame.new(-5.960464477539063e-08, 4.76837158203125e-07, -1.4901161193847656e-08, 1, 9.685753354915505e-08, 1.1175868053214799e-07, 2.2351734685344127e-08, 0.9217466115951538, -0.38779255747795105, 5.21540464148984e-08, 0.38779282569885254, 0.9217466711997986),
            ["RightUpperArm"] = CFrame.new(1.1920928955078125e-07, -0.06523752212524414, 0, 0.576374888420105, -0.49422192573547363, 0.6507965326309204, -0.004037871956825256, 0.7946558594703674, 0.6070470809936523, -0.8171754479408264, -0.3525150716304779, 0.45602384209632874),
            ["Head"] = CFrame.new(3.725290298461914e-09, 1.1920928955078125e-07, -7.636845111846924e-08, 0.9553882479667664, 0.008317726664245129, 0.2952359914779663, 0.08162396401166916, 0.9532372355461121, -0.2909919321537018, -0.2838502824306488, 0.30210864543914795, 0.9100326895713806),
            ["LowerTorso"] = CFrame.new(0.22239132225513458, -0.36383676528930664, 0.15451791882514954, -0.028560779988765717, 0.01695096120238304, 0.9994483590126038, -0.0958922803401947, 0.9951983690261841, -0.019619246944785118, -0.9949818849563599, -0.09639981389045715, -0.02679804526269436),
            ["UpperTorso"] = CFrame.new(-1.30385160446167e-08, 8.940696716308594e-08, -8.149072527885437e-09, 0.9975948929786682, -0.06147732958197594, 0.03201666474342346, 0.04610247164964676, 0.9334160685539246, 0.3558215796947479, -0.05175970122218132, -0.3534897267818451, 0.9340053200721741),
            ["HumanoidRootPart"] = CFrame.new(0, 0, 0, 1, 0, 0, 0, 1, 0, 0, 0, 1),
            ["RightUpperLeg"] = CFrame.new(-0.00002536177635192871, -0.00012545776553452015, -0.004997489042580128, 0.9383667707443237, -0.2978188395500183, 0.17541992664337158, 0.34300824999809265, 0.8649019002914429, -0.36645570397377014, -0.04258306324481964, 0.4040403962135315, 0.9137494564056396),
            ["LeftUpperArm"] = CFrame.new(5.960464477539063e-08, -0.06523764133453369, 7.450580596923828e-08, 0.8878148794174194, 0.21301160752773285, 0.4079347252845764, -0.13649161159992218, 0.9684238433837891, -0.20862749218940735, -0.4394938349723816, 0.12954306602478027, 0.8888553380966187),
            ["RightLowerArm"] = CFrame.new(1.7881393432617188e-07, 0, -3.2782554626464844e-07, 1, -4.0233129539046786e-07, -1.1920926112907182e-07, -3.5762795391747204e-07, 0.9475784301757812, -0.31952306628227234, -2.98023280720372e-07, 0.31952324509620667, 0.9475785493850708),
            ["LeftHand"] = CFrame.new(-7.450580596923828e-08, 2.980232238769531e-07, 5.960464477539063e-08, 0.7223843336105347, 0.1434321254491806, -0.6764527559280396, 0.03495333343744278, 0.9694265127182007, 0.2428794950246811, 0.6906078457832336, -0.1990966498851776, 0.6952850818634033),
            ["LeftFoot"] = CFrame.new(-2.7939677238464355e-08, 0, 1.4901161193847656e-08, 0.9558435678482056, -0.2582348585128784, -0.14027783274650574, 0.22849181294441223, 0.9532287120819092, -0.197855144739151, 0.18480989336967468, 0.15706661343574524, 0.9701420664787292),
            ["RightHand"] = CFrame.new(8.568167686462402e-08, 0, -2.3469328880310059e-07, 0.900188148021698, 0.20891177654266357, 0.3821229040622711, -0.1867057979106903, 0.977834939956665, -0.09476247429847717, -0.3934493660926819, 0.013959061354398727, 0.9192399382591248),
            ["RightLowerLeg"] = CFrame.new(-1.341104507446289e-07, -1.7881393432617188e-07, -1.3205863069742918e-08, 1, -5.960460924825384e-08, 2.421437557131867e-07, 5.625184940072359e-07, 0.2399826943874359, 0.970777153968811, -1.5646209305941738e-07, -0.9707772135734558, 0.23998257517814636),
            ["LeftUpperLeg"] = CFrame.new(0.000025480985641479492, 0.00012560654431581497, 0.004997488111257553, 0.9799412488937378, 0.19605182111263275, -0.03576386719942093, -0.16589181125164032, 0.7030390501022339, -0.6915315389633179, -0.11043236404657364, 0.6835933327674866, 0.7214604020118713),
            ["LeftLowerLeg"] = CFrame.new(-4.470348358154297e-08, 4.76837158203125e-07, 1.043081283569336e-07, 1, 4.470347292340193e-08, 7.450583439094771e-08, -4.470347647611561e-08, 0.5666508078575134, 0.8239579200744629, 0, -0.823958158493042, 0.5666511058807373),
        }},
        {Time = 0.100, Data = {
            ["RightFoot"] = CFrame.new(-7.450580596923828e-09, 3.5762786865234375e-07, 5.3849362302571535e-08, 0.7713198065757751, 0.23857896029949188, -0.5900393128395081, -0.5593777298927307, 0.6963376402854919, -0.4496776759624481, 0.3035825192928314, 0.676900327205658, 0.6705547571182251),
            ["LeftLowerArm"] = CFrame.new(1.7881393432617188e-07, 5.960464477539063e-08, -2.9802322387695312e-08, 1, -1.7136333951839333e-07, 8.940693874137651e-08, -1.1175866632129328e-07, 0.9393445253372192, -0.3429749608039856, -1.066363992663355e-07, 0.3429749011993408, 0.939344584941864),
            ["RightUpperArm"] = CFrame.new(1.1920928955078125e-07, -0.0652381181716919, 7.450580596923828e-08, 0.5602545142173767, -0.4942205846309662, 0.6647259593009949, -0.06615759432315826, 0.7732362151145935, 0.6306576728820801, -0.825674295425415, -0.3973056972026825, 0.4005127549171448),
            ["Head"] = CFrame.new(9.313225746154785e-09, 0, 1.4901161193847656e-07, 0.9506326913833618, 0.0024495499674230814, 0.3103089928627014, 0.0909954309463501, 0.95381098985672, -0.2862941324710846, -0.29667726159095764, 0.3003973066806793, 0.906501054763794),
            ["LowerTorso"] = CFrame.new(0.21682099997997284, -0.3863673210144043, 0.15595383942127228, -0.03374646231532097, 0.028001558035612106, 0.9990381002426147, -0.1274610161781311, 0.9913243055343628, -0.032090961933135986, -0.9912693500518799, -0.12842150032520294, -0.0298844613134861),
            ["UpperTorso"] = CFrame.new(3.213062882423401e-08, 1.1920928955078125e-07, 1.234002411365509e-08, 0.9951725602149963, -0.09741280227899551, 0.01193414069712162, 0.08614081889390945, 0.9252734184265137, 0.3693901300430298, -0.047025613486766815, -0.3665788471698761, 0.9291978478431702),
            ["HumanoidRootPart"] = CFrame.new(0, 0, 0, 1, 0, 0, 0, 1, 0, 0, 0, 1),
            ["RightUpperLeg"] = CFrame.new(-0.000025570392608642578, -0.0001254221424460411, -0.004997430369257927, 0.9277390241622925, -0.2914130687713623, 0.23319277167320251, 0.35972321033477783, 0.8647135496139526, -0.3505276143550873, -0.0994962528347969, 0.40908312797546387, 0.9070565104484558),
            ["LeftUpperArm"] = CFrame.new(0, -0.0652381181716919, 1.2665987014770508e-07, 0.8671499490737915, 0.24426592886447906, 0.43403390049934387, -0.13139303028583527, 0.9527961015701294, -0.2737072706222534, -0.4804028570652008, 0.18031613528728485, 0.8583117127418518),
            ["RightLowerArm"] = CFrame.new(5.960464477539063e-08, -1.7881393432617188e-07, -6.705522537231445e-07, 1, -4.470350489782504e-08, -8.940696716308594e-08, 1.0430816388407038e-07, 0.9554866552352905, -0.2950344681739807, -1.4901166522918174e-08, 0.29503461718559265, 0.9554866552352905),
            ["LeftHand"] = CFrame.new(4.842877388000488e-08, 2.980232238769531e-07, -2.9802322387695312e-08, 0.7406779527664185, 0.14309905469417572, -0.6564443707466125, -0.02988108992576599, 0.9831040501594543, 0.18059226870536804, 0.671195387840271, -0.11414492130279541, 0.7324392795562744),
            ["LeftFoot"] = CFrame.new(-1.2852251529693604e-07, -5.960464477539063e-08, -5.960464477539063e-08, 0.9555124640464783, -0.2592640519142151, -0.14063434302806854, 0.227861687541008, 0.9516150951385498, -0.2061743289232254, 0.18728329241275787, 0.16495729982852936, 0.9683564901351929),
            ["RightHand"] = CFrame.new(7.450580596923828e-09, -1.1920928955078125e-07, 3.3527612686157227e-08, 0.9089303612709045, 0.1927860528230667, 0.369701623916626, -0.17274418473243713, 0.9811239838600159, -0.08692242205142975, -0.37947994470596313, 0.015142766758799553, 0.9250758290290833),
            ["RightLowerLeg"] = CFrame.new(-1.0803341865539551e-07, 5.960464477539063e-08, -5.75528247281909e-09, 1, -8.940691031966708e-08, 1.639127589214695e-07, 5.029140197621018e-07, 0.17691107094287872, 0.9842268824577332, -7.450577932388569e-09, -0.9842268228530884, 0.1769111305475235),
            ["LeftUpperLeg"] = CFrame.new(0.00002562999725341797, 0.00012578675523400307, 0.004997532814741135, 0.9847217798233032, 0.17329899966716766, -0.01704024150967598, -0.13706877827644348, 0.7110370993614197, -0.6896654963493347, -0.10740186274051666, 0.6814644932746887, 0.7239276170730591),
            ["LeftLowerLeg"] = CFrame.new(3.725290298461914e-08, -1.1920928955078125e-07, -9.685754776000977e-08, 1, 7.264314660915261e-08, 5.587938645135182e-08, -7.450579886381092e-08, 0.5522772669792175, 0.8336603045463562, 2.9802318834981634e-08, -0.8336606025695801, 0.552277684211731),
        }},
        {Time = 0.133, Data = {
            ["RightFoot"] = CFrame.new(1.4901161193847656e-08, 4.172325134277344e-07, 3.894820110872388e-08, 0.7689894437789917, 0.19757327437400818, -0.6079638600349426, -0.5426769852638245, 0.7044163942337036, -0.4574925899505615, 0.3378712236881256, 0.6817348599433899, 0.6489071846008301),
            ["LeftLowerArm"] = CFrame.new(-8.940696716308594e-08, 1.1920928955078125e-07, -8.940696716308594e-08, 1, -1.4901164746561335e-08, -7.450581307466564e-08, 8.568167686462402e-08, 0.9262290596961975, -0.37696099281311035, 1.1175870895385742e-08, 0.37696120142936707, 0.9262292385101318),
            ["RightUpperArm"] = CFrame.new(0, -0.06523764133453369, 5.587935447692871e-08, 0.5347263216972351, -0.505448043346405, 0.6771923899650574, -0.11993637681007385, 0.7478781938552856, 0.6529116034507751, -0.8364705443382263, -0.43034934997558594, 0.3392888009548187),
            ["Head"] = CFrame.new(9.313225746154785e-10, 1.1920928955078125e-07, 3.771856427192688e-08, 0.9666832685470581, -0.003272043773904443, 0.25595468282699585, 0.0766272321343422, 0.9577634930610657, -0.2771596610546112, -0.24423736333847046, 0.2875387370586395, 0.9261046648025513),
            ["LowerTorso"] = CFrame.new(0.20120780169963837, -0.3785104751586914, 0.1563996970653534, -0.021968822926282883, 0.04544724151492119, 0.998725175857544, -0.12709540128707886, 0.9907342195510864, -0.047879431396722794, -0.9916472434997559, -0.12798531353473663, -0.015989013016223907),
            ["UpperTorso"] = CFrame.new(-6.705522537231445e-08, 4.172325134277344e-07, -3.527384251356125e-08, 0.9950221180915833, -0.09951850771903992, -0.005209456663578749, 0.09416356682777405, 0.9217974543571472, 0.376062273979187, -0.03262299671769142, -0.3746807277202606, 0.9265797138214111),
            ["HumanoidRootPart"] = CFrame.new(0, 0, 0, 1, 0, 0, 0, 1, 0, 0, 0, 1),
            ["RightUpperLeg"] = CFrame.new(-0.000025451183319091797, -0.0001257592812180519, -0.004997464828193188, 0.9287532567977905, -0.2713300585746765, 0.25258198380470276, 0.3451596796512604, 0.8814881443977356, -0.3222469687461853, -0.13521234691143036, 0.38646939396858215, 0.9123372435569763),
            ["LeftUpperArm"] = CFrame.new(0, -0.06523787975311279, 8.940696716308594e-08, 0.8270218372344971, 0.2763842046260834, 0.48953691124916077, -0.10953670740127563, 0.9333330988883972, -0.34189340472221375, -0.5513952374458313, 0.22913114726543427, 0.8021611571311951),
            ["RightLowerArm"] = CFrame.new(1.7881393432617188e-07, 0, 1.993030309677124e-07, 1, -5.96046660916727e-08, 1.0430815677864302e-07, -7.450580596923828e-08, 0.9565442204475403, -0.2915875315666199, 8.940696716308594e-08, 0.2915876507759094, 0.9565442204475403),
            ["LeftHand"] = CFrame.new(-5.960464477539063e-08, 5.960464477539063e-08, -4.284083843231201e-08, 0.7462002635002136, 0.1634187251329422, -0.645352303981781, -0.12779273092746735, 0.9865366220474243, 0.10205231606960297, 0.6533408164978027, 0.00631952378898859, 0.7570375204086304),
            ["LeftFoot"] = CFrame.new(1.6763806343078613e-08, 5.960464477539063e-08, 7.450580596923828e-09, 0.9554816484451294, -0.25970107316970825, -0.1400361806154251, 0.2259710282087326, 0.9492799639701843, -0.2186434119939804, 0.18971510231494904, 0.17726567387580872, 0.9657043814659119),
            ["RightHand"] = CFrame.new(-1.6391277313232422e-07, 2.384185791015625e-07, 5.21540641784668e-08, 0.9151499271392822, 0.18014246225357056, 0.36062344908714294, -0.16236259043216705, 0.9835408926010132, -0.0792836844921112, -0.36897042393684387, 0.01400485634803772, 0.9293357729911804),
            ["RightLowerLeg"] = CFrame.new(-1.2479722499847412e-07, 1.7881393432617188e-07, -5.790934665128589e-08, 1, -2.0861612881617475e-07, 1.6391273049976007e-07, 4.4703452317662595e-07, 0.1848912388086319, 0.9827591180801392, 2.235172580355993e-08, -0.9827589988708496, 0.18489037454128265),
            ["LeftUpperLeg"] = CFrame.new(0.000025451183319091797, 0.0001257825642824173, 0.004997488111257553, 0.9832954406738281, 0.18189598619937897, -0.006636112462729216, -0.1402779072523117, 0.73407381772995, -0.6644230484962463, -0.11598414182662964, 0.6542550325393677, 0.7473273277282715),
            ["LeftLowerLeg"] = CFrame.new(9.685754776000977e-08, -1.1920928955078125e-07, -1.7881393432617188e-07, 1, 5.960463766996327e-08, 3.7252917195473856e-08, -9.685756197086448e-08, 0.5556945204734802, 0.8313865065574646, 3.725290653733282e-08, -0.8313866257667542, 0.5556947588920593),
        }},
        {Time = 0.167, Data = {
            ["RightFoot"] = CFrame.new(1.4901161193847656e-08, 5.364418029785156e-07, -5.045876605436206e-08, 0.7073001861572266, 0.19674959778785706, -0.6789818406105042, -0.5528934597969055, 0.7524694204330444, -0.357908695936203, 0.44049444794654846, 0.6285535097122192, 0.6410031914710999),
            ["LeftLowerArm"] = CFrame.new(5.960464477539063e-08, -5.960464477539063e-08, -1.1175870895385742e-07, 1, -4.172325134277344e-07, 5.960463056453591e-08, -1.238658597912945e-07, 0.7923436164855957, -0.6100749969482422, -3.9488062952841574e-07, 0.610075056552887, 0.7923436760902405),
            ["RightUpperArm"] = CFrame.new(-5.960464477539063e-08, -0.065238356590271, -1.5087425708770752e-07, 0.5258287191390991, -0.5152103304862976, 0.6768037676811218, -0.13518759608268738, 0.7349526286125183, 0.6645063161849976, -0.8397788405418396, -0.44091156125068665, 0.3168092668056488),
            ["Head"] = CFrame.new(9.313225746154785e-10, 1.1920928955078125e-07, -1.4295801520347595e-07, 0.9888102412223816, -0.005110992584377527, 0.14909113943576813, 0.04259825497865677, 0.9674744606018066, -0.2493564635515213, -0.1429673433303833, 0.25291749835014343, 0.9568663835525513),
            ["LowerTorso"] = CFrame.new(0.17223231494426727, -0.34268975257873535, 0.15506568551063538, 0.048164643347263336, 0.06380195915699005, 0.996799647808075, -0.09748349338769913, 0.993493914604187, -0.05888013914227486, -0.9940710067749023, -0.09433572739362717, 0.05407103896141052),
            ["UpperTorso"] = CFrame.new(3.259629011154175e-08, 1.1920928955078125e-07, 6.984919309616089e-09, 0.9967533349990845, -0.08046763390302658, -0.0028195364866405725, 0.07591765373945236, 0.9275756478309631, 0.36584150791168213, -0.026822954416275024, -0.36486777663230896, 0.9306729435920715),
            ["HumanoidRootPart"] = CFrame.new(0, 0, 0, 1, 0, 0, 0, 1, 0, 0, 0, 1),
            ["RightUpperLeg"] = CFrame.new(-0.000025510787963867188, -0.00012558139860630035, -0.0049974918365478516, 0.9425461292266846, -0.21526816487312317, 0.25547367334365845, 0.29053059220314026, 0.9056922793388367, -0.30872854590415955, -0.16492070257663727, 0.3652138411998749, 0.9161986708641052),
            ["LeftUpperArm"] = CFrame.new(1.1920928955078125e-07, -0.06523799896240234, -1.043081283569336e-07, 0.7340466380119324, 0.3337881863117218, 0.5914068222045898, -0.06954096257686615, 0.9032367467880249, -0.42347049713134766, -0.6755292415618896, 0.26971980929374695, 0.6862294673919678),
            ["RightLowerArm"] = CFrame.new(0, -5.960464477539063e-08, 1.955777406692505e-08, 1, 3.5762803918260033e-07, -3.1292427138396306e-07, 3.5762769812208717e-07, 0.954732358455658, -0.2974666357040405, -7.450577044210149e-08, 0.2974664866924286, 0.9547322392463684),
            ["LeftHand"] = CFrame.new(4.470348358154297e-08, 0, 1.6391277313232422e-07, 0.7102941274642944, 0.2244676947593689, -0.6671555638313293, -0.27775412797927856, 0.9602621793746948, 0.02737092226743698, 0.6467882990837097, 0.16586394608020782, 0.7444154024124146),
            ["LeftFoot"] = CFrame.new(9.313225746154785e-09, 1.1920928955078125e-07, -1.4901161193847656e-08, 0.9542806148529053, -0.26011529564857483, -0.1472698152065277, 0.22426222264766693, 0.9487684965133667, -0.22258689999580383, 0.19762325286865234, 0.1793835461139679, 0.9637255072593689),
            ["RightHand"] = CFrame.new(1.4901161193847656e-08, 0, -3.725290298461914e-08, 0.9202210903167725, 0.1690097600221634, 0.353027880191803, -0.15348409116268158, 0.9855432510375977, -0.07174630463123322, -0.36004966497421265, 0.011839265003800392, 0.9328579306602478),
            ["RightLowerLeg"] = CFrame.new(-4.0046870708465576e-08, 0, -3.55576048605144e-08, 1, -3.7252885221050747e-08, 1.9744035739677201e-07, 4.768368739860307e-07, 0.23860856890678406, 0.9711158275604248, -5.215403220404369e-08, -0.9711158871650696, 0.23860852420330048),
            ["LeftUpperLeg"] = CFrame.new(0.000025600194931030273, 0.0001257341355085373, 0.004997462034225464, 0.9678400754928589, 0.2502545118331909, 0.025658490136265755, -0.18014582991600037, 0.7606434226036072, -0.6236737370491028, -0.17559394240379333, 0.5989943742752075, 0.781263530254364),
            ["LeftLowerLeg"] = CFrame.new(-2.60770320892334e-08, 1.7881393432617188e-07, -2.1606683731079102e-07, 1, 1.0058280253133489e-07, 4.842879164357328e-08, -8.195637946073475e-08, 0.5506709814071655, 0.8347222208976746, 3.725289943190546e-08, -0.8347223997116089, 0.5506711602210999),
        }},
        {Time = 0.200, Data = {
            ["RightFoot"] = CFrame.new(-3.3993273973464966e-08, 3.5762786865234375e-07, 2.4047039914876223e-08, 0.6393876075744629, 0.27429836988449097, -0.718292772769928, -0.5367482900619507, 0.8281337022781372, -0.16154184937477112, 0.5505315661430359, 0.4888303577899933, 0.6767272353172302),
            ["LeftLowerArm"] = CFrame.new(2.9802322387695312e-08, -4.172325134277344e-07, 3.762543201446533e-07, 1, -1.7974514321394963e-07, -2.0861619987044833e-07, 3.3527601317473454e-07, 0.413528174161911, -0.9104912281036377, -1.043080928297968e-07, 0.9104913473129272, 0.41352835297584534),
            ["RightUpperArm"] = CFrame.new(-1.7881393432617188e-07, -0.06523740291595459, -2.60770320892334e-08, 0.5392169952392578, -0.5181518793106079, 0.6639004349708557, -0.10731460154056549, 0.7396225929260254, 0.6644110083580017, -0.8353015780448914, -0.4295080006122589, 0.3432117998600006),
            ["Head"] = CFrame.new(0, 3.5762786865234375e-07, 1.1175870895385742e-08, 0.9999832510948181, -0.0019264789298176765, 0.005477633327245712, 0.002953446004539728, 0.9809626936912537, -0.19417411088943481, -0.004999240860342979, 0.1941870003938675, 0.9809519052505493),
            ["LowerTorso"] = CFrame.new(0.1319425404071808, -0.2769138813018799, 0.15111762285232544, 0.19747672975063324, 0.07050275802612305, 0.9777690172195435, -0.052746981382369995, 0.9967297911643982, -0.06121690943837166, -0.9788874983787537, -0.03948556259274483, 0.2005498707294464),
            ["UpperTorso"] = CFrame.new(-2.60770320892334e-08, 5.960464477539063e-08, 0, 0.9978366494178772, -0.05641947686672211, 0.033749770373106, 0.04194122925400734, 0.9416144490242004, 0.33407092094421387, -0.050627294927835464, -0.33193254470825195, 0.9419435262680054),
            ["HumanoidRootPart"] = CFrame.new(0, 0, 0, 1, 0, 0, 0, 1, 0, 0, 0, 1),
            ["RightUpperLeg"] = CFrame.new(-0.0000254213809967041, -0.000125788152217865, -0.004997508600354195, 0.9468895792961121, -0.16542120277881622, 0.27574679255485535, 0.25171133875846863, 0.9149388074874878, -0.3154810667037964, -0.2001037746667862, 0.36813443899154663, 0.9079842567443848),
            ["LeftUpperArm"] = CFrame.new(0, -0.06523752212524414, -1.4901161193847656e-08, 0.5790590047836304, 0.42564618587493896, 0.6953532099723816, -0.01784403994679451, 0.8593077063560486, -0.5111477375030518, -0.8150904178619385, 0.2835768163204193, 0.5051851272583008),
            ["RightLowerArm"] = CFrame.new(0, -1.1920928955078125e-07, -1.3969838619232178e-07, 1, -1.4901166522918174e-08, -1.4901161193847656e-07, 7.450580596923828e-08, 0.9493008852005005, -0.3143693506717682, -2.9802322387695312e-08, 0.31436923146247864, 0.9493007659912109),
            ["LeftHand"] = CFrame.new(-5.960464477539063e-08, 0, -2.2351741790771484e-07, 0.6267101764678955, 0.32695406675338745, -0.7073438167572021, -0.4745462238788605, 0.8801249861717224, -0.013632883317768574, 0.6180940270423889, 0.34421098232269287, 0.7067381739616394),
            ["LeftFoot"] = CFrame.new(-8.940696716308594e-08, 0, -5.21540641784668e-08, 0.9500421285629272, -0.26287779211997986, -0.16827067732810974, 0.23006567358970642, 0.9541215896606445, -0.19162964820861816, 0.21092589199543, 0.14334304630756378, 0.966934859752655),
            ["RightHand"] = CFrame.new(9.872019290924072e-08, 0, -1.043081283569336e-07, 0.9652959108352661, 0.04693698510527611, 0.2569066882133484, -0.046072810888290405, 0.9988939762115479, -0.009388254024088383, -0.2570628821849823, -0.002773500047624111, 0.9663907289505005),
            ["RightLowerLeg"] = CFrame.new(-5.122274160385132e-09, -1.1920928955078125e-07, 2.7772330213338137e-08, 1, -2.933664333681918e-08, 2.589075620562653e-07, 3.9301812648773193e-07, 0.34013670682907104, 0.9403758645057678, -1.685693860054016e-07, -0.9403761029243469, 0.3401370644569397),
            ["LeftUpperLeg"] = CFrame.new(0.000025480985641479492, 0.00012557045556604862, 0.004997473210096359, 0.9220412373542786, 0.36973363161087036, 0.11461696028709412, -0.2477869689464569, 0.7912369966506958, -0.5590576529502869, -0.2973913550376892, 0.4870740473270416, 0.8211683630943298),
            ["LeftLowerLeg"] = CFrame.new(1.1548399925231934e-07, -5.960464477539063e-08, 8.940696716308594e-08, 1, 7.450580596923828e-08, 2.2351747119842003e-08, -3.725289943190546e-08, 0.5605126023292542, 0.8281458020210266, 3.725289943190546e-08, -0.8281458616256714, 0.5605127811431885),
        }},
        {Time = 0.233, Data = {
            ["RightFoot"] = CFrame.new(-5.21540641784668e-08, 3.5762786865234375e-07, 1.6596459317952394e-08, 0.7166554927825928, 0.38343545794487, -0.5825656652450562, -0.489482581615448, 0.8715468049049377, -0.028509249910712242, 0.49680158495903015, 0.30558690428733826, 0.8122835159301758),
            ["LeftLowerArm"] = CFrame.new(-2.9802322387695312e-08, 5.364418029785156e-07, -1.9371509552001953e-07, 1, -2.458692165419052e-07, -2.756715389296005e-07, 2.9802305334669654e-07, -0.15748797357082367, -0.9875209331512451, -7.450576333667414e-08, 0.9875209331512451, -0.1574878692626953),
            ["RightUpperArm"] = CFrame.new(0, -0.06523776054382324, -6.705522537231445e-08, 0.5259987711906433, -0.532856285572052, 0.6628643870353699, -0.08845105022192001, 0.7408949136734009, 0.6657711267471313, -0.8458734154701233, -0.4088263213634491, 0.34257829189300537),
            ["Head"] = CFrame.new(-1.6298145055770874e-08, 0, -8.847564458847046e-08, 0.9886392951011658, 0.006255521439015865, -0.1501772701740265, -0.02349293977022171, 0.9932849407196045, -0.1132829412817955, 0.14846013486385345, 0.11552410572767258, 0.9821475744247437),
            ["LowerTorso"] = CFrame.new(0.08586932718753815, -0.19744563102722168, 0.14463657140731812, 0.3894179165363312, 0.056380439549684525, 0.9193339347839355, -0.0177130289375782, 0.9983986020088196, -0.05372633412480354, -0.9208908677101135, 0.004637677222490311, 0.3897930383682251),
            ["UpperTorso"] = CFrame.new(3.725290298461914e-09, 1.7881393432617188e-07, -3.725290298461914e-09, 0.9956318140029907, -0.039190035313367844, 0.08474323153495789, 0.014068381860852242, 0.9602502584457397, 0.2787858843803406, -0.09230027347803116, -0.27637577056884766, 0.9566070437431335),
            ["HumanoidRootPart"] = CFrame.new(0, 0, 0, 1, 0, 0, 0, 1, 0, 0, 0, 1),
            ["RightUpperLeg"] = CFrame.new(-0.000025540590286254883, -0.00012541201431304216, -0.004997504875063896, 0.9594703912734985, -0.14825890958309174, 0.2396584004163742, 0.24296700954437256, 0.8660448789596558, -0.43695926666259766, -0.14277158677577972, 0.4774784743785858, 0.8669662475585938),
            ["LeftUpperArm"] = CFrame.new(5.960464477539063e-08, -0.06523776054382324, -8.940696716308594e-08, 0.3856142461299896, 0.5334124565124512, 0.7528429627418518, 0.04467096924781799, 0.804198145866394, -0.5926803350448608, -0.9215781092643738, 0.2621764838695526, 0.28628212213516235),
            ["RightLowerArm"] = CFrame.new(-2.9802322387695312e-08, -2.384185791015625e-07, -2.9802322387695312e-08, 1, -3.7252925721986685e-07, -2.980232949312267e-08, -2.533197118737007e-07, 0.9401713609695435, -0.34070175886154175, -2.9802318834981634e-08, 0.34070202708244324, 0.940171480178833),
            ["LeftHand"] = CFrame.new(-5.960464477539063e-08, -2.384185791015625e-07, 2.8312206268310547e-07, 0.4814858138561249, 0.49739009141921997, -0.7216470837593079, -0.7024690508842468, 0.7113853096961975, 0.021626587957143784, 0.5241265892982483, 0.4965219795703888, 0.6919233202934265),
            ["LeftFoot"] = CFrame.new(-2.60770320892334e-08, 0, -7.450580596923828e-09, 0.9421482086181641, -0.26946377754211426, -0.19936364889144897, 0.24958281219005585, 0.9609656929969788, -0.11938837915658951, 0.22375239431858063, 0.06272390484809875, 0.9726256132125854),
            ["RightHand"] = CFrame.new(2.5331974029541016e-07, -1.1920928955078125e-07, 1.1920928955078125e-07, 0.9841294884681702, -0.051023900508880615, 0.16995927691459656, 0.047770529985427856, 0.9985894560813904, 0.023176252841949463, -0.17090141773223877, -0.01468956470489502, 0.9851785898208618),
            ["RightLowerLeg"] = CFrame.new(-1.5459954738616943e-07, 1.7881393432617188e-07, 9.110226528719068e-08, 1, -1.7811534291922726e-07, 2.0861622829215776e-07, 4.246828950726922e-07, 0.3321106433868408, 0.9432404041290283, -2.2351731132630448e-08, -0.9432404637336731, 0.33211079239845276),
            ["LeftUpperLeg"] = CFrame.new(0.000025510787963867188, 0.00012588663958013058, 0.004997532814741135, 0.8412911891937256, 0.4687434434890747, 0.2692744731903076, -0.31153929233551025, 0.8274885416030884, -0.46712562441825867, -0.4417833685874939, 0.3090992569923401, 0.8421905636787415),
            ["LeftLowerLeg"] = CFrame.new(-2.2351741790771484e-07, 1.1920928955078125e-07, 5.960464477539063e-08, 1, 2.60770320892334e-08, 2.980232949312267e-08, -5.960464477539063e-08, 0.6213274002075195, 0.783551037311554, 2.2351741790771484e-08, -0.7835511565208435, 0.6213275194168091),
        }},
        {Time = 0.267, Data = {
            ["RightFoot"] = CFrame.new(8.940696716308594e-08, 2.384185791015625e-07, 4.639878170564771e-08, 0.8600047826766968, 0.38016852736473083, -0.34038829803466797, -0.4071764051914215, 0.9133079648017883, -0.008704722858965397, 0.3075699210166931, 0.14608415961265564, 0.940244734287262),
            ["LeftLowerArm"] = CFrame.new(2.980232238769531e-07, -1.1920928955078125e-07, -2.980232238769531e-07, 1, -4.470347647611561e-08, 2.1792935456232954e-07, -7.823107495141812e-08, -0.5193473696708679, -0.8545631170272827, 1.1175868053214799e-07, 0.8545631766319275, -0.5193475484848022),
            ["RightUpperArm"] = CFrame.new(0, -0.06523776054382324, -5.960464477539063e-08, 0.47699645161628723, -0.5557512044906616, 0.6808925271034241, -0.09477390348911285, 0.7376647591590881, 0.6684826612472534, -0.8737805485725403, -0.38339459896087646, 0.29919296503067017),
            ["Head"] = CFrame.new(-5.587935447692871e-09, 1.1920928955078125e-07, 1.862645149230957e-09, 0.9561461806297302, 0.019284814596176147, -0.2922542691230774, -0.026346830651164055, 0.9994478225708008, -0.02024678699672222, 0.29170265793800354, 0.027058932930231094, 0.95612633228302),
            ["LowerTorso"] = CFrame.new(0.03954363986849785, -0.12054777145385742, 0.13422173261642456, 0.5823543071746826, 0.03011155128479004, 0.8123772144317627, -0.005055218935012817, 0.9994286298751831, -0.033420976251363754, -0.8129193782806396, 0.015355972573161125, 0.582173764705658),
            ["UpperTorso"] = CFrame.new(2.60770320892334e-08, 2.384185791015625e-07, 7.450580596923828e-09, 0.9902303814888, -0.03469494357705116, 0.13505607843399048, 0.00651873042806983, 0.9790107011795044, 0.2037048190832138, -0.13928921520709991, -0.20083415508270264, 0.9696723222732544),
            ["HumanoidRootPart"] = CFrame.new(0, 0, 0, 1, 0, 0, 0, 1, 0, 0, 0, 1),
            ["RightUpperLeg"] = CFrame.new(-0.000025480985641479492, -0.0001254277303814888, -0.0049974676221609116, 0.9841338992118835, -0.1583411544561386, 0.08005496114492416, 0.17424756288528442, 0.7774836421012878, -0.6042820811271667, 0.03344111517071724, 0.6086438894271851, 0.7927385568618774),
            ["LeftUpperArm"] = CFrame.new(-1.1920928955078125e-07, -0.06523764133453369, -1.4901161193847656e-07, 0.25511300563812256, 0.621937096118927, 0.7403456568717957, 0.21773719787597656, 0.7090626955032349, -0.6706867218017578, -0.9420763254165649, 0.33230167627334595, 0.0454723946750164),
            ["RightLowerArm"] = CFrame.new(-2.086162567138672e-07, 2.384185791015625e-07, 2.086162567138672e-07, 1, 2.793969144931907e-07, -2.2351741790771484e-08, 4.0233149434243387e-07, 0.9265697002410889, -0.37612342834472656, -5.96046660916727e-08, 0.3761231303215027, 0.9265696406364441),
            ["LeftHand"] = CFrame.new(7.450580596923828e-08, 3.5762786865234375e-07, -1.1920928955078125e-07, 0.3322025239467621, 0.6318522095680237, -0.7002887725830078, -0.8580957651138306, 0.5106736421585083, 0.05370456352829933, 0.39155247807502747, 0.5830740332603455, 0.7118366956710815),
            ["LeftFoot"] = CFrame.new(7.916241884231567e-08, -5.960464477539063e-08, 3.725290298461914e-08, 0.9302359223365784, -0.27225565910339355, -0.24604438245296478, 0.2824414074420929, 0.9592633843421936, 0.006389157846570015, 0.2342820018529892, -0.07543661445379257, 0.9692375063896179),
            ["RightHand"] = CFrame.new(7.450580596923828e-08, -1.1920928955078125e-07, -1.1920928955078125e-07, 0.987080454826355, -0.0949975922703743, 0.12902721762657166, 0.09139319509267807, 0.9952483773231506, 0.03358301520347595, -0.13160410523414612, -0.021357225254178047, 0.9910722970962524),
