return {
    ["Expressionism"] = {
        {Time = 0.000, Data = {
            ["RightFoot"] = CFrame.new(-7.636845111846924e-08, 2.384185791015625e-07, -6.91434252075851e-08, 0.9741241335868835, 0.22542478144168854, -0.016309527680277824, -0.21338963508605957, 0.8935357928276062, -0.39504221081733704, -0.07447921484708786, 0.3883007764816284, 0.9185183048248291),
            ["LeftLowerArm"] = CFrame.new(-3.5762786865234375e-07, 1.1920928955078125e-07, 3.129243850708008e-07, 1, -7.450579175838357e-08, 5.960462345910855e-08, 1.1175870895385742e-07, -0.041791144758462906, -0.9991263747215271, 9.685754776000977e-08, 0.9991264343261719, -0.04179114103317261),
            ["RightUpperArm"] = CFrame.new(-5.960464477539063e-08, -3.5762786865234375e-07, -1.5832483768463135e-08, 0.711251437664032, -0.5563673973083496, 0.4296239912509918, 0.6400031447410583, 0.7653178572654724, -0.0684441402554512, -0.29071885347366333, 0.32364165782928467, 0.9004102945327759),
            ["Head"] = CFrame.new(1.7578713595867157e-08, -2.384185791015625e-07, 4.649336915463209e-09, 0.9905958771705627, -0.11292751878499985, 0.07724776864051819, 0.09079155325889587, 0.9649233222007751, 0.2463332563638687, -0.1023559644818306, -0.2370031177997589, 0.9661018252372742),
            ["RightHand"] = CFrame.new(2.682209014892578e-07, 5.960464477539063e-08, 2.9802322387695312e-08, 0.48129117488861084, 0.3691443204879761, -0.7950414419174194, -0.2681480050086975, 0.9255233407020569, 0.26739877462387085, 0.8345391750335693, 0.0844930112361908, 0.5444327592849731),
            ["UpperTorso"] = CFrame.new(-1.1670636013150215e-08, 0, -4.2782630771398544e-09, 0.9949833750724792, 0.10002391785383224, 0.00185067905113101, -0.09987197816371918, 0.9942069053649902, -0.03972768411040306, -0.005813674535602331, 0.039343543350696564, 0.9992088675498962),
            ["HumanoidRootPart"] = CFrame.new(0, 0, 0, 1, 0, 0, 0, 1, 0, 0, 0, 1),
            ["RightUpperLeg"] = CFrame.new(0, -2.3224856704473495e-08, -3.382592694833875e-08, 0.9846868515014648, -0.1729864627122879, -0.021622661501169205, 0.14279583096504211, 0.8714795708656311, -0.4691831171512604, 0.10000602155923843, 0.45891061425209045, 0.8828362226486206),
            ["LeftUpperArm"] = CFrame.new(0, 1.1920928955078125e-07, -1.210719347000122e-08, 0.7621654868125916, 0.5110764503479004, -0.3973720967769623, -0.60636305809021, 0.77858567237854, -0.16164246201515198, 0.22677655518054962, 0.36414995789527893, 0.9033090472221375),
            ["RightLowerArm"] = CFrame.new(1.7881393432617188e-07, -4.76837158203125e-07, 2.0116567611694336e-07, 1, -7.450574912581942e-08, 1.192092469182171e-07, 1.415611876609546e-07, -0.11820393055677414, -0.9929893016815186, 1.192094174484737e-07, 0.9929893612861633, -0.11820393800735474),
            ["LeftHand"] = CFrame.new(-2.980232238769531e-07, 2.384185791015625e-07, 1.7881393432617188e-07, 0.616686224937439, -0.4403035640716553, 0.6525573134422302, 0.376700758934021, 0.8929353952407837, 0.2465018779039383, -0.6912269592285156, 0.0938042402267456, 0.7165235280990601),
            ["LeftFoot"] = CFrame.new(-5.681067705154419e-08, -1.1920928955078125e-07, 1.862645149230957e-08, 0.9558108448982239, -0.28632286190986633, -0.06667011976242065, 0.24601693451404572, 0.9031733870506287, -0.3517862558364868, 0.160939022898674, 0.31983911991119385, 0.9337032437324524),
            ["LowerTorso"] = CFrame.new(-0.026126602664589882, -0.24213814735412598, 0.04469327628612518, 0.9978522658348083, -0.0649312287569046, 0.008649743162095547, 0.06495916098356247, 0.9978834390640259, -0.0029877580236643553, -0.008437436074018478, 0.0035432204604148865, 0.9999582171440125),
            ["RightLowerLeg"] = CFrame.new(-2.9802322387695312e-08, -0.000060439109802246094, -0.0000719727759133093, 1, -7.450580596923828e-08, -7.4505820180093e-08, 1.1548402767402877e-07, 0.6140428781509399, 0.7892724275588989, -1.862645593320167e-09, -0.7892727255821228, 0.6140431761741638),
            ["LeftUpperLeg"] = CFrame.new(2.086162567138672e-07, -2.440356183797121e-08, -1.955777406692505e-08, 0.8972023725509644, 0.4409458339214325, 0.024388670921325684, -0.349161833524704, 0.742094099521637, -0.5721733570098877, -0.27039608359336853, 0.5048396587371826, 0.8197699785232544),
            ["LeftLowerLeg"] = CFrame.new(-1.9371509552001953e-07, 0.000060439109802246094, 0.00007214024662971497, 1, 5.960465188081798e-08, 5.960465188081798e-08, -1.043081283569336e-07, 0.5196595191955566, 0.8543735146522522, 7.450580596923828e-08, -0.8543735146522522, 0.5196595788002014),
        }},
        {Time = 0.033, Data = {
            ["RightFoot"] = CFrame.new(9.778887033462524e-09, 4.76837158203125e-07, 7.283233571797609e-09, 0.9745624661445618, 0.22110994160175323, -0.036586694419384, -0.21984392404556274, 0.9114354252815247, -0.347784161567688, -0.04355217516422272, 0.3469811677932739, 0.9368605613708496),
            ["LeftLowerArm"] = CFrame.new(-4.76837158203125e-07, -1.1920928955078125e-07, 2.905726432800293e-07, 1, -8.940698137394065e-08, 3.67872416973114e-08, 9.872019290924072e-08, 0.0785757377743721, -0.9969081878662109, 6.332993507385254e-08, 0.9969082474708557, 0.0785757452249527),
            ["RightUpperArm"] = CFrame.new(0, 0, 3.725290298461914e-09, 0.7588023543357849, -0.5960812568664551, 0.26249974966049194, 0.6132070422172546, 0.7896548509597778, 0.02055445872247219, -0.21953636407852173, 0.14536990225315094, 0.9647130966186523),
            ["Head"] = CFrame.new(9.313225746154785e-09, 1.1920928955078125e-07, 2.6637280825525522e-08, 0.9835371375083923, -0.11064884066581726, 0.142868772149086, 0.0737878829240799, 0.9676105380058289, 0.2414236068725586, -0.16495457291603088, -0.2269069254398346, 0.9598454236984253),
            ["RightHand"] = CFrame.new(3.427267074584961e-07, 1.1920928955078125e-07, -1.4156103134155273e-07, 0.5493574738502502, 0.78035569190979, -0.298750638961792, -0.5381845831871033, 0.6039395928382874, 0.587887167930603, 0.6391900181770325, -0.162178635597229, 0.7517558336257935),
            ["UpperTorso"] = CFrame.new(1.7462298274040222e-10, 5.960464477539063e-08, -1.1641532182693481e-10, 0.9950578212738037, 0.09925682842731476, 0.002849106676876545, -0.0990845337510109, 0.9943917989730835, -0.03697498142719269, -0.0065031498670578, 0.036509934812784195, 0.999312162399292),
            ["HumanoidRootPart"] = CFrame.new(0, 0, 0, 1, 0, 0, 0, 1, 0, 0, 0, 1),
            ["RightUpperLeg"] = CFrame.new(5.960464477539063e-08, -2.7075293473899364e-07, -2.7772330213338137e-08, 0.9863614439964294, -0.16301843523979187, -0.02271970920264721, 0.1393762230873108, 0.9006680846214294, -0.41154763102531433, 0.0875527635216713, 0.40276801586151123, 0.9111049771308899),
            ["LeftUpperArm"] = CFrame.new(0, 1.1920928955078125e-07, 2.0489096641540527e-08, 0.7652296423912048, 0.5753949880599976, -0.2886940538883209, -0.5693650245666504, 0.8142001032829285, 0.11358599364757538, 0.30041152238845825, 0.07745293527841568, 0.9506597518920898),
            ["RightLowerArm"] = CFrame.new(-1.4901161193847656e-07, -4.76837158203125e-07, 1.1175870895385742e-07, 1, -1.1175861658330177e-07, 8.940694584680386e-08, 1.3783588315163797e-07, 0.13316233456134796, -0.9910942912101746, 8.009382668205944e-08, 0.9910942316055298, 0.13316236436367035),
            ["LeftHand"] = CFrame.new(7.450580596923828e-08, 3.5762786865234375e-07, 9.685754776000977e-08, 0.5133600831031799, -0.7506608366966248, 0.41589635610580444, 0.5745602250099182, 0.6606254577636719, 0.48317182064056396, -0.6374496817588806, -0.009083732962608337, 0.7704383730888367),
            ["LeftFoot"] = CFrame.new(-4.0046870708465576e-08, -1.1920928955078125e-07, 2.9802322387695312e-08, 0.9533396363258362, -0.2793293297290802, -0.11453691124916077, 0.22937342524528503, 0.9168402552604675, -0.32679036259651184, 0.1962941586971283, 0.2852705121040344, 0.9381307363510132),
            ["LowerTorso"] = CFrame.new(-0.0257650688290596, -0.20578622817993164, 0.03369821608066559, 0.9976159930229187, -0.0654609352350235, 0.021848931908607483, 0.06565988808870316, 0.9978057146072388, -0.00851492676883936, -0.021243596449494362, 0.009929224848747253, 0.9997250437736511),
            ["RightLowerLeg"] = CFrame.new(-2.2351741790771484e-08, -0.000060558319091796875, -0.00007203424320323393, 1, -8.568167686462402e-08, -8.940698137394065e-08, 7.63684582238966e-08, 0.6798940300941467, 0.7333100438117981, 9.313226634333205e-09, -0.7333104014396667, 0.6798944473266602),
            ["LeftUpperLeg"] = CFrame.new(8.940696716308594e-08, -3.3320975489914417e-07, -1.0244548320770264e-08, 0.8897446990013123, 0.4496019184589386, 0.0788191631436348, -0.3422621786594391, 0.7713769674301147, -0.5365017652511597, -0.30201154947280884, 0.4503727853298187, 0.8402103185653687),
            ["LeftLowerLeg"] = CFrame.new(-2.2351741790771484e-07, 0.000060677528381347656, 0.0000721961259841919, 1, 5.960465188081798e-08, 3.725290653733282e-08, -1.043081283569336e-07, 0.603151798248291, 0.7976264953613281, 6.705522537231445e-08, -0.7976264953613281, 0.603151798248291),
        }},
        {Time = 0.067, Data = {
            ["RightFoot"] = CFrame.new(7.35744833946228e-08, 4.76837158203125e-07, -5.977199180051684e-08, 0.9734950065612793, 0.22443221509456635, -0.04402151703834534, -0.22827544808387756, 0.9416405558586121, -0.24739299714565277, -0.014070568606257439, 0.2508851885795593, 0.9679147601127625),
            ["LeftLowerArm"] = CFrame.new(-7.450580596923828e-07, 4.172325134277344e-07, 2.0489096641540527e-07, 1, -1.4901162614933128e-07, 7.450580596923828e-08, 6.146729703004894e-08, 0.33125171065330505, -0.9435424208641052, 2.980232594040899e-08, 0.9435424208641052, 0.33125168085098267),
            ["RightUpperArm"] = CFrame.new(0, 0, -7.450580596923828e-09, 0.7458072304725647, -0.6264428496360779, 0.22658535838127136, 0.630671501159668, 0.7735143303871155, 0.06268316507339478, -0.2145344763994217, 0.0961514487862587, 0.9719721674919128),
            ["Head"] = CFrame.new(1.3969838619232178e-08, 0, 1.9339495338499546e-08, 0.9577207565307617, -0.08632113039493561, 0.27444425225257874, 0.020773544907569885, 0.9721855521202087, 0.23328936100006104, -0.2869485914707184, -0.2177247554063797, 0.932875394821167),
            ["RightHand"] = CFrame.new(0, 1.7881393432617188e-07, -2.8312206268310547e-07, 0.750099778175354, 0.6114242076873779, 0.25201454758644104, -0.65165776014328, 0.6184434294700623, 0.43916717171669006, 0.11266126483678818, -0.49364781379699707, 0.8623345494270325),
            ["UpperTorso"] = CFrame.new(-1.0943040251731873e-08, -2.384185791015625e-07, 4.6566128730773926e-09, 0.9969857335090637, 0.07756027579307556, 0.00197790190577507, -0.07745920121669769, 0.9964934587478638, -0.031638555228710175, -0.004424854647368193, 0.03138996660709381, 0.9994974732398987),
            ["HumanoidRootPart"] = CFrame.new(0, 0, 0, 1, 0, 0, 0, 1, 0, 0, 0, 1),
            ["RightUpperLeg"] = CFrame.new(0, -1.3577118807006627e-07, -3.044988261535764e-08, 0.9824855327606201, -0.184590145945549, -0.025469209998846054, 0.16617032885551453, 0.9297711849212646, -0.3285011053085327, 0.08431859314441681, 0.31851527094841003, 0.9441601634025574),
            ["LeftUpperArm"] = CFrame.new(0, 1.1920928955078125e-07, -3.725290298461914e-09, 0.6463587284088135, 0.6752893328666687, -0.35525304079055786, -0.5739052295684814, 0.7370662093162537, 0.35688409209251404, 0.502845048904419, -0.026793617755174637, 0.8639612793922424),
            ["RightLowerArm"] = CFrame.new(4.76837158203125e-07, -8.940696716308594e-07, 1.1734664440155029e-07, 1, -8.568162712663252e-08, 6.705521116145974e-08, 5.587941487306125e-08, 0.3487546145915985, -0.9372140765190125, 8.707875309710289e-08, 0.9372140765190125, 0.34875455498695374),
            ["LeftHand"] = CFrame.new(2.682209014892578e-07, 2.384185791015625e-07, 7.450580596923828e-08, 0.7431197762489319, -0.6185482144355774, 0.25528621673583984, 0.5081862807273865, 0.7698689103126526, 0.38606879115104675, -0.43533873558044434, -0.15716242790222168, 0.886442244052887),
            ["LeftFoot"] = CFrame.new(-1.0989606380462646e-07, 5.960464477539063e-08, 2.60770320892334e-08, 0.9539974927902222, -0.2469983845949173, -0.16994325816631317, 0.21018068492412567, 0.9551898837089539, -0.20841386914253235, 0.2138059288263321, 0.1631075143814087, 0.9631630182266235),
            ["LowerTorso"] = CFrame.new(-0.04167335480451584, -0.13975286483764648, 0.021003693342208862, 0.9982311129570007, -0.043736446648836136, 0.04027164354920387, 0.044457416981458664, 0.9988634586334229, -0.017184246331453323, -0.03947429358959198, 0.01894422061741352, 0.9990410804748535),
            ["RightLowerLeg"] = CFrame.new(9.12696123123169e-08, -0.000060558319091796875, -0.0000719485615263693, 1, -2.2351741790771484e-08, -7.078052277620372e-08, 6.891787762697277e-08, 0.7718178033828735, 0.6358435153961182, 7.450581485102248e-09, -0.6358437538146973, 0.7718179821968079),
            ["LeftUpperLeg"] = CFrame.new(2.384185791015625e-07, -2.1688174456357956e-07, -9.313225746154785e-09, 0.897183358669281, 0.4149554371833801, 0.15124176442623138, -0.3047090172767639, 0.8294485211372375, -0.4681533873081207, -0.3197100758552551, 0.37393465638160706, 0.8706080317497253),
            ["LeftLowerLeg"] = CFrame.new(-8.940696716308594e-08, 0.000060617923736572266, 0.0000721961259841919, 1, 5.2154071283894154e-08, 3.3527616238870905e-08, -4.4703490686970326e-08, 0.7253530025482178, 0.6883770823478699, 4.4703490686970326e-08, -0.6883771419525146, 0.7253530025482178),
        }},
        {Time = 0.100, Data = {
            ["RightFoot"] = CFrame.new(9.476207196712494e-08, 2.980232238769531e-07, -3.276363713666797e-08, 0.9713619351387024, 0.23553785681724548, -0.03127152472734451, -0.2372657209634781, 0.9545127749443054, -0.18058297038078308, -0.012685149908065796, 0.18283134698867798, 0.9830625057220459),
            ["LeftLowerArm"] = CFrame.new(-5.066394805908203e-07, -5.960464477539063e-08, 2.7567148208618164e-07, 1, -1.2665987014770508e-07, 7.450579886381092e-08, 1.3597309589385986e-07, 0.5746016502380371, -0.8184332847595215, 8.940696716308594e-08, 0.8184332847595215, 0.5746016502380371),
            ["RightUpperArm"] = CFrame.new(-5.960464477539063e-08, -4.76837158203125e-07, 3.725290298461914e-09, 0.7386828660964966, -0.6365301012992859, 0.22175945341587067, 0.6315203905105591, 0.7685611844062805, 0.10244860500097275, -0.23564733564853668, 0.0643685907125473, 0.9697046279907227),
            ["Head"] = CFrame.new(7.450580596923828e-09, -3.5762786865234375e-07, 2.0721927285194397e-08, 0.907813549041748, -0.053833071142435074, 0.415904700756073, -0.04742959886789322, 0.9721848964691162, 0.2293625921010971, -0.41668346524238586, -0.2279445230960846, 0.8800091743469238),
            ["RightHand"] = CFrame.new(1.7881393432617188e-07, 1.1920928955078125e-07, -8.940696716308594e-08, 0.8227932453155518, 0.35565993189811707, 0.44330400228500366, -0.5673370957374573, 0.5603153109550476, 0.6034680008888245, -0.03376026451587677, -0.7480325698852539, 0.6628031730651855),
            ["UpperTorso"] = CFrame.new(-6.05359673500061e-09, 1.7881393432617188e-07, -7.450580596923828e-09, 0.9990683197975159, 0.04302354156970978, 0.003389231860637665, -0.042906396090984344, 0.9986513257026672, -0.029235443100333214, -0.0046424707397818565, 0.0290627833455801, 0.9995668530464172),
            ["HumanoidRootPart"] = CFrame.new(0, 0, 0, 1, 0, 0, 0, 1, 0, 0, 0, 1),
            ["RightUpperLeg"] = CFrame.new(5.960464477539063e-08, -1.253793016076088e-07, -3.149762051180005e-08, 0.9721055626869202, -0.23243790864944458, -0.031360331922769547, 0.2134057730436325, 0.9320256114006042, -0.2928929328918457, 0.09730807691812515, 0.27803024649620056, 0.9556307792663574),
            ["LeftUpperArm"] = CFrame.new(1.1920928955078125e-07, -2.384185791015625e-07, 1.4901161193847656e-08, 0.664273202419281, 0.648869514465332, -0.371092289686203, -0.5297500491142273, 0.7589109539985657, 0.37870731949806213, 0.5273576378822327, -0.054979026317596436, 0.8478627800941467),
            ["RightLowerArm"] = CFrame.new(-1.1920928955078125e-07, -7.152557373046875e-07, 1.043081283569336e-07, 1, -1.1920920428565296e-07, 1.2665984172599565e-07, 1.1175884395697722e-07, 0.5072948336601257, -0.8617725968360901, 8.00938337874868e-08, 0.8617725372314453, 0.507294774055481),
            ["LeftHand"] = CFrame.new(1.4901161193847656e-07, 5.960464477539063e-08, 2.905726432800293e-07, 0.8036083579063416, -0.5947775840759277, 0.021290892735123634, 0.5135136246681213, 0.7110080718994141, 0.4803869128227234, -0.3008611798286438, -0.37510961294174194, 0.8767982125282288),
            ["LeftFoot"] = CFrame.new(1.457519829273224e-07, -1.1920928955078125e-07, 6.146728992462158e-08, 0.9557108879089355, -0.21006402373313904, -0.20613104104995728, 0.19271893799304962, 0.9760293364524841, -0.10112558305263519, 0.2224327027797699, 0.05692142993211746, 0.9732849597930908),
            ["LowerTorso"] = CFrame.new(-0.0682731494307518, -0.0994417667388916, 0.01098712533712387, 0.9983891844749451, -0.010619528591632843, 0.055734191089868546, 0.01184320542961359, 0.9996950030326843, -0.021671412512660027, -0.055487051606178284, 0.02229657582938671, 0.9982104301452637),
            ["RightLowerLeg"] = CFrame.new(3.818422555923462e-08, -0.000060617923736572266, -0.00007201375410659239, 1, -6.519258732851085e-08, -6.33299421792799e-08, 8.102506399154663e-08, 0.8055633902549744, 0.592509388923645, 2.9802322387695312e-08, -0.5925097465515137, 0.8055636882781982),
            ["LeftUpperLeg"] = CFrame.new(1.4901161193847656e-07, -2.2118911147117615e-08, -1.862645149230957e-08, 0.9116250276565552, 0.3612118363380432, 0.1961275190114975, -0.25589415431022644, 0.8721887469291687, -0.41689929366111755, -0.3216491639614105, 0.3298678696155548, 0.8875410556793213),
            ["LeftLowerLeg"] = CFrame.new(-1.4156103134155273e-07, 0.00006079673767089844, 0.00007212162017822266, 1, 5.2154071283894154e-08, 5.21540641784668e-08, -7.450581307466564e-08, 0.7943390607833862, 0.6074747443199158, 3.725290653733282e-08, -0.607474684715271, 0.7943390607833862),
        }},
        {Time = 0.133, Data = {
            ["RightFoot"] = CFrame.new(-1.3329554349184036e-08, 5.960464477539063e-08, -1.786247594282031e-08, 0.9695908427238464, 0.243896484375, -0.02020459808409214, -0.244581937789917, 0.9627994298934937, -0.1148776113986969, -0.008565333671867847, 0.1163262203335762, 0.9931741952896118),
            ["LeftLowerArm"] = CFrame.new(-3.2782554626464844e-07, -1.7881393432617188e-07, 3.51807102560997e-07, 1, -4.470347647611561e-08, -2.9802318834981634e-08, 4.284083843231201e-08, 0.7385953664779663, -0.6741490364074707, 1.4901161193847656e-08, 0.6741490364074707, 0.7385954260826111),
            ["RightUpperArm"] = CFrame.new(0, 2.384185791015625e-07, -2.7939677238464355e-09, 0.7376452088356018, -0.6427973508834839, 0.2066185623407364, 0.6383740901947021, 0.7636348605155945, 0.09664582461118698, -0.21990488469600677, 0.060609620064496994, 0.9736366868019104),
            ["Head"] = CFrame.new(1.1641532182693481e-08, 1.1920928955078125e-07, 1.7462298274040222e-08, 0.861854612827301, -0.03785805404186249, 0.5057403445243835, -0.08762366324663162, 0.9710977077484131, 0.22201663255691528, -0.4995284974575043, -0.23566082119941711, 0.8336277604103088),
            ["RightHand"] = CFrame.new(1.043081283569336e-07, 2.384185791015625e-07, -2.980232238769531e-07, 0.825935423374176, 0.22335447371006012, 0.5176333785057068, -0.5438426733016968, 0.5575858950614929, 0.6271621584892273, -0.1485452800989151, -0.7995065450668335, 0.5819994211196899),
            ["UpperTorso"] = CFrame.new(-1.5599653124809265e-08, -2.9802322387695312e-08, -4.656612873077393e-10, 0.9996398687362671, 0.02595207467675209, 0.006836912129074335, -0.025770539417862892, 0.9993445873260498, -0.025421636179089546, -0.0074921660125255585, 0.025236278772354126, 0.9996535181999207),
            ["HumanoidRootPart"] = CFrame.new(0, 0, 0, 1, 0, 0, 0, 1, 0, 0, 0, 1),
            ["RightUpperLeg"] = CFrame.new(5.960464477539063e-08, 3.114109858870506e-08, -2.7772330213338137e-08, 0.9652483463287354, -0.257197767496109, -0.04631475359201431, 0.23832069337368011, 0.9390323758125305, -0.24783383309841156, 0.10723334550857544, 0.22818323969841003, 0.967694878578186),
            ["LeftUpperArm"] = CFrame.new(5.960464477539063e-08, 3.5762786865234375e-07, 2.2351741790771484e-08, 0.7091372609138489, 0.6261276602745056, -0.32417359948158264, -0.5440178513526917, 0.7783716320991516, 0.31334033608436584, 0.4485186040401459, -0.04584513232111931, 0.8925970196723938),
            ["RightLowerArm"] = CFrame.new(0, -5.960464477539062e-07, 1.7881393432617188e-07, 1, -5.960460214282648e-08, 1.4901159417490817e-08, 7.078060093590466e-08, 0.6929042935371399, -0.7210296392440796, 5.401677327654397e-08, 0.7210295796394348, 0.6929042935371399),
            ["LeftHand"] = CFrame.new(2.9802322387695312e-08, 2.384185791015625e-07, -1.1175870895385742e-07, 0.8778895139694214, -0.43535876274108887, -0.19943125545978546, 0.47345849871635437, 0.7267286777496338, 0.49769753217697144, -0.07174433022737503, -0.5313456058502197, 0.8441115617752075),
            ["LeftFoot"] = CFrame.new(5.8673322200775146e-08, 0, 3.026798367500305e-08, 0.9583436846733093, -0.1876840740442276, -0.2152954638004303, 0.1864275336265564, 0.9821162819862366, -0.02631707489490509, 0.2163844257593155, -0.014916208572685719, 0.9761943817138672),
            ["LowerTorso"] = CFrame.new(-0.09037954360246658, -0.06712102890014648, 0.007523808628320694, 0.9979732036590576, 0.004020204767584801, 0.06350800395011902, -0.0026591375935822725, 0.9997652769088745, -0.021501438692212105, -0.06357953697443008, 0.021288983523845673, 0.9977496862411499),
            ["RightLowerLeg"] = CFrame.new(-2.9802322387695312e-08, -0.000060439109802246094, -0.00007200537220342085, 1, -4.3772175217782205e-08, -4.842878453814592e-08, 5.6810691262398905e-08, 0.8562437295913696, 0.5165718197822571, 2.2351747119842003e-08, -0.5165721774101257, 0.856243908405304),
            ["LeftUpperLeg"] = CFrame.new(1.4901161193847656e-07, 8.847564458847046e-09, -1.862645149230957e-08, 0.9213460683822632, 0.32161271572113037, 0.21837323904037476, -0.22715647518634796, 0.9012642502784729, -0.36894819140434265, -0.3154703974723816, 0.290323942899704, 0.9034326076507568),
            ["LeftLowerLeg"] = CFrame.new(-3.725290298461914e-08, 0.000060677528381347656, 0.00007194280624389648, 1, 4.4703490686970326e-08, -6.332993507385254e-08, -8.195639367158947e-08, 0.8495420217514038, 0.5275211930274963, 8.195639367158947e-08, -0.5275211334228516, 0.8495419025421143),
        }},
        {Time = 0.167, Data = {
            ["RightFoot"] = CFrame.new(-1.05355866253376e-08, 2.980232238769531e-07, -3.090099198743701e-08, 0.9673876762390137, 0.2532333433628082, -0.005844207014888525, -0.25291553139686584, 0.9643876552581787, -0.07739729434251785, -0.013963587582111359, 0.07635150104761124, 0.9969832301139832),
            ["LeftLowerArm"] = CFrame.new(-2.086162567138672e-07, -5.960464477539063e-08, 2.682209014892578e-07, 1, -1.4901161193847656e-08, 0, 7.264315371457997e-08, 0.8243491649627686, -0.5660816431045532, 0, 0.566081702709198, 0.8243492841720581),
            ["RightUpperArm"] = CFrame.new(1.1920928955078125e-07, 3.5762786865234375e-07, -7.450580596923828e-09, 0.6919768452644348, -0.6814693808555603, 0.2382592111825943, 0.6696006655693054, 0.7292174100875854, 0.1409860998392105, -0.26982054114341736, 0.06197936087846756, 0.9609138369560242),
            ["Head"] = CFrame.new(2.7008354663848877e-08, 2.384185791015625e-07, 7.916241884231567e-09, 0.8174229860305786, -0.0387849360704422, 0.5747307538986206, -0.10482777655124664, 0.9710550308227539, 0.21462400257587433, -0.5664193630218506, -0.235686257481575, 0.7896969318389893),
            ["RightHand"] = CFrame.new(2.086162567138672e-07, -5.960464477539063e-08, 2.086162567138672e-07, 0.7941074371337891, 0.1522100418806076, 0.5884097814559937, -0.5413154363632202, 0.6173316836357117, 0.5708582401275635, -0.27635303139686584, -0.7718379497528076, 0.5726210474967957),
            ["UpperTorso"] = CFrame.new(-1.1641532182693481e-10, -2.9802322387695312e-08, 4.656612873077393e-10, 0.9998185038566589, 0.016227180138230324, 0.009989873506128788, -0.016000578179955482, 0.9996219873428345, -0.022360235452651978, -0.010348951444029808, 0.0221963319927454, 0.9997000694274902),
            ["HumanoidRootPart"] = CFrame.new(0, 0, 0, 1, 0, 0, 0, 1, 0, 0, 0, 1),
            ["RightUpperLeg"] = CFrame.new(5.960464477539063e-08, -8.262577466666698e-08, -2.9634975362569094e-08, 0.9599935412406921, -0.27449119091033936, -0.05538110062479973, 0.25400036573410034, 0.9368411898612976, -0.2404424548149109, 0.1178826168179512, 0.21675625443458557, 0.9690822958946228),
            ["LeftUpperArm"] = CFrame.new(0, 4.76837158203125e-07, 0, 0.6667518019676208, 0.6640774607658386, -0.3382944166660309, -0.5811297297477722, 0.7474464774131775, 0.32188838720321655, 0.46661582589149475, -0.018026774749159813, 0.8842763900756836),
            ["RightLowerArm"] = CFrame.new(2.980232238769531e-07, -5.364418029785156e-07, 8.940696716308594e-08, 1, 0, 4.470348358154297e-08, 3.7252945617183286e-08, 0.8081852197647095, -0.5889284014701843, -2.2351768436124075e-08, 0.5889284014701843, 0.8081852793693542),
            ["LeftHand"] = CFrame.new(1.7881393432617188e-07, 4.172325134277344e-07, 1.7881393432617188e-07, 0.9020764827728271, -0.34923747181892395, -0.2535574436187744, 0.43035924434661865, 0.77200847864151, 0.46775439381599426, 0.03239111602306366, -0.53107088804245, 0.8467080593109131),
            ["LeftFoot"] = CFrame.new(-1.335865817964077e-07, 1.1920928955078125e-07, 7.450580596923828e-09, 0.9640259146690369, -0.1757185459136963, -0.1994423270225525, 0.17700053751468658, 0.9841432571411133, -0.011527800001204014, 0.19830544292926788, -0.02418827824294567, 0.9798418283462524),
            ["LowerTorso"] = CFrame.new(-0.11119455099105835, -0.05651545524597168, 0.009828384965658188, 0.9977874755859375, 0.00853608176112175, 0.06593538820743561, -0.007475902326405048, 0.9998390674591064, -0.016309112310409546, -0.06606400012969971, 0.015780100598931313, 0.9976906180381775),
            ["RightLowerLeg"] = CFrame.new(8.102506399154663e-08, -0.0000603795051574707, -0.000071948095865082, 1, -2.887100691850719e-08, -4.4703494239684005e-08, 3.9115551686563776e-08, 0.8738676309585571, 0.4861636757850647, 2.6542696929254816e-08, -0.48616400361061096, 0.8738677501678467),
            ["LeftUpperLeg"] = CFrame.new(1.7881393432617188e-07, -1.5593832358717918e-07, -1.1175870895385742e-08, 0.9298152923583984, 0.3007752597332001, 0.21207959949970245, -0.20861852169036865, 0.9054917693138123, -0.3695444166660309, -0.3031861484050751, 0.29936423897743225, 0.9046874046325684),
            ["LeftLowerLeg"] = CFrame.new(-2.2351741790771484e-08, 0.00006079673767089844, 0.0000721365213394165, 1, 8.195639367158947e-08, -2.607702853651972e-08, -5.2154071283894154e-08, 0.8497223854064941, 0.5272303819656372, 2.980232594040899e-08, -0.527230441570282, 0.8497223258018494),
        }},
        {Time = 0.200, Data = {
            ["RightFoot"] = CFrame.new(4.769390216097236e-08, 2.980232238769531e-07, -3.858440322801471e-08, 0.9654475450515747, 0.2605006992816925, 0.007113305851817131, -0.2599756121635437, 0.9646689295768738, -0.042739398777484894, -0.01799570955336094, 0.03941360116004944, 0.9990609884262085),
            ["LeftLowerArm"] = CFrame.new(-7.152557373046875e-07, 5.960464477539063e-08, 2.7194619178771973e-07, 1, -8.940696716308594e-08, 1.1175869119028903e-08, 4.9360089349193004e-08, 0.8535209894180298, -0.5210584402084351, 2.9802318834981634e-08, 0.5210584402084351, 0.8535210490226746),
            ["RightUpperArm"] = CFrame.new(0, 4.76837158203125e-07, -5.587935447692871e-09, 0.6166027784347534, -0.7478522062301636, 0.24600444734096527, 0.7256236672401428, 0.6610764265060425, 0.19091461598873138, -0.3054037094116211, 0.06078813970088959, 0.9502806663513184),
            ["Head"] = CFrame.new(2.0954757928848267e-08, 4.76837158203125e-07, 1.7695128917694092e-08, 0.7887604236602783, -0.04565238580107689, 0.6130029559135437, -0.10618557780981064, 0.9721274971961975, 0.20902834832668304, -0.6054598093032837, -0.22996526956558228, 0.7619282007217407),
            ["RightHand"] = CFrame.new(7.450580596923828e-08, 2.384185791015625e-07, -1.7881393432617188e-07, 0.7594262957572937, 0.07376425713300705, 0.6463984251022339, -0.5208823680877686, 0.6642370820045471, 0.5361627340316772, -0.3898119032382965, -0.7438735961914062, 0.5428614020347595),
            ["UpperTorso"] = CFrame.new(4.773028194904327e-09, 2.9802322387695312e-08, 1.862645149230957e-09, 0.9997809529304504, 0.01734072156250477, 0.011724184267222881, -0.01705619879066944, 0.9995678067207336, -0.02394724078476429, -0.012134384363889694, 0.02374202013015747, 0.9996445178985596),
            ["HumanoidRootPart"] = CFrame.new(0, 0, 0, 1, 0, 0, 0, 1, 0, 0, 0, 1),
            ["RightUpperLeg"] = CFrame.new(-2.9802322387695312e-08, 3.3905962482094765e-09, -3.056629793718457e-08, 0.9596206545829773, -0.2737313210964203, -0.06480315327644348, 0.2512866258621216, 0.9377212524414062, -0.23986253142356873, 0.1264251470565796, 0.21389274299144745, 0.9686415791511536),
            ["LeftUpperArm"] = CFrame.new(5.960464477539063e-08, 7.152557373046875e-07, -7.450580596923828e-09, 0.5835345387458801, 0.749592661857605, -0.31240731477737427, -0.6724885106086731, 0.6616908311843872, 0.33154869079589844, 0.45524361729621887, 0.01662023924291134, 0.890211820602417),
            ["RightLowerArm"] = CFrame.new(2.980232238769531e-07, -4.76837158203125e-07, 2.682209014892578e-07, 1, 2.980230462412692e-08, -1.4901159417490817e-08, -1.490117895741605e-08, 0.8465026617050171, -0.5323846936225891, 3.7252945617183286e-08, 0.5323846340179443, 0.8465025424957275),
            ["LeftHand"] = CFrame.new(-1.9371509552001953e-07, 3.5762786865234375e-07, 1.6391277313232422e-07, 0.8942095637321472, -0.28467556834220886, -0.3454693555831909, 0.4232279360294342, 0.789053201675415, 0.44527876377105713, 0.14583361148834229, -0.5443848371505737, 0.8260616064071655),
            ["LeftFoot"] = CFrame.new(5.8673322200775146e-08, 0, 3.3527612686157227e-08, 0.971328854560852, -0.175254687666893, -0.16064266860485077, 0.17071859538555145, 0.9844359755516052, -0.04172725975513458, 0.16545523703098297, 0.013106241822242737, 0.9861302971839905),
            ["LowerTorso"] = CFrame.new(-0.12862643599510193, -0.054451942443847656, 0.014167197048664093, 0.9978548884391785, -0.00338626466691494, 0.06537853926420212, 0.00384355615824461, 0.9999690055847168, -0.00687000434845686, -0.06535325944423676, 0.007106552831828594, 0.9978368878364563),
            ["RightLowerLeg"] = CFrame.new(-9.220093488693237e-08, -0.000060617923736572266, -0.00007200071559054777, 1, 1.862645371275562e-09, -4.097820394122209e-08, 2.3283067918100642e-08, 0.8888012766838074, 0.4582926034927368, 3.020977956680326e-08, -0.4582928419113159, 0.8888015151023865),
            ["LeftUpperLeg"] = CFrame.new(1.7881393432617188e-07, -1.618172973394394e-08, -1.3969838619232178e-08, 0.9363469481468201, 0.29284533858299255, 0.19363896548748016, -0.20609134435653687, 0.9050160050392151, -0.3721191883087158, -0.2842196822166443, 0.30852529406547546, 0.9077617526054382),
            ["LeftLowerLeg"] = CFrame.new(-1.341104507446289e-07, 0.000060617923736572266, 0.00007209181785583496, 1, 4.470348358154297e-08, 4.0978193283081055e-08, -5.21540641784668e-08, 0.8470688462257385, 0.5314831733703613, 7.450580596923828e-08, -0.5314831733703613, 0.8470688462257385),
        }},
        {Time = 0.233, Data = {
            ["RightFoot"] = CFrame.new(-7.796847967256326e-08, 1.7881393432617188e-07, -2.6331690605729818e-08, 0.9634302854537964, 0.267543226480484, 0.014931531623005867, -0.26701614260673523, 0.9632184505462646, -0.030208684504032135, -0.022464489564299583, 0.025117196142673492, 0.9994320869445801),
            ["LeftLowerArm"] = CFrame.new(-1.1920928955078125e-07, -5.960464477539063e-08, 4.023313522338867e-07, 1, -4.4703490686970326e-08, 5.5879347371501353e-08, 2.3981556296348572e-08, 0.8708877563476562, -0.49148204922676086, 7.450580596923828e-09, 0.49148210883140564, 0.8708876967430115),
            ["RightUpperArm"] = CFrame.new(0, -3.5762786865234375e-07, 5.587935447692871e-09, 0.5045915246009827, -0.8331068158149719, 0.22654005885124207, 0.8024739027023315, 0.5493642091751099, 0.23288367688655853, -0.31846994161605835, 0.06428133696317673, 0.9457509517669678),
            ["Head"] = CFrame.new(2.1886080503463745e-08, -1.1920928955078125e-07, 1.0244548320770264e-08, 0.771848738193512, -0.052486393600702286, 0.6336361765861511, -0.09966126084327698, 0.9742802381515503, 0.20210322737693787, -0.6279469728469849, -0.21914193034172058, 0.7467659711837769),
            ["RightHand"] = CFrame.new(3.8743019104003906e-07, 1.1920928955078125e-07, -2.9802322387695312e-08, 0.7382760643959045, 0.009158714674413204, 0.6744369864463806, -0.46758267283439636, 0.7275996804237366, 0.5019612312316895, -0.4861224591732025, -0.6859408617019653, 0.541451632976532),
            ["UpperTorso"] = CFrame.new(-1.792795956134796e-08, 0, 0, 0.9994620084762573, 0.0314413346350193, 0.009332343935966492, -0.031193522736430168, 0.99918532371521, -0.025606794282794, -0.010129844769835472, 0.02530190907418728, 0.9996286034584045),
            ["HumanoidRootPart"] = CFrame.new(0, 0, 0, 1, 0, 0, 0, 1, 0, 0, 0, 1),
            ["RightUpperLeg"] = CFrame.new(5.960464477539063e-08, -1.4069337339606136e-07, -2.6841007638722658e-08, 0.9624251127243042, -0.2620561718940735, -0.07116581499576569, 0.23697111010551453, 0.9384973049163818, -0.2511325776576996, 0.13259975612163544, 0.2248319387435913, 0.9653330445289612),
            ["LeftUpperArm"] = CFrame.new(5.960464477539063e-08, -1.1920928955078125e-07, 3.725290298461914e-09, 0.47906365990638733, 0.8380588293075562, -0.2610660493373871, -0.7793645858764648, 0.5429366827011108, 0.31274721026420593, 0.4038428068161011, 0.05363980308175087, 0.9132545590400696),
            ["RightLowerArm"] = CFrame.new(-5.960464477539063e-08, 0, 2.9802322387695312e-08, 1, -2.9802308176840597e-08, 2.2351741790771484e-08, 7.823118863825584e-08, 0.8470346927642822, -0.531537652015686, 1.490117895741605e-08, 0.5315375924110413, 0.847034752368927),
            ["LeftHand"] = CFrame.new(-5.21540641784668e-07, 5.960464477539062e-07, -6.146728992462158e-08, 0.8565033674240112, -0.20642681419849396, -0.4730646014213562, 0.41642484068870544, 0.8178821802139282, 0.3970632255077362, 0.3049467206001282, -0.537081778049469, 0.7864800095558167),
            ["LeftFoot"] = CFrame.new(-1.317821443080902e-07, 0, 1.6763806343078613e-08, 0.97853684425354, -0.18052849173545837, -0.09937402606010437, 0.1691841185092926, 0.9791134595870972, -0.11275536566972733, 0.11765387654304504, 0.09352273494005203, 0.988641083240509),
            ["LowerTorso"] = CFrame.new(-0.14352759718894958, -0.06656908988952637, 0.0203535258769989, 0.9975661039352417, -0.026370298117399216, 0.06454842537641525, 0.026233773678541183, 0.9996514320373535, 0.0029618404805660248, -0.0646040290594101, -0.0012612829450517893, 0.99791020154953),
            ["RightLowerLeg"] = CFrame.new(-2.1420419216156006e-08, -0.000060677528381347656, -0.00007201654807431623, 1, -1.1175873559921001e-08, -2.980232594040899e-08, 2.0489098417897367e-08, 0.8909170031547546, 0.45416608452796936, 2.51457130673316e-08, -0.45416638255119324, 0.8909171223640442),
            ["LeftUpperLeg"] = CFrame.new(1.7881393432617188e-07, -6.97982613928616e-08, -1.257285475730896e-08, 0.9433695673942566, 0.2967495024204254, 0.1483028531074524, -0.216987743973732, 0.8901035189628601, -0.40078938007354736, -0.25093892216682434, 0.34591254591941833, 0.904087483882904),
            ["LeftLowerLeg"] = CFrame.new(-1.7881393432617188e-07, 0.00006079673767089844, 0.00007218122482299805, 1, 7.450581307466564e-08, -1.1175872671742582e-08, -8.195639367158947e-08, 0.8122093677520752, 0.5833661556243896, 3.725290653733282e-08, -0.5833660364151001, 0.81220942735672),
        }},
        {Time = 0.267, Data = {
            ["RightFoot"] = CFrame.new(6.030313670635223e-08, 2.980232238769531e-07, -3.881723387166858e-08, 0.9615718126296997, 0.27425718307495117, 0.012759021483361721, -0.2727241516113281, 0.9594881534576416, -0.0707397535443306, -0.0316431038081646, 0.06454198807477951, 0.9974132776260376),
            ["LeftLowerArm"] = CFrame.new(-6.258487701416016e-07, 2.384185791015625e-07, 2.384185791015625e-07, 1, -5.960465188081798e-08, 1.30385160446167e-08, 5.774199962615967e-08, 0.8751642107963562, -0.4838261008262634, 4.0978193283081055e-08, 0.4838261902332306, 0.8751642107963562),
            ["RightUpperArm"] = CFrame.new(0, -1.1920928955078125e-07, 0, 0.3767560124397278, -0.9059346318244934, 0.19322869181632996, 0.8792569637298584, 0.4153901934623718, 0.23314855992794037, -0.29148268699645996, 0.08205754309892654, 0.9530500769615173),
            ["Head"] = CFrame.new(-2.3283064365386963e-10, 0, 1.1175870895385742e-08, 0.7818055152893066, -0.038014527410268784, 0.6223624348640442, -0.09016881883144379, 0.9807549118995667, 0.17317479848861694, -0.6169682145118713, -0.19150663912296295, 0.7633318305015564),
            ["RightHand"] = CFrame.new(-1.341104507446289e-07, 0, -1.6391277313232422e-07, 0.7223120331764221, -0.054432664066553116, 0.6894221901893616, -0.39086994528770447, 0.7902653813362122, 0.47191187739372253, -0.5705137848854065, -0.6103423237800598, 0.5495418906211853),
            ["UpperTorso"] = CFrame.new(-1.0128132998943329e-08, -5.960464477539063e-08, -6.51925802230835e-09, 0.99924236536026, 0.03878394886851311, 0.003243680577725172, -0.03868069127202034, 0.9988754987716675, -0.027416246011853218, -0.004303344059735537, 0.027270006015896797, 0.9996188879013062),
            ["HumanoidRootPart"] = CFrame.new(0, 0, 0, 1, 0, 0, 0, 1, 0, 0, 0, 1),
            ["RightUpperLeg"] = CFrame.new(5.960464477539063e-08, -1.663393049966544e-07, -3.6154233384877443e-08, 0.9645664095878601, -0.25248971581459045, -0.07655524462461472, 0.22292141616344452, 0.9351183772087097, -0.2754264771938324, 0.14113055169582367, 0.24860112369060516, 0.9582691192626953),
            ["LeftUpperArm"] = CFrame.new(-1.1920928955078125e-07, 3.5762786865234375e-07, -5.587935447692871e-09, 0.34401410818099976, 0.9170799255371094, -0.20154064893722534, -0.8837440013885498, 0.3887587785720825, 0.26050564646720886, 0.3172551989555359, 0.08849271386861801, 0.9442024230957031),
            ["RightLowerArm"] = CFrame.new(-8.940696716308594e-08, -4.76837158203125e-07, 2.9802322387695312e-08, 1, -5.960460924825384e-08, 2.607702853651972e-08, 2.2351768436124075e-08, 0.8277677297592163, -0.5610710382461548, 2.2351768436124075e-08, 0.56107097864151, 0.8277676105499268),
            ["LeftHand"] = CFrame.new(1.1920928955078125e-07, 1.1920928955078125e-07, -4.470348358154297e-08, 0.7980116605758667, -0.11555744707584381, -0.5914590954780579, 0.38432830572128296, 0.8535460233688354, 0.35178250074386597, 0.4641864597797394, -0.5080409646034241, 0.7255516648292542),
            ["LeftFoot"] = CFrame.new(-4.0978193283081055e-08, 0, 3.725290298461914e-08, 0.9818045496940613, -0.18670272827148438, -0.03466988727450371, 0.17595456540584564, 0.963101327419281, -0.2036561667919159, 0.07141363620758057, 0.19385018944740295, 0.9784284830093384),
            ["LowerTorso"] = CFrame.new(-0.15238553285598755, -0.09284329414367676, 0.02876075729727745, 0.9968411922454834, -0.04601927474141121, 0.06473103910684586, 0.04517415910959244, 0.9988744854927063, 0.014460215345025063, -0.06532362848520279, -0.01149036455899477, 0.9977980852127075),
