return {
    ["Exum Shuffle"] = {
        {Time = 0.000, Data = {
            ["RightFoot"] = CFrame.new(7.078051567077637e-08, 2.980232238769531e-07, 9.112409316003323e-08, 0.9861935377120972, 0.1569797247648239, 0.05272281914949417, -0.13205480575561523, 0.9376207590103149, -0.32160311937332153, -0.09991925209760666, 0.31020092964172363, 0.9454056024551392),
            ["LeftLowerArm"] = CFrame.new(0, -1.1920928955078125e-07, -3.573950380086899e-08, 1, 1.457519118730488e-07, -1.9161959130542527e-07, -1.4237593859434128e-07, -0.2720273435115814, -0.9622895121574402, -1.9231811165809631e-07, 0.962289571762085, -0.27202752232551575),
            ["RightUpperArm"] = CFrame.new(5.960464477539063e-08, 2.384185791015625e-07, -2.9802322387695312e-08, -0.10801433026790619, -0.20655755698680878, 0.9724540710449219, 0.32778456807136536, 0.9160788059234619, 0.23099136352539062, -0.9385575652122498, 0.34370580315589905, -0.031243225559592247),
            ["Head"] = CFrame.new(-8.195638656616211e-08, 3.5762786865234375e-07, -8.93778633326292e-08, 0.851982831954956, -0.10628743469715118, 0.512667715549469, -0.13244999945163727, 0.9035741090774536, 0.4074445962905884, -0.506539523601532, -0.41503846645355225, 0.75575190782547),
            ["RightHand"] = CFrame.new(-1.043081283569336e-07, -5.960464477539063e-08, -1.862645149230957e-08, 1, -1.4901161193847656e-08, 3.725290298461914e-09, 0, 1, 7.450580596923828e-09, -3.725290298461914e-09, -7.450580596923828e-09, 1),
            ["UpperTorso"] = CFrame.new(4.470348358154297e-08, -2.384185791015625e-07, 2.421438694000244e-08, 0.977757453918457, 0.12072695791721344, 0.17150969803333282, -0.1341523826122284, 0.9885603189468384, 0.06893258541822433, -0.16122561693191528, -0.09040778130292892, 0.9827679395675659),
            ["HumanoidRootPart"] = CFrame.new(0, 0, 0, 1, 0, 0, 0, 1, 0, 0, 0, 1),
            ["RightUpperLeg"] = CFrame.new(8.940696716308594e-08, -1.6391277313232422e-07, 5.4191332310438156e-08, 0.7409601211547852, -0.6256150007247925, -0.2440984845161438, 0.2154073715209961, 0.5656940937042236, -0.7959837317466736, 0.636064350605011, 0.5372113585472107, 0.553918719291687),
            ["LeftUpperArm"] = CFrame.new(-5.960464477539063e-08, 0, -7.543712854385376e-08, -0.06394622474908829, -0.07946807146072388, -0.9947843551635742, -0.1568237692117691, 0.9852396249771118, -0.06862471252679825, 0.9855542778968811, 0.15161754190921783, -0.07546484470367432),
            ["RightLowerArm"] = CFrame.new(2.9802322387695312e-08, -5.960464477539063e-08, -1.862645149230957e-08, 1, -8.195638656616211e-08, 1.1548399925231934e-07, 7.846392691135406e-08, -0.3261103332042694, -0.9453317523002625, 1.3294629752635956e-07, 0.9453317523002625, -0.3261103630065918),
            ["LeftHand"] = CFrame.new(-1.257285475730896e-08, 2.980232238769531e-07, -2.3283064365386963e-08, 0.9699426293373108, -0.011819840408861637, -0.2430468201637268, 0.030593760311603546, 0.9968173503875732, 0.07361539453268051, 0.24140313267707825, -0.07883831113576889, 0.967217206954956),
            ["LeftFoot"] = CFrame.new(-3.725290298461914e-08, 5.960464477539063e-08, 1.4901161193847656e-08, 0.9242889285087585, -0.365132212638855, -0.11121388524770737, 0.34709110856056213, 0.9252508282661438, -0.15309777855873108, 0.15880170464515686, 0.1029052585363388, 0.9819331765174866),
            ["LowerTorso"] = CFrame.new(0.2903662621974945, -0.33549201488494873, 0.42493772506713867, 0.9942284822463989, 0.07836808264255524, -0.07326803356409073, -0.07488922029733658, 0.9959831237792969, 0.04908404126763344, 0.07682034373283386, -0.04331376403570175, 0.9961037039756775),
            ["RightLowerLeg"] = CFrame.new(4.470348358154297e-08, -0.000015139579772949219, -0.00003508682129904628, 1, -1.378357268322361e-07, -1.043081780949251e-07, 1.564621925354004e-07, 0.3758898377418518, 0.9266641736030579, -7.450580596923828e-08, -0.926664412021637, 0.37589031457901),
            ["LeftUpperLeg"] = CFrame.new(8.940696716308594e-08, -2.798624336719513e-07, -6.51925802230835e-09, 0.6704819202423096, 0.6080477237701416, 0.42512598633766174, -0.26364192366600037, 0.7308678030967712, -0.6295437216758728, -0.6935033202171326, 0.31001654267311096, 0.6503404974937439),
            ["LeftLowerLeg"] = CFrame.new(3.725290298461914e-08, 0.0000152587890625, 0.00003498047590255737, 1, 8.940698847936801e-08, -2.7939684343891713e-08, -1.043081283569336e-07, 0.6830651164054871, 0.7303575277328491, -1.4901161193847656e-08, -0.7303575873374939, 0.6830651760101318),
        }},
        {Time = 0.033, Data = {
            ["RightFoot"] = CFrame.new(-7.450580596923828e-08, 2.980232238769531e-07, -8.768984116613865e-08, 0.9808568954467773, 0.18300668895244598, 0.06654730439186096, -0.1527586132287979, 0.9350593090057373, -0.3198886811733246, -0.12076732516288757, 0.30359962582588196, 0.9451152086257935),
            ["LeftLowerArm"] = CFrame.new(0, -5.960464477539063e-08, 8.96397978067398e-09, 1, 1.4295798678176652e-07, -1.895241723559593e-07, -1.4482067456356162e-07, -0.2718556821346283, -0.9623380899429321, -1.9278380136711348e-07, 0.9623380303382874, -0.2718558609485626),
            ["RightUpperArm"] = CFrame.new(0, -1.1920928955078125e-07, -4.470348358154297e-08, -0.11199081689119339, -0.20547811686992645, 0.9722329378128052, 0.32780927419662476, 0.9159796237945557, 0.23134924471378326, -0.938082754611969, 0.3446159362792969, -0.035223692655563354),
            ["Head"] = CFrame.new(6.332993507385254e-08, -1.1920928955078125e-07, -7.447670213878155e-08, 0.8515928983688354, -0.0955418199300766, 0.5154234766960144, -0.13320571184158325, 0.911534309387207, 0.38905227184295654, -0.5069968700408936, -0.3999713659286499, 0.7635293006896973),
            ["RightHand"] = CFrame.new(-2.2351741790771484e-08, 5.960464477539063e-08, 1.993030309677124e-07, 1, 0, 0, 0, 1, 7.450580596923828e-09, 3.725290742551124e-09, 1.1175872671742582e-08, 1),
            ["UpperTorso"] = CFrame.new(7.450580596923828e-09, -1.4901161193847656e-07, -2.7939677238464355e-08, 0.9761323928833008, 0.11780791729688644, 0.18244682252407074, -0.13213303685188293, 0.9888678789138794, 0.06841935962438583, -0.17235542833805084, -0.09089358896017075, 0.9808323383331299),
            ["HumanoidRootPart"] = CFrame.new(0, 0, 0, 1, 0, 0, 0, 1, 0, 0, 0, 1),
            ["RightUpperLeg"] = CFrame.new(2.9802322387695312e-08, -1.9371509552001953e-07, 9.487848728895187e-09, 0.7257299423217773, -0.659034013748169, -0.19746018946170807, 0.24021874368190765, 0.5116885900497437, -0.824906051158905, 0.6446790099143982, 0.5512251257896423, 0.5296598076820374),
            ["LeftUpperArm"] = CFrame.new(5.960464477539063e-08, -1.1920928955078125e-07, -8.475035429000854e-08, -0.06501109153032303, -0.07914785295724869, -0.9947408437728882, -0.16117338836193085, 0.9845939874649048, -0.06780705600976944, 0.9847826361656189, 0.15591754019260406, -0.07676607370376587),
            ["RightLowerArm"] = CFrame.new(-2.9802322387695312e-08, 2.384185791015625e-07, -9.313225746154785e-08, 1, -8.195638656616211e-08, 1.1548398504146462e-07, 7.40401517873579e-08, -0.32690584659576416, -0.9450569748878479, 1.343432955991375e-07, 0.9450569748878479, -0.326905757188797),
            ["LeftHand"] = CFrame.new(1.30385160446167e-08, 2.384185791015625e-07, -1.4132820069789886e-07, 0.9699426293373108, -0.011819842271506786, -0.2430468201637268, 0.030593756586313248, 0.9968173503875732, 0.07361540198326111, 0.24140310287475586, -0.07883831113576889, 0.967217206954956),
            ["LeftFoot"] = CFrame.new(-1.2665987014770508e-07, 0, 3.725290298461914e-08, 0.9286037087440491, -0.3561071455478668, -0.10432129353284836, 0.32530611753463745, 0.9164950251579285, -0.2328367382287979, 0.17852477729320526, 0.18227669596672058, 0.9669044613838196),
            ["LowerTorso"] = CFrame.new(0.24356982111930847, -0.3795924186706543, 0.42493772506713867, 0.9941841959953308, 0.07895449548959732, -0.07323914021253586, -0.07547459751367569, 0.9959368109703064, 0.049127183854579926, 0.07682036608457565, -0.04331377521157265, 0.9961037039756775),
            ["RightLowerLeg"] = CFrame.new(-1.30385160446167e-07, -0.00001519918441772461, -0.00003511289833113551, 1, -1.8626444386882213e-07, -1.4156111660668103e-07, 7.450579886381092e-08, 0.3241308629512787, 0.9460120797157288, -1.639127589214695e-07, -0.9460121989250183, 0.3241315484046936),
            ["LeftUpperLeg"] = CFrame.new(0, -7.264316082000732e-08, -5.3551048040390015e-08, 0.67767733335495, 0.6299678087234497, 0.37933361530303955, -0.2538914084434509, 0.684569239616394, -0.683303952217102, -0.6901395320892334, 0.36675000190734863, 0.6238604187965393),
            ["LeftLowerLeg"] = CFrame.new(3.725290298461914e-08, 0.000015139579772949219, 0.00003501772880554199, 1, 6.70552182668871e-08, -1.4901159417490817e-08, -7.450580596923828e-08, 0.5592122673988342, 0.8290244936943054, -1.4901161193847656e-08, -0.8290245532989502, 0.559212327003479),
        }},
        {Time = 0.067, Data = {
            ["RightFoot"] = CFrame.new(-5.21540641784668e-08, 2.980232238769531e-07, 6.132177077233791e-08, 0.9747024178504944, 0.20811404287815094, 0.08150965720415115, -0.17733754217624664, 0.9420689940452576, -0.2847057580947876, -0.13603895902633667, 0.26304885745048523, 0.9551434516906738),
            ["LeftLowerArm"] = CFrame.new(0, 0, 2.0721927285194397e-08, 1, 1.490115550950577e-07, -1.8952411551254045e-07, -1.4458784391990775e-07, -0.2713543772697449, -0.9624794721603394, -1.9464644651634444e-07, 0.9624795913696289, -0.2713544964790344),
            ["RightUpperArm"] = CFrame.new(5.960464477539063e-08, -1.1920928955078125e-07, -4.470348358154297e-08, -0.12286508083343506, -0.20254123210906982, 0.9715355634689331, 0.3278190493583679, 0.9157196283340454, 0.2323625534772873, -0.9367170333862305, 0.34703707695007324, -0.046113111078739166),
            ["Head"] = CFrame.new(-2.9802322387695312e-08, 1.1920928955078125e-07, -1.4872057363390923e-08, 0.8508062958717346, -0.07581399381160736, 0.5199815034866333, -0.1262318342924118, 0.9310744404792786, 0.34229546785354614, -0.5100922584533691, -0.356865257024765, 0.7825937867164612),
            ["RightHand"] = CFrame.new(-5.21540641784668e-08, 0, 5.774199962615967e-08, 1, 1.4901161193847656e-08, -3.725290298461914e-09, -7.450580596923828e-09, 1, 0, -3.725290298461914e-09, 1.4901161193847656e-08, 1),
            ["UpperTorso"] = CFrame.new(1.4901161193847656e-08, 5.960464477539063e-08, 1.1175870895385742e-08, 0.9750301241874695, 0.11101018637418747, 0.1923358142375946, -0.1261964589357376, 0.9896335005760193, 0.06855694204568863, -0.18273141980171204, -0.09111715108156204, 0.9789316058158875),
            ["HumanoidRootPart"] = CFrame.new(0, 0, 0, 1, 0, 0, 0, 1, 0, 0, 0, 1),
            ["RightUpperLeg"] = CFrame.new(-2.9802322387695312e-08, 1.862645149230957e-07, 6.164191290736198e-08, 0.7089548707008362, -0.682168185710907, -0.17896851897239685, 0.26458215713500977, 0.4924941062927246, -0.8291235566139221, 0.6537426114082336, 0.5404592156410217, 0.5296455025672913),
            ["LeftUpperArm"] = CFrame.new(-5.960464477539063e-08, 0, 7.450580596923828e-09, -0.06798651069402695, -0.07837804406881332, -0.9946027994155884, -0.17266646027565002, 0.9827905297279358, -0.0656445249915123, 0.982631266117096, 0.1672716587781906, -0.08034975826740265),
            ["RightLowerArm"] = CFrame.new(-5.960464477539063e-08, 1.7881393432617188e-07, -4.842877388000488e-08, 1, -6.705522537231445e-08, 9.313224325069314e-08, 8.195638656616211e-08, -0.3291519284248352, -0.9442769885063171, 1.364387571811676e-07, 0.9442769885063171, -0.32915186882019043),
            ["LeftHand"] = CFrame.new(-7.450580596923828e-09, 3.5762786865234375e-07, -4.516914486885071e-08, 0.969942569732666, -0.011819835752248764, -0.2430468201637268, 0.03059374913573265, 0.9968173503875732, 0.07361538708209991, 0.24140308797359467, -0.07883826643228531, 0.9672171473503113),
            ["LeftFoot"] = CFrame.new(-5.21540641784668e-08, -5.960464477539063e-08, 3.725290298461914e-08, 0.9386404156684875, -0.3186197280883789, -0.132044717669487, 0.2815254032611847, 0.9289665818214417, -0.24034258723258972, 0.19924309849739075, 0.18842139840126038, 0.9616650938987732),
            ["LowerTorso"] = CFrame.new(0.18614397943019867, -0.3870748281478882, 0.42493772506713867, 0.9940658211708069, 0.08050032705068588, -0.07316280156373978, -0.07701771706342697, 0.9958130717277527, 0.04924080893397331, 0.07682037353515625, -0.04331377521157265, 0.9961037039756775),
            ["RightLowerLeg"] = CFrame.new(2.9802322387695312e-08, -0.000015020370483398438, -0.0000350458431057632, 1, -2.0861619987044833e-07, -7.450583261459087e-09, 1.4901161193847656e-07, 0.3478006422519684, 0.9375684857368469, -1.341104507446289e-07, -0.9375685453414917, 0.3478010594844818),
            ["LeftUpperLeg"] = CFrame.new(-2.9802322387695312e-08, 1.1641532182693481e-07, 2.421438694000244e-08, 0.6415694952011108, 0.6802515387535095, 0.35446640849113464, -0.22534126043319702, 0.6088609099388123, -0.760598361492157, -0.7332188487052917, 0.4081007242202759, 0.543915331363678),
            ["LeftLowerLeg"] = CFrame.new(-1.0989606380462646e-07, 0.0000152587890625, 0.00003523193299770355, 1, 1.1734664440155029e-07, 1.2665987014770508e-07, -1.043081283569336e-07, 0.380746066570282, 0.9246796369552612, 0, -0.924679696559906, 0.380746066570282),
        }},
        {Time = 0.100, Data = {
            ["RightFoot"] = CFrame.new(2.2351741790771484e-08, 3.5762786865234375e-07, -5.043693818151951e-08, 0.9787478446960449, 0.18574652075767517, 0.08689666539430618, -0.15732364356517792, 0.9519329071044922, -0.2628176808357239, -0.13153712451457977, 0.24356134235858917, 0.9609245657920837),
            ["LeftLowerArm"] = CFrame.new(-2.9802322387695312e-08, -5.960464477539063e-08, -3.795139491558075e-08, 1, 1.5180550860804942e-07, -1.8812713165061723e-07, -1.3620591232665902e-07, -0.27054280042648315, -0.9627079367637634, -1.899897767998482e-07, 0.9627079367637634, -0.2705429792404175),
            ["RightUpperArm"] = CFrame.new(0, 1.1920928955078125e-07, 0, -0.13904651999473572, -0.19818781316280365, 0.9702513813972473, 0.3277111053466797, 0.9153567552566528, 0.233939066529274, -0.9344899654388428, 0.350490540266037, -0.06232878565788269),
            ["Head"] = CFrame.new(7.450580596923828e-09, 1.1920928955078125e-07, -3.6961864680051804e-09, 0.8500374555587769, -0.04995155334472656, 0.5243483781814575, -0.11357010155916214, 0.9546957015991211, 0.27506035566329956, -0.5143327116966248, -0.2933618128299713, 0.8058540225028992),
            ["RightHand"] = CFrame.new(3.725290298461914e-08, 5.960464477539063e-08, -1.8067657947540283e-07, 1, -7.450581485102248e-09, -7.450580596923828e-09, 2.9802322387695312e-08, 1, -2.2351741790771484e-08, -1.4901161193847656e-08, -2.2351745343485163e-08, 1),
            ["UpperTorso"] = CFrame.new(1.1175870895385742e-08, -1.1920928955078125e-07, -4.0046870708465576e-08, 0.974291980266571, 0.10159151256084442, 0.2010830044746399, -0.11762504279613495, 0.9906278252601624, 0.06943268328905106, -0.19214464724063873, -0.09130007773637772, 0.9771103858947754),
            ["HumanoidRootPart"] = CFrame.new(0, 0, 0, 1, 0, 0, 0, 1, 0, 0, 0, 1),
            ["RightUpperLeg"] = CFrame.new(-5.960464477539063e-08, -2.514570951461792e-07, 3.92901711165905e-08, 0.7900508642196655, -0.6087508797645569, -0.07240160554647446, 0.31581172347068787, 0.5053759217262268, -0.8030307292938232, 0.525435745716095, 0.6115697622299194, 0.5915231704711914),
            ["LeftUpperArm"] = CFrame.new(-5.960464477539063e-08, 1.1920928955078125e-07, 1.1175870895385742e-08, -0.07254230976104736, -0.07745987176895142, -0.9943528771400452, -0.18895727396011353, 0.9799908399581909, -0.06255579739809036, 0.9793022871017456, 0.18335223197937012, -0.08572737872600555),
            ["RightLowerArm"] = CFrame.new(0, 1.7881393432617188e-07, 1.1548399925231934e-07, 1, -8.195639367158947e-08, 1.0430814256778831e-07, 9.685754776000977e-08, -0.33263877034187317, -0.9430544376373291, 1.2712553143501282e-07, 0.9430543780326843, -0.3326387405395508),
            ["LeftHand"] = CFrame.new(3.725290298461914e-09, 3.5762786865234375e-07, 1.825392246246338e-07, 0.9699426293373108, -0.011819841340184212, -0.2430468052625656, 0.03059375286102295, 0.9968173503875732, 0.07361537963151932, 0.24140310287475586, -0.07883831113576889, 0.967217206954956),
            ["LeftFoot"] = CFrame.new(5.21540641784668e-08, -5.960464477539063e-08, -1.043081283569336e-07, 0.9591278433799744, -0.21912242472171783, -0.17905093729496002, 0.19638074934482574, 0.9710010886192322, -0.13635104894638062, 0.2037361115217209, 0.09561613202095032, 0.9743455648422241),
            ["LowerTorso"] = CFrame.new(0.12362794578075409, -0.3585801124572754, 0.42493772506713867, 0.9938944578170776, 0.08268548548221588, -0.07305455952882767, -0.07919904589653015, 0.9956340789794922, 0.04940124601125717, 0.07682036608457565, -0.04331377521157265, 0.9961037039756775),
            ["RightLowerLeg"] = CFrame.new(8.475035429000854e-08, -0.00001519918441772461, -0.00003516458673402667, 1, -1.5180556545146828e-07, -5.960464477539063e-08, 5.960464477539063e-08, 0.3062810003757477, 0.9519411325454712, -1.9371509552001953e-07, -0.951941192150116, 0.3062812089920044),
            ["LeftUpperLeg"] = CFrame.new(2.9802322387695312e-08, -4.414469003677368e-07, -3.3527612686157227e-08, 0.5335037112236023, 0.7812078595161438, 0.32417309284210205, -0.1775343269109726, 0.4781681299209595, -0.8601377010345459, -0.8269555568695068, 0.40133464336395264, 0.3937956392765045),
            ["LeftLowerLeg"] = CFrame.new(-1.1175870895385742e-08, 0.000015079975128173828, 0.00003530457615852356, 1, 6.70552182668871e-08, 1.4156104555240745e-07, -1.341104507446289e-07, 0.1210232600569725, 0.9926496744155884, 4.470348358154297e-08, -0.9926497340202332, 0.12102344632148743),
        }},
        {Time = 0.133, Data = {
            ["RightFoot"] = CFrame.new(-1.4901161193847656e-08, 2.384185791015625e-07, 4.642060957849026e-08, 0.9857000112533569, 0.15290525555610657, 0.07082150876522064, -0.12429997324943542, 0.9435300230979919, -0.30708420276641846, -0.11377696692943573, 0.2938899099826813, 0.9490436315536499),
            ["LeftLowerArm"] = CFrame.new(-2.9802322387695312e-08, 0, -6.752088665962219e-09, 1, 1.4621758737121127e-07, -1.8067657947540283e-07, -1.3294629752635956e-07, -0.26944100856781006, -0.9630168676376343, -1.8719583749771118e-07, 0.9630168676376343, -0.2694412171840668),
            ["RightUpperArm"] = CFrame.new(0, -1.1920928955078125e-07, 1.4901161193847656e-08, -0.15893536806106567, -0.1928645223379135, 0.9682680368423462, 0.32738032937049866, 0.9149506092071533, 0.23598210513591766, -0.9314299821853638, 0.3544977307319641, -0.08227794617414474),
            ["Head"] = CFrame.new(1.862645149230957e-08, 0, 2.6106135919690132e-08, 0.8496370911598206, -0.02114129438996315, 0.5269438028335571, -0.09744595736265182, 0.9756966829299927, 0.1962662935256958, -0.5182865858078003, -0.2181035578250885, 0.8269279599189758),
            ["RightHand"] = CFrame.new(-9.685754776000977e-08, 5.960464477539063e-08, 2.9616057872772217e-07, 1, -1.4901162970204496e-08, -7.450581485102248e-09, 7.450580596923828e-09, 1, -7.450581485102248e-09, 2.9802322387695312e-08, -1.1175872671742582e-08, 1),
            ["UpperTorso"] = CFrame.new(-1.4901161193847656e-08, 2.384185791015625e-07, -4.0978193283081055e-08, 0.9737775325775146, 0.09080726653337479, 0.2085942178964615, -0.10770300030708313, 0.9916375875473022, 0.0710991844534874, -0.20039348304271698, -0.09170098602771759, 0.975414514541626),
            ["HumanoidRootPart"] = CFrame.new(0, 0, 0, 1, 0, 0, 0, 1, 0, 0, 0, 1),
            ["RightUpperLeg"] = CFrame.new(0, 1.4901161193847656e-07, 1.3213139027357101e-08, 0.9192768931388855, -0.3745989501476288, 0.12085404992103577, 0.3379852771759033, 0.5938713550567627, -0.7301252484321594, 0.20173238217830658, 0.7120340466499329, 0.6725409626960754),
            ["LeftUpperArm"] = CFrame.new(0, -3.5762786865234375e-07, 1.4901161193847656e-08, -0.07833895832300186, -0.07669135928153992, -0.993972659111023, -0.20770324766635895, 0.9764130115509033, -0.05896662920713425, 0.9750500321388245, 0.2018318623304367, -0.09242020547389984),
            ["RightLowerArm"] = CFrame.new(1.1920928955078125e-07, 1.7881393432617188e-07, 0, 1, -1.0430815677864302e-07, 1.3411047916633834e-07, 6.705522537231445e-08, -0.33715468645095825, -0.9414493441581726, 1.3131648302078247e-07, 0.9414493441581726, -0.33715465664863586),
            ["LeftHand"] = CFrame.new(-6.51925802230835e-09, 2.980232238769531e-07, -1.434236764907837e-07, 0.9699426293373108, -0.011819839477539062, -0.24304679036140442, 0.0305937547236681, 0.9968173503875732, 0.07361538708209991, 0.24140311777591705, -0.0788382962346077, 0.967217206954956),
            ["LeftFoot"] = CFrame.new(-1.4901161193847656e-08, 0, 1.4901161193847656e-08, 0.9850925207138062, -0.0769030898809433, -0.1538785845041275, 0.08074376732110977, 0.9965565204620361, 0.01885700412094593, 0.1518985778093338, -0.031000442802906036, 0.9879099130630493),
            ["LowerTorso"] = CFrame.new(0.059710536152124405, -0.30960988998413086, 0.42493772506713867, 0.9936920404434204, 0.08518991619348526, -0.07293004542589188, -0.08169911801815033, 0.9954228401184082, 0.04958486929535866, 0.07682035863399506, -0.04331377148628235, 0.9961037039756775),
            ["RightLowerLeg"] = CFrame.new(5.4016709327697754e-08, -0.000015139579772949219, -0.000035200442653149366, 1, -1.490115550950577e-07, -1.3411049337719305e-07, 1.043081283569336e-07, 0.24484658241271973, 0.9695618152618408, -1.4808028936386108e-07, -0.9695618152618408, 0.24484699964523315),
            ["LeftUpperLeg"] = CFrame.new(-2.9802322387695312e-08, 1.7136335372924805e-07, -2.7939677238464355e-08, 0.40637627243995667, 0.8725056648254395, 0.2712792158126831, -0.12552598118782043, 0.34739577770233154, -0.9292790293693542, -0.9050424098968506, 0.34358420968055725, 0.25069546699523926),
            ["LeftLowerLeg"] = CFrame.new(3.725290298461914e-08, 0.00001531839370727539, 0.000035082921385765076, 1, 1.043081283569336e-07, 1.4156105976326216e-07, -9.685752644372769e-08, -0.1264517605304718, 0.991972804069519, 6.705521116145974e-08, -0.991972804069519, -0.12645161151885986),
        }},
        {Time = 0.167, Data = {
            ["RightFoot"] = CFrame.new(-5.4016709327697754e-08, 2.980232238769531e-07, -3.739842213690281e-08, 0.9873959422111511, 0.1557157337665558, 0.028317714110016823, -0.12870927155017853, 0.8941434025764465, -0.4288839101791382, -0.0921039879322052, 0.41983363032341003, 0.9029157161712646),
            ["LeftLowerArm"] = CFrame.new(-2.9802322387695312e-08, -2.384185791015625e-07, -2.444721758365631e-08, 1, 1.4761459965484391e-07, -1.8836001913768996e-07, -1.4388933777809143e-07, -0.26806890964508057, -0.9633997678756714, -1.9278377294540405e-07, 0.9633997082710266, -0.2680691182613373),
            ["RightUpperArm"] = CFrame.new(5.960464477539063e-08, -2.384185791015625e-07, 5.960464477539063e-08, -0.18092970550060272, -0.1870415359735489, 0.9655464887619019, 0.32672563195228577, 0.9145607948303223, 0.23838859796524048, -0.9276394248008728, 0.35860028862953186, -0.1043599471449852),
            ["Head"] = CFrame.new(-3.725290298461914e-08, -2.384185791015625e-07, 3.7282006815075874e-08, 0.8497544527053833, 0.007102658040821552, 0.5271310210227966, -0.08037342876195908, 0.9899654984474182, 0.11622593551874161, -0.521016001701355, -0.1411307156085968, 0.8417983651161194),
            ["RightHand"] = CFrame.new(7.450580596923828e-09, 5.960464477539063e-08, -5.21540641784668e-08, 1, 7.450580596923828e-09, -1.4901162970204496e-08, 7.450580596923828e-09, 1, -3.725290653733282e-08, 7.450580596923828e-09, -2.9802322387695312e-08, 1),
            ["UpperTorso"] = CFrame.new(3.725290298461914e-09, -1.4901161193847656e-07, -4.912726581096649e-08, 0.9733859300613403, 0.0799165889620781, 0.2147863507270813, -0.09772120416164398, 0.9924901127815247, 0.07358018308877945, -0.20729303359985352, -0.09261109679937363, 0.9738854169845581),
            ["HumanoidRootPart"] = CFrame.new(0, 0, 0, 1, 0, 0, 0, 1, 0, 0, 0, 1),
            ["RightUpperLeg"] = CFrame.new(0, -2.0489096641540527e-07, 2.8114300221204758e-08, 0.9480805397033691, -0.1276405304670334, 0.2912924289703369, 0.2887575626373291, 0.7293192148208618, -0.6202520728111267, -0.1332758218050003, 0.6721617579460144, 0.7283104062080383),
            ["LeftUpperArm"] = CFrame.new(0, -2.384185791015625e-07, 6.332993507385254e-08, -0.08502338081598282, -0.0763448029756546, -0.993449866771698, -0.22658883035182953, 0.9724173545837402, -0.05533614009618759, 0.9702724814414978, 0.22039979696273804, -0.09997707605361938),
            ["RightLowerArm"] = CFrame.new(-5.960464477539063e-08, 1.7881393432617188e-07, 5.960464477539063e-08, 1, -6.705522537231445e-08, 1.1920927533992653e-07, 9.266659617424011e-08, -0.34248873591423035, -0.9395219087600708, 1.2014061212539673e-07, 0.9395219683647156, -0.34248873591423035),
            ["LeftHand"] = CFrame.new(-1.5832483768463135e-08, 2.980232238769531e-07, 2.5704503059387207e-07, 0.9699426293373108, -0.011819838546216488, -0.24304679036140442, 0.030593756586313248, 0.9968173503875732, 0.07361540198326111, 0.24140311777591705, -0.0788382962346077, 0.967217206954956),
            ["LeftFoot"] = CFrame.new(-4.470348358154297e-08, 5.960464477539063e-08, 7.450580596923828e-09, 0.9977442026138306, 0.031005878001451492, -0.05954106152057648, -0.02351883053779602, 0.992181658744812, 0.12256604433059692, 0.06287586688995361, -0.12088921666145325, 0.990672767162323),
            ["LowerTorso"] = CFrame.new(-0.0026864930987358093, -0.26816534996032715, 0.42493772506713867, 0.9934833645820618, 0.08769384026527405, -0.07280506193637848, -0.08419869095087051, 0.9952054619789124, 0.04976817965507507, 0.07682035118341446, -0.04331377521157265, 0.9961037039756775),
            ["RightLowerLeg"] = CFrame.new(3.3527612686157227e-08, -0.000014901161193847656, -0.00003518367884680629, 1, -1.378357268322361e-07, -1.0803344707710494e-07, 1.6763810606335028e-07, 0.3458765745162964, 0.9382799863815308, -1.1175873737556685e-07, -0.9382800459861755, 0.34587687253952026),
            ["LeftUpperLeg"] = CFrame.new(-2.9802322387695312e-08, -6.51925802230835e-08, -1.4901161193847656e-08, 0.3125144839286804, 0.9251198768615723, 0.21561039984226227, -0.08479122072458267, 0.2532406747341156, -0.9636802077293396, -0.9461211562156677, 0.2828822135925293, 0.15758341550827026),
            ["LeftLowerLeg"] = CFrame.new(2.2351741790771484e-08, 0.00001537799835205078, 0.00003505870699882507, 1, 7.450579886381092e-08, 1.1175869474300271e-07, -9.313224325069314e-08, -0.31392061710357666, 0.9494492411613464, 1.1548398504146462e-07, -0.9494492411613464, -0.3139205873012543),
        }},
        {Time = 0.200, Data = {
            ["RightFoot"] = CFrame.new(7.450580596923828e-09, 3.5762786865234375e-07, 2.4068867787718773e-08, 0.9857004284858704, 0.16849645972251892, -0.0019318083068355918, -0.1467939019203186, 0.8529988527297974, -0.5008435845375061, -0.08274257928133011, 0.4939654767513275, 0.8655356764793396),
            ["LeftLowerArm"] = CFrame.new(2.9802322387695312e-08, 1.1920928955078125e-07, 3.3760443329811096e-08, 1, 1.4808027515300637e-07, -1.9557778330181463e-07, -1.4831312000751495e-07, -0.26644593477249146, -0.9638499021530151, -1.8719583749771118e-07, 0.9638499021530151, -0.266446053981781),
            ["RightUpperArm"] = CFrame.new(1.1920928955078125e-07, 0, -4.470348358154297e-08, -0.20343726873397827, -0.18122141063213348, 0.9621704816818237, 0.3256556987762451, 0.9142445921897888, 0.2410498857498169, -0.9233426451683044, 0.3623749315738678, -0.1269756704568863),
            ["Head"] = CFrame.new(4.470348358154297e-08, 0, -4.839967004954815e-08, 0.8502815961837769, 0.031225042417645454, 0.5254008769989014, -0.06502040475606918, 0.9968239665031433, 0.0459836982190609, -0.5222963690757751, -0.07326079905033112, 0.8496113419532776),
            ["RightHand"] = CFrame.new(-3.166496753692627e-08, -1.1920928955078125e-07, -3.073364496231079e-08, 1, -7.450580596923828e-09, -7.450581485102248e-09, -4.470348358154297e-08, 1, 3.725290653733282e-08, -1.4901161193847656e-08, 1.4901161193847656e-08, 1),
            ["UpperTorso"] = CFrame.new(-5.587935447692871e-09, -5.960464477539063e-08, -5.133915692567825e-08, 0.9730622172355652, 0.07018532603979111, 0.2195999026298523, -0.08897767961025238, 0.9930623769760132, 0.07687816768884659, -0.2126806676387787, -0.09434674680233002, 0.9725562334060669),
            ["HumanoidRootPart"] = CFrame.new(0, 0, 0, 1, 0, 0, 0, 1, 0, 0, 0, 1),
            ["RightUpperLeg"] = CFrame.new(0, -9.313225746154785e-09, 7.62520357966423e-09, 0.9188035726547241, -0.048721905797719955, 0.3916966915130615, 0.2743226885795593, 0.7923426628112793, -0.5449223518371582, -0.28380829095840454, 0.6081276535987854, 0.7413726449012756),
            ["LeftUpperArm"] = CFrame.new(0, -1.1920928955078125e-07, -4.470348358154297e-08, -0.09223052859306335, -0.07665081322193146, -0.9927830696105957, -0.24334493279457092, 0.9685357213020325, -0.05217175930738449, 0.9655448198318481, 0.2367769479751587, -0.1079811304807663),
            ["RightLowerArm"] = CFrame.new(0, 1.1920928955078125e-07, -2.9802322387695312e-08, 1, -1.043081283569336e-07, 1.0430814256778831e-07, 8.940696716308594e-08, -0.34842944145202637, -0.9373351335525513, 1.0058283805847168e-07, 0.9373350739479065, -0.34842944145202637),
            ["LeftHand"] = CFrame.new(2.421438694000244e-08, 2.980232238769531e-07, -4.377216100692749e-08, 0.9699426293373108, -0.011819839477539062, -0.2430468201637268, 0.03059375286102295, 0.9968173503875732, 0.07361540198326111, 0.24140304327011108, -0.07883832603693008, 0.967217206954956),
            ["LeftFoot"] = CFrame.new(2.2351741790771484e-08, 0, -1.1175870895385742e-08, 0.9969011545181274, 0.07775473594665527, 0.011932037770748138, -0.07861632108688354, 0.9900884628295898, 0.11638060212135315, -0.0027646124362945557, -0.11695815622806549, 0.993133008480072),
            ["LowerTorso"] = CFrame.new(-0.06086045503616333, -0.2558016777038574, 0.42493772506713867, 0.993296205997467, 0.0898776426911354, -0.07269567251205444, -0.08637872338294983, 0.9950106143951416, 0.049927834421396255, 0.07682035118341446, -0.04331377148628235, 0.9961037039756775),
            ["RightLowerLeg"] = CFrame.new(1.932494342327118e-08, -0.000014722347259521484, -0.00003515480784699321, 1, -1.4156103134155273e-07, -7.450583439094771e-08, 1.3783575525394554e-07, 0.44374117255210876, 0.8961548805236816, -1.1920930376163597e-07, -0.896155059337616, 0.4437415599822998),
            ["LeftUpperLeg"] = CFrame.new(-2.9802322387695312e-08, -1.1175870895385742e-08, -6.891787052154541e-08, 0.2660120129585266, 0.9409635066986084, 0.2093452364206314, -0.05541139096021652, 0.2317369282245636, -0.971199095249176, -0.962375819683075, 0.24675048887729645, 0.11378490924835205),
            ["LeftLowerLeg"] = CFrame.new(2.9802322387695312e-08, 0.00001519918441772461, 0.00003507547080516815, 1, 5.960465188081798e-08, 1.5646217832454568e-07, -1.1362135410308838e-07, -0.4054960012435913, 0.9140968918800354, 1.2665987014770508e-07, -0.9140968918800354, -0.40549594163894653),
        }},
        {Time = 0.233, Data = {
            ["RightFoot"] = CFrame.new(1.862645149230957e-08, 4.172325134277344e-07, -3.9261067286133766e-08, 0.9789907336235046, 0.20385700464248657, -0.004440326243638992, -0.17657913267612457, 0.836702287197113, -0.5184099078178406, -0.10196627676486969, 0.5083026885986328, 0.8551207780838013),
            ["LeftLowerArm"] = CFrame.new(2.9802322387695312e-08, 4.172325134277344e-07, 2.3748725652694702e-08, 1, 1.4295798678176652e-07, -1.9650906324386597e-07, -1.4365652134529228e-07, -0.26459160447120667, -0.9643605947494507, -1.8905851106865157e-07, 0.9643605947494507, -0.2645917236804962),
            ["RightUpperArm"] = CFrame.new(-1.1920928955078125e-07, -1.1920928955078125e-07, -2.9802322387695312e-08, -0.22488828003406525, -0.17593881487846375, 0.9583688378334045, 0.32409238815307617, 0.9140564203262329, 0.24385452270507812, -0.9189066886901855, 0.3654400408267975, -0.14854007959365845),
            ["Head"] = CFrame.new(-3.166496753692627e-08, -1.1920928955078125e-07, -3.9086444303393364e-08, 0.8509014844894409, 0.04791808873414993, 0.5231353640556335, -0.05400211364030838, 0.9985342621803284, -0.0036268485710024834, -0.5225423574447632, -0.02516426146030426, 0.8522419333457947),
            ["RightHand"] = CFrame.new(-2.421438694000244e-08, 0, -3.073364496231079e-08, 1, 0, 1.4901162970204496e-08, 1.4901162970204496e-08, 1, -3.725290742551124e-09, 0, -1.862645326866641e-08, 1),
            ["UpperTorso"] = CFrame.new(-1.862645149230957e-08, 3.5762786865234375e-07, 2.561137080192566e-08, 0.9727858304977417, 0.06288588047027588, 0.22300921380519867, -0.08277551084756851, 0.9932723641395569, 0.08098337799310684, -0.21641618013381958, -0.0972391813993454, 0.971446692943573),
            ["HumanoidRootPart"] = CFrame.new(0, 0, 0, 1, 0, 0, 0, 1, 0, 0, 0, 1),
            ["RightUpperLeg"] = CFrame.new(-1.1920928955078125e-07, 4.507601261138916e-07, 5.791662260890007e-08, 0.9076520204544067, -0.0732344314455986, 0.4132850468158722, 0.3102375864982605, 0.7802700400352478, -0.5430759191513062, -0.2827020287513733, 0.6211404800415039, 0.7309336066246033),
            ["LeftUpperArm"] = CFrame.new(-5.960464477539063e-08, 0, -5.21540641784668e-08, -0.0995953232049942, -0.07779216766357422, -0.9919825196266174, -0.2557549774646759, 0.9654461145401001, -0.05003328248858452, 0.9615978002548218, 0.2487214207649231, -0.116049624979496),
            ["RightLowerArm"] = CFrame.new(-1.1920928955078125e-07, 0, 8.195638656616211e-08, 1, -1.0430814256778831e-07, 1.0430814256778831e-07, 9.313227167240257e-08, -0.35476696491241455, -0.9349548816680908, 9.778888454547996e-08, 0.9349548816680908, -0.35476693511009216),
            ["LeftHand"] = CFrame.new(0, 2.384185791015625e-07, 7.078051567077637e-08, 0.969942569732666, -0.011819842271506786, -0.2430468052625656, 0.030593764036893845, 0.996817409992218, 0.07361537963151932, 0.24140311777591705, -0.07883834093809128, 0.967217206954956),
            ["LeftFoot"] = CFrame.new(2.9802322387695312e-08, -1.7881393432617188e-07, 1.471489667892456e-07, 0.9956943392753601, 0.08849292248487473, 0.027600444853305817, -0.0902281403541565, 0.9934793710708618, 0.06969685852527618, -0.02125272899866104, -0.07188717275857925, 0.9971863031387329),
            ["LowerTorso"] = CFrame.new(-0.11193405091762543, -0.278308629989624, 0.42493772506713867, 0.9931609034538269, 0.09142202138900757, -0.07261808961629868, -0.08792044967412949, 0.9948698282241821, 0.05004062131047249, 0.07682035863399506, -0.04331377521157265, 0.9961037039756775),
            ["RightLowerLeg"] = CFrame.new(-1.0244548320770264e-08, -0.000014781951904296875, -0.000035196717362850904, 1, -1.9371505288745539e-07, -5.96046660916727e-08, 1.2293459406009788e-07, 0.4192723333835602, 0.9078603386878967, -9.685756197086448e-08, -0.9078604578971863, 0.419272780418396),
            ["LeftUpperLeg"] = CFrame.new(2.9802322387695312e-08, 4.2654573917388916e-07, 1.1175870895385742e-08, 0.24534697830677032, 0.9462389945983887, 0.2107999622821808, -0.04237978532910347, 0.22770725190639496, -0.9728069305419922, -0.9685086011886597, 0.22974160313606262, 0.09596869349479675),
            ["LeftLowerLeg"] = CFrame.new(4.470348358154297e-08, 0.000015497207641601562, 0.00003506988286972046, 1, 1.1175872316471214e-07, 1.4901159772762185e-07, -9.126962652317161e-08, -0.44272327423095703, 0.8966582417488098, 1.1920930376163597e-07, -0.8966583609580994, -0.4427233636379242),
        }},
        {Time = 0.267, Data = {
            ["RightFoot"] = CFrame.new(-1.4901161193847656e-08, 3.5762786865234375e-07, -2.0634615793824196e-08, 0.9712437391281128, 0.23797665536403656, -0.007270021829754114, -0.20131613314151764, 0.8045544624328613, -0.5587162375450134, -0.1271122843027115, 0.5441133379936218, 0.8293269872665405),
            ["LeftLowerArm"] = CFrame.new(2.9802322387695312e-08, -4.172325134277344e-07, -2.421438694000244e-08, 1, 1.490115550950577e-07, -1.708976924419403e-07, -1.3492535799741745e-07, -0.2625259757041931, -0.9649249315261841, -1.8998980522155762e-07, 0.9649249315261841, -0.26252615451812744),
            ["RightUpperArm"] = CFrame.new(-1.7881393432617188e-07, 0, -5.21540641784668e-08, -0.243748277425766, -0.17175333201885223, 0.9545090794563293, 0.32197102904319763, 0.9140446186065674, 0.24669232964515686, -0.914834201335907, 0.36745506525039673, -0.1674971878528595),
            ["Head"] = CFrame.new(-1.1920928955078125e-07, -1.1920928955078125e-07, -8.378992788493633e-08, 0.8512192368507385, 0.054147448390722275, 0.5220096111297607, -0.04979294538497925, 0.998508870601654, -0.022378766909241676, -0.5224429368972778, -0.006943118758499622, 0.8526460528373718),
            ["RightHand"] = CFrame.new(8.754432201385498e-08, 0, 2.0582228899002075e-07, 1, -2.980232594040899e-08, -2.2351741790771484e-08, 0, 1, 2.2351741790771484e-08, 7.450580596923828e-09, -2.6077035641947077e-08, 1),
            ["UpperTorso"] = CFrame.new(1.1175870895385742e-08, -1.4901161193847656e-07, -2.0489096641540527e-08, 0.9725455045700073, 0.05929651856422424, 0.22503148019313812, -0.0804189145565033, 0.9930543899536133, 0.08588317036628723, -0.21837590634822845, -0.10162211954593658, 0.9705590605735779),
            ["HumanoidRootPart"] = CFrame.new(0, 0, 0, 1, 0, 0, 0, 1, 0, 0, 0, 1),
            ["RightUpperLeg"] = CFrame.new(0, -2.3469328880310059e-07, -1.752050593495369e-08, 0.8957550525665283, -0.08035972714424133, 0.43722444772720337, 0.3438940942287445, 0.748518168926239, -0.5669722557067871, -0.2817087173461914, 0.6582271456718445, 0.6981241106987),
            ["LeftUpperArm"] = CFrame.new(-1.1920928955078125e-07, -1.1920928955078125e-07, -8.940696716308594e-08, -0.10676546394824982, -0.07990606129169464, -0.9910683035850525, -0.2616388499736786, 0.9638941884040833, -0.04952939599752426, 0.9592426419258118, 0.25401386618614197, -0.12381716072559357),
            ["RightLowerArm"] = CFrame.new(-5.960464477539063e-08, 3.5762786865234375e-07, 5.960464477539063e-08, 1, -1.1175870895385742e-07, 1.3411046495548362e-07, 1.1641533603778953e-07, -0.361293226480484, -0.932452380657196, 1.1734665861240501e-07, 0.9324522614479065, -0.3612931966781616),
            ["LeftHand"] = CFrame.new(2.735760062932968e-09, 2.384185791015625e-07, -1.2386590242385864e-07, 0.9699426293373108, -0.011819844134151936, -0.2430468052625656, 0.030593764036893845, 0.996817409992218, 0.0736154094338417, 0.24140313267707825, -0.07883831858634949, 0.9672171473503113),
            ["LeftFoot"] = CFrame.new(4.470348358154297e-08, -1.7881393432617188e-07, -6.705522537231445e-08, 0.9967265129089355, 0.07953466475009918, 0.014511771500110626, -0.08034084737300873, 0.9944590926170349, 0.06779880821704865, -0.009039066731929779, -0.0687425285577774, 0.9975934624671936),
            ["LowerTorso"] = CFrame.new(-0.15243317186832428, -0.332303524017334, 0.42493772506713867, 0.9931089878082275, 0.09200774133205414, -0.07258860021829605, -0.08850516378879547, 0.9948158264160156, 0.050083357840776443, 0.07682034373283386, -0.04331376776099205, 0.9961037039756775),
            ["RightLowerLeg"] = CFrame.new(-1.30385160446167e-08, -0.000014722347259521484, -0.00003503839252516627, 1, -1.7136335372924805e-07, -9.313227167240257e-08, 1.4901162614933128e-07, 0.336674302816391, 0.9416211247444153, -8.940698137394065e-08, -0.9416212439537048, 0.33667442202568054),
            ["LeftUpperLeg"] = CFrame.new(5.960464477539063e-08, -2.477318048477173e-07, -4.470348358154297e-08, 0.22588710486888885, 0.9643592834472656, 0.1377905160188675, -0.0518159344792366, 0.1531403511762619, -0.9868451356887817, -0.9727745056152344, 0.2157757729291916, 0.08456167578697205),
