return {
    ["Fancy Footwork FN"] = {
        {Time = 0.000, Data = {
            ["BallHandle"] = CFrame.new(-0.003502368927001953, 1.2278064489364624, 0.45593491196632385, 1, 4.5414868310444945e-08, -1.5186856217042077e-08, -4.54148754158723e-08, 0.7988440990447998, -0.6015381217002869, -1.51868526643284e-08, 0.6015381217002869, 0.7988440990447998),
            ["LeftLowerArm"] = CFrame.new(2.384185791015625e-07, -2.384185791015625e-07, -1.2136297300457954e-08, 1, -8.00937343115038e-08, 5.960465188081798e-08, 8.381902460996571e-08, 0.37294965982437134, -0.927851676940918, 5.45405711704916e-08, 0.9278515577316284, 0.37294965982437134),
            ["LeftFoot"] = CFrame.new(3.3527612686157227e-08, -1.1920928955078125e-07, -2.2351741790771484e-08, 0.7679743766784668, 0.6329553723335266, 0.09789453446865082, -0.47573599219322205, 0.666068434715271, -0.5744807124137878, -0.4288249611854553, 0.3946143090724945, 0.8126429915428162),
            ["RightHand"] = CFrame.new(-2.682209014892578e-07, 1.1920928955078125e-07, -1.9371509552001953e-07, 0.2671617269515991, -0.4616782069206238, 0.8458593487739563, 0.3205733299255371, 0.8703509569168091, 0.3737940788269043, -0.90876704454422, 0.17129656672477722, 0.380526065826416),
            ["HumanoidRootPart"] = CFrame.new(0, 0, 0, 1, 0, 0, 0, 1, 0, 0, 0, 1),
            ["RightLowerLeg"] = CFrame.new(2.2351741790771484e-08, -0.0000035762786865234375, -0.000013357195712160319, 1, -3.2037499408943404e-07, -1.4528633585086936e-07, 1.8626455755565985e-07, 0.8462001085281372, 0.5328647494316101, -1.6391281576488836e-07, -0.5328652262687683, 0.8462005257606506),
            ["LeftUpperLeg"] = CFrame.new(-5.960464477539063e-08, -4.861503839492798e-07, 1.4901161193847656e-08, 0.6515539884567261, 0.02126462757587433, 0.758304238319397, -0.16124564409255981, 0.9806470274925232, 0.11104638874530792, -0.7412673234939575, -0.1946258842945099, 0.6423732042312622),
            ["LeftLowerLeg"] = CFrame.new(-8.009374141693115e-08, 0.000003874301910400391, 0.0000131949782371521, 1, 6.54719542581006e-07, 5.983746973470261e-07, -4.628673195838928e-07, 0.011889582499861717, 0.9999293684959412, 5.746260285377502e-07, -0.9999293684959412, 0.01188948005437851),
            ["RightUpperArm"] = CFrame.new(0, 9.5367431640625e-07, 5.960464477539063e-08, 0.6112721562385559, 0.2710482180118561, -0.7435584664344788, 0.05876810848712921, 0.9213845729827881, 0.38418349623680115, 0.7892355918884277, -0.27853813767433167, 0.5472877621650696),
            ["Head"] = CFrame.new(-2.9802322387695312e-08, 5.960464477539062e-07, 1.043081283569336e-07, 0.7269417643547058, 0.3945270776748657, -0.5620534420013428, -0.057788945734500885, 0.8507293462753296, 0.5224175453186035, 0.6842632293701172, -0.3472866415977478, 0.6412299275398254),
            ["UpperTorso"] = CFrame.new(-1.6763806343078613e-08, -4.172325134277344e-07, 1.4901161193847656e-08, 0.8459730744361877, 0.5018016695976257, -0.18034613132476807, -0.4193894863128662, 0.8350318074226379, 0.3561381697654724, 0.3293054401874542, -0.22564804553985596, 0.9168647527694702),
            ["LeftUpperArm"] = CFrame.new(-2.384185791015625e-07, 9.5367431640625e-07, 1.4901161193847656e-07, 0.821999728679657, -0.06560949981212616, -0.5656958818435669, 0.14602985978126526, 0.9844121932983398, 0.09802033007144928, 0.5504468679428101, -0.1631811112165451, 0.8187674880027771),
            ["RightLowerArm"] = CFrame.new(2.384185791015625e-07, -0.0000010728836059570312, -2.384185791015625e-07, 1, 9.313226634333205e-09, 1.1175872671742582e-08, -2.7939683899802503e-09, 0.9999172687530518, -0.012870663776993752, -1.0710212272613262e-08, 0.012870622798800468, 0.9999172687530518),
            ["LeftHand"] = CFrame.new(1.257285475730896e-07, 0, -7.450580596923828e-08, 0.9033022522926331, -0.23654094338417053, 0.3579014241695404, 0.36026087403297424, 0.8712149262428284, -0.33346179127693176, -0.23293167352676392, 0.4301546514034271, 0.8721867799758911),
            ["RightFoot"] = CFrame.new(-1.4901161193847656e-08, 1.7881393432617188e-07, 3.336026566103101e-08, 0.9148539304733276, -0.4008293151855469, -0.04876890406012535, 0.3902534246444702, 0.9087279438972473, -0.14803864061832428, 0.10365656763315201, 0.11640197038650513, 0.9877784252166748),
            ["RightUpperLeg"] = CFrame.new(0, -2.6170164346694946e-07, 2.8107024263590574e-08, 0.8394333124160767, 0.20226390659809113, -0.5044220089912415, -0.3946887254714966, 0.8649415969848633, -0.30999547243118286, 0.3735942542552948, 0.45930972695350647, 0.8058916330337524),
            ["LowerTorso"] = CFrame.new(0.011290224269032478, -0.22715461254119873, 0.019795840606093407, 0.703870415687561, 0.03586161881685257, 0.7094225883483887, 0.03554068133234978, 0.9956958889961243, -0.08559538424015045, -0.7094387412071228, 0.08546142280101776, 0.6995663046836853),
        }},
        {Time = 0.033, Data = {
            ["BallHandle"] = CFrame.new(-0.003502368927001953, 1.1884187459945679, 0.43738698959350586, 0.9691208004951477, 0.24658654630184174, -2.6641540529226404e-08, -0.2346254140138626, 0.9221119284629822, -0.3076697289943695, -0.0758671760559082, 0.2981691360473633, 0.9514933228492737),
            ["LeftLowerArm"] = CFrame.new(3.2782554626464844e-07, 3.5762786865234375e-07, 9.685754776000977e-08, 1, -8.125788752977314e-08, 4.842878098543224e-08, 7.82310962677002e-08, 0.40921080112457275, -0.9124398827552795, 4.842877388000488e-08, 0.9124398231506348, 0.40921083092689514),
            ["LeftFoot"] = CFrame.new(-2.60770320892334e-08, -5.960464477539063e-08, -1.6763806343078613e-08, 0.7799108028411865, 0.6160227656364441, 0.11070309579372406, -0.4635300040245056, 0.6873400807380676, -0.5591989755630493, -0.42057010531425476, 0.3848111033439636, 0.8216089606285095),
            ["RightHand"] = CFrame.new(-1.601874828338623e-07, -5.960464477539063e-08, 8.940696716308594e-08, 0.3549898862838745, -0.44044721126556396, 0.8246141672134399, 0.3309178650379181, 0.8841552138328552, 0.32979199290275574, -0.8743429183959961, 0.15580670535564423, 0.4596179723739624),
            ["HumanoidRootPart"] = CFrame.new(0, 0, 0, 1, 0, 0, 0, 1, 0, 0, 0, 1),
            ["RightLowerLeg"] = CFrame.new(1.862645149230957e-08, -0.000003516674041748047, -0.000013277101970743388, 1, -2.1606686573250045e-07, -4.470348358154297e-08, 2.3096797008292924e-07, 0.8107958436012268, 0.5853288173675537, -2.9802318834981634e-08, -0.5853290557861328, 0.8107960820198059),
            ["LeftUpperLeg"] = CFrame.new(0, -4.0046870708465576e-07, 1.4901161193847656e-08, 0.6704187393188477, -0.032880861312150955, 0.7412541508674622, -0.10683110356330872, 0.9843308329582214, 0.1402854323387146, -0.7342519164085388, -0.17323896288871765, 0.6564009189605713),
            ["LeftLowerLeg"] = CFrame.new(6.332993507385254e-08, 0.000003814697265625, 0.000013245269656181335, 1, 3.946479978367279e-07, 3.8184239770089334e-07, -3.511086958951637e-07, 0.0054509746842086315, 0.9999852180480957, 3.9872256252238003e-07, -0.9999852180480957, 0.005450999829918146),
            ["RightUpperArm"] = CFrame.new(0, 4.76837158203125e-07, 5.960464477539063e-08, 0.7629846930503845, 0.14492861926555634, -0.6299603581428528, 0.06797890365123749, 0.9511491656303406, 0.30115482211112976, 0.6428321003913879, -0.27260062098503113, 0.7158602476119995),
            ["Head"] = CFrame.new(-1.4901161193847656e-08, 0, 2.9802322387695312e-08, 0.7623423933982849, 0.31637507677078247, -0.5645714998245239, -0.01998349279165268, 0.8834558725357056, 0.46808791160583496, 0.6468653678894043, -0.3455612063407898, 0.6798181533813477),
            ["UpperTorso"] = CFrame.new(-5.494803190231323e-08, -3.5762786865234375e-07, 0, 0.8328360319137573, 0.5156463980674744, -0.20122894644737244, -0.39983931183815, 0.8118395805358887, 0.42549392580986023, 0.38276997208595276, -0.27390745282173157, 0.882304847240448),
            ["LeftUpperArm"] = CFrame.new(-1.1920928955078125e-07, 3.5762786865234375e-07, 1.1920928955078125e-07, 0.8272904753684998, -0.0904337465763092, -0.554447591304779, 0.14821195602416992, 0.9871252775192261, 0.06014072895050049, 0.5418705344200134, -0.13192959129810333, 0.8300427794456482),
            ["RightLowerArm"] = CFrame.new(5.960464477539063e-08, -5.364418029785156e-07, -2.682209014892578e-07, 1, 0, -1.4901162970204496e-08, -7.450583261459087e-09, 1, -1.862645326866641e-08, 3.725291630729544e-09, 5.21540641784668e-08, 1),
            ["LeftHand"] = CFrame.new(-3.166496753692627e-08, 5.960464477539062e-07, -1.043081283569336e-07, 0.8887436985969543, -0.2657032310962677, 0.3735457956790924, 0.41134247183799744, 0.8219006657600403, -0.3940516710281372, -0.20231673121452332, 0.5038661956787109, 0.839754045009613),
            ["RightFoot"] = CFrame.new(-3.725290298461914e-08, 4.76837158203125e-07, 9.145878721028566e-09, 0.9188445806503296, -0.39121782779693604, -0.05170685425400734, 0.37824806571006775, 0.9104808568954468, -0.16719010472297668, 0.11248640716075897, 0.13406412303447723, 0.9845678806304932),
            ["RightUpperLeg"] = CFrame.new(-5.960464477539063e-08, -7.264316082000732e-08, 1.3205863069742918e-08, 0.8421764373779297, 0.18656860291957855, -0.5058969855308533, -0.38107720017433167, 0.8697161674499512, -0.3136466145515442, 0.3814697265625, 0.45693111419677734, 0.8035509586334229),
            ["LowerTorso"] = CFrame.new(-0.0062968241982162, -0.24318253993988037, 0.03847229480743408, 0.7085840702056885, 0.05429016426205635, 0.7035347819328308, 0.04682239145040512, 0.9912207722663879, -0.12364867329597473, -0.7040712237358093, 0.12055665999650955, 0.6998212933540344),
        }},
        {Time = 0.067, Data = {
            ["BallHandle"] = CFrame.new(-0.003502368927001953, 1.1361132860183716, 0.419891893863678, 0.8199449777603149, 0.572442352771759, -4.272032061436448e-09, -0.5703922510147095, 0.8170084953308105, -0.08455648273229599, -0.04840370640158653, 0.06933166831731796, 0.9964187741279602),
            ["LeftLowerArm"] = CFrame.new(2.086162567138672e-07, 1.7881393432617188e-07, 1.341104507446289e-07, 1, -7.636842980218717e-08, 4.842878098543224e-08, 7.264315371457997e-08, 0.48300278186798096, -0.8756188750267029, 4.8428766774577525e-08, 0.8756187558174133, 0.48300281167030334),
            ["LeftFoot"] = CFrame.new(-1.4901161193847656e-08, 0, 3.725290298461914e-09, 0.8284615874290466, 0.542659342288971, 0.13846415281295776, -0.4108056426048279, 0.7568672895431519, -0.5083218216896057, -0.3806445300579071, 0.3642430603504181, 0.8499627709388733),
            ["RightHand"] = CFrame.new(-2.421438694000244e-08, 5.364418029785156e-07, -1.5832483768463135e-08, 0.4960818588733673, -0.3955479562282562, 0.7729454636573792, 0.3500533103942871, 0.905766487121582, 0.2388511300086975, -0.7945850491523743, 0.15208230912685394, 0.587797224521637),
            ["HumanoidRootPart"] = CFrame.new(0, 0, 0, 1, 0, 0, 0, 1, 0, 0, 0, 1),
            ["RightLowerLeg"] = CFrame.new(-2.9802322387695312e-08, -0.0000037550926208496094, -0.000013220291293691844, 1, -6.705522537231445e-08, 3.725290298461914e-09, 8.940694584680386e-08, 0.7685419321060181, 0.6397993564605713, -8.940694584680386e-08, -0.6397994160652161, 0.7685419917106628),
            ["LeftUpperLeg"] = CFrame.new(0, -1.1920928955078125e-07, -2.9802322387695312e-08, 0.6930385231971741, -0.16503702104091644, 0.7017554640769958, 0.06381198018789291, 0.983665406703949, 0.1683163195848465, -0.7180708050727844, -0.071869395673275, 0.6922491788864136),
            ["LeftLowerLeg"] = CFrame.new(1.0710209608078003e-07, 0.0000037550926208496094, 0.000013194046914577484, 1, 3.390014455817436e-07, 2.4493783712387085e-07, -2.621673047542572e-07, -0.013969010673463345, 0.9999024271965027, 2.1886080503463745e-07, -0.9999024271965027, -0.01396910846233368),
            ["RightUpperArm"] = CFrame.new(-5.960464477539063e-08, 3.5762786865234375e-07, -5.960464477539063e-08, 0.8730982542037964, 0.014546558260917664, -0.48732733726501465, 0.09901095926761627, 0.9734358191490173, 0.20644532144069672, 0.47738486528396606, -0.22849781811237335, 0.8484647870063782),
            ["Head"] = CFrame.new(-1.4901161193847656e-08, -1.1920928955078125e-07, -1.4901161193847656e-08, 0.7987514138221741, 0.2650160491466522, -0.5401506423950195, 0.004838257562369108, 0.8949072360992432, 0.4462260901927948, 0.6016417145729065, -0.3590371906757355, 0.71352618932724),
            ["UpperTorso"] = CFrame.new(-1.0710209608078003e-08, -2.384185791015625e-07, -1.0710209608078003e-08, 0.8545043468475342, 0.4760814309120178, -0.20777136087417603, -0.33712849020957947, 0.812591552734375, 0.4754360616207123, 0.39517948031425476, -0.3362165689468384, 0.8548634648323059),
            ["LeftUpperArm"] = CFrame.new(-2.384185791015625e-07, 3.5762786865234375e-07, -2.9802322387695312e-08, 0.8320537805557251, -0.10720408707857132, -0.5442368984222412, 0.13124653697013855, 0.9913352131843567, 0.0053818244487047195, 0.5389441847801208, -0.07590717822313309, 0.8389143943786621),
            ["RightLowerArm"] = CFrame.new(1.1920928955078125e-07, -4.172325134277344e-07, -3.026798367500305e-07, 1, 3.725291186640334e-09, -1.862645815364772e-09, 0, 1, -2.84635568448266e-08, 6.519259798665189e-09, -4.621689342343416e-08, 1),
            ["LeftHand"] = CFrame.new(-1.5087425708770752e-07, -2.384185791015625e-07, 7.450580596923828e-09, 0.879692554473877, -0.2883806824684143, 0.3781239092350006, 0.44199684262275696, 0.7891857624053955, -0.426408976316452, -0.1754418909549713, 0.5422382950782776, 0.8217042684555054),
            ["RightFoot"] = CFrame.new(-4.470348358154297e-08, 3.5762786865234375e-07, 2.4047039914876223e-08, 0.9224182963371277, -0.3813782036304474, -0.06078799068927765, 0.3664630055427551, 0.9140506386756897, -0.1738283336162567, 0.12185785174369812, 0.1380661576986313, 0.9828980565071106),
            ["RightUpperLeg"] = CFrame.new(5.960464477539063e-08, -2.0489096641540527e-08, -1.6952981241047382e-09, 0.8742176294326782, 0.15704089403152466, -0.45943671464920044, -0.3448050022125244, 0.8670024275779724, -0.3597449064254761, 0.34183791279792786, 0.4729113280773163, 0.8120970129966736),
            ["LowerTorso"] = CFrame.new(-0.028825772926211357, -0.2480870485305786, 0.06603752076625824, 0.7401456236839294, 0.08792900294065475, 0.6666730642318726, 0.019722305238246918, 0.9881491661071777, -0.1522250473499298, -0.672157347202301, 0.12581706047058105, 0.7296400666236877),
        }},
        {Time = 0.100, Data = {
            ["BallHandle"] = CFrame.new(-0.003502368927001953, 1.0722737312316895, 0.4025818407535553, 0.4909358620643616, 0.8711957335472107, 3.106276480480119e-08, -0.8711957335472107, 0.4909358620643616, 9.59924193466577e-08, 6.837839805484691e-08, -7.418788072754978e-08, 1),
            ["LeftLowerArm"] = CFrame.new(0, 1.7881393432617188e-07, 2.868473529815674e-07, 1, -6.752088665962219e-08, 3.8649897504683395e-08, 7.31088150018877e-08, 0.574597954750061, -0.8184358477592468, 3.655440750094385e-08, 0.8184358477592468, 0.574597954750061),
            ["LeftFoot"] = CFrame.new(-1.4901161193847656e-08, -5.960464477539063e-08, 3.3527612686157227e-08, 0.880348265171051, 0.4506799578666687, 0.14790010452270508, -0.33023056387901306, 0.8061782121658325, -0.4909427762031555, -0.3404919505119324, 0.383359432220459, 0.85854572057724),
            ["RightHand"] = CFrame.new(-2.458036760799587e-07, -1.7881393432617188e-07, 1.862645149230957e-08, 0.6193053126335144, -0.38442209362983704, 0.684602677822113, 0.412356972694397, 0.9012542963027954, 0.1330510973930359, -0.6681486964225769, 0.19990143179893494, 0.716670572757721),
            ["HumanoidRootPart"] = CFrame.new(0, 0, 0, 1, 0, 0, 0, 1, 0, 0, 0, 1),
            ["RightLowerLeg"] = CFrame.new(-4.470348358154297e-08, -0.0000035762786865234375, -0.000013303179002832621, 1, -4.321335609347443e-07, -1.0617080903330134e-07, 3.2782554626464844e-07, 0.7535248398780823, 0.657418966293335, -1.4901161193847656e-07, -0.6574193835258484, 0.7535253167152405),
            ["LeftUpperLeg"] = CFrame.new(5.960464477539063e-08, -2.682209014892578e-07, -4.470348358154297e-08, 0.6538266539573669, -0.2242623120546341, 0.7226460576057434, 0.25324878096580505, 0.9648439884185791, 0.07029347866773605, -0.7130048871040344, 0.13704931735992432, 0.6876347661018372),
            ["LeftLowerLeg"] = CFrame.new(2.2351741790771484e-08, 0.000004112720489501953, 0.000013245269656181335, 1, 1.9185245037078857e-07, 5.96046660916727e-08, -4.039612022666006e-08, -0.12912115454673767, 0.991628885269165, -2.980232594040899e-08, -0.9916288256645203, -0.12912125885486603),
            ["RightUpperArm"] = CFrame.new(-5.960464477539063e-08, 5.960464477539062e-07, 0, 0.9282448887825012, -0.09325405210256577, -0.360090434551239, 0.13192689418792725, 0.9876682162284851, 0.08430208265781403, 0.3477883040904999, -0.1257585883140564, 0.9291006922721863),
            ["Head"] = CFrame.new(0, 1.1920928955078125e-07, -8.195638656616211e-08, 0.8326382637023926, 0.24594169855117798, -0.49621185660362244, 0.01682501658797264, 0.8843379020690918, 0.46654418110847473, 0.5535616278648376, -0.39681127667427063, 0.7321956157684326),
            ["UpperTorso"] = CFrame.new(-1.5366822481155396e-08, -1.7881393432617188e-07, -1.862645149230957e-08, 0.9089595079421997, 0.386038601398468, -0.15737496316432953, -0.26223739981651306, 0.8229263424873352, 0.504007875919342, 0.3240744173526764, -0.4168531596660614, 0.8492404222488403),
            ["LeftUpperArm"] = CFrame.new(-2.384185791015625e-07, 3.5762786865234375e-07, 4.470348358154297e-08, 0.8516477346420288, -0.10856347531080246, -0.512747585773468, 0.10314937680959702, 0.9938967227935791, -0.0391106978058815, 0.5138640999794006, -0.01958104595541954, 0.8576480746269226),
            ["RightLowerArm"] = CFrame.new(2.384185791015625e-07, -0.0000011920928955078125, -2.086162567138672e-07, 1, 5.587936335871291e-09, 0, 3.725290742551124e-09, 1, -2.7474019503870295e-08, 3.725290742551124e-09, -2.0023437130589627e-08, 1),
            ["LeftHand"] = CFrame.new(-1.1362135410308838e-07, 5.960464477539063e-08, -1.7881393432617188e-07, 0.872780978679657, -0.3100512623786926, 0.37699031829833984, 0.45999398827552795, 0.7808113694190979, -0.4227757453918457, -0.16327613592147827, 0.5424039363861084, 0.8240989446640015),
            ["RightFoot"] = CFrame.new(-2.9802322387695312e-08, 4.76837158203125e-07, 1.845910446718335e-08, 0.9396554827690125, -0.3322020173072815, -0.08178999274969101, 0.3235662877559662, 0.9405844211578369, -0.10298433899879456, 0.11114177852869034, 0.0703057125210762, 0.9913145899772644),
            ["RightUpperLeg"] = CFrame.new(-2.9802322387695312e-08, 2.514570951461792e-07, -3.149762051180005e-08, 0.9279451370239258, 0.16357745230197906, -0.3349032402038574, -0.3041967749595642, 0.8515886664390564, -0.4269208610057831, 0.21536549925804138, 0.4980354905128479, 0.8399871587753296),
            ["LowerTorso"] = CFrame.new(-0.054442014545202255, -0.22970283031463623, 0.1024288684129715, 0.8156664371490479, 0.11365848034620285, 0.5672478079795837, -0.025673745200037956, 0.9866567254066467, -0.16077753901481628, -0.5779525637626648, 0.11657746881246567, 0.8077008128166199),
        }},
        {Time = 0.133, Data = {
            ["BallHandle"] = CFrame.new(-0.003502368927001953, 0.9982835650444031, 0.38565951585769653, 0.0005284858634695411, 0.9999998807907104, 6.031057608879564e-08, -0.9999998807907104, 0.0005284858634695411, 1.081072582564957e-07, 1.0807539752022421e-07, -6.03676966193234e-08, 1),
            ["LeftLowerArm"] = CFrame.new(1.1920928955078125e-07, 7.748603820800781e-07, 1.4156103134155273e-07, 1, -6.542541086673737e-08, 2.887100691850719e-08, 5.774199252073231e-08, 0.6892977356910706, -0.7244783043861389, 2.1420417439799166e-08, 0.7244783043861389, 0.6892977356910706),
            ["LeftFoot"] = CFrame.new(-2.60770320892334e-08, 0, 1.1362135410308838e-07, 0.9060071110725403, 0.4003766179084778, 0.13729552924633026, -0.2684500813484192, 0.7943403124809265, -0.5449378490447998, -0.3272395431995392, 0.45686104893684387, 0.8271594047546387),
            ["RightHand"] = CFrame.new(-1.3597309589385986e-07, 3.5762786865234375e-07, -5.960464477539063e-08, 0.7095128893852234, -0.415322482585907, 0.5692965984344482, 0.49665841460227966, 0.8678311705589294, 0.014129936695098877, -0.49992185831069946, 0.2727205753326416, 0.8220108151435852),
            ["HumanoidRootPart"] = CFrame.new(0, 0, 0, 1, 0, 0, 0, 1, 0, 0, 0, 1),
            ["RightLowerLeg"] = CFrame.new(-1.862645149230957e-08, -0.0000036954879760742188, -0.000013285949535202235, 1, -1.5646223516796454e-07, 2.5611377463263807e-09, 2.6822092991096724e-07, 0.7833451628684998, 0.6215868592262268, -5.960465188081798e-08, -0.6215870976448059, 0.7833453416824341),
            ["LeftUpperLeg"] = CFrame.new(-1.1920928955078125e-07, -5.103647708892822e-07, -1.4901161193847656e-08, 0.5803885459899902, -0.11082161962985992, 0.8067638874053955, 0.35978490114212036, 0.9236577153205872, -0.13195157051086426, -0.7305505275726318, 0.36684486269950867, 0.5759519934654236),
            ["LeftLowerLeg"] = CFrame.new(-9.313225746154785e-08, 0.000003516674041748047, 0.000013407319784164429, 1, -1.9418065733134426e-07, -1.527369164477932e-07, -1.4901161193847656e-08, -0.31475791335105896, 0.9491720199584961, -2.3096799850463867e-07, -0.9491719603538513, -0.3147578537464142),
            ["RightUpperArm"] = CFrame.new(-5.960464477539063e-08, 5.960464477539062e-07, -3.2782554626464844e-07, 0.9517287611961365, -0.1541942059993744, -0.2653990089893341, 0.14298537373542786, 0.9878326654434204, -0.06117120385169983, 0.2716020345687866, 0.020270194858312607, 0.9621962308883667),
            ["Head"] = CFrame.new(-2.9802322387695312e-08, 0, -3.427267074584961e-07, 0.863481879234314, 0.24302531778812408, -0.4419703483581543, 0.021225113421678543, 0.8579804301261902, 0.5132436752319336, 0.5039331316947937, -0.4525575041770935, 0.7356923222541809),
            ["UpperTorso"] = CFrame.new(-9.313225746154785e-09, -4.76837158203125e-07, 2.7939677238464355e-09, 0.9642124772071838, 0.25952476263046265, -0.054234109818935394, -0.1935972422361374, 0.828935980796814, 0.5247716903686523, 0.18114785850048065, -0.49549180269241333, 0.849513590335846),
            ["LeftUpperArm"] = CFrame.new(-2.384185791015625e-07, 5.960464477539062e-07, -2.980232238769531e-07, 0.9072019457817078, -0.07958424836397171, -0.4130991995334625, 0.07058228552341461, 0.9968183040618896, -0.03703378885984421, 0.41473203897476196, 0.0044396244920790195, 0.9099327325820923),
            ["RightLowerArm"] = CFrame.new(0, -5.960464477539062e-07, -1.6391277313232422e-07, 1, -6.519258910486769e-09, -1.862645371275562e-09, 7.217752617805218e-09, 0.9955937266349792, -0.09377218037843704, -2.7939686120248552e-09, 0.09377215802669525, 0.9955936670303345),
            ["LeftHand"] = CFrame.new(6.332993507385254e-08, 1.7881393432617188e-07, 0, 0.871086835861206, -0.3300684690475464, 0.36367908120155334, 0.46619346737861633, 0.7886517643928528, -0.40086421370506287, -0.15450352430343628, 0.5187323689460754, 0.8408599495887756),
            ["RightFoot"] = CFrame.new(4.470348358154297e-08, 4.76837158203125e-07, 2.1485902834683657e-08, 0.9758488535881042, -0.20310841500759125, -0.08041251450777054, 0.2083486020565033, 0.9760115742683411, 0.06318466365337372, 0.06565012037754059, -0.07841215282678604, 0.9947571158409119),
            ["RightUpperLeg"] = CFrame.new(5.960464477539063e-08, -1.8440186977386475e-07, 3.9282895158976316e-08, 0.9649380445480347, 0.20290488004684448, -0.1665060669183731, -0.25903573632240295, 0.8385463953018188, -0.4793124496936798, 0.04236820340156555, 0.5056379437446594, 0.8617048859596252),
            ["LowerTorso"] = CFrame.new(-0.08129213750362396, -0.18403446674346924, 0.14525970816612244, 0.9051452875137329, 0.12535296380519867, 0.4062002897262573, -0.06816109269857407, 0.9859681725502014, -0.15238380432128906, -0.41960230469703674, 0.11024242639541626, 0.9009886384010315),
        }},
        {Time = 0.167, Data = {
            ["BallHandle"] = CFrame.new(-0.003502368927001953, 0.9155266284942627, 0.3701901435852051, -0.5254542827606201, 0.8508219122886658, 9.260061517579743e-08, -0.8508219122886658, -0.5254542827606201, 1.0154680296636798e-07, 1.3505565732430114e-07, -2.5428409600181112e-08, 1),
            ["LeftLowerArm"] = CFrame.new(1.4901161193847656e-07, 4.172325134277344e-07, 1.6391277313232422e-07, 1, -5.087348498022948e-08, 1.4435499906539917e-08, 4.3539319705132584e-08, 0.8193416595458984, -0.5733055472373962, 1.2107190805465962e-08, 0.5733055472373962, 0.8193417191505432),
            ["LeftFoot"] = CFrame.new(-3.725290298461914e-08, -5.960464477539063e-08, -3.771856427192688e-08, 0.9097052216529846, 0.3709172010421753, 0.18670041859149933, -0.2345254272222519, 0.8299550414085388, -0.5061348080635071, -0.34268710017204285, 0.4166475534439087, 0.8420039415359497),
            ["RightHand"] = CFrame.new(-1.2665987014770508e-07, 1.7881393432617188e-07, -2.2351741790771484e-08, 0.7320212721824646, -0.4574556350708008, 0.5048558115959167, 0.5516160130500793, 0.832875669002533, -0.04514370113611221, -0.3998309373855591, 0.3115327060222626, 0.8620225191116333),
            ["HumanoidRootPart"] = CFrame.new(0, 0, 0, 1, 0, 0, 0, 1, 0, 0, 0, 1),
            ["RightLowerLeg"] = CFrame.new(2.2351741790771484e-08, -0.0000037550926208496094, -0.000013222503184806556, 1, 1.2107189206744806e-07, -3.725289587919178e-08, -1.043081283569336e-07, 0.8550102710723877, 0.5186105966567993, 5.029141902923584e-08, -0.5186111927032471, 0.8550105690956116),
            ["LeftUpperLeg"] = CFrame.new(-1.1920928955078125e-07, -2.086162567138672e-07, -1.4901161193847656e-08, 0.5505220293998718, 0.11101090162992477, 0.8274068236351013, 0.44400057196617126, 0.8003825545310974, -0.40280449390411377, -0.7069576382637024, 0.5891216397285461, 0.3913392722606659),
            ["LeftLowerLeg"] = CFrame.new(4.470348358154297e-08, 0.000003814697265625, 0.000013094395399093628, 1, -2.048909948371147e-07, -4.4330980131235265e-07, 7.4505820180093e-08, -0.5111307501792908, 0.8595029711723328, -3.799796957082435e-07, -0.8595030903816223, -0.5111308693885803),
            ["RightUpperArm"] = CFrame.new(-3.5762786865234375e-07, 4.76837158203125e-07, -1.1920928955078125e-07, 0.9706336259841919, -0.17144739627838135, -0.16874925792217255, 0.1390373706817627, 0.9722633957862854, -0.18807612359523773, 0.19631387293338776, 0.1590905338525772, 0.9675490260124207),
            ["Head"] = CFrame.new(-9.685754776000977e-08, -1.1920928955078125e-07, 2.9802322387695312e-08, 0.8851632475852966, 0.22844499349594116, -0.4053381681442261, 0.030775588005781174, 0.8405150771141052, 0.5409135222434998, 0.4642618000507355, -0.4912712574005127, 0.7369623780250549),
            ["UpperTorso"] = CFrame.new(-7.450580596923828e-09, -1.7881393432617188e-07, 2.514570951461792e-08, 0.9910581707954407, 0.11562753468751907, 0.06658940762281418, -0.13325165212154388, 0.8317873477935791, 0.538863480091095, 0.006919217295944691, -0.5429182052612305, 0.8397571444511414),
            ["LeftUpperArm"] = CFrame.new(-3.5762786865234375e-07, 5.960464477539062e-07, 1.043081283569336e-07, 0.9614248871803284, -0.036954574286937714, -0.27257394790649414, 0.03227806091308594, 0.9992449879646301, -0.02162248082458973, 0.2731671631336212, 0.011990254744887352, 0.9618918895721436),
            ["RightLowerArm"] = CFrame.new(-5.960464477539063e-08, -5.960464477539063e-08, -4.470348358154297e-08, 1, -2.0489101970611046e-08, 2.2584577763495872e-08, 1.9092119885044667e-08, 0.9786240458488464, -0.20565758645534515, 4.656614649434232e-09, 0.20565760135650635, 0.9786240458488464),
            ["LeftHand"] = CFrame.new(2.9685907065868378e-09, 2.980232238769531e-07, -4.470348358154297e-08, 0.8838755488395691, -0.33881551027297974, 0.32244113087654114, 0.44820502400398254, 0.8106241822242737, -0.3768298625946045, -0.13370279967784882, 0.47759050130844116, 0.8683496117591858),
            ["RightFoot"] = CFrame.new(-1.4901161193847656e-08, 4.76837158203125e-07, -1.6931153368204832e-08, 0.999832272529602, 0.014732087962329388, 0.010884903371334076, -0.017052533105015755, 0.9655966758728027, 0.2594851851463318, -0.006687563844025135, -0.25962716341018677, 0.9656857848167419),
            ["RightUpperLeg"] = CFrame.new(0, -7.450580596923828e-09, 1.3205863069742918e-08, 0.973853588104248, 0.20638392865657806, -0.09494708478450775, -0.2265247255563736, 0.8505346775054932, -0.4746342599391937, -0.017201170325279236, 0.48373183608055115, 0.8750471472740173),
            ["LowerTorso"] = CFrame.new(-0.10752508789300919, -0.12573611736297607, 0.19940437376499176, 0.9671924710273743, 0.13482318818569183, 0.21531713008880615, -0.10765519738197327, 0.9852089285850525, -0.13331831991672516, -0.23010674118995667, 0.1057644709944725, 0.9674010276794434),
        }},
        {Time = 0.200, Data = {
            ["BallHandle"] = CFrame.new(-0.003502368927001953, 0.8253865242004395, 0.35588836669921875, -0.9021919965744019, 0.43133488297462463, 1.1503431096571148e-07, -0.43133488297462463, -0.9021919965744019, 7.666395163141715e-08, 1.3685088617876318e-07, 1.954731310149782e-08, 1),
            ["LeftLowerArm"] = CFrame.new(2.980232238769531e-07, 5.364418029785156e-07, 1.4901161193847656e-07, 1, -2.8870992707652476e-08, 1.5832483768463135e-08, 5.215404996761208e-08, 0.9255025386810303, -0.3787415623664856, 2.9802315282267955e-08, 0.3787415325641632, 0.9255025386810303),
            ["LeftFoot"] = CFrame.new(-2.9802322387695312e-08, -5.960464477539063e-08, -1.3783574104309082e-07, 0.9073763489723206, 0.2953507900238037, 0.2990588843822479, -0.21087214350700378, 0.9353619813919067, -0.2839559018611908, -0.3635949492454529, 0.19459177553653717, 0.911006510257721),
            ["RightHand"] = CFrame.new(-1.2293457984924316e-07, 5.364418029785156e-07, 2.9802322387695312e-08, 0.7271112203598022, -0.49409422278404236, 0.47663429379463196, 0.5710010528564453, 0.8206982016563416, -0.020306933671236038, -0.3811393678188324, 0.2869240641593933, 0.8788670897483826),
            ["HumanoidRootPart"] = CFrame.new(0, 0, 0, 1, 0, 0, 0, 1, 0, 0, 0, 1),
            ["RightLowerLeg"] = CFrame.new(8.568167686462402e-08, -0.000003635883331298828, -0.000013397300790529698, 1, 2.0302836389873846e-07, 4.097820394122209e-08, -6.705522537231445e-08, 0.9095582365989685, 0.4155765175819397, 3.4458935260772705e-08, -0.41557660698890686, 0.9095582365989685),
            ["LeftUpperLeg"] = CFrame.new(0, 1.601874828338623e-07, -1.1175870895385742e-08, 0.7005345821380615, 0.3401947021484375, 0.6273106932640076, 0.459407776594162, 0.45767632126808167, -0.761233925819397, -0.5460730195045471, 0.8214621543884277, 0.16432976722717285),
            ["LeftLowerLeg"] = CFrame.new(5.960464477539063e-08, 0.000003933906555175781, 0.000013301149010658264, 1, 1.4901157641133977e-08, 3.7252920748187535e-08, 2.9802322387695312e-08, -0.6830742955207825, 0.7303486466407776, 3.5390257835388184e-08, -0.7303488850593567, -0.6830746531486511),
            ["RightUpperArm"] = CFrame.new(-1.1920928955078125e-07, 1.1920928955078125e-07, -1.1920928955078125e-07, 0.9846580028533936, -0.16719530522823334, -0.04994474723935127, 0.14776024222373962, 0.9511622190475464, -0.27103036642074585, 0.09282056242227554, 0.2594923973083496, 0.961274266242981),
            ["Head"] = CFrame.new(3.725290298461914e-08, -3.5762786865234375e-07, -1.4528632164001465e-07, 0.89634108543396, 0.19604118168354034, -0.3976689875125885, 0.05308109521865845, 0.843031644821167, 0.5352383852005005, 0.4401763081550598, -0.5008648633956909, 0.7452377676963806),
            ["UpperTorso"] = CFrame.new(-1.6763806343078613e-08, -2.9802322387695312e-08, -1.7229467630386353e-08, 0.9856066107749939, -0.016746411100029945, 0.1682240217924118, -0.07929152995347977, 0.8330477476119995, 0.5474891662597656, -0.14930710196495056, -0.5529475808143616, 0.8197294473648071),
            ["LeftUpperArm"] = CFrame.new(-1.1920928955078125e-07, 0, -1.4156103134155273e-07, 0.9952620267868042, 0.01849326677620411, -0.09545374661684036, -0.018695103004574776, 0.9998244643211365, -0.0012203289661556482, 0.0954144150018692, 0.002999011892825365, 0.9954332113265991),
            ["RightLowerArm"] = CFrame.new(1.1920928955078125e-07, -5.364418029785156e-07, -1.1920928955078125e-07, 1, -2.421439226907296e-08, 1.6530979252138422e-08, 2.6077035641947077e-08, 0.9611297845840454, -0.27609720826148987, 1.3969840839678227e-09, 0.27609723806381226, 0.9611297845840454),
            ["LeftHand"] = CFrame.new(1.862645149230957e-08, 1.7881393432617188e-07, 1.4901161193847656e-08, 0.9418296813964844, -0.3021961748600006, 0.1470867246389389, 0.3357856869697571, 0.8647223114967346, -0.37350159883499146, -0.014318409375846386, 0.4011645019054413, 0.9158941507339478),
            ["RightFoot"] = CFrame.new(3.725290298461914e-09, 2.980232238769531e-07, -2.8107024263590574e-08, 0.9978917837142944, -0.05802274867892265, -0.02907659113407135, 0.06398358196020126, 0.9545828700065613, 0.29099467396736145, 0.010871708393096924, -0.29224124550819397, 0.9562827944755554),
            ["RightUpperLeg"] = CFrame.new(0, 4.898756742477417e-07, -3.242894308641553e-08, 0.9671092629432678, 0.2503173053264618, 0.04517700523138046, -0.20353835821151733, 0.8680902719497681, -0.4527599811553955, -0.15255135297775269, 0.4286729693412781, 0.8904871940612793),
            ["LowerTorso"] = CFrame.new(-0.13176339864730835, -0.07244288921356201, 0.2659580111503601, 0.987915575504303, 0.14916864037513733, 0.042089011520147324, -0.14384661614894867, 0.9835350513458252, -0.10939376056194305, -0.05771413445472717, 0.10201743990182877, 0.99310702085495),
        }},
        {Time = 0.233, Data = {
            ["BallHandle"] = CFrame.new(-0.003502368927001953, 0.7292467355728149, 0.34199368953704834, -0.9928012490272522, -0.11977392435073853, 1.1804898747413972e-07, 0.11977392435073853, -0.9928012490272522, 4.317838175893485e-08, 1.120275356925049e-07, 5.700676908304558e-08, 1),
            ["LeftLowerArm"] = CFrame.new(2.384185791015625e-07, 8.344650268554688e-07, 4.470348358154297e-07, 1, -4.470347647611561e-08, -3.725290298461914e-08, 3.725289943190546e-08, 0.9817912578582764, -0.18996289372444153, 2.9802318834981634e-08, 0.18996289372444153, 0.9817912578582764),
            ["LeftFoot"] = CFrame.new(1.6763806343078613e-08, -5.960464477539063e-08, 3.725290298461914e-09, 0.9274441599845886, 0.16716580092906952, 0.33451902866363525, -0.17971935868263245, 0.9836952686309814, 0.006694816052913666, -0.3279457092285156, -0.06632832437753677, 0.9423652291297913),
            ["RightHand"] = CFrame.new(-4.0978193283081055e-08, 0, 1.4901161193847656e-07, 0.7306042909622192, -0.5240298509597778, 0.43773290514945984, 0.5703740119934082, 0.8208134174346924, 0.030641913414001465, -0.3753543496131897, 0.22728435695171356, 0.8985827565193176),
            ["HumanoidRootPart"] = CFrame.new(0, 0, 0, 1, 0, 0, 0, 1, 0, 0, 0, 1),
            ["RightLowerLeg"] = CFrame.new(-8.381903171539307e-09, -0.000003516674041748047, -0.000013375822163652629, 1, -2.5890767574310303e-07, 2.0489098417897367e-08, 2.9057270012344816e-07, 0.7348071932792664, 0.6782756447792053, -2.980232949312267e-08, -0.6782761216163635, 0.734807550907135),
            ["LeftUpperLeg"] = CFrame.new(1.7881393432617188e-07, -6.388872861862183e-07, -4.842877388000488e-08, 0.9079955816268921, 0.30088621377944946, 0.2915676534175873, 0.2806490361690521, 0.07992913573980331, -0.956476628780365, -0.3110952079296112, 0.9503046870231628, -0.011868172325193882),
            ["LeftLowerLeg"] = CFrame.new(-7.450580596923828e-09, 0.0000040531158447265625, 0.000013131648302078247, 1, -1.0430814256778831e-07, -1.0803340444454079e-07, 4.0512528443059637e-08, -0.7417447566986084, 0.6706826090812683, -2.0861622829215776e-07, -0.6706823110580444, -0.7417445778846741),
            ["RightUpperArm"] = CFrame.new(-1.7881393432617188e-07, 3.5762786865234375e-07, 0, 0.9838416576385498, -0.16500332951545715, 0.0694950520992279, 0.17867662012577057, 0.9296085834503174, -0.32233938574790955, -0.01141609437763691, 0.32954806089401245, 0.9440698623657227),
            ["Head"] = CFrame.new(4.470348358154297e-08, -2.384185791015625e-07, -1.341104507446289e-07, 0.9032855033874512, 0.15960358083248138, -0.3982488214969635, 0.07578827440738678, 0.8542779088020325, 0.5142620801925659, 0.4222933053970337, -0.49470803141593933, 0.7595606446266174),
            ["UpperTorso"] = CFrame.new(5.4016709327697754e-08, -3.8743019104003906e-07, 2.3748725652694702e-08, 0.9640575051307678, -0.12075395882129669, 0.2366679310798645, -0.03098468668758869, 0.8335801959037781, 0.5515286922454834, -0.26388102769851685, -0.5390384793281555, 0.7998777627944946),
            ["LeftUpperArm"] = CFrame.new(-1.1920928955078125e-07, 1.1920928955078125e-07, -1.5273690223693848e-07, 0.9904887080192566, 0.07919098436832428, 0.11252092570066452, -0.08022940158843994, 0.9967653155326843, 0.004723754245787859, -0.11178278923034668, -0.013706287369132042, 0.9936381578445435),
            ["RightLowerArm"] = CFrame.new(-2.9802322387695312e-08, -5.960464477539062e-07, -5.960464477539063e-08, 1, -2.421439049271612e-08, 2.0489101970611046e-08, 2.887100691850719e-08, 0.9500697255134583, -0.31203794479370117, -2.0489101970611046e-08, 0.3120378851890564, 0.9500697255134583),
            ["LeftHand"] = CFrame.new(-5.960464477539063e-08, 4.76837158203125e-07, 1.1920928955078125e-07, 0.9642343521118164, -0.21463020145893097, -0.15551875531673431, 0.1518293023109436, 0.9282127618789673, -0.339660108089447, 0.21725577116012573, 0.3038996160030365, 0.9276017546653748),
            ["RightFoot"] = CFrame.new(-4.505272954702377e-08, 2.980232238769531e-07, -4.823959898203611e-09, 0.9952245354652405, -0.08498241752386093, -0.048023439943790436, 0.09244045615196228, 0.9785621166229248, 0.18404151499271393, 0.03135351464152336, -0.18760153651237488, 0.981744647026062),
            ["RightUpperLeg"] = CFrame.new(5.960464477539063e-08, -4.76837158203125e-07, -3.5579432733356953e-09, 0.9600108861923218, 0.279308944940567, 0.01912202313542366, -0.23214825987815857, 0.8323690891265869, -0.5032586455345154, -0.15648122131824493, 0.47869443893432617, 0.8639242649078369),
            ["LowerTorso"] = CFrame.new(-0.15390506386756897, -0.036511778831481934, 0.3374578356742859, 0.9815845489501953, 0.1692507117986679, -0.08857753872871399, -0.17661742866039276, 0.9807551503181458, -0.0832202211022377, 0.0727877989411354, 0.09733202308416367, 0.9925867319107056),
        }},
        {Time = 0.267, Data = {
            ["BallHandle"] = CFrame.new(-0.003502368927001953, 0.6284910440444946, 0.3288576006889343, -0.7917004823684692, -0.6109095811843872, 1.014710164781718e-07, 0.6109095811843872, -0.7917004823684692, 1.4506408518855096e-08, 7.14725345574152e-08, 7.34743679231542e-08, 1),
            ["LeftLowerArm"] = CFrame.new(5.960464477539063e-08, 7.152557373046875e-07, 2.384185791015625e-07, 1, 2.9802318834981634e-08, 2.980232949312267e-08, -2.9802318834981634e-08, 0.999312162399292, -0.03708299994468689, 1.4901159417490817e-08, 0.03708294406533241, 0.9993122816085815),
            ["LeftFoot"] = CFrame.new(2.0954757928848267e-09, 1.1920928955078125e-07, -3.166496753692627e-08, 0.9655051827430725, 0.09077111631631851, 0.24404998123645782, -0.12453751266002655, 0.9840959906578064, 0.1266709268093109, -0.22867043316364288, -0.1526946723461151, 0.9614541530609131),
            ["RightHand"] = CFrame.new(-1.9744038581848145e-07, 0, -5.960464477539063e-08, 0.7396807074546814, -0.5433582663536072, 0.3970317840576172, 0.5579147338867188, 0.825036883354187, 0.08969520777463913, -0.3763025104999542, 0.15516406297683716, 0.9134114980697632),
            ["HumanoidRootPart"] = CFrame.new(0, 0, 0, 1, 0, 0, 0, 1, 0, 0, 0, 1),
