return {
    ["Fancy Flourishes"] = {
        {Time = 0.000, Data = {
            ["LeftFoot"] = CFrame.new(-2.9802322387695312e-08, 2.384185791015625e-07, 2.60770320892334e-08, 0.9484231472015381, -0.08474653214216232, 0.30547812581062317, 0.031888481229543686, 0.9842231273651123, 0.17404241859912872, -0.3153994083404541, -0.15531592071056366, 0.936158299446106),
            ["LeftLowerArm"] = CFrame.new(-0.0000016689300537109375, 0, 2.9802322387695312e-08, 1, 2.2351589024083296e-08, 7.450630334915331e-08, -3.189779818058014e-08, 0.8495778441429138, -0.5274631977081299, -1.1175870895385742e-07, 0.5274632573127747, 0.8495779037475586),
            ["LowerTorso"] = CFrame.new(-0.057982973754405975, 0.034584760665893555, 0.1576385349035263, 0.9227290153503418, 0.12970921397209167, 0.362969309091568, -0.0587247759103775, 0.9779929518699646, -0.20020316541194916, -0.38094958662986755, 0.16341808438301086, 0.9100395441055298),
            ["Head"] = CFrame.new(5.084439180791378e-08, 1.1920928955078125e-07, 5.5035343393683434e-08, 0.9310209155082703, -0.02675478905439377, 0.36398404836654663, -0.0010444170329719782, 0.9971100091934204, 0.07596465200185776, -0.3649645745754242, -0.07110455632209778, 0.9283022284507751),
            ["RightUpperArm"] = CFrame.new(-1.1920928955078125e-07, 5.960464477539062e-07, 2.2409949451684952e-08, 0.8653905391693115, -0.4613021910190582, -0.19571486115455627, 0.4078297019004822, 0.8753089904785156, -0.25983285903930664, 0.2911600172519684, 0.1450333595275879, 0.9456122517585754),
            ["UpperTorso"] = CFrame.new(2.2817403078079224e-08, 5.960464477539062e-07, -8.172355592250824e-08, 0.9140609502792358, -0.1320646107196808, -0.3834732472896576, 0.22186841070652008, 0.9543030261993408, 0.2002003788948059, 0.3395102322101593, -0.26807597279548645, 0.901591956615448),
            ["HumanoidRootPart"] = CFrame.new(0, 0, 0, 1, 0, 0, 0, 1, 0, 0, 0, 1),
            ["RightHand"] = CFrame.new(-4.991888999938965e-07, -2.980232238769531e-07, -2.9802322387695312e-08, 0.9248975515365601, -0.2751898765563965, 0.26236453652381897, 0.19540539383888245, 0.9359709024429321, 0.2928735613822937, -0.3261614441871643, -0.21961113810539246, 0.9194509387016296),
            ["LeftUpperArm"] = CFrame.new(-1.1920928955078125e-07, 1.1920928955078125e-07, 1.996522769331932e-08, 0.6927098631858826, 0.7172775864601135, -0.07527951896190643, -0.7152036428451538, 0.696631908416748, 0.0564613901078701, 0.0929345116019249, 0.014729532413184643, 0.995562732219696),
            ["RightLowerArm"] = CFrame.new(-9.5367431640625e-07, -6.556510925292969e-07, -4.023313522338867e-07, 1, 8.940533291479369e-08, 5.960573190577634e-08, -6.146726150291215e-08, 0.49370235204696655, -0.8696310520172119, -1.4901154088420299e-07, 0.8696310520172119, 0.49370235204696655),
            ["LeftHand"] = CFrame.new(-4.675239324569702e-07, -1.1920928955078125e-07, -4.3213367462158203e-07, 0.714065432548523, 0.699317216873169, 0.03265167772769928, -0.6968771815299988, 0.7055705785751343, 0.12857849895954132, 0.06687910854816437, -0.11456770449876785, 0.9911617040634155),
            ["RightUpperLeg"] = CFrame.new(-8.940696716308594e-08, 3.3760443329811096e-07, 1.6763806343078613e-08, 0.9337192177772522, 0.3196052014827728, 0.16129933297634125, -0.12444713711738586, 0.712219774723053, -0.6908301711082458, -0.3356803357601166, 0.6249765157699585, 0.7047951221466064),
            ["LeftUpperLeg"] = CFrame.new(0, 1.862645149230957e-07, -5.960464477539063e-08, 0.9651756882667542, -0.2613370716571808, 0.011788046918809414, 0.26153647899627686, 0.9629359841346741, -0.06597986072301865, 0.005891530308872461, 0.06676223129034042, 0.9977513551712036),
            ["RightLowerLeg"] = CFrame.new(4.470348358154297e-08, -5.960464477539063e-08, -5.587935447692871e-08, 1, 6.70552182668871e-08, 2.235175777798304e-08, 5.21540641784668e-08, 0.9874287247657776, 0.15806537866592407, -1.6391277313232422e-07, -0.15806540846824646, 0.9874286651611328),
            ["RightFoot"] = CFrame.new(4.470348358154297e-08, 2.384185791015625e-07, 2.9802322387695312e-08, 0.9780430793762207, 0.1831725388765335, -0.0993925929069519, -0.1157064214348793, 0.873957633972168, 0.4720304310321808, 0.17333148419857025, -0.45016220211982727, 0.8759613633155823),
            ["LeftLowerLeg"] = CFrame.new(1.1175870895385742e-08, 0, 3.725290298461914e-08, 1, 8.75444357006927e-08, -1.3411010968411574e-07, -7.450581485102248e-09, 0.9122307300567627, 0.40968412160873413, -1.1175872671742582e-08, -0.40967702865600586, 0.9122275114059448),
        }},
        {Time = 0.033, Data = {
            ["LeftFoot"] = CFrame.new(1.4901161193847656e-08, 1.7881393432617188e-07, -3.725290298461914e-09, 0.9601620435714722, 0.02181870862841606, 0.27859869599342346, -0.05106143653392792, 0.9938626885414124, 0.09814022481441498, -0.27473941445350647, -0.10844805836677551, 0.9553801417350769),
            ["LeftLowerArm"] = CFrame.new(0, -6.556510925292969e-07, -1.816079020500183e-07, 1, 6.705491273351072e-08, 7.450621808402502e-08, -3.725290742551124e-09, 0.8913462162017822, -0.4533230662345886, -1.1920930376163597e-07, 0.45332321524620056, 0.8913463354110718),
            ["LowerTorso"] = CFrame.new(-0.08040168881416321, -0.03403520584106445, 0.16664613783359528, 0.9572771191596985, 0.13718301057815552, 0.2545614242553711, -0.08484361320734024, 0.9748098254203796, -0.20627059042453766, -0.27644577622413635, 0.17586015164852142, 0.9448021650314331),
            ["Head"] = CFrame.new(3.5390257835388184e-08, 0, -1.1175870895385742e-08, 0.8863732218742371, -0.025805793702602386, 0.4622516334056854, 0.006394236348569393, 0.9990325570106506, 0.043511416763067245, -0.4629272222518921, -0.035611290484666824, 0.8856807351112366),
            ["RightUpperArm"] = CFrame.new(-1.1920928955078125e-07, 5.960464477539062e-07, -5.21540641784668e-08, 0.8889095783233643, -0.4528252184391022, -0.06922473013401031, 0.3960985541343689, 0.8357064723968506, -0.3804071545600891, 0.23009954392910004, 0.3107154965400696, 0.9222247004508972),
            ["UpperTorso"] = CFrame.new(-5.587935447692871e-09, 5.662441253662109e-07, 4.563480615615845e-08, 0.914766252040863, -0.15414193272590637, -0.3734205663204193, 0.24668915569782257, 0.9451307058334351, 0.21417829394340515, 0.31991735100746155, -0.2880420982837677, 0.9025988578796387),
            ["HumanoidRootPart"] = CFrame.new(0, 0, 0, 1, 0, 0, 0, 1, 0, 0, 0, 1),
            ["RightHand"] = CFrame.new(-1.341104507446289e-07, -2.384185791015625e-07, -3.725290298461914e-07, 0.9233042001724243, -0.2684907615184784, 0.27463099360466003, 0.1896338015794754, 0.9405065774917603, 0.2819325923919678, -0.333988755941391, -0.2082308530807495, 0.9192887544631958),
            ["LeftUpperArm"] = CFrame.new(-1.1920928955078125e-07, 8.344650268554688e-07, -4.842877388000488e-08, 0.739094614982605, 0.672457754611969, -0.03925926610827446, -0.6592949628829956, 0.7341141104698181, 0.16250722110271454, 0.13809193670749664, -0.09421873092651367, 0.9859259724617004),
            ["RightLowerArm"] = CFrame.new(-6.854534149169922e-07, -1.1920928955078125e-07, -3.725290298461914e-07, 1, 1.080313083434703e-07, 6.705655408723032e-08, -2.607702498380604e-08, 0.43254023790359497, -0.9016146659851074, -1.2665984172599565e-07, 0.9016146659851074, 0.43254026770591736),
            ["LeftHand"] = CFrame.new(-2.3096799850463867e-07, -4.172325134277344e-07, -2.384185791015625e-07, 0.7704813480377197, 0.6215173602104187, 0.14168469607830048, -0.6373006105422974, 0.7560269832611084, 0.14923474192619324, -0.014365442097187042, -0.20527850091457367, 0.9785981774330139),
            ["RightUpperLeg"] = CFrame.new(-5.960464477539063e-08, 5.075708031654358e-08, 1.0058283805847168e-07, 0.9313855767250061, 0.36135804653167725, 0.044025953859090805, -0.21716199815273285, 0.6485989093780518, -0.729486882686615, -0.2921672463417053, 0.6698803901672363, 0.6825765371322632),
            ["LeftUpperLeg"] = CFrame.new(-5.960464477539063e-08, 1.341104507446289e-07, 0, 0.9574164152145386, -0.28136178851127625, 0.06472261250019073, 0.2832101881504059, 0.9588232636451721, -0.021224280819296837, -0.05608776584267616, 0.03864744305610657, 0.9976776242256165),
            ["RightLowerLeg"] = CFrame.new(-4.470348358154297e-08, 1.1920928955078125e-07, -1.3597309589385986e-07, 1, -1.4901155864777138e-08, 4.47035120032524e-08, -8.195640788244418e-08, 0.9871982932090759, 0.1594981700181961, -5.960465898624534e-08, -0.15949814021587372, 0.9871982336044312),
            ["RightFoot"] = CFrame.new(2.9802322387695312e-08, 1.1920928955078125e-07, -7.450580596923828e-08, 0.973970890045166, 0.22210966050624847, -0.04526089131832123, -0.16895969212055206, 0.8444873690605164, 0.5082287788391113, 0.15110768377780914, -0.4873484969139099, 0.8600320219993591),
            ["LeftLowerLeg"] = CFrame.new(1.1920928955078125e-07, -3.5762786865234375e-07, 5.21540641784668e-08, 1, 3.166499240592202e-08, 3.7252805284992974e-09, 0, 0.9188106656074524, 0.3947053551673889, 8.195638656616211e-08, -0.39469870924949646, 0.9188078045845032),
        }},
        {Time = 0.067, Data = {
            ["LeftFoot"] = CFrame.new(1.862645149230957e-08, 1.7881393432617188e-07, -2.60770320892334e-08, 0.9698209166526794, 0.083329938352108, 0.22914470732212067, -0.045074015855789185, 0.9848589301109314, -0.16739563643932343, -0.23961569368839264, 0.15201692283153534, 0.9588907957077026),
            ["LeftLowerArm"] = CFrame.new(-5.960464477539063e-08, 5.364418029785156e-07, -1.1175870895385742e-07, 1, 7.450556616106496e-09, 5.2154277341287525e-08, 7.823111758398227e-08, 0.9219726324081421, -0.387254923582077, -7.4505820180093e-08, 0.38725510239601135, 0.9219727516174316),
            ["LowerTorso"] = CFrame.new(-0.10568611323833466, -0.11636018753051758, 0.17314928770065308, 0.9751254916191101, 0.1518687605857849, 0.16145041584968567, -0.11683811247348785, 0.9711585640907288, -0.20784614980220795, -0.18835927546024323, 0.1838124394416809, 0.9647455215454102),
            ["Head"] = CFrame.new(1.4901161193847656e-08, -5.960464477539062e-07, 8.009374141693115e-08, 0.8382173180580139, -0.029537392780184746, 0.5445358753204346, 0.02254755236208439, 0.9995554685592651, 0.019511274993419647, -0.5448700189590454, -0.004076417535543442, 0.8385105133056641),
            ["RightUpperArm"] = CFrame.new(-1.1920928955078125e-07, -1.1920928955078125e-07, -4.470348358154297e-08, 0.8920958042144775, -0.4481537938117981, 0.0576762929558754, 0.41629478335380554, 0.7655528783798218, -0.4905528426170349, 0.17568133771419525, 0.46161365509033203, 0.8695006370544434),
            ["UpperTorso"] = CFrame.new(1.1175870895385742e-08, 6.556510925292969e-07, 1.1641532182693481e-08, 0.9171223640441895, -0.17984335124492645, -0.3557289242744446, 0.26977062225341797, 0.9370370507240295, 0.22177749872207642, 0.29344600439071655, -0.299362450838089, 0.9078941345214844),
            ["HumanoidRootPart"] = CFrame.new(0, 0, 0, 1, 0, 0, 0, 1, 0, 0, 0, 1),
            ["RightHand"] = CFrame.new(-5.960464477539063e-08, -2.384185791015625e-07, -6.705522537231445e-08, 0.9317392110824585, -0.2712012827396393, 0.24147891998291016, 0.2059231847524643, 0.9423446655273438, 0.26378390192985535, -0.2990950047969818, -0.19605213403701782, 0.9338661432266235),
            ["LeftUpperArm"] = CFrame.new(-2.384185791015625e-07, -2.384185791015625e-07, 1.862645149230957e-08, 0.787580132484436, 0.6161978840827942, -0.004431941080838442, -0.6012015342712402, 0.7699516415596008, 0.2138567715883255, 0.13518266379833221, -0.16575540602207184, 0.9768550992012024),
            ["RightLowerArm"] = CFrame.new(0, -3.5762786865234375e-07, -4.6193599700927734e-07, 1, 1.266572837721469e-07, 1.0803562133787636e-07, 2.2351734685344127e-08, 0.39184820652008057, -0.9200299382209778, -1.3411040811206476e-07, 0.9200299382209778, 0.3918481171131134),
            ["LeftHand"] = CFrame.new(-8.493661880493164e-07, 5.960464477539062e-07, -2.8312206268310547e-07, 0.8212518692016602, 0.5311155915260315, 0.2084735631942749, -0.564828634262085, 0.8084673285484314, 0.16537687182426453, -0.08070962131023407, -0.2535681426525116, 0.9639447331428528),
            ["RightUpperLeg"] = CFrame.new(5.960464477539063e-08, 1.5273690223693848e-07, 7.82310962677002e-08, 0.9248061180114746, 0.3771945834159851, -0.049547091126441956, -0.2787935137748718, 0.583329975605011, -0.7628843188285828, -0.2588586211204529, 0.7193402647972107, 0.6446338295936584),
            ["LeftUpperLeg"] = CFrame.new(-1.7881393432617188e-07, -2.60770320892334e-08, 1.043081283569336e-07, 0.9408898949623108, -0.30473437905311584, 0.14785820245742798, 0.3100327253341675, 0.9506282806396484, -0.013644512742757797, -0.13640393316745758, 0.05867558717727661, 0.988914430141449),
            ["RightLowerLeg"] = CFrame.new(-8.195638656616211e-08, 5.960464477539063e-08, 2.766028046607971e-07, 1, 0, 1.490117718105921e-08, 1.0430815677864302e-07, 0.9820964336395264, 0.18837934732437134, -1.1548402767402877e-07, -0.1883789449930191, 0.9820963740348816),
            ["RightFoot"] = CFrame.new(-2.9802322387695312e-08, 2.980232238769531e-07, -1.434236764907837e-07, 0.979995846748352, 0.18772296607494354, 0.0661037266254425, -0.19468368589878082, 0.8353009223937988, 0.5141718983650208, 0.04130962863564491, -0.5167518258094788, 0.855135977268219),
            ["LeftLowerLeg"] = CFrame.new(-2.0023435354232788e-08, 2.980232238769531e-07, 2.2351741790771484e-08, 1, 3.7252978479784815e-09, -2.980220870085759e-08, 0, 0.8718575835227966, 0.48976755142211914, 1.4901164746561335e-08, -0.489759624004364, 0.8718530535697937),
        }},
        {Time = 0.100, Data = {
            ["LeftFoot"] = CFrame.new(-4.470348358154297e-08, 0, 7.450580596923828e-09, 0.9663314819335938, 0.11849390715360641, 0.22840170562267303, -0.041926123201847076, 0.9482966065406799, -0.31460848450660706, -0.25386175513267517, 0.2944367229938507, 0.921332836151123),
            ["LeftLowerArm"] = CFrame.new(3.5762786865234375e-07, 2.384185791015625e-07, -1.4901161193847656e-08, 1, 8.94067397894105e-08, 1.1036206615244737e-07, 7.450581485102248e-09, 0.9418995380401611, -0.3358946442604065, -1.3411046495548362e-07, 0.3358948230743408, 0.9418995976448059),
            ["LowerTorso"] = CFrame.new(-0.1269678771495819, -0.19155144691467285, 0.18128472566604614, 0.9775607585906982, 0.17987968027591705, 0.10962850600481033, -0.15483848750591278, 0.9664303660392761, -0.20503035187721252, -0.14282909035682678, 0.18345488607883453, 0.9725967049598694),
            ["Head"] = CFrame.new(1.30385160446167e-08, 1.1920928955078125e-07, 4.842877388000488e-08, 0.8031727075576782, -0.023656325414776802, 0.5952765345573425, 0.030810195952653885, 0.9995235800743103, -0.001849133986979723, -0.5949491262435913, 0.0198260098695755, 0.8035188317298889),
            ["RightUpperArm"] = CFrame.new(-1.1920928955078125e-07, 4.76837158203125e-07, -4.470348358154297e-08, 0.8766735196113586, -0.4545931816101074, 0.15745924413204193, 0.4573837220668793, 0.6861110925674438, -0.5657467246055603, 0.14914387464523315, 0.5679759979248047, 0.809405505657196),
            ["UpperTorso"] = CFrame.new(4.842877388000488e-08, -2.9802322387695312e-08, 1.6298145055770874e-08, 0.9160774946212769, -0.2133200466632843, -0.33955368399620056, 0.2988956570625305, 0.9277316927909851, 0.22355139255523682, 0.2673267722129822, -0.30628159642219543, 0.9136344790458679),
            ["HumanoidRootPart"] = CFrame.new(0, 0, 0, 1, 0, 0, 0, 1, 0, 0, 0, 1),
            ["RightHand"] = CFrame.new(-8.791685104370117e-07, -2.384185791015625e-07, -2.980232238769531e-07, 0.9358381628990173, -0.2951201796531677, 0.1926424503326416, 0.24587294459342957, 0.938332736492157, 0.24305938184261322, -0.2524944245815277, -0.18009909987449646, 0.9506898522377014),
            ["LeftUpperArm"] = CFrame.new(0, 7.152557373046875e-07, -8.195638656616211e-08, 0.81614750623703, 0.5772466659545898, 0.02629159763455391, -0.5681899189949036, 0.7933987975120544, 0.2183624804019928, 0.1051829531788826, -0.19314399361610413, 0.9755135178565979),
            ["RightLowerArm"] = CFrame.new(1.1920928955078125e-07, -2.384185791015625e-07, 1.7881393432617188e-07, 1, 1.1175636416282941e-07, 2.6077582759853613e-08, -7.450577932388569e-09, 0.36198318004608154, -0.9321846961975098, -7.450577754752885e-08, 0.932184636592865, 0.36198318004608154),
            ["LeftHand"] = CFrame.new(-4.991888999938965e-07, -5.960464477539063e-08, -4.386529326438904e-07, 0.8876707553863525, 0.4095610976219177, 0.21047541499137878, -0.4505322575569153, 0.8669516444206238, 0.21310952305793762, -0.09519041329622269, -0.28399741649627686, 0.9540882706642151),
            ["RightUpperLeg"] = CFrame.new(-5.960464477539063e-08, -1.30385160446167e-07, 2.2351741790771484e-08, 0.9345309138298035, 0.3556519150733948, -0.012683340348303318, -0.22966834902763367, 0.5754925608634949, -0.7848894596099854, -0.27185389399528503, 0.7364238500595093, 0.6195060014724731),
            ["LeftUpperLeg"] = CFrame.new(-1.7881393432617188e-07, 6.332993507385254e-08, 0, 0.9170815348625183, -0.3394477665424347, 0.20912888646125793, 0.35472372174263, 0.9341453909873962, -0.039292845875024796, -0.18202367424964905, 0.11021622270345688, 0.9770984053611755),
            ["RightLowerLeg"] = CFrame.new(-6.705522537231445e-08, -5.960464477539063e-08, 5.3551048040390015e-08, 1, 5.960463056453591e-08, 1.443551127522369e-07, 9.685756197086448e-08, 0.9880907535552979, 0.15387189388275146, -1.4156104555240745e-07, -0.1538722664117813, 0.9880908131599426),
            ["RightFoot"] = CFrame.new(5.960464477539063e-08, 0, 6.170012056827545e-09, 0.9809617400169373, 0.16639891266822815, 0.10013779997825623, -0.19415102899074554, 0.8285425305366516, 0.5251891613006592, 0.004428348038345575, -0.5346294045448303, 0.8450731635093689),
            ["LeftLowerLeg"] = CFrame.new(2.0954757928848267e-08, 5.960464477539063e-08, -1.3969838619232178e-08, 1, 9.685782487167671e-08, -6.705491273351072e-08, -5.96046660916727e-08, 0.812640368938446, 0.5827749371528625, -2.2351748896198842e-08, -0.582765519618988, 0.812633752822876),
        }},
        {Time = 0.133, Data = {
            ["LeftFoot"] = CFrame.new(-7.450580596923828e-09, 0, -1.6763806343078613e-08, 0.9613039493560791, 0.1398458033800125, 0.23736558854579926, -0.04598188400268555, 0.9309414625167847, -0.36226731538772583, -0.27162545919418335, 0.33732959628105164, 0.9013433456420898),
            ["LeftLowerArm"] = CFrame.new(4.172325134277344e-07, -5.364418029785156e-07, -3.3527612686157227e-07, 1, 4.470339121098732e-08, 1.0081592449751042e-07, -2.2351747119842003e-08, 0.9537909030914307, -0.30047115683555603, -1.0430815677864302e-07, 0.3004712760448456, 0.9537909626960754),
            ["LowerTorso"] = CFrame.new(-0.13971500098705292, -0.2353980541229248, 0.19107861816883087, 0.9733651280403137, 0.20162469148635864, 0.10912319272756577, -0.17781424522399902, 0.9643881916999817, -0.19579966366291046, -0.14471518993377686, 0.17118094861507416, 0.9745535254478455),
            ["Head"] = CFrame.new(3.91155481338501e-08, -2.384185791015625e-07, -9.313225746154785e-09, 0.8018589615821838, -0.023311054334044456, 0.5970585942268372, 0.03514496982097626, 0.9993487596511841, -0.008182321675121784, -0.596479058265686, 0.02754492312669754, 0.8021559119224548),
            ["RightUpperArm"] = CFrame.new(-1.1920928955078125e-07, 1.1920928955078125e-07, -5.960464477539063e-08, 0.8563773036003113, -0.47573569416999817, 0.2007477879524231, 0.4903981685638428, 0.6276496648788452, -0.6046350598335266, 0.1616404950618744, 0.6162236332893372, 0.7707898616790771),
            ["UpperTorso"] = CFrame.new(2.9802322387695312e-08, -2.9802322387695312e-08, 4.0978193283081055e-08, 0.9201908111572266, -0.23329612612724304, -0.31435927748680115, 0.31089168787002563, 0.9235082268714905, 0.22467517852783203, 0.23789756000041962, -0.304475873708725, 0.9223336577415466),
            ["HumanoidRootPart"] = CFrame.new(0, 0, 0, 1, 0, 0, 0, 1, 0, 0, 0, 1),
            ["RightHand"] = CFrame.new(-4.6193599700927734e-07, -1.1920928955078125e-07, -2.7567148208618164e-07, 0.9366759061813354, -0.3212873935699463, 0.13932958245277405, 0.29068896174430847, 0.9351909756660461, 0.20228128135204315, -0.1952902227640152, -0.14897067844867706, 0.9693655371665955),
            ["LeftUpperArm"] = CFrame.new(-1.1920928955078125e-07, -2.384185791015625e-07, -5.960464477539063e-08, 0.8243217468261719, 0.5635992884635925, 0.05339270085096359, -0.5639933943748474, 0.8093921542167664, 0.16370123624801636, 0.04904257506132126, -0.16504618525505066, 0.9850640892982483),
            ["RightLowerArm"] = CFrame.new(-6.556510925292969e-07, -0.0000013113021850585938, 4.0978193283081055e-07, 1, 1.2665721271787334e-07, 0, -7.450577044210149e-09, 0.34895455837249756, -0.937139630317688, -1.0430807861894209e-07, 0.9371396899223328, 0.34895458817481995),
            ["LeftHand"] = CFrame.new(-5.476176738739014e-07, 1.7881393432617188e-07, -2.3655593395233154e-07, 0.9251568913459778, 0.3203049302101135, 0.20368947088718414, -0.36388811469078064, 0.9011097550392151, 0.23576787114143372, -0.1080288365483284, -0.2922428548336029, 0.9502232670783997),
            ["RightUpperLeg"] = CFrame.new(-1.4901161193847656e-07, 1.8440186977386475e-07, 2.9802322387695312e-08, 0.9497361779212952, 0.3018691837787628, 0.08290525525808334, -0.11292514950037003, 0.5773625373840332, -0.8086352348327637, -0.2919747233390808, 0.7586352229118347, 0.5824396014213562),
            ["LeftUpperLeg"] = CFrame.new(-1.7881393432617188e-07, 4.470348358154297e-08, 4.470348358154297e-08, 0.9028180241584778, -0.3671875, 0.22381073236465454, 0.393650084733963, 0.9151859283447266, -0.08645550906658173, -0.17308762669563293, 0.16615675389766693, 0.9707905650138855),
            ["RightLowerLeg"] = CFrame.new(3.725290298461914e-09, 5.960464477539063e-08, 1.4051329344511032e-07, 1, -4.4703462265260896e-08, 2.980235436211842e-08, -7.450579175838357e-08, 0.9818851351737976, 0.18947792053222656, -1.1362132568137895e-07, -0.1894775629043579, 0.9818850159645081),
            ["RightFoot"] = CFrame.new(-3.725290298461914e-08, 0, -7.82310962677002e-08, 0.9901869893074036, 0.13889601826667786, -0.015424204990267754, -0.11430713534355164, 0.868489146232605, 0.4823490381240845, 0.08039674162864685, -0.475851446390152, 0.8758432865142822),
            ["LeftLowerLeg"] = CFrame.new(1.0244548320770264e-07, 5.960464477539063e-08, -7.078051567077637e-08, 1, 3.7253041540452614e-08, -2.235163520936112e-08, -7.4505820180093e-08, 0.7645535469055176, 0.6445693373680115, 8.940698847936801e-08, -0.6445602774620056, 0.7645458579063416),
        }},
        {Time = 0.167, Data = {
            ["LeftFoot"] = CFrame.new(-3.725290298461914e-09, 1.1920928955078125e-07, -9.313225746154785e-09, 0.9609498977661133, 0.15511426329612732, 0.2291705459356308, -0.05858290195465088, 0.9233917593955994, -0.37936869263648987, -0.2704504430294037, 0.3511229455471039, 0.8964152336120605),
            ["LeftLowerArm"] = CFrame.new(-2.980232238769531e-07, -5.960464477539063e-08, -2.2351741790771484e-08, 1, 6.891772841299826e-08, 1.0803375261048132e-07, -4.097820394122209e-08, 0.9467940330505371, -0.32184019684791565, -1.49011640360186e-07, 0.3218402862548828, 0.9467940926551819),
            ["LowerTorso"] = CFrame.new(-0.1469922512769699, -0.24588584899902344, 0.18995091319084167, 0.9732061624526978, 0.1917726844549179, 0.1268586367368698, -0.1663675755262375, 0.9681273698806763, -0.1872197389602661, -0.15871892869472504, 0.16109821200370789, 0.9740923047065735),
            ["Head"] = CFrame.new(7.82310962677002e-08, 1.1920928955078125e-07, 4.0978193283081055e-08, 0.8198839426040649, -0.03596769645810127, 0.571398913860321, 0.035790812224149704, 0.9992926716804504, 0.011547115631401539, -0.5714100003242493, 0.010983861982822418, 0.8205912113189697),
            ["RightUpperArm"] = CFrame.new(-1.1920928955078125e-07, 1.1920928955078125e-07, -5.960464477539063e-08, 0.8305479288101196, -0.5087409615516663, 0.22667139768600464, 0.5310329794883728, 0.6006556153297424, -0.5976904630661011, 0.16791117191314697, 0.6167621612548828, 0.7690163850784302),
            ["UpperTorso"] = CFrame.new(-2.9802322387695312e-08, 4.172325134277344e-07, 2.2351741790771484e-08, 0.9372633099555969, -0.21773011982440948, -0.2722703516483307, 0.2819003164768219, 0.9328200221061707, 0.22445255517959595, 0.2051091343164444, -0.2871244549751282, 0.9356762170791626),
            ["HumanoidRootPart"] = CFrame.new(0, 0, 0, 1, 0, 0, 0, 1, 0, 0, 0, 1),
            ["RightHand"] = CFrame.new(-3.5762786865234375e-07, -4.172325134277344e-07, -7.599592208862305e-07, 0.9229221343994141, -0.37550559639930725, 0.0849132165312767, 0.36174049973487854, 0.9213194847106934, 0.14252811670303345, -0.13175228238105774, -0.1008259654045105, 0.9861418008804321),
            ["LeftUpperArm"] = CFrame.new(0, -1.1920928955078125e-07, -6.146728992462158e-08, 0.8236233592033386, 0.5634216666221619, 0.06482232362031937, -0.5665394067764282, 0.8121164441108704, 0.1396484673023224, 0.02603515237569809, -0.15173326432704926, 0.9880771040916443),
            ["RightLowerArm"] = CFrame.new(-8.642673492431641e-07, -4.172325134277344e-07, -5.587935447692871e-08, 1, 1.527337474271917e-07, 5.215517262513458e-08, -1.4901155864777138e-08, 0.36629530787467957, -0.9304987192153931, -8.940693874137651e-08, 0.9304987192153931, 0.36629530787467957),
            ["LeftHand"] = CFrame.new(-5.299225449562073e-07, -1.1920928955078125e-07, -4.172325134277344e-07, 0.9588039517402649, 0.23059140145778656, 0.165898859500885, -0.26859229803085327, 0.926037073135376, 0.2651667594909668, -0.09248313307762146, -0.29880252480506897, 0.949823260307312),
            ["RightUpperLeg"] = CFrame.new(-2.9802322387695312e-08, 2.4959444999694824e-07, 4.0978193283081055e-08, 0.9617055654525757, 0.23682036995887756, 0.13797099888324738, -0.052378974854946136, 0.6529196500778198, -0.755607545375824, -0.26903313398361206, 0.7194526791572571, 0.6403289437294006),
            ["LeftUpperLeg"] = CFrame.new(0, 4.805624485015869e-07, -6.705522537231445e-08, 0.9056915044784546, -0.36390021443367004, 0.2174803614616394, 0.39513644576072693, 0.910474956035614, -0.12207739055156708, -0.15359064936637878, 0.19649963080883026, 0.9684004187583923),
            ["RightLowerLeg"] = CFrame.new(-4.563480615615845e-08, 5.960464477539063e-08, -4.1443854570388794e-08, 1, -8.940695295223122e-08, -3.725293495904225e-08, 0, 0.9886303544044495, 0.1503666490316391, -1.3411047916633834e-07, -0.15036670863628387, 0.9886303544044495),
            ["RightFoot"] = CFrame.new(-3.166496753692627e-08, 1.1920928955078125e-07, -1.0058283805847168e-07, 0.9771889448165894, 0.13239072263240814, -0.16605518758296967, -0.043235376477241516, 0.8895571231842041, 0.4547747075557709, 0.20792408287525177, -0.4372195601463318, 0.8749889135360718),
            ["LeftLowerLeg"] = CFrame.new(-5.681067705154419e-08, -2.980232238769531e-07, 1.4901161193847656e-08, 1, 8.195674183752999e-08, -1.4901084810503562e-08, 7.450580596923828e-09, 0.7359199523925781, 0.6770780086517334, 7.450580596923828e-09, -0.6770685911178589, 0.7359112501144409),
        }},
        {Time = 0.200, Data = {
            ["LeftFoot"] = CFrame.new(4.0978193283081055e-08, 1.7881393432617188e-07, 7.450580596923828e-09, 0.9660006761550903, 0.15436984598636627, 0.2074039727449417, -0.08163439482450485, 0.9432616233825684, -0.3218640685081482, -0.24531348049640656, 0.2939855754375458, 0.9237896203994751),
            ["LeftLowerArm"] = CFrame.new(-1.1920928955078125e-07, 2.980232238769531e-07, 1.30385160446167e-07, 1, -3.352749189389215e-08, 1.4156159977574134e-07, -4.842878453814592e-08, 0.9201357364654541, -0.39159971475601196, -1.2759122114403e-07, 0.3915998041629791, 0.9201357364654541),
            ["LowerTorso"] = CFrame.new(-0.1529236137866974, -0.19514930248260498, 0.17727452516555786, 0.9752176403999329, 0.15953072905540466, 0.15329943597316742, -0.13201721012592316, 0.9756008386611938, -0.17542679607868195, -0.17754504084587097, 0.15084120631217957, 0.97248375415802),
            ["Head"] = CFrame.new(-4.936009645462036e-08, -4.76837158203125e-07, 5.541369318962097e-08, 0.8438519239425659, -0.055764734745025635, 0.5336706042289734, 0.03359854221343994, 0.9981247186660767, 0.05117019638419151, -0.5355231761932373, -0.02524925209581852, 0.8441429734230042),
            ["RightUpperArm"] = CFrame.new(-1.7881393432617188e-07, 0, -4.842877388000488e-08, 0.8024361729621887, -0.5440411567687988, 0.24519959092140198, 0.5761803984642029, 0.5994457006454468, -0.5556047558784485, 0.15528181195259094, 0.5870979428291321, 0.7944687604904175),
            ["UpperTorso"] = CFrame.new(5.587935447692871e-08, 2.682209014892578e-07, 9.313225746154785e-10, 0.9579893350601196, -0.17432965338230133, -0.22774015367031097, 0.22317218780517578, 0.9518565535545349, 0.21015070378780365, 0.18014037609100342, -0.2521475553512573, 0.9507739543914795),
            ["HumanoidRootPart"] = CFrame.new(0, 0, 0, 1, 0, 0, 0, 1, 0, 0, 0, 1),
            ["RightHand"] = CFrame.new(-0.000001043081283569336, -1.7881393432617188e-07, -3.7997961044311523e-07, 0.9000232219696045, -0.4342934191226959, 0.03670530393719673, 0.43116846680641174, 0.8995092511177063, 0.07054761052131653, -0.0636550560593605, -0.047668371349573135, 0.9968329668045044),
            ["LeftUpperArm"] = CFrame.new(1.7881393432617188e-07, -4.76837158203125e-07, -6.332993507385254e-08, 0.8211036920547485, 0.5665884017944336, 0.06904862076044083, -0.570034384727478, 0.8078325390815735, 0.14989732205867767, 0.029147669672966003, -0.16243204474449158, 0.986287534236908),
            ["RightLowerArm"] = CFrame.new(-0.0000016689300537109375, -8.344650268554688e-07, 8.195638656616211e-08, 1, 8.381736193996403e-08, 1.3038773616358412e-08, 2.2351734685344127e-08, 0.41891077160835266, -0.9080274105072021, -1.3411040811206476e-07, 0.9080274105072021, 0.4189107120037079),
            ["LeftHand"] = CFrame.new(-5.1083043217659e-07, -8.344650268554688e-07, -2.682209014892578e-07, 0.9814431071281433, 0.15313945710659027, 0.11540219932794571, -0.18119372427463531, 0.9376055598258972, 0.2967565953731537, -0.06275633722543716, -0.31216034293174744, 0.9479545950889587),
            ["RightUpperLeg"] = CFrame.new(0, 1.5832483768463135e-08, 3.725290298461914e-09, 0.9680863618850708, 0.17390726506710052, 0.18045124411582947, 0.0008206136990338564, 0.7178364396095276, -0.6962045431137085, -0.25061535835266113, 0.6741417050361633, 0.6947924494743347),
            ["LeftUpperLeg"] = CFrame.new(0, 2.8312206268310547e-07, -3.725290298461914e-08, 0.9212927222251892, -0.34498682618141174, 0.17945019900798798, 0.36446332931518555, 0.9269428253173828, -0.08912859857082367, -0.13559579849243164, 0.1475159376859665, 0.9797213077545166),
            ["RightLowerLeg"] = CFrame.new(-6.891787052154541e-08, 5.960464477539063e-08, -7.450580596923828e-08, 1, -2.607702498380604e-08, 1.0430824204377132e-07, 8.940696716308594e-08, 0.9778088331222534, 0.20950005948543549, -5.21540641784668e-08, -0.20949916541576385, 0.9778087139129639),
            ["RightFoot"] = CFrame.new(3.3527612686157227e-08, 1.7881393432617188e-07, 2.9802322387695312e-08, 0.9492304921150208, 0.18616554141044617, -0.25358396768569946, -0.049398742616176605, 0.884306788444519, 0.4642880856990814, 0.3106788098812103, -0.42818692326545715, 0.8486058115959167),
            ["LeftLowerLeg"] = CFrame.new(1.0710209608078003e-08, 5.960464477539063e-08, 8.381903171539307e-09, 1, -7.45060546591958e-09, -8.940656925915391e-08, 1.4901162970204496e-08, 0.8019533157348633, 0.5973962545394897, -1.4901162970204496e-08, -0.5973867774009705, 0.801946222782135),
        }},
        {Time = 0.233, Data = {
            ["LeftFoot"] = CFrame.new(-3.3527612686157227e-08, 5.960464477539063e-08, 7.450580596923828e-09, 0.9695388674736023, 0.1452767699956894, 0.19721053540706635, -0.09925857186317444, 0.9690782427787781, -0.22591052949428558, -0.22392453253269196, 0.1994541883468628, 0.9539772272109985),
            ["LeftLowerArm"] = CFrame.new(-5.960464477539063e-08, 6.556510925292969e-07, -1.4901161193847656e-07, 1, 6.64728432298034e-08, 9.895357777622849e-08, -9.19681131250627e-09, 0.8919351100921631, -0.4521632790565491, -1.2083911826721305e-07, 0.45216330885887146, 0.8919351696968079),
            ["LowerTorso"] = CFrame.new(-0.153866246342659, -0.12660562992095947, 0.15487603843212128, 0.973606526851654, 0.10969826579093933, 0.20014162361621857, -0.0779290422797203, 0.9839971661567688, -0.16023939847946167, -0.214516744017601, 0.14041325449943542, 0.9665747880935669),
            ["Head"] = CFrame.new(-1.0244548320770264e-08, -7.152557373046875e-07, 2.7939677238464355e-08, 0.8741965293884277, -0.07996205985546112, 0.4789430797100067, 0.02851932868361473, 0.9931002855300903, 0.11374808102846146, -0.4847339987754822, -0.08577880263328552, 0.8704453110694885),
            ["RightUpperArm"] = CFrame.new(-5.960464477539063e-08, -2.384185791015625e-07, -3.91155481338501e-08, 0.7754606008529663, -0.5842235684394836, 0.23947979509830475, 0.6175756454467773, 0.6228950619697571, -0.48022380471229553, 0.1313822865486145, 0.5202735662460327, 0.8438214063644409),
            ["UpperTorso"] = CFrame.new(1.862645149230957e-08, 0, 9.313225746154785e-09, 0.9763800501823425, -0.10881538689136505, -0.18665830790996552, 0.1425916701555252, 0.9735885858535767, 0.17830559611320496, 0.16232597827911377, -0.20071011781692505, 0.9661086201667786),
            ["HumanoidRootPart"] = CFrame.new(0, 0, 0, 1, 0, 0, 0, 1, 0, 0, 0, 1),
            ["RightHand"] = CFrame.new(-4.6938657760620117e-07, -2.980232238769531e-07, -3.650784492492676e-07, 0.873303234577179, -0.48715513944625854, -0.004631752613931894, 0.4871540069580078, 0.8731294870376587, 0.018055124208331108, -0.004751535598188639, -0.01802397333085537, 0.9998262524604797),
            ["LeftUpperArm"] = CFrame.new(1.7881393432617188e-07, -3.5762786865234375e-07, -5.587935447692871e-08, 0.8213676810264587, 0.5647408962249756, 0.08015144616365433, -0.57037752866745, 0.8119614124298096, 0.12405458837747574, 0.004977301694452763, -0.14760234951972961, 0.9890329837799072),
            ["RightLowerArm"] = CFrame.new(-3.5762786865234375e-07, -3.5762786865234375e-07, -2.5331974029541016e-07, 1, 1.1920715792257397e-07, 4.679981202571071e-08, -2.607702498380604e-08, 0.49625062942504883, -0.868179440498352, -1.2665984172599565e-07, 0.868179440498352, 0.49625062942504883),
            ["LeftHand"] = CFrame.new(-2.1076994016766548e-07, 5.364418029785156e-07, -3.427267074584961e-07, 0.9881025552749634, 0.130020409822464, 0.08214540034532547, -0.1489626169204712, 0.9419547319412231, 0.30088430643081665, -0.03825587406754494, -0.30954161286354065, 0.9501162171363831),
            ["RightUpperLeg"] = CFrame.new(-2.9802322387695312e-08, 6.565824151039124e-08, 8.195638656616211e-08, 0.9437435269355774, 0.13156065344810486, 0.30337512493133545, 0.0873878002166748, 0.7856022119522095, -0.6125239729881287, -0.3189225494861603, 0.6045832633972168, 0.7299163341522217),
            ["LeftUpperLeg"] = CFrame.new(-1.7881393432617188e-07, 1.7881393432617188e-07, -5.960464477539063e-08, 0.9447351694107056, -0.3057568371295929, 0.11826922744512558, 0.3152396082878113, 0.9462997913360596, -0.07170344144105911, -0.08999703079462051, 0.10502107441425323, 0.990389347076416),
            ["RightLowerLeg"] = CFrame.new(-2.9802322387695312e-08, 0, 1.0244548320770264e-07, 1, -3.7252917195473856e-08, -1.1175884218062038e-08, 5.960465898624534e-08, 0.9590227603912354, 0.28333160281181335, -5.5879368687783426e-08, -0.2833292782306671, 0.959022045135498),
            ["RightFoot"] = CFrame.new(-6.705522537231445e-08, 2.384185791015625e-07, 2.2351741790771484e-08, 0.9332555532455444, 0.2749879062175751, -0.23111890256404877, -0.10257675498723984, 0.8206282258033752, 0.5621873736381531, 0.34425583481788635, -0.500950038433075, 0.7940589189529419),
            ["LeftLowerLeg"] = CFrame.new(-3.213062882423401e-08, -5.960464477539063e-08, -2.7008354663848877e-08, 1, 7.450598360492222e-09, -5.215384035750503e-08, 0, 0.8554494380950928, 0.5178951025009155, 7.450581307466564e-08, -0.5178864598274231, 0.8554441332817078),
        }},
        {Time = 0.267, Data = {
            ["LeftFoot"] = CFrame.new(7.450580596923828e-09, 5.960464477539063e-08, 0, 0.9763785004615784, 0.12488142400979996, 0.1763283759355545, -0.1147940382361412, 0.991171658039093, -0.06633958220481873, -0.1830504685640335, 0.044535208493471146, 0.9820934534072876),
            ["LeftLowerArm"] = CFrame.new(-9.5367431640625e-07, 0, 5.960464477539063e-08, 1, 1.0058224120257364e-07, 1.1921002851522644e-07, 5.774199252073231e-08, 0.8642707467079163, -0.5030268430709839, -1.0803340444454079e-07, 0.5030269026756287, 0.864270806312561),
            ["LowerTorso"] = CFrame.new(-0.15182511508464813, -0.04931223392486572, 0.12605634331703186, 0.9616353511810303, 0.065803162753582, 0.2663222849369049, -0.028157547116279602, 0.9893540143966675, -0.1427794098854065, -0.2728823721408844, 0.12980274856090546, 0.9532504677772522),
            ["Head"] = CFrame.new(3.166496753692627e-08, 2.384185791015625e-07, 0, 0.9153593182563782, -0.09168417751789093, 0.39206063747406006, 0.01663179323077202, 0.9815082550048828, 0.19069677591323853, -0.4022945463657379, -0.1680351346731186, 0.8999573588371277),
            ["RightUpperArm"] = CFrame.new(-3.5762786865234375e-07, 1.1920928955078125e-07, -2.60770320892334e-08, 0.7522584795951843, -0.6317578554153442, 0.18706680834293365, 0.6488529443740845, 0.6610245108604431, -0.37688907980918884, 0.11444264650344849, 0.4048811197280884, 0.9071718454360962),
            ["UpperTorso"] = CFrame.new(1.862645149230957e-08, 5.960464477539063e-08, 3.725290298461914e-09, 0.9884775876998901, -0.05456962808966637, -0.1411885768175125, 0.07301788032054901, 0.9889561533927917, 0.12897343933582306, 0.1325911581516266, -0.1377967894077301, 0.9815455675125122),
            ["HumanoidRootPart"] = CFrame.new(0, 0, 0, 1, 0, 0, 0, 1, 0, 0, 0, 1),
            ["RightHand"] = CFrame.new(-5.569308996200562e-07, -4.76837158203125e-07, 1.4901161193847656e-08, 0.8406298160552979, -0.5392459630966187, -0.05054941400885582, 0.5386597514152527, 0.8421298861503601, -0.0257498100399971, 0.0564546063542366, -0.005582824815064669, 0.9983895421028137),
            ["LeftUpperArm"] = CFrame.new(1.1920928955078125e-07, 0, -7.450580596923828e-09, 0.8250700235366821, 0.5602816939353943, 0.07310739904642105, -0.5645133852958679, 0.8229209184646606, 0.0642363652586937, -0.024171220138669014, -0.09426336735486984, 0.995253324508667),
            ["RightLowerArm"] = CFrame.new(-7.450580596923828e-07, -4.172325134277344e-07, -4.470348358154297e-07, 1, 1.0989433718577857e-07, 1.0850078524526907e-07, 1.5832481992106295e-08, 0.5887420177459717, -0.8083210587501526, -1.2665985593685036e-07, 0.8083211183547974, 0.5887419581413269),
            ["LeftHand"] = CFrame.new(-7.301568984985352e-07, 1.1920928955078125e-07, -4.3213367462158203e-07, 0.9929565191268921, 0.10987111926078796, 0.044336218386888504, -0.11815553158521652, 0.9459729790687561, 0.3019509017467499, -0.008764834143221378, -0.3050631582736969, 0.9522919654846191),
            ["RightUpperLeg"] = CFrame.new(0, 1.4796387404203415e-07, 3.5390257835388184e-08, 0.9153310060501099, 0.11095434427261353, 0.3871077001094818, 0.11741982400417328, 0.8459811806678772, -0.5201173424720764, -0.3852035105228424, 0.5215410590171814, 0.7613314986228943),
            ["LeftUpperLeg"] = CFrame.new(5.960464477539063e-08, 2.682209014892578e-07, -4.470348358154297e-08, 0.9635921716690063, -0.259255588054657, 0.06539444625377655, 0.26331549882888794, 0.9626016616821289, -0.06374708563089371, -0.046423666179180145, 0.07864277809858322, 0.9958211779594421),
