return {
    Fanciful = {
        [1] = {Time = 0.000, Data = {
            ["LeftFoot"] = CFrame.new(1.4901161193847656e-08, -5.960464477539063e-08, 5.960464477539063e-08, 0.908572793006897, -0.29302525520324707, -0.2977112829685211, 0.33584168553352356, 0.936219334602356, 0.10345867276191711, 0.24840711057186127, -0.19398359954357147, 0.9490333795547485),
            ["LeftLowerArm"] = CFrame.new(-0.0004974603652954102, -0.0000985860824584961, -4.76837158203125e-07, 1, 1.192092469182171e-07, 1.3783575525394554e-07, -1.5646214990283625e-07, 1, 0, -1.415610029198433e-07, -2.9802311729554276e-08, 1),
            ["LowerTorso"] = CFrame.new(0.21486516296863556, -0.24792444705963135, 0.06211863458156586, 0.7659884691238403, -0.12209680676460266, 0.6311529874801636, 0.22098670899868011, 0.9719763398170471, -0.08016762137413025, -0.6036775708198547, 0.2008838802576065, 0.7715044617652893),
            ["Head"] = CFrame.new(7.450580596923828e-09, 2.384185791015625e-07, -1.9371509552001953e-07, 0.9047093987464905, -0.0964849516749382, -0.4149596691131592, -0.03699196130037308, 0.9525474905967712, -0.30213409662246704, 0.42442014813423157, 0.28869372606277466, 0.8582094311714172),
            ["RightUpperArm"] = CFrame.new(-0.0006939172744750977, -0.023853302001953125, -5.066394805908203e-07, 0.9110210537910461, -0.17623670399188995, 0.37280628085136414, 0.27833524346351624, 0.9298614263534546, -0.2405955046415329, -0.30425339937210083, 0.32295259833335876, 0.8961748480796814),
            ["UpperTorso"] = CFrame.new(1.4901161193847656e-08, 8.940696716308594e-08, -4.0978193283081055e-08, 0.9792250990867615, 0.1717693954706192, 0.10776664316654205, -0.1995268017053604, 0.9109622836112976, 0.3610219657421112, -0.036158837378025055, -0.3750239908695221, 0.9263097047805786),
            ["HumanoidRootPart"] = CFrame.new(0, 0, 0, 1, 0, 0, 0, 1, 0, 0, 0, 1),
            ["RightHand"] = CFrame.new(-2.980232238769531e-07, 1.1920928955078125e-07, 2.3096799850463867e-07, 0.8647894263267517, -0.4022747874259949, -0.3005235493183136, 0.03721064701676369, 0.6481866240501404, -0.7605718970298767, 0.500754177570343, 0.646551787853241, 0.5755137801170349),
            ["LeftUpperArm"] = CFrame.new(0.0006943345069885254, -0.023853182792663574, -1.4901161193847656e-07, 0.18062689900398254, 0.3725978136062622, 0.9102461934089661, 0.10850391536951065, 0.9122693538665771, -0.39495426416397095, -0.977548360824585, 0.17010432481765747, 0.12435074150562286),
            ["RightLowerArm"] = CFrame.new(-0.000003606081008911133, 0.000001430511474609375, -4.023313522338867e-07, 1, -1.9092117042873724e-07, -5.122275936741971e-08, 1.4156103134155273e-07, 0.9932908415794373, -0.11564329266548157, 7.729977369308472e-08, 0.11564330756664276, 0.993290901184082),
            ["LeftHand"] = CFrame.new(-2.086162567138672e-07, 0.00010079145431518555, 5.960464477539063e-08, 0.09585603326559067, 0.623660147190094, -0.7757961750030518, -0.7855852842330933, 0.5260282754898071, 0.32580700516700745, 0.611283540725708, 0.5782234072685242, 0.5403611063957214),
            ["RightUpperLeg"] = CFrame.new(-5.960464477539063e-08, 0.0000013634562492370605, 6.16346369497478e-08, 0.9608879685401917, 0.2768596112728119, 0.006572572980076075, -0.274814248085022, 0.9561848640441895, -0.10093435645103455, -0.03422924131155014, 0.09518013894557953, 0.9948713779449463),
            ["LeftUpperLeg"] = CFrame.new(1.7881393432617188e-07, 0.0000018477439880371094, -1.1175870895385742e-08, 0.8103906512260437, 0.24630331993103027, -0.5316028594970703, -0.552832841873169, 0.6219267249107361, -0.5546018481254578, 0.19401752948760986, 0.7433316707611084, 0.6401681303977966),
            ["RightLowerLeg"] = CFrame.new(-3.3527612686157227e-08, -0.000003814697265625, -0.000013364646292757243, 1, -3.054737760521675e-07, 2.421439049271612e-08, 2.421438694000244e-07, 0.7665989398956299, 0.64212566614151, 1.862645149230957e-09, -0.6421261429786682, 0.7665994167327881),
            ["RightFoot"] = CFrame.new(5.681067705154419e-08, 2.384185791015625e-07, -7.653579814359546e-08, 0.9974262118339539, -0.05878133699297905, -0.041057273745536804, 0.029929503798484802, 0.8616786003112793, -0.50657057762146, 0.06515495479106903, 0.504038393497467, 0.8612204194068909),
            ["LeftLowerLeg"] = CFrame.new(1.7136335372924805e-07, 0.000003933906555175781, 0.000013221055269241333, 1, 1.3411042232291948e-07, 2.0861632776814076e-07, -1.7881393432617188e-07, -0.19850067794322968, 0.9801008105278015, 1.7136335372924805e-07, -0.9801008105278015, -0.19850070774555206)
        }},
        [2] = {Time = 0.033, Data = {
            ["LeftFoot"] = CFrame.new(0, -1.1920928955078125e-07, -1.4901161193847656e-08, 0.9123280644416809, -0.32105082273483276, -0.2541336715221405, 0.33057525753974915, 0.9437635540962219, -0.005520251113921404, 0.2416144609451294, -0.07897442579269409, 0.9671533703804016),
            ["LeftLowerArm"] = CFrame.new(-0.0004975199699401855, -0.00009846687316894531, -3.5762786865234375e-07, 1, 1.4901158351676713e-07, 1.7136336794010276e-07, -1.8626448650138627e-07, 1, -2.980232594040899e-08, -1.1548398504146462e-07, -1.4901157641133977e-08, 1),
            ["LowerTorso"] = CFrame.new(0.21048471331596375, -0.2581392526626587, 0.062118638306856155, 0.7646192312240601, -0.15324766933918, 0.6259973645210266, 0.2509785592556, 0.9654431939125061, -0.070209801197052, -0.5936053395271301, 0.21079568564891815, 0.7766582369804382),
            ["Head"] = CFrame.new(1.862645149230957e-09, -1.1920928955078125e-07, -7.450580596923828e-08, 0.8938454985618591, -0.09836705774068832, -0.43745189905166626, -0.036555416882038116, 0.9564027786254883, -0.2897540330886841, 0.4468824565410614, 0.2749866247177124, 0.8512805104255676),
            ["RightUpperArm"] = CFrame.new(-0.0006939172744750977, -0.023853421211242676, -3.8743019104003906e-07, 0.8633307218551636, -0.2691265940666199, 0.42689046263694763, 0.3591533899307251, 0.921923816204071, -0.14513324201107025, -0.35449814796447754, 0.2786169946193695, 0.8925809860229492),
            ["UpperTorso"] = CFrame.new(8.940696716308594e-08, -3.2782554626464844e-07, -5.21540641784668e-08, 0.9658284187316895, 0.22472266852855682, 0.1291334182024002, -0.25660791993141174, 0.8991504907608032, 0.3545149266719818, -0.03644286468625069, -0.3755371868610382, 0.926090657711029),
            ["HumanoidRootPart"] = CFrame.new(0, 0, 0, 1, 0, 0, 0, 1, 0, 0, 0, 1),
            ["RightHand"] = CFrame.new(-1.4901161193847656e-07, 3.5762786865234375e-07, 2.9802322387695312e-08, 0.8622175455093384, -0.3960258662700653, -0.31582358479499817, 0.0313558466732502, 0.6640268564224243, -0.7470511198043823, 0.5055668354034424, 0.6342175602912903, 0.5849531888961792),
            ["LeftUpperArm"] = CFrame.new(0.00069427490234375, -0.023853302001953125, -5.960464477539063e-08, 0.20637939870357513, 0.3399083614349365, 0.9175363183021545, 0.11811014264822006, 0.9222112894058228, -0.36820366978645325, -0.9713174104690552, 0.1843598634004593, 0.1501772701740265),
            ["RightLowerArm"] = CFrame.new(-0.000003516674041748047, 3.5762786865234375e-07, -5.960464477539063e-08, 1, -1.750886866602741e-07, -1.350417875300991e-07, 1.4156103134155273e-07, 0.9961047172546387, -0.08817914873361588, 1.341104507446289e-07, 0.08817914873361588, 0.9961047172546387),
            ["LeftHand"] = CFrame.new(-8.940696716308594e-08, 0.00010091066360473633, -2.980232238769531e-07, 0.07240030169487, 0.6667935848236084, -0.7417174577713013, -0.6816811561584473, 0.575941264629364, 0.45122307538986206, 0.728058397769928, 0.4729461073875427, 0.49623897671699524),
            ["RightUpperLeg"] = CFrame.new(0, 0.0000012032687664031982, 7.281050784513354e-08, 0.9528975486755371, 0.30307313799858093, 0.011529245413839817, -0.3002028167247772, 0.9479208588600159, -0.1064160093665123, -0.04318055137991905, 0.09794220328330994, 0.9942548871040344),
            ["LeftUpperLeg"] = CFrame.new(2.980232238769531e-07, 0.0000015553086996078491, -2.2351741790771484e-08, 0.7995578050613403, 0.25423169136047363, -0.5441263914108276, -0.5670875310897827, 0.6179354786872864, -0.5445804595947266, 0.197785422205925, 0.7439906001091003, 0.638246476650238),
            ["RightLowerLeg"] = CFrame.new(3.725290298461914e-09, -0.0000030994415283203125, -0.000013401899195741862, 1, -1.0803341865539551e-07, -1.1175873737556685e-07, 1.4528635006172408e-07, 0.7757958769798279, 0.6309834122657776, -1.3783576946480025e-07, -0.6309839487075806, 0.7757964134216309),
            ["RightFoot"] = CFrame.new(-3.818422555923462e-08, 2.980232238769531e-07, -8.026108844205737e-08, 0.9976356625556946, -0.05440644919872284, -0.04199006035923958, 0.02616827003657818, 0.8656722903251648, -0.4999261200428009, 0.06354884803295135, 0.49764594435691833, 0.8650495409965515),
            ["LeftLowerLeg"] = CFrame.new(1.4528632164001465e-07, 0.000004172325134277344, 0.0000131949782371521, 1, 1.6391277313232422e-07, 1.7881401959130017e-07, -1.0430815677864302e-07, -0.22339221835136414, 0.9747286438941956, 1.8998984785412176e-07, -0.9747286438941956, -0.22339218854904175)
        }},
        [3] = {Time = 0.067, Data = {
            ["LeftFoot"] = CFrame.new(-4.470348358154297e-08, 0, -2.9802322387695312e-08, 0.9242306351661682, -0.33351144194602966, -0.1859247237443924, 0.314790278673172, 0.9411126375198364, -0.12334434688091278, 0.21611319482326508, 0.055471837520599365, 0.9747913479804993),
            ["LeftLowerArm"] = CFrame.new(-0.0004971921443939209, -0.00009846687316894531, 0, 1, 1.6391273049976007e-07, 1.4528633585086936e-07, -1.788139627478813e-07, 1, 7.450581485102248e-09, -1.3783575525394554e-07, 1.4901157641133977e-08, 1),
            ["LowerTorso"] = CFrame.new(0.20210930705070496, -0.26446831226348877, 0.06211864575743675, 0.771777331829071, -0.17626675963401794, 0.6109744906425476, 0.270160049200058, 0.9606788754463196, -0.06410693377256393, -0.5756503343582153, 0.21453717350959778, 0.7890504598617554),
            ["Head"] = CFrame.new(7.450580596923828e-09, -4.76837158203125e-07, -8.940696716308594e-08, 0.8868207931518555, -0.099021777510643, -0.451379656791687, -0.03374071791768074, 0.9602905511856079, -0.2769545316696167, 0.4608801305294037, 0.26083892583847046, 0.8482645153999329),
            ["RightUpperArm"] = CFrame.new(-0.000693976879119873, -0.023853659629821777, -3.5762786865234375e-07, 0.8156405091285706, -0.34367796778678894, 0.4654264748096466, 0.4091131389141083, 0.9114235043525696, -0.04394884034991264, -0.40909314155578613, 0.2262582629919052, 0.8839946985244751),
            ["UpperTorso"] = CFrame.new(6.705522537231445e-08, 1.4901161193847656e-07, -7.078051567077637e-08, 0.9531702399253845, 0.2635273039340973, 0.14839120209217072, -0.2994762063026428, 0.8908830881118774, 0.3415280878543854, -0.04219724237918854, -0.3699740171432495, 0.9280833601951599),
            ["HumanoidRootPart"] = CFrame.new(0, 0, 0, 1, 0, 0, 0, 1, 0, 0, 0, 1),
            ["RightHand"] = CFrame.new(-1.4901161193847656e-07, -1.1920928955078125e-07, 2.682209014892578e-07, 0.8714914917945862, -0.3655923902988434, -0.3268713057041168, 0.02117692492902279, 0.6939584016799927, -0.719703733921051, 0.4899531900882721, 0.6202934980392456, 0.6125209331512451),
            ["LeftUpperArm"] = CFrame.new(0.00069427490234375, -0.023853421211242676, -8.940696716308594e-08, 0.268894761800766, 0.2950752377510071, 0.916858434677124, 0.10720521956682205, 0.9368324279785156, -0.33294185996055603, -0.9571847915649414, 0.18781810998916626, 0.22027359902858734),
            ["RightLowerArm"] = CFrame.new(-0.0000036954879760742188, 9.5367431640625e-07, -8.940696716308594e-08, 1, -1.7136336794010276e-07, -1.1175872316471214e-07, 1.713633110966839e-07, 0.9968448281288147, -0.07937563210725784, 1.4901158351676713e-07, 0.07937563955783844, 0.9968447685241699),
            ["LeftHand"] = CFrame.new(-1.1920928955078125e-07, 0.00010120868682861328, 0, 0.08369388431310654, 0.7005146145820618, -0.7087135314941406, -0.5523281097412109, 0.624574601650238, 0.5521232485771179, 0.8294148445129395, 0.3452330231666565, 0.43918702006340027),
            ["RightUpperLeg"] = CFrame.new(0, 0.0000017620623111724854, 3.183231456205249e-08, 0.9465739130973816, 0.32188838720321655, 0.019637979567050934, -0.31601712107658386, 0.9379988312721252, -0.14244858920574188, -0.06427288055419922, 0.12863193452358246, 0.9896073937416077),
            ["LeftUpperLeg"] = CFrame.new(1.7881393432617188e-07, 0.000002205371856689453, -1.30385160446167e-07, 0.8079698085784912, 0.25435566902160645, -0.531495988368988, -0.550320565700531, 0.6480838060379028, -0.5264357924461365, 0.21055196225643158, 0.7178375124931335, 0.6636093854904175),
            ["RightLowerLeg"] = CFrame.new(1.862645149230957e-08, -0.000003814697265625, -0.00001337954745395109, 1, -5.587933316064664e-08, -1.5646213569198153e-07, 1.6763804921993142e-07, 0.746904730796814, 0.6649307012557983, -5.308537964765492e-08, -0.664931058883667, 0.7469050884246826),
            ["RightFoot"] = CFrame.new(-9.778887033462524e-08, 2.384185791015625e-07, -2.438173396512866e-08, 0.9980400800704956, -0.04302765429019928, -0.0454389713704586, 0.016803767532110214, 0.8837102055549622, -0.46773234009742737, 0.06028037518262863, 0.46605247259140015, 0.8827013969421387),
            ["LeftLowerLeg"] = CFrame.new(5.21540641784668e-08, 0.000003814697265625, 0.000013306736946105957, 1, -8.940691031966708e-08, -8.940705242821423e-08, 4.4703490686970326e-08, -0.21963243186473846, 0.9755828380584717, -3.725290653733282e-08, -0.9755827188491821, -0.21963238716125488)
        }},
        [4] = {Time = 0.100, Data = {
            ["LeftFoot"] = CFrame.new(-2.9802322387695312e-08, 5.960464477539063e-08, 0, 0.9408640265464783, -0.32099100947380066, -0.10835171490907669, 0.2896934449672699, 0.9280920028686523, -0.23392760753631592, 0.17564916610717773, 0.18870627880096436, 0.9661976099014282),
            ["LeftLowerArm"] = CFrame.new(-0.0004972219467163086, -0.00009828805923461914, -5.960464477539063e-08, 1, 1.4901158351676713e-07, 1.4156105976326216e-07, -1.601874686230076e-07, 1, -2.980232949312267e-08, -1.4528630742915993e-07, -7.450578820566989e-09, 1),
            ["LowerTorso"] = CFrame.new(0.18766207993030548, -0.2556971311569214, 0.06211865693330765, 0.786342203617096, -0.1929655820131302, 0.5868818759918213, 0.2792384624481201, 0.9584062695503235, -0.05901961401104927, -0.5510824918746948, 0.2102895975112915, 0.807518720626831),
            ["Head"] = CFrame.new(-7.450580596923828e-09, 1.1920928955078125e-07, -1.4156103134155273e-07, 0.8819718360900879, -0.1089230552315712, -0.45854294300079346, -0.029112469404935837, 0.9584786891937256, -0.2836742699146271, 0.47040224075317383, 0.2635420262813568, 0.842180073261261),
            ["RightUpperArm"] = CFrame.new(-0.0006939172744750977, -0.023853182792663574, -3.8743019104003906e-07, 0.7754970192909241, -0.4044637680053711, 0.4847885072231293, 0.4367479681968689, 0.8981533646583557, 0.050686292350292206, -0.455911785364151, 0.17242297530174255, 0.8731615543365479),
            ["UpperTorso"] = CFrame.new(1.1920928955078125e-07, -2.384185791015625e-07, -5.960464477539063e-08, 0.9429785013198853, 0.2898635268211365, 0.16361786425113678, -0.3287654519081116, 0.8879081606864929, 0.3217647075653076, -0.05200967937707901, -0.3572089970111847, 0.9325752854347229),
            ["HumanoidRootPart"] = CFrame.new(0, 0, 0, 1, 0, 0, 0, 1, 0, 0, 0, 1),
            ["RightHand"] = CFrame.new(-1.1920928955078125e-07, 1.1920928955078125e-07, 4.470348358154297e-07, 0.8889979124069214, -0.3169754445552826, -0.33046814799308777, 0.009056268259882927, 0.7337157130241394, -0.6793962717056274, 0.4578216075897217, 0.600989043712616, 0.6551423668861389),
            ["LeftUpperArm"] = CFrame.new(0.00069427490234375, -0.023853182792663574, -2.086162567138672e-07, 0.36312657594680786, 0.2384197860956192, 0.9007212519645691, 0.08166468888521194, 0.9548425078392029, -0.28566664457321167, -0.9281540513038635, 0.17729021608829498, 0.3272550404071808),
            ["RightLowerArm"] = CFrame.new(-0.000003606081008911133, 8.940696716308594e-07, -2.682209014892578e-07, 1, -1.6391281576488836e-07, -1.3411049337719305e-07, 1.7881393432617188e-07, 0.9956461191177368, -0.09321436285972595, 1.2665987014770508e-07, 0.09321438521146774, 0.9956461191177368),
            ["LeftHand"] = CFrame.new(-2.9802322387695312e-08, 0.00010073184967041016, -1.7881393432617188e-07, 0.12015338242053986, 0.7201566696166992, -0.68332839012146, -0.408003568649292, 0.6633195877075195, 0.6273279190063477, 0.905039370059967, 0.20342470705509186, 0.37352651357650757),
            ["RightUpperLeg"] = CFrame.new(1.1920928955078125e-07, 0.0000015757977962493896, 8.026108844205737e-08, 0.9420211315155029, 0.3339798152446747, 0.03246277943253517, -0.32186970114707947, 0.926711916923523, -0.19392050802707672, -0.09484893828630447, 0.17222845554351807, 0.9804800152778625),
            ["LeftUpperLeg"] = CFrame.new(2.384185791015625e-07, 0.000001903623342514038, -8.940696716308594e-08, 0.8319358229637146, 0.2526857852935791, -0.4939970076084137, -0.5106552243232727, 0.6969372034072876, -0.5034973621368408, 0.2170582115650177, 0.671139657497406, 0.7088424563407898),
            ["RightLowerLeg"] = CFrame.new(1.4901161193847656e-08, -0.0000035762786865234375, -0.000013245437003206462, 1, -2.123415470123291e-07, -8.195638656616211e-08, 2.3841855067985307e-07, 0.6993048787117004, 0.714823305606842, -1.0896472701915627e-07, -0.7148235440254211, 0.6993051767349243),
            ["RightFoot"] = CFrame.new(-4.190951585769653e-08, 5.364418029785156e-07, -9.480572771281004e-09, 0.9985687136650085, -0.02314881980419159, -0.048217110335826874, 0.0026118650566786528, 0.921516478061676, -0.388330340385437, 0.05342225730419159, 0.38764867186546326, 0.9202580451965332),
            ["LeftLowerLeg"] = CFrame.new(1.4528632164001465e-07, 0.000003933906555175781, 0.000013247132301330566, 1, 2.2351720474489412e-07, 2.98023479672338e-07, -2.0861628513557662e-07, -0.18227475881576538, 0.9832477569580078, 2.6822092991096724e-07, -0.9832476377487183, -0.1822744607925415)
        }},
        [5] = {Time = 0.133, Data = {
            ["LeftFoot"] = CFrame.new(7.450580596923828e-09, -5.960464477539063e-08, 1.4901161193847656e-08, 0.9590618014335632, -0.2808162569999695, -0.036646194756031036, 0.25614646077156067, 0.915351390838623, -0.310677707195282, 0.12078748643398285, 0.2885725200176239, 0.949808657169342),
            ["LeftLowerArm"] = CFrame.new(-0.0004974603652954102, -0.00009781122207641602, -2.2351741790771484e-07, 1, 1.247972107876194e-07, 1.2665987014770508e-07, -1.5459954738616943e-07, 1, 3.725290298461914e-09, -1.1920928955078125e-07, 0, 1),
            ["LowerTorso"] = CFrame.new(0.16589000821113586, -0.2177046537399292, 0.06211866810917854, 0.8070437908172607, -0.20076356828212738, 0.5553147196769714, 0.2769465148448944, 0.959270715713501, -0.05568264052271843, -0.5215180516242981, 0.19873082637786865, 0.8297741413116455),
            ["Head"] = CFrame.new(-4.470348358154297e-08, 0, -1.7136335372924805e-07, 0.8807073831558228, -0.11846500635147095, -0.45860719680786133, -0.024054458364844322, 0.9557831883430481, -0.29308703541755676, 0.4730496108531952, 0.26915544271469116, 0.8389156460762024),
            ["RightUpperArm"] = CFrame.new(-0.0006938576698303223, -0.023853540420532227, -4.470348358154297e-07, 0.7496654391288757, -0.45038163661956787, 0.4849380552768707, 0.45006227493286133, 0.8841482400894165, 0.12539078295230865, -0.4852275550365448, 0.1242508813738823, 0.8655127286911011),
            ["UpperTorso"] = CFrame.new(5.960464477539063e-08, -2.980232238769531e-07, -5.21540641784668e-08, 0.937705397605896, 0.30178141593933105, 0.1721530705690384, -0.34167787432670593, 0.8908125162124634, 0.29951533675193787, -0.0629679337143898, -0.3396780490875244, 0.9384316205978394),
            ["HumanoidRootPart"] = CFrame.new(0, 0, 0, 1, 0, 0, 0, 1, 0, 0, 0, 1),
            ["RightHand"] = CFrame.new(-1.4901161193847656e-07, 3.5762786865234375e-07, 2.980232238769531e-07, 0.9114021062850952, -0.25319913029670715, -0.32440185546875, -0.00620639231055975, 0.7797600030899048, -0.6260480284690857, 0.41147029399871826, 0.5725947022438049, 0.7091033458709717),
            ["LeftUpperArm"] = CFrame.new(0.0006942152976989746, -0.023853302001953125, -2.086162567138672e-07, 0.4718611240386963, 0.1877279281616211, 0.8614580035209656, 0.048636242747306824, 0.9700392484664917, -0.2380286455154419, -0.8803304433822632, 0.15421448647975922, 0.4485894441604614),
            ["RightLowerArm"] = CFrame.new(-0.0000030100345611572266, 4.76837158203125e-07, -2.086162567138672e-07, 1, -1.788139627478813e-07, -6.33299421792799e-08, 1.9371505288745539e-07, 0.992611825466156, -0.1213330626487732, 1.4901158351676713e-07, 0.12133312225341797, 0.9926118850708008),
            ["LeftHand"] = CFrame.new(8.940696716308594e-08, 0.00010067224502563477, 1.1920928955078125e-07, 0.18173955380916595, 0.7235358357429504, -0.6659330129623413, -0.26496270298957825, 0.6881951689720154, 0.6754127740859985, 0.9469770789146423, 0.05369808152318001, 0.316782146692276),
            ["RightUpperLeg"] = CFrame.new(-5.960464477539063e-08, 0.0000013671815395355225, -5.420588422566652e-09, 0.9423544406890869, 0.3313702642917633, 0.04649543762207031, -0.3136535584926605, 0.9231579303741455, -0.2222633957862854, -0.11657414585351944, 0.19486740231513977, 0.9738773703575134),
            ["LeftUpperLeg"] = CFrame.new(2.384185791015625e-07, 0.0000017657876014709473, -7.82310962677002e-08, 0.8661075234413147, 0.24844703078269958, -0.43374180793762207, -0.4510122537612915, 0.7625398635864258, -0.46381133794784546, 0.21551285684108734, 0.5973333716392517, 0.7724941372871399),
            ["RightLowerLeg"] = CFrame.new(-4.842877388000488e-08, -0.000003814697265625, -0.000013334843970369548, 1, 6.146728281919422e-08, -5.401672353855247e-08, 4.097818262494002e-08, 0.6823304891586304, 0.7310437560081482, 2.607702498380604e-08, -0.7310439348220825, 0.6823306679725647),
            ["RightFoot"] = CFrame.new(-1.862645149230957e-08, 2.980232238769531e-07, -2.029992174357176e-09, 0.9989941120147705, 0.008566548116505146, -0.04401654750108719, -0.01947741210460663, 0.967048168182373, -0.25384724140167236, 0.04039163514971733, 0.25444939732551575, 0.9662423133850098),
            ["LeftLowerLeg"] = CFrame.new(1.4901161193847656e-08, 0.000004112720489501953, 0.000013239681720733643, 1, -1.1920923270736239e-07, -1.3411046495548362e-07, 4.4703490686970326e-08, -0.08105088025331497, 0.9967100024223328, -1.4156104555240745e-07, -0.9967100024223328, -0.08105060458183289)
        }},
        [6] = {Time = 0.167, Data = {
            ["LeftFoot"] = CFrame.new(8.195638656616211e-08, -5.960464477539063e-08, 1.2665987014770508e-07, 0.9738033413887024, -0.2264675498008728, 0.020484426990151405, 0.21773701906204224, 0.902694046497345, -0.3711245059967041, 0.06555654853582382, 0.36586329340934753, 0.9283571243286133),
            ["LeftLowerArm"] = CFrame.new(-0.0004974007606506348, -0.00009810924530029297, -1.9185245037078857e-07, 1, 1.4557730310116312e-07, 1.2246891856193542e-07, -1.7686393505300657e-07, 1, -3.725290298461914e-09, -1.1874359984176408e-07, -3.7252889661942845e-09, 1),
            ["LowerTorso"] = CFrame.new(0.13834291696548462, -0.17113900184631348, 0.06211867928504944, 0.8334826231002808, -0.20185571908950806, 0.5143548846244812, 0.26585978269577026, 0.9625502228736877, -0.053063079714775085, -0.4843813478946686, 0.18097342550754547, 0.8559342622756958),
            ["Head"] = CFrame.new(-6.705522537231445e-08, 1.1920928955078125e-07, -1.7508864402770996e-07, 0.884067952632904, -0.1281089186668396, -0.44945743680000305, -0.015681633725762367, 0.9530248045921326, -0.3024860918521881, 0.4670952558517456, 0.27446645498275757, 0.84052973985672),
            ["RightUpperArm"] = CFrame.new(-0.0006939172744750977, -0.023853182792663574, -3.5762786865234375e-07, 0.7391847968101501, -0.48506876826286316, 0.46724840998649597, 0.4610315263271332, 0.8701571822166443, 0.1739920675754547, -0.490974485874176, 0.08680369704961777, 0.866836667060852),
            ["UpperTorso"] = CFrame.new(4.842877388000488e-08, -1.1920928955078125e-07, -1.1175870895385742e-08, 0.9360834956169128, 0.3040168285369873, 0.1769791692495346, -0.34359148144721985, 0.8980693817138672, 0.27462032437324524, -0.07545027881860733, -0.31787601113319397, 0.9451254606246948),
            ["HumanoidRootPart"] = CFrame.new(0, 0, 0, 1, 0, 0, 0, 1, 0, 0, 0, 1),
            ["RightHand"] = CFrame.new(-2.086162567138672e-07, -5.960464477539063e-08, 1.1920928955078125e-07, 0.9360074400901794, -0.17504285275936127, -0.3053688108921051, -0.027540292590856552, 0.8284926414489746, -0.5593224167823792, 0.3509010672569275, 0.5319399237632751, 0.770654559135437),
            ["LeftUpperArm"] = CFrame.new(0.0006942152976989746, -0.023853302001953125, -2.682209014892578e-07, 0.5776421427726746, 0.1599247008562088, 0.8004743456840515, 0.008055675774812698, 0.9794561266899109, -0.2014952003955841, -0.8162505030632019, 0.1228405013680458, 0.5644825100898743),
            ["RightLowerArm"] = CFrame.new(-0.0000032186508178710938, 3.5762786865234375e-07, -3.5762786865234375e-07, 1, -1.4901162614933128e-07, -1.1175872316471214e-07, 1.4901161193847656e-07, 0.9871801137924194, -0.15961062908172607, 1.7881393432617188e-07, 0.15961064398288727, 0.9871800541877747),
            ["LeftHand"] = CFrame.new(-8.940696716308594e-08, 0.0001010894775390625, -7.264316082000732e-08, 0.26323622465133667, 0.7122705578804016, -0.6506745219230652, -0.13811902701854706, 0.6953384876251221, 0.7052854895591736, 0.9547931551933289, -0.09578624367713928, 0.2814163565635681),
            ["RightUpperLeg"] = CFrame.new(5.960464477539063e-08, 0.000001475214958190918, 1.4917895896360278e-07, 0.9474809765815735, 0.3140721023082733, 0.06031905114650726, -0.29123783111572266, 0.9252684116363525, -0.2430209219455719, -0.13213731348514557, 0.21269024908542633, 0.968143880367279),
            ["LeftUpperLeg"] = CFrame.new(2.384185791015625e-07, 0.0000020079314708709717, -7.264316082000732e-08, 0.9023926854133606, 0.2486167550086975, -0.35196202993392944, -0.387556254863739, 0.8253187537193298, -0.41066887974739075, 0.18838171660900116, 0.5069897770881653, 0.8411147594451904),
            ["RightLowerLeg"] = CFrame.new(-8.009374141693115e-08, -0.0000035762786865234375, -0.000013334843970369548, 1, -1.3969844303574064e-07, -4.656614649434232e-09, 1.1175875158642157e-07, 0.6737307906150818, 0.7389764785766602, -5.308540451665067e-08, -0.7389768362045288, 0.6737313270568848),
            ["RightFoot"] = CFrame.new(8.288770914077759e-08, 4.172325134277344e-07, -5.418405635282397e-08, 0.9988595843315125, 0.03773363679647446, -0.02925289049744606, -0.0402730368077755, 0.9949684143066406, -0.09173792600631714, 0.025644060224294662, 0.09281185269355774, 0.9953535199165344),
            ["LeftLowerLeg"] = CFrame.new(-3.3527612686157227e-08, 0.0000037550926208496094, 0.000013187527656555176, 1, -1.4901146982992941e-08, 2.9802343703977385e-08, -1.4901161193847656e-08, 0.061998024582862854, 0.998076319694519, 4.470348358154297e-08, -0.9980762600898743, 0.06199856102466583)
        }},
        [7] = {Time = 0.200, Data = {
            ["LeftFoot"] = CFrame.new(-8.568167686462402e-08, 0, 2.9802322387695312e-08, 0.9853777885437012, -0.15743626654148102, 0.06515078991651535, 0.16994597017765045, 0.8807464838027954, -0.4420449435710907, 0.01221256423741579, 0.4466538429260254, 0.8946238160133362),
            ["LeftLowerArm"] = CFrame.new(-0.0004974007606506348, -0.00009834766387939453, -2.8312206268310547e-07, 1, 1.5646214990283625e-07, 1.3224780559539795e-07, -1.7881393432617188e-07, 1, 3.725290298461914e-09, -8.754432201385498e-08, -3.7252894102834944e-09, 1),
            ["LowerTorso"] = CFrame.new(0.10617372393608093, -0.1326301097869873, 0.06211869791150093, 0.8625901341438293, -0.2013312727212906, 0.4641164541244507, 0.2512981593608856, 0.9667341709136963, -0.0476895235478878, -0.4390758275985718, 0.1577681005001068, 0.8844895958900452),
            ["Head"] = CFrame.new(-4.842877388000488e-08, 2.384185791015625e-07, -1.30385160446167e-07, 0.8921062350273132, -0.1390906274318695, -0.42988401651382446, -0.00031656946521252394, 0.9512450695037842, -0.3084360659122467, 0.4518255591392517, 0.27529376745224, 0.8485676050186157),
            ["RightUpperArm"] = CFrame.new(-0.0006939172744750977, -0.023853063583374023, -2.384185791015625e-07, 0.7384364604949951, -0.5145877003669739, 0.43579599261283875, 0.47703009843826294, 0.8554125428199768, 0.20176272094249725, -0.47660669684410095, 0.05889864265918732, 0.8771394491195679),
            ["UpperTorso"] = CFrame.new(8.754432201385498e-08, -4.172325134277344e-07, -4.0046870708465576e-08, 0.9349853992462158, 0.30566278100013733, 0.17992393672466278, -0.34336015582084656, 0.9071941375732422, 0.24311000108718872, -0.08891627937555313, -0.28908297419548035, 0.9531658291816711),
            ["HumanoidRootPart"] = CFrame.new(0, 0, 0, 1, 0, 0, 0, 1, 0, 0, 0, 1),
            ["RightHand"] = CFrame.new(0, 1.1920928955078125e-07, 1.7881393432617188e-07, 0.9597558975219727, -0.08065785467624664, -0.26900357007980347, -0.06095793843269348, 0.8751996159553528, -0.4799061417579651, 0.27414000034332275, 0.47699064016342163, 0.835061252117157),
            ["LeftUpperArm"] = CFrame.new(0.0006940960884094238, -0.023853063583374023, -2.384185791015625e-07, 0.6639856696128845, 0.15813779830932617, 0.7308362126350403, -0.04085718095302582, 0.9835938215255737, -0.1757085919380188, -0.7466282844543457, 0.08680806308984756, 0.6595489978790283),
            ["RightLowerArm"] = CFrame.new(-0.0000034868717193603516, 9.5367431640625e-07, -5.960464477539063e-08, 1, -2.384186643666908e-07, -1.0058285937475375e-07, 1.713633963618122e-07, 0.9783841371536255, -0.20679588615894318, 1.3411047916633834e-07, 0.20679588615894318, 0.9783841967582703),
            ["LeftHand"] = CFrame.new(-5.960464477539063e-08, 0.00010097026824951172, -2.9802322387695312e-08, 0.3584895730018616, 0.6877026557922363, -0.6313084363937378, -0.04030689224600792, 0.6870284676551819, 0.7255117297172546, 0.9326632022857666, -0.23464247584342957, 0.2740117311477661),
            ["RightUpperLeg"] = CFrame.new(1.1920928955078125e-07, 8.009374141693115e-07, 4.766479833051562e-08, 0.9543097615242004, 0.2905123829841614, 0.06996724754571915, -0.26061415672302246, 0.9237160682678223, -0.280765175819397, -0.146195650100708, 0.24970249831676483, 0.9572227597236633),
            ["LeftUpperLeg"] = CFrame.new(1.7881393432617188e-07, 0.0000012852251529693604, -4.0046870708465576e-08, 0.9354454278945923, 0.2507804334163666, -0.24910062551498413, -0.32704177498817444, 0.8814347386360168, -0.34075844287872314, 0.1341104358434677, 0.40022751688957214, 0.9065499305725098),
            ["RightLowerLeg"] = CFrame.new(-7.12461769580841e-08, -0.0000037550926208496094, -0.000013245437003206462, 1, -2.3096797008292924e-07, -7.241033728178081e-08, 2.7567148208618164e-07, 0.6423970460891724, 0.7663717269897461, -1.7939601093530655e-07, -0.7663719654083252, 0.6423975229263306),
            ["RightFoot"] = CFrame.new(8.987262845039368e-08, 4.172325134277344e-07, 2.032174961641431e-08, 0.9983431100845337, 0.05719330161809921, -0.006324645131826401, -0.05664663016796112, 0.9961692690849304, 0.06661947071552277, 0.010110772214829922, -0.06615030765533447, 0.9977584481239319),
            ["LeftLowerLeg"] = CFrame.new(-3.4458935260772705e-08, 0.000003933906555175781, 0.000013377517461776733, 1, 1.4901152667334827e-07, 1.6391282997574308e-07, -1.1175869474300271e-07, 0.24188706278800964, 0.9703042507171631, 1.2293456563838845e-07, -0.9703044295310974, 0.24188771843910217)
        }},
        [8] = {Time = 0.233, Data = {
            ["LeftFoot"] = CFrame.new(3.91155481338501e-08, -5.960464477539063e-08, 6.705522537231445e-08, 0.992026150226593, -0.09345412254333496, 0.08456067740917206, 0.12332434952259064, 0.85813307762146, -0.4983961582183838, -0.02598697505891323, 0.5048505663871765, 0.8628156185150146),
            ["LeftLowerArm"] = CFrame.new(-0.0004972219467163086, -0.00009846687316894531, -1.7881393432617188e-07, 1, 1.2665985593685036e-07, 1.303851746570217e-07, -1.7136336794010276e-07, 1, -1.4901162970204496e-08, -1.2293459406009788e-07, 7.4505797087454084e-09, 1),
            ["LowerTorso"] = CFrame.new(0.07126035541296005, -0.10988640785217285, 0.06211871653795242, 0.8879566192626953, -0.19675111770629883, 0.4157189428806305, 0.23287320137023926, 0.9717845916748047, -0.03748102858662605, -0.39661481976509094, 0.13009129464626312, 0.9087206125259399),
            ["Head"] = CFrame.new(-1.30385160446167e-08, 0, -2.123415470123291e-07, 0.9042161703109741, -0.14174363017082214, -0.40286701917648315, 0.014220261946320534, 0.9527861475944519, -0.30330899357795715, 0.426838219165802, 0.268528014421463, 0.8635402917861938),
            ["RightUpperArm"] = CFrame.new(-0.0006939172744750977, -0.023853182792663574, -4.172325134277344e-07, 0.7460318803787231, -0.5351813435554504, 0.3962627053260803, 0.49479398131370544, 0.8437469601631165, 0.20800518989562988, -0.4456629753112793, 0.04088975489139557, 0.8942648768424988),
            ["UpperTorso"] = CFrame.new(5.587935447692871e-09, -5.662441253662109e-07, -2.584420144557953e-08, 0.9381278157234192, 0.30213862657546997, 0.16919973492622375, -0.3336211144924164, 0.919525682926178, 0.20777279138565063, -0.09280723333358765, -0.2513660192489624, 0.9634324908256531),
            ["HumanoidRootPart"] = CFrame.new(0, 0, 0, 1, 0, 0, 0, 1, 0, 0, 0, 1),
            ["RightHand"] = CFrame.new(0, -2.384185791015625e-07, 1.4901161193847656e-07, 0.9770246744155884, 0.02417142502963543, -0.21175137162208557, -0.10835473239421844, 0.9118969440460205, -0.39585763216018677, 0.18352700769901276, 0.4097069203853607, 0.8935648798942566),
            ["LeftUpperArm"] = CFrame.new(0.0006941556930541992, -0.023853182792663574, -1.7881393432617188e-07, 0.7167547345161438, 0.19356080889701843, 0.669927716255188, -0.10482633858919144, 0.9796947836875916, -0.17090676724910736, -0.689401388168335, 0.05227214843034744, 0.7224871516227722),
            ["RightLowerArm"] = CFrame.new(-0.0000030994415283203125, 0.0000014901161193847656, -1.1920928955078125e-07, 1, -1.9371513815258368e-07, -6.705523958316917e-08, 1.8626448650138627e-07, 0.9657179713249207, -0.25959381461143494, 1.0430811414607888e-07, 0.2595938444137573, 0.9657179713249207),
            ["LeftHand"] = CFrame.new(1.1920928955078125e-07, 0.00010097026824951172, -1.6391277313232422e-07, 0.4692763686180115, 0.6534743309020996, -0.5939285159111023, -0.0018878139089792967, 0.6733275055885315, 0.7393419742584229, 0.8830493092536926, -0.3458346426486969, 0.31721031665802),
            ["RightUpperLeg"] = CFrame.new(5.960464477539063e-08, 8.996576070785522e-07, 3.3694959711283445e-08, 0.9639108180999756, 0.2586852014064789, 0.06291337311267853, -0.2221800833940506, 0.9118441939353943, -0.3452189564704895, -0.1466701626777649, 0.3187822103500366, 0.9364111423492432),
            ["LeftUpperLeg"] = CFrame.new(1.4901161193847656e-07, 0.0000014565885066986084, -2.421438694000244e-08, 0.9589947462081909, 0.244472473859787, -0.14339540898799896, -0.2756286561489105, 0.922290027141571, -0.27094271779060364, 0.06601421535015106, 0.2993566691875458, 0.951854944229126),
            ["RightLowerLeg"] = CFrame.new(-7.636845111846924e-08, -0.000003516674041748047, -0.0000133199428091757, 1, -1.91852478792498e-07, -1.1548395661975519e-07, 2.3283055838874134e-07, 0.5622634291648865, 0.8269582986831665, 3.492458233722573e-08, -0.8269582986831665, 0.5622633099555969),
            ["RightFoot"] = CFrame.new(3.259629011154175e-09, 5.364418029785156e-07, -5.790934665128589e-08, 0.9976273775100708, 0.06553281098604202, 0.021100006997585297, -0.06843561679124832, 0.9773622155189514, 0.20019976794719696, -0.00750283058732748, -0.20116837322711945, 0.9795279502868652),
            ["LeftLowerLeg"] = CFrame.new(-1.1920928955078125e-07, 0.000003874301910400391, 0.000013193115592002869, 1, 7.450579175838357e-08, 2.980233304583635e-08, -1.5646217832454568e-07, 0.4148969352245331, 0.9098682403564453, 8.568166975919667e-08, -0.9098684787750244, 0.4148974120616913)
        }},
        [9] = {Time = 0.267, Data = {
            ["LeftFoot"] = CFrame.new(-5.9138983488082886e-08, -5.960464477539063e-08, 5.960464477539063e-08, 0.9950897097587585, -0.04780031740665436, 0.08666928857564926, 0.08646315336227417, 0.8459938764572144, -0.5261356830596924, -0.04817220941185951, 0.5310457944869995, 0.8459726572036743),
            ["LeftLowerArm"] = CFrame.new(-0.0004972517490386963, -0.0000979304313659668, -3.5762786865234375e-07, 1, 1.3411040811206476e-07, 1.8626454334480513e-07, -1.7881390590446244e-07, 1, 1.4901162970204496e-08, -1.1920927533992653e-07, -7.450577932388569e-09, 1),
            ["LowerTorso"] = CFrame.new(0.03539260849356651, -0.09915351867675781, 0.062118735164403915, 0.9051597118377686, -0.18563416600227356, 0.38239508867263794, 0.2092864215373993, 0.9776330590248108, -0.02080446295440197, -0.3699800670146942, 0.098861463367939, 0.9237647652626038),
            ["Head"] = CFrame.new(-4.6566128730773926e-09, 2.384185791015625e-07, -1.0756775736808777e-07, 0.9191471934318542, -0.13453373312950134, -0.37022846937179565, 0.027780575677752495, 0.959669291973114, -0.27975553274154663, 0.3929334878921509, 0.2468513399362564, 0.8858147263526917),
            ["RightUpperArm"] = CFrame.new(-0.0006938576698303223, -0.023853063583374023, -3.2782554626464844e-07, 0.7588059306144714, -0.5489760637283325, 0.35049304366111755, 0.5129934549331665, 0.8353078365325928, 0.19772295653820038, -0.40131187438964844, 0.029767155647277832, 0.9154562950134277),
            ["UpperTorso"] = CFrame.new(-1.4901161193847656e-08, -3.2782554626464844e-07, -3.725290298461914e-08, 0.9466251134872437, 0.2944178581237793, 0.13122163712978363, -0.31381329894065857, 0.9347689151763916, 0.16651903092861176, -0.07363573461771011, -0.1988101750612259, 0.977267861366272),
            ["HumanoidRootPart"] = CFrame.new(0, 0, 0, 1, 0, 0, 0, 1, 0, 0, 0, 1),
            ["RightHand"] = CFrame.new(5.960464477539063e-08, 1.1920928955078125e-07, 3.0919909477233887e-07, 0.9823704361915588, 0.13037680089473724, -0.13397838175296783, -0.16713811457157135, 0.9335711002349854, -0.31703314185142517, 0.0837446004152298, 0.3338368535041809, 0.9389035701751709),
            ["LeftUpperArm"] = CFrame.new(0.00069427490234375, -0.023853182792663574, -1.043081283569336e-07, 0.7234185934066772, 0.2654437720775604, 0.6373472213745117, -0.18410830199718475, 0.96387779712677, -0.19246503710746765, -0.6654093265533447, 0.021891850978136063, 0.7461538910865784),
            ["RightLowerArm"] = CFrame.new(-0.0000030994415283203125, 7.152557373046875e-07, 0, 1, -1.7136333951839333e-07, -7.35744833946228e-08, 1.713633110966839e-07, 0.9497576951980591, -0.31298619508743286, 7.450579175838357e-08, 0.31298622488975525, 0.9497577548027039),
            ["LeftHand"] = CFrame.new(-2.384185791015625e-07, 0.00010061264038085938, 1.1920928955078125e-07, 0.5940318703651428, 0.6122327446937561, -0.5218209624290466, -0.032860979437828064, 0.6666013598442078, 0.7446898818016052, 0.8037700653076172, -0.42522209882736206, 0.4161009192466736),
            ["RightUpperLeg"] = CFrame.new(0, 0.0000011380761861801147, 3.9282895158976316e-08, 0.9777547717094421, 0.2073497325181961, 0.0316520594060421, -0.17494431138038635, 0.8894118070602417, -0.42230501770973206, -0.11571642011404037, 0.40737301111221313, 0.9059010148048401),
            ["LeftUpperLeg"] = CFrame.new(1.1920928955078125e-07, 0.0000014193356037139893, -3.725290298461914e-09, 0.9737892746925354, 0.21703217923641205, -0.06805593520402908, -0.2268306016921997, 0.9487466812133789, -0.22006288170814514, 0.01680714264512062, 0.22973212599754333, 0.9731088876724243),
