return {
    ["Fancy Feet"] = {
        {Time = 0.000, Data = {
            ["RightFoot"] = CFrame.new(-3.725290298461914e-09, 3.5762786865234375e-07, 9.145878721028566e-09, 0.988451361656189, -0.15151315927505493, -0.0028077794704586267, 0.1457878053188324, 0.9558310508728027, -0.25521180033683777, 0.041351620107889175, 0.25185513496398926, 0.9668810963630676),
            ["LeftLowerArm"] = CFrame.new(2.9802322387695312e-08, -8.940696716308594e-07, 0.0000010132789611816406, 1, -8.940692453052179e-08, 0, 7.078052277620372e-08, 0.6610928177833557, -0.7503041625022888, 5.960465188081798e-08, 0.7503041625022888, 0.6610927581787109),
            ["RightUpperArm"] = CFrame.new(-0.19207555055618286, -0.05858922004699707, -0.2569192945957184, 0.29525381326675415, -0.07162648439407349, 0.9527302980422974, -0.13000503182411194, 0.9848992228507996, 0.114333875477314, -0.9465326070785522, -0.15761718153953552, 0.28148341178894043),
            ["Head"] = CFrame.new(8.568167686462402e-08, -0.0000011920928955078125, 1.471489667892456e-07, 0.8732067346572876, -0.20940041542053223, 0.44006994366645813, 0.04172258451581001, 0.931790828704834, 0.36059021949768066, -0.48556074500083923, -0.29650890827178955, 0.8223827481269836),
            ["RightHand"] = CFrame.new(-1.9371509552001953e-07, 5.364418029785156e-07, -5.960464477539063e-08, 0.9019989371299744, 0.4297075867652893, -0.04182444140315056, -0.40881583094596863, 0.8812375664710999, 0.23725520074367523, 0.13880768418312073, -0.19690538942813873, 0.9705466032028198),
            ["UpperTorso"] = CFrame.new(-1.1621148132689996e-07, -8.940696716308594e-08, -2.514570951461792e-08, 0.9996523261070251, -0.02278994582593441, 0.013265036977827549, 0.023388512432575226, 0.9986271262168884, -0.04687003418803215, -0.012178661301732063, 0.04716400057077408, 0.9988129138946533),
            ["HumanoidRootPart"] = CFrame.new(0, 0, 0, 1, 0, 0, 0, 1, 0, 0, 0, 1),
            ["RightUpperLeg"] = CFrame.new(-1.1920928955078125e-07, -6.612390279769897e-08, -2.2184394765645266e-08, 0.6758739948272705, -0.19668032228946686, -0.7102895975112915, -0.20605160295963287, 0.8748801946640015, -0.43832358717918396, 0.7076277732849121, 0.4426078200340271, 0.5507824420928955),
            ["LeftUpperArm"] = CFrame.new(0.2363501787185669, -0.05789148807525635, -0.3364798426628113, 0.3939322531223297, 0.020293068140745163, -0.9189154505729675, 0.17105229198932648, 0.9806727170944214, 0.09498567879199982, 0.9030828475952148, -0.19460049271583557, 0.38284730911254883),
            ["RightLowerArm"] = CFrame.new(-5.066394805908203e-07, -2.384185791015625e-07, 4.023313522338867e-07, 1, -7.078052277620372e-08, 2.980232594040899e-08, 5.820768933517684e-08, 0.6099263429641724, -0.7924582362174988, 2.1420429874297042e-08, 0.792458176612854, 0.6099262237548828),
            ["LeftHand"] = CFrame.new(-1.1920928955078125e-07, 9.5367431640625e-07, 2.384185791015625e-07, 0.9487398862838745, -0.08507227897644043, -0.3043937087059021, 0.09131435304880142, 0.9958022236824036, 0.006302483845502138, 0.30257973074913025, -0.03377486392855644, 0.9525255560874939),
            ["LeftFoot"] = CFrame.new(1.6763806343078613e-08, -5.960464477539063e-08, 9.313225746154785e-09, 0.9970355033874512, -0.07641305774450302, -0.009017670527100563, 0.07693392038345337, 0.9882129430770874, 0.1323491334915161, -0.0012022253358736634, -0.13265076279640198, 0.991162121295929),
            ["LowerTorso"] = CFrame.new(0.04279416799545288, 0.01634073257446289, 0.06476542353630066, 0.991551399230957, 0.127272829413414, 0.02504979446530342, -0.1297144889831543, 0.9730612635612488, 0.1905936896800995, -0.00011758778418879956, -0.19223275780677795, 0.9813493490219116),
            ["RightLowerLeg"] = CFrame.new(-3.725290298461914e-08, -0.000004470348358154297, -0.000013297591067384928, 1, -1.266598843585598e-07, -7.450580596923828e-09, 1.1548401346317405e-07, 0.8436543941497803, 0.5368860960006714, 2.6077035641947077e-08, -0.5368866324424744, 0.8436548113822937),
            ["LeftUpperLeg"] = CFrame.new(-1.1920928955078125e-07, -5.532056093215942e-07, 1.7695128917694092e-08, 0.6527208089828491, -0.12027449160814285, 0.7479908466339111, 0.1651466339826584, 0.9861630797386169, 0.01445956714451313, -0.7393796443939209, 0.11409015953540802, 0.6635516285896301),
            ["LeftLowerLeg"] = CFrame.new(-7.450580596923828e-09, 0.0000040531158447265625, 0.000013329088687896729, 1, 1.1641531072470457e-09, -5.2852556109428406e-08, -2.7474019503870295e-08, 0.999984622001648, 0.005558617878705263, -3.4458938813486384e-08, -0.00555840041488409, 0.9999845623970032),
        }},
        {Time = 0.033, Data = {
            ["RightFoot"] = CFrame.new(0, 2.384185791015625e-07, 5.420588422566652e-09, 0.9889385104179382, -0.14828987419605255, -0.003298590425401926, 0.1406199336051941, 0.9444009065628052, -0.2972082197666168, 0.04718822240829468, 0.29345715045928955, 0.9548070430755615),
            ["LeftLowerArm"] = CFrame.new(-2.086162567138672e-07, -7.748603820800781e-07, 0.0000011026859283447266, 1, -7.450579886381092e-08, 7.450579886381092e-08, 6.705523247774181e-08, 0.6576026678085327, -0.7533649802207947, 7.450581307466564e-08, 0.7533649206161499, 0.6576027274131775),
            ["RightUpperArm"] = CFrame.new(-0.1920754313468933, -0.05858945846557617, -0.25691938400268555, 0.3079605996608734, -0.06521287560462952, 0.9491615295410156, -0.1462729424238205, 0.9825412034988403, 0.1149652898311615, -0.9400875568389893, -0.17424139380455017, 0.29304513335227966),
            ["Head"] = CFrame.new(9.499490261077881e-08, -0.0000010728836059570312, 1.0617077350616455e-07, 0.882236897945404, -0.19194073975086212, 0.42990338802337646, 0.03218132257461548, 0.9355719089508057, 0.3516668975353241, -0.4697047472000122, -0.2964186370372772, 0.8315728902816772),
            ["RightHand"] = CFrame.new(-7.450580596923828e-09, 5.960464477539062e-07, 8.940696716308594e-08, 0.8991037011146545, 0.4369024932384491, -0.02699616178870201, -0.41886335611343384, 0.8766158223152161, 0.2368505895137787, 0.12714584171772003, -0.20164552330970764, 0.9711709022521973),
            ["UpperTorso"] = CFrame.new(-1.1631345842033625e-07, 8.940696716308594e-08, 3.527384251356125e-08, 0.9997866749763489, -0.017319651320576668, 0.01125709805637598, 0.017834503203630447, 0.9987183213233948, -0.04736815392971039, -0.010422267951071262, 0.04755883663892746, 0.9988141059875488),
            ["HumanoidRootPart"] = CFrame.new(0, 0, 0, 1, 0, 0, 0, 1, 0, 0, 0, 1),
            ["RightUpperLeg"] = CFrame.new(-5.960464477539063e-08, 1.9744038581848145e-07, 1.5068508218973875e-08, 0.672802746295929, -0.2199569046497345, -0.7063677310943604, -0.21732531487941742, 0.8538971543312073, -0.4728948473930359, 0.7071818709373474, 0.4716765284538269, 0.5267020463943481),
            ["LeftUpperArm"] = CFrame.new(0.23635011911392212, -0.0578913688659668, -0.3364798426628113, 0.3985535502433777, 0.031581878662109375, -0.9166011214256287, 0.1849673092365265, 0.9761033058166504, 0.1140589714050293, 0.8982996344566345, -0.21499986946582794, 0.38318783044815063),
            ["RightLowerArm"] = CFrame.new(-4.470348358154297e-07, -2.980232238769531e-07, 5.066394805908203e-07, 1, -8.47503613954359e-08, 4.4703490686970326e-08, 7.12462124852209e-08, 0.6214322447776794, -0.7834679484367371, 7.450584149637507e-09, 0.7834680080413818, 0.6214322447776794),
            ["LeftHand"] = CFrame.new(-8.940696716308594e-08, 5.364418029785156e-07, -2.9802322387695312e-08, 0.9488975405693054, -0.0818646177649498, -0.3047815263271332, 0.09330659359693527, 0.995368480682373, 0.02314099110662937, 0.3014755845069885, -0.05039656534790993, 0.9521411657333374),
            ["LeftFoot"] = CFrame.new(-2.2351741790771484e-08, -1.7881393432617188e-07, -2.9802322387695312e-08, 0.9970576167106628, -0.07650057971477509, -0.004893577191978693, 0.07581222802400589, 0.9935110211372375, -0.08478454500436783, 0.011347943916916847, 0.08416374772787094, 0.9963873028755188),
            ["LowerTorso"] = CFrame.new(0.030491674318909645, -0.0193556547164917, 0.06475982069969177, 0.994081974029541, 0.10577934235334396, 0.024734769016504288, -0.10856054723262787, 0.9756284356117249, 0.19069288671016693, -0.00396057590842247, -0.1922495812177658, 0.9813380837440491),
            ["RightLowerLeg"] = CFrame.new(-7.450580596923828e-09, -0.0000034570693969726562, -0.0000133199428091757, 1, -1.266598843585598e-07, -8.940698847936801e-08, 1.4156103134155273e-07, 0.7851018309593201, 0.6193657517433167, -3.725290298461914e-08, -0.6193667650222778, 0.7851025462150574),
            ["LeftUpperLeg"] = CFrame.new(5.960464477539063e-08, -4.721805453300476e-07, 5.8673322200775146e-08, 0.6813625693321228, 0.035208236426115036, 0.7310987710952759, 0.14311371743679047, 0.97315514087677, -0.18024301528930664, -0.7178186774253845, 0.22744102776050568, 0.6580327749252319),
            ["LeftLowerLeg"] = CFrame.new(-2.60770320892334e-08, 0.000004172325134277344, 0.00001321546733379364, 1, 1.4901161193847656e-08, 9.313227522511625e-09, -3.539026138810186e-08, 0.9351446032524109, 0.354266494512558, 3.81842291119483e-08, -0.3542664051055908, 0.9351445436477661),
        }},
        {Time = 0.067, Data = {
            ["RightFoot"] = CFrame.new(1.257285475730896e-08, 2.980232238769531e-07, 1.985608832910657e-08, 0.9955289363861084, -0.0939992219209671, -0.009302808903157711, 0.088258296251297, 0.9607567191123962, -0.2629770040512085, 0.03365751728415489, 0.2609803378582001, 0.9647573232650757),
            ["LeftLowerArm"] = CFrame.new(2.9802322387695312e-08, -9.5367431640625e-07, 0.0000011622905731201172, 1, -8.195635814445268e-08, 2.9802311729554276e-08, 8.568168397005138e-08, 0.6625810265541077, -0.7489901781082153, 2.2351745343485163e-08, 0.7489902377128601, 0.662581205368042),
            ["RightUpperArm"] = CFrame.new(-0.1920754313468933, -0.05858945846557617, -0.25691935420036316, 0.3280360698699951, -0.0450686551630497, 0.9435895681381226, -0.1646893322467804, 0.9808366298675537, 0.10410141199827194, -0.9301988482475281, -0.18954814970493317, 0.3143273890018463),
            ["Head"] = CFrame.new(6.984919309616089e-08, -0.0000011920928955078125, 1.5832483768463135e-07, 0.8948174118995667, -0.17219188809394836, 0.41188809275627136, 0.02304087206721306, 0.9392048716545105, 0.34258347749710083, -0.4458373486995697, -0.29705947637557983, 0.8443841934204102),
            ["RightHand"] = CFrame.new(-6.705522537231445e-08, 7.152557373046875e-07, 5.960464477539063e-08, 0.8961012959480286, 0.4438475966453552, -0.0013280363054946065, -0.4306017756462097, 0.8700765371322632, 0.23989376425743103, 0.10763169825077057, -0.21439732611179352, 0.9707982540130615),
            ["UpperTorso"] = CFrame.new(-1.2510281521826982e-07, 2.9802322387695312e-08, 2.5960616767406464e-08, 0.9998073577880859, -0.016025478020310402, 0.011339554563164711, 0.01655982807278633, 0.9986757040023804, -0.048711586743593216, -0.010543905198574066, 0.048889998346567154, 0.9987485408782959),
            ["HumanoidRootPart"] = CFrame.new(0, 0, 0, 1, 0, 0, 0, 1, 0, 0, 0, 1),
            ["RightUpperLeg"] = CFrame.new(-8.940696716308594e-08, 5.4016709327697754e-08, 2.531305653974414e-08, 0.7680926322937012, -0.22740869224071503, -0.5985978245735168, -0.16648051142692566, 0.8317480683326721, -0.529603123664856, 0.6183186769485474, 0.5064390301704407, 0.601000189781189),
            ["LeftUpperArm"] = CFrame.new(0.23635011911392212, -0.05789148807525635, -0.3364797532558441, 0.4071962535381317, 0.02721223793923855, -0.9129353165626526, 0.19012047350406647, 0.9751352667808533, 0.11386563628911972, 0.8933339715003967, -0.21993333101272583, 0.39189770817756653),
            ["RightLowerArm"] = CFrame.new(-2.980232238769531e-07, -2.980232238769531e-07, 5.513429641723633e-07, 1, -9.12696123123169e-08, 2.980232594040899e-08, 8.381908145338457e-08, 0.6322242021560669, -0.774785578250885, 5.029144745094527e-08, 0.774785578250885, 0.6322241425514221),
            ["LeftHand"] = CFrame.new(5.960464477539063e-08, 3.5762786865234375e-07, 2.9802322387695312e-08, 0.9457284808158875, -0.08301924169063568, -0.3141745626926422, 0.09915726631879807, 0.9944308400154114, 0.03570941835641861, 0.30946025252342224, -0.06492401659488678, 0.9486935138702393),
            ["LeftFoot"] = CFrame.new(4.470348358154297e-08, 1.1920928955078125e-07, 2.9802322387695312e-08, 0.9820069670677185, -0.18883658945560455, -0.0017665759660303593, 0.18665869534015656, 0.9720168113708496, -0.142625093460083, 0.02864951640367508, 0.13972876965999603, 0.9897753000259399),
            ["LowerTorso"] = CFrame.new(0.015156201086938381, -0.026703238487243652, 0.06474265456199646, 0.996253252029419, 0.08274096250534058, 0.02516797184944153, -0.08603265881538391, 0.9778540730476379, 0.19078734517097473, -0.008824674412608147, -0.1922377496957779, 0.9813088178634644),
            ["RightLowerLeg"] = CFrame.new(4.470348358154297e-08, -0.000003635883331298828, -0.0000133199428091757, 1, -1.4156097449813387e-07, -1.862645149230957e-08, 1.341104365337742e-07, 0.7322088479995728, 0.6810795068740845, -1.0430811414607888e-07, -0.681080162525177, 0.7322094440460205),
            ["LeftUpperLeg"] = CFrame.new(0, -4.684552550315857e-07, 5.122274160385132e-08, 0.7826123237609863, 0.05333646759390831, 0.6202204823493958, 0.08496294170618057, 0.9778474569320679, -0.19129972159862518, -0.6166840195655823, 0.20240920782089233, 0.7607437968254089),
            ["LeftLowerLeg"] = CFrame.new(-3.3527612686157227e-08, 0.000003874301910400391, 0.000013314187526702881, 1, -7.450580596923828e-09, 9.685754776000977e-08, 6.05359673500061e-09, 0.9406095743179321, 0.33949029445648193, -8.381903171539307e-08, -0.33949020504951477, 0.9406096339225769),
        }},
        {Time = 0.100, Data = {
            ["RightFoot"] = CFrame.new(-4.44706529378891e-08, 1.7881393432617188e-07, -5.9306330513209105e-08, 0.998611330986023, 0.04943951219320297, 0.018200205639004707, -0.048066962510347366, 0.9964306950569153, -0.06939313560724258, -0.02156556397676468, 0.06842214614152908, 0.9974234104156494),
            ["LeftLowerArm"] = CFrame.new(-8.940696716308594e-08, -3.5762786865234375e-07, 0.0000011026859283447266, 1, -9.313222193441106e-08, -2.9802311729554276e-08, 7.078052277620372e-08, 0.6713903546333313, -0.7411038875579834, 7.823110337312755e-08, 0.741104006767273, 0.6713903546333313),
            ["RightUpperArm"] = CFrame.new(-0.19207549095153809, -0.05858874320983887, -0.25691938400268555, 0.3437802195549011, -0.02963748201727867, 0.9385823011398315, -0.18254582583904266, 0.978325605392456, 0.09775464236736298, -0.9211363196372986, -0.20494037866592407, 0.3309188187122345),
            ["Head"] = CFrame.new(6.007030606269836e-08, -5.960464477539062e-07, 9.941868484020233e-08, 0.9113399386405945, -0.14429037272930145, 0.3855384886264801, 0.00896445382386446, 0.9432920217514038, 0.3318431079387665, -0.4115571975708008, -0.2989656925201416, 0.8609530925750732),
            ["RightHand"] = CFrame.new(1.1175870895385742e-08, 5.364418029785156e-07, 2.980232238769531e-07, 0.8937385082244873, 0.4484117031097412, 0.012591974809765816, -0.4374485909938812, 0.8649839758872986, 0.2458484172821045, 0.09934936463832855, -0.22523249685764313, 0.969226598739624),
            ["UpperTorso"] = CFrame.new(-1.1669180821627378e-07, 2.9802322387695312e-08, -6.207847036421299e-08, 0.9997979998588562, -0.015067650936543941, 0.013309228233993053, 0.01572267897427082, 0.9985970258712769, -0.050565510988235474, -0.012528646737337112, 0.0507645457983017, 0.9986321330070496),
            ["HumanoidRootPart"] = CFrame.new(0, 0, 0, 1, 0, 0, 0, 1, 0, 0, 0, 1),
            ["RightUpperLeg"] = CFrame.new(-1.1920928955078125e-07, 1.7881393432617188e-07, -3.894820110872388e-08, 0.8366013169288635, -0.27376964688301086, -0.4744986593723297, -0.10525387525558472, 0.7697014212608337, -0.6296676397323608, 0.5376057624816895, 0.5767234563827515, 0.6151176691055298),
            ["LeftUpperArm"] = CFrame.new(0.23635005950927734, -0.05789077281951904, -0.33647987246513367, 0.4158349633216858, 0.02293650060892105, -0.9091508984565735, 0.19389896094799042, 0.9744603633880615, 0.1132713109254837, 0.8885294198989868, -0.22338560223579407, 0.4007672965526581),
            ["RightLowerArm"] = CFrame.new(-3.8743019104003906e-07, -7.152557373046875e-07, 2.384185791015625e-07, 1, -6.938354601970786e-08, 0, 6.522171247524966e-08, 0.6361846923828125, -0.7715369462966919, 3.7252920748187535e-09, 0.7715369462966919, 0.6361846327781677),
            ["LeftHand"] = CFrame.new(-4.470348358154297e-08, 2.980232238769531e-07, 2.980232238769531e-07, 0.9423091411590576, -0.0859842300415039, -0.32351237535476685, 0.10653862357139587, 0.9932283163070679, 0.04633640870451927, 0.31733739376068115, -0.07812968641519547, 0.9450887441635132),
            ["LeftFoot"] = CFrame.new(-1.4901161193847656e-08, -5.960464477539063e-08, -5.21540641784668e-08, 0.9911481738090515, -0.12671062350273132, -0.03962137922644615, 0.1244216337800026, 0.990664005279541, -0.05571487545967102, 0.046310752630233765, 0.050291500985622406, 0.9976602792739868),
            ["LowerTorso"] = CFrame.new(-0.0025039836764335632, -0.005055069923400879, 0.06471335887908936, 0.9983668327331543, 0.05203130841255188, 0.023587653413414955, -0.05559390410780907, 0.9799209833145142, 0.19147945940494537, -0.013151110149919987, -0.19247810542583466, 0.9812131524085999),
            ["RightLowerLeg"] = CFrame.new(-3.725290298461914e-08, -0.000003635883331298828, -0.000013200733519624919, 1, -1.8998980522155762e-07, -6.146731124090365e-08, 1.7508870087112882e-07, 0.6188264489173889, 0.785527229309082, -6.891789183782748e-08, -0.7855277061462402, 0.6188271045684814),
            ["LeftUpperLeg"] = CFrame.new(0, -1.862645149230957e-07, 1.5832483768463135e-08, 0.89144366979599, 0.2088146060705185, 0.40215057134628296, 0.014635195955634117, 0.8737599849700928, -0.4861370325088501, -0.4528951942920685, 0.43924927711486816, 0.7758516669273376),
            ["LeftLowerLeg"] = CFrame.new(7.450580596923828e-09, 0.000003874301910400391, 0.000013232231140136719, 1, 1.266598843585598e-07, 5.960465188081798e-08, -7.450581307466564e-08, 0.7186824679374695, 0.695338249206543, 7.450581307466564e-08, -0.6953383684158325, 0.718682587146759),
        }},
        {Time = 0.133, Data = {
            ["RightFoot"] = CFrame.new(1.0244548320770264e-08, 1.1920928955078125e-07, -7.653579814359546e-08, 0.9430858492851257, 0.2271202951669693, 0.2429109513759613, -0.29531392455101013, 0.9078271389007568, 0.2977239787578583, -0.1529017984867096, -0.35251420736312866, 0.9232305884361267),
            ["LeftLowerArm"] = CFrame.new(8.940696716308594e-08, -4.76837158203125e-07, 0.000001043081283569336, 1, -9.313224325069314e-08, -2.9802315282267955e-08, 7.450581307466564e-08, 0.6763253211975098, -0.7366031408309937, 1.1175872671742582e-08, 0.7366032004356384, 0.676325261592865),
            ["RightUpperArm"] = CFrame.new(-0.19207537174224854, -0.05858886241912842, -0.25691941380500793, 0.347821444272995, -0.026549655944108963, 0.9371848106384277, -0.1929059475660324, 0.9761849641799927, 0.09924852102994919, -0.9175007939338684, -0.2153092473745346, 0.3344164490699768),
            ["Head"] = CFrame.new(6.565824151039124e-08, -7.152557373046875e-07, 9.979703463613987e-08, 0.9324426054954529, -0.11008702218532562, 0.34413909912109375, -0.007586813531816006, 0.9462788701057434, 0.3232625722885132, -0.36123865842819214, -0.30403468012809753, 0.8815155029296875),
            ["RightHand"] = CFrame.new(-1.2759119272232056e-07, 8.940696716308594e-07, 2.9802322387695312e-08, 0.8927193284034729, 0.4506099224090576, 0.0016919823829084635, -0.43607309460639954, 0.8629615902900696, 0.2552209198474884, 0.11354483664035797, -0.2285783737897873, 0.9668813943862915),
            ["UpperTorso"] = CFrame.new(-1.210282789543271e-07, 5.960464477539063e-08, 1.0128132998943329e-08, 0.9998107552528381, -0.011001880280673504, 0.01604575291275978, 0.011841753497719765, 0.9985124468803406, -0.05322261527180672, -0.015436332672834396, 0.05340252444148064, 0.9984537959098816),
            ["HumanoidRootPart"] = CFrame.new(0, 0, 0, 1, 0, 0, 0, 1, 0, 0, 0, 1),
            ["RightUpperLeg"] = CFrame.new(-5.960464477539063e-08, -1.8952414393424988e-07, 2.0656443666666746e-08, 0.8218322992324829, -0.44639891386032104, -0.3540058135986328, 0.034639906138181686, 0.65935879945755, -0.7510299682617188, 0.5686755180358887, 0.6049578189849854, 0.5573455691337585),
            ["LeftUpperArm"] = CFrame.new(0.23635011911392212, -0.057891011238098145, -0.3364798426628113, 0.41756653785705566, 0.02547847293317318, -0.9082890748977661, 0.19334876537322998, 0.9742228388786316, 0.11621595919132233, 0.8878369927406311, -0.22414442896842957, 0.4018765687942505),
            ["RightLowerArm"] = CFrame.new(-5.066394805908203e-07, -1.7881393432617188e-07, 3.725290298461914e-07, 1, -9.400538658610458e-08, 2.980232594040899e-08, 1.0244554715654886e-07, 0.6300095915794373, -0.7765873670578003, -7.450585037815927e-09, 0.7765874266624451, 0.630009651184082),
            ["LeftHand"] = CFrame.new(-2.086162567138672e-07, 4.76837158203125e-07, -8.940696716308594e-08, 0.9434986710548401, -0.08689757436513901, -0.31978005170822144, 0.11150549352169037, 0.9919853210449219, 0.05942907556891441, 0.31205275654792786, -0.0917283222079277, 0.9456263184547424),
            ["LeftFoot"] = CFrame.new(-7.729977369308472e-08, 1.1920928955078125e-07, 1.4901161193847656e-08, 0.9694274663925171, -0.20313090085983276, -0.1376532018184662, 0.22506742179393768, 0.9595680236816406, 0.16903822124004364, 0.09775074571371078, -0.1948518455028534, 0.9759496450424194),
            ["LowerTorso"] = CFrame.new(-0.02157323621213436, 0.04713726043701172, 0.06467136740684509, 0.9996502995491028, 0.015141903422772884, 0.021679982542991638, -0.01902949996292591, 0.9811801314353943, 0.19215476512908936, -0.01836237870156765, -0.19250009953975677, 0.9811252355575562),
            ["RightLowerLeg"] = CFrame.new(0, -0.0000040531158447265625, -0.000013170931197237223, 1, -3.203749656677246e-07, -1.378358263082191e-07, 2.8312206268310547e-07, 0.531963586807251, 0.8467667698860168, -2.980232238769531e-07, -0.8467673063278198, 0.5319643020629883),
            ["LeftUpperLeg"] = CFrame.new(0, -3.1944364309310913e-07, 5.494803190231323e-08, 0.9830271601676941, 0.1825774759054184, 0.017974501475691795, -0.13491539657115936, 0.7858257293701172, -0.6035528779029846, -0.12431992590427399, 0.5908836722373962, 0.7971204519271851),
            ["LeftLowerLeg"] = CFrame.new(-5.960464477539063e-08, 0.000003933906555175781, 0.00001342780888080597, 1, 2.533196834519913e-07, 9.685756907629184e-08, -2.309679416612198e-07, 0.6471139192581177, 0.7623926401138306, 1.247971965767647e-07, -0.7623933553695679, 0.6471147537231445),
        }},
        {Time = 0.167, Data = {
            ["RightFoot"] = CFrame.new(-1.1548399925231934e-07, 5.364418029785156e-07, -5.790934665128589e-08, 0.7027294635772705, 0.6310248374938965, 0.3286028206348419, -0.657354474067688, 0.7525520920753479, -0.03936811909079552, -0.2721332013607025, -0.18834294378757477, 0.9436473846435547),
            ["LeftLowerArm"] = CFrame.new(8.940696716308594e-08, -2.384185791015625e-07, 0.0000011324882507324219, 1, -6.705521116145974e-08, 0, 5.0989918065624806e-08, 0.6733126044273376, -0.7393579483032227, 4.4703490686970326e-08, 0.7393578886985779, 0.6733126640319824),
            ["RightUpperArm"] = CFrame.new(-0.1920754313468933, -0.05858898162841797, -0.25691935420036316, 0.34144946932792664, -0.034952014684677124, 0.939250111579895, -0.19630812108516693, 0.974617063999176, 0.10763280093669891, -0.9191710948944092, -0.2211335301399231, 0.32592105865478516),
            ["Head"] = CFrame.new(6.51925802230835e-08, -9.5367431640625e-07, 1.1781230568885803e-07, 0.9891305565834045, -0.0023791359271854162, 0.14702093601226807, -0.04521985352039337, 0.9464907050132751, 0.3195475935935974, -0.1399141401052475, -0.32272252440452576, 0.9360952973365784),
            ["RightHand"] = CFrame.new(1.862645149230957e-09, 7.748603820800781e-07, 8.940696716308594e-08, 0.8922225832939148, 0.45060470700263977, -0.029907789081335068, -0.427621990442276, 0.8642931580543518, 0.26483339071273804, 0.1451842039823532, -0.22350110113620758, 0.9638302326202393),
            ["UpperTorso"] = CFrame.new(-1.1091469787061214e-07, 8.940696716308594e-08, -8.498318493366241e-09, 0.9998113512992859, -0.0035255674738436937, 0.019100215286016464, 0.004607362672686577, 0.9983696937561035, -0.05689329653978348, -0.018868491053581238, 0.056970588862895966, 0.998197615146637),
            ["HumanoidRootPart"] = CFrame.new(0, 0, 0, 1, 0, 0, 0, 1, 0, 0, 0, 1),
            ["RightUpperLeg"] = CFrame.new(-8.940696716308594e-08, -8.568167686462402e-08, -5.4780684877187014e-08, 0.7538794279098511, -0.21632958948612213, 0.6203770637512207, 0.47969576716423035, 0.8264523148536682, -0.2947348654270172, -0.4489521086215973, 0.5197867155075073, 0.7268176078796387),
            ["LeftUpperArm"] = CFrame.new(0.23635011911392212, -0.057891011238098145, -0.3364798128604889, 0.41599294543266296, 0.03223547711968422, -0.9087963700294495, 0.19068172574043274, 0.9740622639656067, 0.12183322012424469, 0.8891515135765076, -0.22397255897521973, 0.3990562856197357),
            ["RightLowerArm"] = CFrame.new(-3.5762786865234375e-07, -5.960464477539062e-07, 1.4901161193847656e-07, 1, -6.472692604120311e-08, 1.4901164746561335e-08, 1.1175878711355836e-07, 0.6164858341217041, -0.7873660326004028, 6.705527511030596e-08, 0.7873660326004028, 0.6164858341217041),
            ["LeftHand"] = CFrame.new(-4.470348358154297e-08, 8.344650268554688e-07, 0, 0.9479135274887085, -0.08747468143701553, -0.30628105998039246, 0.11739872395992279, 0.989804744720459, 0.08064810186624527, 0.2961038053035736, -0.11240437626838684, 0.9485187530517578),
            ["LeftFoot"] = CFrame.new(2.7008354663848877e-08, 0, -1.7695128917694092e-08, 0.9604072570800781, -0.22569020092487335, -0.1633463054895401, 0.2579350769519806, 0.9419012069702148, 0.21515528857707977, 0.10529775172472, -0.24876940250396729, 0.9628220200538635),
            ["LowerTorso"] = CFrame.new(-0.04183642566204071, 0.09527754783630371, 0.06461680680513382, 0.9993965029716492, -0.028649281710386276, 0.019648494198918343, 0.024339662864804268, 0.981014609336853, 0.1924009472131729, -0.02478761039674282, -0.1918066143989563, 0.981119692325592),
            ["RightLowerLeg"] = CFrame.new(7.450580596923828e-08, -0.000003814697265625, -0.0000133199428091757, 1, -4.7683710135970614e-07, -2.5331982556053845e-07, 3.2782557468635787e-07, 0.669786810874939, 0.7425525784492493, -2.048909948371147e-07, -0.7425535321235657, 0.6697878837585449),
            ["LeftUpperLeg"] = CFrame.new(0, -4.544854164123535e-07, -2.7939677238464355e-09, 0.8157969117164612, 0.0014584411401301622, -0.5783368349075317, -0.3290601968765259, 0.8235226273536682, -0.46209266781806946, 0.4755995571613312, 0.5672815442085266, 0.6723071336746216),
            ["LeftLowerLeg"] = CFrame.new(1.1920928955078125e-07, 0.000003933906555175781, 0.000013366341590881348, 1, -4.4703494239684005e-08, -6.705523247774181e-08, -1.0244548320770264e-08, 0.6829135417938232, 0.7304990887641907, -8.195638656616211e-08, -0.7304992079734802, 0.682913601398468),
        }},
        {Time = 0.200, Data = {
            ["RightFoot"] = CFrame.new(-2.9802322387695312e-08, 3.5762786865234375e-07, 1.20904587674886e-07, 0.7710283398628235, 0.6076431274414062, 0.19048777222633362, -0.6367993950843811, 0.7363688349723816, 0.2285754680633545, -0.0013767711352556944, -0.2975412607192993, 0.9547082185745239),
            ["LeftLowerArm"] = CFrame.new(-2.086162567138672e-07, -8.344650268554688e-07, 0.0000012516975402832031, 1, -6.705521116145974e-08, 2.9802318834981634e-08, 3.3527616238870905e-08, 0.664954662322998, -0.746883749961853, 5.587936158235607e-08, 0.7468836903572083, 0.6649547815322876),
            ["RightUpperArm"] = CFrame.new(-0.19207561016082764, -0.05858933925628662, -0.25691935420036316, 0.3286404609680176, -0.052986860275268555, 0.9429675936698914, -0.19634853303432465, 0.9727771878242493, 0.12309273332357407, -0.9238197207450867, -0.22560347616672516, 0.3092900216579437),
            ["Head"] = CFrame.new(4.190951585769653e-08, -0.0000010728836059570312, 1.816079020500183e-07, 0.981281578540802, 0.1271239072084427, -0.1446586400270462, -0.069549061357975, 0.9344041347503662, 0.3493594527244568, 0.17958155274391174, -0.3327590525150299, 0.9257548451423645),
            ["RightHand"] = CFrame.new(-9.033828973770142e-08, 7.152557373046875e-07, 1.9371509552001953e-07, 0.8919459581375122, 0.4463828206062317, -0.07193587720394135, -0.41382256150245667, 0.8700540065765381, 0.2678752541542053, 0.18216294050216675, -0.2091614007949829, 0.9607644081115723),
            ["UpperTorso"] = CFrame.new(-1.2852251529693604e-07, 8.940696716308594e-08, -2.8405338525772095e-08, 0.999675989151001, 0.010589548386633396, 0.023146381601691246, -0.009134959429502487, 0.9980300664901733, -0.06206947937607765, -0.023758072406053543, 0.06183794513344765, 0.9978034496307373),
            ["HumanoidRootPart"] = CFrame.new(0, 0, 0, 1, 0, 0, 0, 1, 0, 0, 0, 1),
            ["RightUpperLeg"] = CFrame.new(-5.960464477539063e-08, 1.4528632164001465e-07, -4.593312041833997e-08, 0.5129514932632446, -0.5965790152549744, 0.6172311902046204, 0.4586501717567444, 0.798267662525177, 0.39039546251296997, -0.725617527961731, 0.08283910155296326, 0.6830937266349792),
            ["LeftUpperArm"] = CFrame.new(0.23635005950927734, -0.057891011238098145, -0.3364797532558441, 0.4156881272792816, 0.036610186100006104, -0.9087702035903931, 0.18926724791526794, 0.9738331437110901, 0.1258055418729782, 0.8895962238311768, -0.2242962121963501, 0.3978816568851471),
            ["RightLowerArm"] = CFrame.new(-4.172325134277344e-07, -8.344650268554688e-07, 3.427267074584961e-07, 1, -5.215407838932151e-08, 5.960465898624534e-08, 1.4528640690514294e-07, 0.6008438467979431, -0.7993664145469666, 3.7252924300901213e-08, 0.7993664741516113, 0.6008439064025879),
            ["LeftHand"] = CFrame.new(0, 8.344650268554688e-07, -1.1920928955078125e-07, 0.9518768787384033, -0.09043742716312408, -0.2928335666656494, 0.12727490067481995, 0.9858317375183105, 0.10925674438476562, 0.2788037657737732, -0.14126935601234436, 0.9499008655548096),
            ["LeftFoot"] = CFrame.new(-1.862645149230957e-09, 5.960464477539063e-08, 1.1175870895385742e-07, 0.9888355135917664, -0.1356363296508789, -0.06170327961444855, 0.14041386544704437, 0.9867646098136902, 0.08111504465341568, 0.049884241074323654, -0.08887375891208649, 0.9947930574417114),
            ["LowerTorso"] = CFrame.new(-0.06497529149055481, 0.1148526668548584, 0.064540334045887, 0.9959897398948669, -0.08781955391168594, 0.017093995586037636, 0.08291047066450119, 0.9777863025665283, 0.19250978529453278, -0.03362039476633072, -0.19032052159309387, 0.9811461567878723),
            ["RightLowerLeg"] = CFrame.new(-9.685754776000977e-08, -0.000003933906555175781, -0.000013405624486040324, 1, -5.215408904746255e-08, 2.980233659855003e-08, 6.33299421792799e-08, 0.9999840259552002, 0.0056655919179320335, 2.980232594040899e-08, -0.005665096454322338, 0.9999840259552002),
            ["LeftUpperLeg"] = CFrame.new(-5.960464477539063e-08, -4.032626748085022e-07, 5.960464477539063e-08, 0.3931311368942261, -0.026597896590828896, -0.9190976619720459, -0.3408784568309784, 0.9241366982460022, -0.17254973948001862, 0.8539612889289856, 0.38113516569137573, 0.3542402982711792),
            ["LeftLowerLeg"] = CFrame.new(0, 0.000004172325134277344, 0.000013340264558792114, 1, 1.266598985694145e-07, 8.195643630415361e-08, -1.3411047916633834e-07, 0.7472398281097412, 0.664554238319397, 1.396984146140312e-07, -0.6645544767379761, 0.7472401261329651),
        }},
        {Time = 0.233, Data = {
            ["RightFoot"] = CFrame.new(-5.960464477539063e-08, 1.1920928955078125e-07, -2.0656443666666746e-08, 0.8248844742774963, 0.5039564967155457, 0.25611332058906555, -0.5652980208396912, 0.7369182109832764, 0.3706597685813904, -0.0019379376899451017, -0.45053255558013916, 0.8927582502365112),
            ["LeftLowerArm"] = CFrame.new(-1.1920928955078125e-07, -7.152557373046875e-07, 0.0000013560056686401367, 1, -3.7252888773764425e-08, 7.450579175838357e-08, 7.450581307466564e-08, 0.6551424860954285, -0.7555052042007446, 9.313226634333205e-09, 0.7555052638053894, 0.655142605304718),
            ["RightUpperArm"] = CFrame.new(-0.19207537174224854, -0.05858910083770752, -0.25691932439804077, 0.3156495690345764, -0.07349183410406113, 0.946025550365448, -0.19675001502037048, 0.970258891582489, 0.1410217583179474, -0.9282536506652832, -0.23064400255680084, 0.291802316904068),
            ["Head"] = CFrame.new(2.0489096641540527e-08, -0.0000010728836059570312, 7.450580596923828e-08, 0.912702739238739, 0.22569969296455383, -0.3406369388103485, -0.07437197864055634, 0.9114483594894409, 0.4046365022659302, 0.4017992913722992, -0.34397897124290466, 0.8486670851707458),
            ["RightHand"] = CFrame.new(-1.825392246246338e-07, 3.5762786865234375e-07, -7.450580596923828e-08, 0.8910757303237915, 0.43959957361221313, -0.1128549799323082, -0.3987594544887543, 0.8770607113838196, 0.26787224411964417, 0.21673725545406342, -0.19369252026081085, 0.9568219184875488),
            ["UpperTorso"] = CFrame.new(-1.0573421604931355e-07, -8.940696716308594e-08, -1.7695128917694092e-08, 0.9993087649345398, 0.02421058528125286, 0.028212299570441246, -0.022246360778808594, 0.9974392652511597, -0.06797049939632416, -0.029785655438899994, 0.0672958642244339, 0.9972884654998779),
            ["HumanoidRootPart"] = CFrame.new(0, 0, 0, 1, 0, 0, 0, 1, 0, 0, 0, 1),
            ["RightUpperLeg"] = CFrame.new(-1.4901161193847656e-07, -3.7066638469696045e-07, -6.968184607103467e-08, 0.5530081987380981, -0.6072117686271667, 0.5705050826072693, 0.4580129086971283, 0.7935454249382019, 0.4006364345550537, -0.6959928870201111, 0.03974330797791481, 0.7169480919837952),
            ["LeftUpperArm"] = CFrame.new(0.23635011911392212, -0.057890892028808594, -0.3364797532558441, 0.4145824909210205, 0.0400567501783371, -0.9091298580169678, 0.18762171268463135, 0.9738042950630188, 0.12846580147743225, 0.8904603123664856, -0.2238321155309677, 0.3962065577507019),
            ["RightLowerArm"] = CFrame.new(-1.4901161193847656e-07, -9.5367431640625e-07, 2.384185791015625e-07, 1, -4.4703490686970326e-08, -1.4901164746561335e-08, 7.450584149637507e-08, 0.5838425755500793, -0.8118669390678406, 2.235175244891252e-08, 0.8118669390678406, 0.5838425755500793),
            ["LeftHand"] = CFrame.new(-5.960464477539063e-08, 4.172325134277344e-07, 1.4901161193847656e-07, 0.9554088115692139, -0.09443999081850052, -0.279776930809021, 0.13742630183696747, 0.9808213710784912, 0.13821563124656677, 0.2613580524921417, -0.17050117254257202, 0.950063943862915),
            ["LeftFoot"] = CFrame.new(7.82310962677002e-08, 0, -1.0058283805847168e-07, 0.9885718822479248, -0.14657238125801086, -0.03524712473154068, 0.14432364702224731, 0.987734854221344, -0.05958685651421547, 0.04354853183031082, 0.053818479180336, 0.9976006746292114),
            ["LowerTorso"] = CFrame.new(-0.08877673745155334, 0.10372233390808105, 0.06445745378732681, 0.988645076751709, -0.14963804185390472, 0.013762091286480427, 0.14423546195030212, 0.970649778842926, 0.19244524836540222, -0.04215530306100845, -0.1882750689983368, 0.9812111854553223),
            ["RightLowerLeg"] = CFrame.new(4.470348358154297e-08, -0.0000037550926208496094, -0.0000134764050017111, 1, 0, 1.4901159417490817e-08, 1.0430811414607888e-07, 0.9999839067459106, 0.0056852432899177074, 0, -0.005684714764356613, 0.9999838471412659),
            ["LeftUpperLeg"] = CFrame.new(0, -0.0000010132789611816406, -1.862645149230957e-08, 0.3828706443309784, 0.09851182252168655, -0.9185343980789185, -0.35499393939971924, 0.9336438179016113, -0.04783882945775986, 0.852871298789978, 0.344390332698822, 0.3924359381198883),
            ["LeftLowerLeg"] = CFrame.new(3.725290298461914e-09, 0.000003874301910400391, 0.00001333281397819519, 1, 1.7136335372924805e-07, 1.4901166522918174e-08, -1.5459954738616943e-07, 0.8039212822914124, 0.5947355628013611, 7.450580596923828e-08, -0.594735860824585, 0.8039214611053467),
        }},
        {Time = 0.267, Data = {
            ["RightFoot"] = CFrame.new(-1.043081283569336e-07, 1.7881393432617188e-07, -8.77116690389812e-08, 0.9762685298919678, 0.16865193843841553, 0.13585561513900757, -0.21655526757240295, 0.7658677697181702, 0.6054335832595825, -0.0019397595897316933, -0.6204861402511597, 0.7842152714729309),
            ["LeftLowerArm"] = CFrame.new(-3.5762786865234375e-07, -0.0000010728836059570312, 0.0000011920928955078125, 1, -5.960462345910855e-08, 1.4901157641133977e-08, 3.3527616238870905e-08, 0.6372614502906799, -0.7706476449966431, 2.6077035641947077e-08, 0.7706477642059326, 0.6372615694999695),
            ["RightUpperArm"] = CFrame.new(-0.1920754313468933, -0.05858922004699707, -0.25691932439804077, 0.2970021367073059, -0.09602563083171844, 0.9500362277030945, -0.19084566831588745, 0.9688871502876282, 0.1575935035943985, -0.9356109499931335, -0.22811591625213623, 0.26943549513816833),
            ["Head"] = CFrame.new(1.3131648302078247e-07, -8.344650268554688e-07, 1.1734664440155029e-07, 0.8307147026062012, 0.30003926157951355, -0.4689238965511322, -0.05636338144540787, 0.8833318948745728, 0.46534714102745056, 0.553837776184082, -0.36014053225517273, 0.7507080435752869),
            ["RightHand"] = CFrame.new(-1.1548399925231934e-07, 9.5367431640625e-07, -8.940696716308594e-08, 0.8895957469940186, 0.43164896965026855, -0.14932753145694733, -0.38727396726608276, 0.8861621618270874, 0.25443193316459656, 0.24215370416641235, -0.16851094365119934, 0.9554924368858337),
            ["UpperTorso"] = CFrame.new(-8.486676961183548e-08, -2.9802322387695312e-08, -3.026798367500305e-08, 0.9988415241241455, 0.038466013967990875, 0.02891634777188301, -0.036286260932683945, 0.9967110753059387, -0.07246022671461105, -0.03160850331187248, 0.07132700830698013, 0.9969521164894104),
            ["HumanoidRootPart"] = CFrame.new(0, 0, 0, 1, 0, 0, 0, 1, 0, 0, 0, 1),
            ["RightUpperLeg"] = CFrame.new(-2.9802322387695312e-08, -4.055909812450409e-07, -9.611540008336306e-09, 0.7351875901222229, -0.6196821331977844, 0.27476075291633606, 0.5873109102249146, 0.784697949886322, 0.19827984273433685, -0.3384747803211212, 0.015596947632730007, 0.9408462643623352),
            ["LeftUpperArm"] = CFrame.new(0.23635011911392212, -0.057891130447387695, -0.3364798426628113, 0.4184941053390503, 0.03935646265745163, -0.9073664546012878, 0.19153690338134766, 0.9727665185928345, 0.13053348660469055, 0.8877929449081421, -0.22842161357402802, 0.39955878257751465),
            ["RightLowerArm"] = CFrame.new(-2.384185791015625e-07, -8.344650268554688e-07, 4.470348358154297e-08, 1, -6.332994928470725e-08, 1.4901164746561335e-08, 5.960468030252741e-08, 0.5788352489471436, -0.8154445290565491, 6.70552680048786e-08, 0.8154445886611938, 0.5788352489471436),
            ["LeftHand"] = CFrame.new(2.9802322387695312e-08, 5.960464477539062e-07, 0, 0.9577798843383789, -0.09748092293739319, -0.27047228813171387, 0.14746354520320892, 0.9741569757461548, 0.17109277844429016, 0.24680423736572266, -0.20375403761863708, 0.947402834892273),
            ["LeftFoot"] = CFrame.new(4.842877388000488e-08, -5.960464477539063e-08, -1.4528632164001465e-07, 0.9889712333679199, -0.14799679815769196, -0.005733080208301544, 0.1399296671152115, 0.9463472962379456, -0.2912847697734833, 0.04853459820151329, 0.28726962208747864, 0.9566192626953125),
