return {
    Fandangle = {
        [1] = {Time = 0.000, Data = {
            ["LeftFoot"] = CFrame.new(3.585591912269592e-08, -5.960464477539063e-08, -7.450580596923828e-09, 0.976244330406189, -0.20955128967761993, 0.05509303882718086, 0.2141357660293579, 0.894309401512146, -0.3928828537464142, 0.03305879235267639, 0.39534685015678406, 0.9179367423057556),
            ["LeftLowerArm"] = CFrame.new(0.0000010728836059570312, -4.76837158203125e-07, 0.000005125999450683594, 1, 7.4505797087454084e-09, -1.4901162614933128e-07, -6.70552182668871e-08, -0.049856990575790405, -0.998756468296051, -1.1920927533992653e-07, 0.9987564086914062, -0.04985690861940384),
            ["LowerTorso"] = CFrame.new(0.0127713643014431, -0.2798811197280884, 0.10900641977787018, 0.8965117931365967, -0.011459258385002613, -0.442871630191803, 0.0028327268082648516, 0.999793291091919, -0.020135222002863884, 0.44301074743270874, 0.016796929761767387, 0.8963590264320374),
            ["Head"] = CFrame.new(5.21540641784668e-08, -8.344650268554688e-07, -7.078051567077637e-08, 0.998056948184967, -0.0004266687319613993, -0.062306955456733704, -0.028240885585546494, 0.8882682919502258, -0.4584563374519348, 0.05554084852337837, 0.4593248963356018, 0.8865300416946411),
            ["RightUpperArm"] = CFrame.new(-0.024146080017089844, -0.14070570468902588, 0.0809912234544754, 0.7947942614555359, -0.5750532746315002, 0.1939491182565689, 0.5856117010116577, 0.6428590416908264, -0.4937519133090973, 0.15925151109695435, 0.5060097575187683, 0.8476985692977905),
            ["UpperTorso"] = CFrame.new(-4.6566128730773926e-09, -1.4901161193847656e-07, 7.2177499532699585e-09, 0.9764512777328491, -0.1462947577238083, 0.15855859220027924, 0.027777735143899918, 0.8140960931777954, 0.5800656080245972, -0.2139425128698349, -0.5620013475418091, 0.7989888191223145),
            ["HumanoidRootPart"] = CFrame.new(0, 0, 0, 1, 0, 0, 0, 1, 0, 0, 0, 1),
            ["RightHand"] = CFrame.new(-6.193295121192932e-08, 0.0000011920928955078125, -5.066394805908203e-07, 0.863365888595581, -0.3024793565273285, 0.40386298298835754, 0.27469369769096375, 0.9531546235084534, 0.12664829194545746, -0.423252671957016, 0.0015948005020618439, 0.9060105085372925),
            ["LeftUpperArm"] = CFrame.new(0.03265875577926636, -0.13859820365905762, 0.08129501342773438, 0.7137868404388428, 0.616150975227356, -0.33296680450439453, -0.6998745203018188, 0.6452762484550476, -0.306257963180542, 0.02615460380911827, 0.4516375958919525, 0.8918179273605347),
            ["RightLowerArm"] = CFrame.new(2.980232238769531e-07, 2.980232238769531e-07, -0.000003874301910400391, 1, -0.000008555593922210392, 0.000017535179722472094, 0.000018938622815767303, 0.2275698482990265, -0.9737617373466492, 0.0000043543996071093716, 0.9737617373466492, 0.22756986320018768),
            ["LeftHand"] = CFrame.new(-0.0000017285346984863281, -0.0000012516975402832031, 1.7881393432617188e-07, 0.8105759620666504, 0.40942850708961487, -0.4187294840812683, -0.47231325507164, 0.8797707557678223, -0.054073888808488846, 0.3462468683719635, 0.24160254001617432, 0.9064997434616089),
            ["RightUpperLeg"] = CFrame.new(0, -1.41095370054245e-07, 4.300818545743823e-08, 0.9059616327285767, -0.4046930968761444, -0.1243264377117157, 0.27101099491119385, 0.7799849510192871, -0.5640714168548584, 0.325248658657074, 0.47733309864997864, 0.8163126707077026),
            ["LeftUpperLeg"] = CFrame.new(0, -4.0780287235975266e-07, 7.450580596923828e-09, 0.7904388308525085, 0.5613831877708435, 0.24506156146526337, -0.42488202452659607, 0.7906708121299744, -0.4408118426799774, -0.441227525472641, 0.244312584400177, 0.8634985685348511),
            ["RightLowerLeg"] = CFrame.new(-1.9371509552001953e-07, -0.0007264614105224609, 0.000046031382225919515, 1, -1.1175872316471214e-07, -3.725290653733282e-08, 5.960463056453591e-08, 0.5436290502548218, 0.8393255472183228, 4.470347292340193e-08, -0.8393257260322571, 0.5436291694641113),
            ["RightFoot"] = CFrame.new(2.3096799850463867e-07, -5.960464477539063e-08, -2.8107024263590574e-08, 0.9465009570121765, 0.2670940160751343, 0.18109913170337677, -0.1807204633951187, 0.9036628007888794, -0.38824427127838135, -0.26735028624534607, 0.3347451686859131, 0.9035870432853699),
            ["LeftLowerLeg"] = CFrame.new(-7.450580596923828e-09, -0.0007262229919433594, 0.00008099526166915894, 1, 1.3038517820973539e-08, 1.341104365337742e-07, -9.12696123123169e-08, 0.5844990611076355, 0.8113946318626404, 1.1920928955078125e-07, -0.8113945126533508, 0.5844987630844116)
        }},
        [2] = {Time = 0.033, Data = {
            ["LeftFoot"] = CFrame.new(-2.514570951461792e-08, -5.960464477539063e-08, 3.725290298461914e-08, 0.9637770056724548, -0.26666495203971863, 0.004889266565442085, 0.24246320128440857, 0.8683757781982422, -0.4325912594795227, 0.11111093312501907, 0.41810691356658936, 0.9015768766403198),
            ["LeftLowerArm"] = CFrame.new(0.0000012516975402832031, 0, 0.00000476837158203125, 1, 1.4901162970204496e-08, -5.960465898624534e-08, -1.1920930376163597e-07, 0.1581534892320633, -0.9874145984649658, -2.980232594040899e-08, 0.9874146580696106, 0.1581534892320633),
            ["LowerTorso"] = CFrame.new(0.029234550893306732, -0.3347311019897461, 0.08803564310073853, 0.9050632119178772, -0.008297468535602093, -0.42519617080688477, 0.002839873544871807, 0.9999053478240967, -0.01346770953387022, 0.4252675771713257, 0.010981622152030468, 0.9050011038780212),
            ["Head"] = CFrame.new(1.4901161193847656e-08, -7.152557373046875e-07, 5.21540641784668e-08, 0.9993518590927124, 0.026811152696609497, -0.02402655780315399, -0.03513292968273163, 0.8719913363456726, -0.4882592260837555, 0.007859941571950912, 0.48878663778305054, 0.8723679184913635),
            ["RightUpperArm"] = CFrame.new(-0.01507478952407837, -0.17500066757202148, 0.07271982729434967, 0.6178772449493408, -0.7124037742614746, 0.3327291011810303, 0.7861481308937073, 0.5673284530639648, -0.2451726645231247, -0.014104894362390041, 0.4130610525608063, 0.9105942249298096),
            ["UpperTorso"] = CFrame.new(3.259629011154175e-09, 0, 1.210719347000122e-08, 0.984403133392334, -0.14389805495738983, 0.10121224075555801, 0.0705966129899025, 0.8500584959983826, 0.5219354033470154, -0.16114157438278198, -0.5066496729850769, 0.8469589352607727),
            ["HumanoidRootPart"] = CFrame.new(0, 0, 0, 1, 0, 0, 0, 1, 0, 0, 0, 1),
            ["RightHand"] = CFrame.new(2.980232238769531e-07, 0.0000011324882507324219, -6.705522537231445e-07, 0.9315898418426514, -0.35879650712013245, 0.05835534632205963, 0.31710943579673767, 0.8806145191192627, 0.3520791828632355, -0.17771358788013458, -0.3094885051250458, 0.9341493248939514),
            ["LeftUpperArm"] = CFrame.new(0.04262113571166992, -0.13468527793884277, 0.07813380658626556, 0.5959793329238892, 0.6629502177238464, -0.4531066119670868, -0.8025503158569336, 0.5106382966041565, -0.3084830641746521, 0.0268645491451025, 0.5474902391433716, 0.8363807201385498),
            ["RightLowerArm"] = CFrame.new(-1.1920928955078125e-07, 5.960464477539062e-07, -0.000003769993782043457, 1, -0.00000465474931843346, 0.000018838794858311303, 0.000018987804651260376, 0.015903908759355545, -0.9998735785484314, 0.000004384666681289673, 0.9998735785484314, 0.015903903171420097),
            ["LeftHand"] = CFrame.new(-0.0000014603137969970703, -0.0000014901161193847656, 3.5762786865234375e-07, 0.8240612745285034, 0.3167332112789154, -0.46968361735343933, -0.376361221075058, 0.9257724285125732, -0.036027584224939346, 0.42340928316116333, 0.2064596563577652, 0.8820993900299072),
            ["RightUpperLeg"] = CFrame.new(0, -3.674067556858063e-07, -1.845910446718335e-08, 0.9222913384437561, -0.38413920998573303, -0.04261278361082077, 0.28618791699409485, 0.7528655529022217, -0.5926971435546875, 0.25975990295410156, 0.5344442129135132, 0.8042973875999451),
            ["LeftUpperLeg"] = CFrame.new(0, -2.5401823222637177e-07, 1.862645149230957e-09, 0.7654107809066772, 0.6005630493164062, 0.2312367558479309, -0.4430553913116455, 0.7523680329322815, -0.4874878525733948, -0.46674230694770813, 0.27067768573760986, 0.8419531583786011),
            ["RightLowerLeg"] = CFrame.new(7.171183824539185e-08, -0.0007263422012329102, 0.00004603883280651644, 1, -1.4156104555240745e-07, 7.450583261459087e-09, 1.6391278734317893e-07, 0.41498374938964844, 0.9098287224769592, -8.940698137394065e-08, -0.9098289012908936, 0.4149838984012604),
            ["RightFoot"] = CFrame.new(1.4156103134155273e-07, -5.960464477539063e-08, 6.875052349641919e-08, 0.964728593826294, 0.2460319995880127, 0.09363295882940292, -0.1743614375591278, 0.8636789917945862, -0.4729236364364624, -0.19722336530685425, 0.4399169683456421, 0.8761141896247864),
            ["LeftLowerLeg"] = CFrame.new(-4.470348358154297e-08, -0.0007265210151672363, 0.00008098036050796509, 1, 2.6077035641947077e-08, 1.4156101713069802e-07, -4.842878098543224e-08, 0.5179993510246277, 0.8553810715675354, 6.705523247774181e-08, -0.8553810119628906, 0.5179993510246277)
        }},
        [3] = {Time = 0.067, Data = {
            ["LeftFoot"] = CFrame.new(-1.6763806343078613e-07, -5.960464477539063e-08, 1.4901161193847656e-08, 0.9359301328659058, -0.3426336944103241, -0.08146867156028748, 0.270241916179657, 0.847023069858551, -0.4577349126338959, 0.22584092617034912, 0.40639153122901917, 0.8853484392166138),
            ["LeftLowerArm"] = CFrame.new(0.0000012516975402832031, -4.172325134277344e-07, 0.000004902482032775879, 1, 1.0430811414607888e-07, -5.960463766996327e-08, -2.9802322387695312e-08, 0.43585485219955444, -0.9000170230865479, -1.341104507446289e-07, 0.9000170230865479, 0.43585488200187683),
            ["LowerTorso"] = CFrame.new(0.045935969799757004, -0.36899900436401367, 0.039899107068777084, 0.9138097763061523, -0.0012828921899199486, -0.40614065527915955, 0.0027338520158082247, 0.9999918341636658, 0.002992403693497181, 0.4061335325241089, -0.003844819264486432, 0.9138056635856628),
            ["Head"] = CFrame.new(-7.450580596923828e-08, -7.152557373046875e-07, -1.7136335372924805e-07, 0.9990630745887756, 0.03966087847948074, 0.01732562482357025, -0.026101255789399147, 0.8714519739151001, -0.48978593945503235, -0.0345236212015152, 0.48887479305267334, 0.8716705441474915),
            ["RightUpperArm"] = CFrame.new(-0.008844614028930664, -0.21091246604919434, 0.057420678436756134, 0.6120418906211853, -0.7295600175857544, 0.30520081520080566, 0.77751225233078, 0.6256366968154907, -0.06366436183452606, -0.144497811794281, 0.27626240253448486, 0.9501575827598572),
            ["UpperTorso"] = CFrame.new(2.3283064365386963e-09, -5.960464477539063e-08, 5.122274160385132e-09, 0.9897406697273254, -0.13643765449523926, 0.04240579903125763, 0.10490018874406815, 0.895435094833374, 0.4326568841934204, -0.09700243920087814, -0.4237697422504425, 0.9005609154701233),
            ["HumanoidRootPart"] = CFrame.new(0, 0, 0, 1, 0, 0, 0, 1, 0, 0, 0, 1),
            ["RightHand"] = CFrame.new(2.980232238769531e-07, 0.0000010132789611816406, -5.997717380523682e-07, 0.9476969242095947, -0.31038182973861694, -0.07438799738883972, 0.30481573939323425, 0.8110326528549194, 0.49931299686431885, -0.09464670717716217, -0.49587225914001465, 0.8632224202156067),
            ["LeftUpperArm"] = CFrame.new(0.05034637451171875, -0.14476752281188965, 0.06434085965156555, 0.4376733601093292, 0.6671770215034485, -0.6027581095695496, -0.8960317373275757, 0.3792824447154999, -0.23080652952194214, 0.07462675869464874, 0.6411080360412598, 0.7638134360313416),
            ["RightLowerArm"] = CFrame.new(6.854534149169922e-07, 1.1920928955078125e-07, -0.000003945082426071167, 1, -2.980232594040899e-08, 0.000019414355847402476, 0.000019028782844543457, -0.22336167097091675, -0.9747357368469238, 0.0000044461339712142944, 0.9747357368469238, -0.22336165606975555),
            ["LeftHand"] = CFrame.new(-0.0000015795230865478516, -0.0000010728836059570312, 5.960464477539063e-08, 0.8519904017448425, 0.24434393644332886, -0.46304211020469666, -0.32913872599601746, 0.937763512134552, -0.11075906455516815, 0.40716099739074707, 0.2467706799507141, 0.8793887495994568),
            ["RightUpperLeg"] = CFrame.new(2.9802322387695312e-08, -2.2852327674627304e-07, -3.5579432733356953e-09, 0.9319260120391846, -0.362338662147522, 0.014994376339018345, 0.30125728249549866, 0.7504836916923523, -0.5882333517074585, 0.20188654959201813, 0.5527070164680481, 0.8085522651672363),
            ["LeftUpperLeg"] = CFrame.new(-8.940696716308594e-08, -1.1612428352236748e-07, 2.6542693376541138e-08, 0.7201905846595764, 0.6394860744476318, 0.26904094219207764, -0.4521302580833435, 0.7267497777938843, -0.5171199440956116, -0.5262165069580078, 0.25078335404396057, 0.8125293254852295),
            ["RightLowerLeg"] = CFrame.new(-4.0978193283081055e-08, -0.0007264018058776855, 0.00004610216274159029, 1, -2.0116578980378108e-07, -5.960465898624534e-08, 1.192093321833454e-07, 0.33820870518684387, 0.9410711526870728, -7.450583439094771e-08, -0.941071093082428, 0.33820876479148865),
            ["RightFoot"] = CFrame.new(1.043081283569336e-07, -5.960464477539063e-08, 9.85528458841145e-08, 0.9740241169929504, 0.2262001484632492, 0.010523157194256783, -0.1846311092376709, 0.8202160000801086, -0.5414401292800903, -0.13110490143299103, 0.5254324674606323, 0.8406734466552734),
            ["LeftLowerLeg"] = CFrame.new(6.705522537231445e-08, -0.0007265806198120117, 0.00008100271224975586, 1, 1.4156104555240745e-07, 1.7881389169360773e-07, -1.1920931797249068e-07, 0.5062093734741211, 0.8624107241630554, 1.9371513815258368e-07, -0.8624106645584106, 0.5062091946601868)
        }},
        [4] = {Time = 0.100, Data = {
            ["LeftFoot"] = CFrame.new(5.4016709327697754e-08, -1.1920928955078125e-07, 2.2351741790771484e-08, 0.9050597548484802, -0.39681535959243774, -0.15298500657081604, 0.2860548496246338, 0.8342018127441406, -0.4714656472206116, 0.3147052526473999, 0.38294273614883423, 0.8685135245323181),
            ["LeftLowerArm"] = CFrame.new(0.0000013709068298339844, -7.152557373046875e-07, 0.0000044405460357666016, 1, 2.011657187495075e-07, -5.96046660916727e-08, -5.960465898624534e-08, 0.6462942957878113, -0.7630884051322937, -5.960465898624534e-08, 0.7630882859230042, 0.6462942957878113),
            ["LowerTorso"] = CFrame.new(0.05207327753305435, -0.3947674036026001, 0.01029348373413086, 0.9192503094673157, 0.005346270743757486, -0.39363744854927063, 0.002144909230992198, 0.9998248815536499, 0.01858827844262123, 0.393667995929718, -0.01793159730732441, 0.9190778136253357),
            ["Head"] = CFrame.new(-5.21540641784668e-08, -7.152557373046875e-07, -2.9802322387695312e-08, 0.9962607026100159, 0.05616679787635803, 0.06565045565366745, -0.017609111964702606, 0.875908374786377, -0.4821564257144928, -0.08458488434553146, 0.479197233915329, 0.8736218810081482),
            ["RightUpperArm"] = CFrame.new(-0.004979968070983887, -0.2298983335494995, 0.04519299790263176, 0.7157526016235352, -0.6488797068595886, 0.2581726312637329, 0.6687657833099365, 0.7433378100395203, 0.014199729077517986, -0.20112325251102448, 0.16249355673789978, 0.9659945368766785),
            ["UpperTorso"] = CFrame.new(-6.05359673500061e-09, 8.940696716308594e-08, -2.561137080192566e-09, 0.9914268851280212, -0.12944988906383514, -0.017758779227733612, 0.12736153602600098, 0.9270572662353516, 0.3526243269443512, -0.029183918610215187, -0.35186317563056946, 0.9355965256690979),
            ["HumanoidRootPart"] = CFrame.new(0, 0, 0, 1, 0, 0, 0, 1, 0, 0, 0, 1),
            ["RightHand"] = CFrame.new(9.685754776000977e-08, 0.0000010728836059570312, -8.67992639541626e-07, 0.9778963923454285, -0.20773746073246002, 0.023741092532873154, 0.1575840562582016, 0.8068697452545166, 0.5693226456642151, -0.13742592930793762, -0.5529976487159729, 0.8217713832855225),
            ["LeftUpperArm"] = CFrame.new(0.05513721704483032, -0.15183031558990479, 0.051462024450302124, 0.3378545343875885, 0.6595463156700134, -0.6714557409286499, -0.9336227774620056, 0.32517898082733154, -0.1503572016954422, 0.11917555332183838, 0.6776853203773499, 0.7256307005882263),
            ["RightLowerArm"] = CFrame.new(2.980232238769531e-07, 1.1920928955078125e-07, -0.000003933906555175781, 1, 0.0000030100338790362002, 0.000019237404558225535, 0.000018954278857563622, -0.3735007345676422, -0.9276298880577087, 0.0000043958430069324095, 0.9276298880577087, -0.3735007643699646),
            ["LeftHand"] = CFrame.new(-0.0000013113021850585938, -0.0000014901161193847656, -1.1990778148174286e-07, 0.8753156661987305, 0.14540806412696838, -0.46117088198661804, -0.2561366558074951, 0.9483534097671509, -0.18713660538196564, 0.41014212369918823, 0.2819264531135559, 0.867353081703186),
            ["RightUpperLeg"] = CFrame.new(1.1920928955078125e-07, -5.550682544708252e-07, -2.590968506410718e-08, 0.9388166666030884, -0.33843258023262024, 0.063926562666893, 0.3094986081123352, 0.7475427389144897, -0.5876995921134949, 0.15110880136489868, 0.5715271830558777, 0.8065497875213623),
            ["LeftUpperLeg"] = CFrame.new(-8.940696716308594e-08, -3.25031578540802e-07, 1.862645149230957e-08, 0.6794301867485046, 0.6694484949111938, 0.30035528540611267, -0.45100197196006775, 0.703917384147644, -0.5487238764762878, -0.5787675976753235, 0.23735865950584412, 0.7801852226257324),
            ["RightLowerLeg"] = CFrame.new(5.21540641784668e-08, -0.000726163387298584, 0.00004597922816174105, 1, -9.685752644372769e-08, -1.6391281576488836e-07, 1.043081283569336e-07, 0.2834374010562897, 0.9589906930923462, -1.6391277313232422e-07, -0.958990752696991, 0.2834378480911255),
            ["RightFoot"] = CFrame.new(9.685754776000977e-08, -1.7881393432617188e-07, -9.480572771281004e-09, 0.9772637486457825, 0.20390263199806213, -0.058131784200668335, -0.19912725687026978, 0.7884619832038879, -0.5819586515426636, -0.07282814383506775, 0.5803028345108032, 0.8111379742622375),
            ["LeftLowerLeg"] = CFrame.new(-1.043081283569336e-07, -0.0007263422012329102, 0.00008106976747512817, 1, 4.470347647611561e-08, -2.9802322387695312e-08, -1.3411046495548362e-07, 0.49605411291122437, 0.8682913780212402, -1.3038517820973539e-08, -0.8682915568351746, 0.4960545301437378)
        }},
        [5] = {Time = 0.133, Data = {
            ["LeftFoot"] = CFrame.new(2.421438694000244e-08, -1.1920928955078125e-07, 2.9802322387695312e-08, 0.8801090717315674, -0.42668893933296204, -0.20819443464279175, 0.28964173793792725, 0.8300039768218994, -0.476656049489975, 0.3761860132217407, 0.3592076301574707, 0.8540807962417603),
            ["LeftLowerArm"] = CFrame.new(0.0000011324882507324219, -1.1920928955078125e-07, 0.000004738569259643555, 1, 1.862645149230957e-07, 0, -1.1175870895385742e-07, 0.6988760232925415, -0.7152429223060608, -8.940696716308594e-08, 0.715242862701416, 0.698875904083252),
            ["LowerTorso"] = CFrame.new(0.04390472173690796, -0.4151296615600586, 0.008246012032032013, 0.9201071858406067, 0.008324479684233665, -0.3915783762931824, 0.00017607650079298764, 0.9997652769088745, 0.02166752517223358, 0.39166685938835144, -0.02000539004802704, 0.9198896288871765),
            ["Head"] = CFrame.new(2.2351741790771484e-08, -8.344650268554688e-07, -1.341104507446289e-07, 0.9911856651306152, 0.06380999833345413, 0.11610086262226105, 0.000618506281170994, 0.8741223216056824, -0.48570549488067627, -0.13247917592525482, 0.481496125459671, 0.8663780689239502),
            ["RightUpperArm"] = CFrame.new(-0.0023096799850463867, -0.2341691255569458, 0.041324883699417114, 0.8285959959030151, -0.5107438564300537, 0.22928078472614288, 0.5287075042724609, 0.8485575318336487, -0.02045285329222679, -0.18411175906658173, 0.13816970586776733, 0.9731454849243164),
            ["UpperTorso"] = CFrame.new(1.068110577762127e-08, -5.960464477539062e-07, -4.452886059880257e-09, 0.9897488355636597, -0.122063547372818, -0.07414759695529938, 0.13903659582138062, 0.9422023296356201, 0.30483385920524597, 0.03265291079878807, -0.31201812624931335, 0.9495149254798889),
            ["HumanoidRootPart"] = CFrame.new(0, 0, 0, 1, 0, 0, 0, 1, 0, 0, 0, 1),
            ["RightHand"] = CFrame.new(3.8405414670705795e-07, 0.0000010728836059570312, -8.363276720046997e-07, 0.9766198992729187, -0.09484744817018509, 0.19291824102401733, -0.035296905785799026, 0.8144776821136475, 0.5791199207305908, -0.21205595135688782, -0.5723896622657776, 0.7920876145362854),
            ["LeftUpperArm"] = CFrame.new(0.05793106555938721, -0.154618501663208, 0.04717785120010376, 0.2866347134113312, 0.7046882510185242, -0.6490416526794434, -0.9470517635345459, 0.31072819232940674, -0.080874964594841, 0.14468401670455933, 0.6378577351570129, 0.7564417719841003),
            ["RightLowerArm"] = CFrame.new(-1.1920928955078125e-07, 5.364418029785156e-07, -0.000003844499588012695, 1, 0.000004688044100475963, 0.000018978047592099756, 0.000018921562514151447, -0.4550997018814087, -0.8904405236244202, 0.0000043837349039677065, 0.8904404640197754, -0.4550997316837311),
            ["LeftHand"] = CFrame.new(-0.0000012516975402832031, -0.0000015497207641601562, 3.5762786865234375e-07, 0.8775147795677185, 0.08595508337020874, -0.4717828929424286, -0.21676792204380035, 0.9486572742462158, -0.2303495854139328, 0.427761048078537, 0.30440273880958557, 0.8510934710502625),
            ["RightUpperLeg"] = CFrame.new(0, -3.243330866098404e-07, -7.283233571797609e-09, 0.9411770105361938, -0.32085058093070984, 0.10602294653654099, 0.31840163469314575, 0.7369727492332458, -0.5962315201759338, 0.11316527426242828, 0.5949168801307678, 0.7957808971405029),
            ["LeftUpperLeg"] = CFrame.new(-2.9802322387695312e-08, -3.520399332046509e-07, 5.587935447692871e-09, 0.6452857851982117, 0.6922857761383057, 0.32302767038345337, -0.44398993253707886, 0.6839510798454285, -0.5788643956184387, -0.6216744780540466, 0.2301117479801178, 0.7487117648124695),
            ["RightLowerLeg"] = CFrame.new(-1.4901161193847656e-07, -0.0007263422012329102, 0.00004604628338711336, 1, -1.6391278734317893e-07, -8.940699558479537e-08, 1.341104507446289e-07, 0.2419498711824417, 0.9702887535095215, -1.9371509552001953e-07, -0.9702887535095215, 0.24195003509521484),
            ["RightFoot"] = CFrame.new(1.4156103134155273e-07, -5.960464477539063e-08, -1.673470251262188e-10, 0.9763285517692566, 0.1923018842935562, -0.09900841116905212, -0.21300053596496582, 0.7752561569213867, -0.5946498513221741, -0.03759550303220749, 0.6016626358032227, 0.7978652119636536),
            ["LeftLowerLeg"] = CFrame.new(1.043081283569336e-07, -0.0007266998291015625, 0.0000809795456007123, 1, 1.0430815677864302e-07, 1.4901164746561335e-08, -5.960465188081798e-08, 0.47656500339508057, 0.879139244556427, 1.1961675738803024e-07, -0.8791393637657166, 0.47656506299972534)
        }},
        [6] = {Time = 0.167, Data = {
            ["LeftFoot"] = CFrame.new(-5.587935447692871e-08, 0, 2.9802322387695312e-08, 0.8751016855239868, -0.4271796643733978, -0.2274089753627777, 0.2820866107940674, 0.8320920467376709, -0.47754544019699097, 0.3932231068611145, 0.3537520468235016, 0.8486670255661011),
            ["LeftLowerArm"] = CFrame.new(3.5762786865234375e-07, 0, 0.000004678964614868164, 1, 2.3841860752327193e-07, -1.4901162970204496e-08, -1.713633963618122e-07, 0.6121276617050171, -0.7907590866088867, -9.685756907629184e-08, 0.7907590270042419, 0.6121276021003723),
            ["LowerTorso"] = CFrame.new(0.026938335970044136, -0.4150691032409668, 0.010102026164531708, 0.9179648160934448, 0.007753805723041296, -0.39658600091934204, -0.004098314326256514, 0.9999409914016724, 0.010063997469842434, 0.3966405987739563, -0.007613058667629957, 0.9179424047470093),
            ["Head"] = CFrame.new(1.1175870895385742e-08, -7.152557373046875e-07, -5.4016709327697754e-08, 0.9820978045463562, 0.0668594017624855, 0.17610733211040497, 0.023553751409053802, 0.8839688897132874, -0.46695223450660706, -0.18689334392547607, 0.4627407491207123, 0.8665690422058105),
            ["RightUpperArm"] = CFrame.new(0.0001170039176940918, -0.2350454330444336, 0.04191775619983673, 0.8677237629890442, -0.40037834644317627, 0.2945382595062256, 0.4632786810398102, 0.8661668300628662, -0.1874242126941681, -0.18007861077785492, 0.29908570647239685, 0.9370803236961365),
            ["UpperTorso"] = CFrame.new(-2.3283064365386963e-10, -1.4901161193847656e-07, -3.259629011154175e-09, 0.9851346611976624, -0.110938161611557, -0.13115887343883514, 0.14299096167087555, 0.9526962041854858, 0.2681858241558075, 0.09520240873098373, -0.28295356035232544, 0.9543970823287964),
            ["HumanoidRootPart"] = CFrame.new(0, 0, 0, 1, 0, 0, 0, 1, 0, 0, 0, 1),
            ["RightHand"] = CFrame.new(3.166496753692627e-07, 0.0000011324882507324219, -8.717179298400879e-07, 0.9513444900512695, -0.06969796866178513, 0.3001427948474884, -0.08919767290353775, 0.8700810670852661, 0.48477086424827576, -0.29493656754493713, -0.487956166267395, 0.8215299844741821),
            ["LeftUpperArm"] = CFrame.new(0.05984991788864136, -0.16158878803253174, 0.047230809926986694, 0.3068973422050476, 0.7925136089324951, -0.527006983757019, -0.9400117993354797, 0.3390735685825348, -0.037507399916648865, 0.1489691138267517, 0.5069037675857544, 0.8490328788757324),
            ["RightLowerArm"] = CFrame.new(3.8743019104003906e-07, 3.5762786865234375e-07, -0.0000036656856536865234, 1, 0.000003316439688205719, 0.000019256027371739037, 0.000018978489606524818, -0.3890831768512726, -0.9212026000022888, 0.000004410743258631555, 0.9212026596069336, -0.38908320665359497),
            ["LeftHand"] = CFrame.new(-0.0000014007091522216797, -0.000001430511474609375, 1.1920928955078125e-07, 0.8427450060844421, 0.17002196609973907, -0.5107573866844177, -0.3387090861797333, 0.90493243932724, -0.25763073563575745, 0.41839826107025146, 0.3901151716709137, 0.8202154040336609),
            ["RightUpperLeg"] = CFrame.new(0, 1.280568540096283e-08, -3.708555595949292e-08, 0.9388211965560913, -0.31909626722335815, 0.12958477437496185, 0.33187901973724365, 0.7376459240913391, -0.5879924297332764, 0.09203861653804779, 0.5950260758399963, 0.7984188199043274),
            ["LeftUpperLeg"] = CFrame.new(5.960464477539063e-08, -7.35744833946228e-08, 1.862645149230957e-09, 0.6345878839492798, 0.6918683648109436, 0.34440693259239197, -0.43822553753852844, 0.6891907453536987, -0.5770401358604431, -0.636597752571106, 0.2152545303106308, 0.7405462265014648),
            ["RightLowerLeg"] = CFrame.new(-1.341104507446289e-07, -0.0007264614105224609, 0.00004610588803188875, 1, -1.0430814256778831e-07, -1.9371520920685725e-07, 1.7881389169360773e-07, 0.24251194298267365, 0.9701484441757202, -1.9371505288745539e-07, -0.9701484441757202, 0.24251222610473633),
            ["RightFoot"] = CFrame.new(2.384185791015625e-07, -5.960464477539063e-08, 2.1253072191029787e-08, 0.9743931293487549, 0.19564858078956604, -0.11081413179636002, -0.22306261956691742, 0.7790560126304626, -0.5859306454658508, -0.02830628678202629, 0.5956453680992126, 0.8027487993240356),
            ["LeftLowerLeg"] = CFrame.new(8.940696716308594e-08, -0.0007265806198120117, 0.0000809207558631897, 1, 8.940691031966708e-08, -7.450579886381092e-08, -1.1920927533992653e-07, 0.4731748402118683, 0.8809683322906494, -8.102505688611927e-08, -0.8809685111045837, 0.47317537665367126)
        }},
        [7] = {Time = 0.200, Data = {
            ["LeftFoot"] = CFrame.new(4.842877388000488e-08, -5.960464477539063e-08, 7.450580596923828e-08, 0.8747609853744507, -0.42012518644332886, -0.24142849445343018, 0.2747436761856079, 0.8404572606086731, -0.46706295013427734, 0.39913538098335266, 0.3422374427318573, 0.8506259918212891),
            ["LeftLowerArm"] = CFrame.new(0.0000012218952178955078, -2.980232238769531e-07, 0.000005125999450683594, 1, 1.3411046495548362e-07, -5.960465188081798e-08, -1.1920928955078125e-07, 0.46122485399246216, -0.8872833251953125, -1.043081283569336e-07, 0.8872833251953125, 0.461224764585495),
            ["LowerTorso"] = CFrame.new(0.0068700071424245834, -0.39753520488739014, 0.012779805809259415, 0.9139522910118103, 0.006443265359848738, -0.405770480632782, -0.009649254381656647, 0.9999363422393799, -0.005855781491845846, 0.40570688247680664, 0.009267290122807026, 0.9139562845230103),
            ["Head"] = CFrame.new(-4.842877388000488e-08, -0.0000010728836059570312, -3.5390257835388184e-08, 0.9729692339897156, 0.07496999204158783, 0.21842730045318604, 0.02688336744904518, 0.9026384949684143, -0.4295595586299896, -0.2293647974729538, 0.42382001876831055, 0.8762237429618835),
            ["RightUpperArm"] = CFrame.new(0.0036826729774475098, -0.2346482276916504, 0.050556108355522156, 0.8454487323760986, -0.354028582572937, 0.39985018968582153, 0.4893803596496582, 0.8133402466773987, -0.3146183490753174, -0.2138301581144333, 0.461672306060791, 0.860892117023468),
            ["UpperTorso"] = CFrame.new(1.3969838619232178e-09, -2.9802322387695312e-08, 1.8044374883174896e-09, 0.978233814239502, -0.10067424923181534, -0.18144787847995758, 0.1450103521347046, 0.9571331739425659, 0.2507353127002716, 0.14842720329761505, -0.2715896666049957, 0.9508988261222839),
            ["HumanoidRootPart"] = CFrame.new(0, 0, 0, 1, 0, 0, 0, 1, 0, 0, 0, 1),
            ["RightHand"] = CFrame.new(5.066394805908203e-07, 0.0000011324882507324219, -8.940696716308594e-07, 0.9396214485168457, -0.125774547457695, 0.3182644546031952, 0.022304357960820198, 0.9505420923233032, 0.3097936511039734, -0.3414883315563202, -0.2839902639389038, 0.8959552645683289),
            ["LeftUpperArm"] = CFrame.new(0.0628347396850586, -0.16889846324920654, 0.0557880699634552, 0.417417049407959, 0.8431581258773804, -0.33889126777648926, -0.9060296416282654, 0.41480886936187744, -0.08392906934022903, 0.0698094293475151, 0.34207883477211, 0.937074601650238),
            ["RightLowerArm"] = CFrame.new(0.0000010132789611816406, 9.5367431640625e-07, -0.000003959983587265015, 1, 0.0000010421500746815582, 0.0000194273980014259, 0.0000189770962606417, -0.27890726923942566, -0.9603180885314941, 0.0000043939803617831785, 0.9603181481361389, -0.27890723943710327),
            ["LeftHand"] = CFrame.new(-0.0000016093254089355469, -0.0000012516975402832031, 2.384185791015625e-07, 0.7657239437103271, 0.17586065828800201, -0.6186593174934387, -0.4177697002887726, 0.8673426508903503, -0.2705278992652893, 0.48901474475860596, 0.46560680866241455, 0.7376146912574768),
            ["RightUpperLeg"] = CFrame.new(8.940696716308594e-08, -2.3422762751579285e-07, -1.688749762251973e-08, 0.931969940662384, -0.3415531516075134, 0.12154600024223328, 0.3469606041908264, 0.7430956959724426, -0.5722125768661499, 0.10512077063322067, 0.5754565596580505, 0.8110483288764954),
            ["LeftUpperLeg"] = CFrame.new(-5.960464477539063e-08, -2.7462374418973923e-07, 2.578599378466606e-08, 0.6266952157020569, 0.6791934370994568, 0.3820331394672394, -0.4301771819591522, 0.7103090882301331, -0.5571433305740356, -0.6497697234153748, 0.1848171502351761, 0.7373208999633789),
            ["RightLowerLeg"] = CFrame.new(-1.4901161193847656e-08, -0.0007262229919433594, 0.00004594942583935335, 1, -2.8684752351182397e-07, -2.384186643666908e-07, 2.682208730675484e-07, 0.2831675410270691, 0.9590705037117004, -2.682208730675484e-07, -0.9590705633163452, 0.28316745162010193),
            ["RightFoot"] = CFrame.new(4.470348358154297e-08, -5.960464477539063e-08, -3.55576048605144e-08, 0.9724909663200378, 0.21780723333358765, -0.08259198814630508, -0.22599227726459503, 0.7962295413017273, -0.5612008571624756, -0.05647160857915878, 0.5644277930259705, 0.8235486149787903),
            ["LeftLowerLeg"] = CFrame.new(-4.470348358154297e-08, -0.0007264614105224609, 0.00008102506399154663, 1, -2.980232949312267e-08, 1.4901161193847656e-08, -1.4901161193847656e-08, 0.49764853715896606, 0.8673789501190186, 0, -0.8673787713050842, 0.49764835834503174)
        }},
        [8] = {Time = 0.233, Data = {
            ["LeftFoot"] = CFrame.new(5.587935447692871e-09, -5.960464477539063e-08, -8.195638656616211e-08, 0.8980931639671326, -0.3858735263347626, -0.2110222429037094, 0.26202401518821716, 0.8548063039779663, -0.44793954491615295, 0.35323116183280945, 0.3469984829425812, 0.8688036203384399),
            ["LeftLowerArm"] = CFrame.new(0.000001430511474609375, -1.7881393432617188e-07, 0.00000476837158203125, 1, 5.960464477539063e-08, -7.450580596923828e-08, -2.9802322387695312e-08, 0.30500638484954834, -0.952350378036499, -3.725290298461914e-08, 0.9523503184318542, 0.3050062954425812),
            ["LowerTorso"] = CFrame.new(-0.011481452733278275, -0.3557717800140381, 0.01625855267047882, 0.9072822332382202, 0.00523152481764555, -0.4204898774623871, -0.016280364245176315, 0.9996100068092346, -0.0226911511272192, 0.4202072024345398, 0.027433006092905998, 0.907013475894928),
            ["Head"] = CFrame.new(-1.4901161193847656e-08, -2.384185791015625e-07, -9.313225746154785e-09, 0.9647148847579956, 0.08476148545742035, 0.24928082525730133, 0.02174641191959381, 0.9178807139396667, -0.3962603509426117, -0.26239755749702454, 0.3876989483833313, 0.8836497068405151),
            ["RightUpperArm"] = CFrame.new(0.008145511150360107, -0.23481762409210205, 0.06837159395217896, 0.7979916930198669, -0.349472314119339, 0.4909976124763489, 0.5645762085914612, 0.7185381054878235, -0.406148761510849, -0.2108626514673233, 0.6013087630271912, 0.7706908583641052),
            ["UpperTorso"] = CFrame.new(1.0244548320770264e-08, -1.1920928955078125e-07, 1.0244548320770264e-08, 0.9756432771682739, -0.09744255244731903, -0.19653336703777313, 0.14718881249427795, 0.9550994634628296, 0.25713911652565, 0.16265274584293365, -0.2798035144805908, 0.9461787939071655),
            ["HumanoidRootPart"] = CFrame.new(0, 0, 0, 1, 0, 0, 0, 1, 0, 0, 0, 1),
            ["RightHand"] = CFrame.new(2.9802322387695312e-08, 0.0000011920928955078125, -7.748603820800781e-07, 0.91759192943573, -0.2568407952785492, 0.303410142660141, 0.218653604388237, 0.9635157585144043, 0.15436376631259918, -0.3319877088069916, -0.07530130445957184, 0.9402734637260437),
            ["LeftUpperArm"] = CFrame.new(0.06690782308578491, -0.17484533786773682, 0.07414913177490234, 0.4130702614784241, 0.8843499422073364, -0.21748186647891998, -0.9106724858283997, 0.40293359756469727, -0.09121426939964294, 0.006965303793549538, 0.23573248088359833, 0.971792995929718),
            ["RightLowerArm"] = CFrame.new(6.854534149169922e-07, 3.5762786865234375e-07, -0.000003889203071594238, 1, -0.000001013278847494803, 0.000019446020814939402, 0.000018976626961375587, -0.1747630089521408, -0.9846105575561523, 0.000004369765065348474, 0.9846106171607971, -0.174763023853302),
            ["LeftHand"] = CFrame.new(-0.0000011920928955078125, -0.0000011920928955078125, 1.1641532182693481e-07, 0.7443464398384094, 0.16032956540584564, -0.6482610106468201, -0.3858296871185303, 0.8955804705619812, -0.22152002155780792, 0.5450539588928223, 0.4150061309337616, 0.7284824252128601),
            ["RightUpperLeg"] = CFrame.new(5.960464477539063e-08, -6.030313670635223e-08, 2.438173396512866e-08, 0.9243109822273254, -0.3711968660354614, 0.08866837620735168, 0.35711827874183655, 0.7593141794204712, -0.5439750552177429, 0.13459473848342896, 0.5344669818878174, 0.8344034552574158),
            ["LeftUpperLeg"] = CFrame.new(-5.960464477539063e-08, 8.777715265750885e-08, -2.60770320892334e-08, 0.6479120850563049, 0.6389071941375732, 0.4147380292415619, -0.4212776720523834, 0.7541905641555786, -0.5037081241607666, -0.6346141695976257, 0.1516386717557907, 0.7578064799308777),
            ["RightLowerLeg"] = CFrame.new(6.705522537231445e-08, -0.0007263422012329102, 0.000045934524678159505, 1, -8.195641498787154e-08, -1.3411050758804777e-07, 1.1920928955078125e-07, 0.3708437383174896, 0.9286952018737793, -1.341104507446289e-07, -0.9286953806877136, 0.3708440065383911),
            ["RightFoot"] = CFrame.new(1.7136335372924805e-07, 0, -2.0656443666666746e-08, 0.9694921374320984, 0.2430369108915329, -0.031909793615341187, -0.2242984175682068, 0.8270724415779114, -0.5154041051864624, -0.09887073934078217, 0.5068376064300537, 0.8563529849052429),
            ["LeftLowerLeg"] = CFrame.new(-1.7881393432617188e-07, -0.0007266998291015625, 0.00008095800876617432, 1, 5.960465188081798e-08, 1.4901159417490817e-08, -1.341104365337742e-07, 0.5518506169319153, 0.8339430093765259, 5.215405707303944e-08, -0.8339431285858154, 0.5518506169319153)
        }},
        [9] = {Time = 0.267, Data = {
            ["LeftFoot"] = CFrame.new(8.568167686462402e-08, -1.1920928955078125e-07, 4.470348358154297e-08, 0.9200246334075928, -0.3512330949306488, -0.1737525761127472, 0.24827802181243896, 0.8655295372009277, -0.43499046564102173, 0.3031710982322693, 0.3570629954338074, 0.8835119605064392),
            ["LeftLowerArm"] = CFrame.new(0.0000013709068298339844, -7.152557373046875e-07, 0.000004589557647705078, 1, 4.470347647611561e-08, -1.341104507446289e-07, -2.9802322387695312e-08, 0.17776308953762054, -0.9840733408927917, -4.470348358154297e-08, 0.984073281288147, 0.177762970328331),
            ["LowerTorso"] = CFrame.new(-0.024873856455087662, -0.32513344287872314, 0.02011747658252716, 0.8997870087623596, 0.004371117800474167, -0.43630746006965637, -0.02347142994403839, 0.9989869594573975, -0.03839631751179695, 0.4356975853443146, 0.04478926584124565, 0.898978054523468),
            ["Head"] = CFrame.new(1.1175870895385742e-08, -3.5762786865234375e-07, -3.725290298461914e-09, 0.9750438332557678, 0.06423036009073257, 0.21251830458641052, 0.01849503442645073, 0.9304084181785583, -0.36605751514434814, -0.22124086320400238, 0.3608526289463043, 0.9060009717941284),
            ["RightUpperArm"] = CFrame.new(0.0052384138107299805, -0.22721028327941895, 0.08992642164230347, 0.7737619280815125, -0.37106043100357056, 0.5134264230728149, 0.6155876517295837, 0.6316834092140198, -0.4711981415748596, -0.14948005974292755, 0.6806542873382568, 0.7171928286552429),
            ["UpperTorso"] = CFrame.new(-1.862645149230957e-09, 2.384185791015625e-07, -4.6566128730773926e-09, 0.9863267540931702, -0.09648967534303665, -0.13360100984573364, 0.1306021511554718, 0.9520759582519531, 0.27657657861709595, 0.10051152855157852, -0.29024335741996765, 0.9516597390174866),
            ["HumanoidRootPart"] = CFrame.new(0, 0, 0, 1, 0, 0, 0, 1, 0, 0, 0, 1),
            ["RightHand"] = CFrame.new(5.103647708892822e-07, 0.0000010728836059570312, -8.195638656616211e-07, 0.8651474118232727, -0.37603145837783813, 0.3318433463573456, 0.38628116250038147, 0.9216275811195374, 0.037279412150382996, -0.3198544383049011, 0.095932736992836, 0.9425976276397705),
            ["LeftUpperArm"] = CFrame.new(0.06288981437683105, -0.18780839443206787, 0.09445586800575256, 0.4226885735988617, 0.8904438614845276, -0.16865435242652893, -0.904564380645752, 0.40309208631515503, -0.13885264098644257, -0.05565721169114113, 0.2112501561641693, 0.9758461713790894),
            ["RightLowerArm"] = CFrame.new(5.066394805908203e-07, 4.76837158203125e-07, -0.000004153698682785034, 1, -0.000002659857500475482, 0.000019349163267179392, 0.00001894496745080687, -0.0891624465584755, -0.9960171580314636, 0.000004377217010187451, 0.9960171580314636, -0.08916252106428146),
            ["LeftHand"] = CFrame.new(-0.0000016987323760986328, -0.0000011920928955078125, 3.46451997756958e-07, 0.7587738633155823, 0.10464000701904297, -0.6428934931755066, -0.29053691029548645, 0.9377551078796387, -0.19027262926101685, 0.5829669237136841, 0.3311583697795868, 0.7419462203979492),
            ["RightUpperLeg"] = CFrame.new(-2.9802322387695312e-08, 7.182825356721878e-08, -2.7772330213338137e-08, 0.9143611192703247, -0.40180858969688416, 0.04993816092610359, 0.3662053048610687, 0.7680492401123047, -0.5253516435623169, 0.1727357804775238, 0.49864840507507324, 0.8494185209274292),
