return {
    ["Fantasy Showoff"] = {
        {Time = 0.000, Data = {
            ["RightFoot"] = CFrame.new(2.1513551473617554e-07, 5.960464477539063e-08, -1.3205863069742918e-08, 0.999231219291687, -0.036615513265132904, -0.014015594497323036, 0.025899620726704597, 0.8848488926887512, -0.46515795588493347, 0.02943362668156624, 0.4644370675086975, 0.8851168155670166),
            ["LeftLowerArm"] = CFrame.new(0.0000014603137969970703, -5.960464477539063e-08, 0.000005343928933143616, 1, 5.02914261346632e-08, -7.520431921648196e-08, -5.634500865880909e-08, 0.12119929492473602, -0.992628276348114, -4.8428766774577525e-08, 0.9926282167434692, 0.12119922786951065),
            ["RightUpperArm"] = CFrame.new(0.012958347797393799, -0.04929506778717041, 0.0036898329854011536, 0.32076385617256165, -0.942710816860199, -0.0916893407702446, 0.08601217716932297, 0.12539659440517426, -0.9883711934089661, 0.9432457089424133, 0.30914726853370667, 0.12130720913410187),
            ["Head"] = CFrame.new(-7.450580596923828e-09, -7.152557373046875e-07, -9.313225746154785e-09, 0.9291797280311584, -0.02578723430633545, 0.36872777342796326, 0.0009123376221396029, 0.9977204203605652, 0.06747714430093765, -0.36962711811065674, -0.062362030148506165, 0.9270851016044617),
            ["RightHand"] = CFrame.new(3.2782554626464844e-07, 0.0000011324882507324219, -7.450580596923828e-07, 0.025564756244421005, 0.1607716679573059, -0.9866605401039124, -0.11187580227851868, 0.9812431335449219, 0.15699030458927155, 0.9933933615684509, 0.10637003183364868, 0.04307170584797859),
            ["UpperTorso"] = CFrame.new(-2.7939677238464355e-09, -1.1920928955078125e-07, -1.525040715932846e-08, 0.9895194172859192, 0.03778485581278801, -0.13936886191368103, -0.036298852413892746, 0.9992539882659912, 0.013189795427024364, 0.13976314663887024, -0.00799263920634985, 0.9901526570320129),
            ["HumanoidRootPart"] = CFrame.new(0, 0, 0, 1, 0, 0, 0, 1, 0, 0, 0, 1),
            ["RightUpperLeg"] = CFrame.new(2.9802322387695312e-08, -1.2852251529693604e-07, -2.9576767701655626e-08, 0.9962816834449768, -0.006295118015259504, -0.08592507243156433, -0.03133450821042061, 0.902551531791687, -0.42944028973579407, 0.08025509864091873, 0.4305358827114105, 0.8989983201026917),
            ["LeftUpperArm"] = CFrame.new(0.07922554016113281, 0.04934835433959961, 0.004488930106163025, 0.08213160187005997, 0.9876276254653931, -0.13358910381793976, 0.0546964630484581, -0.1383068710565567, -0.9888779520988464, -0.9951195120811462, 0.07391127198934555, -0.0653790533542633),
            ["RightLowerArm"] = CFrame.new(1.1920928955078125e-07, 5.364418029785156e-07, -0.000004157423973083496, 1, -0.000001764855824148981, 0.00001939991670951713, 0.000019000843167304993, -0.13602986931800842, -0.9907047748565674, 0.000004395842552185059, 0.9907047748565674, -0.13602983951568604),
            ["LeftHand"] = CFrame.new(-0.000001341104507446289, -0.0000012516975402832031, 3.3527612686157227e-07, 0.16501089930534363, -0.1534958928823471, 0.9742742776870728, 0.16826748847961426, 0.9777147173881531, 0.12553901970386505, -0.9718320369720459, 0.14322350919246674, 0.18716217577457428),
            ["LeftFoot"] = CFrame.new(-1.626904122531414e-08, 0, -2.9802322387695312e-08, 0.9960829615592957, 0.003518892452120781, -0.08835435658693314, -0.04358962923288345, 0.8889045715332031, -0.4560142755508423, 0.07693406194448471, 0.4580789804458618, 0.8855758905410767),
            ["LowerTorso"] = CFrame.new(-0.023427199572324753, -0.18556487560272217, 0.14217086136341095, 0.9470438957214355, 0.00861113891005516, -0.32098862528800964, -0.00922664999961853, 0.9999573826789856, -0.0003964967036154121, 0.3209715485572815, 0.0033371488098055124, 0.9470829963684082),
            ["RightLowerLeg"] = CFrame.new(-3.725290298461914e-08, -0.0007265210151672363, 0.000046050008677411824, 1, 1.4156105976326216e-07, 2.9802322387695312e-08, -5.960464477539063e-08, 0.5987659096717834, 0.8009240627288818, 1.4528632164001465e-07, -0.8009241223335266, 0.5987659096717834),
            ["LeftUpperLeg"] = CFrame.new(0, 8.825736586004496e-09, -8.905772119760513e-09, 0.9863670468330383, 0.0613495409488678, 0.1526969075202942, 0.007811189629137516, 0.9094074368476868, -0.4158329963684082, -0.16437506675720215, 0.41135677695274353, 0.8965303301811218),
            ["LeftLowerLeg"] = CFrame.new(4.877801984548569e-08, -0.0007265806198120117, 0.00008100271224975586, 1, 7.532074164373626e-08, 2.3981552743634893e-08, -6.32135197520256e-08, 0.6022451519966125, 0.7983115315437317, 5.948822945356369e-08, -0.7983112931251526, 0.6022446751594543),
        }},
        {Time = 0.033, Data = {
            ["RightFoot"] = CFrame.new(1.8719583749771118e-07, 0, 4.639878170564771e-08, 0.9992039799690247, -0.03692331165075302, -0.015103332698345184, 0.02538176439702511, 0.880499541759491, -0.4733671545982361, 0.03077670745551586, 0.47260698676109314, 0.8807356953620911),
            ["LeftLowerArm"] = CFrame.new(0.0000012814998626708984, -7.152557373046875e-07, 0.000004612840712070465, 1, 5.4016709327697754e-08, -7.51524780184809e-08, -5.8207668018894765e-08, 0.14769159257411957, -0.9890335202217102, -6.146729703004894e-08, 0.9890335202217102, 0.14769159257411957),
            ["RightUpperArm"] = CFrame.new(0.014183640480041504, -0.051419854164123535, 0.003576219081878662, 0.2810746431350708, -0.9477573037147522, -0.15084107220172882, -0.047681137919425964, 0.14319217205047607, -0.9885457158088684, 0.9585006833076477, 0.2850475013256073, -0.004942493978887796),
            ["Head"] = CFrame.new(0, -4.76837158203125e-07, 2.9802322387695312e-08, 0.9297046661376953, -0.014893798157572746, 0.36800456047058105, 0.0025482135824859142, 0.9994182586669922, 0.03401050344109535, -0.36829710006713867, -0.03068203292787075, 0.9292018413543701),
            ["RightHand"] = CFrame.new(3.5762786865234375e-07, 0.0000013709068298339844, -5.811452865600586e-07, 0.06510630249977112, 0.06825203448534012, -0.995541512966156, -0.1088557094335556, 0.9921901226043701, 0.060903385281562805, 0.9919232130050659, 0.10440513491630554, 0.07202751189470291),
            ["UpperTorso"] = CFrame.new(-2.3283064365386963e-09, 1.7881393432617188e-07, -1.30385160446167e-08, 0.9901975393295288, 0.032989129424095154, -0.1357225477695465, -0.02513744682073593, 0.9979317784309387, 0.0591638945043087, 0.1373935490846634, -0.055172234773635864, 0.9889788627624512),
            ["HumanoidRootPart"] = CFrame.new(0, 0, 0, 1, 0, 0, 0, 1, 0, 0, 0, 1),
            ["RightUpperLeg"] = CFrame.new(5.960464477539063e-08, 1.578591763973236e-07, -2.7772330213338137e-08, 0.9964917302131653, -0.005778503138571978, -0.08349252492189407, -0.030065396800637245, 0.906302809715271, -0.4215582609176636, 0.07810541242361069, 0.42258936166763306, 0.9029493927955627),
            ["LeftUpperArm"] = CFrame.new(0.0810476541519165, 0.05261802673339844, 0.005081400275230408, -0.025472329929471016, 0.9933992624282837, -0.11184408515691757, 0.062290824949741364, -0.11008580029010773, -0.9919682741165161, -0.9977329969406128, -0.0322345606982708, -0.05907553806900978),
            ["RightLowerArm"] = CFrame.new(2.980232238769531e-07, 3.5762786865234375e-07, -0.0000033155083656311035, 1, -0.0000023925676941871643, 0.000019354049072717316, 0.000018969645680044778, -0.10407408326864243, -0.9945695996284485, 0.000004380941845738562, 0.9945695996284485, -0.10407409816980362),
            ["LeftHand"] = CFrame.new(-0.0000014826655387878418, -0.0000011324882507324219, 4.2212195694446564e-07, 0.2647647261619568, -0.07040253281593323, 0.9617395401000977, 0.13946667313575745, 0.9896412491798401, 0.034050215035676956, -0.9541743397712708, 0.12511536478996277, 0.27184122800827026),
            ["LeftFoot"] = CFrame.new(1.5279510989785194e-08, -1.7881393432617188e-07, 4.470348358154297e-08, 0.9962649345397949, 0.001834031194448471, -0.08633049577474594, -0.042486291378736496, 0.8807969093322754, -0.4715845286846161, 0.07517482340335846, 0.47349095344543457, 0.8775848746299744),
            ["LowerTorso"] = CFrame.new(-0.024101262912154198, -0.1946796178817749, 0.1435995101928711, 0.9464932680130005, 0.0013113388558849692, -0.32272088527679443, -0.00909014604985714, 0.9997033476829529, -0.022597894072532654, 0.3225955069065094, 0.02432233653962612, 0.9462243914604187),
            ["RightLowerLeg"] = CFrame.new(-1.3597309589385986e-07, -0.0007264614105224609, 0.000046150591515470296, 1, 1.0058287358560847e-07, 5.401671643312511e-08, -7.078052277620372e-08, 0.5804965496063232, 0.8142627477645874, 1.2107194891086692e-07, -0.8142628073692322, 0.580496609210968),
            ["LeftUpperLeg"] = CFrame.new(-2.9802322387695312e-08, -1.6792910173535347e-08, 2.421438694000244e-08, 0.9864170551300049, 0.06226975843310356, 0.1519993543624878, 0.004148989915847778, 0.9156181812286377, -0.4020279347896576, -0.1642075926065445, 0.3971976935863495, 0.9029229879379272),
            ["LeftLowerLeg"] = CFrame.new(-4.086177796125412e-08, -0.0007264018058776855, 0.00008095055818557739, 1, 8.329516276717186e-08, 4.5693013817071915e-08, -8.300412446260452e-08, 0.5907856225967407, 0.8068286776542664, 2.232263796031475e-08, -0.8068285584449768, 0.5907856225967407),
        }},
        {Time = 0.067, Data = {
            ["RightFoot"] = CFrame.new(2.0954757928848267e-07, -1.1920928955078125e-07, -3.55576048605144e-08, 0.999186098575592, -0.037997614592313766, -0.013546894304454327, 0.02781328186392784, 0.8921349048614502, -0.4509122967720032, 0.029219090938568115, 0.45016831159591675, 0.8924654722213745),
            ["LeftLowerArm"] = CFrame.new(0.000001341104507446289, 1.7881393432617188e-07, 0.000005027279257774353, 1, 6.146728992462158e-08, -3.72529100900465e-08, -8.987264266124839e-08, 0.10940118134021759, -0.9939976930618286, -3.9115551686563776e-08, 0.9939977526664734, 0.1094011589884758),
            ["RightUpperArm"] = CFrame.new(0.013108789920806885, -0.04908895492553711, -0.0030977576971054077, 0.28394025564193726, -0.9431511163711548, -0.17275439202785492, 0.06670740246772766, 0.19916397333145142, -0.9776932001113892, 0.9565187096595764, 0.2660822868347168, 0.11946579813957214),
            ["Head"] = CFrame.new(-1.1175870895385742e-08, -5.960464477539062e-07, -9.313225746154785e-09, 0.930893063545227, -0.01583975739777088, 0.36494866013526917, 0.00580550404265523, 0.9995747804641724, 0.028575628995895386, -0.3652459979057312, -0.024482261389493942, 0.9305890798568726),
            ["RightHand"] = CFrame.new(2.980232238769531e-07, 0.0000010728836059570312, -0.000001043081283569336, 0.19976620376110077, 0.14920172095298767, -0.9684174656867981, -0.1969956010580063, 0.9742738604545593, 0.10946761071681976, 0.9598366022109985, 0.1689060926437378, 0.22401931881904602),
            ["UpperTorso"] = CFrame.new(5.587935447692871e-09, -5.364418029785156e-07, 1.3969838619232178e-08, 0.9905989766120911, 0.03510649874806404, -0.1322166621685028, -0.022284623235464096, 0.9950118660926819, 0.09723619371652603, 0.134970560669899, -0.09337563812732697, 0.9864400029182434),
            ["HumanoidRootPart"] = CFrame.new(0, 0, 0, 1, 0, 0, 0, 1, 0, 0, 0, 1),
            ["RightUpperLeg"] = CFrame.new(5.960464477539063e-08, -4.866160452365875e-07, 5.75528247281909e-09, 0.9962549209594727, -0.005317143630236387, -0.08630140125751495, -0.029087524861097336, 0.9193242192268372, -0.39242446422576904, 0.08142565190792084, 0.3934650719165802, 0.9157266020774841),
            ["LeftUpperArm"] = CFrame.new(0.07964777946472168, 0.05204916000366211, -0.0021107643842697144, -0.08479367941617966, 0.9962688684463501, 0.01607455313205719, -0.08568469434976578, 0.00878202449530363, -0.9962835907936096, -0.9927075505256653, -0.08585575968027115, 0.08462033420801163),
            ["RightLowerArm"] = CFrame.new(2.384185791015625e-07, 7.748603820800781e-07, -0.000003509223461151123, 1, -0.000002872198365366785, 0.000019280249034636654, 0.000019013885321328416, -0.0780407190322876, -0.9969502687454224, 0.0000043921181713812985, 0.9969501495361328, -0.07804075628519058),
            ["LeftHand"] = CFrame.new(-0.000001385807991027832, -0.0000011920928955078125, 1.1175870895385742e-07, 0.34640198945999146, -0.009059032425284386, 0.938042402267456, 0.14719785749912262, 0.9880913496017456, -0.04481520876288414, -0.9264655709266663, 0.1536020040512085, 0.34361061453819275),
            ["LeftFoot"] = CFrame.new(2.204615157097578e-08, -1.1920928955078125e-07, -3.725290298461914e-08, 0.9963531494140625, 0.006973837967962027, -0.08504100143909454, -0.04421594366431236, 0.8945982456207275, -0.44467875361442566, 0.07297635078430176, 0.4468171000480652, 0.8916438817977905),
            ["LowerTorso"] = CFrame.new(-0.024812905117869377, -0.18377768993377686, 0.14536841213703156, 0.9466117024421692, -0.008637696504592896, -0.32226037979125977, -0.00770505890250206, 0.9987492561340332, -0.049402881413698196, 0.3222840428352356, 0.04924837872385979, 0.9453611373901367),
            ["RightLowerLeg"] = CFrame.new(-9.313225746154785e-08, -0.0007266402244567871, 0.00004609843745129183, 1, 1.2293463669266202e-07, -1.3038520485508798e-08, -8.195638656616211e-08, 0.5925213694572449, 0.8055548071861267, 1.2665987014770508e-07, -0.8055548071861267, 0.5925214290618896),
            ["LeftUpperLeg"] = CFrame.new(-8.940696716308594e-08, -3.290188033133745e-07, 6.51925802230835e-09, 0.9866696000099182, 0.062436919659376144, 0.1502826064825058, -0.000701389741152525, 0.925093948841095, -0.37973761558532715, -0.16273513436317444, 0.37457016110420227, 0.9128057956695557),
            ["LeftLowerLeg"] = CFrame.new(-1.212465576827526e-07, -0.0007264614105224609, 0.00008099526166915894, 1, 7.076597796640272e-08, 2.2031597879390574e-08, -8.050118793789807e-08, 0.5938625931739807, 0.8045665621757507, -1.1372319974611855e-08, -0.8045665621757507, 0.5938624143600464),
        }},
        {Time = 0.100, Data = {
            ["RightFoot"] = CFrame.new(1.9650906324386597e-07, 0, 5.3849362302571535e-08, 0.9991215467453003, -0.04047552868723869, -0.010861186310648918, 0.03265216574072838, 0.9143263697624207, -0.40365976095199585, 0.02626928687095642, 0.4029504060745239, 0.9148447513580322),
            ["LeftLowerArm"] = CFrame.new(0.0000016987323760986328, 1.7881393432617188e-07, 0.000005260109901428223, 1, 1.1175872671742582e-08, -9.685756907629184e-08, -9.313225746154785e-08, 0.1307142823934555, -0.9914200901985168, -1.3969838619232178e-08, 0.9914200901985168, 0.1307142972946167),
            ["RightUpperArm"] = CFrame.new(0.010493040084838867, -0.04475390911102295, -0.013334512710571289, 0.3088245093822479, -0.9437702298164368, -0.11800578236579895, 0.42449069023132324, 0.24779362976551056, -0.8708651661872864, 0.8511375784873962, 0.21885204315185547, 0.4771461486816406),
            ["Head"] = CFrame.new(7.450580596923828e-09, -4.76837158203125e-07, -1.30385160446167e-08, 0.9316935539245605, -0.025468595325946808, 0.3623513877391815, 0.008750371634960175, 0.9988231658935547, 0.047704774886369705, -0.363139808177948, -0.041275568306446075, 0.9308198690414429),
            ["RightHand"] = CFrame.new(2.086162567138672e-07, 0.0000012516975402832031, -7.748603820800781e-07, 0.3944244682788849, 0.15123844146728516, -0.9063972234725952, -0.24953213334083557, 0.9669286608695984, 0.05275307595729828, 0.8843998908996582, 0.20536820590496063, 0.41911959648132324),
            ["UpperTorso"] = CFrame.new(-1.0244548320770264e-08, 2.682209014892578e-07, -2.8870999813079834e-08, 0.9907254576683044, 0.03977943956851959, -0.12992604076862335, -0.02309051901102066, 0.9915677905082703, 0.12751570343971252, 0.13390299677848816, -0.12333302199840546, 0.9832899570465088),
            ["HumanoidRootPart"] = CFrame.new(0, 0, 0, 1, 0, 0, 0, 1, 0, 0, 0, 1),
            ["RightUpperLeg"] = CFrame.new(0, 1.8347054719924927e-07, 2.531305653974414e-08, 0.9958341121673584, -0.00552635733038187, -0.09101655334234238, -0.027391554787755013, 0.9339303374290466, -0.3564043343067169, 0.08697248995304108, 0.3574124276638031, 0.9298882484436035),
            ["LeftUpperArm"] = CFrame.new(0.07629728317260742, 0.04948890209197998, -0.013454198837280273, -0.004853948950767517, 0.9825389981269836, 0.18599359691143036, -0.33624106645584106, 0.17356239259243011, -0.9256447553634644, -0.9417634606361389, -0.06703166663646698, 0.3295273780822754),
            ["RightLowerArm"] = CFrame.new(-5.960464477539063e-08, 3.5762786865234375e-07, -0.000004351139068603516, 1, -0.000004926695055473829, 0.000018857423128793016, 0.000018969178199768066, 0.026257487013936043, -0.9996553063392639, 0.000004371628165245056, 0.9996552467346191, 0.026257550343871117),
            ["LeftHand"] = CFrame.new(-0.0000013709068298339844, -0.000001430511474609375, 1.4901161193847656e-07, 0.6962291598320007, 0.10770700126886368, 0.709692656993866, 0.06937869638204575, 0.9739530086517334, -0.21587538719177246, -0.7144590020179749, 0.19953632354736328, 0.6706223487854004),
            ["LeftFoot"] = CFrame.new(1.6123522073030472e-08, -1.1920928955078125e-07, -2.2351741790771484e-08, 0.9963868260383606, 0.018310027197003365, -0.08293474465608597, -0.04889138415455818, 0.9221200346946716, -0.3838026225566864, 0.06944850832223892, 0.3864704668521881, 0.9196833372116089),
            ["LowerTorso"] = CFrame.new(-0.02574758231639862, -0.16076529026031494, 0.14719590544700623, 0.9467969536781311, -0.01895434595644474, -0.3212730288505554, -0.006419823504984379, 0.9969531893730164, -0.07773720473051071, 0.3217676281929016, 0.07566385716199875, 0.9437905550003052),
            ["RightLowerLeg"] = CFrame.new(-5.21540641784668e-08, -0.0007263422012329102, 0.00004609843745129183, 1, 8.940699558479537e-08, 6.519259443393821e-08, -6.705523958316917e-08, 0.6156107783317566, 0.7880504131317139, 9.685756907629184e-08, -0.7880504727363586, 0.6156107783317566),
            ["LeftUpperLeg"] = CFrame.new(0, 1.1731754057109356e-07, -1.7695128917694092e-08, 0.9869757890701294, 0.06197810173034668, 0.14845024049282074, -0.004773726221174002, 0.9336810111999512, -0.3580743074417114, -0.16079801321029663, 0.3527020215988159, 0.921816349029541),
            ["LeftLowerLeg"] = CFrame.new(4.190951585769653e-08, -0.0007265806198120117, 0.00008094310760498047, 1, 7.054769923797721e-08, 2.421438694000244e-08, -6.798652663064786e-08, 0.5992171764373779, 0.8005867600440979, 3.1199295591477494e-08, -0.8005865812301636, 0.5992168188095093),
        }},
        {Time = 0.133, Data = {
            ["RightFoot"] = CFrame.new(1.6391277313232422e-07, -1.7881393432617188e-07, -2.0656443666666746e-08, 0.9989437460899353, -0.04517759755253792, -0.00838775560259819, 0.03998086228966713, 0.9445490837097168, -0.3259272873401642, 0.022647375240921974, 0.3252476155757904, 0.9453576803207397),
            ["LeftLowerArm"] = CFrame.new(0.0000011026859283447266, -2.980232238769531e-07, 0.000004753470420837402, 1, 8.195638656616211e-08, -2.2351745343485163e-08, -7.450580596923828e-08, 0.2980102300643921, -0.9545626640319824, -2.9802322387695312e-08, 0.9545627236366272, 0.2980102002620697),
            ["RightUpperArm"] = CFrame.new(0.006357252597808838, -0.039890408515930176, -0.025220945477485657, 0.3305670917034149, -0.9424274563789368, 0.05055558308959007, 0.781457781791687, 0.24328270554542542, -0.5745757818222046, 0.5291966795921326, 0.22944283485412598, 0.8168884515762329),
            ["Head"] = CFrame.new(-1.1175870895385742e-08, -4.76837158203125e-07, 1.862645149230957e-09, 0.9320084452629089, -0.04078884795308113, 0.3601341247558594, 0.01009916327893734, 0.9961839914321899, 0.0866917297244072, -0.36229583621025085, -0.07716050744056702, 0.9288637638092041),
            ["RightHand"] = CFrame.new(1.7881393432617188e-07, 0.0000010728836059570312, -5.960464477539062e-07, 0.5242065191268921, -0.029058609157800674, -0.8510950207710266, -0.09656761586666107, 0.9909428358078003, -0.09331148862838745, 0.8460982441902161, 0.1311027556657791, 0.5166529417037964),
            ["UpperTorso"] = CFrame.new(1.862645149230957e-09, 2.682209014892578e-07, -1.210719347000122e-08, 0.9907914400100708, 0.04441192001104355, -0.12790599465370178, -0.024369167163968086, 0.9877396821975708, 0.1541966199874878, 0.13318581879138947, -0.1496596485376358, 0.979726254940033),
            ["HumanoidRootPart"] = CFrame.new(0, 0, 0, 1, 0, 0, 0, 1, 0, 0, 0, 1),
            ["RightUpperLeg"] = CFrame.new(0, 1.3131648302078247e-07, 3.55576048605144e-08, 0.9953528046607971, -0.005093325395137072, -0.09616081416606903, -0.026449687778949738, 0.945731520652771, -0.32387107610702515, 0.09259169548749924, 0.32490918040275574, 0.9412017464637756),
            ["LeftUpperArm"] = CFrame.new(0.07138139009475708, 0.04640388488769531, -0.0263947993516922, 0.15845870971679688, 0.9713089466094971, 0.17734074592590332, -0.6524274945259094, 0.23781529068946838, -0.7195709943771362, -0.7411000728607178, -0.0016795629635453224, 0.671392560005188),
            ["RightLowerArm"] = CFrame.new(8.344650268554688e-07, 3.5762786865234375e-07, -0.000004231929779052734, 1, -0.000008333474397659302, 0.00001756102210492827, 0.000018984081179951318, 0.2152165174484253, -0.9765663743019104, 0.000004317611910664709, 0.9765664339065552, 0.21521659195423126),
            ["LeftHand"] = CFrame.new(-0.0000011324882507324219, -0.0000011920928955078125, 1.4901161193847656e-07, 0.7784026861190796, -0.05986497551202774, 0.6249040365219116, 0.17495998740196228, 0.976688802242279, -0.12437111884355545, -0.6028916835784912, 0.2061440795660019, 0.7707314491271973),
            ["LeftFoot"] = CFrame.new(-3.329478204250336e-08, -1.7881393432617188e-07, 1.4901161193847656e-08, 0.996248722076416, 0.03360365331172943, -0.07974573224782944, -0.05602393299341202, 0.9527946710586548, -0.2984016239643097, 0.06595409661531448, 0.3017502725124359, 0.9511030912399292),
            ["LowerTorso"] = CFrame.new(-0.027655426412820816, -0.12926983833312988, 0.14881417155265808, 0.9466253519058228, -0.030004242435097694, -0.32093653082847595, -0.0039506047032773495, 0.9945036172866821, -0.10462836921215057, 0.3223118185997009, 0.1003117635846138, 0.9413037300109863),
            ["RightLowerLeg"] = CFrame.new(1.1175870895385742e-08, -0.0007262229919433594, 0.00004615431680576876, 1, 1.2293463669266202e-07, 2.6077040971017595e-08, -7.078050856534901e-08, 0.6396790742874146, 0.7686420679092407, 1.4156101713069802e-07, -0.7686421871185303, 0.6396791338920593),
            ["LeftUpperLeg"] = CFrame.new(0, 1.367880031466484e-07, 2.7939677238464355e-09, 0.987056314945221, 0.06214306131005287, 0.1478448212146759, -0.00877384003251791, 0.9414187073707581, -0.3371262550354004, -0.16013400256633759, 0.3314652442932129, 0.9297783970832825),
            ["LeftLowerLeg"] = CFrame.new(1.0244548320770264e-08, -0.0007265210151672363, 0.00008095428347587585, 1, 8.731149137020111e-08, 1.7113055861273097e-08, -6.309711153562603e-08, 0.6096723675727844, 0.7926533818244934, -1.9907021808762693e-08, -0.7926535606384277, 0.6096725463867188),
        }},
        {Time = 0.167, Data = {
            ["RightFoot"] = CFrame.new(1.9278377294540405e-07, 0, 1.6596459317952394e-08, 0.9986301064491272, -0.051732536405324936, -0.007863534614443779, 0.04842521995306015, 0.970615029335022, -0.23571494221687317, 0.01982651650905609, 0.23501139879226685, 0.9717904329299927),
            ["LeftLowerArm"] = CFrame.new(0.0000011324882507324219, -4.172325134277344e-07, 0.000004649162292480469, 1, 8.940695295223122e-08, 3.073364496231079e-08, -1.1920928955078125e-07, 0.49291619658470154, -0.8700768947601318, -8.940696716308594e-08, 0.8700768351554871, 0.492916077375412),
            ["RightUpperArm"] = CFrame.new(0.0020135045051574707, -0.035935282707214355, -0.036566898226737976, 0.30608466267585754, -0.9397746920585632, 0.15210433304309845, 0.9322389364242554, 0.26349136233329773, -0.24799789488315582, 0.19298407435417175, 0.21770581603050232, 0.9567452073097229),
            ["Head"] = CFrame.new(-7.450580596923828e-09, -7.152557373046875e-07, 2.9802322387695312e-08, 0.9324523210525513, -0.0588177889585495, 0.35647323727607727, 0.01038086973130703, 0.9906137585639954, 0.13629616796970367, -0.36114394664764404, -0.12338945269584656, 0.9243106842041016),
            ["RightHand"] = CFrame.new(9.685754776000977e-08, 0.0000010728836059570312, -9.238719940185547e-07, 0.6539307832717896, -0.11259825527667999, -0.7481279373168945, 0.012763376347720623, 0.9903638958930969, -0.13790014386177063, 0.7564466595649719, 0.08062858879566193, 0.6490671634674072),
            ["UpperTorso"] = CFrame.new(-9.080395102500916e-09, 5.364418029785156e-07, -5.029141902923584e-08, 0.9909491539001465, 0.04725189134478569, -0.12564681470394135, -0.024142790585756302, 0.9834718704223633, 0.1794445961713791, 0.13204888999462128, -0.17478683590888977, 0.9757113456726074),
            ["HumanoidRootPart"] = CFrame.new(0, 0, 0, 1, 0, 0, 0, 1, 0, 0, 0, 1),
            ["RightUpperLeg"] = CFrame.new(2.9802322387695312e-08, 1.6205012798309326e-07, -1.6596459317952394e-08, 0.9949171543121338, -0.005104630719870329, -0.10056856274604797, -0.026065370067954063, 0.9516217112541199, -0.30616480112075806, 0.09726601839065552, 0.3072296679019928, 0.9466515183448792),
            ["LeftUpperArm"] = CFrame.new(0.06646174192428589, 0.043975114822387695, -0.0384809672832489, 0.26613250374794006, 0.9546290040016174, 0.13363058865070343, -0.8225688934326172, 0.2971842885017395, -0.48483172059059143, -0.5025474429130554, 0.019109319895505905, 0.8643385171890259),
            ["RightLowerArm"] = CFrame.new(1.1920928955078125e-07, 5.364418029785156e-07, -0.000003874301910400391, 1, -0.000011682512194965966, 0.000015556817743345164, 0.000019006431102752686, 0.40669262409210205, -0.9135650992393494, 0.0000043138861656188965, 0.9135651588439941, 0.40669265389442444),
            ["LeftHand"] = CFrame.new(-0.0000016093254089355469, -0.0000013113021850585938, 3.8743019104003906e-07, 0.7390919327735901, -0.13700221478939056, 0.6595248579978943, 0.1523040235042572, 0.987731397151947, 0.03450178727507591, -0.6561605334281921, 0.0749485194683075, 0.7508906722068787),
            ["LeftFoot"] = CFrame.new(-3.655441105365753e-08, -1.1920928955078125e-07, 3.725290298461914e-09, 0.9960364103317261, 0.04972723498940468, -0.0737476497888565, -0.06410686671733856, 0.9760994911193848, -0.20765379071235657, 0.06165911257266998, 0.2115587294101715, 0.9754184484481812),
            ["LowerTorso"] = CFrame.new(-0.03008618950843811, -0.1003727912902832, 0.15015076100826263, 0.9464256763458252, -0.04005226865410805, -0.3204283118247986, -0.0012914896942675114, 0.9918010234832764, -0.12778577208518982, 0.32291921973228455, 0.12135355919599533, 0.9386141896247864),
            ["RightLowerLeg"] = CFrame.new(-4.0046870708465576e-08, -0.0007264018058776855, 0.00004607422306435183, 1, 7.450583439094771e-08, 9.313227877782992e-08, -5.960463766996327e-08, 0.6496738195419312, 0.7602129578590393, 1.4528630742915993e-07, -0.7602132558822632, 0.6496739983558655),
            ["LeftUpperLeg"] = CFrame.new(0, 2.86672729998827e-07, 1.280568540096283e-08, 0.9872956871986389, 0.06221344321966171, 0.14620786905288696, -0.011511225253343582, 0.9457480907440186, -0.32469722628593445, -0.15847638249397278, 0.31888899207115173, 0.9344490766525269),
            ["LeftLowerLeg"] = CFrame.new(-1.6763806343078613e-08, -0.0007264018058776855, 0.00008088722825050354, 1, 9.033828973770142e-08, 6.984921085972928e-09, -8.195639367158947e-08, 0.6141709685325623, 0.789172887802124, 1.909211455597415e-08, -0.7891730666160583, 0.6141711473464966),
        }},
        {Time = 0.200, Data = {
            ["RightFoot"] = CFrame.new(1.2386590242385864e-07, 0, 1.6596459317952394e-08, 0.9982427358627319, -0.058779988437891006, -0.007512065581977367, 0.05704671889543533, 0.9875462651252747, -0.14662228524684906, 0.016036920249462128, 0.14593592286109924, 0.9891640543937683),
            ["LeftLowerArm"] = CFrame.new(0.0000014007091522216797, -5.364418029785156e-07, 0.000004887580871582031, 1, 1.0989604959377175e-07, -1.6763806343078613e-08, -1.3597309589385986e-07, 0.6203884482383728, -0.7842947244644165, -8.195638656616211e-08, 0.7842946648597717, 0.6203884482383728),
            ["RightUpperArm"] = CFrame.new(-0.0016430020332336426, -0.03351390361785889, -0.045533329248428345, 0.272006094455719, -0.9406848549842834, 0.20279254019260406, 0.9622955322265625, 0.26585474610328674, -0.057520266622304916, 0.00019513070583343506, 0.2107921838760376, 0.9775309562683105),
            ["Head"] = CFrame.new(7.450580596923828e-09, -8.344650268554688e-07, 3.725290298461914e-09, 0.9329594373703003, -0.07689078152179718, 0.3516739308834076, 0.009512191638350487, 0.9818466305732727, 0.18943768739700317, -0.35985592007637024, -0.17339268326759338, 0.9167545437812805),
            ["RightHand"] = CFrame.new(-4.470348358154297e-08, 0.0000011324882507324219, -7.748603820800781e-07, 0.7968481779098511, -0.19531436264514923, -0.5717383623123169, -0.01482545118778944, 0.9396999478340149, -0.341678261756897, 0.6039977073669434, 0.2807422876358032, 0.7459028959274292),
            ["UpperTorso"] = CFrame.new(1.4202669262886047e-08, -4.76837158203125e-07, 5.4016709327697754e-08, 0.9910352230072021, 0.04808367043733597, -0.12464866787195206, -0.02264980413019657, 0.9799524545669556, 0.19793955981731415, 0.13166722655296326, -0.19334174692630768, 0.9722565412521362),
            ["HumanoidRootPart"] = CFrame.new(0, 0, 0, 1, 0, 0, 0, 1, 0, 0, 0, 1),
            ["RightUpperLeg"] = CFrame.new(1.1920928955078125e-07, -3.855675458908081e-07, -1.6596459317952394e-08, 0.9943031072616577, -0.006309000309556723, -0.106402687728405, -0.025782043114304543, 0.9543692469596863, -0.29751402139663696, 0.10342440754175186, 0.29856249690055847, 0.9487696886062622),
            ["LeftUpperArm"] = CFrame.new(0.06246936321258545, 0.04241502285003662, -0.04797329008579254, 0.3063110113143921, 0.9505012631416321, 0.052165109664201736, -0.9204990267753601, 0.3097171187400818, -0.23823700845241547, -0.24260109663009644, 0.024956800043582916, 0.9698051810264587),
            ["RightLowerArm"] = CFrame.new(5.364418029785156e-07, 2.384185791015625e-07, -0.000003986060619354248, 1, -0.000013608485460281372, 0.000013906512322137132, 0.00001901574432849884, 0.5225232243537903, -0.8526251316070557, 0.0000043371692299842834, 0.8526251316070557, 0.5225231647491455),
            ["LeftHand"] = CFrame.new(-0.0000015422701835632324, -0.0000012516975402832031, 3.688037395477295e-07, 0.7602918744087219, -0.23358693718910217, 0.6061292290687561, 0.27257370948791504, 0.9617063403129578, 0.02871766872704029, -0.5896269083023071, 0.14338122308254242, 0.7948476076126099),
            ["LeftFoot"] = CFrame.new(-2.0489096641540527e-08, -5.960464477539063e-08, -1.6763806343078613e-08, 0.9957886934280396, 0.06349889189004898, -0.06612768769264221, -0.07126330584287643, 0.9898970723152161, -0.122578464448452, 0.05767599120736122, 0.12677472829818726, 0.9902533888816833),
            ["LowerTorso"] = CFrame.new(-0.03244469687342644, -0.07516813278198242, 0.1510629802942276, 0.9466183185577393, -0.047382157295942307, -0.3188554048538208, 0.001035024644806981, 0.9895800948143005, -0.14397959411144257, 0.3223550319671631, 0.13596367835998535, 0.9368036985397339),
            ["RightLowerLeg"] = CFrame.new(-8.475035429000854e-08, -0.0007262825965881348, 0.00004610402538673952, 1, 1.080334541825323e-07, 4.6566135836201283e-08, -5.587935447692871e-08, 0.6562092900276184, 0.7545790076255798, 7.078051567077637e-08, -0.7545790672302246, 0.6562092900276184),
            ["LeftUpperLeg"] = CFrame.new(-5.960464477539063e-08, -2.5494955480098724e-07, -9.080395102500916e-09, 0.9878334403038025, 0.06100001186132431, 0.1430528312921524, -0.012556218542158604, 0.948142409324646, -0.3175976276397705, -0.15500789880752563, 0.311937540769577, 0.9373727440834045),
            ["LeftLowerLeg"] = CFrame.new(-9.313225746154785e-09, -0.0007265210151672363, 0.00008103623986244202, 1, 6.612391700855369e-08, 6.752089376504955e-08, -5.774201383701438e-08, 0.6200634837150574, 0.7845518589019775, 2.7008361769276235e-08, -0.7845516800880432, 0.620063304901123),
        }},
        {Time = 0.233, Data = {
            ["RightFoot"] = CFrame.new(1.555308699607849e-07, -1.1920928955078125e-07, 1.6596459317952394e-08, 0.9978593587875366, -0.06523051112890244, -0.004651943221688271, 0.06468846648931503, 0.9949968457221985, -0.07613597065210342, 0.00959495548158884, 0.07567206770181656, 0.9970867037773132),
            ["LeftLowerArm"] = CFrame.new(0.000001519918441772461, -5.364418029785156e-07, 0.000004827976226806641, 1, 1.3411042232291948e-07, 7.450580596923828e-09, -8.568167686462402e-08, 0.6485901474952698, -0.7611379623413086, -1.0058283805847168e-07, 0.761137843132019, 0.6485900282859802),
            ["RightUpperArm"] = CFrame.new(-0.003117978572845459, -0.03352057933807373, -0.04888075590133667, 0.2559528648853302, -0.9372987747192383, 0.23655745387077332, 0.9592093229293823, 0.27663353085517883, 0.05823559686541557, -0.12002407759428024, 0.2120024859905243, 0.9698707461357117),
            ["Head"] = CFrame.new(-3.725290298461914e-09, -9.5367431640625e-07, -1.4901161193847656e-08, 0.9334755539894104, -0.09113561362028122, 0.34686848521232605, 0.006891442928463221, 0.9715538620948792, 0.23671837151050568, -0.3585747480392456, -0.21858066320419312, 0.9075498580932617),
            ["RightHand"] = CFrame.new(5.122274160385132e-07, 0.0000011920928955078125, -7.897615432739258e-07, 0.8400431871414185, -0.009556172415614128, -0.542434811592102, -0.07613103836774826, 0.9878749251365662, -0.13530400395393372, 0.5371512770652771, 0.15495765209197998, 0.8291304111480713),
            ["UpperTorso"] = CFrame.new(1.0710209608078003e-08, 5.960464477539063e-08, -1.862645149230957e-09, 0.9909425377845764, 0.046212706714868546, -0.12608475983142853, -0.019334085285663605, 0.9782364368438721, 0.2065911740064621, 0.13288801908493042, -0.20228201150894165, 0.9702694416046143),
            ["HumanoidRootPart"] = CFrame.new(0, 0, 0, 1, 0, 0, 0, 1, 0, 0, 0, 1),
            ["RightUpperLeg"] = CFrame.new(0, 9.685754776000977e-08, -4.639878170564771e-08, 0.9932348132133484, -0.009565216489136219, -0.11572849750518799, -0.024945227429270744, 0.9557603597640991, -0.29308727383613586, 0.11341217905282974, 0.29399120807647705, 0.9490557312965393),
            ["LeftUpperArm"] = CFrame.new(0.06099122762680054, 0.042360782623291016, -0.05167853832244873, 0.2825411856174469, 0.9592068791389465, -0.009633579291403294, -0.9587333798408508, 0.2820419371128082, -0.03581275790929794, -0.03163464739918709, 0.019354412332177162, 0.9993121027946472),
            ["RightLowerArm"] = CFrame.new(2.682209014892578e-07, 5.960464477539063e-08, -0.000003933906555175781, 1, -0.000014437360732699744, 0.00001305341902479995, 0.000018967313735629432, 0.5739998817443848, -0.8188554644584656, 0.000004328786872065393, 0.818855345249176, 0.5739998817443848),
            ["LeftHand"] = CFrame.new(-6.407499313354492e-07, -0.0000011920928955078125, 1.7881393432617188e-07, 0.7257018089294434, -0.3008117377758026, 0.61876380443573, 0.3650493323802948, 0.9306709170341492, 0.024306418374180794, -0.5831775665283203, 0.20824049413204193, 0.7852008938789368),
            ["LeftFoot"] = CFrame.new(6.658956408500671e-08, -1.7881393432617188e-07, 2.514570951461792e-08, 0.9956251978874207, 0.07238347083330154, -0.05908593907952309, -0.07574616372585297, 0.9955078363418579, -0.05680520460009575, 0.054708853363990784, 0.061032094061374664, 0.9966354370117188),
            ["LowerTorso"] = CFrame.new(-0.034126605838537216, -0.05474293231964111, 0.1514088362455368, 0.947589635848999, -0.05028436332941055, -0.3155081570148468, 0.0025212678592652082, 0.9886829257011414, -0.14999979734420776, 0.31948012113571167, 0.14134275913238525, 0.936992347240448),
            ["RightLowerLeg"] = CFrame.new(-1.3783574104309082e-07, -0.0007266402244567871, 0.000046146866225171834, 1, 1.1175873737556685e-07, 1.862645593320167e-09, -6.70552182668871e-08, 0.6661543250083923, 0.7458137273788452, 1.0244546899684792e-07, -0.7458139657974243, 0.6661545634269714),
            ["LeftUpperLeg"] = CFrame.new(0, 1.9441358745098114e-07, -6.05359673500061e-09, 0.9887717366218567, 0.05748659744858742, 0.13793393969535828, -0.011524029076099396, 0.9496283531188965, -0.3131663203239441, -0.14898894727230072, 0.30806049704551697, 0.9396281838417053),
            ["LeftLowerLeg"] = CFrame.new(1.30385160446167e-08, -0.0007263422012329102, 0.00008097290992736816, 1, 7.171183824539185e-08, 3.259628655882807e-08, -7.357446918376809e-08, 0.6324172019958496, 0.7746281623840332, -1.0710206943542744e-08, -0.7746280431747437, 0.6324170827865601),
        }},
        {Time = 0.267, Data = {
            ["RightFoot"] = CFrame.new(1.8998980522155762e-07, -1.1920928955078125e-07, 1.6596459317952394e-08, 0.9977368712425232, -0.06719762086868286, 0.0024133147671818733, 0.06719472259283066, 0.9950779676437378, -0.07283380627632141, 0.0024928434286266565, 0.07283112406730652, 0.9973412156105042),
            ["LeftLowerArm"] = CFrame.new(0.0000011324882507324219, -1.1920928955078125e-07, 0.000004673376679420471, 1, 1.0244548320770264e-07, -2.0489101970611046e-08, -8.195638656616211e-08, 0.5434117317199707, -0.8394663333892822, -8.381903171539307e-08, 0.8394663333892822, 0.5434117913246155),
            ["RightUpperArm"] = CFrame.new(-0.0010616183280944824, -0.037105560302734375, -0.04397188127040863, 0.2458370178937912, -0.9466708302497864, 0.20827487111091614, 0.9651076197624207, 0.25904297828674316, 0.038263022899627686, -0.09017451852560043, 0.1916012018918991, 0.9773216843605042),
            ["Head"] = CFrame.new(1.30385160446167e-08, -8.344650268554688e-07, -1.862645149230957e-09, 0.9340037107467651, -0.10409808158874512, 0.34176120162010193, 0.0021448954939842224, 0.9582251906394958, 0.2860066890716553, -0.3572569489479065, -0.2663983106613159, 0.8952092528343201),
            ["RightHand"] = CFrame.new(-2.1589221432805061e-07, 0.0000011324882507324219, -7.972121238708496e-07, 0.8743624091148376, 0.08062022924423218, -0.4785292446613312, -0.07572143524885178, 0.9966907501220703, 0.02956046536564827, 0.47932934761047363, 0.010388520546257496, 0.8775739073753357),
            ["UpperTorso"] = CFrame.new(1.5366822481155396e-08, 2.9802322387695312e-08, -1.862645149230957e-08, 0.99031001329422, 0.04273151233792305, -0.13213716447353363, -0.01735728234052658, 0.9821081161499023, 0.1875161975622177, 0.13778582215309143, -0.18340569734573364, 0.9733331799507141),
            ["HumanoidRootPart"] = CFrame.new(0, 0, 0, 1, 0, 0, 0, 1, 0, 0, 0, 1),
            ["RightUpperLeg"] = CFrame.new(0, -3.259629011154175e-07, -1.6952981241047382e-09, 0.9915999174118042, -0.016177380457520485, -0.12832799553871155, -0.023234372958540916, 0.953730583190918, -0.29976359009742737, 0.1272396445274353, 0.30022692680358887, 0.9453431367874146),
            ["LeftUpperArm"] = CFrame.new(0.06339657306671143, 0.042879343032836914, -0.04719632863998413, 0.26232996582984924, 0.9644944667816162, 0.030552571639418602, -0.962597131729126, 0.2637743055820465, -0.06188551336526871, -0.0677473172545433, -0.013175364583730698, 0.9976155757904053),
            ["RightLowerArm"] = CFrame.new(6.556510925292969e-07, 5.364418029785156e-07, -0.000003904104232788086, 1, -0.000013252024473331403, 0.000014242952602216974, 0.00001898652408272028, 0.5012567043304443, -0.8652986884117126, 0.000004334840923547745, 0.8652986884117126, 0.5012566447257996),
            ["LeftHand"] = CFrame.new(-0.0000018849968910217285, -0.0000011324882507324219, 2.980232238769531e-07, 0.6186755299568176, -0.2633878290653229, 0.7401801943778992, 0.2867494523525238, 0.952836811542511, 0.09938246011734009, -0.7314475178718567, 0.1507609486579895, 0.6650237441062927),
