return {
    ["Fast Slow Disco"] = {
        {Time = 0.000, Data = {
            ["RightFoot"] = CFrame.new(1.1175870895385742e-07, 4.172325134277344e-07, -1.9757862901315093e-08, 0.9634111523628235, 0.2663218677043915, 0.030196715146303177, -0.2401115596294403, 0.9076350331306458, -0.34430333971977234, -0.11910317093133926, 0.3244556486606598, 0.9383728504180908),
            ["LeftLowerArm"] = CFrame.new(-1.4901161193847656e-07, 1.1920928955078125e-07, -5.960464477539063e-08, 1, 5.774205646957853e-08, 4.1164432218465663e-07, -1.3038509827367761e-08, 0.2972595691680908, -0.9547964930534363, 3.483144723759324e-07, 0.9547967314720154, 0.2972603142261505),
            ["RightUpperArm"] = CFrame.new(0.021761178970336914, 0.010237932205200195, 0.02791273593902588, -0.13893459737300873, -0.22452954947948456, 0.9645121693611145, 0.7712129950523376, 0.5864472389221191, 0.2476099580526352, -0.6212309002876282, 0.7782456278800964, 0.0916820615530014),
            ["Head"] = CFrame.new(1.7695128917694092e-08, 1.1920928955078125e-07, -1.3969838619232178e-09, 0.9303287863731384, -0.31048521399497986, 0.1951597034931183, 0.36600345373153687, 0.8195092082023621, -0.4409607946872711, -0.023023489862680435, 0.48166754841804504, 0.8760514855384827),
            ["RightHand"] = CFrame.new(3.0174851417541504e-07, 0, -7.729977369308472e-08, 0.8391372561454773, -0.5414032936096191, 0.05225258693099022, 0.5196374654769897, 0.8263515830039978, 0.21707303822040558, -0.1607036590576172, -0.15500162541866302, 0.9747559428215027),
            ["UpperTorso"] = CFrame.new(5.029141902923584e-08, 8.940696716308594e-08, 9.313225746154785e-09, 0.9935724139213562, -0.10957297682762146, -0.028417693451046944, 0.11197815835475922, 0.9881459474563599, 0.10501689463853836, 0.01657392829656601, -0.10752397775650024, 0.9940643310546875),
            ["HumanoidRootPart"] = CFrame.new(0, 0, 0, 1, 0, 0, 0, 1, 0, 0, 0, 1),
            ["RightUpperLeg"] = CFrame.new(1.1920928955078125e-07, 1.0989606380462646e-07, -1.223452272824943e-08, 0.8887271285057068, -0.4577013850212097, -0.025947820395231247, 0.3978820741176605, 0.7982146143913269, -0.45226481556892395, 0.22771432995796204, 0.3916158676147461, 0.8915061950683594),
            ["LeftUpperArm"] = CFrame.new(-0.009000182151794434, 0.006846904754638672, 0.028175286948680878, 0.13284067809581757, 0.35004937648773193, -0.9272640943527222, -0.9652901291847229, -0.16657090187072754, -0.20117010176181793, -0.2248741239309311, 0.9218024015426636, 0.3157718777656555),
            ["RightLowerArm"] = CFrame.new(1.1920928955078125e-07, 6.556510925292969e-07, 2.1513551473617554e-07, 1, -4.4517287278722506e-07, 6.984921583352843e-07, -3.296882198355888e-07, -0.04902688041329384, -0.9987975358963013, -3.3248218755943526e-07, 0.9987974762916565, -0.04902634397149086),
            ["LeftHand"] = CFrame.new(1.601874828338623e-07, 0, 1.7881393432617188e-07, 0.5565954446792603, 0.2548705041408539, -0.790722668170929, -0.048270490020513535, 0.9600926637649536, 0.2754860818386078, 0.8293802738189697, -0.1151660606265068, 0.5466856360435486),
            ["LeftFoot"] = CFrame.new(-2.7939677238464355e-08, -5.960464477539063e-08, 1.0110329640156124e-07, 0.9606185555458069, 0.047963641583919525, 0.27369990944862366, -0.006622672080993652, 0.9886620044708252, -0.1500118523836136, -0.27779170870780945, 0.14229167997837067, 0.9500446319580078),
            ["LowerTorso"] = CFrame.new(-0.18024942278862, -0.181496262550354, -0.07126093655824661, 0.9715219140052795, 0.2105628401041031, 0.10866695642471313, -0.1971392184495926, 0.9727144241333008, -0.12232273072004318, -0.13145855069160461, 0.09741669148206711, 0.9865235090255737),
            ["RightLowerLeg"] = CFrame.new(8.195638656616211e-08, -1.7881393432617188e-07, 5.230685928836465e-08, 1, -2.2724267978446733e-07, -8.195643772523908e-07, 7.227064884318679e-07, 0.2814999222755432, 0.9595612287521362, -1.5087429972027167e-07, -0.9595613479614258, 0.2815001904964447),
            ["LeftUpperLeg"] = CFrame.new(0, 1.3085082173347473e-07, 1.816079020500183e-08, 0.9528863430023193, -0.24758487939834595, 0.1752409040927887, 0.2846030294895172, 0.9296008348464966, -0.23418664932250977, -0.10492309927940369, 0.27302753925323486, 0.9562673568725586),
            ["LeftLowerLeg"] = CFrame.new(8.195638656616211e-08, -5.960464477539063e-08, 5.655246582136897e-08, 1, -1.4901162614933128e-07, -4.917384330838104e-07, 4.5262294179337914e-07, 0.5631663799285889, 0.8263434767723083, -7.450583439094771e-08, -0.8263435959815979, 0.5631664395332336),
        }},
        {Time = 0.033, Data = {
            ["RightFoot"] = CFrame.new(4.0512531995773315e-08, 2.384185791015625e-07, -1.7895217752084136e-08, 0.9542975425720215, 0.28329241275787354, -0.0951937735080719, -0.2872905433177948, 0.7818152904510498, -0.5533788204193115, -0.08234400302171707, 0.5554370880126953, 0.8274721503257751),
            ["LeftLowerArm"] = CFrame.new(2.086162567138672e-07, -1.1920928955078125e-07, -5.21540641784668e-08, 1, 2.682211004412238e-07, 2.3469323195968173e-07, 1.3783569841052667e-07, 0.0741906687617302, -0.997244119644165, 3.5762775496550603e-07, 0.997244119644165, 0.0741911455988884),
            ["RightUpperArm"] = CFrame.new(0.030590534210205078, 0.010058760643005371, 0.026787981390953064, -0.2203321009874344, -0.37169429659843445, 0.9018299579620361, 0.7531378269195557, 0.5227125883102417, 0.3994431793689728, -0.6198686957359314, 0.767212450504303, 0.1647663563489914),
            ["Head"] = CFrame.new(-2.514570951461792e-08, 2.384185791015625e-07, 7.450580596923828e-09, 0.9351746439933777, -0.34452158212661743, 0.08217761665582657, 0.34661978483200073, 0.8425170183181763, -0.4123348891735077, 0.07282218337059021, 0.41408950090408325, 0.9073184728622437),
            ["RightHand"] = CFrame.new(3.948807716369629e-07, 1.1920928955078125e-07, 3.3853575587272644e-07, 0.8936489224433899, -0.438468873500824, 0.09558510035276413, 0.4161108732223511, 0.8893696069717407, 0.18940414488315582, -0.16805794835090637, -0.1294865906238556, 0.977235734462738),
            ["UpperTorso"] = CFrame.new(5.168840289115906e-08, -8.940696716308594e-08, 7.729977369308472e-08, 0.9830718636512756, -0.16961143910884857, 0.06929494440555573, 0.16124576330184937, 0.9804955720901489, 0.11237604916095734, -0.08700357377529144, -0.0993003249168396, 0.9912465810775757),
            ["HumanoidRootPart"] = CFrame.new(0, 0, 0, 1, 0, 0, 0, 1, 0, 0, 0, 1),
            ["RightUpperLeg"] = CFrame.new(-5.960464477539063e-08, 2.430751919746399e-07, 4.7370122047141194e-08, 0.8792865872383118, -0.4762509763240814, -0.006354943849146366, 0.4327733516693115, 0.8044450283050537, -0.40690964460372925, 0.1989033818244934, 0.355040043592453, 0.9134463667869568),
            ["LeftUpperArm"] = CFrame.new(0.00022470951080322266, 0.0018733739852905273, 0.02739301323890686, 0.413619726896286, 0.32009121775627136, -0.8523263931274414, -0.899113655090332, -0.0036621077451854944, -0.4377000629901886, -0.14322529733181, 0.9473796486854553, 0.2862836420536041),
            ["RightLowerArm"] = CFrame.new(4.172325134277344e-07, 2.980232238769531e-07, -8.195638656616211e-08, 1, -2.3841880647523794e-07, 8.847566235203885e-09, 4.76837158203125e-07, -0.14602677524089813, -0.989280641078949, -8.940696716308594e-08, 0.989280641078949, -0.14602704346179962),
            ["LeftHand"] = CFrame.new(-1.341104507446289e-07, 0, 4.470348358154297e-08, 0.4326556921005249, 0.2256426066160202, -0.8728654980659485, -0.03012785315513611, 0.9712513089179993, 0.23614349961280823, 0.9010557532310486, -0.0758712887763977, 0.4270152747631073),
            ["LeftFoot"] = CFrame.new(-9.313225746154785e-08, 1.1920928955078125e-07, 5.204583430895582e-10, 0.9662154316902161, 0.08758074790239334, 0.24239933490753174, 0.017999257892370224, 0.9152693748474121, -0.402439683675766, -0.257106751203537, 0.39320674538612366, 0.8827711939811707),
            ["LowerTorso"] = CFrame.new(-0.19544567167758942, -0.24002563953399658, -0.05773497000336647, 0.9517497420310974, 0.2592752277851105, 0.16416114568710327, -0.23931536078453064, 0.9619504809379578, -0.1318313479423523, -0.19209551811218262, 0.08618417382240295, 0.9775846004486084),
            ["RightLowerLeg"] = CFrame.new(-5.960464477539063e-08, 5.960464477539063e-08, -9.949872037395835e-08, 1, -2.2351733264258655e-07, -7.823114174243528e-07, 7.562342716482817e-07, 0.2773527204990387, 0.9607682228088379, -2.6822101517609553e-07, -0.9607681632041931, 0.2773529887199402),
            ["LeftUpperLeg"] = CFrame.new(0, 9.755603969097137e-08, 3.3527612686157227e-08, 0.9371166229248047, -0.3274655342102051, 0.12074320018291473, 0.3389703035354614, 0.9363493919372559, -0.09137283265590668, -0.08313634991645813, 0.12655547261238098, 0.9884695410728455),
            ["LeftLowerLeg"] = CFrame.new(5.960464477539063e-08, -5.960464477539063e-08, 8.635478820906428e-08, 1, -3.874301341966202e-07, -3.986061472005531e-07, 6.444752216339111e-07, 0.7007685899734497, 0.7133887410163879, 1.1175870895385742e-08, -0.7133886814117432, 0.7007685303688049),
        }},
        {Time = 0.067, Data = {
            ["RightFoot"] = CFrame.new(-5.852780304849148e-08, 1.7881393432617188e-07, -8.581992005929351e-09, 0.9406040906906128, 0.2924560606479645, -0.1724335104227066, -0.3347052335739136, 0.7136926054954529, -0.6153170466423035, -0.05688878521323204, 0.6364844441413879, 0.7691890001296997),
            ["LeftLowerArm"] = CFrame.new(-2.682209014892578e-07, 0, -4.7963112592697144e-08, 1, 4.0233149434243387e-07, -8.940689610881236e-08, 3.129242998056725e-07, -0.06920256465673447, -0.997602641582489, 5.513428504855256e-07, 0.9976027011871338, -0.06920242309570312),
            ["RightUpperArm"] = CFrame.new(0.037891507148742676, 0.01010429859161377, 0.025231987237930298, -0.2571651339530945, -0.5010299682617188, 0.8263384103775024, 0.7683485746383667, 0.4125993847846985, 0.48928752541542053, -0.586094319820404, 0.7607436180114746, 0.27885931730270386),
            ["Head"] = CFrame.new(8.381903171539307e-09, -1.1920928955078125e-07, -7.450580596923828e-09, 0.9359084963798523, -0.3521629571914673, -0.007521153427660465, 0.32196199893951416, 0.8639175295829773, -0.3872818052768707, 0.1428840160369873, 0.3600386679172516, 0.9219307899475098),
            ["RightHand"] = CFrame.new(-1.4901161193847656e-08, -5.960464477539063e-08, -8.044298738241196e-08, 0.9721859097480774, -0.22960403561592102, -0.046222735196352005, 0.23416246473789215, 0.9568781852722168, 0.17190851271152496, 0.00475878594443202, -0.17795024812221527, 0.9840279221534729),
            ["UpperTorso"] = CFrame.new(-1.30385160446167e-08, 2.9802322387695312e-08, 9.313225746154785e-09, 0.964479923248291, -0.2403905689716339, 0.10950314998626709, 0.22767013311386108, 0.9666954874992371, 0.11690303683280945, -0.13395877182483673, -0.0878199115395546, 0.9870880842208862),
            ["HumanoidRootPart"] = CFrame.new(0, 0, 0, 1, 0, 0, 0, 1, 0, 0, 0, 1),
            ["RightUpperLeg"] = CFrame.new(-5.960464477539063e-08, -3.166496753692627e-08, 4.364483174867928e-08, 0.8538201451301575, -0.5180087089538574, 0.05155709758400917, 0.48674440383911133, 0.7593004107475281, -0.4319060742855072, 0.1845836639404297, 0.393865168094635, 0.9004438519477844),
            ["LeftUpperArm"] = CFrame.new(0.008114933967590332, -0.002112269401550293, 0.026070907711982727, 0.6147318482398987, 0.2876040041446686, -0.7344308495521545, -0.7864883542060852, 0.1532686948776245, -0.5982849597930908, -0.05950377881526947, 0.9454061388969421, 0.3204163610935211),
            ["RightLowerArm"] = CFrame.new(-2.682209014892578e-07, 5.960464477539063e-08, -3.520399332046509e-07, 1, -3.129246692878951e-07, 2.472662004038284e-07, 1.6391281576488836e-07, -0.1952599436044693, -0.9807515144348145, -1.2759122114403e-07, 0.980751633644104, -0.19526012241840363),
            ["LeftHand"] = CFrame.new(-4.76837158203125e-07, 0, 2.9802322387695312e-08, 0.39313560724258423, 0.14972703158855438, -0.9072080254554749, -0.13050253689289093, 0.9857505559921265, 0.10613834857940674, 0.9101723432540894, 0.0766666978597641, 0.4070729613304138),
            ["LeftFoot"] = CFrame.new(-1.1175870895385742e-08, 0, 1.16963292384753e-08, 0.9738567471504211, 0.10972310602664948, 0.19890674948692322, 0.0011207093484699726, 0.8732812404632568, -0.4872153699398041, -0.2271602302789688, 0.4747007489204407, 0.850327730178833),
            ["LowerTorso"] = CFrame.new(-0.20518141984939575, -0.29406917095184326, -0.04229872301220894, 0.9245136380195618, 0.3104841411113739, 0.22107504308223724, -0.2855052053928375, 0.9483906030654907, -0.13799306750297546, -0.252510130405426, 0.06445840746164322, 0.9654448628425598),
            ["RightLowerLeg"] = CFrame.new(2.468004822731018e-08, 0, -5.2932591643184423e-08, 1, -2.9103833298904647e-07, -7.026833941381483e-07, 7.378404802693694e-07, 0.16177590191364288, 0.986827552318573, -8.987264976667575e-08, -0.9868276119232178, 0.16177643835544586),
            ["LeftUpperLeg"] = CFrame.new(5.960464477539063e-08, 8.149072527885437e-08, 2.2351741790771484e-08, 0.9199455380439758, -0.37679535150527954, 0.10828442871570587, 0.38710975646972656, 0.9167192578315735, -0.09885309636592865, -0.062019091099500656, 0.13285747170448303, 0.9891929626464844),
            ["LeftLowerLeg"] = CFrame.new(7.450580596923828e-09, -1.1920928955078125e-07, -1.3716262969865056e-07, 1, -4.097819896742294e-07, -4.5821070671081543e-07, 4.880130859419296e-07, 0.6899315714836121, 0.7238746881484985, 7.63684582238966e-08, -0.723874568939209, 0.6899315714836121),
        }},
        {Time = 0.100, Data = {
            ["RightFoot"] = CFrame.new(-9.89530235528946e-09, 2.384185791015625e-07, 3.053355612792075e-08, 0.934937059879303, 0.2844521403312683, -0.21208402514457703, -0.3512585461139679, 0.6576191186904907, -0.6664490699768066, -0.050102490931749344, 0.6975845098495483, 0.7147490382194519),
            ["LeftLowerArm"] = CFrame.new(-1.4901161193847656e-07, -5.960464477539063e-08, 5.327165126800537e-07, 1, 1.3411056443146663e-07, 5.5879315397078244e-08, 2.9802316703353426e-07, -0.20626765489578247, -0.9784958362579346, 3.5762778338721546e-07, 0.9784956574440002, -0.2062666416168213),
            ["RightUpperArm"] = CFrame.new(0.04348611831665039, 0.01098167896270752, 0.021498724818229675, -0.3222231864929199, -0.5574089884757996, 0.7651588320732117, 0.7938252687454224, 0.28126657009124756, 0.5391942858695984, -0.5157651901245117, 0.7811430096626282, 0.35185447335243225),
            ["Head"] = CFrame.new(-6.984919309616089e-09, 1.1920928955078125e-07, -5.471520125865936e-09, 0.9458468556404114, -0.3190423250198364, -0.05988340824842453, 0.27723827958106995, 0.8899030089378357, -0.36223137378692627, 0.16885749995708466, 0.3260132670402527, 0.9301626086235046),
            ["RightHand"] = CFrame.new(-2.9802322387695312e-08, -1.7881393432617188e-07, 6.647314876317978e-08, 0.9767556190490723, -0.20860956609249115, 0.04930109530687332, 0.201859250664711, 0.9725353121757507, 0.11587896943092346, -0.07212036848068237, -0.10323381423950195, 0.992039144039154),
            ["UpperTorso"] = CFrame.new(8.638016879558563e-08, -3.5762786865234375e-07, 5.587935447692871e-08, 0.9534202218055725, -0.29147788882255554, 0.07765699177980423, 0.28285712003707886, 0.9533385634422302, 0.10553445667028427, -0.10479443520307541, -0.07865279167890549, 0.9913788437843323),
            ["HumanoidRootPart"] = CFrame.new(0, 0, 0, 1, 0, 0, 0, 1, 0, 0, 0, 1),
            ["RightUpperLeg"] = CFrame.new(-2.9802322387695312e-08, -1.150183379650116e-07, 1.0117219062522054e-08, 0.8305116295814514, -0.5547770261764526, 0.04972701519727707, 0.5164706110954285, 0.7335714101791382, -0.4417366683483124, 0.20858697593212128, 0.39254996180534363, 0.8957656621932983),
            ["LeftUpperArm"] = CFrame.new(0.014329016208648682, -0.00435793399810791, 0.02233642339706421, 0.7589498162269592, 0.30178382992744446, -0.5769938826560974, -0.6497793793678284, 0.2935596704483032, -0.7011486887931824, -0.042213208973407745, 0.9070553183555603, 0.41888976097106934),
            ["RightLowerArm"] = CFrame.new(-4.172325134277344e-07, 2.384185791015625e-07, -2.2351741790771484e-08, 1, -8.195645762043569e-08, 1.5716074130978086e-07, 1.2665982751514093e-07, -0.23800985515117645, -0.9712629318237305, 1.5646213569198153e-07, 0.9712627530097961, -0.2380094975233078),
            ["LeftHand"] = CFrame.new(-4.470348358154297e-08, 1.1920928955078125e-07, 2.9802322387695312e-08, 0.5669562816619873, 0.22935640811920166, -0.7911738753318787, -0.18593542277812958, 0.9713010787963867, 0.14833363890647888, 0.8024890422821045, 0.06300829350948334, 0.5933305025100708),
            ["LeftFoot"] = CFrame.new(3.3527612686157227e-08, 0, -3.204831955372356e-09, 0.97733074426651, 0.11390947550535202, 0.17846331000328064, -0.00358506478369236, 0.8517124652862549, -0.5239973068237305, -0.2116878479719162, 0.5114789009094238, 0.8328132033348083),
            ["LowerTorso"] = CFrame.new(-0.20250928401947021, -0.3298534154891968, -0.025806359946727753, 0.8995170593261719, 0.3395036458969116, 0.274966299533844, -0.31156495213508606, 0.9397030472755432, -0.14101611077785492, -0.30626216530799866, 0.041176531463861465, 0.9510563015937805),
            ["RightLowerLeg"] = CFrame.new(6.146728992462158e-08, 5.960464477539063e-08, -2.1684536477550864e-07, 1, -1.8253919620292436e-07, -7.7672348197666e-07, 7.022171644166519e-07, 0.0995577946305275, 0.9950318336486816, -1.9930300254600297e-07, -0.9950318336486816, 0.09955814480781555),
            ["LeftUpperLeg"] = CFrame.new(1.7881393432617188e-07, -1.708976924419403e-07, 5.21540641784668e-08, 0.9092972874641418, -0.40623700618743896, 0.09027744829654694, 0.4155288636684418, 0.8981469869613647, -0.1437629908323288, -0.022680453956127167, 0.16823628544807434, 0.985485851764679),
            ["LeftLowerLeg"] = CFrame.new(-3.3527612686157227e-08, 1.7881393432617188e-07, -5.520624313248845e-08, 1, -3.427267074584961e-07, -4.2468323613320536e-07, 6.062909960746765e-07, 0.6586850881576538, 0.7524188756942749, 2.60770320892334e-08, -0.7524186968803406, 0.6586849689483643),
        }},
        {Time = 0.133, Data = {
            ["RightFoot"] = CFrame.new(-6.612390279769897e-08, 2.980232238769531e-07, -2.9940565582364798e-09, 0.9309199452400208, 0.26436495780944824, -0.25199103355407715, -0.36387085914611816, 0.6120166182518005, -0.7021632790565491, -0.03140466287732124, 0.745350182056427, 0.6659334897994995),
            ["LeftLowerArm"] = CFrame.new(2.9802322387695312e-08, -2.384185791015625e-07, -1.564621925354004e-07, 1, 2.2351738238057806e-08, 8.009369167893965e-08, 2.3841860752327193e-07, -0.3366914987564087, -0.9416149258613586, 1.3411046495548362e-07, 0.9416150450706482, -0.33669203519821167),
            ["RightUpperArm"] = CFrame.new(0.04794645309448242, 0.011096596717834473, 0.01879848539829254, -0.31127288937568665, -0.594188928604126, 0.7416527271270752, 0.8746473789215088, 0.12605594098567963, 0.46808311343193054, -0.3716196119785309, 0.7943862676620483, 0.48046791553497314),
            ["Head"] = CFrame.new(-5.587935447692871e-09, -3.5762786865234375e-07, 3.725290298461914e-09, 0.9560135006904602, -0.27572983503341675, -0.10005716979503632, 0.2252650260925293, 0.9086365103721619, -0.35161805152893066, 0.18786709010601044, 0.31361234188079834, 0.9307810664176941),
            ["RightHand"] = CFrame.new(3.725290298461914e-08, 5.960464477539063e-08, -6.752088665962219e-09, 0.972051739692688, -0.19746749103069305, 0.12697269022464752, 0.1972445696592331, 0.9802477955818176, 0.014453619718551636, -0.12731899321079254, 0.010995110496878624, 0.9918009638786316),
            ["UpperTorso"] = CFrame.new(-6.362097337841988e-08, 5.960464477539063e-08, -2.3283064365386963e-10, 0.9428826570510864, -0.33166155219078064, 0.031192567199468613, 0.32773637771606445, 0.94032883644104, 0.09149084240198135, -0.05967513099312782, -0.07604212313890457, 0.995317280292511),
            ["HumanoidRootPart"] = CFrame.new(0, 0, 0, 1, 0, 0, 0, 1, 0, 0, 0, 1),
            ["RightUpperLeg"] = CFrame.new(-5.960464477539063e-08, -3.14321368932724e-08, 2.6666384655982256e-09, 0.8193687796592712, -0.5723183155059814, 0.03296419233083725, 0.5233703851699829, 0.7233506441116333, -0.45038551092147827, 0.2339192032814026, 0.38628435134887695, 0.8922253847122192),
            ["LeftUpperArm"] = CFrame.new(0.01939547061920166, -0.0067598819732666016, 0.019590988755226135, 0.8542183637619019, 0.27754655480384827, -0.4396350681781769, -0.5182812809944153, 0.3876056671142578, -0.7623295187950134, -0.041177015751600266, 0.8790504932403564, 0.4749472737312317),
            ["RightLowerArm"] = CFrame.new(2.384185791015625e-07, 1.1920928955078125e-07, 1.9371509552001953e-07, 1, -7.823111758398227e-08, 2.682209867543861e-07, 6.332994928470725e-08, -0.2533576190471649, -0.9673725962638855, 9.126963362859897e-08, 0.967372715473175, -0.2533579170703888),
            ["LeftHand"] = CFrame.new(-2.123415470123291e-07, -1.1920928955078125e-07, -6.332993507385254e-08, 0.6466367840766907, 0.2784540355205536, -0.710158109664917, -0.2702683210372925, 0.9542303085327148, 0.1280621439218521, 0.7133134007453918, 0.109124094247818, 0.6922972798347473),
            ["LeftFoot"] = CFrame.new(-5.960464477539063e-08, -5.960464477539063e-08, 4.149865162617061e-08, 0.9818965196609497, 0.10595822334289551, 0.15700964629650116, -0.006596697494387627, 0.8475322127342224, -0.5307031273841858, -0.18930324912071228, 0.5200597643852234, 0.8328878879547119),
            ["LowerTorso"] = CFrame.new(-0.19025269150733948, -0.35714471340179443, -0.009060585871338844, 0.876294732093811, 0.3530781865119934, 0.32778558135032654, -0.32357174158096313, 0.9354038238525391, -0.14255189895629883, -0.35694384574890137, 0.018855325877666473, 0.9339355826377869),
            ["RightLowerLeg"] = CFrame.new(0, 0, 7.372727850452065e-08, 1, 1.862644793959589e-08, -7.264317787303298e-07, 8.009378120732435e-07, 0.05894864723086357, 0.998261034488678, -3.501774585856765e-07, -0.998261034488678, 0.05894876644015312),
            ["LeftUpperLeg"] = CFrame.new(-1.7881393432617188e-07, -4.1443854570388794e-08, -4.470348358154297e-08, 0.9053837060928345, -0.41573259234428406, 0.08629488199949265, 0.4244295656681061, 0.8804811835289001, -0.21121689677238464, 0.01182871125638485, 0.22785824537277222, 0.9736224412918091),
            ["LeftLowerLeg"] = CFrame.new(3.3527612686157227e-08, -2.384185791015625e-07, 3.4200724030597485e-08, 1, -4.0233155118585273e-07, -5.252661026133865e-07, 5.066394237474015e-07, 0.6000744104385376, 0.799944281578064, 1.1920927533992653e-07, -0.799944281578064, 0.6000744104385376),
        }},
        {Time = 0.167, Data = {
            ["RightFoot"] = CFrame.new(-3.4458935260772705e-08, 4.172325134277344e-07, 2.308297553099692e-08, 0.9229559898376465, 0.22437502443790436, -0.3127433657646179, -0.3841663897037506, 0.5873249769210815, -0.7123658061027527, 0.023844828829169273, 0.7776280045509338, 0.6282726526260376),
            ["LeftLowerArm"] = CFrame.new(-4.470348358154297e-07, 2.384185791015625e-07, -4.023313522338867e-07, 1, -1.2665982751514093e-07, 1.5366811112471623e-07, 2.384185791015625e-07, -0.4682299792766571, -0.8836067318916321, 2.086162567138672e-07, 0.8836066126823425, -0.46822991967201233),
            ["RightUpperArm"] = CFrame.new(0.04666590690612793, 0.013038158416748047, 0.016462750732898712, -0.2530403137207031, -0.5944558382034302, 0.7632780075073242, 0.9549221992492676, -0.026883427053689957, 0.29563623666763306, -0.15522313117980957, 0.8036787509918213, 0.5744615793228149),
            ["Head"] = CFrame.new(0, -1.1920928955078125e-07, -3.725290298461914e-09, 0.9648962616920471, -0.23174011707305908, -0.12358003854751587, 0.17866356670856476, 0.9240790009498596, -0.3378714621067047, 0.1924959123134613, 0.30393174290657043, 0.9330439567565918),
            ["RightHand"] = CFrame.new(-2.7939677238464355e-08, -1.7881393432617188e-07, -9.508221410214901e-08, 0.9587374329566956, -0.2624518871307373, 0.10927680134773254, 0.2700901925563812, 0.9608389139175415, -0.061966974288225174, -0.08873412013053894, 0.08892454952001572, 0.9920780062675476),
            ["UpperTorso"] = CFrame.new(7.05476850271225e-08, 3.5762786865234375e-07, 1.210719347000122e-08, 0.9358125329017639, -0.3520115315914154, -0.018512601032853127, 0.3523406684398651, 0.932533323764801, 0.07897927612066269, -0.010537833906710148, -0.08043255656957626, 0.9967043995857239),
            ["HumanoidRootPart"] = CFrame.new(0, 0, 0, 1, 0, 0, 0, 1, 0, 0, 0, 1),
            ["RightUpperLeg"] = CFrame.new(0, 6.079790182411671e-08, 1.0117219062522054e-08, 0.8356097936630249, -0.5491456985473633, 0.013978357426822186, 0.495850145816803, 0.7430725693702698, -0.44941702485084534, 0.23640845715999603, 0.3824685215950012, 0.8932127952575684),
            ["LeftUpperArm"] = CFrame.new(0.017925024032592773, -0.00408017635345459, 0.017062149941921234, 0.8815829157829285, 0.3159235715866089, -0.3507191240787506, -0.46808502078056335, 0.4892522096633911, -0.73588627576828, -0.060893990099430084, 0.8129112720489502, 0.5791955590248108),
            ["RightLowerArm"] = CFrame.new(-3.5762786865234375e-07, 3.5762786865234375e-07, -8.940696716308594e-08, 1, -1.3287366584791016e-07, 1.9310400034555641e-07, 1.881271884940361e-07, -0.24877089262008667, -0.9685624241828918, -3.259629366425543e-08, 0.9685624241828918, -0.24877068400382996),
            ["LeftHand"] = CFrame.new(-2.7194619178771973e-07, 5.960464477539063e-08, 5.21540641784668e-08, 0.7928076982498169, 0.3449432849884033, -0.5024641752243042, -0.37358906865119934, 0.9264265894889832, 0.04653158038854599, 0.48154670000076294, 0.15082450211048126, 0.8633450269699097),
            ["LeftFoot"] = CFrame.new(0, 5.960464477539063e-08, -4.7908315536915325e-08, 0.9887838363647461, 0.08866184204816818, 0.12019075453281403, -0.013147624209523201, 0.8532832860946655, -0.5212818384170532, -0.1487744003534317, 0.5138549208641052, 0.8448784351348877),
            ["LowerTorso"] = CFrame.new(-0.1629871279001236, -0.36449992656707764, 0.007930236868560314, 0.8581497073173523, 0.35091862082481384, 0.37474700808525085, -0.32090461254119873, 0.9364047050476074, -0.14200930297374725, -0.4007485508918762, 0.0016072008293122053, 0.9161866903305054),
            ["RightLowerLeg"] = CFrame.new(-9.685754776000977e-08, 0, 7.745256880298257e-08, 1, -4.470347292340193e-08, -7.152556236178498e-07, 8.121135692817916e-07, 0.05276697501540184, 0.9986068606376648, -2.5331982556053845e-07, -0.9986068606376648, 0.05276702344417572),
            ["LeftUpperLeg"] = CFrame.new(-5.960464477539063e-08, 2.2657332010567188e-07, 0, 0.9127027988433838, -0.39909428358078003, 0.0877360850572586, 0.407706081867218, 0.8750282526016235, -0.26096203923225403, 0.027377210557460785, 0.27395135164260864, 0.9613538384437561),
            ["LeftLowerLeg"] = CFrame.new(0, -2.980232238769531e-07, -7.010740432633611e-08, 1, -3.2782557468635787e-07, -6.183984169183532e-07, 5.662442390530487e-07, 0.5679106712341309, 0.8230902552604675, -1.0430815677864302e-07, -0.8230901956558228, 0.5679107308387756),
        }},
        {Time = 0.200, Data = {
            ["RightFoot"] = CFrame.new(2.8870999813079834e-08, 4.172325134277344e-07, 1.4701072359457612e-08, 0.9119126200675964, 0.16566121578216553, -0.3754628598690033, -0.39548930525779724, 0.5990079045295715, -0.6962593197822571, 0.10956165939569473, 0.7834193110466003, 0.6117601990699768),
            ["LeftLowerArm"] = CFrame.new(3.5762786865234375e-07, -4.76837158203125e-07, -6.705522537231445e-08, 1, 5.960470161880949e-07, 1.3783561314539838e-07, -1.788139627478813e-07, -0.5198512077331543, -0.8542571663856506, 6.85453471760411e-07, 0.8542568683624268, -0.5198506712913513),
            ["RightUpperArm"] = CFrame.new(0.04478466510772705, 0.015022516250610352, 0.014529019594192505, -0.2700822949409485, -0.5409122109413147, 0.7965357303619385, 0.9566787481307983, -0.2441788613796234, 0.15856550633907318, 0.10872668772935867, 0.8048545122146606, 0.5834277868270874),
            ["Head"] = CFrame.new(-7.450580596923828e-09, 0, 2.9802322387695312e-08, 0.9729318618774414, -0.18736812472343445, -0.1352652758359909, 0.13512970507144928, 0.9361047148704529, -0.3247275948524475, 0.187466099858284, 0.29765939712524414, 0.9360851645469666),
            ["RightHand"] = CFrame.new(2.644956111907959e-07, 0, 4.889443516731262e-09, 0.9497356414794922, -0.2758599817752838, 0.1479969024658203, 0.29887065291404724, 0.9396699070930481, -0.1664249747991562, -0.09315819293260574, 0.20229171216487885, 0.9748845100402832),
            ["UpperTorso"] = CFrame.new(-5.145557224750519e-08, 2.9802322387695312e-08, 1.9674189388751984e-08, 0.9433801770210266, -0.32491904497146606, -0.06679382920265198, 0.3285194933414459, 0.9430352449417114, 0.05253160372376442, 0.04592050984501839, -0.07150024175643921, 0.996383011341095),
            ["HumanoidRootPart"] = CFrame.new(0, 0, 0, 1, 0, 0, 0, 1, 0, 0, 0, 1),
            ["RightUpperLeg"] = CFrame.new(-1.1920928955078125e-07, 1.6693957149982452e-07, 1.7567799659445882e-08, 0.8850899338722229, -0.46441778540611267, -0.03053123503923416, 0.40028685331344604, 0.7930545806884766, -0.4591672718524933, 0.23745840787887573, 0.39418357610702515, 0.8878251314163208),
            ["LeftUpperArm"] = CFrame.new(0.015784144401550293, -0.0010230541229248047, 0.01496674120426178, 0.855762779712677, 0.3815787434577942, -0.3493817150592804, -0.515294075012207, 0.5682141184806824, -0.641564667224884, -0.04628376290202141, 0.7290613055229187, 0.6828815937042236),
            ["RightLowerArm"] = CFrame.new(1.7881393432617188e-07, 4.76837158203125e-07, -2.2351741790771484e-07, 1, -5.327170242708235e-07, -1.1478552153221244e-07, 4.91738603614067e-07, -0.1849621832370758, -0.9827457070350647, -2.905728138102859e-07, 0.9827457666397095, -0.184962198138237),
            ["LeftHand"] = CFrame.new(-5.960464477539063e-08, 5.960464477539063e-08, 1.6391277313232422e-07, 0.7386079430580139, 0.3144516944885254, -0.5963035225868225, -0.4988967478275299, 0.8498671650886536, -0.16978967189788818, 0.4533875584602356, 0.42290186882019043, 0.7845977544784546),
            ["LeftFoot"] = CFrame.new(3.725290298461914e-08, 0, -4.0457734939991497e-08, 0.9943141341209412, 0.06636455655097961, 0.08327826857566833, -0.013883136212825775, 0.8561637997627258, -0.5165177583694458, -0.10557827353477478, 0.5124251246452332, 0.8522171974182129),
            ["LowerTorso"] = CFrame.new(-0.11646372824907303, -0.35906898975372314, 0.02583351358771324, 0.8563491702079773, 0.3012414872646332, 0.41942790150642395, -0.2749171853065491, 0.9535003304481506, -0.12352248281240463, -0.43713468313217163, -0.00952956173568964, 0.8993456363677979),
            ["RightLowerLeg"] = CFrame.new(2.9802322387695312e-08, -5.960464477539063e-08, 6.627669790759683e-08, 1, -1.490115231206346e-08, -7.450578891621262e-07, 8.060602567638853e-07, 0.08951788395643234, 0.9959852695465088, -4.0605692674944294e-07, -0.9959852695465088, 0.0895177572965622),
            ["LeftUpperLeg"] = CFrame.new(-5.960464477539063e-08, -1.0058283805847168e-07, 4.470348358154297e-08, 0.9387840628623962, -0.33465319871902466, 0.08180279284715652, 0.3418714702129364, 0.8756495714187622, -0.3411184847354889, 0.042526036500930786, 0.34820273518562317, 0.9364542365074158),
            ["LeftLowerLeg"] = CFrame.new(-2.2351741790771484e-08, 5.960464477539063e-08, 3.4200724030597485e-08, 1, -1.4156101713069802e-07, -6.519259727610915e-07, 4.582107635542343e-07, 0.5201088786125183, 0.8540998697280884, 6.519258732851085e-08, -0.8540999293327332, 0.5201091170310974),
        }},
        {Time = 0.233, Data = {
            ["RightFoot"] = CFrame.new(0, 2.980232238769531e-07, 3.7984136724844575e-08, 0.8923344016075134, 0.15655755996704102, -0.42335447669029236, -0.4182129502296448, 0.63962721824646, -0.6449611783027649, 0.16981564462184906, 0.7525734305381775, 0.6362359523773193),
            ["LeftLowerArm"] = CFrame.new(2.384185791015625e-07, 1.1920928955078125e-07, -4.470348358154297e-08, 1, 1.043081780949251e-07, 4.470344805440618e-08, -2.9802315282267955e-08, -0.5309250354766846, -0.8474191427230835, 3.948806863718346e-07, 0.8474188446998596, -0.5309244394302368),
            ["RightUpperArm"] = CFrame.new(0.04390454292297363, 0.018535852432250977, 0.013445958495140076, -0.3328213095664978, -0.478573739528656, 0.8125250935554504, 0.862848162651062, -0.5021636486053467, 0.05766192823648453, 0.38042497634887695, 0.7202768921852112, 0.5800674557685852),
            ["Head"] = CFrame.new(1.4901161193847656e-08, 3.5762786865234375e-07, 3.725290298461914e-09, 0.9807217121124268, -0.13933001458644867, -0.1370116025209427, 0.08963634818792343, 0.9437932968139648, -0.31814995408058167, 0.1736385077238083, 0.2997353971004486, 0.9380876421928406),
            ["RightHand"] = CFrame.new(2.4959444999694824e-07, 0, 1.5832483768463135e-07, 0.9357360005378723, -0.3197624087333679, 0.1488286256790161, 0.3489048182964325, 0.9009624123573303, -0.2579387426376343, -0.05160984396934509, 0.29328978061676025, 0.9546296000480652),
            ["UpperTorso"] = CFrame.new(-2.0489096641540527e-08, 0, 1.4901161193847656e-08, 0.9530200362205505, -0.283062219619751, -0.10783575475215912, 0.2877435088157654, 0.9572272896766663, 0.03032652847468853, 0.0946391224861145, -0.0599307082593441, 0.9937061071395874),
            ["HumanoidRootPart"] = CFrame.new(0, 0, 0, 1, 0, 0, 0, 1, 0, 0, 0, 1),
            ["RightUpperLeg"] = CFrame.new(-8.940696716308594e-08, 2.584420144557953e-08, -1.223452272824943e-08, 0.9312692880630493, -0.35744187235832214, -0.07051998376846313, 0.2867915630340576, 0.8385797142982483, -0.4631790220737457, 0.22469601035118103, 0.411119669675827, 0.8834547996520996),
            ["LeftUpperArm"] = CFrame.new(0.014789104461669922, 0.0029909610748291016, 0.0138033926486969, 0.7708590030670166, 0.485295832157135, -0.4126303791999817, -0.6369052529335022, 0.5986917614936829, -0.4857162833213806, 0.011322202160954475, 0.6372254490852356, 0.7705945372581482),
            ["RightLowerArm"] = CFrame.new(5.960464477539062e-07, 2.980232238769531e-07, -4.470348358154297e-08, 1, -2.682211004412238e-07, 1.4249238233787764e-07, 1.7508874350369297e-07, -0.12988829612731934, -0.9915286302566528, -1.4156111660668103e-07, 0.9915286898612976, -0.12988850474357605),
            ["LeftHand"] = CFrame.new(2.1141022443771362e-07, 5.960464477539063e-08, -1.1548399925231934e-07, 0.663752555847168, 0.2928496301174164, -0.688237726688385, -0.617318332195282, 0.7340442538261414, -0.2830152213573456, 0.4223158359527588, 0.6127137541770935, 0.6680054664611816),
            ["LeftFoot"] = CFrame.new(-2.514570951461792e-08, 0, -3.300715434306767e-08, 0.9980331659317017, 0.04035971313714981, 0.047968145459890366, -0.010949376039206982, 0.8656477928161621, -0.500533938407898, -0.06172485277056694, 0.49902403354644775, 0.864387035369873),
            ["LowerTorso"] = CFrame.new(-0.0603204220533371, -0.33601129055023193, 0.0442437008023262, 0.8639650940895081, 0.23579499125480652, 0.44493263959884644, -0.21529491245746613, 0.9717280268669128, -0.09691645950078964, -0.45520588755607605, -0.012059303931891918, 0.8903045654296875),
            ["RightLowerLeg"] = CFrame.new(3.3527612686157227e-08, 1.1920928955078125e-07, -1.1998781701549888e-07, 1, -2.719461633660103e-07, -7.003546329542587e-07, 7.562339305877686e-07, 0.1697233021259308, 0.9854917526245117, -5.774199962615967e-08, -0.9854917526245117, 0.16972340643405914),
            ["LeftUpperLeg"] = CFrame.new(0, 9.66247171163559e-08, 1.4901161193847656e-08, 0.9660359025001526, -0.2482689917087555, 0.07167409360408783, 0.25551357865333557, 0.8763390183448792, -0.40834158658981323, 0.03856789693236351, 0.4127862751483917, 0.9100110530853271),
            ["LeftLowerLeg"] = CFrame.new(2.2351741790771484e-08, -1.1920928955078125e-07, -4.7755662535564625e-08, 1, -8.195638656616211e-08, -5.010515451431274e-07, 4.768372718899627e-07, 0.4985298216342926, 0.8668726086616516, -7.823111758398227e-08, -0.8668725490570068, 0.4985298812389374),
        }},
        {Time = 0.267, Data = {
            ["RightFoot"] = CFrame.new(4.6333298087120056e-08, 3.5762786865234375e-07, 1.9357685232535005e-08, 0.8707877397537231, 0.18223489820957184, -0.45663943886756897, -0.442568302154541, 0.6950817108154297, -0.5665631294250488, 0.21415428817272186, 0.6954509019851685, 0.6859202980995178),
            ["LeftLowerArm"] = CFrame.new(-8.940696716308594e-08, -3.5762786865234375e-07, -1.4901161193847656e-07, 1, 1.4901166522918174e-08, 1.7881384906104358e-07, 2.0116557664096035e-07, -0.4802820086479187, -0.877114474773407, 1.9371501025489124e-07, 0.8771141171455383, -0.48028135299682617),
            ["RightUpperArm"] = CFrame.new(0.0392298698425293, 0.01914393901824951, 0.012072429992258549, -0.40035489201545715, -0.4482247829437256, 0.7992563843727112, 0.6607956886291504, -0.7454974055290222, -0.08707791566848755, 0.6348740458488464, 0.4932830333709717, 0.594648540019989),
            ["Head"] = CFrame.new(-2.2351741790771484e-08, -2.384185791015625e-07, 1.1175870895385742e-08, 0.9875736236572266, -0.08985906094312668, -0.12893375754356384, 0.04451613128185272, 0.9467563033103943, -0.31885865330696106, 0.15072101354599, 0.3091568946838379, 0.9389916062355042),
            ["RightHand"] = CFrame.new(1.4528632164001465e-07, -5.960464477539063e-08, 3.948807716369629e-07, 0.9142364859580994, -0.3911319375038147, 0.10577099770307541, 0.4027329385280609, 0.8485512137413025, -0.3431720733642578, 0.04447328299283981, 0.35633790493011475, 0.9332981705665588),
            ["UpperTorso"] = CFrame.new(3.166496753692627e-08, -1.1920928955078125e-07, 2.0489096641540527e-08, 0.9640756249427795, -0.23398877680301666, -0.12572728097438812, 0.2380255162715912, 0.9710940718650818, 0.017891602590680122, 0.1179068312048912, -0.047175150364637375, 0.9919034838676453),
            ["HumanoidRootPart"] = CFrame.new(0, 0, 0, 1, 0, 0, 0, 1, 0, 0, 0, 1),
            ["RightUpperLeg"] = CFrame.new(0, -1.816079020500183e-08, 1.7567799659445882e-08, 0.9676793813705444, -0.23887573182582855, -0.08083957433700562, 0.17817267775535583, 0.8744625449180603, -0.4511871337890625, 0.1784689575433731, 0.422201007604599, 0.8887603878974915),
            ["LeftUpperArm"] = CFrame.new(0.009575963020324707, 0.0062215328216552734, 0.012298152782022953, 0.6506354212760925, 0.5612048506736755, -0.5115882754325867, -0.7560125589370728, 0.5421643257141113, -0.3667465150356293, 0.07154475152492523, 0.6253854036331177, 0.777029275894165),
            ["RightLowerArm"] = CFrame.new(-1.1920928955078125e-07, 3.5762786865234375e-07, 8.195638656616211e-08, 1, -1.1827800960872992e-07, 1.8253929567890737e-07, 3.054739181607147e-07, -0.025918342173099518, -0.9996641278266907, 1.3411049337719305e-07, 0.9996641278266907, -0.025918519124388695),
            ["LeftHand"] = CFrame.new(2.9802322387695312e-08, 3.5762786865234375e-07, 1.043081283569336e-07, 0.6154923439025879, 0.22958263754844666, -0.7539631724357605, -0.6516388654708862, 0.6863359808921814, -0.3229707181453705, 0.44332370162010193, 0.6900976896286011, 0.572039783000946),
            ["LeftFoot"] = CFrame.new(5.681067705154419e-08, -5.960464477539063e-08, 2.6597490432322957e-08, 0.9997996687889099, 0.014510470442473888, 0.013789449818432331, -0.006621311418712139, 0.8898169994354248, -0.45626941323280334, -0.018890880048274994, 0.45608675479888916, 0.8897349238395691),
            ["LowerTorso"] = CFrame.new(-0.007597521413117647, -0.293094277381897, 0.0650787502527237, 0.8863087296485901, 0.16769546270370483, 0.4316655695438385, -0.15303394198417664, 0.9858255982398987, -0.06876424700021744, -0.43707844614982605, -0.005113136488944292, 0.8994088768959045),
