return {
    ["Feelin' Jaunty"] = {
        [1] = {Time = 0.000, Data = {
            ["RightFoot"] = CFrame.new(7.450580596923828e-09, 3.5762786865234375e-07, -2.0656443666666746e-08, 0.9960021376609802, -0.026734162122011185, -0.0852358415722847, 0.06381483376026154, 0.8806341290473938, 0.46947968006134033, 0.06251044571399689, -0.4730421006679535, 0.8788195252418518),
            ["LeftLowerArm"] = CFrame.new(-6.556510925292969e-07, 5.960464477539063e-08, 1.4901161193847656e-07, 1, -6.705523958316917e-08, 4.8428763221863846e-08, 2.980233304583635e-08, 0.811825692653656, -0.5838999152183533, 1.4901166522918174e-08, 0.5838997960090637, 0.8118257522583008),
            ["RightUpperArm"] = CFrame.new(5.960464477539062e-07, 2.384185791015625e-07, -5.662441253662109e-07, 0.5877717733383179, 0.34476450085639954, 0.7318892478942871, 0.050572603940963745, 0.8872271776199341, -0.45855244994163513, -0.8074446320533752, 0.3065377473831177, 0.5040514469146729),
            ["Head"] = CFrame.new(-4.284083843231201e-08, 0, -2.1979212760925293e-07, 0.9922357201576233, -0.11491120606660843, -0.04757964611053467, 0.08891741931438446, 0.9229013919830322, -0.37462878227233887, 0.08696037530899048, 0.3674893081188202, 0.9259533286094666),
            ["RightHand"] = CFrame.new(4.470348358154297e-07, -3.5762786865234375e-07, 1.5087425708770752e-07, 0.9926727414131165, 0.10976923257112503, 0.05051334947347641, -0.09533248841762543, 0.968322217464447, -0.23078972101211548, -0.0742468610405922, 0.2242831289768219, 0.9716916084289551),
            ["UpperTorso"] = CFrame.new(-5.960464477539063e-08, 2.9802322387695312e-08, 1.4901161193847656e-08, 0.9135587811470032, -0.14926764369010925, 0.37832483649253845, -0.0024497865233570337, 0.9281784296035767, 0.3721274733543396, -0.40669959783554077, -0.34088706970214844, 0.8475797772407532),
            ["HumanoidRootPart"] = CFrame.new(0, 0, 0, 1, 0, 0, 0, 1, 0, 0, 0, 1),
            ["RightUpperLeg"] = CFrame.new(1.7881393432617188e-07, -4.954636096954346e-07, -3.146196831949055e-07, 0.89247065782547, -0.45021286606788635, 0.028362637385725975, 0.10001558065414429, 0.13617122173309326, -0.985623836517334, 0.43987852334976196, 0.8824771046638489, 0.16655714809894562),
            ["LeftUpperArm"] = CFrame.new(-2.384185791015625e-07, -2.384185791015625e-07, -2.682209014892578e-07, 0.7428845763206482, 0.44723838567733765, -0.4980967342853546, -0.46357014775276184, 0.8804900646209717, 0.09919706732034683, 0.4829339385032654, 0.1572107970714569, 0.8614287972450256),
            ["RightLowerArm"] = CFrame.new(-6.854534149169922e-07, 3.5762786865234375e-07, -1.7881393432617188e-07, 1, -2.980232594040899e-08, -4.4703494239684005e-08, 6.705523247774181e-08, 0.7271788716316223, -0.6864480972290039, -7.450581485102248e-09, 0.6864480972290039, 0.7271788120269775),
            ["LeftHand"] = CFrame.new(5.662441253662109e-07, -2.384185791015625e-07, 0, 0.8783659338951111, 0.07462871819734573, -0.4721270799636841, -0.19130565226078033, 0.9600635170936584, -0.20415714383125305, 0.43803608417510986, 0.26964521408081055, 0.8575639724731445),
            ["LeftFoot"] = CFrame.new(0, -5.960464477539063e-08, -2.9802322387695312e-08, 0.9999787211418152, -0.0065267933532595634, 0.00009125856013270095, 0.006224785465747118, 0.9493206739425659, -0.3142477869987488, 0.0019647767767310143, 0.3142417371273041, 0.9493410587310791),
            ["LowerTorso"] = CFrame.new(-0.3084906041622162, -0.11462748050689697, 0.23276111483573914, 0.9361960291862488, 0.0682680532336235, -0.34478479623794556, -0.04295879229903221, 0.9958261847496033, 0.08052923530340195, 0.3488432466983795, -0.06057961657643318, 0.9352210760116577),
            ["RightLowerLeg"] = CFrame.new(-2.9802322387695312e-08, -0.000003635883331298828, -0.000013567674614023417, 1, -2.1606678046737215e-07, -3.0174862786225276e-07, 2.738088369369507e-07, -0.20588864386081696, 0.9785754084587097, -2.8312206268310547e-07, -0.9785754084587097, -0.20588873326778412),
            ["LeftUpperLeg"] = CFrame.new(-4.76837158203125e-07, 2.2165477275848389e-07, -1.2293457984924316e-07, 0.7438647150993347, 0.1954507976770401, 0.6391118764877319, 0.07300473749637604, 0.9267964959144592, -0.36840012669563293, -0.6643309593200684, 0.3206980228424072, 0.6751425266265869),
            ["LeftLowerLeg"] = CFrame.new(-3.3527612686157227e-08, 0.000003933906555175781, 0.000013232231140136719, 1, -4.0978189730367376e-08, -4.1443851017675115e-08, 1.769513069405093e-08, 0.7921240329742432, 0.6103599667549133, -2.7474019503870295e-08, -0.6103600859642029, 0.7921241521835327)
        }},
        [2] = {Time = 0.033, Data = {
            ["RightFoot"] = CFrame.new(-8.195638656616211e-08, 3.5762786865234375e-07, -2.8107024263590574e-08, 0.9998640418052673, -0.0002453998604323715, 0.016490301117300987, -0.007057044189423323, 0.8973508477210999, 0.44126152992248535, -0.014905791729688644, -0.4413178861141205, 0.8972269892692566),
            ["LeftLowerArm"] = CFrame.new(-5.960464477539062e-07, 4.172325134277344e-07, -9.834766387939453e-07, 1, -1.0430816388407038e-07, 9.685753354915505e-08, 7.450581307466564e-08, 0.6188764572143555, -0.7854883074760437, -1.4901162970204496e-08, 0.7854883670806885, 0.6188764572143555),
            ["RightUpperArm"] = CFrame.new(3.5762786865234375e-07, 2.384185791015625e-07, -2.384185791015625e-07, 0.5981296896934509, 0.27295559644699097, 0.7534828186035156, 0.06669426709413528, 0.9199930429458618, -0.3862185478210449, -0.798619270324707, 0.2812616527080536, 0.5320705771446228),
            ["Head"] = CFrame.new(-7.078051567077637e-08, 4.76837158203125e-07, -4.0978193283081055e-08, 0.9861480593681335, -0.13659118115901947, -0.09410025179386139, 0.09322305768728256, 0.9256614446640015, -0.3666883707046509, 0.13719134032726288, 0.3528366982936859, 0.9255727529525757),
            ["RightHand"] = CFrame.new(3.0547380447387695e-07, -2.980232238769531e-07, 3.073364496231079e-07, 0.998572051525116, 0.052861958742141724, -0.007722316309809685, -0.053351324051618576, 0.9792696237564087, -0.19540920853614807, -0.0027675412129610777, 0.1955421417951584, 0.9806914925575256),
            ["UpperTorso"] = CFrame.new(1.4901161193847656e-08, -5.960464477539062e-07, 0, 0.8903923630714417, -0.13028526306152344, 0.4361504912376404, -0.06141689792275429, 0.9150174856185913, 0.3987118899822235, -0.4510316252708435, -0.38179701566696167, 0.8067227005958557),
            ["HumanoidRootPart"] = CFrame.new(0, 0, 0, 1, 0, 0, 0, 1, 0, 0, 0, 1),
            ["RightUpperLeg"] = CFrame.new(1.1920928955078125e-07, -6.635673344135284e-07, -1.8423452274873853e-07, 0.9087991714477539, -0.3816932737827301, 0.16850681602954865, 0.17146717011928558, -0.026517806574702263, -0.9848328828811646, 0.3803725838661194, 0.9239086508750916, 0.04134826362133026),
            ["LeftUpperArm"] = CFrame.new(-2.384185791015625e-07, 0, 4.470348358154297e-08, 0.7526107430458069, 0.5377224087715149, -0.3800417482852936, -0.5084231495857239, 0.8413203358650208, 0.18353776633739471, 0.4184291958808899, 0.05508946627378464, 0.9065771102905273),
            ["RightLowerArm"] = CFrame.new(-2.682209014892578e-07, 4.76837158203125e-07, -1.4901161193847656e-07, 1, -7.450579175838357e-08, 1.4901161193847656e-08, 8.940694584680386e-08, 0.5688422918319702, -0.8224467039108276, 4.470347292340193e-08, 0.8224467039108276, 0.5688421726226807),
            ["LeftHand"] = CFrame.new(2.9802322387695312e-08, -1.7881393432617188e-07, -1.4901161193847656e-07, 0.8987937569618225, 0.1554134339094162, -0.4098982512950897, -0.19531480967998505, 0.9790798425674438, -0.0570521205663681, 0.3924564719200134, 0.13133718073368073, 0.9103453159332275),
            ["LeftFoot"] = CFrame.new(6.076879799365997e-08, -5.960464477539063e-08, 6.705522537231445e-08, 0.9999400973320007, 0.01094452477991581, -0.00022534644813276827, -0.009888729080557823, 0.8942684531211853, -0.4474221169948578, -0.0046956888400018215, 0.44739705324172974, 0.89432293176651),
            ["LowerTorso"] = CFrame.new(-0.3458937406539917, -0.20499324798583984, 0.2301076054573059, 0.9324800372123718, 0.04772135987877846, -0.35805559158325195, -0.03359266743063927, 0.9983958005905151, 0.045580387115478516, 0.35965627431869507, -0.03047475777566433, 0.9325871467590332),
            ["RightLowerLeg"] = CFrame.new(-2.9802322387695312e-08, -0.0000037550926208496094, -0.000013308766938280314, 1, 1.1920930376163597e-07, 1.7136333951839333e-07, -3.306195139884949e-08, -0.3793927729129791, 0.9252356290817261, 2.086162567138672e-07, -0.9252358078956604, -0.37939292192459106),
            ["LeftUpperLeg"] = CFrame.new(-1.1920928955078125e-07, -3.03611159324646e-07, -9.685754776000977e-08, 0.7356973886489868, 0.28183650970458984, 0.6158879399299622, 0.060280684381723404, 0.8784596920013428, -0.4739987552165985, -0.6746225357055664, 0.3858458399772644, 0.6292909979820251),
            ["LeftLowerLeg"] = CFrame.new(4.0046870708465576e-08, 0.000003874301910400391, 0.000013321638107299805, 1, 2.7660294676934427e-07, 4.9592944861842625e-08, -1.564622067462551e-07, 0.5915988683700562, 0.8062329888343811, 8.870848233755169e-08, -0.8062325119972229, 0.5915982127189636)
        }},
        [3] = {Time = 0.067, Data = {
            ["RightFoot"] = CFrame.new(-6.705522537231445e-08, 3.5762786865234375e-07, -1.3205863069742918e-08, 0.9761536717414856, 0.04351062700152397, 0.21267549693584442, -0.12408823519945145, 0.9157077670097351, 0.38220641016960144, -0.1781187206506729, -0.39948251843452454, 0.8992704749107361),
            ["LeftLowerArm"] = CFrame.new(5.364418029785156e-07, -5.960464477539063e-08, -7.003545761108398e-07, 1, -4.4703494239684005e-08, 8.195637946073475e-08, 7.450581307466564e-08, 0.4110119938850403, -0.9116300344467163, 5.587936158235607e-08, 0.9116300344467163, 0.4110119044780731),
            ["RightUpperArm"] = CFrame.new(4.76837158203125e-07, 4.76837158203125e-07, -1.1920928955078125e-07, 0.6267665028572083, 0.23490162193775177, 0.7429569363594055, 0.03156455233693123, 0.9450414776802063, -0.3254231810569763, -0.7785676121711731, 0.22741547226905823, 0.584905743598938),
            ["Head"] = CFrame.new(-1.1548399925231934e-07, 2.384185791015625e-07, 1.4156103134155273e-07, 0.9785832166671753, -0.15567274391651154, -0.134688600897789, 0.10043857246637344, 0.9322087168693542, -0.347705602645874, 0.17968617379665375, 0.3267309069633484, 0.9278791546821594),
            ["RightHand"] = CFrame.new(2.3469328880310059e-07, -2.384185791015625e-07, -1.1746305972337723e-07, 0.9994598627090454, 0.030650779604911804, 0.011855347082018852, -0.02853366732597351, 0.9883222579956055, -0.14968302845954895, -0.016304826363921165, 0.1492639034986496, 0.9886630773544312),
            ["UpperTorso"] = CFrame.new(-1.4901161193847656e-08, -4.76837158203125e-07, 1.4901161193847656e-08, 0.8751550912857056, -0.0896591991186142, 0.47546276450157166, -0.1328941136598587, 0.9003443717956543, 0.4143902361392975, -0.46523407101631165, -0.42584195733070374, 0.7760257720947266),
            ["HumanoidRootPart"] = CFrame.new(0, 0, 0, 1, 0, 0, 0, 1, 0, 0, 0, 1),
            ["RightUpperLeg"] = CFrame.new(1.1920928955078125e-07, -5.220063030719757e-07, -1.3208045857027173e-07, 0.9071044921875, -0.3082627058029175, 0.28659316897392273, 0.23851044476032257, -0.1845679134130478, -0.9534398317337036, 0.3468056619167328, 0.9332250356674194, -0.09389881044626236),
            ["LeftUpperArm"] = CFrame.new(-3.5762786865234375e-07, 3.5762786865234375e-07, -1.043081283569336e-07, 0.7028486728668213, 0.6601179242134094, -0.2650434374809265, -0.5925591588020325, 0.7494648098945618, 0.29525643587112427, 0.3935447633266449, -0.05046667903661728, 0.9179191589355469),
            ["RightLowerArm"] = CFrame.new(-1.7881393432617188e-07, 0.0000018477439880371094, -3.5762786865234375e-07, 1, -6.70552182668871e-08, 1.30385160446167e-08, 1.1920926112907182e-07, 0.4407503306865692, -0.8976297378540039, 4.470347292340193e-08, 0.8976297378540039, 0.4407504200935364),
            ["LeftHand"] = CFrame.new(7.450580596923828e-07, -3.5762786865234375e-07, -3.2782554626464844e-07, 0.9321953058242798, 0.2321910858154297, -0.2776676118373871, -0.25841766595840454, 0.9640810489654541, -0.061385683715343475, 0.2534410059452057, 0.1289777010679245, 0.9587140083312988),
            ["LeftFoot"] = CFrame.new(5.122274160385132e-09, 5.960464477539063e-08, -2.60770320892334e-08, 0.9996587038040161, 0.026110241189599037, -0.0009290250018239021, -0.022435693070292473, 0.83967524766922, -0.5426257252693176, -0.013388514518737793, 0.5424607396125793, 0.8399741649627686),
            ["LowerTorso"] = CFrame.new(-0.37592729926109314, -0.28858745098114014, 0.21846464276313782, 0.9346230626106262, 0.023079808801412582, -0.35489046573638916, -0.018765324726700783, 0.9997023940086365, 0.015594758093357086, 0.3551447093486786, -0.007915586233139038, 0.9347779154777527),
            ["RightLowerLeg"] = CFrame.new(1.4901161193847656e-08, -0.0000037550926208496094, -0.000013310163922142237, 1, -3.3155092182823864e-07, -4.246829803378205e-07, 3.5390249308875354e-07, -0.5009655952453613, 0.865467369556427, -4.936008508593659e-07, -0.8654672503471375, -0.5009654760360718),
            ["LeftUpperLeg"] = CFrame.new(-2.980232238769531e-07, -5.568726919591427e-07, -9.685754776000977e-08, 0.738620400428772, 0.342594176530838, 0.5805769562721252, 0.04425731301307678, 0.8347324132919312, -0.5488741993904114, -0.6726672053337097, 0.4311044216156006, 0.6013879179954529),
            ["LeftLowerLeg"] = CFrame.new(-1.7136335372924805e-07, 0.0000040531158447265625, 0.0000133514404296875, 1, 2.6077044523731274e-08, 1.210719524635806e-08, 1.862645149230957e-09, 0.41186100244522095, 0.9112470149993896, 3.166496753692627e-08, -0.911246657371521, 0.4118604362010956)
        }},
        [4] = {Time = 0.100, Data = {
            ["RightFoot"] = CFrame.new(0, 2.980232238769531e-07, 3.894820110872388e-08, 0.8657213449478149, 0.13921841979026794, 0.48077452182769775, -0.277065247297287, 0.9332458972930908, 0.22866401076316833, -0.4168471395969391, -0.3311653137207031, 0.846503734588623),
            ["LeftLowerArm"] = CFrame.new(-5.960464477539063e-08, 7.748603820800781e-07, -9.611248970031738e-07, 1, -5.960467319710006e-08, 2.2351747119842003e-08, 1.0430816388407038e-07, 0.3004714548587799, -0.9537909030914307, 5.401672709126615e-08, 0.9537908434867859, 0.3004715144634247),
            ["RightUpperArm"] = CFrame.new(3.5762786865234375e-07, 1.1920928955078125e-07, -3.8743019104003906e-07, 0.6538235545158386, 0.2076428234577179, 0.727598249912262, 0.012519602663815022, 0.9585081338882446, -0.2847903370857239, -0.7565434575080872, 0.19531193375587463, 0.624095618724823),
            ["Head"] = CFrame.new(0, -4.76837158203125e-07, -1.6763806343078613e-07, 0.9740267395973206, -0.15258902311325073, -0.16729775071144104, 0.09796490520238876, 0.9500901103019714, -0.29619553685188293, 0.20414406061172485, 0.27211305499076843, 0.940361499786377),
            ["RightHand"] = CFrame.new(3.7066638469696045e-07, -2.384185791015625e-07, 2.0035076886415482e-07, 0.9998146295547485, 0.017126716673374176, 0.008799958974123001, -0.01654687523841858, 0.9979264140129089, -0.06220210716128349, -0.009847046807408333, 0.062044959515333176, 0.9980248212814331),
            ["UpperTorso"] = CFrame.new(-1.0617077350616455e-07, -8.940696716308594e-08, 1.4901161193847656e-08, 0.8966812491416931, -0.032021570950746536, 0.441517174243927, -0.17666412889957428, 0.8886279463768005, 0.4232376515865326, -0.40589720010757446, -0.4575095474720001, 0.7911590337753296),
            ["HumanoidRootPart"] = CFrame.new(0, 0, 0, 1, 0, 0, 0, 1, 0, 0, 0, 1),
            ["RightUpperLeg"] = CFrame.new(1.7881393432617188e-07, -1.3218959793448448e-07, -1.376683940179646e-07, 0.7994475364685059, -0.48429742455482483, 0.35544347763061523, 0.2425171434879303, -0.28114041686058044, -0.928517758846283, 0.5496082305908203, 0.8285022974014282, -0.1073070541024208),
            ["LeftUpperArm"] = CFrame.new(0, -4.76837158203125e-07, -5.960464477539063e-08, 0.6633203625679016, 0.7250602841377258, -0.18518543243408203, -0.6361980438232422, 0.6766819357872009, 0.3706125020980835, 0.3940280079841614, -0.12802031636238098, 0.9101388454437256),
            ["RightLowerArm"] = CFrame.new(-3.2782554626464844e-07, 3.5762786865234375e-07, -4.172325134277344e-07, 1, -5.960465188081798e-08, 6.426126475389538e-08, 1.341104507446289e-07, 0.37620919942855835, -0.9265348315238953, 6.332993507385254e-08, 0.9265348315238953, 0.37620922923088074),
            ["LeftHand"] = CFrame.new(0.000001043081283569336, -1.7881393432617188e-07, -1.4901161193847656e-07, 0.9355390071868896, 0.27266058325767517, -0.2245507538318634, -0.2993370592594147, 0.9494854807853699, -0.09420634061098099, 0.18752138316631317, 0.15535008907318115, 0.9698980450630188),
            ["LeftFoot"] = CFrame.new(7.543712854385376e-08, 1.1920928955078125e-07, 0, 0.9989354610443115, 0.04612618312239647, -0.0005837101489305496, -0.03858448192477226, 0.8285390138626099, -0.5586004853248596, -0.025282686576247215, 0.5580282211303711, 0.8294366002082825),
            ["LowerTorso"] = CFrame.new(-0.38074779510498047, -0.33237576484680176, 0.2058207392692566, 0.959828794002533, 0.00445504579693079, -0.2805512249469757, -0.009191705845296383, 0.9998366236686707, -0.015569872222840786, 0.2804360091686249, 0.017523156479001045, 0.9597127437591553),
            ["RightLowerLeg"] = CFrame.new(-7.450580596923828e-08, -0.0000035762786865234375, -0.00001326941855950281, 1, 5.2154071283894154e-08, 2.980232594040899e-08, 9.685752644372769e-08, -0.5759132504463196, 0.817510724067688, 9.685752644372769e-08, -0.8175108432769775, -0.5759134292602539),
            ["LeftUpperLeg"] = CFrame.new(-4.172325134277344e-07, 4.618195816874504e-07, -1.1362135410308838e-07, 0.7890923619270325, 0.3447706401348114, 0.5083960890769958, 0.03761674463748932, 0.7989616394042969, -0.600204348564148, -0.6131216287612915, 0.4927408695220947, 0.6174854040145874),
            ["LeftLowerLeg"] = CFrame.new(0, 0.000003933906555175781, 0.00001341104507446289, 1, 1.8626454334480513e-07, 1.0430814256778831e-07, -2.0116564769523393e-07, 0.3201504051685333, 0.9473668336868286, 9.313224325069314e-08, -0.9473668336868286, 0.3201501667499542)
        }},
        [5] = {Time = 0.133, Data = {
            ["RightFoot"] = CFrame.new(8.195638656616211e-08, 2.980232238769531e-07, -6.535992724820971e-08, 0.7476800084114075, 0.27228274941444397, 0.6056693196296692, -0.37479451298713684, 0.9259458780288696, 0.04640638455748558, -0.5481823682785034, -0.2616988718509674, 0.7943621873855591),
            ["LeftLowerArm"] = CFrame.new(-5.960464477539063e-08, 0.0000010132789611816406, -2.8312206268310547e-07, 1, -1.4901168299275014e-08, 2.2351748896198842e-08, 5.960465898624534e-08, 0.29364684224128723, -0.9559140205383301, 5.5879368687783426e-08, 0.9559140205383301, 0.2936468720436096),
            ["RightUpperArm"] = CFrame.new(2.384185791015625e-07, -1.1920928955078125e-07, -3.129243850708008e-07, 0.6475558876991272, 0.13360348343849182, 0.7502143979072571, 0.014977473765611649, 0.9820883274078369, -0.18782520294189453, -0.761870801448822, 0.13286370038986206, 0.6339558959007263),
            ["Head"] = CFrame.new(-6.705522537231445e-08, 0, 1.862645149230957e-08, 0.9697120189666748, -0.1504817008972168, -0.19239017367362976, 0.10151208192110062, 0.9647204875946045, -0.24291926622390747, 0.22215764224529266, 0.21603184938430786, 0.9507766366004944),
            ["RightHand"] = CFrame.new(1.434236764907837e-07, -2.384185791015625e-07, -4.23286110162735e-07, 0.9987166523933411, -0.050586581230163574, 0.0024839688558131456, 0.05064743757247925, 0.9975955486297607, -0.047308649867773056, -0.00008473732304992154, 0.04737373813986778, 0.998877227306366),
            ["UpperTorso"] = CFrame.new(-1.0384246706962585e-07, -1.4901161193847656e-07, 8.568167686462402e-08, 0.9238818883895874, 0.03158228471875191, 0.38137248158454895, -0.19886793196201324, 0.8910738229751587, 0.40796956419944763, -0.3269464075565338, -0.45275846123695374, 0.8295275568962097),
            ["HumanoidRootPart"] = CFrame.new(0, 0, 0, 1, 0, 0, 0, 1, 0, 0, 0, 1),
            ["RightUpperLeg"] = CFrame.new(1.7881393432617188e-07, -3.982595444540493e-07, -1.2649252312257886e-07, 0.680371105670929, -0.6053078174591064, 0.41315585374832153, 0.35224172472953796, -0.22427356243133545, -0.9086402058601379, 0.6426669955253601, 0.7637433409690857, 0.060624875128269196),
            ["LeftUpperArm"] = CFrame.new(-2.384185791015625e-07, -2.384185791015625e-07, -4.470348358154297e-08, 0.623735785484314, 0.7597443461418152, -0.18369106948375702, -0.6102567315101624, 0.620184600353241, 0.4929075539112091, 0.48840606212615967, -0.19534534215927124, 0.8504703640937805),
            ["RightLowerArm"] = CFrame.new(-6.854534149169922e-07, 0.0000013113021850585938, -2.682209014892578e-07, 1, -8.195639367158947e-08, 4.8428766774577525e-08, 6.705521116145974e-08, 0.3637421727180481, -0.931499719619751, 2.607702498380604e-08, 0.9314996600151062, 0.3637421727180481),
            ["LeftHand"] = CFrame.new(5.960464477539063e-08, -7.152557373046875e-07, 2.384185791015625e-07, 0.9002609252929688, 0.37739190459251404, -0.21703849732875824, -0.41398128867149353, 0.8963754177093506, -0.15852655470371246, 0.13472139835357666, 0.23256531357765198, 0.9632049798965454),
            ["LeftFoot"] = CFrame.new(8.195638656616211e-08, -1.1920928955078125e-07, -2.60770320892334e-08, 0.9980801343917847, 0.061936356127262115, -0.000023741802579024807, -0.05254431441426277, 0.8465283513069153, -0.5297446250915527, -0.03279067948460579, 0.5287284255027771, 0.8481572866439819),
            ["LowerTorso"] = CFrame.new(-0.39131060242652893, -0.3067615032196045, 0.17660926282405853, 0.9839478135108948, -0.00013553017925005406, -0.17845657467842102, -0.002678781049326062, 0.9998759031295776, -0.015529237687587738, 0.1784365177154541, 0.015758004039525986, 0.9838252663612366),
            ["RightLowerLeg"] = CFrame.new(-1.341104507446289e-07, -0.0000034570693969726562, -0.000013154167390894145, 1, 7.078048724906694e-08, 1.9371513815258368e-07, -1.1175868053214799e-07, -0.5534976720809937, 0.8328505158424377, 3.203748804025963e-07, -0.8328507542610168, -0.5534979701042175),
            ["LeftUpperLeg"] = CFrame.new(-7.152557373046875e-07, 2.6564521249383688e-08, 7.450580596923828e-09, 0.8486361503601074, 0.2786605954170227, 0.44962793588638306, 0.049807898700237274, 0.8041242957115173, -0.5923708081245422, -0.5266269445419312, 0.5251022577285767, 0.6685293316841125),
            ["LeftLowerLeg"] = CFrame.new(1.7136335372924805e-07, 0.000003635883331298828, 0.000013262033462524414, 1, 6.705522537231445e-08, 1.490115053570662e-08, -7.078051567077637e-08, 0.3644218444824219, 0.9312341809272766, -1.1175870895385742e-08, -0.9312340021133423, 0.3644213378429413)
        }},
        [6] = {Time = 0.167, Data = {
            ["RightFoot"] = CFrame.new(-6.705522537231445e-08, 2.384185791015625e-07, 7.620110409334302e-08, 0.8082060813903809, 0.3395520746707916, 0.48115086555480957, -0.3698873817920685, 0.9284579157829285, -0.0339086689054966, -0.45824265480041504, -0.1505667269229889, 0.8759818077087402),
            ["LeftLowerArm"] = CFrame.new(2.086162567138672e-07, 1.1920928955078125e-07, 6.556510925292969e-07, 1, -8.940698847936801e-08, -4.097820394122209e-08, 7.450583439094771e-08, 0.4193741977214813, -0.907813549041748, 4.656614649434232e-08, 0.9078134894371033, 0.4193742871284485),
            ["RightUpperArm"] = CFrame.new(4.76837158203125e-07, 4.76837158203125e-07, -4.470348358154297e-07, 0.6194521188735962, 0.09323296695947647, 0.7794785499572754, 0.03399604186415672, 0.98880535364151, -0.14528712630271912, -0.7842980623245239, 0.11649760603904724, 0.6093479990959167),
            ["Head"] = CFrame.new(-1.1920928955078125e-07, 4.76837158203125e-07, -1.862645149230957e-08, 0.9691320657730103, -0.12805379927158356, -0.210678368806839, 0.08650970458984375, 0.9768244624137878, -0.1957806646823883, 0.2308662384748459, 0.17151154577732086, 0.9577497839927673),
            ["RightHand"] = CFrame.new(2.0489096641540527e-07, -3.5762786865234375e-07, -2.5704503059387207e-07, 0.9941259026527405, -0.10779263079166412, -0.009728007018566132, 0.10604622215032578, 0.9880854487419128, -0.11154059320688248, 0.021635353565216064, 0.10985372960567474, 0.993712306022644),
            ["UpperTorso"] = CFrame.new(-5.029141902923584e-08, -1.1920928955078125e-07, 4.0978193283081055e-08, 0.9448082447052002, 0.04929807037115097, 0.323893666267395, -0.17266184091567993, 0.9151050448417664, 0.3643772006034851, -0.278433620929718, -0.40019068121910095, 0.8731105923652649),
            ["HumanoidRootPart"] = CFrame.new(0, 0, 0, 1, 0, 0, 0, 1, 0, 0, 0, 1),
            ["RightUpperLeg"] = CFrame.new(2.384185791015625e-07, -7.241033017635345e-08, -1.162479748018086e-07, 0.6691073179244995, -0.6951274871826172, 0.2628565728664398, 0.36569714546203613, 0.000059552468883339316, -0.930733859539032, 0.6469629406929016, 0.7188866138458252, 0.25424590706825256),
            ["LeftUpperArm"] = CFrame.new(-2.384185791015625e-07, 5.960464477539062e-07, 1.4901161193847656e-08, 0.5981873869895935, 0.7486466765403748, -0.2858320474624634, -0.5310590267181396, 0.637460470199585, 0.558229923248291, 0.6001235246658325, -0.18213239312171936, 0.7788963317871094),
            ["RightLowerArm"] = CFrame.new(-3.5762786865234375e-07, 7.152557373046875e-07, -1.7136335372924805e-07, 1, -8.940698137394065e-08, 1.4901161193847656e-08, 7.450580596923828e-08, 0.4866681396961212, -0.8735870122909546, 7.264316082000732e-08, 0.8735870122909546, 0.48666810989379883),
            ["LeftHand"] = CFrame.new(4.172325134277344e-07, -2.384185791015625e-07, -1.2665987014770508e-07, 0.8704200983047485, 0.41956815123558044, -0.2575485110282898, -0.46724599599838257, 0.8688385486602783, -0.16370977461338043, 0.1550806760787964, 0.26283493638038635, 0.9522960782051086),
            ["LeftFoot"] = CFrame.new(3.725290298461914e-08, 5.960464477539063e-08, -3.725290298461914e-08, 0.9987059831619263, 0.05085010454058647, 0.0008001355454325676, -0.045060984790325165, 0.8920793533325195, -0.4496271312236786, -0.02357751689851284, 0.4490087628364563, 0.893216073513031),
            ["LowerTorso"] = CFrame.new(-0.37216416001319885, -0.23328697681427002, 0.16994068026542664, 0.9951655268669128, 0.00946053583174944, -0.09775599092245102, -0.006764814257621765, 0.9995887279510498, 0.027870770543813705, 0.09797945618629456, -0.027074726298451424, 0.9948201179504395),
            ["RightLowerLeg"] = CFrame.new(1.4901161193847656e-08, -0.000003635883331298828, -0.000013409349776338786, 1, 2.2351750317284313e-07, 1.1920936060505483e-07, -5.494803190231323e-08, -0.37736776471138, 0.9260634779930115, -2.9802322387695312e-08, -0.926063597202301, -0.3773679733276367),
            ["LeftUpperLeg"] = CFrame.new(-5.364418029785156e-07, 5.876645445823669e-07, -6.332993507385254e-08, 0.8891617059707642, 0.20982512831687927, 0.40665122866630554, 0.06325626373291016, 0.8237801790237427, -0.5633689761161804, -0.45319992303848267, 0.526649534702301, 0.7192010879516602),
            ["LeftLowerLeg"] = CFrame.new(-1.4156103134155273e-07, 0.000003814697265625, 0.000013217329978942871, 1, 3.725291630729544e-09, -4.8428763221863846e-08, 0, 0.510978639125824, 0.8595938682556152, -1.564621925354004e-07, -0.8595935106277466, 0.5109779238700867)
        }},
        [7] = {Time = 0.200, Data = {
            ["RightFoot"] = CFrame.new(5.21540641784668e-08, 5.364418029785156e-07, 3.894820110872388e-08, 0.9123392701148987, 0.30321186780929565, 0.2751348912715912, -0.29651036858558655, 0.95269775390625, -0.06669976562261581, -0.28234490752220154, -0.02072763256728649, 0.9590891003608704),
            ["LeftLowerArm"] = CFrame.new(1.7881393432617188e-07, 0.0000010728836059570312, -2.3096799850463867e-07, 1, -7.823112468940963e-08, -1.3038517820973539e-08, 7.450584149637507e-08, 0.5814236402511597, -0.813601016998291, 2.980233659855003e-08, 0.8136009573936462, 0.5814236402511597),
            ["RightUpperArm"] = CFrame.new(7.152557373046875e-07, 1.1920928955078125e-07, -2.8312206268310547e-07, 0.5795660018920898, 0.0756848007440567, 0.811403214931488, 0.06026120483875275, 0.9889716506004333, -0.13529086112976074, -0.8126941919326782, 0.12730611860752106, 0.5686134696006775),
            ["Head"] = CFrame.new(1.341104507446289e-07, -4.76837158203125e-07, -2.3469328880310059e-07, 0.9727404713630676, -0.09615091234445572, -0.21102367341518402, 0.05965068191289902, 0.9831173419952393, -0.17298050224781036, 0.22409319877624512, 0.1556774079799652, 0.9620534777641296),
            ["RightHand"] = CFrame.new(2.905726432800293e-07, -3.5762786865234375e-07, 1.4901161193847656e-08, 0.9884963631629944, -0.1464870423078537, -0.037637077271938324, 0.1383887529373169, 0.9764196276664734, -0.16569042205810547, 0.06102108955383301, 0.15857581794261932, 0.9854593873023987),
            ["UpperTorso"] = CFrame.new(-3.3760443329811096e-08, 2.682209014892578e-07, 5.587935447692871e-08, 0.966923177242279, 0.04337485879659653, 0.251352995634079, -0.12706662714481354, 0.9363641738891602, 0.32722505927085876, -0.22116459906101227, -0.3483400046825409, 0.9109036922454834),
            ["HumanoidRootPart"] = CFrame.new(0, 0, 0, 1, 0, 0, 0, 1, 0, 0, 0, 1),
            ["RightUpperLeg"] = CFrame.new(1.7881393432617188e-07, 3.948807716369629e-07, -8.109054761007428e-08, 0.6406770944595337, -0.7677867412567139, 0.006027668714523315, 0.27936819195747375, 0.22579127550125122, -0.9332587122917175, 0.7151826620101929, 0.5996014475822449, 0.35915425419807434),
            ["LeftUpperArm"] = CFrame.new(-1.1920928955078125e-07, -3.5762786865234375e-07, -7.450580596923828e-08, 0.5191093683242798, 0.7362581491470337, -0.43410763144493103, -0.45127570629119873, 0.6674363017082214, 0.5923505425453186, 0.7258620262145996, -0.11159257590770721, 0.6787278056144714),
            ["RightLowerArm"] = CFrame.new(-2.980232238769531e-07, 2.384185791015625e-07, -2.60770320892334e-07, 1, -8.195638656616211e-08, 5.960464477539063e-08, 4.4703494239684005e-08, 0.6068493127822876, -0.7948169708251953, 5.960465898624534e-08, 0.7948169112205505, 0.6068492531776428),
            ["LeftHand"] = CFrame.new(2.980232238769531e-07, -0.0000010132789611816406, 2.682209014892578e-07, 0.8944045901298523, 0.38008913397789, -0.23573894798755646, -0.41296160221099854, 0.9042139053344727, -0.10890417546033859, 0.17176510393619537, 0.19475556910037994, 0.9656951427459717),
            ["LeftFoot"] = CFrame.new(4.377216100692749e-08, 5.960464477539063e-08, -1.862645149230957e-08, 0.9995591640472412, 0.029672129079699516, 0.0010662286076694727, -0.027348149567842484, 0.9340646266937256, -0.3560555577278137, -0.011560802347958088, 0.35586926341056824, 0.9344642162322998),
            ["LowerTorso"] = CFrame.new(-0.3366948068141937, -0.17110180854797363, 0.16418910026550293, 0.9995478987693787, 0.0206693634390831, -0.02184063009917736, -0.01908583752810955, 0.9973377585411072, 0.07037930190563202, 0.023237183690071106, -0.06993062794208527, 0.9972811937332153),
            ["RightLowerLeg"] = CFrame.new(-1.4901161193847656e-08, -0.0000035762786865234375, -0.000013042408681940287, 1, -8.195639793484588e-07, -9.611248970031738e-07, 8.12113398751535e-07, -0.08460265398025513, 0.9964147806167603, -9.788201396077056e-07, -0.996414840221405, -0.08460260927677155),
            ["LeftUpperLeg"] = CFrame.new(-3.5762786865234375e-07, 9.452924132347107e-07, 2.7939677238464355e-08, 0.9210720062255859, 0.1526268869638443, 0.35823386907577515, 0.06827591359615326, 0.8424271941184998, -0.5344668626785278, -0.3833598494529724, 0.516741156578064, 0.7655153870582581),
            ["LeftLowerLeg"] = CFrame.new(-5.4016709327697754e-08, 0.000003993511199951172, 0.000013172626495361328, 1, 7.450582373280668e-09, -4.0046870708465576e-08, -3.725290742551124e-09, 0.6499243974685669, 0.7599990367889404, -8.381903882082042e-08, -0.7599989175796509, 0.6499242782592773)
        }},
        [8] = {Time = 0.233, Data = {
            ["RightFoot"] = CFrame.new(-3.725290298461914e-09, 1.7881393432617188e-07, -6.908521754667163e-08, 0.9875567555427551, 0.14756238460540771, 0.05437731370329857, -0.13460369408130646, 0.9719319939613342, -0.19295166432857513, -0.08132379502058029, 0.18323096632957458, 0.9797003269195557),
            ["LeftLowerArm"] = CFrame.new(1.7881393432617188e-07, -3.5762786865234375e-07, -7.003545761108398e-07, 1, -6.722986967133693e-08, 5.587934559514451e-09, 6.705525379402388e-08, 0.741864800453186, -0.6705495119094849, 1.043081780949251e-07, 0.6705494523048401, 0.741864800453186),
            ["RightUpperArm"] = CFrame.new(4.76837158203125e-07, 2.384185791015625e-07, -4.172325134277344e-07, 0.5727275013923645, 0.07912199944257736, 0.8159184455871582, 0.05269915610551834, 0.9897184371948242, -0.13296766579151154, -0.8180501461029053, 0.1191524788737297, 0.5626692175865173),
            ["Head"] = CFrame.new(7.450580596923828e-09, -2.384185791015625e-07, -1.6763806343078613e-07, 0.9787732362747192, -0.043976765125989914, -0.2001722902059555, 0.011856753379106522, 0.9872216582298279, -0.15891186892986298, 0.20460286736488342, 0.15316525101661682, 0.9667875170707703),
            ["RightHand"] = CFrame.new(3.427267074584961e-07, -1.1920928955078125e-07, 3.427267074584961e-07, 0.9870222806930542, -0.1566297858953476, -0.03541582450270653, 0.1474786102771759, 0.9714154601097107, -0.18601670861244202, 0.06353916972875595, 0.17837955057621002, 0.9819081425666809),
            ["UpperTorso"] = CFrame.new(-5.494803190231323e-08, -2.980232238769531e-07, 1.7695128917694092e-08, 0.9848350882530212, 0.012877518311142921, 0.17301473021507263, -0.06705251336097717, 0.9480034112930298, 0.3111165463924408, -0.1600121557712555, -0.31799960136413574, 0.9344905018806458),
            ["HumanoidRootPart"] = CFrame.new(0, 0, 0, 1, 0, 0, 0, 1, 0, 0, 0, 1),
            ["RightUpperLeg"] = CFrame.new(1.1920928955078125e-07, 6.379559636116028e-08, -1.3487442629411817e-07, 0.600946307182312, -0.7413307428359985, -0.29881754517555237, 0.19194452464580536, 0.4967633783817291, -0.846394419670105, 0.77590012550354, 0.45128148794174194, 0.4408227205276489),
            ["LeftUpperArm"] = CFrame.new(-2.384185791015625e-07, -3.5762786865234375e-07, -5.960464477539063e-08, 0.44105279445648193, 0.6687731742858887, -0.5985106825828552, -0.4165583550930023, 0.7432385683059692, 0.5235224366188049, 0.7949538826942444, 0.018413573503494263, 0.6063904166221619),
            ["RightLowerArm"] = CFrame.new(-3.5762786865234375e-07, 5.960464477539062e-07, -8.381903171539307e-08, 1, -8.940698137394065e-08, 2.980232594040899e-08, 6.70552182668871e-08, 0.6896991729736328, -0.7240960001945496, -3.0442603105029775e-08, 0.7240960001945496, 0.6896992325782776),
            ["LeftHand"] = CFrame.new(1.7881393432617188e-07, -6.556510925292969e-07, 3.725290298461914e-07, 0.9448161721229553, 0.27534887194633484, -0.17749828100204468, -0.28858286142349243, 0.9559800028800964, -0.053125470876693726, 0.15505670011043549, 0.10141681134700775, 0.9826861619949341),
            ["LeftFoot"] = CFrame.new(-1.6065314412117004e-08, -5.960464477539063e-08, -1.862645149230957e-08, 0.9999998807907104, 0.000530501245521009, -0.00017653660324867815, -0.0005582995363511145, 0.9649096727371216, -0.26258185505867004, 0.00003108336022705771, 0.26258161664009094, 0.9649097919464111),
            ["LowerTorso"] = CFrame.new(-0.28749170899391174, -0.13171982765197754, 0.1485569328069687, 0.9984426498413086, 0.03173884004354477, 0.04588056355714798, -0.03542715311050415, 0.9960066676139832, 0.08194945007562637, -0.04309636354446411, -0.08344724029302597, 0.9955798983573914),
            ["RightLowerLeg"] = CFrame.new(4.470348358154297e-08, -0.0000035762786865234375, -0.000013267788744997233, 1, -2.2538021937634767e-07, -2.9429796200020064e-07, 2.5331974029541016e-07, 0.34943726658821106, 0.9369600415229797, -2.8312206268310547e-07, -0.9369597434997559, 0.3494366705417633),
            ["LeftUpperLeg"] = CFrame.new(-4.76837158203125e-07, 1.2665987014770508e-07, -1.0803341865539551e-07, 0.9447146654129028, 0.11696673929691315, 0.3063218891620636, 0.05527682602405548, 0.8640282154083252, -0.5003994703292847, -0.3232008218765259, 0.4896673560142517, 0.8097946047782898),
            ["LeftLowerLeg"] = CFrame.new(-3.632158041000366e-08, 0.0000037550926208496094, 0.000013485550880432129, 1, 6.565822019410916e-08, 3.7485715864704616e-08, -7.54371214384264e-08, 0.7497645020484924, 0.6617050766944885, -7.24103230709261e-08, -0.6617047786712646, 0.7497642040252686)
        }},
        [9] = {Time = 0.267, Data = {
            ["RightFoot"] = CFrame.new(-7.450580596923828e-09, 2.980232238769531e-07, 1.4733814168721437e-08, 0.9996510148048401, -0.02400822937488556, -0.011020931415259838, 0.021441485732793808, 0.9810793995857239, -0.19241508841514587, 0.015431810170412064, 0.19211164116859436, 0.9812517762184143),
            ["LeftLowerArm"] = CFrame.new(1.7881393432617188e-07, 0.0000013113021850585938, 3.2782554626464844e-07, 1, -7.450582373280668e-09, -4.656613761255812e-09, -7.450582373280668e-09, 0.8666415214538574, -0.4989314079284668, 5.5879368687783426e-08, 0.4989314675331116, 0.8666414618492126),
            ["RightUpperArm"] = CFrame.new(4.76837158203125e-07, 3.5762786865234375e-07, -2.682209014892578e-07, 0.5715917944908142, 0.0674377903342247, 0.8177621364593506, 0.04905357211828232, 0.9920260310173035, -0.1160956621170044, -0.81907057762146, 0.10647346079349518, 0.5637258291244507),
            ["Head"] = CFrame.new(-8.195638656616211e-08, -2.384185791015625e-07, -8.568167686462402e-08, 0.9837504625320435, 0.006960047408938408, -0.1794065684080124, -0.03427860885858536, 0.9881481528282166, -0.14962682127952576, 0.17623889446258545, 0.1533452421426773, 0.9723297357559204),
            ["RightHand"] = CFrame.new(2.384185791015625e-07, -2.980232238769531e-07, -2.9802322387695312e-08, 0.9854945540428162, -0.16650912165641785, -0.03279375657439232, 0.1580360233783722, 0.9708439707756042, -0.1802404224872589, 0.06184922903776169, 0.17244330048561096, 0.9830758571624756),
            ["UpperTorso"] = CFrame.new(1.7695128917694092e-08, -5.364418029785156e-07, 1.30385160446167e-08, 0.995299220085144, -0.012400075793266296, 0.09605053812265396, -0.016675740480422974, 0.9550145268440247, 0.29609009623527527, -0.09540119767189026, -0.2962999939918518, 0.9503183364868164),
            ["HumanoidRootPart"] = CFrame.new(0, 0, 0, 1, 0, 0, 0, 1, 0, 0, 0, 1),
            ["RightUpperLeg"] = CFrame.new(1.1920928955078125e-07, -2.3189932107925415e-07, -1.0414078133180737e-07, 0.5688059329986572, -0.6908005475997925, -0.44637900590896606, 0.11535429209470749, 0.6043695211410522, -0.7883087396621704, 0.814342200756073, 0.3969031572341919, 0.4234561622142792),
            ["LeftUpperArm"] = CFrame.new(-2.384185791015625e-07, 1.1920928955078125e-07, -2.9802322387695312e-08, 0.3707067668437958, 0.5769085884094238, -0.7278412580490112, -0.4045947790145874, 0.8057215213775635, 0.43256914615631104, 0.8359901905059814, 0.13412436842918396, 0.5321006178855896),
            ["RightLowerArm"] = CFrame.new(-4.76837158203125e-07, 3.5762786865234375e-07, -3.427267074584961e-07, 1, -8.195638656616211e-08, 5.960465188081798e-08, 5.5879347371501353e-08, 0.7430368661880493, -0.6692505478858948, 4.470347647611561e-08, 0.66925048828125, 0.7430368661880493),
            ["LeftHand"] = CFrame.new(2.5331974029541016e-07, -7.748603820800781e-07, 4.470348358154297e-08, 0.9767121076583862, 0.17600278556346893, -0.12270487844944, -0.18289503455162048, 0.9819948077201843, -0.0472843311727047, 0.11217337846755981, 0.0686253234744072, 0.9913162589073181),
