return {
    ["Feel The Flow"] = {
        {Time = 0.000, Data = {
            ["RightFoot"] = CFrame.new(4.6566128730773926e-08, 2.980232238769531e-07, 2.2184394765645266e-08, 0.9652964472770691, 0.26056161522865295, 0.017619378864765167, -0.2294812798500061, 0.8784893751144409, -0.41904011368751526, -0.12466420233249664, 0.4004550278186798, 0.9077968597412109),
            ["LeftLowerArm"] = CFrame.new(2.9802322387695312e-08, -3.5762786865234375e-07, -1.6391277313232422e-07, 1, -5.215407838932151e-08, 7.450580596923828e-08, 1.1920931797249068e-07, 0.07348614931106567, -0.9972962737083435, 8.940698847936801e-08, 0.9972962737083435, 0.07348612695932388),
            ["LeftFoot"] = CFrame.new(7.450580596923828e-09, 5.960464477539063e-08, 0, 0.9601348042488098, -0.2754071354866028, 0.047876179218292236, 0.22943399846553802, 0.6785575747489929, -0.6977961659431458, 0.15969137847423553, 0.6809629201889038, 0.7146945595741272),
            ["Head"] = CFrame.new(1.862645149230957e-09, 1.1920928955078125e-07, -9.313225746154785e-10, 0.992660641670227, 0.11939740180969238, -0.019209004938602448, -0.11839886009693146, 0.9918680787086487, 0.046684857457876205, 0.02462683618068695, -0.04406784102320671, 0.9987249374389648),
            ["LowerTorso"] = CFrame.new(-0.03877253457903862, -0.3623168468475342, -0.14457851648330688, 0.9957030415534973, -0.043629955500364304, -0.08168217539787292, 0.038397178053855896, 0.9971740245819092, -0.06457344442605972, 0.08426868170499802, 0.06115961819887161, 0.9945643544197083),
            ["UpperTorso"] = CFrame.new(-7.450580596923828e-09, 8.940696716308594e-08, -4.6566128730773926e-09, 0.9977226257324219, 0.044691599905490875, -0.05052011087536812, -0.04079762101173401, 0.9962999224662781, 0.07564396411180496, 0.053713832050561905, -0.07341057062149048, 0.9958542585372925),
            ["HumanoidRootPart"] = CFrame.new(0, 0, 0, 1, 0, 0, 0, 1, 0, 0, 0, 1),
            ["RightUpperLeg"] = CFrame.new(5.960464477539063e-08, -2.3189932107925415e-07, 3.55576048605144e-08, 0.8918049335479736, -0.44623690843582153, -0.07454217225313187, 0.3379998207092285, 0.7666767835617065, -0.5458599328994751, 0.3007325530052185, 0.46160513162612915, 0.8345540165901184),
            ["LeftUpperArm"] = CFrame.new(5.960464477539063e-08, 0, -1.4901161193847656e-08, 0.423703134059906, 0.38726186752319336, -0.8188431859016418, -0.6365869641304016, 0.7704119086265564, 0.03496050834655762, 0.644385576248169, 0.506452202796936, 0.5729517936706543),
            ["RightLowerArm"] = CFrame.new(-5.960464477539063e-08, 0, 1.1920928955078125e-07, 1, -9.313225746154785e-09, 0, -1.4901159417490817e-08, 0.7040538191795349, -0.7101466059684753, -1.4901159417490817e-08, 0.7101467251777649, 0.7040537595748901),
            ["LeftHand"] = CFrame.new(1.7881393432617188e-07, -1.1920928955078125e-07, -2.9802322387695312e-08, 0.937230110168457, -0.0007062669610604644, 0.3487112820148468, 0.07608436793088913, 0.9763193130493164, -0.2025141716003418, -0.3403102457523346, 0.21633382141590118, 0.9150893092155457),
            ["RightHand"] = CFrame.new(1.9371509552001953e-07, 1.1920928955078125e-07, -7.450580596923828e-09, 0.8344265222549438, -0.1332014799118042, 0.5347799062728882, 0.23799961805343628, 0.962299108505249, -0.1316683143377304, -0.49708011746406555, 0.237145334482193, 0.8346699476242065),
            ["RightUpperArm"] = CFrame.new(1.1920928955078125e-07, 1.1920928955078125e-07, -9.313225746154785e-10, 0.08797270804643631, -0.5041034817695618, 0.8591510057449341, 0.900503396987915, 0.408975750207901, 0.14775793254375458, -0.42585742473602295, 0.7606697082519531, 0.4899256229400635),
            ["RightLowerLeg"] = CFrame.new(8.940696716308594e-08, -0.000060439109802246094, -0.00007209757313830778, 1, -1.5646217832454568e-07, -5.96046660916727e-08, 1.4901159772762185e-07, 0.37043970823287964, 0.928856372833252, -5.960463766996327e-08, -0.9288564920425415, 0.3704402446746826),
            ["LeftUpperLeg"] = CFrame.new(-5.960464477539063e-08, -1.4621764421463013e-07, 3.3527612686157227e-08, 0.9125216603279114, 0.38741788268089294, 0.13119283318519592, -0.32984641194343567, 0.8866633176803589, -0.32408273220062256, -0.24187928438186646, 0.2524589002132416, 0.936887800693512),
            ["LeftLowerLeg"] = CFrame.new(1.4901161193847656e-08, 0.000060558319091796875, 0.00007219240069389343, 1, 9.313225746154785e-08, 2.2351738238057806e-08, -5.960463766996327e-08, 0.3785579204559326, 0.9255775213241577, 4.470347647611561e-08, -0.9255776405334473, 0.37855809926986694),
        }},
        {Time = 0.033, Data = {
            ["RightFoot"] = CFrame.new(7.916241884231567e-08, 3.5762786865234375e-07, 6.688787834718823e-08, 0.9700032472610474, 0.2430400550365448, 0.005036454182118177, -0.21727921068668365, 0.8761082887649536, -0.43037593364715576, -0.10901126265525818, 0.4163723886013031, 0.9026356935501099),
            ["LeftLowerArm"] = CFrame.new(2.086162567138672e-07, -1.1920928955078125e-07, -1.3783574104309082e-07, 1, -8.940698847936801e-08, 9.639190068355674e-08, -1.1175872671742582e-08, -0.20029576122760773, -0.9797355532646179, 1.0803343286625022e-07, 0.9797355532646179, -0.20029576122760773),
            ["LeftFoot"] = CFrame.new(-7.82310962677002e-08, 0, 0, 0.9479297399520874, -0.3133706748485565, 0.05681728199124336, 0.27194976806640625, 0.7036043405532837, -0.6564939022064209, 0.1657489538192749, 0.6377615332603455, 0.7521885633468628),
            ["Head"] = CFrame.new(9.313225746154785e-09, -5.960464477539062e-07, 1.3969838619232178e-08, 0.9882659316062927, 0.15161705017089844, 0.01851184293627739, -0.15236638486385345, 0.9870688915252686, 0.04979535937309265, -0.010722649283707142, -0.05203155428171158, 0.998587965965271),
            ["LowerTorso"] = CFrame.new(0.018025564029812813, -0.3526439666748047, -0.15328559279441833, 0.9909614324569702, -0.04251503571867943, -0.1272319257259369, 0.0367627814412117, 0.998207688331604, -0.047223690897226334, 0.1290115863084793, 0.042119454592466354, 0.9907482862472534),
            ["UpperTorso"] = CFrame.new(6.6356733441352844e-09, -2.9802322387695312e-08, 1.8058926798403263e-08, 0.9978191256523132, 0.003311893902719021, -0.06592561304569244, -0.000368744193110615, 0.9990046620368958, 0.04460554197430611, 0.06600775569677353, -0.044483937323093414, 0.9968270659446716),
            ["HumanoidRootPart"] = CFrame.new(0, 0, 0, 1, 0, 0, 0, 1, 0, 0, 0, 1),
            ["RightUpperLeg"] = CFrame.new(-2.9802322387695312e-08, 5.3085386753082275e-08, -1.6952981241047382e-09, 0.9182162284851074, -0.39258265495300293, -0.05251277610659599, 0.2966764569282532, 0.7695422172546387, -0.5654980540275574, 0.26241573691368103, 0.5036701560020447, 0.823076069355011),
            ["LeftUpperArm"] = CFrame.new(1.7881393432617188e-07, -4.76837158203125e-07, 2.7939677238464355e-08, 0.3055451214313507, 0.3571806848049164, -0.8826461434364319, -0.7136046886444092, 0.6996183395385742, 0.036086585372686386, 0.630405068397522, 0.6188345551490784, 0.4686506986618042),
            ["RightLowerArm"] = CFrame.new(-1.4901161193847656e-07, 0, -8.940696716308594e-08, 1, -6.332993507385254e-08, 5.215407838932151e-08, 1.0430814256778831e-07, 0.5019930601119995, -0.864871621131897, 5.2154071283894154e-08, 0.8648716807365417, 0.5019932389259338),
            ["LeftHand"] = CFrame.new(-2.2351741790771484e-08, -1.1920928955078125e-07, -5.448237061500549e-08, 0.9043733477592468, -0.030350875109434128, 0.4256616532802582, 0.16816771030426025, 0.9420987963676453, -0.29011958837509155, -0.3922097980976105, 0.33395916223526, 0.8571130037307739),
            ["RightHand"] = CFrame.new(1.341104507446289e-07, -2.384185791015625e-07, 2.9802322387695312e-08, 0.8708615303039551, -0.10959766805171967, 0.479154109954834, 0.234903484582901, 0.9490963220596313, -0.2098485678434372, -0.43176448345184326, 0.29530417919158936, 0.8522763252258301),
            ["RightUpperArm"] = CFrame.new(-5.960464477539063e-08, -4.76837158203125e-07, 1.862645149230957e-08, 0.11792817711830139, -0.4957115948200226, 0.8604435324668884, 0.9487417340278625, 0.3121076822280884, 0.049778956919908524, -0.29322701692581177, 0.8104682564735413, 0.5071085095405579),
            ["RightLowerLeg"] = CFrame.new(-4.470348358154297e-08, -0.000060498714447021484, -0.00007196346268756315, 1, -1.3038513202445756e-07, -5.960467319710006e-08, 8.940698137394065e-08, 0.3605780303478241, 0.9327288269996643, -2.980232594040899e-08, -0.9327290654182434, 0.360578715801239),
            ["LeftUpperLeg"] = CFrame.new(0, -2.1420419216156006e-08, -1.862645149230957e-08, 0.8954009413719177, 0.4190118610858917, 0.15061995387077332, -0.3606249988079071, 0.8808611631393433, -0.3066485524177551, -0.2611646354198456, 0.22025610506534576, 0.9398298859596252),
            ["LeftLowerLeg"] = CFrame.new(7.450580596923828e-08, 0.000060439109802246094, 0.00007217749953269958, 1, 5.21540641784668e-08, 6.70552182668871e-08, -7.078051567077637e-08, 0.4128502905368805, 0.910798966884613, 8.195638656616211e-08, -0.910798966884613, 0.41285020112991333),
        }},
        {Time = 0.067, Data = {
            ["RightFoot"] = CFrame.new(-7.450580596923828e-08, 2.980232238769531e-07, 2.2184394765645266e-08, 0.9712747931480408, 0.2377125471830368, -0.010871928185224533, -0.21937818825244904, 0.8767905235290527, -0.4279150664806366, -0.09218823164701462, 0.4180086553096771, 0.9037536382675171),
            ["LeftLowerArm"] = CFrame.new(1.1920928955078125e-07, -1.1920928955078125e-07, 1.5273690223693848e-07, 1, -5.5879368687783426e-08, 1.3783576946480025e-07, 1.1082740059009666e-07, -0.36342504620552063, -0.9316234588623047, 1.1269004573932762e-07, 0.9316234588623047, -0.36342504620552063),
            ["LeftFoot"] = CFrame.new(1.1175870895385742e-08, -5.960464477539063e-08, -2.9802322387695312e-08, 0.9329098463058472, -0.3517095446586609, 0.07732854783535004, 0.33060964941978455, 0.7513847351074219, -0.5710676312446594, 0.14274656772613525, 0.558320164680481, 0.8172527551651001),
            ["Head"] = CFrame.new(1.862645149230957e-08, -2.384185791015625e-07, 3.725290298461914e-09, 0.9761611819267273, 0.2006411850452423, 0.082779161632061, -0.20471365749835968, 0.9778340458869934, 0.04396774619817734, -0.0721224918961525, -0.059865523129701614, 0.9955975413322449),
            ["LowerTorso"] = CFrame.new(0.08324234187602997, -0.33051204681396484, -0.15882141888141632, 0.9820321798324585, -0.03872767835855484, -0.1846969872713089, 0.03222842141985893, 0.9987555742263794, -0.038063183426856995, 0.18594123423099518, 0.03142678365111351, 0.9820581674575806),
            ["UpperTorso"] = CFrame.new(1.862645149230957e-09, -1.1920928955078125e-07, -1.1175870895385742e-08, 0.994921088218689, -0.06123117357492447, -0.07989232987165451, 0.06246304512023926, 0.9979625344276428, 0.013009799644351006, 0.07893290370702744, -0.017934046685695648, 0.9967185854911804),
            ["HumanoidRootPart"] = CFrame.new(0, 0, 0, 1, 0, 0, 0, 1, 0, 0, 0, 1),
            ["RightUpperLeg"] = CFrame.new(0, -1.6763806343078613e-08, -2.4047039914876223e-08, 0.9453040361404419, -0.3250495493412018, -0.027260802686214447, 0.25330275297164917, 0.7841622233390808, -0.5665047764778137, 0.20551882684230804, 0.5286136865615845, 0.8236075043678284),
            ["LeftUpperArm"] = CFrame.new(5.960464477539063e-08, -1.1920928955078125e-07, 3.725290298461914e-08, 0.16161403059959412, 0.3407766819000244, -0.9261491298675537, -0.7535650730133057, 0.6485821008682251, 0.10714796930551529, 0.6371976137161255, 0.6805971264839172, 0.3616172671318054),
            ["RightLowerArm"] = CFrame.new(-4.470348358154297e-07, -1.7881393432617188e-07, 1.4901161193847656e-08, 1, -7.264317503086204e-08, 9.313227167240257e-08, 5.587936158235607e-08, 0.2451508492231369, -0.9694848656654358, 9.685756197086448e-08, 0.9694850444793701, 0.24515119194984436),
            ["LeftHand"] = CFrame.new(3.03611159324646e-07, 1.1920928955078125e-07, -2.7567148208618164e-07, 0.795844316482544, -0.042005568742752075, 0.6040427684783936, 0.32196304202079773, 0.874230682849884, -0.36340105533599854, -0.5128077268600464, 0.48369020223617554, 0.7092757225036621),
            ["RightHand"] = CFrame.new(4.991888999938965e-07, 5.960464477539063e-08, 5.960464477539063e-08, 0.9321985244750977, -0.08880539983510971, 0.3508841097354889, 0.20305843651294708, 0.9308164715766907, -0.3038879334926605, -0.29962190985679626, 0.3545338809490204, 0.8857384324073792),
            ["RightUpperArm"] = CFrame.new(-5.960464477539063e-08, 0, -2.9802322387695312e-08, 0.22346550226211548, -0.5244849920272827, 0.8215709328651428, 0.9612337350845337, 0.2582686245441437, -0.09657665342092514, -0.16153296828269958, 0.8113032579421997, 0.5618666410446167),
            ["RightLowerLeg"] = CFrame.new(4.470348358154297e-08, -0.000060439109802246094, -0.00007211992488009855, 1, -7.450579886381092e-08, -1.043081780949251e-07, 1.3411046495548362e-07, 0.38296815752983093, 0.9237611889839172, -1.0430814256778831e-07, -0.9237615466117859, 0.382968932390213),
            ["LeftUpperLeg"] = CFrame.new(0, -1.210719347000122e-08, -1.4901161193847656e-08, 0.8854659795761108, 0.4371723234653473, 0.15757684409618378, -0.387011855840683, 0.8814429044723511, -0.2707035541534424, -0.25723913311958313, 0.17871464788913727, 0.9496785402297974),
            ["LeftLowerLeg"] = CFrame.new(-3.725290298461914e-08, 0.000060558319091796875, 0.0000720885582268238, 1, 9.685754776000977e-08, 1.4901161193847656e-08, -9.872017869838601e-08, 0.45233359932899475, 0.8918489217758179, 6.146728281919422e-08, -0.8918488621711731, 0.4523335099220276),
        }},
        {Time = 0.100, Data = {
            ["RightFoot"] = CFrame.new(-1.862645149230957e-09, 3.5762786865234375e-07, -2.0656443666666746e-08, 0.9722664952278137, 0.2324521839618683, -0.025768397375941277, -0.22101140022277832, 0.8771540522575378, -0.4263264834880829, -0.07649790495634079, 0.42019855976104736, 0.9042022824287415),
            ["LeftLowerArm"] = CFrame.new(5.960464477539063e-08, 5.960464477539063e-08, -8.940696716308594e-08, 1, -6.705523247774181e-08, 4.097818262494002e-08, 1.0640357572810899e-07, -0.33838343620300293, -0.9410083889961243, 9.685752644372769e-08, 0.9410083293914795, -0.3383832573890686),
            ["LeftFoot"] = CFrame.new(2.7939677238464355e-08, -5.960464477539063e-08, -7.450580596923828e-09, 0.916469931602478, -0.3923183083534241, 0.07854468375444412, 0.3834623396396637, 0.8052331805229187, -0.452278733253479, 0.11419066041707993, 0.4446188509464264, 0.8884114623069763),
            ["Head"] = CFrame.new(4.0978193283081055e-08, 1.1920928955078125e-07, -1.862645149230957e-08, 0.9580159783363342, 0.2502008378505707, 0.1400173008441925, -0.2583233416080475, 0.9651053547859192, 0.04290575906634331, -0.12439638376235962, -0.07727398723363876, 0.9892190098762512),
            ["LowerTorso"] = CFrame.new(0.14696185290813446, -0.3051435947418213, -0.17434969544410706, 0.9691368937492371, -0.04652339592576027, -0.24209342896938324, 0.03245072439312935, 0.9975610971450806, -0.061797454953193665, 0.244378000497818, 0.05203409865498543, 0.9682829976081848),
            ["UpperTorso"] = CFrame.new(7.450580596923828e-09, -2.9802322387695312e-08, 5.21540641784668e-08, 0.9896847009658813, -0.11719780415296555, -0.08239591866731644, 0.1181369423866272, 0.9929754137992859, 0.006599631160497665, 0.08104363828897476, -0.016265563666820526, 0.9965779185295105),
            ["HumanoidRootPart"] = CFrame.new(0, 0, 0, 1, 0, 0, 0, 1, 0, 0, 0, 1),
            ["RightUpperLeg"] = CFrame.new(-2.9802322387695312e-08, 2.3748725652694702e-08, 7.281050784513354e-08, 0.9670529365539551, -0.254522442817688, -0.005204531829804182, 0.2141343206167221, 0.8243153095245361, -0.5240715742111206, 0.13767825067043304, 0.505690336227417, 0.8516583442687988),
            ["LeftUpperArm"] = CFrame.new(1.1920928955078125e-07, 1.1920928955078125e-07, -2.9802322387695312e-08, -0.03286997601389885, 0.35284537076950073, -0.9351041913032532, -0.6857801079750061, 0.6726555824279785, 0.2779209017753601, 0.727066159248352, 0.6504111886024475, 0.2198641002178192),
            ["RightLowerArm"] = CFrame.new(5.364418029785156e-07, -1.7881393432617188e-07, -7.450580596923828e-08, 1, -1.0058280253133489e-07, 8.009374141693115e-08, 8.009372010064908e-08, 0.049199286848306656, -0.9987890124320984, 6.332992086299782e-08, 0.9987889528274536, 0.04919927939772606),
            ["LeftHand"] = CFrame.new(-2.9802322387695312e-08, 5.960464477539063e-08, -1.043081283569336e-07, 0.6464824080467224, -0.031363047659397125, 0.7622840404510498, 0.44576236605644226, 0.8263957500457764, -0.34404367208480835, -0.6191578507423401, 0.5622157454490662, 0.5482308864593506),
            ["RightHand"] = CFrame.new(3.3155083656311035e-07, 0, 5.960464477539063e-08, 0.9727579951286316, -0.07423880696296692, 0.21961450576782227, 0.15683624148368835, 0.9083792567253113, -0.38761967420578003, -0.17071683704853058, 0.41150420904159546, 0.8952767848968506),
            ["RightUpperArm"] = CFrame.new(1.1920928955078125e-07, -1.1920928955078125e-07, -2.9802322387695312e-08, 0.2756064236164093, -0.5716948509216309, 0.7727911472320557, 0.9592887163162231, 0.21516908705234528, -0.18294095993041992, -0.06169434264302254, 0.7917495369911194, 0.6077223420143127),
            ["RightLowerLeg"] = CFrame.new(-2.9802322387695312e-08, -0.00006031990051269531, -0.00007201561675174162, 1, -1.1269000310676347e-07, -1.415610881849716e-07, 1.1920926112907182e-07, 0.426173597574234, 0.9046412110328674, -2.9802315282267955e-08, -0.9046414494514465, 0.426174134016037),
            ["LeftUpperLeg"] = CFrame.new(0, 5.029141902923584e-08, 3.725290298461914e-08, 0.8754273653030396, 0.457332968711853, 0.15643994510173798, -0.42383909225463867, 0.8819106817245483, -0.20638354122638702, -0.2323521375656128, 0.11436845362186432, 0.9658842086791992),
            ["LeftLowerLeg"] = CFrame.new(1.30385160446167e-08, 0.00006079673767089844, 0.0000721365213394165, 1, 1.0244546899684792e-07, 3.5390254282674505e-08, -1.2200324306377297e-07, 0.47343161702156067, 0.8808304667472839, 5.960463766996327e-08, -0.8808305859565735, 0.47343188524246216),
        }},
        {Time = 0.133, Data = {
            ["RightFoot"] = CFrame.new(4.470348358154297e-08, 2.980232238769531e-07, -5.790934665128589e-08, 0.974395215511322, 0.2209502011537552, -0.04165347293019295, -0.2164784073829651, 0.8718515038490295, -0.4393306374549866, -0.06075458601117134, 0.43709951639175415, 0.8973592519760132),
            ["LeftLowerArm"] = CFrame.new(-2.682209014892578e-07, -1.7881393432617188e-07, 2.9802322387695312e-08, 1, -4.842878453814592e-08, 2.570449737504532e-07, 7.729977369308472e-08, -0.09529686719179153, -0.9954490065574646, 8.195638656616211e-08, 0.995448887348175, -0.09529676288366318),
            ["LeftFoot"] = CFrame.new(1.257285475730896e-08, -5.960464477539063e-08, 5.21540641784668e-08, 0.9019677639007568, -0.42029717564582825, 0.09901624917984009, 0.42538145184516907, 0.8254762887954712, -0.37099823355674744, 0.0741940513253212, 0.3767482042312622, 0.9233397245407104),
            ["Head"] = CFrame.new(-2.9802322387695312e-08, 0, -6.332993507385254e-08, 0.9412422776222229, 0.2900245189666748, 0.17305698990821838, -0.30702295899391174, 0.9482778310775757, 0.08066131174564362, -0.14071229100227356, -0.1290542036294937, 0.9816033244132996),
            ["LowerTorso"] = CFrame.new(0.20659911632537842, -0.27616214752197266, -0.21754737198352814, 0.9514393210411072, -0.08116350322961807, -0.2969440519809723, 0.04872419685125351, 0.9921618103981018, -0.11506960541009903, 0.30395597219467163, 0.09501340985298157, 0.9479363560676575),
            ["UpperTorso"] = CFrame.new(1.4901161193847656e-08, 3.5762786865234375e-07, -3.725290298461914e-08, 0.9890183806419373, -0.1366729885339737, -0.05624280869960785, 0.13710078597068787, 0.9905498623847961, 0.003800331149250269, 0.05519188940525055, -0.011469535529613495, 0.9984099268913269),
            ["HumanoidRootPart"] = CFrame.new(0, 0, 0, 1, 0, 0, 0, 1, 0, 0, 0, 1),
            ["RightUpperLeg"] = CFrame.new(-8.940696716308594e-08, 5.317851901054382e-07, -3.149762051180005e-08, 0.9840268492698669, -0.17775647342205048, 0.009692197665572166, 0.16564984619617462, 0.8943475484848022, -0.4155753254890442, 0.0652029812335968, 0.41054248809814453, 0.909507155418396),
            ["LeftUpperArm"] = CFrame.new(0, -2.384185791015625e-07, -2.9802322387695312e-08, -0.11853235960006714, 0.33828073740005493, -0.9335504174232483, -0.6428344249725342, 0.6904152035713196, 0.3317987322807312, 0.7567787766456604, 0.6394474506378174, 0.13562189042568207),
            ["RightLowerArm"] = CFrame.new(-8.940696716308594e-07, -1.7881393432617188e-07, 8.940696716308594e-08, 1, -8.381903882082042e-08, 9.313227877782992e-08, 8.661302075552157e-08, -0.14226287603378296, -0.9898289442062378, 7.4505820180093e-08, 0.9898290038108826, -0.14226293563842773),
            ["LeftHand"] = CFrame.new(-8.940696716308594e-08, -5.960464477539063e-08, -2.6263296604156494e-07, 0.4720649719238281, -0.0059157488867640495, 0.8815439343452454, 0.5201041102409363, 0.809269368648529, -0.2730839252471924, -0.7117909789085388, 0.5874080657958984, 0.38510456681251526),
            ["RightHand"] = CFrame.new(-1.0896474123001099e-07, 0, 7.450580596923828e-08, 0.9929533004760742, -0.06666537374258041, 0.09797752648591995, 0.104295514523983, 0.8841636180877686, -0.4553864598274231, -0.05626963824033737, 0.4623965322971344, 0.8848862051963806),
            ["RightUpperArm"] = CFrame.new(0, -2.384185791015625e-07, -2.9802322387695312e-08, 0.21627835929393768, -0.6154801249504089, 0.7578971982002258, 0.9758095741271973, 0.1616535782814026, -0.14718617498874664, -0.031926631927490234, 0.7713964581489563, 0.6355534195899963),
            ["RightLowerLeg"] = CFrame.new(1.1920928955078125e-07, -0.000060439109802246094, -0.00007207522139651701, 1, -1.3876704940685158e-07, -8.940698847936801e-08, 8.940695295223122e-08, 0.5087804198265076, 0.8608958125114441, -8.940695295223122e-08, -0.8608963489532471, 0.508781373500824),
            ["LeftUpperLeg"] = CFrame.new(0, 4.3958425521850586e-07, -7.450580596923828e-08, 0.8640440702438354, 0.4721110761165619, 0.1747538447380066, -0.46725699305534363, 0.8812973499298096, -0.07061183452606201, -0.1873466819524765, -0.020643269643187523, 0.9820769429206848),
            ["LeftLowerLeg"] = CFrame.new(1.043081283569336e-07, 0.000060617923736572266, 0.00007201731204986572, 1, 7.078051567077637e-08, 1.3038517820973539e-08, -1.1734663019069558e-07, 0.5310885906219482, 0.8473162651062012, 2.9802318834981634e-08, -0.847316324710846, 0.5310887694358826),
        }},
        {Time = 0.167, Data = {
            ["RightFoot"] = CFrame.new(1.862645149230957e-09, 4.172325134277344e-07, 2.4047039914876223e-08, 0.9758595824241638, 0.2122770994901657, -0.05134754255414009, -0.21319492161273956, 0.8748854994773865, -0.4348825514316559, -0.047392282634973526, 0.4353317618370056, 0.8990220427513123),
            ["LeftLowerArm"] = CFrame.new(1.7881393432617188e-07, -1.1920928955078125e-07, 1.7881393432617188e-07, 1, -8.195638656616211e-08, 5.4016709327697754e-08, 1.8812713165061723e-07, 0.19226714968681335, -0.9813426733016968, 2.9802318834981634e-08, 0.981342613697052, 0.19226711988449097),
            ["LeftFoot"] = CFrame.new(-4.284083843231201e-08, -5.960464477539063e-08, -1.4901161193847656e-08, 0.9035828113555908, -0.4074787199497223, 0.13228513300418854, 0.428242027759552, 0.8503457903862, -0.3058118522167206, 0.012123646214604378, 0.3329762816429138, 0.9428572654724121),
            ["Head"] = CFrame.new(7.078051567077637e-08, 3.5762786865234375e-07, -1.1175870895385742e-08, 0.9275694489479065, 0.3147222399711609, 0.20140692591667175, -0.3455395996570587, 0.9276219606399536, 0.1418450027704239, -0.14218769967556, -0.20116500556468964, 0.9691828489303589),
            ["LowerTorso"] = CFrame.new(0.25952690839767456, -0.2427985668182373, -0.2690957188606262, 0.9294235110282898, -0.12588909268379211, -0.3468773663043976, 0.06872542202472687, 0.9826145768165588, -0.1724686175584793, 0.36255866289138794, 0.13645710051059723, 0.9219169020652771),
            ["UpperTorso"] = CFrame.new(0, 2.9802322387695312e-08, -2.2351741790771484e-08, 0.9908003807067871, -0.13414764404296875, -0.017863726243376732, 0.1339409053325653, 0.9909128546714783, -0.012311786413192749, 0.019352955743670464, 0.009805828332901001, 0.999764621257782),
            ["HumanoidRootPart"] = CFrame.new(0, 0, 0, 1, 0, 0, 0, 1, 0, 0, 0, 1),
            ["RightUpperLeg"] = CFrame.new(-8.940696716308594e-08, 2.3562461137771606e-07, 5.75528247281909e-09, 0.993467390537262, -0.10893279314041138, 0.0340043380856514, 0.11410447955131531, 0.9526100754737854, -0.28198277950286865, -0.0016757699195295572, 0.28402066230773926, 0.9588167667388916),
            ["LeftUpperArm"] = CFrame.new(5.960464477539063e-08, 3.5762786865234375e-07, 2.9802322387695312e-08, -0.12192600965499878, 0.31099385023117065, -0.9425586462020874, -0.6130184531211853, 0.7232723832130432, 0.31793898344039917, 0.7806038856506348, 0.6165711879730225, 0.10245930403470993),
            ["RightLowerArm"] = CFrame.new(-2.980232238769531e-07, -1.1920928955078125e-07, 4.842877388000488e-08, 1, -9.685753354915505e-08, 8.195639367158947e-08, 9.313227167240257e-08, -0.29835665225982666, -0.9544544816017151, 1.1920930376163597e-07, 0.9544544816017151, -0.29835668206214905),
            ["LeftHand"] = CFrame.new(-2.4959444999694824e-07, -5.960464477539063e-08, -1.2712553143501282e-07, 0.3526482582092285, 0.015525881201028824, 0.9356271028518677, 0.5349830389022827, 0.816996157169342, -0.2151983380317688, -0.7677450776100159, 0.5764340162277222, 0.27980634570121765),
            ["RightHand"] = CFrame.new(-1.3783574104309082e-07, -1.1920928955078125e-07, 5.960464477539063e-08, 0.9977104067802429, -0.0598130077123642, 0.03156483173370361, 0.06755921989679337, 0.8599947094917297, -0.5058110356330872, 0.003108589444309473, 0.5067856311798096, 0.8620665669441223),
            ["RightUpperArm"] = CFrame.new(1.1920928955078125e-07, 1.1920928955078125e-07, 8.940696716308594e-08, 0.11799270659685135, -0.6151415109634399, 0.779537558555603, 0.9878911375999451, 0.1523563116788864, -0.029303641989827156, -0.10074152797460556, 0.7735557556152344, 0.6256697773933411),
            ["RightLowerLeg"] = CFrame.new(1.7881393432617188e-07, -0.000060558319091796875, -0.0000721646283636801, 1, -1.3876704940685158e-07, -6.705523247774181e-08, 1.4901162970204496e-08, 0.6088393926620483, 0.7932931184768677, -8.940698137394065e-08, -0.7932935357093811, 0.6088399291038513),
            ["LeftUpperLeg"] = CFrame.new(5.960464477539063e-08, 8.568167686462402e-08, 2.9802322387695312e-08, 0.8633489012718201, 0.4694572985172272, 0.18503715097904205, -0.48764485120773315, 0.8704865574836731, 0.06675084680318832, -0.12973575294017792, -0.14786164462566376, 0.9804620146751404),
            ["LeftLowerLeg"] = CFrame.new(-7.450580596923828e-08, 0.000060677528381347656, 0.00007207691669464111, 1, 5.960465188081798e-08, 7.450579886381092e-08, -1.0430814256778831e-07, 0.5656623840332031, 0.8246369361877441, 4.842878098543224e-08, -0.8246369957923889, 0.5656623840332031),
        }},
        {Time = 0.200, Data = {
            ["RightFoot"] = CFrame.new(-9.313225746154785e-09, 3.5762786865234375e-07, 3.894820110872388e-08, 0.9756203293800354, 0.21335521340370178, -0.051426202058792114, -0.2158740907907486, 0.8907195925712585, -0.4000207483768463, -0.039540473371744156, 0.40137043595314026, 0.9150621294975281),
            ["LeftLowerArm"] = CFrame.new(2.682209014892578e-07, -2.384185791015625e-07, -1.043081283569336e-07, 1, -1.266598985694145e-07, 1.5925611762668268e-07, 9.313225746154785e-08, 0.29171547293663025, -0.9565051794052124, 5.587935447692871e-08, 0.9565051794052124, 0.2917153537273407),
            ["LeftFoot"] = CFrame.new(-3.67872416973114e-08, 5.960464477539063e-08, 1.862645149230957e-09, 0.955240786075592, -0.25278064608573914, 0.1536790281534195, 0.2902291715145111, 0.9013856053352356, -0.321357786655426, -0.057290878146886826, 0.35157647728919983, 0.9344046711921692),
            ["Head"] = CFrame.new(2.6542693376541138e-08, 0, 6.146728992462158e-08, 0.9142722487449646, 0.32130488753318787, 0.2467171996831894, -0.37270882725715637, 0.9058024287223816, 0.2015201449394226, -0.1587275117635727, -0.27619773149490356, 0.9479031562805176),
            ["LowerTorso"] = CFrame.new(0.29961463809013367, -0.20754432678222656, -0.30628859996795654, 0.9064143896102905, -0.16429680585861206, -0.38912656903266907, 0.07637147605419159, 0.9698140025138855, -0.23157796263694763, 0.41542789340019226, 0.18018744885921478, 0.8916009664535522),
            ["UpperTorso"] = CFrame.new(-3.725290298461914e-08, -5.960464477539063e-08, -2.2351741790771484e-08, 0.9902951717376709, -0.1381479650735855, 0.015192462131381035, 0.13842470943927765, 0.9901909828186035, -0.01898821070790291, -0.012420305982232094, 0.02090694196522236, 0.9997043013572693),
            ["HumanoidRootPart"] = CFrame.new(0, 0, 0, 1, 0, 0, 0, 1, 0, 0, 0, 1),
            ["RightUpperLeg"] = CFrame.new(0, -4.470348358154297e-07, -1.6952981241047382e-09, 0.9953359961509705, -0.06651865690946579, 0.0698687806725502, 0.0769159197807312, 0.9843456149101257, -0.15858013927936554, -0.058226414024829865, 0.16321434080600739, 0.9848709106445312),
            ["LeftUpperArm"] = CFrame.new(0, 0, 5.960464477539063e-08, 0.03498729690909386, 0.2839477062225342, -0.9582012891769409, -0.6182113289833069, 0.7594823241233826, 0.20248737931251526, 0.7852329611778259, 0.5852866172790527, 0.20211179554462433),
            ["RightLowerArm"] = CFrame.new(5.960464477539062e-07, -5.960464477539063e-08, 1.7881393432617188e-07, 1, -8.940696716308594e-08, 1.0617078771701927e-07, 9.313224325069314e-08, -0.35056746006011963, -0.9365374445915222, 8.195637946073475e-08, 0.936537504196167, -0.35056760907173157),
            ["LeftHand"] = CFrame.new(1.9837170839309692e-07, 0, -3.0174851417541504e-07, 0.5664703845977783, -0.004100710619240999, 0.8240718841552734, 0.3959733247756958, 0.8783371448516846, -0.26782283186912537, -0.7227147221565247, 0.47802412509918213, 0.4991757571697235),
            ["RightHand"] = CFrame.new(4.0978193283081055e-07, 1.1920928955078125e-07, -5.960464477539063e-08, 0.9787801504135132, -0.07151101529598236, 0.1920303851366043, 0.15411026775836945, 0.8745311498641968, -0.45983147621154785, -0.13505356013774872, 0.47966811060905457, 0.8669944405555725),
            ["RightUpperArm"] = CFrame.new(0, 2.384185791015625e-07, 2.9802322387695312e-08, 0.03648456558585167, -0.553729772567749, 0.8318967819213867, 0.9477828741073608, 0.2830883860588074, 0.1468631476163864, -0.3168227970600128, 0.7830991744995117, 0.5351437926292419),
            ["RightLowerLeg"] = CFrame.new(-4.470348358154297e-08, -0.00006073713302612305, -0.00007201561675174162, 1, -6.984917888530617e-08, -4.4703490686970326e-08, 2.0116564769523393e-07, 0.6934564113616943, 0.7204980850219727, 3.352760913344355e-08, -0.7204985618591309, 0.6934570074081421),
            ["LeftUpperLeg"] = CFrame.new(-1.1920928955078125e-07, -5.364418029785156e-07, -3.3527612686157227e-08, 0.8838580846786499, 0.4475986957550049, 0.1358320564031601, -0.46302828192710876, 0.8784037232398987, 0.1183725893497467, -0.06633181869983673, -0.16751857101917267, 0.983634889125824),
            ["LeftLowerLeg"] = CFrame.new(-7.450580596923828e-08, 0.000060558319091796875, 0.00007207691669464111, 1, 1.0430811414607888e-07, 1.4901164746561335e-08, -9.313227167240257e-08, 0.46632498502731323, 0.884613573551178, 8.940698137394065e-08, -0.8846135139465332, 0.466325044631958),
        }},
        {Time = 0.233, Data = {
            ["RightFoot"] = CFrame.new(6.146728992462158e-08, 4.172325134277344e-07, 6.129994289949536e-08, 0.976239025592804, 0.2116972655057907, -0.046279825270175934, -0.21395766735076904, 0.9078096151351929, -0.36069878935813904, -0.034345537424087524, 0.36203035712242126, 0.9315335154533386),
            ["LeftLowerArm"] = CFrame.new(3.5762786865234375e-07, -2.384185791015625e-07, -1.341104507446289e-07, 1, -1.0430814256778831e-07, 1.2852254371864547e-07, 5.681067705154419e-08, 0.3013312518596649, -0.9535196423530579, 6.705522537231445e-08, 0.9535195231437683, 0.3013312518596649),
            ["LeftFoot"] = CFrame.new(-1.30385160446167e-08, -1.1920928955078125e-07, 2.60770320892334e-08, 0.9894556403160095, -0.07482760399580002, 0.1240096241235733, 0.11523899435997009, 0.9253785610198975, -0.36110228300094604, -0.08773554116487503, 0.3715851902961731, 0.9242439270019531),
            ["Head"] = CFrame.new(-8.009374141693115e-08, 1.1920928955078125e-07, 8.940696716308594e-08, 0.902381181716919, 0.31291988492012024, 0.2962923049926758, -0.3920563757419586, 0.8815368413925171, 0.2630302309989929, -0.1788850724697113, -0.35351675748825073, 0.9181644916534424),
            ["LowerTorso"] = CFrame.new(0.3307892978191376, -0.17473149299621582, -0.33849918842315674, 0.8839793801307678, -0.2036735862493515, -0.4208296835422516, 0.0809207633137703, 0.953188955783844, -0.29134634137153625, 0.46046969294548035, 0.22349026799201965, 0.8590808510780334),
            ["UpperTorso"] = CFrame.new(2.9802322387695312e-08, 0, -1.043081283569336e-07, 0.9900742769241333, -0.13334161043167114, 0.044419679790735245, 0.13445265591144562, 0.9906523823738098, -0.023028025403618813, -0.040933866053819656, 0.028771739453077316, 0.9987475872039795),
            ["HumanoidRootPart"] = CFrame.new(0, 0, 0, 1, 0, 0, 0, 1, 0, 0, 0, 1),
            ["RightUpperLeg"] = CFrame.new(0, -2.942979335784912e-07, -6.129994289949536e-08, 0.9938698410987854, -0.04129364341497421, 0.10255549103021622, 0.04494805261492729, 0.9984248280525208, -0.0335809551179409, -0.1010073572397232, 0.037984609603881836, 0.9941603541374207),
            ["LeftUpperArm"] = CFrame.new(0, 1.1920928955078125e-07, 5.960464477539063e-08, 0.17160668969154358, 0.31493180990219116, -0.9334716200828552, -0.6285490989685059, 0.7646200060844421, 0.14241458475589752, 0.7586021423339844, 0.5622937679290771, 0.3291640877723694),
            ["RightLowerArm"] = CFrame.new(-3.2782554626464844e-07, 1.1920928955078125e-07, 2.5331974029541016e-07, 1, -1.1175868053214799e-07, 1.3411046495548362e-07, 5.960465188081798e-08, -0.35276734828948975, -0.9357110261917114, 1.1175872316471214e-07, 0.9357110261917114, -0.3527674674987793),
            ["LeftHand"] = CFrame.new(3.0919909477233887e-07, 1.1920928955078125e-07, -1.2293457984924316e-07, 0.8358315229415894, -0.005195991601794958, 0.5489615797996521, 0.17329877614974976, 0.9513236284255981, -0.2548549175262451, -0.5209158062934875, 0.30815020203590393, 0.7960466742515564),
            ["RightHand"] = CFrame.new(-7.450580596923828e-09, 5.960464477539063e-08, -8.195638656616211e-08, 0.888830304145813, -0.1300390511751175, 0.43939805030822754, 0.3002239465713501, 0.8896770477294922, -0.34400585293769836, -0.34618812799453735, 0.4376808702945709, 0.8298128843307495),
            ["RightUpperArm"] = CFrame.new(-5.960464477539063e-08, 0, 4.470348358154297e-08, -0.06481742113828659, -0.4928478002548218, 0.8676978945732117, 0.8225252628326416, 0.4659510850906372, 0.32610079646110535, -0.5650229454040527, 0.7348405718803406, 0.3751782476902008),
            ["RightLowerLeg"] = CFrame.new(-7.450580596923828e-08, -0.00006020069122314453, -0.0000721348260412924, 1, -7.77654278749651e-08, -4.842877388000488e-08, 6.705523247774181e-08, 0.7704070806503296, 0.6375521421432495, -5.2154071283894154e-08, -0.6375523805618286, 0.7704071998596191),
            ["LeftUpperLeg"] = CFrame.new(5.960464477539063e-08, -2.2165477275848389e-07, -1.0803341865539551e-07, 0.9081263542175293, 0.4098486602306366, 0.08562024682760239, -0.41867464780807495, 0.890979528427124, 0.17569030821323395, -0.004279494751244783, -0.19539612531661987, 0.9807150959968567),
            ["LeftLowerLeg"] = CFrame.new(-4.470348358154297e-08, 0.00006026029586791992, 0.00007207691669464111, 1, 1.0430814256778831e-07, 4.470348358154297e-08, -7.450580596923828e-09, 0.40935540199279785, 0.9123751521110535, 3.725290298461914e-09, -0.9123750925064087, 0.4093552827835083),
        }},
        {Time = 0.267, Data = {
            ["RightFoot"] = CFrame.new(-3.91155481338501e-08, 3.5762786865234375e-07, 1.6952981241047382e-09, 0.9802711606025696, 0.1955142319202423, -0.02902856282889843, -0.19344179332256317, 0.9187919497489929, -0.3440949320793152, -0.04060433432459831, 0.34292203187942505, 0.9384860396385193),
            ["LeftLowerArm"] = CFrame.new(5.960464477539063e-08, 4.76837158203125e-07, -9.96515154838562e-08, 1, -1.0151418194936923e-07, 5.21540641784668e-08, 4.842878453814592e-08, 0.037653833627700806, -0.9992908835411072, 1.052394793532585e-07, 0.9992908835411072, 0.037653833627700806),
            ["LeftFoot"] = CFrame.new(9.313225746154785e-08, -1.1920928955078125e-07, -1.862645149230957e-08, 0.9974034428596497, -0.00852447934448719, 0.07151051610708237, 0.03492250666022301, 0.925660252571106, -0.3767412304878235, -0.06298290938138962, 0.3782600462436676, 0.9235541820526123),
            ["Head"] = CFrame.new(1.043081283569336e-07, 1.1920928955078125e-07, -9.685754776000977e-08, 0.8992380499839783, 0.2888367772102356, 0.32854849100112915, -0.391642689704895, 0.8661581873893738, 0.3104613423347473, -0.19490225613117218, -0.40785208344459534, 0.8920032382011414),
            ["LowerTorso"] = CFrame.new(0.343911737203598, -0.1596369743347168, -0.3623030185699463, 0.872954249382019, -0.2314801961183548, -0.4293808937072754, 0.08649181574583054, 0.9397385716438293, -0.3307727873325348, 0.48007315397262573, 0.251611590385437, 0.8403698205947876),
            ["UpperTorso"] = CFrame.new(-1.4901161193847656e-08, 8.940696716308594e-08, -6.705522537231445e-08, 0.9926837086677551, -0.10805174708366394, 0.05388791859149933, 0.109820157289505, 0.9934678077697754, -0.031005293130874634, -0.05018564313650131, 0.03669637814164162, 0.9980655312538147),
            ["HumanoidRootPart"] = CFrame.new(0, 0, 0, 1, 0, 0, 0, 1, 0, 0, 0, 1),
            ["RightUpperLeg"] = CFrame.new(-1.4901161193847656e-07, -1.601874828338623e-07, 2.8107024263590574e-08, 0.9938719272613525, -0.03444764390587807, 0.10503407567739487, 0.031048085540533066, 0.9989451169967651, 0.03383224830031395, -0.10608864575624466, -0.03036407008767128, 0.993893027305603),
            ["LeftUpperArm"] = CFrame.new(1.1920928955078125e-07, 0, -2.9802322387695312e-08, 0.2046358585357666, 0.4065290093421936, -0.890425980091095, -0.6752893328666687, 0.7171617150306702, 0.17223064601421356, 0.7085962295532227, 0.5660505890846252, 0.42128169536590576),
            ["RightLowerArm"] = CFrame.new(0, 1.1920928955078125e-07, -1.4901161193847656e-08, 1, -4.470347647611561e-08, 1.1175870895385742e-07, 1.1175868053214799e-07, -0.1718682199716568, -0.9851199388504028, 1.154839708306099e-07, 0.9851199388504028, -0.17186829447746277),
            ["LeftHand"] = CFrame.new(8.940696716308594e-08, 0, -5.010515451431274e-07, 0.9397541284561157, 0.03557106480002403, 0.3399956226348877, 0.046341173350811005, 0.9721351265907288, -0.22979533672332764, -0.3386954665184021, 0.23170699179172516, 0.9119194746017456),
            ["RightHand"] = CFrame.new(-2.2351741790771484e-07, 0, 2.9802322387695312e-08, 0.8132409453392029, -0.18259520828723907, 0.5525382161140442, 0.3586086630821228, 0.9050323367118835, -0.2287275195121765, -0.45830032229423523, 0.38415563106536865, 0.8014893531799316),
            ["RightUpperArm"] = CFrame.new(0, -2.384185791015625e-07, -4.470348358154297e-08, -0.17207379639148712, -0.430004358291626, 0.8862770795822144, 0.6642699837684631, 0.6137141585350037, 0.4267324209213257, -0.7274174690246582, 0.6621565222740173, 0.18003474175930023),
