return {
    ["Feelin' Right"] = {
        {Time = 0.000, Data = {
            ["LeftLowerArm"] = CFrame.new(-0.0006764531135559082, -0.000006556510925292969, -0.00772973895072937, 0.9998278617858887, -0.005717459134757519, -0.01765318773686886, -0.0015775528736412525, 0.921712338924408, -0.3878710865974426, 0.018488923087716103, 0.38783207535743713, 0.9215446710586548),
            ["LeftFoot"] = CFrame.new(3.776222001761198e-08, -1.7881393432617188e-07, -2.264278009533882e-08, 0.9995179772377014, -0.030215861275792122, -0.007126310374587774, 0.026972269639372826, 0.9588648080825806, -0.282579243183136, 0.015371530316770077, 0.2822503447532654, 0.9592175483703613),
            ["RightHand"] = CFrame.new(2.980232238769531e-07, -1.1920928955078125e-07, 1.7881393432617188e-07, 0.9999946355819702, -0.000024497518097632565, -0.003288374049589038, 0.00000299513385471073, 0.9999788403511047, -0.006515973713248968, 0.0032884334214031696, 0.006515847984701395, 0.9999734163284302),
            ["HumanoidRootPart"] = CFrame.new(0, 0, 0, 1, 0, 0, 0, 1, 0, 0, 0, 1),
            ["Handle"] = CFrame.new(0, 0, 0, 1, 0, 0, 0, 1, 0, 0, 0, 1),
            ["RightLowerLeg"] = CFrame.new(5.587935447692871e-08, -0.000060558319091796875, -0.00009998882160289213, 1, -2.514570596190424e-08, 5.867331509534779e-08, 1.0244547432591844e-08, 0.9917023777961731, 0.12855513393878937, -4.656612162534657e-08, -0.12855523824691772, 0.9917023777961731),
            ["LeftUpperLeg"] = CFrame.new(5.960464477539063e-08, 2.6016687115770765e-07, 0.009999997913837433, 0.9202345013618469, 0.23714518547058105, 0.3113369047641754, -0.10873956978321075, 0.919116199016571, -0.37868329882621765, -0.37595775723457336, 0.31462302803993225, 0.8715895414352417),
            ["LeftLowerLeg"] = CFrame.new(-9.685754776000977e-08, -0.00006103515625, -1.4901161193847656e-08, 1, 5.2154071283894154e-08, 2.225861237548088e-07, -1.8998976258899347e-07, 0.7990388870239258, 0.601280152797699, -2.095475224450638e-07, -0.6012794971466064, 0.7990384101867676),
            ["RightUpperArm"] = CFrame.new(0.1644953489303589, -0.2504357099533081, 0.2633470892906189, 0.6821443438529968, -0.16664239764213562, 0.7119758129119873, 0.4962855875492096, 0.8205910921096802, -0.28342732787132263, -0.5370100736618042, 0.5466814041137695, 0.6424635052680969),
            ["Head"] = CFrame.new(0, -1.1920928955078125e-07, 0, 0.9999831318855286, 0.005394491832703352, 0.002158181741833687, -0.005810188595205545, 0.9284381866455078, 0.3714415431022644, 0, -0.3714478015899658, 0.9284538626670837),
            ["UpperTorso"] = CFrame.new(0.03379662334918976, -0.001430511474609375, -0.00041850749403238297, 0.9968888759613037, 0.07870075106620789, 0.004334867466241121, -0.07870441675186157, 0.9968977570533752, 0.0006824397714808583, -0.004267711192369461, -0.0010214898502454162, 0.9999904036521912),
            ["LeftUpperArm"] = CFrame.new(-0.027430057525634766, 0.0013086795806884766, 0.15332692861557007, 0.9499961733818054, 0.06411691755056381, -0.3056083917617798, -0.0002272800193168223, 0.9788343906402588, 0.2046535164117813, 0.3122617304325104, -0.19435106217861176, 0.9299034476280212),
            ["RightLowerArm"] = CFrame.new(0.00017637014389038086, 0.00009322166442871094, -0.007729439064860344, 0.9999215602874756, 0.006452289409935474, 0.010741732083261013, -0.001093931496143341, 0.8989161252975464, -0.4381197690963745, -0.012482687830924988, 0.43807339668273926, 0.8988524675369263),
            ["LeftHand"] = CFrame.new(0.0004976668860763311, 0.00011587142944335938, 0.004947565495967865, 0.9999920129776001, 0.003999639302492142, -5.18048004494176e-08, -0.003999636508524418, 0.9999920725822449, -1.1175867342672063e-08, -1.7695128917694092e-08, -1.3038517820973539e-08, 1),
            ["RightFoot"] = CFrame.new(-7.450989869539626e-08, 1.1920928955078125e-07, -0.00009999662142945454, 0.9984962940216064, 0.05334462225437164, 0.012636951170861721, -0.05273823067545891, 0.9976277947425842, -0.044243160635232925, -0.014967121183872223, 0.04351039603352547, 0.9989408850669861),
            ["RightUpperLeg"] = CFrame.new(-2.9802322387695312e-08, 2.084179868688807e-07, 0.010099997743964195, 0.9834793210029602, 0.016777770593762398, -0.1802418828010559, -0.029673900455236435, 0.9971688389778137, -0.06909260153770447, 0.17857232689857483, 0.07329946011304855, 0.9811927676200867),
            ["LowerTorso"] = CFrame.new(0, -0.04853320121765137, 0, 0.9964147806167603, -0.08449525386095047, -0.004261704161763191, 0.08449152857065201, 0.9964236617088318, -0.0010462688514962792, 0.004334867000579834, 0.0006824398296885192, 0.9999904632568359),
        }},
        {Time = 0.034, Data = {
            ["LeftLowerArm"] = CFrame.new(-0.0006766915321350098, -0.000006496906280517578, -0.007729783654212952, 0.9998278021812439, -0.0057048792950809, -0.01765783131122589, -0.001574835041537881, 0.9220507144927979, -0.38706594705581665, 0.018489699810743332, 0.3870270848274231, 0.9218830466270447),
            ["LeftFoot"] = CFrame.new(8.651113603264093e-09, -1.7881393432617188e-07, 1.9208528101444244e-08, 0.9995180368423462, -0.03021676279604435, -0.007121123839169741, 0.026974549517035484, 0.9588640332221985, -0.2825818955898285, 0.01536670234054327, 0.28225335478782654, 0.9592167735099792),
            ["RightHand"] = CFrame.new(-5.960464477539063e-08, -1.7881393432617188e-07, 1.4156103134155273e-07, 0.9999262094497681, 0.003359647234901786, 0.011677403002977371, -0.0027739109937101603, 0.9987541437149048, -0.049826063215732574, -0.011830201372504234, 0.04979001730680466, 0.9986896514892578),
            ["HumanoidRootPart"] = CFrame.new(0, 0, 0, 1, 0, 0, 0, 1, 0, 0, 0, 1),
            ["Handle"] = CFrame.new(0, 0, 0, 1, 0, 0, 0, 1, 0, 0, 0, 1),
            ["RightLowerLeg"] = CFrame.new(5.774199962615967e-08, -0.000060617923736572266, -0.00009998882160289213, 1, 6.239861249923706e-08, 5.16883957857317e-08, -5.4016702222270396e-08, 0.9917683601379395, 0.12804539501667023, -5.4016702222270396e-08, -0.12804538011550903, 0.9917683601379395),
            ["LeftUpperLeg"] = CFrame.new(-1.1920928955078125e-07, 7.55030669097323e-08, 0.009999999776482582, 0.9202373027801514, 0.23717457056045532, 0.3113064765930176, -0.10879896581172943, 0.9191274046897888, -0.3786391317844391, -0.3759337365627289, 0.31456807255744934, 0.871619701385498),
            ["LeftLowerLeg"] = CFrame.new(-1.4901161193847656e-08, -0.00006121397018432617, 1.4901161193847656e-08, 1, 4.3958425521850586e-07, 3.837048438981583e-07, -5.513429073289444e-07, 0.799029529094696, 0.601292073726654, -1.2107191693644381e-08, -0.6012917757034302, 0.7990293502807617),
            ["RightUpperArm"] = CFrame.new(0.21503710746765137, -0.2516375780105591, 0.3147684633731842, 0.5820399522781372, -0.24808111786842346, 0.7743937373161316, 0.5014856457710266, 0.859170138835907, -0.10168096423149109, -0.6401106715202332, 0.4475293457508087, 0.6244801878929138),
            ["Head"] = CFrame.new(-6.532562268901643e-10, 1.1920928955078125e-07, -1.2104095503673307e-11, 0.9999855160713196, 0.005341761279851198, 0.0006844874005764723, -0.005215284880250692, 0.9288409352302551, 0.3704422116279602, 0.001343033742159605, -0.37044036388397217, 0.9288553595542908),
            ["UpperTorso"] = CFrame.new(0.03380396217107773, -0.0014310777187347412, -0.0004181416006758809, 0.9968881011009216, 0.07871227711439133, 0.004315382335335016, -0.07871594280004501, 0.9968969225883484, 0.0006844475283287466, -0.004248116631060839, -0.0010220068506896496, 0.9999904632568359),
            ["LeftUpperArm"] = CFrame.new(-0.02755439281463623, 0.0013359785079956055, 0.15368765592575073, 0.9497578144073486, 0.06411705166101456, -0.30634814500808716, -0.0002148749481420964, 0.9789255261421204, 0.20421744883060455, 0.31298574805259705, -0.1938917487859726, 0.9297559261322021),
            ["RightLowerArm"] = CFrame.new(0.0001767873764038086, 0.0000934600830078125, -0.007729485630989075, 0.9999096393585205, 0.011433964595198631, 0.007073107175529003, -0.0021362602710723877, 0.6545097231864929, -0.7560508847236633, -0.013274170458316803, 0.7559670805931091, 0.654474675655365),
            ["LeftHand"] = CFrame.new(0.0004977480275556445, 0.00011539459228515625, 0.004947648849338293, 0.9999920129776001, 0.003999633714556694, -2.8754563174970826e-08, -0.0039996434934437275, 0.9999920129776001, 1.6763793908580737e-08, -2.7590427720269872e-08, -5.587934559514451e-09, 1),
            ["RightFoot"] = CFrame.new(-3.0172486731316894e-09, 2.384185791015625e-07, -0.00009998858877224848, 0.998496413230896, 0.05334404483437538, 0.01262985821813345, -0.052741650491952896, 0.9976381659507751, -0.04400556907057762, -0.014947465620934963, 0.04327338933944702, 0.9989515542984009),
            ["RightUpperLeg"] = CFrame.new(0, 1.1126758181490004e-08, 0.010100000537931919, 0.9834773540496826, 0.016860874369740486, -0.18024422228336334, -0.02969374880194664, 0.9971928000450134, -0.06873789429664612, 0.1785792112350464, 0.0729542151093483, 0.9812172055244446),
            ["LowerTorso"] = CFrame.new(0.0000017996992482949281, -0.04852032661437988, 0, 0.9964120388031006, -0.08452869951725006, -0.004243550822138786, 0.08452467620372772, 0.9964208006858826, -0.0011199229629710317, 0.004323027562350035, 0.0007572198519483209, 0.9999904632568359),
        }},
        {Time = 0.069, Data = {
            ["LeftLowerArm"] = CFrame.new(-0.0006765127182006836, -0.0000064373016357421875, -0.007729761302471161, 0.9998278617858887, -0.005668968893587589, -0.01767219975590706, -0.0015672871377319098, 0.9230144619941711, -0.3847621977329254, 0.01849295012652874, 0.3847237527370453, 0.9228466153144836),
            ["LeftFoot"] = CFrame.new(-1.1888914741575718e-08, -5.960464477539063e-08, -2.949673216789961e-08, 0.999518096446991, -0.030218979343771935, -0.007104908116161823, 0.026981160044670105, 0.9588631391525269, -0.2825842797756195, 0.01535195205360651, 0.28225600719451904, 0.9592161774635315),
            ["RightHand"] = CFrame.new(1.4901161193847656e-07, -4.76837158203125e-07, 2.9802322387695312e-08, 0.9988023042678833, 0.014088500291109085, 0.046856049448251724, -0.00674554705619812, 0.9881527423858643, -0.15332557260990143, -0.048461027443408966, 0.1528259813785553, 0.9870642423629761),
            ["HumanoidRootPart"] = CFrame.new(0, 0, 0, 1, 0, 0, 0, 1, 0, 0, 0, 1),
            ["Handle"] = CFrame.new(0, 0, 0, 1, 0, 0, 0, 1, 0, 0, 0, 1),
            ["RightLowerLeg"] = CFrame.new(-2.9802322387695312e-08, -0.00006079673767089844, -0.00009998509631259367, 1, -3.725290298461914e-08, 7.264316792543468e-08, 1.862645149230957e-09, 0.9919455051422119, 0.12666547298431396, -6.845220923423767e-08, -0.1266653835773468, 0.9919455647468567),
            ["LeftUpperLeg"] = CFrame.new(0, 1.668931872700341e-07, 0.009999999776482582, 0.9202587604522705, 0.23725375533103943, 0.3111826479434967, -0.10897097736597061, 0.9191531538963318, -0.37852683663368225, -0.37583136558532715, 0.3144329786300659, 0.8717126846313477),
            ["LeftLowerLeg"] = CFrame.new(0, -0.00006097555160522461, -1.043081283569336e-07, 1, -2.942979335784912e-07, 1.4249238233787764e-07, 1.5087421445514337e-07, 0.7989963889122009, 0.6013364195823669, -2.5611365117583773e-07, -0.6013358235359192, 0.7989960312843323),
            ["RightUpperArm"] = CFrame.new(0.41158103942871094, -0.3014812469482422, 0.3789612948894501, 0.19145087897777557, -0.2878846526145935, 0.9383332133293152, 0.6046077013015747, 0.787688672542572, 0.11830618977546692, -0.7731726765632629, 0.5446734428405762, 0.3248608708381653),
            ["Head"] = CFrame.new(1.0417995355282983e-09, 4.76837158203125e-07, -7.563727422166266e-11, 0.999981701374054, 0.005135799758136272, -0.003205244429409504, -0.003597172209993005, 0.9299150705337524, 0.36775684356689453, 0.004869330674409866, -0.3677385747432709, 0.929916501045227),
            ["UpperTorso"] = CFrame.new(0.03382512927055359, -0.001432865858078003, -0.00041710000368766487, 0.9968857169151306, 0.0787467211484909, 0.004218208137899637, -0.07875031232833862, 0.996894121170044, 0.0006935154087841511, -0.004150494001805782, -0.0010235407389700413, 0.9999909400939941),
            ["LeftUpperArm"] = CFrame.new(-0.027915000915527344, 0.0014171600341796875, 0.15472419559955597, 0.9490697979927063, 0.06411665678024292, -0.30847302079200745, -0.000180140690645203, 0.9791848063468933, 0.20297087728977203, 0.31506583094596863, -0.1925782710313797, 0.9293262958526611),
            ["RightLowerArm"] = CFrame.new(0.00017654895782470703, 0.00009340047836303711, -0.007729575037956238, 0.999891996383667, 0.014599984511733055, 0.0017009087605401874, -0.0028013407718390226, 0.30285483598709106, -0.9530327320098877, -0.014429379254579544, 0.9529249668121338, 0.30286261439323425),
            ["LeftHand"] = CFrame.new(0.0004975305055268109, 0.00011587142944335938, 0.004947241395711899, 0.9999920129776001, 0.003999623004347086, -1.9092102121476273e-08, -0.003999629989266396, 0.9999920129776001, 2.048908420704265e-08, -1.0186340659856796e-08, 0, 1),
            ["RightFoot"] = CFrame.new(5.624769983114675e-09, 1.1920928955078125e-07, -0.00010000087786465883, 0.9984968304634094, 0.053340256214141846, 0.012607788667082787, -0.052748240530490875, 0.9976654648780823, -0.043373703956604004, -0.01489198487251997, 0.04264349490404129, 0.998979389667511),
            ["RightUpperLeg"] = CFrame.new(0, 4.8684341891203076e-08, 0.010099999606609344, 0.9834660291671753, 0.017092807218432426, -0.18028460443019867, -0.029752567410469055, 0.9972584843635559, -0.0677524283528328, 0.17863230407238007, 0.07199610024690628, 0.9812783598899841),
            ["LowerTorso"] = CFrame.new(0.00001439839161321288, -0.04848659038543701, -1.4901161193847656e-08, 0.9964042901992798, -0.08462408185005188, -0.0041561066173017025, 0.08461923152208328, 0.996412456035614, -0.0013296861434355378, 0.004253719002008438, 0.0009732183534651995, 0.9999905824661255),
        }},
        {Time = 0.103, Data = {
            ["LeftLowerArm"] = CFrame.new(-0.0006766915321350098, -0.000006318092346191406, -0.007729530334472656, 0.9998278021812439, -0.005616399925202131, -0.017693420872092247, -0.0015508451033383608, 0.9245291352272034, -0.3811084032058716, 0.018498651683330536, 0.3810702860355377, 0.9243610501289368),
            ["LeftFoot"] = CFrame.new(1.936859916895628e-08, -1.7881393432617188e-07, 1.6560079529881477e-08, 0.9995181560516357, -0.030223838984966278, -0.007078350987285376, 0.026993535459041595, 0.9588659405708313, -0.282573401927948, 0.0153275141492486, 0.2822457253932953, 0.9592196345329285),
            ["RightHand"] = CFrame.new(-7.450580596923828e-08, -1.1920928955078125e-07, -1.7881393432617188e-07, 0.9956921935081482, 0.03162970021367073, 0.08715900778770447, -0.006458550691604614, 0.9613926410675049, -0.2751045823097229, -0.09249547123908997, 0.27335652709007263, 0.9574553966522217),
            ["HumanoidRootPart"] = CFrame.new(0, 0, 0, 1, 0, 0, 0, 1, 0, 0, 0, 1),
            ["Handle"] = CFrame.new(0, 0, 0, 1, 0, 0, 0, 1, 0, 0, 0, 1),
            ["RightLowerLeg"] = CFrame.new(-2.7939677238464355e-09, -0.000060558319091796875, -0.00010000372276408598, 1, -2.0489098417897367e-08, 9.150242163968869e-08, 2.7939677238464355e-09, 0.9922095537185669, 0.12458059936761856, -6.100162863731384e-08, -0.1245807409286499, 0.9922094941139221),
            ["LeftUpperLeg"] = CFrame.new(-5.960464477539063e-08, 2.113001755787991e-07, 0.010000000707805157, 0.9203186631202698, 0.2373654544353485, 0.3109200894832611, -0.10924302786588669, 0.9191838502883911, -0.3783740997314453, -0.3756054639816284, 0.31425905227661133, 0.8718725442886353),
            ["LeftLowerLeg"] = CFrame.new(2.9802322387695312e-08, -0.00006085634231567383, 2.9802322387695312e-08, 1, 1.0430811414607888e-07, 2.0209692763728526e-07, -1.6950065173659823e-07, 0.7989345788955688, 0.6014183759689331, -1.2107189206744806e-07, -0.6014178991317749, 0.7989342212677002),
            ["RightUpperArm"] = CFrame.new(0.5711901187896729, -0.373562753200531, 0.3146277368068695, -0.1274242252111435, -0.2325914055109024, 0.9641911387443542, 0.7508317232131958, 0.612571656703949, 0.24699757993221283, -0.6480855345726013, 0.755418598651886, 0.09658034890890121),
            ["Head"] = CFrame.new(-1.265199500721792e-09, -1.1920928955078125e-07, -7.005951374594588e-11, 0.9999510049819946, 0.004700994119048119, -0.008713148534297943, -0.001208540634252131, 0.9314562678337097, 0.36385124921798706, 0.00982638169080019, -0.36382290720939636, 0.9314163327217102),
            ["UpperTorso"] = CFrame.new(0.03385882079601288, -0.0014358460903167725, -0.0004154259222559631, 0.9968822598457336, 0.0788036435842514, 0.003985260613262653, -0.07880708575248718, 0.9968896508216858, 0.0007142273243516684, -0.0039165811613202095, -0.001026067417114973, 0.9999918937683105),
            ["LeftUpperArm"] = CFrame.new(-0.02849137783050537, 0.001545548439025879, 0.15636730194091797, 0.9479687809944153, 0.06410793960094452, -0.3118419051170349, -0.00012746216088999063, 0.9795922040939331, 0.20099517703056335, 0.3183631896972656, -0.19049781560897827, 0.9286311268806458),
            ["RightLowerArm"] = CFrame.new(0.00017654895782470703, 0.0000934600830078125, -0.007729679346084595, 0.9998812675476074, 0.015328068286180496, -0.0016370427329093218, -0.0029372801072895527, 0.08518753200769424, -0.9963606595993042, -0.015132801607251167, 0.9962471127510071, 0.08522209525108337),
            ["LeftHand"] = CFrame.new(0.0004976954660378397, 0.0001157522201538086, 0.004947429522871971, 0.9999920129776001, 0.003999630454927683, -4.237515227600852e-08, -0.003999634180217981, 0.9999920725822449, -1.1175863789958385e-08, -1.2514648872752332e-08, -9.313225746154785e-09, 1),
            ["RightFoot"] = CFrame.new(3.0308910936582834e-09, 5.960464477539063e-08, -0.00009999283793149516, 0.9984978437423706, 0.05332958325743675, 0.012570313178002834, -0.05275292694568634, 0.9977053999900818, -0.04244115576148033, -0.01480483915656805, 0.04171450436115265, 0.9990199208259583),
            ["RightUpperLeg"] = CFrame.new(5.960464477539063e-08, 5.1544702728278935e-08, 0.010099999606609344, 0.9834361672401428, 0.01745280809700489, -0.18041285872459412, -0.02984858676791191, 0.9973583221435547, -0.06622282415628433, 0.17878040671348572, 0.0705108493566513, 0.9813591837882996),
            ["LowerTorso"] = CFrame.new(0.00004859677574131638, -0.048439621925354004, -4.470348358154297e-08, 0.9963924288749695, -0.08477375656366348, -0.003949880134314299, 0.08476778119802475, 0.9963993430137634, -0.0016587498830631375, 0.004076276905834675, 0.0013179429806768894, 0.9999908804893494),
        }},
        {Time = 0.138, Data = {
            ["LeftLowerArm"] = CFrame.new(-0.000676572322845459, -0.000006377696990966797, -0.00772954523563385, 0.9998276233673096, -0.005539934150874615, -0.017722904682159424, -0.001534734619781375, 0.9265347719192505, -0.3762063980102539, 0.018505048006772995, 0.3761686682701111, 0.9263664484024048),
            ["LeftFoot"] = CFrame.new(1.1445081327110529e-08, -2.980232238769531e-07, -6.853952072560787e-09, 0.9995181560516357, -0.030231475830078125, -0.007041567005217075, 0.027011698111891747, 0.9588752388954163, -0.28254008293151855, 0.015293448232114315, 0.2822135090827942, 0.9592297077178955),
            ["RightHand"] = CFrame.new(-2.5331974029541016e-07, -1.1920928955078125e-07, -7.450580596923828e-08, 0.9916599988937378, 0.04998132586479187, 0.11879560351371765, -0.002011388773098588, 0.9276301264762878, -0.37349456548690796, -0.12886621057987213, 0.3701409101486206, 0.9199942350387573),
            ["HumanoidRootPart"] = CFrame.new(0, 0, 0, 1, 0, 0, 0, 1, 0, 0, 0, 1),
            ["Handle"] = CFrame.new(0, 0, 0, 1, 0, 0, 0, 1, 0, 0, 0, 1),
            ["RightLowerLeg"] = CFrame.new(3.818422555923462e-08, -0.00006073713302612305, -0.00010001489863498136, 1, 1.3038514623531228e-07, 6.961633403079759e-08, -1.1175869474300271e-07, 0.9925310611724854, 0.12199187278747559, -2.002343357787595e-08, -0.12199195474386215, 0.9925311207771301),
            ["LeftUpperLeg"] = CFrame.new(-5.960464477539063e-08, 1.1625706974882632e-07, 0.009999999776482582, 0.9204366207122803, 0.23749591410160065, 0.3104710876941681, -0.10960443317890167, 0.9192074537277222, -0.37821221351623535, -0.37521106004714966, 0.31409159302711487, 0.8721027374267578),
            ["LeftLowerLeg"] = CFrame.new(3.725290298461914e-08, -0.00006079673767089844, 2.9802322387695312e-08, 1, 4.321335609347443e-07, 3.7904820260337146e-07, -5.401671501203964e-07, 0.7988349199295044, 0.6015506982803345, -4.377216455964117e-08, -0.601550281047821, 0.7988346815109253),
            ["RightUpperArm"] = CFrame.new(0.5420855283737183, -0.40177035331726074, 0.28463461995124817, -0.06943295150995255, -0.3106791079044342, 0.9479755759239197, 0.807113766670227, 0.5409947633743286, 0.23641528189182281, -0.5862988829612732, 0.7815390229225159, 0.21319031715393066),
            ["Head"] = CFrame.new(-2.3061375031829812e-10, 1.1920928955078125e-07, -5.625793164654169e-10, 0.9998791217803955, 0.003965614829212427, -0.015039662830531597, 0.0017014032928273082, 0.9332614541053772, 0.3591938018798828, 0.015460364520549774, -0.3591759204864502, 0.9331418871879578),
            ["UpperTorso"] = CFrame.new(0.03390367701649666, -0.001439601182937622, -0.0004132106259930879, 0.9968775510787964, 0.07888270914554596, 0.003558461321517825, -0.07888583838939667, 0.9968833923339844, 0.00075119937537238, -0.003488114569336176, -0.0010295661631971598, 0.9999933838844299),
            ["LeftUpperArm"] = CFrame.new(-0.029265999794006348, 0.001722097396850586, 0.1585465520620346, 0.9464888572692871, 0.06406408548355103, -0.31631430983543396, -0.00005367955600377172, 0.9801316261291504, 0.19834807515144348, 0.3227366507053375, -0.18771770596504211, 0.9276870489120483),
            ["RightLowerArm"] = CFrame.new(0.0001767277717590332, 0.00009340047836303711, -0.007729679346084595, 0.9998734593391418, 0.015398671850562096, -0.003991533536463976, -0.002945592161267996, -0.06736931204795837, -0.9977238178253174, -0.01563258282840252, 0.9976092576980591, -0.06731576472520828),
            ["LeftHand"] = CFrame.new(0.0004976497148163617, 0.00011622905731201172, 0.00494727399200201, 0.9999920725822449, 0.003999606240540743, -7.57863674039072e-08, -0.003999628592282534, 0.9999920725822449, -2.9802318834981634e-08, -3.78931837019536e-08, -8.381903171539307e-08, 1),
            ["RightFoot"] = CFrame.new(-1.3612407201435417e-08, 2.384185791015625e-07, -0.00010000017937272787, 0.9984996318817139, 0.053308337926864624, 0.012516384944319725, -0.05275057256221771, 0.9977526068687439, -0.041318781673908234, -0.014690886251628399, 0.04059671610593796, 0.9990676045417786),
            ["RightUpperLeg"] = CFrame.new(1.1920928955078125e-07, 2.578071871539578e-07, 0.010100000537931919, 0.983379065990448, 0.01791747659444809, -0.1806783825159073, -0.029980022460222244, 0.9974831342697144, -0.06425434350967407, 0.1790723204612732, 0.06860300898551941, 0.9814411997795105),
            ["LowerTorso"] = CFrame.new(0.00011519654799485579, -0.04838681221008301, -1.4901161193847656e-07, 0.996377170085907, -0.08497011661529541, -0.003575381124392152, 0.08496302366256714, 0.996381938457489, -0.002090292749926448, 0.0037400582805275917, 0.0017789447447285056, 0.9999914169311523),
        }},
        {Time = 0.172, Data = {
            ["LeftLowerArm"] = CFrame.new(-0.0006765127182006836, -0.000006496906280517578, -0.007729746401309967, 0.99982750415802, -0.005446325521916151, -0.017758458852767944, -0.0015149801038205624, 0.9289515614509583, -0.37019839882850647, 0.018513016402721405, 0.37016141414642334, 0.9287830591201782),
            ["LeftFoot"] = CFrame.new(7.565540727227926e-08, -1.7881393432617188e-07, 1.7724232748150826e-08, 0.9995182156562805, -0.030241932719945908, -0.006994618568569422, 0.027036141604185104, 0.9588946104049683, -0.28247252106666565, 0.015249702148139477, 0.2821465730667114, 0.9592499732971191),
            ["RightHand"] = CFrame.new(1.1175870895385742e-07, -2.980232238769531e-07, -1.4901161193847656e-07, 0.9896053671836853, 0.058571457862854004, 0.13134193420410156, 0.000961245154030621, 0.9105874300003052, -0.41331541538238525, -0.14380687475204468, 0.40914544463157654, 0.9010658860206604),
            ["HumanoidRootPart"] = CFrame.new(0, 0, 0, 1, 0, 0, 0, 1, 0, 0, 0, 1),
            ["Handle"] = CFrame.new(0, 0, 0, 1, 0, 0, 0, 1, 0, 0, 0, 1),
            ["RightLowerLeg"] = CFrame.new(6.891787052154541e-08, -0.000060439109802246094, -0.0001000111733446829, 1, -1.7695128917694092e-08, 6.193295121192932e-08, 9.313227966600834e-10, 0.9928861856460571, 0.11906754970550537, -5.6810691262398905e-08, -0.11906756460666656, 0.9928861856460571),
            ["LeftUpperLeg"] = CFrame.new(5.960464477539063e-08, -2.804699761327356e-08, 0.009999999776482582, 0.9206318259239197, 0.2376292645931244, 0.3097892105579376, -0.11004447191953659, 0.9192139506340027, -0.37806856632232666, -0.37460267543792725, 0.31397169828414917, 0.8724074959754944),
            ["LeftLowerLeg"] = CFrame.new(-4.470348358154297e-08, -0.000060677528381347656, -1.4901161193847656e-08, 1, 4.097820749393577e-08, 2.4121254682540894e-07, -2.2351738948600541e-07, 0.7986929416656494, 0.6017396450042725, -2.0768490571754228e-07, -0.6017389297485352, 0.7986923456192017),
            ["RightUpperArm"] = CFrame.new(0.47327709197998047, -0.41725772619247437, 0.2650942802429199, 0.04471489042043686, -0.4562910199165344, 0.8887065649032593, 0.8378702998161316, 0.5015853643417358, 0.2153731733560562, -0.5440348982810974, 0.7349902987480164, 0.4047407805919647),
            ["Head"] = CFrame.new(-2.127080733771436e-10, 2.384185791015625e-07, 1.0948042472591624e-10, 0.9997672438621521, 0.0028696779627352953, -0.02138381078839302, 0.004893065430223942, 0.935133695602417, 0.3542614281177521, 0.021013332530856133, -0.35428357124328613, 0.9349019527435303),
            ["UpperTorso"] = CFrame.new(0.03395845741033554, -0.0014442801475524902, -0.00041049139690585434, 0.996871829032898, 0.07898355275392532, 0.0028797336854040623, -0.07898618280887604, 0.9968754053115845, 0.0008090933552011847, -0.002806830918416381, -0.0010340213775634766, 0.9999955296516418),
            ["LeftUpperArm"] = CFrame.new(-0.03022134304046631, 0.0019414424896240234, 0.16119149327278137, 0.9446622133255005, 0.0639718547463417, -0.32174691557884216, 0.000035637294786283746, 0.9807813763618469, 0.19510985910892487, 0.3280448615550995, -0.18432475626468658, 0.9265048503875732),
            ["RightLowerArm"] = CFrame.new(0.00017637014389038086, 0.0000934600830078125, -0.007729277014732361, 0.9998676180839539, 0.015231188386678696, -0.005740717519074678, -0.002914317650720477, -0.17947444319725037, -0.9837583303451538, -0.016014229506254196, 0.9836447834968567, -0.17940650880336761),
            ["LeftHand"] = CFrame.new(0.0004975941847078502, 0.00011545419692993164, 0.004947653505951166, 0.9999920129776001, 0.003999634645879269, -2.9103819354503457e-09, -0.003999635577201843, 0.9999920725822449, 1.8626444830971423e-09, -2.1653249859809875e-08, -1.1175872671742582e-08, 1),
            ["RightFoot"] = CFrame.new(4.484491000766866e-08, -5.960464477539063e-08, -0.00009999975009122863, 0.9985024929046631, 0.05327317491173744, 0.012445351108908653, -0.0527360625565052, 0.9978029727935791, -0.04010160639882088, -0.014554312452673912, 0.039385344833135605, 0.9991180896759033),
            ["RightUpperLeg"] = CFrame.new(1.1920928955078125e-07, -7.71087798057124e-08, 0.010099999606609344, 0.983285665512085, 0.018467221409082413, -0.18113091588020325, -0.030145540833473206, 0.9976248145103455, -0.06193506717681885, 0.17955687642097473, 0.06636004894971848, 0.981506884098053),
            ["LowerTorso"] = CFrame.new(0.00022499948681797832, -0.04833567142486572, -3.725290298461914e-07, 0.9963589906692505, -0.08520539849996567, -0.002983116079121828, 0.08519772440195084, 0.996360719203949, -0.00260747829452157, 0.0031944308429956436, 0.002343829721212387, 0.9999921917915344),
        }},
        {Time = 0.207, Data = {
            ["LeftLowerArm"] = CFrame.new(-0.0006766319274902344, -0.000006556510925292969, -0.007729686796665192, 0.9998273849487305, -0.005330473650246859, -0.017800502479076385, -0.0014955720398575068, 0.931774914264679, -0.3630335032939911, 0.018521150574088097, 0.36299753189086914, 0.9316060543060303),
            ["LeftFoot"] = CFrame.new(6.103073246777058e-08, -5.960464477539063e-08, 2.7241185307502747e-08, 0.9995181560516357, -0.03025689907371998, -0.006937859579920769, 0.027068227529525757, 0.9589266180992126, -0.2823602855205536, 0.015196145512163639, 0.2820359766483307, 0.9592834115028381),
            ["RightHand"] = CFrame.new(-2.384185791015625e-07, -4.172325134277344e-07, -1.1920928955078125e-07, 0.9910829663276672, 0.05265128239989281, 0.12240330874919891, -0.0014709087554365396, 0.9228874444961548, -0.38506704568862915, -0.1332387924194336, 0.3814533054828644, 0.9147354960441589),
            ["HumanoidRootPart"] = CFrame.new(0, 0, 0, 1, 0, 0, 0, 1, 0, 0, 0, 1),
            ["Handle"] = CFrame.new(0, 0, 0, 1, 0, 0, 0, 1, 0, 0, 0, 1),
            ["RightLowerLeg"] = CFrame.new(-8.940696716308594e-08, -0.000060677528381347656, -0.00009999254689319059, 1, -9.313227167240257e-08, 5.331821029130879e-08, 7.729978079851207e-08, 0.9932619333267212, 0.11589141190052032, -6.007031316812572e-08, -0.11589131504297256, 0.9932619333267212),
            ["LeftUpperLeg"] = CFrame.new(8.940696716308594e-08, -1.8193532014265656e-08, 0.009999997913837433, 0.9209238886833191, 0.2377501130104065, 0.30882710218429565, -0.11055115610361099, 0.919191837310791, -0.377974271774292, -0.37373480200767517, 0.31394466757774353, 0.8727894425392151),
            ["LeftLowerLeg"] = CFrame.new(5.587935447692871e-08, -0.000060677528381347656, 7.450580596923828e-08, 1, 4.172326271145721e-07, 4.4330943183013005e-07, -5.178153514862061e-07, 0.7984991669654846, 0.6019965410232544, -7.916241884231567e-08, -0.6019960045814514, 0.7984987497329712),
            ["RightUpperArm"] = CFrame.new(0.3673478364944458, -0.4274771809577942, 0.23274579644203186, 0.19472339749336243, -0.6445637345314026, 0.7393379211425781, 0.8581605553627014, 0.4769951105117798, 0.18983162939548492, -0.4750191867351532, 0.5975059270858765, 0.6460212469100952),
            ["Head"] = CFrame.new(-1.0093117452925071e-09, 2.384185791015625e-07, -3.587956598494202e-10, 0.9996360540390015, 0.0013684735167771578, -0.026944393292069435, 0.00813907291740179, 0.9368851780891418, 0.34954264760017395, 0.025722140446305275, -0.34963470697402954, 0.9365329146385193),
            ["UpperTorso"] = CFrame.new(0.03402175381779671, -0.0014496147632598877, -0.00040735601214691997, 0.9968644976615906, 0.07910580933094025, 0.001891004852950573, -0.0791076049208641, 0.9968657493591309, 0.0008926258306019008, -0.0018144663190469146, -0.0010394200216978788, 0.9999979138374329),
            ["LeftUpperArm"] = CFrame.new(-0.03133976459503174, 0.0022017955780029297, 0.16423141956329346, 0.9425214529037476, 0.06377532333135605, -0.32800325751304626, 0.0001427572569809854, 0.9815402030944824, 0.19125576317310333, 0.33414578437805176, -0.18030989170074463, 0.9251135587692261),
            ["RightLowerArm"] = CFrame.new(0.0001767873764038086, 0.0000934600830078125, -0.007729560136795044, 0.9998634457588196, 0.015009062364697456, -0.006919519044458866, -0.0028721399139612913, -0.25450536608695984, -0.9670670628547668, -0.016275782138109207, 0.9669550061225891, -0.2544277310371399),
            ["LeftHand"] = CFrame.new(0.0004980079829692841, 0.00011545419692993164, 0.00494746770709753, 0.9999920129776001, 0.003999624866992235, -6.170010724559916e-09, -0.003999636042863131, 0.9999920725822449, 7.450578820566989e-09, -1.0652002835342955e-08, -2.6077039194660756e-08, 1),
            ["RightFoot"] = CFrame.new(1.481703293393366e-08, 0, -0.00010000327893067151, 0.9985063672065735, 0.05322052910923958, 0.01235655602067709, -0.05270519107580185, 0.9978543519973755, -0.0388447642326355, -0.014397399500012398, 0.038135506212711334, 0.9991689324378967),
            ["RightUpperLeg"] = CFrame.new(0, -1.9753133528865874e-07, 0.010099997743964195, 0.9831466674804688, 0.01909060776233673, -0.18181905150413513, -0.030342817306518555, 0.997778594493866, -0.05930780619382858, 0.18028289079666138, 0.06382515281438828, 0.9815419316291809),
            ["LowerTorso"] = CFrame.new(0.000388806831324473, -0.0482938289642334, -8.493661880493164e-07, 0.9963383078575134, -0.0854717493057251, -0.002123592421412468, 0.08546475321054459, 0.9963361620903015, -0.003193456446751952, 0.0023887623101472855, 0.003000271273776889, 0.9999926686286926),
        }},
        {Time = 0.241, Data = {
            ["LeftLowerArm"] = CFrame.new(-0.0006766915321350098, -0.000006318092346191406, -0.0077296048402786255, 0.9998272657394409, -0.0052088056690990925, -0.01784437708556652, -0.0014698358718305826, 0.9347806572914124, -0.3552226722240448, 0.018530799075961113, 0.35518762469291687, 0.9346113801002502),
            ["LeftFoot"] = CFrame.new(5.791662260890007e-09, -5.960464477539063e-08, -4.845787771046162e-09, 0.9995179772377014, -0.030276376754045486, -0.006871471181511879, 0.02710820734500885, 0.9589751958847046, -0.2821921706199646, 0.015133261680603027, 0.2818690836429596, 0.9593333601951599),
            ["RightHand"] = CFrame.new(3.2782554626464844e-07, -1.1920928955078125e-07, 7.450580596923828e-09, 0.9943131804466248, 0.03893028572201729, 0.09912461787462234, -0.006044783629477024, 0.9499192833900452, -0.3124370574951172, -0.10632376372814178, 0.31006115674972534, 0.9447526335716248),
            ["HumanoidRootPart"] = CFrame.new(0, 0, 0, 1, 0, 0, 0, 1, 0, 0, 0, 1),
            ["Handle"] = CFrame.new(0, 0, 0, 1, 0, 0, 0, 1, 0, 0, 0, 1),
            ["RightLowerLeg"] = CFrame.new(1.0337680578231812e-07, -0.000060439109802246094, -0.00010001489863498136, 1, -3.539026138810186e-08, 6.332992796842518e-08, -4.656613761255812e-09, 0.9935910701751709, 0.11303477734327316, -6.100164284816856e-08, -0.11303479224443436, 0.9935910105705261),
            ["LeftUpperLeg"] = CFrame.new(0, 2.94567144010216e-08, 0.009999999776482582, 0.9213311672210693, 0.23784279823303223, 0.30753812193870544, -0.11111372709274292, 0.9191312789916992, -0.37795642018318176, -0.3725622296333313, 0.31405189633369446, 0.8732521533966064),
            ["LeftLowerLeg"] = CFrame.new(-3.3527612686157227e-08, -0.00006097555160522461, 1.4901161193847656e-07, 1, 4.1350730839440075e-07, 4.405157483233779e-07, -5.383044481277466e-07, 0.7982490062713623, 0.6023285984992981, -7.264316082000732e-08, -0.6023275852203369, 0.7982483506202698),
            ["RightUpperArm"] = CFrame.new(0.2572019100189209, -0.44215959310531616, 0.16031727194786072, 0.32681387662887573, -0.8131622672080994, 0.4816220998764038, 0.8871092796325684, 0.4396882951259613, 0.14039690792560577, -0.3259291648864746, 0.38136765360832214, 0.8650601506233215),
            ["Head"] = CFrame.new(-1.356056600343436e-09, -3.5762786865234375e-07, -4.62478055851534e-10, 0.9995216727256775, -0.0005682788323611021, -0.030921755358576775, 0.011223207227885723, 0.9383381605148315, 0.34553664922714233, 0.028818704187870026, -0.34571847319602966, 0.937895655632019),
            ["UpperTorso"] = CFrame.new(0.034092288464307785, -0.0014557838439941406, -0.00040385269676335156, 0.9968547224998474, 0.07924910634756088, 0.0005342052900232375, -0.07924960553646088, 0.996854305267334, 0.0010065773967653513, -0.00045275475713424385, -0.001045746961608529, 0.9999994039535522),
            ["LeftUpperArm"] = CFrame.new(-0.03260362148284912, 0.00249636173248291, 0.1675955206155777, 0.9401002526283264, 0.06353151053190231, -0.33492571115493774, 0.0002581025764811784, 0.9823476672172546, 0.18706399202346802, 0.3408980071544647, -0.17594587802886963, 0.923488974571228),
            ["RightLowerArm"] = CFrame.new(0.00017690658569335938, 0.00009310245513916016, -0.007729485630989075, 0.9998636841773987, 0.015030339360237122, -0.006830891594290733, -0.0028772500809282064, -0.2487897276878357, -0.9685533046722412, -0.016256971284747124, 0.9684409499168396, -0.24871274828910828),
            ["LeftHand"] = CFrame.new(0.000497477944009006, 0.00011545419692993164, 0.004947512876242399, 0.9999920129776001, 0.003999626729637384, -4.9010825620143805e-08, -0.003999633714556694, 0.9999920129776001, -1.8626442610525373e-09, 8.614735591550016e-09, -3.725290742551124e-09, 1),
            ["RightFoot"] = CFrame.new(6.702975952066481e-09, 1.1920928955078125e-07, -0.00010000247857533395, 0.9985116124153137, 0.05314711108803749, 0.012249118648469448, -0.05265023559331894, 0.997896134853363, -0.03783359378576279, -0.01423412375152111, 0.037132445722818375, 0.9992090463638306),
            ["RightUpperLeg"] = CFrame.new(0, -3.3607648219913244e-08, 0.010099999606609344, 0.9829527735710144, 0.019729556515812874, -0.18279653787612915, -0.030569713562726974, 0.9979245662689209, -0.05667511001229286, 0.18129900097846985, 0.06129693239927292, 0.9815159440040588),
            ["LowerTorso"] = CFrame.new(0.0006174185546115041, -0.04826855659484863, -0.0000017434358596801758, 0.9963153004646301, -0.08576124161481857, -0.0009473239770159125, 0.08575701713562012, 0.9963088035583496, -0.0038313651457428932, 0.001272409688681364, 0.0037360074929893017, 0.9999922513961792),
        }},
        {Time = 0.276, Data = {
            ["LeftLowerArm"] = CFrame.new(-0.000676572322845459, -0.00000667572021484375, -0.007729627192020416, 0.9998271465301514, -0.005076082888990641, -0.017890900373458862, -0.0014417418278753757, 0.9379751086235046, -0.34669947624206543, 0.018541112542152405, 0.3466654121875763, 0.9378057718276978),
            ["LeftFoot"] = CFrame.new(3.1228410080075264e-08, -1.1920928955078125e-07, -3.179593477398157e-08, 0.9995177984237671, -0.030300941318273544, -0.0067957486025989056, 0.02715686336159706, 0.959042489528656, -0.28195810317993164, 0.015061021782457829, 0.2816371023654938, 0.9594026803970337),
            ["RightHand"] = CFrame.new(0, -4.172325134277344e-07, -2.086162567138672e-07, 0.9974634647369385, 0.023609338328242302, 0.0671522319316864, -0.008663621731102467, 0.9766457676887512, -0.21468095481395721, -0.07065234333276749, 0.21355468034744263, 0.9743730425834656),
            ["HumanoidRootPart"] = CFrame.new(0, 0, 0, 1, 0, 0, 0, 1, 0, 0, 0, 1),
            ["Handle"] = CFrame.new(0, 0, 0, 1, 0, 0, 0, 1, 0, 0, 0, 1),
            ["RightLowerLeg"] = CFrame.new(7.450580596923828e-09, -0.000060439109802246094, -0.00009999999747378752, 1, 1.862645593320167e-09, 5.529726365693932e-08, 2.8870999813079834e-08, 0.9938826560974121, 0.11044146120548248, -5.634501576423645e-08, -0.11044148355722427, 0.9938826560974121),
            ["LeftUpperLeg"] = CFrame.new(0, 1.401713234372437e-08, 0.010000002570450306, 0.9218721985816956, 0.23789222538471222, 0.30587416887283325, -0.11172164231538773, 0.9190205931663513, -0.37804675102233887, -0.3710390329360962, 0.31433823704719543, 0.8737973570823669),
            ["LeftLowerLeg"] = CFrame.new(-2.2351741790771484e-08, -0.00006091594696044922, -4.470348358154297e-08, 1, -6.500632139250229e-07, -5.587936335871291e-09, 5.215405849412491e-07, 0.7979326248168945, 0.6027472615242004, -3.864988116220047e-07, -0.6027467846870422, 0.7979322075843811),
            ["RightUpperArm"] = CFrame.new(0.1966240406036377, -0.46432697772979736, 0.05753094702959061, 0.3472086787223816, -0.9135782122612, 0.2117099165916443, 0.9303754568099976, 0.36389994621276855, 0.04447811841964722, -0.11767561733722687, 0.18152616918087006, 0.9763199687004089),
            ["Head"] = CFrame.new(9.654286259319633e-10, 2.384185791015625e-07, -4.856701707467437e-10, 0.9994667172431946, -0.0029616267420351505, -0.03251941129565239, 0.013935438357293606, 0.9393227100372314, 0.34275174140930176, 0.029531115666031837, -0.34302207827568054, 0.9388630390167236),
