return {
    Fight2 = {
        [1] = {Time = 0.000, Data = {
            ["LeftFoot"] = CFrame.new(-2.0256265997886658e-08, 1.1920928955078125e-07, -1.4901161193847656e-08, 0.9809780716896057, -0.1285233348608017, -0.14547806978225708, 0.12508299946784973, 0.9916108846664429, -0.03259265422821045, 0.14844678342342377, 0.013775981031358242, 0.9888245463371277),
            ["LeftLowerArm"] = CFrame.new(-2.384185791015625e-07, 2.384185791015625e-07, -1.8998980522155762e-07, 1, -6.705521116145974e-08, 1.5646213569198153e-07, 8.195638656616211e-08, -0.38085418939590454, -0.9246351718902588, 1.150183379650116e-07, 0.924635112285614, -0.38085418939590454),
            ["LowerTorso"] = CFrame.new(0.01908380351960659, -0.2906191349029541, 0.2524915039539337, 0.9479197859764099, 0.11410132050514221, -0.29737037420272827, -0.07237524539232254, 0.9863710999488831, 0.1477629691362381, 0.3101774752140045, -0.11854517459869385, 0.9432587623596191),
            ["Head"] = CFrame.new(-8.568167686462402e-08, -5.960464477539062e-07, -7.450580596923828e-09, 0.9414563775062561, 0.11277399212121964, 0.3177136182785034, -0.12376722693443298, 0.9922044277191162, 0.014562203548848629, -0.3135945498943329, -0.05303220450878143, 0.9480749368667603),
            ["RightUpperArm"] = CFrame.new(0, 1.1920928955078125e-07, -1.4901161193847656e-08, 0.6153562068939209, 0.052080098539590836, 0.7865267992019653, 0.1973980963230133, 0.9558387994766235, -0.2177298367023468, -0.7631322145462036, 0.2892403304576874, 0.5779008865356445),
            ["UpperTorso"] = CFrame.new(-2.7939677238464355e-08, 1.1920928955078125e-07, 1.30385160446167e-08, 0.9966022968292236, -0.07637602835893631, -0.03083202801644802, 0.0800667405128479, 0.9861640334129333, 0.14515496790409088, 0.0193190798163414, -0.14713041484355927, 0.988928496837616),
            ["HumanoidRootPart"] = CFrame.new(0, 0, 0, 1, 0, 0, 0, 1, 0, 0, 0, 1),
            ["RightHand"] = CFrame.new(-1.7136335372924805e-07, -1.1920928955078125e-07, 1.341104507446289e-07, 0.6137290000915527, -0.11149799823760986, 0.7816040515899658, 0.1503676325082779, 0.9883644580841064, 0.022921666502952576, -0.7750654816627502, 0.10346025228500366, 0.6233536005020142),
            ["LeftUpperArm"] = CFrame.new(0, 0, -2.9802322387695312e-08, 0.8511036038398743, 0.24955639243125916, -0.46189215779304504, -0.4018957018852234, 0.8757801055908203, -0.2673746943473816, 0.3377908766269684, 0.4131960868835449, 0.8456751108169556),
            ["RightLowerArm"] = CFrame.new(-1.7881393432617188e-07, 5.364418029785156e-07, -2.9802322387695312e-08, 1, -1.136213683139431e-07, 1.1734665861240501e-07, 8.521602268274364e-08, -0.19320818781852722, -0.9811578989028931, 9.185170313230628e-08, 0.9811578989028931, -0.19320817291736603),
            ["LeftHand"] = CFrame.new(5.960464477539063e-08, 2.384185791015625e-07, 2.4586915969848633e-07, 0.7766088247299194, -0.026172760874032974, 0.6294392347335815, 0.12629809975624084, 0.9853205680847168, -0.11485722661018372, -0.617193341255188, 0.16869612038135529, 0.7685142159461975),
            ["RightUpperLeg"] = CFrame.new(0, 7.450580596923828e-09, -7.620110409334302e-08, 0.9937232136726379, -0.04945889487862587, 0.10033963620662689, 0.10398706048727036, 0.7390804290771484, -0.665542483329773, -0.04124206677079201, 0.6717990636825562, 0.7395845651626587),
            ["LeftUpperLeg"] = CFrame.new(0, 8.847564458847046e-08, 3.725290298461914e-08, 0.939998209476471, 0.3158821761608124, -0.12892544269561768, -0.12006202340126038, -0.04744955524802208, -0.9916318655014038, -0.31935635209083557, 0.9476112723350525, -0.006677024997770786),
            ["RightLowerLeg"] = CFrame.new(-1.5366822481155396e-08, -0.000003814697265625, -0.000013303179002832621, 1, -3.6880368270431063e-07, -2.449378939672897e-07, 3.241002275444771e-07, 0.3276370167732239, 0.9448035359382629, -3.1664964694755326e-07, -0.9448036551475525, 0.3276374340057373),
            ["RightFoot"] = CFrame.new(-1.2665987014770508e-07, 3.5762786865234375e-07, 9.85528458841145e-08, 0.9996969103813171, 0.024555282667279243, -0.0018002988072112203, -0.020650124177336693, 0.7963934540748596, -0.6044261455535889, -0.013408067636191845, 0.6042802929878235, 0.7966592907905579),
            ["LeftLowerLeg"] = CFrame.new(-7.194466888904572e-08, 0.0000036954879760742188, 0.000013221055269241333, 1, -7.380732114370403e-08, -1.0663643479347229e-07, 4.423781163609419e-08, -0.3320894241333008, 0.9432479739189148, -1.3876703519599687e-07, -0.94324791431427, -0.3320893347263336)
        }},
        [2] = {Time = 0.017, Data = {
            ["LeftFoot"] = CFrame.new(2.9802322387695312e-08, 1.1920928955078125e-07, 3.3527612686157227e-08, 0.9857171773910522, -0.11126980930566788, -0.1264154016971588, 0.1170886754989624, 0.9923336505889893, 0.03954945504665375, 0.12104562669992447, -0.0537862554192543, 0.991188645362854),
            ["LeftLowerArm"] = CFrame.new(2.384185791015625e-07, -1.1920928955078125e-07, -8.568167686462402e-08, 1, -1.1920930376163597e-07, 9.918586840740318e-08, 1.043081283569336e-07, -0.24299916625022888, -0.9700265526771545, 1.4016404747962952e-07, 0.9700264930725098, -0.24299918115139008),
            ["LowerTorso"] = CFrame.new(0.02040349692106247, -0.31143081188201904, 0.23434501886367798, 0.9431073069572449, 0.11497611552476883, -0.31197625398635864, -0.069413922727108, 0.9857171773910522, 0.15343844890594482, 0.3251621127128601, -0.1230534166097641, 0.9376180171966553),
            ["Head"] = CFrame.new(-9.499490261077881e-08, -9.5367431640625e-07, 1.043081283569336e-07, 0.9426719546318054, 0.11719761043787003, 0.312465101480484, -0.11892934888601303, 0.9928098917007446, -0.013580819591879845, -0.31181013584136963, -0.02435894124209881, 0.9498322010040283),
            ["RightUpperArm"] = CFrame.new(0, -2.384185791015625e-07, 1.4156103134155273e-07, 0.6215004324913025, 0.04385104775428772, 0.7821856737136841, 0.20309925079345703, 0.9552775621414185, -0.21493130922317505, -0.7566292881965637, 0.2924412488937378, 0.5847992897033691),
            ["UpperTorso"] = CFrame.new(-2.60770320892334e-08, 0, 3.3527612686157227e-08, 0.9970082640647888, -0.07191623002290726, -0.028331635519862175, 0.07526528835296631, 0.9867128729820251, 0.14398935437202454, 0.01760006695985794, -0.1456909477710724, 0.9891735911369324),
            ["HumanoidRootPart"] = CFrame.new(0, 0, 0, 1, 0, 0, 0, 1, 0, 0, 0, 1),
            ["RightHand"] = CFrame.new(-1.1175870895385742e-07, 0, -2.0489096641540527e-07, 0.6112951636314392, -0.1245138943195343, 0.7815462350845337, 0.16401243209838867, 0.98603755235672, 0.02880866825580597, -0.7742210030555725, 0.1105727106332779, 0.6231818199157715),
            ["LeftUpperArm"] = CFrame.new(5.960464477539063e-08, -1.1920928955078125e-07, 7.450580596923828e-08, 0.8558989763259888, 0.25313982367515564, -0.4509516656398773, -0.40243518352508545, 0.8736753463745117, -0.27338147163391113, 0.32478153705596924, 0.41546571254730225, 0.8496500849723816),
            ["RightLowerArm"] = CFrame.new(-5.960464477539063e-08, -1.1920928955078125e-07, 1.4901161193847656e-08, 1, -4.79631196981245e-08, 8.940698137394065e-08, 8.70786678319746e-08, -0.024128882214426994, -0.9997089505195618, 1.2526290049663658e-07, 0.9997089505195618, -0.024128884077072144),
            ["LeftHand"] = CFrame.new(-2.384185791015625e-07, -5.960464477539063e-08, 1.5529803931713104e-07, 0.75719153881073, -0.02376510761678219, 0.6527605652809143, 0.15307305753231049, 0.9779657125473022, -0.14195722341537476, -0.6350037455558777, 0.20740890502929688, 0.7441450357437134),
            ["RightUpperLeg"] = CFrame.new(-2.9802322387695312e-08, 8.568167686462402e-08, 5.790934665128589e-08, 0.9921829104423523, -0.06009247526526451, 0.10937172174453735, 0.11646969616413116, 0.7606213092803955, -0.6386627554893494, -0.044811610132455826, 0.64640873670578, 0.7616743445396423),
            ["LeftUpperLeg"] = CFrame.new(-1.1920928955078125e-07, 3.5390257835388184e-08, 0, 0.9419431686401367, 0.3141351044178009, -0.11858480423688889, -0.08565132319927216, -0.11669238656759262, -0.9894679188728333, -0.32466456294059753, 0.9421794414520264, -0.08301152288913727),
            ["RightLowerLeg"] = CFrame.new(-5.797483026981354e-08, -0.000003635883331298828, -0.000013265460438560694, 1, -4.284083843231201e-07, -3.1664990274293814e-07, 3.5762786865234375e-07, 0.30645516514778137, 0.9518850445747375, -3.0919909477233887e-07, -0.9518851637840271, 0.3064555525779724),
            ["RightFoot"] = CFrame.new(-9.220093488693237e-08, 4.172325134277344e-07, 1.2835516827180982e-07, 0.9992598295211792, 0.0374063178896904, 0.008976919576525688, -0.022450972348451614, 0.7565817832946777, -0.6535133719444275, -0.031237274408340454, 0.6528283953666687, 0.7568618655204773),
            ["LeftLowerLeg"] = CFrame.new(-8.102506399154663e-08, 0.000003933906555175781, 0.000013256445527076721, 1, -6.9849153128132e-09, -3.166497108963995e-08, -2.1420417439799166e-08, -0.3228486180305481, 0.9464507102966309, 8.585628874513418e-10, -0.9464506506919861, -0.3228485584259033)
        }},
        [3] = {Time = 0.033, Data = {
            ["LeftFoot"] = CFrame.new(-1.210719347000122e-08, 1.7881393432617188e-07, -3.073364496231079e-08, 0.9896960258483887, -0.09796193987131119, -0.10442838817834854, 0.10848072171211243, 0.9890236258506775, 0.10032091289758682, 0.09345463663339615, -0.11061538010835648, 0.9894596934318542),
            ["LeftLowerArm"] = CFrame.new(1.7881393432617188e-07, 5.364418029785156e-07, -1.0710209608078003e-07, 1, -5.122274160385132e-08, 1.1920928955078125e-07, 8.940698137394065e-08, -0.028384115546941757, -0.9995970726013184, 9.301585635057563e-08, 0.9995970726013184, -0.028384143486618996),
            ["LowerTorso"] = CFrame.new(0.021548006683588028, -0.3327910900115967, 0.2171143740415573, 0.9382436871528625, 0.11563600599765778, -0.32607853412628174, -0.06299930065870285, 0.9838362336158752, 0.16762280464172363, 0.3401910960674286, -0.13672830164432526, 0.930363118648529),
            ["Head"] = CFrame.new(-1.2264354154467583e-07, -7.152557373046875e-07, 8.195638656616211e-08, 0.9474522471427917, 0.11588330566883087, 0.2981700897216797, -0.10805217176675797, 0.9932289123535156, -0.04267485812306404, -0.30109649896621704, 0.008214482106268406, 0.9535583257675171),
            ["RightUpperArm"] = CFrame.new(-5.960464477539063e-08, 1.1920928955078125e-07, 1.564621925354004e-07, 0.638038158416748, 0.020893236622214317, 0.7697213292121887, 0.21899059414863586, 0.9534285664558411, -0.20740573108196259, -0.7382075786590576, 0.30089443922042847, 0.6037483811378479),
            ["UpperTorso"] = CFrame.new(-1.0244548320770264e-08, -8.940696716308594e-08, 2.7939677238464355e-08, 0.9979983568191528, -0.059568099677562714, -0.021235929802060127, 0.06197193264961243, 0.9881095290184021, 0.14070893824100494, 0.012601658701896667, -0.14174330234527588, 0.9898232817649841),
            ["HumanoidRootPart"] = CFrame.new(0, 0, 0, 1, 0, 0, 0, 1, 0, 0, 0, 1),
            ["RightHand"] = CFrame.new(2.123415470123291e-07, -1.1920928955078125e-07, -2.2351741790771484e-08, 0.6100350022315979, -0.14096380770206451, 0.7797349691390991, 0.1808861941099167, 0.9828389883041382, 0.0361633375287056, -0.7714515328407288, 0.11898237466812134, 0.625064492225647),
            ["LeftUpperArm"] = CFrame.new(0, 1.1920928955078125e-07, 1.7881393432617188e-07, 0.8599210977554321, 0.2600004971027374, -0.43924441933631897, -0.40535175800323486, 0.8708335161209106, -0.2780989408493042, 0.31020283699035645, 0.41719165444374084, 0.8542397022247314),
            ["RightLowerArm"] = CFrame.new(2.980232238769531e-07, 0, 6.332993507385254e-08, 1, -1.1897645890712738e-07, 6.891786341611805e-08, 8.591448619199582e-08, 0.18695484101772308, -0.982368528842926, 1.404259535320307e-07, 0.9823685884475708, 0.18695485591888428),
            ["LeftHand"] = CFrame.new(2.980232238769531e-07, 0, 5.960464477539063e-08, 0.7427086234092712, -0.02498730644583702, 0.6691483855247498, 0.17875808477401733, 0.9704360961914062, -0.16217099130153656, -0.6453135013580322, 0.2400614619255066, 0.7252179384231567),
            ["RightUpperLeg"] = CFrame.new(-5.960464477539063e-08, -2.384185791015625e-07, 2.8107024263590574e-08, 0.9904972314834595, -0.07120846956968307, 0.11766362935304642, 0.1287190467119217, 0.781312882900238, -0.6107222437858582, -0.048443544656038284, 0.6200642585754395, 0.7830540537834167),
            ["LeftUpperLeg"] = CFrame.new(0, -6.752088665962219e-08, 4.470348358154297e-08, 0.9428341388702393, 0.3134877383708954, -0.11308980733156204, -0.05576436221599579, -0.18615534901618958, -0.9809366464614868, -0.3285640478134155, 0.9311667680740356, -0.1580321341753006),
            ["RightLowerLeg"] = CFrame.new(5.21540641784668e-08, -0.000003874301910400391, -0.000013372096873354167, 1, -2.4586927338532405e-07, -2.011657187495075e-07, 2.6077037773575285e-07, 0.2966555058956146, 0.9549846649169922, -2.1792953930344083e-07, -0.9549846649169922, 0.29665547609329224),
            ["RightFoot"] = CFrame.new(-4.6566128730773926e-09, 2.980232238769531e-07, 3.894820110872388e-08, 0.9983699321746826, 0.05324899032711983, 0.02054484933614731, -0.023806247860193253, 0.7156661748886108, -0.6980369687080383, -0.05187289044260979, 0.6964098215103149, 0.7157670259475708),
            ["LeftLowerLeg"] = CFrame.new(9.12696123123169e-08, 0.000003814697265625, 0.000013269484043121338, 1, 2.1001326899749984e-07, 1.9557781172352406e-07, -1.4528635006172408e-07, -0.3036976158618927, 0.9527686238288879, 2.0570591630075796e-07, -0.9527685642242432, -0.30369746685028076)
        }},
        [4] = {Time = 0.050, Data = {
            ["LeftFoot"] = CFrame.new(-1.30385160446167e-08, -1.1920928955078125e-07, -1.3969838619232178e-09, 0.9927852749824524, -0.08878541737794876, -0.08058962225914001, 0.09999708831310272, 0.9839397072792053, 0.1478622406721115, 0.06616729497909546, -0.1548542082309723, 0.9857190847396851),
            ["LeftLowerArm"] = CFrame.new(-1.7881393432617188e-07, 4.76837158203125e-07, -1.862645149230957e-08, 1, -5.21540641784668e-08, 6.705522537231445e-08, 1.043081283569336e-07, 0.18179281055927277, -0.983336865901947, 2.2584572434425354e-08, 0.983336865901947, 0.18179278075695038),
            ["LowerTorso"] = CFrame.new(0.022495204582810402, -0.35430049896240234, 0.2000611126422882, 0.9328058362007141, 0.11555353552103043, -0.3413514196872711, -0.052981577813625336, 0.9808799028396606, 0.1872633993625641, 0.3564636707305908, -0.15659505128860474, 0.921092689037323),
            ["Head"] = CFrame.new(-1.4528632164001465e-07, -7.152557373046875e-07, -7.450580596923828e-09, 0.9542889595031738, 0.10947387665510178, 0.2781152129173279, -0.0931551530957222, 0.9930975437164307, -0.07127007842063904, -0.28399768471717834, 0.042104434221982956, 0.9579001665115356),
            ["RightUpperArm"] = CFrame.new(0, 1.1920928955078125e-07, 5.21540641784668e-08, 0.6617090106010437, -0.014305178076028824, 0.7496243119239807, 0.2433151751756668, 0.9498026371002197, -0.19665420055389404, -0.7091819047927856, 0.31252285838127136, 0.6319735646247864),
            ["UpperTorso"] = CFrame.new(-4.190951585769653e-09, 1.7881393432617188e-07, 9.313225746154785e-09, 0.9991132616996765, -0.040855228900909424, -0.010174322873353958, 0.04185839369893074, 0.9898821115493774, 0.13557767868041992, 0.004532326478511095, -0.13588331639766693, 0.9907145500183105),
            ["HumanoidRootPart"] = CFrame.new(0, 0, 0, 1, 0, 0, 0, 1, 0, 0, 0, 1),
            ["RightHand"] = CFrame.new(1.5133991837501526e-07, 5.960464477539063e-08, -8.940696716308594e-08, 0.6095746159553528, -0.15998652577400208, 0.7764168977737427, 0.20014825463294983, 0.9787527918815613, 0.04454043507575989, -0.7670460343360901, 0.1282476782798767, 0.6286437511444092),
            ["LeftUpperArm"] = CFrame.new(5.960464477539063e-08, 0, 4.470348358154297e-08, 0.8631352186203003, 0.2694357633590698, -0.4270855188369751, -0.41017863154411316, 0.8673912882804871, -0.28175488114356995, 0.29453539848327637, 0.4183739423751831, 0.8591927289962769),
            ["RightLowerArm"] = CFrame.new(2.384185791015625e-07, -2.980232238769531e-07, -3.725290298461914e-09, 1, -1.1245721509567375e-07, 3.259629011154175e-08, 8.067581802606583e-08, 0.3838618993759155, -0.9233905076980591, 8.003189577721059e-08, 0.9233905673027039, 0.38386186957359314),
            ["LeftHand"] = CFrame.new(-5.960464477539063e-08, -5.960464477539063e-08, -3.427267074584961e-07, 0.7320965528488159, -0.02941649965941906, 0.6805654168128967, 0.20308159291744232, 0.963062047958374, -0.17683151364326477, -0.6502249240875244, 0.2676680386066437, 0.7110284566879272),
            ["RightUpperLeg"] = CFrame.new(0, 1.5273690223693848e-07, -1.6596459317952394e-08, 0.9885920286178589, -0.08168832957744598, 0.1265423595905304, 0.14053519070148468, 0.8025045394897461, -0.5798588991165161, -0.05418317764997482, 0.5910274982452393, 0.8048295974731445),
            ["LeftUpperLeg"] = CFrame.new(0, 2.8009526431560516e-07, -1.6763806343078613e-08, 0.9427496194839478, 0.3137272000312805, -0.11313070356845856, -0.03243514895439148, -0.2513609528541565, -0.9673498272895813, -0.3319206237792969, 0.9156379699707031, -0.22679466009140015),
            ["RightLowerLeg"] = CFrame.new(-1.1920928955078125e-07, -0.0000035762786865234375, -0.000013271514035295695, 1, -1.2293456563838845e-07, -1.6391282997574308e-07, 1.639127589214695e-07, 0.2995655834674835, 0.9540756344795227, -1.4901159772762185e-07, -0.9540756940841675, 0.29956597089767456),
            ["RightFoot"] = CFrame.new(2.9802322387695312e-08, 3.5762786865234375e-07, 6.129994289949536e-08, 0.9969220757484436, 0.0715121328830719, 0.03213345631957054, -0.024721525609493256, 0.675692617893219, -0.7367686629295349, -0.07440010458230972, 0.7337067127227783, 0.6753810048103333),
            ["LeftLowerLeg"] = CFrame.new(-1.5459954738616943e-07, 0.0000036954879760742188, 0.000013381242752075195, 1, -2.4167817969100724e-07, -2.859160019852425e-07, 1.648440957069397e-07, -0.2764849066734314, 0.9610182642936707, -3.3783726394176483e-07, -0.9610182642936707, -0.27648502588272095)
        }},
        [5] = {Time = 0.067, Data = {
            ["LeftFoot"] = CFrame.new(-1.1175870895385742e-08, 5.960464477539063e-08, -1.4901161193847656e-08, 0.9949420690536499, -0.08354313671588898, -0.05577516183257103, 0.09236451238393784, 0.9791269302368164, 0.18105030059814453, 0.03948552906513214, -0.18528644740581512, 0.9818909764289856),
            ["LeftLowerArm"] = CFrame.new(-2.384185791015625e-07, -4.76837158203125e-07, 1.7136335372924805e-07, 1, -9.685756197086448e-08, 3.166497464235363e-08, 1.1920930376163597e-07, 0.32714083790779114, -0.9449756741523743, 1.0244549208948683e-08, 0.9449756145477295, 0.3271408677101135),
            ["LowerTorso"] = CFrame.new(0.023222964257001877, -0.37556004524230957, 0.18244673311710358, 0.9261476397514343, 0.11418019235134125, -0.3594628572463989, -0.03923387825489044, 0.9770700931549072, 0.20927244424819946, 0.37511515617370605, -0.17971405386924744, 0.9093908071517944),
            ["Head"] = CFrame.new(-2.60770320892334e-08, -5.960464477539062e-07, -3.725290298461914e-08, 0.9617601633071899, 0.098930224776268, 0.2554022967815399, -0.076103575527668, 0.9922935962677002, -0.0977846309542656, -0.26310786604881287, 0.07460834830999374, 0.9618773460388184),
            ["RightUpperArm"] = CFrame.new(2.384185791015625e-07, 1.1920928955078125e-07, -1.1175870895385742e-07, 0.6890003085136414, -0.059146344661712646, 0.7223436832427979, 0.27423614263534546, 0.9438378810882568, -0.1842949092388153, -0.6708749532699585, 0.32507196068763733, 0.6665245890617371),
            ["UpperTorso"] = CFrame.new(1.4901161193847656e-08, 0, 0, 0.9998414516448975, -0.017305022105574608, 0.004209615755826235, 0.016618728637695312, 0.9915276169776917, 0.12882892787456512, -0.00640332605689764, -0.12873850762844086, 0.9916579723358154),
            ["HumanoidRootPart"] = CFrame.new(0, 0, 0, 1, 0, 0, 0, 1, 0, 0, 0, 1),
            ["RightHand"] = CFrame.new(-1.1920928955078125e-07, -1.1920928955078125e-07, -1.7881393432617188e-07, 0.6095752716064453, -0.18070876598358154, 0.771856427192688, 0.22094927728176117, 0.973816990852356, 0.053497038781642914, -0.761314332485199, 0.13793058693408966, 0.6335421800613403),
            ["LeftUpperArm"] = CFrame.new(0, -1.1920928955078125e-07, -5.960464477539063e-08, 0.8655259013175964, 0.28073814511299133, -0.41479039192199707, -0.4164468050003052, 0.8634790182113647, -0.28456297516822815, 0.2782750725746155, 0.4190347194671631, 0.8642759323120117),
            ["RightLowerArm"] = CFrame.new(1.1920928955078125e-07, 0, 9.685754776000977e-08, 1, -8.102507109697399e-08, 2.7939684343891713e-08, 6.984919309616089e-08, 0.5208677053451538, -0.8536373972892761, 1.1041993275284767e-07, 0.8536375164985657, 0.5208677649497986),
            ["LeftHand"] = CFrame.new(-1.4901161193847656e-07, 1.7881393432617188e-07, 6.332993507385254e-08, 0.7242141366004944, -0.036442410200834274, 0.6886115670204163, 0.2259335070848465, 0.9560216665267944, -0.18702049553394318, -0.651512086391449, 0.29102328419685364, 0.7005979418754578),
            ["RightUpperLeg"] = CFrame.new(1.7881393432617188e-07, -3.725290298461914e-08, -7.620110409334302e-08, 0.9863504767417908, -0.09076572954654694, 0.13738401234149933, 0.15173572301864624, 0.825054407119751, -0.5442990660667419, -0.06394551694393158, 0.5577157139778137, 0.8275652527809143),
            ["LeftUpperLeg"] = CFrame.new(-1.7881393432617188e-07, 1.2986129149794579e-07, -5.587935447692871e-09, 0.9415081739425659, 0.3150891065597534, -0.11950409412384033, -0.01716373860836029, -0.3093246519565582, -0.9508016705513, -0.33655276894569397, 0.8972386717796326, -0.28582367300987244),
            ["RightLowerLeg"] = CFrame.new(-5.4016709327697754e-08, -0.0000036954879760742188, -0.000013237986422609538, 1, -3.0174851417541504e-07, -3.2782585890345217e-07, 4.321338167301292e-07, 0.3160111606121063, 0.9487553238868713, -3.9115562344704813e-07, -0.9487555027008057, 0.3160116672515869),
            ["RightFoot"] = CFrame.new(-9.499490261077881e-08, 4.172325134277344e-07, 1.6952981241047382e-09, 0.9948621392250061, 0.0915244072675705, 0.04327303171157837, -0.025332748889923096, 0.6388914585113525, -0.7688794732093811, -0.09801800549030304, 0.763833224773407, 0.637927770614624),
            ["LeftLowerLeg"] = CFrame.new(-1.862645149230957e-08, 0.000003814697265625, 0.000013414770364761353, 1, -3.958120586844416e-08, -4.377218232320956e-08, 4.842877388000488e-08, -0.24380290508270264, 0.9698247909545898, -1.3131648302078247e-07, -0.9698248505592346, -0.2438029795885086)
        }},
        [6] = {Time = 0.083, Data = {
            ["LeftFoot"] = CFrame.new(2.9802322387695312e-08, 1.7881393432617188e-07, -6.705522537231445e-08, 0.9961830377578735, -0.0817674845457077, -0.030555425211787224, 0.08623526245355606, 0.9761325716972351, 0.19932040572166443, 0.013528214767575264, -0.20119468867778778, 0.9794579744338989),
            ["LeftLowerArm"] = CFrame.new(-5.364418029785156e-07, -5.960464477539063e-08, -8.940696716308594e-08, 1, -8.940698137394065e-08, 4.4703490686970326e-08, 7.450580596923828e-08, 0.383435994386673, -0.923567533493042, 9.12696123123169e-08, 0.923567533493042, 0.383435994386673),
            ["LowerTorso"] = CFrame.new(0.02370915748178959, -0.39617037773132324, 0.1635327786207199, 0.9174527525901794, 0.11095517128705978, -0.38205957412719727, -0.021667610853910446, 0.972832977771759, 0.23049238324165344, 0.39725443720817566, -0.20318755507469177, 0.8949323296546936),
            ["Head"] = CFrame.new(-1.2293457984924316e-07, -8.344650268554688e-07, 8.940696716308594e-08, 0.9687380790710449, 0.08553912490606308, 0.23287248611450195, -0.05857524648308754, 0.9910024404525757, -0.1203465536236763, -0.24107146263122559, 0.10294376313686371, 0.9650322794914246),
            ["RightUpperArm"] = CFrame.new(1.1920928955078125e-07, -2.384185791015625e-07, 1.862645149230957e-08, 0.7165321707725525, -0.11071553826332092, 0.6887117028236389, 0.30970582365989685, 0.9351680278778076, -0.17188110947608948, -0.6250311732292175, 0.3364563584327698, 0.7043671607971191),
            ["UpperTorso"] = CFrame.new(2.60770320892334e-08, -1.7881393432617188e-07, 1.862645149230957e-09, 0.9997283220291138, 0.00952084455639124, 0.021274682134389877, -0.01202203705906868, 0.9926140904426575, 0.1207178607583046, -0.019968198612332344, -0.12094084918498993, 0.9924589395523071),
            ["HumanoidRootPart"] = CFrame.new(0, 0, 0, 1, 0, 0, 0, 1, 0, 0, 0, 1),
            ["RightHand"] = CFrame.new(-7.450580596923828e-08, 5.960464477539063e-08, 1.1920928955078125e-07, 0.6097568869590759, -0.2022479921579361, 0.7663499116897583, 0.24243395030498505, 0.9681456685066223, 0.06260809302330017, -0.7546007633209229, 0.1476135402917862, 0.6393653154373169),
            ["LeftUpperArm"] = CFrame.new(-1.1920928955078125e-07, 1.1920928955078125e-07, 1.7881393432617188e-07, 0.8671107888221741, 0.29320061206817627, -0.4026816189289093, -0.4236876964569092, 0.8592327833175659, -0.28671902418136597, 0.26193103194236755, 0.4192282557487488, 0.8692755103111267),
            ["RightLowerArm"] = CFrame.new(-2.9802322387695312e-08, -5.364418029785156e-07, -2.9802322387695312e-08, 1, -7.078052277620372e-08, 7.450581307466564e-08, 6.612390279769897e-08, 0.5714299082756042, -0.8206509947776794, 5.611218512058258e-08, 0.8206509351730347, 0.5714299082756042),
            ["LeftHand"] = CFrame.new(2.9802322387695312e-08, 1.1920928955078125e-07, 3.427267074584961e-07, 0.7179015278816223, -0.04531460627913475, 0.6946682333946228, 0.24727731943130493, 0.9494034647941589, -0.19361600279808044, -0.6507466435432434, 0.3107728362083435, 0.6927834749221802),
            ["RightUpperLeg"] = CFrame.new(5.960464477539063e-08, -4.991888999938965e-07, 4.300818545743823e-08, 0.9835445284843445, -0.09817715734243393, 0.1516629159450531, 0.16223490238189697, 0.8493410348892212, -0.5022943019866943, -0.07949972152709961, 0.5186337828636169, 0.8512924313545227),
            ["LeftUpperLeg"] = CFrame.new(5.960464477539063e-08, -4.0372833609580994e-07, 8.940696716308594e-08, 0.9386196136474609, 0.3183041512966156, -0.13295039534568787, -0.010815087705850601, -0.3580709993839264, -0.9336317181587219, -0.34478452801704407, 0.8777629137039185, -0.33264997601509094),
            ["RightLowerLeg"] = CFrame.new(1.862645149230957e-08, -0.0000036954879760742188, -0.000013364646292757243, 1, -3.2782557468635787e-07, -1.4901169720360485e-07, 1.9371512394172896e-07, 0.34628817439079285, 0.9381281137466431, -1.005828522693264e-07, -0.9381282329559326, 0.34628862142562866),
            ["RightFoot"] = CFrame.new(-8.195638656616211e-08, 4.172325134277344e-07, 4.639878170564771e-08, 0.9921770095825195, 0.11263735592365265, 0.053830068558454514, -0.025893427431583405, 0.6074967384338379, -0.7938999533653259, -0.12212438881397247, 0.7862954139709473, 0.6056610345840454),
            ["LeftLowerLeg"] = CFrame.new(1.1175870895385742e-08, 0.000003993511199951172, 0.000013422220945358276, 1, 5.1921240640240285e-08, 2.328307768806326e-09, -5.401672353855247e-08, -0.20872142910957336, 0.9779751896858215, -4.004688136660661e-08, -0.9779751896858215, -0.20872147381305695)
        }},
        [7] = {Time = 0.100, Data = {
            ["LeftFoot"] = CFrame.new(1.4901161193847656e-08, 5.960464477539063e-08, 7.217749953269958e-08, 0.9965488910675049, -0.08284473419189453, -0.005211446434259415, 0.08218221366405487, 0.9758470058441162, 0.20240741968154907, -0.011682845652103424, -0.20213709771633148, 0.9792875647544861),
            ["LeftLowerArm"] = CFrame.new(-2.384185791015625e-07, -5.960464477539063e-08, 8.940696716308594e-08, 1, -7.450581307466564e-08, 7.543713564928112e-08, 1.0430814256778831e-07, 0.2903684675693512, -0.9569149613380432, 7.078052277620372e-08, 0.9569149613380432, 0.2903684675693512),
            ["LowerTorso"] = CFrame.new(0.023931661620736122, -0.4157320261001587, 0.14258074760437012, 0.9056680798530579, 0.10526444017887115, -0.4107125401496887, -0.0002909140894189477, 0.9688442945480347, 0.247670516371727, 0.42398738861083984, -0.22418779134750366, 0.8774819374084473),
            ["Head"] = CFrame.new(-7.264316082000732e-08, -4.76837158203125e-07, 0, 0.9744744896888733, 0.07082770019769669, 0.2130328267812729, -0.04204100742936134, 0.9897137880325317, -0.13674531877040863, -0.22052699327468872, 0.12429878115653992, 0.96742844581604),
            ["RightUpperArm"] = CFrame.new(0, 2.384185791015625e-07, -2.60770320892334e-08, 0.7414532899856567, -0.16574391722679138, 0.6502122282981873, 0.34744980931282043, 0.9238230586051941, -0.16071629524230957, -0.5740432739257812, 0.3450797498226166, 0.7425593137741089),
            ["UpperTorso"] = CFrame.new(4.3655745685100555e-09, 1.1920928955078125e-07, 5.21540641784668e-08, 0.9984602332115173, 0.038014933466911316, 0.04039923846721649, -0.042315512895584106, 0.9928562641143799, 0.11156144738197327, -0.03586963191628456, -0.11309926956892014, 0.9929360151290894),
            ["HumanoidRootPart"] = CFrame.new(0, 0, 0, 1, 0, 0, 0, 1, 0, 0, 0, 1),
            ["RightHand"] = CFrame.new(-4.470348358154297e-08, -1.7881393432617188e-07, 1.1920928955078125e-07, 0.6099140048027039, -0.22371801733970642, 0.7602336406707764, 0.2637466788291931, 0.9619399309158325, 0.07147867232561111, -0.7472902536392212, 0.15691323578357697, 0.64570552110672),
            ["LeftUpperArm"] = CFrame.new(0, 1.1920928955078125e-07, 1.4901161193847656e-08, 0.867950439453125, 0.30612146854400635, -0.39109036326408386, -0.431434690952301, 0.8548043370246887, -0.2883986830711365, 0.24602076411247253, 0.41904568672180176, 0.8739991784095764),
            ["RightLowerArm"] = CFrame.new(-1.1920928955078125e-07, 1.1920928955078125e-07, -2.2351741790771484e-08, 1, -7.078051567077637e-08, 7.450579886381092e-08, 7.450581307466564e-08, 0.42577064037323, -0.9048312306404114, 6.984920020158825e-08, 0.9048311710357666, 0.4257705807685852),
            ["LeftHand"] = CFrame.new(2.9802322387695312e-08, 1.7881393432617188e-07, 1.6763806343078613e-08, 0.7120035886764526, -0.05516662076115608, 0.7000053524971008, 0.2670963704586029, 0.9432482123374939, -0.19733826816082, -0.649392306804657, 0.32747453451156616, 0.6863309144973755),
            ["RightUpperLeg"] = CFrame.new(0, -2.9802322387695312e-08, 1.1751399142667651e-07, 0.9797404408454895, -0.10432250052690506, 0.1709551215171814, 0.17207226157188416, 0.8752431869506836, -0.4520404040813446, -0.10246921330690384, 0.4722989499568939, 0.8754621148109436),
            ["LeftUpperLeg"] = CFrame.new(0, 3.073364496231079e-08, 6.705522537231445e-08, 0.9332394599914551, 0.3245749771595001, -0.15399719774723053, -0.013682501390576363, -0.3962341845035553, -0.9180476069450378, -0.3589942753314972, 0.8588653802871704, -0.36534038186073303),
            ["RightLowerLeg"] = CFrame.new(-4.842877388000488e-08, -0.000003516674041748047, -0.000013290140486788005, 1, -7.450580596923828e-08, 2.2351741790771484e-08, 8.568168397005138e-08, 0.39011651277542114, 0.9207652807235718, -4.284084198502569e-08, -0.9207655191421509, 0.39011698961257935),
            ["RightFoot"] = CFrame.new(3.3527612686157227e-08, 2.980232238769531e-07, -5.790934665128589e-08, 0.9888651967048645, 0.13435885310173035, 0.06397861987352371, -0.02677609771490097, 0.5835515856742859, -0.8116347789764404, -0.14638522267341614, 0.8008841872215271, 0.5806512236595154),
            ["LeftLowerLeg"] = CFrame.new(6.705522537231445e-08, 0.000003814697265625, 0.000013392418622970581, 1, -4.307364687150539e-09, 3.6088749766349792e-09, -3.725290298461914e-09, -0.1746489554643631, 0.984630823135376, -1.1175870895385742e-08, -0.9846307635307312, -0.17464888095855713)
        }},
        [8] = {Time = 0.117, Data = {
            ["LeftFoot"] = CFrame.new(0, 0, -1.0803341865539551e-07, 0.9960819482803345, -0.08611433953046799, 0.02012995071709156, 0.08072887361049652, 0.9783430099487305, 0.1905987709760666, -0.03610723093152046, -0.18822667002677917, 0.9814615845680237),
            ["LeftLowerArm"] = CFrame.new(-1.7881393432617188e-07, -1.1920928955078125e-07, 5.21540641784668e-08, 1, -1.2293457984924316e-07, 7.450580596923828e-08, 1.341104507446289e-07, 0.07726985216140747, -0.9970102906227112, 3.3527612686157227e-08, 0.9970102310180664, 0.07726989686489105),
            ["LowerTorso"] = CFrame.new(0.023999398574233055, -0.43375706672668457, 0.11913646757602692, 0.8896739482879639, 0.09688126295804977, -0.4461999237537384, 0.024323569610714912, 0.9657865166664124, 0.2581952214241028, 0.455948144197464, -0.24056273698806763, 0.8568785786628723),
            ["Head"] = CFrame.new(-5.587935447692871e-08, -7.152557373046875e-07, -1.043081283569336e-07, 0.9786939024925232, 0.056137632578611374, 0.1975015252828598, -0.027427226305007935, 0.9890212416648865, -0.1452060490846634, -0.20348484814167023, 0.13669538497924805, 0.969488799571991),
            ["RightUpperArm"] = CFrame.new(0, 1.1920928955078125e-07, -8.940696716308594e-08, 0.7617881894111633, -0.2207377851009369, 0.6090596318244934, 0.385062575340271, 0.9103384613990784, -0.1516929268836975, -0.5209659934043884, 0.35008394718170166, 0.7784829139709473),
            ["UpperTorso"] = CFrame.new(2.7008354663848877e-08, -2.9802322387695312e-08, 3.725290298461914e-09, 0.9959180951118469, 0.06653022766113281, 0.060999490320682526, -0.07251234352588654, 0.9921622276306152, 0.10176460444927216, -0.05375096574425697, -0.1057724580168724, 0.9929366111755371),
            ["HumanoidRootPart"] = CFrame.new(0, 0, 0, 1, 0, 0, 0, 1, 0, 0, 0, 1),
            ["RightHand"] = CFrame.new(1.341104507446289e-07, 5.960464477539063e-08, -2.8312206268310547e-07, 0.6099221110343933, -0.24423711001873016, 0.7538854479789734, 0.2840389907360077, 0.9554901719093323, 0.07975278049707413, -0.7398086786270142, 0.16548985242843628, 0.6521474123001099),
            ["LeftUpperArm"] = CFrame.new(0, 0, -1.4901161193847656e-08, 0.868152379989624, 0.3188089430332184, -0.38035815954208374, -0.4392266273498535, 0.8503650426864624, -0.2897575795650482, 0.23106592893600464, 0.4186171293258667, 0.8782756924629211),
            ["RightLowerArm"] = CFrame.new(1.1920928955078125e-07, 1.1920928955078125e-07, 5.029141902923584e-08, 1, -8.381902460996571e-08, 1.0058283805847168e-07, 8.195638656616211e-08, 0.10683892667293549, -0.9942763447761536, 7.729977369308472e-08, 0.9942763447761536, 0.10683891922235489),
            ["LeftHand"] = CFrame.new(2.9802322387695312e-08, -1.1920928955078125e-07, 3.129243850708008e-07, 0.7053707242012024, -0.06502986699342728, 0.7058494091033936, 0.28536170721054077, 0.9375775456428528, -0.19878928363323212, -0.6488613486289978, 0.3416425287723541, 0.6798965930938721),
            ["RightUpperLeg"] = CFrame.new(1.1920928955078125e-07, 9.685754776000977e-08, 1.3205863069742918e-08, 0.974265992641449, -0.11072935909032822, 0.19632844626903534, 0.18153376877307892, 0.9017677307128906, -0.3922506868839264, -0.1336091011762619, 0.4177968502044678, 0.8986626267433167),
            ["LeftUpperLeg"] = CFrame.new(2.9802322387695312e-08, 1.8440186977386475e-07, 2.2351741790771484e-08, 0.9243513345718384, 0.3352207839488983, -0.1822129786014557, -0.02519414573907852, -0.4229001998901367, -0.9058259725570679, -0.3807097375392914, 0.8418921828269958, -0.38246285915374756),
            ["RightLowerLeg"] = CFrame.new(-2.2351741790771484e-08, -0.0000036954879760742188, -0.000013210046745371073, 1, 4.470348358154297e-08, 1.4901166522918174e-08, 5.21540641784668e-08, 0.44651302695274353, 0.8947769999504089, 2.9802322387695312e-08, -0.8947771191596985, 0.4465133845806122),
            ["RightFoot"] = CFrame.new(-7.450580596923828e-09, 3.5762786865234375e-07, 1.6952981241047382e-09, 0.9849202036857605, 0.15630459785461426, 0.07416928559541702, -0.028339101001620293, 0.5686643719673157, -0.8220812678337097, -0.17067252099514008, 0.807582676410675, 0.5645185708999634),
            ["LeftLowerLeg"] = CFrame.new(5.21540641784668e-08, 0.000003993511199951172, 0.000013129785656929016, 1, 2.9429796200020064e-07, 2.933666678472946e-07, -2.1792948246002197e-07, -0.14427176117897034, 0.9895381927490234, 2.477318048477173e-07, -0.9895381927490234, -0.14427153766155243)
        }},
        [9] = {Time = 0.133, Data = {
            ["LeftFoot"] = CFrame.new(5.21540641784668e-08, 5.960464477539063e-08, 2.2351741790771484e-08, 0.9948322176933289, -0.0906839594244957, 0.04566658288240433, 0.08195330202579498, 0.9826980233192444, 0.16609762609004974, -0.059939052909612656, -0.1614966094493866, 0.9850514531135559),
            ["LeftLowerArm"] = CFrame.new(0, 1.1920928955078125e-07, 0, 1, -7.264316792543468e-08, 1.0430811414607888e-07, 2.9802318834981634e-08, -0.11580146849155426, -0.9932723641395569, 6.70552182668871e-08, 0.9932724237442017, -0.11580144613981247),
            ["LowerTorso"] = CFrame.new(0.024040482938289642, -0.4494009017944336, 0.09388283640146255, 0.8692144155502319, 0.08752258867025375, -0.48662734031677246, 0.04992566630244255, 0.963641345500946, 0.2624935209751129, 0.4919082820415497, -0.2524583041667938, 0.83324134349823),
            ["Head"] = CFrame.new(-1.1175870895385742e-07, -7.152557373046875e-07, -2.9802322387695312e-08, 0.9817407131195068, 0.04161250218749046, 0.18561656773090363, -0.014160336926579475, 0.989059329032898, -0.14683736860752106, -0.18969619274139404, 0.14152781665325165, 0.9715891480445862),
            ["RightUpperArm"] = CFrame.new(0, -1.1920928955078125e-07, -1.862645149230957e-08, 0.7766416072845459, -0.27221161127090454, 0.5680921673774719, 0.4201693832874298, 0.8957539200782776, -0.14519907534122467, -0.46934592723846436, 0.35146260261535645, 0.8100546598434448),
            ["UpperTorso"] = CFrame.new(1.885928213596344e-08, 0, -3.5390257835388184e-08, 0.9922010898590088, 0.09339847415685654, 0.08254549652338028, -0.10089240968227386, 0.9906500577926636, 0.0918329656124115, -0.07319658249616623, -0.09944499284029007, 0.9923471808433533),
            ["HumanoidRootPart"] = CFrame.new(0, 0, 0, 1, 0, 0, 0, 1, 0, 0, 0, 1),
            ["RightHand"] = CFrame.new(-1.043081283569336e-07, 5.960464477539063e-08, 1.3131648302078247e-07, 0.6097357273101807, -0.2629348635673523, 0.7477216124534607, 0.3024758994579315, 0.9491676092147827, 0.08711649477481842, -0.732619047164917, 0.17304976284503937, 0.6582727432250977),
            ["LeftUpperArm"] = CFrame.new(0, -1.1920928955078125e-07, -4.470348358154297e-08, 0.8678685426712036, 0.33058446645736694, -0.370834618806839, -0.44660913944244385, 0.846108078956604, -0.29093220829963684, 0.217588409781456, 0.4181089401245117, 0.8819525241851807),
            ["RightLowerArm"] = CFrame.new(1.7881393432617188e-07, 2.980232238769531e-07, 2.60770320892334e-08, 1, -6.996561552341518e-08, 9.150244295597076e-08, 8.381903171539307e-08, -0.10412685573101044, -0.9945640563964844, 9.685754776000977e-08, 0.9945640563964844, -0.10412684082984924),
            ["LeftHand"] = CFrame.new(2.9802322387695312e-08, -1.7881393432617188e-07, -1.043081283569336e-07, 0.6968419551849365, -0.07384169846773148, 0.7134135365486145, 0.30201131105422974, 0.9324120283126831, -0.19848690927028656, -0.6505386829376221, 0.3537728488445282, 0.6720447540283203),
            ["RightUpperLeg"] = CFrame.new(0, 1.4528632164001465e-07, -1.6596459317952394e-08, 0.9664929509162903, -0.12076409161090851, 0.22651149332523346, 0.191852405667305, 0.9260985255241394, -0.3248600959777832, -0.17054061591625214, 0.3574318289756775, 0.9182366132736206),
            ["LeftUpperLeg"] = CFrame.new(0, 6.705522537231445e-08, -2.9802322387695312e-08, 0.911780595779419, 0.35048919916152954, -0.21404099464416504, -0.04247896745800972, -0.43790489435195923, -0.8980170488357544, -0.408474862575531, 0.8278868198394775, -0.38438498973846436),
