return {
    ["Figure Skating Freestyle"] = {
        {Time = 0.000, Data = {
            ["RightFoot"] = CFrame.new(-4.0512531995773315e-08, 1.1920928955078125e-07, 1.3802491594105959e-08, 0.8570784330368042, 0.44705525040626526, -0.2560456693172455, -0.32567736506462097, 0.8552466630935669, 0.4030963182449341, 0.39918771386146545, -0.26209670305252075, 0.8786091208457947),
            ["LeftLowerArm"] = CFrame.new(2.980232238769531e-07, 2.980232238769531e-07, 0, 1, -4.470347647611561e-08, -7.450581485102248e-09, -3.725289943190546e-08, 1, -1.1175872671742582e-08, 7.4505797087454084e-09, -6.70552182668871e-08, 1),
            ["RightUpperArm"] = CFrame.new(0, 1.1920928955078125e-07, -5.587935447692871e-08, 0.2348717749118805, -0.2010202258825302, 0.9510132670402527, 0.9492368102073669, -0.16318289935588837, -0.2689259350299835, 0.20924848318099976, 0.9658997058868408, 0.15248873829841614),
            ["Head"] = CFrame.new(-2.2351741790771484e-08, -3.5762786865234375e-07, -2.682645572349429e-08, 0.7822204828262329, 0.02406972646713257, -0.6225366592407227, -0.15572549402713776, 0.9750874042510986, -0.15796875953674316, 0.6032253503799438, 0.22051115334033966, 0.7664815783500671),
            ["RightHand"] = CFrame.new(0, 5.960464477539063e-08, 5.960464477539063e-08, 0.966481626033783, -0.24159079790115356, 0.08687439560890198, 0.24187980592250824, 0.9702784419059753, 0.007344820536673069, -0.08606694638729095, 0.013914862647652626, 0.996192216873169),
            ["UpperTorso"] = CFrame.new(5.960464477539063e-08, -2.9802322387695312e-08, -7.450580596923828e-08, 0.9112297892570496, -0.10020732879638672, 0.39952313899993896, -0.193563774228096, 0.7520060539245605, 0.6300954222679138, -0.3635840117931366, -0.6514949202537537, 0.6658537983894348),
            ["HumanoidRootPart"] = CFrame.new(0, 0, 0, 1, 0, 0, 0, 1, 0, 0, 0, 1),
            ["RightUpperLeg"] = CFrame.new(-5.960464477539063e-08, 1.4819670468568802e-07, 3.183231456205249e-08, 0.809177577495575, -0.48618069291114807, 0.32994019985198975, 0.42926087975502014, 0.10572535544633865, -0.8969709277153015, 0.4012068212032318, 0.8674390912055969, 0.29424935579299927),
            ["LeftUpperArm"] = CFrame.new(1.1920928955078125e-07, 1.1920928955078125e-07, 4.563480615615845e-08, 0.15109212696552277, 0.895409882068634, 0.41882291436195374, -0.9275579452514648, -0.01806546375155449, 0.37324246764183044, 0.3417709469795227, -0.44487637281417847, 0.8278148770332336),
            ["RightLowerArm"] = CFrame.new(3.5762786865234375e-07, 0, 1.1920928955078125e-07, 1, -2.2351745343485163e-08, 2.2351741790771484e-08, 2.980232594040899e-08, 0.6798698306083679, -0.7333328723907471, 1.4901162970204496e-08, 0.7333328723907471, 0.6798697710037231),
            ["LeftHand"] = CFrame.new(2.9802322387695312e-08, -5.960464477539063e-08, 5.960464477539063e-08, 0.9285694360733032, -0.3636447787284851, -0.07430587708950043, 0.3702292740345001, 0.8933312892913818, 0.2547341585159302, -0.02625296451151371, -0.2640487849712372, 0.9641520380973816),
            ["LeftFoot"] = CFrame.new(-7.450580596923828e-09, 1.1920928955078125e-07, 1.4901161193847656e-08, 0.986489474773407, 0.019888075068593025, 0.162613183259964, 0.07645862549543381, 0.8219768404960632, -0.5643655061721802, -0.14488834142684937, 0.5691735148429871, 0.8093507885932922),
            ["LowerTorso"] = CFrame.new(-0.6239858269691467, -0.4203230142593384, -0.2472086399793625, 0.8130468130111694, 0.10461536794900894, -0.5727219581604004, -0.06705968827009201, 0.9940038323402405, 0.08636891841888428, 0.5783233046531677, -0.03181541711091995, 0.8151870965957642),
            ["RightLowerLeg"] = CFrame.new(5.960464477539063e-08, -0.0000603795051574707, -0.00007211317279143259, 1, -1.9371512394172896e-07, -1.0477383938223284e-07, 1.341104365337742e-07, 0.2491886168718338, 0.9684551954269409, -1.1827795276531106e-07, -0.9684550762176514, 0.2491881251335144),
            ["LeftUpperLeg"] = CFrame.new(0, 2.3655593395233154e-07, -1.4901161193847656e-08, 0.9988114833831787, 0.01099946815520525, 0.0474848598241806, 0.027748769149184227, 0.6726057529449463, -0.7394804954528809, -0.04007251188158989, 0.7399193048477173, 0.6715012192726135),
            ["LeftLowerLeg"] = CFrame.new(1.9371509552001953e-07, 0.00006031990051269531, 0.00007200241088867188, 1, 1.4156104555240745e-07, -3.7252898543727042e-09, -4.097818262494002e-08, 0.16029201447963715, 0.9870696663856506, 5.960463056453591e-08, -0.9870697259902954, 0.16029198467731476),
        }},
        {Time = 0.033, Data = {
            ["RightFoot"] = CFrame.new(5.587935447692871e-09, 3.5762786865234375e-07, -1.6465492080897093e-08, 0.840275764465332, 0.4137318730354309, -0.3503778278827667, -0.29677438735961914, 0.8918436765670776, 0.34137794375419617, 0.45372000336647034, -0.1828683763742447, 0.8721792697906494),
            ["LeftLowerArm"] = CFrame.new(5.960464477539063e-08, -2.980232238769531e-07, -2.980232238769531e-07, 1, 1.1175870895385742e-08, -3.166496398421259e-08, 7.450578820566989e-09, 1, -8.568166975919667e-08, -2.2351736461700966e-08, -2.9802322387695312e-08, 1),
            ["RightUpperArm"] = CFrame.new(-1.1920928955078125e-07, 2.384185791015625e-07, 1.1734664440155029e-07, 0.36764368414878845, -0.2998187839984894, 0.8803107142448425, 0.9042351245880127, -0.10588797926902771, -0.41369885206222534, 0.21724900603294373, 0.9481015801429749, 0.23217761516571045),
            ["Head"] = CFrame.new(-6.705522537231445e-08, -1.1920928955078125e-07, 6.658956408500671e-08, 0.7519673109054565, 0.0030026137828826904, -0.6591935157775879, -0.17022661864757538, 0.9669574499130249, -0.18977928161621094, 0.6368423104286194, 0.2549203038215637, 0.7276315093040466),
            ["RightHand"] = CFrame.new(1.1920928955078125e-07, 1.1920928955078125e-07, 8.940696716308594e-08, 0.9847007989883423, -0.15154612064361572, -0.08601240813732147, 0.13607513904571533, 0.9770814180374146, -0.16369353234767914, 0.10884834825992584, 0.14948518574237823, 0.9827544689178467),
            ["UpperTorso"] = CFrame.new(1.4901161193847656e-08, -8.940696716308594e-08, -4.470348358154297e-08, 0.9278510808944702, -0.08309069275856018, 0.36357730627059937, -0.19634410738945007, 0.7200013399124146, 0.665617823600769, -0.31708282232284546, -0.6889803409576416, 0.6517395973205566),
            ["HumanoidRootPart"] = CFrame.new(0, 0, 0, 1, 0, 0, 0, 1, 0, 0, 0, 1),
            ["RightUpperLeg"] = CFrame.new(5.960464477539063e-08, 1.3748649507761002e-07, -2.7772330213338137e-08, 0.7937094569206238, -0.5172178149223328, 0.32017379999160767, 0.40078550577163696, 0.048698876053094864, -0.9148765206336975, 0.45759832859039307, 0.8544672131538391, 0.24594636261463165),
            ["LeftUpperArm"] = CFrame.new(0, 1.1920928955078125e-07, 1.7508864402770996e-07, 0.3081662356853485, 0.9326878190040588, 0.1874224692583084, -0.8686046600341797, 0.19549912214279175, 0.45530882477760315, 0.3880200684070587, -0.30310681462287903, 0.8703831434249878),
            ["RightLowerArm"] = CFrame.new(-2.384185791015625e-07, -2.384185791015625e-07, 1.1920928955078125e-07, 1, -7.4505797087454084e-09, 2.9802318834981634e-08, 1.4901159417490817e-08, 0.8551165461540222, -0.5184360146522522, -4.470347647611561e-08, 0.5184358954429626, 0.8551164269447327),
            ["LeftHand"] = CFrame.new(-2.2351741790771484e-07, -2.384185791015625e-07, 5.960464477539063e-08, 0.9006206393241882, -0.4326816201210022, -0.040852613747119904, 0.42960062623023987, 0.8720802664756775, 0.2343500256538391, -0.06577225029468536, -0.22861067950725555, 0.971293568611145),
            ["LeftFoot"] = CFrame.new(2.421438694000244e-08, -2.384185791015625e-07, -1.4901161193847656e-08, 0.9855366945266724, 0.020301759243011475, 0.1682416796684265, 0.08173364400863647, 0.8127440214157104, -0.5768595933914185, -0.148448646068573, 0.5822672247886658, 0.7993296980857849),
            ["LowerTorso"] = CFrame.new(-0.6270983815193176, -0.4610919952392578, -0.2462363839149475, 0.8198534846305847, 0.13098187744617462, -0.5573904514312744, -0.0895610898733139, 0.9908363819122314, 0.10110446065664291, 0.5655256509780884, -0.03297034651041031, 0.82407146692276),
            ["RightLowerLeg"] = CFrame.new(-5.960464477539063e-08, -0.000060677528381347656, -0.00007218535029096529, 1, -2.0116564769523393e-07, -1.0058287358560847e-07, 1.0430814256778831e-07, 0.21776747703552246, 0.9760007262229919, -6.053597445543346e-08, -0.9760007262229919, 0.21776743233203888),
            ["LeftUpperLeg"] = CFrame.new(-1.7881393432617188e-07, 8.568167686462402e-08, 4.470348358154297e-08, 0.998629629611969, -0.017261354252696037, 0.04940664768218994, 0.049156904220581055, 0.6333489418029785, -0.7723036408424377, -0.017960773780941963, 0.7736738920211792, 0.633329451084137),
            ["LeftLowerLeg"] = CFrame.new(4.0978193283081055e-08, 0.000060617923736572266, 0.00007221102714538574, 1, 1.862645149230957e-08, 1.9744035739677201e-07, -2.7939673685750677e-08, 0.10946328938007355, 0.9939908385276794, 7.636844401304188e-08, -0.9939908385276794, 0.10946337878704071),
        }},
        {Time = 0.067, Data = {
            ["RightFoot"] = CFrame.new(3.725290298461914e-08, 3.5762786865234375e-07, -9.645737009122968e-08, 0.8138836622238159, 0.3538160026073456, -0.46087872982025146, -0.2727951407432556, 0.933041512966156, 0.23455381393432617, 0.5130070447921753, -0.06517487019300461, 0.8559061288833618),
            ["LeftLowerArm"] = CFrame.new(-5.960464477539063e-08, 1.1920928955078125e-07, 1.4901161193847656e-08, 1, 3.725290298461914e-09, 1.769513069405093e-08, -1.862645371275562e-09, 1, -7.450581485102248e-09, 7.916242772409987e-09, 1.1175870895385742e-08, 1),
            ["RightUpperArm"] = CFrame.new(0, -1.1920928955078125e-07, 1.564621925354004e-07, 0.6247586607933044, -0.44098496437072754, 0.6443671584129333, 0.708233118057251, -0.02741924300789833, -0.7054460644721985, 0.32875925302505493, 0.8970956802368164, 0.2951897978782654),
            ["Head"] = CFrame.new(-5.960464477539063e-08, -7.152557373046875e-07, 1.4668330550193787e-07, 0.7411823868751526, -0.00904873013496399, -0.6712426543235779, -0.17652291059494019, 0.9620932340621948, -0.20788481831550598, 0.6476791501045227, 0.27257049083709717, 0.7114894390106201),
            ["RightHand"] = CFrame.new(-7.450580596923828e-09, 0, 5.960464477539063e-08, 0.9910675883293152, -0.03611249104142189, -0.12837804853916168, -0.018206235021352768, 0.9169886708259583, -0.39849773049354553, 0.1321120411157608, 0.3972753882408142, 0.9081403017044067),
            ["UpperTorso"] = CFrame.new(-1.4901161193847656e-08, -8.940696716308594e-08, -2.9802322387695312e-08, 0.9471850395202637, -0.05044524371623993, 0.3166951537132263, -0.19568729400634766, 0.6914565563201904, 0.6954094171524048, -0.25406116247177124, -0.7206546068191528, 0.6450657844543457),
            ["HumanoidRootPart"] = CFrame.new(0, 0, 0, 1, 0, 0, 0, 1, 0, 0, 0, 1),
            ["RightUpperLeg"] = CFrame.new(-5.960464477539063e-08, -3.0908267945051193e-07, -7.340713636949658e-08, 0.7567628026008606, -0.5851816534996033, 0.2913300395011902, 0.37869197130203247, 0.029190674424171448, -0.9250620603561401, 0.5328250527381897, 0.8103766441345215, 0.24369487166404724),
            ["LeftUpperArm"] = CFrame.new(5.960464477539063e-08, -2.384185791015625e-07, -8.568167686462402e-08, 0.4206823408603668, 0.9027819037437439, -0.0895058885216713, -0.8218591809272766, 0.4210232198238373, 0.38377976417541504, 0.3841535151004791, -0.08788815885782242, 0.919076681137085),
            ["RightLowerArm"] = CFrame.new(-8.940696716308594e-08, 2.384185791015625e-07, -2.9802322387695312e-08, 1, -8.381903882082042e-08, 3.3527612686157227e-08, 3.5390254282674505e-08, 0.9784932732582092, -0.20627900958061218, -2.9802318834981634e-08, 0.20627915859222412, 0.9784932732582092),
            ["LeftHand"] = CFrame.new(-3.725290298461914e-08, 5.960464477539063e-08, 1.7881393432617188e-07, 0.89457768201828, -0.4457993805408478, 0.03152499347925186, 0.4266723692417145, 0.8729235529899597, 0.23654867708683014, -0.1329721361398697, -0.19816042482852936, 0.971108078956604),
            ["LeftFoot"] = CFrame.new(1.0337680578231812e-07, -5.960464477539063e-08, 0, 0.9855054616928101, 0.01603674702346325, 0.16888412833213806, 0.08652698993682861, 0.8087746500968933, -0.5817184448242188, -0.1459178626537323, 0.5878999829292297, 0.7956643104553223),
            ["LowerTorso"] = CFrame.new(-0.6191646456718445, -0.500126838684082, -0.2542964518070221, 0.8368882536888123, 0.1646011769771576, -0.5220388174057007, -0.13263039290905, 0.9862736463546753, 0.09835467487573624, 0.5310623645782471, -0.013073654845356941, 0.8472318649291992),
            ["RightLowerLeg"] = CFrame.new(1.043081283569336e-07, -0.000060439109802246094, -0.00007207149610621855, 1, -2.0861622829215776e-07, -6.424674126037644e-08, 1.7136329688582919e-07, 0.1969495415687561, 0.9804139137268066, -5.1222723840282924e-08, -0.9804136753082275, 0.19694861769676208),
            ["LeftUpperLeg"] = CFrame.new(0, -1.94646418094635e-07, 5.960464477539063e-08, 0.9961564540863037, -0.07128005474805832, 0.0509074404835701, 0.08398979902267456, 0.6123412251472473, -0.7861194014549255, 0.024861697107553482, 0.7873736619949341, 0.6159747242927551),
            ["LeftLowerLeg"] = CFrame.new(9.685754776000977e-08, 0.000060498714447021484, 0.00007209181785583496, 1, 1.3783574104309082e-07, 7.636842980218717e-08, -1.0430811414607888e-07, 0.07982093095779419, 0.9968092441558838, 6.332992796842518e-08, -0.9968092441558838, 0.07982108741998672),
        }},
        {Time = 0.100, Data = {
            ["RightFoot"] = CFrame.new(-1.862645149230957e-08, 4.76837158203125e-07, 5.850597517564893e-08, 0.7746284008026123, 0.287402480840683, -0.5633407235145569, -0.280580997467041, 0.9544869065284729, 0.10113801807165146, 0.5667672753334045, 0.0797165110707283, 0.8200111389160156),
            ["LeftLowerArm"] = CFrame.new(-1.7881393432617188e-07, -1.7881393432617188e-07, -1.4901161193847656e-07, 1, 1.4901161193847656e-08, -1.4901162970204496e-08, 3.725290298461914e-08, 1, 2.421439049271612e-08, 7.078051567077637e-08, -9.313225746154785e-09, 1),
            ["RightUpperArm"] = CFrame.new(0, -2.384185791015625e-07, 4.470348358154297e-08, 0.7281345725059509, -0.6002663969993591, 0.3309078812599182, 0.5241144895553589, 0.17646846175193787, -0.8331640958786011, 0.4417285919189453, 0.7800893187522888, 0.4431000053882599),
            ["Head"] = CFrame.new(-7.450580596923828e-08, -7.152557373046875e-07, -1.341104507446289e-07, 0.74326092004776, -0.002276073442772031, -0.6689969301223755, -0.18993990123271942, 0.9581249952316284, -0.21428769826889038, 0.6414716839790344, 0.28634127974510193, 0.7117050290107727),
            ["RightHand"] = CFrame.new(1.4901161193847656e-07, 1.1920928955078125e-07, -5.960464477539063e-08, 0.9976300597190857, 0.048153579235076904, -0.04915446788072586, -0.06625448167324066, 0.8649839162826538, -0.4974059760570526, 0.018566152080893517, 0.49948379397392273, 0.8661242127418518),
            ["UpperTorso"] = CFrame.new(2.9802322387695312e-08, -5.960464477539063e-08, -1.4901161193847656e-08, 0.9611413478851318, -0.0015608571702614427, 0.27604568004608154, -0.20121411979198456, 0.6806526780128479, 0.704431414604187, -0.1889982670545578, -0.7326047420501709, 0.653892457485199),
            ["HumanoidRootPart"] = CFrame.new(0, 0, 0, 1, 0, 0, 0, 1, 0, 0, 0, 1),
            ["RightUpperLeg"] = CFrame.new(-2.9802322387695312e-08, -1.413136487826705e-07, -3.708555595949292e-08, 0.706694483757019, -0.6659979224205017, 0.23881080746650696, 0.3555035889148712, 0.04242078587412834, -0.9337114691734314, 0.6117190718650818, 0.7447465062141418, 0.26674410700798035),
            ["LeftUpperArm"] = CFrame.new(5.960464477539063e-08, -2.384185791015625e-07, 1.2293457984924316e-07, 0.5565769076347351, 0.7547565698623657, -0.3472224473953247, -0.7526193857192993, 0.6350475549697876, 0.17400065064430237, 0.35183265805244446, 0.16449114680290222, 0.9214990139007568),
            ["RightLowerArm"] = CFrame.new(-2.384185791015625e-07, -1.1920928955078125e-07, -2.086162567138672e-07, 1, 5.587936158235607e-08, 7.450581485102248e-09, -7.450581485102248e-09, 1, 2.980232594040899e-08, 2.2351745343485163e-08, 4.842878098543224e-08, 1),
            ["LeftHand"] = CFrame.new(2.682209014892578e-07, 0, -2.9802322387695312e-08, 0.9152809381484985, -0.3928062915802002, 0.08924888074398041, 0.35964101552963257, 0.8966644406318665, 0.2581641674041748, -0.18143682181835175, -0.20419615507125854, 0.961969792842865),
            ["LeftFoot"] = CFrame.new(-7.264316082000732e-08, 0, -2.9802322387695312e-08, 0.9874811768531799, -0.0015884044114500284, 0.15772926807403564, 0.09495937824249268, 0.8044353723526001, -0.5864014029502869, -0.1259516179561615, 0.5940382480621338, 0.7945156097412109),
            ["LowerTorso"] = CFrame.new(-0.5919227600097656, -0.5368219614028931, -0.26315152645111084, 0.8591766357421875, 0.19341954588890076, -0.4737135171890259, -0.1740042120218277, 0.9810710549354553, 0.08498375117778778, 0.48118406534194946, 0.009412103332579136, 0.8765691518783569),
            ["RightLowerLeg"] = CFrame.new(-4.470348358154297e-08, -0.000060439109802246094, -0.00007207149610621855, 1, -1.8067660789711226e-07, -1.0337682709860019e-07, 1.0430811414607888e-07, 0.180845245718956, 0.9835119247436523, -1.7508862981685525e-07, -0.9835115671157837, 0.18084388971328735),
            ["LeftUpperLeg"] = CFrame.new(1.1920928955078125e-07, -2.6402994990348816e-07, 5.960464477539063e-08, 0.9920998811721802, -0.11892759054899216, 0.0399269200861454, 0.10393834114074707, 0.6010146141052246, -0.7924507260322571, 0.07024780660867691, 0.7903401851654053, 0.6086277365684509),
            ["LeftLowerLeg"] = CFrame.new(-8.195638656616211e-08, 0.000060677528381347656, 0.00007233023643493652, 1, -7.450581485102248e-09, 1.639127589214695e-07, -6.332993507385254e-08, 0.05533973127603531, 0.9984675645828247, 1.0803341865539551e-07, -0.9984676241874695, 0.0553397610783577),
        }},
        {Time = 0.133, Data = {
            ["RightFoot"] = CFrame.new(0, 4.76837158203125e-07, 6.875052349641919e-08, 0.7762431502342224, 0.25283974409103394, -0.577512800693512, -0.29478970170021057, 0.9553086161613464, 0.02200980670750141, 0.557266354560852, 0.15315856039524078, 0.8160848617553711),
            ["LeftLowerArm"] = CFrame.new(3.8743019104003906e-07, 5.960464477539063e-08, 0, 1, -3.725291186640334e-09, 3.725290298461914e-08, 1.1175872671742582e-08, 1, 3.5390257835388184e-08, 2.980232594040899e-08, 3.72529100900465e-08, 1),
            ["RightUpperArm"] = CFrame.new(-5.960464477539063e-08, -1.1920928955078125e-07, 9.313225746154785e-08, 0.7334286570549011, -0.6621270179748535, 0.1538517028093338, 0.5731910467147827, 0.4807240068912506, -0.6635937094688416, 0.36542370915412903, 0.5748846530914307, 0.7321018576622009),
            ["Head"] = CFrame.new(8.940696716308594e-08, -5.960464477539062e-07, 4.470348358154297e-08, 0.7690211534500122, 0.023742329329252243, -0.6387819051742554, -0.2212051898241043, 0.9474518299102783, -0.23109139502048492, 0.5997288227081299, 0.3190162181854248, 0.7338627576828003),
            ["RightHand"] = CFrame.new(5.960464477539063e-08, -5.960464477539063e-08, 1.1548399925231934e-07, 0.9977763295173645, 0.057697031646966934, 0.03337082639336586, -0.03662848472595215, 0.8929446935653687, -0.44867366552352905, -0.055685289204120636, 0.44645366072654724, 0.8930725455284119),
            ["UpperTorso"] = CFrame.new(1.4901161193847656e-08, -2.384185791015625e-07, 2.9802322387695312e-08, 0.9790289402008057, 0.04389933496713638, 0.19893455505371094, -0.17343568801879883, 0.6918975114822388, 0.7008551359176636, -0.10687622427940369, -0.7206599116325378, 0.6850016117095947),
            ["HumanoidRootPart"] = CFrame.new(0, 0, 0, 1, 0, 0, 0, 1, 0, 0, 0, 1),
            ["RightUpperLeg"] = CFrame.new(-1.1920928955078125e-07, -9.371433407068253e-09, 3.183231456205249e-08, 0.6501058340072632, -0.7287589907646179, 0.21511179208755493, 0.3386291265487671, 0.02443889155983925, -0.9406024217605591, 0.6802151799201965, 0.6843340992927551, 0.26266732811927795),
            ["LeftUpperArm"] = CFrame.new(1.1920928955078125e-07, -2.384185791015625e-07, 9.499490261077881e-08, 0.656688392162323, 0.5021446347236633, -0.5626817941665649, -0.6137237548828125, 0.7894330024719238, -0.011757337488234043, 0.4382961392402649, 0.3530530035495758, 0.8265900611877441),
            ["RightLowerArm"] = CFrame.new(0, 1.7881393432617188e-07, -5.960464477539063e-08, 1, -6.705522537231445e-08, -3.3527616238870905e-08, 1.1175870895385742e-08, 1, 0, -2.7939677238464355e-08, -1.4901161193847656e-08, 1),
            ["LeftHand"] = CFrame.new(-5.960464477539063e-08, -1.7881393432617188e-07, 1.7881393432617188e-07, 0.9399252533912659, -0.3284315764904022, 0.09313040226697922, 0.294320285320282, 0.9178358912467957, 0.26636961102485657, -0.17296284437179565, -0.2229573130607605, 0.9593612551689148),
            ["LeftFoot"] = CFrame.new(-6.705522537231445e-08, -5.960464477539063e-08, 1.4901161193847656e-08, 0.989691436290741, -0.023303315043449402, 0.1413075029850006, 0.10158905386924744, 0.8097021579742432, -0.5779818296432495, -0.1009482592344284, 0.586378276348114, 0.8037221431732178),
            ["LowerTorso"] = CFrame.new(-0.5611920952796936, -0.5473967790603638, -0.26596328616142273, 0.8721289038658142, 0.2252931445837021, -0.4343203902244568, -0.21058538556098938, 0.9740943908691406, 0.08242569863796234, 0.4416390061378479, 0.0195756983011961, 0.8969792723655701),
            ["RightLowerLeg"] = CFrame.new(0, -0.00006026029586791992, -0.00007197091326816007, 1, -1.2945383787155151e-07, -8.195641498787154e-08, 1.7136335372924805e-07, 0.15587233006954193, 0.9877773523330688, -1.3783574104309082e-07, -0.9877772927284241, 0.15587148070335388),
            ["LeftUpperLeg"] = CFrame.new(5.960464477539063e-08, -1.8905848264694214e-07, 2.9802322387695312e-08, 0.9884047508239746, -0.14828765392303467, 0.03266056254506111, 0.11627301573753357, 0.6008180379867554, -0.7908844351768494, 0.09765555709600449, 0.7855117321014404, 0.6110934615135193),
            ["LeftLowerLeg"] = CFrame.new(5.960464477539063e-08, 0.000060558319091796875, 0.00007218122482299805, 1, 9.685758328714655e-08, 1.0803341865539551e-07, -9.685756197086448e-08, 0.07214821130037308, 0.9973940253257751, 8.195639367158947e-08, -0.9973940253257751, 0.07214771211147308),
        }},
        {Time = 0.167, Data = {
            ["RightFoot"] = CFrame.new(1.1175870895385742e-08, 2.980232238769531e-07, -7.653579814359546e-08, 0.8191529512405396, 0.21324460208415985, -0.5324631929397583, -0.2683538794517517, 0.9629364013671875, -0.027199184522032738, 0.5069268345832825, 0.1651676446199417, 0.8460160493850708),
            ["LeftLowerArm"] = CFrame.new(2.086162567138672e-07, 0, 3.2782554626464844e-07, 1, -1.6763804566721774e-08, -3.725289943190546e-08, 3.3527612686157227e-08, 0.9853503704071045, -0.17054246366024017, 3.725290298461914e-09, 0.170542374253273, 0.9853503108024597),
            ["RightUpperArm"] = CFrame.new(0, -2.384185791015625e-07, -7.450580596923828e-08, 0.7662301063537598, -0.6392844319343567, 0.06486214697360992, 0.6136095523834229, 0.6980031728744507, -0.36915484070777893, 0.19072191417217255, 0.322656512260437, 0.9271017909049988),
            ["Head"] = CFrame.new(2.9802322387695312e-08, -5.960464477539062e-07, -1.30385160446167e-07, 0.8321174383163452, 0.07682348787784576, -0.5492523908615112, -0.2631523311138153, 0.9264666438102722, -0.26909270882606506, 0.488192081451416, 0.36845317482948303, 0.7911454439163208),
            ["RightHand"] = CFrame.new(-4.6566128730773926e-08, 1.1920928955078125e-07, 1.043081283569336e-07, 0.9933905005455017, 0.061229340732097626, 0.09709005802869797, -0.012739792466163635, 0.8994367718696594, -0.4368652105331421, -0.1140754222869873, 0.43274086713790894, 0.8942720293998718),
            ["UpperTorso"] = CFrame.new(-1.4901161193847656e-08, -5.960464477539063e-08, -2.9802322387695312e-08, 0.9960776567459106, 0.0762823224067688, 0.04483778029680252, -0.0857558622956276, 0.7073627710342407, 0.7016293406486511, 0.021804016083478928, -0.7027224898338318, 0.7111300230026245),
            ["HumanoidRootPart"] = CFrame.new(0, 0, 0, 1, 0, 0, 0, 1, 0, 0, 0, 1),
            ["RightUpperLeg"] = CFrame.new(-2.9802322387695312e-08, -3.3853575587272644e-07, -5.420588422566652e-09, 0.6366273760795593, -0.7417764663696289, 0.21088923513889313, 0.29936712980270386, -0.01430289912968874, -0.9540307521820068, 0.7106932997703552, 0.670494794845581, 0.2129582315683365),
            ["LeftUpperArm"] = CFrame.new(0, -1.1920928955078125e-07, -7.82310962677002e-08, 0.6141555905342102, 0.28098854422569275, -0.7374675273895264, -0.5166163444519043, 0.8495630025863647, -0.10653427243232727, 0.5965906977653503, 0.44641709327697754, 0.6669273972511292),
            ["RightLowerArm"] = CFrame.new(2.384185791015625e-07, 1.7881393432617188e-07, 0, 1, -4.470347647611561e-08, -1.4901157641133977e-08, -5.960463766996327e-08, 1, 1.862644793959589e-08, -7.4505797087454084e-09, -1.862644971595273e-08, 1),
            ["LeftHand"] = CFrame.new(-6.705522537231445e-08, 5.960464477539063e-08, 8.940696716308594e-08, 0.9437659382820129, -0.3048854470252991, 0.1278722584247589, 0.24282819032669067, 0.9017033576965332, 0.35772237181663513, -0.22436712682247162, -0.30655479431152344, 0.9250316023826599),
            ["LeftFoot"] = CFrame.new(-1.4901161193847656e-08, -5.960464477539063e-08, -7.450580596923828e-08, 0.9915279746055603, -0.05270778387784958, 0.11871851235628128, 0.11341309547424316, 0.7968500256538391, -0.5934371948242188, -0.06332229822874069, 0.6018738150596619, 0.7960768342018127),
            ["LowerTorso"] = CFrame.new(-0.5158259868621826, -0.554396390914917, -0.26699867844581604, 0.864564836025238, 0.23857462406158447, -0.44227805733680725, -0.22304682433605194, 0.9708556532859802, 0.0876893475651741, 0.45030853152275085, 0.022835588082671165, 0.892581045627594),
            ["RightLowerLeg"] = CFrame.new(-5.960464477539063e-08, -0.0000603795051574707, -0.00007193366036517546, 1, -1.0244549741855735e-07, -2.011657045386528e-07, 1.005828522693264e-07, 0.10174453258514404, 0.9948106408119202, -1.9744041424019088e-07, -0.9948105812072754, 0.10174372792243958),
            ["LeftUpperLeg"] = CFrame.new(0, -3.520399332046509e-07, -2.9802322387695312e-08, 0.9927350282669067, -0.1139291375875473, 0.038697779178619385, 0.10159812867641449, 0.6214119791984558, -0.7768688201904297, 0.06446094810962677, 0.7751564383506775, 0.6284722685813904),
            ["LeftLowerLeg"] = CFrame.new(1.1175870895385742e-07, 0.000060677528381347656, 0.00007197260856628418, 1, 5.960464477539063e-08, 1.1175870895385742e-07, -9.685756907629184e-08, 0.0772765576839447, 0.9970096945762634, 1.0430815677864302e-07, -0.9970096945762634, 0.07727666199207306),
        }},
        {Time = 0.200, Data = {
            ["RightFoot"] = CFrame.new(7.450580596923828e-09, 4.172325134277344e-07, 5.012407200410962e-08, 0.8601150512695312, 0.1356072574853897, -0.4917462468147278, -0.19868263602256775, 0.9769463539123535, -0.07810933142900467, 0.46981632709503174, 0.1648833453655243, 0.867228090763092),
            ["LeftLowerArm"] = CFrame.new(-1.4901161193847656e-07, -2.384185791015625e-07, 5.960464477539063e-08, 1, -1.3969845724659535e-08, 2.4912861107395656e-08, 3.632158041000366e-08, 0.9307363629341125, -0.36569273471832275, -1.862645149230957e-09, 0.36569082736968994, 0.9307356476783752),
            ["RightUpperArm"] = CFrame.new(0, -2.384185791015625e-07, 1.4901161193847656e-08, 0.7621395587921143, -0.6447153687477112, -0.05903220921754837, 0.6231814622879028, 0.7552732229232788, -0.20299798250198364, 0.17546531558036804, 0.11791706830263138, 0.9773980975151062),
            ["Head"] = CFrame.new(-5.960464477539063e-08, -5.960464477539062e-07, -2.086162567138672e-07, 0.892086386680603, 0.14650270342826843, -0.42745211720466614, -0.3028874695301056, 0.8958701491355896, -0.3250858783721924, 0.33532240986824036, 0.4194684326648712, 0.8435661792755127),
            ["RightHand"] = CFrame.new(4.172325134277344e-07, 5.960464477539063e-08, -5.960464477539063e-08, 0.9814739227294922, 0.03734644502401352, 0.18792064487934113, 0.036675333976745605, 0.9260669946670532, -0.3755723536014557, -0.1880531758069992, 0.3755066394805908, 0.9075413942337036),
            ["UpperTorso"] = CFrame.new(-5.960464477539063e-08, -1.1920928955078125e-07, 7.450580596923828e-08, 0.9866457581520081, 0.10761335492134094, -0.1222764104604721, 0.008425396867096424, 0.7159314751625061, 0.6981205940246582, 0.16266313195228577, -0.6898271441459656, 0.7054616808891296),
            ["HumanoidRootPart"] = CFrame.new(0, 0, 0, 1, 0, 0, 0, 1, 0, 0, 0, 1),
            ["RightUpperLeg"] = CFrame.new(-1.4901161193847656e-07, 5.849142326042056e-08, 5.977199180051684e-08, 0.7150326371192932, -0.6895748376846313, 0.11495643109083176, 0.20439499616622925, 0.04895895719528198, -0.9776632785797119, 0.6685439348220825, 0.7225576639175415, 0.17595379054546356),
            ["LeftUpperArm"] = CFrame.new(5.960464477539063e-08, -2.384185791015625e-07, -5.960464477539063e-08, 0.47966253757476807, 0.1665433645248413, -0.8615050911903381, -0.58538419008255, 0.7921260595321655, -0.1728004366159439, 0.653643012046814, 0.5871963500976562, 0.4774402379989624),
            ["RightLowerArm"] = CFrame.new(-8.940696716308594e-08, -1.1920928955078125e-07, 7.450580596923828e-08, 1, 3.725290298461914e-09, -2.9802315282267955e-08, -4.097818262494002e-08, 1, -1.862644793959589e-08, 2.9802315282267955e-08, 6.705522537231445e-08, 1),
            ["LeftHand"] = CFrame.new(-1.6391277313232422e-07, 1.1920928955078125e-07, 6.705522537231445e-08, 0.9408208131790161, -0.29666033387184143, 0.16386094689369202, 0.20143607258796692, 0.8783182501792908, 0.4335700273513794, -0.2725431025028229, -0.37489965558052063, 0.8860962986946106),
            ["LeftFoot"] = CFrame.new(-5.21540641784668e-08, 1.1920928955078125e-07, 3.725290298461914e-08, 0.9843583703041077, -0.16871875524520874, 0.050720375031232834, 0.16481374204158783, 0.7801542282104492, -0.6034861207008362, 0.06224982813000679, 0.6024063229560852, 0.795758843421936),
            ["LowerTorso"] = CFrame.new(-0.43799346685409546, -0.5373425483703613, -0.2710633873939514, 0.8262390494346619, 0.20451945066452026, -0.5248817801475525, -0.17719514667987823, 0.9788269996643066, 0.10246802121400833, 0.5347251296043396, 0.00834341999143362, 0.8449848890304565),
            ["RightLowerLeg"] = CFrame.new(0, -0.00006008148193359375, -0.00007208267197711393, 1, -1.0617078771701927e-07, -2.048910943130977e-07, 1.6763806343078613e-07, 0.10689882189035416, 0.9942700266838074, -1.1548399925231934e-07, -0.9942699074745178, 0.10689809173345566),
            ["LeftUpperLeg"] = CFrame.new(0, -5.122274160385132e-09, 7.450580596923828e-08, 0.9980143308639526, 0.04769521206617355, 0.04114009067416191, -0.0023764758370816708, 0.6812009215354919, -0.732092559337616, -0.06294206529855728, 0.7305413484573364, 0.6799617409706116),
            ["LeftLowerLeg"] = CFrame.new(2.2351741790771484e-07, 0.000060677528381347656, 0.0000718832015991211, 1, 1.1920927533992653e-07, 4.4703497792397684e-08, -8.940698137394065e-08, 0.09716536104679108, 0.9952683448791504, 1.3411046495548362e-07, -0.9952682256698608, 0.09716527909040451),
        }},
        {Time = 0.233, Data = {
            ["RightFoot"] = CFrame.new(5.587935447692871e-09, 1.7881393432617188e-07, 2.9634975362569094e-08, 0.8918936252593994, 0.04603336751461029, -0.4498974680900574, -0.1105111613869667, 0.9868319630622864, -0.1181110143661499, 0.4385351538658142, 0.15506058931350708, 0.885235607624054),
            ["LeftLowerArm"] = CFrame.new(2.9802322387695312e-08, -1.7881393432617188e-07, -5.960464477539063e-08, 1, -6.705523247774181e-08, 1.4901159417490817e-08, 6.332992086299782e-08, 0.8708473443984985, -0.49155354499816895, 1.955776873785453e-08, 0.49155378341674805, 0.8708474040031433),
            ["RightUpperArm"] = CFrame.new(-5.960464477539063e-08, -1.1920928955078125e-07, 4.936009645462036e-08, 0.7014132738113403, -0.6799139380455017, -0.21386092901229858, 0.6698617339134216, 0.7313461899757385, -0.12813322246074677, 0.24352604150772095, -0.05338291823863983, 0.9684242010116577),
            ["Head"] = CFrame.new(-4.6566128730773926e-08, -4.76837158203125e-07, 2.9802322387695312e-08, 0.9122104644775391, 0.17276810109615326, -0.3715149760246277, -0.32339999079704285, 0.8603455424308777, -0.3939773440361023, 0.25156456232070923, 0.47953805327415466, 0.8406893014907837),
            ["RightHand"] = CFrame.new(2.384185791015625e-07, 5.960464477539063e-08, 8.940696716308594e-08, 0.9649730920791626, -0.02416364662349224, 0.2612338364124298, 0.10647929459810257, 0.9461197853088379, -0.3058099150657654, -0.23976895213127136, 0.32291436195373535, 0.9155529737472534),
            ["UpperTorso"] = CFrame.new(2.9802322387695312e-08, -2.682209014892578e-07, 1.4901161193847656e-08, 0.9609535336494446, 0.1354062706232071, -0.24131599068641663, 0.06475332379341125, 0.7378349900245667, 0.6718679666519165, 0.269026517868042, -0.6612598299980164, 0.7002571821212769),
            ["HumanoidRootPart"] = CFrame.new(0, 0, 0, 1, 0, 0, 0, 1, 0, 0, 0, 1),
            ["RightUpperLeg"] = CFrame.new(5.960464477539063e-08, -3.718305379152298e-07, -3.5579432733356953e-09, 0.8127071857452393, -0.5817906856536865, -0.03204122930765152, 0.07568734884262085, 0.159933403134346, -0.9842218160629272, 0.5777356624603271, 0.797459065914154, 0.17401380836963654),
            ["LeftUpperArm"] = CFrame.new(0, 0, -6.146728992462158e-08, 0.3270220160484314, 0.14396552741527557, -0.9339864253997803, -0.7714781761169434, 0.6114662885665894, -0.1758701056241989, 0.5457820892333984, 0.7780635952949524, 0.31102919578552246),
            ["RightLowerArm"] = CFrame.new(-4.76837158203125e-07, -1.1920928955078125e-07, -1.4901161193847656e-07, 1, 0, 7.4505797087454084e-09, 3.72529100900465e-08, 1, 7.450579886381092e-08, -2.2351747119842003e-08, 9.685754776000977e-08, 1),
            ["LeftHand"] = CFrame.new(4.172325134277344e-07, -5.960464477539063e-08, 0, 0.9273216724395752, -0.32497745752334595, 0.18564487993717194, 0.19553615152835846, 0.8436245918273926, 0.5000632405281067, -0.31912413239479065, -0.4274192750453949, 0.845856249332428),
            ["LeftFoot"] = CFrame.new(-4.470348358154297e-08, 0, 3.725290298461914e-08, 0.953460156917572, -0.29612958431243896, -0.05675649642944336, 0.22055914998054504, 0.8133297562599182, -0.538375735282898, 0.20559042692184448, 0.5008013844490051, 0.8407915830612183),
            ["LowerTorso"] = CFrame.new(-0.346860408782959, -0.4917045831680298, -0.2774771451950073, 0.7448842525482178, 0.1712164729833603, -0.6448506712913513, -0.1137048751115799, 0.9849498271942139, 0.13017375767230988, 0.6574333906173706, -0.023641720414161682, 0.7531417012214661),
            ["RightLowerLeg"] = CFrame.new(-2.2351741790771484e-08, -0.00006026029586791992, -0.00007198022649390623, 1, -1.8626448650138627e-07, -1.14552719310268e-07, 1.6763807764164085e-07, 0.1842319667339325, 0.9828828573226929, -1.005828522693264e-07, -0.9828828573226929, 0.18423156440258026),
            ["LeftUpperLeg"] = CFrame.new(-5.960464477539063e-08, -3.762543201446533e-07, 4.470348358154297e-08, 0.9595402479171753, 0.26265689730644226, 0.10145968943834305, -0.1297638863325119, 0.7322909235954285, -0.6685139536857605, -0.24988794326782227, 0.6283003687858582, 0.7367463111877441),
            ["LeftLowerLeg"] = CFrame.new(-5.960464477539063e-08, 0.00006091594696044922, 0.00007209181785583496, 1, 1.1920930376163597e-07, 5.960463766996327e-08, -7.450581307466564e-08, 0.16053900122642517, 0.9870296120643616, 1.0430814256778831e-07, -0.9870296120643616, 0.16053850948810577),
        }},
        {Time = 0.267, Data = {
            ["RightFoot"] = CFrame.new(3.958120942115784e-09, 3.5762786865234375e-07, 1.6952981241047382e-09, 0.9277024269104004, -0.018950914964079857, -0.37284043431282043, -0.03745860978960991, 0.9889451861381531, -0.1434733122587204, 0.37143653631210327, 0.1470661461353302, 0.9167362451553345),
            ["LeftLowerArm"] = CFrame.new(0, -2.384185791015625e-07, 4.470348358154297e-08, 1, -1.9371509552001953e-07, 1.4901161193847656e-08, 1.4901159417490817e-08, 0.8271255493164062, -0.5620172023773193, 4.2375173592290594e-08, 0.5620172619819641, 0.8271255493164062),
            ["RightUpperArm"] = CFrame.new(0, 2.384185791015625e-07, -1.043081283569336e-07, 0.6280105113983154, -0.6893423199653625, -0.3611232042312622, 0.722026526927948, 0.6892531514167786, -0.0600656196475029, 0.29031118750572205, -0.2230188399553299, 0.9305816888809204),
            ["Head"] = CFrame.new(-5.960464477539063e-08, -1.1920928955078125e-07, -8.940696716308594e-08, 0.9080639481544495, 0.12730112671852112, -0.39901673793792725, -0.3198494017124176, 0.8258360028266907, -0.4644259512424469, 0.2704005837440491, 0.5493536591529846, 0.790628969669342),
            ["RightHand"] = CFrame.new(0, -5.960464477539063e-08, 1.4901161193847656e-07, 0.9540997743606567, -0.07317733764648438, 0.2904112935066223, 0.15933763980865479, 0.9450899362564087, -0.285335898399353, -0.25358474254608154, 0.3185124397277832, 0.9133699536323547),
            ["UpperTorso"] = CFrame.new(-1.4901161193847656e-08, -5.960464477539063e-08, 1.4901161193847656e-08, 0.9304974675178528, 0.1454087644815445, -0.33620068430900574, 0.09933392703533173, 0.7832704782485962, 0.6136939525604248, 0.3525724709033966, -0.6044367551803589, 0.7143869996070862),
            ["HumanoidRootPart"] = CFrame.new(0, 0, 0, 1, 0, 0, 0, 1, 0, 0, 0, 1),
            ["RightUpperLeg"] = CFrame.new(-5.960464477539063e-08, 2.3329630494117737e-07, 9.480572771281004e-09, 0.8584680557250977, -0.49708354473114014, -0.12625433504581451, -0.008725636638700962, 0.2319830358028412, -0.9726806879043579, 0.5127929449081421, 0.836117148399353, 0.19481344521045685),
            ["LeftUpperArm"] = CFrame.new(0, 0, -2.384185791015625e-07, 0.20569846034049988, 0.1708097755908966, -0.9635934233665466, -0.9212709665298462, 0.36590689420700073, -0.13180206716060638, 0.3300725519657135, 0.9148421883583069, 0.23262858390808105),
            ["RightLowerArm"] = CFrame.new(-3.5762786865234375e-07, -1.1920928955078125e-07, -2.9802322387695312e-08, 1, 4.470348358154297e-08, -3.352760913344355e-08, -4.4703490686970326e-08, 1, -2.9802318834981634e-08, 0, 1.4901161193847656e-08, 1),
            ["LeftHand"] = CFrame.new(1.1920928955078125e-07, 5.960464477539063e-08, 4.470348358154297e-08, 0.884672999382019, -0.3964250087738037, 0.24535858631134033, 0.20379336178302765, 0.8021640181541443, 0.5612496733665466, -0.4193114638328552, -0.4465200901031494, 0.7904416918754578),
            ["LeftFoot"] = CFrame.new(-2.9802322387695312e-08, -5.960464477539063e-08, 2.2351741790771484e-08, 0.910687267780304, -0.36677035689353943, -0.19007451832294464, 0.249529168009758, 0.8551003932952881, -0.4544649124145508, 0.3292173147201538, 0.36644619703292847, 0.8702490329742432),
            ["LowerTorso"] = CFrame.new(-0.26774731278419495, -0.43847906589508057, -0.3099190890789032, 0.639151930809021, 0.1767256259918213, -0.748500406742096, -0.09167007356882095, 0.9838083982467651, 0.15400531888008118, 0.7635976672172546, -0.029817702248692513, 0.6450034976005554),
            ["RightLowerLeg"] = CFrame.new(1.5832483768463135e-08, -0.000060498714447021484, -0.00007205938891274855, 1, -1.5646217832454568e-07, -1.2689272921306838e-07, 1.5762634575366974e-07, 0.26849377155303955, 0.9632815718650818, -9.080395102500916e-08, -0.9632813930511475, 0.2684934437274933),
            ["LeftUpperLeg"] = CFrame.new(-1.1920928955078125e-07, 1.8067657947540283e-07, 5.960464477539063e-08, 0.9007582068443298, 0.3835637867450714, 0.2037481814622879, -0.24268080294132233, 0.8335427641868591, -0.4962986707687378, -0.36019542813301086, 0.39759936928749084, 0.8439041972160339),
