return {
    ["Finesse"] = {
        {Time = 0.000, Data = {
            ["LeftFoot"] = CFrame.new(-4.284083843231201e-08, 5.960464477539063e-08, 0, 0.9984937906265259, -0.05391232296824455, 0.010185107588768005, 0.05002696439623833, 0.8183774352073669, -0.5724997520446777, 0.022529521957039833, 0.5721468329429626, 0.8198416829109192),
            ["LeftLowerArm"] = CFrame.new(2.9802322387695312e-08, 2.384185791015625e-07, 3.725290298461914e-07, 1, -7.823108916227284e-08, 3.725290653733282e-08, 5.960463766996327e-08, 0.4981117844581604, -0.8671128749847412, 4.470347647611561e-08, 0.8671128153800964, 0.49811187386512756),
            ["LowerTorso"] = CFrame.new(-0.12575776875019073, -0.18779408931732178, -0.006721886806190014, 0.9408702254295349, -0.06462321430444717, -0.3325463533401489, 0.03379112109541893, 0.9946438074111938, -0.0976826623082161, 0.3370777368545532, 0.0806695967912674, 0.9380143880844116),
            ["Head"] = CFrame.new(1.1175870895385742e-08, 0, -1.862645149230957e-08, 0.9831435084342957, -0.07049182057380676, 0.16870078444480896, 0.10151979327201843, 0.9778508543968201, -0.1830342561006546, -0.15206176042556763, 0.19707538187503815, 0.9685238599777222),
            ["RightUpperArm"] = CFrame.new(-0.07988059520721436, -0.17407560348510742, -0.009119078516960144, 0.9896037578582764, 0.019694747403264046, 0.1424660086631775, -0.08208762854337692, 0.8907268643379211, 0.44706520438194275, -0.11809343099594116, -0.45411217212677, 0.8830832839012146),
            ["UpperTorso"] = CFrame.new(-4.6566128730773926e-09, 0, 5.587935447692871e-09, 0.9963020086288452, -0.0024527423083782196, 0.08588586747646332, -0.02001260407269001, 0.9654753804206848, 0.25972458720207214, -0.08355770260095596, -0.26048293709754944, 0.9618558883666992),
            ["HumanoidRootPart"] = CFrame.new(0, 0, 0, 1, 0, 0, 0, 1, 0, 0, 0, 1),
            ["RightHand"] = CFrame.new(-1.1920928955078125e-07, -2.384185791015625e-07, -5.960464477539063e-08, 0.9588299989700317, 0.04950330778956413, 0.2796327471733093, -0.09679632633924484, 0.9826933145523071, 0.15793807804584503, -0.2669747769832611, -0.17850321531295776, 0.9470275044441223),
            ["LeftUpperArm"] = CFrame.new(0.0217360258102417, -0.12379932403564453, -0.18998965620994568, 0.8290761113166809, 0.2081209123134613, -0.518959105014801, 0.1501663625240326, 0.8111656904220581, 0.5652080774307251, 0.5385935306549072, -0.5465307235717773, 0.6412653923034668),
            ["RightLowerArm"] = CFrame.new(-1.1920928955078125e-07, -1.7881393432617188e-07, 2.5331974029541016e-07, 1, -7.82310962677002e-08, 5.774199962615967e-08, 6.705522537231445e-08, 0.5591394901275635, -0.8290736079216003, 2.60770320892334e-08, 0.8290736079216003, 0.5591395497322083),
            ["LeftHand"] = CFrame.new(-5.960464477539063e-08, -2.384185791015625e-07, -1.1920928955078125e-07, 0.9855942130088806, -0.0962519645690918, -0.13906723260879517, 0.10961776226758957, 0.9897190928459167, 0.09187102317810059, 0.12879471480846405, -0.105791836977005, 0.9860122203826904),
            ["RightUpperLeg"] = CFrame.new(0, -2.0489096641540527e-08, 2.8107024263590574e-08, 0.47763121128082275, -0.1879870742559433, -0.8582128286361694, -0.2212129533290863, 0.9196350574493408, -0.3245556652545929, 0.8502548336982727, 0.34486570954322815, 0.39766111969947815),
            ["LeftUpperLeg"] = CFrame.new(0, 5.8673322200775146e-08, -2.9802322387695312e-08, 0.9121857285499573, 0.19583764672279358, 0.35995110869407654, -0.12356267124414444, 0.9689749479293823, -0.21405567228794098, -0.39070379734039307, 0.15078215301036835, 0.9080833196640015),
            ["RightLowerLeg"] = CFrame.new(4.470348358154297e-08, -0.000003337860107421875, -0.000013245437003206462, 1, -1.4528635006172408e-07, -5.2154071283894154e-08, 1.9371509552001953e-07, 0.779927134513855, 0.6258699297904968, -6.332993507385254e-08, -0.625870406627655, 0.7799274921417236),
            ["RightFoot"] = CFrame.new(-7.450580596923828e-09, 4.172325134277344e-07, 5.420588422566652e-09, 0.957801342010498, -0.2869434654712677, -0.016737818717956543, 0.27310827374458313, 0.9266821146011353, -0.25820887088775635, 0.08960206806659698, 0.2427419126033783, 0.9659441709518433),
            ["LeftLowerLeg"] = CFrame.new(-2.60770320892334e-08, 0.000003933906555175781, 0.000013284385204315186, 1, 2.1280720829963684e-07, 1.0803341865539551e-07, -2.0302829284446489e-07, 0.6182908415794373, 0.7859495878219604, 1.4528630742915993e-07, -0.7859494090080261, 0.6182906627655029),
        }},
        {Time = 0.033, Data = {
            ["LeftFoot"] = CFrame.new(3.725290298461914e-08, -5.960464477539063e-08, 7.450580596923828e-09, 0.9961870908737183, -0.08652085810899734, 0.011202308349311352, 0.08004140108823776, 0.8553054332733154, -0.5119042992591858, 0.034709054976701736, 0.5108491778373718, 0.8589694499969482),
            ["LeftLowerArm"] = CFrame.new(2.9802322387695312e-08, 5.960464477539063e-08, -1.341104507446289e-07, 1, -3.166497464235363e-08, 7.4505820180093e-08, 7.450581307466564e-08, 0.4981117248535156, -0.867112934589386, 4.4703490686970326e-08, 0.8671128749847412, 0.498111754655838),
            ["LowerTorso"] = CFrame.new(-0.10064803808927536, -0.1468120813369751, -0.006721886806190014, 0.9535961747169495, -0.07422257214784622, -0.2917967736721039, 0.051067810505628586, 0.9949687123298645, -0.08619377017021179, 0.29672616720199585, 0.06729263067245483, 0.9525887370109558),
            ["Head"] = CFrame.new(1.816079020500183e-08, 2.384185791015625e-07, 6.332993507385254e-08, 0.9875957369804382, -0.08850683271884918, 0.12969699501991272, 0.10903406143188477, 0.9809376001358032, -0.1608511060476303, -0.1129881963133812, 0.17299720644950867, 0.9784199595451355),
            ["RightUpperArm"] = CFrame.new(-0.07988059520721436, -0.17407560348510742, -0.009119000285863876, 0.985136091709137, 0.014971647411584854, 0.17112234234809875, -0.09140883386135101, 0.889125645160675, 0.4484419524669647, -0.14543531835079193, -0.45741838216781616, 0.8772780895233154),
            ["UpperTorso"] = CFrame.new(-2.7939677238464355e-09, -1.1920928955078125e-07, -1.4901161193847656e-08, 0.9977611303329468, -0.015644365921616554, 0.06502334773540497, -0.000003026798367500305, 0.9722450375556946, 0.23396511375904083, -0.06687887758016586, -0.23344150185585022, 0.9700682163238525),
            ["HumanoidRootPart"] = CFrame.new(0, 0, 0, 1, 0, 0, 0, 1, 0, 0, 0, 1),
            ["RightHand"] = CFrame.new(1.6205012798309326e-07, -3.5762786865234375e-07, 0, 0.9590150713920593, 0.04872245714068413, 0.27913475036621094, -0.0987333282828331, 0.9808278679847717, 0.16801360249519348, -0.26559704542160034, -0.18868742883205414, 0.9454392194747925),
            ["LeftUpperArm"] = CFrame.new(0.0217360258102417, -0.12379944324493408, -0.18998956680297852, 0.7979703545570374, 0.2376338094472885, -0.5538714528083801, 0.18203993141651154, 0.7810360789299011, 0.5973643660545349, 0.574547529220581, -0.5775057077407837, 0.5799847841262817),
            ["RightLowerArm"] = CFrame.new(1.7881393432617188e-07, 2.384185791015625e-07, 2.2351741790771484e-08, 1, -6.705521116145974e-08, 5.029141902923584e-08, 7.078051567077637e-08, 0.5591395497322083, -0.8290736079216003, 3.3527612686157227e-08, 0.8290735483169556, 0.5591395497322083),
            ["LeftHand"] = CFrame.new(8.940696716308594e-08, 1.1920928955078125e-07, -1.4901161193847656e-08, 0.9885070323944092, -0.10705108195543289, -0.10674317926168442, 0.11753267794847488, 0.9882926940917969, 0.09728188812732697, 0.09507936984300613, -0.10870964080095291, 0.9895161390304565),
            ["RightUpperLeg"] = CFrame.new(0, -2.0582228899002075e-07, -1.6596459317952394e-08, 0.460030734539032, -0.15020647644996643, -0.8751055002212524, -0.21979308128356934, 0.9356481432914734, -0.276140421628952, 0.8602690100669861, 0.31937524676322937, 0.3974125385284424),
            ["LeftUpperLeg"] = CFrame.new(0, -4.0978193283081055e-08, -4.470348358154297e-08, 0.8978022336959839, 0.23661336302757263, 0.37143680453300476, -0.155634805560112, 0.9594528675079346, -0.23500657081604004, -0.4119819104671478, 0.15318094193935394, 0.8982241749763489),
            ["RightLowerLeg"] = CFrame.new(1.4901161193847656e-08, -0.000003516674041748047, -0.000013288277841638774, 1, -1.5273688802608376e-07, -1.005828522693264e-07, 1.788139627478813e-07, 0.8348422050476074, 0.5504894852638245, -1.1175872316471214e-07, -0.5504894256591797, 0.8348421454429626),
            ["RightFoot"] = CFrame.new(-1.4901161193847656e-08, 3.5762786865234375e-07, -3.183231456205249e-08, 0.9625564813613892, -0.268617182970047, -0.036470718681812286, 0.26100870966911316, 0.9546982049942017, -0.14291894435882568, 0.07320898026227951, 0.12804825603961945, 0.9890623092651367),
            ["LeftLowerLeg"] = CFrame.new(1.6391277313232422e-07, 0.000003933906555175781, 0.000013321638107299805, 1, 1.2572853336223488e-07, 1.0430815677864302e-07, -1.1175870895385742e-07, 0.6417104601860046, 0.7669470906257629, 7.450580596923828e-09, -0.7669470310211182, 0.6417105197906494),
        }},
        {Time = 0.067, Data = {
            ["LeftFoot"] = CFrame.new(7.450580596923828e-09, -5.960464477539063e-08, 1.862645149230957e-08, 0.9895966053009033, -0.14385220408439636, -0.0022828374058008194, 0.1340322196483612, 0.9275754690170288, -0.3487682044506073, 0.052288442850112915, 0.3448338508605957, 0.9372062087059021),
            ["LeftLowerArm"] = CFrame.new(-2.9802322387695312e-08, 0, -4.470348358154297e-08, 1, -8.568168397005138e-08, 4.470348358154297e-08, 7.450580596923828e-08, 0.498111754655838, -0.867112934589386, 5.960464477539063e-08, 0.867112934589386, 0.4981117248535156),
            ["LowerTorso"] = CFrame.new(-0.03766995295882225, -0.05665147304534912, -0.006721886806190014, 0.977753221988678, -0.09327077865600586, -0.18788094818592072, 0.08446281403303146, 0.9949422478675842, -0.054370760917663574, 0.19200186431407928, 0.0372922345995903, 0.9806857705116272),
            ["Head"] = CFrame.new(-4.842877388000488e-08, -2.384185791015625e-07, -2.60770320892334e-08, 0.9923811554908752, -0.11614809930324554, 0.04110052436590195, 0.12011580914258957, 0.9863139390945435, -0.11294709146022797, -0.027419432997703552, 0.11702337861061096, 0.9927506446838379),
            ["RightUpperArm"] = CFrame.new(-0.0798807144165039, -0.17407548427581787, -0.009119061753153801, 0.9750268459320068, 0.0043570129200816154, 0.22204440832138062, -0.10574468970298767, 0.8883078694343567, 0.44690853357315063, -0.19529664516448975, -0.45922791957855225, 0.8665846586227417),
            ["UpperTorso"] = CFrame.new(1.3737007975578308e-08, 1.7881393432617188e-07, -9.313225746154785e-10, 0.9982195496559143, -0.05788007378578186, 0.014411715790629387, 0.054527055472135544, 0.9834346175193787, 0.17286773025989532, -0.024178553372621536, -0.17177411913871765, 0.9848396182060242),
            ["HumanoidRootPart"] = CFrame.new(0, 0, 0, 1, 0, 0, 0, 1, 0, 0, 0, 1),
            ["RightHand"] = CFrame.new(1.5599653124809265e-08, 5.960464477539063e-08, 6.612390279769897e-08, 0.9601852297782898, 0.05041864141821861, 0.2747768461704254, -0.1055990606546402, 0.976107656955719, 0.18990187346935272, -0.2586371898651123, -0.21135713160037994, 0.942568302154541),
            ["LeftUpperArm"] = CFrame.new(0.02173614501953125, -0.12379944324493408, -0.18998967111110687, 0.7662602663040161, 0.2680864632129669, -0.583930492401123, 0.2166202962398529, 0.7478073835372925, 0.6275824904441833, 0.6049139499664307, -0.6073827743530273, 0.5149421691894531),
            ["RightLowerArm"] = CFrame.new(-2.9802322387695312e-08, 5.960464477539063e-08, 1.89291313290596e-07, 1, -7.310882921274242e-08, 3.841705620288849e-08, 7.450581307466564e-08, 0.5591395497322083, -0.8290736079216003, 3.748573718098669e-08, 0.8290736675262451, 0.559139609336853),
            ["LeftHand"] = CFrame.new(4.470348358154297e-08, -5.960464477539063e-08, 2.2351741790771484e-08, 0.9909510016441345, -0.1317092329263687, -0.02586442604660988, 0.13378264009952545, 0.9848040342330933, 0.11073940992355347, 0.010885925032198429, -0.113197460770607, 0.9935129284858704),
            ["RightUpperLeg"] = CFrame.new(1.1920928955078125e-07, 3.888271749019623e-07, -1.6952981241047382e-09, 0.43366578221321106, -0.14175215363502502, -0.8898541927337646, -0.21386922895908356, 0.9431362152099609, -0.25446799397468567, 0.8753251433372498, 0.3006665110588074, 0.3786894381046295),
            ["LeftUpperLeg"] = CFrame.new(0, 5.75091689825058e-08, 1.4901161193847656e-08, 0.8596912622451782, 0.32015737891197205, 0.3980330526828766, -0.2122165709733963, 0.9326367378234863, -0.29180940985679626, -0.4646450877189636, 0.16639679670333862, 0.8697223663330078),
            ["RightLowerLeg"] = CFrame.new(0, -0.000003814697265625, -0.00001324357435805723, 1, -1.4528630742915993e-07, -4.6566135836201283e-08, 1.415610029198433e-07, 0.8836964964866638, 0.46806010603904724, -5.960463056453591e-08, -0.4680602550506592, 0.8836967349052429),
            ["RightFoot"] = CFrame.new(-2.2351741790771484e-08, 2.384185791015625e-07, 6.875052349641919e-08, 0.974812388420105, -0.20894180238246918, -0.07800109684467316, 0.21722345054149628, 0.9687496423721313, 0.11974155902862549, 0.05054448917508125, -0.13366924226284027, 0.9897363185882568),
            ["LeftLowerLeg"] = CFrame.new(7.450580596923828e-09, 0.000003874301910400391, 0.000013336539268493652, 1, 4.8428763221863846e-08, 1.4901161193847656e-08, -5.215404996761208e-08, 0.7010362148284912, 0.7131256461143494, 9.313223614526578e-08, -0.7131255865097046, 0.701036274433136),
        }},
        {Time = 0.100, Data = {
            ["LeftFoot"] = CFrame.new(-3.725290298461914e-08, -1.1920928955078125e-07, -3.725290298461914e-08, 0.9849979877471924, -0.1693432480096817, -0.03319460526108742, 0.16335031390190125, 0.977003276348114, -0.13704553246498108, 0.055638935416936874, 0.1295672208070755, 0.9900084733963013),
            ["LeftLowerArm"] = CFrame.new(1.1920928955078125e-07, 0, -2.7567148208618164e-07, 1, -1.0058283805847168e-07, 2.9802322387695312e-08, 8.940696716308594e-08, 0.49811166524887085, -0.867112934589386, 2.9802322387695312e-08, 0.867112934589386, 0.49811169505119324),
            ["LowerTorso"] = CFrame.new(0.04464982450008392, 0.033509016036987305, -0.006721886806190014, 0.9911931157112122, -0.12266306579113007, -0.04989970847964287, 0.12231969088315964, 0.9924414753913879, -0.009889391250908375, 0.050735604017972946, 0.003698580199852586, 0.998705267906189),
            ["Head"] = CFrame.new(9.778887033462524e-08, -1.1920928955078125e-07, -4.0978193283081055e-08, 0.9880902171134949, -0.14591337740421295, -0.04885696619749069, 0.14257299900054932, 0.987579345703125, -0.06603000313043594, 0.05788480117917061, 0.0582779124379158, 0.996620774269104),
            ["RightUpperArm"] = CFrame.new(-0.0798804759979248, -0.17407536506652832, -0.009119093418121338, 0.9575915932655334, -0.010814227163791656, 0.2879263162612915, -0.12316307425498962, 0.8880352973937988, 0.4429720938205719, -0.2604790925979614, -0.4596481919288635, 0.8490431904792786),
            ["UpperTorso"] = CFrame.new(8.032657206058502e-09, 3.2782554626464844e-07, 7.566995918750763e-10, 0.992547869682312, -0.11395621299743652, -0.04315891116857529, 0.11787188798189163, 0.9876837134361267, 0.10289397835731506, 0.030901936814188957, -0.10721442103385925, 0.993755578994751),
            ["HumanoidRootPart"] = CFrame.new(0, 0, 0, 1, 0, 0, 0, 1, 0, 0, 0, 1),
            ["RightHand"] = CFrame.new(6.891787052154541e-08, -5.960464477539063e-08, 1.6763806343078613e-08, 0.9630343317985535, 0.0608011931180954, 0.262427419424057, -0.11883081495761871, 0.9701711535453796, 0.21129874885082245, -0.24175232648849487, -0.23467236757278442, 0.9415332078933716),
            ["LeftUpperArm"] = CFrame.new(0.021736085414886475, -0.12379944324493408, -0.18998971581459045, 0.7413583397865295, 0.294197142124176, -0.603188157081604, 0.24811308085918427, 0.7149603366851807, 0.6536601185798645, 0.6235605478286743, -0.6342552304267883, 0.45704764127731323),
            ["RightLowerArm"] = CFrame.new(1.7881393432617188e-07, -7.748603820800781e-07, -1.564621925354004e-07, 1, -8.00937343115038e-08, 5.774199962615967e-08, 4.470348358154297e-08, 0.5591395497322083, -0.8290736079216003, 6.332993507385254e-08, 0.8290735483169556, 0.559139609336853),
            ["LeftHand"] = CFrame.new(3.725290298461914e-08, -1.7881393432617188e-07, -4.470348358154297e-08, 0.9843065738677979, -0.15802113711833954, 0.07854913920164108, 0.14732065796852112, 0.9808768630027771, 0.12718987464904785, -0.09714562445878983, -0.1136220246553421, 0.9887632727622986),
            ["RightUpperLeg"] = CFrame.new(-2.9802322387695312e-08, 4.435642040334642e-07, 1.673470251262188e-10, 0.4317784607410431, -0.24287283420562744, -0.8686656951904297, -0.19881753623485565, 0.9137512445449829, -0.35430267453193665, 0.8797948360443115, 0.3256862163543701, 0.3462506830692291),
            ["LeftUpperLeg"] = CFrame.new(2.9802322387695312e-08, 4.932080628350377e-07, 0, 0.8024137616157532, 0.4131903648376465, 0.4305877685546875, -0.2507045865058899, 0.8881731629371643, -0.3850916624069214, -0.5415526628494263, 0.20105257630348206, 0.8162711262702942),
            ["RightLowerLeg"] = CFrame.new(-8.940696716308594e-08, -0.0000037550926208496094, -0.000013156030036043376, 1, -3.129244134925102e-07, -8.661300654466686e-08, 2.533197118737007e-07, 0.8475658893585205, 0.5306897759437561, -9.685753354915505e-08, -0.5306901931762695, 0.8475661873817444),
            ["RightFoot"] = CFrame.new(2.2351741790771484e-08, 1.1920928955078125e-07, -1.6931153368204832e-08, 0.9862155318260193, -0.12402942776679993, -0.10952483862638474, 0.15979976952075958, 0.8856655359268188, 0.4359593391418457, 0.042930617928504944, -0.4474518597126007, 0.8932769298553467),
            ["LeftLowerLeg"] = CFrame.new(0, 0.000003993511199951172, 0.000013336539268493652, 1, 1.3783574104309082e-07, 8.940696716308594e-08, -1.341104365337742e-07, 0.7647484540939331, 0.6443288922309875, -2.607702853651972e-08, -0.6443289518356323, 0.7647485136985779),
        }},
        {Time = 0.133, Data = {
            ["LeftFoot"] = CFrame.new(-7.450580596923828e-09, -5.960464477539063e-08, 7.450580596923828e-09, 0.9870908856391907, -0.1514844298362732, -0.05200010538101196, 0.15260617434978485, 0.9881176352500916, 0.018302302807569504, 0.048609666526317596, -0.026001811027526855, 0.9984793663024902),
            ["LeftLowerArm"] = CFrame.new(1.4901161193847656e-07, 2.980232238769531e-07, 4.470348358154297e-08, 1, -1.0430814256778831e-07, 4.4703490686970326e-08, 1.1920928955078125e-07, 0.4981118142604828, -0.8671128749847412, 5.960464477539063e-08, 0.8671128749847412, 0.49811187386512756),
            ["LowerTorso"] = CFrame.new(0.12778456509113312, 0.07449102401733398, -0.006721922196447849, 0.9833232760429382, -0.1590215265750885, 0.08824679255485535, 0.15642161667346954, 0.9870457649230957, 0.03567836806178093, -0.09277725219726562, -0.02127966284751892, 0.9954594969749451),
            ["Head"] = CFrame.new(2.8172507882118225e-08, 1.1920928955078125e-07, -3.725290298461914e-09, 0.9796178936958313, -0.179892897605896, -0.08937174826860428, 0.17632608115673065, 0.9832383394241333, -0.04638411104679108, 0.09621789306402206, 0.029680142179131508, 0.9949176907539368),
            ["RightUpperArm"] = CFrame.new(-0.07988065481185913, -0.17407548427581787, -0.009119066409766674, 0.9319429993629456, -0.029209932312369347, 0.36142656207084656, -0.1417969912290573, 0.8880203366279602, 0.4373939335346222, -0.33373039960861206, -0.4588753879070282, 0.8234425187110901),
            ["UpperTorso"] = CFrame.new(3.841705620288849e-09, -1.7881393432617188e-07, -5.122274160385132e-09, 0.9840128421783447, -0.15736183524131775, -0.08340302854776382, 0.16160164773464203, 0.9857481718063354, 0.04674870893359184, 0.0748579204082489, -0.05947939306497574, 0.9954187870025635),
            ["HumanoidRootPart"] = CFrame.new(0, 0, 0, 1, 0, 0, 0, 1, 0, 0, 0, 1),
            ["RightHand"] = CFrame.new(-3.725290298461914e-08, 1.7881393432617188e-07, 2.9802322387695312e-08, 0.9674859642982483, 0.08604760468006134, 0.23783762753009796, -0.14003966748714447, 0.9652994275093079, 0.22042226791381836, -0.21061772108078003, -0.24656212329864502, 0.9459636807441711),
            ["LeftUpperArm"] = CFrame.new(0.021736085414886475, -0.12379932403564453, -0.18998967111110687, 0.7317404747009277, 0.3095576763153076, -0.6072314381599426, 0.26958292722702026, 0.6868162155151367, 0.6749879717826843, 0.6260040402412415, -0.6576151251792908, 0.4191196858882904),
            ["RightLowerArm"] = CFrame.new(1.7881393432617188e-07, 3.5762786865234375e-07, -8.195638656616211e-08, 1, -8.614733815193176e-08, 5.5879347371501353e-08, 7.450579886381092e-08, 0.5591395497322083, -0.8290735483169556, 0, 0.8290736079216003, 0.5591395497322083),
            ["LeftHand"] = CFrame.new(2.2351741790771484e-08, 1.7881393432617188e-07, 1.862645149230957e-09, 0.96820068359375, -0.172920361161232, 0.18079298734664917, 0.14888611435890198, 0.9790269732475281, 0.1390654742717743, -0.20104847848415375, -0.10772569477558136, 0.973639965057373),
            ["RightUpperLeg"] = CFrame.new(1.7881393432617188e-07, -5.082692950963974e-07, 2.029992174357176e-09, 0.492284893989563, -0.3160131573677063, -0.8110435009002686, -0.1474856585264206, 0.8880129456520081, -0.4355238378047943, 0.8578483462333679, 0.3340190351009369, 0.39054787158966064),
            ["LeftUpperLeg"] = CFrame.new(0, -4.724133759737015e-07, -3.725290298461914e-09, 0.7497831583023071, 0.49776116013526917, 0.43595772981643677, -0.2521478235721588, 0.8240845799446106, -0.5072533488273621, -0.6117570400238037, 0.27040421962738037, 0.743394136428833),
            ["RightLowerLeg"] = CFrame.new(-1.1175870895385742e-08, -0.000003814697265625, -0.000013424250937532634, 1, -4.4703494239684005e-08, -2.328307324717116e-09, 9.313224325069314e-08, 0.7945711016654968, 0.6071708798408508, -1.8626449271863521e-09, -0.6071711182594299, 0.7945713400840759),
            ["RightFoot"] = CFrame.new(5.774199962615967e-08, 5.364418029785156e-07, -4.300818545743823e-08, 0.9970831274986267, -0.03638417646288872, -0.06709401309490204, 0.07278017699718475, 0.7180054783821106, 0.6922218203544617, 0.022987941280007362, -0.6950860023498535, 0.7185592651367188),
            ["LeftLowerLeg"] = CFrame.new(1.4901161193847656e-08, 0.000003993511199951172, 0.000013224780559539795, 1, 6.705523247774181e-08, 1.2665992699112394e-07, -7.450579886381092e-08, 0.7915531396865845, 0.6111005544662476, 5.5879347371501353e-08, -0.6111004948616028, 0.7915530204772949),
        }},
        {Time = 0.167, Data = {
            ["LeftFoot"] = CFrame.new(5.960464477539063e-08, -1.1920928955078125e-07, -2.9802322387695312e-08, 0.9910629987716675, -0.12422819435596466, -0.04859505966305733, 0.12714053690433502, 0.9899263978004456, 0.0622979998588562, 0.04036640003323555, -0.06791995465755463, 0.9968738555908203),
            ["LeftLowerArm"] = CFrame.new(1.7881393432617188e-07, 5.960464477539063e-08, 2.905726432800293e-07, 1, -1.0244549741855735e-07, 4.4703490686970326e-08, 6.51925802230835e-08, 0.4981118440628052, -0.8671128749847412, 8.940696716308594e-08, 0.8671128153800964, 0.4981118440628052),
            ["LowerTorso"] = CFrame.new(0.19693027436733246, 0.058124542236328125, -0.006721922196447849, 0.9602003693580627, -0.19582562148571014, 0.19916778802871704, 0.1849602311849594, 0.9801081418991089, 0.07195659726858139, -0.20929694175720215, -0.032254621386528015, 0.9773200154304504),
            ["Head"] = CFrame.new(-8.42846930027008e-08, 3.5762786865234375e-07, -2.60770320892334e-08, 0.9724336266517639, -0.22195562720298767, -0.07147444784641266, 0.21819473803043365, 0.9742504358291626, -0.05680951476097107, 0.08224320411682129, 0.0396481528878212, 0.995823323726654),
            ["RightUpperArm"] = CFrame.new(-0.07988053560256958, -0.17407464981079102, -0.009119074791669846, 0.8993024826049805, -0.057006578892469406, 0.4335957467556, -0.1524573564529419, 0.8884039521217346, 0.43300729990005493, -0.40989238023757935, -0.4555094242095947, 0.7902527451515198),
            ["UpperTorso"] = CFrame.new(1.1175870895385742e-08, 0, -2.60770320892334e-08, 0.9803038239479065, -0.17588594555854797, -0.08982504159212112, 0.1777535378932953, 0.9839869737625122, 0.013169415295124054, 0.08607035130262375, -0.028876736760139465, 0.9958705306053162),
            ["HumanoidRootPart"] = CFrame.new(0, 0, 0, 1, 0, 0, 0, 1, 0, 0, 0, 1),
            ["RightHand"] = CFrame.new(-1.043081283569336e-07, -5.960464477539063e-08, 0, 0.9707527160644531, 0.13980735838413239, 0.1951744556427002, -0.18055060505867004, 0.9609595537185669, 0.20966260135173798, -0.15824250876903534, -0.23876947164535522, 0.9580963253974915),
            ["LeftUpperArm"] = CFrame.new(0.021736085414886475, -0.12379872798919678, -0.18998964130878448, 0.7341876029968262, 0.3145432770252228, -0.6016902327537537, 0.280979722738266, 0.665995717048645, 0.6910138726234436, 0.6180769205093384, -0.6763965487480164, 0.4005853831768036),
            ["RightLowerArm"] = CFrame.new(-1.4901161193847656e-07, 1.1920928955078125e-07, 3.948807716369629e-07, 1, -4.6566128730773926e-08, 2.607702853651972e-08, 9.685753354915505e-08, 0.5591395497322083, -0.8290736079216003, 8.940695295223122e-08, 0.8290736079216003, 0.5591395497322083),
            ["LeftHand"] = CFrame.new(-1.6391277313232422e-07, -1.7881393432617188e-07, 3.725290298461914e-08, 0.9499313831329346, -0.1719324141740799, 0.2609015703201294, 0.13962586224079132, 0.9805669784545898, 0.13781560957431793, -0.2795264720916748, -0.0944867804646492, 0.9554774761199951),
            ["RightUpperLeg"] = CFrame.new(5.960464477539063e-08, 1.1455267667770386e-07, -1.6596459317952394e-08, 0.6814313530921936, -0.39752304553985596, -0.6145133972167969, 0.016259586438536644, 0.8476499319076538, -0.5303068161010742, 0.7317014336585999, 0.3513758182525635, 0.5840787887573242),
            ["LeftUpperLeg"] = CFrame.new(-1.1920928955078125e-07, 5.122274160385132e-08, 0, 0.7195929884910583, 0.5602036118507385, 0.4103142023086548, -0.23353590071201324, 0.7517153024673462, -0.6167538166046143, -0.6539472341537476, 0.3479885458946228, 0.6717566847801208),
            ["RightLowerLeg"] = CFrame.new(1.1920928955078125e-07, -0.0000036954879760742188, -0.000013364646292757243, 1, -2.682209014892578e-07, -1.8998984785412176e-07, 3.7252908668961027e-07, 0.6660172343254089, 0.7459363341331482, -1.564622067462551e-07, -0.7459363341331482, 0.6660174131393433),
            ["RightFoot"] = CFrame.new(-9.685754776000977e-08, 2.384185791015625e-07, 1.3580574886873364e-07, 0.9919182062149048, 0.07080408185720444, 0.10528580099344254, -0.11715199053287506, 0.8297408223152161, 0.5457154512405396, -0.04872104153037071, -0.5536397695541382, 0.8313299417495728),
            ["LeftLowerLeg"] = CFrame.new(-2.2351741790771484e-08, 0.000003993511199951172, 0.000013288110494613647, 1, -8.568166975919667e-08, -1.862644793959589e-08, 2.9802308176840597e-08, 0.7927840948104858, 0.6095027923583984, -8.195634393359796e-08, -0.6095025539398193, 0.7927839756011963),
        }},
        {Time = 0.200, Data = {
            ["LeftFoot"] = CFrame.new(-1.862645149230957e-08, 5.960464477539063e-08, -1.1175870895385742e-08, 0.9933227896690369, -0.10843868553638458, -0.039381805807352066, 0.11021570861339569, 0.992835283279419, 0.04616120830178261, 0.03409384936094284, -0.0501934289932251, 0.9981574416160583),
            ["LeftLowerArm"] = CFrame.new(2.980232238769531e-07, 1.7881393432617188e-07, -1.4901161193847656e-08, 1, -5.960465188081798e-08, 5.960465898624534e-08, 7.450580596923828e-08, 0.4981117248535156, -0.867112934589386, 2.9802322387695312e-08, 0.8671128749847412, 0.4981117248535156),
            ["LowerTorso"] = CFrame.new(0.2521737515926361, 0.01909661293029785, -0.006721922196447849, 0.9322275519371033, -0.22861739993095398, 0.2805100977420807, 0.20890478789806366, 0.972943127155304, 0.09869477152824402, -0.29548364877700806, -0.033406078815460205, 0.954763650894165),
            ["Head"] = CFrame.new(3.605964593589306e-08, -1.1920928955078125e-07, -3.026798367500305e-09, 0.9635511040687561, -0.2658888101577759, -0.029538825154304504, 0.26297539472579956, 0.9616503715515137, -0.07792634516954422, 0.04912577569484711, 0.06731799989938736, 0.9965214729309082),
            ["RightUpperArm"] = CFrame.new(-0.07988053560256958, -0.17407560348510742, -0.009119048714637756, 0.8628628849983215, -0.09468948096036911, 0.49648934602737427, -0.15104256570339203, 0.8891021013259888, 0.43206900358200073, -0.48234209418296814, -0.44780731201171875, 0.752871036529541),
            ["UpperTorso"] = CFrame.new(1.7229467630386353e-08, -5.960464477539063e-08, 1.1175870895385742e-08, 0.9808779954910278, -0.18128380179405212, -0.07081431150436401, 0.18136842548847198, 0.9834010601043701, -0.005286287982016802, 0.07059722393751144, -0.0076583074405789375, 0.9974755644798279),
            ["HumanoidRootPart"] = CFrame.new(0, 0, 0, 1, 0, 0, 0, 1, 0, 0, 0, 1),
            ["RightHand"] = CFrame.new(-1.4901161193847656e-07, -1.1920928955078125e-07, -1.043081283569336e-07, 0.9670988917350769, 0.21234580874443054, 0.1401037722826004, -0.23634123802185059, 0.9537185430526733, 0.185913547873497, -0.09414157271385193, -0.2129090279340744, 0.9725261926651001),
            ["LeftUpperArm"] = CFrame.new(0.0217362642288208, -0.12379932403564453, -0.1899896264076233, 0.7388103008270264, 0.3152965009212494, -0.5956068634986877, 0.2879032790660858, 0.6514230370521545, 0.7019685506820679, 0.6093202233314514, -0.6900987029075623, 0.3905031085014343),
            ["RightLowerArm"] = CFrame.new(5.960464477539063e-08, 1.1920928955078125e-07, 2.5331974029541016e-07, 1, -5.960465188081798e-08, -7.450580596923828e-09, 6.705523247774181e-08, 0.5591395497322083, -0.8290735483169556, 8.195639367158947e-08, 0.8290736675262451, 0.5591395497322083),
            ["LeftHand"] = CFrame.new(2.2351741790771484e-08, 2.384185791015625e-07, -7.450580596923828e-08, 0.9343187808990479, -0.16309887170791626, 0.316934198141098, 0.1288163810968399, 0.9835781455039978, 0.1264135092496872, -0.33234745264053345, -0.07728414237499237, 0.9399853348731995),
            ["RightUpperLeg"] = CFrame.new(1.7881393432617188e-07, 3.8230791687965393e-07, 5.790934665128589e-08, 0.8982246518135071, -0.38126370310783386, -0.21870169043540955, 0.22670497000217438, 0.8281471729278564, -0.5126180052757263, 0.3765597641468048, 0.41086527705192566, 0.8302966356277466),
            ["LeftUpperLeg"] = CFrame.new(0, 1.1175870895385742e-08, -1.1175870895385742e-08, 0.7079405784606934, 0.5948541164398193, 0.38074809312820435, -0.21289989352226257, 0.6937564015388489, -0.6880229711532593, -0.6734196543693542, 0.40601810812950134, 0.6177825927734375),
            ["RightLowerLeg"] = CFrame.new(-5.21540641784668e-08, -0.000004112720489501953, -0.000013305041647981852, 1, -4.0605664253234863e-07, -1.564622920113834e-07, 3.017484857537056e-07, 0.3678659200668335, 0.9298786520957947, -1.4901159772762185e-07, -0.929878830909729, 0.3678664267063141),
            ["RightFoot"] = CFrame.new(-3.6437995731830597e-07, 2.384185791015625e-07, -1.1343217920511961e-08, 0.9952478408813477, 0.0783323347568512, 0.05784469470381737, -0.08269180357456207, 0.993574857711792, 0.07727397233247757, -0.05142008885741234, -0.08168979734182358, 0.9953304529190063),
            ["LeftLowerLeg"] = CFrame.new(1.3969838619232178e-08, 0.0000035762786865234375, 0.000013350509107112885, 1, 6.148184739096507e-10, -7.543715696556319e-08, 7.450578820566989e-09, 0.8023813366889954, 0.5968117117881775, -1.4901157641133977e-08, -0.5968117117881775, 0.8023814558982849),
        }},
        {Time = 0.233, Data = {
            ["LeftFoot"] = CFrame.new(7.450580596923828e-09, -5.960464477539063e-08, 2.2351741790771484e-08, 0.993722677230835, -0.10658631473779678, -0.0339801162481308, 0.106859490275383, 0.9942539930343628, 0.0063253543339669704, 0.03311079367995262, -0.009916674345731735, 0.9994025826454163),
            ["LeftLowerArm"] = CFrame.new(5.960464477539063e-08, 1.1920928955078125e-07, 5.960464477539063e-08, 1, -6.33299421792799e-08, 2.2351745343485163e-08, 5.960465188081798e-08, 0.4981117844581604, -0.867112934589386, 5.960465188081798e-08, 0.8671128749847412, 0.49811166524887085),
            ["LowerTorso"] = CFrame.new(0.2973242700099945, -0.027485370635986328, -0.006721922196447849, 0.9068993926048279, -0.2545691728591919, 0.3357499837875366, 0.2281077802181244, 0.966610848903656, 0.11674913763999939, -0.35426029562950134, -0.029292548075318336, 0.9346879720687866),
            ["Head"] = CFrame.new(-2.1420419216156006e-08, -2.384185791015625e-07, -1.1175870895385742e-08, 0.9525414109230042, -0.3036770522594452, 0.02110196463763714, 0.30422481894493103, 0.9472606778144836, -0.10071977972984314, 0.010597270913422108, 0.10235948115587234, 0.994691014289856),
            ["RightUpperArm"] = CFrame.new(-0.07988065481185913, -0.17407548427581787, -0.009119048714637756, 0.8276652097702026, -0.13265904784202576, 0.5453182458877563, -0.14336495101451874, 0.8894476890563965, 0.43396949768066406, -0.5426018834114075, -0.4373609721660614, 0.7171461582183838),
            ["UpperTorso"] = CFrame.new(-2.0954757928848267e-08, -1.4901161193847656e-07, -1.4901161193847656e-08, 0.9832918643951416, -0.17757731676101685, -0.040042925626039505, 0.1771073341369629, 0.9840769171714783, -0.015022233128547668, 0.04207294434309006, 0.00767936185002327, 0.999085009098053),
            ["HumanoidRootPart"] = CFrame.new(0, 0, 0, 1, 0, 0, 0, 1, 0, 0, 0, 1),
            ["RightHand"] = CFrame.new(-2.384185791015625e-07, -3.5762786865234375e-07, 2.60770320892334e-08, 0.9574621915817261, 0.2751486897468567, 0.0869443267583847, -0.2859213352203369, 0.9452661275863647, 0.15722955763339996, -0.03892405331134796, -0.17540062963962555, 0.9837273359298706),
            ["LeftUpperArm"] = CFrame.new(0.0217360258102417, -0.12379944324493408, -0.1899896264076233, 0.7439877986907959, 0.31359604001045227, -0.5900335907936096, 0.29147544503211975, 0.6422749757766724, 0.7088899612426758, 0.6012688875198364, -0.6993857026100159, 0.3864392638206482),
            ["RightLowerArm"] = CFrame.new(0, 0, -8.940696716308594e-08, 1, -7.078052277620372e-08, -2.2351741790771484e-08, 5.960464477539063e-08, 0.5591394901275635, -0.8290736079216003, 4.470348358154297e-08, 0.8290736675262451, 0.5591394901275635),
            ["LeftHand"] = CFrame.new(-1.4901161193847656e-08, 0, 1.4901161193847656e-08, 0.9237722754478455, -0.1528407782316208, 0.3511189818382263, 0.12011034786701202, 0.9862720966339111, 0.11331774294376373, -0.3636183738708496, -0.06250673532485962, 0.9294485449790955),
            ["RightUpperLeg"] = CFrame.new(-5.960464477539063e-08, -3.7206336855888367e-07, 1.3205863069742918e-08, 0.9387122392654419, -0.3390635848045349, 0.062092382460832596, 0.3415968418121338, 0.8909144997596741, -0.29930394887924194, 0.04616403579711914, 0.30217093229293823, 0.9521353244781494),
            ["LeftUpperLeg"] = CFrame.new(-5.960464477539063e-08, -1.7276033759117126e-07, 0, 0.7074440121650696, 0.6182777881622314, 0.34242597222328186, -0.20219147205352783, 0.641290545463562, -0.7401790022850037, -0.6772308349609375, 0.4543996751308441, 0.578687846660614),
            ["RightLowerLeg"] = CFrame.new(-5.960464477539063e-08, -0.0000033974647521972656, -0.000013215634680818766, 1, -5.96046561440744e-07, -6.33299521268782e-07, 5.513431347026199e-07, -0.023891141638159752, 0.9997146725654602, -6.109478363214293e-07, -0.9997146725654602, -0.023891141638159752),
            ["RightFoot"] = CFrame.new(1.1920928955078125e-07, 2.980232238769531e-07, -7.281050784513354e-08, 0.9965305328369141, -0.07171668857336044, -0.0422326922416687, 0.06168149411678314, 0.977076530456543, -0.20375685393810272, 0.05587741732597351, 0.20044496655464172, 0.9781102538108826),
            ["LeftLowerLeg"] = CFrame.new(-1.30385160446167e-08, 0.000003993511199951172, 0.000013242941349744797, 1, 1.2479723920932884e-07, 3.562309203175573e-08, -1.4156104555240745e-07, 0.801780104637146, 0.5976191759109497, -1.4901162970204496e-08, -0.5976192355155945, 0.8017801642417908),
        }},
        {Time = 0.267, Data = {
            ["LeftFoot"] = CFrame.new(4.284083843231201e-08, 0, -7.2177499532699585e-09, 0.9930621385574341, -0.11216075718402863, -0.03532293811440468, 0.11163774877786636, 0.9936127662658691, -0.016456948593258858, 0.03694314509630203, 0.012399354949593544, 0.999240517616272),
            ["LeftLowerArm"] = CFrame.new(-5.960464477539063e-08, 0, -2.9802322387695312e-08, 1, -4.0978193283081055e-08, 1.4901161193847656e-08, 7.450579886381092e-08, 0.4981117248535156, -0.8671128749847412, 5.960463766996327e-08, 0.8671128749847412, 0.498111754655838),
            ["LowerTorso"] = CFrame.new(0.33619120717048645, -0.06651341915130615, -0.006721922196447849, 0.8894240260124207, -0.2715628147125244, 0.3676663041114807, 0.24130181968212128, 0.9621178507804871, 0.12689697742462158, -0.3881987929344177, -0.02414667047560215, 0.9212592840194702),
            ["Head"] = CFrame.new(-2.253800630569458e-07, -1.1920928955078125e-07, 2.9802322387695312e-08, 0.9420956969261169, -0.32920095324516296, 0.0638938695192337, 0.3346978425979614, 0.9348787665367126, -0.11823397874832153, -0.020810261368751526, 0.13277281820774078, 0.9909279942512512),
            ["RightUpperArm"] = CFrame.new(-0.07988083362579346, -0.17407524585723877, -0.0091189444065094, 0.8008424639701843, -0.1618335098028183, 0.5765944719314575, -0.13499939441680908, 0.8892311453819275, 0.43708473443984985, -0.5834608674049377, -0.42787593603134155, 0.6902867555618286),
            ["UpperTorso"] = CFrame.new(7.82310962677002e-08, 8.940696716308594e-08, 5.21540641784668e-08, 0.9853150248527527, -0.1703709363937378, -0.011321303434669971, 0.17012880742549896, 0.985224723815918, -0.019711466506123543, 0.014512354508042336, 0.017495909705758095, 0.9997416734695435),
            ["HumanoidRootPart"] = CFrame.new(0, 0, 0, 1, 0, 0, 0, 1, 0, 0, 0, 1),
            ["RightHand"] = CFrame.new(1.7881393432617188e-07, 3.5762786865234375e-07, -1.4901161193847656e-08, 0.9515054225921631, 0.3030937910079956, 0.05264623090624809, -0.30744069814682007, 0.9429211020469666, 0.1279846578836441, -0.010849918238818645, -0.13796366751194, 0.9903779625892639),
            ["LeftUpperArm"] = CFrame.new(0.02173590660095215, -0.12379956245422363, -0.1899896264076233, 0.7481814026832581, 0.3112526834011078, -0.5859577059745789, 0.29282206296920776, 0.6375795006752014, 0.7125641703605652, 0.5953822135925293, -0.7047085762023926, 0.38588348031044006),
            ["RightLowerArm"] = CFrame.new(-2.9802322387695312e-08, 1.1920928955078125e-07, 1.4901161193847656e-08, 1, -5.960464477539063e-08, 1.862645149230957e-09, 3.725290653733282e-08, 0.5591395497322083, -0.8290735483169556, 2.980232594040899e-08, 0.8290735483169556, 0.5591395497322083),
            ["LeftHand"] = CFrame.new(1.043081283569336e-07, 1.7881393432617188e-07, 1.4842953532934189e-08, 0.9190090894699097, -0.14803339540958405, 0.36538806557655334, 0.1164124384522438, 0.9873946905136108, 0.10723789036273956, -0.37665700912475586, -0.0560169443488121, 0.9246575832366943),
            ["RightUpperLeg"] = CFrame.new(5.960464477539063e-08, -1.0011717677116394e-07, 5.790934665128589e-08, 0.9340134263038635, -0.31764042377471924, 0.16347374022006989, 0.2889162600040436, 0.9407945275306702, 0.17729374766349792, -0.21011070907115936, -0.11836466193199158, 0.9704861640930176),
            ["LeftUpperLeg"] = CFrame.new(1.1920928955078125e-07, -2.076849341392517e-07, -3.725290298461914e-09, 0.713132917881012, 0.6394034028053284, 0.28741055727005005, -0.20709845423698425, 0.5838394165039062, -0.7850105166435242, -0.6697400212287903, 0.5002946853637695, 0.5487748384475708),
