return {
    ["Finger Wag"] = {
        {Time = 0.000, Data = {
            ["LeftFoot"] = CFrame.new(5.587935447692871e-08, 1.7881393432617188e-07, -3.259629011154175e-08, 0.9829092621803284, -0.17743876576423645, -0.04903979226946831, 0.17562764883041382, 0.9836803674697876, -0.0390884093940258, 0.05517536774277687, 0.02980749122798443, 0.998031735420227),
            ["LeftLowerArm"] = CFrame.new(-2.384185791015625e-07, 1.1920928955078125e-07, -2.980232238769531e-07, 1, -5.506443301328545e-08, 3.725289587919178e-08, 6.705518273975031e-08, 0.852890133857727, -0.5220906138420105, 4.470345515983354e-08, 0.5220906138420105, 0.852890133857727),
            ["LowerTorso"] = CFrame.new(-0.05326917767524719, -0.17927193641662598, -0.020318463444709778, 0.9634886980056763, -0.011835462413728237, -0.26748746633529663, 8.935644046914604e-08, 0.9990226030349731, -0.04420323297381401, 0.2677491307258606, 0.04258928820490837, 0.9625470042228699),
            ["Head"] = CFrame.new(3.632158041000366e-08, 2.384185791015625e-07, -8.568167686462402e-08, 0.9379046559333801, -0.025118887424468994, 0.34598252177238464, 0.03859791159629822, 0.9987384080886841, -0.03212287649512291, -0.3447391390800476, 0.043482400476932526, 0.9376910328865051),
            ["RightUpperArm"] = CFrame.new(1.1920928955078125e-07, -0.0000010728836059570312, -1.4901161193847656e-08, 0.950836181640625, -0.29639965295791626, -0.08976630121469498, 0.30327457189559937, 0.9498655796051025, 0.07602669298648834, 0.06273163855075836, -0.09951280802488327, 0.9930569529533386),
            ["UpperTorso"] = CFrame.new(3.098907086496183e-08, 0, 4.656612873077393e-10, 0.9965736865997314, 0.009689955972135067, -0.08214098960161209, 0.007219212129712105, 0.9791329503059387, 0.20309273898601532, 0.08239486068487167, -0.202989861369133, 0.9757080674171448),
            ["HumanoidRootPart"] = CFrame.new(0, 0, 0, 1, 0, 0, 0, 1, 0, 0, 0, 1),
            ["RightHand"] = CFrame.new(-1.341104507446289e-07, 4.76837158203125e-07, 5.960464477539063e-08, 0.998770534992218, 0.028608150780200958, -0.04048557206988335, -0.03138802945613861, 0.9970683455467224, -0.06978201866149902, 0.038370512425899506, 0.07096696645021439, 0.996740460395813),
            ["LeftUpperArm"] = CFrame.new(1.1920928955078125e-07, -7.152557373046875e-07, 5.960464477539063e-08, 0.8249529004096985, 0.4159373641014099, -0.3826864957809448, -0.4162219166755676, 0.9051358103752136, 0.0865364596247673, 0.3823769688606262, 0.087894007563591, 0.9198166131973267),
            ["RightLowerArm"] = CFrame.new(1.1920928955078125e-07, 2.980232238769531e-07, 4.172325134277344e-07, 1, -1.4901164746561335e-08, 4.4703494239684005e-08, 7.450583439094771e-08, 0.8691585659980774, -0.4945336580276489, 3.7252917195473856e-08, 0.49453362822532654, 0.8691585659980774),
            ["LeftHand"] = CFrame.new(-2.384185791015625e-07, -5.960464477539062e-07, -1.043081283569336e-07, 0.9954928159713745, -0.05091435834765434, 0.08001155406236649, 0.04829738289117813, 0.9982435703277588, 0.0343107171356678, -0.08161792159080505, -0.030291711911559105, 0.9962032437324524),
            ["RightUpperLeg"] = CFrame.new(0, -8.940696716308594e-08, 2.8107024263590574e-08, 0.9072561264038086, -0.27600520849227905, -0.3173444867134094, 0.24143438041210175, 0.9596173167228699, -0.14437423646450043, 0.344377338886261, 0.054366596043109894, 0.937255859375),
            ["LeftUpperLeg"] = CFrame.new(-1.7881393432617188e-07, -5.94649463891983e-07, -7.450580596923828e-09, 0.9738448858261108, 0.22709637880325317, 0.007318971678614616, -0.18832874298095703, 0.8247836828231812, -0.5331641435623169, -0.12711629271507263, 0.5178409814834595, 0.8459802269935608),
            ["RightLowerLeg"] = CFrame.new(4.0978193283081055e-08, -0.0000032782554626464844, -0.0000133199428091757, 1, -5.960465898624534e-08, 0, 9.220093488693237e-08, 0.7570573091506958, 0.6533485651016235, 2.2351741790771484e-08, -0.6533485651016235, 0.7570573091506958),
            ["RightFoot"] = CFrame.new(7.450580596923828e-09, 4.172325134277344e-07, -1.3205863069742918e-08, 0.9753457903862, 0.22052448987960815, 0.008346164599061012, -0.1858586221933365, 0.8412396311759949, -0.5077130198478699, -0.11898442357778549, 0.4936445355415344, 0.8614858984947205),
            ["LeftLowerLeg"] = CFrame.new(-4.470348358154297e-08, 0.000003993511199951172, 0.0000130385160446167, 1, 9.109501064585857e-08, 2.7939684343891713e-08, -5.960465898624534e-08, 0.8031607270240784, 0.5957623720169067, 2.980232949312267e-08, -0.5957624912261963, 0.8031608462333679),
        }},
        {Time = 0.033, Data = {
            ["LeftFoot"] = CFrame.new(-7.450580596923828e-08, 1.1920928955078125e-07, -7.450580596923828e-08, 0.983875036239624, -0.17128576338291168, -0.05149153247475624, 0.16879087686538696, 0.9844107627868652, -0.04944847896695137, 0.05915848910808563, 0.0399593859910965, 0.9974485039710999),
            ["LeftLowerArm"] = CFrame.new(-3.5762786865234375e-07, -1.1920928955078125e-07, 1.1920928955078125e-07, 1, -6.135086749736729e-08, 6.705521116145974e-08, 2.980230462412692e-08, 0.8501247763633728, -0.5265812873840332, 2.980230462412692e-08, 0.5265812873840332, 0.8501247763633728),
            ["LowerTorso"] = CFrame.new(-0.06026920676231384, -0.17652511596679688, -0.03301898390054703, 0.9643175601959229, -0.014321913942694664, -0.26436078548431396, 0.002445220947265625, 0.9989749789237976, -0.045200590044260025, 0.26473715901374817, 0.04294130206108093, 0.9633640646934509),
            ["Head"] = CFrame.new(2.7474015951156616e-08, 5.960464477539062e-07, -8.800998330116272e-08, 0.9428473711013794, -0.026039641350507736, 0.3322058618068695, 0.0367237813770771, 0.9989892840385437, -0.025922441855072975, -0.3311951756477356, 0.03664081543684006, 0.9428507089614868),
            ["RightUpperArm"] = CFrame.new(1.1920928955078125e-07, -4.76837158203125e-07, -1.1175870895385742e-07, 0.9493512511253357, -0.3006756007671356, -0.09125028550624847, 0.3080916702747345, 0.9477903842926025, 0.08229809999465942, 0.06174108013510704, -0.10624329745769501, 0.9924215078353882),
            ["UpperTorso"] = CFrame.new(2.0023435354232788e-08, 2.682209014892578e-07, 1.0244548320770264e-08, 0.9971200227737427, 0.01515505276620388, -0.07431046664714813, 0.00020108537864871323, 0.9792991280555725, 0.20241878926753998, 0.07583988457918167, -0.2018507719039917, 0.9764755964279175),
            ["HumanoidRootPart"] = CFrame.new(0, 0, 0, 1, 0, 0, 0, 1, 0, 0, 0, 1),
            ["RightHand"] = CFrame.new(-6.407499313354492e-07, 4.172325134277344e-07, 1.4901161193847656e-07, 0.9987794160842896, 0.02840298041701317, -0.04041110351681709, -0.031118221580982208, 0.9971842765808105, -0.06822992116212845, 0.038359444588422775, 0.06940419226884842, 0.9968509674072266),
            ["LeftUpperArm"] = CFrame.new(-1.1920928955078125e-07, -5.960464477539062e-07, 1.1920928955078125e-07, 0.8287025690078735, 0.411550909280777, -0.3793124854564667, -0.4147389531135559, 0.9066271185874939, 0.0775822326540947, 0.3758239448070526, 0.09302303194999695, 0.9220104217529297),
            ["RightLowerArm"] = CFrame.new(3.5762786865234375e-07, 1.7881393432617188e-07, 1.4901161193847656e-07, 1, -6.332994928470725e-08, -1.4901162970204496e-08, 7.450579886381092e-08, 0.8692569136619568, -0.4943605661392212, 3.725289943190546e-08, 0.49436065554618835, 0.8692569732666016),
            ["LeftHand"] = CFrame.new(5.960464477539063e-08, -1.1920928955078125e-07, -5.960464477539063e-08, 0.995917797088623, -0.05870175361633301, 0.06857031583786011, 0.05634457617998123, 0.9977685809135437, 0.03582054376602173, -0.07051993906497955, -0.031810738146305084, 0.9970030784606934),
            ["RightUpperLeg"] = CFrame.new(-1.1920928955078125e-07, -1.8952414393424988e-07, 1.3205863069742918e-08, 0.9094607830047607, -0.28031203150749207, -0.30709347128868103, 0.245667964220047, 0.9581383466720581, -0.14703093469142914, 0.3354526162147522, 0.058275654911994934, 0.9402529001235962),
            ["LeftUpperLeg"] = CFrame.new(-1.1920928955078125e-07, -8.03731381893158e-07, 2.2351741790771484e-08, 0.9746273756027222, 0.22365961968898773, 0.008827319368720055, -0.18464508652687073, 0.8256566524505615, -0.5331010818481445, -0.1265215128660202, 0.5179455280303955, 0.8460054993629456),
            ["RightLowerLeg"] = CFrame.new(7.82310962677002e-08, -0.0000037550926208496094, -0.000013305041647981852, 1, -5.215407838932151e-08, -5.2154071283894154e-08, 1.3411046495548362e-07, 0.749901294708252, 0.6615497469902039, -1.0430814256778831e-07, -0.6615498661994934, 0.749901294708252),
            ["RightFoot"] = CFrame.new(4.842877388000488e-08, 3.5762786865234375e-07, 7.620110409334302e-08, 0.9739315509796143, 0.22683218121528625, 0.002162129618227482, -0.19649738073349, 0.8483713865280151, -0.49158385396003723, -0.11334111541509628, 0.4783443510532379, 0.8708275556564331),
            ["LeftLowerLeg"] = CFrame.new(-7.450580596923828e-09, 0.000004172325134277344, 0.000013373792171478271, 1, 9.103679587951774e-08, -4.656614649434232e-09, -4.470348358154297e-08, 0.796934187412262, 0.6040664911270142, -7.450580596923828e-09, -0.6040663123130798, 0.7969339489936829),
        }},
        {Time = 0.067, Data = {
            ["LeftFoot"] = CFrame.new(-7.450580596923828e-09, 0, 2.7008354663848877e-08, 0.9860106706619263, -0.15594923496246338, -0.05884702131152153, 0.15132373571395874, 0.985538899898529, -0.07625125348567963, 0.06988745927810669, 0.06627949327230453, 0.9953505992889404),
            ["LeftLowerArm"] = CFrame.new(2.980232238769531e-07, -4.76837158203125e-07, -2.980232238769531e-07, 1, -8.475033297372647e-08, 2.2351736461700966e-08, 2.9802315282267955e-08, 0.8430010080337524, -0.5379120707511902, 0, 0.537912130355835, 0.8430010080337524),
            ["LowerTorso"] = CFrame.new(-0.07696220278739929, -0.16997432708740234, -0.06730347871780396, 0.9667642712593079, -0.020151246339082718, -0.25487425923347473, 0.00827644020318985, 0.9988332390785217, -0.047577857971191406, 0.25553563237190247, 0.043887119740247726, 0.9658030271530151),
            ["Head"] = CFrame.new(6.798654794692993e-08, 3.5762786865234375e-07, -1.8673017621040344e-07, 0.9499160647392273, -0.02375030890107155, 0.31160151958465576, 0.029922472313046455, 0.9994390606880188, -0.015041060745716095, -0.31106963753700256, 0.0236116461455822, 0.9500939249992371),
            ["RightUpperArm"] = CFrame.new(1.1920928955078125e-07, -5.960464477539062e-07, -1.6391277313232422e-07, 0.94571852684021, -0.310241162776947, -0.09678410738706589, 0.3192470073699951, 0.9425868391990662, 0.09803842008113861, 0.06081182137131691, -0.12361477315425873, 0.9904652237892151),
            ["UpperTorso"] = CFrame.new(3.073364496231079e-08, 2.9802322387695312e-08, 1.1175870895385742e-08, 0.9972180128097534, 0.024638544768095016, -0.07035033404827118, -0.009895962662994862, 0.9791980385780334, 0.2026655375957489, 0.07388036698102951, -0.20140551030635834, 0.9767177700996399),
            ["HumanoidRootPart"] = CFrame.new(0, 0, 0, 1, 0, 0, 0, 1, 0, 0, 0, 1),
            ["RightHand"] = CFrame.new(-3.2782554626464844e-07, -5.960464477539063e-08, 5.960464477539063e-08, 0.9988101720809937, 0.027840103954076767, -0.040038883686065674, -0.030363447964191437, 0.9974968433380127, -0.06385991722345352, 0.03816084563732147, 0.06499968469142914, 0.9971554279327393),
            ["LeftUpperArm"] = CFrame.new(-2.384185791015625e-07, 0, -1.4901161193847656e-07, 0.838174045085907, 0.4004550874233246, -0.3702702820301056, -0.41061845421791077, 0.9101564288139343, 0.05484350025653839, 0.3589661419391632, 0.10607142746448517, 0.9273037910461426),
            ["RightLowerArm"] = CFrame.new(1.1920928955078125e-07, -5.960464477539062e-07, 2.086162567138672e-07, 1, -5.2154071283894154e-08, 1.4901162970204496e-08, 6.70552182668871e-08, 0.8699323534965515, -0.49317121505737305, 7.4505797087454084e-09, 0.49317121505737305, 0.8699322938919067),
            ["LeftHand"] = CFrame.new(-1.1920928955078125e-07, -5.960464477539063e-08, 5.960464477539063e-08, 0.9961267709732056, -0.07850850373506546, 0.03959658369421959, 0.07697833329439163, 0.9962778687477112, 0.038793325424194336, -0.042494747787714005, -0.035594966262578964, 0.9984624981880188),
            ["RightUpperLeg"] = CFrame.new(-5.960464477539063e-08, -4.7497451305389404e-08, 5.75528247281909e-09, 0.9102530479431152, -0.29467126727104187, -0.29087507724761963, 0.2591785490512848, 0.9533541798591614, -0.15473361313343048, 0.322902649641037, 0.06545808911323547, 0.9441658854484558),
            ["LeftUpperLeg"] = CFrame.new(-5.960464477539063e-08, -9.220093488693237e-07, 4.470348358154297e-08, 0.976621687412262, 0.21459552645683289, 0.012609962373971939, -0.17517197132110596, 0.8284630179405212, -0.5319430232048035, -0.12459958344697952, 0.5172985196113586, 0.8466862440109253),
            ["RightLowerLeg"] = CFrame.new(1.6763806343078613e-08, -0.0000037550926208496094, -0.00001320259616477415, 1, 1.4901161193847656e-08, -6.705522537231445e-08, 3.166496043149891e-08, 0.7321717739105225, 0.6811200380325317, -6.332992086299782e-08, -0.681119978427887, 0.7321718335151672),
            ["RightFoot"] = CFrame.new(-1.4901161193847656e-08, 2.980232238769531e-07, 7.620110409334302e-08, 0.9691397547721863, 0.2465064823627472, -0.0016439525643363595, -0.22073793411254883, 0.8648229837417603, -0.45095008611679077, -0.10974034667015076, 0.4373966455459595, 0.8925477266311646),
            ["LeftLowerLeg"] = CFrame.new(-1.4901161193847656e-08, 0.000003993511199951172, 0.000013336539268493652, 1, 6.146729703004894e-08, 1.7695139575835128e-08, -2.2351745343485163e-08, 0.7812246084213257, 0.6242499947547913, -1.4901162970204496e-08, -0.6242501139640808, 0.7812247276306152),
        }},
        {Time = 0.100, Data = {
            ["LeftFoot"] = CFrame.new(-7.450580596923828e-09, -1.1920928955078125e-07, 4.842877388000488e-08, 0.9881018400192261, -0.1362583190202713, -0.0713341012597084, 0.1277279406785965, 0.9853600859642029, -0.11292199790477753, 0.08567623049020767, 0.10246652364730835, 0.9910399317741394),
            ["LeftLowerArm"] = CFrame.new(-4.76837158203125e-07, 9.5367431640625e-07, -5.960464477539063e-08, 1, -4.2840827774170975e-08, 4.4703462265260896e-08, 7.450578820566989e-09, 0.8332902789115906, -0.5528358221054077, 1.862644793959589e-08, 0.5528358221054077, 0.8332902193069458),
            ["LowerTorso"] = CFrame.new(-0.09688462316989899, -0.16215598583221436, -0.1174573078751564, 0.9706833362579346, -0.026867534965276718, -0.23885564506053925, 0.015235652215778828, 0.9986122846603394, -0.05041227489709854, 0.23987863957881927, 0.04529523476958275, 0.9697456359863281),
            ["Head"] = CFrame.new(2.0489096641540527e-08, 1.1920928955078125e-07, -6.472691893577576e-08, 0.9578579068183899, -0.020617179572582245, 0.28650158643722534, 0.022479726001620293, 0.9997421503067017, -0.003212841460481286, -0.28636157512664795, 0.009517974220216274, 0.9580743908882141),
            ["RightUpperArm"] = CFrame.new(0, -0.0000013113021850585938, 5.587935447692871e-09, 0.9411911368370056, -0.320131778717041, -0.10805074870586395, 0.33190128207206726, 0.9358676075935364, 0.11829349398612976, 0.06325166672468185, -0.14719891548156738, 0.9870824813842773),
            ["UpperTorso"] = CFrame.new(1.862645149230957e-08, 8.940696716308594e-08, -7.450580596923828e-09, 0.997025728225708, 0.035748351365327835, -0.06827688217163086, -0.02126554772257805, 0.9791303277015686, 0.20211832225322723, 0.07407734543085098, -0.2000652402639389, 0.9769783020019531),
            ["HumanoidRootPart"] = CFrame.new(0, 0, 0, 1, 0, 0, 0, 1, 0, 0, 0, 1),
            ["RightHand"] = CFrame.new(-6.109476089477539e-07, 0, 1.1920928955078125e-07, 0.998870313167572, 0.027053918689489365, -0.039067503064870834, -0.029261868447065353, 0.9979397654533386, -0.05709683150053024, 0.037442274391651154, 0.058175504207611084, 0.9976040124893188),
            ["LeftUpperArm"] = CFrame.new(5.960464477539063e-08, -4.76837158203125e-07, 2.9802322387695312e-08, 0.8507269620895386, 0.3856300711631775, -0.3571460545063019, -0.4041760563850403, 0.9143524765968323, 0.02452300302684307, 0.33601412177085876, 0.12348752468824387, 0.9337266683578491),
            ["RightLowerArm"] = CFrame.new(5.364418029785156e-07, -4.172325134277344e-07, 8.940696716308594e-08, 1, -5.587936158235607e-08, 0, 4.4703490686970326e-08, 0.8717768788337708, -0.4899033010005951, 7.450581485102248e-09, 0.4899033010005951, 0.8717768788337708),
            ["LeftHand"] = CFrame.new(0, -2.980232238769531e-07, -1.1920928955078125e-07, 0.9944689869880676, -0.10502436012029648, 0.0012089614756405354, 0.10488774627447128, 0.9936444759368896, 0.040857650339603424, -0.005492212250828743, -0.0405048169195652, 0.9991642832756042),
            ["RightUpperLeg"] = CFrame.new(-1.1920928955078125e-07, -2.471060724928975e-07, -1.4500983525067568e-08, 0.9102684259414673, -0.3129422962665558, -0.27106907963752747, 0.28108254075050354, 0.947832465171814, -0.15035399794578552, 0.3039802610874176, 0.06066957488656044, 0.95074462890625),
            ["LeftUpperLeg"] = CFrame.new(-1.7881393432617188e-07, -9.881332516670227e-07, -1.4901161193847656e-08, 0.979232132434845, 0.2019730657339096, 0.017647361382842064, -0.16241493821144104, 0.8335742354393005, -0.5279913544654846, -0.12135045230388641, 0.5141604542732239, 0.8490663170814514),
            ["RightLowerLeg"] = CFrame.new(2.7008354663848877e-08, -0.0000036954879760742188, -0.000013232398487161845, 1, -5.960464477539063e-08, -4.470348358154297e-08, 8.00937343115038e-08, 0.7182088494300842, 0.6958276033401489, -5.5879347371501353e-08, -0.6958276033401489, 0.718208909034729),
            ["RightFoot"] = CFrame.new(-8.940696716308594e-08, 2.980232238769531e-07, -1.3205863069742918e-08, 0.9601280093193054, 0.27950000762939453, -0.005827783606946468, -0.2587679326534271, 0.8806343674659729, -0.3968908190727234, -0.10579882562160492, 0.38257408142089844, 0.9178473949432373),
            ["LeftLowerLeg"] = CFrame.new(-1.7136335372924805e-07, 0.000004291534423828125, 0.00001306086778640747, 1, 7.078050856534901e-08, 9.31322685637781e-10, -4.8428766774577525e-08, 0.7607523798942566, 0.6490424275398254, 3.725289943190546e-08, -0.6490423083305359, 0.7607522010803223),
        }},
        {Time = 0.133, Data = {
            ["LeftFoot"] = CFrame.new(-1.1175870895385742e-08, 0, 1.1175870895385742e-08, 0.9891013503074646, -0.11727745831012726, -0.08902011811733246, 0.10266905277967453, 0.9827340245246887, -0.15392501652240753, 0.10553517937660217, 0.14310789108276367, 0.9840642809867859),
            ["LeftLowerArm"] = CFrame.new(-5.364418029785156e-07, -9.5367431640625e-07, 8.940696716308594e-08, 1, -4.6566128730773926e-08, 4.4703462265260896e-08, 1.4901154088420299e-08, 0.8228933811187744, -0.5681958794593811, -8.940692453052179e-08, 0.5681958794593811, 0.8228933215141296),
            ["LowerTorso"] = CFrame.new(-0.11357764154672623, -0.15560543537139893, -0.17776578664779663, 0.9758366346359253, -0.03201765939593315, -0.2161429077386856, 0.021065952256321907, 0.9983837008476257, -0.05278445780277252, 0.21748358011245728, 0.04695574566721916, 0.974933922290802),
            ["Head"] = CFrame.new(3.725290298461914e-08, 9.5367431640625e-07, -1.0523945093154907e-07, 0.9656466841697693, -0.01869509369134903, 0.2591853439807892, 0.017704175785183907, 0.9998243451118469, 0.006157166324555874, -0.2592550814151764, -0.00135697890073061, 0.9658080339431763),
            ["RightUpperArm"] = CFrame.new(0, -7.152557373046875e-07, 5.587935447692871e-08, 0.9369897246360779, -0.3257705271244049, -0.1261902004480362, 0.3417747914791107, 0.9296122789382935, 0.13788115978240967, 0.07239033281803131, -0.1723218709230423, 0.9823771715164185),
            ["UpperTorso"] = CFrame.new(2.9802322387695312e-08, 2.682209014892578e-07, 1.1175870895385742e-08, 0.996794581413269, 0.04507630690932274, -0.06609620898962021, -0.031118350103497505, 0.9795572757720947, 0.19874408841133118, 0.07370360195636749, -0.19605016708374023, 0.9778201580047607),
            ["HumanoidRootPart"] = CFrame.new(0, 0, 0, 1, 0, 0, 0, 1, 0, 0, 0, 1),
            ["RightHand"] = CFrame.new(-4.3958425521850586e-07, -5.960464477539063e-08, 2.9802322387695312e-08, 0.9989681839942932, 0.026055462658405304, -0.03719731420278549, -0.027839096263051033, 0.9984465837478638, -0.04826546460390091, 0.03588191419839859, 0.049251213669776917, 0.9981417059898376),
            ["LeftUpperArm"] = CFrame.new(0, -3.5762786865234375e-07, -4.470348358154297e-08, 0.8636674284934998, 0.3703669309616089, -0.34191685914993286, -0.39657893776893616, 0.9179708957672119, -0.007388448342680931, 0.31113335490226746, 0.1419781595468521, 0.9397012591362),
            ["RightLowerArm"] = CFrame.new(5.960464477539062e-07, 5.960464477539062e-07, 4.470348358154297e-07, 1, -5.960464477539063e-08, -2.2351741790771484e-08, 7.450579886381092e-08, 0.8753179907798767, -0.4835478663444519, 0, 0.4835478663444519, 0.8753179311752319),
            ["LeftHand"] = CFrame.new(0, 0, 0, 0.9903846979141235, -0.13294266164302826, -0.03826802968978882, 0.1344720423221588, 0.9900844097137451, 0.040622860193252563, 0.032488077878952026, -0.045378200709819794, 0.9984414577484131),
            ["RightUpperLeg"] = CFrame.new(0, 1.0896474123001099e-07, 5.75528247281909e-09, 0.9103012084960938, -0.3286427855491638, -0.2516862750053406, 0.303710013628006, 0.943382978439331, -0.1333746761083603, 0.28126877546310425, 0.04497138038277626, 0.958574652671814),
            ["LeftUpperLeg"] = CFrame.new(-2.980232238769531e-07, -2.8870999813079834e-07, 0, 0.9819254279136658, 0.18795375525951385, 0.022267738357186317, -0.14908167719841003, 0.8405501246452332, -0.5208168029785156, -0.11660661548376083, 0.5080835819244385, 0.8533779978752136),
            ["RightLowerLeg"] = CFrame.new(1.1175870895385742e-08, -0.0000035762786865234375, -0.00001337954745395109, 1, -1.0430814256778831e-07, -4.470350489782504e-08, 1.4156105976326216e-07, 0.7104107737541199, 0.7037869095802307, 6.332994928470725e-08, -0.7037872076034546, 0.7104112505912781),
            ["RightFoot"] = CFrame.new(1.4901161193847656e-08, 3.5762786865234375e-07, -2.8107024263590574e-08, 0.9480407238006592, 0.317971408367157, -0.010634537786245346, -0.3020040690898895, 0.8889142274856567, -0.3444196581840515, -0.10006214678287506, 0.3297358751296997, 0.9387556314468384),
            ["LeftLowerLeg"] = CFrame.new(2.2351741790771484e-08, 0.0000035762786865234375, 0.00001341104507446289, 1, 6.519256601222878e-08, 1.8626460374093767e-08, -6.705522537231445e-08, 0.7391311526298523, 0.6735612750053406, 7.450580596923828e-09, -0.6735615134239197, 0.739131510257721),
        }},
        {Time = 0.167, Data = {
            ["LeftFoot"] = CFrame.new(-6.891787052154541e-08, -5.960464477539063e-08, 8.195638656616211e-08, 0.9882352352142334, -0.10409615933895111, -0.11205019801855087, 0.08083529770374298, 0.9774419069290161, -0.19512325525283813, 0.12983427941799164, 0.18377016484737396, 0.9743571281433105),
            ["LeftLowerArm"] = CFrame.new(-0.0000010728836059570312, 0.0000010728836059570312, -1.1920928955078125e-07, 1, -2.793966658032332e-08, 1.4901154088420299e-08, 2.9802315282267955e-08, 0.8139026165008545, -0.5810012817382812, -2.607702498380604e-08, 0.5810012817382812, 0.8139026165008545),
            ["LowerTorso"] = CFrame.new(-0.12057770043611526, -0.15285861492156982, -0.24251417815685272, 0.9818770289421082, -0.033176716417074203, -0.18659262359142303, 0.023510942235589027, 0.9982760548591614, -0.05377849191427231, 0.1880551427602768, 0.048416897654533386, 0.9809643626213074),
            ["Head"] = CFrame.new(5.21540641784668e-08, 4.76837158203125e-07, -1.3131648302078247e-07, 0.9732111096382141, -0.014812394976615906, 0.2294360101222992, 0.013602593913674355, 0.9998840093612671, 0.006853767205029726, -0.2295110523700714, -0.0035492246970534325, 0.9732996225357056),
            ["RightUpperArm"] = CFrame.new(0, -2.384185791015625e-07, -2.9802322387695312e-08, 0.9340219497680664, -0.3232446610927582, -0.1520395427942276, 0.3451577126979828, 0.9263186454772949, 0.15099632740020752, 0.09202830493450165, -0.19351154565811157, 0.9767723083496094),
            ["UpperTorso"] = CFrame.new(2.9802322387695312e-08, 2.980232238769531e-07, -5.587935447692871e-09, 0.9967789053916931, 0.04790683090686798, -0.06431742012500763, -0.03481195494532585, 0.9809439182281494, 0.19114738702774048, 0.07224901765584946, -0.18829263746738434, 0.9794519543647766),
            ["HumanoidRootPart"] = CFrame.new(0, 0, 0, 1, 0, 0, 0, 1, 0, 0, 0, 1),
            ["RightHand"] = CFrame.new(-3.129243850708008e-07, 5.960464477539062e-07, 1.341104507446289e-07, 0.9991076588630676, 0.024990826845169067, -0.034050118178129196, -0.02627529948949814, 0.9989392757415771, -0.03781392052769661, 0.03306902199983597, 0.038674864917993546, 0.9987045526504517),
            ["LeftUpperArm"] = CFrame.new(0, -4.76837158203125e-07, 1.4901161193847656e-08, 0.8742504715919495, 0.35852888226509094, -0.32732728123664856, -0.3906777799129486, 0.9198254942893982, -0.035946495831012726, 0.2881961464881897, 0.15930573642253876, 0.9442270398139954),
            ["RightLowerArm"] = CFrame.new(-3.5762786865234375e-07, -1.1920928955078125e-07, 2.682209014892578e-07, 1, -1.192093321833454e-07, -2.2351747119842003e-08, 6.70552182668871e-08, 0.8810585141181946, -0.4730074107646942, 4.470347647611561e-08, 0.47300735116004944, 0.8810585737228394),
            ["LeftHand"] = CFrame.new(1.1920928955078125e-07, -1.1920928955078125e-07, 1.1920928955078125e-07, 0.9850592017173767, -0.1571120023727417, -0.07052922993898392, 0.16006819903850555, 0.9863591194152832, 0.03839176520705223, 0.06353526562452316, -0.04910772666335106, 0.9967706203460693),
            ["RightUpperLeg"] = CFrame.new(1.1920928955078125e-07, 2.514570951461792e-08, -1.6952981241047382e-09, 0.9132981896400452, -0.33725103735923767, -0.22835944592952728, 0.3132855296134949, 0.9399785995483398, -0.13525070250034332, 0.26026639342308044, 0.05198230594396591, 0.96413654088974),
            ["LeftUpperLeg"] = CFrame.new(-2.980232238769531e-07, -5.401670932769775e-07, 8.940696716308594e-08, 0.9842854142189026, 0.17487919330596924, 0.024485470727086067, -0.1378941833972931, 0.8478140234947205, -0.5120513439178467, -0.11030619591474533, 0.5006282925605774, 0.8586058020591736),
            ["RightLowerLeg"] = CFrame.new(6.705522537231445e-08, -0.0000034570693969726562, -0.000013290140486788005, 1, -1.005828522693264e-07, -1.4901164746561335e-08, 8.56816981809061e-08, 0.6873629689216614, 0.726313591003418, -8.195640788244418e-08, -0.726314127445221, 0.6873635649681091),
            ["RightFoot"] = CFrame.new(7.450580596923828e-09, 3.5762786865234375e-07, -5.75528247281909e-09, 0.9408366084098816, 0.33886000514030457, 0.0006507563521154225, -0.3211134672164917, 0.8921737670898438, -0.3176663815975189, -0.10822520405054092, 0.2986636161804199, 0.94820237159729),
            ["LeftLowerLeg"] = CFrame.new(2.9802322387695312e-08, 0.0000037550926208496094, 0.000013388693332672119, 1, 6.239859828838235e-08, 7.450585037815927e-09, -7.450580596923828e-08, 0.718191385269165, 0.6958451271057129, 1.1175870895385742e-08, -0.6958457231521606, 0.7181918621063232),
        }},
        {Time = 0.200, Data = {
            ["LeftFoot"] = CFrame.new(-3.3527612686157227e-08, 0, 3.166496753692627e-08, 0.98546302318573, -0.0977587178349495, -0.1389458328485489, 0.06413824111223221, 0.9714135527610779, -0.22856514155864716, 0.15731830894947052, 0.2163311392068863, 0.9635621905326843),
            ["LeftLowerArm"] = CFrame.new(-3.8743019104003906e-07, 2.384185791015625e-07, -3.5762786865234375e-07, 1, -6.891784920526334e-08, -4.4703469370688254e-08, 4.4703462265260896e-08, 0.8060984015464783, -0.591781497001648, 2.048908598339949e-08, 0.5917814373970032, 0.806098461151123),
            ["LowerTorso"] = CFrame.new(-0.1174999251961708, -0.15569913387298584, -0.30598416924476624, 0.9899130463600159, -0.028201764449477196, -0.13884136080741882, 0.020983848720788956, 0.9983645081520081, -0.053179092705249786, 0.14011402428150177, 0.04972924664616585, 0.9888858199119568),
            ["Head"] = CFrame.new(5.21540641784668e-08, 9.5367431640625e-07, -1.3690441846847534e-07, 0.981096625328064, -0.006880257278680801, 0.19339613616466522, 0.007160157430917025, 0.9999741911888123, -0.0007483038934879005, -0.19338610768318176, 0.0021189351100474596, 0.9811204671859741),
            ["RightUpperArm"] = CFrame.new(1.1920928955078125e-07, -1.1920928955078125e-07, -7.450580596923828e-09, 0.9338864684104919, -0.3168833553791046, -0.16565361618995667, 0.34140464663505554, 0.927928626537323, 0.14963790774345398, 0.10629694908857346, -0.196299746632576, 0.9747653007507324),
            ["UpperTorso"] = CFrame.new(2.9802322387695312e-08, 3.5762786865234375e-07, 7.078051567077637e-08, 0.9962957501411438, 0.04351602867245674, -0.0741695687174797, -0.029537837952375412, 0.9832074642181396, 0.18008540570735931, 0.08076067268848419, -0.17722748219966888, 0.9808508157730103),
            ["HumanoidRootPart"] = CFrame.new(0, 0, 0, 1, 0, 0, 0, 1, 0, 0, 0, 1),
            ["RightHand"] = CFrame.new(-7.636845111846924e-07, 1.7881393432617188e-07, 1.7881393432617188e-07, 0.9992352724075317, 0.029620124027132988, -0.025527281686663628, -0.03027353435754776, 0.9992137551307678, -0.025604022666811943, 0.024748817086219788, 0.026357237249612808, 0.9993462562561035),
            ["LeftUpperArm"] = CFrame.new(-2.384185791015625e-07, 1.1920928955078125e-07, -7.450580596923828e-09, 0.8833536505699158, 0.3563683032989502, -0.3044470548629761, -0.39344123005867004, 0.9168005585670471, -0.06841625273227692, 0.25473588705062866, 0.18021780252456665, 0.9500690698623657),
            ["RightLowerArm"] = CFrame.new(3.5762786865234375e-07, 7.152557373046875e-07, 4.470348358154297e-07, 1, -4.470348358154297e-08, -1.1175869119028903e-08, 1.4901162970204496e-08, 0.8961540460586548, -0.4437430799007416, 7.450581485102248e-09, 0.4437430799007416, 0.8961541056632996),
            ["LeftHand"] = CFrame.new(5.960464477539063e-08, 4.172325134277344e-07, 5.960464477539063e-08, 0.978775680065155, -0.18253400921821594, -0.09316445887088776, 0.18524260818958282, 0.9824634194374084, 0.021231219172477722, 0.087655209004879, -0.03803873062133789, 0.9954243898391724),
            ["RightUpperLeg"] = CFrame.new(1.1920928955078125e-07, 4.76837158203125e-07, -1.6952981241047382e-09, 0.9160177707672119, -0.33911558985710144, -0.21427136659622192, 0.3092792332172394, 0.9372240900993347, -0.16111402213573456, 0.2554563283920288, 0.08131341636180878, 0.9633951187133789),
            ["LeftUpperLeg"] = CFrame.new(-1.1920928955078125e-07, -5.979090929031372e-07, 5.960464477539063e-08, 0.9877523183822632, 0.1555050164461136, 0.012789363972842693, -0.12766490876674652, 0.8525913953781128, -0.506744384765625, -0.08970540016889572, 0.4989050030708313, 0.8620015382766724),
            ["RightLowerLeg"] = CFrame.new(2.2351741790771484e-08, -0.0000036954879760742188, -0.0000133199428091757, 1, -8.381900329368364e-08, -5.96046660916727e-08, 1.1920928955078125e-07, 0.6494988203048706, 0.760361909866333, -8.940696716308594e-08, -0.7603625655174255, 0.6494997143745422),
            ["RightFoot"] = CFrame.new(5.960464477539063e-08, 4.172325134277344e-07, 4.639878170564771e-08, 0.9434255957603455, 0.33005863428115845, 0.031774554401636124, -0.3018401563167572, 0.894512414932251, -0.32975703477859497, -0.13726192712783813, 0.3015110194683075, 0.9435309767723083),
            ["LeftLowerLeg"] = CFrame.new(1.2293457984924316e-07, 0.000003874301910400391, 0.000013135373592376709, 1, 8.195637946073475e-08, 1.4901170075631853e-08, -6.332994928470725e-08, 0.6996440887451172, 0.7144909501075745, 1.4901164746561335e-08, -0.7144916653633118, 0.6996447443962097),
        }},
        {Time = 0.233, Data = {
            ["LeftFoot"] = CFrame.new(4.284083843231201e-08, 0, -1.4901161193847656e-08, 0.9808878898620605, -0.09594792872667313, -0.1692717969417572, 0.05203329399228096, 0.9676281809806824, -0.24695782363414764, 0.18748725950717926, 0.2334301918745041, 0.9541273713111877),
            ["LeftLowerArm"] = CFrame.new(-2.980232238769531e-07, 5.960464477539062e-07, 1.9744038581848145e-07, 1, -6.239861249923706e-08, 7.450579886381092e-08, 6.705519695060502e-08, 0.80204838514328, -0.5972591042518616, 2.142040855801497e-08, 0.5972590446472168, 0.80204838514328),
            ["LowerTorso"] = CFrame.new(-0.10895353555679321, -0.16168558597564697, -0.3624611496925354, 0.997475266456604, -0.018039576709270477, -0.06868520379066467, 0.014504381455481052, 0.9985612034797668, -0.05162481218576431, 0.06951766461133957, 0.05049823224544525, 0.9963018298149109),
            ["Head"] = CFrame.new(2.9802322387695312e-08, 3.5762786865234375e-07, -6.51925802230835e-08, 0.9885103702545166, 0.0033833254128694534, 0.15111541748046875, -0.0016564937541261315, 0.9999319911003113, -0.011551587842404842, -0.15114428102970123, 0.011168585158884525, 0.9884486794471741),
            ["RightUpperArm"] = CFrame.new(0, -8.344650268554688e-07, -3.725290298461914e-09, 0.9366014003753662, -0.3134358525276184, -0.1566397249698639, 0.3342832326889038, 0.9332826733589172, 0.13129454851150513, 0.10503670573234558, -0.1753326654434204, 0.9788901209831238),
            ["UpperTorso"] = CFrame.new(3.91155481338501e-08, 1.1920928955078125e-07, 2.7008354663848877e-08, 0.9945031404495239, 0.03298254311084747, -0.09937677532434464, -0.015937237069010735, 0.9857156276702881, 0.16766273975372314, 0.10348715633153915, -0.16515730321407318, 0.9808228611946106),
            ["HumanoidRootPart"] = CFrame.new(0, 0, 0, 1, 0, 0, 0, 1, 0, 0, 0, 1),
            ["RightHand"] = CFrame.new(-3.359746187925339e-07, 7.152557373046875e-07, 1.0803341865539551e-07, 0.9990781545639038, 0.04206831008195877, -0.00855181459337473, -0.042164143174886703, 0.9990462064743042, -0.011355527676641941, 0.008065931499004364, 0.011705644428730011, 0.9998990297317505),
            ["LeftUpperArm"] = CFrame.new(0, -5.960464477539062e-07, -1.862645149230957e-08, 0.890753448009491, 0.35973209142684937, -0.2777610719203949, -0.4004437029361725, 0.9102500677108765, -0.10530820488929749, 0.21494922041893005, 0.20503132045269012, 0.9548607468605042),
            ["RightLowerArm"] = CFrame.new(2.980232238769531e-07, 5.960464477539063e-08, 4.023313522338867e-07, 1, -3.5390257835388184e-08, 2.607702853651972e-08, 2.9802322387695312e-08, 0.9210712909698486, -0.3893941640853882, -2.2351741790771484e-08, 0.3893941342830658, 0.9210712313652039),
            ["LeftHand"] = CFrame.new(-1.7881393432617188e-07, 1.7881393432617188e-07, 1.1920928955078125e-07, 0.9712300300598145, -0.21170058846473694, -0.10906530916690826, 0.21131359040737152, 0.9772997498512268, -0.015228154137730598, 0.10981326550245285, -0.008256824687123299, 0.9939179420471191),
            ["RightUpperLeg"] = CFrame.new(0, -1.2479722499847412e-07, 2.438173396512866e-08, 0.9180667400360107, -0.3273569643497467, -0.22358651459217072, 0.2852335274219513, 0.9371621608734131, -0.20092058181762695, 0.2753095030784607, 0.12068396806716919, 0.953750491142273),
            ["LeftUpperLeg"] = CFrame.new(-1.7881393432617188e-07, -7.422640919685364e-07, 8.940696716308594e-08, 0.9918487071990967, 0.12642636895179749, -0.015890398994088173, -0.11697865277528763, 0.8540141582489014, -0.5069279670715332, -0.05051833763718605, 0.5046546459197998, 0.8618420362472534),
            ["RightLowerLeg"] = CFrame.new(7.450580596923828e-08, -0.0000037550926208496094, -0.000013364646292757243, 1, -6.89178563106907e-08, -1.6391281576488836e-07, 1.6018744020129816e-07, 0.6247583627700806, 0.780817985534668, -1.1175868053214799e-07, -0.7808182239532471, 0.6247586011886597),
            ["RightFoot"] = CFrame.new(2.2351741790771484e-08, 2.980232238769531e-07, 8.214556146413088e-09, 0.9579258561134338, 0.28242069482803345, 0.051153965294361115, -0.24176588654518127, 0.8900364637374878, -0.38650253415107727, -0.15468522906303406, 0.35787391662597656, 0.9208687543869019),
            ["LeftLowerLeg"] = CFrame.new(5.8673322200775146e-08, 0.000003874301910400391, 0.000013120472431182861, 1, 7.008202373981476e-08, 2.6077040971017595e-08, -5.1222752261992355e-08, 0.6876565217971802, 0.7260358333587646, 1.862645504502325e-08, -0.7260361909866333, 0.687656819820404),
        }},
        {Time = 0.267, Data = {
            ["LeftFoot"] = CFrame.new(-2.8870999813079834e-08, -5.960464477539063e-08, -6.705522537231445e-08, 0.9740958213806152, -0.09830521047115326, -0.20365026593208313, 0.04534992575645447, 0.9671930074691772, -0.24996210634708405, 0.22154176235198975, 0.2342517077922821, 0.9465968012809753),
            ["LeftLowerArm"] = CFrame.new(-5.066394805908203e-07, -5.364418029785156e-07, -1.2665987014770508e-07, 1, -4.0978189730367376e-08, -4.470347647611561e-08, 3.725287456290971e-08, 0.8045575022697449, -0.5938749313354492, 1.0244541215342906e-08, 0.5938748121261597, 0.8045574426651001),
            ["LowerTorso"] = CFrame.new(-0.09596911072731018, -0.16701507568359375, -0.40918171405792236, 0.999904990196228, -0.005096823908388615, 0.012808116152882576, 0.005724808666855097, 0.9987586140632629, -0.04948174208402634, -0.012540016323328018, 0.049550365656614304, 0.9986929297447205),
            ["Head"] = CFrame.new(4.563480615615845e-08, 4.76837158203125e-07, -2.1420419216156006e-08, 0.9945655465126038, 0.014959403313696384, 0.10303207486867905, -0.012888135388493538, 0.9997018575668335, -0.02073964662849903, -0.10331166535615921, 0.019299067556858063, 0.9944617748260498),
            ["RightUpperArm"] = CFrame.new(1.1920928955078125e-07, -8.344650268554688e-07, 6.705522537231445e-08, 0.9395535588264465, -0.31248316168785095, -0.13997714221477509, 0.32722458243370056, 0.9398126006126404, 0.09836926311254501, 0.10081353038549423, -0.138227179646492, 0.9852562546730042),
            ["UpperTorso"] = CFrame.new(2.7474015951156616e-08, 3.2782554626464844e-07, 1.57160684466362e-08, 0.9914740920066833, 0.01653439551591873, -0.12925070524215698, 0.003849081229418516, 0.9877675771713257, 0.1558862179517746, 0.13024713099002838, -0.15505462884902954, 0.9792822599411011),
            ["HumanoidRootPart"] = CFrame.new(0, 0, 0, 1, 0, 0, 0, 1, 0, 0, 0, 1),
            ["RightHand"] = CFrame.new(-5.755573511123657e-07, 4.172325134277344e-07, 5.960464477539063e-08, 0.9982568025588989, 0.05686202645301819, 0.015818269923329353, -0.05694245547056198, 0.9983665347099304, 0.00468439282849431, -0.015526039525866508, -0.005576975643634796, 0.9998639822006226),
            ["LeftUpperArm"] = CFrame.new(0, -3.5762786865234375e-07, -1.1920928955078125e-07, 0.8931118845939636, 0.35993725061416626, -0.26980817317962646, -0.40403735637664795, 0.9055447578430176, -0.1293930858373642, 0.1977500170469284, 0.22457508742809296, 0.954180896282196),
            ["RightLowerArm"] = CFrame.new(0, 1.1920928955078125e-07, 3.2782554626464844e-07, 1, -1.1175870895385742e-08, -3.352762334429826e-08, 1.1175870895385742e-08, 0.9468274712562561, -0.3217417597770691, 7.450580596923828e-09, 0.3217417895793915, 0.9468275308609009),
            ["LeftHand"] = CFrame.new(-5.960464477539063e-08, 1.7881393432617188e-07, -1.7881393432617188e-07, 0.9644041061401367, -0.235772505402565, -0.11973366141319275, 0.23049624264240265, 0.9714400768280029, -0.05635353550314903, 0.12960074841976166, 0.026749486103653908, 0.9912053942680359),
            ["RightUpperLeg"] = CFrame.new(0, 4.7660432755947113e-07, -9.110226528719068e-08, 0.9190869927406311, -0.30655696988105774, -0.24759253859519958, 0.24651549756526947, 0.937486469745636, -0.24566103518009186, 0.30742383003234863, 0.16474847495555878, 0.9372025728225708),
