return {
    ["Fishy Flourish"] = {
        [1] = {Time = 0.000, Data = {
            ["LeftFoot"] = CFrame.new(-1.862645149230957e-09, 0, -1.4901161193847656e-08, 0.9952232241630554, -0.09453237056732178, 0.024379912763834, 0.08791181445121765, 0.7592080235481262, -0.644883394241333, 0.04245294630527496, 0.6439462900161743, 0.7638921141624451),
            ["LeftLowerArm"] = CFrame.new(-5.960464477539062e-07, -7.152557373046875e-07, -2.9802322387695312e-08, 1, -8.475037560629062e-08, 5.0291429687376876e-08, 6.891787762697277e-08, 0.35896775126457214, -0.9333500266075134, 6.007031316812572e-08, 0.9333500266075134, 0.3589678108692169),
            ["LowerTorso"] = CFrame.new(-0.026638925075531006, -0.2895946502685547, 0.35028234124183655, 0.9551287293434143, -0.2534295916557312, 0.15330533683300018, 0.2555222511291504, 0.9667831659317017, 0.006228247191756964, -0.1497914344072342, 0.03322414681315422, 0.9881592392921448),
            ["Head"] = CFrame.new(-1.0244548320770264e-08, -1.1920928955078125e-07, -1.2665987014770508e-07, 0.9734817743301392, 0.07212222367525101, -0.21709805727005005, -0.132470965385437, 0.9514214992523193, -0.27793627977371216, 0.18650633096694946, 0.29932522773742676, 0.9357456564903259),
            ["RightUpperArm"] = CFrame.new(0, -4.76837158203125e-07, -1.6763806343078613e-08, 0.798542857170105, -0.5448529124259949, 0.2558608651161194, 0.30511438846588135, 0.7327926158905029, 0.6082107424736023, -0.518878161907196, -0.4076155424118042, 0.7514086961746216),
            ["UpperTorso"] = CFrame.new(-7.450580596923828e-09, -1.1920928955078125e-07, 0, 0.9936662912368774, -0.10600437223911285, 0.03728903457522392, 0.08904668688774109, 0.9452021718025208, 0.3141078054904938, -0.06854251772165298, -0.3087978661060333, 0.94865483045578),
            ["HumanoidRootPart"] = CFrame.new(0, 0, 0, 1, 0, 0, 0, 1, 0, 0, 0, 1),
            ["RightHand"] = CFrame.new(3.427267074584961e-07, -1.7881393432617188e-07, -2.682209014892578e-07, 0.6143245697021484, 0.30423229932785034, -0.7280407547950745, -0.396316796541214, 0.9168235063552856, 0.04870857298374176, 0.6823037266731262, 0.2586066722869873, 0.6838012337684631),
            ["LeftUpperArm"] = CFrame.new(0, -2.384185791015625e-07, -1.043081283569336e-07, 0.9363760352134705, 0.3425019681453705, -0.07676202058792114, -0.3483949303627014, 0.9335194826126099, -0.08463053405284882, 0.04267271235585213, 0.10598953068256378, 0.9934512376785278),
            ["RightLowerArm"] = CFrame.new(0, 0, 3.0547380447387695e-07, 1, -7.450595518321279e-08, 0, 1.4901157641133977e-08, 0.6686146855354309, -0.7436091303825378, 2.9802315282267955e-08, 0.7436091303825378, 0.6686145663261414),
            ["LeftHand"] = CFrame.new(1.3131648302078247e-07, 1.1920928955078125e-07, -1.564621925354004e-07, 0.4226830303668976, 0.775468647480011, -0.4690282940864563, -0.8172652721405029, 0.5498241782188416, 0.17254193127155304, 0.39168432354927063, 0.31038975715637207, 0.8661651015281677),
            ["RightUpperLeg"] = CFrame.new(-8.940696716308594e-08, -6.798654794692993e-08, 8.77116690389812e-08, 0.8246753215789795, -0.23159390687942505, -0.5160183310508728, -0.15489058196544647, 0.7849805951118469, -0.599845290184021, 0.5439848303794861, 0.5746039748191833, 0.6114824414253235),
            ["LeftUpperLeg"] = CFrame.new(2.9802322387695312e-08, -1.8440186977386475e-07, -8.195638656616211e-08, 0.9312098026275635, 0.33783671259880066, -0.13680146634578705, -0.3419186770915985, 0.6796841621398926, -0.6489384770393372, -0.12625350058078766, 0.6510728001594543, 0.748441219329834),
            ["RightLowerLeg"] = CFrame.new(6.705522537231445e-08, -0.00006020069122314453, -0.00007204541907412931, 1, -1.1175851000189141e-07, -3.539027559895658e-08, 1.266598843585598e-07, 0.3875872790813446, 0.9218328595161438, -5.2154071283894154e-08, -0.9218330383300781, 0.3875877261161804),
            ["RightFoot"] = CFrame.new(1.5087425708770752e-07, 4.172325134277344e-07, -9.480572771281004e-09, 0.9546555280685425, 0.046605709940195084, 0.29403945803642273, -0.05581362918019295, 0.9981765151023865, 0.023002179339528084, -0.29243406653404236, -0.03836118057370186, 0.9555165767669678),
            ["LeftLowerLeg"] = CFrame.new(-7.450580596923828e-08, 0.00006031990051269531, 0.00007212907075881958, 1, 8.195638656616211e-08, 3.725289943190546e-08, -8.195638656616211e-08, 0.14958056807518005, 0.988749623298645, 9.685754776000977e-08, -0.9887495636940002, 0.14958062767982483)
        }},
        [2] = {Time = 0.029, Data = {
            ["LeftFoot"] = CFrame.new(-1.4901161193847656e-08, 5.960464477539063e-08, 0, 0.9950478672981262, -0.09717106819152832, -0.020919853821396828, 0.06293098628520966, 0.778789758682251, -0.6241203546524048, 0.07693855464458466, 0.6197131872177124, 0.7810481786727905),
            ["LeftLowerArm"] = CFrame.new(-4.76837158203125e-07, 0, 4.470348358154297e-08, 1, -8.009376273321323e-08, 2.980232594040899e-08, 8.009374852235851e-08, 0.43683114647865295, -0.8995435833930969, 6.33299421792799e-08, 0.8995435833930969, 0.43683111667633057),
            ["LowerTorso"] = CFrame.new(-0.030660156160593033, -0.2564060688018799, 0.35574787855148315, 0.9274417757987976, -0.3171202540397644, 0.1982082575559616, 0.3155074715614319, 0.948057234287262, 0.04052964970469475, -0.20076552033424377, 0.02494729869067669, 0.9793215990066528),
            ["Head"] = CFrame.new(1.1920928955078125e-07, 0, -8.009374141693115e-08, 0.9482674598693848, 0.1507188081741333, -0.2794148921966553, -0.22905544936656952, 0.9342204928398132, -0.27343305945396423, 0.21982361376285553, 0.32328930497169495, 0.9204138517379761),
            ["RightUpperArm"] = CFrame.new(3.5762786865234375e-07, 2.384185791015625e-07, 1.7415732145309448e-07, 0.7672644257545471, -0.585067093372345, 0.26268190145492554, 0.2869437038898468, 0.679477334022522, 0.675258457660675, -0.5735578536987305, -0.4427269697189331, 0.6892200708389282),
            ["UpperTorso"] = CFrame.new(7.450580596923828e-08, -1.4901161193847656e-07, 1.1175870895385742e-08, 0.9923766255378723, -0.12034060060977936, 0.026585903018712997, 0.10662971436977386, 0.9465588331222534, 0.3043953776359558, -0.06179635226726532, -0.29924002289772034, 0.952174723148346),
            ["HumanoidRootPart"] = CFrame.new(0, 0, 0, 1, 0, 0, 0, 1, 0, 0, 0, 1),
            ["RightHand"] = CFrame.new(2.682209014892578e-07, 5.960464477539063e-08, 0, 0.6256967186927795, 0.36064237356185913, -0.6916901469230652, -0.46394965052604675, 0.884883463382721, 0.04168843477964401, 0.627099871635437, 0.2948191165924072, 0.7209902405738831),
            ["LeftUpperArm"] = CFrame.new(1.1920928955078125e-07, 0, -7.450580596923828e-08, 0.9457598328590393, 0.3171308934688568, -0.07047207653522491, -0.32345083355903625, 0.939445972442627, -0.11322921514511108, 0.03029622510075569, 0.12988191843032837, 0.9910665154457092),
            ["RightLowerArm"] = CFrame.new(0, -5.960464477539063e-08, 2.7939677238464355e-08, 1, -1.043083273088996e-07, 0, 8.195636524988004e-08, 0.6703910827636719, -0.7420080304145813, 3.469175879899922e-08, 0.7420079708099365, 0.6703910827636719),
            ["LeftHand"] = CFrame.new(1.2200325727462769e-07, 0, -1.1920928955078125e-07, 0.39518168568611145, 0.7929190993309021, -0.46380043029785156, -0.857437252998352, 0.4995567798614502, 0.12346800416707993, 0.3295951187610626, 0.3488873541355133, 0.8772940039634705),
            ["RightUpperLeg"] = CFrame.new(5.960464477539063e-08, -1.103617250919342e-07, 1.0261283023282886e-07, 0.761224091053009, -0.22630928456783295, -0.6077187061309814, -0.17623049020767212, 0.8296704292297363, -0.5297073125839233, 0.6240838766098022, 0.5103244781494141, 0.5916825532913208),
            ["LeftUpperLeg"] = CFrame.new(8.940696716308594e-08, -1.2200325727462769e-07, -7.450580596923828e-08, 0.9089202284812927, 0.36544498801231384, -0.20078328251838684, -0.39822977781295776, 0.6180654168128967, -0.6777966022491455, -0.12360025197267532, 0.6960210204124451, 0.7073032259941101),
            ["RightLowerLeg"] = CFrame.new(3.725290298461914e-08, -0.00006031990051269531, -0.00007203051791293547, 1, -1.1548380740578068e-07, -1.415611023958263e-07, 1.5646223516796454e-07, 0.5388376712799072, 0.8424094319343567, -9.685756907629184e-08, -0.842409610748291, 0.5388380289077759),
            ["RightFoot"] = CFrame.new(9.872019290924072e-08, 3.5762786865234375e-07, -1.6931153368204832e-08, 0.8956769704818726, 0.1455930918455124, 0.4201938509941101, -0.27642783522605896, 0.9224417805671692, 0.26961562037467957, -0.34835386276245117, -0.3576366901397705, 0.8664551377296448),
            ["LeftLowerLeg"] = CFrame.new(-1.6763806343078613e-08, 0.000060558319091796875, 0.00007225200533866882, 1, 6.705522537231445e-08, 4.0978189730367376e-08, -6.705523247774181e-08, 0.15400543808937073, 0.988070011138916, 5.2154071283894154e-08, -0.9880700707435608, 0.15400534868240356)
        }},
        [3] = {Time = 0.057, Data = {
            ["LeftFoot"] = CFrame.new(3.91155481338501e-08, -5.960464477539063e-08, -2.9802322387695312e-08, 0.9924167394638062, -0.1027587503194809, -0.06745153665542603, 0.04134563356637955, 0.7958382368087769, -0.604095995426178, 0.11575663089752197, 0.5967262387275696, 0.7940518856048584),
            ["LeftLowerArm"] = CFrame.new(-7.450580596923828e-07, -1.1920928955078125e-07, -5.960464477539063e-08, 1, -7.823112468940963e-08, 7.4505820180093e-08, 6.891787052154541e-08, 0.5426989793777466, -0.8399273753166199, 5.21540641784668e-08, 0.8399273753166199, 0.5426989197731018),
            ["LowerTorso"] = CFrame.new(-0.03492298349738121, -0.21328258514404297, 0.35857921838760376, 0.898203432559967, -0.381980836391449, 0.21753449738025665, 0.37788620591163635, 0.9237854480743408, 0.06182728707790375, -0.22457201778888702, 0.026669790968298912, 0.9740924835205078),
            ["Head"] = CFrame.new(1.9441358745098114e-08, 2.384185791015625e-07, -8.288770914077759e-08, 0.9198256134986877, 0.21565726399421692, -0.3277387022972107, -0.3115692138671875, 0.9092044830322266, -0.27617377042770386, 0.23842260241508484, 0.35614508390426636, 0.9035016894340515),
            ["RightUpperArm"] = CFrame.new(3.5762786865234375e-07, 3.5762786865234375e-07, 1.6298145055770874e-07, 0.7536063194274902, -0.6193705797195435, 0.22013089060783386, 0.30968305468559265, 0.6299358606338501, 0.7122340798377991, -0.5798050761222839, -0.46857336163520813, 0.6665321588516235),
            ["UpperTorso"] = CFrame.new(0, -2.682209014892578e-07, 1.862645149230957e-08, 0.9921318888664246, -0.12281274795532227, 0.02432085946202278, 0.10993983596563339, 0.9475622773170471, 0.3000651001930237, -0.05989745259284973, -0.2950303554534912, 0.9536086320877075),
            ["HumanoidRootPart"] = CFrame.new(0, 0, 0, 1, 0, 0, 0, 1, 0, 0, 0, 1),
            ["RightHand"] = CFrame.new(4.470348358154297e-07, 2.384185791015625e-07, -5.960464477539063e-08, 0.6585879325866699, 0.4228634536266327, -0.6224485039710999, -0.49024489521980286, 0.8686575889587402, 0.07141945511102676, 0.5708957314491272, 0.2581094205379486, 0.779395341873169),
            ["LeftUpperArm"] = CFrame.new(5.960464477539063e-08, 2.384185791015625e-07, -1.043081283569336e-07, 0.9543388485908508, 0.2874680161476135, -0.08123841881752014, -0.2955124080181122, 0.9482757449150085, -0.11595509946346283, 0.04370306804776192, 0.13466741144657135, 0.9899266958236694),
            ["RightLowerArm"] = CFrame.new(1.1920928955078125e-07, -1.1920928955078125e-07, 1.4901161193847656e-07, 1, -9.126979705342819e-08, 1.4901129219424547e-08, 5.774199252073231e-08, 0.6570637822151184, -0.7538350820541382, 3.352760913344355e-08, 0.7538350224494934, 0.6570636630058289),
            ["LeftHand"] = CFrame.new(1.0314397513866425e-07, -5.960464477539063e-08, 3.3527612686157227e-08, 0.3950309157371521, 0.7995453476905823, -0.45241352915763855, -0.8843117356300354, 0.46436840295791626, 0.04852437600493431, 0.24888411164283752, 0.38090598583221436, 0.8904872536659241),
            ["RightUpperLeg"] = CFrame.new(-2.9802322387695312e-08, -2.896413207054138e-07, 1.1751399142667651e-07, 0.7266644835472107, -0.18617106974124908, -0.6612859964370728, -0.17508874833583832, 0.880605936050415, -0.4403148889541626, 0.6643062829971313, 0.4357447922229767, 0.6073086261749268),
            ["LeftUpperLeg"] = CFrame.new(0, -4.5821070671081543e-07, -2.9802322387695312e-08, 0.877153217792511, 0.4124862849712372, -0.2458808273077011, -0.45875316858291626, 0.5684337615966797, -0.6829557418823242, -0.14194293320178986, 0.711855411529541, 0.6878328323364258),
            ["RightLowerLeg"] = CFrame.new(-2.9802322387695312e-08, -0.00005990266799926758, -0.00007224658475024626, 1, -8.195625156304231e-08, -7.357451892175959e-08, 7.4505820180093e-08, 0.7168765664100647, 0.697199821472168, -1.1175873737556685e-07, -0.6972000598907471, 0.7168769836425781),
            ["RightFoot"] = CFrame.new(9.173527359962463e-08, 2.384185791015625e-07, -2.996966941282153e-08, 0.813872754573822, 0.23485662043094635, 0.5314620733261108, -0.5493916869163513, 0.608808696269989, 0.5722938776016235, -0.18915608525276184, -0.757756233215332, 0.6245219707489014),
            ["LeftLowerLeg"] = CFrame.new(-4.936009645462036e-08, 0.000060558319091796875, 0.00007204711437225342, 1, 7.450580596923828e-08, 7.82310962677002e-08, -5.2154071283894154e-08, 0.17632201313972473, 0.9843325614929199, 8.195639367158947e-08, -0.9843326210975647, 0.17632204294204712)
        }},
        [4] = {Time = 0.086, Data = {
            ["LeftFoot"] = CFrame.new(1.3783574104309082e-07, 0, 2.9802322387695312e-08, 0.9880889058113098, -0.10865119844675064, -0.10897381603717804, 0.024180619046092033, 0.8089815974235535, -0.5873362421989441, 0.15197241306304932, 0.5777055621147156, 0.8019731640815735),
            ["LeftLowerArm"] = CFrame.new(-3.5762786865234375e-07, -1.7881393432617188e-07, 1.1920928955078125e-07, 1, -7.4505820180093e-08, 3.72529100900465e-08, 5.02914261346632e-08, 0.6380243897438049, -0.7700161933898926, 5.960465188081798e-08, 0.7700161933898926, 0.6380243897438049),
            ["LowerTorso"] = CFrame.new(-0.03954984247684479, -0.16504120826721191, 0.3593798279762268, 0.8705869317054749, -0.4430519938468933, 0.21397066116333008, 0.4382798969745636, 0.8959547877311707, 0.07194329053163528, -0.22358264029026031, 0.031146138906478882, 0.9741871953010559),
            ["Head"] = CFrame.new(1.969747245311737e-07, -1.1920928955078125e-07, -1.8905848264694214e-07, 0.8937262892723083, 0.279395192861557, -0.35098689794540405, -0.38389015197753906, 0.8811330795288086, -0.27610278129577637, 0.23212428390979767, 0.38150081038475037, 0.8947489261627197),
            ["RightUpperArm"] = CFrame.new(5.960464477539062e-07, 2.384185791015625e-07, 3.91155481338501e-08, 0.735244631767273, -0.6578797101974487, 0.163124680519104, 0.3601909875869751, 0.5831051468849182, 0.7281832098960876, -0.5741757750511169, -0.4766368567943573, 0.6656872034072876),
            ["UpperTorso"] = CFrame.new(-2.9802322387695312e-08, -2.9802322387695312e-08, -2.9802322387695312e-08, 0.9924013018608093, -0.12099544703960419, 0.022356132045388222, 0.10934243351221085, 0.9505394697189331, 0.2907213270664215, -0.05642644688487053, -0.28606775403022766, 0.9565465450286865),
            ["HumanoidRootPart"] = CFrame.new(0, 0, 0, 1, 0, 0, 0, 1, 0, 0, 0, 1),
            ["RightHand"] = CFrame.new(2.384185791015625e-07, -2.384185791015625e-07, -5.066394805908203e-07, 0.6591476202011108, 0.5034487843513489, -0.5586203932762146, -0.527807354927063, 0.8388563990592957, 0.1332196444272995, 0.5356714725494385, 0.2070249617099762, 0.8186548948287964),
            ["LeftUpperArm"] = CFrame.new(1.7881393432617188e-07, 0, -1.7881393432617188e-07, 0.9573130011558533, 0.27239543199539185, -0.09670853614807129, -0.2812855839729309, 0.9549415111541748, -0.09468381106853485, 0.0665595605969429, 0.1178448498249054, 0.9907988905906677),
            ["RightLowerArm"] = CFrame.new(-1.7881393432617188e-07, -2.384185791015625e-07, -2.086162567138672e-07, 1, -6.333004876069026e-08, 8.940677531654728e-08, 3.725289587919178e-08, 0.6665287613868713, -0.7454794645309448, 3.725289587919178e-08, 0.7454793453216553, 0.6665287017822266),
            ["LeftHand"] = CFrame.new(-7.497146725654602e-08, -1.1920928955078125e-07, -1.0058283805847168e-07, 0.4234187602996826, 0.8222869634628296, -0.3802117109298706, -0.8931020498275757, 0.4492678940296173, -0.0229585412889719, 0.1519385427236557, 0.34928879141807556, 0.9246145486831665),
            ["RightUpperLeg"] = CFrame.new(5.960464477539063e-08, 8.66129994392395e-08, 8.026108844205737e-08, 0.6870404481887817, -0.19617478549480438, -0.6996362805366516, -0.17779383063316345, 0.8882095217704773, -0.42364275455474854, 0.704531729221344, 0.415450781583786, 0.5753571391105652),
            ["LeftUpperLeg"] = CFrame.new(-5.960464477539063e-08, -1.685693860054016e-07, -9.685754776000977e-08, 0.8379202485084534, 0.47687703371047974, -0.2654769718647003, -0.5144701600074768, 0.527694821357727, -0.6759132742881775, -0.18223677575588226, 0.7029412984848022, 0.6875050663948059),
            ["RightLowerLeg"] = CFrame.new(-1.7136335372924805e-07, -0.00006008148193359375, -0.00007197091326816007, 1, -1.1175852421274612e-07, -1.862645815364772e-09, 2.980232594040899e-08, 0.7303232550621033, 0.6831014156341553, -5.2154071283894154e-08, -0.6831017732620239, 0.7303236126899719),
            ["RightFoot"] = CFrame.new(7.916241884231567e-08, 3.5762786865234375e-07, -3.742025000974536e-08, 0.8529360294342041, 0.23354896903038025, 0.4668560028076172, -0.5212388634681702, 0.4297921657562256, 0.7372831106185913, -0.028463389724493027, -0.8722005486488342, 0.4883228540420532),
            ["LeftLowerLeg"] = CFrame.new(-5.9138983488082886e-08, 0.000060558319091796875, 0.00007219333201646805, 1, 5.960464477539063e-08, 8.940695295223122e-08, -1.1175872316471214e-07, 0.21016928553581238, 0.9776650667190552, 4.4703490686970326e-08, -0.9776650667190552, 0.21016931533813477)
        }},
        [5] = {Time = 0.114, Data = {
            ["LeftFoot"] = CFrame.new(5.960464477539063e-08, -5.960464477539063e-08, 5.960464477539063e-08, 0.9829890131950378, -0.11615422368049622, -0.1422705054283142, 0.016499534249305725, 0.8273363709449768, -0.5614643692970276, 0.18292179703712463, 0.549565851688385, 0.8151791095733643),
            ["LeftLowerArm"] = CFrame.new(-2.980232238769531e-07, -5.960464477539063e-08, 3.725290298461914e-09, 1, -7.07805440924858e-08, 1.4901166522918174e-08, 4.842878098543224e-08, 0.7218719124794006, -0.6920267343521118, 1.9557775843281888e-08, 0.6920267343521118, 0.7218719720840454),
            ["LowerTorso"] = CFrame.new(-0.04519471526145935, -0.11531877517700195, 0.3589526116847992, 0.8444509506225586, -0.49858367443084717, 0.19574719667434692, 0.494152694940567, 0.8661804795265198, 0.07446178793907166, -0.20667782425880432, 0.03384968638420105, 0.9778233170509338),
            ["Head"] = CFrame.new(4.7497451305389404e-08, 4.76837158203125e-07, -3.725290298461914e-09, 0.8684736490249634, 0.33803191781044006, -0.3626127243041992, -0.44396430253982544, 0.8557978272438049, -0.2655293643474579, 0.22056570649147034, 0.3915923833847046, 0.8933119773864746),
            ["RightUpperArm"] = CFrame.new(2.384185791015625e-07, 2.384185791015625e-07, 2.123415470123291e-07, 0.7083917260169983, -0.6998047232627869, 0.09194918721914291, 0.44146695733070374, 0.5409452319145203, 0.7158808708190918, -0.5507160425186157, -0.4665314555168152, 0.692141592502594),
            ["UpperTorso"] = CFrame.new(7.450580596923828e-09, -2.086162567138672e-07, 1.862645149230957e-08, 0.9933343529701233, -0.11341498792171478, 0.020592588931322098, 0.10343748331069946, 0.9558732509613037, 0.27496737241744995, -0.050869446247816086, -0.27100443840026855, 0.9612330794334412),
            ["HumanoidRootPart"] = CFrame.new(0, 0, 0, 1, 0, 0, 0, 1, 0, 0, 0, 1),
            ["RightHand"] = CFrame.new(4.76837158203125e-07, -2.980232238769531e-07, -3.427267074584961e-07, 0.6525614857673645, 0.5747712850570679, -0.4937548041343689, -0.566743016242981, 0.8027570843696594, 0.1854526400566101, 0.5029571652412415, 0.1588047742843628, 0.8495960831642151),
            ["LeftUpperArm"] = CFrame.new(0, 0, -1.1920928955078125e-07, 0.9552827477455139, 0.27264875173568726, -0.11444470286369324, -0.2805117964744568, 0.9580302834510803, -0.05908678099513054, 0.09353158622980118, 0.08854775875806808, 0.9916709661483765),
            ["RightLowerArm"] = CFrame.new(-1.1920928955078125e-07, -5.960464477539063e-08, -2.9802322387695312e-08, 1, -3.7252977591606395e-08, 8.195620893047817e-08, 5.960463056453591e-08, 0.6892772316932678, -0.7244976758956909, -2.2351736461700966e-08, 0.7244977951049805, 0.6892772316932678),
            ["LeftHand"] = CFrame.new(7.264316082000732e-08, 3.5762786865234375e-07, 5.960464477539063e-08, 0.4559496343135834, 0.8399293422698975, -0.2943270802497864, -0.8878045678138733, 0.4524749517440796, -0.08408116549253464, 0.06255349516868591, 0.2996417284011841, 0.9519990086555481),
            ["RightUpperLeg"] = CFrame.new(-5.960464477539063e-08, -1.0989606380462646e-07, 1.1751399142667651e-07, 0.6732550263404846, -0.3261506259441376, -0.6635914444923401, -0.16357937455177307, 0.8095242977142334, -0.5638370513916016, 0.7210891842842102, 0.48815590143203735, 0.49166470766067505),
            ["LeftUpperLeg"] = CFrame.new(-5.960464477539063e-08, -3.632158041000366e-07, -5.21540641784668e-08, 0.7934086322784424, 0.5461962223052979, -0.2686494290828705, -0.5616601705551147, 0.4868306517601013, -0.6689796447753906, -0.23460742831230164, 0.6816638708114624, 0.6930323243141174),
            ["RightLowerLeg"] = CFrame.new(-1.4901161193847656e-07, -0.00006020069122314453, -0.00007188150630099699, 1, -1.490113561430917e-07, -5.960467319710006e-08, 1.0430815677864302e-07, 0.5268855094909668, 0.8499360680580139, -5.960465898624534e-08, -0.849936306476593, 0.526885986328125),
            ["RightFoot"] = CFrame.new(8.288770914077759e-08, 2.980232238769531e-07, -2.996966941282153e-08, 0.9124646782875061, 0.24431204795837402, 0.32820820808410645, -0.4091283679008484, 0.554053544998169, 0.7250074148178101, -0.004721606150269508, -0.7958242893218994, 0.6055111289024353),
            ["LeftLowerLeg"] = CFrame.new(1.1408701539039612e-08, 0.000060439109802246094, 0.00007206201553344727, 1, 8.195639367158947e-08, 9.685754776000977e-08, -1.0430814256778831e-07, 0.24093273282051086, 0.9705418348312378, 7.450581307466564e-08, -0.9705418944358826, 0.24093270301818848)
        }},
        [6] = {Time = 0.143, Data = {
            ["LeftFoot"] = CFrame.new(1.1175870895385742e-07, -5.960464477539063e-08, 1.4901161193847656e-08, 0.9772054553031921, -0.1252141147851944, -0.1714382916688919, 0.019260874018073082, 0.8565040230751038, -0.5157808065414429, 0.211420476436615, 0.5007218718528748, 0.8393921256065369),
            ["LeftLowerArm"] = CFrame.new(-2.682209014892578e-07, -2.384185791015625e-07, 5.960464477539063e-08, 1, -3.073365206773815e-08, 1.3038519597330378e-08, 4.936010356004772e-08, 0.797057569026947, -0.6039034128189087, 2.0489098417897367e-08, 0.6039034128189087, 0.7970575094223022),
            ["LowerTorso"] = CFrame.new(-0.0513019822537899, -0.06747984886169434, 0.3559418320655823, 0.8194405436515808, -0.5446395874023438, 0.17856399714946747, 0.5416054129600525, 0.8377361297607422, 0.06972776353359222, -0.18756602704524994, 0.039573460817337036, 0.9814544916152954),
            ["Head"] = CFrame.new(2.0489096641540527e-07, 2.384185791015625e-07, -1.341104507446289e-07, 0.83962082862854, 0.39489033818244934, -0.3729591369628906, -0.4989496171474457, 0.8320875763893127, -0.24223878979682922, 0.21467691659927368, 0.38947656750679016, 0.8956683874130249),
            ["RightUpperArm"] = CFrame.new(7.152557373046875e-07, 4.76837158203125e-07, 9.872019290924072e-08, 0.6780444383621216, -0.734629213809967, 0.023994792252779007, 0.5328084230422974, 0.5137328505516052, 0.6724537014961243, -0.5063308477401733, -0.44316884875297546, 0.7397502064704895),
            ["UpperTorso"] = CFrame.new(-1.1920928955078125e-07, 1.4901161193847656e-07, 2.2351741790771484e-08, 0.9946566820144653, -0.10207507014274597, 0.0154532790184021, 0.0946158692240715, 0.9612002372741699, 0.25911763310432434, -0.04130323976278305, -0.25627097487449646, 0.9657220840454102),
            ["HumanoidRootPart"] = CFrame.new(0, 0, 0, 1, 0, 0, 0, 1, 0, 0, 0, 1),
            ["RightHand"] = CFrame.new(3.129243850708008e-07, -2.384185791015625e-07, -6.109476089477539e-07, 0.6400433778762817, 0.6346627473831177, -0.4330577552318573, -0.6194658279418945, 0.7596974968910217, 0.19781921803951263, 0.45454010367393494, 0.14164382219314575, 0.8793910145759583),
            ["LeftUpperArm"] = CFrame.new(4.76837158203125e-07, 1.1920928955078125e-07, -8.195638656616211e-08, 0.9485047459602356, 0.28097668290138245, -0.14625616371631622, -0.28568732738494873, 0.9582499265670776, -0.011828647926449776, 0.13682638108730316, 0.053003113716840744, 0.9891760945320129),
            ["RightLowerArm"] = CFrame.new(0, -1.7881393432617188e-07, -2.9802322387695312e-08, 1, -7.450595518321279e-08, -1.117584691456841e-08, 4.470347292340193e-08, 0.7224980592727661, -0.6913730502128601, 3.352760558072987e-08, 0.6913731098175049, 0.7224979400634766),
            ["LeftHand"] = CFrame.new(4.377216100692749e-08, -2.384185791015625e-07, 1.4901161193847656e-08, 0.4820545017719269, 0.844700038433075, -0.2326054871082306, -0.8760354518890381, 0.4605731964111328, -0.1429484486579895, -0.01361668761819601, 0.2726795971393585, 0.962008535861969),
            ["RightUpperLeg"] = CFrame.new(0, 2.2258609533309937e-07, 1.39865733217448e-07, 0.6692295074462891, -0.4360532760620117, -0.6016556024551392, -0.1320219188928604, 0.7270435690879822, -0.6737789511680603, 0.7312333583831787, 0.5303444266319275, 0.42899036407470703),
            ["LeftUpperLeg"] = CFrame.new(-1.1920928955078125e-07, -2.9802322387695312e-08, -2.9802322387695312e-08, 0.7486465573310852, 0.6058201789855957, -0.2692771553993225, -0.5999273657798767, 0.4461926519870758, -0.664077877998352, -0.2821623384952545, 0.6587063670158386, 0.6974887251853943),
            ["RightLowerLeg"] = CFrame.new(-5.960464477539063e-08, -0.00006014108657836914, -0.00007203796849353239, 1, -1.713630268795896e-07, -7.82311460056917e-08, 2.0861628513557662e-07, 0.31329354643821716, 0.9496562480926514, -1.1920930376163597e-07, -0.9496563673019409, 0.3132939636707306),
            ["RightFoot"] = CFrame.new(7.427297532558441e-08, 1.7881393432617188e-07, 7.620110409334302e-08, 0.9426633715629578, 0.25680118799209595, 0.2131689190864563, -0.33337369561195374, 0.6943837404251099, 0.6377230286598206, 0.01574227400124073, -0.6722235679626465, 0.7401813268661499),
            ["LeftLowerLeg"] = CFrame.new(3.818422555923462e-08, 0.000060677528381347656, 0.00007208227179944515, 1, 8.195639367158947e-08, 7.450580596923828e-08, -9.685756907629184e-08, 0.2609812915325165, 0.9653439521789551, 5.960465898624534e-08, -0.9653439521789551, 0.26098117232322693)
        }},
        [7] = {Time = 0.171, Data = {
            ["LeftFoot"] = CFrame.new(3.725290298461914e-08, 5.960464477539063e-08, -5.960464477539063e-08, 0.9717654585838318, -0.13291461765766144, -0.19495032727718353, 0.030095484107732773, 0.8893136978149414, -0.4563061594963074, 0.2340216338634491, 0.43755561113357544, 0.8682045936584473),
            ["LeftLowerArm"] = CFrame.new(-3.5762786865234375e-07, -2.384185791015625e-07, -2.9802322387695312e-08, 1, -4.842878453814592e-08, 2.9802322387695312e-08, 1.7695128917694092e-08, 0.8582795262336731, -0.513182520866394, 0, 0.513182520866394, 0.8582794666290283),
            ["LowerTorso"] = CFrame.new(-0.057729125022888184, -0.02200031280517578, 0.35131406784057617, 0.7961813807487488, -0.5817241668701172, 0.16640974581241608, 0.5806196928024292, 0.8119348883628845, 0.060354333370923996, -0.1702234447002411, 0.048567768186330795, 0.9842078685760498),
            ["Head"] = CFrame.new(-7.450580596923828e-09, 2.384185791015625e-07, -2.60770320892334e-08, 0.8034425973892212, 0.452323317527771, -0.3871481120586395, -0.5534237623214722, 0.8071578741073608, -0.2054714858531952, 0.21955004334449768, 0.3793415427207947, 0.8988313674926758),
            ["RightUpperArm"] = CFrame.new(1.1920928955078125e-07, 2.384185791015625e-07, 1.5087425708770752e-07, 0.6474071741104126, -0.7615470290184021, -0.030167922377586365, 0.6215038299560547, 0.5046148300170898, 0.5992470979690552, -0.4411315321922302, -0.4067063629627228, 0.7999956011772156),
            ["UpperTorso"] = CFrame.new(5.21540641784668e-08, 8.940696716308594e-08, 3.725290298461914e-08, 0.9960837364196777, -0.088128961622715, 0.007104943506419659, 0.08370056003332138, 0.9658123850822449, 0.2453584372997284, -0.02848532423377037, -0.24380284547805786, 0.9694063663482666),
            ["HumanoidRootPart"] = CFrame.new(0, 0, 0, 1, 0, 0, 0, 1, 0, 0, 0, 1),
            ["RightHand"] = CFrame.new(5.178153514862061e-07, -2.980232238769531e-07, -2.682209014892578e-07, 0.6215505599975586, 0.6789820790290833, -0.3907025456428528, -0.6633487939834595, 0.7214950323104858, 0.1985577791929245, 0.41670525074005127, 0.1357511281967163, 0.8988472819328308),
            ["LeftUpperArm"] = CFrame.new(0, 0, -1.1175870895385742e-07, 0.9357483386993408, 0.2915228009223938, -0.19846808910369873, -0.28837308287620544, 0.9564481377601624, 0.04525522515177727, 0.20301732420921326, 0.014885355718433857, 0.9790619611740112),
            ["RightLowerArm"] = CFrame.new(-2.980232238769531e-07, 0, -1.043081283569336e-07, 1, -4.842887335598789e-08, -7.450565497890693e-09, 5.5879340266073996e-08, 0.7675175070762634, -0.6410280466079712, 3.7252894102834944e-09, 0.6410280466079712, 0.7675175070762634),
            ["LeftHand"] = CFrame.new(-5.681067705154419e-08, 2.384185791015625e-07, -1.4901161193847656e-08, 0.5094443559646606, 0.8434053659439087, -0.17068633437156677, -0.8580573201179504, 0.482956200838089, -0.17461630702018738, -0.06483831256628036, 0.23541611433029175, 0.9697296023368835),
            ["RightUpperLeg"] = CFrame.new(-1.4901161193847656e-07, -2.421438694000244e-08, 6.16346369497478e-08, 0.6654024124145508, -0.5112951397895813, -0.5438904762268066, -0.0810452252626419, 0.6748140454292297, -0.7335241436958313, 0.742072343826294, 0.5321685075759888, 0.40758493542671204),
            ["LeftUpperLeg"] = CFrame.new(-1.1920928955078125e-07, -1.955777406692505e-07, -3.725290298461914e-08, 0.706931471824646, 0.6537570357322693, -0.26990655064582825, -0.6310908198356628, 0.41074904799461365, -0.6580348014831543, -0.3193310499191284, 0.6355211138725281, 0.7029514312744141),
            ["RightLowerLeg"] = CFrame.new(-8.940696716308594e-08, -0.00006008148193359375, -0.00007190758333308622, 1, -1.788135932656587e-07, -8.195643630415361e-08, 1.6391281576488836e-07, 0.22932574152946472, 0.9733496904373169, -9.313227877782992e-08, -0.9733497500419617, 0.22932614386081696),
            ["RightFoot"] = CFrame.new(6.51925802230835e-08, 1.7881393432617188e-07, 1.1438532965257764e-07, 0.955349326133728, 0.23504313826560974, 0.17906655371189117, -0.29412710666656494, 0.698552668094635, 0.6523110270500183, 0.028229547664523125, -0.6758542060852051, 0.7364953756332397),
            ["LeftLowerLeg"] = CFrame.new(-9.778887033462524e-09, 0.000060439109802246094, 0.00007208238821476698, 1, 9.685754776000977e-08, 1.1920930376163597e-07, -9.685756197086448e-08, 0.2761715054512024, 0.9611084461212158, 7.450581485102248e-09, -0.961108386516571, 0.2761715352535248)
        }},
        [8] = {Time = 0.200, Data = {
            ["LeftFoot"] = CFrame.new(-1.4901161193847656e-08, -5.960464477539063e-08, -2.9802322387695312e-08, 0.9676963090896606, -0.1384788453578949, -0.21068358421325684, 0.04620577394962311, 0.9189087152481079, -0.39175471663475037, 0.24784858524799347, 0.36936503648757935, 0.8956230878829956),
            ["LeftLowerArm"] = CFrame.new(-4.76837158203125e-07, -3.5762786865234375e-07, -5.960464477539063e-08, 1, -4.842878453814592e-08, -3.3527619791584584e-08, 1.4901162970204496e-08, 0.9049587249755859, -0.4254993200302124, 0, 0.4254993498325348, 0.9049588441848755),
            ["LowerTorso"] = CFrame.new(-0.06440533697605133, 0.020089387893676758, 0.3456927537918091, 0.774924635887146, -0.6124271154403687, 0.15628457069396973, 0.6137471199035645, 0.78819340467453, 0.04545041546225548, -0.15101751685142517, 0.06069856137037277, 0.9866657853126526),
            ["Head"] = CFrame.new(-4.284083843231201e-08, 1.1920928955078125e-07, -9.685754776000977e-08, 0.7628483176231384, 0.5084601640701294, -0.3994130492210388, -0.60472571849823, 0.77969890832901, -0.1624085158109665, 0.22884362936019897, 0.36542847752571106, 0.9022707939147949),
            ["RightUpperArm"] = CFrame.new(2.384185791015625e-07, -1.1920928955078125e-07, 9.499490261077881e-08, 0.6113208532333374, -0.7887194752693176, -0.06487173587083817, 0.6969114542007446, 0.49769291281700134, 0.5163490176200867, -0.37496834993362427, -0.3608647584915161, 0.85391765832901),
            ["UpperTorso"] = CFrame.new(2.2351741790771484e-08, -1.1920928955078125e-07, -1.1175870895385742e-08, 0.9974995255470276, -0.07065723091363907, -0.0015297026839107275, 0.0690435916185379, 0.9696413278579712, 0.2345820665359497, -0.015091706067323685, -0.2341011017560959, 0.9720951914787292),
            ["HumanoidRootPart"] = CFrame.new(0, 0, 0, 1, 0, 0, 0, 1, 0, 0, 0, 1),
            ["RightHand"] = CFrame.new(4.6193599700927734e-07, -1.7881393432617188e-07, 5.21540641784668e-07, 0.6106606721878052, 0.7133277654647827, -0.3438701033592224, -0.7027499675750732, 0.6883266568183899, 0.17989255487918854, 0.3650154173374176, 0.13179466128349304, 0.9216246604919434),
            ["LeftUpperArm"] = CFrame.new(1.1920928955078125e-07, 1.1920928955078125e-07, -1.126900315284729e-07, 0.9177930355072021, 0.2999347150325775, -0.2601826786994934, -0.28200778365135193, 0.9536908864974976, 0.10461984574794769, 0.2795129418373108, -0.022645795717835426, 0.9598748683929443),
            ["RightLowerArm"] = CFrame.new(-2.682209014892578e-07, -5.960464477539063e-08, -1.6391277313232422e-07, 1, -2.607708537993858e-08, -2.9336598927898194e-08, 4.097818262494002e-08, 0.8092873096466064, -0.5874130725860596, 1.862644793959589e-08, 0.5874131917953491, 0.8092872500419617),
            ["LeftHand"] = CFrame.new(1.1175870895385742e-07, 1.1920928955078125e-07, 1.816079020500183e-08, 0.5531706213951111, 0.8280268907546997, -0.09150824695825577, -0.8250010013580322, 0.529249370098114, -0.1981632560491562, -0.11565378308296204, 0.18511243164539337, 0.975888192653656),
            ["RightUpperLeg"] = CFrame.new(5.960464477539063e-08, -2.7939677238464355e-08, 9.143695933744311e-08, 0.6529554724693298, -0.5667805671691895, -0.5024029612541199, -0.02783145010471344, 0.6449261903762817, -0.7637380361557007, 0.756884753704071, 0.5126695036888123, 0.40533381700515747),
            ["LeftUpperLeg"] = CFrame.new(1.1920928955078125e-07, -1.9371509552001953e-07, -2.2351741790771484e-08, 0.6676182150840759, 0.6941344141960144, -0.26919031143188477, -0.6584252119064331, 0.3817150294780731, -0.6486679315567017, -0.3475087285041809, 0.6103041768074036, 0.7118754386901855),
            ["RightLowerLeg"] = CFrame.new(-1.9371509552001953e-07, -0.00006002187728881836, -0.00007190385804278776, 1, -2.2351702000378282e-07, -1.0716038190139443e-07, 1.4156105976326216e-07, 0.20370660722255707, 0.9790319800376892, -1.3411047916633834e-07, -0.9790319800376892, 0.2037069946527481),
            ["RightFoot"] = CFrame.new(1.2665987014770508e-07, 5.364418029785156e-07, 1.1671363608911633e-07, 0.9533727169036865, 0.2155795842409134, 0.2112068086862564, -0.30171680450439453, 0.6648568511009216, 0.6833212375640869, 0.006883000954985619, -0.7151859402656555, 0.6989019513130188),
            ["LeftLowerLeg"] = CFrame.new(5.681067705154419e-08, 0.0000603795051574707, 0.0000721360556781292, 1, 1.4156101713069802e-07, 7.450580596923828e-09, -7.450581307466564e-08, 0.28873997926712036, 0.9574075937271118, 1.4901162970204496e-08, -0.957407534122467, 0.28874003887176514)
        }},
        [9] = {Time = 0.229, Data = {
            ["LeftFoot"] = CFrame.new(1.341104507446289e-07, 5.960464477539063e-08, 1.4901161193847656e-08, 0.9662078022956848, -0.14214159548282623, -0.21503154933452606, 0.06416084617376328, 0.9405806660652161, -0.3334534764289856, 0.24965183436870575, 0.30838894844055176, 0.9179163575172424),
            ["LeftLowerArm"] = CFrame.new(-3.5762786865234375e-07, -1.1920928955078125e-07, -2.9802322387695312e-08, 1, -1.862645593320167e-09, 2.980232949312267e-08, 7.4505820180093e-08, 0.9376757144927979, -0.3475116789340973, 2.980232949312267e-08, 0.3475116193294525, 0.9376757144927979),
            ["LowerTorso"] = CFrame.new(-0.07128814607858658, 0.05733990669250488, 0.34077179431915283, 0.7580509185791016, -0.6370757818222046, 0.13961836695671082, 0.6398541331291199, 0.767913818359375, 0.02991924248635769, -0.1262756884098053, 0.06665507704019547, 0.9897533059120178),
            ["Head"] = CFrame.new(7.636845111846924e-08, 3.5762786865234375e-07, -1.6391277313232422e-07, 0.716027021408081, 0.5627369284629822, -0.4130769670009613, -0.6542211174964905, 0.7473740577697754, -0.11587436497211456, 0.24351617693901062, 0.353212833404541, 0.9032943248748779),
            ["RightUpperArm"] = CFrame.new(3.5762786865234375e-07, 2.384185791015625e-07, 2.0023435354232788e-08, 0.5724273324012756, -0.8156229257583618, -0.08417975902557373, 0.7604075074195862, 0.4896412491798401, 0.42665204405784607, -0.3067692220211029, -0.30823826789855957, 0.9004898071289062),
            ["UpperTorso"] = CFrame.new(1.1175870895385742e-08, -2.9802322387695312e-08, -7.450580596923828e-09, 0.9985800385475159, -0.052576206624507904, -0.008595221675932407, 0.05318092182278633, 0.9742376804351807, 0.21916358172893524, -0.003149081487208605, -0.21930938959121704, 0.9756502509117126),
            ["HumanoidRootPart"] = CFrame.new(0, 0, 0, 1, 0, 0, 0, 1, 0, 0, 0, 1),
            ["RightHand"] = CFrame.new(8.568167686462402e-07, -1.7881393432617188e-07, 5.960464477539063e-08, 0.5991570949554443, 0.7462729215621948, -0.2899591326713562, -0.7415596842765808, 0.6538180708885193, 0.1504131257534027, 0.30182793736457825, 0.12489479780197144, 0.945145308971405),
            ["LeftUpperArm"] = CFrame.new(2.384185791015625e-07, 3.5762786865234375e-07, -1.0989606380462646e-07, 0.8976051807403564, 0.30522748827934265, -0.31802698969841003, -0.2675066292285919, 0.950622022151947, 0.15734703838825226, 0.3503499925136566, -0.05616118386387825, 0.9349335432052612),
            ["RightLowerArm"] = CFrame.new(-2.384185791015625e-07, -1.1920928955078125e-07, 7.514609023928642e-08, 1, -3.143219728940494e-08, 2.7939616842331816e-08, 3.725289587919178e-08, 0.8451834917068481, -0.5344763994216919, 0, 0.5344763994216919, 0.8451834917068481),
            ["LeftHand"] = CFrame.new(7.450580596923828e-08, 0, 0, 0.5920787453651428, 0.8055624961853027, -0.022624485194683075, -0.7928041219711304, 0.5772053599357605, -0.1956927627325058, -0.1445838063955307, 0.1338023990392685, 0.980404257774353),
            ["RightUpperLeg"] = CFrame.new(-1.7881393432617188e-07, -1.0244548320770264e-07, 9.516224963590503e-08, 0.6373283863067627, -0.6103718280792236, -0.4703811705112457, 0.012801126576960087, 0.6187171339988708, -0.7855096459388733, 0.7704859375953674, 0.49460622668266296, 0.40213945508003235),
            ["LeftUpperLeg"] = CFrame.new(0, -1.6577541828155518e-07, -4.842877388000488e-08, 0.6326959133148193, 0.7295054793357849, -0.2598413825035095, -0.6783201694488525, 0.3601909577846527, -0.6404252052307129, -0.37360113859176636, 0.5814501047134399, 0.7227295637130737),
