return {
    ["Fist Pump"] = {
        {Time = 0.000, Data = {
            ["RightFoot"] = CFrame.new(5.21540641784668e-08, 3.5762786865234375e-07, 3.894820110872388e-08, 0.9882588982582092, 0.15228435397148132, -0.012409226037561893, -0.14313939213752747, 0.8943783640861511, -0.4237900674343109, -0.0534379817545414, 0.42059123516082764, 0.9056755304336548),
            ["LeftLowerArm"] = CFrame.new(-5.960464477539063e-08, -1.1920928955078125e-07, 1.7881393432617188e-07, 1, -2.2351738238057806e-08, 5.075707321111622e-08, 1.1175873559921001e-08, 0.9911622405052185, -0.13265575468540192, -1.4435503459253596e-08, 0.1326557844877243, 0.9911621809005737),
            ["RightUpperArm"] = CFrame.new(-5.960464477539063e-08, -4.76837158203125e-07, 1.4901161193847656e-08, 0.9945803880691528, 0.05494033545255661, -0.0882691815495491, -0.04762604832649231, 0.9954162836074829, 0.08293452858924866, 0.09242097288370132, -0.07828114181756973, 0.992638111114502),
            ["Head"] = CFrame.new(8.032657206058502e-09, -2.384185791015625e-07, 1.2683449313044548e-07, 0.9372653961181641, 0.0421578474342823, 0.34605836868286133, -0.03336508944630623, 0.9989521503448486, -0.031329285353422165, -0.34701645374298096, 0.0178175438195467, 0.9376897811889648),
            ["RightHand"] = CFrame.new(1.8998980522155762e-07, 1.1920928955078125e-07, 1.7881393432617188e-07, 0.978654146194458, -0.19190213084220886, -0.07355132699012756, 0.17392019927501678, 0.9640145897865295, -0.20106667280197144, 0.10948973149061203, 0.18398267030715942, 0.9768123626708984),
            ["UpperTorso"] = CFrame.new(1.6007106751203537e-09, 5.960464477539063e-08, 1.5832483768463135e-08, 0.9965670108795166, 0.0009549001115374267, -0.08278496563434601, 0.015420940704643726, 0.9802932739257812, 0.1969449818134308, 0.08134151995182037, -0.19754546880722046, 0.9769132137298584),
            ["HumanoidRootPart"] = CFrame.new(0, 0, 0, 1, 0, 0, 0, 1, 0, 0, 0, 1),
            ["RightUpperLeg"] = CFrame.new(2.384185791015625e-07, 1.8114224076271057e-07, -1.6952981241047382e-09, 0.9272121787071228, -0.19548997282981873, -0.3194704055786133, 0.17275767028331757, 0.9800462126731873, -0.09830684959888458, 0.33231374621391296, 0.03596038743853569, 0.942483127117157),
            ["LeftUpperArm"] = CFrame.new(-1.1920928955078125e-07, 0, 5.960464477539063e-08, 0.9158490896224976, 0.1252540946006775, -0.38148653507232666, -0.09572000056505203, 0.9908149242401123, 0.0955173522233963, 0.3899464011192322, -0.05096358433365822, 0.9194262623786926),
            ["RightLowerArm"] = CFrame.new(-2.9802322387695312e-08, -4.172325134277344e-07, 2.9802322387695312e-08, 1, -2.6077035641947077e-08, 2.8638172722139643e-08, 1.3038517820973539e-08, 0.9947021007537842, -0.10279949009418488, -3.166497108963995e-08, 0.10279946029186249, 0.994702160358429),
            ["LeftHand"] = CFrame.new(7.450580596923828e-09, 2.384185791015625e-07, -4.470348358154297e-08, 0.9771817326545715, 0.16199815273284912, 0.13737767934799194, -0.14741617441177368, 0.9828880429267883, -0.11045216023921967, -0.15291988849639893, 0.08768012374639511, 0.9843412637710571),
            ["LeftFoot"] = CFrame.new(1.862645149230957e-08, -5.960464477539063e-08, -1.4901161193847656e-08, 0.9902088046073914, -0.1389668732881546, 0.013223228976130486, 0.1362123191356659, 0.982597827911377, 0.12628431618213654, -0.03054257668554783, -0.12324660271406174, 0.9919060468673706),
            ["LowerTorso"] = CFrame.new(-0.06077461317181587, -0.11319994926452637, -0.023169219493865967, 0.9634994268417358, -0.011921759694814682, -0.26744481921195984, 0.00010016919259214774, 0.9990239143371582, -0.04417214170098305, 0.2677103877067566, 0.04253304377198219, 0.9625601768493652),
            ["RightLowerLeg"] = CFrame.new(-4.0978193283081055e-08, -0.00012218952178955078, -0.00007740238652331755, 1, -9.685750512744562e-08, 2.23517560016262e-08, 4.936007869105197e-08, 0.8411268591880798, 0.5408381223678589, -1.3597305326129572e-07, -0.5408380031585693, 0.8411266803741455),
            ["LeftUpperLeg"] = CFrame.new(-1.1920928955078125e-07, -2.407468855381012e-07, -2.9802322387695312e-08, 0.986720085144043, 0.16242200136184692, 0.0016354890540242195, -0.14795422554016113, 0.9028912782669067, -0.4036048352718353, -0.06703093647956848, 0.3980029821395874, 0.9149319529533386),
            ["LeftLowerLeg"] = CFrame.new(1.9371509552001953e-07, 0.00012248754501342773, 0.00007742643356323242, 1, 3.352760202801619e-08, 9.49948883999241e-08, 2.2351736461700966e-08, 0.9460426568984985, 0.32404202222824097, 1.4901157641133977e-08, -0.32404202222824097, 0.9460427165031433),
        }},
        {Time = 0.033, Data = {
            ["RightFoot"] = CFrame.new(-1.4901161193847656e-08, 3.5762786865234375e-07, 3.149762051180005e-08, 0.9873698949813843, 0.15794408321380615, -0.01243322528898716, -0.1379166543483734, 0.8182393908500671, -0.5580885410308838, -0.07797355204820633, 0.5527549386024475, 0.829688310623169),
            ["LeftLowerArm"] = CFrame.new(1.1920928955078125e-07, 0, 5.960464477539063e-08, 1, -4.330649616690607e-08, -7.450581485102248e-09, 2.980233659855003e-08, 0.9271199703216553, -0.3747648000717163, 3.539027559895658e-08, 0.3747647702693939, 0.9271199107170105),
            ["RightUpperArm"] = CFrame.new(-5.960464477539063e-08, -4.76837158203125e-07, 6.705522537231445e-08, 0.9550677537918091, -0.0646519809961319, 0.28925058245658875, 0.06135094538331032, 0.9979062080383301, 0.020474590361118317, -0.2899685204029083, -0.0018088549841195345, 0.9570345282554626),
            ["Head"] = CFrame.new(-3.725290298461914e-08, -1.1920928955078125e-07, 1.210719347000122e-08, 0.9489457607269287, 0.029813382774591446, 0.314027339220047, 0.0028775278478860855, 0.9946639537811279, -0.10312773287296295, -0.31542620062828064, 0.0987662598490715, 0.9437963366508484),
            ["RightHand"] = CFrame.new(1.0896474123001099e-07, -2.980232238769531e-07, 7.450580596923828e-08, 0.969960629940033, -0.2402423918247223, 0.038210123777389526, 0.2420758157968521, 0.9687423706054688, -0.05419980734586716, -0.023994678631424904, 0.06182141974568367, 0.9977988004684448),
            ["UpperTorso"] = CFrame.new(-3.725290298461914e-09, 2.384185791015625e-07, 5.587935447692871e-09, 0.9963120818138123, 0.021449271589517593, -0.0830797329545021, 0.004832861479371786, 0.9526858329772949, 0.3039184808731079, 0.0856676772236824, -0.3031991422176361, 0.9490686655044556),
            ["HumanoidRootPart"] = CFrame.new(0, 0, 0, 1, 0, 0, 0, 1, 0, 0, 0, 1),
            ["RightUpperLeg"] = CFrame.new(1.7881393432617188e-07, 5.029141902923584e-08, -1.6596459317952394e-08, 0.9263458251953125, -0.23852525651454926, -0.29152876138687134, 0.1805361658334732, 0.960418164730072, -0.21214081346988678, 0.33059048652648926, 0.14388416707515717, 0.9327418208122253),
            ["LeftUpperArm"] = CFrame.new(1.1920928955078125e-07, 0, -5.960464477539063e-08, 0.9207335710525513, 0.20610938966274261, -0.3313138782978058, -0.19490301609039307, 0.9785249829292297, 0.0670948475599289, 0.3380277156829834, 0.002797626191750169, 0.9411320686340332),
            ["RightLowerArm"] = CFrame.new(-2.980232238769531e-07, 1.7881393432617188e-07, 4.470348358154297e-08, 1, -1.0768414604456211e-08, -3.0850064725029824e-09, 1.0710212272613262e-08, 0.9929901957511902, -0.11819658428430557, 4.889444848998892e-09, 0.11819656938314438, 0.992990255355835),
            ["LeftHand"] = CFrame.new(0, -1.7881393432617188e-07, -5.960464477539063e-08, 0.986680805683136, 0.06877557933330536, 0.14741426706314087, -0.05219339206814766, 0.9921609163284302, -0.11354565620422363, -0.1540677398443222, 0.10433924943208694, 0.9825357794761658),
            ["LeftFoot"] = CFrame.new(9.313225746154785e-08, 1.1920928955078125e-07, 4.936009645462036e-08, 0.988350510597229, -0.15161444246768951, 0.013276273384690285, 0.15208299458026886, 0.9872026443481445, -0.04797790199518204, -0.00583244115114212, 0.0494382306933403, 0.9987602233886719),
            ["LowerTorso"] = CFrame.new(-0.05892245098948479, -0.2189958095550537, -0.012131281197071075, 0.9650281071662903, -0.035540200769901276, -0.25972604751586914, 0.013402426615357399, 0.9961605072021484, -0.08651433140039444, 0.2618035674095154, 0.08000780642032623, 0.9617992043495178),
            ["RightLowerLeg"] = CFrame.new(1.1175870895385742e-08, -0.00012195110321044922, -0.00007742706657154486, 1, -5.960462345910855e-08, -2.2351747119842003e-08, 1.1920930376163597e-07, 0.6305736899375916, 0.7761293053627014, -4.4703490686970326e-08, -0.7761293649673462, 0.6305738687515259),
            ["LeftUpperLeg"] = CFrame.new(0, -1.471489667892456e-07, 0, 0.982994019985199, 0.173253133893013, -0.0608779713511467, -0.17579081654548645, 0.7919066548347473, -0.584791898727417, -0.05310726538300514, 0.5855486989021301, 0.8088958263397217),
            ["LeftLowerLeg"] = CFrame.new(1.4901161193847656e-07, 0.0001227259635925293, 0.00007742643356323242, 1, 4.365573147424584e-08, 8.381905303167514e-08, -5.8673322200775146e-08, 0.722871720790863, 0.6909826397895813, 8.195638656616211e-08, -0.6909822821617126, 0.7228714227676392),
        }},
        {Time = 0.067, Data = {
            ["RightFoot"] = CFrame.new(-8.940696716308594e-08, 3.5762786865234375e-07, 6.129994289949536e-08, 0.9873362183570862, 0.15815365314483643, -0.01243399828672409, -0.1279548704624176, 0.7475684285163879, -0.6517426371574402, -0.09378020465373993, 0.6450806260108948, 0.7583383321762085),
            ["LeftLowerArm"] = CFrame.new(5.960464477539063e-08, -3.5762786865234375e-07, 5.960464477539063e-08, 1, -1.4901161193847656e-08, 2.980232594040899e-08, 6.332993507385254e-08, 0.6957176923751831, -0.7183153033256531, -7.450580596923828e-09, 0.7183153629302979, 0.6957176327705383),
            ["RightUpperArm"] = CFrame.new(1.1920928955078125e-07, -3.5762786865234375e-07, 7.078051567077637e-08, 0.7580366134643555, -0.13447754085063934, 0.6381977200508118, 0.19662129878997803, 0.9801072478294373, -0.027019469067454338, -0.6218686103820801, 0.14596500992774963, 0.7693982720375061),
            ["Head"] = CFrame.new(2.2351741790771484e-08, -1.1920928955078125e-07, 9.685754776000977e-08, 0.9620653390884399, 0.02268289588391781, 0.27187463641166687, 0.03649698570370674, 0.9768796563148499, -0.21065208315849304, -0.27036693692207336, 0.21258363127708435, 0.9389941692352295),
            ["RightHand"] = CFrame.new(-2.3283064365386963e-07, 0, 7.078051567077637e-08, 0.948936939239502, -0.2731398344039917, 0.15783940255641937, 0.25951823592185974, 0.9603705406188965, 0.10167933255434036, -0.17935699224472046, -0.055525101721286774, 0.982215940952301),
            ["UpperTorso"] = CFrame.new(-9.313225746154785e-10, -1.7881393432617188e-07, 5.587935447692871e-09, 0.9960251450538635, 0.040469907224178314, -0.07934808731079102, -0.003130171447992325, 0.9061775207519531, 0.4228860139846802, 0.08901762217283249, -0.42095673084259033, 0.9027022123336792),
            ["HumanoidRootPart"] = CFrame.new(0, 0, 0, 1, 0, 0, 0, 1, 0, 0, 0, 1),
            ["RightUpperLeg"] = CFrame.new(1.7881393432617188e-07, -3.46451997756958e-07, -2.4047039914876223e-08, 0.9219908714294434, -0.2718704640865326, -0.27571597695350647, 0.19450774788856506, 0.9408807754516602, -0.2773269712924957, 0.33481284976005554, 0.20206406712532043, 0.9203643798828125),
            ["LeftUpperArm"] = CFrame.new(2.384185791015625e-07, -3.5762786865234375e-07, 2.9802322387695312e-08, 0.9163916707038879, 0.3421085774898529, -0.20781747996807098, -0.3576204478740692, 0.9329610466957092, -0.04112495854496956, 0.1798163801431656, 0.1120062917470932, 0.9773027300834656),
            ["RightLowerArm"] = CFrame.new(1.7881393432617188e-07, 6.556510925292969e-07, 2.4959444999694824e-07, 1, -1.3737007975578308e-08, 9.866199413011145e-09, 8.381904947896146e-09, 0.9743453860282898, -0.225057914853096, 4.889444848998892e-09, 0.22505788505077362, 0.9743454456329346),
            ["LeftHand"] = CFrame.new(-3.5762786865234375e-07, -1.7881393432617188e-07, 5.960464477539063e-08, 0.9872052073478699, -0.029524005949497223, 0.15669764578342438, 0.050027258694171906, 0.9904388785362244, -0.12856224179267883, -0.15140379965305328, 0.1347564309835434, 0.9792433977127075),
            ["LeftFoot"] = CFrame.new(-7.82310962677002e-08, 5.960464477539063e-08, 7.450580596923828e-09, 0.985424280166626, -0.1695902794599533, 0.013347974047064781, 0.16997402906417847, 0.9783837199211121, -0.11778886616230011, 0.00691618025302887, 0.1183408722281456, 0.9929490089416504),
            ["LowerTorso"] = CFrame.new(-0.0534302294254303, -0.32479166984558105, 0.013553604483604431, 0.9688751697540283, -0.05621922016143799, -0.24108153581619263, 0.021469665691256523, 0.9892845749855042, -0.1444132924079895, 0.24661703407764435, 0.13474251329898834, 0.9597002267837524),
            ["RightLowerLeg"] = CFrame.new(-3.725290298461914e-09, -0.0001221299171447754, -0.00007750296936137602, 1, -9.68574909165909e-08, -8.940698137394065e-08, 8.940696716308594e-08, 0.4231894910335541, 0.9060410857200623, -8.195638656616211e-08, -0.9060412049293518, 0.42318984866142273),
            ["LeftUpperLeg"] = CFrame.new(0, -6.314367055892944e-07, 7.450580596923828e-09, 0.9790211915969849, 0.16578839719295502, -0.11845606565475464, -0.20216956734657288, 0.7179020047187805, -0.6661413908004761, -0.025398436933755875, 0.6761147379875183, 0.7363585233688354),
            ["LeftLowerLeg"] = CFrame.new(1.4901161193847656e-07, 0.0001227259635925293, 0.00007736682891845703, 1, 1.7695125364980413e-08, 1.1734665861240501e-07, -1.229346082709526e-07, 0.5362656712532043, 0.8440494537353516, 7.450582373280668e-09, -0.8440492749214172, 0.53626549243927),
        }},
        {Time = 0.100, Data = {
            ["RightFoot"] = CFrame.new(6.332993507385254e-08, 3.5762786865234375e-07, -1.3205863069742918e-08, 0.9907693862915039, 0.1349961757659912, -0.012334484606981277, -0.11650878936052322, 0.8014947772026062, -0.5865419507026672, -0.0692949891090393, 0.582565188407898, 0.8098250031471252),
            ["LeftLowerArm"] = CFrame.new(-2.980232238769531e-07, 3.5762786865234375e-07, -8.940696716308594e-08, 1, -8.940690321423972e-08, 1.285224868752266e-07, 5.21540641784668e-08, 0.35221612453460693, -0.9359187483787537, 8.195638656616211e-08, 0.9359186887741089, 0.35221609473228455),
            ["RightUpperArm"] = CFrame.new(-5.960464477539063e-08, -1.1920928955078125e-07, 8.940696716308594e-08, 0.7602136135101318, -0.29436826705932617, 0.5791568160057068, 0.3407628536224365, 0.9396606087684631, 0.030309073626995087, -0.5531328320503235, 0.1743137389421463, 0.8146525621414185),
            ["Head"] = CFrame.new(0, 5.960464477539062e-07, 2.0116567611694336e-07, 0.9676498174667358, 0.04964902997016907, 0.24736370146274567, 0.00716614443808794, 0.9746419191360474, -0.2236558496952057, -0.25219523906707764, 0.2181931734085083, 0.9427562952041626),
            ["RightHand"] = CFrame.new(4.470348358154297e-08, -5.960464477539063e-08, -1.4901161193847656e-07, 0.9809061288833618, -0.18408048152923584, 0.0627497211098671, 0.18263104557991028, 0.9827784895896912, 0.02815018594264984, -0.066850945353508, -0.01615263894200325, 0.9976322650909424),
            ["UpperTorso"] = CFrame.new(-5.587935447692871e-09, -3.5762786865234375e-07, 4.377216100692749e-08, 0.9966160655021667, 0.04960400611162186, -0.06554331630468369, -0.02165851555764675, 0.9276785850524902, 0.37275123596191406, 0.07929307222366333, -0.37007027864456177, 0.9256137013435364),
            ["HumanoidRootPart"] = CFrame.new(0, 0, 0, 1, 0, 0, 0, 1, 0, 0, 0, 1),
            ["RightUpperLeg"] = CFrame.new(0, -1.4901161193847656e-07, 4.300818545743823e-08, 0.9151081442832947, -0.2525966465473175, -0.3142801821231842, 0.19461412727832794, 0.9593490362167358, -0.20438897609710693, 0.353132426738739, 0.1258746087551117, 0.92706698179245),
            ["LeftUpperArm"] = CFrame.new(2.384185791015625e-07, 4.76837158203125e-07, -2.9802322387695312e-08, 0.8537427186965942, 0.501028835773468, -0.14175184071063995, -0.5191789269447327, 0.7983441948890686, -0.30512264370918274, -0.03970852866768837, 0.3340907394886017, 0.9417040944099426),
            ["RightLowerArm"] = CFrame.new(3.5762786865234375e-07, 3.5762786865234375e-07, 1.8998980522155762e-07, 1, -7.729974527137529e-08, -3.725289587919178e-08, 5.215405707303944e-08, 0.800911545753479, -0.5987825989723206, 4.470347647611561e-08, 0.5987825989723206, 0.8009116053581238),
            ["LeftHand"] = CFrame.new(1.7881393432617188e-07, -1.1920928955078125e-07, -4.470348358154297e-07, 0.9964418411254883, 0.08107078820466995, 0.023049769923090935, -0.07576875388622284, 0.9814096093177795, -0.1763359159231186, -0.036916863173246384, 0.17396201193332672, 0.9840601682662964),
            ["LeftFoot"] = CFrame.new(-3.725290298461914e-08, 5.960464477539063e-08, -7.59027898311615e-08, 0.9853073358535767, -0.1702679693698883, 0.013350728899240494, 0.16786271333694458, 0.9798648357391357, 0.10810678452253342, -0.031489141285419464, -0.10427740961313248, 0.9940496683120728),
            ["LowerTorso"] = CFrame.new(-0.044032156467437744, -0.24565553665161133, 0.04853587597608566, 0.9741566181182861, -0.04451595991849899, -0.22144345939159393, 0.007614741567522287, 0.9863018989562988, -0.16477443277835846, 0.22574520111083984, 0.15882986783981323, 0.9611514806747437),
            ["RightLowerLeg"] = CFrame.new(1.1734664440155029e-07, -0.00012248754501342773, -0.00007746105984551832, 1, -7.450579175838357e-08, -6.705523247774181e-08, 1.341104365337742e-07, 0.5512883067131042, 0.8343145847320557, -1.1175869474300271e-07, -0.8343149423599243, 0.5512886643409729),
            ["LeftUpperLeg"] = CFrame.new(2.9802322387695312e-08, -2.1327286958694458e-07, 7.450580596923828e-08, 0.9834567904472351, 0.1531905084848404, -0.0966712012887001, -0.18012507259845734, 0.7705363631248474, -0.6114153265953064, -0.019174357876181602, 0.61871337890625, 0.7853826880455017),
            ["LeftLowerLeg"] = CFrame.new(1.4156103134155273e-07, 0.0001226663589477539, 0.00007734447717666626, 1, -1.1641532182693481e-08, 1.0675286432615394e-07, 5.587936779960501e-09, 0.6675288677215576, 0.7445838451385498, 7.450582373280668e-09, -0.7445839047431946, 0.6675289273262024),
        }},
        {Time = 0.133, Data = {
            ["RightFoot"] = CFrame.new(-9.313225746154785e-08, 2.980232238769531e-07, -5.75528247281909e-09, 0.9944505095481873, 0.10449635982513428, -0.012193296104669571, -0.09987171739339828, 0.9012368321418762, -0.42166024446487427, -0.03307303413748741, 0.4205384850502014, 0.906671941280365),
            ["LeftLowerArm"] = CFrame.new(-0.0000010132789611816406, 5.960464477539063e-08, 1.7881393432617188e-07, 1, -7.450577754752885e-08, 1.154839708306099e-07, 5.960463056453591e-08, 0.10906196385622025, -0.9940349459648132, 4.470347292340193e-08, 0.994035005569458, 0.10906199365854263),
            ["RightUpperArm"] = CFrame.new(0, 1.1920928955078125e-07, 0, 0.7201562523841858, -0.5128927230834961, 0.4672430753707886, 0.5506123304367065, 0.8322350382804871, 0.06489194929599762, -0.42213863134384155, 0.210537388920784, 0.8817443251609802),
            ["Head"] = CFrame.new(-4.284083843231201e-08, 3.5762786865234375e-07, 1.341104507446289e-07, 0.9720335006713867, 0.08918837457895279, 0.2172471582889557, -0.027549976482987404, 0.9619963765144348, -0.27166929841041565, -0.2332206666469574, 0.25808650255203247, 0.9375498294830322),
            ["RightHand"] = CFrame.new(-1.6391277313232422e-07, -1.7881393432617188e-07, 1.4901161193847656e-07, 0.9889953136444092, -0.04340105876326561, -0.14143817126750946, 0.030707713216543198, 0.9954025745391846, -0.09072338789701462, 0.14472532272338867, 0.08538176864385605, 0.9857812523841858),
            ["UpperTorso"] = CFrame.new(-3.725290298461914e-09, -5.960464477539063e-08, 3.073364496231079e-08, 0.9977622032165527, 0.04894915595650673, -0.04554903507232666, -0.03330114856362343, 0.9545149207115173, 0.29629769921302795, 0.0579807348549366, -0.29411780834198, 0.954008936882019),
            ["HumanoidRootPart"] = CFrame.new(0, 0, 0, 1, 0, 0, 0, 1, 0, 0, 0, 1),
            ["RightUpperLeg"] = CFrame.new(-5.960464477539063e-08, -1.5459954738616943e-07, -3.149762051180005e-08, 0.9118793606758118, -0.18703295290470123, -0.36536920070648193, 0.18361583352088928, 0.9819939136505127, -0.044420745223760605, 0.36709848046302795, -0.02658129297196865, 0.9298022389411926),
            ["LeftUpperArm"] = CFrame.new(1.1920928955078125e-07, 1.1920928955078125e-07, -1.4901161193847656e-08, 0.7256366014480591, 0.6165807843208313, -0.3054170608520508, -0.6535191535949707, 0.47867605090141296, -0.5863294005393982, -0.2153235822916031, 0.6250579357147217, 0.7502922415733337),
            ["RightLowerArm"] = CFrame.new(2.980232238769531e-07, 7.748603820800781e-07, 3.8743019104003906e-07, 1, -8.195637946073475e-08, 8.940698847936801e-08, 8.894131298120556e-08, 0.3150617778301239, -0.9490712285041809, 5.960465188081798e-08, 0.9490712285041809, 0.31506186723709106),
            ["LeftHand"] = CFrame.new(-6.109476089477539e-07, 1.1920928955078125e-07, -2.384185791015625e-07, 0.9745483994483948, 0.19679634273052216, -0.1073627769947052, -0.21375280618667603, 0.9600790143013, -0.1804385930299759, 0.06756718456745148, 0.19879522919654846, 0.977709174156189),
            ["LeftFoot"] = CFrame.new(5.21540641784668e-08, 5.960464477539063e-08, -7.450580596923828e-09, 0.9873075485229492, -0.15826255083084106, 0.013303399085998535, 0.13375815749168396, 0.8737475275993347, 0.4676259458065033, -0.08563145250082016, -0.45991116762161255, 0.8838263154029846),
            ["LowerTorso"] = CFrame.new(-0.03165379539132118, -0.10487580299377441, 0.09082984179258347, 0.9768295884132385, -0.02737155556678772, -0.21226094663143158, -0.009243844076991081, 0.9854664206504822, -0.169618621468544, 0.2138187736272812, 0.16765059530735016, 0.9623797535896301),
            ["RightLowerLeg"] = CFrame.new(-1.341104507446289e-07, -0.00012260675430297852, -0.00007734278187854216, 1, -1.5646217832454568e-07, -1.1175872671742582e-08, 8.568166975919667e-08, 0.8097605109214783, 0.5867602825164795, -1.4901159417490817e-08, -0.5867605805397034, 0.8097606897354126),
            ["LeftUpperLeg"] = CFrame.new(8.940696716308594e-08, -2.353917807340622e-07, 7.729977369308472e-08, 0.9880460500717163, 0.1513795107603073, -0.029141340404748917, -0.15054982900619507, 0.9068537950515747, -0.393638014793396, -0.03316185623407364, 0.39331990480422974, 0.9188035726547241),
            ["LeftLowerLeg"] = CFrame.new(7.450580596923828e-09, 0.0001227855682373047, 0.00007747113704681396, 1, 1.1175867342672063e-08, 8.195637946073475e-08, -3.725289943190546e-08, 0.9483667612075806, 0.3171759843826294, 0, -0.3171760141849518, 0.9483667016029358),
        }},
        {Time = 0.167, Data = {
            ["RightFoot"] = CFrame.new(-1.6763806343078613e-08, 2.980232238769531e-07, 6.875052349641919e-08, 0.9949663877487183, 0.09946789592504501, -0.012169106863439083, -0.10020875930786133, 0.9880589842796326, -0.11703694611787796, 0.00038214639062061906, 0.11766774952411652, 0.9930530786514282),
            ["LeftLowerArm"] = CFrame.new(-1.4901161193847656e-07, 2.980232238769531e-07, 2.980232238769531e-07, 1, -1.0430809993522416e-07, 4.8428763221863846e-08, 8.568168397005138e-08, 0.3507002592086792, -0.9364877939224243, 9.313226634333205e-09, 0.9364877939224243, 0.3507002592086792),
            ["RightUpperArm"] = CFrame.new(0, 1.1920928955078125e-07, 1.4901161193847656e-08, 0.6949005126953125, -0.5382694005966187, 0.47684329748153687, 0.659003496170044, 0.7420628070831299, -0.12270760536193848, -0.2877978980541229, 0.3995109796524048, 0.8703811764717102),
            ["Head"] = CFrame.new(-1.862645149230957e-09, -7.152557373046875e-07, 1.0244548320770264e-07, 0.9784972071647644, 0.11312098801136017, 0.17247311770915985, -0.03642212972044945, 0.9178137183189392, -0.39533722400665283, -0.2030191570520401, 0.3805544972419739, 0.9021982550621033),
            ["RightHand"] = CFrame.new(0.0000010579824447631836, 0, -1.4901161193847656e-08, 0.9679211378097534, 0.03487258777022362, -0.24882236123085022, -0.07767888158559799, 0.9833377599716187, -0.16435635089874268, 0.2389448583126068, 0.1784122735261917, 0.9545022249221802),
            ["UpperTorso"] = CFrame.new(-1.862645149230957e-08, -2.086162567138672e-07, -1.0710209608078003e-08, 0.9993124604225159, 0.030090857297182083, -0.021660683676600456, -0.023837098851799965, 0.9689066410064697, 0.24627594649791718, 0.028397809714078903, -0.24559026956558228, 0.968957781791687),
            ["HumanoidRootPart"] = CFrame.new(0, 0, 0, 1, 0, 0, 0, 1, 0, 0, 0, 1),
            ["RightUpperLeg"] = CFrame.new(-5.960464477539063e-08, -3.46451997756958e-07, 1.3205863069742918e-08, 0.9341101050376892, -0.155562162399292, -0.32130762934684753, 0.16165877878665924, 0.9868160486221313, -0.007794215809553862, 0.31828394532203674, -0.044661667197942734, 0.9469428658485413),
            ["LeftUpperArm"] = CFrame.new(0, 1.1920928955078125e-07, 0, 0.6815526485443115, 0.5187752842903137, -0.5160990357398987, -0.6773391962051392, 0.18031935393810272, -0.7132295966148376, -0.2769433557987213, 0.8356776237487793, 0.47428396344184875),
            ["RightLowerArm"] = CFrame.new(-1.4901161193847656e-07, -1.1920928955078125e-07, 1.862645149230957e-07, 1, -9.685752644372769e-08, 7.450580596923828e-08, 1.2665987014770508e-07, -0.006255059037357569, -0.9999804496765137, 6.705522537231445e-08, 0.9999805092811584, -0.006255052983760834),
            ["LeftHand"] = CFrame.new(-5.662441253662109e-07, -2.980232238769531e-07, -1.7881393432617188e-07, 0.9759131669998169, 0.19103069603443146, -0.10536004602909088, -0.20745617151260376, 0.9620450139045715, -0.17728887498378754, 0.06749353557825089, 0.19487616419792175, 0.9785029888153076),
            ["LeftFoot"] = CFrame.new(-7.450580596923828e-08, 1.1920928955078125e-07, -6.705522537231445e-08, 0.9897891879081726, -0.14192354679107666, 0.013235814869403839, 0.09814455360174179, 0.7459098696708679, 0.6587759852409363, -0.1033688634634018, -0.6507505774497986, 0.7522228360176086),
            ["LowerTorso"] = CFrame.new(-0.015890181064605713, 0.0408477783203125, 0.1343386471271515, 0.9771704077720642, -0.011096315458416939, -0.21216708421707153, -0.02553718350827694, 0.9852603673934937, -0.16914473474025726, 0.2109166979789734, 0.17070138454437256, 0.9624838829040527),
            ["RightLowerLeg"] = CFrame.new(1.1175870895385742e-07, -0.00012218952178955078, -0.00007745454058749601, 1, -1.0430807861894209e-07, 1.3038520307873114e-07, 6.705523958316917e-08, 0.8864593505859375, 0.46280637383461, 4.93601071127614e-08, -0.4628064036369324, 0.8864594101905823),
            ["LeftUpperLeg"] = CFrame.new(-5.960464477539063e-08, -6.058253347873688e-07, -3.725290298461914e-09, 0.9929631948471069, 0.11645698547363281, 0.021493012085556984, -0.10899625718593597, 0.9697014093399048, -0.21862922608852386, -0.04630262777209282, 0.2147485613822937, 0.9755712747573853),
            ["LeftLowerLeg"] = CFrame.new(5.960464477539063e-08, 0.00012248754501342773, 0.00007737427949905396, 1, 4.09781684140853e-08, 5.215408194203519e-08, 6.332992086299782e-08, 0.9999872446060181, 0.005049487575888634, 8.195636524988004e-08, -0.005049508064985275, 0.9999873042106628),
        }},
        {Time = 0.200, Data = {
            ["RightFoot"] = CFrame.new(-5.960464477539063e-08, 2.980232238769531e-07, 3.894820110872388e-08, 0.9927887320518494, 0.11924854665994644, -0.012262789532542229, -0.11393860727548599, 0.9704544544219971, 0.21268776059150696, 0.03726326674222946, -0.209757000207901, 0.9770432710647583),
            ["LeftLowerArm"] = CFrame.new(2.9802322387695312e-08, 5.960464477539063e-08, 3.390014171600342e-07, 1, -6.70552182668871e-08, 7.4505797087454084e-09, 5.5879368687783426e-08, 0.7708073854446411, -0.6370682716369629, -3.445894236620006e-08, 0.6370682716369629, 0.7708073854446411),
            ["RightUpperArm"] = CFrame.new(1.1920928955078125e-07, -1.1920928955078125e-07, -6.705522537231445e-08, 0.7062832713127136, -0.11904775351285934, 0.6978479027748108, 0.7055013179779053, 0.19993728399276733, -0.6799214482307434, -0.05858264118432999, 0.9725496172904968, 0.22520068287849426),
            ["Head"] = CFrame.new(2.9802322387695312e-08, 2.384185791015625e-07, 1.0617077350616455e-07, 0.9866776466369629, 0.12149523198604584, 0.10819581151008606, -0.04562001675367355, 0.8449910283088684, -0.5328311920166016, -0.15616095066070557, 0.5207967162132263, 0.8392762541770935),
            ["RightHand"] = CFrame.new(-2.60770320892334e-07, -1.1920928955078125e-07, 5.960464477539062e-07, 0.9749698042869568, -0.22231030464172363, 0.003469598013907671, 0.21663807332515717, 0.9463517069816589, -0.23976346850395203, 0.050018392503261566, 0.23451381921768188, 0.9708251953125),
            ["UpperTorso"] = CFrame.new(-1.4711986295878887e-08, 5.960464477539062e-07, -4.3673935579136014e-08, 0.999879002571106, 0.011047066189348698, 0.010957048274576664, -0.012992377392947674, 0.9802567958831787, 0.1973014771938324, -0.00856112688779831, -0.19741995632648468, 0.98028165102005),
            ["HumanoidRootPart"] = CFrame.new(0, 0, 0, 1, 0, 0, 0, 1, 0, 0, 0, 1),
            ["RightUpperLeg"] = CFrame.new(1.7881393432617188e-07, 9.109498932957649e-08, -9.145878721028566e-09, 0.967379629611969, -0.14249902963638306, -0.20945364236831665, 0.13793426752090454, 0.9897752404212952, -0.03631925955414772, 0.2124875783920288, 0.006243507377803326, 0.9771438837051392),
            ["LeftUpperArm"] = CFrame.new(0, 2.384185791015625e-07, 3.3527612686157227e-08, 0.6739053130149841, 0.3240997791290283, -0.6639360189437866, -0.6809888482093811, -0.0760437473654747, -0.7283347845077515, -0.28654131293296814, 0.9429616928100586, 0.16946202516555786),
            ["RightLowerArm"] = CFrame.new(-3.2782554626464844e-07, -5.960464477539063e-08, 2.905726432800293e-07, 1, -5.960465898624534e-08, -3.9115558791991134e-08, 2.2351747119842003e-08, 0.7533004879951477, -0.6576765775680542, 1.6763809895792292e-08, 0.657676637172699, 0.7533004879951477),
            ["LeftHand"] = CFrame.new(-6.854534149169922e-07, 1.1920928955078125e-07, -2.384185791015625e-07, 0.9793078899383545, 0.17718718945980072, -0.09777998179197311, -0.1919393241405487, 0.9663555026054382, -0.1712205708026886, 0.0641520544886589, 0.18644551932811737, 0.9803686738014221),
            ["LeftFoot"] = CFrame.new(-1.4901161193847656e-08, 1.1920928955078125e-07, 7.450580596923828e-08, 0.9925451278686523, -0.12116655707359314, 0.013145253993570805, 0.08833977580070496, 0.7895296812057495, 0.6073206663131714, -0.08396575599908829, -0.6016324758529663, 0.7943481206893921),
            ["LowerTorso"] = CFrame.new(-0.000467801553895697, 0.16835618019104004, 0.17296504974365234, 0.9770655035972595, 0.0016602486139163375, -0.21293234825134277, -0.03819045051932335, 0.9851218461990356, -0.1675603836774826, 0.20948611199855804, 0.17184945940971375, 0.9625920057296753),
            ["RightLowerLeg"] = CFrame.new(-1.1920928955078125e-07, -0.0001226663589477539, -0.00007739493594272062, 1, -4.097817196679898e-08, -5.0291429687376876e-08, 3.7252888773764425e-08, 0.8979650139808655, 0.4400668442249298, -1.3876702098514215e-07, -0.4400668740272522, 0.8979650735855103),
            ["LeftUpperLeg"] = CFrame.new(-5.960464477539063e-08, 3.339373506605625e-07, -1.2665987014770508e-07, 0.9951293468475342, 0.08228316158056259, 0.054288215935230255, -0.05902424827218056, 0.9384253621101379, -0.34040260314941406, -0.0789548009634018, 0.3355402946472168, 0.9387112855911255),
            ["LeftLowerLeg"] = CFrame.new(1.1175870895385742e-08, 0.00012254714965820312, 0.00007753074169158936, 1, 3.725287633926655e-09, 7.078057251419523e-08, 1.0244548320770264e-08, 0.9475656747817993, 0.3195616602897644, 3.725290298461914e-08, -0.31956109404563904, 0.9475655555725098),
        }},
        {Time = 0.233, Data = {
            ["RightFoot"] = CFrame.new(-8.195638656616211e-08, 2.980232238769531e-07, -5.75528247281909e-09, 0.9911627769470215, 0.1320786029100418, -0.012321512214839458, -0.11975588649511337, 0.9308870434761047, 0.34511998295783997, 0.05705268681049347, -0.34059441089630127, 0.9384777545928955),
            ["LeftLowerArm"] = CFrame.new(-2.086162567138672e-07, 5.960464477539063e-08, -1.7136335372924805e-07, 1, -1.4901161193847656e-08, 4.470348358154297e-08, 2.980232594040899e-08, 0.9815315008163452, -0.1913008689880371, -4.4703490686970326e-08, 0.19130092859268188, 0.9815315008163452),
            ["RightUpperArm"] = CFrame.new(0, -2.384185791015625e-07, 4.842877388000488e-08, 0.6011351346969604, 0.14482565224170685, 0.7859147191047668, 0.7240099906921387, -0.5150133371353149, -0.4588801860809326, 0.33829888701438904, 0.8448590040206909, -0.4144478738307953),
            ["Head"] = CFrame.new(-4.842877388000488e-08, 1.1920928955078125e-07, 1.3131648302078247e-07, 0.9925512075424194, 0.10945138335227966, 0.05350201576948166, -0.04809246212244034, 0.755505383014679, -0.653374969959259, -0.11193383485078812, 0.6459351181983948, 0.7551414966583252),
            ["RightHand"] = CFrame.new(2.682209014892578e-07, -2.384185791015625e-07, -2.9802322387695312e-08, 0.84801185131073, -0.47788724303245544, 0.22912806272506714, 0.5178353786468506, 0.8391577005386353, -0.16631589829921722, -0.11279432475566864, 0.25968843698501587, 0.9590826630592346),
            ["UpperTorso"] = CFrame.new(2.7939677238464355e-09, 2.086162567138672e-07, 2.7008354663848877e-08, 0.9990744590759277, 0.003130280878394842, 0.04290161654353142, -0.009616978466510773, 0.988358199596405, 0.15184110403060913, -0.04192683473229408, -0.1521131992340088, 0.9874734282493591),
            ["HumanoidRootPart"] = CFrame.new(0, 0, 0, 1, 0, 0, 0, 1, 0, 0, 0, 1),
            ["RightUpperLeg"] = CFrame.new(2.384185791015625e-07, 2.416782081127167e-07, -9.145878721028566e-09, 0.9866629838943481, -0.12037989497184753, -0.10956697911024094, 0.11681658774614334, 0.9924108386039734, -0.038401976227760315, 0.11335846781730652, 0.025090506300330162, 0.9932373762130737),
            ["LeftUpperArm"] = CFrame.new(1.1920928955078125e-07, -1.1920928955078125e-07, 3.725290298461914e-09, 0.6801547408103943, 0.10534030199050903, -0.725460410118103, -0.679337739944458, -0.2813185453414917, -0.6777613162994385, -0.2754809558391571, 0.9538151025772095, -0.11977864801883698),
            ["RightLowerArm"] = CFrame.new(-2.682209014892578e-07, 5.960464477539063e-08, -3.7066638469696045e-07, 1, 9.313224635931761e-10, 1.4901157641133977e-08, -1.862644971595273e-08, 1, 9.313223969797946e-09, -2.9802318834981634e-08, 3.7252898543727042e-09, 1),
            ["LeftHand"] = CFrame.new(2.980232238769531e-07, 3.5762786865234375e-07, 5.066394805908203e-07, 0.9837257266044617, 0.15996290743350983, -0.0818268433213234, -0.1717858612537384, 0.970809817314148, -0.16738560795783997, 0.052662767469882965, 0.1787182092666626, 0.9824899435043335),
            ["LeftFoot"] = CFrame.new(-4.0978193283081055e-08, 5.960464477539063e-08, -1.1175870895385742e-08, 0.9934548139572144, -0.1134709045290947, 0.013110251165926456, 0.08401665836572647, 0.8036478757858276, 0.5891450047492981, -0.07738667726516724, -0.5841870307922363, 0.8079209923744202),
            ["LowerTorso"] = CFrame.new(0.010939018800854683, 0.22716474533081055, 0.20061209797859192, 0.9767372608184814, 0.005568799562752247, -0.21436744928359985, -0.04176812618970871, 0.9854571223258972, -0.16471098363399506, 0.21033267676830292, 0.16983307898044586, 0.9627652764320374),
            ["RightLowerLeg"] = CFrame.new(8.940696716308594e-08, -0.00012302398681640625, -0.00007736513362033293, 1, -7.26431323982979e-08, 7.171183113996449e-08, 8.195637946073475e-08, 0.9022040963172913, 0.43130916357040405, -1.033767915714634e-07, -0.43130943179130554, 0.902204155921936),
            ["LeftUpperLeg"] = CFrame.new(-1.7881393432617188e-07, 3.795139491558075e-07, -2.2351741790771484e-08, 0.9926465153694153, 0.06820417195558548, 0.10000580549240112, -0.04015197604894638, 0.9649023413658142, -0.25952115654945374, -0.11419627815485, 0.2535973787307739, 0.9605454802513123),
            ["LeftLowerLeg"] = CFrame.new(1.30385160446167e-08, 0.00012242794036865234, 0.00007733330130577087, 1, 8.381905836074566e-09, -2.793966391578806e-09, -2.980232594040899e-08, 0.96018385887146, 0.27936872839927673, -2.2351745343485163e-08, -0.27936893701553345, 0.9601839184761047),
        }},
        {Time = 0.267, Data = {
            ["RightFoot"] = CFrame.new(1.862645149230957e-08, 3.5762786865234375e-07, 6.129994289949536e-08, 0.9899416565895081, 0.1409359723329544, -0.012360594235360622, -0.1261446326971054, 0.9188414812088013, 0.373922199010849, 0.06405644863843918, -0.3686021864414215, 0.9273777008056641),
            ["LeftLowerArm"] = CFrame.new(-3.5762786865234375e-07, -2.980232238769531e-07, 3.2782554626464844e-07, 1, 0, 7.450578820566989e-09, -2.9802318834981634e-08, 1, 0, 1.4901159417490817e-08, -2.9802318834981634e-08, 1),
            ["RightUpperArm"] = CFrame.new(0, -3.5762786865234375e-07, 1.4901161193847656e-08, 0.5862376093864441, 0.16624024510383606, 0.792899489402771, 0.7010653614997864, -0.5945792198181152, -0.3936789035797119, 0.4059962332248688, 0.7866636514663696, -0.46511003375053406),
            ["Head"] = CFrame.new(-2.2351741790771484e-08, 0, 5.960464477539063e-08, 0.9946965575218201, 0.09822183102369308, 0.03051834926009178, -0.043857425451278687, 0.673432469367981, -0.7379466891288757, -0.093034528195858, 0.7326945066452026, 0.674168586730957),
            ["RightHand"] = CFrame.new(-1.9371509552001953e-07, -1.1920928955078125e-07, -3.725290298461914e-07, 0.8587597012519836, -0.4647618532180786, 0.21570374071598053, 0.5014503598213196, 0.8488223552703857, -0.1674758642911911, -0.1052578017115593, 0.2519863247871399, 0.9619895219802856),
            ["UpperTorso"] = CFrame.new(1.1175870895385742e-08, 6.556510925292969e-07, -2.2817403078079224e-08, 0.9981762170791626, 0.008690970949828625, 0.05973988398909569, -0.015434597618877888, 0.9934332966804504, 0.11336708813905716, -0.058362264186143875, -0.11408240348100662, 0.9917556047439575),
            ["HumanoidRootPart"] = CFrame.new(0, 0, 0, 1, 0, 0, 0, 1, 0, 0, 0, 1),
            ["RightUpperLeg"] = CFrame.new(5.960464477539063e-08, 5.300098564475775e-07, 9.516224963590503e-08, 0.9928514957427979, -0.10374307632446289, -0.05901981517672539, 0.10004029422998428, 0.9930137991905212, -0.0625755712389946, 0.06509913504123688, 0.056223880499601364, 0.9962936639785767),
            ["LeftUpperArm"] = CFrame.new(1.7881393432617188e-07, -9.5367431640625e-07, 0, 0.6920455098152161, -0.038418449461460114, -0.7208309769630432, -0.659599244594574, -0.43934038281440735, -0.6098433136940002, -0.2932608723640442, 0.8974988460540771, -0.32938432693481445),
            ["RightLowerArm"] = CFrame.new(-5.066394805908203e-07, 0, -2.0116567611694336e-07, 1, 6.51925713412993e-09, 0, -2.514570951461792e-08, 1, 2.4214383387288763e-08, 0, 2.7939673685750677e-08, 1),
            ["LeftHand"] = CFrame.new(1.1920928955078125e-07, -2.384185791015625e-07, -5.960464477539063e-08, 0.9880231618881226, 0.14435185492038727, -0.054523855447769165, -0.15166477859020233, 0.9735633134841919, -0.17079906165599823, 0.028427258133888245, 0.17702282965183258, 0.9837961792945862),
            ["LeftFoot"] = CFrame.new(-1.4901161193847656e-08, 1.1920928955078125e-07, -1.4901161193847656e-08, 0.9936728477478027, -0.11154648661613464, 0.01310148648917675, 0.09077375382184982, 0.8663170337677002, 0.49117717146873474, -0.06613902002573013, -0.4868800640106201, 0.8709611892700195),
            ["LowerTorso"] = CFrame.new(0.018578670918941498, 0.24254775047302246, 0.21118271350860596, 0.9764525294303894, 0.0006929285591468215, -0.2157314419746399, -0.036113251000642776, 0.9864093065261841, -0.16028891503810883, 0.21268844604492188, 0.16430528461933136, 0.9632068276405334),
