return {
    ["Flapper"] = {
        {Time = 0.000, Data = {
            ["RightFoot"] = CFrame.new(-8.707866072654724e-08, 2.980232238769531e-07, 3.5222910810261965e-08, 0.7908174395561218, 0.13848331570625305, 0.5961799621582031, 0.07024917006492615, 0.9470924139022827, -0.3131781816482544, -0.6080072522163391, 0.2895485460758209, 0.7392489314079285),
            ["LeftLowerArm"] = CFrame.new(4.76837158203125e-07, -5.960464477539063e-08, -1.1920928955078125e-07, 1, -7.450580596923828e-09, -1.4901164746561335e-08, 4.0978189730367376e-08, 0.9645026326179504, -0.26407337188720703, 3.7252898543727042e-09, 0.26407337188720703, 0.9645026922225952),
            ["RightUpperArm"] = CFrame.new(0, 2.384185791015625e-07, -7.753260433673859e-08, 0.9087281227111816, -0.4042259156703949, 0.10399312525987625, 0.4096935987472534, 0.8162243366241455, -0.40734392404556274, 0.07977727800607681, 0.41277024149894714, 0.9073347449302673),
            ["Head"] = CFrame.new(-9.313225746154785e-09, -1.1920928955078125e-07, -2.8463546186685562e-08, 0.9994263052940369, 0.03386950492858887, 0.00000414438591178623, -0.03386947140097618, 0.9994252324104309, 0.001459024497307837, 0.00004527334021986462, -0.0014582357835024595, 0.9999989867210388),
            ["RightHand"] = CFrame.new(-4.172325134277344e-07, 5.960464477539063e-08, 0, 0.6273813843727112, -0.03001086786389351, 0.7781336903572083, 0.5195379853248596, 0.7604782581329346, -0.38955509662628174, -0.5800628662109375, 0.6486695408821106, 0.4927017390727997),
            ["UpperTorso"] = CFrame.new(1.955777406692505e-08, 8.940696716308594e-08, -1.0913936421275139e-10, 0.9884883165359497, -0.15123224258422852, 0.004438852425664663, 0.15123900771141052, 0.9884965419769287, -0.0012281750096008182, -0.004202046897262335, 0.0018852890934795141, 0.99998939037323),
            ["HumanoidRootPart"] = CFrame.new(0, 0, 0, 1, 0, 0, 0, 1, 0, 0, 0, 1),
            ["RightUpperLeg"] = CFrame.new(1.7881393432617188e-07, 5.662441253662109e-07, -1.4471152098849416e-07, 0.9556564688682556, 0.047413941472768784, 0.2906421422958374, 0.28845176100730896, 0.04802693799138069, -0.9562891125679016, -0.05930012837052345, 0.9977200627326965, 0.0322205051779747),
            ["LeftUpperArm"] = CFrame.new(-1.1920928955078125e-07, 0, -9.848736226558685e-08, 0.9584692120552063, 0.050188351422548294, -0.28074538707733154, -0.22658558189868927, 0.7318063378334045, -0.6427429914474487, 0.1731930822134018, 0.6796621084213257, 0.7127858400344849),
            ["RightLowerArm"] = CFrame.new(-2.086162567138672e-07, 0.0000011324882507324219, 0, 1, -1.862645504502325e-08, -1.4901159417490817e-08, 2.887101047122087e-08, 0.9947450757026672, -0.10238318890333176, 1.1175874448099421e-08, 0.10238324105739594, 0.9947450160980225),
            ["LeftHand"] = CFrame.new(1.9371509552001953e-07, 0, 5.960464477539063e-08, 0.502884030342102, 0.4411599338054657, -0.7432938814163208, -0.6157042980194092, 0.7863785624504089, 0.05016971006989479, 0.6066431999206543, 0.4324197471141815, 0.6670811772346497),
            ["LeftFoot"] = CFrame.new(-3.725290298461914e-08, 5.960464477539063e-08, -8.381903171539307e-09, 0.9093813896179199, 0.06259433180093765, -0.41122686862945557, 0.027282169088721275, 0.9775088429450989, 0.209121972322464, 0.4150677025318146, -0.20139116048812866, 0.8872206211090088),
            ["LowerTorso"] = CFrame.new(-0.000057077624660450965, -0.2326650619506836, 0.4658476710319519, 0.992209792137146, 0.12456566095352173, -0.0017718853196129203, -0.1168559119105339, 0.9355404376983643, 0.333329975605011, 0.04317913204431534, -0.330526202917099, 0.9428085684776306),
            ["RightLowerLeg"] = CFrame.new(1.6763806343078613e-08, -0.000003516674041748047, -0.000013267788744997233, 1, -1.6391273049976007e-07, -1.2293469353608089e-07, 1.4901162614933128e-07, 0.10010511428117752, 0.9949768781661987, -9.313227167240257e-08, -0.9949768781661987, 0.10010578483343124),
            ["LeftUpperLeg"] = CFrame.new(5.960464477539063e-08, 4.3958425521850586e-07, -1.7700949683785439e-07, 0.9317946434020996, -0.25585082173347473, -0.25748640298843384, -0.3236525058746338, -0.26444903016090393, -0.9084688425064087, 0.1643405258655548, 0.9298425912857056, -0.3292189836502075),
            ["LeftLowerLeg"] = CFrame.new(5.21540641784668e-08, 0.000003874301910400391, 0.000013351906090974808, 1, 2.9802308176840597e-08, 1.6298155003369175e-07, -9.685756907629184e-08, -0.6450802683830261, 0.7641146183013916, 1.5879054160450323e-07, -0.7641149163246155, -0.6450806260108948),
        }},
        {Time = 0.033, Data = {
            ["RightFoot"] = CFrame.new(-2.0489096641540527e-08, 2.980232238769531e-07, -2.0656443666666746e-08, 0.8235179781913757, 0.10584607720375061, 0.5573280453681946, 0.116890087723732, 0.9296973943710327, -0.34928402304649353, -0.5551170706748962, 0.35278794169425964, 0.7532503604888916),
            ["LeftLowerArm"] = CFrame.new(-1.4901161193847656e-07, 1.7881393432617188e-07, 1.9371509552001953e-07, 1, -1.4901155864777138e-08, -1.4901155864777138e-08, 3.3527616238870905e-08, 0.9460998773574829, -0.3238750100135803, -1.862645326866641e-08, 0.32387498021125793, 0.9460998773574829),
            ["RightUpperArm"] = CFrame.new(-2.384185791015625e-07, -5.960464477539062e-07, 5.075708031654358e-08, 0.8574591875076294, -0.27884745597839355, 0.4324440360069275, 0.46215859055519104, 0.7868432998657227, -0.4090074896812439, -0.22621509432792664, 0.5505648851394653, 0.803557813167572),
            ["Head"] = CFrame.new(-1.501757651567459e-08, -3.5762786865234375e-07, 6.081972969695926e-08, 0.9995221495628357, 0.028970852494239807, 0.010783215053379536, -0.02936546877026558, 0.9988294243812561, 0.03843947872519493, -0.009656968526542187, -0.03873785585165024, 0.9992027878761292),
            ["RightHand"] = CFrame.new(1.7881393432617188e-07, 2.384185791015625e-07, 1.7881393432617188e-07, 0.6691226959228516, -0.03212975338101387, 0.7424570322036743, 0.4656955599784851, 0.7967012524604797, -0.385220468044281, -0.5791394114494324, 0.6035187840461731, 0.5480535626411438),
            ["UpperTorso"] = CFrame.new(-1.862645149230957e-09, 2.086162567138672e-07, -4.656612873077393e-10, 0.9884252548217773, -0.11306969076395035, 0.10114714503288269, 0.11320608109235764, 0.9935618042945862, 0.004409073386341333, -0.10099447518587112, 0.007092473097145557, 0.9948617815971375),
            ["HumanoidRootPart"] = CFrame.new(0, 0, 0, 1, 0, 0, 0, 1, 0, 0, 0, 1),
            ["RightUpperLeg"] = CFrame.new(2.384185791015625e-07, -1.7508864402770996e-07, -1.2835516827180982e-07, 0.9617659449577332, -0.002385077066719532, 0.2738625109195709, 0.22562171518802643, 0.5737309455871582, -0.7873547077178955, -0.15524554252624512, 0.8190404176712036, 0.5523330569267273),
            ["LeftUpperArm"] = CFrame.new(-1.1920928955078125e-07, -3.5762786865234375e-07, -5.21540641784668e-08, 0.9712755084037781, 0.19491110742092133, -0.13650541007518768, -0.23612643778324127, 0.8604859709739685, -0.45145130157470703, 0.029468150809407234, 0.47071611881256104, 0.8817925453186035),
            ["RightLowerArm"] = CFrame.new(2.384185791015625e-07, 1.1920928955078125e-07, -1.341104507446289e-07, 1, 1.4901168299275014e-08, -2.980232949312267e-08, 5.960465898624534e-08, 0.9644852876663208, -0.26413673162460327, -2.2351747119842003e-08, 0.2641367018222809, 0.9644853472709656),
            ["LeftHand"] = CFrame.new(1.341104507446289e-07, -1.1920928955078125e-07, -5.066394805908203e-07, 0.5594885349273682, 0.4130127727985382, -0.7186049222946167, -0.5262216925621033, 0.8468523621559143, 0.07701833546161652, 0.6403618454933167, 0.3350546360015869, 0.6911404728889465),
            ["LeftFoot"] = CFrame.new(-1.1175870895385742e-08, 1.1920928955078125e-07, 3.725290298461914e-08, 0.9844493269920349, 0.13527850806713104, -0.11206788569688797, -0.09741541743278503, 0.9512728452682495, 0.29255789518356323, 0.14618414640426636, -0.27709153294563293, 0.949658215045929),
            ["LowerTorso"] = CFrame.new(-0.002392570488154888, -0.2038743495941162, 0.35961025953292847, 0.9904851317405701, 0.09839189797639847, -0.09622003883123398, -0.06662287563085556, 0.9546025395393372, 0.29033657908439636, 0.12041866034269333, -0.28116360306739807, 0.9520748257637024),
            ["RightLowerLeg"] = CFrame.new(-9.778887033462524e-08, -0.0000033974647521972656, -0.000013156030036043376, 1, -1.2293459406009788e-07, -7.823111758398227e-08, 1.247972107876194e-07, 0.5313851237297058, 0.8471303582191467, -7.450579886381092e-08, -0.8471304774284363, 0.5313852429389954),
            ["LeftUpperLeg"] = CFrame.new(8.940696716308594e-08, -2.086162567138672e-07, -1.5273690223693848e-07, 0.9889300465583801, -0.09385784715414047, -0.11492695659399033, -0.11416159570217133, 0.013500493951141834, -0.9933704137802124, 0.09478715807199478, 0.9954941272735596, 0.002635987475514412),
            ["LeftLowerLeg"] = CFrame.new(4.470348358154297e-08, 0.000003993511199951172, 0.000013329088687896729, 1, 8.195634393359796e-08, 1.0430821362206188e-07, -7.823108916227284e-08, -0.15212751924991608, 0.9883609414100647, 8.940695295223122e-08, -0.9883608818054199, -0.15212760865688324),
        }},
        {Time = 0.067, Data = {
            ["RightFoot"] = CFrame.new(-3.119930624961853e-08, 2.980232238769531e-07, 7.283233571797609e-09, 0.9654607176780701, -0.030069764703512192, 0.2588077485561371, 0.1363973766565323, 0.9046619534492493, -0.4037104547023773, -0.221994087100029, 0.42506784200668335, 0.8775172233581543),
            ["LeftLowerArm"] = CFrame.new(-9.238719940185547e-07, 5.364418029785156e-07, -1.043081283569336e-07, 1, -2.2351745343485163e-08, 2.421439049271612e-08, 4.855974822248754e-08, 0.8979670405387878, -0.4400627911090851, 3.725290742551124e-09, 0.44006288051605225, 0.8979670405387878),
            ["RightUpperArm"] = CFrame.new(-1.7881393432617188e-07, -5.960464477539062e-07, 2.7939677238464355e-08, 0.7069535255432129, -0.15162403881549835, 0.6908162236213684, 0.5561165809631348, 0.7226533889770508, -0.41049543023109436, -0.43697962164878845, 0.6743754744529724, 0.5952028632164001),
            ["Head"] = CFrame.new(-9.313225746154785e-10, 1.1920928955078125e-07, 7.1390786615666e-08, 0.9994804263114929, 0.02630620263516903, 0.018623771145939827, -0.027256600558757782, 0.9982350468635559, 0.0527644120156765, -0.017202865332365036, -0.05324462801218033, 0.9984334111213684),
            ["RightHand"] = CFrame.new(-1.7881393432617188e-07, -2.384185791015625e-07, -1.4901161193847656e-07, 0.7479360699653625, -0.03669878840446472, 0.66275554895401, 0.36044254899024963, 0.8608888387680054, -0.3590983748435974, -0.5573804378509521, 0.5074678063392639, 0.6571176052093506),
            ["UpperTorso"] = CFrame.new(1.1292286217212677e-08, 4.470348358154297e-07, -5.587935447692871e-09, 0.9778204560279846, -0.05592956021428108, 0.20183971524238586, 0.050712089985609055, 0.9982342720031738, 0.030932949855923653, -0.2032133936882019, -0.02001112513244152, 0.9789299964904785),
            ["HumanoidRootPart"] = CFrame.new(0, 0, 0, 1, 0, 0, 0, 1, 0, 0, 0, 1),
            ["RightUpperLeg"] = CFrame.new(0, 6.612390279769897e-07, -1.5815749065950513e-07, 0.9837954044342041, 0.09387627243995667, 0.15275445580482483, 0.014047501608729362, 0.8089967370033264, -0.5876455307006836, -0.17874376475811005, 0.5802684426307678, 0.7945683598518372),
            ["LeftUpperArm"] = CFrame.new(-1.1920928955078125e-07, -4.76837158203125e-07, 5.8673322200775146e-08, 0.8557208180427551, 0.48212939500808716, 0.1878650039434433, -0.40060287714004517, 0.8470941185951233, -0.3492119312286377, -0.32750460505485535, 0.2235686331987381, 0.9180184006690979),
            ["RightLowerArm"] = CFrame.new(2.384185791015625e-07, 1.1920928955078125e-07, -2.086162567138672e-07, 1, -1.1920930376163597e-07, -7.450579886381092e-08, 3.725290298461914e-08, 0.825772225856781, -0.5640038847923279, 1.043081283569336e-07, 0.5640039443969727, 0.8257721066474915),
            ["LeftHand"] = CFrame.new(8.195638656616211e-08, 2.980232238769531e-07, -1.4156103134155273e-07, 0.6430807709693909, 0.3374803960323334, -0.6874259114265442, -0.3400740921497345, 0.930143415927887, 0.13850228488445282, 0.6861463189125061, 0.14470747113227844, 0.7129256129264832),
            ["LeftFoot"] = CFrame.new(0, 5.960464477539063e-08, 2.9802322387695312e-08, 0.9369178414344788, 0.2071051448583603, 0.2815888822078705, -0.22365377843379974, 0.9742782711982727, 0.027583178132772446, -0.2686334252357483, -0.08882176876068115, 0.9591386318206787),
            ["LowerTorso"] = CFrame.new(-0.008396418765187263, -0.1504068374633789, 0.25337281823158264, 0.9793704152107239, 0.04578524827957153, -0.19681809842586517, -0.0003256077761761844, 0.9743494391441345, 0.22504004836082458, 0.2020731121301651, -0.22033345699310303, 0.9542639851570129),
            ["RightLowerLeg"] = CFrame.new(4.901085048913956e-08, -0.000003874301910400391, -0.00001322122261626646, 1, -1.1734663019069558e-07, -5.6810691262398905e-08, 1.0617077350616455e-07, 0.6727384924888611, 0.7398799657821655, -5.029141902923584e-08, -0.7398803234100342, 0.6727390289306641),
            ["LeftUpperLeg"] = CFrame.new(2.9802322387695312e-08, 4.898756742477417e-07, -1.1920928955078125e-07, 0.9887301921844482, 0.039389465004205704, 0.144433856010437, 0.11343313008546829, 0.43251049518585205, -0.8944650888442993, -0.09770163148641586, 0.9007681012153625, 0.4231680631637573),
            ["LeftLowerLeg"] = CFrame.new(-1.1175870895385742e-08, 0.0000040531158447265625, 0.000013581942766904831, 1, 6.705522537231445e-08, 2.2351747119842003e-08, -1.0803343286625022e-07, 0.4582996666431427, 0.8887978792190552, 3.3527616238870905e-08, -0.8887977600097656, 0.45829954743385315),
        }},
        {Time = 0.100, Data = {
            ["RightFoot"] = CFrame.new(-3.725290298461914e-09, 4.172325134277344e-07, 3.708555595949292e-08, 0.9825242161750793, -0.17061586678028107, -0.07440739125013351, 0.1263844519853592, 0.904979407787323, -0.4062497317790985, 0.1366496980190277, 0.38974669575691223, 0.9107276201248169),
            ["LeftLowerArm"] = CFrame.new(8.940696716308594e-08, 1.1920928955078125e-07, 3.725290298461914e-08, 1, -4.4703490686970326e-08, -4.097820749393577e-08, 8.195640788244418e-08, 0.8513598442077637, -0.5245822072029114, 4.4703494239684005e-08, 0.5245821475982666, 0.8513599038124084),
            ["RightUpperArm"] = CFrame.new(0, -1.1920928955078125e-07, 4.0046870708465576e-08, 0.5550175905227661, -0.06268550455570221, 0.8294733762741089, 0.6504402756690979, 0.6542967557907104, -0.38577601313591003, -0.5185391902923584, 0.7536353468894958, 0.40391939878463745),
            ["Head"] = CFrame.new(-2.561137080192566e-09, 2.384185791015625e-07, 4.597677616402507e-08, 0.9993911385536194, 0.02587122470140457, 0.023413492366671562, -0.02672501839697361, 0.9989609122276306, 0.03691878169775009, -0.02243403159081936, -0.03752201423048973, 0.9990440011024475),
            ["RightHand"] = CFrame.new(-2.086162567138672e-07, -1.1920928955078125e-07, 7.450580596923828e-08, 0.8029367327690125, -0.04054490849375725, 0.5946837663650513, 0.28546279668807983, 0.9019858837127686, -0.3239329159259796, -0.5232625007629395, 0.4298577308654785, 0.735811710357666),
            ["UpperTorso"] = CFrame.new(1.862645149230957e-09, 3.8743019104003906e-07, -1.0710209608078003e-08, 0.9629930257797241, -0.012920728884637356, 0.2692166268825531, -0.004902996588498354, 0.9978452324867249, 0.06542850285768509, -0.269481897354126, -0.06432715803384781, 0.9608545899391174),
            ["HumanoidRootPart"] = CFrame.new(0, 0, 0, 1, 0, 0, 0, 1, 0, 0, 0, 1),
            ["RightUpperLeg"] = CFrame.new(-1.4901161193847656e-07, 3.990426193922758e-07, 1.3205863069742918e-08, 0.9753204584121704, 0.21418848633766174, 0.05360327661037445, -0.19254250824451447, 0.9438985586166382, -0.2682963013648987, -0.10806187987327576, 0.25135380029678345, 0.9618439674377441),
            ["LeftUpperArm"] = CFrame.new(0, -4.76837158203125e-07, 2.1420419216156006e-08, 0.6191514730453491, 0.6662834286689758, 0.4155932664871216, -0.5361151099205017, 0.7453579306602478, -0.39626041054725647, -0.5737874507904053, 0.02253945916891098, 0.8186941146850586),
            ["RightLowerArm"] = CFrame.new(-7.152557373046875e-07, 0.0000013709068298339844, -8.940696716308594e-08, 1, -8.940696716308594e-08, 3.725290653733282e-08, 1.098960922263359e-07, 0.6564534902572632, -0.7543665766716003, 5.960465898624534e-08, 0.7543665170669556, 0.6564534902572632),
            ["LeftHand"] = CFrame.new(3.203749656677246e-07, 1.7881393432617188e-07, -1.0058283805847168e-07, 0.6746540665626526, 0.28748318552970886, -0.6798494458198547, -0.23137503862380981, 0.9569835662841797, 0.17506597936153412, 0.7009332776069641, 0.03919120877981186, 0.7121493816375732),
            ["LeftFoot"] = CFrame.new(-3.725290298461914e-09, 1.7881393432617188e-07, 6.426125764846802e-08, 0.8758231401443481, 0.23447129130363464, 0.4218498170375824, -0.23123030364513397, 0.9710676670074463, -0.05966657027602196, -0.4236348867416382, -0.04528716579079628, 0.9047003984451294),
            ["LowerTorso"] = CFrame.new(-0.01657172106206417, -0.12161684036254883, 0.16437649726867676, 0.9644672870635986, -0.0002702506899368018, -0.26420220732688904, 0.04277237504720688, 0.9869676232337952, 0.155130535364151, 0.26071709394454956, -0.16091887652873993, 0.9519094824790955),
            ["RightLowerLeg"] = CFrame.new(-3.3527612686157227e-08, -0.0000037550926208496094, -0.00001326220080954954, 1, -7.450580596923828e-08, -2.980232594040899e-08, 7.636845111846924e-08, 0.8717678189277649, 0.4899187982082367, -5.21540641784668e-08, -0.4899192154407501, 0.8717681169509888),
            ["LeftUpperLeg"] = CFrame.new(5.960464477539063e-08, 8.003116818144917e-07, -1.2293457984924316e-07, 0.9306126236915588, 0.04522065073251724, 0.36320143938064575, 0.23350748419761658, 0.6907902359962463, -0.684312105178833, -0.28184106945991516, 0.7216397523880005, 0.6322987079620361),
            ["LeftLowerLeg"] = CFrame.new(2.2351741790771484e-08, 0.0000040531158447265625, 0.000013262033462524414, 1, 3.213062882423401e-08, 4.097820394122209e-08, -1.4901161193847656e-08, 0.846711277961731, 0.5320521593093872, 3.725290298461914e-09, -0.5320526361465454, 0.8467115759849548),
        }},
        {Time = 0.133, Data = {
            ["RightFoot"] = CFrame.new(-3.725290298461914e-09, 2.980232238769531e-07, -3.183231456205249e-08, 0.9742866158485413, -0.19345860183238983, -0.11549705266952515, 0.12036757171154022, 0.8802322149276733, -0.4590235650539398, 0.19046622514724731, 0.4333186745643616, 0.8808847665786743),
            ["LeftLowerArm"] = CFrame.new(0.0000014603137969970703, 3.5762786865234375e-07, 1.4901161193847656e-07, 1, -1.0430814256778831e-07, 1.7113054084916257e-08, 5.960465188081798e-08, 0.82956862449646, -0.5584049224853516, -1.4901162970204496e-08, 0.5584049224853516, 0.8295685648918152),
            ["RightUpperArm"] = CFrame.new(0, 3.5762786865234375e-07, -8.381903171539307e-09, 0.44912779331207275, -0.011569717898964882, 0.8933926820755005, 0.7066291570663452, 0.6165146231651306, -0.347253680229187, -0.5467720031738281, 0.7872584462165833, 0.28506937623023987),
            ["Head"] = CFrame.new(-1.885928213596344e-08, 1.1920928955078125e-07, 1.2308009900152683e-07, 0.9992418885231018, 0.027224402874708176, 0.027832482010126114, -0.027164749801158905, 0.9996278285980225, -0.0025198066141456366, -0.027890734374523163, 0.0017618413548916578, 0.9996094107627869),
            ["RightHand"] = CFrame.new(4.76837158203125e-07, 1.1920928955078125e-07, 2.9802322387695312e-08, 0.824091374874115, -0.042289894074201584, 0.5648761987686157, 0.2594532370567322, 0.9146366119384766, -0.3100384473800659, -0.5035449266433716, 0.40205898880958557, 0.7647164463996887),
            ["UpperTorso"] = CFrame.new(1.862645149230957e-09, 2.980232238769531e-07, 1.5832483768463135e-08, 0.9533219933509827, 0.01739063858985901, 0.3014548122882843, -0.04650229588150978, 0.9948858618736267, 0.08966497331857681, -0.29835373163223267, -0.0994979664683342, 0.949255108833313),
            ["HumanoidRootPart"] = CFrame.new(0, 0, 0, 1, 0, 0, 0, 1, 0, 0, 0, 1),
            ["RightUpperLeg"] = CFrame.new(-1.4901161193847656e-07, 2.812594175338745e-07, -1.3580574886873364e-07, 0.9687985777854919, 0.24683286249637604, -0.022426392883062363, -0.24755612015724182, 0.9592799544334412, -0.13600774109363556, -0.012058046646416187, 0.1373157650232315, 0.9904538989067078),
            ["LeftUpperArm"] = CFrame.new(0, -2.384185791015625e-07, 1.0710209608078003e-08, 0.4787130057811737, 0.7218257188796997, 0.4998014569282532, -0.5948674082756042, 0.6853505969047546, -0.42003265023231506, -0.6457296013832092, -0.09624051302671432, 0.7574767470359802),
            ["RightLowerArm"] = CFrame.new(5.960464477539063e-08, 0, -1.7881393432617188e-07, 1, -1.4156105976326216e-07, 5.960465188081798e-08, 9.924409738459872e-08, 0.5709227919578552, -0.821003794670105, 7.450583439094771e-08, 0.821003794670105, 0.5709227323532104),
            ["LeftHand"] = CFrame.new(7.217749953269958e-08, 2.980232238769531e-07, -1.8347054719924927e-07, 0.6649307608604431, 0.3299185335636139, -0.6700902581214905, -0.29611915349960327, 0.9400796294212341, 0.1690085232257843, 0.6856971979141235, 0.08604767918586731, 0.7227829098701477),
            ["LeftFoot"] = CFrame.new(5.21540641784668e-08, 1.1920928955078125e-07, -6.705522537231445e-08, 0.8966122269630432, 0.2875397801399231, 0.33676034212112427, -0.2760511338710785, 0.9575830698013306, -0.08264663070440292, -0.346240371465683, -0.018861180171370506, 0.9379562735557556),
            ["LowerTorso"] = CFrame.new(-0.025118477642536163, -0.15215134620666504, 0.1001787781715393, 0.9549846053123474, -0.030925292521715164, -0.29503917694091797, 0.0611288957297802, 0.9937218427658081, 0.09370283782482147, 0.2902890741825104, -0.107520192861557, 0.9508793950080872),
            ["RightLowerLeg"] = CFrame.new(4.470348358154297e-08, -0.0000036954879760742188, -0.000013331118680071086, 1, -4.470348358154297e-08, 2.9802318834981634e-08, 7.636842980218717e-08, 0.8811573386192322, 0.47282278537750244, -3.725289587919178e-08, -0.4728233218193054, 0.8811575174331665),
            ["LeftUpperLeg"] = CFrame.new(0, 4.889443516731262e-07, -8.940696716308594e-08, 0.8724298477172852, 0.09179115295410156, 0.480042427778244, 0.2670653760433197, 0.7330611348152161, -0.625537633895874, -0.4093194603919983, 0.6739405393600464, 0.6150301694869995),
            ["LeftLowerLeg"] = CFrame.new(-1.4528632164001465e-07, 0.000003933906555175781, 0.00001329183578491211, 1, -6.51925713412993e-09, 2.7008358216562556e-08, -7.450579886381092e-08, 0.8456329107284546, 0.5337647199630737, 1.4901159417490817e-08, -0.5337649583816528, 0.8456330299377441),
        }},
        {Time = 0.167, Data = {
            ["RightFoot"] = CFrame.new(-1.4901161193847656e-08, 2.980232238769531e-07, -1.6465492080897093e-08, 0.9827362895011902, -0.1745685189962387, -0.06128120422363281, 0.10890546441078186, 0.8135861754417419, -0.5711541771888733, 0.1495627760887146, 0.5546201467514038, 0.8185521364212036),
            ["LeftLowerArm"] = CFrame.new(-3.2782554626464844e-07, 1.7881393432617188e-07, -5.960464477539063e-08, 1, -1.4901164746561335e-08, 7.217750841448378e-09, 5.960465188081798e-08, 0.8170781135559082, -0.5765270590782166, 1.4901162970204496e-08, 0.5765270590782166, 0.8170781135559082),
            ["RightUpperArm"] = CFrame.new(-1.1920928955078125e-07, 5.960464477539062e-07, -5.820766091346741e-08, 0.37290316820144653, 0.02243320643901825, 0.9275990128517151, 0.7407137155532837, 0.5948942303657532, -0.31216058135032654, -0.5588259696960449, 0.803490936756134, 0.2052212953567505),
            ["Head"] = CFrame.new(-1.1263182386755943e-08, 1.1920928955078125e-07, -7.591006578877568e-08, 0.9990796446800232, 0.030413324013352394, 0.030247263610363007, -0.028442194685339928, 0.997570812702179, -0.06359033286571503, -0.03210776671767235, 0.06267152726650238, 0.9975177049636841),
            ["RightHand"] = CFrame.new(3.427267074584961e-07, -1.1920928955078125e-07, -2.2351741790771484e-07, 0.8350220322608948, -0.04334958270192146, 0.5485062599182129, 0.24917718768119812, 0.9185982942581177, -0.3067377507686615, -0.49056005477905273, 0.3928080201148987, 0.7778514623641968),
            ["UpperTorso"] = CFrame.new(1.210719347000122e-08, 8.940696716308594e-08, 0, 0.9456253051757812, 0.04215248301625252, 0.3225151002407074, -0.083156518638134, 0.989944577217102, 0.11443278938531876, -0.31444844603538513, -0.13502976298332214, 0.9396218657493591),
            ["HumanoidRootPart"] = CFrame.new(0, 0, 0, 1, 0, 0, 0, 1, 0, 0, 0, 1),
            ["RightUpperLeg"] = CFrame.new(-8.940696716308594e-08, 5.438923835754395e-07, -5.3849362302571535e-08, 0.9677536487579346, 0.2304464727640152, -0.10172296315431595, -0.24264657497406006, 0.961259126663208, -0.13078083097934723, 0.06764421612024307, 0.15124619007110596, 0.9861789345741272),
            ["LeftUpperArm"] = CFrame.new(-1.1920928955078125e-07, -1.1920928955078125e-07, -1.210719347000122e-08, 0.3926290273666382, 0.7457876205444336, 0.5381852388381958, -0.6300269365310669, 0.6444116234779358, -0.4333588778972626, -0.6700063347816467, -0.16892178356647491, 0.7228809595108032),
            ["RightLowerArm"] = CFrame.new(-5.364418029785156e-07, -3.5762786865234375e-07, -1.6391277313232422e-07, 1, -5.960465188081798e-08, 4.4703490686970326e-08, 8.754432911928234e-08, 0.5194982290267944, -0.8544716238975525, 4.4703490686970326e-08, 0.8544715642929077, 0.5194982290267944),
            ["LeftHand"] = CFrame.new(5.997717380523682e-07, 2.980232238769531e-07, 1.0896474123001099e-07, 0.6252395510673523, 0.423201322555542, -0.6557255983352661, -0.44114071130752563, 0.8847489356994629, 0.15038050711154938, 0.6437938213348389, 0.19524343311786652, 0.7398713231086731),
            ["LeftFoot"] = CFrame.new(-8.195638656616211e-08, 5.960464477539063e-08, -1.862645149230957e-08, 0.9080135226249695, 0.3331971764564514, 0.25395074486732483, -0.2917898893356323, 0.9379564523696899, -0.18734082579612732, -0.30061647295951843, 0.09600774943828583, 0.9489007592201233),
            ["LowerTorso"] = CFrame.new(-0.0343371257185936, -0.21933436393737793, 0.049378901720047, 0.9479592442512512, -0.05779958888888359, -0.31310150027275085, 0.07226548343896866, 0.996778666973114, 0.03478532284498215, 0.3100823163986206, -0.055601492524147034, 0.9490824341773987),
            ["RightLowerLeg"] = CFrame.new(-3.725290298461914e-09, -0.000003635883331298828, -0.00001326033816440031, 1, -1.6391282997574308e-07, -3.72529100900465e-08, 8.195640788244418e-08, 0.7688683271408081, 0.639407217502594, -6.891788473240013e-08, -0.6394073367118835, 0.7688683867454529),
            ["LeftUpperLeg"] = CFrame.new(1.7881393432617188e-07, 2.7567148208618164e-07, -1.2665987014770508e-07, 0.810028612613678, 0.175205796957016, 0.5596039891242981, 0.2869775891304016, 0.7137786149978638, -0.6388771533966064, -0.5113683342933655, 0.6781024932861328, 0.5279009938240051),
            ["LeftLowerLeg"] = CFrame.new(0, 0.000003933906555175781, 0.00001309812068939209, 1, 7.351626862828198e-08, 3.9115551686563776e-08, -2.9802322387695312e-08, 0.7307963371276855, 0.6825953125953674, 4.470348358154297e-08, -0.6825956702232361, 0.7307965159416199),
        }},
        {Time = 0.200, Data = {
            ["RightFoot"] = CFrame.new(6.146728992462158e-08, 3.5762786865234375e-07, -6.39629433862865e-08, 0.9887304902076721, -0.1491250842809677, -0.013181460089981556, 0.10320555418729782, 0.742750883102417, -0.6615661382675171, 0.10844647884368896, 0.6527502536773682, 0.749770998954773),
            ["LeftLowerArm"] = CFrame.new(-1.7881393432617188e-07, -5.960464477539063e-08, 2.682209014892578e-07, 1, -3.725290653733282e-08, 1.0710212272613262e-08, 2.9802318834981634e-08, 0.8117456436157227, -0.5840113162994385, 5.960463766996327e-08, 0.5840112566947937, 0.8117455244064331),
            ["RightUpperArm"] = CFrame.new(0, 7.152557373046875e-07, -6.658956408500671e-08, 0.3258287310600281, 0.04050767794251442, 0.9445605874061584, 0.753835916519165, 0.5918341279029846, -0.28541871905326843, -0.5705849528312683, 0.8050414323806763, 0.16230034828186035),
            ["Head"] = CFrame.new(-9.049472282640636e-09, 1.1920928955078125e-07, -2.299930201843381e-08, 0.9989985823631287, 0.03186113014817238, 0.03141189366579056, -0.027843978255987167, 0.9922699928283691, -0.12093397974967957, -0.035022176802158356, 0.11993826180696487, 0.9921635389328003),
            ["RightHand"] = CFrame.new(-1.7881393432617188e-07, -3.5762786865234375e-07, -7.450580596923828e-08, 0.8394004106521606, -0.044584617018699646, 0.5416818857192993, 0.24460242688655853, 0.9209872484207153, -0.3032362163066864, -0.4853624403476715, 0.3870333433151245, 0.783982515335083),
            ["UpperTorso"] = CFrame.new(5.311449058353901e-09, 1.7881393432617188e-07, -4.802132025361061e-09, 0.9406238794326782, 0.058558039367198944, 0.3343617618083954, -0.11071401089429855, 0.9840676784515381, 0.13911627233028412, -0.3208881616592407, -0.16787461936473846, 0.932120680809021),
            ["HumanoidRootPart"] = CFrame.new(0, 0, 0, 1, 0, 0, 0, 1, 0, 0, 0, 1),
            ["RightUpperLeg"] = CFrame.new(-5.960464477539063e-08, 1.448206603527069e-07, -8.178903954103589e-08, 0.968332827091217, 0.1936190128326416, -0.1576174795627594, -0.2133706510066986, 0.9695998430252075, -0.1197880357503891, 0.12963275611400604, 0.14962558448314667, 0.9802079200744629),
            ["LeftUpperArm"] = CFrame.new(-2.384185791015625e-07, 3.5762786865234375e-07, -6.705522537231445e-08, 0.34879058599472046, 0.758256196975708, 0.5508109331130981, -0.6571868062019348, 0.6168909072875977, -0.4330718517303467, -0.6681697368621826, -0.2109343409538269, 0.7134816646575928),
            ["RightLowerArm"] = CFrame.new(-1.4901161193847656e-07, 0.0000012516975402832031, 1.1920928955078125e-07, 1, -1.0803341865539551e-07, 5.960464477539063e-08, 1.1548404188488348e-07, 0.4958706498146057, -0.8683964014053345, 8.940699558479537e-08, 0.8683964014053345, 0.4958706498146057),
            ["LeftHand"] = CFrame.new(-1.4901161193847656e-07, 2.384185791015625e-07, 1.862645149230957e-07, 0.5528157353401184, 0.5151012539863586, -0.6550309658050537, -0.5925995111465454, 0.7956517934799194, 0.12555557489395142, 0.5858503580093384, 0.3187618851661682, 0.7450975179672241),
            ["LeftFoot"] = CFrame.new(2.2351741790771484e-08, 0, 1.862645149230957e-08, 0.9126306772232056, 0.36527368426322937, 0.18352292478084564, -0.3035009801387787, 0.906208336353302, -0.2944035828113556, -0.27384763956069946, 0.21298250555992126, 0.9378944635391235),
            ["LowerTorso"] = CFrame.new(-0.04587752744555473, -0.2865161895751953, 0.0008977428078651428, 0.9436937570571899, -0.07612953335046768, -0.32194167375564575, 0.07319062203168869, 0.9970917105674744, -0.02124173939228058, 0.32262250781059265, -0.003517415141686797, 0.9465211629867554),
            ["RightLowerLeg"] = CFrame.new(4.7730281949043274e-08, -0.0000035762786865234375, -0.000013312026567291468, 1, -6.705523247774181e-08, -8.195638656616211e-08, 1.4528632164001465e-07, 0.6485652327537537, 0.7611591815948486, 2.421438694000244e-08, -0.7611591815948486, 0.6485651135444641),
            ["LeftUpperLeg"] = CFrame.new(1.7881393432617188e-07, -1.5890691429376602e-07, -1.0617077350616455e-07, 0.753170371055603, 0.24632763862609863, 0.6099647283554077, 0.2927868068218231, 0.7048104405403137, -0.6461564302444458, -0.5890758037567139, 0.6652555465698242, 0.4587211012840271),
            ["LeftLowerLeg"] = CFrame.new(-1.4901161193847656e-08, 0.000003993511199951172, 0.0000133514404296875, 1, 8.195637946073475e-08, -2.2351747119842003e-08, -8.940695295223122e-08, 0.5953372120857239, 0.8034759759902954, 7.450579886381092e-08, -0.8034759759902954, 0.5953372716903687),
        }},
        {Time = 0.233, Data = {
            ["RightFoot"] = CFrame.new(-1.862645149230957e-08, 2.980232238769531e-07, -6.349728209897876e-08, 0.9928990006446838, -0.11842850595712662, 0.011244813911616802, 0.09138605743646622, 0.6988165378570557, -0.709439218044281, 0.07615958899259567, 0.7054290771484375, 0.7046770453453064),
            ["LeftLowerArm"] = CFrame.new(2.384185791015625e-07, -3.5762786865234375e-07, -2.9802322387695312e-08, 1, -5.960464477539063e-08, -2.2351745343485163e-08, 0, 0.8106532692909241, -0.5855265259742737, 5.960465188081798e-08, 0.5855265259742737, 0.8106532692909241),
            ["RightUpperArm"] = CFrame.new(0, 2.384185791015625e-07, -1.234002411365509e-08, 0.3054371476173401, 0.04298342391848564, 0.9512415528297424, 0.7478513717651367, 0.6075505018234253, -0.2675832509994507, -0.5894289016723633, 0.7931172847747803, 0.1534232199192047),
            ["Head"] = CFrame.new(-1.885928213596344e-08, -1.1920928955078125e-07, -2.257729647681117e-08, 0.9991209506988525, 0.026985373347997665, 0.032082948833703995, -0.02197127230465412, 0.9888203144073486, -0.14748480916023254, -0.03570420295000076, 0.14665023982524872, 0.9885438680648804),
            ["RightHand"] = CFrame.new(-4.470348358154297e-07, -2.980232238769531e-07, 1.9371509552001953e-07, 0.8402706384658813, -0.0469076931476593, 0.5401342511177063, 0.23661422729492188, 0.9280953407287598, -0.28749382495880127, -0.48781052231788635, 0.3693760931491852, 0.7909502983093262),
            ["UpperTorso"] = CFrame.new(-1.6763806343078613e-08, 2.384185791015625e-07, 1.4901161193847656e-08, 0.9390801191329956, 0.06320612877607346, 0.3378368020057678, -0.12490307539701462, 0.9785003662109375, 0.16412286460399628, -0.3201998770236969, -0.19632136821746826, 0.9267847537994385),
            ["HumanoidRootPart"] = CFrame.new(0, 0, 0, 1, 0, 0, 0, 1, 0, 0, 0, 1),
            ["RightUpperLeg"] = CFrame.new(-2.9802322387695312e-08, -1.126900315284729e-07, 5.75528247281909e-09, 0.9742101430892944, 0.14767326414585114, -0.17060887813568115, -0.16151317954063416, 0.9843679070472717, -0.07023753225803375, 0.1575695425271988, 0.09598167985677719, 0.9828323125839233),
            ["LeftUpperArm"] = CFrame.new(-2.384185791015625e-07, -2.384185791015625e-07, 2.0954757928848267e-08, 0.32389214634895325, 0.7715232372283936, 0.5475819110870361, -0.684843122959137, 0.590519368648529, -0.42693889141082764, -0.6527509689331055, -0.23672550916671753, 0.719636857509613),
            ["RightLowerArm"] = CFrame.new(4.76837158203125e-07, 1.7881393432617188e-07, 1.4901161193847656e-08, 1, -6.332994928470725e-08, 2.9802322387695312e-08, 5.960465188081798e-08, 0.4904920160770416, -0.8714457154273987, 5.2154071283894154e-08, 0.8714457154273987, 0.49049192667007446),
            ["LeftHand"] = CFrame.new(3.725290298461914e-07, 4.172325134277344e-07, -5.066394805908203e-07, 0.47945132851600647, 0.5713186264038086, -0.666124165058136, -0.6962692141532898, 0.70968097448349, 0.10752759873867035, 0.5341682434082031, 0.41224753856658936, 0.7380490303039551),
            ["LeftFoot"] = CFrame.new(7.450580596923828e-09, -5.960464477539063e-08, 1.862645149230957e-09, 0.915979266166687, 0.374065101146698, 0.14511212706565857, -0.3012253940105438, 0.8800408840179443, -0.36713945865631104, -0.2650384306907654, 0.29258066415786743, 0.9187770485877991),
            ["LowerTorso"] = CFrame.new(-0.06139218807220459, -0.31705379486083984, -0.05638628453016281, 0.9422398209571838, -0.08097495883703232, -0.32500335574150085, 0.0598885715007782, 0.9954296946525574, -0.07438532263040543, 0.32954132556915283, 0.05062483251094818, 0.9427829384803772),
            ["RightLowerLeg"] = CFrame.new(-9.12696123123169e-08, -0.0000037550926208496094, -0.000013286415196489543, 1, -1.7136336794010276e-07, 2.2351745343485163e-08, 1.5832485189548606e-07, 0.5938398838043213, 0.8045832514762878, -2.980232594040899e-08, -0.8045833110809326, 0.5938400030136108),
            ["LeftUpperLeg"] = CFrame.new(-5.960464477539063e-08, -1.3317912817001343e-07, -8.940696716308594e-08, 0.7177609801292419, 0.2608712911605835, 0.645573616027832, 0.27959224581718445, 0.7411491274833679, -0.6103489995002747, -0.6376889944076538, 0.6185823678970337, 0.45903053879737854),
            ["LeftLowerLeg"] = CFrame.new(-1.341104507446289e-07, 0.000003814697265625, 0.000013440847396850586, 1, 5.5879347371501353e-08, 1.4901162970204496e-08, -7.078050856534901e-08, 0.5257093906402588, 0.8506641983985901, 1.0430811414607888e-07, -0.8506641983985901, 0.5257094502449036),
        }},
        {Time = 0.267, Data = {
            ["RightFoot"] = CFrame.new(-4.0978193283081055e-08, 4.76837158203125e-07, 5.757465260103345e-08, 0.9932313561439514, -0.10916368663311005, 0.03968455269932747, 0.10698126256465912, 0.7266875505447388, -0.6785866618156433, 0.04523885250091553, 0.6782392859458923, 0.7334474921226501),
            ["LeftLowerArm"] = CFrame.new(2.980232238769531e-07, 5.960464477539063e-08, 5.662441253662109e-07, 1, -5.96046660916727e-08, -5.587936779960501e-09, 1.4901164746561335e-08, 0.8117623329162598, -0.5839880704879761, 2.980232949312267e-08, 0.5839881300926208, 0.8117623329162598),
            ["RightUpperArm"] = CFrame.new(-1.7881393432617188e-07, -4.76837158203125e-07, -5.471520125865936e-09, 0.32900142669677734, 0.034296683967113495, 0.9437064528465271, 0.718062162399292, 0.6399481296539307, -0.27359306812286377, -0.6133065819740295, 0.7676523923873901, 0.18591663241386414),
            ["Head"] = CFrame.new(-3.3993273973464966e-08, -5.960464477539062e-07, -2.6935595087707043e-08, 0.9993804693222046, 0.014670917764306068, 0.03199367970228195, -0.010171175003051758, 0.9905846118927002, -0.13652433454990387, -0.03369538486003876, 0.13611434400081635, 0.9901199340820312),
            ["RightHand"] = CFrame.new(4.470348358154297e-08, -3.5762786865234375e-07, -1.4901161193847656e-07, 0.8003709316253662, 0.03612654656171799, 0.5984156727790833, 0.1610482633113861, 0.9485349059104919, -0.27266281843185425, -0.5774685144424438, 0.3146052658557892, 0.7533615827560425),
            ["UpperTorso"] = CFrame.new(-1.6763806343078613e-08, 1.7881393432617188e-07, 5.21540641784668e-08, 0.9414545297622681, 0.049873001873493195, 0.3334308862686157, -0.12090516835451126, 0.973158061504364, 0.19581986963748932, -0.31471487879753113, -0.22466902434825897, 0.9222139120101929),
            ["HumanoidRootPart"] = CFrame.new(0, 0, 0, 1, 0, 0, 0, 1, 0, 0, 0, 1),
            ["RightUpperLeg"] = CFrame.new(5.960464477539063e-08, 3.832392394542694e-07, -4.639878170564771e-08, 0.9919728636741638, 0.07459814846515656, -0.10210370272397995, -0.08321463316679001, 0.9930770993232727, -0.0829048901796341, 0.09521210938692093, 0.09073583781719208, 0.9913131594657898),
            ["LeftUpperArm"] = CFrame.new(0, -0.0000010728836059570312, -2.3283064365386963e-09, 0.3183726668357849, 0.786872148513794, 0.5286504626274109, -0.7096953392028809, 0.5675599575042725, -0.41738250851631165, -0.6284673810005188, -0.24229763448238373, 0.7391350865364075),
            ["RightLowerArm"] = CFrame.new(0, 4.172325134277344e-07, 3.2782554626464844e-07, 1, -9.685758328714655e-08, 1.4901164746561335e-08, 8.754435043556441e-08, 0.5236340761184692, -0.8519433736801147, 5.96046660916727e-08, 0.85194331407547, 0.5236339569091797),
            ["LeftHand"] = CFrame.new(4.246830940246582e-07, 3.5762786865234375e-07, 5.960464477539063e-08, 0.4276180565357208, 0.5994659662246704, -0.6765968203544617, -0.7549079060554504, 0.6485432982444763, 0.0974988266825676, 0.4972494840621948, 0.4690759778022766, 0.7298703789710999),
            ["LeftFoot"] = CFrame.new(-3.725290298461914e-09, -2.980232238769531e-07, 2.9802322387695312e-08, 0.9626237154006958, 0.25232112407684326, -0.09843530505895615, -0.27038657665252686, 0.9163614511489868, -0.29525095224380493, 0.01570398174226284, 0.3108309507369995, 0.9503354430198669),
