return {
    ["Flashbang Dance"] = {
        {Time = 0.000, Data = {
            ["RightFoot"] = CFrame.new(1.288026396650821e-08, 2.980232238769531e-07, -8.207280188798904e-08, 0.9939085245132446, -0.007598343305289745, -0.10994633287191391, -0.03472128137946129, 0.9252272844314575, -0.3778209984302521, 0.10459615290164948, 0.37933728098869324, 0.9193276762962341),
            ["LeftLowerArm"] = CFrame.new(1.7881393432617188e-07, 2.384185791015625e-07, -2.9802322387695312e-08, 1, -8.940694584680386e-08, 1.7881390590446244e-07, 1.1548399925231934e-07, -0.3955429494380951, -0.9184474945068359, 1.51805579662323e-07, 0.9184474945068359, -0.3955429494380951),
            ["RightUpperArm"] = CFrame.new(-5.960464477539063e-08, 1.1920928955078125e-07, 1.30385160446167e-08, 0.9072567224502563, -0.4127708077430725, -0.08065694570541382, 0.41841229796409607, 0.8663983345031738, 0.2725529074668884, -0.04262084513902664, -0.2810232639312744, 0.9587540626525879),
            ["Head"] = CFrame.new(-7.043126970529556e-09, 2.384185791015625e-07, 8.09086486697197e-09, 0.9846682548522949, -0.1607380509376526, 0.06776182353496552, 0.095510333776474, 0.8218547701835632, 0.5616339445114136, -0.1459662914276123, -0.5465511679649353, 0.8246064186096191),
            ["RightHand"] = CFrame.new(-1.51805579662323e-07, 5.960464477539063e-08, -7.450580596923828e-09, 0.9673643112182617, -0.25294482707977295, -0.015010811388492584, 0.22678318619728088, 0.8378425240516663, 0.4965776205062866, -0.11303004622459412, -0.48377570509910583, 0.8678625226020813),
            ["UpperTorso"] = CFrame.new(9.313225746154785e-09, -1.1920928955078125e-07, 3.725290298461914e-09, 0.9713596105575562, 0.0658164769411087, -0.22831714153289795, 0.0029350360855460167, 0.9574764370918274, 0.28849658370018005, 0.2375960797071457, -0.28090402483940125, 0.9298608303070068),
            ["HumanoidRootPart"] = CFrame.new(0, 0, 0, 1, 0, 0, 0, 1, 0, 0, 0, 1),
            ["RightUpperLeg"] = CFrame.new(-2.9802322387695312e-08, -8.754432201385498e-08, -4.267349140718579e-08, 0.9249601364135742, -0.3395671546459198, 0.17071309685707092, 0.3756672441959381, 0.8849683403968811, -0.2751457393169403, -0.057645298540592194, 0.3186302185058594, 0.9461246132850647),
            ["LeftUpperArm"] = CFrame.new(0, 2.384185791015625e-07, 4.6566128730773926e-09, 0.35499462485313416, 0.07535600662231445, -0.9318262934684753, -0.4228396415710449, 0.9019068479537964, -0.08815132081508636, 0.833777904510498, 0.4253063201904297, 0.35203561186790466),
            ["RightLowerArm"] = CFrame.new(-2.980232238769531e-07, 3.5762786865234375e-07, -9.685754776000977e-08, 1, -1.6996636986732483e-08, -1.1175870895385742e-08, 3.3527612686157227e-08, 0.9332593083381653, -0.359203577041626, 1.862645149230957e-08, 0.359203577041626, 0.9332592487335205),
            ["LeftHand"] = CFrame.new(-1.4901161193847656e-07, 5.960464477539063e-08, -2.086162567138672e-07, 0.6833503842353821, 0.19711162149906158, -0.7029788494110107, -0.35106730461120605, 0.9329547882080078, -0.07966924458742142, 0.6401438117027283, 0.3012348413467407, 0.7067344188690186),
            ["LeftFoot"] = CFrame.new(-2.613546712382231e-08, 0, -7.992639439180493e-09, 0.9843493103981018, 0.039334703236818314, -0.17178280651569366, -0.10952984541654587, 0.9001879692077637, -0.4215031862258911, 0.13805711269378662, 0.43372172117233276, 0.8904076218605042),
            ["LowerTorso"] = CFrame.new(-0.23372691869735718, -0.2895393371582031, -9.910509746191565e-09, 0.9705170392990112, 0.0861668661236763, 0.22510424256324768, -0.04377022758126259, 0.9813934564590454, -0.1869526505470276, -0.2370249181985855, 0.17158788442611694, 0.9562305212020874),
            ["RightLowerLeg"] = CFrame.new(-7.450580596923828e-09, -0.000003635883331298828, -0.000013394448615144938, 1, -1.9371502446574596e-07, -1.0430815677864302e-07, 8.195635814445268e-08, 0.3174314498901367, 0.9482811093330383, -4.4703469370688254e-08, -0.9482812881469727, 0.31743189692497253),
            ["LeftUpperLeg"] = CFrame.new(0, 9.685754776000977e-08, 1.4901161193847656e-08, 0.9876940846443176, 0.016688980162143707, 0.15550567209720612, 0.05633843317627907, 0.8895741105079651, -0.45330309867858887, -0.14589905738830566, 0.45648595690727234, 0.8776868581771851),
            ["LeftLowerLeg"] = CFrame.new(1.0058283805847168e-07, 0.0000036954879760742188, 0.000013470649719238281, 1, 7.078051567077637e-08, 4.284084198502569e-08, -7.82310962677002e-08, 0.44201821088790894, 0.8970062136650085, 5.4016709327697754e-08, -0.8970061540603638, 0.44201818108558655),
        }},
        {Time = 0.042, Data = {
            ["RightFoot"] = CFrame.new(-1.224361767526716e-07, 2.384185791015625e-07, -1.9950675778090954e-08, 0.9954215884208679, 0.0022082373034209013, -0.09555640071630478, -0.03791968524456024, 0.9268161654472351, -0.37359553575515747, 0.08773836493492126, 0.3755091726779938, 0.9226567149162292),
            ["LeftLowerArm"] = CFrame.new(-1.4901161193847656e-07, -5.960464477539063e-08, -1.2665987014770508e-07, 1, -1.1175872316471214e-07, 2.2351744632942427e-07, 1.0430814256778831e-07, -0.39004984498023987, -0.9207938313484192, 1.7974528532249678e-07, 0.9207937717437744, -0.3900498151779175),
            ["RightUpperArm"] = CFrame.new(0, 2.384185791015625e-07, -6.332993507385254e-08, 0.9040180444717407, -0.39569756388664246, -0.16178622841835022, 0.42715728282928467, 0.8511419296264648, 0.3051132261753082, 0.01697048358619213, -0.3449360132217407, 0.9384728074073792),
            ["Head"] = CFrame.new(2.4156179279088974e-09, 0, -5.296897143125534e-08, 0.985730767250061, -0.15738049149513245, 0.059718307107686996, 0.09734126180410385, 0.8223832845687866, 0.5605449080467224, -0.13733012974262238, -0.5467332005500793, 0.8259680271148682),
            ["RightHand"] = CFrame.new(-8.66129994392395e-08, -1.1920928955078125e-07, -1.862645149230957e-08, 0.9673311710357666, -0.2528168559074402, -0.01881788857281208, 0.2302566021680832, 0.8450980186462402, 0.4824845790863037, -0.10607729107141495, -0.4710553288459778, 0.8757023811340332),
            ["UpperTorso"] = CFrame.new(2.514570951461792e-08, -2.086162567138672e-07, -3.725290298461914e-09, 0.9730859398841858, 0.06416711956262589, -0.22132855653762817, 0.001177194295451045, 0.9590535163879395, 0.2832224667072296, 0.23043948411941528, -0.27586033940315247, 0.9331660270690918),
            ["HumanoidRootPart"] = CFrame.new(0, 0, 0, 1, 0, 0, 0, 1, 0, 0, 0, 1),
            ["RightUpperLeg"] = CFrame.new(5.960464477539063e-08, -2.644956111907959e-07, 2.438173396512866e-08, 0.9259654879570007, -0.34559786319732666, 0.15215174853801727, 0.3755717873573303, 0.8846907019615173, -0.2761668264865875, -0.03916458785533905, 0.31286492943763733, 0.9489898681640625),
            ["LeftUpperArm"] = CFrame.new(5.960464477539063e-08, 3.5762786865234375e-07, -4.377216100692749e-08, 0.35731953382492065, 0.08024634420871735, -0.930528461933136, -0.42656147480010986, 0.9003459215164185, -0.08615455776453018, 0.8308839201927185, 0.42771226167678833, 0.35594114661216736),
            ["RightLowerArm"] = CFrame.new(-1.1920928955078125e-07, 1.7881393432617188e-07, 7.450580596923828e-08, 1, -3.527383540813389e-08, 1.303851426825986e-08, 4.0978193283081055e-08, 0.9164990186691284, -0.40003702044487, 7.450580596923828e-09, 0.40003702044487, 0.9164990186691284),
            ["LeftHand"] = CFrame.new(-1.4901161193847656e-07, 0, 3.2782554626464844e-07, 0.6804421544075012, 0.19611221551895142, -0.7060725092887878, -0.3513120114803314, 0.9328813552856445, -0.07945079356431961, 0.6431006789207458, 0.30211344361305237, 0.7036682963371277),
            ["LeftFoot"] = CFrame.new(-2.2063886717660353e-08, 0, -7.612925401190296e-09, 0.9872295260429382, 0.034137703478336334, -0.15560348331928253, -0.09612444043159485, 0.9065659046173096, -0.4109728932380676, 0.1270352154970169, 0.42068159580230713, 0.8982699513435364),
            ["LowerTorso"] = CFrame.new(-0.22816751897335052, -0.274319052696228, 0.000329683069139719, 0.971942663192749, 0.08369408547878265, 0.21982447803020477, -0.04387250915169716, 0.9826603531837463, -0.1801496297121048, -0.231090247631073, 0.16545085608959198, 0.9587613344192505),
            ["RightLowerLeg"] = CFrame.new(7.450580596923828e-09, -0.0000033974647521972656, -0.000013305041647981852, 1, -1.937150670983101e-07, -1.4528639269428822e-07, 1.1175869474300271e-07, 0.35149016976356506, 0.9361914396286011, -1.341104365337742e-07, -0.9361916184425354, 0.35149064660072327),
            ["LeftUpperLeg"] = CFrame.new(-1.7881393432617188e-07, -1.8440186977386475e-07, 0, 0.9894209504127502, 0.011650361120700836, 0.1446041315793991, 0.05424794927239418, 0.8947466015815735, -0.44326701760292053, -0.13454829156398773, 0.4464223086833954, 0.8846491575241089),
            ["LeftLowerLeg"] = CFrame.new(-2.60770320892334e-08, 0.000003933906555175781, 0.000013321638107299805, 1, 9.126964783945368e-08, 7.17118453508192e-08, -1.1175870895385742e-07, 0.4713056683540344, 0.881970226764679, 5.029141902923584e-08, -0.8819699883460999, 0.47130537033081055),
        }},
        {Time = 0.083, Data = {
            ["RightFoot"] = CFrame.new(1.269982021767646e-07, 2.384185791015625e-07, 3.914465196430683e-09, 0.9978302121162415, 0.029140163213014603, -0.05904076248407364, -0.048509273678064346, 0.9316915273666382, -0.3599964380264282, 0.04451749473810196, 0.36207982897758484, 0.9310836791992188),
            ["LeftLowerArm"] = CFrame.new(-3.2782554626464844e-07, 2.384185791015625e-07, 1.862645149230957e-07, 1, -1.3411046495548362e-07, 1.5646217832454568e-07, 1.1548401346317405e-07, -0.37578901648521423, -0.9267053008079529, 1.7136336794010276e-07, 0.9267053604125977, -0.37578895688056946),
            ["RightUpperArm"] = CFrame.new(0, -1.1920928955078125e-07, 2.8870999813079834e-08, 0.8979220390319824, -0.37604817748069763, -0.22874392569065094, 0.4347376227378845, 0.8389849066734314, 0.3272731304168701, 0.06884223967790604, -0.3933092951774597, 0.9168252348899841),
            ["Head"] = CFrame.new(2.2293534129858017e-08, -2.384185791015625e-07, 1.949956640601158e-08, 0.988028883934021, -0.14801785349845886, 0.04347270727157593, 0.0988607406616211, 0.8238297700881958, 0.5581496953964233, -0.1184302270412445, -0.5471702218055725, 0.8286007046699524),
            ["RightHand"] = CFrame.new(-1.210719347000122e-08, -2.980232238769531e-07, 0, 0.9671149253845215, -0.25295117497444153, -0.026541493833065033, 0.23881042003631592, 0.8672014474868774, 0.4369567334651947, -0.08751187473535538, -0.42892569303512573, 0.8990909457206726),
            ["UpperTorso"] = CFrame.new(-3.725290298461914e-09, -8.940696716308594e-08, -1.4901161193847656e-08, 0.9775823354721069, 0.05947842448949814, -0.20197802782058716, -0.0028200820088386536, 0.962884247303009, 0.269900381565094, 0.21053467690944672, -0.2632802426815033, 0.9414662718772888),
            ["HumanoidRootPart"] = CFrame.new(0, 0, 0, 1, 0, 0, 0, 1, 0, 0, 0, 1),
            ["RightUpperLeg"] = CFrame.new(-2.9802322387695312e-08, 1.5459954738616943e-07, 1.6931153368204832e-08, 0.9284856915473938, -0.3564937710762024, 0.10405117273330688, 0.37131255865097046, 0.8863095045089722, -0.2767353951931, 0.006432912312448025, 0.29558026790618896, 0.9552962183952332),
            ["LeftUpperArm"] = CFrame.new(0, -1.1920928955078125e-07, 2.60770320892334e-08, 0.3639027178287506, 0.09326117485761642, -0.9267562627792358, -0.435951292514801, 0.8963192701339722, -0.08098354190587997, 0.8231168985366821, 0.43349069356918335, 0.36683031916618347),
            ["RightLowerArm"] = CFrame.new(-1.1920928955078125e-07, -6.556510925292969e-07, -8.940696716308594e-08, 1, -5.413312464952469e-08, 1.6763806343078613e-08, 6.51925713412993e-09, 0.8953579664230347, -0.44534730911254883, -1.1175869119028903e-08, 0.4453473389148712, 0.8953579068183899),
            ["LeftHand"] = CFrame.new(-1.7881393432617188e-07, -1.1920928955078125e-07, 1.9371509552001953e-07, 0.6729180812835693, 0.19339342415332794, -0.7139890193939209, -0.3518182933330536, 0.9327341318130493, -0.07893705368041992, 0.6506960391998291, 0.30431243777275085, 0.6956928968429565),
            ["LeftFoot"] = CFrame.new(4.470149406188284e-08, -1.1920928955078125e-07, 1.6416379367001355e-09, 0.9925151467323303, 0.020373018458485603, -0.12041094899177551, -0.06516456604003906, 0.9222363233566284, -0.3810957074165344, 0.10328326374292374, 0.3860897719860077, 0.9166609644889832),
            ["LowerTorso"] = CFrame.new(-0.21187791228294373, -0.23544085025787354, 0.0010989427100867033, 0.9759312272071838, 0.0768110379576683, 0.2041037380695343, -0.04352439567446709, 0.9856929183006287, -0.16283515095710754, -0.2136911153793335, 0.1500324308872223, 0.9653115272521973),
            ["RightLowerLeg"] = CFrame.new(2.9802322387695312e-08, -0.0000034570693969726562, -0.0000133199428091757, 1, -1.0430811414607888e-07, -7.450584149637507e-08, 1.4156104555240745e-07, 0.4405425190925598, 0.897731602191925, -1.1175872316471214e-07, -0.8977317810058594, 0.44054293632507324),
            ["LeftUpperLeg"] = CFrame.new(0, 5.4016709327697754e-08, 7.450580596923828e-09, 0.9924355149269104, 0.0060699195601046085, 0.12261773645877838, 0.04566504806280136, 0.9088609218597412, -0.414591908454895, -0.11395896226167679, 0.4170551896095276, 0.9017086029052734),
            ["LeftLowerLeg"] = CFrame.new(9.12696123123169e-08, 0.000003993511199951172, 0.000013232231140136719, 1, 7.078052277620372e-08, 2.6077035641947077e-08, -7.078051567077637e-08, 0.5470160245895386, 0.8371221423149109, -2.60770320892334e-08, -0.8371222615242004, 0.5470161437988281),
        }},
        {Time = 0.125, Data = {
            ["RightFoot"] = CFrame.new(4.887579052592628e-08, 4.172325134277344e-07, -1.8910213839262724e-08, 0.9975232481956482, 0.06956779211759567, -0.010377222672104836, -0.06904033571481705, 0.9402115345001221, -0.3335200548171997, -0.013445459306240082, 0.33341068029403687, 0.9426860213279724),
            ["LeftLowerArm"] = CFrame.new(-2.384185791015625e-07, -4.76837158203125e-07, -7.450580596923828e-08, 1, -5.960463766996327e-08, 1.7881393432617188e-07, 6.705522537231445e-08, -0.35605481266975403, -0.9344651699066162, 1.7043203115463257e-07, 0.9344651103019714, -0.35605475306510925),
            ["RightUpperArm"] = CFrame.new(0, -1.1920928955078125e-07, -1.1175870895385742e-08, 0.8923003673553467, -0.35300734639167786, -0.28139999508857727, 0.43725839257240295, 0.8308387994766235, 0.3442557454109192, 0.1122732013463974, -0.4302240312099457, 0.8957131505012512),
            ["Head"] = CFrame.new(1.5133991837501526e-09, -3.5762786865234375e-07, -4.720641300082207e-08, 0.9905399084091187, -0.13370388746261597, 0.030886702239513397, 0.09414675831794739, 0.8259000182151794, 0.5559006929397583, -0.09983539581298828, -0.5477339625358582, 0.8306746482849121),
            ["RightHand"] = CFrame.new(1.0989606380462646e-07, -3.5762786865234375e-07, 4.6566128730773926e-09, 0.9666383862495422, -0.254071444272995, -0.0325288251042366, 0.24890565872192383, 0.901732861995697, 0.35344594717025757, -0.06046820804476738, -0.34975096583366394, 0.9348892569541931),
            ["UpperTorso"] = CFrame.new(1.1175870895385742e-08, -5.960464477539063e-08, 1.30385160446167e-08, 0.9835959076881409, 0.052208151668310165, -0.1726655811071396, -0.0070869093760848045, 0.967646062374115, 0.2522120475769043, 0.18024668097496033, -0.2468510866165161, 0.9521427750587463),
            ["HumanoidRootPart"] = CFrame.new(0, 0, 0, 1, 0, 0, 0, 1, 0, 0, 0, 1),
            ["RightUpperLeg"] = CFrame.new(0, -2.2351741790771484e-07, 2.029992174357176e-09, 0.93193119764328, -0.36072325706481934, 0.037188682705163956, 0.3569546043872833, 0.894416332244873, -0.2694491147994995, 0.06393440067768097, 0.26438263058662415, 0.9622963070869446),
            ["LeftUpperArm"] = CFrame.new(1.1920928955078125e-07, -1.1920928955078125e-07, -3.5390257835388184e-08, 0.3741074204444885, 0.11192119121551514, -0.9206070303916931, -0.4483594596385956, 0.890792965888977, -0.07390345633029938, 0.8117989301681519, 0.4404107928276062, 0.38343319296836853),
            ["RightLowerArm"] = CFrame.new(-1.1920928955078125e-07, -2.384185791015625e-07, -1.4901161193847656e-08, 1, -6.92089159315401e-08, 5.005858394468987e-09, -1.862645149230957e-08, 0.8578148484230042, -0.5139589309692383, 1.862645149230957e-08, 0.5139590501785278, 0.8578147292137146),
            ["LeftHand"] = CFrame.new(1.9371509552001953e-07, 0, 6.705522537231445e-08, 0.6625677943229675, 0.1893726885318756, -0.7246668338775635, -0.3522452414035797, 0.9326229691505432, -0.07834361493587494, 0.6610047221183777, 0.3071683347225189, 0.6846314668655396),
            ["LeftFoot"] = CFrame.new(1.7352022041450255e-09, -1.1920928955078125e-07, -3.992681740783155e-09, 0.9965243339538574, 0.0006963088526390493, -0.0833001509308815, -0.028557684272527695, 0.9422250986099243, -0.3337608575820923, 0.07825513929128647, 0.334979772567749, 0.9389700889587402),
            ["LowerTorso"] = CFrame.new(-0.18544062972068787, -0.18307709693908691, 0.00197807839140296, 0.9817803502082825, 0.06642597913742065, 0.17803068459033966, -0.041606999933719635, 0.9893219470977783, -0.13968226313591003, -0.18540817499160767, 0.1297300010919571, 0.9740605354309082),
            ["RightLowerLeg"] = CFrame.new(6.51925802230835e-08, -0.0000036954879760742188, -0.0000133199428091757, 1, -1.266598843585598e-07, -8.940696716308594e-08, 8.009374141693115e-08, 0.56629878282547, 0.8241997957229614, -7.450580596923828e-08, -0.8242000937461853, 0.5662991404533386),
            ["LeftUpperLeg"] = CFrame.new(0, -8.66129994392395e-08, 2.9802322387695312e-08, 0.9944289326667786, 0.011291696690022945, 0.10480257868766785, 0.028184866532683372, 0.9295615553855896, -0.3675881624221802, -0.10157112777233124, 0.3684941828250885, 0.924064576625824),
            ["LeftLowerLeg"] = CFrame.new(-7.316702976822853e-08, 0.0000036954879760742188, 0.000013306736946105957, 1, 1.0256191274038429e-07, -1.0841175956954885e-08, -5.430775473769245e-08, 0.6510448455810547, 0.7590391635894775, 1.8335415408188283e-09, -0.7590392827987671, 0.6510449647903442),
        }},
        {Time = 0.167, Data = {
            ["RightFoot"] = CFrame.new(3.985383045801427e-08, 2.384185791015625e-07, -4.1640305425971746e-08, 0.9923418760299683, 0.11638538539409637, 0.041377682238817215, -0.0995112806558609, 0.9517145752906799, -0.29040804505348206, -0.0731789842247963, 0.28406664729118347, 0.9560078978538513),
            ["LeftLowerArm"] = CFrame.new(5.960464477539063e-08, -4.172325134277344e-07, 2.9802322387695312e-08, 1, -6.70552182668871e-08, 1.1548398504146462e-07, 1.043081283569336e-07, -0.33406081795692444, -0.9425514936447144, 1.341104507446289e-07, 0.9425515532493591, -0.3340608477592468),
            ["RightUpperArm"] = CFrame.new(1.1920928955078125e-07, 5.960464477539062e-07, -1.4901161193847656e-08, 0.8921334743499756, -0.32960277795791626, -0.3089658319950104, 0.4294215440750122, 0.8311269283294678, 0.3533061146736145, 0.14033915102481842, -0.44787272810935974, 0.8830147385597229),
            ["Head"] = CFrame.new(8.96397978067398e-09, 5.960464477539062e-07, -1.682201400399208e-08, 0.9927976131439209, -0.11565494537353516, 0.03125717118382454, 0.07899939268827438, 0.8281236886978149, 0.5549507737159729, -0.09006759524345398, -0.5484844446182251, 0.8312957286834717),
            ["RightHand"] = CFrame.new(-9.313225746154785e-08, 0, -1.4901161193847656e-08, 0.9661911129951477, -0.25597578287124634, -0.030838552862405777, 0.2562623620033264, 0.9402776956558228, 0.22407042980194092, -0.028359804302453995, -0.22439762949943542, 0.9740850329399109),
            ["UpperTorso"] = CFrame.new(-5.122274160385132e-09, -2.682209014892578e-07, -5.587935447692871e-09, 0.9898087382316589, 0.042755741626024246, -0.13583272695541382, -0.009900936856865883, 0.9722164273262024, 0.23387427628040314, 0.14205828309059143, -0.23014596104621887, 0.9627317786216736),
            ["HumanoidRootPart"] = CFrame.new(0, 0, 0, 1, 0, 0, 0, 1, 0, 0, 0, 1),
            ["RightUpperLeg"] = CFrame.new(-5.960464477539063e-08, 6.984919309616089e-09, 2.029992174357176e-09, 0.9367179870605469, -0.3482212424278259, -0.03607427701354027, 0.32946330308914185, 0.9116921424865723, -0.24550211429595947, 0.11837774515151978, 0.21808116137981415, 0.9687246084213257),
            ["LeftUpperArm"] = CFrame.new(5.960464477539063e-08, 4.76837158203125e-07, -3.632158041000366e-08, 0.3873642086982727, 0.133705273270607, -0.9121798276901245, -0.46116122603416443, 0.8848481774330139, -0.06613659858703613, 0.7982978224754333, 0.4462808072566986, 0.4044181704521179),
            ["RightLowerArm"] = CFrame.new(-2.682209014892578e-07, 2.980232238769531e-07, 2.9802322387695312e-08, 1, -7.031488280517806e-08, 3.3527619791584584e-08, 3.352762334429826e-08, 0.790316641330719, -0.6126986742019653, 7.450583261459087e-09, 0.6126987934112549, 0.790316641330719),
            ["LeftHand"] = CFrame.new(7.450580596923828e-08, -1.1920928955078125e-07, 1.9371509552001953e-07, 0.6512404680252075, 0.1844884157180786, -0.7361043691635132, -0.35225898027420044, 0.9326550960540771, -0.07789821177721024, 0.672160267829895, 0.31002989411354065, 0.6723706126213074),
            ["LeftFoot"] = CFrame.new(-1.2139310001657577e-08, 1.1920928955078125e-07, -6.041318556526676e-09, 0.9983968138694763, -0.02335295081138611, -0.05156240612268448, 0.008437784388661385, 0.9621514081954956, -0.2723848521709442, 0.05597180128097534, 0.2715129256248474, 0.9608058333396912),
            ["LowerTorso"] = CFrame.new(-0.14943788945674896, -0.12739884853363037, 0.002637428930029273, 0.9884697198867798, 0.05338648334145546, 0.14169509708881378, -0.03705674782395363, 0.9926183819770813, -0.11547987163066864, -0.146814227104187, 0.10889759659767151, 0.9831514954566956),
            ["RightLowerLeg"] = CFrame.new(3.585591912269592e-08, -0.0000033974647521972656, -0.000013241711712908, 1, -1.0104852066206149e-07, -5.494804611316795e-08, 6.472692604120311e-08, 0.7073625922203064, 0.7068508863449097, -4.190951941041021e-08, -0.7068510055541992, 0.707362711429596),
            ["LeftUpperLeg"] = CFrame.new(8.940696716308594e-08, -7.636845111846924e-08, -7.450580596923828e-09, 0.9944884777069092, 0.030384942889213562, 0.10034654289484024, 0.0014034789055585861, 0.9531418681144714, -0.30252042412757874, -0.10483648627996445, 0.30099403858184814, 0.947845995426178),
            ["LeftLowerLeg"] = CFrame.new(-7.450580596923828e-08, 0.0000036954879760742188, 0.000013276934623718262, 1, 5.2154071283894154e-08, 5.308539385850963e-08, -4.4703490686970326e-08, 0.7639268636703491, 0.6453030109405518, 2.6077035641947077e-08, -0.6453028321266174, 0.7639268040657043),
        }},
        {Time = 0.208, Data = {
            ["RightFoot"] = CFrame.new(6.268510333029553e-08, 2.980232238769531e-07, -6.972550181671977e-08, 0.9834021925926208, 0.15775571763515472, 0.08962953090667725, -0.133848175406456, 0.9642676711082458, -0.22863180935382843, -0.12249492108821869, 0.21284055709838867, 0.9693782329559326),
            ["LeftLowerArm"] = CFrame.new(-5.960464477539063e-08, 2.384185791015625e-07, 5.960464477539063e-08, 1, -9.685753354915505e-08, 5.21540641784668e-08, 9.685754776000977e-08, -0.31294721364974976, -0.9497705698013306, 1.7508864402770996e-07, 0.9497705698013306, -0.31294727325439453),
            ["RightUpperArm"] = CFrame.new(-5.960464477539063e-08, 2.384185791015625e-07, -4.423782229423523e-08, 0.8995965123176575, -0.30917051434516907, -0.3084474802017212, 0.40846216678619385, 0.8455827832221985, 0.34372735023498535, 0.15454748272895813, -0.4352049231529236, 0.8869677782058716),
            ["Head"] = CFrame.new(-1.155422069132328e-08, 1.1920928955078125e-07, -5.8520527090877295e-08, 0.994452953338623, -0.09583459794521332, 0.04334936663508415, 0.05580397695302963, 0.8300566077232361, 0.5548802018165588, -0.08915914595127106, -0.5493831634521484, 0.8308001756668091),
            ["RightHand"] = CFrame.new(-1.4808028936386108e-07, -1.1920928955078125e-07, 5.587935447692871e-09, 0.9670394659042358, -0.2539726197719574, -0.018238835036754608, 0.2545996308326721, 0.9654966592788696, 0.054729290306568146, 0.003709806129336357, -0.05756894126534462, 0.9983347058296204),
            ["UpperTorso"] = CFrame.new(1.7462298274040222e-08, -5.960464477539063e-08, -9.313225746154785e-10, 0.9950817823410034, 0.03129145875573158, -0.09398499876260757, -0.0100277503952384, 0.9757419228553772, 0.2186940461397171, 0.09854836761951447, -0.21667596697807312, 0.9712567925453186),
            ["HumanoidRootPart"] = CFrame.new(0, 0, 0, 1, 0, 0, 0, 1, 0, 0, 0, 1),
            ["RightUpperLeg"] = CFrame.new(1.1920928955078125e-07, 2.8405338525772095e-07, -2.032174961641431e-08, 0.9441705942153931, -0.3136044144630432, -0.10096659511327744, 0.2897631824016571, 0.9362926483154297, -0.19847805798053741, 0.15677788853645325, 0.15814058482646942, 0.9748908877372742),
            ["LeftUpperArm"] = CFrame.new(5.960464477539063e-08, 0, -8.288770914077759e-08, 0.4032760262489319, 0.15601521730422974, -0.9016805291175842, -0.4717582166194916, 0.8797672390937805, -0.058769870549440384, 0.7840999364852905, 0.4490756094455719, 0.4283904433250427),
            ["RightLowerArm"] = CFrame.new(-5.960464477539062e-07, -1.1920928955078125e-07, -2.384185791015625e-07, 1, -7.450581307466564e-08, 2.0489096641540527e-08, 5.21540641784668e-08, 0.6596755981445312, -0.7515504360198975, 7.450580596923828e-09, 0.751550555229187, 0.659675657749176),
            ["LeftHand"] = CFrame.new(1.4901161193847656e-07, 0, 1.564621925354004e-07, 0.6408915519714355, 0.17921248078346252, -0.7464187145233154, -0.35153499245643616, 0.9329329133033752, -0.0778418481349945, 0.682408332824707, 0.3122806251049042, 0.6609082818031311),
            ["LeftFoot"] = CFrame.new(-1.0420637863717275e-07, 0, -9.31493104872061e-10, 0.9983423948287964, -0.051439523696899414, -0.025815775617957115, 0.04511623829603195, 0.9779510498046875, -0.2039029896259308, 0.03573516383767128, 0.20240038633346558, 0.9786507487297058),
            ["LowerTorso"] = CFrame.new(-0.1044514924287796, -0.07857680320739746, 0.0027473331429064274, 0.9947134852409363, 0.038239601999521255, 0.09530407190322876, -0.029133666306734085, 0.9950346350669861, -0.09516990929841995, -0.09847011417150497, 0.09189023822546005, 0.9908884167671204),
            ["RightLowerLeg"] = CFrame.new(7.636845111846924e-08, -0.0000035762786865234375, -0.000013347882486414164, 1, -5.7742006731587026e-08, -2.2351745343485163e-08, 5.960463766996327e-08, 0.8382351398468018, 0.545308530330658, -1.7695127141337252e-08, -0.5453090071678162, 0.8382354378700256),
            ["LeftUpperLeg"] = CFrame.new(-1.1920928955078125e-07, 1.6298145055770874e-07, -7.450580596923828e-09, 0.9916836023330688, 0.061046041548252106, 0.11330147832632065, -0.034519147127866745, 0.9742553234100342, -0.22278942167758942, -0.12398489564657211, 0.21702545881271362, 0.9682601690292358),
            ["LeftLowerLeg"] = CFrame.new(5.587935447692871e-08, 0.0000040531158447265625, 0.000013262033462524414, 1, 3.236345946788788e-08, 2.8870996260366155e-08, -5.960463056453591e-08, 0.8642036318778992, 0.5031420588493347, 1.1175868230850483e-08, -0.503142237663269, 0.8642037510871887),
        }},
        {Time = 0.250, Data = {
            ["RightFoot"] = CFrame.new(6.323080015135929e-08, 2.980232238769531e-07, 1.495209289714694e-08, 0.9752367734909058, 0.17872796952724457, 0.13026803731918335, -0.15752170979976654, 0.9747738838195801, -0.158122718334198, -0.1552429497241974, 0.13368725776672363, 0.9787887930870056),
            ["LeftLowerArm"] = CFrame.new(0, 4.76837158203125e-07, -1.2665987014770508e-07, 1, -1.341104365337742e-07, 1.564621925354004e-07, 1.043081283569336e-07, -0.2958551347255707, -0.9552328586578369, 1.1548399925231934e-07, 0.9552327990531921, -0.29585516452789307),
            ["RightUpperArm"] = CFrame.new(1.1920928955078125e-07, -2.384185791015625e-07, -1.1641532182693481e-08, 0.9070317149162292, -0.2956690490245819, -0.29978886246681213, 0.385039746761322, 0.8705676198005676, 0.3063599765300751, 0.1704053431749344, -0.39330872893333435, 0.9034767746925354),
            ["Head"] = CFrame.new(-4.307366907596588e-09, 0, 5.1684764912351966e-08, 0.9950666427612305, -0.07642856240272522, 0.06325515359640121, 0.02859015204012394, 0.8314533233642578, 0.5548586249351501, -0.09500075876712799, -0.5503128170967102, 0.8295364379882812),
            ["RightHand"] = CFrame.new(2.6170164346694946e-07, -2.384185791015625e-07, -7.450580596923828e-09, 0.9710673689842224, -0.238770991563797, -0.00408683717250824, 0.23730139434337616, 0.9667258858680725, -0.09554775059223175, 0.026764877140522003, 0.09181351214647293, 0.995416522026062),
            ["UpperTorso"] = CFrame.new(-6.170012056827545e-09, -5.960464477539063e-08, 5.704350769519806e-09, 0.9986124038696289, 0.01760050840675831, -0.04963388666510582, -0.006765440106391907, 0.9775633811950684, 0.21053285896778107, 0.0522257536649704, -0.20990490913391113, 0.9763259887695312),
            ["HumanoidRootPart"] = CFrame.new(0, 0, 0, 1, 0, 0, 0, 1, 0, 0, 0, 1),
            ["RightUpperLeg"] = CFrame.new(-5.960464477539063e-08, -8.265487849712372e-08, 9.480572771281004e-09, 0.9556881189346313, -0.25989872217178345, -0.13824956119060516, 0.24124081432819366, 0.9605787396430969, -0.13817185163497925, 0.16871021687984467, 0.09869763255119324, 0.9807117581367493),
            ["LeftUpperArm"] = CFrame.new(0, -2.384185791015625e-07, 1.955777406692505e-08, 0.4216560125350952, 0.17616340517997742, -0.8894789218902588, -0.47756439447402954, 0.8770152926445007, -0.05269352346658707, 0.7708038687705994, 0.44700196385383606, 0.4539281129837036),
            ["RightLowerArm"] = CFrame.new(-5.960464477539063e-08, 2.980232238769531e-07, 8.940696716308594e-08, 1, -7.4505820180093e-08, 8.940699558479537e-08, 5.960464477539063e-08, 0.4446701109409332, -0.8956944942474365, 2.9802322387695312e-08, 0.8956944942474365, 0.44467008113861084),
            ["LeftHand"] = CFrame.new(-5.960464477539063e-08, 1.7881393432617188e-07, -2.1606683731079102e-07, 0.6335770487785339, 0.17404361069202423, -0.7538495063781738, -0.3497539162635803, 0.9335536956787109, -0.07842013239860535, 0.6901103854179382, 0.3133470416069031, 0.6523506045341492),
            ["LeftFoot"] = CFrame.new(2.5205643794379284e-08, -5.960464477539063e-08, 1.7086456693959917e-09, 0.9964413642883301, -0.08418496698141098, -0.004203647840768099, 0.0826600193977356, 0.985718309879303, -0.14672042429447174, 0.01649526134133339, 0.14585089683532715, 0.9891691207885742),
            ["LowerTorso"] = CFrame.new(-0.05106297507882118, -0.04678237438201904, 0.0019781049340963364, 0.9990081787109375, 0.021006479859352112, 0.03926098719239235, -0.017655501142144203, 0.9963236451148987, -0.0838303342461586, -0.040877629071474075, 0.08305401355028152, 0.99570631980896),
            ["RightLowerLeg"] = CFrame.new(3.91155481338501e-08, -0.0000035762786865234375, -0.00001328268990619108, 1, -6.146729703004894e-08, -7.450582373280668e-09, 6.519257311765614e-08, 0.9277169704437256, 0.37328413128852844, -7.4505797087454084e-09, -0.3732844591140747, 0.9277170896530151),
            ["LeftUpperLeg"] = CFrame.new(0, -2.5029294192790985e-08, 1.1175870895385742e-08, 0.9845166802406311, 0.10099037736654282, 0.14327561855316162, -0.08016547560691833, 0.986275851726532, -0.14433830976486206, -0.15588605403900146, 0.1306176781654358, 0.9791009426116943),
            ["LeftLowerLeg"] = CFrame.new(-1.1548399925231934e-07, 0.000003814697265625, 0.000013247132301330566, 1, 4.8428766774577525e-08, -1.5832485544819974e-08, -2.9802322387695312e-08, 0.9293366074562073, 0.3692333996295929, 1.30385160446167e-08, -0.36923354864120483, 0.9293367862701416),
        }},
        {Time = 0.292, Data = {
            ["RightFoot"] = CFrame.new(-8.115239324979484e-08, 2.980232238769531e-07, 2.104934537783265e-08, 0.9737659096717834, 0.16310440003871918, 0.1586722731590271, -0.1420566886663437, 0.9804638624191284, -0.13605351746082306, -0.17776338756084442, 0.10994400084018707, 0.977912425994873),
            ["LeftLowerArm"] = CFrame.new(5.960464477539063e-08, 2.980232238769531e-07, -1.043081283569336e-07, 1, -1.0430811414607888e-07, 7.823110337312755e-08, 1.043081283569336e-07, -0.28341996669769287, -0.9589959979057312, 1.4528632164001465e-07, 0.9589959383010864, -0.28341999650001526),
            ["RightUpperArm"] = CFrame.new(1.1920928955078125e-07, 0, 5.960464477539063e-08, 0.9096022248268127, -0.30010560154914856, -0.28733354806900024, 0.37006157636642456, 0.8995961546897888, 0.23190824687480927, 0.18888720870018005, -0.3172752857208252, 0.9293320775032043),
            ["Head"] = CFrame.new(9.313225746154785e-10, -1.1920928955078125e-07, 2.1245796233415604e-08, 0.9944192171096802, -0.059647951275110245, 0.08702045679092407, 0.0014217235147953033, 0.8323332071304321, 0.5542740225791931, -0.10549131035804749, -0.551056981086731, 0.8277727365493774),
            ["RightHand"] = CFrame.new(-1.7508864402770996e-07, -5.960464477539063e-08, -2.086162567138672e-07, 0.9786747097969055, -0.20541636645793915, -0.00012534111738204956, 0.20278093218803406, 0.9662159085273743, -0.1590808928012848, 0.032798901200294495, 0.15566299855709076, 0.9872655868530273),
            ["UpperTorso"] = CFrame.new(1.1641532182693481e-10, 0, 1.3096723705530167e-09, 0.9999860525131226, 0.0009311274625360966, -0.005194517783820629, 0.00019792700186371803, 0.9770015478134155, 0.21323205530643463, 0.005273595452308655, -0.21323011815547943, 0.9769877791404724),
            ["HumanoidRootPart"] = CFrame.new(0, 0, 0, 1, 0, 0, 0, 1, 0, 0, 0, 1),
            ["RightUpperLeg"] = CFrame.new(-8.940696716308594e-08, 2.6763882488012314e-07, -2.2184394765645266e-08, 0.9716724157333374, -0.2032095342874527, -0.1206592321395874, 0.18705964088439941, 0.9733254313468933, -0.13283975422382355, 0.1444350779056549, 0.10650618374347687, 0.9837656617164612),
            ["LeftUpperArm"] = CFrame.new(5.960464477539063e-08, 1.1920928955078125e-07, 8.940696716308594e-08, 0.44248390197753906, 0.19136711955070496, -0.8761202096939087, -0.47595977783203125, 0.8781244158744812, -0.04857826232910156, 0.7600462436676025, 0.438493013381958, 0.47963887453079224),
            ["RightLowerArm"] = CFrame.new(1.1920928955078125e-07, 1.1920928955078125e-07, 1.7881393432617188e-07, 1, -8.940694584680386e-08, 5.960464477539063e-08, 5.960465188081798e-08, 0.18355031311511993, -0.9830102920532227, 7.450581307466564e-08, 0.9830102920532227, 0.18355043232440948),
            ["LeftHand"] = CFrame.new(-2.9802322387695312e-08, 0, -8.568167686462402e-08, 0.6314056515693665, 0.1694866269826889, -0.7567040920257568, -0.3465902805328369, 0.9346104264259338, -0.07986629754304886, 0.6936873197555542, 0.31269440054893494, 0.6488608121871948),
            ["LeftFoot"] = CFrame.new(7.171549754048101e-08, -5.960464477539063e-08, -6.568264154793724e-09, 0.9948975443840027, -0.09949591755867004, 0.016718043014407158, 0.10089042037725449, 0.9815286993980408, -0.162550687789917, -0.0002360530779697001, 0.16340796649456024, 0.9865586161613464),
            ["LowerTorso"] = CFrame.new(0.010146329179406166, -0.04218792915344238, -1.4440318940600605e-09, 0.999667763710022, 0.0009790102485567331, -0.025756793096661568, -0.0032076744828373194, 0.9962354898452759, -0.0866289734840393, 0.02557501755654812, 0.08668280392885208, 0.995907723903656),
            ["RightLowerLeg"] = CFrame.new(-5.4016709327697754e-08, -0.0000035762786865234375, -0.0000133199428091757, 1, -3.539026138810186e-08, 3.7252898543727042e-09, 6.70552182668871e-08, 0.9416162371635437, 0.3366880714893341, 1.4901159417490817e-08, -0.33668839931488037, 0.9416162371635437),
            ["LeftUpperLeg"] = CFrame.new(2.9802322387695312e-08, 2.392043825238943e-07, -2.2351741790771484e-08, 0.9761744737625122, 0.15549856424331665, 0.15133953094482422, -0.13458740711212158, 0.9809867143630981, -0.13982629776000977, -0.17020493745803833, 0.11612650752067566, 0.9785422682762146),
            ["LeftLowerLeg"] = CFrame.new(9.313225746154785e-09, 0.000004112720489501953, 0.0000133514404296875, 1, 4.284084198502569e-08, 0, -2.6077035641947077e-08, 0.9179684519767761, 0.3966534733772278, 1.862645371275562e-09, -0.39665353298187256, 0.9179684519767761),
        }},
        {Time = 0.333, Data = {
            ["RightFoot"] = CFrame.new(-2.474189386703074e-08, 2.980232238769531e-07, -2.2715539671480656e-08, 0.9764332175254822, 0.12355615198612213, 0.17695240676403046, -0.08899200707674026, 0.9774608016014099, -0.19144409894943237, -0.1966182142496109, 0.17118538916110992, 0.9654207229614258),
            ["LeftLowerArm"] = CFrame.new(-2.384185791015625e-07, 0, -2.728775143623352e-07, 1, -8.940694584680386e-08, 1.1920927533992653e-07, 1.1920926112907182e-07, -0.2749797999858856, -0.9614500403404236, 1.395819424487854e-07, 0.9614500403404236, -0.27497977018356323),
            ["RightUpperArm"] = CFrame.new(0, -2.384185791015625e-07, 0, 0.9057328104972839, -0.3380078971385956, -0.2557320296764374, 0.37602099776268005, 0.9192196726799011, 0.116805799305439, 0.19559264183044434, -0.20195546746253967, 0.9596652984619141),
            ["Head"] = CFrame.new(-1.3969838619232178e-08, -2.384185791015625e-07, 4.237517714500427e-08, 0.9926950335502625, -0.0473368838429451, 0.11097725480794907, -0.022349389269948006, 0.8317525386810303, 0.5546964406967163, -0.1185632199048996, -0.553124725818634, 0.8246186971664429),
            ["RightHand"] = CFrame.new(-1.1920928955078125e-07, 0, -4.6193599700927734e-07, 0.9881808757781982, -0.15186938643455505, 0.020838305354118347, 0.1532110571861267, 0.9829151630401611, -0.10200098901987076, -0.00499146431684494, 0.10398808866739273, 0.9945660829544067),
            ["UpperTorso"] = CFrame.new(1.0943040251731873e-08, 1.4901161193847656e-07, -2.3283064365386963e-08, 0.9991173148155212, -0.01961618661880493, 0.037145525217056274, 0.010610809549689293, 0.973447322845459, 0.22866500914096832, -0.04064473882317543, -0.2280689924955368, 0.9727962613105774),
            ["HumanoidRootPart"] = CFrame.new(0, 0, 0, 1, 0, 0, 0, 1, 0, 0, 0, 1),
            ["RightUpperLeg"] = CFrame.new(5.960464477539063e-08, 4.377216100692749e-08, -1.287116901949048e-08, 0.9871671795845032, -0.1463484913110733, -0.06389833986759186, 0.1297968626022339, 0.9684354066848755, -0.21280473470687866, 0.09302497655153275, 0.2017798125743866, 0.9750032424926758),
            ["LeftUpperArm"] = CFrame.new(0, -3.5762786865234375e-07, 7.450580596923828e-09, 0.4653289318084717, 0.20127688348293304, -0.8619493246078491, -0.4617709219455719, 0.885985255241394, -0.04240041226148605, 0.7551401257514954, 0.4177532494068146, 0.5052183866500854),
            ["RightLowerArm"] = CFrame.new(0, -1.1920928955078125e-07, 5.960464477539063e-08, 1, -1.4156101713069802e-07, 1.0803340444454079e-07, 8.940694584680386e-08, -0.05695205181837082, -0.9983769059181213, 8.940694584680386e-08, 0.9983769059181213, -0.05695208162069321),
            ["LeftHand"] = CFrame.new(-1.7881393432617188e-07, 0, -1.825392246246338e-07, 0.636318564414978, 0.16767701506614685, -0.7529828548431396, -0.3402252495288849, 0.9370322227478027, -0.07885029911994934, 0.6923477649688721, 0.3063576817512512, 0.6532989740371704),
            ["LeftFoot"] = CFrame.new(4.0241232568405394e-08, 5.960464477539063e-08, 2.720980774029158e-09, 0.99539715051651, -0.08698416501283646, 0.040230441838502884, 0.09429209679365158, 0.9639548659324646, -0.24879755079746246, -0.017138876020908356, 0.2514457404613495, 0.9677197337150574),
            ["LowerTorso"] = CFrame.new(0.07750914990901947, -0.07074880599975586, -0.003349919570609927, 0.9949807524681091, -0.022872304543852806, -0.09741745889186859, 0.01241767592728138, 0.9942242503166199, -0.10660157352685928, 0.09929302334785461, 0.10485681146383286, 0.9895180463790894),
