return {
    ["Flippin' Incredible"] = {
        {Time = 0.000, Data = {
            ["LeftFoot"] = CFrame.new(7.078051567077637e-08, -1.7881393432617188e-07, 1.0244548320770264e-07, 0.9851122498512268, -0.16797083616256714, 0.03660130873322487, 0.17034190893173218, 0.9824455976486206, -0.07605452835559845, -0.02318376861512661, 0.08115701377391815, 0.9964316487312317),
            ["LeftLowerArm"] = CFrame.new(-1.7881393432617188e-07, 2.384185791015625e-07, 2.9802322387695312e-08, 1, -5.587935447692871e-08, 2.9802322387695312e-08, 2.2351738238057806e-08, 0.7495400905609131, -0.6619590520858765, 2.9802318834981634e-08, 0.6619589328765869, 0.7495399713516235),
            ["LowerTorso"] = CFrame.new(-0.04278532415628433, -0.17813515663146973, 0.027037184685468674, 0.9634886980056763, -0.011835678480565548, -0.26748740673065186, 1.3194576808928105e-07, 0.9990226030349731, -0.044203903526067734, 0.2677490711212158, 0.04258990287780762, 0.9625468850135803),
            ["Head"] = CFrame.new(1.280568540096283e-08, -1.1920928955078125e-07, -1.1641532182693481e-08, 0.9514691829681396, -0.02442329004406929, 0.30677345395088196, 0.028609583154320717, 0.9995487332344055, -0.009156103245913982, -0.3064112663269043, 0.017488494515419006, 0.9517385363578796),
            ["RightUpperArm"] = CFrame.new(0, -1.1920928955078125e-07, -1.4901161193847656e-08, 0.9732115268707275, -0.22745734453201294, -0.03348435088992119, 0.22750823199748993, 0.931763768196106, 0.28294607996940613, -0.03315892815589905, -0.28298354148864746, 0.9585511684417725),
            ["UpperTorso"] = CFrame.new(2.693553824428818e-09, -2.384185791015625e-07, 1.1175870895385742e-08, 0.9991415739059448, 0.006193941924721003, -0.04096333310008049, 0.0012300660600885749, 0.9838894605636597, 0.1787736415863037, 0.04141072556376457, -0.17867052555084229, 0.9830371737480164),
            ["HumanoidRootPart"] = CFrame.new(0, 0, 0, 1, 0, 0, 0, 1, 0, 0, 0, 1),
            ["RightHand"] = CFrame.new(-5.960464477539063e-08, 5.960464477539063e-08, 5.21540641784668e-08, 0.9997060298919678, -0.015162629075348377, -0.018921570852398872, 0.012957300059497356, 0.9936743378639221, -0.11155296862125397, 0.020496169105172157, 0.11127260327339172, 0.9935783743858337),
            ["LeftUpperArm"] = CFrame.new(0, -1.1920928955078125e-07, 2.9802322387695312e-08, 0.7663164138793945, 0.441606730222702, -0.4666294455528259, -0.3319776952266693, 0.8940127491950989, 0.30088546872138977, 0.5500456094741821, -0.07566287368535995, 0.8317000865936279),
            ["RightLowerArm"] = CFrame.new(0.0000016689300537109375, 1.1920928955078125e-07, 0.000001043081283569336, 1, -1.9557759856070334e-08, -1.5366822481155396e-08, 2.980233659855003e-08, 0.8959481120109558, -0.44415953755378723, 2.980233659855003e-08, 0.4441587030887604, 0.8959477543830872),
            ["LeftHand"] = CFrame.new(-1.1920928955078125e-07, 2.384185791015625e-07, 1.1920928955078125e-07, 0.9976325035095215, -0.028283337131142616, 0.06268482655286789, 0.014446847140789032, 0.9773655533790588, 0.2110636830329895, -0.06723582744598389, -0.20965850353240967, 0.9754603505134583),
            ["RightUpperLeg"] = CFrame.new(5.960464477539063e-08, -1.0710209608078003e-08, -2.032174961641431e-08, 0.9024531245231628, -0.31043222546577454, -0.29868096113204956, 0.27213430404663086, 0.9482916593551636, -0.163357675075531, 0.33394816517829895, 0.06614118069410324, 0.9402680993080139),
            ["LeftUpperLeg"] = CFrame.new(-1.7881393432617188e-07, -2.277083694934845e-07, 7.078051567077637e-08, 0.975956916809082, 0.21782715618610382, 0.007723445538431406, -0.1756962537765503, 0.8071749210357666, -0.5635596513748169, -0.12899275124073029, 0.5486529469490051, 0.8260393142700195),
            ["RightLowerLeg"] = CFrame.new(-1.1175870895385742e-07, -0.000060558319091796875, -0.0000721050237189047, 1, -2.2351745343485163e-08, -7.450581307466564e-08, 1.0151416063308716e-07, 0.7423175573348999, 0.6700478792190552, 2.9802322387695312e-08, -0.6700482368469238, 0.742317795753479),
            ["RightFoot"] = CFrame.new(3.725290298461914e-08, 4.172325134277344e-07, 4.639878170564771e-08, 0.9633634090423584, 0.25456270575523376, -0.08443286269903183, -0.2625786364078522, 0.8311018943786621, -0.4902263879776001, -0.05462108552455902, 0.4944365918636322, 0.8674960136413574),
            ["LeftLowerLeg"] = CFrame.new(-1.4901161193847656e-08, 0.000060617923736572266, 0.00007197260856628418, 1, 4.516914486885071e-08, 2.421438694000244e-08, -5.587935447692871e-08, 0.7513814568519592, 0.6598681211471558, 1.4901161193847656e-08, -0.6598681807518005, 0.7513814568519592),
        }},
        {Time = 0.033, Data = {
            ["LeftFoot"] = CFrame.new(0, -1.1920928955078125e-07, -2.60770320892334e-08, 0.9838592410087585, -0.17432034015655518, 0.04041517153382301, 0.1780266910791397, 0.9763640761375427, -0.1225554347038269, -0.018095960840582848, 0.12777230143547058, 0.9916384220123291),
            ["LeftLowerArm"] = CFrame.new(-3.5762786865234375e-07, -1.1920928955078125e-07, 1.4901161193847656e-07, 1, -4.842878098543224e-08, 0, 5.21540641784668e-08, 0.7601738572120667, -0.6497195363044739, -2.9802322387695312e-08, 0.649719774723053, 0.760174036026001),
            ["LowerTorso"] = CFrame.new(-0.04144016280770302, -0.22221195697784424, 0.022469695657491684, 0.9630343914031982, -0.015340788289904594, -0.26894140243530273, 0.0017383777303621173, 0.9987102150917053, -0.050742972642183304, 0.2693729102611542, 0.04839968681335449, 0.9618189334869385),
            ["Head"] = CFrame.new(-6.05359673500061e-09, -4.76837158203125e-07, -7.671769708395004e-08, 0.9515098333358765, -0.0199341531842947, 0.30697184801101685, 0.023953985422849655, 0.9996695518493652, -0.009332648478448391, -0.30668431520462036, 0.016233421862125397, 0.9516729116439819),
            ["RightUpperArm"] = CFrame.new(-5.960464477539063e-08, -3.5762786865234375e-07, -8.940696716308594e-08, 0.9702228903770447, -0.24220989644527435, 0.0006371870986185968, 0.23125891387462616, 0.9271203279495239, 0.29490581154823303, -0.07202018052339554, -0.2859762907028198, 0.9555261135101318),
            ["UpperTorso"] = CFrame.new(3.4924596548080444e-09, -5.960464477539063e-08, -1.1175870895385742e-08, 0.9993651509284973, 0.00021405640291050076, -0.03562888503074646, 0.006117590703070164, 0.9841006994247437, 0.17750628292560577, 0.03510049358010292, -0.1776115447282791, 0.9834745526313782),
            ["HumanoidRootPart"] = CFrame.new(0, 0, 0, 1, 0, 0, 0, 1, 0, 0, 0, 1),
            ["RightHand"] = CFrame.new(-1.564621925354004e-07, -2.980232238769531e-07, 1.4901161193847656e-08, 0.9977920651435852, -0.01394734252244234, -0.06493184715509415, 0.008037048391997814, 0.9958756566047668, -0.09037397056818008, 0.06592721492052078, 0.08965027332305908, 0.9937889575958252),
            ["LeftUpperArm"] = CFrame.new(0, -3.5762786865234375e-07, -5.960464477539063e-08, 0.824938178062439, 0.4095212519168854, -0.389576256275177, -0.3150883913040161, 0.9054017066955566, 0.2845468819141388, 0.4692509174346924, -0.11198244243860245, 0.8759357333183289),
            ["RightLowerArm"] = CFrame.new(0.000001430511474609375, 3.5762786865234375e-07, 0.0000011324882507324219, 1, -3.166494266793052e-08, 2.0489094865183688e-08, 2.9802347256691064e-08, 0.8892733454704285, -0.45737719535827637, 1.4901173628345532e-08, 0.45737624168395996, 0.8892727494239807),
            ["LeftHand"] = CFrame.new(0, 1.1920928955078125e-07, 6.146728992462158e-08, 0.9992607235908508, -0.029888272285461426, -0.024184169247746468, 0.034007735550403595, 0.9805393815040588, 0.19335487484931946, 0.017934488132596016, -0.1940343677997589, 0.9808307886123657),
            ["RightUpperLeg"] = CFrame.new(5.960464477539063e-08, 1.5133991837501526e-07, -7.24758137948811e-08, 0.9035781025886536, -0.32570359110832214, -0.2783235013484955, 0.2790386974811554, 0.9403660297393799, -0.19454851746559143, 0.32509109377861023, 0.09812664240598679, 0.9405779838562012),
            ["LeftUpperLeg"] = CFrame.new(-1.1920928955078125e-07, 6.798654794692993e-08, 2.60770320892334e-08, 0.9748240113258362, 0.22262635827064514, -0.012480974197387695, -0.18450407683849335, 0.7739341855049133, -0.6057921648025513, -0.125205859541893, 0.5928435325622559, 0.7955250144004822),
            ["RightLowerLeg"] = CFrame.new(2.9802322387695312e-08, -0.00006026029586791992, -0.00007206777081592008, 1, -1.266598843585598e-07, 0, 1.2107194891086692e-07, 0.6775665879249573, 0.7354612350463867, 2.980232594040899e-08, -0.7354614734649658, 0.6775668859481812),
            ["RightFoot"] = CFrame.new(7.450580596923828e-09, 2.384185791015625e-07, 1.6952981241047382e-09, 0.9611579179763794, 0.26113423705101013, -0.08935626596212387, -0.2676803171634674, 0.8030920624732971, -0.5323439240455627, -0.0672520250082016, 0.5355856418609619, 0.8417989611625671),
            ["LeftLowerLeg"] = CFrame.new(-2.9802322387695312e-08, 0.000060558319091796875, 0.00007223337888717651, 1, 7.450581307466564e-08, 1.4901162970204496e-08, -7.82310962677002e-08, 0.6753344535827637, 0.7375115752220154, 1.4901161193847656e-08, -0.7375116348266602, 0.6753344535827637),
        }},
        {Time = 0.067, Data = {
            ["LeftFoot"] = CFrame.new(-2.2351741790771484e-08, 5.960464477539063e-08, 1.5273690223693848e-07, 0.9822031259536743, -0.18281511962413788, 0.04307994619011879, 0.18769676983356476, 0.9637655019760132, -0.1895419806241989, -0.006867748685181141, 0.19425471127033234, 0.9809271097183228),
            ["LeftLowerArm"] = CFrame.new(3.2782554626464844e-07, 0, -8.940696716308594e-08, 1, -7.194467599447307e-08, 1.862645326866641e-08, 7.450583439094771e-08, 0.775127112865448, -0.6318053603172302, 7.450583439094771e-08, 0.6318054795265198, 0.7751271724700928),
            ["LowerTorso"] = CFrame.new(-0.039686042815446854, -0.28613483905792236, 0.01205461099743843, 0.9619633555412292, -0.019827378913760185, -0.27245819568634033, 0.003240707330405712, 0.9981206655502319, -0.0611935555934906, 0.27315935492515564, 0.05798296257853508, 0.9602198004722595),
            ["Head"] = CFrame.new(1.0710209608078003e-08, -1.1920928955078125e-07, -6.51925802230835e-08, 0.95159512758255, -0.010054066777229309, 0.30718982219696045, 0.013662653975188732, 0.9998605847358704, -0.009598669596016407, -0.30705058574676514, 0.013331162743270397, 0.9515999555587769),
            ["RightUpperArm"] = CFrame.new(0, -2.384185791015625e-07, -5.960464477539063e-08, 0.9612324237823486, -0.26945340633392334, 0.058526553213596344, 0.23749840259552002, 0.9168991446495056, 0.3207687735557556, -0.1400952786207199, -0.29443299770355225, 0.9453476071357727),
            ["UpperTorso"] = CFrame.new(6.05359673500061e-09, 2.9802322387695312e-08, -3.725290298461914e-09, 0.9996821284294128, -0.013567252084612846, -0.021253813058137894, 0.017069406807422638, 0.984527051448822, 0.17439965903759003, 0.018558884039521217, -0.17470701038837433, 0.9844456315040588),
            ["HumanoidRootPart"] = CFrame.new(0, 0, 0, 1, 0, 0, 0, 1, 0, 0, 0, 1),
            ["RightHand"] = CFrame.new(-5.21540641784668e-08, 1.1920928955078125e-07, 0, 0.9884830713272095, -0.0043816822580993176, -0.1512657254934311, -0.002016168087720871, 0.9991114735603333, -0.04210181161761284, 0.15131829679012299, 0.041919466108083725, 0.9875961542129517),
            ["LeftUpperArm"] = CFrame.new(0, -1.1920928955078125e-07, -2.9802322387695312e-08, 0.9074503779411316, 0.3468778431415558, -0.2370857447385788, -0.27832546830177307, 0.9189904928207397, 0.27926933765411377, 0.31475192308425903, -0.1874360889196396, 0.9304831624031067),
            ["RightLowerArm"] = CFrame.new(0.0000013709068298339844, 0, 9.238719940185547e-07, 1, -6.193289436851046e-08, -3.7252889661942845e-09, 3.352766597686241e-08, 0.8742279410362244, -0.4855167865753174, -7.450592143243284e-09, 0.4855158030986786, 0.8742273449897766),
            ["LeftHand"] = CFrame.new(-5.960464477539063e-08, -5.960464477539063e-08, 1.7881393432617188e-07, 0.9861925840377808, -0.028706826269626617, -0.1630954146385193, 0.054138921201229095, 0.9866327047348022, 0.15370379388332367, 0.15650317072868347, -0.1604115068912506, 0.9745640158653259),
            ["RightUpperLeg"] = CFrame.new(5.960464477539063e-08, 2.1979212760925293e-07, -6.129994289949536e-08, 0.9039039015769958, -0.3485785722732544, -0.2478930503129959, 0.2916651666164398, 0.9262087941169739, -0.2388904094696045, 0.31287282705307007, 0.14363211393356323, 0.9388719201087952),
            ["LeftUpperLeg"] = CFrame.new(-1.1920928955078125e-07, 6.51925802230835e-09, 3.725290298461914e-08, 0.9727963209152222, 0.22861658036708832, -0.03744009509682655, -0.19584883749485016, 0.7252759337425232, -0.6600136160850525, -0.12373565137386322, 0.6493914723396301, 0.7503201961517334),
            ["RightLowerLeg"] = CFrame.new(-3.725290298461914e-09, -0.00006031990051269531, -0.00007213110075099394, 1, -4.470348358154297e-08, -4.4703490686970326e-08, 1.527369164477932e-07, 0.5708802342414856, 0.8210331797599792, -1.0430814256778831e-07, -0.8210334181785583, 0.5708804726600647),
            ["RightFoot"] = CFrame.new(-1.4901161193847656e-08, 3.5762786865234375e-07, 6.129994289949536e-08, 0.9576765894889832, 0.27221977710723877, -0.09355291724205017, -0.273143470287323, 0.7568771243095398, -0.5937418937683105, -0.09082023799419403, 0.5941663980484009, 0.7991986870765686),
            ["LeftLowerLeg"] = CFrame.new(1.4901161193847656e-08, 0.00006073713302612305, 0.00007209926843643188, 1, 6.891787762697277e-08, 2.980232594040899e-08, -6.51925802230835e-08, 0.5546796321868896, 0.8320640921592712, 3.725290298461914e-08, -0.8320640325546265, 0.5546796321868896),
        }},
        {Time = 0.100, Data = {
            ["LeftFoot"] = CFrame.new(3.3527612686157227e-08, -1.1920928955078125e-07, -2.2351741790771484e-08, 0.9815871715545654, -0.18592286109924316, 0.04381025210022926, 0.19100765883922577, 0.9534107446670532, -0.23350420594215393, 0.0016446792287752032, 0.23757286369800568, 0.9713684320449829),
            ["LeftLowerArm"] = CFrame.new(-1.7881393432617188e-07, -1.7881393432617188e-07, -2.9802322387695312e-08, 1, -7.823111758398227e-08, -4.470348358154297e-08, 4.470347647611561e-08, 0.7807257175445557, -0.6248733997344971, 7.4505797087454084e-09, 0.6248738169670105, 0.7807260751724243),
            ["LowerTorso"] = CFrame.new(-0.039012376219034195, -0.3215501308441162, -0.0017773224972188473, 0.960721492767334, -0.021400965750217438, -0.2766883373260498, 0.002184873213991523, 0.9975744485855103, -0.06957291066646576, 0.27750611305236816, 0.06623561680316925, 0.9584379196166992),
            ["Head"] = CFrame.new(3.725290298461914e-09, -1.1920928955078125e-07, 2.2351741790771484e-08, 0.9516332149505615, -0.0001084436516975984, 0.30723655223846436, 0.0031766449101269245, 0.9999499917030334, -0.009486297145485878, -0.30722010135650635, 0.01000350620597601, 0.9515859484672546),
            ["RightUpperArm"] = CFrame.new(-5.960464477539063e-08, -1.1920928955078125e-07, 1.4901161193847656e-08, 0.951445460319519, -0.2920836806297302, 0.09714360535144806, 0.24136462807655334, 0.9037765860557556, 0.35345888137817383, -0.19103574752807617, -0.3128497898578644, 0.9303923845291138),
            ["UpperTorso"] = CFrame.new(-2.3283064365386963e-09, -2.9802322387695312e-08, -1.1175870895385742e-08, 0.9995834827423096, -0.028855500742793083, -0.00048288365360349417, 0.028514817357063293, 0.9849271774291992, 0.17060330510139465, -0.004447206389158964, -0.17054593563079834, 0.9853397607803345),
            ["HumanoidRootPart"] = CFrame.new(0, 0, 0, 1, 0, 0, 0, 1, 0, 0, 0, 1),
            ["RightHand"] = CFrame.new(-2.7567148208618164e-07, 2.980232238769531e-07, 7.450580596923828e-09, 0.9741612672805786, 0.01502431184053421, -0.2253509908914566, -0.012777269817888737, 0.9998530745506287, 0.011436475440859795, 0.22549226880073547, -0.008263885974884033, 0.9742105007171631),
            ["LeftUpperArm"] = CFrame.new(0, 0, 2.9802322387695312e-08, 0.9498515129089355, 0.2933165431022644, -0.10838673263788223, -0.24728889763355255, 0.9167378544807434, 0.3137513995170593, 0.1913907527923584, -0.2712143361568451, 0.9432986974716187),
            ["RightLowerArm"] = CFrame.new(0.0000011920928955078125, -1.7881393432617188e-07, 8.642673492431641e-07, 1, -4.330644642891457e-08, 6.5192558018623e-09, -5.587943441298648e-09, 0.8567956686019897, -0.5156573057174683, -3.725295627532432e-09, 0.515656054019928, 0.8567950129508972),
            ["LeftHand"] = CFrame.new(-8.940696716308594e-08, -1.1920928955078125e-07, -5.960464477539063e-08, 0.971427321434021, -0.026698965579271317, -0.23583073914051056, 0.055253949016332626, 0.9917908310890198, 0.11531707644462585, 0.2308158278465271, -0.1250528246164322, 0.9649279117584229),
            ["RightUpperLeg"] = CFrame.new(5.960464477539063e-08, 1.30385160446167e-08, -4.639878170564771e-08, 0.9032230973243713, -0.3633913993835449, -0.22833040356636047, 0.3046734631061554, 0.9176301956176758, -0.2552036941051483, 0.302261620759964, 0.1609395444393158, 0.9395405054092407),
            ["LeftUpperLeg"] = CFrame.new(-1.7881393432617188e-07, -1.862645149230957e-09, 5.960464477539063e-08, 0.9718852043151855, 0.23092719912528992, -0.045955996960401535, -0.19920147955417633, 0.7023680210113525, -0.683372437953949, -0.12553125619888306, 0.6733139753341675, 0.7286220788955688),
            ["RightLowerLeg"] = CFrame.new(-3.725290298461914e-08, -0.00006031990051269531, -0.00007211619958980009, 1, -1.341104365337742e-07, -8.940698847936801e-08, 1.341104507446289e-07, 0.5117051601409912, 0.8591609001159668, -8.195638656616211e-08, -0.8591611385345459, 0.5117055177688599),
            ["RightFoot"] = CFrame.new(-4.470348358154297e-08, 3.5762786865234375e-07, 3.149762051180005e-08, 0.9545633792877197, 0.28215259313583374, -0.09591024369001389, -0.2781965136528015, 0.7283058166503906, -0.6262403130531311, -0.10684323310852051, 0.6244681477546692, 0.7737082242965698),
            ["LeftLowerLeg"] = CFrame.new(-1.4901161193847656e-08, 0.000060558319091796875, 0.00007206946611404419, 1, 8.754432201385498e-08, 6.705523247774181e-08, -6.332993507385254e-08, 0.4799750745296478, 0.8772822022438049, 4.470348358154297e-08, -0.8772821426391602, 0.4799750745296478),
        }},
        {Time = 0.133, Data = {
            ["LeftFoot"] = CFrame.new(7.078051567077637e-08, -5.960464477539063e-08, -5.21540641784668e-08, 0.9813862442970276, -0.18697232007980347, 0.043846435844898224, 0.19191788136959076, 0.9465391635894775, -0.25928983092308044, 0.006977705750614405, 0.2628783881664276, 0.9648038148880005),
            ["LeftLowerArm"] = CFrame.new(-2.384185791015625e-07, 1.7881393432617188e-07, 0, 1, -6.705523958316917e-08, 0, 1.043081283569336e-07, 0.773654043674469, -0.6336076855659485, -4.470348358154297e-08, 0.6336082816123962, 0.7736545205116272),
            ["LowerTorso"] = CFrame.new(-0.039345573633909225, -0.33706724643707275, -0.018049554899334908, 0.959752082824707, -0.020336316898465157, -0.28011173009872437, -0.0006856575491838157, 0.9972023367881775, -0.07474692910909653, 0.28084811568260193, 0.07193053513765335, 0.9570528864860535),
            ["Head"] = CFrame.new(-3.725290298461914e-09, 1.1920928955078125e-07, 2.2351741790771484e-08, 0.9516550898551941, 0.00455073919147253, 0.3071351647377014, -0.0018130887765437365, 0.9999561309814453, -0.009198138490319252, -0.30716344714164734, 0.008196649141609669, 0.9516214728355408),
            ["RightUpperArm"] = CFrame.new(-5.960464477539063e-08, 0, 5.960464477539063e-08, 0.9480642676353455, -0.3019810616970062, 0.09989903122186661, 0.24076895415782928, 0.8865587711334229, 0.3950267732143402, -0.20785708725452423, -0.3504583537578583, 0.9132218360900879),
            ["UpperTorso"] = CFrame.new(2.561137080192566e-09, -1.4901161193847656e-07, 1.1175870895385742e-08, 0.9989457726478577, -0.03944101184606552, 0.02349274791777134, 0.034952372312545776, 0.9852029085159302, 0.1677907258272171, -0.029762934893369675, -0.166792631149292, 0.9855427145957947),
            ["HumanoidRootPart"] = CFrame.new(0, 0, 0, 1, 0, 0, 0, 1, 0, 0, 0, 1),
            ["RightHand"] = CFrame.new(-9.499490261077881e-08, -5.960464477539063e-08, -1.7695128917694092e-08, 0.9638323187828064, 0.035702984780073166, -0.2641043961048126, -0.020294267684221268, 0.9979404807090759, 0.06085188686847687, 0.2657354772090912, -0.05329363793134689, 0.9625725746154785),
            ["LeftUpperArm"] = CFrame.new(5.960464477539063e-08, 1.1920928955078125e-07, 5.960464477539063e-08, 0.9629113078117371, 0.2658081650733948, -0.04634702950716019, -0.22930586338043213, 0.8966964483261108, 0.37862175703048706, 0.14219994843006134, -0.35395148396492004, 0.924390435218811),
            ["RightLowerArm"] = CFrame.new(7.748603820800781e-07, -4.76837158203125e-07, 0.0000012516975402832031, 1, -5.86150434855881e-08, 1.5832476663035777e-08, 2.980237923111417e-08, 0.8350176811218262, -0.5502244234085083, 3.725297403889272e-09, 0.5502231121063232, 0.8350168466567993),
            ["LeftHand"] = CFrame.new(-4.470348358154297e-08, -1.1920928955078125e-07, -5.960464477539063e-08, 0.9762699604034424, -0.029751170426607132, -0.2145039439201355, 0.050551362335681915, 0.9944616556167603, 0.09214416891336441, 0.2105744630098343, -0.10080112516880035, 0.9723670482635498),
            ["RightUpperLeg"] = CFrame.new(5.960464477539063e-08, -8.288770914077759e-08, -3.894820110872388e-08, 0.9017400741577148, -0.3730516731739044, -0.21839776635169983, 0.31678640842437744, 0.9140418171882629, -0.2533257007598877, 0.2941282093524933, 0.15924839675426483, 0.9424057006835938),
            ["LeftUpperLeg"] = CFrame.new(-1.1920928955078125e-07, -8.475035429000854e-08, 9.685754776000977e-08, 0.9717445373535156, 0.23158913850784302, -0.04559804126620293, -0.1983688324689865, 0.6965966820716858, -0.6894945502281189, -0.12791600823402405, 0.679057776927948, 0.7228541374206543),
            ["RightLowerLeg"] = CFrame.new(2.2351741790771484e-08, -0.000060439109802246094, -0.00007207335875136778, 1, -1.1920927533992653e-07, -2.980232949312267e-08, 1.6391277313232422e-07, 0.49031561613082886, 0.8715447783470154, -1.1175870895385742e-07, -0.8715449571609497, 0.4903159737586975),
            ["RightFoot"] = CFrame.new(-1.341104507446289e-07, 3.5762786865234375e-07, 1.6596459317952394e-08, 0.951863706111908, 0.29054680466651917, -0.09766360372304916, -0.28344884514808655, 0.7130634784698486, -0.6412463188171387, -0.11667174100875854, 0.6380620002746582, 0.7610946297645569),
            ["LeftLowerLeg"] = CFrame.new(-1.1920928955078125e-07, 0.000060677528381347656, 0.00007207691669464111, 1, 4.656612162534657e-08, 5.960464477539063e-08, -8.568167686462402e-08, 0.4437587857246399, 0.896146297454834, 4.470348358154297e-08, -0.8961462378501892, 0.4437587857246399),
        }},
        {Time = 0.167, Data = {
            ["LeftFoot"] = CFrame.new(-1.4901161193847656e-08, 1.1920928955078125e-07, 2.9802322387695312e-08, 0.9835580587387085, -0.17636151611804962, 0.03885999321937561, 0.1805795282125473, 0.9629814624786377, -0.2001447230577469, -0.002123557962477207, 0.20387129485607147, 0.9789955019950867),
            ["LeftLowerArm"] = CFrame.new(-5.960464477539063e-08, -3.5762786865234375e-07, -2.5331974029541016e-07, 1, -8.940696716308594e-08, 3.3527612686157227e-08, 7.450579886381092e-08, 0.7422788739204407, -0.6700910329818726, 7.4505797087454084e-09, 0.6700910925865173, 0.7422789335250854),
            ["LowerTorso"] = CFrame.new(-0.04749375581741333, -0.294455885887146, -0.039946265518665314, 0.9626215100288391, -0.011491280049085617, -0.27060678601264954, -0.008946677669882774, 0.9972054362297058, -0.07417197525501251, 0.2707028090953827, 0.07382053136825562, 0.9598284363746643),
            ["Head"] = CFrame.new(4.190951585769653e-09, 0, 1.7695128917694092e-08, 0.9638316631317139, -0.0037885080091655254, 0.2664848268032074, -0.0005123618757352233, 0.999870777130127, 0.0160679928958416, -0.2665112614631653, -0.015623273327946663, 0.9637051820755005),
            ["RightUpperArm"] = CFrame.new(0, 0, 1.4901161193847656e-08, 0.9538646936416626, -0.2933357059955597, 0.06398705393075943, 0.2259528934955597, 0.8417092561721802, 0.4903804659843445, -0.19770529866218567, -0.45329877734184265, 0.8691563010215759),
            ["UpperTorso"] = CFrame.new(9.313225746154785e-10, 0, -9.313225746154785e-09, 0.9980475306510925, -0.04041425511240959, 0.04762396961450577, 0.031973306089639664, 0.9855573773384094, 0.1662963330745697, -0.053656816482543945, -0.16444890201091766, 0.9849252104759216),
            ["HumanoidRootPart"] = CFrame.new(0, 0, 0, 1, 0, 0, 0, 1, 0, 0, 0, 1),
            ["RightHand"] = CFrame.new(-2.0139850676059723e-08, 5.960464477539063e-08, -2.7939677238464355e-08, 0.9621989727020264, 0.036174122244119644, -0.2699320614337921, -0.021761272102594376, 0.9981820583343506, 0.05620362609624863, 0.2714768648147583, -0.04820764809846878, 0.9612377285957336),
            ["LeftUpperArm"] = CFrame.new(0, -1.1920928955078125e-07, -1.4901161193847656e-08, 0.9700039625167847, 0.23979730904102325, -0.039869677275419235, -0.1888263076543808, 0.8465656638145447, 0.4976658821105957, 0.15309123694896698, -0.47520941495895386, 0.8664519786834717),
            ["RightLowerArm"] = CFrame.new(8.344650268554688e-07, -1.1920928955078125e-07, 9.98377799987793e-07, 1, -5.563009253251039e-08, 1.7695120035909895e-08, 6.915083616831907e-08, 0.8048534393310547, -0.5934754014015198, 2.7474069241861798e-08, 0.5934737920761108, 0.8048521280288696),
            ["LeftHand"] = CFrame.new(-2.9802322387695312e-08, -1.1920928955078125e-07, -1.043081283569336e-07, 0.9914993643760681, -0.018866870552301407, -0.1287367045879364, 0.027078155428171158, 0.9976879358291626, 0.06233515590429306, 0.1272629201412201, -0.06529132276773453, 0.9897177219390869),
            ["RightUpperLeg"] = CFrame.new(5.960464477539063e-08, -5.3085386753082275e-08, -3.894820110872388e-08, 0.895582914352417, -0.40426021814346313, -0.18575544655323029, 0.332790344953537, 0.885829746723175, -0.32335174083709717, 0.2952658236026764, 0.22777053713798523, 0.9278678297996521),
            ["LeftUpperLeg"] = CFrame.new(-1.7881393432617188e-07, -9.499490261077881e-08, 2.9802322387695312e-08, 0.9772138595581055, 0.2104000449180603, -0.02801884338259697, -0.17690543830394745, 0.7343838810920715, -0.6552746295928955, -0.11729321628808975, 0.6453000903129578, 0.7548710107803345),
            ["RightLowerLeg"] = CFrame.new(-8.754432201385498e-08, -0.000060498714447021484, -0.00007204914436442778, 1, -1.4901159772762185e-07, -2.980232949312267e-08, 1.1175870895385742e-07, 0.4009818434715271, 0.916085958480835, -6.705522537231445e-08, -0.9160860180854797, 0.40098217129707336),
            ["RightFoot"] = CFrame.new(7.450580596923828e-08, 3.5762786865234375e-07, -4.300818545743823e-08, 0.9823405742645264, 0.1860705018043518, -0.019617460668087006, -0.17487609386444092, 0.8758121132850647, -0.4498569071292877, -0.0665239468216896, 0.44534367322921753, 0.892885148525238),
            ["LeftLowerLeg"] = CFrame.new(1.9371509552001953e-07, 0.000060439109802246094, 0.00007224828004837036, 1, 6.705522537231445e-08, 3.725290298461914e-08, -8.195638656616211e-08, 0.5069144368171692, 0.8619964122772217, 3.725290298461914e-08, -0.8619964122772217, 0.5069143772125244),
        }},
        {Time = 0.200, Data = {
            ["LeftFoot"] = CFrame.new(3.725290298461914e-08, 0, -7.82310962677002e-08, 0.9866964221000671, -0.1596434861421585, 0.03072974644601345, 0.16167587041854858, 0.9833986163139343, -0.08239058405160904, -0.01706635393202305, 0.0862627699971199, 0.9961262941360474),
            ["LeftLowerArm"] = CFrame.new(-1.7881393432617188e-07, 5.960464477539063e-08, -5.21540641784668e-08, 1, -7.264315371457997e-08, 3.515014768140645e-08, 5.2154071283894154e-08, 0.7307249903678894, -0.6826719641685486, 1.4901162970204496e-08, 0.6826720237731934, 0.7307250499725342),
            ["LowerTorso"] = CFrame.new(-0.0630992203950882, -0.2199934720993042, -0.08027350157499313, 0.9690762162208557, 0.0013999766670167446, -0.24675776064395905, -0.01949005201458931, 0.9972941875457764, -0.07088395953178406, 0.24599073827266693, 0.07350124418735504, 0.9664813280105591),
            ["Head"] = CFrame.new(-3.725290298461914e-09, 2.384185791015625e-07, -1.955777406692505e-08, 0.9846145510673523, -0.016107968986034393, 0.17399640381336212, 0.0033281701616942883, 0.9972902536392212, 0.0734921395778656, -0.17470881342887878, -0.07178227603435516, 0.9820000529289246),
            ["RightUpperArm"] = CFrame.new(1.1920928955078125e-07, 0, -2.584420144557953e-08, 0.9609801769256592, -0.27570366859436035, 0.02242729626595974, 0.20970843732357025, 0.7790074348449707, 0.590907633304596, -0.18038751184940338, -0.5631473660469055, 0.8064274787902832),
            ["UpperTorso"] = CFrame.new(-3.725290298461914e-09, -5.960464477539063e-08, -1.30385160446167e-08, 0.9969916343688965, -0.03423590213060379, 0.0695393830537796, 0.022351453080773354, 0.9860408306121826, 0.1649968922138214, -0.07421740144491196, -0.1629461944103241, 0.9838396310806274),
            ["HumanoidRootPart"] = CFrame.new(0, 0, 0, 1, 0, 0, 0, 1, 0, 0, 0, 1),
            ["RightHand"] = CFrame.new(-2.849847078323364e-07, -3.5762786865234375e-07, 4.470348358154297e-08, 0.9644433856010437, 0.02574809640645981, -0.26302966475486755, -0.028145581483840942, 0.9995896220207214, -0.005347135942429304, 0.26278653740882874, 0.012557100504636765, 0.9647729396820068),
            ["LeftUpperArm"] = CFrame.new(0, 3.5762786865234375e-07, 0, 0.9748026728630066, 0.21259726583957672, -0.06754434108734131, -0.12877315282821655, 0.783563494682312, 0.6078203916549683, 0.18214616179466248, -0.583807110786438, 0.7911966443061829),
            ["RightLowerArm"] = CFrame.new(0.0000010728836059570312, 0, 0.0000012069940567016602, 1, -5.704344019363816e-08, 1.6763793908580737e-08, 5.029150784707781e-08, 0.8006459474563599, -0.5991389751434326, 3.725296959800062e-09, 0.5991377830505371, 0.8006449937820435),
            ["LeftHand"] = CFrame.new(8.195638656616211e-08, 0, 1.0128132998943329e-08, 0.9996698498725891, -0.007919518277049065, -0.024446168914437294, 0.007974660024046898, 0.9999659061431885, 0.0021706486586481333, 0.024428224191069603, -0.002364958869293332, 0.9996988773345947),
            ["RightUpperLeg"] = CFrame.new(5.960464477539063e-08, 1.9615981727838516e-08, -3.5222910810261965e-08, 0.8842472434043884, -0.4289776086807251, -0.1846214234828949, 0.35032007098197937, 0.8706872463226318, -0.3452238440513611, 0.3088407814502716, 0.24058662354946136, 0.9201823472976685),
            ["LeftUpperLeg"] = CFrame.new(-1.1920928955078125e-07, 5.960464477539063e-08, 5.960464477539063e-08, 0.9852005839347839, 0.17101211845874786, -0.01161176897585392, -0.1443849354982376, 0.7914755940437317, -0.5939017534255981, -0.09237395972013474, 0.5867890119552612, 0.8044537901878357),
            ["RightLowerLeg"] = CFrame.new(-7.450580596923828e-09, -0.00006026029586791992, -0.00007206032023532316, 1, -1.7881393432617188e-07, -2.980232949312267e-08, 1.564621925354004e-07, 0.4244194030761719, 0.9054656028747559, -1.043081283569336e-07, -0.9054657816886902, 0.42441970109939575),
            ["RightFoot"] = CFrame.new(-4.470348358154297e-08, 2.980232238769531e-07, -6.535992724820971e-08, 0.9962081909179688, 0.05931388586759567, 0.06364931166172028, -0.04812460392713547, 0.9851484298706055, -0.16482305526733398, -0.07248025387525558, 0.16113527119159698, 0.9842673540115356),
            ["LeftLowerLeg"] = CFrame.new(-8.940696716308594e-08, 0.000060677528381347656, 0.00007217377424240112, 1, 7.264316082000732e-08, 2.0489096641540527e-08, -6.51925802230835e-08, 0.6168256998062134, 0.7870998382568359, 2.9802322387695312e-08, -0.7870997786521912, 0.6168256402015686),
        }},
        {Time = 0.233, Data = {
            ["LeftFoot"] = CFrame.new(-1.1175870895385742e-08, 0, -1.0058283805847168e-07, 0.9886099100112915, -0.14994826912879944, 0.012887515127658844, 0.14695677161216736, 0.9802567362785339, 0.13228943943977356, -0.03246959671378136, -0.12888875603675842, 0.9911273717880249),
            ["LeftLowerArm"] = CFrame.new(-2.682209014892578e-07, -5.364418029785156e-07, -3.8277357816696167e-07, 1, -7.4505820180093e-08, 1.6298148608484553e-08, 7.823107495141812e-08, 0.7063965797424316, -0.7078160643577576, 1.862644793959589e-08, 0.7078163027763367, 0.7063968181610107),
            ["LowerTorso"] = CFrame.new(-0.07912180572748184, -0.14631617069244385, -0.13515165448188782, 0.9778920412063599, 0.014453690499067307, -0.2086103856563568, -0.028791159391403198, 0.997413694858551, -0.06585643440485, 0.2071189284324646, 0.07040658593177795, 0.9757790565490723),
            ["Head"] = CFrame.new(5.587935447692871e-09, -2.384185791015625e-07, -4.889443516731262e-08, 0.9967591762542725, -0.018984273076057434, 0.07817120105028152, 0.008148416876792908, 0.9905834197998047, 0.13666793704032898, -0.08002964407205582, -0.13558807969093323, 0.9875277876853943),
            ["RightUpperArm"] = CFrame.new(0, 0, 0, 0.9663068056106567, -0.2571576237678528, -0.010928020812571049, 0.19875748455524445, 0.7185266017913818, 0.666496217250824, -0.16354387998580933, -0.6462116837501526, 0.7454283237457275),
            ["UpperTorso"] = CFrame.new(5.587935447692871e-09, 2.980232238769531e-07, -2.60770320892334e-08, 0.9959036707878113, -0.02586628682911396, 0.0866420641541481, 0.011345851235091686, 0.9863846898078918, 0.16406281292438507, -0.08970602601766586, -0.16240766644477844, 0.9826375842094421),
            ["HumanoidRootPart"] = CFrame.new(0, 0, 0, 1, 0, 0, 0, 1, 0, 0, 0, 1),
            ["RightHand"] = CFrame.new(1.6391277313232422e-07, -5.960464477539063e-08, -1.4901161193847656e-08, 0.9685611724853516, 0.013055326417088509, -0.2484300285577774, -0.031335581094026566, 0.9970712661743164, -0.06976792216300964, 0.24679428339004517, 0.0753559023141861, 0.9661340713500977),
            ["LeftUpperArm"] = CFrame.new(0, -3.5762786865234375e-07, 0, 0.973855197429657, 0.20338855683803558, -0.10118893533945084, -0.0800502821803093, 0.7241051197052002, 0.6850280165672302, 0.21259836852550507, -0.6590180993080139, 0.7214550971984863),
            ["RightLowerArm"] = CFrame.new(0.0000013113021850585938, 2.980232238769531e-07, 0.0000013262033462524414, 1, -3.259627945340071e-08, 1.8626444386882213e-08, 4.84288378288511e-08, 0.8128126263618469, -0.5825252532958984, -3.725295183443222e-09, 0.5825252532958984, 0.8128126859664917),
            ["LeftHand"] = CFrame.new(1.5366822481155396e-08, -4.172325134277344e-07, 1.6763806343078613e-08, 0.9968189597129822, -0.02501683123409748, 0.07567121088504791, 0.026320889592170715, 0.9995208978652954, -0.016284126788377762, -0.07522772997617722, 0.0182240828871727, 0.9969999194145203),
            ["RightUpperLeg"] = CFrame.new(5.960464477539063e-08, 3.350432962179184e-07, -5.571200745180249e-08, 0.9130787253379822, -0.3957546055316925, -0.09831449389457703, 0.34981662034988403, 0.8840768933296204, -0.3098973035812378, 0.20956078171730042, 0.24856841564178467, 0.9456732869148254),
            ["LeftUpperLeg"] = CFrame.new(-5.960464477539063e-08, 2.207234501838684e-07, 0, 0.9920836091041565, 0.12277620285749435, -0.026384899392724037, -0.11577025800943375, 0.8127712607383728, -0.5709643363952637, -0.0486559197306633, 0.5694988369941711, 0.820550799369812),
            ["RightLowerLeg"] = CFrame.new(-9.685754776000977e-08, -0.00006026029586791992, -0.00007219443068606779, 1, -1.0617075929530984e-07, -8.940698847936801e-08, 9.685754776000977e-08, 0.5310665965080261, 0.84732985496521, -8.195638656616211e-08, -0.8473300933837891, 0.5310669541358948),
            ["RightFoot"] = CFrame.new(-7.450580596923828e-08, 2.980232238769531e-07, 1.6952981241047382e-09, 0.9965040683746338, 0.035348329693078995, 0.07569849491119385, -0.054396986961364746, 0.9622251987457275, 0.2667653560638428, -0.063409224152565, -0.2699505090713501, 0.9607840180397034),
            ["LeftLowerLeg"] = CFrame.new(-2.9802322387695312e-08, 0.00006073713302612305, 0.00007209926843643188, 1, 6.705522537231445e-08, 1.4901161193847656e-08, -9.499490261077881e-08, 0.6737342476844788, 0.7389737963676453, 3.725290298461914e-08, -0.7389737963676453, 0.673734188079834),
        }},
        {Time = 0.267, Data = {
            ["LeftFoot"] = CFrame.new(-5.960464477539063e-08, -5.960464477539063e-08, 6.705522537231445e-08, 0.989562451839447, -0.1440882384777069, 0.00217229500412941, 0.1369832456111908, 0.9452335238456726, 0.2962585985660553, -0.04474063590168953, -0.29286882281303406, 0.9551053047180176),
            ["LeftLowerArm"] = CFrame.new(-1.4901161193847656e-07, 2.980232238769531e-07, -3.5762786865234375e-07, 1, -7.078050856534901e-08, 4.610046033803883e-08, 3.725289587919178e-08, 0.6234927177429199, -0.7818289995193481, 5.215404996761208e-08, 0.7818291187286377, 0.6234928369522095),
            ["LowerTorso"] = CFrame.new(-0.08788876980543137, -0.08216333389282227, -0.19137607514858246, 0.9856842756271362, 0.02306412346661091, -0.16701705753803253, -0.033220477402210236, 0.9977477192878723, -0.058273833245038986, 0.1652967929840088, 0.06298794597387314, 0.9842304587364197),
            ["Head"] = CFrame.new(1.6763806343078613e-08, -4.76837158203125e-07, -4.889443516731262e-09, 0.9993453025817871, -0.01799931563436985, 0.03138640895485878, 0.01197150070220232, 0.9831114411354065, 0.18261653184890747, -0.034143317490816116, -0.18212111294269562, 0.9826831221580505),
            ["RightUpperArm"] = CFrame.new(0, -5.960464477539062e-07, -2.9802322387695312e-08, 0.9705746173858643, -0.21933551132678986, -0.09937559813261032, 0.21880751848220825, 0.631013810634613, 0.7442766427993774, -0.10054022073745728, -0.7441193461418152, 0.6604368090629578),
            ["UpperTorso"] = CFrame.new(-1.4901161193847656e-08, -2.9802322387695312e-08, -1.0244548320770264e-08, 0.9951818585395813, -0.02012275531888008, 0.0959596335887909, 0.004118097480386496, 0.9864275455474854, 0.16414591670036316, -0.09796024113893509, -0.16295988857746124, 0.9817575812339783),
            ["HumanoidRootPart"] = CFrame.new(0, 0, 0, 1, 0, 0, 0, 1, 0, 0, 0, 1),
            ["RightHand"] = CFrame.new(2.253800630569458e-07, 5.960464477539063e-08, 1.909211277961731e-08, 0.9846203923225403, 0.021518919616937637, -0.1733744889497757, -0.03480321541428566, 0.9966551065444946, -0.07394623011350632, 0.17120610177516937, 0.07883915305137634, 0.9820760488510132),
            ["LeftUpperArm"] = CFrame.new(0, -2.384185791015625e-07, 4.470348358154297e-08, 0.9706752300262451, 0.21173809468746185, -0.11382729560136795, -0.04715033620595932, 0.6319948434829712, 0.7735369801521301, 0.23572541773319244, -0.7454861402511597, 0.6234452128410339),
            ["RightLowerArm"] = CFrame.new(0.0000010132789611816406, 5.960464477539063e-08, 0.0000012218952178955078, 1, -4.6566100309064495e-08, 1.9557752750642976e-08, 5.2154128127313015e-08, 0.7732902765274048, -0.6340503096580505, 3.3527651766007693e-08, 0.6340521574020386, 0.7732918858528137),
            ["LeftHand"] = CFrame.new(-1.1175870895385742e-08, -4.172325134277344e-07, 0, 0.9862651228904724, -0.06647474318742752, 0.15120305120944977, 0.06541768461465836, 0.9977863430976868, 0.011959269642829895, -0.15166334807872772, -0.0019037139136344194, 0.988430380821228),
            ["RightUpperLeg"] = CFrame.new(5.960464477539063e-08, 2.9336661100387573e-08, -5.3849362302571535e-08, 0.9371675848960876, -0.34569913148880005, 0.047001875936985016, 0.3413407504558563, 0.8807016015052795, -0.3284071981906891, 0.07213544100522995, 0.323816180229187, 0.9433661103248596),
            ["LeftUpperLeg"] = CFrame.new(-1.1920928955078125e-07, 1.3504177331924438e-07, 4.470348358154297e-08, 0.9952540397644043, 0.08091174066066742, -0.05406305566430092, -0.09730792045593262, 0.8227564692497253, -0.5600026249885559, -0.0008300832705572248, 0.5626056790351868, 0.8267250061035156),
