return {
    ["Flippin' Awesome"] = {
        {Time = 0.000, Data = {
            ["LeftFoot"] = CFrame.new(3.725290298461914e-08, 5.960464477539063e-08, -1.1175870895385742e-08, 0.9368082284927368, -0.3431167006492615, -0.06827317178249359, 0.3468484580516815, 0.8854498863220215, 0.30931350588798523, -0.04567808657884598, -0.31344783306121826, 0.9485061764717102),
            ["LeftLowerArm"] = CFrame.new(5.960464477539063e-08, -0.00006443262100219727, 0.00004789233207702637, 1, 0, 7.82310962677002e-08, 3.725290653733282e-08, 0.6530420184135437, -0.7573216557502747, 5.960465188081798e-08, 0.7573216557502747, 0.6530420780181885),
            ["LowerTorso"] = CFrame.new(0.8456488847732544, -0.9210565090179443, 1.3424867391586304, 0.8990206122398376, 0.11628147214651108, 0.42218542098999023, -0.09077916294336319, 0.9926450848579407, -0.08009256422519684, -0.42839351296424866, 0.03367919847369194, 0.9029644131660461),
            ["Head"] = CFrame.new(4.470348358154297e-08, -1.1920928955078125e-07, -4.470348358154297e-08, 0.8762524724006653, 0.09395794570446014, 0.4726031720638275, 0.10230956226587296, 0.9221628308296204, -0.3730260729789734, -0.47086572647094727, 0.37521693110466003, 0.7984346747398376),
            ["RightUpperLeg"] = CFrame.new(-5.960464477539063e-08, -1.7508864402770996e-07, 7.281050784513354e-08, 0.5885283350944519, -0.7947741746902466, 0.14821763336658478, 0.013356467708945274, -0.17374636232852936, -0.9846999049186707, 0.8083662986755371, 0.5815035104751587, -0.09163932502269745),
            ["UpperTorso"] = CFrame.new(-1.2665987014770508e-07, 5.960464477539063e-08, 8.195638656616211e-08, 0.9760308861732483, -0.04632849991321564, -0.21264414489269257, 0.17451389133930206, 0.7504046559333801, 0.6375247836112976, 0.13003362715244293, -0.6593531370162964, 0.7405028939247131),
            ["HumanoidRootPart"] = CFrame.new(0, 0, 0, 1, 0, 0, 0, 1, 0, 0, 0, 1),
            ["RightHand"] = CFrame.new(8.195638656616211e-08, 5.960464477539063e-08, 1.4901161193847656e-07, -0.5020114183425903, -0.5983820557594299, -0.6244386434555054, -0.40330010652542114, 0.800670325756073, -0.44303098320961, 0.7650710344314575, 0.0294291153550148, -0.643272876739502),
            ["LeftUpperArm"] = CFrame.new(-1.1920928955078125e-07, -1.1920928955078125e-07, -1.1920928955078125e-07, -0.007712365128099918, 0.38801202178001404, -0.9216219782829285, -0.9927974939346313, -0.1131635308265686, -0.039335329085588455, -0.1195565015077591, 0.9146806001663208, 0.38609009981155396),
            ["RightLowerArm"] = CFrame.new(5.364418029785156e-07, 0.00006467103958129883, -0.00004789605736732483, 1, -1.1175875158642157e-07, 7.823107495141812e-08, 8.940698137394065e-08, 0.536081075668335, -0.8441664576530457, 3.725290653733282e-08, 0.8441665768623352, 0.5360811948776245),
            ["LeftHand"] = CFrame.new(7.450580596923828e-08, 1.1920928955078125e-07, 7.450580596923828e-09, -0.9405633211135864, 0.22779154777526855, 0.2518959939479828, 0.3374663293361664, 0.7102314829826355, 0.6178090572357178, -0.03817262500524521, 0.6660947203636169, -0.744889497756958),
            ["RightUpperArm"] = CFrame.new(0, -3.5762786865234375e-07, -1.9371509552001953e-07, 0.3245513439178467, -0.014242734760046005, 0.9457608461380005, 0.9458625912666321, 0.008306292816996574, -0.32446107268333435, -0.0032345950603485107, 0.9998641014099121, 0.016167810186743736),
            ["LeftUpperLeg"] = CFrame.new(-1.7881393432617188e-07, -9.313225746154785e-08, 2.9802322387695312e-08, 0.8662174344062805, 0.4662588834762573, -0.17963838577270508, -0.3477945625782013, 0.3044905364513397, -0.8867493867874146, -0.3587566614151001, 0.8305951356887817, 0.4259173274040222),
            ["RightLowerLeg"] = CFrame.new(-1.043081283569336e-07, -0.00013446807861328125, -0.00007407942757708952, 1, -1.2293453721667902e-07, -2.160669083650646e-07, 1.331791139591587e-07, -0.3467361330986023, 0.9379628300666809, -1.7508862981685525e-07, -0.9379626512527466, -0.3467361330986023),
            ["RightFoot"] = CFrame.new(1.1175870895385742e-08, 4.172325134277344e-07, -5.75528247281909e-09, 0.9917991161346436, -0.12574855983257294, 0.022845741361379623, 0.1277962028980255, 0.9780614376068115, -0.1645112931728363, -0.0016574240289628506, 0.16608202457427979, 0.9861106872558594),
            ["LeftLowerLeg"] = CFrame.new(8.940696716308594e-08, 0.0001347064971923828, 0.00007397681474685669, 1, 1.1175870895385742e-08, 1.043081283569336e-07, -2.9802322387695312e-08, 0.546125590801239, 0.8377033472061157, 8.568167686462402e-08, -0.8377033472061157, 0.5461256504058838),
        }},
        {Time = 0.042, Data = {
            ["LeftFoot"] = CFrame.new(1.4901161193847656e-08, 0, 9.313225746154785e-08, 0.9389711618423462, -0.3383123278617859, -0.0622718408703804, 0.3399733603000641, 0.8850569128990173, 0.31795063614845276, -0.05245257169008255, -0.31971725821495056, 0.9460601210594177),
            ["LeftLowerArm"] = CFrame.new(-3.5762786865234375e-07, -0.0000642538070678711, 0.00004792213439941406, 1, 1.1175872671742582e-08, -3.7252894102834944e-09, 2.980232594040899e-08, 0.6307706236839294, -0.7759693264961243, 7.450581485102248e-09, 0.7759694457054138, 0.6307706236839294),
            ["LowerTorso"] = CFrame.new(0.8456488847732544, -0.8899195194244385, 1.3424867391586304, 0.8990206122398376, 0.11628147214651108, 0.42218542098999023, -0.09077916294336319, 0.9926450848579407, -0.08009256422519684, -0.42839351296424866, 0.03367919847369194, 0.9029644131660461),
            ["Head"] = CFrame.new(0, 0, 1.043081283569336e-07, 0.8958826661109924, 0.12906566262245178, 0.42513108253479004, 0.0006132274866104126, 0.9565154910087585, -0.2916806936264038, -0.4442903995513916, 0.2615724503993988, 0.8568465709686279),
            ["RightUpperLeg"] = CFrame.new(-5.960464477539063e-08, -1.7508864402770996e-07, -3.149762051180005e-08, 0.5842547416687012, -0.8030630350112915, 0.11720144003629684, 0.013070587068796158, -0.13508333265781403, -0.9907479882240295, 0.8114651441574097, 0.5803810954093933, -0.06842660903930664),
            ["UpperTorso"] = CFrame.new(-1.1175870895385742e-07, 5.960464477539063e-08, -1.4901161193847656e-08, 0.9756429195404053, -0.04542155563831329, -0.21461112797260284, 0.17775103449821472, 0.7370114922523499, 0.6520879864692688, 0.12855198979377747, -0.6743522882461548, 0.7271336913108826),
            ["HumanoidRootPart"] = CFrame.new(0, 0, 0, 1, 0, 0, 0, 1, 0, 0, 0, 1),
            ["RightHand"] = CFrame.new(-2.5704503059387207e-07, -5.960464477539063e-08, -8.940696716308594e-08, -0.4902733266353607, -0.6083587408065796, -0.6241251230239868, -0.40116170048713684, 0.7932429909706116, -0.458077073097229, 0.7737579345703125, 0.025791838765144348, -0.6329560279846191),
            ["LeftUpperArm"] = CFrame.new(0, 0, -7.450580596923828e-08, -0.0165239367634058, 0.3971531391143799, -0.9176035523414612, -0.9919875860214233, -0.12147371470928192, -0.03471245989203453, -0.12525078654289246, 0.9096778035163879, 0.3959781229496002),
            ["RightLowerArm"] = CFrame.new(2.384185791015625e-07, 0.00006395578384399414, -0.00004783645272254944, 1, -3.725290653733282e-08, -4.0978193283081055e-08, -2.2351747119842003e-08, 0.5183863639831543, -0.8551464676856995, 1.4901164746561335e-08, 0.8551466464996338, 0.5183864831924438),
            ["LeftHand"] = CFrame.new(-2.980232238769531e-07, 5.960464477539063e-08, -5.21540641784668e-08, -0.9353922009468079, 0.23735380172729492, 0.26211580634117126, 0.35051029920578003, 0.7203176021575928, 0.5985697507858276, -0.04673374071717262, 0.6517713069915771, -0.7569739818572998),
            ["RightUpperArm"] = CFrame.new(-1.1920928955078125e-07, 0, 7.450580596923828e-08, 0.3220553398132324, -0.017377806827425957, 0.9465614557266235, 0.9467201828956604, 0.004694230388849974, -0.3220230042934418, 0.001152527634985745, 0.9998379945755005, 0.017963944002985954),
            ["LeftUpperLeg"] = CFrame.new(-1.7881393432617188e-07, -9.313225746154785e-08, -6.705522537231445e-08, 0.8701946139335632, 0.4666086435317993, -0.1582329124212265, -0.3424172103404999, 0.3418046236038208, -0.8751686215400696, -0.3542765974998474, 0.8157486915588379, 0.45721137523651123),
            ["RightLowerLeg"] = CFrame.new(-2.0116567611694336e-07, -0.00013446807861328125, -0.00007408687815768644, 1, -1.2665984172599565e-07, -2.1606686573250045e-07, 1.1455269088855857e-07, -0.31416359543800354, 0.9493688941001892, -1.788139627478813e-07, -0.9493688941001892, -0.31416356563568115),
            ["RightFoot"] = CFrame.new(7.450580596923828e-09, 4.172325134277344e-07, -5.790934665128589e-08, 0.9916324615478516, -0.12601064145565033, 0.02804095298051834, 0.12894867360591888, 0.9771388173103333, -0.16903284192085266, -0.006099979393184185, 0.17123450338840485, 0.9852115511894226),
            ["LeftLowerLeg"] = CFrame.new(-5.960464477539063e-08, 0.0001347661018371582, 0.00007385574281215668, 1, 8.568168397005138e-08, -4.470348358154297e-08, -9.685756197086448e-08, 0.5857652425765991, 0.8104806542396545, 9.126962652317161e-08, -0.8104808330535889, 0.5857654213905334),
        }},
        {Time = 0.083, Data = {
            ["LeftFoot"] = CFrame.new(1.4901161193847656e-08, 5.960464477539063e-08, 3.3527612686157227e-08, 0.93996661901474, -0.33602938055992126, -0.05955611914396286, 0.3366817831993103, 0.8845992684364319, 0.32269158959388733, -0.05575055629014969, -0.3233706057071686, 0.9446286559104919),
            ["LeftLowerArm"] = CFrame.new(3.5762786865234375e-07, -0.0000642538070678711, 0.00004781782627105713, 1, 4.0978196835794733e-08, -1.4901161193847656e-08, 1.564622067462551e-07, 0.6023609638214111, -0.7982237339019775, 1.3411046495548362e-07, 0.7982239127159119, 0.6023611426353455),
            ["LowerTorso"] = CFrame.new(0.8456488847732544, -0.8751041889190674, 1.3424867391586304, 0.8990206122398376, 0.11628147214651108, 0.42218542098999023, -0.09077916294336319, 0.9926450848579407, -0.08009256422519684, -0.42839351296424866, 0.03367919847369194, 0.9029644131660461),
            ["Head"] = CFrame.new(-2.9802322387695312e-08, 0, 1.6391277313232422e-07, 0.8799569010734558, 0.3150961697101593, 0.3555143177509308, -0.23735159635543823, 0.9398797154426575, -0.2455407679080963, -0.41150975227355957, 0.13168372213840485, 0.9018421769142151),
            ["RightUpperLeg"] = CFrame.new(-5.960464477539063e-08, -5.587935447692871e-08, -1.6596459317952394e-08, 0.582248330116272, -0.8065100908279419, 0.10260787606239319, 0.01306511927396059, -0.11690887063741684, -0.9930567145347595, 0.81290602684021, 0.5795461535453796, -0.05753287300467491),
            ["UpperTorso"] = CFrame.new(-1.1175870895385742e-07, 5.960464477539063e-08, -7.450580596923828e-09, 0.9754834771156311, -0.04511447995901108, -0.21539904177188873, 0.17906777560710907, 0.7316863536834717, 0.6577003598213196, 0.12793274223804474, -0.6801469326019287, 0.7218265533447266),
            ["HumanoidRootPart"] = CFrame.new(0, 0, 0, 1, 0, 0, 0, 1, 0, 0, 0, 1),
            ["RightHand"] = CFrame.new(2.3096799850463867e-07, 5.960464477539063e-08, 0, -0.4837236702442169, -0.6153841614723206, -0.622345507144928, -0.3920746445655823, 0.7880947589874268, -0.47453609108924866, 0.782489001750946, 0.01446157693862915, -0.6224963068962097),
            ["LeftUpperArm"] = CFrame.new(0, -3.5762786865234375e-07, -2.9802322387695312e-08, -0.018845276907086372, 0.40988728404045105, -0.9119415879249573, -0.9914563298225403, -0.1254078596830368, -0.03587827831506729, -0.12907081842422485, 0.9034740328788757, 0.4087486267089844),
            ["RightLowerArm"] = CFrame.new(2.384185791015625e-07, 0.00006437301635742188, -0.00004781782627105713, 1, -1.564622067462551e-07, 7.450580596923828e-09, 9.313226634333205e-09, 0.49207329750061035, -0.870553731918335, 1.4901162970204496e-08, 0.8705538511276245, 0.4920733869075775),
            ["LeftHand"] = CFrame.new(-2.5331974029541016e-07, -1.1920928955078125e-07, 1.1175870895385742e-07, -0.9347535967826843, 0.2370607852935791, 0.26464682817459106, 0.35072657465934753, 0.7347492575645447, 0.5806328654289246, -0.05680374428629875, 0.6355674266815186, -0.7699530124664307),
            ["RightUpperArm"] = CFrame.new(0, -1.1920928955078125e-07, 7.450580596923828e-08, 0.319853812456131, -0.026148848235607147, 0.947106122970581, 0.9474660158157349, 0.010229646228253841, -0.31969279050827026, -0.0013289331691339612, 0.9996057748794556, 0.02804722636938095),
            ["LeftUpperLeg"] = CFrame.new(-1.7881393432617188e-07, 2.60770320892334e-08, -5.960464477539063e-08, 0.8719855546951294, 0.4666246175765991, -0.1479952335357666, -0.3399597406387329, 0.3596932590007782, -0.8689351081848145, -0.3522337079048157, 0.8080113530158997, 0.47228097915649414),
            ["RightLowerLeg"] = CFrame.new(-8.940696716308594e-08, -0.0001341104507446289, -0.00007403472409350798, 1, -1.3411042232291948e-07, -2.030283923204479e-07, 8.940698847936801e-08, -0.29825666546821594, 0.9544857740402222, -1.750886866602741e-07, -0.9544857144355774, -0.29825663566589355),
            ["RightFoot"] = CFrame.new(-1.825392246246338e-07, 1.7881393432617188e-07, -1.3205863069742918e-08, 0.991550087928772, -0.12608404457569122, 0.030519459396600723, 0.12945958971977234, 0.97679203748703, -0.17063891887664795, -0.00829624105244875, 0.17314831912517548, 0.9848609566688538),
            ["LeftLowerLeg"] = CFrame.new(7.450580596923828e-08, 0.00013458728790283203, 0.00007394421845674515, 1, 2.2351745343485163e-08, 7.450580596923828e-08, -5.960465188081798e-08, 0.6050651669502258, 0.7961757183074951, 5.7742006731587026e-08, -0.796176016330719, 0.6050654649734497),
        }},
        {Time = 0.125, Data = {
            ["LeftFoot"] = CFrame.new(1.4901161193847656e-08, 5.960464477539063e-08, 3.3527612686157227e-08, 0.93996661901474, -0.33602938055992126, -0.05955611914396286, 0.3366817831993103, 0.8845992684364319, 0.32269158959388733, -0.05575055629014969, -0.3233706057071686, 0.9446286559104919),
            ["LeftLowerArm"] = CFrame.new(-1.1920928955078125e-07, -0.00006449222564697266, 0.00004791468381881714, 1, -2.980232949312267e-08, 8.195640788244418e-08, 4.4703490686970326e-08, 0.6065645813941956, -0.7950342297554016, 5.960465188081798e-08, 0.7950342297554016, 0.6065646409988403),
            ["LowerTorso"] = CFrame.new(0.8456488847732544, -0.8751041889190674, 1.3424867391586304, 0.8990206122398376, 0.11628147214651108, 0.42218542098999023, -0.09077916294336319, 0.9926450848579407, -0.08009256422519684, -0.42839351296424866, 0.03367919847369194, 0.9029644131660461),
            ["Head"] = CFrame.new(-2.9802322387695312e-08, 0, 1.6391277313232422e-07, 0.8371567726135254, 0.5240252614021301, 0.15673665702342987, -0.4926912188529968, 0.8469138145446777, -0.19998063147068024, -0.23753729462623596, 0.09019260108470917, 0.9671822190284729),
            ["RightUpperLeg"] = CFrame.new(-5.960464477539063e-08, -5.587935447692871e-08, -1.6596459317952394e-08, 0.582248330116272, -0.8065100908279419, 0.10260787606239319, 0.01306511927396059, -0.11690887063741684, -0.9930567145347595, 0.81290602684021, 0.5795461535453796, -0.05753287300467491),
            ["UpperTorso"] = CFrame.new(-1.1175870895385742e-07, 5.960464477539063e-08, -7.450580596923828e-09, 0.9754834771156311, -0.04511447995901108, -0.21539904177188873, 0.17906777560710907, 0.7316863536834717, 0.6577003598213196, 0.12793274223804474, -0.6801469326019287, 0.7218265533447266),
            ["HumanoidRootPart"] = CFrame.new(0, 0, 0, 1, 0, 0, 0, 1, 0, 0, 0, 1),
            ["RightHand"] = CFrame.new(1.1175870895385742e-08, 1.1920928955078125e-07, -5.960464477539063e-08, -0.4879205822944641, -0.6164646148681641, -0.6179845929145813, -0.39520779252052307, 0.7872703671455383, -0.4733038544654846, 0.7782958149909973, 0.01329777855426073, -0.6277568340301514),
            ["LeftUpperArm"] = CFrame.new(0, -3.5762786865234375e-07, -2.9802322387695312e-08, -0.017483588308095932, 0.40758877992630005, -0.9129981994628906, -0.9911252856254578, -0.1274132877588272, -0.03790124133229256, -0.13177639245986938, 0.9042330384254456, 0.4061990976333618),
            ["RightLowerArm"] = CFrame.new(2.980232238769531e-07, 0.00006455183029174805, -0.00004773959517478943, 1, -7.450583439094771e-08, 2.0489094865183688e-08, 4.936009645462036e-08, 0.493876576423645, -0.8695319890975952, 2.9802322387695312e-08, 0.86953204870224, 0.4938766062259674),
            ["LeftHand"] = CFrame.new(-5.960464477539063e-08, 5.960464477539063e-08, -5.21540641784668e-08, -0.9373031854629517, 0.22951027750968933, 0.26227423548698425, 0.34352460503578186, 0.7353063821792603, 0.584222137928009, -0.05876678228378296, 0.6376909017562866, -0.7680473327636719),
            ["RightUpperArm"] = CFrame.new(0, -1.1920928955078125e-07, 7.450580596923828e-08, 0.3202458620071411, -0.027025029063224792, 0.9469490051269531, 0.9473341107368469, 0.009981706738471985, -0.3200910687446594, -0.000801590271294117, 0.999584972858429, 0.028798382729291916),
            ["LeftUpperLeg"] = CFrame.new(-1.7881393432617188e-07, 2.60770320892334e-08, -5.960464477539063e-08, 0.8719855546951294, 0.4666246175765991, -0.1479952335357666, -0.3399597406387329, 0.3596932590007782, -0.8689351081848145, -0.3522337079048157, 0.8080113530158997, 0.47228097915649414),
            ["RightLowerLeg"] = CFrame.new(-8.940696716308594e-08, -0.0001341104507446289, -0.00007403472409350798, 1, -1.3411042232291948e-07, -2.030283923204479e-07, 8.940698847936801e-08, -0.29825666546821594, 0.9544857740402222, -1.750886866602741e-07, -0.9544857144355774, -0.29825663566589355),
            ["RightFoot"] = CFrame.new(-1.825392246246338e-07, 1.7881393432617188e-07, -1.3205863069742918e-08, 0.991550087928772, -0.12608404457569122, 0.030519459396600723, 0.12945958971977234, 0.97679203748703, -0.17063891887664795, -0.00829624105244875, 0.17314831912517548, 0.9848609566688538),
            ["LeftLowerLeg"] = CFrame.new(7.450580596923828e-08, 0.00013458728790283203, 0.00007394421845674515, 1, 2.2351745343485163e-08, 7.450580596923828e-08, -5.960465188081798e-08, 0.6050651669502258, 0.7961757183074951, 5.7742006731587026e-08, -0.796176016330719, 0.6050654649734497),
        }},
        {Time = 0.167, Data = {
            ["LeftFoot"] = CFrame.new(1.4901161193847656e-08, 5.960464477539063e-08, 3.3527612686157227e-08, 0.93996661901474, -0.33602938055992126, -0.05955611914396286, 0.3366817831993103, 0.8845992684364319, 0.32269158959388733, -0.05575055629014969, -0.3233706057071686, 0.9446286559104919),
            ["LeftLowerArm"] = CFrame.new(2.682209014892578e-07, -0.00006401538848876953, 0.00004801154136657715, 1, -1.6763804921993142e-07, 8.195639367158947e-08, -3.725290653733282e-08, 0.6104653477668762, -0.7920430302619934, -1.4901162970204496e-08, 0.7920429706573486, 0.610465407371521),
            ["LowerTorso"] = CFrame.new(0.8456488847732544, -0.8751041889190674, 1.3424867391586304, 0.8990206122398376, 0.11628147214651108, 0.42218542098999023, -0.09077916294336319, 0.9926450848579407, -0.08009256422519684, -0.42839351296424866, 0.03367919847369194, 0.9029644131660461),
            ["Head"] = CFrame.new(-5.960464477539063e-08, 0, 1.564621925354004e-07, 0.7691317796707153, 0.6384714245796204, -0.028120756149291992, -0.6342185735702515, 0.7571066617965698, -0.15670517086982727, -0.0787612646818161, 0.13836176693439484, 0.9872450828552246),
            ["RightUpperLeg"] = CFrame.new(-5.960464477539063e-08, -5.587935447692871e-08, -1.6596459317952394e-08, 0.582248330116272, -0.8065100908279419, 0.10260787606239319, 0.01306511927396059, -0.11690887063741684, -0.9930567145347595, 0.81290602684021, 0.5795461535453796, -0.05753287300467491),
            ["UpperTorso"] = CFrame.new(-1.1175870895385742e-07, 5.960464477539063e-08, -7.450580596923828e-09, 0.9755156636238098, -0.04426209628582001, -0.2154299020767212, 0.1785166710615158, 0.7314850687980652, 0.6580740809440613, 0.12845604121685028, -0.6804193258285522, 0.7214766144752502),
            ["HumanoidRootPart"] = CFrame.new(0, 0, 0, 1, 0, 0, 0, 1, 0, 0, 0, 1),
            ["RightHand"] = CFrame.new(-1.0058283805847168e-07, 0, -2.9802322387695312e-08, -0.49227315187454224, -0.6172264814376831, -0.6137580871582031, -0.4008650481700897, 0.7866449356079102, -0.46957072615623474, 0.7726412415504456, 0.01487693376839161, -0.63466876745224),
            ["LeftUpperArm"] = CFrame.new(0, 0, 9.685754776000977e-08, -0.015952395275235176, 0.4049156606197357, -0.9142149686813354, -0.9909505844116211, -0.12827689945697784, -0.03952397406101227, -0.13327647745609283, 0.9053112864494324, 0.4032975733280182),
            ["RightLowerArm"] = CFrame.new(-4.172325134277344e-07, 0.00006413459777832031, -0.000047497451305389404, 1, -5.960463766996327e-08, 6.146729703004894e-08, 3.259629011154175e-08, 0.5013006329536438, -0.8652731776237488, 7.450580596923828e-08, 0.8652732372283936, 0.5013006329536438),
            ["LeftHand"] = CFrame.new(-2.2351741790771484e-07, 1.7881393432617188e-07, -1.2665987014770508e-07, -0.9390608072280884, 0.2232787013053894, 0.26136499643325806, 0.33821719884872437, 0.7360133528709412, 0.5864241719245911, -0.06143197417259216, 0.6390860676765442, -0.7666779160499573),
            ["RightUpperArm"] = CFrame.new(-5.960464477539063e-08, 1.1920928955078125e-07, 2.2351741790771484e-07, 0.32029345631599426, -0.025530291721224785, 0.9469743967056274, 0.9473175406455994, 0.007226144894957542, -0.32021453976631165, 0.0013321101432666183, 0.9996480345726013, 0.026499848812818527),
            ["LeftUpperLeg"] = CFrame.new(-1.7881393432617188e-07, 2.60770320892334e-08, -5.960464477539063e-08, 0.8719855546951294, 0.4666246175765991, -0.1479952335357666, -0.3399597406387329, 0.3596932590007782, -0.8689351081848145, -0.3522337079048157, 0.8080113530158997, 0.47228097915649414),
            ["RightLowerLeg"] = CFrame.new(-8.940696716308594e-08, -0.0001341104507446289, -0.00007403472409350798, 1, -1.3411042232291948e-07, -2.030283923204479e-07, 8.940698847936801e-08, -0.29825666546821594, 0.9544857740402222, -1.750886866602741e-07, -0.9544857144355774, -0.29825663566589355),
            ["RightFoot"] = CFrame.new(-1.825392246246338e-07, 1.7881393432617188e-07, -1.3205863069742918e-08, 0.991550087928772, -0.12608404457569122, 0.030519459396600723, 0.12945958971977234, 0.97679203748703, -0.17063891887664795, -0.00829624105244875, 0.17314831912517548, 0.9848609566688538),
            ["LeftLowerLeg"] = CFrame.new(7.450580596923828e-08, 0.00013458728790283203, 0.00007394421845674515, 1, 2.2351745343485163e-08, 7.450580596923828e-08, -5.960465188081798e-08, 0.6050651669502258, 0.7961757183074951, 5.7742006731587026e-08, -0.796176016330719, 0.6050654649734497),
        }},
        {Time = 0.208, Data = {
            ["LeftFoot"] = CFrame.new(1.4901161193847656e-08, 5.960464477539063e-08, 3.3527612686157227e-08, 0.93996661901474, -0.33602938055992126, -0.05955611914396286, 0.3366817831993103, 0.8845992684364319, 0.32269158959388733, -0.05575055629014969, -0.3233706057071686, 0.9446286559104919),
            ["LeftLowerArm"] = CFrame.new(-5.960464477539063e-08, -0.00006473064422607422, 0.000047869980335235596, 1, 0, 2.980233304583635e-08, 1.1920926112907182e-07, 0.5932996869087219, -0.8049818277359009, 4.470347292340193e-08, 0.8049816489219666, 0.5932996273040771),
            ["LowerTorso"] = CFrame.new(0.8456488847732544, -0.8751041889190674, 1.3424867391586304, 0.8990206122398376, 0.11628147214651108, 0.42218542098999023, -0.09077916294336319, 0.9926450848579407, -0.08009256422519684, -0.42839351296424866, 0.03367919847369194, 0.9029644131660461),
            ["Head"] = CFrame.new(1.4901161193847656e-07, -1.1920928955078125e-07, -2.9802322387695312e-08, 0.7841309905052185, 0.5975565314292908, -0.16752582788467407, -0.6201012134552002, 0.743649423122406, -0.24991992115974426, -0.02476075291633606, 0.29985299706459045, 0.9536640644073486),
            ["RightUpperLeg"] = CFrame.new(-5.960464477539063e-08, -5.587935447692871e-08, -1.6596459317952394e-08, 0.582248330116272, -0.8065100908279419, 0.10260787606239319, 0.01306511927396059, -0.11690887063741684, -0.9930567145347595, 0.81290602684021, 0.5795461535453796, -0.05753287300467491),
            ["UpperTorso"] = CFrame.new(-1.1175870895385742e-07, 5.960464477539063e-08, -7.450580596923828e-09, 0.9762416481971741, 0.01915697194635868, -0.21583668887615204, 0.13845990598201752, 0.7110514044761658, 0.689372718334198, 0.1666773110628128, -0.702879011631012, 0.6915054321289062),
            ["HumanoidRootPart"] = CFrame.new(0, 0, 0, 1, 0, 0, 0, 1, 0, 0, 0, 1),
            ["RightHand"] = CFrame.new(-7.450580596923828e-08, 0, 1.7881393432617188e-07, -0.5100253820419312, -0.6094961166381836, -0.6069504618644714, -0.3626804053783417, 0.7922145128250122, -0.4907737374305725, 0.7799595594406128, -0.03017834573984146, -0.6251018643379211),
            ["LeftUpperArm"] = CFrame.new(1.1920928955078125e-07, -1.1920928955078125e-07, 1.4901161193847656e-08, 0.039225466549396515, 0.4351477026939392, -0.8995043635368347, -0.9885237216949463, -0.11452683061361313, -0.09851141273975372, -0.1458844095468521, 0.8930454254150391, 0.4256613552570343),
            ["RightLowerArm"] = CFrame.new(3.5762786865234375e-07, 0.00006443262100219727, -0.00004768744111061096, 1, -1.2665987014770508e-07, -1.3038517820973539e-08, 1.0710209608078003e-07, 0.4805743396282196, -0.8769539594650269, 2.2351741790771484e-08, 0.8769540786743164, 0.48057451844215393),
            ["LeftHand"] = CFrame.new(-1.4901161193847656e-08, 0, 5.960464477539063e-08, -0.9313172698020935, 0.224629208445549, 0.28668779134750366, 0.35589516162872314, 0.7285122871398926, 0.5853270888328552, -0.07737378776073456, 0.6471565961837769, -0.7584209442138672),
            ["RightUpperArm"] = CFrame.new(2.384185791015625e-07, -2.384185791015625e-07, 0, 0.27429649233818054, -0.011543793603777885, 0.961575984954834, 0.9598896503448486, -0.05710604786872864, -0.27450093626976013, 0.058080609887838364, 0.9983013868331909, -0.004583179950714111),
            ["LeftUpperLeg"] = CFrame.new(-1.7881393432617188e-07, 2.60770320892334e-08, -5.960464477539063e-08, 0.8719855546951294, 0.4666246175765991, -0.1479952335357666, -0.3399597406387329, 0.3596932590007782, -0.8689351081848145, -0.3522337079048157, 0.8080113530158997, 0.47228097915649414),
            ["RightLowerLeg"] = CFrame.new(-8.940696716308594e-08, -0.0001341104507446289, -0.00007403472409350798, 1, -1.3411042232291948e-07, -2.030283923204479e-07, 8.940698847936801e-08, -0.29825666546821594, 0.9544857740402222, -1.750886866602741e-07, -0.9544857144355774, -0.29825663566589355),
            ["RightFoot"] = CFrame.new(-1.825392246246338e-07, 1.7881393432617188e-07, -1.3205863069742918e-08, 0.991550087928772, -0.12608404457569122, 0.030519459396600723, 0.12945958971977234, 0.97679203748703, -0.17063891887664795, -0.00829624105244875, 0.17314831912517548, 0.9848609566688538),
            ["LeftLowerLeg"] = CFrame.new(7.450580596923828e-08, 0.00013458728790283203, 0.00007394421845674515, 1, 2.2351745343485163e-08, 7.450580596923828e-08, -5.960465188081798e-08, 0.6050651669502258, 0.7961757183074951, 5.7742006731587026e-08, -0.796176016330719, 0.6050654649734497),
        }},
        {Time = 0.250, Data = {
            ["LeftFoot"] = CFrame.new(-1.1175870895385742e-07, -5.960464477539063e-08, 5.587935447692871e-08, 0.9399685859680176, -0.33602505922317505, -0.05954959988594055, 0.33667513728141785, 0.8845986723899841, 0.32269999384880066, -0.05575774610042572, -0.3233766257762909, 0.9446261525154114),
            ["LeftLowerArm"] = CFrame.new(1.1920928955078125e-07, -0.0000641942024230957, 0.00004803622141480446, 1, 4.0978193283081055e-08, -2.2351741790771484e-08, 8.940695295223122e-08, 0.5516290664672852, -0.8340895771980286, -1.4901159417490817e-08, 0.8340895771980286, 0.5516290664672852),
            ["LowerTorso"] = CFrame.new(0.8456488847732544, -0.8751041889190674, 1.3424867391586304, 0.8990554809570312, 0.11634248495101929, 0.422094464302063, -0.09084989130496979, 0.9926385879516602, -0.08009327948093414, -0.42830541729927063, 0.03366108238697052, 0.903006911277771),
            ["Head"] = CFrame.new(-1.862645149230957e-08, 1.1920928955078125e-07, 2.2351741790771484e-08, 0.833053708076477, 0.4332480728626251, -0.34397315979003906, -0.5477967858314514, 0.732697606086731, -0.40382295846939087, 0.0770728811621666, 0.5248337388038635, 0.8477084636688232),
            ["RightUpperLeg"] = CFrame.new(0, -7.450580596923828e-09, 5.045876605436206e-08, 0.5823498368263245, -0.8064307570457458, 0.1026545986533165, 0.013036594726145267, -0.11699569225311279, -0.9930468797683716, 0.8128337264060974, 0.5796391367912292, -0.05761939287185669),
            ["UpperTorso"] = CFrame.new(-7.450580596923828e-09, -8.940696716308594e-08, -5.960464477539063e-08, 0.9751992225646973, 0.09509093314409256, -0.19986063241958618, 0.08335261046886444, 0.6787312030792236, 0.7296411991119385, 0.2050338238477707, -0.7282044887542725, 0.6539720892906189),
            ["HumanoidRootPart"] = CFrame.new(0, 0, 0, 1, 0, 0, 0, 1, 0, 0, 0, 1),
            ["RightHand"] = CFrame.new(-1.4156103134155273e-07, -5.960464477539063e-08, 1.6391277313232422e-07, -0.5048409104347229, -0.6129243969917297, -0.6078317761421204, -0.2950650453567505, 0.7842665314674377, -0.5457680225372314, 0.8112165331840515, -0.09617598354816437, -0.5767824053764343),
            ["LeftUpperArm"] = CFrame.new(5.960464477539063e-08, 1.1920928955078125e-07, 1.2665987014770508e-07, 0.09562583267688751, 0.48281019926071167, -0.8704884052276611, -0.9819694757461548, -0.09750545769929886, -0.16195307672023773, -0.16306987404823303, 0.870279848575592, 0.46478086709976196),
            ["RightLowerArm"] = CFrame.new(-3.8743019104003906e-07, 0.0000642538070678711, -0.000047653913497924805, 1, -9.313227167240257e-08, 1.0244550452398471e-07, 0, 0.4208110570907593, -0.9071484208106995, 6.705523247774181e-08, 0.9071484208106995, 0.4208110272884369),
            ["LeftHand"] = CFrame.new(-7.450580596923828e-08, -1.1920928955078125e-07, 0, -0.9220296740531921, 0.23028464615345, 0.31117552518844604, 0.37720078229904175, 0.7152228951454163, 0.5883669257164001, -0.08706796914339066, 0.659867525100708, -0.7463204264640808),
            ["RightUpperArm"] = CFrame.new(0, 0, 5.960464477539063e-08, 0.22238577902317047, 0.0014348310651257634, 0.9749577045440674, 0.9698783159255981, -0.10228091478347778, -0.22107678651809692, 0.09940234571695328, 0.9947546124458313, -0.024137403815984726),
            ["LeftUpperLeg"] = CFrame.new(-1.7881393432617188e-07, -9.313225746154785e-08, -3.725290298461914e-07, 0.8720102310180664, 0.4666173458099365, -0.1478731632232666, -0.3398585021495819, 0.359749972820282, -0.8689512014389038, -0.3522704243659973, 0.8079902529716492, 0.4722896218299866),
            ["RightLowerLeg"] = CFrame.new(1.1920928955078125e-07, -0.00013428926467895508, -0.00007384100899798796, 1, -1.5646217832454568e-07, -1.2852255792950018e-07, 1.6763810606335028e-07, -0.29816457629203796, 0.9545145630836487, -1.8626455755565985e-07, -0.9545144438743591, -0.2981644570827484),
            ["RightFoot"] = CFrame.new(4.842877388000488e-08, 4.172325134277344e-07, -8.398637874051929e-08, 0.9915489554405212, -0.12611280381679535, 0.030434459447860718, 0.12947283685207367, 0.9767983555793762, -0.1705925166606903, -0.008214638568460941, 0.1730915904045105, 0.9848715662956238),
            ["LeftLowerLeg"] = CFrame.new(1.341104507446289e-07, 0.00013458728790283203, 0.00007398054003715515, 1, 1.1362135410308838e-07, 1.4901159417490817e-08, -3.725290653733282e-08, 0.6051250696182251, 0.7961304187774658, 1.5087427129856223e-07, -0.7961304187774658, 0.6051251292228699),
        }},
        {Time = 0.292, Data = {
            ["LeftFoot"] = CFrame.new(-1.4901161193847656e-08, -1.1920928955078125e-07, 6.705522537231445e-08, 0.9398248791694641, -0.33630552887916565, -0.060230981558561325, 0.33719977736473083, 0.8846561908721924, 0.3219935894012451, -0.055004581809043884, -0.3229272663593292, 0.9448239803314209),
            ["LeftLowerArm"] = CFrame.new(8.940696716308594e-08, -0.00006443262100219727, 0.00004808977246284485, 1, -8.940696716308594e-08, 1.7136336794010276e-07, 7.450580596923828e-08, 0.5239863395690918, -0.8517265915870667, 7.450580596923828e-08, 0.8517266511917114, 0.5239864587783813),
            ["LowerTorso"] = CFrame.new(0.8474066853523254, -0.8713377714157104, 1.3375487327575684, 0.9009672403335571, 0.13312630355358124, 0.4129595160484314, -0.11693045496940613, 0.9910514950752258, -0.0643756166100502, -0.41783419251441956, 0.009712755680084229, 0.9084713459014893),
            ["Head"] = CFrame.new(4.470348358154297e-08, 0, 1.341104507446289e-07, 0.7981905341148376, 0.19067463278770447, -0.5714325308799744, -0.5167030096054077, 0.704364538192749, -0.48671185970306396, 0.3096931278705597, 0.683749794960022, 0.6607394218444824),
            ["RightUpperLeg"] = CFrame.new(-8.940696716308594e-08, -2.2165477275848389e-07, -1.2835516827180982e-07, 0.5948048830032349, -0.7924960255622864, 0.13474836945533752, 0.015106258913874626, -0.15657545626163483, -0.9875504970550537, 0.8037281632423401, 0.5894355177879333, -0.08116035163402557),
            ["UpperTorso"] = CFrame.new(1.4901161193847656e-08, -5.960464477539063e-08, -2.9802322387695312e-08, 0.9763425588607788, 0.10617507994174957, -0.18836715817451477, 0.07047681510448456, 0.6673149466514587, 0.7414334416389465, 0.20442190766334534, -0.7371686100959778, 0.6440452337265015),
            ["HumanoidRootPart"] = CFrame.new(0, 0, 0, 1, 0, 0, 0, 1, 0, 0, 0, 1),
            ["RightHand"] = CFrame.new(-2.4586915969848633e-07, 0, -1.043081283569336e-07, -0.47364550828933716, -0.6292216777801514, -0.6162306070327759, -0.24319343268871307, 0.7659297585487366, -0.595154345035553, 0.8464732766151428, -0.1320287138223648, -0.5158015489578247),
            ["LeftUpperArm"] = CFrame.new(5.960464477539063e-08, -1.1920928955078125e-07, -7.078051567077637e-08, 0.104021355509758, 0.5064090490341187, -0.8559961915016174, -0.9797226786613464, -0.0960104912519455, -0.17585664987564087, -0.17124004662036896, 0.856931746006012, 0.48615318536758423),
            ["RightLowerArm"] = CFrame.new(-1.4901161193847656e-07, 0.0000642538070678711, -0.000047497451305389404, 1, -1.5832485189548606e-07, 1.601874828338623e-07, -1.359731243155693e-07, 0.3600307106971741, -0.9329404830932617, 2.2351747119842003e-08, 0.9329405426979065, 0.36003056168556213),
            ["LeftHand"] = CFrame.new(1.7881393432617188e-07, 0, 2.2351741790771484e-08, -0.9184054136276245, 0.23374152183532715, 0.31921225786209106, 0.3863741159439087, 0.7034772634506226, 0.5965189337730408, -0.08512725681066513, 0.6711816191673279, -0.7363890409469604),
            ["RightUpperArm"] = CFrame.new(-1.1920928955078125e-07, 1.1920928955078125e-07, 1.043081283569336e-07, 0.2120828777551651, -0.0020335169974714518, 0.9772496223449707, 0.973426103591919, -0.08795639127492905, -0.21143601834774017, 0.08638542890548706, 0.9961223006248474, -0.016674570739269257),
            ["LeftUpperLeg"] = CFrame.new(8.940696716308594e-08, -2.859160304069519e-07, 0, 0.8755210041999817, 0.4707174003124237, -0.10903292894363403, -0.312807559967041, 0.3802008330821991, -0.8704015016555786, -0.3682587444782257, 0.7961611747741699, 0.4801177978515625),
            ["RightLowerLeg"] = CFrame.new(-3.8743019104003906e-07, -0.0001342296600341797, -0.00007400864706141874, 1, -5.215404996761208e-08, -1.844019124064289e-07, 2.0675363998634566e-07, -0.30879735946655273, 0.9511279463768005, -2.79396800806353e-07, -0.9511278867721558, -0.30879732966423035),
            ["RightFoot"] = CFrame.new(-7.264316082000732e-08, 3.5762786865234375e-07, 8.737697498872876e-08, 0.9915035963058472, -0.1272900253534317, 0.02679596282541752, 0.1300041675567627, 0.9766916632652283, -0.17079894244670868, -0.004430429544299841, 0.1728314906358719, 0.9849415421485901),
            ["LeftLowerLeg"] = CFrame.new(2.682209014892578e-07, 0.00013458728790283203, 0.00007365457713603973, 1, 2.0489096641540527e-08, -4.470347647611561e-08, -1.1920930376163597e-07, 0.6231061220169067, 0.7821372747421265, 1.0244549741855735e-07, -0.782137393951416, 0.6231062412261963),
        }},
        {Time = 0.333, Data = {
            ["LeftFoot"] = CFrame.new(-5.21540641784668e-08, 0, 1.1175870895385742e-08, 0.9397972822189331, -0.33621129393577576, -0.061183199286460876, 0.337750107049942, 0.88658207654953, 0.3160647749900818, -0.052020564675331116, -0.3177013397216797, 0.9467628002166748),
            ["LeftLowerArm"] = CFrame.new(1.4901161193847656e-07, -0.00006461143493652344, 0.00004789605736732483, 1, -7.450579175838357e-08, 1.1175873737556685e-07, 2.9802322387695312e-08, 0.5388624668121338, -0.8423939943313599, -4.470348358154297e-08, 0.8423938155174255, 0.5388621091842651),
            ["LowerTorso"] = CFrame.new(0.8456488847732544, -0.8620468378067017, 1.3263555765151978, 0.904163658618927, 0.17048534750938416, 0.39169248938560486, -0.17311936616897583, 0.9844774603843689, -0.02887660264968872, -0.39053547382354736, -0.04170040041208267, 0.9196429252624512),
            ["Head"] = CFrame.new(-1.862645149230957e-08, 1.1920928955078125e-07, 1.1920928955078125e-07, 0.6998921036720276, 0.07393787801265717, -0.7104113101959229, -0.4907691478729248, 0.7724302411079407, -0.40310952067375183, 0.5189380049705505, 0.6307811737060547, 0.5769042372703552),
            ["RightUpperLeg"] = CFrame.new(-2.9802322387695312e-08, 0, 2.3672328097745776e-07, 0.6209288239479065, -0.756751537322998, 0.20438840985298157, 0.024416377767920494, -0.2419450581073761, -0.9699827432632446, 0.783486545085907, 0.6072806715965271, -0.1317535787820816),
            ["UpperTorso"] = CFrame.new(-4.470348358154297e-08, 5.960464477539063e-08, 1.1175870895385742e-08, 0.9800955057144165, 0.03706226125359535, -0.195036843419075, 0.1152447834610939, 0.6937318444252014, 0.7109534740447998, 0.16165275871753693, -0.7192791700363159, 0.6756522059440613),
            ["HumanoidRootPart"] = CFrame.new(0, 0, 0, 1, 0, 0, 0, 1, 0, 0, 0, 1),
            ["RightHand"] = CFrame.new(-1.1920928955078125e-07, 5.960464477539063e-08, 8.940696716308594e-08, -0.43174371123313904, -0.6552965044975281, -0.6198257207870483, -0.24417391419410706, 0.7464228868484497, -0.6190574765205383, 0.8683181405067444, -0.11592864245176315, -0.48226967453956604),
            ["LeftUpperArm"] = CFrame.new(5.960464477539063e-08, 2.384185791015625e-07, 1.9371509552001953e-07, 0.061343465000391006, 0.4800882041454315, -0.875072717666626, -0.9857369661331177, -0.10851551592350006, -0.12863560020923615, -0.15671539306640625, 0.8704825639724731, 0.46658387780189514),
            ["RightLowerArm"] = CFrame.new(4.172325134277344e-07, 0.0000642538070678711, -0.000047946348786354065, 1, -1.0430811414607888e-07, 1.6205012798309326e-07, 6.33299421792799e-08, 0.3224373161792755, -0.9465908408164978, 3.725290742551124e-09, 0.946590781211853, 0.3224371671676636),
            ["LeftHand"] = CFrame.new(5.960464477539063e-08, -5.960464477539063e-08, -2.9802322387695312e-08, -0.9205973744392395, 0.23319078981876373, 0.31324613094329834, 0.38261809945106506, 0.6990889310836792, 0.6040505170822144, -0.07812748104333878, 0.6759414076805115, -0.73280268907547),
            ["RightUpperArm"] = CFrame.new(-5.960464477539063e-08, 1.1920928955078125e-07, 2.2351741790771484e-07, 0.24361121654510498, -0.03417344391345978, 0.9692707657814026, 0.9696411490440369, -0.013266673311591148, -0.24417202174663544, 0.021203117445111275, 0.9993278384208679, 0.029904017224907875),
            ["LeftUpperLeg"] = CFrame.new(0, -3.725290298461914e-08, 1.1920928955078125e-07, 0.8796727061271667, 0.47503888607025146, -0.022670971229672432, -0.2517927289009094, 0.42476725578308105, -0.8695822358131409, -0.40345558524131775, 0.770656168460846, 0.4932674765586853),
