return {
  ["flip"] = {
    {Time = 0.000, Data = {
      ["Head"] = CFrame.new(-0.000000, 0.000000, 0.000000, 0.710786, -0.056638, -0.701125, 0.465971, 0.784590, 0.409011, 0.526930, -0.617423, 0.584067),
      ["LeftFoot"] = CFrame.new(0.000000, 0.027673, -0.000002, 0.981914, -0.144808, -0.121966, 0.048787, 0.815978, -0.576020, 0.182934, 0.559652, 0.808285),
      ["LeftHand"] = CFrame.new(0.000490, 0.014689, -0.000000, 0.867530, -0.429806, 0.250315, 0.215296, 0.778169, 0.590001, -0.448373, -0.457952, 0.767621),
      ["LeftLowerArm"] = CFrame.new(-0.000500, 0.079184, 0.024627, 1.000000, 0.000000, 0.000000, 0.000000, 0.748012, -0.663685, 0.000000, 0.663685, 0.748012),
      ["LeftLowerLeg"] = CFrame.new(-0.000000, 0.113277, -0.053853, 1.000000, -0.000000, 0.000000, 0.000000, 0.443640, 0.896205, -0.000000, -0.896205, 0.443640),
      ["LeftUpperArm"] = CFrame.new(-0.054522, 0.088042, 0.006211, 0.942606, -0.203779, -0.264514, 0.258378, 0.946926, 0.191237, 0.211505, -0.248606, 0.945231),
      ["LeftUpperLeg"] = CFrame.new(-0.000000, 0.000000, -0.000100, 0.915480, 0.272104, 0.296403, -0.161384, 0.923125, -0.348991, -0.368579, 0.271660, 0.889017),
      ["LowerTorso"] = CFrame.new(0.241148, -0.449456, 0.019222, -0.968834, -0.004597, 0.247670, -0.040844, 0.989108, -0.141412, -0.244322, -0.147121, -0.958469),
      ["RightFoot"] = CFrame.new(0.000000, 0.024280, -0.000103, 0.919455, 0.300789, 0.253236, -0.272268, 0.951707, -0.141861, -0.283677, 0.061487, 0.956947),
      ["RightHand"] = CFrame.new(-0.000491, 0.014211, -0.000000, 0.981827, 0.164216, -0.095121, -0.099813, 0.873144, 0.477134, 0.161407, -0.458969, 0.873668),
      ["RightLowerArm"] = CFrame.new(0.000000, 0.077917, 0.023728, 1.000000, 0.000000, 0.000000, 0.000000, 0.757301, -0.653066, 0.000000, 0.653066, 0.757301),
      ["RightLowerLeg"] = CFrame.new(0.000000, 0.100957, -0.038800, 1.000000, -0.000000, 0.000000, 0.000000, 0.601120, 0.799159, -0.000000, -0.799159, 0.601120),
      ["RightUpperArm"] = CFrame.new(0.049520, -0.164930, 0.140945, 0.900976, -0.305171, 0.308403, 0.329835, 0.943565, -0.029912, -0.281870, 0.128672, 0.950785),
      ["RightUpperLeg"] = CFrame.new(0.000000, 0.000000, -0.000000, 0.825404, -0.558799, -0.080319, 0.395660, 0.674085, -0.623749, 0.402692, 0.483067, 0.777487),
      ["UpperTorso"] = CFrame.new(0.000000, 0.000000, -0.000000, 0.977578, -0.071077, -0.198214, 0.135728, 0.932368, 0.335065, 0.160993, -0.354456, 0.921109)
    }},
    {Time = 0.017, Data = {
      ["Head"] = CFrame.new(0.000000, -0.000000, 0.000000, 0.728413, -0.109112, -0.676395, 0.480123, 0.785577, 0.390322, 0.488771, -0.609068, 0.624611),
      ["LeftFoot"] = CFrame.new(0.000000, 0.026317, -0.000003, 0.981178, -0.147705, -0.124391, 0.058649, 0.841667, -0.536802, 0.183985, 0.519403, 0.834488),
      ["LeftHand"] = CFrame.new(0.000490, 0.015178, -0.000000, 0.831940, -0.479433, 0.279321, 0.233751, 0.759381, 0.607207, -0.503227, -0.439868, 0.743827),
      ["LeftLowerArm"] = CFrame.new(-0.000500, 0.080916, 0.025796, 1.000000, 0.000000, 0.000000, 0.000000, 0.735921, -0.677068, 0.000000, 0.677068, 0.735921),
      ["LeftLowerLeg"] = CFrame.new(-0.000000, 0.108381, -0.046760, 1.000000, -0.000000, 0.000000, 0.000000, 0.517330, 0.855786, -0.000000, -0.855786, 0.517330),
      ["LeftUpperArm"] = CFrame.new(-0.062137, 0.057196, 0.061640, 0.937473, -0.136216, -0.320296, 0.208128, 0.956976, 0.202187, 0.278974, -0.256208, 0.925490),
      ["LeftUpperLeg"] = CFrame.new(-0.000199, -0.000289, 0.000097, 0.917884, 0.243240, 0.313565, -0.141911, 0.939074, -0.313053, -0.370607, 0.242848, 0.896479),
      ["LowerTorso"] = CFrame.new(0.229252, -0.415357, 0.013381, -0.968595, -0.027844, 0.247083, -0.063210, 0.988638, -0.136381, -0.240478, -0.147716, -0.959349),
      ["RightFoot"] = CFrame.new(-0.000000, 0.023367, -0.000103, 0.923915, 0.292636, 0.246464, -0.266102, 0.954358, -0.135612, -0.274900, 0.059709, 0.959617),
      ["RightHand"] = CFrame.new(-0.000493, 0.010264, -0.000000, 0.968708, 0.214657, -0.124608, -0.152611, 0.911046, 0.383021, 0.195742, -0.352019, 0.915296),
      ["RightLowerArm"] = CFrame.new(0.000000, 0.063615, 0.015745, 1.000000, 0.000000, 0.000000, 0.000000, 0.839619, -0.543176, 0.000000, 0.543176, 0.839619),
      ["RightLowerLeg"] = CFrame.new(-0.000000, 0.098341, -0.036425, 1.000000, -0.000000, 0.000000, 0.000000, 0.625859, 0.779936, -0.000000, -0.779936, 0.625859),
      ["RightUpperArm"] = CFrame.new(0.042008, -0.152374, 0.144524, 0.913780, -0.273113, 0.300690, 0.304593, 0.950438, -0.062369, -0.268754, 0.148580, 0.951680),
      ["RightUpperLeg"] = CFrame.new(-0.000998, 0.000105, -0.003723, 0.822361, -0.562918, -0.082737, 0.403940, 0.680043, -0.611861, 0.400692, 0.469750, 0.786626),
      ["UpperTorso"] = CFrame.new(0.000001, -0.000317, 0.000003, 0.979659, -0.107556, -0.169408, 0.157459, 0.935363, 0.316707, 0.124394, -0.336940, 0.933273)
    }},
    {Time = 0.033, Data = {
      ["Head"] = CFrame.new(-0.000000, 0.000000, 0.000000, 0.743872, -0.165088, -0.647611, 0.495147, 0.786960, 0.368135, 0.448869, -0.594508, 0.667141),
      ["LeftFoot"] = CFrame.new(0.000000, 0.024292, -0.000003, 0.980768, -0.149308, -0.125703, 0.068207, 0.865632, -0.496014, 0.182872, 0.477900, 0.859168),
      ["LeftHand"] = CFrame.new(0.000490, 0.015605, 0.000000, 0.786848, -0.533195, 0.310764, 0.255099, 0.739518, 0.622927, -0.561957, -0.410873, 0.717905),
      ["LeftLowerArm"] = CFrame.new(-0.000500, 0.082399, 0.026825, 1.000000, 0.000000, 0.000000, 0.000000, 0.725276, -0.688458, 0.000000, 0.688458, 0.725276),
      ["LeftLowerLeg"] = CFrame.new(-0.000000, 0.102001, -0.039608, 1.000000, -0.000000, 0.000000, 0.000000, 0.591659, 0.806189, -0.000000, -0.806189, 0.591659),
      ["LeftUpperArm"] = CFrame.new(-0.073631, 0.021665, 0.123761, 0.923135, -0.059193, -0.379891, 0.150632, 0.964769, 0.215710, 0.353739, -0.256353, 0.899529),
      ["LeftUpperLeg"] = CFrame.new(-0.000419, -0.000607, 0.000315, 0.919045, 0.209438, 0.333905, -0.117966, 0.954470, -0.273990, -0.376086, 0.212420, 0.901908),
      ["LowerTorso"] = CFrame.new(0.219860, -0.381081, 0.007906, -0.966671, -0.053605, 0.250345, -0.087806, 0.987944, -0.127506, -0.240492, -0.145238, -0.959724),
      ["RightFoot"] = CFrame.new(0.000000, 0.022384, -0.000102, 0.927751, 0.285454, 0.240406, -0.261762, 0.956872, -0.126006, -0.266006, 0.053973, 0.962459),
      ["RightHand"] = CFrame.new(-0.000495, 0.007689, 0.000000, 0.951299, 0.266560, -0.154843, -0.218096, 0.936952, 0.273049, 0.217865, -0.225981, 0.949456),
      ["RightLowerArm"] = CFrame.new(0.000000, 0.046210, 0.007802, 1.000000, 0.000000, 0.000000, 0.000000, 0.920545, -0.390636, 0.000000, 0.390636, 0.920545),
      ["RightLowerLeg"] = CFrame.new(0.000000, 0.095426, -0.033919, 1.000000, -0.000000, 0.000000, 0.000000, 0.651898, 0.758307, -0.000000, -0.758307, 0.651898),
      ["RightUpperArm"] = CFrame.new(0.034314, -0.139877, 0.147662, 0.926241, -0.237011, 0.293093, 0.279542, 0.953539, -0.112332, -0.252852, 0.185979, 0.949462),
      ["RightUpperLeg"] = CFrame.new(-0.001931, 0.000171, -0.007283, 0.819569, -0.567346, -0.080161, 0.413050, 0.681960, -0.603590, 0.397110, 0.461573, 0.793255),
      ["UpperTorso"] = CFrame.new(0.000002, -0.000501, 0.000017, 0.980044, -0.144903, -0.136075, 0.179582, 0.938922, 0.293557, 0.085226, -0.312136, 0.946207)
    }},
    {Time = 0.050, Data = {
      ["Head"] = CFrame.new(0.000000, -0.000000, -0.000000, 0.756898, -0.221943, -0.614693, 0.509849, 0.788953, 0.342938, 0.408851, -0.572970, 0.710314),
      ["LeftFoot"] = CFrame.new(-0.000000, 0.021708, -0.000003, 0.980577, -0.150020, -0.126343, 0.077330, 0.887701, -0.453880, 0.180246, 0.435294, 0.882060),
      ["LeftHand"] = CFrame.new(0.000490, 0.015933, -0.000000, 0.734712, -0.586066, 0.341651, 0.278264, 0.719670, 0.636117, -0.618682, -0.372294, 0.691831),
      ["LeftLowerArm"] = CFrame.new(-0.000500, 0.083525, 0.027626, 1.000000, 0.000000, 0.000000, 0.000000, 0.716960, -0.697114, 0.000000, 0.697114, 0.716960),
      ["LeftLowerLeg"] = CFrame.new(-0.000000, 0.094168, -0.032613, 1.000000, -0.000000, 0.000000, 0.000000, 0.664388, 0.747388, -0.000000, -0.747388, 0.664388),
      ["LeftUpperArm"] = CFrame.new(-0.089181, -0.016943, 0.189564, 0.898358, 0.022885, -0.438667, 0.089113, 0.968381, 0.233017, 0.430129, -0.248424, 0.867914),
      ["LeftUpperLeg"] = CFrame.new(-0.000659, -0.000954, 0.000553, 0.918862, 0.172148, 0.355047, -0.091617, 0.968300, -0.232383, -0.383797, 0.181000, 0.905505),
      ["LowerTorso"] = CFrame.new(0.212412, -0.347139, 0.002925, -0.963346, -0.080525, 0.255891, -0.113207, 0.986817, -0.115652, -0.243204, -0.140382, -0.959763),
      ["RightFoot"] = CFrame.new(-0.000000, 0.021325, -0.000102, 0.931046, 0.279142, 0.235018, -0.258844, 0.959188, -0.113836, -0.257203, 0.045153, 0.965302),
      ["RightHand"] = CFrame.new(-0.000497, 0.004252, 0.000000, 0.930299, 0.317090, -0.184387, -0.292559, 0.944654, 0.148455, 0.221255, -0.084163, 0.971577),
      ["RightLowerArm"] = CFrame.new(0.000000, 0.023173, 0.001793, 1.000000, 0.000000, 0.000000, 0.000000, 0.981622, -0.190838, 0.000000, 0.190838, 0.981622),
      ["RightLowerLeg"] = CFrame.new(0.000000, 0.092229, -0.031345, 1.000000, -0.000000, 0.000000, 0.000000, 0.678661, 0.734452, -0.000000, -0.734452, 0.678661),
      ["RightUpperArm"] = CFrame.new(0.026731, -0.128071, 0.150739, 0.937690, -0.198257, 0.285361, 0.255762, 0.949720, -0.180605, -0.235207, 0.242336, 0.941250),
      ["RightUpperLeg"] = CFrame.new(-0.002799, 0.000197, -0.010682, 0.816802, -0.572095, -0.074444, 0.422602, 0.681161, -0.597853, 0.392736, 0.456867, 0.798142),
      ["UpperTorso"] = CFrame.new(0.000002, -0.000575, 0.000033, 0.978438, -0.181231, -0.099065, 0.201630, 0.942090, 0.267977, 0.044763, -0.282173, 0.958319)
    }},
    {Time = 0.067, Data = {
      ["Head"] = CFrame.new(-0.000000, 0.000000, -0.000000, 0.767407, -0.277204, -0.578139, 0.523216, 0.791928, 0.314794, 0.370582, -0.544067, 0.752769),
      ["LeftFoot"] = CFrame.new(-0.000000, 0.018413, -0.000003, 0.980486, -0.150369, -0.126636, 0.086105, 0.907568, -0.410982, 0.176730, 0.392057, 0.902805),
      ["LeftHand"] = CFrame.new(0.000489, 0.016135, -0.000000, 0.679903, -0.633517, 0.369309, 0.302192, 0.700931, 0.646046, -0.668141, -0.327646, 0.668009),
      ["LeftLowerArm"] = CFrame.new(-0.000500, 0.084209, 0.028120, 1.000000, 0.000000, 0.000000, 0.000000, 0.711806, -0.702376, 0.000000, 0.702376, 0.711806),
      ["LeftLowerLeg"] = CFrame.new(-0.000000, 0.084855, -0.026066, 1.000000, -0.000000, 0.000000, 0.000000, 0.732522, 0.680743, -0.000000, -0.680743, 0.732522),
      ["LeftUpperArm"] = CFrame.new(-0.107857, -0.056795, 0.256019, 0.864023, 0.104919, -0.492398, 0.027433, 0.966779, 0.254137, 0.502704, -0.233088, 0.832442),
      ["LeftUpperLeg"] = CFrame.new(-0.000919, -0.001330, 0.000810, 0.917555, 0.132757, 0.374790, -0.064418, 0.979794, -0.189353, -0.392355, 0.149599, 0.907567),
      ["LowerTorso"] = CFrame.new(0.206406, -0.313998, -0.001428, -0.958966, -0.107414, 0.262387, -0.138183, 0.985169, -0.101726, -0.247568, -0.133809, -0.959586),
      ["RightFoot"] = CFrame.new(0.000000, 0.019962, -0.000103, 0.933859, 0.273569, 0.230364, -0.256792, 0.961226, -0.100512, -0.248929, 0.034708, 0.967900),
      ["RightHand"] = CFrame.new(-0.000503, -0.004996, -0.000000, 0.907095, 0.363848, -0.211646, -0.364613, 0.930430, 0.036840, 0.210326, 0.043752, 0.976652),
      ["RightLowerArm"] = CFrame.new(-0.000000, -0.004990, 0.000027, 1.000000, 0.000000, 0.000000, 0.000000, 1.000000, 0.000000, 0.000000, 0.000000, 1.000000),
      ["RightLowerLeg"] = CFrame.new(0.000000, 0.088613, -0.028830, 1.000000, -0.000000, 0.000000, 0.000000, 0.704817, 0.709389, -0.000000, -0.709389, 0.704817),
      ["RightUpperArm"] = CFrame.new(0.019469, -0.117482, 0.154320, 0.947582, -0.166070, 0.272963, 0.234493, 0.941751, -0.241076, -0.217028, 0.292447, 0.931329),
      ["RightUpperLeg"] = CFrame.new(-0.003603, 0.000185, -0.013924, 0.813930, -0.577038, -0.067420, 0.431951, 0.678680, -0.593979, 0.388505, 0.454335, 0.801650),
      ["UpperTorso"] = CFrame.new(0.000002, -0.000562, 0.000046, 0.974799, -0.214881, -0.059938, 0.223037, 0.944260, 0.242132, 0.004567, -0.249399, 0.968390)
    }},
    {Time = 0.083, Data = {
      ["Head"] = CFrame.new(-0.000000, 0.000000, 0.000000, 0.775851, -0.328494, -0.538653, 0.534233, 0.796236, 0.283906, 0.335634, -0.508035, 0.793253),
      ["LeftFoot"] = CFrame.new(0.000000, 0.015099, -0.000003, 0.980470, -0.150435, -0.126678, 0.094614, 0.925491, -0.366761, 0.172413, 0.347613, 0.921650),
      ["LeftHand"] = CFrame.new(0.000489, 0.016193, -0.000000, 0.628245, -0.672075, 0.391948, 0.325103, 0.684461, 0.652549, -0.706835, -0.282538, 0.648503),
      ["LeftLowerArm"] = CFrame.new(-0.000500, 0.084405, 0.028263, 1.000000, 0.000000, 0.000000, 0.000000, 0.710362, -0.703836, 0.000000, 0.703836, 0.710362),
      ["LeftLowerLeg"] = CFrame.new(-0.000000, 0.074602, -0.019965, 1.000000, -0.000000, 0.000000, 0.000000, 0.795592, 0.605833, -0.000000, -0.605833, 0.795592),
      ["LeftUpperArm"] = CFrame.new(-0.127656, -0.096098, 0.320461, 0.823184, 0.181800, -0.537881, -0.030673, 0.960207, 0.277601, 0.566945, -0.212018, 0.796003),
      ["LeftUpperLeg"] = CFrame.new(-0.001198, -0.001735, 0.001086, 0.915536, 0.092434, 0.391471, -0.038033, 0.988771, -0.144520, -0.400433, 0.117425, 0.908771),
      ["LowerTorso"] = CFrame.new(0.201387, -0.282085, -0.005008, -0.954103, -0.133007, 0.268323, -0.161440, 0.983063, -0.086745, -0.252241, -0.126082, -0.959415),
      ["RightFoot"] = CFrame.new(-0.000000, 0.018675, -0.000103, 0.936235, 0.268769, 0.226335, -0.255579, 0.962932, -0.086265, -0.241130, 0.022918, 0.970222),
      ["RightHand"] = CFrame.new(-0.000516, -0.024091, -0.000000, 0.883625, 0.404643, -0.235524, -0.411222, 0.911251, 0.022780, 0.223839, 0.076724, 0.971601),
      ["RightLowerArm"] = CFrame.new(-0.000001, -0.024061, 0.000131, 1.000000, 0.000000, 0.000000, 0.000000, 1.000000, 0.000000, 0.000000, 0.000000, 1.000000),
      ["RightLowerLeg"] = CFrame.new(0.000000, 0.084845, -0.026290, 1.000000, -0.000000, 0.000000, 0.000000, 0.731195, 0.682169, -0.000000, -0.682169, 0.731195),
      ["RightUpperArm"] = CFrame.new(0.012653, -0.108513, 0.159115, 0.955566, -0.162770, 0.245765, 0.216389, 0.953486, -0.209856, -0.200175, 0.253712, 0.946340),
      ["RightUpperLeg"] = CFrame.new(-0.004345, 0.000135, -0.017010, 0.810923, -0.581902, -0.061587, 0.440558, 0.676417, -0.590228, 0.385113, 0.451497, 0.804884),
      ["UpperTorso"] = CFrame.new(0.000001, -0.000487, 0.000051, 0.969438, -0.244477, -0.020528, 0.242973, 0.945139, 0.218348, -0.033979, -0.216663, 0.975655)
    }},
    {Time = 0.100, Data = {
      ["Head"] = CFrame.new(0.000000, 0.000000, -0.000000, 0.783087, -0.373337, -0.497387, 0.541536, 0.802591, 0.250173, 0.305799, -0.465260, 0.830675),
      ["LeftFoot"] = CFrame.new(0.000000, 0.012739, -0.000003, 0.980472, -0.150441, -0.126656, 0.103333, 0.942080, -0.319073, 0.167322, 0.299755, 0.939229),
      ["LeftHand"] = CFrame.new(0.000490, 0.016111, -0.000000, 0.586278, -0.699822, 0.408077, 0.344550, 0.671305, 0.656228, -0.733187, -0.244129, 0.634695),
      ["LeftLowerArm"] = CFrame.new(-0.000500, 0.084126, 0.028060, 1.000000, 0.000000, 0.000000, 0.000000, 0.712461, -0.701712, 0.000000, 0.701712, 0.712461),
      ["LeftLowerLeg"] = CFrame.new(0.000000, 0.063986, -0.014202, 1.000000, -0.000000, 0.000000, 0.000000, 0.854603, 0.519282, -0.000000, -0.519282, 0.854603),
      ["LeftUpperArm"] = CFrame.new(-0.145818, -0.133363, 0.380843, 0.780655, 0.249429, -0.573030, -0.082422, 0.949985, 0.301224, 0.619504, -0.187922, 0.762168),
      ["LeftUpperLeg"] = CFrame.new(-0.001496, -0.002166, 0.001382, 0.913494, 0.051538, 0.403576, -0.013744, 0.995287, -0.095991, -0.406621, 0.082141, 0.909897),
      ["LowerTorso"] = CFrame.new(0.196945, -0.251778, -0.007661, -0.949431, -0.156163, 0.272385, -0.181944, 0.980673, -0.071951, -0.255885, -0.117872, -0.959494),
      ["RightFoot"] = CFrame.new(-0.000000, 0.017351, -0.000103, 0.938219, 0.264683, 0.222906, -0.254925, 0.964276, -0.072012, -0.234003, 0.010738, 0.972177),
      ["RightHand"] = CFrame.new(-0.000525, -0.038813, -0.000000, 0.862286, 0.437680, -0.254754, -0.449347, 0.893252, 0.013713, 0.233561, 0.102649, 0.966909),
      ["RightLowerArm"] = CFrame.new(-0.000001, -0.038766, 0.000211, 1.000000, 0.000000, 0.000000, 0.000000, 1.000000, 0.000000, 0.000000, 0.000000, 1.000000),
      ["RightLowerLeg"] = CFrame.new(0.000000, 0.080881, -0.023803, 1.000000, -0.000000, 0.000000, 0.000000, 0.757000, 0.653415, -0.000000, -0.653415, 0.757000),
      ["RightUpperArm"] = CFrame.new(0.006317, -0.101426, 0.165870, 0.961527, -0.160119, 0.223222, 0.201998, 0.962799, -0.179485, -0.186179, 0.217670, 0.958101),
      ["RightUpperLeg"] = CFrame.new(-0.005025, 0.000049, -0.019943, 0.807678, -0.586671, -0.058941, 0.447886, 0.675462, -0.585790, 0.383478, 0.446731, 0.808317),
      ["UpperTorso"] = CFrame.new(0.000001, -0.000373, 0.000048, 0.962995, -0.268973, 0.017146, 0.260361, 0.944833, 0.198750, -0.069658, -0.186932, 0.979900)
    }},
    {Time = 0.117, Data = {
      ["Head"] = CFrame.new(-0.000000, -0.000000, -0.000000, 0.790201, -0.409826, -0.455659, 0.543958, 0.811512, 0.213442, 0.282299, -0.416522, 0.864186),
      ["LeftFoot"] = CFrame.new(0.000000, 0.010696, -0.000003, 0.980510, -0.150312, -0.126514, 0.111944, 0.956619, -0.268978, 0.161456, 0.249573, 0.954801),
      ["LeftHand"] = CFrame.new(0.000490, 0.015914, 0.000000, 0.560714, -0.715265, 0.417128, 0.356597, 0.663260, 0.657970, -0.747287, -0.220187, 0.626961),
      ["LeftLowerArm"] = CFrame.new(-0.000500, 0.083459, 0.027578, 1.000000, 0.000000, 0.000000, 0.000000, 0.717415, -0.696647, 0.000000, 0.696647, 0.717415),
      ["LeftLowerLeg"] = CFrame.new(-0.000000, 0.052722, -0.009178, 1.000000, -0.000000, 0.000000, 0.000000, 0.905735, 0.423844, -0.000000, -0.423844, 0.905735),
      ["LeftUpperArm"] = CFrame.new(-0.159215, -0.167539, 0.435668, 0.741904, 0.304518, -0.597367, -0.125683, 0.938286, 0.322215, 0.658622, -0.163974, 0.734391),
      ["LeftUpperLeg"] = CFrame.new(-0.001812, -0.002624, 0.001695, 0.912286, 0.012203, 0.409373, 0.007140, 0.998930, -0.045688, -0.409493, 0.044603, 0.911222),
      ["LowerTorso"] = CFrame.new(0.192707, -0.223411, -0.009215, -0.945753, -0.175739, 0.273253, -0.198710, 0.978307, -0.058567, -0.257033, -0.109688, -0.960158),
      ["RightFoot"] = CFrame.new(-0.000000, 0.015984, -0.000103, 0.939855, 0.261260, 0.220036, -0.254548, 0.965268, -0.058846, -0.227768, -0.000703, 0.973715),
      ["RightHand"] = CFrame.new(-0.000532, -0.048392, -0.000000, 0.845552, 0.461368, -0.268667, -0.476873, 0.878931, 0.008523, 0.240072, 0.120913, 0.963195),
      ["RightLowerArm"] = CFrame.new(-0.000001, -0.048332, 0.000263, 1.000000, 0.000000, 0.000000, 0.000000, 1.000000, 0.000000, 0.000000, 0.000000, 1.000000),
      ["RightLowerLeg"] = CFrame.new(0.000000, 0.076756, -0.021410, 1.000000, -0.000000, 0.000000, 0.000000, 0.781732, 0.623614, -0.000000, -0.623614, 0.781732),
      ["RightUpperArm"] = CFrame.new(0.000456, -0.096367, 0.175345, 0.965418, -0.158556, 0.206948, 0.191516, 0.969911, -0.150316, -0.176887, 0.184751, 0.966736),
      ["RightUpperLeg"] = CFrame.new(-0.005645, -0.000074, -0.022725, 0.804075, -0.591322, -0.061653, 0.453444, 0.677028, -0.579674, 0.384515, 0.438146, 0.812513),
      ["UpperTorso"] = CFrame.new(0.000001, -0.000244, 0.000037, 0.956288, -0.287956, 0.050937, 0.274269, 0.943622, 0.185350, -0.101438, -0.163278, 0.981351)
    }},
    {Time = 0.133, Data = {
      ["Head"] = CFrame.new(-0.000000, -0.000000, 0.000000, 0.798385, -0.436016, -0.415296, 0.540028, 0.823565, 0.173522, 0.266365, -0.362809, 0.892983),
      ["LeftFoot"] = CFrame.new(-0.000000, 0.008571, -0.000003, 0.980581, -0.150021, -0.126313, 0.120076, 0.968506, -0.218125, 0.155059, 0.198722, 0.967712),
      ["LeftHand"] = CFrame.new(0.000489, 0.015651, 0.000000, 0.557773, -0.716978, 0.418129, 0.356784, 0.661973, 0.659164, -0.749396, -0.218482, 0.625037),
      ["LeftLowerArm"] = CFrame.new(-0.000500, 0.082559, 0.026938, 1.000000, 0.000000, 0.000000, 0.000000, 0.724059, -0.689738, 0.000000, 0.689738, 0.724059),
      ["LeftLowerLeg"] = CFrame.new(-0.000000, 0.040894, -0.005207, 1.000000, -0.000000, 0.000000, 0.000000, 0.946030, 0.324079, -0.000000, -0.324079, 0.946030),
      ["LeftUpperArm"] = CFrame.new(-0.164555, -0.197950, 0.483597, 0.713055, 0.344886, -0.610415, -0.159496, 0.927610, 0.337787, 0.682725, -0.143502, 0.716445),
      ["LeftUpperLeg"] = CFrame.new(-0.002147, -0.003109, 0.002026, 0.912833, -0.023150, 0.407677, 0.023618, 0.999713, 0.003886, -0.407650, 0.006081, 0.913118),
      ["LowerTorso"] = CFrame.new(0.188331, -0.197273, -0.009478, -0.943870, -0.190764, 0.269664, -0.210960, 0.976329, -0.047730, -0.254176, -0.101939, -0.961771),
      ["RightFoot"] = CFrame.new(-0.000000, 0.014804, -0.000103, 0.941114, 0.258605, 0.217781, -0.254515, 0.965920, -0.047130, -0.222547, -0.011074, 0.974859),
      ["RightHand"] = CFrame.new(-0.000534, -0.052281, -0.000000, 0.835953, 0.474238, -0.276191, -0.491874, 0.870645, 0.006192, 0.243400, 0.130675, 0.961083),
      ["RightLowerArm"] = CFrame.new(-0.000002, -0.052217, 0.000284, 1.000000, 0.000000, 0.000000, 0.000000, 1.000000, 0.000000, 0.000000, 0.000000, 1.000000),
      ["RightLowerLeg"] = CFrame.new(0.000000, 0.072618, -0.019069, 1.000000, -0.000000, 0.000000, 0.000000, 0.805837, 0.592138, -0.000000, -0.592138, 0.805837),
      ["RightUpperArm"] = CFrame.new(-0.004938, -0.093381, 0.188238, 0.967181, -0.158790, 0.198358, 0.185187, 0.975049, -0.122411, -0.173971, 0.155127, 0.972456),
      ["RightUpperLeg"] = CFrame.new(-0.006206, -0.000233, -0.025359, 0.799882, -0.595790, -0.072268, 0.456800, 0.682488, -0.570565, 0.389259, 0.423373, 0.818066),
      ["UpperTorso"] = CFrame.new(0.000000, -0.000124, 0.000022, 0.950228, -0.301406, 0.078870, 0.283801, 0.941833, 0.180022, -0.128543, -0.148679, 0.980495)
    }},
    {Time = 0.150, Data = {
      ["Head"] = CFrame.new(-0.000000, -0.000000, -0.000000, 0.808793, -0.450373, -0.378178, 0.528124, 0.839134, 0.130151, 0.258725, -0.304990, 0.916538),
      ["LeftFoot"] = CFrame.new(-0.000000, 0.006353, -0.000003, 0.980685, -0.149592, -0.126016, 0.127496, 0.977481, -0.168153, 0.148333, 0.148838, 0.977673),
      ["LeftHand"] = CFrame.new(0.000490, 0.015387, -0.000000, 0.583632, -0.701467, 0.409045, 0.339958, 0.668544, 0.661421, -0.737430, -0.246968, 0.628653),
      ["LeftLowerArm"] = CFrame.new(-0.000500, 0.081644, 0.026299, 1.000000, 0.000000, 0.000000, 0.000000, 0.730688, -0.682711, 0.000000, 0.682711, 0.730688),
      ["LeftLowerLeg"] = CFrame.new(-0.000000, 0.028970, -0.002406, 1.000000, -0.000000, 0.000000, 0.000000, 0.974405, 0.224798, -0.000000, -0.224798, 0.974405),
      ["LeftUpperArm"] = CFrame.new(-0.158251, -0.224036, 0.522725, 0.701145, 0.368517, -0.610402, -0.183182, 0.920447, 0.345285, 0.689086, -0.130280, 0.712872),
      ["LeftUpperLeg"] = CFrame.new(-0.002499, -0.003619, 0.002375, 0.915981, -0.051987, 0.397840, 0.034679, 0.998118, 0.050582, -0.399721, -0.032536, 0.916059),
      ["LowerTorso"] = CFrame.new(0.183511, -0.173617, -0.008247, -0.944541, -0.200324, 0.260218, -0.218024, 0.975093, -0.040729, -0.245577, -0.095204, -0.964691),
      ["RightFoot"] = CFrame.new(-0.000000, 0.013818, -0.000103, 0.942012, 0.256701, 0.216142, -0.254683, 0.966292, -0.037631, -0.218517, -0.019599, 0.975636),
      ["RightHand"] = CFrame.new(-0.000533, -0.050129, -0.000000, 0.835688, 0.474599, -0.276373, -0.492269, 0.870421, 0.006216, 0.243511, 0.130855, 0.961030),
      ["RightLowerArm"] = CFrame.new(-0.000001, -0.050070, 0.000273, 1.000000, 0.000000, 0.000000, 0.000000, 1.000000, 0.000000, 0.000000, 0.000000, 1.000000),
      ["RightLowerLeg"] = CFrame.new(0.000000, 0.068487, -0.016798, 1.000000, -0.000000, 0.000000, 0.000000, 0.829137, 0.559045, -0.000000, -0.559045, 0.829137),
      ["RightUpperArm"] = CFrame.new(-0.009826, -0.092454, 0.205117, 0.966755, -0.161247, 0.198454, 0.182823, 0.978489, -0.095574, -0.178774, 0.128678, 0.975439),
      ["RightUpperLeg"] = CFrame.new(-0.006708, -0.000427, -0.027847, 0.794896, -0.599570, -0.093038, 0.457576, 0.693079, -0.557016, 0.398453, 0.400198, 0.825274),
      ["UpperTorso"] = CFrame.new(-0.000000, -0.000035, 0.000007, 0.945845, -0.309187, 0.098900, 0.287882, 0.939710, 0.184577, -0.150006, -0.146110, 0.977829)
    }},
    {Time = 0.167, Data = {
      ["Head"] = CFrame.new(-0.000000, -0.000000, -0.000000, 0.822265, -0.451500, -0.346451, 0.506331, 0.858321, 0.083148, 0.259825, -0.243788, 0.934376),
      ["LeftFoot"] = CFrame.new(0.000000, 0.004067, -0.000003, 0.980825, -0.149085, -0.125527, 0.133956, 0.983521, -0.121415, 0.141560, 0.102272, 0.984633),
      ["LeftHand"] = CFrame.new(0.000490, 0.015186, -0.000000, 0.644621, -0.660431, 0.385091, 0.301449, 0.682480, 0.665845, -0.702561, -0.313132, 0.639027),
      ["LeftLowerArm"] = CFrame.new(-0.000500, 0.080945, 0.025816, 1.000000, 0.000000, 0.000000, 0.000000, 0.735733, -0.677272, 0.000000, 0.677272, 0.735733),
      ["LeftLowerLeg"] = CFrame.new(0.000000, 0.017663, -0.000758, 1.000000, -0.000000, 0.000000, 0.000000, 0.991095, 0.133156, -0.000000, -0.133156, 0.991095),
      ["LeftUpperArm"] = CFrame.new(-0.136038, -0.244893, 0.549389, 0.714588, 0.372137, -0.592350, -0.195243, 0.919212, 0.341950, 0.671747, -0.128702, 0.729515),
      ["LeftUpperLeg"] = CFrame.new(-0.002869, -0.004154, 0.002741, 0.922432, -0.071132, 0.379551, 0.039130, 0.995047, 0.091384, -0.384171, -0.069444, 0.920647),
      ["LowerTorso"] = CFrame.new(0.177979, -0.152664, -0.005309, -0.948291, -0.203358, 0.243700, -0.218998, 0.974961, -0.038603, -0.229748, -0.089977, -0.969083),
      ["RightFoot"] = CFrame.new(-0.000000, 0.013041, -0.000103, 0.942500, 0.255641, 0.215271, -0.255131, 0.966421, -0.030639, -0.215875, -0.026045, 0.976074),
      ["RightHand"] = CFrame.new(-0.000528, -0.041795, -0.000000, 0.846641, 0.459885, -0.267778, -0.475162, 0.879855, 0.008740, 0.239625, 0.119838, 0.963441),
      ["RightLowerArm"] = CFrame.new(-0.000001, -0.041744, 0.000227, 1.000000, 0.000000, 0.000000, 0.000000, 1.000000, 0.000000, 0.000000, 0.000000, 1.000000),
      ["RightLowerLeg"] = CFrame.new(0.000000, 0.064342, -0.014584, 1.000000, -0.000000, 0.000000, 0.000000, 0.851702, 0.524026, -0.000000, -0.524026, 0.851702),
      ["RightUpperArm"] = CFrame.new(-0.014080, -0.093532, 0.226316, 0.963881, -0.166640, 0.207762, 0.184408, 0.980413, -0.069171, -0.192166, 0.104986, 0.975731),
      ["RightUpperLeg"] = CFrame.new(-0.007153, -0.000655, -0.030190, 0.788396, -0.602050, -0.126361, 0.455659, 0.709518, -0.537548, 0.413287, 0.366224, 0.833711),
      ["UpperTorso"] = CFrame.new(0.000000, -0.000000, -0.000000, 0.943966, -0.311396, 0.109368, 0.285832, 0.937002, 0.200815, -0.165011, -0.158301, 0.973505)
    }},
    {Time = 0.183, Data = {
      ["Head"] = CFrame.new(-0.000000, 0.000000, -0.000000, 0.838940, -0.438863, -0.321837, 0.473094, 0.880405, 0.032688, 0.269001, -0.179683, 0.946231),
      ["LeftFoot"] = CFrame.new(0.000000, 0.001934, -0.000003, 0.980998, -0.148436, -0.124940, 0.138827, 0.986880, -0.082430, 0.135537, 0.063519, 0.988734),
      ["LeftHand"] = CFrame.new(0.000490, 0.015229, 0.000000, 0.737345, -0.583586, 0.340220, 0.236272, 0.694634, 0.679456, -0.632849, -0.420609, 0.650069),
      ["LeftLowerArm"] = CFrame.new(-0.000500, 0.081092, 0.025918, 1.000000, 0.000000, 0.000000, 0.000000, 0.734665, -0.678430, 0.000000, 0.678430, 0.734665),
      ["LeftLowerLeg"] = CFrame.new(0.000000, 0.008329, -0.000064, 1.000000, -0.000000, 0.000000, 0.000000, 0.998180, 0.060312, -0.000000, -0.060312, 0.998180),
      ["LeftUpperArm"] = CFrame.new(-0.096769, -0.259915, 0.560126, 0.756045, 0.355083, -0.549829, -0.195037, 0.924109, 0.328608, 0.624785, -0.141206, 0.767922),
      ["LeftUpperLeg"] = CFrame.new(-0.003255, -0.004713, 0.003124, 0.932313, -0.077420, 0.353267, 0.036428, 0.991953, 0.121253, -0.359812, -0.100176, 0.927631),
      ["LowerTorso"] = CFrame.new(0.171631, -0.134532, -0.000540, -0.955156, -0.199517, 0.218795, -0.213516, 0.976033, -0.042074, -0.205157, -0.086903, -0.974864),
      ["RightFoot"] = CFrame.new(-0.000000, 0.012240, -0.000103, 0.942501, 0.255642, 0.215264, -0.255981, 0.966310, -0.026791, -0.214861, -0.029853, 0.976188),
      ["RightHand"] = CFrame.new(-0.000519, -0.028834, -0.000000, 0.867759, 0.429513, -0.250027, -0.439047, 0.898257, 0.019299, 0.232877, 0.093027, 0.968047),
      ["RightLowerArm"] = CFrame.new(-0.000001, -0.028799, 0.000157, 1.000000, 0.000000, 0.000000, 0.000000, 1.000000, 0.000000, 0.000000, 0.000000, 1.000000),
      ["RightLowerLeg"] = CFrame.new(-0.000000, 0.059982, -0.012460, 1.000000, -0.000000, 0.000000, 0.000000, 0.873366, 0.487064, -0.000000, -0.487064, 0.873366),
      ["RightUpperArm"] = CFrame.new(-0.017616, -0.095875, 0.251791, 0.958456, -0.174765, 0.225431, 0.188273, 0.981314, -0.039711, -0.214278, 0.080504, 0.973449),
      ["RightUpperLeg"] = CFrame.new(-0.007542, -0.000916, -0.032393, 0.779554, -0.601768, -0.173697, 0.451186, 0.731884, -0.510662, 0.434427, 0.319719, 0.842053),
      ["UpperTorso"] = CFrame.new(-0.000000, 0.000000, 0.000000, 0.944500, -0.308473, 0.112979, 0.278334, 0.934102, 0.223568, -0.174499, -0.179714, 0.968118)
    }},
    {Time = 0.200, Data = {
      ["Head"] = CFrame.new(-0.000000, -0.000000, -0.000000, 0.857881, -0.414792, -0.303296, 0.429730, 0.902755, -0.019118, 0.281732, -0.113934, 0.952705),
      ["LeftFoot"] = CFrame.new(0.000000, 0.000279, -0.000003, 0.981158, -0.147782, -0.124454, 0.142020, 0.988389, -0.054010, 0.130991, 0.035318, 0.990754),
      ["LeftHand"] = CFrame.new(0.000490, 0.015601, -0.000000, 0.846971, -0.459363, 0.267630, 0.154277, 0.694112, 0.703141, -0.508762, -0.554250, 0.658762),
      ["LeftLowerArm"] = CFrame.new(-0.000500, 0.082388, 0.026818, 1.000000, 0.000000, 0.000000, 0.000000, 0.725340, -0.688390, 0.000000, 0.688390, 0.725340),
      ["LeftLowerLeg"] = CFrame.new(0.000000, 0.001927, 0.000099, 1.000000, -0.000000, 0.000000, 0.000000, 0.999922, 0.012516, -0.000000, -0.012516, 0.999922),
      ["LeftUpperArm"] = CFrame.new(-0.042326, -0.268334, 0.550027, 0.822262, 0.316508, -0.472978, -0.181717, 0.933596, 0.308833, 0.539318, -0.167993, 0.825176),
      ["LeftUpperLeg"] = CFrame.new(-0.003658, -0.005297, 0.003523, 0.944526, -0.070877, 0.320699, 0.027468, 0.990064, 0.137912, -0.327287, -0.121452, 0.937087),
      ["LowerTorso"] = CFrame.new(0.164837, -0.119004, 0.005858, -0.963994, -0.189876, 0.186178, -0.202351, 0.978021, -0.050290, -0.172537, -0.086152, -0.981228),
      ["RightFoot"] = CFrame.new(-0.000000, 0.011380, -0.000103, 0.941927, 0.256860, 0.216325, -0.257749, 0.965899, -0.024595, -0.215266, -0.032591, 0.976012),
      ["RightHand"] = CFrame.new(-0.000509, -0.013493, -0.000000, 0.894205, 0.386912, -0.225158, -0.387807, 0.920778, 0.042106, 0.223612, 0.049667, 0.973412),
      ["RightLowerArm"] = CFrame.new(-0.000000, -0.013476, 0.000073, 1.000000, 0.000000, 0.000000, 0.000000, 1.000000, 0.000000, 0.000000, 0.000000, 1.000000),
      ["RightLowerLeg"] = CFrame.new(0.000000, 0.055226, -0.010368, 1.000000, -0.000000, 0.000000, 0.000000, 0.894632, 0.446804, -0.000000, -0.446804, 0.894632),
      ["RightUpperArm"] = CFrame.new(-0.020537, -0.098074, 0.280715, 0.950697, -0.184650, 0.249159, 0.191781, 0.981428, -0.004433, -0.243713, 0.051998, 0.968452),
      ["RightUpperLeg"] = CFrame.new(-0.007875, -0.001211, -0.034456, 0.767572, -0.596908, -0.233525, 0.445174, 0.758590, -0.475774, 0.461143, 0.261231, 0.848001),
      ["UpperTorso"] = CFrame.new(0.000000, -0.000000, -0.000000, 0.946593, -0.301473, 0.114351, 0.266937, 0.931655, 0.246502, -0.180850, -0.202812, 0.962372)
    }},
    {Time = 0.217, Data = {
      ["Head"] = CFrame.new(0.000000, -0.000000, 0.000000, 0.877737, -0.382149, -0.289032, 0.378645, 0.922868, -0.070310, 0.293607, -0.047727, 0.954734),
      ["LeftFoot"] = CFrame.new(-0.000000, -0.000803, -0.000003, 0.981308, -0.147203, -0.123959, 0.143161, 0.988852, -0.040955, 0.128606, 0.022444, 0.991442),
      ["LeftHand"] = CFrame.new(0.000489, 0.016185, 0.000000, 0.948397, -0.274111, 0.159392, 0.075239, 0.682864, 0.726661, -0.308029, -0.677171, 0.668250),
      ["LeftLowerArm"] = CFrame.new(-0.000500, 0.084378, 0.028243, 1.000000, 0.000000, 0.000000, 0.000000, 0.710560, -0.703637, 0.000000, 0.703637, 0.710560),
      ["LeftLowerLeg"] = CFrame.new(0.000000, -0.000401, 0.000096, 1.000000, 0.000000, 0.000000, 0.000000, 1.000000, 0.000000, 0.000000, 0.000000, 1.000000),
      ["LeftUpperArm"] = CFrame.new(0.022327, -0.267796, 0.510983, 0.904014, 0.249599, -0.347072, -0.151041, 0.945980, 0.286894, 0.399932, -0.206934, 0.892879),
      ["LeftUpperLeg"] = CFrame.new(-0.004077, -0.005903, 0.003938, 0.957530, -0.052319, 0.283548, 0.013631, 0.990514, 0.136734, -0.288012, -0.127062, 0.949160),
      ["LowerTorso"] = CFrame.new(0.158046, -0.105819, 0.013567, -0.973397, -0.175641, 0.147135, -0.186290, 0.980542, -0.061921, -0.133396, -0.087684, -0.987177),
      ["RightFoot"] = CFrame.new(-0.000000, 0.010417, -0.000103, 0.940693, 0.259501, 0.218532, -0.261065, 0.965066, -0.022212, -0.216662, -0.036157, 0.975577),
      ["RightHand"] = CFrame.new(-0.000499, 0.000919, -0.000000, 0.921545, 0.335638, -0.195198, -0.323541, 0.941746, 0.091845, 0.214653, -0.021485, 0.976454),
      ["RightLowerArm"] = CFrame.new(0.000000, 0.004368, 0.000052, 1.000000, 0.000000, 0.000000, 0.000000, 0.999401, -0.034610, 0.000000, 0.034610, 0.999401),
      ["RightLowerLeg"] = CFrame.new(-0.000000, 0.049848, -0.008269, 1.000000, -0.000000, 0.000000, 0.000000, 0.915973, 0.401239, -0.000000, -0.401239, 0.915973),
      ["RightUpperArm"] = CFrame.new(-0.022946, -0.099162, 0.311946, 0.940887, -0.199985, 0.273382, 0.192852, 0.979795, 0.053012, -0.278460, 0.002844, 0.960444),
      ["RightUpperLeg"] = CFrame.new(-0.008155, -0.001536, -0.036383, 0.751883, -0.585347, -0.303381, 0.438608, 0.787656, -0.432690, 0.492234, 0.192266, 0.848964),
      ["UpperTorso"] = CFrame.new(0.000000, 0.000000, -0.000000, 0.949920, -0.290989, 0.113914, 0.252358, 0.929332, 0.269551, -0.184301, -0.227305, 0.956225)
    }},
    {Time = 0.233, Data = {
      ["Head"] = CFrame.new(0.000000, 0.000000, 0.000000, 0.897598, -0.343433, -0.276356, 0.322750, 0.939018, -0.118651, 0.300252, 0.017308, 0.953703),
      ["LeftFoot"] = CFrame.new(0.000000, -0.000856, -0.000003, 0.981379, -0.146958, -0.123686, 0.143944, 0.989035, -0.033007, 0.127180, 0.014589, 0.991772),
      ["LeftHand"] = CFrame.new(0.000489, 0.016847, 0.000000, 0.999014, -0.038650, 0.021839, 0.010009, 0.675394, 0.737389, -0.043250, -0.736443, 0.675115),
      ["LeftLowerArm"] = CFrame.new(-0.000500, 0.086578, 0.029876, 1.000000, 0.000000, 0.000000, 0.000000, 0.693570, -0.720390, 0.000000, 0.720390, 0.693570),
      ["LeftLowerLeg"] = CFrame.new(-0.000000, -0.000453, 0.000095, 1.000000, 0.000000, 0.000000, 0.000000, 1.000000, 0.000000, 0.000000, 0.000000, 1.000000),
      ["LeftUpperArm"] = CFrame.new(0.082338, -0.257784, 0.444085, 0.972453, 0.154224, -0.174787, -0.102709, 0.956619, 0.272638, 0.209252, -0.247175, 0.946107),
      ["LeftUpperLeg"] = CFrame.new(-0.004511, -0.006532, 0.004368, 0.969941, -0.027780, 0.241749, -0.004014, 0.991500, 0.130042, -0.243307, -0.127104, 0.961585),
      ["LowerTorso"] = CFrame.new(0.151651, -0.094757, 0.022249, -0.981998, -0.158370, 0.102952, -0.166508, 0.983114, -0.075907, -0.089193, -0.091683, -0.991786),
      ["RightFoot"] = CFrame.new(-0.000000, 0.009306, -0.000103, 0.938771, 0.263548, 0.221928, -0.266272, 0.963728, -0.018118, -0.218653, -0.042085, 0.974895),
      ["RightHand"] = CFrame.new(-0.000497, 0.004656, -0.000000, 0.945928, 0.280452, -0.162994, -0.242832, 0.945392, 0.217409, 0.215066, -0.166073, 0.962375),
      ["RightLowerArm"] = CFrame.new(-0.000000, 0.025745, 0.002239, 1.000000, 0.000000, 0.000000, 0.000000, 0.977085, -0.212849, 0.000000, 0.212849, 0.977085),
      ["RightLowerLeg"] = CFrame.new(0.000000, 0.043661, -0.006186, 1.000000, -0.000000, 0.000000, 0.000000, 0.937126, 0.348992, -0.000000, -0.348992, 0.937126),
      ["RightUpperArm"] = CFrame.new(-0.024946, -0.098321, 0.344505, 0.929387, -0.237353, 0.282672, 0.189805, 0.964137, 0.185510, -0.316566, -0.118758, 0.941107),
      ["RightUpperLeg"] = CFrame.new(-0.008381, -0.001894, -0.038176, 0.732017, -0.565413, -0.380078, 0.432745, 0.816772, -0.381597, 0.526196, 0.114859, 0.842570),
      ["UpperTorso"] = CFrame.new(0.000000, 0.000000, -0.000000, 0.954159, -0.277394, 0.112393, 0.235039, 0.926952, 0.292431, -0.185302, -0.252609, 0.949659)
    }},
    {Time = 0.250, Data = {
      ["Head"] = CFrame.new(-0.000000, -0.000000, -0.000000, 0.916723, -0.301097, -0.262602, 0.265472, 0.950269, -0.162827, 0.298570, 0.079554, 0.951066),
      ["LeftFoot"] = CFrame.new(0.000000, 0.000078, -0.000003, 0.981361, -0.146970, -0.123813, 0.144625, 0.989097, -0.027770, 0.126544, 0.009346, 0.991917),
      ["LeftHand"] = CFrame.new(0.000489, 0.017330, 0.000000, 0.973913, 0.195609, -0.115023, -0.051986, 0.685736, 0.725992, 0.220886, -0.701073, 0.678016),
      ["LeftLowerArm"] = CFrame.new(-0.000500, 0.088484, 0.031456, 1.000000, 0.000000, 0.000000, 0.000000, 0.677206, -0.735794, 0.000000, 0.735794, 0.677206),
      ["LeftLowerLeg"] = CFrame.new(-0.000000, 0.001195, 0.000103, 1.000000, -0.000000, 0.000000, 0.000000, 0.999974, 0.007165, -0.000000, -0.007165, 0.999974),
      ["LeftUpperArm"] = CFrame.new(0.122896, -0.243208, 0.369305, 0.998864, 0.047315, 0.005619, -0.047026, 0.959970, 0.276126, 0.007670, -0.276077, 0.961105),
      ["LeftUpperLeg"] = CFrame.new(-0.004961, -0.007183, 0.004814, 0.980543, -0.000184, 0.196304, -0.024019, 0.992373, 0.120908, -0.194829, -0.123271, 0.973060),
      ["LowerTorso"] = CFrame.new(0.145977, -0.085623, 0.031557, -0.988708, -0.139301, 0.055237, -0.143919, 0.985394, -0.091032, -0.041749, -0.097954, -0.994315),
      ["RightFoot"] = CFrame.new(-0.000000, 0.007969, -0.000103, 0.936110, 0.269050, 0.226517, -0.273973, 0.961685, -0.010034, -0.220538, -0.052667, 0.973955),
      ["RightHand"] = CFrame.new(-0.000495, 0.006952, -0.000000, 0.965105, 0.226484, -0.131442, -0.174173, 0.930016, 0.323628, 0.195539, -0.289441, 0.937010),
      ["RightLowerArm"] = CFrame.new(0.000000, 0.041125, 0.006069, 1.000000, 0.000000, 0.000000, 0.000000, 0.938192, -0.346114, 0.000000, 0.346114, 0.938192),
      ["RightLowerLeg"] = CFrame.new(-0.000000, 0.036294, -0.004139, 1.000000, -0.000000, 0.000000, 0.000000, 0.957863, 0.287227, -0.000000, -0.287227, 0.957863),
      ["RightUpperArm"] = CFrame.new(-0.026549, -0.094887, 0.377787, 0.916238, -0.270800, 0.295256, 0.181419, 0.937521, 0.296886, -0.357205, -0.218453, 0.908121),
      ["RightUpperLeg"] = CFrame.new(-0.008555, -0.002282, -0.039837, 0.708067, -0.535179, -0.460679, 0.428342, 0.844173, -0.322327, 0.561395, 0.030901, 0.826971),
      ["UpperTorso"] = CFrame.new(-0.000000, 0.000000, -0.000000, 0.958900, -0.261421, 0.110316, 0.215729, 0.924239, 0.315030, -0.184314, -0.278283, 0.942649)
    }},
    {Time = 0.267, Data = {
      ["Head"] = CFrame.new(0.000000, 0.000000, 0.000000, 0.934968, -0.257232, -0.244265, 0.210486, 0.956568, -0.201675, 0.285534, 0.137146, 0.948505),
      ["LeftFoot"] = CFrame.new(-0.000000, 0.001154, -0.000003, 0.981238, -0.147458, -0.124210, 0.144465, 0.988966, -0.032819, 0.127679, 0.014260, 0.991713),
      ["LeftHand"] = CFrame.new(0.000488, 0.017712, -0.000000, 0.900454, 0.375179, -0.220053, -0.126985, 0.710646, 0.691995, 0.416002, -0.595166, 0.687547),
      ["LeftLowerArm"] = CFrame.new(-0.000500, 0.089893, 0.032653, 1.000000, 0.000000, 0.000000, 0.000000, 0.664812, -0.747010, 0.000000, 0.747010, 0.664812),
      ["LeftLowerLeg"] = CFrame.new(-0.000000, 0.005220, 0.000045, 1.000000, -0.000000, 0.000000, 0.000000, 0.999321, 0.036853, -0.000000, -0.036853, 0.999321),
      ["LeftUpperArm"] = CFrame.new(0.145790, -0.231398, 0.311235, 0.987810, -0.046835, 0.148450, 0.000815, 0.955208, 0.295935, -0.155661, -0.292206, 0.943602),
