return {
    ["Floss"] = {
        {Time = 0.000, Data = {
            ["RightFoot"] = CFrame.new(-2.60770320892334e-08, 2.384185791015625e-07, -2.0656443666666746e-08, 0.9456848502159119, 0.320809006690979, 0.05411292985081673, -0.27028462290763855, 0.8667721152305603, -0.41942110657691956, -0.18062792718410492, 0.3818216323852539, 0.9061775803565979),
            ["LeftLowerArm"] = CFrame.new(-5.960464477539062e-07, -1.1920928955078125e-07, -2.477318048477173e-07, 1, -1.192093321833454e-07, -1.4901161193847656e-08, 5.7276345444279286e-08, 0.6021310687065125, -0.7983976006507874, 1.4901162970204496e-08, 0.7983973026275635, 0.602130651473999),
            ["RightUpperArm"] = CFrame.new(-1.1920928955078125e-07, -2.384185791015625e-07, -5.960464477539063e-08, -0.03270629048347473, -0.9949990510940552, 0.09437823295593262, 0.3765411674976349, 0.07520410418510437, 0.9233423471450806, -0.9258224964141846, 0.06573635339736938, 0.37219828367233276),
            ["Head"] = CFrame.new(-2.7939677238464355e-08, -1.1920928955078125e-07, -4.6566128730773926e-08, 0.9641374349594116, -0.22109510004520416, 0.14681994915008545, 0.22393348813056946, 0.9746001958847046, -0.0028841085731983185, -0.14245302975177765, 0.035658758133649826, 0.989159107208252),
            ["RightHand"] = CFrame.new(5.960464477539063e-08, 1.7881393432617188e-07, 3.725290298461914e-08, 0.9973002672195435, 0.07341595739126205, -0.0015365928411483765, -0.07338719815015793, 0.9972041249275208, 0.014086099341511726, 0.0025665750727057457, -0.013935081660747528, 0.9998996257781982),
            ["UpperTorso"] = CFrame.new(-1.3504177331924438e-08, -1.4901161193847656e-07, -5.587935447692871e-09, 0.9890909194946289, -0.144136443734169, 0.030395645648241043, 0.1411726474761963, 0.9864294528961182, 0.08382972329854965, -0.04206608980894089, -0.07862424850463867, 0.9960163831710815),
            ["HumanoidRootPart"] = CFrame.new(0, 0, 0, 1, 0, 0, 0, 1, 0, 0, 0, 1),
            ["RightUpperLeg"] = CFrame.new(5.960464477539063e-08, -2.3469328880310059e-07, -1.6596459317952394e-08, 0.7981935739517212, -0.5343698859214783, 0.2780939042568207, 0.583942711353302, 0.5729522109031677, -0.5750969648361206, 0.14797990024089813, 0.621429443359375, 0.7693681120872498),
            ["LeftUpperArm"] = CFrame.new(0, -1.1920928955078125e-07, -5.960464477539063e-08, 0.4884195327758789, -0.2196318805217743, -0.844516396522522, 0.7013921141624451, 0.6745766997337341, 0.23020830750465393, 0.5191296339035034, -0.7047752737998962, 0.4835246801376343),
            ["RightLowerArm"] = CFrame.new(-1.1920928955078125e-07, -1.1920928955078125e-07, 1.4901161193847656e-07, 1, -3.725290298461914e-09, 2.9802318834981634e-08, 2.9802315282267955e-08, 0.9871617555618286, -0.15972371399402618, -2.2351736461700966e-08, 0.15972372889518738, 0.9871617555618286),
            ["LeftHand"] = CFrame.new(-3.3527612686157227e-07, -2.384185791015625e-07, 6.705522537231445e-08, 0.923313319683075, 0.32915395498275757, -0.1978636085987091, -0.2920232117176056, 0.936335563659668, 0.19493214786052704, 0.24942941963672638, -0.12220244109630585, 0.9606516361236572),
            ["LeftFoot"] = CFrame.new(7.171183824539185e-08, 1.1920928955078125e-07, 2.2351741790771484e-08, 0.9956485033035278, -0.016166405752301216, -0.09177537262439728, -0.012785257771611214, 0.9518260359764099, -0.3063720166683197, 0.0923071801662445, 0.30621233582496643, 0.9474775195121765),
            ["LowerTorso"] = CFrame.new(-0.31011590361595154, -0.19066357612609863, 0.015988031402230263, 0.9324612021446228, 0.2964201271533966, -0.2065211683511734, -0.2941673994064331, 0.9548191428184509, 0.04226301982998848, 0.20971797406673431, 0.021343093365430832, 0.977528989315033),
            ["RightLowerLeg"] = CFrame.new(-5.21540641784668e-08, -0.00006026029586791992, -0.00007204169378383085, 1, -1.1920930376163597e-07, -1.192093321833454e-07, 1.1920931797249068e-07, 0.45866018533706665, 0.8886114954948425, -1.1548402767402877e-07, -0.8886118531227112, 0.45866069197654724),
            ["LeftUpperLeg"] = CFrame.new(-1.7881393432617188e-07, -2.277083694934845e-07, -2.2351741790771484e-08, 0.8913583159446716, -0.2329462170600891, 0.38886576890945435, 0.26933950185775757, 0.9621721506118774, -0.041000302881002426, -0.3646048605442047, 0.141282856464386, 0.9203816056251526),
            ["LeftLowerLeg"] = CFrame.new(-1.2665987014770508e-07, 0.00006091594696044922, 0.00007207691669464111, 1, 6.332994928470725e-08, 4.144386522852983e-08, -5.587936335871291e-09, 0.9123629927635193, 0.40938225388526917, -9.778887921640944e-09, -0.40938228368759155, 0.9123629927635193),
        }},
        {Time = 0.033, Data = {
            ["RightFoot"] = CFrame.new(3.725290298461914e-09, 3.5762786865234375e-07, -5.790934665128589e-08, 0.9508659243583679, 0.3040640950202942, 0.059757545590400696, -0.25136804580688477, 0.8690793514251709, -0.4263485372066498, -0.18074344098567963, 0.3901873230934143, 0.9025829434394836),
            ["LeftLowerArm"] = CFrame.new(-3.5762786865234375e-07, -8.940696716308594e-07, 2.073356881737709e-07, 1, -8.195637946073475e-08, 1.0430811414607888e-07, 4.8428763221863846e-08, 0.5276544690132141, -0.8494589924812317, 2.9802315282267955e-08, 0.8494590520858765, 0.5276545882225037),
            ["RightUpperArm"] = CFrame.new(0, -1.1920928955078125e-07, -1.4901161193847656e-08, 0.0603632777929306, -0.9691115021705627, 0.23912227153778076, 0.3885115683078766, 0.24347880482673645, 0.8886938691139221, -0.9194645285606384, 0.039257217198610306, 0.39120808243751526),
            ["Head"] = CFrame.new(4.470348358154297e-08, 0, -3.3527612686157227e-08, 0.9721807241439819, -0.18961970508098602, 0.13751021027565002, 0.18922041356563568, 0.981802761554718, 0.016090258955955505, -0.13805881142616272, 0.01037727389484644, 0.9903696179389954),
            ["RightHand"] = CFrame.new(1.341104507446289e-07, -2.384185791015625e-07, -2.2351741790771484e-08, 0.995796263217926, 0.044223763048648834, -0.0802122950553894, -0.0022009715903550386, 0.887022078037262, 0.4617220461368561, 0.09156931936740875, -0.4596044421195984, 0.8833905458450317),
            ["UpperTorso"] = CFrame.new(-1.103617250919342e-07, -5.960464477539063e-08, 1.1175870895385742e-08, 0.9888887405395508, -0.1433771252632141, 0.03926893696188927, 0.13955813646316528, 0.9863825440406799, 0.08702369779348373, -0.0512113980948925, -0.08057649433612823, 0.9954320192337036),
            ["HumanoidRootPart"] = CFrame.new(0, 0, 0, 1, 0, 0, 0, 1, 0, 0, 0, 1),
            ["RightUpperLeg"] = CFrame.new(-1.1920928955078125e-07, -2.2654421627521515e-07, 2.438173396512866e-08, 0.8214095234870911, -0.5121239423751831, 0.2510291039943695, 0.5501753687858582, 0.5954940915107727, -0.5854007601737976, 0.15031129121780396, 0.6189637184143066, 0.7709023952484131),
            ["LeftUpperArm"] = CFrame.new(5.960464477539063e-08, -1.1920928955078125e-07, -4.470348358154297e-08, 0.4841807782649994, -0.10289601236581802, -0.8688967823982239, 0.6434615850448608, 0.7147927284240723, 0.27391317486763, 0.5928964018821716, -0.6917253732681274, 0.41229844093322754),
            ["RightLowerArm"] = CFrame.new(0, 1.7881393432617188e-07, -6.705522537231445e-08, 1, -2.60770320892334e-08, -1.0430815677864302e-07, 3.725290298461914e-08, 0.9761694669723511, -0.21700969338417053, 7.450580596923828e-09, 0.21700963377952576, 0.9761695265769958),
            ["LeftHand"] = CFrame.new(0, 0, -3.725290298461914e-08, 0.9079890251159668, 0.21023163199424744, -0.3624345362186432, -0.19347982108592987, 0.9776405096054077, 0.0823688954114914, 0.3716469705104828, -0.0046663954854011536, 0.9283623099327087),
            ["LeftFoot"] = CFrame.new(-5.587935447692871e-08, 5.960464477539063e-08, -3.3527612686157227e-08, 0.9955066442489624, -0.027715595439076424, -0.09054545313119888, -0.005149053409695625, 0.9389479756355286, -0.34402069449424744, 0.0945524275302887, 0.3429410457611084, 0.9345861673355103),
            ["LowerTorso"] = CFrame.new(-0.28721073269844055, -0.19624042510986328, 0.015988027676939964, 0.9392635226249695, 0.2728308141231537, -0.20820018649101257, -0.27098968625068665, 0.9618364572525024, 0.03788735717535019, 0.2105913609266281, 0.020833829417824745, 0.9773522019386292),
            ["RightLowerLeg"] = CFrame.new(2.2351741790771484e-08, -0.00006026029586791992, -0.00007199326500995085, 1, -1.564621925354004e-07, -1.2665991278026922e-07, 1.192093321833454e-07, 0.4525231122970581, 0.8917524218559265, -2.980233304583635e-08, -0.8917527794837952, 0.4525236189365387),
            ["LeftUpperLeg"] = CFrame.new(-1.7881393432617188e-07, -2.7532223612070084e-07, 2.9802322387695312e-08, 0.9007298350334167, -0.18167836964130402, 0.39456140995025635, 0.23489616811275482, 0.9677879214286804, -0.09061156213283539, -0.3653895854949951, 0.17429742217063904, 0.914391040802002),
            ["LeftLowerLeg"] = CFrame.new(1.2665987014770508e-07, 0.000060439109802246094, 0.00007211416959762573, 1, 6.332993507385254e-08, 1.5832483768463135e-08, -2.60770232074492e-08, 0.8746936321258545, 0.48467639088630676, 2.8870989154938798e-08, -0.48467621207237244, 0.8746935725212097),
        }},
        {Time = 0.067, Data = {
            ["RightFoot"] = CFrame.new(-1.1548399925231934e-07, 2.384185791015625e-07, 3.149762051180005e-08, 0.9642712473869324, 0.2543114125728607, 0.07545172423124313, -0.20383979380130768, 0.8918780088424683, -0.40401116013526917, -0.16920503973960876, 0.37400445342063904, 0.9116369485855103),
            ["LeftLowerArm"] = CFrame.new(3.5762786865234375e-07, 0, 3.818422555923462e-07, 1, -9.685756197086448e-08, 1.0430809993522416e-07, 1.1920928955078125e-07, 0.4582286477088928, -0.8888343572616577, 3.725290298461914e-08, 0.8888343572616577, 0.45822858810424805),
            ["RightUpperArm"] = CFrame.new(-5.960464477539063e-08, 0, 3.725290298461914e-09, 0.14089295268058777, -0.7939451336860657, 0.591439425945282, 0.3566913604736328, 0.5979864597320557, 0.71776282787323, -0.9235369563102722, 0.10983356833457947, 0.3674452006816864),
            ["Head"] = CFrame.new(3.725290298461914e-09, -1.1920928955078125e-07, 5.587935447692871e-09, 0.9842705130577087, -0.12823064625263214, 0.1215260773897171, 0.12419964373111725, 0.9914420247077942, 0.04021413251757622, -0.12564268708229065, -0.024487923830747604, 0.9917733669281006),
            ["RightHand"] = CFrame.new(2.9802322387695312e-08, -1.1920928955078125e-07, 1.1920928955078125e-07, 0.9709463715553284, 0.23383352160453796, 0.0508425235748291, -0.21002186834812164, 0.7308751344680786, 0.649394154548645, 0.11469081044197083, -0.6412046551704407, 0.7587504982948303),
            ["UpperTorso"] = CFrame.new(1.862645149230957e-08, -2.384185791015625e-07, -1.1175870895385742e-08, 0.989764928817749, -0.12856079638004303, 0.06194815784692764, 0.12262699753046036, 0.9882170557975769, 0.09159570187330246, -0.07299380749464035, -0.08306168764829636, 0.9938675761222839),
            ["HumanoidRootPart"] = CFrame.new(0, 0, 0, 1, 0, 0, 0, 1, 0, 0, 0, 1),
            ["RightUpperLeg"] = CFrame.new(0, -1.778826117515564e-07, 2.029992174357176e-09, 0.8767041563987732, -0.4572693705558777, 0.14931413531303406, 0.45406588912010193, 0.6842174530029297, -0.5706756114959717, 0.1587890088558197, 0.5681118965148926, 0.8074866533279419),
            ["LeftUpperArm"] = CFrame.new(5.960464477539063e-08, -1.1920928955078125e-07, 4.470348358154297e-08, 0.5240985751152039, 0.1064276471734047, -0.8449816703796387, 0.5221092104911804, 0.7436994314193726, 0.4175080955028534, 0.672846794128418, -0.6599880456924438, 0.3342049717903137),
            ["RightLowerArm"] = CFrame.new(-2.9802322387695312e-08, 4.76837158203125e-07, 2.682209014892578e-07, 1, -7.450581485102248e-09, -1.4901161193847656e-08, 2.2351736461700966e-08, 0.9404193162918091, -0.34001705050468445, 1.4901157641133977e-08, 0.340017169713974, 0.9404193162918091),
            ["LeftHand"] = CFrame.new(-8.195638656616211e-08, -1.1920928955078125e-07, 4.0978193283081055e-08, 0.8684197068214417, -0.013556228950619698, -0.4956449270248413, -0.029034171253442764, 0.9965206384658813, -0.07812602072954178, 0.49497905373573303, 0.08223659545183182, 0.8650043606758118),
            ["LeftFoot"] = CFrame.new(-4.6566128730773926e-08, -1.7881393432617188e-07, -3.725290298461914e-08, 0.9943575263023376, -0.05749804526567459, -0.08914655447006226, 0.02376062609255314, 0.939732551574707, -0.3410842716693878, 0.10338561236858368, 0.3370412588119507, 0.9357962012290955),
            ["LowerTorso"] = CFrame.new(-0.22888518869876862, -0.1673440933227539, 0.015988027676939964, 0.9540386199951172, 0.21222659945487976, -0.2115895301103592, -0.21139958500862122, 0.9770325422286987, 0.02679334208369255, 0.21241609752178192, 0.01916799508035183, 0.9769913554191589),
            ["RightLowerLeg"] = CFrame.new(-1.1175870895385742e-07, -0.000060498714447021484, -0.00007209757313830778, 1, -1.2665985593685036e-07, -1.1175872316471214e-07, 1.341104507446289e-07, 0.5243462920188904, 0.8515046834945679, -5.960464477539063e-08, -0.8515051603317261, 0.5243470072746277),
            ["LeftUpperLeg"] = CFrame.new(-5.960464477539063e-08, -2.5599729269742966e-07, -3.725290298461914e-09, 0.9185472726821899, -0.09391563385725021, 0.3839934766292572, 0.14558887481689453, 0.9834623336791992, -0.10773039609193802, -0.36752521991729736, 0.15486061573028564, 0.9170295596122742),
            ["LeftLowerLeg"] = CFrame.new(-9.313225746154785e-08, 0.000060617923736572266, 0.00007208436727523804, 1, 6.961637666336173e-08, -3.5390257835388184e-08, -2.2351745343485163e-08, 0.8762052655220032, 0.4819382429122925, 1.0244549208948683e-08, -0.4819381535053253, 0.8762052655220032),
        }},
        {Time = 0.100, Data = {
            ["RightFoot"] = CFrame.new(-1.862645149230957e-08, 4.172325134277344e-07, -1.3205863069742918e-08, 0.9776844382286072, 0.18617916107177734, 0.09838221967220306, -0.1347408890724182, 0.9116680026054382, -0.38844770193099976, -0.16117681562900543, 0.36633163690567017, 0.9162037372589111),
            ["LeftLowerArm"] = CFrame.new(1.7881393432617188e-07, 1.1920928955078125e-07, -2.4959444999694824e-07, 1, -2.6077039194660756e-08, 1.0430815677864302e-07, 1.1920930376163597e-07, 0.4098779261112213, -0.9121405482292175, 1.3411046495548362e-07, 0.9121404886245728, 0.40987780690193176),
            ["RightUpperArm"] = CFrame.new(0, 3.5762786865234375e-07, -4.6566128730773926e-09, 0.1578342467546463, -0.522489070892334, 0.8379103541374207, 0.3078182339668274, 0.8322983980178833, 0.4610070586204529, -0.9382624626159668, 0.18516133725643158, 0.29219669103622437),
            ["Head"] = CFrame.new(-2.7939677238464355e-09, 2.384185791015625e-07, -9.778887033462524e-09, 0.9941403269767761, -0.040439434349536896, 0.10024856775999069, 0.03623753413558006, 0.9984009265899658, 0.04338638484477997, -0.1018427163362503, -0.03949923813343048, 0.9940159916877747),
            ["RightHand"] = CFrame.new(0, -2.384185791015625e-07, 7.916241884231567e-09, 0.9702510237693787, 0.2420654594898224, -0.004168145824223757, -0.19497941434383392, 0.7914944887161255, 0.5792409777641296, 0.1435132920742035, -0.561195969581604, 0.81514573097229),
            ["UpperTorso"] = CFrame.new(1.6298145055770874e-08, 5.960464477539063e-08, 3.725290298461914e-09, 0.9891743659973145, -0.10936534404754639, 0.0978434681892395, 0.09984403848648071, 0.9902215600013733, 0.09743006527423859, -0.10754217952489853, -0.0866062343120575, 0.9904212355613708),
            ["HumanoidRootPart"] = CFrame.new(0, 0, 0, 1, 0, 0, 0, 1, 0, 0, 0, 1),
            ["RightUpperLeg"] = CFrame.new(0, 8.242204785346985e-08, -4.489265847951174e-09, 0.936011791229248, -0.35151728987693787, 0.017817851155996323, 0.30589398741722107, 0.7873988747596741, -0.5351935625076294, 0.17410007119178772, 0.5063977241516113, 0.844541609287262),
            ["LeftUpperArm"] = CFrame.new(0, 2.384185791015625e-07, 1.4901161193847656e-08, 0.6484126448631287, 0.36771419644355774, -0.6665941476821899, 0.28434157371520996, 0.6952666640281677, 0.6601167321205139, 0.7061948180198669, -0.6175682544708252, 0.34626325964927673),
            ["RightLowerArm"] = CFrame.new(-1.7881393432617188e-07, 5.960464477539063e-08, -7.599592208862305e-07, 1, -3.539026138810186e-08, -6.75208688960538e-09, 4.0978189730367376e-08, 0.875028133392334, -0.48407232761383057, -2.2351738238057806e-08, 0.48407217860221863, 0.8750279545783997),
            ["LeftHand"] = CFrame.new(-1.3783574104309082e-07, 0, 6.332993507385254e-08, 0.826401948928833, -0.23799505829811096, -0.5103121995925903, 0.23020559549331665, 0.9698866605758667, -0.07953109592199326, 0.5138728022575378, -0.051752086728811264, 0.856303870677948),
            ["LeftFoot"] = CFrame.new(-6.51925802230835e-09, 5.960464477539063e-08, -7.450580596923828e-09, 0.9904263615608215, -0.10939385741949081, -0.08419425040483475, 0.06806638836860657, 0.9176262617111206, -0.3915726840496063, 0.12009455263614655, 0.3820931911468506, 0.9162872433662415),
            ["LowerTorso"] = CFrame.new(-0.13513924181461334, -0.15608000755310059, 0.015988022089004517, 0.96961510181427, 0.11745963245630264, -0.21459238231182098, -0.11838754266500473, 0.9929305911064148, 0.008570728823542595, 0.2140820473432541, 0.017094692215323448, 0.9766661524772644),
            ["RightLowerLeg"] = CFrame.new(-1.4901161193847656e-08, -0.00006031990051269531, -0.0000721348260412924, 1, -1.3411042232291948e-07, -2.980232949312267e-08, 1.1920926112907182e-07, 0.5887071490287781, 0.8083459734916687, -7.450579175838357e-08, -0.8083463907241821, 0.5887078046798706),
            ["LeftUpperLeg"] = CFrame.new(1.4901161193847656e-07, -2.7241185307502747e-08, 2.7939677238464355e-08, 0.9313942193984985, 0.0713789090514183, 0.3569454550743103, -0.00029562984127551317, 0.9807341694831848, -0.1953473836183548, -0.36401230096817017, 0.18183985352516174, 0.9134711027145386),
            ["LeftLowerLeg"] = CFrame.new(9.685754776000977e-08, 0.00006091594696044922, 0.00007206201553344727, 1, 1.862645504502325e-08, 3.3527612686157227e-08, -3.3527616238870905e-08, 0.8126413226127625, 0.5827640891075134, 5.2154071283894154e-08, -0.582764208316803, 0.812641441822052),
        }},
        {Time = 0.133, Data = {
            ["RightFoot"] = CFrame.new(4.842877388000488e-08, 5.364418029785156e-07, 1.6952981241047382e-09, 0.9858163595199585, 0.11553484201431274, 0.1226828470826149, -0.06416124850511551, 0.9300766587257385, -0.36192190647125244, -0.15507856011390686, 0.34872499108314514, 0.9241002798080444),
            ["LeftLowerArm"] = CFrame.new(-1.1920928955078125e-07, 2.980232238769531e-07, 1.862645149230957e-08, 1, -9.313227877782992e-08, 3.725289587919178e-08, 6.705521116145974e-08, 0.43155592679977417, -0.9020864367485046, 5.215404996761208e-08, 0.9020863175392151, 0.43155547976493835),
            ["RightUpperArm"] = CFrame.new(0, 2.384185791015625e-07, 1.4901161193847656e-08, 0.17745602130889893, -0.19709448516368866, 0.9641904234886169, 0.2942028343677521, 0.9455606937408447, 0.1391393095254898, -0.9391241073608398, 0.2589762806892395, 0.22578106820583344),
            ["Head"] = CFrame.new(-1.7695128917694092e-08, 0, 2.421438694000244e-08, 0.9951428174972534, 0.06387757509946823, 0.07490285485982895, -0.06713844835758209, 0.9968655109405518, 0.04185209795832634, -0.0719945952296257, -0.04667748138308525, 0.9963122606277466),
            ["RightHand"] = CFrame.new(-5.960464477539063e-08, 0, 1.6391277313232422e-07, 0.9712954163551331, 0.21532778441905975, -0.10109027475118637, -0.14734554290771484, 0.8782362341880798, 0.4549623727798462, 0.1867469698190689, -0.42700716853141785, 0.8847542405128479),
            ["UpperTorso"] = CFrame.new(-1.3969838619232178e-09, 8.940696716308594e-08, -1.6298145055770874e-09, 0.9861584901809692, -0.09118882566690445, 0.13847781717777252, 0.07743435353040695, 0.9918002486228943, 0.10166750103235245, -0.1466132402420044, -0.0895373523235321, 0.9851332902908325),
            ["HumanoidRootPart"] = CFrame.new(0, 0, 0, 1, 0, 0, 0, 1, 0, 0, 0, 1),
            ["RightUpperLeg"] = CFrame.new(0, 1.664739102125168e-08, 7.850758265703917e-09, 0.9712794423103333, -0.2081996351480484, -0.1151927262544632, 0.13538262248039246, 0.8816730976104736, -0.4520222842693329, 0.19567322731018066, 0.4234447777271271, 0.884537398815155),
            ["LeftUpperArm"] = CFrame.new(-1.1920928955078125e-07, 2.384185791015625e-07, 3.725290298461914e-08, 0.6652902960777283, 0.6460741758346558, -0.3741356134414673, -0.041869912296533585, 0.5326283574104309, 0.8453129529953003, 0.7454098463058472, -0.54671311378479, 0.38140347599983215),
            ["RightLowerArm"] = CFrame.new(1.1920928955078125e-07, 7.152557373046875e-07, 2.8312206268310547e-07, 1, -1.1175875158642157e-07, 7.450581485102248e-09, 8.195641498787154e-08, 0.8199980854988098, -0.5723665356636047, 5.215408194203519e-08, 0.5723664164543152, 0.819998025894165),
            ["LeftHand"] = CFrame.new(0, -1.1920928955078125e-07, -1.4901161193847656e-07, 0.7707400321960449, -0.38968726992607117, -0.5040875673294067, 0.41378703713417053, 0.9077498912811279, -0.06906785070896149, 0.4844999611377716, -0.1553514003753662, 0.8608863949775696),
            ["LeftFoot"] = CFrame.new(-2.0489096641540527e-08, -5.960464477539063e-08, 0, 0.9816330075263977, -0.17496159672737122, -0.07605944573879242, 0.12426257878541946, 0.8888793587684631, -0.4409672021865845, 0.14476025104522705, 0.4234170615673065, 0.8942946791648865),
            ["LowerTorso"] = CFrame.new(-0.026752855628728867, -0.1514127254486084, 0.01598801277577877, 0.9767494201660156, 0.006726641207933426, -0.21427865326404572, -0.009558952413499355, 0.9998801350593567, -0.012183025479316711, 0.21417103707790375, 0.013947977684438229, 0.9766965508460999),
            ["RightLowerLeg"] = CFrame.new(5.21540641784668e-08, -0.00006020069122314453, -0.0000721348260412924, 1, -1.1548401346317405e-07, -2.980233659855003e-08, 8.940696716308594e-08, 0.6708543300628662, 0.741588830947876, -7.450580596923828e-08, -0.7415891289710999, 0.6708548069000244),
            ["LeftUpperLeg"] = CFrame.new(5.960464477539063e-08, 2.00001522898674e-07, -1.83936208486557e-08, 0.9201512932777405, 0.2577894330024719, 0.2947307527065277, -0.17473112046718597, 0.943932294845581, -0.28010883927345276, -0.35041502118110657, 0.2062438577413559, 0.9136043190956116),
            ["LeftLowerLeg"] = CFrame.new(1.3783574104309082e-07, 0.00006097555160522461, 0.00007207319140434265, 1, 4.4703494239684005e-08, 5.960465898624534e-08, -3.3527619791584584e-08, 0.7360045909881592, 0.6769765019416809, 2.6077039194660756e-08, -0.6769766807556152, 0.736004650592804),
        }},
        {Time = 0.167, Data = {
            ["RightFoot"] = CFrame.new(-6.332993507385254e-08, 2.980232238769531e-07, -2.0656443666666746e-08, 0.9881542325019836, 0.05426564812660217, 0.1444382220506668, -0.005772759206593037, 0.9481856822967529, -0.31784170866012573, -0.15335558354854584, 0.31304821372032166, 0.937077522277832),
            ["LeftLowerArm"] = CFrame.new(0, -1.7881393432617188e-07, -5.960464477539063e-08, 1, -8.195639367158947e-08, -1.1175868230850483e-08, 8.940696716308594e-08, 0.6018041372299194, -0.7986438274383545, 5.960464477539063e-08, 0.7986438274383545, 0.6018040180206299),
            ["RightUpperArm"] = CFrame.new(1.1920928955078125e-07, 0, 7.450580596923828e-09, 0.2644512355327606, 0.13696008920669556, 0.9546242952346802, 0.28211426734924316, 0.9355782866477966, -0.21237905323505402, -0.9222131967544556, 0.3254770338535309, 0.2087763547897339),
            ["Head"] = CFrame.new(-1.0244548320770264e-08, 3.5762786865234375e-07, 1.6763806343078613e-08, 0.9836089015007019, 0.17327776551246643, 0.04988260194659233, -0.17504344880580902, 0.9839910864830017, 0.03348767012357712, -0.04328133165836334, -0.041670314967632294, 0.9981935024261475),
            ["RightHand"] = CFrame.new(1.4901161193847656e-08, 1.1920928955078125e-07, 5.21540641784668e-08, 0.9696587920188904, 0.13143295049667358, -0.20612427592277527, -0.016459282487630844, 0.8763610124588013, 0.4813740849494934, 0.24390776455402374, -0.46337559819221497, 0.8519341945648193),
            ["UpperTorso"] = CFrame.new(1.7229467630386353e-08, 8.940696716308594e-08, 6.51925802230835e-09, 0.9816794395446777, -0.07244374603033066, 0.17623132467269897, 0.05501892417669296, 0.9932790398597717, 0.10183253884315491, -0.18242394924163818, -0.09027079492807388, 0.9790672659873962),
            ["HumanoidRootPart"] = CFrame.new(0, 0, 0, 1, 0, 0, 0, 1, 0, 0, 0, 1),
            ["RightUpperLeg"] = CFrame.new(0, -2.7939677238464355e-09, -1.6596459317952394e-08, 0.9747177362442017, -0.04098663479089737, -0.2196485996246338, -0.03276018425822258, 0.9461938738822937, -0.32193809747695923, 0.22102530300617218, 0.3209943175315857, 0.9209291338920593),
            ["LeftUpperArm"] = CFrame.new(-2.384185791015625e-07, 1.1920928955078125e-07, 1.1175870895385742e-08, 0.579723060131073, 0.8146376609802246, 0.01693381369113922, -0.470241516828537, 0.31752267479896545, 0.8234392404556274, 0.6654276847839355, -0.48532962799072266, 0.5671517252922058),
            ["RightLowerArm"] = CFrame.new(-2.086162567138672e-07, -8.940696716308594e-07, 1.564621925354004e-07, 1, -7.4505820180093e-08, 1.4901162970204496e-08, 5.820766091346741e-08, 0.7934436798095703, -0.6086438298225403, 7.729977369308472e-08, 0.6086437702178955, 0.7934436798095703),
            ["LeftHand"] = CFrame.new(7.450580596923828e-08, -3.5762786865234375e-07, 1.043081283569336e-07, 0.825273334980011, -0.437173992395401, -0.35749581456184387, 0.3931293785572052, 0.8991973996162415, -0.19207635521888733, 0.4054296910762787, 0.017973197624087334, 0.9139494299888611),
            ["LeftFoot"] = CFrame.new(-7.264316082000732e-08, 0, 1.4901161193847656e-08, 0.9671087861061096, -0.24577167630195618, -0.06555049866437912, 0.18523991107940674, 0.8571154475212097, -0.4806656837463379, 0.17431862652301788, 0.4527135491371155, 0.8744505643844604),
            ["LowerTorso"] = CFrame.new(0.07974444329738617, -0.15227055549621582, 0.015988003462553024, 0.9716672301292419, -0.10887457430362701, -0.20978352427482605, 0.10453508049249649, 0.9940159916877747, -0.031696680933237076, 0.21197912096977234, 0.008868826553225517, 0.9772340059280396),
            ["RightLowerLeg"] = CFrame.new(-7.450580596923828e-08, -0.000060498714447021484, -0.00007208267197711393, 1, -1.005828522693264e-07, -3.7252898543727042e-09, 7.82310962677002e-08, 0.7688784599304199, 0.6393945813179016, -9.499490261077881e-08, -0.6393950581550598, 0.7688787579536438),
            ["LeftUpperLeg"] = CFrame.new(-5.960464477539063e-08, -1.4668330550193787e-08, 7.450580596923828e-09, 0.8763968348503113, 0.436078816652298, 0.20436201989650726, -0.3540988564491272, 0.8711058497428894, -0.34027743339538574, -0.3264086842536926, 0.2258535623550415, 0.9178494811058044),
            ["LeftLowerLeg"] = CFrame.new(-5.960464477539063e-08, 0.00006079673767089844, 0.0000719800591468811, 1, 6.705523958316917e-08, 5.960465898624534e-08, -7.450580596923828e-08, 0.6623052358627319, 0.749234139919281, 3.725290298461914e-09, -0.7492342591285706, 0.6623052954673767),
        }},
        {Time = 0.200, Data = {
            ["RightFoot"] = CFrame.new(-5.681067705154419e-08, 4.76837158203125e-07, 1.6952981241047382e-09, 0.9868580102920532, 0.008227834478020668, 0.16223055124282837, 0.034550752490758896, 0.965092122554779, -0.25978806614875793, -0.1578526645898819, 0.2617812156677246, 0.9519408345222473),
            ["LeftLowerArm"] = CFrame.new(-2.086162567138672e-07, -5.960464477539063e-08, -1.4901161193847656e-08, 1, -2.980232949312267e-08, 4.470347647611561e-08, 4.470348358154297e-08, 0.7842262983322144, -0.6204752922058105, 6.705522537231445e-08, 0.6204749345779419, 0.7842260003089905),
            ["RightUpperArm"] = CFrame.new(0, -2.384185791015625e-07, 2.1420419216156006e-08, 0.33593836426734924, 0.4165869951248169, 0.8447490334510803, 0.2680521309375763, 0.817499577999115, -0.5097473859786987, -0.9029361009597778, 0.39768028259277344, 0.16296234726905823),
            ["Head"] = CFrame.new(-4.889443516731262e-08, -2.384185791015625e-07, -1.3969838619232178e-09, 0.9621830582618713, 0.2713392376899719, 0.024056285619735718, -0.2717975974082947, 0.9621791243553162, 0.01837514340877533, -0.01816054992377758, -0.024218527600169182, 0.9995417594909668),
            ["RightHand"] = CFrame.new(1.3783574104309082e-07, -2.384185791015625e-07, 5.21540641784668e-08, 0.9601325988769531, 0.047451600432395935, -0.27548813819885254, 0.09620944410562515, 0.8691927790641785, 0.48502397537231445, 0.2624674439430237, -0.4921914339065552, 0.8299747109413147),
            ["UpperTorso"] = CFrame.new(1.234002411365509e-08, 8.940696716308594e-08, -7.450580596923828e-09, 0.9764789938926697, -0.05521860718727112, 0.2084222435951233, 0.03489964082837105, 0.9943812489509583, 0.09994018077850342, -0.21276965737342834, -0.09031561762094498, 0.9729193449020386),
            ["HumanoidRootPart"] = CFrame.new(0, 0, 0, 1, 0, 0, 0, 1, 0, 0, 0, 1),
            ["RightUpperLeg"] = CFrame.new(1.1920928955078125e-07, 1.5343539416790009e-07, -1.6952981241047382e-09, 0.9538169503211975, 0.12000250816345215, -0.2753777801990509, -0.17141932249069214, 0.970257580280304, -0.1709263175725937, 0.24667562544345856, 0.21023724973201752, 0.946018636226654),
            ["LeftUpperArm"] = CFrame.new(0, -3.5762786865234375e-07, 2.421438694000244e-08, 0.26844552159309387, 0.9050558805465698, 0.3298652768135071, -0.8670681715011597, 0.07783278822898865, 0.49207204580307007, 0.4196782410144806, -0.4181101322174072, 0.8056389093399048),
            ["RightLowerArm"] = CFrame.new(5.960464477539063e-08, -5.960464477539063e-08, -4.470348358154297e-08, 1, -4.4703494239684005e-08, 1.862645149230957e-08, 1.1175872671742582e-08, 0.776336669921875, -0.6303187608718872, 0, 0.6303185820579529, 0.7763364315032959),
            ["LeftHand"] = CFrame.new(-7.450580596923828e-09, -2.384185791015625e-07, 1.1175870895385742e-07, 0.8604764938354492, -0.4686276912689209, -0.19992168247699738, 0.39300617575645447, 0.8602266907691956, -0.3248942196369171, 0.32423195242881775, 0.20099316537380219, 0.9243782162666321),
            ["LeftFoot"] = CFrame.new(-9.313225746154785e-09, 0, -3.073364496231079e-08, 0.9486612677574158, -0.31175753474235535, -0.05337611213326454, 0.24366040527820587, 0.8279289603233337, -0.5051371455192566, 0.2016720026731491, 0.4661984443664551, 0.8613869547843933),
            ["LowerTorso"] = CFrame.new(0.1716013103723526, -0.15661334991455078, 0.015987994149327278, 0.9563850164413452, -0.21068918704986572, -0.2023313045501709, 0.20512868463993073, 0.9775418639183044, -0.04831283912062645, 0.20796632766723633, 0.004701657220721245, 0.9781246781349182),
            ["RightLowerLeg"] = CFrame.new(-3.5390257835388184e-08, -0.000060439109802246094, -0.00007208267197711393, 1, -9.499492392706088e-08, -4.284084198502569e-08, 5.8673329306202504e-08, 0.8627393841743469, 0.5056484341621399, -5.448237772043285e-08, -0.5056489109992981, 0.8627396821975708),
            ["LeftUpperLeg"] = CFrame.new(-5.960464477539063e-08, -5.005858838558197e-08, 3.725290298461914e-09, 0.80930495262146, 0.5768998861312866, 0.1105092242360115, -0.5076549649238586, 0.7815994024276733, -0.36247605085372925, -0.295486181974411, 0.23725295066833496, 0.9254181981086731),
            ["LeftLowerLeg"] = CFrame.new(-5.21540641784668e-08, 0.000060439109802246094, 0.00007214164361357689, 1, 7.4505820180093e-08, 4.470347647611561e-08, -8.195637946073475e-08, 0.6087687015533447, 0.7933476567268372, 3.073364140959711e-08, -0.7933478355407715, 0.6087688207626343),
        }},
        {Time = 0.233, Data = {
            ["RightFoot"] = CFrame.new(-1.0291114449501038e-07, 4.172325134277344e-07, 3.894820110872388e-08, 0.9845430254936218, -0.018905404955148697, 0.17495068907737732, 0.060290560126304626, 0.9701771140098572, -0.2349420189857483, -0.16443860530853271, 0.24165891110897064, 0.9561351537704468),
            ["LeftLowerArm"] = CFrame.new(8.344650268554688e-07, 0, -7.078051567077637e-08, 1, -3.725290298461914e-08, -1.4901162970204496e-08, 5.2154071283894154e-08, 0.9110473990440369, -0.4123018980026245, 7.450581485102248e-09, 0.412301629781723, 0.9110473990440369),
            ["RightUpperArm"] = CFrame.new(0, -2.384185791015625e-07, -1.1990778148174286e-08, 0.3311523497104645, 0.5879711508750916, 0.7379892468452454, 0.3153001368045807, 0.6682083606719971, -0.6738573908805847, -0.8893390893936157, 0.4558372497558594, 0.03589131310582161),
            ["Head"] = CFrame.new(6.51925802230835e-09, -2.384185791015625e-07, -7.8580342233181e-09, 0.9392588138580322, 0.34320831298828125, -0.000888994662091136, -0.3432093858718872, 0.9392582178115845, -0.0011800989741459489, 0.00042996148113161325, 0.0014136716490611434, 0.999998927116394),
            ["RightHand"] = CFrame.new(1.825392246246338e-07, 1.1920928955078125e-07, -2.5331974029541016e-07, 0.9843564033508301, 0.009310557506978512, -0.17594265937805176, 0.05763024836778641, 0.9266573190689087, 0.37146395444869995, 0.16649727523326874, -0.3757920563220978, 0.9116241931915283),
            ["UpperTorso"] = CFrame.new(1.387670636177063e-07, 2.9802322387695312e-08, -2.9802322387695312e-08, 0.9716042280197144, -0.04264182969927788, 0.23273812234401703, 0.02019297331571579, 0.9949815273284912, 0.0980001837015152, -0.23574894666671753, -0.09051770716905594, 0.967589259147644),
            ["HumanoidRootPart"] = CFrame.new(0, 0, 0, 1, 0, 0, 0, 1, 0, 0, 0, 1),
            ["RightUpperLeg"] = CFrame.new(2.384185791015625e-07, -2.8405338525772095e-08, -2.4047039914876223e-08, 0.9296330213546753, 0.2197311818599701, -0.2958051860332489, -0.25438782572746277, 0.9634661078453064, -0.08378446847200394, 0.2665881812572479, 0.15313783288002014, 0.9515668153762817),
            ["LeftUpperArm"] = CFrame.new(0, -2.384185791015625e-07, -1.3504177331924438e-08, -0.11146555840969086, 0.9438417553901672, 0.31102800369262695, -0.9852755069732666, -0.1457909494638443, 0.08931484818458557, 0.12964405119419098, -0.29649263620376587, 0.9461948275566101),
            ["RightLowerArm"] = CFrame.new(2.384185791015625e-07, 6.556510925292969e-07, -3.725290298461914e-08, 1, -7.450581307466564e-08, 2.9802315282267955e-08, 1.4901159417490817e-08, 0.7478558421134949, -0.6638611555099487, 7.4505797087454084e-09, 0.663861095905304, 0.7478557825088501),
            ["LeftHand"] = CFrame.new(5.029141902923584e-08, 1.7881393432617188e-07, 1.4156103134155273e-07, 0.9173508882522583, -0.3433937132358551, -0.2013668566942215, 0.29191747307777405, 0.9242116808891296, -0.24620471894741058, 0.2706504762172699, 0.167073592543602, 0.9480689167976379),
            ["LeftFoot"] = CFrame.new(9.313225746154785e-10, 1.1920928955078125e-07, 1.6763806343078613e-08, 0.9323276877403259, -0.35901013016700745, -0.0433233343064785, 0.2844183146953583, 0.8020023703575134, -0.5252598524093628, 0.22331930696964264, 0.4773927927017212, 0.8498383164405823),
            ["LowerTorso"] = CFrame.new(0.23181600868701935, -0.17236566543579102, 0.015987984836101532, 0.941413938999176, -0.2746002674102783, -0.19579264521598816, 0.26817843317985535, 0.9615532755851746, -0.059121984988451004, 0.2044999897480011, 0.003150839125737548, 0.9788615107536316),
            ["RightLowerLeg"] = CFrame.new(4.470348358154297e-08, -0.00006073713302612305, -0.00007209012255771086, 1, -2.7939684343891713e-08, -2.374872920540838e-08, 1.0337680578231812e-07, 0.8984910249710083, 0.4389917254447937, 4.866160452365875e-08, -0.43899205327033997, 0.8984911441802979),
            ["LeftUpperLeg"] = CFrame.new(5.960464477539063e-08, -2.5142799131572247e-07, -2.60770320892334e-08, 0.7504504919052124, 0.6598026156425476, 0.0385315828025341, -0.6035645008087158, 0.7079092264175415, -0.366844117641449, -0.26932159066200256, 0.2520419657230377, 0.9294841289520264),
            ["LeftLowerLeg"] = CFrame.new(-2.2351741790771484e-08, 0.00006079673767089844, 0.00007207505404949188, 1, 3.7252898543727042e-09, 2.2351745343485163e-08, -5.215405707303944e-08, 0.5628089904785156, 0.8265869617462158, 1.862644971595273e-08, -0.8265870213508606, 0.5628091096878052),
        }},
        {Time = 0.267, Data = {
            ["RightFoot"] = CFrame.new(3.213062882423401e-08, 2.384185791015625e-07, 1.6596459317952394e-08, 0.9830385446548462, -0.02971482090651989, 0.1818004995584488, 0.07545622438192368, 0.9651322960853577, -0.25080597400665283, -0.16715773940086365, 0.26007089018821716, 0.9508126974105835),
            ["LeftLowerArm"] = CFrame.new(4.172325134277344e-07, 5.960464477539063e-08, 1.4901161193847656e-08, 1, -1.862645326866641e-08, 5.587936779960501e-09, 2.0489096641540527e-08, 0.9537187814712524, -0.3007003366947174, -6.51925802230835e-09, 0.30070024728775024, 0.9537186622619629),
            ["RightUpperArm"] = CFrame.new(0, 2.384185791015625e-07, 2.3283064365386963e-08, 0.3155965507030487, 0.6458514332771301, 0.6951797604560852, 0.39686834812164307, 0.5756245851516724, -0.7149490118026733, -0.86191326379776, 0.501530110836029, -0.07465291768312454),
            ["Head"] = CFrame.new(8.242204785346985e-08, 3.5762786865234375e-07, 5.587935447692871e-09, 0.9270539283752441, 0.3746481239795685, -0.014481132850050926, -0.374844491481781, 0.9269710779190063, -0.01471083052456379, 0.00791220273822546, 0.01906599849462509, 0.999786913394928),
            ["RightHand"] = CFrame.new(-1.0803341865539551e-07, 1.1920928955078125e-07, 1.1175870895385742e-07, 0.9994902014732361, -0.025842655450105667, -0.018751084804534912, 0.02884160727262497, 0.9826875925064087, 0.18301188945770264, 0.013697206974029541, -0.18345926702022552, 0.9829318523406982),
            ["UpperTorso"] = CFrame.new(-1.0710209608078003e-08, -8.940696716308594e-08, 1.4901161193847656e-08, 0.9691171646118164, -0.036806870251894, 0.2438388466835022, 0.012869076803326607, 0.9949997067451477, 0.09904653578996658, -0.24626509845256805, -0.09284969419240952, 0.9647448062896729),
            ["HumanoidRootPart"] = CFrame.new(0, 0, 0, 1, 0, 0, 0, 1, 0, 0, 0, 1),
            ["RightUpperLeg"] = CFrame.new(-2.9802322387695312e-08, 3.4691765904426575e-08, 1.3205863069742918e-08, 0.9175063967704773, 0.24945567548274994, -0.3097642660140991, -0.28567102551460266, 0.955238938331604, -0.07688157260417938, 0.2767202854156494, 0.15902985632419586, 0.947700023651123),
            ["LeftUpperArm"] = CFrame.new(-2.384185791015625e-07, 2.384185791015625e-07, 1.862645149230957e-08, -0.2455318570137024, 0.9560431241989136, 0.16029833257198334, -0.9689454436302185, -0.23704184591770172, -0.07039880752563477, -0.029306896030902863, -0.17260552942752838, 0.9845550060272217),
            ["RightLowerArm"] = CFrame.new(-2.086162567138672e-07, 5.960464477539063e-08, -1.1175870895385742e-08, 1, -5.960464477539063e-08, 2.60770320892334e-08, 1.043081283569336e-07, 0.6914927959442139, -0.7223833799362183, -3.725290298461914e-08, 0.7223833799362183, 0.6914927959442139),
            ["LeftHand"] = CFrame.new(3.0943192541599274e-07, 0, 4.470348358154297e-08, 0.9778079390525818, -0.1020149290561676, -0.18298858404159546, 0.09072895348072052, 0.9934794902801514, -0.06904157251119614, 0.18883860111236572, 0.05090709030628204, 0.9806877374649048),
            ["LeftFoot"] = CFrame.new(3.818422555923462e-08, -5.960464477539063e-08, -2.7939677238464355e-08, 0.9236633777618408, -0.3812611997127533, -0.0385466106235981, 0.30136796832084656, 0.7848530411720276, -0.5414636731147766, 0.23669253289699554, 0.4885135591030121, 0.8398400545120239),
            ["LowerTorso"] = CFrame.new(0.25661027431488037, -0.19053316116333008, 0.015987981110811234, 0.9345207214355469, -0.2991495132446289, -0.19282326102256775, 0.29234886169433594, 0.9542016983032227, -0.0634913295507431, 0.20298568904399872, 0.0029622409492731094, 0.9791772365570068),
