return {
    ["Flourish"] = {
        {Time = 0.000, Data = {
            ["RightFoot"] = CFrame.new(1.1175870895385742e-07, 4.172325134277344e-07, 3.894820110872388e-08, 0.9371325969696045, 0.3429102897644043, -0.06476999819278717, -0.3334556221961975, 0.8251709342002869, -0.4559606611728668, -0.1029072180390358, 0.44889378547668457, 0.8876400589942932),
            ["LeftLowerArm"] = CFrame.new(4.470348358154297e-07, -5.960464477539062e-07, 2.086162567138672e-07, 1, 3.9115558791991134e-08, 1.4901164746561335e-08, 1.564621925354004e-07, 0.6827279329299927, -0.7306727766990662, -4.470348358154297e-08, 0.7306727766990662, 0.6827279329299927),
            ["RightUpperArm"] = CFrame.new(0, -2.384185791015625e-07, -1.4901161193847656e-08, 0.9438731074333191, -0.3250439465045929, -0.05873652547597885, 0.32723090052604675, 0.8959602117538452, 0.3002917170524597, -0.04498244449496269, -0.3026576638221741, 0.9520373344421387),
            ["Head"] = CFrame.new(1.862645149230957e-09, 0, -1.5832483768463135e-08, 0.9492104053497314, 0.005518649704754353, 0.3145938813686371, -0.01172652468085289, 0.9997720718383789, 0.017843129113316536, -0.31442368030548096, -0.020625822246074677, 0.9490587115287781),
            ["RightHand"] = CFrame.new(2.9802322387695312e-08, 2.384185791015625e-07, -1.1920928955078125e-07, 0.9297950267791748, 0.36052197217941284, 0.07419601082801819, -0.3533068597316742, 0.9306936264038086, -0.09478271752595901, -0.10322491079568863, 0.06191471964120865, 0.992729127407074),
            ["UpperTorso"] = CFrame.new(-3.259629011154175e-09, 8.940696716308594e-08, 3.725290298461914e-09, 0.9988769888877869, -0.0014375952305272222, -0.04735850170254707, 0.001970849232748151, 0.9999352097511292, 0.011215056292712688, 0.047339268028736115, -0.01129579171538353, 0.9988150596618652),
            ["HumanoidRootPart"] = CFrame.new(0, 0, 0, 1, 0, 0, 0, 1, 0, 0, 0, 1),
            ["RightUpperLeg"] = CFrame.new(5.960464477539063e-08, 2.0070001482963562e-07, 2.0656443666666746e-08, 0.8643063306808472, -0.3742150366306305, -0.33606231212615967, 0.3260208070278168, 0.9256148338317871, -0.19221796095371246, 0.38299500942230225, 0.05657176673412323, 0.9220165610313416),
            ["LeftUpperArm"] = CFrame.new(0, 0, 0, 0.8338540196418762, 0.4881739020347595, -0.25763118267059326, -0.3894137740135193, 0.8510510921478271, 0.3522340655326843, 0.391208678483963, -0.19338655471801758, 0.8997541069984436),
            ["RightLowerArm"] = CFrame.new(-1.7881393432617188e-07, 1.1920928955078125e-07, 1.7881393432617188e-07, 1, -9.313224857976365e-09, 4.0978189730367376e-08, 3.725290298461914e-08, 0.8432294726371765, -0.5375537872314453, 1.4901161193847656e-08, 0.5375537276268005, 0.8432294726371765),
            ["LeftHand"] = CFrame.new(-1.1920928955078125e-07, -1.7881393432617188e-07, -7.450580596923828e-08, 0.9084499478340149, -0.35155266523361206, -0.22611863911151886, 0.3715270459651947, 0.9269974231719971, 0.05141384154558182, 0.1915368288755417, -0.13071613013744354, 0.9727420806884766),
            ["LeftFoot"] = CFrame.new(-6.426125764846802e-08, -5.960464477539063e-08, 4.0978193283081055e-08, 0.9859340786933899, -0.16444814205169678, 0.029849639162421227, 0.16592617332935333, 0.984508216381073, -0.05667615309357643, -0.020066939294338226, 0.060831889510154724, 0.9979463219642639),
            ["LowerTorso"] = CFrame.new(-0.06277819722890854, -0.21941494941711426, 0.03589245676994324, 0.9569854736328125, 0.009748276323080063, -0.28997209668159485, 0.002052523661404848, 0.999182939529419, 0.04036429151892662, 0.2901286780834198, -0.03922320529818535, 0.9561835527420044),
            ["RightLowerLeg"] = CFrame.new(1.043081283569336e-07, -0.00006014108657836914, -0.00007204541907412931, 1, -1.862645326866641e-08, -1.1920931797249068e-07, 1.2293459406009788e-07, 0.7850086092948914, 0.6194846034049988, -1.1548401346317405e-07, -0.6194849014282227, 0.7850087881088257),
            ["LeftUpperLeg"] = CFrame.new(-5.960464477539063e-08, 1.9185245037078857e-07, 1.4901161193847656e-08, 0.9373871088027954, 0.32253649830818176, 0.13143648207187653, -0.15164050459861755, 0.7176806926727295, -0.6796614527702332, -0.3135450482368469, 0.6171747446060181, 0.7216542363166809),
            ["LeftLowerLeg"] = CFrame.new(-1.257285475730896e-07, 0.00006073713302612305, 0.00007238984107971191, 1, 7.101334631443024e-08, 2.7939684343891713e-08, -6.05359673500061e-08, 0.7099474668502808, 0.7042547464370728, 1.30385160446167e-08, -0.7042546272277832, 0.7099474668502808),
        }},
        {Time = 0.033, Data = {
            ["RightFoot"] = CFrame.new(9.685754776000977e-08, 2.980232238769531e-07, 2.4047039914876223e-08, 0.9370703101158142, 0.34308454394340515, -0.06474804878234863, -0.3335671126842499, 0.8249731659889221, -0.4562368094921112, -0.10311251878738403, 0.44912397861480713, 0.8874997496604919),
            ["LeftLowerArm"] = CFrame.new(2.980232238769531e-07, 4.76837158203125e-07, 0, 1, -1.1548402767402877e-07, -2.9802318834981634e-08, 1.4901161193847656e-08, 0.6826069355010986, -0.7307859659194946, 2.9802322387695312e-08, 0.7307858467102051, 0.6826067566871643),
            ["RightUpperArm"] = CFrame.new(0, -2.384185791015625e-07, -4.470348358154297e-08, 0.9449362754821777, -0.31987765431404114, -0.06909363716840744, 0.3257747292518616, 0.8994014859199524, 0.2914579510688782, -0.03108792193233967, -0.2979181706905365, 0.954085111618042),
            ["Head"] = CFrame.new(-7.450580596923828e-09, -3.5762786865234375e-07, -9.313225746154785e-09, 0.9502789378166199, 0.00836500246077776, 0.3112877607345581, -0.01350951474159956, 0.9998054504394531, 0.014373285695910454, -0.31110697984695435, -0.017863819375634193, 0.9502071142196655),
            ["RightHand"] = CFrame.new(4.023313522338867e-07, 1.7881393432617188e-07, 4.470348358154297e-08, 0.9309060573577881, 0.3576990067958832, 0.07392755895853043, -0.350318968296051, 0.9316453337669373, -0.09650754183530807, -0.10339492559432983, 0.0639413595199585, 0.9925830364227295),
            ["UpperTorso"] = CFrame.new(2.7939677238464355e-09, 1.7881393432617188e-07, -3.725290298461914e-09, 0.9989460706710815, -0.004220027942210436, -0.045704714953899384, 0.004864952061325312, 0.9998900294303894, 0.014008556492626667, 0.04564061015844345, -0.014216135255992413, 0.998856782913208),
            ["HumanoidRootPart"] = CFrame.new(0, 0, 0, 1, 0, 0, 0, 1, 0, 0, 0, 1),
            ["RightUpperLeg"] = CFrame.new(5.960464477539063e-08, 2.644956111907959e-07, 2.0656443666666746e-08, 0.864407479763031, -0.37483128905296326, -0.33511367440223694, 0.3264390826225281, 0.9253148436546326, -0.19295106828212738, 0.38240984082221985, 0.05739399045705795, 0.9222086071968079),
            ["LeftUpperArm"] = CFrame.new(5.960464477539063e-08, -2.384185791015625e-07, 1.4901161193847656e-08, 0.831524670124054, 0.4909040629863739, -0.259962260723114, -0.3927356004714966, 0.850507378578186, 0.3498510718345642, 0.3928431272506714, -0.188813254237175, 0.9000133275985718),
            ["RightLowerArm"] = CFrame.new(-1.7881393432617188e-07, 1.1920928955078125e-07, -5.960464477539063e-08, 1, 3.911553747570906e-08, 2.60770320892334e-08, 7.450581307466564e-08, 0.8414167165756226, -0.5403868556022644, 1.1175872316471214e-07, 0.540386974811554, 0.8414166569709778),
            ["LeftHand"] = CFrame.new(2.384185791015625e-07, 0, 4.470348358154297e-08, 0.9079163074493408, -0.3534526824951172, -0.22529833018779755, 0.3701089024543762, 0.9283247590065002, 0.035105906426906586, 0.19674186408519745, -0.11525794118642807, 0.9736571907997131),
            ["LeftFoot"] = CFrame.new(4.284083843231201e-08, 0, -7.450580596923828e-08, 0.9859427809715271, -0.1643865555524826, 0.029897436499595642, 0.1658812165260315, 0.9844772219657898, -0.05734266713261604, -0.020007139071822166, 0.061496078968048096, 0.9979068636894226),
            ["LowerTorso"] = CFrame.new(-0.06302224099636078, -0.21961236000061035, 0.03566780686378479, 0.9567867517471313, 0.010018911212682724, -0.2906179130077362, 0.0017975697992369533, 0.9991834759712219, 0.04036431387066841, 0.2907849848270416, -0.039142441004514694, 0.9559874534606934),
            ["RightLowerLeg"] = CFrame.new(-7.450580596923828e-08, -0.0000603795051574707, -0.00007206032023532316, 1, -4.0978193283081055e-08, -2.980232594040899e-08, 1.1175869474300271e-07, 0.7843788862228394, 0.6202816963195801, -1.1175869119028903e-08, -0.620281994342804, 0.784379243850708),
            ["LeftUpperLeg"] = CFrame.new(-5.960464477539063e-08, 2.5890767574310303e-07, 2.9802322387695312e-08, 0.9372426867485046, 0.3226897120475769, 0.13208937644958496, -0.15131568908691406, 0.7177172899246216, -0.6796951293945312, -0.31413334608078003, 0.6170521378517151, 0.7215032577514648),
            ["LeftLowerLeg"] = CFrame.new(-4.842877388000488e-08, 0.000060498714447021484, 0.00007215887308120728, 1, 1.816079020500183e-08, 6.705523958316917e-08, -6.798653373607522e-08, 0.7094101905822754, 0.7047958970069885, 7.264314660915261e-08, -0.7047958374023438, 0.7094102501869202),
        }},
        {Time = 0.067, Data = {
            ["RightFoot"] = CFrame.new(-1.4901161193847656e-08, 2.980232238769531e-07, -3.55576048605144e-08, 0.9364867210388184, 0.3446730673313141, -0.06475507467985153, -0.33472442626953125, 0.8233505487442017, -0.45831578969955444, -0.10465289652347565, 0.45088180899620056, 0.8864274621009827),
            ["LeftLowerArm"] = CFrame.new(0, 1.1920928955078125e-07, 1.1920928955078125e-07, 1, -7.264317503086204e-08, 3.72529100900465e-08, 1.2293459406009788e-07, 0.6898976564407349, -0.7239070534706116, 4.4703490686970326e-08, 0.7239070534706116, 0.6898976564407349),
            ["RightUpperArm"] = CFrame.new(1.1920928955078125e-07, -2.384185791015625e-07, 1.4901161193847656e-08, 0.9453059434890747, -0.31183871626853943, -0.09567306935787201, 0.3261849284172058, 0.9039650559425354, 0.2764967381954193, 0.0002626999921631068, -0.29258111119270325, 0.9562407732009888),
            ["Head"] = CFrame.new(0, -1.1920928955078125e-07, -8.381903171539307e-09, 0.9513841867446899, 0.011469033546745777, 0.30779314041137695, -0.015465484000742435, 0.9998247623443604, 0.010547295212745667, -0.30761823058128357, -0.014794555492699146, 0.9513949155807495),
            ["RightHand"] = CFrame.new(-3.2782554626464844e-07, 0, 2.9802322387695312e-08, 0.9333346486091614, 0.35146012902259827, 0.0732274278998375, -0.3436902165412903, 0.933673083782196, -0.10065584629774094, -0.1037469357252121, 0.06877834349870682, 0.9922228455543518),
            ["UpperTorso"] = CFrame.new(2.7939677238464355e-09, 2.682209014892578e-07, 2.2351741790771484e-08, 0.9989121556282043, -0.0075099896639585495, -0.04602351784706116, 0.008299284614622593, 0.9998213648796082, 0.016982650384306908, 0.04588772729039192, -0.017346130684018135, 0.9987960457801819),
            ["HumanoidRootPart"] = CFrame.new(0, 0, 0, 1, 0, 0, 0, 1, 0, 0, 0, 1),
            ["RightUpperLeg"] = CFrame.new(5.960464477539063e-08, 2.6775524020195007e-07, 5.75528247281909e-09, 0.8639296293258667, -0.37740784883499146, -0.3334499001502991, 0.32861271500587463, 0.9241930842399597, -0.19463059306144714, 0.3816271722316742, 0.05857117846608162, 0.9224587082862854),
            ["LeftUpperArm"] = CFrame.new(-1.1920928955078125e-07, 0, 2.9802322387695312e-08, 0.8247396349906921, 0.49462369084358215, -0.2741391062736511, -0.39565056562423706, 0.8510472178459167, 0.34522318840026855, 0.4040607213973999, -0.1762559562921524, 0.8975904583930969),
            ["RightLowerArm"] = CFrame.new(-2.384185791015625e-07, -5.960464477539062e-07, 1.1920928955078125e-07, 1, 1.862644971595273e-08, 3.72529100900465e-08, 1.0430815677864302e-07, 0.8361054062843323, -0.5485687851905823, 6.705523958316917e-08, 0.5485687851905823, 0.8361055254936218),
            ["LeftHand"] = CFrame.new(5.960464477539063e-08, 1.7881393432617188e-07, 0, 0.9069761633872986, -0.3546931743621826, -0.22712837159633636, 0.36847490072250366, 0.9294228553771973, 0.01998097263276577, 0.20401127636432648, -0.10181338340044022, 0.9736599326133728),
            ["LeftFoot"] = CFrame.new(2.7939677238464355e-08, -1.1920928955078125e-07, -8.009374141693115e-08, 0.9860082268714905, -0.16396930813789368, 0.030031776055693626, 0.16556167602539062, 0.9842590689659119, -0.06183556094765663, -0.01941988244652748, 0.06594179570674896, 0.9976344108581543),
            ["LowerTorso"] = CFrame.new(-0.06415866315364838, -0.22149062156677246, 0.03349275141954422, 0.9565879702568054, 0.010655833408236504, -0.2912488877773285, 0.001159281237050891, 0.9991843700408936, 0.0403643436729908, 0.2914414405822754, -0.038949668407440186, 0.955795407295227),
            ["RightLowerLeg"] = CFrame.new(-5.960464477539063e-08, -0.000060498714447021484, -0.00007214972720248625, 1, -1.4901161193847656e-08, -1.0430809993522416e-07, 1.3411046495548362e-07, 0.7817997336387634, 0.623529314994812, -1.005828522693264e-07, -0.6235296130180359, 0.7818000316619873),
            ["LeftUpperLeg"] = CFrame.new(5.960464477539063e-08, 3.841705620288849e-07, 3.725290298461914e-08, 0.9372426271438599, 0.3225880563259125, 0.13233807682991028, -0.15027868747711182, 0.7162031531333923, -0.6815199255943298, -0.31463125348091125, 0.6188619136810303, 0.7197341322898865),
            ["LeftLowerLeg"] = CFrame.new(1.5273690223693848e-07, 0.00006097555160522461, 0.00007206946611404419, 1, 9.662473132721061e-08, -1.5832483768463135e-08, -7.078051567077637e-08, 0.7043749094009399, 0.7098283767700195, -3.5390257835388184e-08, -0.7098281979560852, 0.7043747305870056),
        }},
        {Time = 0.100, Data = {
            ["RightFoot"] = CFrame.new(-7.450580596923828e-09, 4.172325134277344e-07, -8.026108844205737e-08, 0.9351805448532104, 0.34817442297935486, -0.06489983201026917, -0.33747050166130066, 0.8203873038291931, -0.461603581905365, -0.10747570544481277, 0.4535849690437317, 0.8847090601921082),
            ["LeftLowerArm"] = CFrame.new(1.7881393432617188e-07, -5.960464477539063e-08, 1.1920928955078125e-07, 1, -1.378357126213814e-07, 7.450581485102248e-09, 1.862645149230957e-09, 0.7076179385185242, -0.7065951824188232, 1.4901161193847656e-08, 0.7065951824188232, 0.7076180577278137),
            ["RightUpperArm"] = CFrame.new(-5.960464477539063e-08, -3.5762786865234375e-07, -4.470348358154297e-08, 0.9444339871406555, -0.3023908734321594, -0.12885814905166626, 0.32642051577568054, 0.9089106917381287, 0.25948241353034973, 0.038655418902635574, -0.28712594509124756, 0.9571126103401184),
            ["Head"] = CFrame.new(1.862645149230957e-09, -4.76837158203125e-07, -3.725290298461914e-09, 0.9514980912208557, 0.015056216157972813, 0.3072863221168518, -0.018591510131955147, 0.9997904300689697, 0.00858000572770834, -0.30709266662597656, -0.013876627199351788, 0.9515784978866577),
            ["RightHand"] = CFrame.new(-1.4901161193847656e-08, -2.384185791015625e-07, -2.9802322387695312e-08, 0.9357104301452637, 0.3452867269515991, 0.07227012515068054, -0.3370476961135864, 0.935525119304657, -0.10579124838113785, -0.10413885861635208, 0.07463175803422928, 0.9917587041854858),
            ["UpperTorso"] = CFrame.new(2.3283064365386963e-10, 2.9802322387695312e-08, 4.6566128730773926e-09, 0.9986911416053772, -0.012108233757317066, -0.04969497397542, 0.013011744245886803, 0.9997551441192627, 0.01789793372154236, 0.04946615919470787, -0.018521126359701157, 0.9986040592193604),
            ["HumanoidRootPart"] = CFrame.new(0, 0, 0, 1, 0, 0, 0, 1, 0, 0, 0, 1),
            ["RightUpperLeg"] = CFrame.new(0, -1.8998980522155762e-07, -1.6952981241047382e-09, 0.8632271885871887, -0.3820444345474243, -0.32997098565101624, 0.3333827257156372, 0.9222657084465027, -0.19565805792808533, 0.37907111644744873, 0.05889059603214264, 0.9234918355941772),
            ["LeftUpperArm"] = CFrame.new(5.960464477539063e-08, -4.76837158203125e-07, 1.4901161193847656e-08, 0.8086492419242859, 0.4998752474784851, -0.3101796805858612, -0.39716485142707825, 0.8528444766998291, 0.3389926850795746, 0.4339889883995056, -0.15093360841274261, 0.8881849646568298),
            ["RightLowerArm"] = CFrame.new(-1.1920928955078125e-07, 3.5762786865234375e-07, 1.1920928955078125e-07, 1, -1.4901161193847656e-08, 5.21540641784668e-08, 1.341104507446289e-07, 0.827528178691864, -0.5614242553710938, 8.940696716308594e-08, 0.5614242553710938, 0.827528178691864),
            ["LeftHand"] = CFrame.new(1.1920928955078125e-07, -1.1920928955078125e-07, 2.2351741790771484e-08, 0.9054290056228638, -0.35559362173080444, -0.23184430599212646, 0.36863231658935547, 0.9294689893722534, 0.01405029185116291, 0.2104959338903427, -0.09818702936172485, 0.972651481628418),
            ["LeftFoot"] = CFrame.new(5.8673322200775146e-08, 5.960464477539063e-08, -1.30385160446167e-08, 0.9860953688621521, -0.16339421272277832, 0.03030364401638508, 0.16520491242408752, 0.9835999011993408, -0.07237830013036728, -0.01798052340745926, 0.0763782486319542, 0.9969168305397034),
            ["LowerTorso"] = CFrame.new(-0.06612031906843185, -0.22472667694091797, 0.02721484750509262, 0.9559065103530884, 0.01203223131597042, -0.29342469573020935, -0.00018671072029974312, 0.9991850256919861, 0.040364425629377365, 0.29367122054100037, -0.03852981701493263, 0.9551296830177307),
            ["RightLowerLeg"] = CFrame.new(4.470348358154297e-08, -0.00006031990051269531, -0.00007206032023532316, 1, -3.725290653733282e-08, -1.3411049337719305e-07, 1.0430815677864302e-07, 0.7787551283836365, 0.6273277997970581, -8.56816981809061e-08, -0.6273280382156372, 0.7787553668022156),
            ["LeftUpperLeg"] = CFrame.new(0, -4.6100467443466187e-08, 0, 0.936913251876831, 0.3228952884674072, 0.13391131162643433, -0.14836393296718597, 0.714184045791626, -0.6840534806251526, -0.31651490926742554, 0.6210312843322754, 0.7170345783233643),
            ["LeftLowerLeg"] = CFrame.new(2.421438694000244e-08, 0.000060677528381347656, 0.00007214024662971497, 1, 4.30736655232522e-08, 5.308537964765492e-08, -3.4458938813486384e-08, 0.6941342353820801, 0.7198456525802612, 4.4703490686970326e-08, -0.7198455929756165, 0.6941342353820801),
        }},
        {Time = 0.133, Data = {
            ["RightFoot"] = CFrame.new(-4.470348358154297e-08, 2.980232238769531e-07, 1.6596459317952394e-08, 0.9329645037651062, 0.35400164127349854, -0.06526901572942734, -0.342265784740448, 0.8162174820899963, -0.4654492139816284, -0.11149607598781586, 0.45658713579177856, 0.8826647996902466),
            ["LeftLowerArm"] = CFrame.new(1.7881393432617188e-07, -7.748603820800781e-07, -1.1920928955078125e-07, 1, -9.685756197086448e-08, 6.705522537231445e-08, 1.6763807764164085e-07, 0.7383479475975037, -0.6744200587272644, 8.940698137394065e-08, 0.6744199395179749, 0.7383479475975037),
            ["RightUpperArm"] = CFrame.new(0, 2.384185791015625e-07, -5.960464477539063e-08, 0.9428489804267883, -0.2931365966796875, -0.15845125913619995, 0.32512304186820984, 0.9134669899940491, 0.24468965828418732, 0.07301250845193863, -0.2822214663028717, 0.9565669894218445),
            ["Head"] = CFrame.new(-1.862645149230957e-09, 0, -2.9802322387695312e-08, 0.9494015574455261, 0.01927798241376877, 0.313472718000412, -0.023705171421170235, 0.9996657967567444, 0.010316625237464905, -0.31316903233528137, -0.01722538471221924, 0.9495411515235901),
            ["RightHand"] = CFrame.new(-3.2782554626464844e-07, -1.1920928955078125e-07, 0, 0.93672776222229, 0.3427444100379944, 0.07118648290634155, -0.3340880870819092, 0.9360342025756836, -0.1105680987238884, -0.10452945530414581, 0.0797896683216095, 0.9913159012794495),
            ["UpperTorso"] = CFrame.new(-1.1932570487260818e-09, 2.9802322387695312e-08, 7.363269105553627e-09, 0.9981575012207031, -0.018844328820705414, -0.05767720192670822, 0.019706683233380318, 0.9997018575668335, 0.014419132843613625, 0.0573883056640625, -0.015529196709394455, 0.9982311725616455),
            ["HumanoidRootPart"] = CFrame.new(0, 0, 0, 1, 0, 0, 0, 1, 0, 0, 0, 1),
            ["RightUpperLeg"] = CFrame.new(-8.940696716308594e-08, 2.584420144557953e-07, 1.3205863069742918e-08, 0.8629207611083984, -0.38890859484672546, -0.32267293334007263, 0.3415338099002838, 0.9194537997245789, -0.19483165442943573, 0.37245461344718933, 0.05792045593261719, 0.9262412786483765),
            ["LeftUpperArm"] = CFrame.new(0, 1.1920928955078125e-07, 0, 0.7757834792137146, 0.5069334506988525, -0.37573787569999695, -0.398087739944458, 0.8552058935165405, 0.33188682794570923, 0.48957759141921997, -0.10789559036493301, 0.865258514881134),
            ["RightLowerArm"] = CFrame.new(0, -5.960464477539063e-08, -5.960464477539063e-08, 1, -9.313227167240257e-08, 5.960465898624534e-08, 8.940698847936801e-08, 0.8158285617828369, -0.5782936811447144, -7.450582373280668e-09, 0.5782939195632935, 0.8158286809921265),
            ["LeftHand"] = CFrame.new(3.5762786865234375e-07, 1.1920928955078125e-07, -3.725290298461914e-08, 0.9029801487922668, -0.3564343750476837, -0.23996222019195557, 0.37274858355522156, 0.9276001453399658, 0.024822020903229713, 0.21374163031578064, -0.11185933649539948, 0.970464825630188),
            ["LeftFoot"] = CFrame.new(1.7695128917694092e-08, 5.960464477539063e-08, 2.0489096641540527e-08, 0.9861592650413513, -0.16293217241764069, 0.030708925798535347, 0.16509631276130676, 0.9820346832275391, -0.09138383716344833, -0.015267877839505672, 0.09518919140100479, 0.9953421354293823),
            ["LowerTorso"] = CFrame.new(-0.06884198635816574, -0.22899699211120605, 0.014685191214084625, 0.9539811015129089, 0.014547040686011314, -0.2995137572288513, -0.0025634432677179575, 0.9991817474365234, 0.040364205837249756, 0.2998558282852173, -0.03773889318108559, 0.9532378315925598),
            ["RightLowerLeg"] = CFrame.new(7.450580596923828e-08, -0.000060617923736572266, -0.0000721050237189047, 1, -5.587936158235607e-08, -1.1920930376163597e-07, 1.8998980522155762e-07, 0.7765371203422546, 0.6300713419914246, -6.705522537231445e-08, -0.6300716400146484, 0.7765373587608337),
            ["LeftUpperLeg"] = CFrame.new(2.9802322387695312e-08, 2.644956111907959e-07, 1.4901161193847656e-08, 0.9354633092880249, 0.3248266875743866, 0.13927024602890015, -0.14545074105262756, 0.7129776477813721, -0.6859351992607117, -0.32210659980773926, 0.6214100122451782, 0.7142106294631958),
            ["LeftLowerLeg"] = CFrame.new(-1.0523945093154907e-07, 0.000060558319091796875, 0.00007215514779090881, 1, 3.818422555923462e-08, 6.798654794692993e-08, -6.05359673500061e-08, 0.6779736280441284, 0.73508620262146, 3.725290298461914e-08, -0.7350862622261047, 0.6779736280441284),
        }},
        {Time = 0.167, Data = {
            ["RightFoot"] = CFrame.new(6.705522537231445e-08, 2.980232238769531e-07, 1.1345400707796216e-07, 0.929936408996582, 0.36178964376449585, -0.06577664613723755, -0.3486628234386444, 0.8106818795204163, -0.47034958004951477, -0.11684395372867584, 0.4603295624256134, 0.8800255060195923),
            ["LeftLowerArm"] = CFrame.new(-5.960464477539063e-08, 7.152557373046875e-07, -2.384185791015625e-07, 1, -5.2154071283894154e-08, -2.980232594040899e-08, 2.9802322387695312e-08, 0.7947996854782104, -0.606872022151947, -2.9802322387695312e-08, 0.6068719029426575, 0.7947996854782104),
            ["RightUpperArm"] = CFrame.new(-5.960464477539063e-08, 0, -7.450580596923828e-09, 0.9412766098976135, -0.28418347239494324, -0.1823137253522873, 0.32202520966529846, 0.9179194569587708, 0.23178371787071228, 0.10148017108440399, -0.27688220143318176, 0.9555302262306213),
            ["Head"] = CFrame.new(3.725290298461914e-09, 1.1920928955078125e-07, -5.587935447692871e-09, 0.9437613487243652, 0.02441168762743473, 0.329725056886673, -0.031248638406395912, 0.9993923306465149, 0.015449880622327328, -0.3291473984718323, -0.024884307757019997, 0.9439506530761719),
            ["RightHand"] = CFrame.new(1.4901161193847656e-07, 5.960464477539063e-08, 5.960464477539063e-08, 0.9329282641410828, 0.35298028588294983, 0.07106191664934158, -0.3439209461212158, 0.9320080876350403, -0.11436617374420166, -0.1065991222858429, 0.08225581049919128, 0.9908939003944397),
            ["UpperTorso"] = CFrame.new(-1.1641532182693481e-08, 0, 1.862645149230957e-09, 0.9970574975013733, -0.02834106609225273, -0.07122588902711868, 0.02905881032347679, 0.9995366930961609, 0.009060894139111042, 0.07093613594770432, -0.01110396720468998, 0.9974190592765808),
            ["HumanoidRootPart"] = CFrame.new(0, 0, 0, 1, 0, 0, 0, 1, 0, 0, 0, 1),
            ["RightUpperLeg"] = CFrame.new(0, -1.9604340195655823e-07, -9.145878721028566e-09, 0.8635842800140381, -0.3981127440929413, -0.3094000518321991, 0.3535739481449127, 0.915637731552124, -0.19129329919815063, 0.35945481061935425, 0.055801887065172195, 0.9314926266670227),
            ["LeftUpperArm"] = CFrame.new(0, 0, -7.450580596923828e-09, 0.713140070438385, 0.503677248954773, -0.48758700489997864, -0.3968595266342163, 0.86341792345047, 0.31146717071533203, 0.5778701305389404, -0.028616011142730713, 0.8156269192695618),
            ["RightLowerArm"] = CFrame.new(-2.9802322387695312e-08, 4.76837158203125e-07, 1.7881393432617188e-07, 1, -5.2154071283894154e-08, -7.450581485102248e-09, 7.450580596923828e-08, 0.8024848699569702, -0.5966726541519165, 4.470348358154297e-08, 0.5966726541519165, 0.8024848699569702),
            ["LeftHand"] = CFrame.new(1.1920928955078125e-07, 0, 1.1920928955078125e-07, 0.8989526629447937, -0.35689210891723633, -0.2539927065372467, 0.38269397616386414, 0.9219926595687866, 0.05894660949707031, 0.2131420075893402, -0.1501917839050293, 0.965408205986023),
            ["LeftFoot"] = CFrame.new(3.725290298461914e-09, 0, -1.4901161193847656e-08, 0.9861056208610535, -0.1631539911031723, 0.03125179186463356, 0.16574586927890778, 0.9789380431175232, -0.11920046806335449, -0.01114559080451727, 0.12272417545318604, 0.9923782348632812),
            ["LowerTorso"] = CFrame.new(-0.0718088150024414, -0.23456549644470215, -0.003969082608819008, 0.9501388669013977, 0.01753856986761093, -0.3113335371017456, -0.005959303583949804, 0.9992560744285583, 0.038104865700006485, 0.3117702305316925, -0.034349579364061356, 0.9495364427566528),
            ["RightLowerLeg"] = CFrame.new(-8.940696716308594e-08, -0.0000603795051574707, -0.00007204541907412931, 1, 4.0978189730367376e-08, -7.450580596923828e-08, 1.7508864402770996e-07, 0.7739603519439697, 0.6332335472106934, -1.1175870895385742e-08, -0.6332340836524963, 0.7739607691764832),
            ["LeftUpperLeg"] = CFrame.new(0, -4.3492764234542847e-07, -2.9802322387695312e-08, 0.9321147799491882, 0.3298042118549347, 0.14963757991790771, -0.1428225338459015, 0.7144362330436707, -0.6849691867828369, -0.3328121602535248, 0.6170981526374817, 0.7130399346351624),
            ["LeftLowerLeg"] = CFrame.new(-1.4528632164001465e-07, 0.000060617923736572266, 0.00007205456495285034, 1, 5.2619732571201894e-08, 6.146729703004894e-08, -8.381903171539307e-08, 0.6557295322418213, 0.7549959421157837, 7.35744833946228e-08, -0.7549959421157837, 0.6557295918464661),
        }},
        {Time = 0.200, Data = {
            ["RightFoot"] = CFrame.new(-1.4901161193847656e-08, 3.5762786865234375e-07, -6.535992724820971e-08, 0.9262001514434814, 0.37113648653030396, -0.06641698628664017, -0.3564392030239105, 0.804497241973877, -0.4751158058643341, -0.12290069460868835, 0.4637262523174286, 0.8774131536483765),
            ["LeftLowerArm"] = CFrame.new(2.682209014892578e-07, -1.1920928955078125e-07, 1.1920928955078125e-07, 1, -3.539026138810186e-08, 1.4901162970204496e-08, 8.940695295223122e-08, 0.8635128736495972, -0.5043268799781799, 5.215405707303944e-08, 0.5043268203735352, 0.8635129332542419),
            ["RightUpperArm"] = CFrame.new(0, -3.5762786865234375e-07, 5.21540641784668e-08, 0.9394115805625916, -0.27546414732933044, -0.2040233165025711, 0.31807655096054077, 0.922374427318573, 0.21920938789844513, 0.1278015375137329, -0.2708229422569275, 0.954107940196991),
            ["Head"] = CFrame.new(-4.6566128730773926e-09, -3.5762786865234375e-07, 7.450580596923828e-09, 0.9344329237937927, 0.02943495102226734, 0.35492080450057983, -0.040199294686317444, 0.9989272356033325, 0.02299097552895546, -0.35386329889297485, -0.035750940442085266, 0.9346137046813965),
            ["RightHand"] = CFrame.new(-2.9802322387695312e-08, -2.980232238769531e-07, -5.960464477539063e-08, 0.922540009021759, 0.3790396749973297, 0.07245034724473953, -0.369541734457016, 0.9218059182167053, -0.11710092425346375, -0.11117082089185715, 0.08125702291727066, 0.9904738068580627),
            ["UpperTorso"] = CFrame.new(1.862645149230957e-09, 1.1920928955078125e-07, 7.450580596923828e-09, 0.9952512383460999, -0.039758067578077316, -0.08885088562965393, 0.04035153612494469, 0.9991735816001892, 0.0048923431895673275, 0.08858290314674377, -0.008454354479908943, 0.9960330128669739),
            ["HumanoidRootPart"] = CFrame.new(0, 0, 0, 1, 0, 0, 0, 1, 0, 0, 0, 1),
            ["RightUpperLeg"] = CFrame.new(-2.9802322387695312e-08, 4.547182470560074e-07, -5.420588422566652e-09, 0.865308940410614, -0.40921837091445923, -0.2894490659236908, 0.3695964217185974, 0.9109876751899719, -0.18303009867668152, 0.33858373761177063, 0.0513981431722641, 0.9395314455032349),
            ["LeftUpperArm"] = CFrame.new(0, -3.5762786865234375e-07, -7.450580596923828e-09, 0.60728919506073, 0.4777955710887909, -0.6347532272338867, -0.4037424921989441, 0.8736960291862488, 0.27138012647628784, 0.6842455863952637, 0.09147079288959503, 0.723492443561554),
            ["RightLowerArm"] = CFrame.new(-2.086162567138672e-07, -1.1920928955078125e-07, -1.7881393432617188e-07, 1, -6.705522537231445e-08, 2.9802322387695312e-08, 1.4901162970204496e-08, 0.7884105443954468, -0.6151493787765503, -1.0430814256778831e-07, 0.6151494383811951, 0.7884106040000916),
            ["LeftHand"] = CFrame.new(-2.682209014892578e-07, -1.7881393432617188e-07, 1.1920928955078125e-07, 0.8934585452079773, -0.3568514287471771, -0.27274343371391296, 0.3970577120780945, 0.9113872647285461, 0.10825160890817642, 0.20994523167610168, -0.20501314103603363, 0.9559773802757263),
            ["LeftFoot"] = CFrame.new(6.146728992462158e-08, 1.1920928955078125e-07, 1.1175870895385742e-08, 0.9859462380409241, -0.16399028897285461, 0.03189332038164139, 0.1669618785381317, 0.9738659858703613, -0.1539766788482666, -0.00580914132297039, 0.1571378856897354, 0.9875596165657043),
            ["LowerTorso"] = CFrame.new(-0.07522185146808624, -0.24077200889587402, -0.027837196364998817, 0.9439123272895813, 0.020054295659065247, -0.32958659529685974, -0.010233839973807335, 0.999451220035553, 0.03150435909628868, 0.33003756403923035, -0.026364408433437347, 0.9435995817184448),
            ["RightLowerLeg"] = CFrame.new(-5.960464477539063e-08, -0.000060617923736572266, -0.00007209012255771086, 1, -5.2154071283894154e-08, 1.4901166522918174e-08, 1.564622067462551e-07, 0.7718114852905273, 0.6358510851860046, -2.980232594040899e-08, -0.6358513832092285, 0.7718119025230408),
            ["LeftUpperLeg"] = CFrame.new(0, 4.568137228488922e-07, 1.1175870895385742e-08, 0.9263905882835388, 0.3379364311695099, 0.16613095998764038, -0.14139047265052795, 0.7210517525672913, -0.6783016920089722, -0.3490118980407715, 0.6048829555511475, 0.7157564759254456),
            ["LeftLowerLeg"] = CFrame.new(8.195638656616211e-08, 0.000060498714447021484, 0.00007199123501777649, 1, 7.031484727804127e-08, 2.7939673685750677e-08, -6.42612434376133e-08, 0.629772424697876, 0.7767796516418457, 3.166496043149891e-08, -0.7767797708511353, 0.6297724843025208),
        }},
        {Time = 0.233, Data = {
            ["RightFoot"] = CFrame.new(-8.940696716308594e-08, 2.980232238769531e-07, 1.6596459317952394e-08, 0.9215552806854248, 0.38242948055267334, -0.06695931404829025, -0.36634957790374756, 0.7994454503059387, -0.47610387206077576, -0.12854574620723724, 0.463286817073822, 0.8768361806869507),
            ["LeftLowerArm"] = CFrame.new(1.1920928955078125e-07, 1.1920928955078125e-07, -1.4901161193847656e-08, 1, -4.284084909045305e-08, -8.381903171539307e-09, 6.891787052154541e-08, 0.9171473383903503, -0.39854851365089417, 2.2351741790771484e-08, 0.3985484838485718, 0.9171472787857056),
            ["RightUpperArm"] = CFrame.new(1.1920928955078125e-07, 1.1920928955078125e-07, -1.862645149230957e-08, 0.9373196959495544, -0.2686910033226013, -0.22189390659332275, 0.31489506363868713, 0.9258019924163818, 0.20912116765975952, 0.1492408663034439, -0.2658868432044983, 0.95238196849823),
            ["Head"] = CFrame.new(1.862645149230957e-09, 0, 7.450580596923828e-09, 0.9219005107879639, 0.03242488577961922, 0.38606739044189453, -0.04945812746882439, 0.9981882572174072, 0.03426641970872879, -0.38425689935684204, -0.05068425461649895, 0.9218339920043945),
            ["RightHand"] = CFrame.new(-2.9802322387695312e-08, 1.1920928955078125e-07, 0, 0.906788170337677, 0.4148786664009094, 0.07490601390600204, -0.4050847589969635, 0.9066551923751831, -0.11782537400722504, -0.11679702997207642, 0.07649944722652435, 0.9902051687240601),
            ["UpperTorso"] = CFrame.new(9.313225746154785e-09, -5.960464477539063e-08, 3.725290298461914e-09, 0.992896318435669, -0.05142001807689667, -0.10729814320802689, 0.05177467316389084, 0.9986587166786194, 0.0005203178734518588, 0.10712748765945435, -0.006071934476494789, 0.9942267537117004),
            ["HumanoidRootPart"] = CFrame.new(0, 0, 0, 1, 0, 0, 0, 1, 0, 0, 0, 1),
            ["RightUpperLeg"] = CFrame.new(5.960464477539063e-08, 8.207280188798904e-08, -2.032174961641431e-08, 0.8676538467407227, -0.42201751470565796, -0.262827068567276, 0.389713853597641, 0.905570924282074, -0.16752496361732483, 0.30870679020881653, 0.04292624443769455, 0.950188159942627),
            ["LeftUpperArm"] = CFrame.new(0, -1.1920928955078125e-07, -4.0978193283081055e-08, 0.45463791489601135, 0.4319675862789154, -0.7789149880409241, -0.43553948402404785, 0.8706520795822144, 0.22862645983695984, 0.7769232988357544, 0.2353062927722931, 0.5839704871177673),
            ["RightLowerArm"] = CFrame.new(2.980232238769531e-07, 8.344650268554688e-07, 1.1920928955078125e-07, 1, -7.450579886381092e-08, -1.4901161193847656e-08, 6.705522537231445e-08, 0.7727310061454773, -0.6347336769104004, 7.450580596923828e-09, 0.6347337365150452, 0.7727310061454773),
            ["LeftHand"] = CFrame.new(7.450580596923828e-08, -2.980232238769531e-07, 3.026798367500305e-09, 0.8875544667243958, -0.35703349113464355, -0.2911606431007385, 0.4121970534324646, 0.8976861834526062, 0.15573358535766602, 0.20576882362365723, -0.2582373321056366, 0.943913459777832),
            ["LeftFoot"] = CFrame.new(-5.587935447692871e-08, 5.960464477539063e-08, -3.725290298461914e-09, 0.9857825636863708, -0.1648225039243698, 0.03265448287129402, 0.16802527010440826, 0.9664101004600525, -0.1944710910320282, 0.0004955677432008088, 0.1971929371356964, 0.9803646802902222),
            ["LowerTorso"] = CFrame.new(-0.0800880566239357, -0.24590134620666504, -0.05788750573992729, 0.9346581697463989, 0.021904274821281433, -0.35487234592437744, -0.015519720502197742, 0.9996626973152161, 0.02082783542573452, 0.3552088141441345, -0.013959377072751522, 0.9346828460693359),
            ["RightLowerLeg"] = CFrame.new(-1.1920928955078125e-07, -0.00006073713302612305, -0.00007206032023532316, 1, 2.2351741790771484e-08, -1.4901159417490817e-08, 1.3411042232291948e-07, 0.7737148404121399, 0.6335337162017822, -4.097818262494002e-08, -0.6335341334342957, 0.7737151384353638),
            ["LeftUpperLeg"] = CFrame.new(-5.960464477539063e-08, -8.777715265750885e-08, 1.862645149230957e-08, 0.9177881479263306, 0.3480302095413208, 0.19115425646305084, -0.14069080352783203, 0.7352087497711182, -0.663079559803009, -0.3713100552558899, 0.581672728061676, 0.723730206489563),
            ["LeftLowerLeg"] = CFrame.new(9.313225746154785e-10, 0.0000603795051574707, 0.00007191300392150879, 1, 1.380685858975994e-07, 2.6077035641947077e-08, -5.8673329306202504e-08, 0.6039111614227295, 0.7970515489578247, 5.401671643312511e-08, -0.7970516085624695, 0.6039113998413086),
        }},
        {Time = 0.267, Data = {
            ["RightFoot"] = CFrame.new(-2.9802322387695312e-08, 4.172325134277344e-07, 7.620110409334302e-08, 0.915965735912323, 0.3959462642669678, -0.06506532430648804, -0.378601998090744, 0.7990982532501221, -0.46701404452323914, -0.13291898369789124, 0.4524030089378357, 0.8818528652191162),
            ["LeftLowerArm"] = CFrame.new(2.682209014892578e-07, 2.384185791015625e-07, -1.1920928955078125e-07, 1, 5.960463766996327e-08, -1.4901159417490817e-08, 3.91155481338501e-08, 0.9441826939582825, -0.32942232489585876, -7.450580596923828e-09, 0.329422265291214, 0.9441826939582825),
            ["RightUpperArm"] = CFrame.new(0, 1.1920928955078125e-07, -7.450580596923828e-09, 0.9355126023292542, -0.2667918801307678, -0.23159946501255035, 0.3146951496601105, 0.9272202253341675, 0.20305077731609344, 0.1605713665485382, -0.2628397047519684, 0.9513843059539795),
            ["Head"] = CFrame.new(-3.725290298461914e-09, 0, 9.313225746154785e-10, 0.9057493805885315, 0.030780021101236343, 0.42269447445869446, -0.05738043040037155, 0.9970821142196655, 0.050348177552223206, -0.4199112355709076, -0.06985702365636826, 0.9048725962638855),
            ["RightHand"] = CFrame.new(2.9802322387695312e-08, -1.1920928955078125e-07, 0, 0.8873446583747864, 0.45450615882873535, 0.07774172723293304, -0.44488945603370667, 0.8882008790969849, -0.11477184295654297, -0.12121442705392838, 0.06725595146417618, 0.990345299243927),
            ["UpperTorso"] = CFrame.new(-1.4901161193847656e-08, 1.1920928955078125e-07, -3.725290298461914e-09, 0.9907252788543701, -0.06117585673928261, -0.12133060395717621, 0.06102379783987999, 0.9981239438056946, -0.004972271621227264, 0.12140714377164841, -0.0024779154919087887, 0.9925997257232666),
            ["HumanoidRootPart"] = CFrame.new(0, 0, 0, 1, 0, 0, 0, 1, 0, 0, 0, 1),
            ["RightUpperLeg"] = CFrame.new(0, 2.08965502679348e-07, -7.639755494892597e-10, 0.8710575699806213, -0.4379686713218689, -0.2223561406135559, 0.41386866569519043, 0.8982352018356323, -0.14794036746025085, 0.26452139019966125, 0.03683822229504585, 0.9636760354042053),
            ["LeftUpperArm"] = CFrame.new(0, 1.1920928955078125e-07, 1.955777406692505e-08, 0.2673552334308624, 0.37272539734840393, -0.8885928392410278, -0.49244770407676697, 0.8454940915107727, 0.20648221671581268, 0.828261137008667, 0.38238149881362915, 0.40959495306015015),
            ["RightLowerArm"] = CFrame.new(-3.5762786865234375e-07, -3.5762786865234375e-07, -5.960464477539063e-08, 1, -4.470348358154297e-08, -5.960464477539063e-08, 3.725290298461914e-08, 0.7538196444511414, -0.6570814251899719, -1.1920928955078125e-07, 0.6570814847946167, 0.7538196444511414),
            ["LeftHand"] = CFrame.new(-1.043081283569336e-07, 2.384185791015625e-07, 0, 0.8825471997261047, -0.35821297764778137, -0.30462193489074707, 0.423675000667572, 0.8867902159690857, 0.1846681386232376, 0.20398502051830292, -0.29203882813453674, 0.9343999624252319),
            ["LeftFoot"] = CFrame.new(-6.146728992462158e-08, 0, -1.862645149230957e-08, 0.9856005311012268, -0.1657124012708664, 0.03363236412405968, 0.1689128875732422, 0.9557645916938782, -0.24079529941082, 0.007758074440062046, 0.2430092841386795, 0.9699931144714355),
            ["LowerTorso"] = CFrame.new(-0.08741500228643417, -0.24823808670043945, -0.09509678930044174, 0.9196786284446716, 0.02267802134156227, -0.392016738653183, -0.021948808804154396, 0.9997390508651733, 0.006342143751680851, 0.39205825328826904, 0.0027715761680155993, 0.9199362993240356),
            ["RightLowerLeg"] = CFrame.new(7.450580596923828e-09, -0.00006031990051269531, -0.00007214972720248625, 1, -1.862645504502325e-08, 1.4901162970204496e-08, 8.940698137394065e-08, 0.778069794178009, 0.6281774640083313, -1.6763807764164085e-07, -0.6281780004501343, 0.7780702114105225),
