return {
["fly in"] = {

          {Time = 0.000, Data = {

              ["Head"] = CFrame.new(-0.000000, -0.000000, 0.000000, 1.000000, 0.000000, -0.000000, -0.000000, 0.179363, -0.983783, -0.000000, 0.983783, 0.179363),

              ["LeftFoot"] = CFrame.new(0.000001, -0.013352, -0.000003, 0.974923, -0.170236, -0.143343, 0.172982, 0.984902, 0.006825, 0.140010, -0.031437, 0.989649),

              ["LeftHand"] = CFrame.new(0.000523, -0.036243, -0.000000, 0.996082, 0.075958, -0.045300, -0.086675, 0.940246, -0.329283, 0.017581, 0.331917, 0.943144),

              ["LeftLowerArm"] = CFrame.new(-0.000499, -0.036409, 0.000197, 1.000000, -0.000000, -0.000000, 0.000000, 1.000000, -0.000001, 0.000000, -0.000000, 1.000000),

              ["LeftLowerLeg"] = CFrame.new(-0.000000, -0.012904, -0.000072, 1.000000, 0.000000, -0.000000, 0.000000, 1.000000, -0.000008, 0.000000, -0.000011, 1.000000),

              ["LeftUpperArm"] = CFrame.new(-0.282336, 0.051436, -0.483888, 0.181349, 0.021054, -0.983194, 0.077215, -0.996989, -0.007108, -0.980383, -0.074629, -0.182429),

              ["LeftUpperLeg"] = CFrame.new(0.000000, 0.000001, -0.000100, 0.974922, 0.172982, 0.140014, -0.170236, 0.984901, -0.031441, -0.143339, 0.006825, 0.989650),

              ["LowerTorso"] = CFrame.new(0.017684, 1.565645, 62.093342, 1.000000, -0.000000, -0.000000, 0.000000, -0.013772, 0.999905, -0.000000, -0.999905, -0.013772),

              ["RightFoot"] = CFrame.new(0.000000, -0.004570, -0.000104, 0.990855, 0.103214, 0.086909, -0.104806, 0.994395, 0.013942, -0.084979, -0.022911, 0.996119),

              ["RightHand"] = CFrame.new(-0.000501, -0.003022, -0.000000, 0.983333, 0.157387, -0.091025, -0.158354, 0.987376, -0.003453, 0.089331, 0.017809, 0.995843),

              ["RightLowerArm"] = CFrame.new(0.000000, -0.003025, 0.000016, 1.000000, 0.000000, 0.000000, -0.000000, 1.000000, -0.000001, -0.000000, -0.000000, 1.000000),

              ["RightLowerLeg"] = CFrame.new(-0.000000, -0.004550, -0.000057, 1.000000, -0.000000, -0.000000, -0.000000, 1.000000, -0.000008, 0.000000, -0.000011, 1.000000),

              ["RightUpperArm"] = CFrame.new(-0.157004, -0.058930, 0.058019, 0.983333, -0.158354, 0.089331, 0.157387, 0.987376, 0.017810, -0.091024, -0.003453, 0.995843),

              ["RightUpperLeg"] = CFrame.new(-0.000000, 0.000001, -0.000000, 0.990855, -0.104805, -0.084981, 0.103214, 0.994395, -0.022914, 0.086906, 0.013941, 0.996119),

              ["UpperTorso"] = CFrame.new(-0.000000, 0.000001, -0.000000, 1.000000, -0.000000, 0.000000, 0.000000, 1.000000, 0.000000, -0.000000, 0.000000, 1.000000)

          }},

          {Time = 0.033, Data = {

              ["Head"] = CFrame.new(-0.000000, 0.000001, -0.000000, 1.000000, 0.000000, 0.000000, 0.000000, 0.179364, -0.983783, 0.000000, 0.983783, 0.179364),

              ["LeftFoot"] = CFrame.new(-0.000000, -0.009265, -0.000003, 0.982211, -0.143646, -0.120945, 0.144229, 0.989537, -0.003972, 0.120244, -0.013531, 0.992651),

              ["LeftHand"] = CFrame.new(0.000525, -0.036797, -0.000000, 0.996140, 0.075386, -0.044976, -0.084973, 0.956669, -0.278505, 0.022032, 0.281249, 0.959381),

              ["LeftLowerArm"] = CFrame.new(-0.000499, -0.036962, 0.000202, 1.000000, -0.000000, -0.000000, 0.000000, 1.000000, -0.000001, 0.000000, -0.000000, 1.000000),

              ["LeftLowerLeg"] = CFrame.new(-0.000001, -0.008830, -0.000017, 1.000000, 0.000000, 0.000000, 0.000000, 1.000000, -0.000007, -0.000000, -0.000011, 1.000000),

              ["LeftUpperArm"] = CFrame.new(-0.286371, 0.049698, -0.484751, 0.173276, -0.034627, -0.984264, 0.073728, -0.996121, 0.048023, -0.982110, -0.080890, -0.170051),

              ["LeftUpperLeg"] = CFrame.new(0.000000, 0.000002, -0.000100, 0.982063, 0.144207, 0.121480, -0.143630, 0.989539, -0.013533, -0.122161, -0.004151, 0.992502),

              ["LowerTorso"] = CFrame.new(-0.017861, 1.573932, 62.058189, 0.993578, -0.001558, 0.113137, -0.113147, -0.013684, 0.993484, -0.000000, -0.999905, -0.013772),

              ["RightFoot"] = CFrame.new(0.000000, -0.001454, -0.000103, 0.996443, 0.064470, 0.054267, -0.064628, 0.997909, 0.001161, -0.054076, -0.004654, 0.998526),

              ["RightHand"] = CFrame.new(-0.000499, 0.000986, -0.000000, 0.995230, 0.084632, -0.048518, -0.084859, 0.996390, -0.002633, 0.048119, 0.006738, 0.998819),

              ["RightLowerArm"] = CFrame.new(0.000000, 0.004677, 0.000062, 1.000000, 0.000000, 0.000000, -0.000000, 0.999311, -0.037117, -0.000000, 0.037116, 0.999311),

              ["RightLowerLeg"] = CFrame.new(0.000000, -0.001454, -0.000017, 1.000000, 0.000000, 0.000000, 0.000000, 1.000000, -0.000007, -0.000000, -0.000011, 1.000000),

              ["RightUpperArm"] = CFrame.new(-0.162931, -0.022542, 0.036765, 0.995230, -0.086586, 0.044937, 0.084632, 0.995453, 0.043716, -0.048517, -0.039703, 0.998033),

              ["RightUpperLeg"] = CFrame.new(-0.000000, 0.000002, 0.000000, 0.996509, -0.064644, -0.052837, 0.064487, 0.997908, -0.004658, 0.053027, 0.001242, 0.998592),

              ["UpperTorso"] = CFrame.new(-0.000000, 0.000002, -0.000000, 1.000000, 0.000000, 0.000000, -0.000000, 1.000000, 0.000000, -0.000000, 0.000000, 1.000000)

          }},

          {Time = 0.067, Data = {

              ["Head"] = CFrame.new(-0.000000, 0.000000, -0.000000, 1.000000, -0.000000, 0.000000, 0.000000, 0.179370, -0.983782, 0.000000, 0.983782, 0.179370),

              ["LeftFoot"] = CFrame.new(0.000000, -0.005569, -0.000003, 0.990339, -0.106092, -0.089293, 0.103155, 0.993980, -0.036906, 0.092666, 0.027347, 0.995321),

              ["LeftHand"] = CFrame.new(0.000529, -0.044220, 0.000001, 0.998134, 0.052304, -0.031501, -0.057497, 0.978782, -0.196675, 0.020545, 0.198118, 0.979963),

              ["LeftLowerArm"] = CFrame.new(-0.000498, -0.044363, 0.000240, 1.000000, -0.000000, -0.000000, 0.000000, 1.000000, -0.000001, 0.000000, -0.000000, 1.000000),

              ["LeftLowerLeg"] = CFrame.new(0.000000, -0.005151, 0.000034, 1.000000, -0.000000, 0.000000, 0.000000, 1.000000, -0.000008, -0.000000, -0.000011, 1.000000),

              ["LeftUpperArm"] = CFrame.new(-0.294982, 0.059107, -0.485398, 0.156055, -0.122549, -0.980117, 0.092549, -0.986094, 0.138032, -0.983403, -0.112249, -0.142543),

              ["LeftUpperLeg"] = CFrame.new(0.000000, 0.000001, -0.000100, 0.990789, 0.103421, 0.087411, -0.106165, 0.993973, 0.027337, -0.084057, -0.036358, 0.995797),

              ["LowerTorso"] = CFrame.new(-0.102620, 1.602589, 61.954205, 0.913881, -0.005591, 0.405943, -0.405981, -0.012586, 0.913795, -0.000000, -0.999905, -0.013772),

              ["RightFoot"] = CFrame.new(-0.000000, 0.000212, -0.000103, 0.999687, -0.019118, -0.016162, 0.019093, 0.999816, -0.001681, 0.016190, 0.001383, 0.999868),

              ["RightHand"] = CFrame.new(-0.000499, 0.001341, -0.000000, 0.997660, -0.058629, 0.035189, 0.058537, 0.998279, 0.003612, -0.035339, -0.001543, 0.999374),

              ["RightLowerArm"] = CFrame.new(-0.000000, 0.006473, 0.000123, 1.000000, 0.000000, 0.000000, -0.000000, 0.998669, -0.051587, -0.000000, 0.051586, 0.998669),

              ["RightLowerLeg"] = CFrame.new(0.000000, 0.000767, 0.000004, 1.000000, 0.000000, 0.000000, 0.000000, 0.999985, 0.005505, 0.000000, -0.005523, 0.999985),

              ["RightUpperArm"] = CFrame.new(-0.164079, 0.049142, -0.005089, 0.997660, 0.060283, -0.032273, -0.058628, 0.997029, 0.049957, 0.035189, -0.047947, 0.998230),

              ["RightUpperLeg"] = CFrame.new(-0.000000, 0.000005, 0.000000, 0.999757, 0.019234, 0.010802, -0.019191, 0.999807, -0.004133, -0.010880, 0.003932, 0.999933),

              ["UpperTorso"] = CFrame.new(-0.000000, 0.000001, 0.000000, 1.000000, 0.000000, 0.000000, 0.000000, 1.000000, 0.000000, -0.000000, -0.000000, 1.000000)

          }},

          {Time = 0.100, Data = {

              ["Head"] = CFrame.new(0.000000, -0.000004, -0.000000, 1.000000, -0.000000, 0.000000, 0.000000, 0.179387, -0.983779, 0.000000, 0.983779, 0.179387),

              ["LeftFoot"] = CFrame.new(-0.000001, -0.008471, -0.000004, 0.986900, -0.123456, -0.103866, 0.116896, 0.990877, -0.067068, 0.111193, 0.054055, 0.992327),

              ["LeftHand"] = CFrame.new(0.000532, -0.047659, -0.000000, 0.999897, 0.011956, -0.007924, -0.013310, 0.979350, -0.201736, 0.005349, 0.201820, 0.979408),

              ["LeftLowerArm"] = CFrame.new(-0.000498, -0.047801, 0.000260, 1.000000, -0.000000, -0.000000, 0.000000, 1.000000, -0.000001, 0.000000, -0.000000, 1.000000),

              ["LeftLowerLeg"] = CFrame.new(-0.000000, -0.008038, -0.000006, 1.000000, -0.000000, 0.000000, 0.000000, 1.000000, -0.000008, 0.000000, -0.000011, 1.000000),

              ["LeftUpperArm"] = CFrame.new(-0.299047, 0.080555, -0.483536, 0.147926, -0.119381, -0.981767, 0.135441, -0.980890, 0.139681, -0.979680, -0.153635, -0.128930),

              ["LeftUpperLeg"] = CFrame.new(-0.000001, 0.000001, -0.000099, 0.989151, 0.118884, 0.086298, -0.123799, 0.990837, 0.054017, -0.079086, -0.064107, 0.994804),

              ["LowerTorso"] = CFrame.new(-0.203784, 1.657312, 61.783558, 0.659349, -0.010355, 0.751766, -0.751837, -0.009081, 0.659286, -0.000000, -0.999905, -0.013773),

              ["RightFoot"] = CFrame.new(-0.000000, -0.000264, -0.000103, 0.997003, -0.059118, -0.049909, 0.061388, 0.997089, 0.045236, 0.047087, -0.048150, 0.997729),

              ["RightHand"] = CFrame.new(-0.000500, 0.000131, -0.000001, 0.990177, -0.120313, 0.071234, 0.117982, 0.992360, 0.036094, -0.075032, -0.027335, 0.996806),

              ["RightLowerArm"] = CFrame.new(-0.000001, 0.000606, 0.000001, 1.000000, 0.000000, 0.000000, -0.000000, 0.999989, -0.004796, -0.000000, 0.004795, 0.999988),

              ["RightLowerLeg"] = CFrame.new(-0.000000, -0.000266, -0.000000, 1.000000, 0.000000, 0.000000, -0.000000, 1.000000, -0.000008, 0.000000, -0.000011, 1.000000),

              ["RightUpperArm"] = CFrame.new(-0.160231, 0.080020, -0.023114, 0.990177, 0.118340, -0.074465, -0.120313, 0.992479, -0.022576, 0.071234, 0.031314, 0.996968),

              ["RightUpperLeg"] = CFrame.new(-0.000001, 0.000001, 0.000000, 0.997920, 0.060578, 0.022040, -0.059462, 0.997068, -0.048166, -0.024893, 0.046763, 0.998596),

              ["UpperTorso"] = CFrame.new(-0.000000, 0.000001, 0.000000, 1.000000, 0.000000, 0.000000, -0.000000, 1.000000, -0.000000, -0.000000, 0.000000, 1.000000)

          }},

          {Time = 0.133, Data = {

              ["Head"] = CFrame.new(0.000000, 0.000001, 0.000000, 1.000000, -0.000000, 0.000000, 0.000000, 0.179420, -0.983773, 0.000000, 0.983773, 0.179421),

              ["LeftFoot"] = CFrame.new(-0.000000, -0.014072, -0.000003, 0.972780, -0.177340, -0.149173, 0.172521, 0.983988, -0.044763, 0.154714, 0.017819, 0.987797),

              ["LeftHand"] = CFrame.new(0.000525, -0.039679, 0.000000, 0.999631, 0.023046, -0.014390, -0.026270, 0.955024, -0.295366, 0.006936, 0.295633, 0.955276),

              ["LeftLowerArm"] = CFrame.new(-0.000498, -0.039833, 0.000219, 1.000000, -0.000000, -0.000000, 0.000000, 1.000000, -0.000001, 0.000000, -0.000000, 1.000000),

              ["LeftLowerLeg"] = CFrame.new(0.000000, -0.013624, -0.000078, 1.000000, 0.000000, 0.000000, 0.000000, 1.000000, -0.000008, 0.000000, -0.000011, 1.000000),

              ["LeftUpperArm"] = CFrame.new(-0.291017, 0.076883, -0.482751, 0.163986, -0.023681, -0.986178, 0.128101, -0.990736, 0.045092, -0.978110, -0.133725, -0.159433),

              ["LeftUpperLeg"] = CFrame.new(0.000000, 0.000006, -0.000100, 0.976860, 0.174246, 0.124030, -0.177757, 0.983914, 0.017752, -0.118943, -0.039381, 0.992120),

              ["LowerTorso"] = CFrame.new(-0.288543, 1.743800, 61.548447, 0.252059, -0.013328, 0.967620, -0.967712, -0.003471, 0.252035, -0.000000, -0.999905, -0.013772),

              ["RightFoot"] = CFrame.new(-0.000000, 0.000382, -0.000103, 0.999998, -0.001302, -0.001357, 0.001399, 0.997251, 0.074097, 0.001257, -0.074083, 0.997250),

              ["RightHand"] = CFrame.new(-0.000499, 0.001397, -0.000000, 0.999931, -0.009715, 0.006598, 0.009090, 0.996005, 0.088836, -0.007435, -0.088768, 0.996025),

              ["RightLowerArm"] = CFrame.new(0.000000, 0.006779, 0.000136, 1.000000, 0.000000, 0.000000, -0.000000, 0.998537, -0.054083, -0.000000, 0.054082, 0.998536),

              ["RightLowerLeg"] = CFrame.new(0.000000, 0.001392, 0.000002, 1.000000, 0.000000, -0.000000, 0.000000, 0.999949, 0.010048, -0.000000, -0.010066, 0.999950),

              ["RightUpperArm"] = CFrame.new(-0.164959, 0.024806, 0.009201, 0.999931, 0.009479, -0.006932, -0.009715, 0.999348, -0.034772, 0.006598, 0.034838, 0.999371),

              ["RightUpperLeg"] = CFrame.new(-0.000000, 0.000006, -0.000000, 0.999559, -0.000771, -0.029684, -0.001729, 0.996455, -0.084105, 0.029643, 0.084127, 0.996015),

              ["UpperTorso"] = CFrame.new(-0.000000, 0.000002, 0.000000, 1.000000, -0.000000, 0.000000, -0.000000, 1.000000, -0.000000, -0.000000, 0.000000, 1.000000)

          }},

          {Time = 0.167, Data = {

              ["Head"] = CFrame.new(0.000000, -0.000003, 0.000000, 1.000000, -0.000000, 0.000001, 0.000001, 0.179475, -0.983763, 0.000000, 0.983763, 0.179475),

              ["LeftFoot"] = CFrame.new(0.000000, -0.012257, -0.000004, 0.974893, -0.170451, -0.143287, 0.173197, 0.984864, 0.006817, 0.139949, -0.031450, 0.989658),

              ["LeftHand"] = CFrame.new(0.000523, -0.034977, 0.000000, 0.996091, 0.075868, -0.045247, -0.086574, 0.940247, -0.329307, 0.017559, 0.331934, 0.943138),

              ["LeftLowerArm"] = CFrame.new(-0.000499, -0.035138, 0.000189, 1.000000, -0.000000, -0.000000, 0.000000, 1.000000, -0.000001, 0.000000, -0.000000, 1.000000),

              ["LeftLowerLeg"] = CFrame.new(0.000001, -0.011806, -0.000055, 1.000000, -0.000000, -0.000000, -0.000000, 1.000000, -0.000008, -0.000000, -0.000011, 1.000000),

              ["LeftUpperArm"] = CFrame.new(-0.282347, 0.051483, -0.483886, 0.181327, 0.021093, -0.983197, 0.077317, -0.996981, -0.007130, -0.980379, -0.074725, -0.182410),

              ["LeftUpperLeg"] = CFrame.new(-0.000000, 0.000006, -0.000100, 0.974893, 0.173196, 0.139953, -0.170451, 0.984864, -0.031461, -0.143284, 0.006824, 0.989658),

              ["LowerTorso"] = CFrame.new(-0.324087, 1.867748, 61.251041, -0.150403, -0.013616, 0.988531, -0.988625, 0.002071, -0.150389, -0.000000, -0.999905, -0.013773),

              ["RightFoot"] = CFrame.new(0.000000, -0.000315, -0.000103, 0.990807, 0.103724, 0.086852, -0.105319, 0.994341, 0.013976, -0.084906, -0.022982, 0.996123),

              ["RightHand"] = CFrame.new(-0.000503, -0.004336, 0.000000, 0.983466, 0.156763, -0.090661, -0.157719, 0.987478, -0.003426, 0.088987, 0.017668, 0.995876),

              ["RightLowerArm"] = CFrame.new(-0.000000, -0.004338, 0.000024, 1.000000, 0.000000, 0.000000, -0.000000, 1.000000, -0.000001, -0.000000, -0.000000, 1.000000),

              ["RightLowerLeg"] = CFrame.new(-0.000001, -0.000310, -0.000000, 1.000000, 0.000000, 0.000000, -0.000000, 1.000000, -0.000007, 0.000000, -0.000011, 1.000000),

              ["RightUpperArm"] = CFrame.new(-0.156536, -0.058346, 0.057827, 0.983466, -0.157719, 0.088988, 0.156764, 0.987478, 0.017669, -0.090660, -0.003426, 0.995876),

              ["RightUpperLeg"] = CFrame.new(0.000000, 0.000006, 0.000000, 0.990807, -0.105319, -0.084908, 0.103725, 0.994340, -0.022984, 0.086849, 0.013973, 0.996124),

              ["UpperTorso"] = CFrame.new(0.000000, 0.000001, 0.000000, 1.000000, 0.000000, 0.000000, 0.000000, 1.000000, -0.000000, -0.000000, -0.000000, 1.000000)

          }},

          {Time = 0.200, Data = {

              ["Head"] = CFrame.new(0.000000, 0.000004, -0.000000, 1.000000, -0.000000, 0.000001, 0.000001, 0.179557, -0.983747, 0.000000, 0.983748, 0.179557),

              ["LeftFoot"] = CFrame.new(0.000000, -0.006172, -0.000003, 0.985190, -0.131333, -0.110243, 0.131830, 0.991269, -0.002801, 0.109643, -0.011762, 0.993901),

              ["LeftHand"] = CFrame.new(0.000524, -0.035166, 0.000000, 0.996931, 0.067191, -0.040183, -0.076217, 0.950287, -0.301907, 0.017900, 0.304041, 0.952490),

              ["LeftLowerArm"] = CFrame.new(-0.000499, -0.035321, 0.000191, 1.000000, -0.000000, -0.000000, 0.000000, 1.000000, -0.000001, 0.000000, -0.000000, 1.000000),

              ["LeftLowerLeg"] = CFrame.new(-0.000001, -0.005746, 0.000024, 1.000000, 0.000000, 0.000000, 0.000000, 1.000000, -0.000008, 0.000000, -0.000011, 1.000000),

              ["LeftUpperArm"] = CFrame.new(-0.289967, 0.058360, -0.484645, 0.166085, 0.012584, -0.986031, 0.091043, -0.995844, 0.002625, -0.981900, -0.090208, -0.166541),

              ["LeftUpperLeg"] = CFrame.new(-0.000000, -0.000007, -0.000100, 0.979804, 0.131027, 0.151051, -0.130766, 0.991344, -0.011699, -0.151277, -0.008282, 0.988457),

              ["LowerTorso"] = CFrame.new(-0.307698, 2.029099, 60.893536, -0.453191, -0.012277, 0.891329, -0.891413, 0.006241, -0.453148, -0.000000, -0.999905, -0.013773),

              ["RightFoot"] = CFrame.new(0.000000, -0.007128, -0.000103, 0.982117, 0.144385, 0.120837, -0.132758, 0.986157, -0.099346, -0.133501, 0.081532, 0.987689),

              ["RightHand"] = CFrame.new(-0.000513, -0.021719, 0.000001, 0.967556, 0.218556, -0.126763, -0.232039, 0.967178, -0.103563, 0.099967, 0.129616, 0.986512),

              ["RightLowerArm"] = CFrame.new(-0.000001, -0.021705, 0.000119, 1.000000, -0.000000, 0.000000, -0.000000, 1.000000, -0.000001, -0.000000, -0.000000, 1.000000),

              ["RightLowerLeg"] = CFrame.new(0.000000, -0.007093, -0.000090, 1.000000, 0.000000, 0.000000, 0.000000, 1.000000, -0.000008, -0.000000, -0.000011, 1.000000),

              ["RightUpperArm"] = CFrame.new(-0.148351, -0.089116, 0.075874, 0.967556, -0.232038, 0.099967, 0.218556, 0.967178, 0.129617, -0.126762, -0.103562, 0.986512),

              ["RightUpperLeg"] = CFrame.new(-0.000000, -0.000007, 0.000000, 0.986221, -0.137356, -0.092200, 0.144952, 0.986080, 0.081469, 0.079727, -0.093703, 0.992402),

              ["UpperTorso"] = CFrame.new(-0.000000, -0.000003, -0.000000, 1.000000, 0.000000, 0.000000, -0.000000, 1.000000, -0.000000, -0.000000, -0.000000, 1.000000)

          }},

          {Time = 0.233, Data = {

              ["Head"] = CFrame.new(0.000000, -0.000002, 0.000000, 1.000000, -0.000000, 0.000002, 0.000002, 0.179672, -0.983727, 0.000000, 0.983727, 0.179672),

              ["LeftFoot"] = CFrame.new(0.000001, -0.007117, -0.000003, 0.984079, -0.136183, -0.114208, 0.131548, 0.990184, -0.047227, 0.119512, 0.031459, 0.992334),

              ["LeftHand"] = CFrame.new(0.000526, -0.038885, -0.000000, 0.999662, 0.022049, -0.013802, -0.025327, 0.946017, -0.323129, 0.005932, 0.323367, 0.946254),

              ["LeftLowerArm"] = CFrame.new(-0.000499, -0.039042, 0.000212, 1.000000, -0.000000, -0.000000, 0.000000, 1.000000, -0.000001, 0.000000, -0.000000, 1.000000),

              ["LeftLowerLeg"] = CFrame.new(0.000000, -0.006692, 0.000011, 1.000000, 0.000000, -0.000000, 0.000000, 1.000000, -0.000008, 0.000000, -0.000011, 1.000000),

              ["LeftUpperArm"] = CFrame.new(-0.301251, 0.083315, -0.483474, 0.143516, 0.045023, -0.988623, 0.140976, -0.989707, -0.024607, -0.979556, -0.135841, -0.148386),

              ["LeftUpperLeg"] = CFrame.new(0.000000, -0.000008, -0.000100, 0.974660, 0.127299, 0.183937, -0.135301, 0.990301, 0.031584, -0.178133, -0.055664, 0.982430),

              ["LowerTorso"] = CFrame.new(-0.255659, 2.204778, 60.478107, -0.674807, -0.010164, 0.737924, -0.737994, 0.009294, -0.674743, -0.000000, -0.999905, -0.013773),

              ["RightFoot"] = CFrame.new(-0.000001, -0.007367, -0.000104, 0.990844, 0.103740, 0.086411, -0.089756, 0.984231, -0.152428, -0.100856, 0.143277, 0.984530),

              ["RightHand"] = CFrame.new(-0.000517, -0.026435, 0.000000, 0.975002, 0.192254, -0.111396, -0.209280, 0.963017, -0.169707, 0.074649, 0.188776, 0.979178),

              ["RightLowerArm"] = CFrame.new(-0.000001, -0.026408, 0.000145, 1.000000, 0.000000, 0.000000, -0.000000, 1.000000, -0.000001, -0.000000, -0.000000, 1.000000),

              ["RightLowerLeg"] = CFrame.new(-0.000001, -0.007343, -0.000094, 1.000000, -0.000000, -0.000000, -0.000000, 1.000000, -0.000008, 0.000000, -0.000011, 1.000000),

              ["RightUpperArm"] = CFrame.new(-0.151806, -0.075840, 0.068185, 0.975002, -0.209279, 0.074649, 0.192254, 0.963017, 0.188778, -0.111395, -0.169706, 0.979179),

              ["RightUpperLeg"] = CFrame.new(-0.000000, -0.000008, -0.000001, 0.994276, -0.100388, -0.036577, 0.104633, 0.984146, 0.143219, 0.021620, -0.146219, 0.989015),

              ["UpperTorso"] = CFrame.new(-0.000000, -0.000005, -0.000000, 1.000000, 0.000000, 0.000000, -0.000000, 1.000000, 0.000000, -0.000000, -0.000000, 1.000000)

          }},

          {Time = 0.267, Data = {

              ["Head"] = CFrame.new(-0.000000, -0.000000, -0.000000, 1.000000, -0.000000, 0.000003, 0.000003, 0.179824, -0.983699, -0.000000, 0.983699, 0.179824),

              ["LeftFoot"] = CFrame.new(0.000001, -0.012179, -0.000003, 0.975287, -0.169305, -0.141966, 0.159865, 0.984244, -0.075546, 0.152511, 0.050991, 0.986985),

              ["LeftHand"] = CFrame.new(0.000528, -0.042462, -0.000001, 1.000000, -0.000946, -0.000357, 0.000751, 0.931054, -0.364884, 0.000677, 0.364881, 0.931053),

              ["LeftLowerArm"] = CFrame.new(-0.000500, -0.042601, 0.000233, 1.000000, -0.000000, -0.000000, 0.000000, 1.000000, -0.000001, 0.000000, -0.000000, 1.000000),

              ["LeftLowerLeg"] = CFrame.new(-0.000000, -0.011742, -0.000053, 1.000000, 0.000000, -0.000000, 0.000000, 1.000000, -0.000008, 0.000000, -0.000011, 1.000000),

              ["LeftUpperArm"] = CFrame.new(-0.303632, 0.095637, -0.481888, 0.138757, 0.088049, -0.986404, 0.165609, -0.984077, -0.064545, -0.976381, -0.154402, -0.151130),

              ["LeftUpperLeg"] = CFrame.new(-0.000001, 0.000008, -0.000100, 0.964670, 0.153991, 0.213774, -0.168468, 0.984380, 0.051136, -0.202560, -0.085336, 0.975544),

              ["LowerTorso"] = CFrame.new(-0.163661, 2.365955, 60.006947, -0.838142, -0.007512, 0.545400, -0.545452, 0.011544, -0.838063, -0.000000, -0.999905, -0.013773),

              ["RightFoot"] = CFrame.new(-0.000001, 0.000156, -0.000103, 0.998135, 0.047238, 0.038664, -0.041608, 0.989928, -0.135320, -0.044665, 0.133460, 0.990047),

              ["RightHand"] = CFrame.new(-0.000512, -0.017359, -0.000000, 0.988242, 0.132420, -0.076435, -0.143640, 0.975377, -0.167353, 0.052391, 0.176364, 0.982930),

              ["RightLowerArm"] = CFrame.new(0.000000, -0.017334, 0.000098, 1.000000, 0.000000, 0.000000, -0.000000, 1.000000, -0.000001, -0.000000, -0.000000, 1.000000),

              ["RightLowerLeg"] = CFrame.new(-0.000000, 0.000556, 0.000006, 1.000000, 0.000000, 0.000000, -0.000000, 0.999992, 0.003931, 0.000000, -0.003949, 0.999992),

              ["RightUpperArm"] = CFrame.new(-0.158120, -0.045777, 0.050698, 0.988242, -0.143640, 0.052391, 0.132420, 0.975377, 0.176365, -0.076434, -0.167353, 0.982930),

              ["RightUpperLeg"] = CFrame.new(-0.000001, 0.000012, -0.000001, 0.998561, -0.050756, 0.017297, 0.048097, 0.990406, 0.129553, -0.023707, -0.128527, 0.991422),

              ["UpperTorso"] = CFrame.new(-0.000000, 0.000004, 0.000000, 1.000000, -0.000000, 0.000000, -0.000000, 1.000000, 0.000000, -0.000000, -0.000000, 1.000000)

          }},

          {Time = 0.300, Data = {

              ["Head"] = CFrame.new(-0.000000, -0.000002, 0.000000, 1.000000, -0.000001, 0.000004, 0.000004, 0.180020, -0.983663, 0.000000, 0.983663, 0.180020),

              ["LeftFoot"] = CFrame.new(0.000000, -0.014560, -0.000004, 0.967461, -0.193914, -0.162540, 0.186527, 0.980635, -0.059697, 0.170960, 0.027445, 0.984894),

              ["LeftHand"] = CFrame.new(0.000526, -0.039468, -0.000001, 0.999685, 0.021281, -0.013338, -0.024772, 0.923010, -0.383980, 0.004139, 0.384187, 0.923245),

              ["LeftLowerArm"] = CFrame.new(-0.000499, -0.039617, 0.000215, 1.000000, -0.000000, -0.000000, 0.000000, 1.000000, -0.000001, 0.000000, -0.000000, 1.000000),

              ["LeftLowerLeg"] = CFrame.new(-0.000000, -0.014100, -0.000085, 1.000000, 0.000000, 0.000000, -0.000000, 1.000000, -0.000008, 0.000000, -0.000011, 1.000000),

              ["LeftUpperArm"] = CFrame.new(-0.294867, 0.082962, -0.482547, 0.156285, 0.096822, -0.982955, 0.140279, -0.987272, -0.074943, -0.977700, -0.126176, -0.167878),

              ["LeftUpperLeg"] = CFrame.new(0.000000, 0.000007, -0.000100, 0.961030, 0.183750, 0.206538, -0.193431, 0.980728, 0.027524, -0.197501, -0.066395, 0.978051),

              ["LowerTorso"] = CFrame.new(-0.027397, 2.483803, 59.482239, -0.949216, -0.004333, 0.314595, -0.314625, 0.013073, -0.949126, 0.000000, -0.999905, -0.013773),

              ["RightFoot"] = CFrame.new(-0.000000, 0.003502, -0.000104, 0.998764, 0.038693, 0.031206, -0.034921, 0.992925, -0.113491, -0.035374, 0.112260, 0.993049),

              ["RightHand"] = CFrame.new(-0.000504, -0.006163, -0.000001, 0.993659, 0.097488, -0.056021, -0.102612, 0.989948, -0.097337, 0.045968, 0.102467, 0.993674),

              ["RightLowerArm"] = CFrame.new(-0.000001, -0.006160, 0.000034, 1.000000, 0.000000, 0.000000, -0.000000, 1.000000, -0.000001, -0.000000, -0.000000, 1.000000),

              ["RightLowerLeg"] = CFrame.new(-0.000000, 0.013997, -0.000533, 1.000000, 0.000000, 0.000000, -0.000000, 0.994396, 0.105699, 0.000000, -0.105717, 0.994398),

              ["RightUpperArm"] = CFrame.new(-0.160484, -0.028140, 0.040486, 0.993659, -0.102612, 0.045968, 0.097488, 0.989948, 0.102468, -0.056020, -0.097337, 0.993674),

              ["RightUpperLeg"] = CFrame.new(-0.000000, 0.000007, -0.000000, 0.999219, -0.039224, 0.004761, 0.039192, 0.999210, 0.006673, -0.005019, -0.006471, 0.999967),

              ["UpperTorso"] = CFrame.new(-0.000000, 0.000003, -0.000001, 1.000000, 0.000000, 0.000000, 0.000000, 1.000000, -0.000000, -0.000000, 0.000000, 1.000000)

          }},

          {Time = 0.333, Data = {

              ["Head"] = CFrame.new(0.000000, 0.000003, 0.000000, 1.000000, -0.000001, 0.000006, 0.000006, 0.180264, -0.983618, 0.000000, 0.983618, 0.180264),

              ["LeftFoot"] = CFrame.new(0.000000, -0.009227, -0.000004, 0.974815, -0.171046, -0.143110, 0.173791, 0.984760, 0.006807, 0.139757, -0.031494, 0.989683),

              ["LeftHand"] = CFrame.new(0.000521, -0.031570, 0.000000, 0.996116, 0.075623, -0.045104, -0.086296, 0.940250, -0.329371, 0.017501, 0.331982, 0.943123),

              ["LeftLowerArm"] = CFrame.new(-0.000499, -0.031729, 0.000173, 1.000000, -0.000000, -0.000000, 0.000000, 1.000000, -0.000001, 0.000000, -0.000000, 1.000000),

              ["LeftLowerLeg"] = CFrame.new(-0.000000, -0.008803, -0.000015, 1.000000, 0.000000, 0.000000, -0.000000, 1.000000, -0.000008, -0.000000, -0.000011, 1.000000),

              ["LeftUpperArm"] = CFrame.new(-0.282376, 0.051634, -0.483879, 0.181268, 0.021197, -0.983205, 0.077595, -0.996959, -0.007188, -0.980368, -0.074989, -0.182361),

              ["LeftUpperLeg"] = CFrame.new(0.000000, 0.000004, -0.000100, 0.974815, 0.173790, 0.139761, -0.171044, 0.984759, -0.031514, -0.143109, 0.006822, 0.989684),

              ["LowerTorso"] = CFrame.new(0.157440, 2.529492, 58.906162, -0.998798, -0.000675, 0.049019, -0.049024, 0.013756, -0.998703, 0.000000, -0.999905, -0.013773),

              ["RightFoot"] = CFrame.new(0.000000, 0.003826, -0.000102, 0.990672, 0.105164, 0.086666, -0.101948, 0.993955, -0.040750, -0.090422, 0.031539, 0.995404),

              ["RightHand"] = CFrame.new(-0.000506, -0.007664, -0.000000, 0.983824, 0.155079, -0.089676, -0.156004, 0.987751, -0.003360, 0.088055, 0.017296, 0.995965),

              ["RightLowerArm"] = CFrame.new(-0.000001, -0.007650, 0.000042, 1.000000, 0.000000, 0.000000, -0.000000, 1.000000, -0.000001, -0.000000, -0.000000, 1.000000),

              ["RightLowerLeg"] = CFrame.new(-0.000000, 0.015398, -0.000655, 1.000000, 0.000000, 0.000000, -0.000000, 0.993160, 0.116744, 0.000000, -0.116762, 0.993162),

              ["RightUpperArm"] = CFrame.new(-0.155186, -0.056730, 0.057307, 0.983824, -0.156004, 0.088055, 0.155079, 0.987751, 0.017296, -0.089675, -0.003360, 0.995965),

              ["RightUpperLeg"] = CFrame.new(0.000000, 0.000008, 0.000000, 0.990672, -0.111808, -0.077904, 0.105164, 0.990839, -0.084717, 0.086662, 0.075744, 0.993355),

              ["UpperTorso"] = CFrame.new(0.000000, 0.000004, 0.000000, 1.000000, 0.000000, 0.000000, -0.000000, 1.000000, -0.000000, -0.000000, 0.000000, 1.000000)

          }},

          {Time = 0.367, Data = {

              ["Head"] = CFrame.new(-0.000000, 0.000004, 0.000000, 1.000000, -0.000002, 0.000008, 0.000008, 0.180562, -0.983564, 0.000000, 0.983564, 0.180562),

              ["LeftFoot"] = CFrame.new(0.000000, -0.000337, -0.000004, 0.991647, -0.099213, -0.082422, 0.103553, 0.993359, 0.050160, 0.076894, -0.058262, 0.995334),

              ["LeftHand"] = CFrame.new(0.000523, -0.034496, -0.000000, 0.995861, 0.078063, -0.046547, -0.086709, 0.969517, -0.229171, 0.027238, 0.232257, 0.972273),

              ["LeftLowerArm"] = CFrame.new(-0.000499, -0.034659, 0.000188, 1.000000, -0.000000, -0.000000, 0.000000, 1.000000, -0.000001, 0.000000, -0.000000, 1.000000),

              ["LeftLowerLeg"] = CFrame.new(0.000001, 0.000064, 0.000102, 1.000000, 0.000000, -0.000000, -0.000000, 1.000000, -0.000008, -0.000000, -0.000011, 1.000000),

              ["LeftUpperArm"] = CFrame.new(-0.282524, 0.048384, -0.484154, 0.180972, -0.091316, -0.979240, 0.071103, -0.991860, 0.105633, -0.980915, -0.088743, -0.173006),

              ["LeftUpperLeg"] = CFrame.new(0.000000, 0.000002, -0.000100, 0.993402, 0.102581, 0.051285, -0.099562, 0.993321, -0.058307, -0.056924, 0.052824, 0.996981),

              ["LowerTorso"] = CFrame.new(0.388110, 2.528428, 58.280907, -0.972588, 0.003202, -0.232513, 0.232535, 0.013395, -0.972496, 0.000000, -0.999905, -0.013773),

              ["RightFoot"] = CFrame.new(-0.000000, 0.002746, -0.000103, 0.978829, 0.157768, 0.130401, -0.158668, 0.987326, -0.003526, -0.129298, -0.017230, 0.991455),

              ["RightHand"] = CFrame.new(-0.000513, -0.019595, -0.000000, 0.963902, 0.230297, -0.133629, -0.229364, 0.973080, 0.022544, 0.135222, 0.008919, 0.990775),

              ["RightLowerArm"] = CFrame.new(-0.000002, -0.019579, 0.000107, 1.000000, 0.000000, 0.000000, -0.000000, 1.000000, -0.000001, -0.000000, -0.000000, 1.000000),

              ["RightLowerLeg"] = CFrame.new(-0.000003, 0.010667, -0.000297, 1.000000, 0.000000, 0.000000, -0.000000, 0.996810, 0.079797, 0.000000, -0.079815, 0.996811),

              ["RightUpperArm"] = CFrame.new(-0.144810, -0.094137, 0.079274, 0.963902, -0.229364, 0.135223, 0.230296, 0.973080, 0.008920, -0.133628, 0.022544, 0.990775),

              ["RightUpperLeg"] = CFrame.new(-0.000000, 0.000005, 0.000000, 0.975213, -0.170019, -0.141613, 0.157423, 0.982861, -0.095920, 0.155495, 0.071258, 0.985264),

              ["UpperTorso"] = CFrame.new(-0.000000, 0.000001, 0.000000, 1.000000, -0.000000, 0.000000, 0.000000, 1.000000, 0.000000, -0.000000, -0.000000, 1.000000)

          }},

          {Time = 0.400, Data = {

              ["Head"] = CFrame.new(-0.000000, 0.000007, 0.000000, 1.000000, -0.000002, 0.000010, 0.000010, 0.180920, -0.983498, 0.000000, 0.983498, 0.180920),

              ["LeftFoot"] = CFrame.new(0.000000, 0.001763, -0.000003, 0.998709, -0.039506, -0.031936, 0.039083, 0.999141, -0.013796, 0.032451, 0.012539, 0.999395),

              ["LeftHand"] = CFrame.new(0.000528, -0.043326, -0.000000, 0.999921, 0.010432, -0.007034, -0.011596, 0.981056, -0.193378, 0.004884, 0.193443, 0.981099),

              ["LeftLowerArm"] = CFrame.new(-0.000500, -0.043483, 0.000238, 1.000000, -0.000000, -0.000000, 0.000000, 1.000000, -0.000001, 0.000000, -0.000000, 1.000000),

              ["LeftLowerLeg"] = CFrame.new(-0.000001, 0.007675, -0.000035, 1.000000, -0.000000, -0.000000, 0.000000, 0.998472, 0.055249, 0.000000, -0.055267, 0.998473),

              ["LeftUpperArm"] = CFrame.new(-0.293637, 0.084876, -0.482072, 0.158746, -0.124706, -0.979412, 0.144083, -0.978445, 0.147935, -0.976750, -0.164601, -0.137356),

              ["LeftUpperLeg"] = CFrame.new(-0.000001, 0.000005, -0.000101, 0.999195, 0.039813, -0.004982, -0.039990, 0.998286, -0.042717, 0.003273, 0.042890, 0.999075),

              ["LowerTorso"] = CFrame.new(0.633664, 2.520983, 57.608650, -0.864655, 0.006919, -0.502318, 0.502366, 0.011909, -0.864573, 0.000000, -0.999905, -0.013773),

              ["RightFoot"] = CFrame.new(-0.000001, 0.004722, -0.000103, 0.985503, 0.131139, 0.107642, -0.127269, 0.990974, -0.042106, -0.112186, 0.027800, 0.993298),

              ["RightHand"] = CFrame.new(-0.000515, -0.020472, -0.000000, 0.964860, 0.227282, -0.131864, -0.228902, 0.973445, 0.002942, 0.129029, 0.027345, 0.991264),

              ["RightLowerArm"] = CFrame.new(-0.000000, -0.020447, 0.000112, 1.000000, 0.000000, 0.000000, -0.000000, 1.000000, -0.000001, -0.000000, -0.000000, 1.000000),

              ["RightLowerLeg"] = CFrame.new(0.000000, 0.019610, -0.001100, 1.000000, 0.000000, -0.000000, -0.000000, 0.988644, 0.150257, 0.000000, -0.150274, 0.988647),

              ["RightUpperArm"] = CFrame.new(-0.144839, -0.092397, 0.078383, 0.964860, -0.228902, 0.129030, 0.227282, 0.973445, 0.027346, -0.131862, 0.002942, 0.991264),

              ["RightUpperLeg"] = CFrame.new(-0.000000, 0.000001, -0.000001, 0.981162, -0.145907, -0.126617, 0.130662, 0.983969, -0.121363, 0.142296, 0.102544, 0.984499),

              ["UpperTorso"] = CFrame.new(-0.000000, 0.000000, -0.000001, 1.000000, 0.000000, 0.000000, -0.000000, 1.000000, 0.000000, -0.000000, -0.000000, 1.000000)

          }},

          {Time = 0.433, Data = {

              ["Head"] = CFrame.new(-0.000000, 0.000006, 0.000001, 1.000000, -0.000003, 0.000012, 0.000013, 0.181342, -0.983420, 0.000000, 0.983420, 0.181342),

              ["LeftFoot"] = CFrame.new(-0.000000, 0.001290, -0.000003, 0.998482, -0.042882, -0.034560, 0.040128, 0.996239, -0.076797, 0.037721, 0.075298, 0.996448),

              ["LeftHand"] = CFrame.new(0.000531, -0.046475, 0.000001, 0.998447, -0.048506, 0.027409, 0.053640, 0.969884, -0.237588, -0.015059, 0.238688, 0.970979),

              ["LeftLowerArm"] = CFrame.new(-0.000498, -0.046605, 0.000253, 1.000000, -0.000000, -0.000000, 0.000000, 1.000000, -0.000001, 0.000000, -0.000000, 1.000000),

              ["LeftLowerLeg"] = CFrame.new(-0.000000, 0.005770, 0.000030, 1.000000, 0.000000, 0.000000, 0.000000, 0.999160, 0.040951, 0.000000, -0.040970, 0.999161),

              ["LeftUpperArm"] = CFrame.new(-0.302385, 0.117411, -0.477511, 0.141250, -0.073753, -0.987223, 0.209147, -0.972489, 0.102577, -0.967629, -0.220964, -0.121939),

              ["LeftUpperLeg"] = CFrame.new(-0.000000, -0.000000, -0.000099, 0.999053, 0.043128, 0.005693, -0.043299, 0.998470, 0.034400, -0.004201, -0.034606, 0.999392),

              ["LowerTorso"] = CFrame.new(0.856104, 2.500774, 56.891582, -0.679429, 0.010105, -0.733672, 0.733741, 0.009357, -0.679364, 0.000000, -0.999905, -0.013773),

              ["RightFoot"] = CFrame.new(0.000001, 0.006478, -0.000103, 0.994819, 0.079224, 0.063719, -0.075591, 0.995477, -0.057547, -0.067986, 0.052433, 0.996307),

              ["RightHand"] = CFrame.new(-0.000510, -0.015075, -0.000000, 0.975988, 0.188480, -0.109192, -0.190268, 0.981713, -0.006102, 0.106044, 0.026731, 0.994002),

              ["RightLowerArm"] = CFrame.new(0.000000, -0.015068, 0.000082, 1.000000, 0.000000, 0.000000, -0.000000, 1.000000, -0.000001, -0.000000, -0.000000, 1.000000),

              ["RightLowerLeg"] = CFrame.new(-0.000000, 0.028359, -0.002429, 1.000000, 0.000000, 0.000000, -0.000000, 0.975173, 0.221427, 0.000000, -0.221443, 0.975177),

              ["RightUpperArm"] = CFrame.new(-0.149920, -0.072756, 0.067039, 0.975988, -0.190268, 0.106044, 0.188480, 0.981713, 0.026732, -0.109191, -0.006102, 0.994002),

              ["RightUpperLeg"] = CFrame.new(-0.000001, -0.000000, 0.000001, 0.992456, -0.093316, -0.079522, 0.078809, 0.982413, -0.169264, 0.093919, 0.161733, 0.982357),

              ["UpperTorso"] = CFrame.new(0.000000, -0.000001, 0.000000, 1.000000, 0.000000, 0.000000, 0.000000, 1.000000, -0.000000, -0.000000, 0.000000, 1.000000)

          }},

          {Time = 0.467, Data = {

              ["Head"] = CFrame.new(0.000000, 0.000005, -0.000000, 1.000000, -0.000003, 0.000016, 0.000016, 0.181835, -0.983329, 0.000000, 0.983329, 0.181835),

              ["LeftFoot"] = CFrame.new(0.000000, -0.001152, -0.000004, 0.988690, -0.115588, -0.095562, 0.108134, 0.990925, -0.079840, 0.103918, 0.068609, 0.992216),

              ["LeftHand"] = CFrame.new(0.000525, -0.039094, -0.000000, 0.999289, -0.032957, 0.018337, 0.037049, 0.948736, -0.313893, -0.007052, 0.314347, 0.949281),

              ["LeftLowerArm"] = CFrame.new(-0.000498, -0.039249, 0.000213, 1.000000, -0.000000, -0.000000, 0.000000, 1.000000, -0.000001, 0.000000, -0.000000, 1.000000),

              ["LeftLowerLeg"] = CFrame.new(0.000000, -0.000744, 0.000092, 1.000000, -0.000000, -0.000000, -0.000000, 1.000000, -0.000008, 0.000000, -0.000011, 1.000000),

              ["LeftUpperArm"] = CFrame.new(-0.299163, 0.110007, -0.478573, 0.147693, 0.006543, -0.989012, 0.194334, -0.980676, 0.022533, -0.969753, -0.195527, -0.146111),

              ["LeftUpperLeg"] = CFrame.new(0.000000, -0.000006, -0.000100, 0.990059, 0.109605, 0.088152, -0.115802, 0.990904, 0.068565, -0.079835, -0.078084, 0.993745),

              ["LowerTorso"] = CFrame.new(1.017433, 2.461421, 56.131886, -0.428422, 0.012445, -0.903493, 0.903579, 0.005901, -0.428381, 0.000000, -0.999905, -0.013773),

              ["RightFoot"] = CFrame.new(-0.000001, 0.007174, -0.000102, 0.996461, 0.065929, 0.052147, -0.063335, 0.996743, -0.049927, -0.055265, 0.046447, 0.997391),

              ["RightHand"] = CFrame.new(-0.000508, -0.011424, 0.000000, 0.983550, 0.156368, -0.090430, -0.156738, 0.987636, 0.003046, 0.089787, 0.011179, 0.995898),

              ["RightLowerArm"] = CFrame.new(0.000001, -0.011412, 0.000063, 1.000000, 0.000000, 0.000000, -0.000000, 1.000000, -0.000001, -0.000000, -0.000000, 1.000000),

              ["RightLowerLeg"] = CFrame.new(-0.000000, 0.032002, -0.003153, 1.000000, 0.000000, -0.000000, -0.000000, 0.967859, 0.251478, 0.000000, -0.251493, 0.967863),

              ["RightUpperArm"] = CFrame.new(-0.153184, -0.056444, 0.057648, 0.983550, -0.156738, 0.089787, 0.156368, 0.987636, 0.011179, -0.090429, 0.003046, 0.995898),

              ["RightUpperLeg"] = CFrame.new(0.000001, -0.000002, -0.000000, 0.995521, -0.078194, -0.053146, 0.065711, 0.976406, -0.205691, 0.067976, 0.201290, 0.977173),

              ["UpperTorso"] = CFrame.new(0.000000, -0.000002, -0.000000, 1.000000, 0.000000, 0.000000, 0.000000, 1.000000, 0.000000, -0.000000, 0.000000, 1.000000)

          }},

          {Time = 0.500, Data = {

              ["Head"] = CFrame.new(0.000000, 0.000000, -0.000000, 1.000000, -0.000004, 0.000019, 0.000020, 0.182404, -0.983224, 0.000000, 0.983224, 0.182404),

              ["LeftFoot"] = CFrame.new(0.000000, -0.004673, -0.000003, 0.974701, -0.171953, -0.142805, 0.174695, 0.984600, 0.006793, 0.139430, -0.031556, 0.989728),

              ["LeftHand"] = CFrame.new(0.000517, -0.026548, -0.000000, 0.996153, 0.075258, -0.044891, -0.085882, 0.940254, -0.329466, 0.017414, 0.332052, 0.943100),

              ["LeftLowerArm"] = CFrame.new(-0.000499, -0.026722, 0.000143, 1.000000, -0.000000, -0.000000, 0.000000, 1.000000, -0.000001, 0.000000, -0.000000, 1.000000),

              ["LeftLowerLeg"] = CFrame.new(0.000001, -0.004262, 0.000045, 1.000000, 0.000000, -0.000000, -0.000000, 1.000000, -0.000008, -0.000000, -0.000011, 1.000000),

