return {
    ["Fly To Tokyo"] = {
        {Time = 0.000, Data = {
            ["RightFoot"] = CFrame.new(1.862645149230957e-07, -1.1920928955078125e-07, -7.281050784513354e-08, 0.9518941044807434, 0.25857463479042053, 0.16442887485027313, -0.18666388094425201, 0.914853572845459, -0.3580494523048401, -0.24301084876060486, 0.3101324737071991, 0.9191102981567383),
            ["LeftLowerArm"] = CFrame.new(0.0000016093254089355469, -4.76837158203125e-07, 0.000004276633262634277, 1, 2.9802322387695312e-08, -7.450580596923828e-09, -4.4703490686970326e-08, 0.1387050449848175, -0.9903337359428406, 2.980232594040899e-08, 0.9903337955474854, 0.13870500028133392),
            ["RightUpperArm"] = CFrame.new(-0.10586738586425781, 0.07340621948242188, -0.03961747884750366, 0.8344466090202332, 0.14205873012542725, 0.532464325428009, 0.5093429088592529, 0.17008092999458313, -0.8435888290405273, -0.21040114760398865, 0.9751368761062622, 0.06956686824560165),
            ["Head"] = CFrame.new(1.862645149230957e-09, -8.344650268554688e-07, -4.6566128730773926e-08, 0.625281572341919, -0.002861456945538521, 0.7803941369056702, 0.11587530374526978, 0.9892488718032837, -0.08921663463115692, -0.7717487215995789, 0.14621387422084808, 0.6188905835151672),
            ["RightHand"] = CFrame.new(3.5762786865234375e-07, 0.0000010728836059570312, -7.450580596923828e-07, 0.43691590428352356, 0.6256715655326843, 0.6462499499320984, -0.781755268573761, 0.619502067565918, -0.07124686986207962, -0.4449305832386017, -0.47408056259155273, 0.7597927451133728),
            ["UpperTorso"] = CFrame.new(0, -3.2782554626464844e-07, -3.725290298461914e-08, 0.9961086511611938, -0.06950666755437851, -0.05418868735432625, 0.06685610115528107, 0.9965447783470154, -0.04928372800350189, 0.05742693319916725, 0.04546905308961868, 0.9973137974739075),
            ["HumanoidRootPart"] = CFrame.new(0, 0, 0, 1, 0, 0, 0, 1, 0, 0, 0, 1),
            ["RightUpperLeg"] = CFrame.new(5.960464477539063e-08, -2.901360858231783e-07, -4.639878170564771e-08, 0.8844035863876343, -0.4487205743789673, -0.12837518751621246, 0.17764583230018616, 0.577993631362915, -0.7964708209037781, 0.43159276247024536, 0.6815961003303528, 0.5908926725387573),
            ["LeftUpperArm"] = CFrame.new(-0.03269439935684204, -0.07609879970550537, -0.0370141863822937, 0.8022830486297607, -0.12101355940103531, -0.5845491290092468, -0.5807639956474304, 0.06821146607398987, -0.8112092018127441, 0.1380402147769928, 0.9903045296669006, -0.015555460005998611),
            ["RightLowerArm"] = CFrame.new(5.960464477539063e-08, 4.76837158203125e-07, -0.0000037103891372680664, 1, -0.000014528632164001465, 0.00001297146354772849, 0.000018976630599354394, 0.5797121524810791, -0.8148214221000671, 0.000004388392426335486, 0.8148213624954224, 0.5797120928764343),
            ["LeftHand"] = CFrame.new(-0.0000014603137969970703, -0.0000012516975402832031, -1.4901161193847656e-08, 0.39602750539779663, -0.9046446681022644, 0.1574164628982544, 0.9182374477386475, 0.389889657497406, -0.06947167962789536, 0.0014721887419000268, 0.17205855250358582, 0.9850857257843018),
            ["LeftFoot"] = CFrame.new(2.514570951461792e-08, 0, 1.4901161193847656e-08, 0.951849639415741, -0.3024595379829407, -0.05000569298863411, 0.24352507293224335, 0.8450731635093689, -0.4759695529937744, 0.18622012436389923, 0.44087380170822144, 0.8780390620231628),
            ["LowerTorso"] = CFrame.new(-0.11705814301967621, -0.41758203506469727, 0.21610960364341736, 0.9186575412750244, -0.0012666889233514667, -0.39505305886268616, 0.042270202189683914, 0.9945693016052246, 0.09510628879070282, 0.3927871882915497, -0.1040690615773201, 0.913722038269043),
            ["RightLowerLeg"] = CFrame.new(1.1175870895385742e-08, -0.000726163387298584, 0.00004603510751621798, 1, 8.940698847936801e-08, -4.47035120032524e-08, -2.980232594040899e-08, 0.3595236539840698, 0.9331358075141907, 1.788139627478813e-07, -0.9331360459327698, 0.35952410101890564),
            ["LeftUpperLeg"] = CFrame.new(-2.9802322387695312e-08, -3.1740637496113777e-07, -5.587935447692871e-09, 0.8896999955177307, 0.45596250891685486, -0.023067934438586235, -0.31175851821899414, 0.5698558688163757, -0.7603100538253784, -0.333527535200119, 0.6836392283439636, 0.6491507291793823),
            ["LeftLowerLeg"] = CFrame.new(1.4901161193847656e-08, -0.0007264614105224609, 0.00008109211921691895, 1, 5.960463766996327e-08, 5.960463766996327e-08, -7.078051567077637e-08, 0.2664390206336975, 0.9638517498970032, 1.0058283805847168e-07, -0.963851809501648, 0.2664389908313751),
        }},
        {Time = 0.033, Data = {
            ["RightFoot"] = CFrame.new(2.3096799850463867e-07, -1.1920928955078125e-07, -4.300818545743823e-08, 0.9502387642860413, 0.2522660195827484, 0.1827792376279831, -0.17819607257843018, 0.9214192032814026, -0.3453012704849243, -0.255524218082428, 0.29554805159568787, 0.9205210208892822),
            ["LeftLowerArm"] = CFrame.new(0.0000013709068298339844, -1.7881393432617188e-07, 0.000005304813385009766, 1, 9.313225746154785e-08, -1.3411046495548362e-07, -4.842878453814592e-08, 0.17784182727336884, -0.9840591549873352, -6.705523958316917e-08, 0.9840590953826904, 0.17784181237220764),
            ["RightUpperArm"] = CFrame.new(-0.10752534866333008, 0.07571780681610107, -0.03800702095031738, 0.8451239466667175, 0.10843111574649811, 0.523457944393158, 0.5040528178215027, 0.16448251903057098, -0.8478657603263855, -0.17803455889225006, 0.9804020524024963, 0.08435322344303131),
            ["Head"] = CFrame.new(-3.725290298461914e-08, -0.0000010728836059570312, 1.6763806343078613e-08, 0.613842248916626, -0.05042339116334915, 0.7878167629241943, 0.14225053787231445, 0.9886875748634338, -0.047557283192873, -0.7765066027641296, 0.14125989377498627, 0.6140709519386292),
            ["RightHand"] = CFrame.new(5.066394805908203e-07, 8.940696716308594e-07, -7.152557373046875e-07, 0.2555369436740875, 0.7630224823951721, 0.5937145948410034, -0.8841480612754822, 0.43287819623947144, -0.17577992379665375, -0.3911304473876953, -0.48001372814178467, 0.7852416038513184),
            ["UpperTorso"] = CFrame.new(-3.725290298461914e-09, 0, 2.9802322387695312e-08, 0.9949027299880981, -0.07435931265354156, -0.06811363250017166, 0.07216591387987137, 0.9968089461326599, -0.034118156880140305, 0.07043309509754181, 0.02902877703309059, 0.9970940351486206),
            ["HumanoidRootPart"] = CFrame.new(0, 0, 0, 1, 0, 0, 0, 1, 0, 0, 0, 1),
            ["RightUpperLeg"] = CFrame.new(2.9802322387695312e-08, 1.878943294286728e-07, -1.6952981241047382e-09, 0.8780239224433899, -0.4549664855003357, -0.1485920548439026, 0.1753091961145401, 0.5945988297462463, -0.7846776247024536, 0.4453546404838562, 0.6629160642623901, 0.60183185338974),
            ["LeftUpperArm"] = CFrame.new(-0.03367912769317627, -0.0778418779373169, -0.036184534430503845, 0.82918781042099, -0.125298872590065, -0.5447455644607544, -0.5435463190078735, 0.04661236330866814, -0.8380839228630066, 0.13040296733379364, 0.9910235404968262, -0.029455415904521942),
            ["RightLowerArm"] = CFrame.new(3.2782554626464844e-07, 4.76837158203125e-07, -0.000004023313522338867, 1, -0.000014632936654379591, 0.000012725594388030004, 0.000018939374058390968, 0.5879801511764526, -0.8088755011558533, 0.000004306435130274622, 0.8088753819465637, 0.5879800319671631),
            ["LeftHand"] = CFrame.new(-0.0000017285346984863281, -0.0000015497207641601562, 8.940696716308594e-08, 0.1370641589164734, -0.9763632416725159, 0.1671178638935089, 0.9899756908416748, 0.12921465933322906, -0.05702441558241844, 0.03408251330256462, 0.1732587367296219, 0.9842865467071533),
            ["LeftFoot"] = CFrame.new(-5.587935447692871e-08, -2.384185791015625e-07, -3.725290298461914e-08, 0.953130304813385, -0.2995072603225708, -0.04287208989262581, 0.24572686851024628, 0.8489543199539185, -0.46786218881607056, 0.17652469873428345, 0.435398668050766, 0.8827610611915588),
            ["LowerTorso"] = CFrame.new(-0.11978120356798172, -0.4061967134475708, 0.21842198073863983, 0.9183698296546936, -0.006748388521373272, -0.39566558599472046, 0.04281624034047127, 0.9956793785095215, 0.08239764720201492, 0.39340001344680786, -0.09261243045330048, 0.9146908521652222),
            ["RightLowerLeg"] = CFrame.new(-3.725290298461914e-08, -0.0007262229919433594, 0.0000461990202893503, 1, 1.0430815677864302e-07, 1.3411047916633834e-07, -8.940696716308594e-08, 0.3815353214740753, 0.9243542551994324, 1.4901161193847656e-07, -0.9243543744087219, 0.38153547048568726),
            ["LeftUpperLeg"] = CFrame.new(-2.9802322387695312e-08, -8.149072527885437e-08, 2.421438694000244e-08, 0.8925838470458984, 0.45039132237434387, -0.021017886698246002, -0.3141384422779083, 0.5877666473388672, -0.7455517649650574, -0.3234364986419678, 0.6720700263977051, 0.6661162972450256),
            ["LeftLowerLeg"] = CFrame.new(7.450580596923828e-09, -0.0007266998291015625, 0.00008106231689453125, 1, 1.3411046495548362e-07, 4.470347647611561e-08, -5.5879340266073996e-08, 0.284502774477005, 0.9586753249168396, -1.4901157641133977e-08, -0.9586752653121948, 0.28450262546539307),
        }},
        {Time = 0.067, Data = {
            ["RightFoot"] = CFrame.new(1.9371509552001953e-07, 0, -5.045876605436206e-08, 0.9521885514259338, 0.25040456652641296, 0.17502690851688385, -0.18543967604637146, 0.9290040731430054, -0.32025590538978577, -0.24279434978961945, 0.27248695492744446, 0.9310219287872314),
            ["LeftLowerArm"] = CFrame.new(0.000001430511474609375, -1.1920928955078125e-07, 0.000004500150680541992, 1, 2.9802315282267955e-08, -4.4703490686970326e-08, -8.940695295223122e-08, 0.1855919361114502, -0.9826269745826721, -5.960463766996327e-08, 0.9826269745826721, 0.1855919063091278),
            ["RightUpperArm"] = CFrame.new(-0.1085548996925354, 0.0759967565536499, -0.03497689962387085, 0.8715376853942871, 0.09973888844251633, 0.4800774157047272, 0.4619843363761902, 0.16103015840053558, -0.8721466064453125, -0.16429391503334045, 0.9818968772888184, 0.09426601976156235),
            ["Head"] = CFrame.new(2.2351741790771484e-08, -7.152557373046875e-07, -1.862645149230957e-09, 0.6077977418899536, -0.07977303862571716, 0.7900748252868652, 0.15461856126785278, 0.9877875447273254, -0.019211051985621452, -0.7788934111595154, 0.13383662700653076, 0.6127092838287354),
            ["RightHand"] = CFrame.new(6.407499313354492e-07, 8.940696716308594e-07, -8.344650268554688e-07, 0.2653840482234955, 0.7702314853668213, 0.5799262523651123, -0.8644180297851562, 0.4564879536628723, -0.21071363985538483, -0.4270278811454773, -0.44537901878356934, 0.7869468927383423),
            ["UpperTorso"] = CFrame.new(3.725290298461914e-09, -8.940696716308594e-08, -1.1175870895385742e-08, 0.9940998554229736, -0.08003071695566177, -0.07321535050868988, 0.07592640817165375, 0.9954699873924255, -0.057225458323955536, 0.07746360450983047, 0.0513288788497448, 0.9956730604171753),
            ["HumanoidRootPart"] = CFrame.new(0, 0, 0, 1, 0, 0, 0, 1, 0, 0, 0, 1),
            ["RightUpperLeg"] = CFrame.new(0, 1.1152587831020355e-07, -1.6596459317952394e-08, 0.8814579844474792, -0.4444558918476105, -0.15965868532657623, 0.1699969470500946, 0.6140197515487671, -0.7707663178443909, 0.44060519337654114, 0.6522566080093384, 0.6167888045310974),
            ["LeftUpperArm"] = CFrame.new(-0.034344613552093506, -0.07970738410949707, -0.03343643993139267, 0.8267090916633606, -0.14688272774219513, -0.5431185960769653, -0.5416715741157532, 0.05323228985071182, -0.8389028906822205, 0.15213163197040558, 0.9877206087112427, -0.03555452823638916),
            ["RightLowerArm"] = CFrame.new(1.1920928955078125e-07, 2.384185791015625e-07, -0.000003337860107421875, 1, -0.000014603134331991896, 0.000012829901606892236, 0.00001899153176054824, 0.5838207602500916, -0.8118826746940613, 0.0000043511395233508665, 0.8118826150894165, 0.583820641040802),
            ["LeftHand"] = CFrame.new(-0.0000013113021850585938, -0.0000015497207641601562, 2.384185791015625e-07, 0.09513067454099655, -0.9850502014160156, 0.1436185985803604, 0.993155837059021, 0.08409661799669266, -0.08105023205280304, 0.06776075810194016, 0.15034621953964233, 0.9863085746765137),
            ["LeftFoot"] = CFrame.new(7.264316082000732e-08, -1.7881393432617188e-07, -3.3527612686157227e-08, 0.9560574293136597, -0.2903729975223541, -0.040469828993082047, 0.2429700642824173, 0.8619898557662964, -0.44490376114845276, 0.16407257318496704, 0.4155203402042389, 0.8946635723114014),
            ["LowerTorso"] = CFrame.new(-0.12383125722408295, -0.3726925849914551, 0.2185240238904953, 0.9182592034339905, 0.0022027017548680305, -0.39597368240356445, 0.03965340182185173, 0.9944465160369873, 0.09748770296573639, 0.3939893841743469, -0.10522070527076721, 0.9130722880363464),
            ["RightLowerLeg"] = CFrame.new(7.450580596923828e-09, -0.0007264018058776855, 0.00004586746945278719, 1, 1.8626454334480513e-07, -2.2351741790771484e-08, -1.4901155864777138e-08, 0.44094452261924744, 0.8975344300270081, 1.9371502446574596e-07, -0.8975344896316528, 0.44094449281692505),
            ["LeftUpperLeg"] = CFrame.new(0, 1.7171259969472885e-07, 2.2351741790771484e-08, 0.8973163962364197, 0.44138288497924805, 0.0021393438801169395, -0.2975301146507263, 0.6084343194961548, -0.7357195615768433, -0.326035737991333, 0.6595368385314941, 0.677282989025116),
            ["LeftLowerLeg"] = CFrame.new(-8.568167686462402e-08, -0.0007263422012329102, 0.00008101761341094971, 1, 8.940699558479537e-08, 6.705522537231445e-08, -8.195638656616211e-08, 0.34296104311943054, 0.9393498301506042, 1.4901161193847656e-08, -0.9393497109413147, 0.3429606258869171),
        }},
        {Time = 0.100, Data = {
            ["RightFoot"] = CFrame.new(1.4901161193847656e-07, 0, -2.8107024263590574e-08, 0.9550257921218872, 0.25152143836021423, 0.15704399347305298, -0.19883762300014496, 0.9361135363578796, -0.290094792842865, -0.21997620165348053, 0.24582189321517944, 0.9440244436264038),
            ["LeftLowerArm"] = CFrame.new(0.0000019669532775878906, -2.384185791015625e-07, 0.000005304813385009766, 1, 7.078052988163108e-08, -8.940698137394065e-08, -8.009374852235851e-08, 0.19086788594722748, -0.9816158413887024, -1.0430814256778831e-07, 0.9816158413887024, 0.19086772203445435),
            ["RightUpperArm"] = CFrame.new(-0.1088113784790039, 0.07510733604431152, -0.030975863337516785, 0.8996864557266235, 0.10656064003705978, 0.4233309030532837, 0.40511393547058105, 0.1574564427137375, -0.9006055593490601, -0.1626252830028534, 0.9817598462104797, 0.098492331802845),
            ["Head"] = CFrame.new(2.2351741790771484e-08, -8.344650268554688e-07, -1.862645149230957e-08, 0.6062026619911194, -0.09648089110851288, 0.7894362807273865, 0.160125732421875, 0.9870939254760742, -0.00232193642295897, -0.7790238261222839, 0.12781654298305511, 0.6138282418251038),
            ["RightHand"] = CFrame.new(3.129243850708008e-07, 0.0000013113021850585938, -6.556510925292969e-07, 0.35195091366767883, 0.7518343925476074, 0.5575620532035828, -0.8040452599525452, 0.5478026866912842, -0.23113518953323364, -0.47920966148376465, -0.36695703864097595, 0.7973086833953857),
            ["UpperTorso"] = CFrame.new(0, 2.9802322387695312e-08, 3.3527612686157227e-08, 0.9934470653533936, -0.08904054015874863, -0.07165881991386414, 0.08131073415279388, 0.991208016872406, -0.10438047349452972, 0.08032279461622238, 0.097869873046875, 0.9919524788856506),
            ["HumanoidRootPart"] = CFrame.new(0, 0, 0, 1, 0, 0, 0, 1, 0, 0, 0, 1),
            ["RightUpperLeg"] = CFrame.new(0, -1.5087425708770752e-07, 4.300818545743823e-08, 0.887938916683197, -0.43055713176727295, -0.1618184894323349, 0.16532592475414276, 0.6270498633384705, -0.7612331509590149, 0.4292224645614624, 0.6491755843162537, 0.6279642581939697),
            ["LeftUpperArm"] = CFrame.new(-0.03448057174682617, -0.081298828125, -0.029332518577575684, 0.8110606670379639, -0.17504572868347168, -0.5581573247909546, -0.5559196472167969, 0.06626436114311218, -0.8285906314849854, 0.18202735483646393, 0.982327938079834, -0.0435669831931591),
            ["RightLowerArm"] = CFrame.new(2.086162567138672e-07, 5.960464477539062e-07, -0.0000037103891372680664, 1, -0.000014401968655874953, 0.000013023616702412255, 0.000018984081179951318, 0.5754335522651672, -0.8178486824035645, 0.000004321337200963171, 0.8178486227989197, 0.5754334330558777),
            ["LeftHand"] = CFrame.new(-0.000001430511474609375, -0.0000017881393432617188, 1.1920928955078125e-07, 0.1916074901819229, -0.9743708968162537, 0.11784667521715164, 0.9735801815986633, 0.17349636554718018, -0.14846159517765045, 0.12421073019504547, 0.14317958056926727, 0.9818713665008545),
            ["LeftFoot"] = CFrame.new(-3.166496753692627e-08, -1.1920928955078125e-07, -9.313225746154785e-09, 0.9594623446464539, -0.278891384601593, -0.04063866659998894, 0.23756571114063263, 0.8778789639472961, -0.4158021807670593, 0.15163950622081757, 0.3892920911312103, 0.9085467457771301),
            ["LowerTorso"] = CFrame.new(-0.12955307960510254, -0.3336247205734253, 0.21739907562732697, 0.9180629849433899, 0.021158138290047646, -0.39586955308914185, 0.03261851891875267, 0.9911572933197021, 0.1286204308271408, 0.39509034156799316, -0.13099431991577148, 0.909254789352417),
            ["RightLowerLeg"] = CFrame.new(7.450580596923828e-09, -0.000726163387298584, 0.00004604628338711336, 1, 1.1362138252479781e-07, -7.450584149637507e-09, -2.980232594040899e-08, 0.509761393070221, 0.8603156805038452, 1.4901162614933128e-07, -0.8603157997131348, 0.5097616910934448),
            ["LeftUpperLeg"] = CFrame.new(-5.960464477539063e-08, -2.684537321329117e-07, 5.960464477539063e-08, 0.9028985500335693, 0.42843180894851685, 0.03493409976363182, -0.26935049891471863, 0.6272298097610474, -0.7307755351066589, -0.3349992334842682, 0.6504067182540894, 0.6817232966423035),
            ["LeftLowerLeg"] = CFrame.new(1.0058283805847168e-07, -0.0007265210151672363, 0.00008079409599304199, 1, 2.980232949312267e-08, 4.4703490686970326e-08, -5.5879368687783426e-08, 0.4149487018585205, 0.9098448753356934, 8.940698847936801e-08, -0.9098448753356934, 0.4149487614631653),
        }},
        {Time = 0.133, Data = {
            ["RightFoot"] = CFrame.new(1.7136335372924805e-07, -1.7881393432617188e-07, -4.6733475755900145e-08, 0.9568443894386292, 0.25565198063850403, 0.13817009329795837, -0.21189719438552856, 0.9391681551933289, -0.2703012228012085, -0.19886815547943115, 0.2293582409620285, 0.952809751033783),
            ["LeftLowerArm"] = CFrame.new(0.0000017285346984863281, -2.384185791015625e-07, 0.000004827976226806641, 1, 2.607702853651972e-08, -1.8626454334480513e-07, -4.284083843231201e-08, 0.21528930962085724, -0.9765503406524658, -7.450580596923828e-08, 0.9765503406524658, 0.21528935432434082),
            ["RightUpperArm"] = CFrame.new(-0.10891014337539673, 0.07432842254638672, -0.027037302032113075, 0.9228658080101013, 0.11530516296625137, 0.3674556016921997, 0.3477267026901245, 0.16065509617328644, -0.9237293601036072, -0.16554445028305054, 0.9802523255348206, 0.10816840827465057),
            ["Head"] = CFrame.new(-3.725290298461914e-09, -8.344650268554688e-07, 3.725290298461914e-09, 0.6070579886436462, -0.09081084281206131, 0.7894518375396729, 0.15980671346187592, 0.9871042370796204, -0.00933864340186119, -0.7784230709075928, 0.13182871043682098, 0.6137415766716003),
            ["RightHand"] = CFrame.new(3.725290298461914e-07, 0.0000015497207641601562, -5.662441253662109e-07, 0.49053317308425903, 0.6839758157730103, 0.5399569869041443, -0.688456654548645, 0.6840463876724243, -0.24105650186538696, -0.5342327952384949, -0.2534908056259155, 0.8064354658126831),
            ["UpperTorso"] = CFrame.new(-4.656612873077393e-10, 1.1920928955078125e-07, -7.078051567077637e-08, 0.9929800629615784, -0.09768316894769669, -0.0666978657245636, 0.0862373635172844, 0.9838266372680664, -0.15699811279773712, 0.08095529675483704, 0.15014420449733734, 0.9853441715240479),
            ["HumanoidRootPart"] = CFrame.new(0, 0, 0, 1, 0, 0, 0, 1, 0, 0, 0, 1),
            ["RightUpperLeg"] = CFrame.new(2.9802322387695312e-08, 2.514570951461792e-07, -4.639878170564771e-08, 0.8935986161231995, -0.4219173789024353, -0.15319021046161652, 0.16318915784358978, 0.6232982873916626, -0.764767050743103, 0.4181517958641052, 0.6583958268165588, 0.6258307099342346),
            ["LeftUpperArm"] = CFrame.new(-0.0344616174697876, -0.08275842666625977, -0.025105200707912445, 0.7936302423477173, -0.20953422784805298, -0.5711799263954163, -0.571079432964325, 0.06719335913658142, -0.8181401491165161, 0.20980766415596008, 0.9754899144172668, -0.06633388251066208),
            ["RightLowerArm"] = CFrame.new(5.960464477539063e-08, 5.960464477539062e-07, -0.000004395842552185059, 1, -0.000014290215403889306, 0.000013262038009997923, 0.000018984081179951318, 0.5654577016830444, -0.8247774243354797, 0.0000043064360397693235, 0.824777364730835, 0.5654576420783997),
            ["LeftHand"] = CFrame.new(-0.0000010132789611816406, -8.940696716308594e-07, 2.384185791015625e-07, 0.46148139238357544, -0.8853099346160889, 0.05710539221763611, 0.8704872131347656, 0.43945786356925964, -0.2216510772705078, 0.17113463580608368, 0.15199753642082214, 0.9734525084495544),
            ["LeftFoot"] = CFrame.new(-3.91155481338501e-08, -5.960464477539063e-08, 7.450580596923828e-09, 0.9619269371032715, -0.2702084183692932, -0.041035644710063934, 0.23252221941947937, 0.8880112767219543, -0.39669814705848694, 0.1436314433813095, 0.37205296754837036, 0.917031466960907),
            ["LowerTorso"] = CFrame.new(-0.13573096692562103, -0.3097604513168335, 0.21562545001506805, 0.9178661108016968, 0.04181865230202675, -0.3946811258792877, 0.0254532303661108, 0.9861842393875122, 0.1636854112148285, 0.39607346057891846, -0.16028720140457153, 0.9041205644607544),
            ["RightLowerLeg"] = CFrame.new(2.2351741790771484e-08, -0.0007262229919433594, 0.00004629960312740877, 1, 8.335339884979476e-08, 4.842879164357328e-08, -8.940695295223122e-08, 0.5517863631248474, 0.8339855074882507, 1.1920927533992653e-07, -0.8339855670928955, 0.5517864227294922),
            ["LeftUpperLeg"] = CFrame.new(5.960464477539063e-08, 1.4994293451309204e-07, -3.5390257835388184e-08, 0.9073016047477722, 0.41637134552001953, 0.058641307055950165, -0.24209140241146088, 0.63130122423172, -0.7367838621139526, -0.3437960743904114, 0.654288649559021, 0.6735805869102478),
            ["LeftLowerLeg"] = CFrame.new(-1.4901161193847656e-08, -0.0007264614105224609, 0.00008100271224975586, 1, 1.3411047916633834e-07, 3.3527619791584584e-08, -5.960463766996327e-08, 0.46091222763061523, 0.8874457478523254, -2.9802318834981634e-08, -0.887445867061615, 0.4609122574329376),
        }},
        {Time = 0.167, Data = {
            ["RightFoot"] = CFrame.new(1.564621925354004e-07, -5.960464477539063e-08, -2.8107024263590574e-08, 0.9570508003234863, 0.25958251953125, 0.12911567091941833, -0.2196025401353836, 0.9398281574249268, -0.2617212235927582, -0.18928462266921997, 0.22212627530097961, 0.9564681053161621),
            ["LeftLowerArm"] = CFrame.new(0.0000011324882507324219, -3.5762786865234375e-07, 0.000004857778549194336, 1, 9.685756197086448e-08, -1.3411047916633834e-07, -7.450580596923828e-09, 0.24041704833507538, -0.9706697463989258, -7.450580596923828e-08, 0.9706697463989258, 0.24041707813739777),
            ["RightUpperArm"] = CFrame.new(-0.10882627964019775, 0.07409703731536865, -0.024511152878403664, 0.9342539310455322, 0.11606340110301971, 0.3371927738189697, 0.3144964575767517, 0.1775941401720047, -0.932498037815094, -0.16811229288578033, 0.9772356748580933, 0.12941649556159973),
            ["Head"] = CFrame.new(-2.0489096641540527e-08, -4.76837158203125e-07, 3.725290298461914e-09, 0.6159395575523376, -0.0653558075428009, 0.7850776314735413, 0.15410837531089783, 0.9872950911521912, -0.03871713951230049, -0.7725731134414673, 0.14483442902565002, 0.6181861758232117),
            ["RightHand"] = CFrame.new(1.7881393432617188e-07, 9.5367431640625e-07, -0.0000011622905731201172, 0.6489382982254028, 0.5343255996704102, 0.5416404604911804, -0.5010936856269836, 0.8358469605445862, -0.2241995483636856, -0.5725244283676147, -0.1259208470582962, 0.8101606369018555),
            ["UpperTorso"] = CFrame.new(4.190951585769653e-09, -1.1920928955078125e-07, -3.725290298461914e-08, 0.9933831691741943, -0.10219885408878326, -0.052394792437553406, 0.09005241841077805, 0.9762752056121826, -0.19692006707191467, 0.07127658277750015, 0.19089877605438232, 0.9790185689926147),
            ["HumanoidRootPart"] = CFrame.new(0, 0, 0, 1, 0, 0, 0, 1, 0, 0, 0, 1),
            ["RightUpperLeg"] = CFrame.new(2.9802322387695312e-08, -1.1734664440155029e-07, -1.6596459317952394e-08, 0.8955450057983398, -0.4201647639274597, -0.14649523794651031, 0.16025355458259583, 0.611676812171936, -0.7747064232826233, 0.41511207818984985, 0.6703081130981445, 0.615117073059082),
            ["LeftUpperArm"] = CFrame.new(-0.03419291973114014, -0.08405327796936035, -0.02228078991174698, 0.771490216255188, -0.25362274050712585, -0.5835050940513611, -0.5848425626754761, 0.07842602580785751, -0.8073467016220093, 0.25052353739738464, 0.9641187787055969, -0.08782456070184708),
            ["RightLowerArm"] = CFrame.new(4.76837158203125e-07, 2.980232238769531e-07, -0.000003598630428314209, 1, -0.000014066694348002784, 0.000013485550880432129, 0.00001895427340059541, 0.5511709451675415, -0.8343923687934875, 0.000004336236997914966, 0.8343924283981323, 0.5511708855628967),
            ["LeftHand"] = CFrame.new(-0.0000014901161193847656, -0.0000010132789611816406, 1.1920928955078125e-07, 0.7429426908493042, -0.6608443260192871, -0.10639678686857224, 0.612224817276001, 0.7351497411727905, -0.29109492897987366, 0.270586222410202, 0.15112827718257904, 0.9507594704627991),
            ["LeftFoot"] = CFrame.new(-1.3969838619232178e-07, 0, 4.6566128730773926e-08, 0.963390588760376, -0.26515907049179077, -0.03961402550339699, 0.22934490442276, 0.8916003704071045, -0.39044827222824097, 0.13885077834129333, 0.36706891655921936, 0.9197722673416138),
            ["LowerTorso"] = CFrame.new(-0.14130282402038574, -0.3013209104537964, 0.21385663747787476, 0.9178621172904968, 0.05587737634778023, -0.39294642210006714, 0.02189251035451889, 0.9814053773880005, 0.19069437682628632, 0.3962951600551605, -0.1836337149143219, 0.8995715379714966),
            ["RightLowerLeg"] = CFrame.new(4.470348358154297e-08, -0.0007262825965881348, 0.000046090986870694906, 1, 1.522712977930496e-07, -1.8626458597736928e-08, -5.960463766996327e-08, 0.5681208372116089, 0.8229451775550842, 7.450579886381092e-08, -0.822945237159729, 0.5681208372116089),
            ["LeftUpperLeg"] = CFrame.new(-2.9802322387695312e-08, -8.009374141693115e-08, -2.2351741790771484e-08, 0.9101955890655518, 0.40864014625549316, 0.0675080195069313, -0.2246234118938446, 0.6239696145057678, -0.748469352722168, -0.34797757863998413, 0.6660895943641663, 0.6597243547439575),
            ["LeftLowerLeg"] = CFrame.new(4.0978193283081055e-08, -0.0007264614105224609, 0.00008079409599304199, 1, 1.043081283569336e-07, 3.166496398421259e-08, -8.568166975919667e-08, 0.47646409273147583, 0.879193902015686, 6.70552182668871e-08, -0.879193902015686, 0.47646406292915344),
        }},
        {Time = 0.200, Data = {
            ["RightFoot"] = CFrame.new(1.043081283569336e-07, -1.1920928955078125e-07, -3.183231456205249e-08, 0.9562360048294067, 0.26279565691947937, 0.12865102291107178, -0.22282494604587555, 0.9390145540237427, -0.2619175314903259, -0.18963615596294403, 0.22178839147090912, 0.9564769864082336),
            ["LeftLowerArm"] = CFrame.new(0.0000013113021850585938, -3.5762786865234375e-07, 0.000004649162292480469, 1, 7.450579886381092e-08, -7.450581307466564e-08, -3.7252898543727042e-09, 0.25700289011001587, -0.9664106965065002, -5.960463766996327e-08, 0.9664106369018555, 0.25700289011001587),
            ["RightUpperArm"] = CFrame.new(-0.109794020652771, 0.07518923282623291, -0.022597521543502808, 0.9396531581878662, 0.12309977412223816, 0.31921541690826416, 0.291127473115921, 0.2024082988500595, -0.9350272417068481, -0.17971348762512207, 0.9715335369110107, 0.15435585379600525),
            ["Head"] = CFrame.new(6.332993507385254e-08, -8.344650268554688e-07, -1.4901161193847656e-08, 0.6302217841148376, -0.039456650614738464, 0.77541184425354, 0.14600791037082672, 0.9869124889373779, -0.0684502050280571, -0.7625629305839539, 0.15635499358177185, 0.627734899520874),
            ["RightHand"] = CFrame.new(4.6193599700927734e-07, 8.344650268554688e-07, -4.76837158203125e-07, 0.8056983947753906, 0.18122586607933044, 0.5639209151268005, -0.09495740383863449, 0.9792504906654358, -0.17902949452400208, -0.5846650004386902, 0.09069563448429108, 0.8061896562576294),
            ["UpperTorso"] = CFrame.new(-1.7695128917694092e-08, 2.384185791015625e-07, -3.725290298461914e-09, 0.9944453835487366, -0.10029517859220505, -0.031924862414598465, 0.0908178836107254, 0.970947265625, -0.22139014303684235, 0.05320165306329727, 0.21726103127002716, 0.9746626615524292),
            ["HumanoidRootPart"] = CFrame.new(0, 0, 0, 1, 0, 0, 0, 1, 0, 0, 0, 1),
            ["RightUpperLeg"] = CFrame.new(0, -2.7939677238464355e-08, -3.149762051180005e-08, 0.8949336409568787, -0.42215779423713684, -0.1444873958826065, 0.15592791140079498, 0.5992931723594666, -0.7851970791816711, 0.41806739568710327, 0.6801695227622986, 0.6021535992622375),
            ["LeftUpperArm"] = CFrame.new(-0.034530818462371826, -0.08653414249420166, -0.020124830305576324, 0.7402008175849915, -0.2895624339580536, -0.6068411469459534, -0.6034072637557983, 0.11212007701396942, -0.7895119190216064, 0.29665207862854004, 0.9505696296691895, -0.09173273295164108),
            ["RightLowerArm"] = CFrame.new(-5.960464477539063e-08, 4.172325134277344e-07, -0.000004060566425323486, 1, -0.000014342362192110159, 0.000013232232959126122, 0.000018998982341145165, 0.5638830661773682, -0.8258546590805054, 0.000004276633717381628, 0.8258545994758606, 0.5638830065727234),
            ["LeftHand"] = CFrame.new(-0.0000014901161193847656, -0.0000012516975402832031, 2.086162567138672e-07, 0.9054287075996399, -0.3091665506362915, -0.2908857464790344, 0.23858074843883514, 0.9374006390571594, -0.2536916732788086, 0.35110992193222046, 0.1603001058101654, 0.9225107431411743),
            ["LeftFoot"] = CFrame.new(2.421438694000244e-08, -1.7881393432617188e-07, -8.381903171539307e-09, 0.9640791416168213, -0.2634544372558594, -0.03381149843335152, 0.2292173206806183, 0.8895176649093628, -0.39524412155151367, 0.13420476019382477, 0.3732965290546417, 0.917953610420227),
            ["LowerTorso"] = CFrame.new(-0.14599350094795227, -0.3047231435775757, 0.21242569386959076, 0.9181801676750183, 0.060626640915870667, -0.3914966881275177, 0.02312338538467884, 0.9783345460891724, 0.2057350128889084, 0.3954877257347107, -0.19795453548431396, 0.8968855142593384),
            ["RightLowerLeg"] = CFrame.new(-1.043081283569336e-07, -0.0007263422012329102, 0.000046031382225919515, 1, 1.4947734428005788e-07, 5.215408194203519e-08, -4.470348358154297e-08, 0.5659372806549072, 0.8244481682777405, 1.043081283569336e-07, -0.8244484663009644, 0.5659374594688416),
            ["LeftUpperLeg"] = CFrame.new(0, 2.2118911147117615e-07, -2.9802322387695312e-08, 0.9123728275299072, 0.40486305952072144, 0.060512199997901917, -0.22000375390052795, 0.6096112728118896, -0.7615594267845154, -0.34521615505218506, 0.6815130114555359, 0.6452639698982239),
            ["LeftLowerLeg"] = CFrame.new(5.21540641784668e-08, -0.0007267594337463379, 0.00008109211921691895, 1, 8.940696716308594e-08, 1.955777229056821e-08, -3.352760913344355e-08, 0.4665236473083496, 0.8845087289810181, 2.9802318834981634e-08, -0.8845087289810181, 0.466523677110672),
        }},
        {Time = 0.233, Data = {
            ["RightFoot"] = CFrame.new(1.6391277313232422e-07, 0, -2.029992174357176e-09, 0.954973042011261, 0.2676737904548645, 0.12797439098358154, -0.22549757361412048, 0.9351403713226318, -0.2732463479042053, -0.1928146779537201, 0.23208490014076233, 0.9533933997154236),
            ["LeftLowerArm"] = CFrame.new(0.0000013709068298339844, -2.980232238769531e-07, 0.0000045299530029296875, 1, 1.4901162970204496e-08, 0, -4.842877388000488e-08, 0.2594018876552582, -0.9657695293426514, -7.450580596923828e-08, 0.9657695293426514, 0.2594018578529358),
            ["RightUpperArm"] = CFrame.new(-0.1126706600189209, 0.0777740478515625, -0.020607009530067444, 0.9354012608528137, 0.14767788350582123, 0.3212720453739166, 0.2799878418445587, 0.24554719030857086, -0.9280697703361511, -0.21594280004501343, 0.9580698609352112, 0.18833714723587036),
            ["Head"] = CFrame.new(2.60770320892334e-08, -5.960464477539062e-07, 1.4901161193847656e-08, 0.6373239755630493, -0.028699420392513275, 0.7700613141059875, 0.13933692872524261, 0.987126350402832, -0.07852991670370102, -0.7578940987586975, 0.1573469191789627, 0.6331181526184082),
            ["RightHand"] = CFrame.new(7.450580596923828e-08, 0.0000011920928955078125, -0.0000011622905731201172, 0.7295899391174316, -0.26735955476760864, 0.6294576525688171, 0.4323006868362427, 0.8934983611106873, -0.12155984342098236, -0.5299195647239685, 0.36080411076545715, 0.7674675583839417),
            ["UpperTorso"] = CFrame.new(-6.51925802230835e-09, -2.384185791015625e-07, 2.60770320892334e-08, 0.9951521158218384, -0.09594681113958359, -0.02159850113093853, 0.0881417915225029, 0.9675277471542358, -0.23689939081668854, 0.043626803904771805, 0.2338472157716751, 0.971294105052948),
            ["HumanoidRootPart"] = CFrame.new(0, 0, 0, 1, 0, 0, 0, 1, 0, 0, 0, 1),
            ["RightUpperLeg"] = CFrame.new(5.960464477539063e-08, -2.682209014892578e-07, -1.6596459317952394e-08, 0.8943282961845398, -0.4262136220932007, -0.13608486950397491, 0.1547260731458664, 0.5800209045410156, -0.7997722029685974, 0.41980576515197754, 0.6942030191421509, 0.5846754312515259),
            ["LeftUpperArm"] = CFrame.new(-0.036169230937957764, -0.09075534343719482, -0.017810866236686707, 0.7069967985153198, -0.3052285313606262, -0.6379585862159729, -0.6210518479347229, 0.16355763375759125, -0.7665138840675354, 0.33830490708351135, 0.9381281733512878, -0.07392805814743042),
            ["RightLowerArm"] = CFrame.new(1.7881393432617188e-07, 4.76837158203125e-07, -0.000003863126039505005, 1, -0.000014625486073782668, 0.000012814998626708984, 0.000019043687643716112, 0.5841132998466492, -0.8116721510887146, 0.000004328788236307446, 0.8116721510887146, 0.5841132402420044),
            ["LeftHand"] = CFrame.new(-0.0000015497207641601562, -0.000001430511474609375, -2.9802322387695312e-08, 0.952301561832428, 0.006346137262880802, -0.30509206652641296, -0.06080988422036171, 0.9836785197257996, -0.16934818029403687, 0.2990381717681885, 0.1798233538866043, 0.9371446967124939),
            ["LeftFoot"] = CFrame.new(5.960464477539063e-08, 0, 1.6763806343078613e-08, 0.9639682769775391, -0.2647349536418915, -0.02608763426542282, 0.23107555508613586, 0.8818991780281067, -0.41092345118522644, 0.1317925602197647, 0.3900889456272125, 0.911296546459198),
            ["LowerTorso"] = CFrame.new(-0.15004955232143402, -0.3214085102081299, 0.2114625722169876, 0.918644905090332, 0.060135286301374435, -0.39048081636428833, 0.02649361453950405, 0.9767472743988037, 0.21275101602077484, 0.39419490098953247, -0.20578791201114655, 0.8956906199455261),
            ["RightLowerLeg"] = CFrame.new(-2.2351741790771484e-08, -0.000726163387298584, 0.000045994129322934896, 1, 1.3364484630074003e-07, 7.450584149637507e-09, -1.0430815677864302e-07, 0.5404886603355408, 0.841351330280304, 8.940698847936801e-08, -0.8413513898849487, 0.5404887199401855),
            ["LeftUpperLeg"] = CFrame.new(-2.9802322387695312e-08, -3.25031578540802e-07, 3.5390257835388184e-08, 0.9137378334999084, 0.40414372086524963, 0.041844841092824936, -0.223674014210701, 0.5863238573074341, -0.7785847187042236, -0.3391948640346527, 0.702062726020813, 0.6261429190635681),
            ["LeftLowerLeg"] = CFrame.new(-1.0058283805847168e-07, -0.0007267594337463379, 0.00008118152618408203, 1, 7.078052988163108e-08, 2.2351745343485163e-08, -6.705522537231445e-08, 0.4307241141796112, 0.9024837017059326, 2.9802322387695312e-08, -0.9024837613105774, 0.43072402477264404),
        }},
        {Time = 0.267, Data = {
            ["RightFoot"] = CFrame.new(4.470348358154297e-08, -1.1920928955078125e-07, -1.3205863069742918e-08, 0.9528961777687073, 0.2753254175186157, 0.12721982598304749, -0.2275608777999878, 0.9263193607330322, -0.30024757981300354, -0.20051202178001404, 0.25715455412864685, 0.9453393816947937),
            ["LeftLowerArm"] = CFrame.new(0.0000010728836059570312, -2.980232238769531e-07, 0.000004857778549194336, 1, -7.450581485102248e-09, -1.4901162970204496e-08, -3.725290298461914e-08, 0.26026451587677, -0.9655374884605408, -4.470348358154297e-08, 0.9655373692512512, 0.26026439666748047),
            ["RightUpperArm"] = CFrame.new(-0.11629313230514526, 0.08105456829071045, -0.020254403352737427, 0.919058620929718, 0.18271005153656006, 0.34921085834503174, 0.2934512197971344, 0.27424097061157227, -0.9157938957214355, -0.26309263706207275, 0.9441445469856262, 0.1984269917011261),
            ["Head"] = CFrame.new(0, -5.960464477539062e-07, -2.2351741790771484e-08, 0.6312921047210693, -0.03959342837333679, 0.7745338678359985, 0.13647732138633728, 0.9887823462486267, -0.06069163233041763, -0.76344233751297, 0.14402014017105103, 0.6296141147613525),
            ["RightHand"] = CFrame.new(8.195638656616211e-08, 0.000001430511474609375, -9.238719940185547e-07, 0.5733427405357361, -0.45983707904815674, 0.6781057119369507, 0.6634401082992554, 0.7462111711502075, -0.05492185428738594, -0.4807550609111786, 0.4813717007637024, 0.7329094409942627),
            ["UpperTorso"] = CFrame.new(-3.306195139884949e-08, -5.364418029785156e-07, 3.725290298461914e-09, 0.9951735734939575, -0.09338250756263733, -0.030154554173350334, 0.0835229903459549, 0.967359185218811, -0.2392493337392807, 0.05151182785630226, 0.23557612299919128, 0.9704897999763489),
            ["HumanoidRootPart"] = CFrame.new(0, 0, 0, 1, 0, 0, 0, 1, 0, 0, 0, 1),
            ["RightUpperLeg"] = CFrame.new(-8.940696716308594e-08, -7.934868335723877e-07, -9.145878721028566e-09, 0.8931808471679688, -0.43479958176612854, -0.11479316651821136, 0.1596720963716507, 0.5452653765678406, -0.8229158520698547, 0.42039617896080017, 0.7166833281517029, 0.5564458966255188),
            ["LeftUpperArm"] = CFrame.new(-0.038181960582733154, -0.09591221809387207, -0.01691248267889023, 0.6906157732009888, -0.3040796220302582, -0.6561897993087769, -0.632444441318512, 0.18617694079875946, -0.7518993616104126, 0.3508046567440033, 0.9342771172523499, -0.0637366771697998),
            ["RightLowerArm"] = CFrame.new(3.2782554626464844e-07, 3.5762786865234375e-07, -0.000003814697265625, 1, -0.000014759600162506104, 0.000012755395800922997, 0.000018954278857563622, 0.5929840803146362, -0.8052142858505249, 0.000004369765974843176, 0.8052141666412354, 0.5929840207099915),
            ["LeftHand"] = CFrame.new(-0.0000019669532775878906, -0.000001430511474609375, 4.76837158203125e-07, 0.9247077107429504, 0.26372161507606506, -0.27452942728996277, -0.30184441804885864, 0.9473748803138733, -0.10663459450006485, 0.23196060955524445, 0.1814711093902588, 0.9556478261947632),
            ["LeftFoot"] = CFrame.new(1.6391277313232422e-07, -1.7881393432617188e-07, -7.450580596923828e-09, 0.9626743197441101, -0.2697664797306061, -0.022007880732417107, 0.23298929631710052, 0.8673175573348999, -0.43985968828201294, 0.13774733245372772, 0.4183138906955719, 0.8977969288825989),
