return {
    ["Fly Dance"] = {
        {Time = 0.000, Data = {
            ["LeftFoot"] = CFrame.new(1.0337680578231812e-07, -5.960464477539063e-08, 5.21540641784668e-08, 0.9966381192207336, -0.036623962223529816, 0.07328858226537704, 0.05245556682348251, 0.9723849296569824, -0.2274113893508911, -0.06293599307537079, 0.23049138486385345, 0.9710370302200317),
            ["LeftLowerArm"] = CFrame.new(-2.980232238769531e-07, 3.5762786865234375e-07, -6.332993507385254e-08, 1, -1.1175870895385742e-07, -6.705522537231445e-08, -5.215405707303944e-08, -0.1390075981616974, -0.9902913570404053, 1.3504175910838967e-07, 0.9902913570404053, -0.13900762796401978),
            ["LowerTorso"] = CFrame.new(0.14521372318267822, -0.12458908557891846, 0.007538202218711376, 0.9833844900131226, 0.006925150286406279, 0.18140274286270142, 0.02787981927394867, 0.9816558957099915, -0.18861182034015656, -0.17938123643398285, 0.19053542613983154, 0.9651521444320679),
            ["Head"] = CFrame.new(-1.1175870895385742e-08, 5.960464477539062e-07, 1.1175870895385742e-08, 0.9912605285644531, -0.012312952429056168, -0.1313433051109314, 0.02712409570813179, 0.9933850765228271, 0.11158210039138794, 0.12910059094429016, -0.11416934430599213, 0.9850373268127441),
            ["RightUpperArm"] = CFrame.new(0, 2.384185791015625e-07, 1.4901161193847656e-08, 0.9321661591529846, -0.24640658497810364, 0.26523613929748535, 0.049336615949869156, 0.8122605681419373, 0.5812045335769653, -0.3586535155773163, -0.5286933183670044, 0.7693186402320862),
            ["UpperTorso"] = CFrame.new(2.7008354663848877e-08, -1.7881393432617188e-07, 1.4901161193847656e-08, 0.9910441040992737, 0.11825278401374817, 0.06203099340200424, -0.12983275949954987, 0.9619190096855164, 0.24053135514259338, -0.031225303187966347, -0.24643081426620483, 0.9686573147773743),
            ["HumanoidRootPart"] = CFrame.new(0, 0, 0, 1, 0, 0, 0, 1, 0, 0, 0, 1),
            ["RightHand"] = CFrame.new(-2.60770320892334e-08, 5.960464477539063e-08, 3.5390257835388184e-08, 0.966478168964386, 0.011019054800271988, 0.25651228427886963, -0.010608606040477753, 0.9999393224716187, -0.002983786165714264, -0.2565295696258545, 0.000162564218044281, 0.9665364027023315),
            ["LeftUpperArm"] = CFrame.new(0, 3.5762786865234375e-07, 2.9802322387695312e-08, 0.7487577199935913, 0.4089311361312866, -0.5216678380966187, -0.5370775461196899, 0.8355315327644348, -0.11590917408466339, 0.38847091794013977, 0.36696386337280273, 0.8452383875846863),
            ["RightLowerArm"] = CFrame.new(-5.960464477539063e-08, 0, 1.043081283569336e-07, 1, -4.0978193283081055e-08, 5.029141192380848e-08, 4.470348358154297e-08, 0.9331129193305969, -0.35958361625671387, 1.862645149230957e-08, 0.35958361625671387, 0.9331128597259521),
            ["LeftHand"] = CFrame.new(-1.6391277313232422e-07, 5.960464477539063e-08, 2.9802322387695312e-08, 0.843080997467041, -0.08249210566282272, -0.5314221978187561, 0.014354327693581581, 0.9912652373313904, -0.13110056519508362, 0.5375951528549194, 0.10290011018514633, 0.8369009494781494),
            ["RightUpperLeg"] = CFrame.new(0, -2.183951437473297e-07, 5.75528247281909e-09, 0.9769214391708374, -0.21308556199073792, -0.014798748306930065, 0.1995805948972702, 0.9352993965148926, -0.2922031581401825, 0.07610557228326797, 0.28250598907470703, 0.9562418460845947),
            ["LeftUpperLeg"] = CFrame.new(0, -2.2118911147117615e-07, -7.450580596923828e-09, 0.936002790927887, 0.34894564747810364, 0.04621492698788643, -0.31756529211997986, 0.8937768340110779, -0.3167259991168976, -0.15182586014270782, 0.2817801535129547, 0.947390615940094),
            ["RightLowerLeg"] = CFrame.new(1.6763806343078613e-08, -0.00015431642532348633, -0.00006409564957721159, 1, -1.229345087949696e-07, -1.0430811414607888e-07, 1.30385160446167e-07, 0.48592785000801086, 0.8739988207817078, -9.685754776000977e-08, -0.8739988803863525, 0.485927939414978),
            ["RightFoot"] = CFrame.new(1.7598267731955275e-08, 1.7881393432617188e-07, 3.092281986027956e-09, 0.9758772850036621, 0.21776865422725677, -0.015504850074648857, -0.21089425683021545, 0.921940803527832, -0.32488223910331726, -0.05645468086004257, 0.3203156292438507, 0.9456274509429932),
            ["LeftLowerLeg"] = CFrame.new(-7.450580596923828e-09, 0.0001544952392578125, 0.00006410479545593262, 1, 3.7252888773764425e-08, 3.166496753692627e-08, -4.470347292340193e-08, 0.7982740998268127, 0.6022944450378418, -5.960463056453591e-08, -0.6022943258285522, 0.7982739806175232),
        }},
        {Time = 0.033, Data = {
            ["LeftFoot"] = CFrame.new(-7.450580596923828e-08, 5.960464477539063e-08, 1.4901161193847656e-08, 0.9901396036148071, -0.008056052960455418, 0.1398523598909378, 0.04598795250058174, 0.9617074728012085, -0.27019235491752625, -0.1323203295469284, 0.2739597260951996, 0.9525951147079468),
            ["LeftLowerArm"] = CFrame.new(-2.682209014892578e-07, 5.364418029785156e-07, -5.960464477539063e-08, 1, -1.341104365337742e-07, 2.9802318834981634e-08, -7.450580596923828e-08, -0.12987957894802094, -0.9915297627449036, 1.7136335372924805e-07, 0.9915297627449036, -0.12987954914569855),
            ["LowerTorso"] = CFrame.new(0.17693594098091125, -0.14788973331451416, 0.009141846559941769, 0.9833166003227234, 0.004536344204097986, 0.18184591829776764, 0.03029743582010269, 0.9816405773162842, -0.18831895291805267, -0.17936159670352936, 0.1906866431236267, 0.9651259183883667),
            ["Head"] = CFrame.new(-5.587935447692871e-09, -2.384185791015625e-07, 7.450580596923828e-09, 0.9950955510139465, -0.02606916055083275, -0.0954219326376915, 0.037512894719839096, 0.9920439720153809, 0.12017332762479782, 0.09152992814779282, -0.1231633722782135, 0.9881564974784851),
            ["RightUpperArm"] = CFrame.new(1.1920928955078125e-07, -2.384185791015625e-07, 0, 0.948570191860199, -0.2309781014919281, 0.21648068726062775, 0.0657404288649559, 0.8126581907272339, 0.5790206789970398, -0.3096659183502197, -0.5350101590156555, 0.7860478162765503),
            ["UpperTorso"] = CFrame.new(9.313225746154785e-10, -1.1920928955078125e-07, -5.587935447692871e-08, 0.9912612438201904, 0.12110261619091034, 0.052301183342933655, -0.13026897609233856, 0.9610898494720459, 0.2435903549194336, -0.020766708999872208, -0.24827487766742706, 0.9684669971466064),
            ["HumanoidRootPart"] = CFrame.new(0, 0, 0, 1, 0, 0, 0, 1, 0, 0, 0, 1),
            ["RightHand"] = CFrame.new(-4.842877388000488e-08, -1.1920928955078125e-07, 1.2665987014770508e-07, 0.9236160516738892, 0.05394545570015907, 0.3795039653778076, -0.05490186810493469, 0.9984571933746338, -0.00831073522567749, -0.37936681509017944, -0.013159569352865219, 0.9251528382301331),
            ["LeftUpperArm"] = CFrame.new(0, -4.76837158203125e-07, -1.4901161193847656e-08, 0.6764135360717773, 0.3962489366531372, -0.6208474636077881, -0.5511764287948608, 0.8314611315727234, -0.06983619183301926, 0.4885380268096924, 0.3894346356391907, 0.7808145880699158),
            ["RightLowerArm"] = CFrame.new(0, -5.960464477539063e-08, 2.086162567138672e-07, 1, -4.0978196835794733e-08, 6.053597445543346e-08, 3.725290298461914e-08, 0.9327980875968933, -0.3603995740413666, -3.166496753692627e-08, 0.36039960384368896, 0.9327980875968933),
            ["LeftHand"] = CFrame.new(5.960464477539063e-08, 0, -1.4901161193847656e-07, 0.8462215662002563, -0.03569217398762703, -0.5316343903541565, -0.016115831211209297, 0.9955830574035645, -0.09249238669872284, 0.5325874090194702, 0.08683683723211288, 0.8419086933135986),
            ["RightUpperLeg"] = CFrame.new(-5.960464477539063e-08, 2.7474015951156616e-08, -3.894820110872388e-08, 0.9753583073616028, -0.2047368884086609, 0.08221428841352463, 0.21964862942695618, 0.9361543655395508, -0.274535208940506, -0.02075776644051075, 0.2858283221721649, 0.9580560326576233),
            ["LeftUpperLeg"] = CFrame.new(0, 5.3783878684043884e-08, -7.078051567077637e-08, 0.9040367603302002, 0.42744529247283936, 0.0028454980347305536, -0.38528358936309814, 0.8177129030227661, -0.4276706874370575, -0.18513260781764984, 0.3855336904525757, 0.9039301872253418),
            ["RightLowerLeg"] = CFrame.new(7.450580596923828e-09, -0.00015467405319213867, -0.00006392428622348234, 1, -1.5646207884856267e-07, -8.475034718458119e-08, 1.4156103134155273e-07, 0.48170167207717896, 0.8763353824615479, -8.940696716308594e-08, -0.8763353228569031, 0.4817016124725342),
            ["RightFoot"] = CFrame.new(-4.353933036327362e-08, 4.76837158203125e-07, 4.313915269449353e-08, 0.9660950899124146, 0.25499120354652405, 0.04049740359187126, -0.22437836229801178, 0.9067944884300232, -0.3568999171257019, -0.1277291476726532, 0.33571314811706543, 0.9332644939422607),
            ["LeftLowerLeg"] = CFrame.new(-1.4901161193847656e-08, 0.00015431642532348633, 0.00006397813558578491, 1, 1.1175869119028903e-08, 9.778887033462524e-08, -7.450580596923828e-08, 0.8084010481834412, 0.5886322259902954, 0, -0.5886322259902954, 0.8084010481834412),
        }},
        {Time = 0.067, Data = {
            ["LeftFoot"] = CFrame.new(5.960464477539063e-08, 0, -1.4901161193847656e-08, 0.9861597418785095, 0.04781319946050644, 0.158753901720047, -0.009735551662743092, 0.9725626707077026, -0.2324375957250595, -0.16551180183887482, 0.22767503559589386, 0.9595676064491272),
            ["LeftLowerArm"] = CFrame.new(2.9802322387695312e-08, 4.76837158203125e-07, 0, 1, -1.6763806343078613e-07, 0, -1.043081283569336e-07, -0.06477901339530945, -0.9978997111320496, 2.9802322387695312e-08, 0.9978996515274048, -0.06477904319763184),
            ["LowerTorso"] = CFrame.new(0.2510128915309906, -0.20373880863189697, 0.012965915724635124, 0.9831187725067139, -0.0017970703775063157, 0.18295980989933014, 0.036644019186496735, 0.9816263318061829, -0.18726177513599396, -0.17926163971424103, 0.19080492854118347, 0.9651212096214294),
            ["Head"] = CFrame.new(-1.4901161193847656e-08, 0, -2.60770320892334e-08, 0.998140811920166, -0.06017424911260605, -0.009699885733425617, 0.06094236671924591, 0.9879642724990845, 0.1421714872121811, 0.0010280462447553873, -0.1424981951713562, 0.9897946119308472),
            ["RightUpperArm"] = CFrame.new(0, -2.384185791015625e-07, 0, 0.9820318818092346, -0.17770129442214966, 0.06352727115154266, 0.11302801966667175, 0.8234177231788635, 0.5560648441314697, -0.15112291276454926, -0.5388929843902588, 0.8287075161933899),
            ["UpperTorso"] = CFrame.new(1.4901161193847656e-08, 0, 3.725290298461914e-09, 0.9913570880889893, 0.12804441154003143, 0.02856358326971531, -0.13110613822937012, 0.9590843915939331, 0.25093501806259155, 0.0047359466552734375, -0.25251105427742004, 0.9675824642181396),
            ["HumanoidRootPart"] = CFrame.new(0, 0, 0, 1, 0, 0, 0, 1, 0, 0, 0, 1),
            ["RightHand"] = CFrame.new(-6.51925802230835e-08, -5.960464477539063e-08, -4.470348358154297e-08, 0.7923097014427185, 0.12613315880298615, 0.5969386100769043, -0.13690367341041565, 0.9902020692825317, -0.027519136667251587, -0.594560980796814, -0.059919361025094986, 0.80181485414505),
            ["LeftUpperArm"] = CFrame.new(0, 0, 0, 0.46009641885757446, 0.3515150547027588, -0.815321147441864, -0.5524542927742004, 0.8322148323059082, 0.047041457146406174, 0.6950580477714539, 0.42878401279449463, 0.577095091342926),
            ["RightLowerArm"] = CFrame.new(0, -2.980232238769531e-07, -1.8067657947540283e-07, 1, -8.381904059717726e-09, 2.0023437130589627e-08, 3.3527612686157227e-08, 0.9305738806724548, -0.3661041557788849, -3.3527612686157227e-08, 0.3661041855812073, 0.9305739402770996),
            ["LeftHand"] = CFrame.new(4.172325134277344e-07, -1.7881393432617188e-07, 1.7881393432617188e-07, 0.859136700630188, 0.05206417292356491, -0.5090909004211426, -0.07313783466815948, 0.9970910549163818, -0.02145528979599476, 0.5064927339553833, 0.05566682666540146, 0.8604453206062317),
            ["RightUpperLeg"] = CFrame.new(5.960464477539063e-08, -8.66129994392395e-08, 1.3205863069742918e-08, 0.9395876526832581, -0.20855140686035156, 0.2714431583881378, 0.26301559805870056, 0.9473637938499451, -0.18255074322223663, -0.21908414363861084, 0.2429163008928299, 0.9449835419654846),
            ["LeftUpperLeg"] = CFrame.new(0, -1.3690441846847534e-07, 3.725290298461914e-09, 0.8403298258781433, 0.5393253564834595, 0.0545353963971138, -0.43511632084846497, 0.7310993671417236, -0.5255164504051208, -0.3232950270175934, 0.4178779423236847, 0.8490338325500488),
            ["RightLowerLeg"] = CFrame.new(4.470348358154297e-08, -0.0001544952392578125, -0.00006402859435183927, 1, -1.4901154088420299e-07, -5.960464477539063e-08, 1.1920928955078125e-07, 0.5304766893386841, 0.8476994633674622, -7.450580596923828e-08, -0.8476995825767517, 0.5304768085479736),
            ["RightFoot"] = CFrame.new(-1.5972182154655457e-07, 3.5762786865234375e-07, -5.418405635282397e-08, 0.9306837916374207, 0.33343374729156494, 0.1504986733198166, -0.2367871105670929, 0.8626552224159241, -0.446942538022995, -0.27885425090789795, 0.38032636046409607, 0.8818121552467346),
            ["LeftLowerLeg"] = CFrame.new(4.470348358154297e-08, 0.00015431642532348633, 0.00006406009197235107, 1, -7.4505797087454084e-09, -8.940694584680386e-08, 0, 0.8914116024971008, 0.4531945586204529, 2.9802322387695312e-08, -0.45319461822509766, 0.8914116024971008),
        }},
        {Time = 0.100, Data = {
            ["LeftFoot"] = CFrame.new(2.2351741790771484e-08, -1.1920928955078125e-07, 0, 0.9972449541091919, 0.03735034540295601, 0.06409049034118652, -0.02290254831314087, 0.976806640625, -0.21289512515068054, -0.07055582106113434, 0.21084091067314148, 0.9749708771705627),
            ["LeftLowerArm"] = CFrame.new(2.9802322387695312e-08, 1.7881393432617188e-07, 4.470348358154297e-08, 1, -1.4901162614933128e-07, -1.4901162970204496e-08, -8.195639367158947e-08, 0.12016637623310089, -0.992753803730011, 1.1920930376163597e-07, 0.992753803730011, 0.12016639113426208),
            ["LowerTorso"] = CFrame.new(0.3358238935470581, -0.2710578441619873, 0.01753012277185917, 0.9827890396118164, -0.010826383717358112, 0.18441379070281982, 0.04556002467870712, 0.9816495180130005, -0.18517151474952698, -0.17902496457099915, 0.19038644433021545, 0.9652476906776428),
            ["Head"] = CFrame.new(7.171183824539185e-08, 0, -1.1175870895385742e-08, 0.9904772043228149, -0.10283243656158447, 0.09154456108808517, 0.08610284328460693, 0.9815124273300171, 0.17093795537948608, -0.10743016004562378, -0.1614277958869934, 0.9810197949409485),
            ["RightUpperArm"] = CFrame.new(1.1920928955078125e-07, 2.384185791015625e-07, 1.4901161193847656e-08, 0.9750193357467651, -0.08352198451757431, -0.205818772315979, 0.1748894900083542, 0.859914243221283, 0.4795425832271576, 0.13693414628505707, -0.5035588145256042, 0.8530402183532715),
            ["UpperTorso"] = CFrame.new(1.862645149230957e-09, -1.1920928955078125e-07, 7.450580596923828e-09, 0.9906220436096191, 0.1366277039051056, -0.0009813930373638868, -0.131683811545372, 0.956642210483551, 0.2597983777523041, 0.036434490233659744, -0.25723278522491455, 0.9656623601913452),
            ["HumanoidRootPart"] = CFrame.new(0, 0, 0, 1, 0, 0, 0, 1, 0, 0, 0, 1),
            ["RightHand"] = CFrame.new(-7.916241884231567e-08, 0, -3.725290298461914e-09, 0.6871212124824524, 0.14992880821228027, 0.7109049558639526, -0.1848869025707245, 0.982347309589386, -0.02847415581345558, -0.7026246190071106, -0.1118718609213829, 0.7027114629745483),
            ["LeftUpperArm"] = CFrame.new(1.1920928955078125e-07, 2.384185791015625e-07, -1.4901161193847656e-08, 0.16056448221206665, 0.284513920545578, -0.9451301693916321, -0.49078547954559326, 0.8538019061088562, 0.1736435741186142, 0.8563578724861145, 0.4359751343727112, 0.27672556042671204),
            ["RightLowerArm"] = CFrame.new(-5.960464477539063e-08, -2.384185791015625e-07, -2.60770320892334e-08, 1, -8.381902283360887e-09, 4.656612162534657e-08, 4.284083843231201e-08, 0.9243596196174622, -0.3815222978591919, -3.3527612686157227e-08, 0.3815222978591919, 0.9243596196174622),
            ["LeftHand"] = CFrame.new(-1.4156103134155273e-07, 5.960464477539063e-08, 2.9802322387695312e-08, 0.8930016160011292, 0.10010743141174316, -0.4387786388397217, -0.10525035858154297, 0.9943651556968689, 0.012659192085266113, 0.4375735819339752, 0.03487697243690491, 0.8985059857368469),
            ["RightUpperLeg"] = CFrame.new(-2.9802322387695312e-08, -4.684552550315857e-07, 3.55576048605144e-08, 0.8731266260147095, -0.28398555517196655, 0.396234929561615, 0.3009030818939209, 0.9534391164779663, 0.020282084122300148, -0.3835456073284149, 0.10151945799589157, 0.9179251194000244),
            ["LeftUpperLeg"] = CFrame.new(0, -1.8079299479722977e-07, -5.587935447692871e-09, 0.7567079067230225, 0.6313556432723999, 0.1696561723947525, -0.43019095063209534, 0.6762882471084595, -0.597971498966217, -0.4922691881656647, 0.3795052468776703, 0.7833560705184937),
            ["RightLowerLeg"] = CFrame.new(-1.6391277313232422e-07, -0.00015437602996826172, -0.00006408819899661466, 1, -1.490115550950577e-07, -5.960463766996327e-08, 5.960463056453591e-08, 0.7109642624855042, 0.7032278180122375, -3.7252894102834944e-09, -0.7032281756401062, 0.7109647393226624),
            ["RightFoot"] = CFrame.new(1.0151416063308716e-07, 4.76837158203125e-07, -6.535992724820971e-08, 0.8936425447463989, 0.4023053050041199, 0.19888070225715637, -0.24995899200439453, 0.8142491579055786, -0.5239452123641968, -0.3727244734764099, 0.41850802302360535, 0.8282076716423035),
            ["LeftLowerLeg"] = CFrame.new(0, 0.00015431642532348633, 0.00006410479545593262, 1, -8.940696716308594e-08, 1.4901161193847656e-08, -5.960465188081798e-08, 0.8923539519309998, 0.4513363838195801, 1.4901162970204496e-08, -0.4513363838195801, 0.892353892326355),
        }},
        {Time = 0.133, Data = {
            ["LeftFoot"] = CFrame.new(2.9802322387695312e-08, 0, 2.9802322387695312e-08, 0.9998865723609924, -0.0028077512979507446, -0.014799268916249275, 0.00007473864388884977, 0.9833896160125732, -0.18150749802589417, 0.015063123777508736, 0.1814856082201004, 0.9832782745361328),
            ["LeftLowerArm"] = CFrame.new(-5.960464477539063e-08, -2.980232238769531e-07, 5.960464477539063e-08, 1, -8.195638656616211e-08, -1.341104507446289e-07, -1.30385160446167e-08, 0.6307430863380432, -0.7759917378425598, 1.30385160446167e-07, 0.7759917974472046, 0.6307430863380432),
            ["LowerTorso"] = CFrame.new(0.3997468054294586, -0.328768253326416, 0.02135419473052025, 0.9823434948921204, -0.02130478248000145, 0.18586915731430054, 0.05568749085068703, 0.9817603826522827, -0.18178407847881317, -0.17860610783100128, 0.18892499804496765, 0.9656123518943787),
            ["Head"] = CFrame.new(-4.377216100692749e-08, 2.384185791015625e-07, -1.862645149230957e-08, 0.9746865630149841, -0.1398487687110901, 0.1744375079870224, 0.10461438447237015, 0.9748110175132751, 0.19697558879852295, -0.19759038090705872, -0.1737406849861145, 0.9647654294967651),
            ["RightUpperArm"] = CFrame.new(0, 2.384185791015625e-07, -1.4901161193847656e-08, 0.8542006015777588, 0.052967675030231476, -0.5172385573387146, 0.1520681083202362, 0.9258490800857544, 0.34594622254371643, 0.49720892310142517, -0.3741629719734192, 0.7828060984611511),
            ["UpperTorso"] = CFrame.new(-1.1175870895385742e-08, 5.960464477539063e-08, -7.450580596923828e-09, 0.9891406297683716, 0.1442522257566452, -0.028147665783762932, -0.131600484251976, 0.9545612335205078, 0.26738396286964417, 0.06543941050767899, -0.2607760727405548, 0.9631788730621338),
            ["HumanoidRootPart"] = CFrame.new(0, 0, 0, 1, 0, 0, 0, 1, 0, 0, 0, 1),
            ["RightHand"] = CFrame.new(5.960464477539063e-08, 1.1920928955078125e-07, 1.043081283569336e-07, 0.6820933222770691, 0.10047037154436111, 0.7243303656578064, -0.16660456359386444, 0.9858179092407227, 0.020148776471614838, -0.7120335102081299, -0.13442005217075348, 0.6891586184501648),
            ["LeftUpperArm"] = CFrame.new(-1.1920928955078125e-07, -1.1920928955078125e-07, -5.960464477539063e-08, -0.06198662519454956, 0.23315928876399994, -0.9704609513282776, -0.3786865770816803, 0.8941316604614258, 0.23900865018367767, 0.9234468340873718, 0.38231590390205383, 0.032870106399059296),
            ["RightLowerArm"] = CFrame.new(-5.960464477539063e-08, -1.7881393432617188e-07, 8.940696716308594e-08, 1, -3.3527612686157227e-08, 5.3551048040390015e-08, 4.0978193283081055e-08, 0.911522626876831, -0.4112500548362732, -2.60770320892334e-08, 0.4112500250339508, 0.911522626876831),
            ["LeftHand"] = CFrame.new(6.705522537231445e-08, -1.1920928955078125e-07, 7.450580596923828e-09, 0.9509831666946411, 0.08197566121816635, -0.2981797456741333, -0.10047412663698196, 0.9938185214996338, -0.047220803797245026, 0.29246559739112854, 0.07486550509929657, 0.9533410668373108),
            ["RightUpperLeg"] = CFrame.new(-1.1920928955078125e-07, -1.8998980522155762e-07, 5.75528247281909e-09, 0.8368563055992126, -0.3632040023803711, 0.4095783531665802, 0.29461470246315, 0.9294183254241943, 0.22222450375556946, -0.46138250827789307, -0.06530221551656723, 0.8847947716712952),
            ["LeftUpperLeg"] = CFrame.new(0, -1.0139774531126022e-07, -1.30385160446167e-08, 0.6663087606430054, 0.6955503225326538, 0.26877912878990173, -0.4465322494506836, 0.6608595848083496, -0.6032192707061768, -0.5971947312355042, 0.28191184997558594, 0.7509223222732544),
            ["RightLowerLeg"] = CFrame.new(-1.862645149230957e-07, -0.0001544952392578125, -0.00006405839667422697, 1, -2.2351731132630448e-08, -4.470347647611561e-08, -7.450580596923828e-09, 0.882395327091217, 0.47050851583480835, -1.4901161193847656e-08, -0.47050878405570984, 0.8823954463005066),
            ["RightFoot"] = CFrame.new(6.276241037994623e-08, 3.5762786865234375e-07, -3.761670086532831e-08, 0.9022048115730286, 0.4190862476825714, 0.1019485667347908, -0.2874196767807007, 0.7604227066040039, -0.5823630690574646, -0.3215844929218292, 0.49610891938209534, 0.8065109848976135),
            ["LeftLowerLeg"] = CFrame.new(2.2351741790771484e-08, 0.00015425682067871094, 0.0000640377402305603, 1, 3.725289943190546e-08, 7.450580596923828e-09, 0, 0.9163153767585754, 0.40045738220214844, 2.9802322387695312e-08, -0.40045732259750366, 0.9163154363632202),
        }},
        {Time = 0.167, Data = {
            ["LeftFoot"] = CFrame.new(-4.470348358154297e-08, 5.960464477539063e-08, -5.029141902923584e-08, 0.9969221353530884, 0.0024752765893936157, -0.07836033403873444, -0.015186667442321777, 0.986667275428772, -0.16204042732715607, 0.0769144669175148, 0.16273173689842224, 0.9836679697036743),
            ["LeftLowerArm"] = CFrame.new(-2.9802322387695312e-08, -1.1920928955078125e-07, 1.043081283569336e-07, 1, -9.778887033462524e-08, 6.51925802230835e-09, 4.470348358154297e-08, 0.883184015750885, -0.4690268039703369, 2.2351741790771484e-08, 0.4690268039703369, 0.8831839561462402),
            ["LowerTorso"] = CFrame.new(0.4111331105232239, -0.3557906150817871, 0.02295783720910549, 0.981842041015625, -0.03198745846748352, 0.1869838833808899, 0.06567245721817017, 0.9820457100868225, -0.1768433153629303, -0.17796991765499115, 0.18591190874576569, 0.9663144946098328),
            ["Head"] = CFrame.new(1.4901161193847656e-08, -2.384185791015625e-07, 0, 0.9653763771057129, -0.15611295402050018, 0.20899085700511932, 0.11186707019805908, 0.971504807472229, 0.2089598923921585, -0.2356569916009903, -0.17834563553333282, 0.9553317427635193),
            ["RightUpperArm"] = CFrame.new(-5.960464477539063e-08, 0, 1.4901161193847656e-08, 0.7453938126564026, 0.09478501975536346, -0.6598514318466187, 0.06873123347759247, 0.9736373424530029, 0.21750059723854065, 0.6630717515945435, -0.20747603476047516, 0.7192285060882568),
            ["UpperTorso"] = CFrame.new(3.166496753692627e-08, -1.7881393432617188e-07, 7.450580596923828e-09, 0.9879427552223206, 0.14818191528320312, -0.04484870657324791, -0.13074640929698944, 0.953687846660614, 0.2708965539932251, 0.08291362226009369, -0.2617665231227875, 0.9615631103515625),
            ["HumanoidRootPart"] = CFrame.new(0, 0, 0, 1, 0, 0, 0, 1, 0, 0, 0, 1),
            ["RightHand"] = CFrame.new(5.960464477539063e-08, 2.384185791015625e-07, 4.470348358154297e-08, 0.6881598234176636, 0.059326596558094025, 0.7231296896934509, -0.14123034477233887, 0.9885409474372864, 0.05329924076795578, -0.7116812467575073, -0.13880622386932373, 0.6886528730392456),
            ["LeftUpperArm"] = CFrame.new(5.960464477539063e-08, 0, 2.9802322387695312e-08, -0.06669030338525772, 0.21412792801856995, -0.9745264649391174, -0.2535727620124817, 0.9409963488578796, 0.22411340475082397, 0.965014636516571, 0.2620595693588257, -0.008458339609205723),
            ["RightLowerArm"] = CFrame.new(-1.4901161193847656e-07, 2.980232238769531e-07, -1.4901161193847656e-08, 1, 1.4901162970204496e-08, 1.527369164477932e-07, 4.470348358154297e-08, 0.8882832527160645, -0.45929625630378723, -1.1362135410308838e-07, 0.45929625630378723, 0.8882831931114197),
            ["LeftHand"] = CFrame.new(-3.5390257835388184e-08, -1.1920928955078125e-07, 2.7474015951156616e-08, 0.9775196313858032, 0.052743036299943924, -0.20414140820503235, -0.07529299706220627, 0.9916898012161255, -0.10431839525699615, 0.19694286584854126, 0.1173437088727951, 0.9733673334121704),
            ["RightUpperLeg"] = CFrame.new(5.960464477539063e-08, -2.2351741790771484e-08, 5.045876605436206e-08, 0.83408522605896, -0.32662445306777954, 0.44454285502433777, 0.2815181612968445, 0.9450585842132568, 0.16616849601268768, -0.47439366579055786, -0.013451819308102131, 0.8802100419998169),
            ["LeftUpperLeg"] = CFrame.new(2.9802322387695312e-08, 2.3213215172290802e-07, 7.450580596923828e-09, 0.6163572072982788, 0.7284905910491943, 0.2990075945854187, -0.4532952308654785, 0.6387153267860413, -0.6217443943023682, -0.643915593624115, 0.24767786264419556, 0.7238980531692505),
            ["RightLowerLeg"] = CFrame.new(1.4901161193847656e-08, -0.0001544952392578125, -0.00006400996790034696, 1, -7.450577754752885e-08, -8.940693874137651e-08, 7.450580596923828e-08, 0.8278679251670837, 0.5609229207038879, -4.7497451305389404e-08, -0.560923159122467, 0.8278680443763733),
            ["RightFoot"] = CFrame.new(-1.816079020500183e-08, 4.172325134277344e-07, -8.013739716261625e-08, 0.9060856103897095, 0.41450613737106323, 0.08481612056493759, -0.27676132321357727, 0.7322990894317627, -0.6222066879272461, -0.32001909613609314, 0.5402988195419312, 0.7782449126243591),
            ["LeftLowerLeg"] = CFrame.new(-4.470348358154297e-08, 0.00015437602996826172, 0.00006398558616638184, 1, 2.421438694000244e-08, 1.0430811414607888e-07, -4.470348358154297e-08, 0.8995826840400696, 0.4367506504058838, 2.9802322387695312e-08, -0.43675071001052856, 0.8995826244354248),
        }},
        {Time = 0.200, Data = {
            ["LeftFoot"] = CFrame.new(-3.91155481338501e-08, 0, 9.685754776000977e-08, 0.9921170473098755, -0.0353713259100914, -0.12021913379430771, 0.009186021983623505, 0.9772849082946777, -0.21173050999641418, 0.12497763335704803, 0.20895706117153168, 0.9699059724807739),
            ["LeftLowerArm"] = CFrame.new(2.9802322387695312e-08, -4.172325134277344e-07, 1.1175870895385742e-07, 1, -7.078051567077637e-08, 1.6763804566721774e-08, 6.845220923423767e-08, 0.8459252715110779, -0.533301591873169, 5.029141902923584e-08, 0.5333015322685242, 0.8459251523017883),
            ["LowerTorso"] = CFrame.new(0.38240230083465576, -0.34540343284606934, 0.02126380242407322, 0.9853302240371704, -0.044448371976614, 0.16476859152317047, 0.0720267966389656, 0.9835946559906006, -0.1653895527124405, -0.1547141969203949, 0.1748310774564743, 0.9723671078681946),
            ["Head"] = CFrame.new(3.259629011154175e-08, -7.152557373046875e-07, -7.450580596923828e-09, 0.9785465002059937, -0.1380225121974945, 0.1529599279165268, 0.10665297508239746, 0.9745664596557617, 0.1970924437046051, -0.17627282440662384, -0.17655034363269806, 0.968379020690918),
            ["RightUpperArm"] = CFrame.new(0, -4.76837158203125e-07, 1.4901161193847656e-08, 0.7535049915313721, 0.037044327706098557, -0.6563977003097534, 0.031463395804166794, 0.9952355027198792, 0.09228500723838806, 0.656688928604126, -0.09018972516059875, 0.748749315738678),
            ["UpperTorso"] = CFrame.new(-2.60770320892334e-08, -8.940696716308594e-08, -1.4901161193847656e-08, 0.9880249500274658, 0.14467298984527588, -0.053634148091077805, -0.12597347795963287, 0.9570817947387695, 0.2610078752040863, 0.08909305930137634, -0.2511258125305176, 0.9638456702232361),
            ["HumanoidRootPart"] = CFrame.new(0, 0, 0, 1, 0, 0, 0, 1, 0, 0, 0, 1),
            ["RightHand"] = CFrame.new(1.825392246246338e-07, -5.960464477539063e-08, 9.685754776000977e-08, 0.7361087203025818, 0.06872502714395523, 0.6733653545379639, -0.14365006983280182, 0.9880318641662598, 0.056194666773080826, -0.6614444255828857, -0.13809435069561005, 0.7371711730957031),
            ["LeftUpperArm"] = CFrame.new(5.960464477539063e-08, -5.960464477539062e-07, 1.4901161193847656e-08, 0.08934473991394043, 0.20146721601486206, -0.9754119515419006, -0.14077386260032654, 0.9720516800880432, 0.18787875771522522, 0.9860022068023682, 0.12052655220031738, 0.11520896852016449),
            ["RightLowerArm"] = CFrame.new(-5.960464477539063e-08, 1.1920928955078125e-07, 8.940696716308594e-08, 1, -7.450580596923828e-09, 4.4703490686970326e-08, 4.842877388000488e-08, 0.8374910950660706, -0.5464510917663574, -2.421438694000244e-08, 0.5464509725570679, 0.8374911546707153),
            ["LeftHand"] = CFrame.new(-6.705522537231445e-08, 1.7881393432617188e-07, -4.470348358154297e-08, 0.9745023250579834, 0.024415208026766777, -0.22304558753967285, -0.04788028821349144, 0.9937936067581177, -0.10040884464979172, 0.21920974552631378, 0.10852815210819244, 0.9696230292320251),
            ["RightUpperLeg"] = CFrame.new(0, 5.4016709327697754e-08, -5.012407200410962e-08, 0.8535445928573608, -0.35259610414505005, 0.38358545303344727, 0.3504912555217743, 0.9333118200302124, 0.07800646871328354, -0.3855096101760864, 0.0678614005446434, 0.9202049970626831),
            ["LeftUpperLeg"] = CFrame.new(0, -2.039596438407898e-07, -1.862645149230957e-09, 0.7013995051383972, 0.6987659931182861, 0.14058829843997955, -0.5202094316482544, 0.6366930603981018, -0.5692136287689209, -0.4872586131095886, 0.3261108100414276, 0.8100807666778564),
            ["RightLowerLeg"] = CFrame.new(1.1920928955078125e-07, -0.00015431642532348633, -0.00006405839667422697, 1, -1.3411036547950062e-07, -4.470348358154297e-08, 1.1920930376163597e-07, 0.7977871894836426, 0.6029391884803772, -1.6763808119435453e-08, -0.602939248085022, 0.7977871894836426),
            ["RightFoot"] = CFrame.new(1.424923539161682e-07, 2.384185791015625e-07, 3.894820110872388e-08, 0.883675217628479, 0.4575051963329315, 0.0990317314863205, -0.32737138867378235, 0.7552363872528076, -0.5678427815437317, -0.33458346128463745, 0.46936875581741333, 0.8171581625938416),
            ["LeftLowerLeg"] = CFrame.new(-7.450580596923828e-08, 0.00015425682067871094, 0.00006400793790817261, 1, 7.450577932388569e-09, 2.2351741790771484e-08, -2.9802322387695312e-08, 0.8004448413848877, 0.5994064807891846, 2.9802322387695312e-08, -0.599406361579895, 0.8004447817802429),
        }},
        {Time = 0.233, Data = {
            ["LeftFoot"] = CFrame.new(-8.242204785346985e-08, 0, -5.029141902923584e-08, 0.9899978041648865, -0.12192923575639725, 0.07097616046667099, 0.13737964630126953, 0.9476474523544312, -0.2882557213306427, -0.03211335092782974, 0.2951231002807617, 0.9549193978309631),
            ["LeftLowerArm"] = CFrame.new(5.960464477539063e-08, 5.960464477539063e-08, 0, 1, -1.0943041672817344e-07, 5.704350769519806e-09, 6.961636955793438e-08, 0.7295367121696472, -0.683941662311554, 1.0104851355663413e-07, 0.6839417219161987, 0.7295367121696472),
            ["LowerTorso"] = CFrame.new(0.34498587250709534, -0.3056812286376953, 0.01696559600532055, 0.9927251935005188, -0.05893575772643089, 0.10499167442321777, 0.07398226857185364, 0.9865538477897644, -0.14573314785957336, -0.09499102830886841, 0.15244048833847046, 0.9837371706962585),
            ["Head"] = CFrame.new(7.334165275096893e-09, 1.1920928955078125e-07, -5.587935447692871e-09, 0.9958277940750122, -0.0911700576543808, 0.0038823881186544895, 0.08925279229879379, 0.9819796681404114, 0.16658318042755127, -0.018999822437763214, -0.16554152965545654, 0.9860197901725769),
            ["RightUpperArm"] = CFrame.new(0, 1.1920928955078125e-07, 0, 0.7829013466835022, -0.032230548560619354, -0.6213105320930481, 0.021395262330770493, 0.9994613528251648, -0.024887409061193466, 0.6217779517173767, 0.006191282067447901, 0.783169150352478),
            ["UpperTorso"] = CFrame.new(3.725290298461914e-09, 8.940696716308594e-08, -2.60770320892334e-08, 0.9890889525413513, 0.1336975246667862, -0.061871934682130814, -0.11572961509227753, 0.965023934841156, 0.23523497581481934, 0.09115825593471527, -0.22550785541534424, 0.9699671864509583),
            ["HumanoidRootPart"] = CFrame.new(0, 0, 0, 1, 0, 0, 0, 1, 0, 0, 0, 1),
            ["RightHand"] = CFrame.new(6.332993507385254e-08, 0, -1.862645149230957e-07, 0.835654616355896, 0.09307852387428284, 0.5413112640380859, -0.15051783621311188, 0.9866160750389099, 0.06271477788686752, -0.5282289981842041, -0.13388480246067047, 0.8384802341461182),
            ["LeftUpperArm"] = CFrame.new(0, 3.5762786865234375e-07, 1.30385160446167e-08, 0.2635529935359955, 0.1853979527950287, -0.9466612339019775, -0.07128217816352844, 0.9824172258377075, 0.17255538702011108, 0.9620077013969421, 0.022002579644322395, 0.27213454246520996),
            ["RightLowerArm"] = CFrame.new(1.1920928955078125e-07, 5.960464477539063e-08, -5.960464477539063e-08, 1, 2.421439049271612e-08, 1.8067657947540283e-07, 6.51925802230835e-08, 0.7405063509941101, -0.6720494031906128, -5.774199962615967e-08, 0.6720494031906128, 0.7405062913894653),
            ["LeftHand"] = CFrame.new(6.51925802230835e-09, 5.960464477539063e-08, -1.4901161193847656e-08, 0.9621760845184326, -0.0035348800010979176, -0.27240556478500366, -0.021000636741518974, 0.9959781169891357, -0.08710170537233353, 0.2716178596019745, 0.08952780812978745, 0.958232045173645),
            ["RightUpperLeg"] = CFrame.new(1.1920928955078125e-07, 2.2584572434425354e-07, 1.673470251262188e-10, 0.8945416212081909, -0.37409064173698425, 0.24464565515518188, 0.42106589674949646, 0.888916015625, -0.18036586046218872, -0.14999625086784363, 0.264356791973114, 0.9526891708374023),
            ["LeftUpperLeg"] = CFrame.new(0, 2.384185791015625e-07, -1.30385160446167e-08, 0.8290802836418152, 0.5461905002593994, -0.1195906549692154, -0.5444560647010803, 0.7399600744247437, -0.39500221610069275, -0.12725405395030975, 0.392600417137146, 0.9108630418777466),
            ["RightLowerLeg"] = CFrame.new(-1.4901161193847656e-07, -0.00015461444854736328, -0.00006408819899661466, 1, -1.1548394240890048e-07, -2.9802315282267955e-08, 1.1175869474300271e-07, 0.6757975220680237, 0.7370871901512146, -4.470347647611561e-08, -0.7370873093605042, 0.6757977604866028),
            ["RightFoot"] = CFrame.new(7.916241884231567e-08, 2.980232238769531e-07, 1.6952981241047382e-09, 0.8793593049049377, 0.4502810537815094, 0.154836505651474, -0.35401612520217896, 0.8357217311859131, -0.4198116064071655, -0.31843340396881104, 0.3143506348133087, 0.8943063616752625),
            ["LeftLowerLeg"] = CFrame.new(-2.2351741790771484e-08, 0.00015419721603393555, 0.00006402214785339311, 1, 7.4505797087454084e-09, -7.450579886381092e-08, -1.0430811414607888e-07, 0.6915798783302307, 0.722300112247467, 5.918263212834063e-08, -0.722300112247467, 0.6915798783302307),
        }},
        {Time = 0.267, Data = {
            ["LeftFoot"] = CFrame.new(-4.377216100692749e-08, 0, 1.6763806343078613e-08, 0.9799789786338806, -0.1332232654094696, 0.14796185493469238, 0.17448963224887848, 0.9325775504112244, -0.3159945607185364, -0.09588810801506042, 0.33548593521118164, 0.9371525049209595),
            ["LeftLowerArm"] = CFrame.new(-2.9802322387695312e-08, 0, 5.960464477539063e-08, 1, -1.3085085015518416e-07, 3.073364851502447e-08, 8.405186235904694e-08, 0.5341730117797852, -0.8453751802444458, 1.0934309102594852e-07, 0.8453752398490906, 0.5341730117797852),
            ["LowerTorso"] = CFrame.new(0.29354777932167053, -0.23998486995697021, 0.011239051818847656, 0.9971776008605957, -0.07209601253271103, 0.020952871069312096, 0.0741276815533638, 0.9897109866142273, -0.12238181382417679, -0.011914045549929142, 0.12358959019184113, 0.9922618865966797),
            ["Head"] = CFrame.new(-6.984919309616089e-10, -3.5762786865234375e-07, 0, 0.9795820713043213, -0.032242920249700546, -0.198442742228508, 0.058991119265556335, 0.9897058606147766, 0.1303935945034027, 0.19219563901424408, -0.13943743705749512, 0.9714000225067139),
            ["RightUpperArm"] = CFrame.new(1.1920928955078125e-07, -5.960464477539062e-07, -7.450580596923828e-09, 0.8263349533081055, -0.10734642297029495, -0.5528538823127747, 0.03930705040693283, 0.990265429019928, -0.13352657854557037, 0.5618056058883667, 0.08860660344362259, 0.8225104808807373),
            ["UpperTorso"] = CFrame.new(-1.3271346688270569e-08, -1.1920928955078125e-07, 2.2817403078079224e-08, 0.9906076192855835, 0.1182042807340622, -0.06873445957899094, -0.10228907316923141, 0.9742029309272766, 0.2011604756116867, 0.09073936194181442, -0.19224028289318085, 0.9771438241004944),
            ["HumanoidRootPart"] = CFrame.new(0, 0, 0, 1, 0, 0, 0, 1, 0, 0, 0, 1),
            ["RightHand"] = CFrame.new(-3.725290298461914e-08, 1.1920928955078125e-07, 1.564621925354004e-07, 0.9306729435920715, 0.12473136931657791, 0.34393322467803955, -0.1576281040906906, 0.9850645065307617, 0.06929206848144531, -0.3301534652709961, -0.11870180815458298, 0.9364339709281921),
            ["LeftUpperArm"] = CFrame.new(0, -1.1920928955078125e-07, 7.450580596923828e-09, 0.44747206568717957, 0.1640801876783371, -0.8791168928146362, -0.05094452574849129, 0.98610520362854, 0.1581178456544876, 0.8928458094596863, -0.025967124849557877, 0.44961345195770264),
            ["RightLowerArm"] = CFrame.new(-1.1920928955078125e-07, 2.384185791015625e-07, 1.4901161193847656e-08, 1, 1.6763806343078613e-08, 1.2293457984924316e-07, 9.313227167240257e-08, 0.5944856405258179, -0.8041062355041504, -2.8172511434831904e-08, 0.8041062355041504, 0.5944857001304626),
            ["LeftHand"] = CFrame.new(5.122274160385132e-09, -2.384185791015625e-07, 2.384185791015625e-07, 0.9411842823028564, -0.03198271244764328, -0.33637699484825134, 0.008619465865194798, 0.9974589943885803, -0.07072117924690247, 0.337784081697464, 0.0636623352766037, 0.9390681982040405),
            ["RightUpperLeg"] = CFrame.new(0, 1.4581019058823586e-07, -1.6130798030644655e-08, 0.9328151345252991, -0.35593411326408386, 0.056275270879268646, 0.342879056930542, 0.8286431431770325, -0.44247549772262573, 0.11086004972457886, 0.4320434331893921, 0.895013153553009),
            ["LeftUpperLeg"] = CFrame.new(5.960464477539063e-08, -1.7695128917694092e-08, 9.313225746154785e-10, 0.8783938884735107, 0.4769424498081207, -0.030825193971395493, -0.4473333954811096, 0.7977269887924194, -0.404381662607193, -0.16827668249607086, 0.3689955174922943, 0.9140708446502686),
            ["RightLowerLeg"] = CFrame.new(1.0058283805847168e-07, -0.00015431642532348633, -0.00006405094609363005, 1, -1.4528623637488636e-07, -7.450579175838357e-08, 1.266598843585598e-07, 0.5282687544822693, 0.8490771651268005, -5.2154071283894154e-08, -0.8490772843360901, 0.5282689332962036),
            ["RightFoot"] = CFrame.new(4.98257577419281e-08, 2.980232238769531e-07, -2.438173396512866e-08, 0.9461960792541504, 0.28307607769966125, 0.15678438544273376, -0.24100729823112488, 0.9397871494293213, -0.2423122525215149, -0.21593673527240753, 0.1914890855550766, 0.9574463367462158),
