return {
    ["Fly High"] = {
        {Time = 0.000, Data = {
            ["LeftFoot"] = CFrame.new(-5.122274160385132e-09, 0, 6.938353180885315e-08, 1, 0.00006683729588985443, 0.00004711375368060544, -0.00006788038444938138, 0.9997157454490662, 0.023843517526984215, -0.00004557334250421263, -0.023843538016080856, 0.9997157454490662),
            ["LeftLowerArm"] = CFrame.new(2.9802322387695312e-08, -5.960464477539063e-08, -5.960464477539063e-08, 1, -1.0430815677864302e-07, 9.406359424701805e-08, 9.685754776000977e-08, 0.1620951145887375, -0.9867751598358154, 9.685754776000977e-08, 0.9867752194404602, 0.1620950847864151),
            ["LowerTorso"] = CFrame.new(6.493246833376681e-19, 0.39769744873046875, 0.0029242984019219875, 1, -1.4324900435595295e-17, -4.6255738228691e-19, 1.4324900435595295e-17, 0.9979168176651001, 0.06451361626386642, -4.6255738228691e-19, -0.06451361626386642, 0.9979168176651001),
            ["Head"] = CFrame.new(4.3943970041879595e-25, -1.1920928955078125e-07, -5.960464477539063e-08, 1, -5.945361145762952e-25, -1.2149216232948726e-24, 1.6026624368214911e-24, 0.9314929246902466, 0.36375972628593445, 1.550963648536927e-25, -0.36375972628593445, 0.9314929246902466),
            ["RightUpperArm"] = CFrame.new(0, -0.02119755744934082, 5.960464477539063e-08, 0.349240779876709, -0.9337042570114136, 0.07891368120908737, 0.890123724937439, 0.3042662739753723, -0.33926665782928467, 0.29276394844055176, 0.1887286901473999, 0.9373744130134583),
            ["UpperTorso"] = CFrame.new(-4.893613428560783e-24, -1.4901161193847656e-07, -7.450580596923828e-09, 1, 1.5832755884300058e-24, 2.067951777901602e-25, -1.1632227364026952e-25, 0.9919716119766235, 0.12646161019802094, -5.169878828456423e-26, -0.12646161019802094, 0.9919716119766235),
            ["HumanoidRootPart"] = CFrame.new(0, 0, 0, 1, 0, 0, 0, 1, 0, 0, 0, 1),
            ["RightHand"] = CFrame.new(2.682209014892578e-07, -1.1920928955078125e-07, -6.705522537231445e-08, 0.9319813251495361, -0.3586696982383728, -0.052601199597120285, 0.3581460416316986, 0.9334642291069031, -0.01938890852034092, 0.056055545806884766, -0.0007688049226999283, 0.9984274506568909),
            ["LeftUpperArm"] = CFrame.new(0, -0.02119755744934082, 5.960464477539063e-08, 0.34924080967903137, 0.9337042570114136, -0.07891377806663513, -0.8165633082389832, 0.26195028424263, -0.5143991708755493, -0.459625244140625, 0.24408726394176483, 0.8539122343063354),
            ["RightLowerArm"] = CFrame.new(2.384185791015625e-07, -2.980232238769531e-07, 1.043081283569336e-07, 1, -8.754432201385498e-08, 8.381903171539307e-08, 5.587935447692871e-08, 0.1620950698852539, -0.9867751598358154, 7.636845111846924e-08, 0.9867751598358154, 0.1620950698852539),
            ["LeftHand"] = CFrame.new(-1.7881393432617188e-07, 5.960464477539063e-08, 1.1175870895385742e-07, 0.8220748901367188, 0.5668798685073853, -0.05329520255327225, -0.568671703338623, 0.8221137523651123, -0.02722844108939171, 0.028379498049616814, 0.052691325545310974, 0.9982075095176697),
            ["RightUpperLeg"] = CFrame.new(0, -6.80884113535285e-08, 1.809530658647418e-08, 0.995298445224762, -0.058575764298439026, -0.07713552564382553, 0.005377762485295534, 0.8285898566246033, -0.559830367565155, 0.09670620411634445, 0.5567833781242371, 0.8250091671943665),
            ["LeftUpperLeg"] = CFrame.new(0, -6.779737304896116e-08, -9.546056389808655e-09, 0.96173495054245, 0.19529810547828674, 0.19215770065784454, -0.009609291329979897, 0.7249647378921509, -0.6887190341949463, -0.27381300926208496, 0.6605186462402344, 0.6991006135940552),
            ["RightLowerLeg"] = CFrame.new(-1.30385160446167e-08, -0.0000035762786865234375, -0.000013331118680071086, 1, -2.4028119582908403e-07, -1.4901166878189542e-07, 2.2444876890403975e-07, 0.3477601706981659, 0.9375834465026855, -1.6391278734317893e-07, -0.9375835657119751, 0.34776070713996887),
            ["RightFoot"] = CFrame.new(1.955777406692505e-08, 2.980232238769531e-07, -5.75528247281909e-09, 0.9978492856025696, -0.05099980905652046, -0.04118116945028305, 0.05532363802194595, 0.9921923279762268, 0.11177608370780945, 0.035159073770046234, -0.11381357163190842, 0.9928797483444214),
            ["LeftLowerLeg"] = CFrame.new(-8.195638656616211e-08, 0.0000037550926208496094, 0.000013366341590881348, 1, 6.705523247774181e-08, 6.33299421792799e-08, -9.12696123123169e-08, 0.29331639409065247, 0.9560154676437378, 6.705522537231445e-08, -0.9560155272483826, 0.293316513299942),
        }},
        {Time = 0.050, Data = {
            ["LeftFoot"] = CFrame.new(4.190951585769653e-09, -1.7881393432617188e-07, -8.009374141693115e-08, 0.9998766183853149, -0.010957099497318268, -0.011260691098868847, 0.012506705708801746, 0.9888617992401123, 0.14831054210662842, 0.009510224685072899, -0.1484331488609314, 0.9888767600059509),
            ["LeftLowerArm"] = CFrame.new(5.066394805908203e-07, -2.384185791015625e-07, 2.5331974029541016e-07, 1, -1.1295198021343822e-07, 8.940696716308594e-08, 1.1175870895385742e-07, 0.09269337356090546, -0.9956947565078735, 1.2852251529693604e-07, 0.9956947565078735, 0.09269338101148605),
            ["LowerTorso"] = CFrame.new(6.493246833376681e-19, 0.3373260498046875, -0.0017378301126882434, 1, -1.4324162590488897e-17, -3.571236747905881e-19, 1.4324162590488897e-17, 0.9987576007843018, 0.04983213171362877, -3.571236747905881e-19, -0.04983213171362877, 0.9987576007843018),
            ["Head"] = CFrame.new(4.704589733895345e-24, 3.5762786865234375e-07, 5.960464477539063e-08, 0.9999980330467224, 0.0006594625301659107, -0.0018718424253165722, 0.00021295849001035094, 0.902076244354248, 0.4315766990184784, 0.0019731533247977495, -0.43157631158828735, 0.9020743370056152),
            ["RightUpperArm"] = CFrame.new(0, -0.02119731903076172, 8.940696716308594e-08, 0.3313318192958832, -0.9398294687271118, 0.08330538123846054, 0.8649556040763855, 0.26728636026382446, -0.42474669218063354, 0.3769230246543884, 0.21278758347034454, 0.9014712572097778),
            ["UpperTorso"] = CFrame.new(3.320031560149359e-24, 8.940696716308594e-08, 1.1175870895385742e-08, 1, -1.2666203129718236e-24, 7.754818242684634e-26, 2.7303422562785484e-25, 0.9886478185653687, 0.15025153756141663, -5.169878828456423e-26, -0.15025153756141663, 0.9886478185653687),
            ["HumanoidRootPart"] = CFrame.new(0, 0, 0, 1, 0, 0, 0, 1, 0, 0, 0, 1),
            ["RightHand"] = CFrame.new(-1.4901161193847656e-08, 5.960464477539063e-08, 0, 0.9240322113037109, -0.3789191246032715, -0.050843268632888794, 0.378018319606781, 0.9254139065742493, -0.026669301092624664, 0.05715659633278847, 0.00542357936501503, 0.9983505606651306),
            ["LeftUpperArm"] = CFrame.new(0, -0.02119731903076172, 8.940696716308594e-08, 0.30679240822792053, 0.9478237628936768, -0.08665241301059723, -0.7842172384262085, 0.20014172792434692, -0.5873216390609741, -0.5393345952033997, 0.24814017117023468, 0.8047016859054565),
            ["RightLowerArm"] = CFrame.new(-5.066394805908203e-07, -1.1920928955078125e-07, 1.4901161193847656e-08, 1, -8.009376273321323e-08, 1.0244550452398471e-07, 8.754432911928234e-08, 0.10215973109006882, -0.9947680234909058, 8.195639367158947e-08, 0.9947680234909058, 0.10215972363948822),
            ["LeftHand"] = CFrame.new(-5.960464477539063e-08, -1.1920928955078125e-07, -1.7881393432617188e-07, 0.8034040331840515, 0.5928353667259216, -0.055571042001247406, -0.5949903130531311, 0.8029044270515442, -0.03648564964532852, 0.022988222539424896, 0.06237693130970001, 0.9977878928184509),
            ["RightUpperLeg"] = CFrame.new(0, 2.4308974388986826e-08, -8.563802111893892e-09, 0.9948835372924805, -0.0660233348608017, -0.07646989077329636, 0.007929574698209763, 0.8056110739707947, -0.5923917889595032, 0.10071666538715363, 0.5887542963027954, 0.8020127415657043),
            ["LeftUpperLeg"] = CFrame.new(0, 5.3907569963485e-08, -1.1641532182693481e-10, 0.9580787420272827, 0.21806290745735168, 0.18583300709724426, -0.014265228994190693, 0.6841226816177368, -0.7292274832725525, -0.2861500084400177, 0.6960062980651855, 0.6585540175437927),
            ["RightLowerLeg"] = CFrame.new(5.587935447692871e-09, -0.000003635883331298828, -0.000013170931197237223, 1, -2.412124331385712e-07, -1.8347061825352284e-07, 2.3283067207557906e-07, 0.2256290316581726, 0.9742132425308228, -1.9092115621788253e-07, -0.9742132425308228, 0.22562961280345917),
            ["RightFoot"] = CFrame.new(-3.166496753692627e-08, 5.364418029785156e-07, -6.16346369497478e-08, 0.9980699419975281, -0.044639360159635544, -0.043172337114810944, 0.0503980852663517, 0.9884232878684998, 0.14310738444328308, 0.03628434240818024, -0.14500676095485687, 0.9887651801109314),
            ["LeftLowerLeg"] = CFrame.new(8.568167686462402e-08, 0.000004172325134277344, 0.0000133514404296875, 1, 1.0058282384761696e-07, 5.0291408371094803e-08, -7.82310962677002e-08, 0.16925601661205292, 0.9855721592903137, 8.754432201385498e-08, -0.9855721592903137, 0.16925597190856934),
        }},
        {Time = 0.100, Data = {
            ["LeftFoot"] = CFrame.new(1.862645149230957e-08, 5.960464477539063e-08, 7.729977369308472e-08, 0.9994373321533203, -0.017858682200312614, -0.028392307460308075, 0.02560001239180565, 0.953068733215332, 0.3016696572303772, 0.02167242392897606, -0.302226722240448, 0.9529897570610046),
            ["LeftLowerArm"] = CFrame.new(2.980232238769531e-07, 5.960464477539063e-08, 2.2351741790771484e-07, 1, -8.56816981809061e-08, 8.940698137394065e-08, 8.940698137394065e-08, 0.003964641131460667, -0.9999921321868896, 1.396984004031765e-07, 0.9999921321868896, 0.003964655566960573),
            ["LowerTorso"] = CFrame.new(6.493246833376681e-19, 0.29557299613952637, -0.005049604922533035, 1, -1.4322609145298523e-17, -2.7722653206863844e-19, 1.4322609145298523e-17, 0.9992510080337524, 0.03869723528623581, -2.7722653206863844e-19, -0.03869723528623581, 0.9992510080337524),
            ["Head"] = CFrame.new(5.3960610272013915e-24, 2.384185791015625e-07, 2.9802322387695312e-08, 0.9999955892562866, 0.0009685817640274763, -0.002808199729770422, 0.000522565736901015, 0.8732467293739319, 0.4872780442237854, 0.00292422017082572, -0.4872773289680481, 0.8732423782348633),
            ["RightUpperArm"] = CFrame.new(0, -0.021196842193603516, 8.940696716308594e-08, 0.32818403840065, -0.9408433437347412, 0.08431632071733475, 0.8331980109214783, 0.24626462161540985, -0.4951108694076538, 0.4450576901435852, 0.23273968696594238, 0.8647288680076599),
            ["UpperTorso"] = CFrame.new(-7.847714502883461e-25, 0, -1.862645149230957e-09, 1, 2.1584244108805566e-24, 4.1359030627651384e-25, -6.3007898221812655e-25, 0.9862194061279297, 0.1654430776834488, -5.169878828456423e-26, -0.1654430776834488, 0.9862194061279297),
            ["HumanoidRootPart"] = CFrame.new(0, 0, 0, 1, 0, 0, 0, 1, 0, 0, 0, 1),
            ["RightHand"] = CFrame.new(-8.940696716308594e-08, 1.1920928955078125e-07, 2.980232238769531e-07, 0.9129971861839294, -0.4050060510635376, -0.049053583294153214, 0.4033820331096649, 0.91416335105896, -0.03985528275370598, 0.060984693467617035, 0.016600389033555984, 0.9980007410049438),
            ["LeftUpperArm"] = CFrame.new(0, -0.021196842193603516, 8.940696716308594e-08, 0.27892735600471497, 0.955748975276947, -0.09350651502609253, -0.7514768838882446, 0.15660905838012695, -0.6409025192260742, -0.5978978872299194, 0.24903327226638794, 0.76190584897995),
            ["RightLowerArm"] = CFrame.new(6.556510925292969e-07, 1.1920928955078125e-07, -2.9802322387695312e-08, 1, -8.195639367158947e-08, 7.4505820180093e-08, 1.0058283805847168e-07, 0.01315888948738575, -0.9999134540557861, 8.754432201385498e-08, 0.9999134540557861, 0.013158882968127728),
            ["LeftHand"] = CFrame.new(-8.940696716308594e-08, -1.1920928955078125e-07, -2.5331974029541016e-07, 0.7834712862968445, 0.6186203360557556, -0.05900547653436661, -0.6212026476860046, 0.7822054624557495, -0.04755949601531029, 0.016733141615986824, 0.07391591370105743, 0.9971241354942322),
            ["RightUpperLeg"] = CFrame.new(0, -4.548928700387478e-08, 5.289621185511351e-09, 0.9943252205848694, -0.0744495615363121, -0.07599235326051712, 0.0104166055098176, 0.7790221571922302, -0.6269099116325378, 0.10587292909622192, 0.6225606799125671, 0.7753767371177673),
            ["LeftUpperLeg"] = CFrame.new(0, -9.767245501279831e-08, 5.587935447692871e-09, 0.954555094242096, 0.23923496901988983, 0.17773957550525665, -0.018559066578745842, 0.6429287791252136, -0.7657009959220886, -0.29745641350746155, 0.7276051640510559, 0.6181508898735046),
            ["RightLowerLeg"] = CFrame.new(1.30385160446167e-08, -0.000003635883331298828, -0.000013536009646486491, 1, -2.412125184036995e-07, -2.1979221287438122e-07, 2.430751919746399e-07, 0.10254430770874023, 0.9947284460067749, -2.1327286958694458e-07, -0.9947285056114197, 0.10254441946744919),
            ["RightFoot"] = CFrame.new(5.029141902923584e-08, 3.5762786865234375e-07, -3.55576048605144e-08, 0.9983747005462646, -0.03696684166789055, -0.04337768256664276, 0.044314682483673096, 0.9821192622184753, 0.18297028541564941, 0.03583820164203644, -0.18459515273571014, 0.9821610450744629),
            ["LeftLowerLeg"] = CFrame.new(5.21540641784668e-08, 0.000003993511199951172, 0.000013008713722229004, 1, 1.2479723920932884e-07, 7.078052988163108e-08, -8.195638656616211e-08, 0.05269862338900566, 0.9986105561256409, 1.0803341865539551e-07, -0.9986104965209961, 0.05269860848784447),
        }},
        {Time = 0.150, Data = {
            ["LeftFoot"] = CFrame.new(8.847564458847046e-09, -1.1920928955078125e-07, 6.146728992462158e-08, 0.9988012313842773, -0.01776929572224617, -0.04561246186494827, 0.03606251999735832, 0.8971958160400391, 0.44015830755233765, 0.03310200944542885, -0.4412755072116852, 0.8967609405517578),
            ["LeftLowerArm"] = CFrame.new(-3.2782554626464844e-07, 5.960464477539063e-08, -1.6391277313232422e-07, 1, -8.195639367158947e-08, 1.341104507446289e-07, 1.043081283569336e-07, -0.0721340999007225, -0.9973949790000916, 1.1920928955078125e-07, 0.9973950386047363, -0.07213408499956131),
            ["LowerTorso"] = CFrame.new(6.493246833376681e-19, 0.2717711925506592, -0.003935781307518482, 1, -1.4322940017543544e-17, -2.8995567847309313e-19, 1.432293836318232e-17, 0.999180793762207, 0.040471699088811874, -2.89955652623699e-19, -0.040471699088811874, 0.999180793762207),
            ["Head"] = CFrame.new(7.644958317579935e-24, 0, 0, 0.9999969601631165, 0.0007926849648356438, -0.0023466183338314295, 0.0005677459412254393, 0.8488250374794006, 0.5286734700202942, 0.0024109394289553165, -0.5286732316017151, 0.8488221168518066),
            ["RightUpperArm"] = CFrame.new(0, -0.02119743824005127, 2.9802322387695312e-08, 0.3354209363460541, -0.9384612441062927, 0.08236110955476761, 0.8016427159309387, 0.2384081482887268, -0.5482066869735718, 0.4948351979255676, 0.24990420043468475, 0.8322775959968567),
            ["UpperTorso"] = CFrame.new(-1.387789348013771e-24, -2.086162567138672e-07, 3.725290298461914e-09, 1, 2.578477065692641e-24, 3.360421238496675e-25, -1.0388225270929625e-24, 0.9857789874076843, 0.16804727911949158, -2.5849394142282115e-26, -0.16804727911949158, 0.9857789874076843),
            ["HumanoidRootPart"] = CFrame.new(0, 0, 0, 1, 0, 0, 0, 1, 0, 0, 0, 1),
            ["RightHand"] = CFrame.new(1.4901161193847656e-07, -5.960464477539063e-08, -2.682209014892578e-07, 0.8941027522087097, -0.44531598687171936, -0.04768741875886917, 0.4427770972251892, 0.8949256539344788, -0.05528771132230759, 0.06729719787836075, 0.028317997232079506, 0.9973310232162476),
            ["LeftUpperArm"] = CFrame.new(0, -0.02119743824005127, 2.9802322387695312e-08, 0.2724962532520294, 0.9571159482002258, -0.0983612984418869, -0.727104663848877, 0.13789543509483337, -0.6725351810455322, -0.6301306486129761, 0.2547822594642639, 0.7334994673728943),
            ["RightLowerArm"] = CFrame.new(-8.940696716308594e-08, -1.7881393432617188e-07, 1.4901161193847656e-07, 1, -5.21540641784668e-08, 6.705523247774181e-08, 1.266598843585598e-07, -0.06845363229513168, -0.997654378414154, 1.3783575525394554e-07, 0.9976543188095093, -0.06845366954803467),
            ["LeftHand"] = CFrame.new(2.086162567138672e-07, 2.384185791015625e-07, 1.043081283569336e-07, 0.7583600878715515, 0.6487632393836975, -0.06321585178375244, -0.6517341136932373, 0.7563809156417847, -0.05595145374536514, 0.011515997350215912, 0.08363132923841476, 0.9964302182197571),
            ["RightUpperLeg"] = CFrame.new(0, 1.4857505448162556e-08, 1.5643308870494366e-09, 0.9936450719833374, -0.08292122185230255, -0.0761154443025589, 0.011321419849991798, 0.7464261054992676, -0.6653721332550049, 0.11198800802230835, 0.6602818965911865, 0.7426214218139648),
            ["LeftUpperLeg"] = CFrame.new(0, 2.4141627363860607e-08, 9.313225746154785e-10, 0.9514952301979065, 0.2561670243740082, 0.17039760947227478, -0.018636344000697136, 0.6008155345916748, -0.7991703748703003, -0.3070986568927765, 0.7572312951087952, 0.5764471292495728),
            ["RightLowerLeg"] = CFrame.new(-1.0058283805847168e-07, -0.0000037550926208496094, -0.000013446602679323405, 1, -2.533197118737007e-07, -2.430753056614776e-07, 2.3562458295600663e-07, 0.0008027659496292472, 0.9999997615814209, -2.374872281052376e-07, -0.9999997019767761, 0.0008029112941585481),
            ["RightFoot"] = CFrame.new(3.725290298461914e-09, 2.384185791015625e-07, 6.129994289949536e-08, 0.9987074136734009, -0.029593849554657936, -0.04132438451051712, 0.038038112223148346, 0.9744259715080261, 0.2214663326740265, 0.033713534474372864, -0.22275212407112122, 0.9742920398712158),
            ["LeftLowerLeg"] = CFrame.new(4.470348358154297e-08, 0.0000036954879760742188, 0.000013276934623718262, 1, 7.078052988163108e-08, 7.450580596923828e-08, -9.872019290924072e-08, -0.03820139169692993, 0.9992701411247253, 8.940696716308594e-08, -0.9992700815200806, -0.03820141777396202),
        }},
        {Time = 0.200, Data = {
            ["LeftFoot"] = CFrame.new(-4.330649971961975e-08, -5.960464477539063e-08, 2.7939677238464355e-09, 0.9982624650001526, -0.014313925057649612, -0.057159069925546646, 0.042517926543951035, 0.846582293510437, 0.5305570363998413, 0.04079556092619896, -0.5320655107498169, 0.8457198143005371),
            ["LeftLowerArm"] = CFrame.new(2.384185791015625e-07, -1.1920928955078125e-07, -2.9802322387695312e-08, 1, -1.4528630742915993e-07, 1.1920927533992653e-07, 1.1920928955078125e-07, -0.10424475371837616, -0.9945517182350159, 1.7136335372924805e-07, 0.9945517182350159, -0.10424472391605377),
            ["LowerTorso"] = CFrame.new(1.0389195140197843e-18, 0.26525235176086426, 0.0046788775362074375, 1, -1.4324900435595295e-17, -4.6255738228691e-19, 1.4324900435595295e-17, 0.9979168176651001, 0.06451361626386642, -4.6255738228691e-19, -0.06451361626386642, 0.9979168176651001),
            ["Head"] = CFrame.new(1.2666203129718236e-24, 0, 0, 1, -1.8295564244835615e-18, 2.4641919311059364e-18, 1.589235744516107e-19, 0.8326882719993591, 0.5537420511245728, -3.0650058836373963e-18, -0.5537420511245728, 0.8326882719993591),
            ["RightUpperArm"] = CFrame.new(0, -0.02119755744934082, -2.9802322387695312e-08, 0.349240779876709, -0.9337042570114136, 0.07891365885734558, 0.7764500975608826, 0.24121743440628052, -0.5821850895881653, 0.5245533585548401, 0.26459529995918274, 0.8092176914215088),
            ["UpperTorso"] = CFrame.new(3.2497535198250296e-24, 1.4901161193847656e-07, 0, 1, -6.859425602634099e-20, 3.925806941994912e-19, 7.321220505341994e-21, 0.9880719780921936, 0.15399299561977386, -3.984611211741307e-19, -0.15399299561977386, 0.9880719780921936),
            ["HumanoidRootPart"] = CFrame.new(0, 0, 0, 1, 0, 0, 0, 1, 0, 0, 0, 1),
            ["RightHand"] = CFrame.new(-5.960464477539063e-08, -5.960464477539063e-08, -5.960464477539063e-08, 0.8607979416847229, -0.5067600607872009, -0.047129109501838684, 0.5032902359962463, 0.861341118812561, -0.06921462714672089, 0.07566943764686584, 0.035860199481248856, 0.9964879155158997),
            ["LeftUpperArm"] = CFrame.new(0, -0.02119755744934082, -2.9802322387695312e-08, 0.2949424684047699, 0.9501833915710449, -0.10079924017190933, -0.718364953994751, 0.15094375610351562, -0.6790933609008789, -0.6300482749938965, 0.2727040648460388, 0.7270981669425964),
            ["RightLowerArm"] = CFrame.new(5.960464477539063e-08, 5.960464477539063e-08, -1.341104507446289e-07, 1, -1.0058282384761696e-07, 1.341104365337742e-07, 1.043081283569336e-07, -0.10424476116895676, -0.9945517182350159, 1.0989606380462646e-07, 0.9945516586303711, -0.10424476861953735),
            ["LeftHand"] = CFrame.new(5.960464477539063e-08, -1.1920928955078125e-07, 5.960464477539063e-08, 0.7236430048942566, 0.6868664026260376, -0.06749311089515686, -0.6901095509529114, 0.7214484214782715, -0.05710625648498535, 0.009468461386859417, 0.08790217339992523, 0.9960841536521912),
            ["RightUpperLeg"] = CFrame.new(0, -1.280568540096283e-08, 1.673470251262188e-10, 0.9928931593894958, -0.090364009141922, -0.07744348794221878, 0.00856869574636221, 0.7033289670944214, -0.710813045501709, 0.11870013922452927, 0.7050976753234863, 0.6991047263145447),
            ["LeftUpperLeg"] = CFrame.new(0, -1.3504177331924438e-08, 2.7939677238464355e-09, 0.9498867392539978, 0.2651118338108063, 0.16562268137931824, -0.01030255388468504, 0.5560961365699768, -0.831054151058197, -0.3124243915081024, 0.7877010703086853, 0.5309597253799438),
            ["RightLowerLeg"] = CFrame.new(5.587935447692871e-08, -0.0000036954879760742188, -0.000013100150681566447, 1, -2.402811674073746e-07, -2.589077325865219e-07, 2.393499300978874e-07, -0.060834694653749466, 0.9981478452682495, -2.6449563961250533e-07, -0.9981478452682495, -0.06083476170897484),
            ["RightFoot"] = CFrame.new(4.6566128730773926e-08, 4.172325134277344e-07, 1.507069100625813e-07, 0.9990267157554626, -0.023654388263821602, -0.03723131865262985, 0.032206833362579346, 0.9678999185562134, 0.24926403164863586, 0.0301399864256382, -0.25022071599960327, 0.9677196741104126),
            ["LeftLowerLeg"] = CFrame.new(-7.078051567077637e-08, 0.000003874301910400391, 0.00001329183578491211, 1, 9.49948883999241e-08, 7.823108916227284e-08, -8.940695295223122e-08, -0.08869405835866928, 0.9960588812828064, 8.940695295223122e-08, -0.9960588812828064, -0.08869410306215286),
        }},
        {Time = 0.250, Data = {
            ["LeftFoot"] = CFrame.new(-4.225876182317734e-08, -5.960464477539063e-08, 1.157168298959732e-07, 0.998047411441803, -0.013122164644300938, -0.06106678396463394, 0.04513911157846451, 0.8272867798805237, 0.5599635243415833, 0.043171871453523636, -0.561626672744751, 0.8262637257575989),
            ["LeftLowerArm"] = CFrame.new(-2.384185791015625e-07, 0, 0, 1, -1.0430811414607888e-07, 1.1920927533992653e-07, 9.685754776000977e-08, -0.10424475371837616, -0.9945516586303711, 1.4156103134155273e-07, 0.9945516586303711, -0.10424475371837616),
            ["LowerTorso"] = CFrame.new(1.0389195140197843e-18, 0.2787621021270752, 0.02166757732629776, 1, -1.431588251255724e-17, -8.161345977493594e-19, 1.4315880858196016e-17, 0.9935210943222046, 0.11364871263504028, -8.161344943517828e-19, -0.11364871263504028, 0.9935210943222046),
            ["Head"] = CFrame.new(7.651420666115506e-24, 1.1920928955078125e-07, 0, 0.9999889135360718, -0.0014324549119919538, 0.004490290302783251, -0.0013271484058350325, 0.8285723924636841, 0.5598804354667664, -0.004522534552961588, -0.559880256652832, 0.8285611867904663),
            ["RightUpperArm"] = CFrame.new(0, -0.02119767665863037, -5.960464477539063e-08, 0.3630390763282776, -0.9276587963104248, 0.08747434616088867, 0.7673052549362183, 0.24437735974788666, -0.5928933620452881, 0.5286259055137634, 0.28236302733421326, 0.8005159497261047),
            ["UpperTorso"] = CFrame.new(-5.2118840939376314e-24, -2.384185791015625e-07, -2.421438694000244e-08, 1, -6.204206145908043e-20, 3.941263845716231e-19, 1.4047504279802295e-20, 0.9926974177360535, 0.12063160538673401, -3.987320745235301e-19, -0.12063160538673401, 0.9926974177360535),
            ["HumanoidRootPart"] = CFrame.new(0, 0, 0, 1, 0, 0, 0, 1, 0, 0, 0, 1),
            ["RightHand"] = CFrame.new(6.556510925292969e-07, -1.1920928955078125e-07, 5.960464477539063e-08, 0.8080260157585144, -0.5872128009796143, -0.04769987612962723, 0.5829857587814331, 0.8086294531822205, -0.07903235405683517, 0.08498024195432663, 0.036051858216524124, 0.9957302808761597),
            ["LeftUpperArm"] = CFrame.new(0, -0.02119767665863037, -5.960464477539063e-08, 0.34966301918029785, 0.931043803691864, -0.10437127202749252, -0.7256668210029602, 0.1986866295337677, -0.6587345600128174, -0.5925735831260681, 0.3060739040374756, 0.7451009750366211),
            ["RightLowerArm"] = CFrame.new(0, -2.384185791015625e-07, -1.4901161193847656e-07, 1, -1.341104365337742e-07, 9.685753354915505e-08, 9.685754776000977e-08, -0.10424475371837616, -0.9945517182350159, 1.1920928955078125e-07, 0.9945516586303711, -0.10424476116895676),
            ["LeftHand"] = CFrame.new(6.556510925292969e-07, 5.960464477539063e-08, -5.960464477539063e-08, 0.6781522631645203, 0.7315201759338379, -0.07062353938817978, -0.7348183393478394, 0.6765286922454834, -0.048488616943359375, 0.012308474630117416, 0.08477817475795746, 0.9963238835334778),
            ["RightUpperLeg"] = CFrame.new(0, -5.00120222568512e-07, -2.2184394765645266e-08, 0.992136538028717, -0.09549282491207123, -0.08090965449810028, 0.0007430333644151688, 0.6509275436401367, -0.7591395974159241, 0.12515872716903687, 0.753109872341156, 0.6458798050880432),
            ["LeftUpperLeg"] = CFrame.new(0, -3.441236913204193e-07, -1.862645149230957e-09, 0.9507214426994324, 0.262376070022583, 0.16518913209438324, 0.007487473078072071, 0.5132039785385132, -0.8582340478897095, -0.30995580554008484, 0.81717848777771, 0.4859495162963867),
            ["RightLowerLeg"] = CFrame.new(-1.862645149230957e-09, -0.0000037550926208496094, -0.000013271514035295695, 1, -2.626328523547272e-07, -2.3283075734070735e-07, 2.5797635316848755e-07, -0.06522344052791595, 0.9978707432746887, -2.682209014892578e-07, -0.9978707432746887, -0.06522324681282043),
            ["RightFoot"] = CFrame.new(-1.862645149230957e-08, 2.384185791015625e-07, 5.757465260103345e-08, 0.9993169903755188, -0.01938057132065296, -0.031463373452425, 0.026932865381240845, 0.9649527668952942, 0.26103776693344116, 0.025301624089479446, -0.2617070972919464, 0.9648157358169556),
            ["LeftLowerLeg"] = CFrame.new(-1.30385160446167e-07, 0.000003635883331298828, 0.000013582408428192139, 1, 5.960464477539063e-08, 1.0803343286625022e-07, -5.4016702222270396e-08, -0.0850316733121872, 0.9963782429695129, 1.3224779138454323e-07, -0.9963783025741577, -0.08503162860870361),
        }},
        {Time = 0.300, Data = {
            ["LeftFoot"] = CFrame.new(-2.7008354663848877e-08, 0, 1.1175870895385742e-08, 0.9980758428573608, -0.01623794250190258, -0.05984165519475937, 0.04612443223595619, 0.8394242525100708, 0.5415157079696655, 0.04143950715661049, -0.5432340502738953, 0.8385580778121948),
            ["LeftLowerArm"] = CFrame.new(-4.172325134277344e-07, -5.960464477539063e-08, 0, 1, -5.215405707303944e-08, 8.940696716308594e-08, 1.1920927533992653e-07, -0.10424473881721497, -0.9945517182350159, 9.313224325069314e-08, 0.9945517182350159, -0.10424477607011795),
            ["LowerTorso"] = CFrame.new(1.0389195140197843e-18, 0.32869577407836914, 0.03909531235694885, 1, -1.4287750099924313e-17, -1.1852517968859011e-18, 1.4287750099924313e-17, 0.9863307476043701, 0.16477765142917633, -1.1852517968859011e-18, -0.16477765142917633, 0.9863307476043701),
            ["Head"] = CFrame.new(-3.618915179919496e-24, 1.1920928955078125e-07, -2.9802322387695312e-08, 0.9999414682388306, -0.003220102982595563, 0.010328666307032108, -0.0028966120444238186, 0.84014493227005, 0.5423542857170105, -0.010424012318253517, -0.5423523783683777, 0.8400864601135254),
            ["RightUpperArm"] = CFrame.new(0, -0.02119743824005127, 0, 0.353441447019577, -0.9198997616767883, 0.16989301145076752, 0.8001633286476135, 0.20321688055992126, -0.5643062591552734, 0.4845801889896393, 0.3353913128376007, 0.807895302772522),
            ["UpperTorso"] = CFrame.new(2.3199831242698198e-24, 2.9802322387695312e-08, 2.0489096641540527e-08, 1, -5.2394608738434715e-20, 3.9594514794347407e-19, 2.3865685786409243e-20, 0.99742591381073, 0.07170609384775162, -3.986827538795066e-19, -0.07170609384775162, 0.99742591381073),
            ["HumanoidRootPart"] = CFrame.new(0, 0, 0, 1, 0, 0, 0, 1, 0, 0, 0, 1),
            ["RightHand"] = CFrame.new(2.086162567138672e-07, 5.960464477539063e-08, 2.9802322387695312e-08, 0.7483711838722229, -0.661475658416748, -0.048894092440605164, 0.6565987467765808, 0.7492536902427673, -0.0865848958492279, 0.09390783309936523, 0.032693829387426376, 0.9950439929962158),
            ["LeftUpperArm"] = CFrame.new(0, -0.02119743824005127, 0, 0.41788017749786377, 0.9005054831504822, -0.12027589231729507, -0.7354345321655273, 0.25756943225860596, -0.6267328858375549, -0.5333969593048096, 0.35035425424575806, 0.7698959112167358),
            ["RightLowerArm"] = CFrame.new(-2.9802322387695312e-08, -5.960464477539063e-08, -1.4901161193847656e-07, 1, -6.70552182668871e-08, 1.341104365337742e-07, 8.940698137394065e-08, -0.10424477607011795, -0.9945517182350159, 1.005828522693264e-07, 0.9945516586303711, -0.10424475371837616),
            ["LeftHand"] = CFrame.new(1.4901161193847656e-07, 0, -2.980232238769531e-07, 0.6362271308898926, 0.7681519389152527, -0.07181662321090698, -0.771274745464325, 0.6355367302894592, -0.03504927456378937, 0.018718954175710678, 0.07768969982862473, 0.9968018531799316),
            ["RightUpperLeg"] = CFrame.new(0, 7.59027898311615e-08, 1.6931153368204832e-08, 0.9914194345474243, -0.09675003588199615, -0.08790401369333267, -0.008857528679072857, 0.6211948394775391, -0.783606231212616, 0.13041946291923523, 0.7776609659194946, 0.6150074601173401),
            ["LeftUpperLeg"] = CFrame.new(0, 3.585591912269592e-08, 1.4901161193847656e-08, 0.9539601802825928, 0.2466541826725006, 0.17065125703811646, 0.024494709447026253, 0.502994954586029, -0.8639422059059143, -0.2989317774772644, 0.8283463716506958, 0.47379544377326965),
            ["RightLowerLeg"] = CFrame.new(-8.009374141693115e-08, -0.0000036954879760742188, -0.000013498756743501872, 1, -2.561136227541283e-07, -2.3748728494865645e-07, 2.4773177642600785e-07, 0.006674633827060461, 0.9999777674674988, -2.2631135720985185e-07, -0.999977707862854, 0.006674794480204582),
            ["RightFoot"] = CFrame.new(3.632158041000366e-08, 4.76837158203125e-07, -4.6733475755900145e-08, 0.9995846152305603, -0.015814196318387985, -0.024095453321933746, 0.021618567407131195, 0.9642932415008545, 0.26395300030708313, 0.019060850143432617, -0.2643642723560333, 0.9642345905303955),
            ["LeftLowerLeg"] = CFrame.new(5.960464477539063e-08, 0.000003933906555175781, 0.000013172626495361328, 1, 7.823106784599076e-08, 5.4016709327697754e-08, -9.126962652317161e-08, -0.013907275162637234, 0.9999033212661743, 9.872020712009544e-08, -0.9999033212661743, -0.013907276093959808),
        }},
        {Time = 0.350, Data = {
            ["LeftFoot"] = CFrame.new(3.725290298461914e-08, 0, 6.146728992462158e-08, 0.9982607364654541, -0.022600946947932243, -0.05445052683353424, 0.0465339794754982, 0.8691436648368835, 0.4923657178878784, 0.03619743511080742, -0.49404311180114746, 0.8686836957931519),
            ["LeftLowerArm"] = CFrame.new(-1.4901161193847656e-07, 1.1920928955078125e-07, -5.960464477539063e-08, 1, -9.685753354915505e-08, 1.0430811414607888e-07, 1.043081283569336e-07, -0.10424475371837616, -0.9945516586303711, 1.2293457984924316e-07, 0.9945516586303711, -0.10424478352069855),
            ["LowerTorso"] = CFrame.new(5.789927211771578e-18, 0.4348618984222412, 0.04682502895593643, 1, -1.4154440018044042e-17, -2.251359393471808e-18, 1.432490208995652e-17, 0.9820014834403992, 0.1888733059167862, -4.625575373832748e-19, -0.1888733059167862, 0.9820014834403992),
            ["Head"] = CFrame.new(9.383330073648408e-24, 2.384185791015625e-07, 0, 0.9998522400856018, -0.004887101240456104, 0.016480302438139915, -0.0038972985930740833, 0.8693187236785889, 0.49423670768737793, -0.01674201898276806, -0.4942278563976288, 0.869171142578125),
            ["RightUpperArm"] = CFrame.new(0, -0.021197199821472168, -5.960464477539063e-08, 0.3219064772129059, -0.8976988792419434, 0.3008537292480469, 0.8467447757720947, 0.13081537187099457, -0.5156653523445129, 0.423555850982666, 0.42074236273765564, 0.8022320866584778),
            ["UpperTorso"] = CFrame.new(-1.5953922947189743e-24, -2.086162567138672e-07, -1.4901161193847656e-08, 1, -4.071708677352195e-20, 3.975105872527307e-19, 3.5625777178560993e-20, 0.9999181032180786, 0.012804165482521057, -3.979988306092901e-19, -0.012804165482521057, 0.9999181032180786),
            ["HumanoidRootPart"] = CFrame.new(0, 0, 0, 1, 0, 0, 0, 1, 0, 0, 0, 1),
            ["RightHand"] = CFrame.new(-8.940696716308594e-08, 0, -1.7881393432617188e-07, 0.7051351070404053, -0.7073061466217041, -0.050026554614305496, 0.7016547918319702, 0.7061979174613953, -0.09468386322259903, 0.10229911655187607, 0.03166351839900017, 0.9942495822906494),
            ["LeftUpperArm"] = CFrame.new(0, -0.021197199821472168, -5.960464477539063e-08, 0.4554368555545807, 0.879875898361206, -0.13563089072704315, -0.7415916323661804, 0.2906588613986969, -0.6046149730682373, -0.4925638437271118, 0.37594670057296753, 0.7848852872848511),
            ["RightLowerArm"] = CFrame.new(-1.1920928955078125e-07, -2.384185791015625e-07, 1.1920928955078125e-07, 1, -1.0430811414607888e-07, 7.450579886381092e-08, 8.195639367158947e-08, -0.10424474626779556, -0.9945517182350159, 1.1175872316471214e-07, 0.9945517182350159, -0.10424473881721497),
            ["LeftHand"] = CFrame.new(-8.940696716308594e-08, -1.1920928955078125e-07, 0, 0.6173616647720337, 0.7834113836288452, -0.0716322809457779, -0.7862481474876404, 0.6174752116203308, -0.023206546902656555, 0.026050958782434464, 0.07064758986234665, 0.9971611499786377),
            ["RightUpperLeg"] = CFrame.new(0, 8.847564458847046e-08, 3.55576048605144e-08, 0.990813672542572, -0.09137306362390518, -0.09969573467969894, -0.014804012142121792, 0.6594924926757812, -0.7515654563903809, 0.1344214379787445, 0.746137261390686, 0.6520814299583435),
            ["LeftUpperLeg"] = CFrame.new(0, -1.043081283569336e-07, 3.3527612686157227e-08, 0.9589634537696838, 0.21701450645923615, 0.18246597051620483, 0.029361790046095848, 0.5640802383422852, -0.8251978158950806, -0.28200533986091614, 0.7966920137405396, 0.5345604419708252),
            ["RightLowerLeg"] = CFrame.new(-7.82310962677002e-08, -0.000003874301910400391, -0.00001333856926066801, 1, -2.5890767574310303e-07, -2.007000858839092e-07, 2.4959444999694824e-07, 0.1824299395084381, 0.9832188487052917, -1.885928213596344e-07, -0.9832189083099365, 0.18243029713630676),
            ["RightFoot"] = CFrame.new(1.6763806343078613e-08, 4.76837158203125e-07, 9.145878721028566e-09, 0.9998193979263306, -0.01152493990957737, -0.015111924149096012, 0.015199974179267883, 0.9622315764427185, 0.27180755138397217, 0.011408579535782337, -0.27198806405067444, 0.9622330069541931),
            ["LeftLowerLeg"] = CFrame.new(-1.4901161193847656e-08, 0.0000040531158447265625, 0.00001325458288192749, 1, 7.63684582238966e-08, 6.612390990312633e-08, -9.126962652317161e-08, 0.1450982242822647, 0.989417314529419, 9.126962652317161e-08, -0.989417314529419, 0.1450982689857483),
        }},
        {Time = 0.400, Data = {
            ["LeftFoot"] = CFrame.new(-5.681067705154419e-08, 0, 4.470348358154297e-08, 0.9986213445663452, -0.028749065473675728, -0.043919485062360764, 0.04508131742477417, 0.8983281254768372, 0.4370062053203583, 0.02689060941338539, -0.4383835792541504, 0.8983857035636902),
            ["LeftLowerArm"] = CFrame.new(-2.384185791015625e-07, 1.1920928955078125e-07, -1.564621925354004e-07, 1, -9.685756907629184e-08, 6.152551179638976e-08, 9.685756197086448e-08, 0.27658289670944214, -0.9609901309013367, 9.499491682163352e-08, 0.9609901309013367, 0.27658286690711975),
            ["LowerTorso"] = CFrame.new(5.789927211771578e-18, 0.6067407131195068, 0.03807947039604187, 1, -1.4182914883450567e-17, -2.092582695277714e-18, 1.4333286392645357e-17, 0.9860021471977234, 0.16673272848129272, -3.014655348052505e-19, -0.16673272848129272, 0.9860021471977234),
            ["Head"] = CFrame.new(2.223047896236262e-24, 0, 1.4901161193847656e-08, 0.9997398853302002, -0.005678889341652393, 0.022088563069701195, -0.0022309813648462296, 0.9395081996917725, 0.3425195515155792, -0.022697510197758675, -0.3424796760082245, 0.9392510652542114),
            ["RightUpperArm"] = CFrame.new(0, -0.02119767665863037, 0, 0.46716707944869995, -0.8337793946266174, 0.29422250390052795, 0.7596576809883118, 0.20823416113853455, -0.6160835027694702, 0.45241057872772217, 0.5113222002983093, 0.730666995048523),
            ["UpperTorso"] = CFrame.new(-1.4806856082125974e-24, -1.7881393432617188e-07, -2.0489096641540527e-08, 1, -2.8167567808961975e-20, 3.9846972902238006e-19, 4.8130951507469883e-20, 0.9987397789955139, -0.05018956959247589, -3.965539528743131e-19, 0.05018956959247589, 0.9987397789955139),
            ["HumanoidRootPart"] = CFrame.new(0, 0, 0, 1, 0, 0, 0, 1, 0, 0, 0, 1),
            ["RightHand"] = CFrame.new(-2.980232238769531e-07, 2.384185791015625e-07, 2.9802322387695312e-08, 0.7036395072937012, -0.7087493538856506, -0.050653278827667236, 0.7018582820892334, 0.7043775320053101, -0.10605302453041077, 0.11084409058094025, 0.03907160460948944, 0.9930694699287415),
            ["LeftUpperArm"] = CFrame.new(0, -0.02119767665863037, 0, 0.47099611163139343, 0.8809566497802734, -0.04558555781841278, -0.7421401143074036, 0.36778467893600464, -0.5603235960006714, -0.47685518860816956, 0.2977410554885864, 0.8270184993743896),
            ["RightLowerArm"] = CFrame.new(-5.960464477539063e-08, -1.7881393432617188e-07, -2.9802322387695312e-08, 1, -7.636845111846924e-08, 6.705522537231445e-08, 1.0430811414607888e-07, 0.2765810191631317, -0.9609906673431396, 8.940695295223122e-08, 0.9609906077384949, 0.2765809893608093),
            ["LeftHand"] = CFrame.new(5.960464477539062e-07, 2.384185791015625e-07, -3.1013041734695435e-07, 0.6402363181114197, 0.7648528814315796, -0.07139764726161957, -0.7675376534461975, 0.6407277584075928, -0.01881023682653904, 0.03135942295193672, 0.0668434202671051, 0.9972705245018005),
            ["RightUpperLeg"] = CFrame.new(0, -2.2351741790771484e-08, 4.6733475755900145e-08, 0.9904358983039856, -0.07475338131189346, -0.11596807092428207, -0.012945981696248055, 0.786452054977417, -0.6175158023834229, 0.1373647302389145, 0.6131110191345215, 0.7779625058174133),
            ["LeftUpperLeg"] = CFrame.new(0, -9.778887033462524e-09, 2.9802322387695312e-08, 0.9646965861320496, 0.17301926016807556, 0.19855687022209167, 0.018029848113656044, 0.7087697982788086, -0.7052093744277954, -0.2627459168434143, 0.683893084526062, 0.6806283593177795),
            ["RightLowerLeg"] = CFrame.new(-5.960464477539063e-08, -0.0000034570693969726562, -0.000013312492228578776, 1, -2.253800630569458e-07, -1.266598843585598e-07, 2.0861628513557662e-07, 0.4840295612812042, 0.8750515580177307, -1.350417875300991e-07, -0.875051736831665, 0.4840298593044281),
            ["RightFoot"] = CFrame.new(-8.288770914077759e-08, 5.364418029785156e-07, 2.1403684513643384e-07, 0.9999710321426392, -0.005238199140876532, -0.005524075124412775, 0.006690346635878086, 0.9509116411209106, 0.30939027667045593, 0.0036322581581771374, -0.30941838026046753, 0.9509192109107971),
